{
	"dissimilarities": [[0.0, 9.829366062207574, 15.892580576156755, 24.58072150577757, 18.426173658143785, 11.219368324932782, 6.393379240712379, 41.29932622622273, 46.209929302770696, 56.74367133887075, 64.2643168950059, 70.50053758744038, 64.93566672944857, 56.26454597516536, 47.823234248810486, 18.358996845071488, 19.917075175797624, 22.618947928385726, 26.8677557279176, 33.04092913622613, 30.01759065192178, 24.296953399751047, 17.97235270563078, 11.446069000577664, 11.588618715359347, 44.69602769401434, 53.69921970841834, 61.19917206389072, 69.75656612969328, 74.85562574345892, 72.61013567942155, 68.20408251702953, 59.75458317921134, 52.10379106769009, 46.157650825583886, 18.89643180335266, 24.675024305431048, 34.03696061033648, 36.22424970093191, 47.96119338143492, 53.29448072479857, 57.71768811040683, 59.16232547459977, 54.729716063337335, 46.1263745681099, 36.43588820806087, 33.90009361307524, 65.63339288534391, 61.14904293655307, 61.65180046207161, 65.9606107512145, 67.35252744198442, 72.23990939325424, 80.72352312333346, 80.10374203515502, 79.54797858755083, 77.1600038178609, 72.98107129685349, 69.32667911300403, 65.71006614787099, 65.61801998110137, 68.42154038459586, 71.35246363259431, 77.92131336259227, 72.10438756183223, 69.16121335117973, 66.46261782115533, 58.652865093318766, 57.42001157668677, 67.00022505511612, 72.05674957470305, 82.00463430737076, 93.97108800369958, 96.17105533490506, 104.13418497287067, 108.25199920121986, 114.17136468849878, 106.0530562076521, 100.50956230376448, 98.6631351256116, 91.7718163465875, 92.34972687183988], [9.829366062207574, 0.0, 8.014473661785967, 19.52769707953516, 14.991952186902342, 11.824190967011528, 13.974215298273245, 50.33797290887436, 54.89296552875971, 65.00070550118373, 72.92043434866797, 79.59585899100067, 74.04355070008319, 65.26560875012471, 56.88581503164425, 18.50134510652204, 14.961790915899476, 14.589325649729153, 18.067197742947105, 24.98761778532681, 21.52402819695662, 14.965788685674534, 8.873778208882616, 6.94601624667874, 14.72844321842146, 51.24438372248532, 60.53445852925904, 68.15805139207919, 77.13909807099559, 82.70816965182966, 80.6560815230151, 75.97549823401842, 67.27150560891369, 59.747057845687216, 53.56708464288779, 24.86594969502018, 30.604379965780865, 39.14423126721805, 41.46743795668116, 53.489188612954564, 58.73666191370765, 64.09364010188565, 66.92838012528307, 63.15696324640944, 52.85466663195895, 44.414656932744954, 41.54015145496282, 69.86024091771077, 65.98890655858382, 67.13823381204551, 72.04996904394673, 74.00277269858492, 79.63140185861255, 88.91977126500228, 87.5609711479553, 86.42583727332749, 83.37366918776512, 78.40420900680797, 74.28645933252052, 70.37223683875399, 71.14149471756448, 74.57052648848786, 78.20766850732977, 85.77201874621946, 78.98222260001133, 75.34644454949154, 72.01179661584811, 53.23383220120119, 54.43581232811322, 66.35590699911629, 72.98203224431619, 83.95375357077857, 97.14426124199116, 100.45019234633457, 110.26366297479284, 116.60649540359005, 123.29355359845574, 115.61922615055006, 110.27890005667967, 108.43952333139025, 100.93426882025464, 100.10149774761763], [15.892580576156755, 8.014473661785967, 0.0, 12.120861614768934, 9.777695611182576, 12.029072359523905, 17.920797120322828, 57.18548361721043, 62.01949045755804, 72.37834527262486, 80.04308632982207, 86.34600321850122, 80.82698677940486, 72.13709167376804, 63.70219187039689, 26.19191635595391, 20.877295456937738, 16.942389499732972, 16.418158402674706, 20.37925723647135, 16.44484764902311, 12.462720868755143, 11.197904634621652, 14.459074344109514, 22.69409317300046, 59.142746264302154, 68.3719127824084, 75.91056015042855, 84.64486226270243, 89.98974655768949, 87.98754753816327, 83.48553605695572, 74.93262685137806, 67.38294572058822, 61.27688940425653, 32.39931959333222, 36.6395531475361, 43.584270859257636, 43.75133023958414, 55.714968120862906, 61.83991546966239, 67.90781151582016, 71.14063217423842, 68.2299894894366, 58.70661576163371, 51.20747564214672, 49.04902520197839, 69.01393192860607, 66.69816814366264, 69.13715389022725, 74.59366272634985, 77.08067816643378, 82.92237105908019, 92.27483453464656, 90.31808900557515, 88.735265028813, 84.92112396318934, 79.25273042966067, 74.37154539929406, 70.01854421026961, 72.48755313709631, 76.72237581508985, 80.98447181193673, 88.87820215268545, 81.6848587454038, 77.42225948431759, 73.29081087323682, 48.29264177506719, 48.06039172413066, 60.15138609483813, 67.53946488113161, 79.15687754706302, 93.4411107066437, 98.06600945330496, 110.78255555105301, 118.807227992624, 126.04345928527238, 119.16191143309148, 114.4449250289868, 113.41481271831532, 106.7515162819665, 106.61337149056429], [24.58072150577757, 19.52769707953516, 12.120861614768934, 0.0, 9.76332425124824, 17.44160002391905, 24.377357714412444, 64.6405379490837, 69.8902380793781, 80.67664883999784, 87.6454101076312, 93.08243426631695, 87.81498551190562, 79.47557404762952, 71.02747176203741, 37.99982105896054, 32.5456445141516, 27.063215742627722, 23.01311781535151, 20.6747160420986, 17.596078163985236, 19.746532638985965, 22.37424315227995, 26.281222215207514, 33.7868863090823, 69.132465206848, 78.02528909653816, 85.23427373187378, 93.2032512424998, 97.89536382422017, 95.99291971650287, 91.99651861797827, 83.94809316228036, 76.41043461199206, 70.60161775198326, 42.66841277427631, 45.49530683536561, 50.74677077065599, 47.52986409912687, 58.91231531876982, 66.48539000187174, 72.98589318130948, 75.81090692562601, 73.80559144241839, 66.66837201221428, 59.657246014453875, 58.35967248982312, 67.0686137344963, 67.44157848840737, 71.74881964130482, 77.64886055998636, 80.61395740722212, 86.17615552242239, 94.85035918958505, 92.47548189591556, 90.57644921392117, 85.92169077582322, 79.62748199504672, 73.66629933973036, 68.71480926813676, 73.81771856835806, 78.99940157475253, 83.77955593679428, 91.3446591850252, 84.32004117035282, 79.52212106930264, 74.46197292268731, 42.466527950326736, 37.129735092366786, 48.43642475572768, 56.7948164535646, 69.39635034152377, 85.49582430222137, 92.29994835560697, 109.61579409455882, 118.77065002065805, 126.1170077433529, 120.21932991940831, 116.3009670873883, 116.50562956177356, 111.32972626118845, 112.86818055785444], [18.426173658143785, 14.991952186902342, 9.777695611182576, 9.76332425124824, 0.0, 8.682732307132643, 16.861066132843316, 57.826097655890955, 63.35357293819478, 74.27168041601725, 81.37806339326997, 86.84250953168103, 81.04092544022167, 72.4766800911905, 64.08177035074951, 32.716196684554774, 29.518293401606233, 26.65331172169532, 25.699545247545007, 27.243869349573252, 23.42716850776922, 21.677854983381405, 20.67658045545757, 21.731450651919694, 27.647807637093052, 62.75303915103297, 71.88775030578694, 79.4931860517279, 87.93787484742238, 92.72663985058647, 90.38624372659011, 86.17324825117203, 77.78417497447532, 70.01446335326102, 64.10124797259972, 35.11737352803415, 36.412537587723065, 41.039298046176924, 38.122821033397685, 49.702732310736565, 56.93591392387454, 63.45674553061171, 66.71596184168581, 64.94622388772959, 57.29329498499489, 51.28116503281383, 51.00355403606048, 60.225755363230945, 59.15140366347388, 62.74854352315302, 68.561802327249, 71.46722640262206, 77.29197946515212, 86.52790296587162, 84.0039113687475, 82.07100716332126, 77.65908244330149, 71.5690815706964, 66.13241100993305, 61.498254427447336, 65.31632333999511, 70.18832005644673, 74.90610901748597, 82.90285014441733, 75.5077429611521, 70.78347880419939, 66.03286287522513, 51.78702530046948, 45.77534444117131, 53.56333929610615, 59.3163452083775, 70.14028994546835, 83.82073596093582, 88.45019500355315, 102.51087505419747, 111.86486319701609, 119.96788574490007, 114.26348656660998, 110.72139636387136, 111.14773739033511, 106.89393502808687, 109.33640841756005], [11.219368324932782, 11.824190967011528, 12.029072359523905, 17.44160002391905, 8.682732307132643, 0.0, 8.587389434664821, 49.4041112771514, 54.95923265755556, 65.8741417356371, 73.05931379883835, 78.6447393511283, 72.6778204150212, 64.0164495323839, 55.63902943544753, 26.77531050345639, 26.189794929740042, 26.136682580588072, 27.88928928423903, 31.93327757290047, 28.207552424639058, 24.121659829833288, 20.030490109601537, 17.35640937434007, 20.692790960494143, 54.53812010052817, 63.668458582779124, 71.37304084345273, 79.95467703663759, 84.7757019290291, 82.25470362931176, 77.95607790727053, 69.47062357925637, 61.63715076179515, 55.72855797045793, 26.903932717099284, 28.22496842523357, 33.9260196208448, 32.51575500983349, 44.42315843556925, 51.05366662390725, 56.90270974581532, 59.66139601496779, 57.17975692289405, 49.25696772865907, 42.63030695125157, 42.43032802731737, 58.4943870841862, 55.63557929673611, 57.90724957393824, 63.186190481670316, 65.55914137167024, 71.14811025418145, 80.32694672023365, 78.38297162011642, 76.91504402257041, 73.28243896197321, 67.94883733692171, 63.324888405194926, 59.16690093067722, 61.12151116518841, 65.17633921097656, 69.26443647692228, 76.92111803308916, 69.93505748397567, 65.8426635023063, 61.90783126285445, 57.45159226953722, 52.387935819574786, 59.44183007897069, 63.90002680048731, 73.66671035152443, 85.74447236743757, 88.6399309198858, 99.32252624896265, 106.90142255580571, 114.5833199003169, 108.21604722069341, 104.25165950419547, 104.16716175764596, 99.70076453895456, 102.2362213102254], [6.393379240712379, 13.974215298273245, 17.920797120322828, 24.377357714412444, 16.861066132843316, 8.587389434664821, 0.0, 40.97626099712727, 46.51013460294711, 57.48191381368259, 64.55414177184359, 70.13647041894797, 64.28888538857682, 55.68162295644872, 47.26734220313764, 23.557145198167223, 25.784605753457893, 28.07561847826133, 31.508552582498435, 36.60031115785467, 33.344274860071764, 28.442836335489922, 22.78232838471156, 16.972412596072044, 16.334138755273294, 46.919214051053125, 55.77989318448622, 63.31546051617089, 71.64775281635698, 76.31162529098135, 73.77211895546044, 69.58175101616293, 61.26566904973775, 53.46272312124639, 47.70962526079098, 20.689107162794194, 23.257595371926758, 30.880329938400738, 31.005762935825995, 42.69584908491115, 48.77406387270479, 53.43936753589236, 54.830490762463924, 51.132615762741274, 43.90152612570907, 35.415961499774944, 34.707468974773214, 59.40468185704696, 55.31943183084952, 56.33457796597866, 60.814470926981585, 62.4150670600859, 67.28754748614698, 75.75298078882044, 74.80998189045398, 74.08252293502638, 71.41212424247493, 67.08013808870558, 63.21524276220539, 59.51218844464342, 59.91164013441853, 63.00601316459922, 66.15915494780992, 72.797262785114, 66.85873106066985, 63.69052282426525, 60.71534467805349, 61.25816444047185, 56.92679609897362, 63.87267033437968, 67.6538821148395, 76.8256518031318, 88.01832035954084, 89.84414668304424, 98.02514786163532, 102.80848964468163, 109.34077636578307, 101.96472815361867, 97.22938012449868, 96.4119131699105, 91.34512746445772, 93.89857705631914], [41.29932622622273, 50.33797290887436, 57.18548361721043, 64.6405379490837, 57.826097655890955, 49.4041112771514, 40.97626099712727, 0.0, 6.749524238873359, 17.950186539177917, 23.975666236402297, 29.834494579237003, 23.712727209238057, 15.038802853085683, 6.646723780412798, 41.866164494881474, 51.219682016746, 58.61128529527315, 65.20065634648275, 72.29115904283763, 70.07110325471668, 63.82053025329327, 56.389312673160866, 47.63715864711377, 38.488105480738824, 20.50639454865901, 23.53632917332992, 28.917362211580798, 35.284769211053565, 38.58606301777689, 34.874066545184164, 31.24492040956021, 24.37026294907121, 17.51269156968928, 15.545145944788553, 29.737950804604726, 31.94908563478595, 39.25603463180083, 45.63999620927725, 50.40645821922014, 50.88175169223099, 48.072370530096194, 42.1439524885963, 31.92316787926699, 31.607081372449134, 17.007667003602407, 14.625729359940307, 74.13152312263757, 65.08540389495074, 59.82308467971896, 59.310109451866616, 56.62256520924287, 56.98294843029874, 60.71835075729885, 65.15294940555358, 68.22595099539305, 70.93778964527334, 72.05312655813115, 72.67582174241292, 71.86614359304478, 64.63770071210566, 62.29998793831688, 60.09177769468374, 60.65784777398411, 60.87391150030943, 63.00775558939008, 65.40182050668018, 93.63263845092898, 91.31830870115833, 96.16736659427148, 96.5835765262846, 102.07574338317994, 107.59844502494181, 103.67152056581969, 97.53990479527894, 88.99992236881054, 89.98482218139951, 77.76695588287828, 69.22279072322276, 63.78777483202757, 56.092799265638554, 59.838152737578135], [46.209929302770696, 54.89296552875971, 62.01949045755804, 69.8902380793781, 63.35357293819478, 54.95923265755556, 46.51013460294711, 6.749524238873359, 0.0, 11.406992585439646, 18.27123111686867, 25.478346081122556, 20.05437197395341, 12.003678720104142, 6.437855947120438, 44.849998564726405, 54.281388020063915, 61.96695379309866, 68.82201477977739, 76.18823036174801, 74.17490671227286, 67.77282539497614, 60.31656380411906, 51.6343193299112, 42.38299752262179, 17.52915176889592, 18.03721738868737, 22.472051545093386, 28.597453504696478, 32.152984368677046, 28.42648892140959, 24.54992999498278, 17.786233244628555, 11.509985194024404, 11.512501820140182, 33.808079922676825, 37.05728153545267, 44.687783655455874, 51.95707324685459, 56.463754218449175, 56.241594493125284, 52.892272146652296, 46.73879274591693, 36.15233338304584, 35.47966605822256, 21.437378645260644, 17.237800615752434, 80.58800275564514, 71.2165860995729, 65.45265878609801, 64.53158879727023, 61.48139121274411, 61.45326350221363, 64.58482400895228, 69.62387356298721, 73.05508859383391, 76.29882021050514, 77.84909236365036, 78.83379590488158, 78.21963089843968, 70.44864902529176, 67.65542491720507, 64.97387786711899, 64.93193059882913, 65.77075955696034, 68.37904433223281, 71.217673003082, 97.16949183330841, 96.23457180848983, 102.01075835027079, 102.79257770840805, 108.45040174049288, 114.02512278174272, 109.94521779011113, 102.68227393534342, 92.5398314349706, 92.39247971169267, 79.2174305344349, 69.63133602594233, 62.597084676438364, 52.599145116570426, 54.41077981702121], [56.74367133887075, 65.00070550118373, 72.37834527262486, 80.67664883999784, 74.27168041601725, 65.8741417356371, 57.48191381368259, 17.950186539177917, 11.406992585439646, 0.0, 9.528396349753985, 19.086785688618136, 15.462167281229462, 11.740817673835412, 14.261411220468647, 53.230737257516225, 62.747528017784845, 70.79162012270909, 77.97370187917683, 85.69461821927842, 83.86815872257263, 77.24832151141239, 69.74149591111953, 61.163102190490356, 51.835892391833575, 19.564386536614226, 13.927076312471364, 14.30805039287425, 18.831174939311193, 22.399505120454005, 18.050189572369515, 13.659218863760112, 8.377706449818172, 7.988904765675078, 13.760270411927085, 43.23071914651825, 46.67016202000639, 53.851041259830566, 62.05566139601428, 65.62348531212679, 64.18047355798238, 59.76560254046926, 53.1243293308296, 42.322245740590795, 42.02074000166852, 30.165241924686136, 25.86940988928429, 90.26684443789964, 80.22520226268024, 73.5131396701561, 71.75802147836323, 68.04541214583048, 67.24434415177299, 69.28704440014694, 75.28187580464393, 79.3231964567521, 83.55645628640748, 85.99746097620121, 87.76884658791347, 87.6324025980688, 78.72742171920682, 75.041291076472, 71.4689370991994, 70.32083881814734, 72.27491856301718, 75.77507525196123, 79.48854039540448, 106.30075936832957, 106.71065748099294, 113.04126204001487, 113.82407795979492, 119.24349279501953, 124.20163639728834, 119.33920333934122, 109.35299826807477, 96.58782467348377, 94.85865747548665, 80.47942517807688, 69.66430761326656, 60.38973907426418, 47.71814709761674, 47.105776929700426], [64.2643168950059, 72.92043434866797, 80.04308632982207, 87.6454101076312, 81.37806339326997, 73.05931379883835, 64.55414177184359, 23.975666236402297, 18.27123111686867, 9.528396349753985, 0.0, 9.935153488135803, 9.557065965611725, 12.589926134526802, 18.73947648359628, 62.147729501207436, 71.49518041876348, 79.254530529698, 86.12267772299646, 93.34655672667441, 91.61521195901477, 85.37542804559676, 78.04999936702258, 69.50125442473121, 60.301729653499486, 29.059127832718257, 22.484851900966618, 19.70710957871154, 18.322041616031466, 18.016431990230867, 13.11904557143842, 12.43706952734739, 14.553196074935709, 17.40468591381215, 23.258663304941432, 51.76219057401402, 54.4497290842123, 60.687785436410586, 67.70193714676722, 70.20035172490476, 68.79293500007964, 63.50531051944194, 55.30462648857201, 44.575342880183854, 47.91340442161152, 37.33207163048945, 34.47011430672143, 93.49722054278963, 83.80350872889333, 76.99980937919695, 74.55364319357768, 70.31601490245824, 68.21149029729442, 68.22828799174347, 75.33993360207727, 80.09883958323898, 85.06054825303026, 88.36404042535763, 90.51009545542728, 90.67785824629881, 81.65198185008778, 77.44144446904811, 73.05197273860058, 70.04129895629654, 73.7433472038763, 78.05369037420049, 82.30620653810865, 112.56824081626081, 111.90453796787011, 117.09937714041561, 117.12951689797718, 121.80054237296937, 125.88502000805498, 120.48506059360933, 109.20436710441173, 93.20725500758401, 89.5105434253302, 74.13674693943167, 62.39721841889661, 51.96017657276576, 39.091261473063796, 41.258777035943346], [70.50053758744038, 79.59585899100067, 86.34600321850122, 93.08243426631695, 86.84250953168103, 78.6447393511283, 70.13647041894797, 29.834494579237003, 25.478346081122556, 19.086785688618136, 9.935153488135803, 0.0, 8.463954887098177, 16.787759749293652, 23.954777205146893, 70.23715858854693, 79.46869859438684, 86.89374512394983, 93.38360773259366, 100.03491604332999, 98.29603482747746, 92.46848659078809, 85.31244413837707, 76.76378231889099, 67.70679399486886, 38.58665812565341, 32.41238323887815, 29.218792987986777, 25.216721554970302, 21.56371023406058, 17.48258124998763, 20.050567213801756, 24.376253002364027, 27.07335321670314, 32.542244351598775, 59.12080688688385, 60.716398330226795, 65.78324161426647, 71.26058195550877, 72.58453219132717, 71.39925248717957, 65.3938379243478, 55.69776353053706, 45.436734964393054, 52.57924153562181, 43.37588221109711, 42.150811756723336, 94.02904191238218, 84.88408777076555, 78.18688373436619, 75.12183825665836, 70.46699293318349, 67.04530361464492, 64.92755038515416, 73.0418861956889, 78.44924550312213, 84.01516468546586, 88.12783993018178, 90.5823241516181, 91.0496273046497, 82.10923931793808, 77.49140071258758, 72.38474760006261, 67.4831149628243, 72.93280580296843, 77.95532960414067, 82.63543213534123, 118.07908558648111, 115.62426782844138, 119.06856605937918, 118.03299071669358, 121.69148182504465, 124.61574024438954, 118.58851119216412, 106.1777390992227, 87.15550422385687, 81.6737799982201, 65.56597765832053, 53.228793375179514, 42.24965550538368, 31.469567387810507, 39.7717498837624], [64.93566672944857, 74.04355070008319, 80.82698677940486, 87.81498551190562, 81.04092544022167, 72.6778204150212, 64.28888538857682, 23.712727209238057, 20.05437197395341, 15.462167281229462, 9.557065965611725, 8.463954887098177, 0.0, 9.235138563268714, 17.26847250979049, 64.66058915906787, 74.24441717469567, 81.88783763422245, 88.5764564982499, 95.54750927320194, 93.51762642618424, 87.38245289863711, 79.97218171346785, 71.22771771946171, 61.95260541741434, 33.84356106141425, 29.136303640494447, 28.209696442371122, 27.775127561193752, 26.551045612160177, 21.63559993434141, 21.597963460101763, 22.328453731992322, 22.987708465901445, 27.6552139347171, 52.71121763465147, 53.302668831642656, 57.77910480707018, 63.573825061070124, 64.70509056891103, 63.178506041847655, 57.20605333683968, 47.93904954835718, 37.50445785922813, 44.169351909533944, 35.674083693532324, 35.62590585787902, 87.04846203709992, 77.34601244966207, 70.35509383654014, 67.378509880867, 62.815739615652284, 59.94544921779635, 59.09863646708812, 66.59816759004677, 71.66850433032883, 77.04122729128348, 80.92019381582118, 83.48396363652571, 84.01684104073972, 74.6140152205868, 69.98854590145596, 65.09766601567624, 61.189632630873064, 65.71931956556736, 70.52241430086806, 75.19553879743592, 115.14389291258097, 112.12591994679798, 115.06492584270815, 113.72342674915463, 117.19849984458553, 119.72474757884007, 113.25830627103015, 100.38627843865474, 83.819655440014, 80.64182913323258, 65.87631260190524, 55.216869993947064, 46.56652630706511, 39.22712724978507, 47.4339441047034], [56.26454597516536, 65.26560875012471, 72.13709167376804, 79.47557404762952, 72.4766800911905, 64.0164495323839, 55.68162295644872, 15.038802853085683, 12.003678720104142, 11.740817673835412, 12.589926134526802, 16.787759749293652, 9.235138563268714, 0.0, 8.466272595387242, 55.784143041707615, 65.49356228844636, 73.23304591731035, 80.04432245325451, 87.26313086361114, 85.08238075030805, 78.73153183979483, 71.18956284430926, 62.371013875397274, 53.00639981576457, 26.60352542728828, 24.130180528447795, 25.95970626173511, 29.1514976000222, 30.370129737942264, 25.530608440793007, 23.215320152873318, 19.79297155982934, 17.276783453853614, 20.376052932945036, 43.55356987418001, 44.16834651053347, 49.18126201386708, 55.60247857067339, 57.664898670755804, 56.37244241440562, 51.21724065280438, 43.1115719338695, 32.30460854818894, 36.460825995479546, 26.62153731894652, 26.538331477792006, 81.1648192236806, 71.24340968515146, 64.4644735600396, 62.201848539896936, 58.17115421683554, 56.55958689815751, 57.791446646927774, 64.11904178319378, 68.46229605451727, 73.01993486026556, 76.00963270551425, 78.11396602747624, 78.30797106739483, 69.16185077168468, 65.12264849876676, 61.072820861514, 59.018840451616846, 61.79628660293805, 65.75907722554282, 69.836635826599, 108.01151159734155, 105.25722110164293, 108.73962013719219, 107.86883405159574, 111.91655117887369, 115.20074830916953, 109.27838589305748, 98.05317095205288, 84.90354184244514, 83.8845306980053, 70.33268453313768, 60.82580899664796, 53.75764473222722, 46.67827557080132, 52.82640644538944], [47.823234248810486, 56.88581503164425, 63.70219187039689, 71.02747176203741, 64.08177035074951, 55.63902943544753, 47.26734220313764, 6.646723780412798, 6.437855947120438, 14.261411220468647, 18.73947648359628, 23.954777205146893, 17.26847250979049, 8.466272595387242, 0.0, 48.076418671734075, 57.61717481713412, 65.15430004588895, 71.82163711780316, 78.93521825892343, 76.71061389440443, 70.43419597331238, 62.95229958105834, 54.15886296272607, 44.90833939978415, 22.75294563319415, 23.303613380544576, 27.349350989491253, 32.52317679349539, 34.96836402738058, 30.739418793075874, 27.596581679325812, 21.886315103377864, 16.43953931440054, 16.832844614928902, 35.73261665187264, 36.8926864000116, 42.92257539267933, 49.22892221183914, 52.62991480319793, 52.30350289756844, 48.34604875608175, 41.258558574600855, 30.56131388765288, 32.64893795056066, 20.251021950277202, 19.509994845550136, 76.29734771475837, 66.82002092045633, 60.83420889871297, 59.49758016820278, 56.17250321753706, 55.62108435184905, 58.26977400870927, 63.55873551273241, 67.21813830720497, 70.77213532231609, 72.7607476367358, 74.07358641067806, 73.737742132481, 65.58879657269938, 62.45169568698568, 59.3838091037311, 58.76385125154031, 60.140419071510436, 63.12562202605902, 66.31109052714622, 99.99911930157003, 97.26183874888072, 101.2761421341902, 100.98117587330971, 105.72205106838179, 110.1225191021627, 105.21967041773462, 96.74791290565088, 86.19598075998806, 86.40454771347342, 73.6632826854421, 64.7950559605026, 58.84779992569655, 51.71290447538725, 56.8150878228619], [18.358996845071488, 18.50134510652204, 26.19191635595391, 37.99982105896054, 32.716196684554774, 26.77531050345639, 23.557145198167223, 41.866164494881474, 44.849998564726405, 53.230737257516225, 62.147729501207436, 70.23715858854693, 64.66058915906787, 55.784143041707615, 48.076418671734075, 0.0, 10.564053016581612, 19.639152888830974, 28.07532886626787, 38.14392822631736, 35.55771520412753, 27.07524246817884, 18.99245495474292, 11.776475309869506, 7.499751491770246, 36.422771175911016, 45.95336104728064, 53.88939848459095, 64.02191245250997, 70.66253395063133, 68.57117613595348, 63.103190534166615, 53.78640860444517, 46.67117686708316, 40.22710462729211, 14.846797880664539, 25.25244547689752, 36.75901500623959, 45.07792876406397, 56.052928713908656, 58.30914998853574, 61.92134670529333, 64.51856153923028, 58.897936854327334, 45.35347620655463, 35.49927937776189, 29.909292203703885, 78.3481426986435, 71.16548244423694, 69.27280195537989, 72.85702505598064, 73.63539982877333, 78.99583654370207, 88.43227406305901, 88.2027845054731, 87.89266193274665, 86.52882226503417, 83.03007750310499, 80.7472514887173, 77.91904301917344, 74.85608552149975, 76.39218113794044, 78.66748329458034, 85.812065732321, 79.6365915044149, 77.36998442392259, 75.88136126405267, 66.34590578348137, 71.60147651901814, 84.1693167568603, 89.99512015602951, 99.96380846544203, 111.14207326121155, 111.91312745287588, 115.36864056870634, 118.85484636760224, 124.62179009546003, 115.29045931898, 108.53258305094725, 104.47233588297594, 94.31663813060415, 90.39387051030066], [19.917075175797624, 14.961790915899476, 20.877295456937738, 32.5456445141516, 29.518293401606233, 26.189794929740042, 25.784605753457893, 51.219682016746, 54.281388020063915, 62.747528017784845, 71.49518041876348, 79.46869859438684, 74.24441717469567, 65.49356228844636, 57.61717481713412, 10.564053016581612, 0.0, 9.372625933363018, 18.105004312297222, 28.678660272111124, 26.345020003399878, 17.74795130373813, 10.739124973148785, 9.012535163236427, 14.16846891800413, 46.0957011728595, 55.30600325205305, 62.818655983990794, 72.50469669236514, 79.089472951291, 77.41415178650327, 72.14120480404902, 63.148466685834315, 56.25967346621156, 49.95043702430333, 24.55623316321659, 33.77824799560689, 44.236243261927505, 50.72501133517737, 62.317943822275495, 65.5347378458979, 70.06174354880005, 73.15572854607909, 68.12971081294613, 54.97134706373314, 45.58009321602453, 40.12085548785815, 82.1228422976184, 76.38839947240051, 75.78039312885123, 80.04708581904274, 81.39724481341379, 87.09120418376132, 96.68237418198906, 95.94731361826696, 95.2091799270284, 93.0539078156109, 88.74161228453794, 85.59881362982749, 82.22555117096816, 80.8788024092697, 83.29386666497197, 86.26043193184682, 93.82406859382898, 87.17848154358259, 84.22254650536243, 81.86565073946116, 57.576561565222285, 65.15353054041597, 80.11024936839806, 87.64884501611624, 98.89030477205844, 111.90807839434373, 114.44875659003256, 121.27036918121763, 126.22721525150372, 132.16436806018257, 123.14265173324273, 116.46301478648039, 112.62576504611505, 102.01077644303378, 97.26717055226891], [22.618947928385726, 14.589325649729153, 16.942389499732972, 27.063215742627722, 26.65331172169532, 26.136682580588072, 28.07561847826133, 58.61128529527315, 61.96695379309866, 70.79162012270909, 79.254530529698, 86.89374512394983, 81.88783763422245, 73.23304591731035, 65.15430004588895, 19.639152888830974, 9.372625933363018, 0.0, 8.792600703619494, 19.59066973425268, 17.441959647131192, 9.179047318381633, 6.322786859711546, 12.668697058490583, 21.344613284962463, 54.816782116639224, 63.8410976597969, 71.0770208664706, 80.2711891522416, 86.58753339555425, 85.14918966333833, 80.1495128906542, 71.45709090962639, 64.59443888257113, 58.39545955832164, 32.508966391477855, 40.74387289562729, 50.26727228113213, 54.76381485667112, 66.68238581317767, 70.91003445625881, 76.12580365857434, 79.39210110259256, 74.93016040029549, 62.642082108678295, 53.520125320425244, 48.47101429290741, 83.81319800833752, 79.59339253664623, 80.23513786073596, 85.04848930514746, 86.87261322968898, 92.71108221792839, 102.24916828766641, 101.09992145780485, 100.02245677039241, 97.16454792227421, 92.19067419611355, 88.24792832397198, 84.39071131677153, 84.72905109830674, 87.92733112667214, 91.45530591904665, 99.20674645693525, 92.30352213487656, 88.7830968738127, 85.6556254321744, 49.13312241355265, 57.90555568131589, 74.56790862551462, 83.47309612549095, 95.71670472409782, 110.29184620683047, 114.46024133335885, 124.50835907594274, 130.65313631278318, 136.7330888925747, 128.15038758599937, 121.73151190219126, 118.3932143539819, 107.9747519694609, 103.36955390860422], [26.8677557279176, 18.067197742947105, 16.418158402674706, 23.01311781535151, 25.699545247545007, 27.88928928423903, 31.508552582498435, 65.20065634648275, 68.82201477977739, 77.97370187917683, 86.12267772299646, 93.38360773259366, 88.5764564982499, 80.04432245325451, 71.82163711780316, 28.07532886626787, 18.105004312297222, 8.792600703619494, 0.0, 10.957978650880552, 9.18439664794269, 4.418581669764292, 10.788122146943882, 19.231588221247925, 28.637092498999024, 62.76108046873065, 71.62168363226503, 78.62416199049333, 87.33967111498575, 93.34188906012456, 92.08140359985376, 87.36379338638535, 78.96289295960138, 72.1041879381815, 66.0229523343703, 39.95477672605721, 47.41444415115008, 56.14058702427098, 58.81331743960953, 70.82835599219983, 75.95684638463466, 81.66016317361256, 84.9135021731498, 80.92697378745608, 69.63591094303081, 60.66835217352835, 55.998493828324634, 85.31407713183246, 82.5688603467202, 84.33570958119498, 89.56231533684718, 91.75826421770026, 97.61422229544989, 106.96086150366797, 105.5015982056369, 104.16903819814944, 100.72317353561641, 95.22951033762266, 90.58181075075075, 86.3114970402418, 88.20640744319415, 92.06259794795744, 96.02252492196234, 103.79598582404121, 96.79617909630008, 92.83801870564378, 89.06378866212978, 41.15994464386872, 50.744927669823305, 68.96361973294609, 79.14374145435222, 92.27734980165884, 108.28344055341162, 114.00025621683618, 127.06544380393188, 134.1059522604042, 140.22802860818678, 132.07487818295186, 125.93256391065052, 123.11500379357588, 113.049594232851, 108.83623907329343], [33.04092913622613, 24.98761778532681, 20.37925723647135, 20.6747160420986, 27.243869349573252, 31.93327757290047, 36.60031115785467, 72.29115904283763, 76.18823036174801, 85.69461821927842, 93.34655672667441, 100.03491604332999, 95.54750927320194, 87.26313086361114, 78.93521825892343, 38.14392822631736, 28.678660272111124, 19.59066973425268, 10.957978650880552, 0.0, 4.429121690183847, 12.2987334524892, 20.196773063850102, 28.21240254015988, 37.55077879902072, 71.6950373513629, 80.27844537489541, 86.938642322407, 94.94485910964545, 100.44757071814968, 99.40301855504708, 95.11069271221602, 87.15992690037403, 80.3350130359916, 74.46570541514187, 48.756474173408485, 55.54949588791189, 63.537226726791395, 64.07573674121166, 75.99652574088084, 82.19212496193664, 88.22450104528521, 91.10396562194579, 87.54148839830633, 77.83006667312954, 68.76702503167759, 64.46634322401093, 87.18818584308822, 86.29341667487259, 89.3333040504321, 94.89358095311539, 97.39925058122186, 103.04631341913266, 111.86233325471042, 110.22325857069686, 108.72802525151714, 104.71571966374077, 98.78493916300283, 93.35217934777243, 88.63651611949005, 92.36571591879192, 96.88145830944615, 101.18188476941657, 108.66077846149665, 101.84952433854552, 97.53906280134689, 93.11958481872686, 31.019600955032498, 41.08666184328937, 61.38168060665948, 73.17841712729827, 87.38334691818946, 105.17366584545704, 112.84479515536495, 129.5809114752826, 137.11915809983785, 142.98562757092927, 135.27537328455804, 129.41527331720627, 127.22448144068551, 117.68072804811996, 114.19779799889814], [30.01759065192178, 21.52402819695662, 16.44484764902311, 17.596078163985236, 23.42716850776922, 28.207552424639058, 33.344274860071764, 70.07110325471668, 74.17490671227286, 83.86815872257263, 91.61521195901477, 98.29603482747746, 93.51762642618424, 85.08238075030805, 76.71061389440443, 35.55771520412753, 26.345020003399878, 17.441959647131192, 9.18439664794269, 4.429121690183847, 0.0, 9.010039533452442, 16.988629606465377, 25.14429447378488, 34.672910087658764, 69.75265404259252, 78.57500623195972, 85.5102721670556, 93.81207378937924, 99.37074437690416, 98.09346097625811, 93.68257148157517, 85.50304892658416, 78.48710098524083, 72.49976382186158, 45.74941691953013, 51.95457279785274, 59.57389738887033, 60.06688103498417, 71.97425467886428, 78.1060842141431, 84.28485082858666, 87.48364613720035, 84.1885576744405, 74.24599800390749, 65.74499154718389, 61.922008249344145, 83.40307871470092, 82.27731696203755, 85.27268798139879, 90.89846891217184, 93.4934468127941, 99.31603933559373, 108.41471030624258, 106.55782536347768, 104.93344440746387, 100.85377276589043, 94.85252446982224, 89.48614641191551, 84.82053704554907, 88.38329753995288, 92.92958531721403, 97.33954183693878, 105.10039348997873, 98.01906216633127, 93.60335765363881, 89.15217751904979, 34.85021459935564, 42.34487430890548, 60.933795229318235, 71.91844202368027, 85.64973933706527, 102.76179745948556, 109.86707303885301, 125.92252442716321, 134.04200842391927, 140.43541195843648, 133.034369743039, 127.52021627797929, 125.64457160308432, 116.76480158828555, 113.93734928541257], [24.296953399751047, 14.965788685674534, 12.462720868755143, 19.746532638985965, 21.677854983381405, 24.121659829833288, 28.442836335489922, 63.82053025329327, 67.77282539497614, 77.24832151141239, 85.37542804559676, 92.46848659078809, 87.38245289863711, 78.73153183979483, 70.43419597331238, 27.07524246817884, 17.74795130373813, 9.179047318381633, 4.418581669764292, 12.2987334524892, 9.010039533452442, 0.0, 8.374254334377483, 17.148281651864743, 26.866659092587845, 62.25091532013547, 71.33407755649006, 78.58987575761176, 87.47472160703057, 93.39821151427782, 91.89682489668564, 87.1509990572344, 78.59083871826057, 71.50057975019286, 65.3328565384576, 37.99643952006296, 44.561239049346966, 52.72176210059921, 54.92330270274326, 66.91718622473597, 72.19532313335009, 78.12155282806297, 81.6397643478803, 78.04764117361734, 66.85518432974703, 58.53000543173753, 54.56585329241908, 81.09434901238718, 78.41680426015546, 80.36278475725322, 85.71860081002049, 88.06725342160524, 94.06565544984562, 103.60815175622699, 101.87871425409408, 100.38035285387525, 96.76137886073487, 91.12487593814045, 86.41451592154574, 82.12626484736802, 84.15820352099564, 88.16405728989699, 92.30129018642964, 100.31367539731596, 93.06634275241274, 88.9334523299918, 85.01188116464111, 43.11926824337486, 50.14815476905011, 66.85994866865074, 76.38256547922062, 89.13226306963551, 104.66084855174834, 110.07998404971262, 123.03708751295942, 130.7686828560714, 137.41883478764274, 129.71528081237136, 124.04194044649186, 121.74541341219027, 112.63013620991372, 109.44754110214014], [17.97235270563078, 8.873778208882616, 11.197904634621652, 22.37424315227995, 20.67658045545757, 20.030490109601537, 22.78232838471156, 56.389312673160866, 60.31656380411906, 69.74149591111953, 78.04999936702258, 85.31244413837707, 79.97218171346785, 71.18956284430926, 62.95229958105834, 18.99245495474292, 10.739124973148785, 6.322786859711546, 10.788122146943882, 20.196773063850102, 16.988629606465377, 8.374254334377483, 0.0, 8.990985242154327, 18.70441785556367, 54.466138847993484, 63.745083892483585, 71.26609536976461, 80.51247107336002, 86.57214362485757, 84.82143566244982, 79.89315768026808, 71.08468317393137, 63.87127075428474, 57.5987850017175, 29.767037073099466, 36.68946325213103, 45.510258155019194, 49.054803155640535, 61.02951307127184, 65.67760545462215, 71.18211634545125, 74.60889663937992, 70.66771682628318, 58.90813776041214, 50.48477767806653, 46.527895971896825, 77.54997853471124, 73.58046852473089, 74.57905310766691, 79.57393858236202, 81.59641565763688, 87.53109090462272, 97.18369517070637, 95.72717652573876, 94.46836201614194, 91.36189696277962, 86.20961211860175, 82.10851006736233, 78.18272784772583, 78.86470079124457, 82.30525294835176, 86.05681418677767, 93.9926150524201, 86.87731755263951, 83.13418714254026, 79.77243429210804, 50.29122363331309, 55.74684901766625, 70.47787477612368, 78.53709507869466, 90.30505610241083, 104.35748154347576, 108.2646648514235, 118.48316489947918, 125.34715789614198, 131.99946138414774, 124.0209954374536, 118.24154223887597, 115.70240832948622, 106.71220592538458, 103.79674840995038], [11.446069000577664, 6.94601624667874, 14.459074344109514, 26.281222215207514, 21.731450651919694, 17.35640937434007, 16.972412596072044, 47.63715864711377, 51.6343193299112, 61.163102190490356, 69.50125442473121, 76.76378231889099, 71.22771771946171, 62.371013875397274, 54.15886296272607, 11.776475309869506, 9.012535163236427, 12.668697058490583, 19.231588221247925, 28.21240254015988, 25.14429447378488, 17.148281651864743, 8.990985242154327, 0.0, 9.770056116687359, 46.156865523736535, 55.555892022600496, 63.27526752676419, 72.67538715079425, 78.68247663621108, 76.6723693195992, 71.69064916111819, 62.75433905307306, 55.374582390708106, 49.06314942946743, 20.859888747456665, 28.534224718884516, 38.41322669118691, 43.137966429733055, 54.96591624544833, 59.11758130032471, 63.93565398857601, 66.78646843584619, 62.305448103569326, 50.60448059311153, 41.5594967184038, 37.60224327982045, 73.695448518888, 68.5581208549024, 68.58857763784108, 73.07366062534678, 74.63082378966266, 80.23815843364008, 89.66674664286504, 88.69865828594779, 87.83998917782533, 85.37308497349697, 80.88552612502241, 77.4164221179738, 73.87701038664007, 73.23345076962347, 76.0038353214784, 79.19100474139124, 86.68965671356145, 80.04562513894713, 76.86449570074575, 74.17125021821931, 56.96219716004218, 60.48591301115795, 73.15366419357669, 79.70872236039042, 90.44603634559526, 103.04631157519158, 105.51406781463656, 113.10100130794804, 118.47683494730047, 124.8166832292978, 116.46835670922131, 110.5243193643346, 107.77846432558715, 99.06774554886051, 96.83125632898167], [11.588618715359347, 14.72844321842146, 22.69409317300046, 33.7868863090823, 27.647807637093052, 20.692790960494143, 16.334138755273294, 38.488105480738824, 42.38299752262179, 51.835892391833575, 60.301729653499486, 67.70679399486886, 61.95260541741434, 53.00639981576457, 44.90833939978415, 7.499751491770246, 14.16846891800413, 21.344613284962463, 28.637092498999024, 37.55077879902072, 34.672910087658764, 26.866659092587845, 18.70441785556367, 9.770056116687359, 0.0, 36.91195152207959, 46.441733095340155, 54.39974856683427, 64.05587563286251, 70.08933188861361, 67.78423417830118, 62.673705527552386, 53.5485289690786, 46.02456163137387, 39.652972527825575, 11.372257345685112, 21.07563541252021, 32.55662073177685, 39.27192011746708, 50.505790935998974, 53.695185200559216, 57.442164364481776, 59.524675943442936, 54.18414094172539, 42.29805108965226, 32.1963770207517, 27.864044869893707, 71.93584657806561, 65.30777671524208, 63.95681617124231, 67.67366192161982, 68.55676990602966, 73.7080415733737, 82.82852075527565, 82.54775194922631, 82.2345308298016, 80.66810190508069, 77.09842195251298, 74.52687211926322, 71.54820713389483, 69.10287212168039, 70.90194853362215, 73.27709998997658, 80.17036922891624, 74.18344650876445, 71.80978815039984, 70.07786579388458, 65.09574702247593, 67.49902439447206, 78.39059500811794, 83.47920922749111, 93.07326533793987, 104.01187904878286, 104.81902227362949, 109.06142524231338, 112.50591336948864, 118.36638094948626, 109.44725812309858, 103.1685549874645, 99.95013602970656, 91.2590731167844, 89.43866817908798], [44.69602769401434, 51.24438372248532, 59.142746264302154, 69.132465206848, 62.75303915103297, 54.53812010052817, 46.919214051053125, 20.50639454865901, 17.52915176889592, 19.564386536614226, 29.059127832718257, 38.58665812565341, 33.84356106141425, 26.60352542728828, 22.75294563319415, 36.422771175911016, 46.0957011728595, 54.816782116639224, 62.76108046873065, 71.6950373513629, 69.75265404259252, 62.25091532013547, 54.466138847993484, 46.156865523736535, 36.91195152207959, 0.0, 9.907423808107787, 18.637202479669448, 29.84321443830912, 36.906702495158264, 34.0385300509615, 27.850133418506566, 17.954326301581712, 11.701610025899429, 6.377334931396342, 29.010712832567545, 35.31351753768398, 44.99886578589223, 55.84203770580624, 61.9449230563368, 60.55367350408333, 58.52082818770241, 55.838753425095824, 46.12336904057803, 37.294848696587216, 24.00940816626478, 14.884707862560822, 88.4671512534187, 78.10922363014551, 71.96379317987171,