{
	"dissimilarities": [[0.0, 9.840995617237821, 15.892906762672492, 24.606347393638316, 18.422877345362693, 11.223209397156682, 6.3922377089712485, 41.29865617381056, 46.2096695517281, 56.74518851438342, 64.26591206343448, 70.48954974960903, 64.92184065546957, 56.26491444506713, 47.82304008582996, 18.414939947210527, 19.948944548185423, 22.627591607594123, 26.869179603679715, 33.01494682316866, 30.004326601754858, 24.30122150969255, 17.993053348071445, 11.495027103593664, 11.640614462370145, 44.70167651235328, 53.706087437679486, 61.20304759447922, 69.75753241468233, 74.84792476260372, 72.60898185549637, 68.20504571007652, 59.75740647888545, 52.10569209049402, 46.16381641753933, 18.97887984606768, 24.84085294282986, 34.13676185255492, 36.20615426133626, 47.995107935903775, 53.29930879690732, 57.77580743368126, 59.18075228315458, 54.74985193454097, 46.09687667256458, 36.46228662489695, 33.88688174307365, 65.63475829874413, 61.1592007341737, 61.67657430366178, 65.97181756762586, 67.35179674308733, 72.25014697575845, 80.72850891275786, 80.10980056994114, 79.5433831518145, 77.16382658633886, 72.98531166467782, 69.3388793448853, 65.71520213298224, 65.63320060515885, 68.43736173817939, 71.34080041294631, 77.92367767317835, 72.09219282114924, 69.1756288996587, 66.47162969807499, 58.71811639695219, 61.16392680494588, 66.39954106388092, 72.37449742923485, 81.61003384349242, 96.41952027131592, 96.36611748078381, 104.13355677566867, 108.28903791606116, 114.42099969882665, 106.63028404075254, 99.80742627446475, 98.80547736396544, 91.74466624980155, 92.28413879121683], [9.840995617237821, 0.0, 8.028074634665712, 19.59147161145168, 14.990357278955365, 11.82092166385583, 13.9813936238556, 50.33674157454632, 54.89189528932486, 65.00229129365627, 72.92483868059324, 79.58813819930769, 74.02595995150058, 65.26508068287303, 56.88492417615747, 18.523721470007096, 14.973542778535043, 14.588308825936952, 18.06681030624161, 24.95578174929862, 21.506633626904424, 14.965057543923244, 8.882023571788864, 6.970415092675252, 14.740627416646312, 51.241588256936424, 60.53422899856754, 68.15759905008329, 77.14212300951682, 82.70381046346336, 80.65755065851802, 75.97683668255948, 67.27124666631963, 59.74629877989556, 53.56662397988113, 24.89846256690059, 30.6958983630996, 39.19940981026009, 41.44474386257587, 53.503011769755105, 58.725121629792376, 64.12496319696241, 66.93332811565313, 63.16324809321362, 52.8162032518175, 44.42179576529199, 41.526375707690576, 69.8598398643076, 65.98852957979086, 67.14622772441764, 72.04798587762829, 73.99242529885777, 79.63186008481601, 88.91811256379766, 87.56063462769607, 86.41792077347904, 83.3709920185433, 78.40126889246673, 74.28925249256488, 70.37202364646103, 71.14466968018219, 74.57364092969931, 78.19215332476648, 85.77092398000812, 78.96697865914929, 75.34892901717926, 72.01096536157799, 53.337388416111445, 58.19810334623641, 65.34648234774737, 73.14200358365582, 83.56257089318262, 99.6811310640101, 100.66749056542099, 110.25727802834452, 116.65151715328082, 123.55639608645018, 116.20739173472484, 109.5980889772091, 108.59401282493344, 100.9223083461202, 100.04826366410893], [15.892906762672492, 8.028074634665712, 0.0, 12.169973374267755, 9.768240134489789, 12.03070298260991, 17.92015708432984, 57.184808038455195, 62.01919780842788, 72.38038738368584, 80.04498819494785, 86.33606440171671, 80.81339715953884, 72.13751140405866, 63.702001279633926, 26.231955876285795, 20.90860742540593, 16.954445862235218, 16.41920367992422, 20.333345680472778, 16.417087582393023, 12.469703390101987, 11.23072098164165, 14.497292451063403, 22.720949860240744, 59.148372176580665, 68.37804701007015, 75.91401277271325, 84.64613396311934, 89.98270889459417, 87.98670737247316, 83.48683443953347, 74.93559732879038, 67.38556298069557, 61.28228576094761, 32.44691432075526, 36.74924667929276, 43.66260356063234, 43.73924476032931, 55.74481082402374, 61.84660582626932, 67.9576398101664, 71.15658096110046, 68.2460792520484, 58.687329753732584, 51.22686881124235, 49.042725476298735, 69.01598881109382, 66.70859236720243, 69.16036739549723, 74.6052016280582, 77.08217083417851, 82.93227117407369, 92.27869107321845, 90.32417175631406, 88.73320264146092, 84.92579553409111, 79.2578312634185, 74.38289890452984, 70.02369010725162, 72.50216913415278, 76.73750569445382, 80.97679475399222, 88.88139814912056, 81.67673269541861, 77.43611641525271, 73.30011301439227, 48.367528309793094, 52.01211040767455, 58.99353377495243, 67.55833735630144, 78.74286962586812, 95.93936947242739, 98.26048383866572, 110.78124640114567, 118.84293662697011, 126.27786803289418, 119.69516211002882, 113.80366729734163, 113.54274469735475, 106.7262467270315, 106.55326556470773], [24.606347393638316, 19.59147161145168, 12.169973374267755, 0.0, 9.840681429219881, 17.506573433285023, 24.40407637791935, 64.65651122776795, 69.90573572544204, 80.69016805380888, 87.65369568562691, 93.08148782444472, 87.8245536752492, 79.49001472438849, 71.04259941593492, 38.08539386355984, 32.62293436213067, 27.118910703461136, 23.05743954777826, 20.67832545622824, 17.627147028570135, 19.809300431529707, 22.460210790344203, 26.37006838636878, 33.85877703274579, 69.16205029568752, 78.0529046061296, 85.25543461590438, 93.21187599600317, 97.89564638462369, 95.99891452812213, 92.00798851052927, 83.96690499600027, 76.42892769738525, 70.62866452781935, 42.764553736444824, 45.667423742879954, 50.88320140261556, 47.54548580681389, 58.98669230702198, 66.53131908408764, 73.08239888464793, 75.85818122517814, 73.85291401228474, 66.68241095619935, 59.711579277044116, 58.37250225584805, 67.08584613391416, 67.48351486126482, 71.81108364167184, 77.69328656183521, 80.64292879286097, 86.21231637528943, 94.87625279124694, 92.5023229393526, 90.58995919715171, 85.94799842454277, 79.65630033789964, 73.7082416853743, 68.74322971065014, 73.86487364947278, 79.04669213798572, 83.79001103218862, 91.36352299997735, 84.32851734280969, 79.56698618693206, 74.500137707923, 42.48673098363165, 41.45871826191724, 47.117582929733935, 56.556927806017065, 68.97843118479469, 87.80247706766471, 92.43514588084474, 109.63550220383318, 118.79307430055553, 126.29604541134503, 120.64071939800556, 115.76309195818546, 116.59330120880676, 111.29345509706405, 112.80969318367363], [18.422877345362693, 14.990357278955365, 9.768240134489789, 9.840681429219881, 0.0, 8.685665982022908, 16.859714286221934, 57.82545734845704, 63.352895573919284, 74.27095235895204, 81.38019210694745, 86.83732029229184, 81.03143926117772, 72.47600391393831, 64.08111194904687, 32.73213166749645, 29.525777973348394, 26.65043158017082, 25.69907824623646, 27.2276517038399, 23.4208967564839, 21.67838652356162, 20.684114616142, 21.746326396529625, 27.65754388313129, 62.748359133720676, 71.88668004497062, 79.4925638870184, 87.93922907177343, 92.72370628710446, 90.38702684990734, 86.17327978848766, 77.78267513532128, 70.01128899883663, 64.09976247407006, 35.1490868169082, 36.510505051922266, 41.10116551288308, 38.08538757853198, 49.72100738690097, 56.91905575210525, 63.49320508868263, 66.72187684826227, 64.9551980582614, 57.24814587366286, 51.2885496845657, 50.983972845396956, 60.22081884942865, 59.14952458873012, 62.7577807749828, 68.55745457827285, 71.45177171742597, 77.29167549023857, 86.52936123919983, 84.00291982429937, 82.05649208625293, 77.65355895316722, 71.56307915550636, 66.13930194063862, 61.49810728261283, 65.32004606510385, 70.19148899019605, 74.88206709520054, 82.89906238573971, 75.4835726480525, 70.78591837657446, 66.03038328943897, 51.884666651307235, 50.3908069541284, 53.20991541166313, 59.63235033983806, 69.72524383781162, 86.39442810866106, 88.65591354510062, 102.50894892533965, 111.90390902616298, 120.21156210592271, 114.80388161266913, 110.10591068168694, 111.28703320336608, 106.88502792395575, 109.29298268375672], [11.223209397156682, 11.82092166385583, 12.03070298260991, 17.506573433285023, 8.685665982022908, 0.0, 8.595004968225794, 49.40349010066383, 54.958521859792356, 65.87412627796338, 73.06327565820294, 78.63972058932684, 72.66475891549574, 64.01580816278343, 55.6384135220091, 26.78651807465267, 26.192310735152386, 26.13225639232667, 27.888906171718425, 31.91708788613018, 28.200670596044063, 24.120868506892407, 20.032730175052254, 17.365851182722114, 20.698560259085685, 54.531212068688895, 63.665752904324506, 71.3714420080792, 79.95732703127734, 84.77344950524545, 82.25672268853727, 77.95673232224422, 69.46860073714936, 61.63361060730152, 55.72561000321522, 26.93389061169749, 28.33032452514318, 33.986723903042076, 32.47295379476564, 44.43667653767173, 51.03032487217337, 56.9349831889347, 59.664076934763465, 57.18579377021802, 49.20248439962122, 42.63437211700219, 42.40833826356777, 58.49009494062559, 55.63048953286222, 57.91186924802964, 63.17771306449373, 65.53997921748778, 71.14506307026708, 80.32618800138066, 78.3802385196603, 76.89962309745312, 73.27513069134223, 67.94084252110856, 63.32836492418307, 59.16519416596435, 61.121681765458085, 65.17587747807477, 69.23843213411821, 76.9166551633468, 69.90930020989468, 65.84167111228155, 61.90240662102379, 57.55301268529642, 56.815435195775954, 59.34827248103087, 64.41416411226047, 73.25638407296374, 88.35653182063908, 88.86581937151952, 99.31795716217646, 106.94728177412928, 114.85222793667846, 108.81209744828986, 103.57787300214775, 104.32545030560723, 99.69536442002405, 102.19163714982993], [6.3922377089712485, 13.9813936238556, 17.92015708432984, 24.40407637791935, 16.859714286221934, 8.595004968225794, 0.0, 40.976253607000636, 46.51034803989934, 57.48291556084088, 64.55609007187007, 70.12735712691533, 64.27720874874299, 55.682142652253724, 47.26756569763115, 23.596768601628995, 25.80622157190287, 28.080829139515554, 31.51009020048537, 36.580838755113696, 33.33527163921701, 28.44650104092491, 22.797496533768157, 17.003987610602668, 16.367870430135895, 46.921918483802884, 55.78491374300838, 63.31853853080885, 71.64907509692841, 76.30565002043075, 73.77181679071033, 69.58270156315588, 61.26753582813163, 53.46318018663216, 47.71402248182954, 20.761701888172123, 23.432318178267405, 30.985496426121447, 30.977263183230665, 42.73073037045818, 48.772817333767115, 53.498558314125745, 54.84783513377533, 51.15268160476158, 43.86247575967336, 35.439971944923954, 34.68989080503658, 59.404262479315555, 55.32748825575675, 56.35797327035657, 60.822372150712646, 62.40962182176367, 67.2959212440902, 75.75829963821265, 74.81474647321922, 74.07399787098679, 71.41356398952486, 67.08185634475842, 63.227874352921674, 59.516691481365605, 59.92549844451693, 63.020107885927594, 66.14189154108598, 72.7978827941754, 66.8409425199028, 63.7032486272103, 60.72215766111829, 61.32601239271415, 61.004145541924835, 63.779543263644264, 68.17799147309842, 76.41986926085342, 90.51210902762874, 90.0461452169424, 98.0251519413823, 102.84682091574993, 109.59723065436884, 102.5539231610377, 96.52374481099294, 96.55878675121114, 91.3227617373925, 93.83885573335503], [41.29865617381056, 50.33674157454632, 57.184808038455195, 64.65651122776795, 57.82545734845704, 49.40349010066383, 40.976253607000636, 0.0, 6.74939390544677, 17.94621178376077, 23.98266405533783, 29.825395542045054, 23.69420914341597, 15.038366625689406, 6.64654663040635, 41.87594689899094, 51.22196633301347, 58.609175890167066, 65.1997664737368, 72.28222330432739, 70.06690343250698, 63.819630414224754, 56.39016368907969, 47.64147025971308, 38.49295798832684, 20.48996458658936, 23.532870677771058, 28.91684781269421, 35.28835814022483, 38.58286632306481, 34.87761798395221, 31.24538601366234, 24.365381249820285, 17.49803531192011, 15.538441026957914, 29.77189382949111, 32.05477951423154, 39.31615242039783, 45.60884816675617, 50.421917043259235, 50.860669656590964, 48.118333445738806, 42.152407451145244, 31.94174524250854, 31.520834085270586, 17.02791517719882, 14.552879224449674, 74.12776215823071, 65.08234449414576, 59.83069570363326, 59.303370095392864, 56.60128595514194, 56.98156215810362, 60.72151989040032, 65.15114215630219, 68.20731175194031, 70.93089138780788, 72.04631152483786, 72.68033397681069, 71.86511360903656, 64.63990720760377, 62.3020732864629, 60.06021500129818, 60.651919339761214, 60.84239332349723, 63.009101919185845, 65.3980765183185, 93.69267643781559, 94.45755783393032, 96.55666781147703, 97.43819527491016, 101.77273459153469, 109.71723982382302, 103.8605933871443, 97.53740245987241, 89.04731755436148, 90.29578826827021, 78.51896400949391, 68.29540643954361, 64.01830559423385, 56.08152460969413, 59.76874778673505], [46.2096695517281, 54.89189528932486, 62.01919780842788, 69.90573572544204, 63.352895573919284, 54.958521859792356, 46.51034803989934, 6.74939390544677, 0.0, 11.401667964304432, 18.28067672428023, 25.46727489091192, 20.03139471782294, 12.00338728582707, 6.437790267920509, 44.85914877139638, 54.283604509998916, 61.965114569860766, 68.82117941426829, 76.17917416429485, 74.17055035716974, 67.77195064464638, 60.31727325122884, 51.63809517810089, 42.38735780097715, 17.511088997827695, 18.033536594900987, 22.47187150772881, 28.602016698646437, 32.14900840888246, 28.43085448045276, 24.550791124582155, 17.780230644259653, 11.48904841164163, 11.504582253237404, 33.8374734277346, 37.14691008739408, 44.74008010617623, 51.930848734446435, 56.477359538827365, 56.22329853614351, 52.93376407301324, 46.74648949136148, 36.16854504740796, 35.40463928416611, 21.45374512802173, 17.178205424914008, 80.58496045089132, 71.21400080284701, 65.45968322181945, 64.52581979030077, 61.4625441085384, 61.45220535988037, 64.58742645232078, 69.62232020541083, 73.03851779061644, 76.29277523399267, 77.84314524826132, 78.83755691301128, 78.21865960828869, 70.45072259926818, 67.65747676085579, 64.9457689715986, 64.92677415302944, 65.74270709907387, 68.38041319710541, 71.21447935804152, 97.22767008707069, 99.1601407526876, 102.21593344514658, 103.57411438114573, 108.15981232596742, 116.0901527757291, 110.12830211211435, 102.67921658872115, 92.58624536792878, 92.698072563836, 79.96102984090938, 68.7032243048875, 62.8322196589606, 52.58636122431094, 54.333984639607635], [56.74518851438342, 65.00229129365627, 72.38038738368584, 80.69016805380888, 74.27095235895204, 65.87412627796338, 57.48291556084088, 17.94621178376077, 11.401667964304432, 0.0, 9.530757650169324, 19.04702095421174, 15.407982074983437, 11.737423376916462, 14.25730778927824, 53.24689468137434, 62.75574206988803, 70.79423939683274, 77.97423097571865, 85.68221099405157, 83.86189666917558, 77.24929313919958, 69.74533498967305, 61.169806332737274, 51.84514468974241, 19.571822972871384, 13.945826494353822, 14.318440597956819, 18.830221029206374, 22.37363280053199, 18.042089716905437, 13.657321738761743, 8.385821406645743, 7.989161299905078, 13.774209755092485, 43.26153738422689, 46.74870311482236, 53.907932194504866, 62.04650045865015, 65.64493963725383, 64.18249911274675, 59.81706316476711, 53.14200449292167, 42.34505944227885, 41.98581394924169, 30.192587491939904, 25.850831957307697, 90.26878089668908, 80.23167077288981, 73.53117983062418, 71.76625640573143, 68.04301618005094, 67.25326118777676, 69.29142361180733, 75.2868384332035, 79.31804120912291, 83.55908480506525, 86.0003595266963, 87.77617646517218, 87.63544761202519, 78.73809343107291, 75.05353038921092, 71.45668621679073, 70.32227459779392, 72.26231632136391, 75.78616988988269, 79.49472814133645, 106.34458585219248, 109.40606295857546, 113.13821942995969, 114.5736612181604, 118.95173735342816, 126.19242812213147, 119.51527676838684, 109.35053683753544, 96.62935735753094, 95.1539836425056, 81.21987611266161, 68.67997499638938, 60.614239048590676, 47.66943226334933, 46.98396136810256], [64.26591206343448, 72.92483868059324, 80.04498819494785, 87.65369568562691, 81.38019210694745, 73.06327565820294, 64.55609007187007, 23.98266405533783, 18.28067672428023, 9.530757650169324, 0.0, 9.893699576842625, 9.563875597323815, 12.6025548981891, 18.748199095570246, 62.16907439337368, 71.5075424674318, 79.25948677083609, 86.12577625234839, 93.34088973413724, 91.61411765648397, 85.37942467923993, 78.05810000605568, 69.51369505230477, 60.316332791536496, 29.068987388252886, 22.506841222143198, 19.727608895016832, 18.322560914394607, 17.99850605282066, 13.115168920373462, 12.441368875893483, 14.567442661543964, 17.407321468282653, 23.275771216658327, 51.801349159489256, 54.54030905453691, 60.752376254128684, 67.69080297955027, 70.228349692756, 68.79694132561598, 63.56638064782865, 55.32946491708054, 44.60937622263425, 47.87859974545168, 37.36547669895736, 34.45001213669688, 93.49898672946033, 83.81284433859786, 77.02298913610468, 74.5649133792748, 70.31419904308598, 68.22461284773267, 68.2412835277855, 75.34828372643403, 80.09109273877007, 85.06453826570511, 88.36839358477596, 90.5233322531817, 90.68388661616214, 81.66696094323572, 77.45816445392559, 73.03620576448884, 70.04332622074739, 73.72665349487671, 78.06910565544898, 82.31519446038298, 112.60461517181157, 114.47404581969377, 117.35254200041167, 117.91145504217226, 121.5424702073054, 127.69160944504237, 120.63093002326015, 109.20894688059458, 93.24013559357279, 89.7798229160371, 74.83299004280234, 61.43871279709032, 52.1839362235608, 39.03608002078232, 41.13769747904794], [70.48954974960903, 79.58813819930769, 86.33606440171671, 93.08148782444472, 86.83732029229184, 78.63972058932684, 70.12735712691533, 29.825395542045054, 25.46727489091192, 19.04702095421174, 9.893699576842625, 0.0, 8.533608138575268, 16.767252892965086, 23.94232645347542, 70.23669971983517, 79.46332142337128, 86.8844699944927, 93.3775072120249, 100.03048474187963, 98.29249148951382, 92.4625640770249, 85.3079645061312, 76.76264161939345, 67.70358370738232, 38.55592489271247, 32.391573105667284, 29.204341769162806, 25.201555647845495, 21.5631532568568, 17.472801511203922, 20.025970698352154, 24.346639927538973, 27.034022846839612, 32.52049752134177, 59.137438162366735, 60.784020371875116, 65.81712979401368, 71.21909963769217, 72.58896405688884, 71.36471547614622, 65.42336182623774, 55.69484936969945, 45.44571957968167, 52.491201651017484, 43.37316335055699, 42.091897614411664, 94.01544061666786, 84.87129640780455, 78.18305932242497, 75.10197781648753, 70.43002908668706, 67.03256524726544, 64.9315833076727, 73.03096646334821, 78.41305215976368, 83.99704470744608, 88.11041707655795, 90.58320438338316, 91.04234622142732, 82.10222997614812, 77.48300977948756, 72.33395545341594, 67.46389964793003, 72.88147737230904, 77.94651161161181, 82.62146444697292, 118.12194729175951, 118.18433295841864, 119.61755632189359, 118.91358563671983, 121.48173520298369, 126.24991931202992, 118.70978166066178, 106.17834457212975, 87.18401335162656, 81.9404272241138, 66.25569982636097, 52.32441692142839, 42.53236180214211, 31.48049478690373, 39.713607198675604], [64.92184065546957, 74.02595995150058, 80.81339715953884, 87.8245536752492, 81.03143926117772, 72.66475891549574, 64.27720874874299, 23.69420914341597, 20.03139471782294, 15.407982074983437, 9.563875597323815, 8.533608138575268, 0.0, 9.180596556135662, 17.24208304604049, 64.63173768700071, 74.21807106725214, 81.86596612041274, 88.56343998198061, 95.54047775608022, 93.51006147665308, 87.36764541281471, 79.95303874622309, 71.20823722926274, 61.92731298376422, 33.77302006438552, 29.07663218139986, 28.16971439681966, 27.774633627557087, 26.575938666814572, 21.652507262886807, 21.57779719764594, 22.27159211013314, 22.918326510385302, 27.59663356407317, 52.691781861175556, 53.320879453293195, 57.76272123170861, 63.50778192519703, 64.67337777675748, 63.0964495320645, 57.18130364811591, 47.89482902257324, 37.46933456449226, 44.0153654085531, 35.622108064106214, 35.53614966400482, 87.02545234828062, 77.30716302111357, 70.31295418447942, 67.31975563615323, 62.7403045581145, 59.89992912265885, 59.08291438235669, 66.56547351274278, 71.6118566896389, 77.00108031547175, 80.88055830324129, 83.46450163086807, 83.99530196245523, 74.57777996835256, 69.94643192342555, 65.01906126638228, 61.15397950428964, 65.64228408980489, 70.48151865418808, 75.15469692254081, 115.21928302777333, 115.03115739750035, 115.833196747173, 114.76548903352416, 116.9804135463822, 121.57070462825716, 113.43378160791998, 100.37326462167633, 83.87923589259101, 81.00300726349369, 66.74395049108958, 54.24275073847076, 46.94927374814173, 39.326673068542796, 47.435590167696795], [56.26491444506713, 65.26508068287303, 72.13751140405866, 79.49001472438849, 72.47600391393831, 64.01580816278343, 55.682142652253724, 15.038366625689406, 12.00338728582707, 11.737423376916462, 12.6025548981891, 16.767252892965086, 9.180596556135662, 0.0, 8.466011838307987, 55.792389256212196, 65.49609980242174, 73.23214195145978, 80.04372617689664, 87.25384102260949, 85.07773415684426, 78.73091519323424, 71.1903880650693, 62.3742762400599, 53.01048973976717, 26.59476947627599, 24.129859007544205, 25.960722522140042, 29.155577760514458, 30.363842033408883, 25.534198678034013, 23.216373339599816, 19.78947519112422, 17.26578303996416, 20.37412921847827, 43.57695188350082, 44.2436583404222, 49.23076831796974, 55.580580186207754, 57.68003088992149, 56.35758594234648, 51.263095679972075, 43.12236518127231, 32.325047221412504, 36.3934067577459, 26.63758212876527, 26.50386761864362, 81.16268680155719, 71.24248343051826, 64.47389208485069, 62.19845337492727, 58.153992457972215, 56.56053060206364, 57.79534692448208, 64.11875215065156, 68.44628054675962, 73.01515777543493, 76.00509492973151, 78.11861984484985, 78.30777766634593, 69.16570046007183, 65.12686733016209, 61.04521235613372, 59.01437028844389, 61.76861842102921, 65.76248793870747, 69.83512412249961, 108.0634740664709, 108.29743008388718, 109.40826851804788, 108.86794665554028, 111.62894274337606, 117.18626525773209, 109.46304046804988, 98.05062484605229, 84.95249366664557, 84.21574296440531, 71.16066224690805, 59.761932925872436, 54.02585785740485, 46.658600424237, 52.74270078777621], [47.82304008582996, 56.88492417615747, 63.702001279633926, 71.04259941593492, 64.08111194904687, 55.6384135220091, 47.26756569763115, 6.64654663040635, 6.437790267920509, 14.25730778927824, 18.748199095570246, 23.94232645347542, 17.24208304604049, 8.466011838307987, 0.0, 48.08542085023548, 57.61957808024316, 65.1527622648234, 71.82087877046555, 78.92617466160907, 76.70623322675159, 70.43342847004017, 62.953145038095606, 54.16267505270099, 44.912818095907696, 22.74007017978762, 23.301504626403617, 27.349501206625362, 32.52696980640807, 34.96408563187218, 30.743031324648403, 27.597274927900948, 21.881868135105236, 16.425606872044305, 16.828336403614617, 35.761116417851454, 36.98399189087571, 42.97849517191892, 49.20168052813043, 52.64558234021618, 52.28487492364132, 48.39317149541699, 41.268426172945205, 30.581857435773827, 32.568747339948246, 20.26991221463813, 19.458472880684983, 76.29423473454911, 66.81790329642655, 60.84282538178701, 59.492221340588635, 56.152565225184794, 55.62072092491557, 58.27347352514935, 63.55758359448163, 67.20021954610698, 70.76605085672698, 72.75483828579226, 74.07831764345168, 73.7371049840749, 65.59182520904447, 62.454816268394644, 59.35323523529526, 58.75840007846402, 60.1098390577074, 63.1279564224407, 66.30830579413872, 100.05523142299504, 100.37861491918731, 101.83485423236668, 101.92034462145106, 105.42504361405642, 112.18471956889483, 105.4075332913694, 96.74552199477145, 86.24437882695881, 86.72651661506136, 74.45374437794639, 63.803118520076495, 59.09517358567137, 51.6983994114336, 56.74011053514463], [18.414939947210527, 18.523721470007096, 26.231955876285795, 38.08539386355984, 32.73213166749645, 26.78651807465267, 23.596768601628995, 41.87594689899094, 44.85914877139638, 53.24689468137434, 62.16907439337368, 70.23669971983517, 64.63173768700071, 55.792389256212196, 48.08542085023548, 0.0, 10.568178003060176, 19.655794239101965, 28.09221282708466, 38.12619205324471, 35.554091542598776, 27.087748409150986, 18.997625857875267, 11.774964569146736, 7.505115029256314, 36.42475820240726, 45.95588354717504, 53.89309964164326, 64.03975952041148, 70.66794091310847, 68.58569316607479, 63.11619989105001, 53.79406697357029, 46.6824842491234, 40.23223324424587, 14.844874317082718, 25.279413377794683, 36.77549125432379, 45.07355449114336, 56.05127060342245, 58.29131508289263, 61.92840584182442, 64.51559052196323, 58.89470393936407, 45.315491467190355, 35.49764802513322, 29.920276090763036, 78.35643769729703, 71.16201359458138, 69.26878224206882, 72.8489481086946, 73.62466078593836, 78.99229894760836, 88.42530716613888, 88.20152292161521, 87.8923831556551, 86.52711490373201, 83.027797878518, 80.74238045569507, 77.91948292592936, 74.85241207915783, 76.38776798562914, 78.66068438185827, 85.81567522837145, 79.63135807747425, 77.36578950341767, 75.87770159207511, 66.48112523617966, 74.92535714602299, 83.21737412253557, 90.32754129257803, 99.58725233836483, 113.77710330784379, 112.18560317113507, 115.35517401933028, 118.9241738588793, 124.95083289187866, 116.01327649249482, 107.72804733571353, 104.68342713270769, 94.32446227514924, 90.34446956188765], [19.948944548185423, 14.973542778535043, 20.90860742540593, 32.62293436213067, 29.525777973348394, 26.192310735152386, 25.80622157190287, 51.22196633301347, 54.283604509998916, 62.75574206988803, 71.5075424674318, 79.46332142337128, 74.21807106725214, 65.49609980242174, 57.61957808024316, 10.568178003060176, 0.0, 9.386397824026053, 18.116620929774655, 28.64796077063317, 26.331572125334016, 17.75465058771997, 10.737871841579503, 9.004730581634524, 14.167102367267415, 46.09427550334156, 55.30565151694668, 62.818802540337074, 72.51468863124141, 79.08890802537627, 77.42145562696801, 72.14771052318811, 63.15119243458425, 56.26429739510348, 49.951159544262225, 24.560815041894053, 33.813012126913655, 44.25863644385385, 50.716500812857696, 62.319110286467456, 65.52079678527979, 70.07355320912926, 73.15403388188086, 68.1276558472976, 54.93921231261808, 45.579293179835936, 40.121226865145104, 82.12743776066131, 76.3853289191785, 75.77927323651133, 80.04117054841498, 81.38772835178291, 87.0883264497417, 96.67560370601358, 95.94549490133565, 95.20699552525556, 93.05160804718993, 88.73887231715037, 85.59478873197624, 82.22451709645746, 80.87641735650983, 83.29117981340653, 86.25232111420179, 93.82536840342323, 87.1714735326532, 84.21979535184133, 81.86242607519729, 57.709282370247095, 68.24969161955282, 78.61995369097642, 87.69990414312602, 98.51691285444065, 114.48615559813919, 114.69555011841956, 121.25780274283674, 126.28532541127261, 132.45888354433137, 123.79200769193272, 115.72864271722474, 112.8072796413778, 102.00872093904522, 97.21456601202816], [22.627591607594123, 14.588308825936952, 16.954445862235218, 27.118910703461136, 26.65043158017082, 26.13225639232667, 28.080829139515554, 58.609175890167066, 61.965114569860766, 70.79423939683274, 79.25948677083609, 86.8844699944927, 81.86596612041274, 73.23214195145978, 65.1527622648234, 19.655794239101965, 9.386397824026053, 0.0, 8.788426368298593, 19.536673298474486, 17.410103602466876, 9.173049125659798, 6.322181271281693, 12.672226900470534, 21.349092438963233, 54.81573993732286, 63.84113474736873, 71.07624649165459, 80.27462271628363, 86.5818769893159, 85.1504265113805, 80.15120238424802, 71.45740140739788, 64.59530248038136, 58.395398563968264, 32.5266616096846, 40.798923699493876, 50.304705091033874, 54.752788350105995, 66.69141787500313, 70.9034617952515, 76.14897476742806, 79.3953734621683, 74.93313526987718, 62.61628240624854, 53.52476746795214, 48.46519763224974, 83.81494360850466, 79.5937355526738, 80.2413291876398, 85.0481274192238, 86.86674700181389, 92.71177755264371, 102.24517302197118, 101.09981143488558, 100.01950604643234, 97.16373422700518, 92.18967117581178, 88.24793069413361, 84.39020787434767, 84.73140784340835, 87.92991535341145, 91.44698111930416, 99.2073283659333, 92.29566220558105, 88.78517763384174, 85.65569421108296, 49.248311308864274, 60.83107622153632, 72.6421138245808, 83.2709250139545, 95.34595668998396, 112.77835347234878, 114.67413477432414, 124.49916861610572, 130.6987761580997, 136.9903131540296, 128.72418653911296, 121.06408402432072, 118.5436782688278, 107.96079933974252, 103.31250567945352], [26.869179603679715, 18.06681030624161, 16.41920367992422, 23.05743954777826, 25.69907824623646, 27.888906171718425, 31.51009020048537, 65.1997664737368, 68.82117941426829, 77.97423097571865, 86.12577625234839, 93.3775072120249, 88.56343998198061, 80.04372617689664, 71.82087877046555, 28.09221282708466, 18.116620929774655, 8.788426368298593, 0.0, 10.903565718911956, 9.157596426369205, 4.420788384446602, 10.799577764194812, 19.24459049928008, 28.644937623348685, 62.757775647865174, 71.62110364436023, 78.62365917796379, 87.34181223284415, 93.33837919362729, 92.0824770229579, 87.36449509716878, 78.96213789239405, 72.10255491830564, 66.02210418673513, 39.97824602418043, 47.47954964436324, 56.18106780704152, 58.794408055914516, 70.83906938663688, 75.946467363239, 81.68516665956493, 84.91718420249686, 80.93213624333664, 69.6038962947435, 60.67374248788196, 55.98521503957075, 85.31275675669961, 82.5679263236524, 84.34171982303059, 89.55986657440046, 91.74869281384828, 97.6140535945189, 106.95953768109628, 105.50085931968172, 104.16129868802841, 100.72020455277332, 95.22628990235052, 90.58434466163378, 86.31105605066087, 88.2085904918103, 92.06464057098583, 96.00832027135012, 103.79441009532177, 96.7821467436345, 92.83955505843659, 89.0624599199031, 41.2868438090326, 53.51783102874005, 66.64118608727304, 78.71000182683945, 91.93364968903977, 110.66554918091849, 114.18635082510266, 127.05996440456607, 134.14468974507062, 140.4581849512347, 132.58589756230901, 125.34447096259827, 123.24955651934802, 113.03970328629418, 108.7894189621009], [33.01494682316866, 24.95578174929862, 20.333345680472778, 20.67832545622824, 27.2276517038399, 31.91708788613018, 36.580838755113696, 72.28222330432739, 76.17917416429485, 85.68221099405157, 93.34088973413724, 100.03048474187963, 95.54047775608022, 87.25384102260949, 78.92617466160907, 38.12619205324471, 28.64796077063317, 19.536673298474486, 10.903565718911956, 0.0, 4.411780849652211, 12.248348367960883, 20.166004553272792, 28.196880691488143, 37.53194752535323, 71.66904237233676, 80.26095085344565, 86.92611627152735, 94.93888275745786, 100.44433989414918, 99.39909506231716, 95.1019135908396, 87.14537600036574, 80.31621357729897, 74.44774314134318, 48.75940624143741, 55.599490619703424, 63.55088499321067, 64.02073679458866, 75.98635929484165, 82.14764798648721, 88.22678368540316, 91.08942329573824, 87.53285117246935, 77.7591391742322, 68.75151655359481, 64.42221875930083, 87.16922052835392, 86.27067516791423, 89.31583049813605, 94.8653836674314, 97.36225989589275, 103.02736960071397, 111.8541769535349, 110.2076131331493, 108.69681090926348, 104.69329539422445, 98.76112331633368, 93.34391073531228, 88.62266669725012, 92.34820503261612, 96.86262592748102, 101.1396619490885, 108.64315125568605, 101.80757572486397, 97.52037777222417, 93.09718749705806, 31.21422479895999, 43.62804787264123, 58.542960685867214, 72.44519716604927, 87.11223430473395, 107.37282678674477, 112.98920432032372, 129.57236248283493, 137.1475054353282, 143.18360328964116, 135.7058859207855, 128.94996902165641, 127.34849411437202, 117.6888060972775, 114.17506080343912], [30.004326601754858, 21.506633626904424, 16.417087582393023, 17.627147028570135, 23.4208967564839, 28.200670596044063, 33.33527163921701, 70.06690343250698, 74.17055035716974, 83.86189666917558, 91.61411765648397, 98.29249148951382, 93.51006147665308, 85.07773415684426, 76.70623322675159, 35.554091542598776, 26.331572125334016, 17.410103602466876, 9.157596426369205, 4.411780849652211, 0.0, 8.981497377275911, 16.97582992290678, 25.14214732994768, 34.66611644282026, 69.73643790155079, 78.56509645678672, 85.50352868156526, 93.81041504259073, 99.36883832369351, 98.09270608368156, 93.6785917233942, 85.49491558378281, 78.47601749440915, 72.48956348495908, 45.7617863755237, 52.01297387726379, 59.59942444631669, 60.02484710672753, 71.9732782970791, 78.0742513716902, 84.29692892394381, 87.47692798510286, 84.18634920253149, 74.18939650226555, 65.7385138456501, 61.89052376943713, 83.39155060910574, 82.26348416836278, 85.2648731910448, 90.88033672176333, 93.4668659209873, 99.30488399210671, 108.41033516454729, 106.54860568367742, 104.91121937157033, 100.83921924383641, 94.83698730385046, 89.48336540080926, 84.81288602125493, 88.3740740535471, 92.91935779856972, 97.30772023062491, 105.08952519166688, 97.98746591271275, 93.59304298950083, 89.13836204093619, 35.01903549881605, 45.326689616730064, 58.456573233620134, 71.35100941167875, 85.34329729032689, 105.05842015513562, 110.03085526528379, 125.91639085244464, 134.0753522654161, 140.6473178603097, 133.496964568095, 127.01106960416827, 125.77356774939983, 116.76781413642648, 113.90773642419624], [24.30122150969255, 14.965057543923244, 12.469703390101987, 19.809300431529707, 21.67838652356162, 24.120868506892407, 28.44650104092491, 63.819630414224754, 67.77195064464638, 77.24929313919958, 85.37942467923993, 92.4625640770249, 87.36764541281471, 78.73091519323424, 70.43342847004017, 27.087748409150986, 17.75465058771997, 9.173049125659798, 4.420788384446602, 12.248348367960883, 8.981497377275911, 0.0, 8.381817753770896, 17.157522693160832, 26.871676597620198, 62.24672629502413, 71.33258735494117, 78.58876791828064, 87.47755762730299, 93.39513623579073, 91.89852707167853, 87.15204124568693, 78.58985507762215, 71.49897707123696, 65.3312822957134, 38.01610161443824, 44.622450721033275, 52.759345054052, 54.903112627916954, 66.92574178827678, 72.18221374832252, 78.14391401208805, 81.64172983137243, 78.05102019719465, 66.82076845775919, 58.533310978532995, 54.553003269984, 81.09308598661856, 78.4143811610692, 80.36666228857712, 85.71418528837178, 88.05600035989161, 94.06409724167085, 103.60563938675224, 101.87705006252824, 100.37206485998625, 96.75744077439813, 91.12057537262659, 86.41564041597616, 82.12510011898436, 84.15874977140766, 88.16435035650012, 92.28619930432222, 100.31171226406859, 93.05157920519287, 88.93333101089661, 85.00913252791402, 43.25140510477653, 53.31941454269952, 64.85472070624158, 76.08729825520098, 88.77224069754415, 107.11282752027574, 110.28004190359725, 123.03035589178864, 130.81061925662874, 137.6603650720766, 130.2488821197593, 123.43345529690343, 121.88708317547545, 112.62243183815455, 109.40164218358535], [17.993053348071445, 8.882023571788864, 11.23072098164165, 22.460210790344203, 20.684114616142, 20.032730175052254, 22.797496533768157, 56.39016368907969, 60.31727325122884, 69.74533498967305, 78.05810000605568, 85.3079645061312, 79.95303874622309, 71.1903880650693, 62.953145038095606, 18.997625857875267, 10.737871841579503, 6.322181271281693, 10.799577764194812, 20.166004553272792, 16.97582992290678, 8.381817753770896, 0.0, 8.992745711582977, 18.704680144234654, 54.460989147751256, 63.74269855822137, 71.26485149893337, 80.51874399315582, 86.57131355600247, 84.82624663794886, 79.89658242378445, 71.08456049934995, 63.871325765381364, 57.59692027161922, 29.779148227653742, 36.74083443116863, 45.53938551852616, 49.03537750973679, 61.032548693040454, 65.65918394094255, 71.19737101148971, 74.6072952884562, 70.6673505053374, 58.8684974154538, 50.48411398106987, 46.517642399757634, 77.55068671044715, 73.57548081461769, 74.57792346787075, 79.56567342773678, 81.58253360554717, 87.52695996507394, 97.1787476961218, 95.72414484705585, 94.46061630243854, 91.35685270347331, 86.2040215509213, 82.10631997210851, 78.18081092468886, 78.8618165047561, 82.30185284209875, 86.04176136632593, 93.99098188088517, 86.86305659211143, 83.13064862989651, 79.76726189576652, 50.430303848796015, 59.14671985358756, 68.9591300366133, 78.50927103474375, 89.9329229502992, 106.90987295266532, 108.49404847945466, 118.47345585182607, 125.39837262646223, 132.271407523182, 124.61796276065509, 117.57171522394353, 115.86698077395569, 106.71081996039912, 103.75148557304773], [11.495027103593664, 6.970415092675252, 14.497292451063403, 26.37006838636878, 21.746326396529625, 17.365851182722114, 17.003987610602668, 47.64147025971308, 51.63809517810089, 61.169806332737274, 69.51369505230477, 76.76264161939345, 71.20823722926274, 62.3742762400599, 54.16267505270099, 11.774964569146736, 9.004730581634524, 12.672226900470534, 19.24459049928008, 28.196880691488143, 25.14214732994768, 17.157522693160832, 8.992745711582977, 0.0, 9.767519299005762, 46.14994171643524, 55.55292894433519, 63.274682407644235, 72.68536096766698, 78.68537150411741, 76.68100433447303, 71.6967876328416, 62.755277081029895, 55.375855289141825, 49.06129387576984, 20.87030249795496, 28.58891126573382, 38.43862359089665, 43.11491056990056, 54.96530920203447, 59.09184741656902, 63.94664909815261, 66.78228537537461, 62.30332798865679, 50.55349517862192, 41.55594977411507, 37.59038896689111, 73.69703416083279, 68.55056359148045, 68.58324612787523, 73.06103106113812, 74.61259975011245, 80.23164218124964, 89.66130609600951, 88.6945293482691, 87.83064602207219, 85.36636606343407, 80.87806862376426, 77.41286234819873, 73.87490320188836, 73.22778685097931, 75.99721109680394, 79.17299499664502, 86.68778067613424, 80.02873598083859, 76.85798458538179, 74.16355942979051, 57.10169343682872, 64.0340426908677, 72.0976564189169, 79.91936696398818, 90.07664114688507, 105.63374137102353, 105.75941289851741, 113.09065778398218, 118.5349895032835, 125.11146077318216, 117.1136376042299, 109.81120303762859, 107.96370437225676, 99.07452814635114, 96.78978228376259], [11.640614462370145, 14.740627416646312, 22.720949860240744, 33.85877703274579, 27.65754388313129, 20.698560259085685, 16.367870430135895, 38.49295798832684, 42.38735780097715, 51.84514468974241, 60.316332791536496, 67.70358370738232, 61.92731298376422, 53.01048973976717, 44.912818095907696, 7.505115029256314, 14.167102367267415, 21.349092438963233, 28.644937623348685, 37.53194752535323, 34.66611644282026, 26.871676597620198, 18.704680144234654, 9.767519299005762, 0.0, 36.9077363824406, 46.440646526109134, 54.40021466513126, 64.06735826136729, 70.09099088672758, 67.7935161115934, 62.681287708210924, 53.551278330951256, 46.02868093437755, 39.653192500915495, 11.390615654899213, 21.1442924058133, 32.58945094371978, 39.254395947798116, 50.507667258328176, 53.67371367861803, 57.4576450714697, 59.522649155960664, 54.18320709376362, 42.247564200531095, 32.19533062054754, 27.856906945874286, 71.93953604552469, 65.30286103926835, 63.954618560437176, 67.66439973610437, 68.54192912307124, 73.70379030310858, 82.82288839960924, 82.54526151268283, 82.22840096352783, 80.66381290767876, 77.09354998905641, 74.5236745707048, 71.54710524914904, 69.09951047839391, 70.89794002354434, 73.262727376254, 80.17053457835891, 74.17026150824809, 71.80576260069822, 70.07275316614323, 65.21522921384656, 71.04931994393516, 77.71821899677823, 83.89368095869412, 92.69508858963647, 106.60540752573414, 105.07428571466886, 109.05026078728648, 112.56770825556455, 118.68008969802128, 110.1429830545685, 102.38483064365563, 100.14899360710938, 91.26143638961645, 89.38804905242722], [44.70167651235328, 51.241588256936424, 59.148372176580665, 69.16205029568752, 62.748359133720676, 54.531212068688895, 46.921918483802884, 20.48996458658936, 17.511088997827695, 19.571822972871384, 29.068987388252886, 38.55592489271247, 33.77302006438552, 26.59476947627599, 22.74007017978762, 36.42475820240726, 46.09427550334156, 54.81573993732286, 62.757775647865174, 71.66904237233676, 69.73643790155079, 62.24672629502413, 54.460989147751256, 46.14994171643524, 36.9077363824406, 0.0, 9.902341801813801, 18.627413357524922, 29.848109700019567, 36.88430399382237, 34.035583276178905, 27.850850004001785, 17.952315256397377, 11.708437462813261, 6.3681729885942175, 29.014135135094147, 35.34972175956973, 45.03091984921985, 55.840324355297945, 61.951326039636555, 60.551658201667905, 58.54701129612829, 55.842005370807186, 46.123420302477356, 37.267182021404274, 24.01417375227909, 14.889461485140053, 88.47108952886771, 78.11042952090634, 71.970466