{
	"dissimilarities": [[0.0, 9.819006874697356, 15.889590436986914, 24.60452018437397, 18.433952988955433, 11.219519374255656, 6.400254454957082, 41.29881190459607, 46.20969594374027, 56.74270389147286, 64.27232787535003, 70.49162532625803, 64.914516780293, 56.26236474879331, 47.82162308653675, 18.36654382690935, 19.914878743816516, 22.61355034374103, 26.867198923731404, 33.02792083105833, 30.00675179638231, 24.29886055995015, 17.985631670488555, 11.445319424016834, 11.618760125197872, 44.677590915594074, 53.695727985160296, 61.19814829996943, 69.75926768032387, 74.86441357901595, 72.61516655816841, 68.20460332855987, 59.751209423226456, 52.09785969657438, 46.151882827663634, 18.983213697669793, 24.771386236607878, 34.00985357533685, 36.083186480796776, 47.95550409021169, 53.18829763237573, 57.69837444403366, 59.138269498643744, 54.701657467153545, 45.99482480688057, 36.49020159442627, 33.843075219797996, 65.62877401818548, 61.111664885405325, 61.65942573312812, 65.93673601501091, 67.31595339422788, 72.21563253360664, 80.7193579204955, 80.09775196623531, 79.5261342002311, 77.14843362737787, 72.96967280141624, 69.32001507814846, 65.71143907369861, 65.59132645554429, 68.40671385513774, 71.31256644086235, 77.90626618024402, 72.06084303333601, 69.13935878774343, 66.43118635516113, 58.8210648528832, 60.579420872527535, 69.05533386636706, 75.2441778408938, 87.30050109499415, 96.54016772697194, 95.98993350673787, 104.12621561548359, 108.36850058943804, 114.42122300602846, 108.98259916722175, 101.3136693816923, 99.55636142698982, 91.88294956079318, 92.30600825601917], [9.819006874697356, 0.0, 8.049882732466482, 19.550234109266267, 15.009011999164668, 11.816318228335508, 13.980613893696367, 50.33631226600331, 54.89276296146071, 65.00253639227067, 72.92942870715986, 79.58131094852273, 74.01222933016894, 65.26141218890113, 56.88216899737499, 18.52485057131236, 14.976017440135177, 14.592016934164313, 18.061440021455322, 24.951505066260218, 21.490094002213137, 14.961432752646756, 8.897473304486898, 6.963692429775098, 14.756258044009192, 51.238874831287674, 60.53587113785961, 68.1578610653812, 77.14139599351182, 82.7142022930865, 80.65975205287805, 75.97688481004029, 67.27171095366033, 59.74690365172429, 53.56730848371364, 24.92800353592702, 30.684075284744594, 39.141278802745354, 41.38211711352213, 53.49456187208188, 58.66666372147031, 64.09091551325812, 66.91884836323734, 63.14540356192901, 52.76991494059486, 44.45606412746685, 41.515026571159524, 69.86040956099318, 65.96918664183518, 67.1538841851578, 72.04115525593616, 73.98413940001413, 79.62082016016369, 88.92079655621438, 87.56087965134613, 86.41664261033455, 83.37086670176858, 78.40173876840979, 74.28600495273206, 70.37396901251832, 71.129263621263, 74.56719853766745, 78.18617286861434, 85.76938176422688, 78.95830462876194, 75.33773062604465, 71.99613593646929, 53.408526548610396, 57.646589887569, 68.3143261062522, 76.12438897243264, 89.16967487154336, 99.77742276401791, 100.24862716694848, 110.25050673857979, 116.72678245460543, 123.53625355103196, 118.49719971175394, 111.07623597768122, 109.27261478374824, 100.98924247506798, 100.04576147836713], [15.889590436986914, 8.049882732466482, 0.0, 12.074068830669885, 9.767564084030829, 12.034033496796077, 17.91629045005003, 57.185121815911856, 62.02064693371645, 72.38343356226265, 80.04677945868055, 86.32522788992844, 80.80275178170918, 72.13741498620976, 63.70171950008186, 26.264927377882504, 20.942432218649508, 16.982238521419255, 16.422112264698896, 20.30410975221098, 16.38351645705466, 12.487158752811666, 11.28638297680612, 14.521519589329385, 22.76016398982569, 59.15906111498716, 68.39017784688734, 75.92128844093196, 84.64469596488715, 89.98599345266803, 87.98578918019936, 83.48817031397527, 74.9421104136018, 67.39338003837877, 61.292549989843444, 32.50120065994206, 36.76991321253146, 43.639254069566185, 43.687854914921616, 55.75725673042721, 61.814233934752515, 67.94833658294083, 71.15581934451909, 68.23712121720624, 58.670871283924534, 51.282270090645746, 49.04432967228205, 69.02405213322528, 66.70151585751572, 69.19124509425248, 74.61902087102587, 77.09307716933802, 82.93349520936222, 92.28445542603025, 90.33413615084042, 88.74384224025214, 84.93801436919986, 79.27197226082652, 74.3872906267473, 70.0361518575538, 72.50033296160386, 76.74799111843738, 80.98580211758168, 88.88448570379884, 81.68162323889484, 77.43996365302051, 73.29786003040095, 48.39120656606637, 51.29266236881023, 62.01267332882061, 70.56981337962976, 84.18743169130785, 96.00716917730638, 97.8552841503971, 110.78211831348604, 118.9031986719459, 126.242581754053, 121.82217554028401, 115.24843778777623, 114.26780164386014, 106.78206992028088, 106.53202842210747], [24.60452018437397, 19.550234109266267, 12.074068830669885, 0.0, 9.75382828020778, 17.481796374918915, 24.38293870806171, 64.64763335973596, 69.89605641829218, 80.68058825371435, 87.64869774460662, 93.07854125759094, 87.81991472664353, 79.48434313791522, 71.0359821805285, 38.045974732186245, 32.58457672224565, 27.090912911008854, 23.044889817079753, 20.67639961616981, 17.621233246655212, 19.800785587049145, 22.445667055472533, 26.321846269692198, 33.842434930672916, 69.1346448128578, 78.03863381666332, 85.24692552066699, 93.20671562112975, 97.89834967649703, 95.9959940790396, 92.00078002394312, 83.95518240991886, 76.41568176567081, 70.61191918934989, 42.7653061425724, 45.61144914036451, 50.76814499630658, 47.399076703221354, 58.93920433159412, 66.41498532741338, 73.00167788655018, 75.80741554683276, 73.79286989461953, 66.58952533191655, 59.735848292941, 58.32689974914686, 67.0738651485762, 67.41703094186732, 71.79031617305999, 77.65210196210242, 80.60112180834214, 86.16796334264565, 94.85343190306558, 92.48407531241254, 90.56581074123388, 85.92597801056905, 79.63394185002632, 73.6745865759524, 68.73871277627096, 73.8088063367372, 79.00828985484797, 83.75432088043146, 91.33144128937788, 84.28807212609024, 79.52062046190291, 74.44483273524361, 42.59853912874066, 40.593004604788874, 50.31040333520956, 59.66053658798366, 74.12516630517278, 87.91025565207956, 92.15598196544957, 109.6323568399563, 118.84254282510597, 126.29436965053762, 122.54746822836647, 117.16590106481863, 117.43442651162405, 111.41410281914344, 112.8223691378793], [18.433952988955433, 15.009011999164668, 9.767564084030829, 9.75382828020778, 0.0, 8.708563261905203, 16.863191801133524, 57.82807723626969, 63.35602908510101, 74.27547912847204, 81.38296761280742, 86.82928169861272, 81.0250845478291, 72.47879491722436, 64.08367594021506, 32.76009615026081, 29.552289740661518, 26.672943634697486, 25.70876441601939, 27.213057288864, 23.407710772552665, 21.69856419775378, 20.723216838775443, 21.7652393791591, 27.6950891748241, 62.75860590942521, 71.8995472101311, 79.50148779107253, 87.93970147149822, 92.72792270938976, 90.38766079225404, 86.1761326712594, 77.79029445767526, 70.02022928173639, 64.11081049187841, 35.204567716484014, 36.529885725225, 41.06936842011649, 38.01239138030419, 49.73281713921564, 56.87621017783084, 63.478243667570155, 66.71757909812213, 64.94055057701198, 57.22604623754458, 51.350192860666745, 50.983776387349586, 60.23153385902048, 59.13606373942644, 62.79182006141326, 68.57036857143332, 71.4612646256279, 77.28964177084872, 86.53268437144969, 84.01320740420861, 82.06690238975045, 77.66624003184744, 71.5782502893367, 66.14155590622168, 61.515404144682506, 65.31371864712972, 70.20084467889586, 74.88977614260129, 82.89865389873992, 75.48612729055111, 70.78698235083321, 66.0234895229483, 51.910565963973795, 49.26771819623549, 55.755576142376704, 62.74547227820759, 75.4361852100884, 86.46714878133126, 88.24965557348835, 102.51365942821954, 111.9620045637806, 120.177929621052, 116.79887147029416, 111.65330963709373, 112.28469902889921, 107.03519536062554, 109.27548626106672], [11.219519374255656, 11.816318228335508, 12.034033496796077, 17.481796374918915, 8.708563261905203, 0.0, 8.598826218240138, 49.403699348735714, 54.9592347005219, 65.87378598957642, 73.06795634549138, 78.63642688436184, 72.65513806454612, 64.01365474103908, 55.63707627116813, 26.7763775265174, 26.185276883165642, 26.130980550156362, 27.888306675222896, 31.9205411003353, 28.19586554346823, 24.122044502528823, 20.038674154713856, 17.353136490461345, 20.70471717899315, 54.52261491129188, 63.66420910808208, 71.37077343173247, 79.9576135502264, 84.78472127649157, 82.2600170659283, 77.95682320144749, 69.4673397244298, 61.63205548253806, 55.722951940000826, 26.95672945256327, 28.300523981687302, 33.89490450566092, 32.36306591092082, 44.41450777214862, 50.94207351056898, 56.88037609651706, 59.6368360356358, 57.153356314941824, 49.13437182997039, 42.67053913409229, 42.38748116421634, 58.4892459786448, 55.5940974779942, 57.912503215647085, 63.15947278260829, 65.5204255078169, 71.12298575592077, 80.32287164483533, 78.37614205280953, 76.892226154053, 73.26946704547703, 67.93563867023515, 63.317051996490065, 59.167597659128894, 61.09199953584478, 65.1592344616536, 69.2231713957523, 76.90684292842737, 69.89036044584888, 65.81858966296954, 61.87357147052048, 57.6310697169893, 55.84971404177567, 61.752631001431254, 67.48428209703472, 79.20492528132702, 88.46884862870895, 88.44455530021982, 99.31332127609936, 107.02362200803752, 114.83897710325573, 110.97632382080184, 105.20412605580232, 105.35927946046412, 99.89144503625567, 102.19692941273759], [6.400254454957082, 13.980613893696367, 17.91629045005003, 24.38293870806171, 16.863191801133524, 8.598826218240138, 0.0, 40.97636505235031, 46.51072951820986, 57.48322178998297, 64.55926719110099, 70.12211583772304, 64.26899440574306, 55.68165118711113, 47.26722204856893, 23.59613970833746, 25.807093036603035, 28.08454590700697, 31.511639623914142, 36.57960339315407, 33.329935450568954, 28.45154039611667, 22.810649109939263, 16.99717109659354, 16.389747532125504, 46.91605323790617, 55.78723230682756, 63.32084394225523, 71.6488637026005, 76.31438253000762, 73.77369802664721, 69.58294909760824, 61.26818525821292, 53.463993693202355, 47.71442399463847, 20.80969206264326, 23.409720128852932, 30.89370844043212, 30.85848492706447, 42.7149714587989, 48.686414312775916, 53.44722452324336, 54.82107563724037, 51.11541744233238, 43.79342462733154, 35.49927051770942, 34.666373882868236, 59.40604855845657, 55.293357362568976, 56.36775499460425, 60.81045345767201, 62.39536910011645, 67.27523703418598, 75.75382415992648, 74.81357110958845, 74.07008556193588, 71.41187116850473, 67.08128908025547, 63.21813074052029, 59.52341077565405, 59.8984918397033, 63.008354995226114, 66.13052899736132, 72.78682338254687, 66.82479743949982, 63.683601507361296, 60.69559787233392, 61.384759217191956, 60.14652174762591, 66.05517954200931, 71.02931604795151, 82.25730308770592, 90.60960274936781, 89.64682109240228, 98.0240353076123, 102.91721814772693, 109.57781800084774, 104.81716068369484, 98.09808770595485, 97.49653598807672, 91.50690314895475, 93.83749922565222], [41.29881190459607, 50.33631226600331, 57.185121815911856, 64.64763335973596, 57.82807723626969, 49.403699348735714, 40.97636505235031, 0.0, 6.7489985309254585, 17.945876772231692, 23.988909776700336, 29.81605110771398, 23.679431020743824, 15.03976003634453, 6.647330932163752, 41.87395448245384, 51.22133370888846, 58.610159044726856, 65.19967569757168, 72.28203974368928, 70.0637731320691, 63.820576610396394, 56.39405714554728, 47.63857179076311, 38.500589387712054, 20.47183691607214, 23.536331196556613, 28.9220699372496, 35.28814794487789, 38.59805015498218, 34.88104594454533, 31.245477864775168, 24.365489655270178, 17.49824375715406, 15.536208320055282, 29.802704750245038, 32.03535734296832, 39.24124212463957, 45.5288891104305, 50.406779414250146, 50.77499027824833, 48.05747078831889, 42.11383756465218, 31.875503686619997, 31.41821986867399, 17.15063906374573, 14.489558152788408, 74.12851797556033, 65.05284599034275, 59.83778041548053, 59.288867463970384, 56.58302465130925, 56.95425665553947, 60.71324319300336, 65.14848585446467, 68.20154917804054, 70.92794539553914, 72.04459467855509, 72.6715608357996, 71.86949234474653, 64.61366524893874, 62.28830845862636, 60.045584048084265, 60.63585315205455, 60.8224704833818, 62.98740234483904, 65.37229939396506, 93.73540609702155, 93.91305779654155, 98.1502674494322, 99.53311348851564, 107.19566782053583, 109.80249983203176, 103.50152428525175, 97.53603553300556, 89.12504676817666, 90.27498389895135, 81.42999152379772, 69.77884917113997, 64.62378118662178, 56.34856120953753, 59.76924448983428], [46.20969594374027, 54.89276296146071, 62.02064693371645, 69.89605641829218, 63.35602908510101, 54.9592347005219, 46.51072951820986, 6.7489985309254585, 0.0, 11.402982659806995, 18.286404094881558, 25.45140478152957, 20.011033731564417, 12.004876394172411, 6.437643877284686, 44.861521399370105, 54.285953343124966, 61.967704485023745, 68.82155184069148, 76.17823927267285, 74.16708549277436, 67.77344416191869, 60.322360216250644, 51.63777609386268, 42.39709474580344, 17.499147351176912, 18.044861119444782, 22.481632009245793, 28.60023952209747, 32.16346914376921, 28.432389904832732, 24.550623727314324, 17.784173375903755, 11.496280400168526, 11.510896855139523, 33.86916853235016, 37.13720708414137, 44.682683894964335, 51.867192381715796, 56.46883790967827, 56.15385332039568, 52.88623710878529, 46.71740802869186, 36.1164946774538, 35.32437239780377, 21.55805301341944, 17.13428781001688, 80.58695667091902, 71.1915479716859, 65.47086179118196, 64.51782302837954, 61.45115404209263, 61.431491605346544, 64.58198787006299, 69.62245580938459, 73.03636906965285, 76.29303109741761, 77.84457345528988, 78.83226406992362, 78.22386060312161, 70.4311491202305, 67.64933261252446, 64.93663837466299, 64.91484479633348, 65.7286453390428, 68.3649891698593, 71.1951821520563, 97.26507812074016, 98.7248517244659, 103.90427760329291, 105.6086982331612, 113.46174407416179, 116.16825570449222, 109.77776022962524, 102.6780328673538, 92.6606036257074, 92.67278308529173, 82.93545516187396, 70.03246280022807, 63.13548820520537, 52.774068406213196, 54.32640367220937], [56.74270389147286, 65.00253639227067, 72.38343356226265, 80.68058825371435, 74.27547912847204, 65.87378598957642, 57.48322178998297, 17.945876772231692, 11.402982659806995, 0.0, 9.55027125716406, 19.027881068518198, 15.373245305243717, 11.732425182842505, 14.253805138965033, 53.24657191675627, 62.756046357676915, 70.79508799818996, 77.97320020326357, 85.6817771222084, 83.85798173135217, 77.24864436624841, 69.7473977686078, 61.16886403212702, 51.850023578966876, 19.557677402316894, 13.95286011012484, 14.326942083515029, 18.828623022666022, 22.401185819274595, 18.048416988691535, 13.657097806127846, 8.387655999620572, 7.991687346140862, 13.774090934087155, 43.28032954197665, 46.73853780356286, 53.860549440787786, 61.99913834488855, 65.63612321931113, 64.12261329941225, 59.774257342213005, 53.116939695601886, 42.30469546037236, 41.91740104415737, 30.253966533751633, 25.82298746373583, 90.26928579137716, 80.21311076999284, 73.53749133270041, 71.75694090333359, 68.03086315917467, 67.23466395146369, 69.28841442209301, 75.28576222156649, 79.31484852021298, 83.55787356723923, 85.99999794943695, 87.77205156701473, 87.63749903774662, 78.72113992369947, 75.04478591822209, 71.44721128706804, 70.31352109788307, 72.24911478530365, 75.77185007693544, 79.47822146439417, 106.38375089485301, 109.08151546477824, 114.85605121284665, 116.52792031885633, 124.15295741420064, 126.27100612324179, 119.16679487375168, 109.3462156150496, 96.70797446705083, 95.13177982720057, 84.3047795688078, 69.84104120242918, 60.560381374007896, 47.796602793409505, 46.981662469553086], [64.27232787535003, 72.92942870715986, 80.04677945868055, 87.64869774460662, 81.38296761280742, 73.06795634549138, 64.55926719110099, 23.988909776700336, 18.286404094881558, 9.55027125716406, 0.0, 9.85562982735843, 9.572262142932152, 12.630310715636924, 18.761887498595765, 62.17905227701889, 71.51596481531011, 79.26685214482616, 86.13041148270658, 93.34115096167956, 91.61416489242751, 85.38585574686236, 78.06853185608126, 69.51830671504602, 60.33198215485002, 29.073431264412992, 22.53451822881432, 19.758917005548504, 18.323451349098534, 18.005612398013934, 13.11211104693005, 12.450531288785468, 14.591182354791295, 17.42953226122141, 23.293528011091706, 51.83636730600664, 54.543504877333625, 60.716399147118615, 67.63888604169792, 70.2290320402375, 68.74507154644365, 63.534106621043605, 55.308746364241365, 44.5640102050221, 47.82739254925616, 37.453081264794356, 34.43221136285702, 93.50547092720785, 83.79651357184358, 77.04341142422953, 74.56669883450897, 70.31251017009511, 68.2094661432533, 68.23458822903225, 75.35401179782279, 80.0950113061314, 85.07094733186891, 88.37618762864781, 90.52152285258506, 90.69511104839088, 81.65387760723176, 77.45806476356583, 73.03455889904326, 70.03093116309039, 73.71911712323273, 78.0608617955244, 82.30185570755195, 112.62949354123612, 114.12817595391905, 118.83531315158072, 119.64041052283416, 126.46652815850814, 127.75313354811216, 120.33951065479869, 109.21507031700094, 93.29866264410991, 89.74798377173312, 77.9038491483388, 62.403953148309526, 51.93865412500354, 39.197482117478636, 41.11043873007344], [70.49162532625803, 79.58131094852273, 86.32522788992844, 93.07854125759094, 86.82928169861272, 78.63642688436184, 70.12211583772304, 29.81605110771398, 25.45140478152957, 19.027881068518198, 9.85562982735843, 0.0, 8.588290991487254, 16.776031816517097, 23.94128303941819, 70.2245310115393, 79.45425940671363, 86.87970408854747, 93.37556136364034, 100.02848669700326, 98.29017323823847, 92.46216028119592, 85.30781477950705, 76.75143074275906, 67.70308642690588, 38.5226982699306, 32.37944028924231, 29.20423285912467, 25.19496950593491, 21.56417412111681, 17.463632447948108, 20.0121809000899, 24.329435647158896, 27.01749425911754, 32.502306136349695, 59.15101293906364, 60.75525011565926, 65.74145191985151, 71.12827971368182, 72.56161242597689, 71.26874595969613, 65.3471729725172, 55.635228725403266, 45.35086741960627, 52.38905929134439, 43.434292842175445, 42.03837351854314, 94.0114008215322, 84.82634304550623, 78.17791992859152, 75.07274408533125, 70.39558093861403, 66.98384303733617, 64.89937798113766, 73.01731781931147, 78.39480798786252, 83.98367939551541, 88.0990800754393, 90.56162860872759, 91.04464096581275, 82.06025764924009, 77.45504941023641, 72.30365531815112, 67.42231277485263, 72.8442432242886, 77.90893188695172, 82.57960195745733, 118.15483003367963, 117.78688425920207, 120.81030754679712, 120.44731747825946, 126.17501931680815, 126.31748165091646, 118.48447657471579, 106.18286407686388, 87.23134452629786, 81.93190442642509, 69.34384321054237, 53.22690656662122, 42.38451197270148, 31.905117609924677, 39.73191095933419], [64.914516780293, 74.01222933016894, 80.80275178170918, 87.81991472664353, 81.0250845478291, 72.65513806454612, 64.26899440574306, 23.679431020743824, 20.011033731564417, 15.373245305243717, 9.572262142932152, 8.588290991487254, 0.0, 9.155944894833352, 17.226293781801587, 64.60025197952486, 74.19430280693929, 81.85064432928924, 88.55427450945199, 95.53990972075034, 93.50463901109768, 87.35788842857883, 79.94029573203238, 71.18670508269793, 61.90922046104494, 33.7110291481481, 29.033580439864952, 28.14554353637353, 27.77449079795259, 26.614470074048537, 21.6678467638057, 21.56427366695642, 22.231576390487675, 22.874915582824908, 27.550505914377794, 52.677190768569076, 53.26283592474934, 57.65527438849034, 63.40837373436765, 64.62202514816718, 62.96784223791316, 57.06795800220601, 47.81012599553703, 37.353475760215325, 43.86265229628559, 35.638754254179446, 35.46071511931715, 87.01148370586539, 77.24850799051578, 70.27832393312752, 67.26181273258808, 62.67676135890875, 59.83199177923972, 59.04936054697309, 66.53643300579449, 71.57605305711066, 76.97067196332321, 80.8517118621156, 83.43399686741444, 83.98365703115063, 74.5192761676402, 69.89528666162438, 64.96620686936829, 61.10816433876122, 65.58508550689287, 70.42365505185936, 75.09759634884902, 115.27748327160978, 114.54560291846677, 117.02794645352013, 116.5053637449776, 122.05113704674976, 121.67146288044565, 113.14407400635828, 100.36447498585517, 83.96410475936571, 81.0226766573111, 69.94778671725022, 55.62619569718449, 47.47066588257762, 39.88471075447219, 47.50339569588088], [56.26236474879331, 65.26141218890113, 72.13741498620976, 79.48434313791522, 72.47879491722436, 64.01365474103908, 55.68165118711113, 15.03976003634453, 12.004876394172411, 11.732425182842505, 12.630310715636924, 16.776031816517097, 9.155944894833352, 0.0, 8.466467023949305, 55.77956012953156, 65.48733106211255, 73.22758752128773, 80.0408562949608, 87.25566114846374, 85.0750127037084, 78.72783545696475, 71.18748677476663, 62.366242926920336, 53.006861297690094, 26.56194530147094, 24.116047897685267, 25.957181204504217, 29.16078985963741, 30.397882863702822, 25.54994425906076, 23.21823978514084, 19.778713376523207, 17.25105646316448, 20.355319900386164, 43.582472538722975, 44.21143178753846, 49.151484214068624, 55.506945394286824, 57.6525289050618, 56.26072936403642, 51.18407708513366, 43.06914170610533, 32.24538638007706, 36.27502829673859, 26.688404425560723, 26.453524310483495, 81.15860562368321, 71.20608833139242, 64.46378819640691, 62.16786737343947, 58.11919246075403, 56.52046273650389, 57.78234212359281, 64.10754574709175, 68.43040091702714, 73.00271760157857, 75.99369897820465, 78.10438389346508, 78.30557962459953, 69.13036882867306, 65.10001725563896, 61.017432512799544, 58.99181036957674, 61.73659455663854, 65.7291420634208, 69.8007951605375, 108.11513185492953, 107.76133380512988, 110.72620524659796, 110.77798951487885, 116.93857257537296, 117.28182781241087, 109.11700241293636, 98.04534497470515, 85.04324039241169, 84.21185896576392, 74.29314148951535, 61.28153914711016, 54.67603991241712, 47.0912299773235, 52.77190183167971], [47.82162308653675, 56.88216899737499, 63.70171950008186, 71.0359821805285, 64.08367594021506, 55.63707627116813, 47.26722204856893, 6.647330932163752, 6.437643877284686, 14.253805138965033, 18.761887498595765, 23.94128303941819, 17.226293781801587, 8.466467023949305, 0.0, 48.07549787942828, 57.613203452902404, 65.15003493093452, 71.81909442899915, 78.92745079873349, 76.7035323525144, 70.43192745771825, 62.952704616253854, 54.15588934097914, 44.91284969540442, 22.70948795218745, 23.293630566938702, 27.349277489620633, 32.52940176680163, 34.988212756672226, 30.75210911140075, 27.597819656415002, 21.875387076724497, 16.41552517801712, 16.8129059908233, 35.77547187557737, 36.953394757179495, 42.8953337890194, 49.120488088482446, 52.62112171251169, 52.18761425890685, 48.31763215453309, 41.2182749330402, 30.502004548942775, 32.44798330963883, 20.351708823169762, 19.39676092925992, 76.29187261798383, 66.78234486289108, 60.83885385818261, 59.466654402327634, 56.122914097760756, 55.584305929700754, 58.261648015358915, 63.5493417796059, 67.1877551213073, 70.75683079580719, 72.74672368481531, 74.06540221334257, 73.73749805929327, 65.55841254865808, 62.43197141225999, 59.32958177850921, 58.73743158578428, 60.08137528794618, 63.09779855093077, 66.27572649882708, 100.10472276461827, 99.82542400847805, 103.2759011075412, 103.93215672039888, 110.81467241788522, 112.2776578503899, 105.0543707774233, 96.74193417225467, 86.32953874974133, 86.71583092746462, 77.46992722002923, 65.33412680353334, 59.769362522908864, 52.05300313775098, 56.75685497520911], [18.36654382690935, 18.52485057131236, 26.264927377882504, 38.045974732186245, 32.76009615026081, 26.7763775265174, 23.59613970833746, 41.87395448245384, 44.861521399370105, 53.24657191675627, 62.17905227701889, 70.2245310115393, 64.60025197952486, 55.77956012953156, 48.07549787942828, 0.0, 10.567454308370062, 19.649634885719735, 28.074751945559196, 38.121811390637994, 35.532003037940605, 27.065358091057785, 18.97945982670363, 11.78243086018649, 7.482563708487486, 36.42646909322838, 45.95450689904097, 53.8870131249425, 64.03763034355477, 70.68663661598228, 68.58983104801688, 63.115520178059434, 53.793151128960666, 46.681506137997914, 40.23214391093732, 14.843154826766245, 25.274450148929255, 36.74420907270253, 45.0704075057191, 56.0492825990435, 58.2585853874417, 61.90925370365353, 64.51482313850052, 58.90206440236801, 45.28523980577664, 35.499213449773855, 29.92808526503266, 78.35414540041431, 71.16168976056728, 69.2718582681402, 72.84618103399143, 73.62155200578704, 78.99277078214335, 88.44042729958653, 88.20289916952463, 87.89367275377634, 86.52802091205785, 83.02840787850764, 80.74866927289247, 77.91239336948216, 74.85118351514141, 76.3864417828186, 78.6601810071972, 85.82919428639434, 79.63117797198709, 77.36406530085242, 75.87759238903789, 66.55419344934081, 74.623365318102, 86.13601860487911, 93.2238251590599, 105.39389748876941, 113.88130592900336, 111.68324052305684, 115.33652445731724, 119.02397744021557, 124.9273136695717, 118.63826057285044, 109.23300395314365, 105.14558588099236, 94.33359628604327, 90.34170407533583], [19.914878743816516, 14.976017440135177, 20.942432218649508, 32.58457672224565, 29.552289740661518, 26.185276883165642, 25.807093036603035, 51.22133370888846, 54.285953343124966, 62.756046357676915, 71.51596481531011, 79.45425940671363, 74.19430280693929, 65.48733106211255, 57.613203452902404, 10.567454308370062, 0.0, 9.379822859475597, 18.09724693042312, 28.644734110426477, 26.30816519882878, 17.730553896251916, 10.719188168374785, 9.011350241384138, 14.162808267174801, 46.09438295142601, 55.305233989085096, 62.81513505545599, 72.51368234235161, 79.105089170205, 77.42549462554051, 72.14774919413989, 63.150958822389235, 56.264062441175696, 49.951403752473965, 24.56726900548079, 33.80667297268321, 44.225337492008656, 50.701689170647796, 62.3155572616971, 65.48541680336012, 70.05261156791478, 73.15030578488212, 68.12881878214972, 54.90867214001309, 45.58790336970883, 40.12265800335434, 82.12598290562586, 76.38098088214183, 75.78235931559186, 80.03726177256242, 81.38335340335583, 87.08626821181204, 96.68726805996661, 95.9464608180594, 95.20749069432667, 93.05204231534252, 88.73916674470111, 85.59871753863361, 82.21975892044613, 80.87218123107354, 83.28854291885193, 86.25045273248016, 93.83494481716346, 87.16936321719866, 84.21599972152345, 81.85915132378283, 57.79073126323281, 68.09475887841829, 81.89268582304399, 90.63692681104058, 104.0634825270138, 114.58663733467338, 114.23228170964796, 121.24242937489487, 126.37554890866802, 132.43845148452343, 126.29927408592648, 117.14040279412029, 113.17624050274857, 101.9668819643241, 97.21353743296903], [22.61355034374103, 14.592016934164313, 16.982238521419255, 27.090912911008854, 26.672943634697486, 26.130980550156362, 28.08454590700697, 58.610159044726856, 61.967704485023745, 70.79508799818996, 79.26685214482616, 86.87970408854747, 81.85064432928924, 73.22758752128773, 65.15003493093452, 19.649634885719735, 9.379822859475597, 0.0, 8.775169828459962, 19.542720171679814, 17.39363947198185, 9.15735930065633, 6.32172242127563, 12.66985254249508, 21.351593471263968, 54.81215253889124, 63.84052845307446, 71.07466340313881, 80.27531144800275, 86.59648341002253, 85.15507406652577, 80.15212875714366, 71.45729562991119, 64.5950849744821, 58.394847801094485, 32.53783119180358, 40.78621080766862, 50.260275460906186, 54.717474144272686, 66.68270673382548, 70.85699574186748, 76.11981272059076, 79.38477340450989, 74.92384489785465, 62.57707127596523, 53.54081446288403, 48.458228825050846, 83.81401699906559, 79.58068329154592, 80.24212340392218, 85.0395080941954, 86.857512946262, 92.70360798691375, 102.25132927548053, 101.09889733035706, 100.01715794241234, 97.16187727582803, 92.18783433305722, 88.2470118206668, 84.3880592111348, 84.72000903609963, 87.92279149226515, 91.44076643783286, 99.21019698906721, 92.28834026753816, 88.77565589831792, 85.64515330599689, 49.346385648176884, 60.77502465485164, 76.17803597692318, 86.21499816041259, 100.60846637963576, 112.87777761576118, 114.26326229383841, 124.48808410622382, 130.77890999357956, 136.97568292686307, 131.09849671096347, 122.40674123727082, 118.89020241241019, 107.90349515103269, 103.31672957163033], [26.867198923731404, 18.061440021455322, 16.422112264698896, 23.044889817079753, 25.70876441601939, 27.888306675222896, 31.511639623914142, 65.19967569757168, 68.82155184069148, 77.97320020326357, 86.13041148270658, 93.37556136364034, 88.55427450945199, 80.0408562949608, 71.81909442899915, 28.074751945559196, 18.09724693042312, 8.775169828459962, 0.0, 10.927731810768098, 9.154873508026473, 4.425391493145324, 10.803035580894335, 19.22742991417925, 28.644064678481964, 62.746986530765874, 71.61705876653281, 78.62131241091947, 87.3423072082511, 93.35030772777954, 92.08618508717936, 87.36423716277092, 78.95947801359387, 72.09939672144125, 66.01746621639357, 39.987308170208735, 47.455351144287725, 56.11989704099111, 58.73362203269226, 70.82093733767466, 75.88348966060643, 81.64294926630977, 84.89605725159673, 80.9090023359062, 69.55068258123539, 60.69275630714803, 55.96671829231785, 85.31000478638512, 82.54198277387172, 84.3364096886445, 89.54258527358178, 91.73076145544827, 97.59632551450952, 106.95770639296425, 105.49546108717813, 104.15318637138643, 100.71314111429594, 95.2192634658136, 90.57540020143351, 86.30931131898588, 88.18610603222382, 92.04937357789836, 95.99432397052885, 103.78774879017413, 96.7661556745761, 92.82059194018773, 89.04078948962774, 41.4098399557642, 53.56064058894319, 70.413441300758, 81.62893781370695, 96.86868207562746, 110.7645203370342, 113.83547150973965, 127.05195883487485, 134.21363146747993, 140.44995253145996, 134.82563436768086, 126.62006505669882, 123.58711725798277, 112.97699074661463, 108.799369377517], [33.02792083105833, 24.951505066260218, 20.30410975221098, 20.67639961616981, 27.213057288864, 31.9205411003353, 36.57960339315407, 72.28203974368928, 76.17823927267285, 85.6817771222084, 93.34115096167956, 100.02848669700326, 95.53990972075034, 87.25566114846374, 78.92745079873349, 38.121811390637994, 28.644734110426477, 19.542720171679814, 10.927731810768098, 0.0, 4.436234871362879, 12.285571041276269, 20.19209051625626, 28.185497383282097, 37.544980854139496, 71.66134243691329, 80.26202360181387, 86.92886289729513, 94.93878430290633, 100.44853572984678, 99.39972790881798, 95.10172526358586, 87.14515376723126, 80.31597469527436, 74.44664320533253, 48.786241163748976, 55.58384828498355, 63.49241063380572, 63.93977648830057, 75.97261618584345, 82.08386668696582, 88.18728302884021, 91.06666839748712, 87.50081737281954, 77.70956585769208, 68.79152966280333, 64.40094991582792, 87.17051549817343, 86.23970218972485, 89.32101043303318, 94.85388640740207, 97.34904089504995, 103.00833713670903, 111.846410297202, 110.20515281653684, 108.69175591335986, 104.69019427901452, 98.75894176012575, 93.33218192881631, 88.62963333010174, 92.32362764343777, 96.85110244465044, 101.12848426702038, 108.6298539744635, 101.79231467824125, 97.50228029056659, 93.07268554885471, 31.311118742131658, 43.76698346053079, 62.557962792849466, 75.21288610957907, 91.48020766149055, 107.44740400750338, 112.7270521270511, 129.57462905544733, 137.19377559027373, 143.17120809346196, 137.7466628483259, 130.09886093409796, 127.64413653988858, 117.60398552144025, 114.17570787362212], [30.00675179638231, 21.490094002213137, 16.38351645705466, 17.621233246655212, 23.407710772552665, 28.19586554346823, 33.329935450568954, 70.0637731320691, 74.16708549277436, 83.85798173135217, 91.61416489242751, 98.29017323823847, 93.50463901109768, 85.0750127037084, 76.7035323525144, 35.532003037940605, 26.30816519882878, 17.39363947198185, 9.154873508026473, 4.436234871362879, 0.0, 8.98965483521642, 16.977730625230627, 25.115418047150357, 34.663407658968566, 69.72067587521856, 78.5586276214209, 85.50017242089292, 93.80870325408581, 99.37534425033697, 98.09320492353622, 93.67583000861669, 85.48961056650678, 78.47001514060592, 72.48157080486996, 45.77189556761664, 51.98202002194441, 59.52557566650787, 59.938290480424726, 71.94826421927327, 77.9976498549104, 84.24513364976954, 87.44698832770771, 84.15043677958299, 74.12655202396307, 65.76314820386297, 61.86280080082628, 83.3869620604655, 82.22541143822761, 85.25728635495972, 90.85757911569797, 93.44318072415128, 99.27913208382549, 108.40047012689766, 106.53983896568887, 104.89891610060498, 100.82851669228657, 94.82648458611192, 89.46660323609362, 84.81220690266866, 88.3418247202581, 92.89831981918688, 97.2880376700555, 105.07353514814834, 97.96456175267708, 93.56652916387462, 89.10669934945483, 35.14696947813749, 45.28057361387773, 62.32765414328258, 74.25495881647873, 90.00994159819295, 105.15115345620005, 109.73412420035518, 125.9121091077782, 134.13075150326355, 140.64028892733478, 135.5707781647044, 128.25865591165353, 126.19626584994052, 116.73071435471803, 113.91641542722175], [24.29886055995015, 14.961432752646756, 12.487158752811666, 19.800785587049145, 21.69856419775378, 24.122044502528823, 28.45154039611667, 63.820576610396394, 67.77344416191869, 77.24864436624841, 85.38585574686236, 92.46216028119592, 87.35788842857883, 78.72783545696475, 70.43192745771825, 27.065358091057785, 17.730553896251916, 9.15735930065633, 4.425391493145324, 12.285571041276269, 8.98965483521642, 0.0, 8.37832226381762, 17.13824244234315, 26.86694544578518, 62.234560707512486, 71.32708241329081, 78.58546142272517, 87.47907100615689, 93.40981767821857, 91.90388891412566, 87.1523767602984, 78.58677145939919, 71.49523029830064, 65.32567624883683, 38.01997724054944, 44.59300503692871, 52.691497797649326, 54.840520672154256, 66.9039854178073, 72.1135504007021, 78.09685547323865, 81.61873998344916, 78.02776247280121, 66.7624500441676, 58.54730185128037, 54.53417691823437, 81.08954007041109, 78.38636398646854, 80.35714953020225, 85.69303404215907, 88.034548796817, 94.04456790931681, 103.60435015824169, 101.87023000699705, 100.36203969280562, 96.74837415590073, 91.11128998324813, 86.40596172762652, 82.12176179453705, 84.13395376221499, 88.14606674698547, 92.26965625433199, 100.3052603379393, 93.03338579322725, 88.91175992093352, 84.98539962522868, 43.38681375791392, 53.18130747178336, 68.4848571323455, 79.09996998093573, 93.90875643731592, 107.22316230452405, 109.90884150395483, 123.02074568319786, 130.8857186514207, 137.65568952897283, 132.48037355901698, 124.79360386111311, 122.36492947624497, 112.61035775084918, 109.41655621712385], [17.985631670488555, 8.897473304486898, 11.28638297680612, 22.445667055472533, 20.723216838775443, 20.038674154713856, 22.810649109939263, 56.39405714554728, 60.322360216250644, 69.7473977686078, 78.06853185608126, 85.30781477950705, 79.94029573203238, 71.18748677476663, 62.952704616253854, 18.97945982670363, 10.719188168374785, 6.32172242127563, 10.803035580894335, 20.19209051625626, 16.977730625230627, 8.37832226381762, 0.0, 8.98541752149459, 18.702804759195796, 54.453471126730655, 63.73978431130543, 71.26282497805776, 80.5221818847685, 86.59047040846087, 84.83432256193683, 79.89919210381917, 71.08406446663186, 63.870401819857626, 57.594643981307236, 29.784219042920043, 36.71592092045535, 45.477187142440876, 48.988172612910006, 61.01586893267968, 65.59745086867343, 71.1559185886244, 74.59044944618803, 70.65304462620065, 58.81509618048755, 50.496184650383796, 46.506499701717715, 77.54898876140425, 73.55543031896377, 74.57125504872025, 79.54876665619678, 81.56542862398847, 87.51307903812989, 97.1835341973322, 95.7202869337068, 94.45407531048322, 91.35095703477859, 86.19785048474449, 82.10233974356383, 78.17751173451194, 78.84360425265962, 82.28797085363921, 86.02956266247756, 93.99133050536854, 86.84987568099791, 83.11440980646584, 79.75027485310086, 50.55152206884532, 58.883152445351236, 72.30913196744848, 81.54451581436294, 95.40296357829628, 107.02596595916094, 108.07512884185597, 118.46190714972523, 125.48479044062695, 132.26507855771007, 126.96141473912648, 119.0136320692493, 116.40598416967146, 106.72909280149457, 103.76662488808066], [11.445319424016834, 6.963692429775098, 14.521519589329385, 26.321846269692198, 21.7652393791591, 17.353136490461345, 16.99717109659354, 47.63857179076311, 51.63777609386268, 61.16886403212702, 69.51830671504602, 76.75143074275906, 71.18670508269793, 62.366242926920336, 54.15588934097914, 11.78243086018649, 9.011350241384138, 12.66985254249508, 19.22742991417925, 28.185497383282097, 25.115418047150357, 17.13824244234315, 8.98541752149459, 0.0, 9.777313393042538, 46.15006091704557, 55.55427676469112, 63.272666798265824, 72.68250542742375, 78.69610379947562, 76.68190456948388, 71.6954273915162, 62.755066851112325, 55.375841958960244, 49.062096450520094, 20.894977271910324, 28.584516501228862, 38.39646103801911, 43.07932534604721, 54.96238802102757, 59.048498664180535, 63.92285301719529, 66.77523258590527, 62.29645195739878, 50.51851453056831, 41.58116176224097, 37.58645076776697, 73.6965039722558, 68.5411244166716, 68.59226322232195, 73.05902692189453, 74.6093727215198, 80.22707309845977, 89.66903898129877, 88.69624239378676, 87.8319169463978, 85.36814329238716, 80.88021963042179, 77.41439572574473, 73.87345990139703, 73.22033950699883, 75.99533175977515, 79.17138947505723, 86.69276471589151, 80.02549512019796, 76.85293600914238, 74.15675658045777, 57.16534262357199, 63.6133962279592, 75.09684799066447, 82.86358591615797, 95.73097184313117, 105.72742034058139, 105.3047296383004, 113.07925002567157, 118.6171805459983, 125.08603844928726, 119.528183272162, 111.2848866007052, 108.53291488171736, 99.103415264511, 96.78191530158469], [11.618760125197872, 14.756258044009192, 22.76016398982569, 33.842434930672916, 27.6950891748241, 20.70471717899315, 16.389747532125504, 38.500589387712054, 42.39709474580344, 51.850023578966876, 60.33198215485002, 67.70308642690588, 61.90922046104494, 53.006861297690094, 44.91284969540442, 7.482563708487486, 14.162808267174801, 21.351593471263968, 28.644064678481964, 37.544980854139496, 34.663407658968566, 26.86694544578518, 18.702804759195796, 9.777313393042538, 0.0, 36.90311508266425, 46.439739333230186, 54.39897782708557, 64.07267645138505, 70.11633007107957, 67.80483060090174, 62.686147204439486, 53.55307423543285, 46.03028194343156, 39.65376531341862, 11.403020037732897, 21.114940692247327, 32.519707784068615, 39.21599588640507, 50.49394738385731, 53.61061079824651, 57.41562846326596, 59.50867125259711, 54.17413262799812, 42.18624000730059, 32.21052903665658, 27.850590483949976, 71.93892504241893, 65.28819447931463, 63.950387526404675, 67.64986453839637, 68.52702169335974, 73.69307539482756, 82.83283866694333, 82.54361695471142, 82.22433031235283, 80.6602407845121, 77.08968820024307, 74.52399777616819, 71.54344029907524, 69.0854535317007, 70.88677113666365, 73.25315699382591, 80.17619781988583, 74.16005793233673, 71.79267435428, 70.06012559352313, 65.31020876946363, 70.61961487297278, 80.45880091375606, 86.78328863098564, 98.54345290112258, 106.72459772467631, 104.60977539358235, 109.03686359190074, 112.66783323217878, 118.67115584006987, 112.70782695680215, 103.93737031363796, 100.77332264381326, 91.34908179145722, 89.40368711901553], [44.677590915594074, 51.238874831287674, 59.15906111498716, 69.1346448128578, 62.75860590942521, 54.52261491129188, 46.91605323790617, 20.47183691607214, 17.499147351176912, 19.557677402316894, 29.073431264412992, 38.5226982699306, 33.7110291481481, 26.56194530147094, 22.70948795218745, 36.42646909322838, 46.09438295142601, 54.81215253889124, 62.746986530765874, 71.66134243691329, 69.72067587521856, 62.234560707512486, 54.453471126730655, 46.15006091704557, 36.90311508266425, 0.0, 9.892307564350089, 18.605609213680506, 29.831213018635395, 36.90101018882938, 34.02944092145709, 27.838123099600967, 17.940530040784584, 11.692777192562122, 6.352333021197564, 29.018319845059537, 35.350211287014766, 45.009025206461565, 55.83499432246509, 61.95211666137816, 60.52310973440295, 58.530203975507845, 55.839866794490845, 46.12564518369247, 37.23408324025957, 24.031059437810082, 14.893662984088065, 88.46867449691302, 78.11062058974116, 71.97