{
	"dissimilarities": [[0.0, 9.765518217962272, 15.887626517815773, 24.596534737414157, 18.446367721342487, 11.208704958317975, 6.391643862576043, 41.30578553182993, 46.21749046911244, 56.74032265459992, 64.24483125369885, 70.50678933974876, 64.9346940468653, 56.26631157393438, 47.82999012619734, 18.21311475424316, 19.8001364478368, 22.57208606256015, 26.86356632470449, 33.04784308218412, 30.038957847930316, 24.276254524917434, 17.900696753856792, 11.265289606676387, 11.388506451634253, 44.63991877722321, 53.6828220634244, 61.196904248140484, 69.75180040696597, 74.8410774571127, 72.60961901683505, 68.20053329950346, 59.746487759583246, 52.08487599879267, 46.1231902808791, 18.781668215041865, 24.613432142082218, 33.9364415989928, 35.92755904400733, 47.86031731213579, 52.918221979726965, 57.57594026326752, 59.13605534705294, 54.73436288712226, 46.3233401341211, 36.581684141108575, 33.84224838981872, 65.61978916858743, 61.717386184823724, 61.603240185193805, 66.32019249114141, 67.28699771805515, 72.19783447978381, 80.71427279732245, 80.98894577310885, 79.13026107757103, 77.11440061052991, 72.91660102707976, 69.29038739752372, 65.69655137720156, 65.52356021025514, 68.36167960444341, 71.28547605556317, 77.90237437825662, 72.84834857491072, 69.1032597886627, 66.36958669364014, 59.10280528098057, 61.20274006300675, 68.95564521278743, 75.50636583456274, 88.06700598620222, 96.3185023455241, 97.69840869922511, 105.2573911738233, 108.28733594186623, 114.18680033368926, 109.1015306298183, 101.69786108187121, 100.44318016857568, 94.06445437082182, 92.53017787506694], [9.765518217962272, 0.0, 8.045529427660679, 19.437109043282135, 14.994797000027877, 11.818735012971777, 13.915139985340033, 50.34477245446277, 54.90633606311772, 65.00029604037377, 72.88023953438015, 79.5747253793847, 74.0297342876834, 65.27065285849797, 56.89726371173977, 18.50598356280225, 14.955680402518437, 14.596859125350393, 18.063439828306514, 24.91274023744546, 21.498192861225082, 14.97145450763823, 8.870296872799129, 6.895887697063952, 14.708690088502443, 51.248552121462964, 60.55022471686906, 68.16465282835613, 77.12127244468631, 82.66495888725778, 80.63780090363866, 75.96750451853624, 67.27846993800992, 59.75457237008792, 53.57303291371333, 24.883851991664695, 30.668634141771115, 39.18215948173541, 41.329183699964105, 53.47907419293639, 58.52925554161646, 64.06437135513212, 66.95559858025578, 63.19442201268934, 53.1012970570342, 44.56090145203001, 41.54896349746791, 69.86864867312195, 66.56703297186999, 67.16629066760078, 72.4103500801421, 74.01252456123834, 79.64282522877339, 88.92906623507275, 88.45365955900402, 85.97504014291623, 83.37723508386019, 78.3970053038525, 74.29073632684046, 70.38250883497916, 71.1199570823969, 74.57757407566723, 78.20544136621892, 85.7825153062823, 79.79508249774402, 75.35235898964184, 71.9896780338004, 53.607950314331134, 58.10713820886004, 67.98409202843486, 76.2743151483872, 89.86406036403427, 99.47409251643694, 101.95747591157044, 111.45126491672995, 116.6144253753213, 123.24890362789377, 118.59103908427699, 111.38506867545189, 110.0903496157373, 103.07743037952791, 100.20801051269608], [15.887626517815773, 8.045529427660679, 0.0, 11.945649045649969, 9.761439229552629, 12.034614312923742, 17.903138258668083, 57.19297256491279, 62.031199652059115, 72.3873975474713, 80.01567654544768, 86.3239826785954, 80.81871034778374, 72.1463227196547, 63.71317177890547, 26.241608268001883, 20.915762973667587, 16.9842237223161, 16.423508443990098, 20.27429924584014, 16.394824900477015, 12.469892462278937, 11.236050275816856, 14.460411099110285, 22.710162916017662, 59.16686423227773, 68.4056090899577, 75.9337781710754, 84.63401243132063, 89.95056116162314, 87.97276626930211, 83.48616518014488, 74.9525138009457, 67.401766602295, 61.29662625787081, 32.45310877632201, 36.747824596695416, 43.672569178383334, 43.61928075747098, 55.733617259920734, 61.66163545490422, 67.91403524520034, 71.19368241388791, 68.29307646437331, 58.99525292574751, 51.390295754152646, 49.079997857003, 69.0329050272432, 67.09811963161414, 69.19900579430359, 74.82926498282775, 77.11908084069151, 82.95487625157406, 92.29495849258902, 91.17528039107992, 88.23432071008436, 84.94042238977889, 79.25987472171, 74.3868726867725, 70.04324411810443, 72.48350170602342, 76.75452983857954, 81.00323542894274, 88.90073136976282, 82.44789757884426, 77.45172389771984, 73.2843439414625, 48.607085115044754, 51.8307937475933, 61.69151152477963, 70.73316136060546, 84.91268914576028, 95.71717542887438, 99.52753130074522, 111.8961074233102, 118.80574832439687, 125.98051282160405, 121.99658771126593, 115.54032927817175, 115.01904720721849, 108.79674315553989, 106.68381875063315], [24.596534737414157, 19.437109043282135, 11.945649045649969, 0.0, 9.654909622246553, 17.37834629575614, 24.394767770604766, 64.62523765331385, 69.87134258926463, 80.67253568583304, 87.64348329645493, 93.08078340707398, 87.81275019680572, 79.4657831595094, 71.0107365945598, 37.915072189577735, 32.44737615609062, 26.99662529037118, 22.969038007528003, 20.674244815471592, 17.580390579286256, 19.63737231932065, 22.266586714236965, 26.139102366138477, 33.681367273637306, 69.08689482937659, 78.01637320115815, 85.24282513394489, 93.2007510972189, 97.88564850764918, 95.98996982402761, 91.99488044889675, 83.94283021768369, 76.3889926802717, 70.56786913435892, 42.6109931628595, 45.47629224741983, 50.68893500749564, 47.20313216819467, 58.81710884799676, 66.12297855460443, 72.86550300185954, 75.7975591050102, 73.82665050712777, 66.86913642872031, 59.81221002851667, 58.318077097622464, 67.04572764152421, 67.40263798754567, 71.71509038459222, 77.56922530158745, 80.55965104058868, 86.13903615013706, 94.84002645093501, 93.20555703150696, 89.95658348774138, 85.86975925092202, 79.54845913279433, 73.61362622208875, 68.69996477252042, 73.7104119942997, 78.94470898808825, 83.71354656290083, 91.32224334007684, 84.86263465379193, 79.46748945249388, 74.35308625934738, 42.913795992712316, 41.447538145427146, 50.14006571342104, 59.95104595963628, 75.00172384874658, 87.71996736496594, 93.70636827926799, 110.4850713468775, 118.78806216227854, 126.11654904230365, 122.83515620060535, 117.45767056967867, 118.10192708903739, 113.31522833079114, 112.97930626577597], [18.446367721342487, 14.994797000027877, 9.761439229552629, 9.654909622246553, 0.0, 8.694000145200366, 16.873871342046076, 57.833266522606664, 63.362385864285834, 74.28095763802507, 81.36200393101072, 86.83165189417487, 81.038784683301, 72.48501291924116, 64.0903805602621, 32.72361412843749, 29.516763538298385, 26.665662175958502, 25.70653423117825, 27.204631787890037, 23.418551253413224, 21.672361076446148, 20.675090665141013, 21.699847161011547, 27.631737614275817, 62.75882095312866, 71.91089790912979, 79.51434088757689, 87.93382011300919, 92.70116490722977, 90.37962609770497, 86.17700942311775, 77.79969740641407, 70.025015688177, 64.10860357529857, 35.13849661192046, 36.485390863532764, 41.085364197889355, 37.90315287373736, 49.68598085308944, 56.67534764686937, 63.42029598747041, 66.7525592892316, 65.00176697002958, 57.56811279425686, 51.46253374983047, 51.015624803175726, 60.236562099326605, 59.33827434521208, 62.7849684110233, 68.61249553503636, 71.47816185569484, 77.30497332431649, 86.54163039683579, 84.79270366948927, 81.50225457368147, 77.65755290056994, 71.5493060198896, 66.12899990643119, 61.51581925327125, 65.278057954763, 70.19506629154047, 74.89894037643674, 82.9141786477587, 76.15916785950748, 70.78835183664053, 65.99233423875229, 52.12669528897761, 50.042038259176906, 55.76754272325209, 62.94635352883321, 76.13559193063367, 86.1775931039722, 89.93053636092294, 103.54624231083977, 111.87273404779071, 119.9266765983776, 117.14966713203053, 111.95234124156646, 112.9500868089773, 109.02878121194217, 109.42778811390754], [11.208704958317975, 11.818735012971777, 12.034614312923742, 17.37834629575614, 8.694000145200366, 0.0, 8.555906340398307, 49.41086380446346, 54.969663568686734, 65.87732424808625, 73.03177776981197, 78.63127828333914, 72.67027123189169, 64.02213113876728, 55.64838603297844, 26.76432163281651, 26.17407913919787, 26.13816759996645, 27.891636491860336, 31.896518381641982, 28.20134823765052, 24.11992005678141, 20.020276475025142, 17.314021875036687, 20.660341092206124, 54.53461561370305, 63.68280468604518, 71.38453194908472, 79.94449181099824, 84.74391869609529, 82.24368636243913, 77.95355609888693, 69.47901520086397, 61.64210265011098, 55.729361004045906, 26.908525342037787, 28.283169709438297, 33.94952939469861, 32.277149373382855, 44.39052306561439, 50.764476686934, 56.84631276553626, 59.68584294563883, 57.22342944441062, 49.53056194212689, 42.80451855150375, 42.43174730873177, 58.49960410224984, 56.027659870277084, 57.92747673930102, 63.374890428217995, 65.5560321263557, 71.15082570984205, 80.33479987907265, 79.21917314345501, 76.40698772901136, 73.27371293232054, 67.92310444700976, 63.31719287247346, 59.176203493295134, 61.07495762742189, 65.17075918039032, 69.24690142448378, 76.92653978787655, 70.64420274651431, 65.8359967484169, 61.86019352060129, 57.804849436433486, 56.520594821561474, 61.75944760234355, 67.63951419695378, 79.82961619357015, 88.14428470251218, 90.16244156507499, 100.43615882951872, 106.91328853927341, 114.54743916393997, 111.26474162116256, 105.51025482618964, 106.06144624396846, 101.95016062991469, 102.34772669863915], [6.391643862576043, 13.915139985340033, 17.903138258668083, 24.394767770604766, 16.873871342046076, 8.555906340398307, 0.0, 40.978560138580775, 46.512830171704216, 57.476949027009944, 64.53671596658808, 70.14322902138747, 64.28777744191379, 55.68064743834157, 47.269713129139575, 23.430924045571956, 25.683378464433783, 28.030460864850653, 31.50034014231343, 36.60725758271188, 33.361471229513455, 28.41727497294591, 22.715451076098514, 16.833136618893256, 16.1744636046111, 46.85931745332193, 55.760703101369934, 63.312228768182074, 71.64299421528138, 76.29857419887429, 73.77162938015765, 69.57758470448415, 61.25550589090432, 53.44019782195769, 47.67083736813798, 20.57115356355326, 23.181104987590302, 30.75761474905343, 30.63114395664787, 42.572198828176724, 48.34152752362695, 53.275470164393816, 54.79775304761998, 51.13604954308032, 44.10921427693358, 35.570543155753484, 34.64331739438223, 59.3859650262071, 55.7979787210742, 56.27526268032075, 61.08292233015798, 62.33753998801678, 67.23707911615354, 75.74075387496723, 75.6655148631142, 73.63239105674168, 71.35672209862152, 67.00204525897298, 63.16906095097739, 59.49434826410208, 59.798475128206064, 62.93442544746989, 66.07974892536159, 72.7731147582225, 67.54686753483647, 63.621084843036904, 60.603639510025744, 61.687935037095706, 60.9278290842957, 66.19593194573692, 71.34733156135829, 83.02689994100226, 90.40815628031771, 91.38365126263787, 99.11641836672351, 102.84560476551339, 109.36001297645672, 105.08138960857056, 98.5131929122659, 98.34773115243138, 93.7041450084913, 94.0765441462266], [41.30578553182993, 50.34477245446277, 57.19297256491279, 64.62523765331385, 57.833266522606664, 49.41086380446346, 40.978560138580775, 0.0, 6.748629444837153, 17.966286330111352, 23.920919028289404, 29.786118627261697, 23.68891004525109, 15.042058705037718, 6.6465628976638, 41.875252348689926, 51.224404881872076, 58.62212122745841, 65.2087281188336, 72.27702820036409, 70.07273950854504, 63.82777623021368, 56.39576989708976, 47.631018344081, 38.48139801038153, 20.505092906208887, 23.592241021017248, 28.969332800550934, 35.26533099371751, 38.51881396625719, 34.84440138653005, 31.243455877004696, 24.40330274448807, 17.526430683131977, 15.546905131321603, 29.762662390645108, 32.03121767256582, 39.30533020276916, 45.47166504739977, 50.39266041957152, 50.59516496494202, 48.022092394998374, 42.197369666141114, 32.031752788718755, 32.10383906219883, 17.547558528150976, 14.651805432693235, 74.14309360879317, 66.22206244222771, 59.86157677370377, 60.39962034794635, 56.63405466717382, 56.99622121140093, 60.732150085035954, 66.1965212718846, 68.41950828397094, 70.93560656624736, 72.03612420674, 72.67625782177447, 71.88242764274204, 64.60197336035955, 62.30701844990473, 60.07989050316894, 60.6677776674804, 61.71118778033041, 63.01264200084828, 65.36398993508259, 93.84447758001618, 94.29326416049729, 98.11341795345204, 99.63697248740846, 107.67552487325024, 109.53800462092174, 104.98783445547762, 98.65471662094656, 89.0032020638954, 89.92342300448342, 81.01780143831456, 70.17784281248424, 65.7046503934751, 58.81788388606781, 59.97445502518997], [46.21749046911244, 54.90633606311772, 62.031199652059115, 69.87134258926463, 63.362385864285834, 54.969663568686734, 46.512830171704216, 6.748629444837153, 0.0, 11.438776713061456, 18.1831026376658, 25.395770207566006, 20.013322960978094, 12.00877651077386, 6.438897915427298, 44.880322814160046, 54.3014697887979, 61.98661632028041, 68.83368119102335, 76.17090208662671, 74.17560610594771, 67.78561485785782, 60.33242199412129, 51.64130226529958, 42.39387097366018, 17.572457376499536, 18.14290414249455, 22.552841288288157, 28.56429819839098, 32.05160555262294, 28.37487613516743, 24.544913576748485, 17.848632287278594, 11.564130665871474, 11.560827513338003, 33.85705065640931, 37.16179489679601, 44.76817236934174, 51.83653798060839, 56.476621417283106, 56.021842970567945, 52.88313852323659, 46.81135511341859, 36.27116844090925, 35.96861774873684, 21.90601267102589, 17.303109691850192, 80.60712957226502, 72.42098493981587, 65.51320465365899, 65.71247199510675, 61.51868087103336, 61.485960489163354, 64.60594163924888, 70.67745349219963, 73.32492653909, 76.31308752870973, 77.85075209769155, 78.84710718729738, 78.24386195229354, 70.43695655442691, 67.68427004190106, 64.98492178345899, 64.95277649616615, 66.63719074929828, 68.40487668939826, 71.20334603796209, 97.3550397051157, 99.0224586389772, 103.7645520707068, 105.6869388189536, 113.93489900174072, 115.89948063767021, 111.22812594760151, 103.80517624658053, 92.53319017904236, 92.30867579904135, 82.32849280294617, 70.40121762922284, 64.28036584353822, 55.26127687546966, 54.517605278581605], [56.74032265459992, 65.00029604037377, 72.3873975474713, 80.67253568583304, 74.28095763802507, 65.87732424808625, 57.476949027009944, 17.966286330111352, 11.438776713061456, 0.0, 9.397727926222487, 19.07741959752136, 15.4488659960557, 11.752467693676293, 14.284815034078706, 53.20462675863242, 62.72937103670961, 70.78757683769695, 77.976988026799, 85.68865070177851, 83.87409574256738, 77.25211695781448, 69.73582779622132, 61.14757105262097, 51.81203250628709, 19.486470623146356, 13.92079332806004, 14.339599857091201, 18.809664038384394, 22.3314159834706, 18.031879687913985, 13.650126249370333, 8.377363710270728, 7.926932318860049, 13.693011796555714, 43.20709751308468, 46.66815087212609, 53.824326635934625, 61.9246600730992, 65.57780625248432, 63.918687646670634, 59.66890348298413, 53.12070180001931, 42.352246584344186, 42.27948797933785, 30.367729123260006, 25.829803579539064, 90.26599071230864, 81.47637979141068, 73.4989368216241, 72.97302150370298, 68.00963377788322, 67.22138820107611, 69.28538231693753, 76.28113235798101, 79.65983502406078, 83.53291215479352, 85.96399022775456, 87.75603890224426, 87.63110852645082, 78.6743611935904, 75.01126412341969, 71.42649647002372, 70.31241130050451, 73.09189312733466, 75.74568881890515, 79.43597694425716, 106.54815480625165, 109.41996705951054, 114.76720201059419, 116.70070629114643, 124.70871648467408, 126.08012153100013, 120.62660009254783, 110.48863908630258, 96.61568668172464, 94.85055175646947, 83.61334268606709, 70.37120269186813, 62.01970988665255, 50.56705774077672, 47.390181002952126], [64.24483125369885, 72.88023953438015, 80.01567654544768, 87.64348329645493, 81.36200393101072, 73.03177776981197, 64.53671596658808, 23.920919028289404, 18.1831026376658, 9.397727926222487, 0.0, 10.061864687544055, 9.551582592489268, 12.482665713890242, 18.6583793557011, 62.04492595422153, 71.41475093158907, 79.20668216762994, 86.0980474903988, 93.34168856262191, 91.60894841203702, 85.34214606867205, 77.9978655210203, 69.42750938336769, 60.209918145104645, 28.85256500969444, 22.340800172483235, 19.655522182273003, 18.318193043768073, 18.046316190346605, 13.152393524829197, 12.392077755072913, 14.410489428581702, 17.21042495451829, 23.06657371895423, 51.65285557699614, 54.348320054620906, 60.5475916813017, 67.45945210933385, 70.06322217223, 68.38583338778285, 63.27811598299338, 55.210911178212385, 44.52871900291224, 48.03774624471508, 37.445827241783, 34.32117725017033, 93.45763465660671, 84.91129992671462, 76.89595931530879, 75.66069070589714, 70.17960178807273, 68.10453208410254, 68.18342443823856, 76.23624540942885, 80.47495897806529, 84.96749631535444, 88.25714284036445, 90.44067044663355, 90.63673957103643, 81.51288225343686, 77.32549563979407, 72.91879622305736, 69.9758058121226, 74.37539557855779, 77.94114383049434, 82.16878196675918, 112.83204808628278, 114.53562061566464, 118.85480456563548, 119.88485853261618, 127.07497222687708, 127.64723579317963, 121.69661124141776, 110.16912067850257, 93.25676351029892, 89.58051660420102, 77.15542753414739, 63.08849506670998, 53.64853306243925, 42.262870645192336, 41.70818986513404], [70.50678933974876, 79.5747253793847, 86.3239826785954, 93.08078340707398, 86.83165189417487, 78.63127828333914, 70.14322902138747, 29.786118627261697, 25.395770207566006, 19.07741959752136, 10.061864687544055, 0.0, 8.48101423623413, 16.718971466079516, 23.875806728344596, 70.19243157695384, 79.43017122713887, 86.87465043151718, 93.37398803288318, 100.03286031691053, 98.29351549757422, 92.44803782106528, 85.28624229824035, 76.71637079082812, 67.65378952659565, 38.49623985398452, 32.39644867129539, 29.2729554079699, 25.23022376537416, 21.561961128502436, 17.48735458656377, 20.066086292602677, 24.366119114019718, 27.00085915989415, 32.45695805789806, 59.08007053176034, 60.70620072152547, 65.74185198835781, 71.0353061620499, 72.50659669101377, 71.04657430716829, 65.25461600977067, 55.68384966326647, 45.486960984773454, 52.8674160380545, 43.629133821357286, 42.0899348357777, 94.01336327017249, 85.92704697503311, 78.15871515731892, 76.24986744450464, 70.40413630831401, 66.99546605834671, 64.91163648836034, 73.9174814560666, 78.97010937728844, 83.95883949202067, 88.0534766386927, 90.5386055356214, 91.03942339321497, 82.00895462574299, 77.43495199672732, 72.30329619092325, 67.44859898683838, 73.48579730041327, 77.89849966113988, 82.53294812739969, 118.25263379266892, 118.09767909574705, 120.78478942008705, 120.55870046600508, 126.62414960181873, 126.15211553881957, 119.65784732542699, 106.98244389255858, 87.17210600583873, 81.67177199783247, 68.28400980189856, 53.693884393144145, 43.84660178649802, 34.659010977364694, 40.01639508044062], [64.9346940468653, 74.0297342876834, 80.81871034778374, 87.81275019680572, 81.038784683301, 72.67027123189169, 64.28777744191379, 23.68891004525109, 20.013322960978094, 15.4488659960557, 9.551582592489268, 8.48101423623413, 0.0, 9.177263775886312, 17.22503428886181, 64.61847318387488, 74.21110635335125, 81.87248055102468, 88.57114676611673, 95.543775459664, 93.5187965804872, 87.3719356478886, 79.95261275550989, 71.19246469089536, 61.9090808418029, 33.75882839719856, 29.11341939962455, 28.23433711404449, 27.773563068990068, 26.52730936213596, 21.634482802198093, 21.598652209139, 22.312523375058525, 22.925711106251036, 27.57948683974526, 52.66996899985206, 53.283298587674366, 57.728748865799595, 63.37806796793796, 64.62822889007923, 62.83367277399604, 57.06056129644665, 47.91644373975048, 37.53804050625959, 44.43906304997901, 35.89218489826483, 35.56520608741613, 87.03566703260715, 78.46825305049158, 70.32023923319358, 68.53610080139559, 62.74847882918652, 59.89449895438759, 59.0841490279407, 67.51152122895407, 72.14576494392416, 76.99024899696123, 80.8545454330401, 83.44809298838881, 84.00609810911551, 74.52227626396551, 69.93084562687228, 65.0188594517212, 61.15970044966901, 66.34132443245002, 70.4653575249062, 75.10324235792757, 115.35923887498889, 114.88309264893152, 117.05740289590551, 116.58103020057385, 122.42745924446342, 121.43489549688273, 114.4248717181287, 101.34052798429359, 83.84932584833582, 80.64880678681288, 69.13423341919571, 56.049777189281286, 48.7221927377602, 42.47913169482526, 47.704372201704764], [56.26631157393438, 65.27065285849797, 72.1463227196547, 79.4657831595094, 72.48501291924116, 64.02213113876728, 55.68064743834157, 15.042058705037718, 12.00877651077386, 11.752467693676293, 12.482665713890242, 16.718971466079516, 9.177263775886312, 0.0, 8.471457848999663, 55.78278696518038, 65.49265836316566, 73.23934487202345, 80.05120786393088, 87.25328591584751, 85.08611032494422, 78.73898292653237, 71.19325456217962, 62.365492860123, 52.99778222577474, 26.585122525468165, 24.16523342603352, 26.00292027424529, 29.128263445475326, 30.292696255271252, 25.495096731653756, 23.209121364254056, 19.818186799062264, 17.275122986094914, 20.36191530418366, 43.55900476929626, 44.20928271402175, 49.20033140317151, 55.46484710379737, 57.64116849920076, 56.10278005237277, 51.149831328391514, 43.14579186191881, 32.39034250101219, 36.850837270019376, 26.930719175421753, 26.536487437218096, 81.17207522647779, 72.45537506499986, 64.48442257545445, 63.416866204443785, 58.165656678113365, 56.55956127824468, 57.799545724144, 65.11926194241754, 68.86401962136995, 73.0096120757335, 75.98667798801611, 78.10994715639323, 78.31796001320076, 69.12019728937378, 65.11644841936102, 61.04865841345201, 59.021469262546155, 62.562440804137346, 65.75163920095059, 69.7936973958265, 108.21906415871182, 108.14125757317274, 110.7759057568507, 110.87909383961399, 117.34992892807276, 117.03032176303468, 110.51970108865171, 99.14096863838873, 84.9136413155549, 83.83425804036165, 73.722522783109, 61.73786368590613, 55.88996903453387, 49.70981722849469, 53.00734605154441], [47.82999012619734, 56.89726371173977, 63.71317177890547, 71.0107365945598, 64.0903805602621, 55.64838603297844, 47.269713129139575, 6.6465628976638, 6.438897915427298, 14.284815034078706, 18.6583793557011, 23.875806728344596, 17.22503428886181, 8.471457848999663, 0.0, 48.09876457126927, 57.63224737979459, 65.17092761684596, 71.8324267548515, 78.92016602102652, 76.71231345608204, 70.44581076816598, 62.96535555201902, 54.16277000281468, 44.91432195571543, 22.775575091438306, 23.377082639786043, 27.411605392124137, 32.4967785156485, 34.88153517621073, 30.696417279933762, 27.592971311758326, 21.932317427883767, 16.470086540882566, 16.856128230216424, 35.770729292203534, 36.98600087071391, 42.99278195319241, 49.091653608518115, 52.633712863710095, 52.051117637128854, 48.32108578604473, 41.33026987347304, 30.691773000124336, 33.162035380367, 20.73123144807884, 19.5552195489794, 76.31380506196842, 68.00782854572913, 60.88917731046118, 60.67289010514482, 56.202064695035055, 55.64812332564146, 58.288832070630136, 64.60194657728972, 67.52125530847154, 70.78007524990434, 72.75474079374713, 74.08197695441051, 73.75942391943184, 65.56709873484962, 62.47346485420112, 59.38609606353459, 58.7810489638323, 60.96591516696773, 63.144481556068556, 66.28674910608783, 100.18866279303559, 100.18384708661372, 103.26334202343276, 104.00406002846134, 111.22965422456848, 111.99571602185303, 106.49180533082531, 97.85371898321193, 86.19104965648255, 86.3229340170262, 76.96865350830986, 65.71524765368069, 60.84858625276619, 54.53896859106264, 56.93216109950302], [18.21311475424316, 18.50598356280225, 26.241608268001883, 37.915072189577735, 32.72361412843749, 26.76432163281651, 23.430924045571956, 41.875252348689926, 44.880322814160046, 53.20462675863242, 62.04492595422153, 70.19243157695384, 64.61847318387488, 55.78278696518038, 48.09876457126927, 0.0, 10.570731322262853, 19.632004818425706, 28.060861788653337, 38.052523357129644, 35.52480398993157, 27.102772615595516, 19.002179979846755, 11.829743980635802, 7.5368439443725395, 36.42808773883137, 45.945741692080084, 53.850804455604234, 63.96840166223363, 70.57618772702115, 68.52442345864164, 63.064333183366955, 53.769339919784684, 46.67296916516387, 40.23366447721394, 14.847498990896213, 25.27826262941403, 36.77973987729162, 45.075682600741935, 56.05498990190195, 58.19639193668901, 61.90715392673265, 64.5276746147771, 58.89488243889057, 45.515487222372705, 35.51344628216407, 29.910956465032843, 78.35308560930673, 72.19755970056598, 69.28832229380787, 73.5718464911174, 73.64387421685976, 79.00499743957515, 88.43298434768104, 89.18195664442521, 87.58477628986631, 86.54125746384584, 83.04315299678422, 80.76387877148791, 77.9182347736698, 74.86156270116611, 76.40034471751062, 78.67465596353249, 85.82134934283079, 80.62641226746109, 77.3782120589387, 75.88896485981883, 66.72717460494087, 74.92079059563852, 85.74938346633031, 93.346268983386, 106.02152322487885, 113.53898096651704, 113.48160273867556, 116.7886530327875, 118.86206603153937, 124.56733319344725, 118.55021930883234, 109.58206856979258, 106.14269391420255, 96.5987387863084, 90.53316264880814], [19.8001364478368, 14.955680402518437, 20.915762973667587, 32.44737615609062, 29.516763538298385, 26.17407913919787, 25.683378464433783, 51.224404881872076, 54.3014697887979, 62.72937103670961, 71.41475093158907, 79.43017122713887, 74.21110635335125, 65.49265836316566, 57.63224737979459, 10.570731322262853, 0.0, 9.35191078064847, 18.07498383435067, 28.559054009140812, 26.294308232083328, 17.76811006146082, 10.739869557749756, 9.043866687577168, 14.17548725634403, 46.10192972819283, 55.30646000565891, 62.795084331824405, 72.46182335143318, 79.01630306713258, 77.37534123927313, 72.11177242441927, 63.139059281040446, 56.262727400608036, 49.95651033682575, 24.56431171290303, 33.81334348569749, 44.265086022906836, 50.699606959678995, 62.3217666646618, 65.42187547881358, 70.05275902033185, 73.17130803465119, 68.13823367925235, 55.13711396762094, 45.62631331516606, 40.12580111925566, 82.12882711294007, 77.24784352206426, 75.80225781219798, 80.6284755276871, 81.41036210523131, 87.10374957117922, 96.68615155949696, 96.89755410738194, 94.83090084108082, 93.06681309936992, 88.75293804566773, 85.6137460514166, 82.22807846293158, 80.88233450631583, 83.30551724200694, 86.2692952393898, 93.83486052997169, 88.12292358647582, 84.2337857897425, 81.87043032209088, 57.97057192450761, 68.31883917534677, 81.33499130108191, 90.75325128668337, 104.7475189600002, 114.25923763208922, 115.98933372347415, 122.62073889959413, 126.23218276482987, 132.1101790435432, 126.2044529159022, 117.45650331590278, 114.12879261512713, 104.12218325983503, 97.38421871762165], [22.57208606256015, 14.596859125350393, 16.9842237223161, 26.99662529037118, 26.665662175958502, 26.13816759996645, 28.030460864850653, 58.62212122745841, 61.98661632028041, 70.78757683769695, 79.20668216762994, 86.87465043151718, 81.87248055102468, 73.23934487202345, 65.17092761684596, 19.632004818425706, 9.35191078064847, 0.0, 8.785164079105806, 19.48957153134529, 17.414840764408094, 9.21566881305866, 6.324529496200409, 12.661895776748482, 21.336331879309085, 54.81851204268019, 63.848621862062664, 71.07243897331072, 80.24942908908936, 86.54198832347245, 85.12966157551635, 80.13720572304021, 71.45835437841926, 64.60061512966095, 58.40079932048774, 32.51381260733896, 40.77470842449167, 50.283588131162816, 54.6917930805371, 66.67426234658873, 70.76036845460726, 76.10015822639721, 79.40734446527809, 74.94838415226934, 62.810477034817545, 53.600392074117714, 48.47501345352372, 83.82070600820491, 80.25537429637845, 80.25059416974375, 85.4825731685979, 86.8769054745218, 92.718647119193, 102.25599504116767, 102.01312251424045, 99.57999774940804, 97.16993100731801, 92.19021356033838, 88.25603752076141, 84.39679850406671, 84.71745564230241, 87.9310064085233, 91.45449928094345, 99.21638096263574, 93.17744740532741, 88.78656236618878, 85.64473560996035, 49.58859338626568, 61.0119075998454, 75.53696525852213, 86.3678022507311, 101.37449445256772, 112.59571455449925, 115.97180658781627, 125.76045418355298, 130.6666606176036, 136.69889133515528, 131.04235115786287, 122.71591630818487, 119.80545624624611, 109.97919413944827, 103.4910908954176], [26.86356632470449, 18.063439828306514, 16.423508443990098, 22.969038007528003, 25.70653423117825, 27.891636491860336, 31.50034014231343, 65.2087281188336, 68.83368119102335, 77.976988026799, 86.0980474903988, 93.37398803288318, 88.57114676611673, 80.05120786393088, 71.8324267548515, 28.060861788653337, 18.07498383435067, 8.785164079105806, 0.0, 10.855697421845818, 9.165570186090386, 4.389877995067859, 10.761762481663034, 19.1908274790837, 28.612724419456566, 62.75785434685869, 71.63376864312734, 78.63358238025991, 87.33063702104765, 93.31349418816528, 92.07240303786001, 87.36174548258481, 78.97025341179842, 72.10929105208139, 66.02441521982198, 39.956752179423006, 47.44686392324958, 56.15335969183367, 58.6939103510299, 70.8110287862695, 75.77444953667853, 81.62410281440003, 84.93076332908205, 80.95563844349353, 69.82038086001918, 60.78311595208733, 55.999896114410255, 85.32075795276025, 83.03736176897097, 84.34987242767511, 89.86622909694921, 91.75807336452152, 97.61876153075087, 106.96911417491872, 106.37735821769779, 103.67746934310225, 100.72167209346836, 95.21754272804985, 90.58178396577178, 86.31974385938237, 88.18074626205788, 92.06136615866193, 96.01420169561422, 103.8035306218523, 97.59726871741988, 92.83632174000215, 89.0378497909071, 41.64807538383172, 53.747127054146866, 69.63442095708726, 81.76635472994425, 97.66984408156112, 110.50091310770014, 115.45921952816214, 128.2038282694546, 134.1208186541475, 140.2024164049791, 134.77792583690507, 126.8920046441356, 124.42986735233607, 114.93930082952824, 108.94637055924596], [33.04784308218412, 24.91274023744546, 20.27429924584014, 20.674244815471592, 27.204631787890037, 31.896518381641982, 36.60725758271188, 72.27702820036409, 76.17090208662671, 85.68865070177851, 93.34168856262191, 100.03286031691053, 95.543775459664, 87.25328591584751, 78.92016602102652, 38.052523357129644, 28.559054009140812, 19.48957153134529, 10.855697421845818, 0.0, 4.36100790449857, 12.114531214002913, 20.069777426358225, 28.075281992298954, 37.45146493428937, 71.6477022700449, 80.2663264379704, 86.94380194774973, 94.940927952572, 100.43716697520262, 99.39912299920076, 95.10719874370218, 87.15223449796306, 80.31244852463544, 74.43125646465553, 48.7008632745192, 55.526785284936174, 63.48429644479789, 63.84016438503726, 75.92049174592708, 81.90394134869425, 88.12238565797719, 91.08841319749999, 87.55327422369238, 77.98922136782706, 68.89056624549514, 64.42516571084799, 87.16933446417588, 86.47800592240108, 89.30137170727156, 95.00700630594372, 97.35110423189343, 103.01289973655987, 111.8517356896092, 111.02565933192295, 108.16598882767471, 104.67281701032555, 98.72231989344573, 93.31112347855506, 88.62249496221094, 92.281005560097, 96.83438483504662, 101.12619282225363, 108.64083972922663, 102.51376555854509, 97.4923737888301, 93.03411935013692, 31.64159910703354, 43.97340875429839, 61.647940015718625, 75.39006794439544, 92.3827134850028, 107.25213535826191, 114.2190406860554, 130.5251512827124, 137.13609684201717, 142.98673550943016, 137.71463671021837, 130.34746120111618, 128.41788073012555, 119.43806026927774, 114.31188526249178], [30.038957847930316, 21.498192861225082, 16.394824900477015, 17.580390579286256, 23.418551253413224, 28.20134823765052, 33.361471229513455, 70.07273950854504, 74.17560610594771, 83.87409574256738, 91.60894841203702, 98.29351549757422, 93.5187965804872, 85.08611032494422, 76.71231345608204, 35.52480398993157, 26.294308232083328, 17.414840764408094, 9.165570186090386, 4.36100790449857, 0.0, 8.911659415126003, 16.93347835623943, 25.06907583015675, 34.62499626764487, 69.73803263744473, 78.58532351251428, 85.52755854244496, 93.81182584439469, 99.35641615951174, 98.09185050378343, 93.68657035522769, 85.51128447990634, 78.48611192438035, 72.4918586476083, 45.738518240052485, 51.97850692696132, 59.57221717596706, 59.88454666150194, 71.93787693372084, 77.87258265531203, 84.22741249813254, 87.49650325657832, 84.22204892297721, 74.44242568064398, 65.88654702619542, 61.913542006753794, 83.40388555353157, 82.5189511667093, 85.27755492594756, 91.04269237612519, 93.48067080191738, 99.31098497915232, 108.42023218547415, 107.37841103546408, 104.38381640930575, 100.83858104895242, 94.82099663580114, 89.47128380168537, 84.82606907729576, 88.3341643092164, 92.9156387793382, 97.31596624495518, 105.10089874820848, 98.72224344543746, 93.58885237815952, 89.10184415696415, 35.37151673493712, 45.50480854501235, 61.497440203085546, 74.37947797482165, 90.82864159986593, 104.90289689804604, 111.2702308473841, 126.92850959621596, 134.05767535944634, 140.4197734643188, 135.5844554033176, 128.4982221216848, 126.94476543528029, 118.5938849360174, 114.03948410344844], [24.276254524917434, 14.97145450763823, 12.469892462278937, 19.63737231932065, 21.672361076446148, 24.11992005678141, 28.41727497294591, 63.82777623021368, 67.78561485785782, 77.25211695781448, 85.34214606867205, 92.44803782106528, 87.3719356478886, 78.73898292653237, 70.44581076816598, 27.102772615595516, 17.76811006146082, 9.21566881305866, 4.389877995067859, 12.114531214002913, 8.911659415126003, 0.0, 8.39296235348647, 17.14051636023539, 26.87040420553084, 62.26634923786417, 71.35734926339596, 78.60259590807374, 87.46002254923292, 93.35767746153783, 91.88045032250945, 87.14683945049957, 78.60332329729285, 71.51390978374516, 65.34643718003743, 38.027403183406655, 44.63001312946617, 52.776530103463344, 54.83166556131188, 66.92631906382724, 72.04855561101694, 78.11911499511598, 81.67637036006222, 78.09020461815308, 67.07636007736959, 58.65983213977688, 54.585263480670996, 81.10835533952695, 78.88960218699833, 80.40475775997167, 86.01641313049528, 88.09284574792825, 94.0888093593086, 103.62328758250548, 102.75412984618482, 99.88451330490626, 96.77640839384233, 91.13106065076724, 86.42761399634598, 82.14294972054685, 84.15432064112254, 88.18566719457726, 92.3140653661889, 100.33152649540075, 93.87760965902662, 88.95345074455419, 85.00692320559143, 43.51395098425189, 53.36059287934482, 67.74483911761511, 79.16525218270401, 94.61642247614863, 106.8996075183265, 111.5398622192326, 124.19619475363434, 130.77310117441758, 137.36856442489488, 132.4753289730291, 125.03570962772102, 123.14662654543277, 114.56076448273069, 109.53046541923541], [17.900696753856792, 8.870296872799129, 11.236050275816856, 22.266586714236965, 20.675090665141013, 20.020276475025142, 22.715451076098514, 56.39576989708976, 60.33242199412129, 69.73582779622132, 77.9978655210203, 85.28624229824035, 79.95261275550989, 71.19325456217962, 62.96535555201902, 19.002179979846755, 10.739869557749756, 6.324529496200409, 10.761762481663034, 20.069777426358225, 16.93347835623943, 8.39296235348647, 0.0, 8.983442322021773, 18.700771359980955, 54.47346837185587, 63.75632655593411, 71.2627741935847, 80.48712190523298, 86.52026909546991, 84.79706172692484, 79.87867908518349, 71.08679169914913, 63.87848122575719, 57.60650384381373, 29.7828634303877, 36.73934751402323, 45.54603528950051, 48.97734859679444, 61.029063419331365, 65.52633712295645, 71.16710376078352, 74.63234748391645, 70.69314602843525, 59.10658328830347, 50.5810804024358, 46.53723772532068, 77.55824502658614, 74.20343527252489, 74.60637633038185, 79.96288360368062, 81.61029790269039, 87.54503851283326, 97.1918742099385, 96.62589289798296, 94.0060052590473, 91.37154448981887, 86.21284465559215, 82.11888894877858, 78.19070738928696, 78.8574100741615, 82.31678248004535, 86.0621887084147, 94.00465175622878, 87.73209084879082, 83.14484140474374, 79.76526956374562, 50.697935865874875, 59.147181018691406, 71.73993527889043, 81.63160293274746, 96.07711695524301, 106.68763618675514, 109.77774245544762, 119.72597037308573, 125.35367214925668, 131.95137017008113, 126.96758471352365, 119.28830732522744, 117.23665307139375, 108.77895248828136, 103.90132151591376], [11.265289606676387, 6.895887697063952, 14.460411099110285, 26.139102366138477, 21.699847161011547, 17.314021875036687, 16.833136618893256, 47.631018344081, 51.64130226529958, 61.14757105262097, 69.42750938336769, 76.71637079082812, 71.19246469089536, 62.365492860123, 54.16277000281468, 11.829743980635802, 9.043866687577168, 12.661895776748482, 19.1908274790837, 28.075281992298954, 25.06907583015675, 17.14051636023539, 8.983442322021773, 0.0, 9.778606451680119, 46.1726420549585, 55.569954546638, 63.2666000362126, 72.63416100798935, 78.60705000824127, 76.63066487490073, 71.66445398333875, 62.752507040908654, 55.38018321111122, 49.07262793516579, 20.900228118633944, 28.62367321184283, 38.487471053386635, 43.07365593100366, 54.982379125992885, 58.98249791330521, 63.943891356100785, 66.82239964047761, 62.33873681171857, 50.85789892445302, 41.679229057649806, 37.619645611567734, 73.70360833614366, 69.3268299549679, 68.63589550290797, 73.58983206764078, 74.6624261105976, 80.26303106590525, 89.67480115118569, 89.63507236842, 87.44843261177373, 85.39150969672319, 80.89879112656399, 77.43231064008755, 73.88579588629992, 73.23891802435682, 76.03001493250638, 79.20900137615324, 86.70472847955898, 80.94591759205426, 76.88866958896757, 74.17612587414727, 57.2745144218505, 63.895601158571004, 74.62983583587099, 82.92747970660693, 96.34278342552454, 105.36367415009826, 107.02233145405857, 114.38072945130234, 118.46841319894003, 124.73934540976613, 119.50198967750647, 111.5617877553594, 109.37486781838271, 101.20492552530914, 96.91023739570254], [11.388506451634253, 14.708690088502443, 22.710162916017662, 33.681367273637306, 27.631737614275817, 20.660341092206124, 16.1744636046111, 38.48139801038153, 42.39387097366018, 51.81203250628709, 60.209918145104645, 67.65378952659565, 61.9090808418029, 52.99778222577474, 44.91432195571543, 7.5368439443725395, 14.17548725634403, 21.336331879309085, 28.612724419456566, 37.45146493428937, 34.62499626764487, 26.87040420553084, 18.700771359980955, 9.778606451680119, 0.0, 36.920893203292714, 46.44699617249345, 54.37879812937575, 64.00552940147922, 70.00335378678385, 67.7354720720838, 62.63890694802727, 53.53854943754762, 46.02521347641332, 39.6575851785425, 11.408113084893092, 21.159500437242205, 32.616653993913324, 39.213126847658636, 50.513342775661386, 53.54471273441931, 57.437027048605025, 59.551491694403204, 54.20663154701133, 42.558410389425305, 32.306898621967164, 27.87345339287364, 71.94090966114139, 66.25014747464125, 63.99274548750937, 68.33543742592907, 68.57848491024006, 73.7255166309175, 82.8318601051876, 83.51952979491669, 81.9235251593188, 80.68164014111743, 77.10801345552932, 74.5403611101372, 71.5518419832997, 69.10360072613939, 70.91961059325007, 73.28802546588241, 80.18112500037208, 75.12675573968151, 71.8260235561091, 70.0788512836809, 65.40984601858473, 70.92148439155687, 80.10039633855314, 86.84401679076551, 99.10457844954324, 106.34878470283331, 106.34589981725627, 110.39499934319366, 112.50050139180114, 118.29231903525263, 112.63722407386669, 104.23297128729247, 101.6589605301382, 93.53450134457673, 89.53945198453961], [44.63991877722321, 51.248552121462964, 59.16686423227773, 69.08689482937659, 62.75882095312866, 54.53461561370305, 46.85931745332193, 20.505092906208887, 17.572457376499536, 19.486470623146356, 28.85256500969444, 38.49623985398452, 33.75882839719856, 26.585122525468165, 22.775575091438306, 36.42808773883137, 46.10192972819283, 54.81851204268019, 62.75785434685869, 71.6477022700449, 69.73803263744473, 62.26634923786417, 54.47346837185587, 46.1726420549585, 36.920893203292714, 0.0, 9.87316109091283, 18.539662391119478, 29.72677830489219, 36.74140313625986, 33.93822907297735, 27.759747752522987, 17.89894998615542, 11.683432235300636, 6.374423141849152, 29.01611122485811, 35.34215501278694, 45.02457968792044, 55.83343277433069, 61.94920847690541, 60.43723287098716, 58.50672070476027, 55.85321900870112, 46.128551668756366, 37.52562944144801, 24.07644704593454, 14.88422209501528, 88.4734711268942, 79.49919917631675, 71.98415171828502, 73.06104991050182, 69.47414415162572, 71.36529141