{
	"dissimilarities": [[0.0, 9.742657645999575, 15.886345204901822, 24.659966913109233, 18.47319201711001, 11.201688229552234, 6.398192031374877, 41.30580611313423, 46.219038772806464, 56.73636102920347, 64.23051280046852, 70.51582895291938, 64.9345688053638, 56.26859163851571, 47.83546576927327, 18.113705382411354, 19.73445409119434, 22.5450419604985, 26.860472567915796, 33.099734638222856, 30.063058989164908, 24.26532883060941, 17.869615666415577, 11.206532583571335, 11.308270766050262, 44.62448286746043, 53.663667518292655, 61.187199478602615, 69.7551140579351, 74.83449082032544, 72.60994564591081, 68.20017242317621, 59.7375196702747, 52.073733773273894, 46.11495264859867, 18.648386778598194, 24.365232732588556, 33.868964694946, 35.902208643502384, 47.82950946682682, 52.83693178489549, 57.57672961979767, 59.11266729652423, 54.735346069253765, 46.29551125120176, 36.53214362831119, 33.85773240577709, 65.60599069017127, 61.68333942275537, 61.54181778714318, 66.27624028495504, 67.23091199180485, 72.17186195886416, 80.70637085771662, 80.95964928974749, 79.09656238755048, 77.09376648482151, 72.88155422652852, 69.25346989048673, 65.67296161750622, 65.47754777174727, 68.32382762078537, 71.26411493788274, 77.88328273942058, 72.81491281938759, 69.06349776585766, 66.32221218042032, 59.284424246297014, 58.03899378935532, 66.49099781151335, 71.79436936365558, 81.5905078450787, 96.32332793576593, 97.67024690952286, 106.42991662222785, 108.28812296150859, 114.05968266923179, 109.15230157550337, 102.13390788917384, 100.6013359391784, 93.97485924413084, 92.54412856728992], [9.742657645999575, 0.0, 8.027997540757784, 19.500498287081893, 15.049389561099975, 11.834904515192802, 13.90920598432574, 50.34352051422186, 54.9098597782013, 64.99795601382027, 72.85688978080324, 79.57447397235003, 74.0257485252281, 65.27880473571824, 56.90898695395663, 18.472330091456957, 14.931463818465861, 14.591735207443767, 18.072075579740837, 24.972068315026046, 21.523825214157565, 14.976507214209661, 8.864035133986045, 6.883761843825369, 14.697270797119618, 51.25187668799107, 60.54763769216801, 68.16418850137204, 77.1225846790687, 82.64797433732964, 80.63219163880935, 75.96840768154092, 67.27801689460283, 59.75390809697488, 53.57533216083099, 24.837374239726188, 30.54165149287083, 39.1725161062272, 41.33331852701877, 53.47880653210699, 58.496733035677764, 64.09387049438679, 66.95495209611758, 63.20651972627446, 53.11528263534702, 44.54941977162392, 41.571692060321794, 69.86804069204973, 66.5571259688871, 67.14181239281136, 72.3980693221784, 73.99057562743631, 79.6382155493036, 88.9280714441176, 88.44515760545234, 85.96373428201781, 83.37416348488982, 78.38496454327604, 74.2780614834164, 70.37816084967504, 71.10237690841056, 74.56708508738103, 78.20539480090103, 85.77954563117949, 79.78529399731117, 75.33966357422509, 71.97061422777304, 53.76390333896839, 54.804445375043116, 65.55603638664688, 72.49818396671789, 83.36583704467427, 99.44698910065765, 101.90856574452503, 112.66533030525233, 116.60415628220642, 123.09861468689286, 118.611638516542, 111.78116710769127, 110.21301055720187, 102.95613677715471, 100.19384750592357], [15.886345204901822, 8.027997540757784, 0.0, 12.059334312940864, 9.80896816563159, 12.030682878532128, 17.903913307025874, 57.191928846260595, 62.03216597344307, 72.38388802207066, 80.00002879865798, 86.32802004209293, 80.81661568675624, 72.14913604935663, 63.718368830534615, 26.186107058428696, 20.867016913278096, 16.958275819959084, 16.420753680625687, 20.349303502771114, 16.432608763282655, 12.454141541083713, 11.200967391915663, 14.427163035748544, 22.67989976236633, 59.15951783522034, 68.39409140992471, 75.92770211735511, 84.63548940633036, 89.94079327513701, 87.97039803113317, 83.48549051908974, 74.94687342811561, 67.39509435364964, 61.292608292812815, 32.38751693409193, 36.597837026990796, 43.634232205266734, 43.60669088643194, 55.715633783655214, 61.6039066042896, 67.92378719941642, 71.17999073076574, 68.29702646025467, 58.984551699343164, 51.362588997988226, 49.09382307905584, 69.02283962535417, 67.07321431107248, 69.15372637270467, 74.79873049251533, 77.07863348307035, 82.93775780210802, 92.28948337686566, 91.15431433837077, 88.20971781358486, 84.92647079612783, 79.23349888047828, 74.3577007050906, 70.02517048373329, 72.4490430015932, 76.72803691540554, 80.990273399754, 88.88786088158737, 82.42436670548165, 77.4232454387388, 73.24839397437083, 48.80729048047382, 48.4552316736464, 59.290164244407364, 67.0070052297274, 78.54734523097811, 95.71161171753702, 99.49343779512343, 113.0346881887988, 118.80230740382231, 125.85357033960956, 122.03289037591261, 115.92458746661866, 115.1501354639237, 108.70536296221394, 106.68659211128423], [24.659966913109233, 19.500498287081893, 12.059334312940864, 0.0, 9.617088869452596, 17.394283153346993, 24.436080990295867, 64.64069588811687, 69.88264613364699, 80.69061405008274, 87.65291889296564, 93.08205448248246, 87.82149351317184, 79.47331921277201, 71.01592160934379, 37.94344617912198, 32.48295022690302, 27.041445553860946, 22.987835086358196, 20.676036321176163, 17.589279929981018, 19.66021127183556, 22.32320163273832, 26.189899151773037, 33.72241721612953, 69.12744943453043, 78.038159755097, 85.26040954303488, 93.20923529916003, 97.88165017706451, 95.99448053400917, 92.00627994020662, 83.96133924490643, 76.40999327548829, 70.60372867738126, 42.60840716388387, 45.39292290497023, 50.748307843288735, 47.264892257785135, 58.868414992075, 66.14046678462462, 72.95951013980307, 75.83522098435716, 73.88584996126446, 66.9457147589442, 59.83962160074831, 58.39698787857256, 67.05275348316313, 67.42182988202467, 71.7278570791957, 77.59738343330388, 80.57117823359899, 86.1657175723482, 94.86073570368843, 93.20364880181313, 89.9636641756322, 85.89532036750208, 79.5563861319641, 73.59465988627133, 68.69129173265617, 73.71799750641766, 78.96895472814188, 83.75181029185423, 91.32848825043014, 84.87979256482008, 79.48553742030597, 74.3548993148227, 42.98083475721077, 37.749393162164246, 47.61738169154354, 56.262946883634044, 68.8768607913519, 87.65814943753304, 93.65382071564542, 111.43797105529687, 118.7766952541518, 125.98216806144568, 122.82253279918388, 117.7318238190727, 118.16486602525893, 113.19568136925685, 112.94680928052566], [18.47319201711001, 15.049389561099975, 9.80896816563159, 9.617088869452596, 0.0, 8.71967462919953, 16.888126327597327, 57.839429444061736, 63.3697986503086, 74.29251040036308, 81.35107084043588, 86.82102070034267, 81.03766815310885, 72.49465000150393, 64.09908790749057, 32.774161448344714, 29.567589064794614, 26.708847311450096, 25.71904438661697, 27.200328244305087, 23.408025908465927, 21.691871494881603, 20.730516006282475, 21.758751486757575, 27.685669257964886, 62.80342790190445, 71.93751621270536, 79.53273006501477, 87.93618816333107, 92.68079600262611, 90.37333012129301, 86.18437036059002, 77.81815925864265, 70.0464640352952, 64.14282589468071, 35.161374425315124, 36.438691723801966, 41.18087880381833, 37.98394761140084, 49.75660477053166, 56.72227565156967, 63.53593507396981, 66.80156190921207, 65.06285866068723, 57.67145900666003, 51.50554686438676, 51.09089581379721, 60.25106427991945, 59.371917118787835, 62.820595441209775, 68.66010799939646, 71.5097698972345, 77.34286206502058, 86.56157831883142, 84.80426412810246, 81.52267383399801, 77.69190496320732, 71.57144782727667, 66.12937190433517, 61.52234337621338, 65.30314836231724, 70.23554936534269, 74.94867635868366, 82.92966364955764, 76.18966382451754, 70.82241989149313, 66.01183227512749, 52.15464978529249, 46.26830853716005, 52.69254866373806, 58.77052841414629, 69.4076516364817, 86.07705509759352, 89.84408878214302, 104.62980282884948, 111.84552340322841, 119.74619762220736, 117.11256685722027, 112.2543644414636, 113.00153752053541, 108.86448463845284, 109.36984192851615], [11.201688229552234, 11.834904515192802, 12.030682878532128, 17.394283153346993, 8.71967462919953, 0.0, 8.54070801823315, 49.4090934593289, 54.971202006136686, 65.87887720464096, 73.01124012812984, 78.62243610568868, 72.66439161899814, 64.0274758159555, 55.65462230392495, 26.773872308702394, 26.186531706609873, 26.150169309529776, 27.89327249910878, 31.913464201016517, 28.200811129742103, 24.122043599494074, 20.036301591695107, 17.335052071676884, 20.680418773049883, 54.55666721797841, 63.69211900548329, 71.39067995223084, 79.94330363799682, 84.72196094203294, 82.23462845536426, 77.95472944931437, 69.48519133616205, 61.64957479993363, 55.7453612608071, 26.89189762408568, 28.173179391783666, 33.99268214940466, 32.31906492954519, 44.423482615105655, 50.76516159231514, 56.922209535851906, 59.70796474757018, 57.260427673881075, 49.59158357341255, 42.81755005547724, 42.48202035983154, 58.5022224011983, 56.03442726319819, 57.926811009766844, 63.38848968328841, 65.55554615143889, 71.16448686803041, 80.34182130793519, 79.21601727401818, 76.4070650267318, 73.28621776468422, 67.92316746240294, 63.30465173235003, 59.171933930724926, 61.07288389125775, 65.18168012980017, 69.26950341213285, 76.92894783470406, 70.65054510083787, 65.84215585684677, 61.85423825919159, 57.88996583250847, 52.94698088422143, 58.74005314885193, 63.49493906590173, 73.00600915949784, 88.07954112397887, 90.0911356534781, 101.59182094507537, 106.89199383435124, 114.37331882149482, 111.2550723626944, 105.87441615054682, 106.15041458426164, 101.8006455268454, 102.30847382576543], [6.398192031374877, 13.90920598432574, 17.903913307025874, 24.436080990295867, 16.888126327597327, 8.54070801823315, 0.0, 40.977787885505855, 46.513211943504764, 57.47533819023082, 64.52208420614852, 70.14537611493095, 64.28562754164683, 55.6819367313513, 47.27262757454061, 23.381853235892418, 25.65293117868545, 28.0191510056789, 31.497119325125368, 36.63956321715993, 33.37342305859844, 28.40956071192839, 22.70345357713394, 16.813667443775167, 16.144708518712314, 46.859065953125096, 55.75161230857125, 63.307867436256615, 71.64405690694588, 76.28667956240402, 73.76845944069925, 69.57724952442724, 61.251752173517694, 53.435649742576864, 47.672931695462275, 20.478431800299088, 22.950962484439206, 30.725624284790857, 30.62828780357064, 42.562119555976274, 48.28229811043158, 53.30667701794792, 54.789988022623795, 51.15375777966136, 44.11525637732785, 35.541481863466004, 34.67870049717585, 59.37527223644167, 55.774884985013294, 56.22975412344527, 61.056219147574105, 62.296440739169576, 67.22369747641366, 75.73834413051127, 75.64122463226737, 73.60719687798759, 71.34659343388464, 66.97569909228095, 63.134219454704784, 59.47250145568865, 59.763204428255705, 62.910963184808566, 66.07344586361357, 72.75872555271144, 67.52473549053659, 63.59419751094081, 60.56564967913807, 61.826103427564036, 57.626423898231735, 63.41674338258395, 67.43868700639047, 76.3700233618191, 90.39029921255414, 91.34169039172875, 100.26656405105462, 102.8390632739714, 109.21501996193736, 105.11136808728759, 98.93083304307815, 98.4827118728593, 93.5914837775096, 94.07044222054812], [41.30580611313423, 50.34352051422186, 57.191928846260595, 64.64069588811687, 57.839429444061736, 49.4090934593289, 40.977787885505855, 0.0, 6.747663440588455, 17.96826188690345, 23.896758499150025, 29.789020334584755, 23.68597842095525, 15.038437344328198, 6.645341967884195, 41.8521798336654, 51.212124131642284, 58.61809487775162, 65.20798825585885, 72.29400121405158, 70.07833721837623, 63.825481455799874, 56.39221966634481, 47.6259750009338, 38.47189578674331, 20.515706395032225, 23.576363701714776, 28.962987707682043, 35.26729305721023, 38.49897653444369, 34.83963243881379, 31.243593342250293, 24.398151215175385, 17.51888022571115, 15.566643557875475, 29.70383492606463, 31.871487159607504, 39.28859474642225, 45.47394084373396, 50.38921433325868, 50.545597674803375, 48.065999530084, 42.19337151015454, 32.070259649917816, 32.12534279790931, 17.499152060644793, 14.754819838542968, 74.13627381279512, 66.20593314088582, 59.823936699139466, 60.377816156580344, 56.59357811676535, 56.984614607718676, 60.73171921364839, 66.16913538092696, 68.3947519422577, 70.92843580238305, 72.01457291913218, 72.64859997014172, 71.8666737171535, 64.57299924797543, 62.28766592022705, 60.077745921285846, 60.65093683383363, 61.69040178274913, 62.989459877768006, 65.3322090433523, 93.93336688626164, 91.65005856386743, 95.73768411846555, 96.32311590673955, 101.61978164200467, 109.51737133464536, 104.94689732038412, 99.81276877939516, 88.99443721797934, 89.75167467987268, 81.04891296809207, 70.72635153456157, 65.88813776370823, 58.64104240308811, 59.95983303383179], [46.219038772806464, 54.9098597782013, 62.03216597344307, 69.88264613364699, 63.3697986503086, 54.971202006136686, 46.513211943504764, 6.747663440588455, 0.0, 11.450463815540617, 18.14249902286091, 25.38099205861028, 20.002107464679067, 12.007288102934941, 6.440192965942634, 44.87550350599936, 54.30155358075636, 61.989744216492305, 68.8359463949308, 76.18478670101638, 74.18022073434142, 67.78737049793594, 60.335981509909374, 51.64523007269439, 42.39744830115138, 17.6201248007935, 18.149909087308288, 22.558009643307166, 28.56165131739419, 32.01397427501324, 28.359356397968202, 24.544874802840305, 17.857430978928804, 11.580681544535672, 11.623759546898844, 33.82687718658988, 37.05242590116747, 44.78174812840289, 51.85396849436504, 56.49136412049886, 56.00311174889748, 52.94897939277547, 46.82658984005379, 36.32345334761904, 36.02660676532896, 21.903136434808808, 17.422413177786687, 80.60711114902762, 72.41875764016247, 65.49845355392362, 65.71169878974327, 61.50173506013159, 61.490367386469316, 64.61145223799164, 70.66237766816108, 73.31443307913234, 76.31768888974976, 77.84283781943368, 78.8314189254832, 78.23723182408291, 70.4250274628032, 67.68297315603095, 64.99852229799241, 64.94592341734347, 66.63253086132892, 68.39929733230012, 71.18829204386446, 97.4245205726347, 96.4587706622839, 101.51138034422694, 102.46059248904747, 107.97352961778638, 115.864175102428, 111.1791932929885, 104.96332550387201, 92.51646350494482, 92.12166197502502, 82.33309678128998, 70.91932846078161, 64.4340924354363, 55.03449365116853, 54.469831499591315], [56.73636102920347, 64.99795601382027, 72.38388802207066, 80.69061405008274, 74.29251040036308, 65.87887720464096, 57.47533819023082, 17.96826188690345, 11.450463815540617, 0.0, 9.317524034613061, 19.096256649609916, 15.449735304335963, 11.769521887176813, 14.306782861039585, 53.18408070429059, 62.71760940564917, 70.78299696894592, 77.97797368540638, 85.70889633963525, 83.8818021924929, 77.25162400643852, 69.73153939107038, 61.141958431614704, 51.80281950997332, 19.483943921720698, 13.886699284214119, 14.325273345882723, 18.821960414061497, 22.303708819600672, 18.0307538913622, 13.657961708974437, 8.358616889727331, 7.9030981443933745, 13.699592632093443, 43.16743078418615, 46.5649194463781, 53.80334690230563, 61.92018398183728, 65.56876275311438, 63.87380038249284, 59.6905870405496, 53.110995580671904, 42.36942512577017, 42.280405325944585, 30.333643823402323, 25.868478015362985, 90.26201420906443, 81.46123062608166, 73.46479691549833, 72.94977152383869, 67.9723767937056, 67.20725122901578, 69.28251533602473, 76.26003767979142, 79.6380971664712, 83.52354953184687, 85.94536762295401, 87.73841820556335, 87.62262731796407, 78.64933111324942, 74.9911598411612, 71.4187319163103, 70.29966818958678, 73.07173453579246, 75.72337568666507, 79.40955163347718, 106.63916827936971, 106.98995297383532, 112.649885076688, 113.59679292573529, 118.8826549766663, 126.06666172502705, 120.59039010473118, 111.66314755603075, 96.61028586692186, 94.68623275247903, 83.65651083463081, 70.95523377485873, 62.23762589326792, 50.37381629022567, 47.38853202562685], [64.23051280046852, 72.85688978080324, 80.00002879865798, 87.65291889296564, 81.35107084043588, 73.01124012812984, 64.52208420614852, 23.896758499150025, 18.14249902286091, 9.317524034613061, 0.0, 10.169255437409904, 9.550247045187522, 12.398370682003264, 18.604915695944232, 61.976179435335204, 71.36511513616738, 79.1754348205509, 86.07963471160359, 93.35123643603164, 91.60551439379219, 85.32006059825645, 77.96726532988083, 69.39152720200012, 60.1625372220792, 28.77055954923173, 22.220073617513535, 19.564000955902912, 18.317136919433832, 18.075364089500628, 13.179701048685475, 12.347405955628574, 14.295624464165359, 17.104986221540376, 22.99897908190781, 51.55499712104748, 54.17094326023608, 60.45540263763834, 67.4108130693515, 70.00273965907373, 68.26711172141127, 63.23070408027446, 55.14320337667272, 44.49738117532568, 47.94367825858107, 37.33394274054491, 34.30186874998921, 93.42600289979451, 84.85420738254928, 76.80112448030407, 75.57808517726676, 70.076858689792, 68.03928891270142, 68.15561876495485, 76.16867269007334, 80.40613569844328, 84.9194239360705, 88.19567342967814, 90.3815454457119, 90.59329236923556, 81.43842721773353, 77.2523975494682, 72.86183286293942, 69.92222162834511, 74.30478698606767, 77.8668334009222, 82.09338228853025, 112.94418883540689, 112.28399637675197, 116.87429611589167, 117.02881137595399, 121.58566875719954, 127.66914840036227, 121.68405542168323, 111.20576933296239, 93.2694398296548, 89.47774909538312, 77.27109722260526, 63.75571122047027, 53.980749844810276, 42.19454802375435, 41.81604562608819], [70.51582895291938, 79.57447397235003, 86.32802004209293, 93.08205448248246, 86.82102070034267, 78.62243610568868, 70.14537611493095, 29.789020334584755, 25.38099205861028, 19.096256649609916, 10.169255437409904, 0.0, 8.501510449936644, 16.65747382473912, 23.826273783743755, 70.17349980884981, 79.41879425267902, 86.8705162676912, 93.36855036429401, 100.03477449367051, 98.29203034468244, 92.44137649715559, 85.28292472951648, 76.71200726791322, 67.646238160807, 38.5116974642076, 32.38008505789974, 29.261959346714512, 25.226963827236222, 21.561238049699416, 17.493803759442766, 20.059394092617726, 24.358781131242917, 26.99492438737084, 32.482131943715665, 59.035533911010106, 60.58874705208776, 65.73341673435061, 71.04105140701998, 72.50707855706703, 71.00523337012861, 65.30328420792402, 55.684111999002816, 45.538119490369944, 52.891594071144276, 43.60406752787452, 42.15798358008823, 94.00004357829081, 85.91034805184644, 78.12314310866975, 76.23034256006325, 70.36317979767553, 66.98436280811582, 64.91486971057178, 73.87354089661646, 78.9382072829311, 83.95214104667814, 88.02777728139522, 90.49656471255908, 91.01115573276768, 81.97772407161543, 77.4163069908057, 72.30493301885267, 67.4183337786627, 73.46252367160895, 77.87454555445235, 82.4973035428722, 118.30833668402809, 115.9018436370509, 118.79253442084274, 117.8472266516429, 121.40736135894946, 126.1344068981517, 119.6295107590123, 107.87053876849586, 87.16579351404927, 81.52598089557983, 68.30813340749609, 54.246895337232544, 44.05272527312863, 34.418224895437035, 39.994358216749646], [64.9345688053638, 74.0257485252281, 80.81661568675624, 87.82149351317184, 81.03766815310885, 72.66439161899814, 64.28562754164683, 23.68597842095525, 20.002107464679067, 15.449735304335963, 9.550247045187522, 8.501510449936644, 0.0, 9.124057593016445, 17.196519408681194, 64.59544389671113, 74.19652191706244, 81.86543393682071, 88.56701533466848, 95.55382043836158, 93.5205361549901, 87.36632918306246, 79.94603517309189, 71.18437869268973, 61.897136041920604, 33.758048813314886, 29.08825016785888, 28.218437858060835, 27.77329544833542, 26.512680264688704, 21.63309162418941, 21.592806325967015, 22.29667869564295, 22.90945873428635, 27.586498379268036, 52.6243479837001, 53.16693919314357, 57.70683740649011, 63.37392571122668, 64.61828545121246, 62.78051391333917, 57.091370231027014, 47.904437655654384, 37.57033213907289, 44.443223918896145, 35.85445620689413, 35.6096289287222, 87.02399119831952, 78.44722175166658, 70.27699512629026, 68.50698781543959, 62.699180792855316, 59.874952284369826, 59.080910398337636, 67.47179805109128, 72.11204992079533, 76.97750428673102, 80.82678026664, 83.41311650647698, 83.98382887322725, 74.48740847019783, 69.90450697538321, 65.010085013181, 61.132118547608044, 66.31242523143635, 70.43512687259671, 75.06539396268063, 115.43327324350194, 112.49594581529261, 114.81885600122851, 113.60484717859569, 116.87886060866494, 121.42122496757634, 114.39221981404894, 102.3621871617368, 83.84403675743735, 80.48245632564931, 69.17839518657978, 56.690921997679204, 48.96380582762612, 42.27236197262106, 47.69994086732329], [56.26859163851571, 65.27880473571824, 72.14913604935663, 79.47331921277201, 72.49465000150393, 64.0274758159555, 55.6819367313513, 15.038437344328198, 12.007288102934941, 11.769521887176813, 12.398370682003264, 16.65747382473912, 9.124057593016445, 0.0, 8.473604285666518, 55.796744351091185, 65.50576394698554, 73.25001484740233, 80.0573482407819, 87.26446513360446, 85.09033522169271, 78.74570628991148, 71.20413902380366, 62.37815413477041, 53.013374340499574, 26.644723040456643, 24.195928681440666, 26.020898275405866, 29.11786774782663, 30.231183796313385, 25.46135843485047, 23.206802977590645, 19.842243078350016, 17.30796665708373, 20.421393371438224, 43.55781991806867, 44.148973721437294, 49.24506006161018, 55.49912786623985, 57.67732909227431, 56.11639174800806, 51.25143227325135, 43.18713983124451, 32.47350757116573, 36.954479862039086, 26.964731498235132, 26.63806539358022, 81.17925873699286, 72.46841357096443, 64.49389472849938, 63.440529387053424, 58.17373173163046, 56.584100121422885, 57.81301298233034, 65.11525648068964, 68.86831541085547, 73.02853638230829, 75.99313512091136, 78.10518437503137, 78.32017483325126, 69.12599574299303, 65.13596047452913, 61.08337459778241, 59.024378561334636, 62.57594605666734, 65.76562859742349, 69.7955284313957, 108.26507152542295, 105.56365295476435, 108.36188368464585, 107.64840142004208, 111.4644207715848, 116.97551338096575, 110.45776204254827, 100.27594396251115, 84.88317242357851, 83.60260665051473, 73.6890365405995, 62.28109493459333, 56.01508739953528, 49.40041582656204, 52.915202972797765], [47.83546576927327, 56.90898695395663, 63.718368830534615, 71.01592160934379, 64.09908790749057, 55.65462230392495, 47.27262757454061, 6.645341967884195, 6.440192965942634, 14.306782861039585, 18.604915695944232, 23.826273783743755, 17.196519408681194, 8.473604285666518, 0.0, 48.12144644106756, 57.65166072528257, 65.18574135705931, 71.8396179397903, 78.92938190098312, 76.71559497691678, 70.45403401656299, 62.98057362134992, 54.18105419797628, 44.937955919347615, 22.86046483656798, 23.420317450319178, 27.43539787037742, 32.487056055506876, 34.824739477027435, 30.666585957828516, 27.592880211254567, 21.962282633545062, 16.51636697712345, 16.9438622512699, 35.77656230611915, 36.92146775661928, 43.05795428507505, 49.13883427100065, 52.68276342722262, 52.0780224010914, 48.4440718714471, 41.38437545103536, 30.79323527529896, 33.29866683850996, 20.793310425006545, 19.71303396614154, 76.32326619526181, 68.02730283066887, 60.90817798854867, 60.70721515178111, 56.220143232050994, 55.68124290377342, 58.30622649422208, 64.6020530258712, 67.53127531775678, 70.80541315187523, 72.76648474520971, 74.0788952075366, 73.76319834465406, 65.5794787294885, 62.50195356450508, 59.43043574736446, 58.78787832829996, 60.98694600963288, 63.166577437016755, 66.29440875122502, 100.22811666388088, 97.52943515068567, 100.81539514261796, 100.6845136728166, 105.21062622889579, 111.93149315473634, 106.4242596482217, 99.00327617026151, 86.15773044411324, 86.09077926364304, 76.92420873516913, 66.20867965926965, 60.94703652624847, 54.241125586018114, 56.83353097497378], [18.113705382411354, 18.472330091456957, 26.186107058428696, 37.94344617912198, 32.774161448344714, 26.773872308702394, 23.381853235892418, 41.8521798336654, 44.87550350599936, 53.18408070429059, 61.976179435335204, 70.17349980884981, 64.59544389671113, 55.796744351091185, 48.12144644106756, 0.0, 10.56790303085153, 19.619273448337836, 28.06296257206732, 38.09397686583628, 35.52965374957523, 27.10600820346969, 18.98644515819897, 11.80862652189771, 7.517962808922442, 36.424671317558, 45.94437709083183, 53.846449049612005, 63.957236319970164, 70.5270842221802, 68.49759491853601, 63.05556997668166, 53.76308803752074, 46.665986719529485, 40.21921137356705, 14.850038137541803, 25.241762666586833, 36.793693215262984, 45.07852009344802, 56.061861259824425, 58.194613111619965, 61.93860987749637, 64.53186370664547, 58.89184014993726, 45.54519729357998, 35.51563606110686, 29.894032396861984, 78.36246978028578, 72.20117887097328, 69.28864997178844, 73.57668228098015, 73.64460796607916, 79.00897228522608, 88.4272046050174, 89.19409660651644, 87.59039501770911, 86.54437548550332, 83.0482834076082, 80.7820114644869, 77.93696443255213, 74.86461935367278, 76.4045302017706, 78.68015292842156, 85.83168833231164, 80.63038594105531, 77.38174619243145, 75.89249840423184, 66.83707156461392, 71.79825946013379, 83.35419502715274, 89.51538363479912, 99.33292285752515, 113.48219320274413, 113.40470632253597, 118.20628088140117, 118.8348061099285, 124.36523111962266, 118.54607381570244, 110.02539167336016, 106.25972624497722, 96.41140725362449, 90.48233004053596], [19.73445409119434, 14.931463818465861, 20.867016913278096, 32.48295022690302, 29.567589064794614, 26.186531706609873, 25.65293117868545, 51.212124131642284, 54.30155358075636, 62.71760940564917, 71.36511513616738, 79.41879425267902, 74.19652191706244, 65.50576394698554, 57.65166072528257, 10.56790303085153, 0.0, 9.340832021535824, 18.083429483594152, 28.61381999282506, 26.306335565914647, 17.77704904826977, 10.727490676895883, 9.033208835796115, 14.173516416766518, 46.1040305460366, 55.30753358070867, 62.79433306952395, 72.45635035183682, 78.98003665064283, 77.35737669737769, 72.10797770675828, 63.13710418760932, 56.26061474478859, 49.951116305043996, 24.55906052130922, 33.76872193748155, 44.275685975448354, 50.70526602787783, 62.328992065684695, 65.41661587912176, 70.08282794041804, 73.17623196296347, 68.14096994203639, 55.16231833037782, 45.628282585276985, 40.12570926035014, 82.13723535224412, 77.25046455322644, 75.79978481914321, 80.63152351732414, 81.40856303101934, 87.1075274502254, 96.6833933251333, 96.90648231189843, 94.8345276898398, 93.07017212470747, 88.75608819115185, 85.62625572731928, 82.24262056362694, 80.88302374478825, 83.30838846184834, 86.27507006465058, 93.84349394049644, 88.12569790516984, 84.23573976168478, 81.87115188364818, 58.09921562647192, 65.26632147090423, 79.2011136967192, 87.08663194021925, 98.27670957738724, 114.21081121333229, 115.9220963499697, 123.97485724159306, 126.21103279868804, 131.93043561250434, 126.20665990498959, 117.86459308153542, 114.24111944883107, 103.96112846546283, 97.34532737170453], [22.5450419604985, 14.591735207443767, 16.958275819959084, 27.041445553860946, 26.708847311450096, 26.150169309529776, 28.0191510056789, 58.61809487775162, 61.989744216492305, 70.78299696894592, 79.1754348205509, 86.8705162676912, 81.86543393682071, 73.25001484740233, 65.18574135705931, 19.619273448337836, 9.340832021535824, 0.0, 8.808443777146621, 19.56650401390739, 17.442042349108174, 9.233874120824153, 6.324460881353998, 12.662303094518785, 21.336156470997512, 54.82334443167003, 63.84954380068882, 71.07340638969302, 80.24889919878753, 86.51880684728599, 85.12020368052788, 80.13726551848849, 71.45883686948157, 64.60111106590983, 58.40183873731701, 32.4956919054475, 40.70860591604602, 50.28684504916793, 54.698188955510936, 66.67931078997982, 70.74604554392782, 76.12824731453263, 79.41084234045282, 74.956467699994, 62.829656144136734, 53.59839498774628, 48.488303767958705, 83.82561649458655, 80.25382085737746, 80.24056693507501, 85.48020865660955, 86.86809327252703, 92.71973319149633, 102.2553195036418, 102.0149715437679, 99.57809156741446, 97.17140948669794, 92.18780334944894, 88.25775278058154, 84.40301240566737, 84.71167090611077, 87.92925572170658, 91.45851020322843, 99.22041845080756, 93.17585045327658, 88.78341294362876, 85.63830095042552, 49.745403283822846, 58.028112094585126, 73.64447313265009, 82.89095409687822, 95.16715142569848, 112.55978988810406, 115.91736034961455, 127.025927687818, 130.65244786175992, 136.54384258071022, 131.05335872564947, 123.09279071334309, 119.91612301315291, 109.84702132582183, 103.46683869805632], [26.860472567915796, 18.072075579740837, 16.420753680625687, 22.987835086358196, 25.71904438661697, 27.89327249910878, 31.497119325125368, 65.20798825585885, 68.8359463949308, 77.97797368540638, 86.07963471160359, 93.36855036429401, 88.56701533466848, 80.0573482407819, 71.8396179397903, 28.06296257206732, 18.083429483594152, 8.808443777146621, 0.0, 10.910470636664073, 9.168703506928225, 4.3892621284412945, 10.78292528300971, 19.204751047809633, 28.623196019892713, 62.77406227959349, 71.64031932988388, 78.63828456132885, 87.3302998971025, 93.29459218477977, 92.06519213658771, 87.36315847888476, 78.97494088017098, 72.11474124336593, 66.03590223704546, 39.94240678697188, 47.379972871433665, 56.17389009429187, 58.71369330627943, 70.82849834264182, 75.77182641930588, 81.67086017958862, 84.94407752951487, 80.97808021390422, 69.85767101686723, 60.7897749215396, 56.033851397668975, 85.32453941912834, 83.04137289512265, 84.34793222525911, 89.8736871303863, 91.75669291188059, 97.62748063616192, 106.97394620119714, 106.37795952069438, 103.67854302479368, 100.7299287063669, 95.21827624395935, 90.57719977879879, 86.32042040573114, 88.17935460247048, 92.06770489231138, 96.02821947350128, 103.80748642551976, 97.60148814587356, 92.83989328780117, 89.0343586267678, 41.776208576441064, 50.79805184441663, 67.96831746180419, 78.48621848174109, 91.75213187274176, 110.45485584912046, 115.40486649303129, 129.3681081178608, 134.10582811754273, 140.05679233338887, 134.776704543217, 127.21553311393095, 124.51568609619967, 114.81021932949184, 108.9143822068467], [33.099734638222856, 24.972068315026046, 20.349303502771114, 20.676036321176163, 27.200328244305087, 31.913464201016517, 36.63956321715993, 72.29400121405158, 76.18478670101638, 85.70889633963525, 93.35123643603164, 100.03477449367051, 95.55382043836158, 87.26446513360446, 78.92938190098312, 38.09397686583628, 28.61381999282506, 19.56650401390739, 10.910470636664073, 0.0, 4.40583549384416, 12.168571625903919, 20.147462967329137, 28.134622685523933, 37.49908643487658, 71.69364873017183, 80.29335600444114, 86.96538301584295, 94.95109258831799, 100.43323686710526, 99.40458564336559, 95.12093172830006, 87.17442112759824, 80.33729807935963, 74.47060249706378, 48.710405782658206, 55.474088553156946, 63.54499132600407, 63.8952259774022, 75.97007213351044, 81.93118884271802, 88.20969982167166, 91.12782996385404, 87.60885853950016, 78.06638221577829, 68.92369517412493, 64.50282321974868, 87.1824602832324, 86.50238108270864, 89.32330343262247, 95.04049344605016, 97.37160763865413, 103.04339802369132, 111.87406692783027, 111.03340663614269, 108.18112965373442, 104.70146691207408, 98.73826180247382, 93.30725068240886, 88.62548915009013, 92.29744939750204, 96.86387853981363, 101.16597231612037, 108.65395402754164, 102.53698612457909, 97.5168760600191, 93.04609753343233, 31.707007201182343, 41.1103593648762, 60.36274898934784, 72.46559349419995, 86.95337214911132, 107.19520768962586, 114.17169049918994, 131.53990815271035, 137.126219509585, 142.8594838950793, 137.69968989204727, 130.60047703487675, 128.4732801996903, 119.31687388791431, 114.27461947303712], [30.063058989164908, 21.523825214157565, 16.432608763282655, 17.589279929981018, 23.408025908465927, 28.200811129742103, 33.37342305859844, 70.07833721837623, 74.18022073434142, 83.8818021924929, 91.60551439379219, 98.29203034468244, 93.5205361549901, 85.09033522169271, 76.71559497691678, 35.52965374957523, 26.306335565914647, 17.442042349108174, 9.168703506928225, 4.40583549384416, 0.0, 8.913250310441018, 16.964488380276425, 25.09145251550518, 34.641284757901026, 69.76112159679067, 78.59515539413844, 85.53565496558478, 93.81500075172369, 99.34654670410598, 98.09065778296419, 93.69142493085643, 85.51990269762287, 78.495896214082, 72.51157102565323, 45.72154314913027, 51.89916547221809, 59.59827179362913, 59.913078032267705, 71.96167422260423, 77.87068713317655, 84.28456291580429, 87.51479786863847, 84.25560432338466, 74.48678756471898, 65.896029763528, 61.96319426812476, 83.4055781170249, 82.5240080325839, 85.27546139186674, 91.05252671869214, 93.47907822710654, 99.32265533188416, 108.42973793158986, 107.37434491312789, 104.38334901714857, 100.84992199854781, 94.82030533539665, 89.45669369665754, 84.81900292489735, 88.33142846624273, 92.92393701689512, 97.33495147763485, 105.10257714624177, 98.72729554581886, 93.59327198081006, 89.09573205077412, 35.49624217452172, 42.46468279712079, 59.92995144237562, 71.24148106095721, 85.1639436458323, 104.85918920659276, 111.22374442031634, 127.97946832907296, 134.046667185158, 140.2910012474157, 135.5830013569683, 128.78608403126182, 127.02047498443459, 118.48083261049085, 114.01256512977703], [24.26532883060941, 14.976507214209661, 12.454141541083713, 19.66021127183556, 21.691871494881603, 24.122043599494074, 28.40956071192839, 63.825481455799874, 67.78737049793594, 77.25162400643852, 85.32006059825645, 92.44137649715559, 87.36632918306246, 78.74570628991148, 70.45403401656299, 27.10600820346969, 17.77704904826977, 9.233874120824153, 4.3892621284412945, 12.168571625903919, 8.913250310441018, 0.0, 8.414595597178574, 17.15370019866554, 26.880576563330987, 62.281362925134715, 71.36366930532344, 78.60684475957935, 87.45888674552302, 93.33654453366026, 91.87174849163243, 87.14755392259774, 78.60739930473098, 71.5186841815964, 65.35626972276052, 38.01483698600482, 44.564909529070256, 52.79833588743087, 54.851574725687804, 66.94419881395915, 72.04679972772205, 78.16662922720454, 81.6896942487179, 78.11139498986607, 67.1144664642371, 58.66687008080058, 54.61604925739492, 81.11257827614621, 78.89398200409738, 80.40350619497107, 86.02445370712226, 88.09215874997082, 94.0977161608952, 103.6274329320647, 102.75574684791654, 99.88618824955634, 96.78472155835628, 91.13233922019917, 86.42456951985228, 82.14494202337276, 84.15353865625438, 88.19246084449136, 92.32818569437052, 100.33613332554336, 93.88224637361408, 88.95751235019016, 85.004126405361, 43.63814146284808, 50.216704519568275, 65.82396416251508, 75.70564480197132, 88.52546626221633, 106.84955517794087, 111.48100315635574, 125.37446149806259, 130.75640130501287, 137.216043522849, 132.47279434902512, 125.36904927578118, 123.2338496616698, 114.42697188304649, 109.49666471171354], [17.869615666415577, 8.864035133986045, 11.200967391915663, 22.32320163273832, 20.730516006282475, 20.036301591695107, 22.70345357713394, 56.39221966634481, 60.335981509909374, 69.73153939107038, 77.96726532988083, 85.28292472951648, 79.94603517309189, 71.20413902380366, 62.98057362134992, 18.98644515819897, 10.727490676895883, 6.324460881353998, 10.78292528300971, 20.147462967329137, 16.964488380276425, 8.414595597178574, 0.0, 8.983309454259105, 18.69952468626029, 54.47776188998095, 63.75678589893011, 71.26363877163311, 80.48711794395207, 86.49812980607895, 84.78831254989234, 79.87904981656064, 71.0872072227554, 63.87886291106925, 57.60745991024808, 29.76079894693375, 36.661807177566956, 45.547196603157374, 48.9835809318179, 61.033311929308326, 65.50828897410666, 71.19598082350731, 74.63512035242654, 70.70168853110849, 59.12504935361085, 50.577625710411624, 46.551193970150166, 77.56254918113262, 74.20037859930231, 74.59344297423836, 79.95862022382549, 81.59891897060403, 87.54509555929208, 97.1910550181849, 96.62612420420751, 94.00241999196128, 91.37219804245188, 86.20868098767725, 82.11842509420426, 78.19561959569748, 78.8493956276, 82.31338705887642, 86.06547667573383, 94.00770818729349, 87.72900020996529, 83.13989189783177, 79.75646928952871, 50.85577903245889, 55.96055908650561, 69.57162703446006, 77.97835001772101, 89.70661671040496, 106.65238765498752, 109.72266444539419, 120.98445287335463, 125.33991720977758, 131.79446171418772, 126.98075428606344, 119.67447547801123, 117.35106541853128, 108.6483500229828, 103.87932211675937], [11.206532583571335, 6.883761843825369, 14.427163035748544, 26.189899151773037, 21.758751486757575, 17.335052071676884, 16.813667443775167, 47.6259750009338, 51.64523007269439, 61.141958431614704, 69.39152720200012, 76.71200726791322, 71.18437869268973, 62.37815413477041, 54.18105419797628, 11.80862652189771, 9.033208835796115, 12.662303094518785, 19.204751047809633, 28.134622685523933, 25.09145251550518, 17.15370019866554, 8.983309454259105, 0.0, 9.7772659823534, 46.17716565908376, 55.570529763363794, 63.26741842394837, 72.6337029355127, 78.58161136311283, 76.62024178367562, 71.66449615189909, 62.752732001927335, 55.38036067611516, 49.072879464416935, 20.873045181312044, 28.531242932257626, 38.489619267380306, 43.08037025146348, 54.987197625180876, 58.96376027551131, 63.97563811952423, 66.82553977535493, 62.3475294847861, 50.87944695770294, 41.67566168890167, 37.63420898149679, 73.70891002089935, 69.32420457768859, 68.62289693247719, 73.5858040195478, 74.65084848982136, 80.26331864286205, 89.67366153628083, 89.63603520235333, 87.44519178923024, 85.39237468669656, 80.89514115576938, 77.43367166844891, 73.89256869697793, 73.2312359618101, 76.0268641298936, 79.21265284155078, 86.70846838404724, 80.94304307030455, 76.88393687390472, 74.16773483694337, 57.416823354477195, 60.68627435823663, 72.2658454528028, 79.15557210224945, 89.79295833146375, 105.32646835210727, 106.9641279357797, 115.67574348893893, 118.45324375275173, 124.57208399100173, 119.51501218981822, 111.97477076288891, 109.49675753862928, 101.06271486394644, 96.88545122783145], [11.308270766050262, 14.697270797119618, 22.67989976236633, 33.72241721612953, 27.685669257964886, 20.680418773049883, 16.144708518712314, 38.47189578674331, 42.39744830115138, 51.80281950997332, 60.1625372220792, 67.646238160807, 61.897136041920604, 53.013374340499574, 44.937955919347615, 7.517962808922442, 14.173516416766518, 21.336156470997512, 28.623196019892713, 37.49908643487658, 34.641284757901026, 26.880576563330987, 18.69952468626029, 9.7772659823534, 0.0, 36.92508336870001, 46.44789257988448, 54.37918717661656, 64.00327893597431, 69.9708020800906, 67.72089629006888, 62.63757230911834, 53.537954403914, 46.0244923466401, 39.6551157061419, 11.375834517726556, 21.05712740843152, 32.62260091143843, 39.21996249391682, 50.51939978658996, 53.52862028988488, 57.47194657250388, 59.5555020145545, 54.21400993185806, 42.58552187579857, 32.30475716211904, 27.884545725685022, 71.94814720958539, 66.24935888981443, 63.982347254476636, 68.33341462612968, 68.56907225211444, 73.72689495402864, 82.82982869964303, 83.52338095624562, 81.92237352531865, 80.68330717065268, 77.10665828703291, 74.54673549572178, 71.56278203890645, 69.09844706011567, 70.91821433694228, 73.29256335835653, 80.18694840856055, 75.12551031280236, 71.82319236721939, 70.073281308175, 65.5352980606514, 67.75154345458718, 77.60282600257932, 83.00507437361499, 92.4315925333036, 106.30715394135495, 106.28231106603181, 111.74239828790657, 112.48214513129307, 118.10921338351612, 112.64757536239689, 104.67922949108818, 101.78834606272555, 93.37301161074203, 89.50800199384176], [44.62448286746043, 51.25187668799107, 59.15951783522034, 69.12744943453043, 62.80342790190445, 54.55666721797841, 46.859065953125096, 20.515706395032225, 17.6201248007935, 19.483943921720698, 28.77055954923173, 38.5116974642076, 33.758048813314886, 26.644723040456643, 22.86046483656798, 36.424671317558, 46.1040305460366, 54.82334443167003, 62.77406227959349, 71.69364873017183, 69.76112159679067, 62.281362925134715, 54.47776188998095, 46.17716565908376, 36.92508336870001, 0.0, 9.887265053046065, 18.557173496818987, 29.748308311402774, 36.706554636382634, 33.934592893882346, 27.779255972742337, 17.914160015804427, 11.702800026527456, 6.362978836358018, 29.01112112341605, 35.29187863327822, 45.011976824754385, 55.831408771471224, 61.9452019975318, 60.41063272205826, 58.51918345354864, 55.8499443919207, 46.1271135923494, 37.5273801311132, 24.067240240641034, 14.876957920610819, 88.48503399156859, 79.49655269304961, 71.