{
	"dissimilarities": [[0.0, 9.346048913153838, 15.86960541210716, 24.550803401769763, 18.45792461100093, 11.185388825379427, 6.454070003972377, 41.29710356719582, 46.17727303232278, 55.61539065709417, 64.06195578999602, 70.56170452874842, 64.7948394226064, 56.22115337834002, 47.819781320406356, 18.284970524155657, 18.345878370373168, 21.438779392952718, 26.169344398025164, 33.186973638347744, 29.367204228042567, 23.080405311398042, 17.27468143001575, 11.879341541455991, 11.95068390276808, 44.34768915277889, 53.54418470517684, 60.52799272885609, 69.51821765656211, 74.77608970491694, 72.41139168746916, 67.9399674337925, 59.319628556824945, 52.099635420928365, 46.181855848350075, 16.65453575378146, 22.645135511378374, 30.576246676602576, 36.121188124689155, 46.70766520181675, 52.81225300099612, 57.57144365491855, 59.550298533160834, 54.62428985609428, 45.60870456056789, 36.02516884749425, 32.828370606289475, 66.50247431471142, 61.37622542496271, 60.68509516153777, 65.94292575251009, 66.84418855651109, 71.90583184031567, 80.83870554803327, 82.09405187336905, 81.60717524790846, 79.47655725397138, 75.55102649859505, 73.31363520065909, 66.71107858532885, 65.00453482323557, 67.86446218544546, 70.99996372802728, 77.57859341542847, 73.17097136779576, 70.0033294148458, 67.52140886548037, 59.45261386010155, 63.628721334993706, 71.30942257714976, 77.33813395955207, 88.82610968440747, 100.03471280563652, 102.99253948755583, 108.20053067739586, 115.1009227089758, 118.50627812193603, 126.53775458343986, 118.66381068503254, 111.8814206618314, 103.35471090255824, 92.32984015175062], [9.346048913153838, 0.0, 7.722183236782778, 19.017123256716452, 14.284144482225244, 10.815961414321473, 13.246896983647455, 50.180747016064664, 54.788956622394345, 63.80962470327489, 72.59418038457808, 79.50210965907114, 73.69255007817958, 65.05187176062923, 56.71932472569511, 19.04769985249214, 14.452583095570631, 14.397535868796647, 18.33390711931712, 26.059020873222, 21.580635489842116, 14.358753205722664, 8.918313553736658, 8.129880636151187, 15.172128805533129, 51.19406334727615, 60.60672280330773, 67.89003106522802, 77.18517502924968, 82.82462737448273, 80.58752635122006, 75.87427562375046, 67.0937310547741, 59.75831831439504, 53.62605122642123, 23.064475345253555, 28.874718294878342, 35.691042191656805, 40.79084057345248, 51.47494775916024, 57.73862530591146, 63.202967031279925, 66.66250126365297, 62.442551263051925, 52.016895745210185, 43.4718752918943, 40.38941798590303, 69.88391549276548, 65.28564995376962, 65.32133468641355, 71.17984400249375, 72.78447028193291, 78.55926369411047, 88.18451451476172, 88.61046233829121, 87.53181313642892, 84.68256163562812, 80.07764548880337, 77.40454033215472, 70.61095005605284, 69.73976596447598, 73.24785481401756, 77.07746886517218, 84.45573656463141, 79.34735498784802, 75.53611570143202, 72.36155077066998, 54.46001839566324, 60.77646278019746, 70.0592072017589, 77.51091115350664, 89.834701663976, 102.24665853403717, 106.20527940212384, 113.32574721098166, 122.67924511960494, 126.81529560495474, 135.1774788364326, 127.55844029412452, 120.98664343625663, 112.19847845972984, 100.20050929029591], [15.86960541210716, 7.722183236782778, 0.0, 12.128569941966324, 9.898834316876457, 12.011325617083651, 17.936050916257038, 57.16630639073751, 61.970768393086686, 71.20921183629913, 79.81611854639203, 86.37178501192538, 80.66327209822363, 72.08041223166934, 63.68526589320664, 26.113509109798514, 19.521735135306102, 15.527872116507687, 15.472384150688285, 20.80304959855552, 15.605102684098883, 10.410083025154698, 10.279992814770933, 14.76242581590915, 22.835244079422427, 58.878239474608016, 68.2197626804464, 75.40375307931224, 84.45846234709957, 89.93242005073598, 87.81644998912586, 83.25875980427757, 74.6083540025104, 67.32224902723472, 61.24123605085338, 30.634087735718552, 35.334937240111536, 40.602194971550105, 43.74144341456749, 54.35847528977115, 61.471109511446436, 67.55644756202015, 71.48098574909419, 68.10840433683094, 58.27517070526399, 50.52219235847808, 47.93497154941075, 70.11143335900249, 66.71017456811694, 68.03832629609815, 74.38238348335433, 76.62605391813942, 82.61741633834137, 92.20853752043602, 91.97755662473845, 90.47663690646, 86.9175843955648, 81.71381616596035, 78.42440968284508, 71.44283052047875, 71.94107970740575, 76.22481535675414, 80.66023467987566, 88.20625156513505, 82.70622940952005, 78.27414453490319, 74.350857801824, 49.307200717583775, 55.023999830421516, 64.62266169312723, 72.92765531783614, 85.92313347975268, 99.45692951867271, 104.56982166475753, 114.6975757461161, 125.52034563454993, 130.2040544271794, 138.61868566683637, 131.55347534468584, 125.75880562348819, 117.65524489784217, 106.56667726259656], [24.550803401769763, 19.017123256716452, 12.128569941966324, 0.0, 9.414409187364125, 17.232748591359098, 24.22429988378244, 64.46952332257608, 69.73523032686234, 79.58757720685321, 87.52809328029169, 93.00985331372884, 87.61924179303023, 79.30766482766872, 70.84443072883047, 37.918224786194976, 31.153734002865363, 25.5144778207103, 21.38417561739533, 19.76597261021491, 15.293295742287109, 17.493357385220282, 21.650993896045076, 26.666635400782265, 33.99147701870706, 68.7956423480797, 77.81461570375984, 84.55385578002729, 92.84266705248372, 97.65772374038895, 95.71928532100202, 91.69264298005686, 83.48251162361225, 76.42111740790486, 70.621513115509, 40.69828817356451, 43.891384045678436, 47.21538531122932, 46.8918067718444, 57.083974654974696, 65.71745034191328, 72.37896332634014, 75.90673043857123, 73.67207526345385, 66.18034457818274, 59.12312354193384, 57.259135147044795, 68.04450544948482, 66.90751373374418, 70.35828606092934, 77.1109359923969, 80.03027951914434, 85.75864833021313, 94.52548938142468, 93.67492349028046, 91.8419057370873, 87.44932723924033, 81.62555370933492, 77.39794012093212, 70.23700408670139, 72.99804429055675, 78.31031707286846, 83.34823998498254, 90.41994795252677, 84.79634497207351, 79.67138281475576, 74.80466159335708, 43.33927523125578, 44.36645902180561, 52.91571190831368, 61.93072112403047, 75.89273230663039, 91.00868531565763, 97.91805120647206, 113.18258595564718, 124.69961412545956, 129.80672564541857, 137.85296003743065, 131.77353418217916, 127.49440780844996, 121.08789756751821, 112.77875755581927], [18.45792461100093, 14.284144482225244, 9.898834316876457, 9.414409187364125, 0.0, 8.714071300649367, 16.848756856581257, 57.77959424183515, 63.2953799464188, 73.17782756991345, 81.19061762302246, 86.80641598564858, 80.97304510465345, 72.41341201331122, 64.03554183070798, 32.88896835936422, 28.330409098690858, 25.39823457471101, 24.56002161616347, 26.824993955097362, 21.67702671507809, 19.548770077526846, 19.883489039912007, 22.224088572813823, 28.011544947625755, 62.463094048875405, 71.81392749462835, 78.78481990778319, 87.60481646782634, 92.49021542064631, 90.07982047482258, 85.84744634596385, 77.2615053356794, 70.05250195963566, 64.18015050130707, 33.531843476214135, 35.19460899776143, 37.866689534960486, 37.900833691719356, 48.24028054426953, 56.52963072188175, 63.14103487660085, 67.04584150124087, 64.9578107656775, 57.09960581814014, 50.832291964015994, 50.049064362547924, 61.36192928613234, 59.03462577764172, 61.674145386601396, 68.33537222946438, 71.13337775176187, 77.07805832994256, 86.36390957635415, 85.47587567534165, 83.6519605335486, 79.52529997563143, 73.93791929417962, 70.16355608653787, 63.074795708595055, 64.7881250096598, 69.7609455042307, 74.68821197476306, 82.12376947256614, 76.36538166384715, 71.40310868000505, 66.86658550846116, 52.29879757153762, 52.42778703177668, 58.15854825419343, 64.80962177239603, 76.73547492806985, 89.74277973446843, 94.8005388472057, 106.33789452922628, 118.36977425655625, 123.94409937930257, 133.4719555859545, 127.53363475637144, 123.14365197441722, 117.2531507729352, 109.1288891516538], [11.185388825379427, 10.815961414321473, 12.011325617083651, 17.232748591359098, 8.714071300649367, 0.0, 8.586291120665487, 49.39219979894073, 54.91991986574665, 64.74830579543163, 72.82793152906791, 78.64585505848495, 72.63658282853572, 63.974333677548195, 55.63227225925184, 26.891169859062174, 24.870308345435866, 24.91329028767274, 26.957414239650436, 31.767090866812012, 26.887778475370443, 22.248969130080702, 19.108356483276108, 17.75724092945582, 21.021151803580008, 54.173403430267406, 63.58075717214788, 70.59595975578212, 79.62658923910169, 84.56410234210456, 81.94088632759612, 77.6034805047949, 68.88204571853015, 61.63957480124837, 55.773681378205055, 25.249463022589094, 26.765418832069503, 30.5219879107726, 32.371391908863075, 43.05590790808419, 50.63108388594582, 56.661311660003086, 60.0337347944722, 57.16209858569794, 48.984175584552005, 42.168769070597364, 41.44974140847819, 59.545791266491186, 55.727448115082154, 56.90021696241603, 63.07013934642642, 65.18647320940428, 70.9145780598999, 80.27942077045643, 80.08999742499577, 78.73050481017147, 75.38937065565368, 70.47678606736471, 67.4152906915539, 60.50673583839329, 60.59606852288862, 64.72927987835276, 69.02074462596205, 76.30058741227127, 70.93589875027996, 66.62987236541338, 62.924367026583326, 58.032311857467334, 58.84517625964587, 64.09760833426884, 69.53782576314248, 80.45401426683358, 91.91507381340446, 95.4563136765445, 103.3098638768578, 113.7505673765681, 118.82366484936605, 128.52483148653278, 122.08870758626323, 116.99407631107947, 110.68734129704384, 102.0701558575664], [6.454070003972377, 13.246896983647455, 17.936050916257038, 24.22429988378244, 16.848756856581257, 8.586291120665487, 0.0, 40.95130274805374, 46.468237770498305, 56.40935589610437, 64.36369697321554, 70.13795434684467, 64.22429168217798, 55.63366122904084, 47.24255212719014, 23.746067966145493, 24.449587282250757, 26.930432554723772, 30.649490017845242, 36.385319603010934, 32.23779360223998, 26.926257409905354, 22.05912015322957, 17.505642412602914, 16.873338547436546, 46.56209069653069, 55.7014613999741, 62.48425257373977, 71.28952974988368, 76.0812314000795, 73.45397192959976, 69.23017261344219, 60.66437505314849, 53.53645608556365, 47.83191451006387, 18.837290696161826, 21.311746965973153, 27.19265969081807, 30.78513271872968, 41.40890146955299, 48.30414085238879, 53.380170828685635, 55.248983171589984, 51.14947252886579, 43.61819322285743, 35.23948032562009, 33.81191074215729, 60.288102609339724, 55.53380890346419, 55.43241746729477, 60.84505321448278, 62.01822931794598, 67.03802083395709, 75.8249443631959, 76.7355558798887, 76.10323605101998, 73.71741772458162, 69.65149334094822, 67.22750786979752, 60.57401589110573, 59.33431045883612, 62.521132594916125, 65.90350352629115, 72.41433435690827, 67.86520387495796, 64.43011135429865, 61.68134694731121, 61.74843178860998, 62.86805358270406, 68.1760393548478, 72.93873129147644, 83.49850979309915, 94.02402777398949, 96.63508038462321, 102.07623796210518, 109.58696619140176, 113.57734656748472, 122.50068419676126, 115.36218456793564, 109.50280157701376, 102.57449619970032, 93.72500550495286], [41.29710356719582, 50.180747016064664, 57.16630639073751, 64.46952332257608, 57.77959424183515, 49.39219979894073, 40.95130274805374, 0.0, 6.761511019127084, 17.33043847462986, 23.710659044039538, 29.756444098367822, 23.520959067967404, 15.03489308098458, 6.641709190017957, 42.17046166616156, 50.70127197489116, 58.142729151412524, 64.80485123827228, 72.1291987924172, 69.52681647544851, 63.19508031069473, 56.1628555764589, 47.90472706186666, 38.865858202785205, 20.263113861057338, 23.733935292171058, 27.37116457414171, 34.5970510649301, 38.07509239086345, 34.26771917604138, 30.654467108515867, 23.246966976951228, 18.267878724541966, 16.513769645505654, 30.18574495812994, 30.898128069381517, 37.913005388748225, 45.707115090059, 50.39043040346139, 50.78214931263022, 49.2648208290495, 42.976532491465214, 32.290470345047474, 31.78413608464345, 19.685260983117956, 15.990137664432064, 74.3329680861494, 66.08388844894782, 59.926333700426994, 60.31968365420438, 56.4521002880768, 56.89927516442185, 61.61751397545307, 68.15305168628095, 71.20356155831473, 74.01278249647248, 74.62660239448705, 75.7781481187398, 71.64776831383692, 64.27238559670398, 62.01549797718101, 60.02638198253583, 61.75573954686881, 62.16275756358345, 63.937071157075835, 66.46983484520749, 93.69340534829766, 95.37378472279475, 99.2639960794382, 100.57759555568767, 107.82926808526216, 112.82218145061663, 110.33942728154727, 101.68507211592748, 95.57553352555037, 94.26288774948627, 100.47914512046485, 89.99765368912503, 79.59327864269235, 69.5864728882768, 59.31230670307434], [46.17727303232278, 54.788956622394345, 61.970768393086686, 69.73523032686234, 63.2953799464188, 54.91991986574665, 46.468237770498305, 6.761511019127084, 0.0, 10.81023766868324, 17.933188939754494, 25.49360672680384, 19.651777587367533, 11.992308684209267, 6.460454028509913, 45.02827237211917, 53.81292781277117, 61.56051923737022, 68.50344447999383, 76.1222214747316, 73.79048924148755, 67.2912430903747, 60.12550861408756, 51.80632479876095, 42.632436061034525, 17.282728754447692, 18.14421711387929, 20.808400125820366, 27.95068192734116, 31.774320051207408, 27.90056045058613, 23.982736279871073, 16.656471686973145, 12.431895301594606, 12.550292497385907, 34.26939565798105, 36.04183389535112, 43.5383309328649, 52.03628649696016, 56.46806976574139, 56.10655694622268, 54.008760393263145, 47.48394072250165, 36.355395584715914, 35.41902678884855, 23.60778098563474, 18.503576226446874, 80.73072951784638, 72.2116671381762, 65.53139125688084, 65.50565095145508, 61.21670501462278, 61.292258751840606, 65.54985767117658, 72.65096835387249, 76.03318856514433, 79.34629859835027, 80.35249526062624, 81.81093688979622, 77.88991698035385, 70.04901387032268, 67.31091239790783, 64.82459943287365, 66.13471527095413, 67.04828956860845, 69.32770540592686, 72.29318898306056, 97.31938162298172, 100.26149181806053, 105.05885551656486, 106.7347741854258, 114.24469653448033, 119.23299984731867, 116.59942517073316, 106.78574485256327, 99.03231829604744, 96.6972211187598, 101.7588928129525, 90.38891158805417, 78.67840680053297, 66.77290753095266, 54.010933054022445], [55.61539065709417, 63.80962470327489, 71.20921183629913, 79.58757720685321, 73.17782756991345, 64.74830579543163, 56.40935589610437, 17.33043847462986, 10.81023766868324, 0.0, 10.131799108523468, 20.797743634467995, 15.851602003576197, 12.015083511358254, 14.003883790449203, 51.94195433527105, 61.15662679892032, 69.3533654401548, 76.72519365343376, 84.8450810753272, 82.68380815774246, 75.82998162095025, 68.40572068451745, 59.98822150774116, 50.65368353234722, 17.8214107148999, 12.806998743170235, 12.140921197205465, 19.315188509018334, 23.74284092074904, 19.05541660814932, 14.0670184054216, 6.531315383675327, 7.324416507344048, 12.772262594434041, 42.495555595603506, 44.48427822162056, 51.825269676048684, 61.11074455467736, 64.74955500739654, 62.957580833295374, 59.82323266350646, 53.06437696539556, 41.63522012019216, 40.40925677377668, 30.36761249615605, 25.507362882235515, 89.5562450578768, 80.41139772666557, 72.71286832229049, 71.89227917083562, 66.91937693689418, 66.4454351837853, 70.1539607262424, 77.96242755452924, 81.8063484972481, 85.97338722895017, 87.69635856986966, 89.79474525495976, 86.34776249780853, 77.52957332986202, 73.89694532972543, 70.57788027833217, 71.34297380394295, 72.98355754956881, 76.11599401755207, 79.87881067362301, 105.98720817614566, 110.2763586370579, 115.70026864862022, 117.43059410869924, 124.74768888218662, 129.1450109313846, 125.78036402159734, 113.05082874944732, 103.3898921237943, 99.94851719018156, 104.221117005998, 91.9359130841867, 78.57963595329521, 64.61225739312918, 48.454476284974476], [64.06195578999602, 72.59418038457808, 79.81611854639203, 87.52809328029169, 81.19061762302246, 72.82793152906791, 64.36369697321554, 23.710659044039538, 17.933188939754494, 10.131799108523468, 0.0, 11.30743257172569, 8.715991593896359, 12.038411106472065, 18.380200350950613, 61.67943298436139, 70.67570545432251, 78.6141350263542, 85.6764765376091, 93.28451403451541, 91.24732475747835, 84.78720161494215, 77.59024379110056, 69.26138213739831, 60.01692023380357, 27.89941248647824, 21.447310836501554, 16.975250093920263, 17.416440126344106, 18.159824136380784, 12.678718248137312, 11.139705565121954, 12.143157350499619, 17.1320464154612, 22.90226207831737, 51.70992847330455, 52.85474974166463, 59.117566395300656, 67.13149402769022, 69.74845918813473, 67.70352460951135, 63.74955542267134, 55.193560880751015, 44.01052660636362, 46.564193182769806, 38.2283178882943, 34.828967339737694, 93.13731142066564, 84.31658165065585, 76.54333627630044, 74.8752339510365, 69.27615873458466, 67.41525617036322, 69.10662700293086, 77.97738898334453, 82.56964605681637, 87.56591066249327, 90.11183020637348, 92.58026457217267, 89.66847480832362, 80.69801202519072, 76.45557038154632, 72.25400814742422, 71.31380008424769, 74.24559920590941, 78.22514852519733, 82.65984897664265, 113.17274660664513, 116.1171079964042, 120.51440930838584, 121.32866573594296, 127.85753981474544, 131.18233976598503, 127.10188142588179, 112.89120111041417, 99.38142848983365, 94.29815776753925, 97.20596934497361, 84.35065665395923, 70.20055449288664, 56.22109263265485, 42.32744983265015], [70.56170452874842, 79.50210965907114, 86.37178501192538, 93.00985331372884, 86.80641598564858, 78.64585505848495, 70.13795434684467, 29.756444098367822, 25.49360672680384, 20.797743634467995, 11.30743257172569, 0.0, 8.043955748177323, 16.725437610627623, 23.773780009948823, 70.4401308634845, 79.01661641543066, 86.46812180616847, 92.982833847665, 99.76733735182987, 97.80773897696585, 91.97248994363096, 85.17302205514791, 77.03742770478067, 68.02434905481962, 38.527251681089496, 32.57578123066782, 27.58787524429721, 24.082560771741402, 20.50568066991908, 16.53764929406078, 19.42883469546792, 23.368060316508213, 28.064924328026077, 33.35342578722409, 59.5946791540983, 59.79642217401216, 64.85891960393664, 70.9892783106534, 72.6869035028873, 70.99613369474979, 66.60329794687877, 56.16081904610108, 45.77015942651171, 52.570645538944234, 45.510567789257486, 43.41799067482898, 93.75894659343929, 85.74203268779436, 78.45381548223006, 76.14027130170267, 70.17775769011801, 66.85721154135828, 66.12007357383841, 75.92719138135348, 81.21019923246315, 86.79102784662899, 90.00679214807094, 92.60610614157316, 90.17686139729568, 81.59272333684741, 77.07297336363119, 72.22408344516136, 69.34993083479806, 73.562358829041, 78.15002697209202, 82.99127775949677, 118.1238294170775, 118.80789838344101, 121.59698267487641, 121.21717720831343, 126.77725243691863, 128.9815563665185, 124.35759870130109, 109.80034249917583, 92.12990606398905, 85.33176612638292, 86.706178765851, 73.53029955485094, 59.16887429297757, 46.678981905933306, 39.33597541709492], [64.7948394226064, 73.69255007817958, 80.66327209822363, 87.61924179303023, 80.97304510465345, 72.63658282853572, 64.22429168217798, 23.520959067967404, 19.651777587367533, 15.851602003576197, 8.715991593896359, 8.043955748177323, 0.0, 9.173925347979347, 17.099169858985118, 64.49401157856425, 73.42466379830675, 81.11936312346332, 87.87996956175, 95.0561486627468, 92.74592185909525, 86.54511951136625, 79.48597253984204, 71.1625101842975, 61.943082877418526, 32.97652548312981, 28.47405217591449, 25.31084265629929, 25.658290661425692, 24.668998014704325, 19.584916858366647, 19.637862700988542, 19.85764925860654, 23.035307360993492, 27.726170129530658, 53.12065185960768, 52.565304787978256, 57.314571938872, 63.848600298165664, 65.4991227793, 63.4815155796572, 59.13865423713483, 49.298880177529036, 38.559048911273216, 44.54380792534098, 37.83976727481793, 36.63060199830021, 87.54978682026106, 79.02899855076134, 71.39267865869235, 69.24650048502917, 63.39238365365394, 60.708579165765535, 61.32147820909573, 70.59185478854083, 75.51052755464185, 80.8364139761611, 83.80106090773525, 86.44781023613804, 83.90906036065563, 74.95774214809961, 70.4541887702917, 65.84513323090344, 63.94700068142516, 67.50255676283298, 71.85811388203415, 76.61686849204659, 114.8777842708231, 115.59024700544093, 118.08544729759264, 117.64509076425183, 122.98749002275717, 125.13086544851333, 120.30488086603478, 105.16809060832736, 90.6929871207877, 85.75201067832839, 89.82956272230852, 77.76553351351242, 64.76675725166646, 54.05213865331652, 46.181895120994106], [56.22115337834002, 65.05187176062923, 72.08041223166934, 79.30766482766872, 72.41341201331122, 63.974333677548195, 55.63366122904084, 15.03489308098458, 11.992308684209267, 12.015083511358254, 12.038411106472065, 16.725437610627623, 9.173925347979347, 0.0, 8.484720849340125, 55.950082642931804, 65.01034752151503, 72.79436682560566, 79.67656117051794, 87.10987302706509, 84.55195875531872, 78.11432140234389, 70.91517094541211, 62.507021347739666, 53.2108317329227, 26.207296225077855, 24.2675268083274, 23.923225939966414, 28.220757829234294, 29.652237686402792, 24.587111152247186, 22.25946036549541, 17.976157647244722, 17.937149533406334, 21.0195239493342, 44.19152997728503, 43.40560364421165, 48.44966422213423, 55.59504432233302, 57.902314901016915, 56.19398336267926, 52.50131744383118, 43.81415315282827, 32.60608223568441, 36.52789375106298, 28.801273693227806, 27.783909572700185, 81.10875425035907, 72.31408996259502, 64.76229965632368, 63.31458362862428, 57.96629039646079, 56.4454509498545, 58.9315827901396, 67.23167506492474, 71.48781510571945, 76.06301252713185, 78.31669672382658, 80.64142077476579, 77.6479530778808, 68.80661495401132, 64.82505873023356, 60.97533075803686, 60.574434351805564, 62.96205937864114, 66.56802621970981, 70.76466953631594, 108.08610695906691, 109.09935042167295, 111.80435176713601, 111.7656754669961, 117.46380092424515, 120.27523105482973, 115.91508384722474, 102.04965487028092, 91.37952212483629, 88.30074794077908, 94.1841627811899, 83.00397990694582, 71.23576704223463, 61.27935490100413, 52.3023447136356], [47.819781320406356, 56.71932472569511, 63.68526589320664, 70.84443072883047, 64.03554183070798, 55.63227225925184, 47.24255212719014, 6.641709190017957, 6.460454028509913, 14.003883790449203, 18.380200350950613, 23.773780009948823, 17.099169858985118, 8.484720849340125, 0.0, 48.40349797473889, 57.16454618295785, 64.72528447568438, 71.4411518143848, 78.74643218083989, 76.14668781262074, 69.81384368881497, 62.73431339235964, 54.41915917646009, 45.273997106374345, 22.563724669628705, 23.603082338263064, 25.590718536439354, 31.684766632398194, 34.2782168200054, 29.939243290757116, 26.85019489512406, 20.481922062783656, 17.338735943957275, 17.84631984442229, 36.37522735566185, 36.11151633617701, 41.99599622598193, 49.32538654312424, 52.82629321785829, 52.292812073522576, 49.74945453702656, 42.152366085627314, 31.049676193081904, 33.013019903993346, 22.982681332209324, 20.99271205329511, 76.40324826689229, 67.92017310457153, 61.13502458913467, 60.67056740659855, 56.10046667969494, 55.61248783308212, 59.310291720279416, 66.67521022759162, 70.29256595546397, 73.90499330054362, 75.27553897084152, 76.95746190255191, 73.34564824295596, 65.29797383826907, 62.24827976131341, 59.39722210422131, 60.12187533909186, 61.442096701422635, 64.05617995067794, 67.36331985558952, 99.97639815613732, 101.0996696736071, 104.25075993423158, 104.82130759764995, 111.27160466925861, 115.19374319103706, 111.81948248427511, 100.85244050628748, 92.68266091342528, 90.64141166162602, 96.80991083642623, 86.0864040735472, 75.2133032845193, 65.45835841884313, 56.12563248269969], [18.284970524155657, 19.04769985249214, 26.113509109798514, 37.918224786194976, 32.88896835936422, 26.891169859062174, 23.746067966145493, 42.17046166616156, 45.02827237211917, 51.94195433527105, 61.67943298436139, 70.4401308634845, 64.49401157856425, 55.950082642931804, 48.40349797473889, 0.0, 10.584077614045784, 19.89592400078783, 28.67773915717141, 39.398659121130365, 36.26857228322873, 27.35773035831836, 19.0361001916205, 11.36947262034458, 7.178611783431459, 36.41785163427644, 45.946430868504876, 53.8250901250456, 64.21991476415572, 70.98753464330389, 68.62956037227617, 63.066345800044495, 53.86062351326943, 46.45780627757694, 40.073615685688324, 14.435160597571818, 24.870683950471545, 35.54556029736035, 46.100133037381724, 55.74628641372051, 58.71295149165724, 62.269582837196715, 65.34035023325914, 58.81734849643817, 45.09044123861741, 34.715602172305104, 28.933842978878108, 79.40473586489048, 72.12351049798754, 68.85444223924505, 73.36708039512605, 73.42692909846606, 78.89271697816294, 88.92165958803015, 90.75940459148137, 90.53054144359986, 89.35378640139164, 86.12257143412124, 84.98595982762924, 78.87435194805128, 74.75027861319879, 76.22467474059313, 78.53796285085835, 85.8190042902939, 81.55721693770597, 79.32417062194364, 77.9908859366118, 67.24629594577496, 77.69543913670579, 88.27218085252233, 95.27269453651546, 106.82817781417329, 117.52925233250043, 119.4335016970877, 119.76472647588388, 126.56784013561828, 129.40258683507616, 137.38572131376, 128.10756300616268, 119.016746164958, 107.21632721702967, 90.3827324110278], [18.345878370373168, 14.452583095570631, 19.521735135306102, 31.153734002865363, 28.330409098690858, 24.870308345435866, 24.449587282250757, 50.70127197489116, 53.81292781277117, 61.15662679892032, 70.67570545432251, 79.01661641543066, 73.42466379830675, 65.01034752151503, 57.16454618295785, 10.584077614045784, 0.0, 9.41334297962079, 18.36017143137397, 29.43290133035902, 26.597710737686487, 17.7411567427524, 10.268892575785031, 7.4302984433795105, 13.30803815775992, 46.10476615531597, 55.207516778646244, 62.74999051564494, 72.47111749073572, 79.05456964750083, 77.1691343889619, 71.90781509093715, 63.12285653789584, 55.88713009062066, 49.64114045205751, 23.024456026663714, 32.62187366261543, 42.06091204865392, 50.63205769136217, 60.89882200896587, 65.20353550842833, 69.65611870878983, 73.12909652320504, 67.32968477596677, 54.35391337102632, 44.36773196604079, 38.736382933330276, 82.15837779204347, 76.17425563150825, 74.41515729160015, 79.63435703127672, 80.42226381689203, 86.15051423239038, 96.10866434857122, 97.374259360982, 96.73365361512407, 94.73960539153657, 90.76301440200088, 88.84296738055541, 82.33844370891087, 79.79642128324456, 82.24478889039253, 85.29133731158792, 92.74105449555495, 88.05546705209467, 85.07159747002964, 82.82462237254963, 57.719955268686036, 69.99007746230032, 82.48890146564203, 91.12070053872692, 104.09304244816457, 116.58579192230067, 120.14927125022656, 124.48882205716707, 132.3821407123657, 135.43907151896772, 142.6889922900254, 133.62945323089895, 125.075339976425, 113.2837344070212, 96.76308194573834], [21.438779392952718, 14.397535868796647, 15.527872116507687, 25.5144778207103, 25.39823457471101, 24.91329028767274, 26.930432554723772, 58.142729151412524, 61.56051923737022, 69.3533654401548, 78.6141350263542, 86.46812180616847, 81.11936312346332, 72.79436682560566, 64.72528447568438, 19.89592400078783, 9.41334297962079, 0.0, 9.025112874012434, 20.361489616499323, 17.787085037165898, 9.496151122978453, 6.457974481868832, 12.264361648235592, 21.115096244293138, 54.92177592017438, 63.78741311531575, 71.05805950593462, 80.23108686059129, 86.53965413958284, 84.95278119408044, 79.98604902168947, 71.50760097381695, 64.3817327863588, 58.246037384358395, 30.945403807137158, 39.60927450976832, 47.88524077888309, 54.56689030509049, 65.12332399918034, 70.5447449273834, 75.68435541155185, 79.37408306089273, 74.25725261585976, 62.13960838711501, 52.52893405410747, 47.23402790318667, 83.93897662301434, 79.2082959347258, 78.80764195316036, 84.5625326134546, 85.95430804022214, 91.82493277772876, 101.61866813232967, 102.37615878956358, 101.39229425418492, 98.70193675160758, 94.11901147999471, 91.51971222359008, 84.74003519445203, 83.63367109734922, 86.90217038493131, 90.54424788367625, 98.04343114773157, 93.04063208769608, 89.43475700243995, 86.41944395568414, 49.20437010844721, 62.61974626588731, 76.58973617410915, 86.56844758881194, 100.67153795013382, 114.65905612200555, 119.67840129203978, 127.62966321561335, 136.45271903055024, 139.77125839080247, 146.5087321584755, 137.80932353067476, 129.9329396669136, 118.53888737052952, 102.88762668570648], [26.169344398025164, 18.33390711931712, 15.472384150688285, 21.38417561739533, 24.56002161616347, 26.957414239650436, 30.649490017845242, 64.80485123827228, 68.50344447999383, 76.72519365343376, 85.6764765376091, 92.982833847665, 87.87996956175, 79.67656117051794, 71.4411518143848, 28.67773915717141, 18.36017143137397, 9.025112874012434, 0.0, 11.506011061507065, 9.562458819560483, 5.765055527787394, 11.723874385889507, 19.696983242098092, 28.935403927913278, 63.0348005133236, 71.68727815698328, 78.67740517610493, 87.3022444898947, 93.27227308780638, 91.93536920783338, 87.2887141731391, 79.11504235304213, 72.10569425595092, 66.09698814052545, 38.50540162288686, 46.41100494697547, 53.710148187468675, 58.59359305840086, 69.24534429994578, 75.66564886794542, 81.31947119686535, 84.97820404176997, 80.4502550005285, 69.37416444913201, 60.00409901007998, 54.989582491403986, 85.55098392433673, 82.0939723649274, 82.96307930605614, 89.11263668767955, 90.98638022191273, 96.85217742584446, 106.32014704021788, 106.68442128779068, 105.4489340276618, 102.17574827785738, 97.10796426142818, 93.89182372822658, 86.91499026652421, 87.1698640191628, 91.14047745197841, 95.24683536158162, 102.62670675759792, 97.44279715621649, 93.33346294295154, 89.66707692365534, 40.91235416410456, 55.035140251882794, 70.38119254041999, 81.63237276639927, 96.8054810179098, 112.1924598569191, 118.62345680775088, 130.10130710740654, 139.47411766150913, 142.95192290589907, 149.110186320665, 140.80252187832144, 133.65225653814304, 122.80595366120231, 108.31736345954575], [33.186973638347744, 26.059020873222, 20.80304959855552, 19.76597261021491, 26.824993955097362, 31.767090866812012, 36.385319603010934, 72.1291987924172, 76.1222214747316, 84.8450810753272, 93.28451403451541, 99.76733735182987, 95.0561486627468, 87.10987302706509, 78.74643218083989, 39.398659121130365, 29.43290133035902, 20.361489616499323, 11.506011061507065, 0.0, 5.879105008949657, 13.960433148389736, 21.92794212167633, 29.720154009235788, 38.663113339488895, 72.35104530232286, 80.65421368179082, 87.20316674252882, 95.01844591482597, 100.44480473734718, 99.42885146997749, 95.26963763156212, 87.56997710877702, 80.77367152225132, 74.99647931167135, 47.667798262022224, 54.862391631693285, 61.22007162529823, 63.98032608283707, 74.56422287936803, 82.13301252982879, 88.20234920400904, 91.40970124885436, 87.46401917722093, 78.0375698507151, 68.73749659322532, 63.93984518697463, 87.66189502908304, 85.85280329595467, 88.2057954473989, 94.656235560102, 96.95003296632733, 102.56704826968793, 111.32902233997613, 111.41059610108898, 110.01898821079524, 106.18910859092718, 100.69546797908397, 96.78102529124124, 89.65046414265848, 91.52777383539865, 96.21862312639253, 100.71062743089229, 107.64605315915695, 102.46452353373135, 97.8995981841994, 93.58302268726857, 30.234855403536148, 44.53063629254386, 61.79296395088018, 74.67206171506493, 91.26306815349184, 108.38046466494028, 116.6090008940848, 132.56975751406276, 141.8563437189085, 145.2736974183204, 150.39339904556144, 142.5683113135538, 136.37530085555994, 126.34287422379028, 113.70025678252867], [29.367204228042567, 21.580635489842116, 15.605102684098883, 15.293295742287109, 21.67702671507809, 26.887778475370443, 32.23779360223998, 69.52681647544851, 73.79048924148755, 82.68380815774246, 91.24732475747835, 97.80773897696585, 92.74592185909525, 84.55195875531872, 76.14668781262074, 36.26857228322873, 26.597710737686487, 17.787085037165898, 9.562458819560483, 5.879105008949657, 0.0, 9.537053368783154, 17.84272930911788, 25.8883588790249, 35.08740262343016, 70.01849169794465, 78.72896796604017, 85.55461619748003, 93.84666630186231, 99.3527573164662, 97.98824379788243, 93.65516625790937, 85.59269664712586, 78.59196934698106, 72.66129078647174, 44.0119506765308, 50.40903014319301, 56.20252433879663, 58.83976551673668, 69.37159575758822, 76.87249539966203, 83.09677283413265, 86.79889324028296, 83.22004121486314, 73.51008729815113, 64.88383182221808, 60.820261031731405, 82.69153020809073, 80.63236543963308, 82.92249870892104, 89.46826696472955, 91.92338466457456, 97.79027459219037, 106.92540921389381, 106.6922579568558, 105.11774384637197, 101.17549301316835, 95.5991337500961, 91.74427314401555, 84.63164562599238, 86.37248573495548, 91.11440104200042, 95.75897504148797, 103.03271351802402, 97.59541138075615, 92.90630306198327, 88.52554224933611, 35.40133350042529, 46.750741264837856, 61.731933045264356, 73.51955669602714, 89.17273350597844, 105.49694256017139, 113.05141126276935, 127.84260933484028, 138.27254652174713, 142.31838540428606, 148.63283323560825, 141.17841751799148, 135.2475129795233, 125.90260990225332, 113.70759334871248], [23.080405311398042, 14.358753205722664, 10.410083025154698, 17.493357385220282, 19.548770077526846, 22.248969130080702, 26.926257409905354, 63.19508031069473, 67.2912430903747, 75.82998162095025, 84.78720161494215, 91.97248994363096, 86.54511951136625, 78.11432140234389, 69.81384368881497, 27.35773035831836, 17.7411567427524, 9.496151122978453, 5.765055527787394, 13.960433148389736, 9.537053368783154, 0.0, 8.556325645426314, 17.11251815816366, 26.693427104616802, 62.272301892269766, 71.32959496544873, 78.53281054258788, 87.51900756346845, 93.4290364018659, 91.74429235237294, 87.01859625622457, 78.53269823389708, 71.3378803984564, 65.21019374283156, 36.01790149657336, 42.74877373077839, 49.207419191397555, 53.605554418839446, 64.19236342345512, 70.73907559073106, 76.6427413440402, 80.76592904853753, 76.77415047777737, 65.71115300228816, 57.165543060893214, 53.13442074877583, 80.24548332068397, 76.7701216388664, 77.80462080601971, 84.10575842643787, 86.22734494424535, 92.31911074410905, 102.06226324731419, 102.03060190710315, 100.57243038716383, 97.08860040420606, 91.87169134975326, 88.61442066875424, 81.64260888895133, 81.99954154531639, 86.14109573594885, 90.47764612834689, 98.14180522813089, 92.68261222780193, 88.36339465810455, 84.52652526894985, 44.13219116095211, 55.393639073666, 68.71800217658439, 79.02716408345404, 93.37417283666929, 108.13067406333751, 114.10418670941799, 125.03844585497622, 135.6019288220448, 139.7583412871791, 147.04448790889597, 139.267255866698, 132.634141393336, 122.79751119525272, 109.33513074733133], [17.27468143001575, 8.918313553736658, 10.279992814770933, 21.650993896045076, 19.883489039912007, 19.108356483276108, 22.05912015322957, 56.1628555764589, 60.12550861408756, 68.40572068451745, 77.59024379110056, 85.17302205514791, 79.48597253984204, 70.91517094541211, 62.73431339235964, 19.0361001916205, 10.268892575785031, 6.457974481868832, 11.723874385889507, 21.92794212167633, 17.84272930911788, 8.556325645426314, 0.0, 8.789604295820887, 18.494551372655973, 54.382053935749695, 63.688521892099246, 71.13495154951924, 80.60577258921144, 86.74031909754486, 84.77431340557332, 79.7956375259538, 71.0149553399184, 63.69628909252756, 57.45494783679899, 28.012638659339785, 35.20869490460282, 42.54727814816079, 48.610708359561535, 59.15983374360461, 64.83881086044211, 70.28023668472161, 74.3771001031213, 69.87770465749213, 57.9821456552891, 49.26362747916975, 45.1975623355707, 77.66527836504868, 72.96673441140372, 72.80242330038986, 78.73112941230222, 80.39362819489888, 86.4666260861998, 96.48326208194904, 96.8286801868214, 95.6228322235053, 92.69902172419496, 87.95895887479146, 85.29064171750639, 78.50336684082059, 77.55745332551042, 81.03723009777096, 84.93285472460083, 92.67682323068064, 87.40069041949674, 83.55726242689386, 80.34375577732018, 51.64397087994253, 62.077213334424485, 73.95394123436425, 82.91078954532777, 96.14716174123865, 109.46549127273087, 114.03167383727566, 121.58264893099759, 131.53938861952793, 135.56205301871617, 143.44648205834, 135.3731886343263, 128.16805275405926, 118.03720719396813, 103.87135562677618], [11.879341541455991, 8.129880636151187, 14.76242581590915, 26.666635400782265, 22.224088572813823, 17.75724092945582, 17.505642412602914, 47.90472706186666, 51.80632479876095, 59.98822150774116, 69.26138213739831, 77.03742770478067, 71.1625101842975, 62.507021347739666, 54.41915917646009, 11.36947262034458, 7.4302984433795105, 12.264361648235592, 19.696983242098092, 29.720154009235788, 25.8883588790249, 17.11251815816366, 8.789604295820887, 0.0, 9.712188504044082, 45.94331649144286, 55.44137456515409, 63.013266649350456, 72.79075815641903, 78.977462198301, 76.7431565883285, 71.63804703260408, 62.655998350484786, 55.25313114568065, 48.9597078066386, 19.30219534584921, 27.34494037010163, 35.96032177942939, 43.62403747013129, 54.035241338108506, 58.92587917076094, 63.73100566693309, 67.29137432947597, 62.132032704273485, 49.96555865251962, 40.679136012531856, 36.45633923386325, 74.78992496227787, 69.0237250779405, 67.68612884552421, 73.0956119136025, 74.14608425171362, 79.94212005143213, 89.90667299611245, 90.83195158044308, 90.0296175146987, 87.79024972654189, 83.66099628859902, 81.59154403302175, 75.03454849156127, 72.82367624035304, 75.55579116717705, 78.85472892141082, 86.36230339806787, 81.48667151786321, 78.24633944621698, 75.7606650102746, 58.50125617151277, 67.53547778692536, 77.93349416981033, 85.51741128984699, 97.71118741140455, 109.61459804073277, 112.85511704558014, 117.31896143439234, 125.9322463167137, 129.58552134035855, 137.7651145329096, 129.39954514724306, 121.70898770642042, 111.45997834105887, 97.11637735116504], [11.95068390276808, 15.172128805533129, 22.835244079422427, 33.99147701870706, 28.011544947625755, 21.021151803580008, 16.873338547436546, 38.865858202785205, 42.632436061034525, 50.65368353234722, 60.01692023380357, 68.02434905481962, 61.943082877418526, 53.2108317329227, 45.273997106374345, 7.178611783431459, 13.30803815775992, 21.115096244293138, 28.935403927913278, 38.663113339488895, 35.08740262343016, 26.693427104616802, 18.494551372655973, 9.712188504044082, 0.0, 36.67697775007764, 46.384396945274446, 54.07324587389657, 64.18359214427028, 70.40051822537762, 67.84368895532481, 62.60408337992717, 53.400130334923986, 45.91055792910848, 39.57181226612415, 9.877389766862345, 19.83945229778942, 30.336461859606995, 39.93138847627591, 49.84908185020947, 53.63076602823934, 57.48023181731369, 60.157743741136876, 54.059483278014746, 41.71336000332936, 31.423162935763706, 26.774429306039202, 72.9410256055643, 66.02713211871082, 63.26879169250143, 67.92427816420627, 68.14266481263968, 73.47409726393585, 83.23272398891768, 84.94388496362072, 84.68749045012171, 83.33643142507587, 80.01249743625496, 78.68073172565013, 72.48109783556353, 68.78005655164733, 70.53012140275311, 73.00489874514489, 80.08263467790653, 75.80376569776219, 73.38090042820058, 71.84439444613055, 66.32784589554227, 74.07095788443638, 83.03830261761127, 89.21131936373864, 100.27224122096692, 110.61245219394151, 112.41092743986866, 113.39862516744613, 120.18029678035518, 123.28946417615715, 131.66844439977578, 122.93082546843017, 114.6397287362965, 104.21522377459203, 89.68706295714206], [44.34768915277889, 51.19406334727615, 58.878239474608016, 68.7956423480797, 62.463094048875405, 54.173403430267406, 46.56209069653069, 20.263113861057338, 17.282728754447692, 17.8214107148999, 27.89941248647824, 38.527251681089496, 32.97652548312981, 26.207296225077855, 22.563724669628705, 36.41785163427644, 46.10476615531597, 54.92177592017438, 63.0348005133236, 72.35104530232286, 70.01849169794465, 62.272301892269766, 54.382053935749695, 45.94331649144286, 36.67697775007764, 0.0, 10.30213466300014, 18.620229794478213, 30.450354257789858, 37.591138809338645, 34.176519651877804, 27.84852243214151, 18.071502041679075, 10.914544160265192, 5.291483359902969, 29.61733444347369, 34.2676142269952, 43.936740124373195, 55.74395771941566, 61.295449539730775, 59.919503667548625, 58.51126813168714, 55.70947909222927, 45.01307524497257, 36.03493001435227, 23.65270941805433, 14.777784142963958, 88.01078406518798, 78.45558087862