{
	"dissimilarities": [[0.0, 9.39651865968163, 15.751960652856011, 24.58158653087593, 18.462983883242547, 11.177244998625465, 6.495483724854139, 41.304418809754694, 46.16968027978861, 55.59125242876117, 64.02878166728291, 70.57260594324697, 64.77962761960318, 56.2106332124749, 47.822635629740745, 17.399754395481505, 17.29864809583252, 20.570577318832132, 25.49431095836797, 32.81561283256818, 29.084834654603647, 22.543759327081325, 16.557731725076934, 10.827175235449966, 12.042974533016126, 44.32980888170496, 53.22839861372659, 60.24413973503609, 69.2435166071108, 74.55216527810391, 72.27066377209975, 67.75923757366833, 59.13844893884824, 51.891924644164725, 45.898148888068825, 16.40222199384062, 22.12821050420709, 30.023717152126018, 35.828658694307514, 46.4787165484616, 52.560232214129826, 57.47660090303954, 59.425741578777135, 54.52531993162562, 45.27158784493649, 35.80243000164891, 32.716313333360745, 66.45977323395695, 61.251834719010084, 60.475673864655526, 65.7684265089179, 66.68519050076806, 71.80600737090975, 81.0823954879345, 82.9455933122764, 81.51837394025044, 79.40774187768145, 76.44727895283188, 73.2249704534015, 67.76261142970768, 64.86326073059801, 67.7267096913256, 70.8834576478831, 78.37829677190886, 73.04301108509989, 70.74848542845545, 68.34317123544785, 59.78461560938979, 63.7779136227677, 71.69571762393404, 78.43220428507459, 89.612385577848, 100.30102710129171, 102.95797637690265, 108.14862844101285, 115.13247265063447, 118.93049046262624, 127.22328206018611, 118.78400352220301, 112.18223103182817, 103.92888501303598, 92.3422326098287], [9.39651865968163, 0.0, 8.130796650303152, 19.18240939973876, 14.379241961326507, 10.904000615029835, 13.365277333768125, 50.21727899109464, 54.800585066060925, 63.76862731550849, 72.5645482950732, 79.53985168856147, 73.6919017740687, 65.05771838909214, 56.74712232674013, 18.322579346959778, 13.34015941261494, 13.356006596067031, 17.621670782260008, 25.860825854886578, 21.51223567591825, 13.83499514078646, 7.9182071969047385, 7.082965195682952, 15.141958431857553, 51.13860000583139, 60.37066984999443, 67.68341198903461, 76.99225747086682, 82.68186870882994, 80.52038641923517, 75.76094010693137, 66.98321149135738, 59.638378746854166, 53.460205828152674, 22.876600408496454, 28.482361621332, 35.22117154030427, 40.56190298035458, 51.263056616108045, 57.46547980301848, 63.05303086404161, 66.53394643349046, 62.3398817790908, 51.67480381129557, 43.26561966565928, 40.282140718833546, 69.96556180406145, 65.16105483245259, 65.10188151321907, 70.9871865604464, 72.6078322757073, 78.44723485749125, 88.36592614502813, 89.43636565917701, 87.43844633690017, 84.60049001159624, 80.96667665846718, 77.33777576502224, 71.78550095856106, 69.59891015006451, 73.09855361212433, 76.94672693183648, 85.25453840609808, 79.22762247371699, 76.30425035754027, 73.20905748839864, 54.98434295416935, 61.15477694955235, 70.82883189263904, 78.94787711377234, 90.75820700963565, 102.60468585496854, 106.22852539856392, 113.26816139147941, 122.75195764845759, 127.29681334898402, 135.93872511500882, 127.76739886898501, 121.36574792809803, 112.84268555023094, 100.27149438745407], [15.751960652856011, 8.130796650303152, 0.0, 11.486923035529966, 8.796432556437296, 11.190328170834402, 17.438964445187015, 57.02953130678696, 61.90966932169043, 71.22093563859087, 79.7515130522531, 86.23186039249242, 80.49336401381731, 71.91930116923129, 63.52562602159158, 26.197644951718882, 19.57625978299721, 15.582930988109618, 15.439060580007743, 20.793427982410428, 15.664709859326765, 10.412820480265953, 10.360955175304785, 14.730184337028001, 23.25745956065303, 59.101493967241815, 68.2280700481716, 75.39906562322386, 84.41273505695715, 89.84974625245226, 87.77840208931639, 83.23391730559898, 74.60355828594572, 67.31317601035838, 61.20822325427817, 30.615142930975594, 34.81912631140978, 39.76302719317474, 42.75913953377786, 53.41293656293627, 60.64380471313845, 66.91222482506437, 70.77673718151891, 67.54467687560516, 57.77252796558466, 50.24105083466429, 47.913516214404034, 69.30792402823616, 65.70880793755873, 67.09815305385182, 73.50139435068797, 75.80708453933808, 81.82876621466008, 91.50715297552021, 91.9560267273289, 89.57364936764627, 85.98213494533377, 81.66595221015163, 77.39154595371211, 71.71982393672319, 70.97162305400903, 75.32612806858776, 79.8221371629028, 88.16793290715559, 81.8155018890156, 78.1445330618029, 74.24602707591131, 49.889679896747644, 54.76275686931221, 64.51667474005352, 73.36450248454167, 85.64921606002014, 98.58727108634164, 103.39475279272848, 113.66947822003507, 124.62865442081828, 129.7480152484622, 138.48927827987046, 131.00530269135228, 125.52156447292066, 117.89780816965424, 106.651494881856], [24.58158653087593, 19.18240939973876, 11.486923035529966, 0.0, 9.421651144009683, 17.192303870669836, 24.193184934290436, 64.43189698610146, 69.70278444015159, 79.58812836247503, 87.49963726541988, 92.98459460100916, 87.58801314871876, 79.27116656012973, 70.80750061091521, 37.417767633866276, 30.422247425442464, 24.646441419866964, 20.378734793020737, 18.771504062178984, 14.215864543192302, 16.46746111717957, 20.898967207379265, 26.003166920675913, 34.10386924562956, 68.80523702362878, 77.54311130056796, 84.29634734503496, 92.583712732416, 97.43233473278713, 95.5514128187479, 91.50594007419997, 83.29294745505369, 76.20186079164506, 70.33259849787707, 40.560460609233594, 43.53619050830929, 46.76305980001502, 46.55302005172157, 56.84342147198003, 65.50599461244337, 72.33481199440538, 75.79118270416954, 73.58351908180198, 65.93189093506639, 58.96003524244459, 57.17916777118188, 68.36160387530894, 66.76530519619173, 70.15603836128297, 76.95306520543666, 79.89017724217844, 85.66667991712242, 94.38798205131326, 94.35831616877714, 91.74601670122605, 87.38639515154017, 82.37265876616328, 77.249350084965, 71.48244041614039, 72.84225633236667, 78.17792796188765, 83.24137828529588, 90.99506792991698, 84.64776570788005, 80.17235679885312, 75.38869179724267, 43.61911178787999, 44.372127399604196, 53.660931762850794, 63.44907336086169, 76.60253141919209, 91.20272093425525, 97.85237351992998, 113.14366467092576, 124.68799419400877, 130.0980806818903, 138.36338645413443, 131.80242888730442, 127.66797253659136, 121.46523413387648, 112.73953553723202], [18.462983883242547, 14.379241961326507, 8.796432556437296, 9.421651144009683, 0.0, 8.686232140244588, 16.8381487866389, 57.7649692435383, 63.274567932224244, 73.15779916303833, 81.1532889276295, 86.79143738774945, 80.94499011267628, 72.39093820358909, 64.0194285277378, 32.19110651582353, 27.39519263305323, 24.3595560002405, 23.502120837049087, 25.99778335984276, 20.842541476614294, 18.471512590330278, 18.867077716282004, 21.31195125452217, 28.0940348972179, 62.4621986045465, 71.4694947919152, 78.46100828976314, 87.28063829586003, 92.20164751254157, 89.86031139894658, 85.60101870364475, 77.01436131387757, 69.77961834118629, 63.84515215013032, 33.41289610763361, 34.86145892101447, 37.42288380212923, 37.60494148567756, 48.024174106434664, 56.32259487587299, 63.09336908544771, 66.94479259507686, 64.8817006920608, 56.855969145156536, 50.684923541126956, 49.98092616453966, 61.61165489769079, 58.91460833214562, 61.486352641479606, 68.18799408888422, 71.00330626431523, 76.99698060475241, 86.28730509235784, 86.20440025655363, 83.57262591259827, 79.47013850042791, 74.75022130412879, 70.06084519064055, 64.33226854951234, 64.65482388887924, 69.6422734233879, 74.59241589615702, 82.77128503185463, 76.24439431040922, 72.00436526333436, 67.5576156197469, 52.58513134542611, 52.35836077286123, 58.57752486177816, 66.05303929867553, 77.53730240815312, 89.9785812023834, 94.73516915922346, 106.29350236813433, 118.37136902112158, 124.297945655044, 134.05044562149757, 127.58094115646428, 123.3531867204621, 117.69415804704383, 109.09571145892235], [11.177244998625465, 10.904000615029835, 11.190328170834402, 17.192303870669836, 8.686232140244588, 0.0, 8.586024136322639, 49.38981703589751, 54.90688173206279, 64.72837229133557, 72.78796901480426, 78.62836852085458, 72.60863523885646, 63.96141364048359, 55.62755869820486, 26.094226912298776, 23.854335678912626, 23.880415857044724, 25.99514419849082, 31.06421628786281, 26.23869586748475, 21.342500223703084, 18.0987281252948, 16.699817828462532, 21.150389587838447, 54.19491153176535, 63.21643222803544, 70.25129747533519, 79.27230467271022, 84.24329067118828, 81.70298164213814, 77.3394029535937, 68.62474677267087, 61.35896952337742, 55.43104430945704, 25.160866073761827, 26.440501026179305, 30.09075915853377, 32.11997160386667, 42.88073898789576, 50.46592382730924, 56.65647150576932, 59.961342192663174, 57.111820396700736, 48.773974505187674, 42.05118193289572, 41.408676888239064, 59.66696057125627, 55.64258800094815, 56.752400492299756, 62.959307464264235, 65.09036307263186, 70.86003033967407, 80.33574900685277, 80.89513929534382, 78.67595410022328, 75.35585489115101, 71.3675968702617, 67.34813304340253, 61.70625817310453, 60.497355498762296, 64.64318625790064, 68.95431871533066, 77.0396056145602, 70.84538887153083, 67.33914680239562, 63.72170299707433, 58.24878445437174, 58.70470304790638, 64.26136001239198, 70.50929190244601, 81.19990528299331, 92.11387258929832, 95.35798945423555, 103.26682562373938, 113.73683967156998, 119.18057634369981, 129.09523690172597, 122.0953341404642, 117.1805838122814, 111.13060376095207, 102.01256094051215], [6.495483724854139, 13.365277333768125, 17.438964445187015, 24.193184934290436, 16.8381487866389, 8.586024136322639, 0.0, 40.946028869514215, 46.45621914166408, 56.406924927764535, 64.33151132258183, 70.12136257952513, 64.19952248650755, 55.62056778772893, 47.23555895990909, 22.89346816415715, 23.460586008481098, 26.021110145716342, 29.844479254693454, 35.78982812126158, 31.711849205469964, 26.212906307344344, 21.239397087367383, 16.476672727338368, 17.075751299067868, 46.60404434806364, 55.31021722426241, 62.1179271921758, 70.91749246124903, 75.74870442966683, 73.20846605151166, 68.95717392028158, 60.39324669037459, 53.230367214011245, 47.44149542938322, 18.71001222192428, 20.863671546230737, 26.670681380941343, 30.485890029127084, 41.2114721074673, 48.126622097849605, 53.38407820644991, 55.16764269384678, 51.09321928801849, 43.375470583327555, 35.09234445953686, 33.76366743509708, 60.26447145317594, 55.44166142639411, 55.27377991080685, 60.72716494431768, 61.91533346137984, 66.98017526071847, 76.00195521864934, 77.58433759008138, 76.04383197630001, 73.68421346495228, 70.55822320373001, 67.14578958254066, 61.638994550878856, 59.22593480212673, 62.4287620863865, 65.83297849811471, 73.18778494198015, 67.76133329144992, 65.14989347270847, 62.483532171636796, 61.935463896335975, 62.74422521145208, 68.21869781859051, 73.75857748492531, 84.19105647677931, 94.20579022717037, 96.53587851950095, 102.03756801397905, 109.5713132711848, 113.93347590789487, 123.07895218772032, 115.36509765391543, 109.69249481632879, 103.0327772944018, 93.66512102643708], [41.304418809754694, 50.21727899109464, 57.02953130678696, 64.43189698610146, 57.7649692435383, 49.38981703589751, 40.946028869514215, 0.0, 6.770550262617284, 17.459240066188073, 23.688333497238276, 29.70831158283277, 23.4852342501367, 15.035319703905499, 6.640718556947508, 41.77208878296193, 50.27943580519309, 57.75459392984583, 64.43712411824622, 71.82012978205024, 69.2841826854625, 62.91117881349357, 55.878107328841566, 47.584156254933454, 38.99646672182957, 20.505123947371327, 22.94721590375837, 26.63480262260317, 33.88610081759982, 37.44776857509303, 33.78733416936498, 30.117210466055862, 22.653801223804255, 17.499237962178125, 15.497799597835623, 30.160754817488158, 30.65625387621862, 37.60652875599667, 45.540257943025196, 50.2724929405112, 50.687906044128894, 49.36019886170066, 42.93138868189834, 32.27449906069766, 31.574268445638786, 19.5500152312043, 16.014990183620096, 73.74672620482936, 66.03763315031449, 59.83266820558958, 60.25832163491501, 56.400273740328345, 56.88068049923171, 62.5481595171768, 69.14784503848183, 71.17227846503523, 74.01166348269004, 75.51338051522119, 75.72180313851983, 71.99005147759033, 64.20818857604915, 61.969081776477175, 59.99875398175458, 62.68839531884395, 62.081766771270175, 64.6976939644426, 67.24946842003395, 93.75293824888415, 95.21489116552517, 98.77570615835639, 100.66905274850977, 108.30069060464476, 112.91156236394403, 110.20385983477613, 101.65739060757652, 95.52231775151883, 94.61218352264426, 101.06161676895297, 89.89958403143001, 79.74223419358721, 70.12377606244556, 59.16255815704922], [46.16968027978861, 54.800585066060925, 61.90966932169043, 69.70278444015159, 63.274567932224244, 54.90688173206279, 46.45621914166408, 6.770550262617284, 0.0, 10.95283991644523, 17.902769230056617, 25.47885252823139, 19.6246874468273, 11.989200558866717, 6.470816596964867, 44.712867326427066, 53.47229530756968, 61.24975081014075, 68.2134802031944, 75.89825122813154, 73.62829956611786, 67.0823550202357, 59.91465771742319, 51.57456262722936, 42.71057874719711, 17.4696128052533, 17.29443136752412, 20.021498588234845, 27.244814899062977, 31.198377469172694, 27.494672450968313, 23.480568185734985, 16.056614792932788, 11.590866804361571, 11.494592206893682, 34.20713915588055, 35.79129818665171, 43.228692514103585, 51.867835812607126, 56.33157686359354, 55.96867837020168, 54.032733813092555, 47.40402040691163, 36.29693382384359, 35.14807367057862, 23.416271842215423, 18.448913628447475, 80.10757277102992, 72.14454652120179, 65.40744311134694, 65.40790338078999, 61.1262162920566, 61.24164466458828, 66.56784470262926, 73.62807299428084, 75.98070393536868, 79.32030541981665, 81.21283886474293, 81.74747735835149, 78.17973327003065, 69.96337814298822, 67.23424887026209, 64.76414426596038, 67.0637141557989, 66.95008378614182, 70.08201436971636, 73.0622393486992, 97.41591399060846, 100.20541188728197, 104.68117279706406, 106.90565060429363, 114.74406823012009, 119.35709667474828, 116.49460891798576, 106.74798048268717, 99.00999143745807, 97.09205237264308, 102.41850283109842, 90.37724738622806, 78.91953882925533, 67.43172498128312, 53.91755508143613], [55.59125242876117, 63.76862731550849, 71.22093563859087, 79.58812836247503, 73.15779916303833, 64.72837229133557, 56.406924927764535, 17.459240066188073, 10.95283991644523, 0.0, 10.204362751331118, 21.059729105144232, 15.99655604053438, 12.153826494821045, 14.16740926752467, 51.64843987018587, 60.86904765759828, 69.10748348437004, 76.51873779974632, 84.75157746232034, 82.63548218148271, 75.69695280783182, 68.24562770442324, 59.82287301897755, 50.612682161206685, 17.715034956062663, 11.72544286956011, 11.073673081494416, 18.677918908875903, 23.391404672831474, 18.911248266216376, 13.624389106712197, 5.528428431272674, 6.348519742374204, 12.029381790273222, 42.36567682935473, 44.1987148045074, 51.472298041757064, 60.932894450473746, 64.55835004002735, 62.68630032599807, 59.65510956812179, 52.896783100798956, 41.482815437486316, 39.945728344030705, 30.05145947972103, 25.32732717147696, 88.85293275575789, 80.29021872856238, 72.49638782141, 71.68651373215465, 66.71636738637264, 66.31037788877939, 71.31360257061186, 78.89486864331455, 81.69960047961499, 85.8834540213881, 88.49330313735062, 89.72047730299028, 86.52878332682585, 77.38556641640118, 73.73548427463949, 70.42737622220054, 72.26829082677122, 72.84130984948855, 76.85467074258956, 80.62736819045821, 106.23295969505855, 110.45334532033728, 115.53738511478434, 117.77313390188682, 125.4118440095274, 129.41521670407386, 125.78362250561088, 112.99161317931525, 103.49568687502725, 100.5593593252096, 105.21069279151556, 92.27170556688522, 79.1999047433945, 65.73534095003012, 48.68659050545382], [64.02878166728291, 72.5645482950732, 79.7515130522531, 87.49963726541988, 81.1532889276295, 72.78796901480426, 64.33151132258183, 23.688333497238276, 17.902769230056617, 10.204362751331118, 0.0, 11.497950715805885, 8.757288816471624, 11.989741702761824, 18.356834399427097, 61.37859602728967, 70.36756024876605, 78.34072594448935, 85.43330503919549, 93.11736665687171, 91.11946727329838, 84.60147692542263, 77.39107274501687, 69.04218002404332, 60.00240054362808, 27.87150125936384, 20.62748515919151, 15.95289329931928, 16.396362323825674, 17.376310906354263, 11.977339596608838, 10.109465986418273, 11.216212844921856, 16.41452786051713, 22.21557876346347, 51.57983219243969, 52.56793244121492, 58.76579299261853, 66.91816325964085, 69.54588079361118, 67.458981903814, 63.632319816400894, 55.021265400304856, 43.85252755467811, 46.16750292602109, 37.95520451758674, 34.676557746791836, 92.35833797874139, 84.18783251473663, 76.33340208716676, 74.68206984482518, 69.0851758899016, 67.28122112830229, 70.308033049036, 78.84470238587475, 82.45407515710349, 87.47942778174409, 90.82742239667766, 92.47158613668282, 89.67837618333249, 80.54508184859726, 76.29716990434021, 72.10818983043565, 72.1258004472815, 74.07911942857149, 78.82764513348518, 83.27676350402686, 113.32450962162615, 116.17684309735954, 120.14272394953298, 121.43868519874879, 128.39424051282802, 131.37174228087534, 127.06160855600264, 112.83485049455571, 99.4321983433893, 94.81237328311545, 98.08723869732205, 84.5709631029692, 70.71205791063952, 57.25433220558624, 42.441016416374204], [70.57260594324697, 79.53985168856147, 86.23186039249242, 92.98459460100916, 86.79143738774945, 78.62836852085458, 70.12136257952513, 29.70831158283277, 25.47885252823139, 21.059729105144232, 11.497950715805885, 0.0, 8.110184027672743, 16.67859017258848, 23.717765295160735, 70.14147014207668, 78.69167313533869, 86.17053894920195, 92.70389100987269, 99.5141466897601, 97.58891860479831, 91.7328804195009, 84.9404070720522, 76.76562128350041, 68.10327599337674, 38.653488258566746, 31.91369708147449, 26.785083874493747, 23.081627470059626, 19.441468848117445, 15.519273375740344, 18.548333211708297, 22.657009092401655, 27.400363807283657, 32.64689874454261, 59.51620798865838, 59.541674561851224, 64.53589011788638, 70.76235420322861, 72.50743106675193, 70.83213893372528, 66.61584506878569, 56.04146174985507, 45.67897104676928, 52.30303360994918, 45.33670567972883, 43.35821787748252, 92.95612566711075, 85.64078713810005, 78.2931364480367, 76.00969276573528, 70.05341962358214, 66.77743580255188, 67.32004945036127, 76.7397808078579, 81.12304292625994, 86.75190583122179, 90.6527617479863, 92.47828866254166, 90.04454975867095, 81.46600012289056, 76.96306079728151, 72.13378766169676, 70.02589667015468, 73.40144242493047, 78.59148214847752, 83.45951506373956, 118.17912804139452, 118.71496033165178, 120.96439452241137, 121.04722223906288, 127.15794995000304, 129.07333591804013, 124.27425644165704, 109.78222601164262, 92.11286443567857, 85.69145046589686, 87.39227348037181, 73.54073473886807, 59.46221090038113, 47.475317189658966, 39.26132030631741], [64.77962761960318, 73.6919017740687, 80.49336401381731, 87.58801314871876, 80.94499011267628, 72.60863523885646, 64.19952248650755, 23.4852342501367, 19.6246874468273, 15.99655604053438, 8.757288816471624, 8.110184027672743, 0.0, 9.103201907130314, 17.055099389915995, 64.11038434883588, 73.03330718718725, 80.76230522470536, 87.54907200053881, 94.78241200335749, 92.51225314335002, 86.26733103816358, 79.19936797151908, 70.84274618743213, 61.976338802304426, 33.0373371002213, 27.598827465696456, 24.308535613521123, 24.595781694797118, 23.663217282614152, 18.611015424187283, 18.604174975234212, 18.88031243926501, 22.14455575822125, 26.855778988376965, 53.02852557368372, 52.30909231066097, 56.98735630287096, 63.63948567277866, 65.3167424529151, 63.28669259922954, 59.102555867843215, 49.15822137965834, 38.43788448796557, 44.21893670116821, 37.62881189954232, 36.53959735662365, 86.74341799248407, 78.92270296796578, 71.21605405507682, 69.09349501545384, 63.24294560034444, 60.60901194027708, 62.53029056521686, 71.44647249171038, 75.41697191340535, 80.78073192062429, 84.4862487670674, 86.34040395380636, 83.82560338104439, 74.82647239534055, 70.32843099106006, 65.7351528854663, 64.71060775302226, 67.34659648852211, 72.3870340141861, 77.16364692858824, 114.97340759859327, 115.50491036403174, 117.47982068910086, 117.52727139902562, 123.46144849506796, 125.2702728174496, 120.23088693789046, 105.13050643947142, 90.70211779325527, 86.20989265286202, 90.62147082037627, 77.8528638877341, 65.14600516146571, 54.91658277373536, 46.16062623940293], [56.2106332124749, 65.05771838909214, 71.91930116923129, 79.27116656012973, 72.39093820358909, 63.96141364048359, 55.62056778772893, 15.035319703905499, 11.989200558866717, 12.153826494821045, 11.989741702761824, 16.67859017258848, 9.103201907130314, 0.0, 8.488777703126758, 55.566789585085814, 64.61355773017621, 72.42434916105483, 79.32448431671743, 86.8167146536968, 84.31437922189022, 77.83390546652184, 70.62842248507319, 62.19664900259079, 53.27636481040834, 26.349915272179267, 23.32699246484287, 22.914754633204954, 27.22736632380455, 28.744630401015495, 23.787527661197366, 21.35528684313348, 16.985989754830598, 16.934591525443448, 20.048697716208924, 44.154830667505294, 43.21865998587173, 48.194989066232985, 55.45197044340309, 57.78529739880885, 56.080728609669094, 52.55343642887013, 43.74802193924011, 32.56415967138954, 36.303453248558135, 28.67427447123768, 27.766746638257587, 80.37100099354645, 72.25886714762655, 64.65564671528665, 63.2335680543489, 57.89209593432555, 56.408038042766336, 60.10192888885678, 68.18286015521277, 71.44444036293538, 76.0477802339536, 79.11191232311575, 80.58495789169507, 77.71958327024089, 68.7330096486354, 64.762191961465, 60.92872221248415, 61.46913164372845, 62.870848885049995, 67.24960644874032, 71.45214380866905, 108.15579677559359, 108.94722589831127, 111.1853348138448, 111.66756167772292, 117.93206189962277, 120.38120946847215, 115.79698396416644, 102.01598585817955, 91.34383360989456, 88.7074257569897, 94.85653101310254, 82.95250257980797, 71.46004166747912, 61.95086539054009, 52.17390588066326], [47.822635629740745, 56.74712232674013, 63.52562602159158, 70.80750061091521, 64.0194285277378, 55.62755869820486, 47.23555895990909, 6.640718556947508, 6.470816596964867, 14.16740926752467, 18.356834399427097, 23.717765295160735, 17.055099389915995, 8.488777703126758, 0.0, 48.0075782883087, 56.74891293757944, 64.33927905753106, 71.07321789791642, 78.43334380027669, 75.89482662081693, 69.52282065360272, 62.441182552874054, 54.094286129245845, 45.38168541733541, 22.779149905695032, 22.713338190285064, 24.712055887194936, 30.836842388375242, 33.516890288327204, 29.314674173677588, 26.15228045329718, 19.69370721082143, 16.390120984798706, 16.77571135131363, 36.35197835656293, 35.90316828073503, 41.71810922247684, 49.17003514837632, 52.71243377697238, 52.19933050801504, 49.842207541486765, 42.10511230780317, 31.031935215339647, 32.80793770697912, 22.86374175720105, 21.008514819644223, 75.74525683602971, 67.87404065624787, 61.04171422312073, 60.608130746823605, 56.04697439459319, 55.592768566566846, 60.34740268481991, 67.65830817931432, 70.26022588759224, 73.90330455397452, 76.12480160984626, 76.90129839218253, 73.56009740263598, 65.23365043059208, 62.20085825642518, 59.3683534816992, 61.04109451953883, 61.3589715420603, 64.7795252109119, 68.09920220257693, 100.03223563066527, 100.92558088512901, 103.6740784491948, 104.7994342910501, 111.73107951342521, 115.28203039083496, 111.68582745603027, 100.82511831968763, 92.62986112881983, 91.0042647369247, 97.41458587723803, 85.98787001226859, 75.37371351758017, 66.0299113773916, 55.97102671701553], [17.399754395481505, 18.322579346959778, 26.197644951718882, 37.417767633866276, 32.19110651582353, 26.094226912298776, 22.89346816415715, 41.77208878296193, 44.712867326427066, 51.64843987018587, 61.37859602728967, 70.14147014207668, 64.11038434883588, 55.566789585085814, 48.0075782883087, 0.0, 10.601672707147964, 19.87284330977148, 28.617442530650305, 39.49442905608122, 36.43607197413358, 27.40782710010784, 19.04151445002453, 11.48456166566164, 6.077547508276425, 36.34972592223082, 45.936081834865774, 53.80639284935303, 64.15237118987996, 70.88007762105843, 68.59632205680599, 63.02570734849952, 53.85812403259223, 46.48404690332267, 40.12870698892589, 13.648339529666348, 23.873986955478777, 34.43674898754658, 45.08544080849139, 54.69118838798438, 57.653130167885934, 61.31049994084284, 64.40908885528503, 57.975260419321934, 44.1986663080628, 34.009024781869506, 28.496470795324356, 78.25847122203366, 71.0714912418003, 67.78457928796406, 72.32187165920134, 72.41663920384457, 77.92202840631154, 88.51989868951476, 90.77051493855174, 89.52005339371921, 88.30694446285523, 86.13130350781014, 83.98732437775988, 78.90242896786887, 73.7019600584504, 75.18666781858609, 77.53217549784746, 85.89610732761258, 80.56774196504696, 79.37014492968669, 78.05750105362024, 67.65838004870766, 77.60979975517478, 88.16383281051941, 95.61397982398903, 106.72676287471273, 116.81006026399636, 118.33961126947295, 118.65986579565353, 125.64219626021753, 128.99957031694427, 137.34911696212816, 127.55956192510882, 118.7996236988731, 107.55595959992536, 90.41663500373693], [17.29864809583252, 13.34015941261494, 19.57625978299721, 30.422247425442464, 27.39519263305323, 23.854335678912626, 23.460586008481098, 50.27943580519309, 53.47229530756968, 60.86904765759828, 70.36756024876605, 78.69167313533869, 73.03330718718725, 64.61355773017621, 56.74891293757944, 10.601672707147964, 0.0, 9.36690612585036, 18.269189285060982, 29.507610808493272, 26.750167214187073, 17.771437627796296, 10.259118388018972, 7.4628320165644215, 12.599885450041086, 45.99859777275008, 55.19449024355262, 62.72841310007777, 72.4064773125678, 78.95277620618276, 77.12844320539583, 71.86670442657243, 63.11046310453388, 55.8881668221248, 49.64673538132471, 22.359227199988, 31.697652251941015, 40.987458704959494, 49.58587941729715, 59.8497398460147, 64.18989151151395, 68.76382278413564, 72.24004402749003, 66.53502438842085, 53.54057525858127, 43.72083140465181, 38.313324809320385, 81.12763141876034, 75.11812281657562, 73.36639405232026, 78.62172145210138, 79.45154350262403, 85.21609748725938, 95.60648922214305, 97.3682064433092, 95.74233321663145, 93.71319812249332, 90.74861016742508, 87.81887172241885, 82.46060825474034, 78.75532255882833, 81.23256733969879, 84.31926691885054, 92.77366632540351, 87.0800145125364, 85.05908299057239, 82.83319265387422, 58.08167312871947, 69.86027170285578, 82.50552168300491, 91.58484408503868, 103.88167742057647, 115.7925643042452, 119.01907850976032, 123.39975864653724, 131.45182379095118, 134.98413079813812, 142.5751782445783, 133.043196691258, 124.79940905037178, 113.51884121017667, 96.73826678734135], [20.570577318832132, 13.356006596067031, 15.582930988109618, 24.646441419866964, 24.3595560002405, 23.880415857044724, 26.021110145716342, 57.75459392984583, 61.24975081014075, 69.10748348437004, 78.34072594448935, 86.17053894920195, 80.76230522470536, 72.42434916105483, 64.33927905753106, 19.87284330977148, 9.36690612585036, 0.0, 8.98272787545465, 20.514903633763964, 18.006597548782004, 9.552226571918453, 6.441575425087873, 12.18666155880724, 20.680467744714576, 54.816267162517974, 63.76700772972309, 71.03785108484048, 80.18826781862433, 86.47038778760022, 84.92654657566241, 79.95652689813323, 71.49000362654697, 64.3625346405345, 58.210471556289335, 30.376232648138217, 38.73508444738818, 46.828400245577434, 53.50516992660872, 64.07533127480798, 69.5441677889226, 74.8212980195291, 78.51222219846768, 73.49908898950268, 61.35172569068041, 51.918160981601964, 46.84225381859764, 83.02149103715652, 78.14690336700795, 77.75983454711208, 83.55857784549393, 84.99863145729941, 90.9122647398988, 101.02810708902274, 102.34642112969296, 100.41162424955886, 97.68942993377833, 94.06967076275899, 90.47483420602379, 84.93538068002665, 82.59209799239305, 85.8997939316734, 89.58905393180181, 98.02856901850481, 92.07014992537779, 89.35229058662794, 86.3609691265219, 49.6656115978525, 62.569622522284895, 76.81933042029802, 87.22978449990497, 100.44273171780779, 113.86633719592288, 118.56797207031059, 126.56237517872174, 135.55821560221239, 139.3254618171237, 146.41032599046898, 137.27732924807648, 129.69228687752866, 118.7726986994924, 102.88973287578318], [25.49431095836797, 17.621670782260008, 15.439060580007743, 20.378734793020737, 23.502120837049087, 25.99514419849082, 29.844479254693454, 64.43712411824622, 68.2134802031944, 76.51873779974632, 85.43330503919549, 92.70389100987269, 87.54907200053881, 79.32448431671743, 71.07321789791642, 28.617442530650305, 18.269189285060982, 8.98272787545465, 0.0, 11.730769165100554, 9.799226496316635, 5.668439158268263, 11.641847136990162, 19.53484440489507, 28.649561480016448, 62.93993162132169, 71.65052844242543, 78.64758792239141, 87.26655055571497, 93.21918938091578, 91.90912994144712, 87.25833559992554, 79.08163257351156, 72.05602390245903, 66.01090424130629, 37.99265623048781, 45.56515591644139, 52.66275421179066, 57.51379528601577, 68.19663798060526, 74.6793594270101, 80.48852256140178, 84.13624278314734, 79.71921007506238, 68.60562481158505, 59.41675990107164, 54.61999991401884, 84.7323283157425, 81.02746801621544, 81.91638057329898, 88.11680008734453, 90.04341132258189, 95.95652534015498, 105.64025355414987, 106.62268707761427, 104.47430536774696, 101.17543986482583, 97.01344956240312, 92.81987696214775, 87.15449645133538, 86.12551142157895, 90.14588651515469, 94.3052707126104, 102.55149644382608, 96.47031520817333, 93.16480324007715, 89.52435109411786, 41.48148653153217, 55.04411732759848, 70.7954943058548, 82.45716245858264, 96.531168792993, 111.38280782145627, 117.52296511177214, 129.05339333812395, 138.6019896143605, 142.49659867715232, 149.00575732531735, 140.3046124908349, 133.42781262510005, 123.02137753399143, 108.3372377944408], [32.81561283256818, 25.860825854886578, 20.793427982410428, 18.771504062178984, 25.99778335984276, 31.06421628786281, 35.78982812126158, 71.82012978205024, 75.89825122813154, 84.75157746232034, 93.11736665687171, 99.5141466897601, 94.78241200335749, 86.8167146536968, 78.43334380027669, 39.49442905608122, 29.507610808493272, 20.514903633763964, 11.730769165100554, 0.0, 5.774279043114386, 13.99465343567475, 22.032924908989862, 29.669785484034936, 38.681057355626336, 72.38837048999717, 80.67771168530497, 87.21925772687521, 95.01235135971264, 100.41147166785898, 99.41615502043857, 95.27399787316877, 87.57531520875132, 80.75431089394999, 74.92458562684611, 47.34227538647691, 54.17795102882041, 60.32509816053163, 62.98427189638397, 73.62752489800859, 81.31019806885261, 87.55977575491049, 90.68315892621058, 86.85165135066086, 77.44145573052772, 68.29599843680592, 63.70377295841056, 87.01011894229636, 84.87732460967494, 87.28202473685536, 93.78870823928087, 96.13473459158102, 101.78003506393489, 110.59149264429, 111.36701752632726, 109.12576993753443, 105.28489060090529, 100.611748267825, 95.73491731430397, 89.97195983894045, 90.57406195064257, 95.33551568632646, 99.8820320453591, 107.54042369306863, 101.5637554819402, 97.67866012296518, 93.38675821528781, 30.670876029692547, 44.29093129000262, 62.18487735297643, 75.47616708409173, 90.73424812604239, 107.42106970863138, 115.45198485858667, 131.58839739112855, 140.96495763522452, 144.71497739521544, 150.1261548817785, 141.96507165687945, 136.03493390339935, 126.40368061287829, 113.67740604623962], [29.084834654603647, 21.51223567591825, 15.664709859326765, 14.215864543192302, 20.842541476614294, 26.23869586748475, 31.711849205469964, 69.2841826854625, 73.62829956611786, 82.63548218148271, 91.11946727329838, 97.58891860479831, 92.51225314335002, 84.31437922189022, 75.89482662081693, 36.43607197413358, 26.750167214187073, 18.006597548782004, 9.799226496316635, 5.774279043114386, 0.0, 9.690060924051668, 18.043077723186975, 25.926394699604305, 35.24500176577601, 70.14051196622209, 78.77845502689294, 85.58578704081329, 93.83424777305451, 99.30161393073654, 97.97211353289963, 93.66285284064092, 85.6179012065147, 78.6052433345081, 72.63842631453318, 43.82301844351845, 49.85298602261807, 55.41656784504069, 57.92162153297397, 68.50036521605058, 76.12503162973867, 82.52308520929056, 86.13238587228345, 82.67077462949904, 73.01910861012982, 64.54771208887142, 60.68737371538877, 82.05766312740948, 79.70076500422296, 82.05959059052057, 88.65959667120407, 91.1676283158907, 97.05221641178888, 106.20735600189073, 106.68377417554522, 104.26493241861887, 100.30401505861555, 95.5617524339447, 90.74127808952929, 84.99864757976957, 85.46743351969087, 90.28245489663249, 94.98051124742211, 102.97804593205281, 96.74612067681741, 92.75499975638812, 88.39611169509892, 35.78463037409244, 46.357665041860265, 61.90335541622975, 74.16504766608374, 88.65368074257168, 104.51339742953552, 111.85763074894042, 126.86746232572135, 137.37149409082963, 141.76724696563124, 148.35385658227557, 140.53876286214418, 134.88867783579138, 125.96712876387325, 113.68354738006101], [22.543759327081325, 13.83499514078646, 10.412820480265953, 16.46746111717957, 18.471512590330278, 21.342500223703084, 26.212906307344344, 62.91117881349357, 67.0823550202357, 75.69695280783182, 84.60147692542263, 91.7328804195009, 86.26733103816358, 77.83390546652184, 69.52282065360272, 27.40782710010784, 17.771437627796296, 9.552226571918453, 5.668439158268263, 13.99465343567475, 9.690060924051668, 0.0, 8.610033958539129, 17.065612157083645, 26.64883947554739, 62.30612118409909, 71.32742620453415, 78.52144767171885, 87.47277692701763, 93.34986146739746, 91.7075193592539, 86.99051223346213, 78.5217575687091, 71.32349993796488, 65.17515813688674, 35.70793192700609, 42.07787961119763, 48.30303206723771, 52.61677889268277, 63.22809829494094, 69.86168184132569, 75.92082236665439, 80.00796226863164, 76.13247926957897, 65.09494098185262, 56.72798462387037, 52.91347680673919, 79.46404413582066, 75.76147302559045, 76.84203375083509, 83.19414695190987, 85.37005345213677, 91.49369128305328, 101.38756857870013, 102.00613197617636, 99.6527608917179, 96.13705718480506, 91.82503851190953, 87.58845941635255, 81.9356753121421, 81.0192234117447, 85.21845376432138, 89.6080455104189, 98.11178836247156, 91.77514376705265, 88.25662488906977, 84.44196794881364, 44.602085159745904, 55.18362526451917, 68.87740190274823, 79.65684849058243, 93.05257523988548, 107.25941131595249, 112.94654900131381, 124.00536191050404, 134.70801848785527, 139.28275076196607, 146.8843582766851, 138.6974151764153, 132.35554213913645, 122.97471557927061, 109.3370168818749], [16.557731725076934, 7.9182071969047385, 10.360955175304785, 20.898967207379265, 18.867077716282004, 18.0987281252948, 21.239397087367383, 55.878107328841566, 59.91465771742319, 68.24562770442324, 77.39107274501687, 84.9404070720522, 79.19936797151908, 70.62842248507319, 62.441182552874054, 19.04151445002453, 10.259118388018972, 6.441575425087873, 11.641847136990162, 22.032924908989862, 18.043077723186975, 8.610033958539129, 0.0, 8.742906061382914, 18.354027607135716, 54.401191046682484, 63.67380204405705, 71.11521556538834, 80.55357209253602, 86.65668392876245, 84.74000095315273, 79.76136958094209, 71.00012632900246, 63.68559568715932, 57.435694359690835, 27.647541104220064, 34.45849098526797, 41.55970006972135, 47.5869095683082, 58.14425996997669, 63.8825816716758, 69.4691803691444, 73.56414186561464, 69.18175915037244, 57.28737783277843, 48.77260057419609, 44.9492798131103, 76.76432755687593, 71.92343801512418, 71.7844247114244, 77.76024695936768, 79.47619692658644, 85.58987948658577, 95.87252517452796, 96.80965450315881, 94.66655387899392, 91.70506502469631, 87.92327135138824, 84.26308682694594, 78.72616306213818, 76.53894940977933, 80.06364601490213, 84.01036975032781, 92.67829812784477, 86.46104286437345, 83.4950611981204, 80.3051905567685, 52.16647715097159, 61.96448589268861, 74.04575952605488, 83.4754919493855, 95.95534506187472, 108.67491698962996, 112.90737336773672, 120.52050503313723, 130.65151766761238, 135.13938628769782, 143.36856003687868, 134.84994956565595, 127.94917703547058, 118.30658023234052, 103.91314781003331], [10.827175235449966, 7.082965195682952, 14.730184337028001, 26.003166920675913, 21.31195125452217, 16.699817828462532, 16.476672727338368, 47.584156254933454, 51.57456262722936, 59.82287301897755, 69.04218002404332, 76.76562128350041, 70.84274618743213, 62.19664900259079, 54.094286129245845, 11.48456166566164, 7.4628320165644215, 12.18666155880724, 19.53484440489507, 29.669785484034936, 25.926394699604305, 17.065612157083645, 8.742906061382914, 0.0, 9.656279941145966, 46.03343385212949, 55.436442230999035, 62.98679616897368, 72.70035355988034, 78.83835744526327, 76.67236062322057, 71.58065546237859, 62.638497432469684, 55.250538876167745, 48.960902643501676, 18.935820834732564, 26.552624200238924, 34.95333600274084, 42.584953896290386, 53.01512662160922, 57.98893563697458, 62.941369277033175, 66.4622015966401, 61.41370916864752, 49.3000378823941, 40.19869271661976, 36.237771634493896, 73.76211434959333, 67.9853720496986, 66.682179764319, 72.13614401214122, 73.23400732296443, 79.05493156789882, 89.35902855434931, 90.8309550788139, 89.06459171533754, 86.78870893462857, 83.65331149442653, 80.56599717247677, 75.16433686232106, 71.80647213954077, 74.58363180714466, 77.92843961788427, 86.38831945041895, 80.53799933469934, 78.2248208658837, 75.75934297834212, 58.837441962570374, 67.23505988507986, 77.6987369842754, 85.7789933247301, 97.43569404719062, 108.74811362335763, 111.65983851465319, 116.23266504041504, 124.96674398590082, 129.08888213284305, 137.58633636597133, 128.74479379644728, 121.3805854479139, 111.65400838832959, 97.09434731315315], [12.042974533016126, 15.141958431857553, 23.25745956065303, 34.10386924562956, 28.0940348972179, 21.150389587838447, 17.075751299067868, 38.99646672182957, 42.71057874719711, 50.612682161206685, 60.00240054362808, 68.10327599337674, 61.976338802304426, 53.27636481040834, 45.38168541733541, 6.077547508276425, 12.599885450041086, 20.680467744714576, 28.649561480016448, 38.681057355626336, 35.24500176577601, 26.64883947554739, 18.354027607135716, 9.656279941145966, 0.0, 36.65105588618928, 46.220422376736025, 53.931691048015246, 64.03389033551682, 70.29820299417302, 67.84975908380682, 62.559457947222064, 53.38917842677017, 45.92467415604083, 39.57922668948252, 9.838616002103853, 19.6056149814383, 30.03762177996276, 39.88074647954255, 49.751528726756774, 53.43884824274177, 57.37406063022803, 60.093340161958324, 54.01739504749799, 41.43199214555716, 31.29622916548358, 26.74790433088763, 72.8497998711924, 65.97745079011952, 63.132221816353024, 67.79866205655733, 68.0277064291895, 73.41306575074832, 83.71052011143657, 85.90276662073842, 84.64617404011884, 83.29336486985673, 81.01834817106447, 78.69999325188054, 73.54625406558549, 68.71522877838692, 70.44426213124086, 72.92882062653477, 81.06864526333402, 75.75853352395178, 74.36017766464043, 72.88109962777266, 66.78453830191644, 74.40504868265134, 83.57355189141572, 90.37409548504104, 101.16365071279705, 110.95887601409741, 112.42016795998369, 113.34784156803971, 120.26441974113693, 123.82781866666275, 132.4818345457548, 123.14292830649747, 115.05358104113257, 104.95098983598747, 89.77522408033538], [44.32980888170496, 51.13860000583139, 59.101493967241815, 68.80523702362878, 62.4621986045465, 54.19491153176535, 46.60404434806364, 20.505123947371327, 17.4696128052533, 17.715034956062663, 27.87150125936384, 38.653488258566746, 33.0373371002213, 26.349915272179267, 22.779149905695032, 36.34972592223082, 45.99859777275008, 54.816267162517974, 62.93993162132169, 72.38837048999717, 70.14051196622209, 62.30612118409909, 54.401191046682484, 46.03343385212949, 36.65105588618928, 0.0, 10.111411511883492, 18.496669416805016, 30.283223579462508, 37.50578450774182, 34.32031901961994, 27.927034404772805, 18.338844333175796, 11.477717295441852, 6.373356728739497, 29.62872171032193, 34.196636796235616, 43.79761336724499, 55.746771193851096, 61.249079867600564, 59.7936334151723, 58.44618146301541, 55.67282015336647, 44.99613389215206, 35.79844581861774, 23.563958684037214, 14.79727520334217, 87.49173537715242, 78