{
	"dissimilarities": [[0.0, 8.375139260625875, 15.819391164708613, 24.355131381356582, 17.93179228372125, 10.000201092289347, 5.726648455201875, 41.300320676824256, 47.180805182936055, 55.40042764185854, 63.949086653202656, 70.33597164722406, 64.45151958378823, 56.08378513132674, 47.77793455465217, 15.887571507410469, 14.70412950058197, 18.081672845827985, 24.386929963103128, 31.579571661868005, 29.016973022463336, 20.216346030498713, 14.559765942833213, 8.627913618039354, 9.43851345559612, 43.614380426383974, 52.5636536666295, 59.64836669199056, 68.41806083743023, 74.04740908055463, 71.88230994171725, 67.35432885379947, 58.76132696140932, 51.47573621432337, 45.37327493211752, 19.272225239988682, 21.84835294258398, 30.834592734880967, 35.92722744557653, 47.34284407386224, 52.22737497008346, 57.547757354946626, 60.0052719523303, 55.357896326686664, 44.69198375176081, 36.61507890365063, 35.13473641151157, 67.43289939952557, 60.7971984842101, 60.19751490763728, 65.65147922041217, 67.62799595577249, 71.80737477917724, 81.59225235543575, 85.4704178118688, 83.78571900313752, 81.53988508421138, 78.47027174509988, 75.16165951724298, 67.13327573063044, 64.54912928988078, 68.14353848230115, 70.70971737666731, 76.71959239213417, 74.75185839911303, 72.57114058704134, 70.19417576374966, 59.26660941246248, 63.75842883307547, 72.07224955198313, 79.01790153920997, 91.76929192520818, 103.24633919643831, 104.02736973036703, 108.31245606704229, 118.66416880753873, 122.22693718721875, 126.44748009722205, 119.08775912740471, 111.57614239825895, 103.99993073481446, 92.42762401915219], [8.375139260625875, 0.0, 7.699594583360607, 17.371424219194267, 10.698323349714853, 5.610208259605699, 10.250448078745677, 49.61811947414225, 55.55268220279539, 63.748721473777444, 72.32016513394744, 78.66573527516732, 72.79062802729031, 64.39437670127704, 56.08851676683199, 20.388906303784903, 15.083279686535352, 14.22699748261361, 18.292116536151365, 25.23988872947585, 21.921913754565274, 12.806268412462394, 8.317238563321421, 9.30239975341148, 15.484006126935945, 51.53045373597885, 60.63864050919649, 67.83330100619227, 76.66305013171308, 82.32933783874086, 80.22763713451567, 75.67091125452471, 67.04428172259065, 59.73152298244104, 53.58021250109242, 26.63958867847103, 28.539050265292378, 35.54446396846413, 38.83667131591756, 50.250895898808714, 55.73655409852325, 61.97046415116851, 65.5878873767196, 61.969013449080094, 51.15289901530251, 44.465175230618144, 43.2516254485788, 68.19741360580294, 62.278057488547454, 63.01289076819842, 69.11086004365222, 71.8444908385184, 76.51528907645925, 86.57047237460381, 89.6150322081895, 87.38652099057329, 84.31266949767614, 80.49238040854922, 76.51088813362537, 68.89181219967247, 66.97252773542182, 71.4083233564203, 74.78032225863666, 81.2015390781486, 78.67436746469748, 75.68642483269849, 72.47360577683924, 54.311954339310915, 59.07452526488752, 67.97325256318108, 75.9058482214249, 89.20254385791391, 101.7753735685572, 103.57614503578064, 110.47742054382125, 123.18993084314786, 127.56304702652788, 132.2596422449656, 125.45131573247134, 118.58036602049998, 111.51453137107559, 100.21901955461416], [15.819391164708613, 7.699594583360607, 0.0, 10.48589732471156, 4.759803865366512, 8.460992342662882, 16.276317943289534, 56.750411614987016, 62.8421071938457, 71.17239621995894, 79.61961323700184, 85.68434979206543, 79.93523223369883, 71.53663726904402, 63.17420893969402, 27.441869626050554, 20.419673008558632, 15.958633327375058, 15.45204541825729, 20.20267584892957, 15.804595964300448, 9.149191759420285, 9.763218096278143, 16.031203321407098, 23.07676125093965, 59.21095239498136, 68.25810426675027, 75.35508987002504, 84.0053246683194, 89.5133460086088, 87.51867166912648, 83.10191102263482, 74.57312210976158, 67.29359158890031, 61.179198323993795, 34.29040189591393, 35.527958630869875, 41.17806472797381, 42.338080226867085, 53.469829852095074, 59.64390839043874, 66.6439370999208, 70.66683829448795, 67.84677219381689, 57.69423310474246, 51.66563742262001, 50.871430861898574, 68.73845239055557, 63.86758558374839, 66.03989447711989, 72.59666154149454, 75.89529836261192, 80.7635865742254, 90.62868863716584, 93.04017804197527, 90.44914819822041, 86.68785578860543, 82.24543716475937, 77.58285155521456, 70.43227287111527, 69.36096686102667, 74.49281624362845, 78.55333086552372, 85.00035412301219, 82.044807970472, 78.4123665914412, 74.44882804079, 49.53904974624779, 53.459398934299415, 62.59863171383747, 71.38898727805318, 85.25523176042877, 98.89884686273051, 101.88159791952906, 111.8544110739053, 126.00938126369871, 130.95789170690188, 135.84084885806863, 129.57266643197897, 123.43518594894786, 117.05916801992366, 106.66642127301347], [24.355131381356582, 17.371424219194267, 10.48589732471156, 0.0, 7.470409080440042, 15.553009079736984, 23.051533069356797, 63.293477679858846, 69.73581119448289, 78.41345100911519, 86.41314154081364, 91.66969723351458, 86.28524199727208, 77.95780446262381, 69.52346080865684, 37.618932740469674, 30.427312174426664, 24.651019902626846, 20.00679478813798, 18.82842511426553, 13.465418172900275, 15.79507133507592, 19.70098069385263, 26.29364342133066, 32.75374896821048, 67.85056407397379, 76.52087385625526, 83.1857060114883, 91.229479215472, 96.19453351529882, 94.36574719743044, 90.40824491393434, 82.2136897484069, 75.0913500960315, 69.17848174964229, 43.351511603079324, 43.47406043485865, 47.94075119269524, 45.83182840690931, 56.301974439526624, 63.56575336251331, 71.38880368496297, 74.81485036627903, 72.81938811578809, 64.77727190530024, 58.895311489479205, 59.05749454905913, 67.38476274304206, 64.38204790424666, 68.56153391021066, 75.43369462093338, 79.17062518201969, 83.83614151006392, 92.70669902052747, 94.59318361604852, 91.8268448917105, 87.40988690228149, 82.39033120598098, 76.83972849692682, 70.34241057829226, 70.6627157585624, 76.46583926439828, 81.2484909300887, 87.10737624740419, 83.79050759448705, 79.57614210930252, 74.77789098633093, 44.77944241793819, 44.28504312969671, 52.45993986556735, 61.87917019687308, 76.50408698395718, 91.39279283909264, 96.07365809034233, 110.67519236877705, 125.14788169723978, 130.5161651226035, 135.2846309815777, 129.81562564701554, 124.90684942323296, 119.97836666913162, 112.06586009760319], [17.93179228372125, 10.698323349714853, 4.759803865366512, 7.470409080440042, 0.0, 8.651503061427302, 16.82618235593811, 57.66368693457225, 64.07886475243221, 72.59598181238086, 80.82046569579822, 86.46767647657428, 80.80883374472222, 72.36530128749946, 64.00031863121117, 30.979822107236476, 24.78649012536341, 20.687239258205572, 19.29204076945459, 22.056838966203795, 17.060626163366923, 13.32126703562863, 14.430218253919827, 19.726285311286308, 25.99608724280279, 61.4610959717041, 70.41332519136147, 77.3726714852155, 85.83362354311957, 91.08531143449137, 88.99341211293499, 84.76010173939113, 76.27993288276852, 69.03152929296108, 63.00632907474043, 36.4500712148171, 36.470844788339015, 41.08247825567697, 40.43924014654254, 51.31475601689717, 58.008462324265906, 65.45211916090189, 69.33594020962359, 67.09034603459897, 57.97983385863772, 52.476145057411294, 52.63562746423732, 65.08236423961694, 60.81295332582475, 63.782985309918466, 70.50231002105674, 74.03203531352295, 78.86977193967373, 88.42518353652154, 90.5305762352293, 87.82145042302871, 83.77626822774788, 79.10625266070073, 74.13587649533002, 67.18957220750158, 66.61992095811843, 72.0463200162957, 76.44526027604036, 82.72446388472976, 79.57414048966518, 75.66656708602827, 71.36882469735741, 50.26502642218517, 51.35988083705913, 58.84819339928655, 67.06533947940983, 80.619906507698, 94.20286874470902, 97.30913059463991, 108.33582856147459, 122.98817886591813, 128.33393321336675, 133.64033833576943, 127.9059592001981, 122.39680208477196, 117.09870983426111, 108.22855173776941], [10.000201092289347, 5.610208259605699, 8.460992342662882, 15.553009079736984, 8.651503061427302, 0.0, 8.411936746305276, 49.266924952980645, 55.67260696065828, 64.12427049965389, 72.41311566263123, 78.23554160421462, 72.44555528949272, 63.96199210695623, 55.64254662261552, 24.239971300593158, 20.40816205404078, 19.6785853274071, 22.30625789241006, 27.506482787689706, 23.490275811934563, 16.482713588999232, 13.431792853482253, 13.960142841629738, 18.42281288775984, 53.058189012295784, 62.036361963683255, 69.05396986285693, 77.65592582504371, 82.99683137121788, 80.72856145231576, 76.39685681793702, 67.81033724836828, 60.530928520780606, 54.50034441352943, 28.073260663422303, 28.039221836301397, 33.734112097090225, 34.92717494627995, 46.23580133437739, 52.32691048226452, 59.057178248868894, 62.440057098913194, 59.447323294084434, 49.90842366053551, 43.880986636597335, 44.06161434635252, 63.04551104361727, 57.58685040935822, 59.025013241412196, 65.27838014036872, 68.21763437246801, 72.83765122816071, 82.58288517355982, 85.36279342614091, 83.04438726339502, 79.73950961797058, 75.75187654012133, 71.5254392362686, 64.01534789687369, 62.525497639155375, 67.21560292365507, 70.90479280743455, 77.14050884174357, 74.43322776886141, 71.21022175243364, 67.72116545401147, 55.85319350853831, 57.541026394484284, 64.42833893679304, 71.41940870655938, 84.14161823555153, 96.3375612140029, 97.96977689344926, 105.43709171789885, 118.54779109594489, 123.3456146930429, 128.6043206810295, 122.38883795842074, 116.1951232277424, 110.44824308467696, 101.04449415635861], [5.726648455201875, 10.250448078745677, 16.276317943289534, 23.051533069356797, 16.82618235593811, 8.411936746305276, 0.0, 40.88007228244795, 47.32819447457961, 55.85346255409712, 64.05488317028549, 69.82458344191195, 64.05209098346403, 55.5865360602318, 47.24675547185458, 20.8347876434525, 20.313330432285618, 22.735816719621337, 27.55703861740759, 33.36593681873795, 30.181711566697256, 22.802120500272185, 18.138702240448787, 13.771006761927792, 13.98947106958562, 45.50297672724168, 54.23012142871468, 61.06312377983181, 69.52309370903319, 74.75929430508806, 72.42786525834327, 68.17872827599918, 59.66828198102826, 52.448671850682835, 46.51771325315416, 21.410770613038686, 21.40410285324886, 28.950321460163373, 31.788347156249394, 43.16865225631148, 48.71409310087735, 54.543989929274915, 56.619657534015246, 52.57762895538053, 43.421790099964994, 35.99452197587165, 36.22048136328811, 62.24357352477747, 56.055867808084564, 56.121405061382205, 61.709239067089655, 63.857278534480436, 67.9430344536513, 77.36241464693815, 81.03162390135637, 79.29220997608148, 76.85140050999131, 73.65170250729149, 70.1173431920204, 62.16210081886771, 59.9994263191972, 63.81309178515474, 66.67533323245137, 72.44394538344666, 70.31782194839663, 67.9395161738622, 65.32011740476557, 60.53582508326503, 62.13044326719182, 68.53344841201452, 74.52172342749721, 86.69151564053242, 97.74676088143771, 98.34480450913604, 103.17035206651573, 113.7450884381598, 117.69846729186406, 122.44971606656007, 115.68200318285795, 108.87549473297793, 102.69996570716624, 93.22385220734247], [41.300320676824256, 49.61811947414225, 56.750411614987016, 63.293477679858846, 57.66368693457225, 49.266924952980645, 40.88007228244795, 0.0, 7.601883081033607, 16.331309758483368, 23.43361539426644, 29.263408642525036, 23.202324843740637, 14.822215791807546, 6.51035401107935, 40.09503974399634, 48.435343439212076, 55.9494939866367, 63.70845308610486, 70.25787365354385, 68.78516424373028, 61.08761208815836, 55.02199649704423, 46.06958795168026, 38.06236563329174, 19.033545006279702, 21.380915959347252, 25.08591590978221, 31.844282558194806, 36.164733929992, 32.7782613894494, 29.121443061142163, 21.557365788921103, 16.028122635188097, 13.583943881521042, 27.96942423459918, 27.9964960194721, 35.49297876365275, 43.8971248782611, 49.45079953547148, 49.622462451556, 48.143040676333285, 41.85824951453017, 30.97282996469654, 28.25095635031899, 13.059757709319648, 13.687038445542704, 73.33287527809713, 65.03216614534972, 58.336918183194115, 58.94349661972196, 56.14101646293791, 56.294823985596295, 62.464769437029304, 70.78818699597922, 72.47904485647187, 75.0749940408554, 76.37177434467988, 76.89253425376089, 68.48457596069622, 63.34157032374249, 61.726734960068804, 59.25232987185874, 61.4750604472835, 63.16202738423758, 65.89493974692444, 68.32879907168345, 92.57548381840391, 94.22956034024675, 98.59803499538457, 100.66955736902527, 109.57158956985697, 115.06758688170352, 110.85119006015181, 101.72692438086483, 98.68817585195967, 97.63774088375978, 99.609464974873, 89.71230844607844, 78.82706571004265, 69.64876153043684, 59.07327191362262], [47.180805182936055, 55.55268220279539, 62.8421071938457, 69.73581119448289, 64.07886475243221, 55.67260696065828, 47.32819447457961, 7.601883081033607, 0.0, 9.083472666744202, 16.777557695589426, 23.968362508410166, 17.821047216736087, 10.547022270508297, 5.630400453278612, 44.174942807910554, 52.792359909246606, 60.61114130212145, 68.682929508584, 75.49154311961502, 74.39843850765146, 66.52049719325986, 60.36640050339852, 51.25385232689552, 43.093768543711995, 16.572734353049828, 15.431623578603357, 17.73570873905695, 24.33233839741102, 29.032678826365196, 25.591912892220705, 21.62281568712137, 14.233445494869787, 9.685260232088243, 9.927298808008851, 32.70081103556083, 34.02641017983513, 41.636757030111745, 50.96872032811895, 56.1044662241199, 55.52358822506951, 53.065272982725716, 46.41498659335616, 35.01767037097375, 32.32211296285164, 18.372140308450152, 16.01756530490265, 80.24701250275224, 71.73709071819793, 64.3511124558274, 64.39263651616567, 61.04567294730142, 60.76050508314804, 66.44129208664167, 75.26809001951818, 77.38264275737708, 80.60001559442718, 82.39147587924475, 83.37065961748007, 75.03748827153605, 69.56475729736734, 67.37996349178295, 64.23454265839955, 66.07632680104142, 68.27353307550904, 71.59287199897139, 74.56636273137958, 97.10593619949645, 100.09597001431989, 105.31631056366685, 107.64905125258643, 116.70789203321179, 122.04556472530356, 117.63404703084032, 107.06320671806071, 101.96021572262933, 99.76663460364155, 100.58765208994578, 89.72110540134997, 77.58316709353531, 66.29363318947226, 53.03316898466552], [55.40042764185854, 63.748721473777444, 71.17239621995894, 78.41345100911519, 72.59598181238086, 64.12427049965389, 55.85346255409712, 16.331309758483368, 9.083472666744202, 0.0, 9.395216210594892, 18.788855101974978, 12.56533675325218, 9.25270084309922, 12.149502141337193, 50.80217349714591, 59.86643204424855, 68.0420870142458, 76.48395571342353, 83.65363748253174, 82.71844794269894, 74.47315294465336, 68.12570897916993, 58.82457979835417, 50.5393753173054, 18.20851023784727, 12.194010792990383, 11.145362443532196, 17.226454837369932, 22.357765625128934, 18.041032274201086, 13.254546108502735, 5.89549593077376, 6.665192661790129, 12.115291915531005, 39.65393198899339, 41.221838140696114, 47.98749611439222, 58.051943727606606, 62.279193200735236, 60.59298746574104, 56.82609573767856, 49.879492080047385, 38.30031038592563, 36.02088577470847, 24.753664782749844, 21.95501443383889, 86.74226766285888, 77.84530041945608, 69.42776090032656, 68.65567409116542, 64.62528225977776, 63.842140512406615, 69.10540515557935, 78.34892710151314, 80.91744531790556, 84.92762527860673, 87.40041309639288, 89.10736923915293, 80.92314984118926, 74.91960461364893, 71.92930451469483, 67.90797029955884, 69.38887197912555, 72.18317230885003, 76.234435047263, 79.97221843542151, 105.09547728432301, 108.91943333589657, 114.31804858782431, 116.44654762072689, 125.12078132329653, 129.76007457076395, 124.56966163195042, 111.18567724292015, 104.37869954622772, 101.27912550553924, 101.65922870197095, 90.16041880152778, 76.90895530963542, 64.22302520467419, 48.71279252338373], [63.949086653202656, 72.32016513394744, 79.61961323700184, 86.41314154081364, 80.82046569579822, 72.41311566263123, 64.05488317028549, 23.43361539426644, 16.777557695589426, 9.395216210594892, 0.0, 10.147451084133495, 5.667866331040013, 10.510338162693623, 17.61575834088581, 60.06957056953187, 68.96643661779498, 76.9591463883053, 85.13910889596319, 91.9039492011913, 91.00132170466384, 83.18625032491352, 76.99265337470271, 67.79533194503767, 59.55901303127544, 27.366449818340666, 19.861785015709213, 14.792086461726116, 14.203128654056858, 16.243529777957065, 10.97231568390429, 9.19874093577931, 10.408645534039335, 15.694859416288317, 21.497640185263265, 48.76263299860048, 49.66805234143658, 55.510042130066374, 64.41846352874074, 67.54257979854785, 65.5290940444771, 60.99330833791366, 52.28182429264396, 40.760718638452744, 42.10479951375593, 32.42988740632053, 31.15811971974479, 90.7394873036061, 82.26890068766458, 73.62066247585688, 72.00135893562238, 67.24143089247718, 65.37107089484917, 68.82222487318354, 78.76210588326789, 82.09555906428672, 86.95730211796634, 90.17676014312708, 92.3906836390995, 84.53484769958457, 78.63878702507773, 74.88667452969413, 70.12637641235906, 70.28200076467347, 73.79349100598141, 78.67252369604833, 83.07569160052581, 112.35849115986677, 115.16310800387619, 119.74041311826973, 121.04821612714774, 129.02699537023017, 132.63501510246454, 126.86144407568031, 111.88701859457154, 101.31732853734295, 96.76771041701453, 96.03419733615341, 83.94459415969894, 69.92216178236959, 56.92907461604737, 43.1139264355925], [70.33597164722406, 78.66573527516732, 85.68434979206543, 91.66969723351458, 86.46767647657428, 78.23554160421462, 69.82458344191195, 29.263408642525036, 23.968362508410166, 18.788855101974978, 10.147451084133495, 0.0, 7.144827715316937, 15.29729146059086, 22.824588655000422, 68.13915683351695, 76.64244780555005, 84.21842189182543, 91.85532706684563, 97.8971815440588, 96.8969737037266, 89.82987267221283, 83.93798819186878, 74.99851019191318, 66.9215178239335, 36.99504792092793, 29.876614040098538, 24.264714160300286, 19.891108813395025, 17.31271985828495, 13.365626808796739, 16.43079438924674, 20.529394660683717, 25.402999961315793, 30.724084434318172, 56.45923172405119, 56.37416397670864, 61.34586217142162, 68.30897351724545, 70.40586874087597, 68.59341973442858, 63.860936598299176, 53.10870857679106, 42.041858734682904, 47.638521300629556, 38.84718355396356, 39.410790833851905, 91.48232588764002, 83.88377704901193, 75.6046030559232, 73.34764412773522, 68.07268527558668, 65.04824054455858, 66.18260869402502, 76.74547040536103, 80.8271311416825, 86.32588490295072, 90.12727082843865, 92.58198906755578, 85.15333358395458, 79.7688544890413, 75.49956596384304, 70.32181537501374, 68.86464251185593, 72.95834640114919, 78.47869498041244, 83.29361820858853, 117.24250404338395, 118.01359142874644, 121.1704584597195, 121.36693919728427, 128.46996664384295, 130.9743660283533, 124.81996319444917, 109.39779069959705, 94.70854352275725, 88.74438497918071, 86.84961183893306, 74.42965957849464, 60.140543736813825, 48.30200888695601, 40.271465365000175], [64.45151958378823, 72.79062802729031, 79.93523223369883, 86.28524199727208, 80.80883374472222, 72.44555528949272, 64.05209098346403, 23.202324843740637, 17.821047216736087, 12.56533675325218, 5.667866331040013, 7.144827715316937, 0.0, 8.680501056686358, 16.810803819472792, 61.7764567010104, 70.58913579803357, 78.39717258455603, 86.31836358651964, 92.76096010691181, 91.60502641355195, 84.06615389326537, 77.96116219114906, 68.85917255247625, 60.679741611721745, 30.5957361375885, 24.299005160941505, 20.189119601361323, 19.31173515317642, 19.734571875787804, 14.744612470049018, 14.618666764609179, 15.275077259492795, 19.135254340079754, 24.228751464489143, 49.891945265937025, 49.71408649517926, 54.68211150787351, 62.40845891697562, 64.86409401533913, 62.916872372253565, 58.30253485954697, 48.54655409583945, 37.15069845612753, 40.95506365894607, 32.05980908280094, 32.70651946071504, 87.11926946418234, 78.98786294252874, 70.46935276939145, 68.55760473993821, 63.58044504133378, 61.24120148822258, 63.90338513983275, 74.05000829121774, 77.62694376834135, 82.70379970091992, 86.14947117156274, 88.48369254386776, 80.80352377692164, 75.09845937284071, 71.11024639183051, 66.1913682570915, 65.73541249516579, 69.44420422223057, 74.56773439663867, 79.15409812131898, 113.27417379108269, 114.52877121601217, 117.8981441553715, 118.41045817315207, 125.69531992307846, 128.6110838974718, 122.43219405310079, 107.03045362943239, 95.66530948872092, 91.15372620660938, 90.91548667487348, 79.27439650261361, 65.78312113599875, 54.81343995869505, 45.085692299044695], [56.08378513132674, 64.39437670127704, 71.53663726904402, 77.95780446262381, 72.36530128749946, 63.96199210695623, 55.5865360602318, 14.822215791807546, 10.547022270508297, 9.25270084309922, 10.510338162693623, 15.29729146059086, 8.680501056686358, 0.0, 8.509231338853704, 53.8331919111194, 62.65900810143199, 70.44653496419801, 78.37526525010409, 84.92017441758685, 83.55494411863464, 75.85909273332132, 69.70085347910585, 60.59822420858453, 52.43708099326538, 24.79383248500235, 21.042214929181977, 20.05800867968755, 23.22601507910862, 25.763643131141876, 21.16757123929569, 18.837319147238016, 14.55323471223669, 14.643652484022557, 18.052164639182028, 41.63909963422361, 41.12240552960911, 46.34777743795624, 54.27648076424695, 57.43022500699067, 55.93826127878186, 52.09514505445718, 43.254944477450195, 31.601463223744076, 33.743526890417044, 23.570507039335766, 24.920193555487508, 80.4418236855317, 72.10144614679308, 63.924934952391126, 62.71336837107639, 58.334560359592466, 56.809581773859826, 60.89228096927451, 70.48581574708808, 73.42389149342975, 77.74179347351213, 80.54851439279578, 82.40321041325325, 74.44642208709773, 68.77074877473069, 65.42412511875487, 61.180992638218726, 61.70182588726027, 64.78139415971148, 69.20291838494438, 73.20808490970856, 106.35158754153272, 107.48255188642025, 110.85154857744978, 111.66132873486643, 119.24060795268555, 122.79835402207098, 117.00114462676439, 103.13470558510059, 95.14778118071759, 92.17812021386727, 93.31653654133201, 82.55040608511493, 70.21216463699062, 60.53150139371575, 50.89573039686063], [47.77793455465217, 56.08851676683199, 63.17420893969402, 69.52346080865684, 64.00031863121117, 55.64254662261552, 47.24675547185458, 6.51035401107935, 5.630400453278612, 12.149502141337193, 17.61575834088581, 22.824588655000422, 16.810803819472792, 8.509231338853704, 0.0, 46.36504789681414, 54.80907253971062, 62.353246221466144, 70.07833459239697, 76.48521201350147, 75.08481714691942, 67.5504084148521, 61.520181159162995, 52.565032235632884, 44.5309423110242, 21.32005524388635, 20.68757226143259, 22.32855231780648, 27.575662327504865, 31.09859326141017, 27.38079947580414, 24.35344897747278, 17.96298236632773, 14.423338490090913, 14.739136392248835, 34.23550703679186, 33.963890656403485, 40.402151497724674, 48.31158091048084, 52.76325680045214, 52.31849772011603, 49.846390117560084, 42.07720310846818, 30.636957961926786, 30.65720094353276, 17.51141352659924, 18.66395824018295, 76.0792279237679, 67.88318371289436, 60.63989331904099, 60.43875154373926, 56.91019267121232, 56.22627481645252, 61.29234662567135, 70.27896479454908, 72.57524627431118, 75.9400679174704, 77.90982274343953, 78.96883468202893, 70.75183953019979, 65.46866236777929, 63.08859696851052, 59.844838144589, 61.16706552283905, 63.49342498182433, 66.99977160106455, 70.115917629474, 98.14630981094238, 99.36141682289332, 103.2165004524799, 104.67716950154046, 113.01618838988222, 117.66389577263261, 112.83918750372415, 101.94990847240904, 96.36369439844587, 94.36572842998369, 95.77126946561089, 85.43219931228717, 73.93930851320899, 64.55163360846824, 54.68187200174557], [15.887571507410469, 20.388906303784903, 27.441869626050554, 37.618932740469674, 30.979822107236476, 24.239971300593158, 20.8347876434525, 40.09503974399634, 44.174942807910554, 50.80217349714591, 60.06957056953187, 68.13915683351695, 61.7764567010104, 53.8331919111194, 46.36504789681414, 0.0, 10.737977406695265, 20.0120747640186, 30.060146187050623, 39.9939333540053, 38.68902576296853, 27.456473253467497, 20.300626066226254, 11.420462477090057, 6.976199206657876, 35.2624359917332, 44.8450318468941, 52.793408238241014, 62.71736428941966, 69.49543162643415, 67.22665859955238, 61.752867509793795, 52.768056742623905, 45.474700475349266, 39.171635742572725, 13.401493856271172, 21.47500069209277, 32.04683633708115, 43.0309936458477, 53.71948330800178, 56.14695499881101, 59.470196007129026, 63.11724619959213, 57.215993330658705, 42.49438310245942, 34.60923997841949, 29.51199956880709, 77.5236685782411, 69.01649563552958, 65.69371009484499, 70.34010632570117, 71.57938264128718, 75.96956908694669, 87.01243871408224, 91.40186378490553, 89.9320739526027, 88.58245843969095, 86.29007458279469, 84.20071785364685, 75.87698538094119, 71.59300526555563, 74.09492566419314, 75.46747018789188, 82.24067305533482, 80.85281307163548, 79.51673712952518, 78.3064187043556, 67.52908042911449, 77.19162536200673, 87.48990482689702, 94.86884797953763, 107.39056424966819, 118.21196254672802, 117.70235230575224, 117.02393442438395, 127.26565809710813, 130.18120534912458, 134.26613217258867, 125.7455489250972, 116.39325471071848, 106.06737493885045, 89.42905970554757], [14.70412950058197, 15.083279686535352, 20.419673008558632, 30.427312174426664, 24.78649012536341, 20.40816205404078, 20.313330432285618, 48.435343439212076, 52.792359909246606, 59.86643204424855, 68.96643661779498, 76.64244780555005, 70.58913579803357, 62.65900810143199, 54.80907253971062, 10.737977406695265, 0.0, 9.359530162022027, 19.561270747520062, 29.82798798390056, 28.97891712208919, 17.897709692075633, 11.67261843893387, 7.382514389186113, 11.81386676944056, 44.928825642114475, 54.082601120051926, 61.62731527005167, 71.00809106031038, 77.51412234236558, 75.73353489409148, 70.58136088467111, 61.976136963335286, 54.80318558727776, 48.58412591792188, 23.00837252048932, 29.75015533865289, 39.41833672319253, 47.75165091101242, 58.9900798485729, 62.65212587130659, 67.16658769398444, 70.98596083611946, 65.68730382746215, 52.0139727773481, 43.94748110837309, 39.14999880122169, 80.32809882287115, 72.96003489079153, 71.41437772522261, 76.77536954253861, 78.68394684823735, 83.26940165951301, 93.99142360677267, 97.91097237394887, 96.10199148578701, 93.96089732727619, 90.90572496389156, 87.88874198659198, 79.8723491504987, 76.60756536416676, 80.02701054487865, 82.2618066470333, 88.9857795241214, 87.12415408093811, 85.04745548348883, 82.89547536980942, 57.56803341634012, 68.93247208155015, 81.16377608814994, 90.19181569124802, 104.06624527171516, 116.60709696703655, 117.90790204581047, 121.53033186575085, 132.607235570832, 135.7576844805778, 139.2424242484633, 130.88631135883156, 122.09906389281856, 111.73462415144398, 95.45273966775869], [18.081672845827985, 14.22699748261361, 15.958633327375058, 24.651019902626846, 20.687239258205572, 19.6785853274071, 22.735816719621337, 55.9494939866367, 60.61114130212145, 68.0420870142458, 76.9591463883053, 84.21842189182543, 78.39717258455603, 70.44653496419801, 62.353246221466144, 20.0120747640186, 9.359530162022027, 0.0, 10.290119456094958, 20.87916328421031, 20.38752493284778, 10.060897032372708, 7.521772168108988, 12.297995954801257, 19.552231898110968, 53.76472539324358, 62.66619568270915, 69.91732551515636, 78.8711667599253, 85.08578656707675, 83.59007949792542, 78.72015793652328, 70.36218884192687, 63.258294607465835, 57.10628084670559, 31.53559472426103, 37.15442900481224, 45.87661560440479, 51.91059174951376, 63.30591093903227, 67.92766998628734, 73.37156580766697, 77.29953611259013, 72.61498745074053, 59.89999825921508, 51.94751429206963, 47.707721707119944, 82.20050638136549, 75.92137485667855, 75.90468841487221, 81.79932161841869, 84.25545668035959, 88.97242810723492, 99.36490265103342, 102.81837309298065, 100.7171696085514, 97.90250209323091, 94.21675050386908, 90.42932269503527, 82.77156779583432, 80.42211875082606, 84.57981426703154, 87.53211742657328, 94.1679344761042, 91.9022361595495, 89.20224434155949, 86.26514815428992, 49.135397189744104, 61.49091889505008, 75.15453998733707, 85.5158365531689, 100.40522626165117, 114.33597618353363, 117.17917689071453, 124.51916395604827, 136.43216881386405, 139.90529581214165, 143.08295335920528, 135.06130179096, 126.94687275610121, 116.9711131230043, 101.58086438354749], [24.386929963103128, 18.292116536151365, 15.45204541825729, 20.00679478813798, 19.29204076945459, 22.30625789241006, 27.55703861740759, 63.70845308610486, 68.682929508584, 76.48395571342353, 85.13910889596319, 91.85532706684563, 86.31836358651964, 78.37526525010409, 70.07833459239697, 30.060146187050623, 19.561270747520062, 10.290119456094958, 0.0, 10.885205375799025, 11.157770266583281, 7.166550744781901, 12.612161173350549, 20.911495448693767, 28.56052513553832, 63.10953056378648, 71.72830635563899, 78.63205026300022, 87.07693190376594, 92.90079719210205, 91.6760444610326, 87.15998106224397, 79.08500447116883, 72.07030372553082, 66.01779437473117, 40.70610716244697, 45.33361288351973, 53.22704477437888, 56.85242603257748, 68.17325762816425, 73.75819588297226, 80.0500005681451, 83.79336899560052, 79.6936579424945, 68.25378379194684, 60.28372949892189, 56.67510060704729, 84.17363396680622, 79.21918831894406, 80.81526960516966, 87.14645685919615, 90.07462883862362, 94.790424382636, 104.61709017345424, 107.64256928751142, 105.31831036344586, 101.87168232141238, 97.60128230905268, 93.02498363188944, 85.81631506163835, 84.50869733578388, 89.34308709803945, 92.97304357707873, 99.33424782428173, 96.71010989919743, 93.4418200549917, 89.74053106641107, 39.88101854330937, 52.730860550299184, 67.92227380156704, 79.72167076064311, 95.69737819282618, 111.09487279102498, 115.69188329875224, 127.20420436912089, 139.59093797520666, 143.32581016426303, 146.09552146380054, 138.49634332366452, 131.20792692577194, 121.86098390153326, 107.86720209314905], [31.579571661868005, 25.23988872947585, 20.20267584892957, 18.82842511426553, 22.056838966203795, 27.506482787689706, 33.36593681873795, 70.25787365354385, 75.49154311961502, 83.65363748253174, 91.9039492011913, 97.8971815440588, 92.76096010691181, 84.92017441758685, 76.48521201350147, 39.9939333540053, 29.82798798390056, 20.87916328421031, 10.885205375799025, 0.0, 5.737630253863873, 15.030136727517087, 21.9261039985149, 30.256553944264176, 37.54532161100139, 71.58476190595792, 79.77090285704074, 86.181411711597, 93.93309337428954, 99.21337805159554, 98.29821221938317, 94.26326518127527, 86.59709962180109, 79.75249831653315, 73.8865330825329, 49.45857769089253, 53.29384660947304, 60.71954609623268, 62.04937427393287, 73.1130733659042, 79.6155841726261, 86.54549919799969, 89.5472662669934, 85.82918851455638, 76.11957269553376, 67.75006523818578, 64.7554893202514, 86.07365551486414, 82.61182576972561, 85.72035335556554, 92.28384363708936, 95.47113484001778, 99.93216343830414, 108.81281919621789, 111.62084370231469, 109.26612350375785, 105.38361922763288, 100.71319494268292, 95.4235996578959, 88.68074226299414, 88.47206445406471, 93.78114509517516, 97.91491874098612, 103.6787450901506, 100.85009914029968, 97.21741233487226, 92.90826579255008, 30.222631426732608, 42.42714665439846, 59.39167111403289, 72.672185011662, 89.86875295690831, 106.70023877216485, 113.2072673854606, 129.12434825045005, 140.94076020505372, 144.64562309311052, 146.65908017522798, 139.45253620737654, 133.0644603077291, 124.47307319665717, 112.40033727604333], [29.016973022463336, 21.921913754565274, 15.804595964300448, 13.465418172900275, 17.060626163366923, 23.490275811934563, 30.181711566697256, 68.78516424373028, 74.39843850765146, 82.71844794269894, 91.00132170466384, 96.8969737037266, 91.60502641355195, 83.55494411863464, 75.08481714691942, 38.68902576296853, 28.97891712208919, 20.38752493284778, 11.157770266583281, 5.737630253863873, 0.0, 12.28007600460217, 19.423078865107897, 28.121326623241337, 35.64503330874547, 70.77757876420485, 79.26062732888207, 85.87660836062949, 93.86651909749139, 99.1547012720037, 97.920023077821, 93.8174421666068, 85.8838936127294, 78.88141361725411, 72.92268016368944, 47.5330920151028, 50.378662997824186, 56.901803970584574, 57.429865629211164, 68.34714608215413, 75.00573295066079, 82.23325556916434, 85.64731249546229, 82.50628542413543, 72.95234040351924, 65.48578554064038, 63.35523039526033, 80.79625891322964, 77.408414225465, 80.82153801434879, 87.53694157445221, 90.96657140571003, 95.6040315284514, 104.66308337345642, 107.09207544335047, 104.52858032148842, 100.40857097658275, 95.56361632787498, 90.18424110716197, 83.54853686579214, 83.45381780774333, 88.96940404428156, 93.34737115768637, 99.29109563758225, 96.25842373376906, 92.3763842527978, 87.87440006336674, 34.47767783077099, 42.769938500084024, 57.336699429964064, 69.70097293530745, 86.1735175637644, 102.54200773943106, 108.54231410162662, 124.06734203235764, 137.176529659434, 141.52265819152217, 144.53159230716534, 137.88583612927619, 131.92931001502538, 124.41451483317992, 113.37894818138504], [20.216346030498713, 12.806268412462394, 9.149191759420285, 15.79507133507592, 13.32126703562863, 16.482713588999232, 22.802120500272185, 61.08761208815836, 66.52049719325986, 74.47315294465336, 83.18625032491352, 89.82987267221283, 84.06615389326537, 75.85909273332132, 67.5504084148521, 27.456473253467497, 17.897709692075633, 10.060897032372708, 7.166550744781901, 15.030136727517087, 12.28007600460217, 0.0, 7.485879714576305, 16.939344423360843, 25.102328444543268, 61.20191577560482, 70.22675592210342, 77.41796991881716, 86.2006483306173, 92.05868239179134, 90.39910805250386, 85.7683324789926, 77.33074335830143, 70.11168729687382, 63.93668290056653, 37.24424397975325, 40.577791743239715, 47.37704965609898, 50.427565248803255, 61.650708786713025, 67.27760780417098, 73.84109528533811, 78.18790335120485, 74.73838475012207, 63.25301653636963, 56.508536632241416, 54.00658931687004, 77.64425016699492, 72.49540785671162, 74.16810934501547, 80.64194274234245, 83.81239617505011, 88.77366455524394, 98.94588362966024, 101.56716718288324, 99.01217487560449, 95.37001782883978, 90.9771886251104, 86.43128593208147, 79.25935813922077, 77.88579494077726, 82.87443148812501, 86.7072609964494, 93.36604019691373, 90.53859412863406, 87.04641143224895, 83.23430624693546, 45.20242224260892, 54.396892650722116, 66.89620733122418, 77.39071932031774, 92.28762741908737, 106.84780368542728, 110.54036130407765, 120.85121366440433, 134.74192642611027, 139.21123284262964, 143.2297479559844, 136.2504668686095, 129.3824965041521, 121.27638135029542, 108.44501420511057], [14.559765942833213, 8.317238563321421, 9.763218096278143, 19.70098069385263, 14.430218253919827, 13.431792853482253, 18.138702240448787, 55.02199649704423, 60.36640050339852, 68.12570897916993, 76.99265337470271, 83.93798819186878, 77.96116219114906, 69.70085347910585, 61.520181159162995, 20.300626066226254, 11.67261843893387, 7.521772168108988, 12.612161173350549, 21.9261039985149, 19.423078865107897, 7.485879714576305, 0.0, 9.678990421598888, 18.03095660005788, 54.41290719242816, 63.67261287079811, 71.10855418448288, 80.23946266845493, 86.31742358394553, 84.4024247602915, 79.54982515344534, 70.88039128200687, 63.5742573883745, 57.32500587075526, 30.12631402538656, 33.72662926977379, 40.96738409019812, 45.66795486009875, 56.99475980814974, 61.97169994390938, 67.98862278333476, 72.48235715414717, 68.70203505039566, 56.38683421133471, 49.83394771237832, 47.22675018869634, 75.16724628730958, 69.0258246524563, 69.52583997846891, 75.70191871983666, 78.55033407197375, 83.52303277371286, 94.10769635106406, 97.01368693976463, 94.61162008224653, 91.41923532241803, 87.45380263718963, 83.48832404744961, 75.97192156360384, 73.83538957357496, 78.34196272310854, 81.70733080319657, 88.56833996189671, 85.98233676840033, 82.88874052895086, 79.62910082890765, 51.76197904394986, 60.46143360321467, 71.693219516582, 80.985544520694, 94.96909175291748, 108.33432759088357, 110.65972799062993, 117.83776281978277, 131.4244383189442, 135.7689214137035, 140.19621389904495, 133.00877108163974, 125.65123899578994, 117.34523967703976, 103.9026704970555], [8.627913618039354, 9.30239975341148, 16.031203321407098, 26.29364342133066, 19.726285311286308, 13.960142841629738, 13.771006761927792, 46.06958795168026, 51.25385232689552, 58.82457979835417, 67.79533194503767, 74.99851019191318, 68.85917255247625, 60.59822420858453, 52.565032235632884, 11.420462477090057, 7.382514389186113, 12.297995954801257, 20.911495448693767, 30.256553944264176, 28.121326623241337, 16.939344423360843, 9.678990421598888, 0.0, 8.404793681772798, 44.91865369136402, 54.316063026099286, 61.90385749699729, 71.28309590251953, 77.51023600759463, 75.36007765233065, 70.34804913013487, 61.5131283160253, 54.153145074875354, 47.86525676913258, 20.48287293781309, 24.97162258171769, 33.69948772509311, 40.78109965634147, 52.10896289582162, 56.22736834047538, 61.28599397034579, 65.2408609436539, 60.649855853589095, 47.71875492930012, 40.60313073920194, 37.67370648670715, 72.97114634223018, 65.75499415670755, 64.64733916706209, 70.21698162334853, 72.38820571264829, 77.07902743593618, 87.78797147904774, 91.3610728846895, 89.38424044579789, 86.99386237677034, 83.77206948368088, 80.60851154018162, 72.64167094425932, 69.59373136558784, 73.25759263390819, 75.81349092412106, 82.57184166114443, 80.48433480621924, 78.14486415945494, 75.76484126231405, 59.116326085191, 67.04739047825736, 77.06202825426803, 84.99508749631823, 98.055785191455, 109.98612068963261, 110.8133802594939, 114.3556263352665, 126.35382165462782, 130.1515068866564, 134.60450642486975, 126.98936763089476, 118.95272202318044, 110.26020702439386, 96.26477868195659], [9.43851345559612, 15.484006126935945, 23.07676125093965, 32.75374896821048, 25.99608724280279, 18.42281288775984, 13.98947106958562, 38.06236563329174, 43.093768543711995, 50.5393753173054, 59.55901303127544, 66.9215178239335, 60.679741611721745, 52.43708099326538, 44.5309423110242, 6.976199206657876, 11.81386676944056, 19.552231898110968, 28.56052513553832, 37.54532161100139, 35.64503330874547, 25.102328444543268, 18.03095660005788, 8.404793681772798, 0.0, 36.714693436739616, 46.16122244822273, 53.80698406961524, 63.317296479400994, 69.60293606888791, 67.26039245338464, 62.168045240757216, 53.2306858929733, 45.836698644812294, 39.53532460267948, 12.214944804404972, 18.17814342502669, 28.81499784959279, 37.968935547281255, 48.99546630251017, 52.30396949682826, 56.33553096881048, 59.38510153621565, 53.88048231973162, 40.73395527977588, 32.591615903521166, 29.274279223729486, 71.844298107964, 63.88618571777937, 61.38009123585848, 66.26750445400745, 67.70352034218054, 71.97052850264345, 82.54309523901098, 86.8226402660221, 85.3277134028119, 83.73937639367459, 81.25661808875694, 78.81417652371941, 70.52302522483217, 66.76108688425165, 69.56678581016577, 71.30444195010497, 77.75917606038558, 76.20486666525083, 74.6443431210428, 73.11136834508319, 65.3280678769781, 72.45110330027426, 81.49855986607515, 88.3290005584517, 100.6436819117114, 111.37103352428993, 111.0404741780707, 111.67259982125118, 121.78060378517436, 124.94842137034169, 129.2361396643633, 121.21206255147395, 112.58772707043182, 103.56691637112355, 89.29002533893507], [43.614380426383974, 51.53045373597885, 59.21095239498136, 67.85056407397379, 61.4610959717041, 53.058189012295784, 45.50297672724168, 19.033545006279702, 16.572734353049828, 18.20851023784727, 27.366449818340666, 36.99504792092793, 30.5957361375885, 24.79383248500235, 21.32005524388635, 35.2624359917332, 44.928825642114475, 53.76472539324358, 63.10953056378648, 71.58476190595792, 70.77757876420485, 61.20191577560482, 54.41290719242816, 44.91865369136402, 36.714693436739616, 0.0, 10.109151130845804, 18.65364340402386, 29.546155734426243, 36.93871233973739, 33.7892400409884, 27.566172123983655, 18.32562033304207, 11.673621102533437, 6.839238078628495, 25.93479608804609, 30.569946665973728, 39.52335253292329, 52.76278363026088, 59.23893032783111, 57.90271497433099, 55.63379003352554, 53.381129464403024, 43.086808271495386, 32.23257931897189, 20.41583680146677, 10.690351438806255, 85.87645854765557, 76.08314671394757, 68.08090485018744, 