{
	"dissimilarities": [[0.0, 8.351895769927268, 16.368277430166867, 25.91773294661331, 18.944687213215058, 11.004463978897382, 7.415283935851007, 42.606952755492884, 47.455290782317924, 55.43237236344649, 63.97646648570511, 71.52986806912007, 64.50133115319468, 57.37957234248012, 47.979338851378834, 14.46511119474807, 11.93087294374636, 15.640494541348685, 22.52290488477175, 30.32312860992233, 26.699698952423287, 18.91751480348019, 12.022432719370151, 5.390688492116844, 7.657335481686298, 43.76773760102335, 51.95309075659267, 60.389566193733, 68.24488316319982, 74.91101159755, 72.88896115811063, 67.0891002763804, 58.547667979347196, 51.15457483266517, 45.975373779873735, 19.5862710914852, 21.90042528842392, 30.496079891211014, 37.64698999998308, 48.95630313800883, 54.12161198709466, 58.70038503910217, 60.58764997775888, 57.256569511492295, 44.242183389170265, 37.509635715379034, 35.80729307138828, 68.59153449731234, 61.78366194239045, 61.66835666399727, 66.25147437983256, 68.3665921920206, 73.33766628385925, 83.7661044200304, 86.37397962471371, 85.89678853111833, 82.92126460507916, 79.45967532036008, 76.3387562418193, 68.21028618564486, 65.6810209849181, 69.43912909787655, 72.05602915715941, 78.57421289270951, 76.42783618626204, 74.04342559301439, 71.54462717159036, 61.10164751452893, 63.772283967441794, 73.82088272559749, 82.361680646633, 93.41425815834299, 102.90633203006183, 106.07008828573578, 109.75443205514776, 120.2789413953828, 121.81311381833423, 128.6814805235131, 119.48312455500816, 113.0177054661263, 103.85159037013759, 92.47550921464186], [8.351895769927268, 0.0, 8.596715536499449, 19.173019534334646, 12.092604546791277, 7.062668465734533, 11.108081654679033, 50.827759177991446, 55.746282100085224, 63.77472867737873, 72.30602224098051, 79.7561788762901, 72.77862713454519, 65.61728553382665, 56.197013157692076, 20.08245616696272, 13.388526416007025, 11.866571993120973, 16.146827976552363, 23.701796802384983, 19.371534095332976, 11.419484679962975, 6.439611709146835, 8.088563807255152, 15.296745569455645, 51.94200608317568, 60.17319588338882, 68.62909803899643, 76.45888959253767, 83.12190053153843, 81.18114754859758, 75.41389657939871, 66.87805890836576, 59.49573128853009, 54.30955735424561, 27.395792121819326, 29.09389164394975, 35.779421182911996, 40.77614575037433, 52.07397452771973, 58.01337487388874, 63.398230743818, 66.20847755908385, 63.864245934962675, 51.331813539688696, 45.481927959827594, 44.087240435358865, 69.59782054216268, 63.603140039512034, 64.7114140816465, 69.95997519850079, 72.79919662278374, 78.26844937028693, 88.82061851744216, 90.70191035088504, 89.56797673468448, 85.91410992429871, 81.62753891172119, 77.92403978341392, 70.10352295548203, 68.41682372951831, 72.98642371798816, 76.39040725011417, 83.203813308322, 80.53292659200473, 77.38053813308446, 74.06066889127808, 55.88781461432509, 58.711673758379554, 69.4655774851852, 79.04302843690935, 90.61175664116223, 101.10736204235594, 105.39074522044642, 111.87721235787431, 124.5526470669276, 126.91047480108259, 134.12532095776137, 125.46681267510678, 119.6831353379799, 111.04418918969881, 100.03832775488056], [16.368277430166867, 8.596715536499449, 0.0, 10.961718484555647, 4.80082277103644, 8.499452393661722, 16.268071476368238, 57.772607137608816, 62.86822713949914, 71.16728801698001, 79.5776398353554, 86.56311570321414, 79.80415948428058, 72.57239736623177, 63.08014033272705, 28.571799302535638, 20.80064124588492, 15.692061243306183, 14.083691576008226, 18.212646403980834, 13.087546232302946, 9.054987666936166, 11.469500556351791, 16.62488572964521, 23.737023641284388, 60.114136645242205, 68.2105860634352, 76.40257704591654, 83.93523488320598, 90.27390330570388, 88.43727007533654, 82.9791306018857, 74.62487585665448, 67.23533814078647, 62.10908430929744, 35.76083047174974, 36.33615894161855, 41.642697731325846, 43.7678694391313, 54.74486383513649, 61.77889037299917, 67.92693201642622, 70.91029878204797, 69.33765662830461, 58.103755363703876, 52.70379067720731, 52.03885696857302, 69.32210694927596, 64.66308021789082, 67.26475816353211, 73.05699919784966, 76.46480744617075, 82.04142618248687, 92.13538790090662, 93.48005849061073, 91.84378187244455, 87.61243927879536, 82.62168966261497, 78.28119671416545, 70.82924170256379, 70.30652125265784, 75.6117949147092, 79.71678482939056, 86.33766411740795, 83.26233990617825, 79.47983814708175, 75.37286183614655, 50.45413842889118, 51.54640643381561, 62.2880090899981, 72.66543314358626, 84.81334409013469, 96.38239010321224, 101.96898865665702, 112.12112009258882, 126.01276175133366, 129.04500840484872, 136.28273024239954, 128.27295575412597, 123.44237056878488, 115.79670290958595, 106.26488385731268], [25.91773294661331, 19.173019534334646, 10.961718484555647, 0.0, 7.890121729942759, 16.214368458616974, 23.545419888363867, 64.48795134567372, 69.77052788404119, 78.4160789049744, 86.54729452045352, 92.71250024283482, 86.3686954870493, 79.10840552062893, 69.61307687593563, 39.11284714513027, 31.335716056890128, 25.26310655789958, 19.871427803458662, 17.33872927427558, 13.156365079835918, 16.963441645124405, 22.18054321440169, 27.207708889653237, 33.56012451193667, 68.90742377144629, 76.68625798643305, 84.35030587402612, 91.32437049229213, 97.03780444294713, 95.34084367745804, 90.45200440855317, 82.47457237380749, 75.1260250662933, 70.15586724191951, 45.28179631520456, 44.51889997896384, 48.71425313829871, 47.47116618813194, 57.70825964459099, 66.0540593564099, 72.88717308549128, 75.40491924448453, 74.4760549717557, 65.30131927987469, 60.1357706632971, 60.485818769150384, 68.27588161771891, 65.57764926780446, 69.94658261049013, 76.14243813688576, 79.97378392922525, 85.27941073469118, 94.3033712882728, 95.24871656466688, 93.23765935674963, 88.51891333631976, 82.93513293684563, 77.89751534919466, 70.94505896615186, 71.95207998275534, 77.9112683547772, 82.6384234296439, 88.5732105770063, 85.20179004268276, 80.91022385227036, 76.03687471480907, 45.42741840600565, 41.892607370048964, 51.64328174365653, 62.71852397348422, 75.67383647241735, 88.56008576189735, 95.80350689309485, 110.8130810551725, 125.02226250653922, 128.6224599854335, 135.54127130561685, 128.36344441490638, 124.83566640594452, 118.71186919026755, 111.74186587847636], [18.944687213215058, 12.092604546791277, 4.80082277103644, 7.890121729942759, 0.0, 8.856827341610202, 16.93039639175569, 58.71806860339868, 64.0365267885316, 72.52671412626334, 80.81136731170865, 87.42133936567079, 80.76326067124131, 73.41982387808032, 63.99132709265081, 32.105708506748925, 25.081208300716394, 20.463142539870898, 18.188116532345756, 20.178598007115706, 15.066818454979039, 13.501565017031991, 16.008736322525838, 20.12156018421939, 26.479797964011848, 62.31074972369972, 70.3507980786098, 78.42372503784682, 85.79506259389086, 91.81847655541547, 89.87497704189578, 84.62698073366957, 76.36753725312646, 68.92547404150645, 63.86326883072137, 38.08410170004777, 37.302213197329785, 41.5829117378948, 41.884951407967165, 52.5791723670846, 60.217760217793334, 66.73779656357374, 69.65594186602537, 68.58790518134131, 58.4162035445318, 53.54619479743167, 53.83911140372432, 65.73705736604862, 61.70595224265667, 65.00546738227592, 71.00123419248406, 74.64166064509209, 80.18854951904855, 89.96865438780834, 91.04278387171318, 89.19631062235655, 84.74224158594485, 79.50757607715174, 74.92296157646392, 67.62566660780543, 67.65127528813368, 73.25108113182503, 77.66348629157942, 84.10182974263394, 80.84728074008922, 76.80631368803449, 72.38248891673355, 51.180834885329, 49.45794304377983, 58.45087163483481, 68.3015637055327, 80.13692264078378, 91.63648485082282, 97.35207195135358, 108.5577824675065, 122.96736807731766, 126.43665387438833, 134.06353706841065, 126.60562391351384, 122.43104606948486, 115.87969097821873, 107.88756876836237], [11.004463978897382, 7.062668465734533, 8.499452393661722, 16.214368458616974, 8.856827341610202, 0.0, 8.389988199884904, 50.29122862092738, 55.62175577648712, 64.01910280905163, 72.35904760383158, 79.2011998256277, 72.37268326394751, 65.00095976251247, 55.633241655538065, 24.881760819590763, 19.910955900418365, 18.64345209929379, 20.799653528562082, 25.81344788944975, 21.160745226786815, 15.860825670203493, 13.311337197469681, 13.439907780504928, 18.347846627111146, 53.695253582135884, 61.806999619266854, 70.03568086199682, 77.58288173815875, 83.71474980267803, 81.59146723882823, 76.17865772166867, 67.80328541523777, 60.31755398941109, 55.2363903778146, 29.480452809566188, 28.541018356521025, 33.760653686420426, 36.13828432853001, 47.28753638415011, 54.154738762698976, 60.05748254344433, 62.58416727457183, 60.84942673947351, 49.94193578505439, 44.802046009790246, 45.09799914345431, 63.41592588268626, 58.09053871549117, 60.011172190896666, 65.49583050016469, 68.576310717347, 73.93445422700341, 84.03091767847133, 85.66395957038084, 84.34428382036735, 80.4756170183303, 75.97776417565473, 72.0144436792115, 64.2729993412218, 63.208495444775544, 68.10258054431917, 71.85132437246409, 78.36002783236785, 75.50243575667723, 72.0937202008883, 68.44498110435744, 57.131768070024066, 56.209478853778585, 64.49507783075292, 73.05368137740089, 84.04147319006121, 94.16807571632778, 98.34455183855023, 105.72446113385571, 118.72469027673435, 121.57564138119646, 129.32020584915742, 121.37498593298699, 116.46635650573039, 109.43078589672365, 100.83471696111549], [7.415283935851007, 11.108081654679033, 16.268071476368238, 23.545419888363867, 16.93039639175569, 8.389988199884904, 0.0, 41.91138939672348, 47.258832436813954, 55.70496721502787, 64.00705276187604, 70.81272310052182, 63.98986120507645, 56.62762242207523, 47.2454807437426, 21.022257102399305, 19.262703072043365, 21.395342351293888, 26.03419825631404, 31.784528673133565, 27.86801684905844, 21.938690568388306, 16.989746964319504, 12.393697226715075, 13.051363551498898, 45.987146033590356, 53.93563930126466, 62.00698177255426, 69.45999249386091, 75.47423899119151, 73.28357581465869, 67.94436180389815, 59.64557775942329, 52.16225468031382, 47.13712117477529, 22.74622381729053, 21.488784240547954, 28.49351112318601, 32.76004884294316, 44.004579057060425, 50.23159197580785, 55.354479471321916, 56.745007600916196, 53.96203784642653, 42.86887303989907, 36.80951304318809, 37.1890268931893, 62.321022970216184, 56.211204469681896, 56.912906041902026, 61.71019873294667, 64.02379027931453, 68.7956216228997, 78.6563692033144, 81.09828369103205, 80.49353420392588, 77.34072318654894, 73.72039092785585, 70.34637391427204, 62.2531461416858, 60.36385502246862, 64.4179766498936, 67.3522852407286, 73.45961105545632, 71.16072985146977, 68.56985273384993, 65.7750612443777, 61.839634803323136, 60.93517387735013, 68.63207802223859, 76.11852751657727, 86.6210196492374, 95.73195723539304, 98.7876618728208, 103.44252732687154, 113.99829889204736, 115.95942104282572, 123.25878410299586, 114.75731614771585, 109.21480517849037, 101.75105157059099, 93.09304136599212], [42.606952755492884, 50.827759177991446, 57.772607137608816, 64.48795134567372, 58.71806860339868, 50.29122862092738, 41.91138939672348, 0.0, 6.125478522110577, 14.773763398657534, 22.3900235561084, 29.180743554476944, 22.084458998226715, 14.828547861832524, 5.486749156320251, 40.049396868138, 48.07162705373714, 55.61864572487433, 63.360284010142415, 69.86391471956537, 67.49873948013729, 61.06804515921638, 54.07842262139347, 45.73953227529943, 37.56870086220618, 17.935373277397773, 20.271815879843622, 24.967651804914457, 30.939116455007568, 35.58924623116799, 32.41483326504293, 27.760477057274823, 20.776731250039937, 14.390852829278952, 12.124321701355257, 28.454104269493882, 27.427303841129575, 34.66433741094484, 44.38678203454899, 49.8952268472951, 49.89429559461008, 48.47543480961747, 42.192144583979676, 31.947964825570565, 24.158316263292566, 12.589335542540324, 13.770034944032645, 72.75364533720618, 64.37935524487152, 58.79302850944545, 58.5116334035365, 55.740365597965884, 55.81199160465185, 62.552957382689364, 69.62482767093682, 73.28725000904662, 74.64472972685206, 76.2162284104558, 76.4176814883187, 68.3970546519338, 62.74589909708856, 61.255249960100784, 58.70526224923055, 61.27147689863812, 62.858742599012, 65.4992594398354, 67.88500875924481, 94.2943207775467, 93.80409469662199, 99.01771049280431, 102.15340280925703, 109.77423991274439, 113.91481788941822, 111.7007531248656, 102.14018616561445, 98.75297051672673, 95.2294370522179, 99.66847877271061, 87.98238711900557, 78.05824732796546, 67.54919429732193, 58.168671507552865], [47.455290782317924, 55.746282100085224, 62.86822713949914, 69.77052788404119, 64.0365267885316, 55.62175577648712, 47.258832436813954, 6.125478522110577, 0.0, 8.988414335476142, 16.788451423055584, 24.268688897799688, 17.144978266568295, 10.813818216189784, 3.4845445221565194, 43.7220428240203, 51.98919514503114, 59.71656336917111, 67.64032320354949, 74.26814278421341, 72.15335657878116, 65.66679821885438, 58.62566994851216, 50.30498644202757, 42.063142847531026, 16.523778882268125, 16.156701984888933, 19.23721178793606, 24.83581738602203, 29.604312230902195, 26.474049789453556, 21.743750433125975, 15.171222405398057, 9.770422679783815, 9.497354311993524, 32.47997784303702, 32.716217502603335, 40.04495009001552, 50.23441907614445, 55.3661992335952, 54.7300959678761, 52.62680163334932, 45.89569351944309, 35.10436353271072, 27.929744344280596, 17.255580233644217, 16.00184357976799, 78.23037861594902, 69.77073929989793, 63.72718776747022, 62.972653415017, 59.72234961581329, 59.263212824322196, 65.4202609437166, 72.98593481321052, 77.11293468233876, 78.95713337343261, 81.00959352648836, 81.52490481375537, 73.62581711647489, 67.72216832283887, 65.73481539783153, 62.62416142493717, 64.7390652022485, 66.78497132370147, 69.94893197682742, 72.79082854341267, 97.88351772018986, 98.34666446416159, 104.18022232220189, 107.42716400634048, 115.19057456516656, 119.2460785003451, 116.84901457069564, 106.27405624403214, 100.93525863051008, 96.39286543023488, 99.73406470555852, 87.24467570683551, 76.23453528312783, 64.06013987547574, 52.84352893675519], [55.43237236344649, 63.77472867737873, 71.16728801698001, 78.4160789049744, 72.52671412626334, 64.01910280905163, 55.70496721502787, 14.773763398657534, 8.988414335476142, 0.0, 8.691535810512434, 18.136555943534063, 10.75219298310582, 8.031364596720097, 10.660219271503097, 50.238962648773054, 59.017870299956954, 67.09130456195288, 75.37566320656093, 82.35921763887008, 80.32857763033972, 73.53901574218948, 66.2608490912638, 57.88165303011201, 49.5556472848417, 17.825230369315207, 13.048314502649951, 12.5617732302503, 17.520690833343785, 22.407515911851632, 18.589055052062943, 13.11796421639566, 7.374312744886064, 6.954591858589763, 11.242912020283491, 39.138666775357706, 40.00204479173829, 46.555222989828586, 57.31732379191853, 61.57687006306128, 59.66933251385714, 56.41448139258187, 49.32751736504912, 38.16024966134217, 31.95732184626886, 23.56072070012083, 21.445867885413943, 84.66469707830329, 75.82875414346158, 68.84156424491378, 67.28352346658353, 63.3195516806041, 62.231562755612444, 67.89039202573444, 75.93265732165945, 80.64256359586365, 83.21786475833756, 86.03553885735616, 87.16624010373464, 79.51608902480717, 73.01255280790996, 70.18337438942541, 66.20642525907591, 67.91142012848839, 70.5684622920744, 74.48289758250313, 78.09283474049255, 105.68340558339598, 107.00272015102635, 113.03672519560382, 116.0599648349976, 123.49299319412877, 126.92625666102238, 123.7662170207301, 110.47105611298541, 103.23803536482592, 97.67113166095787, 100.45257139100507, 87.33709935691255, 75.05730384164039, 61.442433235913846, 48.07564706788486], [63.97646648570511, 72.30602224098051, 79.5776398353554, 86.54729452045352, 80.81136731170865, 72.35904760383158, 64.00705276187604, 22.3900235561084, 16.788451423055584, 8.691535810512434, 0.0, 10.413311264710224, 4.716238981337777, 9.728872005216692, 17.384235483334496, 58.91207359524731, 67.66522212310798, 75.67971240581737, 83.85389871845773, 90.61475050638556, 88.68144351542813, 82.0799285941345, 74.88581418757231, 66.52337150675238, 58.206550121258296, 25.699709454522736, 19.19755475274643, 14.087904887050348, 14.183239189058364, 16.076777470070297, 11.23545120446753, 8.309539327936596, 10.28957856871024, 14.812274910905044, 19.690744217854924, 47.80034082563129, 48.2297972912484, 53.92076081867667, 63.853912317294906, 67.07247185092469, 64.6030216409668, 60.56389202003988, 52.36062720369245, 40.982197366079006, 37.80026719701253, 31.14682738385228, 30.045301323199226, 89.27125009314243, 80.67604135707364, 73.28480601157466, 70.96642912038263, 66.29729748599082, 64.11429507757893, 68.28853950271333, 77.00550840667641, 82.4347290051811, 85.7920731016445, 89.4337492748123, 91.06452279043239, 83.75976441168866, 77.14148766281481, 73.5423122380998, 68.7727686684485, 69.36258190797751, 72.72594273869227, 77.46004480316131, 81.76997780690859, 113.09541834869513, 113.92868412774, 119.31425400279728, 121.61052615698867, 128.51410585216223, 131.1537602835089, 127.26302609313369, 112.115311647901, 101.70223377547177, 94.83332941559509, 96.57568504630447, 82.92922681000663, 69.7118880720866, 55.5971500138998, 43.130407951394076], [71.52986806912007, 79.7561788762901, 86.56311570321414, 92.71250024283482, 87.42133936567079, 79.2011998256277, 70.81272310052182, 29.180743554476944, 24.268688897799688, 18.136555943534063, 10.413311264710224, 0.0, 8.070023853066413, 15.171527419566754, 23.711022367177442, 67.78047832396258, 76.09824588363757, 83.72202035458808, 91.38287825909605, 97.42057211059641, 95.60394779478081, 89.62042729569791, 82.79515433320246, 74.53528075797799, 66.3223936713098, 35.808077482325935, 29.46315984630521, 23.089384584668426, 19.099389652061763, 15.208944754545893, 11.270074846430346, 15.220899121188927, 20.553237718041746, 24.848732868321108, 29.375063138853974, 56.536274499440886, 55.93791483387979, 60.871694584535604, 68.9145269214545, 71.08967894385877, 68.83701021036188, 64.53567998076686, 54.720951504691854, 43.38571347047134, 44.292863916817865, 38.61286801392117, 39.167530201293665, 91.3169011318313, 83.59619273867523, 76.44297487202215, 73.5553930180911, 68.33645982184142, 64.76670825602018, 66.5608277564095, 76.06524880299175, 82.2402406158119, 86.29770078766319, 90.67820129627326, 92.59708350039364, 85.71492759460173, 79.5300654906105, 75.3802466837082, 70.0499322315535, 68.93342407936018, 72.98898326250962, 78.4711334489853, 83.2800629654719, 118.5505845625381, 117.71263517079126, 121.72047908713778, 122.88844330668677, 129.12730951792022, 130.91856994084407, 126.47384469102268, 110.8098532676717, 96.11451365340693, 87.70609594352102, 87.82152307060382, 73.6818423242962, 59.897883001949005, 46.425136408857796, 39.28825142577859], [64.50133115319468, 72.77862713454519, 79.80415948428058, 86.3686954870493, 80.76326067124131, 72.37268326394751, 63.98986120507645, 22.084458998226715, 17.144978266568295, 10.75219298310582, 4.716238981337777, 8.070023853066413, 0.0, 7.733336531457106, 16.77678283144525, 60.38096741425227, 68.97284686677592, 76.82035741725022, 84.76117877801722, 91.21921755948281, 89.17657389117898, 82.79964724480342, 75.72491398176793, 67.34892790374265, 59.05950509022271, 28.397072408533404, 22.844032448076085, 18.627081125391843, 18.25692725082819, 18.425764548802253, 13.637565799964921, 12.761112468455442, 14.404571372263288, 17.474833817407507, 21.841250735052537, 48.91310154354593, 48.30268290905848, 53.310073190639244, 62.20098164874036, 64.88249429607173, 62.538522535540956, 58.45477676411648, 49.52271610098073, 38.078205020083566, 36.85360423984668, 30.8716287209359, 31.416030151353002, 86.3220489024612, 78.0410966738617, 70.75639449031216, 68.24829252780388, 63.40561252870365, 60.76209154940067, 64.2702176935408, 73.19895308078057, 78.81709982840128, 82.34917609571433, 86.2063401306827, 87.92317705580135, 80.75770099925259, 74.3008527057615, 70.52515605041174, 65.60287990727859, 65.6545978697984, 69.1980709828112, 74.14767527962614, 78.61036602194055, 113.70686548184906, 113.28107567360486, 117.626377138708, 119.26457791643732, 125.66704870901617, 127.81409909768848, 123.5859025823583, 108.17419415973868, 97.02941276587904, 90.12940295075921, 92.16885320694523, 78.84161765532781, 66.06359133531404, 53.53234151660632, 44.50219360944361], [57.37957234248012, 65.61728553382665, 72.57239736623177, 79.10840552062893, 73.41982387808032, 65.00095976251247, 56.62762242207523, 14.828547861832524, 10.813818216189784, 8.031364596720097, 9.728872005216692, 15.171527419566754, 7.733336531457106, 0.0, 9.714439042476357, 53.888506080302086, 62.397620023553415, 70.18138079023805, 78.06377369266255, 84.5332193606049, 82.27951311274968, 75.85855605858525, 68.77090885383785, 60.36307302680881, 52.09895186026776, 24.046445542712963, 20.739373566460053, 19.9943249043906, 22.66719629769218, 24.79258881495374, 20.45199180433353, 17.516709900455734, 14.64213645220608, 13.974111535144193, 16.991876834195036, 42.123903833157605, 40.842315549561306, 45.85209604468537, 54.70522954867825, 57.85454291680365, 56.00049044100666, 52.51455515850295, 44.04122546610775, 32.59427421023472, 30.14531318204341, 23.448572414468288, 25.108645905761346, 79.73935563643613, 71.35770489779017, 64.40287912768599, 62.40971193751618, 58.051916927143004, 56.12879636447008, 60.73027029111085, 69.1546817844979, 74.22925374543728, 77.17141551707283, 80.44574428995033, 81.80591023350733, 74.39942061882954, 68.06643645108936, 64.82109009183205, 60.47882991591811, 61.27810883808786, 64.28823563059893, 68.65083307984389, 72.62359208655896, 107.92667271510146, 106.98799647046023, 111.08411909768762, 112.86250122180391, 119.31458816965802, 121.7600012856464, 117.86499299181811, 103.68058043192215, 95.26118207210315, 89.69016966974353, 93.14641559357752, 80.64642153472836, 69.12387292115282, 58.16532578370741, 50.039021290389094], [47.979338851378834, 56.197013157692076, 63.08014033272705, 69.61307687593563, 63.99132709265081, 55.633241655538065, 47.2454807437426, 5.486749156320251, 3.4845445221565194, 10.660219271503097, 17.384235483334496, 23.711022367177442, 16.77678283144525, 9.714439042476357, 0.0, 45.17236725507923, 53.24376556398791, 60.78700756794226, 68.4795116044512, 74.83005541786484, 72.61306973650838, 66.33256311522803, 59.41299760977441, 51.10621083637644, 42.931573697948856, 19.547612558483483, 19.40707187831531, 21.995734135623504, 26.836150478193424, 30.711597493074862, 27.39931519073484, 23.375474571913806, 17.55780805803626, 12.704362862905207, 12.579134217938092, 33.673586450748296, 32.772422556511536, 39.38716839551476, 48.63555632465415, 53.353158526403824, 52.86495593799048, 50.766016031080085, 43.456084284210654, 32.563551275215936, 26.926503971209204, 16.881496079308906, 17.863028939785128, 75.70541231817685, 67.47004523671887, 61.52069510884715, 60.65182465360667, 57.29712622132151, 56.54547841431263, 62.31096864069007, 69.99226421496851, 74.21966394343725, 76.15208193869303, 78.33219002236837, 78.88974153995652, 71.06013895614112, 65.2807785358391, 63.19093208588392, 60.005878593453126, 61.77740009979873, 63.91205744321255, 67.19748271049151, 70.12585721556111, 98.44901461050141, 97.8337075053307, 102.7832417918422, 105.49251255390814, 112.8603186360437, 116.54049229688292, 113.88927874735866, 103.17426101271982, 97.4841160266346, 93.02483986325423, 96.66497045772732, 84.47688328042405, 73.88607677547212, 62.866121929032595, 53.80107645302953], [14.46511119474807, 20.08245616696272, 28.571799302535638, 39.11284714513027, 32.105708506748925, 24.881760819590763, 21.022257102399305, 40.049396868138, 43.7220428240203, 50.238962648773054, 58.91207359524731, 67.78047832396258, 60.38096741425227, 53.888506080302086, 45.17236725507923, 0.0, 10.370279176795048, 19.585318756412008, 29.535313453796306, 39.46632757437849, 36.61096444714008, 27.334904263355487, 19.03323777520456, 12.002955953067104, 8.334247594407671, 35.3197363983054, 43.736007415826535, 52.86920380113135, 61.51806839960483, 69.27253534607985, 67.26229916627273, 60.56337313398985, 51.66503400022043, 44.68596321943477, 39.493612990733645, 12.710026629743034, 21.538096800258142, 31.847932470427704, 44.10957632946719, 54.78814525928056, 57.356939122214335, 60.25802574891685, 62.519396887551075, 57.99552455381994, 41.96335143046917, 34.67312055222795, 29.47240362298815, 77.57575475338137, 69.06055171966874, 66.65603546468117, 70.27333005003706, 71.5337407796654, 76.49890894563092, 87.82820650539108, 91.00499368966635, 91.12080909241584, 88.94165678888042, 86.38397142099514, 84.21366565806066, 75.9749417151305, 71.75607703317473, 74.35116564708676, 75.85305365544046, 82.89354071285368, 81.3395910056919, 79.82885122575131, 78.46146427867954, 69.26813262649934, 76.27456462647801, 88.03995677503896, 96.77426257615213, 107.61559831189031, 116.39714059618778, 118.41660392716457, 117.48856329151572, 127.06650351488103, 127.6258487357934, 134.25349436823552, 123.8962396757404, 115.59613722700193, 103.84099047481013, 87.95316503298146], [11.93087294374636, 13.388526416007025, 20.80064124588492, 31.335716056890128, 25.081208300716394, 19.910955900418365, 19.262703072043365, 48.07162705373714, 51.98919514503114, 59.017870299956954, 67.66522212310798, 76.09824588363757, 68.97284686677592, 62.397620023553415, 53.24376556398791, 10.370279176795048, 0.0, 9.235276334940554, 19.27498245941625, 29.499385903415156, 26.84051072643451, 17.605962508665154, 10.120344714502416, 7.474621911643825, 11.891020514482134, 44.876078976016544, 53.01048461654906, 61.66499511926545, 69.87983373625812, 77.39482410527602, 75.74894107423893, 69.42259865557067, 60.78547488671015, 53.81617454738002, 48.63933953061614, 22.065467341086116, 28.84567010496371, 38.1538410824076, 47.71688696322862, 58.905977962815065, 62.92309795278413, 66.90173392260166, 69.4967061380083, 65.65631808257626, 50.66245280066943, 43.40388766210793, 38.8330151098426, 79.43977886553608, 72.0558233068333, 71.23932560524959, 75.64392188468139, 77.62003801134773, 82.85958082913606, 93.90443557027362, 96.61004114921796, 96.18888973385346, 93.32058898390486, 89.90593071088408, 86.97272329402115, 78.89309799185273, 75.81339103180116, 79.34619666454131, 81.69573138999851, 88.6975718233377, 86.66822055313924, 84.41410279244754, 82.12090645195731, 59.748654811801096, 67.92223515841115, 81.37984649240913, 91.57391218441181, 103.55794398121388, 113.87417971100948, 117.53554000506354, 120.79902373140106, 131.53441982998046, 132.58707840257009, 138.74691913552587, 128.6572013886856, 121.05303332561382, 109.51690535355108, 94.21704703435766], [15.640494541348685, 11.866571993120973, 15.692061243306183, 25.26310655789958, 20.463142539870898, 18.64345209929379, 21.395342351293888, 55.61864572487433, 59.71656336917111, 67.09130456195288, 75.67971240581737, 83.72202035458808, 76.82035741725022, 70.18138079023805, 60.78700756794226, 19.585318756412008, 9.235276334940554, 0.0, 10.132121101165984, 20.71260659701091, 18.27856733965053, 9.51289077700601, 6.470098950163746, 12.078134185123668, 19.313956753540015, 53.625570316647, 61.576187262594665, 69.88528209422975, 77.75330200847111, 85.01560530074178, 83.60751478622258, 77.59140223714246, 69.15841571346083, 62.19193335474314, 57.045326815699084, 30.749954641685783, 36.19394559822814, 44.53188315214836, 51.772274005029566, 63.08600320105596, 68.20418102637197, 72.9842325090236, 75.79989554963198, 72.54818957478453, 58.480854623716596, 51.37568492885983, 47.3804114740738, 81.3794767365147, 75.0778007399626, 75.60053765659222, 80.59331206575719, 83.12937957929124, 88.54323579705421, 99.27569384563412, 101.56023559368931, 100.68841775443792, 97.26044950656103, 93.15135458075001, 89.59435398364043, 81.74462881376775, 79.66993492582635, 83.93848982623732, 86.96357011534101, 93.87277269514566, 91.46183980084473, 88.60777068833688, 85.56079122980705, 51.564897859999235, 60.603584480625855, 75.51906118465789, 87.00055732822833, 99.92999619600535, 111.56913658187901, 116.68192024278461, 123.62661443314886, 135.35790958788778, 136.8795909594882, 142.71021001256642, 132.9605190438899, 126.04969750682011, 114.91909607084844, 100.42600104396362], [22.52290488477175, 16.146827976552363, 14.083691576008226, 19.871427803458662, 18.188116532345756, 20.799653528562082, 26.03419825631404, 63.360284010142415, 67.64032320354949, 75.37566320656093, 83.85389871845773, 91.38287825909605, 84.76117877801722, 78.06377369266255, 68.4795116044512, 29.535313453796306, 19.27498245941625, 10.132121101165984, 0.0, 10.915275159434367, 9.12828696414382, 5.99555528849055, 12.705264504685335, 20.406131582953346, 28.01111545711215, 62.83701245337097, 70.58540251262284, 78.49767890372253, 85.94753334977811, 92.83726151316789, 91.64977100591668, 86.02790149009107, 77.84495724981537, 70.87553916427927, 65.78336686739883, 40.007910506520005, 44.24752524895572, 51.74459670626828, 56.54226418248125, 67.7458112535817, 73.98422103917939, 79.49399339399062, 82.27680015806996, 79.55009367031904, 66.65565499074222, 59.63204153060998, 56.30032223993284, 83.37035214771102, 78.38817060964902, 80.32068533099927, 85.82053308621548, 88.84226560506514, 94.27670359656962, 104.46419586672121, 106.37816393318798, 105.10892126429991, 101.16810195925957, 96.42210095793627, 92.23658714751826, 84.69479062521154, 83.74714093012386, 88.69314907781445, 92.34200480592618, 98.96798376625463, 96.22716561248254, 92.83497829845737, 89.06326206409364, 42.61837160534873, 51.97614633018947, 68.40296237105461, 81.24122865500722, 95.19908676302958, 108.26625460393362, 114.99265960435692, 126.08375628228316, 138.47604211461632, 140.43283782879996, 145.81063261000443, 136.4965857999903, 130.4324296781599, 119.95970641001, 106.78540898358767], [30.32312860992233, 23.701796802384983, 18.212646403980834, 17.33872927427558, 20.178598007115706, 25.81344788944975, 31.784528673133565, 69.86391471956537, 74.26814278421341, 82.35921763887008, 90.61475050638556, 97.42057211059641, 91.21921755948281, 84.5332193606049, 74.83005541786484, 39.46632757437849, 29.499385903415156, 20.71260659701091, 10.915275159434367, 0.0, 5.6513546527071705, 14.288416390544125, 22.370066941188934, 29.582453775539392, 36.74256036083106, 71.20203397312211, 78.61327869130459, 85.94290781826595, 92.79555292032961, 99.12271211360057, 98.1965196507672, 93.13817859972055, 85.34663658414667, 78.42918900178825, 73.46287356632484, 48.90189278293106, 52.0841244320749, 59.121734519821686, 61.56899694928797, 72.463464618104, 79.8077911502864, 85.86282432929254, 88.0870101392855, 85.62090315318929, 74.23930605343072, 67.01793080963887, 64.36544822612065, 85.22564954624178, 81.76495308845249, 85.03772562318996, 90.8491474557027, 94.14061918684122, 99.28037062785933, 108.51779275238223, 110.29105161314142, 108.83041525782787, 104.56031105362507, 99.39773808646483, 94.6550380460005, 87.43887157034078, 87.67210836679297, 93.10154866285671, 97.18159416046856, 103.17072303948278, 100.26792875900276, 96.55535617445085, 92.22341214052513, 33.09549224340399, 41.53470802196091, 59.69795708911072, 73.90514380734456, 89.09923594874729, 103.66984557267871, 112.11941133306254, 127.70079771043262, 139.68880505741774, 141.806688995987, 146.30816977545362, 137.40677225715098, 132.273209059525, 122.61398345468437, 111.34014284075053], [26.699698952423287, 19.371534095332976, 13.087546232302946, 13.156365079835918, 15.066818454979039, 21.160745226786815, 27.86801684905844, 67.49873948013729, 72.15335657878116, 80.32857763033972, 88.68144351542813, 95.60394779478081, 89.17657389117898, 82.27951311274968, 72.61306973650838, 36.61096444714008, 26.84051072643451, 18.27856733965053, 9.12828696414382, 5.6513546527071705, 0.0, 10.11703431354609, 18.48030415030578, 25.942096225612186, 33.46212602835219, 69.004635636631, 76.7176960584222, 84.41798432108156, 91.5658655135652, 97.9595544760696, 96.72188784576966, 91.47615738886812, 83.43855969884409, 76.33290325190426, 71.27719994464705, 45.76118308910728, 48.193032180644266, 54.49930552864559, 56.65318280136997, 67.5111023054937, 74.80676188302536, 80.9995317723743, 83.6928281269769, 81.68917188378192, 70.30798851250819, 63.80309012345533, 61.76308210785474, 80.43647308652467, 76.73604918855848, 79.98434161399206, 85.89713334109366, 89.35996737029498, 94.76075098989534, 104.35500115206112, 105.82576055631769, 104.16541037887352, 99.77286625534497, 94.50089129237173, 89.78935910290971, 82.59025610814207, 82.71546181564366, 88.24307095155096, 92.47097093930033, 98.76172235414927, 95.69848368320606, 91.81350061730151, 87.40576220804714, 38.352739742624706, 44.029068393736644, 59.79708122304516, 73.0295814562389, 87.31166722335323, 101.1204592323574, 108.86895586957256, 123.18603260985414, 136.37619903233008, 138.99688458183184, 144.5553238665508, 136.0622403093697, 131.13493539162647, 122.21809341427705, 111.46972495862384], [18.91751480348019, 11.419484679962975, 9.054987666936166, 16.963441645124405, 13.501565017031991, 15.860825670203493, 21.938690568388306, 61.06804515921638, 65.66679821885438, 73.53901574218948, 82.0799285941345, 89.62042729569791, 82.79964724480342, 75.85855605858525, 66.33256311522803, 27.334904263355487, 17.605962508665154, 9.51289077700601, 5.99555528849055, 14.288416390544125, 10.11703431354609, 0.0, 8.661503976484342, 16.87793543290722, 24.971017987563744, 61.06889654584427, 69.12319156032825, 77.38178598857705, 85.07802726258979, 91.93129774074788, 90.39784481219463, 84.65148999334166, 76.24623863015944, 69.06500190291436, 63.89604682281167, 37.14609548428466, 40.24033697703599, 46.809958224290106, 51.12490406577853, 62.26563538275591, 68.52369847148843, 74.22428085895235, 77.456643943248, 75.27768560396024, 62.56864937793304, 56.403529425269745, 53.96844889342709, 77.93008677514094, 72.76879937559461, 74.73242134551053, 80.34826917695663, 83.56256441268602, 89.24196105162832, 99.71957514100494, 101.30328787756304, 99.81962503183397, 95.74369383601346, 90.88261406309667, 86.71615054975089, 79.21169015495775, 78.20711042174321, 83.27019439722692, 87.09602868743478, 93.98050251420342, 91.06424723653167, 87.48210278560984, 83.61505237798242, 47.20551950528014, 53.59992560864623, 67.70432902042438, 79.51533488766643, 92.53391705969479, 104.81029471629326, 110.8470861162794, 120.80750132129305, 134.36795321209354, 136.87522267482953, 143.3322379734587, 134.5368221047643, 128.8283039303462, 119.36359979760232, 107.17510732877875], [12.022432719370151, 6.439611709146835, 11.469500556351791, 22.18054321440169, 16.008736322525838, 13.311337197469681, 16.989746964319504, 54.07842262139347, 58.62566994851216, 66.2608490912638, 74.88581418757231, 82.79515433320246, 75.72491398176793, 68.77090885383785, 59.41299760977441, 19.03323777520456, 10.120344714502416, 6.470098950163746, 12.705264504685335, 22.370066941188934, 18.48030415030578, 8.661503976484342, 0.0, 8.639814104445128, 16.974972931895174, 53.195488619764376, 61.46484273171769, 70.08176392342702, 78.12401896704448, 85.21477633542406, 83.42909922381217, 77.37789658258147, 68.74818380980788, 61.518869998658104, 56.29856312035402, 28.879666582774025, 32.48863283116379, 39.60612047109195, 45.95641777325232, 57.22443140001184, 62.56234295852068, 67.68876381187185, 70.97108191355908, 68.43450008391461, 54.82197444525949, 48.76988692337904, 46.118803593548655, 75.24200531843553, 68.92132954789426, 69.66999943678591, 74.86538893178849, 77.6835374833809, 83.36133677848082, 94.31302110629446, 96.18375462180637, 95.02542022967802, 91.38122050027503, 87.07041088859353, 83.45154836240022, 75.67288845786885, 73.69205294184805, 78.18253119772524, 81.49567453150927, 88.62999353005787, 85.97718377865705, 82.84170894586686, 79.59431082588884, 54.75270391782099, 60.71625571562618, 73.36712679612357, 83.86875995769115, 95.89212452497252, 106.82680720668118, 111.38981078701119, 117.68692017487218, 130.73191042388726, 132.93532735669478, 139.90069040306153, 130.83795613028553, 124.52085386386874, 114.75614572746092, 101.84587496701869], [5.390688492116844, 8.088563807255152, 16.62488572964521, 27.207708889653237, 20.12156018421939, 13.439907780504928, 12.393697226715075, 45.73953227529943, 50.30498644202757, 57.88165303011201, 66.52337150675238, 74.53528075797799, 67.34892790374265, 60.36307302680881, 51.10621083637644, 12.002955953067104, 7.474621911643825, 12.078134185123668, 20.406131582953346, 29.582453775539392, 25.942096225612186, 16.87793543290722, 8.639814104445128, 0.0, 8.387522994757928, 44.91453817447511, 53.27669347011008, 62.02758714788089, 70.1950679939967, 77.27811506013057, 75.28367883556085, 69.14734160956603, 60.428646791105905, 53.126814987155285, 47.891273270445836, 20.345041839094705, 24.254757622783433, 32.58427576147995, 40.7663707190398, 52.04368867395045, 56.671406016967275, 61.14414334472044, 63.81586832873401, 60.63525465163438, 46.6062154581886, 40.207279846827454, 37.580731369337585, 72.04624655217337, 64.8925381623653, 64.5265825418261, 69.16773853135297, 71.40857477273705, 76.74597662183709, 87.71468072356076, 90.10702051531256, 89.45993139229287, 86.38111223780952, 82.77867509336821, 79.70064172361363, 71.64592976024544, 68.86317629136484, 72.66358733179258, 75.33292477540938, 82.31666700341859, 80.06778121168877, 77.55238593117728, 75.01494839916157, 61.04689405792377, 65.7486358922913, 76.9069212597759, 86.06995666576942, 97.27931186600222, 106.9947430094343, 110.26586945827451, 113.55406747041782, 125.08039899951619, 126.7486044594899, 133.8121210529312, 124.47421375478694, 117.6869294039186, 107.8463456408958, 94.97771766884158], [7.657335481686298, 15.296745569455645, 23.737023641284388, 33.56012451193667, 26.479797964011848, 18.347846627111146, 13.051363551498898, 37.56870086220618, 42.063142847531026, 49.5556472848417, 58.206550121258296, 66.3223936713098, 59.05950509022271, 52.09895186026776, 42.931573697948856, 8.334247594407671, 11.891020514482134, 19.313956753540015, 28.01111545711215, 36.74256036083106, 33.46212602835219, 24.971017987563744, 16.974972931895174, 8.387522994757928, 0.0, 36.76748703558498, 45.14440683508223, 53.93941134080278, 62.17110399622078, 69.2337853967202, 67.08848884120512, 60.90210826339861, 52.14321723015273, 44.79787249879544, 39.55939327478921, 12.310179742393082, 17.369431708385683, 27.734459608028583, 37.99203413419252, 48.983540400681214, 52.74381751104735, 56.33008284610065, 58.02841992075492, 53.87536928031786, 39.41117008973229, 32.145865115838305, 29.215367676875864, 70.76248765558375, 62.90683240242753, 61.34133115754764, 65.26188387666238, 66.75201122697145, 71.54729498594256, 82.33669790736154, 85.4201306855414, 85.42049293758316, 83.02942768376857, 80.26418692567798, 77.78036331943989, 69.50472329080611, 65.92641124969482, 68.88060048750046, 70.74020115442984, 77.38420425198282, 75.66887024828334, 73.93293574716809, 72.2285004297473, 66.92878309419868, 70.87691043709663, 80.9980058664306, 89.03903055416008, 99.61125494265077, 108.26379673307605, 110.39813215102672, 110.90143178910078, 120.36430523409238, 121.27985305174212, 128.1230140606347, 118.36074577918038, 110.97579703670637, 100.8140993689614, 87.81505550798519], [43.76773760102335, 51.94200608317568, 60.114136645242205, 68.90742377144629, 62.31074972369972, 53.695253582135884, 45.987146033590356, 17.935373277397773, 16.523778882268125, 17.825230369315207, 25.699709454522736, 35.808077482325935, 28.397072408533404, 24.046445542712963, 19.547612558483483, 35.3197363983054, 44.876078976016544, 53.625570316647, 62.83701245337097, 71.20203397312211, 69.004635636631, 61.06889654584427, 53.195488619764376, 44.91453817447511, 36.76748703558498, 0.0, 8.891941166224058, 18.885257504624025, 28.30729261935627, 36.38454376708326, 33.5827728957521, 26.08479857204376, 16.92616527392481, 10.96647125239154, 7.268969065676236, 25.42289555375158, 29.9772702220237, 38.61491720514184, 52.77386378272596, 59.253027058897636, 57.54079679172927, 55.52839272887154, 52.374481490430064, 43.03815251025416, 29.2403944480733, 19.473026959141688, 9.846175316514834, 84.51950725457729, 74.69432217941396, 