{
	"dissimilarities": [[0.0, 8.475779096672886, 16.05630225523576, 25.3176570344542, 18.76721768834312, 10.708837723215579, 6.021680120512631, 42.342007024836, 47.27106800487467, 56.41822429725046, 63.97573336199206, 71.23049581036943, 64.31201560001097, 57.17701574936948, 47.86936773831116, 14.927395709066534, 13.142682922824623, 16.49263515219266, 22.015222162587502, 30.594828040809674, 26.784486889328797, 19.248112019240043, 12.167872473985746, 6.894028854567259, 9.752111761831738, 44.142477920321994, 52.07356262790079, 60.60629927301811, 69.25347475858244, 74.8821490827887, 72.80692543533388, 67.1614517479195, 58.68228274409908, 51.28194071169078, 46.14493396573404, 19.702809869564444, 21.44597015403542, 29.7932926507818, 36.7068806390487, 48.0882712748253, 53.50317057326051, 58.391053157918, 60.50085746735214, 56.68395863709383, 44.89318129268972, 37.35332763696194, 36.052921243731944, 67.53442376121204, 61.83855549627935, 60.80200487709617, 66.75122195016576, 67.62250669189518, 73.40478058901489, 83.55620306650253, 85.4762139616965, 85.4181872271749, 81.98845345949097, 78.73082021774339, 75.33981248843685, 67.2099695549251, 64.80974983624007, 68.64119879280912, 72.05167542882465, 77.70884085723375, 75.53988569070867, 73.1290111391494, 70.57672791570168, 61.12491043518223, 63.806150835427005, 72.82723925793262, 79.74846268419104, 92.11552926661484, 102.27347130203611, 105.7930694095226, 108.82817302726225, 118.79801825771794, 120.74260009912727, 127.18128312088088, 118.29000097397264, 112.35070795298427, 102.56926840244618, 93.93722721557553], [8.475779096672886, 0.0, 8.723896167442044, 19.419412450044547, 12.976969472631039, 8.03123258939934, 11.187268990369011, 50.80986082721815, 55.71155950886826, 64.78226390464062, 72.39644447485152, 79.6968053163541, 72.7688194995094, 65.63972712758326, 56.343396591908146, 19.430376996677367, 13.167049525013148, 11.79162736023582, 15.436599520198255, 24.205744544574387, 19.684794619874015, 11.471414984109236, 5.280093827184227, 8.089548044911593, 16.435885939923775, 51.91165392840211, 60.00227661764274, 68.62228791235415, 77.39064995341208, 83.11605570825203, 81.1256098301718, 75.3981163234084, 66.85814739259052, 59.47909494857047, 54.30128206967178, 27.09467573580568, 28.81194593376305, 35.375546586394876, 40.635676565434586, 51.981840459177135, 57.91924578755028, 63.47937061816744, 66.8113984906252, 63.8345399177239, 51.99819961268655, 45.457646037361265, 44.08815384164029, 69.60629402068298, 64.5301236613719, 64.5616742483783, 71.19509426843486, 72.70539253361734, 79.01901296983868, 89.55771855170563, 90.68160918016409, 90.0508833344438, 85.88884261245398, 81.92397172187458, 77.91864820165465, 70.09167173987683, 68.37799083876742, 72.96186606318683, 77.10439452363947, 83.19547207357317, 80.51173933296442, 77.3555409803844, 74.04218100649737, 56.2285720075807, 59.7663563031566, 69.78069484498103, 77.82227544978753, 90.78589152812879, 101.96383026823192, 106.55742467821997, 112.04544134987967, 124.29694829021756, 127.02687977246819, 133.8438546037488, 125.38778937666233, 119.99784705681134, 110.43788498950448, 101.61148890297389], [16.05630225523576, 8.723896167442044, 0.0, 11.052810752416828, 5.881905523983361, 9.093505498141518, 16.267249889442592, 57.75719241348679, 62.846038978729354, 72.20253081449069, 79.5996007543888, 86.49857359984655, 79.78647322521076, 72.57209531206811, 63.15309170034801, 28.094180173059918, 20.669095398697518, 15.54579619451722, 13.887286076020217, 18.53276136644863, 13.241716957738715, 9.026399068768232, 10.571473610683846, 16.757395047374008, 24.979704901481963, 60.136404999181266, 68.05452568438469, 76.39404822293419, 84.82115806786707, 90.24584769365616, 88.3875611934733, 82.97009431485864, 74.62628485526129, 67.25844035273626, 62.15200800652817, 35.45545212776409, 36.06872669045419, 41.297718879629585, 43.60667784376371, 54.67405541396347, 61.76230129621326, 68.119973294581, 71.56341747333596, 69.33366582155766, 58.80312844640878, 52.72039698527844, 52.10160420329835, 69.3187712069812, 65.52835105573455, 67.14183987556191, 74.33480895345241, 76.41134851047764, 82.73232802771932, 92.89404242757315, 93.47272854602795, 92.39665295489016, 87.59736907320594, 83.02389870732496, 78.26564540540105, 70.81857653360775, 70.30539034615441, 75.63855935701629, 80.3333389460286, 86.3294743700691, 83.25649585621375, 79.47672448110062, 75.3591888694198, 50.608347077403614, 52.450708372788455, 62.39230215105113, 71.21323768242635, 84.82262212855011, 97.08025649416092, 102.97011117197098, 112.23488289214282, 125.70765281654178, 129.06305627255256, 135.88946955909887, 128.06681265886922, 123.72809665576283, 115.15356321002952, 107.69847689846674], [25.3176570344542, 19.419412450044547, 11.052810752416828, 0.0, 7.803857092271429, 16.445011535044575, 23.59987036867036, 64.52510637310486, 69.81249863486444, 79.51175485305689, 86.48855133195828, 92.69439879737756, 86.37854157357185, 79.11208160687758, 69.62995013132195, 38.67260597176118, 31.244843211320457, 25.105868840058196, 20.29371866332526, 17.380925874668872, 13.114982840076689, 16.97767927192056, 21.46409763409485, 27.44243466414425, 34.89248096744611, 68.98254619952954, 76.52290402032015, 84.34993899242235, 92.14782043166687, 97.02820717716364, 95.34182029263953, 90.47379248401735, 82.51480860462502, 75.21776764916763, 70.28273421955815, 44.881569962607344, 44.2004773966289, 48.34429130662575, 47.24557856338737, 57.63857811761324, 66.0895153743238, 73.1913499711837, 76.04364350986057, 74.50468205186598, 66.05517824353085, 60.20574634111403, 60.62925464394648, 68.27751607768445, 66.31900121294606, 69.81144067454191, 77.38104219751852, 79.93796885698242, 85.8710047471997, 95.07237902532978, 95.26990250367218, 93.84429173354316, 88.51260635921217, 83.43754439464476, 77.86596784517472, 70.94352680167405, 71.99176096171259, 77.99879350336936, 83.07001755211328, 88.57024391234515, 85.22211881953893, 80.93998934266396, 76.0313050709005, 45.48642404195789, 42.80972614535077, 51.644897999123266, 61.147552192308844, 75.60956137432454, 89.14538596107744, 96.6368638211039, 110.85668478689296, 124.74384487418322, 128.6046884707005, 135.13392555063086, 128.12629504392163, 125.21326450640365, 118.16168782318516, 113.061049599685], [18.76721768834312, 12.976969472631039, 5.881905523983361, 7.803857092271429, 0.0, 9.059371551099444, 17.01934436521554, 58.739432064518404, 64.10578904293989, 73.68499085419593, 80.83035985071899, 87.3662687253282, 80.76633987070979, 73.40678942887517, 63.99254338349534, 32.16330600709412, 25.82440193239063, 21.366398723453, 19.23967825614792, 21.181177030211728, 15.97817791618372, 14.574455201051531, 15.982037639882433, 20.945234464515714, 28.17557778012344, 62.64344700337011, 70.41544438664434, 78.68197940036947, 86.83885099206276, 91.96244648158617, 89.97232851725485, 84.80010530938978, 76.57121000375093, 69.14911017640712, 64.1281711110999, 37.96577140186166, 37.01353179291093, 40.96476642004601, 41.044715978101095, 51.79371272100993, 59.62815778083055, 66.46258565901836, 69.79236732836891, 68.18514796327527, 58.91582542513209, 53.55199892698264, 54.13153738341435, 64.75668990652227, 61.65316435439007, 64.13623708314822, 71.56344594539118, 73.93977777577882, 80.16747648814231, 90.03415512940987, 90.27049974300067, 88.96296928628354, 83.87110578487412, 79.05109562661877, 73.95899356364313, 66.70299943891365, 66.85084462317928, 72.54154629372756, 77.49352579435515, 83.36255731375748, 80.0809081113929, 75.99478345166598, 71.49318200208347, 51.79028029578379, 50.277124513518324, 57.93929077170881, 65.97340320996373, 79.13636650598471, 91.2594986486119, 97.24149806056646, 107.6710135970143, 121.80332904158048, 125.68389475923588, 133.0197606790172, 125.8750183345993, 122.4416742533912, 115.1849806343781, 109.5088082746662], [10.708837723215579, 8.03123258939934, 9.093505498141518, 16.445011535044575, 9.059371551099444, 0.0, 8.46929334082921, 50.285119255545865, 55.66541432185428, 65.13149239152834, 72.37862742608142, 79.15376840107628, 72.36546774072863, 64.97951262199516, 55.63573837642903, 24.647025656713122, 20.591721430657245, 19.506631311216402, 21.215307572059967, 26.854794610553345, 21.98964989986578, 16.680991486362615, 13.02893525284599, 14.217694389872113, 19.891721394295818, 53.9221979017764, 61.76713448323122, 70.27280112905163, 78.625646172843, 83.89563949290145, 81.68671554791379, 76.32685410052534, 67.95288199288213, 60.469247932939936, 55.41810984721072, 29.129851170336124, 27.998106788891224, 32.756624546430054, 35.04091064558376, 46.268926432002516, 53.26540332344039, 59.47811958199896, 62.50723928826377, 60.29130943699457, 50.23646508963605, 44.664271246661194, 45.273637463550855, 62.374668003119616, 57.954792470565565, 58.91840214966391, 65.8305983014845, 67.6634482174036, 73.82928665561951, 84.00181409137089, 84.78948095499952, 83.93875337453159, 79.48921686329652, 75.30531224720289, 70.96790924404456, 63.24480894313178, 62.223669868769555, 67.19885588550395, 71.60894549719632, 77.51888985399333, 74.6122752996503, 71.14568261372509, 67.4399186548, 58.022284811598645, 57.44431709112393, 64.51644894619878, 71.26192219477353, 83.44292737640767, 94.13786803825796, 98.5317107178241, 104.85566183914818, 117.65715226227832, 120.98800594721908, 128.50856804211304, 120.89643415962135, 116.65625075938829, 108.90888537444248, 102.65612293630693], [6.021680120512631, 11.187268990369011, 16.267249889442592, 23.59987036867036, 17.01934436521554, 8.46929334082921, 0.0, 41.895617664624375, 47.235833602282334, 56.73892617383403, 63.962697826343096, 70.74372889733885, 63.972831086335965, 56.62939195547253, 47.25279406982797, 20.134248188445103, 19.111058906753883, 21.28863419046074, 25.27537790747757, 31.98850860588166, 27.952931293160173, 21.92462651196234, 16.120699665844317, 12.546072010270025, 14.05326372891137, 46.0115228533168, 53.65270543854039, 61.99513277002373, 70.2302649138571, 75.44718687447796, 73.23190459986661, 67.93592637509721, 59.64788332530422, 52.19420173034396, 47.19559289402143, 22.05025007409079, 21.019152283178908, 27.969328768464248, 32.53645960298085, 43.90893200822572, 50.200477087369954, 55.58397332108307, 57.26364622359818, 53.95446625669851, 43.71154734758379, 36.82985740838156, 37.27371475580491, 62.31719221790954, 57.1218318490343, 56.75804588145385, 62.88135450943939, 63.95197103705909, 69.54732881590954, 79.3328408233834, 81.090313721011, 80.91835102992471, 77.32069340601909, 73.9478870266205, 70.3266901375078, 62.239144164651464, 60.35798871296316, 64.44590774425653, 68.00224368193426, 73.44832317888071, 71.15274832416046, 68.5644088065364, 65.75693662334061, 61.984019674402404, 61.81103766207563, 68.82289408604517, 74.8099588813286, 86.64829198229111, 96.45363034389256, 99.83462914477991, 103.56342877936547, 113.6783359825691, 115.99219780126178, 122.84808483842656, 114.5489611125312, 109.48432597391906, 101.09264896815385, 94.54827459407801], [42.342007024836, 50.80986082721815, 57.75719241348679, 64.52510637310486, 58.739432064518404, 50.285119255545865, 41.895617664624375, 0.0, 6.120605784786747, 15.767318532425765, 22.22034987807127, 29.12842913415308, 22.08900778212736, 14.848377263335511, 5.670521098533713, 39.48661901819761, 47.94539443258277, 55.538137225917026, 62.33448166041569, 69.98039398869179, 67.54210506905633, 61.03761372006101, 53.76391062842692, 45.72258452584503, 36.70214086307274, 17.837081066838657, 19.382315595067404, 24.882703276555905, 31.24720592352582, 35.606076412915506, 32.37907742301971, 27.74213374148303, 20.732886361469696, 14.459830375224497, 12.28656319973108, 27.750767922095037, 26.90767800070848, 34.071591819648546, 44.13967359356801, 49.732974729058405, 49.74908196634236, 48.62568809858926, 41.741178449303, 31.86259660168405, 25.524455131860684, 12.476276485748302, 13.85132701432585, 72.73293528710109, 65.11945953466406, 58.55201635632886, 58.92170718498835, 55.56716424429835, 56.66311487502213, 62.68099512941882, 69.59605579918382, 73.12020852585125, 74.5852751428608, 75.82638911241861, 76.3679591295529, 68.35317680775773, 62.683304437160245, 61.22700720065328, 59.349135181858756, 61.2277701246298, 62.81733970404639, 65.4562989218131, 67.83158008767171, 94.47165011058945, 94.49883631095086, 99.27670387655189, 101.29807066979792, 109.90705907310688, 114.62772748304698, 112.71115196276358, 102.2555778712545, 98.49562642387552, 95.38798967739689, 99.35955640862421, 87.91764405606335, 78.04551094502146, 66.81569517127363, 59.782237306287264], [47.27106800487467, 55.71155950886826, 62.846038978729354, 69.81249863486444, 64.10578904293989, 55.66541432185428, 47.235833602282334, 6.120605784786747, 0.0, 9.98311907498373, 16.75678236552235, 24.24727721154004, 17.16661919457043, 10.846921468244616, 4.614261939737382, 43.23458766734444, 51.8410427576827, 59.62236532644745, 66.58919321938158, 74.38798530962204, 72.19715392952135, 65.62568510186506, 58.36967597709251, 50.25948624937491, 41.12236247873161, 16.310632319508063, 15.15257991714586, 19.091516110504923, 25.138740711972943, 29.65939840026835, 26.45316915695546, 21.706938588064737, 15.05468379684957, 9.779602717844625, 9.598010093360031, 31.909329891151486, 32.22650407567159, 39.468459212822516, 49.98310044723398, 55.18421647957243, 54.54088508415408, 52.69821681758643, 45.319415474913555, 34.986703862419574, 29.14573275409143, 17.093285597970947, 15.980027447827867, 78.20119107217072, 70.47679349426063, 63.464095585080436, 63.27810971947862, 59.51710126105168, 60.09069087948938, 65.4549533664547, 72.94408071398169, 76.86525281933058, 78.88103370133337, 80.55447357927065, 81.46329742144373, 73.56863798261469, 67.63349882514636, 65.67443136386487, 63.24978280998259, 64.68223713098209, 66.72662131737395, 69.88687508738018, 72.72251218701, 98.09541156788463, 99.03281510591921, 104.45384903778589, 106.63899506357843, 115.37145304782936, 119.98014185740146, 117.86185086244139, 106.3878490435798, 100.72677402263088, 96.60877043282716, 99.51575137720812, 87.27938425275559, 76.15486543758972, 63.34348151301238, 54.57730322366848], [56.41822429725046, 64.78226390464062, 72.20253081449069, 79.51175485305689, 73.68499085419593, 65.13149239152834, 56.73892617383403, 15.767318532425765, 9.98311907498373, 0.0, 8.215685076972036, 17.308501334688827, 10.098086997329249, 8.202632621957784, 12.184005979546505, 50.87092800550306, 59.91863931464888, 68.05558508845071, 75.33904484666728, 83.53488899818636, 81.4331014045375, 74.55268218062638, 67.12668244855509, 58.86561626600138, 49.5694128820235, 18.37501504371055, 12.408960013553271, 12.1363739406581, 16.988370825870327, 21.726045484217988, 17.64443209714056, 12.211957854463225, 6.803916901361524, 7.590710128253483, 12.144982599011371, 39.78200156378864, 40.654570514860765, 46.97743893134834, 57.958069111573295, 62.12234889636246, 60.07377856056575, 56.90178346373612, 49.017841376047706, 38.39075374877916, 33.58427725567811, 24.33232488491893, 22.365970441104587, 85.28520285741779, 77.16261229139802, 69.17279088117876, 67.93400873557329, 63.50072211892982, 63.33237556217064, 67.94442198548809, 76.09083295683263, 80.58104867273633, 83.52691188935275, 85.97332976177026, 87.66755634909362, 80.0536784484039, 73.46883917742478, 70.55476443604469, 67.22659324220517, 68.1067086098575, 70.83491085524834, 74.84169127261814, 78.54727037236384, 106.87121551866825, 108.62702809579754, 114.23090707345024, 116.16292381687951, 124.4723671938428, 128.35895847346143, 125.38934210266426, 110.92097169473716, 103.0301765673038, 97.7730310437821, 100.03016356238206, 87.11839291676485, 74.40702669218608, 60.15244211053341, 49.35139367215221], [63.97573336199206, 72.39644447485152, 79.5996007543888, 86.48855133195828, 80.83035985071899, 72.37862742608142, 63.962697826343096, 22.22034987807127, 16.75678236552235, 8.215685076972036, 0.0, 9.384654879967293, 3.485712211937324, 9.049647550755608, 17.341062482416643, 58.982680251244, 67.91221522512586, 75.90377965956088, 83.00826704489228, 90.81860135353388, 88.80710940573614, 82.2237097833218, 74.91524083569469, 66.71697422376457, 57.46612903477647, 26.369375397086106, 19.467819510190786, 15.143770011051343, 14.44596733696117, 16.51756487771766, 11.578486113223136, 9.427396160537066, 11.341274881219926, 15.570035664475052, 20.343674499649126, 47.76020153625088, 47.97398646069706, 53.432517849685716, 63.28531497904761, 66.42734053090962, 64.02708905847793, 60.22619762135952, 50.872850982338576, 40.21278459214778, 38.60465596708899, 31.03703134968333, 30.444645318007254, 88.51244485184529, 80.67556256505205, 72.49868650447017, 70.39958503091405, 65.47321658786393, 64.10939853991717, 67.0545667682446, 76.03815436174966, 81.11574293793605, 84.89623227642663, 88.04886772707813, 90.24576909679922, 82.97863614555393, 76.40383827170982, 72.79440785490985, 68.61877402679521, 68.40648563847408, 71.82173711901896, 76.61061963315437, 80.94570935613145, 113.31031960356195, 114.20927087747566, 118.97183597286832, 120.14621802082193, 127.81168796012561, 130.85998859343928, 127.17799167231536, 111.22862327879729, 100.20282081832909, 93.70892745023583, 94.98808055041988, 81.64821804998182, 68.12428470800313, 53.89037320423147, 44.86063293204476], [71.23049581036943, 79.6968053163541, 86.49857359984655, 92.69439879737756, 87.3662687253282, 79.15376840107628, 70.74372889733885, 29.12842913415308, 24.24727721154004, 17.308501334688827, 9.384654879967293, 0.0, 7.886741669404732, 14.943421640148584, 23.63317854469538, 67.33211600415157, 75.91811406189, 83.57562960702919, 90.31463720259698, 97.4386867924875, 95.57487757585777, 89.53593121818999, 82.49447576898503, 74.4668261339493, 65.36705941817468, 35.629362883328184, 28.686710960807286, 22.776719271934663, 17.705586956520843, 15.21493728234967, 11.272151704243026, 15.031365557106943, 20.353751095701302, 24.826913774179726, 29.405105684653474, 56.003917033490794, 55.483369598117214, 60.33573103463262, 68.60641891255624, 70.85974263197892, 68.6188039911557, 64.58695118168397, 53.60102892064305, 43.20800084015943, 45.081323349542934, 38.4650619068268, 39.12355507271818, 91.24089784746009, 84.05006528154814, 76.12290014750813, 73.33653122223973, 68.07195771194732, 65.35890982264804, 66.1078593987863, 75.98768030813406, 81.63473841445017, 86.16939186268174, 89.95359998496701, 92.47494623935357, 85.60934589255874, 79.4051493879732, 75.29379988341788, 70.36909622310033, 68.8114505998089, 72.8865520601336, 78.37104650695807, 83.16042019878348, 118.6896769272685, 118.25297127125435, 121.93537026149863, 122.25094637626037, 129.2702009571266, 131.51945455882824, 127.29261296902136, 110.82800815951636, 95.93969227702642, 87.92530693850388, 87.63080356472898, 73.75582937721892, 59.49468053855709, 45.69062124355538, 40.7106469664052], [64.31201560001097, 72.7688194995094, 79.78647322521076, 86.37854157357185, 80.76633987070979, 72.36546774072863, 63.972831086335965, 22.08900778212736, 17.16661919457043, 10.098086997329249, 3.485712211937324, 7.886741669404732, 0.0, 7.694095802123601, 16.806327625350967, 60.02362023956494, 68.89015347500568, 76.75979703981524, 83.71887383146151, 91.28742602976456, 89.19412082008246, 82.77380974481173, 75.50070399066803, 67.34829446216071, 58.14353475063993, 28.384344555140057, 22.100942452945894, 18.511620089492574, 17.432539832957104, 18.42370857068926, 13.592609742554737, 12.75460100685145, 14.398675815391742, 17.60837563648533, 22.002657351729248, 48.51026476407272, 48.00477114570022, 52.93569128504213, 62.02320881207929, 64.76706073029318, 62.45462628293552, 58.63785795283072, 48.662406882676464, 38.027055861669375, 37.86376731573934, 30.85575817371926, 31.498503789318914, 86.3010657403127, 78.6534866608244, 70.56891739989545, 68.28106460040995, 63.273655303189564, 61.54608873503924, 64.01157036743587, 73.17889798636223, 78.36997898647523, 82.30055437233139, 85.6021120150103, 87.87852085973277, 80.72179916403758, 74.26299786938563, 70.52353534003619, 66.16152886185785, 65.61417890176706, 69.16845560417704, 74.11954826725005, 78.56707215162406, 113.8125960128942, 113.8019296610378, 117.78688891265521, 118.476973336598, 125.72942105099601, 128.39583200361926, 124.44515641745222, 108.26197078381857, 96.74042170201966, 90.23596639904824, 91.76538222486043, 78.68158936657129, 65.58236076851524, 52.55081643146011, 45.929230074568], [57.17701574936948, 65.63972712758326, 72.57209531206811, 79.11208160687758, 73.40678942887517, 64.97951262199516, 56.62939195547253, 14.848377263335511, 10.846921468244616, 8.202632621957784, 9.049647550755608, 14.943421640148584, 7.694095802123601, 0.0, 9.528927567381912, 53.53678569642685, 62.36893847662553, 70.15891090022528, 77.04703702457113, 84.60071226577237, 82.30200382167939, 75.8590587619524, 68.54162919946029, 60.41477170752189, 51.26039997383549, 24.186710266590392, 19.966249037135896, 19.980010408319636, 22.274332179008287, 24.720173429490515, 20.366008296440075, 17.56123513636168, 14.770104174196574, 14.271684940410717, 17.314755786926163, 41.716887102172755, 40.60473281004937, 45.55203859652541, 54.581927049756075, 57.80331506980178, 56.021888063524926, 52.84413805743212, 43.364024155642824, 32.62767288854286, 31.437770511942638, 23.553298365321552, 25.330172011280503, 79.74002165448216, 72.05664779883955, 64.28915262614235, 62.630515297374046, 58.004857209234544, 57.01381742152227, 60.60699948212299, 69.16428624542694, 73.90340716906994, 77.1644973102992, 79.93867731149274, 81.79482318708867, 74.39732311982227, 68.08799467398262, 64.88685714148563, 61.13959909915649, 61.27312003846161, 64.29875212175982, 68.66626818370953, 72.61853873520126, 107.97034005508199, 107.4669214610582, 111.17112514389476, 111.93404145873399, 119.2779235761667, 122.28150237390348, 118.69822022690018, 103.77915091074837, 94.86699515389206, 89.6726161917489, 92.5493759947016, 80.27355573054419, 68.63019192631383, 57.048306916459445, 51.351647618169935], [47.86936773831116, 56.343396591908146, 63.15309170034801, 69.62995013132195, 63.99254338349534, 55.63573837642903, 47.25279406982797, 5.670521098533713, 4.614261939737382, 12.184005979546505, 17.341062482416643, 23.63317854469538, 16.806327625350967, 9.528927567381912, 0.0, 45.08417150806474, 53.51800686326324, 61.05350072842888, 67.75618248273179, 75.14918044139667, 72.82648931029152, 66.52973983458422, 59.35180879479217, 51.35469214198425, 42.35996341197459, 20.33580820224694, 19.41203925400464, 22.766359404396436, 27.62466340470492, 31.207197274383898, 27.785666727458764, 23.937864642526723, 18.272170027801405, 13.69654833066656, 13.68027018323169, 33.36901101220297, 32.27436644947, 38.540781117709926, 47.814669153712416, 52.473801859817826, 52.030293356937385, 50.2283283705736, 41.9587584133795, 31.574143187147357, 27.800828327465013, 16.66472955606517, 18.51283410146337, 74.83007564615448, 67.3497082874804, 60.4782183858349, 60.08945131083068, 56.2451987633719, 56.40593358618557, 61.27902625648278, 68.94295570450016, 72.97096129729782, 75.12155700254414, 76.95218030456398, 77.93145860179239, 70.1366378702342, 64.36532572391918, 62.27440285102698, 59.65398081204603, 60.712416021292526, 62.88202848649788, 66.20659559936735, 69.15354010765546, 98.8845006484569, 98.4322584357508, 102.67651553858234, 104.15018546423948, 112.30743169736509, 116.40341160985726, 113.93045113460389, 102.23415645207675, 96.15300435274244, 92.15520871653993, 95.48010713627481, 83.65930980657608, 73.21804759948685, 61.93135483209496, 55.83873380202944], [14.927395709066534, 19.430376996677367, 28.094180173059918, 38.67260597176118, 32.16330600709412, 24.647025656713122, 20.134248188445103, 39.48661901819761, 43.23458766734444, 50.87092800550306, 58.982680251244, 67.33211600415157, 60.02362023956494, 53.53678569642685, 45.08417150806474, 0.0, 10.656470382200386, 19.86326718211027, 28.435045745883688, 39.77177510252362, 36.63857087772442, 27.225379222568797, 19.091554961599908, 11.356110310238362, 6.782468734927202, 35.25571530239063, 43.712654754084106, 52.91190037874955, 62.57283876879612, 69.15467397581146, 67.00202429833708, 60.439408040282345, 51.529035786483924, 44.43581801020521, 39.206721898818635, 12.754220900618979, 20.706011455064782, 30.799629400742514, 43.12665304247885, 53.766434553694616, 56.38144289111975, 59.4357174314533, 62.18789985845869, 57.16823199415274, 42.07881784030214, 34.0323993255345, 29.112014331004026, 76.53089507707988, 69.10890965364528, 65.63394563815696, 70.55009145436149, 70.57175683564412, 76.5340752844474, 87.51629672249493, 90.00432081286229, 90.47303419675093, 87.92830947003083, 85.46034802937214, 83.20542016956642, 74.93331724535015, 70.71597000548759, 73.32955685315352, 75.92982179301973, 81.94511876002568, 80.33567478686446, 78.7928627573776, 77.4314193014681, 69.53601394689558, 76.61724075567871, 87.49049177895014, 94.65782545076762, 106.75152200305855, 116.17036147389311, 118.52673467436243, 116.66824491035312, 125.71842042671696, 126.77580790302193, 133.04202182576202, 123.0041559158662, 114.958727478972, 102.5958282596921, 89.6525243871833], [13.142682922824623, 13.167049525013148, 20.669095398697518, 31.244843211320457, 25.82440193239063, 20.591721430657245, 19.111058906753883, 47.94539443258277, 51.8410427576827, 59.91863931464888, 67.91221522512586, 75.91811406189, 68.89015347500568, 62.36893847662553, 53.51800686326324, 10.656470382200386, 0.0, 9.293503821361938, 17.99770309786485, 29.714873358814568, 26.881771166781217, 17.532895803510236, 10.725706605707897, 7.386719243356147, 12.563269257265523, 44.9009508704663, 53.064479243865854, 61.659514770454045, 70.92889607213088, 77.28941035111298, 75.59464939191983, 69.37058557561011, 60.75620365009831, 53.766259028075645, 48.59037525453135, 22.48908458925636, 28.817238371552538, 38.05471218209988, 47.72905712323127, 58.915526546146, 62.96984465135226, 67.07710830305199, 70.11075643877788, 65.65479810341293, 51.548178435296336, 43.39748068892363, 38.837069882498575, 79.43082523734829, 73.1126143833468, 71.2349217063289, 76.97779986444446, 77.63510999484159, 83.77919981403808, 94.54524770237782, 96.58729884396288, 96.61162965600828, 93.33050018598514, 90.13054766929149, 86.99682577574207, 78.89346907340672, 75.82449556747389, 79.36348683440079, 82.65094693063546, 88.70219990895868, 86.65918024853198, 84.40726142072329, 82.12621290752708, 59.69813314341648, 68.31325077102092, 81.15885283063783, 89.9569388772548, 103.39539842446318, 114.43426288923978, 118.48513283575976, 120.96713811226934, 131.08801398943126, 132.49856439688782, 138.15999850649578, 128.26513091060235, 120.82789190392917, 108.46181279008643, 95.67670996144672], [16.49263515219266, 11.79162736023582, 15.54579619451722, 25.105868840058196, 21.366398723453, 19.506631311216402, 21.28863419046074, 55.538137225917026, 59.62236532644745, 68.05558508845071, 75.90377965956088, 83.57562960702919, 76.75979703981524, 70.15891090022528, 61.05350072842888, 19.86326718211027, 9.293503821361938, 0.0, 8.771723583066276, 20.858214720301373, 18.24215835606574, 9.414248649051395, 7.505835930164008, 12.239109232103493, 20.40717689511408, 53.6980824882671, 61.674102005261, 69.8911486302837, 78.81526656293957, 84.9240063723589, 83.49118410962994, 77.56528598371264, 69.16273444677101, 62.19831660048603, 57.06579821385971, 31.078236037286622, 36.13586903090353, 44.43696726387551, 51.765812410877984, 63.1098497299164, 68.2945117408475, 73.22851755614525, 76.46277592343276, 72.57367571350773, 59.39499879582109, 51.41508720832901, 47.45438980564595, 81.37654369877266, 76.10129522015784, 75.60790016569935, 81.97692571384275, 83.16815641064497, 89.42035306486302, 99.95450325825465, 101.55729958591944, 101.18312542205659, 97.2828890288588, 93.47951378138727, 89.6185191574655, 81.7559252690295, 79.71115728289321, 83.99550552178849, 87.84131555108974, 93.88633338524633, 91.47271778400513, 88.62448446179694, 85.57750784265005, 51.4065842118141, 60.86028797430785, 75.1429310786317, 85.25319565286142, 99.69725512704031, 112.0441036601632, 117.52601195858436, 123.76255953946094, 134.9183346275344, 136.75725804259807, 142.1004776035248, 132.53274806823075, 125.8390592880521, 113.88946447084516, 101.8114733222365], [22.015222162587502, 15.436599520198255, 13.887286076020217, 20.29371866332526, 19.23967825614792, 21.215307572059967, 25.27537790747757, 62.33448166041569, 66.58919321938158, 75.33904484666728, 83.00826704489228, 90.31463720259698, 83.71887383146151, 77.04703702457113, 67.75618248273179, 28.435045745883688, 17.99770309786485, 8.771723583066276, 0.0, 12.403865710953415, 10.23291586173413, 5.673441976832496, 12.164870651739786, 19.480634613470116, 28.108424476940662, 61.741082118448325, 69.5329580951104, 77.4092353670722, 85.96879100334252, 91.78702877264075, 90.5608808513276, 84.9513244337306, 76.76141676422607, 69.81190387225116, 64.73412981756523, 39.0052041802289, 43.04929502063789, 50.60703831723438, 55.801975954274134, 67.09310017592766, 73.27039536501425, 78.8753149456818, 82.07760866290447, 78.66440613642563, 66.49156814864268, 58.61974801989174, 55.263158074810406, 83.0638046510956, 78.85835382083194, 79.63713398603235, 86.4725494229658, 88.09444175977744, 94.31984514781581, 104.48317587491105, 105.74234309039039, 105.0477241986339, 100.64676316290927, 96.3577434977819, 91.86100655960846, 84.27751965729196, 83.21924601172674, 88.11024102908759, 92.37870778941287, 98.2998457689047, 95.60159802197147, 92.27824044177069, 88.58289545380558, 43.67794721002832, 53.40624177546746, 68.94108188823739, 80.25389309456403, 95.61093105726762, 109.1535705181842, 115.9876554229721, 125.84576011802311, 137.69649958603543, 139.89154450058606, 144.89400056118643, 135.69823898542177, 129.79211566333217, 118.42696482886214, 107.35148740944727], [30.594828040809674, 24.205744544574387, 18.53276136644863, 17.380925874668872, 21.181177030211728, 26.854794610553345, 31.98850860588166, 69.98039398869179, 74.38798530962204, 83.53488899818636, 90.81860135353388, 97.4386867924875, 91.28742602976456, 84.60071226577237, 75.14918044139667, 39.77177510252362, 29.714873358814568, 20.858214720301373, 12.403865710953415, 0.0, 5.824619241731256, 14.715608973233659, 22.814823557202928, 30.11267916956423, 38.322155650360024, 71.44241469476636, 78.81813429798531, 86.03668080573102, 93.88709276676948, 99.14351904336351, 98.25019301037257, 93.24079412515827, 85.4946670501666, 78.64044460675653, 73.72061862108652, 49.11232937748691, 52.006304179998985, 59.040202751864705, 61.557846570807996, 72.56673332143237, 80.0366891837956, 86.32988861912499, 88.80643879336229, 85.76839999896526, 75.34545968236907, 67.23298703221134, 64.67065312521791, 85.30632804813102, 82.70591944128914, 85.09204979511439, 92.27760464604498, 94.26455785253374, 100.08557404016445, 109.27750036785396, 110.39193313711178, 109.47582839545922, 104.65612945630347, 99.95695864447568, 94.72279530672134, 87.53638908000498, 87.8413074834179, 93.3127231854815, 97.85710042556464, 103.25481028482527, 100.38241623475807, 96.6866280264239, 92.32066172135943, 32.78015352013089, 41.545796590543475, 59.02552746615997, 72.02551512583588, 88.81054167843044, 103.98772627276523, 112.71074518214844, 127.77685823686322, 139.36305279357157, 141.68673879270492, 145.75153565442687, 137.00247501093418, 132.21231744937086, 121.79037391468431, 112.60607222738939], [26.784486889328797, 19.684794619874015, 13.241716957738715, 13.114982840076689, 15.97817791618372, 21.98964989986578, 27.952931293160173, 67.54210506905633, 72.19715392952135, 81.4331014045375, 88.80710940573614, 95.57487757585777, 89.19412082008246, 82.30200382167939, 72.82648931029152, 36.63857087772442, 26.881771166781217, 18.24215835606574, 10.23291586173413, 5.824619241731256, 0.0, 10.321553032498988, 18.552651257454443, 26.27717182692692, 34.8908465591281, 69.13591284141886, 76.77725488491511, 84.45307952479688, 92.57871649851869, 97.94633151942098, 96.7194373198274, 91.51751305081729, 83.50960661107686, 76.44863550424417, 71.42716618034501, 45.78372195724911, 48.027690564152074, 54.30882378295345, 56.56650503124554, 67.52868797719196, 74.92228286841048, 81.33608835685183, 84.38206895123537, 81.75903639906839, 71.22416010326907, 63.91722362880323, 61.94697806159604, 80.46603246646737, 77.61842326487434, 79.95490129199887, 87.25968352449233, 89.39914756608562, 95.4970667697079, 105.10922191263268, 105.86933207567922, 104.77533729333173, 99.80996114046853, 95.0053073741979, 89.80781412763274, 82.62783700738314, 82.8006447896805, 88.36459748553618, 93.10138120900157, 98.79409305295994, 95.7498450513091, 91.87572969254852, 87.4427673207589, 38.24699886140063, 44.42093108007244, 59.41037635068099, 71.28726552380013, 87.1292715583633, 101.57370388597964, 109.60120249318548, 123.26258278763129, 136.05273720485917, 138.92235518842378, 144.0626200145835, 135.73339672364585, 131.20790463845222, 121.46143385153054, 112.79348472927612], [19.248112019240043, 11.471414984109236, 9.026399068768232, 16.97767927192056, 14.574455201051531, 16.680991486362615, 21.92462651196234, 61.03761372006101, 65.62568510186506, 74.55268218062638, 82.2237097833218, 89.53593121818999, 82.77380974481173, 75.8590587619524, 66.52973983458422, 27.225379222568797, 17.532895803510236, 9.414248649051395, 5.673441976832496, 14.715608973233659, 10.321553032498988, 0.0, 8.707099750684202, 17.003064216777954, 26.180546979933666, 61.102649479431264, 69.1093950149764, 77.38346999786191, 86.08846030255509, 91.8909197040575, 90.33078801410676, 84.64009065136202, 76.24935215306088, 69.07920182792121, 63.9253384510706, 37.1658693766245, 40.08118386627334, 46.58713661215265, 51.04458753462135, 62.2363777987981, 68.53848402602937, 74.40667897618918, 78.13369910371064, 75.28396454333168, 63.32850721147705, 56.4255748722258, 54.02583045012588, 77.93238468217585, 73.69757050851702, 74.66480464584659, 81.6876074374364, 83.54254639411806, 90.00662354816079, 100.46312645231575, 101.2978587564991, 100.36925915502714, 95.74416307904251, 91.28261901174324, 86.72101653369688, 79.21292971418455, 78.21867360850717, 83.30056576641367, 87.82725660475501, 93.98359008064561, 91.06493135211586, 87.48552083253198, 83.61574673846685, 47.3005756061545, 54.25289705927867, 67.609235164096, 77.96179525999442, 92.48235265011775, 105.43940895423863, 111.79448157296869, 120.93813245852853, 134.03406791132946, 136.86094292946646, 142.89517040097547, 134.28313912196052, 128.9270652983328, 118.5905057421196, 108.61970333931936], [12.167872473985746, 5.280093827184227, 10.571473610683846, 21.46409763409485, 15.982037639882433, 13.02893525284599, 16.120699665844317, 53.76391062842692, 58.36967597709251, 67.12668244855509, 74.91524083569469, 82.49447576898503, 75.50070399066803, 68.54162919946029, 59.35180879479217, 19.091554961599908, 10.725706605707897, 7.505835930164008, 12.164870651739786, 22.814823557202928, 18.552651257454443, 8.707099750684202, 0.0, 8.548552913150273, 17.949835048091806, 53.279056096299335, 61.486811783576215, 70.16891479014406, 79.17496917911112, 85.16384088884578, 83.29305641613634, 77.3488177276281, 68.73126420529404, 61.45903945336084, 56.24380025791753, 28.83629291307262, 31.94124390327512, 38.790001086018144, 45.021249068414136, 56.304831684768445, 61.77570033670412, 67.12563845903121, 70.93519507315239, 67.81170189913794, 55.10675724950673, 48.44093104609383, 46.05811637446879, 74.20391148901558, 68.9338296725968, 68.73180634129261, 75.360248297685, 76.85948147146676, 83.37868446229582, 94.21490034941709, 95.29044172112773, 94.62430016974015, 90.43610274982187, 86.41907771200488, 82.45671199430946, 74.67283261720134, 72.75759687663054, 77.30512327038745, 81.48300271689051, 87.78166419520456, 85.0844367015737, 81.907384510631, 78.6232950238186, 55.031567807140014, 61.02548662815248, 72.62170924588871, 81.48399191791903, 94.86802938245243, 106.45430257148288, 111.3410794537746, 116.83331992875475, 129.44537163932478, 132.0922031599862, 138.71726929387, 129.95961090896998, 124.10731905697963, 113.68498221971947, 103.43028479560262], [6.894028854567259, 8.089548044911593, 16.757395047374008, 27.44243466414425, 20.945234464515714, 14.217694389872113, 12.546072010270025, 45.72258452584503, 50.25948624937491, 58.86561626600138, 66.71697422376457, 74.4668261339493, 67.34829446216071, 60.41477170752189, 51.35469214198425, 11.356110310238362, 7.386719243356147, 12.239109232103493, 19.480634613470116, 30.11267916956423, 26.27717182692692, 17.003064216777954, 8.548552913150273, 0.0, 9.434477179695385, 44.89288023476499, 53.16697708594945, 62.0497525290771, 71.1989755118136, 77.28187212667302, 75.21794262016867, 69.14054351916252, 60.41734957228173, 53.100262099616444, 47.8639861443241, 20.290847027909113, 24.10897193435987, 32.28182980953788, 40.72786352087403, 51.99922979052799, 56.59610516999372, 61.203780974766964, 64.41719289325479, 60.62213740369248, 47.32812585538995, 40.19511590991874, 37.57233107189941, 72.0767062752297, 65.90936495148529, 64.42769316123774, 70.42014872680842, 71.34274740526178, 77.59720884803792, 88.43087201861196, 90.09459619303647, 89.90065611597353, 86.37742234616515, 83.00837550504585, 79.7289040304613, 71.65782555781632, 68.83784307743245, 72.63987259255482, 76.19403230127249, 82.33086749635692, 80.059466622491, 77.53852497711469, 75.02067063968326, 61.39495961822287, 66.7236015778677, 77.20292717178275, 84.87406284271286, 97.45559393927357, 107.86748800069275, 111.48019765196084, 113.76880402669396, 124.80977762542688, 126.87862486378066, 133.52233577249143, 124.39707117305012, 117.8988858653026, 107.1630046037502, 96.62754492836075], [9.752111761831738, 16.435885939923775, 24.979704901481963, 34.89248096744611, 28.17557778012344, 19.891721394295818, 14.05326372891137, 36.70214086307274, 41.12236247873161, 49.5694128820235, 57.46612903477647, 65.36705941817468, 58.14353475063993, 51.26039997383549, 42.35996341197459, 6.782468734927202, 12.563269257265523, 20.40717689511408, 28.108424476940662, 38.322155650360024, 34.8908465591281, 26.180546979933666, 17.949835048091806, 9.434477179695385, 0.0, 35.65961243308634, 43.942444616692924, 52.98179521736845, 62.217190886078335, 68.35206903346291, 66.0887621365791, 59.915795043409695, 51.1164706321621, 43.75129473930783, 38.5044993974305, 10.994536498441988, 16.413302230699372, 26.836103811892848, 37.82941464790653, 48.727376310468806, 52.237405075128194, 55.81303253210421, 57.9167625045503, 53.13699290151856, 39.33901056020574, 31.186790728603643, 28.142994624822375, 70.87650329487124, 63.8771712976876, 60.95626467020673, 66.0451912211143, 66.19410431753877, 71.93188100334334, 82.51150556310013, 84.99624176607323, 85.43154890896756, 82.77716309886732, 80.24214534007189, 77.77354661594069, 69.46423735368596, 65.69148615974198, 68.51954472195507, 71.2028136252481, 76.96118286695756, 75.2857013316033, 73.64313802781855, 72.08383973102711, 68.31634306130574, 72.90269477054622, 82.30102715325458, 88.77131597714366, 100.53927467972836, 109.72209911400897, 112.02657315873773, 111.01594423159445, 119.82618146817633, 121.08647866993644, 127.52798541213384, 117.93459391498001, 110.67491493340248, 99.55989449878095, 88.82034623472202], [44.142477920321994, 51.91165392840211, 60.136404999181266, 68.98254619952954, 62.64344700337011, 53.9221979017764, 46.0115228533168, 17.837081066838657, 16.310632319508063, 18.37501504371055, 26.369375397086106, 35.629362883328184, 28.384344555140057, 24.186710266590392, 20.33580820224694, 35.25571530239063, 44.9009508704663, 53.6980824882671, 61.741082118448325, 71.44241469476636, 69.13591284141886, 61.102649479431264, 53.279056096299335, 44.89288023476499, 35.65961243308634, 0.0, 8.739119942512117, 19.01531643866081, 29.29011777768483, 36.37335549802121, 33.409859523993525, 26.078636261724675, 16.91954578789815, 10.814613278858332, 6.998316846108925, 25.650838648174467, 30.004679991367162, 38.49070038860033, 52.81745192545633, 59.255075628050726, 57.50628019874902, 55.601977641809654, 52.31466701662321, 43.04317595782465, 30.418943031486236, 19.4710152464107, 9.791648767951033, 84.5488552300926, 75.67083713177148, 67.99586895640391, 68.61255363578054, 65.40193878605857, 67.96152877256988, 7