{
	"dissimilarities": [[0.0, 8.355398015101017, 16.383169570394156, 27.257866523681507, 20.270373057213966, 10.974415643662036, 7.339049265308005, 42.43878477761715, 47.44633378024924, 55.424529943528846, 64.1147271694565, 70.32832448695649, 64.49633437813961, 56.256971799839505, 47.98480956336805, 14.233387098529041, 11.814958119602837, 15.615693713206367, 22.469567575774843, 30.080285375260882, 28.131876980435287, 18.88705319035624, 12.815800442388998, 5.293256318905121, 7.672839555866851, 42.71692069307071, 51.73821942115192, 59.34184886765639, 68.01990876629432, 73.56850437482136, 71.62724852929468, 67.08885664337181, 58.52988608081494, 51.13507719581154, 44.92225590839795, 19.217743538793986, 22.400225255572074, 30.351012699108885, 37.59209900388034, 47.91676929851229, 53.381491446038886, 58.14529176965421, 60.45810724621191, 57.20491233990177, 44.82274442635385, 37.42491127684829, 35.75670849400932, 67.57337258565005, 61.699396120815884, 61.43084095477246, 66.00318573726261, 68.14610138528565, 72.6983543589308, 83.01900727215329, 85.46304891570485, 84.92392069436114, 81.90390149080608, 78.40639749318208, 75.29867149242787, 67.01386897089216, 65.25234919161255, 68.48764615481822, 71.88393928844175, 77.69154388016844, 75.4705068413634, 73.04206839188423, 70.25786486508167, 60.815924744252634, 63.195907265951355, 72.00022501574378, 78.71775957058513, 91.57464748667282, 102.95493726686828, 105.45018109007862, 109.05475184695975, 117.6861789329067, 121.85015634279956, 126.13356813001184, 118.44255719778363, 112.06802341097737, 104.33556384228645, 92.8791026980341], [8.355398015101017, 0.0, 8.555965713930895, 20.4154939573337, 13.338107826798897, 6.954262392760719, 10.189200977179711, 50.67050152257744, 55.72330949073504, 63.76122124339565, 72.4198401060917, 78.54357448148161, 72.75966773247488, 64.48899372824694, 56.18239671856588, 19.985446035872126, 13.344796707172161, 11.850887510096827, 16.045007114020176, 23.320085730312098, 20.789103628519168, 11.367791691518365, 6.661633173209406, 8.098650211269222, 15.346044921773068, 50.913211812572534, 60.0017914328687, 67.57997043070742, 76.2449404571768, 81.78025734627164, 79.9210890929312, 75.40924736232186, 66.86635970394586, 59.48383979672243, 53.26536243384015, 27.175401355552747, 29.511890092119224, 35.712590540577715, 40.74924315317227, 51.12273740744381, 57.371096323392095, 62.93493279454497, 66.11055275778466, 63.8290619916473, 51.87163051575546, 45.42578873414301, 44.06447972160993, 68.58896589413685, 63.53438602140445, 64.51384518336103, 69.75436863455116, 72.61923317377774, 77.57354934153771, 88.11051702179718, 89.83725874048234, 88.64259374915643, 84.94090399945563, 80.61117915993356, 76.90850391705742, 68.81499901384292, 67.89156229275478, 72.10378886109194, 76.24628625004925, 82.37311355321265, 79.63113021118522, 76.43316569507826, 72.70478145205259, 55.48158033668992, 57.959648628172424, 67.41387256008156, 75.14403073288901, 88.62701121070916, 101.0689897353031, 104.60802450597973, 111.09710407033788, 121.9247869765243, 126.81703341303037, 131.52352402184107, 124.31361176483693, 118.70431585366268, 111.42203758796582, 100.35969654165376], [16.383169570394156, 8.555965713930895, 0.0, 12.211723474077356, 5.648830260430297, 8.514395107852645, 15.26557446424867, 57.68446825000801, 62.85086088594498, 71.14933134244512, 79.61037349533542, 85.39336250425181, 79.78611659783938, 71.45242772948959, 63.06754651821848, 28.433584301891592, 20.712279673995425, 15.621721555383452, 14.079276086667985, 17.912353841080876, 14.31171336308633, 9.15700211659531, 10.70335846396714, 16.591623829757413, 23.767867032246752, 59.074611841581074, 67.99095114823845, 75.35859903431623, 83.72675681896743, 89.01712047469424, 87.25019660341935, 82.96172237055487, 74.59515907005525, 67.2083912413835, 61.06606020963634, 35.4263428972857, 36.5937978248275, 41.531671949435655, 43.708398694277626, 53.84874422513976, 61.22792303890847, 67.5541816372503, 70.75357708815397, 69.26012550336654, 58.54240391634199, 52.59468440305856, 51.990148204558544, 68.30624167251011, 64.52150594414023, 66.98345814402781, 72.77118161676923, 76.20949477540564, 81.23571799889022, 91.42315879243937, 92.63166522425901, 90.91947440456053, 86.63651016271952, 81.58919736665241, 77.25541932901173, 69.41448003001838, 69.5625980585172, 74.79489914511505, 79.47437840501837, 85.51764645354521, 82.39931605549252, 78.5944136230491, 73.9308553899366, 50.21477984600929, 50.92388188185634, 60.238112484177435, 68.74484242522766, 82.86088496811192, 96.34223717224437, 101.05865305103505, 111.17265811814987, 123.48205613766233, 128.87875057567373, 133.77364511533142, 127.13482948305243, 122.58274540519376, 116.20488989646024, 106.60139800528559], [27.257866523681507, 20.4154939573337, 12.211723474077356, 0.0, 7.7375417019622565, 17.661480503477076, 24.0065358502518, 65.66231254487184, 70.91444295604532, 79.5653020419459, 87.58450981903843, 92.70772445444139, 87.48110353678175, 79.14636375106004, 70.73763506403886, 40.223465967999374, 32.39130097641291, 26.125863214736004, 20.55459995347652, 17.14755556413103, 13.1020666811579, 18.022705294400254, 22.42111878480021, 28.45559794518488, 34.91586858720456, 69.14703653644395, 77.60965090207289, 84.50548423684856, 92.22983817347657, 97.00656473451072, 95.4022373570505, 91.57344745023083, 83.61969663870042, 76.29574570893838, 70.36772098314347, 46.11315278613846, 45.96473126119248, 49.87019058322838, 48.449019774670546, 57.901042696750274, 66.78429063896589, 73.8555688181264, 76.25445453006418, 75.47528051692869, 66.94462007098468, 61.20810430284437, 61.68276690345894, 67.79083191715374, 66.06785596894449, 70.4612402343684, 76.69426104488156, 80.60319439512868, 85.33106071508362, 94.43098512482747, 95.25245732088628, 93.10170598934097, 88.27800137055787, 82.55058328631088, 77.45941643651551, 70.05559225269984, 71.721414196826, 78.13124585670991, 83.16915878028617, 88.63906412343924, 85.26487515651468, 80.96065182330877, 75.25004275677382, 44.604322749216415, 40.276331623306476, 48.464557404036206, 57.91501137452469, 73.08463248536316, 87.9912178555174, 94.45724253984925, 110.03417155191103, 123.18857274652954, 128.86388981805203, 133.6015107173406, 127.72650448972483, 124.74223900851098, 119.83535318026392, 112.94778253606346], [20.270373057213966, 13.338107826798897, 5.648830260430297, 7.7375417019622565, 0.0, 10.286742106814962, 17.19217861365877, 59.81976773584225, 65.12100146954697, 73.64086395776116, 81.86095105759601, 87.30108243505892, 81.82613774448855, 73.43422132087127, 65.05467199221243, 33.280833459174445, 26.12119667008648, 21.15525680924552, 18.29807796931563, 19.23164178531256, 15.109531237395453, 14.013322231110728, 16.33622598982623, 21.407014213201265, 27.85683470089818, 62.55433824202408, 71.27876202572449, 78.53865722522642, 86.61947724049915, 91.63110983615023, 89.79910470884013, 85.72713482111591, 77.50660445522537, 70.08602147034432, 64.04482487559866, 38.98535853231569, 38.81533465196943, 42.81418274070074, 42.83558396015279, 52.67462307666478, 60.86276376250735, 67.6384214551873, 70.54645345772366, 69.6056624782212, 60.10845002450667, 54.66639106992374, 55.056015813558005, 65.14068074831577, 62.19610571584594, 65.56783817209745, 71.60909051789359, 75.32858164400449, 80.27478375679512, 90.06968541513625, 90.99231313961201, 89.01991350918851, 84.45346717439371, 79.07553991348648, 74.40895103410308, 66.72880875226703, 67.54313256152092, 73.35942098563159, 78.27161639741615, 84.12628694119809, 80.8255682908113, 76.72847669420263, 71.56001031938902, 49.96678706196874, 47.594863438710625, 55.15031108515149, 63.28084767191209, 77.30043797790786, 90.96822550437822, 96.05014263495895, 107.89759331076267, 120.8747374499695, 126.63703515794398, 131.88219914511726, 125.79980364901769, 122.13357762169494, 116.8981074645681, 109.00081326594271], [10.974415643662036, 6.954262392760719, 8.514395107852645, 17.661480503477076, 10.286742106814962, 0.0, 7.33051486061368, 50.28305192802423, 55.60770113975529, 63.997839819511945, 72.34312578021184, 78.03190189642109, 72.36040914330522, 63.948832170441904, 55.62980457405535, 24.651899639906556, 19.757307220309784, 18.551686301972904, 20.784040415265704, 25.63324340689059, 22.39006442116746, 15.875214308953629, 13.210053868847549, 13.31781507254899, 18.320874469968757, 52.64128170204522, 61.4744149655308, 68.99677427417039, 77.30203315585435, 82.45754920888491, 80.39933148654471, 76.15846642870903, 67.76062833083022, 60.27499917481748, 54.18386291190211, 28.880026872389575, 28.655681517880165, 33.55297063358839, 36.03079257329079, 46.30880281982425, 53.54240665924618, 59.64052503392989, 62.38538038448857, 60.74768360066193, 50.31091000922338, 44.657538675043504, 45.01469934040535, 62.38049018655112, 57.919934304157245, 59.66719346724949, 65.14806053469042, 68.2654785778987, 73.12692182203546, 83.31142947087802, 84.78670481278358, 83.38277552570409, 79.45913297576286, 74.90431309009685, 70.95704961362857, 62.902638224683486, 62.49437665794344, 67.22885808431653, 71.56891328693298, 77.51091592317532, 74.59934814785916, 71.16125030687184, 67.02633413031538, 57.0702609024655, 55.922093896965606, 62.774615622216274, 69.36946723022092, 82.21268032414642, 94.2749222483746, 97.66028228060692, 104.85701887253674, 116.18820533050469, 121.52787432263182, 126.85848267321701, 120.32664614915282, 115.71488020820092, 110.02519680366905, 101.28214226975321], [7.339049265308005, 10.189200977179711, 15.26557446424867, 24.0065358502518, 17.19217861365877, 7.33051486061368, 0.0, 42.957393328776675, 48.29382325188357, 56.71717199670782, 65.02506423060233, 70.70494313258395, 65.03113818646727, 56.62103117073606, 48.29929574382834, 21.005050251659693, 18.914103119812395, 20.76431576811528, 25.273824095668747, 30.86548947855481, 28.24050818879754, 21.08700401253535, 16.65256274357902, 11.992592301445544, 13.432630756775122, 45.86033118858217, 54.50980863163762, 61.966342402139, 70.17187816282045, 75.25988840065152, 73.14082751601362, 68.94532346406783, 60.60082854836375, 53.11457043052186, 47.07890177402082, 22.687035294933224, 22.400342115612364, 28.74771369045171, 32.923287962687155, 43.25661551619394, 49.9603564555876, 55.401510319743345, 57.185015383684046, 54.660415310820916, 44.104525246061876, 37.5895356369309, 38.03384502741793, 61.33571030508147, 56.172534622284026, 56.83134242016835, 61.71791689158764, 64.17421524348637, 68.62454934054935, 78.52685721541687, 80.70181401998849, 79.91527413956562, 76.61553459105431, 72.82792179527311, 69.40531719217607, 61.14163356370658, 60.00335842140633, 63.887834485965094, 67.53316985810716, 73.12256402403271, 70.69785664571305, 67.97584607272387, 64.68485014324749, 61.22556901565941, 60.134218423834675, 66.54652373417272, 72.24706713677178, 84.5613625328585, 95.6660089241102, 98.13697849699898, 102.87125769102092, 112.06842632593315, 116.7042118698296, 121.58940959404639, 114.6228218142151, 109.39369546611549, 103.3973164596408, 94.57520878771649], [42.43878477761715, 50.67050152257744, 57.68446825000801, 65.66231254487184, 59.81976773584225, 50.28305192802423, 42.957393328776675, 0.0, 5.6548990184505525, 14.391652219693261, 22.10746300141247, 27.999732998643985, 22.119983471813082, 13.835540632703662, 5.650541185042809, 39.51019429950516, 47.62890639607744, 55.23552487403376, 63.04300127343901, 69.5232893940609, 68.45744898527676, 60.841374111252684, 54.775765194178234, 45.47802966940921, 37.322655344794455, 17.00148971389331, 18.47132908506965, 23.50486619936855, 29.738929952902257, 33.90362244894587, 30.931432180715667, 27.298069440555484, 20.132963002331152, 13.64246344630734, 11.026676708601647, 27.557529715241913, 27.763368815441215, 34.936325122328626, 44.988602904857295, 49.79327736710534, 50.10601767578993, 48.881767980577735, 42.85051929770493, 32.728423754871436, 25.68566665542528, 12.44896522916748, 13.02427173705904, 72.73326897243807, 65.09275392344182, 59.32533516165409, 59.041570519424035, 56.29984978723135, 56.68364247622478, 62.58218662651387, 69.57474801257531, 73.1945821312354, 74.54654117764575, 76.10746495208754, 76.35815524918485, 68.79173291141764, 63.75271401672237, 61.28570183817463, 59.30582220052064, 61.19992327241233, 62.807533977916265, 65.49703050131212, 68.19202426916051, 93.85296467779415, 93.5337136984081, 98.1029907456941, 99.92834480269721, 108.93589442624658, 114.71080354838934, 112.39952897355425, 102.7263624010056, 97.35716477783684, 96.57718080855348, 97.81656247760523, 87.7537978629345, 77.35640061529585, 68.43666543531931, 58.3915382901586], [47.44633378024924, 55.72330949073504, 62.85086088594498, 70.91444295604532, 65.12100146954697, 55.60770113975529, 48.29382325188357, 5.6548990184505525, 0.0, 8.961050706705155, 16.76283530832872, 23.031895255135908, 17.14738990689478, 9.431337868981316, 3.518126149303632, 43.6123245579406, 51.936445174349636, 59.68140132406276, 67.61800552917902, 74.16965003435179, 73.29451587848095, 65.65837481977748, 59.573619274837974, 50.27705908115383, 42.068336062546464, 16.730056587735767, 15.099326098334357, 18.60266051868826, 24.197031856247865, 28.29304584227193, 25.29391196861106, 21.710687987439687, 15.050426526574919, 9.635855237183721, 9.71378984060099, 32.03992282726177, 32.96238477314147, 39.91194401379022, 50.170075769662304, 54.48940382932174, 54.140440777864725, 52.200663752718256, 45.6137184366572, 34.922650178930276, 28.830043363832722, 16.854894677261974, 15.836028069275892, 77.33569433225004, 69.62088815250716, 63.399787000031345, 62.60372845809213, 59.351506568289004, 59.22843133876717, 64.3907256023082, 71.89710208890125, 76.00344611882907, 77.86912999582361, 79.95254075717729, 80.54160638172256, 73.16480003279203, 67.87624094418652, 64.82082164378636, 62.254387519012504, 63.63396740122637, 65.72188420405504, 68.96768657777885, 72.21158327475744, 97.73834426844958, 98.0238791592261, 102.96018691829133, 104.78392791186731, 113.74473371868758, 119.23424697997494, 116.6654007106872, 105.85912511695184, 98.58549949724822, 96.84815860933392, 97.14339529706491, 86.43876735714548, 74.94960584875678, 64.80953792559546, 53.56601520690086], [55.424529943528846, 63.76122124339565, 71.14933134244512, 79.5653020419459, 73.64086395776116, 63.997839819511945, 56.71717199670782, 14.391652219693261, 8.961050706705155, 0.0, 9.14006902307029, 16.817907330373448, 10.742312481384538, 7.175991553189568, 10.654195791310153, 50.18034148343866, 58.99211099175055, 67.07333688096865, 75.34140203973908, 82.23677349507194, 81.49715117116094, 73.51842800252444, 67.25777804441192, 57.869957548525655, 49.56538571395528, 18.55545599485957, 12.061179223820448, 12.29776885534307, 16.68331546222552, 20.86109339688675, 17.165506937716547, 13.116458868709536, 7.272175269058701, 6.892527110352919, 12.190557396997152, 38.90814059689284, 40.27827708939723, 46.48596418009617, 57.28512074085495, 60.78007928187592, 59.089706817005435, 55.96654024963477, 49.13836683561946, 38.05575831051741, 32.82988287602681, 23.373943129978965, 21.384087293694837, 83.83398419596824, 75.74067460654733, 68.60978292787402, 67.01496674352538, 63.04940302140112, 62.38566436726836, 66.91433292419616, 74.8873875628891, 79.59443174989909, 82.19769913570721, 85.05635756689695, 86.25184554351992, 79.21094408291349, 73.36152940246207, 69.29721687072238, 65.95149512160745, 66.86801592417372, 69.54850916206415, 73.5281897080685, 77.66271968666052, 105.46117171204186, 106.60071259891944, 111.79211254974466, 113.44084334160995, 122.04259609677037, 126.9006237161473, 123.6606846841932, 110.21706516642911, 100.89937857409474, 98.20689875787053, 97.83834932949995, 86.55721573474983, 73.60300941002659, 62.11053005108546, 48.78026226013817], [64.1147271694565, 72.4198401060917, 79.61037349533542, 87.58450981903843, 81.86095105759601, 72.34312578021184, 65.02506423060233, 22.10746300141247, 16.76283530832872, 9.14006902307029, 0.0, 8.110020196476452, 3.378665204883281, 9.392404913369367, 17.08623035024432, 59.28957251825439, 68.00513989262022, 75.96283830763797, 84.0528130992827, 90.62892206548166, 89.90357283281543, 82.25720791975999, 76.10284784796227, 66.75075684971888, 58.4693253490283, 27.327557425729456, 19.479080634456984, 15.7386754407228, 14.094185609339124, 15.183792407190538, 10.526058630054171, 9.461025488232766, 11.393405875976244, 15.523163015082623, 21.276221438586578, 47.8802603576112, 48.50313153651906, 53.79946031726401, 63.4550049051926, 65.87591689286855, 63.72593453174124, 59.838943377378236, 51.50437676546762, 40.18063960856012, 38.41498234306145, 30.937682292723323, 30.407220763562233, 87.75756368148133, 79.94750540840458, 72.47031444964635, 70.06985798933566, 65.34972770926736, 63.59787979323308, 66.28272990486212, 75.04255423392914, 80.52909152913796, 83.97088970420364, 87.7122735954887, 89.42675423939765, 82.84470014804509, 76.86528986342942, 72.05036768310015, 67.72439869251615, 67.42539628868838, 70.90392852446068, 75.79052579765717, 80.7172350475341, 112.96818939392246, 113.29003388581754, 117.61313286407591, 118.45148800476024, 126.30130572307863, 130.14566368368466, 126.18773704439919, 110.87914013626822, 98.21772529378374, 94.09588280286633, 92.6470414031903, 80.90531301999687, 66.97687925909331, 55.482400577434255, 43.99748336805515], [70.32832448695649, 78.54357448148161, 85.39336250425181, 92.70772445444139, 87.30108243505892, 78.03190189642109, 70.70494313258395, 27.999732998643985, 23.031895255135908, 16.817907330373448, 8.110020196476452, 0.0, 6.685621769956552, 14.553172135231303, 22.480408176182696, 66.43221352839687, 74.83648179441197, 82.5074651229815, 90.24683476937852, 96.303078595463, 95.56511560725038, 88.46638939153068, 82.5274709342301, 73.28884204884861, 65.09790185171121, 35.28781272737466, 27.498245396490027, 22.731691864499194, 17.78450731865423, 15.187867058622718, 11.45185283080629, 14.388221726794665, 19.259654136473113, 23.48842560530971, 28.986540620566966, 54.857744431419135, 54.737396549056704, 59.48324052828578, 67.70134441725966, 69.35966110930656, 67.38470170892866, 63.27605773326971, 53.4596410607502, 42.19710599484749, 43.59219868189036, 37.016703005265526, 37.75611609263831, 89.67338550481507, 82.4418110489557, 75.09417966547969, 72.21114674170806, 67.02990028127493, 64.29867267866435, 65.03003999324697, 74.47003174835096, 80.54831740319135, 84.57293546192444, 88.91766106664444, 90.8979078581436, 84.69933798618464, 78.90937977664723, 73.79640425303869, 68.76851793290605, 67.25185729630458, 71.35079828781508, 76.88931719253493, 82.23283621992901, 117.65083069396725, 116.74170961833649, 120.04573584505823, 120.09664447999563, 127.29495245673641, 130.313805497445, 125.92532503540384, 109.99305134620214, 94.23550009878508, 88.7254672134184, 86.0557187835657, 73.92542699747165, 59.44504996603067, 48.59336402828095, 41.07482247314028], [64.49633437813961, 72.75966773247488, 79.78611659783938, 87.48110353678175, 81.82613774448855, 72.36040914330522, 65.03113818646727, 22.119983471813082, 17.14738990689478, 10.742312481384538, 3.378665204883281, 6.685621769956552, 0.0, 8.487649910911147, 16.772434281560237, 60.30876945731178, 68.93628694798981, 76.79195901681241, 84.74130658449565, 91.13140487143917, 90.28205083743978, 82.79373406889235, 76.68687808867358, 67.3315941595434, 59.07101060979027, 29.14635183171753, 21.9585450523927, 18.95650918830748, 17.22421872478711, 17.455590105421187, 12.877113256478447, 12.698112126602165, 14.286003956363547, 17.415557097115784, 22.747739140032575, 48.550166578688696, 48.417050824428266, 53.22557497180796, 62.1548308593852, 64.19522070486634, 62.11498348179954, 58.183699865251704, 49.25023717369635, 37.9009476879103, 37.50033692159699, 30.635319446513577, 31.34283829959289, 85.54290382183068, 77.89894855799874, 70.45392494065712, 67.89814702381997, 63.04316585021049, 61.00786509999066, 63.241582807757425, 72.14980391288705, 77.76369695361718, 81.33901214839307, 85.2438601075724, 87.04334715687763, 80.58477877163206, 74.64936368601424, 69.74431795270692, 65.21846364458966, 64.60007577497029, 68.2245493857751, 73.28410131614628, 78.33655559765177, 113.58981732597654, 113.03200357286758, 116.57747689214143, 116.92965130643952, 124.34724068797223, 127.79015366504557, 123.5701121744385, 107.90791410946302, 94.85197768950883, 90.75268820970939, 89.60982822795847, 78.14593432976353, 64.6468066913572, 54.45416724888899, 45.38058333786174], [56.256971799839505, 64.48899372824694, 71.45242772948959, 79.14636375106004, 73.43422132087127, 63.948832170441904, 56.62103117073606, 13.835540632703662, 9.431337868981316, 7.175991553189568, 9.392404913369367, 14.553172135231303, 8.487649910911147, 0.0, 8.468445593566448, 52.67619202974965, 61.159316460459955, 68.92099426656397, 76.7893652865671, 83.1639452210649, 82.17345029641389, 74.6686750018785, 68.57458942328338, 59.22289841140207, 50.99775643864783, 23.639610132177943, 18.82538594851362, 19.18378303849629, 21.346106326157685, 23.566528671580805, 19.58895598899612, 17.42040885958309, 14.052793598379399, 13.00664482734875, 16.646846867797098, 40.653224978762424, 40.19308979027308, 45.38090770912111, 54.4318539889002, 57.173353413672025, 55.82620841800335, 52.709208857512834, 44.4014499173156, 33.08596743641744, 30.98130590835503, 22.59743477758701, 24.02271268706232, 79.06991510497409, 71.3973781182201, 64.42795838638212, 62.55778168106842, 58.33021316272911, 57.058467240020114, 60.62017600956059, 68.94254676879882, 73.9073648459982, 76.75019146799886, 79.91149132222529, 81.22628882378602, 74.38735377463364, 68.69533170075512, 64.52875186830632, 60.78294450532951, 61.00168635328055, 63.97293061708733, 68.29679975904695, 72.63145715310756, 106.41197982724057, 105.5589388642937, 109.08621323557576, 109.71300933950802, 117.47610735825204, 121.55538999707044, 117.85409221233056, 104.02901890665684, 93.8163296990197, 91.11196333224522, 91.19142987093853, 80.41226672079662, 68.35141776840644, 59.238213798533074, 50.49261465253488], [47.98480956336805, 56.18239671856588, 63.06754651821848, 70.73763506403886, 65.05467199221243, 55.62980457405535, 48.29929574382834, 5.650541185042809, 3.518126149303632, 10.654195791310153, 17.08623035024432, 22.480408176182696, 16.772434281560237, 8.468445593566448, 0.0, 45.08539773144599, 53.20576575997285, 60.759549915619836, 68.4684258653049, 74.73910008936627, 73.72211517454379, 66.33974635746002, 60.35071379387898, 51.09429519239823, 42.96070562934502, 19.772423882995554, 18.368215819144574, 21.475090453548198, 26.13511393388554, 29.514199500909577, 26.33670407276886, 23.342102986163827, 17.4669173816502, 12.633362862046704, 12.80854279285903, 33.15126840070898, 32.95457867363485, 39.28356048146882, 48.585049283331195, 52.522869031120145, 52.37545098426376, 50.464338904566915, 43.15158155220177, 32.3633414953654, 27.816521826389458, 16.45984919569617, 17.74906906167616, 74.81839004797692, 67.30678852304904, 61.174721582574286, 60.26072670066517, 56.90026603117039, 56.507332793925684, 61.25358818612679, 68.8973037624049, 73.10298122473095, 75.06115693749288, 77.27341300398044, 77.91012137476564, 70.61764216211054, 65.40979538403553, 62.325489595792234, 59.58885009562945, 60.65907064514425, 62.860543035930704, 66.24941239446741, 69.57196314825316, 98.33308665277049, 97.55832787260321, 101.59984765995675, 102.88225830785424, 111.40774080653327, 116.50479064258292, 113.69962779750726, 102.71907867560013, 95.11539558282118, 93.43550806751999, 94.00997013401182, 83.59387535319999, 72.60670266619603, 63.65314321676828, 54.52495856567915], [14.233387098529041, 19.985446035872126, 28.433584301891592, 40.223465967999374, 33.280833459174445, 24.651899639906556, 21.005050251659693, 39.51019429950516, 43.6123245579406, 50.18034148343866, 59.28957251825439, 66.43221352839687, 60.30876945731178, 52.67619202974965, 45.08539773144599, 0.0, 10.331668989401665, 19.546288474437386, 29.25704632128652, 38.950555651505724, 37.99744181695215, 27.077521957477625, 20.078587985624612, 11.901232047570284, 8.08229183350997, 34.27465869594412, 43.76618874358742, 51.75869270845278, 61.300844720867865, 67.64529747548188, 65.75128820790292, 60.54971082210908, 51.65725264498384, 44.66121825726528, 38.41555317027735, 13.380463646811386, 22.429800534438417, 31.850860053294692, 44.10248607409911, 53.74948047634503, 56.45725952562992, 59.496808544097895, 62.549820296567965, 58.03712887961287, 42.757166782855315, 34.738089346341354, 29.46231957330456, 76.59868945847218, 69.12622590130412, 66.64682745017969, 70.25434962113731, 71.53027459352487, 76.09127571215247, 87.11120970184065, 90.09849851020559, 90.19767871022947, 87.98478572732289, 85.41965405867334, 83.23550243829168, 74.99000750156962, 71.73868900375787, 73.31133736980374, 75.93999646741882, 82.03458668041357, 80.34609865211927, 78.74070421465406, 77.32875193658548, 68.4818833699841, 75.1859481788583, 85.90145752258091, 92.90313183529194, 105.56552466186868, 116.31421661646043, 117.8338736442842, 117.07491879962542, 124.25159529426705, 127.67659001458281, 131.4545042011062, 122.70830809377617, 114.26024260270306, 104.02483139222883, 88.14418163983663], [11.814958119602837, 13.344796707172161, 20.712279673995425, 32.39130097641291, 26.12119667008648, 19.757307220309784, 18.914103119812395, 47.62890639607744, 51.936445174349636, 58.99211099175055, 68.00513989262022, 74.83648179441197, 68.93628694798981, 61.159316460459955, 53.20576575997285, 10.331668989401665, 0.0, 9.236321715429359, 19.02580325523916, 28.99758012366557, 28.277993179075274, 17.3944071406878, 11.07009967109136, 7.450543975090813, 11.857719532885485, 43.844532213636334, 53.06377718328681, 60.583942755039665, 69.76427450977818, 75.91396309128513, 74.3711501500351, 69.42182850040336, 60.784799589267884, 53.808109746240355, 47.59274279826568, 22.4640185548711, 29.625292063659423, 38.13749211193804, 47.71175857570842, 57.898716245221905, 62.10559426444786, 66.23001206512399, 69.48167727589166, 65.67145580111733, 51.392893876314865, 43.421400560328536, 38.82962083242803, 78.44801122276179, 72.07540567367545, 71.16747955505376, 75.56234231015698, 77.55596570400186, 82.33785337661628, 93.18009386946001, 95.71906804861021, 95.26555659023485, 92.35905669904785, 88.9228499420978, 85.980254099231, 77.759004983356, 75.57962859968998, 78.36712578843319, 81.69777737492515, 87.84597034586484, 85.711946880913, 83.38445849803686, 80.87874985135413, 58.98030022138427, 66.77491131875361, 79.16204948022033, 87.65986315370782, 101.54094278206517, 113.77064375079726, 116.78642584464848, 120.20815131457772, 128.8363501132411, 132.56837428229463, 136.05489971850886, 127.50658101045973, 119.81232027852694, 109.67946227118271, 94.41037647609303], [15.615693713206367, 11.850887510096827, 15.621721555383452, 26.125863214736004, 21.15525680924552, 18.551686301972904, 20.76431576811528, 55.23552487403376, 59.68140132406276, 67.07333688096865, 75.96283830763797, 82.5074651229815, 76.79195901681241, 68.92099426656397, 60.759549915619836, 19.546288474437386, 9.236321715429359, 0.0, 9.85267516400115, 20.14942975076538, 19.688764382913316, 9.347603626966379, 6.487282122740232, 12.103567226131393, 19.351048800012414, 52.604739093850036, 61.62430682163775, 68.8198828914383, 77.68434830880736, 83.63170739158076, 82.31741269546517, 77.587266063953, 69.15347361802573, 62.18530777574605, 56.01389927663281, 31.006106097204675, 36.87154385632022, 44.51263219207572, 51.76488815046305, 62.12455465860722, 67.48027701756946, 72.41134876465576, 75.74912738670177, 72.53797843702772, 59.1654159186368, 51.354069348144655, 47.37428579282783, 80.37618803090767, 75.05372932541502, 75.48086432155095, 80.46520547806394, 83.0197882654506, 87.93075057653844, 98.53961326011277, 100.68216098176084, 99.76748957499312, 96.2990516036746, 92.15744691077438, 88.59318994384664, 80.48981063765027, 79.25434191387333, 83.02349675801904, 86.89438789982809, 93.02699023902423, 90.53997474856695, 87.63468049692575, 84.23461278168301, 50.76192059382227, 59.3362448595111, 73.17236565307056, 83.0093051036061, 97.90031257822282, 111.39983247910882, 115.74890412483356, 122.8699145114664, 132.7378090876566, 136.76253560609953, 140.06740116116114, 131.78954592844687, 124.85376296120313, 115.0272807639566, 100.59047084426724], [22.469567575774843, 16.045007114020176, 14.079276086667985, 20.55459995347652, 18.29807796931563, 20.784040415265704, 25.273824095668747, 63.04300127343901, 67.61800552917902, 75.34140203973908, 84.0528130992827, 90.24683476937852, 84.74130658449565, 76.7893652865671, 68.4684258653049, 29.25704632128652, 19.02580325523916, 9.85267516400115, 0.0, 10.671804160133274, 10.679406105890198, 6.011373533499147, 11.561408804101257, 20.252737727999964, 27.940955056244213, 61.722308820724145, 70.52754886733338, 77.4121922161129, 85.90790840330507, 91.58764883706768, 90.46399332952468, 85.99422074511533, 77.78392898374116, 70.81353454116297, 64.70590399550326, 39.97040042423486, 44.6895124695526, 51.54285354707038, 56.42935598642541, 66.74251255332935, 73.2227621917151, 78.87945179935093, 82.08930321173602, 79.44135936962758, 67.1577404726547, 59.48549129074694, 56.19435708157582, 82.3389194608495, 78.22960492691787, 80.0213174311947, 85.51427250330924, 88.56439921780229, 93.4975760427347, 103.69505097766971, 105.47462939088666, 104.1364099514023, 100.14989808887121, 95.35707617362942, 91.18491164635411, 83.28127081912965, 83.05095631185601, 87.7681534874338, 92.09553177624528, 98.08582498022832, 95.29568772851532, 91.87466734123922, 87.61329906551352, 42.24627451297196, 51.04709068885791, 66.31042530985324, 77.54399037907478, 93.45014610562266, 108.23766567225759, 114.01706082354671, 125.13753505496614, 136.07322963695074, 140.35243490554166, 143.45041129823716, 135.53347037312471, 129.50455873684822, 120.22641207321486, 107.05785877007838], [30.080285375260882, 23.320085730312098, 17.912353841080876, 17.14755556413103, 19.23164178531256, 25.63324340689059, 30.86548947855481, 69.5232893940609, 74.16965003435179, 82.23677349507194, 90.62892206548166, 96.303078595463, 91.13140487143917, 83.1639452210649, 74.73910008936627, 38.950555651505724, 28.99758012366557, 20.14942975076538, 10.671804160133274, 0.0, 4.590115717840782, 14.078262408885763, 20.866445864269117, 29.1900575282313, 36.49544557022715, 69.97127722824929, 78.38307273508865, 84.79121051109956, 92.70908034340465, 97.96532425503024, 97.08050272739844, 93.0086632688234, 85.1702491485134, 78.25166431420361, 72.29677149544688, 48.52542060741363, 52.269493345540845, 58.7218868518237, 61.288974183052424, 71.37694879189613, 79.03279459857008, 85.24860786682089, 87.70334820307404, 85.35005180686704, 74.56545006987722, 66.67045457286882, 64.10502193834668, 84.08639430551212, 81.3910555147238, 84.49686506280845, 90.30717471034428, 93.63634648790888, 98.30164708935932, 107.62457299385993, 109.29916523096898, 107.74386673501012, 103.42445946899952, 98.19685953576283, 93.48547936527333, 85.81250961281643, 86.62212813441487, 92.15406594443108, 96.67303582046854, 102.17867941515037, 99.27707469483384, 95.57982750479951, 90.61456869902996, 33.127107423051626, 40.78591882214691, 57.695675656021045, 70.41474086917039, 87.52226277278595, 103.5960655489735, 110.92513978116487, 126.44023245867965, 137.46745307091953, 141.63482544507772, 144.11660907755282, 136.51217632630818, 131.47874884648314, 122.8903723019825, 111.60661552724709], [28.131876980435287, 20.789103628519168, 14.31171336308633, 13.1020666811579, 15.109531237395453, 22.39006442116746, 28.24050818879754, 68.45744898527676, 73.29451587848095, 81.49715117116094, 89.90357283281543, 95.56511560725038, 90.28205083743978, 82.17345029641389, 73.72211517454379, 37.99744181695215, 28.277993179075274, 19.688764382913316, 10.679406105890198, 4.590115717840782, 0.0, 12.007734045516289, 18.963433268713256, 27.43989626669842, 34.963525513791566, 69.31729408833297, 77.90603959544696, 84.59866269038326, 92.63469705285233, 97.87758606038514, 96.746252728177, 92.63294960062164, 84.6376486286991, 77.555023876127, 71.52794355640118, 47.051108055459736, 49.93129352738791, 55.70229233902393, 57.59549136841367, 67.59428262416202, 75.38530571303144, 81.81300970591649, 84.58166876393517, 82.69744249091394, 72.13007554929223, 64.93047474590288, 63.04028121175118, 79.92751095989183, 77.28100215947637, 80.59105663909658, 86.54027385329128, 90.06874541181978, 94.887632962417, 104.4139412809436, 105.77356701673617, 104.00381673417913, 99.5173598721679, 94.12279154039337, 89.34531022355388, 81.73602530235907, 82.64865950068817, 88.36280967511489, 93.092896880571, 98.76657701068433, 95.6827728595289, 91.76798782936108, 86.62760887930882, 36.670780019079345, 41.464984299261864, 56.255010210431934, 68.17460756576727, 84.67471125920747, 100.39623286268859, 107.38817992019872, 122.47588717148497, 134.44115930720307, 139.15702536940816, 142.44239906503316, 135.2972627393052, 130.6985383774654, 122.98918329016858, 112.50135430767632], [18.88705319035624, 11.367791691518365, 9.15700211659531, 18.022705294400254, 14.013322231110728, 15.875214308953629, 21.08700401253535, 60.841374111252684, 65.65837481977748, 73.51842800252444, 82.25720791975999, 88.46638939153068, 82.79373406889235, 74.6686750018785, 66.33974635746002, 27.077521957477625, 17.3944071406878, 9.347603626966379, 6.011373533499147, 14.078262408885763, 12.007734045516289, 0.0, 7.324195571339554, 16.740918308959785, 24.90700084675497, 59.95316515338336, 69.00910453794799, 76.30141283805906, 84.97384675365372, 90.65034177946285, 89.1793108381704, 84.63445026840834, 76.20169890137639, 69.0175697550195, 62.813287805443814, 37.0227603032544, 40.60074847774475, 46.60826329512709, 51.02423235577301, 61.28316926123681, 67.76255950271329, 73.61047183694778, 77.29557291280209, 75.1943340238813, 63.00804738207012, 56.292236550967665, 53.879422426608826, 76.9322798749161, 72.64276195273766, 74.45740140697826, 80.06617169115869, 83.31101323590208, 88.46128802188838, 99.01209342372252, 100.43627487199782, 98.8825193175355, 94.75708668395917, 89.84932071590363, 85.69429930658632, 77.8280969241613, 77.54585299525822, 82.3489289268136, 86.89385344647599, 93.14502461782685, 90.15809197880071, 86.52811036925415, 82.17867888116027, 46.968209289584266, 52.93565397695725, 65.76358463079288, 75.82389717390016, 90.79057406633481, 104.90341336978818, 110.02919865299691, 119.95251718936872, 131.91520767288608, 136.8473442611898, 140.97628655280195, 133.5892225315171, 127.9973513310474, 119.77568306706947, 107.52566367337974], [12.815800442388998, 6.661633173209406, 10.70335846396714, 22.42111878480021, 16.33622598982623, 13.210053868847549, 16.65256274357902, 54.775765194178234, 59.573619274837974, 67.25777804441192, 76.10284784796227, 82.5274709342301, 76.68687808867358, 68.57458942328338, 60.35071379387898, 20.078587985624612, 11.07009967109136, 6.487282122740232, 11.561408804101257, 20.866445864269117, 18.963433268713256, 7.324195571339554, 0.0, 9.704112118009924, 18.042482664488748, 53.23735940085402, 62.471042831646685, 70.04839835706909, 78.96976190854558, 84.7950846355894, 83.11711802240828, 78.40249006988795, 69.78835653462816, 62.5553140624282, 56.295173149882054, 30.02110523693653, 33.974476240347855, 40.39051068069529, 46.459931084396, 56.78666031705308, 62.48803406370799, 67.86566260465514, 71.6813557546642, 69.27241439433372, 56.36438155511526, 49.75491152610772, 47.170706248234445, 74.44759979736433, 69.23461442811505, 70.04678952298079, 75.30458680744957, 78.21588428136253, 83.37452273887575, 94.25959803507958, 95.90567145070584, 94.6367126370705, 90.87461598422959, 86.43827872322693, 82.73458507665408, 74.7136006977474, 73.68225042681917, 77.8079015583861, 82.0475758864875, 88.42782405222191, 85.63510919966085, 82.35751891042138, 78.6297055488451, 53.28128042076731, 58.86597609821451, 70.4315430004989, 79.29923218466581, 93.37989106177422, 106.42364471769633, 110.40375636484913, 117.24664660741722, 128.51905933369534, 133.35373609661627, 137.77945569323578, 130.23403819310053, 124.10906347322765, 115.74814643656093, 102.93138435097454], [5.293256318905121, 8.098650211269222, 16.591623829757413, 28.45559794518488, 21.407014213201265, 13.31781507254899, 11.992592301445544, 45.47802966940921, 50.27705908115383, 57.869957548525655, 66.75075684971888, 73.28884204884861, 67.3315941595434, 59.22289841140207, 51.09429519239823, 11.901232047570284, 7.450543975090813, 12.103567226131393, 20.252737727999964, 29.1900575282313, 27.43989626669842, 16.740918308959785, 9.704112118009924, 0.0, 8.38799564485354, 43.87264545498012, 53.17303894048031, 60.96423632282614, 69.99360406507637, 75.8478225806325, 73.94356643386624, 69.1541620445273, 60.42878751794336, 53.12162442748896, 46.835627952117754, 20.339027367747185, 24.865049317116704, 32.525969594405055, 40.751561307866154, 51.0383702259744, 55.895283034487086, 60.53320965634651, 63.7684612376165, 60.636430270932685, 47.23050338110982, 40.204841508350675, 37.569196010873306, 71.05895998356996, 64.8858740034579, 64.40049968664341, 69.03079725811702, 71.29409412448753, 76.1608982719181, 87.01494560321005, 89.22940419569706, 88.5362262274911, 85.4139721795726, 81.78296809216559, 78.7030898054061, 70.48723823966677, 68.5512332150728, 71.70336558208443, 75.28450467433892, 81.47972029178158, 79.12812937353088, 76.54161912906072, 73.74882076530889, 60.5428150667921, 64.93477110638091, 74.90135344120743, 82.25472062306555, 95.32780985065945, 107.00070749486133, 109.62447181270763, 112.94628187814543, 122.39879895240875, 126.76061027820514, 131.18183502386668, 123.36578740979446, 116.62673908191974, 108.21586927206145, 95.29815164198547], [7.672839555866851, 15.346044921773068, 23.767867032246752, 34.91586858720456, 27.85683470089818, 18.320874469968757, 13.432630756775122, 37.322655344794455, 42.068336062546464, 49.56538571395528, 58.4693253490283, 65.09790185171121, 59.07101060979027, 50.99775643864783, 42.96070562934502, 8.08229183350997, 11.857719532885485, 19.351048800012414, 27.940955056244213, 36.49544557022715, 34.963525513791566, 24.90700084675497, 18.042482664488748, 8.38799564485354, 0.0, 35.712858892070095, 44.992201168546245, 52.89149274224055, 61.95510040549773, 67.80977715920407, 65.75258566565252, 60.92716446105124, 52.1512056928895, 44.80012213082641, 38.5076477040484, 12.15861497632214, 18.11955355441182, 27.61050481402819, 37.96562304432454, 47.921829028299214, 51.88881940138285, 55.63998733773983, 57.96060583218511, 53.87387462376087, 40.085176604917386, 32.14090913727023, 29.193672367093477, 69.78678184236539, 62.893515311446336, 61.18379717687043, 65.08994209362429, 66.60498496843108, 71.03089966982348, 81.61734418892398, 84.51105157661152, 84.4638078121339, 82.03336041184191, 79.2476087278953, 76.7757900375731, 68.45836289453226, 65.72178903293289, 67.86905556061144, 70.67286771421651, 76.51215973214151, 74.69035913318413, 72.88585493369688, 71.05187396557932, 66.5822154768864, 70.27724771294143, 79.24037517054995, 85.48784664675215, 97.81306329066504, 108.3711278046104, 109.93543007591045, 110.38387592531804, 117.73003889924755, 121.43552518907963, 125.56476994674935, 117.38052836287508, 109.9748855423566, 101.32706141760298, 88.24581458125664], [42.71692069307071, 50.913211812572534, 59.074611841581074, 69.14703653644395, 62.55433824202408, 52.64128170204522, 45.86033118858217, 17.00148971389331, 16.730056587735767, 18.55545599485957, 27.327557425729456, 35.28781272737466, 29.14635183171753, 23.639610132177943, 19.772423882995554, 34.27465869594412, 43.844532213636334, 52.604739093850036, 61.722308820724145, 69.97127722824929, 69.31729408833297, 59.95316515338336, 53.23735940085402, 43.87264545498012, 35.712858892070095, 0.0, 9.796416433881525, 18.781146022563746, 28.816050665960088, 35.44429968350411, 32.81985030102155, 27.096285229956393, 17.943629664991054, 11.808141640755332, 7.151540771742407, 24.646352244212956, 29.72854626471557, 37.90223946405914, 52.14600967647897, 57.83740976764172, 56.30591942727998, 54.51299058465352, 52.30726496744021, 43.12717353553276, 30.108776503303854, 19.2225017772695, 9.140771964141923, 83.1909083059032, 74.28825120244271, 67.63009008090138