{
	"dissimilarities": [[0.0, 8.450096086658482, 16.443068709779112, 26.905270155251458, 19.107888834125816, 10.763687250821064, 6.083682218561468, 43.47670734143742, 48.50336584610444, 56.514343978515086, 65.18923779649558, 72.64608511217332, 65.52569848875152, 57.25638908887743, 48.96797555951899, 14.387144086589737, 12.713353191789098, 16.40488876538689, 22.138161613419957, 31.03801141444511, 27.005776882134793, 19.26836719708805, 12.032495736083474, 6.624105954046783, 9.569434461176744, 43.78151800571747, 51.988580767147326, 60.384876649148204, 69.29553675726022, 74.51745521881692, 72.66555801700873, 67.05417967984609, 59.5965301619213, 52.20009108240188, 45.97650503871997, 20.263526785614545, 23.443885249452876, 32.29281663085593, 36.95716915957662, 48.212936138394696, 53.68550339460337, 58.55709619624632, 61.672815217599485, 58.04495893326791, 45.85290008717244, 38.887256693122055, 36.72814249805868, 66.57424545786152, 60.87176404415738, 61.38718907751143, 65.5026707582349, 67.7925830550104, 71.59992918803974, 81.90522027271751, 84.54350074307753, 83.47290999029357, 81.28862802985611, 77.65037878580337, 74.44322008352667, 66.16957096212779, 63.71013675282571, 68.01840997370682, 70.2812286047096, 77.39394058968246, 73.63951096900111, 72.48561377204197, 68.51654293113921, 59.71258898503043, 61.04573078313363, 68.97489558506533, 78.2726264349096, 89.29326297071448, 100.9250301386843, 103.91093220534538, 108.36726333619295, 117.27677137354223, 121.55541667583921, 127.37288111080174, 118.29328281145565, 112.26563509716108, 102.79049544254434, 92.41690047898402], [8.450096086658482, 0.0, 9.541260279770386, 20.965182993527527, 13.425876070375633, 8.053684257018832, 11.155824547913255, 51.92676380663768, 56.94053316133938, 64.90760296840665, 73.61356326582543, 81.08355334553616, 73.9713959795134, 65.70516998239813, 57.41720065391337, 19.15265166286765, 12.884940704483236, 11.756373284140054, 15.605549300835074, 24.681436901046624, 19.91117957720961, 11.513353118840834, 5.150867392869865, 8.007578645933675, 16.401746263985064, 51.67764678901398, 59.956909023805004, 68.44343540935378, 77.41950322427783, 82.75124606465035, 80.98580386511176, 75.31511303002961, 67.8302505564543, 60.47363480373027, 54.22300333080371, 27.940012449318687, 30.70786842607772, 37.828556513212185, 41.10578587471639, 52.31591041402747, 58.30534719048441, 63.84750297369461, 68.09015783967416, 65.23045672036905, 53.0895413229406, 46.9858361661226, 44.96574047457723, 68.67565727885075, 63.76042695592091, 65.20193705425552, 70.07601853071672, 73.04876801021058, 77.34576595094754, 87.99496975511298, 89.80346241546847, 88.19785086049613, 85.3395137014156, 80.9056706571595, 77.17069721423181, 69.10431195057609, 67.35628054864884, 72.51182207635934, 75.43128265123296, 83.01876712897231, 78.710013011552, 76.8624588510113, 72.07750453773458, 54.67258094815909, 56.76239693546749, 65.67950633550738, 76.26415738219191, 87.86211728262543, 100.48531168972987, 104.58150951657075, 111.67384011330314, 122.75135241734522, 127.73969822528954, 133.91944817553468, 125.27406026978211, 119.80538812930821, 110.53670421326716, 100.00441716368242], [16.443068709779112, 9.541260279770386, 0.0, 11.544038663192527, 4.888777636535435, 8.690513016228964, 16.08510686654671, 58.757613210430435, 63.929991772772055, 72.24228801331822, 80.7002437213234, 87.65533302578514, 80.85249809016402, 72.50836842748241, 64.1145993173015, 28.646190890454722, 21.408293228751262, 16.548552079380297, 14.949168618500833, 19.19772576351402, 13.729996342182506, 10.221284756436932, 11.658015043603351, 17.533305477563694, 25.505847085488146, 60.190970386569894, 68.30486745386824, 76.45405075999265, 84.99167364651763, 90.02181310255332, 88.31868434664503, 83.00049811476254, 75.69811239439902, 68.29232033169919, 62.13929252051084, 36.555343180798005, 37.81993901949712, 43.52542943445071, 43.66261609688139, 54.4328232195947, 61.795846727186166, 68.19726837480303, 72.18262972154216, 70.24816985237473, 59.72031390077468, 54.05261232636391, 52.92484418389645, 67.34266842394986, 64.06103706394792, 66.96576321219518, 72.61986363322193, 76.18240141514188, 80.56971475577045, 90.68120453243696, 91.8672173424853, 89.86381449890267, 86.30229685064809, 81.1313575143592, 76.6884026680362, 68.9073123994196, 68.59519042064947, 74.6836770390126, 78.23911549624815, 85.48399278853744, 80.8668353415004, 78.35801211717535, 72.58671915203782, 49.2677483889862, 48.58136334987809, 56.99168151091715, 68.33604515811913, 80.55616886525094, 94.13819975976303, 99.61108764406067, 110.84865175183633, 123.21721328115552, 128.7088124645283, 134.96528979707765, 127.08909418304808, 122.87563130944498, 114.84919900534938, 106.2478743275289], [26.905270155251458, 20.965182993527527, 11.544038663192527, 0.0, 8.835684398758307, 17.98977851131517, 25.077881643086524, 66.69651040218535, 71.9171175926111, 80.51318530670827, 88.60780699137125, 94.88192027548938, 88.55708315235927, 80.24223909848767, 71.81876259041866, 39.83406842839966, 32.17590112123869, 25.858457247744262, 20.813475625879164, 17.194228270618545, 13.1607164703097, 17.895313586977174, 22.70558255612064, 28.866696531393078, 36.345043525095136, 69.9405522822304, 77.74413830046291, 85.3650138350487, 93.26379060504743, 97.90845441896028, 96.35736865212378, 91.52465784262684, 84.53125737712999, 77.16032970472835, 71.19021564787795, 46.88903398229111, 47.18136579191192, 51.987856980609074, 49.16571346305823, 59.088522283271935, 67.79709566448427, 74.8715218283498, 78.01167871806132, 76.86828185034932, 68.27653906102582, 62.70823716794803, 62.2331108885261, 67.75895023757931, 66.57106763191508, 71.01640413571882, 77.28477696698945, 81.26872114132549, 85.49620110418299, 94.58822479470038, 95.33680380450959, 93.06383498382021, 88.87432728579034, 83.08669483147625, 77.92169070607252, 70.59080257796154, 71.98554708568949, 78.864882254054, 82.92267309316055, 89.39056995482423, 84.68120784608067, 81.62324194342617, 74.93199407279486, 43.57219700098328, 38.22513525660907, 46.10753743502443, 58.647928249153146, 72.0241358102228, 86.90570026448083, 94.30156618354115, 110.92186216334174, 123.90930164757565, 129.61184106618094, 135.47394646154768, 128.38752907398649, 125.57533194891285, 118.88633941692414, 112.58273197967146], [19.107888834125816, 13.425876070375633, 4.888777636535435, 8.835684398758307, 0.0, 9.3834568325234, 17.190314123946806, 59.8080575535225, 65.11501705392972, 73.61101206604788, 81.86741378852554, 88.50947340909059, 81.83117480629814, 73.43041743335829, 65.0534228520712, 32.28043218357006, 25.84310097120313, 21.38943951005063, 19.27697339551028, 21.179197011448448, 15.901477068302997, 14.777330311024418, 16.29908859294326, 21.300537241516565, 28.4795570638208, 62.445442425698744, 70.49914471975428, 78.51967310886245, 86.85501236855087, 91.62303488822637, 89.80671242777818, 84.6889720502192, 77.4637059949758, 70.00003766607337, 63.92845122089151, 38.804872387767674, 38.78659200301496, 43.5563112195427, 41.97612386395996, 52.394870019438365, 60.41458873426524, 67.19558300548306, 70.93516806532207, 69.55652196451669, 60.07955734598054, 54.89214170281209, 54.65082165331089, 63.772371114160094, 61.17612322070126, 64.69726791935263, 70.64476732691205, 74.43962438072451, 78.82452382868605, 88.6385069425985, 89.51354322349886, 87.35079448866577, 83.51612524047933, 78.09675155095739, 73.39901622496221, 65.74889987839975, 66.0629330223276, 72.50755444778683, 76.3201769680981, 83.34186291981177, 78.60710951886897, 75.82962416901134, 69.67894176669236, 50.21565832245202, 46.533857299456585, 52.994401395205664, 63.80949381527615, 75.7411214507545, 89.29792527044962, 94.91080052912004, 107.27794801035049, 120.19699558479297, 126.05287296249948, 132.71103036531858, 125.40036010861535, 121.95609696071936, 115.01388904664763, 107.95020679061186], [10.763687250821064, 8.053684257018832, 8.690513016228964, 17.98977851131517, 9.3834568325234, 0.0, 8.45548022854391, 51.36294994912514, 56.69347300199164, 65.05894812913517, 73.43429032444719, 80.38735636935299, 73.4374444294096, 65.00873737816283, 56.69791911358484, 24.37762094187712, 20.30750322803347, 19.366137440973326, 21.241382739955068, 27.16379070712968, 22.108384928845574, 16.662774241503573, 12.928469205399182, 14.163906348114491, 19.86981158143934, 53.516101553227905, 61.71022851448516, 69.9910622991514, 78.63414701257176, 83.48537416163371, 81.46751014263312, 76.13778288939008, 68.75881605541936, 61.24932936943016, 55.123492512387664, 29.611935815940807, 29.53687867410099, 35.114879539043, 35.6025679961813, 46.58585661318874, 53.67649377278477, 59.848598936553195, 63.613471479560204, 61.596136403409574, 51.17191353044631, 45.87859981321956, 45.650884778039604, 61.37947013764119, 57.18252896121957, 59.39440940245789, 64.66998651114862, 67.95126065434125, 72.23399145698791, 82.49515048589446, 83.92203189214709, 82.13054405561145, 78.94349850327413, 74.24229604756954, 70.2124926887178, 62.20662607401575, 61.209268372068045, 66.83523690604791, 70.09603189968243, 77.36489515991796, 72.89753074829518, 70.72061735540787, 65.45860971654118, 56.72896633322671, 54.424949305362055, 60.25765929206876, 69.59094198801029, 80.43976596680871, 92.65431300618647, 96.53391061649972, 104.45336250438646, 116.13504907857505, 121.66698107441412, 128.58977131629638, 120.79860503112901, 116.49321915371516, 109.04679573427332, 101.19268992073498], [6.083682218561468, 11.155824547913255, 16.08510686654671, 25.077881643086524, 17.190314123946806, 8.45548022854391, 0.0, 42.97049508345317, 48.269368004855814, 56.6454695931372, 65.02221162027016, 72.00844842022725, 65.06312565322712, 56.65822206331696, 48.32189786061121, 19.69498992335429, 18.713831114683092, 21.106731083926803, 25.2830343385087, 32.27748782880926, 28.06690795371063, 21.889431929995485, 15.973978323768003, 12.390982640386074, 13.937657988312527, 45.50984493385058, 53.55873355931955, 61.68870892825241, 70.24093844980682, 75.04369616215878, 73.02044014698168, 67.73687703558281, 60.41274422370493, 52.91148227060468, 46.826101502338865, 22.258397917998927, 22.712289009720994, 30.447593886345373, 32.83868058128904, 43.994599406443015, 50.40393584099258, 55.75695411966588, 58.27247632751597, 55.2361548443606, 44.54280823952141, 38.09137819894948, 37.475951094238354, 61.28431117673108, 56.12861021141341, 57.20845142049614, 61.59011930570793, 64.06310833755704, 67.79109413227461, 77.70144833512636, 80.15459187989326, 78.99711098233139, 76.60439920179981, 72.81993042125931, 69.40238092702917, 61.13998592763473, 59.25910164904881, 63.884374581806604, 66.36375319597882, 73.1256727096197, 69.31065148616707, 67.96133463823827, 63.661861933353336, 60.69918958668493, 58.98736199572551, 64.83842024269094, 73.20285149562386, 83.7339675360543, 95.0510807008603, 97.89699455245487, 103.0513459002484, 112.15129333505755, 116.74024443955648, 122.99134345763531, 114.51129738877499, 109.37318785927705, 101.29722045723506, 93.12033904288393], [43.47670734143742, 51.92676380663768, 58.757613210430435, 66.69651040218535, 59.8080575535225, 51.36294994912514, 42.97049508345317, 0.0, 5.662044022322062, 14.351331699897434, 22.122779625761094, 29.344606019171326, 22.111010611285252, 13.810937115991441, 5.55390389175497, 40.48011005360862, 48.91953545650543, 56.544566916151894, 63.35757890413606, 71.01347577906392, 68.55451543728306, 62.09718219447988, 54.859152246423065, 46.85910667923423, 37.87400331460413, 17.080640053848477, 19.12224175590349, 23.597370654766305, 30.35545502723374, 33.81436034602347, 30.92840543256107, 26.426607601356988, 20.176106850691216, 13.526819435507596, 10.82183144683842, 27.615284518980676, 28.01025508202458, 36.14911078330211, 44.32802599522687, 49.70001319118687, 49.8674280909114, 48.61005199664706, 42.262920371003666, 32.807886924917426, 26.054727575871983, 13.881315135898976, 11.924789001959324, 72.42182984510372, 64.22711481059639, 59.61736222295487, 58.05647068573321, 55.287041671682836, 54.71299598646688, 60.48175804334739, 68.58579897375785, 71.20114267158249, 73.55851351803075, 75.16631709368595, 75.43421243934304, 67.8959156545475, 62.224451582290364, 60.40579516267923, 57.87171302979262, 60.16768850912353, 60.99856833704348, 64.5313289462247, 66.27552947466494, 93.74347877115763, 92.66977642628163, 96.50379872927107, 100.00434697408076, 107.51708231088702, 113.70162854819665, 111.2023607419791, 101.41534944868104, 96.3168746258162, 95.52882639838124, 98.50206246703253, 86.71559463296381, 76.61196040364153, 65.75844762653517, 57.267889031118216], [48.50336584610444, 56.94053316133938, 63.929991772772055, 71.9171175926111, 65.11501705392972, 56.69347300199164, 48.269368004855814, 5.662044022322062, 0.0, 8.894400632018437, 16.77254149934115, 24.37748808933035, 17.128997520605516, 9.399822948516688, 3.3633490810622084, 44.644593519369046, 53.20252221280398, 60.96093935424698, 67.88619588210969, 75.60852519354842, 73.35645469451683, 66.88282977223307, 59.66715091177896, 51.614517959537594, 42.53496870425563, 16.8715736573357, 16.156720692654496, 18.747413658229526, 24.8449664572029, 28.177932951632652, 25.28339156448996, 20.89446411157199, 15.140243099369572, 9.512608314733608, 9.530920423387025, 32.12567585187258, 33.20924323108313, 41.07779898186087, 49.55715458975878, 54.42581905191533, 53.95289534033317, 51.98422578453658, 44.95250738358633, 35.02190440990337, 29.215861029489254, 18.127053395630107, 15.126869952726475, 77.09230968198439, 68.79680714136877, 63.78110338596758, 61.665047263172845, 58.37842631872169, 57.28817080084231, 62.284241815579726, 70.99753558348571, 74.03971552389122, 76.90755196516683, 79.04254581736978, 79.64907056896975, 72.30364772663505, 66.39891046533656, 63.97777061609956, 60.934085745980525, 62.61478899578898, 64.02775304804555, 68.03374268122661, 70.35376423047836, 97.59086972890434, 97.1714425141881, 101.40640625127409, 104.82583033368172, 112.33698051773649, 118.24605008840227, 115.47050827013992, 104.51298314257544, 97.51197535402584, 95.74461149069302, 97.75011606128253, 85.27067436870354, 74.05837451590823, 61.98752989266425, 52.37780427142968], [56.514343978515086, 64.90760296840665, 72.24228801331822, 80.51318530670827, 73.61101206604788, 65.05894812913517, 56.6454695931372, 14.351331699897434, 8.894400632018437, 0.0, 9.072905994206875, 18.13693382249946, 10.55188767699486, 6.875334461082532, 10.424191724697602, 51.31432240843395, 60.27189899282179, 68.34840335324239, 75.5540524284869, 83.63817606866746, 81.47584344562738, 74.71888786218449, 67.35424499542376, 59.1485149831072, 49.90075134849819, 18.823237180757033, 13.863613619056107, 12.493757079124157, 17.467705177755697, 20.530311946423346, 17.042769435518924, 12.269137553298274, 7.544575588747589, 6.9628144143377115, 12.22019302798061, 39.05407151859927, 40.52885259324805, 47.56727028028731, 56.75972932536798, 60.80119472095268, 59.04437703729642, 55.909622536342894, 48.51570398380567, 38.18155240167415, 33.26857207260897, 24.359771372429485, 21.1749596644298, 83.70796366249841, 74.9948958551332, 69.17371786170312, 66.18468964160525, 62.17631967140284, 60.510393840934704, 64.79723819238819, 74.10189811625555, 77.66598492521695, 81.28886474729318, 84.20136297239786, 85.41573385933428, 78.40320273844883, 71.90442264374933, 68.52192283130053, 64.742795483974, 65.88847794769617, 68.00076286393089, 72.6524397274651, 75.91194310328451, 105.18922786858293, 105.66257320769571, 110.16868439031514, 113.36725815931815, 120.56628267472868, 125.89746652156522, 122.4100986109069, 108.78928601855571, 99.73233615372664, 96.95377372044113, 98.26644189225411, 85.11911273428034, 72.4024748179558, 58.932463605204674, 47.34524348625373], [65.18923779649558, 73.61356326582543, 80.7002437213234, 88.60780699137125, 81.86741378852554, 73.43429032444719, 65.02221162027016, 22.122779625761094, 16.77254149934115, 9.072905994206875, 0.0, 9.55463337813325, 3.2874452844801842, 9.389121538858365, 17.072596568060206, 60.36807699955286, 69.25214714616357, 77.21960922862414, 84.2837878483569, 92.02101980016147, 89.96019391165594, 83.46591342180952, 76.1945717705098, 68.04033554490017, 58.827901621714666, 27.452051964438088, 21.20308163986709, 15.948095717403817, 15.145960467613468, 14.972549244437367, 10.49162300471881, 9.558212497163941, 11.55330448390161, 15.471037345311595, 21.21750967326432, 47.96626811873982, 48.70048200557967, 54.70336549763727, 62.99385305586646, 65.84471180057432, 63.59364973557239, 59.67864096703628, 50.579945153576276, 40.28954000815986, 38.746113869570124, 31.69157935927549, 30.064370234946185, 87.75548064282076, 79.24858254732918, 73.06249603554245, 69.25383569584932, 64.48734261254148, 61.81314893511143, 64.24631655961572, 74.42977069973273, 78.69345885404056, 83.0927695571516, 86.89779787800094, 88.63685970016691, 82.09886932072192, 75.58431443607961, 71.31331037713659, 66.80154001253082, 66.47263940368155, 69.60555501072962, 74.95669763368674, 79.0734215021221, 112.83145388194218, 112.53571667676364, 116.22826617881121, 118.47921473991047, 125.01756094650786, 129.37094545560785, 125.073667369077, 109.43776348298924, 97.12467145214235, 92.93541527189326, 93.22246984023975, 79.60764105442904, 65.92604201465599, 52.50109668353114, 42.96339544715962], [72.64608511217332, 81.08355334553616, 87.65533302578514, 94.88192027548938, 88.50947340909059, 80.38735636935299, 72.00844842022725, 29.344606019171326, 24.37748808933035, 18.13693382249946, 9.55463337813325, 0.0, 8.416683305577621, 16.13748239214847, 23.876488263803974, 68.85109661034694, 77.3630154252416, 84.98761935170776, 91.6886249562473, 98.71296721702615, 96.83416351138113, 90.90856557952596, 83.91492381143762, 75.95152081212863, 66.90855612301402, 36.846247067691806, 30.55989687217509, 24.086381448617143, 19.186847432312117, 15.169929375310552, 11.873113958368503, 16.163703449741615, 20.743032489262774, 24.855681394450485, 30.33912788577646, 56.351723886262164, 56.376720049928245, 61.78311190472514, 68.57429301458342, 70.46033862674255, 68.43833606545668, 64.2945470321757, 53.23393248268839, 43.40884337235354, 45.38395178218615, 39.190851152287806, 38.72027686080445, 90.67786153549041, 82.8415774376085, 76.7783795524428, 72.48558933869506, 67.2048738061273, 63.51719345896751, 63.6071829060243, 74.6553928711828, 79.56284367048319, 84.51851951565345, 89.02061981647772, 91.03868681938567, 84.95989511441927, 78.91509587160392, 74.12539456481487, 69.13581468911043, 67.00680645167031, 71.12773814892584, 76.98544392569885, 81.60313251812272, 118.42374776211386, 116.81199270935836, 119.50343238350347, 120.70688448896387, 126.68276506029763, 130.13548221845565, 125.3331586874578, 109.0422865606412, 93.00528366406675, 87.07847270183846, 85.7076530081373, 71.54351649247235, 57.10562309015337, 44.2591585980382, 39.57858430426634], [65.52569848875152, 73.9713959795134, 80.85249809016402, 88.55708315235927, 81.83117480629814, 73.4374444294096, 65.06312565322712, 22.111010611285252, 17.128997520605516, 10.55188767699486, 3.2874452844801842, 8.416683305577621, 0.0, 8.507499407305358, 16.778064000809447, 61.28893683012635, 70.15445544529409, 78.03641529255228, 84.9927033382732, 92.54982902962882, 90.38913847217692, 84.00620723677855, 76.73938118037253, 68.61679504967081, 59.440135089137, 29.11884330399911, 23.525024063588496, 19.047711343509512, 18.253927861839077, 17.374640320689146, 12.880329800110475, 12.74854523274581, 14.261439441395598, 17.213404038522683, 22.55752685497162, 48.54349817380715, 48.53052310190382, 53.986203817819195, 61.66930145536401, 64.08011945840845, 61.84835366862747, 57.86477855355088, 48.142979393257136, 37.93661945520118, 37.69264647068647, 31.222540811846738, 30.759800678391223, 85.5532589349367, 77.1691108992919, 70.97056098886723, 67.00942994744338, 62.105086870512274, 59.18983523105926, 61.20990962360457, 71.53716603669776, 75.91625478266334, 80.42835694125809, 84.40146867849947, 86.23450694419607, 79.82664806790551, 73.39036564364073, 68.9585197623106, 64.3254871446519, 63.61757405245709, 66.94421849121174, 72.41670518676216, 76.68398597009917, 113.56467470178893, 112.3923119420065, 115.31616562063631, 117.07013758255715, 123.19166511432192, 127.1616127085991, 122.55355459521614, 106.47323503100596, 93.851127219843, 89.73437749083054, 90.43179191909164, 77.13654426227463, 63.9264377065061, 51.81702413138417, 44.67974749497203], [57.25638908887743, 65.70516998239813, 72.50836842748241, 80.24223909848767, 73.43041743335829, 65.00873737816283, 56.65822206331696, 13.810937115991441, 9.399822948516688, 6.875334461082532, 9.389121538858365, 16.13748239214847, 8.507499407305358, 0.0, 8.47031381981075, 53.576822717952076, 62.37043721278213, 70.17179928609956, 77.06624664912185, 84.63432034619764, 82.29992260682717, 75.88993322118259, 68.5998843786208, 60.51042267485035, 51.39040632301543, 23.502526622471912, 20.135100074702112, 19.205805810878907, 22.266077230002868, 23.52389623184761, 19.603538294168096, 16.869426092093146, 13.939973167299465, 12.655594050911006, 16.313695257979074, 40.58021938183915, 40.257054648488804, 46.150714483707546, 53.85126597163319, 57.002096370052506, 55.46109772496958, 52.27580044201624, 43.355036277722576, 33.06823746144608, 31.093020661835897, 23.221885138024994, 23.156253218206054, 78.97292229147928, 70.58245991000317, 64.81280577513924, 61.55652232169268, 57.28120648569751, 55.105048662292035, 58.52567953538682, 68.16256017728108, 71.95946093810234, 75.77334538669074, 78.99874679745797, 80.35215958703957, 73.55823856177099, 67.30236573111814, 63.645993784508924, 59.646273182494056, 59.962351008370625, 62.46213124497519, 67.34991088701395, 70.85373574513349, 106.43397586150397, 104.93121925883368, 107.79728846632374, 109.93226358920356, 116.32324033418693, 120.89920763547333, 116.84735608758402, 102.63795862548751, 92.87333250266077, 90.1938723063329, 92.1582843917875, 79.60480005315264, 67.85208850792608, 56.78949640155701, 49.76704196790999], [48.96797555951899, 57.41720065391337, 64.1145993173015, 71.81876259041866, 65.0534228520712, 56.69791911358484, 48.32189786061121, 5.55390389175497, 3.3633490810622084, 10.424191724697602, 17.072596568060206, 23.876488263803974, 16.778064000809447, 8.47031381981075, 0.0, 45.94777426867379, 54.40711971275431, 62.00705204036706, 68.76051284270802, 76.21421834008504, 73.85794366186389, 67.56096613434691, 60.384507236679426, 52.40736794475465, 43.424608613832575, 19.613160221083138, 19.228841643928114, 21.502789548420758, 26.83752945298619, 29.48217336016399, 26.345222554924188, 22.565359403052188, 17.378382481216544, 12.255650380421638, 12.352619810177188, 33.062736037022354, 33.04403587541805, 40.22662650624044, 47.91040879249725, 52.3279536978935, 51.979850259365875, 50.007902123560825, 42.24818612837798, 32.34963230966131, 27.957569379536036, 17.416918495718384, 16.583367769942424, 74.57666110793348, 66.42366566498309, 61.43293513177463, 59.20115013449373, 55.80407589343952, 54.497489014863994, 59.145750852712645, 67.97818040225786, 71.10855204094507, 74.04647306207005, 76.3151421341123, 76.9818655127392, 69.7276102268367, 63.93590238195104, 61.397922119161194, 58.267428749316466, 59.591799454126125, 61.154904202048165, 65.2566477238931, 67.67786931593061, 98.35184537369184, 96.8883141825032, 100.23915176019867, 103.10206275287554, 110.18626509058139, 115.71386753602714, 112.64358277528382, 101.38847346376363, 94.16654973550611, 92.51944646568728, 94.91559330743345, 82.7737766127624, 72.08975646730454, 61.2113118306702, 53.66843234081611], [14.387144086589737, 19.15265166286765, 28.646190890454722, 39.83406842839966, 32.28043218357006, 24.37762094187712, 19.69498992335429, 40.48011005360862, 44.644593519369046, 51.31432240843395, 60.36807699955286, 68.85109661034694, 61.28893683012635, 53.576822717952076, 45.94777426867379, 0.0, 10.737356389158647, 19.941348431348796, 28.442822046709168, 39.894101666924655, 36.55221116097124, 27.087291946273275, 18.984648118502093, 11.16730301965994, 6.469875278310315, 35.319838922406554, 43.69998811457231, 52.74326006353595, 62.536117438972255, 68.52740760960387, 66.76953883556445, 60.39631888692874, 52.697800039393954, 45.76061511125201, 39.5184518785325, 14.204994368078994, 22.908581519797202, 33.30396940705169, 43.164679554244216, 53.94976567059059, 56.6665431524212, 59.80459339263211, 63.786048732363724, 58.690641692201574, 43.50270112057404, 36.023568852096595, 30.921489040599415, 75.67461966403701, 68.1525872579164, 66.66887802541807, 69.55376248119914, 70.9675265471537, 74.66371586969534, 85.72602599644739, 89.05473923166377, 88.46662329042806, 87.22678796550608, 84.51986724846965, 82.2786620130026, 74.008130534413, 69.6899271485123, 72.58790786120535, 73.90796595928548, 81.5846076719699, 78.27968036805923, 77.9999421724534, 75.44682897417684, 67.21948278934317, 73.23292230188441, 83.09837889712382, 92.61133677945305, 103.41116401941117, 114.4570516104912, 116.34587603483453, 116.18758536967228, 123.79203874466515, 127.33505733356154, 132.77336019653737, 122.48885167394516, 114.34836496435554, 102.2950119101147, 87.46335533423762], [12.713353191789098, 12.884940704483236, 21.408293228751262, 32.17590112123869, 25.84310097120313, 20.30750322803347, 18.713831114683092, 48.91953545650543, 53.20252221280398, 60.27189899282179, 69.25214714616357, 77.3630154252416, 70.15445544529409, 62.37043721278213, 54.40711971275431, 10.737356389158647, 0.0, 9.287087232609968, 17.907286363566396, 29.720440616912306, 26.679545968643207, 17.328582583803932, 10.618106997951614, 7.340475882328474, 12.569875525104177, 45.02506991110647, 53.076941947047054, 61.59889783771045, 70.8808366778555, 76.83051855193206, 75.45966209729347, 69.3929221273453, 61.93869807065706, 55.038880416285814, 48.841829585077754, 23.915373682045324, 31.170223515867317, 40.74773444950235, 48.022668421804724, 59.23245036412339, 63.42237585324693, 67.58179844715731, 71.61326382094904, 67.16098693766985, 52.971359765780264, 45.37557200516205, 40.47174091478183, 78.50538969235558, 72.28200733510366, 72.18873858322907, 76.00076702784695, 78.08133734028605, 82.00627449317076, 92.80118896362028, 95.6656413954757, 94.6787196223954, 92.71484687980764, 89.17269250699768, 86.16351936610779, 77.93281623377517, 74.84140097993426, 78.80060639371396, 80.81022377260847, 88.39923436918757, 84.71626427558827, 83.76718119787292, 80.14656807220118, 57.16115018037773, 64.71919566468645, 76.67713366826142, 87.8856899269034, 100.03478436421136, 112.52992569322407, 116.18082001247893, 120.48966317935756, 129.21824919870912, 132.93343284486534, 137.75833280498716, 127.63476821410951, 120.12605101576872, 108.05335700152456, 93.518077048615], [16.40488876538689, 11.756373284140054, 16.548552079380297, 25.858457247744262, 21.38943951005063, 19.366137440973326, 21.106731083926803, 56.544566916151894, 60.96093935424698, 68.34840335324239, 77.21960922862414, 84.98761935170776, 78.03641529255228, 70.17179928609956, 62.00705204036706, 19.941348431348796, 9.287087232609968, 0.0, 8.679375578530285, 20.875941879350204, 18.03502633575989, 9.2731346551954, 7.622639086726722, 12.417105903018024, 20.54565101806575, 53.82372771181831, 61.710964499859216, 69.90095208407757, 78.79505475326178, 84.61446446449952, 83.44180578654375, 77.63480050033078, 70.34236215773961, 63.422697663225755, 57.2631086717147, 32.449016382909136, 38.48346141470379, 47.16631757846705, 52.260227305779736, 63.52882653013394, 68.8490736252939, 73.80241116522465, 77.87977641004714, 74.06402422956752, 60.78160726473978, 53.3436608852249, 48.92526031291288, 80.4288979031957, 75.39291890879748, 76.46591342517206, 81.01046254132271, 83.64050331917801, 87.74638300096063, 98.29061320122204, 100.67812243907129, 99.33426664818799, 96.75276982951658, 92.52059082249754, 88.8868475358123, 80.79294399783578, 78.77439986218128, 83.58362088263247, 86.16600653322939, 93.65549225342323, 89.65150767567182, 88.12762228721748, 83.63680387718797, 48.86160425467705, 57.23775876930523, 70.73397477739049, 83.30488213605501, 96.45123302670743, 110.09228223113335, 115.21511348274767, 123.31925395166199, 133.16733583153663, 137.1686321015905, 141.70710089738205, 131.9334431464802, 125.1849460620929, 113.51853532667958, 99.79830317909193], [22.138161613419957, 15.605549300835074, 14.949168618500833, 20.813475625879164, 19.27697339551028, 21.241382739955068, 25.2830343385087, 63.35757890413606, 67.88619588210969, 75.5540524284869, 84.2837878483569, 91.6886249562473, 84.9927033382732, 77.06624664912185, 68.76051284270802, 28.442822046709168, 17.907286363566396, 8.679375578530285, 0.0, 12.559554568521445, 10.12724235379627, 5.81719139881627, 12.33972061630157, 19.67361988786652, 28.26996756801695, 61.81606031987831, 69.5657245391948, 77.45428351376441, 85.97168919375356, 91.61073898191825, 90.57962943993098, 85.04228624915407, 77.90470821364123, 70.95596727683346, 64.84572837918262, 40.2663592665803, 45.326609311323196, 53.291769568910084, 56.42797054091729, 67.55323236380188, 73.85691155220637, 79.44741022744951, 83.36295744575996, 80.10554179535508, 67.78561596314826, 60.46285370777351, 56.532059571994026, 82.0901050918732, 78.23512992178073, 80.35240694828397, 85.4789567308614, 88.53758101708934, 92.72095893873977, 102.89308569361096, 104.89290754048483, 103.27022194438732, 100.17073558242554, 95.37965480324657, 91.20633706329794, 83.30130981092611, 82.30768113217556, 87.80878216912465, 90.85201177198262, 98.11289194877156, 93.89086951655246, 91.89515315091424, 86.67242510675774, 41.32827213085534, 49.91145855395077, 64.76050296666375, 78.54206828731442, 92.58445198042513, 107.23088235511864, 113.73245975352056, 125.42436900420222, 136.09979990155168, 140.31974397822057, 144.57450464326797, 135.1985922043877, 129.24884743213033, 118.15651801959926, 105.53476696539202], [31.03801141444511, 24.681436901046624, 19.19772576351402, 17.194228270618545, 21.179197011448448, 27.16379070712968, 32.27748782880926, 71.01347577906392, 75.60852519354842, 83.63817606866746, 92.02101980016147, 98.71296721702615, 92.54982902962882, 84.63432034619764, 76.21421834008504, 39.894101666924655, 29.720440616912306, 20.875941879350204, 12.559554568521445, 0.0, 6.077671316289897, 15.17284493390972, 23.190478928252986, 30.50677004918038, 38.67142513945627, 71.52960580244397, 78.9265305312757, 86.17581710152719, 93.93196286429423, 99.17096924936081, 98.3828042597328, 93.39315938312522, 86.6096864781919, 79.68379829379577, 73.7457841570746, 50.339036456935574, 54.34970861569083, 61.85268413227579, 62.41058515781086, 73.10486168643179, 80.75633814211693, 86.994982155285, 89.8907078878106, 87.17266084308413, 76.60306149958991, 69.04316426137899, 65.67842049527383, 84.29848556960782, 82.22081026657928, 85.66132956266759, 91.31681860189235, 94.68798391100182, 98.65157041144467, 107.79237000162341, 109.61823114669589, 107.85103759548147, 104.25742611848013, 98.98676868773452, 94.17542062522408, 86.56721986182278, 87.05105585181461, 93.22826014766058, 96.66212684043401, 103.1085128656044, 98.89528267034365, 96.49797823257028, 90.48944333085508, 30.635624706296724, 37.91101082829428, 55.04464508649634, 70.43048031736907, 85.95904459846095, 101.91221824527297, 110.40646701379414, 127.32032242755136, 137.93055713599628, 142.00084279946748, 145.33845617226225, 136.44778372941423, 131.65450327213387, 121.50567702074173, 111.0273591576615], [27.005776882134793, 19.91117957720961, 13.729996342182506, 13.1607164703097, 15.901477068302997, 22.108384928845574, 28.06690795371063, 68.55451543728306, 73.35645469451683, 81.47584344562738, 89.96019391165594, 96.83416351138113, 90.38913847217692, 82.29992260682717, 73.85794366186389, 36.55221116097124, 26.679545968643207, 18.03502633575989, 10.12724235379627, 6.077671316289897, 0.0, 10.466121663107925, 18.6516095968196, 26.42639719324282, 35.030679398709715, 69.0571369938031, 76.78226958852449, 84.44596951458797, 92.5810006347918, 97.83096902293, 96.73191054480182, 91.54972414473298, 84.52632566403683, 77.4144594327728, 71.34892224527925, 46.81574672008706, 50.09395234881618, 56.87160652932362, 57.308996042947, 67.99603958727526, 75.52251364391621, 81.8844995565534, 85.45748581619073, 83.0960796696218, 72.35472395383216, 65.53570009571429, 62.824455649428, 79.44063014051186, 77.06930352876756, 80.44692138274154, 86.2184920558057, 89.77468938851274, 93.99977891851289, 103.61483170221457, 105.04722733638377, 103.0857742651223, 99.37887426630223, 93.98668014060009, 89.21833266350397, 81.61761658090403, 81.91187059984733, 88.18957790320411, 91.77661247334258, 98.6503513650293, 94.18070032603318, 91.61843573841902, 85.56370090036256, 36.48128845138956, 41.01541882132, 55.348943298694515, 69.76919407601264, 84.29534976540924, 99.6930455452895, 107.40410567909491, 122.84457479281463, 134.61474861258787, 139.3535990279917, 143.8309505952531, 135.35046983234747, 130.79570829309324, 121.31811959961134, 111.22663602820398], [19.26836719708805, 11.513353118840834, 10.221284756436932, 17.895313586977174, 14.777330311024418, 16.662774241503573, 21.889431929995485, 62.09718219447988, 66.88282977223307, 74.71888786218449, 83.46591342180952, 90.90856557952596, 84.00620723677855, 75.88993322118259, 67.56096613434691, 27.087291946273275, 17.328582583803932, 9.2731346551954, 5.81719139881627, 15.17284493390972, 10.466121663107925, 0.0, 8.689769260223654, 17.034824943920057, 26.214876407626605, 61.03176551099544, 69.08898518942476, 77.319088046412, 86.09548671869022, 91.62967780765622, 90.27173746899139, 84.64336951334224, 77.31166883533639, 70.1555377636727, 63.94706572177119, 38.25022441853095, 42.099370037402856, 49.06522483599249, 51.643905347969664, 62.683669639659364, 69.0601906989237, 74.90714942597624, 79.41894565715812, 76.68802880538915, 64.51868646699727, 58.08375489914639, 55.13313939609079, 76.98392861723477, 73.07219067272577, 75.31581142057212, 80.65247616207844, 83.97045167809497, 88.40838703857504, 98.92214292797185, 100.44589500110375, 98.58491217467464, 95.28328231866652, 90.29338410325009, 86.07866978805666, 78.2403841511915, 77.26337090410925, 82.97707264213595, 86.25522790048333, 93.84726570321016, 89.34367187588897, 87.10036727224848, 81.7113140299905, 45.41542703606855, 51.00361754999198, 63.461421309113184, 76.39466533103528, 89.5512301374465, 103.73649282351457, 109.68420267644052, 120.58319871109666, 132.49124779907237, 137.42460820217488, 142.78440902069875, 133.991590939715, 128.57411779515547, 118.51020793883316, 106.91275921878214], [12.032495736083474, 5.150867392869865, 11.658015043603351, 22.70558255612064, 16.29908859294326, 12.928469205399182, 15.973978323768003, 54.859152246423065, 59.66715091177896, 67.35424499542376, 76.1945717705098, 83.91492381143762, 76.73938118037253, 68.5998843786208, 60.384507236679426, 18.984648118502093, 10.618106997951614, 7.622639086726722, 12.33972061630157, 23.190478928252986, 18.6516095968196, 8.689769260223654, 0.0, 8.573646550793951, 17.971441497523397, 53.20415375196132, 61.478286287315115, 70.05276786476014, 79.19032767439074, 84.78377148613865, 83.16912106594046, 77.31965006519968, 69.80534347212617, 62.58684669536412, 56.3145266133697, 29.953303275689997, 33.97170404723921, 41.30224929251837, 45.516882288157895, 56.723941414632975, 62.26048021826148, 67.61386043820082, 72.34916524509725, 69.27079939163794, 56.35887703842373, 50.124747208880855, 47.26048251885191, 73.30403828403193, 68.23360001411093, 69.50803686892955, 74.34264405157043, 77.31413685859528, 81.72474548224055, 92.63709688679621, 94.42553376154868, 92.78470918815857, 89.93544278440731, 85.45493670078439, 81.75291529974912, 73.72855676299444, 71.78139822810283, 76.88567936184184, 79.78253740902312, 87.63115417732007, 83.27517366127971, 81.42965900395623, 76.70246757237946, 53.09354050741843, 57.75528729754073, 68.33382618347547, 79.76330321251224, 91.79298133759853, 104.8105887724904, 109.24440217753269, 116.48129966736258, 127.8014661065282, 132.7030536418629, 138.62788362186308, 129.67002094338395, 123.74453854749288, 113.60988495072031, 101.6373970109977], [6.624105954046783, 8.007578645933675, 17.533305477563694, 28.866696531393078, 21.300537241516565, 14.163906348114491, 12.390982640386074, 46.85910667923423, 51.614517959537594, 59.1485149831072, 68.04033554490017, 75.95152081212863, 68.61679504967081, 60.51042267485035, 52.40736794475465, 11.16730301965994, 7.340475882328474, 12.417105903018024, 19.67361988786652, 30.50677004918038, 26.42639719324282, 17.034824943920057, 8.573646550793951, 0.0, 9.436161927355265, 44.78527857415784, 53.15650205011448, 61.902004338490315, 71.23694238164381, 76.84856997820978, 75.07335787162418, 69.10021662204734, 61.49523195333066, 54.25517107871037, 47.96023618744304, 21.40377540513005, 26.255103577585942, 34.84907207438627, 41.049725433664605, 52.300351206123935, 56.952801411794255, 61.57970637796141, 65.86731167866678, 62.10743809500619, 48.57620755897218, 41.94722151632303, 38.82322886165284, 71.20319998827469, 65.0742927001356, 65.25955358661194, 69.35502255933592, 71.72786942749761, 75.8457686837588, 86.79176135591445, 89.2003379713577, 87.9881788068439, 85.78061344667486, 82.03585630283591, 78.92246967834251, 70.71564463592583, 67.81872196610645, 72.07503929529236, 74.36808138312755, 82.10309131733011, 78.15439350609755, 76.93255380056989, 73.0556713684976, 59.54625100187676, 63.619631457140855, 73.03749198508345, 83.16703507554473, 94.40291461599043, 106.34355300764852, 109.46121381130989, 113.37805386769385, 123.1376134919373, 127.57920491562892, 133.5180372642888, 124.18265011548641, 117.59790751180647, 107.1637494525795, 94.83422559949759], [9.569434461176744, 16.401746263985064, 25.505847085488146, 36.345043525095136, 28.4795570638208, 19.86981158143934, 13.937657988312527, 37.87400331460413, 42.53496870425563, 49.90075134849819, 58.827901621714666, 66.90855612301402, 59.440135089137, 51.39040632301543, 43.424608613832575, 6.469875278310315, 12.569875525104177, 20.54565101806575, 28.26996756801695, 38.67142513945627, 35.030679398709715, 26.214876407626605, 17.971441497523397, 9.436161927355265, 0.0, 35.498460166154324, 43.93404061021811, 52.79565618159627, 62.27459109048856, 67.86004338368942, 65.920397452588, 59.86066977595704, 52.188355836684046, 44.91963447417787, 38.612194074577715, 12.082701157126207, 18.777979243919965, 29.437303590767755, 37.91827046181635, 48.85724006074727, 52.43285981369451, 56.045690442880534, 59.35698439311018, 54.635254861690555, 40.56632334034019, 33.06079752166863, 29.418556466087402, 70.02030631455612, 62.88519635241024, 61.82482540056047, 64.92794104895616, 66.46808096264355, 70.07221401736588, 80.78975573314162, 84.0665005778376, 83.4459474893034, 82.05583938261968, 79.25730831570928, 76.84263225794837, 68.51990764368321, 64.6404751282703, 67.791070584049, 69.26967075551742, 76.61446079163333, 73.28790042436343, 72.88838870806828, 70.07720349380998, 66.5261041382945, 69.9283340217064, 78.26113698895875, 87.04379049118982, 97.49789900263082, 108.27835688953031, 110.06252277257124, 110.55121306057637, 118.11336702102997, 121.84733797459558, 127.56820934114991, 117.75588208813606, 110.40094250448898, 99.60787591376098, 87.02166550978153], [43.78151800571747, 51.67764678901398, 60.190970386569894, 69.9405522822304, 62.445442425698744, 53.516101553227905, 45.50984493385058, 17.080640053848477, 16.8715736573357, 18.823237180757033, 27.452051964438088, 36.846247067691806, 29.11884330399911, 23.502526622471912, 19.613160221083138, 35.319838922406554, 45.02506991110647, 53.82372771181831, 61.81606031987831, 71.52960580244397, 69.0571369938031, 61.03176551099544, 53.20415375196132, 44.78527857415784, 35.498460166154324, 0.0, 8.818403357301253, 18.660301053539595, 29.273661128817846, 35.208145049462814, 32.79889484931159, 25.818873179406992, 17.9413122463608, 11.994240534957225, 7.439460884073792, 24.65396813740906, 29.736278331730567, 38.8669334386957, 51.32725832617945, 57.87366153850422, 56.22809082478249, 54.39412158848684, 52.38083544738506, 43.120639615844354, 30.18922846502933, 20.009705288414644, 10.18070450657571, 82.8401142020276, 73.3764046376478, 67.99534639052098, 66.58841112372