{
	"dissimilarities": [[0.0, 8.359561126398145, 16.380361473996782, 27.31624098149879, 19.477293976127918, 11.439725036680121, 7.1349580435633255, 43.89657403436216, 48.91907525877084, 56.844708182001824, 64.4791864711475, 72.13920768289245, 65.98085899749474, 57.577306971376366, 48.336813998779306, 12.972637466830177, 12.757501114864814, 17.088086709940875, 24.158852821316852, 34.227832193507915, 30.07276573791915, 21.399969823022506, 13.749918360947092, 6.9093275637633536, 7.933288625729057, 43.73379761155824, 51.96353302570691, 60.48506931802446, 68.4122550160641, 75.0145693886626, 73.03948703519777, 67.21291545802998, 58.616932916726384, 51.205916629150536, 46.006633354673376, 20.02636262460999, 24.18291501385226, 32.77765019375422, 37.913734937577125, 48.22852745808337, 53.766994440723025, 58.851104438523514, 61.07244265914925, 58.050115529707824, 46.201540083639706, 39.661393629050416, 37.683069995411586, 67.81733148811414, 62.13145142018881, 62.31479631201833, 66.39121137925842, 68.61476542613251, 72.46450863126374, 83.02441234794192, 85.31188672267307, 84.52926309921511, 82.38369918793475, 77.72381822553744, 75.57128316838846, 67.31592441293887, 64.64733191648655, 68.88383495246603, 71.09498174283064, 79.08751271261964, 74.66149033630248, 72.54265945020612, 69.61417809958185, 58.9579993204826, 61.847296469707125, 70.84147708649189, 78.09639561353636, 89.13128049422085, 98.41886307986398, 102.02186761002032, 108.78380248360509, 116.81500023238539, 118.86925747943309, 129.80124273544936, 120.35856964546413, 113.67272679343866, 106.1368961950498, 93.7700768420055], [8.359561126398145, 0.0, 8.637621322344769, 20.626263147379383, 12.92955934605932, 7.766655243227487, 10.9661503008849, 52.111871984696165, 57.18323034195723, 65.17282161767169, 72.78552014617101, 80.3418005657138, 74.24334782638104, 65.81792839525806, 56.53241738775111, 18.06286838675245, 13.458749969169277, 13.033173855196326, 17.870197531723424, 27.89301283398131, 23.040659905147397, 13.95363255557767, 7.075694275666876, 8.133680779817896, 14.85319048860187, 51.91683700592017, 60.19190206363267, 68.7321189784395, 76.63435575872482, 83.24404766251983, 81.34329721813982, 75.54557488119049, 66.95517037050338, 59.55620222052568, 54.34961310978865, 28.011324559445935, 31.115749315714993, 37.94668799987945, 41.22440610607317, 51.5497244492298, 57.81171099677091, 63.65628560230333, 66.78778565839607, 64.72496276856907, 53.18213907051653, 47.65764170050878, 46.02029282244021, 68.96426512244311, 64.20481722894392, 65.31607762793008, 70.20636919423605, 73.14703488063837, 77.45552671550995, 88.24081598555343, 89.80139673015559, 88.36080924001222, 85.49991083501271, 80.04527153974144, 77.28462704863074, 69.23405801939622, 67.41922674183597, 72.57288298050656, 75.4837962714158, 83.91313527822797, 78.86484249268594, 76.06167329791113, 72.19870371302214, 53.783271259990435, 56.699960731940955, 66.23351022183924, 74.54402026269793, 86.25496914737339, 96.49378916495284, 101.35648511973181, 111.09585992683941, 121.08888931713223, 123.9791595576819, 135.20334672599262, 126.30419687068354, 120.3725878994295, 113.2613158094369, 101.28849231951047], [16.380361473996782, 8.637621322344769, 0.0, 12.330164306214577, 5.920327891079936, 9.186811102692927, 16.303345964812838, 58.95720308098391, 64.12965998453475, 72.37115067954018, 79.85001764694341, 86.99993534783428, 81.14251888550166, 72.7124198032714, 63.29787357535826, 26.529047099863423, 20.43786763647492, 16.01580314639937, 15.425899873233488, 22.096494039461806, 16.54259958204689, 10.470269542717892, 10.185008981576106, 16.500680330131907, 23.443482137406978, 60.083960240668134, 68.21483081634074, 76.4745184092962, 84.07639302845406, 90.38906304988576, 88.57736691002019, 83.08379151094748, 74.67723256436669, 67.2584986675897, 62.12397791421487, 36.20355648447895, 38.202606669199014, 43.66371931338033, 44.325223398658935, 54.372817343339065, 61.78578961388966, 68.21702951358317, 71.42975183734701, 70.12597808728508, 59.83082870100803, 54.60383194826754, 53.67480217785337, 68.73634232399145, 65.42169661992514, 67.67781529560062, 73.29587467798505, 76.78442094209268, 81.21733510961323, 91.6125764919587, 92.62859609049971, 90.73872306882666, 87.21560980262862, 81.15997451996508, 77.70965072989165, 69.89063323498446, 69.29375996835434, 75.31402334231902, 78.80891984580289, 87.0697603077748, 81.6526379735279, 78.32073548790828, 73.52360383141519, 48.64074203451562, 49.50979615293279, 58.793944523647795, 67.89172186864837, 80.3366836552225, 91.59801538470194, 97.9370267460572, 111.40762175121507, 122.59312207529112, 126.09856426302544, 137.1745626379843, 128.92945703001638, 124.07126559212173, 117.84652480773875, 107.43169459331415], [27.31624098149879, 20.626263147379383, 12.330164306214577, 0.0, 9.121131749271637, 18.158705943788668, 25.136476871430393, 66.67428781038365, 71.90264967279916, 80.45588700979921, 87.62349078546875, 93.99856997406219, 88.62916292412847, 80.30870293592777, 70.8096378335594, 38.466850062113224, 32.02210517496876, 26.05439123800424, 20.909141841428333, 19.012470863217832, 14.208465551721128, 17.440329379983567, 21.840121872167884, 28.609187911978452, 34.959276369330304, 70.13768973726626, 77.90134339890014, 85.55233758868653, 92.5383222982377, 98.23313734743407, 96.569363376951, 91.68275091451034, 83.69477894743639, 76.31018973493624, 71.36883030574707, 46.74864975561581, 47.61149104847729, 51.844905591445276, 49.17273972228135, 58.47321708841214, 67.42347813107617, 74.28086673441445, 76.8357625360288, 76.22173235062016, 68.16265912365279, 62.78307707466338, 62.84901621328054, 68.2388912221598, 67.19802261076619, 70.94555137970153, 77.24666480125371, 81.16497751859409, 85.38968747839012, 94.65991331945479, 95.21644229952788, 93.02548314318987, 88.811010164873, 82.2990833223645, 77.985627722825, 70.54862955731443, 71.74047780779237, 78.64116079015845, 82.66008471084305, 90.0767809918124, 84.52595032825056, 80.76416377889345, 74.92810356793495, 43.57577983654588, 38.834628995003754, 46.780398430312864, 56.76590960082363, 70.42303184170392, 83.1754196373314, 91.69726465197472, 110.5722253594877, 122.2961192852327, 126.26822423694263, 136.593260824291, 129.24964964481347, 125.99642261552717, 121.22750298122689, 113.68108978927452], [19.477293976127918, 12.92955934605932, 5.920327891079936, 9.121131749271637, 0.0, 9.332275422292726, 17.143414282459954, 59.87697224206128, 65.21630468449351, 73.67662806957624, 80.94962176251352, 87.73050443530909, 82.00007172518231, 73.51970547963737, 64.1033216515859, 30.909768957914434, 25.80184991414061, 21.888813362621075, 20.407681864780574, 24.178599660773827, 18.635357567051003, 15.586996411950217, 15.935994225482917, 21.042256379557514, 27.01452374040799, 62.591136742906414, 70.64668030986617, 78.75428698197592, 86.15975553237045, 92.09749103433332, 90.13849030537651, 84.89786698339311, 76.60813447347856, 69.11924602990959, 64.0738129872983, 38.53959324018198, 38.99612826340032, 43.22847096010656, 41.86313988918543, 51.5882939344722, 59.79773342220258, 66.51910420634259, 69.60198917613106, 68.92793352308003, 59.84616280612127, 55.20105969175207, 55.34759810003239, 64.17202074571597, 61.64791046987883, 64.54179991041836, 70.51502108900655, 74.27282981324092, 78.70661304082338, 88.7806596627258, 89.4458448186366, 87.33022437185836, 83.47989411321632, 77.20061517072709, 73.42792163681669, 65.72690524953266, 65.81707809599865, 72.26564092548813, 76.06051467690413, 84.1121900577221, 78.51250653368639, 74.9222397881916, 69.66182960401036, 50.26759709287431, 47.54830251013979, 54.422187356104914, 62.65218045509421, 74.59270205159228, 85.71865122592783, 92.18496566781985, 106.87040190934981, 118.66599853078917, 122.68319193137258, 134.2395194668047, 126.71055896935624, 122.73704972841382, 117.84320893143573, 109.32409350244231], [11.439725036680121, 7.766655243227487, 9.186811102692927, 18.158705943788668, 9.332275422292726, 0.0, 8.47941943054128, 51.54359274569673, 56.91995754400471, 65.25840102099532, 72.59746432405217, 79.69197543189541, 73.7032806701751, 65.14540867265923, 55.82889189845932, 23.483965786169552, 20.829661924478106, 20.486376296044014, 23.312784878449058, 30.53870988877921, 25.34129268603348, 18.744160417726903, 14.099818689068027, 14.514294999036162, 18.779221978257198, 53.74176158811958, 61.94331818597278, 70.32077485966956, 77.99370519728326, 84.08202359008725, 81.90810321333949, 76.42732423245968, 67.95626838397592, 60.418753605655766, 55.324701198622186, 29.406737921663566, 29.781565718725588, 34.84614373444921, 35.55019824764202, 45.726249410665226, 53.01759965036755, 59.26271518148898, 62.25738871916067, 61.01995715579858, 50.99414380692238, 46.41009574146234, 46.489987428374604, 61.692901506992555, 57.56917382688466, 59.3074414427084, 64.6000977981781, 67.85190077918864, 72.19280561381709, 82.7171678328816, 83.87602780712103, 82.1871998516691, 78.99320687126422, 73.32686004019989, 70.27964970790129, 62.26562203198465, 61.071552282373084, 66.68774634292335, 69.93736200762757, 78.2055012772305, 72.91533518075171, 69.82926428034564, 65.50336172398293, 56.611490211518685, 55.37207370300782, 61.85459895982001, 68.71390842934584, 79.41605999311756, 89.08549876177798, 93.6205069972857, 103.95496399587985, 114.63602579899187, 118.176816409152, 130.2694935699384, 122.28014005053674, 117.41052957861136, 112.13158693934561, 102.7152438063619], [7.1349580435633255, 10.9661503008849, 16.303345964812838, 25.136476871430393, 17.143414282459954, 8.47941943054128, 0.0, 43.124313842043875, 48.46815545621432, 56.810256367078274, 64.16088932090841, 71.28921980631512, 65.30374555774242, 56.774772747083766, 47.42907297891075, 19.509690939632513, 19.725625370413738, 22.50504764402784, 27.62007154972865, 35.538295935143886, 31.128800880120405, 24.183770756139516, 17.915161309472182, 13.46973220847902, 13.679660330589318, 45.767673681014394, 53.80315757856303, 62.01582756939716, 69.60109448102186, 75.62315763395998, 73.43716281017004, 68.01107305014972, 59.613827538788264, 52.08568662097523, 47.036922560260784, 22.028527041746685, 23.129574991225716, 30.214920893819148, 32.81965014469229, 43.09456235156116, 49.74933325947877, 55.16111043312766, 56.949353274959016, 54.54589044724752, 44.37681655147089, 38.38606281171253, 38.224476879942124, 61.450728507971235, 56.39325212824067, 57.14933431778009, 61.5480763302231, 63.97775463484418, 67.74670366467383, 77.90353805547063, 79.9507717238228, 79.04964002104634, 76.65053055861866, 71.88576929485878, 69.47664186413077, 61.19624775834124, 59.126129711773984, 63.74089790311233, 66.19821315317789, 73.86173178706538, 69.3124937221698, 67.01717477539535, 63.709802967141464, 60.49300564980194, 59.850664459678995, 66.41405328797505, 72.45140083308378, 82.72951877060093, 91.57607769428161, 94.96634132962197, 102.43207154539708, 110.71133149960315, 113.20242534369507, 124.67213739682477, 115.98105159960615, 110.28780480502192, 104.42497032404512, 94.64733321826387], [43.89657403436216, 52.111871984696165, 58.95720308098391, 66.67428781038365, 59.87697224206128, 51.54359274569673, 43.124313842043875, 0.0, 5.709520917125273, 14.310170053191019, 21.128175952223845, 28.40755798473621, 22.196139708537718, 13.808478440527765, 4.473741118071204, 43.032418841614636, 50.559009132563794, 58.092753725567135, 65.81582050182654, 73.69288806443903, 71.1182877335128, 64.5080506241408, 57.31944869845208, 48.46255768031289, 40.50163775703192, 18.565427118298924, 20.26097595310616, 24.41490697314733, 30.128025975468123, 34.467073669333125, 31.390523952413186, 26.94417120776573, 20.22177844966196, 14.031079848658157, 12.33492863418719, 28.044283314549475, 29.10777271832256, 36.68102815235263, 44.701230063605294, 49.291201106044575, 49.838915165346904, 48.48683928690634, 41.89348363008426, 31.74223231509211, 26.614470503838174, 11.015124786260616, 10.838779869275557, 72.02132336540664, 64.0321122217724, 59.92872265464731, 58.40310885255777, 55.53514413244351, 54.85621689194525, 60.62364095007186, 67.64228996323922, 71.36235579779272, 73.72017521281096, 74.4594728270744, 75.64687253940185, 68.06791688205412, 62.34953567971929, 60.5294213957537, 57.92064153707834, 60.262399164239106, 61.0803824747471, 63.70171769546308, 66.47137374590432, 93.2894266201727, 93.22126350378426, 97.99043710706937, 99.81906231103629, 106.65754681143368, 110.76991243585024, 108.28527193356643, 100.27452917117897, 95.20009948377572, 91.68746463055469, 99.92589237353627, 87.89928911359941, 77.26105600742443, 69.02754724559047, 58.75101204643833], [48.91907525877084, 57.18323034195723, 64.12965998453475, 71.90264967279916, 65.21630468449351, 56.91995754400471, 48.46815545621432, 5.709520917125273, 0.0, 8.81051960426387, 15.752406789716202, 23.351840324442975, 17.172235725430337, 9.41620217361517, 3.3702842232123396, 47.29616668611313, 54.87497484317716, 62.523935001651815, 70.35035093228832, 78.23015418202912, 75.87944421015379, 69.30525217040436, 62.15979801645314, 53.24314448440213, 45.20890316000977, 18.538394893801186, 17.59435801988936, 19.74214223891979, 24.693689003242127, 28.778025146021154, 25.694848852138612, 21.47983073175417, 15.589013342985563, 10.812720634449866, 11.331691255857264, 32.67264210559258, 34.339243905218936, 41.74677962144675, 50.01151341391789, 54.13209204087417, 54.063406964349426, 52.046315132708045, 44.805191716492644, 34.058848897088886, 29.96515069434511, 15.688231111477354, 14.116002597401502, 76.68848803233203, 68.62493384072168, 64.18984758176427, 62.11707174327008, 58.73368795493016, 57.514545940979666, 62.436112048123185, 70.0106896941839, 74.2542006874033, 77.12210238578973, 78.4149123472786, 79.90983415081153, 72.52269510071359, 66.6092512483728, 64.19663970549139, 61.07931217263346, 62.65130845503875, 64.16640684559005, 67.28795345688054, 70.60330615909668, 97.06398124245909, 97.59827195096807, 102.74782669014134, 104.56600542877875, 111.41297346884076, 115.33788259648432, 112.5687985814346, 103.33812923711369, 96.44116071769903, 91.88740660721515, 98.99459148216357, 86.23104400640258, 74.52334458708253, 65.08454419369978, 53.73435752011494], [56.844708182001824, 65.17282161767169, 72.37115067954018, 80.45588700979921, 73.67662806957624, 65.25840102099532, 56.810256367078274, 14.310170053191019, 8.81051960426387, 0.0, 7.8818430630918455, 16.92536051876246, 10.41580877450378, 6.451520074749904, 11.016105678734661, 54.033792630349325, 61.92494082739845, 69.8773576811305, 78.00628549742984, 86.21270789367577, 83.97918343137755, 77.147808176916, 69.85082612387266, 60.738383213474805, 52.55353080586789, 20.39894358661811, 15.555115541412768, 13.821219381042217, 17.378960638456174, 21.061912931769278, 17.378457510995418, 13.012028827742004, 9.137901091065498, 9.381825207931875, 13.555256086560298, 39.635236962051394, 41.53090158187383, 48.32516839669814, 57.2364111246242, 60.57994596318655, 59.246288476674906, 56.20613787682399, 48.54766376634602, 37.37260586539058, 34.1499028636816, 22.525190901372397, 20.297256185406734, 83.24638468565574, 74.77745015867639, 69.66162342197829, 66.72333125233732, 62.63148686306119, 60.81942587930944, 64.94678428436602, 73.08614861130178, 77.93427295954537, 81.5601663438451, 83.62887057424203, 85.69208210057441, 78.65393567322343, 72.21023470876759, 68.84810897959741, 65.00932174697316, 65.85866959924142, 68.21799253509701, 71.99552941272854, 76.19119849286665, 104.5048297721209, 105.90275348080301, 111.34683002691001, 113.01204150586688, 119.55502158110353, 122.9496292042096, 119.41597687228072, 107.52763782629427, 98.65938979563117, 92.98104893066532, 99.28188904699954, 85.81259536015838, 72.6150387416522, 61.79832293694741, 48.49667218731068], [64.4791864711475, 72.78552014617101, 79.85001764694341, 87.62349078546875, 80.94962176251352, 72.59746432405217, 64.16088932090841, 21.128175952223845, 15.752406789716202, 7.8818430630918455, 0.0, 9.61822174605462, 3.566631582480166, 8.51934785292572, 17.102475934043852, 61.89068547936945, 69.78597410138741, 77.6856763288274, 85.70894196704457, 93.63238764597556, 91.45804203253964, 84.83383757295786, 77.59170217524321, 68.50975644616453, 60.33188105173056, 27.581808816831597, 21.53887594114591, 16.67866082897047, 16.20108780194021, 16.643015817086543, 12.069731233859928, 10.845090512337183, 12.868109167280833, 16.420304349195877, 21.11225073083069, 47.29601526311043, 48.456088981544575, 54.24252675709112, 62.45269752841799, 64.79129397002917, 62.92114520036809, 59.03889869215372, 50.23142955018312, 38.869008653166674, 38.464370414501865, 28.74407314685132, 27.91688896501588, 86.50836291126183, 78.15952784641665, 72.72364132750286, 69.03580671310715, 64.2583075341546, 61.57058749992488, 64.14537449043938, 72.91984877944081, 78.48713184485858, 82.80635505713971, 85.7472872806706, 88.24831567013922, 81.62332505013201, 75.09564458947251, 70.91667968668958, 66.40870684320801, 65.88429514241164, 69.25754634985927, 73.73261933462307, 78.67406388607388, 111.51917498039155, 112.2434369040612, 116.93382289578858, 117.82936481610399, 123.6539576010646, 126.23415493107738, 121.84461912305294, 107.81103098621286, 96.44550943054044, 89.59883069158727, 95.092193002499, 81.30879121040309, 67.3222508092191, 56.75321677990325, 45.16873497765223], [72.13920768289245, 80.3418005657138, 86.99993534783428, 93.99856997406219, 87.73050443530909, 79.69197543189541, 71.28921980631512, 28.40755798473621, 23.351840324442975, 16.92536051876246, 9.61822174605462, 0.0, 7.4627168598148685, 15.546169033490598, 24.04117491458163, 70.46407858360746, 78.01916573627751, 85.57180347906122, 93.16245646986279, 100.26893098463542, 98.28637566505729, 92.32160061024959, 85.40888097569697, 76.57761976925025, 68.55487748479382, 37.09414018001176, 30.88564565584683, 24.558888158658853, 20.547834029484225, 16.345986577294777, 12.798923263089986, 16.892793951836094, 22.015665558991287, 25.9256106294458, 30.45769565843971, 55.806160885666074, 56.3362660397696, 61.409119273547496, 68.12211640885728, 69.5837920086214, 67.9660165591873, 63.596773081157906, 53.23210465003502, 41.96894653319595, 45.158527149922975, 36.16663167287909, 36.64439521169636, 89.40428815441703, 81.76586623089871, 76.46430917652522, 72.29100860526746, 66.9638447452731, 63.2124768849904, 63.38618194189729, 72.89793067610161, 79.29068620057616, 84.16875249761028, 87.97218040126239, 90.6793072883918, 84.47128245082874, 78.38323387422601, 73.67752864903751, 68.65147432940275, 66.12605754648001, 70.65680067487739, 75.79399876110332, 81.20651781914295, 117.30369546494177, 116.67366014926395, 120.32432120554806, 120.28768671304567, 125.44912994140508, 127.30419420022626, 122.36638159277166, 107.38146056839959, 92.52986813558515, 83.97568044912354, 87.48997121121968, 73.15647730896261, 58.45200177993679, 48.52866351290594, 41.60755007223902], [65.98085899749474, 74.24334782638104, 81.14251888550166, 88.62916292412847, 82.00007172518231, 73.7032806701751, 65.30374555774242, 22.196139708537718, 17.172235725430337, 10.41580877450378, 3.566631582480166, 7.4627168598148685, 0.0, 8.705021073352148, 17.897963553194426, 63.93469352359456, 71.81054030887536, 79.61317282966249, 87.49692656211238, 95.18881969516161, 92.94230852863383, 86.47459079354753, 79.2641863158027, 70.23977537585225, 62.097387530745515, 30.332070172850283, 24.756948083605355, 20.238606666777308, 19.253515015841053, 18.411158618232367, 13.804478138629179, 13.94378553599692, 16.215591035331332, 19.228706080307532, 23.64938877207286, 48.999368154038095, 49.42650474240899, 54.577757972312234, 62.11369753415936, 63.956292127020355, 62.07411499502501, 57.94702747850892, 48.51952210856093, 37.14770900955203, 38.351785165532476, 29.349614029868228, 29.73533369237275, 85.03787915595211, 76.85139693955276, 71.39064046670678, 67.47394568666218, 62.47618548348347, 59.43052076268956, 61.36406783268883, 70.33662420749619, 76.14196656331478, 80.65577768189662, 83.90306352037437, 86.5251012008455, 80.07135726244144, 73.61883883078158, 69.19185050647404, 64.47974821934768, 63.36481100503822, 67.08658257394647, 71.79613144078427, 76.95900893950287, 113.22087987763871, 113.05958478716998, 116.96757039789757, 117.30593274056791, 122.61474011347511, 124.73347559765159, 119.92736158290283, 105.21254374014582, 93.16519174449812, 86.15729050852482, 91.89773691896357, 78.37775132732331, 64.65859850903468, 55.36416895489628, 46.249608370782525], [57.577306971376366, 65.81792839525806, 72.7124198032714, 80.30870293592777, 73.51970547963737, 65.14540867265923, 56.774772747083766, 13.808478440527765, 9.41620217361517, 6.451520074749904, 8.51934785292572, 15.546169033490598, 8.705021073352148, 0.0, 9.54780664491762, 55.92967091660292, 63.83939592190081, 71.62122058535171, 79.50535530937132, 87.35979623813404, 84.88973418518842, 78.26597937060377, 70.96440019278518, 61.941190755888336, 53.8193692143133, 24.35036674456196, 20.973980575057233, 20.092579157256093, 22.699985796910052, 24.60061485721609, 20.409361229401522, 17.607086039964933, 14.814723615173827, 14.067170219564453, 17.199745949883418, 40.686672907184764, 40.830620042118525, 46.30485910651739, 54.03413571968792, 56.54738462608789, 55.22159186953902, 51.84226565930996, 43.20875850575281, 31.869363098090144, 31.170338979686573, 20.740535583677122, 21.701960476627477, 78.41359372466671, 70.10970354256575, 64.9375463862143, 61.69513060832875, 57.3245168038159, 55.09153481240075, 58.64855208767502, 66.95445864137892, 72.02787356359048, 75.84850820366533, 78.2770190934969, 80.5031611473495, 73.6704764560492, 67.29100311421494, 63.60349507805969, 59.52032895354417, 59.746993362093015, 62.44027101931638, 66.4897058391097, 70.97240664886169, 106.25856901359795, 105.88918104836948, 109.77124443244554, 110.41682777251125, 115.98806440182142, 118.58129702813544, 114.32002368753932, 101.42309538235587, 92.25946503062491, 86.84022171324138, 94.27614615774675, 81.58886815218463, 69.29739794162221, 61.039632124527664, 51.812859110979105], [48.336813998779306, 56.53241738775111, 63.29787357535826, 70.8096378335594, 64.1033216515859, 55.82889189845932, 47.42907297891075, 4.473741118071204, 3.3702842232123396, 11.016105678734661, 17.102475934043852, 24.04117491458163, 17.897963553194426, 9.54780664491762, 0.0, 47.44709765589394, 55.002406190024324, 62.52705079149747, 70.19911774090235, 77.89352723617463, 75.38999970321619, 68.92150190306748, 61.77814974527677, 52.935397934196544, 44.96892217565425, 20.53355412120576, 20.409895268529404, 22.88898648718835, 27.60678185713121, 31.147491981902938, 27.840255307670922, 23.996884703061124, 18.327632954136167, 13.462419806896083, 13.508333341750713, 32.38489385140601, 32.99590300862, 39.77029057733005, 47.39889623291946, 51.2448670958825, 51.34879946160033, 49.33884375494984, 41.77763374996948, 31.06200734173709, 27.8730967875098, 13.71830720554216, 14.461097762097939, 73.5073676815484, 65.53434666569257, 61.153342568371656, 59.07667984688633, 55.691145389996414, 54.41493569337392, 59.29599055551958, 66.81386759038232, 71.03358634713051, 73.86231305523111, 75.1838313911056, 76.6754642695736, 69.31941013213809, 63.48202837292556, 61.068084595077934, 57.96480105609909, 59.44489405789073, 60.93464830314042, 64.05870517867287, 67.37016003453215, 97.13754695775859, 96.71509407412054, 101.05083622525686, 102.39410806722908, 108.79879827500606, 112.40546129062568, 109.37566533877774, 100.00095164160352, 93.38776002233554, 89.18675065314851, 97.0156486746791, 84.75106202878978, 73.68108795004859, 65.55944849347719, 56.06207841294699], [12.972637466830177, 18.06286838675245, 26.529047099863423, 38.466850062113224, 30.909768957914434, 23.483965786169552, 19.509690939632513, 43.032418841614636, 47.29616668611313, 54.033792630349325, 61.89068547936945, 70.46407858360746, 63.93469352359456, 55.92967091660292, 47.44709765589394, 0.0, 9.758921126929195, 18.955436092383312, 28.817809002279287, 41.336175309053, 37.81543647268552, 27.47097744729681, 19.03232183034235, 10.095314031784945, 6.203942124899296, 37.436803035738954, 45.86107308447937, 54.997732986364205, 63.60338915136778, 71.13579680491394, 69.27501390026636, 62.67496295513638, 53.783238717848896, 46.80329679814431, 41.55319639365339, 16.519082667513047, 24.883138835078363, 35.01877555199676, 44.48985818019947, 54.36358164242854, 57.44147077873493, 61.51050918831735, 64.34253007909274, 60.294282616542354, 45.744048931001046, 39.21872418893755, 34.506272700565745, 76.73956759483626, 69.46681910830866, 68.18195130358504, 71.26693351350296, 72.84922898130237, 76.70616390634686, 87.99499739453644, 90.78021705029018, 90.36523416341761, 88.97711249812083, 84.88085865803335, 83.54625974183216, 75.37786811953083, 71.2247103673227, 74.32259052019049, 75.82157956218542, 84.32505619757607, 80.29198068275566, 78.7305001330577, 76.93158164655887, 64.45553537706324, 72.01283567958512, 83.1358560431663, 90.98675617407925, 102.04890338523398, 110.96749847585419, 113.67490588367167, 116.8006050494576, 124.08206160046863, 125.4152682547846, 136.21205514147405, 125.67869922174384, 117.16111268985934, 107.2796295136012, 90.61645635678315], [12.757501114864814, 13.458749969169277, 20.43786763647492, 32.02210517496876, 25.80184991414061, 20.829661924478106, 19.725625370413738, 50.559009132563794, 54.87497484317716, 61.92494082739845, 69.78597410138741, 78.01916573627751, 71.81054030887536, 63.83939592190081, 55.002406190024324, 9.758921126929195, 0.0, 9.30579509769826, 19.30968854377113, 32.21317237598101, 28.97404109557017, 18.700399905707815, 11.524063507329565, 7.348035799644214, 11.844061924549743, 46.11358232905368, 54.19454049078668, 62.815652099831816, 70.99681048734041, 78.39314336554823, 76.91406741704647, 70.64200702663472, 62.03282121610926, 55.114009739994145, 49.92577996524495, 25.33157707573875, 32.78552815201674, 42.1439097017685, 49.39163308765416, 59.63534773251296, 64.01387949737618, 68.80398300872557, 71.69345035449068, 68.07049123354643, 54.44516726920185, 47.423717255533205, 42.93004174466435, 79.86457059392282, 73.78670171773189, 73.572741487241, 77.4486874703314, 79.57145585476971, 83.57836175347482, 94.57042727113182, 97.02761894515005, 96.26067151070309, 94.25050833654227, 89.51719075558255, 87.48657011278978, 79.32736780278634, 76.23948229603833, 80.24999884224422, 82.31475263533653, 90.72178681585824, 86.3483421304355, 84.29298114949303, 81.56697409621164, 55.230550574413044, 64.25111245097371, 77.22788106302501, 86.66594241998172, 99.16042888307898, 109.52884426077108, 114.02941868648954, 121.11919807911242, 129.17279063572795, 130.72171897616533, 140.61411540732496, 130.14084050349072, 122.20514161825233, 112.09830945445096, 95.76238891923565], [17.088086709940875, 13.033173855196326, 16.01580314639937, 26.05439123800424, 21.888813362621075, 20.486376296044014, 22.50504764402784, 58.092753725567135, 62.523935001651815, 69.8773576811305, 77.6856763288274, 85.57180347906122, 79.61317282966249, 71.62122058535171, 62.52705079149747, 18.955436092383312, 9.30579509769826, 0.0, 10.079934027256382, 23.45670386798476, 20.346313281578805, 10.42050002864498, 7.636036241933507, 12.539741155850626, 19.740940766235838, 54.91692781899629, 62.812740080739616, 71.07925323814943, 78.9150343850143, 86.08743326529886, 84.81996355001064, 78.84843517050429, 70.44221028827089, 63.510320254681766, 58.36752996272034, 33.79078037829109, 40.17041821531971, 48.58446647038217, 53.722995675372694, 64.06959110985183, 69.56992433663883, 74.99974099755512, 78.01157929906655, 74.95135092846729, 62.232103603802095, 55.1907803560242, 51.23587929854454, 81.98626495246981, 77.10293303494146, 77.90003136174776, 82.49574802415097, 85.14256059384458, 89.30862014041202, 100.03585757323515, 102.076545002445, 100.91934882338992, 98.2975915080843, 92.96671981277406, 90.28905408017494, 82.23846492874921, 80.18663845174684, 85.03524654455983, 87.64919466001803, 95.98361554495233, 91.2539711656944, 88.70772776913016, 85.10947634582918, 46.906475706138636, 56.686676143262545, 71.06409012866396, 81.87827003446779, 95.52624738843059, 107.14822717982571, 113.28283106462146, 124.08861176951821, 133.11374770217958, 135.06196877051255, 144.4222943554002, 134.2733229921334, 127.1325312955675, 117.3195332243804, 101.92136677335576], [24.158852821316852, 17.870197531723424, 15.425899873233488, 20.909141841428333, 20.407681864780574, 23.312784878449058, 27.62007154972865, 65.81582050182654, 70.35035093228832, 78.00628549742984, 85.70894196704457, 93.16245646986279, 87.49692656211238, 79.50535530937132, 70.19911774090235, 28.817809002279287, 19.30968854377113, 10.079934027256382, 0.0, 13.885976421883703, 11.096441420897287, 5.773433043385104, 12.72268309840102, 21.100416090809325, 28.72113859803321, 64.12801899585891, 71.83239642241232, 79.71324499277742, 87.15311675131233, 94.00338477084097, 92.91928373766787, 87.31276149988011, 79.14187985202453, 72.18836454010287, 67.11240953274546, 42.750600303543074, 48.16610123288332, 55.71682070531675, 58.67592494660594, 68.9186189166292, 75.54986140389828, 81.51431090355133, 84.42609800349182, 81.88793212286433, 70.30246613044999, 63.1680656873427, 59.829767369745554, 84.14587061885926, 80.64074507651739, 82.48365059387923, 87.72978467414694, 90.8305266107582, 95.0465620226115, 105.3055330821573, 106.96365061822718, 105.47542433551932, 102.26887473625784, 96.42352877273, 93.09152080779418, 85.22021760559194, 84.31135840114972, 89.9385359649778, 93.04773880247572, 101.1126987300847, 96.11810662176285, 93.1400781180848, 88.69936228284105, 38.161399383701585, 48.0513800896506, 63.85355166724393, 76.11899745537013, 90.98712965604933, 103.92846024159638, 111.84165774918668, 126.67764385341236, 136.46122960417264, 138.76840780389352, 147.4707737614834, 137.75062656228613, 131.56674529450922, 122.2907908547088, 108.31517791062778], [34.227832193507915, 27.89301283398131, 22.096494039461806, 19.012470863217832, 24.178599660773827, 30.53870988877921, 35.538295935143886, 73.69288806443903, 78.23015418202912, 86.21270789367577, 93.63238764597556, 100.26893098463542, 95.18881969516161, 87.35979623813404, 77.89352723617463, 41.336175309053, 32.21317237598101, 23.45670386798476, 13.885976421883703, 0.0, 6.142853325199374, 16.41586007834573, 24.893318075090054, 33.13514453361013, 40.198651356349096, 74.44662006618162, 81.67953349055165, 88.76799266656138, 95.43161302990022, 101.62613689448698, 100.85156425123027, 95.9512763508573, 88.30157382557297, 81.41595574407802, 76.54562360217831, 53.50459900580724, 58.08900456703222, 65.08634606092707, 65.42248986478855, 75.28925975072059, 83.36888687819355, 89.65336838357442, 91.61856129707928, 89.32896688279745, 79.75220065940657, 71.83638370750607, 69.24393322018109, 86.94222572677093, 85.37757499651946, 88.43865955515133, 94.19447180303143, 97.52908225237378, 101.40490396002357, 110.43384987169038, 111.96613754279568, 110.42842134170169, 106.7362721325125, 100.64116828617884, 96.58659357669158, 88.95076912724198, 89.55351112264267, 95.84864737655482, 99.28560571204255, 106.35535885800137, 101.44007899283605, 98.24388508811512, 93.0093168609948, 26.68923410187271, 34.62822658414567, 52.84159314633885, 67.03932224402553, 83.79810317655505, 98.50029368159899, 108.81703050575788, 128.9484521709367, 138.31119972185098, 140.53783873189425, 147.5613167262961, 138.27920748946025, 133.3943241471646, 124.90284519566427, 113.51254940507089], [30.07276573791915, 23.040659905147397, 16.54259958204689, 14.208465551721128, 18.635357567051003, 25.34129268603348, 31.128800880120405, 71.1182877335128, 75.87944421015379, 83.97918343137755, 91.45804203253964, 98.28637566505729, 92.94230852863383, 84.88973418518842, 75.38999970321619, 37.81543647268552, 28.97404109557017, 20.346313281578805, 11.096441420897287, 6.142853325199374, 0.0, 11.60999416101154, 20.203115705460235, 28.91204873384769, 36.341038408310105, 71.8627164478159, 79.43918167511188, 86.95768225487063, 93.96512086912968, 100.2492444090755, 99.15955247065844, 94.0362469716708, 86.10218251657659, 79.01997213799773, 74.03024143082109, 49.83178981903327, 53.67343543014243, 60.04090620913344, 60.232964657715826, 70.09287774615613, 78.0594300994341, 84.51675104748583, 87.05879354455729, 85.24005617314775, 75.42077731970383, 68.44996972657704, 66.33955004070894, 81.98209632006167, 80.13804593872098, 83.15539338334013, 89.02807639873056, 92.55692927610545, 96.70179171837766, 106.20844309477185, 107.4143230717854, 105.61337532392213, 101.80850605055043, 95.54270854482276, 91.53062638575504, 83.92586053175174, 84.36862002566382, 90.76617267743268, 94.36678132455646, 101.90108133450723, 96.69670204559111, 93.30908598527486, 88.00403495567191, 32.68002884442231, 37.839690218056475, 53.28969710987016, 66.33528553588026, 82.0128025303151, 95.97905442915328, 105.47209634796067, 124.3857118850899, 134.8366410147226, 137.67696326551405, 146.06438116377777, 137.23296007560444, 132.5126017597522, 124.79691658484126, 113.69375821159564], [21.399969823022506, 13.95363255557767, 10.470269542717892, 17.440329379983567, 15.586996411950217, 18.744160417726903, 24.183770756139516, 64.5080506241408, 69.30525217040436, 77.147808176916, 84.83383757295786, 92.32160061024959, 86.47459079354753, 78.26597937060377, 68.92150190306748, 27.47097744729681, 18.700399905707815, 10.42050002864498, 5.773433043385104, 16.41586007834573, 11.60999416101154, 0.0, 9.111039538118577, 18.541019489932097, 26.626339889108113, 63.357133701985575, 71.3667933091548, 79.58286856505057, 87.24784355162788, 94.03175870422359, 92.62729321850892, 86.92150586651168, 78.53835662381069, 71.37550434201044, 66.21401588740272, 40.70544854666837, 44.93505552796545, 51.574491610161566, 53.94687119106083, 64.11179142590056, 70.83651741103603, 77.05851533199744, 80.48458306598899, 78.56071843023682, 67.07315534273383, 60.998618540785664, 58.4540510390491, 79.05507217119604, 75.52559308042063, 77.49823926075062, 82.95292134788257, 86.31318936435869, 90.77767360331096, 101.35832937578458, 102.61848391969221, 100.82657716650657, 97.41959094539187, 91.35747524299492, 87.97151676398074, 80.18567778785578, 79.32459113412519, 85.16440628301362, 88.51136273628346, 96.92863837781357, 91.62431996106326, 88.39825548739428, 83.76326621195324, 42.30199482310881, 49.11324843171816, 62.62216087725778, 73.91002529356166, 87.8434265565714, 100.19593107918865, 107.55110897583549, 121.8397626232484, 132.73395738114388, 135.71436158444445, 145.63548498896495, 136.5364818803976, 130.82198886282373, 122.65300890399764, 109.66195828604317], [13.749918360947092, 7.075694275666876, 10.185008981576106, 21.840121872167884, 15.935994225482917, 14.099818689068027, 17.915161309472182, 57.31944869845208, 62.15979801645314, 69.85082612387266, 77.59170217524321, 85.40888097569697, 79.2641863158027, 70.96440019278518, 61.77814974527677, 19.03232183034235, 11.524063507329565, 7.636036241933507, 12.72268309840102, 24.893318075090054, 20.203115705460235, 9.111039538118577, 0.0, 9.734345569375169, 18.0779546382226, 55.37673307279248, 63.6537174743275, 72.2870350163955, 80.32441290218804, 87.28885395227881, 85.59586331405026, 79.58928798565132, 70.95174610157687, 63.71589504914324, 58.477133196180425, 32.217372435969104, 36.52478775503687, 43.515905267222905, 47.54256648535753, 57.827462639285024, 63.65684025665997, 69.53687293212737, 73.21230927128083, 71.08656788252327, 58.71901784134493, 53.18667639870493, 50.591454916180744, 75.10828047524554, 70.34368731642292, 71.44394404255928, 76.4130735155992, 79.47278618209323, 83.97792113583762, 95.06377106726985, 96.52232815399606, 94.92235606192298, 91.95738912622303, 86.2823332091629, 83.45390156493059, 75.51853983263905, 73.66777363168721, 78.90772217332241, 81.91028700144419, 90.67074767730249, 85.48846588850363, 82.55521769364402, 78.58997352561549, 50.48868480023377, 56.58081647392313, 68.27514198157779, 77.93918913588797, 90.47543266886268, 101.43759331985862, 107.02236667435994, 117.58905488967424, 128.13944389490592, 131.03394854718064, 141.92170205836294, 132.69969242616963, 126.3911224711792, 118.25786950634445, 104.64791539405806], [6.9093275637633536, 8.133680779817896, 16.500680330131907, 28.609187911978452, 21.042256379557514, 14.514294999036162, 13.46973220847902, 48.46255768031289, 53.24314448440213, 60.738383213474805, 68.50975644616453, 76.57761976925025, 70.23977537585225, 61.941190755888336, 52.935397934196544, 10.095314031784945, 7.348035799644214, 12.539741155850626, 21.100416090809325, 33.13514453361013, 28.91204873384769, 18.541019489932097, 9.734345569375169, 0.0, 8.410543441849047, 45.853006677923105, 54.26241106959454, 63.13065863751567, 71.3961595655909, 78.46616875033864, 76.5772348434511, 70.37735903401119, 61.59959637128949, 54.34224530438428, 49.07114139635936, 22.587316788606564, 27.82366537211884, 36.15513973427325, 42.4275482387158, 52.716371195837496, 57.5244763628693, 62.69365326918739, 65.93006581905917, 63.06837140281573, 49.95188401079301, 44.137827654147564, 41.190095635883985, 72.60069857004835, 66.5990209855532, 66.6157454520252, 70.77078821289058, 73.18728881260303, 77.40733598692624, 88.59911641401669, 90.63765702083911, 89.5758700198088, 87.32295793432573, 82.38771787803097, 80.25720387001145, 72.13186257769537, 69.20145395547236, 73.50020167882322, 75.84802688271114, 84.49321923172752, 79.79690037534496, 77.47658034237631, 74.49180598397118, 57.923194102851845, 63.53283713563731, 74.06245000398596, 82.29537223367674, 93.74352033155841, 103.41839929500404, 107.32124110251335, 114.06462183043843, 123.1161877537028, 125.40391406028802, 136.55697920526072, 126.92246744145139, 119.81353316221247, 111.4028768103274, 97.17340854599927], [7.933288625729057, 14.85319048860187, 23.443482137406978, 34.959276369330304, 27.01452374040799, 18.779221978257198, 13.679660330589318, 40.50163775703192, 45.20890316000977, 52.55353080586789, 60.33188105173056, 68.55487748479382, 62.097387530745515, 53.8193692143133, 44.96892217565425, 6.203942124899296, 11.844061924549743, 19.740940766235838, 28.72113859803321, 40.198651356349096, 36.341038408310105, 26.626339889108113, 18.0779546382226, 8.410543441849047, 0.0, 37.59202644915117, 46.066586558787115, 55.05232478368987, 63.438055648504395, 70.51931695294171, 68.47125368488956, 62.17558300194965, 53.32356465854713, 46.03517767107629, 40.750714006455496, 14.271118644919955, 21.02085122335328, 31.042899389985887, 39.28022023803504, 49.3102738081948, 53.20980854814589, 57.55557383682083, 59.99923707531747, 56.26615715486528, 42.724494410276996, 36.18874357989494, 32.85548727468434, 71.13443650937941, 64.23090760728411, 63.30144537473783, 66.60988231614112, 68.31636664297979, 72.10607560215234, 83.12349217620572, 85.80392729608081, 85.34675693154456, 83.79905950798162, 79.64944219688037, 78.14394842357804, 69.90740420538839, 66.1201512466121, 69.4707854714539, 71.12302850808369, 79.38625812695498, 75.28450064543978, 73.62756126226162, 71.59020389456788, 64.14530945983158, 69.12551543887298, 78.72527913409833, 85.79914051294477, 96.4018055076338, 105.03506154335153, 107.60853571720345, 111.25362388416721, 118.57611934944725, 120.16489048415285, 131.27860147128936, 121.24827333480678, 113.45676845023837, 104.82606853791512, 90.30399213289147], [43.73379761155824, 51.91683700592017, 60.083960240668134, 70.13768973726626, 62.591136742906414, 53.74176158811958, 45.767673681014394, 18.565427118298924, 18.538394893801186, 20.39894358661811, 27.581808816831597, 37.09414018001176, 30.332070172850283, 24.35036674456196, 20.53355412120576, 37.436803035738954, 46.11358232905368, 54.91692781899629, 64.12801899585891, 74.44662006618162, 71.8627164478159, 63.357133701985575, 55.37673307279248, 45.853006677923105, 37.59202644915117, 0.0, 8.93261216962144, 19.020471205632763, 28.436069131246974, 36.194077091016894, 33.589814370127634, 26.182716824948415, 17.016745488733502, 11.170134754013223, 7.356638114194962, 24.97814799346815, 30.439828172734583, 39.69110617424726, 52.230096910512856, 57.94606116318115, 56.39883529963783, 55.216037926283306, 52.449704368067685, 43.36922211795608, 31.195413717556896, 20.574036535727306, 11.11354816455141, 83.4