{
	"dissimilarities": [[0.0, 8.374507536498964, 16.225922495652746, 26.914973787004396, 18.62780446211815, 10.744627132648763, 6.119227851933196, 42.8649818150156, 46.48489697162366, 55.58709206395001, 64.34007658928103, 72.29165618688212, 64.94737964650058, 56.4529385194049, 48.33446842648469, 14.340798512671812, 13.261316192725255, 17.201082366445693, 23.892465154047333, 33.09036569729898, 29.226262304401256, 21.28584099782146, 14.416731635852624, 7.225308981058046, 8.119254388807079, 43.12357292697466, 51.08910200281518, 59.71039119530084, 68.40220778789582, 74.06191800465712, 72.05065566263488, 66.30331903790528, 58.784789091702635, 51.34431535989996, 45.15441203823983, 17.97201983256023, 23.755047511113215, 32.721749270106784, 37.272139788962974, 48.04554073890573, 52.605756282246915, 58.066902277251074, 60.55809425721542, 57.361707238628775, 45.68493347578401, 37.965980893377825, 35.73832677000949, 67.72922174129472, 61.891834793517155, 61.300439554681006, 66.2244281048077, 67.02166329388851, 72.05187528810458, 82.3464666821839, 85.20212691156495, 84.2006875231419, 81.81831848259657, 78.634622826459, 75.39040025917824, 67.06813314379072, 64.50341115707364, 68.22555680700177, 70.82590566214249, 77.95595860120515, 75.21735335712278, 72.88402988105976, 69.44754438958573, 57.59638388211945, 62.712731688209786, 71.14187846727955, 79.73639350115128, 90.10493021247095, 98.86679694781905, 100.08212195661618, 110.419626069125, 115.72028245944121, 119.13293555816236, 129.86942857503217, 121.24953537627538, 112.35857366660971, 103.89962974329342, 94.05079433020545], [8.374507536498964, 0.0, 8.283544846498389, 20.018437644239025, 11.567883413636439, 6.658518414043022, 10.317247614418147, 51.085625636359424, 54.803108112624386, 63.95114906138982, 72.67515776590889, 80.49034535382421, 73.21882194717925, 64.71613679259694, 56.54101096493972, 19.136111455231283, 13.99190911326803, 13.20198654303181, 17.485783423765607, 26.43407010528309, 21.878892224414518, 13.759620877248725, 8.338370360972819, 8.47509949785122, 15.008251442894101, 51.27157443353827, 59.32326294422276, 67.94473237011637, 76.63931734189023, 82.28791768425778, 80.35954126160176, 74.63969398618423, 67.1276542526754, 59.699774431488265, 53.493050431724924, 25.968441197199457, 30.55213003595916, 37.72433793542182, 40.22713422553611, 51.23555743845887, 56.470950372149495, 62.701736821584205, 66.21348061957754, 63.994074603665936, 52.44658073516036, 45.89767392513193, 44.07541718645287, 68.62356289717776, 63.71686259596436, 64.24237986923488, 69.9549884146782, 71.44160155387972, 76.97907562434247, 87.51049281913333, 89.51249667134893, 87.96268915053533, 84.76335820944686, 80.83598110244121, 76.88860416875069, 68.74666034889559, 67.1722346137106, 71.7313460579779, 75.13932434504326, 82.64643248535918, 79.29674612556425, 76.17532518501682, 71.92840939013301, 52.223739671132606, 57.38379589558201, 66.46675731241395, 76.17439874479167, 87.0823829483117, 96.89706956896178, 99.37487081947808, 112.69708918574906, 120.01638910572471, 124.21224417967875, 135.22979748431598, 127.11802568498781, 119.09506927441166, 111.04547442837499, 101.53912324958559], [16.225922495652746, 8.283544846498389, 0.0, 12.21218662873148, 4.647458752214911, 8.554066600623702, 16.058975434951286, 57.983714510414124, 61.97514998233189, 71.34842175870762, 79.87585798688444, 87.23679644701716, 80.1781294528759, 71.6818101389059, 63.37966079613638, 27.115273785037466, 20.67964066490641, 16.252199721009124, 15.400281481924221, 21.150144805935323, 15.84292315386848, 10.553947449756846, 11.21956343328037, 16.3690474661742, 23.285436353127437, 59.33992988900319, 67.27211987737344, 75.69676408003099, 84.13999925001585, 89.54764329376204, 87.6835738138899, 82.2133759490636, 74.83535923168166, 67.40829079974853, 61.28226452330707, 33.91734420562362, 37.34654896218845, 43.03948207588279, 42.7861227522556, 53.795360202704096, 59.92182967437827, 66.86451172873988, 70.7017451246497, 69.32955753483535, 58.86779452368612, 52.93012751496231, 51.7095292012057, 68.18916605201849, 64.60199647883854, 66.43954766786172, 72.81302543934146, 74.8937638001398, 80.61585207933066, 90.89097308307512, 92.19873996797855, 90.24021793736192, 86.29829083574184, 81.74768689310488, 77.0649701120248, 69.16169656697444, 68.83735969052204, 74.16797314688553, 78.31221853959866, 85.71887666253738, 81.93047330909785, 78.13476397250875, 73.11281679163753, 47.627046243736004, 50.79870751034985, 59.69995634633009, 70.19582885477489, 81.59390045880612, 92.44821471132752, 96.35896851615652, 112.9598910297776, 121.78469622533893, 126.59369921090705, 137.63293412426978, 130.14408411148978, 123.30435897409636, 116.11738292469614, 107.90146612358372], [26.914973787004396, 20.018437644239025, 12.21218662873148, 0.0, 9.55186369408876, 17.771471421578063, 24.913723517988814, 65.64096420307736, 70.01646458522733, 79.72788263737367, 87.76616070411077, 94.1522501036194, 87.63849108401008, 79.26855176165964, 70.83894559407906, 38.96898390510581, 32.237377197732116, 26.366540106998738, 21.16418583317284, 18.76255362026899, 14.312240995982775, 17.65776108701658, 22.594930168778788, 28.35305734532994, 34.65905578900823, 69.45140312579026, 76.96189322379968, 84.81483041314954, 92.60370004168831, 97.43392608950306, 95.71821859103703, 90.8511186084369, 83.8575692939256, 76.51468549659394, 70.64718689006216, 44.36355317439705, 46.71367322009559, 51.13719540330998, 47.071451087954244, 57.71587120957999, 65.1123436299597, 72.75179847405012, 76.0278615250981, 75.43183919813347, 67.38275975394511, 61.4703059045511, 60.967503666370696, 67.41428767460114, 66.06379455228604, 69.72681921612396, 76.6656642166475, 79.29172754903092, 84.74811423964456, 93.93980098876922, 94.68153464848399, 92.46125236135532, 87.75800864382992, 82.6542468786348, 77.03581620315477, 69.53814045360147, 71.1187394480696, 77.24589921461173, 82.13208975349507, 88.68608328287623, 84.65758487166383, 80.24562104435799, 74.36201057046488, 42.860066725878625, 40.087449378903095, 47.85118677434714, 59.27076545615613, 71.63890527682132, 84.15308390849441, 90.45711182214741, 111.84091704883113, 121.56874834204352, 126.73983803007098, 137.09213224628184, 130.41885867254354, 125.43016415741772, 119.69758822559167, 114.086513338487], [18.62780446211815, 11.567883413636439, 4.647458752214911, 9.55186369408876, 0.0, 8.841914911847146, 16.943286800653816, 58.86588564920325, 63.18059674884695, 72.71760639066261, 81.0430712239273, 88.04509853409645, 81.0349518248959, 72.54014433162322, 64.18307193561904, 30.655950909200953, 24.911795433812713, 20.897697003212244, 19.36594602856047, 22.96400198327247, 17.594111629002388, 14.513565449815081, 15.710582641144057, 19.90613646601256, 26.090259637593142, 61.51596748699905, 69.34154577082857, 77.72879145887494, 85.97912120820847, 91.15951098045531, 89.16660014546207, 83.87888711708736, 76.5670538377673, 69.09244186238051, 63.05121006246445, 35.803762852658394, 37.95449646174465, 42.607996376361875, 40.59301892420879, 51.506569245503236, 58.132077299863745, 65.42129309550138, 69.27343786103143, 68.45850888528881, 58.94573638127026, 53.58147486163598, 53.178543512487984, 64.50092634937482, 61.49147829298395, 63.93501390464748, 70.56651162527794, 72.91177136880047, 78.65263811524994, 88.73240406074191, 89.68162041793317, 87.55304623020378, 83.30848132912223, 78.54320482858319, 73.5848013788071, 65.78285401299475, 66.02061143496323, 71.66742779341283, 76.14097657722418, 83.41216526171802, 79.43174207127967, 75.35285644635276, 70.01878133558984, 49.06684043283435, 49.26844570585435, 56.26505156577601, 66.16284444822418, 77.18453536152572, 87.89095069770349, 91.89416356297123, 109.36269679480303, 118.85657522051766, 124.09242552717932, 135.59165122303773, 128.6800109203071, 122.63238056842711, 116.48391156163848, 109.64906378210675], [10.744627132648763, 6.658518414043022, 8.554066600623702, 17.771471421578063, 8.841914911847146, 0.0, 8.496320927134224, 50.53600027021737, 54.81931093486837, 64.2613755605141, 72.67853986932111, 79.960275938363, 72.7179137116521, 64.18566586472814, 55.8919967911256, 23.866840294181255, 20.265822967244357, 19.69098071267109, 22.30773836405811, 28.8983096729993, 24.014981549046208, 17.945863264778236, 14.427135485048927, 13.804267834804063, 18.233951898714086, 52.95737192506952, 60.82137583998637, 69.39751017504989, 77.78707463665133, 83.07718228775771, 80.91189858591243, 75.47024931390219, 68.05028016199896, 60.52692546594769, 54.455276619660445, 27.09211431790155, 29.320135958356232, 35.0115783734197, 35.096279098005375, 46.18640949407436, 52.12880329550808, 58.84117355621278, 62.273992941268276, 60.776886526247964, 50.618180380747134, 44.88362852080097, 44.47520088258688, 62.359267864067476, 57.96111894432544, 59.11817134080347, 65.12421918984464, 66.89950116703967, 72.44019727223755, 82.74636133289238, 84.36408897053705, 82.64756340643224, 79.14544547863719, 75.03282990221325, 70.82901238747867, 62.71945481158821, 61.69399380451865, 66.5936712867128, 70.37254262873226, 77.69844869847877, 74.13854461354198, 70.7225789297294, 66.15595815016789, 54.76564679791117, 56.08738991998145, 62.50402077361269, 71.06553425377837, 81.25077063047893, 90.52083874253474, 92.72533879773701, 106.52756650118536, 114.4981385781648, 119.22646804286394, 130.9905053140974, 123.65435008152427, 116.65556263894021, 110.14405191539569, 102.73037166412104], [6.119227851933196, 10.317247614418147, 16.058975434951286, 24.913723517988814, 16.943286800653816, 8.496320927134224, 0.0, 42.1271220252588, 46.353311177597696, 55.82643259153883, 64.22396229308052, 71.54162151410529, 64.32408827601674, 55.801587384862465, 47.50318327300878, 20.028390481608774, 19.252996163469984, 21.894052726509223, 26.860189095237228, 34.20437478249187, 30.136046075945544, 23.66251384186908, 18.23895578564762, 12.835148382068864, 13.029523265582664, 45.051032876804335, 52.696848354447276, 61.10419722845355, 69.37272839022891, 74.60403485124709, 72.42989868158236, 67.0539023910609, 59.71118024654106, 52.21350692116138, 46.216285106080406, 19.761490541039382, 23.002307839086082, 30.77134447021178, 32.87190736013738, 43.82237246659639, 49.158409701906244, 55.06357638608314, 57.148041452619495, 54.46944058786007, 44.44794085062318, 37.123402902923395, 36.28140537958813, 62.42557838278675, 57.12792649248385, 57.13193575864795, 62.27548494665555, 63.269705449773994, 68.16930282616529, 78.0675530114442, 80.72446878899245, 79.66096871537847, 77.06234257896351, 73.77890602945227, 70.29899152972197, 61.9646466594249, 59.94369077723912, 63.9380021665596, 66.82648179999497, 73.59394121233686, 70.76236902234407, 68.23684033155871, 64.53880200504913, 58.788311217671605, 60.66490743618235, 67.0428766972431, 74.69428175694568, 84.58111658857834, 92.97979902329803, 94.11082310301775, 105.03255286990472, 110.55001646140828, 114.26849420803724, 125.38553393990347, 117.37139427414702, 109.43722898627912, 102.3560887238895, 94.62544992466066], [42.8649818150156, 51.085625636359424, 57.983714510414124, 65.64096420307736, 58.86588564920325, 50.53600027021737, 42.1271220252588, 0.0, 6.019912177991385, 15.355077232692905, 22.477055444811647, 29.744372837056943, 22.200922698227902, 13.709060401533872, 5.479847096364095, 42.751947252971924, 49.84048616186746, 57.28920072047388, 64.88769421146321, 72.43900150198165, 69.9840261190447, 63.58903149730849, 56.69602072094137, 47.53052964058266, 39.53183677223522, 19.781973669735383, 20.561808350520682, 25.29075845639721, 30.99843203896023, 34.90309886185119, 31.76230528364594, 27.49461734011423, 21.677286366091444, 15.648412883653123, 13.800591994805371, 28.607078384336525, 29.3735957601995, 37.05773413151233, 45.15459841518357, 49.38037458705227, 49.52708458417986, 48.928616882896485, 42.06179249362543, 32.04758658605308, 29.186114878475585, 14.00730084635923, 12.110458901572684, 72.658097656624, 64.61367043007402, 59.30699467807929, 58.639203737292924, 55.156674577751744, 55.091383412698306, 60.655445772829616, 68.82913547663082, 71.49901094574524, 74.10102232935611, 75.51801506854645, 76.16144229379739, 68.639931530996, 62.441795774424186, 60.8579485544675, 58.22937814808432, 60.39023497508939, 62.246697587096946, 65.02723600551502, 66.55625217898734, 91.8037411649565, 93.52076998517714, 97.44278591960924, 100.37117246509366, 107.33798052626798, 110.687195851766, 106.30583137878935, 101.64042078917116, 94.22201742248745, 92.40986205813734, 100.6210324578957, 89.69043245749552, 76.4937781570136, 67.56365055626691, 59.94248978999736], [46.48489697162366, 54.803108112624386, 61.97514998233189, 70.01646458522733, 63.18059674884695, 54.81931093486837, 46.353311177597696, 6.019912177991385, 0.0, 9.938609192631784, 17.901031260512784, 26.342028598008735, 18.849168110425083, 10.902999656733602, 5.727941017930698, 44.83978033287925, 52.20291652183964, 59.920716604313014, 67.81450409762773, 75.67516836514864, 73.46208091890026, 66.88056217403742, 59.85561018773917, 50.635218079721554, 42.499338519679526, 17.015845910911306, 15.684844892743348, 19.32721910921688, 25.14356986677455, 29.494215479192984, 26.484958711856166, 21.821733303635327, 15.989542195784189, 10.438639704886267, 10.253951186840373, 31.615839778249207, 33.581299217131026, 41.64963131601351, 50.77130084457169, 54.84065667228499, 54.443609047335705, 53.27786362695697, 46.35136225263003, 35.90123966678841, 32.47605395416483, 17.92594300006337, 13.597990825819602, 78.44690193400544, 70.17753672998116, 64.4856797304129, 63.448198985886634, 59.673720335769985, 59.337425862426116, 64.58251203497053, 73.15978906545921, 76.0955769415766, 79.09969792810165, 80.79565092595107, 81.71037756446019, 74.28245531557226, 67.77643697638268, 65.83441419648022, 62.78106924194624, 64.74963327280342, 66.95891672858868, 70.10087680701913, 71.9735138849434, 94.30656633794061, 97.47251849229716, 102.42582028901053, 105.75274964383011, 113.03234649452845, 116.53319119813848, 112.15068793205432, 106.5797302614625, 97.94977875886454, 95.28227975933005, 102.39082679193834, 90.62282029837532, 76.06086204179006, 65.30899186895692, 55.27240184144291], [55.58709206395001, 63.95114906138982, 71.34842175870762, 79.72788263737367, 72.71760639066261, 64.2613755605141, 55.82643259153883, 15.355077232692905, 9.938609192631784, 0.0, 9.353652985879743, 19.850561207802745, 12.311005737603201, 8.188655609015438, 11.955974665219644, 52.46068097632071, 60.274492782188695, 68.33623894323263, 76.58171613272573, 84.82629956804922, 82.7098361406046, 75.8293006886431, 68.56298792374972, 59.21930235115397, 50.95042231481597, 19.082625152926628, 13.096394457932993, 12.373051227997525, 16.725851271522178, 21.197628994103326, 17.4783425231656, 12.254420651902318, 7.491112715651393, 7.283936342815265, 12.685561070433504, 39.83109112928203, 41.57414605991331, 48.75195860700329, 58.78534264312024, 61.739271814300444, 60.152966242248986, 57.67215658488144, 50.12672090345465, 39.14278737048093, 36.60806238916201, 24.78480721913156, 20.977232852509623, 85.56813743709102, 76.8318479996949, 70.25851732277167, 68.200704898887, 63.753553528732446, 62.631796064756934, 67.06658438530813, 76.34431648180819, 79.85508445246226, 83.80427956751191, 86.26753925053563, 87.96079466846476, 80.91597281947539, 73.70159276479298, 70.79917413267836, 66.75746565951088, 68.10449040108738, 71.09178295143626, 75.10401362262331, 77.89815284816083, 102.94287881510292, 107.02511433996071, 112.17461850562637, 115.20643318794333, 122.1198204167887, 124.91383471288789, 119.60814325665453, 110.94369977474531, 100.17751403543507, 96.36408432803725, 102.76112936509112, 90.3206677939518, 74.0051740139186, 61.936475766695715, 49.83100217049998], [64.34007658928103, 72.67515776590889, 79.87585798688444, 87.76616070411077, 81.0430712239273, 72.67853986932111, 64.22396229308052, 22.477055444811647, 17.901031260512784, 9.353652985879743, 0.0, 11.143268876294337, 5.529030883914647, 9.939561874586069, 17.647876167904766, 61.74149474698831, 69.43210039305208, 77.34590791304095, 85.37191873001385, 93.15974775165397, 91.16494210305231, 84.63488098675003, 77.5410180713213, 68.25682491440152, 60.027664376008865, 28.0922428603339, 21.03478069733937, 16.052388550105, 14.138204055824524, 15.289358539628894, 10.623027237473787, 9.606900821158666, 11.981445641644207, 16.115118666741118, 21.97113131765101, 48.871484573961006, 49.83746974543171, 55.992743168007024, 65.00456476103848, 66.8819508377846, 64.9450898878739, 61.66547890322423, 52.517677175663664, 41.29128925821869, 42.34902088284574, 32.204719114290704, 29.963750542497213, 89.54748666824096, 81.08254954231677, 74.28627472403903, 71.35392256526511, 66.35932344635421, 63.982636432252555, 66.48165524743511, 76.64538123038953, 80.8900462684747, 85.70312153860623, 88.96919593464192, 91.21956499901383, 84.62386173885389, 77.3605005796592, 73.69203215087023, 68.8627637296026, 68.6467960252854, 72.60587776570797, 77.47441818393429, 81.01890303970586, 110.58955678509645, 113.66076158611808, 117.94059553127563, 120.03303033815642, 126.33839759096293, 128.2686096441428, 122.27589384290708, 111.27862194475718, 97.49234323881545, 92.1554685883151, 97.2324174052024, 84.29761330933313, 66.94291246079206, 54.960907228015465, 44.69350526069537], [72.29165618688212, 80.49034535382421, 87.23679644701716, 94.1522501036194, 88.04509853409645, 79.960275938363, 71.54162151410529, 29.744372837056943, 26.342028598008735, 19.850561207802745, 11.143268876294337, 0.0, 9.182154448613687, 16.913759856589987, 24.40889224534897, 71.10345425614264, 78.33923340697923, 85.8123935945299, 93.27657135332751, 100.10326583520663, 98.29654170510406, 92.5218516363498, 85.8752958496275, 76.81696004585973, 68.7704817583092, 38.9067495329088, 32.031642535373884, 25.900226488364616, 20.170577665600835, 16.404785847820904, 13.316773035226522, 18.10462785297144, 22.901796569947102, 26.98754902190064, 32.47401440403119, 57.8265871470628, 58.09516373239822, 63.43707001700827, 70.41855689138964, 71.45063652197602, 69.81649684158496, 66.27607768884688, 55.24252782281479, 44.20707124315053, 49.61599860382082, 40.22216046762097, 39.318364415816106, 91.93689915154492, 84.32999699843192, 77.88685385973807, 74.36025414839472, 69.04337725809151, 65.26355083703201, 65.07191984012292, 76.12979564645136, 81.13315451813405, 86.60778136621492, 90.5748061519573, 93.11012210379901, 86.99274214926744, 80.24821514450409, 76.11008986218508, 70.80361964971162, 68.46922410390074, 73.4186524853869, 78.98422439345944, 83.01253514933579, 116.56353340162849, 117.62585813169322, 120.565040710026, 121.44138379742883, 127.10030304344207, 128.23728785100113, 121.95268121138838, 109.64226199770016, 92.21977333261555, 84.93584210170297, 87.78961402476867, 74.26966315527145, 56.22856732798968, 45.27364474777824, 40.6655763838419], [64.94737964650058, 73.21882194717925, 80.1781294528759, 87.63849108401008, 81.0349518248959, 72.7179137116521, 64.32408827601674, 22.200922698227902, 18.849168110425083, 12.311005737603201, 5.529030883914647, 9.182154448613687, 0.0, 8.56629155522382, 16.854800769087156, 63.39511275325015, 70.99374313717908, 78.76024082985593, 86.57018757540003, 94.03758752286068, 91.87938747330557, 85.55074825475036, 78.5526238536158, 69.26748207690622, 61.08192630262027, 31.085119765336, 24.94645736484507, 21.306316180071953, 19.434607980432304, 19.313741923222466, 14.719028167904428, 15.00557893596075, 16.63691106255584, 19.313396710975464, 24.506328939036564, 49.73626545610079, 49.56021842717218, 54.79740709422515, 62.76335676928731, 64.00483452700004, 62.08750744223916, 58.642913446896976, 48.633580502891355, 37.414803643324205, 40.79661195624167, 31.501892256797824, 30.987079071359176, 85.8629022255937, 77.619966311458, 70.87040181161473, 67.64999510127738, 62.513546245901615, 59.63752275946322, 61.42693594724193, 71.81553492596356, 76.26679378989596, 81.29268884615921, 84.81739991226513, 87.23436518579497, 80.84745186314295, 73.67882730417023, 69.77386345356751, 64.7490716666261, 63.881971824718974, 68.13309509749115, 73.2536451013378, 77.02797573546316, 111.87339897410423, 113.3967215820062, 116.38942755835461, 117.65545983564459, 123.30206301860186, 124.55119145906951, 118.04874896034221, 106.25378906415187, 91.98594112361846, 86.70480444441885, 92.50656095455815, 80.164857692998, 63.58097951356586, 53.80416791642474, 47.29341919715923], [56.4529385194049, 64.71613679259694, 71.6818101389059, 79.26855176165964, 72.54014433162322, 64.18566586472814, 55.801587384862465, 13.709060401533872, 10.902999656733602, 8.188655609015438, 9.939561874586069, 16.913759856589987, 8.56629155522382, 0.0, 8.438060029815741, 55.252858329552346, 62.78533524113685, 70.51237263964641, 78.312781817839, 85.89679434108153, 83.58856747516275, 77.15772581877879, 70.13381550775638, 60.841890122369485, 52.680202087964524, 24.86705284896222, 20.56002010167456, 20.315574845515027, 22.311463035345845, 24.490252880407624, 20.36428001460309, 17.75165471905067, 15.204588257249782, 14.213919441983236, 17.882897614555368, 41.33844817112653, 41.24326585184876, 47.07871865872475, 55.2744304135853, 57.383855081079304, 56.0097578656859, 53.403124552461534, 44.36153947771183, 33.178965110019654, 34.464848964762375, 23.441100670597702, 22.832288529572615, 80.0016563863633, 71.680305286501, 65.27708249577809, 62.86552608106828, 58.22565784934592, 56.36214960598688, 59.7414809331785, 69.38528432056385, 73.1989689719347, 77.40231159205622, 80.20883534765099, 82.06381925470244, 75.25342153447804, 68.27271969520238, 65.09345881617097, 60.826439161199474, 61.16250831787927, 64.56432104371729, 68.91082420163701, 71.96909571078339, 104.42150366101323, 106.01295416086276, 109.24126291976314, 111.04210893381602, 117.0734096845294, 118.9718017604915, 113.07460210725368, 103.61297995182308, 92.06220919518411, 88.26105449602284, 95.37736110515154, 83.6667529271929, 68.4552196461609, 59.146824743019344, 52.05776549032966], [48.33446842648469, 56.54101096493972, 63.37966079613638, 70.83894559407906, 64.18307193561904, 55.8919967911256, 47.50318327300878, 5.479847096364095, 5.727941017930698, 11.955974665219644, 17.647876167904766, 24.40889224534897, 16.854800769087156, 8.438060029815741, 0.0, 48.05381630490159, 55.23728370797511, 62.71542306630173, 70.29345341594686, 77.69755647572268, 75.32113102945338, 69.03861540314853, 62.17315277063906, 53.00205324313674, 44.97838930031733, 21.959784261927755, 20.556105859896565, 23.35539295345837, 27.64332437520274, 30.801203213668614, 27.37303071070072, 23.833194541183985, 19.118582321758744, 14.643185151394247, 15.130800713995344, 33.92608676894044, 34.147876760273604, 40.90977987842445, 48.701526497708514, 51.985696011929726, 51.61710049924506, 50.23020618462204, 42.156386792931265, 31.500548627064564, 30.97589840868245, 17.401706331593633, 16.509814186919336, 74.81255614447458, 66.7582267035797, 61.07574258905054, 59.68287277916046, 55.707283995229275, 54.80293516204642, 59.321782689909284, 68.18031468198464, 71.36039276538553, 74.6194403306344, 76.62893767817434, 77.74343910911948, 70.5057873522735, 64.06778974316168, 61.830186718713854, 58.531600801942304, 59.77910939163476, 62.32062873348879, 65.77014671002799, 67.92176379666796, 96.63248416865085, 97.95959358983771, 101.39451254000446, 103.72261972377551, 110.25850389875647, 112.97483097043347, 107.99815975675303, 101.49653771628923, 92.25089700710225, 89.59915304420734, 97.31374735413125, 86.09018169856606, 72.24962900488403, 63.39996122193788, 56.535938532578015], [14.340798512671812, 19.136111455231283, 27.115273785037466, 38.96898390510581, 30.655950909200953, 23.866840294181255, 20.028390481608774, 42.751947252971924, 44.83978033287925, 52.46068097632071, 61.74149474698831, 71.10345425614264, 63.39511275325015, 55.252858329552346, 48.05381630490159, 0.0, 9.374424823374447, 18.56681943691673, 28.45155877480357, 40.40454492296228, 37.219054286272424, 27.4468720384049, 19.001747325955524, 10.803072431114952, 7.49801712020458, 36.42167225308275, 44.876006230072704, 54.02990651889863, 63.640831343394865, 70.24082325143956, 68.36377896302096, 61.73269951085896, 53.886880715162064, 46.82303178432965, 40.4834624242846, 15.77020649462441, 25.25773173944026, 35.66848722668849, 45.52861598427587, 55.26707852595884, 57.663983992359746, 61.62891627548119, 64.74408207119421, 60.39611548996244, 45.372841315119885, 37.6346593796499, 32.873701269323796, 77.92701037346599, 70.46026323268299, 68.0274002601229, 72.00319495678126, 72.09112914715807, 77.19268331632185, 88.3137226692571, 91.74908854530354, 91.05500054860454, 89.52421622762655, 86.93429560282144, 84.64250847484817, 76.40317039400954, 72.16246192009375, 74.83293538618881, 76.42497757066002, 84.24993489783407, 81.91822202247435, 80.34284028249365, 77.91615491585299, 63.251595493019174, 73.90638252550491, 84.73516512120754, 93.9740572640015, 104.39036382151231, 112.75922838568057, 112.91392445170226, 119.78994555183694, 124.14748436167727, 126.90405471493062, 137.49211331757408, 127.74948706219529, 116.59120996046627, 105.57518925784147, 91.210000492426], [13.261316192725255, 13.99190911326803, 20.67964066490641, 32.237377197732116, 24.911795433812713, 20.265822967244357, 19.252996163469984, 49.84048616186746, 52.20291652183964, 60.274492782188695, 69.43210039305208, 78.33923340697923, 70.99374313717908, 62.78533524113685, 55.23728370797511, 9.374424823374447, 0.0, 9.221031627024056, 19.183653595507216, 31.44026700565728, 28.436643104920396, 18.711693956061858, 11.016314765377617, 7.384957833532903, 11.836836008433758, 44.98547721763504, 53.18637888447338, 61.83727518090491, 71.10531776956664, 77.47856568135938, 75.92045283700716, 69.61433013725853, 62.0038132712931, 54.98379259254416, 48.71809145575138, 23.46572314986958, 32.07291078230305, 41.61882390609301, 48.885568711012276, 59.33639827972598, 62.86118122629531, 67.74679625837831, 71.11776141815659, 67.35833721037811, 53.30396138610815, 45.488559822073654, 40.97412811794577, 79.79953566873117, 73.46956361070856, 72.3070808369681, 77.07383363686814, 77.74216504321184, 83.07273741991763, 93.98431553881493, 96.94207183083802, 95.89900514656223, 93.63726310948591, 90.4005038317352, 87.31447003112721, 79.08685485049416, 76.00928663384288, 79.52993223758554, 81.8819230160745, 89.63644050882765, 86.90181302164852, 84.66237817414837, 81.40587507828022, 54.45929470574412, 66.25035533361068, 78.70488026372, 89.33137309648144, 100.79049931529433, 110.62931719494013, 112.53456563040257, 122.99147217867414, 128.4345438090638, 131.465301782299, 141.39188433653433, 131.77142947299942, 121.41198908759306, 110.42673700314361, 96.56398944381577], [17.201082366445693, 13.20198654303181, 16.252199721009124, 26.366540106998738, 20.897697003212244, 19.69098071267109, 21.894052726509223, 57.28920072047388, 59.920716604313014, 68.33623894323263, 77.34590791304095, 85.8123935945299, 78.76024082985593, 70.51237263964641, 62.71542306630173, 18.56681943691673, 9.221031627024056, 0.0, 10.049723988060421, 22.742957210773888, 19.889231087408962, 10.49502037934515, 6.550404474833213, 12.250164712292687, 19.502806441648698, 53.7532957470669, 61.77099352172669, 70.06090728987604, 79.01579617752455, 85.1504933384049, 83.80569710653621, 77.79148312267785, 70.3696472477747, 63.36846481330497, 57.172680693685756, 31.64309544071988, 39.29300137954571, 47.87674886788818, 52.75156068037091, 63.592143893658665, 68.06629039554328, 73.72153909590092, 77.33586621524293, 74.18948024546872, 61.04060737863262, 53.37477653740621, 49.253377464446025, 81.6882611862391, 76.51439163095205, 76.54972558379782, 81.99868442676706, 83.204862427973, 88.72638999318791, 99.41531030275793, 101.86252822263144, 100.47689995029934, 97.5268783174434, 93.6934384475594, 89.87944219720998, 81.75928751594081, 79.80943507784676, 84.08867272605838, 87.13455903720624, 94.80089014994854, 91.68535677071945, 88.82767812965129, 84.81790142469025, 46.244464062693574, 58.876216365062135, 72.81715746016266, 84.77371895546815, 97.15291328244417, 108.36851335092064, 111.96579644506397, 125.84204095417743, 132.43464105838368, 135.81536448758084, 145.2612744551002, 135.90912659869966, 126.458030038989, 115.76866118340557, 102.69603352155455], [23.892465154047333, 17.485783423765607, 15.400281481924221, 21.16418583317284, 19.36594602856047, 22.30773836405811, 26.860189095237228, 64.88769421146321, 67.81450409762773, 76.58171613272573, 85.37191873001385, 93.27657135332751, 86.57018757540003, 78.312781817839, 70.29345341594686, 28.45155877480357, 19.183653595507216, 10.049723988060421, 0.0, 13.118669495113634, 10.661010278542742, 5.66907156464081, 11.9118393278223, 20.636093321537828, 28.30955083243916, 62.95097676129644, 70.75136050992465, 78.65348567904181, 87.21231389788232, 93.0185694083333, 91.86335026180765, 86.21676076325815, 79.01943136326017, 72.03151059928582, 65.93562454116159, 40.379608829532444, 47.168265066995566, 54.88214520603739, 57.23808353343122, 68.26495068748329, 73.70362260791437, 80.05527119492524, 83.65101877798561, 81.07470134103978, 69.13922168306252, 61.49454732658697, 57.816659531380786, 83.58846764083982, 79.77504855553305, 81.07678499856588, 87.12471446732624, 88.82158256449043, 94.39209374252438, 104.63597291746281, 106.61927098344569, 104.94682258316452, 101.3420945737648, 96.96871873695507, 92.4212015583314, 84.4840984173074, 83.78121203050499, 88.76882097838445, 92.46369504903433, 99.83363756123137, 96.41380174866212, 92.9921303345878, 88.25932609871286, 37.52077480493016, 50.2941605436779, 65.77640097778247, 79.1200377952323, 92.48538113942159, 105.18549917380044, 110.68849286981738, 128.24017244640598, 135.7915953170714, 139.45719798286376, 148.27422376659075, 139.28064354728028, 130.93618008829958, 120.78789883517871, 108.97860825714893], [33.09036569729898, 26.43407010528309, 21.150144805935323, 18.76255362026899, 22.96400198327247, 28.8983096729993, 34.20437478249187, 72.43900150198165, 75.67516836514864, 84.82629956804922, 93.15974775165397, 100.10326583520663, 94.03758752286068, 85.89679434108153, 77.69755647572268, 40.40454492296228, 31.44026700565728, 22.742957210773888, 13.118669495113634, 0.0, 5.967728127548959, 15.404623995194887, 23.645515075110943, 31.883225599829967, 39.05325623973527, 72.95377618301076, 80.28263095614045, 87.4678053921658, 95.29063466076404, 100.49688807417968, 99.62945013735259, 94.64007293166657, 87.88718568306759, 81.00618533087007, 75.16329306117505, 50.47832109479216, 56.5796958106237, 63.72109390520418, 63.11975456473009, 74.13357585260502, 80.71892335791874, 87.67047474289764, 90.48245125161291, 88.25970428592774, 78.43202809782994, 70.23258477720002, 66.96559153139425, 85.94799299088723, 83.96498025958716, 86.71151205532989, 93.18968397720207, 95.23821750676917, 100.46229402329118, 109.60787298677374, 111.38198979195124, 109.6273610981797, 105.48885564304328, 100.74483013300973, 95.42964918396439, 87.75024186306062, 88.58723600138086, 94.18036027317157, 98.4054318706367, 104.87354589808272, 101.39913986875436, 97.58259097395647, 92.18995964872238, 26.75440404898373, 37.69511590803113, 55.543882442181776, 70.57846884039347, 85.4151772162181, 100.05348441623123, 108.1363105617467, 130.09137734265158, 137.70817966916735, 141.24578657628885, 148.5955732177099, 139.94272171095605, 133.06690159063825, 123.71987807794834, 114.0934637124518], [29.226262304401256, 21.878892224414518, 15.84292315386848, 14.312240995982775, 17.594111629002388, 24.014981549046208, 30.136046075945544, 69.9840261190447, 73.46208091890026, 82.7098361406046, 91.16494210305231, 98.29654170510406, 91.87938747330557, 83.58856747516275, 75.32113102945338, 37.219054286272424, 28.436643104920396, 19.889231087408962, 10.661010278542742, 5.967728127548959, 0.0, 10.829448168708923, 19.358105939356566, 27.91848021597569, 35.45003137690866, 70.55423266775487, 78.16217289567949, 85.81503977015468, 93.9151058429207, 99.24195865590686, 98.0635879848698, 92.86764032021647, 85.86428474668045, 78.77804104599043, 72.79326193442185, 46.975920947309035, 52.29001369967231, 58.79360277127968, 58.08651896100013, 69.05522589504741, 75.5608012313241, 82.62390026474418, 86.0142766375537, 84.23631179978337, 74.09549528299992, 66.78249640419658, 64.1331139954648, 81.07973785688066, 78.83041002245314, 81.52267904071999, 88.11940827231405, 90.32443238549317, 95.82986950761268, 105.42115163028193, 106.83868440387434, 104.88213197429558, 100.61482494952976, 95.75236758235076, 90.47969476953557, 82.81814189768997, 83.51137115281092, 89.19111008642089, 93.55721909518805, 100.43658796514855, 96.72016144523124, 92.73318534974337, 87.28484492477267, 32.570966938228686, 40.624076793792156, 55.746614823526336, 69.78970791666065, 83.70957114299158, 97.48996807625504, 104.632923550633, 125.68714967582457, 134.26377644113066, 138.42325206477693, 147.0735928357479, 138.91007259138195, 132.20173832108622, 123.58245865330262, 114.33370915175024], [21.28584099782146, 13.759620877248725, 10.553947449756846, 17.65776108701658, 14.513565449815081, 17.945863264778236, 23.66251384186908, 63.58903149730849, 66.88056217403742, 75.8293006886431, 84.63488098675003, 92.5218516363498, 85.55074825475036, 77.15772581877879, 69.03861540314853, 27.4468720384049, 18.711693956061858, 10.49502037934515, 5.66907156464081, 15.404623995194887, 10.829448168708923, 0.0, 8.865942626240088, 18.247646586041196, 26.36710017621615, 62.32318078848648, 70.33598670481437, 78.62674121072673, 87.31973791479483, 93.10753939200102, 91.63841689362374, 85.9128513929895, 78.53177890152412, 71.3316941626556, 65.13833702401152, 38.38842635996585, 43.97204064593492, 50.78529370364555, 52.520749095258, 63.48540281441032, 69.02662867956992, 75.6152477513052, 79.72519133153853, 77.74112836733615, 65.86835295778066, 59.21477936911624, 56.432499982725325, 78.48371256547819, 74.66359453085315, 76.1313744284605, 82.37816748212481, 84.30991788331613, 90.12934982048488, 100.66090539567679, 102.20728012674475, 100.30129508360884, 96.47100368426345, 91.9187617902611, 87.30579624896109, 79.43930693704824, 78.82095940171968, 83.99726195452578, 87.93761269632932, 95.5958798521112, 91.90154884897765, 88.22985673523137, 83.33670065059725, 41.471352011376304, 51.022433772743945, 64.21205480219984, 76.70581285020354, 89.2847896013869, 101.3232498650181, 106.2095309657958, 123.45373364826754, 132.03522862680134, 136.3604160855291, 146.3369016867154, 137.9830084758761, 130.16046287529815, 121.07173645109609, 110.28308613359253], [14.416731635852624, 8.338370360972819, 11.21956343328037, 22.594930168778788, 15.710582641144057, 14.427135485048927, 18.23895578564762, 56.69602072094137, 59.85561018773917, 68.56298792374972, 77.5410180713213, 85.8752958496275, 78.5526238536158, 70.13381550775638, 62.17315277063906, 19.001747325955524, 11.016314765377617, 6.550404474833213, 11.9118393278223, 23.645515075110943, 19.358105939356566, 8.865942626240088, 0.0, 9.76714606583059, 18.123596697627566, 54.36606659852667, 62.60179299581552, 71.30374196032407, 80.33222807645815, 86.3664283298899, 84.65716700274236, 78.6223541790058, 71.01847788850486, 63.75275285216431, 57.458257524387015, 30.26944838438553, 36.152946501208255, 43.52905914360775, 47.41604977001228, 58.25466874106671, 62.97530450079567, 69.02209497529884, 73.26028419598342, 70.91045533197014, 57.98233432254593, 51.57478677688901, 48.72142705441025, 75.76913137592021, 70.70000468220792, 71.05129225290618, 76.81261811808909, 78.35601571863684, 84.19003718531285, 95.18067204363754, 97.05818600354752, 95.36470356812484, 92.0759343718605, 87.97700788262179, 84.01246841259098, 75.97896512753998, 74.2428942599671, 78.82598401184119, 82.24207079099197, 90.22461851442887, 86.74451071897548, 83.52661079865008, 79.24929545868535, 49.129084453394874, 58.4811336143143, 70.12432199964593, 81.23198600336866, 92.79961383962524, 103.38566654351905, 106.45931884724874, 120.35037218076823, 128.2437184976074, 132.43660941670421, 143.16950789364347, 134.63299581777252, 125.9806521291072, 116.68041323756736, 105.12292920249028], [7.225308981058046, 8.47509949785122, 16.3690474661742, 28.35305734532994, 19.90613646601256, 13.804267834804063, 12.835148382068864, 47.53052964058266, 50.635218079721554, 59.21930235115397, 68.25682491440152, 76.81696004585973, 69.26748207690622, 60.841890122369485, 53.00205324313674, 10.803072431114952, 7.384957833532903, 12.250164712292687, 20.636093321537828, 31.883225599829967, 27.91848021597569, 18.247646586041196, 9.76714606583059, 0.0, 8.409665624620814, 44.95675741096448, 53.27695876913464, 62.23186290584049, 71.39552894533075, 77.50018613226686, 75.55887716318132, 69.38865070209971, 61.663375869320795, 54.320567674765854, 47.98524439955812, 20.530694155372778, 27.111454350649428, 35.7582578863495, 41.821440032539634, 52.41755688672115, 56.37428300120679, 61.70744473264264, 65.33275486532138, 62.288231496458216, 48.90100363018541, 42.0506679594225, 39.11721212063667, 72.43980219491984, 66.25236103071752, 65.41709003511882, 70.45235786659563, 71.38969509116836, 76.88853650776458, 87.89473521149685, 90.42945077600366, 89.17975606075456, 86.65288370853665, 83.24726621356993, 80.02564223124708, 71.81139976620561, 68.97221035932188, 72.75545251587226, 75.43240423401953, 83.28177931100355, 80.28172605089009, 77.76552589331536, 74.28103670313936, 56.64794243794929, 64.77349290952002, 74.77386987569355, 84.32074616437555, 94.95710117388586, 104.0845013366646, 105.44078484575365, 115.8437540940387, 122.15392627948411, 125.85487122203749, 136.8912181957161, 128.1002878458971, 118.69504739017704, 109.35382517810454, 97.64772935030896], [8.119254388807079, 15.008251442894101, 23.285436353127437, 34.65905578900823, 26.090259637593142, 18.233951898714086, 13.029523265582664, 39.53183677223522, 42.499338519679526, 50.95042231481597, 60.027664376008865, 68.7704817583092, 61.08192630262027, 52.680202087964524, 44.97838930031733, 7.49801712020458, 11.836836008433758, 19.502806441648698, 28.30955083243916, 39.05325623973527, 35.45003137690866, 26.36710017621615, 18.123596697627566, 8.409665624620814, 0.0, 36.75122850781917, 45.07578639399704, 54.1646506797987, 63.38748236382781, 69.52492715002822, 67.42361637440366, 61.17489181846764, 53.38691529217528, 45.99990860049546, 39.64990708017754, 12.256920168880477, 20.507721878240623, 30.89752975685786, 39.0810475322447, 49.16951379967686, 52.33523358634642, 56.814472610295354, 59.48024845365961, 55.52345410801783, 41.91504050152834, 34.07185229184373, 30.744744372298655, 71.19201423259426, 64.14084846379089, 62.20372920782166, 66.4123224637027, 66.66780816247123, 71.6616277652662, 82.4439157928122, 85.7513795919136, 85.02030756884078, 83.296757825932, 80.62676102301474, 78.11823942944622, 69.80977936055486, 66.01142339937343, 68.9371577813104, 70.800156226011, 78.2912562200179, 75.88183012993174, 74.14182654686314, 71.47891167114398, 62.870586414094916, 70.25812444163317, 79.23866086934868, 87.60357518031648, 97.57809277856808, 105.58460708890843, 105.63979353991489, 113.04052929057856, 117.5153643853216, 120.54663340408432, 131.50207508801762, 122.3482458872493, 112.1711659571359, 102.6212647727468, 90.71721703192988], [43.12357292697466, 51.27157443353827, 59.33992988900319, 69.45140312579026, 61.51596748699905, 52.95737192506952, 45.051032876804335, 19.781973669735383, 17.015845910911306, 19.082625152926628, 28.0922428603339, 38.9067495329088, 31.085119765336, 24.86705284896222, 21.959784261927755, 36.42167225308275, 44.98547721763504, 53.7532957470669, 62.95097676129644, 72.95377618301076, 70.55423266775487, 62.32318078848648, 54.36606659852667, 44.95675741096448, 36.75122850781917, 0.0, 8.79584237338494, 19.10883761273079, 29.279083707294596, 36.35232792643963, 33.733544599014, 26.300417789038143, 18.16521173153966, 11.97897564824092, 7.079094009187473, 26.367737454886605, 31.1090923441076, 40.51217229781699, 53.8697605687742, 58.92676778374767, 57.48358615609944, 56.416521214003616, 53.53787616627848, 44.38567568021351, 32.89527755640068, 21.17073462921965, 12.306638211894303, 84.93549053070473, 75.44028745011154, 69.11301234549484, 68.74621503500438, 65