{
	"dissimilarities": [[0.0, 8.472063772613904, 17.018284835469114, 25.042958816188236, 17.191771318456656, 8.660404132315417, 2.219190880074311, 41.31179961662771, 46.37387653531206, 54.58907180125914, 63.201506767535484, 72.04010145823237, 63.41761757483643, 56.0057865607667, 47.6426386422613, 17.697768188966116, 16.609609272677154, 19.408841518288643, 24.83251716108236, 32.17103056133964, 28.647560217156958, 22.125127164680997, 16.223000643279835, 9.957867537829022, 10.373496477032518, 44.03363078111368, 52.0782388054833, 60.291666048675644, 69.05360775568447, 74.36349533876468, 72.33550470717448, 66.61994803847048, 59.188778556338484, 50.69137451405616, 45.57884164136788, 18.15109557398459, 22.28857749729179, 31.201633345492557, 35.59215596312589, 45.907943066389215, 51.28843381913995, 56.59786366950747, 58.70762341642387, 54.87885453430153, 45.185356096028315, 36.436312880512766, 34.15404136951228, 65.56290687164554, 60.99595115770372, 59.76503869103638, 64.58868856623225, 66.27873333927067, 70.96002349713497, 80.87725148019159, 82.96615350698816, 83.02591357294749, 79.73173065638287, 76.63363816218603, 73.30520613878267, 65.99525998854124, 63.420431951350146, 67.04896049631603, 69.65327269021357, 76.60877332197722, 73.06172256613657, 71.80649101321546, 68.36108323713421, 56.685696608123685, 59.389841705337105, 66.92914701253433, 74.01989436131524, 84.99302180200995, 94.28226434338255, 96.35590007570242, 107.7192479795733, 115.11378106262296, 118.02296705139067, 129.22455260896615, 118.61985657459566, 111.104036177789, 103.79564727148478, 94.19392731116176], [8.472063772613904, 0.0, 8.75799791689408, 17.578196004736355, 8.970812371260253, 1.068532717603446, 8.54113917251311, 49.60174346351142, 54.767587102586305, 63.00693889187542, 71.59730129780678, 80.34973971492717, 71.75203612091025, 64.29793263402279, 55.94998598234884, 21.976311362685866, 17.731265597900954, 16.769094923132435, 19.624048182988417, 26.169068451370638, 21.835106035805623, 15.671397034051497, 11.668747500174089, 11.142215132806669, 16.434012751845998, 52.11859979489022, 60.31046764285518, 68.66028537006135, 77.49274087418412, 82.82192745409453, 80.80491217884048, 75.06945056516744, 67.58335606008022, 59.0608312455354, 53.91901431262984, 25.601442569251716, 28.190093540417546, 34.979709490164296, 37.39452508158662, 47.81883896072799, 54.029060059712684, 60.20575033163804, 63.576545778142474, 60.822629676805136, 50.953758908843675, 43.86327902302474, 42.31001885111781, 65.31581550559326, 61.61490404817486, 61.54459262167432, 67.23791484167162, 69.63373902443111, 74.94570911426013, 85.25119200577824, 86.38785409699751, 85.7726355741993, 81.62370142905267, 77.71491747390948, 73.66614446455554, 66.52776056501521, 64.946965394469, 69.47864364892311, 72.96055948815392, 80.41409715156905, 76.21123235743804, 74.02126854248674, 69.7219865520923, 52.255012952402474, 54.37455953616939, 62.07095965344397, 70.05490241727026, 81.42830682709327, 91.65150500945785, 94.85081410488148, 109.0324258469061, 118.83939397813886, 122.71974719273499, 134.50449919128002, 124.65097250418597, 118.06646587932164, 111.34353373974815, 102.2222299578889], [17.018284835469114, 8.75799791689408, 0.0, 9.513211789207995, 1.0628981273240632, 8.655585499995597, 16.83504591785181, 57.86547568944719, 63.10526125819448, 71.47047880873751, 79.95015275376967, 88.37993762657399, 80.02932301062202, 72.5938175174464, 64.20766691462269, 29.43353770291225, 23.394359729957838, 18.95909053820744, 17.307882370745823, 20.705276656852305, 15.67442049770651, 12.481429004664932, 13.66414923582753, 18.253660412841285, 24.86634206648067, 60.844280234679864, 68.99372835014763, 77.23205216642255, 85.877971392035, 91.07218935240711, 89.14078192947431, 83.59249960703697, 76.20559463723123, 67.70662294930398, 62.59011377884195, 34.32580242490243, 36.120294067740566, 41.374402646802444, 41.485448277638824, 51.65026172643856, 58.76839276034548, 65.62396138045463, 69.58104115403712, 67.69845452592547, 58.46068646760712, 52.20564877470116, 51.00418640788799, 66.20277985660111, 63.74709853123261, 65.06913984702655, 71.45410349341402, 74.42574102554923, 80.02101395776103, 90.20924052523706, 90.63165921122668, 89.4807758523625, 84.60005951554893, 79.99349977453383, 75.17700521849315, 68.2563951881172, 67.8670621658267, 73.20352702959386, 77.47491357548543, 85.01261126439547, 80.36115942102208, 77.40838864697723, 72.29711082805537, 47.318541772340964, 47.94577146666808, 55.85491422426335, 64.94727864337943, 76.98095095570896, 88.45564334272382, 93.2491153279065, 110.80135741528264, 122.29539493474655, 126.89111252769837, 138.70376102720743, 129.53732223003377, 123.96783899966339, 117.82539405183343, 109.57474809265794], [25.042958816188236, 17.578196004736355, 9.513211789207995, 0.0, 9.268981467448137, 17.338313912976833, 24.555638182458893, 64.50269447657391, 69.81103200897495, 78.41831728008034, 86.59235228021348, 94.29541826066749, 86.52838063775778, 79.20544327572317, 70.77099592704732, 38.54100095510122, 31.97385436107663, 26.11383392251029, 21.13390672350595, 18.642185984965202, 14.385023887201925, 17.337472168314875, 21.8744469794961, 27.412404422562222, 33.799848029667146, 69.00587124045978, 76.87317827777808, 84.66432200118172, 92.73996558395537, 97.51114906710232, 95.71967260143357, 90.6845692938038, 83.62587406335192, 75.22707021497965, 70.23577047522502, 42.94090708337442, 44.25218881420134, 48.65278498195582, 46.176163095468965, 55.84262738397757, 64.03333757879743, 71.335683700015, 74.90169379812559, 73.6571335398235, 66.17041798543615, 59.888529653865085, 58.86987244253597, 66.89255429260382, 66.05701207611354, 68.94823783997158, 75.72668498040616, 79.0478367412447, 84.4078015838137, 93.75053875152253, 93.85984150566108, 92.43669402555554, 87.08374939849378, 82.04461838023732, 76.47723005801748, 69.74356167037215, 70.6762117868327, 76.6078891624966, 81.49518438484235, 88.50653265517549, 83.73265053380409, 80.34622133517973, 74.5572780933493, 42.80482308619015, 39.31303490302536, 46.91355342853272, 57.12220881753941, 70.16348953448706, 83.16211882532144, 90.00436419204819, 111.30243658329603, 123.15781544231471, 128.0722593611231, 139.18888849989918, 130.6944829597378, 126.36911782677433, 121.0569720436324, 114.56863582285358], [17.191771318456656, 8.970812371260253, 1.0628981273240632, 9.268981467448137, 0.0, 8.742138761721929, 16.874627481530663, 57.83591948923137, 63.13140747226017, 71.5282165508667, 79.97087139142322, 88.35187555178942, 80.00698856141369, 72.55564147207392, 64.18030800069782, 29.980629069312336, 24.159882032168905, 19.937602560623233, 18.353826639997312, 21.501799603031607, 16.45652521355353, 13.495116665370997, 14.542874152496097, 18.80745341923361, 25.23264344234985, 61.07338994148796, 69.2257953358405, 77.4635382092329, 86.09317665386169, 91.23385106421811, 89.25775879029779, 83.73689309444308, 76.35325349627831, 67.8402527559277, 62.735350742944746, 34.46822837900158, 35.92445521912942, 40.919200062950125, 40.709402009427194, 50.837487514570206, 58.05396133671297, 64.97313549643358, 68.9642304560635, 67.21045021622022, 58.14905857858599, 52.067888535263904, 51.075510067105164, 65.19223906883767, 62.80381374280421, 64.22995796047573, 70.6612392443625, 73.67936741776211, 79.28969588297323, 89.467935074563, 89.81552859923889, 88.62106505684204, 83.6915116731554, 79.04732519616205, 74.19165981977831, 67.28202519138114, 66.96529819017863, 72.35568711258252, 76.6913302195527, 84.23210112611994, 79.54073250682919, 76.5310219471386, 71.36802534889283, 48.002596825534994, 47.97759621694136, 55.35357168958485, 64.22304487214777, 76.11328359969852, 87.48352499741752, 92.2132889489584, 109.81970705942375, 121.48114662695433, 126.18589881282685, 138.16350285952728, 129.13765196103546, 123.72289940441226, 117.82166264328761, 109.85047833427987], [8.660404132315417, 1.068532717603446, 8.655585499995597, 17.338313912976833, 8.742138761721929, 0.0, 8.455565543342264, 49.53653243687177, 54.76959513422473, 63.05062075038766, 71.59877771805851, 80.29262444440359, 71.70484524509037, 64.23166438706596, 55.89065088802439, 22.6793890810662, 18.687626651730632, 17.809934227427263, 20.485817034673186, 26.72917232224094, 22.32455944132072, 16.413695490017872, 12.609383211947604, 11.953037840795577, 16.93111784261039, 52.37355588291964, 60.56279733684894, 68.90431851079835, 77.71061440200306, 82.97629587154243, 80.91228822306653, 75.21271608683426, 67.73421869750213, 59.196708048263616, 54.06939421978875, 25.76308606363083, 27.91944152157285, 34.434417340936015, 36.51132241708429, 46.92708142436832, 53.24991455082638, 59.49751907537533, 62.89153435270215, 60.26720886176633, 50.598658795796524, 43.68459613210133, 42.375374156475765, 64.27280156271968, 60.627102840625085, 60.652918940184584, 66.39219935340523, 68.83268147605685, 74.15694553571771, 84.45101213952493, 85.52036609197879, 84.86663308681933, 80.67303711039068, 76.73214549606655, 72.64788486948225, 65.5119337968499, 63.99333968015916, 68.57609034457808, 72.12087460876722, 79.57532034717832, 75.33445290185843, 73.09361540525485, 68.74577133447347, 52.81321824931508, 54.325747208182094, 61.54943293836204, 69.31947611303963, 80.5545010816778, 90.6693052561173, 93.79943349135857, 108.01913292676706, 117.97186046390998, 121.95654539280949, 133.90191526177574, 124.18826788475879, 117.76501239053033, 111.29546043730562, 102.48351484609937], [2.219190880074311, 8.54113917251311, 16.83504591785181, 24.555638182458893, 16.874627481530663, 8.455565543342264, 0.0, 41.11135980324475, 46.33844382125659, 54.67241402638033, 63.174032378820314, 71.84277404717288, 63.2753961411185, 55.824045743509686, 47.46063880891367, 19.580971262999135, 18.721617904202134, 21.23700038417733, 26.163495757734687, 32.95698117019212, 29.296968298825682, 23.172461342302505, 17.654756798473578, 11.83989333549496, 12.01991663081242, 44.704499521257866, 52.70550840568172, 60.85537719444856, 69.51257185330229, 74.65442161638549, 72.53448512005849, 66.93396397729512, 59.54688860849342, 51.02732878442148, 45.96093468249982, 18.73757986406361, 21.75855366345642, 30.138406775780133, 33.77173267938198, 44.0931311708807, 49.74661579709495, 55.19935265218253, 57.26205483438335, 53.68132750219042, 44.53815406126489, 36.08591034189619, 34.36791566606792, 63.4574263158433, 59.0190830852956, 57.993745933713335, 62.89343077282259, 64.65843765918082, 69.32383395589481, 79.16382407432546, 81.15631307411415, 81.16228571506966, 77.7967152631474, 74.6552381436917, 71.25516260538824, 63.933551351306804, 61.48534244112798, 65.20368316020172, 67.92655940742083, 74.8372483820572, 71.23655005225551, 69.90759301570384, 66.37185861743613, 57.52394319194516, 59.02990750702543, 65.69593128912989, 72.37150986206309, 83.09810689451024, 92.18840585283016, 94.15397591280536, 105.6215587707564, 113.19608407968201, 116.28435567891508, 127.75298285588639, 117.42401512487781, 110.26148343667572, 103.49743862409161, 94.63065137281932], [41.31179961662771, 49.60174346351142, 57.86547568944719, 64.50269447657391, 57.83591948923137, 49.53653243687177, 41.11135980324475, 0.0, 6.15598428176039, 14.761736022989064, 22.344412614414036, 31.255150977425604, 22.183209461157173, 14.75118615294353, 6.3619678263463415, 41.912777970334226, 49.003113950631196, 56.37580920464653, 63.91293806155959, 71.17502811382006, 68.84799037297839, 62.59714134629357, 55.67576406502988, 46.39799031493108, 38.33127849025896, 19.305378032821245, 21.522042644673437, 25.971642500596012, 32.55085766199258, 36.17666580003996, 33.00829518127299, 28.31813928267763, 22.284939094505127, 15.334721896308425, 13.292549268850504, 28.504353557391724, 30.002558516358587, 37.358974232757866, 45.2602727353586, 49.80149164807546, 49.528402557767244, 48.56740916730855, 42.00261151696995, 32.47652217628096, 31.248135125853548, 16.478866740066017, 13.215548490337017, 72.67217628123976, 65.42565211020064, 59.4336042075566, 58.66513872529935, 56.21572271211705, 56.07741509906589, 61.73578580869813, 68.84401133133375, 72.52219003581048, 74.151755033924, 75.57255656218102, 76.18545599982419, 69.55107429974659, 63.05047908187631, 61.37170194245819, 58.814807321458865, 61.43381749425336, 62.202650082450525, 66.1006676293063, 67.56001916502342, 90.57273860325391, 91.75160899971578, 95.54376095905492, 97.59520654248165, 105.00555501644595, 108.79279475814016, 105.06061768582416, 101.51688634514312, 96.36848338341694, 94.29512647542781, 103.36642655269857, 89.97390821658891, 78.12252878971753, 70.1199267583189, 61.277999624898236], [46.37387653531206, 54.767587102586305, 63.10526125819448, 69.81103200897495, 63.13140747226017, 54.76959513422473, 46.33844382125659, 6.15598428176039, 0.0, 8.942059642665107, 16.847417003058187, 26.38157501274793, 17.21098617712239, 10.367316091018447, 3.3823845008778965, 45.5727648277417, 52.8614575106459, 60.42476952693789, 68.15127211498299, 75.55176994730019, 73.4762352982439, 67.17207844818542, 60.20054211865039, 50.910572893952484, 42.74682247102797, 17.951404210721567, 17.605684515392547, 20.38151458695202, 26.42206110927665, 30.109202226015157, 26.98959883202318, 22.27421792119173, 16.68871910170622, 10.907869741275976, 10.772848159701729, 32.99020458975544, 35.36478347468827, 42.803327634088745, 51.19761360324745, 55.403717519241376, 54.54086485152668, 52.923927749705705, 45.79785980435573, 35.822554075888654, 34.9207915052484, 20.861673789286826, 16.41655877331269, 78.2316537138345, 70.85387249100137, 64.49004560478753, 63.20196001560175, 60.34064669879853, 59.66915562799278, 64.61216896961128, 72.31287839847913, 76.3933327545688, 78.57416648635778, 80.42255063561554, 81.38871085712928, 74.90122432769898, 68.1543581194079, 65.99520148424821, 62.881835241114985, 64.93274795012633, 66.25221417672752, 70.64853094449435, 72.57487857467603, 94.08638920972074, 96.27531704886195, 100.76666695472602, 102.98049854772215, 110.51514433230196, 114.23265714683563, 110.34351738716691, 105.56588477571005, 98.54888917199851, 95.42331159241353, 103.26390762064801, 88.98154943211759, 75.79090283627262, 66.32125634841782, 55.87485341773925], [54.58907180125914, 63.00693889187542, 71.47047880873751, 78.41831728008034, 71.5282165508667, 63.05062075038766, 54.67241402638033, 14.761736022989064, 8.942059642665107, 0.0, 9.211218358693165, 20.575225210905224, 10.683318865274124, 6.728428224951057, 9.449088205689426, 52.036297146439566, 59.765900855041515, 67.69102583458985, 75.77039453192808, 83.56408953492739, 81.57959306787426, 74.9863237635694, 67.78859004758688, 58.398759874992116, 50.10631293275088, 19.105544622661665, 14.655709092060368, 13.922981267601777, 19.041329035834394, 22.767604072352633, 19.102306244922655, 13.719242564355035, 8.972912507397696, 8.178302413722301, 12.164346315160094, 40.087239208248114, 42.47667877963026, 49.269950543188784, 58.41529863723844, 61.81896740731011, 59.75063090332722, 57.01838673727794, 49.38721070973709, 39.02737534677363, 38.495856781221086, 26.510284174103997, 22.530651234253526, 84.79155065126763, 76.95668417341228, 69.77662886645855, 67.61233285809331, 64.12399292710424, 62.81950417326251, 67.1050138367267, 75.39993701416388, 79.97455238585752, 82.9825358315533, 85.50177866278669, 87.17011306074335, 81.0096646012362, 73.69194330602285, 70.71195057197481, 66.70722242558604, 68.18073946305546, 70.19998604329162, 75.2819185016837, 78.02700047896468, 101.68588605820898, 104.84937607539355, 109.6108250069342, 111.63588067227471, 118.84811534130696, 121.93842866261436, 117.2070022539179, 109.70847640882843, 100.82322915716142, 96.64573067456169, 103.84613706423242, 88.85693252098612, 74.08080665227313, 63.4168487984647, 50.96339420113966], [63.201506767535484, 71.59730129780678, 79.95015275376967, 86.59235228021348, 79.97087139142322, 71.59877771805851, 63.174032378820314, 22.344412614414036, 16.847417003058187, 9.211218358693165, 0.0, 12.01412968926655, 3.2836510514304074, 8.576506267140136, 16.099624746507263, 61.23220564926272, 68.89125037248259, 76.705102408428, 84.61760033530274, 92.06412770932182, 90.16194841191681, 83.82807290657101, 76.75756434040336, 67.40309414553913, 59.140376794999945, 27.71699886237098, 21.725285211394873, 16.934531057382426, 16.47620610846089, 17.03313033232254, 12.412079352781989, 10.676870649952866, 12.31084571020391, 16.574409629442794, 21.185451166300446, 49.07920519717629, 50.72698093045339, 56.508008602376385, 64.7055087747212, 67.05337152267163, 64.52074708582343, 60.939541646913646, 51.8005214887995, 41.55130484707971, 44.268398091654745, 34.074833318775, 31.484076878254537, 88.8481402404937, 81.15503050952232, 73.82074392049016, 70.75926812706653, 66.66251059396461, 64.12127696230901, 66.53373024001246, 75.73997127954641, 80.98222970379179, 84.92947053809118, 88.25112046146985, 90.48891909746636, 84.69546633346833, 77.2351911714895, 73.45899494560942, 68.67414844944679, 68.71223278276172, 71.72974020763688, 77.65532889395914, 81.1512029451989, 109.50730072475834, 111.77153138073358, 115.67481586553242, 116.83182600359504, 123.37270406648454, 125.54127031432733, 120.04429259226772, 110.14745264302849, 98.06772621832337, 92.47863548863205, 98.52461324110631, 83.03997739370938, 67.27619170339946, 56.84564242004988, 46.075382631129926], [72.04010145823237, 80.34973971492717, 88.37993762657399, 94.29541826066749, 88.35187555178942, 80.29262444440359, 71.84277404717288, 31.255150977425604, 26.38157501274793, 20.575225210905224, 12.01412968926655, 0.0, 10.97724958741323, 17.92513124603404, 25.04169693430397, 71.74463284839209, 78.92965764631933, 86.2750438145199, 93.63769677613296, 100.17728528855707, 98.49913447017637, 92.87657656978232, 86.25223167969637, 77.12202931041871, 69.04972823963173, 39.442650134852066, 33.246725702130796, 26.741018067000024, 21.148432083749753, 16.397615648931094, 13.05301824387022, 18.383311916382773, 23.517569516605196, 28.324356358653976, 32.7025718391644, 59.33715248231557, 60.49768936434195, 65.62143984134146, 71.93985817799383, 73.43437784534464, 71.26252844286846, 67.36000771964132, 56.40707884790169, 46.82104213876929, 53.55634496561435, 44.08492545021759, 42.24569972610208, 92.98183717721376, 86.06716511521853, 79.31440512919487, 75.62629195501661, 71.13468837038273, 67.09816179865362, 66.63116056718954, 76.89928798363118, 82.84083306979353, 87.6236837849854, 91.66603201011327, 94.1587072471619, 88.70082774061746, 81.64041355696288, 77.3438964586588, 72.11846992893022, 70.12369618269966, 74.24277025311484, 80.93581600626504, 84.88942386768487, 116.24656227148188, 116.74928953755943, 119.51683393462984, 119.65309955469802, 125.58930918152087, 127.01061430122097, 121.29326007674877, 110.11032851247032, 93.39302806906652, 85.71139968267669, 89.04564575423238, 72.70888760018528, 55.92507716137715, 46.09455474058633, 40.482001935361914], [63.41761757483643, 71.75203612091025, 80.02932301062202, 86.52838063775778, 80.00698856141369, 71.70484524509037, 63.2753961411185, 22.183209461157173, 17.21098617712239, 10.683318865274124, 3.2836510514304074, 10.97724958741323, 0.0, 7.696844670643549, 15.829048019091008, 62.20459945108809, 69.81976417693392, 77.55144153547575, 85.34512334818156, 92.6224186392474, 90.61097809234822, 84.37664448505905, 77.35131800215201, 67.98675382558962, 59.74593188099401, 29.49247389546923, 24.14670463559922, 20.076398232281257, 19.56889033201699, 19.309522978404466, 14.625492121982939, 13.830730007377232, 15.123920069604246, 18.434374879865118, 22.70072054510986, 49.55986324528914, 50.515034861269825, 55.7382403846693, 63.34504197883914, 65.30702208711018, 62.76328050879035, 59.053631101692595, 49.43255206336458, 39.29055265086545, 43.36393878513534, 33.70021096366482, 32.05453743302052, 86.62959549234029, 79.02446945290359, 71.74784518934979, 68.50373044252738, 64.30665520141058, 61.469729284418975, 63.48641397338134, 72.83119863880076, 78.1784416655255, 82.27388338145492, 85.74930421065007, 88.08812704081669, 82.39043133028788, 74.94469615260859, 71.01331774705909, 66.11605497275467, 65.82651500992087, 69.01906063627952, 75.10028927415905, 78.7300967080174, 110.32123396717941, 111.66813385178055, 114.79117959173931, 115.45345586260254, 121.588701133624, 123.34000817633091, 117.52600345570873, 107.1451802111323, 94.80497413508108, 89.28460981377647, 95.8204692019182, 80.70151483155186, 65.44014156715247, 56.332369434383686, 47.678737448275804], [56.0057865607667, 64.29793263402279, 72.5938175174464, 79.20544327572317, 72.55564147207392, 64.23166438706596, 55.824045743509686, 14.75118615294353, 10.367316091018447, 6.728428224951057, 8.576506267140136, 17.92513124603404, 7.696844670643549, 0.0, 8.505889706747023, 55.188854630018525, 62.793176866907146, 70.51279150388062, 78.30829852576605, 85.69317900241481, 83.49525096160603, 77.15039068141009, 70.07095164067887, 60.671015283683964, 52.437657837611646, 24.26181326294649, 20.938045470854508, 20.170087348453205, 23.306539996781375, 25.03441906220646, 20.77877381447531, 17.485116052328305, 14.696508276253857, 14.008328018665257, 17.073872608088035, 42.14489990174738, 42.86913748859599, 48.33816715693943, 56.16048926346039, 58.668660499506665, 56.525421888540286, 53.43331590031591, 44.607780441576736, 34.318369485152765, 37.00385184654262, 26.27220289768357, 24.818989096023873, 80.68794404105863, 73.01080355167515, 65.89955347293352, 63.27559303539272, 59.51550875364358, 57.521682636746654, 60.943182716946474, 69.5948382190969, 74.43863936755562, 77.82016810805413, 80.72046374006806, 82.64464224975572, 76.68124467183345, 69.34561820694549, 65.97174653523248, 61.6625481067157, 62.39802644374686, 64.83692105070389, 70.31736184602381, 73.40319228797136, 104.23127106384631, 105.41006213835396, 108.49062699548848, 109.42107551916519, 115.76038866751847, 117.92963620194301, 112.48587861650675, 103.81595280527232, 94.18113161963552, 90.04558534816978, 98.08078698460132, 83.75000176617662, 69.84404434087612, 61.551606791853644, 52.94607511426891], [47.6426386422613, 55.94998598234884, 64.20766691462269, 70.77099592704732, 64.18030800069782, 55.89065088802439, 47.46063880891367, 6.3619678263463415, 3.3823845008778965, 9.449088205689426, 16.099624746507263, 25.04169693430397, 15.829048019091008, 8.505889706747023, 0.0, 47.62975275526359, 54.904769279295415, 62.394997803086675, 70.00619285829804, 77.2439893754191, 75.03608736379303, 68.81710865460997, 61.87596785718496, 52.57198661124811, 44.43978834612961, 20.539926883179774, 20.08524210017051, 22.365677417448214, 27.66934302322281, 30.62433721753983, 27.153346040446433, 22.99945884590383, 17.992853730192582, 13.00147496528002, 13.334214949195397, 34.47555063682241, 35.77670752206518, 42.36830291239641, 50.15593963881353, 53.824550266137265, 52.809459529190576, 50.92814314236943, 43.18651269369586, 33.17134098932856, 33.878464827228434, 20.62533871443943, 17.987996188069115, 76.27829227329327, 68.90360322383238, 62.47843631133664, 60.90239974863343, 57.8673774205433, 56.85574506970586, 61.4370933289459, 69.31366621701174, 73.53927444769388, 75.94056810518966, 78.01405656030838, 79.16364620773105, 72.78611087585486, 65.9559941338076, 63.542812708604984, 60.22406618001566, 61.93939071560731, 63.47537709690589, 68.10222206463628, 70.25464565767996, 96.04188492482345, 97.23829580464057, 100.81054678015305, 102.41121624891773, 109.43771328935688, 112.60465535932506, 108.242956805003, 102.65601502604714, 95.30992550425883, 92.22802232149235, 100.58287599572743, 86.64209795194587, 73.83946570749679, 65.50504856179309, 56.707053247809824], [17.697768188966116, 21.976311362685866, 29.43353770291225, 38.54100095510122, 29.980629069312336, 22.6793890810662, 19.580971262999135, 41.912777970334226, 45.5727648277417, 52.036297146439566, 61.23220564926272, 71.74463284839209, 62.20459945108809, 55.188854630018525, 47.62975275526359, 0.0, 9.255770191848438, 18.444921098200503, 28.12317165791218, 39.30996592174695, 36.49977302080125, 27.354290412991194, 19.106030330441826, 11.180099116057693, 8.092323445801272, 36.47686026524754, 44.93527611648423, 54.08844145365141, 64.1778411982047, 70.88226828126697, 69.07395299907444, 62.035912333076844, 54.043753553453044, 45.95386831928754, 40.73013813966972, 15.112836038245963, 24.31415650449678, 34.95756926646225, 45.41055548284688, 55.017181880741305, 57.39098646271839, 61.15143412769756, 64.25228410749362, 58.9274401569288, 44.39352150259849, 35.719187672698745, 30.861922949985097, 77.99936980611803, 71.54099206763665, 67.85005554924005, 71.7191592890947, 72.68982367370288, 77.71901471222479, 88.8777107081461, 91.37843084616458, 91.79530320553683, 89.26977657564618, 86.7753829043934, 84.59077094204895, 77.54286251080651, 73.26811750245433, 75.79093084064912, 77.17353014748309, 84.89127700385345, 81.67704826029996, 81.07087979922869, 78.7878533186609, 62.680390292653456, 72.63035122705688, 83.35258565629657, 91.39763089820121, 102.39017455230838, 111.21966928206011, 111.98877648888921, 119.38551492866742, 126.43054399314254, 128.55205334635477, 139.71969696119342, 127.62075939144309, 117.44122809779674, 107.0785989546715, 91.89634028987156], [16.609609272677154, 17.731265597900954, 23.394359729957838, 31.97385436107663, 24.159882032168905, 18.687626651730632, 18.721617904202134, 49.003113950631196, 52.8614575106459, 59.765900855041515, 68.89125037248259, 78.92965764631933, 69.81976417693392, 62.793176866907146, 54.904769279295415, 9.255770191848438, 0.0, 9.220071928418454, 18.980682066127784, 30.447532989864282, 27.84243625741901, 18.737883580967033, 11.164817630679012, 7.579866773148059, 11.946513658395114, 44.950710709638315, 53.15640579030851, 61.898083044527404, 71.52780342218179, 78.04973423810044, 76.51965737402058, 69.85669831081702, 62.11498047299998, 54.054735074910596, 48.847392422033465, 22.580925417109547, 30.67208933789593, 40.44346924540048, 48.621013549996675, 58.74811461686526, 62.415830444640896, 67.07953224500719, 70.51968555721157, 65.8508720107836, 52.212913442927544, 43.696703607324274, 38.99330124028612, 79.78206925076098, 74.38081906334757, 72.00456340946873, 76.65986784347174, 78.19133966279477, 83.4613923152463, 94.45108644105791, 96.50763514771161, 96.52048334870108, 93.31269017061143, 90.16183248051564, 87.17922291576254, 80.09112898333132, 76.8657955912994, 80.22532418424036, 82.40033727493173, 90.16090011926063, 86.55133926973586, 85.29511582660479, 82.17857530073356, 54.06742039561005, 65.16468401433548, 77.52540077889189, 86.97955926010982, 99.0102875906, 109.29530527429156, 111.77497954868048, 122.58853938938886, 130.61393476459503, 133.10014390376566, 143.65940148486177, 131.79505049802725, 122.32993624183008, 111.9447451250064, 97.2975867586368], [19.408841518288643, 16.769094923132435, 18.95909053820744, 26.11383392251029, 19.937602560623233, 17.809934227427263, 21.23700038417733, 56.37580920464653, 60.42476952693789, 67.69102583458985, 76.705102408428, 86.2750438145199, 77.55144153547575, 70.51279150388062, 62.394997803086675, 18.444921098200503, 9.220071928418454, 0.0, 9.824273739663047, 21.636744205348133, 19.247255407485735, 10.517926990386078, 6.450105855999651, 12.016925133478948, 19.31955922269225, 53.648999149706434, 61.67566161684972, 70.08506092831466, 79.29720703121644, 85.58645686907917, 84.24654745826261, 77.93914722140791, 70.4116277286319, 62.362047467733966, 57.18306592235175, 30.62725279670794, 37.61047387660423, 46.391248192067984, 52.33943082132748, 62.70010201302434, 67.50210158536952, 72.93021587794473, 76.63994286022289, 72.63145507145813, 59.90920050281555, 51.65429357891967, 47.263453565507604, 81.54270979970838, 77.24008729878175, 76.14911456787098, 81.48547557417096, 83.52628243304574, 88.97811589251366, 99.74568283209591, 101.34651917617107, 100.96667088711754, 97.12440903841478, 93.36920536571733, 89.6411370192381, 82.59051098207749, 80.41265237604372, 84.52911561362946, 87.43543535854555, 95.18118316358735, 91.21580536853676, 89.34901065418771, 85.46525699137237, 45.83095470000923, 57.74485434899676, 71.62906989767616, 82.4508933451497, 95.42121133960819, 107.09346912069309, 111.2610209406749, 125.3923201754164, 134.41547887323088, 137.31573204743287, 147.3911365356776, 135.90131578730208, 127.2758191841746, 117.13219647589548, 103.33551633373372], [24.83251716108236, 19.624048182988417, 17.307882370745823, 21.13390672350595, 18.353826639997312, 20.485817034673186, 26.163495757734687, 63.91293806155959, 68.15127211498299, 75.77039453192808, 84.61760033530274, 93.63769677613296, 85.34512334818156, 78.30829852576605, 70.00619285829804, 28.12317165791218, 18.980682066127784, 9.824273739663047, 0.0, 12.186037256910758, 10.262774897898522, 5.510627636474903, 11.347234944763592, 20.03691112614988, 27.81305590226004, 62.686111124662496, 70.54122326233778, 78.60789894487876, 87.35883836510617, 93.33104754451456, 92.14170996976014, 86.24379380173005, 78.9494456707441, 70.90383314663012, 65.77052107710506, 39.1647882242562, 45.16237806338856, 52.99885123802285, 56.634218838158006, 67.00954150258089, 72.91711428509265, 79.01613874571484, 82.79634119378983, 79.44270014630084, 67.8861337906018, 59.80772120529968, 55.77137790137721, 83.2998857227927, 80.23809055943612, 80.50155578739438, 86.42955138575309, 88.93107100202424, 94.44343527932266, 104.81173177791113, 105.99460519899719, 105.25565686411844, 100.82658834962712, 96.5200541161789, 92.05176637543384, 85.09372803962064, 84.03315071556706, 88.85134102339879, 92.45234421674218, 100.03591348752141, 95.7819577889354, 93.35832725357227, 88.74063581105081, 37.41430603925334, 49.48143389806931, 64.89428614949327, 77.13175288096235, 91.05430003345383, 104.16881998869363, 110.16865894134271, 127.76984247196496, 137.61806817667625, 140.91572581725515, 150.43649352230977, 139.44014753212394, 131.82289936462936, 122.15962922329331, 109.62292511037617], [32.17103056133964, 26.169068451370638, 20.705276656852305, 18.642185984965202, 21.501799603031607, 26.72917232224094, 32.95698117019212, 71.17502811382006, 75.55176994730019, 83.56408953492739, 92.06412770932182, 100.17728528855707, 92.6224186392474, 85.69317900241481, 77.2439893754191, 39.30996592174695, 30.447532989864282, 21.636744205348133, 12.186037256910758, 0.0, 5.630634103516673, 14.066267029434142, 22.059023102644986, 30.302983188966, 37.66790775338407, 72.13837117585499, 79.63790068084622, 87.09488615839791, 95.06222186462887, 100.47376342539748, 99.49398188671701, 94.28156717299744, 87.41594554541764, 79.45694303145744, 74.45833048783058, 48.63404544206688, 53.8743946190394, 61.03849777299796, 62.01226471434396, 72.18578903708833, 79.35228046838868, 85.99137731794562, 89.18190852577983, 86.37746523506748, 76.81936454364461, 68.40276321802214, 64.59319922225811, 85.30146227347333, 83.83382972979489, 85.66492958647227, 92.00792857105135, 94.83997824215382, 100.04316962214733, 109.4353903856328, 110.4526656829309, 109.51799329823724, 104.65530783970446, 99.95487898047601, 94.71629623356505, 87.85985197367573, 88.09033300973002, 93.50168662531136, 97.71447175809419, 104.67314270838318, 100.35403572255207, 97.56978088754364, 92.27273981766096, 27.456709943738414, 37.89054953557643, 55.48535228228813, 69.44086398857152, 84.67727459114077, 99.57253679278055, 107.92935807452392, 129.5359655562574, 139.24372662095615, 142.64755944764096, 150.93117665058634, 140.473172920725, 134.14076299753322, 125.18214688497775, 114.72025785376678], [28.647560217156958, 21.835106035805623, 15.67442049770651, 14.385023887201925, 16.45652521355353, 22.32455944132072, 29.296968298825682, 68.84799037297839, 73.4762352982439, 81.57959306787426, 90.16194841191681, 98.49913447017637, 90.61097809234822, 83.49525096160603, 75.03608736379303, 36.49977302080125, 27.84243625741901, 19.247255407485735, 10.262774897898522, 5.630634103516673, 0.0, 9.934115479784044, 18.218511213055585, 26.768086318636993, 34.461029155889676, 69.99999235297919, 77.79271928472659, 85.6049499895995, 93.90931120747429, 99.36685786561694, 98.10802717892633, 92.68751521529249, 85.5835097335286, 77.42271907411646, 72.336555924403, 45.39643029609395, 49.79572769889875, 56.33562395311295, 57.153317452073175, 67.29180368975415, 74.40389671056968, 81.17357511465127, 84.87796172837716, 82.42445546407116, 72.61528822173717, 65.00872848515043, 61.900224401286316, 80.56316722128908, 78.88698586713532, 80.65144588525332, 87.11677818393065, 90.08423308574233, 95.55138299171954, 105.34425903904706, 106.0209450738836, 104.90315655767922, 99.9007253883701, 95.09109803377514, 89.89386711278192, 83.08819959032624, 83.24249594999306, 88.74254067967776, 93.0717120860205, 100.35252652033897, 95.8222606540262, 92.83864477501217, 87.49381287181029, 32.91364040656532, 40.36194437086676, 55.32191394544652, 68.23175410360476, 82.65583603392247, 96.78389481785142, 104.3148466587845, 125.16248394253365, 135.93737823595913, 139.86501117708983, 149.3486559293461, 139.3282757212258, 133.23743398935827, 125.0370782356507, 114.96416692332372], [22.125127164680997, 15.671397034051497, 12.481429004664932, 17.337472168314875, 13.495116665370997, 16.413695490017872, 23.172461342302505, 62.59714134629357, 67.17207844818542, 74.9863237635694, 83.82807290657101, 92.87657656978232, 84.37664448505905, 77.15039068141009, 68.81710865460997, 27.354290412991194, 18.737883580967033, 10.517926990386078, 5.510627636474903, 14.066267029434142, 9.934115479784044, 0.0, 8.583689244751643, 17.89453923536647, 26.076945807185112, 62.18577996270377, 70.29826060569458, 78.62737966420424, 87.56635890352183, 93.43042850157602, 91.95216492430235, 85.99002565990645, 78.52753803202158, 70.26847534884183, 65.07282620114522, 37.27392363660566, 42.00567163125314, 48.97021060705141, 51.94914187491744, 62.25740055699733, 68.33840107887438, 74.68999525374026, 78.91820694731437, 76.07888909418463, 64.67201724282577, 57.49083812311181, 54.401654308775214, 78.19888921907535, 75.1726309863247, 75.62783053745335, 81.75811693993575, 84.46574763915025, 90.20164517143513, 100.81048305152993, 101.59429771951203, 100.62692942684947, 95.97903524311283, 91.49994162541827, 86.954664072117, 80.06844947607968, 79.13769744071017, 84.14753430611727, 87.98324668348234, 95.79055431775951, 91.30033891702789, 88.60436794451223, 83.82519930148281, 41.004497694947005, 49.74958818840178, 62.905746730954455, 74.25897550209068, 87.4883561244029, 100.02618791113312, 105.5135176235255, 122.93656028941317, 133.86202102699855, 137.7470896373037, 148.33828101657502, 137.96205633001978, 130.9178476163298, 122.32697795823628, 110.81680494905987], [16.223000643279835, 11.668747500174089, 13.66414923582753, 21.8744469794961, 14.542874152496097, 12.609383211947604, 17.654756798473578, 55.67576406502988, 60.20054211865039, 67.78859004758688, 76.75756434040336, 86.25223167969637, 77.35131800215201, 70.07095164067887, 61.87596785718496, 19.106030330441826, 11.164817630679012, 6.450105855999651, 11.347234944763592, 22.059023102644986, 18.218511213055585, 8.583689244751643, 0.0, 9.693580113791445, 18.067435442299885, 54.35184116363676, 62.66605160949339, 71.325638834221, 80.66355135451283, 86.7363237834763, 85.05878406726808, 78.76262421903238, 71.07657585934594, 62.75663492086474, 57.510604813772154, 29.269914148136838, 34.39989542456581, 42.03737428265544, 46.968948403224566, 57.31550545655552, 62.48164399359753, 68.31935114255867, 72.56471556341846, 69.26061266010426, 56.887169662593415, 49.75552482592353, 46.677459446506234, 75.5662443545822, 71.41837233908215, 70.69186341990147, 76.3445119432376, 78.68612892517844, 84.4120595695666, 95.41800150453805, 96.50707560501102, 95.82232389203932, 91.65683900619561, 87.643003439401, 83.74423022382501, 76.76847866406602, 74.8499986007106, 79.27354151597409, 82.54330530550318, 90.53522833963724, 86.25469744720328, 84.00830870643578, 79.85104314778351, 48.2875612828526, 56.79065315758912, 68.40176157955122, 78.34061255796989, 90.60235973584206, 101.74184427668943, 105.50657059295574, 119.80395565706353, 130.14445484339348, 133.78011488976998, 145.03278268487176, 134.35139370557178, 126.574043553837, 117.82405463792372, 105.55831035313307], [9.957867537829022, 11.142215132806669, 18.253660412841285, 27.412404422562222, 18.80745341923361, 11.953037840795577, 11.83989333549496, 46.39799031493108, 50.910572893952484, 58.398759874992116, 67.40309414553913, 77.12202931041871, 67.98675382558962, 60.671015283683964, 52.57198661124811, 11.180099116057693, 7.579866773148059, 12.016925133478948, 20.03691112614988, 30.302983188966, 26.768086318636993, 17.89453923536647, 9.693580113791445, 0.0, 8.410912709607862, 44.993117636028344, 53.41078176058566, 62.221912293704584, 71.73699367667994, 77.82004686479286, 75.93959572765463, 69.50842262133824, 61.71265418910067, 53.317046321162294, 48.0529885015476, 19.585213348069765, 25.615034093171786, 34.66666157834862, 41.5395956525713, 51.79530031599134, 56.095552339653906, 61.20935433399526, 64.72737218930351, 60.702550076233514, 48.093844005468824, 40.236827130678385, 37.03652792389007, 72.31162343042736, 67.1501918128453, 65.22925584344523, 70.1440238854301, 71.91213175871539, 77.25083950820765, 88.19071795992905, 89.92591925658328, 89.75392349751557, 86.31448502449695, 83.00951279476747, 79.84317456546536, 72.72904908671207, 69.78269233606673, 73.40438298745745, 75.91679417988175, 83.68354512390864, 79.8716242076791, 78.37078477908292, 75.00351128437823, 55.539579258615596, 62.76977157023336, 72.71438937429114, 81.08609564725215, 92.43239750197618, 102.14254474876162, 104.25726245300218, 115.2787892111458, 124.00574512873808, 127.07025328163297, 138.54507392145027, 127.49944064361353, 119.05473701103077, 110.31307368178032, 97.90857955776224], [10.373496477032518, 16.434012751845998, 24.86634206648067, 33.799848029667146, 25.23264344234985, 16.93111784261039, 12.01991663081242, 38.33127849025896, 42.74682247102797, 50.10631293275088, 59.140376794999945, 69.04972823963173, 59.74593188099401, 52.437657837611646, 44.43978834612961, 8.092323445801272, 11.946513658395114, 19.31955922269225, 27.81305590226004, 37.66790775338407, 34.461029155889676, 26.076945807185112, 18.067435442299885, 8.410912709607862, 0.0, 36.79680726073938, 45.24854029823417, 54.12798412976, 63.74603027411803, 69.82735939888603, 67.800669196772, 61.27754727718459, 53.42049401094357, 44.98076750916486, 39.71074069821284, 11.383834086756401, 19.423428782577343, 30.249605568949473, 38.99398704181549, 48.86709149916367, 52.226388388147456, 56.45820022554671, 58.96015498143069, 54.05143544202432, 41.42565673149269, 32.33506764512094, 28.639123297600538, 71.16427574396765, 65.18396071798087, 62.1584779533035, 66.23033344571397, 67.35153976629834, 72.15384422107964, 82.82607422006663, 85.30891107490243, 85.70388127540352, 83.04337816199997, 80.48499541228394, 78.03193229406773, 70.84798268668041, 66.97456144348538, 69.7348666931108, 71.42547683392974, 78.79749852340363, 75.55293957527091, 74.87107474134345, 72.3238695806354, 61.767884674486, 68.27654078304987, 77.16621987265808, 84.35753114838202, 95.00724633772867, 103.57539425553907, 104.3895679798327, 112.51129690990018, 119.36985476410364, 121.73211865490596, 133.10852155105658, 121.61338342373107, 112.44987230914147, 103.54028854367151, 90.9127106468117], [44.03363078111368, 52.11859979489022, 60.844280234679864, 69.00587124045978, 61.07338994148796, 52.37355588291964, 44.704499521257866, 19.305378032821245, 17.951404210721567, 19.105544622661665, 27.71699886237098, 39.442650134852066, 29.49247389546923, 24.26181326294649, 20.539926883179774, 36.47686026524754, 44.950710709638315, 53.648999149706434, 62.686111124662496, 72.13837117585499, 69.99999235297919, 62.18577996270377, 54.35184116363676, 44.993117636028344, 36.79680726073938, 0.0, 8.918141223327709, 18.8753870244186, 29.914264741920732, 36.958699112511255, 34.52223864917365, 26.51299036662026, 18.17695108387955, 11.146157471179563, 7.427687542863462, 27.346971703017886, 32.764553408234214, 41.839501111796984, 54.451635314367735, 59.95605581129571, 57.9752973006679, 56.68694776710217, 53.62835796985608, 44.132829726691604, 34.20189758067411, 21.586712797786447, 13.046457257017249, 85.36295663