{
	"dissimilarities": [[0.0, 8.529244142691251, 16.797018484828016, 24.78297790130853, 17.632687839648213, 9.407578876280759, 3.3302323988067255, 41.40100980023658, 47.2564730864286, 54.56054069126594, 63.09779917957822, 72.29062476555433, 63.607933958553794, 54.90484022943679, 47.54598144871757, 17.24102480189504, 16.26632876846048, 18.864760394320275, 24.24403968262678, 31.017842530670993, 27.96330255182568, 21.76916854370249, 15.749926128280954, 8.8646046793046, 9.6316695297005, 44.12544738472186, 52.098607354915174, 60.30616226433372, 69.20678012910767, 74.8118743295415, 72.48936971263053, 66.64015716016927, 59.22616752394837, 50.77730543528659, 45.452701937451096, 18.848167292927503, 24.74442699576167, 34.256096547026225, 37.636297991429956, 47.32524768295884, 52.73699340398544, 57.096405207371895, 59.40308340116087, 55.4213401845, 44.90690274324376, 36.33288199787142, 33.94764336985053, 65.53512087031574, 60.07497039491585, 60.130136009726705, 64.01379949692202, 65.507268872424, 71.01267471483581, 81.7313111546269, 83.93701758464734, 83.07122006724067, 80.81096861614499, 77.74222424078927, 74.39962076676001, 66.0130768344777, 63.650663713077705, 66.55042330557116, 69.31916086476296, 76.62607147308134, 74.01729951434757, 71.7925947372352, 68.37970914055774, 55.657486083441654, 57.79974262345521, 66.27496821886129, 71.79801694943133, 83.72740341658724, 96.08435621018265, 100.56852017467602, 108.48521613710685, 117.39876961632564, 120.88468704137797, 127.62626083152139, 119.24471547067282, 110.88030156314395, 102.21747121811619, 92.32056435557061], [8.529244142691251, 0.0, 8.596073901351184, 18.007239146817867, 10.718331938727639, 5.331978843648294, 9.63482035340779, 49.90637998586507, 55.67531434957273, 62.93080334369725, 71.52532679368119, 80.805768493681, 72.11333988037237, 63.38476628473249, 56.04084386346036, 20.152111050209033, 15.36322596106404, 13.902002434623078, 17.143330067972528, 23.724559095285144, 20.108969133164628, 13.754042631664445, 9.016130202200168, 8.55046870291565, 15.112486446621617, 51.686101564018855, 59.840736638222054, 68.22642366346894, 77.2793359719947, 83.0375722171699, 80.81515558281556, 74.84940589213275, 67.3372043427543, 58.87630715075501, 53.580079481412035, 25.799505115485818, 30.573047268674575, 38.58363897984299, 40.90565428716346, 50.855430843546316, 56.848864256701184, 62.06265690426688, 65.60543900450395, 62.47238352803013, 51.435963888512745, 44.233496783947935, 42.12486177166797, 67.35439259350453, 62.4826812189146, 63.592224016202785, 68.29947658021308, 70.45460702298867, 76.55159987742907, 87.67757172465173, 89.06584492152375, 87.60464170600599, 84.5310060049542, 80.72170353298291, 76.7364438892556, 68.5584552681865, 67.00918675999799, 70.7064478576, 74.16987906524685, 82.11382492640729, 78.88901681206231, 75.8644080078332, 71.68386147396203, 50.22014695544499, 53.021107007685714, 62.68263104341452, 69.41166759385946, 82.03559353091818, 95.49384091393208, 101.21746586987025, 111.81368016197405, 122.90614291456203, 127.1518926943266, 134.22239201394282, 126.36372800742038, 118.57753077706562, 110.07636617497276, 99.99044554301105], [16.797018484828016, 8.596073901351184, 0.0, 10.592470903071527, 5.316481811212937, 9.438284263285254, 17.10609994782417, 58.070272111516964, 64.04801707453495, 71.35508165708671, 79.8814550007308, 88.81167554150727, 80.29926810725682, 71.63157709999128, 64.27013161213051, 27.596603080059005, 21.163815227505154, 15.998817175492974, 14.210263475768773, 17.837669606673344, 13.312575364889053, 9.452624585390875, 10.636845563342968, 16.109511189690735, 23.545515409081133, 60.27281066579161, 68.42115648356977, 76.74382946494227, 85.64130460573624, 91.25745467273615, 89.13114698358676, 83.32812116448747, 75.88661995531106, 67.43651237234764, 62.13184659037564, 34.17473832113703, 37.75916362772678, 44.19564811259014, 44.5566485123512, 54.294430687242766, 61.10547059269563, 67.00665379824396, 71.24118633585135, 68.98719739860458, 58.47913250807997, 52.22267436444322, 50.602331829115116, 68.17932744812342, 64.35853045474065, 66.81263673113936, 72.27616758656262, 75.00623857042433, 81.38550863457525, 92.45871817986003, 93.08557616657892, 91.14787943286444, 87.30584412398396, 82.80134245675796, 78.11330475477205, 70.16474845226665, 69.74125599399422, 74.30082838363518, 78.36507290980488, 86.5524744420546, 82.77432263140206, 79.03324145783895, 74.07666122501884, 45.42987345465133, 47.03384963495226, 57.07831282899649, 64.8320311091046, 78.07556909405383, 92.59094051082349, 99.69470890459054, 113.56694228159562, 126.37310432376468, 131.34671528023424, 138.6422343688362, 131.51893576668982, 124.66002567219032, 116.81414823835084, 107.5758421747271], [24.78297790130853, 18.007239146817867, 10.592470903071527, 0.0, 8.808135285264466, 16.556887700624504, 24.037994098813424, 64.39659310134019, 70.95425266554096, 78.40327852072453, 86.6136725226953, 94.43287782972645, 86.46420448059688, 78.06022103435298, 70.70317629205412, 37.910810424563216, 31.653116066941497, 25.789191956040963, 21.082817864018107, 18.578551421785527, 14.427303414556373, 17.011201680207808, 21.019154763344407, 26.287064005642353, 32.99339915952835, 68.90552683667133, 76.7863021173773, 84.67881088917174, 92.92299741375143, 97.9047812068739, 95.87455920496647, 90.6992641488632, 83.61402959542436, 75.24102368161711, 69.9014548304965, 42.8782614319705, 45.134372527572594, 50.022862253929425, 47.106148861874026, 55.97551782271755, 64.05022399223074, 70.36157852179369, 74.3723431303335, 73.09437914406884, 64.76869625604404, 58.97606298787037, 58.205172048139346, 65.84999231637607, 63.87190096186117, 68.13758693207299, 74.2213538966842, 77.35594289273114, 83.46837317686561, 93.65485853883382, 93.64595428634625, 91.47795112091025, 86.99469829667838, 81.92184475445703, 76.44730477743448, 68.67847975840557, 69.90831176768675, 75.42944487517978, 79.91063155854603, 87.6259022956019, 83.41961177304388, 79.1368905856668, 73.40584127446556, 43.049905596846905, 38.696524397065815, 46.83122120987024, 55.062279370432734, 68.90382990924391, 84.3947829176117, 93.0609006451781, 111.16138151664731, 124.62996170055953, 130.2307862044966, 137.54077278720445, 131.54623122375045, 126.26216426222777, 119.9917318121496, 113.43184915296511], [17.632687839648213, 10.718331938727639, 5.316481811212937, 8.808135285264466, 0.0, 8.568186731062651, 16.934230958313698, 57.82047619157304, 64.2727577866336, 71.64542340797196, 80.05603207268106, 88.59195523529614, 80.04025875145288, 71.4372989767129, 64.13342851651365, 30.229323409128593, 24.89356158698343, 20.868315653864855, 19.42784382406442, 21.797077402004014, 17.075185779797796, 14.486918366013317, 15.026429643196316, 18.716768224515498, 25.192039304034502, 61.42688897108634, 69.58515293808394, 77.89831499548875, 86.70209086838405, 92.04059281682497, 89.70162136412847, 84.04553202822304, 76.62706174868484, 68.11028587248659, 62.767537199925826, 34.74740450463876, 36.721849048392116, 41.96593951879894, 40.75411683233301, 50.23619042478969, 57.52691674745722, 63.67213428974133, 68.08894222574565, 66.46327514933031, 56.80453933338224, 51.40740596228163, 50.837915288533665, 63.135070419919714, 59.66394851606702, 62.64884629166748, 68.37447250915659, 71.3178107506843, 77.73147156714474, 88.72083030779909, 88.9723823034755, 86.85676181215382, 82.7613667239669, 78.06985769134869, 73.1960431016221, 65.29702011676366, 65.265740527389, 70.14945191056981, 74.42721853567242, 82.64976015314316, 78.63267928793944, 74.63158672045684, 69.42451458008729, 48.73001622357008, 47.03052328162259, 54.333911694324065, 61.017414406897224, 73.61440267623071, 87.74230098709145, 94.5629926558715, 108.65363322830301, 122.29172869971033, 127.80705099510335, 135.886108569826, 129.45733505209586, 123.31004664184327, 116.61910079949094, 108.90386282912763], [9.407578876280759, 5.331978843648294, 9.438284263285254, 16.556887700624504, 8.568186731062651, 0.0, 8.57986052816979, 49.474956297400084, 55.813839754594575, 63.15782489234908, 71.62333789514821, 80.45303724897354, 71.72314439990791, 63.05729849206805, 55.75926658184107, 23.45393761402848, 19.961135487174595, 19.02602804456261, 21.37500257371442, 26.534816788257164, 22.452329707035325, 17.252392502461394, 13.536116776371983, 12.382281771574293, 17.26913495772585, 52.94352745836122, 61.08749399450531, 69.43669594733333, 78.35679026422555, 83.79281454503813, 81.34603530396741, 75.56112146048926, 68.08802305943313, 59.555819074486294, 54.21358969111463, 26.383734275588544, 29.163298231235693, 35.94343856072218, 36.62048534271389, 46.41450765480256, 52.93801027034007, 58.40461967288012, 62.095872798522656, 59.59059043433366, 49.47242144596027, 43.15646229414734, 42.279502756391835, 62.15110416684711, 57.56364234334037, 59.153148211768574, 64.11332750724215, 66.46856166288717, 72.59808507010088, 83.65134530062198, 84.69373867997498, 83.07600270339456, 79.77499777236521, 75.80517075461539, 71.65802999025593, 63.483003218997034, 62.27162695566223, 66.27651790785582, 69.94140261603039, 77.91761141774056, 74.46201729310035, 71.20025675845426, 66.78996199278225, 53.00001613330594, 52.748385422490585, 59.94858724980687, 65.63942882848299, 77.61564497945244, 90.64170017058913, 96.03652292414536, 106.75369193859832, 118.59286650994915, 123.36640194033103, 131.2188416315482, 124.05667003980271, 117.00456303659742, 109.71649909230169, 101.29310751103516], [3.3302323988067255, 9.63482035340779, 17.10609994782417, 24.037994098813424, 16.934230958313698, 8.57986052816979, 0.0, 41.075414385926315, 47.36241831773937, 54.73929727732962, 63.15926759356312, 71.96389736764453, 63.318372753340924, 54.67725578096305, 47.3358705232588, 20.004834495843202, 19.372744654895577, 21.58762928950451, 26.253638160119714, 32.26188249649007, 28.963260778407683, 23.320146095775947, 17.835295346805477, 11.658350872669127, 12.0175096295867, 45.17524528919923, 53.07258658561519, 61.17765828961502, 69.90343832975574, 75.24139494740356, 72.8005073130608, 67.13796140926183, 59.8030678027197, 51.33552733530323, 45.98675189844354, 19.684784388020052, 24.11070684269528, 32.88517208902709, 35.11447698522051, 44.67806659479461, 50.4785592664479, 54.95286239369802, 57.20014379603904, 53.573960747608055, 43.84690692854297, 35.709156459073306, 34.185207737212465, 62.40101700663079, 57.16683627830482, 57.52999032954068, 61.539359344154924, 63.1192937982782, 68.57569907444493, 79.16000082251313, 81.20741898847031, 80.29481895557727, 77.9312677832323, 74.79536199375151, 71.35736036259922, 62.93732493785269, 60.80553766074495, 63.887530153111314, 66.74337505176835, 73.9803054165345, 71.25983838821254, 68.93340675254123, 65.39686286894744, 56.921081204013134, 57.253553373043886, 64.35356230719297, 69.27607193315953, 80.8533716612439, 92.95342149458654, 97.27071599783035, 105.35245495946592, 114.51413761367348, 118.26983238193591, 125.40126736774927, 117.43846473278725, 109.56228183286994, 101.6894580064552, 92.98705892707761], [41.40100980023658, 49.90637998586507, 58.070272111516964, 64.39659310134019, 57.82047619157304, 49.474956297400084, 41.075414385926315, 0.0, 8.349113061504976, 15.254880110003256, 22.703640895388435, 31.679022343296616, 22.25595982102376, 13.663715124432777, 6.396800891664364, 41.840954413561704, 49.092418393516056, 56.41601363669199, 63.932104973929654, 70.94724011419102, 68.75933452619873, 62.61139306525323, 55.61958145683203, 46.179278226343705, 38.120142896579466, 19.99137480208677, 22.098488517395687, 26.584572649602062, 33.33830275349861, 37.3412871425845, 33.634038915132514, 28.77468951686871, 22.88273800299431, 16.269162690278225, 12.804744948030239, 28.898120701060144, 31.57049000156402, 39.39439941701872, 46.2225993365051, 50.18838277564399, 49.994956399680724, 47.84544859765085, 41.6115762672374, 31.89569852759638, 29.44917442487678, 14.667687065054464, 11.836813799260336, 71.77764893400803, 64.41222006741482, 58.82325031357353, 57.0804999904816, 54.265604745023694, 55.0152816777658, 61.73120575414572, 68.79472837314438, 71.50367660513243, 74.22367629638556, 75.62492768706666, 76.24632006128587, 68.6261717564452, 62.349107171892264, 60.01319638916983, 58.07633443137676, 60.36580042560296, 62.08590752055171, 64.94892663601573, 66.53503477643571, 90.4266495693348, 90.97900617694181, 94.9773146733744, 95.71955165746608, 103.59727318876683, 110.1466597439624, 108.41483359481127, 101.32426397215717, 98.06535829789723, 96.91662946363623, 101.95248516272767, 90.5829076959434, 78.26482793127182, 68.69569606424142, 59.95278927404621], [47.2564730864286, 55.67531434957273, 64.04801707453495, 70.95425266554096, 64.2727577866336, 55.813839754594575, 47.36241831773937, 8.349113061504976, 0.0, 7.497498788669324, 15.862945745276791, 27.019850237222133, 17.441387067266437, 9.109689046130278, 4.501684523381107, 45.314230732085676, 52.9463465007383, 60.6709097027958, 68.59082385650909, 76.03848131198248, 74.15501694006794, 67.75043846395069, 60.59452228049787, 51.13205825671009, 42.8992262636651, 16.209950024375615, 15.21044997083479, 18.32649015052552, 25.374052848725682, 30.15510668373284, 26.367299155994512, 20.70254328330162, 14.698543880615146, 9.03971970488986, 7.70957618525357, 33.54747329572229, 37.33621736984041, 45.45051471456353, 53.64946083069206, 57.523722874072334, 56.42697836658388, 53.68697614201659, 47.231754114200484, 37.02352165437341, 33.943723922700876, 20.307272208824777, 15.29513934824724, 79.58008484803018, 71.87558990386682, 65.6047929636393, 63.29973211304216, 60.0785462287372, 60.438630638283946, 66.69584795600471, 74.33977622460861, 77.40647068290299, 80.69592191781665, 82.54265848369981, 83.59348420977082, 76.19142632730582, 69.44474563337204, 66.50304823632678, 64.09187154236945, 65.95534506251673, 68.24077765290419, 71.6152897116333, 73.7264450904666, 94.64052214310487, 97.10684548879563, 102.41167180376574, 103.61744017374093, 111.75293829396149, 118.28740012934475, 116.35192699321527, 107.72749335942972, 102.7033111472339, 100.39635297623023, 104.20361356865315, 91.59984812228349, 77.61177116246667, 65.82237076383011, 53.71354329234215], [54.56054069126594, 62.93080334369725, 71.35508165708671, 78.40327852072453, 71.64542340797196, 63.15782489234908, 54.73929727732962, 15.254880110003256, 7.497498788669324, 0.0, 8.962407583184614, 21.973069031460376, 12.267171001189025, 6.6786182781100765, 9.42373616148696, 51.61225963816389, 59.48506469616807, 67.42570607131512, 75.53365829188601, 83.17168751950307, 81.362782747245, 74.82499587284502, 67.56849061160275, 58.09287050813947, 49.79708164185498, 18.668416578193153, 14.017781068018076, 13.618324978396242, 19.61675404255184, 24.3307470724866, 19.869550403737097, 13.721909961322767, 8.714016630934612, 8.132445246015987, 11.13103186517373, 40.1513841243005, 43.500955864043824, 50.87931154793891, 59.491561256572524, 62.687105749436824, 60.67080716716429, 57.11074359465649, 49.97520701986798, 39.515291322516006, 37.509486633797664, 25.889380347038223, 21.821890357648325, 84.73103527281431, 76.80334666757399, 69.82818096362851, 66.7705691552969, 63.020840200299816, 62.68732758520356, 68.16087073229764, 76.39847354203444, 79.91907870062282, 83.92126480195527, 86.38516885473615, 88.01872689240794, 80.9609182278412, 73.74383663262265, 70.06701949030193, 67.02217715541401, 68.1464346210394, 71.09762388830379, 75.1366610099127, 77.94660449643152, 101.38440187328622, 104.3339992191924, 109.61580348294335, 110.5434839952224, 118.29557149935572, 124.20155794403122, 121.50986414957197, 110.54162341833558, 103.73838488931005, 100.51044721998198, 103.8158711122664, 90.53284664448033, 75.43828244311415, 62.83117640463249, 49.45689862700605], [63.09779917957822, 71.52532679368119, 79.8814550007308, 86.6136725226953, 80.05603207268106, 71.62333789514821, 63.15926759356312, 22.703640895388435, 15.862945745276791, 8.962407583184614, 0.0, 14.208772324446818, 6.684117396981742, 9.976526095337046, 16.32831173433659, 60.547854145324436, 68.35593485189722, 76.19900777076593, 84.18166754455736, 91.5594359590069, 89.83874948690227, 83.50887392118122, 76.35482952245594, 66.90491143615677, 58.64412158309467, 26.850163351103102, 20.43350342850768, 15.43508092635079, 15.739402615327778, 17.88175596015464, 12.500364425095691, 9.33589719945641, 11.158055911220114, 16.064787011938417, 19.961927759504846, 49.03024635229364, 51.824256962227395, 58.35438978990399, 66.27213555592922, 68.49164442996322, 66.01169585968051, 61.596273900278334, 53.05380676253075, 42.611910825038926, 43.60769764882585, 33.54867906025399, 30.62810169312957, 89.552845483729, 81.90257057673826, 74.6159201412591, 70.78881631876712, 66.43210997951812, 64.87440066250115, 68.5610175137436, 77.6226912669101, 81.87357384385624, 86.74075081636181, 89.94443361045724, 92.12766917787792, 85.4259770292568, 78.11218944826041, 73.80264597753533, 69.98571544292038, 69.62090731780165, 73.4284570595038, 78.32169977489977, 81.86151921627136, 108.93453316501818, 111.31720404293104, 115.95550194468458, 116.28318786478427, 123.45239949612652, 128.46330114894891, 124.97670556920264, 111.98066014219987, 101.94533809823903, 97.3090890967966, 99.50627481594071, 85.47503548174458, 69.36450759678607, 56.43550854696333, 44.0469358136473], [72.29062476555433, 80.805768493681, 88.81167554150727, 94.43287782972645, 88.59195523529614, 80.45303724897354, 71.96389736764453, 31.679022343296616, 27.019850237222133, 21.973069031460376, 14.208772324446818, 0.0, 11.597669196987729, 19.73962647005158, 25.82966392474997, 72.14541652197475, 79.4168053560961, 86.6457030607222, 93.96139980560172, 100.30639559729175, 98.7010210247149, 93.17033866974731, 86.49042032375439, 77.20952214647731, 69.21090934593295, 40.49573078067087, 34.27003856062553, 27.803348673369324, 21.96821704332441, 17.285563123615617, 13.954133857822994, 19.603668833886935, 25.001111277962146, 29.810681919091806, 32.942527076238726, 60.1720596542874, 62.31314121769948, 67.93603693046023, 73.44977657376076, 74.32763460277886, 72.30729775198843, 67.21266553305273, 56.341586777878675, 46.532287333215045, 52.8660167050408, 43.54148954499942, 41.962989530342114, 92.58353351129784, 86.18413438264965, 79.4539531391726, 75.04050219397142, 70.11417169319651, 66.61819233026866, 66.8291560692823, 76.94957534204488, 82.30410724672991, 88.09834147539546, 92.08709262032731, 94.60709774123781, 88.25648371627241, 81.65608329649226, 77.09384893992976, 72.45288274643704, 69.43189281678443, 74.25397262748872, 80.14884808477287, 84.28700174720348, 116.0611895975668, 116.01820577573837, 118.9069321187876, 118.10960834998545, 124.35287937114629, 128.07103395750147, 123.90491271656155, 110.13654369358262, 94.38304840032929, 87.49020514684572, 87.28942013245549, 72.3741158659009, 55.54390095876413, 43.67912936494776, 38.99170824624758], [63.607933958553794, 72.11333988037237, 80.29926810725682, 86.46420448059688, 80.04025875145288, 71.72314439990791, 63.318372753340924, 22.25595982102376, 17.441387067266437, 12.267171001189025, 6.684117396981742, 11.597669196987729, 0.0, 8.967157293284698, 16.09473080336934, 62.56323191925734, 70.27016197354386, 77.92413617513994, 85.65452121317773, 92.67675002562305, 90.735729186015, 84.62050119152823, 77.56106639272302, 68.07708590899506, 59.86833396986301, 30.707287312093424, 25.59535689551675, 21.92677510444201, 21.684451629355006, 21.812286245400184, 16.55493092514856, 15.788339027157036, 17.102237223081662, 20.11097610680469, 23.011718349159278, 50.08029503026403, 51.606449857793756, 57.1015142134391, 63.757664215603455, 65.13654030817877, 62.680686638439184, 57.874813415276606, 48.31483828735494, 38.02347082942936, 41.820776688136256, 32.72668686303662, 31.718923237962915, 85.19125482145166, 77.8805133336513, 70.6636801311218, 66.52563750045039, 61.91555775264193, 59.6746575987697, 62.47690352657342, 71.80084018349466, 76.34938122321884, 81.51547371850224, 85.01684239410979, 87.4013508014468, 80.88811225794508, 73.69371633668817, 69.19514803865752, 65.04845342753475, 63.890840153865994, 68.00032474670999, 73.24529660452097, 77.07316564371445, 110.46167912717692, 110.97480956134378, 113.9830794938224, 113.38841256295181, 119.7510680480024, 123.94623884171698, 119.81160050100844, 105.98602542884463, 95.2912786121578, 90.77985799821148, 93.78647153497002, 80.44431099194048, 65.19755345888883, 54.6950937860303, 47.03176131539534], [54.90484022943679, 63.38476628473249, 71.63157709999128, 78.06022103435298, 71.4372989767129, 63.05729849206805, 54.67725578096305, 13.663715124432777, 9.109689046130278, 6.6786182781100765, 9.976526095337046, 19.73962647005158, 8.967157293284698, 0.0, 7.44830569121401, 53.71790067000731, 61.45765809617907, 69.17244824298237, 76.99149638538647, 84.2311915421226, 82.18106748602078, 75.8823251486652, 68.73176745587703, 59.21339258265026, 50.97383715338245, 23.34631750220837, 20.21422823198833, 20.05828866844041, 24.110002026911115, 26.86679280456298, 22.063393498823093, 18.02504957697401, 14.783564152337183, 13.676966227949165, 15.14475858549046, 41.11369934015408, 42.9490370606343, 49.189079085196234, 56.457616326294286, 58.79547546664795, 56.82025434433007, 52.8538375645492, 44.64509320991795, 34.1641251149255, 35.07458896076836, 24.302389734434122, 22.77088386913176, 79.95317106889463, 72.3317947518069, 65.40744464157193, 62.044701359011604, 58.03971096753232, 57.084826781182024, 61.84650928262041, 70.30968568216767, 74.09341655689245, 78.36006357927427, 81.09714401592723, 82.91460068947347, 75.9970895483996, 68.87289749876989, 65.01530486523795, 61.65903963189717, 62.09063292370225, 65.2953993144092, 69.65893257127546, 72.73629304237434, 102.8747575640958, 103.82109993055273, 107.38771700019053, 107.3578303721478, 114.30229552179892, 119.40689245752706, 116.0766099121292, 104.3527153737897, 97.07879702748723, 94.06736063002778, 98.20709133430455, 85.63674671679314, 71.43252491552423, 61.04315453040866, 51.86667469174613], [47.54598144871757, 56.04084386346036, 64.27013161213051, 70.70317629205412, 64.13342851651365, 55.75926658184107, 47.3358705232588, 6.396800891664364, 4.501684523381107, 9.42373616148696, 16.32831173433659, 25.82966392474997, 16.09473080336934, 7.44830569121401, 0.0, 46.98153360071494, 54.47522092470171, 62.00091089168348, 69.68287797375537, 76.81440397674325, 74.76147010675294, 68.55195276087508, 61.49335956712416, 52.02192593610788, 43.8604830685195, 19.990644705274864, 19.441856068963503, 22.005918649372717, 27.86358653974992, 31.55406940007355, 27.521594175262415, 22.861470709424623, 17.757550820080056, 12.912162777518917, 11.571161960505952, 34.39434284163477, 36.99840449311348, 44.28516979151441, 51.47196073317689, 54.7662203508108, 53.75992879980043, 50.77328521285196, 43.582529524254426, 33.3501589991961, 32.28571775413625, 19.082765027029865, 16.31908677543342, 76.22860970773955, 68.74874264610457, 62.54778188148185, 60.06729380511525, 56.69344079562091, 56.662290718020536, 62.473613675304634, 70.24146525738773, 73.46963519216666, 76.90681914264927, 78.91393662470749, 80.06182417575542, 72.7231315966008, 66.06339647668088, 63.03578800431137, 60.44108654742555, 61.864344164653836, 64.28528956492508, 67.85205817730157, 70.1117846871199, 95.6784733478981, 96.6912467531746, 100.77323124832093, 101.30696218619171, 108.89820464876668, 114.90171170564878, 112.55657787343465, 103.53028230876811, 98.22165245747544, 96.08272497746158, 100.42188782461884, 88.3069750987749, 74.94790719605827, 64.5974244325518, 55.15754950645068], [17.24102480189504, 20.152111050209033, 27.596603080059005, 37.910810424563216, 30.229323409128593, 23.45393761402848, 20.004834495843202, 41.840954413561704, 45.314230732085676, 51.61225963816389, 60.547854145324436, 72.14541652197475, 62.56323191925734, 53.71790067000731, 46.98153360071494, 0.0, 9.046414115701369, 18.229779722345164, 27.655528447843224, 38.0570155545846, 35.7485683484482, 27.115500354481714, 19.1644607391276, 11.64642216855052, 8.507198257209065, 36.42741630914535, 44.97886069590631, 54.238771058503836, 64.69647535232758, 71.8291598292566, 69.41566373959127, 62.07175744653707, 53.9185165318152, 45.68362361105745, 40.85906090667541, 14.910624904731057, 24.425571731578426, 35.5778340370065, 45.11250392714848, 54.91122260190277, 57.49123109691776, 61.03621373096404, 64.37216129312796, 59.143867789441124, 44.0516201986363, 35.954840945959155, 31.23045565875357, 76.75588410684158, 69.24035021062048, 66.83215179356286, 69.73586803296402, 70.74832500533526, 76.7762501902967, 88.8619756060716, 91.56247413621838, 90.73242366531488, 89.148597932274, 86.69009640248794, 84.37401180323606, 76.42102626800805, 72.05510737155346, 73.53199554798493, 75.78022567991005, 83.95195669740872, 81.86830374802514, 80.20122399825536, 77.8216759924084, 62.26745884330968, 71.2004794346498, 82.50417640473144, 88.6579810493652, 100.39832485232766, 112.3245390010654, 115.65348406843619, 118.98901852923858, 128.20797184898086, 131.07628165468074, 137.8761536062375, 128.0328362776303, 117.3274697802603, 105.87259285773983, 90.29669946454612], [16.26632876846048, 15.36322596106404, 21.163815227505154, 31.653116066941497, 24.89356158698343, 19.961135487174595, 19.372744654895577, 49.092418393516056, 52.9463465007383, 59.48506469616807, 68.35593485189722, 79.4168053560961, 70.27016197354386, 61.45765809617907, 54.47522092470171, 9.046414115701369, 0.0, 9.233355410994967, 18.74995506470229, 29.433428343193548, 27.351531682269197, 18.727770042903963, 11.392064239857763, 8.081362948135668, 12.174415251760635, 44.84059256536229, 53.14233399022255, 62.02467153477672, 72.01502791990495, 78.93803856313303, 76.87637127424343, 69.91517486342724, 62.02319658465515, 53.8606223668651, 48.961798697392176, 22.575888744065406, 30.9781477339013, 41.11864388553508, 48.56536261855828, 58.71242384859619, 62.47161195543987, 66.80922055507378, 70.56676267697868, 65.97579048559777, 51.66281463327815, 43.740211074674114, 39.19853170738269, 78.63163349525294, 72.05534696491928, 71.00101939646112, 74.72587681895891, 76.27626372587561, 82.54103300389203, 94.49651185258173, 96.67712399247512, 95.50693114417288, 93.2289171202316, 90.10194367313507, 87.03956865292638, 79.03221823730344, 75.74545863737613, 78.13924587946416, 80.96572385419697, 89.28618615823792, 86.71113353531908, 84.40820551725236, 81.22776701892568, 54.04293265805511, 64.14278912457452, 77.1449064603459, 84.64307366595828, 97.38943970201575, 110.57446847850296, 115.45001411667234, 122.31141716545181, 132.46056343104874, 135.69160717888093, 142.06075095004007, 132.5355406916959, 122.4857584016088, 111.10585312025032, 95.97943090615313], [18.864760394320275, 13.902002434623078, 15.998817175492974, 25.789191956040963, 20.868315653864855, 19.02602804456261, 21.58762928950451, 56.41601363669199, 60.6709097027958, 67.42570607131512, 76.19900777076593, 86.6457030607222, 77.92413617513994, 69.17244824298237, 62.00091089168348, 18.229779722345164, 9.233355410994967, 0.0, 9.557607438046041, 20.489253841019714, 18.703711944381677, 10.497658628341894, 6.402190715537923, 11.869653280765448, 19.22327827287474, 53.49960344699637, 61.59435906103439, 70.12239820772982, 79.62587118301647, 86.25232019859304, 84.4753408387304, 77.92875518057012, 70.29288517681255, 62.17598836226712, 57.200965541373094, 30.68181630706437, 38.10593556970048, 47.23851404406626, 52.51460465015914, 62.73418360673012, 67.59752662134609, 72.58847155306982, 76.59579166671075, 72.62981678566543, 59.274279779297096, 51.503428928594786, 47.2580706673949, 80.41788629037278, 74.91330493037553, 75.21795687591522, 79.668256918184, 81.69005711674842, 88.07682217870723, 99.7643177229057, 101.44640981016258, 99.98168151096125, 97.06029151378142, 93.31951986007743, 89.5409971502347, 81.54004493202714, 79.38361346302987, 82.64252377496436, 85.97509720697826, 94.31106927229033, 91.29317029750217, 88.41612181025667, 84.48945359475134, 45.778968520167105, 56.64836608697608, 71.27900125103449, 80.12516017605384, 93.82784167130174, 108.22543986106285, 114.6739561185882, 125.14203591152297, 136.08894186050904, 139.6884206194713, 145.65644227154178, 136.56475240544378, 127.31002325940239, 116.2530977648055, 102.00587695306311], [24.24403968262678, 17.143330067972528, 14.210263475768773, 21.082817864018107, 19.42784382406442, 21.37500257371442, 26.253638160119714, 63.932104973929654, 68.59082385650909, 75.53365829188601, 84.18166754455736, 93.96139980560172, 85.65452121317773, 76.99149638538647, 69.68287797375537, 27.655528447843224, 18.74995506470229, 9.557607438046041, 0.0, 11.257466710324397, 10.012633279544543, 5.392269954648785, 10.748667128695399, 19.421228176424968, 27.408793954862976, 62.42180084389738, 70.3443105244932, 78.54862699246895, 87.56956497555869, 93.84336728439101, 92.29282284070737, 86.1739759746188, 78.78480924511045, 70.6985284920104, 65.65205317747512, 39.13514034408544, 45.67658560373817, 53.838753552746404, 56.96838855929145, 67.03143421125866, 72.91169454861922, 78.44283836377856, 82.58246316547783, 79.24713449478088, 66.97197049143045, 59.37999196104287, 55.51390026780598, 82.21135715672254, 77.89151348718114, 79.54608041305768, 84.63796643039329, 87.07927684320637, 93.49762777275703, 104.8025170140926, 105.99034664899017, 104.26258798555926, 100.73731710289454, 96.42950903113966, 91.96584594711854, 84.04073082439018, 83.05463543570177, 87.12927077882976, 90.90927324985901, 99.15373144505904, 95.73051999648628, 92.32758655373698, 87.70446155695988, 37.766290609650845, 48.792853900949986, 64.98067740508097, 75.19563097150203, 89.79754818958854, 105.3647544762645, 113.42107095177921, 127.58116841735387, 139.2416965534421, 143.2284507024329, 148.83739644565154, 140.29946291997777, 131.97398986432282, 121.46815590470563, 108.45079434408333], [31.017842530670993, 23.724559095285144, 17.837669606673344, 18.578551421785527, 21.797077402004014, 26.534816788257164, 32.26188249649007, 70.94724011419102, 76.03848131198248, 83.17168751950307, 91.5594359590069, 100.30639559729175, 92.67675002562305, 84.2311915421226, 76.81440397674325, 38.0570155545846, 29.433428343193548, 20.489253841019714, 11.257466710324397, 0.0, 5.1732061074313505, 12.770994669166143, 20.40280385634918, 28.654794892878314, 36.43175321326188, 71.44381624983947, 79.03900083034617, 86.69887854028308, 94.94674840221181, 100.63508251264751, 99.38768303557795, 93.94913476415572, 86.98301011759469, 79.00153680639109, 73.89504366297311, 48.13203375662663, 54.1247473590446, 61.610989869278725, 62.32834578760121, 71.93853831324456, 78.93513790421909, 84.77561320841525, 88.47212982081244, 85.64795858801617, 75.14354981807318, 67.26439312109535, 63.681751552967604, 84.0859833277623, 81.31151960894447, 84.42147834043527, 89.99501097077069, 92.69235248347556, 98.80422567639684, 109.2322841463679, 110.11184821740851, 108.32526584640115, 104.3517599408992, 99.61340247330722, 94.47616616645884, 86.60259430513408, 86.97823818034344, 91.82397033526834, 95.87639629336178, 103.5819627668299, 99.90558108226237, 96.16256035093758, 90.92634363893963, 28.642272587622674, 38.25085282566354, 56.48637592031414, 68.344967716078, 84.0843992985007, 100.91911881974488, 110.87087224880652, 129.346729097161, 140.75623883028697, 144.87152138016992, 149.65196363790056, 141.70954107056662, 134.53615805140407, 124.80189686090924, 113.74314564443313], [27.96330255182568, 20.108969133164628, 13.312575364889053, 14.427303414556373, 17.075185779797796, 22.452329707035325, 28.963260778407683, 68.75933452619873, 74.15501694006794, 81.362782747245, 89.83874948690227, 98.7010210247149, 90.735729186015, 82.18106748602078, 74.76147010675294, 35.7485683484482, 27.351531682269197, 18.703711944381677, 10.012633279544543, 5.1732061074313505, 0.0, 9.25981167660957, 17.161931601205435, 25.66091316169422, 33.678744971066926, 69.6472833275926, 77.4977651974458, 85.45432501439045, 93.99315220374123, 99.7084116297512, 98.16668845378432, 92.5545966233513, 85.37815292969995, 77.20500115123957, 72.01722101943375, 45.219572384244266, 50.33155174697563, 57.22662778127995, 57.65267595249755, 67.2671209864761, 74.27732781695788, 80.29266274140289, 84.42133500492956, 81.95712491717892, 71.33665289120634, 64.22080613507647, 61.31750887800806, 79.46753962183378, 76.52919934149689, 79.66077418309928, 85.36079834568842, 88.20905395670093, 94.52909925289211, 105.2536081073158, 105.85126941319376, 103.87189447336144, 99.7509860662428, 94.9189917054787, 89.78545673602493, 81.98507739000628, 82.30061066378906, 87.21816757358694, 91.42135516609896, 99.41862514218442, 95.57225034212637, 91.65079442979312, 86.3416225683002, 33.521199996977174, 40.02578249884647, 55.717288758486426, 66.57565947011115, 81.64941888947295, 98.00570393041633, 107.35164335937567, 124.9987349441544, 137.45772398361095, 142.06893730795045, 147.81852668416985, 140.30069533428102, 133.37946014547876, 124.3458390148679, 113.86853018468267], [21.76916854370249, 13.754042631664445, 9.452624585390875, 17.011201680207808, 14.486918366013317, 17.252392502461394, 23.320146095775947, 62.61139306525323, 67.75043846395069, 74.82499587284502, 83.50887392118122, 93.17033866974731, 84.62050119152823, 75.8823251486652, 68.55195276087508, 27.115500354481714, 18.727770042903963, 10.497658628341894, 5.392269954648785, 12.770994669166143, 9.25981167660957, 0.0, 8.218935875258364, 17.487863516606797, 25.8331575828713, 62.10709934568604, 70.25835573160866, 78.68327406970032, 87.85490788258042, 94.0022289609307, 92.16277845668372, 86.00782566710153, 78.47230874626035, 70.18034158744905, 65.021664928667, 37.351744171486715, 42.64125261574877, 49.986561164220014, 52.344027760818946, 62.35422856790908, 68.46101709201135, 74.24994613599308, 78.78749616115967, 75.96757761639044, 63.92425952520079, 57.1886250863153, 54.25189991284999, 77.12179949244745, 72.86914221407662, 74.78674012029427, 80.10236517246734, 82.7554217226002, 89.34596869156277, 100.8122398475787, 101.63425107190437, 99.69014847933616, 95.93225327133415, 91.45819443955664, 86.89344402813748, 79.05003231820733, 78.2190495382154, 82.50384736061997, 86.49607523712781, 94.95913806511209, 91.30409157664485, 87.65091203883206, 82.84913064141011, 40.9883778022324, 48.620460382853416, 62.537343000697696, 71.89290412293215, 85.90359594218444, 101.09381478965508, 108.76971124959516, 122.71759088176728, 135.4419674073357, 139.99968569905354, 146.53504055918435, 138.61019463864747, 130.82878110395296, 121.33613349836229, 109.51874167760784], [15.749926128280954, 9.016130202200168, 10.636845563342968, 21.019154763344407, 15.026429643196316, 13.536116776371983, 17.835295346805477, 55.61958145683203, 60.59452228049787, 67.56849061160275, 76.35482952245594, 86.49042032375439, 77.56106639272302, 68.73176745587703, 61.49335956712416, 19.1644607391276, 11.392064239857763, 6.402190715537923, 10.748667128695399, 20.40280385634918, 17.161931601205435, 8.218935875258364, 0.0, 9.636699440737273, 18.044009852414906, 54.406028548862146, 62.73834899907352, 71.44766152325884, 81.00123166931058, 87.3662246358946, 85.27796721627774, 78.80245431044398, 71.05199363083362, 62.68106058874126, 57.540619240443434, 29.42512826092585, 35.08828105906683, 43.179897584168366, 47.22999163965283, 57.42891151210229, 62.74646191327606, 68.12288900857253, 72.5732313927366, 69.29973238325914, 56.43539615576839, 49.680345920804434, 46.70918975578761, 74.40685509011112, 69.1190619179435, 69.89993132263784, 74.69791002731984, 77.01536536316233, 83.59458508881778, 95.39930737319955, 96.6099442659634, 94.87876938643628, 91.62180692807529, 87.62787646897988, 83.6467427485979, 75.7128925708534, 73.87874524907765, 77.49275192126738, 81.12569176423986, 89.68285008976886, 86.34553607257762, 83.12163988567335, 78.90026124532739, 47.721333128896795, 55.0452902544055, 67.38749063030859, 75.39092841392257, 88.511785883846, 102.58381207883362, 108.77895931604232, 119.47775056558449, 131.6498966429652, 135.94768216980688, 142.91536237098438, 134.62874335617906, 126.18400675881809, 116.46134632942942, 103.99132931434075], [8.8646046793046, 8.55046870291565, 16.109511189690735, 26.287064005642353, 18.716768224515498, 12.382281771574293, 11.658350872669127, 46.179278226343705, 51.13205825671009, 58.09287050813947, 66.90491143615677, 77.20952214647731, 68.07708590899506, 59.21339258265026, 52.02192593610788, 11.64642216855052, 8.081362948135668, 11.869653280765448, 19.421228176424968, 28.654794892878314, 25.66091316169422, 17.487863516606797, 9.636699440737273, 0.0, 8.42888461653296, 45.17761101758016, 53.56662473442891, 62.36283046682607, 72.04028601909387, 78.39788135328965, 76.0881249563308, 69.52141438842773, 61.69657694530333, 53.248626129340394, 48.074246441846995, 19.897192758948357, 26.659704375575547, 36.23659078331861, 41.845270257758095, 51.968881082401865, 56.54405657837189, 61.16675404896648, 64.78057752700468, 60.773004894793495, 47.801115687400134, 40.21848378201496, 37.091250151133295, 71.0661499987666, 64.93578712008289, 64.50678832073218, 68.5197040172802, 70.24492988850673, 76.4255879200348, 88.10788912654763, 90.01839323015425, 88.77772759614209, 86.28993214277837, 83.01182090328486, 79.72286999636529, 71.60827962955584, 68.79007071204241, 71.57183911849121, 74.58038838124494, 82.75462916493169, 79.96444357755348, 77.46322870041575, 74.01453216874665, 54.559742937803755, 60.56669449351668, 71.1592321258211, 77.68404279712196, 89.92111262444243, 102.7297754057371, 107.40696823150036, 114.84831198741642, 125.3325837534773, 129.04430834678126, 136.06063558791845, 127.34338133110026, 118.29194213635203, 108.49531127861744, 96.02584930782551], [9.6316695297005, 15.112486446621617, 23.545515409081133, 32.99339915952835, 25.192039304034502, 17.26913495772585, 12.0175096295867, 38.120142896579466, 42.8992262636651, 49.79708164185498, 58.64412158309467, 69.21090934593295, 59.86833396986301, 50.97383715338245, 43.8604830685195, 8.507198257209065, 12.174415251760635, 19.22327827287474, 27.408793954862976, 36.43175321326188, 33.678744971066926, 25.8331575828713, 18.044009852414906, 8.42888461653296, 0.0, 37.005475361629145, 45.4319101435283, 54.31441534592812, 64.13885103420276, 70.53735311363687, 68.02483285133236, 61.32676383509936, 53.42104599474748, 44.918732865341106, 39.73246913635534, 11.786334721214946, 20.63241407632316, 31.888502638153412, 39.257360837311644, 49.00822552926106, 52.628696020164526, 56.33887565332297, 58.99562100658642, 54.11461142356052, 40.98175739582392, 32.2809303206665, 28.703533537261958, 69.92639878662061, 63.04765118751465, 61.36309574197475, 64.48629451102775, 65.55284838227266, 71.26135425078506, 82.7554118292969, 85.40829249296358, 84.68395991664069, 83.00352379293071, 80.47121782990756, 77.90217877346647, 69.71860779272382, 65.93228015881247, 67.80115035527584, 70.1146960530717, 77.83052329700757, 75.64965133050414, 73.92785903185452, 71.31211975275595, 61.041185986140384, 66.44279964977706, 75.8627366412118, 81.24596946201426, 92.70225770998354, 104.37972791409221, 107.7242014703233, 112.09759448960654, 120.83775111824215, 123.89774682218788, 130.8369200374347, 121.61800234714472, 111.87040966652263, 101.82808196771151, 89.09671055216845], [44.12544738472186, 51.686101564018855, 60.27281066579161, 68.90552683667133, 61.42688897108634, 52.94352745836122, 45.17524528919923, 19.99137480208677, 16.209950024375615, 18.668416578193153, 26.850163351103102, 40.49573078067087, 30.707287312093424, 23.34631750220837, 19.990644705274864, 36.42741630914535, 44.84059256536229, 53.49960344699637, 62.42180084389738, 71.44381624983947, 69.6472833275926, 62.10709934568604, 54.406028548862146, 45.17761101758016, 37.005475361629145, 0.0, 9.011242691608468, 19.10864699556465, 30.757902936433666, 38.53322672818613, 35.22629290949989, 26.687480628544424, 18.092084856805585, 10.798136951026363, 8.542403984125663, 27.65123050450325, 33.657378931136186, 43.28623965440947, 55.153764146035854, 60.82866134308647, 59.06831319295161, 57.49471925072585, 54.753953494295885, 45.361455185867854, 34.55264607748429, 22.70733587607045, 14.372011273128964, 85.20115098919537, 76.29489223584822, 69.59281121462348, 68.1103894492416, 65.77117492552131