{
	"dissimilarities": [[0.0, 8.790695968437594, 15.949664952501347, 25.10023557401872, 17.11922095928953, 9.159222647501915, 5.6346691414075964, 42.52228060072144, 47.49300135035521, 55.99976366902044, 64.11642269940167, 70.8493252050707, 64.62800924452584, 56.195418124502744, 47.71646652922619, 17.83049046841985, 15.915301686060305, 17.22526387276323, 22.650671057052282, 29.05152468522127, 26.9239991649364, 19.780625045744408, 13.789568353208521, 8.901789289354696, 12.91092125962896, 48.79643277928189, 56.529661090740404, 64.43329099920894, 71.35049325883864, 76.73779845311148, 74.91006482163279, 69.64410063429615, 62.75809359227822, 55.56472707759016, 50.566485988892126, 14.73630474902759, 24.555989375769613, 36.10933592616123, 39.25059119758864, 48.093776988244215, 53.15517802060038, 57.745941485077736, 59.58511438466646, 56.28880424172869, 46.623523383208145, 38.040739940155575, 33.3298582317566, 68.90819476613252, 62.81672223373745, 60.89759541020485, 65.63504889080689, 67.0234970870689, 72.46060256528625, 81.66135779110316, 87.42241792206266, 87.03709269337855, 85.4577148808141, 81.48119044248786, 78.51907737146513, 69.12092255558603, 64.28197841745201, 68.12414019858011, 70.77608940342711, 78.45156711753322, 77.72382362374405, 74.99456216913781, 71.82054741355718, 51.15717906986875, 57.059491658444436, 65.9821901282273, 76.5614392910125, 89.26039409328531, 97.33435553045233, 104.93785923143753, 110.45111220047474, 123.95835894001202, 125.00383094849857, 119.17859504779749, 111.06178354029157, 108.09250973204207, 101.48877663518385, 95.82008562980279], [8.790695968437594, 0.0, 8.229835693271825, 19.582723488609286, 11.773892704739964, 7.9749040637304835, 12.406188528090567, 51.09261865142991, 55.719728168411145, 64.13328888559181, 72.44817727706914, 79.45068133001939, 73.17827530226018, 64.70427716923872, 56.270252938403914, 20.920667398393437, 15.187763877844663, 12.01159652384699, 15.35778961470618, 22.030657433974955, 19.50322175689086, 11.437016602089638, 6.709083043182804, 9.764961514663387, 17.871687920019586, 56.08495122644392, 64.03011242773718, 72.14986571605773, 79.33261349766585, 84.93979743114566, 83.20003996081495, 77.72832846496203, 70.63747744080477, 63.414143301993036, 58.32763763952606, 22.171663925136382, 30.304739082238495, 40.31864027758993, 42.90496036102811, 52.116017327416735, 57.53260760219299, 62.89614118909316, 65.94367231680003, 63.46668269400545, 52.93356902003455, 45.387891346680846, 41.14456604096865, 71.41613788179887, 65.80120480525481, 64.75718102721376, 70.23901027958173, 72.2339365941116, 78.40112209108686, 88.07180526087754, 92.95439462523606, 92.0281986373315, 89.8023995458228, 85.05208730582483, 81.60909893815374, 72.44815335336439, 68.15418939404067, 72.8381099638558, 76.13271925788189, 84.49619303819468, 83.01711311509473, 79.57453892973528, 75.61833307148585, 46.15148938946428, 53.76680003425097, 64.30072279363264, 76.31931149048289, 89.47425332682012, 98.63226811687778, 107.30823922132095, 114.48359995478837, 130.59410397972036, 132.2587085186764, 127.06348931054873, 119.34940138835624, 116.63393676011405, 109.92858922691408, 103.60098032128745], [15.949664952501347, 8.229835693271825, 0.0, 12.159963945017642, 6.64603411825323, 10.587942837052813, 18.014614082520584, 58.4058405078838, 63.41553146496304, 71.89896616348936, 80.04165668044519, 86.670334499488, 80.51768126634796, 72.10551797154757, 63.612449397663354, 28.878425474455852, 22.03641856872945, 15.533909777999034, 12.915133690500848, 16.282685451403495, 12.734622196869056, 8.108758539979412, 10.869263893523241, 17.809478394195548, 26.094593372691993, 64.18183863768151, 72.01405882450094, 79.93777576356024, 86.9016765417769, 92.2390556322303, 90.63027300048087, 85.42623597948074, 78.51333203656539, 71.33875296857074, 66.29516858196665, 30.01933244334139, 37.04676594075237, 45.73760107510736, 46.03013231893958, 55.16446682842833, 61.50051822240942, 67.5291342598837, 71.0409162270335, 69.30893386538754, 59.60225264394364, 52.71499969569615, 49.01626688132804, 71.51840945244679, 67.06844396026662, 67.68356712280912, 73.84444108264877, 76.35750612931908, 82.72045415827476, 92.08553635525912, 96.19461718487011, 94.86266108143955, 91.99182764804371, 86.59123428124715, 82.50487748553414, 73.35982984364387, 70.42410558415442, 75.99673692543892, 79.83212731760852, 88.12275457059526, 86.02061828526523, 81.98023168341228, 77.07747482868322, 40.95816785321762, 47.28011820197788, 58.458175289009226, 71.6233435046896, 85.33373710423578, 95.76016461202147, 105.76696083161764, 115.67147649135448, 133.0522063725844, 135.32554036993997, 130.84253831656622, 123.74741122365202, 121.67324268509195, 115.60576401772097, 110.02264591488566], [25.10023557401872, 19.582723488609286, 12.159963945017642, 0.0, 9.526001856412636, 17.720307522637945, 25.088728217330903, 65.60862780022988, 71.54152069805396, 80.1418481419811, 87.73209767134674, 93.34925300705304, 87.49211810363717, 79.31729296545348, 70.79989310042404, 40.472155156388936, 33.94224272944858, 26.80773262980443, 20.755304881972826, 17.28942731907642, 13.325017847583208, 17.63088211911384, 22.949351454532586, 29.332322192405993, 36.98893478906718, 73.7534649369876, 81.21331877020415, 88.5951273970975, 94.8932737540596, 99.49427826751374, 98.03136128400466, 93.53263827441411, 87.14846857222871, 80.11192434949827, 75.24610672559511, 39.34350618958334, 45.254927849460515, 52.593995269340866, 49.01287101387268, 57.486836869614905, 65.2594757922948, 71.86430215505925, 75.23485583240837, 74.35091694235517, 67.02945050806079, 60.72795064702898, 57.84457389130433, 68.8286105777723, 66.47804316380521, 69.72630456526785, 76.52190956183327, 79.51650558809209, 85.56326968829806, 93.7905840070099, 97.04732258893979, 95.38149703794144, 91.78990953203161, 85.80840722407419, 80.85375565630058, 71.5837103837279, 71.05320600334987, 77.6262306768659, 81.95122502498077, 89.38554489901723, 86.68515454754228, 82.09421087971428, 75.97873178292966, 37.25123489085899, 36.63435716854233, 46.789715708577205, 60.98932703016082, 75.4840595452219, 87.58246105214863, 99.38811019359183, 113.49705992782567, 131.0374358114061, 134.04878654693306, 130.58247392545522, 124.54629594225123, 123.6781867154041, 119.23436616936603, 115.9536070203788], [17.11922095928953, 11.773892704739964, 6.64603411825323, 9.526001856412636, 0.0, 8.84180228717709, 17.019883577762364, 58.13514450567456, 63.92194353891907, 72.49746510248404, 80.3478774299605, 86.41950367262861, 80.18117100741935, 71.84857186975289, 63.374326464986005, 32.2941343897106, 26.855534567869583, 21.704543086191517, 19.36210027620521, 20.774184660702257, 16.723739663337565, 14.626181464031582, 16.42011820159301, 21.202394989701848, 28.463480901619974, 65.74884853425145, 73.53917673013615, 81.37488753945945, 88.04109531523255, 93.04434050532119, 91.22960621339185, 86.2801526744612, 79.54173911397739, 72.30432918796922, 67.34048912118205, 30.68267321811301, 35.99660499848426, 43.57812699054513, 41.666950327003825, 50.56604575361097, 57.59846880488691, 63.95441182670645, 67.53538074531653, 66.4379892651873, 58.01982930111655, 51.89612083638932, 49.439975627646135, 65.37490194073398, 61.466983301954656, 63.02900731521226, 69.47921011081911, 72.23541906871951, 78.54196639081577, 87.56641012172663, 91.21879596669392, 89.71598175770092, 86.57122050404838, 80.97487360094763, 76.6378102662091, 67.4319203988419, 65.2267824094561, 71.20466823401085, 75.28368590966274, 83.37061913975091, 80.94561637340414, 76.65623251732293, 71.3472831794731, 43.99916842675365, 45.56190347240517, 53.696667824179976, 65.82912867755559, 79.07172427011275, 89.17465091754634, 99.15773718930132, 109.71894574841718, 127.82939465646096, 130.60468091891528, 126.90493732509111, 120.64345185239002, 119.44880594285686, 114.91514605420753, 111.16341703127922], [9.159222647501915, 7.9749040637304835, 10.587942837052813, 17.720307522637945, 8.84180228717709, 0.0, 8.425333881934115, 49.48558795852314, 55.21210926959217, 63.77405402842856, 71.68043775414078, 77.92600542864469, 71.56448603268052, 63.182580559711134, 54.7304073271818, 25.331307398458907, 21.8942603284644, 19.95428658588891, 21.815703272445422, 26.117882105452217, 22.84409739857629, 17.41918336743589, 14.517735199906149, 14.868506542646372, 20.65775153479456, 57.12805030413483, 64.952108000324, 72.88613145607547, 79.62693031399249, 84.75881397096346, 82.77544111667743, 77.68124610180001, 70.86497906600005, 63.57976680200204, 58.615442153754465, 21.947290913320238, 27.912085335153122, 36.90441895030412, 36.84663799523672, 45.87425858559138, 52.14756781920849, 57.82455798491543, 60.74683137337251, 58.88403597027328, 50.08475981702327, 43.28925983620356, 40.60851206995165, 63.91545769250701, 58.77404295782958, 58.6466615693601, 64.37549860447972, 66.56158641956158, 72.55850311897852, 81.77235435632208, 86.30970424718451, 85.28464390826889, 82.85228882908596, 78.00691364636141, 74.35382663951141, 65.01542881664759, 61.42489922327464, 66.45575842741344, 69.93907698654299, 77.96580114753186, 76.24382242365917, 72.63019931351714, 68.33360994614107, 49.27349240439668, 51.875863031873095, 59.111513888689075, 69.74878409947628, 82.31775470561885, 90.92434624425292, 99.38685232018894, 107.0498604207195, 123.49722664071682, 125.63140791937992, 121.21813510784705, 114.39052942249526, 112.67137269128126, 107.79025335412003, 103.78244689965337], [5.6346691414075964, 12.406188528090567, 18.014614082520584, 25.088728217330903, 17.019883577762364, 8.425333881934115, 0.0, 41.12755258127482, 46.98985332780487, 55.578946978114345, 63.36030574113693, 69.50998376120747, 63.199464458639696, 54.84254474389569, 46.36862979882196, 21.82322097709346, 21.24914977764713, 22.536085917737026, 26.90929849199018, 32.15568269916554, 29.566441697114975, 23.50497006400936, 18.39616326043072, 13.837002002596842, 16.078437385086154, 49.523855152271935, 57.133578440486, 64.88339206652026, 71.45242548631587, 76.47954520379632, 74.4408254950706, 69.45451087624984, 62.78424347770655, 55.55784293868452, 50.67795297183566, 14.953887672063948, 22.591711539511678, 33.42617187716232, 34.76897646597255, 43.430853291077064, 49.027950254732026, 53.76702262935542, 55.434213534036516, 52.53098469200616, 44.19407338992453, 36.1837827582324, 32.841189645190724, 63.64270997222086, 57.77387483433343, 56.33581725890331, 61.165628207851135, 62.634186402192135, 67.91283607957864, 76.80206953403322, 82.39119000848156, 81.97692960090153, 80.31598610503632, 76.3496098008553, 73.31233968847185, 63.791545924880765, 59.31944466684268, 63.30353104675568, 66.03012247601828, 73.45383890340696, 72.61543989378609, 69.83192227406171, 66.52440434964497, 53.85032361412182, 56.5316522066043, 63.08547614169664, 72.5103168331509, 84.67334198453152, 92.18636400514228, 99.47368909205635, 105.0491007948871, 118.71153328168604, 120.06433351555008, 114.7775480723211, 107.291417575848, 105.04489793814273, 99.82429495248859, 95.9089228674169], [42.52228060072144, 51.09261865142991, 58.4058405078838, 65.60862780022988, 58.13514450567456, 49.48558795852314, 41.12755258127482, 0.0, 9.050647713376597, 16.460468324894798, 22.74683482148272, 28.78367219810982, 22.128844099316055, 13.739550055611902, 5.246775363761727, 39.65800661042384, 47.58238294787772, 55.22830767250377, 63.294961160754795, 70.03258193109818, 68.71029843496854, 61.6765918020442, 54.286689559516745, 44.81901377484955, 37.00811954014477, 19.735345445633982, 23.125180907891966, 28.624328458157144, 33.60309973594701, 38.1421496019033, 34.85296347930668, 30.17560262030212, 24.75784978955178, 18.640569688001143, 15.938572576142006, 30.183368745779536, 32.15260870697353, 40.606260688858924, 47.962079825034635, 51.130784021245304, 50.650493004102195, 48.617388044102185, 42.72480093584877, 33.433374753674265, 30.942519013499954, 19.524146383654802, 14.256126967617996, 75.97002028571613, 67.63764878075202, 59.86841308260877, 58.79751129203279, 55.98540750085684, 56.267465685654585, 62.361933262121276, 73.0798627611039, 75.95584144107893, 78.6480284202515, 79.59918867860735, 80.17527155600362, 71.95857361882159, 63.63830486297382, 61.252603384177114, 59.24635065264642, 62.47667022239336, 66.70541799021721, 68.79956051375028, 71.29652725301118, 87.2488710143598, 90.44242007994966, 94.01328154189223, 98.23193150069848, 107.27995161557396, 109.20367769889522, 110.22474133547371, 103.83515468671226, 103.53674410480915, 100.46989957916809, 90.47122283821237, 79.33655084696879, 73.48175907694835, 66.21148211404933, 62.59720638318376], [47.49300135035521, 55.719728168411145, 63.41553146496304, 71.54152069805396, 63.92194353891907, 55.21210926959217, 46.98985332780487, 9.050647713376597, 0.0, 8.616348010382472, 16.84077468705409, 25.437824102547943, 19.16059425179475, 11.422677642045846, 7.338393333443094, 41.48874165129834, 49.85590910601359, 58.17636760307142, 66.87964331825476, 74.23376998876526, 73.27461804657881, 65.73444966616259, 58.025263697459245, 48.41237091827951, 40.14824865821594, 12.118732919919017, 14.090688162738752, 20.160123773436165, 26.33666107380199, 32.2282103804055, 28.908014361005254, 22.882377382492077, 16.377881075794757, 9.857944262157398, 7.369225275114677, 34.62031792485251, 37.34954672317322, 45.881527569690384, 55.24417160133008, 58.51234142410133, 57.07237640998099, 54.49608164147594, 48.78683495660288, 39.17045802450307, 34.82863965750912, 23.85023058839126, 16.854914455179003, 84.29953908336812, 75.48985166001042, 66.78759273524487, 65.257094562304, 62.13016444281837, 62.35561144412228, 68.6519890971201, 79.66930015875417, 82.75563347358597, 85.85324942336747, 87.11749066470995, 88.06137580685093, 80.16468007233117, 71.13822738162709, 68.23997608664718, 65.89198289629464, 69.25791229914856, 73.84372231377104, 76.26244338031309, 79.27309270608687, 91.07148026533817, 96.78595153516206, 101.97379814687125, 106.88997590178703, 116.23550713896786, 118.24058163127376, 119.03278787518155, 111.2694680759969, 109.88894995672065, 106.00254660851152, 94.91682452460132, 82.62913108855626, 75.14500219559251, 65.14832653545756, 57.91988313841937], [55.99976366902044, 64.13328888559181, 71.89896616348936, 80.1418481419811, 72.49746510248404, 63.77405402842856, 55.578946978114345, 16.460468324894798, 8.616348010382472, 0.0, 9.241308512597442, 19.453671008717123, 13.876909545366718, 9.42997114540792, 12.449381566484577, 49.03017565183353, 57.57510292594045, 66.1277785241959, 75.01301753633831, 82.50668292625943, 81.65613187857963, 74.0033610083086, 66.20302709120188, 56.56480222586163, 48.16910648505685, 13.743688362520922, 10.352253694847418, 13.756966542385353, 19.374050566957056, 25.667248946630426, 21.672816361561274, 14.844095324184664, 8.42444781712143, 4.686252345125475, 8.003978478366932, 42.93811173424828, 44.88073500760081, 52.28540277266794, 62.068518995149255, 64.57440904048637, 62.19634004431315, 58.64472322595916, 52.16373556578794, 42.21123851351677, 39.10048647879815, 29.913729306003855, 24.612355315407992, 90.27991555075205, 81.25867445320189, 71.80133594020832, 69.37063681584425, 65.64750993328404, 65.01480708612881, 70.60756914934073, 82.16293965249145, 85.74181988305038, 89.54267313909064, 91.58088584158942, 93.11152071708526, 85.68963104936664, 76.24080267249524, 72.41658292784813, 69.34950899587308, 71.94039288649738, 77.26245177843836, 80.42426951652779, 84.30743858009963, 98.9135552459048, 105.00325395507002, 110.04798799761218, 114.4533249617242, 123.35927632157349, 124.5990211386445, 124.43548823519268, 114.5660403250281, 110.77829160022326, 105.9630406851893, 93.93579323101639, 80.89475798531694, 72.31342368582379, 61.288323904430875, 53.0870678806273], [64.11642269940167, 72.44817727706914, 80.04165668044519, 87.73209767134674, 80.3478774299605, 71.68043775414078, 63.36030574113693, 22.74683482148272, 16.84077468705409, 9.241308512597442, 0.0, 10.857294959001305, 7.76639597668365, 10.543471334049803, 17.714587758608495, 58.06472074831865, 66.4579546613258, 74.77837791941717, 83.4033768236255, 90.54284638351132, 89.71401129969213, 82.43170270915763, 74.8117901851044, 65.23526654213747, 56.96701546887558, 22.521771988554296, 16.6395359860329, 13.916910684862572, 14.633070910604824, 18.84111655502898, 13.870553633589903, 9.068585963188033, 9.34866460017376, 12.644172714749825, 17.11585497617472, 51.37408402252059, 52.829917888160004, 59.379584020308805, 68.10580399963871, 69.6722777178739, 67.02661471276772, 62.68685896948027, 54.89099900010852, 44.762014499989554, 44.87971004992734, 37.0447693742732, 33.16146263699124, 94.08366469477617, 85.41643318981362, 75.98151334833692, 72.75495228078897, 68.47480176579822, 66.48137743461527, 70.40465218449829, 82.6013900656071, 86.80658898175444, 91.28721868383464, 94.18971872323358, 96.1461086564725, 89.03317691889575, 79.89951456124993, 75.29614424009173, 71.48603252038576, 72.45432522508644, 78.644897238357, 82.64643268886857, 87.22710883899101, 106.05306966381985, 111.02037777338852, 115.14419199100602, 118.56630226862417, 126.90578608064277, 127.34296901199478, 126.29361668243692, 115.18076904039349, 107.29709867281073, 101.37618858835273, 88.2458445967928, 74.43232664132546, 64.97349500844552, 53.78156188296024, 47.17980385390742], [70.8493252050707, 79.45068133001939, 86.670334499488, 93.34925300705304, 86.41950367262861, 77.92600542864469, 69.50998376120747, 28.78367219810982, 25.437824102547943, 19.453671008717123, 10.857294959001305, 0.0, 8.157747130789671, 15.991943000168087, 23.633679862386753, 66.79039598556066, 74.85125128657741, 82.65290363535047, 90.72132796880726, 97.18529543535163, 96.2812753512211, 89.6702261420784, 82.41606499597378, 73.00320029131815, 65.05503494953932, 33.07792832805383, 27.224965530166813, 22.389026228141525, 18.3492460221432, 17.1317022384076, 12.430898197618587, 14.831838564598256, 19.637185901046852, 23.367739420166494, 27.45071701008049, 58.803070989590175, 59.8380081168121, 65.66749259760907, 72.38915569864604, 72.95161868958655, 70.56794677097962, 65.7321725323705, 56.50219868683299, 46.53540909841924, 50.723464500012916, 43.90354416473027, 41.31032363658214, 95.07539380801842, 87.21581513702122, 78.46276996265856, 74.65174219904677, 69.96601489308567, 66.417845341631, 68.02912902965633, 80.77783136114559, 85.61039295816889, 90.63276038048235, 94.348031380727, 96.54377409459074, 89.63924262558541, 81.42229849509485, 76.28432065722147, 71.84319321616132, 70.67950247809415, 77.69111076706314, 82.48020251268592, 87.51221332714103, 111.65219390384661, 114.34219372021714, 116.86018170868374, 118.91910258571829, 126.5275647477146, 126.1375265591795, 124.30561774365825, 112.81092208716599, 99.96312270814882, 92.95148264690535, 78.75201750027101, 64.28193136097391, 54.3711656377487, 44.48223031914476, 43.05637631898799], [64.62800924452584, 73.17827530226018, 80.51768126634796, 87.49211810363717, 80.18117100741935, 71.56448603268052, 63.199464458639696, 22.128844099316055, 19.16059425179475, 13.876909545366718, 7.76639597668365, 8.157747130789671, 0.0, 8.579206801964967, 16.914108903088273, 60.308890842871534, 68.66338078207563, 76.70664000150327, 84.99242206991762, 91.74271130673813, 90.61442518624474, 83.62807927618432, 76.14789017214869, 66.58006872512864, 58.45680544746405, 27.486545173750827, 23.30590374004295, 21.61566186382943, 21.11625590545968, 22.907458567886465, 17.806837764755596, 15.952481735416688, 16.78862681963269, 18.14291290593812, 21.56610244571561, 52.015120333584484, 52.18868575841247, 57.675421009557105, 64.93852654288806, 65.66237372102009, 63.05202217591768, 58.34863816988225, 49.64400402706593, 39.55087463134644, 42.630699109246294, 35.90959208171435, 34.10471435421669, 88.86034431048412, 80.51227297139984, 71.34037138150805, 67.73241630407779, 63.21808135583766, 60.43290847358696, 63.429732563614934, 75.84597901108678, 80.29540922587105, 85.01007914204607, 88.31237634617811, 90.44675265832142, 83.52823167166723, 74.74021471537321, 69.78047761179516, 65.63274223237218, 65.68301172662979, 72.21619365864582, 76.59361107020375, 81.48215346039066, 107.55729985131786, 110.2606826195991, 112.49017308545123, 114.6590287342133, 122.16199463783795, 121.71850781187865, 119.9571700827941, 108.27057934166531, 99.5947886988377, 93.82405873669221, 81.17186264355331, 68.10770854011842, 59.81142789129882, 51.84094812758229, 50.04617872336873], [56.195418124502744, 64.70427716923872, 72.10551797154757, 79.31729296545348, 71.84857186975289, 63.182580559711134, 54.84254474389569, 13.739550055611902, 11.422677642045846, 9.42997114540792, 10.543471334049803, 15.991943000168087, 8.579206801964967, 0.0, 8.550985670456946, 51.898068754322374, 60.25880200788247, 68.31777048218572, 76.65692519170636, 83.5352457659134, 82.33390120108957, 75.19097239643239, 67.64896905770406, 58.054487307242574, 49.9222758054684, 21.43692674364707, 19.751419094392837, 21.561412834092852, 24.21027727771747, 27.90467113952044, 23.45240347742278, 19.3831143393813, 16.30937628025971, 13.849189551518096, 15.451468887634826, 43.44463624136248, 43.92669024618569, 50.215691732833044, 57.92871395836346, 59.46947098256095, 57.34594377330919, 53.42999498701171, 45.69272819504628, 35.560639609815304, 36.36300702466444, 28.16679348795308, 25.60445631203057, 83.7052352915214, 75.15071003686782, 66.16777840262546, 63.36794033629951, 59.38922853747395, 57.81437003756884, 62.294161342216924, 74.1614638026344, 78.02377836154096, 82.04144457172121, 84.49837486678972, 86.14570224125023, 78.79467647827796, 69.89031355917179, 65.73551468089043, 62.310164089727074, 63.77394265471081, 69.48630182517775, 73.05283514405828, 77.19093157139356, 100.0499629465328, 103.18608241331624, 105.9594700406125, 108.89734938967416, 116.93022546694756, 117.27205489223678, 116.43541293914583, 106.33666185141375, 101.36721796561447, 96.71612291724797, 85.17517742499288, 72.90665768444325, 65.58973235133666, 57.79387233767363, 54.737267742703274], [47.71646652922619, 56.270252938403914, 63.612449397663354, 70.79989310042404, 63.374326464986005, 54.7304073271818, 46.36862979882196, 5.246775363761727, 7.338393333443094, 12.449381566484577, 17.714587758608495, 23.633679862386753, 16.914108903088273, 8.550985670456946, 0.0, 44.24718212269256, 52.32906445051061, 60.12644934070904, 68.28853420822986, 75.05852120032823, 73.81826000724396, 66.77979097805724, 59.351365345604655, 49.844181508353095, 41.9091830459545, 19.263613795552562, 20.722522824886987, 25.032821586476587, 29.314427576665164, 33.60299845679884, 30.009896974428287, 25.53498538094058, 20.766065241310933, 15.563205688408223, 14.259671852596156, 35.273780603995, 36.778095357115994, 44.44339654087695, 51.931186231928585, 54.46950458994503, 53.379466251838885, 50.60049131588077, 43.89374516533472, 34.134806253653714, 32.99888926244862, 22.691541685527582, 18.393557121628163, 79.06684061740944, 70.67653015418172, 62.463602216460714, 60.72199883072637, 57.44097050244059, 56.9707867634981, 62.403505753511105, 73.63395234336956, 76.9131236954198, 80.12197843990458, 81.6598223973127, 82.63162754823234, 74.70174298770087, 66.19068903814876, 63.119634261995444, 60.549206733346274, 63.04348476285989, 67.88234337386915, 70.56313440542245, 73.68439651262999, 91.85098671607895, 95.07710815707723, 98.43245940383031, 102.19864776636541, 110.91902017042675, 112.29790568176497, 112.66138813242235, 104.97458914183493, 102.65790294210414, 98.92990683480106, 88.23800820524855, 76.55658963827561, 70.06754294958809, 62.40603186558428, 58.87265842293624], [17.83049046841985, 20.920667398393437, 28.878425474455852, 40.472155156388936, 32.2941343897106, 25.331307398458907, 21.82322097709346, 39.65800661042384, 41.48874165129834, 49.03017565183353, 58.06472074831865, 66.79039598556066, 60.308890842871534, 51.898068754322374, 44.24718212269256, 0.0, 9.616131817800799, 19.394619542834064, 29.526217758159966, 38.990576897510316, 37.95976123094585, 28.16683387691879, 19.63950948017931, 11.163638716018937, 6.281467356944235, 38.464130020192826, 46.85689743977399, 55.80338697208954, 64.05959250643247, 70.91296122510941, 68.9120533315246, 62.24508808650429, 54.36389715822049, 47.190580925353885, 41.99455248375402, 13.951228092839926, 23.948639203361033, 36.08550509760113, 46.15244786341051, 54.582818060252215, 56.57084422955883, 59.668978528247806, 61.70623216619953, 57.114106532288865, 43.160700021143995, 34.006554424624674, 27.153970370902044, 79.91996022818032, 71.70477645465638, 66.27476076820514, 69.67480714893846, 70.22434752265907, 75.91070307827827, 86.5106793634547, 93.16177882015806, 93.19527408611427, 92.62421067528393, 89.49993531274482, 87.76883865266927, 79.1960471678447, 71.52425627958067, 73.68962515668511, 75.46765007716886, 84.13609607543526, 84.24080147846777, 82.35652416861909, 80.92866085389247, 60.869533382072014, 72.93290093402251, 83.70351826971648, 94.1864849617923, 106.25796559105856, 112.98941582569016, 118.82628469420929, 119.35129325908821, 132.8376123847715, 132.8798719528666, 125.73310800327107, 116.18739497944986, 111.29455291894975, 101.87691228395187, 91.78675128718757], [15.915301686060305, 15.187763877844663, 22.03641856872945, 33.94224272944858, 26.855534567869583, 21.8942603284644, 21.24914977764713, 47.58238294787772, 49.85590910601359, 57.57510292594045, 66.4579546613258, 74.85125128657741, 68.66338078207563, 60.25880200788247, 52.32906445051061, 9.616131817800799, 0.0, 9.953654734133895, 20.258336036898147, 30.02397112660141, 29.343202355293503, 19.541510109768826, 11.696198436059644, 7.777090166550854, 11.847682525600055, 47.22332273579733, 55.27506649125034, 63.78156295667629, 71.7795924648435, 78.34671483862287, 76.7586334739521, 70.46188462053716, 62.86732140430099, 55.870938721404016, 50.731531501711814, 20.14974237738272, 30.516258733218166, 42.056127746994086, 49.93021974461336, 58.90815388381185, 62.10180606368655, 66.12685021703972, 68.72279131567788, 64.75636442625743, 51.45934221742534, 42.66821092502568, 35.96609783775061, 82.11012193367544, 74.86599539794491, 71.04010097617336, 75.3234310572691, 76.46198098922505, 82.48204693121272, 92.89800192725704, 98.943349248197, 98.58219927132568, 97.33606946592202, 93.46751121179211, 91.01483170287021, 82.21080852254296, 75.76463857778425, 78.96898730496243, 81.37373348276185, 90.08993025074066, 89.59002573753837, 87.05006569532776, 84.57634534137527, 52.15385331160264, 66.03771009852782, 78.9326563723594, 91.08194472906095, 104.14197779768551, 112.48542972812027, 119.90734047552344, 123.42809081341845, 137.8195203805356, 138.26874147877203, 131.42689837241218, 122.04884900916, 117.4077568717641, 107.77148865414316, 97.51537288847987], [17.22526387276323, 12.01159652384699, 15.533909777999034, 26.80773262980443, 21.704543086191517, 19.95428658588891, 22.536085917737026, 55.22830767250377, 58.17636760307142, 66.1277785241959, 74.77837791941717, 82.65290363535047, 76.70664000150327, 68.31777048218572, 60.12644934070904, 19.394619542834064, 9.953654734133895, 0.0, 10.339523259509308, 20.26109242755052, 19.905767700204333, 10.638199363254902, 6.463985411527009, 12.21333109273838, 19.987761502124773, 56.372250514212986, 64.14295989231518, 72.21977095485812, 79.83645389157671, 85.97598977356245, 84.69750947778317, 78.86188082438746, 71.59916037750276, 64.70484951948339, 59.62218572489296, 27.250034947531812, 37.31470811601262, 48.12936862678846, 53.41655813876252, 62.66417500899638, 67.10459722679342, 71.95853889994747, 74.91797361167677, 71.59561526572533, 59.34425003933222, 50.883204069147546, 44.55455589006425, 83.17936277693524, 77.1253212483017, 75.09335501349797, 80.18836273187895, 81.87613977450627, 88.07604837117891, 98.1064026066586, 103.51640735235974, 102.78431074476103, 100.86529676935582, 96.30330522181023, 93.10972191973282, 84.09975127450268, 79.1040542341302, 83.31509219197774, 86.30153164778045, 94.86504203871341, 93.77837267169235, 90.6218777231949, 87.09066420149533, 43.00948551502716, 57.884099454584884, 72.63546821783744, 86.33103910714945, 100.29922364043942, 110.2493491626284, 119.28017003652943, 126.04003849383537, 141.15042294497724, 142.0845660088386, 135.717318300023, 126.72524172866424, 122.58857982007981, 113.24715117151811, 103.58238324284687], [22.650671057052282, 15.35778961470618, 12.915133690500848, 20.755304881972826, 19.36210027620521, 21.815703272445422, 26.90929849199018, 63.294961160754795, 66.87964331825476, 75.01301753633831, 83.4033768236255, 90.72132796880726, 84.99242206991762, 76.65692519170636, 68.28853420822986, 29.526217758159966, 20.258336036898147, 10.339523259509308, 0.0, 10.123724394252985, 10.369013850518574, 5.733557080306866, 11.84481745246021, 20.767477765648675, 29.239682159993407, 65.91048010337877, 73.44674328780704, 81.14049048282756, 88.36146103325196, 94.05177077196188, 93.01488915392108, 87.63609989131992, 80.6962318896955, 73.88347974646955, 68.86501634872097, 35.4958765357496, 44.95955378531183, 54.941400150836564, 57.689169081785245, 66.94887715461013, 72.5175174463722, 78.067243856101, 81.286567072146, 78.60023943269509, 67.4909867928071, 59.393025907383915, 53.51223935298074, 84.40528507160334, 79.67330437412679, 79.46591082164068, 85.26607570438334, 87.45071935479943, 93.73235667662031, 103.27181821053937, 108.01981697849259, 106.93574347234583, 104.36859948061398, 99.171032098432, 95.26073813149135, 86.1330058836582, 82.68637068036116, 87.82209749061384, 91.3308342250782, 99.62895812217842, 97.98209860914578, 94.25839700596248, 89.71319053795158, 34.069549891535594, 49.40674790987128, 66.0260089445894, 81.26756075329692, 96.08086426998062, 107.66062604499298, 118.31554577424008, 128.40647825155054, 144.143631912694, 145.59848806777174, 139.8038862342252, 131.3217444235046, 127.801983385013, 119.00120899084531, 110.23843216777915], [29.05152468522127, 22.030657433974955, 16.282685451403495, 17.28942731907642, 20.774184660702257, 26.117882105452217, 32.15568269916554, 70.03258193109818, 74.23376998876526, 82.50668292625943, 90.54284638351132, 97.18529543535163, 91.74271130673813, 83.5352457659134, 75.05852120032823, 38.990576897510316, 30.02397112660141, 20.26109242755052, 10.123724394252985, 0.0, 4.549204157659338, 12.582500118237629, 20.709828810875358, 29.472418740233064, 37.94373669545811, 74.2559429321507, 81.48674116973291, 88.71512393594013, 95.43733167468393, 100.57961318951085, 99.78262744823165, 94.95356984165963, 88.42264562955603, 81.7323713017364, 76.82050073402675, 43.1764656177567, 52.32246333319609, 61.773957741607084, 62.12987942666554, 71.15872708233938, 77.74211321415817, 83.7367972576258, 86.84564836029529, 84.59824397663891, 74.93430228956822, 66.96344855438336, 61.362280743583305, 85.46026441487628, 82.13838154589708, 83.67352567396006, 89.95232046628787, 92.46432226992853, 98.55879747362388, 107.34113442998668, 111.61012515343286, 110.31941866756007, 107.2560368650609, 101.63473123527501, 97.09622214204416, 87.83211767054442, 85.99441106032837, 91.83488314350828, 95.68146786125098, 103.40185070177283, 101.38966637989999, 97.29427715005156, 91.89815103082583, 25.751177539013977, 40.24255058182404, 58.80683143824674, 75.49643722389926, 91.17565052394706, 104.35117732196547, 116.55476724805486, 129.959086914935, 145.4097714813947, 147.23787017542222, 141.9002847518935, 133.89317463524725, 130.98912863665862, 122.8404145230998, 115.29637518454922], [26.9239991649364, 19.50322175689086, 12.734622196869056, 13.325017847583208, 16.723739663337565, 22.84409739857629, 29.566441697114975, 68.71029843496854, 73.27461804657881, 81.65613187857963, 89.71401129969213, 96.2812753512211, 90.61442518624474, 82.33390120108957, 73.81826000724396, 37.95976123094585, 29.343202355293503, 19.905767700204333, 10.369013850518574, 4.549204157659338, 0.0, 10.545975881503757, 18.926452275138676, 27.803405533014153, 36.41773755937975, 73.60629539238712, 81.04948238311549, 88.49834507141988, 95.27470487269136, 100.43340057653336, 99.3922774505359, 94.48421608919737, 87.84271603047878, 80.97919712083299, 76.01401578915367, 41.2726511880452, 49.539141613089924, 58.412902989951746, 58.20737151513741, 67.21063038936177, 73.93224762780743, 80.12248484273165, 83.52835561259589, 81.671488068589, 72.15032085503101, 64.71258225451835, 59.85831450235585, 81.20783319736941, 77.9021966297236, 79.63034226639785, 86.06540052146849, 88.73664605278805, 94.99414285518405, 103.89613299901613, 107.84951365995921, 106.40660234399927, 103.19751412821422, 97.43742372284426, 92.84926981116233, 83.67634245655039, 81.90150943716745, 87.91690815516179, 91.92597541925296, 99.83159100962291, 97.58634515743657, 93.31830825857749, 87.79424287901368, 29.342392700859435, 40.270449740098876, 56.7636947632805, 72.79600216595387, 88.02202532078664, 100.76067481891234, 112.70861252592213, 125.8659853113756, 142.45815357571445, 144.64783804699283, 139.84307015609568, 132.34720263013176, 129.9234135513493, 122.66510721139348, 115.97625705706565], [19.780625045744408, 11.437016602089638, 8.108758539979412, 17.63088211911384, 14.626181464031582, 17.41918336743589, 23.50497006400936, 61.6765918020442, 65.73444966616259, 74.0033610083086, 82.43170270915763, 89.6702261420784, 83.62807927618432, 75.19097239643239, 66.77979097805724, 28.16683387691879, 19.541510109768826, 10.638199363254902, 5.733557080306866, 12.582500118237629, 10.545975881503757, 0.0, 8.725909899794349, 18.313663705070628, 27.12410356639231, 65.15155423012074, 72.98793268415322, 80.99084879035533, 88.290896975569, 94.01250734213635, 92.6418126846193, 87.14236916949734, 80.04305380993682, 72.99316488377919, 67.90076557392214, 32.910606264341745, 41.08988870545776, 50.32291622463918, 52.55593393177914, 61.83582814223853, 67.50854594783598, 73.31114450482433, 76.97072914088348, 74.79204883259678, 63.73050667868119, 56.37709233685615, 51.56059179665108, 79.18348499643844, 74.34890663347905, 74.24402182505052, 80.23162086504651, 82.61587888677676, 89.15108657858066, 98.91946471444896, 103.27389244359587, 101.99610709182383, 99.26461338681155, 93.90661986479836, 89.97719019771326, 80.98864565211463, 77.48603273698019, 82.80914335152818, 86.52012003396344, 95.12497910261395, 93.18598443726268, 89.25235870607241, 84.59904625245466, 38.02734749220526, 49.90387452933618, 64.13886779162003, 78.45855945154526, 92.6154430908097, 103.54005386723072, 113.7698699226451, 123.3449278489867, 140.59498235910422, 142.5024313418484, 137.3816089474105, 129.54697354858556, 126.62965831914423, 118.96825069329233, 111.29707471495789], [13.789568353208521, 6.709083043182804, 10.869263893523241, 22.949351454532586, 16.42011820159301, 14.517735199906149, 18.39616326043072, 54.286689559516745, 58.025263697459245, 66.20302709120188, 74.8117901851044, 82.41606499597378, 76.14789017214869, 67.64896905770406, 59.351365345604655, 19.63950948017931, 11.696198436059644, 6.463985411527009, 11.84481745246021, 20.709828810875358, 18.926452275138676, 8.725909899794349, 0.0, 9.86261165099965, 18.646676868235716, 57.021806255907556, 65.0826639772774, 73.41044825107915, 80.98181397646101, 87.00987018673524, 85.38231065175023, 79.54595125063491, 72.19768025077998, 65.03481523319277, 59.88532652627041, 24.997384851847944, 33.46345853911837, 43.43938965579598, 47.71608734359584, 57.02468758475833, 61.806834473986044, 67.06202628974334, 70.50568868725473, 67.85188888714306, 55.93773684977739, 48.35997519873191, 43.4494042472852, 77.0489853478925, 71.07052527823645, 69.42389083971858, 74.83214005073422, 76.80808538948449, 83.2743599176089, 93.443053151225, 98.34355907744074, 97.36310823108388, 95.17736523151548, 90.3687262111149, 87.05013846232679, 78.13344800035313, 73.314030433336, 77.86402806271765, 81.14467833389584, 89.96451698317561, 88.48663725863527, 85.02994064699202, 81.23576347279987, 45.26364332628775, 56.62918523656338, 69.0954294466954, 81.9321879317349, 95.29236361823116, 104.72945432864677, 113.50689999301278, 120.22159761953365, 136.94346351203117, 138.45764109420514, 132.94128372362383, 124.78518134054345, 121.48109416638383, 113.63194935845729, 105.57777382281219], [8.901789289354696, 9.764961514663387, 17.809478394195548, 29.332322192405993, 21.202394989701848, 14.868506542646372, 13.837002002596842, 44.81901377484955, 48.41237091827951, 56.56480222586163, 65.23526654213747, 73.00320029131815, 66.58006872512864, 58.054487307242574, 49.844181508353095, 11.163638716018937, 7.777090166550854, 12.21333109273838, 20.767477765648675, 29.472418740233064, 27.803405533014153, 18.313663705070628, 9.86261165099965, 0.0, 8.829169357905474, 47.49038403618962, 55.6728788936536, 64.18194903886183, 71.84347175171858, 78.0017836842022, 76.12304012504933, 70.1182536183243, 62.659559825708854, 55.3994623087416, 50.228608415855774, 15.458795611025424, 25.21065628499036, 36.67758081634982, 42.92956865611051, 51.972675303816814, 55.84280797547076, 60.2447588645519, 62.891930733358045, 59.4501559897123, 47.24986485053791, 38.91509684494578, 33.61723698429638, 74.52726454457824, 67.55266829413947, 64.3517457300249, 68.91591353522179, 70.26341884124554, 76.28124332608708, 86.47706813381458, 92.20529867678638, 91.71893981181601, 90.26214848178921, 86.25865764781932, 83.62815891244723, 74.69215448586053, 68.68863933455114, 72.21678520269595, 74.83472610112193, 83.43084543119339, 82.67673637034211, 79.94344112140425, 77.18005724137244, 52.70103478041703, 62.65024724825703, 73.21883186349179, 84.39291448589013, 96.97613716748516, 104.88267275073459, 112.13639527296841, 116.0544580374004, 131.0409281864949, 131.96704318644265, 125.87506078538513, 117.31643147303903, 113.62093458182243, 105.72133613678443, 97.7585408103263], [12.91092125962896, 17.871687920019586, 26.094593372691993, 36.98893478906718, 28.463480901619974, 20.65775153479456, 16.078437385086154, 37.00811954014477, 40.14824865821594, 48.16910648505685, 56.96701546887558, 65.05503494953932, 58.45680544746405, 49.9222758054684, 41.9091830459545, 6.281467356944235, 11.847682525600055, 19.987761502124773, 29.239682159993407, 37.94373669545811, 36.41773755937975, 27.12410356639231, 18.646676868235716, 8.829169357905474, 0.0, 38.96051458074694, 47.31751975766809, 56.08861468593162, 63.931968501522455, 70.32537824118037, 68.17660131929024, 61.893747267012984, 54.24773700308037, 46.892608501288926, 41.690288991184445, 8.527263516705816, 19.65886982965005, 32.39908965983237, 41.0046480168007, 49.48113869033407, 52.13633290605332, 55.50059220983839, 57.33129273398057, 53.00360027272209, 40.25092616346127, 31.050833887098687, 25.090045751968848, 74.25668095785231, 66.34900712081993, 61.50678544482483, 65.10424997194677, 65.76732285485711, 71.31677734200265, 81.57794823947633, 88.11216053119755, 88.1156019487788, 87.4107313959033, 84.22972486097996, 82.32908478858943, 73.54463933445524, 66.3387077120159, 68.74092160865054, 70.6360072311665, 79.02678149041913, 79.02006922164685, 77.04463795905166, 75.38049176759628, 60.16955578927897, 69.51794409824258, 78.76164246278404, 88.56584628997014, 100.3899772751627, 106.90829467751679, 112.72129318849043, 113.83796681537052, 127.23480049587889, 127.5565698815566, 120.86307123557448, 111.85327988176573, 107.65923558124958, 99.5239157351577, 91.33581058254919], [48.79643277928189, 56.08495122644392, 64.18183863768151, 73.7534649369876, 65.74884853425145, 57.12805030413483, 49.523855152271935, 19.735345445633982, 12.118732919919017, 13.743688362520922, 22.521771988554296, 33.07792832805383, 27.486545173750827, 21.43692674364707, 19.263613795552562, 38.464130020192826, 47.22332273579733, 56.372250514212986, 65.91048010337877, 74.2559429321507, 73.60629539238712, 65.15155423012074, 57.021806255907556, 47.49038403618962, 38.96051458074694, 0.0, 9.018542460817548, 18.984261792875145, 27.90278744019773, 35.849837316219414, 32.91836522467704, 24.976931531544743, 16.46588653369581, 9.97050368443044, 6.019724928191984, 35.56936143955251, 38.98706165256733, 47.80197680599117, 59.95381727528414, 64.06605742260612, 61.85694149623427, 59.554970821028384, 55.59187090751605, 46.53709560352445, 37.659074454852714, 27.27820053399335, 18.863241267316944, 91.58073153076535, 82.00017431943752, 72.39017811363159, 71.1238