{
	"dissimilarities": [[0.0, 7.4454692941554095, 16.21913732954185, 26.853634741245312, 17.49080348198235, 9.870451748894983, 5.764329422713622, 42.72082236100856, 48.53169314164858, 57.01929460078638, 65.22580160168977, 72.03264672618701, 65.70484640735184, 57.26260128435077, 48.935190959825526, 16.777158256128182, 15.322348958026673, 16.982130844518718, 21.940667668493795, 29.6500243364714, 25.842919815589315, 18.393114174695977, 12.244675510760956, 8.736052881211627, 11.210967721040808, 48.97795063411806, 57.552056495277476, 64.50739277007345, 71.36959978263413, 76.35364127897965, 75.96824233406493, 70.73773034172697, 63.858842595782725, 56.7128989084908, 50.46814154833541, 17.39708043167304, 26.035909227892944, 37.90090339586615, 39.419348567438554, 48.44572756163867, 54.15325740070159, 58.22715349943312, 60.19893505665971, 56.864383076962156, 47.925666446292524, 39.4324193959991, 34.49911773080451, 68.9106845035617, 62.06415645204203, 61.2887586026976, 65.1956207352477, 67.54174416580618, 72.6778957920227, 83.16344138050412, 86.99093871704831, 86.55119106508177, 84.82015507419453, 80.72241994905235, 77.61720210668469, 69.13581552894624, 64.1133083739001, 68.24903572791602, 70.9005789484827, 79.93254227634301, 77.20238075992161, 74.3387245100081, 72.04344717357083, 50.93662782185454, 54.41822006997018, 66.17222318657862, 77.57339353659815, 92.86185430371697, 99.08272885368658, 107.99163018663452, 111.5776828628393, 125.85996302641317, 124.54433888677688, 119.72061157293273, 111.04628182676025, 107.83071968902168, 100.16799390138117, 96.2959766756677], [7.4454692941554095, 0.0, 9.393284731180724, 21.66550418684887, 11.97034360293492, 7.684607297147917, 10.813076464181368, 50.125379082296455, 55.8356050934586, 64.27584194193791, 72.56788462999222, 79.46830882396925, 73.11255042501689, 64.65739886526998, 56.34294417181574, 20.4186593240346, 15.542731129289795, 13.16338044769477, 16.15793264785523, 23.638119110820327, 19.251492942072414, 11.411643558966823, 7.049554317380213, 10.00100490479157, 16.618501731773776, 55.6550306997859, 64.40843918476575, 71.4618279486007, 78.46725018230343, 83.57561648698373, 83.25032161940409, 77.92924747676396, 70.93979247499747, 63.76617767331862, 57.51255326940125, 23.94346193406104, 31.086308778488224, 41.546545491156074, 42.252155287957315, 51.53831019380247, 57.670078267310934, 62.469842619986714, 65.45393128541532, 62.90672992884131, 53.470290749674014, 45.87535929346059, 41.490929971485635, 70.35580933120681, 64.07467189513139, 64.26447343729274, 68.89065874391028, 71.75600537624317, 77.37971975021327, 88.19003748696814, 91.28972253925089, 90.36804237633146, 88.03790146261778, 83.24445152379838, 79.66080686501172, 71.2210828074803, 66.94418772874928, 71.87004019195308, 75.11071613154934, 84.6028779228038, 81.28082987858808, 77.77178746669617, 74.6753350755253, 46.46746119050152, 50.74110487908514, 63.64276090781073, 76.2485347756744, 92.01039754655764, 99.16618485342609, 109.0690114025373, 114.23299672768636, 130.76394271065078, 130.09051316286303, 125.86013246103973, 117.65171472985773, 114.78871787814853, 107.24452873734333, 103.09057374788752], [16.21913732954185, 9.393284731180724, 0.0, 13.344727198291954, 5.558148569545798, 10.767964312569482, 17.764685404944945, 58.610264781519724, 64.68683806486642, 73.19927053548147, 81.32082236736659, 87.81764745591835, 81.63853444148974, 73.23917093055434, 64.8532475965447, 29.402890506868708, 22.93437232889889, 16.590573147560452, 13.899141208842329, 16.84016446871307, 11.58932206608277, 8.326705213473694, 12.126125355347892, 18.84955154311858, 26.006947984368193, 64.9493451711565, 73.55820852271825, 80.4219282232496, 87.21497874985177, 92.12234013859022, 91.8408572364812, 86.8016391132757, 80.0017918009397, 72.89727177727174, 66.6617799178038, 33.03928487258117, 38.9081867217965, 47.910319699199206, 46.21044268166335, 55.396833083620386, 62.56851199391165, 68.17973223711326, 71.5428260942373, 69.79197666867857, 61.19992217719198, 54.34774595128442, 50.56099548320503, 70.80879661151253, 65.98645902346323, 67.93725597909791, 73.37787475599974, 76.74796370958303, 82.54987616494849, 92.98563475534698, 95.32861801946267, 93.96429548599382, 90.89161726326081, 85.36238918379019, 81.03175364044951, 72.49361627985476, 70.08592323776863, 75.98875826327512, 79.80899210725558, 89.00605921011935, 85.0469300741613, 80.86796802585411, 76.74719202814656, 40.52884489099247, 43.362762604536854, 57.02859981018657, 70.96494628394274, 87.45244556368235, 96.0579011517579, 107.37922412677905, 115.5975543495314, 133.7396952222436, 133.91978993890643, 130.44005186279597, 122.98211061797639, 120.85122975570188, 113.99223034039021, 110.54247476669303], [26.853634741245312, 21.66550418684887, 13.344727198291954, 0.0, 10.893511781934832, 19.41129258935677, 26.25974254073785, 66.43440586934359, 73.35154015995029, 81.97473417448786, 89.51256212596604, 94.89066504043863, 89.19409287173977, 81.04166272774168, 72.61166789638138, 42.040235753050446, 35.82970727318109, 28.695441631277, 22.994979099599764, 17.383425904325563, 14.037161188572922, 19.725549567123572, 25.38507796574149, 31.600660774660916, 37.77197254830965, 75.38639496226055, 83.4240596943039, 89.72155415015148, 95.79446052577715, 100.01892478638548, 99.7238433685864, 95.47677728056351, 89.29192125666228, 82.41391541384539, 76.27950306203856, 43.47617493889662, 48.2959369768957, 56.11111793390456, 50.49116063659014, 58.935044735158726, 67.73189873528108, 74.0032946571454, 76.6560029025394, 75.58527628574713, 69.63431018689825, 63.28903279324396, 60.21330136059674, 68.84122686383029, 66.64632181003348, 71.11816631495209, 77.22897284572552, 80.90471441992091, 86.28980709420024, 95.22310155144247, 96.94300401283847, 95.34258213481799, 91.52850567908382, 85.4716134411967, 80.18983304354677, 71.38225799771826, 72.23903307559893, 79.07716216237989, 83.26023079668104, 90.92181536120958, 86.4509690988943, 81.78578680220636, 76.59865717390582, 36.21861075827878, 31.30757129978361, 44.12817331292686, 59.25936179642876, 76.83565810939868, 87.41194522120809, 100.47258557709911, 113.45536814071934, 131.5268137161628, 132.7208169207086, 130.1395492653025, 123.83818946420064, 122.98378688406977, 117.7618417058312, 116.59488787957045], [17.49080348198235, 11.97034360293492, 5.558148569545798, 10.893511781934832, 0.0, 9.253489480661333, 17.193970027442294, 58.38515658988167, 65.08946252110334, 73.68259628741097, 81.57281748690687, 87.60929853123557, 81.43570849204923, 73.10029904687718, 64.65921370470605, 32.204571578914475, 27.033003335415376, 21.778853571319818, 19.35723690461929, 20.319639790341515, 15.146473370521237, 13.813935154080534, 16.479519998581605, 21.822394331067247, 27.898224115412738, 66.34621596956465, 74.8837470226061, 81.695330908295, 88.24391965391801, 92.8424845010011, 92.40279470257194, 87.57510110202675, 80.92296847825618, 73.77791670786577, 67.52683825802865, 33.61169601282855, 38.10376718449304, 46.25080825763161, 42.74017960375378, 51.724289988455816, 59.53720884996752, 65.47428163075435, 68.72989763612966, 67.4768527087259, 59.92732037381043, 53.6990643325252, 50.912190539233166, 65.75609348312797, 61.49212626406292, 64.1922491418752, 69.89928904434097, 73.42392458616237, 79.16455243419617, 89.26369304023939, 91.28546963759482, 89.79059164617699, 86.47717688989604, 80.78536854173021, 76.22637171974267, 67.61191156632134, 66.02234085746386, 72.25946078196854, 76.25574651918689, 85.11512019432314, 80.91365804496706, 76.5284580499587, 72.09623745883755, 43.02201126115372, 41.81661744368106, 53.10249605450029, 66.17419878148579, 82.20754114839154, 90.54577393815944, 101.8578981463722, 110.60017574175752, 129.3853821683667, 130.01860552179826, 127.16383357740044, 120.40810741613937, 119.057237794423, 113.43771002260681, 111.49362742594961], [9.870451748894983, 7.684607297147917, 10.767964312569482, 19.41129258935677, 9.253489480661333, 0.0, 8.500641331205195, 49.549847169215376, 56.28439090858684, 64.85659637731756, 72.80325056073625, 79.02175043588082, 72.64498277668737, 64.26676450178249, 55.84329124548687, 25.1602221889913, 22.47242895600627, 20.78185369957209, 22.325784269800714, 26.991809666462643, 22.152167091033306, 16.80699833533573, 14.267139759182465, 15.725778756527578, 19.904125052052777, 57.66956092591267, 66.30741702955652, 73.283810469148, 79.91878232169773, 84.56291971331422, 83.99103166745415, 78.97677873833874, 72.20391750829914, 64.96230369869444, 58.68470724518096, 24.565681479613733, 29.208502611684448, 38.43086479772989, 36.46692039204084, 45.6261121677354, 52.71247457582794, 58.01443497045613, 60.87658122073004, 59.05806034659015, 51.10754025558093, 44.48587623107602, 41.788127361610044, 62.999962087566075, 57.292853173105264, 58.40184724503905, 63.40712443520249, 66.5004453475891, 72.08008508023629, 82.5125114194789, 85.18607007558623, 84.08760734305352, 81.44650358731313, 76.44735466553567, 72.59245736239646, 64.0229109574216, 60.688241216056625, 66.07018164700786, 69.56485438877421, 78.67470245975176, 75.01126733538068, 71.22156729160713, 67.74314823264483, 49.4959410982296, 48.96118609132603, 58.79089876654349, 70.0577878829794, 85.0574662177779, 91.67193458062374, 101.41661847367207, 107.02505867829444, 124.50478672855984, 124.4487710319352, 121.10108406812836, 113.88202758746282, 112.14194645131045, 106.41172870200528, 104.47224382206676], [5.764329422713622, 10.813076464181368, 17.764685404944945, 26.25974254073785, 17.193970027442294, 8.500641331205195, 0.0, 41.2429288682379, 47.94747905724866, 56.54631973035368, 64.42556773679073, 70.625893808997, 64.3243969854621, 55.95330338638295, 47.523428387245524, 20.93302025021315, 20.93878442539516, 22.364762064950256, 26.215588248949956, 32.27707575271041, 28.22809982493871, 22.049342644185607, 16.98269638680345, 13.963287441700677, 14.430517544570632, 49.860728411658656, 58.22428734546012, 65.03251574688613, 71.52387251193689, 76.08797567138825, 75.51380369701143, 70.593377368897, 63.957301839092395, 56.8033778888604, 50.569125405894106, 17.51184382695012, 24.241050993073898, 35.5105296997454, 35.07635847449342, 43.94317678739645, 50.33933416813788, 54.631055281814696, 56.1916458348729, 53.193647064793424, 45.65073086425823, 37.67262890135267, 33.99423829361029, 63.648566667957674, 57.16499238700952, 56.89528148275044, 60.921871891247115, 63.313363971092386, 68.27626569973076, 78.34500304418881, 82.04879287150477, 81.60218161903275, 79.76970355902033, 75.68064289708408, 72.46065164621534, 63.842950041534706, 59.434379787283675, 63.73712874474953, 66.4357943252971, 75.00362366756944, 72.15780669735122, 69.2414366211842, 66.83949688496627, 53.25196343806679, 53.45230264972917, 63.01217324768029, 73.28687765271862, 88.00586142480682, 93.73708757599981, 102.38045537428445, 106.13884349401873, 120.48713446720959, 119.48815985986012, 115.16230282319265, 107.10778143049261, 104.66336209694494, 98.33574315558761, 96.23436478550451], [42.72082236100856, 50.125379082296455, 58.610264781519724, 66.43440586934359, 58.38515658988167, 49.549847169215376, 41.2429288682379, 0.0, 9.465968549451928, 17.16834069328149, 23.760633653537482, 29.850115483472283, 23.1094517583331, 14.724919681609611, 6.298379343145426, 39.445004749000105, 47.87138770606797, 55.627687412497075, 62.77181160416545, 70.65267520123896, 67.84443212450981, 60.716711241868374, 53.273634202166534, 45.085979871916486, 36.65513226875857, 20.786529417844772, 24.381413952903618, 29.403621651158044, 34.15893437408266, 37.596250017435636, 36.16692113224772, 31.598519166979727, 26.190819177260476, 20.13658724639297, 15.704351070022156, 28.434194805179906, 31.393805678721943, 40.37420936016143, 46.48229495599125, 49.75035262628716, 49.910104432008445, 47.43191060946234, 41.50100853148528, 32.02663475537711, 30.5171257279059, 19.05708394022577, 13.516410738947636, 74.5080159208027, 65.44913333663726, 58.5908582053797, 56.665759651724905, 54.79262965579783, 55.451889580084185, 62.43220706016136, 70.95752220401636, 73.81848557012978, 76.41847330631431, 77.33318553773677, 77.8523978274994, 71.04071354409595, 61.84112823729136, 59.69709364907624, 57.66058768314245, 62.43791578504887, 64.46686885719859, 66.50492660619358, 69.89025958330271, 87.06328443055403, 87.76976941969679, 93.64474784195285, 98.36998821944385, 109.31516262122645, 109.62976058147032, 111.93019884848536, 104.37218515388003, 104.40648140304226, 98.62372695485317, 89.9267035182329, 78.14633342843602, 72.17750147789583, 64.18149218903659, 63.03402542939937], [48.53169314164858, 55.8356050934586, 64.68683806486642, 73.35154015995029, 65.08946252110334, 56.28439090858684, 47.94747905724866, 9.465968549451928, 0.0, 8.639218151185094, 16.81502937450509, 25.27283770604182, 18.57934292692769, 10.70936023320063, 7.0489399536394135, 42.492419196918334, 51.15372152215306, 59.54074667336608, 67.22618112260476, 75.85257199164603, 73.35533561471844, 65.79870741420949, 58.082500265163524, 49.627204207393724, 41.11874689120518, 13.728819382411036, 15.064494737058059, 20.13163364051087, 25.669368874543935, 30.112207631925326, 28.877008006336627, 23.188881548593326, 17.019044931693493, 10.910078764944503, 7.338544384481909, 33.751936302034004, 37.63877398030542, 46.517713404841665, 54.63914425572692, 57.848508446362004, 56.85411283170981, 53.60600471899293, 47.90426432173337, 38.098143238493606, 35.122962575152414, 24.19542291028148, 17.087201235388257, 83.40072933883239, 73.8569588266157, 66.1159424213812, 63.614749003525475, 61.347343868480124, 61.766179413094946, 68.69235334715067, 77.63957747956891, 80.79155551079474, 83.91977662334648, 85.2717206528829, 86.22953120997552, 79.76169996267757, 69.67858596154657, 66.87061336036189, 64.3964991060139, 69.24547369715958, 71.8568810113007, 74.34676892174718, 78.24450633064937, 91.5868203454018, 94.70491632363105, 102.03960569848036, 107.38567879906796, 118.66035129662922, 119.01314812939941, 121.02214647086154, 112.12577240175666, 110.28321803293676, 103.45627576778983, 93.49761429231621, 80.36577742691179, 72.49493051486529, 61.70996567083507, 57.12756387088723], [57.01929460078638, 64.27584194193791, 73.19927053548147, 81.97473417448786, 73.68259628741097, 64.85659637731756, 56.54631973035368, 17.16834069328149, 8.639218151185094, 0.0, 9.098966840742907, 19.21027165411059, 12.882162427488637, 8.377925750179276, 12.222319954578099, 50.067655379325856, 58.86051721748161, 67.48269862060538, 75.34052074420494, 84.15897689321646, 81.75588202366622, 74.07989992778026, 66.2694965922024, 57.74073675250271, 49.229024530402846, 15.515862203682108, 11.450506267595596, 14.121678333884079, 18.734595780076628, 23.10037895517387, 21.514039191374216, 15.134837419775677, 9.309439321170421, 6.0929741242320254, 8.923721069306291, 41.951484559144326, 45.075091630189824, 52.7694625693047, 61.506108816474175, 63.93224101201314, 61.89713078530727, 57.67392064785924, 51.30019629381191, 41.21761060916198, 39.31467437467157, 30.13046666776434, 24.720630919860074, 89.41990436338729, 79.66539478022918, 71.13212594346336, 67.76548692514591, 64.86393372689281, 64.51638896952876, 70.64006562657885, 80.14816694500851, 83.78739242322159, 87.63998738497588, 89.77667085238903, 91.34235652687362, 85.38615305646518, 74.73791775534353, 70.97404666282344, 67.78416336912969, 71.89750864889973, 75.33433234240934, 78.57600506032139, 83.27650401704562, 99.45091739577238, 102.9948260000268, 110.16007515966169, 114.9964716568016, 125.76032487076297, 125.39720425118894, 126.45715797454845, 115.59190502053838, 111.21076344341255, 103.38395302218598, 92.49536272466628, 78.5520648731938, 69.51055423710412, 57.72580678792854, 52.21542651254571], [65.22580160168977, 72.56788462999222, 81.32082236736659, 89.51256212596604, 81.57281748690687, 72.80325056073625, 64.42556773679073, 23.760633653537482, 16.81502937450509, 9.098966840742907, 0.0, 10.832075638782344, 6.6706096667188515, 9.967225094869784, 17.709338817419834, 59.01740874831403, 67.68344382226311, 76.10135933386016, 83.74161050371987, 92.15691894117413, 89.85856184807253, 82.5167907922281, 74.86237822607731, 66.41518514587824, 57.91593383782112, 24.04318499799866, 17.350244297340858, 15.153883922895014, 14.95088739946342, 16.64378121064306, 14.176316209530913, 9.974054118493894, 10.351976297777977, 13.400467590485565, 17.919413772180995, 50.445003502496604, 52.95007616894878, 59.73656491245332, 67.58343502736122, 69.08084664755675, 66.75320814488995, 61.8311979962916, 54.031130741547415, 43.744658240991356, 44.902028914429536, 37.134676813083274, 33.20804203401828, 93.32597417128925, 83.99259724479113, 75.3220637606634, 71.21228537676863, 67.67150991738646, 66.14531437980285, 70.44505587923948, 80.65917804795333, 84.94041835150418, 89.47721375377374, 92.48951969578526, 94.4959013456404, 88.91181401435662, 78.6118060675285, 74.05469873590566, 70.10927451137687, 72.45814043578947, 76.80280593671792, 80.89834621638514, 86.33021344084683, 106.6705762190439, 109.27672318553358, 115.46091800445745, 119.27326592384784, 129.33737957553393, 128.24342285788225, 128.30710848990418, 116.32825926743863, 107.9016921158008, 99.01298795901795, 87.0558523651774, 72.3360741121224, 62.37500165863485, 50.48499630778011, 46.58230712991536], [72.03264672618701, 79.46830882396925, 87.81764745591835, 94.89066504043863, 87.60929853123557, 79.02175043588082, 70.625893808997, 29.850115483472283, 25.27283770604182, 19.21027165411059, 10.832075638782344, 0.0, 8.10575209077461, 15.880101569278008, 23.659057434819015, 67.64793043902456, 76.01481657047975, 83.91000645064648, 91.03473207101547, 98.59515336978198, 96.38548243151317, 89.71461084712975, 82.4202160671503, 74.20885393840221, 65.79592570246244, 34.58385892373449, 27.82415127658953, 23.84354391281392, 19.619760657746003, 16.49229406407262, 13.46533901501076, 15.895552393494633, 20.484581424421123, 24.15568344323604, 28.1139259951307, 58.03304745451095, 59.988157478138916, 66.08864084864456, 71.95204475705322, 72.48454765961965, 70.53433412225091, 65.29736878343658, 55.727170949720296, 45.488837200314414, 50.722570111200234, 44.000351329638384, 41.3630838474908, 94.41697655070648, 86.07436259980675, 77.91692746714641, 73.30995454011646, 69.25180109164215, 66.35771380251978, 68.05544629608893, 78.96333057990614, 83.92327298121604, 88.98370918897436, 92.82138673211702, 95.04755198913867, 89.70564034527547, 80.59356298204644, 75.53112523426968, 70.93528234204447, 70.76181339292154, 75.94749028274052, 80.85703489027283, 86.82956144283476, 112.16820196542587, 112.70450169026182, 117.19917688690708, 119.56972393307083, 128.7420573916976, 126.95111200269568, 126.0676424941862, 113.96052120961522, 100.53946971225663, 90.66658599770703, 77.61927117827973, 62.21552161364453, 51.75707509525685, 41.19635368590043, 42.57133898152609], [65.70484640735184, 73.11255042501689, 81.63853444148974, 89.19409287173977, 81.43570849204923, 72.64498277668737, 64.3243969854621, 23.1094517583331, 18.57934292692769, 12.882162427488637, 6.6706096667188515, 8.10575209077461, 0.0, 8.513905414039373, 16.820151456659538, 60.84311415287144, 69.56648119929525, 77.74237532361582, 85.11580308328546, 93.07089900898448, 90.57436025614463, 83.48715418215552, 75.94910974530876, 67.59360210358798, 59.05554183532991, 28.287643148476167, 23.14582594831858, 21.742482599372018, 20.79386841421771, 20.65776188572092, 17.767511339117306, 15.962975198994389, 16.78204662717602, 18.264299265642276, 21.472076619126547, 50.99195952162639, 52.360547690238384, 58.278050589028986, 64.90074020976752, 65.68774792640255, 63.461081303737835, 58.335204091828814, 49.54707819766015, 39.22219752144688, 42.91494343329863, 36.09176055146889, 33.92830222909767, 88.87179200661032, 79.90087655296917, 71.38502383810952, 66.9897001313549, 63.191723012142354, 61.05990159485359, 64.45347160098459, 74.8980050649764, 79.41187940060162, 84.14473671861919, 87.5094627109957, 89.66199221604509, 84.25977384448176, 74.37754914381422, 69.53300077803527, 65.28367290220191, 66.66843884374516, 71.31300765434408, 75.74564650851545, 81.46571260392972, 107.88384461539442, 108.59704589035222, 113.23848505597908, 115.96322443315488, 125.18760957710705, 123.38743981914727, 122.83222043694627, 110.40363953426308, 101.28857207480532, 92.49486602523282, 80.92368043975544, 66.7942952751341, 57.90310575227931, 48.736231383035765, 49.01671617641722], [57.26260128435077, 64.65739886526998, 73.23917093055434, 81.04166272774168, 73.10029904687718, 64.26676450178249, 55.95330338638295, 14.724919681609611, 10.70936023320063, 8.377925750179276, 9.967225094869784, 15.880101569278008, 8.513905414039373, 0.0, 8.451146136028239, 52.484536920222375, 61.214837834140944, 69.38149940507058, 76.78319468756672, 84.85560845364093, 82.25689370272549, 75.04965204349466, 67.47293111125713, 59.111894485579846, 50.56842577777378, 22.296173963773473, 19.790166251359512, 21.347202166691964, 23.481039983262367, 25.509503730457105, 23.3113460858371, 19.43530905484765, 16.49538676641591, 14.253320060289743, 15.11250371629784, 42.48741087483447, 44.29126780100983, 51.1085767042109, 57.973855033418396, 59.581981190090445, 57.93080886198974, 53.54582255351867, 45.72915374111179, 35.36501171426429, 37.00652101100732, 28.65771802048811, 25.567239621671344, 83.70149665818231, 74.50898903291447, 66.33057819422098, 62.6918678206744, 59.50454024610359, 58.40958840320295, 63.37330723889601, 73.20831046629604, 77.1386373249891, 81.16697938895129, 83.68312611683838, 85.32575097505533, 79.44666829085752, 69.5169508008329, 65.50216281404106, 61.973561292486096, 64.8086935810023, 68.56180304423617, 72.18161543306003, 77.16352452790241, 100.27346951748359, 101.28856273458017, 106.5327045869193, 110.05105361594786, 119.92432240001297, 118.853562299166, 119.29993365319639, 108.35674157701442, 102.85455060963729, 95.15521459263358, 84.63929333756244, 71.31337682932258, 63.44714381366379, 54.42769217920606, 53.534568600324185], [48.935190959825526, 56.34294417181574, 64.8532475965447, 72.61166789638138, 64.65921370470605, 55.84329124548687, 47.523428387245524, 6.298379343145426, 7.0489399536394135, 12.222319954578099, 17.709338817419834, 23.659057434819015, 16.820151456659538, 8.451146136028239, 0.0, 45.016000147932964, 53.566109719731976, 61.48932568724601, 68.7278062311866, 76.65427016292698, 73.96295965517257, 66.84149228423536, 59.36015005072889, 51.102228234797884, 42.62064315961125, 20.4349855264959, 21.49936119169437, 25.300962875584418, 29.14467826697538, 32.07738107841196, 30.3950511388259, 26.108645434196507, 21.490224274293695, 16.531512634121807, 13.89798070294102, 34.481440359759816, 36.919810218409886, 44.91146369785205, 51.29714336754918, 53.78627908471311, 53.16609791108302, 49.808332492779016, 42.880102036051305, 32.82148575017886, 32.93547854270809, 22.770078272208593, 18.41705098577223, 78.23784673797942, 69.14999577120055, 61.717892362621015, 59.01182422619225, 56.530403268246594, 56.374846495866876, 62.431655592684784, 71.59984491243723, 74.9594917271476, 78.19716972163653, 79.83375901080136, 80.83902725774786, 74.40636744376111, 64.92459335183617, 61.93597872895136, 59.21129932801951, 63.067140947844194, 65.87975892286805, 68.64457950132044, 72.75460164815459, 92.53163311423701, 93.32841787332283, 98.90064407788529, 103.06787903779731, 113.55894281728123, 113.28279903356953, 114.77972062841602, 105.8292158159011, 103.30697052158077, 96.68154958843017, 87.15895418826409, 74.67271225186937, 67.9036907675733, 59.460650341272846, 58.48762326704926], [16.777158256128182, 20.4186593240346, 29.402890506868708, 42.040235753050446, 32.204571578914475, 25.1602221889913, 20.93302025021315, 39.445004749000105, 42.492419196918334, 50.067655379325856, 59.01740874831403, 67.64793043902456, 60.84311415287144, 52.484536920222375, 45.016000147932964, 0.0, 10.152302899815636, 19.91347866039864, 28.95244321468316, 40.240430652739, 37.039742413032585, 27.173059014255205, 18.645522587703702, 10.555198499222739, 7.021768315702038, 38.521312638440776, 47.95205196387694, 55.761293107317925, 63.79762500540116, 69.92593346971553, 69.65255669693354, 63.13779081144771, 55.327793175402746, 48.094880243132, 42.014888390970185, 14.168419033704255, 24.38115540735432, 36.77100829615884, 45.12099951875351, 53.63851423333486, 56.09671685270116, 58.533698048220955, 61.30990729138066, 56.937233288501595, 43.95356697828545, 34.85165967910805, 28.034698579855537, 78.60884098994333, 69.41907222429722, 65.47152094227897, 68.02553836144224, 69.6806708354811, 75.01123323882213, 86.95802056490653, 91.48036959546327, 91.38655625425464, 90.68802761640167, 87.43272009704573, 85.5904439827654, 77.965138920964, 69.43369380514888, 71.93114187080027, 73.8279496378598, 84.3767826566643, 82.52071928086917, 80.4730340346796, 79.60858960094016, 60.83653511045268, 69.74698286356195, 82.9063014844958, 94.1333860490483, 108.70586574602179, 113.540997117615, 120.92010236250724, 119.67557737229686, 133.61076969165725, 131.0415019400927, 125.07004966221537, 114.97018025830292, 109.90730856135309, 99.75529210036595, 92.03973815572598], [15.322348958026673, 15.542731129289795, 22.93437232889889, 35.82970727318109, 27.033003335415376, 22.47242895600627, 20.93878442539516, 47.87138770606797, 51.15372152215306, 58.86051721748161, 67.68344382226311, 76.01481657047975, 69.56648119929525, 61.214837834140944, 53.566109719731976, 10.152302899815636, 0.0, 10.057320570020277, 19.337766680146807, 31.15667635025779, 28.422115124790167, 18.680752141114155, 11.236788864990388, 7.560588789142483, 12.655484112404157, 47.438017700357356, 56.40989444459221, 63.76129766916547, 71.57578484291467, 77.63036300502381, 77.61934317016409, 71.47100909618986, 63.9664235576432, 56.99201608197113, 51.0019386757848, 22.244038280456273, 32.24709110621685, 44.04652616287976, 50.19707168988148, 59.25218504584027, 62.95242482522405, 66.30536452272479, 69.41290570266429, 65.50968812030065, 53.21671616166563, 44.3629281915258, 37.45791768203218, 81.97177989561992, 73.88267355430861, 71.49810498629535, 74.92514212156776, 77.09184170296614, 82.6634034477897, 94.35582967186537, 98.40732793152861, 97.97049985768494, 96.60642457119543, 92.62553962525503, 90.03402829890638, 82.06712556758953, 75.08519699711212, 78.590759276724, 81.05698090063419, 91.42103034743934, 89.01059254608468, 86.34560206661516, 84.51931710713184, 51.684170044695435, 62.906386264850475, 78.37743678148982, 91.44184731431297, 107.29281875739574, 113.86079162867375, 122.79474076109526, 124.64699450827038, 139.36970228190205, 137.2899931617571, 131.46744881065354, 121.47619699898237, 116.51335117133347, 105.9274629755175, 97.68334484320867], [16.982130844518718, 13.16338044769477, 16.590573147560452, 28.695441631277, 21.778853571319818, 20.78185369957209, 22.364762064950256, 55.627687412497075, 59.54074667336608, 67.48269862060538, 76.10135933386016, 83.91000645064648, 77.74237532361582, 69.38149940507058, 61.48932568724601, 19.91347866039864, 10.057320570020277, 0.0, 9.320602554345562, 21.40018842793605, 19.06226107185517, 10.208987473397547, 7.5391868599039915, 12.49469390955913, 20.373326201372738, 56.75327857834884, 65.38016561634495, 72.34335183487423, 79.80265779671409, 85.57998546195893, 85.68948770813368, 79.99390844428305, 72.82189342559882, 65.97769204390355, 59.98520813342217, 29.955612596346434, 39.27321698432838, 50.382132229095205, 53.957276847890405, 63.280526905036645, 68.28844365087816, 72.51943744410327, 75.77527369967997, 72.44030360573477, 61.205611916180146, 52.69238766282813, 46.17158313010952, 83.24705232467709, 76.477688334099, 75.7903128084648, 80.04797590810988, 82.69500703697213, 88.4057648735911, 99.66345883427738, 103.1797231068722, 102.40300264189872, 100.35515695538183, 95.69041086505949, 92.33686292182323, 84.07144744766106, 78.88675317535723, 83.37723535558385, 86.38304443795884, 96.35708648006398, 93.37854757140768, 90.11290264203231, 87.32532221501457, 42.45492384301432, 54.75965144835268, 71.9652769003779, 86.56537701918803, 103.45161688960705, 111.63548276590494, 122.04312280574338, 127.13527347214259, 142.70384740051952, 141.2893569025791, 135.89901113334457, 126.36527720790725, 121.91260694476044, 111.64218034812268, 103.90475004218509], [21.940667668493795, 16.15793264785523, 13.899141208842329, 22.994979099599764, 19.35723690461929, 22.325784269800714, 26.215588248949956, 62.77181160416545, 67.22618112260476, 75.34052074420494, 83.74161050371987, 91.03473207101547, 85.11580308328546, 76.78319468756672, 68.7278062311866, 28.95244321468316, 19.337766680146807, 9.320602554345562, 0.0, 12.320853367666098, 10.762713740751538, 6.874743820142609, 12.666334485492479, 20.261311269591882, 28.37503968661799, 65.31573247556159, 73.66382605864762, 80.3053955049664, 87.41931858035584, 92.89998447399562, 93.07888199353576, 87.80071326485886, 80.93170894538379, 74.18904114344375, 68.19790829470232, 37.52299965016774, 46.173904359731566, 56.61916572655937, 57.93424185664959, 67.27778314377201, 73.36666289845247, 78.26863019891759, 81.52628503214885, 78.67675760010887, 68.5085318188447, 60.29777033102477, 54.157668349567, 84.47229269590092, 79.02341575700632, 79.85946096610174, 84.76756235496713, 87.78096533570603, 93.52288748966735, 104.26177210081538, 107.30733332930511, 106.2577382476553, 103.62920588055407, 98.41793260039046, 94.40521746128984, 85.93234133846774, 82.4670076623356, 87.753471883979, 91.17590295501874, 100.65744555851823, 97.21710932267645, 93.47119505455493, 89.87021678618491, 34.25074647507848, 47.09132745887629, 65.83829918205059, 81.7991248307742, 99.56004764736494, 109.23055382599034, 120.95169924132884, 129.06257604346627, 145.22416888843074, 144.43506446547326, 139.49140310166294, 130.46359391655866, 126.56511426629791, 116.7818349629997, 109.77785031054779], [29.6500243364714, 23.638119110820327, 16.84016446871307, 17.383425904325563, 20.319639790341515, 26.991809666462643, 32.27707575271041, 70.65267520123896, 75.85257199164603, 84.15897689321646, 92.15691894117413, 98.59515336978198, 93.07089900898448, 84.85560845364093, 76.65427016292698, 40.240430652739, 31.15667635025779, 21.40018842793605, 12.320853367666098, 0.0, 5.762831314842123, 14.890913461349374, 22.974877276376937, 30.736635468858562, 38.4240284600041, 75.39854733699416, 83.30693361583741, 89.46882967584644, 96.00249284020617, 100.95443461784672, 101.1768061529815, 96.55959941725436, 90.18432576814513, 83.60166181941207, 77.63808273469557, 46.725263082516264, 54.70077194869422, 64.49544848039882, 62.846068386716084, 71.91937002422596, 79.36377548119289, 84.91172156432553, 87.73912223534596, 85.37071360375744, 77.04568366981724, 69.0792906908255, 63.39544423783241, 85.2008603974653, 81.6812265293314, 84.45882898310158, 89.99663632956465, 93.31809682664183, 98.84294359489148, 108.53720810055106, 111.11709596373072, 109.85696267402844, 106.60250916907992, 100.89419683300731, 96.09250303341123, 87.366913764748, 86.33537306070706, 92.44846749641829, 96.22524848037482, 104.64943656391794, 100.7697824502351, 96.58859976150896, 92.09850850065585, 24.521486585197763, 35.808051351809716, 56.39525409731199, 73.94769748860777, 92.81980622535626, 104.42168965369392, 117.73611805085825, 129.9398162428275, 145.98625122955386, 145.9572560480052, 141.57307642004955, 133.29145428334124, 130.24057617099388, 121.42252396902967, 115.94855861897594], [25.842919815589315, 19.251492942072414, 11.58932206608277, 14.037161188572922, 15.146473370521237, 22.152167091033306, 28.22809982493871, 67.84443212450981, 73.35533561471844, 81.75588202366622, 89.85856184807253, 96.38548243151317, 90.57436025614463, 82.25689370272549, 73.96295965517257, 37.039742413032585, 28.422115124790167, 19.06226107185517, 10.762713740751538, 5.762831314842123, 0.0, 10.588585107801748, 18.95432431611631, 27.03577970795725, 34.90127809841536, 72.99731935004267, 81.25628645722021, 87.74765639814156, 94.45178542430872, 99.44408103038465, 99.48239676708467, 94.64698525074608, 88.04818836333911, 81.23181416248384, 75.13952170069673, 42.97169156526578, 50.05587776127601, 59.310621997196805, 57.578013352657, 66.68917075047051, 74.05850399399364, 79.75852278974261, 83.01902684455435, 81.03797047127418, 72.44992297555625, 65.04811081221139, 60.12503926537459, 80.32357566974692, 76.46728840812435, 79.13556361193008, 84.77804471700018, 88.22617834733519, 93.96640835958006, 104.03271994775422, 106.34568765829833, 104.92748083950715, 101.60272349395456, 95.79921831829967, 91.07228098878568, 82.46733085496834, 81.08329192152355, 87.27560581737018, 91.195044854517, 100.03279755357156, 95.99111536802052, 91.6654766815095, 87.1353951994774, 30.10893936313335, 37.86623392890905, 56.0870036834919, 72.63099654034414, 90.69643431530385, 101.41015441754587, 114.22795988262112, 125.2933258261184, 142.76999571375447, 142.9834596244259, 139.09900002969025, 131.24081682260717, 128.61770987661603, 120.5648436779734, 115.77022368248261], [18.393114174695977, 11.411643558966823, 8.326705213473694, 19.725549567123572, 13.813935154080534, 16.80699833533573, 22.049342644185607, 60.716711241868374, 65.79870741420949, 74.07989992778026, 82.5167907922281, 89.71461084712975, 83.48715418215552, 75.04965204349466, 66.84149228423536, 27.173059014255205, 18.680752141114155, 10.208987473397547, 6.874743820142609, 14.890913461349374, 10.588585107801748, 0.0, 8.72027590447556, 17.32313677434656, 25.729684699748983, 64.40649921308524, 73.1448302851252, 80.1319128545377, 87.32436232717207, 92.71232552730997, 92.63416239602417, 87.21885195549868, 80.16369828724896, 73.13034405454891, 66.96766390482325, 34.32816992888426, 41.47568721115487, 51.06386615190309, 51.776657967007196, 61.13378673906836, 67.35458442390278, 72.58677798572313, 76.35831389634203, 74.142742972067, 63.96657957412881, 56.62019857940997, 51.732679229925196, 78.16552462870874, 72.58847179905122, 73.58929972776545, 78.74448733004145, 81.98340357654142, 87.97463207240786, 99.009952558352, 101.61101508606015, 100.31656759484831, 97.48815052825475, 92.07779716070368, 88.03926101465585, 79.69626771597711, 76.16787361668848, 81.69644217035837, 85.3713634477914, 95.2041023298588, 91.4709614090227, 87.4631779226993, 83.66855834427429, 38.877373008319964, 47.478080790047414, 63.727213697338605, 78.609343179215, 95.4650091073462, 104.30551419069741, 115.62399750864556, 122.97833246995371, 140.94828919541672, 140.63634605576158, 136.4860582616649, 128.20682323777027, 125.09214259875154, 116.6178457694842, 110.97808250040686], [12.244675510760956, 7.049554317380213, 12.126125355347892, 25.38507796574149, 16.479519998581605, 14.267139759182465, 16.98269638680345, 53.273634202166534, 58.082500265163524, 66.2694965922024, 74.86237822607731, 82.4202160671503, 75.94910974530876, 67.47293111125713, 59.36015005072889, 18.645522587703702, 11.236788864990388, 7.5391868599039915, 12.666334485492479, 22.974877276376937, 18.95432431611631, 8.72027590447556, 0.0, 8.76519330958873, 17.363859528330615, 56.237493293980044, 65.2371988560503, 72.51384297884071, 79.94711845795169, 85.51306910535051, 85.32355310724309, 79.58578829756723, 72.28857639486357, 65.12610811648838, 58.928873481324366, 26.21337834228774, 33.802070545095575, 44.13589528731093, 46.84337505412783, 56.21404278616582, 61.50251386048048, 66.1290913988501, 69.82542357566835, 67.18094685261563, 56.16190994759669, 48.568279706721455, 43.57568771033181, 75.95555564162238, 69.12174360048266, 68.68041038657624, 73.21733009305355, 76.1042840616228, 82.03910743708985, 93.5086075902617, 96.57003229821179, 95.55419072776868, 93.28556362668645, 88.4255638785258, 85.01728004707321, 76.837840994792, 71.70373414124616, 76.47475577620732, 79.74569411633581, 89.97511929165726, 86.68109945081194, 83.14552842652319, 80.14532145055401, 46.07286123880727, 54.1463307312568, 68.81053881854672, 82.23403889558665, 98.18854498971787, 105.53800154800167, 115.53505352310204, 120.02889998517401, 137.3073500703467, 136.43498976157645, 131.9233379367038, 123.26261344600417, 119.76277052270781, 111.09131092633618, 105.16918766050998], [8.736052881211627, 10.00100490479157, 18.84955154311858, 31.600660774660916, 21.822394331067247, 15.725778756527578, 13.963287441700677, 45.085979871916486, 49.627204207393724, 57.74073675250271, 66.41518514587824, 74.20885393840221, 67.59360210358798, 59.111894485579846, 51.102228234797884, 10.555198499222739, 7.560588789142483, 12.49469390955913, 20.261311269591882, 30.736635468858562, 27.03577970795725, 17.32313677434656, 8.76519330958873, 0.0, 8.680140535919964, 47.63021058485336, 56.75589188950243, 64.20070103579086, 71.7481950976027, 77.39322789181313, 77.10808976512462, 71.17840449554872, 63.7543978807282, 56.514855095779296, 50.29702413082234, 17.89935602941075, 26.838083883215003, 38.49881422430244, 43.16066162016067, 52.30026976075498, 56.65812546945977, 60.43736475194567, 63.53925039254115, 60.16575932739626, 48.739804291022125, 40.44213389228303, 34.954571500903796, 74.479827087307, 66.62079349031038, 64.73408617079836, 68.4470617857578, 70.80404219152702, 76.42038001550611, 87.97205322578172, 91.71500037939661, 91.14001696576614, 89.5572532818015, 85.43275666532901, 82.684272102399, 74.62864485665608, 68.11296953508469, 71.93769017169332, 74.60918087594823, 84.82395266153117, 82.14730915196779, 79.27532840861325, 77.2174822333722, 52.666247548952356, 60.01033376111114, 73.32700027593691, 85.37023544598225, 100.57554209369191, 106.61277640550223, 115.319793029594, 117.29124566747089, 132.87980345833162, 131.30800004328316, 126.24053488755537, 117.08262321053579, 113.1181432714877, 104.20257789133133, 98.15805784336271], [11.210967721040808, 16.618501731773776, 26.006947984368193, 37.77197254830965, 27.898224115412738, 19.904125052052777, 14.430517544570632, 36.65513226875857, 41.11874689120518, 49.229024530402846, 57.91593383782112, 65.79592570246244, 59.05554183532991, 50.56842577777378, 42.62064315961125, 7.021768315702038, 12.655484112404157, 20.373326201372738, 28.37503968661799, 38.4240284600041, 34.90127809841536, 25.729684699748983, 17.363859528330615, 8.680140535919964, 0.0, 39.476485326840866, 48.6541245078853, 56.20922021901477, 63.74722156715734, 69.34389633886504, 68.91870282634075, 62.900265893128655, 55.429125275453345, 48.09914939836635, 41.835168350544734, 9.708644886614714, 20.811207199636595, 33.90593160875892, 40.132700177493405, 48.74381651242877, 52.221235250826204, 55.02964450054567, 57.18478438819377, 52.970443181279684, 41.62034868793017, 32.37129790343274, 26.28033684673903, 72.83610468450254, 64.20534359943076, 61.00163224591794, 63.79657470112252, 65.53555630751538, 70.65894349960031, 82.03478869812594, 86.51561591712263, 86.44309099535526, 85.57425457593239, 82.26071051021636, 80.15891994940301, 72.24418631535896, 64.61893936875923, 67.42654738958444, 69.40667771980301, 79.31283462719688, 77.31874776881538, 75.18870411807075, 74.10976329595569, 59.291078450801486, 65.34821036255452, 77.12310940335666, 87.70242001563177, 102.097512924883, 106.86864697659898, 114.29685799571946, 114.00217365168601, 127.56376640658543, 125.31320932594065, 119.72250892027014, 110.15045354518674, 105.83965672787691, 96.93274502738362, 91.21193549254549], [48.97795063411806, 55.6550306997859, 64.9493451711565, 75.38639496226055, 66.34621596956465, 57.66956092591267, 49.860728411658656, 20.786529417844772, 13.728819382411036, 15.515862203682108, 24.04318499799866, 34.58385892373449, 28.287643148476167, 22.296173963773473, 20.4349855264959, 38.521312638440776, 47.438017700357356, 56.75327857834884, 65.31573247556159, 75.39854733699416, 72.99731935004267, 64.40649921308524, 56.237493293980044, 47.63021058485336, 39.476485326840866, 0.0, 10.192878249936324, 18.99788251693046, 27.66521108185806, 34.429150654238605, 33.85106570293964, 26.021568253443164, 17.535210128066698, 10.857871579856246, 7.192499647988173, 33.804869676773876, 38.74954085443354, 47.92886908220845, 59.326528649494854, 63.51667996810823, 61.48104310858049, 58.44499136002105, 55.404653038288316, 46.53561036409852, 38.08540986362151, 27.63335649923666, 18.83823041095944, 91.06739611872413, 80.45389857255577, 71.94