{
	"dissimilarities": [[0.0, 8.482006662337692, 16.08943238469465, 26.034728743426864, 17.217862747106796, 10.652096918962814, 5.589378654185273, 42.715486564971876, 47.42895249902583, 55.90249810590285, 64.16566710611534, 71.03758414288365, 64.67302980653126, 56.21683133302634, 47.896585701055706, 15.520020948696011, 15.173014824268973, 18.17535406821284, 23.688183598056984, 32.568461601057145, 28.618641072465145, 20.385802811358744, 13.734731206141095, 8.673686477352117, 8.99078696385144, 47.892294654839915, 55.57292982684081, 63.47397086842542, 69.30223253234206, 74.14820724921303, 73.80384845503605, 68.68390705482015, 61.78680136084995, 54.579825338125445, 49.615547876196075, 15.860071898377573, 26.585252169654623, 37.93360341788754, 39.76918512814585, 48.04901754972435, 54.205860512245216, 58.054805249781985, 58.98718163211826, 56.70204008131102, 47.58176864702119, 39.16441151563622, 34.199138054401395, 67.79821364810357, 60.96881386879267, 59.56565805813976, 64.85406022587678, 67.18960831673964, 71.3954929663766, 82.60900966950163, 85.62054560638748, 85.21937602981534, 83.53562695505227, 79.53578249428521, 75.44733102530947, 68.05932048489424, 63.08812569186228, 67.27505736864826, 70.47613229276823, 78.54546845954872, 75.93986682370347, 73.16003304882076, 70.02237819770357, 53.752457194721586, 58.18835728894297, 68.51504669506153, 78.48691865188631, 93.84099647750172, 100.55054119439443, 108.30772821151619, 112.13213244739104, 124.4850365134699, 122.05844107941694, 117.23853831701597, 109.63456976658196, 104.83249884241492, 97.78649743190884, 95.44610242891113], [8.482006662337692, 0.0, 8.070305171308828, 19.690245303961913, 10.675585914279228, 7.57621995594373, 10.71344748393695, 51.17922436949866, 55.82562683635685, 64.25657395815958, 72.58801837400074, 79.51746600559721, 73.14231833421672, 64.67892872727656, 56.36517509711507, 19.505096152893017, 14.870579702660518, 13.351421522604623, 16.873988691064156, 25.730976909871902, 21.17140517726667, 12.368053364549938, 7.23253153900244, 9.057058985755914, 15.26114197867951, 55.6504910462346, 63.47871695762866, 71.49017781541843, 77.43955161360759, 82.40977054783156, 82.13364386053212, 76.93716196404114, 69.94423883563644, 62.7240035243488, 57.69644028727796, 23.612379343246392, 32.42090376413262, 42.27415624621951, 43.028766306819094, 51.469735434792064, 58.29370923441349, 62.992293744877166, 64.95924526188821, 63.63235135026244, 54.07999979627058, 46.666938864651506, 42.34095556882311, 69.36801658429387, 63.12289327677096, 62.79571872030587, 68.99817956956923, 71.92690956021697, 76.71757784637892, 88.22213386510344, 90.43530664346181, 89.48352294924386, 87.09776805718127, 82.28728655211276, 77.63585404647358, 70.37494328909247, 66.21926905819258, 71.33099379950967, 75.19607552141932, 83.77735635810824, 80.47534247071479, 76.94763907964898, 73.00940633371034, 48.47041475863551, 53.684454666547815, 65.15684664852795, 76.45602554794664, 92.40323188053594, 100.2305023336066, 109.14809581903513, 114.97296140845253, 129.80510173973957, 128.16746311045532, 124.0432787356641, 116.94786723271932, 112.6599974038846, 105.76035400406127, 103.15261997807447], [16.08943238469465, 8.070305171308828, 0.0, 12.580720448167584, 5.462698520755196, 9.884011601788313, 16.729768026121608, 58.511664873767366, 63.47716214468597, 71.97218919688169, 80.17258166789476, 86.77694620752646, 80.53298016298825, 72.10663659465207, 63.72232158405231, 27.108343047448805, 20.870975321801925, 15.500462076770937, 14.184558728974018, 19.785060368976865, 14.460578141473665, 8.282631424072969, 10.281237799954782, 16.456534117663782, 23.323257491987693, 63.6761320671914, 71.42275186261914, 79.28523588098909, 85.10895762720511, 89.95135705257151, 89.68922511873998, 84.677423804267, 77.80911095569178, 70.62563299432921, 65.63557559156474, 31.38027521301184, 39.03584170283312, 47.58189904719263, 46.37085062190898, 54.52152723038442, 62.356607099355394, 67.75223899263558, 70.14796651401225, 69.48094275472151, 60.61489719742148, 53.890378700584, 50.12068753904799, 69.75609153954998, 64.57378525490779, 65.62900130624493, 72.64041966183446, 76.03441076792225, 81.08116833280481, 92.24138579936472, 93.82557591142667, 92.45662872493794, 89.40375864843824, 83.93805829398954, 78.67754210541754, 71.50520573532106, 68.7735537749127, 74.75997865304743, 79.0565848438049, 87.54359619705171, 83.6986267137194, 79.55678356190847, 74.83133274702136, 43.45643955755755, 47.58661289283099, 59.49788281055225, 71.85188051788494, 88.36843089429135, 97.39566608576762, 107.48542554608665, 115.86081661660178, 132.36507367195722, 131.5617100422671, 128.13967511140038, 121.6241113259783, 118.11455299290027, 111.78721399280872, 109.7554810103855], [26.034728743426864, 19.690245303961913, 12.580720448167584, 0.0, 10.384483444144587, 17.691281312188043, 24.685538583666695, 65.90053694741293, 71.7097297521745, 80.33051798738283, 88.01052007978925, 93.58415162839671, 87.7704576785995, 79.54735262680697, 71.08236425206455, 39.18071427336534, 33.08410433934178, 26.616860045277843, 21.54048756901944, 17.84786404516902, 13.330495400224706, 17.347515078750533, 22.713964073848427, 28.634781677700882, 34.467774799170456, 73.66268900802129, 80.98006485043359, 88.26740207319727, 93.55311489000796, 97.83862426700443, 97.51382888420353, 93.14320323728319, 86.78203602512694, 79.7595155265687, 74.98460702114195, 41.07796632734005, 47.83627395079524, 55.05322270240112, 50.22818940864635, 57.307789522993076, 66.92109682883344, 72.93814334878758, 74.96282330640933, 74.73807976174096, 68.37684988823361, 62.20862280783324, 59.15368602022115, 67.76437275372314, 64.78504922156098, 68.0765393157278, 75.9076705363179, 79.67070245648966, 84.499021540645, 94.1298136963356, 95.17739083838742, 93.50792375525077, 89.67786833797096, 83.67312753136821, 77.5713064485823, 70.44239988256545, 70.56877781126735, 77.55097909313025, 81.999475553653, 89.33623722184277, 85.06052994471429, 80.371932108104, 74.67808087568122, 38.86966071935331, 36.56504905333284, 47.27659405666996, 60.55342499152266, 77.95583369436878, 88.74828082733889, 100.39083192363485, 113.05866393277412, 130.2147172255871, 130.58195792246062, 128.11076098787885, 122.52304892226144, 120.5130510321342, 115.693761837002, 115.77722909571806], [17.217862747106796, 10.675585914279228, 5.462698520755196, 10.384483444144587, 0.0, 7.987582488106457, 16.020174851409518, 58.206319191946406, 63.7912915219989, 72.36643726466644, 80.35349183123706, 86.52697885766632, 80.26561464489856, 71.8925444044575, 63.44832476409612, 29.85872784945874, 25.03721180674905, 20.755207993419603, 19.43629536483555, 22.759424357627104, 17.301039266180663, 13.493923575053849, 14.83647689544745, 19.48276318715025, 25.133029572373182, 64.96205605210618, 72.68567626635237, 80.49809798018806, 86.12485317002285, 90.68244852421051, 90.24822319592553, 85.41146353401622, 78.66273159934512, 71.42015799022553, 66.49739977839025, 31.74400937654401, 38.045348087278654, 45.6651267422667, 42.78821164660875, 50.61834636031847, 59.13364220464504, 64.83803742580025, 67.25072448432861, 67.02592835808913, 59.11826132965604, 53.05503837497904, 50.31262233171201, 64.70383230368743, 59.964423489597074, 61.651911358269544, 68.97666435481156, 72.54359193527182, 77.60141380411953, 88.43044511348374, 89.71546304458137, 88.19668375765366, 84.89770988130974, 79.26756991401518, 73.81142402403428, 66.63644451170487, 64.60670475002642, 70.94140788219215, 75.34707298158314, 83.6198177182695, 79.54744593556669, 75.18579690373534, 70.18060761681112, 45.92427967239526, 46.507454498521355, 56.068582362191094, 67.43343344656137, 83.4130438539392, 92.06619401738986, 102.08357013542802, 110.77828608037333, 128.0636026767784, 127.71599616649597, 124.90373590172426, 119.07878679648539, 116.40433288163008, 111.31938414769317, 110.75948625064706], [10.652096918962814, 7.57621995594373, 9.884011601788313, 17.691281312188043, 7.987582488106457, 0.0, 8.498724868177993, 50.56342140339305, 56.19388716204425, 64.74952260071993, 72.76422349389432, 79.0609457853475, 72.63402625231998, 64.23574688843419, 55.814305103288795, 24.128672287345903, 21.759329711514255, 20.790497835419767, 22.854800321810664, 28.909417546259085, 23.857892894262683, 17.36310674206281, 14.122851151962236, 14.83140482036675, 18.46583023954282, 57.518706344466835, 65.30836575224775, 73.24648499764982, 78.89922917251216, 83.4425832484694, 82.9022247771618, 77.95812998430922, 71.13957166697715, 63.82638791592685, 58.90407397926001, 23.969755285942263, 30.410539530583293, 38.91199524579972, 37.249438720832856, 45.36949523009077, 53.182500462716284, 58.34728800227743, 60.36168694288709, 59.69372480006727, 51.48557932735339, 45.09295020115129, 42.459076707503954, 62.0594993742519, 56.27204797498104, 56.71015316011098, 63.35649869674186, 66.53484543018843, 71.37162667806419, 82.5026449384541, 84.31052556555237, 83.15528415459818, 80.45064887319457, 75.43145857432282, 70.54443475046097, 63.247884692720596, 59.91120889338235, 65.49588901995307, 69.52610476649612, 77.8783524889187, 74.25335607754643, 70.42715069090055, 66.13491951898409, 51.61464567908127, 52.47167489101496, 60.88888564310478, 70.72975126251025, 85.82632884894238, 92.99308416627008, 101.69074740088102, 107.71488916057068, 123.66101608929176, 122.63891811735071, 119.37453951663672, 113.26486949209861, 110.17031181581032, 105.08955956940606, 104.63713736056033], [5.589378654185273, 10.71344748393695, 16.729768026121608, 24.685538583666695, 16.020174851409518, 8.498724868177993, 0.0, 42.22851308702788, 47.81900002865222, 56.4012975764959, 64.3648821756675, 70.66077479756038, 64.30003989568415, 55.90259704513488, 47.47207680025488, 20.075327912226115, 20.56392323193228, 22.74693246177728, 26.991779065749665, 34.15729757277068, 29.878548940442556, 22.849462510330522, 17.347500170801613, 13.559559306512321, 12.986392601127726, 49.66346292210657, 57.22612897812607, 64.97857964570431, 70.51413579898309, 74.97913059933754, 74.43471479001734, 69.57709056057404, 62.87954494434565, 55.63775442709213, 50.793561724365055, 16.596576055367986, 25.31726552698458, 35.756817774237284, 35.63777775224557, 43.653921073547956, 50.63901861618278, 54.79996342655108, 55.60668874093905, 53.711068780100234, 45.84964329852045, 38.12589414983791, 34.52595403598478, 62.56317462397818, 56.11220984567473, 55.26959018553, 60.85215230659392, 63.33551027508775, 67.50317199393939, 78.32801657293003, 81.12105319183969, 80.61930704378905, 78.7296632793068, 74.6312748481863, 70.37248006123042, 62.91533094087229, 58.61376470338801, 63.11881110341158, 66.3815407308619, 74.15812797773283, 71.36443983020486, 68.41377891265854, 65.04178037661646, 55.406918190358596, 56.85074851123806, 65.12506691042631, 74.06571267601582, 88.86174607191303, 95.14058744027425, 102.73705284306406, 106.8141454668841, 119.70849628886697, 117.71256359507268, 113.4797243463504, 106.56749394859551, 102.67611586058703, 97.0207002294326, 96.417701720012], [42.715486564971876, 51.17922436949866, 58.511664873767366, 65.90053694741293, 58.206319191946406, 50.56342140339305, 42.22851308702788, 0.0, 8.757032330905945, 16.235151909503312, 22.758000667257697, 28.799020628468984, 22.076358087057613, 13.696964828284623, 5.252469031190665, 41.3498492215481, 49.78313118808002, 57.61686528288525, 64.79060742217042, 73.14815949715272, 70.24471408043976, 62.82805195176487, 55.34314202684416, 47.11908186540652, 38.590406944786494, 20.822228323481447, 23.660612509820744, 28.764286921881045, 32.45517197097007, 35.41981704174128, 34.03126738471832, 29.890255759055474, 24.747913148726017, 18.892524199174154, 16.668340874315895, 29.32693405149258, 32.15548306566796, 40.8180309356998, 46.92504787791916, 50.43714955526264, 50.2798827103763, 47.58752648277632, 41.23566090543923, 31.96955615126857, 30.529552256177094, 19.083566510142962, 13.309496650978915, 73.55396462360551, 65.3112598442923, 58.672812374726824, 57.28739780905039, 55.398887880082825, 54.89817570714774, 62.43453376327035, 70.08387608575663, 73.05945806171465, 75.76235677004045, 76.85881174284397, 76.51906758516391, 70.07853199321929, 61.77272552770695, 59.64162938723296, 58.09479348969282, 61.54195243580029, 63.809264832378396, 66.0209279519593, 68.05954954875541, 89.5916719947509, 91.01910998702944, 96.06065889149842, 99.74788555703701, 110.75647601234226, 111.53778518394722, 112.91069975251783, 105.37270194665426, 103.32569969275023, 96.11799887221733, 87.21130493470386, 76.77828738619993, 68.54098611803586, 61.42748014120772, 62.10810364704433], [47.42895249902583, 55.82562683635685, 63.47716214468597, 71.7097297521745, 63.7912915219989, 56.19388716204425, 47.81900002865222, 8.757032330905945, 0.0, 8.63692259775697, 16.82124118852488, 25.181295167600215, 18.532805943905366, 10.668552787959667, 6.988573075881586, 43.57879222887622, 52.207747457097106, 60.58533041441679, 68.27171222522195, 77.39633476174377, 74.78291724668124, 66.9244890091944, 59.16714491929714, 50.71148055371144, 42.17456049622063, 14.08577908449813, 15.069457197898602, 20.204388964197776, 24.57550074948881, 28.477179339248927, 27.376119135392965, 22.238124284195216, 16.359955139129998, 10.45482079867699, 8.993169805926609, 33.73825149225637, 37.28893690935963, 46.17046244256336, 54.166477059826164, 57.92047136826332, 56.64879914201096, 53.38258569815934, 47.32270337435847, 37.92441540754059, 34.77965652415394, 23.636148603445065, 16.087253776373487, 81.76822649801618, 73.1012374646495, 65.79896873788495, 63.86532809690507, 61.66280774915668, 61.0306767243803, 68.71572371622726, 76.66021259813412, 79.8614077869008, 82.99793337892999, 84.39954079685207, 84.40817431612044, 78.14931239990858, 69.04782239516155, 66.35770770793984, 64.59350446515343, 68.18787662252804, 70.86087981443896, 73.42188995932554, 75.87209265585436, 93.2121899401852, 96.89536130790742, 103.44986341658088, 107.88286719142079, 119.32176323869349, 120.27832745730717, 121.52752932706002, 113.0042919503032, 109.41237294266074, 101.28608976640025, 91.27652137432003, 79.65320630497115, 69.47819280565899, 59.61356667883955, 56.86027585183963], [55.90249810590285, 64.25657395815958, 71.97218919688169, 80.33051798738283, 72.36643726466644, 64.74952260071993, 56.4012975764959, 16.235151909503312, 8.63692259775697, 0.0, 9.052748383848243, 19.02263511246165, 12.733222049545867, 8.24084265053332, 12.152510779755351, 51.16794690529738, 59.93635121814882, 68.52905895177317, 76.3905822495088, 85.70859764593615, 83.19398356295639, 75.21642328541753, 67.35627987542924, 58.83236365897145, 50.3188128221528, 15.801524244091135, 12.050905504122293, 14.134994744805036, 17.504579992625644, 21.087125997663435, 19.662078585944517, 14.071712114414861, 8.91950051010442, 6.625049314746566, 10.003328927493538, 41.97912284066867, 44.52836338450388, 52.2890774583503, 60.88830845069619, 64.00689509751594, 61.556454891490645, 57.323916346349804, 50.6823922696855, 40.86202411301634, 38.80800948648292, 29.403184076541287, 23.709980007969683, 87.73408942208673, 78.93689724354137, 70.9682704378956, 67.9899047209422, 65.14099227966369, 63.76172514850554, 70.64493056445342, 79.16025237433246, 82.86257231338764, 86.73669159646471, 88.92470040988603, 89.58013742004312, 83.69377431643606, 74.09960854288245, 70.4251686009963, 67.95751501906781, 70.80191800451715, 74.28593489331944, 77.61648600790292, 80.86340897818467, 101.06810732507132, 105.13096206442142, 111.55938130857056, 115.52418158134681, 126.45725331662841, 126.68620009542161, 127.03255621063043, 116.52757612743792, 110.3831980802785, 101.21268152554272, 90.24827437887198, 77.89094199788491, 66.37095014156361, 55.54380715895868, 51.86759913127865], [64.16566710611534, 72.58801837400074, 80.17258166789476, 88.01052007978925, 80.35349183123706, 72.76422349389432, 64.3648821756675, 22.758000667257697, 16.82124118852488, 9.052748383848243, 0.0, 10.696346239724292, 6.600863204322145, 9.960115808766382, 17.719313208446113, 60.099529695645835, 68.75182860419778, 77.17225071166118, 84.82280159512122, 93.67084224901977, 91.26601409380402, 83.65688983624996, 75.95943419581292, 67.50602718027261, 58.98037551278216, 24.219583766560046, 18.333635067563385, 15.257675913364425, 14.406460042505689, 14.955777492136411, 12.560500254595956, 9.66265507120279, 10.943080010308522, 14.269994312422511, 18.735495086604622, 50.44221577860482, 52.372136332294225, 59.15426289289662, 66.95003897167808, 69.13983786587579, 66.30111707242665, 61.32800544953619, 53.53837256968813, 43.17371705962981, 44.20226302058086, 36.27292540882811, 32.15440587408651, 91.71279394615566, 83.34898520180678, 75.27603290628619, 71.42256397482944, 67.94523684924086, 65.47292552285377, 70.47671805768773, 79.73822471866228, 84.0705634599022, 88.62805131140723, 91.70219614409008, 92.87234993460024, 87.30362856274408, 78.06848355538499, 73.60617681798043, 70.28117793165514, 71.4885745529768, 75.91421901575818, 80.08341773943414, 84.02204801218619, 108.303720169763, 111.43661594276682, 116.9566872998534, 119.96190277724646, 130.16651027145974, 129.61903861257795, 128.98281176389534, 117.17088231848356, 107.24880094083969, 97.03350284080106, 85.00456781072259, 71.88262708078283, 59.316747857852825, 48.42376311294701, 46.33620643208381], [71.03758414288365, 79.51746600559721, 86.77694620752646, 93.58415162839671, 86.52697885766632, 79.0609457853475, 70.66077479756038, 28.799020628468984, 25.181295167600215, 19.02263511246165, 10.696346239724292, 0.0, 8.130334192036015, 15.859363859270712, 23.63384996965981, 68.66579163646963, 77.02351891052777, 84.97828304792712, 92.1166614050294, 99.98753215689024, 97.68074650576213, 90.80951194609189, 83.49308240348844, 75.25409342046606, 66.75669575727649, 34.67266097750207, 28.79264555479093, 23.97002767681066, 20.087510924487805, 16.382014689583144, 13.497312789691769, 16.541824903018195, 21.171128679905518, 24.858433245781736, 29.00912424278999, 57.92501048393905, 59.48097587247254, 65.4517173640354, 71.39275104870667, 72.49583822886395, 70.01286946857819, 64.65357756860064, 55.47294713408501, 44.67779928020191, 49.85689276426265, 43.03365325582229, 40.23602140654885, 92.95946345462313, 85.54143847332415, 77.93548702011874, 73.51480253724316, 69.5493981161766, 65.84517073826804, 68.12039510745106, 78.15632607560873, 83.13552409520179, 88.2009719960547, 92.1186916583936, 93.60490929993556, 88.29995242287453, 80.21660523772215, 75.28992988883775, 71.11571365467968, 70.03927614423196, 75.38132359375193, 80.31763386068329, 84.73604683180943, 113.75944249453852, 114.86340280833244, 118.78749618078707, 120.43378076277388, 129.69921986928503, 128.38947701266943, 126.79707837477275, 114.53792372523779, 100.09506664587119, 88.97054890446823, 75.87053128904788, 61.993478625289974, 48.836467093401986, 39.326571535803204, 42.4892018800984], [64.67302980653126, 73.14231833421672, 80.53298016298825, 87.7704576785995, 80.26561464489856, 72.63402625231998, 64.30003989568415, 22.076358087057613, 18.532805943905366, 12.733222049545867, 6.600863204322145, 8.130334192036015, 0.0, 8.506226023371001, 16.83215848637848, 61.85224104339352, 70.57761439019971, 78.79025927608993, 86.18997640763494, 94.56738981638114, 91.96187634201428, 84.60589805007103, 77.01942244404482, 68.64329816234722, 60.05617297329909, 28.349542139553595, 23.865512660691707, 21.80714320728575, 20.563019380018904, 19.63570728010392, 16.813199439597003, 15.87074294207694, 17.107382248032458, 18.813976917508455, 22.45119056095552, 50.92974276165672, 51.759960855576125, 57.60190678092716, 64.24856258841115, 65.6975400065844, 62.919417455067865, 57.70170467842514, 49.13211490226998, 38.49697637879677, 42.0427580838175, 35.09830860986994, 32.80793070548816, 87.30094058302336, 79.29309818793806, 71.34886840664451, 67.15703184773768, 63.43710786007923, 60.41834455698621, 64.48739717902139, 73.99603068306894, 78.54796492310469, 83.30048869964, 86.73706202923589, 88.10391812627016, 82.70475565519193, 73.88252521628183, 69.14530881950817, 65.42410360763719, 65.76531489330102, 70.52065709178213, 75.01517782041175, 79.22171558711494, 109.54753645236696, 110.89127552667811, 114.90263032095102, 116.83378098494688, 126.17847271951692, 124.87164587090398, 123.62290357496384, 111.19566001785775, 100.72961573188776, 90.58216492280322, 78.89609497941845, 66.41141147225359, 54.91959415824908, 46.88782564204536, 48.95295971752027], [56.21683133302634, 64.67892872727656, 72.10663659465207, 79.54735262680697, 71.8925444044575, 64.23574688843419, 55.90259704513488, 13.696964828284623, 10.668552787959667, 8.24084265053332, 9.960115808766382, 15.859363859270712, 8.506226023371001, 0.0, 8.471170179674884, 53.501636908483334, 62.22631639752354, 70.42206249861151, 77.84508163128253, 86.37208518082493, 83.66085123087753, 76.1684023458497, 68.54399291461259, 60.165751436820685, 51.57422240737877, 22.42437556330461, 20.215662795574975, 21.423219576140536, 22.83259700125001, 24.20869332874627, 22.09004759331195, 18.866563288475703, 16.326595273893886, 14.417232683098963, 16.410102795565177, 42.43173616298768, 43.787190232737714, 50.54284637644749, 57.392540670954006, 59.60932385260961, 57.515600899917345, 53.06048848375585, 45.26016584151576, 34.847628884918784, 36.295977197169684, 27.7639520762667, 24.465986116528736, 82.10568516890658, 73.84432602596108, 66.1721885811936, 62.89336291935108, 59.78508065977158, 57.72849573563106, 63.4055850540759, 72.26783536485114, 76.23949751700712, 80.28282050278796, 82.86527433998029, 83.65594414589476, 77.87037673005801, 68.97546578278367, 65.07760361462341, 62.1387248778226, 63.83999422419454, 67.6928624858292, 71.37935970149067, 74.86280452210231, 101.93269968718917, 103.59496511129394, 108.14906142142074, 110.81501330455743, 120.82091643103216, 120.27701183051524, 119.99846874970832, 109.1863477935761, 102.15445327966296, 93.1070883818122, 82.48555523272536, 70.75390238225775, 60.44784202727858, 52.49086623202199, 53.414634473924814], [47.896585701055706, 56.36517509711507, 63.72232158405231, 71.08236425206455, 63.44832476409612, 55.814305103288795, 47.47207680025488, 5.252469031190665, 6.988573075881586, 12.152510779755351, 17.719313208446113, 23.63384996965981, 16.83215848637848, 8.471170179674884, 0.0, 46.02878295059556, 54.560279766399205, 62.521239664052445, 69.77123677178476, 78.14578846050003, 75.34206080379623, 67.94275125679897, 60.42664272604838, 52.14930259270422, 43.59475653030702, 20.656654944888487, 21.58062611548078, 25.40721956706916, 28.37557702216288, 30.8345157832199, 29.23201343289904, 25.40921241020323, 21.017972350980653, 16.213582744941046, 15.442168301974082, 34.39746294495758, 36.64354052679563, 44.53097337302751, 50.87642449496453, 53.8322220236122, 52.935158685651714, 49.51358813848056, 42.455187634078776, 32.5498214673148, 32.47102519585215, 22.093387855119484, 17.383725659384357, 76.67483829425356, 68.45614484108702, 61.421979304338706, 59.27260508718473, 56.88036572098651, 55.72200326347857, 62.47731983896853, 70.66374441788295, 74.05743065502307, 77.29569605404619, 78.99561390967152, 79.09272804158881, 72.8887131197742, 64.39493403999766, 61.55453599400006, 59.42460657524205, 62.11610832241406, 65.03848038457627, 67.85747017284469, 70.47476660249855, 94.15396940817915, 95.62584035741291, 100.45600406142793, 103.71981109691565, 114.34712139425831, 114.62543035965032, 115.35500739479419, 106.6117985537898, 102.48664047860258, 94.55432532840591, 84.94554892602753, 73.96044746178819, 64.93925794233563, 57.484419131662875, 58.331323399431255], [15.520020948696011, 19.505096152893017, 27.108343047448805, 39.18071427336534, 29.85872784945874, 24.128672287345903, 20.075327912226115, 41.3498492215481, 43.57879222887622, 51.16794690529738, 60.099529695645835, 68.66579163646963, 61.85224104339352, 53.501636908483334, 46.02878295059556, 0.0, 10.256241129259443, 19.842575526795663, 28.998822678160625, 41.58073459231668, 38.13935312334311, 27.464256617780595, 18.68629246243227, 10.65479677120432, 7.503069525984817, 39.59183452275405, 47.95213261297192, 56.78831885576491, 63.54326738509128, 69.36811187683213, 69.21961634164931, 63.022530235838715, 55.33186326338738, 48.12361703647343, 42.91220607715206, 14.951914435485946, 25.31264208122196, 37.387568744358575, 45.168118657422674, 53.766429886528464, 56.65839595488846, 59.28434006066979, 60.94276330135888, 58.23656060128443, 45.150394120195735, 36.38068105704433, 29.959156971892067, 77.0283781070141, 68.33756831911369, 64.45359127381693, 68.36340617305905, 70.12208314782744, 74.51988726981827, 87.40628105931212, 90.80394336313263, 90.6652026000698, 89.86222666860755, 86.47285247136332, 83.43041590473317, 76.48631107127385, 68.54404577484148, 71.27835093644448, 74.21563469613446, 83.58491038924977, 81.52348227150242, 79.41481597221973, 77.4540943764462, 62.15872042698824, 71.69078508736663, 83.739552630024, 93.90608427129027, 108.78702308296816, 114.44485413405697, 121.10454098763759, 120.98245263197552, 133.03462271647507, 129.40480478841963, 123.59110153353983, 114.97577098668229, 108.2202596454895, 98.9282030888957, 92.92454306939311], [15.173014824268973, 14.870579702660518, 20.870975321801925, 33.08410433934178, 25.03721180674905, 21.759329711514255, 20.56392323193228, 49.78313118808002, 52.207747457097106, 59.93635121814882, 68.75182860419778, 77.02351891052777, 70.57761439019971, 62.22631639752354, 54.560279766399205, 10.256241129259443, 0.0, 9.844154585506521, 19.243527495775872, 32.42879999082769, 29.42475001713559, 18.85197999257277, 11.183976772794102, 7.551804815041834, 12.700713044202875, 48.55470127439589, 56.488290625181584, 64.82805360863249, 71.42255751818341, 77.2284742557304, 77.31766478012312, 71.43151269873802, 64.01610411577731, 57.04684503655383, 51.929850789226684, 23.015590094397975, 33.72398945558016, 45.099187418587526, 50.75079285842452, 59.53740415205341, 63.83473208825752, 67.3068543591825, 69.26828494875251, 66.90963928545473, 54.60262075213076, 46.001768624301405, 39.352274118437094, 80.703513145141, 72.9765985617456, 70.52131769842902, 75.43075638868625, 77.69778439255903, 82.35959956057707, 94.88488017498159, 97.87250204643274, 97.38661491005641, 95.90880359593166, 91.80769723530943, 88.02308562108574, 80.94267196825545, 74.42844688527056, 78.18340502590746, 81.5857121550414, 90.82727249548019, 88.26878119929738, 85.53468446783293, 82.69099548086551, 52.89509200493636, 64.61074399272114, 78.92889817318179, 90.9680179527893, 107.14693812310199, 114.60570135926945, 122.78480840048388, 125.82520128586842, 138.77721507807448, 135.7412876654326, 130.1237801416671, 121.4625524664022, 114.93036479829446, 105.11072500152109, 98.5470188741031], [18.17535406821284, 13.351421522604623, 15.500462076770937, 26.616860045277843, 20.755207993419603, 20.790497835419767, 22.74693246177728, 57.61686528288525, 60.58533041441679, 68.52905895177317, 77.17225071166118, 84.97828304792712, 78.79025927608993, 70.42206249861151, 62.521239664052445, 19.842575526795663, 9.844154585506521, 0.0, 9.467447799515819, 23.067769172928028, 20.351740509026342, 10.46983604531021, 7.501320311006657, 12.401595079866546, 20.204479539294105, 57.80259404584332, 65.47005031720998, 73.42714868400573, 79.77602818573423, 85.39066405980596, 85.5647550626095, 80.02630794798043, 72.87298437857348, 65.99883748360104, 60.95141030909482, 30.672023854215084, 41.01029798686065, 51.562889992633295, 54.905547131085385, 63.630022990832146, 69.30565586840851, 73.57818114508038, 75.78256844202105, 73.89253850482791, 62.56867656101098, 54.32296615063369, 48.01016627648602, 82.35093289389523, 75.72249385763986, 74.74677250865719, 80.59147080466704, 83.34601921664776, 88.2229727580066, 100.27779893778755, 102.77603881915769, 101.9265385462192, 99.76055425206418, 94.98811655632569, 90.49320862718126, 83.35010461979289, 78.39827450847629, 83.1343632061788, 86.96002503595898, 95.97647430738716, 92.90392466970283, 89.55432715333033, 85.85182667433436, 44.06265724483961, 56.80817878919714, 72.73611940405043, 86.29337528686992, 103.4505668162883, 112.50021937970327, 122.07057327871578, 128.21373281156954, 142.3035711092954, 140.03651690421202, 134.90602073729013, 126.5639020044433, 120.68045900628667, 111.09471576281072, 104.94538156746347], [23.688183598056984, 16.873988691064156, 14.184558728974018, 21.54048756901944, 19.43629536483555, 22.854800321810664, 26.991779065749665, 64.79060742217042, 68.27171222522195, 76.3905822495088, 84.82280159512122, 92.1166614050294, 86.18997640763494, 77.84508163128253, 69.77123677178476, 28.998822678160625, 19.243527495775872, 9.467447799515819, 0.0, 13.947107834113922, 11.829042560203636, 6.703141069467507, 12.667156142843348, 20.22025971437234, 28.170746923959346, 66.42439471102158, 73.8439617675222, 81.43430537794706, 87.50561250875118, 92.87488832755075, 93.0949338289808, 87.9223950497803, 81.04446662917921, 74.25542655953166, 69.2888011411231, 38.24274899432888, 48.24092303915112, 58.09971812439359, 59.302222965187575, 67.75945654469037, 74.65067783314184, 79.5329570842531, 81.77712539524315, 80.22564838457954, 70.0260695491396, 62.037099781301855, 56.02039855797305, 83.92017502819468, 78.47158885630942, 78.88732740205683, 85.4742267982854, 88.59935296685778, 93.54987216301649, 104.9667760735914, 107.06711944517554, 105.93682575665648, 103.17887553923039, 97.87771248823577, 92.75825598141279, 85.59669010156779, 82.24019247067005, 87.78682433331574, 91.89551645052117, 100.50493499207226, 97.03639367718716, 93.19886914871327, 88.76076699088864, 35.71244504125032, 48.927296856610646, 66.3464627635259, 81.31313194147644, 99.35483852463159, 109.9403919939112, 120.79852154156828, 129.97860801019664, 144.82381813992114, 143.28484824037062, 138.6257018212192, 130.63581398371664, 125.4500947793204, 116.26751273478737, 110.80568667298279], [32.568461601057145, 25.730976909871902, 19.785060368976865, 17.84786404516902, 22.759424357627104, 28.909417546259085, 34.15729757277068, 73.14815949715272, 77.39633476174377, 85.70859764593615, 93.67084224901977, 99.98753215689024, 94.56738981638114, 86.37208518082493, 78.14578846050003, 41.58073459231668, 32.42879999082769, 23.067769172928028, 13.947107834113922, 0.0, 5.930639750707927, 16.13989482181981, 24.484617109231582, 31.977141100159326, 39.20931963379261, 77.29719873376494, 84.2301514275369, 91.14298045115898, 96.65339584109735, 101.49611308577039, 101.7422756427031, 97.26092401727081, 90.92878590040121, 84.32813490256848, 79.55863009169077, 48.27352933515744, 58.09879272391805, 67.31457030432355, 65.49845719564956, 73.24163410009045, 81.7868747447578, 87.21824400283242, 88.98477033997827, 87.57942685645718, 79.58961001523456, 71.7041370461291, 65.97038738363503, 85.50050991173961, 81.98249517640471, 84.30749777749104, 91.62961152380228, 95.05277629903979, 99.76023299215554, 109.73465569978171, 111.52981628711808, 110.21191019424931, 106.7998098446922, 101.05719112226427, 95.16617285118674, 87.97888920721836, 87.13313778511323, 93.55121189794255, 97.75204675479175, 105.24175579514268, 101.47899429793073, 97.21759220141439, 91.94012766004195, 24.277080467810475, 35.81083839494717, 55.4020865955859, 72.27533425709495, 91.63057803573092, 104.4569463392159, 117.0052020943109, 130.70061121048758, 145.3705935668263, 144.76774370008062, 140.6614915017706, 133.15601509700852, 129.076411976909, 120.74890952542574, 116.87691767449061], [28.618641072465145, 21.17140517726667, 14.460578141473665, 13.330495400224706, 17.301039266180663, 23.857892894262683, 29.878548940442556, 70.24471408043976, 74.78291724668124, 83.19398356295639, 91.26601409380402, 97.68074650576213, 91.96187634201428, 83.66085123087753, 75.34206080379623, 38.13935312334311, 29.42475001713559, 20.351740509026342, 11.829042560203636, 5.930639750707927, 0.0, 11.614423206675438, 20.213765223220065, 28.03423281225734, 35.49106732407024, 74.73459294544962, 81.99874960719283, 89.28017395727865, 94.9275337870211, 99.79028647371342, 99.86471099606749, 95.18557617042559, 88.63839467219412, 81.80749079092591, 76.93511000545239, 44.39925324004731, 53.320742023034036, 62.0149118495623, 60.07828904676012, 67.88684581760182, 76.36126119774417, 81.95890514584904, 84.12724842092791, 83.17507421123517, 74.89404337212066, 67.57531548923673, 62.604099318939696, 80.43108790860981, 76.61850395529409, 78.85178072808513, 86.27511771771263, 89.82222582532611, 94.7533738679494, 105.12700769480793, 106.64195102326612, 105.16686421355983, 101.6848231039154, 95.83214561564002, 89.99921157613358, 82.87946982720608, 81.72107247673439, 88.21853453832358, 92.59326516804654, 100.47847725615689, 96.51858508426577, 92.11380838607869, 86.81171685019363, 30.069131907283083, 38.26456749249646, 55.31632284703947, 71.0522510346341, 89.60166497809453, 101.4884379355711, 113.56032934638391, 126.10855727813822, 142.0882798618081, 141.663024287385, 138.0138885402761, 131.02285397013918, 127.32874139338269, 119.81469989596792, 116.63754149906387], [20.385802811358744, 12.368053364549938, 8.282631424072969, 17.347515078750533, 13.493923575053849, 17.36310674206281, 22.849462510330522, 62.82805195176487, 66.9244890091944, 75.21642328541753, 83.65688983624996, 90.80951194609189, 84.60589805007103, 76.1684023458497, 67.94275125679897, 27.464256617780595, 18.85197999257277, 10.46983604531021, 6.703141069467507, 16.13989482181981, 11.614423206675438, 0.0, 9.00237293893127, 17.502629933386157, 25.721874788170187, 65.65104966887242, 73.39977472199708, 81.31210792505713, 87.40123228530308, 92.63277168466371, 92.61194912731652, 87.36251825056397, 80.34506265919957, 73.28955178736538, 68.24065149831003, 35.28786239157133, 43.88503303137896, 52.91167816280156, 53.35870331580078, 61.77727089427579, 68.90272496136787, 74.11949701150552, 76.78838834231877, 75.87900238052643, 65.78545513627203, 58.6190471440598, 53.80696903472294, 77.60900965662496, 72.13558901797389, 72.77285950755291, 79.62722628370778, 82.96965490492585, 88.15510764291143, 99.77465078377173, 101.45571401001614, 100.09403153545907, 97.12743264765042, 91.62202675535967, 86.44609854861532, 79.37159757809503, 76.08151732399054, 81.88974915568842, 86.23394349508212, 95.11090524654205, 91.33714373321507, 87.24426297152279, 82.62988096488515, 39.85712076929153, 49.086520960116495, 64.01050869058942, 77.85294924580899, 95.06101091268812, 104.85815256590118, 115.38791723202831, 123.97943127887736, 140.37469987936257, 139.26742217785628, 135.33205353847436, 128.14555113321205, 123.75487869088295, 115.92141167223458, 111.88346086287056], [13.734731206141095, 7.23253153900244, 10.281237799954782, 22.713964073848427, 14.83647689544745, 14.122851151962236, 17.347500170801613, 55.34314202684416, 59.16714491929714, 67.35627987542924, 75.95943419581292, 83.49308240348844, 77.01942244404482, 68.54399291461259, 60.42664272604838, 18.68629246243227, 11.183976772794102, 7.501320311006657, 12.667156142843348, 24.484617109231582, 20.213765223220065, 9.00237293893127, 0.0, 8.743888990029266, 17.270752169860206, 57.342710980941725, 65.34810775038979, 73.60582533240122, 79.89862598606858, 85.27740563368525, 85.16131380574487, 79.61335796439812, 72.35978564364632, 65.18010776252545, 60.05545673131664, 27.10412987691208, 35.839053660098976, 45.5678400324037, 47.93585308951206, 56.64439853619613, 62.68847304894233, 67.35828723160851, 69.96480817195807, 68.776194327727, 57.729312405775815, 50.39304777057717, 45.568945535944344, 75.03935092753416, 68.40856411514515, 67.69729215240979, 73.85590158393269, 76.85061978579236, 81.95953770416644, 94.16040159606433, 96.22228089409067, 95.1363572666396, 92.73944193870179, 87.76305808367529, 83.19392373002545, 76.11311851996737, 71.29338207750062, 76.33348360437995, 80.40188880788388, 89.63990755912279, 86.23955511479876, 82.61817065991121, 78.7169836410475, 47.43002160022583, 56.210242315716606, 69.57106074640785, 81.88334791198709, 98.13879949948486, 106.35089030981332, 115.55562798647645, 121.16944005241065, 136.80510459733802, 135.03961781095953, 130.7243980073015, 123.30157608800859, 118.39398217284284, 110.43994331221413, 106.13298244726265], [8.673686477352117, 9.057058985755914, 16.456534117663782, 28.634781677700882, 19.48276318715025, 14.83140482036675, 13.559559306512321, 47.11908186540652, 50.71148055371144, 58.83236365897145, 67.50602718027261, 75.25409342046606, 68.64329816234722, 60.165751436820685, 52.14930259270422, 10.65479677120432, 7.551804815041834, 12.401595079866546, 20.22025971437234, 31.977141100159326, 28.03423281225734, 17.502629933386157, 8.743888990029266, 0.0, 8.64533785500879, 48.745965330294545, 56.85495152560775, 65.27481792496246, 71.63822855598498, 77.05375617298446, 76.85936271932839, 71.16858036901156, 63.81593995617593, 56.57078706734009, 51.421430813849916, 18.790522972084865, 28.670868447054772, 39.69919812112167, 43.867843930718045, 52.60652337048159, 57.63851109972751, 61.515715008213384, 63.53359572281745, 61.66764834183889, 50.22203083540801, 42.217829144053745, 36.957364152207674, 73.24649116793725, 65.74339346361106, 63.738464276726866, 68.9993833044598, 71.47094782746629, 76.21035697785061, 88.54543088712904, 91.24025086418149, 90.60255020092019, 88.89154831539415, 84.64187042006036, 80.69935098290404, 73.57015081016095, 67.53136563436385, 71.6377415874492, 75.18506932216798, 84.32195952454978, 81.50886923664126, 78.55274416312562, 75.46872816692922, 53.86594684201013, 61.916693500024344, 74.03560833882091, 84.99024753608536, 100.50892758271635, 107.40152242689555, 115.35248967419452, 118.4479027423943, 132.29913977648596, 129.76705181329146, 124.87143253225187, 117.0443923815186, 111.56844396064547, 103.42862329478889, 99.04916740674588], [8.99078696385144, 15.26114197867951, 23.323257491987693, 34.467774799170456, 25.133029572373182, 18.46583023954282, 12.986392601127726, 38.590406944786494, 42.17456049622063, 50.3188128221528, 58.98037551278216, 66.75669575727649, 60.05617297329909, 51.57422240737877, 43.59475653030702, 7.503069525984817, 12.700713044202875, 20.204479539294105, 28.170746923959346, 39.20931963379261, 35.49106732407024, 25.721874788170187, 17.270752169860206, 8.64533785500879, 0.0, 40.68433161440052, 48.8023078256798, 57.26866802752947, 63.571673080801865, 68.884012647587, 68.56936945171502, 62.86518038771899, 55.51525252722459, 48.1975571468557, 43.05886483585448, 10.52610553900088, 22.5184125951196, 35.00180394161269, 40.50386426798722, 48.952697177681486, 53.098680421376, 56.05910903126172, 57.127504734421365, 54.38520942780072, 43.13816879752002, 34.17814565435875, 28.333222694847212, 71.29406925156503, 63.20769845361517, 60.0788355185379, 64.35520900013378, 66.21906080299556, 70.39708074229273, 82.52247363720788, 85.93881590194603, 85.8196788959999, 84.8143243383882, 81.37493469180791, 78.04126979347684, 70.87706028335168, 63.95807701127772, 67.08212336776664, 69.9692534353145, 78.67218547713273, 76.53759825567273, 74.32707534882009, 72.07772197299292, 60.05208807670958, 66.77587722715512, 77.46754073544672, 87.00735118117319, 101.76127454363485, 107.4218461154105, 114.15700898950057, 115.07075099556876, 126.75644623256557, 123.49154839922147, 118.02855216640867, 109.84284020009709, 103.93828319217566, 95.85226727517687, 91.87672241149525], [47.892294654839915, 55.6504910462346, 63.6761320671914, 73.66268900802129, 64.96205605210618, 57.518706344466835, 49.66346292210657, 20.822228323481447, 14.08577908449813, 15.801524244091135, 24.219583766560046, 34.67266097750207, 28.349542139553595, 22.42437556330461, 20.656654944888487, 39.59183452275405, 48.55470127439589, 57.80259404584332, 66.42439471102158, 77.29719873376494, 74.73459294544962, 65.65104966887242, 57.342710980941725, 48.745965330294545, 40.68433161440052, 0.0, 9.057872158363077, 18.945287848274408, 26.117976991933546, 32.345810661118655, 32.00584650136856, 24.72420912661948, 16.486993047544996, 10.034350196234136, 6.029715424344417, 34.00745110003957, 37.9769212201316, 47.34422419048762, 58.59120381818183, 63.565306582134085, 61.09791043972563, 58.123731969392075, 54.39109492940131, 46.512502749925346, 37.67344852538919, 27.143150456333306, 18.263295620772556, 89.29295902582112, 79.5389