{
	"dissimilarities": [[0.0, 7.445071180160604, 16.129784168565802, 26.32693246217375, 17.24630064113006, 9.785546698379914, 5.6615184570484285, 42.725001148093604, 48.47947321118358, 56.93890908801127, 65.22067466101421, 72.1749695296823, 65.73194373648005, 57.268179896665615, 48.94484379824814, 15.465499682551126, 15.19684802057953, 18.191714481969367, 23.684434825291675, 33.90453692249028, 28.955746064958994, 20.4103517630691, 13.702641976621333, 8.65670965213741, 8.568624196812577, 47.91375449899765, 55.636719622294, 63.52014546603704, 69.32112461617119, 74.29340812668825, 73.79972906792052, 68.713426751482, 61.81359435282201, 54.59036897181983, 49.62063939158847, 17.33417629472476, 27.697325596900235, 38.935562335792, 39.22645698735054, 48.4893039312982, 54.726959341670764, 58.30367444173849, 59.54952288238421, 57.42461989342437, 48.07329133603021, 39.7627704578731, 35.14444432398577, 66.73460542826544, 60.16109957503036, 59.51673049608085, 64.89870063355664, 67.66809508008556, 71.88302129087562, 82.31018214114941, 85.18476106087347, 84.6957482212239, 82.58167626268299, 78.53424284866414, 75.59551553827139, 67.16206353273705, 63.37899289420667, 67.24819743139521, 71.16592705738891, 79.08771338906259, 75.11193047642121, 72.54627970874277, 70.10327988009333, 54.037732285987765, 58.81405124750406, 68.43472631679026, 78.52081739590582, 93.61297706244974, 102.12797713883072, 110.45415714937634, 111.296181611809, 124.39388458037406, 121.87228205370161, 118.518421643316, 109.88418005863461, 106.15665420933715, 99.47004020771163, 95.32225560347095], [7.445071180160604, 0.0, 9.185570454791469, 20.939014919858526, 11.549356376235387, 7.530316989636491, 10.734681494092221, 50.14540233942033, 55.81431505041202, 64.2318708150282, 72.58542567477004, 79.61462452300856, 73.15488447219741, 64.67948920104334, 56.36801796726793, 18.616718797952153, 14.449964378232425, 13.617469758973655, 17.58156570264199, 28.182356815537734, 22.56272040783988, 13.332732776438144, 7.590856582691377, 8.32961773962989, 13.990680758500421, 54.61353085860525, 62.475936688193364, 70.47621284850555, 76.40150819938553, 81.48127984862234, 81.07257189812965, 75.89954937919941, 68.90192689241718, 61.66583460669279, 56.6341497247914, 23.934995895843137, 32.74715611478562, 42.71079399554997, 42.10521952809326, 51.602566839024334, 58.37096548470369, 62.57713171756969, 64.8599050020047, 63.56713026375491, 53.79810527864872, 46.37541158292696, 42.253308999694845, 68.29256564210449, 62.20634481488618, 62.35254042459993, 68.52661801808682, 71.89963359212912, 76.63897002883824, 87.37833449736274, 89.55072947799285, 88.57761029975687, 85.77908887437674, 81.0147822313739, 77.66496816336246, 69.36629883428341, 66.23897279965647, 70.81407252156387, 75.30686311983874, 83.78737096304828, 79.15591372290893, 76.02437790193315, 72.7665166407958, 49.472700683499646, 55.07422055700959, 65.66668479053507, 76.91644533861327, 92.53546303053892, 102.02882996537147, 111.35007930372281, 113.97226828065591, 129.2011547635501, 127.364235852997, 124.61914910480996, 116.40362796394862, 113.06261110158222, 106.50900790024974, 102.08861986004167], [16.129784168565802, 9.185570454791469, 0.0, 12.883421816687447, 5.445172350317206, 10.810470510178451, 17.755820358610297, 58.5452123915433, 64.55284973798359, 73.03519571364431, 81.24260151573513, 87.89198240536429, 81.60247626322075, 73.18170264308884, 64.79642144373373, 27.175786712267904, 20.99271138926127, 15.606424584316226, 14.185994548742398, 21.50456001712228, 14.82401553727033, 8.267939962947118, 10.320365068823534, 16.548638532401533, 23.168023029566893, 63.75419363090413, 71.53024937528164, 79.36858622149487, 85.16545821353094, 90.08735023500425, 89.71730305708937, 84.74004748384358, 77.87492879625427, 70.68021870388442, 65.68926169080174, 32.83572783527561, 40.370213351621814, 48.88752513735933, 45.84934582073173, 55.30962164967401, 63.169615463748805, 68.07080637996128, 70.9020048165919, 70.34184306143827, 61.33483153858134, 54.66289182150254, 51.140397662865425, 69.04198463768151, 64.1575335104322, 65.63657609324079, 72.75033791956547, 76.73807944860401, 81.75526040510145, 92.197381435638, 93.65403155855756, 92.2064765851109, 88.56225793442167, 83.0281779109991, 79.09604757506582, 70.99160294564408, 69.34564549715186, 74.7898464260798, 79.68142734410362, 88.26166715073694, 83.03360560109002, 79.26172779720258, 74.98724798487598, 43.64046375697335, 48.12796208650358, 59.258691730468335, 71.70870950684936, 88.03382018422987, 98.84275210386848, 109.450686342586, 115.19357420174892, 132.23886416290992, 131.3553752301356, 129.38168665288362, 121.80858272663545, 119.22425178540996, 113.34755188865817, 109.62692747728323], [26.32693246217375, 20.939014919858526, 12.883421816687447, 0.0, 10.772061146772842, 19.167076401961097, 25.938857970579775, 66.06455930979159, 72.882194472728, 81.47457539484697, 89.14158805466815, 94.68581931047898, 88.89327993676821, 80.71992239539767, 72.2656298254772, 39.50990283396664, 33.476553222964306, 27.01070662630728, 21.827994497393366, 19.121792220937927, 13.315388709643965, 17.557387983052887, 23.04605918087856, 29.0054831240774, 34.47710381167232, 73.91866379155014, 81.26335739805583, 88.5116267407466, 93.77108260816286, 98.10491522918343, 97.67974387482269, 93.34496189153757, 86.99126399272396, 79.9606036213605, 75.1933000266906, 42.874314041954456, 49.51727015388273, 56.77139609796135, 49.61245323557325, 58.5193634715238, 68.07874270610056, 73.54580187671226, 75.90924495152869, 75.75061061894161, 69.28789852167246, 63.08829501378773, 60.29284114396466, 67.5345997110504, 64.88290093274587, 68.25565325345254, 76.2298959129092, 80.63172604093214, 85.36129511130042, 94.39706594100363, 95.32572035452225, 93.58748480133983, 89.08750253644219, 82.97875068661713, 78.34314904451291, 70.50131905038175, 71.45127400033066, 77.74932929863324, 82.55260262456045, 90.2873400533404, 84.78971279030003, 80.46153661440486, 75.14037523263805, 38.79988675155058, 36.60106602941059, 46.70447699204232, 60.07215409094716, 77.43495857746018, 89.86814829199518, 101.93668099624571, 112.52287621505313, 130.04380344522428, 130.35677203976113, 129.26179699213495, 122.6365293759206, 121.3412407730997, 117.05461444643207, 115.67406211019826], [17.24630064113006, 11.549356376235387, 5.445172350317206, 10.772061146772842, 0.0, 9.163554019089588, 17.094658547223073, 58.23497397709465, 64.85128044873633, 73.40949868055255, 81.40922461381605, 87.63295838625979, 81.32734389581587, 72.96350308015191, 64.52207381952832, 29.87754194950217, 25.108750570408137, 20.822223573280183, 19.449207822582647, 24.46676577651458, 17.600782622458897, 13.460934165746929, 14.822155977106906, 19.52452918201189, 24.932784516685672, 65.01616390733176, 72.7779274189602, 80.5750577555513, 86.18237913854092, 90.87640422283371, 90.27877353471438, 85.46764743617376, 78.71461051155853, 71.4568513957986, 66.53093240630903, 33.20105769890557, 39.397490834029796, 47.00116130411377, 42.12844265629316, 51.46056142537423, 59.96152955856621, 65.1453535570561, 68.00571702826163, 67.89345123100414, 59.8072583052941, 53.79282558651773, 51.30290849543174, 64.0457232584177, 59.61261855327318, 61.623624474080735, 69.06292348123839, 73.25293945105544, 78.27699517473744, 88.45039509944644, 89.59605405172664, 87.99233961092719, 84.07138544236965, 78.36016767400498, 74.2662111291508, 66.20355803589989, 65.1949926150269, 70.94016463318926, 75.87939151508643, 84.36834052981712, 78.9333756170709, 74.94656427328407, 70.36097307946241, 46.151419759936005, 47.002723824792675, 55.89391718722734, 67.41489727140505, 83.11791045893992, 93.58391596348811, 104.10804839957592, 110.13434919736271, 127.95951316623099, 127.53161354616176, 126.18918110238529, 119.25272183814072, 117.44024255310813, 112.84526543648307, 110.65394586652916], [9.785546698379914, 7.530316989636491, 10.810470510178451, 19.167076401961097, 9.163554019089588, 0.0, 8.520575953227222, 49.49504860367778, 56.14674309270427, 64.68220645893767, 72.72952543808503, 79.14058275728374, 72.61931727148036, 64.21091689999493, 55.79648705074169, 23.257591605681466, 21.357796594468773, 20.90717355040011, 23.395093339455794, 31.39800914035038, 25.148623562152068, 18.030458425507764, 14.190360879971058, 14.248036573206884, 17.258559829731855, 56.43695550954771, 64.27858078818608, 72.22583459796891, 77.86672031361105, 82.6093378436547, 81.84403902709559, 76.90528172504922, 70.06680749003776, 62.727921388073185, 57.797771471156445, 24.245533444758763, 30.636479684288613, 39.25002371434895, 35.98936355636123, 45.4618530505969, 53.15714781104672, 57.794298849280096, 60.16583482907304, 59.55638371815329, 51.04561034096948, 44.664436850354896, 42.2885650654106, 61.00440974947401, 55.352238659273944, 56.11905524957017, 62.74906122977772, 66.4165610393758, 71.20943333141545, 81.68390984424889, 83.43013326774746, 82.24180586682458, 79.08843357501267, 74.10289837474294, 70.56869142067936, 62.276338518707284, 59.86075025155245, 64.84048170896904, 69.42843410626757, 77.86645065479398, 72.92339847769392, 69.5019020470387, 65.86377056670973, 52.700155478100044, 53.93231713381076, 61.63829518929522, 71.50440134157425, 86.12692101168686, 94.98437483634139, 104.05617437297302, 106.73264015376462, 123.1046906562375, 121.87717395386223, 120.03464048097047, 112.72461673124967, 110.49353344042666, 105.82544624609834, 103.64529628023769], [5.6615184570484285, 10.734681494092221, 17.755820358610297, 25.938857970579775, 17.094658547223073, 8.520575953227222, 0.0, 41.184893195155574, 47.80764687682553, 56.37254675436288, 64.35301281602281, 70.73157081466701, 64.29930231758492, 55.90295047373114, 47.47528567277072, 19.7177883958283, 20.731481200951084, 23.302325420151398, 27.748969824318614, 36.339945794859275, 31.08054533887242, 23.73234483502947, 18.002069552087644, 13.777600454388605, 12.160986183136222, 48.70937390242448, 56.298370146563606, 64.02278245790221, 69.52281376597418, 74.16312780357602, 73.39754380225666, 68.57292955670383, 61.87798350308378, 54.620387369218996, 49.77993279817306, 17.23477561394966, 25.869457579567168, 36.40127101584088, 34.68506252664767, 43.879516858873735, 50.79363028684228, 54.55397407305028, 55.50743442913269, 53.63818012476048, 45.54518335204772, 37.76329105866456, 34.43142365497941, 61.529111209077065, 55.257415444770864, 54.946358432676945, 60.49979464196672, 63.34108255938908, 67.4277209931896, 77.49066265435522, 80.24794620932504, 79.72907200403563, 77.49624940508374, 73.45321066509355, 70.44757330216748, 61.97127223001193, 58.67460022696678, 62.6970200739781, 66.51485345079844, 74.19378495787272, 70.16222998487369, 67.51103023279786, 64.96091609489504, 56.36607384097417, 58.087907043248556, 65.68651994600302, 74.64760639834425, 89.03978127526689, 97.00156428560828, 105.005933051342, 105.78835767589366, 119.09331885219547, 116.8859860722326, 114.03374191049676, 105.95572394375864, 102.98597060688893, 97.68097669254749, 95.34885697181696], [42.725001148093604, 50.14540233942033, 58.5452123915433, 66.06455930979159, 58.23497397709465, 49.49504860367778, 41.184893195155574, 0.0, 9.375803273703326, 17.04351578078153, 23.749781343895798, 30.01981568751184, 23.131928031370105, 14.736766180052665, 6.303618423524141, 41.31898168507817, 49.78660160825047, 57.62540928661819, 64.80171955939689, 73.96134685823475, 70.43834473066912, 62.85961171991432, 55.345989826719446, 47.117122272685556, 38.51602771694473, 20.80402861714447, 23.754300518990895, 28.832278048467106, 32.47779746493746, 35.92147773913524, 34.01021810368615, 29.925195930032004, 24.762702009825684, 18.855431423898157, 16.609626979736603, 28.585724401433136, 31.667123147447374, 40.62927452788767, 46.50443716610468, 49.953057242194134, 49.93836573725032, 47.841117274037764, 40.949999988452426, 31.851917148244663, 29.814432947199002, 17.95172744544653, 12.387207769005899, 72.0464544958808, 63.967547575211626, 58.60503801388206, 57.306968721707264, 55.16324734784032, 54.71103446614705, 61.43989329691082, 69.01373858902349, 71.93056040647085, 74.79664785278483, 75.91202496701084, 76.0678897300638, 68.64499696223918, 61.33861119923649, 59.586457956103565, 58.78020114967017, 61.506332994146106, 62.92134168628118, 64.76528796298024, 68.11635843952246, 89.81738812671968, 91.40251431384661, 96.04937369409645, 99.93013297376164, 110.59758898004613, 113.04911515511226, 115.05883911154746, 104.13511123145378, 103.2396015796434, 95.9083442046827, 88.41093622922529, 77.06842579147977, 70.31363079505776, 63.2259593917106, 61.94190718788712], [48.47947321118358, 55.81431505041202, 64.55284973798359, 72.882194472728, 64.85128044873633, 56.14674309270427, 47.80764687682553, 9.375803273703326, 0.0, 8.608285693926927, 16.842305880066984, 25.450367648843148, 18.588663140366766, 10.664284794366193, 6.94464715804835, 44.5949354631434, 53.23599877775581, 61.61117259836453, 69.29183300612847, 79.12428305764259, 76.00021685043049, 68.00133481310256, 60.2248818965726, 51.76492268799453, 43.20794762587687, 14.370893904940013, 14.855598478982829, 19.52727522136363, 23.64078028753108, 27.888642463327805, 26.269044368874194, 21.28355610687918, 15.573648975872063, 9.918320782560524, 8.981685514668728, 33.885490681819405, 37.61035084693283, 46.63510422976483, 54.72526561809343, 58.045029194555795, 56.81481369711397, 54.052839031863904, 47.29177926920764, 37.901551459176, 34.56445403264685, 23.324915181843348, 16.04319598860196, 80.81603488383202, 72.32668024553928, 66.34242313382093, 64.34035339044121, 61.717735132551894, 61.01542454563424, 67.64812190330605, 75.64825257059393, 78.88672073839385, 82.35844427856215, 83.9099424566146, 84.40523108499475, 77.17866924191878, 69.11675170930799, 66.7598408517663, 65.70550419755119, 68.20095240880178, 70.18206638464491, 72.48361418711895, 76.35930233773118, 94.31008671118639, 98.18401876678783, 104.21683276454388, 108.71021229675786, 119.792100158812, 122.30843061871214, 124.08600452381684, 111.9817506491099, 109.13031072207345, 100.74033901897957, 91.91815285493354, 79.40906692291202, 70.74750180318468, 60.70313704265358, 55.820173383323834], [56.93890908801127, 64.2318708150282, 73.03519571364431, 81.47457539484697, 73.40949868055255, 64.68220645893767, 56.37254675436288, 17.04351578078153, 8.608285693926927, 0.0, 9.086534055530965, 19.363380013186667, 12.79782886641453, 8.159576076794737, 12.054862688516119, 52.22672662075717, 60.98461521031662, 69.55870146493591, 77.40306910159812, 87.37872400758447, 84.39173697973759, 76.29021056094452, 68.4196366458274, 59.89441979534875, 51.38692693951376, 16.655683855037264, 12.519437772167167, 13.742355375119544, 16.596386697158064, 20.597929067364223, 18.462253754091293, 13.135198674381785, 8.505387280571414, 7.1828540138117125, 10.899603908498007, 42.05090502616372, 44.80092586700786, 52.71869335455507, 61.61212197720365, 64.11374400543922, 61.74070483909857, 58.12708249799042, 50.69537853172242, 40.87179670266636, 38.7083341458294, 29.251605350107077, 23.721999395565984, 86.79669829226907, 78.19241553572937, 71.62809808820975, 68.59410488797569, 65.22669841089709, 63.78176882303258, 69.56987670982639, 78.15751376227834, 81.90737207354066, 86.21020077706847, 88.55348360138844, 89.5568957474664, 82.7244589748841, 74.18003273755345, 70.96157296500915, 69.2185052673386, 70.80353136263322, 73.70685487245149, 76.70539688936674, 81.39834318804428, 102.1250359427656, 106.36126046418211, 112.27712326493763, 116.31093242506768, 126.89859195662805, 128.68239164070692, 129.58057295734824, 115.50906410600123, 110.1160036756281, 100.67790810171802, 90.83261054816872, 77.65969662751671, 67.78939201821602, 56.6449033210673, 50.784857932079575], [65.22067466101421, 72.58542567477004, 81.24260151573513, 89.14158805466815, 81.40922461381605, 72.72952543808503, 64.35301281602281, 23.749781343895798, 16.842305880066984, 9.086534055530965, 0.0, 11.056773892306966, 6.622180465523196, 9.940708682969891, 17.686636325972728, 61.17779090985598, 69.82023869406078, 78.22106484227197, 85.85091819479925, 95.27428454274744, 92.4385688703381, 84.73383026914942, 77.03379795937296, 68.58433506480806, 60.04254014145179, 25.21478795184891, 19.229599479307364, 15.614721488615574, 14.106489599281922, 15.021630576707842, 11.545042443465768, 9.426212249012906, 11.542522982133585, 15.22198435089601, 19.754428840170423, 50.58936476517993, 52.68868174491731, 59.62762678193578, 67.69896966996825, 69.2964741350461, 66.53185255507044, 62.29311565961032, 53.57574476440545, 43.19824262730739, 44.14871250963722, 36.15042950075378, 32.19243360698189, 90.88977007771075, 82.72195808479313, 76.03805818122567, 72.16010104296613, 68.06866001519005, 65.51310516486852, 69.47233592408766, 78.81120643148905, 83.19559328685968, 88.27207493471505, 91.48549656185287, 92.8941577611996, 86.47149207983232, 78.18332556667838, 74.2652594636613, 71.5754998470827, 71.52555002020955, 75.57052649580704, 79.2719791851709, 84.69817953915931, 109.34780578462608, 112.61681312786742, 117.68994192521937, 120.76340986109992, 130.64120278672917, 131.56027102098193, 131.45054144196206, 116.17521479726541, 107.03066561588665, 96.54704674295178, 85.53401100392881, 71.69403958703688, 60.83873038099409, 49.475877897269186, 45.29084717649681], [72.1749695296823, 79.61462452300856, 87.89198240536429, 94.68581931047898, 87.63295838625979, 79.14058275728374, 70.73157081466701, 30.01981568751184, 25.450367648843148, 19.363380013186667, 11.056773892306966, 0.0, 8.438442952704008, 16.197874753685987, 23.84658800931456, 69.88335584537303, 78.20785080064232, 86.11668583643902, 93.20220735800784, 101.48556942515161, 98.80788192235104, 91.92954382134954, 84.64860010019319, 76.43885801840177, 67.87981272498867, 35.929408322153485, 30.03823564725127, 24.934929733970854, 20.731168741804304, 17.39569460985335, 13.70508703741151, 17.37818029756976, 22.278351297601958, 26.085070972340137, 30.26293701503894, 58.36594989753632, 60.10473113593994, 66.26909971454202, 72.18024417491846, 72.89703464762987, 70.52727628326916, 66.02017171962397, 55.71998243919051, 44.88882034268504, 50.091740339696116, 43.11397928065671, 40.48820048381649, 92.39145951798525, 85.21251541742947, 78.92982806049797, 74.5565351199461, 69.91270528391507, 66.06497979976585, 67.35073762483765, 77.4715788652356, 82.5092581791332, 88.15132095890704, 92.17090121798104, 93.80871770056444, 87.79388602716597, 80.53202130136862, 76.21468779594561, 72.4800753896479, 70.25207442372299, 75.49020446515743, 79.77521207354735, 85.70786492055731, 114.70024110779703, 115.82804964100828, 119.40607826107059, 121.10181142534807, 130.08182810953824, 130.1010492510053, 128.97553147368026, 113.57446281081174, 99.7692402266858, 88.36395661879288, 76.09000450186998, 61.5427241713715, 50.01375763239402, 39.79395532301362, 41.32830638611539], [65.73194373648005, 73.15488447219741, 81.60247626322075, 88.89327993676821, 81.32734389581587, 72.61931727148036, 64.29930231758492, 23.131928031370105, 18.588663140366766, 12.79782886641453, 6.622180465523196, 8.438442952704008, 0.0, 8.55418417335201, 16.83740525094568, 62.92361002456389, 71.6390789317969, 79.83358599011976, 87.21183380307356, 96.19214816341761, 93.11264590117543, 85.675286940454, 78.09080665534621, 69.72105482979651, 61.1017173908939, 29.261312059431237, 24.637773395878718, 22.141287214214625, 20.449332155069026, 20.050754292570364, 16.165291953844477, 15.822935795928958, 17.578006210994776, 19.611988245571485, 23.364656709842627, 51.141173803630835, 52.14349490859829, 58.15788802463359, 64.99069903120943, 65.9075331569387, 63.20678476102432, 58.78332910842327, 49.190779362390465, 38.53718832475875, 42.010655163743536, 34.97306726903101, 32.87016783202797, 86.55518347079969, 78.75923352040583, 72.16820756566749, 67.9709769035157, 63.599104477771434, 60.47544485790154, 63.52805398089213, 73.1197025709311, 77.7276839125085, 83.02905440939722, 86.60109966455477, 88.16309287085747, 81.96885435940897, 74.03189138194426, 69.8654870493595, 66.69378923905468, 65.83392784911833, 70.31045823049067, 74.27273210351169, 79.98634692187584, 110.56322437020006, 111.98456409724834, 115.62907645564736, 117.67539097159249, 126.65194316699024, 126.81179632930832, 126.09004655491968, 110.2044919511913, 100.47829318855283, 90.04704454052884, 79.40093077583019, 66.08236890322372, 56.22274929658576, 47.73057652719837, 47.95522320682766], [57.268179896665615, 64.67948920104334, 73.18170264308884, 80.71992239539767, 72.96350308015191, 64.21091689999493, 55.90295047373114, 14.736766180052665, 10.664284794366193, 8.159576076794737, 9.940708682969891, 16.197874753685987, 8.55418417335201, 0.0, 8.463697838661837, 54.4909724787972, 63.23416075949638, 71.43725661717585, 78.86295393153334, 88.091915358271, 84.85620319379115, 77.23406496578517, 69.58834987932693, 61.20320580515094, 52.57764647580558, 22.978450737895496, 20.502251461014204, 21.23840279226143, 22.28053238193428, 24.175208110027118, 21.180439196109912, 18.248731998645933, 16.09423384818367, 14.63068706310794, 16.915496658928642, 42.59209084104952, 44.08327552807641, 50.98580943218512, 58.01358202858398, 59.748887526381374, 57.67975028400724, 53.901933151526, 45.205964197407766, 34.79900202587175, 36.04642856363261, 27.43925227438055, 24.418444896579796, 81.27183954499684, 73.18918559335769, 66.82965733655575, 63.50588547845348, 59.8332599371376, 57.69364695680384, 62.376403346055326, 71.30236240843307, 75.31811174123087, 79.82491224201779, 82.55366625801469, 83.67525202903254, 77.02984435039363, 69.04546598183626, 65.60656940326312, 63.279061467246855, 63.86749094325275, 67.25638626065832, 70.52496509567358, 75.50480479865716, 103.04067718345894, 104.83724382434829, 108.99192895431922, 111.77682312955659, 121.38687850947301, 122.35713488184382, 122.60695878139633, 108.19410914541935, 101.96341737979012, 92.64076255446977, 83.18199319706592, 70.55411900983368, 61.801052056703746, 53.57089653154021, 52.51670496500022], [48.94484379824814, 56.36801796726793, 64.79642144373373, 72.2656298254772, 64.52207381952832, 55.79648705074169, 47.47528567277072, 6.303618423524141, 6.94464715804835, 12.054862688516119, 17.686636325972728, 23.84658800931456, 16.83740525094568, 8.463697838661837, 0.0, 46.96847743670165, 55.53898109350165, 63.520989266519656, 70.7820603762974, 79.9027933065111, 76.54097514571147, 68.99999389730175, 61.45601364343773, 53.16756581714557, 44.55108511108598, 20.80174169472319, 21.427843288392747, 24.906360831989748, 27.638037129977395, 30.529138732537575, 28.264379538634348, 24.60211288294006, 20.393353860950043, 15.822419744684222, 15.37572472487704, 34.62459876225711, 36.994454309065354, 45.02385432929485, 51.3366267869727, 53.98948232159439, 53.09313154138584, 50.224301223467066, 42.36444658856478, 32.466768823783795, 32.12445811382278, 21.594611620680592, 17.265038777262593, 75.80475423109017, 67.7571783648067, 61.96427077599625, 59.75578965807806, 56.90796759983253, 55.6603212265587, 61.441807418780236, 69.67914418508977, 73.1084417016379, 76.70607414307814, 78.55019766292078, 79.12511083832244, 72.02344383242854, 64.45776386410775, 61.948745004002035, 60.42724558559744, 62.14750403685439, 64.47050371929741, 66.9623308725046, 71.05152155550148, 95.27190641782016, 96.89466712687812, 101.30696608347581, 104.67777408821598, 114.90121669146137, 116.71319389044173, 117.95332481872062, 105.60126688575603, 102.23944442053104, 94.03493268197859, 85.64827279971401, 73.69740974126596, 66.09194889512854, 58.50220516003639, 57.39611865717189], [15.465499682551126, 18.616718797952153, 27.175786712267904, 39.50990283396664, 29.87754194950217, 23.257591605681466, 19.7177883958283, 41.31898168507817, 44.5949354631434, 52.22672662075717, 61.17779090985598, 69.88335584537303, 62.92361002456389, 54.4909724787972, 46.96847743670165, 0.0, 10.211126649076732, 19.770139214643915, 28.934585779031604, 42.91080360023489, 38.605819809794966, 27.56543316821894, 18.714912115825175, 10.63082981731389, 7.883822811054736, 39.60764615805136, 47.954598030197836, 56.74265708675872, 63.43250280977525, 69.38010813743402, 69.10955882724498, 62.989899634560565, 55.33440436281368, 48.133435937800954, 42.9223486407181, 15.237500358428118, 25.895081549116544, 37.97394064597439, 45.214498328588306, 53.87945929010581, 56.988392675521595, 59.42266497871884, 61.455548154124976, 58.90426235901924, 45.69351101715755, 37.12334052466886, 30.925133865389636, 75.66955824052127, 67.22954598542708, 64.46372577769868, 68.39824287397633, 70.49773889767567, 74.9630162275784, 86.85153292216657, 90.14208870107865, 89.93063168856158, 88.80451572479473, 85.4331282537452, 83.33712149872409, 75.16857592697505, 68.68708932269261, 71.29275245375324, 75.20564957784833, 83.94918806154352, 80.39598669687526, 78.55320730460147, 77.31220400222864, 62.43312473324443, 72.3867602745006, 83.60499599905187, 93.91546148356713, 108.5051968547474, 116.12804681947978, 123.48058351365837, 120.07539174371229, 132.89724467011536, 129.15307500130652, 124.8369681377361, 115.19363894094106, 109.78558468052452, 100.74749876186587, 92.7129091224728], [15.19684802057953, 14.449964378232425, 20.99271138926127, 33.476553222964306, 25.108750570408137, 21.357796594468773, 20.731481200951084, 49.78660160825047, 53.23599877775581, 60.98461521031662, 69.82023869406078, 78.20785080064232, 71.6390789317969, 63.23416075949638, 55.53898109350165, 10.211126649076732, 0.0, 9.821109496574714, 19.236650388613526, 33.8236460578194, 29.98805331804791, 19.005370167372217, 11.246592585326853, 7.567936996002082, 12.778392853824537, 48.56327698396485, 56.5084028046571, 64.82082503386536, 71.37115054991649, 77.1990118096364, 77.26131251995261, 71.42712424245258, 64.02729741014147, 57.0558004855795, 51.936035006661236, 23.794659833936983, 34.49416646922945, 45.82644649079482, 50.63914354660977, 59.83417442717327, 64.26603188456885, 67.4394782352796, 69.82274204225584, 67.60661445373668, 55.151381928035825, 46.70647231756663, 40.29476032102685, 79.54236607799777, 72.0519698487036, 70.50654035125604, 75.45304706669428, 78.13851628244485, 82.8469597441533, 94.45510518440857, 97.33021550131166, 96.77028510885171, 94.89306554397804, 90.78563495850506, 88.08583790760831, 79.85711986020713, 74.6835968059883, 78.1763815214984, 82.47573915315655, 91.2853575259645, 87.24809557140779, 84.82010953097898, 82.62503346547975, 53.275287370627865, 65.50640106025091, 78.88131543503417, 90.96275023627784, 106.94427119762894, 116.23998341387242, 125.03404442275368, 125.00668814803103, 138.69588868048507, 135.5573779819411, 131.39723894153207, 121.77717952116878, 116.4965795452867, 106.9621113841188, 98.407589965057], [18.191714481969367, 13.617469758973655, 15.606424584316226, 27.01070662630728, 20.822223573280183, 20.90717355040011, 23.302325420151398, 57.62540928661819, 61.61117259836453, 69.55870146493591, 78.22106484227197, 86.11668583643902, 79.83358599011976, 71.43725661717585, 63.520989266519656, 19.770139214643915, 9.821109496574714, 0.0, 9.488032790836408, 24.56904911583918, 20.97599431220265, 10.609942950814105, 7.471083621930691, 12.371990377636534, 20.09111761684596, 57.80207368241968, 65.49970761536579, 73.44410166971494, 79.76605400261195, 85.35154546935826, 85.5431817495584, 80.03696332366258, 72.8840999873262, 65.9992670900846, 60.94660663604757, 31.714680330698812, 41.93450508049915, 52.43576381204246, 54.61945659606703, 64.09638871353317, 69.84107477522176, 73.7225173161112, 76.3789539180772, 74.6183587110322, 63.133308044776534, 55.00346446488979, 48.93771819356912, 81.39000028296013, 74.98956228281749, 74.70569264511857, 80.6064922882047, 83.85505826525578, 88.75459534600975, 99.97960429038288, 102.36099930164883, 101.4365369154733, 98.79288686808295, 93.9889040433454, 90.70499121113723, 82.50318414748048, 78.75971771683881, 83.10687962304583, 87.73083059236436, 96.52403160498862, 91.99996768179851, 88.9919122794886, 85.85902706588165, 44.50094794106079, 57.818694652045316, 72.72348710831432, 86.24347797107093, 103.28276128162929, 114.04990139281746, 124.16215530984948, 127.47507119476683, 142.24667845157512, 139.8882046131907, 136.1824967866112, 126.91421162068205, 122.16057528722556, 112.90428523970012, 104.84515068045333], [23.684434825291675, 17.58156570264199, 14.185994548742398, 21.827994497393366, 19.449207822582647, 23.395093339455794, 27.748969824318614, 64.80171955939689, 69.29183300612847, 77.40306910159812, 85.85091819479925, 93.20220735800784, 87.21183380307356, 78.86295393153334, 70.7820603762974, 28.934585779031604, 19.236650388613526, 9.488032790836408, 0.0, 15.523472382355733, 12.41870009905985, 6.611644664915454, 12.564585194750125, 20.184454205982973, 27.95985841552859, 66.43097728718577, 73.89405777412964, 81.47971887293247, 87.53701146888396, 92.83670594008518, 93.10616204649067, 87.95176454845128, 81.06373029764055, 74.25747648048562, 69.28471520611686, 39.45852593237903, 49.291265695821096, 59.111330824326856, 58.848764421950655, 68.38195125549657, 75.28874283354787, 79.71630706203489, 82.41024444132762, 80.97316205312934, 70.60868945003085, 62.69355766012652, 56.9357472153479, 83.16647536963987, 77.93689418031151, 78.83413331431764, 85.50046295774415, 89.17616360666638, 94.1217606823397, 104.79526634534544, 106.77807625848031, 105.57387521648539, 102.27344745333, 96.91572481656992, 93.11541795588676, 84.99788722386313, 82.70203790077588, 87.7536771858738, 92.55030633676894, 101.13544575718278, 96.26714567304701, 92.78794377717367, 88.85428154905567, 36.137408641456865, 49.97473392088331, 66.3113940660252, 81.1600134322409, 99.1822423100698, 111.34741036646213, 122.67318650298849, 129.30793998516677, 144.76897526053943, 143.1508139948255, 139.8742834171903, 130.99139231187092, 126.80807478911292, 117.99550707664461, 110.72317477847751], [33.90453692249028, 28.182356815537734, 21.50456001712228, 19.121792220937927, 24.46676577651458, 31.39800914035038, 36.339945794859275, 73.96134685823475, 79.12428305764259, 87.37872400758447, 95.27428454274744, 101.48556942515161, 96.19214816341761, 88.091915358271, 79.9027933065111, 42.91080360023489, 33.8236460578194, 24.56904911583918, 15.523472382355733, 0.0, 7.448546292163458, 17.854731045975523, 26.131107769964657, 33.49020258859384, 40.225019438315854, 78.17255755808901, 85.02882872302298, 91.78297065583199, 97.21572858299616, 101.86519302783582, 102.2692371268897, 97.89083113247544, 91.63922072584884, 85.10085804313856, 80.37739489321146, 50.9914773997112, 60.870067430557654, 70.24630143933432, 66.39212114970084, 75.67321027588504, 84.2261344158361, 89.11588441346863, 91.04300551189272, 89.55748750373104, 81.62257537909801, 73.54172953931145, 67.88429355364748, 86.5152007593195, 83.32885155872326, 85.8821226849527, 93.29333111160337, 97.24794867643631, 101.78552946325942, 110.95918145524618, 112.75124929105723, 111.43167511161475, 107.44664653364723, 101.65924017941256, 97.20564373498924, 89.23580856138733, 89.31919584659728, 95.09550740291284, 99.6888635637226, 107.2667466686908, 102.34857012880587, 98.46015120789909, 93.6648031685271, 22.517348035123007, 35.681079603666305, 54.909576034083834, 71.80460521779636, 91.6687630120798, 106.04812062832066, 119.06230150389003, 131.26229460588522, 145.88871240562065, 145.17767315810002, 142.18594150153638, 133.73396106249402, 130.33550538973188, 122.2150498625126, 116.6302231975621], [28.955746064958994, 22.56272040783988, 14.82401553727033, 13.315388709643965, 17.600782622458897, 25.148623562152068, 31.08054533887242, 70.43834473066912, 76.00021685043049, 84.39173697973759, 92.4385688703381, 98.80788192235104, 93.11264590117543, 84.85620319379115, 76.54097514571147, 38.605819809794966, 29.98805331804791, 20.97599431220265, 12.41870009905985, 7.448546292163458, 0.0, 12.082502565221915, 20.730568153184834, 28.53431501478073, 35.624961615294055, 75.06495646960376, 82.33862941437481, 89.5626065786138, 95.16870985513346, 99.94193767633037, 100.04819001245487, 95.42261246140176, 88.89846079740296, 82.06735696456894, 77.20770405397525, 46.18674168614719, 54.98515562657915, 63.70002459941627, 59.72024819434657, 69.02215080771546, 77.5171222588996, 82.5927343426081, 85.09817975822108, 84.1986871455295, 75.891066636436, 68.54418126127594, 63.81380953634294, 80.114263289548, 76.61218719012118, 79.10412937660494, 86.64943738793451, 90.79908513271111, 95.63968426708269, 105.29769166336128, 106.71725107635284, 105.18594831317769, 101.07653005296125, 95.14259930110059, 90.72762205683668, 82.80182833048264, 82.60003142518345, 88.48507590508666, 93.33710881352236, 101.39603539444862, 96.15849445216455, 92.12298484854158, 87.23047869998447, 29.772155065788436, 38.449517085120085, 54.639537792650366, 70.31689626408904, 89.02626106960705, 102.4613722839437, 114.97572854338067, 125.55943172819222, 141.8874633233377, 141.4096848559746, 139.0836883387589, 131.17613522728877, 128.3097465223095, 121.24677851072344, 116.50006866688712], [20.4103517630691, 13.332732776438144, 8.267939962947118, 17.557387983052887, 13.460934165746929, 18.030458425507764, 23.73234483502947, 62.85961171991432, 68.00133481310256, 76.29021056094452, 84.73383026914942, 91.92954382134954, 85.675286940454, 77.23406496578517, 68.99999389730175, 27.56543316821894, 19.005370167372217, 10.609942950814105, 6.611644664915454, 17.854731045975523, 12.082502565221915, 0.0, 9.083756200149638, 17.610341854585585, 25.638428489084696, 65.74392854847918, 73.51087049075555, 81.3911869590422, 87.44599213230629, 92.68083108763977, 92.62959195570322, 87.42362186879997, 80.41760885319509, 73.35553229776785, 68.30757516972218, 36.6308327903959, 45.14162095009488, 54.14906635091736, 53.002756683754875, 62.51714384956541, 69.70214860964174, 74.42310805278461, 77.54731791101479, 76.73310422616663, 66.54369733593416, 59.432546408158416, 54.83964871174101, 76.8718669551566, 71.68425023162635, 72.80979294528503, 79.74906316275835, 83.67469358762573, 88.83782291952264, 99.67866543406475, 101.24741257035494, 99.81576059966314, 96.2715597650405, 90.71279920596318, 86.84559774989071, 78.80122303773992, 76.65302116741262, 81.94443068039743, 86.9504072958975, 95.80305167675289, 90.61192747859731, 86.91567602631193, 82.7439480945897, 39.99470581054211, 49.71786116745504, 63.715880269305316, 77.58198657199189, 94.69493763389987, 106.23548977108148, 117.29149609889772, 123.31629530859273, 140.23094335292708, 139.0441178672588, 136.5324209037716, 128.34837221072578, 124.94733181078448, 117.52556553958041, 111.7317243650788], [13.702641976621333, 7.590856582691377, 10.320365068823534, 23.04605918087856, 14.822155977106906, 14.190360879971058, 18.002069552087644, 55.345989826719446, 60.2248818965726, 68.4196366458274, 77.03379795937296, 84.64860010019319, 78.09080665534621, 69.58834987932693, 61.45601364343773, 18.714912115825175, 11.246592585326853, 7.471083621930691, 12.564585194750125, 26.131107769964657, 20.730568153184834, 9.083756200149638, 0.0, 8.773405328294249, 17.21227574888791, 57.38788904906313, 65.40609328873006, 73.6323436048641, 79.88473488438589, 85.32570563697874, 85.13112615442994, 79.63272766425207, 72.39413307106794, 65.2103003210198, 60.084790756707825, 28.2725546462007, 36.95295997615152, 46.634098889482594, 47.681184459202136, 57.19396632631675, 63.34328948889264, 67.57973336687681, 70.65439384868854, 69.5840469370968, 58.42365121792771, 51.19177825192085, 46.582455528051504, 74.07396906451591, 67.7253041842812, 67.70091011455017, 73.92394278006888, 77.45170774404205, 82.57017889288801, 93.92768378826604, 95.87149274139016, 94.71029243734843, 91.79724466050473, 86.78835012278068, 83.4263414503062, 75.27601051344956, 71.72724854099262, 76.35146744388057, 81.18702519110178, 90.23294221193068, 85.36217345891838, 82.11525856537243, 78.72549759519787, 47.67682693409441, 56.907083404440776, 69.38308926635389, 81.78456043426984, 97.83093210309372, 107.90154622974346, 117.69535988087786, 120.43246793155275, 136.6771590994629, 134.8185564896003, 131.97366191350622, 123.51324676591764, 119.70214078898867, 112.12506798055475, 105.97339581682984], [8.65670965213741, 8.32961773962989, 16.548638532401533, 29.0054831240774, 19.52452918201189, 14.248036573206884, 13.777600454388605, 47.117122272685556, 51.76492268799453, 59.89441979534875, 68.58433506480806, 76.43885801840177, 69.72105482979651, 61.20320580515094, 53.16756581714557, 10.63082981731389, 7.567936996002082, 12.371990377636534, 20.184454205982973, 33.49020258859384, 28.53431501478073, 17.610341854585585, 8.773405328294249, 0.0, 8.63745115146297, 48.76724072406912, 56.88998169427685, 65.27978106703644, 71.59957977100164, 77.12025139795979, 76.810058642185, 71.17157877123215, 63.83417604890432, 56.585157320397535, 51.43351174611791, 19.843814147510177, 29.645891361975508, 40.596513624450346, 43.66028446864676, 52.97805910268142, 58.147197942119845, 61.69801540562426, 64.13830023808796, 62.41769892305042, 50.821413101272206, 42.96581769942242, 37.95574810627382, 72.10746606656303, 64.86762392193795, 63.723686163622325, 69.03878054991767, 71.964133542797, 76.73698873886904, 88.18804860914192, 90.76028062732476, 90.04289534862407, 87.89676714079172, 83.62898379731013, 80.79438725163395, 72.53479762173349, 67.82872703104502, 71.6348884348497, 76.0205084004664, 84.82715567462279, 80.5418254256308, 77.8941492382895, 75.43192577711157, 54.17644434568818, 62.64324867666616, 73.93256435550516, 85.00719220666154, 100.25774268081985, 109.04727218028727, 117.62214935722932, 117.63476521542306, 132.1928789109153, 129.55864609448182, 126.15200063072346, 117.28342746163491, 112.98735120610473, 105.1828184708359, 98.89570772264689], [8.568624196812577, 13.990680758500421, 23.168023029566893, 34.47710381167232, 24.932784516685672, 17.258559829731855, 12.160986183136222, 38.51602771694473, 43.20794762587687, 51.38692693951376, 60.04254014145179, 67.87981272498867, 61.1017173908939, 52.57764647580558, 44.55108511108598, 7.883822811054736, 12.778392853824537, 20.09111761684596, 27.95985841552859, 40.225019438315854, 35.624961615294055, 25.638428489084696, 17.21227574888791, 8.63745115146297, 0.0, 40.825911210210776, 48.91177408134374, 57.28789613339514, 63.50858924115776, 68.93839460557348, 68.47457746413409, 62.87278662252665, 55.57767746744141, 48.271220398939505, 43.143850932111015, 11.651799071944811, 23.637658241747108, 36.063983504884106, 40.36953940881397, 49.25461450088544, 53.669330495705005, 56.44832887232305, 57.74846936459117, 55.12388614730805, 43.85622107038578, 34.9918128492711, 29.396279362649864, 69.99845466386024, 62.23413588935746, 60.17364274122351, 64.52883290711533, 66.74784955700231, 70.92996408120824, 82.05781427083869, 85.3786504011779, 85.19345951094233, 83.82970363925838, 80.38264954964885, 78.03594925756863, 69.69653948898328, 64.22771124477248, 67.19182903647167, 70.92002462123439, 79.1136125539042, 75.5671275783417, 73.57231492424582, 72.04966770956686, 59.9583795449433, 66.97503239377902, 76.94849524103479, 86.66077508925041, 101.1795473099658, 108.80179097371897, 116.22093083419098, 114.10608187548844, 126.44024703880673, 123.07118195566463, 119.07306234436017, 109.82866687046324, 105.1660562980184, 97.36865437327103, 91.5150175780878], [47.91375449899765, 54.61353085860525, 63.75419363090413, 73.91866379155014, 65.01616390733176, 56.43695550954771, 48.70937390242448, 20.80402861714447, 14.370893904940013, 16.655683855037264, 25.21478795184891, 35.929408322153485, 29.261312059431237, 22.978450737895496, 20.80174169472319, 39.60764615805136, 48.56327698396485, 57.80207368241968, 66.43097728718577, 78.17255755808901, 75.06495646960376, 65.74392854847918, 57.38788904906313, 48.76724072406912, 40.825911210210776, 0.0, 8.983477897925557, 18.783142634584664, 25.83805692114692, 32.39331534325366, 31.77224744740178, 24.63024062768097, 16.469455755557288, 10.053727397300067, 6.064647072612717, 32.8250726323292, 37.21387655947341, 46.866195931401926, 58.727293533237244, 62.97788337348474, 60.699894503488196, 58.21507753664315, 54.2118030654918, 46.47654158286769, 37.23370637374715, 26.6742242971036, 17.638808597562083, 87.61859312733161, 78.03184613870022, 71.50233322755903, 69.86824498733333, 6