{
	"dissimilarities": [[0.0, 7.4474981490612, 16.135809518760844, 26.312902107834557, 17.243505674870935, 9.775826913591454, 5.633204041630041, 42.73200916821609, 48.48702003874334, 56.94443009953985, 65.23056393410133, 72.17082301135412, 65.7401535775916, 57.27685208927338, 48.9518124607899, 16.34968186302657, 15.214860436665862, 18.204748693699376, 23.67983414068912, 34.03676332918974, 29.346220775827927, 20.812963111904203, 13.715138274334858, 8.627226356086933, 9.623086272367976, 47.937978206617686, 55.66302472353729, 63.53786435406056, 69.33325349513659, 74.28943031560603, 73.8036821611689, 68.73151249995124, 61.83260289629335, 54.60031804869757, 49.6355689220735, 17.29807493516426, 27.477658145421366, 38.912389795980744, 39.137366178226316, 48.451392932259324, 54.642800977626294, 58.33452587654144, 59.63107160426894, 57.47964859208402, 48.36781326392129, 39.888238516852375, 35.20898268473628, 66.7434024098917, 60.421382050028924, 59.93790665442806, 65.32425546023674, 67.68317781714376, 71.94037546741681, 82.32330501888232, 85.21664795679061, 84.70455330279081, 82.87534337823855, 78.75711536968599, 75.60470686883755, 67.17702183896522, 63.38518528600106, 68.26431165634754, 71.18276128410695, 79.11660614249355, 75.56835105990585, 72.58601527422806, 69.28605649780033, 53.9711843753005, 58.15977943829618, 68.0821799907109, 78.26052437422216, 93.44691640815859, 102.2426888757868, 111.13775295712651, 111.51955321049522, 124.68330099920762, 121.79346722331009, 118.45066515888963, 109.59910854582697, 105.97043569492334, 99.15972226510208, 95.3093171388835], [7.4474981490612, 0.0, 9.208528319522129, 20.943827240871858, 11.558253177054397, 7.518940156978311, 10.724545681681489, 50.150651182335594, 55.819301597014714, 64.23488206997493, 72.5934310166759, 79.61245307619528, 73.16187888351838, 64.68662334740098, 56.37509635646699, 19.27008356370034, 14.447895783150638, 13.624891223930891, 17.580202156090355, 28.363924579016796, 23.03173622853329, 13.86023765880784, 7.59206227305921, 8.273320017767173, 15.149816078344085, 54.625171040508555, 62.49219543647727, 70.48832962395073, 76.41019064450981, 81.4764659361614, 81.07488000484713, 75.91242135013813, 68.91384251586267, 61.6690367641805, 56.64035908078649, 23.8979746897416, 32.54700220699389, 42.66847071608283, 42.01606559429225, 51.559220394148596, 58.27943079231448, 62.59083385216271, 64.92345869792294, 63.60859625114735, 54.03977009727346, 46.46820464863885, 42.29674870011757, 68.29935922876673, 62.5675747720338, 62.860688629610166, 69.02743330793712, 71.90332248176337, 76.68331523731744, 87.38817446748592, 89.57513416995941, 88.58178656463295, 86.14699930880428, 81.31787460081965, 77.67081702949405, 69.37715800154704, 66.2360522742296, 71.90049532066875, 75.31501237345014, 83.80879100082447, 79.67852681643832, 76.05557905366366, 72.06683795968293, 49.425496216574714, 54.38452503083969, 65.3279723182056, 76.67718641388795, 92.38900511450137, 102.16222549074625, 112.04832213834366, 114.19980011610343, 129.49686355721786, 127.29984016732348, 124.56773714041606, 116.14476681948287, 112.89906505627594, 106.2281008307368, 102.08692386086018], [16.135809518760844, 9.208528319522129, 0.0, 12.844619113234655, 5.437972034945472, 10.839892719699309, 17.76867154543007, 58.56062820798241, 64.56539988362333, 73.0451414497017, 81.25763817590715, 87.89691481732446, 81.61713041844826, 73.19557461289058, 64.80559768793097, 27.74391219064624, 21.021410836086073, 15.642981721287093, 14.187920737338823, 21.656481282663766, 15.508483539975462, 9.266991655660103, 10.360476061814728, 16.536674027401098, 24.35230041893057, 63.78420077373237, 71.56231755999394, 79.3928473163508, 85.18597074164155, 90.0959999834091, 89.73125003020394, 84.76550074194523, 77.90000727349916, 70.6964072749131, 65.71042571543322, 32.819748352249185, 40.20596528435737, 48.879388133530675, 45.7565431598838, 55.27378343339712, 63.095926204240286, 68.1098280549961, 70.99031081292202, 70.40528288508365, 61.60460594163088, 54.7806826543637, 51.20537659414806, 69.05709803135301, 64.71074821914458, 66.30640475311856, 73.37045760499294, 76.76042378242029, 81.82127506555084, 92.21739956231386, 93.6982804111196, 92.21862601109363, 89.02569978733229, 83.45846745815886, 79.10687917302306, 71.01622553586293, 69.35760950673438, 75.88338022007164, 79.7046695275417, 88.30566550797603, 83.66246038030047, 79.31519351518092, 74.4532453226103, 43.55117760849799, 47.362710059518356, 58.862376935077044, 71.4269298526315, 87.85691478729412, 98.9458146272821, 110.09253006734667, 115.3791045504447, 132.49694171329264, 131.28448424481974, 129.32059376260867, 121.56044927872362, 119.0644235846679, 113.08685133553531, 109.61769833089517], [26.312902107834557, 20.943827240871858, 12.844619113234655, 0.0, 10.761350960131077, 19.218809562944816, 25.970486936869577, 66.0852514169095, 72.88544947341427, 81.47002861339433, 89.1520024597253, 94.70263948574713, 88.9096741362516, 80.72921515902263, 72.26046929701707, 40.11059126056369, 33.478319752971714, 27.035362250376398, 21.83929070618902, 19.184096555205382, 14.335394889487588, 18.415615258783863, 23.052044984033696, 28.957436598227773, 35.60939903384382, 73.93657350399758, 81.29000707778648, 88.53561659803805, 93.80040424719714, 98.13533242295972, 97.70800132746675, 93.37552751436725, 87.0112748401904, 79.96390056521372, 75.20289186275241, 42.82352761196226, 49.28506535923816, 56.725569606236185, 49.432372546589846, 58.4337204943099, 67.95146866925525, 73.56510997623286, 76.01372021712848, 75.83481631888189, 69.58981313513354, 63.22221239098035, 60.367830794884554, 67.5533090469485, 65.67080563206385, 69.08023738065744, 76.91734634711067, 80.63566749374027, 85.4376430314315, 94.42112429500212, 95.39523833334125, 93.5823706106175, 89.60904464946991, 83.53442576342306, 78.33674060085798, 70.53723174588043, 71.4416885856302, 78.646250044245, 82.56283913887023, 90.36801889080462, 85.51758497041828, 80.54199842452516, 74.77024184830267, 38.76025423960866, 36.01266728761626, 46.3461640788031, 59.834873591239486, 77.29889989639099, 89.9799087353688, 102.5020295977813, 112.60008596083229, 130.2671038204998, 130.31382647844904, 129.227461688698, 122.45499260400507, 121.23223510678274, 116.87355334740188, 115.67929024670379], [17.243505674870935, 11.558253177054397, 5.437972034945472, 10.761350960131077, 0.0, 9.19974490610827, 17.109374149070714, 58.248277194036, 64.85845859165752, 73.41291699178407, 81.42039332881396, 87.6387678595974, 81.33966960963693, 72.97361958123959, 64.5264544597457, 30.57305159161679, 25.117311367784293, 20.84230839909766, 19.45344906259833, 24.61039229735546, 18.496413526012894, 14.497623699672818, 14.834544096491843, 19.493153708444897, 26.04716752123196, 65.03543184166972, 72.80206221845314, 80.59448301854681, 86.20078880090324, 90.88614653605896, 90.29235390458636, 85.489571934976, 78.7331099234859, 71.4645520478939, 66.54309333101047, 33.16789666306517, 39.19690611996254, 46.96721717526073, 42.001156023108194, 51.40305064218381, 59.86013471743829, 65.16906058161067, 68.09116447077058, 67.95545794051846, 60.07870805656829, 53.90588106745888, 51.36191593973322, 64.05843222836947, 60.22008084480835, 62.33797493055293, 69.7054136715594, 73.26238063309388, 78.33896807731462, 88.4675572332225, 89.64066699192166, 87.99577879694401, 84.55093958558135, 78.81626875695619, 74.26946626920568, 66.2263909956238, 65.19406374776963, 71.97813505217918, 75.89282180547417, 84.41504307822667, 79.59330605123165, 75.0007260338114, 69.86542217546591, 46.09537401947108, 46.399315425936365, 55.515798289334555, 67.15024192643398, 82.9569382706454, 93.70605069139971, 104.77486415001556, 110.31018554748677, 128.2271615582703, 127.46996306633828, 126.13880409113246, 119.01759617505179, 117.29328258094273, 112.6013791708292, 110.65246313397611], [9.775826913591454, 7.518940156978311, 10.839892719699309, 19.218809562944816, 9.19974490610827, 0.0, 8.52205005751304, 49.49718358302632, 56.142957970576404, 64.67439383847952, 72.7314008224631, 79.14102033048012, 72.62285636997659, 64.21232179361006, 55.797218390007295, 24.08615637239406, 21.326238840861066, 20.901223683104064, 23.402591652284777, 31.589029729922448, 25.90026152051527, 18.856118257761807, 14.16716506871075, 14.172326725279023, 18.215720577557448, 56.4272431343727, 64.279212847888, 72.22889420980113, 77.87137151625745, 82.60605506210315, 81.84549961710135, 76.91121717014744, 70.06615192850184, 62.71526531447289, 57.78663496449421, 24.173015994268173, 30.35964622340211, 39.15035984164131, 35.84211431369788, 45.38017362270119, 53.013380643291086, 57.77423386899153, 60.21776447611567, 59.590489105650114, 51.27902856194807, 44.74152783359873, 42.31716263597705, 61.007042086207406, 55.76677029063894, 56.67508101007716, 63.27244475936938, 66.39372771131139, 71.24150440760795, 81.68811091897281, 83.45100578775215, 82.23086967109523, 79.47320225869608, 74.43031608860873, 70.56254845312414, 62.28201674445446, 59.83274337759028, 65.8539079209446, 69.41684542395198, 77.88765663270321, 73.48452045311018, 69.52904376649482, 65.19896703756443, 52.70517471257298, 53.46189513418655, 61.347553167114796, 71.30952073387316, 86.01881276631016, 95.15905210542874, 104.80806572699846, 106.9569941275329, 123.42678037544779, 121.83360730492052, 120.00741410480472, 112.49125862688574, 110.35608542165681, 105.57535497120762, 103.66088861988258], [5.633204041630041, 10.724545681681489, 17.76867154543007, 25.970486936869577, 17.109374149070714, 8.52205005751304, 0.0, 41.18744992107961, 47.80175166823135, 56.36166132005786, 64.3540866001481, 70.7317985240178, 64.30282377590017, 55.90331095698853, 47.47269580955059, 20.653222314844555, 20.70189402376249, 23.298531398045032, 27.753803509041877, 36.494927271693506, 31.646911026090898, 24.320897611467267, 17.98528850949142, 13.698262160695936, 12.848870654950732, 48.70060017543736, 56.30126339755498, 64.02732126255782, 69.52949733178357, 74.16195437186852, 73.40079802745176, 68.58124582387337, 61.87838127439602, 54.60607083711834, 49.768076061228925, 17.130176423692635, 25.53462399267986, 36.299278795511775, 34.52654942010053, 43.79385642709943, 50.643530852292905, 54.53776145503376, 55.57074988290318, 53.68209265046128, 45.82360174318538, 37.864996138746086, 34.47319977159031, 61.53249392906407, 55.52949709577787, 55.369528887372034, 60.90578090924514, 63.32011052247196, 67.46672347896823, 77.49618961740616, 80.27410252423623, 79.71807771162801, 77.776524549968, 73.67027367099863, 70.44152962193274, 61.979030543797876, 58.64816884232846, 63.61159303944438, 66.50493141144601, 74.2215292918001, 70.62643354970807, 67.5437388232971, 64.13354249183352, 56.36384625725005, 57.62698119920642, 65.40707794876829, 74.45387077829814, 88.92901293260226, 97.16518419225196, 105.73751456940253, 106.00383766160049, 119.41476691121608, 116.83751496491152, 114.00093752384183, 105.70876216451259, 102.83768389727571, 97.41349498286142, 95.36147068262633], [42.73200916821609, 50.150651182335594, 58.56062820798241, 66.0852514169095, 58.248277194036, 49.49718358302632, 41.18744992107961, 0.0, 9.348723067570994, 17.00898107203089, 23.747062817602707, 30.011393771716985, 23.13351930566512, 14.733242931705462, 6.306148459480319, 41.80419588461259, 49.78111124534948, 57.62840237908156, 64.80999534046062, 74.06283630385093, 70.74588718244848, 63.12020601905936, 55.34745384481712, 47.10711231108123, 37.575128179984446, 20.779169443950543, 23.753220609457994, 28.83465243216349, 32.48247803834716, 35.90763671362916, 34.00689063180058, 29.93412742583055, 24.75605175558245, 18.811622340902364, 16.570905438605607, 28.541510377362336, 31.435838559495135, 40.546606649585044, 46.4185413284117, 49.89479794861349, 49.80243900682737, 47.82206995313126, 41.021193919821066, 31.908433081697734, 30.19293824372959, 18.128010924016706, 12.471965454599806, 72.05064946385644, 63.488172823411176, 58.245591859188615, 56.98961999549111, 55.140171068917084, 54.75029137600693, 61.443631644742176, 69.03448609029404, 71.92131244569308, 74.51908339324163, 75.54387327510176, 76.0683007023435, 68.64954324674129, 61.31803960039027, 59.86183493831705, 58.76955161442492, 61.5264555937416, 62.74878029867937, 64.78900423591023, 66.7230877332226, 89.82007645607824, 91.1080016955297, 95.84585192892459, 99.77835156435505, 110.50525092267206, 113.20332928060724, 115.77581489374647, 104.38745108036353, 103.61891546853467, 95.8470132493493, 88.36669097400913, 76.72324613025451, 70.09226401048862, 62.80538688601317, 61.95839078489901], [48.48702003874334, 55.819301597014714, 64.56539988362333, 72.88544947341427, 64.85845859165752, 56.142957970576404, 47.80175166823135, 9.348723067570994, 0.0, 8.600795224794798, 16.842595833389254, 25.404222935989424, 18.578246994955876, 10.661413055247836, 6.96848835190101, 44.89714735899601, 53.244230461998924, 61.616704616779664, 69.29527212912937, 79.21147055050137, 76.19286396728542, 68.13740947276685, 60.23216107737954, 51.77083292157063, 42.19344740604527, 14.410331019937535, 14.903154378852888, 19.543430486768745, 23.63526448093103, 27.83627451108677, 26.2399962602763, 21.29677272781369, 15.600255674260309, 9.92135685367848, 9.005635882790894, 33.87899960308427, 37.48846799806646, 46.61731977970424, 54.694123748930274, 58.02807968973102, 56.747730609134486, 54.076895803033416, 47.365657354161016, 37.950622533222436, 34.90016907026069, 23.4769021075249, 16.12264368870915, 80.82138271460616, 71.7840694061976, 65.9198499856089, 63.9787732224371, 61.72847015968022, 61.063475197170575, 67.6534288930471, 75.66478616458836, 78.89521682560614, 82.04225632374467, 83.49469066648555, 84.41741306374432, 77.18437473296606, 69.12291194016946, 67.09396722863886, 65.71811809626594, 68.2094730648924, 69.93226399742399, 72.50425598109227, 74.95207309385519, 94.27733998650466, 97.77161824175877, 103.97101786086469, 108.51439426187865, 119.65917303244403, 122.42223553001624, 124.75929456992608, 112.24854150240249, 109.47357713526965, 100.63807662242868, 91.82413119916792, 78.9978204662941, 70.45363988679414, 60.1704939220174, 55.78640723565368], [56.94443009953985, 64.23488206997493, 73.0451414497017, 81.47002861339433, 73.41291699178407, 64.67439383847952, 56.36166132005786, 17.00898107203089, 8.600795224794798, 0.0, 9.065591332193284, 19.26557272743196, 12.754897267433165, 8.130880812104186, 12.060620086233422, 52.45816835572928, 60.995897105882804, 69.56327515765707, 77.40327235039842, 87.45611366274716, 84.55203632220632, 76.39250717242568, 68.42733829532877, 59.90496922437356, 50.346479388137425, 16.70917790596165, 12.585995006798669, 13.756325928195835, 16.563839525104108, 20.489273843796855, 18.388095847409463, 13.136785482741658, 8.559548193597953, 7.217053966914336, 10.939317731732904, 42.055868479864316, 44.729277662332066, 52.72419637172831, 61.60350044552724, 64.11233287326782, 61.701620076193834, 58.16484997746228, 50.76436275104836, 40.91112204073894, 39.00183474233267, 29.36912134799361, 23.769838366813648, 86.80069879271458, 77.55892422620653, 71.10636285720187, 68.13535922430142, 65.24861608276603, 63.82965600752398, 69.57264028129204, 78.16876179020096, 81.9215118411197, 85.81240168094317, 88.05596449618137, 89.5726051126333, 82.7282489359573, 74.19509743331686, 71.21372990160732, 69.23811006886368, 70.80286669399905, 73.34580986744602, 76.72112260230477, 79.9593082431446, 102.07813977301696, 105.93475161110366, 112.01984507761428, 116.10020963333685, 126.74971861932433, 128.77764398049982, 130.23332301899433, 115.78466508411296, 110.44744094657527, 100.55153756456608, 90.70907415586844, 77.19687028777585, 67.44039826595525, 56.01759449953682, 50.714624198473416], [65.23056393410133, 72.5934310166759, 81.25763817590715, 89.1520024597253, 81.42039332881396, 72.7314008224631, 64.3540866001481, 23.747062817602707, 16.842595833389254, 9.065591332193284, 0.0, 10.97920597465436, 6.608756224275941, 9.94190594529329, 17.697227750649223, 61.418021239878165, 69.82783100186793, 78.2286422238184, 85.85863681751003, 95.35537862892123, 92.6166834037113, 84.86084334107449, 77.04236745637571, 68.59050282226761, 59.02474539931499, 25.229138766170774, 19.259856955680878, 15.634306731726259, 14.108506627468303, 14.951575806489227, 11.50301641840587, 9.462917346098397, 11.568666235067633, 15.211654994069907, 19.75729375880386, 50.58419423719137, 52.593406701987696, 59.60586722466141, 67.67052686502385, 69.27900252738173, 66.4660881561225, 62.306731357913435, 53.64051824427014, 43.24418665203134, 44.413185476133656, 36.24965330744638, 32.23456537775917, 90.89683417492039, 82.0395662533637, 75.44100163956344, 71.59261369013556, 68.0727865843149, 65.55657243913127, 69.47860813931656, 78.82946746928812, 83.20106452896731, 87.77627279522736, 90.91436623244854, 92.90529475486177, 86.47841779721371, 78.1857945356949, 74.30170576272117, 71.5836228319469, 71.53826476087522, 75.10807108415982, 79.29259459388554, 83.23471771495866, 109.33125930247118, 112.28134494190697, 117.48657444540918, 120.60207030511478, 130.53283680408623, 131.6779368735058, 132.09400395686757, 116.42827645549569, 107.38299244526837, 96.45430323770897, 85.4492348760351, 71.2680157600263, 60.525565234634406, 48.864659419235146, 45.26633992169883], [72.17082301135412, 79.61245307619528, 87.89691481732446, 94.70263948574713, 87.6387678595974, 79.14102033048012, 70.7317985240178, 30.011393771716985, 25.404222935989424, 19.26557272743196, 10.97920597465436, 0.0, 8.39484613598272, 16.149621092838867, 23.801719716537523, 70.17878439572048, 78.19352579845987, 86.11372363913459, 93.20585541738322, 101.55356320120559, 99.02027150776676, 92.10890988584052, 84.64248313860536, 76.41866068421871, 66.9105364178264, 35.883392557492506, 30.009649058422212, 24.91527255485087, 20.739256675389957, 17.417804404013843, 13.726134770572557, 17.380865156753444, 22.232628849427496, 26.00526960253121, 30.204502429833934, 58.319827684906365, 59.93028920889431, 66.18709449057316, 72.08637241587215, 72.82797129992598, 70.38991666400993, 65.98166897219095, 55.77388174345437, 44.937155650446826, 50.344768378490386, 43.194211392782805, 40.51314826681858, 92.39107037192932, 84.52677814689983, 78.29388360980391, 73.890271493599, 69.87144217271792, 66.0943702002011, 67.34932416197569, 77.49873839200698, 82.48301421099053, 87.5480450663936, 91.54140612930017, 93.7966697942934, 87.79556050771015, 80.49769052221818, 75.92903657220816, 72.45348965963369, 70.28705158793014, 74.94418518213173, 79.80002991572842, 84.22875326298207, 114.71579334740562, 115.63360031205846, 119.27263120497574, 121.00543631404975, 130.02743838665398, 130.24350390976718, 129.58384145321506, 113.7518049050528, 100.13497963907538, 88.32577315771623, 76.07063407924817, 61.198802775105285, 49.782963102912646, 39.26947895696695, 41.37374260114699], [65.7401535775916, 73.16187888351838, 81.61713041844826, 88.9096741362516, 81.33966960963693, 72.62285636997659, 64.30282377590017, 23.13351930566512, 18.578246994955876, 12.754897267433165, 6.608756224275941, 8.39484613598272, 0.0, 8.547609442703731, 16.83843835336813, 63.26299260789029, 71.64044993800596, 79.83927849149435, 87.22062001043369, 96.27479972117706, 93.36276016077395, 85.88155259810888, 78.09608564959822, 69.72012895176202, 60.11059186567404, 29.252712323063736, 24.644699428209325, 22.14846430981654, 20.458664123663475, 20.026831493175248, 16.158605097608056, 15.84463747915521, 17.576018406713278, 19.577851617631847, 23.345496444948946, 51.12343102633049, 52.01580502631382, 58.110851946474945, 64.93900720738023, 65.87112220700848, 63.109581124828324, 58.77662895337631, 49.25604788709294, 38.58916092313448, 42.28873759686834, 35.071374103338925, 32.90807854779713, 86.5609542312496, 78.05910234125798, 71.5441628552256, 67.35617724952442, 63.585933660708776, 60.516052774553685, 63.53320147656561, 73.14179742423984, 77.72265072084404, 82.49129957584087, 86.0002352513426, 88.1673092206935, 81.9748309710594, 74.02091707686952, 69.75505274953318, 66.68961848410775, 65.85488266820389, 69.81443363159956, 74.29567477850108, 78.51371523776889, 110.56235747791854, 111.74119093322683, 115.44992084050725, 117.537303521018, 126.56382690086954, 126.94690220886568, 126.75014620658386, 110.44622555320917, 100.85679420444879, 89.97399488382037, 79.3412918270232, 65.67321111706535, 55.936186348827725, 47.167196631350194, 47.963770136852816], [57.27685208927338, 64.68662334740098, 73.19557461289058, 80.72921515902263, 72.97361958123959, 64.21232179361006, 55.90331095698853, 14.733242931705462, 10.661413055247836, 8.130880812104186, 9.94190594529329, 16.149621092838867, 8.547609442703731, 0.0, 8.47537313474923, 54.86683746000672, 63.241050899287885, 71.4445341271335, 78.86993056784773, 88.17391296402774, 85.11139262855353, 77.44579851540972, 69.59618603966892, 61.20710946284005, 51.590467025090845, 22.995097848915993, 20.533332903765455, 21.256013089544922, 22.286499981226775, 24.13808479928567, 21.163324608052136, 18.272947211793724, 16.115982941246806, 14.619469098433157, 16.918885936599192, 42.58163735868202, 43.95868875003373, 50.957136843025054, 57.970274539316456, 59.72225110577613, 57.596955579344, 53.91658312874422, 45.287041185112926, 34.861320863194315, 36.38351802689025, 27.57769364906511, 24.47868308824856, 81.27842616697144, 72.55203124319759, 66.29062780988902, 62.99909068482739, 59.8360864223819, 57.74544868404282, 62.383319235998115, 71.32598701076087, 75.32125432971709, 79.3832158171991, 82.03143912454665, 83.6843263135961, 77.03757717602889, 69.0454724430019, 65.67157188682879, 63.28656330573767, 63.88685321939922, 66.87085698396196, 70.55125603296239, 74.05125917216607, 103.02211055656274, 104.53906199196778, 108.77525788467277, 111.60411516573784, 121.27074552195792, 122.4781358335683, 123.27628998635377, 108.44759608708897, 102.32434085424262, 92.54468791820652, 83.09504087015156, 70.12614433342347, 61.495949430947235, 53.012636225356815, 52.49664499131431], [48.9518124607899, 56.37509635646699, 64.80559768793097, 72.26046929701707, 64.5264544597457, 55.797218390007295, 47.47269580955059, 6.306148459480319, 6.96848835190101, 12.060620086233422, 17.697227750649223, 23.801719716537523, 16.83843835336813, 8.47537313474923, 0.0, 47.433334301560905, 55.556555171274375, 63.532539463116414, 70.78585072304486, 79.96965218965867, 76.80536481274869, 69.23695993914527, 61.46868430322571, 53.1773609626174, 43.60906414353205, 20.873045252399905, 21.5015320098933, 24.94446470811611, 27.655280730742405, 30.502963385196054, 28.25711565656704, 24.641923183439253, 20.447680695500775, 15.859476952708658, 15.433045953691808, 34.62416930575756, 36.86641662862727, 45.0314880957952, 51.29223817607264, 53.97228664485192, 53.029673765154946, 50.27875667515681, 42.486933641002274, 32.56634034781339, 32.578719180395794, 21.83708824565883, 17.402716954549053, 75.81458517290247, 67.23111623340806, 61.560244011070075, 59.393266145214376, 56.93826681769682, 55.74087299163188, 61.456012732087345, 69.71866168485496, 73.12208849183645, 76.36911611931264, 78.13026121000215, 79.13965576011053, 72.03896817046764, 64.47559545696387, 62.153006259745034, 60.45491617922209, 62.183093283942355, 64.2222140084393, 67.00641872950878, 69.63848639455911, 95.2235931690572, 96.54448544044452, 101.03929515315644, 104.4552047865862, 114.74351834218994, 116.80277303614022, 118.59892392206861, 105.83700461653869, 102.55867540098386, 93.9076953002342, 85.52305937267498, 73.24637806120347, 65.76063494606552, 57.94660648638711, 57.339773678109864], [16.34968186302657, 19.27008356370034, 27.74391219064624, 40.11059126056369, 30.57305159161679, 24.08615637239406, 20.653222314844555, 41.80419588461259, 44.89714735899601, 52.45816835572928, 61.418021239878165, 70.17878439572048, 63.26299260789029, 54.86683746000672, 47.433334301560905, 0.0, 9.974915923178903, 19.660880286538774, 28.93241459860393, 43.24756690396725, 38.98226148370403, 27.684023017668025, 19.01185230849222, 11.218340599751505, 8.562043528580839, 39.601851423660435, 47.919524986786676, 56.69600465890545, 63.41225796613969, 69.38158501842264, 69.18670089309019, 63.051211812539506, 55.39524836638923, 48.24722550776852, 43.04312463452077, 16.14845789581377, 26.690907427162927, 38.785130073672335, 46.290204985525584, 54.918796418908535, 57.880023747847524, 60.3101845657098, 62.35629296519989, 59.72581104265323, 46.532867308256264, 37.804355290845805, 31.376333219522564, 76.7479110184282, 68.24262569525814, 65.62905476843527, 69.63463016673131, 71.43636200443464, 75.90153795497152, 87.80195615534313, 91.10836966911994, 90.94669126950541, 90.05189050690211, 86.55142573733642, 84.41846466407104, 76.23170246954814, 69.7080651778118, 73.48227697603242, 76.18477198900628, 84.89050306051956, 81.69749079070336, 79.5689111697258, 77.43522181514581, 62.36986454690308, 72.08178811046199, 84.01416541522761, 94.55701398772308, 109.33296452671522, 117.32312230231035, 125.34179008111002, 121.50417391926099, 134.23561473558314, 129.99434962647098, 125.59440700257191, 115.59257411037795, 110.15566460711983, 100.70311353018025, 92.6868456706579], [15.214860436665862, 14.447895783150638, 21.021410836086073, 33.478319752971714, 25.117311367784293, 21.326238840861066, 20.70189402376249, 49.78111124534948, 53.244230461998924, 60.995897105882804, 69.82783100186793, 78.19352579845987, 71.64044993800596, 63.241050899287885, 55.556555171274375, 9.974915923178903, 0.0, 9.801451037162657, 19.22550687408272, 34.034749510443866, 29.991651009685523, 18.689085324717446, 11.245015194378572, 7.58592548525999, 13.426155312297004, 48.5724614598126, 56.51796742956117, 64.82500314075892, 71.36519416927057, 77.16954468300182, 77.24571386719819, 71.42770805671866, 64.0347220694791, 57.062010681592824, 51.94238619172736, 23.794584630018367, 34.39524045406232, 45.80458843201355, 50.62991337222813, 59.828876349542384, 64.21964542163232, 67.45298077384699, 69.85330341339406, 67.61602379109125, 55.30802104532749, 46.7515173815599, 40.30573851256304, 79.54448108544355, 72.19584695524287, 70.81999657186512, 75.83375683405703, 78.14635620035855, 82.86915050068983, 94.45786858945112, 97.32758597609377, 96.7830338912302, 95.18700858193402, 90.97028387309922, 88.10053815228889, 79.85579975640496, 74.68928334171993, 79.38831537470048, 82.4856500909105, 91.27094592912627, 87.64163487843564, 84.82181410115253, 81.80584464674502, 53.216432673255596, 64.64266562440835, 78.55366781103845, 90.72900209754745, 106.79718259956061, 116.37329362424533, 125.75383499730378, 125.30265480495294, 139.01299987691053, 135.48407361841444, 131.33797078805586, 121.48807757180636, 116.30856038856321, 106.63140606353002, 98.39976083073756], [18.204748693699376, 13.624891223930891, 15.642981721287093, 27.035362250376398, 20.84230839909766, 20.901223683104064, 23.298531398045032, 57.62840237908156, 61.616704616779664, 69.56327515765707, 78.2286422238184, 86.11372363913459, 79.83927849149435, 71.4445341271335, 63.532539463116414, 19.660880286538774, 9.801451037162657, 0.0, 9.49997677907462, 24.830342089748385, 20.889156989028397, 9.984454548962304, 7.467568391670075, 12.342712980039762, 21.053537766884023, 57.80520069434868, 65.50797177376565, 73.45095551520735, 79.76921355896349, 85.34030679055206, 85.5403111364821, 80.04360491744933, 72.89055770384756, 65.99941782656417, 60.94783123095132, 31.691539867331297, 41.79498151872595, 52.393264788402085, 54.5698448054835, 64.0688364327168, 69.76896716332456, 73.72485299182489, 76.41722632361041, 74.64019592663358, 63.301891925624886, 55.0597685857549, 48.96056819056774, 81.39552501413789, 75.30303916120594, 75.15371624428259, 81.07279426009876, 83.85348516062741, 88.78110467784391, 99.985848913628, 102.37070687602595, 101.44188188638482, 99.15813471236739, 94.27950665828935, 90.71330667761671, 82.50817796876947, 78.75560336832096, 84.2887074135515, 87.73460706940011, 96.52822987922863, 92.48322097425623, 89.00637549550044, 85.16014891938292, 44.471718260151974, 56.91517305991654, 72.42758443404371, 86.042755287518, 103.16396077624192, 114.19312089837415, 124.8456206581377, 127.72230726895968, 142.54660190099793, 139.83567601884707, 136.1441168515484, 126.67298419235645, 122.01071816317167, 112.63317482025775, 104.85150766833375], [23.67983414068912, 17.580202156090355, 14.187920737338823, 21.83929070618902, 19.45344906259833, 23.402591652284777, 27.753803509041877, 64.80999534046062, 69.29527212912937, 77.40327235039842, 85.85863681751003, 93.20585541738322, 87.22062001043369, 78.86993056784773, 70.78585072304486, 28.93241459860393, 19.22550687408272, 9.49997677907462, 0.0, 15.79329656870791, 12.106982008643977, 5.619520355965177, 12.557493219707226, 20.14181585446801, 29.03728392850676, 66.43935086282515, 73.90877545557406, 81.49239615915918, 87.54950316951627, 92.84096664632592, 93.11450054607495, 87.96681250022667, 81.07470529750225, 74.25826487081764, 69.28854103365244, 39.42455825312824, 49.130405874677905, 59.07192313473071, 58.764681428568345, 68.33956026928986, 75.20575659418152, 79.72502629034909, 82.46764907087866, 81.01418816331741, 70.81217247279184, 62.77369410969819, 56.97639521105, 83.17530730613481, 78.4125771521005, 79.40933439837184, 86.0460710748707, 89.1774434447802, 94.1628917987044, 104.80707245848225, 106.8060185435966, 105.57653998509402, 102.7000184707378, 97.30513331549851, 93.11927867199319, 85.01162642938486, 82.69731480816715, 88.88416149107755, 92.55664935978703, 101.16324972333742, 96.83181861459012, 92.82167507427884, 88.26925159884638, 36.091075921534305, 48.99168554579151, 66.00937166648121, 80.95694292153425, 99.06215040146408, 111.47257735368296, 123.28797711315494, 129.49319729922797, 145.03190920831264, 143.10265019995882, 139.83766664526058, 130.77798047128076, 126.67610281319507, 117.7627141599637, 110.72729736094311], [34.03676332918974, 28.363924579016796, 21.656481282663766, 19.184096555205382, 24.61039229735546, 31.589029729922448, 36.494927271693506, 74.06283630385093, 79.21147055050137, 87.45611366274716, 95.35537862892123, 101.55356320120559, 96.27479972117706, 88.17391296402774, 79.96965218965867, 43.24756690396725, 34.034749510443866, 24.830342089748385, 15.79329656870791, 0.0, 6.737400380886979, 17.90431289692475, 26.363766015782684, 33.63839086802427, 41.52291018390563, 78.31340633872111, 85.16271952310247, 91.893623930808, 97.31948130604341, 101.95938724285942, 102.3629212693414, 98.00219204089666, 91.75324683682926, 85.20515360672105, 80.49587635515888, 51.089951894337474, 60.82675573529651, 70.38306025086705, 66.36798159924162, 75.72111878274339, 84.25850866773905, 89.27619625578843, 91.25288394731561, 89.73648678664694, 82.0509138150254, 73.80239273648014, 68.08139224776768, 86.60568108160284, 84.13637748214626, 86.73713589591331, 94.03421140347801, 97.37155985191075, 101.95999621532506, 111.05119814715346, 112.89583119345194, 111.51047487220109, 108.00335708732112, 102.25594393565748, 97.27940836499066, 89.34917199910329, 89.4255375155429, 96.15640371295189, 99.80239835712571, 107.4204780831386, 103.09190082168973, 98.62233480504666, 93.29667858281412, 22.232394828642512, 34.326765726417335, 54.45594374445563, 71.47425467605213, 91.45317156545994, 106.06131986334236, 119.4609960975563, 131.33648923590235, 146.04342045130264, 145.11237841944074, 142.1176289729443, 133.53787119259835, 130.2047839700765, 122.02326899583993, 116.62393944499037], [29.346220775827927, 23.03173622853329, 15.508483539975462, 14.335394889487588, 18.496413526012894, 25.90026152051527, 31.646911026090898, 70.74588718244848, 76.19286396728542, 84.55203632220632, 92.6166834037113, 99.02027150776676, 93.36276016077395, 85.11139262855353, 76.80536481274869, 38.98226148370403, 29.991651009685523, 20.889156989028397, 12.106982008643977, 6.737400380886979, 0.0, 12.391510289628373, 21.013003479817485, 28.75204997009691, 37.062758684187735, 75.17244865658478, 82.41236147088102, 89.59205528260756, 95.20479206167501, 99.9896498156642, 100.14393178739533, 95.5265311063147, 89.00824868505624, 82.19837763783828, 77.3535911181743, 46.518314681218804, 55.3667864524607, 64.38068468422274, 60.48477492687599, 69.87340556108796, 78.27214333325972, 83.42192125490074, 85.94008416654472, 84.92553901685832, 76.75371074400007, 69.13504576087747, 64.17768758097517, 81.17328669928652, 78.30171139705465, 80.78718762629829, 88.18762836763514, 91.668248343991, 96.54009144916506, 106.14479619110789, 107.66928356817442, 106.11755262834652, 102.54562432745749, 96.6632377706708, 91.75715427629706, 83.84712346266205, 83.55790902812656, 90.41130179091967, 94.2381820493477, 102.32085557215471, 97.73443588836334, 93.13725407187948, 87.78354331860824, 28.89614785283392, 37.54687915841107, 54.86451122311329, 70.80367280832051, 89.73652941824702, 103.48314280194288, 116.45111134173277, 126.6623195997228, 142.87472929834988, 142.06119259549678, 139.61479767471818, 131.44454045391117, 128.51549497217388, 121.14781158810969, 116.34691061403846], [20.812963111904203, 13.86023765880784, 9.266991655660103, 18.415615258783863, 14.497623699672818, 18.856118257761807, 24.320897611467267, 63.12020601905936, 68.13740947276685, 76.39250717242568, 84.86084334107449, 92.10890988584052, 85.88155259810888, 77.44579851540972, 69.23695993914527, 27.684023017668025, 18.689085324717446, 9.984454548962304, 5.619520355965177, 17.90431289692475, 12.391510289628373, 0.0, 9.214612400931362, 17.695081151067605, 26.93824793467151, 65.72226405113065, 73.46987776250184, 81.32993723392036, 87.40409179303136, 92.65934687639654, 92.66076025783363, 87.44641859308074, 80.43526031363373, 73.39494947280627, 68.35177417481584, 36.8964733227464, 45.47367241707287, 54.726451206622976, 53.78920721949014, 63.349395422382, 70.40050395834773, 75.16054272604174, 78.30228245085648, 77.3859676594821, 67.24968295051312, 59.9042609321192, 55.09174651855403, 77.89769884129674, 73.13942034341338, 74.30375249728056, 81.16172884498407, 84.47531450121164, 89.66158202097033, 100.4936367988611, 102.13431439715067, 100.71274478332413, 97.660313487114, 92.08952174859381, 87.84657738540083, 79.80127760574162, 77.55745040649063, 83.95562206781399, 87.79685485685326, 96.65965996219323, 92.07622098688529, 87.8603187635984, 83.15310102948486, 39.565997418182015, 49.152157756212425, 64.07141680752778, 78.18337778330621, 95.49474731711928, 107.36314042413163, 118.96003658039498, 124.5282206930081, 141.34358807606867, 139.75026680928926, 137.13409816595512, 128.65118630679865, 125.19882774487634, 117.43827304049209, 111.61192425097396], [13.715138274334858, 7.59206227305921, 10.360476061814728, 23.052044984033696, 14.834544096491843, 14.16716506871075, 17.98528850949142, 55.34745384481712, 60.23216107737954, 68.42733829532877, 77.04236745637571, 84.64248313860536, 78.09608564959822, 69.59618603966892, 61.46868430322571, 19.01185230849222, 11.245015194378572, 7.467568391670075, 12.557493219707226, 26.363766015782684, 21.013003479817485, 9.214612400931362, 0.0, 8.752576484555732, 18.30504990327778, 57.39788358870694, 65.41878767301205, 73.64106749590783, 79.88740238925581, 85.31125201748556, 85.12634984398031, 79.64017672889489, 72.4040343634611, 65.21543667882246, 60.09127825364529, 28.25671717424618, 36.815649824581314, 46.602395951851435, 47.634744117876735, 57.17053695904772, 63.27606342712874, 67.59215928434388, 70.6990625002369, 69.60829211492064, 58.60938526572141, 51.25511735910634, 46.60801306511156, 74.07861555424967, 68.0675396736398, 68.19549588586169, 74.4377162585888, 77.4570023371529, 82.60213587887911, 93.93431353152015, 95.88215838133387, 94.71876658100497, 92.19216978594326, 87.10272673085197, 83.43658063845174, 75.28085053747432, 71.72831724173643, 77.55024686247043, 81.19574650722639, 90.236421931949, 85.8828022580711, 82.13130277414685, 78.0636160328682, 47.623047593145955, 56.09440628073132, 69.04223651150446, 81.54653644905369, 97.68457769627875, 108.03742704792857, 118.4055991185814, 120.69237400507691, 136.97998400636007, 134.75325105403817, 131.92212822253458, 123.25052853306495, 119.53540279082944, 111.83542215294361, 105.9713801864148], [8.627226356086933, 8.273320017767173, 16.536674027401098, 28.957436598227773, 19.493153708444897, 14.172326725279023, 13.698262160695936, 47.10711231108123, 51.77083292157063, 59.90496922437356, 68.59050282226761, 76.41866068421871, 69.72012895176202, 61.20710946284005, 53.1773609626174, 11.218340599751505, 7.58592548525999, 12.342712980039762, 20.14181585446801, 33.63839086802427, 28.75204997009691, 17.695081151067605, 8.752576484555732, 0.0, 9.66787731917229, 48.79170826526935, 56.91074093457183, 65.28889520799149, 71.59607624267348, 77.09138384613152, 76.79501038027725, 71.17693461460253, 63.84894383622837, 56.59842420416531, 51.44917650503796, 19.843234020181413, 29.53431604826863, 40.60265775638862, 43.63935942038117, 52.97312422474353, 58.10800371389957, 61.736344436517285, 64.1920757768202, 62.44232613457653, 51.039043452721685, 43.0435443916851, 37.98449842233585, 72.10725115493105, 65.06518043555096, 64.10611457849473, 69.47613897071578, 71.98728885479332, 76.77721270062902, 88.19278481338479, 90.76827856669003, 90.05917626977507, 88.21580445837638, 83.84484636874471, 80.80881016849816, 72.53581872925812, 67.84416610501741, 72.82588574198081, 76.0409056029411, 84.82318841566924, 80.98124019283583, 77.9077681178259, 74.63977639407078, 54.06510084606604, 61.82643614481496, 73.53483097142215, 84.70997326144557, 100.06042056720163, 109.14632056349328, 118.32479069865059, 117.9124581497438, 132.4861386437528, 129.45973049030238, 126.06394722972526, 116.96364097595801, 112.7707637319094, 104.82825263220391, 98.86570346292554], [9.623086272367976, 15.149816078344085, 24.35230041893057, 35.60939903384382, 26.04716752123196, 18.215720577557448, 12.848870654950732, 37.575128179984446, 42.19344740604527, 50.346479388137425, 59.02474539931499, 66.9105364178264, 60.11059186567404, 51.590467025090845, 43.60906414353205, 8.562043528580839, 13.426155312297004, 21.053537766884023, 29.03728392850676, 41.52291018390563, 37.062758684187735, 26.93824793467151, 18.30504990327778, 9.66787731917229, 0.0, 39.708584609060765, 47.82820831147733, 56.24455131576044, 62.48157596946483, 67.91692997354363, 67.44922620051243, 61.82172036761891, 54.50079609013313, 47.17744126098345, 42.041369686872784, 10.6834929655154, 22.756217831176954, 35.49171075313655, 40.22709210141104, 49.03430761251554, 53.17558737161301, 55.90574537478053, 57.15663189777762, 54.406274167608956, 43.21042532598107, 34.09467363137788, 28.3474961791935, 70.09252857458294, 62.23220625624767, 60.17646522447876, 64.44172429806851, 66.26616466385244, 70.42349733841394, 81.55658206991917, 84.96289078186902, 84.84756963745005, 83.80696802529386, 80.35567648283579, 78.01425424000438, 69.6738272441805, 64.01495027726556, 67.9201605481124, 70.50342381150405, 78.65495396401552, 75.54062306842363, 73.3172430931284, 70.99293650753962, 60.94788754699472, 67.36648614270082, 77.5730474625872, 87.22404989273161, 101.7071397806221, 109.44533810671443, 117.30577725575517, 114.3248189034033, 126.4890906471032, 122.59125674981547, 118.52546529128958, 108.97263467300324, 104.32876062576163, 96.3205096504816, 90.73066668472177], [47.937978206617686, 54.625171040508555, 63.78420077373237, 73.93657350399758, 65.03543184166972, 56.4272431343727, 48.70060017543736, 20.779169443950543, 14.410331019937535, 16.70917790596165, 25.229138766170774, 35.883392557492506, 29.252712323063736, 22.995097848915993, 20.873045252399905, 39.601851423660435, 48.5724614598126, 57.80520069434868, 66.43935086282515, 78.31340633872111, 75.17244865658478, 65.72226405113065, 57.39788358870694, 48.79170826526935, 39.708584609060765, 0.0, 8.97352923982376, 18.7659633551357, 25.7892531831315, 32.28598482416048, 31.70414540833804, 24.597829847365336, 16.465797673683138, 10.073591521739852, 6.077569177944174, 32.854183907507824, 37.189865464180606, 46.84835754139723, 58.76854555854962, 62.9964802132845, 60.67295758225585, 58.21956642025411, 54.216243546976266, 46.453740249958884, 37.359188873651966, 26.678075072349824, 17.59736663491021, 87.62072021895895, 77.43878583663447, 71.0521552012