{
	"dissimilarities": [[0.0, 7.447688890052673, 16.14391228953716, 26.37540451960132, 17.23364709559764, 9.77434915234636, 5.609494528037799, 42.740493611914, 48.49285208793376, 56.9485619106668, 65.24011116483366, 72.17877306337303, 65.75092624278192, 57.2865688685619, 48.96005418151251, 16.93402692116586, 15.219174614570234, 18.21711149548273, 23.68051027597357, 34.119624915330476, 29.43002117154175, 20.824604113487823, 13.718526339043448, 8.576844193018138, 11.157387283394131, 47.95268130612112, 55.684078622142025, 63.555580749231375, 69.34706508513534, 74.29165208897723, 73.81106768169892, 68.74980817727496, 61.84820753859663, 54.60269381880394, 49.63726935877026, 18.942481028000348, 27.542172657905713, 38.86330140491934, 39.91439342071336, 48.43486454413724, 54.55693707222066, 58.63232196136051, 59.68105826918274, 57.52540996871096, 48.688475879694806, 40.0461327271557, 35.278282085944284, 66.7543778401981, 60.43064373837619, 59.92001255039696, 65.34421880369834, 67.74393423283752, 71.9923485521386, 82.33960398029497, 85.68252934402133, 84.7273716021409, 82.88355695110927, 78.77129826102177, 74.57109146585428, 67.33145072506123, 63.36986677101103, 68.27269139259644, 71.62944629876324, 78.25631909720398, 74.66013298670967, 71.94093738614559, 69.31533409992761, 54.20538627385323, 58.89985225748088, 67.9533849447999, 76.78893375372803, 90.81464224880764, 102.57634275534672, 111.7729012868917, 111.77122434646212, 124.30361087290385, 121.55863280412636, 118.2086814753164, 109.49881353580952, 106.78580735248285, 99.11606253799361, 96.70019642764251], [7.447688890052673, 0.0, 9.208742401153861, 21.00243651515595, 11.528381314418471, 7.510502612831181, 10.705787797493752, 50.16003787631103, 55.82972386014292, 64.24485972440871, 72.60727688205112, 79.62084431805968, 73.17490991410864, 64.69920203386506, 56.38618211214818, 20.16639140187669, 14.467644633655922, 13.64427629541842, 17.572804117220446, 28.44391324804142, 23.12147398487799, 13.872717441182816, 7.608819521750594, 8.243957648988927, 16.07753487142737, 54.6482111821521, 62.51868223392803, 70.50931625665596, 76.42565530241403, 81.47927033356824, 81.08323361371356, 75.93316969792022, 68.93454365059836, 61.679470396355626, 56.650824919139964, 25.406513706114918, 32.617455571231716, 42.64321722690214, 42.91049178317776, 51.553237608359815, 58.21395127088328, 63.006081808336745, 64.97741643335642, 63.655191403432404, 54.33534405357523, 46.611033712654795, 42.36102398044159, 68.31175425221231, 62.58312402912443, 62.85409321472021, 69.0566039117917, 71.96936521563428, 76.73879351165256, 87.40600701312032, 90.11068287497021, 88.60849794877215, 86.16038489983725, 81.33663763374526, 76.65451101250474, 69.63761477986314, 66.23061956621314, 71.91738008984228, 75.845991079683, 82.98283099734172, 78.80703340701743, 75.53221153702175, 72.09759357466618, 49.659389523082304, 55.171315810532825, 65.34468269881525, 75.4183922115325, 89.78994696141122, 102.48370307949472, 112.67060147135815, 114.51314788180984, 129.11798443062946, 127.06420597344713, 124.32563361841807, 116.09189176755856, 113.71700008851951, 106.16892210118115, 103.46743587933496], [16.14391228953716, 9.208742401153861, 0.0, 12.915111644148068, 5.423864149577679, 10.855168439564673, 17.782625866505352, 58.579215809394256, 64.57655665370935, 73.05460382531385, 81.27015840865279, 87.91001731164066, 81.63349316596336, 73.21084294623563, 64.81716671013734, 28.72267564260999, 21.04045946641304, 15.679895096465538, 14.190612187906094, 21.740610778970336, 15.603531551189587, 9.253149897197442, 10.382468901631057, 16.512646850950638, 25.21340011856025, 63.80862304628023, 71.59171528111186, 79.41850491289442, 85.20869584296648, 90.10939719360861, 89.74859321656339, 84.79214752421862, 77.92352295722368, 70.70741118553475, 65.7215827661035, 34.34593557976472, 40.274204202979035, 48.85308525723789, 46.91931246393812, 55.263784999798354, 63.023941194697656, 68.598936245338, 71.04971505757992, 70.46081147874459, 61.90148329381174, 54.92975342451442, 51.277188829331884, 69.07262433401239, 64.72687671616133, 66.29613984134288, 73.40093666149802, 76.83205678355313, 81.88381872452936, 92.24362003468599, 94.29682553858147, 92.24981282656883, 89.03690143540196, 83.4785067826138, 78.12243621112701, 71.42278816337117, 69.34784470686137, 75.90036273069613, 80.31882535609903, 87.56528272543187, 82.86067145493087, 78.94395034869095, 74.49734120897179, 43.7907062134573, 48.179075151728874, 59.070018227015716, 70.53780838261677, 85.39636563211556, 99.25736429487151, 110.68624678500002, 115.76415076338485, 132.1528652127514, 131.07435388947573, 129.10491928966343, 121.60674475530158, 119.91137008444355, 113.04568804618607, 110.96330727570556], [26.37540451960132, 21.00243651515595, 12.915111644148068, 0.0, 10.896011835210397, 19.317541971448122, 26.06659554280133, 66.14656986278773, 72.91984170220695, 81.49897498483904, 89.17749928550153, 94.73598628503062, 88.94975298519512, 80.76913006072903, 72.29090918576594, 41.096511010325905, 33.55859884110284, 27.14478472256159, 21.906157018560513, 19.19679510200226, 14.33454639825725, 18.425526693760535, 23.143190914907585, 28.99020972610559, 36.85379479552057, 74.00278765245437, 81.35932003890662, 88.59687986857703, 93.8597428326489, 98.18755978445012, 97.76229347172168, 93.43900583707871, 87.06881727945603, 80.00409925747219, 75.24634072697434, 44.54226324969844, 49.42350908840499, 56.75506943195665, 51.08788022222979, 58.453034254414355, 67.90254199579812, 74.10171999886643, 76.13167810030397, 75.9509778057808, 69.99952369008192, 63.4627831850373, 60.509012395463365, 67.59928150160752, 65.72473448257729, 69.10088077234407, 76.99560897896812, 80.76966846653654, 85.5588309765874, 94.49028032150213, 96.05247676282151, 93.65259651398955, 89.63801555013971, 83.58536801555523, 77.4356102217051, 71.14651765275828, 71.45687153536632, 78.70114677146886, 83.27643227231837, 89.81672245612002, 84.86582276443467, 80.36957320566286, 74.88016087936731, 38.89930786193256, 36.615514016624175, 46.61223858289818, 59.40611010093062, 75.05611823609854, 90.21987310917176, 102.9849915930832, 113.04747722698008, 129.97567975593898, 130.1376819352046, 129.04076513442993, 122.63136971294584, 122.1089948220601, 116.87075709969686, 116.92664348349332], [17.23364709559764, 11.528381314418471, 5.423864149577679, 10.896011835210397, 0.0, 9.195426254253631, 17.118112003285265, 58.26049998033501, 64.85789389624773, 73.40938812287871, 81.42286288761785, 87.65000478615754, 81.34915132739744, 72.98031703824881, 64.5293564850757, 31.435427518259505, 25.09898735871298, 20.84958204900439, 19.454554532781493, 24.718817881232454, 18.599128767063927, 14.469091385030747, 14.812059356166717, 19.4307776835593, 27.094552480654816, 65.0371936030694, 72.8138988436819, 80.60869851294314, 86.21646709472307, 90.89697273082804, 90.3055057653715, 85.50656949240016, 78.74190515764649, 71.45777142701148, 66.53478123626913, 34.696841668016845, 39.2280882875755, 46.89003916935257, 43.29364027734417, 51.362707051686336, 59.7433654822001, 65.63661241777626, 68.13152562699541, 67.99842011539617, 60.35992903268351, 54.03786200065175, 51.41665375629583, 64.0657486311475, 60.21515345816917, 62.296051550684844, 69.70896663630788, 73.31314042002143, 78.38566934476896, 88.48717886540764, 90.24800932534652, 88.01412439948562, 84.54602645783528, 78.82107669795467, 73.28174460372273, 66.6601770963419, 65.15573710619084, 71.97071011895551, 76.51604467851125, 83.70639488247384, 78.81006692443552, 74.66760022709595, 69.90277657726513, 46.36478915007605, 47.15718716196443, 55.510470870905955, 65.99800771006183, 80.45438169409307, 94.05933411069846, 105.40839183687969, 110.71244362471374, 127.90201041701705, 127.27831791898669, 125.94461863883498, 119.18357906162335, 118.25978816263633, 112.63180892578872, 111.98983023964698], [9.77434915234636, 7.510502612831181, 10.855168439564673, 19.317541971448122, 9.195426254253631, 0.0, 8.518595669847356, 49.5058069763848, 56.14631217929188, 64.67562720972997, 72.73903249508376, 79.15115266471518, 72.63301814044736, 64.22067582240132, 55.804204488285826, 24.790245432680454, 21.316948672449936, 20.90885277088356, 23.407130326890222, 31.690680856685837, 26.002055573081403, 18.86416436888064, 14.159404700135559, 14.122119295875214, 19.469712378152355, 56.432512415981535, 64.29288166564847, 72.24291677504176, 77.88408474828698, 82.61040710658757, 81.85375348279707, 76.92664649479943, 70.07662430818102, 62.712472943989816, 57.782360589997715, 25.707699330470106, 30.40072850791407, 39.07675395237915, 36.9366109235518, 45.34842444445069, 52.90426920351352, 58.18292288776044, 60.259439125627665, 59.63086217997227, 51.57507229150494, 44.877307952359196, 42.371007686429685, 61.015540952733346, 55.76693164341696, 56.64133799029512, 63.28060699136573, 66.44622143833702, 71.28750703606721, 81.70330246569085, 84.0097914922181, 82.24917726784777, 79.47424716245237, 74.43829385957451, 69.54376725546378, 62.57605631532065, 59.8031089833484, 65.85145511199019, 69.97518093742845, 77.10509751551176, 72.64013035627869, 69.05801085674861, 65.22842180749458, 52.960695027793136, 54.14857165010281, 61.04344900180301, 69.62987728094406, 83.3286017072303, 95.52365380931056, 105.47756110409568, 107.2917456058852, 123.06113698537071, 121.61332843632866, 119.78395297385067, 112.60208088057612, 111.34567815357933, 105.61375545951206, 105.02591875273944], [5.609494528037799, 10.705787797493752, 17.782625866505352, 26.06659554280133, 17.118112003285265, 8.518595669847356, 0.0, 41.19252683106259, 47.794105259445054, 56.350148243884405, 64.3525681961004, 70.741483316874, 64.30792399071838, 55.90483843126497, 47.47252636947468, 21.02874927913365, 20.665537681267164, 23.295770760755893, 27.761202569397135, 36.604803859263264, 31.746039259184094, 24.324370958223852, 17.9622248232327, 13.609561638401473, 14.542516631327778, 48.68491701140311, 56.30061675345105, 64.03286520460306, 69.5378506071953, 74.16533565835738, 73.40689010881934, 68.59013730506703, 61.876501867017765, 54.58542197849331, 49.74387925839418, 18.8010224753879, 25.542812856515646, 36.175383359992544, 35.43346689943994, 43.73924475383955, 50.49697039227123, 54.77675984982837, 55.59823517964988, 53.71511821751746, 46.13445282458777, 38.00739633766645, 34.52292420260974, 61.5369568006333, 55.51521302928909, 55.312590977160085, 60.89248413675485, 63.35618966020136, 67.50100352072698, 77.50732643525596, 80.73344358310678, 79.72719410901385, 77.76693348527859, 73.66809573106818, 69.39657299364386, 62.13149861710415, 58.59844001997972, 63.59040202824903, 66.94094594478237, 73.38490922935769, 69.72380712488527, 66.90051656670461, 64.15750946349854, 56.632694451210575, 58.32233169739205, 65.08602573489249, 72.72843885877127, 86.27476488767681, 97.54650428900956, 106.4179090530635, 106.26007330343337, 119.06200936841827, 116.62940153109746, 113.78969026130409, 105.73504209449074, 103.78994167274917, 97.45988306747945, 96.74509931157812], [42.740493611914, 50.16003787631103, 58.579215809394256, 66.14656986278773, 58.26049998033501, 49.5058069763848, 41.19252683106259, 0.0, 9.305912876285754, 16.963515038683642, 23.737240047391634, 30.027910001597775, 23.13713620949866, 14.727999645201992, 6.312951605261204, 40.93986720875156, 49.77212443263894, 57.6322185284257, 64.82348748766192, 74.14249089856169, 70.81703280440098, 63.139928767149954, 55.34881784146655, 47.09489970925648, 38.10958083518875, 20.72331252068344, 23.731754250507507, 28.831326194432908, 32.48591957926809, 35.9019441243686, 34.00642586965003, 29.937280638869424, 24.733207457219255, 18.737199461514283, 16.48355190316614, 27.93228320545827, 31.429138051027458, 40.433901256959196, 46.0435078159715, 49.853175843451595, 49.66039501205187, 47.222269459432596, 41.041458224016225, 31.941997951855722, 30.596313910244824, 18.356820736778307, 12.55577101467457, 72.05790139530794, 63.47711367445866, 58.194045701586965, 56.96803703164925, 55.166389701125496, 54.77764143550399, 61.449280945431845, 68.95551790635879, 71.92544275342941, 74.51122282370541, 75.54153292779004, 75.13575715725563, 68.13896830052907, 61.27449017792687, 59.8357097643377, 58.534672715277196, 60.52309489034218, 61.75291040844158, 63.479438666096996, 66.73564202494642, 90.02647676440039, 91.58950441668085, 95.03710308249987, 97.28044703366633, 107.83074728519271, 113.56913868615896, 116.45166127542342, 104.23928570414236, 103.20929476629492, 95.59500430476535, 88.09880870451747, 76.24540653189351, 70.93400931785528, 62.92284514719489, 63.38766119101627], [48.49285208793376, 55.82972386014292, 64.57655665370935, 72.91984170220695, 64.85789389624773, 56.14631217929188, 47.794105259445054, 9.305912876285754, 0.0, 8.595869520240813, 16.850544628164396, 25.380651373914908, 18.57184895075994, 10.656178381355156, 6.97242089496747, 43.96856915484025, 53.25710239072288, 61.62472207108002, 69.3010848542467, 79.26011983716155, 76.24362633500138, 68.15822652896063, 60.2431068578801, 51.780601144035344, 42.428162964930486, 14.458137067262369, 14.958659792431941, 19.565312841882445, 23.631779077600758, 27.792390839489535, 26.212353761743223, 21.313650091822026, 15.631626519636244, 9.92240030233139, 9.012629226481307, 33.08384737021148, 37.542091861197974, 46.60492987770306, 54.178077890639614, 58.031754144013675, 56.696808826167924, 53.5219324338654, 47.42249083585097, 37.99997799888029, 35.294504583338465, 23.694373437895102, 16.227592274133187, 80.8327772410653, 71.80080691114019, 65.92132080595358, 64.00760855352286, 61.79308656462654, 61.117533858397714, 67.66016957225112, 75.53661113058659, 78.91720500011735, 82.05784838599918, 83.51287733509146, 83.5141073577555, 76.63583961010525, 69.1257078946489, 67.11143547030323, 65.44538118013561, 67.18851866931671, 68.95205793524444, 71.17076554719273, 74.96790271256693, 94.43012502817093, 98.2459463417295, 103.24858158251206, 106.13235780820725, 116.96105691341337, 122.71834675241746, 125.36584228874268, 112.04326295711606, 108.99871547601484, 100.3174486133755, 91.47163577809582, 78.18368087117355, 70.94949579182426, 60.07272880379866, 57.21468624070905], [56.9485619106668, 64.24485972440871, 73.05460382531385, 81.49897498483904, 73.40938812287871, 64.67562720972997, 56.350148243884405, 16.963515038683642, 8.595869520240813, 0.0, 9.07519566976564, 19.20653357868509, 12.72258708353242, 8.09933914420899, 12.052040163618855, 51.4938105158671, 61.01096958785623, 69.57008151669409, 77.40700113817502, 87.49794148545213, 84.59844706003204, 76.41394709656363, 68.43891946931605, 59.918883754863536, 50.46207517230751, 16.764362617066507, 12.65585186915622, 13.774294722262153, 16.533772439852314, 20.396417464927044, 18.317128319288397, 13.14210999447273, 8.615438742147843, 7.242469092599361, 10.963780458179285, 41.14456410238091, 44.78124600557021, 52.73129641367064, 60.94510288449777, 64.12489651020127, 61.67375802190585, 57.527930409592685, 50.81955778490304, 40.95166249594101, 39.34206474958177, 29.53043275598131, 23.830794054852767, 86.81150146422779, 77.57956907049129, 71.11861540146326, 68.17084851805781, 65.31372068441108, 63.88208736717571, 69.57427133904501, 77.94207402144247, 81.94382382220903, 85.8323881470689, 88.07673362250677, 88.71299000309666, 82.09988004622562, 74.2076771598796, 71.23791078080055, 68.85997513315027, 69.78626995043042, 72.39199290001628, 75.3345027868975, 79.97010756705912, 102.2157779287819, 106.38654519629324, 111.25640696127402, 113.6451927743792, 124.05023907524635, 129.056756844659, 130.82283014620882, 115.50816160902048, 109.9466298373833, 100.20393613330228, 90.32158679528393, 76.19143594083191, 67.78852967116978, 55.86067532401142, 52.11199513443543], [65.24011116483366, 72.60727688205112, 81.27015840865279, 89.17749928550153, 81.42286288761785, 72.73903249508376, 64.3525681961004, 23.737240047391634, 16.850544628164396, 9.07519566976564, 0.0, 10.885615306315067, 6.577303544715798, 9.937885287596604, 17.695962140238972, 60.472926410026844, 69.84987667631813, 78.24323787055295, 85.86741585329297, 95.3915015231527, 92.65714208776045, 84.88280241390524, 77.05984339113253, 68.608332383123, 59.23552081935969, 25.290601520381635, 19.338650150504506, 15.6857833332103, 14.116182849976726, 14.869787089888208, 11.443787064436929, 9.53465547923998, 11.65282578637212, 15.245076702655782, 19.790319896078106, 49.7353918513186, 52.65618012441665, 59.624071900236025, 67.02249679961508, 69.29608133667047, 66.44360489772048, 61.56554680593085, 53.71240208889156, 43.307284751693615, 44.76940396913253, 36.42685499687434, 32.31337561740208, 90.9126000013268, 82.06648276778522, 75.45888713436297, 71.63837576749427, 68.15328544509975, 65.62563705599572, 69.49225542702386, 78.48755406998025, 83.23239939797229, 87.79883374949117, 90.94085474053654, 92.10476823929804, 85.794678083089, 78.20265977444853, 74.3336976634617, 71.1033431199745, 70.59829703878285, 74.22434899884614, 77.87476632285113, 83.25921582865995, 109.45073265376529, 112.66605972018942, 116.63797638460682, 118.08927491812008, 127.89987353650137, 131.9342998892513, 132.64561987705605, 116.07182846315978, 106.88553661550553, 96.10223011495262, 85.04638311528599, 70.09167335870403, 60.75779529973649, 48.71162761370781, 46.54798286657635], [72.17877306337303, 79.62084431805968, 87.91001731164066, 94.73598628503062, 87.65000478615754, 79.15115266471518, 70.741483316874, 30.027910001597775, 25.380651373914908, 19.20653357868509, 10.885615306315067, 0.0, 8.38120526090239, 16.135584821518364, 23.784875183079805, 69.25606935205805, 78.19850251119412, 86.12572343786341, 93.21853187298632, 101.59951477783773, 99.06076267903694, 92.12180142561782, 84.6509305848611, 76.41603835559611, 67.33023733921665, 35.87716514297319, 30.02264885253619, 24.93700685600517, 20.777163866264953, 17.449923510822874, 13.773947978385678, 17.42880715763422, 22.23260088668246, 25.960285573775856, 30.1690209795966, 57.621160762636414, 59.95574570461084, 66.13993119182167, 71.55351304513296, 72.80725811298534, 70.29665369385494, 65.07230243628418, 55.82263805898374, 45.00089030759257, 50.68616518625757, 43.36200056176626, 40.583111307957964, 92.40283163124239, 84.53022812522364, 78.26696516694547, 73.89597047260943, 69.92570604991504, 66.14963218490742, 67.37279681065803, 77.01556656993603, 82.50222662094217, 87.5449003142716, 91.54955203364396, 93.04670555452931, 87.0743390927461, 80.47298449544506, 75.92420362038217, 71.85156873341303, 69.47367476509879, 74.14274790698099, 78.35921330340285, 84.26135155243124, 114.85096521144254, 115.96460548885513, 118.36271624452958, 118.52642824682492, 127.58708611059973, 130.52081924787964, 130.12444419542683, 113.32529567657005, 99.73430296453738, 88.05988385553381, 75.76061224775499, 59.989422163651206, 50.088159230298594, 39.36818606920249, 42.514470342275544], [65.75092624278192, 73.17490991410864, 81.63349316596336, 88.94975298519512, 81.34915132739744, 72.63301814044736, 64.30792399071838, 23.13713620949866, 18.57184895075994, 12.72258708353242, 6.577303544715798, 8.38120526090239, 0.0, 8.546562999140063, 16.841284632650204, 62.330440311035225, 71.64990616477333, 79.85075614131877, 87.23360454430723, 96.32845743407825, 93.41412492351033, 85.90261375692606, 78.1076876689877, 69.72640732609443, 60.462500964768275, 29.25767630701408, 24.665399164605688, 22.16823275255926, 20.473136843989153, 20.007096280424328, 16.15292115926407, 15.876791413789942, 17.58731309707472, 19.550760853720682, 23.325426712766948, 50.315172485113415, 52.04532545668362, 58.07645345077955, 64.30080641089504, 65.86236235959969, 63.03532890229974, 57.923213854426976, 49.30380601836841, 38.642291362586995, 42.628816954213534, 35.22989847273571, 32.96838101196388, 86.57342535857387, 78.06805022845863, 71.52943050445025, 67.36869775807813, 63.63971233569709, 60.566438985844144, 63.545997667519494, 72.74860161778848, 77.74106031514394, 82.4976191706549, 86.0124067599706, 87.38778793612349, 81.25662945659543, 74.00879608603023, 69.75825357867527, 66.14460033435711, 64.94698676258591, 68.95133830445246, 72.85607371366073, 78.53464338483164, 110.71221973167266, 112.10164358750758, 114.47557719446026, 114.85030807833408, 123.95814082015191, 127.24671601357309, 127.34489885656063, 110.07654894799234, 100.39993449031215, 89.6666677664575, 78.99315250512053, 64.69193550391076, 56.48623820189591, 47.26284581799952, 49.2138048441585], [57.2865688685619, 64.69920203386506, 73.21084294623563, 80.76913006072903, 72.98031703824881, 64.22067582240132, 55.90483843126497, 14.727999645201992, 10.656178381355156, 8.09933914420899, 9.937885287596604, 16.135584821518364, 8.546562999140063, 0.0, 8.483835111811521, 53.94910847707032, 63.251279658481515, 71.45502349946769, 78.8810758527947, 88.22790293245511, 85.16426191207535, 77.4672681490433, 69.60758744290008, 61.214199891500705, 51.95329520168885, 23.008384969928613, 20.562707640938754, 21.27666407257611, 22.294434794523408, 24.110555253572095, 21.149362435830753, 18.29812484898647, 16.134431416882656, 14.596082142183672, 16.90165619352997, 41.789101858065244, 43.99561168743803, 50.925407016330134, 57.37975340970662, 59.71588222914958, 57.52449314554968, 53.16347307302723, 45.339815915410895, 34.91675635994021, 36.76877633557501, 27.77039986087658, 24.553774906561518, 81.29037784151123, 72.56288542072295, 66.27917492905843, 63.016255958125704, 59.89474615037298, 57.798231691942284, 62.39371530174846, 71.05270675247755, 75.3406480820833, 79.39210388180317, 82.04515491378726, 82.84986389054622, 76.38244747438998, 69.03651360597063, 65.67848840493433, 62.85447115830048, 62.921073314572936, 65.94924148500098, 69.14541125640075, 74.07051099062471, 103.17684099859687, 104.92991175139943, 107.84257134839288, 108.94731969100089, 118.59874072715432, 122.78424694588503, 123.88845877619828, 108.15318899384333, 101.85517561336015, 92.2298230449325, 82.74437799560671, 69.29982882071396, 62.12585711046296, 53.06527158424125, 53.83059203232138], [48.96005418151251, 56.38618211214818, 64.81716671013734, 72.29090918576594, 64.5293564850757, 55.804204488285826, 47.47252636947468, 6.312951605261204, 6.97242089496747, 12.052040163618855, 17.695962140238972, 23.784875183079805, 16.841284632650204, 8.483835111811521, 0.0, 46.57581672739944, 55.572807122872014, 63.54585426659866, 70.79439233675974, 80.01313517389268, 76.84976215844732, 69.25516839199076, 61.4823043971607, 53.18626039900899, 44.09823842200638, 20.920550578750003, 21.55845041903585, 24.979050141929516, 27.67285492321329, 30.486835587284503, 28.254223959435887, 24.677609626675153, 20.486827388042983, 15.865478369152349, 15.444392103523208, 33.97568437290637, 36.93420375575848, 45.017946723385336, 50.86294522256804, 53.972290350515735, 52.964069392127584, 49.654777200490955, 42.565360535097184, 32.64854150426572, 33.067830621593835, 22.134380820590444, 17.548528005667258, 75.82806352510956, 67.24971851016134, 61.55829806421967, 59.428240104343026, 57.02088928638179, 55.813920009471026, 61.47375707058479, 69.5652790797155, 73.15080253543225, 76.3822219776202, 78.15038024735082, 78.25885192649534, 71.47358182459293, 64.47404034774313, 62.172718063427325, 60.158860298717684, 61.211195312630664, 63.275502560274454, 65.66477675422792, 69.66846386651892, 95.36458311644118, 96.92581419569312, 100.12281323116392, 101.84791089369185, 112.03082277209327, 117.09269889826822, 119.1971604330075, 105.61134000177918, 102.08011626308787, 93.58323885328514, 85.16322098285653, 72.55016897492072, 66.43941800119686, 57.96167095467216, 58.676865458509816], [16.93402692116586, 20.16639140187669, 28.72267564260999, 41.096511010325905, 31.435427518259505, 24.790245432680454, 21.02874927913365, 40.93986720875156, 43.96856915484025, 51.4938105158671, 60.472926410026844, 69.25606935205805, 62.330440311035225, 53.94910847707032, 46.57581672739944, 0.0, 10.987140480417505, 20.66703650920927, 29.955866316009054, 44.328727844494374, 40.11248193624081, 28.796377175437534, 20.064579784987497, 12.212385282354342, 6.823965305198218, 38.550803904183375, 46.882348176560335, 55.680115957779094, 62.400511677247266, 68.36850454708834, 68.17677459587696, 62.03212530547849, 54.37053821592254, 47.22858359682047, 42.02122134868822, 15.910895827970876, 26.26782398675271, 38.42934278297781, 46.22397599948509, 54.81378035183763, 57.563675976913295, 60.17469569387862, 61.85181923887385, 59.09432307590938, 45.99688656622848, 37.04200134708557, 30.44771380433731, 76.85134453853037, 68.24386082648405, 65.48177016861187, 69.35220091961132, 71.0826067627651, 75.47347035217949, 87.34084058050865, 91.15327099614215, 90.65913897478977, 89.87699143074639, 86.47139542167471, 83.38016699099654, 76.19303666242226, 69.58191731544129, 73.22505406945608, 76.1779194420991, 83.45794971040438, 80.37264986810786, 78.5539695071097, 77.32557962825896, 63.51424062704374, 73.79178515580071, 84.71788391015549, 93.556005238536, 107.089607413783, 118.06226673560397, 126.28149209042716, 121.61796983906872, 133.45873802641256, 129.26833453497224, 124.77462790373505, 114.67130767756291, 110.15193705975737, 99.8052201111979, 93.37457271841969], [15.219174614570234, 14.467644633655922, 21.04045946641304, 33.55859884110284, 25.09898735871298, 21.316948672449936, 20.665537681267164, 49.77212443263894, 53.25710239072288, 61.01096958785623, 69.84987667631813, 78.19850251119412, 71.64990616477333, 63.251279658481515, 55.572807122872014, 10.987140480417505, 0.0, 9.772972161655328, 19.217481413399128, 34.15370189159909, 30.12387753100883, 18.74647403680844, 11.246677316953036, 7.605634650855771, 12.642279479211096, 48.58280640032962, 56.52998876910071, 64.83219540116713, 71.36337337906642, 77.15090641638763, 77.23532943267715, 71.43236686491404, 64.04531284667837, 57.07045321691119, 51.949414085786394, 24.667166830435026, 34.42515910788762, 45.77958758899301, 50.97227128820078, 59.833017156682345, 64.18085729893123, 67.8159133791828, 69.87851762131379, 67.62931315050902, 55.491187358356655, 46.81574748673497, 40.321110025025234, 79.55390110682141, 72.20766025567049, 70.82039013573316, 75.8499904115394, 78.18128383037887, 82.89509975213575, 94.45749358645152, 97.7969917505025, 96.79696681646425, 95.20586072909057, 90.98514090304043, 87.07142374617305, 79.97266500500444, 74.69329929959603, 79.40005360130087, 82.91151866452611, 90.30972732844523, 86.67919938419793, 84.14872109893693, 81.80544520062125, 53.50440175884382, 65.62630210925951, 78.88138980592845, 89.70878622113284, 104.23208248984027, 116.71697465698921, 126.41081053960735, 125.56859568945006, 138.61395515354425, 135.23504751548376, 131.0842671376981, 121.20870931168062, 116.9380499827139, 106.46562403169426, 99.86941613086393], [18.21711149548273, 13.64427629541842, 15.679895096465538, 27.14478472256159, 20.84958204900439, 20.90885277088356, 23.295770760755893, 57.6322185284257, 61.62472207108002, 69.57008151669409, 78.24323787055295, 86.12572343786341, 79.85075614131877, 71.45502349946769, 63.54585426659866, 20.66703650920927, 9.772972161655328, 0.0, 9.526527659164852, 25.005568773830948, 21.070923988801937, 10.05782625107458, 7.461359463478221, 12.309607185058754, 20.876240116093463, 57.805137017767315, 65.51550774089877, 73.45996576353829, 79.77582716641884, 85.33744979682976, 85.54224353102391, 80.0529269897825, 72.89760481833399, 65.99800402276503, 60.94428247088039, 32.831312124662944, 41.81130526446002, 52.33922997756932, 55.21300125227611, 64.05561302310086, 69.70017577942099, 74.12909165901513, 76.44031896490053, 74.66042423426984, 63.49181435729252, 55.13697194201635, 48.98787891298277, 81.40625673623612, 75.30648797307835, 75.13543072091865, 81.07677952547706, 83.88390347686652, 88.80734556833511, 99.99293395485303, 102.8868111642537, 101.45468241622928, 99.16750190682983, 94.2889924529267, 89.69480470735034, 82.75642547278919, 78.74202751075431, 84.28856939226866, 88.22666981887241, 95.64043630507985, 91.56939831143082, 88.44944247134056, 85.1712592223007, 44.82271807733543, 58.025762183653384, 73.09814974117843, 85.57160644213172, 100.81664648885987, 114.54260563830788, 125.48035290820998, 128.05313440987769, 142.20536009735105, 139.63159691678533, 135.93799436400823, 126.47624104649705, 122.64447562013582, 112.48648652264008, 106.29036925345352], [23.68051027597357, 17.572804117220446, 14.190612187906094, 21.906157018560513, 19.454554532781493, 23.407130326890222, 27.761202569397135, 64.82348748766192, 69.3010848542467, 77.40700113817502, 85.86741585329297, 93.21853187298632, 87.23360454430723, 78.8810758527947, 70.79439233675974, 29.955866316009054, 19.217481413399128, 9.526527659164852, 0.0, 15.948495304505885, 12.26301076774256, 5.580210467069679, 12.54903617044819, 20.101087084929983, 29.241939016067228, 66.44950183959038, 73.92656000827526, 81.51021989653768, 87.56672485078502, 92.85128967656306, 93.12797982580342, 87.98641079459868, 81.08896365762702, 74.25968189530357, 69.28899426994975, 40.760653803556295, 49.16729710414306, 59.03032512820774, 59.698019312381426, 68.32430081581875, 75.13413203393979, 80.1744371895059, 82.50812715468558, 81.0540077794238, 71.04830783822258, 62.88788321194617, 57.02904919628013, 83.18796245218527, 78.4200298789569, 79.3922035015552, 86.0610988749481, 89.22693592889996, 94.2074912148253, 104.82675095156746, 107.36267035852755, 105.59886421022956, 102.70772407438052, 97.31864058109164, 92.12501584351016, 85.38249023654701, 82.68249924076994, 88.89049219121307, 93.11419913416357, 100.3616264719049, 95.98114872669383, 92.37867503388979, 88.30060753633634, 36.41751933119538, 50.132698159967035, 66.96292368587086, 81.0096336020019, 96.9136922355922, 111.77864447038075, 123.8528292284431, 129.8703435268255, 144.72296298851376, 142.91791995122665, 139.64873506263058, 130.6319617969947, 127.28489906157024, 117.60892458117061, 112.10098257401377], [34.119624915330476, 28.44391324804142, 21.740610778970336, 19.19679510200226, 24.718817881232454, 31.690680856685837, 36.604803859263264, 74.14249089856169, 79.26011983716155, 87.49794148545213, 95.3915015231527, 101.59951477783773, 96.32845743407825, 88.22790293245511, 80.01313517389268, 44.328727844494374, 34.15370189159909, 25.005568773830948, 15.948495304505885, 0.0, 6.711201454803459, 17.946699560253144, 26.490730470599132, 33.69769051089623, 42.32671545982572, 78.39981821143651, 85.25170850083072, 91.97313662760244, 97.39724387831369, 102.03066520094569, 102.43523186197642, 98.08360337708085, 91.82790379184279, 85.2611606556876, 80.55623069656053, 52.76435446903887, 60.97711406739042, 70.4358201918854, 67.80455285989012, 75.75909982112572, 84.23914180947207, 89.78200858334344, 91.38158670541964, 89.86536236116186, 82.4546266755731, 74.0550381753659, 68.24407984756841, 86.6641333225613, 84.20366053290513, 86.7770311869007, 94.12582547730366, 97.513872303477, 102.09111314844925, 111.13380407872589, 113.506142822921, 111.59313277111542, 108.04663586326213, 102.32010644939223, 96.37559058945916, 89.92089955972023, 89.45959969979052, 96.2260857028894, 100.46309780878943, 106.8163308872762, 102.39443259541463, 98.35652770593938, 93.41534716020199, 22.390432295806008, 35.42046685340863, 55.94684856347615, 72.59790627706116, 89.74173460587367, 106.25114708977742, 119.85286668799034, 131.76690784739364, 145.80337076684785, 144.970044928291, 141.9622966066387, 133.4351455670766, 130.72452679059313, 121.85749819513492, 117.86721732031022], [29.43002117154175, 23.12147398487799, 15.603531551189587, 14.33454639825725, 18.599128767063927, 26.002055573081403, 31.746039259184094, 70.81703280440098, 76.24362633500138, 84.59844706003204, 92.65714208776045, 99.06076267903694, 93.41412492351033, 85.16426191207535, 76.84976215844732, 40.11248193624081, 30.12387753100883, 21.070923988801937, 12.26301076774256, 6.711201454803459, 0.0, 12.463784204740149, 21.160817940880285, 28.829482931584895, 37.86312171233926, 75.26355566398759, 82.5021005015719, 89.66852688008218, 95.27522225155076, 100.04887524983641, 100.20646854920949, 95.60298806848506, 89.08359207213587, 82.25972330220937, 77.4196003473604, 48.169696286302376, 55.52739440659867, 64.45255496254325, 61.879453027029946, 69.92219573917428, 78.27125311192917, 83.97950399427654, 86.06942250540337, 85.04861447753063, 77.14909758190123, 69.37773685304104, 64.33230694325877, 81.22909151507191, 78.37407702148576, 80.83877344865626, 88.2870742676045, 91.81310219770099, 96.66979451680355, 106.22022082131343, 108.30822292001595, 106.19939278632326, 102.59422731483006, 96.72975335215938, 90.84937341653553, 84.40807371144764, 83.60282895825728, 90.48825431491575, 94.92491450190154, 101.69487774267103, 97.02983689162721, 92.8875805613584, 87.89280997350285, 29.02561005837846, 38.48076816633373, 55.903180562236216, 71.26243271206486, 87.74499606679365, 103.6833800613912, 116.88515519210152, 127.09713628255332, 142.5844198960502, 141.88203429146535, 139.4227258629449, 131.39241090509566, 129.13823016879073, 121.0073924106583, 117.61873954868094], [20.824604113487823, 13.872717441182816, 9.253149897197442, 18.425526693760535, 14.469091385030747, 18.86416436888064, 24.324370958223852, 63.139928767149954, 68.15822652896063, 76.41394709656363, 84.88280241390524, 92.12180142561782, 85.90261375692606, 77.4672681490433, 69.25516839199076, 28.796377175437534, 18.74647403680844, 10.05782625107458, 5.580210467069679, 17.946699560253144, 12.463784204740149, 0.0, 9.277884091017357, 17.712254933119752, 27.304930876319553, 65.76643378450751, 73.51354119219839, 81.36378963001364, 87.43019306673195, 92.67134722269955, 92.678596059986, 87.4792014572839, 80.47086577341663, 73.42232545028027, 68.38066632032901, 38.29137040318349, 45.56416330436556, 54.74716149881718, 54.78224612059453, 63.36598466644416, 70.37480724111947, 75.69159984169045, 78.37299988970126, 77.44610908756086, 67.53277401695854, 60.050692158935256, 55.16859232306767, 77.91826607861053, 73.172043696607, 74.3224339191548, 81.21406785767394, 84.55986794070164, 89.73298866839744, 100.52264091417317, 102.735330409169, 100.75333380972765, 97.68655433673416, 92.12202684302781, 86.87138223007663, 80.19884151649455, 77.57419280930895, 83.9934912207945, 88.41078947775264, 95.88264199937335, 91.25672770628678, 87.47350587740537, 83.19721680317556, 39.77428636008623, 50.084103383443114, 64.64929470407264, 77.75475810470601, 93.13767762898537, 107.63238236051428, 119.51102567595011, 124.91382855181966, 140.9841146477991, 139.52382960860825, 136.89960285893036, 128.55732492720574, 125.88655199690176, 117.29853098640119, 112.96762333306494], [13.718526339043448, 7.608819521750594, 10.382468901631057, 23.143190914907585, 14.812059356166717, 14.159404700135559, 17.9622248232327, 55.34881784146655, 60.2431068578801, 68.43891946931605, 77.05984339113253, 84.6509305848611, 78.1076876689877, 69.60758744290008, 61.4823043971607, 20.064579784987497, 11.246677316953036, 7.461359463478221, 12.54903617044819, 26.490730470599132, 21.160817940880285, 9.277884091017357, 0.0, 8.734154233085079, 18.463862798952604, 57.41050603739375, 65.43505012508305, 73.65407001758186, 79.89456019088105, 85.30545507360111, 85.12666694332646, 79.65219077148738, 72.417760464673, 65.22286049407438, 60.097607491523, 29.498782069608566, 36.85431826247907, 46.56979191744758, 48.35354454043512, 57.16608899345809, 63.219948159694376, 68.05448946746642, 70.73340948239706, 69.63457363942946, 58.827270948125424, 51.34607134952408, 46.64204063632296, 74.08879195995999, 68.0780068951462, 68.18811954864283, 74.45524438198693, 77.50158176622588, 82.6383618504969, 93.9422240617504, 96.43735287463389, 94.73682674117401, 92.20639515323394, 87.11726732373636, 82.42520647400686, 75.55053924706726, 71.72397522097816, 77.56057928427057, 81.73555179794522, 89.37273943072134, 84.99281773946035, 81.62683550367218, 78.07682445127831, 47.91340513203619, 57.03859449173883, 69.33216584623547, 80.56670456300338, 95.15015788873706, 108.37953811646605, 119.0518159203671, 121.03517265617677, 136.60394479362603, 134.52196531426125, 131.6873816016879, 123.15999894005924, 120.30377804835486, 111.74054624888383, 107.39097484677178], [8.576844193018138, 8.243957648988927, 16.512646850950638, 28.99020972610559, 19.4307776835593, 14.122119295875214, 13.609561638401473, 47.09489970925648, 51.780601144035344, 59.918883754863536, 68.608332383123, 76.41603835559611, 69.72640732609443, 61.214199891500705, 53.18626039900899, 12.212385282354342, 7.605634650855771, 12.309607185058754, 20.101087084929983, 33.69769051089623, 28.829482931584895, 17.712254933119752, 8.734154233085079, 0.0, 9.730854347672867, 48.81766341371058, 56.934318247946685, 65.30158679357577, 71.59698462562741, 77.07276527236426, 76.78530801821893, 71.18661948724808, 63.866964362533245, 56.61340448414101, 51.46440220696257, 21.026554560255512, 29.603686487558743, 40.605067880818815, 44.13965509868545, 52.98247369144482, 58.077437966906444, 62.13996186786461, 64.23677837079073, 62.46996479176774, 51.28998841792573, 43.14830714320753, 38.02075764948584, 72.11350958971997, 65.08361956045255, 64.11617775042978, 69.51049354383686, 72.04584050781625, 76.82135025518551, 88.19632667653143, 91.26679686432814, 90.0808002392817, 88.23639402491708, 83.86439695740889, 79.78110159911819, 72.67932045304508, 67.85479949288124, 72.84964230763839, 76.51245624213377, 83.901996285758, 80.04767768429092, 77.27948612097752, 74.64803237201686, 54.280277420558434, 62.633343576582455, 73.53032336582262, 83.29653994367894, 97.35780760851648, 109.4592257180101, 118.96056849201386, 118.17985916264583, 132.05697965084002, 129.18383590571818, 125.78004035872098, 116.77817126830554, 113.5085496684871, 104.70496232940678, 100.28635291768846], [11.157387283394131, 16.07753487142737, 25.21340011856025, 36.85379479552057, 27.094552480654816, 19.469712378152355, 14.542516631327778, 38.10958083518875, 42.428162964930486, 50.46207517230751, 59.23552081935969, 67.33023733921665, 60.462500964768275, 51.95329520168885, 44.09823842200638, 6.823965305198218, 12.642279479211096, 20.876240116093463, 29.241939016067228, 42.32671545982572, 37.86312171233926, 27.304930876319553, 18.463862798952604, 9.730854347672867, 0.0, 39.27856117082861, 47.50750145169559, 56.05902191247515, 62.41347982320734, 67.9646798024112, 67.53672786336543, 61.78085614780855, 54.356577960614594, 47.03128506438982, 41.854591574693956, 12.095359021918364, 22.93319421034035, 35.51639885248222, 41.29708875621914, 49.86907695315326, 53.608342073483655, 56.55974422124507, 57.802944948356235, 55.09474369865062, 43.53954316098251, 34.39348332074909, 28.49342208336724, 71.23901652897112, 63.15489247774129, 60.89280621234425, 65.08726260192272, 66.92269980788046, 71.15872687599455, 82.49677762086826, 86.28582065963022, 85.76016403377852, 84.77727760882078, 81.32592503434776, 78.01406205745815, 70.74417795912585, 64.80961700133791, 68.66885086262424, 71.62385682408167, 78.59899191441839, 75.46130411382757, 73.47867881412753, 72.01283643737082, 61.93417498923055, 69.54448088694498, 79.04975604826396, 87.26314275685168, 100.67327576257271, 111.49100421044321, 119.6526035061184, 115.78442848837595, 127.52125671861718, 123.69522949663386, 119.58050151001633, 109.99516436964531, 106.19422545113245, 97.07799258777878, 92.56164087628207], [47.95268130612112, 54.6482111821521, 63.80862304628023, 74.00278765245437, 65.0371936030694, 56.432512415981535, 48.68491701140311, 20.72331252068344, 14.458137067262369, 16.764362617066507, 25.290601520381635, 35.87716514297319, 29.25767630701408, 23.008384969928613, 20.920550578750003, 38.550803904183375, 48.58280640032962, 57.805137017767315, 66.44950183959038, 78.39981821143651, 75.26355566398759, 65.76643378450751, 57.41050603739375, 48.81766341371058, 39.27856117082861, 0.0, 8.963528117036393, 18.743135956962536, 25.739148217384525, 32.19706540654421, 31.63703520584557, 24.565460650082525, 16.463279220555698, 10.099752526330729, 6.107370910681862, 31.652537430651925, 37.19977832177054, 46.83249389505608, 57.97706342710487, 63.012809606487004, 60.653847773673334, 57.83334334042408, 54.22453656505805, 46.43890289910876, 37.51341524762076, 26.689014162826943, 17.546423667011606, 8