{
	"dissimilarities": [[0.0, 8.488752539005072, 16.048616489160242, 25.67895531939931, 17.12281007991054, 10.587775299222688, 5.469675914259817, 41.71768109120402, 47.43852569307584, 55.89847896688471, 64.20497253959896, 71.14973766033627, 64.72698883167551, 56.260452742854, 47.9335296865966, 16.448221067102974, 15.503196048699412, 18.33805208853967, 24.554862184426227, 32.703715272694225, 30.51378789606095, 21.824689383038834, 15.162612968297257, 8.608124689358831, 10.395166421106927, 46.9760733291611, 54.70677906208827, 62.56404094840073, 68.51240824233278, 73.25071794580735, 72.77723111396013, 67.7268414945183, 60.82918801584149, 53.551316762387344, 48.58237746876339, 17.770757684297596, 26.846721215252526, 38.2455320557546, 39.577387520008166, 48.12985578636855, 54.10252902422767, 58.15237553945363, 59.459580834929945, 56.83014262567859, 48.038009436471725, 39.45812161840172, 34.39807949626399, 66.77081884530065, 60.590318545180104, 59.69922181647332, 65.01454571597327, 66.82858645364502, 71.92028706258992, 81.49465546307135, 85.27333129883725, 84.73091971466783, 82.59611839108632, 78.60888786121649, 74.6510685439751, 67.23596289262636, 64.11563352331669, 67.86556705807759, 71.17997901081023, 78.28320024528513, 74.34292423957599, 71.7105918637932, 68.12992089428191, 55.29012010782086, 59.64486173960465, 67.93389887273945, 76.54491102471692, 91.31072591876546, 103.55698740764042, 112.73122832555697, 110.10257208728306, 123.95665443826138, 120.32966677308164, 116.6410512224833, 108.325196505875, 104.82477443202032, 98.10567556722238, 95.65218683041991], [8.488752539005072, 0.0, 7.961382167156217, 19.192960668274736, 10.499408267494363, 7.473671207578844, 10.650773381820539, 50.184222286634295, 55.85162022403524, 64.27275140084896, 72.64131279542056, 79.63470274181128, 73.206749202006, 64.73051428945102, 56.41111726419652, 20.214217209963117, 15.218042840203204, 13.569957123810413, 17.554797682033193, 25.83474295285754, 23.20734148621597, 13.896576084704353, 8.580441624625916, 9.011870034941696, 16.068130834011964, 54.72214752663387, 62.595370861532245, 70.56846441155687, 76.61458512007808, 81.48754552161843, 81.1088023052179, 75.97890626979111, 68.9876371594922, 61.70803910686167, 56.67526081055934, 25.289768301450945, 32.6544508179589, 42.57267500796307, 42.86688357549331, 51.555912804134664, 58.215187934182715, 63.0987842459032, 65.54177384112063, 63.758151476978945, 54.66512880000714, 46.92834537118261, 42.5151226234801, 68.47652459701003, 63.01909481760989, 62.93339645714344, 69.16140794361385, 71.70997326385404, 77.33431378265983, 87.25641966116923, 90.19570229291278, 89.11261417350846, 86.19274347726406, 81.3843539450609, 76.96279319512037, 69.68739329687978, 67.35984693071474, 71.92353822701712, 75.89012777795853, 83.62481672330829, 78.93854890681939, 75.65959475834279, 71.16606636815445, 49.95792240605444, 55.08320568055815, 64.56160929389752, 74.44356352528933, 89.81907253672931, 103.14603436544503, 113.45911577303703, 113.05256292817865, 129.2275344485001, 126.43662142371723, 123.47198545368866, 115.6400320950256, 112.59823511166718, 106.07320942482856, 103.35174912268359], [16.048616489160242, 7.961382167156217, 0.0, 12.214701446845684, 5.431306310250603, 9.959875595099671, 16.750995650735987, 57.50595682231775, 63.45315058380924, 71.93156620791213, 80.18218441378356, 86.87035174457263, 80.56480303250513, 72.13483894597944, 63.741264190574675, 27.548850040877497, 21.052647668852984, 15.746988611298859, 14.473052014163459, 20.24682397007795, 16.78222230808238, 9.541555973841266, 10.512833291626668, 16.254874274596563, 23.943646324423625, 62.666481505892165, 70.48623785850756, 78.34415783562237, 84.2728381627806, 89.04889284642837, 88.68284563442688, 83.70121195062951, 76.80716703677078, 69.54717677624332, 64.5455585769356, 32.972498677917756, 39.10885286814963, 47.70374165914402, 46.07179038993017, 54.52670844820973, 62.14230222388019, 67.73507030791492, 70.68725106615632, 69.55727393622078, 61.10925817173291, 54.04993813579791, 50.22616706700487, 69.05794775717696, 64.7883993355486, 65.67873750055061, 72.71102741339102, 75.85473756082375, 81.6783431138361, 91.45075253731191, 93.68924977255722, 92.159842602793, 88.4907601533629, 83.03293785971005, 78.16635518074129, 71.03860721401362, 69.84020575454572, 75.15846005895297, 79.5791799794367, 87.5206770255984, 82.30586976170646, 78.45681466624073, 73.09949937738247, 45.05943831410234, 49.18845353728585, 59.16016473117098, 70.04685216896155, 85.98972875762279, 100.28805853369349, 111.65465426005039, 114.09048748922247, 131.8291528686778, 129.95398666889614, 127.71082062222459, 120.43894600094515, 118.05684312794921, 112.16056547719332, 110.00438593486346], [25.67895531939931, 19.192960668274736, 12.214701446845684, 0.0, 10.121391465163379, 17.630139591116798, 24.54661805351226, 64.80253568775683, 71.4800187911161, 80.0768358581221, 87.83680456154899, 93.52658899042409, 87.64353352070428, 79.44627799065555, 70.94428598612761, 39.3624801888835, 32.991675281748165, 26.695799533359438, 21.10500911531599, 18.905838292784406, 14.598314223874276, 17.168436111904022, 22.363161777562897, 28.08042247743059, 35.052294616663644, 72.48622462055275, 79.9362010726669, 87.27410236646176, 92.7002140767889, 96.97643476977683, 96.51187757556043, 92.10085232019892, 85.65703053400635, 78.50381661027804, 73.70807224415982, 42.601809867140176, 47.61522510714225, 54.85941830063331, 49.51011148004918, 57.078547182363394, 66.36849199520292, 72.65087291701688, 75.23805689081942, 74.677692934833, 68.53869193840669, 62.17974859678033, 59.10219917278018, 67.35366357224659, 65.47855970271412, 67.90827674753218, 75.7678468494368, 79.42483137332104, 84.91855729281815, 93.59019424431051, 95.16188162897112, 93.23392037571938, 88.6739057252421, 82.71499941525597, 77.31271502873385, 70.37124427643384, 71.24422583118572, 77.4169879329152, 82.06359715670892, 89.49965568370105, 83.99983556134883, 79.55721814743904, 73.17756766711396, 40.404896294696826, 38.4541772094194, 47.356335511076786, 59.14050734840178, 76.00458885830457, 91.44916983575409, 104.05918391709037, 111.47366325155878, 129.70577186964312, 129.18281606255198, 127.87647934053514, 121.50064608582065, 120.35253013114117, 116.04746687848927, 116.01665589094779], [17.12281007991054, 10.499408267494363, 5.431306310250603, 10.121391465163379, 0.0, 8.077325256919268, 16.026914467241156, 57.17714191485973, 63.730494888478674, 72.28607620282128, 80.33154623758138, 86.60155527030342, 80.27125310217251, 71.89776727090738, 63.44177067032386, 30.365591652736622, 25.129705238431843, 20.92199080789952, 19.6310206950287, 23.497868457521914, 19.534197978404897, 14.600161273877697, 15.27777269282856, 19.208354286225905, 25.90446694923192, 63.92026926740451, 71.73017733909448, 79.55192442133624, 85.34899968570038, 89.84622623181727, 89.24496628336125, 84.42400543160697, 77.63757180697795, 70.30757458415577, 65.37105141940201, 33.319770807466725, 38.03344492697352, 45.694931644853575, 42.363013700210104, 50.562999615859155, 58.81502455509514, 64.74171628389351, 67.73919896160044, 67.06815792698384, 59.52959681223051, 53.16331083095865, 50.37739097902122, 64.05465415767806, 60.30257442469053, 61.64347857255219, 68.98977461197438, 72.36841378040202, 78.16706983870527, 87.73385187377568, 89.62328231631605, 87.91764961743257, 83.96441846358488, 78.34758683354517, 73.35006153416953, 66.25054189842682, 65.57217756921159, 71.18540966576376, 75.73945455408357, 83.66191157620315, 78.24165343324701, 74.16756289127991, 68.49840919011024, 47.51460195582737, 48.136548421924324, 55.66974716561909, 65.6726900565822, 81.04934480149437, 95.09929208430252, 106.37755074336694, 109.04500218266789, 127.54663385079769, 126.12712363793875, 124.51995752056341, 117.88740389897815, 116.28010720882806, 111.67689041244805, 111.02889266135313], [10.587775299222688, 7.473671207578844, 9.959875595099671, 17.630139591116798, 8.077325256919268, 0.0, 8.513662081072633, 49.515856354498176, 56.13426394006729, 64.66512863897469, 72.7495080859721, 79.17162550569068, 72.64911689207081, 64.2329376415694, 55.81422101583511, 24.665823276648972, 21.739611917421275, 20.840628372477305, 23.432559524188797, 29.621205222852385, 26.212318915069492, 18.891752310185893, 15.163371428524663, 14.458059222514795, 19.318735936628023, 56.41834735585646, 64.3038136116506, 72.26388787149965, 78.1433039966493, 82.61571375477995, 81.86859468896743, 76.93868695703198, 70.07725729776936, 62.6780226323858, 57.73575816381833, 25.44735466460029, 30.252891418755564, 38.78561141190378, 36.756222945142525, 45.246635573698555, 52.758513799930135, 58.14352774180838, 60.75814918298705, 59.67988471060735, 51.745327676769435, 45.10755276802298, 42.45191903891709, 61.186946405720825, 56.19994078494216, 56.622113241528886, 63.2846121303301, 66.17299763910499, 71.83959279483737, 81.61926412244868, 84.06669085750808, 82.7358894777165, 79.45475938929059, 74.43506560417067, 69.86490734430741, 62.59812291409079, 60.8094426811468, 65.75934701321586, 69.94029248706646, 77.75599825327978, 72.74168791609337, 69.15713333575789, 64.27885008578795, 53.43679871947856, 54.3294936411196, 60.59532235828651, 69.1276161285101, 83.53810164512346, 96.36790196194733, 106.42891919334339, 105.86638496854178, 123.26560811565014, 121.06356388234367, 119.02035595095211, 112.11127672939898, 110.1797918435916, 105.54613089453709, 104.98828516268964], [5.469675914259817, 10.650773381820539, 16.750995650735987, 24.54661805351226, 16.026914467241156, 8.513662081072633, 0.0, 41.193450387701326, 47.756443839597374, 56.31524930441506, 64.34823696278912, 70.76101996190704, 64.31351314470304, 55.90677693358273, 47.47095507112591, 20.81232269687754, 20.651651516317354, 22.847623165293143, 27.785814278646736, 34.64523856255476, 31.943896143545945, 24.33870805364002, 18.683928878577277, 13.258599841310733, 14.261580894125201, 48.63248678166352, 56.286454894630275, 64.04034010678323, 69.79026152228143, 74.1691313732707, 73.41617084609899, 68.58703361917706, 61.853607489623876, 54.51527149203663, 49.65567523101754, 18.35879052676467, 25.291067277837683, 35.784827912300166, 35.198387540457894, 43.59709865378257, 50.29475205716907, 54.688660739027085, 55.935730152645114, 53.74875268606655, 46.05814124257914, 38.24910249373019, 34.59468229410614, 61.56022476593177, 55.77951098587518, 55.25918160331889, 60.86172271591125, 62.87710630705765, 67.92260916007235, 77.28627583587163, 80.78404154171295, 80.10055403569119, 77.72823784057667, 73.64745139404087, 69.58954459104545, 62.14375818763429, 59.45504472111184, 63.46145994386556, 66.87627025797102, 73.9363101267149, 69.8199687928708, 66.99329010955671, 63.16236498380005, 57.126370340241166, 58.56088158381498, 64.71591021899766, 72.379672196582, 86.52697533990658, 98.41155086549661, 107.39148183960783, 104.83271736761779, 119.29653190617566, 116.09454619656579, 113.0332417195504, 105.36439420454282, 102.70146183749814, 97.4293878482141, 96.72545627282759], [41.71768109120402, 50.184222286634295, 57.50595682231775, 64.80253568775683, 57.17714191485973, 49.515856354498176, 41.193450387701326, 0.0, 9.202857732024658, 16.886355150629605, 23.73039211293882, 30.04588309195045, 23.14731742652314, 14.728930373194212, 6.325546110846082, 40.88496687511504, 48.88888503041699, 56.67410691231612, 64.85445259508911, 72.4159475191693, 70.93230716620367, 63.185401730670876, 55.635812117982184, 46.09760392382427, 38.06159998444932, 20.66137883388824, 23.730360947629663, 28.851910363878055, 33.10481302822913, 35.88497026078237, 34.00979375217303, 29.933993284740843, 24.700585040779544, 18.591979962794873, 16.29670434132647, 27.74522285419589, 31.304060063348494, 40.17783188276753, 45.9312012856257, 49.78104436721582, 49.51840796510725, 47.172251900844266, 40.54644589686372, 32.00941510230854, 29.241847366265848, 18.84487720675248, 12.765305296786167, 71.4714808823482, 63.01701142142374, 58.17934811732993, 56.969997120340814, 53.918300500532304, 54.56585329256734, 60.486814281011675, 69.00795003399702, 71.76809874922859, 74.49911808418378, 75.54382329138612, 74.71005988349388, 68.15586673920296, 61.45852242760506, 59.74493473141063, 58.493993632219926, 60.49269425810057, 61.84864694216593, 63.56346254583394, 65.81630309007508, 90.35309494159316, 91.71874561784435, 94.77425202152025, 97.59383614802658, 108.0135731312706, 114.33350907424027, 117.3661860709404, 102.73354191541898, 103.44602510827218, 94.88761433332513, 87.05762567282217, 76.19294157440457, 69.83651733929187, 62.77249464400709, 63.3063362906193], [47.43852569307584, 55.85162022403524, 63.45315058380924, 71.4800187911161, 63.730494888478674, 56.13426394006729, 47.756443839597374, 9.202857732024658, 0.0, 8.612766580868254, 16.849238221920213, 25.27516895736078, 18.547690148045927, 10.606586066777613, 6.877460072194241, 44.02344227336315, 52.33209329812616, 60.605972927660076, 69.30908779027916, 77.37508180212829, 76.29336527597573, 68.19850709076198, 60.40324212290377, 50.778995311114386, 42.457716009437355, 14.69009169926059, 15.180415337573109, 19.655017303435677, 24.23954850631911, 27.67805557901763, 26.158759910164736, 21.356652605101342, 15.750168329329243, 9.996240844485689, 9.092805743727123, 33.060980039982326, 37.6132728526448, 46.6057119590879, 54.18996583787857, 58.06468596182845, 56.737377983489516, 53.65263883018331, 47.03017796819035, 38.126885362609706, 34.293510278305234, 24.222085734843418, 16.518607057291877, 80.2235157659522, 71.33278963983278, 66.01242603856292, 64.13097716256992, 60.60117884391648, 60.93886363132542, 66.5819160401747, 75.60235918725742, 78.75053062365441, 82.10285753678104, 83.56610248499884, 83.04426031981548, 76.66837111875488, 69.42706288845797, 67.14315395522357, 65.50415319851786, 67.09519202627092, 69.05951381849903, 71.26494734107297, 74.08453512112447, 94.60385859624077, 98.16782579584232, 102.73547311081771, 106.13155843050507, 116.95895617186737, 123.29421641817943, 126.09943274055738, 110.4691017512767, 109.06691447588797, 99.43212060282255, 90.20527548208081, 78.1169794831031, 69.82125889887332, 59.72864889183348, 56.882171529821775], [55.89847896688471, 64.27275140084896, 71.93156620791213, 80.0768358581221, 72.28607620282128, 64.66512863897469, 56.31524930441506, 16.886355150629605, 8.612766580868254, 0.0, 9.054755528071311, 19.06329919877367, 12.674797684463487, 7.979950412433649, 11.991107643312146, 51.53165638520622, 60.03495550508427, 68.51992075048314, 77.42130675005558, 85.63045279838461, 84.66430185912476, 76.463028924332, 68.55468243144493, 58.90107251222629, 50.48752557000949, 16.90171936054075, 12.831259219546773, 13.829944300131833, 17.34406939831855, 20.19732041593379, 18.20593190935885, 13.157163927932986, 8.733093480375727, 7.272198978877093, 10.983624215719603, 41.13719206966053, 44.82381132413304, 52.71554782191963, 60.95783027957871, 64.15212677836769, 61.69626801343396, 57.62232790311548, 50.29473960139129, 41.036181844597884, 38.245605458463565, 29.875901369018614, 23.970575681402604, 86.13184448157263, 77.00155287915435, 71.18743465675067, 68.26472481747649, 64.01860760204197, 63.569930809837906, 68.35708098399162, 77.98111755454318, 81.67165536434426, 85.87578417130459, 88.12170192673914, 88.14000597350798, 82.12049728256449, 74.40789587973092, 71.26102803473812, 68.90453925295745, 69.55814112826461, 72.46234699982787, 75.39367915505876, 79.11398207570839, 102.41404260827974, 106.34848162998966, 110.79988908204778, 113.75666389351636, 124.08087156019772, 129.6548837530649, 131.57946119547185, 113.93045137444273, 110.04272413537579, 99.31467967746447, 89.03330634217643, 76.28204109327618, 66.77309300647153, 55.54238097739296, 51.76701853206837], [64.20497253959896, 72.64131279542056, 80.18218441378356, 87.83680456154899, 80.33154623758138, 72.7495080859721, 64.34823696278912, 23.73039211293882, 16.849238221920213, 9.054755528071311, 0.0, 10.750884204434392, 6.56162980025123, 9.931688045966908, 17.693571662359215, 60.502016131509954, 68.89589354852797, 77.22729175146722, 85.89519978064834, 93.67644419837369, 92.73294238488558, 84.93401134147616, 77.20988682193236, 67.60180450835749, 59.25593219665138, 25.375283326554325, 19.466058902165532, 15.787769265289665, 15.151452258625639, 14.734540832266134, 11.379772529087607, 9.605593119872767, 11.748209728909723, 15.229708093312393, 19.77620273845174, 49.708709679040865, 52.67917983602512, 59.57967022394661, 67.01847729194934, 69.31025800998354, 66.4417839352554, 61.63651068555342, 52.99593816828086, 43.40782104457561, 43.50636730488826, 36.75175848755956, 32.45391671761629, 90.18544234433503, 81.43883181241385, 75.51761168747362, 71.72006707080372, 66.79798856529618, 65.16242129958785, 68.21074116021116, 78.55077547143458, 82.85124370430731, 87.83199428194779, 90.98291204728498, 91.4924910331489, 85.82726218258547, 78.20796858973691, 74.33762922306273, 71.1357740618685, 70.256612065958, 74.32326044564978, 77.960564403002, 82.47871676612583, 109.66177663934981, 112.67295638655493, 116.2687986254065, 118.3492591136623, 127.96570482661994, 132.53344471335566, 133.39686778777045, 114.59888851403069, 107.01222460364035, 95.26414173067361, 83.79755468454884, 70.36604637467282, 59.862196004889604, 48.39606430268194, 46.245131227257275], [71.14973766033627, 79.63470274181128, 86.87035174457263, 93.52658899042409, 86.60155527030342, 79.17162550569068, 70.76101996190704, 30.04588309195045, 25.27516895736078, 19.06329919877367, 10.750884204434392, 0.0, 8.293138071265783, 16.14726728976569, 23.766239113940475, 69.23255028695226, 77.28423271003032, 85.16746898641867, 93.24518353260451, 100.14022181199276, 99.1337188860655, 92.14834042811438, 84.86354647701984, 75.411243695538, 67.3016276860434, 35.861327526540606, 30.05327071861246, 25.005401309806608, 21.573162339943142, 17.524596379278723, 13.826710263490805, 17.427324934111542, 22.201661490509128, 25.823295613576008, 30.042726187474447, 57.501330507707955, 59.900313726297746, 65.98562254224983, 71.47041335660293, 72.75481535556787, 70.20090182531182, 65.05912056278945, 54.82667811462723, 45.10003422328746, 49.14652119614833, 43.68071345932249, 40.71522849455947, 91.63660375045379, 83.88062677358178, 78.27469455161514, 73.92251528751825, 68.50804129426918, 65.48602716956687, 66.09125870080047, 77.1169623739447, 81.98732036793308, 87.52465876614346, 91.5588621957733, 92.4376958558215, 87.11032524552112, 80.17193841528147, 75.84735117798586, 71.82241791168627, 69.02028656655324, 74.2915737914909, 78.49045540060983, 83.56549430544479, 115.08146064770982, 116.05006848935533, 118.14026238720822, 118.99368178154357, 127.72118089237365, 131.13131817684558, 130.87261662091092, 112.0600050360191, 99.92993588819363, 87.37343411188792, 74.67591657058709, 60.5342999207666, 49.36871146755956, 39.09792080795214, 42.37838251020916], [64.72698883167551, 73.206749202006, 80.56480303250513, 87.64353352070428, 80.27125310217251, 72.64911689207081, 64.31351314470304, 23.14731742652314, 18.547690148045927, 12.674797684463487, 6.56162980025123, 8.293138071265783, 0.0, 8.572763465077117, 16.847348116889673, 62.345624883088, 70.72726572333528, 78.86855404480943, 87.26448281513346, 94.69185220473076, 93.49438404004503, 85.95049030183648, 78.34594799023402, 68.73395610853366, 60.47117341500891, 29.309267021216566, 24.753588195020473, 22.24991879369424, 21.48703224450443, 19.96301727791741, 16.14837132126686, 15.921813779704813, 17.633230468001432, 19.503254638070743, 23.28058732482437, 50.26228037035476, 52.04425412657572, 57.99248428631811, 64.27146537589394, 65.85575872912247, 63.00115827315242, 57.96981701144232, 48.46281543612596, 38.75480741625314, 41.20410264140301, 35.577595048019774, 33.11367176139277, 85.81580139194435, 77.41825840846116, 71.57385746419905, 67.43623970467192, 62.26414399533637, 60.03034247895298, 62.26632702315076, 72.82657266595857, 77.31596424366256, 82.51480900810915, 86.0451456076884, 86.7625068873967, 81.29132920957585, 73.87482252249248, 69.73514052693628, 66.1584323505493, 64.57141987554186, 69.07139088691244, 72.96036525310267, 77.79425165202996, 110.93678689472641, 112.13793366969428, 114.19315318828289, 115.30593257731302, 124.04978961966331, 127.87120214347267, 128.12292768274722, 108.64558236533163, 100.55563334720145, 88.83667554142801, 77.7392272908436, 64.8606241697043, 55.391737602592755, 46.86641094600192, 48.98735860179696], [56.260452742854, 64.73051428945102, 72.13483894597944, 79.44627799065555, 71.89776727090738, 64.2329376415694, 55.90677693358273, 14.728930373194212, 10.606586066777613, 7.979950412433649, 9.931688045966908, 16.14726728976569, 8.572763465077117, 0.0, 8.505778262676438, 53.92676054573218, 62.31173593990104, 70.45961084344951, 78.91422084843119, 86.54147705702302, 85.26951622695523, 77.51856940971574, 69.83987389860741, 60.205254184778326, 51.937473976788915, 22.97873231458476, 20.578912812278492, 21.30752394537772, 23.199385669749493, 24.06771601625123, 21.142990078752504, 18.296920949244136, 16.103290884885144, 14.446913800609906, 16.757328730719284, 41.69681345335542, 43.93239104329106, 50.75595962125658, 57.31470702349919, 59.67603721769063, 57.42746942952748, 53.14085197099958, 44.58982014089196, 34.98374006792054, 35.29237062153209, 28.094278482054595, 24.666065398537196, 80.57860460739018, 71.94318682614524, 66.28132780836363, 63.033054117500775, 58.50764355776468, 57.35322362488873, 61.1890721569462, 71.10074908180708, 74.99747065547764, 79.39360185227605, 82.05730668561735, 82.26569258156674, 76.40067419556307, 69.01617049819215, 65.61569285851823, 62.83153466593323, 62.65128487870438, 66.0338258242257, 69.21749583097922, 73.2452700829067, 103.46678120580299, 105.03387415717656, 107.59789867051863, 109.38822311975746, 118.75743043764871, 123.49953072106018, 124.7585564827626, 106.67072331135665, 102.0808871187143, 91.46841061825445, 81.6006902200482, 69.43785918924858, 61.08995307276666, 52.851052469356446, 53.70709302378674], [47.9335296865966, 56.41111726419652, 63.741264190574675, 70.94428598612761, 63.44177067032386, 55.81422101583511, 47.47095507112591, 6.325546110846082, 6.877460072194241, 11.991107643312146, 17.693571662359215, 23.766239113940475, 16.847348116889673, 8.505778262676438, 0.0, 46.574492195487025, 54.69232553339186, 62.58643540420887, 70.8199065408035, 78.3017304636544, 76.9337689595557, 69.29720949583698, 61.75603837876159, 52.20135976061837, 44.08846738762518, 20.968423854722055, 21.6433712051204, 25.04588220234939, 28.396911334134863, 30.46165644738216, 28.256358691792755, 24.705421707627377, 20.516369231767253, 15.787215954002086, 15.3502272839429, 33.866986370024804, 36.905860866808, 44.88031755011057, 50.80340263938493, 53.94576015808335, 52.902156701051844, 49.68994768906198, 41.9854914832689, 32.77051830764649, 31.720765715744644, 22.664768742115925, 17.7980738148537, 75.19230362333643, 66.7528110622083, 61.594915017175836, 59.49030421165201, 55.75855082294357, 55.53377739089609, 60.42071717633469, 69.64286132810086, 72.93131690420101, 76.39130483302864, 78.17667582653554, 77.78666922173666, 71.50598861988907, 64.58415566511302, 62.131647786640485, 60.16221049925134, 61.095196943726606, 63.401953150754856, 65.7764578142674, 68.81002557728242, 95.61567406756666, 96.96871016122118, 99.79243079992584, 102.1334615088498, 112.13376820736615, 117.7639011101091, 120.02184908549492, 104.11786806267713, 102.24607552338038, 92.79670860493805, 84.0090785543995, 72.49383141767679, 65.27562661244144, 57.681172807605805, 58.5040422454875], [16.448221067102974, 20.214217209963117, 27.548850040877497, 39.3624801888835, 30.365591652736622, 24.665823276648972, 20.81232269687754, 40.88496687511504, 44.02344227336315, 51.53165638520622, 60.502016131509954, 69.23255028695226, 62.345624883088, 53.92676054573218, 46.574492195487025, 0.0, 9.796654436091794, 19.37001377347998, 29.93264841091421, 41.46664794585523, 40.25590838366156, 28.903845219570247, 19.764883778844894, 11.309358706651274, 6.890243111954253, 38.57120643308396, 46.89367227985423, 55.66283546385978, 62.539965829166704, 68.27188381714178, 68.13671569993744, 62.0336234437536, 54.38289527070105, 47.25232429252078, 42.04242406279215, 15.988573940305622, 26.275235564777493, 38.37806247362554, 46.249330403581425, 54.8406029285714, 57.56817384393572, 60.21869174092478, 62.3569796389817, 59.092496928073516, 46.36320549138143, 37.11960511659795, 30.414910208969435, 76.71538425356987, 68.23397573544709, 65.51492848918821, 69.39806433258704, 70.4760115304782, 75.92273925784025, 86.79484998489171, 91.1171366821625, 90.99191591710927, 89.93166883852184, 86.5020971938178, 83.28317935948752, 76.17214134609156, 70.76869905132718, 73.25049462043744, 76.20937429755435, 83.86961602587087, 80.33846175674634, 78.51353088777113, 76.2565021826004, 63.88104128958671, 73.77003716235272, 84.01684958858945, 92.88150489697553, 107.16257194357982, 118.80919608342289, 127.18031082900721, 119.86704737263447, 133.60441408175063, 128.50273195092265, 123.73637903743612, 114.3859477378783, 109.10449127008802, 99.75985796193068, 93.20182635723394], [15.503196048699412, 15.218042840203204, 21.052647668852984, 32.991675281748165, 25.129705238431843, 21.739611917421275, 20.651651516317354, 48.88888503041699, 52.33209329812616, 60.03495550508427, 68.89589354852797, 77.28423271003032, 70.72726572333528, 62.31173593990104, 54.69232553339186, 9.796654436091794, 0.0, 9.697240449652934, 20.450998765679635, 32.41191146285696, 31.515302214277824, 20.08355336290829, 11.645356853465547, 7.73964612335241, 11.886810468639181, 47.48121601446857, 55.4581605641741, 63.791222312095705, 70.41095004112495, 76.11898460824274, 76.23245427134134, 70.41028462297608, 62.99606960147994, 56.01514822044237, 50.88264341899058, 23.805489104347952, 33.677691174299774, 45.059459578506534, 50.67291469026998, 59.534977721071606, 63.6615905731512, 67.22648059791993, 69.74978702537892, 66.9254852648552, 54.98586240935281, 46.02436398741458, 39.362103626151665, 79.55186425440493, 72.19915301486859, 70.51290513372467, 75.42290271732124, 77.1469755626184, 82.82340237263026, 93.520379130233, 97.33122466847355, 96.79519667982046, 94.94267487138447, 90.7994869131392, 87.01637688246805, 79.83702010995178, 75.5979258665508, 78.98324539521478, 82.44950044314326, 90.31184999609432, 86.26058807568236, 83.80849435891234, 80.55919167409671, 55.04754329523664, 66.70638206897512, 79.02690520801173, 89.46024450194066, 104.94702156430276, 117.91798300882199, 127.59258036626883, 123.81396492099674, 138.49155716222623, 134.17547652385875, 129.71119267888207, 120.45831181942988, 115.4154599194784, 105.83265982282956, 98.98940913701087], [18.33805208853967, 13.569957123810413, 15.746988611298859, 26.695799533359438, 20.92199080789952, 20.840628372477305, 22.847623165293143, 56.67410691231612, 60.605972927660076, 68.51992075048314, 77.22729175146722, 85.16746898641867, 78.86855404480943, 70.45961084344951, 62.58643540420887, 19.37001377347998, 9.697240449652934, 0.0, 10.847726120376977, 23.216448094732215, 22.530883594759477, 11.317306829972665, 6.448055854368353, 12.162580916576262, 19.758122559855558, 56.64483710291134, 64.39427967375846, 72.37967921653507, 78.72785379304224, 84.28800134577584, 84.50693285286668, 78.98548024775444, 71.796175598273, 64.87323350862935, 59.803443745778836, 31.713278611417902, 40.84642195750252, 51.39160083335919, 54.66039039787127, 63.548704987646055, 68.99357397795453, 73.386434548113, 76.20118010730445, 73.86596872493259, 62.85681828690079, 54.27757094965096, 47.97248641319089, 81.39472221127554, 75.29733666519655, 74.65963149003151, 80.50297279680697, 82.83039633837676, 88.6611466987655, 99.09206442944155, 102.34701541363904, 101.40175343216524, 98.76813792986881, 93.96813536323556, 89.66345822517289, 82.49128571653274, 79.481613149169, 83.71122958688724, 87.62816748450098, 95.60999583646382, 91.07171014838312, 88.0217446639111, 83.83088834865686, 46.45835923716831, 59.16326360025066, 73.18943681471086, 85.02023503061972, 101.50458196968468, 115.67204694542284, 126.57010856279146, 126.34053822930505, 142.03243166473698, 138.60646842992188, 134.6309097607032, 125.69552587864534, 121.1506459419019, 111.85099692131492, 105.39980954084736], [24.554862184426227, 17.554797682033193, 14.473052014163459, 21.10500911531599, 19.6310206950287, 23.432559524188797, 27.785814278646736, 64.85445259508911, 69.30908779027916, 77.42130675005558, 85.89519978064834, 93.24518353260451, 87.26448281513346, 78.91422084843119, 70.8199065408035, 29.93264841091421, 20.450998765679635, 10.847726120376977, 0.0, 12.764424104037369, 12.467515993637903, 5.5096427372022045, 12.142726918537738, 21.00821489132511, 29.190478718625563, 66.49091877346672, 73.98173233547023, 81.5631001224736, 87.56393196596035, 92.87715689458528, 93.16109809797753, 88.02519231863184, 81.12588279769673, 74.26614105181416, 69.28847550404306, 40.6301610953121, 49.15064801356174, 58.920779232771196, 59.63201995864738, 68.30284937242031, 75.09898300268819, 80.21862833750079, 83.05901170706436, 81.13789910369267, 71.389305268928, 63.13390093865572, 57.15104468078553, 83.48959957940791, 78.94156807451688, 79.43723810865444, 86.12702233112456, 88.98113170179724, 94.7997097565164, 104.70725890928357, 107.44562256311009, 106.13006452052625, 102.72607231244575, 97.35322537839113, 92.54350548917743, 85.43206387233573, 83.84593341115416, 88.87248333915412, 93.1357822912864, 101.01795193994944, 96.10429237522567, 92.49923724818278, 87.39647945699973, 36.88443821012339, 50.15607225249483, 66.09413249842696, 79.44328130011897, 97.0093922737269, 112.4221261799089, 124.59947589012793, 128.5352659479801, 144.86331723046348, 142.42126680144648, 138.96090552879033, 130.4158759754253, 126.48651710048159, 117.69586544132645, 112.03782452377258], [32.703715272694225, 25.83474295285754, 20.24682397007795, 18.905838292784406, 23.497868457521914, 29.621205222852385, 34.64523856255476, 72.4159475191693, 77.37508180212829, 85.63045279838461, 93.67644419837369, 100.14022181199276, 94.69185220473076, 86.54147705702302, 78.3017304636544, 41.46664794585523, 32.41191146285696, 23.216448094732215, 12.764424104037369, 0.0, 4.622786741760971, 14.62159648596764, 23.47473079691866, 31.748805894725216, 39.60239433275532, 76.2110793576721, 83.23838414373748, 90.16619846176836, 95.60911258365421, 100.4956713297977, 100.84595337156213, 96.31437496633998, 89.9062060630242, 83.2119694766993, 78.4320694146347, 50.12848972993681, 58.48309165319196, 67.84429751228278, 65.78083080658058, 73.9484528225082, 82.14810246435667, 87.75079542225205, 89.98291256230823, 88.18528360440347, 80.34035012983605, 72.16137755017668, 66.24638706082352, 86.06096011121397, 83.43138918614808, 85.08484093483868, 92.38355516616646, 95.53039409590006, 100.96709485224874, 109.8101403872267, 112.28545694086417, 110.7718357910791, 106.74253059716008, 101.07618680835822, 95.84025950518982, 88.79695669282016, 88.85005327089092, 94.49700829277022, 98.83234028374366, 106.1124769672278, 101.15200581890744, 97.16029792992344, 91.31574237357769, 25.625272199183094, 38.3254135430085, 56.93303099168799, 71.9910525880335, 90.96585636878076, 107.62435626049383, 121.03780413789777, 130.09726602822977, 145.6917337177285, 144.22588128429933, 141.07410475098663, 132.84310504080773, 129.54215640451693, 121.3711658686182, 116.98459100738135], [30.51378789606095, 23.20734148621597, 16.78222230808238, 14.598314223874276, 19.534197978404897, 26.212318915069492, 31.943896143545945, 70.93230716620367, 76.29336527597573, 84.66430185912476, 92.73294238488558, 99.1337188860655, 93.49438404004503, 85.26951622695523, 76.9337689595557, 40.25590838366156, 31.515302214277824, 22.530883594759477, 12.467515993637903, 4.622786741760971, 0.0, 12.47806932615731, 21.536180189732903, 29.9183715873565, 37.937794766283936, 75.41762833741689, 82.6623297175076, 89.81530930835375, 95.34988107467004, 100.16216403186021, 100.31075760601156, 95.71582252207979, 89.20468465732763, 82.33988083251182, 77.49796975373141, 48.10325795424562, 55.650174463437516, 64.47384701332807, 61.87650059039788, 69.97418550972101, 78.34120290186594, 84.15377783276328, 86.68086098172171, 85.25551859924256, 77.53407274180829, 69.8247855424677, 64.61220272356672, 81.73732937762557, 79.18758913909615, 80.998760738276, 88.4759582022977, 91.80666408124738, 97.37250174684668, 106.34451921290157, 108.51836495448738, 106.85131212796837, 102.65302643670364, 96.83415492514843, 91.54521797657307, 84.55791572690765, 84.73335769097316, 90.53941294304994, 95.02677456965257, 102.49664423255012, 97.31273617621831, 93.17111366250542, 87.16258972948094, 29.23384524862293, 38.25234562092237, 54.8076456585805, 69.26603754586759, 87.71841703207222, 104.16125635837271, 117.46108009343003, 126.00267101859193, 142.6631274482984, 141.45260339284368, 138.82182258405012, 131.0722574694601, 128.29306687452438, 121.028609255094, 117.56453926276413], [21.824689383038834, 13.896576084704353, 9.541555973841266, 17.168436111904022, 14.600161273877697, 18.891752310185893, 24.33870805364002, 63.185401730670876, 68.19850709076198, 76.463028924332, 84.93401134147616, 92.14834042811438, 85.95049030183648, 77.51856940971574, 69.29720949583698, 28.903845219570247, 20.08355336290829, 11.317306829972665, 5.5096427372022045, 14.62159648596764, 12.47806932615731, 0.0, 9.441638691524261, 18.827016634094445, 27.35223874700886, 65.87556169440354, 73.62017981477636, 81.44775969389309, 87.52264745416737, 92.70107726419957, 92.72312910864153, 87.54735812433616, 80.5509783620389, 73.48105904432187, 68.43797457153566, 38.250690393190425, 45.65678201378062, 54.76151159627791, 54.7876917823447, 63.40757723021943, 70.43109777315361, 75.82879855996651, 79.0275061863193, 77.57357907608802, 68.01597439343504, 60.36705680556266, 55.342112830869624, 78.24709897060218, 73.76343158661882, 74.43855741209934, 81.35543713494954, 84.43794246527622, 90.41400641689009, 100.46726192581451, 102.8451907860824, 101.34723235743411, 97.74192134914625, 92.1948294169667, 87.32583630633067, 80.27245593959265, 78.81747466828651, 84.03937450047187, 88.4883387254038, 96.5957021569304, 91.41271399067934, 87.6262558036893, 82.33077105243228, 40.009232377371724, 49.869697352820126, 63.641632925068905, 76.21280391820937, 93.104145473933, 108.19920205948887, 120.1998344808187, 123.53445030674484, 141.06278052817632, 138.9400209124137, 136.10926587769902, 128.15881999859036, 124.89106532379498, 117.2595875024258, 112.84921390000139], [15.162612968297257, 8.580441624625916, 10.512833291626668, 22.363161777562897, 15.27777269282856, 15.163371428524663, 18.683928878577277, 55.635812117982184, 60.40324212290377, 68.55468243144493, 77.20988682193236, 84.86354647701984, 78.34594799023402, 69.83987389860741, 61.75603837876159, 19.764883778844894, 11.645356853465547, 6.448055854368353, 12.142726918537738, 23.47473079691866, 21.536180189732903, 9.441638691524261, 0.0, 9.880920808542543, 18.510913690813563, 57.348287382301706, 65.3672449204601, 73.57642061796138, 79.93731629126142, 85.26398065895528, 85.15766581646842, 79.66798772390057, 72.41966405013005, 65.23904440013244, 60.10582817760521, 29.709648979039553, 37.331470469069046, 47.057558820208655, 49.19684513508066, 58.05794384431569, 63.96598367936499, 68.80168810048457, 72.04148780621887, 70.32139364080864, 59.714803916393755, 51.9148735365338, 46.91459290942528, 75.30788915966826, 69.42540526162044, 69.11204249996803, 75.33607453584624, 78.00002160771861, 84.02299284272212, 94.56889149746493, 97.3473287554504, 96.14700446701582, 93.18852197455072, 88.12643493062563, 83.69542022344572, 76.57678491658842, 73.86351279834582, 78.4203887507165, 82.6004487946696, 90.84121708399987, 85.93728109768922, 82.60668409232645, 78.08724111047133, 48.2159426890181, 57.544274598238516, 69.42711842365286, 80.4916072516048, 96.29245816283672, 110.19207044939596, 121.00086594751431, 120.55668903675493, 137.67987779973168, 134.75558969880785, 131.5908710440312, 123.4179667485551, 119.76539586279102, 111.97105565038244, 107.22801865353482], [8.608124689358831, 9.011870034941696, 16.254874274596563, 28.08042247743059, 19.208354286225905, 14.458059222514795, 13.258599841310733, 46.09760392382427, 50.778995311114386, 58.90107251222629, 67.60180450835749, 75.411243695538, 68.73395610853366, 60.205254184778326, 52.20135976061837, 11.309358706651274, 7.73964612335241, 12.162580916576262, 21.00821489132511, 31.748805894725216, 29.9183715873565, 18.827016634094445, 9.880920808542543, 0.0, 8.650978626439322, 47.79190292283824, 55.91427735253206, 64.27540239169156, 70.71777352805836, 76.00457078970082, 75.74402211246912, 70.15712111410238, 62.83540924395286, 55.56939771201611, 50.41395917726504, 19.987500127682928, 28.87340873471459, 39.97731510367093, 43.823766920271865, 52.67909511265113, 57.61909669804668, 61.631494242077345, 64.12626146261003, 61.74939087516975, 50.83449108499171, 42.4196421638276, 37.05734767857837, 72.09546631799049, 65.14534898597572, 63.857010685737606, 69.14408206866159, 71.11888585546232, 76.790320966189, 87.29699048878409, 90.80267362237232, 90.09963771260145, 87.9583309169888, 83.68147671915652, 79.76273441885665, 72.52900570232242, 68.74805494847492, 72.45285865905102, 76.06274717525775, 83.91782461347768, 79.6460780195495, 76.95726526756953, 73.40235642846058, 55.3952848735232, 63.3253025682458, 73.41102500117586, 82.92659555752653, 97.82531234920282, 110.45004337504419, 119.94760649065101, 116.38103860940325, 131.74374293777768, 127.93922733781324, 124.19831092955009, 115.67736843371993, 111.625490478936, 103.77888601059422, 99.24569342561114], [10.395166421106927, 16.068130834011964, 23.943646324423625, 35.052294616663644, 25.90446694923192, 19.318735936628023, 14.261580894125201, 38.06159998444932, 42.457716009437355, 50.48752557000949, 59.25593219665138, 67.3016276860434, 60.47117341500891, 51.937473976788915, 44.08846738762518, 6.890243111954253, 11.886810468639181, 19.758122559855558, 29.190478718625563, 39.60239433275532, 37.937794766283936, 27.35223874700886, 18.510913690813563, 8.650978626439322, 0.0, 39.332233029978156, 47.55040636979711, 56.06828625634649, 62.60976398279161, 67.892917906395, 67.50919906435641, 61.79398421969716, 54.3845300592742, 47.05559470261657, 41.876616131373794, 12.05796588144688, 22.97440864028019, 35.476492602631986, 41.29985202095742, 49.889681948163464, 53.62566683489782, 56.642800879835505, 58.2893972245709, 55.135268742463374, 43.83201933303217, 34.61233571109806, 28.550192479962657, 71.12126015076606, 63.22563121625124, 60.95255567855709, 65.16880838993248, 66.37671679446537, 71.62560048226099, 82.03159605594026, 86.2929265676117, 86.11167986959838, 84.82311095468, 81.36268929768157, 77.98967962017947, 70.74189243088244, 65.92738247752226, 68.69321321990924, 71.6649980031939, 79.05380691400431, 75.48877029918891, 73.49875903759732, 70.97124441976449, 62.21045637683982, 69.44349918055373, 78.31043187767814, 86.5924617946311, 100.68738650996455, 112.17500023554143, 120.48760324241663, 114.10022424779363, 127.62516508910026, 122.92529846581841, 118.5394540287888, 109.60369658425338, 105.04017166161753, 96.94648295180396, 92.37117159501017], [46.9760733291611, 54.72214752663387, 62.666481505892165, 72.48622462055275, 63.92026926740451, 56.41834735585646, 48.63248678166352, 20.66137883388824, 14.69009169926059, 16.90171936054075, 25.375283326554325, 35.861327526540606, 29.309267021216566, 22.97873231458476, 20.968423854722055, 38.57120643308396, 47.48121601446857, 56.64483710291134, 66.49091877346672, 76.2110793576721, 75.41762833741689, 65.87556169440354, 57.348287382301706, 47.79190292283824, 39.332233029978156, 0.0, 8.93962520853475, 18.673366904432445, 26.134251640726465, 32.00466257687948, 31.56004863978712, 24.558779516924144, 16.4710280515908, 10.184640231766705, 6.224190182431445, 31.74790130325104, 37.20117616798992, 46.77405170424737, 58.01956363219883, 63.04902718359949, 60.64390961251746, 57.84692308609375, 54.0759525446352, 46.42006897440325, 36.90958147896242, 26.725556369208814, 17.45656913247858, 87.05537666340588, 76.8994231641586, 71.08206372788712, 69.