{
	"dissimilarities": [[0.0, 8.490265474761728, 16.05802990648822, 25.635643307617038, 17.090671415727822, 10.577353166681823, 5.430210104401211, 41.726758521897594, 47.44079708528651, 55.90472397890598, 64.217609403385, 71.16255836287475, 64.7370417589967, 56.27245506309932, 47.94197093823518, 16.439233378872387, 16.270695701605078, 19.056951908889868, 25.32128518238877, 32.67747440117966, 30.52327138598443, 20.79064065331557, 15.14863051311405, 9.89935641461474, 10.325778950032682, 46.99076639106275, 54.73873929035894, 62.58948367778399, 68.52699803182136, 73.4381049729814, 72.78791406346767, 67.74427264773165, 60.8507593075955, 53.55475378813901, 48.578736519711725, 17.794669473435295, 26.89727094435352, 38.27666240066838, 39.541774311420646, 48.121625901254255, 54.03499147753561, 58.186830549775095, 59.5045969383015, 56.86593282463744, 48.17307815683336, 39.59287072024701, 34.48494601371388, 66.78272833382294, 60.62741780068484, 59.74384984532019, 65.05962117727002, 66.87834483053572, 71.94870400292437, 81.51183726090794, 84.3915185752175, 83.8702637673494, 82.91264523590975, 78.82215022940643, 74.66779265290701, 67.2604537002626, 64.12592213631802, 67.86988547952305, 71.18036784548451, 78.32124217237694, 73.90234735876783, 70.79035892097592, 68.4097089579434, 55.4184162129903, 59.146267436347976, 67.79681150060827, 76.66152795326587, 91.30038558818937, 103.90427076441759, 113.13927021276577, 110.27218801898887, 123.89607870681851, 120.0926479135504, 116.281035520763, 108.28396138139423, 103.76556756731917, 98.08003202765323, 95.60568038134302], [8.490265474761728, 0.0, 7.9679550952098745, 19.119223009957626, 10.436549226171408, 7.455583756411095, 10.628423807230215, 50.194874926790575, 55.85901250881169, 64.28371045091852, 72.6560026810705, 79.64851891525412, 73.21869872859357, 64.74423115495232, 56.42190604937108, 20.221969212001564, 15.940754170810143, 14.45067317619335, 18.53845763893442, 25.786927281983694, 23.204745061284232, 12.91666121481914, 8.562491287853613, 10.154285771173914, 16.036582460126503, 54.74348648561528, 62.629950827090106, 70.59548020835118, 76.6301818998202, 81.64974906439575, 81.12144426084187, 75.99896351262834, 69.01253361017848, 61.718219164289216, 56.68002058087196, 25.317195287856848, 32.70938873226553, 42.6149813814141, 42.842293253112736, 51.55536021129809, 58.16343662464873, 63.14092788914076, 65.5894928925949, 63.795836251220805, 54.79409708195264, 47.05013617769116, 42.59209786114361, 68.48970717865711, 63.060053284233845, 62.983113959933156, 69.21187070622084, 71.76419552024888, 77.36727184513481, 87.27589111426647, 89.35221690180151, 88.28297084066116, 86.60086785314476, 81.70134747263774, 76.98237214877216, 69.71350980999996, 67.37593912293806, 71.93485158009535, 75.89739298757249, 83.66300452521367, 78.6238379153949, 74.77636462041222, 71.55861940482664, 50.081355991338704, 54.502217400919484, 64.39943211478584, 74.54708412258768, 89.79568685389962, 103.48366573877843, 113.8558787526382, 113.22009561480132, 129.16367605669402, 126.20370720233271, 123.12225137304996, 115.59557668030591, 111.58706531230942, 106.04418015538235, 103.30478156726183], [16.05802990648822, 7.9679550952098745, 0.0, 12.114512871372668, 5.396997368967119, 10.007853169496146, 16.773016418634633, 57.52473791671287, 63.46066911261086, 71.94517522400356, 80.20343407584028, 86.8864948784004, 80.58312727088979, 72.15623010515473, 63.755730124254306, 27.56550558965785, 21.617328208477797, 16.494801750570424, 15.558122352699153, 20.188810926696647, 16.769686604087088, 9.29649931489386, 10.496410949268041, 17.139463096853937, 23.923374760617197, 62.69395610668425, 70.52783235577255, 78.37919819838869, 84.29852487187341, 89.19861697840909, 88.70124548813531, 83.72747812033452, 76.83833684644387, 69.56167199217938, 64.55457913037134, 33.00654233812215, 39.170809687406496, 47.75500649942935, 46.047573236305055, 54.529008393790946, 62.09348006821229, 67.7852096280667, 70.74365540085873, 69.60349464681714, 61.24568900492143, 54.17973535710754, 50.31305683387336, 69.08044702669875, 64.8399229007411, 65.7382805620123, 72.7703116998292, 75.91774961296073, 81.71816473122904, 91.47646155000997, 92.90903898488286, 91.4032566139223, 88.98774000253933, 83.45035965740558, 78.19118954231172, 71.0779821382428, 69.86104967316403, 75.17403133514028, 79.5895113214609, 87.57347770102432, 82.13745728583841, 77.64064718225242, 73.62204407632817, 45.17393404179016, 48.581373724679224, 58.98091928630838, 70.14010379103432, 85.95839982721445, 100.61061494770276, 112.03224081346093, 114.23396193149391, 131.76796464908696, 129.73839064250075, 127.3875061327733, 120.3969578299682, 117.13284799267488, 112.13385585292387, 109.96420352608789], [25.635643307617038, 19.119223009957626, 12.114512871372668, 0.0, 10.162719774565371, 17.68213702547263, 24.58070680694762, 64.80861569477288, 71.44679022620092, 80.05660341995942, 87.84515562378856, 93.53090315418262, 87.6513514423461, 79.45689440217514, 70.93616943847195, 39.29577232512091, 33.39665438530252, 27.108205704094157, 21.717484402647397, 18.91212624082575, 14.60734098867025, 17.88912073696709, 22.24878224875766, 28.998009204474297, 34.9482804432631, 72.46668970555287, 79.94694768101579, 87.29332217479659, 92.72502239942112, 97.10518584243755, 96.51971497864591, 92.1081539433333, 85.66065701144585, 78.47693120112785, 73.6699886538802, 42.57556567623775, 47.603198083438116, 54.825099950018924, 49.39947923477293, 57.01499697658672, 66.22877718501901, 72.6396794702044, 75.2617570733924, 74.69874843886964, 68.63025540087301, 62.28020395979931, 59.16887854860212, 67.37192674797845, 65.5020033761671, 67.9257127511985, 75.78161987184218, 79.4467627951607, 84.92213262370588, 93.60071336357781, 94.47455245522617, 92.61051393491547, 89.242953109949, 83.21373526535163, 77.31111093880736, 70.41270134605821, 71.21555258851714, 77.37850097305531, 82.02187477084894, 89.56223858810611, 84.0156422402034, 78.83982884736797, 73.85909467719, 40.58121986200343, 38.100980235593475, 47.28517155832126, 59.323689149619184, 76.04560631346862, 91.80098798951188, 104.4458622288182, 111.536059730875, 129.68769722523865, 129.03806892962328, 127.6460801970257, 121.5018218932973, 119.64443236852742, 116.05951322346515, 116.0108301684615], [17.090671415727822, 10.436549226171408, 5.396997368967119, 10.162719774565371, 0.0, 8.088991236498533, 16.031397204453423, 57.17638504328375, 63.71007572045387, 72.27016981137668, 80.33306324804933, 86.61241370657096, 80.27363667201269, 71.89958227453477, 63.43765293661979, 30.27905369226813, 25.72766697830011, 21.667377163305602, 20.680499599686875, 23.537181559819942, 19.61059570304645, 14.480176595960355, 15.168501455884362, 20.189577839582928, 25.796596702507447, 63.889742585136105, 71.7263349685497, 79.55678433030562, 85.35646485894212, 90.03872656857784, 89.24837153286272, 84.42332489210622, 77.63129716980178, 70.27879350102246, 65.33201411586386, 33.27733090852387, 37.99300208034575, 45.62962935613776, 42.25745043555575, 50.49914144884201, 58.671903491239235, 64.70874618053455, 67.74257984665046, 67.07147438965299, 59.58636728831487, 53.22669416177673, 50.41195669293332, 64.05871044232619, 60.30554925551489, 61.63907241591011, 68.98228621954762, 72.36855256099284, 78.15683396699586, 87.73567197094847, 88.84385847714353, 87.16504549092183, 84.45788780402006, 78.75630421945155, 73.34293234533769, 66.2658426155431, 65.53727914676216, 71.14103302974509, 75.69602216189666, 83.6908054807261, 78.1047760304626, 73.3456446077966, 69.03403243959852, 47.74777556141423, 47.82644910954867, 55.64023352515179, 65.90719313050336, 81.1244430817169, 95.52248414030382, 106.84255671342538, 109.18574816800748, 127.53633569343083, 125.95625128840446, 124.24845677798363, 117.90123955950811, 115.4610964694715, 111.70315381428141, 111.02579609824974], [10.577353166681823, 7.455583756411095, 10.007853169496146, 17.68213702547263, 8.088991236498533, 0.0, 8.514183884304177, 49.51517619520247, 56.120581761133586, 64.6517106457684, 72.74997422571508, 79.18835113140814, 72.65135159196564, 64.23321378272767, 55.81460304446899, 24.563431074624038, 22.515558325293732, 21.73781311317836, 24.50826421015187, 29.67530172710805, 26.30320286213453, 18.226574977874257, 15.089544116587883, 15.64874061320942, 19.198618945000756, 56.38090043562374, 64.2938735298677, 72.26402565751482, 78.14550300019637, 82.86089737934098, 81.87206660887021, 76.93573928643916, 70.06709056240261, 62.64727213875919, 57.6942985944286, 25.39199654895384, 30.191318676112143, 38.69709499890508, 36.6474588230854, 45.18043738752245, 52.60461325635609, 58.09741977270816, 60.75294516228609, 59.676413802458285, 51.789142772894216, 45.15922070353042, 42.47570775407431, 61.18801411382159, 56.195393932989475, 56.60804670561907, 63.26697235692623, 66.16312338907575, 71.82297878850824, 81.61884330826626, 83.23046931340109, 81.91463140905336, 79.86968858017039, 74.75039136703576, 69.85696967237213, 62.605051957099036, 60.77117237631992, 65.71053996933456, 69.89427953193965, 77.77338023401269, 72.4775217339974, 68.27174314007026, 64.69380708723655, 53.68435236220929, 54.077974431934145, 60.590431020823104, 69.3865231119545, 83.63301310462596, 96.82525744035746, 106.93319849026487, 106.0428846525619, 123.26284877583343, 120.88218953098905, 118.7291691842808, 112.13587062712303, 109.30063336117297, 105.58430231411286, 104.9904093760771], [5.430210104401211, 10.628423807230215, 16.773016418634633, 24.58070680694762, 16.031397204453423, 8.514183884304177, 0.0, 41.190958798612726, 47.734758595427884, 56.29600477666263, 64.34756116354379, 70.77640423481282, 64.31464821183847, 55.906155596004794, 47.46785949963949, 20.687873905159638, 21.406329406739143, 23.60607397391786, 28.641456776517952, 34.68850064966292, 32.014486736183805, 23.467533074728863, 18.618788091438525, 14.502131620353644, 14.088947574289396, 48.58737918767589, 56.274854160168815, 64.04063557534327, 69.79372841649881, 74.41474220263889, 73.41857174399559, 68.58264612588192, 61.8410673028676, 54.47681668491869, 49.603860749237214, 18.279139758739113, 25.217861812232318, 35.689712356066586, 35.080936359583916, 43.52627276123647, 50.13036281286832, 54.6402825526554, 55.931008303293574, 53.74542873560041, 46.111510693541426, 38.31507334553499, 34.62747825163068, 61.56158937814991, 55.77590691728597, 55.24588562489039, 60.84443118196937, 62.867888499703774, 67.90509651487822, 77.28547377874185, 79.90389718749519, 79.246584775895, 78.04138806784117, 73.8491933129852, 69.58126577389163, 62.15217408872113, 59.41521582250911, 63.40990805085969, 66.82653191241859, 73.95770376631859, 69.40835897890383, 66.06600399911788, 63.45336724490543, 57.35279610443658, 58.306076582805964, 64.70782230830059, 72.62203832692647, 86.61537090422875, 98.8540366854632, 107.88504288348517, 105.00344974873612, 119.29201680385988, 115.90819352305587, 112.73191401066046, 105.38788549858408, 101.76170164771406, 97.4675073027778, 96.7261743769912], [41.726758521897594, 50.194874926790575, 57.52473791671287, 64.80861569477288, 57.17638504328375, 49.51517619520247, 41.190958798612726, 0.0, 9.156086225555653, 16.854495319404165, 23.73257057936476, 30.070646941355033, 23.149419263974483, 14.731393010784858, 6.33474570614133, 40.85883588129723, 49.29846362308459, 57.07814941579239, 65.32672475689016, 72.430547062419, 70.96447581310123, 62.10740574003173, 55.6370972975486, 46.474634390991284, 38.0347474527685, 20.613663009899888, 23.73766258611092, 28.865909035795376, 33.11112622850255, 36.462837260707595, 34.01322937919558, 29.935585539282975, 24.696212390152688, 18.529091194435306, 16.204255154345415, 27.729803713898765, 31.292580670193725, 40.146465096598014, 45.882008784707125, 49.75151277639685, 49.40375539163674, 47.15820441524394, 40.56601927454895, 32.02664688224968, 29.371449169515042, 19.018025042438264, 12.888551516537879, 71.47620204923783, 63.029703388181154, 58.191108859611276, 56.97999923391187, 53.93547014138459, 54.56703807649199, 60.49256527450997, 68.00679528522647, 70.83077931563128, 74.25685960905197, 75.17903766680433, 74.71495951077226, 68.16593652481414, 61.445136897765735, 59.71918681895585, 58.46464098229569, 60.519622405902794, 60.715082617482274, 62.62071894441098, 65.4247037249403, 90.48787866291693, 91.52622161700975, 94.73091963957407, 97.75039155072129, 108.05666600174952, 114.70952837296397, 117.81515051832349, 102.92877764443445, 103.40908999438125, 94.62450026506633, 86.6244760430071, 76.18144781494026, 68.42893430621295, 62.78298754614703, 63.2712117154892], [47.44079708528651, 55.85901250881169, 63.46066911261086, 71.44679022620092, 63.71007572045387, 56.120581761133586, 47.734758595427884, 9.156086225555653, 0.0, 8.627097557560074, 16.840265345142278, 25.245933487510676, 18.52124038580616, 10.581138194649052, 6.834268807191448, 44.05351552936231, 52.62584485677212, 60.9033700079486, 69.67199791759461, 77.34738977909632, 76.2885479651953, 67.06281329074568, 60.41891233180144, 50.97328297539116, 42.471093255109764, 14.793901563493147, 15.309547656250528, 19.70995313193659, 24.231147588579358, 28.19639819328288, 26.14056957154368, 21.38393285421898, 15.82916926435778, 10.05149693576922, 9.139657976645625, 33.096009223996354, 37.68818571086454, 46.68384713842403, 54.20034382217216, 58.085841928366925, 56.726312588574864, 53.730422027231285, 47.10243877265861, 38.18499060856558, 34.51692195763229, 24.453624254997028, 16.68797840335494, 80.23028022547311, 71.37607117117214, 66.0743406773411, 64.20273171681389, 60.6800139056404, 60.98904355939307, 66.59814362516013, 74.60806825918736, 77.80951674026205, 81.81917026030278, 83.17600264758805, 83.06776723475046, 76.68486387499134, 69.45890165408852, 67.17417871422903, 65.52844032761786, 67.12764290830106, 67.86261491964615, 70.3449579726307, 73.64295958500084, 94.6570616536733, 97.79871747758348, 102.58773434957952, 106.17557276199715, 116.90692649589434, 123.56960522376829, 126.45092077593385, 110.6583547720271, 108.94240148639533, 99.08081565065527, 89.66073637509012, 77.97849546579971, 68.12897838603504, 59.58694003472562, 56.71913811843664], [55.90472397890598, 64.28371045091852, 71.94517522400356, 80.05660341995942, 72.27016981137668, 64.6517106457684, 56.29600477666263, 16.854495319404165, 8.627097557560074, 0.0, 9.010452497862856, 19.042155291014137, 12.625039675280629, 7.916093999308369, 11.973199923816898, 51.54732984122282, 60.27533962778479, 68.78459034619785, 77.76379308904973, 85.61678479679095, 84.67238926233067, 75.30991656414399, 68.5704447725289, 59.01528228625586, 50.49734833093878, 16.945383011113385, 12.920398148722395, 13.86249498259437, 17.303736170162328, 20.897925808650797, 18.172149719014094, 13.16690273575259, 8.802209405963373, 7.28530273043839, 10.982233297816482, 41.15439187863607, 44.86459956791467, 52.75832590280482, 60.9629981821325, 64.16470854056773, 61.67336996719149, 57.669510487397496, 50.34105463682601, 41.07029282803684, 38.400298994682075, 30.016477764733157, 24.04684829826233, 86.13429659429426, 77.02997798256666, 71.22838640742452, 68.31237308871872, 64.07174036593779, 63.60218131317286, 68.36629539954615, 76.98344458473044, 80.71990793232943, 85.49159622666683, 87.64046708447957, 88.15729847422836, 82.12703702209103, 74.42823529458053, 71.2787984262739, 68.91792658234358, 69.57313786432728, 71.15997621780112, 74.49049396810362, 78.56439205692976, 102.49120821881158, 106.01509475999231, 110.68929113143811, 113.8315212273368, 124.0585288358549, 129.95382146469126, 131.95453659586562, 114.13724241291074, 109.94068243237916, 98.9756275567801, 88.49498403501967, 76.17264133667705, 64.9844883629011, 55.43084153533005, 51.61655751213499], [64.217609403385, 72.6560026810705, 80.20343407584028, 87.84515562378856, 80.33306324804933, 72.74997422571508, 64.34756116354379, 23.73257057936476, 16.840265345142278, 9.010452497862856, 0.0, 10.822664497879847, 6.563240590938673, 9.93187419876133, 17.70533914148718, 60.49071751595491, 69.11884010656875, 77.47455375281174, 86.21939558252475, 93.69230030018589, 92.7644442488447, 83.82197626308351, 77.2190934257843, 67.75442761746723, 59.24816822464227, 25.33998968925846, 19.472367011605908, 15.80598600520148, 15.153227944730027, 15.760716368098437, 11.383116033885408, 9.603012316655748, 11.735706069488321, 15.160895101995596, 19.709399434706427, 49.70513194544471, 52.6757454267863, 59.56258413448662, 66.9955242358273, 69.29698441908066, 66.36736254737916, 61.6283375845547, 53.01071129745313, 43.42003725092664, 43.588139794005684, 36.83298501233886, 32.496466160096865, 90.19024750430387, 81.44978171500757, 75.52811162399932, 71.72927850076472, 66.81220200451622, 65.16503221599297, 68.21666808770297, 77.59208309665335, 81.95353688186681, 87.3494566353036, 90.41212660465041, 91.50006677504322, 85.83349066888746, 78.20263471967668, 74.32244260788622, 71.11764811445585, 70.2737738692985, 72.96613451590157, 77.11388691203167, 81.85594477114611, 109.78364555080213, 112.45711547740353, 116.23559255407301, 118.48893069661175, 128.00768147712913, 132.87732918621077, 133.8133311906037, 114.79679391940353, 106.97682430488024, 94.9962517394271, 83.3397432908799, 70.3536785049341, 58.098892928923995, 48.40877299083044, 46.19443223134429], [71.16255836287475, 79.64851891525412, 86.8864948784004, 93.53090315418262, 86.61241370657096, 79.18835113140814, 70.77640423481282, 30.070646941355033, 25.245933487510676, 19.042155291014137, 10.822664497879847, 0.0, 8.361353558812107, 16.202842824050535, 23.772069527265412, 69.24217145908376, 77.55150858179002, 85.42274033713298, 93.54091591338266, 100.14768327792451, 99.15227047399023, 91.12174123168906, 84.87481218560687, 75.71153118788965, 67.29959839830559, 35.88070292010681, 30.12124028316272, 25.085720650927964, 21.656007604311785, 18.453427962671945, 13.863074425755707, 17.487724440039216, 22.25875272882903, 25.809692469462412, 30.019776159423987, 57.52085652700628, 59.93652640513899, 66.01470330610806, 71.45418872433031, 72.75421965667832, 70.14465284817857, 65.09755456420191, 54.88802737557677, 45.158458378948566, 49.30584211290896, 43.83724349637219, 40.82038274851804, 91.65833264870781, 83.9207014883426, 78.32099032933095, 73.97252210578861, 68.56732563311817, 65.52225276408915, 66.11646503468776, 76.27768275633355, 81.2515606327635, 86.9947458906551, 90.95149857274727, 92.45942428367393, 87.14553016668137, 80.18581097610131, 75.85290983533541, 71.81965090115092, 69.09071804548108, 72.99436206298029, 77.77872173529731, 82.94803075112345, 115.15792434703798, 115.88080722451632, 118.07510982629998, 119.07887057034233, 127.724150975767, 131.40611300443496, 131.21492797380787, 112.19073432116434, 99.85732403121743, 87.08793227767828, 74.18576282867704, 60.45220120123199, 47.49183793633595, 39.013673069287265, 42.273641718866344], [64.7370417589967, 73.21869872859357, 80.58312727088979, 87.6513514423461, 80.27363667201269, 72.65135159196564, 64.31464821183847, 23.149419263974483, 18.52124038580616, 12.625039675280629, 6.563240590938673, 8.361353558812107, 0.0, 8.577361149915399, 16.849662554662302, 62.33283268173725, 71.03292430610334, 79.1834977467217, 87.64325183094601, 94.70663087089005, 93.5233780230579, 84.86803879176185, 78.35209865465147, 69.00031338263716, 60.45914156751457, 29.27690300881796, 24.76184793051111, 22.269106765409028, 21.499446798668334, 21.00252331115885, 16.150079143019024, 15.921446500664727, 17.625775668864677, 19.4407733030398, 23.215019154471985, 50.25750512774764, 52.04101916726715, 57.97445890326372, 64.24081051039634, 65.83702865390134, 62.914500074673136, 57.960868318091975, 48.481274745256705, 38.7710507998921, 41.29967395136668, 35.67349487743171, 33.16505280462508, 85.82179042258237, 77.43099341067604, 71.58595308028336, 67.44696457988995, 62.28106223214625, 60.032761423635826, 62.27248322458634, 71.89683687274652, 76.46442586120503, 82.00399880774647, 85.44489527346235, 86.76905226054998, 81.30141060469921, 73.86636541043421, 69.71524936918173, 66.13390171522752, 64.59902951873232, 67.72229139108963, 72.15757947884921, 77.15098672395013, 111.0524558073177, 111.98863669215734, 114.15865031232917, 115.44285932673561, 124.0897705053913, 128.21373640736422, 128.53941364214214, 108.83123691927861, 100.51704113360152, 88.55998139812333, 77.26298267943625, 64.8442268435563, 53.65968048454084, 46.87541249786337, 48.939909144089434], [56.27245506309932, 64.74423115495232, 72.15623010515473, 79.45689440217514, 71.89958227453477, 64.23321378272767, 55.906155596004794, 14.731393010784858, 10.581138194649052, 7.916093999308369, 9.93187419876133, 16.202842824050535, 8.577361149915399, 0.0, 8.526494660262502, 53.90720479530509, 62.640343289197965, 70.80099833396407, 79.32781775801817, 86.56023422015735, 85.30415917802883, 76.42263033515808, 69.84578787891586, 60.474793538500805, 51.92217229158446, 22.927129859159997, 20.575423158384158, 21.317523399538604, 23.201991527003067, 24.9362503716551, 21.147475428106734, 18.29242727061909, 16.085032160542486, 14.359871336176417, 16.663810901305713, 41.686146481311475, 43.918866044008986, 50.72401022233012, 57.278507137248724, 59.65248811535872, 57.328129684126495, 53.12043597399815, 44.60030690338002, 34.99270618807074, 35.382273126035265, 28.192437994170813, 24.71653907262038, 80.58240411192985, 71.95104726778928, 66.2866958881642, 63.03574257567203, 58.51614546475682, 57.34940099386777, 61.193144446748185, 70.12072609324446, 74.08539070090474, 78.96844350163357, 81.52940212621388, 82.2700616353125, 76.40651815465256, 69.00304558701109, 65.59019119574496, 62.80279683729833, 62.670502978021915, 64.7255580395387, 68.34399500302733, 72.66902353970512, 103.5993666499185, 104.86989311265118, 107.57064939031171, 109.54472998358189, 118.80893419278809, 123.86830522753502, 125.2021223080581, 106.87338836604044, 102.05233606673428, 91.20112916049221, 81.14535924134461, 69.43857073962359, 59.48116853980555, 52.87932707329992, 53.67622008824623], [47.94197093823518, 56.42190604937108, 63.755730124254306, 70.93616943847195, 63.43765293661979, 55.81460304446899, 47.46785949963949, 6.33474570614133, 6.834268807191448, 11.973199923816898, 17.70533914148718, 23.772069527265412, 16.849662554662302, 8.526494660262502, 0.0, 46.577934116591884, 55.0736042194572, 62.95749073797136, 71.2474851890325, 78.30012479982979, 76.94996107542775, 68.22149064253529, 61.765082670563814, 52.55260664903622, 44.082330203361664, 20.98350338013524, 21.702217796748474, 25.088438604466578, 28.414102916442832, 31.11849872537218, 28.259132179889836, 24.72697405964466, 20.55224754639636, 15.766544809079003, 15.3113753761123, 33.881231810756795, 36.941392883450916, 44.905668471965576, 50.782013715390086, 53.940901149206354, 52.834140106371294, 49.72428361566515, 42.03972803053684, 32.81966685795036, 31.91166593565416, 22.881048111201046, 17.946313275602513, 75.20226112222143, 66.7848571211811, 61.63544982333519, 59.53478830700357, 55.81149333890396, 55.562708819710465, 60.43549757506495, 68.6683797518403, 72.03112351589849, 76.08231398075488, 77.75474262216729, 77.80246851617913, 71.52574067497821, 64.5936310796288, 62.13340215438316, 60.15766103689515, 61.137273676190524, 62.21325007887363, 64.88518280436695, 68.3557944006965, 95.7089965380857, 96.74141655524544, 99.70464864428926, 102.23482927808068, 112.13287815455709, 118.08687435330604, 120.419384450484, 104.2986941725219, 102.16823327700052, 92.49126184044219, 83.51695259796917, 72.42241780299541, 63.72247268074286, 57.62422141720598, 58.41765022259698], [16.439233378872387, 20.221969212001564, 27.56550558965785, 39.29577232512091, 30.27905369226813, 24.563431074624038, 20.687873905159638, 40.85883588129723, 44.05351552936231, 51.54732984122282, 60.49071751595491, 69.24217145908376, 62.33283268173725, 53.90720479530509, 46.577934116591884, 0.0, 10.272811166571014, 19.89062925292644, 30.60124287889564, 41.41724116232505, 40.25944279164043, 27.464098752673284, 19.790054588014407, 10.458213197884142, 6.942334322061853, 38.579841780195686, 46.89859175737283, 55.65212812387973, 62.505044584640466, 68.42935946478391, 68.12777151190083, 62.0307924524623, 54.38588674039379, 47.262595285679026, 42.052701328778845, 15.981464256778164, 26.295088167459184, 38.40156838599153, 46.261456208377034, 54.85257171367108, 57.55340354551642, 60.24308621062922, 62.371019047888716, 59.095108734922626, 46.43151166991624, 37.156242564689734, 30.400351970207137, 76.69843742596969, 68.24099089949411, 65.53402233278423, 69.42232647145673, 70.50121398853767, 75.93765231252023, 86.79480391531361, 90.10512379208296, 89.93834186848481, 90.12282958879223, 86.58901672554764, 83.29116170060381, 76.15014053767167, 70.7820169737879, 73.26395829260744, 76.22402698348857, 83.84350102031237, 79.63450154390063, 77.46951828722737, 76.29491111509046, 64.01784460876682, 73.11960773258026, 83.86933039747456, 92.9925206858482, 107.14445422909408, 119.17553112240492, 127.61925552983683, 120.13076344928764, 133.525845276424, 128.20931334587297, 123.29893850064836, 114.32690085900556, 107.79521105716826, 99.71552563601101, 93.12287773314581], [16.270695701605078, 15.940754170810143, 21.617328208477797, 33.39665438530252, 25.72766697830011, 22.515558325293732, 21.406329406739143, 49.29846362308459, 52.62584485677212, 60.27533962778479, 69.11884010656875, 77.55150858179002, 71.03292430610334, 62.640343289197965, 55.0736042194572, 10.272811166571014, 0.0, 9.87666325961359, 20.870379976989273, 32.22870005228535, 31.540744443919735, 18.83534274122624, 12.107277737858166, 7.480715386031607, 12.657213540995112, 47.63028684163602, 55.5429579779269, 63.806131898981164, 70.39397073052058, 76.20791613157915, 76.32806355919487, 70.51844884437561, 63.132022278295835, 56.20612173065061, 51.09152599117464, 24.53815145818813, 34.619320049556286, 46.066547469063636, 51.72333029328568, 60.58608507254481, 64.65609355636286, 68.22381221835421, 70.6729396478134, 67.75244971102974, 55.868205835645895, 46.779269575449625, 39.86074927381422, 80.58855796555176, 73.2757638425091, 71.58888081093339, 76.47041572222257, 78.15940891066377, 83.7896273613443, 94.43442442565913, 97.3387687265203, 96.80779560286715, 96.25131522696, 92.0393293125855, 88.07989453901855, 80.87573924461958, 76.6578459716263, 80.01671440899135, 83.45130600499714, 91.24890409639352, 86.68278530634763, 83.8308781956428, 81.78304792609161, 54.802354203754184, 66.04749001464454, 79.32456105882935, 90.16430635843263, 105.66342722657113, 119.07512092251538, 128.86507684221272, 125.04645183174273, 139.21653476666327, 134.65265799756327, 129.93839452552433, 120.90790804307632, 114.55817743219734, 105.91235108457167, 98.7547325804211], [19.056951908889868, 14.45067317619335, 16.494801750570424, 27.108205704094157, 21.667377163305602, 21.73781311317836, 23.60607397391786, 57.07814941579239, 60.9033700079486, 68.78459034619785, 77.47455375281174, 85.42274033713298, 79.1834977467217, 70.80099833396407, 62.95749073797136, 19.89062925292644, 9.87666325961359, 0.0, 11.083857666556982, 22.804701558349873, 22.417208606531744, 10.436137896174477, 7.540790304714553, 12.542349501661123, 20.405211144870545, 56.89123395109086, 64.57015622534742, 72.46733517663498, 78.76817808395522, 84.3482604746401, 84.6305609477207, 79.14321089043088, 71.99734843376463, 65.12151300193617, 60.07187309407433, 32.41918376271773, 41.81404453032934, 52.47473268761873, 55.73176351910208, 64.62644658406883, 70.03757601924488, 74.44755626594767, 77.15463608338429, 74.70784715123126, 63.80534634907032, 55.08215004174022, 48.520072483903085, 82.45708827634957, 76.4251492630092, 75.79460810097613, 81.60871311255508, 83.89502661529531, 89.65921508498893, 100.00909093447191, 102.42845324185141, 101.5147616625149, 100.18753773974433, 95.3388360383529, 90.75588109334652, 83.56431139564117, 80.58021901618517, 84.78286307247085, 88.6563803323431, 96.5727099769718, 91.65954200392483, 88.12541621717999, 85.21906036240031, 45.898888288006596, 58.183959364997, 73.30860119704548, 85.56148469906435, 102.09505490232722, 116.69357414157304, 127.70830802184624, 127.51368322142798, 142.66910031220968, 139.02326802282394, 134.79928467897946, 126.04163171344658, 120.29537627635088, 111.8379630366895, 105.12020918091605], [25.32128518238877, 18.53845763893442, 15.558122352699153, 21.717484402647397, 20.680499599686875, 24.50826421015187, 28.641456776517952, 65.32672475689016, 69.67199791759461, 77.76379308904973, 86.21939558252475, 93.54091591338266, 87.64325183094601, 79.32781775801817, 71.2474851890325, 30.60124287889564, 20.870379976989273, 11.083857666556982, 0.0, 12.054706709814928, 12.320106859825403, 7.322283787534254, 13.250853285233031, 21.88267487537118, 29.897780074633516, 66.87747740166519, 74.29284997613429, 81.77026338670956, 87.71061539213748, 92.9637521727404, 93.36092169239919, 88.27909180935379, 81.43832098909088, 74.6198578575907, 69.66602323745529, 41.416951492251904, 50.21209098002182, 60.12308159628887, 60.77607067331829, 69.45820017391767, 76.2331243847494, 81.3871533450004, 84.09532906646521, 82.05176302138341, 72.4565842891549, 64.05321346281343, 57.818906655376644, 84.63159940491705, 80.1714788161529, 80.67886846073668, 87.33604197012693, 90.14371315201338, 95.87585378635826, 105.67486096726581, 107.66012724065898, 106.41039337509461, 104.29898843059847, 98.89883940477414, 93.71182271382837, 86.59384042678046, 85.0294653303571, 90.02621670645188, 94.23420519570253, 102.05864032697903, 96.91587010581027, 92.75030985276406, 89.00551297086298, 35.927462057777824, 48.83674943967049, 66.06250218091245, 79.85039986153647, 97.50870657539156, 113.33228386414461, 125.62639502291852, 129.67365351191626, 145.45147342900987, 142.82433655124728, 139.12076238823175, 130.70354698802134, 125.7020242124032, 117.63866126244729, 111.76281986001332], [32.67747440117966, 25.786927281983694, 20.188810926696647, 18.91212624082575, 23.537181559819942, 29.67530172710805, 34.68850064966292, 72.430547062419, 77.34738977909632, 85.61678479679095, 93.69230030018589, 100.14768327792451, 94.70663087089005, 86.56023422015735, 78.30012479982979, 41.41724116232505, 32.22870005228535, 22.804701558349873, 12.054706709814928, 0.0, 4.5939972977345125, 15.934367882039313, 23.37230877927412, 32.05075511093625, 39.51703947658951, 76.20348683984342, 83.26067085144307, 90.19568663040718, 95.64408873573403, 100.41670950506715, 100.8600029709023, 96.32982157653862, 89.91946633175198, 83.19400290404073, 78.40348655001713, 50.120170122418834, 58.491645742721545, 67.83559502547193, 65.70675041798049, 73.91036089345134, 82.04659918931294, 87.75809653337352, 90.01744926803629, 88.21650527913992, 80.44010104068553, 72.27019710605613, 66.32565797629044, 86.08647661455262, 83.46459632291405, 85.11477874846726, 92.4107570369437, 95.56433748031597, 100.98307716361897, 109.82890947028567, 111.54680334774555, 110.09410129698803, 107.2707771903762, 101.54324890611326, 95.84962650460923, 88.84341786846404, 88.83928181987574, 94.47768085688871, 98.80864533175955, 106.17945200532091, 101.03905850164898, 96.39203816780304, 91.93448102048342, 25.840295216914953, 37.43936402426741, 56.85925292416507, 72.1211502839091, 90.9894205421132, 107.90802901230627, 121.35773063167441, 130.1503751981162, 145.6740360412476, 144.09847098875733, 140.86901987616312, 132.8411132285394, 128.74537422263228, 121.37859603434437, 116.97832449167544], [30.52327138598443, 23.204745061284232, 16.769686604087088, 14.60734098867025, 19.61059570304645, 26.30320286213453, 32.014486736183805, 70.96447581310123, 76.2885479651953, 84.67238926233067, 92.7644442488447, 99.15227047399023, 93.5233780230579, 85.30415917802883, 76.94996107542775, 40.25944279164043, 31.540744443919735, 22.417208606531744, 12.320106859825403, 4.5939972977345125, 0.0, 13.940176432641945, 21.497354570492664, 30.39450153738169, 37.90018696577068, 75.44200359310209, 82.71030090800329, 89.86377545733333, 95.39802613840854, 100.15269081337725, 100.33839241308584, 95.74955476789928, 89.2406513205261, 82.3486824343249, 77.4985812600156, 48.13372864108263, 55.702929239101266, 64.51251484227463, 61.836219308023786, 69.96670098502227, 78.27662780488781, 84.19816583223074, 86.74283892320267, 85.31064083489514, 77.67149686673129, 69.96633344260847, 64.71901471267242, 81.77856743654677, 79.24764925736902, 81.06040964138121, 88.5352698315005, 91.87134770060027, 97.41417706553212, 106.37924837707386, 107.8084669718227, 106.19923106633851, 103.21756297792011, 97.33802374952154, 91.57428074430709, 84.6221254199494, 84.75011791130953, 90.54857778369922, 95.02945572555369, 102.57947337468876, 97.2545580542028, 92.43443498164396, 87.81813586727779, 29.37442354463158, 37.39459780974323, 54.67243543232094, 69.36020549793031, 87.70859081616503, 104.4335265455243, 117.7749319719397, 126.0716080349676, 142.62952686937692, 141.30543204511514, 138.59105413169834, 131.054176809363, 127.49259571642436, 121.02188194628489, 117.54951397308237], [20.79064065331557, 12.91666121481914, 9.29649931489386, 17.88912073696709, 14.480176595960355, 18.226574977874257, 23.467533074728863, 62.10740574003173, 67.06281329074568, 75.30991656414399, 83.82197626308351, 91.12174123168906, 84.86803879176185, 76.42263033515808, 68.22149064253529, 27.464098752673284, 18.83534274122624, 10.436137896174477, 7.322283787534254, 15.934367882039313, 13.940176432641945, 0.0, 7.93513249001452, 17.65797897278944, 25.980217412139304, 64.59538606347577, 72.39830904973421, 80.28547023505425, 86.40378915863695, 91.6614899710179, 91.62361977162332, 86.39551023073466, 79.3565944974139, 72.25756168180607, 67.1925783779412, 36.99798499040038, 44.457756723057344, 53.63936832533009, 53.966534119629245, 62.65720936054628, 69.45493079110071, 74.85074647344328, 78.08590554071479, 76.58705836643702, 66.90472550475417, 59.22569193356386, 54.15816277750275, 77.90730154682521, 73.21133773804048, 73.73547332683104, 80.55220864416927, 83.57989489232949, 89.55992521512029, 99.7007822208909, 101.29596778103642, 99.84854437544524, 97.62885109045635, 92.07304370782332, 86.88584575437787, 79.82790033350688, 78.15520952138985, 83.27429232055927, 87.68781247559455, 95.86196591424739, 90.44016998539792, 86.10109730526639, 82.2566502835233, 41.437297433204904, 50.41232806916033, 64.53408329171101, 77.14070749064372, 93.74274137661266, 109.00099823680962, 120.87747329471834, 123.3778066184213, 140.66797394787338, 138.25879022558186, 135.2656556416754, 127.552584997424, 123.26349456817286, 116.53413253777794, 112.00153942968412], [15.14863051311405, 8.562491287853613, 10.496410949268041, 22.24878224875766, 15.168501455884362, 15.089544116587883, 18.618788091438525, 55.6370972975486, 60.41891233180144, 68.5704447725289, 77.2190934257843, 84.87481218560687, 78.35209865465147, 69.84578787891586, 61.765082670563814, 19.790054588014407, 12.107277737858166, 7.540790304714553, 13.250853285233031, 23.37230877927412, 21.497354570492664, 7.93513249001452, 0.0, 9.954238310401553, 18.50934320720598, 57.375313264307124, 65.39924791689214, 73.59621797528192, 79.94056486855357, 85.36958346159568, 85.16542337515709, 79.68484975845801, 72.44336995437905, 65.25619974630017, 60.12027888920039, 29.734863787393817, 37.38652396635148, 47.11149923126073, 49.196415798499544, 58.07062834695709, 63.946195655592035, 68.85088988767328, 72.08458058177112, 70.35270559276738, 59.82792124636728, 52.010165925790574, 46.967030111389555, 75.31147827312587, 69.46031046871886, 69.15969704939215, 75.38721078661693, 78.05323730264242, 84.05741351229317, 94.58509078748959, 96.47670649244874, 95.2669825347991, 93.60393263880599, 88.45829684300074, 83.7145989659056, 76.58857125355726, 73.88667240962009, 78.44217522617001, 82.6192189688896, 90.86074904927932, 85.59327631756972, 81.69733162607173, 78.45811598464881, 48.319966356473614, 56.78718600143644, 69.2321043674165, 80.56646941649744, 96.24621621879528, 110.51285357888462, 121.38494847734349, 120.74972523223497, 137.6023526481671, 134.50362905259303, 131.21909470776978, 123.35866138778778, 118.68122234311758, 111.92626796073877, 107.16465196457327], [9.89935641461474, 10.154285771173914, 17.139463096853937, 28.998009204474297, 20.189577839582928, 15.64874061320942, 14.502131620353644, 46.474634390991284, 50.97328297539116, 59.01528228625586, 67.75442761746723, 75.71153118788965, 69.00031338263716, 60.474793538500805, 52.55260664903622, 10.458213197884142, 7.480715386031607, 12.542349501661123, 21.88267487537118, 32.05075511093625, 30.39450153738169, 17.65797897278944, 9.954238310401553, 0.0, 8.681812235390607, 47.5803479316288, 55.735284201772835, 64.13747032660153, 70.62791793882793, 76.15925994691773, 75.79547652855142, 70.13896278974669, 62.771420954613745, 55.52630996431344, 50.353891749644966, 20.322292633358522, 29.309570964382846, 40.423916369525315, 44.69968029955984, 53.57886124995854, 58.26407426675181, 62.26121347084757, 64.84450401179433, 62.42197050123262, 51.281988964707736, 42.807383205820855, 37.26013084586452, 73.17386432995339, 66.10400232246633, 64.7167980707315, 69.93165204106721, 71.87611434984878, 77.57504510647136, 88.1721266026142, 90.75735254383198, 90.05116376647652, 89.22921534029878, 84.86868462310683, 80.78710126732398, 73.56241738591774, 69.65516844342655, 73.2910671687188, 76.89373419854773, 84.79768513595069, 80.02859774513755, 76.91094236251712, 74.61821781290344, 55.851105789679636, 63.60486667599658, 74.47104394954246, 84.35397486059033, 99.1451595697117, 112.16077610679508, 121.72106656557146, 117.72488738541391, 132.82802177736622, 128.7390006096466, 124.78509426642925, 116.51721982698305, 111.2041785711757, 104.23688632701175, 99.2952805207998], [10.325778950032682, 16.036582460126503, 23.923374760617197, 34.9482804432631, 25.796596702507447, 19.198618945000756, 14.088947574289396, 38.0347474527685, 42.471093255109764, 50.49734833093878, 59.24816822464227, 67.29959839830559, 60.45914156751457, 51.92217229158446, 44.082330203361664, 6.942334322061853, 12.657213540995112, 20.405211144870545, 29.897780074633516, 39.51703947658951, 37.90018696577068, 25.980217412139304, 18.50934320720598, 8.681812235390607, 0.0, 39.35941038955328, 47.57591376973661, 56.07301480728399, 62.58900664041692, 68.08551949866761, 67.50094488716022, 61.79863188199978, 54.399864463124565, 47.06937853398802, 41.889227890046364, 12.078603570560878, 23.045216079147316, 35.54498416776909, 41.30595383621177, 49.90387744424854, 53.61366369798837, 56.697639181159786, 58.32773401692612, 55.15699449188331, 43.96185899922993, 34.715303271213244, 28.58845033248936, 71.10933614526411, 63.25115433587437, 60.99652777094517, 65.21959569816752, 66.42927337560381, 71.65691464449512, 82.03729277793461, 85.32235891024521, 85.12419086564363, 85.0440791505963, 81.47641200831688, 78.00236300862669, 70.73472771537818, 65.94962176076412, 68.71618308955183, 71.68492026323801, 79.05239911925261, 74.8593984492203, 72.49374621587366, 71.07037259667231, 62.285104997278054, 68.81068776510176, 78.1060071512259, 86.64911245643331, 100.62432005693135, 112.49507873668219, 120.8812891662462, 114.32331355750982, 127.52044770164667, 122.61779625170199, 118.08855315942013, 109.51307426630935, 103.77553858884808, 96.86996695830658, 92.27255534259412], [46.99076639106275, 54.74348648561528, 62.69395610668425, 72.46668970555287, 63.889742585136105, 56.38090043562374, 48.58737918767589, 20.613663009899888, 14.793901563493147, 16.945383011113385, 25.33998968925846, 35.88070292010681, 29.27690300881796, 22.927129859159997, 20.98350338013524, 38.579841780195686, 47.63028684163602, 56.89123395109086, 66.87747740166519, 76.20348683984342, 75.44200359310209, 64.59538606347577, 57.375313264307124, 47.5803479316288, 39.35941038955328, 0.0, 8.915389691699911, 18.620378601563235, 26.03807533896386, 32.37738293880778, 31.533686213771553, 24.536813768820007, 16.455926007857716, 10.20992379370909, 6.27013612825854, 31.7501371176359, 37.20992049957195, 46.78465837813353, 58.039364230836405, 63.06475620352309, 60.63193838839174, 57.86163870820088, 54.08265932800056, 46.41495650268597, 36.9691152297329, 26.74731672495905, 17.404142243161424, 87.04242300708235, 76.90316820718581