{
	"dissimilarities": [[0.0, 8.491281060339832, 16.063133623213993, 25.641190806910313, 17.079659636417052, 10.57144801979298, 5.558604424368224, 41.73160430241335, 47.44212247459144, 55.90623071388334, 64.22433330155562, 71.18007491162885, 64.74256496301152, 56.27924221535197, 47.94669688273379, 16.3951476124149, 16.289974968110048, 19.071801744157494, 25.30613635152537, 32.642456214235736, 28.6580589853653, 20.79652548021871, 14.41838841050753, 9.851395267699033, 10.230366876177362, 46.9880463752051, 54.748467995481214, 62.6036338153983, 68.53550627481718, 73.43884521621507, 72.7951513505476, 67.75100254287167, 60.853629126652734, 53.54602949517368, 48.56241981433047, 17.849277176130382, 26.950458717876216, 38.23819053566945, 39.50505597938214, 48.65854270675715, 54.050032881383025, 58.22988333009879, 59.545068853477275, 56.89398356995316, 48.22826369859456, 39.65877831551569, 34.508551734204744, 66.78984922798264, 60.64729031211823, 59.77837079582364, 65.47436787439044, 67.2805681514074, 71.98149046321346, 81.52409007855228, 84.84800041829534, 83.88721047627966, 82.925020054638, 78.81373265250438, 74.67813434762455, 67.27977849531364, 64.13054485362989, 68.26345553210321, 71.18978345136978, 78.35333973916777, 73.93589559455323, 71.18257084741963, 68.44092671615903, 55.35995463565003, 59.206203487979096, 67.78769320652134, 76.48494108228566, 91.02216880810136, 103.89934837102382, 113.14414955552745, 110.47243320008232, 123.67751126443969, 119.82328857781725, 117.12819267206817, 108.23541555120478, 103.76458785185082, 96.00735859213532, 95.60564564770952], [8.491281060339832, 0.0, 7.96214601456027, 19.101869724907875, 10.403812901800665, 7.444555096977185, 11.49227276221505, 50.20218729417608, 55.86536748344625, 64.2910839353547, 72.66595006028274, 79.6656702972535, 73.22638075192694, 64.75374941454415, 56.42850085175482, 20.210696535624248, 15.98017274110383, 14.47791729428432, 18.50851994248687, 25.720638162956636, 21.114735961677972, 12.921129309240662, 8.352106990806929, 10.133822759901664, 15.995621018488684, 54.75365321971906, 62.648120931027115, 70.61406724791901, 76.64119918486143, 81.65181493604868, 81.13112792656837, 76.01074464605225, 69.02321194452244, 61.72002191664525, 56.676449085874836, 25.371290053291514, 32.77435885986049, 42.60392779137457, 42.82079999382142, 52.232506148026886, 58.19324428748954, 63.1966731671552, 65.63644223737501, 63.82907298730275, 54.860034181489006, 47.1201907556977, 42.62266829333031, 68.49909993262197, 63.087846992421824, 63.02775043902529, 69.73927933747011, 72.27331313687759, 77.40702528865957, 87.29129126816143, 89.88883596180189, 88.30573199307771, 86.61832288247633, 81.69991404278272, 76.99742943054078, 69.73622787834914, 67.38988180409318, 72.43690794179375, 75.91566832893596, 83.69726542123976, 78.66209194165374, 75.27027907759086, 71.59380641111764, 49.98880212044839, 54.53281418908555, 64.35974613356812, 74.33900774075428, 89.491902860067, 103.45996829029608, 113.8443675088226, 113.41592160770719, 128.94130081009388, 125.93488016664296, 123.9239487698436, 115.53789727747602, 111.57534994754903, 104.00520173188877, 103.29692796399955], [16.063133623213993, 7.96214601456027, 0.0, 12.106458752297886, 5.385252257068931, 10.043686378460103, 17.76473232712731, 57.534279841575845, 63.46467521421637, 71.95025760063218, 80.21418633153989, 86.9017674688212, 80.59377312434812, 72.16806166745222, 63.766454599662836, 27.545899586395322, 21.647188345283638, 16.533191592011534, 15.54867941870685, 20.131093197067695, 14.778785165303846, 9.28510723478399, 11.165201231734516, 17.11262063603617, 23.878844039255227, 62.699526079080954, 70.54337818025215, 78.39855681850936, 84.31301707897305, 89.20576225523982, 88.71156110459641, 83.73847659002014, 76.84659076745815, 69.55950432760605, 64.54633186141304, 33.05333997175585, 39.224580330051744, 47.733518305281216, 46.01574445691306, 55.36560630862126, 62.11708478731982, 67.8353276674833, 70.78991014514395, 69.63715976607727, 61.30394985306694, 54.244122276012554, 50.34052054860463, 69.09530784125923, 64.86744500450916, 65.78131207911721, 73.37920358634283, 76.4879803782357, 81.75754395092018, 91.49529272416719, 93.49767322848349, 91.42613177631013, 89.00525891065432, 83.44089284451817, 78.20636517968867, 71.10888680466446, 69.87113972185985, 75.76038390043982, 79.60472786854076, 87.61643228396332, 82.17927714765034, 78.22943533171585, 73.66499762425546, 45.09275952528651, 48.63005275423111, 58.95444929949759, 69.94390212724588, 85.66870522750614, 100.59658400682302, 112.0293448671592, 114.40275336980635, 131.56714093562175, 129.4968005449871, 128.15351028485088, 120.35174517363565, 117.12961638888015, 110.19957941576432, 109.96356248084389], [25.641190806910313, 19.101869724907875, 12.106458752297886, 0.0, 10.213521946807088, 17.771469636142452, 25.49853192931095, 64.82313150143992, 71.44339974833343, 80.05554130447564, 87.85816677769832, 93.53677887066428, 87.6697005705224, 79.47543575613095, 70.95715137640542, 39.26704064637133, 33.424691676010504, 27.16009997975407, 21.755816382385795, 18.900921333627547, 14.358629848579739, 17.847689265183714, 23.045244746363316, 28.96054640516254, 34.8856111909323, 72.46784556810107, 79.96277517440292, 87.31963739780821, 92.75068600543348, 97.12470263703239, 96.5305083835461, 92.11874173833765, 85.66585848686114, 78.466022853348, 73.65070433975144, 42.63116891593076, 47.6593603083033, 54.791468749701274, 49.34221832010333, 58.11630745440104, 66.25095761372413, 72.69464762742315, 75.32103158667607, 74.74440350275522, 68.69333281327586, 62.35583002359676, 59.20142103484413, 67.40551101207889, 65.53781573590724, 67.97852505805027, 76.47400807759696, 80.04883755233975, 84.97260053358062, 93.63357188507192, 95.09271532965201, 92.64036120580008, 89.26538927302414, 83.18164002004391, 77.33061541717461, 70.47427783847318, 71.2220091068547, 78.05705858453703, 82.03612126425091, 89.64081478708631, 84.07830353937463, 79.5563235956392, 73.93412919329988, 40.52259083816845, 38.16144048883284, 47.26737475056859, 59.14097802719438, 75.78319762723564, 91.79378864215889, 104.44846381186102, 111.61531346579514, 129.52602048785167, 128.84978021667442, 128.34280497269935, 121.47085580168705, 119.64754469551103, 114.35657233479445, 116.0162359967302], [17.079659636417052, 10.403812901800665, 5.385252257068931, 10.213521946807088, 0.0, 8.119177868599813, 17.0498700690563, 57.17799773626941, 63.70296970998198, 72.26321040116228, 80.33569549901554, 86.62461817024676, 80.27826419203414, 71.90366920178968, 63.442178608386754, 30.219460452186436, 25.71954884076783, 21.67713296988864, 20.68013443387683, 23.52562221421787, 18.07800293235857, 14.455012078572677, 15.626291085387473, 20.124776132525025, 25.717518061839424, 63.871911102276634, 71.72345956033045, 79.56414496252424, 85.36374177976101, 90.04242363545102, 89.25237077330726, 84.4231925779096, 77.62406233901659, 70.25879600138188, 65.30394487901093, 33.295446791778495, 38.007784414258275, 45.55764930972142, 42.18935548233792, 51.400085008342366, 58.6622977511075, 64.7279254308652, 67.7696866892454, 67.08927135137363, 59.612371087840636, 53.26461672601617, 50.417395758460216, 64.0674710273395, 60.31404035647058, 61.65837063682778, 69.59857042481633, 72.936012943439, 78.17843685043353, 87.746451282824, 89.44077091589617, 87.17406977845174, 84.46293149591884, 78.72745766832124, 73.34574397864336, 66.28994663219844, 65.52487654040878, 71.73970979761071, 75.6908055341877, 83.72739884580614, 78.13447208491343, 73.9584903464101, 69.06861268788596, 47.7242049749336, 47.94449777134528, 55.675278161938245, 65.75774208180292, 80.86721659433941, 95.54485973380206, 106.87139475946832, 109.35025359296425, 127.3545434715704, 125.73186673642367, 125.00320578846483, 117.87834426399756, 115.4784362762926, 109.85351078603797, 111.03956678760242], [10.57144801979298, 7.444555096977185, 10.043686378460103, 17.771469636142452, 8.119177868599813, 0.0, 9.577830894466395, 49.51260893712567, 56.110720722370225, 64.63932826471314, 72.74764721222974, 79.20783392610014, 72.65090303062503, 64.2311209885254, 55.81372176469756, 24.463292810890213, 22.478820262453564, 21.730183868611146, 24.51323927723423, 29.69821050823777, 24.5966393366376, 18.231731614956683, 14.932356796640008, 15.55330887429186, 19.08744187613987, 56.34211634086147, 64.27449916964329, 72.25960229855713, 78.1443676370299, 82.85970191414992, 81.87373792653935, 76.92792233246712, 70.04811687731463, 62.61521062107232, 57.65261246250928, 25.378594973241206, 30.161205926497384, 38.57093268324019, 36.5574818538773, 45.91826955389249, 52.5612842494489, 58.08222446517066, 60.75657746552235, 59.67543351452483, 51.779342367149496, 45.16674510816547, 42.45886362823402, 61.187336087386036, 56.18394371664985, 56.60003457485592, 63.784572849312944, 66.65435107224027, 71.82343680518888, 81.61856724433758, 83.77627281747, 81.90926321720355, 79.86330513315072, 74.7170591642309, 69.84962183521445, 62.61187342204892, 60.740692875828294, 66.21301825532025, 69.87106602911766, 77.78999918160586, 72.48796800987158, 68.78502499318564, 64.70803242215072, 53.71111528158547, 54.25657727632175, 60.68706046987239, 69.29195522272309, 83.41270746614593, 96.88829173074224, 106.99843279765615, 106.25032166134604, 123.08714226943248, 120.65376396283128, 119.54177524792807, 112.13572446535909, 109.3435244922044, 103.68171145420644, 105.02247987093091], [5.558604424368224, 11.49227276221505, 17.76473232712731, 25.49853192931095, 17.0498700690563, 9.577830894466395, 0.0, 40.15804552746284, 46.70593584934236, 55.273307774200624, 63.31644573605625, 69.73649548562398, 63.27830979774266, 54.875740454887946, 46.43193268509167, 20.490543385925953, 21.656540340642174, 24.178485376386398, 29.370660708788353, 35.432468542792265, 31.183384946987314, 24.33237695585419, 18.785761622942463, 14.796341492746267, 13.73040200999668, 47.680692311544526, 55.34238030682351, 63.078514616928906, 68.80149986639438, 73.3925506353782, 72.39140583196641, 67.57636096668244, 60.85477155124009, 53.48605398896072, 48.621376274889485, 17.584975570013707, 24.777741085793558, 35.35089518407132, 34.87612203757767, 43.935351437605185, 49.84462948914952, 54.25757943515385, 55.35621935360141, 53.015972496658826, 45.489397815867775, 37.56710861458195, 33.71635077903243, 61.572422075421315, 55.72198134198627, 55.10077274575692, 60.95368193839996, 62.84030179294944, 67.41733778590816, 76.70537683693036, 79.89683863710397, 78.87840725628442, 77.77008226184782, 73.66984381416384, 69.50703319459564, 62.07849879514818, 59.22152423541704, 63.50248982755894, 66.41617380759698, 73.47185061224707, 69.02095904050425, 66.16425684887678, 63.29625111676127, 57.87259886950808, 58.93004426908045, 65.18677106772027, 72.79443152362954, 86.6292150457189, 99.01588677607074, 107.91563423219822, 104.97868195074746, 118.48731987929128, 114.93529715849017, 112.73286395313062, 104.43559041052411, 100.77458393245334, 94.43718853058664, 95.72331639852709], [41.73160430241335, 50.20218729417608, 57.534279841575845, 64.82313150143992, 57.17799773626941, 49.51260893712567, 40.15804552746284, 0.0, 9.135809661197303, 16.83551284089252, 23.733682754758245, 30.10424886741395, 23.149711303274387, 14.733827646334879, 6.330839797707568, 40.837236311514154, 49.301673663530984, 57.082154599832, 65.32391269635258, 72.42365304135075, 69.46213517696435, 62.11903045891484, 54.641176370100176, 46.46746487165328, 38.01278042522008, 20.57637516623346, 23.732748947883767, 28.877479027519367, 33.1159053549736, 36.45631831989153, 34.017018765810384, 29.93258181679731, 24.678419147608828, 18.4745766060414, 16.124604375141242, 27.74913508386611, 31.315978570612387, 40.091221418893454, 45.847776961523934, 49.36695411075407, 49.40273577408921, 47.18844651963589, 40.60511701209208, 32.055709959280755, 29.426366494386393, 19.111253096989874, 12.911203166113413, 71.47873085699293, 63.039995126257, 58.212586939159, 56.691777268736985, 53.63560809010688, 54.59452741474898, 60.500466083109814, 67.93887702709515, 70.84116156515255, 74.26349166334035, 75.16775439883915, 74.72049195212655, 68.17632169874517, 61.441293541713186, 59.43914326091402, 58.463901813093536, 60.54951462289314, 60.743460291378675, 62.36640463997043, 65.44631366818341, 90.4681091175327, 91.59163904249674, 94.74747166465406, 97.62733498302904, 107.8292500698286, 114.723027112052, 117.83635425357053, 103.15473818242543, 103.16039617198732, 94.297774345087, 87.67164482202958, 76.12760996501333, 68.4408085637378, 60.41968172295873, 63.28036369919671], [47.44212247459144, 55.86536748344625, 63.46467521421637, 71.44339974833343, 63.70296970998198, 56.110720722370225, 46.70593584934236, 9.135809661197303, 0.0, 8.629705474390361, 16.83817359873181, 25.26441067133623, 18.504429185950098, 10.569654309419299, 6.780706820516573, 44.06131644512303, 52.640995650260855, 60.9080749335025, 69.6598048642122, 77.31989471315674, 74.72056496367031, 67.0743729490867, 59.38294217373004, 50.981063896927544, 42.47248233090443, 14.82573813228768, 15.360629881867542, 19.74214753777149, 24.228976427616974, 28.1649699342122, 26.136742279570385, 21.39443527685854, 15.847896425851099, 10.04108765552209, 9.11012914564366, 33.12996213189497, 37.74526344138451, 46.690200720845404, 54.19858317482939, 57.61811062946045, 56.76241222333672, 53.797222042998, 47.159258345634996, 38.22732292611997, 34.619303421179346, 24.573199443558853, 16.749016773923927, 80.23231934488753, 71.400573549108, 66.11649118197937, 63.871791950744495, 60.34807547700714, 61.03363392763162, 66.60737330457735, 74.48191800232244, 77.8315469029065, 81.83520024853162, 83.18454910896656, 83.08145696448551, 76.69459225075269, 69.47651946430923, 66.84651872735958, 65.55004088376724, 67.15333869224611, 67.89736858709337, 70.02602211858587, 73.6651179421447, 94.59782604614935, 97.8125437263203, 102.55379256614596, 106.00690577837479, 116.64303090816753, 123.54000784146112, 126.43046947771221, 110.88663195961894, 108.65417718195427, 98.7126610679593, 90.70971218076006, 77.86359620026516, 68.07712501688555, 56.946747351890814, 56.6716694163559], [55.90623071388334, 64.2910839353547, 71.95025760063218, 80.05554130447564, 72.26321040116228, 64.63932826471314, 55.273307774200624, 16.83551284089252, 8.629705474390361, 0.0, 8.98834642386051, 19.071368353436284, 12.581199118824285, 7.873627240477986, 11.923782685367044, 51.554940978879856, 60.286765480411546, 68.78630256525484, 77.7510284632703, 85.591568652759, 83.09393592110183, 75.32329449534583, 67.51607742558605, 59.02414147714345, 50.502859698580494, 16.96611700304634, 12.965090152931644, 13.886650931919116, 17.280806546678775, 20.839557963612712, 18.15927788185381, 13.172113235002424, 8.821595891044378, 7.269668875418264, 10.960909228880286, 41.17517033168353, 44.9062844414189, 52.763366988260536, 60.96511665865633, 63.56518143878136, 61.70323397319882, 57.72529001864764, 50.38570777494399, 41.10066650293966, 38.48190540953526, 30.0993301373405, 24.07928389371374, 86.1327369223378, 77.04963666716877, 71.26277545654415, 67.86710354793861, 63.626728599503046, 63.63846015258069, 68.36959849930979, 76.75514223576245, 80.73758285501094, 85.50456167679748, 87.65240673959148, 88.16864035299663, 82.12948586072373, 74.44368385184517, 70.84070487597185, 68.93620985647244, 69.58617757276882, 71.18559077795769, 74.05869069934016, 78.57719134286192, 102.43745678898635, 106.03321184406931, 110.66130449356069, 113.67272152565795, 123.8041861858659, 129.9285019994008, 131.93776907037073, 114.3797900818058, 109.64779022634454, 98.59569885385345, 89.5790443221619, 76.05424531469157, 64.93124737537823, 52.66732852061129, 51.56410537450215], [64.22433330155562, 72.66595006028274, 80.21418633153989, 87.85816677769832, 80.33569549901554, 72.74764721222974, 63.31644573605625, 23.733682754758245, 16.83817359873181, 8.98834642386051, 0.0, 10.91258065585666, 6.550183646160386, 9.931463114915394, 17.700500431560258, 60.48411102116994, 69.1249675072312, 77.47900998382526, 86.21738466348474, 93.68628815380987, 91.28804421515161, 83.83648283471305, 76.17859427727326, 67.75662824557436, 59.243546139887826, 25.319701573877012, 19.473174628927122, 15.825860250004737, 15.155630006266648, 15.733598221259305, 11.388108734204508, 9.59568736838732, 11.708461243907374, 15.109184920458846, 19.658651848880204, 49.718138687267434, 52.694442404752486, 59.53630891637689, 66.98251441893994, 68.64147960389998, 66.37321848627118, 61.6565425810649, 53.042092825021456, 43.44245629601773, 43.63063416703073, 36.883370914409575, 32.50952983637093, 90.19214784155805, 81.46084406792416, 75.54784984990792, 71.16804188364088, 66.22403685748039, 65.18976498599609, 68.22274669604924, 77.23291723181218, 81.96452109900113, 87.35751884303748, 90.41179170004938, 91.50753254767712, 85.83922280862792, 78.20529557900507, 73.77447741423435, 71.1219152780166, 70.29394774515103, 72.98865701918605, 76.58706482767597, 81.87023437930715, 109.76409894952218, 112.5100403623709, 116.24654167322487, 118.37874339138814, 127.80267409286242, 132.88638651777092, 133.8295335466914, 115.02257412146453, 106.72450297162668, 94.65685234055027, 84.49326694595496, 70.28484224983491, 58.10163471835936, 45.68792069868746, 46.19516909140632], [71.18007491162885, 79.6656702972535, 86.9017674688212, 93.53677887066428, 86.62461817024676, 79.20783392610014, 69.73649548562398, 30.10424886741395, 25.26441067133623, 19.071368353436284, 10.91258065585666, 0.0, 8.486118277314192, 16.279179941940257, 23.81952781830152, 69.26630552529305, 77.58571783856257, 85.44957632642598, 93.5513734816197, 100.1395518501574, 97.85138781071566, 91.13953700510397, 83.89922754914986, 75.7311027848823, 67.31012635261672, 35.93109019326618, 30.19805977221315, 25.182000397799793, 21.739586822312585, 18.49752204583103, 13.906490125297106, 17.556169536105674, 22.31737896947901, 25.829763596590777, 30.02902103043231, 57.578543078602564, 60.01253787359806, 66.04492071891691, 71.46192005952862, 72.18558938830859, 70.205066457201, 65.19506411006702, 54.986134160531776, 45.246113067992496, 49.43375074356167, 43.96808513568901, 40.89222612739293, 91.68459724596251, 83.96794808365574, 78.38998532748607, 73.400611679057, 67.91888246487571, 65.6041069603586, 66.16038565291598, 75.81369194694273, 81.29867067738995, 87.03089872143178, 90.95986780963523, 92.49072294481944, 87.18974954059784, 80.22104905233002, 75.28401824620731, 71.8628856152352, 69.17598923769773, 73.06915127553263, 77.23813870833327, 83.00906988139714, 115.11317066219405, 115.88295026200466, 118.03931126472723, 118.93364624880279, 127.49928014686608, 131.37086081159865, 131.1864409152097, 112.34085632131537, 99.57713386276897, 86.72995961736085, 75.29301321432514, 60.29804607837348, 47.39346942632236, 36.288976703684604, 42.198085869798376], [64.74256496301152, 73.22638075192694, 80.59377312434812, 87.6697005705224, 80.27826419203414, 72.65090303062503, 63.27830979774266, 23.149711303274387, 18.504429185950098, 12.581199118824285, 6.550183646160386, 8.486118277314192, 0.0, 8.575532963426003, 16.850150338380665, 62.313303467758054, 71.03233605104961, 79.18606714523591, 87.64401890077585, 94.70846611017579, 92.10229401251192, 84.87989737169131, 77.33041890418096, 68.99432093069673, 60.44340108794061, 29.23190310531904, 24.738507753331362, 22.272702559507298, 21.504089354799405, 20.996521766439244, 16.153034324177792, 15.898371649047425, 17.577233723877658, 19.3663025044661, 23.140236041382334, 50.26238402763212, 52.04362809611772, 57.921373552169364, 64.21144588722964, 65.16700425751196, 62.900947607849666, 57.969707857339195, 48.50285024379814, 38.78542080231036, 41.31822278733142, 35.70716604290059, 33.16324005268138, 85.82309095393134, 77.43376103222506, 71.59428746306702, 66.83534705229015, 61.62198530781401, 60.048093844410744, 62.277538307380304, 71.48936948818928, 76.4683165416187, 82.00595308481475, 85.43141280190387, 86.7710441227949, 81.30728584534174, 73.8565538929707, 69.1204080712444, 66.12468172898453, 64.62379586006283, 67.74173165168304, 71.5955873269457, 77.16508544320351, 111.05013914132314, 112.06191524763379, 114.19170921308032, 115.35627762849879, 123.90574883113992, 128.24325382370606, 128.5757926268924, 109.04949986683445, 100.28176706245064, 88.23496200827582, 78.43492842745982, 64.80851034160968, 53.70307899421867, 44.352409195079105, 48.97361499370584], [56.27924221535197, 64.75374941454415, 72.16806166745222, 79.47543575613095, 71.90366920178968, 64.2311209885254, 54.875740454887946, 14.733827646334879, 10.569654309419299, 7.873627240477986, 9.931463114915394, 16.279179941940257, 8.575532963426003, 0.0, 8.523428674979689, 53.88929100855963, 62.6412887455964, 70.80373025442327, 79.32720066772838, 86.55949524922073, 83.82885066619619, 76.43668127931291, 68.82241219367972, 60.47091205045346, 51.908742024340036, 22.881944185726418, 20.556968234674343, 21.323786756868138, 23.203831504862837, 24.92632172399845, 21.154276175377355, 18.281236287509362, 16.04649792397276, 14.280680714327383, 16.579797623588355, 41.693465729595346, 43.92609953947457, 50.6719330321551, 57.25155292791005, 59.04353345258339, 57.31872308822008, 53.13514830859605, 44.62555546481291, 35.00998247686081, 35.41038250392359, 28.238164503302176, 24.718706525258575, 80.58304679712458, 71.95587068180983, 66.29828986912831, 62.52272095763029, 57.97558804150511, 57.36731211533594, 61.19738435499296, 69.83838096368716, 74.0909903722869, 78.97195033020145, 81.5202584029658, 82.27344210860848, 76.41109496262297, 68.99619208989196, 65.09304743954449, 62.79707649809983, 62.69125764763333, 64.74521492794304, 67.87543339556393, 72.68216081000178, 103.59175672869142, 104.9426194389366, 107.59952572475699, 109.44547283123687, 118.60804472980314, 123.89335545439118, 125.23432025611409, 107.10769933092195, 101.80797554927645, 90.8686158806865, 82.27830316594148, 69.395529148116, 59.51263892719286, 50.37036110103962, 53.70105488830411], [47.94669688273379, 56.42850085175482, 63.766454599662836, 70.95715137640542, 63.442178608386754, 55.81372176469756, 46.43193268509167, 6.330839797707568, 6.780706820516573, 11.923782685367044, 17.700500431560258, 23.81952781830152, 16.850150338380665, 8.523428674979689, 0.0, 46.54646261706908, 55.06992100512288, 62.9592387183097, 71.2478526369577, 78.3023031460982, 75.49042860069122, 68.23234907336446, 60.7592128335916, 52.53999829174931, 44.05459694616307, 20.91458156707346, 21.67167148394895, 25.09009646797136, 28.417344698240807, 31.11510489831061, 28.2619018471905, 24.711506889810444, 20.507921336335773, 15.66924295154281, 15.190467254941106, 33.88576938022678, 36.94095864094821, 44.83052392786211, 50.73914548831396, 53.46093601444501, 52.81402142272548, 49.731014328006, 42.06240859794721, 32.83452519115495, 31.930795041510507, 22.92926816808563, 17.937659812730672, 75.2033680584858, 66.78604821983382, 61.64282199295378, 59.13343546549287, 55.38465727797481, 55.577447261093724, 60.44020063158457, 68.49532772363577, 72.03392357509485, 76.08308358328614, 77.7363753309352, 77.80308610257111, 71.53279379001305, 64.5794542211543, 61.74674323326929, 60.145049507770345, 61.163570865926644, 62.233655673685774, 64.53277691125902, 68.37202007746039, 95.70773101605047, 96.82612960733357, 99.7438090181858, 102.1415116206691, 111.93556001705011, 118.12049643328156, 120.45982513055269, 104.5211357368097, 101.93919582910483, 92.18127375369467, 84.6217170235618, 72.39453601650978, 63.76408245940475, 55.23003699935551, 58.4499889945602], [16.3951476124149, 20.210696535624248, 27.545899586395322, 39.26704064637133, 30.219460452186436, 24.463292810890213, 20.490543385925953, 40.837236311514154, 44.06131644512303, 51.554940978879856, 60.48411102116994, 69.26630552529305, 62.313303467758054, 53.88929100855963, 46.54646261706908, 0.0, 10.234198557714526, 19.8237076830912, 30.516439022605343, 41.326884298145266, 37.92347073534032, 27.476426970453023, 18.62605172275563, 10.464553201823433, 6.987152408056735, 38.586956133338234, 46.90338658728813, 55.64340622969743, 62.480946157063435, 68.39509328669615, 68.12558538166581, 62.032309586030884, 54.391439858692635, 47.271300302459515, 42.06139908100716, 15.955412400933577, 26.323314835017907, 38.40531501564856, 46.27074220758052, 54.948317303969866, 57.57397451402601, 60.278507874941184, 62.38392959867592, 59.09491457764129, 46.473900393393, 37.18231938988165, 30.396838956817383, 76.67616646604979, 68.24676356818519, 65.55212984929172, 69.7080734708908, 70.8555250138903, 75.95058913842428, 86.7809647033887, 90.5208466093752, 89.94356320603124, 90.12612595103542, 86.61186253990518, 83.29269669773082, 76.12330372519223, 70.79222939421315, 73.52372634051866, 76.23538679757415, 83.81525603043936, 79.63237064098028, 77.68193909861296, 76.27600153231815, 63.90481618399425, 73.13278776419521, 83.81717822311683, 92.77214765945112, 106.81643984538768, 119.13936653306398, 127.59610650051185, 120.43298479736815, 133.2465563054815, 127.86117225968293, 124.19767254465981, 114.23987634080277, 107.76457329871029, 97.30881935278727, 93.09376881468044], [16.289974968110048, 15.98017274110383, 21.647188345283638, 33.424691676010504, 25.71954884076783, 22.478820262453564, 21.656540340642174, 49.301673663530984, 52.640995650260855, 60.286765480411546, 69.1249675072312, 77.58571783856257, 71.03233605104961, 62.6412887455964, 55.06992100512288, 10.234198557714526, 0.0, 9.851491723083413, 20.833243080609652, 32.19633540475843, 29.234717395957173, 18.891711904057875, 11.157886825446381, 7.499227855341576, 12.663629230443345, 47.626818458828815, 55.546174665826506, 63.80839330722379, 70.38922431322104, 76.19781044856401, 76.3379074942683, 70.5255648377138, 63.13660986984783, 56.208577360739135, 51.09069950696976, 24.542992315740253, 34.63273545216973, 46.035364343204115, 51.71768341821788, 60.89033983253014, 64.65874757804458, 68.240792163791, 70.68561476383125, 67.75843744358438, 55.8900751796421, 46.801344862324434, 39.86508872861824, 80.58241753791123, 73.28182315790346, 71.60088295756915, 76.83852043382609, 78.56614547012126, 83.8006451409424, 94.43174822804284, 97.80035789480647, 96.81372436223025, 96.25687235452594, 92.0519804909777, 88.08532676765954, 80.86668838287542, 76.66134266700533, 80.36434217744039, 83.45614722807215, 91.23961412878562, 86.68811186200257, 84.1504714478591, 81.77972746077324, 54.75769616065176, 66.14041280198465, 79.34227354982366, 90.01472744869855, 105.40396854296735, 119.08871285392925, 128.8868602904719, 125.31783709584815, 138.9976097626386, 134.37277554088345, 130.85432619895013, 120.87049157854585, 114.5707972913015, 103.64095994014558, 98.76499720326102], [19.071801744157494, 14.47791729428432, 16.533191592011534, 27.16009997975407, 21.67713296988864, 21.730183868611146, 24.178485376386398, 57.082154599832, 60.9080749335025, 68.78630256525484, 77.47900998382526, 85.44957632642598, 79.18606714523591, 70.80373025442327, 62.9592387183097, 19.8237076830912, 9.851491723083413, 0.0, 11.074545766845834, 22.806138849147878, 20.14475912626537, 10.497674196431275, 7.523050929176075, 12.495525005267686, 20.35797923463196, 56.87337190656761, 64.56487080981879, 72.4693577908689, 78.76878568388486, 84.34626127621016, 84.63830102467766, 79.14512043481108, 71.99264510654847, 65.10942844649436, 60.05369089948129, 32.42267878923097, 41.81374217954424, 52.41743518109926, 55.70222566909347, 65.12756949782329, 70.02545210978435, 74.4523193165442, 77.16487919099592, 74.713338887949, 63.81444548382345, 55.09907725485419, 48.5188783866191, 82.45661745080712, 76.42670351387378, 75.8001745533429, 82.05773605157947, 84.35204370558505, 89.66705932171443, 100.01000143675724, 102.93162811417668, 101.51769986730248, 100.19001130094414, 95.33456906556016, 90.75819525898088, 83.56524024416144, 80.57308184625752, 85.21493490290197, 88.65211045067319, 96.57703490109148, 91.66857344600582, 88.54700348091193, 85.22550969475427, 45.89303398499903, 58.32158253264067, 73.36097665336762, 85.44811616260856, 101.87386141211833, 116.72894209098537, 127.74885870596454, 127.73915321346354, 142.48670707849658, 138.78826153119635, 135.69283299814737, 126.02588424225985, 120.32331125752923, 109.70516802470453, 105.14335106564498], [25.30613635152537, 18.50851994248687, 15.54867941870685, 21.755816382385795, 20.68013443387683, 24.51323927723423, 29.370660708788353, 65.32391269635258, 69.6598048642122, 77.7510284632703, 86.21738466348474, 93.5513734816197, 87.64401890077585, 79.32720066772838, 71.2478526369577, 30.516439022605343, 20.833243080609652, 11.074545766845834, 0.0, 12.068155406859288, 10.3117394704798, 7.24057878952256, 14.080152339843131, 21.797937531737198, 29.80955895860751, 66.84712256454685, 74.27940391699826, 81.77021085537633, 87.71308042525472, 92.96479103198115, 93.36109791358419, 88.27263187150913, 81.42273235082689, 74.59132230823477, 69.6289305582458, 41.41733066183135, 50.20513224092982, 60.04855093239894, 60.718762432733314, 70.16101172930179, 76.21152454130153, 81.38725215577881, 84.10662722096912, 82.05775992248658, 72.46160268647505, 64.07059210937852, 57.81210201606596, 84.63447041621944, 80.1691905231431, 80.68190437854096, 87.86048889900425, 90.63926216859831, 95.88383314870644, 105.67884648879742, 108.19282090450032, 106.41115161027983, 104.29774054283263, 98.87263552881298, 93.70914502841289, 86.6059319380437, 85.01159112791923, 90.537539387285, 94.22177149142033, 102.08042938042661, 96.93141276716442, 93.27252292527767, 89.02447856830284, 35.93400960598963, 48.98964096912061, 66.1226252985187, 79.75297573662087, 97.31313279894232, 113.37043154290608, 125.66821572359173, 129.82939688444574, 145.29801240866337, 142.62943573655278, 139.96895882650043, 130.69457470380019, 125.72933778495616, 115.66266435892555, 111.78407100135793], [32.642456214235736, 25.720638162956636, 20.131093197067695, 18.900921333627547, 23.52562221421787, 29.69821050823777, 35.432468542792265, 72.42365304135075, 77.31989471315674, 85.591568652759, 93.68628815380987, 100.1395518501574, 94.70846611017579, 86.55949524922073, 78.3023031460982, 41.326884298145266, 32.19633540475843, 22.806138849147878, 12.068155406859288, 0.0, 5.911602867445682, 15.79740389879258, 24.29735868025801, 31.95087274611938, 39.40247453245167, 76.16763113303315, 83.24545165586773, 90.19900054401344, 95.65280715485586, 100.42382074047823, 100.85400578825121, 96.31812194743809, 89.89716609335503, 83.15257102072866, 78.35124307851403, 50.12840459605524, 58.491522480372915, 67.75487715975291, 65.62406646640707, 74.81794522600644, 82.02524165084289, 87.76539821496714, 90.03954668251943, 88.23087937574505, 80.45399776200824, 72.30046333488973, 66.32158373340407, 86.0979493329043, 83.46559203463582, 85.12511438851698, 92.99633878498797, 96.07606780290115, 100.99998959525992, 109.84167446128973, 112.0882794307587, 110.09854483765042, 107.27031119998568, 101.49328354550325, 95.84579492749553, 88.87598008513731, 88.81563769262917, 95.05489344917744, 98.79357009364031, 106.23052074871923, 101.07056303644542, 97.0082201087161, 91.97669058799514, 25.833085457965257, 37.57808630122254, 56.90408859956596, 72.02713126616291, 90.81619169657318, 107.93548410225321, 121.38882444974874, 130.21009899237362, 145.5497705571054, 143.94765529395602, 141.65565135891305, 132.83190813322634, 128.76412374674754, 119.59954845524042, 116.9915963613265], [28.6580589853653, 21.114735961677972, 14.778785165303846, 14.358629848579739, 18.07800293235857, 24.5966393366376, 31.183384946987314, 69.46213517696435, 74.72056496367031, 83.09393592110183, 91.28804421515161, 97.85138781071566, 92.10229401251192, 83.82885066619619, 75.49042860069122, 37.92347073534032, 29.234717395957173, 20.14475912626537, 10.3117394704798, 5.911602867445682, 0.0, 11.301719086375265, 20.05735983126147, 28.029284091188593, 35.681911328674445, 73.56863477648979, 80.96301322586505, 88.27589033050718, 93.92806679591563, 98.7791318093057, 98.91534273550641, 94.19794969130174, 87.5743861267243, 80.61933471206893, 75.71374451333996, 46.17838188441899, 53.69299805259585, 62.45407884784488, 60.25835444537858, 69.47739668347681, 76.62955220548366, 82.51599804791113, 85.23446659994077, 83.80943012478637, 75.79632221196717, 68.12904038252547, 62.90000316135946, 80.98253812175865, 78.06654894614714, 79.6833795673957, 87.6688553408043, 90.91304003544927, 96.03275749573778, 105.22819986869833, 107.21810328576728, 105.0536863684456, 102.18127978112555, 96.28595858107762, 90.64444504414361, 83.70161954763414, 83.47752961086725, 89.79810110435677, 93.6867265020976, 101.43525144126087, 96.05149745935678, 91.88466161026525, 86.79208315209459, 31.482112170909502, 39.922518134539125, 56.44119492105234, 70.59747329157194, 88.53077232163875, 105.23860009830145, 118.34553769489125, 125.66456838732745, 142.23272555924095, 140.70079186473413, 138.9143358834529, 130.5708635171404, 126.92405174778102, 118.58090567981337, 116.74206845053479], [20.79652548021871, 12.921129309240662, 9.28510723478399, 17.847689265183714, 14.455012078572677, 18.231731614956683, 24.33237695585419, 62.11903045891484, 67.0743729490867, 75.32329449534583, 83.83648283471305, 91.13953700510397, 84.87989737169131, 76.43668127931291, 68.23234907336446, 27.476426970453023, 18.891711904057875, 10.497674196431275, 7.24057878952256, 15.79740389879258, 11.301719086375265, 0.0, 9.096170339667022, 17.664158235113756, 25.9684892604884, 64.61689983862102, 72.42490927478408, 80.30991764606345, 86.419464513455, 91.66734474619169, 91.6370212141102, 86.41307888226066, 79.37505330063554, 72.26882684493177, 67.1999215825009, 37.0513759730337, 44.52622950561808, 53.65247655284298, 53.96176508837726, 63.40671257052089, 69.49682607117391, 74.9152772941367, 78.13791097415888, 76.62543044139073, 66.97722090319189, 59.297716666163915, 54.19508376681728, 77.9212803014006, 73.24641847872194, 73.78766706625997, 81.15506169241885, 84.16113937691716, 89.6058765377897, 99.72101122156198, 101.88660901401657, 99.87775687931783, 97.65241903042237, 92.08019147767605, 86.90678146161432, 79.85532611612659, 78.17866947515016, 83.85150480802767, 87.71501688202967, 95.89952794087682, 90.48302435350836, 86.66701727374867, 82.29603619994816, 41.29279929869104, 50.4069248099963, 64.46519483922805, 76.91664261389157, 93.43492134592297, 108.96215750295205, 120.85283313347294, 123.56006941403207, 140.45439732969314, 138.00461977861366, 136.04991222468792, 127.49132901703011, 123.24486645518158, 114.49910193164882, 111.98834642168296], [14.41838841050753, 8.352106990806929, 11.165201231734516, 23.045244746363316, 15.626291085387473, 14.932356796640008, 18.785761622942463, 54.641176370100176, 59.38294217373004, 67.51607742558605, 76.17859427727326, 83.89922754914986, 77.33041890418096, 68.82241219367972, 60.7592128335916, 18.62605172275563, 11.157886825446381, 7.523050929176075, 14.080152339843131, 24.29735868025801, 20.05735983126147, 9.096170339667022, 0.0, 8.802190423241763, 17.379925795030687, 56.25546330868277, 64.30268056993823, 72.52670423691677, 78.88708733011241, 84.32962230561584, 84.12762198197434, 78.61934828017218, 71.35689814411298, 64.16098484269435, 59.01552874148008, 28.706465113963176, 36.49594948928939, 46.312388210773676, 48.68477847369148, 58.145450652048176, 63.3342596825083, 68.15943337330751, 71.33453369756353, 69.5198240451595, 58.91571520417504, 51.03003686952665, 45.90267254559903, 75.1253403810962, 69.1314584792552, 68.71127734688595, 75.31260257918413, 77.91095396136161, 83.39654924859566, 93.93219124926026, 96.4422108806988, 94.75090091031713, 93.18206345451156, 88.11561995501553, 83.44880321542291, 76.30397824586154, 73.45584709994608, 78.38652499108095, 82.03111396323489, 90.24730929088462, 85.03878429905396, 81.67253021086776, 78.08926899636046, 49.10245714213273, 57.701165171031235, 69.91768167437276, 80.92511358986042, 96.40401717850067, 110.81326944861445, 121.54878098992859, 120.73616235031439, 136.95595405529218, 133.68559853623952, 131.4278723143074, 122.63136281224463, 117.91474617526077, 108.98390932636418, 106.28920260672894], [9.851395267699033, 10.133822759901664, 17.11262063603617, 28.96054640516254, 20.124776132525025, 15.55330887429186, 14.796341492746267, 46.46746487165328, 50.981063896927544, 59.02414147714345, 67.75662824557436, 75.7311027848823, 68.99432093069673, 60.47091205045346, 52.53999829174931, 10.464553201823433, 7.499227855341576, 12.495525005267686, 21.797937531737198, 31.95087274611938, 28.029284091188593, 17.664158235113756, 8.802190423241763, 0.0, 8.677543163304694, 47.59399441492632, 55.75038005757705, 64.14430183736035, 70.62201423714879, 76.14275731223378, 75.79936037874864, 70.14710174144257, 62.78222108010376, 55.534708570603044, 50.360013374830345, 20.34674786086715, 29.365054640406598, 40.43115802196739, 44.70006698479574, 53.97046717979359, 58.29518335005085, 62.312321909990956, 64.87652656701782, 62.43992431419023, 51.342420608174535, 42.86039932860293, 37.278379779911866, 73.16493994615111, 66.12213017835256, 64.75094481229321, 70.36016962966605, 72.33343680347308, 77.60336068439308, 88.1724416559767, 91.25029781149095, 90.06640315290163, 89.24046770207862, 84.88332078778802, 80.79584347252754, 73.55749250272036, 69.67045489490334, 73.69061294637201, 76.9116366526848, 84.79855241599553, 80.04654270192407, 77.27628382517264, 74.62408333827744, 55.728250817134736, 63.6090202535848, 74.40911870177274, 84.12452175392539, 98.81547872880071, 112.12038060130794, 121.69450725586798, 117.97939428963588, 132.5694120528113, 128.42299551902371, 125.63015962126121, 116.43751792612561, 111.17607082934333, 101.99506246752729, 99.27131404082245], [10.230366876177362, 15.995621018488684, 23.878844039255227, 34.8856111909323, 25.717518061839424, 19.08744187613987, 13.73040200999668, 38.01278042522008, 42.47248233090443, 50.502859698580494, 59.243546139887826, 67.31012635261672, 60.44340108794061, 51.908742024340036, 44.05459694616307, 6.987152408056735, 12.663629230443345, 20.35797923463196, 29.80955895860751, 39.40247453245167, 35.681911328674445, 25.9684892604884, 17.379925795030687, 8.677543163304694, 0.0, 39.38288441102178, 47.595967337588014, 56.077585936944054, 62.575302057959405, 68.05714414989178, 67.49763568085942, 61.80433067628011, 54.41232287164756, 47.080558435511904, 41.899294680332495, 12.114381993952557, 23.1323872861792, 35.57899428316852, 41.313410375810776, 50.13768469887756, 53.66083376582344, 56.767869507009216, 58.367613086087495, 55.177663988413606, 44.04801451169281, 34.788909817792245, 28.612746864150914, 71.0943672690388, 63.27291946902753, 61.04002051079476, 65.55545475603687, 66.8056795303887, 71.69191803370425, 82.03438685496508, 85.7470427381603, 85.14185870259941, 85.05604582045963, 81.494570685262, 78.01067757245389, 70.72524727732531, 65.97072466057269, 69.02123717233904, 71.70896375068806, 79.0504668948474, 74.87909947497018, 72.7593018926246, 71.07401235592009, 62.134108246917926, 68.77047167362203, 78.00506969302056, 86.38357008649001, 100.2621088021916, 112.42466421402544, 120.82694852925376, 114.58171544909007, 127.22692258793808, 122.26307530628611, 118.93774085163571, 109.40074613051593, 103.71837040617594, 94.53949383690005, 92.22326679534338], [46.9880463752051, 54.75365321971906, 62.699526079080954, 72.46784556810107, 63.871911102276634, 56.34211634086147, 47.680692311544526, 20.57637516623346, 14.82573813228768, 16.96611700304634, 25.319701573877012, 35.93109019326618, 29.23190310531904, 22.881944185726418, 20.91458156707346, 38.586956133338234, 47.626818458828815, 56.87337190656761, 66.84712256454685, 76.16763113303315, 73.56863477648979, 64.61689983862102, 56.25546330868277, 47.59399441492632, 39.38288441102178, 0.0, 8.903561737881361, 18.578365132715685, 25.971991596610184, 32.30178003661547, 31.525422855670897, 24.5307832555418, 16.45741323341834, 10.235135704298843, 6.31446894221525, 31.733716140065194, 37.220758781194064, 46.78221614155614, 58.05404732148726, 62.46387298267251, 60.64415867941315, 57.88594536414311, 54.087341249166286, 46.40623227125851, 37.00276229384678, 26.762738654414502, 17.386683334964435, 87.02303877335598, 76.9060096186332, 71.10453823072635, 69