{
	"dissimilarities": [[0.0, 8.491375104556507, 16.06686666730819, 25.731090126769693, 17.087674415472513, 10.571395634529106, 5.552678491347037, 41.7345703776812, 47.44375317291169, 55.902670800394105, 64.2137531284909, 71.18322934433263, 64.88850213233286, 56.44263968751012, 47.94736002670949, 16.35497592108093, 16.290841668183692, 19.077794957800997, 25.296539877002825, 33.40630925190188, 28.655059661641978, 20.797485980012606, 14.413243820352033, 9.80440185430162, 10.12896769745629, 46.972676085493404, 54.74073914381965, 62.60665950971742, 68.73475865709379, 73.43645111766097, 72.88036586861463, 67.860957904762, 60.85008890033708, 53.772894072701405, 48.549987862469315, 17.858053011078336, 27.05215583822633, 38.31322737516638, 39.59703213620124, 48.659163781916, 54.04446471402657, 58.28896649117454, 59.55846746513147, 56.90763429463372, 48.278241662143536, 39.708868140346745, 34.541077448518664, 66.7905867246454, 60.64285147978362, 59.80246263370083, 65.48022527703449, 66.9467979711878, 72.00293843898054, 81.52515491847458, 84.85782897167275, 83.89293547648705, 81.98703976580083, 77.86349703709652, 74.67992798507228, 67.28272693770099, 64.14610257774932, 68.26412167237694, 71.19157746657018, 78.37121802606711, 73.93908332320572, 71.21112246280181, 68.46781619529705, 55.36131184349375, 55.91472598286702, 66.50245041919777, 76.1363682461978, 90.41201328311469, 101.39173025544011, 113.38097263679998, 110.62059550906076, 123.07826882457108, 119.78493231607032, 117.07056367306078, 108.42342952899781, 103.79532158702747, 96.12041798057119, 95.65107935032748], [8.491375104556507, 0.0, 7.9700139395391885, 19.222287991721096, 10.417294856847434, 7.444544224498974, 11.489744873703945, 50.20398521964161, 55.86661150484274, 64.28832107570844, 72.63643698740059, 79.66891280413768, 73.36960062544533, 64.90945621286744, 56.42884142427236, 20.176695763150637, 15.979698120797774, 14.485325066600991, 18.49621266392777, 26.636362306088174, 21.111760117457308, 12.922419914020553, 8.341439093381068, 10.086219798468647, 15.930149979588043, 54.740231492272706, 62.64124959461984, 70.61644796866307, 76.80971116566438, 81.64936524043401, 81.19353672131376, 76.09379918221687, 69.02005660113848, 61.8939260031589, 56.66582527142523, 25.376536326488175, 32.85615986498406, 42.66951048020361, 42.904290491735885, 52.23245154609014, 58.18719544400243, 63.24962639956389, 65.64782238725883, 63.84049287762309, 54.90246153291277, 47.16090623919711, 42.6478771387595, 68.49973900526841, 63.08312024713802, 63.04968977603771, 69.7439910638532, 71.83915455614469, 77.42603698624575, 87.29218333550621, 89.89736764097677, 88.31069518754661, 85.70504993701414, 80.76777974576925, 76.99888727179459, 69.73878468262107, 67.40397798964376, 72.43697153837192, 75.9168667322999, 83.71276776240872, 78.66468265661831, 75.29622627795614, 71.61856134789475, 49.99200210550517, 51.16128225337205, 62.991396988901464, 74.14261919301846, 88.8742283937935, 100.93287262267202, 114.08104874219327, 113.56241406086697, 128.36136025754575, 125.89869999754495, 123.86968959382078, 115.71747602875992, 111.60537464665097, 104.11224012337536, 103.34057108190468], [16.06686666730819, 7.9700139395391885, 0.0, 12.233804888111221, 5.387898964073194, 10.049475770743564, 17.769017102189164, 57.54325380868859, 63.46930759116348, 71.94878507656186, 80.22531872351344, 86.90457034726643, 80.71742104022701, 72.31375605155952, 63.770659518952755, 27.527741741112177, 21.658025619136772, 16.553537329041852, 15.542418080280077, 21.231590150331606, 14.764801703507773, 9.286553545456679, 11.166310549576657, 17.085664117505583, 23.829311054642723, 62.69219740802408, 70.54109403927922, 78.40505644542881, 84.46056895916274, 89.2066330848328, 88.78442405053212, 83.83124119616785, 76.84705862764179, 69.76113243512273, 64.53980248789102, 33.06711172691626, 39.31518929555538, 47.81141853647972, 46.11946486018428, 55.37234263778249, 62.11979149117907, 67.89957914492736, 70.80861218414108, 69.65536014439357, 61.35606354108062, 54.2935311482384, 50.37362083058316, 69.09673067167451, 64.86712190169578, 65.81315065247925, 73.39184042828222, 75.99948833943084, 81.78462700404668, 91.4988796013063, 93.51305499880591, 91.43642478586462, 88.15880599744916, 82.57244872916576, 78.21164031730767, 71.1160418450692, 69.8935160012878, 75.76662201662663, 79.61151683555681, 87.64197280339374, 82.18680009189406, 78.26657399284132, 73.70337666054402, 45.080141392486794, 45.1674764279028, 57.514337650114555, 69.8870311139884, 85.04764275421272, 98.08387740415468, 112.2489004024166, 114.52684047479535, 131.02138831099438, 129.45870925037744, 128.0978435251116, 120.50987025428986, 117.15103203872549, 110.2895747847514, 109.99788073479178], [25.731090126769693, 19.222287991721096, 12.233804888111221, 0.0, 10.337572735640459, 17.89714669964193, 25.590330361423334, 64.8899482622128, 71.49412765960972, 80.09170459981333, 88.04109984896394, 93.5594424330584, 87.77105699914483, 79.63775392452239, 71.0058431404972, 39.35454770916342, 33.54187610495449, 27.286802485136842, 21.844956041990677, 20.02211366570688, 14.381246524680748, 17.957441657211252, 23.168211192823946, 29.042204459450417, 34.92082116790591, 72.52439055020089, 80.01523206048307, 87.3739161605589, 92.91101748256499, 97.15942286161834, 96.69188207973617, 92.30892650604646, 85.71426253910073, 78.85562883655756, 73.69785107046144, 42.7385067890245, 47.87441162952842, 54.99779335540967, 49.585383102144235, 58.203716035100946, 66.34470152351288, 72.86440161738625, 75.41386863306342, 74.83040922598259, 68.84716613546692, 62.500990440702985, 59.317980344284884, 67.4453326539426, 65.60307357342047, 68.10160172239881, 76.56780176437933, 79.62335730909079, 85.07320107845995, 93.67652014927344, 95.16576740443762, 92.70571918390966, 88.62026300808128, 82.519851562931, 77.38661194545088, 70.53598826598356, 71.32264876653879, 78.13269980949649, 82.10626488954537, 89.73651115618793, 84.14247592156677, 79.67485179506613, 74.06092884811267, 40.411384180974366, 34.38341233634569, 45.65957997606028, 59.19121105354737, 75.12439004964986, 89.32936608546075, 104.58181917120758, 111.67885183045053, 129.04381883315702, 128.7932912136642, 128.26478703952708, 121.56212037190396, 119.6327088211468, 114.39573389932677, 116.02415263118282], [17.087674415472513, 10.417294856847434, 5.387898964073194, 10.337572735640459, 0.0, 8.135021619737774, 17.05892549568202, 57.19091493414482, 63.71028465054284, 72.26365454073888, 80.42652980669772, 86.62779509117614, 80.33590132504071, 71.9805581780759, 63.44892456845654, 30.210716797806384, 25.736939053551644, 21.699964828859493, 20.678293047603567, 24.67840075269309, 18.062299963389187, 14.459665551411174, 15.63563840677732, 20.108500478162384, 25.67516663038721, 63.86921306656506, 71.72495222297707, 79.57375727192579, 85.57045085906158, 90.04514684614149, 89.38999849715061, 84.58456102807337, 77.62765714543225, 70.55042826105473, 65.30091507074718, 33.31656761425207, 38.11429894457367, 45.651932346642134, 42.316186720475436, 51.41304582357713, 58.6721904319367, 64.80491128758366, 67.7949894028052, 67.11333651401895, 59.675269425594095, 53.32359459924104, 50.45743228789912, 64.07033037514873, 60.31776517209608, 61.69974098541849, 69.61815534042199, 72.43575991780143, 78.21274128183431, 87.75237171133793, 89.46135195733548, 87.18874862750013, 83.65240779679534, 77.89362408899522, 73.3543566356577, 66.3009458802936, 65.55473836127582, 71.75124642373659, 75.7023803656107, 83.76024048695078, 78.14620709987715, 74.0048249131669, 69.11735971535768, 47.702144955623474, 44.34381740044078, 54.261745660968806, 65.53783818329865, 80.21452526423168, 92.98844840930812, 107.08918199164721, 109.46911640276636, 126.80135296552946, 125.69001047222788, 124.94316170293207, 118.03137442558331, 115.49535190559153, 109.93776575861861, 111.07001231536218], [10.571395634529106, 7.444544224498974, 10.049475770743564, 17.89714669964193, 8.135021619737774, 0.0, 9.57594213306853, 49.51535891674754, 56.111946136519855, 64.6360078420568, 72.83022927761486, 79.21096770595243, 72.68800377677782, 64.2695616938882, 55.81435514691977, 24.433703987826405, 22.477979444468158, 21.735459042812185, 24.504947756879247, 30.749106809213405, 24.59484868908313, 18.232468173388977, 14.925519211011487, 15.520091929851121, 19.02934532076303, 56.328314976475866, 64.26726541649039, 72.26184436430887, 78.40694801709446, 82.85754021955218, 82.03188790164572, 77.11181235006995, 70.0445846216902, 62.915190048895035, 57.64142466618988, 25.38342530235825, 30.251629448068314, 38.64394533743817, 36.65990791323583, 45.917530972593845, 52.553530283074274, 58.14075529613014, 60.768913612562976, 59.68798682245039, 51.824629261625454, 45.20987737443226, 42.48474826519719, 61.187302036178494, 56.17765293013672, 56.624907494046795, 63.789223046889624, 66.18778569317618, 71.84457767376288, 81.61921260963071, 83.78642509686753, 81.91470245410528, 78.98022214859283, 73.8118197388176, 69.85099523612497, 62.61484597497514, 60.75675307206531, 66.21246752806925, 69.87188162786113, 77.80893124402284, 72.49052544515433, 68.8156352411557, 64.73854796923483, 53.71515729901299, 50.73352914865676, 59.38381624376404, 68.86368776745297, 82.76074291569057, 94.30140003620852, 107.24640434426463, 106.3980729400457, 122.49219409710054, 120.61712493570407, 119.48690252706238, 112.31849464769024, 109.3742136493312, 103.78844489421148, 105.06547819100066], [5.552678491347037, 11.489744873703945, 17.769017102189164, 25.590330361423334, 17.05892549568202, 9.57594213306853, 0.0, 40.16263582640224, 46.70497956336639, 55.26456365486694, 63.40702933906405, 69.73969706515963, 63.341019508745845, 54.952271002373806, 46.432193346879515, 20.43766702314922, 21.645667550711256, 24.18007689214377, 29.366987595750405, 36.281763193153346, 31.188366013392965, 24.331951246888135, 18.7726471446694, 14.745046481913615, 13.625630832102306, 47.65498094940084, 55.32687466355758, 63.077703694004, 69.06535532412104, 73.39050844641557, 72.55418137596065, 67.7664436639144, 60.845169155412115, 53.828667307484714, 48.60022142713494, 17.578424436097112, 24.87681452165713, 35.417151704729534, 34.98239435299942, 43.92666416405582, 49.825352846551624, 54.311977149164704, 55.36355593023697, 53.02579597402333, 45.531083289546096, 37.61135068956068, 33.743756863427, 61.57009222701234, 55.70924874652684, 55.1195798075686, 60.95024084103109, 62.50136823707374, 67.43533970925115, 76.70335774972337, 79.90566794839032, 78.88040434671451, 76.85534077118574, 72.74193047579924, 69.50525741893834, 62.078950804356595, 59.232895480312365, 63.49497869962142, 66.41104324146619, 73.49198839912464, 69.01913466860525, 66.19462575932444, 63.32741216647423, 57.88940062607087, 55.58939707326882, 63.98256311700529, 72.30649784528931, 86.02073672309652, 96.50308690698306, 108.1685218433083, 105.12247605612794, 117.89193742773904, 114.90422582943924, 112.68371407472564, 104.63390261339443, 100.81435693313695, 94.5573294558229, 95.77369246974064], [41.7345703776812, 50.20398521964161, 57.54325380868859, 64.8899482622128, 57.19091493414482, 49.51535891674754, 40.16263582640224, 0.0, 9.116016338477133, 16.797450002608997, 24.021039570096566, 30.132597316080037, 23.217791218127815, 14.800967978662406, 6.336674901330981, 40.79120743309634, 49.28407488680819, 57.07691217701877, 65.32526522539244, 72.93748807712721, 69.47812352230733, 62.12231069240707, 54.6325152202014, 46.445934264509056, 37.97287190840762, 20.467595787126587, 23.661295431125428, 28.857262954825828, 33.75416090953287, 36.45758760281094, 34.42803500105658, 30.41848675179229, 24.628517999620787, 19.448085054445723, 16.019349894179385, 27.7178390325091, 31.33390173203353, 40.08858698351025, 45.88510948777218, 49.336782734203666, 49.346285415326186, 47.19854937307756, 40.58139416171652, 32.04045499643178, 29.416545555822033, 19.113201051127987, 12.901070494242793, 71.47579584467024, 63.013500617142334, 58.19967062288419, 56.65560606028337, 53.956509377985064, 54.58795012642708, 60.49142425603601, 67.93394828000125, 70.82780679229023, 73.29360253015528, 74.24433185990083, 74.70976327785696, 68.16801496042089, 61.4289171847087, 59.40686492940143, 58.436197000955, 60.5543955245825, 60.72483824670945, 62.37405191299544, 65.45271583335351, 90.51536700533082, 88.83510496008789, 93.94479302215682, 96.72258707419864, 107.34148366738896, 112.51858629489242, 118.1225597387782, 103.33357062199289, 102.49439097874337, 94.29603320778442, 87.65302249772773, 76.4569195557479, 68.55543629690814, 60.66816467068327, 63.40151753502899], [47.44375317291169, 55.86661150484274, 63.46930759116348, 71.49412765960972, 63.71028465054284, 56.111946136519855, 46.70497956336639, 9.116016338477133, 0.0, 8.613456600361378, 16.7848704896538, 25.27843134865599, 18.93246438963045, 11.201802088171705, 6.769923110476073, 44.04752507534581, 52.639513544436596, 60.90731039463827, 69.65441193901594, 77.7151693508131, 74.72260459510906, 67.07718000377609, 59.38302014074222, 50.976804379610485, 42.4594436709911, 14.769984338153984, 15.325645712951184, 19.742941857596627, 24.880359338883416, 28.156072157173735, 26.411701123869268, 21.783331586399655, 15.827457743747827, 11.119221017731096, 9.0412653723428, 33.129141712002514, 37.7948592388571, 46.733080088918356, 54.23915138960772, 57.61493075486476, 56.75134740383699, 53.84412211079079, 47.1671659804878, 38.23751589991298, 34.66791136305769, 24.62771205916591, 16.787229500168692, 80.23461075498369, 71.39569364947764, 66.12871639642839, 63.8710081773731, 60.75641946212448, 61.049133241652434, 66.6071832465444, 74.48599774293697, 77.83309858138928, 80.86130392841956, 82.2599634136367, 83.08108533371578, 76.69419241914551, 69.48328308602397, 66.84275085392196, 65.54764485657861, 67.16201149275315, 67.89698947749831, 70.04154350509862, 73.67405394119348, 94.60709133698559, 95.11563483960161, 101.67265932972498, 105.15077223497427, 116.12839467394211, 121.33668572800578, 126.66736512804647, 111.062237229186, 107.95363985174997, 98.67177113638581, 90.6425899074251, 78.14036719695308, 68.13585093829238, 57.15324216252011, 56.75977507306594], [55.902670800394105, 64.28832107570844, 71.94878507656186, 80.09170459981333, 72.26365454073888, 64.6360078420568, 55.26456365486694, 16.797450002608997, 8.613456600361378, 0.0, 8.608984952329632, 19.051734081142403, 13.242405280027118, 8.703427616293308, 11.884949258813476, 51.559614238826114, 60.29254330692974, 68.7851113176152, 77.73792989421518, 85.93851388436389, 83.08339549311702, 75.3227714299059, 67.51886289448004, 59.028134537328256, 50.50417018673263, 16.971558676216542, 12.976964989578343, 13.901528014744063, 18.179083463157816, 20.79927660804118, 18.469988966939532, 13.717892893290063, 8.838113998548675, 8.475970652687632, 10.961269872236612, 41.185539322497256, 44.96617976848284, 52.83000036386861, 61.00308527860844, 63.57608952073881, 61.71889416778708, 57.79441448372091, 50.41036901208354, 41.121593383717865, 38.561636195301155, 30.17069555883114, 24.120519163681802, 86.13639888447035, 77.05687851221171, 71.28932477563447, 67.88780862824274, 64.15731023938422, 63.66667763414514, 68.37232540236718, 76.762986670036, 80.74735482305849, 84.54715965300758, 86.7517507499226, 88.17330058313988, 82.13198914469038, 74.46086813143927, 70.85376696775218, 68.94841110300237, 69.59441452300834, 71.19500884015311, 74.0770226002394, 78.58501852545527, 102.41588837622389, 103.36224933961003, 109.77397143302233, 112.73554425752073, 123.26551074114079, 127.74110014519555, 132.13933368927027, 114.55524423538958, 108.89585095614066, 98.51891113325851, 89.46588023033067, 76.29427049974433, 64.9377969036895, 52.83271217261541, 51.61098778502593], [64.2137531284909, 72.63643698740059, 80.22531872351344, 88.04109984896394, 80.42652980669772, 72.83022927761486, 63.40702933906405, 24.021039570096566, 16.7848704896538, 8.608984952329632, 0.0, 11.955690424714119, 8.737335421305856, 11.203993740527839, 18.116487058680693, 60.15256015541005, 68.81496915325552, 77.22943398564189, 86.04312087649207, 93.96272103944254, 91.24902129777011, 83.71946537982775, 76.0179562590088, 67.56934540772036, 59.057297814490376, 24.531376258234697, 18.42534147627566, 14.629652735989124, 15.20130029733207, 15.071532413199032, 11.527740357368309, 9.373842588454641, 10.497125838398626, 15.113953340194152, 19.015718325750676, 49.64026372225379, 52.782677014269, 59.729845839745465, 67.45110536417019, 69.17945029960724, 66.84727114789952, 62.18998035919974, 53.7321986675099, 44.181466342091376, 43.92246461644558, 37.05053884480458, 32.43134011630048, 90.93403233644347, 82.09238798181077, 76.14999641740155, 71.79704977896608, 67.51914342393613, 65.98558480008158, 69.19654823317134, 78.1576253944809, 82.83634306162679, 87.31235524283211, 90.363979322437, 92.28033103204285, 86.5885571855518, 78.88712770469665, 74.47687343441773, 71.88860694879313, 71.21571689250428, 73.8174433202932, 77.39333133163596, 82.63979480585188, 109.7392953586389, 110.27514271359377, 116.02751405093, 118.16845067524483, 128.17050871801257, 131.79323839131092, 135.11019348865364, 116.23782822099433, 107.27785534005, 95.87011051689014, 85.67481210782738, 71.80432528922022, 59.268461140385966, 46.63942617734747, 46.22770836627728], [71.18322934433263, 79.66891280413768, 86.90457034726643, 93.5594424330584, 86.62779509117614, 79.21096770595243, 69.73969706515963, 30.132597316080037, 25.27843134865599, 19.051734081142403, 11.955690424714119, 0.0, 8.818454755051414, 16.573041167381138, 23.8369438256081, 69.26201343960366, 77.59154394929033, 85.4556432993491, 93.55163686816894, 100.46576230221376, 97.8513520474432, 91.142574523227, 83.90240948290132, 75.72833203365414, 67.29519007850274, 35.91559516592715, 30.18848097738442, 25.204980739519105, 22.493832720535487, 18.514470552853673, 14.911244371460183, 18.427723435400065, 22.31223156876983, 26.76380854967784, 30.009353623853897, 57.58925505804522, 60.07703924095258, 66.1059729519921, 71.53320711587409, 72.19307394203415, 70.20973475332042, 65.26866969529897, 55.01430646794899, 45.28000292769074, 49.50602149170651, 44.037530656283785, 40.94049620766497, 91.68730641653102, 83.9696669145787, 78.4200549263083, 73.41574941102287, 68.70096397632237, 65.64370624646631, 66.16533210454875, 75.83845639380058, 81.31267927318382, 86.27545538789356, 90.26232595170266, 92.4969180210417, 87.19753794281968, 80.24355293893501, 75.29206615337543, 71.87198533503604, 69.21949615815456, 73.07933337770011, 77.28242625501974, 83.0484687223506, 115.10958913758573, 113.48832875591098, 117.37395378216758, 117.92406330814735, 127.06677064075211, 129.49141078945317, 131.3744609020597, 112.45296813852586, 98.92386223288364, 86.6764500011741, 75.2050590373851, 60.56431087330625, 47.429269117874085, 36.506971596445325, 42.262090632401936], [64.88850213233286, 73.36960062544533, 80.71742104022701, 87.77105699914483, 80.33590132504071, 72.68800377677782, 63.341019508745845, 23.217791218127815, 18.93246438963045, 13.242405280027118, 8.737335421305856, 8.818454755051414, 0.0, 8.642593802775938, 16.948763162600418, 62.5797881240007, 71.34661796449507, 79.49367077443401, 87.93245559726677, 95.3851009308111, 92.3200188751604, 85.09749058668503, 77.54129933341905, 69.20527511536595, 60.63887653286678, 29.745396993573628, 25.460259435286083, 23.23475227666708, 23.54155795120514, 21.97615717624578, 17.999045795999578, 17.842092382993258, 18.374507161680558, 21.06158275986233, 23.632591308408482, 50.35176305709009, 51.91201538870778, 57.574257256746705, 63.7598861681711, 64.53643326187371, 62.20516302243471, 57.270271961816434, 47.664736489238344, 37.95493474394563, 40.83078089932371, 35.47401144892341, 33.287377983495475, 85.10048279313996, 76.71334551940285, 70.87289138709698, 66.00902171683458, 61.45158283905563, 59.12122102372989, 61.25684737911113, 70.4938071664064, 75.49983223923786, 80.22725562080242, 83.78041227394134, 85.95804223300023, 80.5392807239259, 73.0825957901531, 68.25989239643494, 65.21314849027775, 63.65401430876449, 66.81045445332123, 70.7371809805987, 76.36760328243915, 111.43299257541943, 109.62205027858714, 113.35840691448276, 113.97044772521681, 122.96724836249832, 125.63048126489416, 128.10108277975183, 108.25856728557967, 98.66607916483606, 87.30454188097241, 77.59405814027213, 64.52265119772339, 53.40974931530445, 44.82883802510846, 49.85190848986813], [56.44263968751012, 64.90945621286744, 72.31375605155952, 79.63775392452239, 71.9805581780759, 64.2695616938882, 54.952271002373806, 14.800967978662406, 11.201802088171705, 8.703427616293308, 11.203993740527839, 16.573041167381138, 8.642593802775938, 0.0, 8.687509415729343, 54.10684459813348, 62.941331513439174, 71.12238767997624, 79.65549189297329, 87.34761952142783, 84.10494001096929, 76.6739843267554, 69.02776904780684, 60.663833446395934, 52.07910631242662, 23.3080498152963, 21.21311112730358, 22.203135620981488, 25.07205075514189, 25.77315029315978, 22.53522678543265, 19.82741983281448, 16.70834422695759, 16.13052841544309, 17.033561417850613, 41.7107575176151, 43.612560500180514, 50.08300315799045, 56.65190648688572, 58.2543296870239, 56.40339272927099, 52.18706213196047, 43.577053788829346, 33.96040008843497, 34.58414396648679, 27.71179628070158, 24.715415757484518, 79.79397447904302, 71.10761350687412, 65.40831573298634, 61.50542425787359, 57.49489598370148, 56.28364893392183, 60.12088347056744, 68.7608183781205, 73.02466075164276, 77.04110324016133, 79.7058188834363, 81.37337562761724, 75.55648138705477, 68.0811755640126, 64.07378537893169, 61.740002705184274, 61.63024236520959, 63.696383537359964, 66.89626843014078, 71.778097352636, 104.12327455779334, 102.56921423554935, 106.86368133281157, 108.24744629373487, 117.7736917561208, 121.30523279826932, 124.9030571414719, 106.35006317429671, 100.3490024119722, 90.11985015196234, 81.67204804838492, 69.37967394182749, 59.50836899101908, 51.0776692266681, 54.70771720198985], [47.94736002670949, 56.42884142427236, 63.770659518952755, 71.0058431404972, 63.44892456845654, 55.81435514691977, 46.432193346879515, 6.336674901330981, 6.769923110476073, 11.884949258813476, 18.116487058680693, 23.8369438256081, 16.948763162600418, 8.687509415729343, 0.0, 46.52174482451941, 55.063024657637875, 62.95725351099021, 71.24502818199467, 78.76342477278178, 75.49573111143584, 68.23393775290543, 60.755358691337, 52.52793339539204, 44.02868893227989, 20.84700280064427, 21.624468494712303, 25.083041651678712, 29.142454779829666, 31.11250155157483, 28.75459116778639, 25.310463335202243, 20.473101708074456, 16.869406710429416, 15.116402996451805, 33.87640811173798, 36.98683862167839, 44.86418936773392, 50.78989177884833, 53.44883225749578, 52.78776936140076, 49.77360089695743, 42.06264346548526, 32.84082235804709, 31.9689226993787, 22.977448033492536, 17.96750434407322, 75.20250037540966, 66.77292696054877, 61.649864717151765, 59.12171768867039, 55.84010375695479, 55.590157813419886, 60.436334763294056, 68.50005030858317, 72.03160517527748, 75.1501708735242, 76.8569382611367, 77.79918184327045, 71.53026629555266, 64.58228135826505, 61.73333194638685, 60.134118479724066, 61.1789660002971, 62.22741639620955, 64.55281129285639, 68.38788614621494, 95.72718474001557, 94.12149216187701, 98.94928373729482, 101.17768165803365, 111.43701744729634, 115.9566264997905, 120.70970770759529, 104.68639979484512, 101.24665526562421, 92.15244356649778, 84.56903610684107, 72.6946166187174, 63.842523120262214, 55.45118509283175, 58.54480937296042], [16.35497592108093, 20.176695763150637, 27.527741741112177, 39.35454770916342, 30.210716797806384, 24.433703987826405, 20.43766702314922, 40.79120743309634, 44.04752507534581, 51.559614238826114, 60.15256015541005, 69.26201343960366, 62.5797881240007, 54.10684459813348, 46.52174482451941, 0.0, 10.212139964033446, 19.781740132541774, 30.456806972464022, 41.86909516483496, 37.88687956991362, 27.457997419750804, 18.61140806496502, 10.472445378432393, 7.041557313244992, 38.58918324311071, 46.90587838556213, 55.637832336376704, 62.68107243507556, 68.37095152877245, 68.0526226272586, 61.981368544318876, 54.39311787067719, 47.12149322362165, 42.064477187407086, 15.944388200769732, 26.363051736038944, 38.45923914411606, 46.264331800514434, 54.9513320097397, 57.58254538346475, 60.31671799258771, 62.389673805277816, 59.09261821069383, 46.510540863904055, 37.20219905487994, 30.38924865511545, 76.67723335389772, 68.25005706495992, 65.56317588827046, 69.71842559258914, 70.54286274237968, 75.95663355971536, 86.77955883773386, 90.5112954757186, 89.94334427688908, 89.02937892416334, 85.51140602805515, 83.29082623652414, 76.11647333554272, 70.79516859960455, 73.52945033498696, 76.23977939573295, 83.79350528108831, 79.63360214879401, 77.6716934986705, 76.25168724870733, 63.8662926701466, 69.92711991849623, 82.4542308703545, 92.33746940627546, 106.13951838441302, 116.51758858338663, 127.82846926611603, 120.65234193771651, 132.5242489875284, 127.79563974505248, 124.10715849984288, 114.43948880728135, 107.77789106945296, 97.42796752820277, 93.13478555367907], [16.290841668183692, 15.979698120797774, 21.658025619136772, 33.54187610495449, 25.736939053551644, 22.477979444468158, 21.645667550711256, 49.28407488680819, 52.639513544436596, 60.29254330692974, 68.81496915325552, 77.59154394929033, 71.34661796449507, 62.941331513439174, 55.063024657637875, 10.212139964033446, 0.0, 9.833072654351481, 20.800046157598256, 32.698761071387196, 29.230080839614125, 18.89913937033607, 11.164608042589133, 7.511882834002205, 12.670045559431783, 47.621152083912555, 55.5448540730893, 63.80822095885133, 70.46899189294962, 76.18800077646803, 76.22330894768336, 70.42249697869394, 63.13751376022496, 56.054947392831316, 51.089378470627864, 24.544033486108066, 34.67274362557087, 46.0752730113909, 51.735109764783395, 60.89098407854928, 64.65628154052118, 68.27192189327577, 70.6901247667198, 67.76033744541921, 55.91644296650718, 46.821422948848884, 39.870994913054886, 80.58712269602063, 73.28198330889826, 71.61025474241876, 76.84149427544497, 78.18795301092656, 83.80727444760794, 94.432966058622, 97.79657519550707, 96.81425050094344, 95.21652462064849, 91.00085409581088, 88.08573473351849, 80.8651049026308, 76.66535717927697, 80.36513473849257, 83.45729072264731, 91.23033529051901, 86.68910207441917, 84.15035590734765, 81.77117160391714, 54.760242118875425, 63.07649681802614, 77.94043616878753, 89.90299711628062, 104.78981411786071, 116.55156340241315, 129.12925812451468, 125.51359554110037, 138.36149764752494, 134.3316970790994, 130.79335446138285, 121.07130881953749, 114.6047789509388, 103.76848485376374, 98.8203647861866], [19.077794957800997, 14.485325066600991, 16.553537329041852, 27.286802485136842, 21.699964828859493, 21.735459042812185, 24.18007689214377, 57.07691217701877, 60.90731039463827, 68.7851113176152, 77.22943398564189, 85.4556432993491, 79.49367077443401, 71.12238767997624, 62.95725351099021, 19.781740132541774, 9.833072654351481, 0.0, 11.061154803997507, 23.325012247657664, 20.163330946109923, 10.516895081084341, 7.513718022619494, 12.464429618411183, 20.320448097953694, 56.85622009664355, 64.5548694258608, 72.4676591138488, 78.779492374266, 84.3417997905191, 84.52355125482359, 79.0377620404975, 71.9871505020118, 65.008242350231, 60.042166616819124, 32.41808737917993, 41.85280627197352, 52.448315828404716, 55.73955894540646, 65.12156308542427, 70.01157243847913, 74.47917571159076, 77.16566932823851, 74.71482987229192, 63.8335176923265, 55.11717344002602, 48.527687336137845, 82.45834659457483, 76.41954768214362, 75.80667360273273, 82.05279807376183, 83.91281518201757, 89.67277932337439, 100.0090082849236, 102.93061716437488, 101.51620944115832, 99.21629486286213, 94.34473251920643, 90.75643586879391, 83.56366658789784, 80.57564253568259, 85.20875496347868, 88.64751187233598, 96.57703851136928, 91.66596077330968, 88.55467845871472, 85.22987270650239, 45.92581314894339, 55.35820295579459, 71.92663099356635, 85.60898804800055, 101.30879785816019, 114.27219578885331, 127.98972195703507, 127.90262692244463, 141.9236597872819, 138.76082087090285, 135.6491016670339, 126.2156417374889, 120.36446521448775, 109.8266136091519, 105.19941386573613], [25.296539877002825, 18.49621266392777, 15.542418080280077, 21.844956041990677, 20.678293047603567, 24.504947756879247, 29.366987595750405, 65.32526522539244, 69.65441193901594, 77.73792989421518, 86.04312087649207, 93.55163686816894, 87.93245559726677, 79.65549189297329, 71.24502818199467, 30.456806972464022, 20.800046157598256, 11.061154803997507, 0.0, 12.600585488421755, 10.3404947166535, 7.208833789370165, 14.034677443698591, 21.735248128727196, 29.734625346883572, 66.81672709259088, 74.25819287315761, 81.76384581067964, 87.65762171872596, 92.96135605084368, 93.25494113572837, 88.17147572321818, 81.40778172473291, 74.56235549543005, 69.60394883086009, 41.40286272132121, 50.2455494514087, 60.07482639436649, 60.779195807863985, 70.14599826909277, 76.18631063911607, 81.41337410133544, 84.10326590172258, 82.05757189021469, 72.47668590268619, 64.08799036243727, 57.82165025982819, 84.62799010830696, 80.15163766934576, 80.68612462523234, 87.84782469024368, 90.15753825461559, 95.88928053537667, 105.67270196760383, 108.19442920493628, 106.40658408337276, 103.41266730022231, 97.96840907010375, 93.70242321273548, 86.60149210163986, 85.01230501931595, 90.52332103479866, 94.21014023020379, 102.09107744258145, 96.92346248957594, 93.28970992486073, 89.04423455879781, 35.986050106316036, 46.17017609519957, 64.65454396047218, 80.23340423535356, 96.80598653931456, 111.03180186784299, 125.89180210388113, 129.943406420178, 144.81759393865704, 142.60955119080288, 139.9358150163406, 130.85968891417474, 125.76776783373369, 115.7653511851509, 111.8303892964729], [33.40630925190188, 26.636362306088174, 21.231590150331606, 20.02211366570688, 24.67840075269309, 30.749106809213405, 36.281763193153346, 72.93748807712721, 77.7151693508131, 85.93851388436389, 93.96272103944254, 100.46576230221376, 95.3851009308111, 87.34761952142783, 78.76342477278178, 41.86909516483496, 32.698761071387196, 23.325012247657664, 12.600585488421755, 0.0, 7.191693080605845, 16.72076532747099, 25.102535640789377, 32.62638613703709, 39.990260602453866, 76.51308393798111, 83.5244122285764, 90.41534388597528, 95.70315179720272, 100.58781516166125, 101.00125613973354, 96.50774749447521, 90.19476396856135, 83.6017657928708, 78.71393548789395, 50.847924398923276, 59.489646781457274, 68.86683961126937, 66.86549342790308, 75.94029854199496, 83.12767184852247, 88.8847935882406, 91.01218679007611, 89.10641078404484, 81.3799650356125, 73.10895782463409, 66.93815950406645, 87.25152586012669, 84.63351078273652, 86.31065130557184, 94.11073107767177, 96.6785692064232, 102.04489138507094, 110.79250492792073, 113.13313143788164, 111.18183375385124, 107.62631027963222, 101.87322847649618, 97.00940410358288, 90.0320136709099, 89.98409689285504, 96.16060966901804, 99.86073374912237, 107.26990985757955, 102.12931038501983, 98.15142645700618, 93.16730535437723, 24.729291082710827, 34.78261822964754, 55.7784701321162, 73.44635245338937, 91.09661674477456, 106.555746419167, 122.37798197263602, 131.2970628506005, 145.8995081288491, 144.6073502415714, 142.16665744669547, 133.36355151919287, 129.07404957963504, 119.73538458747025, 116.87655643956822], [28.655059661641978, 21.111760117457308, 14.764801703507773, 14.381246524680748, 18.062299963389187, 24.59484868908313, 31.188366013392965, 69.47812352230733, 74.72260459510906, 83.08339549311702, 91.24902129777011, 97.8513520474432, 92.3200188751604, 84.10494001096929, 75.49573111143584, 37.88687956991362, 29.230080839614125, 20.163330946109923, 10.3404947166535, 7.191693080605845, 0.0, 11.2830360919491, 20.037926234386557, 27.98302543290993, 35.6112266776084, 73.54921893047322, 80.95084175681806, 88.27885771781796, 93.9049853629447, 98.78273001063909, 98.88988617475643, 94.18256214336203, 87.56687116060147, 80.74025662672115, 75.69590530518755, 46.18149518902316, 53.76808920073726, 62.51325637332865, 60.36525382679603, 69.47493772154216, 76.62008883924678, 82.57032194653799, 85.2470388145988, 83.82447930810116, 75.83720800597615, 68.17134191475532, 62.93061852253144, 80.97791683614928, 78.05702000763456, 79.70851289676622, 87.67201798569171, 90.41568741320218, 96.0565769593015, 105.22785086835896, 107.23499833299567, 105.06055684389511, 101.40532156090119, 95.4898876831816, 90.645615464754, 83.70666589611636, 83.49558719466319, 89.79595095097031, 93.68630081057243, 101.46862963239019, 96.05375585967244, 91.92690735810744, 86.84125194503595, 31.490735659440844, 36.889078583271186, 54.923898308397966, 71.17499977265999, 88.02596853088686, 102.94874426421957, 118.53849742069606, 125.73631283817888, 141.79849063575307, 140.67593948855168, 138.8758639298658, 130.70410193408867, 126.9471510130359, 118.65652346164417, 116.77162578210839], [20.797485980012606, 12.922419914020553, 9.286553545456679, 17.957441657211252, 14.459665551411174, 18.232468173388977, 24.331951246888135, 62.12231069240707, 67.07718000377609, 75.3227714299059, 83.71946537982775, 91.142574523227, 85.09749058668503, 76.6739843267554, 68.23393775290543, 27.457997419750804, 18.89913937033607, 10.516895081084341, 7.208833789370165, 16.72076532747099, 11.2830360919491, 0.0, 9.093859843537558, 17.64110525423319, 25.930257620784676, 64.60962412406977, 72.42232573616731, 80.314465815568, 86.47780986904992, 91.66602348723373, 91.60742079741615, 86.39745195908039, 79.37509667192764, 72.3152145915727, 67.19412206138396, 37.060211447735334, 44.595191137004335, 53.71355003441825, 54.034765548335905, 63.41091046762039, 69.49759087693158, 74.96636182335394, 78.15160186182761, 76.63832367935015, 67.01872154228559, 59.336057520624315, 54.219719577593146, 77.92307849928744, 73.24579241403346, 73.81137473037329, 81.16412829994202, 83.66343276889498, 89.62606976316862, 99.7236848002796, 101.89640921940975, 99.88492752424409, 96.76478727264643, 91.17184792976148, 86.91032825002524, 79.85969149984868, 78.19476009428769, 83.85568603261133, 87.71972995877474, 95.91522392998284, 90.48827759669433, 86.69270903721613, 82.3206518393036, 41.2827405300049, 47.212823090311694, 62.969920755619974, 77.09765888871024, 92.84111611729217, 106.49056011207485, 121.06906543796136, 123.695070293057, 139.91348972815504, 137.9679419439016, 135.99606676009162, 127.65094426441965, 123.26811062037778, 114.59250524175043, 112.02541555893845], [14.413243820352033, 8.341439093381068, 11.166310549576657, 23.168211192823946, 15.63563840677732, 14.925519211011487, 18.7726471446694, 54.6325152202014, 59.38302014074222, 67.51886289448004, 76.0179562590088, 83.90240948290132, 77.54129933341905, 69.02776904780684, 60.755358691337, 18.61140806496502, 11.164608042589133, 7.513718022619494, 14.034677443698591, 25.102535640789377, 20.037926234386557, 9.093859843537558, 0.0, 8.788652353123599, 17.359121163002722, 56.25122408462324, 64.30221001715331, 72.52916460287521, 79.01126345937031, 84.32299392923436, 84.1051283546075, 78.61405855108517, 71.35828148487276, 64.17278977502937, 59.013296170785495, 28.71310041588724, 36.557332709175306, 46.37037215618044, 48.731995331742716, 58.149392002909316, 63.33634532187071, 68.20495807029002, 71.34531640511355, 69.5280623515874, 58.95392161292919, 51.06218115928152, 45.919185032120254, 75.1284071056455, 69.13241407846701, 68.73014283885931, 75.32113421457557, 77.44405269536519, 83.41146228727756, 93.934253814649, 96.44532003145532, 94.75548063062156, 92.21788694214196, 87.13265258232036, 83.45098541376522, 76.30511413693944, 73.46720531574077, 78.39077178343702, 82.03547593142443, 90.2499992292332, 85.04277604466209, 81.68550896459438, 78.09639873164805, 49.089343353839865, 54.43204372359138, 68.47336044714984, 80.83327532238937, 95.76847572753432, 108.25385493816411, 121.78066534172274, 120.90768788879845, 136.34739078168732, 133.6421000304722, 131.3650390472592, 122.81073522208095, 117.93945557756004, 109.0909754363638, 106.33184678712729], [9.80440185430162, 10.086219798468647, 17.085664117505583, 29.042204459450417, 20.108500478162384, 15.520091929851121, 14.745046481913615, 46.445934264509056, 50.976804379610485, 59.028134537328256, 67.56934540772036, 75.72833203365414, 69.20527511536595, 60.663833446395934, 52.52793339539204, 10.472445378432393, 7.511882834002205, 12.464429618411183, 21.735248128727196, 32.62638613703709, 27.98302543290993, 17.64110525423319, 8.788652353123599, 0.0, 8.672002173039626, 47.59901416261297, 55.75604673191027, 64.14705876441616, 70.7952898106693, 76.12907556422478, 75.78465161796397, 70.15628988443795, 62.78730023419348, 55.54419812748405, 50.36378497028576, 20.35922897984256, 29.445580261875605, 40.51208507789718, 44.740961701002504, 53.9809293206784, 58.311074329889394, 62.371262258091846, 64.89347153691409, 62.45042183271621, 51.39743278041651, 42.90350265468357, 37.29732681141706, 73.16682882476607, 66.12881793182251, 64.77672972632477, 70.37911986735564, 71.94787875653336, 77.6228863826159, 88.17475830374823, 91.25284569051905, 90.07361231900047, 88.22764383398123, 83.85747046010843, 80.79883092515716, 73.55742728607196, 69.68563219539753, 73.70252102244417, 76.92208926810366, 84.7971365650218, 80.05398207755502, 77.28713826801551, 74.6249421949213, 55.67818933970711, 60.29982643034104, 72.99406755542726, 83.80359612919058, 98.14027225404395, 109.51199849164324, 121.9118021531984, 118.16340430184985, 131.90203552209906, 128.36029056575742, 125.54410489661166, 116.61237784180211, 111.18351548808933, 102.09372866083277, 99.3024112298265], [10.12896769745629, 15.930149979588043, 23.829311054642723, 34.92082116790591, 25.67516663038721, 19.02934532076303, 13.625630832102306, 37.97287190840762, 42.4594436709911, 50.50417018673263, 59.057297814490376, 67.29519007850274, 60.63887653286678, 52.07910631242662, 44.02868893227989, 7.041557313244992, 12.670045559431783, 20.320448097953694, 29.734625346883572, 39.990260602453866, 35.6112266776084, 25.930257620784676, 17.359121163002722, 8.672002173039626, 0.0, 39.400025753804954, 47.60857641109196, 56.080062976910746, 62.805654914698536, 68.03311982896453, 67.50739706648451, 61.84888167706624, 54.42061108860236, 47.13501632012425, 41.908693506611264, 12.140462237676664, 23.25529872354914, 35.699136678141265, 41.35903349646595, 50.15657461887022, 53.69590415305869, 56.85076966887344, 58.39476341459946, 55.19309853540167, 44.13345124844375, 34.85594912958538, 28.640969924317055, 71.09251192767246, 63.285693621946805, 61.07780882551719, 65.58937202437762, 66.52797713513685, 71.72047723343438, 82.03585746893364, 85.75121125204917, 85.1531746743619, 84.01638519622183, 80.45027576857781, 78.01428651368337, 70.72377036794951, 65.9930060604852, 69.04335434580157, 71.7275081018199, 79.04891525245361, 74.89106759119069, 72.7729973532105, 71.07405027017522, 62.04243148708447, 65.4381366898331, 76.6233882734204, 85.84261309936905, 99.54902678645902, 109.78847442025913, 121.01647465118138, 114.76441890357724, 126.503709054398, 122.17359677912665, 118.81959860335895, 109.55711080962335, 103.69665890185004, 94.61574965512577, 92.23144354752868], [46.972676085493404, 54.740231492272706, 62.69219740802408, 72.52439055020089, 63.86921306656506, 56.328314976475866, 47.65498094940084, 20.467595787126587, 14.769984338153984, 16.971558676216542, 24.531376258234697, 35.91559516592715, 29.745396993573628, 23.3080498152963, 20.84700280064427, 38.58918324311071, 47.621152083912555, 56.85622009664355, 66.81672709259088, 76.51308393798111, 73.54921893047322, 64.60962412406977, 56.25122408462324, 47.59901416261297, 39.400025753804954, 0.0, 8.900658056049618, 18.548614380690783, 26.500919282317525, 32.24128012352575, 31.3937186885749, 24.436473628784594, 16.45159355643109, 9.527137723991661, 6.31975410163362, 31.72417296327507, 37.23680691282772, 46.81920438766273, 58.033953356712644, 62.465315823906714, 60.65159004404908, 57.91914718432044, 54.08974761608264, 46.39749082473077, 37.040621565560436, 26.77760773273255, 17.35479372411842, 87.02427520476391, 76.90911080792695, 71.110