{
	"dissimilarities": [[0.0, 8.496821942147374, 16.32477151083941, 26.708874378369057, 18.293749155538624, 12.072055642365882, 7.895944180130266, 42.90309248961451, 47.36682743448213, 55.734911885323726, 64.12724249723486, 71.3415922942779, 65.16594593674405, 56.694412367962514, 48.26597768032288, 15.269538937963906, 14.930807096480281, 18.13466592500852, 24.763550723092372, 32.91308459173551, 29.047503098508553, 20.90669496423069, 13.342619203284789, 7.697041089727596, 9.866808887466552, 46.43333168153089, 54.425617375823904, 62.44177047103173, 68.63895630468134, 73.61738740377643, 72.82926084396438, 67.67504857095284, 60.51571574443488, 53.418006770454944, 48.24041179940783, 17.41928128905854, 28.057742736261336, 37.469475422173474, 40.736919070659006, 49.296355623270436, 55.295054092701896, 59.196456434197394, 60.58472509363822, 57.96497011678342, 48.43631882357247, 39.991027061950284, 35.233407416314776, 67.75118971184844, 61.66243805801608, 61.40302180628851, 66.91562873348283, 69.24864631518408, 73.43832290135751, 82.84775876626665, 84.71199050271869, 83.76481618395373, 81.88600158687383, 77.75837641127117, 74.52732893453417, 68.19871932944203, 65.03446096275174, 69.05895201751584, 71.40560664334816, 79.61799119758821, 74.7533402409534, 72.06043970005443, 68.30841452681788, 55.155259720175316, 59.4721994960917, 67.40394708222674, 75.2919116512574, 91.60144238075492, 99.69943203274946, 109.85630778085223, 109.87887233539648, 123.91463097061144, 120.29855557194493, 118.46218092232337, 109.18708170335685, 106.03017156683624, 98.70422745347479, 95.7430547246636], [8.496821942147374, 0.0, 8.26875067658186, 20.259804084590304, 12.280375740460507, 9.621797890286043, 12.871818836353938, 51.37481663817591, 55.839954791755865, 64.18875478239114, 72.59178773585113, 79.79178729482622, 73.64765652183853, 65.17669329368265, 56.73697008178894, 19.584773051778082, 14.921106227484977, 13.417005970615797, 17.723547731445752, 25.806142573512844, 21.40480154230506, 13.03028244067917, 6.6647922567477655, 8.47818264275393, 15.989242867782828, 54.394871233356014, 62.45176934095778, 70.51578059095542, 76.73340437147276, 81.7880606566182, 81.14805350705353, 75.96147557492006, 68.78627060053766, 61.663056872907475, 56.48368854836507, 25.27717131013987, 34.22446930405267, 42.20328337795685, 44.32234955171195, 52.967763170775356, 59.69836369336942, 64.42295994957026, 66.83516600781128, 65.01383038188972, 55.259644245871925, 47.75851713161028, 43.546435819322305, 69.47901428556649, 64.31818075913613, 64.73818200084715, 71.26617998257689, 74.1678242463972, 78.88836484427539, 88.67178870819373, 89.81321702262856, 88.2577915687934, 85.67157774481669, 80.73861297251219, 76.90246422640101, 70.68338462448196, 68.3725316407263, 73.31710749402924, 76.22178704031433, 85.04693165416606, 79.518620588864, 76.19068489228246, 71.52917837850873, 49.444567433424176, 54.427931039930776, 63.58988593019325, 72.9076813981, 89.83157665038853, 99.12750916073333, 110.4671721287587, 112.88331527805792, 129.01915648815978, 126.2533050506425, 125.03178280305681, 116.3269907968673, 113.6069759211353, 106.4309161335682, 103.29964614813298], [16.32477151083941, 8.26875067658186, 0.0, 12.949781801570596, 7.5670148146968765, 11.514439443986756, 18.51353935844902, 58.68557033522647, 63.48336818505359, 71.87476412018312, 80.18698169205707, 86.97570708930708, 80.96306175693161, 72.55937126566455, 64.02897181503687, 27.403714636537398, 21.177180015548007, 15.814020708127362, 14.474385571017823, 19.788327924087298, 14.685226071881292, 9.224746903166558, 9.781595442114234, 16.22803247875629, 24.230710816463166, 62.544913449838994, 70.50991210311754, 78.41276400147437, 84.4367419635922, 89.32482048880716, 88.75105847011092, 83.75231740884833, 76.70704806728368, 69.66510883349197, 64.51307819845718, 33.17471631718063, 41.04164890726836, 47.67323748736073, 47.878016031878424, 56.24475138005513, 63.99115718237107, 69.39046211700688, 72.16797790266334, 70.92047461039053, 61.97426845072865, 55.090257689118914, 51.42278526408998, 70.15206590625311, 66.38103235974545, 67.62281009336238, 75.03875762277703, 78.38426213141277, 83.30575239432387, 92.96875024325081, 93.55614329455351, 91.54192003434189, 88.28497174262803, 82.7131060540148, 78.22228449523145, 72.13184443286467, 71.03410354247639, 76.81872229661114, 80.18315081204084, 89.08797917648141, 83.15616641297717, 79.28112788014703, 73.74732786430995, 43.89295315863606, 47.78707344619539, 57.549330237432144, 68.07097647302572, 85.62589026685218, 96.14041773181177, 108.56963545223033, 114.05579468403674, 131.46527722776221, 129.63830675695968, 128.96663624867367, 120.93875418776472, 118.85330224063871, 112.2451893246558, 109.76595575540995], [26.708874378369057, 20.259804084590304, 12.949781801570596, 0.0, 10.248115934334322, 18.18733946082398, 25.749549679326705, 65.8922964141318, 71.57113711978366, 80.00488945665445, 87.97068981363813, 93.55535854559552, 87.83742947485342, 79.7040021783171, 71.0851687627632, 39.814700373705925, 33.925194462932545, 27.748929182002215, 22.196003813088655, 19.823901209646955, 15.470780176954586, 18.79129774636542, 22.634201772997493, 28.675110752700643, 35.89913760763406, 72.65578442483447, 80.29627517994028, 87.71593722056187, 93.19736523171086, 97.48803919058842, 96.80793180426694, 92.38567495839256, 85.7284114415795, 78.96439282189417, 73.91379817107824, 42.882981180822, 49.491919315941686, 54.341911813180936, 50.96495777952075, 58.35726669985434, 67.83129182909002, 73.89134554085953, 76.23646934563716, 75.55908406409885, 69.20710541428542, 62.979690380449306, 60.339502784332446, 67.70513390315071, 66.52306371877297, 69.05967145515481, 77.41207078311936, 81.14685547633863, 85.82150722936271, 94.53250109989415, 94.59083454274557, 92.19189378718154, 88.1110181312465, 81.99324301163756, 76.58500862727409, 70.7136441715158, 71.79974895724821, 78.54286098462535, 82.35776786295769, 90.51976574652815, 84.4569913112315, 79.99827726726524, 73.38858982259296, 39.75314472507485, 36.796748228773374, 44.88595196726536, 56.29389240331038, 74.69232141739313, 86.71863778233401, 100.34781341942495, 110.84192755013137, 128.67913516898992, 128.3040693232528, 128.4105622481393, 121.65672343533595, 120.9085857154106, 116.04499152069344, 115.96757201246903], [18.293749155538624, 12.280375740460507, 7.5670148146968765, 10.248115934334322, 0.0, 8.343402375157874, 17.13883415314084, 58.2149035940033, 63.84854554069119, 72.32867032624837, 80.47819534016217, 86.59388588187326, 80.34792915417411, 72.00501125803812, 63.47582508402847, 31.4380671424596, 26.907843386861458, 23.01112917594291, 21.722127315454603, 24.765925541865364, 19.545204258182775, 16.53703759202775, 16.235007446662717, 20.54732251925581, 27.149656272916662, 64.35203160176903, 72.3108222153648, 80.17638919662075, 86.10149088237964, 90.67133033590943, 89.6964566017202, 84.91329926030467, 77.91957584561547, 70.91116110684749, 65.73673236566947, 33.592774732388705, 39.553371010409165, 44.67404708821168, 42.79387852314494, 50.776299039076896, 59.376893550235, 65.20289104644172, 68.04440733185788, 67.42677122809036, 59.72097399254393, 53.78033589425337, 51.58640948992534, 63.1779998385487, 60.15780741058465, 61.898806286285826, 69.7773942441311, 73.36212593789664, 78.3059128929264, 87.8032768435698, 87.97311222980599, 85.69605806143136, 82.07872928065257, 76.26630205303218, 71.48415891555918, 65.44431368978994, 65.06759134884956, 71.29402293511268, 74.91377913059762, 83.73325379464931, 77.57484751505484, 73.39322671206777, 67.41260854270082, 47.53551480251415, 46.677003782190795, 52.83852479535482, 62.01819147443243, 78.7571268405054, 88.81863981841371, 101.18080027218505, 107.06843042855651, 125.518220638836, 124.33136691977731, 124.51019962364998, 117.51137515645087, 116.50968960452538, 111.69470297873777, 111.23990943678685], [12.072055642365882, 9.621797890286043, 11.514439443986756, 18.18733946082398, 8.343402375157874, 0.0, 9.5695418422623, 50.52832135271586, 56.20675569727533, 64.68533381963093, 72.87444010183054, 79.18323165991065, 72.66009270688997, 64.24049646576911, 55.792049102008285, 25.738886432966243, 23.545811305564687, 22.847082551465448, 25.332264259092142, 30.85940230926726, 25.881393473308854, 20.00765617806706, 15.617532818575855, 16.026592502013298, 20.64710906641123, 56.77741827153618, 64.82426005751913, 72.84893338501402, 78.94821150161765, 83.57673352486273, 82.36549349504855, 77.45506495889371, 70.33502815405409, 63.25105286786276, 58.040088427604815, 25.525681864253514, 31.386631852198377, 37.264202195830386, 36.68906136275233, 45.0291627947114, 52.87638936449493, 58.202637747014485, 60.78834230320225, 59.844955193414464, 51.60749530479659, 45.475188878502806, 43.504424594417344, 60.14657534426187, 55.67262028636351, 56.63877076272163, 63.764649645492746, 66.98987991328373, 71.80336660164578, 81.50702034096834, 82.1023077267618, 80.20236395850884, 77.18309910660459, 71.9566135698757, 67.81126605370767, 61.61072056688824, 60.0310113529374, 65.52289583876616, 68.76386782861242, 77.60166234399784, 71.72805723357847, 68.00793949401991, 62.81770160902671, 53.8152532209345, 53.52343966974936, 58.44171890587494, 65.92289315161007, 81.61342268528902, 90.123697827277, 101.23095334514124, 103.6930127222666, 121.28766708227353, 119.29316764318045, 119.21046209216682, 111.84809898784818, 110.56039898063146, 105.79342550983854, 105.35664039174252], [7.895944180130266, 12.871818836353938, 18.51353935844902, 25.749549679326705, 17.13883415314084, 9.5695418422623, 0.0, 41.13072977952548, 46.803388194851514, 55.28911803998611, 63.42957146800029, 69.69816745304735, 63.31225977214304, 54.92031908027487, 46.41171718718768, 21.857061038738145, 22.704195240995155, 25.14829465417884, 30.037053521146444, 36.37298409311906, 32.149088354895305, 25.589514826685008, 19.218031970846464, 15.143441965415722, 15.702590851404237, 48.12405273615169, 55.93269441595429, 63.72530690230936, 69.65915067727465, 74.14806936655303, 72.89934900464047, 68.11347664231626, 61.12571831889351, 54.17062326718042, 49.026575446049776, 17.709201048062955, 25.845761328582043, 33.8186157538434, 34.71758442231586, 42.963181292336984, 49.962497207008184, 54.17398381573344, 55.177352250887864, 52.9755421157497, 45.258373623018336, 37.59515786137849, 34.69629119162623, 60.527487137908224, 55.00773358323047, 55.12622687575895, 60.91567695560022, 63.36208758064678, 67.38606241774686, 76.44651195554759, 78.11756996729777, 77.08169383038737, 74.99015193219856, 70.83634414726131, 67.42073215557053, 61.05014009986435, 58.4776638218399, 62.7639669011814, 65.2475751014153, 73.12214082783458, 68.2119371196375, 65.34626831078319, 61.32764995306796, 57.98445227300189, 58.28163457975046, 63.11405629647321, 69.46335524214363, 84.92001193751345, 92.34788292912363, 102.14721365915841, 102.32094228123468, 116.6516545608516, 113.5339914292947, 112.38445655206051, 104.03999374459, 101.98675595285016, 96.61354370171657, 96.0948827528778], [42.90309248961451, 51.37481663817591, 58.68557033522647, 65.8922964141318, 58.2149035940033, 50.52832135271586, 41.13072977952548, 0.0, 8.561999745359607, 15.826446241373363, 22.99404789939944, 29.03114148453422, 22.290176030107727, 13.909617056554938, 5.363036698123647, 42.19619291956905, 50.3127451855825, 58.05292153508838, 66.19526841790545, 73.49586170313697, 70.62626232739392, 63.4053618873024, 55.6287958343563, 47.4036913253262, 39.49181788363078, 21.117054196333942, 24.168305278300068, 29.067480268571284, 33.64338573249764, 36.709405755155075, 33.9157502898109, 30.026056532956655, 24.316279620762508, 19.574718177090187, 16.668426067588594, 28.828512707294458, 32.0924177120658, 40.320930461994315, 46.27776833108547, 50.076482191813376, 50.10806871541904, 47.59757875295639, 40.64525340283295, 31.919471829565325, 30.327000091112374, 18.416224717676883, 13.106286025381868, 72.04662816460188, 63.23498049252866, 59.718769165662316, 58.05462439991992, 56.27073777850012, 55.77696980821126, 60.5217103345313, 67.03728145407754, 70.12328954744814, 72.7052316021781, 73.83113492041967, 74.29049410298654, 68.72235773144993, 62.18119014666099, 60.04651670254952, 58.419386656934506, 60.597572303013564, 61.11862602930667, 62.86529974827766, 65.03298405212374, 90.87332855657742, 91.78737042412274, 94.21546648216199, 95.67675260315761, 107.57471296058716, 109.55829192511285, 113.17194722577884, 101.15936180463578, 101.6691085255831, 93.03979520450636, 87.38530796070289, 74.87493860742855, 69.08776105616688, 62.08236109196516, 62.44147946123997], [47.36682743448213, 55.839954791755865, 63.48336818505359, 71.57113711978366, 63.84854554069119, 56.20675569727533, 46.803388194851514, 8.561999745359607, 0.0, 8.486584328747167, 16.806826534292604, 25.354446263050704, 19.454807563525705, 11.936074366586947, 7.8146838435000685, 44.22337505865523, 52.62605235233099, 60.865458265904536, 69.5522327037401, 77.3760138857398, 74.83067102505976, 67.2456284659265, 59.37580357800714, 50.91416472385493, 42.650373387597085, 15.002242915676478, 16.035703968452303, 20.52344987589779, 25.503128483679333, 29.262072020507006, 26.78154197602397, 22.127974862488323, 15.975594345809922, 11.386166724266557, 9.561601874481337, 33.0853433216111, 37.228460938834644, 46.09168648609086, 53.623609645948704, 57.57507497026328, 56.605335225927476, 53.524655109791986, 46.81220817204364, 37.88057086911619, 34.81929267237326, 23.234070073793376, 15.734265872540544, 80.15188692560461, 70.85583264057256, 66.96071613594964, 64.73674143905988, 62.637397399284275, 61.99681073410827, 66.54623911484649, 73.43670971441554, 76.84105190708806, 79.88052268966355, 81.32470231477565, 82.1191704761763, 76.65366041810316, 69.57082366383311, 66.94389300254898, 64.98645608860619, 67.00165661116344, 67.94104051892448, 70.07360894138927, 72.7191393490141, 94.28232588036012, 97.34735487576026, 101.36916212762043, 103.5274034541213, 115.91184542527562, 118.0674655591099, 121.55865627295937, 108.61308875487528, 107.55298475969678, 97.98275565573773, 91.15395772460097, 77.31824054180566, 69.71100105436895, 59.86361184259508, 56.87882022181963], [55.734911885323726, 64.18875478239114, 71.87476412018312, 80.00488945665445, 72.32867032624837, 64.68533381963093, 55.28911803998611, 15.826446241373363, 8.486584328747167, 0.0, 8.612003077168342, 18.742724092456275, 13.869330837655577, 9.62487831383966, 12.35398124255311, 51.84112138670038, 60.3460408218034, 68.74112041660358, 77.56009685196383, 85.43353326753945, 83.02993501875926, 75.42121278720168, 67.54946541311585, 59.04237400816925, 50.69125351740188, 17.64224183958955, 14.214438240883174, 15.080805624150788, 18.857547925272176, 21.979783565717792, 18.782897948121665, 14.319370661646621, 9.549430213837631, 9.373658255402423, 11.786789989752004, 41.273214020500816, 44.54238985765028, 52.64374689905677, 60.422299273174424, 63.68256960136752, 61.68840401183941, 57.664587260015985, 50.11637291394193, 40.75453913717857, 39.12351028398675, 29.16824153066962, 23.284645053068623, 86.04836171871577, 76.54261490810032, 72.25843386024033, 68.94750145042933, 66.20451975024491, 64.76783357927411, 68.21121360152509, 75.79881148004776, 79.86596410382674, 83.66047021262622, 85.92462657336057, 87.30508301718899, 82.12526400837521, 74.66271693919877, 71.11098041289569, 68.51485606430751, 69.38323193244422, 71.33230239542044, 74.19670439716327, 77.74104914468099, 101.77758629544968, 105.13519981733833, 109.07188113771724, 110.7715015009099, 122.68721485776236, 124.14384815351532, 126.7178761028243, 111.92308050056262, 108.13584997436966, 97.45454403324521, 89.54031525183977, 74.74939622006922, 65.8754653962517, 54.95510515506225, 51.17884645809199], [64.12724249723486, 72.59178773585113, 80.18698169205707, 87.97068981363813, 80.47819534016217, 72.87444010183054, 63.42957146800029, 22.99404789939944, 16.806826534292604, 8.612003077168342, 0.0, 11.544234203296117, 9.650706948764375, 11.925875715368829, 18.433540595895217, 60.42816255578603, 68.88500621768318, 77.21302823551385, 85.90356550905841, 93.52670957506362, 91.22639270983287, 83.8311222700718, 76.04436058244744, 67.58364828199198, 59.27576694336477, 25.06379040521535, 19.4372273686374, 15.943083408944112, 16.1872219964564, 16.787725039170525, 12.162109711993393, 10.343627982593391, 11.182607596733689, 15.742715718739413, 19.622516824717746, 49.73731587266765, 52.30591516778028, 59.557006355224615, 66.83811167512789, 69.2967047287, 66.73822853933694, 61.960109312150685, 53.30993330634504, 43.637565663042, 44.4607163633782, 35.97734104851431, 31.569469561332134, 90.87923221345612, 81.5339016081527, 77.06315328824982, 72.80352675735347, 69.45836780799941, 67.05115751801223, 68.93796468865015, 77.25722175920335, 82.02611718254148, 86.50414568640744, 89.6153516221377, 91.48122432833172, 86.60416326744347, 79.11274067886248, 74.75641008823122, 71.56559129467975, 70.90533711942903, 73.98712459163349, 77.54193897999085, 81.87428913791598, 109.15949868856217, 112.01926538984988, 115.37684734691956, 116.3363143085361, 127.62570798114785, 128.29606398523558, 129.83505840473617, 113.66807927051029, 106.53108368784538, 94.81740219150456, 85.74629720983863, 70.09126153104047, 60.12118384887911, 48.76949828538418, 45.76543810858747], [71.3415922942779, 79.79178729482622, 86.97570708930708, 93.55535854559552, 86.59388588187326, 79.18323165991065, 69.69816745304735, 29.03114148453422, 25.354446263050704, 18.742724092456275, 11.544234203296117, 0.0, 9.120682295830775, 16.663453553438433, 23.88253029706712, 69.48672877296433, 77.63164443316266, 85.46875411778181, 93.50146144108793, 100.2401643309346, 97.97834398092297, 91.30860992317308, 83.81559672987888, 75.61989470933837, 67.63220293680702, 36.18558212627263, 30.866691576199784, 26.27422148644501, 23.617431498071376, 20.49343551281388, 15.811072981125221, 18.96229752588322, 22.504077247104487, 27.101377600790716, 30.474902818601848, 57.59867542076232, 59.515238777681965, 65.59816551377702, 70.89721499516048, 72.21621134011805, 69.98579337568316, 64.78374705095581, 54.30803076595169, 44.347915884357924, 49.801956150998826, 42.56497369542879, 39.950188972303444, 91.71095211798762, 83.3494344155708, 79.11425000114939, 74.16150077532797, 70.28110059906163, 66.49204526056319, 65.81876019047685, 75.02180598005418, 80.5977106831437, 85.59591580222981, 89.62520552278417, 91.75685710469222, 87.22563500808329, 80.47149389200497, 75.5382101152935, 71.829278413394, 68.76103914026291, 73.27501450369608, 77.45013880783743, 82.35852115530405, 114.79551173333837, 115.41117794058147, 117.03045920466546, 116.55702238099235, 126.78962879647682, 126.44489061820971, 126.6682816902635, 110.30943260755448, 98.46772738522861, 85.95204082340078, 75.58519743651073, 59.180052027957416, 48.72719741003116, 39.19787361558643, 42.23611897732165], [65.16594593674405, 73.64765652183853, 80.96306175693161, 87.83742947485342, 80.34792915417411, 72.66009270688997, 63.31225977214304, 22.290176030107727, 19.454807563525705, 13.869330837655577, 9.650706948764375, 9.120682295830775, 0.0, 8.640113554814022, 16.941855451880294, 63.22203896934198, 71.71126182581806, 79.79811833444894, 88.13577846222813, 95.33711242618126, 92.6911738682134, 85.55946019832497, 77.75659327209941, 69.4019478686259, 61.22631249785642, 30.89928445142282, 27.185014468645146, 25.377458988520143, 25.649952229417366, 25.003306934200644, 19.903085024707227, 19.726422639411588, 19.919129272220186, 22.464448040505467, 24.953439803124898, 50.500477978129446, 51.180561819401845, 56.81638912162636, 62.59143359263379, 63.9741045764135, 61.31674321182273, 56.1223737014841, 46.21624053923254, 36.33766974333048, 40.70870353820182, 33.86044912573594, 32.47597237179114, 84.34713704963261, 75.36789572177409, 70.9046621599263, 66.02679885641155, 62.307809197114395, 59.120291495664155, 59.93949629674595, 68.60583037376334, 73.74184305760316, 78.53430114606196, 82.2115967362059, 84.38168763846129, 79.78646226111033, 72.51155916904551, 67.6516430005973, 64.10798867968658, 62.280264329032924, 66.04517201246598, 69.99922271661842, 74.83092393951611, 111.40097035767117, 111.7466791786319, 112.78274000541818, 112.24691267796314, 122.1310236811094, 121.63524547397208, 122.22703629634344, 104.82202935820905, 97.17571585538052, 85.50685335053838, 77.16041675123279, 62.553929827478264, 54.34301641886565, 47.59084747554707, 50.5135214993228], [56.694412367962514, 65.17669329368265, 72.55937126566455, 79.7040021783171, 72.00501125803812, 64.24049646576911, 54.92031908027487, 13.909617056554938, 11.936074366586947, 9.62487831383966, 11.925875715368829, 16.663453553438433, 8.640113554814022, 0.0, 8.65428614128104, 54.814131041251, 63.33173934194306, 71.44006634879554, 79.8590018212827, 87.2683737470106, 84.48601794558175, 77.16428379479196, 69.2747993280022, 60.89036944093039, 52.697467874510025, 24.700913738344116, 23.15218301606367, 24.307380893206098, 26.945763200972394, 28.318647115566748, 24.005633103117194, 21.481859660153006, 18.343640706900853, 17.827840933835397, 18.69710420906946, 41.8643732812465, 42.88390687755932, 49.227007589698864, 55.442032732470274, 57.61079440449794, 55.521425448753526, 51.061032393399735, 42.1768160943055, 32.42117193350922, 34.38590185052464, 25.988607536516476, 23.941247666756304, 78.9585305676344, 69.74511728991449, 65.44019467797477, 61.52361349415142, 58.42294808880993, 56.28195620816461, 58.89446712953117, 66.7702280697972, 71.14975193634116, 75.21925257232526, 78.00438911342789, 79.67397104837138, 74.73002867137576, 67.42838748182574, 63.3860185435489, 60.459983674395254, 60.33392368038314, 62.8499307798204, 66.07657504949765, 70.09998325880183, 104.07260990694282, 104.75277999551061, 106.23813853652314, 106.38693197146124, 116.88799505466545, 117.17349603780575, 118.8405727281149, 102.81903393787067, 98.85333829693309, 88.32945788032747, 81.26220209315616, 67.61607087147186, 60.513709276578936, 53.751343815690994, 55.285881676586676], [48.26597768032288, 56.73697008178894, 64.02897181503687, 71.0851687627632, 63.47582508402847, 55.792049102008285, 46.41171718718768, 5.363036698123647, 7.8146838435000685, 12.35398124255311, 18.433540595895217, 23.88253029706712, 16.941855451880294, 8.65428614128104, 0.0, 47.26200705581097, 55.492324970583724, 63.319631959797626, 71.49391889258706, 78.73425776968679, 75.92131553147252, 68.75180584991179, 60.97678921436279, 52.724167240988876, 44.74192067681643, 22.182923448109765, 23.380091383012044, 26.881295832697425, 30.7159112046958, 33.12466972927444, 29.83110866157785, 26.476706741005273, 21.60880022429929, 18.27653945960334, 16.773068752129944, 34.00866774616808, 36.339582233073706, 43.751940040707844, 49.61690740344386, 52.700096162410155, 51.99290567249179, 48.699180957328274, 40.74088113198188, 31.399002848117345, 31.657480181045916, 21.01643747919371, 17.254693519955346, 74.33015001675552, 65.4462075403628, 61.65381266782321, 59.0976209265113, 56.774699642269034, 55.55186564235414, 59.347821463707625, 66.47176509804821, 70.10601761481107, 73.27013367697639, 75.07685730339733, 75.98837058905609, 70.64804962013662, 63.884869241145445, 60.99594529038363, 58.842682542935364, 59.985910812671655, 61.35029108236264, 63.69360911627509, 66.59095547048035, 95.7381732167159, 96.38872011391003, 98.35120580798596, 99.21851718282346, 110.56558330090262, 111.87554130738663, 114.69772512603339, 101.29997344595444, 99.8244988728048, 90.47352322316314, 84.21324261839808, 71.21901875195249, 64.96068865653295, 58.08371956773605, 59.13456438484877], [15.269538937963906, 19.584773051778082, 27.403714636537398, 39.814700373705925, 31.4380671424596, 25.738886432966243, 21.857061038738145, 42.19619291956905, 44.22337505865523, 51.84112138670038, 60.42816255578603, 69.48672877296433, 63.22203896934198, 54.814131041251, 47.26200705581097, 0.0, 9.598584724757606, 19.175488158075165, 29.81497716431312, 40.77110800211985, 37.66117173788033, 27.496381981238564, 19.140692935626028, 11.18849275766182, 6.34013356120429, 38.57212361189329, 46.891821019195895, 55.56360003343511, 62.56982526755811, 68.51791299722491, 68.07308723919508, 62.03743730659935, 54.436651527230985, 47.1231010120485, 42.045903908575085, 16.753039692865084, 27.942026167151838, 39.1108924892848, 47.354085925329926, 55.982777719521515, 59.057214440801836, 61.733796562806944, 63.79754912046829, 60.57798277843991, 47.4487664810244, 38.56759781950216, 31.785651376211263, 77.50216079268297, 69.28162366906585, 67.64220012696005, 71.73367704997104, 73.4905252762353, 77.8553685745556, 88.09674975647565, 90.41971165961974, 89.86660836176526, 88.9116515917184, 85.41617568738555, 83.2190274236165, 77.06388746943674, 71.82303971123996, 74.56824522101672, 76.28623741228267, 85.12970216617853, 80.56631098219518, 78.62772759964426, 76.1798616599908, 62.842275013049694, 72.29772839221468, 82.31190220847103, 90.53583573198152, 106.48908352022875, 113.85609666216057, 123.28502171580378, 119.15228340794016, 132.8531664719791, 127.80162765928033, 125.09328962628877, 114.45707137807035, 109.5708551508382, 99.75743300733205, 92.91457734147096], [14.930807096480281, 14.921106227484977, 21.177180015548007, 33.925194462932545, 26.907843386861458, 23.545811305564687, 22.704195240995155, 50.3127451855825, 52.62605235233099, 60.3460408218034, 68.88500621768318, 77.63164443316266, 71.71126182581806, 63.33173934194306, 55.492324970583724, 9.598584724757606, 0.0, 9.730378394217302, 20.607668845426325, 32.00328954820093, 29.17134314421751, 18.95016238471815, 11.725184345154577, 7.829765975126779, 11.874961311496852, 47.398562458888634, 55.441617776675095, 63.75488099184678, 70.43198182360915, 76.26566634606405, 76.17593422454513, 70.36261099682045, 62.998424746977456, 55.85437225046708, 50.86059086994291, 24.511790722083628, 35.375923109047655, 45.51424157702605, 51.98118277502906, 60.83445473624723, 65.16435080386253, 68.68949436915996, 71.17781426163135, 68.3858508052021, 55.90505696507272, 47.34441588583843, 40.75355928889102, 80.45367016513185, 73.3917253750574, 72.55349588122644, 77.71811688948407, 79.98877460367163, 84.650217101492, 94.89783296735793, 96.76569934081475, 95.76354951014473, 94.11838772166642, 89.89642053955599, 86.98073183357377, 80.79791579689947, 76.64838037435231, 80.3529508017081, 82.59030485623514, 91.66033614935367, 86.63083562798167, 84.09290845081766, 80.68169903015158, 54.38376222802116, 65.60976258330591, 77.69523265862966, 87.5827247847118, 104.6543788152128, 113.5178754352292, 124.20367231498295, 123.34692065148035, 138.04020328351984, 133.76578550056138, 131.24628884339663, 120.83466707260406, 116.15592357500184, 106.04382273538748, 98.94005921481053], [18.13466592500852, 13.417005970615797, 15.814020708127362, 27.748929182002215, 23.01112917594291, 22.847082551465448, 25.14829465417884, 58.05292153508838, 60.865458265904536, 68.74112041660358, 77.21302823551385, 85.46875411778181, 79.79811833444894, 71.44006634879554, 63.319631959797626, 19.175488158075165, 9.730378394217302, 0.0, 10.978611967684074, 22.717563196575206, 20.10905480900654, 10.277268262160911, 7.417564429435918, 12.119623094724606, 19.86075154652643, 56.529351330237155, 64.38073830941576, 72.37901937824802, 78.71601141232053, 84.31860895498338, 84.41808946331567, 78.88705242254468, 71.73968504870251, 64.72608685824385, 59.76139343422685, 32.2937310639214, 42.64741000356006, 51.71829562439823, 56.1628973800231, 65.00988564776506, 70.61637049271012, 74.91754553739177, 77.650469091872, 75.29492728508421, 63.75794026576961, 55.52480976786932, 49.346358401995424, 82.36420454413485, 76.649319778695, 76.65710259484312, 82.8205262953251, 85.56171432931761, 90.41663843061677, 100.52233911214412, 101.93359430265427, 100.50662555094274, 98.17306710385948, 93.28512979881006, 89.6513487212667, 83.49314971938011, 80.56735717921713, 85.18595858919954, 87.9094198546089, 97.03991622364818, 91.61292857121359, 88.50278181508244, 84.1556688042349, 45.696517524949876, 57.97544253371809, 71.82174766025479, 83.24038394870031, 101.27293155065574, 111.57702462707181, 123.45580612264885, 126.06693925816441, 141.6727708447263, 138.29021134914697, 136.0967512908652, 126.1320057898069, 121.91504039627067, 112.00614033959305, 105.33519545926264], [24.763550723092372, 17.723547731445752, 14.474385571017823, 22.196003813088655, 21.722127315454603, 25.332264259092142, 30.037053521146444, 66.19526841790545, 69.5522327037401, 77.56009685196383, 85.90356550905841, 93.50146144108793, 88.13577846222813, 79.8590018212827, 71.49391889258706, 29.81497716431312, 20.607668845426325, 10.978611967684074, 0.0, 12.033481417973277, 10.041799056067845, 5.854672145712346, 13.063378216250225, 21.00339276148989, 29.450736879744447, 66.38462113635435, 74.01359470586637, 81.637826553033, 87.5581370500116, 92.82457149380063, 93.07082796363379, 87.91125867827743, 81.03542182804287, 74.18955925515857, 69.26611614146688, 41.16394899602216, 51.09317064936193, 59.1574276839455, 61.35641005757293, 69.95904636975695, 76.88990227657229, 81.86155825816223, 84.55480903936517, 82.54788634587464, 72.34431833933601, 64.33221481565599, 58.54157833226576, 84.56664441584142, 80.49208180321513, 81.4161086888291, 88.48628406660478, 91.62834876066931, 96.51233639793784, 106.21477477077221, 107.23344046431549, 105.44848094939071, 102.43978833647208, 96.96968236543259, 92.59314644220507, 86.51126028545126, 85.01670077648706, 90.49329330914514, 93.64693381404118, 102.56264997778264, 96.87530553826338, 93.24192441564692, 87.98530414134059, 35.85700071392735, 48.762898220608584, 64.63431576590746, 77.74150820616438, 96.82017637750063, 108.72571623349698, 121.82610506432651, 128.51321200776331, 144.60624458371925, 142.21173660224994, 140.32361909949464, 130.89840433177235, 127.25507025341886, 117.76603679492848, 111.93071659121644], [32.91308459173551, 25.806142573512844, 19.788327924087298, 19.823901209646955, 24.765925541865364, 30.85940230926726, 36.37298409311906, 73.49586170313697, 77.3760138857398, 85.43353326753945, 93.52670957506362, 100.2401643309346, 95.33711242618126, 87.2683737470106, 78.73425776968679, 40.77110800211985, 32.00328954820093, 22.717563196575206, 12.033481417973277, 0.0, 5.634988016619468, 15.042481097754328, 23.307653578874067, 31.195416763618503, 39.48698148258983, 75.71922367328646, 82.99705763696973, 90.08777652859476, 95.43696524006624, 100.21504989023015, 100.60319545990697, 95.96351693906216, 89.48935806508925, 82.92023865495628, 78.10013841010539, 50.186235585124436, 60.02026135677175, 67.3771002027424, 67.30369337374466, 75.42524942210564, 83.64222135179983, 89.03449618801696, 91.1674002696372, 89.25053898977943, 80.90522440989866, 72.84346700128218, 67.27322412510425, 87.09210203981102, 84.85076222191879, 86.65878031065832, 94.36189926382755, 97.7222824060347, 102.33193836426386, 111.2030821828866, 112.06165416667353, 110.12539853142314, 106.58780489055637, 100.78947053125724, 95.73796941781465, 89.75702632935749, 89.80510833486846, 95.91848790603368, 99.336374566725, 107.56170489017401, 101.9194717559541, 97.93658247380934, 91.9553998769389, 25.164899216104843, 37.69542615894311, 56.15160257652796, 71.02160876524603, 91.33360224193086, 104.915885397809, 119.07672620385084, 130.34287019786512, 145.78978668478817, 144.3406526499684, 142.5326418115767, 133.59960432374038, 130.52599054168758, 121.558852151325, 116.94879946234946], [29.047503098508553, 21.40480154230506, 14.685226071881292, 15.470780176954586, 19.545204258182775, 25.881393473308854, 32.149088354895305, 70.62626232739392, 74.83067102505976, 83.02993501875926, 91.22639270983287, 97.97834398092297, 92.6911738682134, 84.48601794558175, 75.92131553147252, 37.66117173788033, 29.17134314421751, 20.10905480900654, 10.041799056067845, 5.634988016619468, 0.0, 10.908160772478242, 19.25070645456753, 27.469413733906208, 35.97940689458382, 73.31634397446346, 80.86913200917877, 88.27225264761069, 93.8742859798391, 98.71822847759448, 98.80520321074289, 94.02332714401705, 87.33018335291277, 80.57145851836353, 75.6189054509822, 46.38027942724525, 55.4355567562067, 62.31758855400163, 62.10436550236604, 70.24989439553471, 78.43973391892897, 83.98871616551227, 86.53041716076604, 84.99234222318731, 76.41853604621801, 68.88919473121793, 63.999719996065465, 82.04881606739077, 79.59516547552944, 81.38450709284909, 89.19923857275751, 92.6734804063888, 97.48892366799984, 106.68260473349234, 107.27973555210289, 105.17524330014463, 101.56071147822387, 95.65275274335937, 90.64126537558776, 84.68286236363424, 84.59324630290818, 90.79590437331422, 94.31544888722902, 102.87662251225962, 96.99931277393685, 92.91181740800569, 86.87380954189375, 30.40581864480635, 39.48663399555684, 55.32039812660474, 69.22953830962261, 88.79354808578324, 101.72006575760376, 115.64302433448584, 125.69103551899457, 142.33387977500044, 140.9893393311813, 139.7310290331601, 131.25746069225323, 128.63868750056054, 120.53059044614918, 116.63810557707993], [20.90669496423069, 13.03028244067917, 9.224746903166558, 18.79129774636542, 16.53703759202775, 20.00765617806706, 25.589514826685008, 63.4053618873024, 67.2456284659265, 75.42121278720168, 83.8311222700718, 91.30860992317308, 85.55946019832497, 77.16428379479196, 68.75180584991179, 27.496381981238564, 18.95016238471815, 10.277268262160911, 5.854672145712346, 15.042481097754328, 10.908160772478242, 0.0, 8.864596331846188, 17.56016530685215, 26.339770321452992, 64.55909116101648, 72.45435515450076, 80.35373041569122, 86.46835504654744, 91.70818563307975, 91.59812454172604, 86.3700393282542, 79.30910350358347, 72.29041720390522, 67.22822229390047, 37.48413323477556, 46.46349823461572, 53.9469623542198, 55.78716285549618, 64.37856481778402, 71.39872758855479, 76.5671425857577, 79.60864331232912, 78.02031360066114, 67.81251723148745, 60.4015978676793, 55.48957776329393, 78.95760911789993, 74.77748087514566, 75.73521922642449, 82.94997798031449, 86.21701737377803, 91.27057476077854, 101.20785355413405, 101.9521294829062, 99.9972475339383, 96.88317969661378, 91.30850105845786, 86.94229626898816, 80.88885796603725, 79.35594241742362, 84.95318450801692, 88.2223869738234, 97.3938865273537, 91.48634827705742, 87.73094775650658, 82.38427402860404, 39.92760777742687, 49.471417509030694, 62.900262619662804, 74.99979644723018, 93.3017916759677, 104.56024801298251, 117.39948103271168, 123.12789280249073, 140.29754910725808, 138.10149091951587, 136.81416851729105, 127.96895291800499, 124.92513640073714, 116.54501088817094, 111.81842421849494], [13.342619203284789, 6.6647922567477655, 9.781595442114234, 22.634201772997493, 16.235007446662717, 15.617532818575855, 19.218031970846464, 55.6287958343563, 59.37580357800714, 67.54946541311585, 76.04436058244744, 83.81559672987888, 77.75659327209941, 69.2747993280022, 60.97678921436279, 19.140692935626028, 11.725184345154577, 7.417564429435918, 13.063378216250225, 23.307653578874067, 19.25070645456753, 8.864596331846188, 0.0, 8.84804742717279, 17.6743497126883, 56.39921153688938, 64.49974823941899, 72.6813510583931, 79.07181307996582, 84.44793250347962, 84.09113642640924, 78.65945219774034, 71.39637556296154, 64.23262605330042, 59.09482568265149, 28.933872452438806, 38.093263605471584, 46.29090996272615, 49.55441502721462, 58.341691162183665, 64.5218256650142, 69.22073774247046, 72.17999936024171, 70.36881284123815, 59.448029454554444, 51.93198016393898, 47.06662381188106, 75.06616145535034, 69.6509130974408, 69.93258711743654, 76.46925278763669, 79.42881593547455, 84.40987430412655, 94.57973200898715, 95.629248216455, 93.96584579859598, 91.36564357138819, 86.2767654584026, 82.4766347096973, 76.33464266998303, 73.75200648976231, 78.70114302334565, 81.64364967703627, 90.89358400664656, 85.20500485772925, 81.84687739163002, 77.1919890119955, 47.56106423064965, 55.85669486088174, 67.13587357490137, 77.55216177096202, 94.86835779551994, 104.68636981424835, 116.43046360503698, 118.93653114268817, 135.63274116792633, 132.7419457090524, 131.3308495296444, 122.24686559815827, 118.99542534664849, 110.74895092292026, 106.0357819721566], [7.697041089727596, 8.47818264275393, 16.22803247875629, 28.675110752700643, 20.54732251925581, 16.026592502013298, 15.143441965415722, 47.4036913253262, 50.91416472385493, 59.04237400816925, 67.58364828199198, 75.61989470933837, 69.4019478686259, 60.89036944093039, 52.724167240988876, 11.18849275766182, 7.829765975126779, 12.119623094724606, 21.00339276148989, 31.195416763618503, 27.469413733906208, 17.56016530685215, 8.84804742717279, 0.0, 8.826385168741163, 47.72661963913944, 55.93077340167659, 64.27203718646977, 70.83499659313502, 76.29439636003245, 75.76549728963498, 70.20002669540268, 62.81917418072288, 55.57946912440061, 50.40595798085081, 20.50305045233333, 30.808230819801793, 40.34238110540464, 45.284111186403706, 54.10405432584815, 59.29076128868643, 63.22420422074171, 65.6103520649625, 63.211834714760215, 51.823798008715244, 43.69212251118971, 38.38293782285131, 73.03304759285352, 66.4374280286255, 65.94793642700525, 71.50639369624142, 73.96442176722344, 78.61613217058527, 88.71565822000764, 90.33990919205935, 89.17924476726199, 87.26756235780034, 82.89703419344994, 79.75381123718921, 73.52931012892095, 69.88169078134422, 73.9332531132338, 76.36933659607377, 85.3321389189968, 80.1448075404205, 77.37501216413271, 73.62832202866788, 54.39481267644123, 61.97820726001022, 71.82663129356585, 80.77903814457, 97.32922523674851, 105.83178026510193, 116.39518523657489, 115.9538289265796, 131.19061904289788, 127.43542251107318, 125.56653676978843, 115.98241274689673, 112.28923541582702, 103.86854170451633, 99.02043500707732], [9.866808887466552, 15.989242867782828, 24.230710816463166, 35.89913760763406, 27.149656272916662, 20.64710906641123, 15.702590851404237, 39.49181788363078, 42.650373387597085, 50.69125351740188, 59.27576694336477, 67.63220293680702, 61.22631249785642, 52.697467874510025, 44.74192067681643, 6.34013356120429, 11.874961311496852, 19.86075154652643, 29.450736879744447, 39.48698148258983, 35.97940689458382, 26.339770321452992, 17.6743497126883, 8.826385168741163, 0.0, 39.160618861531454, 47.49499449765757, 56.03248815171118, 62.80267491455059, 68.35456222651753, 67.61265143395934, 61.886344467269105, 54.36346502786472, 47.03191264313426, 41.81660125021405, 12.680561683856675, 24.571967340629833, 35.61261940643144, 42.453881998731056, 51.065611232562624, 54.99367377185532, 57.96646077006914, 59.64943206526919, 56.559905699457865, 44.66302071478352, 35.765821423464175, 29.827467641680947, 72.04132454222125, 64.29121106518014, 62.96340793364477, 67.34955240837579, 69.21106709740876, 73.44767274745247, 83.40153975083545, 85.65622249278586, 85.05820535444201, 83.91498409160472, 80.35904482779661, 77.95052138058443, 71.71867907043769, 66.96701899306564, 69.97039728881617, 71.81062598651933, 80.38051455756701, 75.7956138296212, 73.70806948026649, 71.00184370109854, 61.748903718330986, 68.71115588209288, 77.26552680613965, 84.8291406383404, 100.52752790886116, 107.71099307688863, 117.05054980845063, 113.59811750921243, 127.24537617231336, 122.57709984224492, 120.22225198416578, 110.12186409139755, 105.94917571299372, 97.35989528143452, 92.36930170931696], [46.43333168153089, 54.394871233356014, 62.544913449838994, 72.65578442483447, 64.35203160176903, 56.77741827153618, 48.12405273615169, 21.117054196333942, 15.002242915676478, 17.64224183958955, 25.06379040521535, 36.18558212627263, 30.89928445142282, 24.700913738344116, 22.182923448109765, 38.57212361189329, 47.398562458888634, 56.529351330237155, 66.38462113635435, 75.71922367328646, 73.31634397446346, 64.55909116101648, 56.39921153688938, 47.72661963913944, 39.160618861531454, 0.0, 8.784632633502556, 18.23007894545435, 26.122625095253753, 32.47561678661968, 31.338598462541636, 24.515544642127008, 16.57104795239755, 9.4975303307044, 6.055783315144788, 32.047674398940416, 37.24314347660356, 47.44581442978293, 58.13803920756087, 63.34700969400601, 61.3814522344856, 58.74267432046402, 54.97920813547104, 47.419065664263975, 38.23440231896584, 27.263918555303015, 17.42542259507347, 87.66789246185797, 77.2563666745111, 73.0