{
	"dissimilarities": [[0.0, 7.444623128818473, 16.65308462307242, 27.48308559572054, 18.962346277568212, 11.402061140504944, 8.777438816476819, 44.994659886869364, 49.471182149378656, 57.836544251210675, 66.26298417678368, 73.66348659106444, 67.30709929241569, 58.77560294315453, 50.343451126654145, 16.45608907161814, 15.816455551871476, 18.361237582390707, 24.551382261827822, 32.35790393065985, 28.229804815062852, 20.400243251697024, 13.082153339560085, 8.496541914035555, 10.24756766540085, 47.320669555562866, 54.47233470221736, 62.7022183098496, 69.68688094039061, 74.6821546806646, 72.92933987217968, 67.82347882382147, 61.51297744458262, 54.34493672696742, 49.15531828641301, 20.011078908679913, 28.72974034233825, 39.5687891399784, 40.77179936504345, 49.61345527669121, 55.61159966604772, 59.72007789670369, 61.319486066008096, 58.77735354709477, 49.55440407434942, 41.08903740763794, 36.28081745422744, 67.79609534533932, 61.82039331675237, 62.97572237545693, 67.34951190599048, 69.73668282689358, 74.02186777669839, 83.45539168358196, 85.22288724533105, 84.17865930097868, 82.21694510125882, 77.96388043158841, 74.67182691399107, 68.3650614618805, 65.37383173714655, 69.56089756072139, 71.95135710052114, 80.19259985217376, 76.21742781448005, 72.53623210711933, 69.64009651878649, 55.72707114692573, 60.93721110933907, 70.56721565230623, 78.01176829065747, 92.65150626038765, 101.43990575251647, 110.84646012269387, 109.93275712146107, 122.959069072088, 119.48697292745693, 119.88293308802947, 112.29852059262645, 107.0519489068233, 100.1924937487502, 95.51779987246171], [7.444623128818473, 0.0, 9.96055455770973, 22.090769099018008, 14.023991265398237, 9.69343149985174, 12.849286493043296, 52.42987383866755, 56.88058862294593, 65.22552198323513, 73.66632264474482, 81.06782848688722, 74.74619508121637, 66.21505194004536, 57.779889657656774, 20.03267697925909, 15.791064179369831, 14.415502730436495, 18.559950903772158, 26.261928456205403, 21.618678985316496, 13.656615547241163, 7.57597147572561, 9.264914568613136, 15.723522553762116, 54.24258680891855, 61.42735335619188, 69.67622231746323, 76.74035886793924, 81.81642017178916, 80.17173802828736, 75.01767376084037, 68.72169579965133, 61.53357689359584, 56.3431268851296, 26.748566986569596, 34.157540546484675, 43.792504160829054, 44.065745385501934, 52.96265981953115, 59.55707450798363, 64.36269389303563, 66.86733839158312, 65.01939629029535, 55.50603880585391, 47.86865545680919, 43.52906318430991, 69.48357401430192, 64.28815281066639, 66.08913064296333, 71.25662184538122, 74.13566417982273, 78.88982449430536, 88.67038167319633, 89.80738276646188, 88.23416323705466, 85.66458579842016, 80.71358650017827, 76.90766805732947, 70.70343664963606, 68.4233014700868, 73.3944151370333, 76.26633694035004, 85.06147048090784, 80.46844647313638, 76.2764918138564, 72.58037799747977, 50.804742902116764, 56.76394310812702, 67.55347319524428, 76.30688172457263, 91.27770336820248, 101.09547097854902, 111.53047335005546, 112.66471419536218, 127.59662434607135, 124.85650900677571, 125.70247935173313, 118.57865194909486, 113.78580374855113, 107.0076797077354, 102.15839267593361], [16.65308462307242, 9.96055455770973, 0.0, 12.793883468563127, 7.520763925535094, 11.704570539020647, 18.71851572862285, 60.713005104979906, 65.68177621095656, 74.08307488910638, 82.35206574391944, 89.12630737910371, 82.9910918415988, 74.59853784177398, 66.07489020969389, 29.64880708160686, 23.806970152462767, 18.457474178089104, 16.29188125189565, 20.06842396177505, 14.72590089440931, 11.248384516627487, 12.498352081731415, 18.69092664401923, 25.681050414888055, 63.888820286586146, 70.97726754078403, 79.0086672775705, 85.78170962690946, 90.59410886568388, 89.04076495680515, 84.1397945471487, 77.96908055515799, 70.88596694106529, 65.73364063306448, 36.05574298652653, 42.07033601043616, 50.20343834583841, 47.72456056592183, 56.29863311125657, 64.1842603975112, 69.80758857706516, 72.66093045989167, 71.49301382794252, 63.18595584766241, 56.29480849400869, 52.68204359954543, 69.53283643892401, 66.1089960567943, 69.00954162814075, 75.17679092627046, 78.57201310322853, 83.51865821447791, 93.03711708409769, 93.54042097043576, 91.42692822744944, 88.05492145133468, 82.35158618558114, 77.76111156446039, 71.7322601781127, 70.98603670246622, 76.97053949796396, 80.37830674560442, 89.17381532943108, 84.0770325679775, 79.31551903760433, 74.51005361087493, 44.379052331985996, 48.43270826610965, 59.6458828239017, 69.77621380531966, 85.23128578195556, 96.40058009998435, 108.13802003543682, 113.10828493531875, 129.58882516760988, 128.0191128382896, 129.3154610889812, 123.02148103833403, 119.31605753221034, 113.34686878805773, 109.62790889032422], [27.48308559572054, 22.090769099018008, 12.793883468563127, 0.0, 11.03524761511172, 19.796534400332522, 26.716016278482314, 68.21048325837674, 73.9659545666209, 82.36263133227624, 90.21771477914207, 95.79600935337618, 90.06728220101452, 82.03829767910663, 73.49285244172074, 41.989838073328265, 36.211194483374804, 29.892092167907496, 23.90678299164661, 20.649352216478896, 16.73992069839322, 20.88492054310669, 24.985135220147374, 31.132326268089066, 37.38409572187885, 74.03201000863451, 80.8587369059872, 88.41693374148029, 94.54026435594591, 98.76244068295492, 97.29388769041647, 92.93691566795233, 87.03830090383005, 80.23087557483437, 75.20473233193577, 46.330694345654976, 51.29273578612326, 58.13111034117281, 52.002190841443685, 59.748063425608954, 69.18812485929493, 75.40148038306256, 77.7697817398, 77.03153496331147, 71.28358873046048, 64.86200632658749, 61.97842185825846, 68.46323666769102, 67.62312057185413, 71.78776176567068, 78.78133974217253, 82.49663826949269, 87.15699561490308, 95.60460939411198, 95.70442927486167, 93.2547126446037, 89.13486420852642, 82.93019199943834, 77.4969523122935, 71.74444854970126, 73.1254900596609, 79.98815078346654, 83.76990261549595, 91.742836724409, 86.53111344893402, 81.37602421004861, 75.48980192002423, 39.435183978480495, 36.96288985172205, 47.25268297136951, 58.69196130216316, 74.93294853171936, 87.63628264909867, 100.70514721593976, 111.00647209324502, 127.79534814501805, 127.60981879357061, 129.12273278034243, 123.86378197962493, 121.70823588274946, 117.15820106491184, 115.74248768682381], [18.962346277568212, 14.023991265398237, 7.520763925535094, 11.03524761511172, 0.0, 9.422271780594745, 17.383947112243096, 60.35786710325929, 66.11845732756217, 74.58983644018413, 82.69164156477311, 88.82553873547968, 82.44970834284369, 74.12993912569465, 65.63848254913783, 33.749025873645024, 29.458005173396263, 25.473841635859678, 23.693987192449164, 25.80829686948647, 20.55887435520347, 18.63790660621458, 18.799273005487795, 23.15167172392633, 28.598498675917835, 65.68574792763059, 72.80526307091756, 80.90853523483729, 87.48733694469324, 91.99972045469104, 90.14642317413293, 85.4443529603077, 79.2019468601341, 72.14474913872036, 66.97249443088414, 36.593746976479174, 40.63857367764704, 47.39240413189544, 42.649825493504316, 50.8783763720502, 59.55377281364647, 65.61298242781122, 68.5900317111128, 68.07467190489965, 60.96807684138956, 55.053358053489674, 52.90697624304412, 62.568549705188396, 59.88619280000902, 63.3004209939872, 69.91420414774436, 73.54995073888556, 78.54236406034903, 87.91242851680752, 87.98211717690974, 85.58722436952557, 81.8556183497727, 75.89635038115527, 71.03114226716984, 65.07674687460788, 65.03986250163564, 71.46809774117216, 75.12833385194178, 83.86573232450787, 78.49290211864667, 73.47209524048598, 68.19203383702538, 48.389336757138445, 47.636851285188634, 55.198396800695384, 63.8571092721188, 78.60256242891654, 89.28669957549961, 100.89770279020665, 106.12566595429873, 123.73859827712077, 122.81394738875333, 124.99838301703178, 119.7726404562611, 117.2139348787877, 112.96889633889964, 111.25608747040832], [11.402061140504944, 9.69343149985174, 11.704570539020647, 19.796534400332522, 9.422271780594745, 0.0, 8.428139397123482, 51.60136710425419, 57.27368811180246, 65.74723659377081, 73.95035717289603, 80.42025942473595, 73.76360684699743, 65.31286289373077, 56.870124140644535, 26.691159938978014, 24.7062010981386, 23.96302889872501, 26.258176346779162, 31.385292524916586, 26.3068608320364, 20.91036483379573, 16.773840695378922, 17.276257090917404, 20.612432921731337, 56.742509886312796, 63.9406335029332, 72.24451498665563, 78.98617963585365, 83.60807090265868, 81.55467462556916, 76.7097893248718, 70.32937105674449, 63.19347650729915, 57.98013956489395, 27.256288036762797, 31.59572105011074, 39.437281106514476, 36.5139971790219, 45.17516370034026, 52.92068007530917, 58.34299716370374, 60.959780829057486, 59.94849748887874, 52.119373845583965, 45.7776978602735, 43.61574148889938, 60.181585924737405, 55.75571497889798, 58.17347710299806, 63.91821084344394, 67.10722025544003, 71.9227026452642, 81.53989413969911, 82.16380153489203, 80.25627054638525, 77.25341910352903, 72.00936785306124, 67.88336240217872, 61.70619052610506, 60.22962119567166, 65.76174832547062, 68.95587747711122, 77.68997585985737, 72.74918417998755, 68.2240274825088, 63.95776870961461, 54.75144675441954, 55.26372487826359, 61.94318196586671, 68.82804314832048, 82.87938941234503, 91.97865365859982, 102.1437686969711, 103.43063508075898, 119.67811654129315, 117.73056521748903, 119.69883820132198, 113.94053442335897, 110.66360789017091, 106.19875489469872, 104.13524562374218], [8.777438816476819, 12.849286493043296, 18.71851572862285, 26.716016278482314, 17.383947112243096, 8.428139397123482, 0.0, 43.18501464547605, 48.95123966709169, 57.42751659300717, 65.57570681890172, 71.99814179848245, 65.3515509165156, 56.91716170271628, 48.45885266212408, 23.572948394511787, 24.36858944612383, 26.43171239634407, 30.924597571192027, 36.8886746776208, 32.38905880677186, 26.19096678268971, 20.142503169060817, 16.78069274122129, 16.344855573101064, 49.13483214824337, 56.20719032947963, 64.38763475862739, 70.96668953397638, 75.45898440335615, 73.32104508626318, 68.57500104949952, 62.231597981614456, 55.176732266166326, 50.00877914168884, 20.251791936100318, 25.85096102539435, 35.2889401057413, 33.52626245827521, 42.1813902446966, 49.1975722545735, 53.71806760009065, 55.09313639281566, 53.12034489758467, 45.754118121940905, 38.303191456459395, 35.64590020744088, 59.44738825749933, 54.01241844387672, 55.581954931847775, 60.29065164463397, 62.834551761245514, 67.02804340798322, 76.17776067402599, 77.66558980236341, 76.46278665895034, 74.25091719946585, 69.91773556967743, 66.44944423566919, 60.12221818272697, 57.72280793521173, 62.2321083286548, 64.79556621850215, 72.78906758158965, 68.6703757545641, 64.80973468038317, 61.58754107546939, 59.36893058184629, 60.02874537152638, 66.09548599715627, 71.68969339253884, 85.48689472764268, 93.44662420248895, 102.39431554174472, 101.34357489722231, 114.99385885682351, 112.09485210096429, 113.36532263840652, 106.91622074148593, 103.00657075287621, 98.29614693100048, 96.34185286987741], [44.994659886869364, 52.42987383866755, 60.713005104979906, 68.21048325837674, 60.35786710325929, 51.60136710425419, 43.18501464547605, 0.0, 8.669679474060732, 15.870948673842436, 22.988169304360145, 29.324024580900268, 22.328940717916108, 13.927652136239043, 5.3779742067593626, 43.77996763980362, 51.855411264373416, 59.49520452815714, 67.54140681134011, 74.64725827067915, 71.73730451134116, 64.70579233412836, 56.99251450373774, 48.859462379494026, 40.54396642671456, 21.115197210219968, 23.710697353602953, 28.779026420986394, 32.91158287889446, 35.81695438009079, 32.54175438190122, 29.020556875587314, 23.571702181977482, 18.934897125089325, 16.292203087449714, 29.57680066241332, 33.33645081487693, 41.90949761553033, 47.03849122278181, 50.93886209704998, 50.807911577737386, 48.27387398309207, 41.15337262283866, 32.20526164044206, 31.71259794724343, 19.842566037389446, 14.336683729262111, 72.70728656454683, 63.96658517674709, 60.90817610447006, 58.68986159015582, 56.7731780977224, 56.12431881475777, 60.517295722784, 67.2119296934429, 70.4082324055144, 73.11149041479065, 74.35280060592252, 74.88928930981302, 69.36781931787546, 62.932318631339726, 60.73355001423178, 58.973981856845555, 60.789488569184655, 62.57349983817667, 63.471241282405295, 66.6243507440243, 92.84705532882026, 94.2211784815441, 97.8062659939757, 98.35584693961032, 109.6712416156005, 112.14977226476962, 114.85481441774627, 101.6225321757339, 99.96289606425468, 91.15404878433206, 87.94483813264986, 77.0333270983139, 68.2147488755568, 61.649957514298976, 60.27119289036875], [49.471182149378656, 56.88058862294593, 65.68177621095656, 73.9659545666209, 66.11845732756217, 57.27368811180246, 48.95123966709169, 8.669679474060732, 0.0, 8.476706926645573, 16.89587563594684, 25.911452332913665, 19.637921072279973, 11.962135005670435, 7.75586546607179, 45.59200140116548, 53.99472153827199, 62.179367336090564, 70.81946695589197, 78.489532560313, 75.8738375063651, 68.43513318701008, 60.58588061773422, 52.1633094323671, 43.69208834103943, 15.096478702552494, 15.713945957665823, 20.134131642856143, 24.6893064911781, 28.341217551986592, 25.112631549547114, 20.82073264912203, 15.05433962262902, 10.586573461011737, 9.250380761242104, 33.48741198138054, 38.26080498596433, 47.171491622141836, 54.32844003595937, 58.32093867100598, 57.179471491041845, 54.05560733675442, 47.22606641933743, 38.14276058320406, 35.876541125436916, 24.299983255407625, 16.828689469079908, 80.79375355431628, 71.51118603555508, 67.99965782299078, 65.26292858187631, 63.050121765293405, 62.29063127680455, 66.60356567060711, 73.61430091513502, 77.11129213957544, 80.25942363735852, 81.81057015125239, 82.67857548825391, 77.24500376612707, 70.21529895946921, 67.51461088552271, 65.44489411498272, 67.18691987405461, 69.32965301482871, 70.58687680526872, 74.22173186508228, 96.44210592822581, 100.03465620459863, 105.1957136129732, 106.45969821021694, 118.14547538073651, 120.78599724121636, 123.39535087100934, 109.1646890374826, 106.10273678749934, 96.36389091763672, 92.07662784512681, 79.83428430681498, 69.06812781134647, 59.780573075001286, 54.83636691184363], [57.836544251210675, 65.22552198323513, 74.08307488910638, 82.36263133227624, 74.58983644018413, 65.74723659377081, 57.42751659300717, 15.870948673842436, 8.476706926645573, 0.0, 8.793020731834252, 19.435515328732755, 14.118177589050541, 9.646567579838386, 12.26455670823149, 53.186142936682046, 61.68187307119396, 70.02031587065963, 78.78731326466415, 86.50070517381634, 84.0338181352706, 76.57587013681518, 68.7272941943466, 60.252396902411654, 51.76692614262606, 18.315188928619712, 15.136932243700473, 15.656333197810845, 18.201733939025313, 21.09810368644964, 17.231019279445718, 13.477089624790548, 9.05636733931663, 9.524884791689873, 12.394219198428479, 41.59140654536555, 45.6588211977464, 53.62584670199991, 61.236744641920936, 64.52266641429166, 62.417458345843514, 58.37347997160624, 50.71148798176542, 41.235563747845205, 40.3560220878677, 30.366162733495486, 24.443718330717363, 86.75540322935841, 77.29092373613359, 73.27162818788828, 69.61264126723826, 66.77308851854242, 65.21645901670448, 68.40681452354785, 76.10381403222439, 80.25994441568314, 84.1467033276841, 86.50942976265597, 87.94345224558812, 82.78931981956833, 75.40623147652578, 71.80231635331113, 69.11121665311163, 69.69887497996372, 72.81026354755187, 74.8132606974908, 79.28112940918328, 103.90573882271762, 107.7509903606758, 112.77507161714342, 113.56458619778111, 124.89447789310547, 126.8465358255024, 128.57962344903166, 112.60689353301949, 106.77738589857263, 95.92992649069133, 90.6020217647809, 77.38095327867262, 65.19297094287018, 54.88803011170519, 49.13561186842685], [66.26298417678368, 73.66632264474482, 82.35206574391944, 90.21771477914207, 82.69164156477311, 73.95035717289603, 65.57570681890172, 22.988169304360145, 16.89587563594684, 8.793020731834252, 0.0, 11.939829863183853, 9.690170408213366, 11.966769327335511, 18.385134859930975, 61.9135143177277, 70.31868830809034, 78.5445077529108, 87.12703470514423, 94.53828884857259, 92.2097969607712, 85.01211969077097, 77.28577791496626, 68.88865975660251, 60.45373360086758, 26.219995779901893, 21.38901784377749, 17.908310494658757, 16.06401090347504, 16.02538887473533, 11.452602557408206, 11.314409226311465, 11.92342023170474, 16.699192562212403, 20.710188011962952, 50.22424092791777, 53.693742948451366, 60.798662911549265, 67.84742508880603, 70.36007516461639, 67.80488119842879, 63.06367687034906, 54.26066918948261, 44.4733167354263, 46.16299509750465, 37.531332566275886, 32.9546763996805, 91.69677570912368, 82.48525218967039, 78.20078496596949, 73.7811789539482, 70.35650965109559, 67.80469674310095, 69.31828024707625, 77.77928266862926, 82.64238052763999, 87.19102544341104, 90.38939494196187, 92.27582945535345, 87.42386795457969, 80.09697458479688, 75.73668800374541, 72.46771008916474, 71.45050879181247, 75.6700315412437, 78.40192534514527, 83.5538644433685, 111.09530191198103, 114.33062422067269, 118.70544686854744, 118.7418797917353, 129.61397355410423, 130.78349488681317, 131.5375804368483, 114.47423651749247, 105.11095740525074, 93.22996204546241, 86.59875240652912, 72.40045443443661, 58.974724373217526, 48.2003222276939, 43.41555267050707], [73.66348659106444, 81.06782848688722, 89.12630737910371, 95.79600935337618, 88.82553873547968, 80.42025942473595, 71.99814179848245, 29.324024580900268, 25.911452332913665, 19.435515328732755, 11.939829863183853, 0.0, 9.408479375177427, 17.274370828884823, 24.375281207973334, 71.2963602427505, 79.35945513036874, 87.04911295863481, 94.91911777608654, 101.42638575341853, 99.18122003031571, 92.72818112477724, 85.33711994784055, 77.26078819212947, 69.01078444557847, 37.6385879284288, 33.18741256008412, 28.898968217708013, 24.410963760601827, 20.721856762810177, 17.514597550677543, 21.303162670779958, 23.71893133433555, 28.34774998892778, 31.82085986232825, 58.57014126882415, 61.26485329440147, 67.38820212506089, 72.16700517973422, 73.64768581154875, 71.46189657403306, 66.36981004966822, 55.81085513954364, 45.77646859760524, 52.10570312334744, 44.6434946371032, 41.713800365195716, 92.76801417009672, 84.62405662799247, 80.49126410386584, 75.57127647796285, 71.62707389921599, 67.70804046472352, 66.51862525162421, 75.90289983465034, 81.55382620067854, 86.60961198131166, 90.69811595834182, 92.84430759638907, 88.36896187551014, 81.84956523699708, 76.97093485509107, 73.1956705242352, 69.72670267845308, 75.31656801800753, 78.75470442592821, 84.34135142308364, 116.67858097713398, 117.52105394196651, 120.03975710901771, 118.63914534411177, 128.69776043900083, 128.79464547517122, 128.31138647548678, 111.343168621651, 97.17573093604881, 84.48745741462294, 76.20042612147343, 61.131359328988246, 47.15784372805052, 38.13315499937394, 40.03595321195126], [67.30709929241569, 74.74619508121637, 82.9910918415988, 90.06728220101452, 82.44970834284369, 73.76360684699743, 65.3515509165156, 22.328940717916108, 19.637921072279973, 14.118177589050541, 9.690170408213366, 9.408479375177427, 0.0, 8.847390663819922, 17.00073732523166, 64.87059259254724, 73.28760560896211, 81.25571575972009, 89.46767464064278, 96.44799383158376, 93.7903373627802, 86.86790200567793, 79.14523928733134, 70.87751691972316, 62.41847267205931, 31.957196941494303, 28.764762197473665, 27.170520965107844, 25.675004182282095, 24.56524554019823, 20.135358406485317, 20.8935233968677, 20.465577475934214, 23.248848215591412, 25.917409790534585, 51.10576563259227, 52.695416369971696, 58.28168645841379, 63.70660742615124, 65.18884418713616, 62.55550942918602, 57.436485311685615, 47.40821824410521, 37.43509076767205, 42.72747924876589, 35.65834454374786, 33.94117892879557, 85.24965252763518, 76.44489202795356, 72.07571282079401, 67.17976206592044, 63.383957093794535, 60.04521950842103, 60.39825917439734, 69.23437332204611, 74.4670774352806, 79.33052514439242, 83.09100306685573, 85.27893807356736, 80.72057805989621, 73.65134164943345, 68.81357330044246, 65.19284598786905, 62.95547702073817, 67.84630329083197, 71.02521016631572, 76.5962733201408, 113.26639931986544, 113.90453746293167, 115.91098837170227, 114.38442462135598, 124.12670950325779, 124.14802363407311, 123.94630914396373, 105.6909956494921, 95.62086945860483, 83.7492537464372, 77.9373567080837, 64.88771715609231, 53.13377312053942, 46.868946300229545, 48.36520444481497], [58.77560294315453, 66.21505194004536, 74.59853784177398, 82.03829767910663, 74.12993912569465, 65.31286289373077, 56.91716170271628, 13.927652136239043, 11.962135005670435, 9.646567579838386, 11.966769327335511, 17.274370828884823, 8.847390663819922, 0.0, 8.570489837913643, 56.305148355247304, 64.79328071343737, 72.83096749870133, 81.18391364455066, 88.42974092781918, 85.60080646798988, 78.43730893292557, 70.58999175524718, 62.261386389026235, 53.75207095299468, 25.234532753266766, 23.812972751556874, 25.138452012838123, 26.523670946656896, 27.647326965311798, 23.304338927451493, 21.461143300948297, 18.118067723565282, 17.92632757934051, 19.110603972765123, 42.272635429557845, 44.09795563236805, 50.402970972261244, 56.33388666420886, 58.57152493065445, 56.36955027851127, 51.91351628323847, 42.9376298103869, 33.07409820851509, 35.89633985751896, 27.43141723683698, 25.139671984075072, 79.73313615935308, 70.58780394572142, 66.45110091041661, 62.30904175165702, 59.10548293561919, 56.83397063389347, 59.11804110153617, 67.13201819460573, 71.60648046881755, 75.77669624628192, 78.66159341827897, 80.38950182471383, 75.4839929457641, 68.28938258862414, 64.20847909720514, 61.17999092229022, 60.724606339439404, 64.40735407203998, 66.81539285116915, 71.70348350713797, 106.12294154591302, 107.22116550858637, 109.76286377603394, 108.93743242488053, 119.13449461164994, 119.93724581270833, 120.74891237609717, 103.55170568272064, 97.38085605449716, 86.65989329734798, 82.29539900154364, 70.32094723077789, 59.84846114879467, 53.583371642092814, 53.373901313109585], [50.343451126654145, 57.779889657656774, 66.07489020969389, 73.49285244172074, 65.63848254913783, 56.870124140644535, 48.45885266212408, 5.3779742067593626, 7.75586546607179, 12.26455670823149, 18.385134859930975, 24.375281207973334, 17.00073732523166, 8.570489837913643, 0.0, 48.68073896981883, 56.924695019196584, 64.71109435746895, 72.85440643228976, 79.97885317099032, 77.10374582819038, 70.05016727612954, 62.2951528491805, 54.0930701159776, 45.699547557764056, 22.11162128630282, 23.108790768353956, 26.86911936651322, 30.056389028494927, 32.34352097435976, 28.682097118960147, 25.700887064544073, 20.826800656825114, 17.612535744213012, 16.416473765188766, 34.474912568147204, 37.32321234439139, 44.9159065496611, 50.29650252143843, 53.480932714806215, 52.52894394529178, 49.19367982471118, 41.17864774867006, 31.68704316168677, 32.75625456572045, 22.14869533664749, 18.20201679005901, 75.01162636803858, 66.11972883477478, 62.624971404757936, 59.6174366286371, 57.16755700354072, 55.83902619981742, 59.380222285272254, 66.64190205662538, 70.3645762482298, 73.65662212964759, 75.56971402296918, 76.58148238003105, 71.2941996751609, 64.56324773756863, 61.594633261712794, 59.31335062785671, 60.18691789430428, 62.75140402380045, 64.26165318057389, 68.12419307484744, 97.92627567215735, 99.0803464646773, 102.16152361629024, 102.0998900026921, 112.9519257922137, 114.7354502556141, 116.66691778453743, 101.89651144755308, 98.41524959132346, 88.87209028980644, 85.21199016597258, 73.89106075505218, 64.493259133033, 58.1006768029466, 57.31051887933036], [16.45608907161814, 20.03267697925909, 29.64880708160686, 41.989838073328265, 33.749025873645024, 26.691159938978014, 23.572948394511787, 43.77996763980362, 45.59200140116548, 53.186142936682046, 61.9135143177277, 71.2963602427505, 64.87059259254724, 56.305148355247304, 48.68073896981883, 0.0, 9.5560031458692, 19.17716012721177, 29.911908923883477, 40.68258508649924, 37.41388291171364, 27.443915272173392, 19.06206106648872, 10.963105927870492, 7.506325240273899, 38.606227105714, 45.844532154826105, 54.52782011369813, 62.53967498752469, 68.56571136612384, 66.98371291666584, 61.01617598990985, 54.58843155250358, 47.30029142808573, 42.25231935005212, 18.056673459510698, 28.875353646059573, 40.89380491937219, 48.40794298012579, 57.033261342899735, 60.0080496824991, 62.67423606397025, 64.7247349999724, 61.423278997250364, 48.414552139209064, 39.323718300141095, 32.29172185449772, 78.596052204764, 70.34252095071753, 69.85551419424286, 72.74988982524327, 74.47524832862773, 78.8258017996741, 89.10173639633062, 91.41788254798686, 90.8942740229319, 89.95865229881349, 86.4855011489882, 84.27693303106365, 78.08460202687967, 72.87674201377426, 75.61053509541114, 77.29889792208645, 86.0831970905669, 82.56015922659654, 79.6378335802871, 78.23245457948632, 64.07417419118049, 74.86709503239017, 86.71787190986724, 94.45614113765261, 108.84066333288526, 116.94489599500126, 125.49705136088768, 120.13771490915578, 132.25489721055035, 127.16522293289825, 126.86078048884276, 117.75702220610776, 110.18900213804199, 100.66041266394508, 91.60602626351466], [15.816455551871476, 15.791064179369831, 23.806970152462767, 36.211194483374804, 29.458005173396263, 24.7062010981386, 24.36858944612383, 51.855411264373416, 53.99472153827199, 61.68187307119396, 70.31868830809034, 79.35945513036874, 73.28760560896211, 64.79328071343737, 56.924695019196584, 9.5560031458692, 0.0, 9.79039597948045, 20.78268581640751, 31.98651405619209, 28.977791090690022, 18.95367903502858, 11.70042471816237, 7.7341869488409065, 12.665422525838569, 47.43811538519852, 54.4479379084134, 62.71463967853809, 70.45508671612865, 76.35635446333453, 75.10889352171843, 69.33673100501639, 63.14290040832686, 56.002930424682006, 51.03447597072092, 26.07691690829179, 36.17137125369203, 47.410754617236805, 52.938204102272664, 61.84842213685828, 66.03460659777713, 69.55051550746215, 72.05452438015796, 69.18423499194324, 56.79112177924385, 48.04334247935227, 41.22174384066902, 81.5463448155687, 74.42469683318636, 74.82572594891838, 78.68099893518797, 80.91419221365511, 85.57358159099165, 95.85310512023912, 97.72676390921548, 96.74933379399637, 95.13607275537099, 90.93609519999627, 88.03377109334738, 81.83014599321412, 77.68197665063126, 81.36442741329851, 83.5626938313988, 92.58975398316882, 88.5733251851833, 85.09857578405135, 82.72865567426942, 55.72583452129438, 68.39505490999322, 82.31795585626682, 91.80168854769138, 106.99629786782259, 116.5197636017432, 126.34807246729697, 124.25982425031528, 137.5106553843115, 133.19648089730345, 132.86608581813007, 123.93099082420389, 116.76073497943584, 106.94400387429641, 97.71064827785813], [18.361237582390707, 14.415502730436495, 18.457474178089104, 29.892092167907496, 25.473841635859678, 23.96302889872501, 26.43171239634407, 59.49520452815714, 62.179367336090564, 70.02031587065963, 78.5445077529108, 87.04911295863481, 81.25571575972009, 72.83096749870133, 64.71109435746895, 19.17716012721177, 9.79039597948045, 0.0, 11.095589453235956, 22.60984944026866, 19.82339579234983, 10.225515903492644, 7.411342921937292, 12.203601743735081, 20.277493796868093, 56.5417810640979, 63.412356382522695, 71.34365947320643, 78.73875754752729, 84.39006562877496, 83.35850032278181, 77.85342093090996, 71.83707389741498, 64.80797477739222, 59.86507776981291, 34.01259622101448, 43.35856473948727, 53.796798600670776, 57.00713487223458, 65.99383423606012, 71.4435038190333, 75.74701424196931, 78.4985383500079, 76.04980455328398, 64.6350867493006, 56.19699493805494, 49.76277359139566, 83.43159505288921, 77.65882496941047, 78.99205964742816, 83.76294089727537, 86.45909726338573, 91.31313098028583, 101.41710629555772, 102.86129758995459, 101.45829347317124, 99.167043827303, 94.29822121063165, 90.69491098609474, 84.53122689014305, 81.60042463019812, 86.1968591781841, 88.87033533479007, 97.94893645693698, 93.51178119291889, 89.52282522389328, 86.19368904622456, 46.896148048713016, 60.73462735633849, 76.4421339686874, 87.56321460716806, 103.4606480579223, 114.35897060494185, 125.42107048903567, 126.88078184480173, 141.14094177569214, 137.71951523633663, 137.45850981499336, 128.90353540152995, 122.40985168284286, 112.77621501977805, 104.08636739414366], [24.551382261827822, 18.559950903772158, 16.29188125189565, 23.90678299164661, 23.693987192449164, 26.258176346779162, 30.924597571192027, 67.54140681134011, 70.81946695589197, 78.78731326466415, 87.12703470514423, 94.91911777608654, 89.46767464064278, 81.18391364455066, 72.85440643228976, 29.911908923883477, 20.78268581640751, 11.095589453235956, 0.0, 11.763194528192672, 9.653979819279405, 5.971820701419963, 13.248847683852091, 21.27542787158474, 29.68737975638936, 66.3786487437919, 73.09040797988237, 80.64251557379878, 87.58850146104801, 92.88170620602081, 92.04957746793214, 86.89946877150568, 81.09029188249298, 74.20915415357763, 69.30763484933767, 43.04275867570249, 51.76099322379656, 61.44648977736486, 62.081999268660816, 70.92944892198739, 77.69008062661865, 82.68245611404275, 85.40118107824938, 83.28368474503566, 73.25691500800416, 65.01901845534802, 58.9396624964635, 85.61220630399188, 81.48897711154457, 83.80972604359528, 89.42894533824098, 92.51744141960931, 97.40281649835377, 107.05635063108899, 108.14210910048581, 106.378257053919, 103.42370159797616, 97.96573846708124, 93.64051778933288, 87.57496684568733, 86.07209518390428, 91.53069970693728, 94.62130529393798, 103.47209703150835, 98.74666020188386, 94.30707618348606, 90.02890622617679, 36.77128448257358, 51.42188817013374, 69.17400814679878, 82.12970678468547, 98.79703928130975, 111.20993361610233, 123.56606462822631, 129.23176756203247, 144.09791339410216, 141.66458340688877, 141.38313002128652, 133.28270022677955, 127.62846281936511, 118.38437075933327, 110.66781825683232], [32.35790393065985, 26.261928456205403, 20.06842396177505, 20.649352216478896, 25.80829686948647, 31.385292524916586, 36.8886746776208, 74.64725827067915, 78.489532560313, 86.50070517381634, 94.53828884857259, 101.42638575341853, 96.44799383158376, 88.42974092781918, 79.97885317099032, 40.68258508649924, 31.98651405619209, 22.60984944026866, 11.763194528192672, 0.0, 5.811769442919257, 15.01738429951495, 23.33035810771697, 31.36667288330305, 39.37434824969725, 75.51492376169351, 81.98474480746415, 89.04256664055302, 95.39359183782435, 100.20066699958373, 99.57805372839309, 94.8985143900224, 89.37351250221249, 82.72826984870159, 77.92473040048417, 52.01975694142546, 60.41810429052723, 69.61707703398922, 67.71207855196063, 76.2221002021796, 84.20356651329212, 89.64392964045189, 91.8782087318672, 89.85651368115387, 81.66084964610262, 73.38611448482206, 67.50493257197283, 88.02259896562747, 85.68471826127058, 88.90578662664662, 95.1351232470617, 98.43893181750875, 103.08622144922427, 111.90526362732449, 112.85281383401838, 110.91786061799546, 107.45206606480558, 101.64556960042628, 96.68877924935833, 90.75625922374596, 90.7415824531989, 96.83989885237229, 100.18341405880169, 108.38523657000175, 103.65343067757838, 98.94295421798715, 93.90015843489421, 26.085059426839315, 40.69804607153981, 60.876962592016476, 75.72327644586564, 93.27459232644087, 107.18791364579934, 120.69822237465549, 130.95251810253174, 145.44364042141106, 143.93601077875428, 143.3613713871918, 135.64863287078012, 130.8753291439336, 122.12069906746359, 115.7492341603377], [28.229804815062852, 21.618678985316496, 14.72590089440931, 16.73992069839322, 20.55887435520347, 26.3068608320364, 32.38905880677186, 71.73730451134116, 75.8738375063651, 84.0338181352706, 92.2097969607712, 99.18122003031571, 93.7903373627802, 85.60080646798988, 77.10374582819038, 37.41388291171364, 28.977791090690022, 19.82339579234983, 9.653979819279405, 5.811769442919257, 0.0, 10.657763049216005, 19.079187930326093, 27.464382460097017, 35.65128800983259, 72.9877981108562, 79.71324780995195, 87.15955468108578, 93.74571044270006, 98.63950283639883, 97.72809148779811, 92.90347546416521, 87.1307131000879, 80.29199466468961, 75.34656435827453, 48.01691069388376, 55.65263488011388, 64.39033023293385, 62.42369070405148, 70.9465139492722, 78.87763945660105, 84.46904869350531, 87.13434758847224, 85.50191683623804, 77.0065629984535, 69.27384513494292, 64.08612766647518, 82.94116033156128, 80.34942199574627, 83.54072765243775, 89.86700475945702, 93.28816994925609, 98.15366473057237, 107.33975081489612, 108.00859539330283, 105.90355053215882, 102.36169826528145, 96.4476351688068, 91.53415562418166, 85.61526861563307, 85.43490353713214, 91.61435000430465, 95.06283461036088, 103.62846105459118, 98.64208443167216, 93.8248899716184, 88.7349661435827, 31.425667399730248, 42.582967303139554, 60.255835611506335, 74.00970310452973, 90.94072868731935, 104.2299469061801, 117.41955055643994, 126.28799820700931, 141.94812365374992, 140.53895225209683, 140.68838026205796, 133.4957255031448, 129.08184232748425, 121.15550659865507, 115.4288362698091], [20.400243251697024, 13.656615547241163, 11.248384516627487, 20.88492054310669, 18.63790660621458, 20.91036483379573, 26.19096678268971, 64.70579233412836, 68.43513318701008, 76.57587013681518, 85.01211969077097, 92.72818112477724, 86.86790200567793, 78.43730893292557, 70.05016727612954, 27.443915272173392, 18.95367903502858, 10.225515903492644, 5.971820701419963, 15.01738429951495, 10.657763049216005, 0.0, 8.896119562925227, 17.684889196167696, 26.314102421575562, 64.4104374975909, 71.38304650307684, 79.309294108209, 86.41014439275534, 91.69828140857831, 90.54468658502722, 85.31921810352756, 79.2676478755149, 72.2056007171131, 67.15531201174592, 39.1780876483288, 46.945596049390005, 56.10487828973545, 56.42995866769748, 65.26324516426723, 72.07900081534466, 77.26221289603599, 80.35617753467932, 78.66550164783334, 68.5622465393828, 60.93062041286036, 55.73305370106912, 79.97765886382318, 75.70690376110375, 78.04862410765523, 83.79554604056003, 87.01035012682217, 92.07909401417258, 102.00802943436447, 102.80565671858012, 100.86934032043696, 97.81297522686684, 92.25219341425435, 87.94491910242556, 81.90298525141992, 80.33138194489945, 85.90096028126014, 89.10768986476057, 98.24211490495422, 93.2751456899296, 88.72006345163243, 84.35956040413748, 40.9323173439299, 52.22258829382551, 67.60678942400638, 79.45039077328873, 95.4781343817102, 107.2665696690947, 119.29080138904115, 123.84038012244127, 139.77013529645606, 137.52738169141068, 137.9874840442988, 130.51871447226083, 125.40064785714398, 117.22359143236626, 110.55925734953495], [13.082153339560085, 7.57597147572561, 12.498352081731415, 24.985135220147374, 18.799273005487795, 16.773840695378922, 20.142503169060817, 56.99251450373774, 60.58588061773422, 68.7272941943466, 77.28577791496626, 85.33711994784055, 79.14523928733134, 70.58999175524718, 62.2951528491805, 19.06206106648872, 11.70042471816237, 7.411342921937292, 13.248847683852091, 23.33035810771697, 19.079187930326093, 8.896119562925227, 0.0, 8.92254491502979, 17.646252514767948, 56.23487329178564, 63.38215892193698, 71.63444525037431, 78.99118428052445, 84.43040640853395, 83.02831241824218, 77.61246666388821, 71.36424379092819, 64.16609544040124, 59.03796197179796, 30.562518213259345, 38.61599440366234, 48.38665103837104, 50.305252315727714, 59.27002690417485, 65.24645393697826, 69.94770874861315, 72.95289718750568, 71.04369686370664, 60.20193092142305, 52.461344427020826, 47.30718895525108, 76.1235511765912, 70.61807712132558, 72.23268638547793, 77.34383197344339, 80.25407599686866, 85.24665245756958, 95.43225011981353, 96.51621325918437, 94.87464193410453, 92.32560667560286, 87.25584903053645, 83.50075837682674, 77.35762020694968, 74.74431725196948, 79.66278011586175, 82.54866892835204, 91.76317733818709, 87.04341267182436, 82.83579061190161, 79.1989154475136, 48.68311941504906, 58.574653189600106, 71.81909031352377, 81.8741668893211, 97.19164479164009, 107.61485643420355, 118.49012572069641, 119.73604178929466, 135.08031152915194, 132.14239854072184, 132.71450624931077, 125.07135913000506, 119.55467850112089, 111.511181558315, 104.7658816833359], [8.496541914035555, 9.264914568613136, 18.69092664401923, 31.132326268089066, 23.15167172392633, 17.276257090917404, 16.78069274122129, 48.859462379494026, 52.1633094323671, 60.252396902411654, 68.88865975660251, 77.26078819212947, 70.87751691972316, 62.261386389026235, 54.0930701159776, 10.963105927870492, 7.7341869488409065, 12.203601743735081, 21.27542787158474, 31.36667288330305, 27.464382460097017, 17.684889196167696, 8.92254491502979, 0.0, 8.791079548420095, 47.50969645858072, 54.75722618449673, 63.21916386801095, 70.74515504179884, 76.2922865336538, 74.71085601449141, 69.15825819054548, 62.785698194444684, 55.51022626386158, 50.34423487426315, 22.100233815932018, 31.338035327849784, 42.28039491390602, 46.0996571721523, 55.05097761492686, 60.00620804394916, 63.93524757333395, 66.40071551561024, 63.9246993415233, 52.555004956255004, 44.223932456149676, 38.628379701168384, 74.1194139809628, 67.41250762361332, 68.165576705782, 72.37402694771829, 74.78882134327303, 79.46542256654224, 89.62144960100213, 91.2540654408706, 90.10882113767701, 88.24369397011779, 83.89002704803715, 80.78887801706377, 74.55912649469198, 70.8675107238033, 74.88620059360504, 77.27272085946282, 86.22666823678934, 82.03249116464615, 78.35947451426219, 75.66297981453184, 55.765917475984224, 64.83751728494262, 76.5913390829896, 85.09559727168009, 99.86620394929939, 109.00509488378661, 118.67361628136594, 116.86722428287915, 130.71842219197976, 126.90886418417149, 127.22192152130148, 119.13117279470305, 112.9998663545645, 104.79781725786083, 97.81351155393143], [10.24756766540085, 15.723522553762116, 25.681050414888055, 37.38409572187885, 28.598498675917835, 20.612432921731337, 16.344855573101064, 40.54396642671456, 43.69208834103943, 51.76692614262606, 60.45373360086758, 69.01078444557847, 62.41847267205931, 53.75207095299468, 45.699547557764056, 7.506325240273899, 12.665422525838569, 20.277493796868093, 29.68737975638936, 39.37434824969725, 35.65128800983259, 26.314102421575562, 17.646252514767948, 8.791079548420095, 0.0, 39.162743069963355, 46.51924930937043, 55.18409685531457, 62.79204675441756, 68.34812372639735, 66.52796707780601, 60.906918815483664, 54.39998508585314, 47.049621292466334, 41.82692216236558, 13.792697197916912, 24.75937812721905, 36.963937791491176, 42.43742428840017, 51.136898213690756, 55.06149783908162, 58.09690048540316, 59.74623267625042, 56.59865827397377, 45.07688130810633, 35.962821421282634, 29.878650429035126, 72.0561506880154, 64.34516305545836, 64.25093257913298, 67.46545699063373, 69.30828420146837, 73.52538343540834, 83.44988399322037, 85.69565480294479, 85.10765608137493, 83.95945858304181, 80.40546017314668, 77.9700131612109, 71.70818652888586, 67.0656290349016, 70.10704100152375, 71.92915002277101, 80.39967095384266, 76.84675619836405, 73.77795941243721, 72.06679023385814, 62.8184737377178, 70.60594981286664, 80.72775256810426, 87.65392183777085, 101.80721578164359, 109.65442072797582, 118.08853586687903, 113.48169221663426, 125.59792635763246, 120.95988557111441, 121.00497827039669, 112.54809173339444, 105.93239618124905, 97.81282366125308, 91.01043903118763], [47.320669555562866, 54.24258680891855, 63.888820286586146, 74.03201000863451, 65.68574792763059, 56.742509886312796, 49.13483214824337, 21.115197210219968, 15.096478702552494, 18.315188928619712, 26.219995779901893, 37.6385879284288, 31.957196941494303, 25.234532753266766, 22.11162128630282, 38.606227105714, 47.43811538519852, 56.5417810640979, 66.3786487437919, 75.51492376169351, 72.9877981108562, 64.4104374975909, 56.23487329178564, 47.50969645858072, 39.162743069963355, 0.0, 7.677748971302005, 17.337638761744692, 25.903516712649928, 32.29440207429285, 29.911613193106756, 23.30772155354463, 16.620836198590343, 9.630358834129753, 6.194885829243586, 30.884135730986195, 37.339793943020865, 47.39269226953136, 58.18776726975674, 63.37312457343133, 61.46610745868158, 58.87462346866389, 55.02280203935028, 47.38783761759425, 38.60478966839116, 27.35590032739069, 17.33488999656629, 87.66371589319283, 77.2917639295919, 73.60138023353203, 71.431