{
	"dissimilarities": [[0.0, 7.447065629747198, 16.647930281664742, 24.864343084272825, 18.216169733093672, 10.569014063430515, 6.682938945512742, 43.6092985136907, 49.55813692577474, 57.86930132096175, 65.24658956066129, 72.33490321116582, 66.10031634919552, 57.597055472636775, 50.18020049533279, 17.571152500849657, 17.82757828508553, 20.68648872038254, 26.852893488896388, 35.145438611442984, 30.562626859736614, 22.431222011449712, 15.176259651864981, 10.506745339595323, 11.932450275227131, 46.56264955925018, 53.75218778756973, 62.06424549911759, 69.15868869156132, 74.48428523563335, 72.30649696071593, 68.00104569778985, 60.61847990432282, 53.388153066761035, 48.16797039693614, 18.218305545719804, 28.4743649141734, 38.70357907700828, 39.705803206118894, 49.29671832358772, 54.24857364693094, 58.92908195925276, 60.91127505815354, 58.43486443642676, 50.50398371130706, 41.01753698077125, 35.8400657088071, 65.78461989139204, 62.399221315762794, 62.31630056430907, 66.74486392042942, 68.37118779472995, 72.98673770609244, 81.55173748511982, 82.66327089976149, 81.88454446830299, 79.75221033981198, 76.22421785856355, 72.008781879807, 66.65540140202584, 66.56228845904455, 70.66390860567483, 73.46342386551228, 78.28048196521671, 74.27921059404599, 71.4812880280839, 67.41675169238363, 57.1879211093601, 58.21920465166079, 68.62773030969554, 75.69431801778045, 89.72584363657987, 100.20814096965258, 110.67125380091002, 107.76852116084167, 120.77685765772651, 118.01164640590696, 119.89586881310794, 111.72178420761385, 108.01405323910501, 100.54323209555977, 96.00024037597481], [7.447065629747198, 0.0, 10.290636824546572, 19.48853235728709, 13.115104989799585, 8.658720582571192, 11.403527787843416, 51.042704902614794, 56.9737203261014, 65.23483866214679, 72.63556275799277, 79.77556025565859, 73.53721738045122, 65.02241596321068, 57.61483090535732, 20.216950034264837, 17.01936914886251, 16.607714416266436, 21.1389865691289, 29.518092739909694, 24.380371281371865, 15.975123850420005, 9.698582816082409, 9.944690860400337, 15.979180144177924, 53.30687087120959, 60.55310439481573, 68.91362988903366, 76.10630527012462, 81.49739244832051, 79.4544960585449, 75.1335405310941, 67.74112301831109, 60.480299863811936, 55.25233719115372, 24.913321937786797, 33.65702653160681, 42.71388235959933, 42.924051539855775, 52.659769127258905, 58.08989056504397, 63.42647229774226, 66.35483468843412, 64.59993347708766, 56.10662279509463, 47.40935559132953, 42.79376883285398, 67.57156944228203, 64.97460085412962, 65.42579587817092, 70.63752218490075, 72.79316179345318, 77.88441345747783, 86.89333763038455, 87.2733624423166, 86.01940243830722, 83.2768913334516, 79.02654919288224, 74.42295907713174, 69.06776180447137, 69.5792462349386, 74.44630322929218, 77.80233094608583, 83.24472980846214, 78.59098898148453, 75.24173096083962, 70.41754279484569, 52.56231592700033, 54.249581693516376, 65.72683692164847, 74.00480562129994, 88.55437946189963, 99.98241126098031, 111.47345179578636, 110.54963549143969, 125.54844353228043, 123.49452297249542, 125.88764030273225, 118.15745687317249, 114.88415439565891, 107.52098713857566, 102.73170813812054], [16.647930281664742, 10.290636824546572, 0.0, 9.529583559516544, 5.341165599077227, 10.503582896826492, 17.674392395406436, 59.42810232123103, 65.56487045222087, 74.06442851103363, 81.32790088925142, 87.8704455782207, 81.73469366122342, 73.32415307487638, 65.85524703160762, 30.119724270290472, 25.160880936974547, 20.876689906058143, 19.65797471208756, 24.194454399638136, 18.482022356822643, 14.355901672703462, 14.288059435424076, 19.331799472593488, 26.24288173683496, 63.17498375576885, 70.33444892726634, 78.52468898821529, 85.42410086067053, 90.50228547349644, 88.54596448420769, 84.38797375451036, 77.12260832247635, 69.9527630733747, 64.75889860330902, 34.25236437213789, 41.43983915458805, 48.76541647793117, 45.85051726244624, 55.496302839960975, 62.00359254218556, 68.30135905003317, 71.67728632066638, 70.72567473555648, 63.58193331784928, 55.90963960875364, 52.18358808972442, 66.86881421769262, 66.19691448946824, 67.66763414683899, 73.90227031606996, 76.68640485318885, 82.0172975298698, 90.79315083865868, 90.449728702991, 88.64776182776754, 85.07865422938048, 79.9259625732887, 74.76091497614128, 69.50459226800089, 71.2495829939228, 77.13118318297175, 81.11153632437552, 86.95140772259415, 81.79336969050651, 77.81194304050508, 71.96645346151453, 46.67806542494615, 45.68760659175165, 56.99843605418953, 66.32864108507725, 81.5271298265096, 94.12042113749166, 106.90674266964378, 110.07293242635839, 126.74113064632526, 125.8779496843819, 128.83670361737308, 122.03028928006661, 119.96205664363647, 113.71887306311355, 110.36899794257324], [24.864343084272825, 19.48853235728709, 9.529583559516544, 0.0, 8.293739782919522, 17.009686362583466, 24.243505389143067, 65.59118936221968, 71.85633570125158, 80.55251709048385, 87.60088570644109, 93.41017775326968, 87.47149438061763, 79.25906535887063, 71.79065289186536, 39.476517263176156, 34.2930552054318, 28.863670395294182, 24.280249838072958, 23.74747973251985, 18.73223666316983, 20.2778531860856, 23.11279109173193, 28.711028153235855, 35.3830003809225, 71.09642414364475, 78.0922096758884, 86.01982635160898, 92.50630012569732, 97.17179405471737, 95.28159652440634, 91.34361295636909, 84.27539047574082, 77.26750325329395, 72.15410571063998, 42.0855682653464, 48.450249387214434, 54.59228507846112, 48.8056429799733, 58.07873697272479, 65.4514151924869, 72.37215037011325, 75.63045366062407, 75.14569707975852, 69.86890843196083, 62.866958220259924, 59.710804496415456, 65.94847486320897, 67.19933934750973, 69.5453948835495, 76.4271943510878, 79.58486181551902, 84.83750734423124, 92.94902741375202, 92.23711098288099, 90.10452825548828, 85.95974968945556, 80.22215034610389, 74.66191941809383, 69.58585343012692, 72.44722770581532, 78.99672074593973, 83.32358086604901, 89.16765624417238, 83.88785345528754, 79.54539841809456, 73.01603508514843, 43.195934728922076, 37.56823455564614, 47.79243641071207, 57.856415773621414, 73.72531605030927, 87.2866590571712, 101.09626220848833, 108.39857989407705, 125.6201344281478, 125.76047881744842, 128.98763333103196, 123.01016445513113, 122.1032519886621, 117.0708310538509, 115.48773436636216], [18.216169733093672, 13.115104989799585, 5.341165599077227, 8.293739782919522, 0.0, 9.201231623350758, 17.259189098975913, 59.32883992568555, 65.73310100652482, 74.37747313628668, 81.53934955561773, 87.71736173428658, 81.38544970529338, 73.01894696939397, 65.5923128607057, 33.231770101188545, 29.356231458249866, 25.94145021360321, 24.881091490553906, 28.288459070265827, 22.653269557529082, 19.5856880221282, 19.028467017127497, 22.85455559766442, 28.76916093335595, 64.46776226487822, 71.65179615544517, 79.90762509401432, 86.74600581473169, 91.73493262336187, 89.50151728452131, 85.33509264379208, 78.0228548996502, 70.86816285256509, 65.66123688471733, 34.649729204102286, 40.36058128390317, 46.61768614626643, 42.11217764878992, 51.622564754794055, 58.53097335298149, 65.19445048367332, 68.74160149189454, 68.28869511117296, 61.97235377190673, 55.125627246882374, 52.47560170827849, 61.8984855709411, 61.73079899837216, 63.518106539592466, 70.06359027126481, 73.06877054632632, 78.47775414032472, 87.21549365475055, 86.51337002747363, 84.50721077814238, 80.67911678674662, 75.29240222540584, 70.0017273438552, 64.78625029856167, 66.87709558786112, 73.05309510496265, 77.24012745997778, 83.24578044653731, 77.8793543348319, 73.68956283529401, 67.54989204550866, 49.75121047720528, 45.539024804066905, 54.30432094950245, 62.446002221922875, 76.9720572336972, 89.23010453805988, 101.88603451072227, 105.09561925538006, 122.6231310225261, 122.2223950136317, 125.88278857673409, 119.79228513222708, 118.50048634965437, 113.53147614762007, 111.62909352188943], [10.569014063430515, 8.658720582571192, 10.503582896826492, 17.009686362583466, 9.201231623350758, 0.0, 8.50208775721228, 50.58556807097308, 57.03824874752182, 65.62713558353337, 72.84045879852425, 79.26353005900522, 72.72544413787415, 64.27759251315666, 56.88706182973908, 26.761857678285995, 25.296455069632763, 25.075772248396618, 27.85040195465936, 33.87838265827534, 28.477637432609853, 22.406311219576196, 17.89326499954307, 17.793716417502107, 21.51559801757562, 55.695054694269416, 62.93345219003726, 71.33058098337948, 78.31992963275178, 83.47184790681015, 80.99033831121606, 76.70207528080248, 69.271062205831, 62.06536908005953, 56.82720257216029, 25.542239212180533, 31.622961739089728, 38.97764623088645, 36.22763058944905, 45.960090123345374, 52.17551691905907, 58.17295457914903, 61.25214148766331, 60.247619378236855, 53.41631217029817, 46.041052565732336, 43.32493783242398, 59.372849015273886, 57.54634979480691, 58.49374627303183, 64.20592003805936, 66.69745334157888, 71.88026054663041, 80.74771168363927, 80.64313294864797, 79.09888125184129, 75.96656615030902, 71.38097896960475, 66.57150101981067, 61.23973064092836, 62.29498642632832, 67.6205749946675, 71.28569887248297, 76.93744231142864, 72.00506370518396, 68.34326965097891, 63.06163993197663, 55.897471040809656, 52.83427315984238, 60.8449808186347, 67.38084810450876, 80.96103226084338, 91.8358659754549, 103.07235710346973, 102.35135981410308, 118.42338525363643, 117.08555341025895, 120.50167954393025, 113.88675879185556, 111.91190151872222, 106.66928601524074, 104.46196002664752], [6.682938945512742, 11.403527787843416, 17.674392395406436, 24.243505389143067, 17.259189098975913, 8.50208775721228, 0.0, 42.1792267868518, 48.58172926691191, 57.18837826710334, 64.3884159391827, 70.83612431125708, 64.38353688756689, 55.94152327351697, 48.518286569523895, 23.257326057886704, 24.42674360298658, 26.87438537610274, 31.75265162840516, 38.561637031521734, 33.79852477331223, 26.999560186521204, 20.716619894727078, 16.96447120385174, 17.22148177938109, 47.79815293527215, 54.90811492518313, 63.172373338363315, 70.02301833120535, 75.096424055636, 72.56845262122972, 68.32303177016844, 60.951449469499785, 53.811166871112775, 48.61468619199859, 18.243680227587905, 26.35697845741795, 35.50370470355067, 34.234218279390724, 43.83535191767879, 49.33259759355993, 54.397265058548065, 56.21624780042095, 54.13200668160685, 47.79563355392546, 39.19283471011876, 35.52707717908609, 59.556660583943014, 56.60864940262397, 56.788919845255954, 61.422382799445714, 63.18080690652257, 67.7422943255696, 76.05670238648325, 76.99449147608296, 76.10941736429467, 73.81603953939077, 70.20162943244198, 65.91214135027481, 60.572387843250986, 60.77122487013183, 65.04803004210665, 67.95220504972102, 72.76458020735538, 68.71872742872588, 65.81143009961359, 61.57040358398958, 59.89154120788547, 57.56207193086551, 65.42124763218028, 71.04181623996931, 84.29871465784207, 94.19740913871358, 104.27201586957419, 101.27683347393348, 114.57348830652853, 112.21106633349923, 114.72757089458332, 107.30309847699078, 104.53614951964374, 98.70565349751871, 96.29969539591869], [43.6092985136907, 51.042704902614794, 59.42810232123103, 65.59118936221968, 59.32883992568555, 50.58556807097308, 42.1792267868518, 0.0, 7.075902593493004, 15.716082609879283, 22.47657341833808, 29.20551618734028, 22.516325709163965, 14.036965817748683, 6.677139370828948, 43.48067883044868, 51.67622770264112, 59.45057741400613, 67.72721236512581, 75.4241342052905, 72.25324612827026, 64.7922189922153, 56.94960425433278, 48.74238976975965, 40.80965856938736, 19.53378527374715, 22.354347758018033, 27.90500982227136, 32.89166673641001, 37.166801496206816, 33.06766697323502, 29.0728863922118, 22.490017577090818, 17.34450017852325, 14.43212343778496, 28.588377194713555, 32.33735938487523, 40.836749491905614, 46.57115903267534, 50.51830768393313, 50.08079552127485, 48.20589257680108, 42.079693710470956, 33.42579239045651, 33.457679720295815, 22.05264416003609, 15.373454097024519, 71.49172444657734, 64.01598131084276, 60.516957416324004, 58.44170443301445, 55.79485432005756, 55.78442904979448, 59.57117162596722, 66.16791797011756, 69.01518132302981, 71.57484323199128, 73.44780614529923, 72.5388369677182, 68.39009346120665, 64.38946877735238, 62.357446222421174, 60.54293704340749, 59.76916757181891, 61.42057788781844, 63.17837565899134, 65.1761777365706, 93.19706168415998, 92.13129289640048, 97.43849244027942, 98.52071255319571, 108.41750342684152, 113.02405705393979, 116.89217643027312, 101.35364324086427, 100.44186284702089, 92.45146024335924, 90.63214173613808, 79.30635347752202, 71.77057733589548, 63.694261172677486, 61.39750739069557], [49.55813692577474, 56.9737203261014, 65.56487045222087, 71.85633570125158, 65.73310100652482, 57.03824874752182, 48.58172926691191, 7.075902593493004, 0.0, 8.88541459748711, 15.80828938576021, 23.35925753182635, 17.45163444480164, 9.765143132988579, 5.306934472397508, 47.970553088713594, 56.2622271405635, 64.2452788530682, 72.70086644092446, 80.46008495136692, 77.58562640332313, 70.12313261386734, 62.317335033017805, 54.011624636512735, 45.91747063692153, 18.04766675026326, 18.375690278287156, 22.098782994822542, 26.21290896613323, 30.23949593154889, 26.027820417398555, 22.187631579478264, 16.165422144164406, 12.505490588735896, 11.692493926925982, 34.576847882619795, 38.56867936209423, 46.87571005572992, 53.30348513083874, 56.79531112397539, 55.77471029584575, 53.131694332943034, 46.293146148095744, 37.08556475851104, 37.6271279285682, 26.817182858970646, 19.808564115753597, 77.74118845212385, 70.03188285735789, 66.25716139562876, 63.50081710861467, 60.372821425589905, 59.70293709983419, 62.55113628505177, 69.92666407548947, 73.26145498204217, 76.41225755948594, 78.88034028491053, 78.32771426059853, 74.36563105873006, 70.04860718757548, 67.36525777736392, 64.98632882129883, 63.38102312817043, 65.85434021872813, 68.17396592022871, 70.81926368562101, 97.59162117683955, 97.51380142658668, 103.36648082072524, 104.56154430453752, 114.51790338283944, 118.86428415257663, 122.24273802231933, 105.91002404680499, 102.47699524180587, 93.49556560493404, 90.31693611715085, 77.87405510350585, 68.81152145193259, 58.94792104251077, 55.156887611157686], [57.86930132096175, 65.23483866214679, 74.06442851103363, 80.55251709048385, 74.37747313628668, 65.62713558353337, 57.18837826710334, 15.716082609879283, 8.88541459748711, 0.0, 7.573027912679179, 17.135540924812062, 12.364878214175908, 8.602943278215719, 11.414745443350458, 54.793032453771914, 63.30767914190782, 71.60842028117547, 80.39620146567944, 88.41326366011606, 85.68617100078595, 78.01934099725115, 70.1178478540999, 61.65491382039794, 53.355286227343, 19.792243055737394, 16.62264126570546, 16.899154013300517, 19.396216039802734, 23.13175047426396, 18.043995350920593, 14.264198835506814, 9.725617595158262, 10.611626278680712, 13.562228208107545, 42.43518227716684, 45.64488169469285, 53.208462571245285, 60.66455733703513, 63.37948258812335, 61.4239741730628, 57.73186791469562, 50.26872979705106, 40.743733991292416, 41.5849372667441, 32.1535972600183, 26.177479710819874, 84.49536910233185, 76.22232582193553, 71.99231389680455, 68.2972113792456, 64.57825131216363, 63.18538060396035, 65.18652665708818, 73.26522681218619, 77.1466033266404, 81.05292346242733, 84.30818019400839, 84.29539586287524, 80.61297277863373, 75.73631505902217, 72.16050483792402, 69.09133343354532, 66.61829272549356, 69.95858470567279, 72.96860258294848, 76.50353221313695, 105.24559285653048, 105.96008814455367, 111.9784307568831, 112.94706981142028, 122.55412291293204, 126.2994168054469, 128.8579428839051, 110.47130296508523, 104.6903957416795, 94.58472991678636, 90.3768913427552, 77.05691921401396, 66.398315765164, 55.12960020214094, 49.75150163743425], [65.24658956066129, 72.63556275799277, 81.32790088925142, 87.60088570644109, 81.53934955561773, 72.84045879852425, 64.3884159391827, 22.47657341833808, 15.80828938576021, 7.573027912679179, 0.0, 10.58320636156855, 8.585875361714495, 11.221079484534497, 17.0168317273077, 62.32436962221512, 70.80236793810171, 79.05257193978262, 87.71939886852091, 95.4960570187272, 92.88491011563696, 85.41948672636994, 77.60000350478865, 69.18115312295372, 60.912122951771664, 26.446144247905725, 21.8671429384335, 19.02624936887628, 18.20178328302705, 19.898191840945977, 14.202619725677023, 12.215714563614773, 12.3198960670974, 16.693446232836077, 20.62980506088591, 49.89014347672324, 52.47982487124714, 59.228979469886696, 66.3102453352948, 68.27649229348899, 65.87587077956479, 61.52871900917363, 53.13549526636531, 43.39109320770357, 46.24223347456364, 38.234911502969666, 33.476665349337495, 88.73157414261445, 80.43502919134112, 76.02283067080468, 71.59922175649845, 67.39352475354595, 65.13834852758775, 65.73596636614104, 74.6096099423191, 79.01058603910418, 83.54486793516507, 87.50501332722077, 87.93675510405271, 84.56244227795382, 79.46010438246195, 75.16290685857163, 71.46316360487495, 67.94470079817954, 72.2756725215378, 75.91214064670565, 80.16513989019114, 111.75333710292739, 112.08750844702581, 117.5199760083758, 117.86331801035253, 126.93649905025798, 129.93382706851742, 131.5770791073186, 112.04153026154933, 103.38023527317324, 92.34541054923041, 87.03268085728443, 73.05266010615102, 61.340226400295755, 49.75612969017193, 45.24462736129069], [72.33490321116582, 79.77556025565859, 87.8704455782207, 93.41017775326968, 87.71736173428658, 79.26353005900522, 70.83612431125708, 29.20551618734028, 23.35925753182635, 17.135540924812062, 10.58320636156855, 0.0, 8.847374123658671, 16.48864054682611, 22.948844858452226, 71.14937161769583, 79.33272482837138, 87.14124684806963, 95.16756778115541, 102.08962545224358, 99.60474523479985, 92.84884980451324, 85.34388673672203, 77.20547035095295, 69.21890427562268, 36.74461690789264, 32.31860968459233, 28.521165672145976, 25.12945588366135, 23.592040816613427, 19.131708284569807, 19.98316479455587, 22.54859855512677, 27.075148963943562, 30.65731087181668, 57.70166756210359, 59.78628104874452, 65.57083776338861, 70.70615758762762, 71.82097060874341, 69.48384716820522, 64.86357382166663, 55.05539780685438, 45.18347738659434, 52.133073593336675, 45.57672778451991, 42.140192116687786, 90.38401669368795, 82.77479905330529, 78.50450847062521, 73.51172921581382, 68.88290253705546, 65.44762556861154, 63.60997108387598, 73.57157667808558, 78.54727031740255, 83.64288348985262, 88.31267627426398, 89.14013009570927, 86.17645333514763, 81.25116954470931, 76.34151415376283, 71.98869179443523, 66.9995362476008, 72.66503190235872, 76.94538373070382, 81.80706632045685, 117.27936991556237, 115.84009396326071, 119.70145121610743, 118.84126530085841, 127.04273805413989, 128.971750418087, 129.40841258641532, 109.85623218932433, 96.89508622500769, 84.9643987016035, 78.04544479679771, 63.372048185922615, 51.023576986441405, 40.738189034032885, 41.72287443868579], [66.10031634919552, 73.53721738045122, 81.73469366122342, 87.47149438061763, 81.38544970529338, 72.72544413787415, 64.38353688756689, 22.516325709163965, 17.45163444480164, 12.364878214175908, 8.585875361714495, 8.847374123658671, 0.0, 8.65539542911686, 15.92957947497077, 65.10177450049602, 73.57682528744232, 81.59429804747764, 89.92280749540767, 97.30375650307614, 94.40842697976886, 87.19967504894676, 79.39483240270073, 71.10470355066742, 62.983322523517586, 31.605032565059716, 28.471928125872367, 27.20829089246293, 26.74025805398061, 27.689511261109267, 22.153768804352865, 20.697134761888904, 20.044495770057228, 22.66743937091945, 25.372358052014206, 50.67169754481172, 51.58736936006861, 56.90685030805571, 62.55548162236163, 63.59483153071265, 61.031629875843876, 56.396251363889675, 47.01169414946731, 37.143288861210486, 43.292493968272765, 37.018635976424875, 34.74842817716344, 82.97718311331393, 74.85815362007402, 70.43335711004126, 65.54727986076317, 61.05749564976521, 58.15129358499105, 57.74819091133536, 67.0394493238813, 71.70002122373313, 76.54063886844278, 80.94494904128182, 81.6907659173632, 78.60528717434538, 73.45808407555336, 68.69908751838663, 64.61002003753805, 60.394465312730006, 65.35624480362205, 69.37222661741941, 74.08111875645919, 113.75222060452381, 111.84052654994663, 115.29607645503776, 114.25629568790217, 122.16432858952648, 124.16292435779498, 124.91557174364145, 104.23271752755882, 94.98399861663789, 83.9928597269358, 79.53413874078147, 66.50695278775467, 56.2260179824854, 48.62578042039618, 49.67212348744617], [57.597055472636775, 65.02241596321068, 73.32415307487638, 79.25906535887063, 73.01894696939397, 64.27759251315666, 55.94152327351697, 14.036965817748683, 9.765143132988579, 8.602943278215719, 11.221079484534497, 16.48864054682611, 8.65539542911686, 0.0, 7.512050682840405, 56.73357683757619, 65.22645710925102, 73.2545024175773, 81.67141072386299, 89.28258312188882, 86.22165148018705, 78.80903922421473, 70.91345164232526, 62.59670421299842, 54.474580312063104, 25.20881508527158, 23.853797241744697, 25.365495231362978, 27.529391887645794, 30.29824632938359, 24.953602388828052, 21.907314369946196, 18.026591705340113, 17.663946451952974, 18.845572935203773, 42.019214810763366, 43.30250666029608, 49.408182114704125, 55.39549903240711, 57.26809055485772, 55.21287058187796, 51.323861963726195, 42.938481478087205, 33.167631754518524, 37.192167418993726, 29.354831546073996, 26.349879921852718, 77.54950285110931, 69.40825564428383, 65.17173571225155, 61.12676420471486, 57.19973881203672, 55.34858101458376, 56.75116411129395, 65.05865035143188, 69.08630294894321, 73.17105057459267, 76.73878753549369, 76.95535310983492, 73.48637714505672, 68.5766902424192, 64.6598346737739, 61.32288869485949, 58.403345655959185, 62.1417180577572, 65.40862166832706, 69.27728990066261, 106.40693396618751, 104.74360522784927, 108.73220821942382, 108.330540204752, 116.81767898486505, 119.66351358942566, 121.4823733686441, 102.09172971256062, 96.42100682173219, 86.60116081074717, 83.52589965121756, 71.33454971290179, 62.312518419680494, 54.76681207001888, 54.351906770662325], [50.18020049533279, 57.61483090535732, 65.85524703160762, 71.79065289186536, 65.5923128607057, 56.88706182973908, 48.518286569523895, 6.677139370828948, 5.306934472397508, 11.414745443350458, 17.0168317273077, 22.948844858452226, 15.92957947497077, 7.512050682840405, 0.0, 50.0052518661772, 58.290230919371425, 66.10786996975347, 74.34399860891476, 81.86755800200599, 78.7604620486909, 71.43442671799492, 63.62017958430852, 55.41399691510369, 47.44643862347374, 22.17297451798227, 22.927437809140905, 26.63157436461782, 30.30318249795841, 33.832679987005065, 29.189738664458886, 25.619973117066454, 20.09048757428067, 16.964173389306332, 16.03119777228308, 35.02356035578302, 37.41406481472677, 44.62175029929066, 50.16694739338316, 53.04856207548911, 51.89321692442327, 49.0650391864447, 41.62719597089851, 32.246747109079216, 34.79745548198431, 25.136001547617433, 20.60775938501646, 73.56752130853384, 65.85809722554797, 62.03317440335166, 59.00115757722901, 55.71759880322997, 54.762797502786405, 57.29287679425701, 64.79204519719039, 68.22593606453935, 71.51646905419139, 74.21848881946532, 73.84240659389033, 70.02169176719097, 65.62614587565481, 62.67859184279041, 60.11002061726226, 58.2354944596488, 60.952065802219806, 63.45450293153435, 66.35891878632383, 99.20727611500719, 97.5804607017894, 102.05116429051783, 102.29130014715649, 111.45919558926197, 115.16479957863666, 118.00820168634598, 100.79345049295483, 97.46158208028083, 88.638998841467, 86.20921908722455, 74.49555057321578, 66.4089217639402, 58.76942228728908, 57.76863506463567], [17.571152500849657, 20.216950034264837, 30.119724270290472, 39.476517263176156, 33.231770101188545, 26.761857678285995, 23.257326057886704, 43.48067883044868, 47.970553088713594, 54.793032453771914, 62.32436962221512, 71.14937161769583, 65.10177450049602, 56.73357683757619, 50.0052518661772, 0.0, 9.593155622460731, 19.233822290425817, 30.372947668375044, 42.11054902302505, 38.42213362834455, 27.704058704041707, 19.11349484339643, 10.92502955610368, 6.178836875695862, 38.7037654538099, 45.88494866584507, 54.422395656493634, 62.40504943477594, 68.67339569083688, 66.83459019366964, 62.18673000808129, 54.7448081069938, 47.51399981423391, 42.5041285345361, 19.07513690648227, 30.319387128156695, 42.036954735066544, 49.57370705650533, 58.39230974839511, 61.093590795886044, 64.03178969271492, 66.23556367135843, 62.854094456368934, 50.63557855047675, 39.860415569916455, 32.280578737062505, 78.39937703642313, 72.6335958964861, 71.21853791575877, 74.29976289932792, 75.19152958269002, 79.73615551165688, 89.13331858316481, 90.78786912010662, 90.54516030105718, 89.36331884569663, 86.75238702554942, 83.26611941063642, 77.99104577409555, 76.29976958809003, 79.1596373929516, 81.26784942128145, 85.89988920582196, 82.24890951727598, 80.15841288045212, 77.34032252790391, 64.27191551346976, 71.87410430621144, 85.18969744867184, 93.15508052120087, 107.20334488285523, 117.37588235165993, 127.22854103015345, 120.08403459070846, 132.23528623557286, 127.9504361622057, 128.95420259859873, 119.20202858126528, 113.06181167710974, 102.36071071626198, 92.73760054219301], [17.82757828508553, 17.01936914886251, 25.160880936974547, 34.2930552054318, 29.356231458249866, 25.296455069632763, 24.42674360298658, 51.67622770264112, 56.2622271405635, 63.30767914190782, 70.80236793810171, 79.33272482837138, 73.57682528744232, 65.22645710925102, 58.290230919371425, 9.593155622460731, 0.0, 9.804671628645247, 21.239096498286955, 33.480450227856416, 30.006711619979036, 19.180431268503302, 11.709054301490536, 7.690253633073555, 11.885904863924369, 47.6063007466196, 54.568624593291, 62.736241833918875, 70.3849827836429, 76.36666240394324, 74.96706565885256, 70.5378810817287, 63.33011736235241, 56.22179872023862, 51.282416577536296, 26.74959544638094, 37.728162063316624, 48.66574579970345, 54.218464774332276, 63.521957518050726, 67.16349947663976, 70.97610167299152, 73.66510803091339, 70.73439107970637, 59.100861166065485, 48.770513346709706, 41.433893641036555, 81.62199279999028, 77.09033848950794, 76.39696423652973, 80.38382198853473, 81.79676121341613, 86.65857991727003, 96.06270844548908, 97.2629350949894, 96.61174668502944, 94.7833233885632, 91.40897498497169, 87.40763537834306, 82.06460407747967, 81.242274389576, 84.97368157671988, 87.62067600157513, 92.6557462821746, 88.54919591119788, 85.91820192039287, 82.22975106990515, 55.903879936742186, 65.40286293713301, 80.65768219391106, 90.3226772942851, 105.44260917916554, 116.89585734780661, 128.03123878545065, 124.31047018156893, 137.54906470176988, 133.96609406293356, 134.91413787591748, 125.32876806945451, 119.59153450995287, 108.65304192086482, 98.86458611355297], [20.68648872038254, 16.607714416266436, 20.876689906058143, 28.863670395294182, 25.94145021360321, 25.075772248396618, 26.87438537610274, 59.45057741400613, 64.2452788530682, 71.60842028117547, 79.05257193978262, 87.14124684806963, 81.59429804747764, 73.2545024175773, 66.10786996975347, 19.233822290425817, 9.804671628645247, 0.0, 11.585871298653892, 24.221525087149182, 20.90202498207927, 10.421344609341254, 7.416645210564477, 12.253669897370418, 19.977091117352447, 56.72277604359245, 63.56413483139945, 71.45908961257929, 78.7505644553194, 84.3889520219111, 83.27536753908198, 79.05309441516388, 72.01951527637253, 64.98992226498731, 60.06564307949675, 34.38319040163243, 44.96072079031573, 55.08261560022664, 58.35045243225813, 67.95843667284699, 72.5523946383622, 77.20531505511828, 80.21204809208434, 77.73100494845515, 67.05923086342459, 57.167376606005604, 50.20423987435078, 83.79492235504877, 80.66511544579653, 80.73625275458029, 85.57968975856528, 87.48355189943601, 92.5719690713266, 101.82385597270351, 102.59054771006078, 101.54497854570384, 99.07670705777221, 94.97410876837768, 90.47992983334373, 85.12453467911288, 85.23697566247168, 89.80142638736073, 92.94789823521016, 98.29496861716265, 93.80778693796525, 90.67220717042274, 86.14787269894377, 47.063281774555506, 57.80083256694286, 74.71656481282105, 85.96777106875261, 102.0452775461419, 114.70990307248881, 127.07479335433786, 127.05619264909248, 141.26769057492473, 138.49199829815407, 139.4837300994764, 130.26296536818853, 125.18614549352702, 114.48611458058734, 105.2585896798178], [26.852893488896388, 21.1389865691289, 19.65797471208756, 24.280249838072958, 24.881091490553906, 27.85040195465936, 31.75265162840516, 67.72721236512581, 72.70086644092446, 80.39620146567944, 87.71939886852091, 95.16756778115541, 89.92280749540767, 81.67141072386299, 74.34399860891476, 30.372947668375044, 21.239096498286955, 11.585871298653892, 0.0, 12.913429116958403, 10.196888159219062, 6.122360019714131, 13.66373599848464, 21.729246872567995, 30.029050176564795, 66.75713042902589, 73.43573441930299, 80.98495432320516, 87.78373189382381, 92.943054404706, 92.1209641941488, 88.17551085876399, 81.37814060150689, 74.47828771098773, 69.59564407187428, 43.363971217318245, 53.68427863155768, 63.05177308921045, 63.63275725722508, 73.36894442620803, 78.97257988407587, 84.41150827595233, 87.42066266435097, 85.27725335510212, 76.14157143086305, 66.57205581686776, 59.86527284980361, 86.38006800019501, 84.98110069197303, 85.89970770194147, 91.53343356740567, 93.86490512002463, 99.00661390162686, 107.76680255632611, 108.23161672803269, 106.84748997617622, 103.76429299854956, 98.98502365917867, 94.00615098834429, 88.7058049989311, 89.89078811999478, 95.23802562016205, 98.80553108533617, 104.2626272233583, 99.57185608689585, 96.00429406460043, 90.68735551999191, 36.256508834523714, 48.00970112692819, 66.93211972163392, 80.05007432004712, 97.26442713425112, 111.27018165952663, 124.95031725670329, 129.57787921366116, 144.22312606523874, 142.3345556699044, 143.19232040624811, 134.39776479775892, 130.1444935675679, 119.8873941697622, 111.71575735620063], [35.145438611442984, 29.518092739909694, 24.194454399638136, 23.74747973251985, 28.288459070265827, 33.87838265827534, 38.561637031521734, 75.4241342052905, 80.46008495136692, 88.41326366011606, 95.4960570187272, 102.08962545224358, 97.30375650307614, 89.28258312188882, 81.86755800200599, 42.11054902302505, 33.480450227856416, 24.221525087149182, 12.913429116958403, 0.0, 6.1730288082588, 16.425738161321494, 24.892072461791813, 32.85777635581951, 40.87260975705872, 76.47824145356665, 82.88416219924707, 89.94711957335433, 96.07735191072462, 100.59924451606535, 100.09646900904205, 96.5242054207073, 90.07995095576072, 83.41863367436319, 78.65320578396886, 52.8075508226823, 63.125505829995205, 71.97541892802982, 69.84066106692408, 79.48913555732969, 86.00927787198955, 92.02140940654219, 94.57422039417163, 92.52959811764075, 85.48631822280852, 76.03960994887588, 69.38964047976701, 89.48575018789073, 89.94230415409658, 91.6555166325057, 97.83167357903307, 100.41287659434232, 105.33683104891415, 113.16490081930053, 113.61312575589496, 112.0522108674909, 108.52187678040652, 103.28713738171368, 97.93114718071098, 92.76371979528956, 95.00607702738121, 100.90622861749223, 104.69159506273925, 109.92010647841668, 105.34586347231215, 101.5436817686153, 95.65664577783608, 24.258278050021758, 36.45156148755674, 57.911952339388954, 73.07025226180308, 91.58630701085428, 106.8890722624621, 121.75444805198258, 131.66462051366835, 145.65637050482292, 144.57581459880868, 144.94029122405522, 136.52084612067156, 133.13687069184357, 123.43228842308748, 116.75134240872792], [30.562626859736614, 24.380371281371865, 18.482022356822643, 18.73223666316983, 22.653269557529082, 28.477637432609853, 33.79852477331223, 72.25324612827026, 77.58562640332313, 85.68617100078595, 92.88491011563696, 99.60474523479985, 94.40842697976886, 86.22165148018705, 78.7604620486909, 38.42213362834455, 30.006711619979036, 20.90202498207927, 10.196888159219062, 6.1730288082588, 0.0, 11.603792553487585, 20.190791310085967, 28.525513910659875, 36.81959089910682, 73.62012510040351, 80.3006942424663, 87.75513114764583, 94.20849612119362, 98.9792462347846, 98.0954393559603, 94.31216228825255, 87.5846124083907, 80.7220748695777, 75.80169563771251, 48.4753293355766, 58.02091230138086, 66.43302244971464, 64.31570558762917, 73.95833731134093, 80.44894613052902, 86.58182044985561, 89.56078287587974, 87.89358363352174, 80.4665444740828, 71.51382037574092, 65.58092347457315, 84.18689237406674, 84.3830371637827, 86.07038183131853, 92.3559254724915, 95.06584508625618, 100.20575591856574, 108.45389109704982, 108.55407063218148, 106.84881300494025, 103.22087626041136, 97.89385082611267, 92.54342521706421, 87.35947299778582, 89.51045526313591, 95.50424597085618, 99.42809276816301, 104.95750561863285, 100.09421107258359, 96.15943098454187, 90.18588018467763, 30.004183295728627, 38.31242845629847, 57.448687222534, 71.45095825608526, 89.21234286119699, 104.02168797845107, 118.56141203966743, 126.8563129393922, 142.06968612722466, 141.1359818638794, 142.3220893594041, 134.36458774155912, 131.31634397741993, 122.43682949862612, 116.37865961304065], [22.431222011449712, 15.975123850420005, 14.355901672703462, 20.2778531860856, 19.5856880221282, 22.406311219576196, 26.999560186521204, 64.7922189922153, 70.12313261386734, 78.01934099725115, 85.41948672636994, 92.84884980451324, 87.19967504894676, 78.80903922421473, 71.43442671799492, 27.704058704041707, 19.180431268503302, 10.421344609341254, 6.122360019714131, 16.425738161321494, 11.603792553487585, 0.0, 9.11695513174311, 17.947997732517855, 26.61959711251442, 64.59692134495198, 71.55027878016506, 79.47503431753394, 86.52240069421451, 91.84787337028578, 90.60931658289107, 86.4849395448811, 79.42144920685854, 72.33684749164011, 67.29702999478978, 39.31984929721103, 48.70405950716153, 57.55162567713883, 57.898781811122916, 67.61209085771759, 73.2584337176326, 78.86994624527904, 82.2562743303949, 80.5290787640659, 71.26508888703508, 62.27610813054535, 56.464477330485195, 80.66619353733114, 79.11859775871343, 80.05860297884597, 85.82561629254873, 88.29881599663209, 93.62517986439192, 102.70245671846779, 102.81994439609142, 101.28519897529785, 98.08353526299986, 93.20592724494654, 88.22445345693787, 82.9256192015434, 84.08173644973145, 89.54243790866914, 93.25324064302127, 98.97558069207935, 94.02008695303462, 90.31401422515387, 84.8899698033868, 40.591846100560744, 48.803287911599035, 65.55239881263888, 77.51139744493176, 93.95440600437169, 107.44454641061256, 120.78309690751574, 124.1398638264686, 139.86333040641875, 138.2044075557082, 139.87666708172333, 131.64957995957667, 127.90170381231874, 118.71720554158522, 111.60164084315007], [15.176259651864981, 9.698582816082409, 14.288059435424076, 23.11279109173193, 19.028467017127497, 17.89326499954307, 20.716619894727078, 56.94960425433278, 62.317335033017805, 70.1178478540999, 77.60000350478865, 85.34388673672203, 79.39483240270073, 70.91345164232526, 63.62017958430852, 19.11349484339643, 11.709054301490536, 7.416645210564477, 13.66373599848464, 24.892072461791813, 20.190791310085967, 9.11695513174311, 0.0, 8.984919935910892, 17.750247312559026, 56.275772647112795, 63.40970872869288, 71.64222550322239, 79.00555568516728, 84.616733148939, 83.041377590208, 78.71484594808977, 71.43604669988689, 64.22383796960449, 59.104059787314135, 30.699197241067232, 40.20666642194573, 49.640778103746214, 51.655465094785136, 61.324027356567946, 66.31735607427683, 71.40370495744078, 74.69091809961888, 72.73912735556503, 62.6852029614323, 53.51786628466587, 47.78154096077181, 76.52086777355724, 73.69980569462042, 74.01962288349092, 79.1946552299217, 81.3415233667872, 86.58783856847973, 95.94167005572899, 96.31154611865307, 95.04494132915417, 92.31304186632552, 87.97742188418758, 83.36563486312963, 78.01679504905312, 78.38627755484771, 83.24962590540015, 86.63050829174107, 92.22300020310858, 87.45928697570629, 84.09028995389231, 79.2710147025249, 48.69085553740486, 55.40615478263531, 70.10953960518118, 80.27912017827204, 95.69770483603578, 107.97921532592662, 120.1569261246627, 119.92208902412116, 135.16305919570505, 132.88392242791733, 134.74187284923335, 126.34086179750706, 122.19250714614475, 113.09832593135384, 105.8589659721663], [10.506745339595323, 9.944690860400337, 19.331799472593488, 28.711028153235855, 22.85455559766442, 17.793716417502107, 16.96447120385174, 48.74238976975965, 54.011624636512735, 61.65491382039794, 69.18115312295372, 77.20547035095295, 71.10470355066742, 62.59670421299842, 55.41399691510369, 10.92502955610368, 7.690253633073555, 12.253669897370418, 21.729246872567995, 32.85777635581951, 28.525513910659875, 17.947997732517855, 8.984919935910892, 0.0, 8.773383830934334, 47.48983257320495, 54.72340886170595, 63.14550506153069, 70.71354682128252, 76.52517007112993, 74.7058451145818, 70.24349126503935, 62.83476341310646, 55.555516226235014, 50.40056185888428, 22.364747777843796, 32.85705133861456, 43.41226957930338, 47.34834282052537, 56.82117245323712, 61.00887904400843, 65.30970923277565, 68.05812443610345, 65.53942716562243, 54.97729034912031, 45.17636365941208, 38.98329093172831, 74.23891408661197, 70.14541942108164, 69.74182827307884, 74.06251844801491, 75.68864467516266, 80.62479104678354, 89.94338827840406, 90.87682701032936, 90.0508337739542, 87.97415616894128, 84.39343827639256, 80.25117478940223, 74.89493755837178, 74.39774602254924, 78.4245845373188, 81.27078939102735, 86.43722472101327, 82.15875767453994, 79.32653623530247, 75.34439749312826, 55.91339149645182, 61.80709061919343, 75.08039073963148, 83.74772954289288, 98.34663041729931, 109.46167629419921, 120.42715654807294, 116.9572046163093, 130.79188381839475, 127.70086344074512, 129.32934635506015, 120.50835290143212, 115.75217622964179, 106.44624506032429, 98.93204145512495], [11.932450275227131, 15.979180144177924, 26.24288173683496, 35.3830003809225, 28.76916093335595, 21.51559801757562, 17.22148177938109, 40.80965856938736, 45.91747063692153, 53.355286227343, 60.912122951771664, 69.21890427562268, 62.983322523517586, 54.474580312063104, 47.44643862347374, 6.178836875695862, 11.885904863924369, 19.977091117352447, 30.029050176564795, 40.87260975705872, 36.81959089910682, 26.61959711251442, 17.750247312559026, 8.773383830934334, 0.0, 38.904295023964615, 46.24031100866362, 54.85535570747799, 62.616712150847384, 68.61863304893286, 66.5311380201509, 61.93420260171823, 54.39709722756814, 47.05607747515216, 41.868843207014706, 14.871329389336685, 26.770636071295222, 38.55350442017028, 44.521504286947184, 53.547740079820485, 56.78867168108135, 60.12870144304765, 62.13183976181022, 58.910479765127405, 47.974542050065025, 37.34345565108148, 30.423990849146186, 72.98286611084751, 67.67454512660323, 66.5154679912456, 69.8386263383292, 70.85238204364529, 75.36010084312447, 84.49993242864062, 86.09656569365198, 85.77472647167819, 84.42857254995745, 81.69302312310778, 78.08123977139522, 72.78079903848149, 71.39779671669892, 74.4675844271518, 76.68241887376627, 81.28949173318422, 77.62414352286532, 75.42227423932175, 72.39308021105326, 63.15254452433893, 68.31711661478468, 80.3177264537173, 87.61224193597441, 101.39781731190558, 111.36542835001396, 121.11203006255005, 114.58077039508717, 126.74940537672639, 122.80773248990977, 124.11897136129427, 114.85080539677362, 109.45118132551659, 99.92588148225721, 92.18049154332233], [46.56264955925018, 53.30687087120959, 63.17498375576885, 71.09642414364475, 64.46776226487822, 55.695054694269416, 47.79815293527215, 19.53378527374715, 18.04766675026326, 19.792243055737394, 26.446144247905725, 36.74461690789264, 31.605032565059716, 25.20881508527158, 22.17297451798227, 38.7037654538099, 47.6063007466196, 56.72277604359245, 66.75713042902589, 76.47824145356665, 73.62012510040351, 64.59692134495198, 56.275772647112795, 47.48983257320495, 38.904295023964615, 0.0, 7.658978509079327, 17.05857403522387, 25.73327066864991, 32.758998657671, 29.590454114474976, 24.414657371479187, 16.712542699422166, 9.889116772575496, 6.563802052524211, 31.0499477231505, 36.656455857880246, 46.731650293846684, 57.616890641761195, 62.369827934797236, 60.92749629172035, 58.63071004320832, 54.97681005491317, 47.27127912065394, 39.32973174057015, 27.07403079109014, 16.353922048205344, 85.62393241231133, 76.83498199316