{
	"dissimilarities": [[0.0, 8.490015292632455, 16.222260060217813, 23.965668262082342, 17.971834078783946, 11.301728459807284, 6.640854853319791, 42.5734211971773, 48.45027356693068, 56.82542897924574, 65.26059948536012, 71.27408686009922, 65.96013733092383, 57.601858882859965, 49.14523458767586, 17.2755766058711, 18.079577540073053, 21.309017380459593, 26.58183692060061, 33.93787353414808, 31.510079384284182, 23.332020035026908, 16.707784769361645, 10.849964827079253, 12.149731334283114, 45.92736841788199, 54.00227536174024, 61.08694571534829, 68.3989631654588, 73.42986486624999, 72.33669628030154, 66.97426626334412, 59.77497675524106, 52.35449688442564, 47.126412064460766, 19.009282693875882, 27.70334894177993, 38.14317841440634, 39.36977566302302, 49.0678839445357, 54.53752508112669, 58.48166006814286, 60.40490564700792, 58.345079241165585, 50.54999033018356, 40.64596255113088, 35.62500845518262, 65.75372083294862, 62.25580772627366, 62.10449106507459, 66.41996983002777, 68.01134996420322, 72.54268976275688, 80.95579586233283, 82.66828058263356, 81.50127202122655, 78.56819809234165, 76.0465054380978, 71.91029449852692, 66.54580447031876, 66.70024794083095, 69.56610976827902, 72.72155920392414, 77.79595473741196, 73.50089499663207, 70.3514571921919, 67.24410064249572, 57.85979561425041, 58.79279028987103, 68.25309601363197, 75.5852718042396, 90.48195392215248, 98.18562713349698, 111.13964598876598, 107.7748798540595, 120.13088919582782, 117.25263128509302, 118.99817256177381, 109.76133432885801, 107.85217785212943, 99.27273118067444, 95.0605550036747], [8.490015292632455, 0.0, 8.503031267873183, 17.453435478317953, 12.077407970801557, 8.6116596177821, 12.17196890806504, 51.04615729236775, 56.90154259299444, 65.22222881118556, 73.7054069858645, 79.76033059223136, 74.44296039961343, 66.06590907286103, 57.61693380358162, 20.225608284555744, 17.07208732468555, 16.63184636250221, 20.152983236928296, 27.33592640623094, 24.442629384059607, 15.971622910431364, 10.733669713259955, 9.943043769694771, 16.98416446584376, 53.592868077650714, 61.77633554366181, 68.94630832358233, 76.33154586980847, 81.47056301951416, 80.53557136319954, 75.1470153736821, 67.89441134592691, 60.48467245431368, 55.24870079226857, 26.442472154144628, 33.53798529736457, 42.60025309335785, 42.84457627385522, 52.71486407151329, 58.85944338285102, 63.47921772471876, 66.4820126598855, 65.35052777775054, 56.77661784560177, 48.01749867815067, 43.63670994486498, 67.58441053293326, 65.00476591082418, 65.47553147265019, 70.7030259582565, 72.90510176011428, 77.98631278898264, 86.91377546698946, 87.85389250683848, 86.0613492143715, 82.44384545170143, 79.06150177445366, 74.47106528560471, 69.10140293409403, 70.0673830054913, 73.74141116594036, 77.63398499631063, 83.31260870018245, 78.3832168258038, 74.50244353904905, 70.48362011102216, 52.543884988917036, 54.12762736984301, 64.69540234037765, 73.43805195951859, 88.94617739397589, 97.797190558048, 111.84901149293145, 110.7681400678167, 125.42263781570927, 123.3746767542302, 125.72226847953803, 117.06073523160505, 115.59017475227559, 107.22460706541486, 102.76248345499899], [16.222260060217813, 8.503031267873183, 0.0, 9.4002471342537, 6.428026210902847, 10.012301226038199, 17.80077892914091, 58.356774369292005, 64.4225124041958, 72.90208235257153, 81.21852264935971, 86.86465673203665, 81.64639125180938, 73.32204064640845, 64.81979512446988, 28.188890008174834, 23.295672368076136, 19.313742912560553, 18.59385298622354, 22.694259226523894, 18.91236952095937, 13.476670966175622, 13.593325794338154, 17.37839589515842, 25.42614578426689, 61.93618844750334, 70.04020260859248, 77.09116460583175, 84.26188256416057, 89.19443619264196, 88.29503522706048, 83.0624634136016, 75.93411908913967, 68.54829711825239, 63.33340018887224, 34.39202785816148, 40.13210755991618, 47.75373639456098, 45.547733777746245, 55.40606438146461, 62.5301403461835, 67.82787141268113, 71.30135716087925, 70.86334156348246, 63.20609800180003, 55.299171011217865, 51.606154380553605, 67.44045446400675, 66.3890219782803, 67.68989829116555, 73.78338208778284, 76.52963012632847, 81.85653809104373, 90.67074753123208, 91.02684466860568, 88.70820921242286, 84.47297489623163, 80.24369764450336, 75.19554430242836, 69.89078590314178, 71.97200140963369, 76.47166318870812, 80.9701238157949, 86.8830178737868, 81.63168923967591, 77.14064780052853, 72.1800462665004, 47.41794035713894, 47.227942457542426, 57.86009907584081, 67.61103436957674, 83.67157968998691, 93.67761981610442, 108.6724378811999, 110.867596643169, 127.0957045621055, 126.02492458085831, 128.85345429077788, 121.01158634686281, 120.31782742558526, 112.88113123694525, 109.40172125045018], [23.965668262082342, 17.453435478317953, 9.4002471342537, 0.0, 8.121128827946333, 15.550324069546425, 23.77544457901618, 64.32080830745359, 70.62765350089599, 79.30447704086626, 87.28944369602928, 92.25267929816735, 87.23573597545072, 79.0701710930267, 70.55794170716327, 37.41851903475874, 32.29031294050835, 27.01344614379909, 23.22828060921895, 22.447824480239902, 18.12041475656068, 18.615223872014212, 22.074752339665192, 26.62617545512674, 34.3673430357525, 69.76834421138423, 77.66310935603198, 84.45762734398592, 91.22872325154007, 95.76006425834211, 94.83061594181748, 89.87911984147296, 83.00574699434881, 75.69046201932963, 70.54337133367297, 42.04382509997797, 46.794784702967846, 53.1983968998372, 48.00389578578952, 57.616186135035996, 65.74923715229204, 71.58972101169363, 75.00595641703914, 74.9990218666879, 69.29186327789093, 61.940580243059856, 58.84010367446065, 66.2301897699085, 67.0601872181178, 69.24374654528407, 76.01586541069345, 79.16583676158945, 84.44470928429705, 92.62587198064111, 92.61947714005414, 89.93029777616131, 85.22531591658183, 80.27895658749367, 74.84464770967051, 69.68321614715822, 72.98770059022934, 78.19775686018602, 83.09730006987938, 88.89525852891761, 83.63437861268088, 78.72969379700172, 72.94681105794555, 43.671273102838356, 39.13109545763618, 48.76732739807592, 59.220015414492764, 75.88140321159084, 87.05012317262157, 102.7972488262211, 108.92913578480908, 125.87860894913808, 125.8027659386684, 128.91883252799164, 122.01167798071889, 122.2540928676914, 116.16212838725173, 114.40610132483174], [17.971834078783946, 12.077407970801557, 6.428026210902847, 8.121128827946333, 0.0, 7.953629078149294, 17.119956043663574, 58.19834161704329, 64.70186254730454, 73.35629025573459, 81.4445129562758, 86.6385852363962, 81.27827905296286, 72.92991973425933, 64.46375608198575, 32.11079314530778, 28.55346557387607, 25.55661389088408, 24.857892073309873, 27.595767061926672, 23.475148757260797, 19.681888344785644, 19.588292454895832, 21.845735486471153, 28.49505045898752, 63.633744116943774, 71.72465569899462, 78.77550084835343, 85.92602778042121, 90.66319359498249, 89.41585208770768, 84.2018610702388, 77.11321249649916, 69.66046089955158, 64.43068252523744, 34.88313068177478, 38.833137865426465, 45.1806773566712, 40.986627019010236, 50.73974176876269, 58.43871994362954, 64.1146805324855, 67.77828172003838, 67.93758130667511, 61.348109617277004, 54.37679542256239, 51.96238184103428, 61.46419575971783, 61.02855630675451, 62.71641269351761, 69.18700099385775, 72.20145920322446, 77.61302132934264, 86.35253802516472, 86.32361567018252, 83.73710721680047, 79.23527924903479, 74.68612356870779, 69.48958263873361, 64.22434057857778, 66.78000025366605, 71.64074520885087, 76.4167966453047, 82.42853128615522, 77.02123964218764, 72.2505836127713, 66.8853685488119, 50.77999144276143, 46.73871668206076, 54.50798835229032, 62.77740266234372, 78.11773374460918, 87.62770075472122, 102.57035411379476, 104.86117140077548, 122.06677954991925, 121.54985412036264, 125.19174300875953, 118.19728522407654, 118.3908951906608, 112.54550633398188, 110.83793532682327], [11.301728459807284, 8.6116596177821, 10.012301226038199, 15.550324069546425, 7.953629078149294, 0.0, 9.549463191221431, 50.58303699414266, 57.12585060854514, 65.74167175971414, 73.88621386518584, 79.25897148997574, 73.74696939679701, 65.3210630550552, 56.88237151297457, 26.646451171864687, 25.245396399889266, 25.05871932970911, 27.217921801557402, 32.22576555269465, 28.625833759577816, 22.41983319336116, 18.936049463919158, 17.69290324343987, 22.186300569814716, 56.07215591035099, 64.1967269991136, 71.32668539948888, 78.63109288925645, 83.45095624066977, 82.0265889504171, 76.69269210664136, 69.52332279763972, 62.023811820098885, 56.772016245128974, 27.021928152959422, 31.321450592111294, 38.6692796594964, 36.02004549894087, 45.93728166237786, 52.944261589120174, 58.11499847173455, 61.32494620600271, 60.97552395752995, 54.02297528527804, 46.523299507391066, 44.05223539327916, 59.36450663592259, 57.509428081989455, 58.46438305376999, 64.19264688544246, 66.74395743218328, 71.9349918123106, 80.75098255981897, 81.22356276759066, 79.09752038353479, 75.14342472877559, 71.37252997387492, 66.59100306492337, 61.236878914938465, 62.790632687509984, 66.93025596658401, 71.18178465679655, 76.98010903173605, 71.8565511668039, 67.61483568385697, 63.078411181231026, 56.04937016758559, 52.93510113302527, 60.11901978556703, 66.97054108035965, 81.52690142204378, 89.67354764307264, 103.57675578918693, 102.55741463381872, 118.364840805745, 117.02918124922013, 120.42865447654046, 112.88736323288184, 112.63244101837148, 106.47170396715677, 104.55366192194548], [6.640854853319791, 12.17196890806504, 17.80077892914091, 23.77544457901618, 17.119956043663574, 9.549463191221431, 0.0, 41.13208311700133, 47.62407896633436, 56.26826805992868, 64.38138087558946, 69.77706524298961, 64.32721581715464, 55.9378139418687, 47.46594907874307, 22.985797657684714, 24.59678246940809, 27.377205499440226, 31.609242114870536, 37.63247106779444, 34.73684988080189, 27.798458366214952, 22.216941568136875, 17.17000846066571, 17.30740398525758, 47.3054505959428, 55.23265323947943, 62.20457869836025, 69.3667672029, 74.07263926225237, 72.57233514128488, 67.3006003727706, 60.2264386873082, 52.768592293248766, 47.56186068088358, 19.068283594214662, 25.41322678733982, 34.78168608464732, 33.78671326492557, 43.54387477591316, 49.598073567146464, 53.84998313246852, 55.644482666197504, 53.969826019798894, 47.812890107430974, 38.67370528629633, 35.20892007721055, 59.52629692002496, 56.42180602681922, 56.51800504151694, 61.028695773940285, 62.758655093311205, 67.24461222354589, 75.42166398329876, 76.96549378112522, 75.68020512402065, 72.63158461584409, 69.99335588761198, 65.80143635912577, 60.44395720673329, 60.895351690100206, 63.952579262948454, 67.2249527203984, 72.2416013798395, 67.94961968665828, 64.67983998375958, 61.3627881463066, 60.65387387034517, 58.29653492370636, 65.29931118650943, 71.07897900530087, 85.19705319217161, 92.21084963107901, 104.83795672440756, 101.26244879303705, 113.954707077806, 111.47238620313051, 113.86982965306159, 105.38442346678683, 104.36184122141567, 97.49921790140766, 95.41737004584401], [42.5734211971773, 51.04615729236775, 58.356774369292005, 64.32080830745359, 58.19834161704329, 50.58303699414266, 41.13208311700133, 0.0, 7.602600346436803, 16.12156544050751, 23.52013616299417, 29.22528482017614, 23.429982839957738, 15.055049156152862, 6.685421480283946, 43.40223569107594, 51.64398970488786, 59.44065316227902, 66.60665502748033, 73.85378733103742, 72.33957936339884, 64.8073133356021, 57.2466860133762, 48.70940789692465, 39.83888161042621, 20.48291756576238, 23.4894398468201, 27.88620911793398, 33.59821335132709, 37.1409946417676, 34.00804906693451, 29.052642000692277, 23.196101329602655, 17.189463991572133, 14.209867024046144, 27.969143673795127, 32.03302799002046, 40.52191517839396, 46.42302239042509, 50.47710727998248, 49.788595700317266, 48.10301585190476, 42.15022176889151, 33.173864459055686, 34.31206624829321, 20.657076832034363, 13.983640244676137, 71.48031763216851, 63.96937932615349, 60.46781209595428, 58.40190160933333, 55.819335774808984, 55.828478479861985, 59.56887662485804, 66.07580746486282, 68.99931914729954, 70.65072442580029, 73.42662004907345, 72.53770996716908, 68.37483866415553, 64.01918641688857, 61.54537344811437, 59.49173975183207, 59.805072072868114, 60.333585921247284, 62.33100706463224, 65.17113723857759, 93.32474177674248, 92.2284451453264, 96.99239609589591, 98.25344619372207, 108.90649195186064, 110.68152080151565, 117.39485513312331, 101.60232844330068, 100.40338627401543, 92.41337451316973, 90.58408456411988, 77.94031206914187, 72.9480624109999, 63.43231247138601, 61.596691960544675], [48.45027356693068, 56.90154259299444, 64.4225124041958, 70.62765350089599, 64.70186254730454, 57.12585060854514, 47.62407896633436, 7.602600346436803, 0.0, 8.864835893265315, 16.82514762358307, 23.672474778826587, 18.478327019801576, 11.219152696217215, 6.388092030736329, 47.49312879687843, 55.841207720970594, 63.894460502111535, 71.28186887847454, 78.69370559074626, 77.50501299400398, 69.92305106010203, 62.29270702868048, 53.731306873808485, 44.62078407068591, 17.96523904575617, 18.209687673708764, 21.126723484545092, 26.162154459390596, 29.581912451874405, 26.430303298661485, 21.526028761500157, 16.126338518167387, 11.307998979418864, 10.45214274283752, 33.813275186598815, 38.51721675399723, 46.98949733328402, 53.79129105733851, 57.47424596967676, 56.1094072974328, 53.76932879001271, 47.22057343134428, 37.59884352060623, 38.839176059104254, 25.72386248989661, 18.242942594907955, 78.56382713078996, 70.79072056225057, 67.00829929511315, 64.30157425386916, 61.25842172763307, 60.671762999191984, 63.57737178252263, 70.73644951766339, 74.21221742314381, 76.43961364120995, 79.76255343340824, 79.20104081383143, 75.20131830781685, 70.46236533368183, 67.44170555571516, 64.77261158091531, 64.403168832511, 65.61660005771591, 68.22744457235879, 71.6693163273774, 97.50831256896276, 97.73421573430024, 103.30531171305725, 104.89868078170325, 115.71033051626888, 117.4241640706422, 123.6688711382543, 107.18515546812475, 103.52597851346438, 94.51840850802104, 91.23236552680302, 77.35084433797384, 70.76362522773087, 58.935308943340004, 55.0347140232807], [56.82542897924574, 65.22222881118556, 72.90208235257153, 79.30447704086626, 73.35629025573459, 65.74167175971414, 56.26826805992868, 16.12156544050751, 8.864835893265315, 0.0, 8.989576478437792, 17.694463278072718, 13.237320417695493, 9.634053303143027, 12.18445505945859, 54.451417499621755, 62.99152982201659, 71.33814980907177, 78.99699637214547, 86.65615762196144, 85.64406335313394, 77.87873892097998, 70.09888224087258, 61.470046467979074, 52.13586138108346, 19.76821277564143, 16.008074135381992, 15.82316201762511, 19.402775009877168, 22.363414333772447, 18.39012519513342, 13.458597337752584, 9.720150372857614, 9.59159739937874, 12.83032680068228, 41.617597811813525, 45.71395627598257, 53.41311259644437, 61.17386146212957, 64.04859526265871, 61.636942306987756, 58.40108604698054, 51.187941970414535, 41.125128794193145, 42.737976782187125, 31.174184706894852, 24.884643922830765, 85.28831923162512, 76.97189283116452, 72.74137864198082, 69.10324440675868, 65.46399190884456, 64.15223569661194, 66.21093077549676, 73.97522008903692, 78.09516948498383, 81.07407469303392, 85.17547132030865, 85.14050054929636, 81.42406473937783, 76.03968811134546, 72.23078068795266, 68.76769465343575, 67.62907355729931, 69.61648629425883, 73.01909224904507, 77.33501472367205, 105.17180063746359, 106.15640389920624, 111.87923661079145, 113.23408752749495, 123.67643677201202, 124.78679650321034, 130.22060869035172, 111.75094690011288, 105.71260424286359, 95.59301372207645, 91.27641502271139, 76.46353444758148, 68.46877774489171, 55.09404484765392, 49.63827300203975], [65.26059948536012, 73.7054069858645, 81.21852264935971, 87.28944369602928, 81.4445129562758, 73.88621386518584, 64.38138087558946, 23.52013616299417, 16.82514762358307, 8.989576478437792, 0.0, 9.592979785550366, 7.538185868159926, 11.258947640290947, 17.986757496419585, 63.40820248432081, 71.87670744693006, 80.10320321574437, 87.57757206798935, 94.90802965745944, 93.91455464480418, 86.46651494056661, 78.83115793286544, 70.26118681899986, 61.00912945453909, 28.11447713776198, 22.75479544331036, 19.589977908080193, 19.19263461790715, 19.372053982550664, 14.224010439982495, 12.230971293001181, 14.017516082864681, 17.636045096027086, 21.64272120451733, 50.223717638193534, 53.497186146680335, 60.17063611987203, 67.21815496755546, 69.18888093157472, 66.23716793839958, 62.349703292361845, 53.94777173792069, 43.371202609774365, 47.93744477266937, 38.04072580649424, 33.399819863921124, 89.50345402326462, 81.24177737395198, 76.83484312891085, 72.35111811750285, 68.1451437905813, 65.77947426061893, 66.07443583754878, 74.6790477496638, 79.54112146633017, 83.32042360164574, 88.18428878194307, 88.67337926256926, 85.32686799220669, 79.64842740859994, 75.15373398397385, 70.82336390620735, 68.4530252802461, 71.59427570156706, 75.85899126354151, 80.93535953560894, 112.61430539098922, 112.86930825638721, 117.75302391777886, 118.21910583290796, 127.91081970136503, 128.14979702793335, 132.39112904097297, 112.66032884580798, 103.17467377226828, 91.99782400393359, 86.3955367657092, 70.82884293030027, 61.82720314717272, 48.28400719979738, 44.51652246222506], [71.27408686009922, 79.76033059223136, 86.86465673203665, 92.25267929816735, 86.6385852363962, 79.25897148997574, 69.77706524298961, 29.22528482017614, 23.672474778826587, 17.694463278072718, 9.592979785550366, 0.0, 7.382529890650086, 15.526106664126356, 22.947151158639144, 71.09726972234712, 79.31110368707455, 87.13082701419313, 94.10587986942801, 100.72337654363692, 99.63690899489151, 92.84393913893389, 85.56857914712896, 77.17275749389698, 68.2306176276468, 37.362907552981646, 32.24061774551166, 28.538330291955095, 26.00671356144243, 23.620131112787565, 18.868277954611358, 19.948972032692637, 23.413373688855092, 26.93369990822065, 30.50596418709905, 57.020736613123205, 59.603442862590626, 65.36967827629609, 70.57494343504705, 71.80658712625424, 68.92175531591694, 64.81206996749253, 55.17293166526958, 44.24477033520127, 52.873964258694215, 44.14637085933874, 40.82807334781622, 90.37540746044304, 82.74610720278547, 78.48296240152091, 73.50498989205543, 68.94778005343227, 65.5386161526643, 63.64183606209908, 73.07737793117522, 78.55364555392252, 82.93704387169271, 88.30731807147258, 89.16271323490223, 86.17569993765584, 80.64181121702539, 75.77811602024063, 70.78334227495769, 67.08888524573358, 71.4167947878798, 76.34160937536065, 81.82734806372689, 117.33973198576732, 115.8722013708138, 119.31982439380657, 118.59722724187014, 127.38856872985757, 126.77753063796705, 129.786296412481, 109.98359265610715, 96.83019731704033, 84.89790551084307, 77.94430571059421, 61.83922764052817, 52.415849732946256, 40.31180319207765, 41.89557937661912], [65.96013733092383, 74.44296039961343, 81.64639125180938, 87.23573597545072, 81.27827905296286, 73.74696939679701, 64.32721581715464, 23.429982839957738, 18.478327019801576, 13.237320417695493, 7.538185868159926, 7.382529890650086, 0.0, 8.716581338717203, 16.909027732560496, 65.78119689145986, 74.25028374958227, 82.27404901462403, 89.48956839142822, 96.47966281675133, 95.18548599401481, 87.97111931637366, 80.45142142508142, 71.88962035329472, 62.79566549283001, 32.648900169014745, 28.650182565686485, 26.661824108903392, 26.711551414116443, 26.329205888054677, 21.137975674051408, 19.710346322541394, 20.6697221543252, 22.628366191540408, 25.584027858855183, 50.902748069030906, 52.71030876381633, 58.1714737743689, 63.955620003674696, 65.15175527816899, 62.05537673665779, 57.94876406973079, 48.713027965362556, 37.88605283463703, 45.514294604553854, 36.920462643647745, 34.445156750971336, 84.50716121583775, 76.4198517674126, 72.0139978067523, 67.14009536153314, 62.70187304851894, 59.76960682450674, 59.1507307030617, 68.07879189965499, 73.21434596274726, 77.3098499047859, 82.50345586785728, 83.26689287928302, 80.16765778912814, 74.43386376068877, 69.64987002024179, 64.92981433732884, 61.936158243599714, 65.63379546559193, 70.28107497161939, 75.68114265439726, 114.2835236026826, 112.57441842270961, 115.80634294607512, 115.00213422624147, 123.68899961256774, 123.01768501293908, 126.52939215704676, 105.83039393385326, 95.77009628260505, 84.61416108486549, 79.6980805935668, 64.84038414278307, 57.08070455251216, 47.085487366080045, 48.314111122121446], [57.601858882859965, 66.06590907286103, 73.32204064640845, 79.0701710930267, 72.92991973425933, 65.3210630550552, 55.9378139418687, 15.055049156152862, 11.219152696217215, 9.634053303143027, 11.258947640290947, 15.526106664126356, 8.716581338717203, 0.0, 8.536258976905808, 57.65498584186149, 66.18180560572019, 74.23276010501252, 81.5284438900553, 88.72313583969401, 87.28759108650141, 79.83220534359019, 72.20848648221676, 63.590870056274305, 54.49063220143194, 26.660197832780803, 24.748708648600697, 25.281050161770796, 28.132060736831225, 29.710799327322487, 25.007709675734684, 21.42266532559266, 18.97654961069375, 17.860588142310096, 19.294189321592473, 42.27058105012427, 44.10844863073927, 50.09253762829869, 56.20472883522686, 58.056577693355116, 55.42302969440512, 51.87863547541729, 43.52774703835312, 32.96025543677526, 38.65859812072038, 28.767161016094306, 26.0160037248387, 78.2759457667314, 70.09514189181316, 65.82605393017678, 61.67941152276893, 57.73830776425067, 55.77905328448841, 56.92747828555452, 65.03647017556092, 69.45504954346835, 72.79456778516301, 77.30405998282083, 77.60293001512329, 74.16703327752258, 68.66468246795165, 64.47987553417319, 60.54806573955467, 58.7367589838791, 61.32647498184732, 65.18608640054994, 69.92233701442211, 107.39961945731443, 105.71551633356665, 109.21277745807673, 108.87264164769226, 118.01200973513129, 117.93720875492383, 122.49006266851347, 102.70275088933447, 96.30512522680858, 86.33570937839113, 83.07177429447802, 69.28498325345711, 62.9262558099136, 53.69316723671328, 53.894815617816576], [49.14523458767586, 57.61693380358162, 64.81979512446988, 70.55794170716327, 64.46375608198575, 56.88237151297457, 47.46594907874307, 6.685421480283946, 6.388092030736329, 12.18445505945859, 17.986757496419585, 22.947151158639144, 16.909027732560496, 8.536258976905808, 0.0, 49.95732764924867, 58.27418022361586, 66.10303233239974, 73.23083472974041, 80.32559528593345, 78.82383613661264, 71.44447029686827, 63.92654928426218, 55.39324585688936, 46.48939161495141, 23.167485130833406, 23.894949210295756, 26.64137020621706, 31.140086275730486, 33.8006242013315, 30.008465622600184, 25.6093654481516, 21.024452786075315, 16.838572792832682, 15.866256111352985, 34.370913407851326, 37.192340391863056, 44.382616239469584, 50.046128932588616, 53.0359705277997, 51.531639769467894, 49.011741429120136, 41.742069856324974, 31.79876252136023, 35.71436303075417, 23.697496050678282, 19.290022026448856, 73.56241283995729, 65.83370370777727, 62.01377854856659, 58.99574485302133, 55.779904724709475, 54.84123156389815, 57.30389588456186, 64.61189168763553, 68.23020776626866, 70.64853459272162, 74.21411570180989, 73.85652703196278, 70.02052998639478, 65.1896336604806, 61.94187015386255, 59.01261524063601, 58.296374707317206, 59.81623475898048, 62.67922464492695, 66.37636772865139, 99.28990252295758, 97.6250423073967, 101.59967266578572, 101.98605659297928, 111.88840035203302, 112.77670940374858, 118.46194296484228, 101.02689131974223, 97.38700443939112, 88.56332599191506, 86.10407228615179, 73.00034804332685, 67.56514364178588, 58.419321920710985, 57.92468131089664], [17.2755766058711, 20.225608284555744, 28.188890008174834, 37.41851903475874, 32.11079314530778, 26.646451171864687, 22.985797657684714, 43.40223569107594, 47.49312879687843, 54.451417499621755, 63.40820248432081, 71.09726972234712, 65.78119689145986, 57.65498584186149, 49.95732764924867, 0.0, 9.555298125730932, 19.170081485957542, 28.69552180708218, 39.555147376336166, 38.503504884051814, 27.697505700042488, 18.775146408553198, 10.935311490311191, 6.092258113741898, 38.64520756119419, 46.91973049474979, 54.40760661742332, 62.49923218476236, 68.56500217078289, 68.01714542017837, 62.172149915824676, 54.6087865131133, 47.52517604944824, 42.519442619634845, 19.527812634154497, 30.27085639484278, 41.975861549829006, 49.58935291666684, 58.404694790171504, 61.46339743417932, 64.05994825868055, 66.2695784771662, 63.50345653237504, 51.06655112051123, 40.466044958686155, 33.18621482666114, 78.38545839094262, 72.64321942418539, 71.23692758570449, 74.32678196764795, 75.23348033354164, 79.75841667539632, 89.09332586331202, 91.19919218212662, 90.54883844556309, 88.32081214622225, 86.75424320985304, 83.24713381221274, 77.98271838932111, 76.46356796843997, 78.1930639656579, 80.6677177467589, 85.87738662763604, 81.63248770195509, 79.17614531336629, 77.34779151085189, 64.2619913743485, 71.77154172515414, 84.16712118770434, 92.61556209015549, 107.60704129064169, 115.00486050254771, 127.63466626054158, 120.44189369075816, 132.08667414999098, 127.80441160986214, 128.76387433353278, 117.90261928446968, 113.96499844949705, 101.98290524644307, 92.77822619676806], [18.079577540073053, 17.07208732468555, 23.295672368076136, 32.29031294050835, 28.55346557387607, 25.245396399889266, 24.59678246940809, 51.64398970488786, 55.841207720970594, 62.99152982201659, 71.87670744693006, 79.31110368707455, 74.25028374958227, 66.18180560572019, 58.27418022361586, 9.555298125730932, 0.0, 9.78411740160128, 19.56419068720625, 30.889744253128203, 30.163877204042734, 19.228245892567763, 11.026805028441418, 7.726468238278147, 12.650734706377612, 47.50996765169291, 55.53729865734267, 62.73516540301711, 70.42194343506459, 76.30211269201527, 76.12186508922912, 70.53633942385648, 63.184816382281, 56.22755137364647, 51.28738414815901, 27.58095360428093, 37.63852367435064, 48.56137512268466, 54.20204106308092, 63.53051045343479, 67.64392477559373, 70.98105196134452, 73.70464903062609, 71.40580004842879, 59.51048296521396, 49.367137666046226, 42.29143460034594, 81.61863680922573, 77.09360454356106, 76.40538784291627, 80.39969911792551, 81.83448703208732, 86.68582848570867, 96.04057605550535, 97.7310362461731, 96.61633974383665, 93.79040338992445, 91.4119937644437, 87.401924293846, 82.06351054012126, 81.52049448531493, 84.05879712712846, 87.14530922139956, 92.651227890565, 88.05378597378734, 84.98541938209752, 82.24082556202833, 55.977657016914826, 65.38348801698858, 79.6375485811563, 89.86410977493505, 105.88790568445394, 114.75687491212116, 128.46049622883967, 124.62777812500676, 137.44533729134926, 133.86502027659844, 134.7822067909291, 124.19163640316617, 120.50171326755992, 108.36223565382245, 98.9395087700106], [21.309017380459593, 16.63184636250221, 19.313742912560553, 27.01344614379909, 25.55661389088408, 25.05871932970911, 27.377205499440226, 59.44065316227902, 63.894460502111535, 71.33814980907177, 80.10320321574437, 87.13082701419313, 82.27404901462403, 74.23276010501252, 66.10303233239974, 19.170081485957542, 9.78411740160128, 0.0, 9.899493435593202, 21.570517180853262, 21.0991593702253, 10.486052696674856, 6.3551567343048285, 12.217117173432039, 20.915158586687166, 56.64523186629968, 64.51032912889741, 71.46473727036542, 78.75479848689089, 84.35305996710838, 84.3809565691347, 79.0533415015267, 71.8983825369198, 64.97996269818567, 60.04940231947446, 35.478860800415454, 44.833260750161706, 54.944944135944205, 58.28860307337404, 67.96449287840076, 73.1517015301592, 77.19858452471043, 80.26603191149461, 78.41310195629399, 67.49701637751676, 57.74299037424641, 51.011797855541346, 83.7944337201203, 80.66185290365416, 80.7392112811733, 85.59184390073216, 87.52741819484923, 92.61223319893386, 101.81730111668233, 103.11138994618196, 101.55234161230173, 98.15283563187249, 94.97830494494141, 90.4887826776786, 85.12848109437901, 85.63314751246767, 88.9643203752425, 92.61516766709335, 98.31278193215194, 93.44900104085188, 89.81272044841137, 86.16607427633282, 47.175367227143205, 57.81498657502022, 73.66334061915899, 85.55098610799476, 102.48830700949208, 112.79567143066973, 127.49000093150279, 127.306490021737, 141.18536363238854, 138.41252728112968, 139.37867375428849, 129.26058074241013, 126.04979960964388, 114.2472195810697, 105.3336105911843], [26.58183692060061, 20.152983236928296, 18.59385298622354, 23.22828060921895, 24.857892073309873, 27.217921801557402, 31.609242114870536, 66.60665502748033, 71.28186887847454, 78.99699637214547, 87.57757206798935, 94.10587986942801, 89.48956839142822, 81.5284438900553, 73.23083472974041, 28.69552180708218, 19.56419068720625, 9.899493435593202, 0.0, 11.884359841881725, 11.879303479980512, 5.492968188513838, 11.82698558366691, 20.18060849231531, 29.531905639395415, 65.33905347570787, 73.02365418430679, 79.71000549610079, 86.5599823090641, 91.80480614968116, 91.98894530793352, 86.95404653728016, 80.0317727777479, 73.16071071206537, 68.25454266976297, 43.35476718726766, 52.220011045308304, 61.664829118888115, 62.67289282190981, 72.52477470285814, 78.69470627827185, 83.31993974825252, 86.45207776197653, 84.87674442719897, 75.31692317857305, 65.7545949769664, 59.25203228578737, 85.9342916376526, 84.27568086152256, 85.08962162985478, 90.64290416560524, 92.97225077225936, 98.12874350157169, 106.93883552104579, 107.97165613116626, 106.075420347694, 102.21529294054477, 98.35985434706804, 93.46269659456082, 88.1329920174095, 89.66465407002867, 93.67366336839778, 97.74614691777059, 103.44942133666952, 98.49295003794917, 94.42762568513923, 90.00333976058683, 38.003104249887144, 49.497105153764835, 66.96934541181248, 80.52606069580372, 98.3595384921795, 110.10455676974216, 125.6431172813547, 129.35804016388448, 143.79287093287485, 141.79292922579796, 142.67676102834628, 133.0550098997587, 130.35579586218634, 119.05111532425268, 110.98118256715159], [33.93787353414808, 27.33592640623094, 22.694259226523894, 22.447824480239902, 27.595767061926672, 32.22576555269465, 37.63247106779444, 73.85378733103742, 78.69370559074626, 86.65615762196144, 94.90802965745944, 100.72337654363692, 96.47966281675133, 88.72313583969401, 80.32559528593345, 39.555147376336166, 30.889744253128203, 21.570517180853262, 11.884359841881725, 0.0, 4.542757828275023, 13.68788000989437, 22.26564470470689, 30.3129794260872, 39.49356197009224, 74.53811890840066, 81.92232116677175, 88.20946530814103, 94.43728723170973, 99.16110192231154, 99.50320729633698, 94.88941900226159, 88.32872244814077, 81.57527783989819, 76.7526546426582, 52.22771625906928, 60.80297541067172, 69.71413910657421, 68.0887285800065, 77.96349946067637, 85.12628227100231, 90.23017609343772, 93.04958362555521, 91.53698803799274, 84.02441948048242, 74.42674878583706, 68.02054245480227, 88.52792750102621, 88.6080772671125, 90.19565939340721, 96.31580351929972, 98.93452565214943, 103.94220542636862, 111.94217403811548, 112.89833262725233, 110.78875059457337, 106.5812538840836, 102.13718788957763, 96.88458452498793, 91.6496753165827, 94.29083991958025, 98.89398602581089, 103.23402691876977, 108.67048331623272, 103.86656698861091, 99.5208516879464, 94.40546929723115, 26.96075622847959, 38.79321952469295, 58.41498641929126, 73.94939602615455, 92.85271729133787, 106.24703410955912, 122.50263879669112, 131.02047054761192, 145.2079088391527, 143.99812999489828, 144.50562478783985, 135.42637853944174, 133.29720636444935, 122.68034074606916, 115.92733922601], [31.510079384284182, 24.442629384059607, 18.91236952095937, 18.12041475656068, 23.475148757260797, 28.625833759577816, 34.73684988080189, 72.33957936339884, 77.50501299400398, 85.64406335313394, 93.91455464480418, 99.63690899489151, 95.18548599401481, 87.28759108650141, 78.82383613661264, 38.503504884051814, 30.163877204042734, 21.0991593702253, 11.879303479980512, 4.542757828275023, 0.0, 11.726268720864706, 20.513652010432715, 28.596428362184362, 37.957901152219335, 73.80058271048333, 81.37995218521378, 87.8521762645388, 94.28252870091664, 99.03599424410457, 99.11314526648073, 94.37213407978761, 87.67785567379939, 80.75570935243785, 75.82259322789322, 50.109440146298724, 57.96735261358407, 66.38903915123791, 64.24296319887982, 74.07710089233035, 81.41097514967446, 86.69281536163422, 89.77081902054248, 88.63563094143362, 81.20549422135932, 72.10616124844249, 66.35998151884718, 84.25323621407294, 84.46533489940653, 86.1786958491006, 92.48205843002889, 95.25093580787406, 100.38793924578371, 108.54857634891559, 109.23175626505052, 106.94916718139422, 102.58818506388582, 97.9856767679772, 92.67440101217305, 87.45772218097412, 90.23864825098403, 95.00578639540788, 99.51933639971362, 105.11814515406404, 100.13868350775562, 95.62095116946332, 90.3248217623598, 29.884420753817444, 38.085842607056364, 56.12556961366922, 70.94606932393434, 89.47122223710981, 102.5408623742627, 118.8146655491084, 126.9232560369723, 141.97970101357095, 141.05450852716052, 142.18770855490277, 133.57587473701398, 131.94384789336308, 122.22298897305579, 116.39325333489096], [23.332020035026908, 15.971622910431364, 13.476670966175622, 18.615223872014212, 19.681888344785644, 22.41983319336116, 27.798458366214952, 64.8073133356021, 69.92305106010203, 77.87873892097998, 86.46651494056661, 92.84393913893389, 87.97111931637366, 79.83220534359019, 71.44447029686827, 27.697505700042488, 19.228245892567763, 10.486052696674856, 5.492968188513838, 13.68788000989437, 11.726268720864706, 0.0, 9.161670678506079, 17.93375302335387, 27.702519155042165, 64.6732969990003, 72.60122829590065, 79.50866514421381, 86.5876810763865, 91.83732110393846, 91.6784356715863, 86.50025326544598, 79.42364914746847, 72.33686526694044, 67.28810744243103, 40.69703143282082, 48.600135980124975, 57.4473139978178, 57.82144013841123, 67.65638739238845, 74.0483025226777, 78.90805617692219, 82.36742178833671, 81.26789339108619, 71.82534361407465, 62.896971961683825, 57.288030372912516, 80.6818646385346, 79.14271293204229, 80.09854407459359, 85.87938412635971, 88.3953680039839, 93.71686398120615, 102.7277430439499, 103.42972203727726, 101.3237833201318, 97.27843342937898, 93.2382728392882, 88.2735224991732, 82.95857886127227, 84.64246673241735, 88.8495370555917, 93.13689285326956, 99.04280937419593, 93.86834343824094, 89.59067164809616, 84.94988168700097, 40.59397034437288, 48.703248931487416, 64.38674416716044, 77.01691912411162, 94.32517546513388, 105.62661347745053, 121.13245453023573, 124.31948774381924, 139.7639095054915, 138.1104346609509, 139.74414247065081, 130.70442857826137, 128.6310759161291, 118.47126695519134, 111.6378987237192], [16.707784769361645, 10.733669713259955, 13.593325794338154, 22.074752339665192, 19.588292454895832, 18.936049463919158, 22.216941568136875, 57.2466860133762, 62.29270702868048, 70.09888224087258, 78.83115793286544, 85.56857914712896, 80.45142142508142, 72.20848648221676, 63.92654928426218, 18.775146408553198, 11.026805028441418, 6.3551567343048285, 11.82698558366691, 22.26564470470689, 20.513652010432715, 9.161670678506079, 0.0, 9.032280317396046, 18.86707517335355, 56.2719067780945, 64.39191247367286, 71.54870134494209, 79.00841155322956, 84.51620642639955, 84.1413654597589, 78.70830553202778, 71.4223000180435, 64.24431515089746, 59.1394259843916, 32.29880407180259, 40.59860978748679, 50.125231177636, 52.483291637166786, 62.215916356672, 67.77006143980104, 72.1274402505529, 75.46702491541537, 74.10957742328227, 63.64278741971538, 54.5203900222533, 48.85270316649534, 77.54754814785652, 74.64225742867798, 74.91838028304596, 80.04943545556496, 82.19604425744434, 87.42796492626731, 96.74758491470672, 97.7177358213111, 95.93949746583498, 92.33392030950614, 88.9457928322122, 84.36352956102535, 79.00764785791812, 79.74323232768775, 83.31865368034283, 87.20346880339969, 93.07042215919776, 88.01043957762465, 84.14193521171853, 80.22747995382029, 48.70643819452982, 55.925574970013464, 69.91548000312615, 80.79619759868761, 97.19020275489406, 107.04688146169623, 121.67130055205106, 121.20310638624424, 136.00380822980648, 133.65064054134407, 135.3812533212346, 125.94897444252872, 123.50566620318746, 113.11561784496693, 105.88303034973049], [10.849964827079253, 9.943043769694771, 17.37839589515842, 26.62617545512674, 21.845735486471153, 17.69290324343987, 17.17000846066571, 48.70940789692465, 53.731306873808485, 61.470046467979074, 70.26118681899986, 77.17275749389698, 71.88962035329472, 63.590870056274305, 55.39324585688936, 10.935311490311191, 7.726468238278147, 12.217117173432039, 20.18060849231531, 30.3129794260872, 28.596428362184362, 17.93375302335387, 9.032280317396046, 0.0, 9.874557481392163, 47.59481353864445, 55.84426941558178, 63.15831831446355, 70.85164939842194, 76.46237400712187, 75.83692631369503, 70.24462754700419, 62.83313515143266, 55.563023934736144, 50.40515964655444, 23.52262107169726, 32.77577653087631, 43.33033791185387, 47.32014813620241, 56.85551684254739, 61.60095192218241, 65.35287741605828, 68.13999111919809, 66.25374649526714, 55.52694200698891, 45.80952301421037, 39.87421751402352, 74.23781099249254, 70.16620997667107, 69.77715510789326, 74.110269797709, 75.76659322951978, 80.6877910043067, 89.93454083428573, 91.38600707858072, 90.07450088309469, 87.03396455190263, 84.41232843234324, 80.26537457538167, 74.90746505398913, 74.74223906872658, 77.58459394656154, 80.89947936106606, 86.46077488574996, 81.75976138767497, 78.46194793501321, 75.38138128901942, 55.88921524284349, 61.68425689434425, 74.01807001506295, 83.19182302741406, 98.73510435023915, 107.21536455769046, 120.8097611993041, 117.242395038897, 130.65356363234662, 127.56707744783046, 129.15001692239377, 119.32491678242748, 116.55427045248429, 106.11103775101795, 98.96327185488246], [12.149731334283114, 16.98416446584376, 25.42614578426689, 34.3673430357525, 28.49505045898752, 22.186300569814716, 17.30740398525758, 39.83888161042621, 44.62078407068591, 52.13586138108346, 61.00912945453909, 68.2306176276468, 62.79566549283001, 54.49063220143194, 46.48939161495141, 6.092258113741898, 12.650734706377612, 20.915158586687166, 29.531905639395415, 39.49356197009224, 37.957901152219335, 27.702519155042165, 18.86707517335355, 9.874557481392163, 0.0, 37.948475455315425, 46.32582791636259, 53.81251903625182, 61.78462419323787, 67.55048796584366, 66.67995702266553, 60.89749642259804, 53.345471347600956, 46.01305556488361, 40.82523549854249, 14.986291291204974, 26.120441612774965, 38.04883280793569, 44.39372179528355, 53.37198600130575, 56.871399026407104, 59.67744566854118, 61.60744518000315, 58.87400521097465, 47.76611127609086, 37.022159083530006, 30.296068367226827, 73.02420767196149, 67.57900463596079, 66.32928168693367, 69.52312105639692, 70.4764948260274, 74.906099002187, 83.95014514771894, 86.08468406038473, 85.42318704000505, 83.16108098833047, 81.55298119227247, 78.0025269590084, 72.71853910245152, 71.40675845574253, 73.23753833902957, 75.73377354814254, 80.80862651752358, 76.65963157548312, 74.17796806993256, 72.23852191329948, 64.07799546602415, 69.12871625866217, 80.13769548018641, 87.72330710446025, 102.35981158106765, 109.40145542277966, 121.78839126186014, 114.79001143631127, 126.26265485917841, 122.2060099490856, 123.41896138255032, 112.98248866124732, 109.62960420826828, 98.81478267925597, 91.4018930566334], [45.92736841788199, 53.592868077650714, 61.93618844750334, 69.76834421138423, 63.633744116943774, 56.07215591035099, 47.3054505959428, 20.48291756576238, 17.96523904575617, 19.76821277564143, 28.11447713776198, 37.362907552981646, 32.648900169014745, 26.660197832780803, 23.167485130833406, 38.64520756119419, 47.50996765169291, 56.64523186629968, 65.33905347570787, 74.53811890840066, 73.80058271048333, 64.6732969990003, 56.2719067780945, 47.59481353864445, 37.948475455315425, 0.0, 8.717139720880066, 16.817922387581085, 25.976247077534225, 32.55521409472716, 31.032940838138465, 24.546252903036706, 16.697343790282964, 10.509707221992723, 7.623171924373543, 30.43730429650821, 37.2483702792616, 47.359080862846675, 58.48868029452024, 63.272098566249134, 61.506978709373215, 59.541688765069196, 56.00324406481376, 48.34232155266434, 40.5986925174906, 27.356964232791725, 16.585155825019825, 86.56408437956085, 77.76760989824348, 73.76558274385503, 71.