{
	"dissimilarities": [[0.0, 7.734824118982734, 16.018461636340927, 23.93082062786185, 17.964135868506506, 11.276058738712477, 7.660678252809018, 41.69620874915561, 48.43448542879245, 56.793939172674094, 65.22079140678562, 71.44540057876287, 64.9195750900083, 56.54812522394466, 49.13760454146888, 17.232531546178727, 18.026155104015306, 21.29486423424284, 27.565784011615882, 34.608941157063875, 32.81334054643681, 24.313906993667064, 16.791823054982263, 10.920780535379967, 10.313770779598554, 45.74595170682902, 52.63377557056732, 60.97014197073288, 68.12091620467946, 73.52186620911867, 71.27662155386757, 65.90551311400128, 59.6931223760087, 52.281220587919, 47.05693356755976, 17.664005787586742, 29.042425932065555, 40.068855427121186, 40.65398251176032, 50.179955134451234, 54.794265119508516, 58.935956637488445, 61.12547881198355, 58.393203538705855, 51.738997767381974, 41.09357204056962, 34.95462816368449, 65.77680198250528, 62.43935236450158, 62.264965291268496, 66.58470686155869, 68.09515133598627, 72.55203382216177, 80.37249904487231, 82.27893933745118, 81.58121576333443, 79.52941614691287, 76.16717220936945, 72.02718222896657, 66.68341154346162, 66.57801637478396, 70.58113163314276, 73.24968305375518, 77.82103060444098, 74.07017982121238, 71.40612203932633, 67.44338078258754, 56.541831293074736, 58.905949833994754, 67.93727396976635, 76.5851704072193, 90.0903540710971, 96.43377286077249, 110.3931972793281, 107.64691125332111, 120.31680867547355, 120.57171205002177, 121.29151129096216, 112.39117337683368, 108.30069615696063, 100.35925474168594, 93.90600746559227], [7.734824118982734, 0.0, 9.431488036945018, 19.15617037661137, 13.772067257042094, 10.782140103966606, 12.992657062418223, 49.28863938701703, 55.885460740879516, 64.12857204758723, 72.62174905680307, 79.05855286762961, 72.52218369248834, 64.13211215821995, 56.75325187213087, 18.467858395704525, 15.485828575756095, 15.810745021934734, 21.1286402962029, 28.579910093651954, 26.595668816514106, 17.236027302781377, 9.783983687737267, 8.349972224138414, 13.635681777081922, 52.05246909855779, 59.10208596692829, 67.51352108163064, 74.82954947181206, 80.36135552619224, 78.28774600790176, 72.85608744016858, 66.57886324683739, 59.18179110087504, 53.95038362520122, 24.200877750252886, 34.02601142653798, 44.00296010266866, 44.37012625281885, 54.06828138048482, 59.066037001450745, 63.83776919392072, 66.99376770962257, 64.95752789838069, 57.029827947879674, 47.360614282995826, 41.799770594698124, 68.41591409422351, 65.68850660635455, 65.97023976230574, 71.02216755206841, 73.04237642972734, 78.01900968697181, 86.33382469723352, 87.56405829846133, 86.4091796500211, 83.7887700693629, 79.72405448529305, 75.21782987715055, 69.86111486651957, 70.25797421923626, 74.97729895254461, 78.18958156482356, 83.43291335923057, 78.99546936960068, 75.79407709189583, 71.12133221555956, 51.84895803626656, 55.471045568112096, 65.8505838002238, 75.98056347609592, 90.13896979856392, 97.39230902780523, 112.35476890187832, 111.41970711554578, 126.05166476702543, 126.92297780858014, 128.1190494111522, 119.56658416278646, 115.7487183732361, 107.67799062059133, 100.64197774075048], [16.018461636340927, 9.431488036945018, 0.0, 10.619132922082011, 7.606536619052986, 12.10067815671163, 18.468201534646223, 57.45633942417886, 64.34801787719135, 72.75347652588576, 81.12742290984372, 87.04616587342124, 80.649510310688, 72.3031227484321, 64.856145048381, 27.2154360963298, 22.072253961203714, 18.033991115244483, 17.995621642894083, 22.494711159107734, 19.795577102778136, 12.84847266553352, 10.821826156883873, 16.46040988944291, 23.032754141181833, 61.349483635653954, 68.3233843708863, 76.60885068997251, 83.70870429071415, 89.00383991613279, 87.03144615527683, 81.75320608731641, 75.58047548675795, 68.20933053722513, 62.996604225568646, 32.80870488538076, 41.06879466811297, 49.480763458470214, 47.282187258438285, 56.98186736931539, 62.89099869507192, 68.542335657304, 72.31062810339424, 71.05645712884078, 63.981925157032116, 55.33929980707332, 50.633972184857186, 68.4239751122897, 67.31003935441034, 68.4766627486564, 74.5020977037403, 77.13003655329973, 82.40990758308055, 90.64375688389633, 91.19173972164184, 89.49530688951862, 86.09195123931515, 81.18139773913673, 76.1745780456465, 70.88829157745343, 72.34213615286517, 78.01924942043624, 81.8418827175485, 87.54123901060154, 82.5646092364155, 78.75001665157424, 73.1189436912478, 45.917087966147996, 47.8741115127058, 58.451707043230705, 69.78949886121718, 84.66161358669804, 93.122369147115, 109.10815525904124, 111.77004135921499, 128.14617627672376, 129.94155367090946, 131.78575284813425, 124.05409385440892, 121.26359216566154, 114.10636422445559, 108.17054203718693], [23.93082062786185, 19.15617037661137, 10.619132922082011, 0.0, 7.412223938817289, 16.230716869715092, 23.526367257785324, 63.1477236104526, 70.51017496309157, 79.1522408099896, 87.23298357600338, 92.1598020332191, 85.98841729305838, 77.78974136208276, 70.32617906343181, 37.50694296997543, 32.5551939540792, 27.54884437902376, 23.854979111155767, 23.020543709000314, 19.752547224916636, 19.10799351192317, 20.882322240280796, 26.87211150777974, 32.62010764845983, 69.56539078699747, 76.30138961409213, 84.35784569484554, 91.01784556853491, 95.8621178099326, 93.84679382930958, 88.84238920526622, 82.88573737270757, 75.56773722015572, 70.41515962295769, 40.16352466517606, 47.07185666224351, 53.95688429426545, 48.157084158906606, 57.519190771327835, 64.41920336089137, 70.80349170341708, 74.65102413059049, 74.05723900726912, 69.34479447876112, 61.55918390419557, 57.7942037634467, 65.3099097760016, 66.24758976108275, 68.38408642228573, 75.20565382134812, 78.30015336786913, 83.5441165375716, 91.15130200190177, 91.21026759492122, 89.08359680963426, 84.98682204399843, 79.42579979066562, 74.00452459724492, 68.89246364785433, 71.55704669502077, 78.03383989877663, 82.28927558765596, 88.05942705363351, 82.88738566574442, 78.62876619068878, 72.18887871549204, 43.27402878881867, 39.62791470490596, 48.191148735007026, 59.74244261869252, 75.07698009934253, 84.54877413984244, 101.1909341673695, 107.84756710495071, 125.16958996875219, 127.90158388201232, 130.42929897157575, 123.81278617316029, 122.49408310650408, 117.08247511433979, 113.51148945171967], [17.964135868506506, 13.772067257042094, 7.606536619052986, 7.412223938817289, 0.0, 9.119497862270814, 17.08218689417807, 57.130532140574964, 64.66801596767156, 73.29324025734175, 81.48545810919668, 86.71149012690913, 80.19690071123568, 71.83861302079197, 64.42303368908907, 32.069014685542946, 28.49447506180556, 25.53013649792208, 25.07694066815029, 27.417169985777416, 24.351024511702626, 19.894496138886907, 18.201232141410042, 21.90001192489785, 26.690819658172114, 63.45452137913203, 70.31033357206827, 78.63344583484644, 85.57436057197106, 90.67760232853766, 88.353873389027, 83.13000650274836, 77.00912590463125, 69.57202966616055, 64.34895136277522, 33.280736530623024, 39.71676404372332, 46.81479280621232, 42.15004110607469, 51.710462335484614, 58.21095525696164, 64.34418120559346, 68.29000759515215, 67.65524697770556, 62.08118431454217, 54.39389710735221, 51.0623324834225, 61.58341953997008, 61.286197087834786, 62.91860993523451, 69.3810256358706, 72.2973559947349, 77.62482408906001, 85.66482403422816, 85.8166567169063, 83.85459393794747, 80.09039685841249, 74.87861331143561, 69.6963014323154, 64.46552156687392, 66.45182407796288, 72.54080930964962, 76.62558060315392, 82.47071788677997, 77.28400853977651, 73.2043922931846, 67.16221261962609, 49.23008988825314, 46.59742649317864, 53.91330868626879, 63.606567372281276, 77.70212609531715, 85.69748935622711, 101.67716984198718, 104.76234009368123, 122.05728704212768, 124.48428462502713, 127.18700746150085, 120.45295141490038, 118.81792187127328, 113.43770067299786, 109.60119084634418], [11.276058738712477, 10.782140103966606, 12.10067815671163, 16.230716869715092, 9.119497862270814, 0.0, 8.518907395458825, 48.44555649875694, 56.148304303666364, 64.76190838039223, 72.98521335607478, 78.36488473296484, 71.60029831707672, 63.14746072496884, 55.78762276177448, 26.79291922130534, 25.912834537220604, 26.213506630691533, 29.27976374123514, 33.89227042000963, 31.225809236456882, 24.518677769588436, 19.31857118114572, 18.362537518694687, 20.35100744017595, 55.212537333482324, 62.05267701150128, 70.51411823603442, 77.57803118943686, 82.81387884926535, 80.18233027270361, 74.8286216307493, 68.630314638468, 61.128971963163806, 55.88275091667364, 24.45075690835967, 31.055416570975215, 39.103011973885295, 35.791243824424235, 45.51405123129042, 51.40342255293958, 56.919718892497045, 60.37699553816087, 59.263453250178515, 53.53779687467422, 45.34451889157384, 42.122720170216745, 58.168870930483656, 56.354124042097794, 57.21867672075299, 62.890132295745296, 65.32294588169871, 70.41520601643259, 78.54844950261949, 79.2231787899073, 77.70026138427441, 74.59426670096305, 70.14113665064653, 65.40558723759212, 60.074055348681306, 61.11613524478564, 66.39842409690225, 69.98764475719794, 75.48361626188299, 70.71289480893637, 67.1327035433704, 61.901927394607384, 55.957014688441035, 53.89131520657706, 60.09093466375111, 67.8188961722838, 80.71912118768495, 87.11778147741089, 101.93603426825378, 101.13248902163518, 117.08007734089442, 118.83410375923037, 121.30176312652927, 114.18501287186062, 112.05050792574812, 106.63145660081084, 102.75017783691662], [7.660678252809018, 12.992657062418223, 18.468201534646223, 23.526367257785324, 17.08218689417807, 8.518907395458825, 0.0, 40.074447541777936, 47.706658314843395, 56.34811721785964, 64.53330903342616, 69.90803475549747, 63.219740010641445, 54.80820918384808, 47.406864274246196, 23.822785906103803, 25.5045177612643, 28.26723856034222, 33.20364310310209, 38.67259334679239, 36.46803703288417, 29.31723589308039, 22.752100197610968, 18.139228624612155, 16.474140309936356, 47.49219847877615, 54.13054533279224, 62.43213996110505, 69.32678371290017, 74.46029604412578, 71.78570660687326, 66.50633575441923, 60.39476188152957, 52.94494176542058, 47.748550044585286, 17.440884452893346, 26.329427851159256, 36.19800698321185, 34.19287919201822, 43.72327236079027, 48.876770656358914, 53.39602608926289, 55.55572734679409, 53.30909156152613, 48.59368070703834, 38.83803615618315, 34.47194116691448, 58.541627097027146, 55.65781515125894, 55.759628601823906, 60.32610400073151, 62.00013324477077, 66.42020333616856, 74.00996966174239, 75.69692635829324, 74.85188303785183, 72.5987226958631, 69.14394104969209, 64.93912946292872, 59.61196423075388, 59.81467650919526, 64.02780431277625, 66.82829869148233, 71.42126743029573, 67.59761316517435, 64.79875857612502, 60.62784465657056, 59.87067543419965, 58.52946765022982, 64.67651432090378, 71.44679855197188, 83.95575294195635, 89.52714089030044, 103.14452901822882, 100.10541058644685, 113.24362221046734, 113.98279529289869, 115.49292887594642, 107.52416974852011, 104.58407197097347, 98.57772010131595, 94.52715084105778], [41.69620874915561, 49.28863938701703, 57.45633942417886, 63.1477236104526, 57.130532140574964, 48.44555649875694, 40.074447541777936, 0.0, 9.080641606539759, 17.44016236500813, 25.020275735615925, 30.684357196331586, 23.367949758905315, 14.860052704409798, 7.544628839136686, 42.90720384944755, 51.12508645961149, 58.877037437975474, 67.09272266148456, 74.04196306814322, 72.84551502995514, 65.14814789923088, 57.21869534030489, 48.02909272368293, 39.62866519250466, 20.989321033344645, 23.152389515832272, 29.06368330374273, 34.335908555985014, 38.81837081049287, 34.55066051950233, 29.59281485236119, 24.426924447275653, 18.330959884005665, 15.168899798477213, 27.508497958687258, 31.742133270971895, 40.84617108204844, 45.85369012025118, 49.95256965427194, 49.42715347163898, 47.260550014545565, 41.87780542609804, 33.337292544945115, 36.05619513618721, 22.189626490419304, 14.3394790373258, 69.99984697741475, 62.680049414144925, 59.21156333386049, 57.274471974342276, 54.69048000022479, 54.72090631110322, 58.55510513644164, 65.15159737927452, 67.90066045032971, 70.33357539321693, 72.15742946866877, 71.20646515508635, 67.03621350638537, 63.15665761123681, 61.27243547371008, 59.53067055193977, 58.76881236201244, 60.41168159767098, 62.10167544785305, 63.956104181848445, 91.8913373330257, 91.95741440289092, 96.15711067507299, 98.23156188028616, 107.19233704056258, 108.14355859478343, 115.7992523294108, 100.22653818205343, 100.26766864804839, 95.86044448424356, 93.18452257832226, 81.51193742620221, 74.10832308983105, 66.00050069373962, 61.81860105186939], [48.43448542879245, 55.885460740879516, 64.34801787719135, 70.51017496309157, 64.66801596767156, 56.148304303666364, 47.706658314843395, 9.080641606539759, 0.0, 8.78879368115585, 16.86128044156582, 24.104814842375973, 17.55404736551209, 10.44851408876238, 6.414514037726942, 47.51724321397643, 55.84270367076312, 63.88468408673405, 72.37135277388933, 79.57584723013754, 78.68252437829153, 70.97454129214334, 63.10716152627331, 53.74671824457026, 45.298942047981924, 17.677109257206084, 16.96965975721414, 20.885601957118762, 25.379016089230998, 29.775238801670657, 25.505995840456926, 20.651390328929043, 15.950310350813306, 11.168271768330408, 10.354857423858283, 34.59759547914204, 39.49721842934479, 48.584299259458824, 54.708554447812546, 58.42842720217791, 57.29164385994809, 54.33062265536303, 48.17842393715043, 39.01363341610599, 41.677209721493654, 28.312673599111495, 19.675139790185913, 78.56685093681126, 70.9765038329377, 67.20477216459068, 64.53716904244985, 61.42666460237321, 60.7521048315614, 63.67583440797067, 71.04119193878518, 74.34399897332298, 77.43937970687118, 79.89683832263181, 79.31333246612444, 75.32453817609054, 71.09484992567545, 68.51150034408536, 66.15469854015939, 64.48346127880528, 67.03043448317894, 69.33342305022647, 71.88303291056673, 96.56420652633027, 98.19789942857132, 103.45151471926688, 105.97763424433185, 115.22806926729747, 116.24422771345844, 123.31152315531871, 107.04095814278635, 104.16389998980192, 98.43191824525327, 94.02049871764788, 80.80375194617271, 71.31478510895391, 60.5500561033716, 53.85208731725497], [56.793939172674094, 64.12857204758723, 72.75347652588576, 79.1522408099896, 73.29324025734175, 64.76190838039223, 56.34811721785964, 17.44016236500813, 8.78879368115585, 0.0, 8.730515919289363, 18.19710364663415, 12.556237756007528, 9.661422243797595, 12.156031633913798, 54.5359316862857, 63.03014072402573, 71.33546940326714, 80.09004571684079, 87.53364873674471, 86.77338295805025, 78.92918626512922, 71.00263756991383, 61.4983849799089, 53.003570630754545, 19.746450022346952, 15.578957942230348, 15.712026743406529, 18.493115646777614, 22.60511872982668, 17.481357146077904, 12.78051930445242, 9.689066817713304, 9.67968781779459, 12.937528707201464, 42.63739115722203, 46.66756496889997, 54.947980336503235, 62.03598735363224, 64.99562849689171, 63.02625872198372, 59.12624314694098, 52.22544242436147, 42.72367577167539, 45.69703767472666, 33.74167891374527, 26.45863455534091, 85.27280882840628, 77.17885004044935, 72.98916214147623, 69.40496799307058, 65.71516408102303, 64.30923897250342, 66.4258869424703, 74.40045863576734, 78.25610680689023, 82.09772484298676, 85.32038717793526, 85.25097216263991, 81.53844539118981, 76.78960931883904, 73.33144754088087, 70.29330210021436, 67.74376014406172, 71.16125013509209, 74.1440070752502, 77.56390601873285, 104.14878427108547, 106.4790845241766, 111.8910578194149, 114.15335538966032, 123.04300366637197, 123.53506388136636, 129.77310556909094, 111.57051252942517, 106.29768299262959, 99.4408991959134, 93.93040120288354, 79.81533048835985, 68.7612293979707, 56.55801868623913, 48.29948533992735], [65.22079140678562, 72.62174905680307, 81.12742290984372, 87.23298357600338, 81.48545810919668, 72.98521335607478, 64.53330903342616, 25.020275735615925, 16.86128044156582, 8.730515919289363, 0.0, 11.017132513377197, 8.670000939664076, 12.740139092441574, 18.389298655399287, 63.20879545896948, 71.63272011630873, 79.85249728555978, 88.44206387993418, 95.62767279837195, 94.91481395028518, 87.35836522491135, 79.55585232562741, 70.12858912715568, 61.67252962303376, 27.51681091811424, 21.991449364114477, 18.43849873586353, 17.052188490523616, 18.621396864148995, 12.805400624249987, 11.196124632535938, 13.066412972186896, 17.10924100276707, 21.29806335943672, 51.17633389922915, 54.52310895522461, 61.910982808687194, 68.53587458200587, 70.68004241310047, 68.24633123642786, 63.63764008541379, 55.67906721629206, 45.90432269236476, 51.21901513235198, 40.71276873696959, 34.83980428093695, 90.26326484036599, 82.17826116779221, 77.8008265263648, 73.42225083978204, 69.19535708149927, 66.81463469793911, 67.46727077805757, 76.20563731452954, 80.63879759045469, 85.17124824002464, 89.1819906557617, 89.60525672317964, 86.23368686152006, 81.25310077979118, 77.0062023314471, 73.26863798696823, 69.5291542118977, 74.07369392626416, 77.75162202355678, 81.95721157458047, 111.50236893748969, 113.391470003939, 118.21852416880319, 119.70363882854348, 127.98740283990755, 127.85242945913706, 132.93578638993307, 113.49222143977049, 104.9543697629971, 96.91160996720717, 90.11502481649069, 75.19204813062461, 62.90782003900251, 50.19580852267029, 42.80353837972581], [71.44540057876287, 79.05855286762961, 87.04616587342124, 92.1598020332191, 86.71149012690913, 78.36488473296484, 69.90803475549747, 30.684357196331586, 24.104814842375973, 18.19710364663415, 11.017132513377197, 0.0, 8.879755864065688, 17.028788887536102, 23.283628120896992, 71.50230193638306, 79.60563519714111, 87.32466328581985, 95.21218419593826, 101.50913789783716, 100.7126707967082, 93.97061164694775, 86.5246980121115, 77.46554430176298, 69.17155760886595, 37.84929168611309, 32.769201403474604, 28.86362954101923, 25.31736288886773, 23.657678249395033, 19.316083240910178, 20.867176164560956, 23.937575343313007, 27.539701919765417, 31.09742315028903, 58.08773899707398, 60.898083606098574, 67.33127673484303, 71.70703976894394, 73.0045133138911, 70.66596460867096, 65.77679732238535, 56.486355097003276, 46.5525211551024, 56.5297709231548, 47.188234606707674, 42.673796834329586, 90.69701910659585, 83.3873231318253, 79.1909487082589, 74.32236323670244, 69.71304414636968, 66.16038920311925, 64.5782952944502, 74.2100128287948, 79.15507487069794, 84.16820775748808, 88.86652527305398, 89.67673982740533, 86.70779785064589, 81.95990128303694, 77.17890811474398, 72.83457598951851, 67.62943887310725, 73.50369007324781, 77.78081927749437, 82.51962947389374, 116.266511154846, 116.10325461175306, 119.26967211476202, 119.27384655799956, 126.59125549860397, 125.7326803576422, 129.32317611275406, 109.93254979933707, 97.36344011722937, 88.26366234303877, 80.13386360341005, 64.62105107463402, 51.98782164930782, 41.0271160828875, 39.95604823041244], [64.9195750900083, 72.52218369248834, 80.649510310688, 85.98841729305838, 80.19690071123568, 71.60029831707672, 63.219740010641445, 23.367949758905315, 17.55404736551209, 12.556237756007528, 8.670000939664076, 8.879755864065688, 0.0, 8.740234289568559, 15.863900439389237, 64.88608355915115, 73.30994884340726, 81.29183826681405, 89.54064167740263, 96.25851645464547, 95.28070552223667, 87.98493307011688, 80.19568660222198, 70.92267720966389, 62.450792900376925, 31.875920819439536, 27.77977495231412, 26.274106610141793, 25.698517134556887, 26.703048016000906, 21.14883770982902, 19.75698179704314, 20.292575564887123, 22.022458556222055, 24.86144670513132, 50.62229338324037, 52.46143527505833, 58.634646857325244, 63.78119964648233, 65.1361861390018, 62.609023806771866, 57.762264268494945, 48.99290357411662, 39.073872612240955, 47.7305452593331, 38.39101864464136, 34.683826987056904, 83.78244839788015, 75.92296988190385, 71.57049608319934, 66.85116481949102, 62.41001208714114, 59.47660466963635, 59.32233424075352, 68.36160633651764, 72.97827575019032, 77.71621639835978, 82.08015122705272, 82.75368339105091, 79.6238458887447, 74.65596323364824, 70.06853527245153, 66.03088996269857, 61.70024323364916, 66.77640039350148, 70.74594032519073, 75.2876003503641, 112.37482903522931, 112.06729344347403, 115.04430809436718, 115.07655082428239, 122.26031944109411, 121.24340293008565, 125.6186011810625, 105.25768942103278, 96.40889231142256, 88.61005775481262, 82.67437869974206, 68.76585538049454, 58.10659186857358, 49.298714912642616, 47.48876999161503], [56.54812522394466, 64.13211215821995, 72.3031227484321, 77.78974136208276, 71.83861302079197, 63.14746072496884, 54.80820918384808, 14.860052704409798, 10.44851408876238, 9.661422243797595, 12.740139092441574, 17.028788887536102, 8.740234289568559, 0.0, 7.5150280357450425, 56.75552920652242, 65.23926758263097, 73.24907916328934, 81.59918928888298, 88.4994113311698, 87.41169688800564, 79.85050059061702, 71.92467822000386, 62.6100136901942, 54.10259027833981, 26.025559502401958, 23.714988947074993, 25.246497319295855, 27.515520532103693, 30.429126977354542, 24.98884791793055, 21.433722766505074, 19.033373800282227, 17.55890267957374, 18.754547668126172, 41.95316794537614, 43.8958154199047, 50.66168768446903, 56.086900929097446, 58.13099543308586, 56.01670119060595, 51.818794551226, 43.994424886381786, 34.20842114480673, 41.03348057601659, 30.402879167993234, 26.20202106677962, 77.55694051913949, 69.6179230308661, 65.41404087931458, 61.43907741306474, 57.51076501527809, 55.572097922767334, 57.026207704385094, 65.2547833015569, 69.27384434762587, 73.31560453098203, 76.90733132856865, 77.10646471044203, 73.63439880459468, 68.85055705521992, 65.01391707321524, 61.66922748519869, 58.58552675775984, 62.484199455270115, 65.76265296357847, 69.55416112093958, 105.45434974580327, 105.19125316819554, 108.41549147959535, 108.97771640915434, 116.5904389021747, 116.04635244221083, 121.54882915461444, 102.18050704114756, 96.94912110845378, 90.5046250656759, 86.13551064999767, 73.29167463685339, 64.11766736658247, 55.96336175548772, 53.1987394301922], [49.13760454146888, 56.75325187213087, 64.856145048381, 70.32617906343181, 64.42303368908907, 55.78762276177448, 47.406864274246196, 7.544628839136686, 6.414514037726942, 12.156031633913798, 18.389298655399287, 23.283628120896992, 15.863900439389237, 7.5150280357450425, 0.0, 50.0407323828219, 58.314003698368445, 66.11109741253094, 74.27780073303704, 81.06618315057145, 79.94393051544132, 72.46836230727075, 64.62732526868217, 55.44178959920379, 47.03061371281201, 23.063913123722454, 22.776579306871454, 26.50439022815599, 30.26932564940643, 33.92442261514548, 29.196739001186245, 24.914917754480264, 20.95526790473646, 16.84565252163887, 15.917132782559959, 35.00150369040915, 38.18172087683045, 46.09912030546582, 50.984343274602466, 54.03102164193488, 52.78630303460385, 49.60086419736771, 42.766261123556085, 33.374166583214596, 38.8539011808361, 26.476106371784898, 20.499075760669232, 73.60905432842348, 66.11185261700689, 62.317269725517676, 59.35625712764432, 56.067830720345775, 55.015205109378925, 57.47249002687377, 65.02087512836913, 68.44442675726327, 71.69044693812332, 74.42589379849039, 74.04004465317449, 70.21771993436268, 65.9503128555353, 63.08353015680542, 60.50184063036308, 58.449433007463426, 61.34068435325335, 63.86070159624229, 66.68850674313605, 98.21521507670305, 97.98852693474993, 101.64722601549968, 102.91890654899325, 111.24597698620745, 111.50307506895373, 118.01412598468465, 100.87495882071295, 97.91794986650474, 92.43181892854197, 88.73931045001493, 76.3520770548019, 68.06064936172851, 59.84783057858483, 56.549978098347964], [17.232531546178727, 18.467858395704525, 27.2154360963298, 37.50694296997543, 32.069014685542946, 26.79291922130534, 23.822785906103803, 42.90720384944755, 47.51724321397643, 54.5359316862857, 63.20879545896948, 71.50230193638306, 64.88608355915115, 56.75552920652242, 50.0407323828219, 0.0, 9.57286562710738, 19.16589773269559, 30.113020988812476, 40.74243397818835, 39.926373304059275, 28.878516645133097, 20.13902150689002, 10.824158270295985, 7.444590317618965, 38.624606589324664, 45.889775116089616, 54.471108040093604, 62.533909426259115, 68.88671154366581, 66.98091162827133, 61.150275288161055, 54.6561315796377, 47.54770883307018, 42.5349708852604, 19.912747210525698, 31.489114861982053, 43.53448795666707, 50.60335151219985, 59.44467553611877, 62.10766584016132, 64.85169371532828, 67.15645597528219, 63.68371583267499, 52.080683048326854, 40.81091342734081, 32.80226459684727, 78.20054254901554, 72.63345950012676, 71.26479339160822, 74.37047544969766, 75.2506619997208, 79.74307328717195, 88.44096807326775, 90.71959165972291, 90.5041148073026, 89.31748651452436, 86.6895635709933, 83.14842187837918, 77.87360899421972, 76.30810263709107, 79.19954938251145, 81.28922052641822, 85.83092816590212, 82.25900582589476, 80.18531018375593, 77.33190150493972, 63.03193102620354, 71.76147495962896, 83.74895222835917, 93.55821646256766, 107.13460945757647, 113.0906933882064, 126.82875410005019, 120.2397870003374, 132.329676601057, 131.46354215151027, 131.2519169183461, 120.85322310928643, 114.4125608612851, 103.26213920721247, 91.81603369267081], [18.026155104015306, 15.485828575756095, 22.072253961203714, 32.5551939540792, 28.49447506180556, 25.912834537220604, 25.5045177612643, 51.12508645961149, 55.84270367076312, 63.03014072402573, 71.63272011630873, 79.60563519714111, 73.30994884340726, 65.23926758263097, 58.314003698368445, 9.57286562710738, 0.0, 9.754741621975132, 20.98138083486978, 32.11643719721048, 31.542579068561484, 20.35156691243967, 12.60203013784053, 7.6501665249474815, 12.66474393885593, 47.45504787407546, 54.53699655351752, 62.7428132861306, 70.46427065719992, 76.5257282141339, 75.06595734294855, 69.49282393957324, 63.19162116578915, 56.22172482057514, 51.2786791382376, 27.511665279220757, 38.83337063873545, 50.12994873341115, 55.26812209486905, 64.5777671751511, 68.13246920434398, 71.71571164072267, 74.54749084373717, 71.52683142126051, 60.43793158653359, 49.68213854693862, 41.91620885619416, 81.49194578307214, 77.13313554484625, 76.46877950566378, 80.47565050209462, 81.87402926648134, 86.68334377974377, 95.3815432050364, 97.2367080112233, 96.60529618898157, 94.77021859599982, 91.3961010651771, 87.36038404927719, 82.01935731778768, 81.30073481485378, 85.05830238858795, 87.68341191160104, 92.62584080324228, 88.60433336848824, 85.99491648017224, 82.27871352637209, 54.67428370688138, 65.23467762814101, 79.10003202370689, 90.75069629558307, 105.48294912267508, 112.85424477427934, 127.60752681833084, 124.44438295258946, 137.62994404106396, 137.30483163619198, 137.14936008855543, 126.90628572158641, 120.83081781589466, 109.48060405431637, 97.94811329294119], [21.29486423424284, 15.810745021934734, 18.033991115244483, 27.54884437902376, 25.53013649792208, 26.213506630691533, 28.26723856034222, 58.877037437975474, 63.88468408673405, 71.33546940326714, 79.85249728555978, 87.32466328581985, 81.29183826681405, 73.24907916328934, 66.11109741253094, 19.16589773269559, 9.754741621975132, 0.0, 11.3634630301086, 22.86150891461263, 22.47904305523233, 11.515693918817878, 7.508947894910511, 12.26125080955989, 20.30275205244821, 56.54031720679047, 63.4794496049827, 71.40845845520265, 78.7672387562882, 84.48268935393742, 83.31500983769557, 77.99076206518079, 71.85999112353235, 64.94214103702542, 60.0133611247134, 35.03086371869299, 45.984831588252845, 56.508425271157925, 59.39500648445956, 68.99898131793431, 73.4477633674714, 77.82299749082073, 81.03817297548484, 78.4673442218121, 68.34997500874283, 58.030651746216385, 50.602806636947456, 83.74747130573562, 80.7558337123828, 80.83287679170938, 85.69179988597409, 87.57702653371706, 92.61164011131518, 101.16297564746951, 102.61198046515835, 101.57688502005064, 99.09931728271174, 95.02036270784768, 90.51869385549719, 85.16640380193296, 85.3540765262657, 89.93861769913406, 93.05839269110388, 98.30744793249922, 93.91555069615661, 90.80832083630902, 86.26526299596011, 45.85234623357086, 57.609651618264145, 73.08853656844704, 86.44207929344024, 102.21764010026598, 110.98143683970494, 126.64520326171272, 127.15844663629848, 141.3366253712755, 141.63122914413304, 141.64328830918984, 131.75915554809572, 126.31445999278019, 115.24112850111379, 104.3276632719021], [27.565784011615882, 21.1286402962029, 17.995621642894083, 23.854979111155767, 25.07694066815029, 29.27976374123514, 33.20364310310209, 67.09272266148456, 72.37135277388933, 80.09004571684079, 88.44206387993418, 95.21218419593826, 89.54064167740263, 81.59918928888298, 74.27780073303704, 30.113020988812476, 20.98138083486978, 11.3634630301086, 0.0, 11.768776719397477, 11.841925197823201, 5.629468015345142, 12.629080578446317, 21.58594749088522, 29.890938004869046, 66.47511234260655, 73.21307622081335, 80.80301205072094, 87.67680458559816, 92.92280329513602, 92.04616450460676, 87.04912364896894, 81.15081463467925, 74.30848212332975, 69.41699495909285, 43.802311711123856, 54.525041384230725, 64.34070753458697, 64.5859258658355, 74.31288853251404, 79.6861620033375, 84.77816621820367, 88.11331501775989, 85.88842112117497, 77.3794516555898, 67.3097934438369, 60.083826730618654, 86.41045909186403, 85.07670455838475, 85.96106853488676, 91.6047234589045, 93.91367027968683, 99.00747956626306, 107.12332581418006, 108.27351755971829, 106.88380542668385, 103.78727400505858, 99.06582098559026, 94.12102961707618, 88.8227635238766, 90.03112752920808, 95.3900451682499, 98.92653608548694, 104.28675071476778, 99.69862742958091, 96.16695267434412, 90.84446216476499, 35.240983744398484, 47.98813912541007, 65.40072495480243, 80.7119101967204, 97.69614113582396, 108.10423414710965, 124.59003009358025, 129.61210121562695, 144.31624187235988, 145.22591301243972, 145.2922710635624, 135.82916855686184, 131.16705193814477, 120.58759661775177, 110.77635868236787], [34.608941157063875, 28.579910093651954, 22.494711159107734, 23.020543709000314, 27.417169985777416, 33.89227042000963, 38.67259334679239, 74.04196306814322, 79.57584723013754, 87.53364873674471, 95.62767279837195, 101.50913789783716, 96.25851645464547, 88.4994113311698, 81.06618315057145, 40.74243397818835, 32.11643719721048, 22.86150891461263, 11.768776719397477, 0.0, 3.4469120601988097, 13.523592858903063, 22.29661445249018, 31.43358936092183, 39.31047080194081, 75.50189692377994, 81.98221739962891, 89.20311714292848, 95.50899495810262, 100.19909357708158, 99.5427770381662, 94.92279177514438, 89.30525391633147, 82.56228944556224, 77.7371659013977, 51.990583107933396, 62.55389650584425, 71.78530291724392, 69.31584004864881, 78.96119029612224, 85.16369306580195, 90.79445926730719, 93.94522664453329, 91.93723816889432, 85.57037079025137, 75.60648549091482, 68.54432351473237, 88.27537745229151, 88.6660627135597, 90.30569122271656, 96.53591300413133, 99.13618405850742, 104.08573072308057, 111.48004859153299, 112.48934154234641, 110.85418700003004, 107.26317855352924, 102.08448780566908, 96.80245345909887, 91.62892774173693, 93.82682671872874, 99.77503085132462, 103.5742500192695, 108.79846888840395, 104.24708473224811, 100.44139695331178, 94.52017487206079, 24.783431480504426, 37.02962040319366, 56.34989361384649, 73.49722487808319, 91.65766570578478, 103.68711542830032, 120.69075664491261, 130.43873597098425, 144.99758512877347, 146.4406068787732, 146.461794409783, 137.49811772711868, 133.76172174046937, 124.00609532899887, 115.87444799490119], [32.81334054643681, 26.595668816514106, 19.795577102778136, 19.752547224916636, 24.351024511702626, 31.225809236456882, 36.46803703288417, 72.84551502995514, 78.68252437829153, 86.77338295805025, 94.91481395028518, 100.7126707967082, 95.28070552223667, 87.41169688800564, 79.94393051544132, 39.926373304059275, 31.542579068561484, 22.47904305523233, 11.841925197823201, 3.4469120601988097, 0.0, 12.07595300617661, 20.819986574372376, 30.1462733919885, 38.0566469802856, 74.93278508059694, 81.51428835928677, 88.92694745949142, 95.3509539160255, 100.11348310661225, 99.23920529061695, 94.52072721510505, 88.8086402173819, 81.93662169612055, 77.02794292533855, 50.323863647307746, 60.371391556063955, 69.24613507880566, 66.40029413471358, 76.01405955232062, 82.31903367411202, 88.10049253935912, 91.45218450160907, 89.70464783251869, 83.3805297548941, 73.78105503933482, 67.21515067033563, 85.04554754868882, 85.53554625903699, 87.2693889503239, 93.63736898184041, 96.35181037690323, 101.40248758648991, 108.9034672868256, 109.70471574475621, 107.95480405206064, 104.24268662186559, 98.94726681625234, 93.6205971780709, 88.46116066538453, 90.74969273271061, 96.82737919002727, 100.74077124156382, 106.11933077822786, 101.40395650552895, 97.48531839712776, 91.43647362640307, 27.118736688558222, 36.57141410708675, 54.64015123806461, 71.25528328748814, 89.08794308534382, 100.85029091181727, 117.91678671878391, 127.3542287459277, 142.56912513349403, 144.2726137865636, 144.74122633991428, 136.16787183606206, 132.81907929330384, 123.71471605576023, 116.21389075918079], [24.313906993667064, 17.236027302781377, 12.84847266553352, 19.10799351192317, 19.894496138886907, 24.518677769588436, 29.31723589308039, 65.14814789923088, 70.97454129214334, 78.92918626512922, 87.35836522491135, 93.97061164694775, 87.98493307011688, 79.85050059061702, 72.46836230727075, 28.878516645133097, 20.35156691243967, 11.515693918817878, 5.629468015345142, 13.523592858903063, 12.07595300617661, 0.0, 9.280123623045874, 19.194780756282636, 27.703697718016077, 65.6901656078169, 72.60320038257348, 80.5255144838157, 87.59018245531273, 92.94588013108726, 91.68880478992304, 86.52821551515612, 80.47062965759713, 73.40233339273601, 68.36275962456158, 40.893317061758516, 50.68639919386539, 59.91855007306798, 59.61608503148886, 69.32250626216039, 74.85402160724742, 80.20398335434393, 83.90220327714317, 82.12457521932294, 73.62708003359616, 64.19141581992372, 57.87351094904857, 81.09037614446011, 79.84271147721714, 80.85704024406849, 86.72523250427066, 89.22507810793932, 94.50390551087071, 102.82676790323956, 103.62873326641554, 102.05059138987988, 98.76243312957041, 93.8580008927867, 88.84831700486957, 83.5641324336272, 84.88563699491547, 90.45029952725795, 94.17768108478032, 99.80997079467893, 94.93711741620169, 91.2174948332124, 85.6935519894352, 38.184945369471, 47.53070474859166, 63.041598208678394, 77.38607858149369, 93.74590834341305, 103.64569311669885, 120.17263479925352, 124.56113242734588, 140.3324308677427, 141.66270932731624, 142.46624922687647, 133.65096577954546, 129.63755573390895, 120.16458659334026, 111.46528258957386], [16.791823054982263, 9.783983687737267, 10.821826156883873, 20.882322240280796, 18.201232141410042, 19.31857118114572, 22.752100197610968, 57.21869534030489, 63.10716152627331, 71.00263756991383, 79.55585232562741, 86.5246980121115, 80.19568660222198, 71.92467822000386, 64.62732526868217, 20.13902150689002, 12.60203013784053, 7.508947894910511, 12.629080578446317, 22.29661445249018, 20.819986574372376, 9.280123623045874, 0.0, 10.109887804821476, 18.768039052200656, 57.334130310722465, 64.41942323293807, 72.66932960207409, 80.07593486877538, 85.7391446665605, 84.13031831095785, 78.71592394069212, 72.46428140831549, 65.25729765553362, 60.13411992829532, 32.180836536168535, 42.04842267564023, 51.82231713003892, 53.197130622107956, 62.872893523546544, 67.78836727083925, 72.6556165156684, 76.24324677295125, 74.2614252751356, 64.87362244589586, 55.30023370827918, 49.105933960281206, 76.71785131744453, 74.20322144449112, 74.61454280437088, 79.90723153642263, 82.09606559804463, 87.3192224655205, 95.93590574555056, 96.95928297313408, 95.64675937659517, 92.82306156660732, 88.42680472804913, 83.7574096062202, 78.41684420654292, 78.97041998827252, 83.95450289838206, 87.36965440379385, 92.90583638637507, 88.18861383757833, 84.78718290280415, 79.84907595525728, 46.518711790962286, 54.41071874913312, 67.84178562728093, 80.21605778136333, 95.42737288360348, 103.84078238601167, 119.59636091987339, 120.31078314660381, 135.64979635265038, 136.5671743483402, 137.4605016465283, 128.48989557480763, 124.10666150714768, 114.68518762329523, 105.75744629472675], [10.920780535379967, 8.349972224138414, 16.46040988944291, 26.87211150777974, 21.90001192489785, 18.362537518694687, 18.139228624612155, 48.02909272368293, 53.74671824457026, 61.4983849799089, 70.12858912715568, 77.46554430176298, 70.92267720966389, 62.6100136901942, 55.44178959920379, 10.824158270295985, 7.6501665249474815, 12.26125080955989, 21.58594749088522, 31.43358936092183, 30.1462733919885, 19.194780756282636, 10.109887804821476, 0.0, 8.765846400613858, 47.471977679438595, 54.65393325664165, 63.12106550781468, 70.77023586252784, 76.67029624562768, 74.7870471220002, 69.18797890846703, 62.80784799710131, 55.52830062097136, 50.367995872039565, 22.941521723074562, 33.907009835004885, 44.90756113703309, 48.40963016254148, 57.87770993178031, 61.92048060338738, 65.92767921293041, 68.89075057537727, 66.27240455321909, 56.37642526670336, 46.00688371114352, 39.27291356419741, 74.14816047440789, 70.21520318208489, 69.82583513711802, 74.16448657798236, 75.77247632783008, 80.65382202562576, 89.26260092331871, 90.87605456602935, 90.06421501053637, 87.9786847783057, 84.41250915083967, 80.25006975878603, 74.89632432704559, 74.49172324558188, 78.54288890664589, 81.36294662250488, 86.429364846427, 82.24625783295348, 79.4411634489678, 75.43479551191099, 54.69214926382512, 61.777496780198646, 73.68142101908384, 84.23623963337255, 98.423710022149, 105.40288147959485, 120.0596202157753, 117.09159940238848, 130.8751156156499, 131.02997645739194, 131.55900373930027, 122.10267852234745, 117.03843441095131, 107.31680590926055, 97.97165637623009], [10.313770779598554, 13.635681777081922, 23.032754141181833, 32.62010764845983, 26.690819658172114, 20.35100744017595, 16.474140309936356, 39.62866519250466, 45.298942047981924, 53.003570630754545, 61.67252962303376, 69.17155760886595, 62.450792900376925, 54.10259027833981, 47.03061371281201, 7.444590317618965, 12.66474393885593, 20.30275205244821, 29.890938004869046, 39.31047080194081, 38.0566469802856, 27.703697718016077, 18.768039052200656, 8.765846400613858, 0.0, 39.14846264254383, 46.37761036149842, 55.02888662792681, 62.80718468351509, 68.82887382259857, 66.63408032639312, 60.90787934105216, 54.43727341854053, 47.05965451327618, 41.844692493178634, 14.96774444162463, 27.46233176009424, 39.63938607340197, 44.653039084791985, 53.7298239778018, 56.98628904579456, 60.12959311749429, 62.277079622931396, 58.979348449219316, 49.275237502200056, 37.945403077686656, 30.548684668113715, 71.78772448240433, 66.78928441365873, 65.7226407342117, 69.12391814804114, 70.14536489441167, 74.57385078109144, 82.95276831978886, 85.1835213299782, 84.86564422153978, 83.47360112051693, 80.71727148227804, 77.04298038279678, 71.73897523885758, 70.54708567682961, 73.69547030431012, 75.90556311222525, 80.3874415136737, 76.83006136920191, 74.63180251046872, 71.52249108900905, 61.669496665426365, 67.54579098417183, 77.96981567743849, 86.88559005705086, 100.13519496078308, 105.89662186195952, 119.47721626205356, 113.6149088785038, 125.71901253793536, 125.19811411373914, 125.3799252416898, 115.57073569873779, 110.04075129159699, 100.31518919077702, 91.07989600509862], [45.74595170682902, 52.05246909855779, 61.349483635653954, 69.56539078699747, 63.45452137913203, 55.212537333482324, 47.49219847877615, 20.989321033344645, 17.677109257206084, 19.746450022346952, 27.51681091811424, 37.84929168611309, 31.875920819439536, 26.025559502401958, 23.063913123722454, 38.624606589324664, 47.45504787407546, 56.54031720679047, 66.47511234260655, 75.50189692377994, 74.93278508059694, 65.6901656078169, 57.334130310722465, 47.471977679438595, 39.14846264254383, 0.0, 7.502478743863255, 16.90934745957886, 25.76984896955372, 32.96317609471667, 29.857687072089842, 23.43651441530069, 16.70823884533379, 10.412954642588671, 7.444434783758805, 31.91013133222991, 38.23996802399145, 48.80493258736082, 59.28063329044918, 64.21726314742672, 62.863951615741534, 60.49798394512963, 57.07512845521834, 49.35560926513096, 42.95697797394582, 29.28308525266711, 18.02420669661425, 86.32907845823354, 77