{
	"dissimilarities": [[0.0, 7.738742124384689, 16.006028870737083, 23.865063729574622, 17.905490825831, 11.251835257973562, 7.602155293029667, 41.69838827935175, 48.39939642490473, 56.79209579991042, 65.22409877357823, 71.3715655162456, 64.90395236123398, 56.54714364024013, 49.13197614066042, 17.25278424914854, 18.05929615611619, 21.317620241182695, 27.525786497295748, 34.536091174004206, 32.734290291940674, 24.30791181800309, 16.801496536948903, 10.90749414335731, 10.225063949558848, 45.74448301495026, 52.62111743838547, 60.987025174031125, 68.11994684882997, 73.50855277319738, 71.27195583265082, 65.90724414661769, 59.69135293907246, 52.25978284378137, 47.03801236872607, 17.736013769038685, 29.36465623324322, 40.18063680935191, 40.62972936183821, 49.32304771350457, 54.14504537279382, 59.01205959147193, 61.26558786679923, 58.471384955071535, 52.32659275058234, 41.51332459115644, 35.1004540825676, 65.79645471786614, 62.49878129652695, 62.37848621882044, 66.7840390429779, 68.26710092927489, 72.63958627583858, 80.40015005274135, 82.37132287239018, 81.65245271366534, 79.59055604997774, 76.23573102963468, 72.10027782029185, 66.71000004877075, 66.66114332337622, 70.72721243663317, 73.34385918655808, 77.88801571485732, 74.17480537707452, 71.56246000849109, 67.53624805966314, 56.466123879175385, 58.9084990302978, 66.69806792329447, 76.69042427858888, 89.54316949495039, 96.15110519804449, 108.58248287252742, 106.35849390576324, 119.9159042944407, 120.24749422069024, 121.33443815962583, 111.84645044896445, 108.15080286558398, 100.10317549511493, 93.95620995578916], [7.738742124384689, 0.0, 9.413295752643224, 19.080475892084923, 13.6873685524059, 10.72482524855277, 12.935990649311286, 49.2851776611706, 55.79885229301817, 64.13107249902778, 72.62632188890262, 78.9826420129371, 72.50131337720369, 64.1244967382361, 56.74161688190714, 18.46948753768079, 15.506961595263565, 15.826189749567645, 21.07491302472973, 28.50176541316269, 26.506916734335377, 17.23188439438351, 9.789066782620596, 8.32078140042196, 13.567144219529254, 52.04500851150813, 59.0875151660936, 67.52169845243633, 74.82257076108525, 80.3472357557333, 78.28043343502756, 72.8550661163218, 66.57497957011937, 59.163918037938785, 53.93349371082175, 24.23698743176524, 34.2685194106557, 44.08362414587513, 44.34302541011224, 53.215817525779684, 58.40178584736735, 63.89339654134776, 67.10238282041811, 65.0128929971191, 57.524429933591826, 47.68906518043679, 41.90050692976324, 68.42503490876088, 65.73301350037673, 66.06107093922037, 71.18711385517867, 73.18236997191299, 78.08580985475001, 86.34721542518673, 87.63259025341267, 86.46237025619617, 83.8339147618331, 79.77596176686099, 75.27269649357767, 69.87821900010357, 70.32271048132897, 75.0957091457748, 78.26277348561749, 83.48040643981457, 79.07739074686427, 75.92106354114334, 71.19430194342668, 51.78473376388507, 55.49741653672965, 64.78403102402227, 76.25460004325309, 89.59619642708721, 97.11720530972487, 110.62041286359033, 110.1715402243717, 125.66155198849411, 126.61133768604255, 128.17146259659967, 119.05018361464754, 115.61465861854691, 107.44196182657316, 100.69893391091635], [16.006028870737083, 9.413295752643224, 0.0, 10.560534290036703, 7.5714278201600145, 12.144855608808532, 18.48155603540097, 57.457299070813505, 64.3334437130849, 72.73991238503221, 81.12368595059856, 86.99712714641598, 80.64028919427427, 72.3030362573506, 64.85490056602707, 27.19346709302374, 22.07393166972355, 18.066825718575664, 17.97580355053359, 22.443262731082974, 19.731869465448884, 12.849415926321516, 10.824688915923128, 16.41048728223227, 22.947830208816367, 61.329034007806, 68.29567044308436, 76.61476557891963, 83.70677557341098, 88.99436472436231, 87.02587282492114, 81.74743119167674, 75.56752923116463, 68.175374363694, 62.96473222585426, 32.830542605750956, 41.28509393608798, 49.53606710693818, 47.232837925696, 56.21918096881037, 62.32016343713763, 68.58497445031267, 72.42363150367741, 71.11543339970618, 64.45081287654395, 55.651914841156824, 50.72830152515881, 68.44753539803526, 67.35433828129091, 68.56980626133567, 74.6760872644343, 77.27545125883863, 82.47859498182149, 90.66929725032765, 91.2782094059637, 89.55709558813113, 86.14531826186419, 81.24461559366826, 76.24823110337216, 70.90534491388352, 72.41102404133412, 78.1488142616595, 81.91849790981111, 87.60008168242446, 82.65330961509291, 78.89215835834212, 73.20018531711693, 45.885374716913496, 47.943302800449864, 57.51883982248045, 70.25741797912987, 84.15110104972808, 92.8768058792446, 107.5532790788754, 110.7641326586623, 127.80150340553728, 129.66883838507076, 131.84871210042965, 123.59911815931686, 121.15754870274753, 113.911579187247, 108.22871879918328], [23.865063729574622, 19.080475892084923, 10.560534290036703, 0.0, 7.469836162504771, 16.333410254298432, 23.572990045995297, 63.1403036303652, 70.62506555120657, 79.09908100154881, 87.20404901559282, 92.14110112458543, 85.9866502350688, 77.78964054691856, 70.32755131949843, 37.4319924004361, 32.50809303422705, 27.556477669328753, 23.859097680760208, 23.01770848904958, 19.745486279523252, 19.067766637251413, 20.834936278639876, 26.764806841176757, 32.47152079954289, 69.50871650657695, 76.2370926256346, 84.34919016365878, 91.01326816278126, 95.84934888704528, 93.83323983136185, 88.81726649169677, 82.84500459504636, 75.49155311763153, 70.34239877176073, 40.14863121589184, 47.26251503351613, 53.958801953655964, 48.0438556360746, 56.875143634906756, 63.98179864492934, 70.81322187881366, 74.77057214247284, 74.11644704343013, 69.81101523073978, 61.87704448398342, 57.8777260613664, 65.34823700130457, 66.27901844826616, 68.4730387230717, 75.39624899720546, 78.45504881138545, 83.6108394068547, 91.19177325417606, 91.32693550557154, 89.15539830354834, 85.0479584080682, 79.5018750021521, 74.1048764818222, 68.89623705581688, 71.62418905642028, 78.18084942212984, 82.36653131015645, 88.13378364606605, 82.98393991787884, 78.79675969326931, 72.27701495862172, 43.30370790448542, 39.783275077323395, 47.218439304160256, 60.361107749616764, 74.63197722201743, 84.35650652336102, 99.85729169213879, 107.1875061856436, 124.89057153947142, 127.68338249177057, 130.51035843157018, 123.43749378505827, 122.42582482471109, 116.94013536269237, 113.56820748448608], [17.905490825831, 13.6873685524059, 7.5714278201600145, 7.469836162504771, 0.0, 9.160643377538122, 17.089044406372786, 57.11361073953333, 64.76921705054362, 73.2537186535477, 81.46404370884866, 86.67053855358954, 80.18052659570786, 71.82466824434647, 64.41061541596159, 31.963108927581093, 28.421569273262396, 25.510245516871258, 25.07376265933705, 27.445958652440854, 24.371917739878928, 19.88329671516849, 18.14206444664796, 21.776847524440864, 26.53147029444569, 63.38391926164953, 70.23886299176006, 78.60996597484656, 85.55712953463035, 90.66286519794187, 88.3354925118284, 83.10105786799475, 76.96482051466073, 69.49966429259541, 64.27642830135795, 33.23371852795838, 39.852584014030235, 46.76252752095308, 42.01915660823141, 50.9635878146889, 57.666660932938534, 64.3159962347205, 68.36555049474477, 67.68023068362653, 62.487542816045895, 54.652168479514245, 51.10481005222889, 61.59043336745734, 61.284042714221854, 62.96438369734641, 69.51846225459117, 72.40384096843334, 77.655671164551, 85.67417261510073, 85.88629987546463, 83.88954053296283, 80.11634403470825, 74.9155970942606, 69.75079616469455, 64.44622360448324, 66.48054156107769, 72.63885889125537, 76.66481815435506, 82.50735706912558, 77.33959776661354, 73.32002367416683, 67.20873545916487, 49.31528212099487, 46.82237560887111, 52.6674259336011, 64.02300710139858, 77.26681392439787, 85.51693849731595, 100.15167831868007, 103.8470421743895, 121.75304021538135, 124.25501431030231, 127.30841926813012, 120.06142161720003, 118.77009018205159, 113.30285764168583, 109.69086810297844], [11.251835257973562, 10.72482524855277, 12.144855608808532, 16.333410254298432, 9.160643377538122, 0.0, 8.520408451876822, 48.42732768345458, 56.2627745770591, 64.73415854057569, 72.97358502065038, 78.31733762829894, 71.57964228146123, 63.12817111136684, 55.77184560520796, 26.642550694915844, 25.817001609425212, 26.184896597690415, 29.29611448885316, 33.96924504596424, 31.293673427781695, 24.548021779257024, 19.27433079162234, 18.22700589600988, 20.161144423884796, 55.11956533145033, 61.96661682305561, 70.47779693937314, 77.55485114548766, 82.80515501274455, 80.16493384060281, 74.79742496635244, 68.58044500141042, 61.05336824911177, 55.8035201068612, 24.35708512130482, 31.131935662907576, 38.96882558583005, 35.62731958599887, 44.63982115416465, 50.73365395244736, 56.842316292378875, 60.413728160636836, 59.25864045359924, 53.89835252960977, 45.56004078830074, 42.12681585850554, 58.154510127790395, 56.317467327065614, 57.220554368832126, 62.979771480502926, 65.38532477172099, 70.41229346051176, 78.5356451989782, 79.25733998816953, 77.70408760110953, 74.59017257242927, 70.14512866640432, 65.42376803177343, 60.033307263007934, 61.10781232630359, 66.45366045940797, 69.99129398738881, 75.4906888224713, 70.73205625774708, 67.20442651446187, 61.910498589142065, 56.11171945054477, 54.196976282959476, 58.691129588888266, 68.06515631122713, 80.33717938211167, 86.97871731601467, 100.26309426253458, 99.9880726145254, 116.77477635105495, 118.615658377168, 121.48363565655292, 113.80223510442183, 112.0456314344341, 106.52718767469678, 102.8884209071991], [7.602155293029667, 12.935990649311286, 18.48155603540097, 23.572990045995297, 17.089044406372786, 8.520408451876822, 0.0, 40.05709556566726, 47.83233822193021, 56.31392376746902, 64.51954372431851, 69.861244090593, 63.20260888803222, 54.79274184601016, 47.394050608047316, 23.670672529631663, 25.41712377695537, 28.243145220682223, 33.208437712061226, 38.71843760310005, 36.50505811628446, 29.33029332594308, 22.71261612911117, 18.005960752140638, 16.24390902146583, 47.39557585257296, 54.03989780847991, 62.40082882795501, 69.30778818784067, 74.4521114239663, 71.76997140729023, 66.4758304137172, 60.343430512552274, 52.86043765628416, 47.660123066550845, 17.33344734873444, 26.46487603869795, 36.087785608952466, 34.03192507275363, 42.806988822842534, 48.17878650834134, 53.33619512535971, 55.618858209006206, 53.32200306695487, 49.03875152555434, 39.13364764387502, 34.504001515781646, 58.534081421190656, 55.63508905598329, 55.781362914271675, 60.444606956321856, 62.08983835979959, 66.43501113888945, 74.00851603437985, 75.75064405009098, 74.87084211007306, 72.60791889050401, 69.16136368005716, 64.97085746003951, 59.579810794702574, 59.82230197422832, 64.10600728052339, 66.84998084718245, 71.44443725139769, 67.63603043838344, 64.89443296862319, 60.653004455312605, 59.98321332216711, 58.769276516920115, 63.266825597072675, 71.55629390967636, 83.56305361582812, 89.37087741977976, 101.39762882709378, 98.87826604361155, 112.92415284392649, 113.74859539804166, 115.66322930841109, 107.10948552969964, 104.5630331687984, 98.45276779510398, 94.66206812488701], [41.69838827935175, 49.2851776611706, 57.457299070813505, 63.1403036303652, 57.11361073953333, 48.42732768345458, 40.05709556566726, 0.0, 9.723050899889705, 17.42236658442842, 25.033079155756607, 30.56663426063145, 23.34541038798087, 14.856572223194993, 7.526882776310655, 42.87188104328938, 51.10863079994296, 58.86893203016812, 67.07909735415778, 74.0336151090102, 72.83243414562804, 65.15145383505717, 57.21161126206327, 48.00868559500271, 39.58407658511027, 20.896482968592633, 23.053101361343984, 29.061414324008684, 34.33087086889009, 38.81543773968923, 34.54764958476605, 29.57949255670587, 24.383058841471815, 18.2124636656087, 15.038324764117178, 27.49692525245703, 31.919551963520245, 40.84509443810521, 45.79162777074898, 49.18960569901842, 48.77944429606571, 47.27082607524706, 42.01233139363181, 33.41367365526271, 36.73826282021667, 22.78603178802077, 14.53424974372692, 69.99572837710228, 62.69271443806593, 59.270276638843285, 57.436035342009255, 54.83595780792868, 54.78398136408627, 58.57320042285475, 65.23329928402941, 67.94804363060597, 70.36579917625495, 72.1913175841373, 71.2427298414478, 67.03152957526397, 63.19474283550445, 61.38364148974379, 59.59440000205506, 58.823265967056145, 60.489408516021854, 62.225810869772815, 64.00557540801104, 91.90611718907553, 92.04225051953235, 94.54706810188627, 97.73672889888797, 106.78559695940639, 107.94228212783047, 113.69699820691702, 98.4681578307032, 99.85300033260422, 95.52960056509274, 93.33187920155106, 80.88458323262005, 74.00464720191012, 65.73593183305886, 61.97700511329438], [48.39939642490473, 55.79885229301817, 64.3334437130849, 70.62506555120657, 64.76921705054362, 56.2627745770591, 47.83233822193021, 9.723050899889705, 0.0, 8.489350640461378, 16.86705482694148, 24.364014638207927, 18.055711949771162, 11.217746258858371, 7.510926185795595, 47.06252356832848, 55.43167769478488, 63.54347767448189, 72.10671843861459, 79.41809928332844, 78.55546539547602, 70.79020226548954, 62.8923673679021, 53.48076413283769, 45.00476133905981, 16.526051657423622, 15.713127211910876, 19.8978606958661, 24.61971540563071, 29.215554587621114, 25.011983188135325, 19.989787351045333, 15.034702362030217, 9.893317719382766, 9.094003332563167, 34.55723082196056, 39.80493051319272, 48.90066263973374, 55.25507446062736, 58.355202076777644, 57.29178995584363, 55.02746271982233, 49.11142583877891, 39.94711147729499, 42.58396566444572, 28.996716138819497, 19.69412017408846, 79.37943807536097, 71.74989932711036, 68.00346388663532, 65.45761626138675, 62.35949618789993, 61.688790371634106, 64.69056538430449, 72.06287863606454, 75.31310585499396, 78.37615488101261, 80.79332832481954, 80.18750255966886, 76.14070176977734, 71.92949163053626, 69.44299574769153, 67.0814338629319, 65.4844479426991, 67.97795805053268, 70.28616297811342, 72.73820510507556, 96.45218559995217, 98.49029696210035, 102.54964974330787, 106.24795193005502, 115.65340635367522, 116.96088703104995, 122.27102824817999, 106.29219897241808, 104.90837340785804, 99.23349704183956, 95.22366050483758, 81.14110227660976, 71.9988911658334, 60.67901342003156, 53.82654633352852], [56.79209579991042, 64.13107249902778, 72.73991238503221, 79.09908100154881, 73.2537186535477, 64.73415854057569, 56.31392376746902, 17.42236658442842, 8.489350640461378, 0.0, 8.698983543250096, 17.789976226310593, 12.406362220122588, 9.613583684705773, 12.071516046570538, 54.58392587593549, 63.06198044980362, 71.34150421197894, 80.05346550051046, 87.46127843212717, 86.70161577499464, 78.91826811946996, 71.00816747854233, 61.517214672839316, 53.021263948671944, 19.85822274414873, 15.663366284007791, 15.844898037755906, 18.482107256256196, 22.49952537543374, 17.42996316817365, 12.816534634449125, 9.779685958550049, 9.70069987024261, 12.977981847002406, 42.700496000563376, 46.92879707016336, 55.12434803069682, 62.066957310114866, 64.37273065095364, 62.51171535598205, 59.28036953219709, 52.439228339349896, 42.87346289713726, 46.466533179795476, 34.33181078283074, 26.716005698645784, 85.28868116026568, 77.26104593365731, 73.12812164774722, 69.64071675336658, 65.94332623597276, 64.45357854771517, 66.47262017620513, 74.52437832860237, 78.35826807468382, 82.1809246686569, 85.4012345493168, 85.3226516880522, 81.5827530719741, 76.89502181767726, 73.50702144062237, 70.43304912078123, 67.8454624676598, 71.30772257694564, 74.3248892673464, 77.67317805811834, 104.02715825181974, 106.38752954397839, 110.3550439839511, 113.52683825005933, 122.52102295862701, 123.22250487519402, 127.56744736659347, 109.68828218932148, 105.76227537482148, 98.95902234836845, 93.85984592286918, 78.90603735020686, 68.36676932944559, 55.92417986847179, 48.242130680247676], [65.22409877357823, 72.62632188890262, 81.12368595059856, 87.20404901559282, 81.46404370884866, 72.97358502065038, 64.51954372431851, 25.033079155756607, 16.86705482694148, 8.698983543250096, 0.0, 10.584262482868803, 8.608834823847943, 12.771645576672608, 18.388681178005832, 63.23248851752184, 71.65198864712667, 79.85971408413243, 88.42189941749503, 95.58614847310433, 94.87267011464301, 87.35617038476836, 79.56163031766395, 70.13789975532322, 61.67428253180325, 27.554115471568995, 22.000568617105333, 18.543590719318008, 17.085151290705564, 18.565686331737563, 12.798487385709846, 11.240323096510615, 13.097660815003762, 17.068494457104443, 21.28319848257033, 51.21730075239332, 54.722070788435445, 62.02119888103313, 68.54195926361727, 70.10724023738328, 67.76708540260044, 63.7425853452069, 55.86539004901815, 46.03505553112893, 51.87041089203437, 41.18546718092149, 35.02156258172804, 90.27947399522489, 82.23913413508939, 77.91152628604301, 73.62811287915316, 69.39375178538444, 66.93718422202166, 67.51920883054258, 76.32821321105185, 80.73010839672938, 85.2433368626983, 89.25190216325096, 89.67060774854, 86.26547055771354, 81.33765565719261, 77.16101905966262, 73.38685346333233, 69.62667915551502, 74.20167571372987, 77.91494399215301, 82.04845532125711, 111.43509696869363, 113.36084324311211, 116.7471194100497, 119.08227641203759, 127.54805906550256, 127.60108674982767, 130.8061783076222, 111.64982161076973, 104.48262546350196, 96.49325002543068, 90.11937340220771, 74.35773856654797, 62.59719271181348, 49.63530268202061, 42.838498998583155], [71.3715655162456, 78.9826420129371, 86.99712714641598, 92.14110112458543, 86.67053855358954, 78.31733762829894, 69.861244090593, 30.56663426063145, 24.364014638207927, 17.789976226310593, 10.584262482868803, 0.0, 8.722011561984367, 16.876409459923547, 23.184271689682518, 71.34789398423997, 79.49366479253915, 87.25426289367283, 95.17317106682559, 101.50906674063975, 100.70578439819852, 93.92485502561208, 86.44929218485012, 77.35070314623086, 69.01595867938013, 37.5493095274543, 32.41525619012739, 28.66196413258291, 25.200966321450096, 23.600226097517695, 19.162483559868278, 20.586462187056764, 23.591883272151062, 27.13711583750656, 30.755718226617894, 57.95166412235632, 60.84246928802158, 67.12019962510726, 71.51797637849612, 72.36567619872766, 70.09029071441797, 65.59217849476187, 56.46393808326845, 46.47856218457074, 56.80476855790048, 47.34138104278625, 42.587962578863554, 90.63879449572535, 83.28382151618918, 79.11304025144342, 74.33763154947115, 69.7091819555871, 66.09134537253733, 64.54354320117828, 74.232459726165, 79.11360604256079, 84.11320870823114, 88.81672479926524, 89.64367542989665, 86.60988322227828, 81.88220708374533, 77.17220205308489, 72.77357724417821, 67.60653748360288, 73.46653560807809, 77.79704671813694, 82.46164861580363, 116.35204962270662, 116.27096371850213, 117.95029476002765, 118.77335749423023, 126.39406191680682, 125.66870592726777, 127.47242339269823, 108.2958530248819, 97.12755136340111, 88.11002819195247, 80.49424233743213, 64.233577580926, 52.180324149776126, 41.05359586149527, 40.36847476746698], [64.90395236123398, 72.50131337720369, 80.64028919427427, 85.9866502350688, 80.18052659570786, 71.57964228146123, 63.20260888803222, 23.34541038798087, 18.055711949771162, 12.406362220122588, 8.608834823847943, 8.722011561984367, 0.0, 8.719151494202062, 15.854698715479682, 64.81858668807948, 73.26646733638552, 81.2669993423171, 89.52586761750455, 96.26303398038391, 95.27990742242798, 87.97779874225198, 80.17125902464359, 70.87893092158889, 62.38375576136912, 31.72898777514838, 27.60258956767233, 26.218562912699586, 25.683344546355233, 26.7175570095077, 21.136906971356545, 19.679463317258552, 20.151195585796742, 21.81700360226716, 24.689745292131413, 50.57284418720185, 52.50801111198738, 58.550100790031216, 63.68694394101553, 64.54318581764866, 62.083150333119626, 57.69679103040822, 49.06213094572285, 39.095089442324316, 48.170616433614896, 38.67854830147422, 34.7074044862148, 83.76195295810997, 75.89293604012568, 71.57280123758233, 66.94560462382054, 62.49144423674162, 59.49161129929505, 59.32917369991128, 68.42375811845407, 72.99448142215248, 77.71727654860175, 82.08237959252587, 82.76226869265594, 79.58879890686089, 74.64901556966788, 70.12919570778985, 66.04748441315778, 61.73056224137314, 66.81014112547204, 70.82254336931445, 75.29411382329651, 112.42609012858749, 112.18950952166486, 113.49131509240395, 114.4604340220949, 121.96376385254918, 121.11279035083545, 123.57019176144621, 103.45029264227793, 96.06144867982701, 88.34431698014436, 82.93083584755075, 68.1870143564332, 58.11738536064817, 49.11687738879053, 47.77867496495277], [56.54714364024013, 64.1244967382361, 72.3030362573506, 77.78964054691856, 71.82466824434647, 63.12817111136684, 54.79274184601016, 14.856572223194993, 11.217746258858371, 9.613583684705773, 12.771645576672608, 16.876409459923547, 8.719151494202062, 0.0, 7.512855806395926, 56.70758139625172, 65.21152446915973, 73.23365163978043, 81.58773019321993, 88.5023968377501, 87.40941640612343, 79.85263248912057, 71.91195925610052, 62.58324631040614, 54.056397314398545, 25.908506415646986, 23.577931265758178, 25.221222448194577, 27.509409184469177, 30.443260401756742, 24.992194784258924, 21.403704770584437, 18.94884222360063, 17.398328158069386, 18.612971349569232, 41.922659638407325, 43.978686732825594, 50.61005140888206, 56.014429802531204, 57.48702878601249, 55.44635420742822, 51.784996029401505, 44.08767097961118, 34.25198140814382, 41.562968339611395, 30.776657084899526, 26.262953230254, 77.5422541365658, 69.60578970499469, 65.43731471857214, 61.55555986382563, 57.614779270646906, 55.60629227856533, 57.03477893585837, 65.31884753350752, 69.30057777818304, 73.32769100686126, 76.92001757645717, 77.12210596809193, 73.61375731749175, 68.86073321556465, 65.09066012933184, 61.70379710250352, 58.62254860218021, 62.53350861295421, 65.85287420924186, 69.57578558773538, 105.49458754243848, 105.30260626492213, 106.78836902389303, 108.37056837480263, 116.24653369870963, 115.88599904682499, 119.43423926769815, 100.32557816096227, 96.55923794812824, 90.20008098963784, 86.35144662188483, 72.67117794110487, 64.07364245865779, 55.735009325436906, 53.43742276161772], [49.13197614066042, 56.74161688190714, 64.85490056602707, 70.32755131949843, 64.41061541596159, 55.77184560520796, 47.394050608047316, 7.526882776310655, 7.510926185795595, 12.071516046570538, 18.388681178005832, 23.184271689682518, 15.854698715479682, 7.512855806395926, 0.0, 49.981942343282626, 58.280884537136096, 66.09530366945513, 74.26742176369685, 81.071254668174, 79.94362440935319, 72.46921173394006, 64.61191041882883, 55.40661514960073, 46.96809583612847, 22.917126373241082, 22.615397112654776, 26.475250170285964, 30.262061580887742, 33.93266977353938, 29.19356434801619, 24.877555153164263, 20.861184458335316, 16.64584445304746, 15.719774723994297, 34.9625681927366, 38.286108100958955, 46.040014299433494, 50.896579971338554, 53.32031316455602, 52.169422762656765, 49.563519079718006, 42.869936032100874, 33.423744802720286, 39.43448207716782, 26.931551950806863, 20.586974339825023, 73.59775971406897, 66.10019822400483, 62.34537735593944, 59.48587804178365, 56.18204368716604, 55.05281892808355, 57.48572107813639, 65.09428854962349, 68.47599871323057, 71.70672640255884, 74.4439727323076, 74.06364051730465, 70.19606949552795, 65.96413034305267, 63.17041016641716, 60.54075664611838, 58.49247589639336, 61.39613927321042, 63.96303449915269, 66.71579639655306, 98.2600852751175, 98.10800438779066, 100.07260048343596, 102.39769097373123, 110.89889418389389, 111.34378019878422, 115.94769610554022, 99.11158346988975, 97.54160194668384, 92.14016565958525, 88.94604522024297, 75.76721791577074, 68.02031988080925, 59.63913816300316, 56.76814830658959], [17.25278424914854, 18.46948753768079, 27.19346709302374, 37.4319924004361, 31.963108927581093, 26.642550694915844, 23.670672529631663, 42.87188104328938, 47.06252356832848, 54.58392587593549, 63.23248851752184, 71.34789398423997, 64.81858668807948, 56.70758139625172, 49.981942343282626, 0.0, 9.555149780907097, 19.095038785597424, 30.016574101615873, 40.65523321593109, 39.82874773184199, 28.87219380591738, 20.116075615441346, 10.853943761276174, 7.53325515556854, 38.62369153428259, 45.892448665894776, 54.45600163397737, 62.492674450076855, 68.85423454923436, 66.95736943806571, 61.14789167138414, 54.66174300443616, 47.56949531083232, 42.5511635429809, 19.900386616108594, 31.602181830707796, 43.580429805209704, 50.6030483173626, 58.42355226533995, 61.19323758155355, 64.8777056007805, 67.18270570351524, 63.67694237117073, 52.433680157197294, 40.98992229049699, 32.81509966216835, 78.15658176609342, 72.63654051881069, 71.29074168108103, 74.43322020360326, 75.30265285984834, 79.75442595255747, 88.39462403882862, 90.69619177816593, 90.49514405677738, 89.30549251729748, 86.67666081270801, 83.12172609846432, 77.86344383531718, 76.31582005367328, 79.22775369262177, 81.30276432975762, 85.80857538252722, 82.2713370186713, 80.21106485319608, 77.33708018873484, 62.96761029495292, 71.78883757069538, 82.81379539748849, 93.74321301679407, 106.58543855754984, 112.79951002992952, 124.88119068954244, 118.50952361205756, 131.8726089829634, 131.09956242146373, 131.31339821294594, 120.25807484660271, 114.25503995399924, 102.97242193217289, 91.89632069674471], [18.05929615611619, 15.506961595263565, 22.07393166972355, 32.50809303422705, 28.421569273262396, 25.817001609425212, 25.41712377695537, 51.10863079994296, 55.43167769478488, 63.06198044980362, 71.65198864712667, 79.49366479253915, 73.26646733638552, 65.21152446915973, 58.280884537136096, 9.555149780907097, 0.0, 9.6980892823283, 20.902402260572252, 32.05458862857669, 31.46907406499578, 20.370197972029068, 12.600539471047304, 7.678717500463408, 12.675204960620912, 47.446049670090694, 54.52930075839511, 62.73564047406646, 70.43961855620238, 76.50692659633707, 75.0526699110509, 69.49210442315515, 63.19290456617411, 56.226923472626424, 51.280549499658584, 27.512626608253548, 38.94885020169777, 50.160555975017694, 55.25568680776055, 63.595993926449694, 67.2683757913959, 71.7348762536965, 74.58569650568045, 71.53302135998625, 60.77302816789662, 49.86831552484735, 41.948590647409716, 81.4645524894145, 77.14030633751317, 76.50070212570706, 80.55002805661401, 81.93524475934132, 86.70129807172914, 95.35245966977205, 97.23415864255584, 96.60775519350592, 94.76897278095532, 91.39608417603603, 87.35291102251182, 82.01357898037523, 81.3158780893961, 85.09994088837057, 87.70419879115683, 92.61931622559867, 88.62690056536584, 86.03755168246903, 82.29474177431874, 54.644534443566414, 65.30182343447306, 78.52636311077332, 91.19971529610339, 104.97979183094806, 112.59867341022698, 125.85517383223628, 122.92159781110603, 137.22538589156187, 136.98651197201522, 137.22422933580052, 126.38238361641744, 120.7077238443421, 109.24103039477444, 98.03528006913481], [21.317620241182695, 15.826189749567645, 18.066825718575664, 27.556477669328753, 25.510245516871258, 26.184896597690415, 28.243145220682223, 58.86893203016812, 63.54347767448189, 71.34150421197894, 79.85971408413243, 87.25426289367283, 81.2669993423171, 73.23365163978043, 66.09530366945513, 19.095038785597424, 9.6980892823283, 0.0, 11.350619062261712, 22.879316403119763, 22.480691831323984, 11.590847323087905, 7.517341533308302, 12.210484088306739, 20.234516948473715, 56.504091171164276, 63.444520339826056, 71.39705689479194, 78.75183823126693, 84.47379383800033, 83.30563796440966, 77.9819088694808, 71.84443180132408, 64.91649682970925, 59.98598578962614, 35.01743974076103, 46.082301486744576, 56.49507270322063, 59.34963400162468, 68.05943288169266, 72.63536837909582, 77.81511698939434, 81.07740173851433, 78.47550047809908, 68.65916619467168, 58.214292276898504, 50.63505031077328, 83.73230343733658, 80.7538889451269, 80.85725756554605, 85.767602189081, 87.63655676616172, 92.62496060713141, 101.14590838606685, 102.6258298181812, 101.58291972208376, 99.10079784629772, 95.0258063057176, 90.52539031823181, 85.15440637662387, 85.36507786673053, 89.98477861499931, 93.07546646866558, 98.3101038679423, 93.93874875192971, 90.86047324570184, 86.2821782224514, 45.916369950884, 57.77172796435768, 72.91665673928244, 87.18572422672703, 101.79409171380976, 110.78521199591388, 125.12751079778437, 125.88073038749395, 140.99932124226734, 141.3726889198775, 141.74747482067, 131.32665574669542, 126.24293387608897, 115.07016019289576, 104.43111961087965], [27.525786497295748, 21.07491302472973, 17.97580355053359, 23.859097680760208, 25.07376265933705, 29.29611448885316, 33.208437712061226, 67.07909735415778, 72.10671843861459, 80.05346550051046, 88.42189941749503, 95.17317106682559, 89.52586761750455, 81.58773019321993, 74.26742176369685, 30.016574101615873, 20.902402260572252, 11.350619062261712, 0.0, 11.803571765118985, 11.85689288876382, 5.576875152185227, 12.556801802937759, 21.46988120220014, 29.75390707842143, 66.41528040137295, 73.15000754801181, 80.7862513651453, 87.6638578090233, 92.90875367590095, 92.02998784007528, 87.02405440847924, 81.11217371567369, 74.24324400529223, 69.35298760227468, 43.77543433531411, 54.63939051467768, 64.31717493296897, 64.50552323313373, 73.45084272734668, 78.97238359456344, 84.76458038366418, 88.17462861023552, 85.91042340576179, 77.72039728755382, 67.53282896954248, 60.131044340996354, 86.41176175142569, 85.07749937617811, 85.99783162251897, 91.71067831040521, 93.99774333654642, 99.03295892809757, 107.12689501519841, 108.32380324753343, 106.90898041237767, 103.80520626308967, 99.09150161456671, 94.15787186479942, 88.80891442935605, 90.05366471240666, 95.46446159304578, 98.9577772058167, 104.3130551663988, 99.74157348069929, 96.2536967950762, 90.87914968096744, 35.32425209986878, 48.1667285344407, 65.69292551056704, 81.74608962433074, 97.32139008056791, 107.93740787882402, 123.33967311789134, 128.65824169723106, 144.0341602670584, 145.00797776184857, 145.3832776532157, 135.4594595986434, 131.10734290579694, 120.44675906384715, 110.85409025390483], [34.536091174004206, 28.50176541316269, 22.443262731082974, 23.01770848904958, 27.445958652440854, 33.96924504596424, 38.71843760310005, 74.0336151090102, 79.41809928332844, 87.46127843212717, 95.58614847310433, 101.50906674063975, 96.26303398038391, 88.5023968377501, 81.071254668174, 40.65523321593109, 32.05458862857669, 22.879316403119763, 11.803571765118985, 0.0, 3.4539343320141462, 13.417964773359223, 22.231736452320792, 31.30783375584426, 39.14533250222033, 75.43653474726203, 81.90596617698756, 89.19484155530698, 95.5087180907466, 100.1854219475161, 99.52759289284809, 94.89123090319683, 89.25493667814787, 82.46893559482703, 77.64968309067109, 51.97455447013791, 62.72065628950387, 71.78403964639764, 69.21618364985365, 78.21319646300415, 84.59013512826316, 90.79981106759047, 94.05453845710159, 91.99368057220762, 85.99117747412706, 75.907556594748, 68.6312796608755, 88.31010446346136, 88.69027792727493, 90.38028086552795, 96.70284804237977, 99.27359211222904, 104.14560636971612, 111.52161648826454, 112.60095844670866, 110.91999021836538, 107.31812565775373, 102.15226481430956, 96.89301943239646, 91.62902058957495, 93.88357363101183, 99.90532689767628, 103.64273414958285, 108.86957916927379, 104.33384687967025, 100.59144709719725, 94.59626565047714, 24.828021592970106, 37.17032113009057, 57.14459384873955, 74.80257375633681, 91.32530881828738, 103.54180872678886, 119.73211208976267, 129.86663309561308, 144.77309537038758, 146.26098456112206, 146.52354310363884, 137.18298368150687, 133.7007267266777, 123.88375382537998, 115.91557791947413], [32.734290291940674, 26.506916734335377, 19.731869465448884, 19.745486279523252, 24.371917739878928, 31.293673427781695, 36.50505811628446, 72.83243414562804, 78.55546539547602, 86.70161577499464, 94.87267011464301, 100.70578439819852, 95.27990742242798, 87.40941640612343, 79.94362440935319, 39.82874773184199, 31.46907406499578, 22.480691831323984, 11.85689288876382, 3.4539343320141462, 0.0, 11.952748584159, 20.740179475354136, 30.010039880006175, 37.884535306918956, 74.86229853114128, 81.43461174083156, 88.91294665503409, 95.34539709313005, 100.097135315573, 99.22073322767636, 94.48618973232972, 88.75547031417555, 81.84213845058885, 76.93834933438615, 50.29861445537006, 60.526730782204744, 69.23308419443696, 66.29281934952425, 75.27130594432604, 81.75169962639583, 88.09698417233508, 91.55278642459456, 89.75318286761909, 83.78982069516056, 74.06885382007374, 67.29106094294384, 85.0742621876103, 85.55254325678716, 87.33606309849455, 93.79591230248846, 96.48075336056294, 101.45483100900653, 108.93831394991115, 109.80813055371021, 108.0135266110034, 104.29086234396524, 99.00814117791035, 93.70397574804878, 88.45529078846525, 90.7991122206542, 96.94966919869755, 100.80173461984386, 106.18298924865024, 101.48305201354596, 97.62723496073951, 91.50520402915004, 27.178955566751824, 36.73776158079256, 55.22260438702384, 72.49494406938129, 88.74528978275202, 100.70251977904877, 116.91311980913135, 126.76425226762011, 142.33724955598066, 144.08876850746782, 144.81030214602097, 135.847338727025, 132.76089731571594, 123.59271527029958, 116.26019167502878], [24.30791181800309, 17.23188439438351, 12.849415926321516, 19.067766637251413, 19.88329671516849, 24.548021779257024, 29.33029332594308, 65.15145383505717, 70.79020226548954, 78.91826811946996, 87.35617038476836, 93.92485502561208, 87.97779874225198, 79.85263248912057, 72.46921173394006, 28.87219380591738, 20.370197972029068, 11.590847323087905, 5.576875152185227, 13.417964773359223, 11.952748584159, 0.0, 9.301715176954948, 19.1628378068987, 27.640424661529245, 65.67800089546688, 72.58261113735269, 80.5361629314782, 87.59144598366, 92.9375446781372, 91.68534437571013, 86.52571078437748, 80.46227676796111, 73.37442139088041, 68.33755325454752, 40.920327192719974, 50.87688514554566, 59.97885328789597, 59.58411108951384, 68.52590362462783, 74.21995925982404, 80.24993150710071, 84.00566437182395, 82.18067812804655, 74.04939561077454, 64.47426761913769, 57.96608959083827, 81.11229677417641, 79.88616550725824, 80.94300467506918, 86.88120605254191, 89.35705746237915, 94.56885570348808, 102.85051649016759, 103.70635377613719, 102.10781258218483, 98.81214355740408, 93.91603618354767, 88.91430390066566, 83.58283858290132, 84.94996677547832, 90.56706274131267, 94.2492940660998, 99.86403324470989, 95.01876986694806, 91.34462645570764, 85.76794858356773, 38.12197008570534, 47.57220780615985, 62.88287060636817, 78.19734619297442, 93.26933244035986, 103.41234491730852, 118.78643468708187, 123.58042532004308, 140.00508737244786, 141.40115739423686, 142.51526192269583, 133.2149907975556, 129.52801043474602, 119.96996978010904, 111.51466127908509], [16.801496536948903, 9.789066782620596, 10.824688915923128, 20.834936278639876, 18.14206444664796, 19.27433079162234, 22.71261612911117, 57.21161126206327, 62.8923673679021, 71.00816747854233, 79.56163031766395, 86.44929218485012, 80.17125902464359, 71.91195925610052, 64.61191041882883, 20.116075615441346, 12.600539471047304, 7.517341533308302, 12.556801802937759, 22.231736452320792, 20.740179475354136, 9.301715176954948, 0.0, 10.072780403332636, 18.712891141843205, 57.3175312546927, 64.3995453583315, 72.66866379485074, 80.06390760340773, 85.72569082498929, 84.12110683469953, 78.71171344868145, 72.45677116047987, 65.23969892399113, 60.1161421453434, 32.19125903930973, 42.20805743145171, 51.86129069266894, 53.16625362655899, 61.99582501745416, 67.06483851585374, 72.68360837515722, 76.31537170914898, 74.29230947409597, 65.26200388274096, 55.54198151172522, 49.16865979973214, 76.71443222345789, 74.22646391788398, 74.67328881596237, 80.02599688481656, 82.19475019295334, 87.35994108902034, 95.93339593352711, 96.99887128988496, 95.67666192742182, 92.8470015269775, 88.45595463657831, 83.78775740180032, 78.42099237561303, 79.00947632416808, 84.03595670187194, 87.41548645153657, 92.93018934271237, 88.24120462379662, 84.87523503280444, 79.89453539389443, 46.490139435773145, 54.48492464755087, 67.26886777694216, 80.77733896651128, 94.92885794305424, 103.59529159218062, 117.99666818001053, 119.08045781432558, 135.2831817823989, 136.2785695746199, 137.529201777244, 128.01345812702502, 123.99632771343987, 114.47570265230324, 105.82808912066768], [10.90749414335731, 8.32078140042196, 16.41048728223227, 26.764806841176757, 21.776847524440864, 18.22700589600988, 18.005960752140638, 48.00868559500271, 53.48076413283769, 61.517214672839316, 70.13789975532322, 77.35070314623086, 70.87893092158889, 62.58324631040614, 55.40661514960073, 10.853943761276174, 7.678717500463408, 12.210484088306739, 21.46988120220014, 31.30783375584426, 30.010039880006175, 19.1628378068987, 10.072780403332636, 0.0, 8.749094313791911, 47.47566155555173, 54.65251698134677, 63.12272517188048, 70.74805165964263, 76.64341668761121, 74.77038695804345, 69.1864125485165, 62.80992755799903, 55.52915453060281, 50.36755515472309, 22.966587116628492, 34.11123236134329, 44.99722615062853, 48.40425328167511, 56.948890674367, 61.14720306814238, 65.98483844127487, 68.97014002453773, 66.3057295002099, 56.82383916778051, 46.28300545095804, 39.34752818597536, 74.1329076452655, 70.24819041174209, 69.89638161407798, 74.29198350607076, 75.88173870872352, 80.70319038555526, 89.25116663913951, 90.90702920701962, 90.09453544878095, 88.00282282338785, 84.43951778931796, 80.27078514560931, 74.90521288325996, 74.53769787504577, 78.62752288874206, 81.41674318770191, 86.44947194379657, 82.30360505681293, 79.52857506689995, 75.48322917866616, 54.582424915021456, 61.75825582270525, 72.74447972790091, 84.49733571600011, 97.85138529783936, 105.09864102557827, 118.23480538683287, 115.63492533929733, 130.44334092993986, 130.68149191819433, 131.5925839517636, 121.53389996606666, 116.8723083973473, 107.03625645682878, 98.01886326660683], [10.225063949558848, 13.567144219529254, 22.947830208816367, 32.47152079954289, 26.53147029444569, 20.161144423884796, 16.24390902146583, 39.58407658511027, 45.00476133905981, 53.021263948671944, 61.67428253180325, 69.01595867938013, 62.38375576136912, 54.056397314398545, 46.96809583612847, 7.53325515556854, 12.675204960620912, 20.234516948473715, 29.75390707842143, 39.14533250222033, 37.884535306918956, 27.640424661529245, 18.712891141843205, 8.749094313791911, 0.0, 39.16669771782493, 46.38639793617292, 55.029045293391434, 62.77092950707412, 68.78177333537337, 66.60365161248441, 60.901456076965104, 54.44043398121553, 47.06640469060281, 41.84986561618935, 15.005596294180183, 27.735981792819558, 39.78509091318317, 44.66232292118507, 52.778493249160576, 56.1976782800809, 60.21754488589855, 62.37243440811829, 59.019338033565724, 49.81361377316933, 38.29003066702118, 30.647112553334956, 71.76403331558565, 66.83276787276154, 65.80959748113222, 69.27138492642781, 70.27489450400282, 74.63637399895678, 82.93661894457163, 85.21607648792681, 84.90181676113691, 83.50237579440967, 80.74759304912048, 77.06204755313671, 71.75134158106783, 70.60356511120938, 73.7926201838237, 75.97230621052955, 80.40958553637195, 76.89866425578388, 74.72960892724159, 71.57917565726461, 61.4958853849693, 67.44733211359738, 76.73874488335841, 86.88829522674013, 99.50170962289326, 105.54020769884806, 117.47967411098516, 112.0047818675229, 125.22946634785298, 124.79296066120364, 125.37023168583113, 114.91268927817771, 109.81300190680967, 99.95974759446975, 91.09138951359634], [45.74448301495026, 52.04500851150813, 61.329034007806, 69.50871650657695, 63.38391926164953, 55.11956533145033, 47.39557585257296, 20.896482968592633, 16.526051657423622, 19.85822274414873, 27.554115471568995, 37.5493095274543, 31.72898777514838, 25.908506415646986, 22.917126373241082, 38.62369153428259, 47.446049670090694, 56.504091171164276, 66.41528040137295, 75.43653474726203, 74.86229853114128, 65.67800089546688, 57.3175312546927, 47.47566155555173, 39.16669771782493, 0.0, 7.515826698319354, 16.85505085475357, 25.661028306568074, 32.88094079518317, 29.793572891017384, 23.41934305867639, 16.715564571984906, 10.496638426181066, 7.520271966311191, 31.895132316849654, 38.32787736382036, 48.854540188050166, 59.28371037558014, 63.30495978336698, 61.99366717542433, 60.532334149438654, 57.10734785011724, 49.34692750253252, 43.3910510870505, 29.52965974607241, 18.038521954389168, 86.28089825096762, 77.76863280130613, 73.8638914846030