{
	"dissimilarities": [[0.0, 7.43654906183601, 16.182491397498286, 24.43265088706287, 18.563839836603925, 12.147041176815447, 8.859401226363833, 41.65205621958039, 48.37956058153838, 56.721614685609886, 65.2114156396073, 71.60825757098925, 65.05450596371675, 56.680809277325935, 49.302102297666906, 15.948905674290543, 16.764551534908534, 20.36469216789775, 27.02065985633861, 34.326262090574836, 32.5232682079111, 23.88470749795478, 16.130212548809457, 9.736717439607155, 10.504728309457366, 45.22734899096427, 52.430484172292616, 60.56576247260596, 68.07125543896849, 73.33672668291149, 71.0915825151281, 65.6614302747331, 59.40710595872879, 51.9801953744951, 46.75533305095111, 17.776571091400303, 29.4918064010949, 40.50771030199741, 41.50539540206864, 50.00326190147843, 54.81129345039036, 59.17596426486606, 61.77241904675402, 58.956588448459556, 52.216606281392174, 41.14730838333382, 34.69947008331653, 66.74712066187794, 63.3041157192334, 63.100567117030145, 67.42693214908641, 68.90406844948625, 73.29715759226987, 81.6972922722195, 83.11499975924376, 82.40308499142887, 80.38360113216781, 77.05669184681976, 72.98644885455755, 67.59240439919958, 67.42862806592805, 71.43144641297766, 74.42516943103755, 78.58642781230743, 75.26465896002031, 72.287296016179, 68.3298826299819, 56.16167442410757, 58.97937930300809, 69.16252363845537, 77.47608346040775, 90.35769861613855, 97.03631667234924, 109.79944917519866, 107.59522984201422, 120.65191524938494, 120.9651532474244, 121.67948691090957, 111.09841879772087, 107.82859761915769, 98.50932795056973, 94.11919603553241], [7.43654906183601, 0.0, 9.403155959639399, 19.000503573219788, 13.688388649373339, 10.743928706041565, 12.977897204162813, 49.07670032168476, 55.772746983232764, 64.06724186829466, 72.60124341715989, 79.03372916453485, 72.48758279341232, 64.09946249949154, 56.72671318045123, 18.479142450047327, 15.49857584865816, 15.813410810006866, 21.05760805363579, 28.35617135451944, 26.271739064870392, 17.167375887053822, 9.79746955257203, 8.394904309644275, 14.49649018464694, 51.99173824589138, 59.24904086408516, 67.46738287124245, 75.01969072357879, 80.36788156069713, 78.26429917466719, 72.81862517289427, 66.5358526782533, 59.12733561998474, 53.90027317288157, 24.354564984682504, 34.34447469862828, 44.21327577065207, 44.46040262482675, 53.188482176998754, 58.49305410209449, 63.54293844685135, 67.05151982426318, 64.97444381149879, 57.38328639945336, 47.38711387861247, 41.707809681980436, 68.40157015453258, 65.73406452857662, 66.06336275564675, 71.17564014506652, 73.18828704506694, 78.07577892136112, 86.93515749559573, 87.60503115922157, 86.42137514600554, 83.79073832937351, 79.73475195103751, 75.26645039878031, 69.86554702583386, 70.3018916530492, 75.07038883530831, 78.70829690628636, 83.43502392803289, 79.51911209310549, 75.9025080519955, 71.18501319298144, 51.34632651525715, 54.80263780268567, 66.0646129366608, 75.66057325438356, 89.12915792989038, 96.71502643398425, 110.53308481809103, 110.43340406962287, 125.29528695705493, 126.29141250127418, 127.54439943760659, 117.48905082566385, 114.63450984123858, 105.4607150518686, 100.8379085219064], [16.182491397498286, 9.403155959639399, 0.0, 10.482622069170672, 7.574145540715795, 12.112424613071074, 18.456878920537644, 57.2839818225728, 64.29860450754768, 72.73050420455387, 81.0842121700109, 87.01315195200684, 80.60641200190217, 72.26177465625628, 64.81897769175997, 27.19020466464077, 22.055662355480823, 18.039235496209756, 17.96541674599276, 22.311869084176635, 19.50808158544179, 12.833208995565647, 10.866873098487254, 16.467174208219514, 23.780801133379438, 61.26381623528544, 68.4611614032786, 76.54169435858759, 83.86358433129745, 88.9849251200997, 86.98816931173585, 81.69558362043465, 75.51733462312858, 68.1283125378103, 62.92181642266583, 32.946420272785765, 41.3491058603361, 49.65754087763087, 47.38125510471747, 56.18541807579666, 62.417053637508246, 68.35241748615975, 72.3632390476431, 71.0690976587983, 64.29900732691755, 55.336803890449126, 50.51237206401003, 68.43938168068031, 67.35966310731713, 68.5725915203934, 74.66143437849159, 77.28051372983418, 82.46826922809208, 91.2934020914213, 91.25158730790008, 89.51203647237593, 86.09730792390452, 81.19885487799493, 76.25292849084866, 70.90006166151598, 72.38867720912383, 78.12017467152006, 82.43561743608544, 87.54823353439954, 83.16673120260904, 78.87208078338651, 73.19297543855244, 45.4534366862324, 47.22219199244865, 58.73169370073939, 69.53844412661829, 83.70060778916427, 92.49729228496918, 107.47415692009143, 111.09434706844782, 127.46542093828576, 129.37428294229935, 131.26955932759952, 122.16808665953182, 120.27220418450659, 112.01455229249925, 108.33978030073816], [24.43265088706287, 19.000503573219788, 10.482622069170672, 0.0, 7.361233605216794, 16.177418179878458, 23.436969995196794, 63.018197866123614, 70.56010394341303, 79.19394348149015, 87.12923228776826, 92.09966802902477, 85.90931674513504, 77.70706283660446, 70.24371403094732, 37.360308769482046, 32.42271626516708, 27.464242526236433, 23.826905313695796, 22.978094015311214, 19.674407438614793, 19.085327297417642, 20.819556908456, 26.758313346343748, 33.443129851382764, 69.39069153642947, 76.4396076575951, 84.22229230759983, 91.13961626763295, 95.7861938461251, 93.74945051232918, 88.72352460101703, 82.75614286120557, 75.40435894646743, 70.25885835180799, 40.24232508839758, 47.26330631667567, 54.02030495754434, 48.216498214112015, 56.787177691369784, 64.05327861422987, 70.75374429813637, 74.65761231046241, 74.02722357968148, 69.57417414749416, 61.45446355829352, 57.5606615270551, 65.34631935991085, 66.25799105592262, 68.43934215068741, 75.33881987881819, 78.42561547980273, 83.57257742526993, 91.79571248041866, 91.27947228750091, 89.0768815390935, 84.96412635158576, 79.41888483052975, 74.10406602956346, 68.87720128233764, 71.56505894364139, 78.11277379689135, 82.89199317447341, 88.04585088112499, 83.50708266008074, 78.74201045421465, 72.24168791419848, 43.003173481578656, 39.1589249629355, 48.60967924475884, 59.649460865812095, 74.25961034252745, 84.04989947419051, 99.82272002838444, 107.55542541451196, 124.61557575103252, 127.44326261695781, 130.01936029127341, 122.20351714348158, 121.70005586280982, 115.17485011642835, 113.65756135965775], [18.563839836603925, 13.688388649373339, 7.574145540715795, 7.361233605216794, 0.0, 9.108098159085955, 17.047407921628142, 57.07067593865447, 64.7362747706243, 73.36598151514055, 81.42330763382357, 86.67603090297725, 80.14289844807062, 71.7821545258937, 64.37120710840496, 31.97345613437724, 28.415507803444, 25.490662247100975, 25.059775194841116, 27.33122430887237, 24.19476674256874, 19.88255795552851, 18.1813236879079, 21.83834635137379, 27.614123828964768, 63.3249500755779, 70.51863884312904, 78.53671723201472, 85.78889369428022, 90.64473285035562, 88.29346892860909, 83.04884140973655, 76.91746541549065, 69.4565034894234, 64.23842186963978, 33.37800729271036, 39.947186220735254, 46.92533449322905, 42.22787135838848, 50.94495998253797, 57.802473217857504, 64.24541431118153, 68.31471156110611, 67.64287389201883, 62.34734989001225, 54.328985128511434, 50.883139936315956, 61.603775985138554, 61.312684860184426, 62.99022411732262, 69.52347040835305, 72.43097304482998, 77.66355640988397, 86.32980249075455, 85.87479555409963, 83.85583120120941, 80.0786600377285, 74.88057647002263, 69.77898061037077, 64.46144477254782, 66.47532255588317, 72.62637708171336, 77.22860032561401, 82.46389720651499, 77.89932831285077, 73.31751889763072, 67.22170206285676, 48.90147946683259, 46.077177166987866, 54.19635620981383, 63.34940074285138, 76.78071608955284, 85.1144881709496, 100.06220894619841, 104.2018019831934, 121.41335427088015, 123.95580659180477, 126.71945975906608, 118.67857923889912, 117.94431697116464, 111.41106587727333, 109.78584370655518], [12.147041176815447, 10.743928706041565, 12.112424613071074, 16.177418179878458, 9.108098159085955, 0.0, 8.526402175023941, 48.44136739858132, 56.24309516309169, 64.86901832381363, 72.94885680167174, 78.34759535269602, 71.56149726864781, 63.10539663871902, 55.753711927752704, 26.712182756191773, 25.853456997785614, 26.187312814228456, 29.257510944145796, 33.79167637843002, 31.050186639473154, 24.4967365079023, 19.30453747189857, 18.318636373299515, 21.47666565585098, 55.09973706557385, 62.33035696230899, 70.43618633872701, 77.87588373510599, 82.81053725139664, 80.14470977234586, 74.76800237759521, 68.55725469356739, 61.036342001173594, 55.79301924751186, 24.563636267517136, 31.327535837135834, 39.23875128517946, 35.87242548179112, 44.67212652813947, 50.930193347784346, 56.770269280931224, 60.40810373529573, 59.257056839109794, 53.83569734534283, 45.29137203005378, 41.95786864089349, 58.16938774924339, 56.38081825156705, 57.29202271669142, 63.0340083069035, 65.45869496324609, 70.45574857538877, 79.1879320325263, 79.2706394193969, 77.70061808857328, 74.58252071444623, 70.14068474152236, 65.46883494857464, 60.068104519464065, 61.14050445898182, 66.48219097547404, 70.53363984429767, 75.4762326281616, 71.26885310638933, 67.24047345628061, 61.957388788285215, 55.622530110555736, 53.38501431142793, 60.2979856090908, 67.47898458871556, 79.75868385339548, 86.49326733126202, 100.11560232661722, 100.27977802964958, 116.36972786505626, 118.25429412497253, 120.79469121890493, 112.25673087546181, 111.10744505150502, 104.50709439034637, 102.97610194786182], [8.859401226363833, 12.977897204162813, 18.456878920537644, 23.436969995196794, 17.047407921628142, 8.526402175023941, 0.0, 40.0526075331507, 47.825162407563965, 56.47965541112568, 64.50121032320276, 69.88718535059704, 63.18747085525673, 54.777794226446986, 47.38060023983046, 23.80942602663504, 25.494216458937526, 28.26190524969817, 33.16619965896277, 38.5335883064563, 36.271732130134424, 29.287966940957173, 22.760489965557003, 18.149386336659017, 17.906320546465427, 47.40750053704681, 54.47093225332254, 62.371616491633134, 69.64761909189197, 74.45586865519378, 71.75319179592832, 66.45710505332985, 60.338742681486934, 52.865890477301534, 47.67605270722013, 17.71537056554127, 26.785603300848404, 36.46544157221072, 34.34712213748133, 42.883783601518246, 48.444526482200956, 53.316882904944976, 55.65109379852363, 53.35352193771086, 49.038037386506346, 38.867167363283386, 34.32870200610425, 58.56806653612176, 55.73496308799866, 55.89683220522144, 60.544621283419644, 62.211071606994466, 66.5177265335617, 74.5910757835062, 75.79235078130687, 74.8938896674971, 72.62493714200893, 69.18153699226345, 65.04331076418545, 59.641293237137894, 59.88982303141931, 64.17184411632162, 67.31884843754158, 71.45390852252864, 68.09892214447198, 64.96743481869714, 60.734711830819144, 59.47425120041584, 57.953655831761175, 64.77609111228699, 71.04805349984107, 82.9573510820883, 88.86139592804372, 101.21285038416886, 99.08424783733325, 112.49271697358039, 113.35631670101584, 114.92093096677155, 105.44768654097494, 103.53144524936127, 96.35871965439307, 94.73098117819848], [41.65205621958039, 49.07670032168476, 57.2839818225728, 63.018197866123614, 57.07067593865447, 48.44136739858132, 40.0526075331507, 0.0, 9.069462834408718, 17.477491166186926, 24.767855501574335, 30.642475522054884, 23.452243833936443, 15.041052703152165, 7.725235960108531, 42.48462849364045, 50.67669173650409, 58.43351204104783, 66.63807551386496, 73.54658976213511, 72.3599956369324, 64.78031801827126, 56.89756088551411, 47.70685496413174, 39.82928855486301, 20.142929472236307, 23.255418253373858, 28.2729308552649, 34.33313599357733, 38.20489327575015, 34.000599004112786, 28.99569500148319, 23.76938187640817, 17.536605687968837, 14.315713160229777, 27.63015996791249, 32.54529480521959, 41.77240598287092, 46.7229608497295, 50.10951545819569, 49.92450773460014, 48.13018703424073, 43.100924193551336, 34.52647912108384, 37.46781488539349, 22.950577312452452, 14.143486936567728, 70.88989884980431, 63.68801603630059, 60.31250664757253, 58.53587374051043, 55.992962671695665, 55.94057802635517, 59.690360433939155, 66.35032562963619, 69.03583271572128, 71.42181846275582, 73.20430405491548, 72.25117318611936, 68.0065139370169, 64.2193868208946, 62.46831297422639, 60.48763507174865, 59.91130537983308, 61.38587874365736, 63.31910850815584, 65.04437262875993, 91.0921576104804, 91.32720566299297, 96.26907386385946, 98.16491561371713, 106.81454616384939, 108.17999870819992, 114.31157966136331, 99.28819825435404, 100.28640081167441, 95.92206768022811, 93.09492968868337, 79.18074695507711, 72.83561596066504, 63.13491921040484, 61.52130537053809], [48.37956058153838, 55.772746983232764, 64.29860450754768, 70.56010394341303, 64.7362747706243, 56.24309516309169, 47.825162407563965, 9.069462834408718, 0.0, 8.750045312969126, 16.873977256934563, 24.560614544010047, 18.088948038107713, 11.215828049062361, 7.547232852403258, 47.06035051934081, 55.41293129368626, 63.5155784725342, 72.06512014025873, 79.31421664334283, 78.42009336850187, 70.73305958299169, 62.86261587527681, 53.469575755784334, 45.33180380256238, 16.46280768842681, 16.65173436957355, 19.804998319750165, 25.36139279259714, 29.30981057978755, 25.02954443207008, 19.960403304155108, 15.006290974054314, 9.867266181952122, 9.084589279902806, 34.64236783705425, 39.89349686473666, 49.04404343924572, 55.347030718057574, 58.341843935615486, 57.40892955863365, 54.72567183683924, 49.08235452776419, 39.93387261566433, 42.45256750181983, 28.552550662873504, 19.336165906003004, 79.3511796867701, 71.75769855164866, 68.02090199681803, 65.47174598355345, 62.40035189776459, 61.713950274255055, 64.59599280747705, 72.06034630668705, 75.29023047216015, 78.34672946061274, 80.76261418206484, 80.18497099552371, 76.13106254282636, 71.92177966028582, 69.43835040681797, 66.76897883972468, 65.45743341956562, 67.66988687840505, 70.28834668546877, 72.74097243237603, 96.14466832358418, 98.01673513394366, 104.02700878623054, 106.37233167583592, 115.23004813782573, 116.57693246462142, 122.15898862687354, 106.01467492669912, 104.48809881774778, 98.84999748531342, 94.42134191251138, 78.96582560047132, 70.53751347561577, 58.279887778244955, 54.08713426185659], [56.721614685609886, 64.06724186829466, 72.73050420455387, 79.19394348149015, 73.36598151514055, 64.86901832381363, 56.47965541112568, 17.477491166186926, 8.750045312969126, 0.0, 9.098959464122041, 18.87106881611582, 13.471962529247476, 10.741458093185349, 12.981858115954358, 54.21861563176561, 62.707816558424824, 71.04110318989139, 79.82431876207286, 87.2800233878707, 86.5180606847042, 78.72650367239801, 70.81756250213404, 61.30736780543824, 53.02326113404395, 18.93732313029637, 15.389317954182504, 14.544398045430754, 18.562367011748826, 22.10279760570614, 16.95880978448562, 11.947746385083132, 8.539326914675009, 8.666219938836596, 12.299783114504498, 42.74802824487406, 47.1071581638236, 55.47333162023784, 62.658633056597914, 64.95348448466638, 63.17200735869854, 59.52460899457526, 53.151606007125025, 43.66106263972827, 46.55858832819279, 34.12098644632316, 26.404028833178163, 86.0182934797748, 77.95347888204316, 73.80754527035243, 70.3463962109151, 66.7013459835191, 65.29046986865278, 67.24011679332548, 75.41883520620851, 79.20865992190005, 83.00361678322274, 86.17711264029538, 86.09443319177065, 82.32664674355824, 77.61407555374363, 74.25992559129078, 70.82358518816413, 68.72722005759393, 71.7131350359892, 75.09441837563837, 78.41227000314066, 103.70085322565906, 106.23365215849368, 112.36951923958628, 114.44552375249759, 122.95649734629991, 123.77849187979994, 128.49699659927253, 110.35583226333694, 106.54709409389275, 99.78510443329002, 94.2407029862273, 77.78402327655175, 67.80185988308214, 54.13317310976253, 48.51613768591169], [65.2114156396073, 72.60124341715989, 81.0842121700109, 87.12923228776826, 81.42330763382357, 72.94885680167174, 64.50121032320276, 24.767855501574335, 16.873977256934563, 9.098959464122041, 0.0, 10.863479411618492, 8.622266310450865, 12.765766489562349, 18.38288116168099, 63.25079958876695, 71.6466827702479, 79.83571706136313, 88.37313704677926, 95.47095158047155, 94.73401823562139, 87.29859788799656, 79.5359157501318, 70.13542223005709, 61.939144881205785, 27.572545515681536, 22.758093837244722, 18.48208135189038, 18.073891010785946, 18.64578225618944, 12.80075297011926, 11.22371441110843, 13.13598383787865, 17.111061678419286, 21.327227733820965, 51.30179553943126, 54.83689718794503, 62.19637579039519, 68.64485142226984, 70.12496215550159, 67.9160462828537, 63.5602401784186, 55.88297834192516, 46.06259002390391, 51.84622214007515, 40.92653083961768, 34.849061841896294, 90.26370433635547, 82.27271089049589, 77.96221538376048, 73.68398825586388, 69.47783902586302, 67.00233288080328, 67.17136242760252, 76.35621168321883, 80.73640778799277, 85.23956340826933, 89.24498207887164, 89.68853059519726, 86.27497437470517, 81.35937528665256, 77.19232499697432, 72.89508029170345, 69.6278212644172, 73.71462614051136, 77.95166663632699, 82.07902874113728, 111.11476465192852, 112.88378595274645, 118.13383154501345, 119.28160209648307, 127.10529529228114, 127.2005906902789, 130.6490803799569, 111.22082500297225, 104.02835968301729, 96.05834421018383, 89.21882943021359, 71.93814469156229, 60.84736511407326, 47.02429508784514, 43.04894438967743], [71.60825757098925, 79.03372916453485, 87.01315195200684, 92.09966802902477, 86.67603090297725, 78.34759535269602, 69.88718535059704, 30.642475522054884, 24.560614544010047, 18.87106881611582, 10.863479411618492, 0.0, 8.926027829071275, 17.07602238342682, 23.292056338828672, 71.50597368508596, 79.59695608670718, 87.30581616228531, 95.16808841757519, 101.41217833114489, 100.60322073548075, 93.9337132772111, 86.50987379346935, 77.46038481839334, 69.59080744702746, 37.79415050227526, 33.43114056671885, 28.803012954349494, 26.07514438750217, 23.609012862679755, 19.24518243101099, 20.788868139195262, 23.883245554550367, 27.417940055519303, 31.02358144104424, 58.225718731098105, 61.184833873393146, 67.55275881285782, 71.82224410648675, 72.54752749116363, 70.47837207285843, 65.90248090713317, 56.68877171983445, 46.718313739307185, 57.07881631305814, 47.30369430307918, 42.57768100850127, 90.74031829696102, 83.47892458928813, 79.34822903258065, 74.5975464470622, 70.01553311235745, 66.36589838695835, 64.13764194433796, 74.42785608222574, 79.26966327134241, 84.24438878713512, 88.93816767632929, 89.80674601680234, 86.75645505585932, 82.06383320765696, 77.38235267443895, 72.3567942685102, 67.75763746867838, 73.05052250625675, 78.01246123697678, 82.65475856385787, 115.99520536447483, 115.73484753365919, 119.23658025777695, 118.9718125986852, 125.87707667747866, 125.21834783459738, 127.21773221337341, 107.8254786634416, 96.6141273901518, 87.57174316715341, 79.39211605532496, 61.51567095298826, 50.08468731858964, 38.03292954403084, 40.28794300473584], [65.05450596371675, 72.48758279341232, 80.60641200190217, 85.90931674513504, 80.14289844807062, 71.56149726864781, 63.18747085525673, 23.452243833936443, 18.088948038107713, 13.471962529247476, 8.622266310450865, 8.926027829071275, 0.0, 8.746178660313829, 15.855206544940561, 64.8667955437709, 73.28243120528285, 81.2552907509779, 89.47946898603597, 96.14061094955046, 95.13751204842387, 87.92754691593801, 80.15954881123507, 70.89733915289375, 62.83341411081674, 31.79824532732185, 28.585378949431682, 26.207513036580444, 26.67241303474391, 26.743184547509017, 21.131077352761004, 19.69620468830406, 20.225255757284284, 21.902107727097796, 24.777524557878454, 50.701148529052894, 52.690151305821296, 58.80971829850267, 63.848044369915215, 64.60590430337608, 62.31156904207076, 57.74933103356542, 49.1386740280554, 39.18303266126312, 48.23345212687106, 38.46264910215397, 34.57129619599068, 83.77357276734628, 75.97208738970434, 71.67803557342674, 67.06324218851611, 62.64546490479994, 59.620203273000044, 58.96289555571249, 68.49807402409675, 73.04101917209303, 77.74891027298743, 82.1089796559934, 82.81934380998248, 79.63422457042923, 74.71550644700918, 70.21211201454761, 65.5600262483162, 61.7702993748181, 66.32678592864654, 70.91110731467317, 75.37066595832823, 112.08066453628092, 111.67372113413147, 114.99999261926317, 114.70022831133423, 121.47335598306408, 120.67226417913892, 123.3728019822176, 103.00262553692826, 95.55155568715492, 87.84145796729601, 81.90880438514704, 65.6444623743669, 56.328933031161206, 46.392625789928815, 47.88229119431396], [56.680809277325935, 64.09946249949154, 72.26177465625628, 77.70706283660446, 71.7821545258937, 63.10539663871902, 54.777794226446986, 15.041052703152165, 11.215828049062361, 10.741458093185349, 12.765766489562349, 17.07602238342682, 8.746178660313829, 0.0, 7.519281171739023, 56.73183353875596, 65.20929778777791, 73.21083169694752, 81.53610198040069, 88.37587105318477, 87.25598117302934, 79.78981578407378, 71.88548669719334, 62.582179575102444, 54.50412852242154, 25.934375092122405, 24.639826831638754, 25.185700897671143, 28.489510925880392, 30.50179760583881, 24.998196448011008, 21.395380917291426, 18.97152291650594, 17.438018207581447, 18.662079177478834, 42.022537437518565, 44.129660746608465, 50.834876627731724, 56.14359242218318, 57.52022177815553, 55.63721545508196, 51.72439731170313, 44.12312846160351, 34.29956335046942, 41.5547479310662, 30.466395534405052, 26.067191700310584, 77.53127765793215, 69.65551836002668, 65.50872682636822, 61.634197120820104, 57.726393876058594, 55.69320998694826, 56.81409217587493, 65.35909405185578, 69.31772228150416, 73.3336094333301, 76.92264182703624, 77.15156568339712, 73.63371294479337, 68.89728998716846, 65.13898482319213, 61.29210926994479, 58.63324948785758, 62.12648395029753, 65.90698512513036, 69.62200571256203, 105.14812841668991, 104.78074329230864, 108.38479917202655, 108.57730205065442, 115.75912166151913, 115.44521729834649, 119.262330338793, 99.95540793238642, 96.05853098403274, 89.72228065589702, 85.38482854036677, 70.27481403220949, 62.46665490767125, 53.142885837717216, 53.59874684332242], [49.302102297666906, 56.72671318045123, 64.81897769175997, 70.24371403094732, 64.37120710840496, 55.753711927752704, 47.38060023983046, 7.725235960108531, 7.547232852403258, 12.981858115954358, 18.38288116168099, 23.292056338828672, 15.855206544940561, 7.519281171739023, 0.0, 50.034919168003604, 58.297362317133675, 66.08274286303647, 74.2190521701644, 80.93933900055156, 79.78648796944537, 72.4142311571694, 64.59913834110522, 55.427197552381976, 47.52020975900353, 22.981636835460826, 23.715989814957123, 26.450801833459945, 31.094638593488447, 33.966239344815335, 29.1899832601376, 24.87626923724426, 20.903670724918985, 16.72089106362155, 15.8186595728305, 35.127001157035764, 38.50624146729084, 46.336609626407174, 51.07900140201292, 53.381265449250684, 52.41301401395529, 49.54920255245277, 42.933540365120614, 33.500360028662406, 39.47148561374377, 26.599313795269925, 20.3474004349593, 73.6049534326619, 66.1771794024243, 62.44803066455903, 59.59608721225017, 56.3276451382934, 55.167470275167055, 57.3975437763397, 65.1541969688674, 68.51076376241875, 71.72898593424269, 74.46304613846894, 74.11603670138336, 70.23748703730591, 66.02489680654294, 63.24421386342059, 60.2651412809069, 58.51909026716031, 61.123189598212456, 64.0428757401425, 66.7874298469005, 97.8881787441612, 97.54624238629175, 101.61548945642357, 102.51301268938902, 110.38315803478012, 110.88301454989004, 115.75700941369223, 98.81440759743364, 97.03903415242193, 91.65961324796463, 87.99092840820921, 73.44716145635398, 66.47118045992319, 57.079076250172456, 56.88416075632125], [15.948905674290543, 18.479142450047327, 27.19020466464077, 37.360308769482046, 31.97345613437724, 26.712182756191773, 23.80942602663504, 42.48462849364045, 47.06035051934081, 54.21861563176561, 63.25079958876695, 71.50597368508596, 64.8667955437709, 56.73183353875596, 50.034919168003604, 0.0, 9.56365186141701, 19.122650347216965, 30.007262759376868, 40.506015806814055, 39.57910843713319, 28.762750009543698, 20.065809633981605, 10.791405323090455, 5.983885811504596, 38.6029805805774, 45.85461002943854, 54.465941567233756, 62.71743194743437, 68.97473695503041, 67.01152644361925, 61.15896530237775, 54.651243570192, 47.558833805629305, 42.53981792135436, 19.855337249440264, 31.621607975383842, 43.635935617072334, 50.576354410811405, 58.391285275714395, 61.209128828990664, 64.13032546594968, 67.14100963428731, 63.644576781397525, 52.31222087347166, 40.80795960581155, 32.776970446581274, 78.08474628621092, 72.60157907910343, 71.26169573191474, 74.40027352127507, 75.2765704493302, 79.7174122259627, 88.91499238775131, 90.64582648080913, 90.44806901988656, 89.25989332063008, 86.63242271114004, 83.0681190744299, 77.81444054413494, 76.27707976480616, 79.1876551052566, 81.60191408948172, 85.7665223980526, 82.56768361548997, 80.17206314013723, 77.29883669714668, 62.53235156584397, 71.15129023962027, 84.02106405601825, 93.25698112546026, 106.12130431588719, 112.38108681364565, 124.79891078760298, 118.67209647769337, 131.45891720385933, 130.74360192840334, 130.62031652995606, 118.46027717777523, 113.07484770674598, 100.86344696235405, 92.12400785926866], [16.764551534908534, 15.49857584865816, 22.055662355480823, 32.42271626516708, 28.415507803444, 25.853456997785614, 25.494216458937526, 50.67669173650409, 55.41293129368626, 62.707816558424824, 71.6466827702479, 79.59695608670718, 73.28243120528285, 65.20929778777791, 58.297362317133675, 9.56365186141701, 0.0, 9.717492046449433, 20.876692305879608, 31.87267547574321, 31.18095316854225, 20.239727468767974, 12.539466379414636, 7.6349593864456144, 11.886687803973782, 47.412662809720665, 54.43389174561645, 62.71787692245704, 70.53701575557679, 76.5794936243878, 75.0729107516271, 69.48026487802953, 63.16796780889607, 56.202732121026415, 51.25712272822572, 27.518856638698075, 38.98134289318984, 50.23205054753241, 55.26382609892642, 63.56452008021085, 67.30100748563324, 71.07551469389729, 74.54148286907191, 71.49653055736528, 60.662217274534804, 49.67387554026066, 41.86184420263985, 81.40382764104845, 77.11363373811447, 76.47944720030048, 80.52305391038065, 81.9170170921556, 86.67015746478415, 95.8972804502276, 97.18796665876351, 96.56066992238127, 94.72224752210816, 91.35099801469069, 87.31030349268394, 81.97232885492238, 81.28104389208858, 85.06338978710232, 88.07128451216495, 92.57382821959868, 88.9906838458302, 86.00326008026859, 82.26297947538008, 54.15837411108643, 64.61996972276062, 79.45978790580216, 90.54604411513351, 104.51432372394846, 112.18609963971151, 125.75926786384285, 123.13566788921898, 136.82953237185637, 136.64216801669255, 136.56397664354444, 124.66697803707571, 119.56706833945852, 107.19975888122445, 98.21291935868985], [20.36469216789775, 15.813410810006866, 18.039235496209756, 27.464242526236433, 25.490662247100975, 26.187312814228456, 28.26190524969817, 58.43351204104783, 63.5155784725342, 71.04110318989139, 79.83571706136313, 87.30581616228531, 81.2552907509779, 73.21083169694752, 66.08274286303647, 19.122650347216965, 9.717492046449433, 0.0, 11.295261205974342, 22.64996679033245, 22.14272998013183, 11.444939834999438, 7.499563651600406, 12.248955196787112, 20.000607807506327, 56.46506092364291, 63.349979712416356, 71.3561298453285, 78.761982402254, 84.50051820166505, 83.29532288716213, 77.95171241061662, 71.81073940657592, 64.88546649523387, 59.957965516691154, 35.07790000442388, 46.139513404395046, 56.596055207760934, 59.409569708977436, 68.03566512726348, 72.69761500681656, 77.28435118454634, 81.03577976552009, 78.4405962591163, 68.56047570959677, 58.001106910738365, 50.50578310144401, 83.69233524526797, 80.74442201139327, 80.8524258251325, 85.75424778790577, 87.63478263286146, 92.60751939444125, 101.71352520022909, 102.5908269658129, 101.54130326662757, 99.05806113316827, 94.98509417890934, 90.5033491163019, 85.12950812156971, 85.34128393028391, 89.95855420434141, 93.51008976399544, 98.26596703958376, 94.36970605191159, 90.83815828601865, 86.26499458991334, 45.36764189542143, 57.036878642733406, 73.5660222606995, 86.3675799707148, 101.32978253175588, 110.38307036484157, 125.0179270818586, 126.14661548678593, 140.62669424171742, 141.04403249373453, 141.1239894629417, 129.71146599798314, 125.16150588336087, 113.10451310724623, 104.55727651352439], [27.02065985633861, 21.05760805363579, 17.96541674599276, 23.826905313695796, 25.059775194841116, 29.257510944145796, 33.16619965896277, 66.63807551386496, 72.06512014025873, 79.82431876207286, 88.37313704677926, 95.16808841757519, 89.47946898603597, 81.53610198040069, 74.2190521701644, 30.007262759376868, 20.876692305879608, 11.295261205974342, 0.0, 11.622276098758881, 11.57930442121918, 5.63726211195488, 12.606158069798543, 21.51779053140101, 29.886311499201735, 66.34235336890558, 73.05520540644581, 80.70167578587264, 87.57923107579519, 92.8825804112208, 91.97978812880599, 86.96293275795895, 81.05492317057428, 74.18931324079124, 69.30348787359935, 43.86651458266316, 54.67680132430884, 64.39931176497123, 64.61008583798909, 73.40638946715376, 79.03630115319346, 84.3699921562409, 88.10641035975105, 85.8552482824154, 77.57281074553984, 67.2400500061909, 59.915589675038646, 86.39159895523125, 85.06546285197707, 85.98312049028917, 91.68107312841194, 93.9854990627965, 99.00822655503208, 107.6842667543464, 108.28473959711647, 106.85305026594352, 103.74672529915094, 99.03519429357661, 94.14650558536866, 88.78897440727624, 90.01785303277353, 95.42296578612803, 99.42163152660353, 104.25149941142932, 100.20243766510478, 96.21965312996105, 90.8564348384824, 34.823428220391094, 47.49305712866087, 66.03314995299723, 80.82245004966836, 96.93285711176199, 107.6064708481411, 123.25888440445318, 128.96773731935227, 143.72456635786148, 144.73402853892824, 144.85346992576677, 134.0210536010228, 130.15003422797702, 118.62910082414392, 110.95190568390208], [34.326262090574836, 28.35617135451944, 22.311869084176635, 22.978094015311214, 27.33122430887237, 33.79167637843002, 38.5335883064563, 73.54658976213511, 79.31421664334283, 87.2800233878707, 95.47095158047155, 101.41217833114489, 96.14061094955046, 88.37587105318477, 80.93933900055156, 40.506015806814055, 31.87267547574321, 22.64996679033245, 11.622276098758881, 0.0, 3.516522187800042, 13.401120955671804, 22.135272420567333, 31.232365485840372, 39.474207186684524, 75.26227387826657, 81.77605355113872, 89.01181691565513, 95.30301388686091, 100.06846051599719, 99.39580585492868, 94.75204101728107, 89.12227999758028, 82.33629214660749, 77.51982314951536, 52.01066947324568, 62.650199315232584, 71.75990392456762, 69.3025824353844, 78.07713595799356, 84.58724868496655, 90.4992593714446, 93.89598738836224, 91.86027104160294, 85.70435329696726, 75.4439851462676, 68.2497991523222, 88.26631957928015, 88.6155080262035, 90.29086982823657, 96.59195764934945, 99.18930009523461, 104.05889656086292, 112.00120326837695, 112.51064151239507, 110.7983670998601, 107.19158083405667, 102.02607584993686, 96.8439629556925, 91.56270180243985, 93.77536808915617, 99.78833428176866, 104.05549848360553, 108.74016769749497, 104.74537255581563, 100.4871939224466, 94.51021975994672, 24.526598583513387, 36.68782409423906, 57.181034036678646, 73.84755430032891, 91.0653014951607, 103.3169299174375, 119.70182060539884, 130.1742416772615, 144.53899416959123, 146.0542328452111, 146.1144940146682, 135.9605400091947, 132.90051271002585, 122.24437784936175, 115.98069620563417], [32.5232682079111, 26.271739064870392, 19.50808158544179, 19.674407438614793, 24.19476674256874, 31.050186639473154, 36.271732130134424, 72.3599956369324, 78.42009336850187, 86.5180606847042, 94.73401823562139, 100.60322073548075, 95.13751204842387, 87.25598117302934, 79.78648796944537, 39.57910843713319, 31.18095316854225, 22.14272998013183, 11.57930442121918, 3.516522187800042, 0.0, 11.792769234476099, 20.519087941441377, 29.829577863351286, 38.18531666508919, 74.63300706303093, 81.29414716484605, 88.69418980573127, 95.16101718024349, 99.9693374032775, 99.06910916315309, 94.31732231737385, 88.58498346322328, 81.66744585526811, 76.76298554463938, 50.25567397423465, 60.36357997572678, 69.11170069628012, 66.31187432172284, 75.06961451532324, 81.67439488130563, 87.73712863183357, 91.3365726240636, 89.56972959338587, 83.41106347940446, 73.53076643403763, 66.85235938013086, 84.98969416550982, 85.41928028006154, 87.1822255207534, 93.62014914141191, 96.33355686785735, 101.31409451981301, 109.40424824837508, 109.67298790441126, 107.84576247982861, 104.11854328405528, 98.834569295754, 93.60694930985467, 88.34075552229824, 90.63393274894726, 96.77496666098251, 101.17774651017993, 106.01071490562741, 101.85877083639006, 97.46641290004877, 91.36342140791429, 27.027620817644692, 36.379100806081695, 55.55658548090825, 71.64478096400566, 88.53675549405804, 100.51065425262888, 116.92704139250127, 127.06728545188275, 142.11478037487444, 143.89877676765457, 144.42618431482504, 134.6616042155964, 132.00789593382808, 121.96365267846448, 116.35129012448337], [23.88470749795478, 17.167375887053822, 12.833208995565647, 19.085327297417642, 19.88255795552851, 24.4967365079023, 29.287966940957173, 64.78031801827126, 70.73305958299169, 78.72650367239801, 87.29859788799656, 93.9337132772111, 87.92754691593801, 79.78981578407378, 72.4142311571694, 28.762750009543698, 20.239727468767974, 11.444939834999438, 5.63726211195488, 13.401120955671804, 11.792769234476099, 0.0, 9.239269046730968, 19.11592485707885, 27.830303661969804, 65.55881138359263, 72.51984623848023, 80.42807210156926, 87.57529403557373, 92.91799758389064, 91.63027172077008, 86.44765603465349, 80.37836547055703, 73.28989415719536, 68.25413957601745, 40.94166206990217, 50.82376171793073, 59.96367030971565, 59.631660544113146, 68.42549816717863, 74.21421285737073, 79.80777306740463, 83.88657485187744, 82.0843703419814, 73.8055806363322, 64.11083919188752, 57.706548414049045, 81.06369058566483, 79.82454146854984, 80.87070968787067, 86.7917652554101, 89.28662382120746, 94.49603782383035, 103.41773432542392, 103.62951422416582, 102.01317328690216, 98.71624969514679, 93.82147643962183, 88.86418593849156, 83.52518229696891, 84.86534178629155, 90.47431327480302, 94.69408416398774, 99.76799325792871, 95.46153293472044, 91.26059232070916, 85.69766776204848, 37.80476757437433, 47.04238952800151, 63.62953609438596, 77.42403542142299, 92.9489759206683, 103.12927625634237, 118.77024815672841, 123.90274167935888, 139.71863738735257, 141.15734960496962, 142.02338021452485, 131.83656400469224, 128.64957469589532, 118.17522105717963, 111.66131412458996], [16.130212548809457, 9.79746955257203, 10.866873098487254, 20.819556908456, 18.1813236879079, 19.30453747189857, 22.760489965557003, 56.89756088551411, 62.86261587527681, 70.81756250213404, 79.5359157501318, 86.50987379346935, 80.15954881123507, 71.88548669719334, 64.59913834110522, 20.065809633981605, 12.539466379414636, 7.499563651600406, 12.606158069798543, 22.135272420567333, 20.519087941441377, 9.239269046730968, 0.0, 10.074441588045861, 18.871957403896424, 57.24391130686153, 64.40066107333722, 72.60811463093113, 80.16070897892978, 85.75490828190792, 84.10735538449225, 78.67083854981993, 72.40693503911203, 65.19033558433584, 60.06816435447101, 32.22830757329493, 42.20436214589139, 51.8977632895047, 53.21369502809142, 61.93550016528458, 67.0888940139107, 72.18878332396181, 76.23666746696648, 74.23069000470419, 65.07763816274664, 55.250555333539026, 48.98826321738415, 76.66994359276643, 74.19057850775704, 74.63331128768873, 79.97263790212118, 82.1562017264273, 87.31395665135354, 96.52534825299824, 96.94363339807404, 95.61091035409635, 92.78099812117152, 88.39182886321625, 83.75053594958621, 78.38046893632118, 78.95601150437683, 83.97639149150062, 87.85889023795244, 92.86436866103428, 88.68167792561792, 84.82177934655114, 79.85079683967074, 46.09917879245, 53.87214853562561, 68.29350032612398, 80.09859057929144, 94.53449302510334, 103.24851852736687, 117.9520201000558, 119.37552328464594, 134.94836020432535, 135.99221212097467, 136.95970052682276, 126.50236266263877, 123.03329956820428, 112.56413194023517, 105.99661711630661], [9.736717439607155, 8.394904309644275, 16.467174208219514, 26.758313346343748, 21.83834635137379, 18.318636373299515, 18.149386336659017, 47.70685496413174, 53.469575755784334, 61.30736780543824, 70.13542223005709, 77.46038481839334, 70.89733915289375, 62.582179575102444, 55.427197552381976, 10.791405323090455, 7.6349593864456144, 12.248955196787112, 21.51779053140101, 31.232365485840372, 29.829577863351286, 19.11592485707885, 10.074441588045861, 0.0, 8.802193119592015, 47.413356248707224, 54.685958392610196, 63.085861486644966, 70.9308342528757, 76.71512513973654, 74.78743410640479, 69.16729822288808, 62.77535939200113, 55.49428733439514, 50.33304373304195, 22.990251786492184, 34.10272680403123, 45.02650003876718, 48.42695780152147, 56.892201534163554, 61.16189027599475, 65.39771286225563, 68.89697987486959, 66.25134737454351, 56.630316940558664, 45.992036602403616, 39.192439167284924, 74.080679397307, 70.20865841013416, 69.85352038034902, 74.2372980713582, 75.84035475175459, 80.65597391289484, 89.81134153527441, 90.85155401788151, 90.03222647592243, 87.94128653106142, 84.37970954648365, 80.22650625377986, 74.86092629884283, 74.48457174974197, 78.56858611298777, 81.78746440290324, 86.39014849332392, 82.67170462391988, 79.47468532603668, 75.43739252752651, 54.22936516506978, 61.190354166026374, 74.00360249259488, 83.99428576663857, 97.45603568752723, 104.7444386740681, 118.20068254079818, 115.86873600969702, 130.09211174414918, 130.3846964111651, 130.99167677537665, 119.92652499731021, 115.85397456299492, 105.05934005126717, 98.23583634021689], [10.504728309457366, 14.49649018464694, 23.780801133379438, 33.443129851382764, 27.614123828964768, 21.47666565585098, 17.906320546465427, 39.82928855486301, 45.33180380256238, 53.02326113404395, 61.939144881205785, 69.59080744702746, 62.83341411081674, 54.50412852242154, 47.52020975900353, 5.983885811504596, 11.886687803973782, 20.000607807506327, 29.886311499201735, 39.474207186684524, 38.18531666508919, 27.830303661969804, 18.871957403896424, 8.802193119592015, 0.0, 38.87438171009096, 46.26283974923498, 54.844429150256914, 62.965826248532544, 68.91263689292936, 66.69239648507182, 60.899400039827086, 54.38847846974004, 47.04677067025933, 41.85081383141143, 15.646942346105389, 28.088599647508257, 40.17262123985051, 45.578137010613084, 53.57067713655443, 56.89124814210145, 60.174653553964745, 63.00145456543131, 59.669170439932245, 49.772718484789856, 38.20695942169056, 30.689871334994937, 72.76251239356452, 67.68210660611327, 66.57445571929624, 69.95847048053128, 70.95411651711422, 75.35428716664586, 84.33661464104972, 86.01706388720929, 85.71355781173419, 84.35648556937512, 81.62540333454093, 77.97734426866329, 72.68182392380396, 71.42389647473345, 74.54834357604463, 77.0670676222346, 81.20211814458469, 78.00215322146937, 75.50166615904931, 72.4172669497717, 61.65399043405817, 67.93063249770881, 79.44578947096029, 87.93484425509352, 100.51401570886102, 106.57603357519788, 118.86511930249559, 113.28348424460441, 126.09718812269278, 125.67253307950917, 125.90794054090922, 114.29625951610458, 109.66199096270964, 98.60326207546493, 91.61155982090298], [45.22734899096427, 51.99173824589138, 61.26381623528544, 69.39069153642947, 63.3249500755779, 55.09973706557385, 47.40750053704681, 20.142929472236307, 16.46280768842681, 18.93732313029637, 27.572545515681536, 37.79415050227526, 31.79824532732185, 25.934375092122405, 22.981636835460826, 38.6029805805774, 47.412662809720665, 56.46506092364291, 66.34235336890558, 75.26227387826657, 74.63300706303093, 65.55881138359263, 57.24391130686153, 47.413356248707224, 38.87438171009096, 0.0, 7.68702945223849, 16.909368272574287, 26.25382372862957, 33.08606561185359, 29.891408233038554, 23.448053783629913, 16.701934545033666, 10.469344558300724, 7.47066485828604, 31.833353418324712, 38.37376789180936, 48.951463059287065, 59.247113358147956, 63.2854885869278, 62.03767178781193, 59.80125166769316, 57.0903139384296, 49.32737938529828, 43.342619964649394, 29.35870891707609, 18.016241276729115, 86.19