{
	"dissimilarities": [[0.0, 8.727319984338717, 15.882483686579157, 24.291386350063885, 19.23611225412004, 11.992161688091517, 7.69256156384458, 41.51132618367046, 47.307740258887506, 55.706980649320656, 64.15498344841949, 70.5341264565023, 64.95612659071341, 56.505891347206244, 48.06943506256861, 17.39903999005425, 18.354298237022874, 21.942571145814295, 27.24850983625773, 33.728123028243076, 31.31934276377009, 24.104271721865423, 17.59264643833332, 11.473094332268346, 10.85261628998639, 44.5833193081767, 52.68961593944015, 60.80230625641562, 68.40681575210444, 73.52574130450994, 71.3643745239548, 65.98803485883148, 58.55699102914546, 51.129052386328596, 46.166869754811934, 17.01220828653949, 25.417377008275167, 36.16528512851318, 39.10094064298027, 48.24241252259458, 53.53389703277792, 58.20075707724394, 59.60094924523317, 56.77234777891693, 48.41647483873721, 37.97023904155976, 33.28227083134089, 65.7072831666152, 62.15220352237342, 61.79154343988735, 66.46881600985732, 67.34907602705438, 72.03967517552975, 80.28244081919273, 81.28631613339805, 80.29389357162651, 78.30948767673551, 75.05579765043362, 70.7140143427673, 66.02316974448753, 65.85927216016493, 69.51313085634236, 72.3766665579168, 77.6560639598521, 73.18286040441717, 70.31705654080909, 66.36972944839734, 58.03182331821541, 64.96055606986432, 78.71382188113095, 94.82484168661105, 89.99767009364734, 94.16965730840343, 104.91728843236682, 105.19996122234235, 115.2137832700789, 117.62257198157637, 121.35158172190525, 121.06894387483723, 102.57202631576624, 99.79792259761359, 93.51917444153896], [8.727319984338717, 0.0, 8.140055728554875, 18.212228835565405, 14.347755333485622, 10.787016977508936, 13.071438249674017, 50.159517382025385, 55.75991014484159, 64.05275973680021, 72.61921112730181, 79.18370352586953, 73.6086985582784, 65.1283628464403, 56.71988748082234, 19.305441134878038, 15.57405896118629, 15.828641067923805, 19.94947354074147, 26.529580418169544, 23.717680837148436, 16.00458365688383, 10.23286520516077, 8.509441583446355, 14.887892539343637, 51.915581262052, 60.154010800267045, 68.41752219570466, 76.1366308339381, 81.46283022048115, 79.44969883676445, 73.96637542370003, 66.49758556574514, 59.089396557857434, 54.01723552327765, 24.1236110430535, 31.183981344685687, 40.632645215359396, 42.99862013574045, 52.42138445211529, 58.11757385396042, 63.54530932592984, 66.15593306085997, 64.16455009329864, 54.65227126001766, 45.42738804277179, 41.23595864177839, 68.11282944358635, 65.43051066645195, 65.8231113151871, 71.2501480218077, 72.86089879238489, 78.03841155812707, 86.90799890235603, 87.16988795328913, 85.54660846553571, 82.88919200920918, 78.80949242980537, 73.94134436444762, 69.00947878903304, 69.86444857439137, 74.2607818386777, 77.86831626977433, 83.90514461621225, 78.65506475240811, 75.05363616911886, 70.27392091856687, 52.51966516720991, 60.953368477977634, 76.32601323462843, 93.94002673673191, 89.51815046402683, 94.81665202443789, 106.80696972051481, 109.34955037988446, 121.51892683531634, 124.6253237851669, 128.84096928304743, 128.68252925405423, 110.98200619118685, 108.00182056390231, 101.18489548690332], [15.882483686579157, 8.140055728554875, 0.0, 10.613997907139185, 8.790080978953835, 11.268919587102264, 17.460737499865637, 57.19438041363183, 63.162851700766545, 71.57483385990527, 79.9779014056518, 86.08920861380967, 80.6037538381781, 72.1779198461313, 63.71182721813586, 26.906390465126943, 21.20784495301076, 17.688221978017886, 17.85652043811859, 21.95058304683167, 18.228270973049554, 12.814537389459753, 11.940425249114915, 15.416229446731164, 22.975142972005095, 59.96104678156534, 68.15085806151185, 76.3053879207647, 83.8241990682278, 88.9500274328172, 87.01013198527137, 81.69118920028006, 74.30703479202977, 66.90617312456898, 61.894007777619365, 31.675299184024862, 37.14405666565156, 45.030964995885775, 45.374772126687354, 54.72209604584193, 61.24087344053965, 67.3534743731561, 70.53019554460627, 69.26890925642282, 60.51658406526391, 52.2776151375225, 48.82561299174241, 67.51915851798665, 66.3159663421432, 67.80522201063249, 73.90797617420088, 76.20155669994271, 81.53312540371168, 90.42887656627413, 90.1189744939891, 87.96104687365388, 84.60510922838513, 79.76869635339062, 74.32275439247904, 69.09896373079754, 71.4729173134127, 76.61313901058621, 80.83328002329095, 87.21009808816021, 81.54822809396714, 77.33278863823219, 71.69170722845003, 47.634465155895874, 54.69334086526652, 70.22968130349226, 88.66741213314957, 84.61284889496197, 91.0556287485061, 104.0861134749401, 109.82155059062424, 123.47219816068908, 127.29000940918071, 131.95482363322958, 132.04083977160428, 116.0261441054759, 113.71207835136848, 107.83054418270213], [24.291386350063885, 18.212228835565405, 10.613997907139185, 0.0, 7.743991276855946, 15.917772064862532, 23.18414020728483, 63.78842803351745, 70.35582181870508, 78.94243735861401, 86.93187965776724, 92.10242543997006, 86.860413836352, 78.65014600169546, 70.15873637713679, 37.375947820738205, 31.465789493257894, 26.363518506281437, 22.98992156949875, 22.21404769209324, 17.925412662706147, 18.441703048406914, 21.51153398604632, 25.947043139143812, 32.992473846396244, 68.83210468892696, 76.81489731242664, 84.6363299901876, 91.67691734081346, 96.296400955036, 94.4321947729433, 89.50833532592256, 82.35438440628289, 75.0122947936315, 70.20067039960225, 40.30873438027323, 44.32424137854238, 50.598974226155704, 47.94765838024519, 56.78991223357957, 64.39968564105902, 71.05946251680159, 74.22702162430268, 73.58347846979555, 67.05324844310161, 59.57281079529762, 56.87115861009763, 65.36753752664154, 66.35069976754816, 69.26846790061639, 75.93755442882608, 78.85018926331111, 84.00348511263928, 92.31498425813314, 91.60003377315378, 89.00709224900432, 84.93432479480698, 79.40726967340427, 73.3352724553059, 67.78258561106684, 72.2131316959026, 78.07502218873101, 82.76308330371916, 89.05496725271327, 83.35430737719179, 78.6595184403707, 72.15109838527408, 43.53898301227062, 45.78933966716644, 60.16943028715213, 79.06838474527491, 75.63240775675966, 83.61534507462315, 97.64777015875228, 107.94637203308916, 122.35016997803838, 126.85197737175099, 131.79228814139856, 132.1268997610503, 118.69497182620452, 117.59456929568607, 113.71906592758387], [19.23611225412004, 14.347755333485622, 8.790080978953835, 7.743991276855946, 0.0, 8.86053205530577, 16.986182297810544, 58.044284759624965, 64.79821526556358, 73.42844507768183, 81.46845763452565, 86.7609677261656, 81.15608514867824, 72.74818680739072, 64.31734554285937, 33.29579065539174, 29.240574448046093, 26.472118447556046, 25.86962114750769, 27.76984777727746, 23.564624426541684, 20.75197285801044, 20.594353574126213, 22.582045820689743, 28.146043908393967, 63.46538992676335, 71.59685254355735, 79.6549838224237, 87.05084165574164, 91.7643041646678, 89.54168656933231, 84.41813298194509, 77.03425656437945, 69.56572162697414, 64.70474310189307, 33.96265651975475, 36.87795215279834, 42.860030392787664, 40.52611653960751, 49.530823366544894, 56.90112846647002, 63.490175283218974, 66.85645677420655, 66.3911329307397, 59.42697294303897, 52.46456262058334, 50.57700525668671, 59.90158994686947, 59.825105694101055, 62.223473211454774, 68.7439918047955, 71.53971252682058, 76.82492497322671, 85.53810478284119, 84.75046604575607, 82.2113298023115, 78.35725093989639, 73.08267994518029, 67.2837105373826, 61.87765070037628, 65.42480606135535, 71.0650520310029, 75.67333859601557, 82.16386740148785, 76.30457254104648, 71.69682095905772, 65.46881237480858, 50.73500732313363, 52.46197980228473, 64.56903122032955, 81.77970799592273, 76.44252980506666, 82.36255964182091, 95.50638161373664, 102.46235195101508, 117.20894760713193, 121.79725250566287, 127.49380788172581, 128.44200510658985, 114.16244931994765, 113.96785863001732, 110.40992130956023], [11.992161688091517, 10.787016977508936, 11.268919587102264, 15.917772064862532, 8.86053205530577, 0.0, 8.54638899632219, 49.4931216210269, 56.24219055427715, 64.8651194277806, 72.95786926209094, 78.45600866622796, 72.66524802878268, 64.15268541950027, 55.74978187419615, 27.42212639711496, 25.99330656323895, 26.24253709446459, 28.538906851927987, 32.69010042470575, 29.034523772125556, 23.79758834878415, 20.244288312722336, 18.480850878140597, 21.306725904955975, 55.07847604992194, 63.22078479468581, 71.34963308262581, 78.91765814800657, 83.6886361802237, 81.25968332016464, 76.02534088337174, 68.54008977979596, 61.02795936852675, 56.16835512787629, 25.39368524371618, 28.597880927733037, 35.78196675472094, 34.90142471514374, 44.147031119683845, 50.90505544474868, 56.89794814375974, 59.65680445401941, 58.58377475844224, 51.35885814317679, 43.71242570490193, 41.77492094820319, 57.85116751392758, 56.10198358540726, 57.368315996740755, 63.23158130962775, 65.35575390765817, 70.4856397772106, 79.18732731722761, 78.95392386974518, 76.95029394894557, 73.80406700377748, 69.33822214114807, 64.14718258768889, 59.027290354856916, 60.94698829112068, 65.84321714127523, 69.84127220190135, 76.00079142766265, 70.5423685308646, 66.54727289689866, 61.18670834848061, 56.52567337566564, 59.10402523444228, 70.4146117307952, 86.25192831684781, 80.14297366661326, 84.39026745690553, 96.18152572264319, 99.32404385249303, 112.5937982973003, 116.5613433365514, 122.0764798229472, 123.02552171811146, 107.23164786250018, 107.02298879963963, 103.23165386208152], [7.69256156384458, 13.071438249674017, 17.460737499865637, 23.18414020728483, 16.986182297810544, 8.54638899632219, 0.0, 41.080315023499494, 47.84426308525502, 56.49256961402482, 64.51126346017334, 69.97989114251018, 64.27833002302991, 55.83324021791401, 47.38836881339034, 24.367458763239874, 25.72168283184267, 28.35826992312064, 32.2960995895681, 37.31591964068615, 34.333228301279696, 28.44564503549396, 23.227642540833905, 18.412896923036826, 17.368047389897026, 47.43646765759523, 55.362430533897424, 63.27069084436674, 70.65935664779491, 75.28884262750215, 72.84188806907916, 67.72012165545547, 60.34386459951837, 52.88956435119863, 48.154883342389624, 18.89750781547418, 23.86069768773763, 32.976549711507325, 33.40365322920194, 42.410148195937786, 48.52609531540654, 53.553428598910884, 54.871166764465656, 52.61774402829654, 46.30568167459196, 36.96328993410069, 34.1096578996338, 58.577695471361714, 55.670853427713816, 55.90332765717095, 60.83500943990762, 62.02030755368591, 66.60821839668968, 74.6171008140562, 75.3591643717129, 74.15681143665694, 71.86744273416463, 68.41083188203439, 63.867853674915175, 59.04597071508902, 59.610477667554186, 63.56946212127456, 66.64273912898464, 71.90452849503075, 67.38447415714981, 64.30492174270697, 59.99848811012945, 60.361398327058055, 63.38010723231196, 74.37094220774439, 89.1765721368205, 83.31093789328881, 86.777503346233, 97.29048149105918, 98.0656793353152, 108.5920832865776, 111.55958300643908, 116.13364753650954, 116.60432061777777, 99.56378991710655, 98.85267163284364, 94.94482074843535], [41.51132618367046, 50.159517382025385, 57.19438041363183, 63.78842803351745, 58.044284759624965, 49.4931216210269, 41.080315023499494, 0.0, 8.419876850237836, 16.703162133117942, 23.732445113185346, 29.56259853640586, 23.464302147650482, 15.094325716427152, 6.659558622150646, 42.957864722201194, 51.8690888574013, 59.49078554692963, 66.42238904858827, 72.99615810386867, 71.51037215414509, 64.65327489077104, 57.32233981213995, 48.90787824749871, 39.738699980055046, 20.700456033161828, 23.56834933025302, 28.34558469922584, 34.38373725094516, 37.74625173828759, 34.091674863307375, 29.63212695446051, 23.26562336107765, 17.392760976121906, 15.881398962861367, 29.57309928889385, 33.04390771154462, 41.23578537822198, 46.94311343472535, 50.571014255313536, 50.847805260774074, 49.20569258224454, 42.59206705404364, 33.7078551426183, 35.017096968027055, 21.031097114841963, 15.073687325182416, 72.77194281478435, 65.06509175323662, 60.34680777264408, 59.50341039202158, 55.592994941261516, 56.43103223811528, 59.74481804138064, 65.4568947612746, 68.57056690643309, 71.08160245634782, 73.02495401538059, 72.43273418893003, 70.08185044853654, 63.950863298607494, 62.41613170343504, 60.16371591780893, 59.96992452528834, 61.010153489256616, 63.19413236394636, 65.0144476639307, 92.7087154509911, 96.43646465153687, 104.54333481067836, 114.04780291158566, 107.83243567746527, 106.63570411609922, 110.81074098941899, 97.95078627328496, 95.34134675433732, 93.07004360183151, 93.56212528535904, 92.41804961561829, 67.03163778229191, 64.72054430287218, 60.55033413805914], [47.307740258887506, 55.75991014484159, 63.162851700766545, 70.35582181870508, 64.79821526556358, 56.24219055427715, 47.84426308525502, 8.419876850237836, 0.0, 8.720463503984295, 16.938090240423094, 24.959448962057575, 19.242378217299645, 11.940323537379921, 7.561700589420478, 46.1553778540286, 55.42849592362935, 63.503300400131934, 70.85712000781443, 77.84498521405114, 76.70317654023172, 69.55711679593055, 62.00766486575802, 53.47832116590937, 44.094058200769545, 16.294985527047547, 16.448489219497365, 20.09430165499386, 26.245078384088337, 30.063221512118226, 26.23614925474413, 21.322491646283044, 14.88555292626784, 9.736037115466745, 10.289066223656501, 34.68598899313769, 38.949925191330486, 47.27512359219806, 54.303377117044576, 57.718261244836945, 57.118967204290726, 54.772594270884, 47.94961145469424, 38.70253780143085, 38.87013304449303, 25.427129078840363, 18.505961777420218, 80.5661638692488, 72.29979103036669, 67.00493938405464, 65.58619251015715, 61.172376460015464, 61.69887304056003, 64.57814876477708, 70.77507323889553, 74.35848709394216, 77.44696800942305, 79.90492131275263, 79.72861337904592, 77.64535525082734, 70.74840308577977, 68.64036025353725, 65.86042884574353, 65.17373127895583, 66.73346383162385, 69.44675007749184, 71.91379580572693, 97.37124408722727, 102.84085972262682, 112.01571150536802, 121.80966707294648, 116.07400900778165, 114.90581361889305, 118.73374587661876, 104.37665934634857, 100.10640899806614, 96.79544796278853, 96.04349181828576, 94.05410841750017, 66.44651883168424, 61.62747795143736, 54.65941347938726], [55.706980649320656, 64.05275973680021, 71.57483385990527, 78.94243735861401, 73.42844507768183, 64.8651194277806, 56.49256961402482, 16.703162133117942, 8.720463503984295, 0.0, 9.220603878073383, 19.334300705232682, 14.418016315049515, 10.70788727327053, 12.954297817055853, 53.29911391443783, 62.73623205803575, 71.02934571826455, 78.57430127832365, 85.72187694511925, 84.76049418962079, 77.51448229552886, 69.87844497611586, 61.32218243920037, 51.87512386503522, 18.91381371828609, 14.750399882284514, 14.485642724655987, 19.381941524807488, 22.823801669786608, 18.2911171903665, 13.405194427600744, 8.472057066128924, 8.660078535328303, 13.069574855681614, 42.69247473346109, 46.55820229033407, 54.16677462078854, 61.66598796505217, 64.3881881273843, 62.90911519415677, 59.64679868897141, 52.14015821142208, 42.5630277268953, 43.4567930677186, 31.66024806170667, 25.856221303085146, 87.35873645789354, 78.60321182186745, 72.74552800956202, 70.50444700379173, 65.45106818115092, 65.32758931025184, 67.24241676789522, 74.09629142124814, 78.3211896182156, 82.14736311427727, 85.36503584215629, 85.78290293363723, 84.10558719033101, 76.40573163900297, 73.52090142345908, 69.97722447136972, 68.38803294539964, 70.84011001410758, 74.31513495078352, 77.64758795274868, 104.86324959280033, 110.8859291612029, 120.06996341080452, 129.39274237555708, 123.7455647336908, 122.07695946138253, 125.07011781748044, 108.62086470725174, 102.06384462483649, 97.61694445520467, 95.77232626994216, 93.24559487902067, 63.632897736998814, 57.413012583157574, 49.02653024806219], [64.15498344841949, 72.61921112730181, 79.9779014056518, 86.93187965776724, 81.46845763452565, 72.95786926209094, 64.51126346017334, 23.732445113185346, 16.938090240423094, 9.220603878073383, 0.0, 11.185851856995294, 8.685260043378552, 12.039984631400031, 18.395268047881608, 62.42670511148819, 71.74257220584579, 79.86884880867409, 87.19549637508665, 94.02704107706072, 93.10098506816806, 86.16260446607578, 78.69085605454376, 70.21129265378836, 60.83971724510107, 27.717231068384464, 22.054642515615278, 17.94018823329457, 18.158717215374796, 18.516674531190205, 13.42943861384157, 12.106070031830065, 13.244604662682274, 17.267998745019586, 22.142753556705024, 51.47523100760393, 54.6248480291816, 61.28452782292726, 67.96521058787476, 69.76688778800604, 67.90829011581172, 63.84336578517209, 55.06374871492308, 45.132286256169344, 49.21359151469501, 38.976215905552465, 34.548592216525726, 91.77152053788984, 83.080655720246, 77.04055348982827, 73.97903852711836, 68.31710748098864, 67.15122816076472, 67.22585038486449, 75.00784478643811, 80.00290488849981, 84.53861567856954, 88.58901743094579, 89.56263097442533, 88.26725656754417, 80.26332754154704, 76.64599006111357, 72.22782040591268, 69.18652663734225, 73.01252517674246, 77.35622876199612, 81.48552256813562, 112.17295379427748, 117.17424787598637, 125.25631728553905, 133.33291299175463, 127.81185542159827, 125.54266680002135, 127.32949184893576, 109.56499966094056, 99.58255190774551, 93.78955669423638, 90.5162223278379, 87.45319254720022, 56.47342893783264, 50.10618152084541, 43.31273218152257], [70.5341264565023, 79.18370352586953, 86.08920861380967, 92.10242543997006, 86.7609677261656, 78.45600866622796, 69.97989114251018, 29.56259853640586, 24.959448962057575, 19.334300705232682, 11.185851856995294, 0.0, 8.047877997639938, 16.56793765579331, 23.62115703950395, 70.93853836572323, 79.87140021402266, 87.48431861707303, 94.2234295860288, 100.31643696981992, 99.2954457325543, 93.03374483432891, 85.97415371736211, 77.7118908072586, 68.59989531516952, 38.21548183710573, 33.03568341282199, 28.36383913761411, 25.67574086642471, 22.55446710112347, 18.938727222636427, 21.380914634837982, 24.29139011281113, 27.872755670120043, 32.32944049567289, 58.92895793488539, 61.28920001600407, 66.9825160714243, 71.7446294884738, 72.59823829987886, 70.99829262893235, 66.49987425201279, 56.217279279552265, 46.102788822719745, 54.89882119339236, 45.78042617228898, 42.60427880387597, 92.47652472024953, 84.53390651237676, 78.83069124359416, 75.18927015501913, 69.15414392202216, 66.76641760093011, 64.36529854105719, 73.16378796585353, 78.86829705028435, 83.87243789196407, 88.60400184053152, 89.9371398284065, 88.9058655827002, 81.30758272111993, 77.22348956449467, 72.05590109156782, 67.27398203318954, 72.69699448933956, 77.78362827694603, 82.39661655409463, 116.96735114770826, 119.54713267304638, 125.5697137691288, 131.79597588632313, 126.5049091497982, 123.72488722720276, 124.1587437691066, 106.50941136222187, 92.43166351576437, 85.28295626013629, 80.32896163392697, 76.75810396737936, 45.32929614835965, 40.861069960311845, 40.23153863125585], [64.95612659071341, 73.6086985582784, 80.6037538381781, 86.860413836352, 81.15608514867824, 72.66524802878268, 64.27833002302991, 23.464302147650482, 19.242378217299645, 14.418016315049515, 8.685260043378552, 8.047877997639938, 0.0, 9.063989225271232, 17.041819910160005, 65.22489605527784, 74.4831749484534, 82.36193861514064, 89.38190311897401, 95.83117697625413, 94.57015149998512, 87.8957450861958, 80.56268727304284, 72.09806226616669, 62.76462881694782, 32.94057325364877, 28.859824221936922, 26.2696018198789, 26.657037901741013, 25.870894660861037, 21.14790120648957, 20.76400968370276, 20.894291487288797, 22.950145653461245, 26.90325058878635, 52.44922257592699, 53.979909669576855, 59.29342845409111, 64.56049618119384, 65.43245306028058, 63.54261609487723, 59.07296118277386, 49.25773022618949, 39.168640796955614, 46.87615423948254, 38.038110779660826, 35.73442730696444, 86.24919738081455, 77.77516591036661, 71.80817753036368, 68.28976953273661, 62.36071211460968, 60.500640726589076, 59.45847239033315, 67.67690866369692, 73.01660766727672, 77.83139208207945, 82.32354229120679, 83.61327534482142, 82.58204220460928, 74.57877240527671, 70.59164759772358, 65.7117388560963, 61.80822815880719, 66.42266754350489, 71.21883734577236, 75.74208670415946, 113.90539157700915, 116.56744393697761, 122.58368256295977, 129.20946304279508, 122.86985863001364, 119.59650644851824, 120.50134766399954, 101.855929427795, 90.9371935339701, 85.20086450497149, 82.72381877309215, 80.69268644351504, 50.47383888575321, 48.51364430681841, 47.216266292022894], [56.505891347206244, 65.1283628464403, 72.1779198461313, 78.65014600169546, 72.74818680739072, 64.15268541950027, 55.83324021791401, 15.094325716427152, 11.940323537379921, 10.70788727327053, 12.039984631400031, 16.56793765579331, 9.063989225271232, 0.0, 8.517864508668413, 56.85356043099593, 66.2221893866463, 74.19402851490409, 81.34910507751002, 88.0202835984526, 86.59170271419956, 79.65413188572256, 72.17652544303952, 63.621979451433994, 54.20778840153903, 26.486721501054863, 24.51223785494727, 25.01702543392651, 28.577845028744306, 30.023315660090258, 25.216314893730328, 22.27483159350829, 18.81814478249511, 17.756707851249764, 20.379240757769267, 43.56133062562839, 44.94887763946671, 50.659754759894724, 56.41626848988115, 57.92860638738105, 56.33405657676934, 52.50544132945523, 43.64996263929323, 33.6688160832289, 39.18614656195674, 29.21637082757905, 26.86344062035124, 79.73804013948592, 71.09982981623389, 65.23434847908771, 62.4118800770159, 56.99491995027869, 56.1218866177041, 56.99943134053039, 64.28280662259733, 68.87454101437885, 73.02787008250766, 76.77433894911252, 77.58739580883824, 76.23525057781828, 68.40221495023087, 65.0442789022721, 60.95466901584358, 58.48817724550023, 61.74690034488218, 65.75327841326316, 69.59294342273284, 107.18337767550919, 110.18599429022797, 116.72096904193737, 124.25250251310861, 117.42305675205242, 114.40535250542364, 116.35996391366929, 98.61465147633706, 91.43861687260369, 87.29590155028677, 86.73808546031745, 85.59621846107292, 57.158836873597664, 55.897940815646656, 53.39157103819637], [48.06943506256861, 56.71988748082234, 63.71182721813586, 70.15873637713679, 64.31734554285937, 55.74978187419615, 47.38836881339034, 6.659558622150646, 7.561700589420478, 12.954297817055853, 18.395268047881608, 23.62115703950395, 17.041819910160005, 8.517864508668413, 0.0, 49.2141252732528, 58.33053764650641, 66.08160269103641, 73.07440531353657, 79.64041191198861, 78.14943525015146, 71.29632460668753, 63.922141947884896, 55.45310705550321, 46.18104335656398, 22.887236937058283, 23.569715083065322, 26.62988447288559, 31.737221739120436, 34.29717616612053, 30.13002793816469, 26.23122467181062, 20.816476930498137, 16.658558367562964, 17.09806179190487, 35.66554284679569, 37.87774626454889, 44.747873580690346, 50.33645823895327, 52.89868993319186, 52.33108853459269, 49.65013239785643, 41.83259606837495, 32.251229546754864, 35.93918187311833, 23.729949638913293, 19.911993086329055, 74.91791684586892, 66.78634354636677, 61.5391585772352, 59.76893766206361, 55.140748110594274, 55.17956936188822, 57.38799689898717, 63.84489398656001, 67.63972636794881, 70.89615425243836, 73.67839906056825, 73.73079249953676, 71.83623519421731, 64.92233211936261, 62.54006674692585, 59.427779769414045, 58.178511067408465, 60.24988640342631, 63.28437144272053, 66.04145205445029, 99.0577568368174, 102.20018960803996, 109.37748957774, 117.85208809888093, 111.28024037751727, 109.17652538446967, 112.29478352318698, 97.22797154347943, 92.59440715842385, 89.5557760533329, 89.69014705841387, 88.63083515882599, 62.0567375394135, 60.484906966414854, 57.363123698532135], [17.39903999005425, 19.305441134878038, 26.906390465126943, 37.375947820738205, 33.29579065539174, 27.42212639711496, 24.367458763239874, 42.957864722201194, 46.1553778540286, 53.29911391443783, 62.42670511148819, 70.93853836572323, 65.22489605527784, 56.85356043099593, 49.2141252732528, 0.0, 10.52309425464326, 20.086991928694975, 29.28687468080124, 38.86078225620429, 37.71340507065683, 28.130413233550236, 19.537141786893418, 11.659996600144058, 7.181812984501129, 37.54788361310445, 45.87738993175905, 54.6153273035143, 63.1864646377665, 69.57025112621493, 67.54966486700485, 61.33981367516883, 53.67842152572013, 46.57519200544574, 41.29176566252776, 17.487823006145735, 28.331831108646615, 40.214824680451386, 48.411323694502684, 57.20521546107454, 60.120862765298114, 63.690159899536084, 65.65056636009152, 62.179463629891764, 48.87741499690058, 38.00706458880914, 31.340663007488708, 78.26770034777172, 72.43522741092723, 70.29446899288274, 74.09910142456563, 74.23788936670515, 79.23395632895118, 88.41946297499999, 89.66641686917723, 89.08432561224599, 87.9586338671851, 85.41991029451614, 81.91135137077872, 77.82408319187688, 75.2319221417435, 77.90330750742078, 80.22776314610712, 85.79799364715726, 81.19195717911363, 78.87876094832077, 76.0926662976293, 64.73427036708775, 78.08991217894688, 94.79499171830908, 111.90468036160284, 107.15112095027659, 110.70597241706685, 121.09552706389275, 116.93570627199429, 126.83054843975181, 128.4225127511554, 131.64008045714522, 130.7738217241067, 108.61939066872078, 102.89528237048229, 91.8132298494183], [18.354298237022874, 15.57405896118629, 21.20784495301076, 31.465789493257894, 29.240574448046093, 25.99330656323895, 25.72168283184267, 51.8690888574013, 55.42849592362935, 62.73623205803575, 71.74257220584579, 79.87140021402266, 74.4831749484534, 66.2221893866463, 58.33053764650641, 10.52309425464326, 0.0, 9.715056009579515, 19.1457616969727, 29.10271211672544, 28.277486869465626, 18.630162650397608, 10.789417961967226, 7.625755283901325, 13.353997351072787, 47.359665343411315, 55.4313797866837, 63.80735260443957, 71.87258469029393, 78.07019532901771, 76.46689577510126, 70.54880238552653, 63.17590711540021, 56.19873468799771, 51.02018962996368, 26.050821112818802, 35.97640647916918, 46.960822365723985, 53.32397572123312, 62.584948932162, 66.55847374228351, 71.0179522782393, 73.57467149259891, 70.63914132648507, 57.93453521185865, 47.63612349826231, 41.24016274519688, 81.27283070827794, 76.88413627173031, 75.86305537628988, 80.51264114266185, 81.37056710124831, 86.61417016850191, 95.87848916749614, 96.66913077046804, 95.56266724354728, 93.6936405120503, 90.30046051921632, 86.08185171354994, 81.56490886307309, 80.55155815602839, 84.09125880378892, 87.10017934523648, 93.05671075778231, 88.00929751974606, 85.01269798428847, 81.23099327548829, 55.57176968302415, 70.91996056941217, 89.67428406017035, 108.41985320454917, 104.94861935754233, 110.32913980112595, 122.0484084098378, 121.75761404921883, 132.84174800373262, 134.9109029977392, 137.96230833323602, 136.77845319998926, 116.05221680751248, 109.82781273198528, 98.70434780844566], [21.942571145814295, 15.828641067923805, 17.688221978017886, 26.363518506281437, 26.472118447556046, 26.24253709446459, 28.35826992312064, 59.49078554692963, 63.503300400131934, 71.02934571826455, 79.86884880867409, 87.48431861707303, 82.36193861514064, 74.19402851490409, 66.08160269103641, 20.086991928694975, 9.715056009579515, 0.0, 9.519406926145974, 19.70768893916963, 19.179474654188887, 10.004048075344352, 6.3656201494907005, 12.249848475971692, 21.272302532590118, 56.371503469782716, 64.27624690691022, 72.34731384405326, 79.94530108792138, 85.8509938405086, 84.53129607788445, 78.91943095774708, 71.77179647061544, 64.84128292345137, 59.75947379570092, 33.92882191785369, 43.06130742696029, 53.21852039109059, 57.67785327854056, 67.1346529310975, 72.06940263751154, 77.21968832169212, 80.08085587135743, 77.57103614906217, 65.86905096202041, 55.93348052667259, 49.822183478516855, 83.31899141233477, 80.3940435946367, 80.43198956187372, 85.75070316087194, 87.19587580571383, 92.53699237969553, 101.67459343138071, 102.11782825942065, 100.59229450732447, 98.08293179257758, 93.98694654456688, 89.15976501638652, 84.28363744271107, 84.78310002774754, 89.04496068891196, 92.58510754772901, 98.7333161594517, 93.42934885584424, 89.89860143843639, 85.27787158558984, 46.75285104846824, 63.35559816045393, 83.72798942103387, 103.79395464079516, 101.58296343303681, 108.67167075806599, 121.50237276710037, 124.9996529593426, 136.9141536083918, 139.41832952951748, 142.33423112044485, 140.9352345168119, 121.81501201465028, 115.52462489955069, 104.96406751855328], [27.24850983625773, 19.94947354074147, 17.85652043811859, 22.98992156949875, 25.86962114750769, 28.538906851927987, 32.2960995895681, 66.42238904858827, 70.85712000781443, 78.57430127832365, 87.19549637508665, 94.2234295860288, 89.38190311897401, 81.34910507751002, 73.07440531353657, 29.28687468080124, 19.1457616969727, 9.519406926145974, 0.0, 10.325760158780417, 10.39628055634793, 5.608709811546769, 11.726477522842995, 19.99347743381671, 29.44120073247849, 64.80034394921427, 72.53831475314131, 80.29726551849296, 87.41658528865594, 92.96942273662786, 91.89005456652922, 86.61148103809671, 79.69349609750178, 72.8107874716683, 67.84637508593117, 41.63828176287961, 50.16628340734638, 59.6267119707515, 62.23578784945344, 71.69442543256537, 77.49209242617752, 83.15787282739194, 86.07543785595975, 83.8670795539607, 73.44059467507687, 63.6953143892494, 57.7903111290461, 85.31070364869292, 83.86080789041148, 84.88973883043604, 90.72144508800378, 92.62876539637682, 97.93578664577515, 106.75149534627506, 106.9676343997166, 105.129257677284, 102.08074715639367, 97.42053246447072, 92.07310974940742, 86.89498304024706, 88.84034308082512, 93.69076860450808, 97.619840785775, 103.77628084369967, 98.39237221358871, 94.46669542023167, 89.15063842083639, 37.940041243547185, 55.37719013202055, 77.2593753541816, 98.49609715048008, 97.70999763967298, 106.53809823320248, 120.31911220151551, 127.6474355098021, 139.97385860597515, 142.81671695024073, 145.4973976611348, 143.86942897970323, 126.46340513470483, 120.2498141766479, 110.53659612139707], [33.728123028243076, 26.529580418169544, 21.95058304683167, 22.21404769209324, 27.76984777727746, 32.69010042470575, 37.31591964068615, 72.99615810386867, 77.84498521405114, 85.72187694511925, 94.02704107706072, 100.31643696981992, 95.83117697625413, 88.0202835984526, 79.64041191198861, 38.86078225620429, 29.10271211672544, 19.70768893916963, 10.325760158780417, 0.0, 4.637738114984393, 12.488732537328033, 20.741203382395557, 28.883221706583925, 38.10554155735789, 73.12160186381175, 80.63395601462899, 88.00209005121472, 94.54576853469865, 99.6366148104068, 98.80113025428602, 93.93871387204321, 87.31115283277542, 80.51263614348039, 75.71929046709597, 49.61338725459141, 57.684466868409054, 66.56697879041653, 67.26692779154416, 76.55784256385662, 83.19093517910434, 89.22606776495078, 91.91736787641976, 89.88215219512861, 81.15529760477366, 71.43042840709796, 65.65596901300025, 87.41270941918879, 87.54205643406183, 89.54985651680535, 95.75900148045748, 98.01680261712549, 103.13315198685031, 111.35906068013387, 111.48807602447, 109.44610593128694, 105.94096617859654, 100.8422242401851, 95.03700686565271, 89.59317521124757, 93.0060401132723, 98.33569902872854, 102.51515518432008, 108.45600352609817, 103.20297854347933, 99.01742279321594, 93.1198165613033, 28.386684600894558, 46.051147291445034, 69.54660885260941, 91.88813348072176, 92.93022707560927, 103.70714422403147, 118.30034228895835, 129.83165314228208, 142.01852533397582, 145.07927520249754, 147.32165135965644, 145.38152414297264, 129.96471104125095, 123.92436869059729, 115.41094588828445], [31.31934276377009, 23.717680837148436, 18.228270973049554, 17.925412662706147, 23.564624426541684, 29.034523772125556, 34.333228301279696, 71.51037215414509, 76.70317654023172, 84.76049418962079, 93.10098506816806, 99.2954457325543, 94.57015149998512, 86.59170271419956, 78.14943525015146, 37.71340507065683, 28.277486869465626, 19.179474654188887, 10.39628055634793, 4.637738114984393, 0.0, 10.27296190269481, 18.80267379017011, 27.028926797161184, 36.36301675255954, 72.35490896347288, 80.07730493618855, 87.66692526396179, 94.45149635537946, 99.54596623241162, 98.45790546936239, 93.48766758297249, 86.6588461188487, 79.68319269478343, 74.81287833099344, 47.43988589675386, 54.72314164036261, 63.07632934323445, 63.334044697714816, 72.58681472237615, 79.34661304525721, 85.56748187615575, 88.563012550735, 86.89963090338206, 78.20603129272487, 69.04258995716087, 63.92208056572475, 83.06162484755316, 83.29494399587476, 85.46473615764427, 91.82465616772929, 94.27890201299132, 99.50544804457829, 107.93179116881898, 107.78099330069948, 105.55185386883397, 101.88451779503649, 96.62756057615151, 90.75459810840854, 85.30103708968608, 88.8767067930569, 94.3592958348318, 98.7229336617877, 104.88460327756101, 99.39951646071488, 95.03188684405309, 88.96568031776101, 31.35348834667293, 45.852875038327724, 67.80595220149091, 89.67709140618936, 89.71270244025058, 99.9278795322963, 114.52873173385744, 125.70640746930117, 138.75138007466225, 142.21226954884855, 145.1755388761328, 143.7891263280623, 128.66441743663438, 123.6581436788056, 115.94458856868025], [24.104271721865423, 16.00458365688383, 12.814537389459753, 18.441703048406914, 20.75197285801044, 23.79758834878415, 28.44564503549396, 64.65327489077104, 69.55711679593055, 77.51448229552886, 86.16260446607578, 93.03374483432891, 87.8957450861958, 79.65413188572256, 71.29632460668753, 28.130413233550236, 18.630162650397608, 10.004048075344352, 5.608709811546769, 12.488732537328033, 10.27296190269481, 0.0, 8.815920681851502, 17.56965244215619, 27.30299495730527, 64.07308222291537, 72.07415061592975, 80.09801485782015, 87.49526280329448, 93.01962132038022, 91.6219737679364, 86.228525414815, 79.06564132180537, 71.95717992148228, 66.9020232354501, 38.9101422932522, 46.38174376375738, 55.198000732244424, 57.28403050056277, 66.72744092373183, 72.68758943933652, 78.59505124900696, 81.89397436548205, 80.15193238804483, 69.77193966943211, 60.74114073012083, 55.71723990492865, 79.97624470148574, 78.60804700411114, 79.8163055991592, 85.8352538983786, 87.98292682229149, 93.43034047597286, 102.49581921572843, 102.37200786462348, 100.30737623780556, 97.06538305940234, 92.22090633434354, 86.79871197909164, 81.61213571607304, 83.72438443704563, 88.75893486809011, 92.91344045953491, 99.34297506749961, 93.67315827108379, 89.52517883897227, 84.00792024063257, 40.750966824359445, 55.075774996285986, 75.1991641184721, 95.80263529425083, 93.86238976814147, 101.97717066337097, 115.71475910811998, 122.56909870740822, 135.90405434461624, 139.228208148444, 142.77535667226522, 141.81648006845444, 124.82319298707729, 119.91385998425875, 111.28082619669189], [17.59264643833332, 10.23286520516077, 11.940425249114915, 21.51153398604632, 20.594353574126213, 20.244288312722336, 23.227642540833905, 57.32233981213995, 62.00766486575802, 69.87844497611586, 78.69085605454376, 85.97415371736211, 80.56268727304284, 72.17652544303952, 63.922141947884896, 19.537141786893418, 10.789417961967226, 6.3656201494907005, 11.726477522842995, 20.741203382395557, 18.80267379017011, 8.815920681851502, 0.0, 8.963732290904607, 18.81379991943217, 55.9298004111874, 64.1073744144567, 72.40778568033404, 80.20999704410734, 85.97154243174327, 84.31183351914262, 78.65412491987863, 71.2705530048392, 64.07403481508342, 58.9175005042328, 30.716501062585643, 38.66413634346342, 48.19800427197994, 51.86367436602399, 61.34265309852879, 66.58583094008387, 72.0320761679537, 75.19868126291654, 73.17272915194181, 61.857826199892045, 52.61856317301513, 47.54181429629553, 77.03330157435644, 74.29688037635064, 74.59582870732186, 80.13402854417961, 81.84036694292281, 87.28592799841552, 96.58424700324231, 96.7032353106087, 94.95057735091581, 92.21726037877959, 87.92512567761534, 82.98871434928881, 78.07208375924624, 78.8532650590042, 83.3360805717648, 87.1089183378293, 93.48044793119436, 87.93085360494852, 84.16958264618063, 79.30293870397315, 48.485309148361395, 61.885693833534305, 80.40964357116799, 99.7436959630778, 96.46997531836577, 102.89203245624284, 115.64212196952607, 118.93880077995325, 131.74187881390725, 134.74852566122965, 138.52115323929468, 137.80975518626818, 119.38709241584357, 114.62812716524486, 105.57413114822593], [11.473094332268346, 8.509441583446355, 15.416229446731164, 25.947043139143812, 22.582045820689743, 18.480850878140597, 18.412896923036826, 48.90787824749871, 53.47832116590937, 61.32218243920037, 70.21129265378836, 77.7118908072586, 72.09806226616669, 63.621979451433994, 55.45310705550321, 11.659996600144058, 7.625755283901325, 12.249848475971692, 19.99347743381671, 28.883221706583925, 27.028926797161184, 17.56965244215619, 8.963732290904607, 0.0, 9.857976863967881, 47.33494461001104, 55.64468268258636, 64.12658969193875, 72.20161153459563, 78.04932429454942, 76.12727173822576, 70.31303472271681, 62.762713311720624, 55.47195756769449, 50.26174037097049, 21.972749034009446, 30.918842386971008, 41.53442040747289, 46.60281081856014, 55.95518995149774, 60.5162613931782, 65.32845641348683, 67.93511885757553, 65.40375207808431, 53.82551317846708, 43.95934251241118, 38.64503434509096, 73.92305662086113, 69.94693794618442, 69.33283176618406, 74.23215095490306, 75.34529628806743, 80.58872535572361, 89.78520860156506, 90.35219421296983, 89.05985763709756, 86.93884039036982, 83.35369488857114, 78.9624472704394, 74.33577470429597, 73.82453803646574, 77.62873866130931, 80.84116954652973, 86.86549979789194, 81.71104128686754, 78.5099458621437, 74.42446961990767, 55.62538503065734, 67.53245072438254, 84.34729779691621, 102.25701021915998, 97.97456825770969, 102.86660533133593, 114.46538906894047, 114.56874751938709, 126.15474879033985, 128.68665057511905, 132.440684375014, 131.8742140843112, 112.25390467135423, 107.7532498416074, 98.71160279074442], [10.85261628998639, 14.887892539343637, 22.975142972005095, 32.992473846396244, 28.146043908393967, 21.306725904955975, 17.368047389897026, 39.738699980055046, 44.094058200769545, 51.87512386503522, 60.83971724510107, 68.59989531516952, 62.76462881694782, 54.20778840153903, 46.18104335656398, 7.181812984501129, 13.353997351072787, 21.272302532590118, 29.44120073247849, 38.10554155735789, 36.36301675255954, 27.30299495730527, 18.81379991943217, 9.857976863967881, 0.0, 37.93327999012399, 46.37938284950361, 55.04909468087537, 63.420971617816264, 69.3397178286162, 67.10142216034991, 61.119251683396115, 53.38516964904483, 45.99077186790565, 40.729050767018634, 12.810594155699453, 23.727787714534813, 35.76332094316389, 42.56238915678616, 51.474802204370384, 55.0721894657376, 58.93580957731463, 60.64849314841328, 57.35984820009554, 45.66276797020444, 34.73614484289782, 28.86750667885278, 71.87592328409553, 66.51496672345739, 64.78254957709179, 68.78039300503349, 69.08193711594696, 73.97243664001633, 82.89231696757618, 84.0875271084171, 83.42110842704244, 82.10005051435725, 79.44358037403197, 75.76486027065224, 71.54264363892104, 69.48394665520989, 72.37100495151341, 74.80072757639603, 80.26387070469396, 75.72185248987955, 73.2994049237623, 70.25839373515245, 63.72577648775645, 74.25102667491943, 89.34112052749761, 105.67677958960144, 100.4901067118632, 103.77915836398736, 114.0104174974364, 110.57608288845397, 120.46710450871281, 122.35438966655941, 125.95717785697445, 125.49019047311945, 104.4661943814227, 100.20194516866022, 91.18927821905122], [44.5833193081767, 51.915581262052, 59.96104678156534, 68.83210468892696, 63.46538992676335, 55.07847604992194, 47.43646765759523, 20.700456033161828, 16.294985527047547, 18.91381371828609, 27.717231068384464, 38.21548183710573, 32.94057325364877, 26.486721501054863, 22.887236937058283, 37.54788361310445, 47.359665343411315, 56.371503469782716, 64.80034394921427, 73.12160186381175, 72.35490896347288, 64.07308222291537, 55.9298004111874, 47.33494461001104, 37.93327999012399, 0.0, 8.753384524851857, 18.151371770895775, 27.940807255583394, 34.767122666653115, 31.692384779964314, 24.74454219674458, 16.73904159426393, 10.452823920888028, 6.213314825494196, 30.849184290866656, 37.372334083493186, 47.30110240896495, 57.5640113998466, 62.40829562842052, 61.36206677065202, 59.87940632397431, 56.040362335690965, 48.29418047761118, 40.26390603500366, 26.78506021364272, 17.183806611093974, 87.20912051090174, 78.19644667793138, 72.64016269448892, 72.09880012277738, 68.4