{
	"dissimilarities": [[0.0, 8.728391843486975, 15.88080411379742, 25.703848973077495, 19.241120530702364, 11.987101495541992, 7.681767919706114, 41.511883049545055, 47.308519288030844, 55.751717518174104, 64.1617166448675, 70.53144884817729, 64.95750476932183, 56.50709959551293, 48.07132803012276, 16.540022364857975, 18.34859700817381, 21.942992110260306, 27.24665723717478, 33.68555531228277, 31.293094110086987, 24.631475928283997, 17.60601529693798, 11.474876488285222, 10.909838705844097, 44.56437451340767, 52.68940898978681, 61.050065023522485, 68.40724091282692, 73.53227507316338, 71.36643193450205, 67.02792591995201, 58.55768955489071, 51.13213322416629, 46.16833701634265, 16.968986627443872, 24.381219779007388, 34.96713595267799, 38.17156743590232, 48.312820498400974, 53.654914570923154, 57.82863129845811, 59.59987780922372, 56.077038584610484, 48.51535192167548, 37.954871368688444, 33.23250912701588, 65.70567291714062, 62.16411398498766, 62.222342271746236, 66.49081100019605, 67.374503167028, 72.06450893094468, 80.29263958658893, 81.2969085928245, 80.31322207333328, 77.45612762631922, 74.14607921069704, 70.7288303882877, 66.03843237529908, 65.91071627259784, 69.52064714626614, 72.3783361200501, 77.67182894534086, 73.19140642597294, 70.32272912822401, 66.40661851938964, 57.803374368509914, 64.96628970407949, 78.94089510249539, 93.03302807614124, 90.10431745839844, 94.18787812792685, 102.19424352353762, 105.19845968866663, 114.7756497139452, 117.5182784509655, 120.90795645059, 118.796247989826, 102.38505201988383, 97.86533563020498, 92.03720232253814], [8.728391843486975, 0.0, 7.817092077853827, 19.665743883611345, 14.358550869644402, 10.777420908888407, 13.0638177798531, 50.160277035900684, 55.759558520041615, 64.04103782889844, 72.62794064992616, 79.18185289080483, 73.61046359926459, 65.12993285063541, 56.722651710061086, 18.659557536035038, 15.564446256823757, 15.827914930696524, 19.9476736713991, 26.47533639608158, 23.683571277678144, 16.650380997877317, 10.247234794624552, 8.506594837612814, 14.920264018061273, 51.899790587274126, 60.15276543722289, 68.61100768049711, 76.13701263390206, 81.47029530793444, 79.4521860202891, 75.02819870197995, 66.49765951083043, 59.09077967194518, 54.01731321294298, 24.093554757487095, 30.296537205556035, 39.53249021320647, 42.09835480039663, 52.47861709802673, 58.21959538840785, 63.14484281071217, 66.15320175103906, 63.51425839287846, 54.73158892419305, 45.41273325159526, 41.13660983942543, 68.1115676286253, 65.43897873040385, 66.34488749304212, 71.26686067250199, 72.88042459984673, 78.0574207159089, 86.91305366234543, 87.17717841466016, 85.56124305192644, 82.0413067937264, 77.9035019724942, 73.95236468289171, 69.0204058037235, 69.90697738518304, 74.26523630709998, 77.86797913330419, 83.91605568339124, 78.660579266144, 75.0565832309049, 70.30382746429075, 52.26814288945925, 60.96657853361878, 76.56975069935012, 92.09726765173717, 89.6318102857434, 94.83829885974048, 104.06808423538142, 109.34720789304626, 121.085491490347, 124.58613757514445, 128.41459229679361, 126.49117910524005, 110.80567601709618, 106.10535265632761, 99.70795942971593], [15.88080411379742, 7.817092077853827, 0.0, 12.773172667122681, 9.902363651453777, 12.072273972539804, 17.94268676196057, 57.30963037948789, 63.16746582669, 71.56388270677746, 79.99034703298861, 86.20236806270361, 80.73214380328999, 72.30663470387451, 63.84788054260054, 25.72633186849554, 20.261356980685527, 16.580289709859866, 16.878119068793, 21.28656958366991, 17.679120798740925, 12.808034918185106, 10.883257023337869, 14.688034630249074, 22.590572315212977, 59.68599682394464, 67.89537860524095, 76.24542907376593, 83.60401249155845, 88.79208608621465, 86.88258868506843, 82.5743694492306, 74.15001778001968, 66.76500123429706, 61.73375620264963, 31.605510341738352, 36.62086902626501, 44.442921296668274, 45.280085254902524, 55.527712849112525, 61.98348807539573, 67.615783280573, 71.11546212811038, 69.20061364133205, 60.86844902590417, 52.42389166969447, 48.756976380941936, 68.50162734993715, 67.19042923183844, 69.20360289754274, 74.65199999945291, 76.90112168351381, 82.2465062879626, 91.16703184314011, 90.89528465930704, 88.7785790569508, 84.66774100059138, 79.80413102836997, 75.26226227512151, 70.06209268768757, 72.34159126574976, 77.38878738738259, 81.56962142359716, 87.96284218561374, 82.30065314737645, 78.11694529651706, 72.56605925003753, 47.0975065113648, 55.106049387367776, 71.26430481268918, 87.71890805711138, 85.78209544950096, 92.1880737675561, 102.53181785697268, 110.7938483934771, 123.97115466328155, 128.1420503067891, 132.26335749783192, 130.59814095136446, 116.29049096664802, 112.04822521248636, 106.26481264619086], [25.703848973077495, 19.665743883611345, 12.773172667122681, 0.0, 9.219553130512619, 17.447369161454912, 24.57426013264434, 65.02604008531465, 71.61277610271404, 80.36807960148732, 88.13079570781116, 93.2138686909102, 88.04354918603046, 79.88142326568271, 71.38634389734628, 38.21416247679673, 32.67639439632418, 27.268745341012426, 23.385047745029556, 21.85913285477123, 17.61739230750567, 20.022531020111593, 22.673942386922857, 27.323591218097995, 34.49229763315603, 70.17496105771532, 78.13593944565851, 86.10601445351425, 92.84571390853635, 97.4082004223025, 95.5964003129853, 91.69273221168208, 83.63363336738018, 76.32273690160517, 71.53536126420688, 41.78747866302115, 45.28035647757193, 51.229554228489135, 48.582787610008246, 58.05698577578213, 65.81100666123193, 72.27549819863911, 75.47867813635905, 74.39381120123696, 68.6532751611963, 61.04118505623667, 58.38603978836779, 65.99509095084638, 67.29986012791386, 71.15736165537486, 77.10050975422055, 80.06397669285607, 85.1763667872896, 93.36869013938646, 92.63492220954002, 90.02738554334961, 85.2359140814902, 79.5563950687847, 74.14772365609629, 68.5668832596407, 73.28837968340096, 79.151713164669, 83.86106851509804, 90.12910315856615, 84.44731575949015, 79.71698519912432, 73.1738175920679, 42.152368802664554, 44.24733739802488, 59.07911344851254, 76.07345317913989, 74.97539868394102, 83.27043483910747, 95.03473788736763, 108.54601404583438, 122.60336549555646, 127.5681915124813, 131.88711421738935, 130.7032014852016, 119.29274407054578, 116.58283933048985, 113.20269108393668], [19.241120530702364, 14.358550869644402, 9.902363651453777, 9.219553130512619, 0.0, 8.886726862931306, 16.99311984446005, 58.04701255809695, 64.80354118127843, 73.61465708447392, 81.47163964761276, 86.75954909843014, 81.15848912086133, 72.75083363649559, 64.31928522946838, 32.574989379761796, 29.244742143202444, 26.478684996241977, 25.870934164129928, 27.729355443700133, 23.538174529384243, 21.796482729977193, 20.62693513547803, 22.59362581044709, 28.188192685733966, 63.45469798260093, 71.60192693011406, 79.95040290766131, 87.05349187814663, 91.76897695009202, 89.54450235275539, 85.4207362944082, 77.03874830327827, 69.57344874086323, 64.71127310768023, 33.943503467308744, 36.356982934533725, 42.01258433948854, 39.8706163637308, 49.62620332168608, 57.04535490861418, 63.359982968869275, 66.86262540266257, 65.93818587028417, 59.53041123629556, 52.46088871756336, 50.73492436673438, 59.8996186834201, 59.848474017827904, 62.974404479895114, 68.77814883582464, 71.57662655078933, 76.86061458323194, 85.56019870687996, 84.76935873684181, 82.24178075718449, 77.66694016349233, 72.31203575848326, 67.31165048864814, 61.90899800120083, 65.49744195566801, 71.0816970503651, 75.6821368151815, 82.19016501189655, 76.32146094916337, 71.71104282391794, 65.52384872072776, 50.48683490323668, 52.44766512810432, 64.80545579797216, 79.8812383776178, 76.54341056462569, 82.37225108118838, 92.80338152627118, 102.46480066026331, 116.82018404620648, 121.91240138388005, 127.12672530882921, 126.43550489643128, 113.99833668416261, 112.15038745022515, 109.01296626782813], [11.987101495541992, 10.777420908888407, 12.072273972539804, 17.447369161454912, 8.886726862931306, 0.0, 8.548330070864898, 49.49231813156053, 56.23998124772059, 65.04271515868973, 72.96155519755793, 78.4579014050023, 72.66646419791084, 64.15084419852724, 55.74927336750851, 26.518612932949928, 25.968418345768423, 26.233641674085796, 28.54177302924021, 32.668194822046765, 29.02615644912664, 24.702282075541177, 20.245853420673306, 18.460005602817947, 21.31403103286868, 55.04797212307467, 63.209271083349776, 71.67754470973757, 78.91679117054345, 83.69673370334014, 81.26128511747207, 77.0371703819537, 68.5334115040182, 61.02206524772267, 56.1590072125907, 25.33590965915706, 27.937480508640473, 34.76113845997994, 34.09317662737298, 44.206088735035, 51.009375439431196, 56.664249229465405, 59.63731452246496, 58.04984555034343, 51.421054218737076, 43.67339240660147, 41.93275030406218, 57.84014057866559, 56.09817714317132, 57.97150450150746, 63.233537287083124, 65.36225472950687, 70.49631594331105, 79.19331012220654, 78.95450180091957, 76.95872498221699, 73.02065444160759, 68.48014055351132, 64.15353192446396, 59.03735435327144, 60.988070449357, 65.8323621330663, 69.82594494169732, 76.00868304552434, 70.53536034875148, 66.53510494521962, 61.21250603948222, 56.33457896860741, 59.16005360784578, 70.71110164739751, 84.46564541099508, 80.29384204898085, 84.43324951832939, 93.40058912593881, 99.3204659330003, 112.17355888796092, 116.62719004994035, 121.73368697512889, 120.91556363422656, 107.07516131013504, 105.16488135947998, 101.81983077303323], [7.681767919706114, 13.0638177798531, 17.94268676196057, 24.57426013264434, 16.99311984446005, 8.548330070864898, 0.0, 41.079014732168176, 47.843363296928594, 56.69552808306993, 64.51251833802054, 69.98064386349748, 64.27904783840262, 55.83095553690474, 47.38656393658495, 23.39346786034157, 25.700735202311797, 28.351252346920162, 32.29671922451977, 37.29352825979427, 34.322594831894996, 29.16929262380077, 23.233715736611185, 18.39676864602246, 17.389117658322057, 47.40302322090549, 55.352476454993706, 63.6174576929282, 70.65864739953543, 75.2956828097986, 72.84302152186893, 68.70948020411026, 60.33819211250063, 52.88576367869945, 48.14720152426516, 18.82412749613455, 22.992542373010146, 31.81692660573242, 32.53373345101693, 42.484036587380174, 48.650935402245615, 53.31686153229557, 54.85516733616321, 52.004813085426804, 46.39021997090345, 36.92391025542433, 34.279851541901785, 58.56743324314803, 55.67283821478911, 56.38648430816501, 60.8449059969647, 62.03508498852143, 66.62653944849299, 74.62920901085876, 75.36439221098543, 74.17144340783094, 71.06461206969128, 67.53852607208708, 63.87925998149199, 59.06124040941371, 59.661794362300405, 63.564183379968675, 66.63160583067007, 71.91847726479493, 67.38251817506277, 64.29792773920806, 60.03278441614805, 60.17577889647961, 63.41724109070727, 74.63397869229699, 87.43486431034543, 83.44350110181537, 86.81132925009295, 94.56291760367638, 98.06316812075211, 108.17114080662074, 111.52880753412983, 115.74892902726654, 114.39785602238227, 99.3953384118153, 96.95826896605509, 93.52247183026762], [41.511883049545055, 50.160277035900684, 57.30963037948789, 65.02604008531465, 58.04701255809695, 49.49231813156053, 41.079014732168176, 0.0, 8.428397401134097, 17.32291060852353, 23.73636631241027, 29.55676220139055, 23.46539468925185, 15.092961080570637, 6.658256776829953, 42.45934151057418, 51.867402600880574, 59.491526807471764, 66.42229697021543, 72.97594665311921, 71.49882807027043, 64.95584441654441, 57.3263963278342, 48.90863395482974, 39.754675380114755, 20.65113434971302, 23.56488999456354, 29.0810634676367, 34.38383033143719, 37.754931020244626, 34.09342424367448, 30.440793373218874, 23.264527382744294, 17.4009357489635, 15.88302002567336, 29.54634460323299, 32.44456802930237, 40.340224976906036, 46.315874943802584, 50.64048560490855, 50.97917954792334, 48.924624382170464, 42.588675484917175, 32.72482878097108, 35.157726766100744, 20.99844716588786, 15.408646123438102, 72.77016286726054, 65.07643190131645, 60.094878775097506, 59.528235150648236, 55.624684304888554, 56.4649078423058, 59.76491432145545, 65.47134193556369, 68.59508033991045, 70.24940076232879, 72.18913301768737, 72.44789535783836, 70.09720203450149, 64.00613937510103, 62.42400560863408, 60.16462211643933, 59.99398892427761, 61.02020740850664, 63.19984746452694, 65.05369084596511, 92.5621494711434, 96.44238778135308, 104.71972630386178, 112.61539408372865, 107.92415512539631, 106.6529774313344, 108.30938184996307, 97.94970648408886, 94.85133726573379, 92.52901101131891, 93.04678376518983, 89.60894752205733, 66.76622003356324, 62.51717330269905, 59.05323551398385], [47.308519288030844, 55.759558520041615, 63.16746582669, 71.61277610271404, 64.80354118127843, 56.23998124772059, 47.843363296928594, 8.428397401134097, 0.0, 9.13391856372198, 16.960747486527385, 24.966308504702113, 19.25233172604474, 11.943537102860946, 7.577801078449212, 45.81115783515212, 55.42180096959735, 63.50189324899754, 70.85792011672278, 77.82802506709947, 76.6945701154368, 69.75592958271336, 62.00668018155401, 53.47459650842659, 44.09814945060949, 16.21577212851084, 16.42292870157418, 20.867141124051898, 26.24786707103539, 30.08655310524876, 26.24514026922916, 22.192267110163527, 14.871320152270108, 9.723925131530782, 10.26377858442986, 34.65651862609808, 38.32072729342935, 46.392314542674306, 53.64587476992023, 57.759759456048, 57.20898229878967, 54.36056270886001, 47.93396366567014, 37.69200770017773, 38.960363350226615, 25.37802242773956, 18.448911450459622, 80.5631171365568, 72.29981878336679, 66.6497070698527, 65.59316265694616, 61.18459572661448, 61.71494594929001, 64.58567636051107, 70.77882737302173, 74.36924039699704, 76.5791888730203, 79.04610865172019, 79.73317088721208, 77.6499799719765, 70.78155392504746, 68.63555506274272, 65.85057288315336, 65.18454566596832, 66.73127794438244, 69.44068992454268, 71.93482105023112, 97.23842133544404, 102.86578088621505, 112.2071762218087, 120.41206459973063, 116.1793967351163, 114.93453151337404, 116.27426769078176, 104.37337225190396, 99.6179040776634, 96.16359698674862, 95.51202279362741, 91.1985823313884, 66.192628881962, 59.40317385076231, 53.11178083273031], [55.751717518174104, 64.04103782889844, 71.56388270677746, 80.36807960148732, 73.61465708447392, 65.04271515868973, 56.69552808306993, 17.32291060852353, 9.13391856372198, 0.0, 9.824102278715241, 20.19381822208514, 15.457377905432534, 11.873313509701873, 13.903754689090894, 52.72741706292165, 62.4189762228541, 70.77648821815424, 78.39302214862032, 85.60769024700609, 84.69391155371981, 77.52165457058929, 69.71181618632828, 61.14868282767939, 51.697372658088334, 18.02706944035924, 13.567006081155787, 14.280149958984358, 18.664021525100665, 22.50585075942811, 17.979564489071727, 13.566640646522666, 7.260275579623272, 7.703940245823888, 12.374522294424867, 42.63577093104345, 46.12850021491573, 53.627289278248504, 61.53331966353923, 65.01070259572573, 63.5269274926677, 59.76115764541708, 52.883267770377316, 42.414944010186126, 43.78720993165792, 31.828755585002895, 25.658672672757202, 88.12176912836799, 79.29936124713635, 72.94776995663997, 71.21092950709927, 66.19268605648456, 66.16569015738281, 68.23531438294712, 75.0156538573547, 79.20022632023073, 82.12538696040494, 85.31839446527029, 86.56938580521299, 84.8773273303158, 77.1579444940056, 74.27278430221571, 70.7795896506719, 69.32950658257381, 71.65929255173971, 75.07846239764905, 78.40291543749942, 104.72598673667098, 111.25683855110424, 120.87242534621332, 128.8372125540792, 124.69935031455371, 123.03236059432706, 123.6760823974291, 109.61479523313278, 102.75612306439545, 98.08845096493259, 96.4226213669942, 91.45654585160314, 64.40083552881457, 55.827301134673036, 47.4696243955175], [64.1617166448675, 72.62794064992616, 79.99034703298861, 88.13079570781116, 81.47163964761276, 72.96155519755793, 64.51251833802054, 23.73636631241027, 16.960747486527385, 9.824102278715241, 0.0, 11.086009906006126, 8.661308594910468, 12.05489490706514, 18.400101289045693, 62.20451685439151, 71.76143099140522, 79.88060110063765, 87.19752091761909, 94.00190593300285, 93.08535865875915, 86.32880326830545, 78.70522106100206, 70.22858315393064, 60.87204940696628, 27.73751929107158, 22.113324091094587, 18.81849136001234, 18.157219303100266, 18.492351286462654, 13.413752650120735, 12.087331740314609, 13.307817686485718, 17.33405520408335, 22.196973733607656, 51.49106009928716, 54.21133894528582, 60.653160496997025, 67.48315888104149, 69.85019443431851, 68.05357259701003, 63.59092738423098, 55.10315442777528, 44.31444723655786, 49.389163584657176, 39.0186083528574, 34.58060120637264, 91.7844790963086, 83.11796405084569, 76.56735489719277, 74.04079784588679, 68.38624714196698, 67.21630267912974, 67.26114608643856, 75.04602615402092, 80.05210431037123, 83.79649938258444, 87.85973069984479, 89.59554026151842, 88.29613561069269, 80.33870445436014, 76.68877555010954, 72.26419055257297, 69.2312313025326, 73.05517831557792, 77.39598004960534, 81.54621765102263, 112.01400488823279, 117.13146019372614, 125.35429323101191, 131.98863455500782, 127.84982132707052, 125.52855272436008, 125.04144203982995, 109.57051099527283, 99.08543640395544, 92.87802509168284, 89.84198499916896, 84.34487064189885, 56.07735489755988, 47.68761446282795, 41.74001949996984], [70.53144884817729, 79.18185289080483, 86.20236806270361, 93.2138686909102, 86.75954909843014, 78.4579014050023, 69.98064386349748, 29.55676220139055, 24.966308504702113, 20.19381822208514, 11.086009906006126, 0.0, 8.026854952361358, 16.543844267309005, 23.600343027583712, 70.59873435114947, 79.8642788128845, 87.48158721586373, 94.2227899838267, 100.30911478733837, 99.29189008954725, 93.25972141736406, 85.97854017833639, 77.70822270912232, 68.61128745652731, 38.1600467760548, 33.018836975615514, 29.042929061776757, 25.672306796219637, 22.550049793652985, 18.928110636318326, 20.790652854942362, 24.27533548822306, 27.87111688180093, 32.319543699845056, 58.899544493504415, 60.89224324361718, 66.36065944565756, 71.35019815146866, 72.6603399692926, 71.11121971714459, 66.41401581326693, 56.20349148225069, 45.40108562337916, 54.99762484797834, 45.74687397261995, 42.758744887908826, 92.46723329071868, 84.5402394579707, 78.30382928565503, 75.20652667987835, 69.17920409530417, 66.79962396816904, 64.40486668110604, 73.1788287955532, 78.89451087918833, 83.24889235647983, 87.97311953673518, 89.95289178249466, 88.92522778193357, 81.36257980404139, 77.22410422178957, 72.0484964577079, 67.30635782208314, 72.70113669002764, 77.78211328701822, 82.43516800108992, 116.87302321650469, 119.5589024372174, 125.71183355114454, 130.64407417577837, 126.58117225818184, 123.74209513642859, 122.16899282194694, 106.5099070390132, 92.06175157905241, 84.32569684690203, 79.7062079367437, 73.74015370781015, 45.03440384284345, 38.56947625632713, 39.05017313236271], [64.95750476932183, 73.61046359926459, 80.73214380328999, 88.04354918603046, 81.15848912086133, 72.66646419791084, 64.27904783840262, 23.46539468925185, 19.25233172604474, 15.457377905432534, 8.661308594910468, 8.026854952361358, 0.0, 9.058774396279055, 17.037778309913616, 64.84503282413691, 74.48358208062274, 82.36377183623664, 89.38275291941417, 95.81670199497174, 94.56225697558615, 88.15860646826789, 80.56767861698538, 72.1002363662619, 62.77822784902037, 32.907993455248985, 28.859788808090016, 27.161848322394132, 26.658299439227196, 25.877684109432455, 21.148467148856795, 20.671389561986658, 20.89555008577917, 22.961406164407546, 26.907715918116235, 52.43452244175486, 53.659978893402354, 58.71484617194241, 64.16174245222781, 65.4939909368636, 63.65876085452608, 58.93157252277578, 49.25749842050051, 38.41493648593627, 46.99339169468392, 38.02243795075324, 35.97870068255641, 86.24807324030722, 77.78782235717718, 71.27738527129267, 68.31624280982473, 62.394731319340366, 60.53887107266442, 59.488266748728016, 67.69537678834006, 73.04509302134285, 77.13730973032348, 81.63838666424476, 83.63017942799804, 82.59927496322729, 74.6333687501449, 70.60189774957502, 65.71515570085434, 61.83868942011932, 66.43545728140795, 71.22693312588018, 75.78169205832774, 113.78584724149803, 116.57007824894907, 122.73040410430777, 127.9788333636455, 122.9471815167166, 119.61015090082155, 118.27699675497628, 101.85656103074726, 90.46350417140772, 84.34457957785914, 82.1625363544277, 77.61405233717906, 50.14019579044491, 46.20058671964877, 45.90335924483883], [56.50709959551293, 65.12993285063541, 72.30663470387451, 79.88142326568271, 72.75083363649559, 64.15084419852724, 55.83095553690474, 15.092961080570637, 11.943537102860946, 11.873313509701873, 12.05489490706514, 16.543844267309005, 9.058774396279055, 0.0, 8.520052343399657, 56.42935671374994, 66.22471969855594, 74.19643796243794, 81.34878294853509, 87.99876589222205, 86.57876086798615, 79.94071374967612, 72.17978239269301, 63.625316900546316, 54.22082648175955, 26.461755769907427, 24.517751988482896, 25.99348872387764, 28.576195656704623, 30.030232060923105, 25.216053418160865, 22.706337082468806, 18.823221040262876, 17.771145189250802, 20.38865672840722, 43.551583703682915, 44.61994227523233, 50.03429420669565, 55.959124923983474, 57.98980779621675, 56.45455490543481, 52.28830557669637, 43.65505737277555, 32.794218302298304, 39.32129298606602, 29.207317626808727, 27.178907601049534, 79.73978811883656, 71.11429677193684, 64.76218897281719, 62.44191025396744, 57.03211717390988, 56.16020993175053, 57.019076413208055, 64.30040637459699, 68.90173199943698, 72.25336997805474, 76.01611470714249, 77.60298848362639, 76.24915970777013, 68.45524389763871, 65.05799905078013, 60.962024705286204, 58.513945396016055, 61.76231920396021, 65.76480078514324, 69.63153815067935, 107.04259782746753, 110.18234455320923, 116.87452368229472, 122.93088169637659, 117.50225343529841, 114.41614922320993, 113.94257536272237, 98.61354597464641, 90.90729760380522, 86.56874640578278, 86.2122680200695, 82.55828170073724, 56.82661297080035, 53.58614109450558, 51.95891827398845], [48.07132803012276, 56.722651710061086, 63.84788054260054, 71.38634389734628, 64.31928522946838, 55.74927336750851, 47.38656393658495, 6.658256776829953, 7.577801078449212, 13.903754689090894, 18.400101289045693, 23.600343027583712, 17.037778309913616, 8.520052343399657, 0.0, 48.7460476752779, 58.33580221335329, 66.08553410758682, 73.07412097395475, 79.6170232356351, 78.13511293043089, 71.60245672848396, 63.928750622688355, 55.45925542117886, 46.20193742874996, 22.86413810339128, 23.58337073749851, 27.50378252431258, 31.73643695271884, 34.2999323706659, 30.128970396366356, 26.90514708478644, 20.8270947693349, 16.683529698002697, 17.118950068722587, 35.656524045254066, 37.44170795371911, 44.00214880000932, 49.80834792149338, 52.976430341440334, 52.475222429158705, 49.430684019752555, 41.844989752942, 31.308321086089126, 36.10539198507994, 23.730068814067817, 20.296965575662636, 74.92061265388566, 66.80707863101664, 61.19702445943902, 59.808345529866465, 55.18792058551698, 55.22657153110873, 57.41370215237384, 63.867862791610435, 67.67368752932191, 70.09945977910377, 72.8866310900981, 73.75219695195993, 71.85618603574412, 64.98717695715858, 62.56055774911129, 59.44101038757858, 58.21069520991849, 60.27175511794687, 63.30221109956089, 66.08983546480988, 98.90528370762846, 102.18809296321179, 109.52832912134599, 116.45762260018714, 111.35436193271804, 109.18225465700965, 109.82192265289757, 97.22829280494248, 92.07882704791763, 88.9282790765467, 89.1554149063526, 85.69809098102607, 61.74501471980181, 58.2090213475596, 55.87881410190146], [16.540022364857975, 18.659557536035038, 25.72633186849554, 38.21416247679673, 32.574989379761796, 26.518612932949928, 23.39346786034157, 42.45934151057418, 45.81115783515212, 52.72741706292165, 62.20451685439151, 70.59873435114947, 64.84503282413691, 56.42935671374994, 48.7460476752779, 0.0, 10.839064014840071, 20.27005118773497, 29.373095510120873, 38.79914309045771, 37.56577421193801, 28.031238789374758, 19.36017651034768, 11.244878980861156, 6.149595555508184, 37.508396429335775, 45.88807151001419, 54.765957407846656, 63.23608999401253, 69.58657822271313, 67.49947258330076, 62.472552164996536, 53.59455566940898, 46.42965612681606, 41.13440654822827, 16.609460050981397, 26.30387529310761, 38.10567475778348, 46.3402200959121, 56.19967094024574, 59.21184698840027, 62.037333259266944, 64.7493929992745, 60.49576064346103, 48.195867032911664, 37.3143238196194, 30.335908946972264, 77.22094132144882, 71.40359646826178, 69.51533545853549, 73.1326903822395, 73.3018358750551, 78.30153472253494, 87.47184593257865, 88.7030178164051, 88.09850291208669, 85.92029438657221, 83.34570197721676, 80.86229712218511, 76.76123354989274, 74.22555966373515, 76.91506813010187, 79.2632560986139, 84.84472227832188, 80.22504829304414, 77.88652014712862, 75.07460005520475, 64.53928929609805, 77.7402680971124, 94.39239219357331, 109.33874057150166, 106.36781861395775, 109.7327955678887, 117.15250422005948, 115.88485950139155, 125.3305534609791, 127.32259601133588, 130.40300866284207, 127.62314930964453, 107.8644642983362, 100.58289965054443, 90.2363904871764], [18.34859700817381, 15.564446256823757, 20.261356980685527, 32.67639439632418, 29.244742143202444, 25.968418345768423, 25.700735202311797, 51.867402600880574, 55.42180096959735, 62.4189762228541, 71.76143099140522, 79.8642788128845, 74.48358208062274, 66.22471969855594, 58.33580221335329, 10.839064014840071, 0.0, 9.707668088127088, 19.127799069023652, 29.01209020496464, 28.217116473075667, 18.37961239947973, 10.755387353766254, 7.621421934322886, 13.355060155547221, 47.35721391004599, 55.43301716682935, 63.820013249152495, 71.87033609450344, 78.0785083625505, 76.46867813939208, 71.68258553529287, 63.17698680579834, 56.19870838277568, 51.02127282151826, 26.04682072738901, 34.95731935008636, 45.83032276140535, 52.32415053569009, 62.611404808343494, 66.62278600667756, 70.35707010107512, 73.57722029732243, 69.84835997212538, 57.99746890219693, 47.63356861153135, 40.77608680350895, 81.2780465563273, 76.89011541673186, 76.22073521168124, 80.52637393289297, 81.38537620968481, 86.62515983255157, 95.86732772318666, 96.67171017482536, 95.56905163315977, 92.72450562677321, 89.3007149162924, 86.08360611743983, 81.56147367584286, 80.5723996964426, 84.09741866676974, 87.10379052262375, 93.05639643407837, 88.01496385738163, 85.01793226539944, 81.2449577420543, 55.27471758477326, 70.91419328792634, 89.88965933571781, 106.56272080198328, 105.04780720582383, 110.34299762258377, 119.24663297910533, 121.75196044918884, 132.3529301756164, 134.74351038418772, 137.4697509562098, 134.43322275931064, 115.84966546472536, 107.86694661862248, 97.13356650298796], [21.942992110260306, 15.827914930696524, 16.580289709859866, 27.268745341012426, 26.478684996241977, 26.233641674085796, 28.351252346920162, 59.491526807471764, 63.50189324899754, 70.77648821815424, 79.88060110063765, 87.48158721586373, 82.36377183623664, 74.19643796243794, 66.08553410758682, 20.27005118773497, 9.707668088127088, 0.0, 9.50880082232765, 19.618997440855537, 19.125286430585533, 9.456759098965355, 6.3715950535298465, 12.250627367421513, 21.290482912066928, 56.36176658021667, 64.27665895529178, 72.32422260012468, 79.94546725961627, 85.85880170800968, 84.53398452035569, 80.00519930626676, 71.7728374525894, 64.84286323791602, 59.760618918939855, 33.9144828113677, 42.09985504030703, 52.12785089661228, 56.73702916741923, 67.17277976723597, 72.14383799543815, 76.65603909105099, 80.08090757421031, 76.83429485998859, 65.93182522709984, 55.92575348345007, 49.42358077556635, 83.32088420653086, 80.40104298769283, 80.9081451667681, 85.76463456624575, 87.21164325558078, 92.55117009111197, 101.67334486990616, 102.12293963433508, 100.60254584812519, 97.18338083167843, 93.04372447215474, 89.16655024704963, 84.28850780128947, 84.81277356875857, 89.04993406086993, 92.58671825173026, 98.73918326984895, 93.43469853250873, 89.90247660884552, 85.29864962286877, 46.45194063088054, 63.36223331482618, 83.95273323382845, 101.92445709654184, 101.68461116876638, 108.68953586687799, 118.85128676637851, 124.99662770473834, 136.49036561135392, 139.31143071055746, 141.84092367648438, 138.74819712934067, 121.64225809961745, 113.6586033420746, 103.45811488360764], [27.24665723717478, 19.9476736713991, 16.878119068793, 23.385047745029556, 25.870934164129928, 28.54177302924021, 32.29671922451977, 66.42229697021543, 70.85792011672278, 78.39302214862032, 87.19752091761909, 94.2227899838267, 89.38275291941417, 81.34878294853509, 73.07412097395475, 29.373095510120873, 19.127799069023652, 9.50880082232765, 0.0, 10.242261087805709, 10.35552543444204, 4.634433882981935, 11.756471890472966, 19.98725290891237, 29.46392090678708, 64.78047457180442, 72.53489776266724, 80.25201532283225, 87.41673258861474, 92.97430867361953, 91.89127968413936, 87.64176985242474, 79.69197385994929, 72.81127212700765, 67.84474635554773, 41.61060584450536, 49.24527397985774, 58.56834704192929, 61.36408850122413, 71.74384207213522, 77.57725571943514, 82.7018599619839, 86.07076953889677, 83.1804239261594, 73.50350807595755, 63.67964287995355, 57.45173543946371, 85.30638472886871, 83.86710062964141, 85.46705096717693, 90.73420163882462, 92.64429889120021, 97.95223687501036, 106.75993800790839, 106.97414783344317, 105.14262564916241, 101.26092361879142, 96.5446069634033, 92.08406040681588, 86.90772261114722, 88.8788848281203, 93.69277632253751, 97.61750909374362, 103.78767853119776, 98.39579078914713, 94.4673769785115, 89.1778067271867, 37.64155410118099, 55.39805635689637, 77.4909538609414, 96.63042974432427, 97.81150983434324, 106.55857913157413, 117.86109723757434, 127.64601549955876, 139.6219959649671, 142.76390125144363, 145.00211453504338, 141.8492639522886, 126.31981172103119, 118.4837676775712, 109.1019691985261], [33.68555531228277, 26.47533639608158, 21.28656958366991, 21.85913285477123, 27.729355443700133, 32.668194822046765, 37.29352825979427, 72.97594665311921, 77.82802506709947, 85.60769024700609, 94.00190593300285, 100.30911478733837, 95.81670199497174, 87.99876589222205, 79.6170232356351, 38.79914309045771, 29.01209020496464, 19.618997440855537, 10.242261087805709, 0.0, 4.622347479743491, 12.118355627192, 20.703215706073536, 28.811430336932336, 38.08141947326751, 73.05763807397796, 80.59778547142348, 87.92059770773602, 94.53034026648797, 99.62763037827835, 98.7868648007362, 94.88078706486264, 87.28362555258884, 80.4865232778073, 75.68649675715655, 49.528107414128506, 56.74249801544244, 65.48310608699579, 66.43832915218277, 76.58527153083249, 83.24946881290687, 88.85808186276141, 91.87579202738095, 89.2196298431314, 81.17413028209562, 71.36622504202204, 65.3456886940842, 87.37823585410895, 87.5162519222589, 90.18238099168838, 95.73584114940546, 97.99887709743149, 103.12369020348147, 111.35998167165519, 111.47258158647709, 109.43755022630289, 105.19313612607725, 100.02417592564107, 95.02762372517861, 89.59151956105644, 93.02430972681438, 98.30239629486734, 102.47840536351057, 108.45150652527242, 103.17514074334878, 98.98319828591852, 93.12463574595617, 28.17932909680944, 46.16201168625947, 69.83844880099375, 90.09821429733208, 93.0596941683407, 103.74545019939306, 116.12178888183075, 129.81841124135408, 141.75940920016214, 145.0841117530169, 146.84081667046453, 143.58158536675836, 129.8675579867161, 122.29505191038399, 114.07348536628874], [31.293094110086987, 23.683571277678144, 17.679120798740925, 17.61739230750567, 23.538174529384243, 29.02615644912664, 34.322594831894996, 71.49882807027043, 76.6945701154368, 84.69391155371981, 93.08535865875915, 99.29189008954725, 94.56225697558615, 86.57876086798615, 78.13511293043089, 37.56577421193801, 28.217116473075667, 19.125286430585533, 10.35552543444204, 4.622347479743491, 0.0, 10.312767914999108, 18.79297335355236, 26.982717864348395, 36.35921750667884, 72.30772612244752, 80.05438065877453, 87.65363418321404, 94.44301098575718, 99.54257634351828, 98.45021165245987, 94.45653335711735, 86.64198865902962, 79.66829948805757, 74.79284643873501, 47.37498231236719, 53.86012068209441, 62.048814268361426, 62.54321012623137, 72.62883980465755, 79.42239979532093, 85.23635366827968, 88.53525667238225, 86.2802473205505, 78.2443783863923, 68.9962427145061, 63.68838205731223, 83.03745927478695, 83.28242895015025, 86.13373679308138, 91.81640261195048, 94.27526736377277, 99.50803339740494, 107.93935458498083, 107.77547321421699, 105.5539995642832, 101.15202772291238, 95.82441383422884, 90.75564805436305, 85.30875165066443, 88.90780080852912, 94.33975866470522, 98.69920903227607, 104.88898540009285, 99.384228382439, 95.01115336773408, 88.98297110775417, 31.118280095536512, 45.934421438676104, 68.08755281963774, 87.84769676741394, 89.83623784015265, 99.96153830741194, 112.26092884403586, 125.69895670530813, 138.46994827320418, 142.2483411950933, 144.71664661236346, 141.95895901725672, 128.55518652881793, 121.99086100031417, 114.58952742345046], [24.631475928283997, 16.650380997877317, 12.808034918185106, 20.022531020111593, 21.796482729977193, 24.702282075541177, 29.16929262380077, 64.95584441654441, 69.75592958271336, 77.52165457058929, 86.32880326830545, 93.25972141736406, 88.15860646826789, 79.94071374967612, 71.60245672848396, 28.031238789374758, 18.37961239947973, 9.456759098965355, 4.634433882981935, 12.118355627192, 10.312767914999108, 0.0, 9.00765836344263, 17.76637520697424, 27.53105924211275, 64.07130624054737, 72.05484384528533, 80.07573114597261, 87.43584946540851, 92.99625489475444, 91.641280372743, 87.29505023824413, 79.10822832169211, 72.03629859052704, 66.98455645817057, 39.25563874376698, 46.08584037805258, 54.85654811649276, 57.289359088739225, 67.6452169069143, 73.57618767126303, 78.90834858712098, 82.61293424273843, 80.14428021007409, 70.36982341493541, 61.1569495010642, 55.72360269048242, 80.98953025324923, 79.56417351518125, 81.29911198373033, 86.69720333447951, 88.80285746834896, 94.24372914365296, 103.294274876099, 103.2189137198139, 101.19696859357371, 97.16271050649758, 92.29805796277164, 87.78887838660143, 82.61507695223459, 84.67690014611689, 89.63525842246416, 93.74848876413044, 100.1661187211948, 94.51921410083627, 90.40583944590489, 84.96099990162658, 40.19714721243172, 55.46880542253366, 76.12629309016289, 94.71778977382584, 94.91740931199259, 103.02460655040237, 114.19271184872747, 123.55380646045397, 136.39023636590557, 139.99271416124733, 142.970606301302, 140.33150406682236, 125.08970012174468, 118.29236695157441, 109.75624931234684], [17.60601529693798, 10.247234794624552, 10.883257023337869, 22.673942386922857, 20.62693513547803, 20.245853420673306, 23.233715736611185, 57.3263963278342, 62.00668018155401, 69.71181618632828, 78.70522106100206, 85.97854017833639, 80.56767861698538, 72.17978239269301, 63.928750622688355, 19.36017651034768, 10.755387353766254, 6.3715950535298465, 11.756471890472966, 20.703215706073536, 18.79297335355236, 9.00765836344263, 0.0, 8.945763982407374, 18.814975583123303, 55.909317611595625, 64.0991644859977, 72.47556350675384, 80.21200460688493, 85.98558677134844, 84.3175694929186, 79.74773512993475, 71.26724767850044, 64.07006696767864, 58.91147265211713, 30.685639369871783, 37.74944216334569, 47.10698165477234, 50.9293521680816, 61.36741157495483, 66.64267176534761, 71.49308040001931, 75.18483733326411, 72.47369976658982, 61.894656096295186, 52.591357451752415, 47.25194578784101, 77.03156290606995, 74.2913619292643, 75.08955549872275, 80.1307910587557, 81.83985962381179, 87.28754289191973, 96.57769660613637, 96.69955002477752, 94.95041537900558, 91.32111124407116, 86.98100981716395, 82.98723621599729, 78.0705758791319, 78.87034790703893, 83.32613559439434, 87.09703070859524, 93.4786601432245, 87.92339801766825, 84.15912157184567, 79.31170062911545, 48.24848072612282, 61.953367472345604, 80.69829379294558, 97.91665417006797, 96.61362641912821, 102.93556874587553, 112.93855101987313, 118.93431455760242, 131.31485740975572, 134.70603046258415, 138.0917262870016, 135.65241874133682, 119.23263143588363, 112.76651506456135, 104.09049316930688], [11.474876488285222, 8.506594837612814, 14.688034630249074, 27.323591218097995, 22.59362581044709, 18.460005602817947, 18.39676864602246, 48.90863395482974, 53.47459650842659, 61.14868282767939, 70.22858315393064, 77.70822270912232, 72.1002363662619, 63.625316900546316, 55.45925542117886, 11.244878980861156, 7.621421934322886, 12.250627367421513, 19.98725290891237, 28.811430336932336, 26.982717864348395, 17.76637520697424, 8.945763982407374, 0.0, 9.873995367687135, 47.327236149422056, 55.64496013173939, 64.25122688526943, 72.20134941466168, 78.05929970104725, 76.13061565343133, 71.43102107440842, 62.76368821649883, 55.472487265130454, 50.26241599309136, 21.958644708014425, 29.926548574528336, 40.39282522677832, 45.62423294094757, 55.99058981679711, 60.59268650667835, 64.75941964771367, 67.93461832986155, 64.66603027125439, 53.89315548312237, 43.950531363768164, 38.355125343709524, 73.92661946476552, 69.95258267353702, 69.74025887766169, 74.24519973110597, 75.36012597775105, 80.60117499079831, 89.77853748693852, 90.35547844242133, 89.06789786985298, 86.00509801734805, 82.37962118508761, 78.9663313469775, 74.33609468663938, 73.85127435547035, 77.63285048334703, 80.84214670286234, 86.86803850808897, 81.71541407887837, 78.51300872813, 74.44244046194429, 55.35444366632173, 67.54121158960095, 84.58213529812207, 100.41587555770278, 98.08585985339752, 102.8871668678395, 111.6500161487333, 114.56418302472804, 125.6750019753867, 128.57476474977145, 131.98820548022618, 129.56731188145798, 112.05980868203112, 105.79926170809928, 97.17211604822116], [10.909838705844097, 14.920264018061273, 22.590572315212977, 34.49229763315603, 28.188192685733966, 21.31403103286868, 17.389117658322057, 39.754675380114755, 44.09814945060949, 51.697372658088334, 60.87204940696628, 68.61128745652731, 62.77822784902037, 54.22082648175955, 46.20193742874996, 6.149595555508184, 13.355060155547221, 21.290482912066928, 29.46392090678708, 38.08141947326751, 36.35921750667884, 27.53105924211275, 18.814975583123303, 9.873995367687135, 0.0, 37.91946446707101, 46.37546388340961, 55.245287190866385, 63.42946863350093, 69.36590976450066, 67.11573800142341, 62.26829017482634, 53.38764208437399, 45.99113236490193, 40.72812520214498, 12.784623856982458, 22.55377269852073, 34.50500720515253, 41.52665594878901, 51.491544585335426, 55.123602829070045, 58.285549327986836, 60.636128504160915, 56.55099493198198, 45.701488991891296, 34.70645114526189, 28.5409791029838, 71.8819731862909, 66.50948389859818, 65.03568590510535, 68.77566039697156, 69.07975629921606, 73.97196128110525, 82.87970495718736, 84.0831361386361, 83.41858858406773, 81.11132105626703, 78.42635016554242, 75.76090571466091, 71.53642711474659, 69.49438261762843, 72.36128829917655, 74.79001928384116, 80.25884479142154, 75.71463379756202, 73.28952632954784, 70.26219039997837, 63.528348406338885, 74.31860329592507, 89.62666093495214, 103.940786152196, 100.64413002598357, 103.8304854617577, 111.1565770389814, 110.57265592896255, 119.96542930922239, 122.19835728717808, 125.53996563489646, 123.09227980633568, 104.28484883703958, 98.21309076628897, 89.6440621489663], [44.56437451340767, 51.899790587274126, 59.68599682394464, 70.17496105771532, 63.45469798260093, 55.04797212307467, 47.40302322090549, 20.65113434971302, 16.21577212851084, 18.02706944035924, 27.73751929107158, 38.1600467760548, 32.907993455248985, 26.461755769907427, 22.86413810339128, 37.508396429335775, 47.35721391004599, 56.36176658021667, 64.78047457180442, 73.05763807397796, 72.30772612244752, 64.07130624054737, 55.909317611595625, 47.327236149422056, 37.91946446707101, 0.0, 8.739274380200682, 18.502204283952842, 27.89786858695899, 34.74713732342054, 31.661359303434295, 25.99947757251982, 16.7128261429182, 10.405893784370328, 6.165782255927304, 30.851394998706397, 36.627742095247015, 46.375475574004554, 56.73743496147309, 62.428111608313294, 61.43035625001208, 59.15053932179958, 56.04965988644925, 47.24746775088513, 40.368931886463805, 26.796314158394193, 16.355780841217484, 87.21378095153908, 78.20469469727493, 72.33003025095329, 72.12176085996673