{
	"dissimilarities": [[0.0, 9.171402864915983, 15.93237806578999, 25.037193042039476, 18.660318925627344, 11.22654573149778, 6.482186213372229, 41.35967812812987, 46.28033510900284, 56.89597726181229, 64.14706746041138, 70.32261470530382, 64.92683533562537, 56.3573229194452, 47.900456625703015, 18.28535132888023, 19.559683250571776, 22.36068472487285, 26.98331189087094, 34.01279189143513, 30.133395393223015, 24.283073599293026, 17.79361627169615, 11.256318970221214, 11.58783328286505, 45.07841617084544, 54.03860532034436, 61.41379772419402, 69.74715800029009, 74.62356598100706, 72.4730405853399, 68.26953901514761, 60.008678478884235, 52.39767446937036, 46.474748545379725, 17.515837172998495, 23.350276834272563, 33.33368930106426, 36.17703952962985, 47.635889833223416, 52.89953872529208, 57.565140455911454, 58.36622351742134, 54.82401282072013, 46.14143214265277, 36.4251308766937, 33.37517418284934, 64.74472110926428, 61.100467167817605, 60.97341018901528, 65.89056447627725, 66.71855735608048, 71.82124487770956, 80.11729778550149, 80.4867823440506, 78.7155967848518, 76.62887021017552, 72.3924234891483, 68.59414181953642, 64.86897825155017, 65.1868087954035, 68.13650669228981, 70.91644288525596, 77.37242527349495, 72.47072668743984, 68.84480648800749, 65.98388542056666, 60.532150956221614, 68.51328860041357, 81.88671407341128, 94.03148974063059, 91.09563567990025, 94.6434759340969, 97.79865636268448, 103.29562515836093, 110.02122763284032, 114.71003022027922, 118.71971860785105, 112.68798654838147, 101.65497314335222, 97.90073675093814, 92.00372004323634], [9.171402864915983, 0.0, 7.780061384355457, 19.262687235100792, 14.37271080368498, 10.801576034013465, 13.07816615550797, 50.1456227587457, 54.79828327007503, 65.0744544029552, 72.60630013395784, 79.14524693315684, 73.76093225299402, 65.12298410491108, 56.71349784410383, 19.51808104480574, 16.00503208724522, 15.571369009294044, 19.121617758248487, 26.56473612675221, 22.151580723249953, 15.750931787799566, 9.883373017936382, 8.006031052338043, 15.356787290181567, 51.91531286027749, 61.11505920915933, 68.59545480670239, 77.23973607074196, 82.47481082743953, 80.4905811697336, 76.08470653867613, 67.6263296064832, 60.10654628175328, 54.00448518000332, 23.900375143210642, 29.392317130600155, 38.23187989433772, 40.85828182296704, 52.46824101714553, 57.880515645829604, 63.45319052567445, 65.47924865331848, 62.81646705199424, 52.65329182083302, 44.078391103347656, 40.98924661757984, 67.98863940799367, 65.07232416564193, 65.8706684663112, 71.29528282662844, 72.83577175945427, 78.55830763331967, 87.55072161366539, 87.13856638136474, 84.73426129070447, 82.01921362246397, 76.97760049853589, 72.63019515103198, 68.56995573860254, 69.92555199917898, 73.56126429634084, 77.09878543767917, 84.45474400254041, 78.64620832513367, 74.28691109349744, 70.73790319059887, 55.24045474764003, 65.3836805278937, 80.60173618428756, 94.23488452103642, 91.79829513258487, 96.57752960600514, 100.8687672629409, 108.45830635222288, 117.39569195985764, 122.81281625818234, 127.23093963427655, 121.43861989923806, 110.72400836377827, 106.50911442771586, 99.65753814239349], [15.93237806578999, 7.780061384355457, 0.0, 12.324380936808796, 9.940939275099309, 12.062474515729392, 17.94506492987097, 57.291845877735355, 62.13840688939648, 72.58222044251998, 79.96542656319897, 86.17382521363686, 80.85303927120411, 72.28574696749513, 63.82996513881829, 26.611397919234946, 20.969956566615537, 16.83930440859859, 16.506293206245036, 21.430159706750228, 16.35015804397511, 12.432801650474923, 11.301663611236268, 14.734798653912105, 23.072297466473273, 59.67433856742516, 68.82711442635387, 76.21455403802982, 84.66957315551761, 89.76929198791277, 87.87974712311713, 83.5999129193474, 75.26328757497487, 67.75656556898045, 61.69884538499852, 31.499773201314355, 35.79686903716687, 43.189928575839, 44.054974579227995, 55.47856507315262, 61.679751868350934, 67.94460002498826, 70.48260733893412, 68.53975746495446, 58.900705693517615, 51.18719602749715, 48.61306071491474, 68.24943276744364, 66.66613090445169, 68.84304230506024, 74.64455934475069, 76.8176221532941, 82.77179382751989, 91.84321046150316, 90.83064598521686, 87.98710555190576, 84.6191905722468, 78.90248343799054, 73.82731767656281, 69.3319737142468, 72.33122157566908, 76.72168996342513, 80.83424225441416, 88.52325182531452, 82.25720579489735, 77.38048922186948, 73.08002129803435, 50.14192478948487, 59.73251115216544, 75.41505615896116, 89.8889998453897, 87.89937663429923, 93.96004400708323, 99.4704849659788, 110.06121163622282, 120.52710003733975, 126.49370486034223, 131.17805014453822, 125.88484344057343, 116.2460911580348, 112.45236044986531, 106.24307915404415], [25.037193042039476, 19.262687235100792, 12.324380936808796, 0.0, 9.585114647681792, 17.583560188596195, 24.649886774887566, 65.03825587797739, 70.35105701575887, 81.27586698408389, 88.0662674324137, 93.21838399497672, 88.15136146634667, 79.90329068267067, 71.41334419733691, 38.64035732072645, 32.81536091744618, 27.009767128547704, 22.722979706700507, 20.82991174690553, 16.422356033383398, 19.58654342502495, 22.680967834395297, 26.79043806621605, 34.427139937902616, 69.95697690571491, 78.78172790242208, 85.82285475560164, 93.54174975551166, 98.02113775649211, 96.2542149609746, 92.45422813225204, 84.6139011035872, 77.13042272875127, 71.34243796474829, 41.96590837815464, 44.7944686043836, 50.49972571348389, 48.05166287809779, 58.745951802372126, 66.44923182253125, 73.22171974589422, 75.58475664773069, 74.28537974792042, 67.14426567441575, 60.063457667712605, 58.294341604719364, 66.58766966834168, 67.4709125046313, 71.81550467752406, 77.86993962646449, 80.6744017397809, 86.42113451166345, 94.80090992719063, 93.3134041809082, 90.19733371195825, 86.0391747326067, 79.68901487092245, 73.52067791538542, 68.37386998098808, 74.13872148697322, 79.47700953422078, 84.03035895688058, 91.39958799435907, 85.16415795136011, 79.9568773778742, 74.71357119052075, 43.99340855566007, 48.8658442979534, 63.705509377708374, 78.8128226819683, 77.69477243958544, 85.95521770425896, 93.37716944577085, 109.17096553138819, 120.53837565151362, 126.82544309484314, 131.43259482847515, 126.97560068942597, 119.50169267765186, 116.8856820324818, 112.91309425779698], [18.660318925627344, 14.37271080368498, 9.940939275099309, 9.585114647681792, 0.0, 8.85783060141731, 16.987799194167945, 58.03963432541412, 63.60024676154063, 74.63330702762839, 81.45646344766062, 86.72788840815177, 81.16052988930647, 72.7338525822857, 64.30719021350158, 33.39688382690041, 29.866981652190873, 26.755519936952744, 25.74076010079584, 27.76657195778559, 22.7179534143072, 21.73128152954427, 21.002741209761787, 22.236018329518394, 28.277246026657636, 63.48654716358275, 72.52030548304127, 79.93953026587896, 88.06533830541038, 92.58821000240101, 90.38438556655069, 86.41429061576811, 78.27395332235623, 70.56146149031487, 64.70630732796519, 34.51078681850794, 35.83264573700357, 40.953600862926, 38.728837073234835, 49.63825456740068, 57.03677900428681, 63.77610290927973, 66.40838046355613, 65.42218132612281, 57.84224180925478, 51.57500434705879, 50.829486567370196, 59.61620817430614, 59.264126017154915, 62.83377620860972, 68.8414145558095, 71.54207530454846, 77.46625612529837, 86.31793167335749, 84.72816904409149, 81.58157657374409, 77.65715694078256, 71.52523779876782, 65.84277706744864, 61.012021243197715, 65.55027778351543, 70.59597001403061, 75.09776243859274, 82.80493243942198, 76.32409579738565, 71.1366342689727, 66.19230325469383, 53.06899568098493, 56.92894955786106, 69.01586513821856, 82.03235720412951, 78.7609989855134, 84.10291185531977, 89.69072753151788, 101.91373684695942, 113.5261627499732, 120.30297116718188, 126.04638576793849, 121.84106627322305, 113.90855777985412, 112.47971876206282, 108.95520048609124], [11.22654573149778, 10.801576034013465, 12.062474515729392, 17.583560188596195, 8.85783060141731, 0.0, 8.539689624504279, 49.4839944472891, 55.056797158939005, 66.07017057818467, 72.94616670203271, 78.41563583557394, 72.66804561191239, 64.14443001273276, 55.74225800960556, 27.21031254013237, 26.312541441729593, 26.133932486376963, 28.014636153037397, 32.684835568447824, 27.856974755337543, 24.17267312792495, 20.140948011353913, 17.61525340016365, 21.11065347177401, 55.10047402541385, 64.14065986270333, 71.67728001188452, 79.95602538359185, 84.51253375512869, 82.11140955774782, 78.05354293362285, 69.80530796932494, 62.02228836760318, 56.170698206199894, 26.101921739033298, 27.383742000660703, 33.62349644752891, 32.87797100380864, 44.25327261987562, 50.975781590538794, 57.04851555161204, 59.13891661150432, 57.49900997383348, 49.6235743435111, 42.760338352494145, 42.08471418175509, 57.713553443315206, 55.68715219236755, 57.69018538299673, 63.32835654924562, 65.36030336795831, 71.0741603093494, 79.91287225197571, 78.93468274629342, 76.24811419792238, 73.0321418527655, 67.64968683855781, 62.801633931050674, 58.47601065465807, 61.065046533139736, 65.29677877567256, 69.19511507507647, 76.60077437776802, 70.56196119054718, 65.9126608836488, 61.78393533860954, 58.91954098677852, 63.44849991048997, 74.81593928157406, 86.62096950743852, 82.62720716766165, 86.14285911271597, 90.09854043820036, 98.57528444985988, 108.5683050240401, 114.86883164230657, 120.55189766606361, 115.92538080602102, 106.94959617887667, 105.5036521787796, 101.73578944374194], [6.482186213372229, 13.07816615550797, 17.94506492987097, 24.649886774887566, 16.987799194167945, 8.539689624504279, 0.0, 41.07414137883228, 46.63504582200285, 57.71556990281222, 64.499600142763, 69.94504755648967, 64.30481190121142, 55.819712303393835, 47.37892055734719, 23.792058802222957, 25.70637351487201, 27.95287083214547, 31.578929318856044, 37.32114648081741, 33.12514664011951, 28.439447847797695, 22.76623251870531, 17.0594902453168, 16.625878157026353, 47.454549617466064, 56.23986427063582, 63.61300668920049, 71.6721305400839, 76.08628056797323, 73.66425745096554, 69.70298211504401, 61.61299713438704, 53.864393335682266, 48.15170196830577, 19.7139517877403, 22.18136511850389, 30.446705095320397, 31.1572373113411, 42.50869518504483, 48.5916856479621, 53.518637204695416, 54.282839032782725, 51.345798558858576, 44.237826563582836, 35.67959268065099, 34.40815251338563, 58.58426666212282, 55.38694536151641, 55.9028383741251, 60.92341855814764, 62.00904847991691, 67.08281115316075, 75.2697645533968, 75.32921537012564, 73.41762455942379, 71.061790653898, 66.67294673340439, 62.618675985504076, 58.76683005302204, 59.72404370986811, 62.98987929521336, 65.9474957692682, 72.39897542812791, 67.39434680922906, 63.631043127029365, 60.46470590523533, 62.74625708700515, 67.57375448118873, 78.66244480721444, 89.65242668492289, 85.78385401359965, 88.49789473045203, 91.36636963934346, 97.24381101968875, 104.51419374314543, 109.73514910615648, 114.54009346574212, 109.23253846616839, 99.28922699074116, 97.3399867352556, 93.45443233567697], [41.35967812812987, 50.1456227587457, 57.291845877735355, 65.03825587797739, 58.03963432541412, 49.4839944472891, 41.07414137883228, 0.0, 6.80425753586429, 18.186332702461097, 23.72901291811945, 29.531630181122225, 23.622298895801023, 15.072677786529406, 6.653461341259676, 41.606647632108846, 50.983482239870305, 58.53021983513687, 65.37431887351092, 73.00176286626501, 70.25164515293967, 63.90860093401677, 56.33541548452412, 47.538466997795595, 38.33668969435121, 20.699999726258667, 23.810391235590266, 29.060908338638935, 35.22446717652372, 38.24488052418977, 34.63168663089935, 31.27543223993308, 24.654568937272725, 17.89878222647488, 15.842924554763808, 29.977827335116483, 31.803989891346102, 39.204108578207396, 45.326743842499425, 50.60984786944425, 50.79418136238744, 48.220198050540965, 41.76258978152066, 31.59488019849884, 32.14974932048586, 18.589166490854666, 15.538669588927554, 73.35257588503015, 65.46301410473026, 58.84772684574146, 59.551622372561845, 55.54513659508622, 56.21833964702516, 59.83785321190514, 65.40731437003657, 67.71875211212779, 70.21375164318164, 71.31744729613456, 71.91041969300215, 71.07769024120951, 64.01661590173447, 61.75397579856426, 59.33482087294568, 59.845843994919846, 60.99339982419862, 62.44305909784234, 64.74335006343976, 94.87281952386648, 99.88474724487116, 108.2487506352423, 114.87666887836433, 110.31920717736821, 108.1193503484237, 105.41292652624853, 96.61907239565737, 90.65791057448665, 90.41140978693056, 91.61882866252583, 83.06406573854612, 66.701907881594, 63.196931621062355, 59.02811481709656], [46.28033510900284, 54.79828327007503, 62.13840688939648, 70.35105701575887, 63.60024676154063, 55.056797158939005, 46.63504582200285, 6.80425753586429, 0.0, 11.584854595085345, 17.938735645302817, 25.30244626205006, 20.00769289188841, 12.010005227831375, 6.485995757235508, 44.45484725677016, 53.97082351192883, 61.863422831728364, 69.01702303555994, 76.96740815495261, 74.48284887301958, 67.86740301469855, 60.230686622804164, 51.4847073080211, 42.14339201447542, 17.343037739832575, 18.05789359379532, 22.487583109549014, 28.551115052146617, 31.867903039001266, 28.193177742320874, 24.548211539591104, 17.950616109858657, 11.720846183948883, 11.470713051728303, 34.01437198638806, 36.85319150987641, 44.493234879415155, 51.54162918340694, 56.582336450436514, 56.00141760888496, 52.846286936099425, 46.192874331177244, 35.69114824727641, 35.684489024613164, 22.54652071794808, 17.957343370525276, 79.77737028903967, 71.52380300869216, 64.29952159573776, 64.63550913492504, 60.213347219111846, 60.50188299584742, 63.61393036752147, 69.74620361432245, 72.45148327848042, 75.4382778450744, 76.98505514646308, 77.98575062679352, 77.38162571645603, 69.65536789758316, 66.89739217183002, 64.02974823833517, 64.0034806950162, 65.72293307033465, 67.61357254680614, 70.39902052258604, 98.5632920689486, 104.84768072196358, 114.01810351468592, 120.89851270360634, 116.7618907044816, 114.68046983236086, 111.77417546887966, 101.72588164116819, 94.24275475782687, 92.98862520052462, 93.08986266576771, 83.65493551009861, 65.66632223679771, 60.09717071415768, 53.73952073615856], [56.89597726181229, 65.0744544029552, 72.58222044251998, 81.27586698408389, 74.63330702762839, 66.07017057818467, 57.71556990281222, 18.186332702461097, 11.584854595085345, 0.0, 8.856390822709322, 19.357738258100323, 15.679313639313872, 11.937115852339414, 14.550832812825147, 52.772550085212856, 62.44179429646273, 70.75085056478137, 78.28352579721144, 86.64003647263571, 84.39596362170202, 77.43069099440628, 69.69172147373835, 61.032909417384154, 51.586292280501404, 18.940023437641912, 13.427262019179638, 14.101897872979865, 18.960028852106397, 22.36654716999041, 17.934373493851716, 13.681100288640673, 8.204631682427006, 7.676813410529334, 13.306933940239052, 43.55507800220168, 46.56258891746555, 53.606066272557, 61.58094357681696, 65.72738048548469, 63.82898141178428, 59.54408404830664, 52.47131220989927, 41.7845325810755, 41.9093839363217, 30.875625865352752, 26.462535020814354, 89.46667841136079, 80.51019484407261, 72.184054214499, 71.74204170845806, 66.57971376718704, 66.08217272661871, 68.22602611345526, 75.23455442806691, 78.64131023202546, 82.53819683961879, 84.99376739266441, 86.8486401067337, 86.77614907706815, 77.7427936892706, 74.03349742666778, 70.31284861698485, 69.26527165329016, 72.02485272697703, 74.7735807025511, 78.49441068023863, 107.94694997056688, 115.41671436896864, 125.01458451475938, 131.7133711598137, 127.69505589578435, 125.07280505998348, 121.37140367400639, 108.36582015702733, 98.37732638333246, 95.67857301747264, 94.5496871161173, 84.07613571634867, 63.715286385096725, 55.92885144064804, 46.71547218675249], [64.14706746041138, 72.60630013395784, 79.96542656319897, 88.0662674324137, 81.45646344766062, 72.94616670203271, 64.499600142763, 23.72901291811945, 17.938735645302817, 8.856390822709322, 0.0, 11.059355583607442, 9.699861162533514, 12.016733643183782, 18.390281545476704, 61.216972579761965, 70.76796726407242, 78.84428516736395, 86.10108132194662, 94.01619206148344, 91.83868984411701, 85.23881215366313, 77.65805583571957, 69.00293177352737, 59.63454120680314, 27.759814734620058, 21.24726901525535, 18.78324904355085, 18.381721160732283, 18.452656919166685, 13.334494294792023, 12.160856179751901, 13.559052961738182, 16.404615642943938, 22.153298916314064, 51.50713787534471, 53.71431584334151, 59.79959765356462, 66.71813866620128, 69.8121487448976, 67.80808134072166, 62.656149527816304, 54.350145461020524, 43.34406589462269, 47.04066084950871, 37.460051750628075, 34.45987264440335, 92.49793157039582, 83.69896937311421, 75.18500254757588, 74.04322227890185, 68.30678514641191, 66.63867732192209, 66.95880386108256, 74.98035958796787, 79.21831412508848, 83.75449105535519, 87.06447423092364, 89.36265189008706, 89.616727558226, 80.33148100553818, 76.05224165388161, 71.482189239215, 68.74423967514872, 73.01979873040467, 76.68907782188685, 80.98514972042085, 114.18236451498522, 120.24407065787476, 128.56847880701557, 134.1437181040511, 130.078339862803, 126.83836373635182, 122.43560373472474, 108.0817645181952, 94.9720081060774, 90.72728973728955, 88.32089534923426, 77.30790629829842, 56.02646982265356, 48.58385115836997, 41.73469060912653], [70.32261470530382, 79.14524693315684, 86.17382521363686, 93.21838399497672, 86.72788840815177, 78.41563583557394, 69.94504755648967, 29.531630181122225, 25.30244626205006, 19.357738258100323, 11.059355583607442, 0.0, 8.350047703105947, 16.366546403365067, 23.529229071259646, 69.6494206402143, 78.91786685900767, 86.48916694321441, 93.19145185733045, 100.29866675687822, 98.16026369070168, 92.23755795900692, 84.97346062025045, 76.37881182942768, 67.25443290368447, 38.165544890078884, 32.14046501871404, 28.97578437210218, 25.225595676479834, 21.568776254010075, 17.639958433033506, 20.198332177891547, 24.388628672626965, 27.00555166908231, 32.245642730757545, 59.144781188550844, 60.43198620296209, 65.52299820601638, 70.5841821158399, 72.60137833352475, 71.08245488711701, 65.32377961187422, 55.61092977706937, 44.513533108577676, 52.785522060824086, 44.3495174974042, 42.74969500464857, 93.2184628116168, 85.10729942757384, 76.9644323102646, 75.2024049997497, 69.06252497361228, 66.04989707409871, 63.9776801138916, 73.06933056229117, 78.19172309586695, 83.18589632943171, 87.28384713726821, 89.77863243210106, 90.23835400770805, 81.3507497821769, 76.75690310479106, 71.40273220326506, 66.59856049177563, 72.6461944622517, 77.22091283348927, 81.84874961505022, 118.82206105363714, 122.4144823902848, 128.73274751510965, 132.75099101687033, 128.68605549560235, 124.91452650682393, 119.93027478003377, 105.24102140186368, 88.4392418888362, 82.31336983924648, 78.20190521206496, 66.70594521241081, 45.01089298720932, 39.515322689607146, 39.06367313865755], [64.92683533562537, 73.76093225299402, 80.85303927120411, 88.15136146634667, 81.16052988930647, 72.66804561191239, 64.30481190121142, 23.622298895801023, 20.00769289188841, 15.679313639313872, 9.699861162533514, 8.350047703105947, 0.0, 9.01431525056735, 17.10949949210891, 64.25480355778183, 73.90187909695887, 81.71377911670096, 88.64802305672238, 96.11446707821005, 93.60616657718703, 87.38007868677536, 79.82400123552944, 71.02578272757256, 61.67750375158521, 33.57798719175232, 29.00728930075056, 28.11936859269482, 27.78489256785955, 26.40533133473564, 21.54883321672561, 21.670698784687815, 22.403279226366372, 23.009818356772072, 27.49809313365158, 52.992430222512155, 53.26033547056317, 57.704218040259704, 63.0647522691829, 64.89835335275431, 63.009491448306946, 57.25308914163446, 47.86365551520337, 36.77270075125729, 44.50109917421849, 36.75398688652999, 36.355359820016005, 86.32808612421066, 77.71603400860354, 69.23125049637906, 67.56764340615707, 61.50818606533995, 58.99125020311204, 58.1445678717358, 66.66300322542742, 71.37445472816813, 76.22964664147919, 80.1138015361932, 82.72343448448191, 83.27448912750201, 73.89145530726279, 69.28153610932294, 64.16266415368906, 60.29822843688055, 65.5316948922542, 69.81156920943204, 74.44648660504372, 116.19427636707643, 119.68890040854829, 125.75441411082168, 129.80496019505014, 124.77034458275334, 120.20908904700313, 114.93932266571247, 99.46258219672053, 85.31688170240524, 81.17172196611999, 79.83611711040487, 69.72471598294095, 49.56869935203724, 47.204665292782956, 46.63426490755365], [56.3573229194452, 65.12298410491108, 72.28574696749513, 79.90329068267067, 72.7338525822857, 64.14443001273276, 55.819712303393835, 15.072677786529406, 12.010005227831375, 11.937115852339414, 12.016733643183782, 16.366546403365067, 9.01431525056735, 0.0, 8.505953210963249, 55.56013861235695, 65.3202447490383, 73.21817864079004, 80.27615569476193, 87.99394258688517, 85.30925004893002, 78.87415848931168, 71.18153936885868, 62.31380021453259, 52.889666337503954, 26.60213363457397, 24.24524203059835, 26.025986151085128, 29.077544546384484, 29.989826519152576, 25.209498745468423, 23.202937099483265, 20.000672152820663, 17.503364898066486, 20.457162792316314, 44.046779462638625, 44.34861288628511, 49.337575431980014, 55.29762129762792, 58.03615750032503, 56.42680982314422, 51.48192179693246, 43.01646889025566, 31.874060457894547, 37.096226582108514, 28.000160460847663, 27.48195927723824, 80.48470770413643, 71.74919842258485, 63.503288645639955, 62.55346518072099, 57.05425679230956, 55.730414430402014, 56.86220225694782, 64.29237579920536, 68.12818529496616, 72.27675121143449, 75.2786973123521, 77.39604870911249, 77.6020349120751, 68.53094070090518, 64.52871701138903, 60.26630858883594, 58.163231211516866, 61.809868919032965, 65.15148891790754, 69.17480796633373, 109.17052482881489, 113.31636645408878, 120.12826571411881, 125.03423430300646, 119.83298805461051, 115.70274732156105, 111.07669154779434, 97.14203884159723, 86.48248641529356, 84.22764443903598, 84.54563125304844, 75.2542238312441, 56.57250084967916, 54.18429500395076, 51.78218367720598], [47.900456625703015, 56.71349784410383, 63.82996513881829, 71.41334419733691, 64.30719021350158, 55.74225800960556, 47.37892055734719, 6.653461341259676, 6.485995757235508, 14.550832812825147, 18.390281545476704, 23.529229071259646, 17.10949949210891, 8.505953210963249, 0.0, 47.89766120249921, 57.45249006782621, 65.12420483236842, 72.02135583455534, 79.62590385869701, 76.88453320141568, 70.55338653370593, 62.94217478074149, 54.110148934026874, 44.81918027650889, 22.97387054071795, 23.610137530142705, 27.511945813996274, 32.441986802631895, 34.56098269399392, 30.438659820524, 27.61964706616913, 22.212449889949198, 16.87216490198724, 17.146568336567263, 36.17352464797209, 37.01142659577167, 43.08959346934452, 48.98084574059216, 52.98906903824337, 52.39358713236651, 48.67358073576533, 41.11125933109289, 30.251807552053034, 33.43535410538333, 21.948078852663915, 20.57698254371542, 75.58636446967544, 67.31491627507083, 59.94856787419079, 59.88123970742059, 55.16040837264616, 54.89995685440007, 57.394687506066134, 63.83143619419314, 66.85060030210346, 70.09510632395825, 72.08276162502645, 73.36922330549034, 73.01564662141014, 65.03496275302737, 61.968625031725395, 58.68001547279933, 57.97271023088548, 60.28458830413465, 62.621688331085366, 65.71861335961873, 101.11360949448897, 105.4724490076606, 112.92322291384424, 118.64262747122933, 113.72173038480423, 110.5608580390651, 106.93786656646077, 95.84639099894196, 87.78186264236498, 86.70785712908422, 87.6173787269409, 78.80941080850673, 61.59634695656174, 58.846162329351294, 55.785850888638464], [18.28535132888023, 19.51808104480574, 26.611397919234946, 38.64035732072645, 33.39688382690041, 27.21031254013237, 23.792058802222957, 41.606647632108846, 44.45484725677016, 52.772550085212856, 61.216972579761965, 69.6494206402143, 64.25480355778183, 55.56013861235695, 47.89766120249921, 0.0, 10.775044899993409, 20.170891437824807, 29.08566698283966, 39.91963231258966, 36.84238465931599, 27.745812666163697, 19.26297388744334, 11.910761829148294, 7.443895562812054, 36.45219524571608, 45.906027414022255, 53.7447933849842, 63.56313095490136, 69.90974836673873, 67.8756441919665, 62.66683040808675, 53.563167224113236, 46.460662443423466, 40.1132983679189, 14.29275276481133, 24.791405025225533, 36.51739871356636, 45.174392993869446, 56.03287024495613, 58.17663553239957, 61.81620150465971, 63.31524612733368, 59.024921191633375, 45.218815594765594, 34.89153109362057, 28.938762182605476, 77.39671266839908, 71.29879423771634, 68.46580104854033, 72.83083917138624, 72.87074069769933, 78.24031251784022, 87.46149480395434, 88.28236461710965, 86.74913201651877, 85.66104096784379, 82.15835414891468, 79.77415522627842, 76.93129499073036, 74.0484129492648, 75.67936850546967, 77.91516537117859, 84.87237186029088, 79.83703988201644, 76.62890774886482, 75.05108112278948, 68.54984334568816, 82.81516226845478, 99.02543770158756, 112.0887657858784, 109.21088035460346, 111.86710514440993, 113.87670736718687, 114.33796445908852, 120.58389426249093, 124.81230434327871, 128.57970623904828, 121.29215757043579, 107.0778993310699, 100.36791491754421, 89.36753661854648], [19.559683250571776, 16.00503208724522, 20.969956566615537, 32.81536091744618, 29.866981652190873, 26.312541441729593, 25.70637351487201, 50.983482239870305, 53.97082351192883, 62.44179429646273, 70.76796726407242, 78.91786685900767, 73.90187909695887, 65.3202447490383, 57.45249006782621, 10.775044899993409, 0.0, 9.686872768331073, 18.90631449519248, 30.240939247757453, 27.53661675994112, 18.16212102539827, 10.735926101794947, 8.877327684718754, 14.136692291787954, 46.278541005616866, 55.39517017039194, 62.7695574867629, 72.11253709832036, 78.40057012637892, 76.81909883329325, 71.81196581028534, 63.05690146620957, 56.19362649267283, 49.974410329795674, 23.82951713598792, 33.25310827221686, 44.02941878035231, 50.90194510098972, 62.25739995350878, 65.48003726670389, 70.06315127620347, 72.09077001040897, 68.32077013752668, 54.99811509211396, 45.150736534397495, 39.32385334627405, 81.18703125786621, 76.47626196717229, 75.1609085550725, 80.08295661971094, 80.82013088784339, 86.51187451259193, 95.83697847153819, 96.14727187475415, 94.16256900579668, 92.34260728663165, 88.01473389717286, 84.72502933066478, 81.29003271130185, 80.25058090330943, 82.78522075315031, 85.69034123027777, 93.02927361249274, 87.50926403400986, 83.6793921976679, 81.20587892149493, 59.50727542640763, 76.10652466895729, 94.49196977306828, 109.24191724069473, 107.64605308456588, 112.4294643884411, 116.10355891102444, 120.31304335384982, 127.88440750794017, 132.35169040540106, 135.71476305488306, 128.504142640478, 115.08834858437203, 107.61769949132757, 96.27688781436643], [22.36068472487285, 15.571369009294044, 16.83930440859859, 27.009767128547704, 26.755519936952744, 26.133932486376963, 27.95287083214547, 58.53021983513687, 61.863422831728364, 70.75085056478137, 78.84428516736395, 86.48916694321441, 81.71377911670096, 73.21817864079004, 65.12420483236842, 20.170891437824807, 9.686872768331073, 0.0, 9.289351507744069, 20.853663082634977, 18.43676788720116, 9.281913316259956, 6.367774048365253, 12.82771831281238, 21.62326075857619, 55.25706467189511, 64.17187190505402, 71.23205472092216, 80.06423345047047, 86.08344197860951, 84.77032130584469, 80.03937725265584, 71.60584606465663, 64.78376076588866, 58.66816050470573, 31.84613232019565, 40.283283321160255, 50.186251210358144, 55.104378143469404, 66.6682775676587, 70.9910941518574, 76.30145347848539, 78.5724137173376, 75.25357672689978, 62.91407117122018, 53.388579156718464, 47.94570511838777, 82.98536387892038, 79.7143088433786, 79.87023772103491, 85.21696126574813, 86.53906057251297, 92.38576292757868, 101.61346869741145, 101.49899061598052, 99.17013241204768, 96.69524440840486, 91.69595425891306, 87.56851196382068, 83.6032590862864, 84.37666681968626, 87.71461461891268, 91.1447094544431, 98.64308993033018, 92.8304564101944, 88.53006733598129, 85.26086432987502, 50.73476947823835, 68.53145519566836, 88.40869999843474, 104.43630614510906, 103.9637685363546, 110.65293714441584, 115.83695905322492, 123.69275360951015, 132.29505353654434, 136.99394565096358, 140.0856457204065, 133.14616856371876, 120.82963579643693, 113.29105809716754, 102.54739452285186], [26.98331189087094, 19.121617758248487, 16.506293206245036, 22.722979706700507, 25.74076010079584, 28.014636153037397, 31.578929318856044, 65.37431887351092, 69.01702303555994, 78.28352579721144, 86.10108132194662, 93.19145185733045, 88.64802305672238, 80.27615569476193, 72.02135583455534, 29.08566698283966, 18.90631449519248, 9.289351507744069, 0.0, 11.71088985599702, 9.92033495893455, 4.652006650517497, 11.56084248589198, 19.93871728944641, 29.384776281521866, 63.573580483190675, 72.29825718875699, 79.07784683306929, 87.39530088390303, 93.08836759648334, 91.98897645152334, 87.55299603493022, 79.44458511540344, 72.64609532952026, 66.64981766168539, 39.580858284055, 47.23001210624977, 56.380230236003555, 59.465283393132914, 71.01919329823494, 76.33185938971219, 82.15960478769588, 84.47371236285706, 81.49003137073078, 70.31405249504049, 60.978827756127664, 55.87461706966733, 84.71055550991318, 82.85973528669486, 84.35625345881274, 90.00170116283412, 91.78436163538802, 97.65216662045988, 106.624814360899, 106.19977659547241, 103.63457307424146, 100.60906658788235, 95.08750459560157, 90.21740054649554, 85.79132441053846, 88.26098778303775, 92.27291284978851, 96.08620922091453, 103.5608547825617, 97.62862792729108, 93.00058859509053, 89.06285095494437, 42.20543311933773, 60.77404855208418, 81.98526934769426, 99.16295852357052, 99.87827125166845, 108.46481375604127, 115.09509186589858, 126.47287264812755, 135.76514359534934, 140.58400444751354, 143.34576614193873, 136.70014711091443, 125.53341273188977, 118.09173438661782, 108.20601229144823], [34.01279189143513, 26.56473612675221, 21.430159706750228, 20.82991174690553, 27.76657195778559, 32.684835568447824, 37.32114648081741, 73.00176286626501, 76.96740815495261, 86.64003647263571, 94.01619206148344, 100.29866675687822, 96.11446707821005, 87.99394258688517, 79.62590385869701, 39.91963231258966, 30.240939247757453, 20.853663082634977, 11.71088985599702, 0.0, 5.648776238050238, 13.567502908622245, 21.89632597360098, 29.798142000496423, 39.097444737049145, 73.15233628165424, 81.56624556101828, 87.94507465594877, 95.51687818331575, 100.69967401820882, 99.85939087790169, 95.86004637943111, 88.24202159163043, 81.50809318133346, 75.72510057199162, 48.97950162736223, 55.92185357162093, 64.369419666971, 65.31483407024746, 76.64692390099003, 83.09960476332887, 89.2945528771212, 91.33643583375888, 88.5619746494597, 79.18736720547737, 69.84959148308629, 65.05723997491079, 87.07752627624487, 86.99141881353837, 89.99314230327005, 95.84269136930638, 98.01528902769121, 103.69680926703082, 112.06722178606046, 111.4615772042387, 108.7816449468837, 105.22099290459467, 99.26694612728903, 93.58409598586456, 88.66193917547477, 93.11772898923053, 97.79606113163746, 101.87356261504641, 109.006465530258, 103.21866153275572, 98.39838355305338, 93.79910743761138, 31.30471037987054, 50.18985897540046, 73.08688572043076, 91.62431229977821, 94.12585455315804, 105.25077370862174, 113.66681448145566, 129.42122010951087, 138.9185214992143, 143.62116387694175, 145.71578557041073, 139.40770251809124, 129.76588099425342, 122.51563267896341, 114.0058255873239], [30.133395393223015, 22.151580723249953, 16.35015804397511, 16.422356033383398, 22.7179534143072, 27.856974755337543, 33.12514664011951, 70.25164515293967, 74.48284887301958, 84.39596362170202, 91.83868984411701, 98.16026369070168, 93.60616657718703, 85.30925004893002, 76.88453320141568, 36.84238465931599, 27.53661675994112, 18.43676788720116, 9.92033495893455, 5.648776238050238, 0.0, 9.778935190579395, 18.059989052299507, 26.056724829080995, 35.57802154997618, 70.83992502465043, 79.55429510433075, 86.28979036371466, 94.21345461916378, 99.43965793612846, 98.29165673665342, 94.16188704478132, 86.26206011765223, 79.27340418308754, 73.35417940051306, 45.297607567109175, 51.44981087963881, 59.380243201941724, 60.18365557890372, 71.47978255306012, 77.90132323943413, 84.28686443557862, 86.70179275544182, 84.35492143515201, 74.6991844629938, 66.0296803461591, 61.897625122787865, 82.05264330886887, 81.7702065728617, 84.77885798852907, 90.70836453544709, 93.04098079591196, 98.91779119806839, 107.62281852614267, 106.71260199331076, 103.84156092560978, 100.1845796668393, 94.12020335070538, 88.48050758190271, 83.60871906334017, 87.93112371998208, 92.68363502169937, 96.93450918403536, 104.40731034396096, 98.29098924955908, 93.29954550505289, 88.62798053975094, 36.062522130179154, 52.0401165877733, 73.06118939363253, 90.73372761780892, 91.96374801753835, 101.89988697313147, 109.76483890276316, 124.59439752416489, 134.9397884835468, 140.225136355629, 143.24806074982513, 137.3466681100272, 127.83343589318463, 121.63942071687913, 113.73407610863], [24.283073599293026, 15.750931787799566, 12.432801650474923, 19.58654342502495, 21.73128152954427, 24.17267312792495, 28.439447847797695, 63.90860093401677, 67.86740301469855, 77.43069099440628, 85.23881215366313, 92.23755795900692, 87.38007868677536, 78.87415848931168, 70.55338653370593, 27.745812666163697, 18.16212102539827, 9.281913316259956, 4.652006650517497, 13.567502908622245, 9.778935190579395, 0.0, 8.79998973725731, 17.5720845635834, 27.357919297359455, 62.862035836118814, 71.84007390943744, 78.91503937968238, 87.45790442938208, 93.10176181718136, 91.73278231308034, 87.24037239291609, 78.93240074792276, 71.88927308496804, 65.79221828926643, 37.35658195588566, 44.081772556715634, 52.64930730988223, 55.38506887937742, 66.89042932991767, 72.29977989141861, 78.35989834781968, 81.00638766219312, 78.46875840101626, 67.22934064627204, 58.57058480995747, 54.20586642569369, 80.38346150455287, 78.52858700006719, 80.1896300629033, 85.93531601485259, 87.91608490719047, 93.95013276069777, 103.16888061238865, 102.43162281245642, 99.6724269883819, 96.4949995217521, 90.8248786566051, 85.91151061157466, 81.48575891723053, 84.0360074251503, 88.19153231287771, 92.20025076502621, 99.95777208970813, 93.73034474331565, 88.91782851477471, 84.83917923826972, 44.71501102052103, 61.04337817656652, 80.85131158815626, 97.39514694207678, 97.21485091756527, 105.01172524704081, 111.33001119363989, 122.34979826598706, 132.44862680433843, 137.79773275224562, 141.34463446225968, 135.13793659799998, 124.3238928999403, 117.946492399899, 108.89222212813638], [17.79361627169615, 9.883373017936382, 11.301663611236268, 22.680967834395297, 21.002741209761787, 20.140948011353913, 22.76623251870531, 56.33541548452412, 60.230686622804164, 69.69172147373835, 77.65805583571957, 84.97346062025045, 79.82400123552944, 71.18153936885868, 62.94217478074149, 19.26297388744334, 10.735926101794947, 6.367774048365253, 11.56084248589198, 21.89632597360098, 18.059989052299507, 8.79998973725731, 0.0, 9.065978753316598, 18.870318289627786, 54.79969792610271, 64.00203767602612, 71.39008744894518, 80.3431397918862, 86.14224670143656, 84.48701992538646, 79.79223042708644, 71.19817112777352, 64.01670141660078, 57.8090919813025, 28.858050388438127, 35.919918913624535, 45.1161087392433, 49.25754896740775, 60.82444002142522, 65.49702432274691, 71.12325626916365, 73.67288356297144, 70.89944672896065, 58.9164019232869, 50.177263906378656, 45.860130808348295, 76.67826959774995, 73.55848298295366, 74.0671715737119, 79.55220787208431, 81.13110057731386, 87.12088563587021, 96.52222171977071, 96.04850277613997, 93.50945171126025, 90.80975487617204, 85.62322817981313, 81.36024347417457, 77.34260563326232, 78.40952773880208, 81.98453227214922, 85.64677942319943, 93.38627995745229, 87.28902694283197, 82.77826624911037, 79.27825945159202, 52.42989435799369, 67.27112742533627, 85.35003631913779, 100.54233322961653, 99.0961095626641, 104.95027495474054, 109.83355062355604, 117.62955238603163, 127.06434641049614, 132.36644454070637, 136.34554210298228, 130.01930844331196, 118.40902768677248, 112.40494919148605, 103.18846414780175], [11.256318970221214, 8.006031052338043, 14.734798653912105, 26.79043806621605, 22.236018329518394, 17.61525340016365, 17.0594902453168, 47.538466997795595, 51.4847073080211, 61.032909417384154, 69.00293177352737, 76.37881182942768, 71.02578272757256, 62.31380021453259, 54.110148934026874, 11.910761829148294, 8.877327684718754, 12.82771831281238, 19.93871728944641, 29.798142000496423, 26.056724829080995, 17.5720845635834, 9.065978753316598, 0.0, 9.85855790784073, 46.41383028806334, 55.74088025624664, 63.338102277834096, 72.45331555833693, 78.19707396366324, 76.27031067887391, 71.52382045574318, 62.79717246698576, 55.44633384887671, 49.20148058196217, 19.828683096540978, 27.668099079912338, 37.96110602598889, 43.24941289173032, 54.773877865106556, 58.88436986514463, 63.82328099355907, 65.77772431128753, 62.46988423291827, 50.55092069111897, 41.200071264400634, 36.85295535122914, 72.77880155798195, 68.56677269624916, 67.93556026627546, 73.02377535761123, 74.02728258347925, 79.7108348977675, 88.91237857015795, 88.94904394510262, 86.83229505737614, 84.71407098896364, 80.19472333005834, 76.5838100840056, 72.97276323462437, 72.65856926685856, 75.55733234645975, 78.65943031033369, 85.98238736981088, 80.37444968289046, 76.38529930121867, 73.5604756517219, 59.095239335520716, 71.93217115161627, 88.17808701389458, 101.92136519929547, 99.52750516051965, 103.70915693223802, 107.24300156891974, 112.18409453396794, 120.210911357022, 125.15727668657823, 129.22301266262158, 122.74009225670083, 110.5302104785964, 104.99870750958341, 96.15582150977474], [11.58783328286505, 15.356787290181567, 23.072297466473273, 34.427139937902616, 28.277246026657636, 21.11065347177401, 16.625878157026353, 38.33668969435121, 42.14339201447542, 51.586292280501404, 59.63454120680314, 67.25443290368447, 61.67750375158521, 52.889666337503954, 44.81918027650889, 7.443895562812054, 14.136692291787954, 21.62326075857619, 29.384776281521866, 39.097444737049145, 35.57802154997618, 27.357919297359455, 18.870318289627786, 9.85855790784073, 0.0, 37.080250538731406, 46.53980410227784, 54.38834798718513, 63.759140624001084, 69.51790327817551, 67.2800434084753, 62.413503478988694, 53.49696993316772, 45.99635028783989, 39.69996258673794, 10.260975638383075, 20.24912177674748, 32.15062430293367, 39.3161963623277, 50.404301593951374, 53.47053496292243, 57.31739228430038, 58.44336513529092, 54.29493556015815, 42.2152529340437, 31.78880279248569, 27.01664415021951, 71.0020265341359, 65.40190819453932, 63.16679507590504, 67.63568188646042, 67.81022045001436, 73.0457795154097, 81.96230506046058, 82.71915106455126, 81.18799492361097, 79.89326496349405, 76.30241497785713, 73.61843887848129, 70.59948671533827, 68.39937774501486, 70.31151661168919, 72.60989072000204, 79.34230007063098, 74.42931329744755, 71.18988683466372, 69.34372548251683, 67.20012028026532, 78.68696896992103, 93.31954472424532, 105.60308046894478, 102.34278610334333, 104.73828937849646, 106.72483322584809, 108.08319083477552, 114.25962930140918, 118.66032037193854, 122.69912518780828, 115.90058047584218, 102.71980572473989, 97.4464591833493, 88.64082626128246], [45.07841617084544, 51.91531286027749, 59.67433856742516, 69.95697690571491, 63.48654716358275, 55.10047402541385, 47.454549617466064, 20.699999726258667, 17.343037739832575, 18.940023437641912, 27.759814734620058, 38.165544890078884, 33.57798719175232, 26.60213363457397, 22.97387054071795, 36.45219524571608, 46.278541005616866, 55.25706467189511, 63.573580483190675, 73.15233628165424, 70.83992502465043, 62.862035836118814, 54.79969792610271, 46.41383028806334, 37.080250538731406, 0.0, 9.840126625510923, 18.5494311092075, 29.445993874384307, 36.164574256536454, 33.267413195472926, 27.36984759334251, 17.671248543925923, 11.389482966243989, 6.251237880340421, 30.038379987519836, 35.86211710344823, 45.31480141125112, 55.868068747865095, 62.39866804143215, 60.69636302935748, 58.68646021850231, 55.01164828906847, 46.19709485381981, 37.59531085166732, 24.556334596912563, 15.570747099628232, 87.72593351251406, 78.63366290573981, 70.9845