{
	"dissimilarities": [[0.0, 8.481525553714382, 16.14312949937781, 26.17053548110539, 17.338561808185393, 10.69734002772208, 5.651691733985762, 42.710782916642536, 47.4550384778947, 55.94484204234479, 64.16940739406017, 70.98485483069278, 64.6618428427921, 56.21403596187601, 47.891274936384896, 16.14973115005312, 15.248354190918604, 17.55436348563818, 22.792806070186664, 30.79166101106627, 27.03431104517321, 19.371452625267835, 12.970543416930727, 8.712688770758659, 10.266586231377886, 48.87646867623269, 56.53678934991251, 64.45915673396128, 70.32914114661654, 75.26540848786513, 74.89164730267123, 69.6978648186624, 62.811383957128314, 55.65005596363417, 50.688452379255956, 16.096157634802257, 26.729482447716304, 36.64655112762962, 39.885900852154286, 48.048964836765805, 54.31942629968365, 57.98965471104979, 58.993301341611016, 56.70715355077854, 47.35965012990736, 38.98414121429423, 34.26099681622222, 67.825848658641, 62.143996512979946, 59.94232682786862, 64.80171519448912, 66.56496387643138, 71.7639328221428, 83.16023641477705, 86.96387498617395, 86.1646069322909, 84.51468419117721, 80.52184665410302, 76.46777191036185, 69.11960245913694, 63.80930173168399, 67.85626627632043, 70.44523801142913, 79.92895456210252, 76.81691876172596, 74.36967691335967, 71.00710279907169, 51.916255956859615, 56.14452030663091, 67.47246699393969, 77.89545535658216, 93.447341702595, 99.72107550069863, 109.06691268050169, 111.5024753353031, 125.33940034858557, 123.50198994750127, 118.36653834053635, 109.85839485228688, 107.56444614819475, 101.12719162932538, 96.73143441205332], [8.481525553714382, 0.0, 8.22546256005861, 19.94086668967881, 10.919475512073324, 7.668386912409219, 10.766618241814882, 51.16613759320043, 55.830481259593675, 64.27281509645793, 72.57621775031427, 79.46451439488051, 73.12082713963572, 64.66452867915756, 56.35017722025551, 20.37459137829689, 15.465468944030729, 13.159520158552322, 16.17486435422783, 23.890358602774647, 19.50261613405448, 11.429854416162176, 6.978202295469585, 9.941566803169106, 16.527804966255626, 56.621888368969806, 64.43761315433257, 72.47610023160544, 78.46964047591126, 83.52973692188704, 83.22256332715146, 77.94661229630441, 70.95427787537302, 63.7688528883836, 58.74222825963231, 23.728623091273317, 32.47917512315074, 40.85794533674142, 43.09915974149055, 51.44121735440592, 58.35290644058918, 62.888577375715066, 64.93387369106385, 63.613931632891564, 53.83832640067529, 46.48059406048514, 42.35921164253012, 69.26736844074696, 64.3912739617731, 63.255342358104805, 68.9148912461175, 71.42011504497948, 77.15228663661688, 88.8294252425297, 91.8087314181355, 90.38133089224063, 88.03652074584032, 83.24056126240528, 78.63445321674642, 71.41642221386816, 66.90223096390997, 71.87209468872977, 75.13988370009744, 85.18989051537, 81.3123976049547, 78.2171205322992, 73.9643781346279, 46.70424029910153, 51.76385047810776, 64.31022465448828, 76.06302798852282, 92.17950595514787, 99.53744177346034, 110.03221505318888, 114.34862785309397, 130.7295001397184, 129.65454778196747, 125.22190699346771, 117.25990069477228, 115.35283678179967, 109.08000173837468, 104.45944162110324], [16.14312949937781, 8.22546256005861, 0.0, 12.58569621288731, 5.508131654872733, 9.87951705559796, 16.73692222834022, 58.540761293283715, 63.550165801237284, 72.06349578707339, 80.21714535948506, 86.75165275605818, 80.55658060368087, 72.1394775992649, 63.75403140368168, 28.252009108296598, 21.913729719083534, 15.998026811218342, 13.987563031725934, 17.902977821682313, 12.743458663041682, 8.209164021811358, 11.16795624186149, 17.688716951393786, 24.75107048642919, 64.75400592376195, 72.45711531721025, 80.30916696233835, 86.14456230471745, 91.0368080150918, 90.75869382127507, 85.71893423159281, 78.88573696272675, 71.75525234687363, 66.77401728369107, 31.64096742975987, 39.29232926257172, 46.27350572981405, 46.59588572330766, 54.60421537824263, 62.58610339402649, 67.80401487466821, 70.23379851613849, 69.5459208706573, 60.541736816940116, 53.83188970417882, 50.24920657578976, 69.52474452160165, 66.0205165286549, 66.33567695262705, 72.68007000309396, 75.7637314457411, 81.65041235778243, 92.93605028110278, 95.23363002701164, 93.36740834665957, 90.35295096373238, 84.90341637216709, 79.6650742202835, 72.47442998551419, 69.45568300186919, 75.30808424621274, 79.09908706504025, 88.96136168351121, 84.48145096075467, 80.87196972401506, 75.73792061321758, 41.53196508552203, 45.326354729558, 58.44233499291808, 71.31487173258344, 88.04792413233496, 96.64327269706249, 108.33079758942706, 115.34942509310052, 133.20871810700658, 132.92665050078708, 129.18732068737273, 121.88372562932263, 120.55515264173229, 114.88927179965592, 110.95756898880501], [26.17053548110539, 19.94086668967881, 12.58569621288731, 0.0, 10.245326369274965, 17.676037431235567, 24.726131431751366, 65.99893362943453, 71.87278135089102, 80.51212087957859, 88.13462466554607, 93.64078042906615, 87.86644987332267, 79.64640151578747, 71.194111307484, 40.29486938161582, 34.16758836268133, 27.329740573368397, 22.012155549238923, 17.44288156220832, 13.487069412919993, 18.200671340774875, 23.673886168512702, 29.835250641230747, 35.949606432423344, 74.73252643583024, 81.99411204419484, 89.25950549682786, 94.53254818631498, 98.81735524218064, 98.50209382033128, 94.16108680493352, 87.86622871500177, 80.92036573696252, 76.1507967111973, 41.45524703857589, 48.14964916572586, 53.588364518472254, 50.56461138915867, 57.440324757214675, 67.22076509166072, 73.00605931916596, 75.08784505463478, 74.84572815274163, 68.29013758534222, 62.13246995350204, 59.345774270678724, 67.34435980079074, 66.37254723347745, 68.98154980327666, 75.9636180512269, 79.52552084652774, 85.0717948027044, 94.89833565359793, 96.50196711696412, 94.35808932611896, 90.56494408131509, 84.55827087414362, 78.45409086582487, 71.17448760808966, 71.01739514257434, 77.85719016183657, 82.06291000043491, 90.61546117419492, 85.61777133344752, 81.57012414483481, 75.38376180122111, 37.41546668243973, 34.17447808341674, 46.27959596911369, 60.1730847563878, 77.82015603578759, 88.16531675213382, 101.3740298595465, 112.92639026424455, 131.08967474322492, 131.89120362024894, 129.1109515073012, 122.92629552215479, 122.69573400714117, 118.60623094272368, 116.93433764137131], [17.338561808185393, 10.919475512073324, 5.508131654872733, 10.245326369274965, 0.0, 8.044252889887538, 16.066556095711178, 58.26960119452308, 63.90971252523552, 72.5055063031165, 80.43530676850787, 86.52333050622366, 80.32111662723763, 71.95956110649126, 63.51519249870974, 31.02707297398098, 26.041225449746904, 21.223611321547377, 19.35197626856981, 21.201441611373642, 15.991199869892037, 13.590740382436165, 15.619221723225587, 20.681379371907788, 26.60357284010035, 66.08283794384077, 73.74954723149372, 81.53592510231525, 87.16276801436614, 91.75682426598323, 91.31454692582436, 86.47044910977566, 79.77195236138245, 72.59300678435113, 67.68188222762042, 32.1062809900373, 38.43055593404796, 44.37525726557169, 43.132463209560726, 50.77940268545366, 59.47677508117636, 64.97840678527194, 67.4070206069729, 67.14640285546933, 59.12702105622739, 53.061753209530806, 50.510702855892454, 64.4553246741409, 61.496497355044546, 62.49357527170816, 69.08954554399357, 72.39337677290433, 78.23701977020887, 89.17898626368061, 91.13912040619059, 89.12362876757659, 85.86373874463786, 80.25049472751834, 74.80570087896098, 67.58108185470095, 65.27822069910621, 71.47342146469992, 75.45032826653295, 85.03887919745124, 80.30321723590022, 76.51366449179216, 71.07127522577447, 44.04667273591945, 43.94897615129046, 54.724062983875434, 66.67183406149992, 82.92729520456889, 91.217300082216, 102.86658019149016, 110.31575041940333, 128.87890637395003, 129.05177390223724, 125.9452466795009, 119.34447869670414, 118.74257297106254, 114.35248724112348, 111.91299422985067], [10.69734002772208, 7.668386912409219, 9.87951705559796, 17.676037431235567, 8.044252889887538, 0.0, 8.495313455657886, 50.58592026179842, 56.262635034944935, 64.83866462579273, 72.80303154894197, 79.0213702758094, 72.65074867334604, 64.26369558440113, 55.838052387193684, 25.08149196266181, 22.377292861734322, 20.762958734149283, 22.335816117345185, 27.209148492626476, 22.34906398099095, 16.780455068813037, 14.188046268461987, 15.641466467580495, 19.776829013435822, 58.57944473285291, 66.32555680008002, 74.25413878877049, 79.92560053191244, 84.53283131220796, 83.97557529124276, 78.99363754326419, 72.2075298507585, 64.94926863098277, 60.03523144911756, 24.27555381479463, 30.734272768624884, 37.56837518445685, 37.517797458009994, 45.46930562467971, 53.452086556915184, 58.418047586693085, 60.463821579575246, 59.768513872826226, 51.41821572969872, 45.03954016272112, 42.60290755691858, 61.93622723890931, 57.66503498495747, 57.38514695630609, 63.41001795497511, 66.22556575962727, 71.92476459741786, 83.18524582564353, 85.7171963126864, 84.09020513928031, 81.4252300513895, 76.42274922234557, 71.55867773977575, 64.2605774997226, 60.61046729354621, 66.04921107871353, 69.57951836193824, 79.30246682729232, 75.065690991718, 71.72662642094072, 67.0778142037827, 49.7480309543804, 50.032091780116104, 59.536957865549546, 69.91217682174376, 85.27167916538716, 92.08261037872649, 102.417554519795, 107.12731581827376, 124.49029075432026, 124.03460013638461, 120.48904093290506, 113.51808789446551, 112.65911639468715, 108.24808441116163, 105.82053676545749], [5.651691733985762, 10.766618241814882, 16.73692222834022, 24.726131431751366, 16.066556095711178, 8.495313455657886, 0.0, 42.25099328109051, 47.89135281227879, 56.493709616715535, 64.40406638541504, 70.62350539377488, 64.31648850879435, 55.92913608139784, 47.49716513341989, 20.723881106861114, 20.752541033179668, 22.309615371021884, 26.22673466934153, 32.507640929612464, 28.417747320076252, 22.01291597249585, 16.85297973321602, 13.763098052942695, 14.137290628338551, 50.67954942659719, 58.20502715069133, 65.95942891963473, 71.52173004788581, 76.05831926733893, 75.49645322060951, 70.59375390020736, 63.92730178195082, 56.745965043916655, 51.90684218900291, 16.98581312253388, 25.626825558494698, 34.44268425303782, 35.87360459082418, 43.72073540310005, 50.8684263546622, 54.81906342466861, 55.68060043871598, 53.767966390380835, 45.70594822369401, 38.005186088305805, 34.667815001670036, 62.57505185550169, 57.354539390652135, 55.76881630769288, 60.86427133064566, 62.80916656202492, 67.92265967095732, 78.92455895718048, 82.46837157847645, 81.57746489476438, 79.72125941205815, 75.6278698255496, 71.39012009558908, 63.93661141702608, 59.306536851074476, 63.663721016490726, 66.40349469404238, 75.52871732291828, 72.19963813076656, 69.6165278552669, 65.9982287624488, 53.57423567808685, 54.556991759348236, 63.8281954188705, 73.25953154430206, 88.3044409673865, 94.20792004736141, 103.42318795722062, 106.24082492316853, 120.52296156116321, 119.11425124615691, 114.5863638982918, 106.78693382943926, 105.2802172553606, 100.26438847676485, 97.6289100034598], [42.710782916642536, 51.16613759320043, 58.540761293283715, 65.99893362943453, 58.26960119452308, 50.58592026179842, 42.25099328109051, 0.0, 8.842020796142194, 16.33789886645177, 22.776210515452938, 28.736924127734007, 22.070735058014627, 13.699299908115778, 5.253191548526382, 40.438280670705765, 48.85148699609481, 56.62194529740775, 63.7620919513948, 71.70599987544664, 68.92345938925416, 61.759057220500246, 54.31314337551813, 46.124647295406085, 37.67497656857875, 20.877444096628498, 24.006877915077357, 29.390645108682403, 33.292388142514795, 36.51967384804537, 35.0996619546499, 30.733078921911712, 25.485232640782858, 19.586210254119198, 17.13631234274618, 29.374024210458515, 32.14912163772532, 40.62165080308608, 46.94675235199055, 50.380816149410094, 50.2958494372142, 47.39988843570848, 41.165341814409466, 31.918991925034913, 30.028737233080413, 18.56191004177614, 13.312613109635574, 74.19039879990206, 65.57990598078192, 58.23374060039594, 57.15254171036201, 53.90937018063829, 54.528421912352805, 62.45546068868282, 70.97711874977978, 74.02780016286663, 76.71639992440207, 77.75639736432477, 77.41808981376685, 71.01820915763875, 62.35335945470124, 60.1209703504872, 57.99726906942463, 62.4647137811731, 64.72011169769765, 66.57646308385038, 68.96168422254897, 87.99692577814444, 89.16830041821034, 94.82515200645592, 98.81965812117551, 110.00381688768002, 110.44314231040748, 113.2390013365528, 104.70073720096833, 104.0096426067616, 97.55947759048084, 88.3861615686986, 76.76026214584797, 71.98532445334459, 65.32419487544169, 63.45731074514052], [47.4550384778947, 55.830481259593675, 63.550165801237284, 71.87278135089102, 63.90971252523552, 56.262635034944935, 47.89135281227879, 8.842020796142194, 0.0, 8.655662031977045, 16.810040546379597, 25.15064299809319, 18.531550845667155, 10.693649721892427, 7.038877585289149, 42.529108653247306, 51.173446880407944, 59.549149578907105, 67.22706714495826, 75.93582912778955, 73.44180210007578, 65.82812410039139, 58.098001829085426, 49.64560359789514, 41.13243526690809, 13.641475111828154, 15.224397610011435, 20.894721851804917, 25.591453904378838, 29.85815309522748, 28.68206141188846, 23.192895494617076, 17.099444832591818, 11.016583954125297, 9.041560169753446, 33.72095464912072, 37.19098918931489, 46.12801575310331, 54.1231187299527, 57.83825866202058, 56.56754176374352, 53.13828311788303, 47.203735883143004, 37.84607400201964, 34.264057249302994, 23.19065119955636, 15.993783785242625, 82.45453930071184, 73.31157882459274, 65.24445695827117, 63.69337944109663, 60.10699140061829, 60.61204064576024, 68.66842225420848, 77.53471555036445, 80.82186669270148, 83.94640915168938, 85.2987159914292, 85.32701199122712, 79.15598414122387, 69.69367158488443, 66.91963240918484, 64.4661926745863, 69.11529060904837, 71.84735934016189, 73.99154038978806, 76.82787304645294, 91.65784198979789, 95.240646265862, 102.40727661537426, 107.130080621289, 118.70917220772321, 119.27838662819953, 121.91900734312424, 112.25916344485017, 110.14056350987578, 102.78032546788367, 92.48411296693551, 79.62811540940513, 73.20201831035499, 63.76995517909884, 58.43092118198149], [55.94484204234479, 64.27281509645793, 72.06349578707339, 80.51212087957859, 72.5055063031165, 64.83866462579273, 56.493709616715535, 16.33789886645177, 8.655662031977045, 0.0, 9.069176333132962, 19.03890908141811, 12.785761953942755, 8.363434170995728, 12.240025943265845, 50.08831893457873, 58.8760748813339, 67.4897028149089, 75.34737647622651, 84.25789484943823, 81.85709323442599, 74.117534532578, 66.28483231510117, 57.75455501925986, 49.24195234247872, 14.827967370558985, 11.573025681943205, 14.630370298625083, 18.582060023379704, 22.716898814977124, 21.201301743330717, 15.080328755068509, 9.37600455633198, 6.178556088844543, 9.108770222733527, 41.95002767082569, 44.42260819855531, 52.453670195427755, 60.83052400244261, 63.928519227024374, 61.45077209172033, 57.07913785559541, 50.56174019000716, 40.79234620153631, 38.34304086930172, 29.0717373222446, 23.641165910409086, 88.5050111098587, 79.01919041850383, 70.30253008626325, 67.8190348351741, 63.52604978268453, 63.24459064105304, 70.49298678551466, 79.94626050794187, 83.80809072143164, 87.66570019551834, 89.80215905743603, 90.48029410362551, 84.69898903358245, 74.74910706180721, 71.00632265699794, 67.83160619518773, 71.64248146782744, 75.29383046557525, 78.09908621157447, 81.81619782952724, 99.54593036085708, 103.54411962190053, 110.54954313095588, 114.78267966399176, 125.83927427475977, 125.68615717218964, 127.37807489463216, 115.74007907861214, 111.09114759222805, 102.71318858362254, 91.47285530112825, 77.81200340304484, 70.31372189198589, 59.86555239035814, 53.534328981692525], [64.16940739406017, 72.57621775031427, 80.21714535948506, 88.13462466554607, 80.43530676850787, 72.80303154894197, 64.40406638541504, 22.776210515452938, 16.810040546379597, 9.069176333132962, 0.0, 10.679422086482674, 6.6235367781508545, 9.976578699604188, 17.730010992193375, 59.02509462042595, 67.69161123445093, 76.11357135477333, 83.75855943896673, 92.25844929835999, 89.95642073175186, 82.5522314007485, 74.87720924104147, 66.42631230686213, 57.91955061142533, 23.185727571864057, 17.438784083404954, 14.981779897225296, 14.878944377489452, 16.307489206649993, 13.900295092269264, 10.010580206476597, 10.414303308236272, 13.412172418302747, 17.772384925890897, 50.41151880496542, 52.276615410090244, 59.37755947647739, 66.89550706541243, 69.05222002320923, 66.20929335353291, 61.08906214084255, 53.412736574689276, 43.08652393264582, 43.7592268177801, 35.945549474286366, 32.082433331720424, 92.50401799405361, 83.29649171304473, 74.54192491358268, 71.24752762154984, 66.26617948776679, 64.79010516766769, 70.17117996893039, 80.32906630998177, 84.95760995526659, 89.49166334462052, 92.50433627592437, 93.68307774283318, 88.17828985573837, 78.60368671067633, 74.07071580065194, 70.14586838868014, 72.0918146316283, 76.79847486976368, 80.35505158820902, 84.85641586888462, 106.78994993512458, 109.81910552750726, 115.8664545127284, 119.12320937097013, 129.45585044748023, 128.55175373776677, 129.20560848989564, 116.46547032719057, 107.8279987875154, 98.39853190833706, 86.08584921222733, 71.6452415292575, 63.28712347340954, 52.72235869471913, 47.87456350014921], [70.98485483069278, 79.46451439488051, 86.75165275605818, 93.64078042906615, 86.52333050622366, 79.0213702758094, 70.62350539377488, 28.736924127734007, 25.15064299809319, 19.03890908141811, 10.679422086482674, 0.0, 8.058187583699013, 15.769224594267596, 23.5858347507558, 67.59376153138159, 75.97282364520917, 83.89998533177642, 91.04119563560538, 98.67963417854406, 96.45299206097702, 89.71522328639365, 82.4008296460621, 74.1788302689608, 65.74049431560572, 33.64730007025688, 27.807285444428587, 23.23473515970849, 19.664485091319655, 16.486216114306703, 13.504868848579203, 15.954753770036719, 20.40734974508451, 24.028577983839178, 28.094564441018232, 57.88445150254526, 59.35256115075495, 65.53960516064036, 71.32089015985851, 72.35994695260644, 69.8958849234538, 64.34665955210889, 55.28764365163289, 44.52037243401835, 49.31657553775356, 42.589296781008265, 40.11867665587119, 93.71446994352732, 85.34410823906022, 77.1379747125255, 73.27496681716653, 67.76510125848687, 64.9177111254583, 67.63482614782568, 78.45827503513513, 83.90465815035732, 88.94333717734426, 92.78372614713328, 94.26181575217142, 88.94114540541928, 80.50829397164568, 75.47932418585621, 70.91656681845743, 70.27915683040717, 76.00248358677136, 80.27451494889719, 85.35070007575645, 112.32023665791317, 113.2472624417815, 117.64335481084848, 119.52997859060343, 128.93502547440747, 127.29588394325661, 126.92191820600748, 114.05019701045272, 100.56427154149023, 90.19398940914328, 76.81158218681432, 61.68691901545166, 52.85956086329278, 43.642869325927364, 43.79620266362444], [64.6618428427921, 73.12082713963572, 80.55658060368087, 87.86644987332267, 80.32111662723763, 72.65074867334604, 64.31648850879435, 22.070735058014627, 18.531550845667155, 12.785761953942755, 6.6235367781508545, 8.058187583699013, 0.0, 8.49131024576096, 16.825555535602412, 60.818448067093954, 69.55253061846416, 77.74782098579954, 85.13530026793354, 93.18219358380017, 90.67474831638239, 83.51512357436751, 75.95174911457357, 67.58748974342095, 59.03441384798136, 27.478898409507543, 23.164660103693322, 21.553426143611343, 20.786263228572277, 20.500715823520625, 17.65629119952619, 15.999487882019412, 16.760937290774997, 18.194754951604928, 21.675476876635567, 50.9115310274738, 51.68335418252715, 57.80257421449426, 64.21056577967326, 65.61184796750922, 62.85341330364641, 57.466417659336265, 49.01022387957342, 38.40506510932255, 41.58255613971472, 34.74491237057958, 32.74650947534844, 88.10565689157025, 79.17173585844792, 70.60375991442577, 66.98264809909911, 61.73568198967496, 59.65931377354709, 64.1412222786523, 74.50948154936587, 79.41093191957259, 84.13509503608171, 87.50054970993492, 88.8650706471136, 83.50102378280712, 74.3294251976138, 69.51022670667568, 65.28769179132873, 66.26533183865672, 71.32731211622888, 75.17751146204047, 79.98470072149348, 108.04177658464772, 109.18463363746064, 113.7045278086757, 115.88501693631231, 125.37008762095361, 123.74805978900457, 123.77331011859188, 110.53512588108876, 101.28213686761472, 91.94351714513489, 80.01965719922313, 66.19058075005105, 58.87150017909089, 51.107150832283445, 50.304022346203226], [56.21403596187601, 64.66452867915756, 72.1394775992649, 79.64640151578747, 71.95956110649126, 64.26369558440113, 55.92913608139784, 13.699299908115778, 10.693649721892427, 8.363434170995728, 9.976578699604188, 15.769224594267596, 8.49131024576096, 0.0, 8.46203630314465, 52.50392885683841, 61.22713522891354, 69.39531321017722, 76.7961775116533, 84.94596028894408, 82.34475938406739, 75.08009305570059, 67.48869992129109, 59.12701173847449, 50.57345609991226, 21.801057174106784, 19.908434955984507, 21.628125966515636, 23.45262181501576, 25.30815843286347, 23.162554957108185, 19.482322012654677, 16.57094565121511, 14.304839639851435, 15.968884519492711, 42.434748364816414, 43.746884056629966, 50.67622864618977, 57.38160095112189, 59.545926692893126, 57.4922320695612, 52.8642805033901, 45.17285473430491, 34.784672013918616, 35.85089532571649, 27.399479968250727, 24.43479553465815, 82.86637570151831, 73.86669299168886, 65.53390247035823, 62.75133462617765, 58.15928888049579, 57.13251435865555, 63.20508327046002, 72.95572591240835, 77.16412606058262, 81.18191434882701, 83.69901547816046, 84.48798295490089, 78.74949044591061, 69.51126817196857, 65.53356982903789, 62.032154572795456, 64.53911812127697, 68.5815071417963, 71.71744558767647, 75.70783935053291, 100.37311115161158, 101.82318526237968, 106.9247828086596, 109.85860139739846, 120.01626780591828, 119.14722231998566, 120.20480281804981, 108.48439963536076, 102.74896075343177, 94.49949038223222, 83.62438420538264, 70.58286864746624, 64.19917233671454, 56.591007813508945, 54.77769286397457], [47.891274936384896, 56.35017722025551, 63.75403140368168, 71.194111307484, 63.51519249870974, 55.838052387193684, 47.49716513341989, 5.253191548526382, 7.038877585289149, 12.240025943265845, 17.730010992193375, 23.5858347507558, 16.825555535602412, 8.46203630314465, 0.0, 45.05433598586002, 53.58605626751407, 61.5066983929529, 68.73693903376173, 76.7326004176312, 74.04034992260777, 66.86743460817642, 59.3790651022323, 51.12511608805094, 42.63107884462277, 20.367640252258703, 21.653341899726193, 25.881664977865196, 29.140236604324766, 31.933864525231613, 30.298347074669554, 26.170408073437926, 21.584431207601114, 16.622041813693798, 15.517449973220147, 34.40698494491852, 36.580038950053144, 44.416488259860046, 50.860948520474324, 53.75016629017929, 52.89552999962051, 49.273982733503544, 42.3418732283382, 32.46352551108183, 31.91657192490066, 21.566262289496827, 17.319313866871514, 77.35796728927079, 68.61101778808299, 60.87424099831509, 59.100208415718335, 55.29082416759209, 55.22727585030611, 62.40438780169577, 71.46290667474203, 74.99625253886934, 78.21687258657701, 79.85474993417472, 79.95554436066986, 73.7939441485342, 64.92801117340429, 61.98811200875676, 59.29484549429186, 62.93746269853646, 65.92386041780297, 68.30759346955419, 71.34131402131615, 92.60887173678174, 93.85402963406992, 99.2728895225312, 102.82913118251606, 113.6189023697288, 113.55340419729076, 115.66793710540743, 105.94699459265199, 103.17442173031444, 96.01606710106381, 86.15145363376162, 73.94414020993071, 68.55839199245484, 61.526868554966036, 59.73372567862572], [16.14973115005312, 20.37459137829689, 28.252009108296598, 40.29486938161582, 31.02707297398098, 25.08149196266181, 20.723881106861114, 40.438280670705765, 42.529108653247306, 50.08831893457873, 59.02509462042595, 67.59376153138159, 60.818448067093954, 52.50392885683841, 45.05433598586002, 0.0, 10.183542440554222, 19.892343397199916, 28.955968066026077, 40.48370068489306, 37.302515832838594, 27.285450448269753, 18.668547024375542, 10.564884972174, 7.110752011354217, 39.56316542844195, 47.95083028386108, 56.85903303440519, 63.7171134966686, 69.73485401651405, 69.5009401381584, 63.09396577763806, 55.328338829064585, 48.10226285272947, 42.89332283580692, 14.336883558876352, 24.92025932865318, 36.444959599636384, 45.11179750826028, 53.65885479627348, 56.41222426654826, 58.8232853468133, 60.418401851714854, 57.59766061605853, 44.343502342261445, 35.544163008099126, 29.014740265895696, 77.39447422509929, 69.33873256115963, 64.43831592977534, 68.04962439346346, 69.04127121261781, 74.4777150519885, 87.4386741432005, 91.89908456125853, 91.39614647483316, 90.72258021375887, 87.46407060448384, 84.56927571757977, 77.82491563673808, 69.44945954618198, 71.94647501167118, 73.84577910858732, 84.75520334914822, 82.40756881499617, 80.57354731289952, 78.59527178649473, 61.02969726153871, 70.64170760578509, 83.49103395923233, 93.89645265930396, 108.83665184496833, 113.91236948124227, 121.99748018187485, 119.86476897054219, 133.53548193739445, 130.47556226747326, 124.25137794149718, 114.43822126613169, 110.5822826788494, 101.73716165950961, 93.48832675158361], [15.248354190918604, 15.465468944030729, 21.913729719083534, 34.16758836268133, 26.041225449746904, 22.377292861734322, 20.752541033179668, 48.85148699609481, 51.173446880407944, 58.8760748813339, 67.69161123445093, 75.97282364520917, 69.55253061846416, 61.22713522891354, 53.58605626751407, 10.183542440554222, 0.0, 9.991625027887006, 19.297246864028168, 31.367628506365623, 28.65234338582429, 18.75670809561243, 11.229107942335489, 7.549550862711568, 12.662267745418552, 48.47589049114824, 56.43191226490995, 64.84133671426521, 71.524924943265, 77.48915609238279, 77.51068455644597, 71.45266477269092, 63.9807431279485, 57.00907995243783, 51.89129771266329, 22.254417446736863, 33.105531119419496, 43.69824179698288, 50.5085132032144, 59.25371446025059, 63.431016827661345, 66.69420729788966, 68.63504867655563, 66.18956501913966, 53.662425181068116, 45.04424962158225, 38.38125544434908, 80.78881711587174, 73.97677979986186, 70.49043886334465, 74.9696237865877, 76.58134216490366, 82.24451993802177, 94.89189158982933, 98.87323345011973, 97.98931792497079, 96.63685491247156, 92.65340472728955, 89.00980884897983, 82.07288980971424, 75.0991790867716, 78.61942171960162, 81.09363463367937, 91.87647218782722, 88.94876477446392, 86.58342213190839, 83.63354314475005, 51.83039503368451, 63.76314304759784, 78.90180200889714, 91.16368580086554, 107.37778461994554, 114.17783746355559, 123.76580140870935, 124.80396147904958, 139.2797719812103, 136.75512715946377, 130.701668352474, 120.97233946205726, 117.1506502074137, 107.79472471060066, 99.08372768407077], [17.55436348563818, 13.159520158552322, 15.998026811218342, 27.329740573368397, 21.223611321547377, 20.762958734149283, 22.309615371021884, 56.62194529740775, 59.549149578907105, 67.4897028149089, 76.11357135477333, 83.89998533177642, 77.74782098579954, 69.39531321017722, 61.5066983929529, 19.892343397199916, 9.991625027887006, 0.0, 9.35189173431798, 21.71320604955481, 19.370622078406388, 10.300171577835147, 7.522769518333658, 12.476902573230385, 20.33568352353196, 57.75240089072325, 65.4071171729244, 73.39342450982716, 79.79224889940924, 85.51041491841713, 85.64157862249381, 80.00219324304497, 72.83768813368329, 65.9866401407769, 60.9429908174764, 29.853903639016792, 40.351220945938884, 49.909546357854815, 54.568399015827154, 63.234458588826286, 68.87818166208498, 72.93955724013286, 75.10968105483701, 73.12308056513196, 61.62436182665191, 53.324482782373174, 47.0427749138224, 82.13325133351299, 76.73898115330378, 74.78473535456631, 80.07553790104572, 82.28469869427254, 88.0889654613192, 100.25910062309487, 103.68403977291834, 102.41940000920262, 100.3692460127387, 95.70203663863353, 91.31833147969274, 84.23635918421432, 78.8715077279082, 83.38878543180411, 86.41186733649666, 96.89339690442173, 93.37397756498159, 90.49073964192992, 86.58020355138575, 42.7089785988845, 55.74378859892477, 72.57271918885402, 86.37666182787548, 103.59881441761723, 111.98095186443916, 122.9695422024071, 127.26754767441483, 142.66368875135785, 140.85180734043337, 135.26030621606606, 125.96747359360674, 122.56387234379959, 113.46906582204726, 105.30419474966675], [22.792806070186664, 16.17486435422783, 13.987563031725934, 22.012155549238923, 19.35197626856981, 22.335816117345185, 26.22673466934153, 63.7620919513948, 67.22706714495826, 75.34737647622651, 83.75855943896673, 91.04119563560538, 85.13530026793354, 76.7961775116533, 68.73693903376173, 28.955968066026077, 19.297246864028168, 9.35189173431798, 0.0, 12.621258515430576, 11.014753878184207, 6.793726063974466, 12.641677785949895, 20.25680230156897, 28.332240189300844, 66.3092685799146, 73.7133042546778, 81.33176355134678, 87.44069126742555, 92.88207155131842, 93.07570864998796, 87.8359700614819, 80.96249146924036, 74.20892453032896, 69.24205653734552, 37.36534274389187, 47.43943957318442, 56.0993083175419, 58.819828858091974, 67.20976521814991, 74.08733330636144, 78.74857652507758, 80.99551551401751, 79.36852246183653, 68.93955892832135, 60.91108738700881, 55.001309639173556, 83.43397478641077, 79.44590364696185, 78.89744076355247, 84.81508607032255, 87.48916760332416, 93.31827481363584, 104.90795703689508, 107.84666867677329, 106.28510175770793, 103.63820388745373, 98.42514799842935, 93.40468981528241, 86.23595866422963, 82.4470763148849, 87.77761341838985, 91.22456433563289, 101.26458172407581, 97.27436637047242, 93.98002961242143, 89.25971778152518, 34.470851568344365, 48.05070860969079, 66.39587307303353, 81.58977058350033, 99.67505928966656, 109.52938865402326, 121.76926298702871, 129.15983275889477, 145.17952159648388, 144.03811482115526, 138.91413930041605, 130.10361621403288, 127.16171338902484, 118.50472239838963, 111.12118252178557], [30.79166101106627, 23.890358602774647, 17.902977821682313, 17.44288156220832, 21.201441611373642, 27.209148492626476, 32.507640929612464, 71.70599987544664, 75.93582912778955, 84.25789484943823, 92.25844929835999, 98.67963417854406, 93.18219358380017, 84.94596028894408, 76.7326004176312, 40.48370068489306, 31.367628506365623, 21.71320604955481, 12.621258515430576, 0.0, 5.724169872818324, 15.017276787133504, 23.22313866600408, 30.97116743386136, 38.565495248057175, 76.50371016227636, 83.49872715673571, 90.53848753978005, 96.13898138845335, 101.06532239129405, 101.2964776574788, 96.71352744252287, 90.33436334237018, 83.74522949212542, 78.93526021991951, 46.65811002855049, 56.358953780139494, 64.07766853523424, 64.22166737495243, 71.94325781436805, 80.38872453598748, 85.5836910245155, 87.53159586452479, 86.1480281407034, 77.60517631315687, 69.77081040358061, 64.31119886649265, 84.36457418976481, 82.40948412169209, 83.69341206585139, 90.20538957702858, 93.28654047131893, 98.87700158215644, 109.30084109006532, 111.75190406081627, 109.98485254871689, 106.68357082485808, 100.97892094683843, 95.20139680202935, 87.91203175070275, 86.4214387826955, 92.60988150894744, 96.41790254910411, 105.40654717225404, 101.00478691390707, 97.34752474552565, 91.73477729933525, 24.422891123017486, 36.43817770308027, 56.66472074869557, 73.55517366789714, 92.7626864301732, 104.56556537767712, 118.31816767883355, 130.01392360209098, 145.89144220719712, 145.57939424991343, 141.03558853725139, 132.93495308103965, 130.7024058918227, 122.94467782880373, 117.18410119399161], [27.03431104517321, 19.50261613405448, 12.743458663041682, 13.487069412919993, 15.991199869892037, 22.34906398099095, 28.417747320076252, 68.92345938925416, 73.44180210007578, 81.85709323442599, 89.95642073175186, 96.45299206097702, 90.67474831638239, 82.34475938406739, 74.04034992260777, 37.302515832838594, 28.65234338582429, 19.370622078406388, 11.014753878184207, 5.724169872818324, 0.0, 10.76302270239388, 19.233487315631276, 27.288661858166115, 35.06018231648578, 74.12738140007787, 81.4426174039413, 88.83539018944008, 94.56678795561575, 99.51898420090619, 99.57106991228886, 94.78570186967886, 88.19514983140785, 81.37714536433187, 76.47357437879587, 42.93947801361741, 51.745946573866775, 58.9372020489415, 58.9466401072705, 66.73381517735599, 75.11460738028008, 80.48023454473282, 82.80717809190824, 81.86637507593557, 73.08014872856627, 65.81362992811005, 61.09826392922622, 79.44306506009134, 77.18394265991317, 78.3897972318741, 84.99796955903422, 88.23664753148124, 94.03607512735499, 104.8121399716466, 107.00703762566835, 105.0551645374476, 101.69003528739331, 95.89023952113895, 90.17894002114862, 82.98749040319993, 81.18317167441714, 87.44663244163344, 91.39277037182036, 100.79829761972111, 96.19640731616649, 92.41090530037239, 86.76669349920405, 29.966299141078952, 38.469976013994454, 56.33262434780294, 72.15496477991863, 90.59675859634063, 101.5420560070209, 114.85936020884449, 125.37886112815251, 142.64319864532573, 142.54537198176433, 138.48720396791137, 130.82549848230897, 129.0337493917719, 122.11480655107964, 117.00724829989042], [19.371452625267835, 11.429854416162176, 8.209164021811358, 18.200671340774875, 13.590740382436165, 16.780455068813037, 22.01291597249585, 61.759057220500246, 65.82812410039139, 74.117534532578, 82.5522314007485, 89.71522328639365, 83.51512357436751, 75.08009305570059, 66.86743460817642, 27.285450448269753, 18.75670809561243, 10.300171577835147, 6.793726063974466, 15.017276787133504, 10.76302270239388, 0.0, 8.818975545940756, 17.413675525903543, 25.767509563221477, 65.47292997587049, 73.2297062770614, 81.1967002629182, 87.34543953541838, 92.67465838385361, 92.61737556597217, 87.26532414526658, 80.22604933140762, 73.19102951781447, 68.13648182392802, 34.25660192481997, 42.89281733253383, 50.648628098108325, 52.746564480340695, 61.12411214498027, 68.19543314852942, 73.19294879345367, 75.89840637081151, 74.93384584107162, 64.54678935101617, 57.375112482325974, 52.68932289563723, 77.1086204162169, 73.05523021022286, 72.70486696250596, 78.85470432193553, 81.81347155736609, 87.8767785441175, 99.7050763112773, 102.2104737027675, 100.37197508635644, 97.52747769851517, 92.11656528112596, 87.06287245558276, 80.00944854880471, 76.19913810510734, 81.77411746581268, 85.46843481955312, 95.856360049796, 91.52879122082392, 88.00594991354777, 83.09976617872135, 38.90221379325178, 48.27467200449215, 64.15199756741305, 78.22753458319362, 95.46325877802381, 104.53641291501027, 116.44051226017586, 123.08652822109539, 140.83611495298112, 140.14880248191199, 135.80164405925697, 127.75141981725653, 125.57766068884568, 118.31166593994804, 112.2811538086135], [12.970543416930727, 6.978202295469585, 11.16795624186149, 23.673886168512702, 15.619221723225587, 14.188046268461987, 16.85297973321602, 54.31314337551813, 58.098001829085426, 66.28483231510117, 74.87720924104147, 82.4008296460621, 75.95174911457357, 67.48869992129109, 59.3790651022323, 18.668547024375542, 11.229107942335489, 7.522769518333658, 12.641677785949895, 23.22313866600408, 19.233487315631276, 8.818975545940756, 0.0, 8.775311848795173, 17.352029388721913, 57.26717148694467, 65.27307210093329, 73.5743678155813, 79.92914083760932, 85.42603634168445, 85.26127655832167, 79.59208202461772, 72.31249296743623, 65.14751324069287, 60.02403146284976, 26.143376919428945, 35.032565940461666, 43.66990269573306, 47.52085565650166, 56.18435683306591, 62.173433510155036, 66.6238180283575, 69.21394675623367, 67.93757351648053, 56.670025766663095, 49.298824638550514, 44.52851028693969, 74.8215560986913, 69.40563356749828, 67.70746547277396, 73.26706814905107, 75.781270753473, 81.80566389982822, 94.14403551605898, 97.11626634548432, 95.57767241279151, 93.30790517800018, 88.4456464433489, 84.0054602061252, 77.00494070441087, 71.70366662123168, 76.50380856894033, 79.79054094371408, 90.54786053677029, 86.6682859899677, 83.5477821652486, 79.42728016826092, 46.24191644193984, 55.08309325271726, 69.38275645294902, 81.96332640423361, 98.28888234991594, 105.8641302044109, 116.49075472934237, 120.16594333212137, 137.2327766674859, 135.94310992296448, 131.21935536168908, 122.81043219054462, 120.32716247854225, 112.91395631866847, 106.54035608054366], [8.712688770758659, 9.941566803169106, 17.688716951393786, 29.835250641230747, 20.681379371907788, 15.641466467580495, 13.763098052942695, 46.124647295406085, 49.64560359789514, 57.75455501925986, 66.42631230686213, 74.1788302689608, 67.58748974342095, 59.12701173847449, 51.12511608805094, 10.564884972174, 7.549550862711568, 12.476902573230385, 20.25680230156897, 30.97116743386136, 27.288661858166115, 17.413675525903543, 8.775311848795173, 0.0, 8.66990303941365, 48.65397856908629, 56.7805054095263, 65.26592994379702, 71.71234997843432, 77.27593778654689, 77.01993441346315, 71.17020332849232, 63.76988699745651, 56.52933831752847, 51.378675270980224, 17.85565897820148, 27.934586614215114, 38.01532779814842, 43.59323950251275, 52.27793203213047, 57.195364000202154, 60.834194665970124, 62.83734671921093, 60.87924082970155, 49.171090921493885, 41.13728026307663, 35.91249282089676, 73.3109609475539, 66.74855715724539, 63.718241477216516, 68.48578529611405, 70.34142192474538, 76.06042787795496, 88.5449402834503, 92.20040170363416, 91.15719885206805, 89.58057968262742, 85.45359275473149, 81.65800369117667, 74.65872390074637, 68.11256597212403, 71.95878738296726, 74.64352579497249, 85.31910674617455, 82.10442212577615, 79.55729996116598, 76.35831627227111, 52.848657362001596, 60.927802447867904, 73.91294121083426, 85.12024704661948, 100.69511625847869, 106.96306435043192, 116.33004835608557, 117.44505327326443, 132.807611541603, 130.78832520935637, 125.49170416479076, 116.60063100787228, 113.71994105617127, 106.09511985662982, 99.55719687415275], [10.266586231377886, 16.527804966255626, 24.75107048642919, 35.949606432423344, 26.60357284010035, 19.776829013435822, 14.137290628338551, 37.67497656857875, 41.13243526690809, 49.24195234247872, 57.91955061142533, 65.74049431560572, 59.03441384798136, 50.57345609991226, 42.63107884462277, 7.110752011354217, 12.662267745418552, 20.33568352353196, 28.332240189300844, 38.565495248057175, 35.06018231648578, 25.767509563221477, 17.352029388721913, 8.66990303941365, 0.0, 40.51021051174726, 48.68708613442288, 57.26949141275212, 63.69136889093682, 69.18938883232912, 68.79924979513648, 62.8821844518659, 55.44833090277508, 48.12199470226377, 42.97190116114884, 9.680625516198269, 21.80456858596716, 33.437364702249695, 40.360063148939005, 48.738146490405285, 52.66294991585551, 55.34773667752304, 56.4458589177644, 53.630153321005466, 41.975353998440724, 33.01672462889355, 27.245626722718693, 71.64944345345496, 64.19548398744396, 59.98316914015124, 63.85936107485194, 64.95823357327593, 70.18946574684851, 82.53750884440083, 86.93204347630966, 86.46442518787113, 85.60261127905336, 82.28707793451721, 79.12633369745231, 72.13537392927248, 64.63344831880883, 67.46537607830811, 69.45704143701084, 79.72610839588312, 77.26270425863761, 75.3606599234389, 73.11647940798126, 59.383479641415384, 66.12166659804885, 77.60676794353722, 87.37558724754497, 102.14966553014503, 107.16901896924894, 115.28532967074973, 114.15231915834286, 127.44204398201803, 124.7188889623971, 118.87653702384955, 109.57970295038564, 106.4057972998833, 98.8211907997229, 92.57731077615482], [48.87646867623269, 56.621888368969806, 64.75400592376195, 74.73252643583024, 66.08283794384077, 58.57944473285291, 50.67954942659719, 20.877444096628498, 13.641475111828154, 14.827967370558985, 23.185727571864057, 33.64730007025688, 27.478898409507543, 21.801057174106784, 20.367640252258703, 39.56316542844195, 48.47589049114824, 57.75240089072325, 66.3092685799146, 76.50371016227636, 74.12738140007787, 65.47292997587049, 57.26717148694467, 48.65397856908629, 40.51021051174726, 0.0, 9.130903309353846, 19.13391293293876, 26.486888888681435, 33.05780822215032, 32.54792419247246, 24.87959568600459, 16.482487062521848, 9.927682810655266, 5.892136952674047, 34.86787687087683, 38.80700440100954, 48.466923359071515, 59.23271789351884, 64.11985603497445, 61.5780879783547, 58.42757549085373, 54.58863790951484, 46.603388562790194, 37.9148140339486, 27.62021899331202, 18.9392460067626, 90.52104378631