{
	"dissimilarities": [[0.0, 9.827339776328333, 15.890669476729325, 24.61470417513454, 18.426026737616606, 11.221579145938552, 6.396996256467717, 41.29962226091237, 46.20955741789455, 56.74289659159237, 64.26363513696799, 70.4939247459992, 64.91870583355922, 56.26222474507926, 47.82171361410256, 18.38266094199156, 19.922838366279894, 22.617692054613112, 26.86732533303801, 33.012243986087405, 30.00432454280861, 24.29816176757104, 17.981684149049723, 11.432408782906123, 11.626358649653337, 44.6898132732669, 53.69719154009225, 61.19859557723714, 69.75663918642348, 74.85964581493754, 72.61457596357505, 68.20374749110137, 59.75213869612431, 52.09820268166576, 46.16018874360359, 18.98049657763331, 24.79106673565456, 34.18553069551691, 36.13630623264484, 47.9696852050547, 53.24092960605329, 57.770329057382696, 59.173105131524785, 54.726178463509335, 45.972689463969466, 36.43839185797987, 33.869523028008366, 65.62895068082777, 61.12167159236228, 61.654789300548984, 65.94773718990913, 67.33057955219665, 72.22588993928937, 80.72259746303122, 80.10367342904561, 79.5364256807031, 77.14634110879047, 72.97463547521824, 69.31921334720977, 65.70748002696378, 65.596666180233, 68.42248527168934, 71.33099570468615, 77.90966610335087, 72.08137749104456, 69.15599917869883, 66.43547593936044, 58.72998105799737, 64.04298664875496, 74.42780048466118, 79.56229208578218, 90.04191980232187, 96.44750294567237, 96.10407765932108, 104.1260987366951, 108.301551469177, 114.28950617782779, 109.18380081350915, 101.31402729147749, 100.21176751344639, 94.43728637467657, 92.29485463234947], [9.827339776328333, 0.0, 8.037525681769113, 19.58267135577373, 14.990703422715196, 11.815509773466994, 13.980810128962949, 50.339551846649506, 54.893191834120344, 65.00224698580375, 72.91940946563663, 79.5875342788625, 74.0197278920429, 65.26115815189193, 56.883107207399185, 18.522316762817574, 14.970173705492165, 14.589629320983931, 18.064899163394216, 24.934747596069244, 21.493960894293874, 14.963621881456577, 8.884892901385868, 6.936841023745173, 14.749578618601683, 51.24125301405656, 60.533450271321044, 68.15676206975155, 77.13928110694795, 82.712143460449, 80.6613356217778, 75.97576960879024, 67.27057664985294, 59.74542261304693, 53.56805135323406, 24.915683597229975, 30.683615740216425, 39.25815567625937, 41.40978097462044, 53.496690133595266, 58.69662399802487, 64.13634426873628, 66.93623826123809, 63.15523374219991, 52.741093301346474, 44.41724745419737, 41.52419822897516, 69.85908784331261, 65.97039242194506, 67.14193869263968, 72.04147136730145, 73.98752065923038, 79.62252710066416, 88.91765274763021, 87.56061822950976, 86.41880206308153, 83.365305251539, 78.40034905010826, 74.28255802728022, 70.37088467517859, 71.12711715610136, 74.57214441302611, 78.1932934816102, 85.76806872068067, 78.96696957156108, 75.34351958323964, 71.99353896749864, 53.320900617705746, 61.44987794821062, 74.15421401753485, 80.49617522543782, 91.88213335198814, 99.69259623299718, 100.37715333181237, 110.24830879080451, 116.6588996738123, 123.41107014730093, 118.7066091220316, 111.08689298717432, 109.94549068029188, 103.53110282915081, 100.0439547875029], [15.890669476729325, 8.037525681769113, 0.0, 12.13919910482248, 9.762799512331851, 12.0323800597964, 17.918145584546714, 57.185890766870585, 62.01976571630636, 72.38100577205437, 80.04004793509655, 86.33286658653002, 80.80813012968146, 72.13569795355151, 63.70104896215134, 26.244671527601085, 20.91909149137871, 16.966250668090048, 16.420066694098505, 20.302801910373674, 16.39761458695203, 12.47623706786666, 11.249150712337135, 14.483173633494838, 22.740028132222488, 59.15406561533577, 68.38154696724749, 75.91603413482763, 84.64325489765972, 89.98683405183586, 87.98808182164707, 83.48621783060848, 74.93719105904614, 67.38707493827638, 61.288741957474805, 32.47476678449859, 36.75137569099379, 43.73761246229403, 43.708162473550466, 55.74743526104548, 61.82951814807679, 67.98132473161745, 71.16707950654411, 68.24214477828455, 58.62537389550631, 51.23008216750616, 49.0466956314308, 69.01783184809365, 66.69389132963946, 69.16551694532427, 74.60751023791656, 77.08568232815301, 82.92768008312659, 92.2800837980389, 90.32903032236459, 88.74010785809504, 84.92411819536504, 79.26293147698173, 74.37680364678928, 70.02528613424963, 72.48864308847209, 76.7438283306812, 80.98534468090051, 88.87913521385545, 81.68361559902583, 77.43743900430147, 73.28606630175983, 48.32889383210824, 55.16343431077688, 68.09189979422611, 74.97540009802125, 86.84671423208286, 95.93900475491614, 97.98261409187613, 110.77747683027665, 118.84612696466606, 126.1350458170061, 122.02849936229356, 115.270243622015, 114.89124983125949, 109.21499819365947, 106.54076648510566], [24.61470417513454, 19.58267135577373, 12.13919910482248, 0.0, 9.82949984025189, 17.512328006972716, 24.399635564489806, 64.65094807683565, 69.90136607057175, 80.68630725590465, 87.65161355002674, 93.08029497310807, 87.82263553434197, 79.48969108863389, 71.04077617150723, 38.075310367909644, 32.6103013274831, 27.11474321654883, 23.056147689475356, 20.6783137335054, 17.630412008983253, 19.810955082399964, 22.4565281629381, 26.326866521305167, 33.86256354590758, 69.15706656477704, 78.04799328282954, 85.25317200892889, 93.20962965419272, 97.8974203179742, 95.99793024289389, 92.00538837809955, 83.96257655875749, 76.42243300932492, 70.63050893020149, 42.77842782301339, 45.644205587944256, 50.943626905563534, 47.47671341824645, 58.96972416977795, 66.48580484360139, 73.09013530345277, 75.85863936510688, 73.83212190502557, 66.58571679384715, 59.698847529785816, 58.36359699756638, 67.08034956079709, 67.44230202205378, 71.79814017091202, 77.6774107726709, 80.6297839530482, 86.19039440271794, 94.86972195828636, 92.5009452691805, 90.58902881057071, 85.93117421381835, 79.65058314150392, 73.6806720093084, 68.73525713190762, 73.82677731981568, 79.03905855413115, 83.78759199331483, 91.34438858252145, 84.32428670678853, 79.55255033571495, 74.46113536148322, 42.48174044323233, 44.21344780965496, 56.44220148587028, 63.8854175309831, 76.48170986900601, 87.81745777219872, 92.23585243478678, 109.63861119424946, 118.79766994159381, 126.1880889317652, 122.69554197103668, 117.15886808821621, 117.91923223473373, 113.57374684372726, 112.80916884167004], [18.426026737616606, 14.990703422715196, 9.762799512331851, 9.82949984025189, 0.0, 8.69323917192027, 16.859676367458658, 57.825376986572884, 63.352572896863315, 74.27026484523427, 81.37682222692567, 86.83645785945593, 81.02774480725877, 72.47469556938474, 64.08029237163623, 32.7315379050162, 29.523517985240346, 26.65271236869916, 25.69998227053809, 27.215864659720918, 23.41563971070355, 21.681490947351502, 20.687829896913406, 21.72354004071885, 27.666551663843926, 62.748338462206355, 71.88598187469964, 79.49242722292797, 87.93719679788582, 92.72896223380239, 90.38893479632803, 86.17231587626115, 77.78177616837294, 70.0095410618199, 64.10312888318693, 35.1675170137775, 36.49788172529587, 41.171167189114435, 38.0315670798419, 49.71278852945755, 56.884406050074695, 63.50813684200331, 66.72685451714304, 64.94329897632895, 57.16542066044062, 51.283441662756935, 50.98152692875795, 60.21970085830671, 59.12086536830536, 62.75284775443956, 68.54959630208363, 71.44605851908408, 77.27832200081275, 86.5275198611243, 84.00444131314183, 82.05914153719633, 77.64444919058796, 71.56258779292516, 66.12377086621913, 61.495648747457416, 65.29359782022726, 70.19025367931351, 74.88465383827831, 82.88993066562271, 75.48448226196753, 70.77882312231212, 66.0034428830462, 51.86851123463504, 52.76086703619033, 61.766526183812935, 67.47514395644187, 78.3707326224899, 86.40560593186123, 88.3824593565676, 102.50684376934987, 111.9099361387499, 120.07694541646032, 117.01049716439569, 111.68176690933176, 112.82045174926267, 109.42474864147133, 109.28866908983191], [11.221579145938552, 11.815509773466994, 12.0323800597964, 17.512328006972716, 8.69323917192027, 0.0, 8.599525108693442, 49.40515479972017, 54.95901844449274, 65.87287654660855, 73.05998670656162, 78.64197178332972, 72.66071263961284, 64.01296653397648, 55.6371677002781, 26.77264235735242, 26.179575636457766, 26.12782211151527, 27.888116881975755, 31.91034576749633, 28.198264537215056, 24.119660093271715, 20.02783246812598, 17.33502880216419, 20.69683188368505, 54.52499412425261, 63.66071829848573, 71.36863655774991, 79.95568070186457, 84.78298263571426, 82.26118028531467, 77.95554994266976, 69.46546750886384, 61.62932150342206, 55.72426114041655, 26.94134548666397, 28.29828479613132, 34.044607884356694, 32.40621049496934, 44.41696689156452, 50.97956446371409, 56.93698035662477, 59.66107241053836, 57.16817174718654, 49.09860071871492, 42.619952100745785, 42.39898881355985, 58.48630319544583, 55.59585320720668, 57.895836650399744, 63.159392428105676, 65.52447965364215, 71.12553840437856, 80.32240673322583, 78.3768657608228, 76.896098156363, 73.26111118541854, 67.93381325976458, 63.31119197978791, 59.15975626558914, 61.08881713722781, 65.16588724174197, 69.23311795954108, 76.90606165862543, 69.90278323996219, 65.82663049064651, 61.869760022692866, 57.55553369788061, 59.2144489031808, 67.39487481040955, 72.18364028712996, 82.2349026456788, 88.38095039738252, 88.57648759940771, 99.311202094364, 106.9583480324445, 114.71412523228739, 111.18875716848521, 105.21603886665523, 105.92198731866799, 102.39156601553653, 102.19602044986911], [6.396996256467717, 13.980810128962949, 17.918145584546714, 24.399635564489806, 16.859676367458658, 8.599525108693442, 0.0, 40.97647727045073, 46.51017382442067, 57.48217554756238, 64.55247739981786, 70.12697095919192, 64.27319962988784, 55.68084641610287, 47.26677294439794, 23.59429202240313, 25.80245213761037, 28.0819071106803, 31.51010900141185, 36.571080177873576, 33.33065362374337, 28.44772799358284, 22.799485023845516, 16.97588525420041, 16.380669127100912, 46.921352279388344, 55.78373441949061, 63.31841123828336, 71.64706965266221, 76.3123871990989, 73.77448209352096, 69.58180875189338, 61.26636818404598, 53.46075545916558, 47.71832780288351, 20.79024606229801, 23.410810449186208, 31.07433576038942, 30.911913370502095, 42.72009428078297, 48.731252183672915, 53.51465356643803, 54.853059932114206, 51.137047182999346, 43.753409368721094, 35.431664183397125, 34.68563952337401, 59.402818749789525, 55.29698884240418, 56.35134251337104, 60.81249139956018, 62.40210293141405, 67.28002027509127, 75.75605018783769, 74.81602107537516, 74.0762972424429, 71.40329741185411, 67.08060799463341, 63.21209588484643, 59.513904971681036, 59.89655428930638, 63.01780526531723, 66.14398092143661, 72.78728850120176, 66.84119945635597, 63.69462023919346, 60.69285335203191, 61.31352537734044, 63.39083164464144, 71.30655734606937, 75.53272051708636, 85.19410619074633, 90.52430845071808, 89.76898206639106, 98.02228438809631, 102.85394922073378, 109.45183401027931, 105.03083098052339, 98.10864068959944, 98.09884415139588, 94.05482644994721, 93.83525856197193], [41.29962226091237, 50.339551846649506, 57.185890766870585, 64.65094807683565, 57.825376986572884, 49.40515479972017, 40.97647727045073, 0.0, 6.749943102913536, 17.948618664950097, 23.97210113682764, 29.815371721430843, 23.683798999883635, 15.041049457383684, 6.648086659441047, 41.88638201586297, 51.22810847201051, 58.61396878997446, 65.20084010962283, 72.27345991532108, 70.06254150192798, 63.821831324863545, 56.395252079643136, 47.63839911847485, 38.5069857161696, 20.51081277533611, 23.54588568601797, 28.925556560715926, 35.283515171312864, 38.586963934742805, 34.87750746065443, 31.244843037747813, 24.371558753188705, 17.503895672651645, 15.574440665207884, 29.8077410552076, 32.05992132339683, 39.40759076201129, 45.57789412269069, 50.42661441793729, 50.840387155735655, 48.1568326455288, 42.17420141720794, 31.93022600594039, 31.39606197635534, 17.040809861766927, 14.570273691511423, 74.13041680563339, 65.06680142892021, 59.83862930732059, 59.30780397717785, 56.60766428978705, 56.97331002854998, 60.72298010327308, 65.16018170401216, 68.21869334784924, 70.92865305272845, 72.05347832154398, 72.67325080426559, 71.86749134451433, 64.62373343853845, 62.311808358625925, 60.0743300579163, 60.643949069323696, 60.8538220102705, 63.01173841482308, 65.38104247424405, 93.67138717870615, 96.56700082355842, 101.88728727097212, 103.31567483168055, 109.93196982903729, 109.71583722502092, 103.60404913165914, 97.53740302652625, 89.04947180290387, 90.11393758595602, 81.67411116984374, 69.77044212937301, 65.49732225387139, 59.504074653412424, 59.744884151381044], [46.20955741789455, 54.893191834120344, 62.01976571630636, 69.90136607057175, 63.352572896863315, 54.95901844449274, 46.51017382442067, 6.749943102913536, 0.0, 11.4030488618373, 18.268697891737574, 25.45989273783866, 20.020334913017038, 12.004920290661907, 6.437631303832647, 44.86464578215619, 54.28645657920009, 61.967793881029415, 68.82136555206966, 76.17120788413564, 74.16637908291715, 67.77289146051744, 60.3201490609602, 51.633495302513175, 42.39668080662513, 17.5261710638225, 18.0432786942924, 22.47950569746875, 28.597143049299188, 32.15739257364316, 28.433077709859994, 24.549970912819713, 17.784474515820055, 11.490656972712875, 11.542756952413102, 33.86312340236575, 37.14486653304428, 44.812054551939035, 51.900878758177086, 56.47716550645031, 56.199019250737294, 52.96161598394994, 46.76109510923013, 36.154174099654306, 35.28562148230701, 21.455273116218937, 17.18441307606285, 80.58603574525227, 71.1973477742152, 65.46220535631919, 64.52509506273691, 61.46353891786261, 61.44123893962114, 64.58741680630362, 69.62810919822164, 73.04596951822906, 76.28825639307736, 77.8468472097471, 78.82981052930764, 78.21932510867879, 70.43316454287523, 67.66232382876974, 64.95471270167269, 64.91803708296088, 65.74943658512926, 68.37914097837779, 71.1963554887358, 97.21121651310946, 101.43287808367376, 107.61914478529238, 109.28247885640964, 116.10493414220268, 116.09291027898574, 109.88174664925089, 102.67726935091257, 92.59053370063812, 92.52385428107377, 83.18967423812123, 70.039243111012, 64.1201688329351, 56.0515607594848, 54.31551724336863], [56.74289659159237, 65.00224698580375, 72.38100577205437, 80.68630725590465, 74.27026484523427, 65.87287654660855, 57.48217554756238, 17.948618664950097, 11.4030488618373, 0.0, 9.505152164759382, 19.04144965199837, 15.390747097554618, 11.732071660969387, 14.254552120700986, 53.24848516809988, 62.75611421815891, 70.79485831851278, 77.97327601926479, 85.67412313669415, 83.85718630852833, 77.24864514106399, 69.7460330823968, 61.16615146962206, 51.849490208747866, 19.578138594401153, 13.950643084627785, 14.32433994752746, 18.822795834032892, 22.391958907903817, 18.050262502025564, 13.654979829736735, 8.38780629021522, 7.985111947518957, 13.795157686361616, 43.275925748933176, 46.74353837836562, 53.95841050686578, 62.022803448058525, 65.64206924646417, 64.15867844399446, 59.8355318733318, 53.150433358317784, 42.33184827229262, 41.88638317503831, 30.18927095565453, 25.850639661474624, 90.2686797493043, 80.21714559781253, 73.53015773628971, 71.76248049202044, 68.04061842585644, 67.24212514225059, 69.29078916483519, 75.28962639799883, 79.32197031293745, 83.55399971003352, 86.00139216357579, 87.77021363228482, 87.63509626054325, 78.72236813275984, 75.05480985688682, 71.4613493422135, 70.315383893143, 72.26531182526622, 75.7827249219253, 79.47880038762568, 106.33187907311537, 111.79523716744683, 118.45799408351124, 120.07516580801719, 126.7252659880253, 126.19807562164583, 119.27090129290409, 109.3450267488923, 96.63549712124006, 94.98101827765572, 84.56397616384356, 69.84863793711476, 61.67659234873864, 51.25103228100192, 46.9694376513386], [64.26363513696799, 72.91940946563663, 80.04004793509655, 87.65161355002674, 81.37682222692567, 73.05998670656162, 64.55247739981786, 23.97210113682764, 18.268697891737574, 9.505152164759382, 0.0, 9.913950957056576, 9.563888641181158, 12.604078015566666, 18.74331563356849, 62.157352414877835, 71.49748142028041, 79.25371528488898, 86.12173599494318, 93.33603900286136, 91.61033525251358, 85.37530682507459, 78.05251512011128, 69.49814304551667, 60.31202074979412, 29.05053745503449, 22.48507929984907, 19.717256724497982, 18.321715358761907, 18.02473445265214, 13.126259944306454, 12.433192358091826, 14.542602829954959, 17.377393215169928, 23.27457907548856, 51.80318007483113, 54.51508495499316, 60.786328940683106, 67.64588818045594, 70.20915586963403, 68.74841966243456, 63.5650163564328, 55.323476238877404, 44.57294449456169, 47.74343616193927, 37.3392062901477, 34.4298466533816, 93.49250020269226, 83.78052088398573, 77.00493179691661, 74.54275782036734, 70.29336853285895, 68.19447002760297, 68.23151115658361, 75.3428842297538, 80.08528851565531, 85.04565851536013, 88.35876961214767, 90.50308308564549, 90.67572912525891, 81.6325464952403, 77.44483720238242, 73.0276702719549, 70.01925787950874, 73.7165878186175, 78.05020314980793, 82.28054237521904, 112.60453983083976, 116.626145014896, 122.05153884005323, 122.97918964349115, 128.92226056523128, 127.70716101577868, 120.43372863660629, 109.20591773961165, 93.2502742564654, 89.63636106805716, 78.18779701815377, 62.458802856673294, 53.156738218336685, 42.80570893284812, 41.15668321265703], [70.4939247459992, 79.5875342788625, 86.33286658653002, 93.08029497310807, 86.83645785945593, 78.64197178332972, 70.12697095919192, 29.815371721430843, 25.45989273783866, 19.04144965199837, 9.913950957056576, 0.0, 8.565289346923954, 16.791492526082365, 23.94780669838317, 70.23570672485063, 79.46132235108838, 86.8849742145362, 93.37769196752751, 100.02864437975174, 98.29203652880152, 92.46356032875488, 85.30878664393465, 76.75047063655967, 67.70933696727273, 38.557082548772236, 32.390897707071936, 29.211120104983678, 25.205111112227435, 21.5637141676694, 17.467360077866687, 20.027479492296525, 24.343713890254072, 27.024383387401475, 32.53874231483646, 59.154235093912156, 60.77287018341461, 65.87412033473899, 71.1764366552077, 72.58063651022907, 71.32851665612014, 65.44267516390632, 55.7050049855821, 45.41547235389087, 52.36920606654479, 43.363518181606445, 42.086892621052435, 94.0136830032157, 84.84185697348201, 78.17741886083496, 75.0919869947571, 70.4218855966632, 67.00780206976833, 64.92515782825605, 73.03566203135892, 78.41837583219123, 83.98316277655572, 88.10969939669359, 90.56289653780227, 91.03881136401496, 82.07110183346128, 77.48136700367964, 72.33837425476926, 67.43683679541311, 72.88328034175841, 77.93697678943684, 82.58910857088642, 118.11472453136179, 119.96837674302694, 123.54372526003576, 123.54446712955179, 128.495301121022, 126.25609075143835, 118.55017191755068, 106.18736196902012, 87.18807586556534, 81.79887398864935, 69.56947718300144, 53.22035923065356, 43.530204865773044, 35.46050801388929, 39.70746936543967], [64.91870583355922, 74.0197278920429, 80.80813012968146, 87.82263553434197, 81.02774480725877, 72.66071263961284, 64.27319962988784, 23.683798999883635, 20.020334913017038, 15.390747097554618, 9.563888641181158, 8.565289346923954, 0.0, 9.179302299046316, 17.235810301208904, 64.61823049802213, 74.20667649158437, 81.8590887813778, 88.55870408006514, 95.53541733325052, 93.50590411779108, 87.36266701925638, 79.9463182930761, 71.19222848472286, 61.92115735244028, 33.75352600220608, 29.05639190453713, 28.159762794461546, 27.77387906217844, 26.597077064565514, 21.6615557582176, 21.57236243325582, 22.252752864583563, 22.893094830331478, 27.59174961143972, 52.690570952442314, 53.29209834232293, 57.794046060563545, 63.458329180026745, 64.65013526499712, 63.04010460381872, 57.17579702175129, 47.885050846668435, 37.42358726922657, 43.86468981561945, 35.59113614994214, 35.51373428189056, 87.0178338050816, 77.27037503532465, 70.29049719357505, 67.29240818716582, 62.71408908167084, 59.86344559462325, 59.07094312428724, 66.55807642580658, 71.60377146035441, 76.978678204468, 80.86850696161173, 83.4414385645177, 83.98570411260752, 74.5381722326774, 69.92937260790491, 65.00721983590086, 61.12535118830819, 65.62885989087164, 70.45841738210876, 75.11491124335768, 115.22102675086681, 116.82796806443739, 119.99914839809263, 119.89386900810116, 124.63518586773438, 121.58961415922923, 113.22759884425284, 100.37016763228004, 83.89234366924087, 80.84862045439876, 70.19278809718824, 55.59671004114555, 48.48332533176426, 43.36312448819561, 47.457359639085404], [56.26222474507926, 65.26115815189193, 72.13569795355151, 79.48969108863389, 72.47469556938474, 64.01296653397648, 55.68084641610287, 15.041049457383684, 12.004920290661907, 11.732071660969387, 12.604078015566666, 16.791492526082365, 9.179302299046316, 0.0, 8.466890911195323, 55.78082521962553, 65.48688364773697, 73.22706334932485, 80.04059865382818, 87.24887043245386, 85.07429328875575, 78.72732923141896, 71.18543131009947, 62.36257733858517, 53.00574432619617, 26.577172879134473, 24.113437857581445, 25.954725905519595, 29.157929860155757, 30.392474885318602, 25.551705335579836, 23.21752009728244, 19.77801894228967, 17.24628693586921, 20.3706996947949, 43.57677448502499, 44.215968622772756, 49.2643078991183, 55.53603895146628, 57.659189478885956, 56.303262788454006, 51.25905384172288, 43.114387638779725, 32.285232105777126, 36.235184012165966, 26.60627707119854, 26.482721482266545, 81.15737740708335, 71.21077194305376, 64.45374688896801, 62.173884886422535, 58.13069617555125, 56.52986689127025, 57.788026333184625, 64.11296844282217, 68.43973112300431, 72.99699906644466, 75.99515235717077, 78.1014167140121, 78.30094162761242, 69.13136156483715, 65.11215451066427, 61.03533055649592, 58.99474466997004, 61.757425399028854, 65.74254310334858, 69.80099679747046, 108.06604826724883, 110.22970337517445, 114.05223955771069, 114.41725336631058, 119.69012102438826, 117.20755906369027, 109.22340698299135, 98.04433041846032, 84.96842235087387, 84.05071795230222, 74.57763995180999, 61.29191939757895, 55.666998036599914, 50.54586243324375, 52.76304812729023], [47.82171361410256, 56.883107207399185, 63.70104896215134, 71.04077617150723, 64.08029237163623, 55.6371677002781, 47.26677294439794, 6.648086659441047, 6.437631303832647, 14.254552120700986, 18.74331563356849, 23.94780669838317, 17.235810301208904, 8.466890911195323, 0.0, 48.08026946683158, 57.61499397608978, 65.15089685778318, 71.81925356632586, 78.9201738638339, 76.70270915393534, 70.43187595044482, 62.95144697313774, 54.15288595169079, 44.91387692889014, 22.733496064760587, 23.29499754202846, 27.34881765831967, 32.525954678367015, 34.980870447663044, 30.75153229986625, 27.597077206429017, 21.877123248848854, 16.413977588378664, 16.83763124625394, 35.772214336750594, 36.96437020725376, 43.03413608549782, 49.15847286150672, 52.63256885265718, 52.240042256837626, 48.4044529698828, 41.27114313112437, 30.549977319409685, 32.41086756741994, 20.24721259101166, 19.444496549649156, 76.29158409810887, 66.79042061061283, 60.83198966907187, 59.477314996841216, 56.139364817984614, 55.597383015949454, 58.269089003910445, 63.55714770821638, 67.20012841261924, 70.75304898842363, 72.75078298453592, 74.06380794655652, 73.73326992502626, 65.56252468830603, 62.44850351961227, 59.351896410861016, 58.74229237255893, 60.10663319357524, 63.115513578203526, 66.27882978238907, 100.0500166437081, 102.37944256640893, 106.81020648611437, 107.66348363757548, 113.57778865624238, 112.19834726752784, 105.16024116893283, 96.74175264301857, 86.2548901817265, 86.55599272026019, 77.73644013144403, 65.33736132809439, 60.687773566073304, 55.346076081280145, 56.742607920393766], [18.38266094199156, 18.522316762817574, 26.244671527601085, 38.075310367909644, 32.7315379050162, 26.77264235735242, 23.59429202240313, 41.88638201586297, 44.86464578215619, 53.24848516809988, 62.157352414877835, 70.23570672485063, 64.61823049802213, 55.78082521962553, 48.08026946683158, 0.0, 10.569229830131333, 19.65190387971611, 28.08523134657552, 38.09829605798424, 35.53530269000191, 27.078787676377704, 18.99288095112587, 11.805674550279411, 7.48980010729826, 36.42421044785973, 45.955437012157866, 53.8899105958207, 64.03391510752142, 70.68315727596566, 68.59368645502956, 63.1143816076213, 53.794228323488106, 46.6848614437807, 40.22647092698137, 14.843530074422258, 25.274887899599754, 36.80742426000212, 45.07114997180181, 56.04948340194263, 58.2757864494888, 61.93502043552942, 64.5153613153361, 58.89677003233356, 45.26779178603201, 35.49723696093596, 29.92086966438758, 78.3565334390614, 71.16071639438182, 69.26699794825609, 72.84617128569771, 73.6226244163092, 78.99157017109518, 88.42797880146738, 88.19926055827962, 87.89094913463568, 86.52802247557283, 83.02703943247872, 80.75016520807696, 77.92078837397032, 74.85003333232196, 76.38703266146106, 78.66034640302384, 85.8256254178622, 79.63075173320335, 77.36433353712675, 75.87641980219456, 66.46272475073789, 78.46750601921951, 91.7563661777876, 97.56815662697575, 108.23842359243754, 113.78834087482402, 111.83716488449377, 115.33389025587044, 118.93384682102571, 124.77691925837624, 118.88413579186881, 109.24431524496877, 105.98806428142147, 97.19176824068887, 90.33802538286506], [19.922838366279894, 14.970173705492165, 20.91909149137871, 32.6103013274831, 29.523517985240346, 26.179575636457766, 25.80245213761037, 51.22810847201051, 54.28645657920009, 62.75611421815891, 71.49748142028041, 79.46132235108838, 74.20667649158437, 65.48688364773697, 57.61499397608978, 10.569229830131333, 0.0, 9.379493675837464, 18.10611828837993, 28.613385802818545, 26.307944046880237, 17.74259656738858, 10.730938081000279, 9.025611225069525, 14.163321463805623, 46.094081131923346, 55.30513973400296, 62.81617751049679, 72.50916106915389, 79.10019898727799, 77.42683609760543, 72.14553915903677, 63.150775246881125, 56.26524183629756, 49.94784551036969, 24.56531875036988, 33.80891389781216, 44.292964696847065, 50.70848461214881, 62.317311286215535, 65.50561932778854, 70.0816192225282, 73.1548996183364, 68.12759817882073, 54.893661033354846, 45.57843008421653, 40.12110150555696, 82.12718633770616, 76.38129631442776, 75.77802330857267, 80.03876460475846, 81.38610161167767, 87.08642730068777, 96.67731653200217, 95.94396239832464, 95.2064127106938, 93.05149127535206, 88.73848437171415, 85.5992829001789, 82.22515872432137, 80.87178709620463, 83.29098116154418, 86.2528106147047, 93.83205918824777, 87.17149680795728, 84.21825880685155, 81.85856750814347, 57.685941512060126, 72.1319827218961, 87.76678639377367, 94.83100046107363, 106.67711415660875, 114.4949780866732, 114.37229310039191, 121.23977566444414, 126.29302977116328, 132.29831010930974, 126.52059050086936, 117.14724635357211, 113.98566853249561, 104.65158599344065, 97.20674417265609], [22.617692054613112, 14.589629320983931, 16.966250668090048, 27.11474321654883, 26.65271236869916, 26.12782211151527, 28.0819071106803, 58.61396878997446, 61.967793881029415, 70.79485831851278, 79.25371528488898, 86.8849742145362, 81.8590887813778, 73.22706334932485, 65.15089685778318, 19.65190387971611, 9.379493675837464, 0.0, 8.785343231152725, 19.508689709375382, 17.39381067863975, 9.168292493321427, 6.322039849400271, 12.667120737272779, 21.350694429600786, 54.814292678909744, 63.83983527171574, 71.07472418170424, 80.27195076328843, 86.59259829913773, 85.15588390144158, 80.15043358002418, 71.45684043099239, 64.59506940818245, 58.3944128341402, 32.53359078351741, 40.78900414026853, 50.339656769996175, 54.73298683831895, 66.68564647296314, 70.8808049617618, 76.15424374997134, 79.3952749361591, 74.92830893448902, 62.55996217662256, 53.52059793011585, 48.4630022854052, 83.81417655094079, 79.58225215414414, 80.23628040584912, 85.0415994096836, 86.86141930210745, 92.70517722623458, 102.24534083483739, 101.09801393901715, 100.01817914487853, 97.15983352050775, 92.18760652665304, 88.24620990930318, 84.38949360672366, 84.71980229195776, 87.92707184439664, 91.44581526196646, 99.2085432793383, 92.29389163012765, 88.7801481342958, 85.64460410998184, 49.236135495564746, 64.92972143473509, 82.21141081767999, 90.2453201604816, 102.99682379082256, 112.79208825352572, 114.38820476715038, 124.48587149165675, 130.7073280478497, 136.84926424817712, 131.29874244116334, 122.4129246698785, 119.65087504181624, 110.42054287882912, 103.31085413070554], [26.86732533303801, 18.064899163394216, 16.420066694098505, 23.056147689475356, 25.69998227053809, 27.888116881975755, 31.51010900141185, 65.20084010962283, 68.82136555206966, 77.97327601926479, 86.12173599494318, 93.37769196752751, 88.55870408006514, 80.04059865382818, 71.81925356632586, 28.08523134657552, 18.10611828837993, 8.785343231152725, 0.0, 10.876569767480829, 9.144841775396722, 4.42256562561699, 10.797868672006159, 19.221310307633534, 28.647317671971123, 62.75479463020018, 71.6183343292011, 78.62190453060622, 87.33960821745919, 93.34586011826397, 92.08566475240985, 87.3632024790362, 78.96017316540366, 72.0999633608141, 66.02212850610464, 39.98679951278204, 47.46550143192972, 56.2195090136502, 58.76272841390929, 70.8300356382142, 75.91809828574824, 81.68982294165409, 84.91667375166296, 80.92239857903087, 69.5380460649249, 60.66656376277129, 55.980483674024654, 85.3105621305372, 82.5488016123574, 84.3340739226451, 89.5503962173885, 91.74076347522845, 97.60296677789867, 106.95748104862157, 105.4988300338929, 104.15961417435564, 100.71250024992328, 95.22282901757544, 90.57548579890036, 86.30818553686247, 88.19003008786066, 92.05998090822305, 96.00623582634285, 103.7894363546302, 96.77918684822276, 92.83162398487113, 89.04402051210191, 41.27879307601279, 57.78036059317563, 76.529133518904, 85.4431591910957, 98.99913407861632, 110.67973636365802, 113.93994719849366, 127.05147004874678, 134.15185299787865, 140.33350748556433, 134.99985222754387, 126.62015564282845, 124.29019802697654, 115.32446898973248, 108.78908682190995], [33.012243986087405, 24.934747596069244, 20.302801910373674, 20.6783137335054, 27.215864659720918, 31.91034576749633, 36.571080177873576, 72.27345991532108, 76.17120788413564, 85.67412313669415, 93.33603900286136, 100.02864437975174, 95.53541733325052, 87.24887043245386, 78.9201738638339, 38.09829605798424, 28.613385802818545, 19.508689709375382, 10.876569767480829, 0.0, 4.402482133355567, 12.225268129594989, 20.14020388168933, 28.14077882766298, 37.52040958663971, 71.65460587469133, 80.2484032579103, 86.91799920269196, 94.93407081766182, 100.44584749773696, 99.39664708187064, 95.09584611163167, 87.13546641893952, 80.30371343589455, 74.44142362463582, 48.756611676425656, 55.56495375426994, 63.58011019126743, 63.95990290316938, 75.96120409141987, 82.09707399978902, 88.21847350296517, 91.07936930371449, 87.50748998519067, 77.66388457176946, 68.72947598454718, 64.4041999886708, 87.15857519142283, 86.23018403510676, 89.29318803170453, 94.84073365127992, 97.34014759008289, 103.00097070014972, 111.84338069323633, 110.19861648894174, 108.68711342892435, 104.67197330851035, 98.74737635069796, 93.31662858234277, 88.60985051461022, 92.30948530013775, 96.84567495077448, 101.12740401702905, 108.62248494164548, 101.7942641329552, 97.498727871769, 93.05823033631503, 31.23825464329781, 48.1017896314874, 68.71278066543209, 78.69264787922607, 93.24353589833288, 107.3939449029822, 112.81011904488125, 129.5671843092446, 137.15242802944076, 143.08633627891788, 137.9054499558521, 130.11377584600402, 128.2931004335633, 119.74192369383874, 114.1808979234295], [30.00432454280861, 21.493960894293874, 16.39761458695203, 17.630412008983253, 23.41563971070355, 28.198264537215056, 33.33065362374337, 70.06254150192798, 74.16637908291715, 83.85718630852833, 91.61033525251358, 98.29203652880152, 93.50590411779108, 85.07429328875575, 76.70270915393534, 35.53530269000191, 26.307944046880237, 17.39381067863975, 9.144841775396722, 4.402482133355567, 0.0, 8.969886709833299, 16.960371241561113, 25.09856632991252, 34.66115124477441, 69.72715471100565, 78.55700120853793, 85.49853441923987, 93.80725983357962, 99.37303119726985, 98.09290810584659, 93.6749745844424, 85.48869966344148, 78.46797965107488, 72.48648948786484, 45.764435898040404, 51.98648216215794, 59.634244381875874, 59.973436245344935, 71.9544111779776, 78.03150087410154, 84.29431233716717, 87.47119572966204, 84.16713451806321, 74.10449731824042, 65.72271732900164, 61.87832876197917, 83.38471064089401, 82.23034992556988, 85.24818141011886, 90.86163603894555, 93.4504198127343, 99.28433766146667, 108.40328848661021, 106.54289247454633, 104.90520523801827, 100.82317156853138, 94.82765103815366, 89.46271664278248, 84.80431896964245, 88.34242376266717, 92.90750415049031, 97.29991252898363, 105.0748010914325, 97.97862263766089, 93.57682463847327, 89.10656628708536, 35.03038404816336, 49.52459726878325, 68.54077086784483, 77.96223838137432, 91.97931919195754, 105.07806203615813, 109.82455265828116, 125.91103934670414, 134.08167112425642, 140.54007212560805, 135.73109040823596, 128.26312347034334, 126.82800626684502, 118.93854169826838, 113.91169924106237], [24.29816176757104, 14.963621881456577, 12.47623706786666, 19.810955082399964, 21.681490947351502, 24.119660093271715, 28.44772799358284, 63.821831324863545, 67.77289146051744, 77.24864514106399, 85.37530682507459, 92.46356032875488, 87.36266701925638, 78.72732923141896, 70.43187595044482, 27.078787676377704, 17.74259656738858, 9.168292493321427, 4.42256562561699, 12.225268129594989, 8.969886709833299, 0.0, 8.37754438477464, 17.135542662111583, 26.872170443177865, 62.242908499743464, 71.32933008479758, 78.58660450807425, 87.47552155171307, 93.40404206948902, 91.90269493395083, 87.15092350465041, 78.58781824390645, 71.496475704969, 65.33023412102911, 38.02223554284889, 44.6064100039946, 52.79544105071916, 54.87093750751148, 66.91532525899319, 72.15160564738754, 78.1465177714728, 81.63997135289826, 78.04120724291663, 66.75349566418845, 58.52526260232028, 54.54770097859133, 81.09078533508591, 78.39479828143521, 80.3574464142707, 85.70323993540043, 88.0467011017196, 94.05251824682625, 103.60363268909164, 101.87425509022728, 100.36941454374002, 96.74931597123607, 91.11623299361682, 86.40725338342332, 82.1221244617085, 84.13965793033546, 88.15845042922825, 92.28292446233662, 100.30739467060343, 93.04753706967203, 88.92437416701209, 84.99032608195246, 43.24883478705282, 57.33327334244625, 74.6482549223517, 83.0978903563329, 96.20285197399781, 107.13025460594788, 110.01858527658884, 123.02048610646956, 130.81912612809154, 137.53212551501895, 132.6584683290841, 124.79072141458725, 123.04050347555312, 114.99742635705591, 109.40318884742918], [17.981684149049723, 8.884892901385868, 11.249150712337135, 22.4565281629381, 20.687829896913406, 20.02783246812598, 22.799485023845516, 56.395252079643136, 60.3201490609602, 69.7460330823968, 78.05251512011128, 85.30878664393465, 79.9463182930761, 71.18543131009947, 62.95144697313774, 18.99288095112587, 10.730938081000279, 6.322039849400271, 10.797868672006159, 20.14020388168933, 16.960371241561113, 8.37754438477464, 0.0, 8.98458733978022, 18.706431713104372, 54.45930521261984, 63.74125070185539, 71.26330386120954, 80.51623950483611, 86.58225651050535, 84.8318926433849, 79.8959128080424, 71.08396662410907, 63.871025291224456, 57.59590196948955, 29.78658438423751, 36.729142862291816, 45.578127705472596, 49.01211674367625, 61.02584161403074, 65.63377934590952, 71.20278213016462, 74.60715075330509, 70.66180418515987, 58.807132692155385, 50.47936369652738, 46.515143793093586, 77.54993056765848, 73.56219916204334, 74.57210741750468, 79.55825860828841, 81.57648186695333, 87.51944535687142, 97.17884084075749, 95.72234743877004, 94.45926277499287, 91.35230056551661, 86.20173165020056, 82.1037567871374, 78.18000046428145, 78.84851637387358, 82.29859367730967, 86.04043831781638, 93.9916607501586, 86.86106951596892, 83.12492950474969, 79.75448593872106, 50.419883151154345, 62.908895898621104, 78.33138606483115, 85.7503214122464, 97.94790709635089, 106.92510220402966, 108.19814565442793, 118.46047735245669, 125.4075069391322, 132.12776093313727, 127.15644320976965, 119.00937624023874, 117.11093895052868, 109.25651560411083, 103.7504704226835], [11.432408782906123, 6.936841023745173, 14.483173633494838, 26.326866521305167, 21.72354004071885, 17.33502880216419, 16.97588525420041, 47.63839911847485, 51.633495302513175, 61.16615146962206, 69.49814304551667, 76.75047063655967, 71.19222848472286, 62.36257733858517, 54.15288595169079, 11.805674550279411, 9.025611225069525, 12.667120737272779, 19.221310307633534, 28.14077882766298, 25.09856632991252, 17.135542662111583, 8.98458733978022, 0.0, 9.783441982440637, 46.15682261496115, 55.555985126485496, 63.27272794581981, 72.6742484022498, 78.68486691088762, 76.6774922910096, 71.69048872466581, 62.754353401237594, 55.37610827340264, 49.062738720025095, 20.900278054850588, 28.603724735250776, 38.51442917662576, 43.105414542465645, 54.97462860506258, 59.09054243324345, 63.97610871635787, 66.7938490182162, 62.305948539077214, 50.51284776498391, 41.564103846426924, 37.595948221170396, 73.69737003652955, 68.5490922455444, 68.59528272696696, 73.07099668408571, 74.62286056827733, 80.23471050431044, 89.66335007813196, 88.69861638111654, 87.8378974063948, 85.37045966795394, 80.88501979912287, 77.41634275384737, 73.87668154086934, 73.22664462155782, 76.00780545587642, 79.18388154965479, 86.69302929236162, 80.03811478302518, 76.86510077758957, 74.16223023726135, 57.03886364931369, 67.4414689497513, 80.85034854021232, 87.16980530128593, 98.43988843994065, 105.6197386191965, 105.43122301553869, 113.07750138521793, 118.53296483218509, 124.93726895782692, 119.73227539781463, 111.27631530272689, 109.2540054592203, 101.73568743461092, 96.7605628224344], [11.626358649653337, 14.749578618601683, 22.740028132222488, 33.86256354590758, 27.666551663843926, 20.69683188368505, 16.380669127100912, 38.5069857161696, 42.39668080662513, 51.849490208747866, 60.31202074979412, 67.70933696727273, 61.92115735244028, 53.00574432619617, 44.91387692889014, 7.48980010729826, 14.163321463805623, 21.350694429600786, 28.647317671971123, 37.52040958663971, 34.66115124477441, 26.872170443177865, 18.706431713104372, 9.783441982440637, 0.0, 36.905252891512035, 46.43960754083123, 54.39957029110713, 64.06732795997134, 70.11011655598955, 67.80521514833276, 62.68334507337982, 53.55262652526855, 46.03098527852919, 39.65148205030058, 11.397960853032748, 21.122266004714955, 32.62936202831541, 39.232288531521036, 50.49847054282014, 53.641335141839015, 57.45916087123293, 59.52057696661176, 54.17806758225725, 42.16627147763171, 32.18817193452084, 27.854261863527455, 71.93978496563493, 65.29043339504976, 63.94561676996647, 67.65378396499472, 68.53289375180168, 73.69550173195208, 82.82448290173596, 82.54262438590494, 82.22562324881417, 80.65928438439899, 77.09008316427169, 74.52422517765508, 71.54740792344033, 69.08621866090323, 70.89242769757327, 73.25936872699648, 80.1742084545924, 74.16649657954687, 71.7983173293656, 70.0604856906087, 65.21596698562429, 74.28232837695971, 85.9241981331172, 91.15788987585819, 101.41620266856037, 106.62793631543951, 104.75178593369147, 109.03444101339156, 112.5819396047972, 118.52168316910307, 112.9416009566349, 103.94242193341468, 101.54849473457922, 94.14382080847388, 89.39426686035105], [44.6898132732669, 51.24125301405656, 59.15406561533577, 69.15706656477704, 62.748338462206355, 54.52499412425261, 46.921352279388344, 20.51081277533611, 17.5261710638225, 19.578138594401153, 29.05053745503449, 38.557082548772236, 33.75352600220608, 26.577172879134473, 22.733496064760587, 36.42421044785973, 46.094081131923346, 54.814292678909744, 62.75479463020018, 71.65460587469133, 69.72715471100565, 62.242908499743464, 54.45930521261984, 46.15682261496115, 36.905252891512035, 0.0, 9.903124135365818, 18.62297903739966, 29.840277405771577, 36.912726186461775, 34.0520952413783, 27.84999236538892, 17.9549687592455, 11.718073851392045, 6.349042581442496, 29.01523813021092, 35.3447008680971, 45.05918419454126, 55.83532361327614, 61.94867772099451, 60.533851932574755, 58.5541745043047, 55.8424382535877, 46.123230642661916, 37.19854161028946, 24.012116687701855, 14.89017465668489, 88.47106708641891, 78.10727277455022, 71.96777654605387, 71.83920508058725, 