{
	"dissimilarities": [[0.0, 7.476390444649676, 16.52498916717046, 22.762536975865434, 17.05509873785165, 9.091409367207707, 4.38879796796674, 44.44162141111997, 49.510357141141384, 57.96221010912781, 66.32704149327581, 73.11286309789516, 66.74673280157891, 58.265253263213296, 49.77982611768621, 20.1967409823016, 20.214699810945106, 22.184832017304505, 27.18992643624756, 34.24144899986104, 29.852787958756988, 22.665113964996053, 16.07630314361147, 12.53156287654062, 13.025429686414377, 48.66656415188352, 55.820372171209755, 63.79029444069348, 70.77302074283507, 75.442740207495, 73.40288898598448, 68.45933826211593, 62.302419348718665, 54.86604307886601, 49.95034782317062, 19.898849150612932, 29.064551480064726, 36.80977255905385, 36.92142533278438, 46.6266648516757, 53.01088442459407, 57.26889313465701, 58.96065842882354, 57.238302966465916, 49.4675846030105, 41.257864682767014, 36.87818857914326, 63.676670917738576, 60.146713983903936, 60.18728651598557, 64.839339275198, 66.55541129885644, 71.01459712696546, 79.35371164713936, 80.97761366120176, 79.71234723157038, 76.68259062426577, 73.05431786815082, 68.7594108359349, 64.39074901717996, 63.3798408395023, 66.98281957727687, 69.83354355265143, 76.14310969665105, 71.28608819356013, 68.41892773706098, 65.07123576014027, 57.44151029113398, 56.44400865864399, 64.87822829264938, 73.35373829627659, 87.02316074811432, 96.08561874089324, 106.70481631311884, 106.06166232909196, 118.69866047911984, 116.09958949590894, 116.47526973186201, 109.44106341408131, 106.32853508390816, 98.85380365156043, 97.41847347204609], [7.476390444649676, 0.0, 10.164245708541191, 17.21816345872364, 11.314134880447819, 6.431991421218548, 10.005675931270506, 51.85113830027612, 56.87666058053803, 65.31735236441055, 73.6866286473815, 80.5569237264364, 74.17075687744064, 65.65827506570555, 57.19329738438984, 22.54944861467761, 19.584984376361426, 18.6292252390177, 21.86714877536916, 28.81497384858043, 23.881781708275142, 16.651751240934693, 11.404950439381357, 12.293389992646048, 17.03180020570245, 55.12530651931547, 62.37595587387415, 70.48950790057037, 77.61914315526818, 82.453020886852, 80.53949357727363, 75.47727761269273, 69.25794141611765, 61.816585085638266, 56.8083523659062, 26.15096571652003, 34.031781464330805, 40.68891260146522, 40.16389965094153, 49.98195674295224, 56.83129076138498, 61.65527928897633, 64.40308682141884, 63.52190128446209, 54.911835138226174, 47.57597608531652, 43.67547032334903, 65.34876620936255, 62.574871117102845, 63.1327540756722, 68.5695977866379, 70.82518517873868, 75.81082620161934, 84.67448542130879, 85.59198591986227, 83.76701847960568, 80.12986365622896, 75.76317777624135, 71.08264815640352, 66.69632820752082, 66.2889997699915, 70.67578077771381, 74.11232451996017, 81.0517488744039, 75.53299529989309, 72.09358550574231, 67.96124182595305, 53.196148376780684, 52.76881333246951, 62.18746154607913, 71.95952658249529, 86.10547835838835, 96.08667066019348, 107.74433530484251, 108.90121325411202, 123.7011844711753, 121.80854145599432, 122.73075502209555, 116.17502537513904, 113.44945813619272, 106.00983304922272, 104.20068353389696], [16.52498916717046, 10.164245708541191, 0.0, 7.326125375628786, 3.1999997243578, 10.419509760858471, 17.722833207320885, 60.50082376034399, 65.67302965629318, 74.15072929497082, 82.46614513385035, 88.86733431758039, 82.67600016509734, 74.31576347195629, 65.79636433837713, 31.967098100131075, 27.120736379782116, 22.62065636917828, 20.5318607143953, 23.463459105284965, 18.124268206413053, 15.424964428223294, 15.954774482664336, 21.065621874910647, 27.002394300295148, 64.94516079193605, 72.08219217343388, 79.97703439256807, 86.80527458584957, 91.38644858258652, 89.5297938217461, 84.72612709712155, 78.6615003324731, 71.28400816181981, 66.38728229281215, 36.00622722931685, 42.811146418656435, 47.84831192536122, 44.38634286781033, 54.074214450848096, 62.1372043457458, 67.68742857428359, 70.7744586626785, 70.54656414911872, 63.23974574246431, 56.64126569602861, 53.305658732113464, 65.56709473769924, 64.74307173837545, 66.3656404257555, 72.84639287767672, 75.71628342538509, 80.8969756652641, 89.48234487149362, 89.78372918552121, 87.37147916583481, 83.02784359517437, 77.7184568104081, 72.40583067025294, 68.02223642899801, 69.00907719765543, 74.58226366560605, 78.61472006892832, 85.69610167104813, 79.78978264085264, 75.73142850035306, 70.42705266772717, 46.99097073015404, 44.15997150182452, 53.695715420206014, 64.80989782594527, 79.83657717432314, 91.10851667903799, 104.149628560311, 109.35304676715784, 125.80154382835143, 125.05557292977508, 126.43899547873801, 120.71714756313428, 119.06014457857906, 112.49266262136643, 111.64895209303472], [22.762536975865434, 17.21816345872364, 7.326125375628786, 0.0, 7.019673337229734, 16.27238025869642, 23.38381909033176, 65.52040248032183, 70.76922380777063, 79.24134195016465, 87.46052710578081, 93.39684235202056, 87.43929788337644, 79.26629288915993, 70.74065044820782, 38.98949462858143, 33.761896745096074, 28.2053988343808, 23.452122205629856, 22.433456798973175, 17.6616302921961, 19.385141276230257, 22.302855427463477, 28.046760209502807, 33.902066253182916, 71.14700112861743, 78.13040222123777, 85.75796999366975, 92.24566548878701, 96.53648177694485, 94.71093676599803, 90.19132072437816, 84.30760641296241, 77.01949232224898, 72.2661017753408, 42.48668242446513, 49.009889108782524, 53.27420009605325, 47.78876309910016, 57.218488740810834, 66.05142149174804, 71.93321372212773, 74.81800582056597, 74.7569069750434, 68.89407862611111, 62.51889348466311, 59.378237639937076, 65.86846076774488, 66.52088748535814, 68.85167520733187, 75.85355166144474, 78.99702565736425, 84.07411427162081, 92.10526200813477, 92.20020090723995, 89.53961341377244, 84.86660786869939, 79.07512713287309, 73.38983161941485, 69.0455606844612, 71.02870101229654, 77.26678535887712, 81.53108221184084, 88.39640134721363, 82.49431537489876, 78.17519735035367, 72.21185044024567, 43.36346182020211, 37.47605922910468, 46.74755858384437, 58.75276480230559, 74.59017841174833, 86.756396447372, 100.66701399174775, 109.04864084249762, 125.84554146844287, 125.82552240131636, 127.30539460280278, 122.09553196118655, 121.19966626966881, 115.34516834594103, 115.45663519081012], [17.05509873785165, 11.314134880447819, 3.1999997243578, 7.019673337229734, 0.0, 9.60962285375971, 17.454521335516763, 60.42671941829057, 65.76024475960716, 74.18423335500616, 82.53648797704356, 88.81177984355217, 82.49857616044982, 74.16636826984941, 65.67682159874421, 33.70290172051264, 29.487101098545526, 25.536323816952937, 23.696389189366784, 26.134236232858118, 20.82697325235477, 18.547025630269292, 18.640464348975136, 23.026219236239235, 28.323315667320056, 65.71653990600038, 72.86996718640485, 80.769921966869, 87.57316471215287, 92.04101099710235, 90.01028018522982, 85.27575308933356, 79.21187543249845, 71.79706281383699, 66.93859492959206, 36.276985916833006, 42.194516218813426, 46.527339213160054, 42.12656656470134, 51.730045001711595, 60.0804988313263, 65.81218580195285, 69.00796290415916, 69.09918185447582, 62.254250936118126, 56.11569285612591, 53.42995690278038, 62.54109998129197, 61.98766234685407, 63.801840033523185, 70.4815349356874, 73.48981835003026, 78.72178834841826, 87.30075644074535, 87.39366098125097, 84.83926382083446, 80.35822995814408, 74.8984232906766, 69.50264653971811, 65.12644993819997, 66.33404957350874, 72.12756574540153, 76.28872228520761, 83.42914346653264, 77.40704231540266, 73.21695123483784, 67.70255498865036, 49.012509452272916, 44.27962597212083, 52.18805013348995, 62.60654398081202, 77.15532793008357, 88.21683202756972, 101.17937132994739, 106.35972524417812, 123.38385658379879, 122.91514169514555, 124.717090876017, 119.47166175198426, 118.33911761849429, 112.51557543336938, 112.45522214202455], [9.091409367207707, 6.431991421218548, 10.419509760858471, 16.27238025869642, 9.60962285375971, 0.0, 8.496801837617316, 51.626663257939654, 57.034456775924305, 65.37384912805078, 73.81819772728187, 80.35870539850941, 73.74094732765937, 65.29919196148322, 56.87378824748662, 27.28080429246222, 25.583776204704577, 24.9820366681765, 27.272601833291702, 32.653999327162374, 27.516944975648986, 21.869943103628668, 17.644414195894292, 17.989622847159055, 20.923676783899168, 57.020288139089566, 64.2574198512129, 72.3138754297064, 79.31708200654589, 83.85519873469624, 81.57799823816076, 76.71437491796084, 70.53318079560447, 63.03192524254027, 58.140883436483165, 27.00843297605415, 32.76144729149628, 37.85151942812925, 35.09661597474782, 44.90902850763835, 52.47572101812947, 57.714990641495675, 60.60412133915934, 60.34386291289474, 52.9099933604196, 46.5200599680296, 44.0926960603691, 59.1239419431056, 56.84179962685711, 57.776655016948936, 63.62594758896439, 66.15480819132593, 71.22467045041732, 80.03256902734057, 80.57893813444191, 78.49033543126895, 74.59210264206995, 69.944707579006, 65.09095344865261, 60.69246008516172, 60.71029013191691, 65.54413317562147, 69.2306369287445, 76.259191557538, 70.53110841483904, 66.83491007505357, 62.28442398198164, 56.18985209357948, 52.29232648517456, 58.93456754024933, 67.37678488965386, 80.62497025268812, 90.1539732205542, 101.60304291226231, 102.74689345269634, 118.52500984380592, 117.17766786403514, 118.89177986444743, 113.28290025018391, 111.65670842948546, 105.78655693254746, 105.71068808136911], [4.38879796796674, 10.005675931270506, 17.722833207320885, 23.38381909033176, 17.454521335516763, 8.496801837617316, 0.0, 43.201134694177554, 48.56686065808538, 56.93381149620274, 65.35863412740223, 71.9240662922282, 65.36620036625632, 56.92542915493842, 48.46957374240312, 23.373339929193346, 24.289727548614557, 26.421204490046435, 30.981212583075777, 37.323754106221195, 32.78045113144727, 26.223609183087788, 20.023957291072236, 16.561580905899714, 15.872786594483024, 49.0791413736839, 56.19896595166077, 64.11081149987274, 70.99649666333265, 75.44386275064346, 73.11888583402309, 68.32036186394828, 62.194917304039734, 54.72265736606615, 49.90893439842669, 19.65488393895599, 27.220432137622133, 34.07674930276627, 32.91891626109852, 42.628813999266185, 49.36557318115429, 53.79340953881966, 55.423774655744765, 53.99515797908729, 47.084335884975516, 39.42142232110276, 36.132863398476964, 59.43480949080223, 55.98846158610145, 56.1328289107724, 60.886643904134196, 62.67873691088707, 67.12224390559663, 75.39307876707828, 76.88871748663914, 75.55003610926148, 72.46575756232352, 68.80960839739251, 64.4966782244917, 60.12497770532838, 59.21577430331756, 62.93358017765785, 65.84063600791765, 72.13235844129534, 67.23314687523975, 64.3048940619711, 60.8613794106253, 60.10938493612389, 57.03590699812105, 63.63279048638783, 71.02951926367858, 83.97701000639505, 92.54278635370638, 102.80522649548611, 101.67578440897076, 114.64061826275939, 112.26654657211702, 113.11533846733963, 106.64531885692776, 104.20997915545547, 97.80983707044284, 97.60108228534548], [44.44162141111997, 51.85113830027612, 60.50082376034399, 65.52040248032183, 60.42671941829057, 51.626663257939654, 43.201134694177554, 0.0, 6.14898095232218, 13.895676713382873, 22.308528586114548, 29.18245350692928, 22.338413667617782, 13.87333971256903, 5.364759326626125, 43.61361398254082, 51.78513107561016, 59.48435339388383, 67.61252202202478, 74.97855230492587, 72.02348532567052, 64.76998697191895, 56.97257875237432, 48.78123545309657, 40.35339502937664, 20.78289726232555, 23.51383121293291, 28.03745889660604, 32.92447255009473, 35.778116730655306, 32.04337127314456, 28.325037323532943, 23.342503785809118, 17.40827698898975, 15.790732372448439, 29.12518668078229, 32.8634099634789, 40.78465110816118, 46.60361939371251, 50.329779626056826, 49.965437002277994, 48.192187538083076, 41.44425770587332, 32.14479697670945, 33.290909010943835, 21.559699716215786, 15.172800120142757, 72.71107558750856, 64.92153338561431, 61.361446628902925, 59.215597725366834, 56.49666078700041, 56.134709476145154, 59.48014844614504, 66.2434017979789, 69.35295895852818, 71.21958902352334, 73.28176826644798, 72.51701770861101, 69.34381539066747, 64.28888118821752, 61.3788523351897, 59.299905639814384, 59.91954892224653, 60.8794730391762, 62.835055362596094, 65.85816153635056, 93.49439457006058, 91.88413178988688, 96.24798659112295, 98.53423404028672, 108.1524725579954, 111.5312503644138, 115.36296561645797, 102.00601096936109, 99.65814336386408, 91.46138794683164, 87.7719903557473, 76.83316317813247, 69.49353931651176, 61.06818648383419, 61.61843999400928], [49.510357141141384, 56.87666058053803, 65.67302965629318, 70.76922380777063, 65.76024475960716, 57.034456775924305, 48.56686065808538, 6.14898095232218, 0.0, 8.563680915611815, 16.819883841663742, 24.312095755947947, 18.024850601840114, 9.987435590553062, 4.24761859376816, 47.01807789576138, 55.31442663641117, 63.250803285991694, 71.60601989673206, 79.11659602220521, 76.40864494189047, 69.08214504208838, 61.28532048452874, 52.97435793771572, 44.494481305789385, 18.658594066333237, 19.473430276982917, 22.616131661214258, 26.937039386660334, 29.659214765698604, 25.91057087032694, 22.25721327593329, 17.624458410952094, 12.614767855035819, 12.656294708612233, 33.79093941922282, 37.828455682617246, 45.89622112039868, 52.49497089933127, 55.89378764290447, 54.87929574763596, 52.53667246127797, 45.34154809218738, 35.52733459111136, 36.804973305070476, 25.46987885678426, 18.52373875776672, 78.37296353972856, 70.3612866673145, 66.55390853664305, 63.85097940314977, 60.74859556320509, 59.90904861664234, 62.58535621982195, 69.86427796267282, 73.4267345930517, 75.77246259921097, 78.31143703147985, 77.83958653903296, 74.79303311451726, 69.47408941770408, 66.02723201950326, 63.50401361204141, 63.50151740711103, 65.09358006049727, 67.49374580391954, 71.033516070926, 97.08318457018105, 96.5191158122503, 101.53323745549024, 103.95941329829789, 113.72298428265708, 116.9563769107577, 120.4197494977766, 106.35394142724668, 101.94803229499686, 92.90141240667674, 88.12967820263631, 76.0751894164237, 67.2177364088914, 57.15393211725244, 56.33404432179272], [57.96221010912781, 65.31735236441055, 74.15072929497082, 79.24134195016465, 74.18423335500616, 65.37384912805078, 56.93381149620274, 13.895676713382873, 8.563680915611815, 0.0, 8.57657095969368, 16.828463473432922, 10.224570751196058, 4.244056363561397, 9.105657903301278, 54.824007768506846, 63.333991981246456, 71.48687831438133, 80.02374507096472, 87.62062764076502, 84.94899223739681, 77.53987817956924, 69.66159110306593, 61.24630429928609, 52.6896601223082, 22.12707051472734, 20.131036965146656, 20.249988592004836, 22.710312239316174, 24.225853546974687, 19.51838712577443, 16.901165595768745, 14.083277351541085, 12.803414214196504, 15.806727892757568, 41.668869717104556, 44.22627406484461, 51.273800041950764, 58.287158630599365, 60.56916142281755, 58.37965641780089, 55.033982227239214, 46.83466157621002, 36.41622970951559, 39.468060342000264, 29.948127002019607, 25.147035627648425, 82.86735861395796, 74.39715031577164, 70.13072178589304, 66.32534177848022, 62.53460740361293, 60.76925737030888, 62.272634127604995, 70.27247348025206, 74.57958707463422, 77.79269988177425, 81.28031488195381, 81.46470173371316, 78.74729770916286, 72.91123845273991, 68.42297055359764, 65.07391649555805, 63.92908410667308, 66.62807764452033, 69.84843435820136, 74.40295220118607, 105.30898401518047, 104.6521106972821, 109.09482278325753, 110.72135161076399, 119.69797499087008, 122.01135414214394, 124.32712986745929, 107.92288199449521, 100.86410568527457, 90.71253569078992, 85.21096019884568, 72.49299889428315, 62.542185620805554, 52.4133557929415, 52.044690021417594], [66.32704149327581, 73.6866286473815, 82.46614513385035, 87.46052710578081, 82.53648797704356, 73.81819772728187, 65.35863412740223, 22.308528586114548, 16.819883841663742, 8.57657095969368, 0.0, 9.602534150266013, 6.453420398030566, 9.99971571146875, 17.34988766636764, 62.69328593462393, 71.16674912736185, 79.34243681666788, 87.85882772976281, 95.32566369718418, 92.85608750109145, 85.58289858573198, 77.79371292267808, 69.39303671694644, 60.87253095480504, 27.75556638496885, 23.584591062938827, 20.178924727450298, 19.3063626311082, 18.644933077698216, 13.266142544988051, 13.37056868424601, 14.358013291275958, 17.347353294794974, 21.856139953634198, 50.12610343414299, 52.51649548526731, 59.15117777697699, 66.11325252643059, 67.79174105821653, 65.04925342530183, 61.11591597040769, 52.175499650452934, 41.47737442995996, 46.05414350679058, 37.66882234561926, 33.40783324064268, 89.51933031478607, 81.01646870068649, 76.56936525724738, 72.07117536610673, 67.8155436833706, 65.23463631100289, 65.34934114135818, 74.02249942254743, 78.95698157117509, 82.85020796339641, 87.0168256332323, 87.62028717869538, 85.13936084924939, 79.1418989814719, 74.01854279725227, 70.05844486257394, 67.79267618424792, 71.50936196734905, 75.34016983255648, 80.52557973875764, 112.21964086623035, 111.82217106859149, 116.21279570886531, 117.42373430624886, 126.12511489043278, 127.88484395083412, 129.36248163874768, 111.89653915317548, 101.5584010449099, 90.28989912378645, 83.3727189501086, 69.45184775230268, 57.772072625021785, 46.50530919700973, 46.005725976279265], [73.11286309789516, 80.5569237264364, 88.86733431758039, 93.39684235202056, 88.81177984355217, 80.35870539850941, 71.9240662922282, 29.18245350692928, 24.312095755947947, 16.828463473432922, 9.602534150266013, 0.0, 8.92065374078773, 16.723463903310165, 24.07487338363824, 70.97650586272538, 79.15084578698044, 86.93036486588252, 94.89251006362996, 101.62223738401413, 99.31243601321843, 92.6627455068169, 85.18244153031367, 77.04177306054697, 68.6683094414019, 37.04861579556853, 32.63692274886021, 27.91883723262378, 24.288318563016215, 20.688746886995837, 16.11631844160164, 19.79431292303749, 22.90904432689103, 26.600324867962406, 31.080031197345768, 58.027179210479375, 60.33016603832299, 66.24152836679261, 71.56807306136258, 72.65246579875597, 70.12299777055738, 66.01085521963391, 55.87856897051675, 44.83246038413729, 52.96933770439083, 45.42282744414621, 41.92150571218502, 92.62578684194925, 84.77353381159695, 80.53012000093409, 75.66435069087872, 71.10577378511499, 67.51698978590287, 65.4806152428726, 74.95383696282556, 80.47219109936408, 84.93413545128381, 89.61776108399097, 90.46504543710783, 88.21808933434835, 82.57471909334978, 77.19701883611883, 72.71718189380671, 68.95075371590411, 73.87408561558055, 78.21317795488261, 83.69085385442202, 117.26164850343716, 115.66458389503754, 119.03483344116987, 119.228514150948, 127.39155148436356, 128.40715584258626, 128.8839370729031, 111.5404159181548, 97.08639956828566, 84.93689169577594, 76.32938712382196, 61.3031855449485, 48.570994493865044, 37.895598192918214, 41.4111145839574], [66.74673280157891, 74.17075687744064, 82.67600016509734, 87.43929788337644, 82.49857616044982, 73.74094732765937, 65.36620036625632, 22.338413667617782, 18.024850601840114, 10.224570751196058, 6.453420398030566, 8.92065374078773, 0.0, 8.748545936278438, 16.987145388530852, 64.79838850964568, 73.2672904478496, 81.2649471100914, 89.52569712847084, 96.69569277465975, 94.00740278397426, 86.92628618898986, 79.1493089650466, 70.8479363502699, 62.32325976904649, 31.80523550114562, 28.670653311325342, 26.326681298733764, 25.726634186058813, 24.522719996239935, 19.12417131292342, 19.76213660289628, 20.235963007505326, 21.88032698650413, 25.64990914653239, 50.88395502491073, 52.0332347078897, 57.55219670282199, 63.421144465074335, 64.40316094869111, 61.57054800163538, 57.44991564473698, 47.73862926293235, 36.81550318786348, 44.05001644792971, 36.76485485746421, 34.386507040879344, 85.26454256140546, 76.89423614220665, 72.45603511606342, 67.64141331852313, 63.191347491595245, 60.10899618501688, 59.44088236950725, 68.38342822093021, 73.54888819333186, 77.71532552388314, 82.2006613866989, 83.02770916573108, 80.72028991855088, 74.75599407365354, 69.37959042517298, 65.12493409577468, 62.22156691681681, 66.44705698571794, 70.5596337666041, 76.01248689023517, 113.75760437867578, 111.67583790464467, 114.57682646875372, 114.73794961100708, 122.51560366872461, 123.55513458665456, 124.35470332353395, 106.03733865556798, 95.2437877931887, 84.00089999239358, 77.64186487410352, 64.52567767440972, 54.2031822233224, 46.05053984726864, 49.420092753741876], [58.265253263213296, 65.65827506570555, 74.31576347195629, 79.26629288915993, 74.16636826984941, 65.29919196148322, 56.92542915493842, 13.87333971256903, 9.987435590553062, 4.244056363561397, 9.99971571146875, 16.723463903310165, 8.748545936278438, 0.0, 8.559901393649518, 56.31152695993424, 64.82592525240403, 72.86441049289752, 81.2437202179164, 88.66770886603614, 85.82353029892491, 78.51566474403239, 70.62909529757917, 62.27970918806101, 53.723987135855594, 25.241264443575126, 23.87929483479395, 24.326007507754042, 26.54674296315795, 27.504533609025515, 22.499370628863044, 20.528546633751816, 18.057009370926682, 16.552586983103307, 18.98289359330716, 42.142225793721536, 43.61563498829796, 49.80599007393984, 56.14730493641668, 57.920807513252555, 55.60322273556063, 52.09675489040926, 43.3742868361141, 32.74028315683183, 37.56461589787956, 28.873809033355645, 25.766299197094508, 79.78716325990116, 71.32256220144639, 67.01995703022284, 62.97625917965956, 59.04574966730506, 56.99077569321501, 58.1341600700223, 66.26533429703866, 70.70184654805797, 74.08311943888215, 77.78533678087094, 78.12992710688849, 75.52282620123286, 69.65029919051467, 64.96207151195428, 61.42098675874127, 59.939526891341636, 62.91220964984331, 66.31466771041225, 71.07458577417958, 106.54283583226571, 104.73031628516225, 108.12846549171269, 109.03298315568564, 117.35201190657823, 119.17080380761585, 121.04158676338442, 103.93199473259632, 96.84292838858823, 86.77077321378542, 81.78413703872536, 69.70827278070982, 60.71060318144891, 52.496411261343056, 54.33501571235637], [49.77982611768621, 57.19329738438984, 65.79636433837713, 70.74065044820782, 65.67682159874421, 56.87378824748662, 48.46957374240312, 5.364759326626125, 4.24761859376816, 9.105657903301278, 17.34988766636764, 24.07487338363824, 16.987145388530852, 8.559901393649518, 0.0, 48.651668980607504, 56.93895376554454, 64.7373275660374, 72.9107762941293, 80.2273562725682, 77.32902765795869, 70.11606428753174, 62.31377781855139, 54.0849074630248, 45.61811964196672, 22.060962584722564, 23.13672724636166, 26.164120066394077, 30.104905213955732, 32.2685836789757, 28.07897807337165, 24.95415931585827, 20.729595922045586, 16.13985799170507, 16.183275916699962, 34.24130819539046, 36.98173996771458, 44.136278320203544, 50.01369450613929, 52.92043378399713, 51.81745959001142, 49.34666598140456, 41.640209785383966, 31.601211741363922, 34.6089377916569, 23.998674025491262, 19.119539894306506, 75.0463200028353, 67.02859783741437, 63.18792975210948, 60.28009521875882, 57.061630359381795, 55.9836969612469, 58.38870885283487, 65.7579617696047, 69.41321667634578, 71.88960957795311, 74.6114096894165, 74.27723764716056, 71.3230668228, 65.96853943320262, 62.3526842840534, 59.671036520130606, 59.401854919049455, 61.20337200217475, 63.75133166916074, 67.46646460839699, 98.38872640811026, 96.57299638953107, 100.46417608930692, 102.12975530840451, 111.22213314756793, 113.96056394395208, 116.99542301144899, 102.25752400626229, 97.93477120072455, 89.01630211253955, 84.784078398707, 73.38604323635525, 65.47183953483831, 57.17884661913142, 58.40327168445073], [20.1967409823016, 22.54944861467761, 31.967098100131075, 38.98949462858143, 33.70290172051264, 27.28080429246222, 23.373339929193346, 43.61361398254082, 47.01807789576138, 54.824007768506846, 62.69328593462393, 70.97650586272538, 64.79838850964568, 56.31152695993424, 48.651668980607504, 0.0, 9.50521680000772, 19.067094554592057, 29.96315882096053, 41.19804170998782, 37.96239787069625, 27.653770746162017, 19.19185826918334, 11.053761066147848, 7.81531957267059, 38.63054644948232, 45.86619166576604, 54.42028439420184, 62.409644752834716, 68.3401162343225, 67.03750936495825, 61.088865432002244, 54.63031699803508, 47.54477148243064, 42.29378045198271, 18.116738575719253, 29.5900930914954, 40.535995099523596, 48.46710877662897, 57.19591819567712, 60.25886525274544, 62.8024028206328, 64.81110861567811, 62.05685424318281, 49.15533883491189, 39.67177432713574, 32.26503256873131, 78.71269687638024, 72.52863806274232, 70.88548598327084, 73.75078608108677, 74.50570466389341, 78.88325826134123, 88.11640588518377, 90.41553846280841, 89.9278732575426, 87.88598989093926, 85.51448937759602, 82.24626029772823, 78.1050370847976, 75.00032491917189, 76.64831462989596, 78.62675355330379, 85.03101046870911, 80.58377877486201, 78.63754030416712, 77.13021606079141, 64.7078858675262, 71.58220641268117, 83.74507077829992, 93.3634433603433, 107.16145844422046, 115.8712273772182, 125.76490454039941, 120.66488754360057, 131.71781926082735, 127.24579335050234, 126.41478323426598, 117.26554422844038, 111.02443905909458, 99.63551066860734, 92.8076382636417], [20.214699810945106, 19.584984376361426, 27.120736379782116, 33.761896745096074, 29.487101098545526, 25.583776204704577, 24.289727548614557, 51.78513107561016, 55.31442663641117, 63.333991981246456, 71.16674912736185, 79.15084578698044, 73.2672904478496, 64.82592525240403, 56.93895376554454, 9.50521680000772, 0.0, 9.73561446487211, 20.925880077364535, 32.65424236216588, 29.667007317706485, 19.254928940683502, 11.897218346635988, 7.839436743886325, 12.729534403672313, 47.457066990989084, 54.4769631854748, 62.724735105915606, 70.39632928014122, 76.22246211089096, 75.23096931194993, 69.46426811411331, 63.18220114524522, 56.220665329546115, 51.05899232767342, 26.030135686067123, 37.05758731942203, 46.96545879659163, 52.90727021182209, 62.1674590865938, 66.35442527949483, 69.65448929892624, 72.1810514093717, 69.895949834359, 57.527270546934744, 48.485802900427686, 41.33131531777324, 81.65054111089776, 76.66847997551771, 75.77539382582076, 79.6063795863163, 80.9152150695057, 85.63958719256726, 94.93577177969694, 96.79083557421461, 95.81321274368506, 93.14804622170364, 89.95528600875974, 86.11872046671415, 81.86197543477458, 79.68832579809184, 82.33705839141761, 84.88868112189908, 91.64003499560168, 86.72499055202334, 84.20179577859645, 81.71599349515735, 56.519305773164085, 65.23116629024753, 79.31406574962423, 90.60269084550916, 105.52885110905989, 115.49450744330886, 126.67048558828208, 124.74284340333845, 137.07441451854646, 133.32396060579595, 132.52647428538705, 123.55850284455155, 117.65403245300656, 106.06288505533448, 98.98070654885716], [22.184832017304505, 18.6292252390177, 22.62065636917828, 28.2053988343808, 25.536323816952937, 24.9820366681765, 26.421204490046435, 59.48435339388383, 63.250803285991694, 71.48687831438133, 79.34243681666788, 86.93036486588252, 81.2649471100914, 72.86441049289752, 64.7373275660374, 19.067094554592057, 9.73561446487211, 0.0, 11.32664837551254, 23.423476043532947, 20.633227848117244, 10.559098197830911, 7.449245754408898, 12.122694654930646, 20.13425409136445, 56.54028277590091, 63.43449269487593, 71.4139649775576, 78.73533268374014, 84.33089273931755, 83.49286885406859, 77.97770070878883, 71.85336497592617, 64.92788872446364, 59.85047141929939, 33.84209399771613, 44.39115099361779, 53.232220198285674, 56.841460812308995, 66.45440566913021, 71.81054456087149, 75.83361306439556, 78.676728434379, 76.82883167158646, 65.43041330700885, 56.77080366487423, 49.993102667079405, 83.4968091863159, 79.90089295483513, 79.82045949447144, 84.58468578735209, 86.42085463373999, 91.38834894363313, 100.56969415137782, 102.00246044642299, 100.55416351331651, 97.28902810680196, 93.29822760696409, 88.89875400482254, 84.56142037570861, 83.4252779523336, 87.07715061323363, 90.15797195163107, 97.12138833168979, 91.82977890866123, 88.76486794506411, 85.29873209989643, 47.82494982569354, 57.68261317200286, 73.40840011906216, 86.23704861070794, 102.19059679348375, 113.35997319674222, 125.76744512575335, 127.28385034707114, 140.7868123982119, 137.86777558489783, 137.19806827762196, 128.61935073372717, 123.34356276379214, 112.03169168341645, 105.38174299610891], [27.18992643624756, 21.86714877536916, 20.5318607143953, 23.452122205629856, 23.696389189366784, 27.272601833291702, 30.981212583075777, 67.61252202202478, 71.60601989673206, 80.02374507096472, 87.85882772976281, 94.89251006362996, 89.52569712847084, 81.2437202179164, 72.9107762941293, 29.96315882096053, 20.925880077364535, 11.32664837551254, 0.0, 12.36568055695622, 10.195973980168548, 5.845284628954606, 13.156172217868766, 21.245267873695095, 29.530503196137868, 66.46312902811174, 73.19886229154758, 80.83023213883408, 87.68231623411535, 92.91896238911173, 92.20314810819126, 87.04773081889337, 81.13924857066617, 74.26848804880495, 69.32670457228555, 42.8769033197386, 53.104100280954846, 60.93512412325145, 61.84428206771331, 71.63367589138387, 78.23055418114055, 82.91511225687947, 85.7612749480273, 84.20167320908128, 74.3462695619765, 65.9158500274775, 59.42098215777111, 85.65214017282281, 83.75524943319701, 84.58593751682125, 90.23976351338395, 92.55116057143277, 97.59231847211119, 106.34224696514362, 107.45252983139854, 105.59193774406427, 101.77441381758898, 97.01484400762878, 92.03786023529779, 87.65605807363364, 87.73572157634025, 92.39855261651196, 95.93124571279238, 102.87294612701679, 97.37769311537973, 93.8355063405549, 89.37996276567723, 37.42997640438879, 48.13697753808077, 65.82265359680463, 80.3818788025635, 97.5560843401332, 110.06030759979762, 123.77018252377127, 129.5069829979331, 143.74403859662038, 141.74178662291334, 141.08157449123198, 132.9530691157045, 128.46411659351946, 117.6652334913442, 111.8742764088977], [34.24144899986104, 28.81497384858043, 23.463459105284965, 22.433456798973175, 26.134236232858118, 32.653999327162374, 37.323754106221195, 74.97855230492587, 79.11659602220521, 87.62062764076502, 95.32566369718418, 101.62223738401413, 96.69569277465975, 88.66770886603614, 80.2273562725682, 41.19804170998782, 32.65424236216588, 23.423476043532947, 12.36568055695622, 0.0, 5.74317960393535, 15.33620998464138, 23.719831394808967, 31.77803262148741, 39.537884874568185, 75.89355612425932, 82.37437145842144, 89.51908905031652, 95.74288770394018, 100.47687703342508, 99.87753232763028, 95.21275879557629, 89.61900084810514, 82.88118254754855, 78.16435651834621, 52.121586967360216, 62.31066195563834, 69.39645181245702, 67.60187600322814, 77.3594373478743, 85.10124786263964, 90.25346301207034, 92.6406403213461, 91.0753730714049, 83.34003092155419, 74.8910895182473, 68.48991461742708, 88.17555386438535, 88.09384702748962, 89.79843268257453, 96.11455099846974, 98.73264329574276, 103.57803586338062, 111.47624333738372, 112.50628144069755, 110.41459935028205, 106.23130786188158, 100.90323544712292, 95.43313016215393, 91.05560382831722, 92.3734480960923, 97.8662641889725, 101.64710751480821, 108.20723168020392, 102.82067308859058, 98.9921722143051, 93.72483319434355, 26.116212220287807, 36.96176072451454, 57.106829544653465, 73.43141125409272, 92.03251044961856, 105.84279618924128, 120.71188836614235, 131.1400170167764, 145.1179483902266, 143.95825175854486, 143.0186709105336, 135.26993494315883, 131.5973087065786, 121.45600505961302, 116.89096048572684], [29.852787958756988, 23.881781708275142, 18.124268206413053, 17.6616302921961, 20.82697325235477, 27.516944975648986, 32.78045113144727, 72.02348532567052, 76.40864494189047, 84.94899223739681, 92.85608750109145, 99.31243601321843, 94.00740278397426, 85.82353029892491, 77.32902765795869, 37.96239787069625, 29.667007317706485, 20.633227848117244, 10.195973980168548, 5.74317960393535, 0.0, 11.06198387631337, 19.52925248279222, 27.91443695703657, 35.85996244946248, 73.37040724096704, 80.09795068608985, 87.54772772775297, 94.05126918769928, 98.86047175044075, 97.96367083986362, 93.1626663120798, 87.37791747117183, 80.43068971674053, 75.59670008448725, 48.163875545317545, 57.598580132937464, 64.23591454516496, 62.36550199216206, 72.10375906273374, 79.83303479287812, 85.10331651112907, 87.87580526716047, 86.735959400267, 78.67239986831142, 70.72245270312551, 65.01362782971518, 83.10089265657592, 82.79989679081558, 84.47415964955788, 90.87685875985566, 93.60659376032767, 98.64236657272278, 106.89380802682132, 107.6407137042065, 105.40052819286171, 101.1126673460224, 95.71979496896355, 90.27739550443799, 85.90672521553233, 87.12009559405358, 92.66586342713686, 96.57476779333211, 103.40930492796589, 97.77542964762449, 93.82970505498848, 88.5139138829533, 31.364946398340763, 38.49899323648962, 56.316860474552584, 71.69853407815839, 89.47941348144184, 102.80761689955405, 117.38102314201844, 126.50976748171325, 141.5381863845522, 140.5216147643879, 140.2652493532986, 133.03229997953827, 129.80892350563502, 120.42748559486914, 116.53611807212603], [22.665113964996053, 16.651751240934693, 15.424964428223294, 19.385141276230257, 18.547025630269292, 21.869943103628668, 26.223609183087788, 64.76998697191895, 69.08214504208838, 77.53987817956924, 85.58289858573198, 92.6627455068169, 86.92628618898986, 78.51566474403239, 70.11606428753174, 27.653770746162017, 19.254928940683502, 10.559098197830911, 5.845284628954606, 15.33620998464138, 11.06198387631337, 0.0, 8.97364077533679, 17.798129681792073, 26.290141974789677, 64.57083560019713, 71.55235949795443, 79.44923840224654, 86.50457616566196, 91.71571169292507, 90.64940484262165, 85.43571431240962, 79.36502028088246, 72.27237983170879, 67.24034918291174, 39.132671744070144, 48.47163302417118, 55.74448050462759, 56.291350788256935, 66.06001260049203, 72.75864682642298, 77.60953067595355, 80.77352964652216, 79.65984550371327, 69.76821059544073, 61.88554084551299, 56.24673298053264, 80.05058347321481, 78.05437764214004, 78.91449008691116, 84.69345759293516, 87.13393172141578, 92.32959500964891, 101.32503715197649, 102.15401391754105, 100.137831166204, 96.20342479344431, 91.36080476321703, 86.38828847692295, 82.01752261966534, 82.07863612556676, 86.84577168766377, 90.51348776840715, 97.6692241542466, 91.95690943309886, 88.28736315911021, 83.73671404227287, 41.29190256259418, 48.50206822093155, 64.01936935247261, 77.59320635643505, 93.96302021777873, 105.98223543740141, 119.38631573711454, 124.14406494917118, 139.31039129580324, 137.53864631973178, 137.56696088526056, 130.06085197286222, 126.20149947355962, 116.41943989417776, 111.69580664604725], [16.07630314361147, 11.404950439381357, 15.954774482664336, 22.302855427463477, 18.640464348975136, 17.644414195894292, 20.023957291072236, 56.97257875237432, 61.28532048452874, 69.66159110306593, 77.79371292267808, 85.18244153031367, 79.1493089650466, 70.62909529757917, 62.31377781855139, 19.19185826918334, 11.897218346635988, 7.449245754408898, 13.156172217868766, 23.719831394808967, 19.52925248279222, 8.97364077533679, 0.0, 8.96109862428681, 17.592849217673326, 56.33731995267753, 63.49151572051504, 71.65261345149978, 79.00640026909299, 84.36364754203049, 83.07023405513473, 77.66506600903, 71.42732242394541, 64.2158480354255, 59.08873442351401, 30.49096083674716, 40.00370581754521, 47.97541669591098, 50.190452152414565, 59.891799682380004, 65.80882760812213, 70.21790153923449, 73.26239891626481, 71.94701664329573, 61.286596533337544, 53.254496264831026, 47.670314892341764, 76.19358156541779, 72.93374239958666, 73.12979931557582, 78.25126886015407, 80.33175253597406, 85.42519360815794, 94.64915242983528, 95.74696540292958, 94.05703195070534, 90.55437730748724, 86.31671737037182, 81.77532650862024, 77.42455356630454, 76.59514077239508, 80.61690572075679, 83.93080747407701, 91.03624093203648, 85.5184747891507, 82.21873205552922, 78.40684042830848, 49.144022480651984, 54.95130156745645, 68.43146245501055, 80.29747063090102, 95.56727083145375, 106.38541488267983, 118.63647028651486, 120.10567349741744, 134.57718928475944, 132.16440546512536, 132.2701980554063, 124.58743799331104, 120.38912541853435, 110.65069311679649, 105.91165394492953], [12.53156287654062, 12.293389992646048, 21.065621874910647, 28.046760209502807, 23.026219236239235, 17.989622847159055, 16.561580905899714, 48.78123545309657, 52.97435793771572, 61.24630429928609, 69.39303671694644, 77.04177306054697, 70.8479363502699, 62.27970918806101, 54.0849074630248, 11.053761066147848, 7.839436743886325, 12.122694654930646, 21.245267873695095, 31.77803262148741, 27.91443695703657, 17.798129681792073, 8.96109862428681, 0.0, 8.735600150395964, 47.57933187796564, 54.83233421758894, 63.155534432374345, 70.70875727834675, 76.16773637818417, 74.71721173933844, 69.17423925938239, 62.83128726626012, 55.559599047903376, 50.37802957494107, 22.014713753503543, 32.5802285627525, 41.8238920564806, 46.015563770696225, 55.48728032658033, 60.43188885168649, 64.15886740814753, 66.6451652315083, 64.73795169202626, 53.598739880163464, 44.94287011427376, 38.902541984218175, 74.19728943115221, 69.66719278400927, 69.10209788252011, 73.30942533568137, 74.83956215989761, 79.60093426647957, 88.75525820712902, 90.39347068397267, 89.22387550083593, 86.34634257054117, 82.91883136660596, 78.9005386489878, 74.6019929240324, 72.81668399952089, 75.8676365340948, 78.61744483425406, 85.38098956476523, 80.33860031811324, 77.60841951746346, 74.75281931800049, 56.28088038176109, 61.34625133194511, 73.41884485261265, 83.77427960728744, 98.17296178317466, 107.83294804719864, 118.86300628451161, 117.28811876967391, 130.18953162840506, 126.94527601123899, 126.76302374847064, 118.6289825339304, 113.84640177332828, 103.88074593790408, 98.9693386331887], [13.025429686414377, 17.03180020570245, 27.002394300295148, 33.902066253182916, 28.323315667320056, 20.923676783899168, 15.872786594483024, 40.35339502937664, 44.494481305789385, 52.6896601223082, 60.87253095480504, 68.6683094414019, 62.32325976904649, 53.723987135855594, 45.61811964196672, 7.81531957267059, 12.729534403672313, 20.13425409136445, 29.530503196137868, 39.537884874568185, 35.85996244946248, 26.290141974789677, 17.592849217673326, 8.735600150395964, 0.0, 39.28392456483108, 46.62668385726918, 55.04935416667917, 62.70132110573579, 68.1368186143284, 66.4541708435572, 60.86596180769227, 54.44763059299903, 47.08452005058922, 41.879909300164286, 13.777849772382265, 26.06113796671657, 36.65247113434188, 42.420552245633594, 51.45972627802539, 55.471836299755026, 58.43951201107948, 60.03739325930566, 57.36646015059497, 46.35537134074351, 36.83488688558686, 30.192358117172695, 72.12457349279255, 66.54588996964118, 65.28592054251382, 68.51472881205424, 69.43314591531065, 73.70332575561932, 82.52644160552866, 84.80291022764031, 84.21499676230096, 82.01813788137197, 79.44721545238639, 75.95795676605846, 71.74656801051563, 69.12605790228577, 71.18496987934782, 73.28750134081405, 79.50262981441706, 75.0934713128853, 73.00430025100874, 71.12578082603063, 63.043418648436685, 66.89498125385714, 77.45680983013541, 86.27857367317603, 99.8100728559544, 108.32236803323885, 118.11726709190359, 113.8899047670655, 124.90630477913794, 120.87285107458264, 120.34988734879532, 111.82606967841707, 106.59845006088787, 96.65366952845021, 92.00843771789596], [48.66656415188352, 55.12530651931547, 64.94516079193605, 71.14700112861743, 65.71653990600038, 57.020288139089566, 49.0791413736839, 20.78289726232555, 18.658594066333237, 22.12707051472734, 27.75556638496885, 37.04861579556853, 31.80523550114562, 25.241264443575126, 22.060962584722564, 38.63054644948232, 47.457066990989084, 56.54028277590091, 66.46312902811174, 75.89355612425932, 73.37040724096704, 64.57083560019713, 56.33731995267753, 47.57933187796564, 39.28392456483108, 0.0, 7.6592196103045, 16.809486520712703, 25.572196718479816, 31.817365167283008, 29.939302371830923, 23.363519669312772, 16.70002913165333, 10.504223902216713, 6.38853626342341, 30.968195314439313, 36.76427522445075, 47.097645339545686, 58.28142433387401, 62.869532259205634, 61.04544422318236, 58.97135275008934, 55.086407537436486, 47.34460696070493, 39.4251060044094, 27.73992096033361, 17.186842513169516, 87.7975540916965, 78.73599329496332, 74.56091174313627, 72.4107905698324