{
	"dissimilarities": [[0.0, 8.353277222714029, 16.475214774134418, 27.611522704493808, 19.280433827970707, 10.87752073789009, 7.146672912966984, 43.74451292432559, 48.80715713724898, 56.55418585671404, 65.2676408858017, 72.7731755053243, 65.6519864030362, 57.51197766266149, 49.277492615339774, 13.363272622504189, 12.482258510003309, 16.387357703148215, 23.275430416787273, 33.123209918891405, 28.519941708543953, 20.016679568058837, 12.81936672976766, 6.509555419639884, 8.674589375297595, 43.71651774874978, 51.774646291352624, 60.41692554280083, 69.15080754313027, 74.72069731389617, 72.77496813493835, 67.11170605977398, 59.60596434900552, 51.16173876135261, 45.97827772145218, 19.79435180644837, 23.775439195396686, 32.41968500279239, 37.74266367239898, 48.09849260653478, 53.526172274654215, 59.00229095906031, 61.66560543120176, 58.04688262282282, 46.571633899408475, 39.66735135756474, 37.68530866651393, 66.67369412230137, 61.0543785620586, 61.25311405453024, 66.28029734069382, 67.69208390901267, 71.57907441321306, 81.99494508012329, 85.17104504111896, 83.48714548447788, 81.30225941860391, 77.65869109282995, 74.48713669635089, 66.19330901144063, 63.67105435412878, 67.96654014042288, 70.24838557931763, 78.04208903845809, 73.64495931754635, 72.47965477468803, 68.54489276983966, 59.98767266021294, 63.98122557760546, 71.23004292377573, 77.55650944206211, 89.20764198958295, 101.01143824605174, 104.03776431241553, 108.66032648863087, 115.67401063761493, 119.63082166015455, 127.0817265456769, 118.22529400010261, 111.58619578698573, 103.96050976957905, 93.03749273955931], [8.353277222714029, 0.0, 8.798797012021705, 20.985748392189404, 12.606284663863343, 6.890482911576661, 10.951795501470842, 51.96256947096408, 57.06689387352442, 64.89456578253989, 73.58222571421643, 80.9942045749031, 73.92816873403581, 65.74272113923357, 57.47156457611024, 18.829381647323018, 13.85637528259584, 12.808040953404625, 17.171934865719038, 26.84095468091344, 21.38476784795725, 12.458062820140743, 6.580970582224859, 8.868912242771712, 15.83089790941439, 51.897624513657945, 60.020391277474765, 68.65779633878363, 77.38872368812608, 82.95362981345042, 81.08138507395775, 75.43855018192572, 67.93961534954016, 59.50565255930499, 54.31401304548281, 27.84862205918255, 30.80579376614538, 37.65032529548719, 41.06865702927198, 51.43077705036179, 57.59827737661745, 63.803471819863255, 67.45724495854357, 64.70836945276601, 53.50337888851718, 47.64747707177579, 46.01036451092276, 67.8364662430799, 63.16510425499405, 64.30870321586602, 70.1056730332741, 72.2833651256668, 76.62272326589894, 87.25905589649986, 89.65828367338803, 87.35938487644097, 84.45490485711427, 79.98167900004893, 76.22300139785206, 68.14085771597402, 66.4855663990674, 71.70330734945665, 74.68429698646223, 82.917223204367, 77.89632758287878, 75.99906784341698, 71.16574401655309, 54.87137458552054, 58.965177480816635, 66.7448440600642, 74.06656330791922, 86.4068544516096, 99.19256084329908, 103.35589240886573, 110.966415784695, 120.03658465394882, 124.75556054455959, 132.54169466651615, 124.21777305382568, 118.34840382081842, 111.16888451188242, 100.57304400687916], [16.475214774134418, 8.798797012021705, 0.0, 12.497435494376194, 5.06157391547155, 8.621693892473218, 16.31548848690155, 58.86375022241374, 64.03884524937624, 72.25845282681833, 80.7403388312446, 87.73263484844787, 80.91799904136684, 72.6418586897863, 64.25962279521039, 27.48637931473138, 21.185331756763148, 16.37711933043617, 15.139044322915073, 21.039258129504542, 14.615766604330952, 9.220084148896312, 10.881675587304425, 17.507484299739072, 24.53418275817128, 60.141907091929816, 68.08959463528342, 76.44487765233869, 84.84326432252091, 90.14576594837959, 88.38057974064704, 83.02044850371917, 75.68946844747357, 67.26357901587643, 62.15593873551221, 36.1079740387439, 37.93800348157114, 43.46735556353242, 44.14711895293133, 54.27541162365576, 61.65567110925159, 68.51273355873515, 72.185215362133, 70.26596138717804, 60.319546021173934, 54.7537449565571, 53.764471772233854, 67.67330348252275, 64.49588698652117, 66.8041592097781, 73.25531317060617, 76.07249967369818, 80.54549687486457, 90.73272303627112, 92.54823132740705, 89.85776596648486, 86.2940813563387, 81.11012205587856, 76.68555155757589, 68.90642274084836, 68.54866653863617, 74.62905180792207, 78.21175523189427, 86.20965367339286, 80.84826747667576, 78.30456821539356, 72.55930844841907, 49.4869795714891, 51.529526108558045, 59.136079634059726, 67.24162661053508, 80.35524947919723, 94.16657982282125, 99.68863141680153, 111.27277902487461, 121.62079675831501, 126.80416385494726, 134.50143373610734, 126.8086260619074, 122.05062455243838, 115.79761124312975, 106.71727438980001], [27.611522704493808, 20.985748392189404, 12.497435494376194, 0.0, 9.12980786513911, 18.269749260345478, 25.361943822295267, 66.7614871090319, 71.94087908650017, 80.69253231836805, 88.73154389699317, 94.94617100071054, 88.63033929255462, 80.31994245124359, 71.87977255398043, 39.52740958934503, 32.93218327232097, 26.76560301637297, 21.341845293546033, 18.595223052136078, 13.082983292876817, 17.405321060867017, 22.891486570193585, 29.72770767720232, 36.14349689970135, 70.31928432125149, 77.85510496148504, 85.63919617756333, 93.36954622022132, 98.15231023940568, 96.55556040577281, 91.74288223686187, 84.77502873875244, 76.44404993449929, 71.54573707245811, 46.72099360095863, 47.35628194366164, 51.72006964167062, 48.953984035836704, 58.40392996851613, 67.36344070492206, 74.78601332309341, 77.68377392272623, 76.68328379050821, 68.92709148965773, 63.25281339275116, 63.14059120707972, 67.37562671556466, 66.49091460131139, 70.27600407292394, 77.28352100283946, 80.68294015596716, 84.9969121837542, 94.00421777787072, 95.29793968026333, 92.37559704587463, 88.13569431426437, 82.28600703347487, 77.05909536593553, 69.81801824296434, 71.34422580270319, 78.2752359201639, 82.4167952876822, 89.49401878274801, 84.03910258631153, 80.85417102035902, 74.11124117693706, 44.135217018337286, 40.541700334446325, 47.00642365326286, 56.033223268838164, 70.37551669603143, 85.59228364596805, 93.09477060789598, 110.49397056092538, 121.55704709009149, 126.97784060601401, 134.1087098961397, 127.28778861857053, 124.17761711162905, 119.43577036323039, 113.1108856402292], [19.280433827970707, 12.606284663863343, 5.06157391547155, 9.12980786513911, 0.0, 9.395281322443202, 17.203193198257384, 59.82583333940739, 65.11741893229267, 73.64511450442262, 81.90842282032673, 88.56342212071571, 81.88491249207118, 73.49383002733295, 65.10613755626258, 31.348739738819823, 25.772889437866628, 21.323293262171912, 19.258972804182704, 22.432827236530862, 15.956343622318927, 13.627393158500748, 15.818682655423908, 21.46817163630499, 27.723307173594733, 62.47710383107711, 70.27867208183402, 78.52824362515959, 86.67097126538499, 91.71883339064475, 89.86190810491503, 84.72113391845043, 77.48825129877432, 69.03160712781391, 64.00908703822716, 38.32083337255803, 38.89589369629393, 43.48783614057074, 42.39282957565332, 52.28450886921652, 60.390314538227095, 67.54874919528652, 71.00486202555255, 69.64212109544638, 60.76311141768511, 55.5754016708957, 55.41895664524937, 64.15829691593572, 61.72121428308105, 64.59363174720215, 71.29759490777167, 74.39273755355332, 78.8554350787672, 88.6878441056494, 90.2066853176917, 87.37479692488898, 83.53806186685961, 78.10393050665512, 73.4060334141486, 65.77487409980384, 66.08244713073, 72.52202008821035, 76.36493250428566, 84.09576956435237, 78.61955296847849, 75.79433506543857, 69.6606166596358, 50.21037356963348, 49.146249945896514, 54.94913418711911, 62.49439841014033, 75.33497396724171, 89.14087200591581, 94.84908443066827, 107.71672090866748, 118.5405862684611, 124.04977380112382, 132.03832712819798, 124.8967040589692, 120.90889225227737, 115.78912220109179, 108.31106876610495], [10.87752073789009, 6.890482911576661, 8.621693892473218, 18.269749260345478, 9.395281322443202, 0.0, 8.383341289927365, 51.40704688413379, 56.75924813018411, 65.08718272620051, 73.47903478737656, 80.4463830439331, 73.51058129462412, 65.09211304211956, 56.78582717374473, 23.552454053983144, 20.244963290235397, 19.336828655769125, 21.824493590531006, 28.792020769024894, 22.86921481334429, 16.426741808543802, 13.06006362327056, 14.312302145068694, 19.16265009560387, 53.53950582471876, 61.46497623357493, 70.0188796766788, 78.40986153576605, 83.61241069360501, 81.53477808849763, 76.1823592519772, 68.78498950024664, 60.258131432335844, 55.17622778803515, 29.096404220712035, 29.68770092370795, 35.13904025178401, 36.214611364816676, 46.502084652312966, 53.647614267411264, 60.28526300620531, 63.66527621291284, 61.65596886870087, 51.8737581560422, 46.66678194984705, 46.45886247541117, 61.61921977091582, 57.58619622123231, 59.311290750455, 65.41370773488812, 67.91334449777214, 72.26094533317848, 82.55655580459222, 84.61749748878321, 82.16136872700896, 78.97269523532496, 74.26303169206952, 70.24460714104046, 62.2341240389427, 61.226554147644755, 66.84810630827987, 70.132396252461, 78.09927388258767, 72.91891235517207, 70.71615616254199, 65.4736618896385, 56.7359063759284, 57.037754826213714, 62.30913787330069, 68.5112776947544, 80.1053710035437, 92.49869600224913, 96.47133010614773, 104.80753235074576, 114.38957052461798, 119.56945001336912, 127.95094970105089, 120.35483483507467, 115.44220996075514, 109.91638570968837, 101.61287512882491], [7.146672912966984, 10.951795501470842, 16.31548848690155, 25.361943822295267, 17.203193198257384, 8.383341289927365, 0.0, 43.02443560525136, 48.382769087014914, 56.75491382996558, 65.10822921489631, 72.07266695985845, 65.12796410818817, 56.71517999097136, 48.40456764185068, 19.772955631699933, 19.529487486586685, 21.950101197512943, 26.844673935643215, 34.500435993298545, 29.479056880983713, 22.70883478575156, 17.24327698683768, 13.286584951014424, 14.150135887451468, 45.76722570003625, 53.51375206232146, 61.970145977872946, 70.25160920234634, 75.37919598394541, 73.23221038040255, 67.93877328330252, 60.590848768958146, 52.067930520895736, 47.04263805480371, 21.732308777750003, 22.54979949864257, 29.7554827447483, 32.51348204064852, 42.902918677915444, 49.46030136592615, 55.39207041261279, 57.56682387082373, 54.6856880272399, 44.897033337504034, 38.54532045676073, 38.29718433957042, 60.3305316717409, 55.34333349417331, 56.11129223915117, 61.422953060223975, 63.120367735959746, 66.96220518540284, 76.94533889759263, 79.85582886875852, 78.07108424128225, 75.63299180531989, 71.80224201270966, 68.38074526705853, 60.121160064474374, 58.25759373959856, 62.930721271205684, 65.48976285314923, 72.90695680314892, 68.4012032423864, 66.96828348854262, 62.646068107802115, 61.38558982215898, 61.76858721535576, 66.65794656340577, 71.85021793918959, 82.7617838769574, 94.13324562875195, 96.95138369312606, 102.31624280201837, 109.63430827121272, 113.98220678367704, 121.95161477117605, 113.81095065656805, 108.18201555548798, 102.31181546939987, 93.96146783255217], [43.74451292432559, 51.96256947096408, 58.86375022241374, 66.7614871090319, 59.82583333940739, 51.40704688413379, 43.02443560525136, 0.0, 5.747057542022265, 14.765720350073986, 22.25248012528487, 29.27319855306625, 22.103542025693283, 13.816115322764901, 5.587019354716523, 41.80184539758772, 49.37269592038406, 56.94922639151681, 64.72480261389249, 72.61897076917573, 69.77176299084852, 63.15955424601929, 56.153898553813384, 47.258235300262, 39.29511433278449, 18.12823938267117, 19.211527987280995, 24.314613645051285, 30.33841747408282, 34.32864762153349, 31.286346029270884, 26.891563321047997, 20.78601672147201, 13.831715185351706, 12.127256160085551, 27.383542068716032, 28.142492983972726, 35.82000289041087, 44.19087615093074, 48.8652214952348, 49.16310422741479, 48.435974823470254, 41.43908136097142, 32.05666590162811, 27.167867036357528, 11.651428802982407, 10.856342333549224, 71.02169513725963, 62.95286212624996, 58.70771777945085, 58.022490315562436, 54.33991394020275, 53.798181857333184, 59.475241268281515, 67.5473869961506, 70.22958422561545, 72.60758530338141, 74.24738266096121, 74.53845035198484, 67.03679780304566, 61.400459330381835, 59.538685757012566, 57.01552286924041, 59.136963184327435, 60.02707800850021, 63.54146049392073, 65.34571578494342, 94.02760541270027, 94.71794303424254, 97.96369910310459, 99.22237312401509, 106.51680174738922, 112.70230353067532, 110.17691891062768, 100.1926984835918, 93.78870642207784, 92.48640164205595, 97.29445011078293, 85.87465442944776, 75.13179278105687, 66.72916297015952, 58.22566382200652], [48.80715713724898, 57.06689387352442, 64.03884524937624, 71.94087908650017, 65.11741893229267, 56.75924813018411, 48.382769087014914, 5.747057542022265, 0.0, 9.5208194955322, 16.81096299392706, 24.030231826609143, 16.9380365719816, 9.395339842289689, 3.2285763284745186, 46.139865526334184, 53.72711699086052, 61.394004824000504, 69.24829605684182, 77.10476854208507, 74.55041119271415, 68.01274685362682, 61.02884414527168, 52.092910207839545, 44.069173874616006, 18.30284109778263, 16.699575795778223, 19.71201931818313, 24.829302335924805, 28.600823694965815, 25.596135481312274, 21.481723680778714, 16.090629767874375, 10.759009422828571, 11.32633818958104, 32.19017989704758, 33.60441215613136, 41.0990394412923, 49.592114669703726, 53.79158425710444, 53.54025719047861, 52.131922454973996, 44.313646352730075, 34.46533439728303, 30.667812777921103, 16.337244361700016, 14.318759892629041, 75.72451055091354, 67.62485378721327, 63.07809894205296, 61.82682352694457, 57.642175284046296, 56.53193520040794, 61.29052599211675, 69.94091930163542, 73.1703429817381, 76.06260106553545, 78.23646616750345, 78.84457509689979, 71.54450101208873, 65.74703423427769, 63.298687352652344, 60.264255459379655, 61.55928576058564, 63.174136962202695, 67.16865965038144, 69.53075645985547, 97.67224142525707, 98.9070355744087, 102.54670732837944, 103.79696864750592, 111.09180672548082, 117.03146358310306, 114.27186888529636, 103.23978933420652, 94.88723576970558, 92.48801783790381, 96.17178813979986, 84.01146863386298, 72.17510254636979, 62.46683366411681, 53.041244458951766], [56.55418585671404, 64.89456578253989, 72.25845282681833, 80.69253231836805, 73.64511450442262, 65.08718272620051, 56.75491382996558, 14.765720350073986, 9.5208194955322, 0.0, 9.130468849799282, 18.22856045165204, 10.721767337260495, 7.996819292709447, 11.179679063908946, 52.24631867688737, 60.274623147241115, 68.37061176823099, 76.6620184540844, 85.07400171296182, 82.65792530536805, 75.69134771403064, 68.4055959000828, 59.20356105005673, 50.97887277372219, 18.82383061321221, 12.974218751061587, 12.359827160067448, 16.667908839984726, 20.793171950937932, 17.13677436740535, 12.244634876193938, 7.441724764541818, 7.821109440156175, 12.413552765761784, 38.79953691384901, 40.77776973542456, 47.69959892621473, 57.25814891652805, 60.74561000700363, 59.018002396679115, 56.4525415897776, 48.57402323550188, 38.26807416406604, 34.518869891400946, 22.889864070563135, 19.849596510152242, 83.08645761896875, 74.41483614999422, 69.10670841587286, 66.98620773458033, 62.12005499280571, 60.52833569098261, 64.84869370585601, 73.94111185883538, 77.68996450096702, 81.31647238771434, 84.22668737385986, 85.45545580301611, 78.43745261693658, 71.92606947488623, 68.53287878523848, 64.77589977716599, 65.69606293225812, 68.01362894870893, 72.64248409570021, 75.93190006895783, 105.22797677164661, 107.78619456337664, 111.98062370641806, 113.25839772565858, 120.34244344277022, 125.8062897825281, 122.38125704995866, 108.50652308416034, 98.46535936768653, 95.13068939445091, 98.22643689111216, 85.37488129369784, 71.8882437775717, 60.36447231977713, 48.078680171409815], [65.2676408858017, 73.58222571421643, 80.7403388312446, 88.73154389699317, 81.90842282032673, 73.47903478737656, 65.10822921489631, 22.25248012528487, 16.81096299392706, 9.130468849799282, 0.0, 9.555261202787388, 3.374144826444325, 9.916467424646997, 17.327437463398766, 61.34227835734115, 69.28518775937967, 77.25907965956881, 85.37358612241182, 93.37124926918264, 91.06956780474604, 84.41455841901048, 77.26554982939112, 68.13632195955257, 59.94502844699498, 27.542612372769618, 20.581955884439775, 15.812371537698512, 14.10639070193031, 15.141937205861703, 10.520161816801203, 9.470972965309002, 11.549013835173634, 16.552219884381042, 21.457122620700172, 47.71469741805654, 48.910182036684105, 54.79455742485362, 63.39927473416018, 65.8105152276386, 63.62724114521441, 60.18792217579225, 50.69214967987804, 40.44641060729305, 39.93733826040398, 30.158259958209694, 28.723744058776518, 87.08071992394214, 78.62876095893509, 73.02214381884029, 70.00991260381208, 64.46331052125434, 61.86582285561982, 64.28735831737343, 74.10837792050422, 78.7310770335413, 83.13476993029347, 86.93580302749193, 88.67907991713822, 82.1492156432841, 75.63971212966713, 71.36160903562525, 66.87856936816489, 66.12594573693818, 69.63238846317341, 74.94735926097353, 79.09225198846275, 112.83608869560308, 114.51765579728443, 117.9496967912282, 118.44166939743324, 124.7542138829527, 129.2345910640525, 125.00511075132853, 109.07738234807142, 95.97240365404237, 91.16307524429217, 93.15945623530156, 79.8342108951828, 65.34323258595916, 53.85505232070442, 43.587349735136776], [72.7731755053243, 80.9942045749031, 87.73263484844787, 94.94617100071054, 88.56342212071571, 80.4463830439331, 72.07266695985845, 29.27319855306625, 24.030231826609143, 18.22856045165204, 9.555261202787388, 0.0, 8.234622518673271, 16.16872521320475, 23.822706806811038, 69.79190623840474, 77.39560854175457, 85.02467905367725, 92.72295414755986, 99.93688330695534, 97.8190824143005, 91.78131177258025, 84.97393721143273, 76.07874700202362, 68.03518686138574, 36.94514995877388, 29.99422580255628, 23.898779270007033, 18.345376439958763, 15.113490704638192, 11.799803965593922, 16.021655957448658, 20.738691136784738, 25.921011067603533, 30.63090157961474, 55.99037453213705, 56.50093131140083, 61.71821134213786, 68.80922541563707, 70.39264034994105, 68.47082206579142, 64.65069245225125, 53.39013300914318, 43.63930504690786, 46.510755220783864, 37.45840304970376, 37.26042475551535, 89.97620863021439, 82.20041493832723, 76.70591686366382, 73.11743801994908, 67.15666528589034, 63.5783611949008, 63.629615530622274, 74.12371998821965, 79.59050839462753, 84.5524467032757, 89.04411126880179, 91.0563248096657, 85.01572074480936, 78.97616000605234, 74.17600977232365, 69.22873059296225, 66.48816260149773, 71.141027981631, 76.92879292001273, 81.58307313954371, 118.44479207559823, 118.68203505901815, 121.17098159365125, 120.82187417982857, 126.431976888984, 130.02598208888938, 125.28541478334162, 108.63950711778499, 92.12941192396671, 85.53136247342137, 85.75234977619016, 71.86655000632926, 56.59222537675116, 45.647919239414854, 40.105529731049394], [65.6519864030362, 73.92816873403581, 80.91799904136684, 88.63033929255462, 81.88491249207118, 73.51058129462412, 65.12796410818817, 22.103542025693283, 16.9380365719816, 10.721767337260495, 3.374144826444325, 8.234622518673271, 0.0, 8.718669661080526, 16.823700141351488, 62.32580857037986, 70.24274830627387, 78.11274049360144, 86.08539657382987, 93.86136592787089, 91.44174536668453, 84.9301832279328, 77.8481323818734, 68.77517099367313, 60.61836156944158, 29.354444185663898, 22.971635255814597, 19.02441512959736, 17.24587002151904, 17.439910196558866, 12.887770863336335, 12.776783399180367, 14.420757327918704, 18.352721157940753, 22.929401210524667, 48.29739420928121, 48.76393670535054, 54.11084443289953, 62.07344613966061, 64.10272198426674, 61.99026543210406, 58.4467182571562, 48.34434499279461, 38.20232189623114, 39.01880966409468, 29.702710361128148, 29.410148936481065, 84.88365531145004, 76.5880662097132, 70.99481649342599, 67.81264644669203, 62.157609257818066, 59.312107280082216, 61.2587190084656, 71.20772889598086, 75.99313577344701, 80.5084924215808, 84.47654225877318, 86.3020405255567, 79.9101208084048, 73.50912882316636, 69.07928751734224, 64.48226005313819, 63.269262746698836, 67.01409847846926, 72.44252321415166, 76.73048346336208, 113.5115380413038, 114.26759304755291, 116.96602036886166, 116.99230650123843, 122.85087978570051, 126.93142855773388, 122.40720834744512, 106.09923176678664, 92.62000161844468, 87.81237165401393, 90.13785691332544, 77.10095729387434, 62.99840756403595, 52.90981940842914, 45.102746847420114], [57.51197766266149, 65.74272113923357, 72.6418586897863, 80.31994245124359, 73.49383002733295, 65.09211304211956, 56.71517999097136, 13.816115322764901, 9.395339842289689, 7.996819292709447, 9.916467424646997, 16.16872521320475, 8.718669661080526, 0.0, 8.49114409075915, 54.876284833479666, 62.766189007859595, 70.53982899935232, 78.4202097666384, 86.2050567682378, 83.51019310459156, 76.95974748777668, 69.8830596426266, 60.862780770250495, 52.76253913283338, 24.34332965630144, 20.182641385184898, 20.15459458646244, 22.263226191369952, 24.33294492255185, 20.26213995969333, 17.682242650735937, 14.92644727929406, 14.193265681880618, 17.34436069861677, 40.40572339494322, 40.34023284756321, 45.86435496871984, 53.726555076906166, 56.30454828189025, 54.84734516659983, 52.07510669597029, 42.59733778985897, 32.38960690489789, 32.0270531625246, 21.325238139523485, 21.943329124027148, 77.54456050598063, 69.2528152303988, 63.995940417039435, 61.50268828516993, 56.38504844139841, 54.224847863940106, 57.519789676713344, 66.91448201882045, 71.02081531789146, 74.87398529041377, 78.14821953267197, 79.53813139102985, 72.7988235426035, 66.56739269179995, 62.84627674960267, 58.84071948850526, 58.70801813205236, 61.540577293213595, 66.42303321442245, 70.01108655496562, 106.74306600165394, 106.9539432510143, 109.3330708503213, 109.4688694881209, 115.4822778441148, 120.019812417428, 115.92589977629906, 101.31938976562013, 90.50237927345034, 87.24322890140441, 91.09559059301131, 78.93864678616448, 66.45028525422374, 57.97515045838509, 50.924513199955136], [49.277492615339774, 57.47156457611024, 64.25962279521039, 71.87977255398043, 65.10613755626258, 56.78582717374473, 48.40456764185068, 5.587019354716523, 3.2285763284745186, 11.179679063908946, 17.327437463398766, 23.822706806811038, 16.823700141351488, 8.49114409075915, 0.0, 47.30130856963451, 54.87291999487203, 62.421710547942034, 70.12330585925285, 77.77359507246425, 75.04968317101158, 68.63050125928, 61.70248146182717, 52.83660410675672, 44.87526985716332, 20.693475372472673, 19.39298912820636, 22.35897888969711, 26.858635621740675, 30.07585102737098, 26.804139838917962, 23.174700739925704, 18.208231854936685, 13.2552022767051, 13.762087498737827, 32.89665820253808, 33.22038463851777, 39.96524166999692, 47.79331541544326, 51.58453250477604, 51.3824787715185, 49.88047302588095, 41.5067733765905, 31.699081736826813, 29.1551069638782, 15.325220687048821, 15.489687270684458, 73.17967799086613, 65.16404998870819, 60.59726951622204, 59.19485405675971, 54.9196755962134, 53.635629338318054, 58.13885710265152, 66.84798900016011, 70.16977813431062, 73.13583406865818, 75.44280372828747, 76.13049632792857, 68.92926240257741, 63.18695225284655, 60.60054679209984, 57.47853240884525, 58.47259993226259, 60.22496626250357, 64.3063006687846, 66.79444255234448, 98.62054989118968, 98.86304120899374, 101.66769275831572, 102.40456464807636, 109.19256467117518, 114.7143931706898, 111.61909418681248, 100.1277648862603, 91.68838551314934, 89.47123123451698, 93.67070322168348, 81.89077995988701, 70.53682766565066, 62.15453611559014, 54.63698254526429], [13.363272622504189, 18.829381647323018, 27.48637931473138, 39.52740958934503, 31.348739738819823, 23.552454053983144, 19.772955631699933, 41.80184539758772, 46.139865526334184, 52.24631867688737, 61.34227835734115, 69.79190623840474, 62.32580857037986, 54.876284833479666, 47.30130856963451, 0.0, 9.778445422988257, 18.976942668184385, 28.739173807658602, 40.96207231535467, 37.31747417942035, 27.360450066138572, 18.940852163365193, 10.050046942919472, 6.131335299403878, 36.36163096855328, 44.7711989220485, 53.83734041476352, 63.36747844125361, 69.67300199377785, 67.81603424862077, 61.464352849811824, 53.72714773416167, 45.67063955326689, 40.41906629002316, 15.73830208737582, 24.341450544312124, 34.543963107072216, 44.4279540277688, 54.17447859168757, 57.02233029823537, 61.134856200627475, 64.32671419650892, 59.314652889778635, 45.1323715087014, 38.00202091373964, 33.34813657173189, 75.55489893619692, 68.27231535274866, 66.90829572610525, 70.90112088725324, 71.4215549111813, 75.16384446085361, 86.29012177845794, 90.11471088739124, 88.85579277128659, 87.52005323843122, 84.71677651679192, 82.42141888309718, 74.08490871821186, 69.88936716394603, 72.92354153453529, 74.33403201452836, 82.62709674969477, 78.69422383143564, 78.36718912298453, 75.69534302188109, 66.26129613369312, 74.86616516253373, 84.09976263420447, 90.85774661444941, 102.46237118650237, 113.81546485107515, 115.94803708214015, 116.46576458843822, 122.27825100258164, 125.54217083510737, 132.7069167439082, 122.73373336656321, 114.12712495191212, 103.97305464208644, 88.78546944616568], [12.482258510003309, 13.85637528259584, 21.185331756763148, 32.93218327232097, 25.772889437866628, 20.244963290235397, 19.529487486586685, 49.37269592038406, 53.72711699086052, 60.274623147241115, 69.28518775937967, 77.39560854175457, 70.24274830627387, 62.766189007859595, 54.87291999487203, 9.778445422988257, 0.0, 9.307331806521193, 19.204702276064218, 31.779829209304854, 28.554809962052015, 18.789550070369277, 11.459680617198018, 7.346467758760873, 11.84715548530009, 45.06188658286363, 53.18280758066392, 61.671174010279955, 70.83905025077195, 76.98750377282543, 75.53023516708035, 69.45875010858454, 61.97384282133372, 54.007657841666585, 48.83051989145115, 24.379098968576876, 31.97157450299914, 41.47624643750832, 49.06644803920461, 59.267219331572335, 63.467790992639806, 68.38977427308998, 71.64656611823264, 67.1773600681854, 53.88115919153144, 46.35902347763176, 41.85608260378376, 78.58440001773415, 72.49902328961338, 72.21819140745114, 76.98181089757662, 78.12164627716137, 82.05397195071909, 92.87699498565892, 96.33978011620539, 94.74190360195513, 92.77632236447903, 89.23868818798272, 86.24799404658386, 77.97030713203796, 74.88872218149749, 78.85163860392773, 80.86419476062531, 89.0496954963123, 84.77502165367962, 83.84916684158024, 80.23594217986299, 57.017410476391845, 67.14166592528386, 78.22990945009666, 86.49732429708435, 99.52183045185743, 112.2900795858012, 116.04617427300356, 120.71695536127706, 127.43780097188903, 130.79983995921214, 137.21354035078062, 127.31336914782511, 119.31927422657034, 108.92435749645878, 93.96285700809418], [16.387357703148215, 12.808040953404625, 16.37711933043617, 26.76560301637297, 21.323293262171912, 19.336828655769125, 21.950101197512943, 56.94922639151681, 61.394004824000504, 68.37061176823099, 77.25907965956881, 85.02467905367725, 78.11274049360144, 70.53982899935232, 62.421710547942034, 18.976942668184385, 9.307331806521193, 0.0, 9.961545324267968, 22.970621775788064, 20.009372599666133, 10.857413954744978, 7.706105855236418, 12.590169913485523, 19.776250715400053, 53.88333654446257, 61.82814109680058, 69.95828909830249, 78.80063601650683, 84.74382711759407, 83.50780955119802, 77.69516937693611, 70.38596625497637, 62.428578172847615, 57.30441171077345, 32.75033179285433, 39.181406301627284, 47.76613504917919, 53.18078421681975, 63.54761948491535, 68.90773408004821, 74.5432903796206, 77.94215420855325, 74.11967891607205, 61.69002895713438, 54.227489065712696, 50.218873813459034, 80.63665909595763, 75.74690893268122, 76.4851590540072, 81.93511211196748, 83.68037123509643, 87.80731163868904, 98.36377575089993, 101.36689213209289, 99.39992593925264, 96.81670404209645, 92.58417484606098, 88.95989489318453, 80.83913413256951, 78.83418888377757, 83.64590856658657, 86.2378377876682, 94.34399730539143, 89.71121313723472, 88.19101508903317, 83.70737775094484, 48.67795662948807, 59.62347284325242, 72.12250866641607, 81.70140184744591, 95.86602914222223, 109.84841692494153, 115.08075178180388, 123.62761206724274, 131.46237311495338, 135.11516613376256, 141.13294593571402, 131.55777468086748, 124.3853286130462, 114.29949250451685, 100.18317996797603], [23.275430416787273, 17.171934865719038, 15.139044322915073, 21.341845293546033, 19.258972804182704, 21.824493590531006, 26.844673935643215, 64.72480261389249, 69.24829605684182, 76.6620184540844, 85.37358612241182, 92.72295414755986, 86.08539657382987, 78.4202097666384, 70.12330585925285, 28.739173807658602, 19.204702276064218, 9.961545324267968, 0.0, 13.50899045265248, 11.135638120940664, 6.834977147369697, 12.776803199692095, 21.073054975715912, 28.699702097082856, 63.07077170766378, 70.82772642642475, 78.60566446705981, 87.06913477669544, 92.7422988026325, 91.69171554714178, 86.18515390283324, 79.06821634170957, 71.11314538525426, 66.05932608287269, 41.586436557011474, 46.972573926274336, 54.69782983147077, 57.88611333381575, 68.20956205240228, 74.71388124696733, 80.97233507846362, 84.29711546293319, 81.11923925178995, 69.75027360807637, 62.29606266655636, 58.84631347289901, 82.74467977655688, 79.20985094723284, 80.98460463349652, 87.0357619039693, 89.33294504043917, 93.5619649696198, 103.6703766860799, 106.23484145785538, 103.95572826182118, 100.7849622183286, 95.9131427133732, 91.66547952396655, 83.79181244280552, 82.95895529660324, 88.55102230774743, 91.67232742792046, 99.5191673738402, 94.61509638725884, 92.535702104948, 87.2228869470961, 40.04427270668269, 51.204295653836425, 65.12640993211768, 76.07923191952582, 91.41209407040454, 106.62174864772344, 113.4381026374418, 126.16767047560995, 134.95504961062542, 138.85396682776303, 144.4130678182596, 135.2646885367717, 129.06474889659702, 119.5387687052133, 106.71054453262644], [33.123209918891405, 26.84095468091344, 21.039258129504542, 18.595223052136078, 22.432827236530862, 28.792020769024894, 34.500435993298545, 72.61897076917573, 77.10476854208507, 85.07400171296182, 93.37124926918264, 99.93688330695534, 93.86136592787089, 86.2050567682378, 77.77359507246425, 40.96207231535467, 31.779829209304854, 22.970621775788064, 13.50899045265248, 0.0, 7.150253437330108, 16.545912435152616, 24.624929752717794, 32.81138117129666, 39.928319442243165, 73.27042131924418, 80.56109901080119, 87.61386780787035, 95.31436427068701, 100.44792112153688, 99.71117547336051, 94.80433645763264, 88.11426847385022, 80.27886897369785, 75.43399524282155, 52.0568809850785, 56.507062801645134, 63.70911810490706, 64.20662723174387, 74.25032086549027, 82.21540089498647, 88.96577255882829, 91.29544215695746, 88.660528045735, 79.17993895417507, 71.06995797452836, 68.24324026315357, 85.46368204706312, 83.81098758136483, 86.76993025942072, 93.2551212417825, 95.93257551712585, 99.917446583025, 108.830565293004, 111.20421680847805, 108.89025370651669, 105.23885363121589, 99.89950413803011, 94.98088203420708, 87.477391389744, 88.20154533622008, 94.45080190844314, 97.95740965566242, 104.81727484519617, 99.99088802048583, 97.48320279466856, 91.38698625798561, 28.655378350488906, 38.19399730654822, 54.46749180554094, 67.24709674340188, 84.33379990632932, 101.06695468557312, 110.00928055652132, 128.35753466699384, 137.0126840850473, 140.64844611222676, 144.90728164977412, 136.19165068233144, 131.29585452729526, 122.56799136796374, 112.0938032317029], [28.519941708543953, 21.38476784795725, 14.615766604330952, 13.082983292876817, 15.956343622318927, 22.86921481334429, 29.479056880983713, 69.77176299084852, 74.55041119271415, 82.65792530536805, 91.06956780474604, 97.8190824143005, 91.44174536668453, 83.51019310459156, 75.04968317101158, 37.31747417942035, 28.554809962052015, 20.009372599666133, 11.135638120940664, 7.150253437330108, 0.0, 11.13463976027967, 19.600915302289255, 28.30396095905741, 35.81274049459718, 70.57037108452812, 78.1842577823431, 85.78756537180195, 93.809696567391, 99.04135456342605, 97.9219997570738, 92.81226359054526, 85.8389039726377, 77.73797147108624, 72.75520193638398, 48.088757785707244, 51.582744112268124, 57.948999978063235, 58.17941871479268, 68.17263062544936, 76.04884794108867, 82.98017870039257, 86.04230661218413, 83.85865822812816, 74.20955879681551, 67.20505815586299, 65.06552879793388, 79.48084378766511, 77.58173005609689, 80.54777171850039, 87.19235311462111, 90.10770696862501, 94.38011719692098, 103.81713414868294, 105.77107270795648, 103.15142077665934, 99.33850309122627, 93.83328026234872, 88.93937645593067, 81.44146657736357, 82.01997594758153, 88.4264338184117, 92.13133289369125, 99.51633542467677, 94.33663461689477, 91.62623291419817, 85.43218716160935, 35.50451008340867, 41.52761393538224, 54.54011537992228, 66.009500280739, 81.89646797070688, 97.91482599752062, 106.00033646984309, 122.82597750179089, 132.74118079930088, 137.19071770023302, 142.86732706308436, 134.69776109213305, 130.06392900937183, 122.39339205002591, 112.48461887799472], [20.016679568058837, 12.458062820140743, 9.220084148896312, 17.405321060867017, 13.627393158500748, 16.426741808543802, 22.70883478575156, 63.15955424601929, 68.01274685362682, 75.69134771403064, 84.41455841901048, 91.78131177258025, 84.9301832279328, 76.95974748777668, 68.63050125928, 27.360450066138572, 18.789550070369277, 10.857413954744978, 6.834977147369697, 16.545912435152616, 11.13463976027967, 0.0, 8.845751975617567, 18.269293717027463, 26.38528743629961, 62.23231630707875, 70.24784584428757, 78.4998915168599, 87.13581072659296, 92.77500851619911, 91.33911597447877, 85.74878448797868, 78.41251275446227, 70.18834478661923, 65.03395852958387, 39.256933220510824, 43.19178790338947, 49.794055329834684, 52.25855433116257, 62.47813984012714, 69.11217610153514, 75.66354426976166, 79.64326007884239, 77.09084675161948, 65.89647179383726, 59.67135577610444, 57.22991657630346, 76.63082403092325, 73.09733774714489, 75.04948236896968, 81.33934499258457, 83.96150009033218, 88.46613400451655, 98.93624797825143, 101.0018562565904, 98.38733739336728, 94.96930749302602, 89.85835998791327, 85.54814132160939, 77.74736844103484, 76.98425802915436, 82.84379946908676, 86.2448363436648, 94.4955572293785, 89.22101597433418, 86.85379400675419, 81.32456265228781, 44.784467203990026, 52.28777086871616, 63.49592067218267, 73.32667230228068, 87.59714998313484, 102.20025889477441, 108.40599776928012, 120.34980604941312, 130.43634250709843, 135.16683196711028, 142.0277737806467, 133.58840251040922, 127.96614072732311, 119.84939215762257, 108.2882051664629], [12.81936672976766, 6.580970582224859, 10.881675587304425, 22.891486570193585, 15.818682655423908, 13.06006362327056, 17.24327698683768, 56.153898553813384, 61.02884414527168, 68.4055959000828, 77.26554982939112, 84.97393721143273, 77.8481323818734, 69.8830596426266, 61.70248146182717, 18.940852163365193, 11.459680617198018, 7.706105855236418, 12.776803199692095, 24.624929752717794, 19.600915302289255, 8.845751975617567, 0.0, 9.693447346187472, 18.044244579567078, 54.286266741812305, 62.50913228576666, 71.15807700260986, 80.12331672601508, 85.9603442180532, 84.27769864374329, 78.42594552816506, 70.88831382323445, 62.60257528313185, 57.371642631774115, 31.07390861185876, 35.404385093843345, 42.525446281567106, 46.927279902155135, 57.22674758021527, 62.86413846095895, 68.94005229185206, 73.13119863466848, 70.13691324970834, 58.015149315731776, 52.103903119730184, 49.49978846390644, 73.74298646037636, 68.93863759481162, 69.96388577153083, 75.7634965931232, 77.95172540058786, 82.42755354395352, 93.38432549887564, 95.75680489659523, 93.36323811197003, 90.43247269321833, 85.86263799022659, 82.11235377996158, 74.08221371320502, 72.2430328641578, 77.44789695052084, 80.4276485823082, 89.00108104492746, 83.8946159138016, 81.98087567765056, 77.16594128330699, 52.39721426833647, 59.714013467595734, 69.52544557635277, 77.9839493067696, 91.04131439458328, 104.418155681431, 109.09524833826204, 117.1278368569648, 126.55615873384362, 131.20552972085483, 138.68439107611985, 130.00017736705405, 123.6512133717073, 115.34275455123864, 103.009275123082], [6.509555419639884, 8.868912242771712, 17.507484299739072, 29.72770767720232, 21.46817163630499, 14.312302145068694, 13.286584951014424, 47.258235300262, 52.092910207839545, 59.20356105005673, 68.13632195955257, 76.07874700202362, 68.77517099367313, 60.862780770250495, 52.83660410675672, 10.050046942919472, 7.346467758760873, 12.590169913485523, 21.073054975715912, 32.81138117129666, 28.30396095905741, 18.269293717027463, 9.693447346187472, 0.0, 8.40513495573801, 44.7818992695827, 53.10170652329095, 61.999464718727566, 71.14903848375192, 77.08756421374727, 75.20733233089118, 69.20118243835435, 61.54643206082047, 53.22618656290677, 47.96052017342332, 21.50461168944673, 26.847887160305, 35.343240839651436, 42.05370524284828, 52.29993275102717, 56.88996944830463, 62.21327585425417, 65.88099498009566, 62.11426241527257, 49.31169571695418, 43.00179476444124, 40.0751127094249, 71.32760675920824, 65.29530483160919, 65.22852027869381, 70.25067876953482, 71.71002453433363, 75.8667191841255, 86.90671325138966, 89.92180087964368, 88.04346826103334, 85.83518193127912, 82.09364625589185, 79.01876898431406, 70.76816857205351, 67.83059358197379, 72.07920798914242, 74.37805571187026, 82.81236112345577, 78.20737184550539, 77.00445250596648, 73.15319441337493, 59.74191868966625, 66.4693088298092, 75.1254508014947, 82.24005047500005, 94.23001500511826, 106.34443625294438, 109.52216470141165, 113.66830835660876, 121.42471804987262, 125.5537562265781, 133.1578457895171, 124.05972051486577, 116.89178814172013, 108.29272978007245, 95.45452209751298], [8.674589375297595, 15.83089790941439, 24.53418275817128, 36.14349689970135, 27.723307173594733, 19.16265009560387, 14.150135887451468, 39.29511433278449, 44.069173874616006, 50.97887277372219, 59.94502844699498, 68.03518686138574, 60.61836156944158, 52.76253913283338, 44.87526985716332, 6.131335299403878, 11.84715548530009, 19.776250715400053, 28.699702097082856, 39.928319442243165, 35.81274049459718, 26.38528743629961, 18.044244579567078, 8.40513495573801, 0.0, 36.528778185956575, 44.877319627219364, 53.93019970987489, 63.16183254350153, 69.12980980139673, 67.08562390609026, 61.002210626147274, 53.28013619977653, 44.92294291511176, 39.64163709107496, 13.201808448289121, 20.18104599037406, 30.391774870997285, 39.11853428976451, 49.053445512869914, 52.692723688975306, 57.179606665156726, 59.95821444862935, 55.35579249485579, 42.17464677293581, 35.04636221557754, 31.732942363341444, 69.97855835092402, 63.03658977975288, 62.00152219996304, 66.19359982058674, 66.8819831026638, 70.59351197271101, 81.44986187606582, 85.15778056143607, 83.85915612066908, 82.36956234405099, 79.46216236535379, 77.00683454053542, 68.64412576213391, 64.83142883596815, 68.10839560376111, 69.6931615887421, 77.72924485797832, 73.73383114217799, 73.25586419406488, 70.3435926673351, 65.9603228283706, 71.99131345945999, 79.73555568524732, 85.76187529469502, 96.8959092717671, 107.94368259205122, 109.9228218359657, 110.93492648418729, 116.84532040163592, 120.34381828883608, 127.84007237089885, 118.34664274813896, 110.4708209891351, 101.6357748608092, 88.57836720733795], [43.71651774874978, 51.897624513657945, 60.141907091929816, 70.31928432125149, 62.47710383107711, 53.53950582471876, 45.76722570003625, 18.12823938267117, 18.30284109778263, 18.82383061321221, 27.542612372769618, 36.94514995877388, 29.354444185663898, 24.34332965630144, 20.693475372472673, 36.36163096855328, 45.06188658286363, 53.88333654446257, 63.07077170766378, 73.27042131924418, 70.57037108452812, 62.23231630707875, 54.286266741812305, 44.7818992695827, 36.528778185956575, 0.0, 8.712341993597875, 18.89057416139859, 28.973169851163743, 35.58238681801108, 32.968819272053885, 25.980198741918002, 18.012343330451873, 11.035965631592596, 7.148373012620494, 24.978675474415393, 30.385832119118835, 39.51989679746875, 52.26428073216136, 57.92431651107404, 56.233909882830226, 55.25918783487044, 52.386695719019215, 43.096619536195576, 31.418979092836388, 20.129932535056593, 10.832664146868256, 82.36027941243738, 72.94116969360616, 68.023055