{
	"dissimilarities": [[0.0, 7.471250110945756, 16.516061773958977, 22.795275361792072, 17.05817819154642, 9.09461385470521, 4.392758485968242, 44.436473914347864, 49.50860406321517, 57.94915504117483, 66.322679835288, 73.1561196492395, 66.74444695064818, 58.26095802794154, 49.77597896641329, 20.282654368844355, 20.232660903460054, 22.18112580109914, 27.17187281023428, 34.10943262928796, 29.727457151445037, 22.65133594061076, 16.11414576798537, 12.628969593335235, 13.25226035045305, 48.685739089144874, 55.82256940144997, 63.77181357604045, 70.76205822112486, 75.45215019875815, 73.39716169799067, 68.45423905991677, 62.30955171362802, 54.892726397790284, 49.983301354327956, 18.30833641501898, 27.24816099852888, 35.09147169231868, 36.2454881615068, 46.08443410372175, 51.40710075086291, 56.94973545708975, 58.47058431673555, 56.15728436563987, 49.402436803761056, 40.892358100864286, 36.15265540265929, 63.672678821066754, 58.976599366856625, 59.34734631028349, 64.05424812408233, 66.60070843019346, 70.97985996956979, 79.33880630620988, 80.93185981275226, 79.71862090800737, 77.56922571071857, 73.07855743771907, 69.61594358708702, 64.38800932751877, 62.58975436726357, 66.37090101842317, 69.83782483243519, 76.09024577056397, 72.05087050506815, 69.2270169174346, 65.37314218353075, 57.22224582635334, 56.011795140276845, 64.51789573620145, 72.65878336248934, 86.93503469301827, 98.63839626640737, 107.05057033494094, 105.92276200839123, 118.6637767194757, 116.15386198995928, 116.9158113687001, 109.35435706123224, 105.84808783207853, 98.97756526655219, 97.50261615797768], [7.471250110945756, 0.0, 10.120606652400339, 17.229071150482657, 11.294118866699295, 6.43934814287184, 10.005214927335093, 51.84972186908359, 56.87214890639645, 65.27991357298431, 73.68617970551493, 80.59905438361343, 74.17099795583378, 65.65568187209692, 57.18886583693044, 22.651784204706832, 19.627131167634918, 18.637053813955063, 21.833208007239204, 28.625757139045895, 23.69375271962417, 16.62268763028909, 11.46488331024481, 12.410431463013564, 17.214784190816133, 55.15423245974414, 62.38851030924817, 70.48163834447003, 77.61544742949799, 82.46585891144979, 80.53593420204035, 75.47664253555756, 69.269162304428, 61.84446590336262, 56.84336811310357, 24.7132560438246, 32.33174585256727, 39.01825139082935, 39.39094969124728, 49.35055900671662, 55.114623640819005, 61.25299111922599, 63.841681408541845, 62.27696290595954, 54.72476181057182, 47.10076472667197, 42.88860395806575, 65.34699729496037, 61.320270164551545, 62.32515855475196, 67.82362006472937, 70.88217683297226, 75.79282793780537, 84.66745920853066, 85.56103095318265, 83.78123790727413, 81.0090847381399, 75.79304441438971, 71.83168009304663, 66.69983792851625, 65.51803791790384, 70.08017929947096, 74.12944734533222, 81.01523371899148, 76.29060050890278, 72.89664079191081, 68.3686074922008, 52.918197377100945, 52.253520564636, 61.763855340615095, 71.20400571355768, 85.98394160077972, 98.64181651708695, 108.06733748078898, 108.7551078862785, 123.65129461400753, 121.84725847335353, 123.13839935672503, 116.01764492644072, 112.92745338167417, 106.12899780717562, 104.2675015432557], [16.516061773958977, 10.120606652400339, 0.0, 7.403753556732823, 3.2011573383791987, 10.362227204830486, 17.701475602077384, 60.483095251881245, 65.68046118697944, 74.18644916177128, 82.44982861081174, 88.8807587414531, 82.6628194291399, 74.30905288880295, 65.79468265022496, 32.025657612176175, 27.127208629339403, 22.60463798052008, 20.534088817006367, 23.346823154049137, 18.021022532010605, 15.4591942818623, 16.033438193788317, 21.14997844954843, 27.160947629205594, 64.95452427800494, 72.07630158412309, 79.94922052186614, 86.77958972800691, 91.37624403880835, 89.51800892842974, 84.71622101606484, 78.66525975240181, 71.3085764499874, 66.41535777333831, 34.496471351239755, 41.0007600153069, 45.97767879543645, 43.2824226931762, 53.21697492712931, 60.073172764663624, 67.18674985032511, 70.15709969750854, 69.33060408900704, 62.9888268640552, 56.14601040230948, 52.53453333827033, 65.5661667469988, 63.40602718060291, 65.6425316095313, 72.17768764758156, 75.75530682833383, 80.85018822640176, 89.45512995818451, 89.71800820515494, 87.37495227964783, 83.7921438488606, 77.74876954084806, 72.94225176740152, 68.01633482711667, 68.35555960498573, 74.11183562379581, 78.61158881306386, 85.6216893562759, 80.41081542348458, 76.3998893503992, 70.95718222045849, 46.776975047662, 43.69297926815249, 53.32683608717053, 64.11644084353306, 79.76427837038811, 93.64207689305147, 104.48176047734589, 109.25531469881452, 125.77497052121434, 125.10394796958578, 126.82274482364497, 120.49302131199556, 118.48847887745403, 112.57927233689371, 111.71630123539384], [22.795275361792072, 17.229071150482657, 7.403753556732823, 0.0, 7.066075655045943, 16.25064577240329, 23.391005150266004, 65.5108984589694, 70.8119540668455, 79.37056388533938, 87.44926630041248, 93.38941821431729, 87.4312941962092, 79.2803285559419, 70.76461062341815, 39.113173770032105, 33.82815889276497, 28.23740264654419, 23.505488576973757, 22.367338150477785, 17.660035737760044, 19.50785647514842, 22.461288353335696, 28.203337126283422, 34.140649080268446, 71.19596199960436, 78.15705850317876, 85.74839422116379, 92.22273259248828, 96.51904032217581, 94.71078194720529, 90.20200675434396, 84.34168663369955, 77.08362126958424, 72.33575205418559, 40.97058983351852, 47.195519225420504, 51.357661293070834, 46.531507979426046, 56.28607471567692, 63.84451088934394, 71.48302062546381, 74.2573775110716, 73.7071626853139, 68.74724324237322, 62.13950698009476, 58.714647401527756, 65.89685858569031, 65.22081354964834, 68.26770779920354, 75.31449834646342, 79.08719378634049, 84.05308831280664, 92.08730074625144, 92.1375761785828, 89.5772468093884, 85.57097946015395, 79.15167786087251, 73.81533857995669, 69.06862821196093, 70.54161359355344, 76.97410579857139, 81.56635359686494, 88.32242043279388, 83.04682182940954, 78.77767062960815, 72.85494388106412, 43.11070554521644, 36.909340081796664, 46.296145390123925, 58.01128246008696, 74.47112081057364, 89.14951224839366, 100.93347370214254, 109.0044402355138, 125.8036643332003, 125.84953833463138, 127.61792792415822, 121.787776185262, 120.56029570237055, 115.35717065297275, 115.49562867367908], [17.05817819154642, 11.294118866699295, 3.2011573383791987, 7.066075655045943, 0.0, 9.565734525894289, 17.443307287947487, 60.41395264029958, 65.77322421422853, 74.272324717128, 82.5244632940373, 88.82585241092363, 82.48915610821899, 74.16514925617791, 65.68037864893175, 33.78012051930474, 29.512711557972796, 25.536546940305456, 23.70065514693374, 26.015119425548328, 20.72685014382699, 18.58386162296338, 18.726760820808945, 23.124343234726904, 28.494312511576656, 65.7384894575968, 72.87514641784047, 80.75063378418218, 87.55283234255714, 92.03382383537286, 90.0026990205151, 85.27232219682969, 79.22377183780131, 71.83073705922368, 66.9768989695198, 34.793341872176036, 40.376070351784485, 44.62083731758001, 40.97164346344243, 50.846435922107794, 57.95603033863038, 65.31941631152756, 68.3916394181903, 67.87678612743504, 62.02559529671943, 55.63760684127105, 52.67720241662176, 62.547336167419154, 60.65889243087798, 63.12054016727206, 69.85622237637837, 73.54662529347861, 78.68631373393227, 87.27940842154277, 87.33428687853147, 84.85376360824908, 81.11435670743674, 74.9415891572002, 70.02028309274841, 65.12966560443584, 65.72282134332772, 71.70759434311506, 76.29945589073749, 83.36087184279735, 78.01364123700974, 73.87317919739108, 68.26756424672004, 48.77999217148757, 43.77661787404837, 51.77482639594185, 61.86119538707885, 77.05790443518978, 90.76243703889388, 101.50252093720017, 106.2632203918293, 123.34818005765997, 122.95604321351395, 125.09190577461437, 119.17420919615564, 117.6644650630994, 112.52862669952336, 112.51467863290215], [9.09461385470521, 6.43934814287184, 10.362227204830486, 16.25064577240329, 9.565734525894289, 0.0, 8.49643456820506, 51.62676124311334, 57.03777619163321, 65.45472208945604, 73.81915716036978, 80.39463342870394, 73.74214444929751, 65.30187638250253, 56.874955785056024, 27.396097892477407, 25.63861115854463, 24.998899962639197, 27.244560360789986, 32.47421837971442, 27.347105249856064, 21.855146028327905, 17.705989322472806, 18.101201734057387, 21.111240828664478, 57.06427275404772, 64.28251172602015, 72.31376306444363, 79.31551796660723, 83.86631121843914, 81.57720353779271, 76.7201623926668, 70.55407348791631, 63.072046427834714, 58.18944964907163, 25.595454451405352, 30.972650504575583, 36.02876704687346, 34.181979852463684, 44.20324410764753, 50.59135424684991, 57.31966361076663, 60.03680971308506, 59.092115487005906, 52.76858132922984, 46.0809347210163, 43.3464269387198, 59.129924238563895, 55.59325186572274, 57.03918948938657, 62.95526430820562, 66.23841185626915, 71.21844710705548, 80.0294626035858, 80.55025697692665, 78.51905012847523, 75.44719559973709, 69.99338058001024, 65.80606014964881, 60.70639126940161, 60.01514179485211, 65.04610449182294, 69.26603296438577, 76.22386827813256, 71.24869043015953, 67.6037401819453, 62.75031243978628, 55.897944286573626, 51.73728920292698, 58.4536573537971, 66.54730017530314, 80.46734903331524, 92.72829940427927, 101.91356297771598, 102.60433619515352, 118.46050515207249, 117.20365958166724, 119.28434286637177, 112.98285961019674, 110.92934006470395, 105.75546656807718, 105.7627404278476], [4.392758485968242, 10.005214927335093, 17.701475602077384, 23.391005150266004, 17.443307287947487, 8.49643456820506, 0.0, 43.198059064536665, 48.570513216343116, 57.00930911459719, 65.35633599568918, 71.96333637344397, 65.36525030913606, 56.92579227103654, 48.46986158628955, 23.47972475103733, 24.326743726495355, 26.427499810817327, 30.960749844703354, 37.18425750981235, 32.65216561707754, 26.21179394562648, 20.067495149498676, 16.661480577518255, 16.09513123343193, 49.115656184202656, 56.21537020861848, 64.10143083389902, 70.98901492397742, 75.45301249165036, 73.11576546924172, 68.32176596447654, 62.21182264829947, 54.761511169983564, 49.95603718869347, 18.111558742349487, 25.332601875421133, 32.26233072570048, 32.19297349751845, 42.07215719857015, 47.6914883283678, 53.506764574055524, 54.947716116989625, 52.92812407743692, 47.084681316152015, 39.10715684417507, 35.45258234218619, 59.43665232894914, 54.84639361741303, 55.336264782917304, 60.1489646519886, 62.74909339460664, 67.10064291928872, 75.38317511570504, 76.84813123613014, 75.56968640363236, 73.34885475091599, 68.84924900343891, 65.36219033347957, 60.13139594630955, 58.471279397280476, 62.38366658309674, 65.86277273704405, 72.08394825372103, 67.98618886125776, 65.1050280743609, 61.1835615470477, 59.86713722640336, 56.56704352881172, 63.226052193863296, 70.27838878909158, 83.85531824098278, 95.09557183551547, 103.13573357117244, 101.53564753738716, 114.58968783656789, 112.30738050166396, 113.54296241344304, 106.45962272434355, 103.58017629066475, 97.81877145210807, 97.66979397332986], [44.436473914347864, 51.84972186908359, 60.483095251881245, 65.5108984589694, 60.41395264029958, 51.62676124311334, 43.198059064536665, 0.0, 6.167841102378935, 14.202674086435414, 22.309342288589523, 29.266105121261983, 22.339809384796574, 13.888435521543705, 5.366817428477141, 43.678780393127056, 51.808247024276525, 59.48827448930036, 67.59020761170045, 74.87833783989959, 71.9350544080154, 64.75049675223913, 56.97849324797395, 48.80986220524483, 40.42907705496664, 20.90979564117892, 23.590006395626137, 28.041408890575756, 32.91824838042628, 35.796509192525264, 32.04231330671568, 28.345531297545385, 23.413384685189065, 17.559994606622347, 15.973052286931166, 29.76707671065807, 32.8458054466053, 40.52877864770688, 47.138810753893495, 50.800645308189594, 50.220756256722495, 48.81490989123877, 41.900729519063944, 33.11381995717807, 34.61430024566977, 23.0139902941972, 16.475757888424614, 72.71028166614263, 64.64967084791327, 60.63746447493712, 58.4691177269806, 56.59532404014208, 56.13228031898674, 59.478042728187035, 66.2142123065808, 69.38569607021905, 72.14438546165205, 73.32235905399851, 73.92034191890517, 69.35372625203945, 63.5884810898003, 60.80271474387365, 59.3436024155875, 59.880907234191575, 61.743160970940195, 63.68681847525061, 65.47355557603017, 93.29487062738848, 91.53422273897445, 95.92251910469946, 97.92057581663498, 108.01915784153223, 113.70860795058084, 115.64409889107968, 101.84583894864406, 99.57525822912099, 91.48741368527534, 88.28166686610867, 77.15370052306368, 69.2034908135876, 61.03948983595365, 61.69462153009541], [49.50860406321517, 56.87214890639645, 65.68046118697944, 70.8119540668455, 65.77322421422853, 57.03777619163321, 48.570513216343116, 6.167841102378935, 0.0, 8.579097520305677, 16.825461064257883, 24.51867266736187, 18.05220956443931, 9.967219539779286, 4.254846698096772, 46.98295455373838, 55.275425488304414, 63.22832129282575, 71.59785731537707, 79.07974617579666, 76.36762396459922, 69.06530088040822, 61.266599473680216, 52.954713104265565, 44.497972049036896, 18.555454381425477, 19.352189336328358, 22.496124718421747, 26.900528160824912, 29.710900212848497, 25.912381086458534, 22.21348666473001, 17.57503426122661, 12.603009924963995, 12.630074106850916, 34.42362278179223, 37.79941976458635, 45.62710378015775, 53.01609926045637, 56.33120518741779, 55.1825161609995, 53.02901695485653, 45.735739638574444, 36.55793925382597, 37.871375966412536, 26.64458476956644, 19.643777638977106, 78.3520639990017, 70.06933099599132, 65.73092167836343, 62.9809963196153, 60.713419459113474, 59.8050395511793, 62.547536090592324, 69.77852039289418, 73.38846793632992, 76.62748519303922, 78.28888466364303, 79.22313708620598, 74.76241414882634, 68.68799998962427, 65.32332346306777, 63.44213920793639, 63.40485348919432, 65.8731420605254, 68.25719188748161, 70.52820891908623, 97.02298683517986, 96.3501040055915, 101.3935660157988, 103.5481437001508, 113.74837138364792, 119.2298286309036, 120.83264648010163, 106.21604881892445, 101.99677279302789, 93.0610255280925, 88.83520400539345, 76.7916226935195, 67.39586350827263, 57.50644737284536, 56.61297509098276], [57.94915504117483, 65.27991357298431, 74.18644916177128, 79.37056388533938, 74.272324717128, 65.45472208945604, 57.00930911459719, 14.202674086435414, 8.579097520305677, 0.0, 8.696731744504081, 17.58398056115864, 11.03843007006508, 5.37422220729707, 9.637455876890229, 54.3838360503442, 62.91591965653915, 71.14127405464353, 79.76307444247931, 87.41770949932456, 84.7702077504736, 77.32178912205342, 69.42355668867786, 60.97661401770626, 52.42681312013903, 21.116552527334782, 18.907853305708134, 18.99816492331312, 21.75695506101819, 23.630828064879697, 18.922072178995645, 15.94058658352562, 12.901872049635202, 11.701488943362294, 14.878982073930093, 42.32389762989087, 44.52581038117759, 51.51833710777029, 59.45404418067999, 61.741363132077915, 59.59263545448827, 56.223787858459346, 48.125587359036324, 38.580270558470126, 40.890042288720394, 31.299239986770207, 26.070260963013663, 83.62008515607818, 74.96082916221879, 70.04664574348118, 66.22216163756744, 63.26008915745784, 61.52778323151486, 63.251021181328944, 71.14894544142447, 75.45229002831346, 79.50772473327069, 82.08467749745127, 83.70107517224025, 79.50650435653623, 72.90179479888138, 68.4960906112967, 65.83923283679077, 64.79200556741488, 68.25643374307879, 71.40964646876927, 74.58457659482372, 105.10914654317274, 104.67427689583963, 109.4092906942939, 110.95623795013665, 120.49234364606629, 125.11428423273108, 125.72407549642068, 108.80643288268358, 102.07953238503664, 92.03348511838965, 87.05736367226206, 74.35674132629043, 63.66027723421668, 53.181971021446444, 52.09004006175768], [66.322679835288, 73.68617970551493, 82.44982861081174, 87.44926630041248, 82.5244632940373, 73.81915716036978, 65.35633599568918, 22.309342288589523, 16.825461064257883, 8.696731744504081, 0.0, 9.812929859548875, 6.449546701518951, 10.026208596339195, 17.349380603422677, 62.743983447859655, 71.18760008017051, 79.34725132090676, 87.83795884201646, 95.23575487990728, 92.77714775063835, 85.5641732540857, 77.7964815687552, 69.41338693442815, 60.92145256065079, 27.8686131599379, 23.680624016193725, 20.200352898652493, 19.297973021790867, 18.66975296426953, 13.263868832605214, 13.429042410333581, 14.494670285313049, 17.51755737871816, 22.00353768366183, 50.98262521106802, 52.97812475545955, 59.403549194604075, 66.86462340864222, 68.4974354134686, 65.97836882789724, 61.988111509702485, 52.98008169557046, 43.29914037639992, 47.511651457072645, 39.11579687389132, 34.694244208372965, 89.51861577369725, 81.04756737209559, 75.9501333471586, 71.41976966027663, 67.90828251523821, 65.24391339259823, 65.35217514413183, 74.00512809013618, 78.99164945595334, 83.69915606906298, 87.05355449524667, 89.09154724566736, 85.15026290225735, 78.52695805144148, 73.4931185724225, 70.1050365273238, 67.76782111693544, 72.30756260349115, 76.11112019030116, 79.92584511994866, 112.03505557497732, 111.50978831035646, 115.91865012185804, 116.87699591014507, 125.9926679245144, 129.83720653414233, 129.6060677690749, 111.7399582651503, 101.46213595880425, 90.30071776649847, 83.88264697623062, 70.2259197570757, 58.001287841666446, 46.58026004720872, 46.077649647241444], [73.1561196492395, 80.59905438361343, 88.8807587414531, 93.38941821431729, 88.82585241092363, 80.39463342870394, 71.96333637344397, 29.266105121261983, 24.51867266736187, 17.58398056115864, 9.812929859548875, 0.0, 9.126831566517922, 16.97060230099097, 24.2405392336618, 71.13446795155411, 79.2525895381562, 86.99142193510092, 94.91102711187494, 101.5549422513108, 99.26933566718206, 92.69602733460687, 85.25427564643039, 77.14683011568854, 68.83030077475038, 37.33755464463743, 32.91614881027106, 28.105725213530214, 24.369510744472528, 20.720236964518744, 16.287695960875926, 20.064315462707068, 23.257957237386883, 26.973201665820337, 31.415670617182343, 58.84759114658519, 60.808308663132586, 66.52904807001791, 72.31838314763547, 73.43512183213466, 71.13258819392455, 67.12730944575596, 56.97171814964146, 47.32029689032994, 54.71738472812498, 47.11488066878071, 43.382234625379766, 92.68307055107806, 85.01283834137284, 80.13183942023343, 75.25350925339202, 71.34486562177007, 67.63500009205606, 65.54269906861701, 74.99176715588656, 80.60688029957322, 85.75603140922188, 89.75160728158299, 91.9622579559701, 88.29773375084295, 82.20259331231736, 76.96462086213101, 72.88461937850752, 68.9794661853137, 74.63851058790767, 78.9573538089902, 83.15078987730554, 117.04427747285084, 115.30978745822883, 118.68422969207303, 118.64658368002331, 127.18506947615042, 130.09791606469923, 129.01402439111888, 111.45358649522532, 96.91203846509347, 84.85133608086612, 76.65220011288444, 62.05130359424544, 48.712856890770446, 37.52633610828439, 41.30467842828335], [66.74444695064818, 74.17099795583378, 82.6628194291399, 87.4312941962092, 82.48915610821899, 73.74214444929751, 65.36525030913606, 22.339809384796574, 18.05220956443931, 11.03843007006508, 6.449546701518951, 9.126831566517922, 0.0, 8.798847584768586, 17.00274978843896, 64.84687228067855, 73.28668165467296, 81.26959034344458, 89.50842641963479, 96.61454519349039, 93.9366650800373, 86.91146433205343, 79.15463821541844, 70.87002899803637, 62.37621155155753, 31.90140961625799, 28.746020686646162, 26.3371020105897, 25.71415414075699, 24.53627993709668, 19.12817577119653, 19.80480110321439, 20.337876175722602, 22.023994062657955, 25.780891063514737, 51.700089340767875, 52.45708262861343, 57.7643146480619, 64.17447844604955, 65.12655623918066, 62.505099099109515, 58.37877895967616, 48.62852162560217, 38.93543311131189, 45.59095244812024, 38.27001712185499, 35.6552081472159, 85.26599063349815, 77.01202604940387, 71.8985773325978, 67.04910952337599, 63.28911291146777, 60.11164987636407, 59.439777846012696, 68.35473806535809, 73.58581910356845, 78.51997863260118, 82.24212541086794, 84.49137368865419, 80.73185618201069, 74.21004876587872, 68.93626359695172, 65.1717801369929, 62.183083161357956, 67.18662794403932, 71.27180682504495, 75.38141848399444, 113.58672565812492, 111.37881490617592, 114.29466060398016, 114.20111426597765, 122.39155781434633, 125.49418780125674, 124.60946298410919, 105.88959067938382, 95.15356630810726, 84.02133626155326, 78.18808512761547, 65.1733214563412, 54.107381826736265, 45.84369159890076, 49.50006553105193], [58.26095802794154, 65.65568187209692, 74.30905288880295, 79.2803285559419, 74.16514925617791, 65.30187638250253, 56.92579227103654, 13.888435521543705, 9.967219539779286, 5.37422220729707, 10.026208596339195, 16.97060230099097, 8.798847584768586, 0.0, 8.549365028565397, 56.318534560537344, 64.81700318962321, 72.85529524690703, 81.22613348942383, 88.59917469794239, 85.7578468512431, 78.49399388797427, 70.61763135295783, 62.27683472312694, 53.74259514392921, 25.255656105441528, 23.87054063060636, 24.28136757286599, 26.536233339358507, 27.557112643959798, 22.50369314536469, 20.521815299904294, 18.076693441531752, 16.617759037558976, 19.041970080572387, 42.93361351072108, 43.91513829889284, 49.86471429559217, 56.853366810102344, 58.553636718630045, 56.321707701259314, 52.843273037305664, 44.046851023829, 34.371426244109955, 38.938689015595855, 30.285726839070023, 26.966767401570014, 79.77511092313186, 71.27191270591462, 66.33235731181726, 62.24213248587392, 59.07534808462892, 56.94118963092697, 58.11807639072521, 66.21401369742983, 70.69905962585673, 74.92560676040182, 77.79085944834125, 79.57538313639706, 75.51253522767297, 68.97561824639895, 64.37232679369087, 61.41265398735569, 59.87899342512194, 63.688910660104455, 67.0638651657405, 70.47657633133764, 106.41681053042558, 104.48382484264302, 107.90481882801801, 108.53943147863534, 117.296479077239, 121.30628055472431, 121.385383779468, 103.77327711635455, 96.82329907166951, 86.86935034249545, 82.44139290168017, 70.32227703762312, 60.62492625973348, 52.515121231654874, 54.52304754433794], [49.77597896641329, 57.18886583693044, 65.79468265022496, 70.76461062341815, 65.68037864893175, 56.874955785056024, 48.46986158628955, 5.366817428477141, 4.254846698096772, 9.637455876890229, 17.349380603422677, 24.2405392336618, 17.00274978843896, 8.549365028565397, 0.0, 48.64862452716448, 56.92030574453039, 64.72307742980702, 72.8972491836298, 80.17000703861943, 77.2729579873052, 70.09796356904583, 62.30263356683686, 54.08028715381435, 45.64280440439932, 22.043673673319585, 23.094836128862575, 26.095047939219064, 30.07789387653429, 32.303100794132014, 28.077325121824458, 24.93461782193096, 20.728113487337968, 16.189449994359784, 16.2302814003418, 34.88872486540175, 37.00106282980715, 43.90677911332164, 50.57610761797475, 53.40974698049593, 52.17647808207214, 49.939777731055884, 42.1267624100352, 32.831290458372074, 35.84896426864489, 25.34734524380889, 20.29012751916641, 75.03236470709832, 66.81514371657327, 62.43237815280332, 59.48078976435027, 57.07236601031636, 55.90986809998601, 58.36088697690816, 65.68684136897426, 69.39914791745177, 72.74799639890702, 74.61120093393244, 75.6790284340856, 71.30586629116651, 65.24556195826754, 61.72812044801007, 59.64377346005929, 59.31903324457434, 61.986203215276745, 64.51655321844463, 66.96223544768078, 98.28286275871095, 96.3464538789983, 100.2636831490307, 101.65202704549725, 111.19426226754287, 116.1866997627132, 117.36738445357217, 102.1125808106174, 97.93932125847228, 89.13382737023565, 85.44144288477065, 73.92280023772571, 65.36128428053537, 57.27680247860233, 58.604725574356685], [20.282654368844355, 22.651784204706832, 32.025657612176175, 39.113173770032105, 33.78012051930474, 27.396097892477407, 23.47972475103733, 43.678780393127056, 46.98295455373838, 54.3838360503442, 62.743983447859655, 71.13446795155411, 64.84687228067855, 56.318534560537344, 48.64862452716448, 0.0, 9.538557932450692, 19.13096890532241, 29.9740140160507, 41.08560912617744, 37.83356900458773, 27.625455699292086, 19.169210697410833, 11.02620514937342, 7.674960110417969, 38.621596295679474, 45.85840081024301, 54.43125759867596, 62.4657276892799, 68.43668642324545, 67.0612290124667, 61.09331513067713, 54.620878488095016, 47.5262950043033, 42.279678503557264, 17.735606309202144, 28.780973877193404, 39.757053345697216, 48.489183658424295, 57.055212835336484, 59.49089320160575, 62.49324104916207, 64.32814454592999, 60.74714004517584, 48.87521063528759, 39.091579276472295, 31.361484447828598, 78.70292912103093, 71.43070187113506, 69.84986596922936, 72.7533246162286, 74.49273244480477, 78.86136770399006, 88.13415729340038, 90.42654606176312, 89.90998043408491, 88.93006352573471, 85.49037038157954, 83.3073377179187, 78.09947666218609, 73.93832593017461, 75.67195037948233, 78.60736415917833, 85.04646537935255, 81.56606360459543, 79.64025266622942, 77.22357260879488, 64.55798360593792, 71.25980698020618, 83.49414334430415, 92.77441165497075, 107.14892118105986, 118.54524304768933, 126.19774776865373, 120.45168104729785, 131.72549862314884, 127.35948223552592, 126.98376041362887, 117.53978973240747, 111.01786369162241, 100.17463281387889, 92.99132323700198], [20.232660903460054, 19.627131167634918, 27.127208629339403, 33.82815889276497, 29.512711557972796, 25.63861115854463, 24.326743726495355, 51.808247024276525, 55.275425488304414, 62.91591965653915, 71.18760008017051, 79.2525895381562, 73.28668165467296, 64.81700318962321, 56.92030574453039, 9.538557932450692, 0.0, 9.762041016095608, 20.88162136528009, 32.46353568946995, 29.464917824762107, 19.173882843787844, 11.82963280560711, 7.789662265974375, 12.694696128412254, 47.454421337508734, 54.46966318349813, 62.721410254366205, 70.42126716720082, 76.2775831945369, 75.23411314245223, 69.45743782885323, 63.170761323720306, 56.207997017344596, 51.0515711042942, 25.240781923208658, 36.03737828117039, 45.991096795329355, 52.66857516092005, 61.85655699504014, 65.31260514094915, 69.28754258984567, 71.65750444322775, 68.58667457744994, 57.222803797033556, 47.909759368947725, 40.4656489788598, 81.63397766595831, 75.47131115420206, 74.78827334352519, 78.66661736654538, 80.91948034216449, 85.61947997919512, 94.94056873411398, 96.78889151109054, 95.80068381329671, 94.14883729162511, 89.94027529426423, 87.04955750957389, 81.85197072747708, 78.68789882859987, 81.44179455292762, 84.8780635677566, 91.6394270403374, 87.65384896087957, 85.15748269852163, 81.92568530754643, 56.28208322185476, 64.81828947176957, 78.99322747030125, 89.96230576605521, 105.46372013927656, 118.0757175182515, 127.0375041425636, 124.54353567367619, 137.04891495303187, 133.39566944372407, 133.00711105305277, 123.76409162676786, 117.63582607967292, 106.58224051420878, 99.10386792653543], [22.18112580109914, 18.637053813955063, 22.60463798052008, 28.23740264654419, 25.536546940305456, 24.998899962639197, 26.427499810817327, 59.48827448930036, 63.22832129282575, 71.14127405464353, 79.34725132090676, 86.99142193510092, 81.26959034344458, 72.85529524690703, 64.72307742980702, 19.13096890532241, 9.762041016095608, 0.0, 11.24221114232645, 23.174103353946318, 20.380272921861593, 10.455610641163476, 7.431245402285205, 12.15959070063676, 20.20168174200767, 56.549983157881385, 63.43407977562986, 71.40447226447125, 78.73993216142122, 84.35719845525652, 83.48883844306545, 77.97088960194311, 71.85067431626959, 64.93301796604875, 59.86115866364039, 32.782634953606305, 43.164555900244565, 52.04127948343823, 56.341341102351734, 65.97556981957436, 70.47925157965697, 75.42026938175711, 78.12736422661028, 75.56030462621389, 65.12742645817593, 56.2214799330713, 49.17202993148184, 83.48435235147886, 78.63031321505815, 78.90404879023687, 83.71883476464417, 86.44301759651256, 91.36845940688241, 100.5659665943243, 101.98618931407871, 100.55080032373694, 98.23134016097474, 93.29964454420072, 89.69187304192496, 84.55440691515484, 82.51749964156753, 86.29337392944363, 90.15682144294277, 97.10331907526559, 92.68673813175383, 89.65441518371553, 85.62841423082084, 47.53018396971584, 57.21374852002196, 73.05341965363422, 85.58435239768637, 102.10142882926708, 115.84853314610079, 126.08760790652819, 127.11749993347213, 140.74837258879543, 137.91632941265811, 137.61137300468624, 128.75659744115072, 123.29432356224916, 112.51605155313136, 105.4679671036255], [27.17187281023428, 21.833208007239204, 20.534088817006367, 23.505488576973757, 23.70065514693374, 27.244560360789986, 30.960749844703354, 67.59020761170045, 71.59785731537707, 79.76307444247931, 87.83795884201646, 94.91102711187494, 89.50842641963479, 81.22613348942383, 72.8972491836298, 29.9740140160507, 20.88162136528009, 11.24221114232645, 0.0, 12.19864251314264, 10.037723185452066, 5.873313339175257, 13.19102870510856, 21.277458981965705, 29.624774533193985, 66.44577562686614, 73.17086221506554, 80.788330114827, 87.65082775979573, 92.90830829956049, 92.18454600226464, 87.02544924407829, 81.12517166322782, 74.27027198925212, 69.329696673505, 41.55487783537498, 51.60798441878157, 59.44326303717223, 61.027591977685944, 70.94207386964058, 76.54143144538477, 82.41968519606247, 85.17077460928697, 83.0191116731499, 74.01771810202828, 65.37818429682952, 58.62805485256003, 85.63566655775261, 82.4058345262412, 83.7261386329362, 89.42406124531239, 92.54949876475347, 97.53291729490884, 106.30941300750273, 107.38897984599701, 105.57169024935094, 102.60436446600562, 97.01213837660914, 92.65195903094548, 87.633593802394, 86.9261698360091, 91.72670274535403, 95.9021601882728, 102.80342712250606, 98.10156333276983, 94.5957726878338, 89.80159370384052, 37.23532007293569, 47.77025380111814, 65.56739949246534, 79.84684346195729, 97.52962528322254, 112.46906694239192, 124.09224215628942, 129.3963608924245, 143.73220313774027, 141.80007433875326, 141.4655760235915, 133.07326079164477, 128.43169101216594, 118.1488570270944, 111.96094483276505], [34.10943262928796, 28.625757139045895, 23.346823154049137, 22.367338150477785, 26.015119425548328, 32.47421837971442, 37.18425750981235, 74.87833783989959, 79.07974617579666, 87.41770949932456, 95.23575487990728, 101.5549422513108, 96.61454519349039, 88.59917469794239, 80.17000703861943, 41.08560912617744, 32.46353568946995, 23.174103353946318, 12.19864251314264, 0.0, 5.766888168708059, 15.236909370958044, 23.625484750030697, 31.697191791812948, 39.56771832785237, 75.79733747931694, 82.26934185237882, 89.39692861103502, 95.62960672787769, 100.38578679132944, 99.8048719515311, 95.13318526153431, 89.55042386793878, 82.8353300607874, 78.11227016698159, 50.51058727128043, 60.499392717842106, 67.55248768028316, 66.42376634782121, 76.42081642504785, 83.02950077649287, 89.66513064607585, 92.00179722164653, 90.03708288667026, 82.98974991841791, 74.36297169572818, 67.70586497322347, 88.11368455143773, 86.66239891305689, 88.96508215423451, 95.31464875817323, 98.66256591034198, 103.43088892083858, 111.37249438985332, 112.34713931776875, 110.33847970444339, 106.88447095953619, 100.85868181833095, 95.82792910132109, 90.9731251114262, 91.64786492089819, 97.29375218262184, 101.54491166468722, 108.03581376623326, 103.34497205020854, 99.55413841259681, 94.1713403575093, 26.094898908995738, 36.767907009159835, 56.99449157133322, 73.06386694388812, 92.07649591540617, 108.08962671776553, 121.0159516699015, 131.07946703014824, 145.12232165860388, 144.00989596687216, 143.3507183018879, 135.3777950466116, 131.58546095633133, 121.91150881740069, 116.95410122179145], [29.727457151445037, 23.69375271962417, 18.021022532010605, 17.660035737760044, 20.72685014382699, 27.347105249856064, 32.65216561707754, 71.9350544080154, 76.36762396459922, 84.7702077504736, 92.77714775063835, 99.26933566718206, 93.9366650800373, 85.7578468512431, 77.2729579873052, 37.83356900458773, 29.464917824762107, 20.380272921861593, 10.037723185452066, 5.766888168708059, 0.0, 10.932536627538827, 19.411646978841336, 27.81542308060406, 35.866704807969036, 73.26896508831909, 79.99097650770774, 87.43126855995736, 93.95157247455948, 98.787492048043, 97.89755672437988, 93.08544838112167, 87.3067461858913, 80.37760769396694, 75.53715236598006, 46.55417142861044, 55.768908504631604, 62.37124300441588, 61.19793197474604, 71.15799408041482, 77.74158929210039, 84.47379513534098, 87.19281961238379, 85.5750487129258, 78.26066641200238, 70.1265088297506, 64.17033500095228, 83.0395191338297, 81.35019812647454, 83.62453344329813, 90.0648433989145, 93.52603779542383, 98.49403540600078, 106.79632983525111, 107.48962647172351, 105.32009236754848, 101.77937641741698, 95.66770406386044, 90.68089034524279, 85.82403373567782, 86.36677675668523, 92.06401288466893, 96.4667431833381, 103.24740590431425, 98.30934071884775, 94.40148727877332, 88.96104987797511, 31.375795086914525, 38.32736364772106, 56.220866375391076, 71.31380581148254, 89.54971032285093, 105.1944712170094, 117.73628803163588, 126.43151351512697, 141.5562664158911, 140.59314890878565, 140.64515355542488, 133.08734737954168, 129.68746558763104, 120.83149194727329, 116.62250021297608], [22.65133594061076, 16.62268763028909, 15.4591942818623, 19.50785647514842, 18.58386162296338, 21.855146028327905, 26.21179394562648, 64.75049675223913, 69.06530088040822, 77.32178912205342, 85.5641732540857, 92.69602733460687, 86.91146433205343, 78.49399388797427, 70.09796356904583, 27.625455699292086, 19.173882843787844, 10.455610641163476, 5.873313339175257, 15.236909370958044, 10.932536627538827, 0.0, 8.968721762064089, 17.794651764119546, 26.347928936435682, 64.534876589102, 71.50973639156156, 79.40095252737395, 86.47555700228715, 91.71304375788118, 90.62997802167142, 85.40719889769666, 79.33950360914604, 72.25859167654116, 67.22630174638844, 37.76911487485902, 46.90164061332982, 54.17608841120549, 55.45460226093724, 65.33771580375007, 71.00462648129022, 77.06012672497106, 80.13023464188831, 78.36456379144559, 69.37177242059518, 61.27320644934959, 55.38618680893022, 80.02898474156476, 76.68150826053389, 78.03680539485602, 83.86324021235359, 87.11103074521424, 92.25620305521848, 101.28906539956364, 102.08562023347922, 100.10486183887136, 97.02624894474243, 91.34406506404369, 86.99470668631055, 81.98713072274082, 81.24656877641087, 86.1525196777379, 90.46758792253902, 97.59567693919836, 92.66608477490506, 89.03403003611567, 84.15378208523128, 41.16862425521861, 48.18896177995961, 63.80274317534575, 77.06678459814786, 93.97398918446403, 108.51137361079253, 119.7610450965462, 124.02082320609392, 139.31643901446765, 137.6185924385311, 137.9979675958779, 130.12234197870134, 126.04726753875549, 116.8354864474768, 111.80599727987523], [16.11414576798537, 11.46488331024481, 16.033438193788317, 22.461288353335696, 18.726760820808945, 17.705989322472806, 20.067495149498676, 56.97849324797395, 61.266599473680216, 69.42355668867786, 77.7964815687552, 85.25427564643039, 79.15463821541844, 70.61763135295783, 62.30263356683686, 19.169210697410833, 11.82963280560711, 7.431245402285205, 13.19102870510856, 23.625484750030697, 19.411646978841336, 8.968721762064089, 0.0, 8.961334909317307, 17.63608113479933, 56.309074205463574, 63.45895248454638, 71.62160925826755, 79.00265419443241, 84.39094835782976, 83.06487646191552, 77.64723362225692, 71.40759050096077, 64.20245690866295, 59.07627713274855, 29.23115302856384, 38.52020268341, 46.52758975281984, 49.56327842879246, 59.30715082307064, 64.26161791959039, 69.71139061372298, 72.63882069623749, 70.59512614729877, 60.898342220514785, 52.62248361649212, 46.77575461257874, 76.1782711425416, 71.61818367948031, 72.20051774224609, 77.37277006035254, 80.31195838260774, 85.36669280505848, 94.63101879205196, 95.7032588411576, 94.02944417785777, 91.44763370074747, 86.29890970013841, 82.52065096532709, 77.40379639166075, 75.68994493502416, 79.84317731519633, 83.89286507506257, 90.99006277785242, 86.30649497673431, 83.04282188451059, 78.74490013545446, 49.01982553377168, 54.63850596841855, 68.20436862778355, 79.73949835113487, 95.57764592196685, 109.01370819965048, 119.0463419445497, 119.95319159200056, 134.58844945746793, 132.2606498672897, 132.75544707749535, 124.6723579013656, 120.2103510581573, 111.0610411270134, 106.04758705816182], [12.628969593335235, 12.410431463013564, 21.14997844954843, 28.203337126283422, 23.124343234726904, 18.101201734057387, 16.661480577518255, 48.80986220524483, 52.954713104265565, 60.97661401770626, 69.41338693442815, 77.14683011568854, 70.87002899803637, 62.27683472312694, 54.08028715381435, 11.02620514937342, 7.789662265974375, 12.15959070063676, 21.277458981965705, 31.697191791812948, 27.81542308060406, 17.794651764119546, 8.961334909317307, 0.0, 8.762763998996773, 47.55445582464517, 54.8051748199196, 63.136149863042846, 70.72448599627728, 76.21959783898568, 74.7234215732496, 69.16440922328243, 62.8154544060975, 55.546132725727446, 50.366091311963096, 20.8739788500816, 31.197837164792084, 40.522953710930366, 45.62938076071567, 55.06885726507477, 59.14238057448158, 63.730999473345165, 66.07622449364264, 63.41714261432116, 53.2692558705704, 44.338477890892946, 37.99935868398189, 74.18597280520306, 68.44209423549994, 68.12366384990803, 72.37854401878347, 74.81949831941253, 79.55048979218779, 88.74925092012606, 90.36555252877541, 89.1986917787932, 87.2976247506633, 82.89897299255573, 79.79312481906277, 74.58711899086663, 71.84936237967537, 75.0215651211061, 78.58291826458391, 85.35255409343334, 81.19597813696076, 78.4980608926119, 74.98317717856392, 56.16712943782576, 61.05197122707153, 73.19872235383734, 83.21455447607298, 98.18765971317447, 110.50473486362802, 119.2972708572003, 117.11664604210422, 130.20784891526284, 127.05710472523516, 127.29645983605799, 118.77722575573257, 113.69704681235147, 104.30998083809891, 99.13161875782016], [13.25226035045305, 17.214784190816133, 27.160947629205594, 34.140649080268446, 28.494312511576656, 21.111240828664478, 16.09513123343193, 40.42907705496664, 44.497972049036896, 52.42681312013903, 60.92145256065079, 68.83030077475038, 62.37621155155753, 53.74259514392921, 45.64280440439932, 7.674960110417969, 12.694696128412254, 20.20168174200767, 29.624774533193985, 39.56771832785237, 35.866704807969036, 26.347928936435682, 17.63608113479933, 8.762763998996773, 0.0, 39.23066081385626, 46.58028294944961, 55.02890055294925, 62.73856401272316, 68.22557273572046, 66.48303793619556, 60.864566785444524, 54.430073146713546, 47.06505344684498, 41.857189542950934, 12.710680188323046, 24.6780827009909, 35.400906429820374, 42.2444178627709, 51.17846771981246, 54.38035375383932, 58.054354241049204, 59.512667686461924, 56.12545377642712, 46.05639038754204, 36.24906244873984, 29.266836005906892, 72.1231243291773, 65.41551563648548, 64.24730795244113, 67.50857537281249, 69.3747270256964, 73.62829427566363, 82.52507847859829, 84.76924907054111, 84.17443379810099, 82.98940066872792, 79.41328398069332, 76.97615206546594, 71.7318685437344, 68.10357098083142, 70.26555757478054, 73.22524853394866, 79.46989294587542, 75.9732976603961, 73.91042429270169, 71.22662905035604, 63.06748092455149, 66.76299170264457, 77.3769911139869, 85.84785726515877, 99.92879780641387, 111.09259296809111, 118.64757887512837, 113.7284464418973, 124.98973154785466, 121.05419799526479, 121.00015940118413, 112.11133385000825, 106.54146653429635, 97.16005367428909, 92.26042556032823], [48.685739089144874, 55.15423245974414, 64.95452427800494, 71.19596199960436, 65.7384894575968, 57.06427275404772, 49.115656184202656, 20.90979564117892, 18.555454381425477, 21.116552527334782, 27.8686131599379, 37.33755464463743, 31.90140961625799, 25.255656105441528, 22.043673673319585, 38.621596295679474, 47.454421337508734, 56.549983157881385, 66.44577562686614, 75.79733747931694, 73.26896508831909, 64.534876589102, 56.309074205463574, 47.55445582464517, 39.23066081385626, 0.0, 7.665915590668799, 16.864365259456342, 25.711037832886166, 32.01816287131932, 29.993676251106063, 23.38501597814494, 16.68662988122158, 10.438474103758795, 6.319274096023528, 32.08560409295585, 37.28118838164796, 47.35201141830373, 59.024750178808894, 63.399496751282385, 61.64543431808388, 59.32408281631467, 55.249320050956136, 47.32470631646314, 40.08081989688851, 28.340005909560816, 17.819513702674634, 87.78150273982608, 78.26991059796869, 73.603984477