{
	"dissimilarities": [[0.0, 8.478086911606292, 16.178039300863997, 26.4630169805073, 17.504227725548187, 9.916226588127614, 5.942287277275392, 42.69228978688239, 48.516286489294515, 56.99351583230713, 64.15153423478473, 72.03574734357004, 64.63317121663536, 56.19022966868915, 48.910880352656484, 16.735260759791732, 15.318260410404374, 16.94680217976259, 21.945286442355265, 29.386809271872323, 25.639557676929567, 18.38290010156316, 12.215937383944098, 8.818297340771064, 11.542843654630563, 48.61015057512637, 56.381718285126645, 64.43182028918861, 71.16863468741849, 76.43732560144576, 74.84740092653415, 70.67916405178511, 63.67850319528579, 56.64690597729819, 50.43001472696266, 14.287062902635377, 24.76410527960405, 36.79591058568277, 39.817143128133246, 47.43912190898869, 53.37130030642806, 58.03811640066502, 59.62507193769408, 56.89827464701394, 47.39593652044485, 38.649092536563366, 33.54531721353466, 68.91715968821741, 62.841009370652515, 61.78748777067181, 65.6393348869473, 67.01773120376244, 72.53143705768872, 82.55936049727075, 87.86378905095894, 87.07577991355699, 85.46927646892902, 82.48890757169619, 78.52319659250065, 69.11900704075386, 65.16691464354946, 68.3888899723814, 71.02881108083484, 79.38602156382923, 77.72017886300385, 75.28038154865408, 73.03937031102643, 50.47367063632517, 56.357773598808116, 64.90696789293459, 76.22694603102724, 90.903599611515, 98.33286544019657, 106.11642186776668, 111.43860329966259, 125.87591308435977, 125.32745283749541, 120.8092529819172, 112.16617242835024, 108.61801588884266, 102.46086773508365, 96.54318870986694], [8.478086911606292, 0.0, 8.32240210197861, 20.354437675376246, 11.210285185459911, 7.7881077655242406, 11.71815070144103, 51.14117822378465, 56.874196771131516, 65.30701475998066, 72.54716470163788, 80.51181250237833, 73.08513997074884, 64.63367268904862, 57.36054790524137, 21.231044262997024, 16.067267356178647, 13.029571625887632, 15.551774460604358, 22.477020771519015, 18.042477129089843, 10.542723170304768, 6.8602077814848315, 10.845561733056524, 17.815837145429146, 56.398326762851326, 64.30206518146049, 72.4407560707586, 79.34065546276787, 84.70177403741427, 83.1730475587908, 78.93430611583432, 71.85071820755189, 64.76202398567861, 58.531693674227945, 22.157898257761314, 30.59982019117624, 40.96668831114736, 42.86610644515418, 50.6996502810322, 57.3131346988543, 62.80072529504344, 65.51580119906737, 63.63941673951496, 53.674284517264525, 45.97833260131583, 41.545935985097856, 70.35537463685282, 64.94903766421095, 65.028846775831, 69.70594015462494, 71.72118856317147, 77.87155060747295, 88.1582890646216, 92.66741602117638, 91.25633697449393, 88.96003291396369, 85.16900149843875, 80.66074420431617, 71.41734867122736, 68.2434847500351, 72.38997981381794, 75.70013674096954, 84.5761110631937, 82.17989248998596, 79.09805557836526, 75.94512507156239, 45.32654895908778, 52.00715688238181, 61.79285151039849, 74.51642387813364, 89.72011941385729, 98.25102959070276, 107.18597434377291, 114.35479124832727, 131.31979792522813, 131.48755067998115, 127.63693894622959, 119.53082814550403, 116.4182848163702, 110.41212077349273, 104.28323620790229], [16.178039300863997, 8.32240210197861, 0.0, 12.890905881073449, 5.62146645160193, 10.691074902623075, 17.71069641763612, 58.538400901096246, 64.64295594232068, 73.14101034312289, 80.22378630484944, 87.78628011810473, 80.54313961836387, 72.1319780870373, 64.80442248634722, 29.283218716671037, 22.848472208398483, 16.461173404890488, 13.875562457858996, 16.601146541070744, 11.405484901616854, 8.333995645488363, 11.980732187399356, 18.819204790384475, 26.13690259468151, 64.586449604413, 72.37962484359159, 80.30371990206672, 87.02389642812666, 92.13579269540338, 90.72563926171885, 86.69847255504125, 79.80059921044048, 72.79014191160343, 66.58086703669913, 30.06867408041997, 37.44780674469213, 46.51402305893079, 46.0302868770115, 53.711511201971724, 61.49922210622733, 67.64275683362784, 70.78820927885415, 69.55739218472606, 60.4544049494949, 53.41792979417448, 49.53201776258723, 70.54250014595004, 66.36216842637657, 68.05584961428066, 73.47872981842355, 76.00798046844538, 82.35148867058628, 92.23811629749233, 96.06751282907497, 94.22338404014158, 91.26174061634359, 86.76029052323896, 81.63169214310363, 72.44090969329127, 70.56062152457432, 75.75896923745525, 79.60347964519191, 88.26751202628692, 85.28090853530622, 81.68291247961812, 77.63756740738238, 40.12446431420773, 45.39242306089647, 55.796452454059704, 69.75707826577987, 85.59873883736304, 95.4012120374216, 105.68992057222215, 115.47774896735078, 133.78187310750246, 134.6419298815551, 131.4292268444615, 123.98090178657948, 121.55016036927074, 116.12975569285126, 110.75265220541152], [26.4630169805073, 20.354437675376246, 12.890905881073449, 0.0, 10.255180319788145, 18.772861638868033, 25.715414048711462, 66.12961726568388, 73.13472948362168, 81.73600502929011, 88.28338130994005, 94.70326871356446, 87.96607255024605, 79.75779132035856, 72.39749827154193, 41.53169672015834, 35.358438220504084, 28.158929963696703, 22.574098184165187, 17.35280982524309, 13.967450313265699, 19.326581194330807, 24.800542805801268, 31.17683267059289, 37.599044150402605, 74.65480404344979, 82.04225744472299, 89.37223583662762, 95.42723990032249, 99.79672851541066, 98.5687915402511, 95.14939273199373, 88.8047370900538, 82.07446360436491, 75.96933216641015, 39.87571847444108, 46.32930594137711, 54.14776249448645, 49.444299560353286, 56.38764808094659, 66.1283039594389, 72.81557118989143, 75.64030726630837, 75.0353291516094, 68.57676120136476, 62.094348521655284, 58.96976678350913, 68.24770152192454, 66.38345595683434, 70.65656390531517, 76.83440714652372, 79.81744790150812, 85.79501226025457, 94.26839967896657, 97.3544313174155, 95.23419746247501, 91.50402278010907, 86.30437421892711, 80.34294459019895, 71.11532827605897, 71.54951850196903, 78.16274964965028, 82.4618503764004, 89.85628991541958, 86.32425143114972, 82.2744982182199, 77.18257330744056, 36.20166670932604, 34.01476068262903, 43.36447303883483, 58.58740534853409, 75.44192436517079, 87.04384076130918, 99.26597491337263, 113.33143700617961, 131.65640953830405, 133.40195298502852, 131.06180754446868, 124.74824872121184, 123.62665352775272, 119.73827290721742, 116.74828422434709], [17.504227725548187, 11.210285185459911, 5.62146645160193, 10.255180319788145, 0.0, 9.170533485726384, 17.11712906943711, 58.32692196196708, 65.08410831019029, 73.66332182264347, 80.50848292956246, 87.57815628082628, 80.36059452331791, 72.01090003861593, 64.63571426939168, 32.2040439004032, 27.05980488039324, 21.736156127906376, 19.343204045553417, 20.08512923139573, 15.00892334855349, 13.900566649412426, 16.47686553812238, 21.912602908925948, 28.142280478816367, 65.95480909569493, 73.70585923259077, 81.59942793375214, 88.01181154700208, 92.83865126137786, 91.31836056586334, 87.48605912419868, 80.68754859952382, 73.71658792857258, 67.49788084045663, 30.6195224637507, 36.67157773539136, 44.89006111446293, 42.43166874711868, 49.898389311174505, 58.47792148697129, 64.88797120554425, 68.02037134821504, 67.22352536390981, 59.28468827591004, 52.851744557427274, 49.96334423945763, 65.47060747203248, 61.81112191326432, 64.28979470703132, 69.99858921952942, 72.72329889392685, 79.00297610684147, 88.51215087751586, 92.01017489114973, 90.03021709166195, 86.82512030591, 82.13045627836787, 76.7952249079893, 67.56472245154565, 66.28046029892204, 71.94991804732717, 75.98755712864985, 84.34725023407533, 81.11287733812718, 77.33769474840932, 72.98388077566749, 42.52669190429001, 43.78783252233369, 51.65262538227411, 64.71904298987302, 80.19305919077604, 89.79725345951594, 100.1158772573312, 110.49963322815935, 129.37175740221508, 130.67456536598127, 128.0754236234415, 121.32318471728006, 119.67641321644919, 115.481544228144, 111.65093904772337], [9.916226588127614, 7.7881077655242406, 10.691074902623075, 18.772861638868033, 9.170533485726384, 0.0, 8.50977306875924, 49.53035090920004, 56.30616905046814, 64.8711808382923, 71.75881060044416, 79.01327110344872, 71.58465124136004, 63.2048262910355, 55.83937125925067, 25.281594312743334, 22.593284134872004, 20.8022605621411, 22.311654121623903, 26.642220352478095, 21.886514409843908, 16.847239011848973, 14.355503767613381, 15.931678068673717, 20.262942751558327, 57.30170776852895, 65.13363278228572, 73.23686844212435, 79.66712434965758, 84.6130892589725, 82.89586838365142, 78.93504053704156, 71.9865011967339, 64.95399374034967, 58.708597788361416, 21.67115752512775, 27.902867652046268, 37.26857693301098, 36.5317883036507, 44.197665381460986, 51.85272200694203, 57.66172904740296, 60.272374224206935, 58.92871197503127, 50.61570713275144, 43.73867907079816, 40.905406814490114, 62.8777481671025, 57.89343428377944, 58.75702312719603, 63.73071909780089, 65.94312075032212, 71.9872385393464, 81.83381259892217, 86.01368809680274, 84.49129373157689, 81.97262789774044, 78.04746512380653, 73.36624533137484, 64.00784275197506, 61.38031104171145, 66.0177592515495, 69.52031645184772, 78.02260787474964, 75.37419840799797, 72.13147738834988, 68.71857431363694, 48.879471970704415, 50.79733340460383, 57.20253935195498, 68.35741432865758, 82.84596869886542, 90.78141819876979, 99.43920439827149, 106.89834888617976, 124.43389538849532, 125.11755846344806, 122.0459690599452, 114.84009843465599, 112.77879269668146, 108.51826834139865, 104.62413450191329], [5.942287277275392, 11.71815070144103, 17.71069641763612, 25.715414048711462, 17.11712906943711, 8.50977306875924, 0.0, 41.2424644393388, 48.0172077094522, 56.607855384575174, 63.41587689274813, 70.62043595422385, 63.29065112532701, 54.91794179580238, 47.54833375044304, 21.223670142067792, 21.17651185697406, 22.432317025547828, 26.20261811812554, 31.93475888779294, 27.98757675321565, 22.106966693622123, 17.138714671863408, 14.334735725334424, 15.086871929308542, 49.52417215452813, 57.120736855589044, 65.00928107135964, 71.28261179201706, 76.13438369448636, 74.4371439679421, 70.56800540597135, 63.771449963102796, 56.84865511443369, 50.65866251525142, 14.455605062252118, 23.16158096655464, 34.6330961895094, 35.48213156676428, 42.9091985322537, 49.70147940728978, 54.52029016018668, 55.76672884495132, 53.304213219781886, 45.41926890867489, 37.13564863761624, 33.26164530307534, 63.67060333118399, 57.96780823724462, 57.49818026217801, 61.49226577811918, 62.939573881420785, 68.22946490386913, 77.76689802174353, 82.94261200045116, 82.1702322576367, 80.4575119942612, 77.46215402991723, 73.3873533053879, 63.83719303806155, 60.33492871396788, 63.87988400152012, 66.5807784876534, 74.45223391613652, 72.69483443374938, 70.21714926563007, 67.86330369716445, 52.57671946265574, 55.12764988411442, 61.39169866930309, 71.55532057280472, 85.76865660915895, 92.78734142868437, 100.377455884898, 106.01635321998398, 120.35462787086507, 120.10949690025578, 116.06649078001728, 108.0326623181485, 105.2611607470486, 100.42504219880243, 96.35066296077015], [42.69228978688239, 51.14117822378465, 58.538400901096246, 66.12961726568388, 58.32692196196708, 49.53035090920004, 41.2424644393388, 0.0, 9.65106625313996, 17.29930166170502, 22.79119040132167, 29.8576173847551, 22.060581429570934, 13.691624656342213, 6.313154839112535, 39.53901444396693, 47.919728544098646, 55.62125821763336, 62.73436053638194, 70.41702718073181, 67.66193365119886, 60.678496466024775, 53.27871210996194, 45.134136937146835, 36.7978551809297, 19.862047548260325, 23.324454849665873, 29.368567009202152, 33.56444325121232, 37.752308548460405, 35.069201587938984, 31.56862668200834, 25.64474808541222, 20.224910952001768, 15.90774339728643, 30.007273861762886, 31.9951627936765, 40.70359083526085, 47.72525797618241, 50.699629203561145, 50.14902765466202, 48.1920546724566, 41.8819932465777, 33.34455387015392, 31.421151054816182, 20.05985105112882, 14.632610253299951, 75.106519608805, 66.81632351037992, 59.858432033222975, 57.953166564256605, 55.10388293648271, 55.39608019990268, 62.380369583387186, 71.97848711559237, 74.98711867598638, 77.668643439858, 79.6052525310448, 79.25902649064246, 71.03484463679567, 63.564816288606345, 60.609839185396126, 58.58251079148856, 62.49432669133792, 65.68693209478971, 67.49352261605354, 70.8409743603292, 86.58657166964252, 89.41893774856393, 92.45336536318308, 96.8955391825439, 107.35751649272882, 108.74555262339634, 109.90546101425208, 104.20753368739261, 104.26898051821286, 99.42665618227365, 91.14381468925974, 79.47815739029242, 73.09973245297219, 66.75949582779162, 63.248380376842235], [48.516286489294515, 56.874196771131516, 64.64295594232068, 73.13472948362168, 65.08410831019029, 56.30616905046814, 48.0172077094522, 9.65106625313996, 0.0, 8.61740296865088, 15.764091095668851, 25.460677313292447, 17.641540722887925, 9.985419767688338, 7.099227064043874, 42.44386765746693, 51.11926955452634, 59.52149100987578, 67.21847169756239, 75.68392827125118, 73.21396335221459, 65.75350443120745, 58.05422708541067, 49.59853098482828, 41.11711534899118, 12.480348401587314, 13.84395172219612, 20.07972910873705, 25.158626823450618, 30.561269406577562, 27.732530113617454, 23.207598984146593, 16.439156221574482, 10.72253230307841, 7.19572258619487, 35.648023393470346, 38.22851960369747, 46.783304921555875, 55.935895499074526, 58.93932030751636, 57.05457685117002, 54.39236119106315, 48.1942940392964, 39.36200769406817, 35.72155170977035, 24.9182788362968, 18.05264841669681, 84.0420443331763, 75.2580044700648, 67.33962949160426, 64.82544953986474, 61.57845055558333, 61.63265260698568, 68.71880822185666, 78.66077851317993, 81.9822719393458, 85.19209635170265, 87.5748441951582, 87.66904071167869, 79.77465843975807, 71.65112662599333, 67.87770491036899, 65.39938061283968, 69.42164539282521, 73.12234553376943, 75.31197424680941, 79.17931664745834, 91.28346356423017, 96.53637788778884, 101.1318770974504, 106.2446393459215, 116.96988850161569, 118.33175545008106, 119.1405720082013, 111.95998772550753, 110.36741035035664, 104.52175761062237, 95.03850681793962, 82.07788311808336, 73.82553208446916, 64.78123393117453, 57.68871542408044], [56.99351583230713, 65.30701475998066, 73.14101034312289, 81.73600502929011, 73.66332182264347, 64.8711808382923, 56.607855384575174, 17.29930166170502, 8.61740296865088, 0.0, 8.117898773410086, 19.475443782516635, 12.214699823475975, 8.567580119911458, 12.233014507928043, 50.03562819656662, 58.83033202722169, 67.46369491490022, 75.32394794641719, 83.96880827879363, 81.59410451977853, 74.02373797109964, 66.24102621971942, 57.70934794531847, 49.20668584161166, 14.634751046956488, 10.754219224265237, 14.145407720739088, 18.08328356902413, 23.759717291597827, 20.321330377961626, 15.260898436706043, 8.489522738855817, 5.917832994443234, 8.877765182557038, 44.02298122545451, 45.823807050832706, 53.236114942214, 62.87181108046102, 65.27058155988017, 62.27595672609738, 58.64328494489395, 51.741734849695575, 42.60611732189392, 40.0822123747239, 31.005609741709932, 25.740518945573044, 90.12028312469823, 81.12646110711204, 72.43916769617029, 69.06907914744482, 65.23701692155906, 64.42073369416846, 70.78976034080695, 81.17743718357018, 85.06793018840625, 88.9887526828374, 92.12140746716052, 92.83104464425494, 85.40337573988108, 76.85760211329323, 72.13234262633858, 68.94117393588978, 72.21500386669281, 76.68118926913064, 79.52001406016798, 84.17950727981177, 99.1205555913683, 104.75200549533373, 109.23848680239122, 113.83479230959207, 124.06247388502356, 124.68817663693243, 124.54235060100656, 115.4092467067596, 111.26307160396244, 104.44699638914484, 94.05373952220046, 80.30549462036866, 70.88746239374484, 60.87270024675628, 52.81127106122281], [64.15153423478473, 72.54716470163788, 80.22378630484944, 88.28338130994005, 80.50848292956246, 71.75881060044416, 63.41587689274813, 22.79119040132167, 15.764091095668851, 8.117898773410086, 0.0, 11.840606482131347, 6.684407121348088, 10.004966716293413, 16.725657182064296, 57.95258583257453, 66.62518938214163, 75.04616442503492, 82.69193428641302, 90.97410036208974, 88.68881683362444, 81.42390631672188, 73.78441818767111, 65.34036379011688, 56.86416369265573, 22.440739938910415, 16.676491358351402, 14.92993394754056, 14.412709954081814, 18.006380793953454, 13.938738614620657, 10.526393734924607, 9.020751458594177, 12.50588375838101, 16.9392370556528, 51.323974002123855, 52.682630777025174, 59.31847280212115, 67.96998777373803, 69.6525621784573, 66.42950725480661, 62.10421108001977, 54.03602548632496, 44.64627801016667, 45.000873225465355, 37.15328615860313, 33.19981918476741, 93.34069099877608, 84.66511057583917, 75.9089948595814, 71.90415318437907, 67.57836312461475, 65.57107932616496, 70.41241772517141, 81.27306245832062, 85.84265399572043, 90.35317652957076, 94.19176867681492, 95.3341669766812, 88.22257144783707, 79.84702407464712, 74.57126958392865, 70.72583910303983, 72.46669040659393, 77.7179581202765, 81.2171721802772, 86.52928696822462, 105.42652312902698, 110.07358997960199, 113.72223186668559, 117.37622020705332, 126.99306321216642, 126.90576457412203, 125.94566874545299, 115.77229993926169, 107.96791632460068, 100.20676249334379, 88.89429102788706, 74.50020195089202, 64.32881234134283, 54.31429772838204, 47.77952866912995], [72.03574734357004, 80.51181250237833, 87.78628011810473, 94.70326871356446, 87.57815628082628, 79.01327110344872, 70.62043595422385, 29.8576173847551, 25.460677313292447, 19.475443782516635, 11.840606482131347, 0.0, 9.252320629729274, 16.94494475609147, 23.756892875209328, 67.73449830227472, 76.07128363140768, 83.91733303197667, 91.01647528046671, 98.44808792443634, 96.28122145908051, 89.7082703516397, 82.4401983235228, 74.26826207913578, 65.93344919233459, 34.03643404402444, 28.17508421011582, 23.78186220983737, 18.717117555649263, 16.53938432947185, 13.308464804728228, 15.756605157643916, 19.817111849960522, 24.30664479858322, 28.31789891234874, 59.71438854416015, 60.780684985338574, 66.72601590403323, 73.13829029729027, 73.88533540171292, 71.11459206034111, 66.27417623552537, 56.629819833773595, 47.1929517583592, 51.9586378455007, 45.213162306497516, 42.54765945315489, 95.21183504380684, 87.43555279960198, 79.25954197845793, 74.74200189675139, 69.96937932683845, 66.31177779050812, 68.49158790819617, 79.8578301234622, 85.31745503269252, 90.39362611837475, 95.01114067377452, 96.50251226103579, 89.69898237586054, 82.10914628649647, 76.57590193406655, 72.0509173048744, 71.2135296806578, 77.39064646361395, 81.6666700843855, 87.59380592903315, 111.80754918037775, 114.22185341645066, 116.27055507247167, 118.4122072857227, 127.14009292919548, 126.21289542661724, 124.39502560062931, 113.8505325142717, 100.38608713857391, 91.42072077796512, 78.84673758814952, 63.65577703642152, 52.83619629304183, 43.99999541272873, 42.79804925372623], [64.63317121663536, 73.08513997074884, 80.54313961836387, 87.96607255024605, 80.36059452331791, 71.58465124136004, 63.29065112532701, 22.060581429570934, 17.641540722887925, 12.214699823475975, 6.684407121348088, 9.252320629729274, 0.0, 8.48209096705205, 15.76572611040741, 59.81361272758412, 68.53797365710096, 76.70227774411374, 84.0740408263505, 91.90180517452383, 89.41810700264708, 82.40694767438733, 74.88329161758868, 66.54102427437024, 58.04215583604886, 26.655880791703474, 22.384025595379487, 21.524364034911255, 20.065754151893472, 21.615050114800866, 17.628702084785086, 16.209657748359433, 15.521765685487397, 17.60451542647968, 20.664190638173615, 51.753276830307314, 52.054732762335654, 57.82399581409843, 65.15828909932434, 66.21706153884259, 63.09871682872104, 58.47915476028871, 49.582311970735105, 40.10366483372442, 43.06454375273406, 36.142094427926644, 33.93818222558764, 88.87409373755048, 80.48974785226866, 71.90213746687378, 67.63309537096413, 63.10323185660622, 60.42594184661058, 64.42143166351268, 75.44531363263515, 80.28655742010191, 84.98417218877631, 89.12436685701182, 90.4473985487363, 83.51998410250472, 75.3691801516201, 69.92853257653167, 65.79727121784722, 66.64558885975299, 72.19665257174168, 75.98359641214047, 81.58215700815478, 106.64646952921251, 109.4079566859734, 111.4731221335108, 113.98444713582538, 122.80645577189252, 122.00986544799217, 120.4501377593095, 109.83767015649941, 101.3352652893167, 93.6954526142458, 82.79584095534697, 69.01181895096366, 59.89304213198767, 52.52448405558278, 50.08337288245106], [56.19022966868915, 64.63367268904862, 72.1319780870373, 79.75779132035856, 72.01090003861593, 63.2048262910355, 54.91794179580238, 13.691624656342213, 9.985419767688338, 8.567580119911458, 10.004966716293413, 16.94494475609147, 8.48209096705205, 0.0, 7.380917816803815, 51.52788501003674, 60.233688199566146, 68.362920041886, 75.7424760635916, 83.64604344898773, 81.0706622458317, 73.97323192598127, 66.42929973555468, 58.09358805922676, 49.600903544394924, 20.85844651384513, 19.075763335827325, 21.61163934376925, 23.25149320050121, 26.600746800266243, 23.123582797837578, 20.139203758822912, 15.991436572700716, 14.220127479960968, 14.725204119741976, 43.274740162610314, 44.03775643203086, 50.730783535332954, 58.348760024992416, 60.096015003716296, 57.64992392270341, 53.860164036074636, 45.84765598261226, 36.43728969930001, 37.3452246684388, 28.860365784383678, 25.681809440290476, 83.70697155328111, 75.1998132351375, 66.98552309419993, 63.48630113338533, 59.502063660556445, 57.97321925535111, 63.35216550830327, 73.93520303917236, 78.09173937730088, 82.08629832943971, 85.43693884242296, 86.1879917263298, 78.78074921880287, 70.69524533204958, 66.02735457568035, 62.61856980207206, 64.80890873909377, 69.51875703338627, 72.5958704791349, 77.43406128949279, 98.95175674801828, 102.03509285333476, 104.61564786608177, 107.92396563314101, 117.39035345075109, 117.39833914550441, 116.8225205870148, 107.84672533118763, 102.86571812206134, 96.29910060947118, 86.39807754073466, 73.36233299661538, 65.23250907358299, 57.999629795862354, 54.533301230626186], [48.910880352656484, 57.36054790524137, 64.80442248634722, 72.39749827154193, 64.63571426939168, 55.83937125925067, 47.54833375044304, 6.313154839112535, 7.099227064043874, 12.233014507928043, 16.725657182064296, 23.756892875209328, 15.76572611040741, 7.380917816803815, 0.0, 44.988433909480435, 53.543057221836015, 61.460995977836276, 68.70436589713371, 76.48796168145057, 73.8287549268739, 66.79919120351009, 59.330974077505836, 51.08795831057391, 42.66453563270526, 19.230516680036605, 20.414639050947386, 25.18707055405092, 28.448124693713886, 32.33512361476558, 29.35015843335497, 26.031577506516406, 20.67207597647111, 16.409374086260726, 13.858045145487656, 36.11243554606543, 37.46223093292362, 45.157341688517505, 52.478812235207165, 54.837890662095326, 53.35728967680352, 50.48451515335791, 43.26406820479837, 34.170588308001875, 33.685436774897454, 23.630834263881674, 19.38226432542145, 78.89772655188176, 70.49591467169189, 62.91522507309305, 60.226230137535445, 56.810482395177, 56.219154632519235, 62.464959388494044, 72.57858817695363, 76.14662687691592, 79.45968940373488, 82.07883813557022, 82.25498920566669, 74.39947009359959, 66.62162192622317, 62.82931288258576, 60.123666176485266, 63.21107629886019, 67.14546024432518, 69.57163541979304, 73.64900447141584, 92.20877775142263, 95.14840719800421, 97.95824860377513, 101.8455449642724, 111.83838668779454, 112.57001348271443, 112.9090836337199, 105.67877175230848, 103.34273513739909, 97.69451096252463, 88.64656193556175, 76.32598259047451, 69.1542441387982, 62.40324793923871, 58.92350806803984], [16.735260759791732, 21.231044262997024, 29.283218716671037, 41.53169672015834, 32.2040439004032, 25.281594312743334, 21.223670142067792, 39.53901444396693, 42.44386765746693, 50.03562819656662, 57.95258583257453, 67.73449830227472, 59.81361272758412, 51.52788501003674, 44.988433909480435, 0.0, 10.127360684753505, 19.959604051954013, 28.97673113967448, 39.82175267483893, 36.66580049435829, 27.057940746897458, 18.644599373985862, 10.46770473977342, 6.683570355857862, 38.500574436043664, 46.84122109004936, 55.8173187522463, 63.707436282749285, 70.25141503102833, 68.43540629911912, 63.22297446743617, 55.38504762152574, 48.08276821554291, 41.99730917129728, 14.25391356089116, 23.970587991919725, 36.27580813435756, 46.237952207410586, 53.59213366442716, 55.742809565045555, 58.936015500033704, 60.81865344161431, 57.1487292312518, 43.462999068781954, 34.12528088699182, 27.085704525272995, 78.78933840278638, 70.60633206871717, 66.33488202990716, 68.75490419835343, 69.32355253853704, 74.9807484511695, 86.47607670632568, 92.53760278740128, 92.13546617489281, 91.57706499000969, 89.55842956457495, 86.75658655642327, 78.0164324526207, 71.602784763826, 72.67589728335744, 74.46970500749902, 84.10516234942003, 83.26754597874374, 81.54537882588659, 80.69975339198834, 60.26515154584933, 71.50331112486047, 81.59515871237338, 92.6738670595313, 106.60287758449657, 112.68351603150191, 118.70447161995807, 119.45009062335956, 133.61890220397314, 131.9541954881293, 126.33439175839732, 116.29446071703077, 110.86092818305995, 102.31256608955978, 92.39720916665887], [15.318260410404374, 16.067267356178647, 22.848472208398483, 35.358438220504084, 27.05980488039324, 22.593284134872004, 21.17651185697406, 47.919728544098646, 51.11926955452634, 58.83033202722169, 66.62518938214163, 76.07128363140768, 68.53797365710096, 60.233688199566146, 53.543057221836015, 10.127360684753505, 0.0, 10.144104520726705, 19.399836970491627, 30.744869636493455, 28.064495175739577, 18.594030740782184, 11.256458941793774, 7.534426799335965, 12.630300130698917, 47.45452551108613, 55.399646978807056, 63.77112915334604, 71.55887285899794, 77.86493123724114, 76.44109973819363, 71.50549399356741, 64.05408769800017, 56.959728495532445, 50.97498927878107, 20.996718438841484, 31.513972643784996, 43.3129421770447, 51.006175131117296, 58.75932054968427, 62.418895271104056, 66.5052504690604, 68.85634276305805, 65.64727418170293, 52.65295122838409, 43.598941900876106, 36.52066349811626, 82.01678129665818, 74.86874950776104, 72.18201074321989, 75.50348615159454, 76.63425057233286, 82.59821835449763, 93.81153667719802, 99.39713425571219, 98.60083587224379, 97.36567208488962, 94.5770702587805, 91.05251940875435, 82.09670736687326, 76.87352024199444, 79.11219628022079, 81.50594244079775, 91.0312737164339, 89.63471802044639, 87.36809000467116, 85.57592372397133, 51.12064411492631, 64.57973550100122, 77.11914784381085, 90.15632876430914, 105.31055634011831, 113.07716841230248, 120.7688457563305, 124.45167723728261, 139.38676283828755, 138.13030342607112, 132.6284541977205, 122.68278618614977, 117.37997548402447, 108.34966321554649, 98.00402841818456], [16.94680217976259, 13.029571625887632, 16.461173404890488, 28.158929963696703, 21.736156127906376, 20.8022605621411, 22.432317025547828, 55.62125821763336, 59.52149100987578, 67.46369491490022, 75.04616442503492, 83.91733303197667, 76.70227774411374, 68.362920041886, 61.460995977836276, 19.959604051954013, 10.144104520726705, 0.0, 9.28989499957012, 20.851423132102735, 18.611163267532042, 10.106644860695605, 7.555321027441851, 12.573628772070379, 20.519613704277017, 56.757091476577344, 64.42882045453716, 72.31125082935823, 79.7980895737632, 85.69679444176613, 84.5422781807853, 79.97635346865565, 72.89456196664025, 65.94809261668892, 59.97322310199338, 27.90594528396338, 38.331487422889616, 49.50179978678421, 54.447086092693894, 62.355066456173134, 67.6244572391525, 72.5422556492483, 75.19276182117703, 72.51352260330563, 60.65748047888051, 51.93979578839241, 45.25886301596687, 83.14272273634795, 77.24465668312206, 76.3156990556775, 80.5079922756006, 82.18226374284332, 88.32842939950434, 99.0561411317086, 104.09370735930368, 102.91632967659946, 100.98212847717724, 97.44502695066005, 93.19076311407635, 84.06621797389381, 80.2213151766782, 83.6674599761653, 86.63710770876204, 95.83987160924438, 93.87106815022446, 91.07536569324702, 88.33114302782916, 41.73383636903995, 56.18849886337749, 70.60981085281173, 85.31257677381245, 101.48882250965988, 110.84476166740902, 120.1648446227561, 126.96772079219511, 142.66253828193112, 141.98339081712592, 136.87332912387322, 127.36648720399563, 122.60530194683365, 113.83151793104068, 104.11497873682417], [21.945286442355265, 15.551774460604358, 13.875562457858996, 22.574098184165187, 19.343204045553417, 22.311654121623903, 26.20261811812554, 62.73436053638194, 67.21847169756239, 75.32394794641719, 82.69193428641302, 91.01647528046671, 84.0740408263505, 75.7424760635916, 68.70436589713371, 28.97673113967448, 19.399836970491627, 9.28989499957012, 0.0, 11.76511074171022, 10.39246483434455, 6.985243487008381, 12.690872821978829, 20.35857184520962, 28.5818926683551, 65.26240241516146, 72.72848880013997, 80.23346915493346, 87.41838089891992, 92.93398166111953, 91.9733771262625, 87.73808366567403, 80.96568688614666, 74.14292638327373, 68.17879189673303, 35.0344959339437, 45.05917259020131, 55.57100433771946, 58.1168797562731, 65.97242495417525, 72.55068791203722, 78.08574479067273, 80.90269529030621, 78.67781095586183, 67.92386831544037, 59.52346603972962, 53.24678247667112, 84.24721409173796, 79.56997740162582, 80.2060818223778, 85.0846855196482, 87.19076520059006, 93.40788867204657, 103.60193319258143, 108.13776922719627, 106.65101910063468, 104.12256367340792, 99.96727124208807, 95.09931582278841, 85.90219261338147, 83.34517898833215, 87.80300052837377, 91.22613305242058, 100.02856450670116, 97.58678178935229, 94.36454599846094, 90.81815909964317, 33.545481014099586, 48.44060936341687, 64.55105933678398, 80.72281198866487, 97.74179256961702, 108.52406884130103, 119.29392346672688, 128.9340064294774, 145.19169296582882, 145.05792205014174, 140.36656426676575, 131.35312663341716, 127.17477557788217, 118.83256917974363, 109.94816789295571], [29.386809271872323, 22.477020771519015, 16.601146541070744, 17.35280982524309, 20.08512923139573, 26.642220352478095, 31.93475888779294, 70.41702718073181, 75.68392827125118, 83.96880827879363, 90.97410036208974, 98.44808792443634, 91.90180517452383, 83.64604344898773, 76.48796168145057, 39.82175267483893, 30.744869636493455, 20.851423132102735, 11.76511074171022, 0.0, 5.744325485146626, 14.536075105130484, 22.483037776674355, 30.414170732523047, 38.328459593357344, 74.98543203100793, 82.16455851735996, 89.175223351377, 95.85933987355902, 100.78589328873802, 100.03310477078973, 96.28804518618554, 89.95773172454778, 83.32290226322326, 77.38864595992251, 43.501761179451776, 53.056214403314456, 62.88143948578508, 62.37090655684473, 69.9157593715746, 78.06340918049949, 84.16150548811315, 86.8596899104966, 85.09295510935915, 76.11780499750421, 68.01124154049403, 62.23981058643686, 84.72518047625395, 81.73789610947168, 84.32362210934089, 89.88509112480976, 92.40004068449838, 98.46154548420787, 107.69692519478454, 111.68055737386608, 109.94090721639338, 106.76924743885887, 101.99619952593972, 96.43367905479185, 87.17698415948, 86.33449697919889, 91.94075223349874, 95.78402724465919, 103.74877071164804, 100.84837400184438, 97.22588654255672, 92.81309221757482, 24.43384358285078, 37.6465461269847, 55.66139771513557, 73.50056361892747, 91.51145137035493, 104.02528382456511, 116.54158828757578, 129.80774864592365, 146.07342965535284, 146.58841459114421, 142.4401699821182, 134.15814127749587, 130.8579994686339, 123.39253179038629, 116.11647075098328], [25.639557676929567, 18.042477129089843, 11.405484901616854, 13.967450313265699, 15.00892334855349, 21.886514409843908, 27.98757675321565, 67.66193365119886, 73.21396335221459, 81.59410451977853, 88.68881683362444, 96.28122145908051, 89.41810700264708, 81.0706622458317, 73.8287549268739, 36.66580049435829, 28.064495175739577, 18.611163267532042, 10.39246483434455, 5.744325485146626, 0.0, 10.26200869940233, 18.508056479439674, 26.753649892058057, 34.82475388138724, 72.58121264613521, 80.0685276796284, 87.50661464701112, 94.28530860244487, 99.34929334769754, 98.33683090108258, 94.4290746745322, 87.81602798575379, 80.99113856742895, 74.92400908251014, 39.83185683720414, 48.42702131630453, 57.702853189414085, 57.14653493689249, 64.73838311130383, 72.78024567606576, 79.02340568187459, 82.13300380565069, 80.72223540322686, 71.50890994452138, 63.9694420678209, 58.96778636878406, 79.89514610729381, 76.59046651134452, 79.02573362398404, 84.67555303305492, 87.31625920473965, 93.62533205474611, 103.2018274977941, 106.95375024065486, 105.03382077105749, 101.80294282466662, 96.96352190345218, 91.470449232433, 82.32285923376968, 81.22127593434135, 86.82404967913212, 90.795185290646, 99.17079143117664, 96.08866130771594, 92.34587404908021, 87.89587782315603, 30.00228002812405, 39.94831759981056, 55.27050800983039, 71.99012064243193, 89.25366494545872, 100.97422248618531, 112.88276268286445, 125.1629154206226, 142.87957595320594, 143.68863878776986, 140.05510017158835, 132.20019069833936, 129.30723060081715, 122.64041056785804, 115.98290609749283], [18.38290010156316, 10.542723170304768, 8.333995645488363, 19.326581194330807, 13.900566649412426, 16.847239011848973, 22.106966693622123, 60.678496466024775, 65.75350443120745, 74.02373797109964, 81.42390631672188, 89.7082703516397, 82.40694767438733, 73.97323192598127, 66.79919120351009, 27.057940746897458, 18.594030740782184, 10.106644860695605, 6.985243487008381, 14.536075105130484, 10.26200869940233, 0.0, 8.594050437467766, 17.287486075750888, 25.80536615831362, 64.1995752412476, 72.04357533951996, 80.04587840547673, 87.2266592334647, 92.78548628149134, 91.49769939362326, 87.15178585804661, 80.08298262008115, 73.03661897991988, 66.89298943087248, 31.751734747270152, 40.19096572257514, 49.82048370773486, 51.856566454085886, 59.73163331248906, 66.40664546466286, 72.24460030060249, 75.6194907119381, 73.98359848827984, 63.20948148989109, 55.6946080139189, 50.70057306429166, 77.93905448483561, 73.09908969622452, 73.824903267364, 78.93360433517982, 81.28170952023028, 87.81307549455009, 98.29831899618392, 102.41659759456641, 100.64425320815263, 97.92984183716828, 93.59220125975132, 88.7153438442509, 79.67124970781022, 77.03422884625773, 81.66738852682279, 85.33462474058435, 94.54623205329021, 91.77972263731782, 88.33183937137572, 84.60264322292747, 38.43284244896137, 49.30722540603465, 62.552063996097324, 77.4971742546648, 93.64391658268649, 103.65089426988801, 113.8882207447863, 122.83562223242242, 140.99787317669026, 141.3889910505599, 137.51349579418618, 129.25150858138608, 125.83409205413749, 118.82310988505287, 111.22626791328712], [12.215937383944098, 6.8602077814848315, 11.980732187399356, 24.800542805801268, 16.47686553812238, 14.355503767613381, 17.138714671863408, 53.27871210996194, 58.05422708541067, 66.24102621971942, 73.78441818767111, 82.4401983235228, 74.88329161758868, 66.42929973555468, 59.330974077505836, 18.644599373985862, 11.256458941793774, 7.555321027441851, 12.690872821978829, 22.483037776674355, 18.508056479439674, 8.594050437467766, 0.0, 8.808928196889397, 17.464374487066237, 56.09712489352684, 64.14083408121584, 72.48641775526933, 79.84134992367028, 85.65748656908985, 84.16248871749082, 79.57667506181957, 72.25093772737235, 65.08600743618436, 58.902535950361596, 23.993473033489316, 32.71640860532889, 43.120480998975495, 47.266808845737636, 55.208327727332275, 60.75857217897809, 66.03387852363225, 69.17344840216411, 67.12397668393194, 55.520519387832934, 47.71896889357272, 42.584114169814335, 75.85729211805359, 69.87499290403309, 69.142089815146, 73.60062630249071, 75.53092084805388, 81.95159657870174, 92.86286577736801, 97.47324650954457, 96.0239096897812, 93.88097775193098, 90.16073222596485, 85.86620644472232, 76.84467610408622, 73.01352137108404, 76.70556027633116, 79.9332334220814, 89.4338943015777, 87.1270646012752, 84.10129564937895, 81.15219276994986, 45.45347829401735, 55.86090526413295, 67.43663521581179, 80.83997186392664, 96.14237977897896, 104.73418232527436, 113.5521587306584, 119.8555273890103, 137.29900538744556, 137.20034321413246, 132.98236256366596, 124.34860963380127, 120.52197991086835, 113.3616671076612, 105.41306115846226], [8.818297340771064, 10.845561733056524, 18.819204790384475, 31.17683267059289, 21.912602908925948, 15.931678068673717, 14.334735725334424, 45.134136937146835, 49.59853098482828, 57.70934794531847, 65.34036379011688, 74.26826207913578, 66.54102427437024, 58.09358805922676, 51.08795831057391, 10.46770473977342, 7.534426799335965, 12.573628772070379, 20.35857184520962, 30.414170732523047, 26.753649892058057, 17.287486075750888, 8.808928196889397, 0.0, 8.722867182587674, 47.44438522257474, 55.60880210819231, 64.19245845468404, 71.62813482646554, 77.61137789996359, 75.94344237286151, 71.19621622831605, 63.70302535888976, 56.46626402660699, 50.25784503023563, 16.028401112342113, 25.8453389204474, 37.55872969813304, 43.85444611886768, 51.64617346578795, 56.00267860386527, 60.46019327480934, 62.929089964181536, 60.198081060226734, 48.10293163569678, 39.58922164464967, 33.94248736198638, 74.53031203361783, 67.55695554101514, 65.33491182433706, 68.9433874823445, 70.28492597064619, 76.32504138041688, 87.39297569626937, 92.67354320973101, 91.7206451233695, 90.27408313603215, 87.3335454593132, 83.67945496643156, 74.66212248207066, 69.71897183214438, 72.33002974112115, 74.93855933618399, 84.3849360931567, 82.72418116255513, 80.28026414021542, 78.26743493940535, 52.20773667255758, 61.93575033949934, 72.10624577357223, 84.04045277066913, 98.5926982453888, 105.85973927284861, 113.29758769625288, 117.11354682961958, 132.9371205819383, 132.19624899856845, 127.45524051334995, 118.34010594608948, 114.02639061047368, 106.6604933170971, 98.49641371470504], [11.542843654630563, 17.815837145429146, 26.13690259468151, 37.599044150402605, 28.142280478816367, 20.262942751558327, 15.086871929308542, 36.7978551809297, 41.11711534899118, 49.20668584161166, 56.86416369265573, 65.93344919233459, 58.04215583604886, 49.600903544394924, 42.66453563270526, 6.683570355857862, 12.630300130698917, 20.519613704277017, 28.5818926683551, 38.328459593357344, 34.82475388138724, 25.80536615831362, 17.464374487066237, 8.722867182587674, 0.0, 39.15927262592793, 47.424128233848776, 56.22360371618199, 63.61744711144554, 69.66553232818454, 67.79166704307258, 62.952725047754726, 55.33161337874084, 48.02939012653321, 41.7728051635036, 8.533819905160932, 19.897782006319748, 32.97162142151909, 41.049810174055125, 48.42660647019183, 51.60280869103314, 55.09299381805186, 56.61260903058119, 53.10045964360769, 40.93891391891615, 31.48526930239862, 25.231366145286863, 73.05920383509046, 65.29350196499472, 61.69676412804776, 64.36648327945248, 65.04567151142982, 70.52751156665958, 81.54007322624646, 87.51743564322784, 87.12522996846455, 86.40178526175143, 84.29490938539459, 81.2911429025447, 72.32187447331486, 66.4185884173749, 67.92505604210388, 69.83405394255989, 78.98368075704612, 78.03287093952385, 76.23432282864465, 75.19893474952427, 59.10461368016833, 67.60464869827942, 76.20170381542283, 86.58717871635923, 100.31638947473567, 106.27253980303477, 112.35127401087038, 113.85024829787801, 127.76927323042408, 126.40262381508694, 121.18211341696858, 111.67583823982878, 106.99559859450605, 99.67344762517773, 91.72492469202811], [48.61015057512637, 56.398326762851326, 64.586449604413, 74.65480404344979, 65.95480909569493, 57.30170776852895, 49.52417215452813, 19.862047548260325, 12.480348401587314, 14.634751046956488, 22.440739938910415, 34.03643404402444, 26.655880791703474, 20.85844651384513, 19.230516680036605, 38.500574436043664, 47.45452551108613, 56.757091476577344, 65.26240241516146, 74.98543203100793, 72.58121264613521, 64.1995752412476, 56.09712489352684, 47.44438522257474, 39.15927262592793, 0.0, 8.939594830610053, 19.259956367411245, 27.337151138621707, 34.85215661568513, 32.214879952722036, 26.01270768772119, 17.479908111581253, 10.364267523193863, 6.150786942814392, 35.86797823804896, 38.98850445176426, 47.80431732173287, 60.0798237089311, 63.92818304666154, 61.00524585782207, 58.69744186008506, 54.57544953829674, 46.57510663010854, 37.78009712711133, 27.314931281204167, 18.800640860923888, 90.70422771958982, 81.0813705049964, 72.39