{
	"dissimilarities": [[0.0, 8.72507369560103, 15.879222505870146, 25.70803820978816, 19.24415575727959, 11.992458380059073, 7.68631890575905, 41.51362737363413, 47.30751237357899, 55.74955857185039, 64.16201864603408, 70.54099862386872, 64.9606468176987, 56.50624299988078, 48.071457878923006, 16.48299624612024, 18.353449086905435, 21.93948168451885, 27.251864299112036, 33.71172395919316, 31.29936338142584, 24.10413656848749, 17.593282962956092, 11.476349164256202, 10.848267167762044, 44.56594734923221, 52.682372079270934, 61.04640547294628, 68.40978159885485, 73.53709043616496, 71.36822712003382, 65.98767938305154, 58.55487625583714, 51.12720190508035, 46.16522673196434, 16.98942668901058, 25.47195547830951, 36.11569423393157, 39.091059022834706, 48.27464162034889, 53.584421710725785, 58.17707297420368, 59.58627029333346, 56.06878254839855, 48.49913657223816, 37.97528238751886, 33.18860084295989, 65.70240084511708, 62.15800261476446, 61.802656122128326, 66.46081790021549, 67.34389301422972, 72.04307127989561, 80.28455178628747, 81.28556069631665, 80.30235059341125, 78.30401199614155, 75.05009506289836, 70.71781700716652, 66.02445011660676, 65.88149873857506, 69.50513239949933, 72.36987767001489, 77.66183981940338, 73.17811593803383, 70.30692413356198, 66.38684303753446, 57.85407720259848, 64.82119911205426, 78.4278115671892, 94.63430840324436, 89.8890094213429, 94.04362761110504, 102.15903113122599, 105.1965526221345, 114.89088108577963, 117.6283721039055, 120.5351932101373, 119.03773795149775, 102.56848075138991, 97.8933849537504, 92.09687027788958], [8.72507369560103, 0.0, 7.80406664071585, 19.65649344853412, 14.354437906363943, 10.784030758744617, 13.061344835425098, 50.162821675649504, 55.76057450954344, 64.04133164790267, 72.62856484525987, 79.18882989094807, 73.61345780971686, 65.12976514688754, 56.723188637821444, 18.629399286186256, 15.58205649879479, 15.82832229090086, 19.951074606762464, 26.498135398338444, 23.680402795737194, 16.00152287904139, 10.238504797229137, 8.52455465296886, 14.894530398639798, 51.90687782069841, 60.15199868219094, 68.6109067132439, 76.14039509412821, 81.4733800117084, 79.45374037337872, 73.96742044508156, 66.49820153190092, 59.09049480142252, 54.01905664188357, 24.11710946761427, 31.23585628867547, 40.60194106687187, 42.99682932722526, 52.454773651663025, 58.16960828565199, 63.53271225791976, 66.14896809291739, 63.51286896465684, 54.73217007759965, 45.43857802139853, 41.1123895828372, 68.11149237488164, 65.44025473554638, 65.83916940622943, 71.24943379477328, 72.86238783702495, 78.04582735706585, 86.91074351411763, 87.17240042379669, 85.55734437105363, 82.88829926372424, 78.80843615129253, 73.94761018774602, 69.01297220199783, 69.88879912620712, 74.25918632040897, 77.86730829125224, 83.91216785128115, 78.65561706089112, 75.0500059538261, 70.29338090812655, 52.30520929818167, 60.78562766333457, 76.01140046770779, 93.73049620480188, 89.3960464517598, 94.6809428306955, 104.02360902186531, 109.34617268690037, 121.19445517866491, 124.62589522683302, 128.04210303441653, 126.71014226267829, 110.97166370396916, 106.12087906094722, 99.75720307524985], [15.879222505870146, 7.80406664071585, 0.0, 12.789311408495339, 9.909337296071014, 12.069531572372806, 17.943335238510308, 57.308968911115, 63.16464508691537, 71.56015014632882, 79.98935652394468, 86.20993454550998, 80.7335816207844, 72.30454052860185, 63.84652608056001, 25.678718561789818, 20.260584086169796, 16.570103154913518, 16.884197773912447, 21.32843577484113, 17.694792870087404, 11.848286071066694, 10.8478523310011, 14.682933344638494, 22.55028109831008, 59.68368974926877, 67.88653102994137, 76.24010757052325, 83.60470551062873, 88.79565430053995, 86.88309945254156, 81.53151250088177, 74.14540936643004, 66.7583876524921, 61.72840359611052, 31.612415719126112, 37.40378948911087, 45.386250624425045, 46.07486463018345, 55.48744773560223, 61.91387133777688, 67.90934731386295, 71.09951754242938, 69.1902949153718, 60.84817566419727, 52.43422213619004, 48.72047475312437, 68.49600738543234, 67.18069307011451, 68.57584966664625, 74.61939025651775, 76.86865647122102, 82.22312070489123, 91.15682525687495, 90.88168051494972, 88.7650395679047, 85.44436205424714, 80.64664015145661, 75.24801327341716, 70.04425276321756, 72.30925057550705, 77.37006603301491, 81.55804467275385, 87.95075358671008, 82.28460575299181, 78.09802399954066, 72.54295462761827, 47.166656108266515, 54.95315392352837, 70.72363763473811, 89.41407452846467, 85.57039154453237, 92.05095844957776, 102.50165459549125, 110.7910754134775, 124.07802737560762, 128.121823130131, 131.9279919472964, 130.82246558780884, 116.45492660457529, 112.0764850025052, 106.31873365660057], [25.70803820978816, 19.65649344853412, 12.789311408495339, 0.0, 9.216546968384902, 17.421507525596773, 24.572196727901574, 65.01909177012264, 71.60618913216994, 80.36375670135943, 88.12866706082121, 93.2146748516629, 88.04083080546384, 79.88023845757716, 71.38344743738516, 38.174786169090005, 32.68894523579043, 27.26229200587863, 23.37629105530963, 21.864206021253047, 17.61717264693983, 19.041951725791765, 22.642322345888218, 27.33192515292262, 34.45535838026393, 70.18036140495596, 78.12966794773354, 86.1010434164245, 92.84177975995739, 97.40778106616357, 95.594626969461, 90.73222476567774, 83.6311772450237, 76.31748076914202, 71.53412861295752, 41.80882157933869, 45.93026282340533, 52.045753960159836, 49.18367179261722, 58.01082929115298, 65.73554528815284, 72.34202420901633, 75.46567273198175, 74.38573749776438, 68.64438579628208, 61.06589202993219, 58.343524930053874, 65.98844919616546, 67.29541432975809, 70.3798921386451, 77.0676142594025, 80.03061526355103, 85.15121853940221, 93.34875458838728, 92.61903359789315, 90.01434648223542, 85.84936849267238, 80.25464985530543, 74.13017252033957, 68.53702462928692, 73.25085142006427, 79.13535599386593, 83.85382670171305, 90.11419093317406, 84.43288209753476, 79.69968629393306, 73.14865451159018, 42.19576691381122, 44.06626070644134, 58.50133310391256, 77.77044951100686, 74.76235679760191, 83.14565076833897, 95.00357994473016, 108.54523805381224, 122.68040224413899, 127.43538585626042, 131.5879850812116, 130.8912500651418, 119.4187980760612, 116.59853695995496, 113.2374365650175], [19.24415575727959, 14.354437906363943, 9.909337296071014, 9.216546968384902, 0.0, 8.871826117092695, 16.992877356681475, 58.04524307462597, 64.80108028783202, 73.61280610487071, 81.471219409968, 86.76416259422689, 81.15909053525385, 72.75040701193124, 64.31849109450341, 32.54418127534169, 29.255700927899046, 26.476326209494, 25.87049987150372, 27.746167445513965, 23.539323090383544, 20.756767618255424, 20.609642518443493, 22.601760733975418, 28.160232027843968, 63.46000350586233, 71.59819700203393, 79.94793299436783, 87.05365511500142, 91.7708780949301, 89.54479941211538, 84.42103575535769, 77.03771020907539, 69.57061470916763, 64.71120734996705, 33.96381772479937, 36.94603811263207, 42.836530520577355, 40.53184623888532, 49.5866145180343, 56.97610097864025, 63.483486962718224, 66.85284704941765, 65.93286245897973, 59.524315572593075, 52.485086667814365, 50.70180899114517, 59.89611812617126, 59.84619542072785, 62.25285905319391, 68.75016696432596, 71.54837185838052, 76.84055929996457, 85.54851240256656, 84.75812092758224, 82.23233115300958, 78.35986422159286, 73.08521673836036, 67.29930849737377, 61.88863262149159, 65.46650204963227, 71.06892337421502, 75.67729535043766, 82.18001824282764, 76.31054143800691, 71.69752834702224, 65.50390414769302, 50.52824868431248, 52.268365786816034, 64.21217063048611, 81.54153516037043, 76.30299537046552, 82.22024626469813, 92.7641406239857, 102.46402402567426, 116.91831511779132, 121.79369621605775, 126.78377973733281, 126.64530997321823, 114.14809390673442, 112.16777041857554, 109.05580634355081], [11.992458380059073, 10.784030758744617, 12.069531572372806, 17.421507525596773, 8.871826117092695, 0.0, 8.543117327012778, 49.49412356973828, 56.24195243816511, 65.04562567888198, 72.96300383638682, 78.46155723043012, 72.66873064046155, 64.15277333937144, 55.75072407657578, 26.509764005338806, 25.993929184114375, 26.23963960044229, 28.54092062334854, 32.673478706887444, 29.014194679653063, 23.79743976370578, 20.245883400433133, 18.484612904903717, 21.30583748203588, 55.06451165750445, 63.21506580782481, 71.68117764698673, 78.91995935894761, 83.69800873457879, 81.26275707774653, 76.02508747231713, 68.53850934988074, 61.026771706576305, 56.167533076155536, 25.37876522124077, 28.651638921987985, 35.73216104249765, 34.89117492431744, 44.18670047045198, 50.962939043910936, 56.87440195927319, 59.6422958478617, 58.05578353837668, 51.44166029180098, 43.71863405145661, 41.91411915427594, 57.84370258680886, 56.11033888055081, 57.3826822553058, 63.22415483915298, 65.35149812226956, 70.49050469279575, 79.19082943453805, 78.95386646723583, 76.9610631788348, 73.79850661495581, 69.33227497219177, 64.15301576366258, 59.02989252614113, 60.97440574306048, 65.83543915611799, 69.83482999391528, 76.00837998719437, 70.53815394096465, 66.5369698325226, 61.20829256583474, 56.345948140266756, 58.95142505683442, 70.09947837984524, 86.04413730025638, 80.02265247141852, 84.25419739921287, 93.34280854023564, 99.32153828645521, 112.27485893468777, 116.56603571790602, 121.34293793692002, 121.11992661815376, 107.22694682401902, 105.16709412206878, 101.85681117141459], [7.68631890575905, 13.061344835425098, 17.943335238510308, 24.572196727901574, 16.992877356681475, 8.543117327012778, 0.0, 41.07824848069964, 47.84132643263784, 56.693891466648516, 64.51247314837981, 69.98703903669032, 64.28057276416993, 55.83072125463507, 47.38617603950112, 23.35625477810762, 25.71179968984441, 28.349890219444603, 32.297942830965134, 37.30895692681666, 34.323294937187335, 28.444758758639114, 23.222755254856946, 18.405505474620384, 17.35119582587301, 47.41015165166179, 55.34856165289446, 63.61510280400437, 70.65970876843822, 75.2984473005115, 72.84386569453024, 67.71696370016703, 60.33739752322493, 52.88289112787418, 48.14761617220926, 18.857753327724435, 23.907565372293536, 32.89909346747453, 33.37875566700997, 42.44233486247174, 48.57519769169297, 53.51324865638424, 54.84467601336118, 51.999179321692104, 46.383798447441926, 36.95699526773849, 34.23607936111755, 58.56486652779036, 55.67109115697235, 55.90758239789094, 60.81584581010634, 62.00503051657092, 66.60550128711785, 74.61820975933112, 75.35333431633421, 74.16227067701898, 71.85456607259154, 68.39743404749159, 63.86828419999599, 59.04372703581904, 59.6310920213576, 63.551449308912495, 66.62700962043557, 71.90847033055059, 67.37154871033813, 64.28447876828795, 60.01340091467052, 60.211976242287385, 63.26069529696888, 74.09700226427854, 88.99800490893315, 83.21191077685863, 86.65804866066327, 94.52184015357655, 98.06230477333295, 108.28048722099328, 111.5715466817947, 115.36763611559331, 114.63116607982994, 99.56871295462702, 96.97822872228079, 93.57296860557008], [41.51362737363413, 50.162821675649504, 57.308968911115, 65.01909177012264, 58.04524307462597, 49.49412356973828, 41.07824848069964, 0.0, 8.430459076806791, 17.329141086699337, 23.736207353602513, 29.558367509188052, 23.465304737584916, 15.09740938894584, 6.659760215369319, 42.45669805790743, 51.881005432358435, 59.49540730881822, 66.42323250171906, 72.98003986093484, 71.49433739001647, 64.65416490274482, 57.32876071737222, 48.91877378403258, 39.75293157739319, 20.697450270235343, 23.57930195718934, 29.08733812059335, 34.385374640520844, 37.752678910737565, 34.09244847325778, 29.63703982450152, 23.277763171152532, 17.41500891508029, 15.91319508024991, 29.584514417032672, 33.12367126798482, 41.23035157672427, 46.95682191635659, 50.6264250718052, 50.9358104667005, 49.21156158305542, 42.596642193879326, 32.73553729722219, 35.191424929910724, 21.097016354484182, 15.356275547828677, 72.77423264830837, 65.088557439158, 60.38329913391617, 59.520171919104136, 55.61329785006745, 56.45799319432982, 59.759291730033716, 65.4704854955149, 68.5984499562728, 71.09024377786548, 73.0335160957081, 72.44918010868605, 70.09334262651439, 63.99532282432314, 62.4288524441074, 60.176149862823124, 59.9931450283502, 61.02443409888922, 63.20334041983217, 65.05169034960565, 92.56950891231212, 96.30732430023706, 104.2883968679507, 113.8490928578467, 107.71253317746879, 106.50368760545535, 108.25696998575926, 97.95089820637045, 94.96363412932782, 93.05383721305135, 92.55018870073357, 89.86806674435637, 66.98787382726061, 62.51337069111987, 59.10564886741119], [47.30751237357899, 55.76057450954344, 63.16464508691537, 71.60618913216994, 64.80108028783202, 56.24195243816511, 47.84132643263784, 8.430459076806791, 0.0, 9.137925100635101, 16.957370795722607, 24.971050707308454, 19.252642165014883, 11.941395461515373, 7.5724538110978274, 45.80770486245041, 55.43070295582205, 63.50399023293416, 70.8586336755858, 77.83345326392369, 76.69030932101144, 69.5566811951823, 62.00860925861942, 53.48056612932811, 44.09621126330539, 16.26060417097142, 16.435377626821815, 20.87132253974867, 26.250184739751184, 30.084090589679477, 26.24275953977022, 21.32243723688104, 14.883380362745857, 9.73785151769085, 10.29505778456022, 34.68128625323124, 38.990178757432965, 47.24824864587729, 54.301764944639494, 57.747608323699815, 57.171198180400545, 54.75651768833747, 47.93804033187209, 37.697959312731655, 38.98334571462034, 25.445933536905915, 18.408261573571227, 80.5659477380725, 72.30805939196328, 67.02006468555638, 65.584564926076, 61.17316407869447, 61.707853924163565, 64.5828429396297, 70.77760485183084, 74.37097551200368, 77.44539925903703, 79.90354845832253, 79.73399481871643, 77.64816000158771, 70.77187636343207, 68.6378568063822, 65.85823145479479, 65.18349758828965, 66.73323526474566, 69.44201536023611, 71.93224226671529, 97.2488486414482, 102.73792979591941, 111.79369668291564, 121.64437736496372, 115.97722759167947, 114.79006281918247, 116.22483662973819, 104.37326849602584, 99.7345767052026, 96.79614985883708, 95.01660983021661, 91.46608996974456, 66.43034570936629, 59.404736091389296, 53.1770191676642], [55.74955857185039, 64.04133164790267, 71.56015014632882, 80.36375670135943, 73.61280610487071, 65.04562567888198, 56.693891466648516, 17.329141086699337, 9.137925100635101, 0.0, 9.821098459636016, 20.2113364215249, 15.464652150392325, 11.868452837975173, 13.902293723130548, 52.72220063175335, 62.42272900516064, 70.7771103354167, 78.39449692391952, 85.61606502897853, 84.69165162191833, 77.38723865953597, 69.71340277146807, 61.15063350109059, 51.694744654496034, 18.051082223681938, 13.568867227764374, 14.280170622907558, 18.67229886120531, 22.509704463310978, 17.98028744221076, 12.693334000652706, 7.267525024293896, 7.706116669624527, 12.385628261479715, 42.648077467862926, 46.71228812253726, 54.393954252396995, 62.156765554794156, 64.99778148721882, 63.489980938620505, 60.20482731809344, 52.881605849036866, 42.41546112237411, 43.79494868961722, 31.867749720195906, 25.629312588762776, 88.12313053749659, 79.3026084575156, 73.41294669538624, 71.19876419159071, 66.17798546515611, 66.15590297575409, 68.23410486826131, 75.01257066171313, 79.19874268986327, 82.99196752767303, 86.16464269213509, 86.56858958781909, 84.87627890625333, 77.14689116148519, 74.27045068119907, 70.78171184878859, 69.32698376860982, 71.65707979234006, 75.07557445862719, 78.39780541456182, 104.74320161249011, 111.14270932868159, 120.48371221913702, 130.0505912679641, 124.51034161665437, 122.89532862500666, 123.63229264067085, 109.61355984835896, 102.8811542203161, 98.8375311118347, 95.92885466894676, 91.74387382771202, 64.66704347795189, 55.84505830606819, 47.559317743159994], [64.16201864603408, 72.62856484525987, 79.98935652394468, 88.12866706082121, 81.471219409968, 72.96300383638682, 64.51247314837981, 23.736207353602513, 16.957370795722607, 9.821098459636016, 0.0, 11.11150483975839, 8.666751504010083, 12.057307568417666, 18.400236425000465, 62.196091230474636, 71.76639460330924, 79.88142049963561, 87.19888390578004, 94.00902118986447, 93.08462588723482, 86.16761527188936, 78.70503915676403, 70.23177609428714, 60.86610490701729, 27.75704139166422, 22.11147115908403, 18.815725573139638, 18.158381732242113, 18.497516637209742, 13.415225920894102, 12.141800163521264, 13.313325041905454, 17.33270078404955, 22.204847042334695, 51.505142257660935, 54.705516378087324, 61.32037789249835, 67.99894809523435, 69.83189330187018, 68.00906003250259, 63.88751868748438, 55.098311841283206, 44.31269685910837, 49.392619504890824, 39.05593728217264, 34.545340775638046, 91.78500875304998, 83.12025368838576, 77.09751288360867, 74.02359721646783, 68.36567426568035, 67.20089405321046, 67.25168280107914, 75.03874384121129, 80.04772234079856, 84.56576642445218, 88.61544055984476, 89.59184557833146, 88.28991553873652, 80.3223153755706, 76.68341213113108, 72.26451629076745, 69.22438324688125, 73.04985737954772, 77.38992175454702, 81.53729174887418, 112.03127616569057, 117.03247753934883, 125.00205050353746, 133.11862357468314, 127.67950494439674, 125.40708562797593, 125.00375152473926, 109.57023448241475, 99.20093573887752, 93.74306655566866, 89.35444393876344, 84.64165071366257, 56.35857162472458, 47.71305414545066, 41.83498070419723], [70.54099862386872, 79.18882989094807, 86.20993454550998, 93.2146748516629, 86.76416259422689, 78.46155723043012, 69.98703903669032, 29.558367509188052, 24.971050707308454, 20.2113364215249, 11.11150483975839, 0.0, 8.035160530704353, 16.574366465968527, 23.613706144086915, 70.59785184620875, 79.88187686869574, 87.48943411185918, 94.22711028502874, 100.31356125270635, 99.29344279689667, 93.038855107107, 85.98244121458293, 77.72279832973973, 68.61089721762269, 38.20282711019489, 33.03804458933296, 29.05737811836125, 25.672383924444688, 22.55235596250026, 18.936954414429184, 21.39185282981147, 24.304202670517068, 27.890483123876034, 32.3491285574192, 58.933219288171095, 61.342468886412874, 66.96975880373864, 71.75225209730071, 72.6476537106585, 71.07229149463696, 66.49582534941892, 56.213437635981066, 45.414937339566954, 55.026918076761945, 45.81352154292535, 42.72985964336041, 92.47397939780143, 84.55507225559424, 78.86149179431138, 75.19904508371336, 69.16770881394831, 66.79153047919678, 64.38962481111022, 73.1769268976659, 78.89903926095745, 83.8773827430792, 88.60901231909665, 89.95461764084585, 88.91850953464682, 81.35126862326698, 77.23046542837768, 72.06307405499449, 67.30424750883758, 72.70684454020731, 77.78692379321053, 82.4336280333725, 116.87983389059387, 119.46302123733071, 125.38681999433048, 131.64861659882501, 126.42214431717147, 123.63448803341346, 122.13159898571762, 106.51626113791895, 92.14740645318443, 85.27536615754042, 79.2124604276704, 74.01044771067038, 45.29097486587477, 38.56144638424825, 39.10579193858661], [64.9606468176987, 73.61345780971686, 80.7335816207844, 88.04083080546384, 81.15909053525385, 72.66873064046155, 64.28057276416993, 23.465304737584916, 19.252642165014883, 15.464652150392325, 8.666751504010083, 8.035160530704353, 0.0, 9.075272094991586, 17.04182840098893, 64.8420954593551, 74.49397819152558, 82.3675400768077, 89.38487422798023, 95.82180011799463, 94.56102259535676, 87.89894196734694, 80.56984776335878, 72.1082081123198, 62.77635453197602, 32.938315348041584, 28.86993081829691, 27.16767085526638, 26.658494492850664, 25.87667400534184, 21.14879285635764, 20.774100413476923, 20.911047625268083, 22.971362196675692, 26.926343632104693, 52.45769532200593, 54.03374741705051, 59.28990057914366, 64.57224077416925, 65.47992629217752, 63.618159308104644, 59.07792215989439, 49.26169577145876, 38.42229244482346, 47.014599492865884, 38.07853964195615, 35.950098225787, 86.25164828215884, 77.7972394988499, 71.84150202024493, 68.30541514582048, 62.38007223061742, 60.52830477494793, 59.477496289934216, 67.69170456033453, 73.04613570194782, 77.84009624814298, 82.33211902385973, 83.62999424475355, 82.59408696444362, 74.62084924411771, 70.60381099077469, 65.72396584831553, 61.83502682299889, 66.43689177124843, 71.22764263860985, 75.7776593111455, 113.79572753736947, 116.4641758180892, 122.37064964863805, 129.03819945323062, 122.7683663037458, 119.48350120169857, 118.23356729047292, 101.8585776316919, 90.57371562673855, 85.18473855035177, 81.6339684585291, 77.90583869658755, 50.41981611166956, 46.20291108054662, 45.969712115589004], [56.50624299988078, 65.12976514688754, 72.30454052860185, 79.88023845757716, 72.75040701193124, 64.15277333937144, 55.83072125463507, 15.09740938894584, 11.941395461515373, 11.868452837975173, 12.057307568417666, 16.574366465968527, 9.075272094991586, 0.0, 8.522047232704473, 56.417583786752246, 66.22667495270898, 74.19596964818197, 81.35047133448752, 88.00850131032789, 86.57903694957861, 79.65413934684578, 72.17880023459222, 63.62604651255086, 54.21256702755077, 26.472252056906022, 24.509818996818293, 25.988894761318747, 28.580767241251134, 30.038655358147725, 25.21995679020551, 22.276024202416803, 18.821287158138173, 17.7640727834498, 20.38918596135152, 43.56181323914589, 44.99137592518238, 50.642283868799964, 56.41928198220068, 57.964111739318774, 56.39594723357435, 52.49635603843316, 43.64287354102811, 32.78618609613157, 39.3131673344781, 29.243231071323585, 27.133033923314567, 79.73872226895419, 71.11266019430258, 65.25611554627685, 62.41621333264934, 57.002183575635726, 56.13757463616922, 57.0080871884373, 64.28916235304351, 68.8929513065242, 73.0294989812196, 76.7761194536513, 77.59620796075298, 76.24065012027637, 68.4323576722221, 65.04665480905975, 60.95714012841933, 58.503491366663276, 61.751409889607736, 65.75293128415233, 69.61732781955065, 107.06632275328293, 110.08246798241713, 116.5001177058413, 124.081996413416, 117.3214358098396, 114.28584655583114, 113.90507985109821, 98.6122903447579, 91.04181378173232, 87.28967151066982, 85.70258820167821, 82.88139294680408, 57.12777633488263, 53.62383915090084, 52.050691168043805], [48.071457878923006, 56.723188637821444, 63.84652608056001, 71.38344743738516, 64.31849109450341, 55.75072407657578, 47.38617603950112, 6.659760215369319, 7.5724538110978274, 13.902293723130548, 18.400236425000465, 23.613706144086915, 17.04182840098893, 8.522047232704473, 0.0, 48.735321259269945, 58.34177900199963, 66.0863350189882, 73.07544495640715, 79.62490314928677, 78.13395527359525, 71.29724551825522, 63.92822040385588, 55.4631489597294, 46.194029215564, 22.88687625341259, 23.582109987818498, 27.502463902318482, 31.738597490835573, 34.30329374466162, 30.130091114082695, 26.236510011328132, 20.830512214053428, 16.68256818411416, 17.128690110795453, 35.676464079073455, 37.94797210539603, 44.745451394731035, 50.350477377619114, 52.95194431305141, 52.41733172290314, 49.65797756464185, 41.8387211684096, 31.305927498226804, 36.11037339857374, 23.790423492886738, 20.2390327898868, 74.92095324018419, 66.80984183853717, 61.57587960361536, 59.786963101681, 55.16250837516233, 55.20795664173429, 57.40299148058952, 63.85931475848571, 67.66842413534063, 70.90556844420355, 73.68767647586368, 73.74729100333518, 71.84774980381616, 64.96652721095863, 62.55389973924749, 59.44138817362748, 58.20261963753777, 60.26528251257564, 63.29470100451702, 66.0785138097918, 98.92416930991233, 102.07537574284076, 109.12960110037845, 117.65634065044387, 111.16150896735583, 109.04505715752322, 109.77938471406846, 97.22789186460626, 92.20344346667426, 89.53712083068794, 88.65790326110884, 85.9933784005665, 62.00641349896187, 58.23007565271778, 55.9526525794928], [16.48299624612024, 18.629399286186256, 25.678718561789818, 38.174786169090005, 32.54418127534169, 26.509764005338806, 23.35625477810762, 42.45669805790743, 45.80770486245041, 52.72220063175335, 62.196091230474636, 70.59785184620875, 64.8420954593551, 56.417583786752246, 48.735321259269945, 0.0, 10.808554097863416, 20.246285446346796, 29.353656543958866, 38.79552421752692, 37.531542107670354, 28.003130200141303, 19.353607817422077, 11.203088869964658, 6.149898498832806, 37.50913923108562, 45.888008820860165, 54.76316076346129, 63.236888386217906, 69.57957703743533, 67.49265249959593, 61.2867618555928, 53.58964907804766, 46.42642294202288, 41.12987748309636, 16.601836558261045, 27.434901565668902, 39.29353968291991, 47.38457897848338, 56.200517884854214, 59.19995227227999, 62.77996439407092, 64.75434023616165, 60.49776160952331, 48.21677176704151, 37.33439343919414, 30.338911161046305, 77.22022172955276, 71.40861068091617, 69.30952111188536, 73.13513568952347, 73.30370368609141, 78.3051672271267, 87.48344789266513, 88.70791576636275, 88.10315236039163, 86.94984068724183, 84.39273055249889, 80.86645543972928, 76.76940597131272, 74.22782054520252, 76.9207122783668, 79.26945857709178, 84.84949202993506, 80.23006475360127, 77.89172007724531, 75.07850714416863, 64.53662106437835, 77.52541969406457, 93.81879389362554, 110.89470916498539, 106.09748457744836, 109.53779240655567, 117.082311911883, 115.87874238257776, 125.45233279986948, 127.51481672815999, 129.95132273841926, 127.83984834343555, 108.04437471690349, 100.57331383273282, 90.27965524845096], [18.353449086905435, 15.58205649879479, 20.260584086169796, 32.68894523579043, 29.255700927899046, 25.993929184114375, 25.71179968984441, 51.881005432358435, 55.43070295582205, 62.42272900516064, 71.76639460330924, 79.88187686869574, 74.49397819152558, 66.22667495270898, 58.34177900199963, 10.808554097863416, 0.0, 9.726694182696503, 19.159915593667392, 29.070637900986103, 28.237630353777575, 18.629006294643464, 10.787040699403752, 7.623552672194636, 13.353942837798956, 47.35563350998564, 55.43079810005672, 63.82174896763909, 71.88201667046792, 78.08984472440405, 76.47598905029673, 70.55124807967071, 63.1771458216687, 56.19916275677798, 51.02017023048204, 26.04780659493572, 35.996644797393685, 46.93703302147853, 53.321294137403015, 62.59568980287837, 66.58370470212814, 71.0060237341447, 73.56990009209174, 69.84529536008604, 57.98283572937808, 47.6383614617994, 40.76620060130171, 81.27941263967759, 76.88566692964699, 75.86799242477692, 80.50914233102223, 81.36839900553028, 86.61521643224826, 95.87432965340855, 96.66883863041143, 95.5640271872499, 93.69265935370866, 90.29940399987322, 86.08138100402358, 81.56398767657926, 80.55919834209358, 84.08821354378642, 87.09787976676503, 93.0552228178914, 88.00776540097763, 85.00901796897531, 81.23606227555635, 55.3484550254064, 70.7717304694001, 89.38836367652351, 108.23231131862364, 104.83909106153592, 110.19712418367044, 119.21325825146317, 121.7502148344487, 132.4837621669578, 134.91653765438753, 137.09726107497406, 134.68069036669172, 116.0477401941661, 107.90236950342057, 97.20790438205331], [21.93948168451885, 15.82832229090086, 16.570103154913518, 27.26229200587863, 26.476326209494, 26.23963960044229, 28.349890219444603, 59.49540730881822, 63.50399023293416, 70.7771103354167, 79.88142049963561, 87.48943411185918, 82.3675400768077, 74.19596964818197, 66.0863350189882, 20.246285446346796, 9.726694182696503, 0.0, 9.520413408236271, 19.65597777593798, 19.122619832504405, 9.993277017555249, 6.368061629010904, 12.257465977026493, 21.27693894177088, 56.366371407691986, 64.27585990702076, 72.32435371670833, 79.9499804496866, 85.86251568947677, 84.53595350871103, 78.92079644751456, 71.77299795639651, 64.84266038879069, 59.76139799420847, 33.92664090856251, 43.09534228704102, 53.19991473911822, 57.678233107654094, 67.15718428579645, 72.10783923662895, 77.21248510500268, 80.07771987830753, 76.8332811332427, 65.93114713235487, 55.94275268316359, 49.40784179955602, 83.32124819352748, 80.40146314869435, 80.44460724443952, 85.75184264264698, 87.19850658317237, 92.54323268204985, 101.67514598172133, 102.12043702928618, 100.599994314481, 98.08377589069377, 93.98767171459195, 89.1640810808266, 84.28601344796594, 84.80044181927204, 89.04539122720739, 92.58588385074286, 98.7375269697538, 93.43112267798288, 89.89766412607118, 85.29161865991621, 46.49783951607525, 63.18443562919278, 83.4274747313329, 103.594695573473, 101.46778920014106, 108.54344212280121, 118.81022081766605, 124.995104234226, 136.59733436521543, 139.41805743141558, 141.4872217222879, 138.95812764027093, 121.80370559844295, 113.67500219169413, 103.50925741449237], [27.251864299112036, 19.951074606762464, 16.884197773912447, 23.37629105530963, 25.87049987150372, 28.54092062334854, 32.297942830965134, 66.42323250171906, 70.8586336755858, 78.39449692391952, 87.19888390578004, 94.22711028502874, 89.38487422798023, 81.35047133448752, 73.07544495640715, 29.353656543958866, 19.159915593667392, 9.520413408236271, 0.0, 10.268285860146714, 10.342139754423643, 5.617496164141193, 11.743653122058996, 20.008465359980534, 29.449127436721465, 64.79219402811964, 72.53702491472936, 80.25350690879927, 87.41881478013207, 92.97634901939328, 91.89282520109809, 86.61304936364803, 79.69496188891351, 72.81324215417798, 67.84988040011491, 41.635225886873314, 50.209015990623605, 59.60551836382625, 62.23635203955294, 71.7267894880169, 77.539706680194, 83.14945562229995, 86.07071295725018, 83.18212419894762, 73.51080725198716, 63.707500895966604, 57.43155766530971, 85.30790735586771, 83.87215922140192, 84.90659828489493, 90.72297560819798, 92.63224283791533, 97.94472868507583, 106.75703154016836, 106.97166657237378, 105.14182330637873, 102.08124999550438, 97.42088401566963, 92.08149644793144, 86.90050705900792, 88.86553986249557, 93.69119839527333, 97.62065499706615, 103.78567391356947, 98.39464605737653, 94.4651092730946, 89.17142663023185, 37.67341949364671, 55.20263868704358, 76.9646937900516, 98.30266972405028, 97.60301789907827, 106.42531626263674, 117.82140017805393, 127.64686480656134, 139.7091063611002, 142.81663936186263, 144.67973121438376, 142.0324719888395, 126.45374959338483, 118.492537572583, 109.13975544028902], [33.71172395919316, 26.498135398338444, 21.32843577484113, 21.864206021253047, 27.746167445513965, 32.673478706887444, 37.30895692681666, 72.98003986093484, 77.83345326392369, 85.61606502897853, 94.00902118986447, 100.31356125270635, 95.82180011799463, 88.00850131032789, 79.62490314928677, 38.79552421752692, 29.070637900986103, 19.65597777593798, 10.268285860146714, 0.0, 4.6438254663399015, 12.451876501932471, 20.710696144383967, 28.85907548770774, 38.078488793435824, 73.08501258845949, 80.61007770312435, 87.92964986168434, 94.53473141165048, 99.6321338364506, 98.79268313025118, 93.92720279331051, 87.29594932832472, 80.49755511514526, 75.70362789237402, 49.5762642521682, 57.69999012279001, 66.5027040796981, 67.23802520992331, 76.57407827362722, 83.21739604126476, 89.18393827911412, 91.88607990581632, 89.23093768419633, 81.19908177426726, 71.41516016468124, 65.32862657709043, 87.38710134948239, 87.53390677000675, 89.54373250195434, 95.73317116677927, 97.99453607912992, 103.12258768913784, 111.35603363548036, 111.47535654879144, 109.44446544720759, 105.92061369337642, 100.8210631333901, 95.03086372486345, 89.58430038617823, 93.01618921594874, 98.31088020760302, 102.49258869312817, 108.45430527643597, 103.18298172183457, 98.990378522586, 93.12550717348725, 28.182142194897487, 45.939302005666235, 69.31559390082727, 91.75019752395318, 92.864257194777, 103.63153004577265, 116.08536205694803, 129.82621000592135, 141.8236570161128, 145.08792040779932, 146.55525934331558, 143.732467469098, 129.97033793845043, 122.2955554312073, 114.09779258072759], [31.29936338142584, 23.680402795737194, 17.694792870087404, 17.61717264693983, 23.539323090383544, 29.014194679653063, 34.323294937187335, 71.49433739001647, 76.69030932101144, 84.69165162191833, 93.08462588723482, 99.29344279689667, 94.56102259535676, 86.57903694957861, 78.13395527359525, 37.531542107670354, 28.237630353777575, 19.122619832504405, 10.342139754423643, 4.6438254663399015, 0.0, 10.223554790387979, 18.762040686506943, 26.99660281631096, 36.329449038150095, 72.31586419327185, 80.05095489510781, 87.65080506091086, 94.4405418954232, 99.5429177035155, 98.44959777221358, 93.47489318581755, 86.64165660232901, 79.66560617404659, 74.79416634369693, 47.397425532412576, 54.73050990423357, 63.0034622925961, 63.2992211547003, 72.59690496894967, 79.36604034229822, 85.51891639000257, 88.52755157953221, 86.27606042935459, 78.24142081159059, 69.02127728851967, 63.653628299545694, 83.03437508037, 83.28184963264437, 85.45272539640442, 91.79331732451725, 94.2514051847274, 99.4903818502442, 107.92568742377046, 107.76497395085111, 105.54595541532827, 101.86063457003124, 96.60269492820305, 90.74457444922585, 85.2887578454058, 88.88143307058635, 94.32967581332953, 98.69607520721212, 104.87919594896665, 99.37529808226306, 95.00026576927416, 88.96622341077114, 31.16868200916276, 45.75015066637627, 67.57287556664677, 89.5428130076494, 89.64901944392417, 99.84988131678486, 112.23096119827615, 125.6990466823497, 138.54276681762593, 142.2240910901921, 144.43259561517308, 142.13306423810138, 128.6738628726552, 122.00383128567658, 114.6229217461369], [24.10413656848749, 16.00152287904139, 11.848286071066694, 19.041951725791765, 20.756767618255424, 23.79743976370578, 28.444758758639114, 64.65416490274482, 69.5566811951823, 77.38723865953597, 86.16761527188936, 93.038855107107, 87.89894196734694, 79.65413934684578, 71.29724551825522, 28.003130200141303, 18.629006294643464, 9.993277017555249, 5.617496164141193, 12.451876501932471, 10.223554790387979, 0.0, 8.81780729294494, 17.572104196143954, 27.300780937933332, 64.060151278081, 72.06838996051901, 80.12856604077767, 87.4972960739897, 93.0283926424262, 91.62478733077641, 86.22802585243697, 79.06379183881668, 71.95557887637175, 66.9006073259591, 38.899017305701655, 46.412835638276164, 55.16420265660818, 57.27669954383107, 66.75134478477092, 72.72522450487014, 78.57704021866977, 81.8829655406705, 79.50086766294606, 69.82978675386764, 60.74410708612654, 55.43993689317261, 79.97138866923044, 78.61257982066009, 79.82482464884914, 85.82874392562552, 87.97867929965021, 93.4326879151085, 102.49706235758177, 102.37118148664376, 100.31384094404716, 97.06073101843594, 92.21596847758255, 86.80175903069451, 81.61308871920272, 83.74198432718056, 88.75237278158124, 92.9079071251218, 99.34711822810597, 93.669210318426, 89.5169143811746, 84.02151831636914, 40.51218485155227, 54.91771191630205, 74.9079337554498, 95.61767728671839, 93.76051401932257, 101.863041629066, 113.12290957170566, 122.56588505762329, 135.6240253119867, 139.23310927010414, 141.98900684704347, 139.97757541099276, 124.82014584680006, 118.13233761705287, 109.88045412454687], [17.593282962956092, 10.238504797229137, 10.8478523310011, 22.642322345888218, 20.609642518443493, 20.245883400433133, 23.222755254856946, 57.32876071737222, 62.00860925861942, 69.71340277146807, 78.70503915676403, 85.98244121458293, 80.56984776335878, 72.17880023459222, 63.92822040385588, 19.353607817422077, 10.787040699403752, 6.368061629010904, 11.743653122058996, 20.710696144383967, 18.762040686506943, 8.81780729294494, 0.0, 8.964383598905671, 18.811380875130485, 55.92030317501905, 64.1035450806792, 72.47808160533133, 80.21571684222846, 85.98592718331363, 84.3178981506003, 78.65501535076774, 71.26994038001408, 64.07310026285644, 58.91633806765457, 30.70750056684604, 38.69036295917922, 48.1653925959452, 51.85735860785555, 61.36008686168341, 66.61748037867902, 72.01501835920277, 75.18957528201979, 72.47822242441997, 61.91095837578477, 52.62008497315288, 47.24381425265497, 77.03409273783419, 74.29930742128246, 74.60180079843407, 80.12769239242083, 81.83596944743333, 87.28691167805435, 96.58259128593212, 96.70214057704632, 94.95404790695154, 92.21369976337475, 87.92137203683126, 82.9895964888, 78.07177470074575, 78.8656427120143, 83.33013758591315, 87.10400998609906, 93.48147186066741, 87.92720850033812, 84.16245952296642, 79.31194941314575, 48.25969202825889, 61.734159873990905, 80.11734259948844, 99.55628643162594, 96.36338342965267, 102.76659134185874, 112.88303982037871, 118.93339413077426, 131.4184169563865, 134.75505776163408, 137.7122966369148, 135.84944176359215, 119.38490596817394, 112.76773547599073, 104.13017221400487], [11.476349164256202, 8.52455465296886, 14.682933344638494, 27.33192515292262, 22.601760733975418, 18.484612904903717, 18.405505474620384, 48.91877378403258, 53.48056612932811, 61.15063350109059, 70.23177609428714, 77.72279832973973, 72.1082081123198, 63.62604651255086, 55.4631489597294, 11.203088869964658, 7.623552672194636, 12.257465977026493, 20.008465359980534, 28.85907548770774, 26.99660281631096, 17.572104196143954, 8.964383598905671, 0.0, 9.855293265457505, 47.32682261866548, 55.64186181968316, 64.25146591337243, 72.21001166676236, 78.0679006125509, 76.13577955159322, 70.31502650496469, 62.76300249993466, 55.47160048164549, 50.26088412132037, 21.96406925475671, 30.945100094893892, 41.49987623056616, 46.59685200505008, 55.96992831455353, 60.546177340699394, 65.31087431010636, 67.92653109390747, 64.66218642817543, 53.88001679633336, 43.96019410380173, 38.33811718635643, 73.92696644453012, 69.94838658755471, 69.33766405807025, 74.22558994090397, 75.34057873406195, 80.58908751089032, 89.78220570723323, 90.351001954559, 89.0620142586278, 86.93576283844102, 83.35049001777865, 78.96233947415902, 74.33494664953261, 73.83465501438107, 77.62287246904827, 80.83638217534256, 86.86512429386767, 81.70741754579274, 78.50313372521055, 74.43144017802014, 55.417975438287506, 67.38919582891077, 84.05955618238175, 102.07011754229893, 97.8665354348191, 102.73557473966967, 111.61354625163627, 114.56233344317184, 125.80248205831916, 128.6946314126254, 131.610210121694, 129.81180274670183, 112.25268841015517, 105.83006126620452, 97.23982598449798], [10.848267167762044, 14.894530398639798, 22.55028109831008, 34.45535838026393, 28.160232027843968, 21.30583748203588, 17.35119582587301, 39.75293157739319, 44.09621126330539, 51.694744654496034, 60.86610490701729, 68.61089721762269, 62.77635453197602, 54.21256702755077, 46.194029215564, 6.149898498832806, 13.353942837798956, 21.27693894177088, 29.449127436721465, 38.078488793435824, 36.329449038150095, 27.300780937933332, 18.811380875130485, 9.855293265457505, 0.0, 37.92832864505882, 46.378737751640706, 55.24506136302333, 63.43086285926322, 69.36057541392371, 67.11092189426587, 61.12168937015693, 53.386461482880314, 45.99123513686889, 40.72912429522003, 12.805049803328881, 23.76084070983125, 35.73335243454062, 42.55957655385433, 51.48954724988066, 55.10509070682356, 58.92222839879467, 60.642840146394576, 56.55533070539489, 45.72739468348798, 34.74055787477558, 28.537711744949032, 71.8827103149867, 66.51758594966452, 64.78962986870452, 68.77706450016814, 69.08018104837797, 73.97456621755987, 82.88832908283503, 84.08758953783281, 83.42383248386601, 82.09910178375047, 79.4425734907772, 75.76496111856945, 71.54193037751547, 69.49439500798766, 72.36798691029439, 74.79846767186676, 80.26317859935422, 75.72054203506647, 73.29550715115005, 70.26563496540204, 63.5259676334664, 74.10546412970709, 89.05069954218443, 105.4817316047232, 100.37398177148093, 103.63854278874929, 111.08773705330017, 110.56840337233189, 120.08221061918842, 122.35922272565863, 125.09398340811588, 123.3068019466063, 104.45958323982467, 98.20391264374038, 89.68484766961572], [44.56594734923221, 51.90687782069841, 59.68368974926877, 70.18036140495596, 63.46000350586233, 55.06451165750445, 47.41015165166179, 20.697450270235343, 16.26060417097142, 18.051082223681938, 27.75704139166422, 38.20282711019489, 32.938315348041584, 26.472252056906022, 22.88687625341259, 37.50913923108562, 47.35563350998564, 56.366371407691986, 64.79219402811964, 73.08501258845949, 72.31586419327185, 64.060151278081, 55.92030317501905, 47.32682261866548, 37.92832864505882, 0.0, 8.748149712170342, 18.51939006223882, 27.936902332620367, 34.778381324060874, 31.68530505762752, 24.727580555848448, 16.723702762518176, 10.426891864721004, 6.178986286508574, 30.849216246003838, 37.39528114653305, 47.302417530773155, 57.56843428970144, 62.420041979504184, 61.39832174901122, 59.8855816585616, 56.04442407283106, 47.24741436496683, 40.35285880993406, 26.80311999173615, 16.360790028428273, 87.21712437695966, 78.2020432089673, 72.65426562856406, 72.10798244358288, 68.462124603