{
	"dissimilarities": [[0.0, 8.467545269718254, 15.875391285875157, 24.377594099558387, 17.04761053738837, 10.135441322232298, 5.739771812154644, 41.43400594020556, 46.2477656254924, 54.678243050281424, 62.971460307749666, 70.03276870906804, 63.55046172276439, 55.07460754656324, 46.62647079966045, 16.870156383095864, 15.429604264891855, 18.20526751586631, 23.520047696784864, 31.522928750627944, 27.84163991204014, 20.712720562261875, 13.843004942596245, 8.848478158940722, 12.03735333375747, 46.52558122496179, 55.08752438976492, 62.26380015682521, 70.32550027706623, 75.93113744519819, 73.96290267882638, 68.49327290119464, 61.49693826551899, 54.28036107286256, 47.99522754894375, 15.101877634696757, 22.950864365194533, 34.52448865709052, 38.82467623051667, 48.516672646881105, 53.55408770705768, 57.205727440127404, 59.91390143044833, 55.916665804591254, 45.27104135451035, 36.7806840544387, 32.01013033097179, 68.90518696926452, 62.743349534662066, 60.29598776437196, 64.94331804371849, 66.59462872873135, 71.72105709685229, 81.93436956069156, 87.29715550981126, 86.537777827881, 85.07534436966831, 81.19450439583423, 78.35843165809271, 69.0098817056865, 63.96161793265814, 67.62443222984996, 70.18443425111613, 77.87620782995494, 77.23223213897303, 74.87925398539689, 71.75818924776868, 53.120801960465414, 55.13566715195477, 67.0335696295585, 76.8901864272539, 90.60487268580958, 98.77169350280951, 106.43600279661516, 110.43280366628022, 125.4535385462709, 125.47729869366573, 120.44319129533167, 111.43371261099263, 108.07471116149706, 100.02319506084497, 95.61835478214576], [8.467545269718254, 0.0, 7.527771188856431, 17.399397016771584, 10.418921377006884, 6.672362625104394, 10.777397927711542, 49.89397269988011, 54.648224757537555, 63.040547782162726, 71.3756091394921, 78.49268802700597, 72.01427513024323, 63.53022821042371, 55.089521852771284, 20.96548907335963, 15.147579515500457, 13.418370146575963, 16.664719157839386, 24.375901454255963, 20.086332728130213, 12.852793397287842, 7.48401455173893, 9.24198336946713, 17.651868486848922, 54.3095261195541, 63.06042756816307, 70.27961543458771, 78.47205834401063, 84.13374919366422, 82.28014456704418, 76.76150529612734, 69.67821998852031, 62.45229427226053, 56.17053228073582, 22.660888902253987, 28.89486634275404, 38.78941229092728, 41.74602469620534, 51.75912967831767, 57.56739591318827, 62.09889554384604, 65.83849700817939, 62.77516485743119, 51.87528315366907, 44.25812524111998, 40.11472523849755, 70.21522034468339, 64.87459490111476, 63.50582789304484, 68.97341834718615, 71.37283550278312, 77.03638213378427, 87.48353745971053, 92.04766266252342, 90.66625987174639, 88.49815166408361, 83.81330360520045, 80.39958511154373, 71.18913828775013, 66.9664619663805, 71.58591430109989, 74.82952830589183, 83.04521919733067, 81.61876702172648, 78.61494346237876, 74.5921601101509, 47.564025749967776, 50.206773269301706, 63.48681627890021, 74.69921876203185, 88.98969085823978, 98.3288939260316, 107.18862532239508, 113.43350470799486, 130.65566734016335, 131.4415632150339, 127.0823843131964, 118.55548819154494, 115.68939997996031, 107.82083423482975, 103.20057551404513], [15.875391285875157, 7.527771188856431, 0.0, 11.303160390653094, 6.711573572430091, 9.739408115338476, 17.023462074960488, 57.24359563926588, 62.111200552166316, 70.52482829849033, 78.82601951926918, 85.77049714461268, 79.36748908205251, 70.91021143636057, 62.44749190361583, 27.386854714201647, 19.723180531681088, 14.149240757905844, 13.132161974820368, 18.689658822062512, 13.649588993920291, 8.231877100191, 8.944589124804391, 15.461096640608968, 24.7541285338071, 61.76666452159063, 70.52646940025824, 77.67311024323297, 85.79776129559421, 91.35141569361896, 89.60780623902194, 84.20056022751457, 77.16905016519544, 69.96652363111306, 63.69049012330415, 30.05637721997119, 35.22340045547865, 43.77761514811766, 45.11392943524641, 55.07773334003945, 61.63823303181967, 66.8429187592113, 71.15678634549423, 68.84744582592297, 58.25581554097342, 51.27589113009557, 47.599525112988985, 71.25348784577456, 66.91102079753254, 66.71060716579838, 72.820659110171, 75.79582905758254, 81.7345947419499, 92.07695346267951, 95.98812389403795, 94.13463074986952, 91.369212672476, 86.03733497613543, 82.07889756672543, 72.98176900962544, 69.77889991680385, 75.19670551689133, 78.97009332562047, 87.35092185773573, 85.29863034599018, 81.78566874440699, 76.96242617586617, 42.89140455635704, 45.215498281924944, 59.45389882160215, 71.80158620573546, 86.58440743589388, 97.0250943683292, 107.01358917234982, 115.62649082669677, 134.29321942465216, 135.7500431605385, 131.9878846548363, 123.94332317428979, 121.63041763679172, 114.14222904508138, 109.75579179742722], [24.377594099558387, 17.399397016771584, 11.303160390653094, 0.0, 8.511852161142071, 15.568345090831007, 23.28482492545952, 64.01556921330655, 69.58462355360818, 78.14244467762062, 86.12374826238164, 92.01028091040536, 85.94262990608426, 77.69121726642067, 69.20054280256929, 38.25628630941182, 30.848655837926632, 24.258956315691176, 19.641860080884474, 17.758347841354666, 13.24961583831482, 16.150288749776767, 20.18991344249083, 26.343938908352694, 34.97372586999215, 70.8546625309914, 79.20929375616114, 85.97682382487935, 93.41349778973232, 98.27809373020258, 96.65112953179187, 91.90672565420991, 85.35368165050575, 78.26397575899428, 72.01116259184653, 38.84723466751133, 42.50003645476201, 49.58018979589251, 47.22081101639511, 56.43428029171802, 64.50087862526871, 70.43987969013207, 74.57152113905212, 73.28320144497502, 64.7991723947533, 58.6204087398894, 55.839567154491085, 68.1571907518864, 65.90715993031012, 67.97232446511343, 74.77707509988137, 78.3036519310552, 84.0150325212079, 93.21106389648875, 96.40534533577137, 94.1815043130844, 90.71396887413626, 84.74949866778638, 79.94590071110159, 70.75279171349902, 69.83021436808791, 76.24033254690755, 80.53836466733763, 88.20287697764782, 85.47979486602082, 81.473621085572, 75.525633523934, 39.318216256779934, 35.41663486743839, 48.61502620596859, 61.742067246338586, 77.15127969367815, 88.98390819035197, 100.495420261346, 113.24925137408697, 132.11280762708992, 134.51473641298355, 131.6991403690509, 124.65824919865781, 123.71239197974245, 117.84150574512346, 115.57201781061136], [17.04761053738837, 10.418921377006884, 6.711573572430091, 8.511852161142071, 0.0, 7.562239050873292, 15.860141897778785, 56.938042706576546, 62.464618880291354, 70.99331210102838, 79.11659675260782, 85.38170407825872, 78.99157126049964, 70.61862821341637, 62.1701369558618, 31.016925747704608, 24.966275360923706, 20.653043669072073, 19.415272967803052, 22.413661777279522, 17.31312687370239, 14.644359889991268, 14.734012662950004, 19.275469958211964, 27.293423802397328, 63.41573812817331, 71.99870547981992, 79.14518726984602, 86.90914549289423, 92.10038801606575, 90.16249099959842, 85.0418041634044, 78.2077858675885, 70.95213523695735, 64.64580049543703, 30.82968522467463, 34.12266357328682, 41.55061866867452, 40.69043563063174, 50.35002574989684, 57.679093528167044, 63.27773132606559, 67.55594420826198, 65.95548890110807, 56.6383281401967, 50.475825397240314, 48.04864059010089, 65.07363545720467, 61.339101289286255, 62.02036318115663, 68.4372786113764, 71.67520447796487, 77.53447671756749, 87.44717171967748, 90.98541883066122, 88.95849402277092, 85.92890975610666, 80.39626939743923, 76.17735510812035, 67.00289846432307, 64.57082605335839, 70.39173766384378, 74.40809517949509, 82.55415930582045, 80.17223872457701, 76.44800537319271, 71.22584080175254, 45.58858052288692, 43.15997246832177, 54.57432622093465, 65.93985859119671, 80.24689543985296, 90.37128216692996, 100.32524732632038, 109.6621382133435, 128.9154674368368, 130.9200561860298, 127.92163391434823, 120.63529227528345, 119.32916125570485, 113.335457530565, 110.7967918839785], [10.135441322232298, 6.672362625104394, 9.739408115338476, 15.568345090831007, 7.562239050873292, 0.0, 8.418168559049471, 49.454009382087975, 54.96244529954738, 63.48370699924644, 71.62600785343129, 78.0121799369474, 71.53381512572308, 63.12963238602027, 54.69301687744164, 25.32071689923783, 21.316409411135194, 19.956795162182754, 21.802489904924734, 27.248193605657274, 22.614698026034503, 17.45383756561645, 13.596159568827737, 14.458735807863734, 20.833870720313833, 56.07368316937329, 64.61411276588609, 71.8283564279224, 79.62477655847925, 84.89658085582498, 82.828609554292, 77.6160510014088, 70.7478694334363, 63.466531092514934, 57.156460467393195, 23.475009654737743, 27.352328181748373, 36.09575630603324, 36.79333866304108, 46.59558978705667, 53.200936871226574, 58.142299881572434, 61.84385951470854, 59.50187806873498, 49.9283378167619, 43.19886450692124, 40.51871741012785, 63.88680861691293, 59.040148078267585, 58.469691470903676, 64.24174022552948, 66.89646400858285, 72.49233125117979, 82.54636445152445, 86.76829804984197, 85.22700861482102, 82.81740252372005, 77.95774089581501, 74.31512462446499, 64.99507875300961, 61.44615061696309, 66.44580631568797, 69.92581287856358, 77.93097984603415, 76.19094170207916, 72.98941252448793, 68.60486341519639, 50.001440138098125, 48.38343005200969, 58.97176439374103, 69.11431070165132, 82.86306951916474, 91.78635046262816, 100.51864342508676, 107.31897684130266, 125.12638234865817, 126.45166593773747, 122.85986940643215, 115.09595944954748, 113.2656777059878, 106.95796371954148, 104.28432637355125], [5.739771812154644, 10.777397927711542, 17.023462074960488, 23.28482492545952, 15.860141897778785, 8.418168559049471, 0.0, 41.08179683135067, 46.66436435461995, 55.21136137503869, 63.285764437535605, 69.59802223834942, 63.15293844007751, 54.76763904384236, 46.31417345412099, 21.73737414138279, 21.007937783270446, 22.891181702453416, 26.895339150014042, 33.36822188096778, 29.40987862537127, 23.517959407756635, 17.632405615109278, 13.968149773521832, 16.23598562887554, 48.44968210031682, 56.72359843390613, 63.81792767697104, 71.43763007699023, 76.62677270449214, 74.49019550625658, 69.3651577013643, 62.628355661251156, 55.401883627940805, 49.11970968232652, 16.57105081204415, 21.800279552702097, 32.437359575144356, 34.66869664415567, 44.15264610381496, 49.92105811938149, 53.89560807188805, 56.43823565887383, 53.022152693584424, 43.736798388259984, 36.024157617666425, 32.68979036208487, 63.6127093114712, 57.877464187519934, 56.11012782835218, 60.98430697148431, 62.81066124868071, 67.81610712115332, 77.60938774502107, 82.74790359308139, 81.90105532877766, 80.26609513305958, 76.28293791006405, 73.26164452872442, 63.766648415968994, 59.31948677923726, 63.26756217643465, 65.99256689133004, 73.40943375423986, 72.54671542747154, 70.0656459989343, 66.66465288691718, 54.73759316238034, 53.43196521693187, 63.17918493260717, 72.1015301454446, 85.37135222017908, 93.17958549933076, 100.72223279228321, 105.2392179247892, 120.50048696339402, 120.9530185717977, 116.53262153030632, 108.15951839302355, 105.71526301047173, 99.06225128096679, 96.47061473853924], [41.43400594020556, 49.89397269988011, 57.24359563926588, 64.01556921330655, 56.938042706576546, 49.454009382087975, 41.08179683135067, 0.0, 7.843830768096732, 15.566006121534386, 22.715970844106266, 29.013620853079427, 22.14315968935511, 13.702537460023747, 5.249324711078179, 39.7515630019472, 48.48620168281388, 56.195556527736144, 63.24871072637549, 71.2089022145126, 68.52436221347754, 61.64101487955471, 54.03865705277359, 45.85653406957105, 37.1533911677024, 19.611656247222925, 22.35172076134976, 27.87481162263189, 33.66422028153107, 38.44311249115886, 35.013873504793196, 30.126950130065357, 24.629426096767155, 18.536950342861306, 14.09813665032553, 29.557673330188813, 31.901261264445345, 40.14592004926001, 48.00384453648613, 51.86962790470907, 50.88525983067345, 48.13887377341716, 43.25805441777773, 33.183576364992426, 29.407284843727087, 19.633929664981228, 14.308250869840693, 75.92781443987116, 67.11309537390487, 59.81997452028503, 58.78532142179701, 55.62622513124906, 56.288948424761124, 63.42188230877534, 72.9863987071281, 75.94885839663173, 78.6527391965149, 79.59614629718273, 80.16731072599138, 71.94355333079314, 63.70475706909741, 61.31880532944119, 59.31364992393199, 62.46855728171498, 66.69565540742201, 68.47825469874577, 70.83610921713861, 88.14305301147945, 88.05931481051965, 94.26230484970144, 98.13363847302634, 108.04323830550996, 110.31968073486358, 111.70701279339909, 103.61153443725891, 105.86717266928264, 101.35493332650252, 92.48743856261923, 80.81432360425595, 74.20889852620311, 65.48092180216223, 63.29716833169335], [46.2477656254924, 54.648224757537555, 62.111200552166316, 69.58462355360818, 62.464618880291354, 54.96244529954738, 46.66436435461995, 7.843830768096732, 0.0, 8.588884982589592, 16.7575950346869, 25.38444925912599, 18.600376737071375, 10.618567231993637, 5.915728247726476, 42.09434984118721, 51.26014596030847, 59.46767930466816, 66.9507313728328, 75.42792449210725, 73.00102205868646, 65.76500545261996, 58.05662362902607, 49.674930786755965, 40.544882542836675, 13.984130204371134, 14.670862505543464, 20.1599364729351, 26.771800579757368, 32.56376392263629, 29.087905156584686, 23.193501432246787, 17.04181334443779, 10.932125773647366, 7.287335274441068, 33.84993622206078, 37.192270190175705, 45.49798100243948, 54.77232919348625, 58.66754462564232, 56.84226781996382, 53.523038085615674, 48.62439238945024, 38.120499669771384, 33.4325246490617, 23.913714144590948, 17.193298962858407, 83.32140813968188, 74.12216298090347, 66.14965033437734, 64.63361194750512, 61.098821005282446, 61.56772085695023, 68.70683703106005, 78.55821162596234, 81.81305733166404, 84.92218634382213, 86.23260905307106, 87.14757512329915, 79.19280095721791, 70.39934126182285, 67.50896695707036, 65.1261534605495, 68.19627854396867, 72.85553418140098, 74.96372086156434, 77.81500865827435, 91.83452884609814, 93.81752394506758, 101.27099891831038, 105.63513868598592, 115.79435615485718, 118.10526756275192, 119.26788714403915, 109.91898759145232, 110.81092833863482, 105.38926900950666, 95.45220642435, 82.81289024941243, 74.5094144860333, 63.48571705852314, 58.43886201985292], [54.678243050281424, 63.040547782162726, 70.52482829849033, 78.14244467762062, 70.99331210102838, 63.48370699924644, 55.21136137503869, 15.566006121534386, 8.588884982589592, 0.0, 8.7092265545302, 19.256066415873338, 12.833608701112675, 8.042271243044219, 11.344022976617333, 49.49717603833175, 58.9137642486561, 67.35523719746543, 75.00908227223415, 83.64890837415642, 81.32032806737323, 73.96111243115806, 66.19386764998671, 57.74124041209647, 48.425994649399215, 15.83337713468741, 11.008797789928384, 14.123800012677254, 19.798017995320997, 25.93031127607827, 21.749352414212822, 15.131067578914347, 9.415158748334571, 6.30162220831478, 9.011806847607314, 41.966816032312735, 44.74723951688025, 51.98597278294229, 61.614793687291865, 64.71739267346342, 61.86884081841227, 57.60371011253756, 51.87388117882668, 41.00781773713771, 37.718370827500216, 29.908653158743007, 24.74409308686162, 89.3152195705436, 79.8296814181509, 71.20578409198237, 68.78107383184678, 64.54376066529886, 64.23355993678253, 70.65557091133523, 80.96415126830296, 84.80674123585058, 88.61881175432306, 90.71476111623475, 92.21783713223469, 84.73548081651253, 75.51272925063638, 71.69766989061691, 68.58886153779721, 70.86733977031656, 76.28543088364167, 79.05320790807865, 82.78386153242295, 99.61593987614056, 102.07638803180566, 109.34748939450824, 113.22938884408896, 122.92124784744583, 124.4769664955112, 124.7036784383208, 113.13964183649081, 111.72620386703234, 105.25305078187331, 94.38552373896619, 81.0833245965769, 71.48614670460513, 59.46367376826078, 53.50044438324397], [62.971460307749666, 71.3756091394921, 78.82601951926918, 86.12374826238164, 79.11659675260782, 71.62600785343129, 63.285764437535605, 22.715970844106266, 16.7575950346869, 8.7092265545302, 0.0, 11.893168001758198, 7.857014062331888, 10.555778680801053, 17.707760776239272, 58.17209612496244, 67.4931065702677, 75.81335855126541, 83.33382262458748, 91.70182690100194, 89.49453764157518, 82.36987862780929, 74.70525984705765, 66.30478691366828, 57.06817824195524, 23.550979280388958, 16.069164255113023, 14.101789991050781, 14.798723502466354, 19.365930588131985, 14.244971135295469, 9.059350638936158, 9.296119547139066, 12.708458029016032, 17.43815898872235, 50.49080079526133, 52.78584606268423, 59.22117724593961, 68.17122295639305, 70.35514558041078, 67.04789512676992, 62.070694433898375, 55.1114298271915, 44.164651700737664, 43.569142511753945, 37.20456653872826, 33.25111703460831, 94.02288096192643, 84.71985255280073, 76.01861513184167, 72.8255202454073, 67.94621177659549, 66.55278623520688, 71.46448502702042, 82.28406433962343, 86.82647497237801, 91.30415294802462, 94.20739847117642, 96.14795718531683, 89.00844494935721, 79.96585022399256, 75.3836573843099, 71.57637528910735, 72.44505724435243, 78.65565056063735, 82.11999651974891, 86.57223402628861, 106.91054193538665, 108.8547608411577, 115.37542617375769, 118.46958871426753, 127.60935213384501, 128.4062917314507, 127.75639702917002, 114.7616299773299, 109.74429735345323, 102.12140859578298, 90.17632876536236, 76.21349670536706, 65.48755226145238, 53.04358144920961, 47.915900038313275], [70.03276870906804, 78.49268802700597, 85.77049714461268, 92.01028091040536, 85.38170407825872, 78.0121799369474, 69.59802223834942, 29.013620853079427, 25.38444925912599, 19.256066415873338, 11.893168001758198, 0.0, 8.239894805605594, 16.220235140608324, 23.850814387951225, 67.42553735996366, 76.29851168776696, 84.05110349906074, 91.0148248968795, 98.49557763560324, 96.35567181073034, 89.94816891261517, 82.5880247729555, 74.43093351261727, 65.61520688160158, 34.94478165304049, 27.805625769974345, 24.127244048535445, 19.433682438123174, 18.171435881940674, 13.44359754119596, 15.964385333135757, 20.747818400073736, 24.379141112552166, 28.252853051103447, 58.43963464038661, 59.89680652605534, 65.4798470977584, 72.25470890792772, 73.1471933925107, 70.09395263230356, 64.70033913796894, 55.90786003419146, 45.31379060563202, 49.25408652511211, 44.27592600099636, 41.82456891889185, 94.42473008646137, 86.0100103973099, 78.06610492842486, 74.26943540750945, 68.83500767176528, 65.89744172352648, 68.07848175418282, 79.4740291649834, 84.86780328186184, 89.94034679644814, 93.69531830541483, 95.87480533406344, 88.9694212123258, 81.01338316573279, 75.85555567866489, 71.38043371673375, 69.88204104723255, 76.92869307757361, 81.15547100765363, 86.13244809377206, 112.72460005804002, 112.28459048576754, 116.77579039065859, 118.35158245060737, 126.54163876016214, 126.35248720776335, 124.76041400126029, 111.41610863969811, 101.12042902354993, 92.36770665897757, 79.35260555486768, 64.90184547900641, 53.828284079264726, 43.181280116828596, 44.00430337215337], [63.55046172276439, 72.01427513024323, 79.36748908205251, 85.94262990608426, 78.99157126049964, 71.53381512572308, 63.15293844007751, 22.14315968935511, 18.600376737071375, 12.833608701112675, 7.857014062331888, 8.239894805605594, 0.0, 8.611390643326022, 16.925612134494425, 60.50288220868229, 69.71216269688004, 77.74435398313365, 84.95043488462282, 92.85087259373628, 90.42065722913905, 83.60792331327477, 75.986168611526, 67.68882243849383, 58.64775957920202, 28.505235315786834, 22.718194684192735, 21.845997327120337, 21.149412471086592, 23.150746028194316, 17.933952409546595, 15.950691389014647, 16.87736978845869, 18.345859498978648, 21.497151485166892, 51.28987325186017, 52.20861731454961, 57.59185807943781, 65.08296540996169, 66.32263863686596, 63.04423813318674, 57.7886670909605, 49.77125126848263, 38.92964323259694, 41.30867756177019, 36.22449382536202, 34.30406077495977, 88.82012617654804, 79.84754571107109, 71.45488077290521, 67.9004777311381, 62.725021099139425, 60.596362373672925, 64.46081438554702, 75.50240124571454, 80.3603016920899, 85.07897297770195, 88.37440427907904, 90.47643467092566, 83.5193083642953, 74.8896963922888, 69.96033227065446, 65.8198669858743, 65.70708320419385, 72.25246252045791, 76.05514013868037, 80.81531590029684, 108.34377520230511, 108.00993740024089, 112.65297513143422, 114.54096134045243, 122.79338505467285, 122.72049733640208, 121.36327906866771, 107.83124598658772, 101.93943801325382, 94.44397325436798, 82.98912550660773, 69.65625192533719, 60.22551959504717, 50.84887894071531, 50.53005602217307], [55.07460754656324, 63.53022821042371, 70.91021143636057, 77.69121726642067, 70.61862821341637, 63.12963238602027, 54.76763904384236, 13.702537460023747, 10.618567231993637, 8.042271243044219, 10.555778680801053, 16.220235140608324, 8.611390643326022, 0.0, 8.52600654505414, 52.058136742961004, 61.27217582383803, 69.3309868316132, 76.59225909203194, 84.66040995359002, 82.1081081418737, 75.14227022580928, 67.4509320059444, 59.13176583656539, 50.08058609316713, 22.205229684365396, 18.991402206509033, 21.310161088883724, 24.28117109568849, 28.20091546561494, 23.6256564745708, 19.37601258352804, 16.320331020871148, 13.979104478433591, 14.81006261018292, 42.67907191155132, 43.89563014829664, 50.05505150888674, 58.037462780193145, 60.175390861168154, 57.442166811737486, 52.90906782806345, 46.00991634200255, 35.071509383349984, 34.99435125379151, 28.447620672451535, 25.773076402776933, 83.64680198568308, 74.51061411166515, 66.23860069025461, 63.48540068132211, 58.955037698405555, 57.9294701064008, 63.36758881524893, 73.92088307912141, 78.06120126990162, 82.08036702701548, 84.53409110591862, 86.15671642599939, 78.77158675487846, 70.00056352666813, 65.87148690054015, 62.45036875648538, 63.77488610284255, 69.50452854875684, 72.58624789107398, 76.5787618762287, 100.83992591010221, 100.80739279391268, 106.09596905790892, 108.73450386463374, 117.5693981201284, 118.29249574033156, 117.87035084047248, 105.96678006699945, 103.70834104299298, 97.42044977271135, 87.06524913707698, 74.40243488061655, 66.10278938392291, 56.86210838262674, 55.29930153755392], [46.62647079966045, 55.089521852771284, 62.44749190361583, 69.20054280256929, 62.1701369558618, 54.69301687744164, 46.31417345412099, 5.249324711078179, 5.915728247726476, 11.344022976617333, 17.707760776239272, 23.850814387951225, 16.925612134494425, 8.52600654505414, 0.0, 44.404398991121866, 53.299754501852256, 61.12371636691529, 68.2387653380739, 76.20026176820319, 73.61614349708003, 66.74788621459305, 59.145402110782186, 50.920050333857226, 42.09297218552573, 19.59128593958911, 19.98670097942014, 24.450269461238538, 29.367148972843108, 33.873754693551845, 30.153208435774708, 25.503117527818063, 20.70860512659766, 15.590200511070085, 12.79027516589272, 34.631675517576376, 36.6591985458442, 44.15220644444453, 52.027049165732016, 55.22017928788314, 53.59843423733292, 50.14451722732732, 44.37063313049165, 33.81377506922058, 31.573958035046747, 22.952614472509357, 18.566977980194434, 79.02178938921868, 70.12507740946208, 62.49042773335594, 60.7932795102603, 57.08228691003706, 57.05513404521197, 63.473106223217826, 73.48845380260663, 76.93657398370303, 80.15396072287847, 81.68475852303965, 82.6387926502012, 74.68654330944511, 66.29699800048654, 63.23906814416501, 60.67129666339112, 63.04758555125271, 67.89156562128969, 70.19390375264977, 73.17134738996235, 92.67814946277656, 92.67813401589761, 98.60015997357225, 102.03073990285517, 111.59444510189348, 113.33927474583831, 114.08825895731282, 104.69472642495782, 104.9471507340644, 99.69871899332963, 90.14464378962487, 77.98296701232996, 70.64605668232505, 61.536458568660095, 59.4780591393499], [16.870156383095864, 20.96548907335963, 27.386854714201647, 38.25628630941182, 31.016925747704608, 25.32071689923783, 21.73737414138279, 39.7515630019472, 42.09434984118721, 49.49717603833175, 58.17209612496244, 67.42553735996366, 60.50288220868229, 52.058136742961004, 44.404398991121866, 0.0, 10.751527044310356, 20.518007286026126, 29.42343109811575, 40.60062243826089, 37.514008169180286, 27.96924999483983, 19.77182114631513, 11.949366706296574, 6.09474430465512, 37.410313306147124, 46.8508820875711, 54.793855607322186, 64.3396584649871, 71.39098355941861, 69.27045526842963, 62.39741425573801, 54.42250745665985, 47.21863482160954, 41.22522414153778, 13.830576911810654, 23.88795365799729, 35.77995602770459, 46.140085505602585, 55.63745084041054, 57.687635534664444, 59.88183222653617, 63.09206844012187, 57.73082856817048, 43.30898881040937, 33.981485465296586, 27.171282793669313, 79.86838666510201, 71.57115952436372, 66.23211157066044, 69.62681753581958, 70.47291009711347, 75.8852708019395, 87.65640747317282, 93.6008640544873, 93.19028956280853, 92.58972324486605, 89.48890891373877, 87.7817305300421, 79.21227342773176, 71.4771199761752, 73.65714876711694, 75.43386631664102, 84.1313462660086, 84.2837451246405, 82.56062287817107, 80.94602566199104, 61.7821584427257, 69.85050404217449, 83.637901836142, 93.64451563537646, 106.88223100248109, 114.01708679745452, 120.29022563472179, 119.47978310374539, 134.98249944776654, 133.87141007403028, 127.72176896151791, 117.46925188069332, 111.9996699093034, 101.22968760310428, 92.60867188839613], [15.429604264891855, 15.147579515500457, 19.723180531681088, 30.848655837926632, 24.966275360923706, 21.316409411135194, 21.007937783270446, 48.48620168281388, 51.26014596030847, 58.9137642486561, 67.4931065702677, 76.29851168776696, 69.71216269688004, 61.27217582383803, 53.299754501852256, 10.751527044310356, 0.0, 9.896613633669451, 18.950213991203004, 30.47785355259932, 27.688653666764548, 18.172164499855842, 11.193307848335499, 7.600528208876933, 12.64912752072944, 47.25760932593676, 56.37192122647786, 63.76271066331237, 72.9352459344977, 79.62027300008941, 77.95914105991453, 71.54979726423326, 63.91732517720749, 56.906811791138445, 50.92363161193203, 21.48310859475441, 30.971092315478913, 42.215255779403414, 50.11313659553173, 60.148615436582, 63.703949259093925, 66.96357350261148, 70.67456336608024, 66.0836290160679, 52.44246033148625, 43.516353597838204, 36.91607258083715, 82.00561385550625, 74.98066520722331, 71.27438041381134, 75.67544501082484, 77.2709898353726, 82.97514023944075, 94.42900509010498, 99.81108908013341, 98.91304385058588, 97.5610837896951, 93.61311628984261, 91.08556608479616, 82.25955121083331, 75.95245721541913, 79.29559738728277, 81.78017541467595, 90.505391093769, 89.9525029228164, 87.5957436235988, 84.83590738095133, 51.944311538880264, 61.886023768502085, 77.91798305933393, 89.68585339385143, 104.0686163359343, 112.95887135707282, 120.94675336509745, 123.78211764590917, 140.03457194663412, 139.5300187087963, 133.66747081355985, 123.63677147486231, 118.56341576222425, 107.69553392489824, 98.96986539408094], [18.20526751586631, 13.418370146575963, 14.149240757905844, 24.258956315691176, 20.653043669072073, 19.956795162182754, 22.891181702453416, 56.195556527736144, 59.46767930466816, 67.35523719746543, 75.81335855126541, 84.05110349906074, 77.74435398313365, 69.3309868316132, 61.12371636691529, 20.518007286026126, 9.896613633669451, 0.0, 9.091175929275481, 20.82142960256233, 18.346656952094072, 9.5113084558549, 7.493338554579328, 12.338437797862177, 21.099490124972476, 56.412958560996486, 65.24880216934453, 72.2203993387173, 80.95471057769623, 87.2027831466465, 85.85536183434783, 79.92362803415418, 72.62673249114249, 65.7293141968681, 59.72186489183673, 29.215502491656498, 37.84003099098833, 48.337312629715164, 53.77962780151333, 63.96786447445591, 68.835680194506, 72.93596343838732, 76.89494197094356, 73.00215520324628, 60.33674505732275, 51.78117388506428, 45.54096965227048, 83.22987209150075, 77.5353604512138, 75.41431781428398, 80.61895804867514, 82.81502153965292, 88.64494424887219, 99.6186108580558, 104.48571585867491, 103.19282222384248, 101.19103223691528, 96.54741714236565, 93.28602726838791, 84.27857523751898, 79.43850077967599, 83.75622373020151, 86.81181749598942, 95.37343836037265, 94.21871552839393, 91.34383142600318, 87.5832746412427, 42.87624190871729, 53.855945029738706, 71.71143507089498, 84.96827412023416, 100.28626620563945, 110.73307732378952, 120.25399853191546, 126.54639417063937, 143.2616151119053, 143.37006234190608, 137.89885361650676, 128.24020789647489, 123.75465488590135, 113.22415879668095, 105.0264041884202], [23.520047696784864, 16.664719157839386, 13.132161974820368, 19.641860080884474, 19.415272967803052, 21.802489904924734, 26.895339150014042, 63.24871072637549, 66.9507313728328, 75.00908227223415, 83.33382262458748, 91.0148248968795, 84.95043488462282, 76.59225909203194, 68.2387653380739, 29.42343109811575, 18.950213991203004, 9.091175929275481, 0.0, 11.929100794730214, 10.018595673274971, 5.821795733294754, 12.343264242509715, 19.84914684019512, 29.289736867925818, 64.77695316421475, 73.37971463568167, 80.02607446797548, 88.3471452833299, 94.17777487862357, 93.05636908965387, 87.5566538330211, 80.55944582718482, 73.74625199480047, 67.7214789362035, 36.70530221412968, 44.53831991162903, 54.316548819928116, 57.597486386257934, 67.69320848159863, 73.6318925692177, 78.37640291348609, 82.44507719096677, 79.16255732775797, 67.47003364028843, 59.26150720276049, 53.391430247194116, 84.3635512194001, 79.96090546291526, 79.27928417508984, 85.1058372757639, 87.77621919145943, 93.63304871816048, 104.06775947414347, 108.46839519399633, 106.8553120606861, 104.30359051234731, 99.09714962049343, 95.20353159906213, 86.09797593428385, 82.65270165380349, 87.76283131220221, 91.2701207852438, 99.57380445515464, 97.91450649602085, 94.62241400138801, 90.01455724459895, 34.94128380247333, 46.384740420868475, 65.84322897576057, 80.41367247299317, 96.50703627341625, 108.34862206146886, 119.23626934989848, 128.7003112591379, 145.6832175907626, 146.36572915170967, 141.31188960331374, 132.07930137428798, 128.22300195314503, 118.19901265588459, 110.74611040528839], [31.522928750627944, 24.375901454255963, 18.689658822062512, 17.758347841354666, 22.413661777279522, 27.248193605657274, 33.36822188096778, 71.2089022145126, 75.42792449210725, 83.64890837415642, 91.70182690100194, 98.49557763560324, 92.85087259373628, 84.66040995359002, 76.20026176820319, 40.60062243826089, 30.47785355259932, 20.82142960256233, 11.929100794730214, 0.0, 5.707611386780728, 14.48701923727756, 22.60347936451249, 30.23639494513274, 39.66491805807172, 74.61663612361978, 82.79439800751837, 88.92247869486341, 96.55308913892723, 101.71018468764876, 100.89796467874066, 96.08782982707648, 89.5966127476206, 82.95453727188558, 76.95222519768423, 46.079522430194395, 53.26352641901681, 62.44518270908703, 63.07611435346662, 72.75004946261413, 79.93611673083983, 85.24604503811914, 89.02375687933763, 86.31731661657265, 76.22833944493877, 68.26759206200234, 62.67494234762784, 85.89366440708108, 83.28560232798979, 84.4282363458769, 90.81532961924022, 93.87637151502373, 99.49211261701117, 108.87951434688118, 112.86036813424897, 111.03072298003529, 107.93431912444252, 102.22729629904207, 97.59618098557603, 88.33951853092258, 86.82707147460125, 92.72437527599472, 96.61203259898915, 104.19784653234979, 102.09554041301035, 98.45493398167662, 92.92236758672082, 24.973536424844077, 35.737459725296546, 57.46451064309096, 73.68301201905757, 90.8326326299029, 104.49340961294764, 117.10247630817844, 130.79869988913342, 147.02866722626152, 148.29400426336616, 143.63247110676863, 134.92706973490124, 131.88859378471372, 122.65033957363178, 116.51106074323187], [27.84163991204014, 20.086332728130213, 13.649588993920291, 13.24961583831482, 17.31312687370239, 22.614698026034503, 29.40987862537127, 68.52436221347754, 73.00102205868646, 81.32032806737323, 89.49453764157518, 96.35567181073034, 90.42065722913905, 82.1081081418737, 73.61614349708003, 37.514008169180286, 27.688653666764548, 18.346656952094072, 10.018595673274971, 5.707611386780728, 0.0, 10.256152087840787, 18.488681006429715, 26.505175221563803, 36.188008212179916, 72.26711713421986, 80.71940059997277, 87.24928002914072, 95.10310924169558, 100.42237389591293, 99.28540869908583, 94.24009145872355, 87.51838139115056, 80.64704177791167, 74.52283632146343, 42.42258932513475, 48.73839146706894, 57.36112457025475, 57.87683464635056, 67.61256294878676, 74.74872610463294, 80.21292503843853, 84.39424341478458, 82.05174390434074, 71.77805374726444, 64.32735192292658, 59.5086747196376, 81.10195247743317, 78.18701545206567, 79.18920153850719, 85.66566972003845, 88.87782306920408, 94.71680425346375, 104.46148574895768, 108.19193886296661, 106.18675657103803, 103.0124328800567, 97.2243502777929, 92.6685645096366, 83.54631348112397, 81.7265379995773, 87.69281971020528, 91.70701977352323, 99.67040478860432, 97.37882382701115, 93.61616504005066, 88.09177333163721, 30.472806058137625, 37.55462350476481, 56.91222977624155, 72.18710895830277, 88.63932833134993, 101.5186715472724, 113.56387036491405, 126.16291387776904, 143.89749092278194, 145.46893177779242, 141.35079215334903, 133.04296815105067, 130.43656194330578, 121.93584782201182, 116.4499446446299], [20.712720562261875, 12.852793397287842, 8.231877100191, 16.150288749776767, 14.644359889991268, 17.45383756561645, 23.517959407756635, 61.64101487955471, 65.76500545261996, 73.96111243115806, 82.36987862780929, 89.94816891261517, 83.60792331327477, 75.14227022580928, 66.74788621459305, 27.96924999483983, 18.172164499855842, 9.5113084558549, 5.821795733294754, 14.48701923727756, 10.256152087840787, 0.0, 8.708329975505402, 17.20350948605455, 27.08485604961669, 63.968070599410204, 72.82224054261964, 79.86679600326126, 88.3088764795386, 94.19231998255034, 92.72451641386674, 87.07704350393534, 79.90177447892677, 72.84105453585293, 66.67622519936053, 34.07436941298961, 40.61043820609383, 49.60339342250396, 52.41850347325041, 62.5367315871576, 68.57882807073845, 73.59509656301339, 78.11745639799813, 75.3763773879724, 63.69943991980391, 56.189307233637216, 51.406890045616436, 79.14733025319046, 74.6226468367558, 74.01038932480873, 80.01970893911242, 82.92808283793215, 89.01791328478404, 99.71578556942642, 103.75142625811587, 101.9005535477563, 99.18099638673907, 93.81701803773376, 89.91716672852995, 80.96333660846913, 77.41647763712496, 82.71126060350467, 86.42251398654066, 95.0655251336487, 93.11691636526393, 89.63435637205578, 84.91566439296165, 39.022216380771276, 46.82236420023383, 64.10616341736556, 77.7979475954031, 93.19621263359228, 104.38155769569276, 114.84778560073723, 123.6606603230437, 142.24830142084934, 143.38710222672287, 139.04911831730274, 130.39587868862495, 127.2150164028676, 118.25488875230137, 111.89163782232919], [13.843004942596245, 7.48401455173893, 8.944589124804391, 20.18991344249083, 14.734012662950004, 13.596159568827737, 17.632405615109278, 54.03865705277359, 58.05662362902607, 66.19386764998671, 74.70525984705765, 82.5880247729555, 75.986168611526, 67.4509320059444, 59.145402110782186, 19.77182114631513, 11.193307848335499, 7.493338554579328, 12.343264242509715, 22.60347936451249, 18.488681006429715, 8.708329975505402, 0.0, 8.680010590983114, 18.57893762856838, 55.96876171481954, 65.03135057178639, 72.42890984042786, 81.14158351120048, 87.29216045205237, 85.52146892348001, 79.55561426582958, 72.1435224296544, 64.93634724569179, 58.729642943009836, 25.746895213786733, 32.52792056162884, 42.15906352564929, 46.71118741948958, 56.93337754906134, 62.10943331964392, 66.60019223017115, 71.00590607530654, 67.83647630058933, 55.49194501553426, 47.831394325916335, 43.1596018807489, 75.96273429668798, 70.24077929711686, 68.35269362613738, 73.8202450472354, 76.31632526040092, 82.36708288105042, 93.50279487309419, 97.93405154761233, 96.37332773177887, 94.15028644162552, 89.31816605777868, 85.99906370117832, 77.09857241555552, 72.3019300375442, 76.8906310538359, 80.20745506318036, 89.05057879329317, 87.53502144097203, 84.42770109722194, 80.47713830867653, 46.45991281024516, 53.02606096383427, 68.26085861670535, 80.4001805669893, 94.90419883295586, 104.59726528957917, 113.66155073855741, 119.47889526427025, 137.85763350996473, 138.56878070516555, 134.02417894875012, 125.16812808602481, 121.68657205946086, 112.7317482238022, 106.33926578272137], [8.848478158940722, 9.24198336946713, 15.461096640608968, 26.343938908352694, 19.275469958211964, 14.458735807863734, 13.968149773521832, 45.85653406957105, 49.674930786755965, 57.74124041209647, 66.30478691366828, 74.43093351261727, 67.68882243849383, 59.13176583656539, 50.920050333857226, 11.949366706296574, 7.600528208876933, 12.338437797862177, 19.84914684019512, 30.23639494513274, 26.505175221563803, 17.20350948605455, 8.680010590983114, 0.0, 9.911983686153494, 47.44027458965896, 56.578264247846114, 64.16958296821878, 73.02546954635413, 79.34874430986021, 77.37524181658917, 71.21065179424303, 63.67557344420214, 56.39870927026683, 50.177795664940426, 17.391444681923147, 25.536078634440393, 36.555781743543264, 43.08998507635519, 53.156373293789464, 57.333712182209034, 60.9973652758173, 64.789329450122, 60.81450739705066, 48.03582479191359, 39.72426540579617, 34.58324864275158, 74.49287337952754, 67.70442299489748, 64.49871922057112, 69.18318429919658, 71.01886347928388, 76.75405672439096, 88.01710025327664, 93.1075734233114, 92.05294472329406, 90.49728715909433, 86.40206914064956, 83.7188905020854, 74.80517715567629, 68.87899347188763, 72.5277193997334, 75.23291126859571, 83.90344893459205, 83.06953675733966, 80.535274550628, 77.51138075177121, 52.94215927010368, 58.827459328667395, 72.63092719716826, 83.42877845088857, 97.25212377184508, 105.64577545491049, 113.39857620465641, 116.47658108634197, 133.46405267391566, 133.4938659300742, 128.4128000362514, 119.13447040828743, 115.12736959147243, 105.91852697707529, 99.39591952893579], [12.03735333375747, 17.651868486848922, 24.7541285338071, 34.97372586999215, 27.293423802397328, 20.833870720313833, 16.23598562887554, 37.1533911677024, 40.544882542836675, 48.425994649399215, 57.06817824195524, 65.61520688160158, 58.64775957920202, 50.08058609316713, 42.09297218552573, 6.09474430465512, 12.64912752072944, 21.099490124972476, 29.289736867925818, 39.66491805807172, 36.188008212179916, 27.08485604961669, 18.57893762856838, 9.911983686153494, 0.0, 37.855003070344885, 47.153014623529735, 55.08237294161479, 64.19467593715962, 70.80910896447072, 68.52762038990346, 62.0188298911474, 54.258606046552465, 46.87260527572566, 40.64941756343157, 8.969565358466149, 19.334338513285477, 31.790938030465256, 40.96368880832655, 50.471855520533026, 53.137206620234245, 55.61136795809671, 58.61925935485398, 53.58775549644634, 40.1247847181255, 30.936093713291168, 25.062340961893522, 74.25599415773841, 66.24516743913392, 61.384475695526866, 64.97810555575991, 65.94218587726856, 71.25444498006343, 82.68724974149227, 88.53863009831086, 88.09626904925463, 87.37575896493794, 84.2103096109977, 82.34904157171466, 73.5965245923028, 66.29417353753074, 68.68879571846807, 70.58369260218542, 79.03826395872348, 79.05834220840491, 77.25636730656817, 75.43490658514416, 61.30239549057432, 66.66903344179839, 78.97889663125419, 88.30467480963128, 101.23736633155171, 108.10984807944193, 114.29679666146228, 114.00089670314095, 129.46501741487702, 128.68126527002943, 122.99074502114807, 113.22940415773797, 108.55196591058326, 99.02010290532921, 92.24045593836831], [46.52558122496179, 54.3095261195541, 61.76666452159063, 70.8546625309914, 63.41573812817331, 56.07368316937329, 48.44968210031682, 19.611656247222925, 13.984130204371134, 15.83337713468741, 23.550979280388958, 34.94478165304049, 28.505235315786834, 22.205229684365396, 19.59128593958911, 37.410313306147124, 47.25760932593676, 56.412958560996486, 64.77695316421475, 74.61663612361978, 72.26711713421986, 63.968070599410204, 55.96876171481954, 47.44027458965896, 37.855003070344885, 0.0, 9.859706828319691, 18.999428670814343, 29.328129286476937, 37.50063077637876, 34.43785989943035, 26.238606475477674, 17.613914523850084, 10.965447000071814, 7.424111580680476, 33.300932148911464, 38.12367306572746, 46.92453359326067, 59.25562597202878, 64.39523581740866, 61.804598897910445, 58.81026516337055, 56.24365919831092, 46.343566621552874, 36.495150281758875, 26.736755996021547, 18.074966246024612, 90.96119424827329, 80.8507