{
	"dissimilarities": [[0.0, 9.799967303703216, 15.888424377487183, 24.566583281147466, 18.432158497065338, 11.217425070560669, 6.399942038754023, 41.30139666010721, 46.21180997064617, 56.74216879040914, 64.27165328150762, 70.50901407700434, 64.92602609572485, 56.26190766090124, 47.82260555681895, 18.32762777057552, 19.894650841697374, 22.603440057024777, 26.865977641909947, 33.035240841279986, 30.019445960075462, 24.293136003505744, 17.962923263334314, 11.381550807841833, 11.54361962753213, 44.66706015494756, 53.694090817703106, 61.19788029591664, 69.75218681829185, 74.86581134234596, 72.61278848748358, 68.20146245579151, 59.75112081080636, 52.094008937380714, 46.13946764128245, 18.942160430758527, 24.75063144563344, 33.899935963122246, 36.06576439695278, 47.935577546435155, 53.103254799523185, 57.636069579661054, 59.12416076875579, 54.69044804660121, 46.03260039869281, 36.51846303239136, 33.82144189878647, 65.62733891187857, 61.72881210911769, 61.64382124519694, 66.37094347448128, 67.32580482885521, 72.21569010100607, 80.7156360307116, 80.9997799067758, 79.14203157513603, 77.13833397462706, 72.95372073302083, 69.31243283623282, 65.7122994506165, 65.5762892658249, 68.41065402510385, 71.30506874586469, 77.90285256591389, 72.86667071006276, 69.14303127289948, 66.42135036617397, 58.75915351254333, 60.5144849551473, 71.82782044224483, 75.96265510160183, 87.30517517716602, 96.65943127886948, 97.83499598607199, 105.24830798839574, 108.34276354768932, 114.31567820102623, 109.88946309885519, 101.2421445190944, 99.66923349171705, 94.48105819368905, 92.37688605656615], [9.799967303703216, 0.0, 8.06056989252205, 19.45101655245921, 14.984817827479715, 11.810559721185571, 13.963178582068304, 50.339862014283696, 54.896347385315, 65.00301509674934, 72.92418577137444, 79.59275370275853, 74.02468812721571, 65.26007209431515, 56.883081772238846, 18.5295081035983, 14.987894851142439, 14.597167438198277, 18.06077603298, 24.938583157621462, 21.496319213809485, 14.962528864271938, 8.895240410084991, 6.939607339448899, 14.74246416954822, 51.24389377393451, 60.54233490843809, 68.16024370347137, 77.12807992019229, 82.70785492697219, 80.6514691132038, 75.97042380935457, 67.27387852414711, 59.74977936681847, 53.56837903035095, 24.929523728722497, 30.70160652578212, 39.09254425111787, 41.38861158086812, 53.49892236493956, 58.62619373883106, 64.06655566715291, 66.92274436923613, 63.149068439497825, 52.826705609942444, 44.490021738386666, 41.51515223597371, 69.86341303758806, 66.55229878390554, 67.16136098607308, 72.41518885141178, 74.00908194084002, 79.63275088182077, 88.92538219746675, 88.44585834730097, 85.96385127958138, 83.37431439459277, 78.40192730764727, 74.28917365919897, 70.37884592419007, 71.13229384983823, 74.58532508580014, 78.19432829953715, 85.77347664891344, 79.7852448642308, 75.35464561368157, 72.00219408498985, 53.289622527487246, 57.674974883801355, 71.53575936041739, 77.02450104546975, 89.13751082761613, 99.8747816963717, 102.13105984567565, 111.43368786583763, 116.69019669188971, 123.41186497738174, 119.36371799838248, 110.98192082567716, 109.35895036243954, 103.53570675139079, 100.09520348059282], [15.888424377487183, 8.06056989252205, 0.0, 11.931893426541535, 9.746325268020197, 12.037100451877517, 17.910967687590357, 57.18835246105376, 62.024246237825906, 72.38684046627853, 80.04348698059475, 86.33273760179588, 80.81218783584166, 72.13914568171131, 63.70410924791833, 26.284447926532028, 20.96903937005649, 17.00083138302292, 16.424172184862467, 20.280457558770955, 16.379745503285513, 12.491347032869674, 11.297845299212675, 14.516192181515645, 22.758901123076175, 59.17130573667166, 68.40312134562656, 75.92903502916296, 84.63595572686741, 89.97947849746556, 87.9793043699571, 83.48614309497718, 74.9497380294129, 67.40061017218693, 61.29775191867976, 32.515073710092196, 36.8024493250405, 43.606528423913566, 43.70567497973921, 55.772367325167565, 61.785053943357894, 67.93503466396643, 71.1675434211498, 68.24733376288226, 58.74189461066849, 51.32772556225975, 49.05136867052055, 69.03227718009953, 67.09159644581757, 69.2098481092904, 74.8500392795956, 77.1299581460945, 82.95407370133222, 92.29080116865006, 91.17362506483622, 88.23068227215941, 84.9473974772722, 79.27767849210234, 74.39523549690236, 70.04821017910511, 72.51127056805363, 76.77699541602084, 81.00244911174046, 88.89321486027535, 82.44752331160308, 77.4673494637552, 73.31212307117002, 48.245904193579015, 51.22350141868199, 65.41666418110918, 71.57623786502994, 84.13683289594104, 96.08984675614732, 99.67952040469541, 111.88318672631166, 118.86741935980885, 126.1196480812303, 122.62945801802853, 115.15183030742777, 114.33710370086159, 109.19531169225307, 106.56800513269707], [24.566583281147466, 19.45101655245921, 11.931893426541535, 0.0, 9.690302525987105, 17.40931522417516, 24.34889691684494, 64.6249953079839, 69.87425610636247, 80.66120734704452, 87.63875790274982, 93.08224644530465, 87.80840515509422, 79.46769586101018, 71.01657993250123, 37.95266665503847, 32.49853665912873, 27.012358377912992, 22.981474864200973, 20.67305376554289, 17.58441768454995, 19.706729316469566, 22.33211217480736, 26.197730270335196, 33.7369886580105, 69.08859096055689, 78.00856111091548, 85.22636259030135, 93.19615528059562, 97.89591443353805, 95.98819954256837, 91.98816311436823, 83.93508199851738, 76.38573779282162, 70.5673043091508, 42.67994676494524, 45.529628894998226, 50.599290586512, 47.32363477845277, 58.863953522168195, 66.2658636130986, 72.88256137242519, 75.75249365010745, 73.74534966073514, 66.56330710377583, 59.7181063830777, 58.267174325848245, 67.04592311390999, 67.38627197632005, 71.72197465652273, 77.59040598245151, 80.56763021095658, 86.13323423515445, 94.82223950568442, 93.20089927034016, 89.94686151965443, 85.87901157685319, 79.57536209417509, 73.63067522892337, 68.71500055004665, 73.74800843106851, 78.97147391378131, 83.70710431730737, 91.30168438306757, 84.85744116025087, 79.48523763366329, 74.39216823524356, 42.60681364405567, 40.479409724662, 54.03539390520718, 60.969323630452784, 74.19333733923351, 88.05609344408212, 93.82589160248455, 110.4818686081852, 118.83001484003893, 126.23342739227425, 123.32811256797409, 117.14012162710341, 117.546091653263, 113.64382540250274, 112.89271124835312], [18.432158497065338, 14.984817827479715, 9.746325268020197, 9.690302525987105, 0.0, 8.695673142818613, 16.86213275447056, 57.8277111234228, 63.3555048532412, 74.2733600125311, 81.38198765259503, 86.84337720604157, 81.03281167850136, 72.47711307375822, 64.08272073344365, 32.72853362889986, 29.529992635409137, 26.657362798243604, 25.70248284376023, 27.22337344138942, 23.42009720131872, 21.683851819333594, 20.692137676811715, 21.717905934623367, 27.652313664628807, 62.7464653733297, 71.89502909698108, 79.49909550732669, 87.93373436724708, 92.7294064169469, 90.38561243661707, 86.17272997310029, 77.78810064476603, 70.01447575321356, 64.0977679401038, 35.17325512608374, 36.50582821948135, 40.96278239452873, 37.987087630939556, 49.70530931486191, 56.783842067243384, 63.41115105967092, 66.69933470194913, 64.92620100576643, 57.24964039673483, 51.366408340102524, 50.963559064140924, 60.227593001950076, 59.30866305436669, 62.76897723107511, 68.61074243856861, 71.4655568483181, 77.2855789515186, 86.5257757052276, 84.77849987795909, 81.48147885411744, 77.65125180243716, 71.5558101237635, 66.12885692666788, 61.51463206959067, 65.29216844892177, 70.19997039794323, 74.87743855310507, 82.89239114099657, 76.1399883493619, 70.78612407964525, 66.00789649926479, 51.85460784531543, 48.88097297057149, 58.84970819349287, 63.656221963432124, 75.45180732298978, 86.6003683565154, 90.10263736033185, 103.53278033455348, 111.93995911581678, 120.08359217182387, 117.57798439691466, 111.59419187399273, 112.38881653551795, 109.43760868899666, 109.33895445090468], [11.217425070560669, 11.810559721185571, 12.037100451877517, 17.40931522417516, 8.695673142818613, 0.0, 8.592857910348805, 49.406987199380666, 54.96234101220288, 65.8745382954954, 73.06590662776176, 78.65023740582518, 72.66650277679966, 64.0136328664084, 55.63862176695918, 26.765690986390844, 26.18252945730441, 26.129741887832783, 27.888954688035223, 31.921157009003444, 28.205885199404676, 24.120560708569936, 20.029066820701708, 17.327144944207113, 20.67876978809992, 54.52133096987589, 63.667428095942384, 71.3726666094784, 79.94913444420992, 84.78300000111992, 82.25574254944173, 77.95326970538679, 69.46927250479578, 61.63249574241226, 55.718677794310885, 26.94368740776646, 28.30206420402244, 33.80904829999665, 32.357911771784714, 44.40626800365517, 50.871792107976155, 56.83335007950445, 59.63196985211172, 57.15013606314915, 49.184489107374226, 42.70275635213405, 42.37926711876266, 58.49105945373844, 55.99835302145135, 57.90846383185564, 63.37011763658655, 65.5408239967305, 71.13043729735935, 80.32279756325151, 79.20499345983465, 76.38601796121749, 73.26572351548867, 67.92624928559478, 63.31440275582138, 59.17248842545134, 61.08530442471077, 65.17272374476643, 69.22409800863, 76.90757042645747, 70.62402106551482, 65.83125949153971, 61.87181738241464, 57.54729504700822, 55.45966104169911, 64.46138548079824, 68.15680969233229, 79.19066268077512, 88.58563295070151, 90.35146707964145, 100.42085381961492, 106.99254547283248, 114.72293929210902, 111.78755299115046, 105.12191014805376, 105.45683164916542, 102.40813503401571, 102.2536843950509], [6.399942038754023, 13.963178582068304, 17.910967687590357, 24.34889691684494, 16.86213275447056, 8.592857910348805, 0.0, 40.977390167349014, 46.511453509499596, 57.48222477647045, 64.55860947852968, 70.13855205578325, 64.27886802694884, 55.68097623478903, 47.26736571636956, 23.5630309003291, 25.789529056058797, 28.074870379660222, 31.509211240427486, 36.58579689642791, 33.339754274319056, 28.44456393265729, 22.789828428812317, 16.948635902178975, 16.33074855374689, 46.90483529294253, 55.78518792477647, 63.32047513723577, 71.64258078223409, 76.31573775497347, 73.77151408404403, 69.5802349862263, 61.26806189767707, 53.45942294629441, 47.700729361670994, 20.768752171454622, 23.385397876238326, 30.76656126015961, 30.836020425013988, 42.69066625969214, 48.58888719134692, 53.37638962189136, 54.804374491371625, 51.102022454090715, 43.8336070358108, 35.52951891468233, 34.64298461800308, 59.404241596147564, 55.830042269428645, 56.34924935164301, 61.16631452475273, 62.40616221026916, 67.27508378734844, 75.74818344197163, 75.68987698947178, 73.66089729632482, 71.3996609998963, 67.0620484214412, 63.20850405017102, 59.52477707090453, 59.880462863801924, 63.01258498882909, 66.12156008988072, 72.78249530689713, 67.58559375824834, 63.68757990968343, 60.683693849197695, 61.32733952697744, 59.8530304111412, 68.51506221612607, 71.5989930481245, 82.26327835668667, 90.73393775296381, 91.50732000241592, 99.11247871113115, 102.89186629391554, 109.47142025266156, 105.68934602653533, 98.02662230750951, 97.61016224113078, 94.08765780656715, 93.90651258301433], [41.30139666010721, 50.339862014283696, 57.18835246105376, 64.6249953079839, 57.8277111234228, 49.406987199380666, 40.977390167349014, 0.0, 6.749383420812749, 17.951513383823716, 23.977839903702353, 29.82612523183164, 23.689074698498164, 15.042937583542285, 6.648730108551257, 41.88291593585863, 51.231484640767974, 58.61677491873721, 65.20318643164399, 72.28023486586547, 70.06767914124852, 63.82422779205843, 56.39769968156118, 47.63687566096625, 38.497084217718644, 20.493215689811763, 23.56609532933655, 28.93971244576817, 35.27417647355982, 38.583311466201174, 34.86652256530673, 31.24358933078759, 24.386357037232884, 17.5128529902153, 15.533757187190902, 29.811101917775755, 32.064861851067626, 39.19136794291889, 45.54164239226961, 50.41734684592399, 50.72559003509993, 48.02337144629278, 42.12385092141278, 31.886070339669388, 31.543303810236903, 17.284944530199486, 14.493057536901386, 74.13594644285347, 66.20017569683384, 59.85258743793415, 60.40622552888695, 56.62861115286713, 56.979511774476634, 60.71459796949254, 66.18550652942685, 68.40164101889546, 70.93407634104884, 72.04586929656892, 72.6771331620242, 71.88101161689633, 64.62063938480239, 62.319955259051476, 60.06181155072141, 60.64394382546749, 61.69563701182282, 63.01728606093094, 65.38375091706473, 93.66760166710222, 93.70813738731817, 99.42534357774373, 99.47489240079291, 107.16535716598207, 109.88214082890119, 105.13972414124825, 98.64222414614636, 89.08414081845645, 90.12196415516902, 82.51333776605279, 69.63753830669555, 64.73623559809968, 59.525040431689945, 59.82771169450315], [46.21180997064617, 54.896347385315, 62.024246237825906, 69.87425610636247, 63.3555048532412, 54.96234101220288, 46.511453509499596, 6.749383420812749, 0.0, 11.410258139174765, 18.27078103489796, 25.46295897695384, 20.022508630473006, 12.007450508618929, 6.438010373732712, 44.869901055065256, 54.29550592444013, 61.97401686153342, 68.82508436199214, 76.17668119460521, 74.17122756574138, 67.77722788338112, 60.32608518442056, 51.63679965292441, 42.394426140196735, 17.523157129857307, 18.082269472220954, 22.503114865138755, 28.58207955330964, 32.14509589373354, 28.41375275609911, 24.547130825415298, 17.811256392914956, 11.516956470196929, 11.506844564623394, 33.87664627718602, 37.162460945126085, 44.640046949358016, 51.87859146004249, 56.478544981554656, 56.11039803241935, 52.85610310687239, 46.72657494315975, 36.12587856941217, 35.43431738088795, 21.663035753995214, 17.13717788029721, 80.59386434670172, 72.38816978827077, 65.48455711608784, 65.69788787286976, 61.49258033983236, 61.454630039849924, 64.58382236856322, 70.65675255089211, 73.29558877145872, 76.29910615975892, 77.84638880936483, 78.83786510329661, 78.23421051026718, 70.4379245441751, 67.67813001433846, 64.95167113006123, 64.92249395835753, 66.60769769300595, 68.39218869101855, 71.20591486401342, 97.1993494916631, 98.62295273526277, 105.24615555628391, 105.58692985789214, 113.43345408046815, 116.24563283902118, 111.38403679311158, 103.78927173305755, 92.6207140662654, 92.5226001846204, 84.05644396877042, 69.89119701584629, 63.25104832658727, 56.05401068772961, 54.390273428733224], [56.74216879040914, 65.00301509674934, 72.38684046627853, 80.66120734704452, 74.2733600125311, 65.8745382954954, 57.48222477647045, 17.951513383823716, 11.410258139174765, 0.0, 9.536508964249494, 19.073816639956622, 15.409019985822393, 11.731003648483835, 14.256245834415946, 53.24111931670661, 62.755027783018, 70.79524255851325, 77.97487162514193, 85.68328203015714, 83.8640858622424, 77.25017224687574, 69.74626743554676, 61.16376217191963, 51.84099871696432, 19.549295570588242, 13.964225412622426, 14.337049502558223, 18.802899423830386, 22.39506093459085, 18.03244632109969, 13.645380897184584, 8.40569122977129, 7.984747901678236, 13.747133043905956, 43.27170985133022, 46.73813936807371, 53.807250919581044, 61.9962737682275, 65.63017370194545, 64.06700537696402, 59.72809166471577, 53.10985743248435, 42.29833129117532, 41.97376376001368, 30.2981959166438, 25.806567657845086, 90.27025656863593, 81.48635464226042, 73.53346876649121, 73.01910537005199, 68.04886866319511, 67.24142087093117, 69.28690330076492, 76.29289456602159, 79.67231953577506, 83.5543439700306, 85.99312161738612, 87.77074076825458, 87.63972232218413, 78.71581815134496, 75.0550586228254, 71.44700960628992, 70.31353910599698, 73.11089690023509, 75.78147826210774, 79.47646765301539, 106.33649419995696, 109.08817259545627, 116.19615806190194, 116.50591520125616, 124.14576934346444, 126.36142031116616, 120.74791019931153, 110.47775682812541, 96.67524256122942, 94.99828087023624, 85.49477713617908, 69.72547141627864, 60.720739331612634, 51.29682406992949, 47.09556405346248], [64.27165328150762, 72.92418577137444, 80.04348698059475, 87.63875790274982, 81.38198765259503, 73.06590662776176, 64.55860947852968, 23.977839903702353, 18.27078103489796, 9.536508964249494, 0.0, 9.914255727790415, 9.564442291123354, 12.627114865005783, 18.752740241538806, 62.16475941538003, 71.50857529331633, 79.26231548899614, 86.12817294499766, 93.34218596539253, 91.61617012036436, 85.38204357913222, 78.06077502145493, 69.50340842598366, 60.312148806947306, 29.05158950262374, 22.53200535042225, 19.765640613796407, 18.32390216167337, 18.009340396027113, 13.109637394908717, 12.461508582479292, 14.60248522458903, 17.408688810564566, 23.2519572171011, 51.817265622905985, 54.53263281693523, 60.64594149016123, 67.62756185684681, 70.21303347389937, 68.67019692603077, 63.468645980027375, 55.289768874790006, 44.54529124353146, 47.872110922709986, 37.49155451820828, 34.40210375199358, 93.50386188189032, 84.98694072895626, 77.02930103503992, 75.80983856522931, 70.3252111165157, 68.21086648596112, 68.2224387701985, 76.31057521271545, 80.55699107015622, 85.0591070811481, 88.35953380427198, 90.5134842820345, 90.69631070492642, 81.63933284452987, 77.46317086284166, 73.02609411964733, 70.02521782899193, 74.47536274277495, 78.06572309555321, 82.29234098853405, 112.59583008560529, 114.09235384197468, 119.87520945090348, 119.50834609261564, 126.46795953765273, 127.83900652773035, 121.76765023941988, 110.19035475086196, 93.27566087364693, 89.63387590310252, 79.12429078955283, 62.3052901039386, 52.11984813066524, 42.80297979925382, 41.238677048520024], [70.50901407700434, 79.59275370275853, 86.33273760179588, 93.08224644530465, 86.84337720604157, 78.65023740582518, 70.13855205578325, 29.82612523183164, 25.46295897695384, 19.073816639956622, 9.914255727790415, 0.0, 8.564660268516551, 16.83153568356676, 23.965339022324475, 70.24406563751288, 79.47458300489399, 86.89585646410012, 93.38675899949328, 100.03499944536536, 98.29820058096523, 92.47241319526488, 85.31919081996298, 76.75642334764237, 67.70863623302267, 38.558402085410584, 32.43758328691498, 29.264228703092467, 25.235530114513328, 21.56424428061051, 17.486555217739713, 20.076974300548578, 24.40238762801456, 27.056237910582343, 32.51515441358422, 59.17042314236218, 60.792369926300225, 65.71682620509738, 71.15214162114368, 72.58429708480807, 71.23758690261127, 65.3295907019947, 55.65990892750958, 45.37709077226533, 52.50870655058132, 43.53564654948987, 42.05534213988804, 94.03022716619371, 85.94148000671075, 78.2059244857193, 76.31557023793076, 70.46005652424576, 67.0280702979399, 64.90368864324415, 73.9424503002553, 78.99064613562491, 83.99971161103859, 88.10840795911365, 90.57577495565032, 91.07048549242386, 82.07821534447119, 77.50320923902332, 72.33459686111793, 67.44345849828534, 73.51640726768781, 77.95539734187282, 82.60288772873163, 118.10926152257368, 117.6172423913941, 121.43789005292952, 120.1283673680737, 126.14810357470266, 126.37290388644118, 119.74173211101194, 106.99581278703668, 87.20757094731576, 81.7968028210781, 70.52587930240068, 53.06730672480851, 42.49440848423004, 35.45767419575552, 39.77768670078321], [64.92602609572485, 74.02468812721571, 80.81218783584166, 87.80840515509422, 81.03281167850136, 72.66650277679966, 64.27886802694884, 23.689074698498164, 20.022508630473006, 15.409019985822393, 9.564442291123354, 8.564660268516551, 0.0, 9.207335545768876, 17.244890596127593, 64.625824700365, 74.217585535899, 81.86758333571152, 88.56503089795746, 95.54172619115191, 93.51190035059417, 87.36935964775154, 79.95450809404012, 71.19771522124118, 61.921914624330846, 33.75550433935451, 29.092130960478027, 28.192340642474846, 27.773086346874898, 26.586049030463045, 21.649356186881352, 21.586368236938373, 22.290356147132236, 22.916475753576265, 27.57468601330802, 52.7045137823715, 53.310031674331036, 57.648593499233144, 63.438966083361464, 64.65400053857739, 62.95513168289221, 57.06902808537999, 47.84593556238328, 37.39071162811232, 44.0032303078432, 35.747167521281085, 35.48853258986934, 87.02934765681412, 78.44948888478662, 70.31665351918289, 68.5481605845369, 62.74912858713588, 59.881336582396564, 59.05938870618914, 67.50250527375532, 72.12997095589492, 76.99277452854191, 80.86860391134321, 83.4520105992498, 84.00722865549173, 74.54498417874079, 69.94903253117748, 65.004752138495, 61.13119986108293, 66.32930775771138, 70.47494604919416, 75.12718989468921, 115.21227836228003, 114.28211616421649, 117.68701041790807, 116.14162613887386, 122.00675336835849, 121.72654220923306, 114.54991243707367, 101.3320461882576, 83.9188975818949, 80.84432128722317, 71.08599791278742, 55.421875112514265, 47.55967614625211, 43.3594552084177, 47.53019385695162], [56.26190766090124, 65.26007209431515, 72.13914568171131, 79.46769586101018, 72.47711307375822, 64.0136328664084, 55.68097623478903, 15.042937583542285, 12.007450508618929, 11.731003648483835, 12.627114865005783, 16.83153568356676, 9.207335545768876, 0.0, 8.4682030612862, 55.76997514385064, 65.48337689416297, 73.22586531826626, 80.0414680862878, 87.25779072493671, 85.08061177223037, 78.72779521469621, 71.18398776407943, 62.35774173185797, 52.99364994477675, 26.54861544211641, 24.117826726846744, 25.961348962156418, 29.149098172407086, 30.398717090137243, 25.5439164003236, 23.21496253619103, 19.784982416085462, 17.242187472286282, 20.328443564564353, 43.568276326261056, 44.204480291193846, 49.0817185717718, 55.498846583519565, 57.63973912019812, 56.18549025273418, 51.118358208994906, 43.053350920804405, 32.2297088034092, 36.332816726900944, 26.73524275343184, 26.429378396017356, 81.15832334548635, 72.4215250800981, 64.45295454068595, 63.39940554874949, 58.13597409057123, 56.52468500210312, 57.77607545023821, 65.096909452714, 68.8323307896445, 72.99418568433941, 75.98074415908809, 78.09946817161682, 78.3072267817544, 69.11906787257786, 65.10809723355628, 61.01214219214233, 58.98888881049845, 62.53013997462515, 65.73674983784437, 69.79427710788589, 108.07411199307816, 107.53962867046783, 111.64744642735482, 110.5426128973983, 116.93699306581992, 117.37956171028588, 110.68037876422189, 99.12522462178462, 85.01186332707128, 84.07409807495156, 75.4695801931473, 61.16453377023091, 54.85978165308518, 50.60168020335829, 52.88081829045109], [47.82260555681895, 56.883081772238846, 63.70410924791833, 71.01657993250123, 64.08272073344365, 55.63862176695918, 47.26736571636956, 6.648730108551257, 6.438010373732712, 14.256245834415946, 18.752740241538806, 23.965339022324475, 17.244890596127593, 8.4682030612862, 0.0, 48.074387009032954, 57.615912377763834, 65.15232894333681, 71.82113875256425, 78.92774153670098, 76.70833740836325, 70.43366549883662, 62.95256417212095, 54.15038741506788, 44.903778667968496, 22.712072297514972, 23.310159286188714, 27.36075732077738, 32.516210972659856, 34.97952490238075, 30.74062119458668, 27.595077838859524, 21.890029559325267, 16.41880550690375, 16.795721935721044, 35.77092986658291, 36.963014388796054, 42.83321580198085, 49.122376682211986, 52.61978506973366, 52.12363166965718, 48.26656849808823, 41.21567455747442, 30.499692720243658, 32.5427233088242, 20.4408488308808, 19.382204863629575, 76.29554421872743, 67.96213941450992, 60.841080850622575, 60.64007005301235, 56.15546124392443, 55.59994451646265, 58.2590943982276, 64.57125879995405, 67.47893665921876, 70.75577747536144, 72.7408379980336, 74.06573528016251, 73.74431441201016, 65.55631371332099, 62.45266647182774, 59.33559203472954, 58.74026392515843, 60.92103943136385, 63.11733246069651, 66.27838402593643, 100.05042905166009, 99.59731899879093, 104.35979398137671, 103.77805090222678, 110.7983234068375, 112.36651669445934, 106.6624190325302, 97.8366354104511, 86.29258746509835, 86.56861955248063, 78.59398622830614, 65.20239323283018, 59.9121168913023, 55.37725518791291, 56.836609819859575], [18.32762777057552, 18.5295081035983, 26.284447926532028, 37.95266665503847, 32.72853362889986, 26.765690986390844, 23.5630309003291, 41.88291593585863, 44.869901055065256, 53.24111931670661, 62.16475941538003, 70.24406563751288, 64.625824700365, 55.76997514385064, 48.074387009032954, 0.0, 10.563686926981552, 19.6443319045867, 28.074184557476105, 38.10957732001752, 35.544434440903515, 27.072286627545665, 18.986146722301868, 11.810041018743414, 7.509053770991786, 36.42698082060223, 45.95071345669134, 53.876783497820774, 64.00396709316789, 70.6740247287305, 68.57113129657631, 63.09289886048483, 53.78204161527309, 46.680085579839904, 40.2377959600871, 14.843817978231511, 25.28040554709651, 36.71704208015409, 45.07214991555801, 56.05134856932615, 58.23546075253075, 61.89516336568853, 64.5171320957984, 58.90411712070137, 45.32004821738395, 35.502273297619986, 29.930974918129248, 78.35086257759995, 72.19070139180573, 69.27544028098723, 73.56294146759971, 73.6320076547826, 78.99561503068168, 88.45018003895918, 89.17644683768003, 87.57693222676909, 86.53139550405528, 83.03218541086646, 80.75213300332312, 77.90600479300633, 74.85375211633728, 76.39255483889742, 78.66354950770841, 85.83031990445316, 80.61679764407032, 77.36913746867401, 75.88038044828048, 66.4403575664505, 74.85488376163178, 89.19250419890386, 93.9751373583684, 105.36641541234883, 113.98922506410328, 113.70177940854238, 116.76399632489003, 118.97567692195956, 124.7805910779361, 119.61658873733639, 109.12189110582483, 105.25378834523183, 97.20196940485322, 90.40966433441208], [19.894650841697374, 14.987894851142439, 20.96903937005649, 32.49853665912873, 29.529992635409137, 26.18252945730441, 25.789529056058797, 51.231484640767974, 54.29550592444013, 62.755027783018, 71.50857529331633, 79.47458300489399, 74.217585535899, 65.48337689416297, 57.615912377763834, 10.563686926981552, 0.0, 9.379930227000731, 18.104364197886788, 28.640114303467662, 26.330739399485555, 17.74522797946865, 10.73277391746314, 9.037851148862487, 14.170570961650236, 46.09535765162944, 55.30470990389976, 62.81032490577072, 72.49080669291503, 79.09917911943717, 77.41432756714701, 72.13350470911509, 63.14560486709456, 56.26516178814384, 49.95586987408738, 24.565823072807756, 33.80968043960885, 44.192355821937, 50.702482792495644, 62.31543627750213, 65.45664043821164, 70.0338011849934, 73.15120720081038, 68.13037232681822, 54.93822403309341, 45.59602752774208, 40.12411733330104, 82.12483132180645, 77.23479010784749, 75.78333468422785, 80.6145554596241, 81.39291838465306, 87.0891953048512, 96.69591964590109, 96.88816227411318, 94.81794222552, 93.05419084723435, 88.74081629298743, 85.60165835923692, 82.21638929673647, 80.8729040147726, 83.29428710857323, 86.25268041762783, 93.83669630630324, 88.10822044061139, 84.22098592282552, 81.86079609580491, 57.67993552868911, 68.50929709528816, 85.38746421341247, 91.64013973674065, 104.04587481599445, 114.69627446974418, 116.19825600453977, 122.5977317415932, 126.3358411503989, 132.3099566952132, 127.25592884050826, 117.0472076618579, 113.28150196540989, 104.67319492868786, 97.2818329583845], [22.603440057024777, 14.597167438198277, 17.00083138302292, 27.012358377912992, 26.657362798243604, 26.129741887832783, 28.074870379660222, 58.61677491873721, 61.97401686153342, 70.79524255851325, 79.26231548899614, 86.89585646410012, 81.86758333571152, 73.22586531826626, 65.15232894333681, 19.6443319045867, 9.379930227000731, 0.0, 8.782884266805809, 19.53751549902989, 17.417471496122136, 9.170296796422406, 6.322282522704676, 12.665477994833237, 21.34461788078833, 54.81306559447387, 63.842436026379396, 71.07358402257798, 80.25997966565606, 86.59253693477012, 85.14748680195898, 80.14351163269556, 71.45590812257275, 64.59642339310277, 58.39602385685041, 32.53413337122041, 40.79001036214582, 50.22119202584193, 54.71795860379467, 66.68178490493116, 70.82263896900125, 76.09714972280165, 79.38499078726574, 74.924734022834, 62.610283576632206, 53.55688230284659, 48.4569019115745, 83.81445237706887, 80.24357750384607, 80.24291566159319, 85.48121013047086, 86.87015803359131, 92.70847693510912, 102.2572081024631, 102.00485257310247, 99.56960841214271, 97.16306262507909, 92.18719791620158, 88.24885777955456, 84.38806050539176, 84.71969303081877, 87.93110327557622, 91.44343330146721, 99.2122034714325, 93.16735708680798, 88.78325047736293, 85.64670559173867, 49.229147943436, 61.29970194515446, 79.98906642828304, 87.41347779261922, 100.59162258047307, 112.98068785209358, 116.14375293487073, 125.73886103996163, 130.7449872350134, 136.86019912292215, 132.0176177355336, 122.32358384090244, 118.98465255122036, 110.44011774838978, 103.37662132317261], [26.865977641909947, 18.06077603298, 16.424172184862467, 22.981474864200973, 25.70248284376023, 27.888954688035223, 31.509211240427486, 65.20318643164399, 68.82508436199214, 77.97487162514193, 86.12817294499766, 93.38675899949328, 88.56503089795746, 80.0414680862878, 71.82113875256425, 28.074184557476105, 18.104364197886788, 8.782884266805809, 0.0, 10.911798298510748, 9.170336507099726, 4.4199749070023, 10.794492871955306, 19.211064078789228, 28.63210042404161, 62.7503726571546, 71.62306280236096, 78.62476711806099, 87.33372737667177, 93.34712958614121, 92.08136799043969, 87.36103463644942, 78.96281236840785, 72.1021890328126, 66.01738465393699, 39.98590713505903, 47.46488004835316, 56.079814886661026, 58.73711095502575, 70.82269047408053, 75.84765085804892, 81.62032381593609, 84.89826577403781, 80.9114323046711, 69.59332374472986, 60.7195745136059, 55.96546122798592, 85.3133836323542, 83.02039174117029, 84.3407464405287, 89.86547672529632, 91.75031473163605, 97.60585702958272, 106.96172153447102, 106.3668636267845, 103.66365106154134, 100.7154610403016, 95.21843849256818, 90.57777334070046, 86.31446106446221, 88.18746842491444, 92.0636266455428, 96.00026217098828, 103.79147142883187, 97.58455983480195, 92.83400954989277, 89.04494150646572, 41.27536886911519, 54.17375829295721, 74.48860385579353, 82.9995335650347, 96.84615029722326, 110.85488038658097, 115.60834116563075, 128.1860970921403, 134.18453350084565, 140.3447989021379, 135.70212737418498, 126.54275941412611, 123.66703574736216, 115.34386468783141, 108.84737967142465], [33.035240841279986, 24.938583157621462, 20.280457558770955, 20.67305376554289, 27.22337344138942, 31.921157009003444, 36.58579689642791, 72.28023486586547, 76.17668119460521, 85.68328203015714, 93.34218596539253, 100.03499944536536, 95.54172619115191, 87.25779072493671, 78.92774153670098, 38.10957732001752, 28.640114303467662, 19.53751549902989, 10.911798298510748, 0.0, 4.404420396702157, 12.254704410665237, 20.16586231178037, 28.147432348385916, 37.51613621477689, 71.65971670596652, 80.26739155260987, 86.93459835322254, 94.93943874623736, 100.44866135122075, 99.39957177268909, 95.10474332527637, 87.15113319198565, 80.31616357428213, 74.43881313924149, 48.7748322122613, 55.58577532625427, 63.432398448698954, 63.93651425544916, 75.9665577258511, 82.02931927708578, 88.14951634315334, 91.06258027545024, 87.49779925751955, 77.75123119692661, 68.82374026231315, 64.39128592577646, 87.17407121757537, 86.47492044016911, 89.31832088473726, 95.0343336805303, 97.36801604057779, 103.0165104187501, 111.84329593721061, 111.02781144548749, 108.16574011138495, 104.68654376477795, 98.74949979507888, 93.32900919432694, 88.63777140233837, 92.31787517753395, 96.86433185289114, 101.13003560089821, 108.6309353893346, 102.51791643548586, 97.51497608375067, 93.07160252000078, 31.192653791217534, 44.541912101753304, 66.94159705573954, 76.81598753984356, 91.46962551793676, 107.53007475870601, 114.32070842121482, 130.52205432647426, 137.17530776433267, 143.08948130932225, 138.57757221114545, 130.0407428760532, 127.71540587514828, 119.7466416606491, 114.21795965569413], [30.019445960075462, 21.496319213809485, 16.379745503285513, 17.58441768454995, 23.42009720131872, 28.205885199404676, 33.339754274319056, 70.06767914124852, 74.17122756574138, 83.8640858622424, 91.61617012036436, 98.29820058096523, 93.51190035059417, 85.08061177223037, 76.70833740836325, 35.544434440903515, 26.330739399485555, 17.417471496122136, 9.170336507099726, 4.404420396702157, 0.0, 8.99566742799288, 16.982419940784702, 25.10335224774472, 34.65654152625294, 69.73145625273497, 78.57268362658039, 85.51125193472411, 93.80841925848088, 99.37424192974734, 98.09273422105875, 93.68011321144384, 85.50074073176387, 78.4780071791918, 72.48483100580232, 45.780077671630494, 52.00498758222526, 59.49064252442777, 59.9512054710897, 71.95864576906973, 77.96538958699934, 84.22772922136001, 87.45590709930038, 84.15880212701414, 74.18664717764997, 65.80638809314078, 61.867097649832914, 83.39708937320427, 82.49909706023038, 85.27102376625216, 91.04688028140635, 93.47573953846195, 99.29805183152801, 108.40537111411693, 107.36778396169419, 104.36888648462079, 100.83593234509405, 94.82945732080357, 89.4733045490848, 84.82676275269381, 88.34966411428935, 92.92417572252577, 97.3020327950359, 105.08231495501278, 98.70964315503078, 93.59125663736046, 89.11831068894604, 34.98795239455715, 45.8164312957429, 66.54750844855523, 75.73304739806701, 89.97549459733514, 105.22683340824823, 111.39566411557384, 126.91616184331805, 134.10661452228518, 140.54293081532293, 136.38698102430232, 128.1841245269465, 126.26079018621498, 118.94367020676408, 113.95193681194323], [24.293136003505744, 14.962528864271938, 12.491347032869674, 19.706729316469566, 21.683851819333594, 24.120560708569936, 28.44456393265729, 63.82422779205843, 67.77722788338112, 77.25017224687574, 85.38204357913222, 92.47241319526488, 87.36935964775154, 78.72779521469621, 70.43366549883662, 27.072286627545665, 17.74522797946865, 9.170296796422406, 4.4199749070023, 12.254704410665237, 8.99566742799288, 0.0, 8.37821987533521, 17.12913999908255, 26.861091040915554, 62.2409004056928, 71.33449021722332, 78.58899978129779, 87.46804270853168, 93.40438293447755, 91.8970925493203, 87.14766501600852, 78.59010047304088, 71.49916785022529, 65.32819307089441, 38.02402660476232, 44.60904962861917, 52.65877288423984, 54.848290245663, 66.91041942263044, 72.08421559431946, 78.08042609803071, 81.62450206288281, 78.03301101154693, 66.81136253899756, 58.57627405226246, 54.53643699303868, 81.09361458398892, 78.8537751007485, 80.3664593989033, 85.98779627273825, 88.05828485296726, 94.05694424675487, 103.61014564271463, 102.73093948019088, 99.85415450843007, 96.75356402505432, 91.11373922057197, 86.41053095400173, 82.12759017524455, 84.13904489872343, 88.16399015053632, 92.27908054805616, 100.3105354296526, 93.84571584498434, 88.92858390835211, 84.99297240423982, 43.237637730935226, 53.60203379479624, 72.42848354979725, 80.38217805334592, 93.87496605731974, 107.31143398901959, 111.72105451912991, 124.17425269684264, 130.85252257950506, 137.54159375710438, 133.3353288914352, 124.70749425937412, 122.44142344987056, 115.01406989472754, 109.4603930767914], [17.962923263334314, 8.895240410084991, 11.297845299212675, 22.33211217480736, 20.692137676811715, 20.029066820701708, 22.789828428812317, 56.39769968156118, 60.32608518442056, 69.74626743554676, 78.06077502145493, 85.31919081996298, 79.95450809404012, 71.18398776407943, 62.95256417212095, 18.986146722301868, 10.73277391746314, 6.322282522704676, 10.794492871955306, 20.16586231178037, 16.982419940784702, 8.37821987533521, 0.0, 8.981978740570364, 18.69946014477525, 54.45839151443474, 63.744154274083805, 71.2622944628245, 80.50409842645826, 86.58171457170238, 84.82315121002057, 79.88886794716872, 71.08313819141867, 63.872457660648514, 57.597489422002035, 29.787793387608204, 36.731133842722556, 45.44592724485047, 48.99470769895697, 61.02174456513626, 65.5703211218967, 71.14094259695511, 74.59563584619063, 70.65750346057995, 58.86244306511701, 50.519475729528914, 46.50866875294955, 77.55026822781139, 74.17989807454035, 74.57987913503148, 79.94440216418849, 81.58646894089934, 87.52316787736457, 97.1902468367023, 96.610834805492, 93.98551117301405, 91.3558433433055, 86.20094440515909, 82.10651129377538, 78.17918049844167, 78.84840478072557, 82.30327636458311, 86.0377825099661, 93.99525734964449, 87.71019590633787, 83.12852231161165, 79.7568681097877, 50.41040999665475, 59.16344663764015, 75.91665969448786, 82.6223264607114, 95.36674077938493, 107.1199612637562, 109.97558958836393, 119.70489605535802, 125.4452181632965, 132.13780290806247, 127.84325497940048, 118.91682733253882, 116.48951912822582, 109.27479126895368, 103.8147604420897], [11.381550807841833, 6.939607339448899, 14.516192181515645, 26.197730270335196, 21.717905934623367, 17.327144944207113, 16.948635902178975, 47.63687566096625, 51.63679965292441, 61.16376217191963, 69.50340842598366, 76.75642334764237, 71.19771522124118, 62.35774173185797, 54.15038741506788, 11.810041018743414, 9.037851148862487, 12.665477994833237, 19.211064078789228, 28.147432348385916, 25.10335224774472, 17.12913999908255, 8.981978740570364, 0.0, 9.779275101749313, 46.15886413229889, 55.55996940352702, 63.27032165405171, 72.65641342251914, 78.6785901381377, 76.66299459348986, 71.6793592848448, 62.75209986395976, 55.37697812126976, 49.06595852107473, 20.909199561642264, 28.616580619323933, 38.37653128034453, 43.09270104263549, 54.97629172646074, 59.03185450577335, 63.91794988594367, 66.7859196834854, 62.30445498621008, 50.585429093260245, 41.61310965026398, 37.592129674080105, 73.69727726056436, 69.30477487052704, 68.60996097788251, 73.57229558272334, 74.63930213153297, 80.24224463264639, 89.6763677832002, 89.62158934932334, 87.4292651241375, 85.37696587471639, 80.88777166950354, 77.4207733986171, 73.87504747816125, 73.23093343804126, 76.01763844099885, 79.18551805782728, 86.69790530557478, 80.92512576237704, 76.87341808123851, 74.16869046891702, 57.010209223263416, 63.72874477971305, 78.28367523164385, 83.7053590017519, 95.67309769104062, 105.80857282127481, 107.22987606737364, 114.36019259431949, 118.56800627726535, 124.93902315170611, 120.42173269539288, 111.16528169899208, 108.60645727567731, 101.74205799308717, 96.81859509726088], [11.54361962753213, 14.74246416954822, 22.758901123076175, 33.7369886580105, 27.652313664628807, 20.67876978809992, 16.33074855374689, 38.497084217718644, 42.394426140196735, 51.84099871696432, 60.312148806947306, 67.70863623302267, 61.921914624330846, 52.99364994477675, 44.903778667968496, 7.509053770991786, 14.170570961650236, 21.34461788078833, 28.63210042404161, 37.51613621477689, 34.65654152625294, 26.861091040915554, 18.69946014477525, 9.779275101749313, 0.0, 36.9092277332788, 46.44166391663578, 54.391971956213254, 64.03915677679059, 70.09502912545081, 67.78096202853901, 62.66395596106031, 53.545175848445304, 46.02815267961029, 39.65597444055101, 11.417775253108156, 21.147840148286964, 32.49505016481132, 39.226274619195614, 50.50531592330876, 53.591117054146245, 57.40793925709155, 59.51726571728114, 54.17997646756955, 42.25589965650962, 32.240095650497985, 27.854020778764564, 71.93718884022124, 66.23042019704319, 63.96554309942392, 68.31633613284416, 68.55413658750777, 73.70552748196377, 82.83961649882102, 83.5079946205669, 81.90583068342298, 80.66736551077443, 77.09597860333342, 74.52887141161277, 71.54155270111174, 69.0940357796366, 70.90600804517908, 73.26494720457062, 80.1792789520906, 75.10673178316159, 71.81005539788504, 70.06975460776046, 65.17302895249414, 70.65306721189252, 83.25805208824981, 87.41491056995602, 98.48928962584304, 106.8104168493416, 106.56845395085487, 110.3749231552712, 112.61406441713739, 118.51376051479627, 113.6395932604023, 103.8082576046596, 100.85558931968734, 94.13607420947663, 89.44582693851986], [44.66706015494756, 51.24389377393451, 59.17130573667166, 69.08859096055689, 62.7464653733297, 54.52133096987589, 46.90483529294253, 20.493215689811763, 17.523157129857307, 19.549295570588242, 29.05158950262374, 38.558402085410584, 33.75550433935451, 26.54861544211641, 22.712072297514972, 36.42698082060223, 46.09535765162944, 54.81306559447387, 62.7503726571546, 71.65971670596652, 69.73145625273497, 62.2409004056928, 54.45839151443474, 46.15886413229889, 36.9092277332788, 0.0, 9.883207391580985, 18.585781901765287, 29.77411024904983, 36.8845348602624, 34.001057054082345, 27.799198406833728, 17.918054072190014, 11.691046111984763, 6.376922984957087, 29.01834551428854, 35.35344262647714, 44.98051769589231, 55.836282952928684, 61.95264697811381, 60.49435943427789, 58.50868492937447, 55.840517926889056, 46.12685359033425, 37.27702859972598, 24.043696446015492, 14.89637576400733, 88.46726395319635, 79.49361439141059, 71.97988015543753, 73.06170794679703, 69.47112568