{
	"dissimilarities": [[0.0, 9.782797724167972, 15.887552108298182, 24.579068606075065, 18.442573576165202, 11.211876897748075, 6.4012674570520005, 41.30441241922284, 46.214996774376964, 56.74064454395436, 64.26708263558227, 70.50480099490846, 64.93359858193676, 56.26266676103002, 47.825069231006424, 18.260638432522583, 19.840556740743217, 22.584411556325062, 26.863891589937765, 33.03820693283413, 30.0296861264359, 24.28260537227558, 17.929807461529002, 11.344104640157765, 11.466376368176219, 44.6488266925672, 53.68362524885192, 61.19505657685774, 69.75555739822558, 74.85971746685001, 72.6174032302256, 68.20184736832402, 59.7457331044776, 52.08627149130647, 46.12615859913574, 18.826061555180864, 24.689649427493094, 33.81614366830702, 36.00568668062712, 47.93948203369249, 53.01846845268564, 57.59992103674918, 59.123460819437064, 54.712768211958505, 46.19965553142291, 36.54582432719368, 33.819745085682726, 65.62437218821262, 61.71745627354165, 61.6263062085763, 66.33016581019243, 67.29944983841798, 72.1995240908371, 80.71248866212166, 80.9969554305426, 79.1298653283026, 77.12564028457817, 72.94142158161314, 69.30681703347574, 65.70522139419467, 65.55529046549513, 68.37058064218176, 71.29355811990675, 77.90252853133973, 72.85074928435746, 69.11082701463877, 66.39921627052139, 58.92645742762185, 57.64374351330871, 65.71310203438037, 70.56418283171226, 82.2244278749443, 96.63546146729372, 97.8000212694716, 105.25961147973243, 108.33424741215794, 114.30168732872731, 109.84766021773008, 102.44415287124853, 100.85608668827291, 94.30509592637188, 92.4977080058976], [9.782797724167972, 0.0, 8.076068190002978, 19.441157446472186, 15.001699805130382, 11.817130973406067, 13.950898714722038, 50.34522243739662, 54.903456097186265, 65.00300619493254, 72.91443484889174, 79.58040585466213, 74.03206773643109, 65.26344463459898, 56.88872629147323, 18.509540244334676, 14.964792275619901, 14.594233163125802, 18.065110550103725, 24.921049021840012, 21.49972656834805, 14.96799136025141, 8.88066627676015, 6.93644326820576, 14.725073809899023, 51.242700466244315, 60.54304212807729, 68.16115967537573, 77.12998946917139, 82.69375079130145, 80.6525380554015, 75.97130334094834, 67.2751383611856, 59.7505577301238, 53.56770811778531, 24.885397537416377, 30.689238966483124, 39.0598772020694, 41.36432429664843, 53.51848877548507, 58.582987575466724, 64.0598273393847, 66.93381123305609, 63.170937400580584, 52.97903423332077, 44.52180226009798, 41.524564259171164, 69.86466850657821, 66.5550178079206, 67.16515882827247, 72.4001667742259, 74.00472532236518, 79.6320327421719, 88.92611459619609, 88.44992229644792, 85.96449785227964, 83.37444559275889, 78.40288159635674, 74.29185867678842, 70.37984940387634, 71.12923929354724, 74.569190602748, 78.19782918827434, 85.7765783549198, 79.7846855193902, 75.34379065432279, 71.99784428965775, 53.44512605078699, 54.47785757534631, 64.8238501203031, 71.29635411386614, 84.10158400492584, 99.82625989811643, 102.0797764881839, 111.45372693408763, 116.67290654329261, 123.38133721071317, 119.34956941093625, 112.14069219547429, 110.51884880401921, 103.33851324251627, 100.19644427346392], [15.887552108298182, 8.076068190002978, 0.0, 11.889362178027339, 9.748510490840587, 12.038239746161024, 17.906284368080694, 57.19162301282063, 62.028757096624666, 72.38950233552151, 80.03604305666919, 86.31957345591886, 80.8170567157343, 72.14263533878406, 63.70806214152637, 26.288738960273065, 20.96814268255415, 17.010827522186595, 16.425447839465047, 20.247453651939374, 16.369530081881184, 12.487377970043548, 11.296983212155848, 14.534086423992221, 22.759202890081237, 59.179437846530625, 68.41080095882003, 75.93550398303199, 84.63716020248047, 89.9651127443624, 87.97872900352282, 83.48812457920384, 74.95473345422921, 67.40572423468039, 61.30285979474212, 32.489759587036545, 36.81254614445469, 43.597571834291884, 43.69193137468337, 55.8099068158194, 61.75920468448008, 67.94604364602145, 71.19130040314523, 68.28332623778947, 58.91512336980515, 51.3750060842123, 49.072438043142974, 69.03992663944683, 67.1053844329964, 69.22940367921126, 74.84758422423512, 77.13889248684126, 82.96298328128509, 92.2968504793823, 91.18607424587573, 88.2399112841958, 84.95578639804845, 79.28795226236349, 74.40590882627367, 70.0544160743755, 72.51884808193002, 76.77049691282969, 81.01745220823699, 88.90454501260754, 82.45672330878827, 77.46610322333221, 73.31746726349002, 48.37155595092291, 47.979595881636875, 58.41766331937401, 65.68916357906203, 79.26391518734302, 96.02442637622904, 99.62125353104452, 111.89975271525569, 118.84706667883324, 126.08028357576303, 122.6726062251518, 116.20617167569159, 115.37983821511726, 108.99991929468979, 106.64558339254513], [24.579068606075065, 19.441157446472186, 11.889362178027339, 0.0, 9.644336977480933, 17.38426441843853, 24.35682771487576, 64.6201353936992, 69.86829805827355, 80.66131268264674, 87.63878671335934, 93.0789743539432, 87.80823235369846, 79.4649642685623, 71.0117903238631, 37.92268732159771, 32.46212842202707, 26.995140615182763, 22.96369189280731, 20.673158909832576, 17.579782218604585, 19.659014668106078, 22.292515793423856, 26.18460791685176, 33.70606322912305, 69.08056342858823, 78.00458048225546, 85.22916498268096, 93.19629984136354, 97.89182512432882, 95.98880779552456, 91.98785748441362, 83.93170186737758, 76.38083523839518, 70.55905103177594, 42.616752305002194, 45.50495660152117, 50.54912381844102, 47.27153970223282, 58.88686845712794, 66.19921520937112, 72.86467303398956, 75.76505029549014, 73.78451531525661, 66.73170829423458, 59.758338500626806, 58.278025249918734, 67.0502618771889, 67.38443284824105, 71.71920935060162, 77.55938511684006, 80.55329933303635, 86.1251528983661, 94.82458648024095, 93.20710353357325, 89.94144021625806, 85.8722479614268, 79.57025348612703, 73.63249784854982, 68.71014862611602, 73.73470317932863, 78.93664213455745, 83.70630451923994, 91.31182619013417, 84.84948546548209, 79.45872941596929, 74.37619889550147, 42.759875540347835, 37.48673982664634, 46.9231114996489, 55.14328062054, 69.88747909827558, 88.02050774281606, 93.79198913795878, 110.47803208944694, 118.8209500708119, 126.21398963263196, 123.42853708631496, 118.03550311343756, 118.4235707840432, 113.50339742308772, 112.96695315105481], [18.442573576165202, 15.001699805130382, 9.748510490840587, 9.644336977480933, 0.0, 8.701636330302131, 16.86755917588985, 57.831332413898956, 63.35980759359727, 74.27819306034648, 81.37753021865332, 86.83217435533159, 81.0376779381426, 72.48146063602533, 64.08685149209234, 32.736766783386685, 29.5333963400184, 26.668832668192398, 25.705955479920178, 27.20310911828606, 23.41532195913492, 21.681294093902604, 20.695296080555647, 21.736944504877172, 27.656073734837797, 62.75726801558813, 71.90511323649784, 79.5083970079384, 87.93607356007675, 92.71747190231817, 90.38603426198058, 86.17624232868236, 77.79484105205185, 70.0214485025731, 64.10485821321217, 35.14990073651605, 36.521451223489585, 40.95701772065277, 37.97126142043962, 49.75523530035188, 56.75663056837984, 63.426941074316275, 66.72999587008182, 64.97284151149053, 57.44539766617265, 51.422896230342076, 50.98966979176545, 60.23992460853835, 59.32792870097722, 62.79510305016857, 68.60957803044909, 71.47808302859879, 77.29744919459108, 86.53482654922621, 84.795472815808, 81.49362004612584, 77.66239211994072, 71.56973430280667, 66.14406143819846, 61.52339026981239, 65.30291117276627, 70.19307105538854, 74.89714486235478, 82.90898284600706, 76.15229296043267, 70.78557085903566, 66.01562814926783, 51.96137727320408, 46.05436105613152, 51.99915322095675, 57.55384523657328, 70.15478528396939, 86.52738042659456, 90.04092790864398, 103.5456405899138, 111.91942180389844, 120.0421099399166, 117.84416117744303, 112.63240439272181, 113.3254899759523, 109.24699038714256, 109.40998919924651], [11.211876897748075, 11.817130973406067, 12.038239746161024, 17.38426441843853, 8.701636330302131, 0.0, 8.579017047451531, 49.40995912297197, 54.96666861143606, 65.87619484487874, 73.0572907058706, 78.63615103834933, 72.6713315757067, 64.0164224529867, 55.64218615300961, 26.764463388756816, 26.178141945876106, 26.133954527968665, 27.890226582528364, 31.90202813044942, 28.202123436425882, 24.119748755817625, 20.026468908737158, 17.337063878296924, 20.674440316934362, 54.526923625792115, 63.67316441641488, 71.37772078180888, 79.95007353629887, 84.76806114615434, 82.25504487400899, 77.95456537151854, 69.47295066863772, 61.63611500525272, 55.72187066752437, 26.90825322951592, 28.30674584670808, 33.788537189241765, 32.33305829774403, 44.447191273500984, 50.83290635338909, 56.83975683347642, 59.65596068220419, 57.18952925413638, 49.383336390007514, 42.75395554157828, 42.39940178143359, 58.49768166800905, 56.01049310038264, 57.92597598805146, 63.361502802264056, 65.54594155194096, 71.136665733237, 80.32769194195886, 79.21651430727832, 76.39295381657878, 73.27173508600772, 67.93432593170087, 63.32381962610365, 59.177051801676754, 61.0895942231022, 65.15988931626266, 69.23727150473364, 76.91838348700479, 70.63056099889144, 65.82488472337641, 61.87359096219395, 57.66361624046141, 52.69717486762828, 58.03315077549564, 62.259217800261595, 73.62313038772594, 88.51916117539491, 90.28975978590918, 100.43657620157838, 106.97093400454442, 114.68245354466366, 112.03248398498967, 106.2689397063258, 106.48688405896975, 102.20414002502014, 102.33792505232186], [6.4012674570520005, 13.950898714722038, 17.906284368080694, 24.35682771487576, 16.86755917588985, 8.579017047451531, 0.0, 40.97852714421456, 46.51268109215505, 57.48077043398891, 64.55397657519262, 70.13321959125805, 64.28488137350399, 55.680860682800414, 47.26820074361466, 23.51459671989685, 25.74968784423776, 28.060280696124156, 31.505901650402517, 36.58589417380554, 33.34611487829996, 28.433180252308986, 22.763520365213637, 16.925667004257054, 16.277840620290426, 46.88944941685972, 55.77647445815738, 63.31877793842568, 71.64492986703881, 76.30875236099503, 73.77482754950252, 69.58021833630995, 61.263168339623206, 53.452360649903916, 47.68867893618779, 20.663734089935485, 23.32734365367109, 30.679966210811735, 30.7670322550416, 42.70117151365473, 48.49956877163063, 53.34219248181981, 54.80781324361282, 51.131799407294096, 44.02299149245713, 35.56466933665426, 34.64514433391568, 59.402645889038055, 55.820412645914125, 56.33458606040671, 61.12476674977922, 62.381120252831906, 67.26006405326481, 75.74622113141078, 75.68936789406679, 73.64989230765609, 71.38785768190529, 67.0509696223213, 63.20443351187438, 59.517901173515966, 59.85998140414667, 62.97065859061918, 66.11234725798732, 72.78487219264922, 67.57080969184676, 63.654410378291196, 60.66159403542549, 61.47796984055578, 57.22116964614388, 62.60325701377061, 66.14451979995944, 76.88488264162197, 90.70448090277303, 91.46893010651071, 99.12157213387184, 102.88193180457543, 109.45398217116018, 105.80859317759379, 99.2356028393151, 98.72932507584345, 93.90891647148382, 94.01920770384591], [41.30441241922284, 50.34522243739662, 57.19162301282063, 64.6201353936992, 57.831332413898956, 49.40995912297197, 40.97852714421456, 0.0, 6.749154623334317, 17.958487354854306, 23.959031019848968, 29.790995551247182, 23.69082640140495, 15.04441956387517, 6.648857404815732, 41.88714291470218, 51.23352634287768, 58.62263467387109, 65.20687136675647, 72.27365009187157, 70.06862270582076, 63.827252581145494, 56.40062622765014, 47.645011194858895, 38.49862417545279, 20.511789187210045, 23.58350389057362, 28.9572137935218, 35.27184430343615, 38.55320361981563, 34.8598876797563, 31.244032418939224, 24.39430367253507, 17.523453172349363, 15.544099860586138, 29.779962442692252, 32.07655413158879, 39.18003709101701, 45.52730486028861, 50.46159387581634, 50.690072530288376, 48.037116467276704, 42.16632669726374, 31.976692320110004, 31.89026248814967, 17.440342028971134, 14.570556403686549, 74.14465558695308, 66.21508778305245, 59.87561965105166, 60.40040362770994, 56.63878501831527, 56.990194265817, 60.724047866998696, 66.20380216219533, 68.41227782008482, 70.94326531990582, 72.05724973929377, 72.68912994911052, 71.8877915142186, 64.62862734812747, 62.30831630178527, 60.081694102937576, 60.663657289299955, 61.706345836221935, 63.01290424139819, 65.38892628927606, 93.73913810037072, 91.44041232461056, 95.23430548829191, 95.44041536262812, 102.04626353620203, 109.82632866870132, 105.08642395114664, 98.65503449393944, 89.05849596181768, 90.06861191080779, 81.96806751848929, 71.19702487213938, 66.30673077041729, 59.19401888725459, 59.94407435392576], [46.214996774376964, 54.903456097186265, 62.028757096624666, 69.86829805827355, 63.35980759359727, 54.96666861143606, 46.51268109215505, 6.749154623334317, 0.0, 11.422852798757804, 18.2402261410778, 25.412739640135893, 20.020644109843943, 12.009673540591724, 6.438571609241759, 44.881243139011396, 54.30277698164802, 61.982715611025746, 68.83005167098771, 76.16909659153222, 74.17191381098876, 67.78232013055229, 60.33224773089966, 51.64816352589608, 42.4015222049952, 17.559467943619364, 18.115769708240773, 22.53006291985511, 28.57591901586274, 32.10176147836, 28.400281016047323, 24.546424369164445, 17.82771371339682, 11.54375865194149, 11.535752940867667, 33.859401261568905, 37.18430626023297, 44.64303487557643, 51.87406298929572, 56.52546468511938, 56.09063631643766, 52.88049097614257, 46.772572550161165, 36.212276985404564, 35.756852234140254, 21.800467555014915, 17.21584447700141, 80.60430772094055, 72.40726986434554, 65.51405884764822, 65.70156744625356, 61.510912015730774, 61.47132558059101, 64.59511849855132, 70.67787245182231, 73.31098666486744, 76.3128743843462, 77.86222237721657, 78.85265625900848, 78.2437336065174, 70.45185500004628, 67.67545634185448, 64.97693548031297, 64.94394569904613, 66.62409186553162, 68.39564178748532, 71.21707851081628, 97.26219057169939, 96.2899411557416, 101.06306861456358, 101.65061037385793, 108.47571241776463, 116.18571823036103, 111.32883783913957, 103.80422467095721, 92.59219770909428, 92.46226792452973, 83.28464516257134, 71.43946860798076, 64.91725727945537, 55.68468099691466, 54.503546766564426], [56.74064454395436, 65.00300619493254, 72.38950233552151, 80.66131268264674, 74.27819306034648, 65.87619484487874, 57.48077043398891, 17.958487354854306, 11.422852798757804, 0.0, 9.5004784154283, 19.04439467337335, 15.43074453620466, 11.735882239426655, 14.264494446078173, 53.229735909322194, 62.746974580596095, 70.79395179311331, 77.97672233463025, 85.68019438697685, 83.86690317238994, 77.2520755313883, 69.74377669560926, 61.16214266552016, 51.832848113907886, 19.532003437072422, 13.951369617431723, 14.343363257068024, 18.809323411795198, 22.36431352796135, 18.039591291949908, 13.647732236129087, 8.39224687654278, 7.964565004296529, 13.725929271593452, 43.23729412616064, 46.72257016790318, 53.774176450574814, 61.97440745196211, 65.642869365495, 64.01656907972118, 59.71171873748014, 53.1212071916049, 42.33835205500155, 42.17630708274642, 30.347601807255497, 25.819731733132492, 90.27052486795246, 81.48556186993407, 73.53156647791454, 72.99638130493722, 68.03689926103539, 67.23481519858225, 69.28758927683882, 76.29650005543719, 79.66882956716704, 83.55069005322953, 85.9906643716947, 87.7712843477256, 87.63903260030688, 78.70849159937774, 75.03139256781594, 71.4463313256575, 70.31865810233191, 73.10518178397344, 75.76397134802335, 79.4679339764945, 106.42472343024315, 106.7616177371125, 112.15601473240031, 112.75938438933686, 119.31613306473388, 126.32866698018631, 120.7086621911432, 110.49291053383719, 96.65995115433128, 94.9685694106478, 84.53447786810912, 71.38278737043261, 62.62677801479096, 50.954643534644354, 47.294494225385996], [64.26708263558227, 72.91443484889174, 80.03604305666919, 87.63878671335934, 81.37753021865332, 73.0572907058706, 64.55397657519262, 23.959031019848968, 18.2402261410778, 9.5004784154283, 0.0, 9.921598746464406, 9.558477315008966, 12.58991745441379, 18.7255526880691, 62.13120238190079, 71.48196862882757, 79.2485801280087, 86.120840672265, 93.33999545838999, 91.61485896495725, 85.37106783015916, 78.04396521913695, 69.48813022230867, 60.28439222908938, 28.999086874064812, 22.48090310945034, 19.747095373391755, 18.322083563026666, 18.009421464832347, 13.123284664363718, 12.4417570516712, 14.543854916583054, 17.3520868192182, 23.196218300000563, 51.752910473985004, 54.48778887391452, 60.57929207540494, 67.5793909671067, 70.20702503623278, 68.58279800225681, 63.4181326533654, 55.2807856225344, 44.578773322921904, 48.0471808404328, 37.515803652770096, 34.38978013246503, 93.49632084739196, 84.96961826562206, 77.00327561944371, 75.75777764836728, 70.28514801146423, 68.18109312529197, 68.21450551700711, 76.30252786695172, 80.5349700797916, 85.03781716816623, 88.34013152670762, 90.50228546447956, 90.68373311713825, 81.61090552586553, 77.41128894115447, 73.0043315232953, 70.02334221732497, 74.44809321558246, 78.02230057593012, 82.26270986222698, 112.68486911364653, 111.98909026993012, 116.34194023587426, 116.19631059543073, 121.94346454268018, 127.82508953124376, 121.74292412041723, 110.18836222532317, 93.27102081772293, 89.6278322365666, 77.94778891072966, 63.971502158319225, 54.1314400024314, 42.50159096498248, 41.478707358125256], [70.50480099490846, 79.58040585466213, 86.31957345591886, 93.0789743539432, 86.83217435533159, 78.63615103834933, 70.13321959125805, 29.790995551247182, 25.412739640135893, 19.04439467337335, 9.921598746464406, 0.0, 8.480550484189168, 16.773961822575522, 23.91751425378917, 70.20930911939148, 79.44513460304651, 86.87966466362036, 93.37515266178848, 100.03112445584576, 98.29288448014806, 92.45490226087877, 85.29813590529741, 76.73923878664333, 67.67708966329243, 38.511970471355866, 32.39460508017504, 29.25059505575403, 25.2177602433439, 21.563147410627977, 17.47324385365854, 20.048526488288218, 24.352945154549115, 27.00650938065129, 32.46349125365966, 59.10046665514101, 60.74831309153843, 65.64951269286986, 71.0969318424815, 72.58329518922065, 71.14447944818741, 65.2789589070906, 55.65567742539507, 45.42976384441154, 52.708233579991294, 43.570711518086526, 42.04799439901593, 94.02317823906706, 85.92395712649412, 78.18102036567946, 76.2584407404163, 70.41775261471923, 66.99495721560066, 64.89569792450517, 73.93672707269565, 78.9662514690562, 83.97588600920999, 88.08765134577526, 90.56457263165925, 91.05528818676368, 82.04720329445878, 77.44354726187258, 72.31291350018628, 67.44703700644993, 73.48643705096816, 77.9056894482558, 82.56973604176443, 118.17883893084046, 115.75879471120076, 118.44306457862899, 117.23291325661717, 121.85290593566869, 126.35722666064798, 119.71942538859967, 106.97876875502928, 87.20220740174366, 81.78717730903556, 69.1686467256756, 54.72375271231684, 44.53488333805999, 35.13406267702528, 39.973020146110926], [64.93359858193676, 74.03206773643109, 80.8170567157343, 87.80823235369846, 81.0376779381426, 72.6713315757067, 64.28488137350399, 23.69082640140495, 20.020644109843943, 15.43074453620466, 9.558477315008966, 8.480550484189168, 0.0, 9.215666335640627, 17.245091201626074, 64.63170105948969, 74.22172756005101, 81.87507259292704, 88.57056849322517, 95.54035063321645, 93.51560686002381, 87.37361554073583, 79.95924166225983, 71.20694261886834, 61.92558890212212, 33.77178843860314, 29.11220666793589, 28.22093062898605, 27.774019793653583, 26.5561466099581, 21.643875797728118, 21.593741583702002, 22.30433377472589, 22.929896365137044, 27.584658608291743, 52.68663994073278, 53.32097117694206, 57.64310121825939, 63.42936752601127, 64.69538721489396, 62.926180448375774, 57.08404660947443, 47.89172336745869, 37.48798119157931, 44.28139212486269, 35.83922688907456, 35.530671982823925, 87.0407844313457, 78.4657893928899, 70.34046933743502, 68.5440096062364, 62.76102337459616, 59.89420818868356, 59.07417260412361, 67.5259106154633, 72.14269747150273, 77.00370238674549, 80.88171187867053, 83.46620623848017, 84.01575418075296, 74.55442960485506, 69.93846022490044, 65.02727649845735, 61.15854490918577, 66.34197046589262, 70.47165271025061, 75.13377573477561, 115.27051404252393, 112.31822279354905, 114.39885884293615, 112.86904186983547, 117.18565806832706, 121.67900672455646, 114.50549964496707, 101.33999298201027, 83.8958559942198, 80.78876399540309, 70.14688886793817, 57.20352497961483, 49.44883359590407, 42.93835751913522, 47.65879254229823], [56.26266676103002, 65.26344463459898, 72.14263533878406, 79.4649642685623, 72.48146063602533, 64.0164224529867, 55.680860682800414, 15.04441956387517, 12.009673540591724, 11.735882239426655, 12.58991745441379, 16.773961822575522, 9.215666335640627, 0.0, 8.469823417972597, 55.770211795388384, 65.48347651239041, 73.22959095986053, 80.04493365259798, 87.25290903822767, 85.08243108443128, 78.7314262856356, 71.18600975629586, 62.36230263870215, 52.99320217744013, 26.555477303446253, 24.12752619394361, 25.975191755472892, 29.14678454535294, 30.362900747669563, 25.536790885203192, 23.21404403551835, 19.78926164993515, 17.246429180416012, 20.329914620107775, 43.545176939667186, 44.20680590187902, 49.066206747673384, 55.48461544047132, 57.67162187833872, 56.14728192380346, 51.122727879130245, 43.08701112244386, 32.30819742453027, 36.61379905128131, 26.822220990383947, 26.462995851285417, 81.16408513879007, 72.43127694877313, 64.46802788776115, 63.38844814320105, 58.13935864962852, 56.53011549942758, 57.783015478660246, 65.11129594035657, 68.8387244798079, 72.99945400990785, 75.98785988849058, 78.10770802845417, 78.31163430396929, 69.1223665493274, 65.09274072489393, 61.02601356638579, 59.00493815000061, 62.535848826316936, 65.72830782816649, 69.79531120751417, 108.14521676450079, 105.44468179272668, 107.97386809008859, 106.90357092266, 111.83097773509576, 117.33133930987978, 110.6312658376571, 99.13865220090294, 84.98705173836898, 84.02259077904314, 74.81430292040726, 62.951359910510284, 56.65888921872848, 50.22273642771337, 53.02328600871331], [47.825069231006424, 56.88872629147323, 63.70806214152637, 71.0117903238631, 64.08685149209234, 55.64218615300961, 47.26820074361466, 6.648857404815732, 6.438571609241759, 14.264494446078173, 18.7255526880691, 23.91751425378917, 17.245091201626074, 8.469823417972597, 0.0, 48.08082989620526, 57.61999428477925, 65.15897112939734, 71.82545047750284, 78.92129683789493, 76.70947516438007, 70.43794119280703, 62.95685959030576, 54.15900406771659, 44.9074229505388, 22.73250213569272, 23.330273053411744, 27.37987767732818, 32.512469643421795, 34.94351555217225, 30.73105574175765, 27.59476421997655, 21.900041502884445, 16.432289098127686, 16.808637455692743, 35.74926856079562, 36.97718413370649, 42.82753016054416, 49.112252366994795, 52.66430499186989, 52.093532764671366, 48.28420945848534, 41.26132836973785, 30.595678781115627, 32.881492525913735, 20.57520882399413, 19.443078047063896, 76.30458877712255, 67.97833906467007, 60.86641697986175, 60.637266753256554, 56.16858451485838, 55.612918620432104, 58.269339005765644, 64.59100646009249, 67.49128561002985, 70.76651842827741, 72.75370491740816, 74.07854260393812, 73.75190838647846, 65.56629558509323, 62.44372119704605, 59.35777663443502, 58.76124538684933, 60.933825363621764, 63.11539100659327, 66.28554860617, 100.11707885551294, 97.42159498179939, 100.42569935576942, 99.9229310874142, 105.65300445869576, 112.3092667022696, 106.60787653288361, 97.85011170446715, 86.26444540289974, 86.50986431828439, 78.01763971344194, 66.85988233543667, 61.562139632566485, 55.01486566155883, 56.95478520120548], [18.260638432522583, 18.509540244334676, 26.288738960273065, 37.92268732159771, 32.736766783386685, 26.764463388756816, 23.51459671989685, 41.88714291470218, 44.881243139011396, 53.229735909322194, 62.13120238190079, 70.20930911939148, 64.63170105948969, 55.770211795388384, 48.08082989620526, 0.0, 10.566902257057455, 19.637337130139258, 28.07203525827217, 38.06728777937695, 35.5308211441109, 27.089646449979774, 18.99059626990685, 11.793646741145166, 7.51448162352274, 36.427447740434, 45.94940353717914, 53.86526688065049, 63.9972104273158, 70.63560589740904, 68.56174636129064, 63.08519297987905, 53.780317595383345, 46.67870535163155, 40.23807900052051, 14.846545821527444, 25.283836064880205, 36.71148231496246, 45.07385878936692, 56.06147774849844, 58.22205341343046, 61.90102457398615, 64.52171896252861, 58.89786031700358, 45.431282339641804, 35.507252415594024, 29.923084901444604, 78.34409371254695, 72.19372780822829, 69.28397553393505, 73.56383958792158, 73.63690846467836, 78.99973074787394, 88.44426393345896, 89.17464428738202, 87.58073450655387, 86.53512210774507, 83.03572974527142, 80.75119941774935, 77.90668969875247, 74.8578264627496, 76.39392215869447, 78.66881278579021, 85.82174971006438, 80.62101153347254, 77.37207746952997, 75.88432010471625, 66.56909092786027, 71.54846251446956, 82.70453353622455, 88.375538340173, 99.97299939170111, 113.92043325930354, 113.62942198646192, 116.80050044828702, 118.94364253936862, 124.7299927061654, 119.44574733732983, 110.49110072353737, 106.66969229124636, 96.9330349981965, 90.52467756341385], [19.840556740743217, 14.964792275619901, 20.96814268255415, 32.46212842202707, 29.5333963400184, 26.178141945876106, 25.74968784423776, 51.23352634287768, 54.30277698164802, 62.746974580596095, 71.48196862882757, 79.44513460304651, 74.22172756005101, 65.48347651239041, 57.61999428477925, 10.566902257057455, 0.0, 9.365339243348641, 18.095616496399618, 28.584433090670075, 26.30879822844141, 17.759574052688652, 10.732852336399771, 9.021792449738246, 14.171233131134812, 46.0982605859653, 55.30586650103278, 62.80350259282404, 72.48492745480621, 79.06637080727046, 77.40602132271046, 72.1275625580527, 63.14523896644425, 56.26512622885681, 49.95719813711993, 24.561322548973457, 33.81635748481431, 44.19013285242951, 50.70278090542149, 62.33089976514703, 65.445518038515, 70.04287705001637, 73.16013671301774, 68.13334469714097, 55.05061436876208, 45.61063505001883, 40.124820550378914, 82.12088844383071, 77.24052055432536, 75.7952028773626, 80.61711265527128, 81.40028416691763, 87.09531375914463, 96.69284515417549, 96.8897328604559, 94.8236929151972, 93.05966085560023, 88.74645850599121, 85.60331277468467, 82.21826494704236, 80.87880475574423, 83.29620451287711, 86.26079318426838, 93.83266181522649, 88.11445940579377, 84.22481670858609, 81.86615943268538, 57.81021627815849, 65.0060660858958, 78.54957187847664, 85.9685806833862, 99.0638119878464, 114.62679762535002, 116.12888451052858, 122.62975919182253, 126.30622779849654, 132.2614034856185, 127.02675253161637, 118.28461646349554, 114.60906437881985, 104.42721167856014, 97.38087711221631], [22.584411556325062, 14.594233163125802, 17.010827522186595, 26.995140615182763, 26.668832668192398, 26.133954527968665, 28.060280696124156, 58.62263467387109, 61.982715611025746, 70.79395179311331, 79.2485801280087, 86.87966466362036, 81.87507259292704, 73.22959095986053, 65.15897112939734, 19.637337130139258, 9.365339243348641, 0.0, 8.791275150653739, 19.497665056513203, 17.41288962564967, 9.195915213724511, 6.323067134103987, 12.666577308494906, 21.34171058580289, 54.81495717886484, 63.84469275347615, 71.07297985171238, 80.26059920944306, 86.5738498704456, 85.14671637491838, 80.1433979574349, 71.45804244269077, 64.5985299279886, 58.39789197095913, 32.51551736215935, 40.7883775568466, 50.20664773272675, 54.70918668124828, 66.6974513314917, 70.79864711273055, 76.09794275592584, 79.39439543855038, 74.93662737638519, 62.724942117136536, 53.578233357564436, 48.46344113949279, 83.81445672579936, 80.24805008468668, 80.24997074297578, 85.47583901861454, 86.87165055422554, 92.71145094817092, 102.25721814284155, 102.00806077346033, 99.57309620784744, 97.16625346685115, 92.19079196345295, 88.25172614263164, 84.39056010146028, 84.72151754986932, 87.92522117124733, 91.44901989791431, 99.2125716580843, 93.17044159999303, 88.7806195495476, 85.64778078380911, 49.39387134306703, 57.71458956018681, 72.96165310800912, 81.77624234244209, 96.06058310713375, 112.92822202561327, 116.08953653268722, 125.7648739954601, 130.72507217829835, 136.82600749070286, 131.77684823775257, 123.44893900598802, 120.22294443841012, 110.23613483500439, 103.47572063787992], [26.863891589937765, 18.065110550103725, 16.425447839465047, 22.96369189280731, 25.705955479920178, 27.890226582528364, 31.505901650402517, 65.20687136675647, 68.83005167098771, 77.97672233463025, 86.120840672265, 93.37515266178848, 88.57056849322517, 80.04493365259798, 71.82545047750284, 28.07203525827217, 18.095616496399618, 8.791275150653739, 0.0, 10.856629117709515, 9.157497225576103, 4.406079855592496, 10.787071094606727, 19.219363631956597, 28.62898460499829, 62.75534625755761, 71.62832273002326, 78.6293383707903, 87.33511917425318, 93.33373165669018, 92.08143315018238, 87.36269425448164, 78.96652730334124, 72.10581984344026, 66.02059250379325, 39.96308583198607, 47.468078244539555, 56.0686165511702, 58.72588900456433, 70.84765984208127, 75.82421046577166, 81.62573205506474, 84.914763873007, 80.93682977760808, 69.7284458291006, 60.75414192916121, 55.980420690697514, 85.318273443035, 83.02930849123528, 84.35327489279881, 89.86159236492374, 91.75526558259712, 97.61171658615962, 106.96579882857583, 106.37540716649576, 103.67003703444507, 100.72123795712001, 95.2253191516943, 90.58495575943597, 86.31897150250204, 88.19191633551702, 92.05740627839057, 96.01040394234931, 103.79872642401337, 97.59060583785596, 92.83193008825697, 89.04791625335682, 41.43484993892018, 50.50293632258221, 67.32177767749383, 77.44324916467603, 92.79564396835177, 110.80212264766799, 115.55891222480783, 128.20475410209238, 134.16739129149386, 140.312004163952, 135.43335788187696, 127.54069839557732, 124.79588672320416, 115.1602389037889, 108.92892828260287], [33.03820693283413, 24.921049021840012, 20.247453651939374, 20.673158909832576, 27.20310911828606, 31.90202813044942, 36.58589417380554, 72.27365009187157, 76.16909659153222, 85.68019438697685, 93.33999545838999, 100.03112445584576, 95.54035063321645, 87.25290903822767, 78.92129683789493, 38.06728777937695, 28.584433090670075, 19.497665056513203, 10.856629117709515, 0.0, 4.370785276466691, 12.160441331117799, 20.10711204758232, 28.123357850256255, 37.47862684801239, 71.64533435968828, 80.25807818663199, 86.93305480487733, 94.93786383167456, 100.44399669040527, 99.39904273525642, 95.10201362209244, 87.14395012815113, 80.30715513967348, 74.42585042199104, 48.710904081682926, 55.55498532512008, 63.38183198208524, 63.89141766595925, 75.97484150034525, 81.96732678131953, 88.12574041536658, 91.06552793362913, 87.52236552692166, 77.88022729131951, 68.84931326046036, 64.39366756666958, 87.17262198075761, 86.46691258863048, 89.30766943650232, 95.00237284918472, 97.34898119857657, 103.00404669798999, 111.84116317097102, 111.02745752493341, 108.15596556451003, 104.67586335358519, 98.73968419653353, 93.32512037108476, 88.62987454611839, 92.30105932290184, 96.83062721909212, 101.12269273206843, 108.6337923165171, 102.50556253273278, 97.48794226888067, 93.05308747318968, 31.422075755609445, 40.87556004319976, 59.807950090639466, 71.57398695573306, 88.22878926446303, 107.50588458113697, 114.29304246734142, 130.5206896784731, 137.1670501228277, 143.0748095927797, 138.26335153499886, 130.88453036948061, 128.7192001605149, 119.61661435982532, 114.29681048289208], [30.0296861264359, 21.49972656834805, 16.369530081881184, 17.579782218604585, 23.41532195913492, 28.202123436425882, 33.34611487829996, 70.06862270582076, 74.17191381098876, 83.86690317238994, 91.61485896495725, 98.29288448014806, 93.51560686002381, 85.08243108443128, 76.70947516438007, 35.5308211441109, 26.30879822844141, 17.41288962564967, 9.157497225576103, 4.370785276466691, 0.0, 8.944012040249163, 16.958896432947576, 25.104964905069156, 34.64305879214457, 69.7318646888945, 78.5750984855707, 85.51696366313696, 93.8105848858599, 99.36781507429714, 98.09446001499289, 93.68232542331725, 85.50247808533408, 78.47906968896152, 72.48411926540385, 45.74173332223437, 51.998453321391295, 59.46619171345017, 59.92661552848027, 71.98335606856715, 77.92716102361658, 84.22473699280424, 87.47174012427843, 84.19143404217603, 74.33162286935205, 65.84468577628617, 61.88226108641425, 83.4033718857098, 82.50490318235781, 85.27827291695695, 91.03337763525509, 93.47384982479299, 99.29913408370778, 108.41002270757087, 107.37648390968208, 104.37134943569943, 100.8375565693877, 94.83252088391603, 89.47958883438535, 84.82877764288027, 88.3481136052969, 92.90770066340332, 97.30860045420948, 105.09222113959113, 98.7109253096692, 93.580472385573, 89.11481661452633, 35.16871879435447, 42.17264862820742, 59.29640669505811, 70.24125959797033, 86.3089089193582, 105.18513844924624, 111.35713286674395, 126.92459621798251, 134.0950083895492, 140.5185260690781, 136.17709955462192, 129.07970801584045, 127.27237776261133, 118.79008579025077, 114.0268268161416], [24.28260537227558, 14.96799136025141, 12.487377970043548, 19.659014668106078, 21.681294093902604, 24.119748755817625, 28.433180252308986, 63.827252581145494, 67.78232013055229, 77.2520755313883, 85.37106783015916, 92.45490226087877, 87.37361554073583, 78.7314262856356, 70.43794119280703, 27.089646449979774, 17.759574052688652, 9.195915213724511, 4.406079855592496, 12.160441331117799, 8.944012040249163, 0.0, 8.391938092338025, 17.149601482927874, 26.870334043533976, 62.253802617286226, 71.34521182478302, 78.59555063230266, 87.46749816282232, 93.38509146051621, 91.89403341105026, 87.14875914468014, 78.59661224783756, 71.50624721627132, 65.33654218710527, 38.01659746760864, 44.62970055559885, 52.66714354449322, 54.84891110681391, 66.94732002485, 72.07782837165408, 78.1015704179641, 81.64958454400345, 78.06359722609162, 66.96299992830042, 58.6193195701069, 54.557876164968285, 81.10101842694502, 78.87111076578806, 80.39205954369818, 85.99655257456182, 88.07530009345213, 94.07136415093801, 103.61680531413779, 102.74461810129199, 99.86800641411632, 96.76664435456722, 91.12842277777669, 86.42285435414696, 82.13610378523005, 84.15317801968953, 88.16873640424586, 92.29855128710025, 100.32126035101643, 93.86040498402683, 88.93680122130634, 85.00521707967404, 43.35369638695936, 49.96423788636487, 65.1838887183737, 74.63625725560802, 89.51218970694711, 107.2380119743803, 111.65804279276436, 124.19609334174253, 130.82879869931176, 137.49607465383036, 133.171853720834, 125.72571763620192, 123.54352260423259, 114.80817610129935, 109.52986612554422], [17.929807461529002, 8.88066627676015, 11.296983212155848, 22.292515793423856, 20.695296080555647, 20.026468908737158, 22.763520365213637, 56.40062622765014, 60.33224773089966, 69.74377669560926, 78.04396521913695, 85.29813590529741, 79.95924166225983, 71.18600975629586, 62.95685959030576, 18.99059626990685, 10.732852336399771, 6.323067134103987, 10.787071094606727, 20.10711204758232, 16.958896432947576, 8.391938092338025, 0.0, 8.986978567059566, 18.700625201807693, 54.46417428419116, 63.748797027422235, 71.26229981749385, 80.50201103609838, 86.55851083430925, 84.81894160506643, 79.88711107960715, 71.08569315314719, 63.87526136302132, 57.601015235718656, 29.7742009772604, 36.739725065357376, 45.44159545974496, 48.989964495498896, 61.0461268713964, 65.5540018908643, 71.1511271529748, 74.61088837495726, 70.67461015225288, 58.99753356821613, 50.548441727977774, 46.519289594527834, 77.5511757841342, 74.18908102033664, 74.59506243577617, 79.9453449185861, 81.5947860021713, 87.53072882188432, 97.19133711690411, 96.61716791318312, 93.992954065563, 91.36276305262048, 86.20870312197766, 82.11202303571244, 78.18300974592857, 78.85526491099921, 82.30219986867033, 86.0489504760268, 93.99793646467434, 87.71792802637682, 83.13065874788973, 79.76251597893982, 50.54544350801858, 55.67147167491735, 68.88287940868862, 76.82863595773294, 90.53351875854682, 107.05240163004574, 109.91130255566874, 119.73053996329283, 125.42009738143017, 132.094020334846, 127.7343601384409, 120.05299422030734, 117.6780586185272, 109.05633550145804, 103.90222675947822], [11.344104640157765, 6.93644326820576, 14.534086423992221, 26.18460791685176, 21.736944504877172, 17.337063878296924, 16.925667004257054, 47.645011194858895, 51.64816352589608, 61.16214266552016, 69.48813022230867, 76.73923878664333, 71.20694261886834, 62.36230263870215, 54.15900406771659, 11.793646741145166, 9.021792449738246, 12.666577308494906, 19.219363631956597, 28.123357850256255, 25.104964905069156, 17.149601482927874, 8.986978567059566, 0.0, 9.772050617445093, 46.15922289009465, 55.56123654694858, 63.26875778531254, 72.65778261094538, 78.65907502532117, 76.66301992351718, 71.679424400217, 62.75400094902848, 55.3787931877135, 49.06723452434654, 20.879222955458616, 28.609230144275205, 38.35249684136403, 43.0793961104713, 54.991628719968034, 58.998807553748854, 63.914589750331345, 66.79441849334448, 62.316303354717, 50.7199956342432, 41.636234428409594, 37.59767342746668, 73.69630257721532, 69.30766339296025, 68.61466961219709, 73.56271508906022, 74.6377313342471, 80.24324690463132, 89.67543238710049, 89.62366478145493, 87.43110272975801, 85.37854550503414, 80.88973107958945, 77.42251121776933, 73.8768107204858, 73.23048452146094, 76.00796933812107, 79.18933348876263, 86.69711727586659, 80.92624655152338, 76.86765473203137, 74.16750481883814, 57.1649366827719, 60.44725805440483, 71.61860202231519, 78.02706028033796, 90.5456964054107, 105.75633634197591, 107.1734044057538, 114.38757473118369, 118.54740545990761, 124.90443093508235, 120.33607620049037, 112.40027982279554, 109.86856092964238, 101.5247179436085, 96.9288926530239], [11.466376368176219, 14.725073809899023, 22.759202890081237, 33.70606322912305, 27.656073734837797, 20.674440316934362, 16.277840620290426, 38.49862417545279, 42.4015222049952, 51.832848113907886, 60.28439222908938, 67.67708966329243, 61.92558890212212, 52.99320217744013, 44.9074229505388, 7.51448162352274, 14.171233131134812, 21.34171058580289, 28.62898460499829, 37.47862684801239, 34.64305879214457, 26.870334043533976, 18.700625201807693, 9.772050617445093, 0.0, 36.91327699888598, 46.443766391396174, 54.38658504962121, 64.03318851205181, 70.06129800133324, 67.77225528531724, 62.65798764725143, 53.54497508471167, 46.02824415812844, 39.657395288764164, 11.393555336346463, 21.15775719480134, 32.488409267853335, 39.222111951184125, 50.52787148001699, 53.57232894035489, 57.41778528165262, 59.53077709545466, 54.19198850922016, 42.42120583082232, 32.27056066539987, 27.860670774444124, 71.93440005673469, 66.23760523639866, 63.97984699731184, 68.31654265341466, 68.56164296763242, 73.71189627684277, 82.8372475161409, 83.51142245959443, 81.91191187865392, 80.67299509772907, 77.1022432505248, 74.5317172223983, 71.54362776704157, 69.09991577584623, 70.90462322843108, 73.27474693146236, 80.17756190388953, 75.11327063147083, 71.81175002339546, 70.07460767574096, 65.28753998017193, 67.51085666746854, 76.96129676128768, 81.87463139577866, 93.06550133329772, 106.73892569526167, 106.49707343618844, 110.40444058923691, 112.58291957129255, 118.46191966032218, 113.5265093343256, 105.1347243861445, 102.1872950037625, 93.87403638285251, 89.548720652958], [44.6488266925672, 51.242700466244315, 59.179437846530625, 69.08056342858823, 62.75726801558813, 54.526923625792115, 46.88944941685972, 20.511789187210045, 17.559467943619364, 19.532003437072422, 28.999086874064812, 38.511970471355866, 33.77178843860314, 26.555477303446253, 22.73250213569272, 36.427447740434, 46.0982605859653, 54.81495717886484, 62.75534625755761, 71.64533435968828, 69.7318646888945, 62.253802617286226, 54.46417428419116, 46.15922289009465, 36.91327699888598, 0.0, 9.88092255236716, 18.56544360882567, 29.769508848854155, 36.82955086792846, 33.99283194517441, 27.790935674351484, 17.918088855414936, 11.692753243425347, 6.384300862811291, 29.015846085080717, 35.35239532258669, 44.969267392308204, 55.83563210971639, 61.96149757499432, 60.47320648513101, 58.50846971392293, 55.846194748354, 46.127048138488384, 37.42223916777949, 24.060269501240295, 14.891578626562598, 88.46368792656018, 79.49605643404787, 71.98503376670872, 73.05759405285633, 69.4719697617311, 