{
	"dissimilarities": [[0.0, 8.490029194444269, 16.05826416790227, 25.96214735322766, 17.57321103265573, 11.24869300648982, 6.585271473602966, 41.715977580245216, 47.422817596669645, 55.85456213166586, 64.17682293777189, 71.16465665664755, 65.0309269052145, 56.58692322120242, 48.104077251155516, 16.978742315080346, 16.282209178821592, 19.07919270231875, 25.246073227663846, 33.12363878707728, 28.960439375827743, 21.2528601259155, 14.234958668147831, 9.507265061227073, 10.026980046392334, 47.07925827273027, 54.86709487057099, 62.76769940232127, 68.92964892420298, 73.61500334989303, 72.96572646913921, 67.92128259871727, 60.88486634600619, 53.644443767553874, 48.415057957955774, 17.780055995638765, 26.687715953842, 37.88701304152415, 39.404234408007305, 48.65585080737674, 54.89560009130763, 58.396322692968816, 59.52801972500202, 57.42370735480826, 48.02562107596334, 39.57073002385048, 34.597648258407816, 66.76771366558454, 60.89829003168225, 60.739620755003116, 65.0419696657465, 67.75681704967873, 71.93721620447026, 82.07511693222676, 83.49623483655245, 82.97200649136299, 81.94867877641467, 77.85206843358552, 73.61922952762492, 67.2697770117887, 64.21547863391702, 67.91966594075193, 70.62422755957463, 78.8348800896837, 73.95818990095732, 70.89389614062162, 67.42082383690393, 54.9031744352915, 55.11638320577388, 65.63525694121698, 76.57670006667728, 90.34486467825484, 98.32595692729592, 111.4887735320423, 108.85154917038513, 122.60082829907844, 119.31553269805194, 117.20657313447546, 107.4638572780157, 104.84965303713889, 98.38349923734306, 95.71178161478734], [8.490029194444269, 0.0, 7.777562544919971, 19.447099310830655, 11.24797857381517, 8.505638478076117, 12.100300160374411, 50.19049125574311, 55.85464096099664, 64.25672655880146, 72.61090801453209, 79.64345691369175, 73.51294021015042, 65.05651103640547, 56.58144984067758, 20.7113545988322, 16.04229643344138, 14.523281373652889, 18.40875945615133, 26.218410058667153, 21.415373959833953, 13.557901743829131, 8.09524893437978, 9.886403457017567, 15.927702796920775, 54.84548571793118, 62.75916059977514, 70.75774830865556, 76.97462911672926, 81.79712483352169, 81.25861204489179, 76.1451669487763, 69.0536351446956, 61.80662839365029, 56.57588204158352, 25.370590568466273, 32.62705121170316, 42.36484614370977, 42.76500852250637, 52.264663146483244, 59.174872901039386, 63.400002103895865, 65.65113987705735, 64.46398956192097, 54.73728480625803, 47.09115565512812, 42.72510671239692, 68.48499291957697, 63.49525846158698, 63.99513973915988, 69.24839315106617, 72.64839926485077, 77.39327314733607, 87.91519095552376, 88.51407200026019, 87.44120797755338, 85.68544739620864, 80.77621182932066, 75.9711438106479, 69.73948385489538, 67.49927674583401, 72.02349513422487, 75.39410375971815, 84.26644618410147, 78.70239356845775, 74.9001034209764, 70.62067918664349, 49.396334222976165, 50.17947397633799, 61.97797420520106, 74.50354362848958, 88.7331811210517, 97.89183624355626, 112.22516934104499, 111.8899225755891, 127.8574078498864, 125.40799392507947, 123.95376769371735, 114.81897933045325, 112.60786708637684, 106.24729432961163, 103.35976460395109], [16.05826416790227, 7.777562544919971, 0.0, 13.250085918988832, 7.623468734630515, 11.434567211047515, 18.487254393118384, 57.64095946962727, 63.441923724322976, 71.86847453766862, 80.17056900911248, 86.97084715869931, 80.94248639930804, 72.53824327507628, 64.01230427175979, 27.394972476175436, 20.877764920285216, 15.540738835367028, 14.513253055356717, 20.31025804710174, 14.839070629304453, 9.21481052914063, 9.931749326729955, 16.35141022847029, 23.504275363719252, 62.53909571954327, 70.40308860983663, 78.30056862162269, 84.39737528157525, 89.18301830226368, 88.73571441747514, 83.72570404460718, 76.71744744356066, 69.5151131532603, 64.29918135676941, 33.04279418726349, 39.323815003268905, 47.89864592472619, 46.70057596478379, 56.17119294727754, 63.8526737017196, 68.62562003277462, 71.39590574542683, 70.79745980950969, 61.497483109966254, 54.408563597202246, 50.44942029751179, 70.09440140940573, 66.29189708038938, 67.49346332707454, 73.53179586247055, 77.43193495052304, 82.43969331462755, 92.91689655204176, 92.93117113187067, 91.45083355974866, 89.02014761324357, 83.49894890500815, 78.1699738075562, 72.07321152804958, 70.83880869664686, 76.04990731042751, 79.92960687469102, 89.0098003670055, 83.02273506638548, 78.63269880287477, 73.64418666446417, 44.13726725068622, 44.54062193120878, 57.31408109309678, 71.25581694843467, 85.98225930136253, 96.32619914369204, 111.64570483058634, 114.09580639841968, 131.44892840171508, 129.81037912096858, 128.86937205883785, 120.31728027081866, 118.54902321154152, 112.47554259309234, 109.8625755142774], [25.96214735322766, 19.447099310830655, 13.250085918988832, 0.0, 10.342329459773895, 18.189421052221675, 25.795774826469568, 64.96400750462205, 71.58115254090454, 80.1083930569021, 88.03512577508283, 93.57914816605741, 87.84820687236751, 79.75654843182635, 71.1399379309727, 40.0612645172175, 33.834678364481285, 27.59213636796794, 22.11678618163636, 19.875104451091694, 15.486936645666374, 19.007460259424168, 23.083216172287624, 29.084498281262633, 35.12291553818917, 72.81067366000133, 80.2763857104908, 87.61486008807081, 93.12992188558464, 97.31930373033069, 96.82855001420386, 92.43512568329918, 85.87284995747618, 78.82787274849238, 73.67335008723808, 42.919293829343374, 47.83435931686796, 54.88984800831797, 49.52877192932809, 58.437410822763646, 67.8774417532157, 73.25609073277396, 75.57048585687524, 75.48660313573282, 68.83920988706689, 62.58544026048557, 59.586675605465196, 67.62624367828225, 66.54962177458, 69.06209248020495, 76.07878386535981, 80.42077861117131, 85.1606229242646, 94.49864159579897, 94.00777945612339, 92.16168973055366, 88.70834814006896, 82.68624808001168, 76.5994340090784, 70.7035921077997, 71.65931160289466, 77.74327194331042, 82.1422182749507, 90.47046931021053, 84.36298606981401, 79.30157296973422, 73.32102909891752, 39.71037282302973, 32.98148136395624, 44.31941161342358, 59.30443457571894, 74.81941258946097, 86.73520226112136, 103.02826713479378, 110.86173886114386, 128.58833139900798, 128.37379095391057, 128.24674612101552, 121.03866499924442, 120.57449189792149, 116.18390487403668, 115.98507344489606], [17.57321103265573, 11.24797857381517, 7.623468734630515, 10.342329459773895, 0.0, 8.291165869523905, 17.13687233189342, 57.19929169386353, 63.840645936378195, 72.36838736129218, 80.4963729811238, 86.59497527053905, 80.34811873120142, 72.01845049165296, 63.48836867891798, 31.584067316468744, 26.782162992351104, 22.88080317290335, 21.717176139367982, 25.02121491085846, 19.550991832403053, 16.58254368156532, 16.48452383008639, 20.807863450349295, 26.27411416952033, 64.43616602176567, 72.26930739617387, 80.10056436179651, 86.07640018853358, 90.45771956536407, 89.70101444139763, 84.92669647109659, 77.99185951250323, 70.71330401501525, 65.46278675129844, 33.57159244745312, 37.864904151781424, 45.115430478069676, 41.5106555196584, 50.79633396587089, 59.360544104452934, 64.51857505351751, 67.31689284668293, 67.35064831494404, 59.33527287463441, 53.221472634883106, 50.71362463882662, 63.13207327674521, 60.14228377677012, 61.85729502998241, 68.37013405427052, 72.54512111761522, 77.56006229108534, 87.7766584062788, 87.36640921074041, 85.65283760327124, 82.79775959197231, 77.05366048021781, 71.4743992639454, 65.42129966243328, 64.9253792908571, 70.53614873659001, 74.70938193690141, 83.68784328383849, 77.4840938640593, 72.74428355276534, 67.34677549475006, 47.56353527687256, 42.989887067113514, 52.349436745504725, 64.88498055176959, 78.96756669577643, 88.88704980406769, 104.19430107119499, 107.10357129978458, 125.42980785647586, 124.43966222424034, 124.33485067928261, 116.8650950468228, 116.24617531584585, 111.90765208155253, 111.27746766310302], [11.24869300648982, 8.505638478076117, 11.434567211047515, 18.189421052221675, 8.291165869523905, 0.0, 9.563029256321869, 49.49421255108267, 56.21547118555679, 64.72115512967338, 72.89119511681331, 79.17752323238808, 72.67197926288135, 64.25731252483799, 55.80240297162323, 25.936491225025115, 23.491105799437605, 22.803832326383077, 25.36479063825219, 31.092464922547162, 25.845328531032546, 19.99720244133749, 15.783543855145016, 16.2907306950274, 19.65676898271318, 56.886322611674046, 64.81501237540301, 72.8136578068578, 78.9617557440276, 83.33271847744976, 82.37707621376866, 77.47697317674755, 70.41060091728475, 63.040776937162676, 57.764285322846916, 25.553295245150846, 29.750593690841427, 37.80084626670183, 35.63013245583281, 45.08602130255728, 52.915675039253394, 57.62432200057151, 60.12083896202579, 59.806469569035585, 51.2754891164236, 44.94805686035761, 42.64730972462741, 60.141702596743755, 55.69175248398385, 56.64196417955819, 62.415219911391404, 66.16464003711299, 71.0402147928481, 81.50822769102828, 81.55521410223662, 80.19121249501201, 78.01241694390032, 72.84294047500791, 67.8230773605797, 61.61339186856809, 59.941378002209895, 64.89061834777588, 68.61461804576362, 77.58835094722369, 71.67887075849279, 67.47533141914415, 62.790733151581435, 53.768086367673504, 49.78839380675655, 57.86488997354887, 68.5369988550719, 81.76240751899404, 90.14099335811284, 104.33034261062018, 103.73690916680366, 121.15341164942882, 119.3826424355589, 118.97570993551847, 111.1209518562017, 110.28024008326331, 106.00405934493378, 105.37159478699621], [6.585271473602966, 12.100300160374411, 18.487254393118384, 25.795774826469568, 17.13687233189342, 9.563029256321869, 0.0, 40.10402280534396, 46.79822927918629, 55.326167192062165, 63.44404145377532, 69.69446522973831, 63.3158319080026, 54.932285437064465, 46.42042022507243, 22.04026165204907, 22.598067234508065, 25.08204962180264, 30.06829735973998, 36.598806083773084, 32.150603593589985, 25.589954630886044, 19.350798487928763, 15.403842865298515, 14.337419067276889, 48.22565751619619, 55.890376777595925, 63.653389283568, 69.6500961892894, 73.8850953672422, 72.9051507088133, 68.12704548260336, 61.2026389323587, 53.91829007220379, 48.68400458179224, 17.68599538509803, 24.107696541780214, 34.35458486875331, 33.80589549388754, 42.98893264320756, 49.953144787739724, 53.68320096520197, 54.593749626655594, 52.89947720676589, 44.80350536706318, 37.20249505579238, 33.88304740151747, 60.50788318072651, 54.99876238615641, 55.09189992029046, 59.60617206980587, 62.43037563744269, 66.52577200033119, 76.42962618352706, 77.65542354771712, 77.04606734335756, 75.82488398541354, 71.72228499551515, 67.41701287709726, 61.03700068558312, 58.34910775851895, 62.21929675767873, 65.0477459828204, 73.08599656517093, 68.13076490559239, 64.91396842328444, 61.27641043957722, 58.00063866626723, 54.81607795633524, 62.661917130188485, 72.06228402109258, 85.11921412542252, 92.41060389718409, 105.24806919891223, 102.36551718666044, 116.54531620075868, 113.65164209786262, 112.17507600764299, 103.29109746283682, 101.68685190142372, 96.85986230697344, 96.13392815842334], [41.715977580245216, 50.19049125574311, 57.64095946962727, 64.96400750462205, 57.19929169386353, 49.49421255108267, 40.10402280534396, 0.0, 9.12534473209062, 16.735062102610254, 23.990081541613108, 30.12082436492336, 23.338767652981936, 14.912523496964555, 6.406113906349464, 41.251873938707774, 49.281267483185964, 57.06042489925964, 65.26602842082256, 72.73708748080611, 69.67798339549317, 62.38608489049181, 54.6050819490862, 46.40387319432473, 37.95851191649506, 21.19265754804371, 24.368922573663593, 29.538101109134775, 34.4224475063804, 37.0607426312877, 34.87612221141831, 30.870578350739045, 25.116407065167103, 19.210895923111888, 15.747575997945749, 27.703136471605273, 31.104068584264585, 39.77200603955676, 45.766112422582296, 49.35949143170883, 49.44242352875086, 47.38795648237815, 40.59425214108309, 31.710978916808816, 29.11839380176376, 18.95485813226894, 13.142435982315497, 71.4435552097121, 62.57757822600253, 59.06554120505231, 56.94847167267774, 54.87088522550082, 54.549977453835716, 60.55429295359827, 67.00772488265325, 69.86876899531113, 73.2739262719984, 74.24779129607039, 73.7638098853179, 68.15841678556, 61.51702697673028, 59.762192282271954, 57.887565122183204, 60.48293320441165, 60.77472422023607, 62.71754308766857, 64.49524821900393, 90.1447786086705, 88.22158385184476, 93.21818496319216, 97.01987059663658, 107.22151677164514, 109.1766171336479, 115.81038823598418, 101.03067445343963, 101.89909263519584, 93.6877600571882, 87.80325247329802, 74.69886711294646, 69.67742095110333, 63.55160609859489, 63.471088523049175], [47.422817596669645, 55.85464096099664, 63.441923724322976, 71.58115254090454, 63.840645936378195, 56.21547118555679, 46.79822927918629, 9.12534473209062, 0.0, 8.548161582787142, 16.79060220323988, 25.286128646637444, 19.46077109346991, 11.924688664245032, 7.730468056002173, 44.303443049736934, 52.623894922008866, 60.882861295125224, 69.59098496369398, 77.518447922253, 74.81940106957991, 67.22112403533274, 59.36988647133334, 50.94287893626199, 42.43768570687819, 15.305874823872367, 15.97921114096691, 20.417196343433908, 25.554020623934306, 28.753874587109713, 26.777204857399624, 22.148512236637973, 16.185987450503287, 10.741193930548828, 8.59955811260794, 33.102318726668294, 37.6007035323701, 46.45289836937154, 54.14252495897437, 57.61083542689788, 56.639990490133044, 53.96365072026973, 47.154111582301965, 37.837414138565826, 34.39851569450528, 24.48247098616661, 16.905691447417023, 80.18316063685513, 70.87303687146336, 66.96920354280714, 64.212135747647, 61.65665252985259, 61.00057862110111, 66.55789800529547, 73.59752362744331, 76.83884690479388, 80.83156959835483, 82.24250970314715, 82.13289620163245, 76.66634858290388, 69.52581571075496, 67.22951440409685, 64.86957107168945, 67.00007906344888, 67.9122475414142, 70.41332941701133, 72.71864353418482, 94.2576908026253, 94.54391123996484, 100.99940174018273, 105.46300533129886, 116.03586137304818, 118.08667849799484, 124.40460161468894, 108.66557386860055, 107.38522272255831, 98.08582342075171, 90.82391802282521, 76.14262172332657, 69.04857294224549, 60.098898953631796, 56.881096238475074], [55.85456213166586, 64.25672655880146, 71.86847453766862, 80.1083930569021, 72.36838736129218, 64.72115512967338, 55.326167192062165, 16.735062102610254, 8.548161582787142, 0.0, 8.637931938859788, 18.887689709291525, 14.003350910329639, 9.66574268031867, 12.417478012363459, 51.812190411971876, 60.302882604503765, 68.75730982624276, 77.638536680577, 85.66844932739387, 83.09406876735433, 75.41620118143919, 67.52473634284995, 59.026151038653374, 50.511680684106416, 17.594488554733324, 13.883028579833619, 14.86770486805119, 19.019176935513535, 21.496287054239996, 18.884152205792088, 14.301656418865406, 9.594353762183362, 8.341395554227901, 10.871260011987989, 41.21249116060625, 44.92719621435418, 52.742895647077106, 60.982794064730925, 63.62551263998125, 61.549538633124385, 58.02667224125197, 50.47964874266154, 40.64281873608962, 38.51590737722738, 30.211613268969135, 24.28064569625637, 86.07670245014924, 76.4834194470305, 72.15773198466557, 68.43128915627724, 65.12507124279303, 63.69447641035606, 68.20751880149088, 76.01156707383278, 79.80126700240436, 84.54974240698257, 86.7637717839053, 87.2834723144188, 82.11265700945604, 74.54232615613645, 71.40579755371849, 68.30582378028306, 69.34678289910309, 71.24271261228157, 74.57684332791948, 77.7013778385569, 101.93975093900029, 102.64687477562033, 108.95375075167551, 112.86308356785182, 123.01985278033992, 124.3489301099978, 129.69735620743708, 112.01171275744332, 108.16833166076316, 97.76458834133044, 89.46565403673632, 73.83036589683708, 65.50414172608008, 55.606645479099896, 51.51384753837412], [64.17682293777189, 72.61090801453209, 80.17056900911248, 88.03512577508283, 80.4963729811238, 72.89119511681331, 63.44404145377532, 23.990081541613108, 16.79060220323988, 8.637931938859788, 0.0, 11.648643530387345, 9.723037932497125, 11.922903202300942, 18.44048282641358, 60.421707789543845, 68.84585405407215, 77.21635781774924, 85.95503485826424, 93.7054901999409, 91.26098706900244, 83.81861961713057, 76.0259708606252, 67.57840838031684, 59.08402094433617, 25.084959491006522, 19.205431424677474, 15.659654065554928, 16.23875094450235, 15.99921368978957, 12.227352010939002, 10.30728038926787, 11.312660267112154, 15.089255832779395, 19.00532776181945, 49.692066411094935, 52.78630031063895, 59.70055979227214, 67.45116424710781, 69.2598144185596, 66.64378713389533, 62.476187663244126, 53.843750518494126, 43.52665145260431, 43.94526334813628, 37.14216752476304, 32.61757051334359, 90.8946854513559, 81.49014942466711, 76.98754323081654, 72.47450279389828, 68.46849811341775, 66.04829150622513, 68.92223909653013, 77.59269063389604, 81.96862406792508, 87.33599492469013, 90.40189395505162, 91.46278813870671, 86.59018654586093, 79.00503264764318, 75.15953623627696, 71.36963985018285, 70.86336671853934, 73.90105957485628, 78.01830680240198, 81.83488201608915, 109.25981561335216, 109.56204594080708, 115.20725981251941, 118.22745722433199, 127.88455408116525, 128.44172498371464, 132.63998922870317, 113.73755330193039, 106.50982955988728, 95.06921343269534, 85.60032174719616, 69.0472515993571, 59.620067459201714, 49.37348324412221, 46.026513590548], [71.16465665664755, 79.64345691369175, 86.97084715869931, 93.57914816605741, 86.59497527053905, 79.17752323238808, 69.69446522973831, 30.12082436492336, 25.286128646637444, 18.887689709291525, 11.648643530387345, 0.0, 8.971208041200748, 16.68184385524577, 23.896348084604664, 69.52578485129098, 77.57985054905379, 85.43769421031655, 93.51164378035189, 100.33611926457543, 97.98686490662841, 91.30664131219629, 83.84096804796724, 75.6661285637835, 67.26916460547042, 36.295616943628175, 30.692119296187318, 25.90299090579418, 23.360892953594455, 19.43523467104128, 15.764552733275023, 18.971596453255827, 22.744430481019236, 26.46439095438442, 29.75509240982891, 57.5634587553344, 59.90043517177589, 65.85311395207843, 71.40554604442507, 72.20560203903669, 69.93336848588676, 65.42682821865236, 55.019534043938734, 44.180394715267795, 49.266413784772894, 43.92704319523818, 41.047347242919244, 91.67965035127509, 83.31811401716392, 79.05517670447664, 74.03735844573059, 69.40448035025675, 65.59367160693732, 65.75051651833331, 75.49600693596217, 80.52545819068078, 86.25088326075394, 90.27125754292436, 91.73669414850245, 87.19807390285963, 80.33603301867534, 75.98217482997028, 71.57700262761622, 68.67436247775449, 73.14888296332518, 77.97627989235755, 82.29033835941074, 114.83480707055975, 113.0374835260415, 116.82674269888962, 118.1412360234168, 126.96409839287611, 126.52521598339848, 129.17511975339744, 110.34200113769374, 98.39171328669973, 86.12165455363474, 75.36483585034412, 58.00766716602658, 48.13427314682647, 39.82949922108826, 42.36036169835752], [65.0309269052145, 73.51294021015042, 80.94248639930804, 87.84820687236751, 80.34811873120142, 72.67197926288135, 63.3158319080026, 23.338767652981936, 19.46077109346991, 14.003350910329639, 9.723037932497125, 8.971208041200748, 0.0, 8.701987614638165, 16.94452642739336, 63.29773533638076, 71.7148142493425, 79.81362991353883, 88.16873521463205, 95.4498433494152, 92.68710918127002, 85.55122979578356, 77.7703017965868, 69.4444214609651, 60.89872687240864, 31.090809411177023, 27.153512507386054, 25.241968325388513, 25.6342705149059, 23.998063151247557, 19.902537599355163, 19.78305471206765, 20.1718332310815, 21.699537456157465, 24.166482786131393, 50.52271631615262, 51.74852824130505, 57.151295524426, 63.2677744053867, 64.01868790233101, 61.36097206012959, 56.861130580756836, 46.96337050487251, 36.27616450849005, 40.319118694530836, 35.31661119242584, 33.632557216644486, 84.36804688692897, 75.39097039446696, 70.91890881965752, 65.9335913180015, 61.483960422309075, 58.25061168886103, 59.93674848178327, 69.04969685735348, 73.73525567091501, 79.33766136969888, 82.97824900453148, 84.39850010743339, 79.79922436436145, 72.46030019894279, 68.1747906193233, 63.96760760188171, 62.2651341317761, 66.00263097031481, 70.57659761855928, 74.82457384563617, 111.38025579636229, 109.0812053321894, 112.45441367853648, 113.74127363836438, 122.24000004410455, 121.64817368512443, 124.88983071624777, 104.86826496741308, 96.99155922880632, 85.60444274284349, 76.78087647169191, 61.28605800584288, 53.829303282419524, 48.05780596246836, 50.50249779149065], [56.58692322120242, 65.05651103640547, 72.53824327507628, 79.75654843182635, 72.01845049165296, 64.25731252483799, 54.932285437064465, 14.912523496964555, 11.924688664245032, 9.66574268031867, 11.922903202300942, 16.68184385524577, 8.701987614638165, 0.0, 8.649583921023945, 54.83263749423211, 63.30366405589276, 71.44838956645812, 79.90858444382488, 87.4394858188287, 84.50989843004763, 77.15059756319611, 69.26271954061153, 60.8975247996689, 52.32465024910276, 24.778022917075, 23.01036395597034, 24.156500419806115, 26.98600991626428, 27.513516695745203, 24.02792284293493, 21.47832509430449, 18.45896313492456, 16.788697339506864, 17.60812706700531, 41.83428719506288, 43.3056515655033, 49.46081288903686, 56.03564271737203, 57.594373743950456, 55.45698412364386, 51.574531519237716, 42.68685375094057, 32.30061851004586, 33.78910682369562, 27.32729033853832, 25.00309284253972, 78.9773262324443, 69.71690753838861, 65.3828444228747, 61.17506125454159, 57.436085675544746, 55.27576467768667, 58.88283212226267, 67.04729506986878, 71.10210274848494, 76.06333430822671, 78.80389022077279, 79.66453116965337, 74.7227748890492, 67.32413123956819, 63.751072421111836, 60.25560034796329, 60.296514696276105, 62.76718490627621, 66.52041646317578, 70.06610087190016, 104.13840938636608, 102.083868114056, 106.00411988521488, 108.13113985530592, 117.11846965949876, 117.28828691748245, 121.74270904904483, 102.88673318211029, 98.78175751120354, 88.5477086052568, 81.0420994424281, 66.59154506452796, 60.23754678910387, 54.379021087958726, 55.4341980851436], [48.104077251155516, 56.58144984067758, 64.01230427175979, 71.1399379309727, 63.48836867891798, 55.80240297162323, 46.42042022507243, 6.406113906349464, 7.730468056002173, 12.417478012363459, 18.44048282641358, 23.896348084604664, 16.94452642739336, 8.649583921023945, 0.0, 47.28604658009707, 55.44181165144647, 63.30940645900583, 71.53575082558322, 78.90496056731402, 75.94653952337374, 68.74120054725941, 60.97741610181864, 52.747298718348155, 44.27098755369943, 22.272452442448586, 23.20133189677461, 26.68334067421321, 30.696289484181015, 32.46750822014332, 29.8379811287216, 26.468511660745378, 21.728413921928954, 17.290600402820512, 15.533143367291535, 33.95566925319385, 36.49827910400022, 44.03257847540535, 50.02114781125404, 52.67444796695978, 51.90884940557226, 49.046436393391566, 41.056751855305514, 31.235285402768856, 30.931390159346055, 22.334209871537563, 18.25081003871513, 74.32959053709558, 65.40595437992695, 61.57864895154632, 58.551861146710905, 55.71791584688653, 54.497623352703634, 59.31675525447565, 66.61999412287891, 70.04208909755187, 74.10920155594101, 75.88991486745113, 75.97013773005386, 70.62885874380744, 63.74881976936637, 61.20110470690788, 58.59613164037242, 59.92750600457323, 61.240841531466046, 63.99364196017653, 66.53595597661172, 95.81305018021872, 93.68530735388521, 98.11945202540892, 101.10855490878347, 110.80844868166588, 111.99845939878128, 117.63909047061772, 101.3605916301627, 99.76361235764341, 90.68610308075752, 84.01722567311015, 70.25304262146689, 64.66270349974299, 58.64124166848198, 59.27587706578819], [16.978742315080346, 20.7113545988322, 27.394972476175436, 40.0612645172175, 31.584067316468744, 25.936491225025115, 22.04026165204907, 41.251873938707774, 44.303443049736934, 51.812190411971876, 60.421707789543845, 69.52578485129098, 63.29773533638076, 54.83263749423211, 47.28604658009707, 0.0, 9.819752651037295, 19.48887981191913, 30.142087450632562, 41.360332308412445, 37.836402579566226, 27.511104877870842, 19.023703475355713, 11.055031209372366, 7.932136602117362, 38.56589316850781, 46.898160888979746, 55.66574223625, 62.76846413306013, 68.5438647316084, 68.13063072682253, 62.04970843549705, 54.40850662188987, 47.24261904744905, 42.228441700183076, 16.80398636717151, 27.22329065958017, 39.22537628579097, 47.31281529443247, 55.97281019264696, 58.99416871915096, 61.31192592159024, 63.284199449684095, 60.61043323677056, 47.19437508135174, 37.876593326063976, 30.85241270257853, 77.61769326429497, 69.27459965352547, 67.60847607045535, 70.43034642090083, 72.45741156920924, 76.88209222572722, 88.1664360584453, 90.02558594562873, 89.87490775554754, 90.0302218981833, 86.51149396587005, 83.24092263802544, 77.10601392605261, 71.80693181236379, 74.28161448102408, 76.236783286714, 85.17855625625081, 80.58273754893415, 78.42087318657204, 76.22104365277491, 63.08423041361688, 69.30683313341841, 82.081262259901, 93.47173510640188, 106.86095212947622, 114.0638244267057, 126.65418996188427, 119.27079017405616, 132.83688088494506, 128.04397606761725, 124.96976579774365, 113.66871227445345, 109.16667977922356, 100.02578338078222, 93.09139818104357], [16.282209178821592, 16.04229643344138, 20.877764920285216, 33.834678364481285, 26.782162992351104, 23.491105799437605, 22.598067234508065, 49.281267483185964, 52.623894922008866, 60.302882604503765, 68.84585405407215, 77.57985054905379, 71.7148142493425, 63.30366405589276, 55.44181165144647, 9.819752651037295, 0.0, 9.79790423686173, 20.64564995937045, 32.25921849644186, 29.008548708979667, 18.689121021805626, 11.38736015966023, 7.600071354211553, 12.672297211179353, 47.46995257157496, 55.45946991203386, 63.793417801683965, 70.51919455171831, 76.26051324721548, 76.1678805003301, 70.35439180746235, 63.00279646473405, 56.0214753430352, 51.05616011377247, 24.528234433641856, 34.5230753351921, 45.84126040417589, 51.68396262679208, 60.87132012669837, 65.22927282043233, 68.31517988805885, 70.6609069893315, 68.40678490695241, 55.77345692826067, 46.75553162720161, 39.868610093859495, 80.50722054428823, 73.42026898080292, 72.58822919402343, 76.44312685486952, 79.07409262271311, 83.76466177356727, 94.93884954148722, 96.33431287966651, 95.79207322225938, 95.18188449167307, 90.96209865403422, 86.99788788474353, 80.81748982506379, 76.65747393208244, 80.0122702897872, 82.57628084939921, 91.6956089147882, 86.65548570178953, 83.80009013944857, 80.71004960485426, 54.19781054510573, 62.23254225829304, 77.06616459857102, 90.3299353851277, 104.71434546437638, 113.47015310075375, 127.22257185694042, 123.39686685852539, 137.84792282525666, 133.81914422788722, 130.93454501344067, 119.85161327190166, 115.46760354509634, 106.00268135994438, 98.89909181213285], [19.07919270231875, 14.523281373652889, 15.540738835367028, 27.59213636796794, 22.88080317290335, 22.803832326383077, 25.08204962180264, 57.06042489925964, 60.882861295125224, 68.75730982624276, 77.21635781774924, 85.43769421031655, 79.81362991353883, 71.44838956645812, 63.30940645900583, 19.48887981191913, 9.79790423686173, 0.0, 10.935415540133167, 22.89693236983343, 19.846688410394993, 9.987480980157608, 7.429877411820064, 12.326305272707227, 20.272605929372006, 56.668119777627, 64.42362958822306, 72.40092452527094, 78.76985520071095, 84.34355504037849, 84.42651257456089, 78.91333383166435, 71.80987340171426, 64.92138655170851, 59.953333105889506, 32.368592213442014, 41.63782188263884, 52.15201070782363, 55.62443834050485, 65.09366015607112, 70.73353661015437, 74.51598640478392, 77.12104571820925, 75.32370514667343, 63.644976568114735, 55.01349209463659, 48.53098581327247, 82.40437953267318, 76.71135976170979, 76.72833025442246, 81.54256490596994, 84.725887147557, 89.60767254631615, 100.56428158567613, 101.47713050449848, 100.55095338738374, 99.17010619366773, 94.30796753375594, 89.68875126909487, 83.52581527460761, 80.58422561787275, 84.76368817448184, 87.89566758067315, 97.078997480249, 91.6426584540376, 88.12839148696793, 84.18920128560839, 45.38979618257276, 54.54648144747173, 71.10884518796891, 86.05715123769221, 101.26685075274439, 111.4838311412147, 126.30215628600187, 126.10990167949484, 141.47113100247287, 138.3128598820915, 135.78554718013436, 125.17399631870965, 121.18923902225903, 111.90655199629548, 105.27304689523993], [25.246073227663846, 18.40875945615133, 14.513253055356717, 22.11678618163636, 21.717176139367982, 25.36479063825219, 30.06829735973998, 65.26602842082256, 69.59098496369398, 77.638536680577, 85.95503485826424, 93.51164378035189, 88.16873521463205, 79.90858444382488, 71.53575082558322, 30.142087450632562, 20.64564995937045, 10.935415540133167, 0.0, 12.29036860171061, 9.833343538252336, 6.099125286168173, 13.528155029644065, 21.398502700990413, 29.57678387730182, 66.55989990655954, 74.05514719986223, 81.62612378700823, 87.57443496469247, 92.87903866594046, 93.10310044955284, 87.9694604006908, 81.16300599231432, 74.37734022363321, 69.41364674364587, 41.26144120431036, 49.89304616114378, 59.63627271773011, 60.53897368193034, 70.06507986054157, 77.0058248400746, 81.39317932935394, 84.00082447038609, 82.56252764799781, 72.176729908691, 63.88925875154597, 57.78420527894627, 84.58565109852448, 80.56460740126218, 81.48742196543458, 87.18652225936046, 90.83879758094541, 95.75997714094586, 106.24658241927983, 106.74835323120207, 105.48604968586163, 103.32394496554677, 97.90524281343959, 92.64222820700266, 86.54979593131615, 85.00576119164718, 89.9561194205553, 93.58964654811524, 102.58894041708079, 96.88322715432494, 92.76697429041921, 88.00572580329113, 35.5984076678189, 45.51129082589423, 63.99839206204075, 80.75415512862759, 96.84953769546658, 108.67199075190408, 124.51377587248167, 128.55882394918086, 144.45749432164547, 142.2544179612078, 140.0839332951451, 130.0480997218013, 126.57096581362488, 117.68845892977704, 111.90777709085934], [33.12363878707728, 26.218410058667153, 20.31025804710174, 19.875104451091694, 25.02121491085846, 31.092464922547162, 36.598806083773084, 72.73708748080611, 77.518447922253, 85.66844932739387, 93.7054901999409, 100.33611926457543, 95.4498433494152, 87.4394858188287, 78.90496056731402, 41.360332308412445, 32.25921849644186, 22.89693236983343, 12.29036860171061, 0.0, 6.041668742201034, 15.778263975677868, 24.167994081279932, 31.935973456148503, 39.563115259690775, 76.08044366114585, 83.15205604705304, 90.11970196212648, 95.46670605380473, 100.34128341637009, 100.7188424515895, 96.13836179764502, 89.78796526030372, 83.20366993485423, 78.30316279201219, 50.47070868809777, 58.844040737013344, 68.1300565679119, 66.35514296462378, 75.6943442751494, 83.92691619860811, 88.70279895916316, 90.75120070475157, 89.34695291611939, 80.8345646402985, 72.68764431367917, 66.74988430162291, 87.15208758658865, 85.05748832035863, 86.86885000124481, 93.21942950237224, 97.11608008066828, 101.75339958226387, 111.29046165269682, 111.66728106976875, 110.24841335078905, 107.41158610943371, 101.7034241463251, 95.88834437658434, 89.88643738988384, 89.8771314390464, 95.40628506433575, 99.34052155461141, 107.6511498461936, 101.99657267180288, 97.480429289599, 92.05103455319716, 24.660851990729295, 34.4448499087069, 55.40918595934305, 74.05085418199201, 91.25349844317687, 104.80300679931999, 121.40686945523, 130.4172179533847, 145.6467245720211, 144.35550823187415, 142.3114047755228, 132.8007074819436, 129.80843131882983, 121.43122285513104, 116.92495254295166], [28.960439375827743, 21.415373959833953, 14.839070629304453, 15.486936645666374, 19.550991832403053, 25.845328531032546, 32.150603593589985, 69.67798339549317, 74.81940106957991, 83.09406876735433, 91.26098706900244, 97.98686490662841, 92.68710918127002, 84.50989843004763, 75.94653952337374, 37.836402579566226, 29.008548708979667, 19.846688410394993, 9.833343538252336, 6.041668742201034, 0.0, 11.122215108224845, 19.63368645136631, 27.78512292553094, 35.649696849398396, 73.42002413881421, 80.82137446758303, 88.16298519220685, 93.8068684032489, 98.69774071762203, 98.80942752279321, 94.04577946645554, 87.4300019311357, 80.60418454793226, 75.57364177034356, 46.365907376530565, 53.912514546911545, 62.70568137713855, 60.91607938324259, 70.27545847812186, 78.4332277642602, 83.3454880436508, 85.86313105313825, 84.912994903863, 76.06658177793837, 68.39716944550086, 63.18214391134525, 81.98479458187376, 79.58586105966707, 81.35231815087724, 87.79662008093578, 91.83950577087614, 96.7180445506647, 106.64676598240017, 106.7040247742703, 105.13258222469402, 102.25310175834723, 96.41657279304609, 90.63345776996339, 84.65860095967562, 84.45958930115519, 90.05913169549568, 94.11993525644917, 102.82495202681297, 96.90729054178713, 92.26828706476819, 86.8054254111011, 30.426856839339454, 36.39741203032585, 54.903360726843395, 72.47630423842472, 88.95581469728153, 101.77062106902899, 118.27242735937689, 125.71251919679776, 142.26290498218054, 141.0756060343276, 139.5884080665096, 130.56432869109852, 128.10219407094058, 120.55874778445143, 116.66754193527191], [21.2528601259155, 13.557901743829131, 9.21481052914063, 19.007460259424168, 16.58254368156532, 19.99720244133749, 25.589954630886044, 62.38608489049181, 67.22112403533274, 75.41620118143919, 83.81861961713057, 91.30664131219629, 85.55122979578356, 77.15059756319611, 68.74120054725941, 27.511104877870842, 18.689121021805626, 9.987480980157608, 6.099125286168173, 15.778263975677868, 11.122215108224845, 0.0, 9.010862419560292, 17.6711341298379, 26.11860608622307, 64.56413764264441, 72.37240832354567, 80.27273871891717, 86.45596458942218, 91.67475418167895, 91.59182661935588, 86.3522099010528, 79.32082065692187, 72.28776584960585, 67.18598985804667, 37.39666059687716, 44.97628594353579, 54.150344954508796, 54.808156564645465, 64.33089756224734, 71.29897563138294, 75.85597967602291, 78.87777028579461, 77.93380755862994, 67.4279305313174, 59.71314917197766, 54.5342551336527, 78.93134682555927, 74.71620159398059, 75.64202874313229, 81.46503886082104, 85.27366799930202, 90.40039862103599, 101.17931535353623, 101.3515418614431, 99.93313029828487, 97.68911441945062, 92.15395423400237, 86.90866649859682, 80.852888627835, 79.21241900464528, 84.25630856935226, 88.02877848852775, 97.3434826590754, 91.39130625269081, 87.13595520916368, 82.315476259489, 40.170314211447476, 46.46254277357575, 62.64020645876414, 78.26054484429868, 93.61758440763187, 104.71943790799466, 120.40112838987424, 123.17477770525666, 140.26843575822303, 138.26166648730813, 136.70384366396837, 127.2869598522605, 124.4871590270039, 116.68633974257806, 111.90951534879427], [14.234958668147831, 8.09524893437978, 9.931749326729955, 23.083216172287624, 16.48452383008639, 15.783543855145016, 19.350798487928763, 54.6050819490862, 59.36988647133334, 67.52473634284995, 76.0259708606252, 83.84096804796724, 77.7703017965868, 69.26271954061153, 60.97741610181864, 19.023703475355713, 11.38736015966023, 7.429877411820064, 13.528155029644065, 24.167994081279932, 19.63368645136631, 9.010862419560292, 0.0, 8.842936192997323, 17.455014450750852, 56.34267479763463, 64.39709112486771, 72.62591275819332, 79.11231699448881, 84.40686789700304, 84.10231471877752, 78.63333299835357, 71.36678261058194, 64.18207598568924, 59.02365890279174, 28.805320809143108, 36.58038104868439, 46.35663438617031, 48.738566278884264, 58.249517088629844, 64.33825357856001, 68.46874475802613, 71.42862836420214, 70.28028784896489, 58.99169100393632, 51.13866804828844, 46.03849992183214, 75.08032656687054, 69.55849546148906, 69.7910006024599, 74.94169366276773, 78.39271656875826, 83.46485546767946, 94.56470155524771, 95.04196430253303, 93.88720595935555, 92.23960793579899, 87.17126925478401, 82.43810784005726, 76.3054352116661, 73.59362227333843, 78.04390888857509, 81.43341174494932, 90.84868277146927, 85.1049004245001, 81.3103432655908, 77.12869605153048, 48.021677872472836, 52.98916873950834, 67.08600889707225, 80.87056219689362, 95.36096920366893, 104.98445068088363, 119.71601647595035, 119.02097393924294, 135.68410710722185, 133.00005695448706, 131.29976039870942, 121.6375318892129, 118.70273143030838, 111.04894026277101, 106.22373764834934], [9.507265061227073, 9.886403457017567, 16.35141022847029, 29.084498281262633, 20.807863450349295, 16.2907306950274, 15.403842865298515, 46.40387319432473, 50.94287893626199, 59.026151038653374, 67.57840838031684, 75.6661285637835, 69.4444214609651, 60.8975247996689, 52.747298718348155, 11.055031209372366, 7.600071354211553, 12.326305272707227, 21.398502700990413, 31.935973456148503, 27.78512292553094, 17.6711341298379, 8.842936192997323, 0.0, 8.703241207446053, 47.678325726579736, 55.85038523907922, 64.25841475692862, 70.92709725543183, 76.25459515341404, 75.80051682602543, 70.19033882978025, 62.794186008834416, 55.53411690701335, 50.35373680443754, 20.40081637868772, 29.398487578112416, 40.41305983610756, 44.72099583333235, 54.030365207461486, 59.119797743984584, 62.5663104899013, 64.93374752394435, 63.15357071624305, 51.37113226558834, 42.929182157848025, 37.365613614846794, 73.08666904379743, 66.36595692509663, 65.82639626602389, 70.04004602329937, 72.89707683851364, 77.6395697101575, 88.72849301661627, 89.82733979090663, 89.1221805891563, 88.22296717279772, 83.85974501815424, 79.73585096943283, 73.52597770227305, 69.75559622833322, 73.39753102829448, 76.19007227871406, 85.31471966126752, 80.07343104695411, 76.95881902780664, 73.59626712581756, 54.81906423359896, 59.08692307772279, 71.77119288292224, 83.96674684610646, 97.82916634229571, 106.14005924957102, 119.77200631643386, 116.06000142921806, 131.24980890347763, 127.72030807237141, 125.53752984210028, 115.35185801689501, 112.02315856119763, 104.22285358634772, 99.23864952672369], [10.026980046392334, 15.927702796920775, 23.504275363719252, 35.12291553818917, 26.27411416952033, 19.65676898271318, 14.337419067276889, 37.95851191649506, 42.43768570687819, 50.511680684106416, 59.08402094433617, 67.26916460547042, 60.89872687240864, 52.32465024910276, 44.27098755369943, 7.932136602117362, 12.672297211179353, 20.272605929372006, 29.57678387730182, 39.563115259690775, 35.649696849398396, 26.11860608622307, 17.455014450750852, 8.703241207446053, 0.0, 39.494210597922425, 47.7318998151474, 56.24218330226323, 63.01006947758545, 68.24105758094697, 67.58227465919629, 61.92726643373308, 54.45314492405405, 47.10015901519617, 41.87303465567322, 12.136857751250362, 23.073933422881435, 35.44817610795727, 41.30408791281261, 50.1609915029254, 54.302655965429075, 56.96046377571489, 58.389095750883456, 55.817832795192, 43.995403840558666, 34.803758824951565, 28.673341696431184, 71.01256454542006, 63.347893157889075, 62.09400422856947, 65.28874324984068, 67.45446992357844, 71.6947309625106, 82.52131711445791, 84.33725085385642, 84.14061948329379, 83.99216819643964, 80.42721735783906, 76.92831117670896, 70.68276875855989, 66.01873056347125, 68.79078823428203, 70.90899024530651, 79.48267907916659, 74.88040297519592, 72.51398754262817, 70.00778352566198, 61.45680889960824, 64.53125282412147, 75.65333272838743, 86.20210799335636, 99.40379797207211, 106.43362063523904, 118.89423787388178, 112.54146821663667, 125.92407355048982, 121.59634757103, 118.92885169853743, 108.29740670286066, 104.68597243540937, 96.98084424103416, 92.27141163414393], [47.07925827273027, 54.84548571793118, 62.53909571954327, 72.81067366000133, 64.43616602176567, 56.886322611674046, 48.22565751619619, 21.19265754804371, 15.305874823872367, 17.594488554733324, 25.084959491006522, 36.295616943628175, 31.090809411177023, 24.778022917075, 22.272452442448586, 38.56589316850781, 47.46995257157496, 56.668119777627, 66.55989990655954, 76.08044366114585, 73.42002413881421, 64.56413764264441, 56.34267479763463, 47.678325726579736, 39.494210597922425, 0.0, 8.91885738855023, 18.607724023722756, 26.645838770599624, 32.533547712386856, 31.500219519615612, 24.5844168826685, 16.51042949256154, 10.046409951192766, 7.228795026931318, 32.09570723575236, 37.87012891378767, 47.5109753396877, 58.866595828040786, 63.34271105786557, 61.32429513171094, 58.97827584563293, 55.115497625557225, 47.48501463970901, 37.957517035817766, 27.71738146543475, 18.04062712187409, 87.79314553879404, 77.256832173259, 72.98563827334698, 70.61273724