{
	"dissimilarities": [[0.0, 8.463318516689899, 15.866344594486879, 24.15333703445793, 16.89372278488969, 9.992164110033125, 4.729008256589428, 41.42156574297427, 47.21590180636686, 55.62943647461675, 64.00547196582919, 71.29184171577641, 64.53871080747109, 55.9771349132221, 47.675809809421246, 17.99486032421308, 15.533185728958305, 17.760453594021552, 23.426724210426308, 29.69696377666109, 27.706147183004465, 19.78826415003393, 14.547250911766046, 8.645766865176794, 11.22203709706669, 46.17735420845532, 54.08588425135834, 62.372714568118475, 70.89021496152778, 76.69012520147372, 74.18552056457895, 68.55612518494553, 61.29961285593873, 53.971397144210016, 47.906323814749854, 17.174520549064564, 24.453905361090953, 33.98207836243119, 38.300435578683775, 48.92357357419211, 53.84505119398397, 57.63753089239091, 59.599161349526064, 55.94164572406117, 46.336187790662756, 37.31990773808267, 33.52358721037678, 67.71598360326239, 61.87814133620313, 60.57354898155264, 64.50441150073767, 66.24644170677543, 71.97851055514239, 82.15507947843854, 86.72543726528943, 86.18589056082627, 84.51067690320959, 80.42012001142167, 77.42434625499544, 68.05478355831876, 64.19793629910646, 67.31789001143208, 70.04113427872149, 77.91247195704098, 76.0288800374532, 73.4200905502062, 69.99636833708682, 55.62921822244449, 57.78556880325674, 66.53171109138884, 73.54167955811802, 88.23134163868693, 101.17408509812486, 104.72316461753948, 109.56283134685405, 123.94019741162572, 125.49249730053964, 124.00790547217736, 114.95177189998385, 110.61087402285014, 103.7126763974092, 93.96367619512426], [8.463318516689899, 0.0, 7.710910186629393, 17.176477150634494, 10.226395690344127, 6.487060852118931, 11.017763995417084, 49.878647729573686, 55.59563238374456, 63.97387847660852, 72.4168378529641, 79.7358102775976, 73.00123880478552, 64.43466380629033, 56.13736699007553, 22.132341391619867, 15.73043518313832, 13.439892208952458, 16.56159263768113, 22.45300279109827, 19.97097715127254, 12.061666920122354, 8.51444772900474, 9.868726004675022, 17.031469161737782, 53.97356440845111, 61.99880189789821, 70.35134160777454, 78.96478768937686, 84.81959477584043, 82.47541163311017, 76.79766510320158, 69.4889707756551, 62.167223989510894, 56.04543991590707, 24.740466157194554, 30.593741961191785, 38.64682693537499, 41.602421320981314, 52.43516353974698, 58.085434469244255, 62.72295572826432, 65.62893878914325, 62.87891448564796, 52.891353947634336, 45.030323355454925, 41.69413301331807, 69.28440266959629, 64.26758753258395, 63.997615017929014, 68.75035783399453, 71.23664874188486, 77.36158920991271, 87.87306984916871, 91.57557950147637, 90.49470783510307, 88.1249097418473, 83.24009702650696, 79.68046628491102, 70.49027117989522, 67.42628116409288, 71.48693382364159, 74.87843832235538, 83.26314850150544, 80.66149578417324, 77.41106538965022, 73.0971745477523, 50.0682954946545, 52.84178580290969, 62.731035386927154, 71.03512689503485, 86.5283327042954, 100.62224065543032, 105.4317381631673, 112.58322280192384, 129.1670591361429, 131.4411132202991, 130.49740972537157, 121.95908021387197, 118.08836035326132, 111.35406546777118, 101.51378481689414], [15.866344594486879, 7.710910186629393, 0.0, 10.237701360975029, 5.414942640879403, 9.0956074647771, 17.343025483173456, 57.08718615982899, 63.06680621529608, 71.48779207895534, 79.81523311202456, 86.8460180567961, 80.21712197978465, 71.70209504481306, 63.35426522543258, 29.156066652451816, 21.420745929569417, 15.892929593562227, 14.138195485777562, 17.398265832967663, 13.93805666997925, 9.342467445238917, 10.897970820210018, 16.852622682368285, 24.58736630082917, 61.681309349871526, 69.67620174556826, 77.92128397826497, 86.35991510054869, 92.02942177396324, 89.81351392554865, 84.3150578284922, 77.09822458454606, 69.79009836450096, 63.693714550900715, 32.21920741004332, 36.85534770009202, 43.60194389612964, 44.62327775940347, 55.20659604535014, 61.68321739847197, 67.02245204635625, 70.46396580834323, 68.56841890923133, 59.039071837478225, 52.018950986674305, 49.24605591834055, 69.54692922622493, 65.65105225884811, 66.61975521588077, 72.09166095022347, 75.16432458289728, 81.39825771555928, 91.81359747960681, 94.76475230565306, 93.25630020241366, 90.2587070662655, 84.7249457714804, 80.60373994391128, 71.54368437097416, 69.54939430630121, 74.52646590470175, 78.4583859102274, 86.93030649515731, 83.6909453523928, 79.91788442654952, 74.777362581604, 45.56985821799034, 47.271964809854495, 57.49613500724884, 66.75137957540558, 82.87020699697702, 97.93698867811793, 104.01142298100328, 113.7552751694554, 131.83614520271146, 134.8085962291786, 134.3911149400111, 126.5107944487822, 123.31456389449991, 117.18581357432055, 108.13789951984906], [24.15333703445793, 17.176477150634494, 10.237701360975029, 0.0, 8.60319157110011, 15.696778561107461, 24.195166122266112, 63.766517423543874, 70.38850301331652, 78.90330551506416, 86.79472241654886, 92.98075267285522, 86.68768695735012, 78.38077737903293, 69.97136801306256, 39.18438419850878, 31.46480073041761, 24.977121707631603, 19.73500614757505, 17.34829532189264, 13.222140119813318, 16.840474155838038, 20.803434158640126, 26.862625126300888, 34.122836837996545, 70.2755382216711, 78.00431723874063, 85.8165079872551, 93.61664425515026, 98.68969686577537, 96.66450340966504, 91.75132624637646, 84.90070241614781, 77.67290179189617, 71.74301133454259, 40.72051354933377, 44.185955815642885, 49.71377838642212, 47.70667036655794, 57.378993945898095, 65.04915125525532, 71.01690110723278, 74.45995810443831, 73.50683547291602, 65.71722390883527, 59.26431259748748, 57.20020875296457, 67.74889444082557, 65.76652429925099, 68.59234262228667, 74.77399888013561, 78.29226153240165, 84.18971744446081, 93.7339044592258, 95.99470681056255, 94.17742880015481, 90.53757187104549, 84.46945393922978, 79.64903645458703, 70.5894601702459, 70.40932894411478, 76.47537420608643, 80.8490093479593, 88.68851555117325, 84.81313393957875, 80.60760993724293, 74.54539035294933, 41.716280776018, 38.50153259730503, 47.73731271960476, 57.75893152157385, 74.68417438033998, 90.80959030348131, 98.60993674807698, 112.2311109498558, 130.65783664904058, 134.38889259437107, 134.45540716671036, 127.55832316605184, 125.48695227574642, 120.67454546896204, 113.86505823190161], [16.89372278488969, 10.226395690344127, 5.414942640879403, 8.60319157110011, 0.0, 7.589271066215182, 16.897781506461904, 56.80585607782265, 63.393801852252025, 71.88117404803718, 79.98428237505385, 86.58215034091978, 79.93390505699202, 71.48845094576957, 63.09397781542795, 31.981016558494524, 25.406232455054585, 20.992101977903356, 19.402608304165216, 21.271263996115277, 17.369207802282435, 14.617381183463918, 15.533926770519136, 19.690787746188825, 26.479357409416753, 62.89638160412881, 70.87928230551779, 79.13847405270775, 87.37272384004164, 92.78379962201578, 90.33527319927475, 85.02536269182758, 77.8634621047905, 70.48722066213388, 64.46607820816655, 32.69825918275485, 35.76885133643223, 41.537979715996045, 40.91499451431161, 51.17427850298223, 58.16941374222344, 63.833068546562735, 67.39469741976313, 66.13469288772096, 57.49171802369434, 51.23455323379223, 49.56361228045156, 64.43629899413992, 60.97535271189767, 62.54828839199681, 68.31062832568907, 71.60206361965825, 77.75711593433637, 87.98469438127312, 90.56667833646667, 88.90458648236866, 85.68155624548537, 79.9814088980567, 75.68372850100738, 66.6131627462324, 65.10113407786238, 70.47148193776152, 74.60918785669, 82.9733922890429, 79.43909132871538, 75.47423064185831, 70.03795381548905, 48.247902167241435, 46.48136797812906, 54.25635719184595, 62.488419519873126, 77.99789068576486, 92.77801429227884, 98.6569627337614, 108.76329404736082, 127.56549933060398, 130.98913239844714, 131.2781692479656, 124.08782085145657, 121.56524318035586, 116.69151649729987, 109.23703656412293], [9.992164110033125, 6.487060852118931, 9.0956074647771, 15.696778561107461, 7.589271066215182, 0.0, 9.53969755154245, 49.36336106039108, 55.92461626307311, 64.39906247376952, 72.54960204608753, 79.30799759218819, 72.53775093250323, 64.04836092344449, 55.66976394928006, 26.16329039091112, 21.423107188184584, 19.849739436109505, 21.771900276761553, 25.920277794675673, 22.711884870406372, 16.88401031251124, 14.400289407202203, 14.476430279978935, 19.839587902369573, 55.51293236775347, 63.509837216216724, 71.86981140834874, 80.20621273973723, 85.72108056265596, 83.0754617724404, 77.64534218997497, 70.4110320057893, 62.99973326188996, 56.98091740657643, 25.238953493644285, 28.79412199216321, 35.647211318965134, 36.585832552041154, 47.15136893458307, 53.45069163651128, 58.494766091443246, 61.543293061654765, 59.56727018534828, 50.683830600629925, 43.795863000099004, 41.99249117487118, 62.991265024646, 58.38501422278688, 58.76487530575756, 63.86040386873125, 66.60123459444269, 72.64896012527302, 82.97054967363857, 86.26291162945753, 85.01182393982961, 82.39394947636566, 77.33430131689097, 73.59048028806838, 64.34741353511308, 61.77714810154455, 66.2836213791549, 69.91664801775757, 78.1960190671714, 75.25120538138705, 71.78275936136066, 67.1463596305195, 52.88032190318665, 51.88433770227599, 59.07598447413815, 66.13924968305801, 80.84913247707155, 94.52202983418962, 99.01441117697638, 106.45079261809039, 123.87059251345138, 126.67793170426964, 126.59154144739341, 118.88295543212189, 115.8367156162487, 110.66938433625569, 102.84862422887235], [4.729008256589428, 11.017763995417084, 17.343025483173456, 24.195166122266112, 16.897781506461904, 9.53969755154245, 0.0, 39.98846639279855, 46.510347574218414, 55.00903368171899, 63.08890333098719, 69.85299248511751, 63.13823809578504, 54.65908825346729, 46.27441292072063, 21.58081105224651, 20.172537330551776, 22.168708470705862, 26.89502635344455, 32.16866910664676, 29.819175668699778, 22.999067657411263, 18.407878565586664, 13.031225348464584, 14.17562719670188, 46.68855217191736, 54.44998250513045, 62.59923299515208, 70.77264065524447, 76.22746064536098, 73.54787812217626, 68.20753561191283, 61.1004722990834, 53.74984249395972, 47.81902245699276, 17.34522887120231, 22.940107575345806, 31.92082529010641, 34.87272762260155, 45.210041887310545, 50.539190277332935, 54.45304061896631, 56.21675224961177, 52.908312244029524, 44.4168929572154, 35.7740003713389, 33.04745875221284, 63.50915128562487, 57.92126409568167, 56.96825426900131, 60.989196699193435, 62.73979454916464, 68.27290169768467, 78.12285236538342, 82.62362454019805, 82.09818580640632, 80.38005912732405, 76.33250750998901, 73.2838158522287, 63.78814662486291, 60.242554380814305, 63.52883242003893, 66.2768212528914, 73.85007840041679, 71.8711368615732, 69.25177729438751, 65.75324518285514, 57.52490387884844, 57.225843024011986, 64.22959236819584, 70.3072987301403, 84.44849398502363, 96.97142438937482, 100.23344113556966, 105.157998909438, 119.41661246164192, 121.1829107879267, 120.09110908376246, 111.49922506994132, 107.68237036923048, 101.85391973796136, 93.70035688250121], [41.42156574297427, 49.878647729573686, 57.08718615982899, 63.766517423543874, 56.80585607782265, 49.36336106039108, 39.98846639279855, 0.0, 9.267396001879169, 16.849074034162264, 23.675555472322017, 30.49411885095439, 23.22845112160761, 14.687748856911632, 6.335926426253622, 39.6429083652701, 47.78622926506164, 55.31215952993762, 63.152835963860035, 69.58111776361575, 68.33596589636403, 60.601326467736705, 54.40348973202945, 45.00114364580905, 37.13823051537648, 19.43181846973098, 22.57373324659136, 28.497960451637148, 35.07214263669541, 39.955847915535806, 35.524010984635254, 30.558403173387152, 24.410100473743835, 18.03832589793737, 14.886934017653502, 28.035474877172625, 30.759209398789903, 38.20255624145947, 46.14896111569345, 50.82459885678092, 49.89932203618485, 47.31882613777151, 42.31112659688212, 32.514549211773044, 30.38593025721912, 17.193501229354396, 12.833857784167082, 73.7696487986837, 65.23886476042536, 58.96459359361824, 57.28560849241557, 54.113186827689596, 56.100110242571944, 62.487546331736255, 71.89092568827319, 74.62100896843747, 77.14021994314488, 77.91941773531617, 78.31890710551053, 69.91022150969161, 62.77104419017268, 59.92674312331451, 58.05121217778199, 61.31280370592562, 64.2565393855487, 65.88265381995073, 68.04114831192797, 90.3986357774095, 90.44263832002893, 94.5637664510015, 96.20862719365927, 106.13036107353237, 112.9764555309353, 110.28897189805731, 102.71831757221575, 104.16952449618014, 101.34237456033192, 96.84415529545643, 84.93625823825047, 77.55192939150422, 70.14527738998639, 61.8816588241539], [47.21590180636686, 55.59563238374456, 63.06680621529608, 70.38850301331652, 63.393801852252025, 55.92461626307311, 46.510347574218414, 9.267396001879169, 0.0, 8.534262796399053, 16.971285903378835, 26.110114281984707, 18.931102995066503, 10.82662142094444, 7.090249087094541, 42.35604069395859, 51.14174626179226, 59.2086637384052, 67.5848765494869, 74.52013747431053, 73.67576265787076, 65.50408529244245, 59.12039998507366, 49.62546427654299, 41.44152214747391, 13.291800130044768, 13.77120638611193, 19.35443975865923, 26.876261398101896, 32.87436901415547, 28.34355812996262, 22.23627184058942, 15.480131602799604, 9.089124273864343, 7.301791584653387, 33.14017280153218, 37.09651529895789, 44.755540792531086, 54.225834066784934, 58.96772634044531, 57.15383428909935, 53.904557624311266, 48.75663774411728, 38.34316857061165, 35.17163080612411, 22.6487402257128, 16.063501590401575, 82.55992113184672, 73.59996401203881, 66.59588343912273, 64.32795181968862, 60.73349333134963, 62.5268004902094, 68.70356703824724, 78.56521532663491, 81.61533635963443, 84.63193781889792, 85.84189952855363, 86.61813989611399, 78.50715165917892, 70.81943759020419, 67.28874453708526, 64.95769950113193, 68.03630785167321, 71.59942140308804, 73.63402892930472, 76.34461719812914, 94.6843553805318, 97.01662132165316, 102.6186554093945, 104.90928629521242, 115.23093247614915, 122.1134158820047, 119.25419052494578, 110.32463997592316, 109.98686180685918, 106.07542173053105, 100.25235907921638, 87.04390571491516, 78.00243345406336, 67.89260784564003, 55.777207689589474], [55.62943647461675, 63.97387847660852, 71.48779207895534, 78.90330551506416, 71.88117404803718, 64.39906247376952, 55.00903368171899, 16.849074034162264, 8.534262796399053, 0.0, 9.407221692420991, 20.155197331099313, 13.331299115534728, 8.355892555016851, 12.035781335101847, 49.743904040611504, 58.81783779485006, 67.09439375234794, 75.64441383263055, 82.71391663929397, 81.97840610657556, 73.68063179909703, 67.22593661420231, 57.70540952195221, 49.420901701159295, 16.05953436651994, 11.58101006164147, 13.696464959920645, 20.334469659547974, 26.534139628743233, 21.064211086839666, 14.2655244226457, 7.856415420366594, 5.3388925168252825, 10.074135118637924, 41.18906193246739, 44.51841532653259, 51.28004213575785, 60.992007149175826, 64.89151552620494, 62.12307502200172, 57.94010842872682, 52.03945518332426, 41.233301493518, 39.372602081339615, 28.79319161203068, 23.714050242832727, 88.45780888344147, 79.22752815767613, 71.57103980184051, 68.43620087085883, 64.1498615382141, 65.23308739623019, 70.5313444829499, 80.97784135012043, 84.53690150428888, 88.26124769387395, 90.25265059008223, 91.59759921622108, 83.94026212862265, 75.8406085675249, 71.3901287300794, 68.33173037158794, 70.57245744810989, 74.96793399913707, 77.67688899928129, 81.25272997379105, 102.40781560158266, 105.14923867403475, 110.65309027395445, 112.55885982024151, 122.34869480670184, 128.45029668701216, 124.72249183957247, 113.61160434185159, 110.91274250012773, 105.96591375052407, 99.32864099653176, 85.37492504448524, 75.23527986540734, 64.16571143508848, 50.867538901178044], [64.00547196582919, 72.4168378529641, 79.81523311202456, 86.79472241654886, 79.98428237505385, 72.54960204608753, 63.08890333098719, 23.675555472322017, 16.971285903378835, 9.407221692420991, 0.0, 11.414079380515139, 6.745917709585329, 9.920940142934137, 17.616283854229472, 58.99357281163891, 67.88804408063119, 75.95147303866972, 84.24904986981714, 90.96642347429994, 90.24502211243362, 82.35342239677098, 76.04091186333115, 66.58097970817111, 58.39654665450934, 25.148923068108722, 18.940130888504996, 15.531681235593718, 16.346415834995298, 20.165951878203863, 13.50084536452155, 9.53490917449899, 10.211431621327247, 13.898524175009126, 19.4388965635481, 49.98482180774786, 52.65141752559238, 58.597774140984576, 67.28521466181083, 70.00545461698826, 66.86365431195287, 61.943969278132386, 54.80771597771546, 43.97092914770169, 45.27558916261222, 36.19283743827922, 32.567577379526206, 92.41444686725433, 83.51695744430666, 75.83709957948929, 71.98589504249271, 66.97733647845358, 66.84792223407099, 70.22259261608237, 81.41646849641232, 85.64844638730482, 90.07890315285897, 92.97125421519986, 94.76441802916351, 87.43183795043329, 79.56852096699626, 74.45681124350854, 70.63078662168223, 71.15050989518632, 76.41725148273585, 79.91619386889884, 84.28003707927178, 109.64262701349261, 111.43964663190417, 116.07421721880553, 117.15477296230424, 126.15498371515349, 131.19950049643208, 126.71794345711237, 114.26427489788877, 107.50686328381997, 101.33758067948082, 93.52641309655485, 78.86577473498723, 67.87557781449487, 56.6841140153079, 45.125375675973906], [71.29184171577641, 79.7358102775976, 86.8460180567961, 92.98075267285522, 86.58215034091978, 79.30799759218819, 69.85299248511751, 30.49411885095439, 26.110114281984707, 20.155197331099313, 11.414079380515139, 0.0, 8.525218334697707, 16.63447721990327, 24.23673971594981, 68.33979146989081, 76.74466250254842, 84.29495578717237, 92.02007518646751, 98.03100162578573, 97.23079199299205, 90.12652345242454, 84.12465249159636, 74.8413038680169, 66.94232140094465, 36.173076462757955, 30.16231339146591, 25.018476155529594, 20.525502047781824, 18.96625992512965, 13.270878806423708, 16.726695203959146, 21.26861309344718, 25.101458023650455, 30.15250910439018, 58.28894919852061, 60.25764816041519, 65.45932116692602, 72.23179450203152, 73.60973453141001, 70.6487150587148, 65.32772249588221, 56.84240833766019, 46.494594743608154, 51.74907279780093, 43.7462567716827, 41.46443385769918, 93.8259370566554, 85.81433171653083, 78.72056396783138, 74.42626894426566, 68.8352679393329, 67.22640101271507, 67.9075197781552, 79.81435004464892, 84.74967199088636, 89.75153719738364, 93.51022701274364, 95.57145306365791, 88.4704457672174, 81.4487736601959, 76.04161057491078, 71.56326014234229, 69.76890265715825, 75.77863050596498, 80.04070625186368, 84.98776652714903, 115.38713970473306, 115.12940023436326, 118.21770206962043, 118.12089773354222, 126.08334029351397, 129.88114103397598, 124.82458389108481, 112.02517069761839, 100.08658524153874, 92.66911964229425, 83.47038992209303, 68.21960750045713, 56.77424894132076, 46.821518614294135, 41.2626331200426], [64.53871080747109, 73.00123880478552, 80.21712197978465, 86.68768695735012, 79.93390505699202, 72.53775093250323, 63.13823809578504, 23.22845112160761, 18.931102995066503, 13.331299115534728, 6.745917709585329, 8.525218334697707, 0.0, 8.721180873164883, 16.903528446737532, 61.13302851607131, 69.84146210852954, 77.67349523680784, 85.67832663457554, 92.05192211006154, 91.07451911962379, 83.48487359378942, 77.26464516285724, 67.8110716555142, 59.732764364813946, 29.220175771778273, 24.389162277562342, 22.158620459648947, 21.96267297514476, 23.743626853759576, 17.17825440808495, 15.81580141485527, 16.493143812957765, 18.425374547115453, 22.989916569653463, 50.758444109822605, 52.23281427936328, 57.3135244604594, 64.77354086085052, 66.583154636158, 63.43559996365638, 58.2687561861927, 50.405560412916245, 39.745567508719276, 43.532461581893, 35.44924132791145, 33.673640421366294, 88.01808000371052, 79.42521505791521, 71.9472840033147, 67.8452697410616, 62.54980854910414, 61.78098450091726, 64.23123923266894, 75.66372445207324, 80.13183074892765, 84.77030608315819, 88.02284226557182, 89.97138710358445, 82.79849578067773, 75.21265067120252, 69.91117448392555, 65.7882011045659, 65.43138222525585, 70.96479604767107, 74.77203955355147, 79.43819535365905, 110.9133542982302, 110.84918605876841, 113.97363338211447, 114.07138655726034, 122.15984530973004, 126.40348861002578, 121.32715783254828, 108.3505382259716, 100.79656830917378, 94.71590981150317, 87.45947763210415, 73.41458462940831, 63.249058415922654, 54.664472914893615, 47.69651302849342], [55.9771349132221, 64.43466380629033, 71.70209504481306, 78.38077737903293, 71.48845094576957, 64.04836092344449, 54.65908825346729, 14.687748856911632, 10.82662142094444, 8.355892555016851, 9.920940142934137, 16.63447721990327, 8.721180873164883, 0.0, 8.413131812057266, 52.57360674492349, 61.27083621868095, 69.13880903442761, 77.21610996572542, 83.73921590438988, 82.69444734801074, 74.91196713220025, 68.63128512767548, 59.143616891274114, 51.04490653871477, 22.421823478216687, 19.74164334605772, 21.078149995414922, 24.70432832855759, 28.5604484378648, 22.741872908045394, 18.694204179916593, 15.156436530107136, 13.198641087977013, 15.94893981627199, 42.0389634124476, 43.8682276870993, 49.64657450181306, 57.64414429852212, 60.45318172441845, 57.83222500280188, 53.392822057537664, 46.4748415760125, 35.69735573631966, 37.19025812791168, 27.5036595558001, 25.019209048583868, 82.82681866760647, 74.04278922936511, 66.73768118231939, 63.364130065996626, 58.733168480992155, 59.04713286800244, 63.230262793025915, 74.00803909426973, 77.85121004108943, 81.78047558939973, 84.16564472770935, 85.62863294616214, 78.03302860270185, 70.36721223025256, 65.77465652322807, 62.38618322549161, 63.540124589517795, 68.21072161210091, 71.26601271644036, 75.13566384035974, 103.41953925222131, 103.71339635743378, 107.35698053921129, 108.07770546798373, 116.85980887736498, 122.06977540399365, 117.7696862884135, 106.41374884620964, 102.5659665936352, 97.72974774909915, 91.59554164926888, 78.30038443975792, 69.10938306957668, 60.71448195356097, 52.40389816199006], [47.675809809421246, 56.13736699007553, 63.35426522543258, 69.97136801306256, 63.09397781542795, 55.66976394928006, 46.27441292072063, 6.335926426253622, 7.090249087094541, 12.035781335101847, 17.616283854229472, 24.23673971594981, 16.903528446737532, 8.413131812057266, 0.0, 45.26383124478348, 53.62254989530432, 61.260741664132254, 69.16277826632754, 75.57459194713867, 74.4355007663652, 66.75688794706258, 60.555320328118825, 51.13531428567789, 43.18813433749282, 19.883061029925575, 20.466284379282797, 24.642182485208004, 30.11236623431661, 34.565710784619434, 29.71117104980477, 25.163234531111396, 19.879941317369074, 14.775926579618517, 13.949428659429675, 34.16295479761436, 36.51129679327824, 43.19392281577501, 51.050540811569206, 54.833455881523804, 53.195005312181515, 49.76059247391031, 43.75429568597463, 33.366870778346836, 33.13683313583172, 21.409509443420326, 17.94057201352735, 77.45231024392625, 68.86638353854421, 62.18223564593912, 59.74476288941751, 55.88586644989988, 57.07656948808165, 62.40535792701612, 72.49820207679146, 75.75326212662227, 78.90309438548194, 80.40996609609708, 81.26333154107283, 73.16223675818503, 65.84941717910989, 62.237202664378906, 59.66451722763281, 61.89427696276276, 65.62674622749442, 67.91432331594456, 70.83525975989848, 95.72396961737999, 95.80254788351503, 99.69180208000148, 100.90926202258203, 110.34759861221076, 116.47266350965057, 113.12400621063685, 104.04520211960713, 102.94316121863454, 99.2163031667593, 93.91482639531581, 81.35504215133584, 73.20924954640927, 65.36290978556444, 57.20772924664669], [17.99486032421308, 22.132341391619867, 29.156066652451816, 39.18438419850878, 31.981016558494524, 26.16329039091112, 21.58081105224651, 39.6429083652701, 42.35604069395859, 49.743904040611504, 58.99357281163891, 68.33979146989081, 61.13302851607131, 52.57360674492349, 45.26383124478348, 0.0, 10.343074874909396, 19.900874090757192, 29.828001966028296, 39.0607778316624, 38.28703626706674, 27.49876231104018, 20.515441992455777, 12.356738842338338, 7.716236676675685, 36.413683853300235, 44.83047231718022, 54.080658711822004, 64.18910515276413, 71.47958762846552, 68.77529998977542, 61.69424384227207, 53.67243471605636, 46.54391600424448, 40.29368231870713, 15.052606543728464, 25.172821321535274, 35.70084911633081, 46.072538024237545, 56.71239612534512, 58.7531734725857, 60.98416696415969, 63.05036298471301, 57.683578130174666, 44.224913656268335, 34.64226240736117, 28.290662657250326, 79.55734282188294, 71.45602576939088, 67.30070285977703, 69.75433200737258, 70.68940568611629, 76.85126148911824, 88.30921690680496, 93.65937881034165, 93.5054505312154, 92.80135132731311, 89.51125013246289, 87.61735224147095, 78.972145327946, 72.63253353688067, 73.8035830812553, 75.68793962959049, 84.50796864224098, 83.70133382558363, 81.80489280547599, 79.87249465069462, 64.7341728878913, 73.0980317974763, 84.11942276718308, 91.49522476395111, 105.76451515164447, 117.97574232144345, 119.89137184743058, 119.74618600847414, 134.04616625824485, 134.41962186089785, 132.0893188363821, 121.43512850314745, 114.99160087504366, 105.15016002393939, 89.98384346413911], [15.533185728958305, 15.73043518313832, 21.420745929569417, 31.46480073041761, 25.406232455054585, 21.423107188184584, 20.172537330551776, 47.78622926506164, 51.14174626179226, 58.81783779485006, 67.88804408063119, 76.74466250254842, 69.84146210852954, 61.27083621868095, 53.62254989530432, 10.343074874909396, 0.0, 9.607463604182577, 19.62971896538984, 29.10778367756849, 28.579423301090696, 17.799595627020796, 11.426814268130636, 7.694389654413468, 11.847102996074653, 46.05606585516006, 54.183166266581964, 62.88806846908047, 72.5048417039626, 79.42771941395175, 77.24743194053472, 70.6247998117992, 62.93357206922329, 55.89373610793447, 49.686811486448, 22.22737962093645, 31.47695193087773, 41.23438221490228, 49.21245452668131, 60.295669378820655, 63.74750712260394, 67.04638998433803, 69.68400742926269, 65.20721461100611, 52.449685671792984, 43.34788873424025, 37.39568202606231, 80.84066932216024, 73.96293732459232, 71.34164649376139, 74.83821363828028, 76.51566071661955, 82.86003425982136, 94.17700272577832, 98.85996803776153, 98.2586903359741, 96.79362663402748, 92.6792100903638, 90.01770080246479, 81.17126009231602, 76.10307543275489, 78.52568495466011, 81.11868250257946, 90.01427694310432, 88.44403258838565, 85.90520854250481, 82.88127571553933, 55.31793641669938, 64.93780611046277, 77.6707144631157, 86.59045652608857, 102.12284814674246, 115.75833020402062, 119.47145941566268, 122.88786435528958, 138.25083188054742, 139.24604831082218, 136.9883584701994, 126.72105401030498, 120.8562209284978, 111.08274727557293, 96.43229037638581], [17.760453594021552, 13.439892208952458, 15.892929593562227, 24.977121707631603, 20.992101977903356, 19.849739436109505, 22.168708470705862, 55.31215952993762, 59.2086637384052, 67.09439375234794, 75.95147303866972, 84.29495578717237, 77.67349523680784, 69.13880903442761, 61.260741664132254, 19.900874090757192, 9.607463604182577, 0.0, 10.064476380602967, 19.72892421404122, 19.523600071049064, 9.418604797708577, 6.45925710578554, 12.107856552487478, 19.649266201306244, 54.981754445099845, 62.874503071764984, 71.12156865919933, 80.24445782189183, 86.7679703609685, 84.99352561085388, 78.81945923552144, 71.43204773259123, 64.45956688896241, 58.31218457619756, 29.964879833205902, 38.31953888449909, 47.28187062784949, 52.983576824028184, 64.11596874475258, 68.74713514508852, 72.8557473803955, 75.82106221094712, 72.07942181916049, 60.17456491749278, 51.40385556673559, 45.80531218916121, 82.20673183991315, 76.595215157871, 75.40703954850575, 79.73243728417673, 81.97501575958027, 88.34619050045941, 99.34957710330903, 103.46911038735894, 102.5174647333503, 100.41368973426395, 95.64152553378241, 92.31199139656016, 83.33874511042626, 79.53307522603822, 83.01247310522619, 86.15285344822252, 94.92703472698823, 92.73126989371764, 89.68725685194174, 85.74499949254528, 46.572072568476024, 57.07735658516899, 71.39587513513439, 81.75650801054732, 98.41007412228186, 113.30348809910126, 118.71730566397207, 125.50352861053184, 141.52923866226445, 143.0744735978235, 140.88890337118684, 131.05336371591886, 125.79633156932388, 116.28567765209338, 102.47566204043284], [23.426724210426308, 16.56159263768113, 14.138195485777562, 19.73500614757505, 19.402608304165216, 21.771900276761553, 26.89502635344455, 63.152835963860035, 67.5848765494869, 75.64441383263055, 84.24904986981714, 92.02007518646751, 85.67832663457554, 77.21610996572542, 69.16277826632754, 29.828001966028296, 19.62971896538984, 10.064476380602967, 0.0, 9.887598863416386, 10.27855574490619, 6.118485018411664, 11.595587839936963, 20.38087526311981, 28.55674646109495, 64.27056781079686, 71.959773427566, 79.79603219101597, 88.40527493854388, 94.4843866566029, 93.0444599756033, 87.33636999163821, 80.24674104236254, 73.3276344792634, 67.25288293745625, 38.39915315826474, 45.873708123314, 54.01805771915578, 57.44911931728487, 68.35350515097346, 74.0733518167649, 78.88482866919675, 82.06933071440822, 79.05378593797782, 68.14179528519813, 59.706948318419464, 54.52728207868026, 83.65958975054595, 79.45303556545542, 79.73261780226194, 84.8024094704776, 87.54414598521373, 93.84480853432447, 104.39807440734926, 107.947104249638, 106.67131167012442, 103.95360443711463, 98.58419978035414, 94.6066723344461, 85.57806617190441, 83.13083330497372, 87.6132269532617, 91.2404295301578, 99.75919592285582, 96.96974399829791, 93.46775721549592, 88.6541642992911, 37.83589197260229, 48.712083325585354, 64.61327569710461, 76.45783470515478, 94.18239991142761, 110.3042758597271, 117.49541851918445, 127.80645709594074, 144.34195238387056, 146.46687646645057, 144.4190204835072, 135.13806888321076, 130.6026709720464, 121.59438344495659, 108.98721776421053], [29.69696377666109, 22.45300279109827, 17.398265832967663, 17.34829532189264, 21.271263996115277, 25.920277794675673, 32.16866910664676, 69.58111776361575, 74.52013747431053, 82.71391663929397, 90.96642347429994, 98.03100162578573, 92.05192211006154, 83.73921590438988, 75.57459194713867, 39.0607778316624, 29.10778367756849, 19.72892421404122, 9.887598863416386, 0.0, 4.485768480234017, 13.446806118926268, 20.191167535843313, 28.788197509126924, 36.892270775552724, 72.3280286076413, 79.73819008563846, 87.07405657803905, 95.04146505957058, 100.5650996923625, 99.46393311688098, 94.3292107468076, 87.6216181561399, 80.7953347540068, 74.84754865672721, 46.075087246673526, 53.00675676561066, 60.624549052351625, 61.94742130378899, 72.37296675411066, 79.05579276631386, 84.33660306338419, 87.40357910608355, 84.92587038287223, 75.32974786180414, 66.9486730395284, 62.042139135661294, 84.8413963408072, 82.1107146296369, 83.78288777183339, 89.39041708133469, 92.42103016706733, 98.43673734414752, 108.22931507356307, 111.40559081921232, 109.96047726909192, 106.78287265251724, 101.03262343252128, 96.49854007981584, 87.38229473842911, 86.33771409830406, 91.6413281035325, 95.56882132169643, 103.50561187463161, 100.29298229579835, 96.50926412800781, 91.00585034051595, 29.529740942533362, 39.584413407971525, 57.120172294384545, 70.39770304385208, 89.19215332550434, 106.39293102484848, 115.35613960171183, 129.19946668178991, 145.3268372940637, 147.8726833921644, 145.77886714987986, 137.0308479044668, 133.23471350967253, 124.8396664820911, 113.81383922851124], [27.706147183004465, 19.97097715127254, 13.93805666997925, 13.222140119813318, 17.369207802282435, 22.711884870406372, 29.819175668699778, 68.33596589636403, 73.67576265787076, 81.97840610657556, 90.24502211243362, 97.23079199299205, 91.07451911962379, 82.69444734801074, 74.4355007663652, 38.28703626706674, 28.579423301090696, 19.523600071049064, 10.27855574490619, 4.485768480234017, 0.0, 11.640266146874477, 18.534596132580553, 27.23577340914704, 35.491501792982994, 71.77472638237893, 79.38633022779803, 86.99513989305336, 95.07784536959319, 100.60261698183774, 99.19903316919007, 93.99433196024812, 87.13934971063841, 80.14877570455505, 74.13981731374672, 44.33668041386483, 50.39453846878419, 57.45520991798643, 58.184701556205916, 68.53321235981433, 75.38119528082647, 80.87864959723362, 84.21360992251012, 82.15580125874915, 72.69107636225463, 64.9137748919526, 60.75535971485, 80.6547752013641, 77.9890538947325, 79.85473895052067, 85.63513613878061, 88.85648065800508, 94.9631635090532, 104.89690774938165, 107.75747054543885, 106.15318030096284, 102.82173529920982, 96.92547348199906, 92.32902916312898, 83.30437421051538, 82.34988679812163, 87.84029039101395, 91.93378718947976, 100.04329096284536, 96.62043318384268, 92.67590415894433, 87.0165221057367, 32.847242050244674, 39.546966670126885, 55.17043907100379, 67.73688535949209, 86.0160057741451, 102.97332396999505, 111.58487744164606, 125.17712680552621, 142.38980431023518, 145.3057306584069, 143.89239455335988, 135.63021438880915, 132.24326879467466, 124.73172675425691, 114.56136508090162], [19.78826415003393, 12.061666920122354, 9.342467445238917, 16.840474155838038, 14.617381183463918, 16.88401031251124, 22.999067657411263, 60.601326467736705, 65.50408529244245, 73.68063179909703, 82.35342239677098, 90.12652345242454, 83.48487359378942, 74.91196713220025, 66.75688794706258, 27.49876231104018, 17.799595627020796, 9.418604797708577, 6.118485018411664, 13.446806118926268, 11.640266146874477, 0.0, 7.252242314518042, 16.78663954344838, 25.343862724142486, 62.41619052625193, 70.42826190879279, 78.71677128632805, 87.56929799167375, 93.72446893767335, 91.81738979228903, 85.92854085274034, 78.58079546417851, 71.42435597894725, 65.25002636823511, 34.830584058181294, 41.115833370720594, 48.61784987647304, 51.77153239305441, 62.71569234061431, 68.4377822658442, 73.4468755412352, 77.02919264203646, 74.47116930255636, 63.43528037463539, 55.842694927271594, 51.7070671561199, 78.24365121383521, 73.77722070187718, 73.98362118277008, 79.16695258487545, 82.1037400179882, 88.59437841301947, 99.49854341156373, 102.70998672757086, 101.26181395002304, 98.44212514019151, 92.96857986230235, 89.03685462854017, 80.15333447585428, 77.5007461016772, 82.0450897253523, 85.82938905087097, 94.7051919381957, 91.72853904820508, 88.0772862944299, 83.21608773845657, 42.69863866952133, 50.32490549791658, 63.8295412911084, 74.50376126078366, 91.30926375276252, 106.85763380447773, 113.24204890187328, 122.50496863949122, 140.48836399492555, 143.00798679059778, 141.84335996824635, 133.1049393903692, 128.980671380071, 121.04001307453841, 109.34952276904282], [14.547250911766046, 8.51444772900474, 10.897970820210018, 20.803434158640126, 15.533926770519136, 14.400289407202203, 18.407878565586664, 54.40348973202945, 59.12039998507366, 67.22593661420231, 76.04091186333115, 84.12465249159636, 77.26464516285724, 68.63128512767548, 60.555320328118825, 20.515441992455777, 11.426814268130636, 6.45925710578554, 11.595587839936963, 20.191167535843313, 18.534596132580553, 7.252242314518042, 0.0, 9.763436314126855, 18.331415708322393, 55.64958560135554, 63.83360082073552, 72.43489043654935, 81.59869809592227, 87.99906712994455, 85.79218849514383, 79.6196708815502, 72.06303265796674, 64.82616505069508, 58.597591403411975, 28.009518342108112, 34.66004634013188, 42.73967251269069, 47.43008917487538, 58.56224566441738, 63.55597183115652, 68.09418326414101, 71.51773050042868, 68.50882519885404, 56.87009932278686, 49.125968397623275, 44.96260540623657, 76.13640609486998, 70.6494520912793, 69.8140035218559, 74.47785247898975, 77.06355041079927, 83.59464735367587, 94.79965814971155, 98.4076043823251, 97.19364879470254, 94.81282994531927, 89.78148112779517, 86.31868289863257, 77.44937605777426, 73.82781696826297, 77.66639887353533, 81.10939928060816, 90.14823909622278, 87.58033857043799, 84.25572192557969, 80.02022309035169, 48.79357771039232, 55.911399337858235, 68.09074575795496, 77.53962914307753, 93.46624303716763, 108.02904133130106, 113.05916261429093, 119.74969650510906, 137.35413920729164, 139.5029105192057, 138.33024641426138, 129.29839486452875, 124.77512338417361, 116.72571825246467, 104.5669077378424], [8.645766865176794, 9.868726004675022, 16.852622682368285, 26.862625126300888, 19.690787746188825, 14.476430279978935, 13.031225348464584, 45.00114364580905, 49.62546427654299, 57.70540952195221, 66.58097970817111, 74.8413038680169, 67.8110716555142, 59.143616891274114, 51.13531428567789, 12.356738842338338, 7.694389654413468, 12.107856552487478, 20.38087526311981, 28.788197509126924, 27.23577340914704, 16.78663954344838, 9.763436314126855, 0.0, 8.593920681751374, 46.21736515461337, 54.51075907199614, 63.34027260331101, 72.66990693111083, 79.19132217828785, 76.64923604536233, 70.31082533705889, 62.62136511649373, 55.295836483969275, 49.04242557380903, 18.36781345896718, 26.273772666685954, 35.70622334130569, 42.28890042211551, 53.35442413842366, 57.417097400783, 61.11745841343262, 63.855289060583665, 60.02081182753248, 48.1930389362788, 39.66577163826704, 35.23397171672686, 73.30693793046198, 66.72121250402164, 64.61125739981081, 68.42539079373888, 70.32072005378394, 76.61754655232382, 87.77907186029509, 92.14948128727414, 91.41704050878721, 89.74099097002549, 85.48942279716968, 82.66898859864021, 73.71601653245631, 69.03212656129327, 71.84098444537362, 74.64836597893306, 83.44933596559744, 81.5782577250661, 78.85868981639325, 75.5682446654333, 56.08942130711089, 61.92064095058718, 72.4273234755831, 80.29795210115222, 95.16780507792984, 108.39570267655387, 111.81389002778899, 115.51749833184932, 131.51596060438746, 133.017988298121, 131.57148431612626, 122.11484920554713, 117.11619239915453, 109.03180461250705, 96.79754755659923], [11.22203709706669, 17.031469161737782, 24.58736630082917, 34.122836837996545, 26.479357409416753, 19.839587902369573, 14.17562719670188, 37.13823051537648, 41.44152214747391, 49.420901701159295, 58.39654665450934, 66.94232140094465, 59.732764364813946, 51.04490653871477, 43.18813433749282, 7.716236676675685, 11.847102996074653, 19.649266201306244, 28.55674646109495, 36.892270775552724, 35.491501792982994, 25.343862724142486, 18.331415708322393, 8.593920681751374, 0.0, 37.84666353303082, 46.259340879714024, 55.34842132195438, 64.90150208023877, 71.60571958754316, 68.73342523714696, 62.16413557499807, 54.31416416218741, 46.91922794841507, 40.638469224890144, 10.459454718691312, 20.490427094949048, 31.308806648087387, 39.996428387489864, 50.671982319560634, 53.583108105064916, 56.28239159676498, 58.25593372436987, 53.45549061557488, 41.33215648531624, 31.815922553472088, 26.80112344823711, 72.67826474103641, 65.09573619443945, 61.6806018322417, 64.53560834009545, 65.67319245783351, 71.68948065234757, 82.7736583496618, 87.91300051536743, 87.67213011541706, 86.72357829367225, 83.27544313417839, 81.12017108663163, 72.21973306625428, 66.50206012285898, 68.18947783763134, 70.29574582624993, 78.81666091371736, 77.69914042706368, 75.62660904790461, 73.33603906281421, 63.084776222089474, 68.3610846883046, 77.73943592640778, 84.38461553242882, 98.30661990000668, 110.33506445226095, 112.32556105066567, 113.19030012162584, 127.57608656261938, 128.3972395833858, 126.61008078657879, 116.67037240150266, 111.10571531700988, 102.80476348942798, 90.21532769656275], [46.17735420845532, 53.97356440845111, 61.681309349871526, 70.2755382216711, 62.89638160412881, 55.51293236775347, 46.68855217191736, 19.43181846973098, 13.291800130044768, 16.05953436651994, 25.148923068108722, 36.173076462757955, 29.220175771778273, 22.421823478216687, 19.883061029925575, 36.413683853300235, 46.05606585516006, 54.981754445099845, 64.27056781079686, 72.3280286076413, 71.77472638237893, 62.41619052625193, 55.64958560135554, 46.21736515461337, 37.84666353303082, 0.0, 8.96814446117423, 19.515172212065387, 30.568087359033537, 38.72111423053398, 34.637355749182355, 26.36432292138552, 17.796769133313976, 11.305258002202958, 6.487256914032081, 31.103467807263694, 36.501098488219704, 44.84794969349834, 57.06003935394833, 63.27288020410302, 60.964639605082496, 58.18874936888792, 55.045417465455095, 45.15367068423369, 36.655833257885895, 24.79025422237491, 15.911955906728249, 88.63116400255144, 78.788713