{
	"dissimilarities": [[0.0, 7.443438000267756, 16.123150007043357, 26.306958864458966, 17.267570526979096, 9.790103830467837, 5.6821167110106074, 42.72200792790368, 48.47899106807282, 56.941184017607526, 65.21603150244178, 72.16897303876794, 65.72719352453895, 57.26456015491928, 48.94167460564125, 15.481444262668324, 15.19287295952757, 18.18438214108156, 23.68068568745342, 32.918419753627056, 28.855811447903488, 20.399933570146302, 13.707065138228138, 8.694431727036848, 8.687742742381186, 47.918004060743606, 55.6180695265889, 63.50760505719449, 69.31467108617824, 74.13136361597107, 73.79951920886147, 68.70452524918143, 61.80647498875672, 54.587316752248285, 49.61861453525136, 17.36658441681403, 27.826255096695657, 39.11820034323819, 39.40172748052598, 48.52499373424721, 54.807406527855825, 58.272822223627905, 59.50252042715409, 57.38786686081416, 47.933291244457244, 39.67067087464715, 35.07349267142974, 66.72998957109475, 61.16026854254136, 59.54113479459788, 65.79784705967565, 67.6369991510609, 71.8565904817039, 82.30457290344502, 85.1585778901862, 84.32964026412485, 83.52435590725315, 79.51933268539288, 75.46228662280403, 68.18536232520343, 63.04798340595742, 67.25960798538192, 71.1490799457312, 79.07393580886338, 76.06366053209256, 73.57148360981239, 70.08213155656826, 53.93451351149849, 58.45826677101724, 67.20920532925517, 78.66154559201573, 93.51802209934152, 101.58643173053818, 109.68833423576937, 112.91203021183631, 127.16481381863137, 121.83113298789972, 118.59652796796529, 110.5782000619137, 106.38624052223437, 99.57731963409775, 95.30697906961622], [7.443438000267756, 0.0, 9.160859957120183, 20.891096660865987, 11.568546652108939, 7.532104587970815, 10.740302013023749, 50.14332730474783, 55.815761396508904, 64.2362132839937, 72.58276508420995, 79.60709359338378, 73.15099728071338, 64.67714066104166, 56.36474177793254, 18.652479659673993, 14.465366455710203, 13.615921095953148, 17.57031138281758, 27.004745072932312, 22.41479776652624, 13.312282963286497, 7.61656987004275, 8.393253957690845, 14.07521089437146, 54.62641617426102, 62.466842269599105, 70.46940498605932, 76.39858103829545, 81.34204873162123, 81.07386546540909, 75.89501617406448, 68.90081048017832, 61.66925089863666, 56.6393956258982, 23.970040361222384, 32.873073695576856, 42.895992744486485, 42.27305663370982, 51.644310104095815, 58.45933264695925, 62.563408688574654, 64.82708366548668, 63.541666617583125, 53.69115103641092, 46.31036100236616, 42.205235323956124, 68.28950641371006, 63.198126250236, 62.38536793359203, 69.40602447790195, 71.88153153736312, 76.62274167854932, 87.37509325788577, 89.53216810032374, 88.14418431353884, 86.70930690745915, 81.990922426416, 77.44380235135566, 70.38004328230191, 65.81852735794192, 70.83430963118406, 75.2991031347244, 83.77895191596008, 80.07815045487519, 77.01974259187249, 72.75149597102043, 49.334580371702245, 54.61923029915027, 64.33994527905391, 77.03409475288944, 92.41781950040549, 101.46726318861354, 110.5712286154082, 115.57131434349375, 131.89322370277014, 127.31295765111975, 124.68175417798275, 117.0560558455947, 113.26877537115394, 106.59770176984763, 102.06446694234977], [16.123150007043357, 9.160859957120183, 0.0, 12.875341689970252, 5.469825523055466, 10.794152134897999, 17.746643460954132, 58.53839266931054, 64.5486779834318, 73.03361830805243, 81.23379118408566, 87.88474346842217, 81.59471557609933, 73.1750108434417, 64.7933605057073, 27.171040179392914, 20.97413695873587, 15.578964809090687, 14.184778603414893, 20.13756986429927, 14.701776364032137, 8.285414646622339, 10.315122841202182, 16.562781202757378, 23.22241058845014, 63.7485336607833, 71.50481114773481, 79.34935979973167, 85.15119481756848, 89.96313071664164, 89.70962731800714, 84.7250079037458, 77.86142117922141, 70.67007649814367, 65.6794664148235, 32.84720791004224, 40.458253888975726, 49.03365536720334, 46.03249055641554, 55.34018786871896, 63.23634400703458, 68.02893006799647, 70.84650903177625, 70.2964309485024, 61.19858169552483, 54.572450157623564, 51.06869672589629, 69.03451221720279, 65.08032688830271, 65.65415538377101, 73.54094403412225, 76.697181435543, 81.72006647561238, 92.18839458662853, 93.61375665410479, 91.69171982728928, 89.40703160485921, 83.93692603679742, 78.71882247355803, 71.9249730839725, 68.77355532117616, 74.79327454032004, 79.65610403720382, 88.23762378791218, 83.88936611819567, 80.21117314969545, 74.95143006204256, 43.545677592775945, 47.7432126966281, 57.92326803042491, 71.87336734118021, 87.9545983001642, 98.33030875949923, 108.73557858814343, 116.67726845321366, 134.77825599097937, 131.32389001481678, 129.45633124294088, 122.41675474296439, 119.4260725242723, 113.44305267718963, 109.6171059978456], [26.306958864458966, 20.891096660865987, 12.875341689970252, 0.0, 10.673862864992273, 19.111978986134456, 25.89104134298692, 66.0508552822641, 72.87747531540563, 81.47593945151883, 89.12672017515902, 94.67510881343831, 88.88158090667089, 80.7107127475495, 72.26918596185475, 39.497955732001955, 33.44802464908886, 26.96281607795488, 21.81637329909921, 17.885271617132126, 13.334091886208599, 17.606589780514057, 23.03270923113712, 29.015149006944927, 34.54731290767763, 73.90858849412137, 81.22399399697957, 88.47665549991459, 93.7360236697223, 97.9796866306498, 97.65294249626211, 93.31687089393837, 86.96971535763677, 79.94451791582193, 75.17751209157043, 42.886122155199345, 49.61773638971562, 56.93588805907403, 49.900754347211105, 58.5658958369887, 68.1619484105417, 73.48880784966336, 75.82577794900651, 75.67274257538013, 69.1151471681037, 62.96121085363383, 60.18036665565902, 67.52058771038372, 65.67501805170419, 68.28038034126068, 76.89576731050413, 80.57278725632811, 85.30705779933693, 94.38456075093599, 95.23883327957742, 93.02657781642895, 89.75421933691531, 83.75235859739455, 77.74850186248389, 71.25005897069013, 70.71755741192051, 77.75342768145428, 82.51321782755522, 90.2329040590721, 85.55461867882634, 81.37631522031981, 75.06047919745365, 38.73051640439271, 36.512635730800405, 45.35246021587236, 60.23910113440406, 77.36683175137728, 89.42255096138574, 101.33405458407987, 113.6994824942604, 132.2452375421271, 130.33092753301585, 129.32161970433384, 123.12191718895745, 121.49728253048414, 117.12530578214495, 115.66431263450033], [17.267570526979096, 11.568546652108939, 5.469825523055466, 10.673862864992273, 0.0, 9.17677025711192, 17.09705223911967, 58.240898367176605, 64.86491083169265, 73.42752643666837, 81.41361204902967, 87.62944046166642, 81.33054429711581, 72.97037666600184, 64.5331480878903, 29.934581564222423, 25.146224368991238, 20.836298687238216, 19.45454468814673, 23.02749777554646, 17.46589402582476, 13.503797407479016, 14.879317295248256, 19.598681140133333, 25.037841106203906, 65.0453908691155, 72.77886519997527, 80.57315170157241, 86.17894644894204, 90.70569924047116, 90.27836578693433, 85.46807190381756, 78.72368360842125, 71.47290624583883, 66.54999538293978, 33.25939823573279, 39.55731286598024, 47.232064559244556, 42.39200423522078, 51.53749350387744, 60.08961973356817, 65.15196190586457, 67.9793014110709, 67.8684216190017, 59.71316950997149, 53.73589904826628, 51.257132512922425, 64.05094907430347, 60.537245362549335, 61.68590908555523, 69.85625415725556, 73.24805763606476, 78.26958380061227, 88.45590162935108, 89.56611883621134, 87.47958200815468, 84.8980443656113, 79.26351885753895, 73.86288550564231, 67.11962116034118, 64.61022605824225, 70.98373696574124, 75.88332169386244, 84.35628995920098, 79.78489625245017, 75.90811519122694, 70.33689866722823, 45.99183341657706, 46.765381590337974, 54.51204464392594, 67.50163791609756, 82.97036390729426, 93.00866362924185, 103.34043140557665, 111.58032396978182, 130.4497120850164, 127.47276832676796, 126.23163962932632, 119.82170654605153, 117.60735991815555, 112.90758561248042, 110.62517427364257], [9.790103830467837, 7.532104587970815, 10.794152134897999, 19.111978986134456, 9.17677025711192, 0.0, 8.522069322750486, 49.49466319293067, 56.151391199665554, 64.69036499741125, 72.72838538341104, 79.13365677233266, 72.61700517981667, 64.21081479897552, 55.79711063166322, 23.29577096023832, 21.374578531142667, 20.907677872018905, 23.387698781641387, 30.121139883035188, 25.023597839461715, 18.024665480914177, 14.212686258798934, 14.298803562415914, 17.346487677665067, 56.45421759558237, 64.27155177365435, 72.21965845630635, 77.86287678744787, 82.38500799759115, 81.84417853954547, 76.90147408721218, 70.0680582714056, 62.734557759841216, 57.80661448171635, 24.290507592692027, 30.789286709425998, 39.471659978050404, 36.2183374512671, 45.520209106234894, 53.26742529843402, 57.78463206882129, 60.130691440881385, 59.52748888947614, 50.93167727331297, 44.59494513794786, 42.23697799141123, 61.00325755109428, 56.32521301553047, 56.164333734409325, 63.590680902802, 66.4000050029479, 71.19368703678525, 81.68303861438386, 83.40479725777641, 81.78303881910252, 79.98134708844478, 75.05607553879756, 70.30539796836463, 63.26267949758425, 59.38566866036178, 64.86954950897416, 69.42291060838134, 77.85506869968341, 73.82064295395567, 70.49251724601326, 65.84308781505118, 52.56639955909012, 53.771280335557464, 60.37303182083206, 71.61861276472916, 85.996943415403, 94.39511350408738, 103.24759986068814, 108.3076164066279, 125.79308382629608, 121.82215169195449, 120.09364292993956, 113.37363640996004, 110.69401633671777, 105.90803031902985, 103.61935138496291], [5.6821167110106074, 10.740302013023749, 17.746643460954132, 25.89104134298692, 17.09705223911967, 8.522069322750486, 0.0, 41.187814160822874, 47.818561792415764, 56.38816291653453, 64.35494534476538, 70.72513144228812, 64.29967315229362, 55.906749204822106, 47.48148412504401, 19.77972569374879, 20.759614328147766, 23.306841592673894, 27.743020580459604, 35.28559076813029, 30.978043944924696, 23.73218809345455, 18.028202719439477, 13.84690391854818, 12.31232490633938, 48.738460316291004, 56.29539689366705, 64.01843396628064, 69.51887992874957, 73.9399079710638, 73.39753378974991, 68.5712541934911, 61.88452542390776, 54.63451918268534, 49.79749996821244, 17.31626467256117, 26.07371781887825, 36.66268824404082, 34.94546475571664, 43.95071506720209, 50.923376133500035, 54.553576258176484, 55.47386262215868, 53.60800006073454, 45.423481834690065, 37.6851232372253, 34.36926135437552, 61.529948078737526, 56.2547755218782, 55.00203803303794, 61.39763566065626, 63.33043700455398, 67.41590363392476, 77.49283188448571, 80.22059468147185, 79.3732136973873, 78.41543536421482, 74.42829184268136, 70.30280162733433, 62.97435463068899, 58.33966061115894, 62.73554085239395, 66.51452683663653, 74.18225983009182, 71.11409435766048, 68.55636191914417, 64.94018666678166, 56.23116412359023, 57.88544819891789, 64.47444592632499, 74.74148299999551, 88.90315385069316, 96.42071170529834, 104.20622475231, 107.36301170341113, 121.83381717110578, 116.8240908422847, 114.08747803349382, 106.62079172029185, 103.18786285420744, 97.7607705433265, 95.31742484457587], [42.72200792790368, 50.14332730474783, 58.53839266931054, 66.0508552822641, 58.240898367176605, 49.49466319293067, 41.187814160822874, 0.0, 9.390221578719428, 17.064665592397706, 23.747903207042725, 30.01521721488794, 23.130101598786762, 14.73777588211315, 6.303757319464242, 41.32222144544885, 49.78285723183395, 57.621362108814914, 64.79576417241574, 73.3549811683042, 70.38344150571324, 62.84763423200435, 55.34279772288302, 47.118884182040304, 38.533023776652776, 20.821207997834804, 23.719138890665445, 28.811867594287826, 32.46966595190708, 35.38317743891948, 34.01524058150254, 29.912557635343987, 24.75454004658307, 18.85752027475238, 16.614163148211496, 28.60169133397598, 31.77280647287548, 40.797143255269575, 46.63293064675143, 49.984440600820626, 50.02451384604602, 47.807230856734265, 40.887006537405156, 31.792110320395423, 29.59827840425552, 17.76158752390025, 12.206057185811192, 72.04161992059305, 64.79162667769826, 58.62864324401257, 58.19347301980381, 55.12870161949681, 54.680099583168875, 61.43598579307918, 68.98436888130729, 72.1102361953488, 75.74174746626053, 76.83631168802744, 76.52619972679165, 69.54677537818074, 61.71704036473489, 59.60045193276961, 58.76279293380705, 61.49177933068277, 63.934893463421446, 65.79045449121521, 68.0992132018976, 89.74508246841691, 91.33762709649343, 95.23173159069748, 100.04193301245206, 110.51072739100718, 112.53959493920107, 114.30138014991967, 105.79892838311342, 106.44744196443743, 95.86024158247967, 88.51588853184627, 78.02989874756118, 70.65274467925852, 63.39387948152607, 61.923681926515606], [48.47899106807282, 55.815761396508904, 64.5486779834318, 72.87747531540563, 64.86491083169265, 56.151391199665554, 47.818561792415764, 9.390221578719428, 0.0, 8.614253445857162, 16.84464571713499, 25.460659166906055, 18.592777892826934, 10.666522346512195, 6.922897026487325, 44.58596166241568, 53.22748165329069, 61.608526640671826, 69.28866675542953, 78.60847020797053, 75.947481410956, 67.98682835191086, 60.219028272195445, 51.75933695691048, 43.207017762508066, 14.35475084700713, 14.788925122156579, 19.50520478722623, 23.650838419050224, 27.39642467833584, 26.298707383647606, 21.27299362863986, 15.547605943371119, 9.888687726258777, 8.94783499084672, 33.88428793388559, 37.66256767376645, 46.73740890150061, 54.78701583612399, 58.05305405346046, 56.859809457739146, 54.00589336396176, 47.23549906783418, 37.859539267478006, 34.37630528715084, 23.187493886566546, 15.933426301381665, 80.81055788258844, 73.14942375722786, 66.34562727970236, 65.22161582641367, 61.6770710167628, 60.982441865226825, 67.64178296106799, 75.63413229527112, 79.11571667926358, 83.33107888061974, 84.84152174128874, 84.92875212022182, 78.09796458320949, 69.56015321412296, 66.75604348771034, 65.68256593586621, 68.19533271608667, 71.18098255970938, 73.46610679037789, 76.3524062790704, 94.25456480207562, 97.99359355632394, 103.38780887894394, 108.8443140644147, 119.72953145369485, 121.82649301673054, 123.35359989297041, 113.69667089413066, 112.38351246148669, 100.7127091446315, 92.05122844638164, 80.42759412651647, 71.13757535266753, 60.92526256434427, 55.82756270157933], [56.941184017607526, 64.2362132839937, 73.03361830805243, 81.47593945151883, 73.42752643666837, 64.69036499741125, 56.38816291653453, 17.064665592397706, 8.614253445857162, 0.0, 9.114132325193115, 19.400205428078827, 12.822955846987231, 8.182325332084886, 12.047168944949723, 52.213407625559974, 60.975218889150916, 69.55792223920946, 77.40242515333715, 86.90187723411316, 84.3436056867564, 76.27584215700345, 68.41359412954269, 59.88647242355156, 51.378540528077735, 16.624611323207947, 12.440794172243747, 13.727606610283198, 16.638429474450586, 19.958231676777704, 18.533795196382663, 13.136203692595588, 8.457055973561069, 7.128319181466062, 10.859318328113094, 42.04410567415959, 44.826031365567104, 52.784831057016426, 61.64117468423913, 64.11120382450537, 61.76498998219132, 58.074039829702784, 50.643139929599215, 40.839803926412515, 38.540241587012204, 29.148935768109148, 23.664547014523542, 86.79204125030003, 78.96980769585845, 71.62155331296293, 69.43126708201062, 65.18314885214394, 63.748172567773, 69.5641418719786, 78.15214937730966, 82.22492997419839, 87.17209974382816, 89.45882598639072, 90.16718364510939, 83.61449278730143, 74.71778983739874, 70.94926267407432, 69.19337895022792, 70.8039378594775, 74.6717870617116, 77.63521018245635, 81.39772379412335, 102.08268199754427, 106.17247566029009, 111.49339758760053, 116.4573526182956, 126.85213555321369, 128.21989559138956, 128.86427416285747, 117.2425325235883, 113.43562156272907, 100.66563493746494, 90.99132360619613, 78.75467308305143, 68.2346008880938, 56.92014141245284, 50.81806404501555], [65.21603150244178, 72.58276508420995, 81.23379118408566, 89.12672017515902, 81.41361204902967, 72.72838538341104, 64.35494534476538, 23.747903207042725, 16.84464571713499, 9.114132325193115, 0.0, 11.044500429350757, 6.616364370976404, 9.937782175372028, 17.67492108985217, 61.17748945543098, 69.81583805607364, 78.21729378304416, 85.84318828624579, 94.82177061487263, 92.38541308941609, 84.71816828572499, 77.02834294199897, 68.58117949692769, 60.0439821359878, 25.22844175036647, 19.195413577738826, 15.59006564748991, 14.10673044119551, 14.046433159016381, 11.580428837392379, 9.404379702579325, 11.532990943219936, 15.226712365634384, 19.75899217976031, 50.593323238722604, 52.74149827090647, 59.72919310821209, 67.75921946553639, 69.31140895517714, 66.58782201434056, 62.2695516420588, 53.534783267106235, 43.16408434730436, 44.01824154985691, 36.07095119339201, 32.139254170145094, 90.88380039695467, 83.43217218683766, 76.05107889265757, 72.9435699173212, 68.04376335069827, 65.49090072934493, 69.46757592049819, 78.79644262472416, 83.6299391596308, 89.16355716511792, 92.32882527981408, 93.554397432451, 87.27610413825698, 78.80112713260512, 74.2733964984768, 71.56269215686616, 71.51937361019887, 76.48877783003937, 80.165595659324, 84.69197378673562, 109.28010471208879, 112.44591519406066, 116.93946602263378, 120.8569823923711, 130.5593922750736, 131.09192586484215, 130.74376610005342, 117.792131567085, 110.25829503092233, 96.49572253049608, 85.64360613604276, 72.75141325472882, 61.238024987203495, 49.693584947778625, 45.26498559149592], [72.16897303876794, 79.60709359338378, 87.88474346842217, 94.67510881343831, 87.62944046166642, 79.13365677233266, 70.72513144228812, 30.01521721488794, 25.460659166906055, 19.400205428078827, 11.044500429350757, 0.0, 8.438912647858555, 16.203931529378945, 23.865473818378845, 69.88039772922505, 78.19972260118264, 86.10735631187086, 93.19480461795013, 101.08385019462526, 98.77462443165139, 91.92187462067993, 84.64259310429448, 76.43767122361838, 67.89520049665617, 35.935375859662315, 29.988185841693014, 24.88212108208631, 20.66957557295885, 16.463104405000596, 13.652177291042555, 17.323897874498368, 22.25637737267272, 26.079753918510008, 30.25893997569912, 58.37315495339802, 60.168991483765375, 66.3841421436482, 72.29750917782053, 72.92260077902797, 70.59519042604359, 65.98276577683508, 55.65021928941493, 44.81447018215492, 49.92335335786123, 42.99672580390096, 40.392598417745056, 92.38387271303021, 85.81843971121386, 78.94777132292839, 75.22921769121545, 69.87191596208518, 66.02470813407608, 67.34573572077448, 77.41478563714267, 83.04953887974725, 88.8993712292794, 92.90343073246775, 94.46216288182035, 88.4587898604813, 81.16508620460101, 76.22386196461476, 72.45607003008928, 70.21871062436728, 76.33190185404379, 80.6320963177921, 85.6748725897433, 114.64801986388787, 115.78854288924742, 118.77965289305533, 121.19057536382064, 130.01391373745858, 129.6900279346144, 128.3542591533917, 114.96533354549656, 102.8351114688894, 88.32377080628439, 76.20411582580363, 62.5967941798652, 50.43307166745694, 40.03352123924006, 41.31600221500021], [65.72719352453895, 73.15099728071338, 81.59471557609933, 88.88158090667089, 81.33054429711581, 72.61700517981667, 64.29967315229362, 23.130101598786762, 18.592777892826934, 12.822955846987231, 6.616364370976404, 8.438912647858555, 0.0, 8.555807385579573, 16.836727816247816, 62.92013080607049, 71.63220437779881, 79.82782112665143, 87.20467898539056, 95.6969480711383, 93.06630431651801, 85.66202003267179, 78.08459943584536, 69.7174217958577, 61.10619037780622, 29.26584496872602, 24.59682757995401, 22.110291644138638, 20.433430644885014, 19.032846844823844, 16.17513509689143, 15.795147478925987, 17.560222956981185, 19.606822481788452, 23.360673631175043, 51.144434241094686, 52.19844421692224, 58.26422532576506, 65.07095336995992, 65.92496507884138, 63.26642828246515, 58.74870916291221, 49.13330844517037, 38.48339702423645, 41.849794473484486, 34.86970528855982, 32.79804877754899, 86.5487754624107, 79.41381029465724, 72.18126389611946, 68.69881482020385, 63.56383932202955, 60.443146782950386, 63.523001117514106, 73.09001882455567, 78.19860864214054, 83.86954222050964, 87.39999590856608, 88.83525823359446, 82.71551836058349, 74.66651512579321, 69.87183667245591, 66.67428050605098, 65.81850194865152, 71.20050917848594, 75.1483272224082, 79.970810287108, 110.50386807365211, 111.95115211319778, 114.95161215840307, 117.77687553829325, 126.57832653528011, 126.35184908672096, 125.39094168610511, 111.77875750046078, 103.74834868348546, 90.00374046914496, 79.5253340848158, 67.19363335019663, 56.6506908985783, 47.96262825100852, 47.94283981075516], [57.26456015491928, 64.67714066104166, 73.1750108434417, 80.7107127475495, 72.97037666600184, 64.21081479897552, 55.906749204822106, 14.73777588211315, 10.666522346512195, 8.182325332084886, 9.937782175372028, 16.203931529378945, 8.555807385579573, 0.0, 8.454067660659158, 54.48501632233674, 63.226169331981275, 71.43216842365531, 78.85698655083776, 87.5600054533598, 84.80712835652999, 77.22011056427138, 69.58189745487246, 61.19851516030698, 52.58019575616116, 22.976022686123727, 20.45160013527915, 21.209550129370616, 22.275204705898485, 23.356848012527564, 21.199022524360814, 18.22790316992813, 16.070334558687478, 14.616073004824143, 16.90288915773635, 42.593540164794625, 44.13957694992047, 51.09562138129842, 58.09178006659773, 59.76356552353524, 57.73650159146404, 53.85961717291627, 45.144006319811886, 34.744022950891356, 35.86006377264674, 27.31189683464517, 24.32997298067528, 81.26566791074775, 73.90931457813426, 66.8393017866965, 64.29868117477444, 59.79334693558346, 57.658819187785745, 62.3706043753213, 71.27732672525462, 75.68286345131249, 80.72383514061717, 83.40990609661094, 84.28848469097005, 77.8474262790811, 69.60466606596802, 65.60886890780976, 63.25679430807218, 63.855098789485595, 68.20162611556498, 71.45450202429517, 75.491556678925, 102.98262006978338, 104.78559491563313, 108.2652131411207, 111.89368507360915, 121.31722657404457, 121.88111059582504, 121.88286847703617, 109.84125290133696, 105.26297574414134, 92.60443082654541, 83.31288162427174, 71.63755222530405, 62.21434335878032, 53.79678141853522, 52.51331281246084], [48.94167460564125, 56.36474177793254, 64.7933605057073, 72.26918596185475, 64.5331480878903, 55.79711063166322, 47.48148412504401, 6.303757319464242, 6.922897026487325, 12.047168944949723, 17.67492108985217, 23.865473818378845, 16.836727816247816, 8.454067660659158, 0.0, 46.94513986518522, 55.52033761962942, 63.511477886182334, 70.77900118141513, 79.35370889251581, 76.50221758833756, 68.98846054999238, 61.44523150261085, 53.156143207471956, 44.550734027613096, 20.75367699163835, 21.33862631269326, 24.859497226681114, 27.62164449192772, 29.903873154285446, 28.274050371347048, 24.56824370251278, 20.341654949667248, 15.7643417351833, 15.313414790984472, 34.61281184860765, 37.03644342744887, 45.1179869429137, 51.42680229036593, 53.99284908070287, 53.12954571923826, 50.14292961052609, 42.26812820503074, 32.37969730926295, 31.8555388792434, 21.373561196705197, 17.086021211787315, 75.7961435255116, 68.52000310808846, 61.957637328870085, 60.57259771809081, 56.839009923550016, 55.60200421214674, 61.43100823758863, 69.63839199569114, 73.35862319369778, 77.61754653245296, 79.4323053265689, 79.64258379550371, 72.87906682678538, 64.89569108502131, 61.93135042215248, 60.384699029971316, 62.12354512551172, 65.44547619193897, 67.93884136173082, 71.02543038905235, 95.23729275064494, 96.87935786870624, 100.57714463798634, 104.83753353788617, 114.86335211830666, 116.2569263482652, 117.24742138728591, 107.25808607802367, 105.51965843777609, 94.03041503188848, 85.81090607195372, 74.76235292158472, 66.51784920708351, 58.75415702702311, 57.42730053355952], [15.481444262668324, 18.652479659673993, 27.171040179392914, 39.497955732001955, 29.934581564222423, 23.29577096023832, 19.77972569374879, 41.32222144544885, 44.58596166241568, 52.213407625559974, 61.17748945543098, 69.88039772922505, 62.92013080607049, 54.48501632233674, 46.94513986518522, 0.0, 10.22167104415976, 19.799018245095738, 28.936399614325154, 42.030069762647244, 38.469616624781516, 27.518389953981682, 18.714253291961693, 10.612375206906368, 7.773180850060094, 39.60434705328325, 47.95313055821224, 56.752392199929034, 63.45837562304283, 69.24792219063322, 69.13821762908758, 62.99766383946491, 55.33251142688222, 48.130046574148395, 42.91906682198382, 15.226400226104198, 25.931888837366458, 38.06042417948966, 45.19039375798102, 53.874024604835014, 57.01511508480055, 59.40083345473909, 61.44431133839804, 58.91365675342886, 45.620270938797965, 37.10525341923502, 30.948160713441016, 75.66732488536475, 68.28613752108912, 64.46212948015447, 69.38610100519874, 70.48171804900991, 74.95480653131881, 86.84504300804842, 90.17217133173641, 89.6134657475287, 89.9097686939063, 86.51622800100931, 83.42104626288001, 76.32361923812303, 68.55462224858762, 71.28890051443298, 75.1984571629958, 83.97055347870706, 81.39588249372974, 79.54209533050253, 77.33871514245722, 62.3302730674813, 71.80169119336365, 82.36072176164633, 94.07314406805466, 108.41815203539609, 115.55068238594227, 122.63651318769645, 121.987705934534, 135.98039859507486, 129.11376950279333, 124.93887117120158, 116.02297218257394, 110.07475213747901, 100.89383886345438, 92.70323234908177], [15.19287295952757, 14.465366455710203, 20.97413695873587, 33.44802464908886, 25.146224368991238, 21.374578531142667, 20.759614328147766, 49.78285723183395, 53.22748165329069, 60.975218889150916, 69.81583805607364, 78.19972260118264, 71.63220437779881, 63.226169331981275, 55.52033761962942, 10.22167104415976, 0.0, 9.839543147536775, 19.223786595399172, 32.97166927574701, 29.826957733547246, 18.945791922283373, 11.23648454336858, 7.554247555645566, 12.753487280034314, 48.563879335385565, 56.50154544961878, 64.82106717188297, 71.3822653186983, 77.15959102723482, 77.27565039166197, 71.42724216671766, 64.02317334821221, 57.05234868398981, 51.933234291825634, 23.795314962408046, 34.55010748074988, 45.9309559164075, 50.66798382914382, 59.84017275122667, 64.30704880553273, 67.42160721542002, 69.80439267370225, 67.60182990390847, 55.075166462328795, 46.67251268987748, 40.285200426857756, 79.53697976326706, 73.09010624363455, 70.51324720912162, 76.4074485013526, 78.12221895404022, 82.8355602041206, 94.44741432955598, 97.34232237210281, 96.39385470801031, 95.9381978805746, 91.83245822545229, 88.02455226520169, 80.9629894764007, 74.41972810159474, 78.17843267236101, 82.46737568398433, 91.29413031112009, 88.2196540961826, 85.80732376648596, 82.63533571031427, 53.14486238250878, 64.71258695530997, 77.53299593253537, 91.09676448275486, 106.84487090863382, 115.68373638936643, 124.23792574562721, 126.78459006856163, 141.56951125606176, 135.51125547445355, 131.477133508358, 122.50757952114203, 116.74092481712098, 107.07825602022422, 98.38840893682092], [18.18438214108156, 13.615921095953148, 15.578964809090687, 26.96281607795488, 20.836298687238216, 20.907677872018905, 23.306841592673894, 57.621362108814914, 61.608526640671826, 69.55792223920946, 78.21729378304416, 86.10735631187086, 79.82782112665143, 71.43216842365531, 63.511477886182334, 19.799018245095738, 9.839543147536775, 0.0, 9.451510632550706, 23.664972535035112, 20.78116135474214, 10.547609293799901, 7.479199897926315, 12.397802961661029, 20.124289398276378, 57.81239957300616, 65.493513022204, 73.44029755052824, 79.76743598505882, 85.35731904724207, 85.54776130684532, 80.03429854639214, 72.88292591535816, 66.00129486956321, 60.95018991636628, 31.733010967730273, 42.01809859226094, 52.57029404107276, 54.71122137092202, 64.12073178259936, 69.90472565292015, 73.71331905536825, 76.35763565063924, 74.60443430059992, 63.05611905212645, 54.96088072223732, 48.90956921873909, 81.38526623473669, 75.99604888453707, 74.72709716881222, 81.519614050091, 83.8425924431447, 88.74385975937898, 99.97443468886883, 102.3571059071763, 101.00539179837992, 99.76738943196331, 94.98979202883557, 90.50065945191312, 83.5460191503692, 78.37212312735258, 83.12040719104712, 87.72546948876943, 96.52329933465583, 92.93727032225704, 89.97357723234441, 85.85560497692568, 44.3334223982884, 56.87382014029212, 71.2867134622142, 86.34940285469598, 103.16781198345149, 113.51257462821687, 123.4123832448927, 129.10642336820652, 144.90919365235732, 139.83576280817596, 136.24137413301236, 127.55036875858254, 122.36212719050131, 112.99133333296953, 104.81832955742043], [23.68068568745342, 17.57031138281758, 14.184778603414893, 21.81637329909921, 19.45454468814673, 23.387698781641387, 27.743020580459604, 64.79576417241574, 69.28866675542953, 77.40242515333715, 85.84318828624579, 93.19480461795013, 87.20467898539056, 78.85698655083776, 70.77900118141513, 28.936399614325154, 19.223786595399172, 9.451510632550706, 0.0, 14.620308461529294, 12.265352331380742, 6.637608092069386, 12.56682701534902, 20.20121420252169, 28.007953099854834, 66.42865021054246, 73.8720410856753, 81.46273097812279, 87.52434022386186, 92.87338509110171, 93.09951756277827, 87.93864336022351, 81.05264782114375, 74.24990629228434, 69.27776295760914, 39.4707050032076, 49.366135916308366, 59.234588431038496, 58.98679055281066, 68.40644535265028, 75.34554131053703, 79.68406558379526, 82.365610994452, 80.9363529320459, 70.49598113400862, 62.61886694791676, 56.874678395413724, 83.1593262771521, 78.88498635708685, 78.84918105229852, 86.34363930171712, 89.14368754251839, 94.09336251528623, 104.78667277669373, 106.74673877089923, 105.09069441017328, 103.15695235752403, 97.84970564623073, 92.76910329466924, 85.95649637810925, 82.18958584199743, 87.7574047294613, 92.53011062366659, 101.11646589666641, 97.15618425199571, 93.75084678187008, 88.82680516716358, 36.01453676477969, 48.97382398764748, 64.87022595800411, 81.29765112219424, 99.10284673394911, 110.876418083649, 122.01315216096101, 130.77836324512356, 147.23423679509636, 143.11663074422498, 139.940144285268, 131.563146371738, 126.99654523963424, 118.08412673976848, 110.71102924132258], [32.918419753627056, 27.004745072932312, 20.13756986429927, 17.885271617132126, 23.02749777554646, 30.121139883035188, 35.28559076813029, 73.3549811683042, 78.60847020797053, 86.90187723411316, 94.82177061487263, 101.08385019462526, 95.6969480711383, 87.5600054533598, 79.35370889251581, 42.030069762647244, 32.97166927574701, 23.664972535035112, 14.620308461529294, 0.0, 6.02972720955418, 16.62920969741924, 24.96526724074479, 32.485705588365, 39.393124618027514, 77.62776198560854, 84.55177261147769, 91.42064374393156, 96.89866077597297, 101.69265093404312, 101.93468807300754, 97.49466101589745, 91.18339783686787, 84.58352103863095, 79.82577517136096, 50.08934877257088, 59.81764354055146, 69.0990668516927, 65.32414963265518, 74.41361755996526, 82.98531768702252, 87.80057398962619, 89.8476994844319, 88.50200516758885, 80.37722048456287, 72.49714381614454, 67.04154107242312, 85.23773027349978, 82.8435556012131, 84.57096705414936, 92.74348902601452, 95.95355101719788, 100.57107014856662, 109.89942119160075, 111.53107713778009, 109.72098433856564, 106.93062661022495, 101.19278738462506, 95.38330372553618, 88.76671900972353, 87.34469236953743, 93.81356063529743, 98.43544142698329, 106.11653895514756, 101.98586598509598, 98.186456936053, 92.3395386580956, 23.919501799449858, 35.0724578664456, 53.36859680040326, 71.64607159626097, 91.08786243013408, 104.98067988115747, 117.77632580632076, 131.30660214881541, 147.29080658987598, 144.54059242218653, 141.7783269631354, 133.82488109502862, 130.2509665683946, 122.2753779338931, 116.77550183405661], [28.855811447903488, 22.41479776652624, 14.701776364032137, 13.334091886208599, 17.46589402582476, 25.023597839461715, 30.978043944924696, 70.38344150571324, 75.947481410956, 84.3436056867564, 92.38541308941609, 98.77462443165139, 93.06630431651801, 84.80712835652999, 76.50221758833756, 38.469616624781516, 29.826957733547246, 20.78116135474214, 12.265352331380742, 6.02972720955418, 0.0, 11.976246667636318, 20.566734070348673, 28.416501756917, 35.58499196877969, 74.98002342410706, 82.23864938718337, 89.48191365362963, 95.09883442404627, 99.91799382902335, 99.99303050399737, 95.35283119052487, 88.82328773810724, 81.99124165766551, 77.12713321730452, 46.10426716192888, 54.959336366740864, 63.719149917161594, 59.857198133684754, 68.97966633113985, 77.48957194067162, 82.44969306532093, 84.95745296285017, 84.07523678596047, 75.6448464046565, 68.35208805559635, 63.64296736687168, 80.06212252585254, 77.40082457085128, 79.04378230524375, 87.3112579471545, 90.6721469521116, 95.52925574146387, 105.24698529387032, 106.60300090718484, 104.59889406168688, 101.77174502224356, 95.92109601142914, 90.1558351233805, 83.57828678693073, 81.86773017744916, 88.41194435746907, 93.23865331277673, 101.30947420450723, 96.92249109767995, 93.00498562291651, 87.11989484091974, 29.83409363039841, 37.79769765426974, 53.338545552520955, 70.5872406781492, 89.055878312176, 102.11418196507123, 114.45740909282789, 126.78604173494435, 144.12757611216776, 141.41513845325565, 139.1807551460981, 131.69759816370865, 128.5038464535376, 121.35599292339778, 116.50886387696534], [20.399933570146302, 13.312282963286497, 8.285414646622339, 17.606589780514057, 13.503797407479016, 18.024665480914177, 23.73218809345455, 62.84763423200435, 67.98682835191086, 76.27584215700345, 84.71816828572499, 91.92187462067993, 85.66202003267179, 77.22011056427138, 68.98846054999238, 27.518389953981682, 18.945791922283373, 10.547609293799901, 6.637608092069386, 16.62920969741924, 11.976246667636318, 0.0, 9.029647678338891, 17.582920755369088, 25.650662550849656, 65.71512464187828, 73.47063899810038, 81.36363748367096, 87.42856446203076, 92.6300520612553, 92.62080575689332, 87.40099258605397, 80.39067158952359, 73.32918518417586, 68.27983579667222, 36.61313201419335, 45.173817374252216, 54.22638845896913, 53.112689193806915, 62.516407224086166, 69.72344839902021, 74.35414492814003, 77.48019735846435, 76.68200061358581, 66.39438649850786, 59.33306840362143, 54.76338191915508, 76.85877084790259, 72.60796512215701, 72.79781505705613, 80.54301311028779, 83.6147831749693, 88.78870759562594, 99.66127126205345, 101.2079890692565, 99.28758980221957, 97.14066841945582, 91.63103583054689, 86.47912799043473, 79.75432451792568, 76.08721447516169, 81.92182237149687, 86.90923825304533, 95.77633460684082, 91.46916314503841, 87.84579138768997, 82.70801784393038, 39.95864329579528, 49.08179731013336, 62.38227822936751, 77.79861673907847, 94.66465380388607, 105.77258066639895, 116.61969207690007, 124.83848677899182, 142.7905677455163, 139.0327768501044, 136.63004575718563, 128.97929215624632, 125.1737793045083, 117.6466942573833, 111.7384077805082], [13.707065138228138, 7.61656987004275, 10.315122841202182, 23.03270923113712, 14.879317295248256, 14.212686258798934, 18.028202719439477, 55.34279772288302, 60.219028272195445, 68.41359412954269, 77.02834294199897, 84.64259310429448, 78.08459943584536, 69.58189745487246, 61.44523150261085, 18.714253291961693, 11.23648454336858, 7.479199897926315, 12.56682701534902, 24.96526724074479, 20.566734070348673, 9.029647678338891, 0.0, 8.78187030396567, 17.230152085866862, 57.38406107368636, 65.3912278249277, 73.62495268289837, 79.88628187010593, 85.23365093573776, 85.13755536170271, 79.62705703172381, 72.3858232372237, 65.2034532560488, 60.07828735844013, 28.2779270481971, 37.017952118886, 46.75050110352493, 47.7650584222225, 57.207852785894154, 63.39089527880448, 67.54956558558523, 70.62101793382088, 69.56392657377523, 58.32246214485243, 51.135368304169155, 46.54844337716162, 74.06907347798901, 68.71904047106698, 67.70992519078946, 74.80064357001439, 77.42419187565312, 82.5487428515315, 93.91981415535277, 95.8646369698615, 94.2410403099592, 92.76063323002353, 87.77987335857219, 83.20670073393732, 76.31848115469029, 71.29436498131295, 76.35212040386479, 81.17118048253973, 90.23007537316256, 86.27564290987588, 83.07586176077577, 78.71989327137331, 47.56625468294448, 56.289235580226645, 68.03524142118357, 81.94285706323922, 97.74555542578359, 107.35920713169229, 116.92450181772662, 122.10646161551199, 139.41849102281373, 134.78245722034586, 132.05621846906143, 124.19712712055082, 119.93275886034037, 112.23658750133974, 105.96233797751172], [8.694431727036848, 8.393253957690845, 16.562781202757378, 29.015149006944927, 19.598681140133333, 14.298803562415914, 13.84690391854818, 47.118884182040304, 51.75933695691048, 59.88647242355156, 68.58117949692769, 76.43767122361838, 69.7174217958577, 61.19851516030698, 53.156143207471956, 10.612375206906368, 7.554247555645566, 12.397802961661029, 20.20121420252169, 32.485705588365, 28.416501756917, 17.582920755369088, 8.78187030396567, 0.0, 8.63544220812391, 48.75762308276001, 56.873796902848795, 65.27537179357964, 71.60810782891811, 76.99494660658571, 76.8243655756797, 71.16869385610693, 63.82487234900629, 56.57593302123546, 51.42390999865044, 19.84314186387642, 29.700644166141547, 40.70008880762532, 43.71541591487059, 52.9828949619862, 58.18226716817902, 61.65803881129296, 64.10340988778306, 62.40134656575328, 50.70783851295926, 42.90622437950047, 37.927758417834035, 72.10477284135771, 65.89183271204266, 63.72425082739134, 69.95658226973266, 71.931475608198, 76.71345109939227, 88.18051298352027, 90.76147089261993, 89.64002919605964, 88.91122129200907, 84.65660875118286, 80.70235251844932, 73.62464919083868, 67.51318027478294, 71.62831966705804, 76.0018601296227, 84.83005189287651, 81.49500908297398, 78.87902196484633, 75.4344074381189, 54.09752492926374, 62.13632183885277, 72.67779088078089, 85.19000097382417, 100.19134423991986, 108.50528842292054, 116.83370828252303, 119.40014865995511, 135.08975053627736, 129.53243705100118, 126.25511959210945, 118.0404986896517, 113.25453944058184, 105.32128673261883, 98.89562936687025], [8.687742742381186, 14.07521089437146, 23.22241058845014, 34.54731290767763, 25.037841106203906, 17.346487677665067, 12.31232490633938, 38.533023776652776, 43.207017762508066, 51.378540528077735, 60.0439821359878, 67.89520049665617, 61.10619037780622, 52.58019575616116, 44.550734027613096, 7.773180850060094, 12.753487280034314, 20.124289398276378, 28.007953099854834, 39.393124618027514, 35.58499196877969, 25.650662550849656, 17.230152085866862, 8.63544220812391, 0.0, 40.7909884856989, 48.87845435772303, 57.279605318910924, 63.52142173974057, 68.78080952405853, 68.49813031289544, 62.86846350114531, 55.55866419129122, 48.249098452635586, 43.118251175944515, 11.626676191670988, 23.651863278446246, 36.121015828684605, 40.41536097569553, 49.242772483376214, 53.67087201300189, 56.36521802370129, 57.688562317692785, 55.094482287784764, 43.6782709343368, 34.8885005086682, 29.34419461588123, 70.00048746390189, 63.25583359720298, 60.15207922703574, 65.44950599799347, 66.68634822406918, 70.88664925295694, 82.05029184782282, 85.37285510102107, 84.86284427989774, 84.8568067917693, 81.41561208242508, 78.04826336469672, 70.79741403373312, 64.00964415422766, 67.1621376070307, 70.8829992677501, 79.11347647818722, 76.54653605874411, 74.57969244963026, 72.0483085795316, 59.96289881985673, 66.6615505651941, 75.85855809897092, 86.92105638426635, 101.18122602521325, 108.31556562733931, 115.47444622483427, 115.91053486746063, 129.46861699413597, 123.08585848189763, 119.22880808991881, 110.67850246134343, 105.50053404032337, 97.56909384809757, 91.55582096670264], [47.918004060743606, 54.62641617426102, 63.7485336607833, 73.90858849412137, 65.0453908691155, 56.45421759558237, 48.738460316291004, 20.821207997834804, 14.35475084700713, 16.624611323207947, 25.22844175036647, 35.935375859662315, 29.26584496872602, 22.976022686123727, 20.75367699163835, 39.60434705328325, 48.563879335385565, 57.81239957300616, 66.42865021054246, 77.62776198560854, 74.98002342410706, 65.71512464187828, 57.38406107368636, 48.75762308276001, 40.7909884856989, 0.0, 9.015367807871733, 18.835826071756053, 25.92190355117722, 32.10930919629105, 31.85137789295529, 24.66789864299292, 16.4827796611243, 10.061469033336284, 6.074431780143146, 32.81460683370083, 37.22365922609127, 46.917713116716165, 58.67454530914864, 62.96552561116816, 60.71532416639771, 58.1956589119556, 54.20802723443317, 46.50092515999467, 37.16272795910444, 26.6732158325282, 17.718104125006068, 87.61619723401991, 78.95007442754934, 71.4958672