{
	"dissimilarities": [[0.0, 8.56459071015732, 17.02606298168931, 26.49271166720683, 18.45389126093058, 10.653672514410323, 5.946326606404832, 41.7512845240374, 46.48338613985596, 54.54017887858888, 63.143376007443436, 72.46666532955525, 63.86195694767959, 56.38954711642289, 48.12319504258496, 14.82014898357773, 13.656153445987858, 17.322955385836476, 23.74967976547526, 32.301699928469446, 28.698034704311457, 21.245036459605103, 14.554311588623664, 7.336180836534364, 8.1704269750562, 43.178444400461615, 51.33480670338831, 59.73855477240256, 68.7271316121333, 74.18845022303736, 72.21839053581321, 66.35891049235104, 58.82487735966021, 50.34203464453646, 45.16997343519858, 18.341954024366625, 23.29997412792231, 32.48205716431258, 37.57415499895659, 47.83343278907056, 52.27855290629986, 57.6563461460706, 60.0287192184626, 56.65569757566324, 45.49158345475683, 37.22258017140772, 34.78865067372098, 67.6913873686585, 62.80888853250231, 61.16228523553146, 65.1020044220053, 67.16141309605209, 72.4416789098464, 82.63932524901998, 84.72059352436821, 84.80046935124516, 81.86939879162038, 78.48034638693494, 75.40385276395531, 66.95669558306697, 65.21538073239053, 68.30260034139451, 71.22739764847131, 77.41909627077547, 74.80877212047679, 72.93626835972734, 70.26429128939613, 56.8959992528812, 61.468376035796496, 70.15136419039699, 77.55109887363712, 88.52515083141645, 97.50062324415991, 99.21000702336958, 110.05560391769667, 116.8631099413338, 119.58457199244208, 129.67565574002765, 120.22824845900523, 111.37707342108709, 102.14502124032637, 94.2151388487559], [8.56459071015732, 0.0, 9.6093447239702, 20.797085829584052, 12.59022472504804, 8.060708934646195, 11.313996508495531, 50.29809635770732, 54.998820982956865, 62.96130293371315, 71.60936983782152, 81.02644372200479, 72.39930308388232, 64.91906197765059, 56.675699455153065, 18.149650868124628, 12.785513350784358, 12.077870720416989, 16.849930456563015, 25.848875236895434, 21.575628271596166, 13.333946547307402, 7.116851578328862, 7.112080616332399, 14.294741326798786, 50.89827250784559, 59.19734909310941, 67.76406851460789, 76.88959474166509, 82.50103440844052, 80.61096062313439, 74.64063327847686, 67.03171119597758, 58.56672144241809, 53.34951434947579, 25.838869549547056, 29.819278392961323, 37.3064322908794, 41.176359064454104, 51.53932840152478, 56.428387181943044, 62.4815606990583, 66.13111429687613, 63.707187743536785, 52.27019510458682, 45.16478067195365, 43.01636900628083, 69.55276285683611, 65.34500668774876, 64.6005477462856, 69.32506337287289, 72.11457335874631, 77.89101616136736, 88.56938505713856, 89.80358768979782, 89.28469683786133, 85.6820590435788, 81.46607562638123, 77.87403687178576, 69.51195722358169, 68.56420893108341, 72.50943972688054, 76.0901525479547, 82.8683736378465, 79.6259137278212, 77.07378734505495, 73.51932309725662, 51.918909443092545, 57.41341116099172, 67.13327512368213, 75.72326079808846, 87.23998399450763, 97.22215471962198, 100.04687296216427, 113.42780446565088, 122.44845705381438, 125.97833840727431, 136.48859167069438, 127.43501736904916, 119.21640753948599, 110.17528708961687, 101.99163648163906], [17.02606298168931, 9.6093447239702, 0.0, 11.834850085597449, 5.5258060460860365, 9.968487831153382, 17.31702584985404, 58.07293147045761, 63.06639406497998, 71.33719639654058, 79.83421861462878, 88.55832217962732, 80.26949531990594, 72.81500976829969, 64.44280686187601, 27.514020510782988, 20.74279912266204, 15.676906339466026, 14.112394651291254, 19.24667981316269, 14.108382941067129, 9.23141199976044, 10.712421159868857, 16.56459133563062, 23.807121520043136, 60.110402754458974, 68.2622989244801, 76.54983009686266, 85.29472584493183, 90.61361594199573, 88.80648720025937, 83.18886694391648, 75.77249215743618, 67.31793374556715, 62.168629170298075, 34.97108568109998, 37.66321115115006, 43.5413181452195, 44.478943869854426, 54.60575019753745, 60.55872624460645, 67.4482469681654, 71.40358342359076, 69.90303605087334, 59.77103046849611, 53.27441435520822, 51.725826722179775, 69.21933215314822, 66.4486000201246, 67.33269166940786, 72.90029638356084, 76.34236481899244, 82.13088545218211, 92.45040199217406, 93.04070950852993, 91.99374987368444, 87.73287844436624, 82.72789411829363, 78.41800226178773, 70.15195837900525, 70.48337854676639, 75.57394408728148, 79.75365879099431, 86.52050800024612, 82.77486888171693, 79.57263269865199, 75.01779778502637, 46.11130548562886, 49.41916234851389, 59.17710034488643, 68.75202680178687, 80.959644894436, 92.23872099813825, 96.80751703470321, 113.89994663360164, 124.42553118293034, 128.64798340908857, 139.0875994314235, 130.64028261408475, 123.74608854156129, 115.67759437437799, 108.9505948154162], [26.49271166720683, 20.797085829584052, 11.834850085597449, 0.0, 9.357805617187875, 17.51614732453604, 24.698898444433084, 64.56859062696199, 69.96057304650706, 78.64055088007603, 86.77823314849452, 94.25216942491602, 86.57181176747733, 79.24952121816634, 70.80623618462856, 38.820336036592636, 32.17363322111985, 26.308024197352793, 21.222748638252302, 18.663182977076712, 14.394708963587625, 17.5752560435945, 22.298241751946723, 27.868191069672836, 34.21651098027572, 69.22727361115855, 77.03111403766168, 84.75775359335881, 92.77953975201045, 97.48002837455303, 95.72373980219004, 90.76935285430424, 83.74579372938074, 75.36626502332767, 70.40483047917951, 44.344368630917835, 45.67317536729481, 50.11897945437496, 47.44704538467006, 56.86225663484829, 64.0893396156446, 71.71131814320601, 75.16936799207556, 74.51941538235909, 66.73838799892425, 60.61105089514239, 59.88357436664536, 66.95972087160347, 66.15329315719805, 69.0322666453016, 75.29378679950337, 79.19717671240298, 84.55549109328196, 93.79919480458855, 93.96315817696494, 92.51672367723266, 87.7301626842299, 82.12301965346938, 77.05882921431424, 68.97964319134843, 70.83773071014394, 77.0951046070546, 81.7035900139667, 87.9163581798301, 83.86307877554414, 80.14660116033329, 74.6707799533721, 42.719216587172504, 39.49229331075046, 47.51855078644456, 57.676595110998406, 70.64969604164075, 83.34393599632858, 90.0314182092112, 111.35750999041637, 122.5831678357978, 127.34916616088492, 137.37705185930176, 129.76183834459843, 124.71612026461827, 118.32950891617116, 114.39663939609444], [18.45389126093058, 12.59022472504804, 5.5258060460860365, 9.357805617187875, 0.0, 8.78115828509053, 16.910311511287485, 57.81866525673965, 63.20190984491715, 71.68027094380831, 80.02975139597558, 88.24501469942659, 79.99755209721113, 72.54327405733363, 64.18908809860986, 30.65473311838552, 24.976544382163958, 20.949472869193656, 19.39750998732108, 22.495299996683062, 17.341606053027814, 14.543485147152728, 15.619583923399018, 19.635964503432064, 25.848669638218098, 61.41612385008776, 69.52969698302125, 77.72989253619104, 86.30039014169837, 91.29833775003092, 89.30007216140595, 83.89549257073367, 76.54699085696984, 68.03181147253802, 62.9559188225922, 35.877244142393394, 37.00903168021867, 41.7369200574241, 40.915271027248004, 50.82279097469894, 57.295049940965306, 64.54533926212186, 68.48419433586317, 67.5802145957723, 58.49697014584754, 52.70885208627736, 52.150812450668425, 64.19164418978126, 61.879776706732784, 63.38494447534138, 69.23529823546443, 72.90570268016428, 78.6170296718243, 88.7287828367585, 89.02188253422263, 87.78470415322197, 83.32155113073668, 78.11848358198122, 73.6087646684495, 65.37049652724416, 66.12195215729068, 71.619164356681, 76.00220128163889, 82.69997998968452, 78.76142668310693, 75.33635267728306, 70.47104701336322, 48.75921996631172, 48.461063908568335, 55.71600045296113, 64.30423142018722, 75.9536112436229, 86.85391433350651, 91.2914810491302, 108.91574118962454, 120.0441507413298, 124.73046794236234, 135.78050479414603, 127.92892484761467, 121.83197503133742, 114.99861615406599, 109.98147295731827], [10.653672514410323, 8.060708934646195, 9.968487831153382, 17.51614732453604, 8.78115828509053, 0.0, 8.514583685033813, 49.478975395688806, 54.85430357589786, 63.2346377156573, 71.64433284385251, 80.18498309239892, 71.67595690602302, 64.17844209953323, 55.89005047511147, 23.967618414245788, 20.408523270946187, 19.771424324797927, 22.2767782886647, 28.331552762148306, 23.665716391656368, 17.962439358300145, 14.440758084962267, 13.626192620416093, 18.0619014600981, 52.908480266874236, 61.079816757334605, 69.41504878613118, 78.17278433022469, 83.23847912008534, 81.08525885041043, 75.51615448983998, 68.06029218239617, 59.49981087420915, 54.40987198922679, 27.237451247017752, 28.48369144733057, 34.31487955650108, 35.41836964532741, 45.67606781448908, 51.460062566129125, 58.10987302198058, 61.56253871592487, 59.941518404962565, 50.23442762495721, 44.03234803526104, 43.475648018207714, 62.188960578307764, 58.59219967093122, 58.72250294105307, 63.85405627766544, 66.9412142456271, 72.55762799849457, 82.86102402857168, 83.77022910792657, 83.03184243209154, 79.17263742249816, 74.7221713550345, 70.84668588562235, 62.446570802367695, 62.06053253455263, 66.59048367068836, 70.44045807256802, 77.04911307983137, 73.56960199461754, 70.73550723581185, 66.77118403961288, 54.35198816799546, 55.16700446333124, 61.81988442184334, 69.0880803776151, 79.88832456767055, 89.35156284340644, 92.01214639092997, 106.12808074897715, 115.74092739853853, 119.84488194750378, 131.0804647534499, 122.82595908433053, 115.78321827286342, 108.54460326124514, 103.04189121046083], [5.946326606404832, 11.313996508495531, 17.31702584985404, 24.698898444433084, 16.910311511287485, 8.514583685033813, 0.0, 41.06245330037691, 46.37856111938866, 54.800785513905915, 63.184949871632455, 71.7468545677842, 63.27318417005354, 55.78966393984293, 47.46452460408831, 20.24897224479756, 19.488353389759435, 22.01777088009545, 26.855756145892357, 33.71611715844714, 29.85725865847374, 23.700750224663906, 18.305478419630422, 12.70982386422196, 12.846569097400675, 45.018246230014434, 52.991529174038696, 61.13133315772103, 69.75593086373028, 74.74814686787428, 72.58572230228525, 67.09193999151984, 59.7238012710764, 51.19510376405433, 46.158658310586695, 20.052651035439503, 22.409739214175897, 30.350825372019717, 33.29946877541313, 43.519972631565906, 48.67319879050536, 54.490787722796696, 56.561542202597025, 53.730479496905005, 44.04021087047569, 36.39527596789222, 35.32804753757361, 62.39877855617674, 57.94794610074332, 56.91734322289883, 61.11837563809747, 63.351769357806575, 68.4590655002949, 78.30746793909175, 80.22653621887501, 80.18940834697038, 77.10862367583562, 73.60221510735275, 70.3371393491345, 61.83905683555313, 60.47402699764522, 63.959417448393985, 67.04378106003334, 73.04035366467824, 70.29902537466822, 68.26307941694061, 65.34041877511338, 58.34265522584355, 59.722989093816466, 66.31114181983004, 72.73857515720839, 83.20431926623142, 91.78831128186654, 93.37608472138169, 104.70406755772225, 111.75640528591221, 114.84199742469325, 125.3937936466003, 116.50737404182335, 108.54449035803742, 100.68706432041706, 94.89988422782572], [41.7512845240374, 50.29809635770732, 58.07293147045761, 64.56859062696199, 57.81866525673965, 49.478975395688806, 41.06245330037691, 0.0, 6.758534979856952, 15.315645848559113, 22.691968321402907, 31.16003334553654, 22.21463867406871, 14.75712813265969, 6.4449665232926545, 41.84813330457908, 48.92534237036739, 56.329792550268884, 63.89409295805981, 71.27018918712363, 68.88622786027682, 62.575015629303884, 55.66296182558114, 46.41604745819869, 38.3796604453952, 19.38206067526913, 21.529084918353707, 25.953518078620096, 32.53786618864338, 36.04697798297307, 32.909354029090714, 28.334638917312855, 22.31207275254381, 15.37967365111734, 13.3946441458767, 27.780118205606215, 29.35064606554449, 36.96109175767473, 44.72164297363626, 49.30612366010353, 49.293874475566454, 48.684556850762114, 42.12761712201009, 32.159909753448886, 27.908999429123536, 14.632067784880233, 12.068379339931525, 72.66211646503534, 65.37486959957276, 59.29962822328997, 57.791408931016555, 54.96170212586554, 56.069787110211934, 61.72761155011324, 68.84363010906709, 72.49340477012156, 73.88201287069126, 75.5295898564641, 75.74620516840893, 68.63170323224436, 63.04533791555054, 60.50008727154841, 58.85715299548309, 60.40326720318212, 62.20796139579693, 64.72923373006284, 67.54504591941146, 90.71136040783443, 92.14760321501741, 96.21930197422991, 98.30326153121531, 105.68105905530132, 109.20564321150664, 105.2538309959241, 101.60898106353021, 95.7639291572796, 93.52415616001218, 101.28150866539887, 89.85266401179416, 76.74507937313662, 66.74181661018781, 61.201456324933154], [46.48338613985596, 54.998820982956865, 63.06639406497998, 69.96057304650706, 63.20190984491715, 54.85430357589786, 46.37856111938866, 6.758534979856952, 0.0, 9.027502385288415, 16.839117978067527, 26.652893800513088, 17.80381896403339, 10.860527929973294, 4.647954677629399, 45.003815992139614, 52.346157474558005, 60.01070876911845, 67.8484038125946, 75.4771724255327, 73.37455072672985, 66.93057801641677, 59.91816401689136, 50.641068209451774, 42.47672930750611, 16.939608107341037, 16.449513329013993, 19.412843667198324, 25.81898037381403, 29.663769686049562, 26.65048220855426, 21.789069964342538, 15.953120659498254, 9.930912153706073, 9.796522146128543, 31.887379766163384, 34.67054897502891, 42.55024794715299, 51.14215706106838, 55.51030728882616, 54.92077895377594, 53.62302963769188, 46.724570047941526, 36.203660028134436, 31.88955461442226, 19.291262400910885, 14.696504501830024, 79.0606513434296, 71.58352586979395, 65.08216276996205, 63.08224165713811, 59.80399687057609, 60.54853961898525, 65.64949666748227, 73.2997893867425, 77.32150102261757, 79.17405689632002, 81.26051202198082, 81.77945937654619, 74.84830443474503, 68.97161960349052, 65.8812843224764, 63.78700582386674, 64.89667656100201, 67.19913835556403, 70.14391013268896, 73.4344021669884, 94.02305855108116, 96.86514149560666, 101.92173388849915, 104.34990739052672, 111.97898441665252, 115.56645973799638, 111.5333523440479, 106.72264025899237, 99.15809001824356, 95.85792303769469, 102.30833083839448, 90.04590065286709, 75.48703540449596, 63.54558691712241, 55.588112439099945], [54.54017887858888, 62.96130293371315, 71.33719639654058, 78.64055088007603, 71.68027094380831, 63.2346377156573, 54.800785513905915, 15.315645848559113, 9.027502385288415, 0.0, 8.86050713788805, 21.279801485322203, 12.268771135226666, 8.16197267130257, 10.563581464076142, 51.517505310834075, 59.31690601329368, 67.34372748534204, 75.5448966953225, 83.59093055725315, 81.56234631688694, 74.8020757736564, 67.5433400950236, 58.15947614460188, 49.8683478044731, 18.128501664079852, 13.292442575543026, 12.683633061397904, 18.4702730682563, 22.438401790750188, 18.871017658168707, 13.160964069768372, 7.785536121843246, 7.067300266783274, 11.413740788935542, 38.925120490363675, 41.63414797986737, 48.776496679494, 58.170044782738984, 61.741631595155134, 60.06617314028252, 57.581051776213236, 50.21529902450768, 39.24447369643959, 35.449720105974656, 25.119100537631876, 21.032126931755858, 85.58904536489834, 77.6363571312352, 70.3057106390299, 67.41520813250716, 63.42504868025231, 63.648081497742844, 68.16017551042604, 76.36020444001258, 80.8769548694937, 83.45963801756658, 86.29850823672726, 87.43537925902632, 80.93568903695365, 74.44398668972262, 70.35315418151359, 67.53818579026625, 68.11773584608862, 71.10162981952568, 74.69910520498634, 78.83766242072532, 101.75678006249255, 105.57437813296836, 110.87356282831479, 113.10413963239301, 120.39892672576916, 123.34875193044391, 118.4473632908444, 110.8914912014015, 101.53363085433658, 97.234145540851, 103.11686052469813, 90.37276790596707, 74.25693116796488, 61.037610076987114, 50.952405538719155], [63.143376007443436, 71.60936983782152, 79.83421861462878, 86.77823314849452, 80.02975139597558, 71.64433284385251, 63.184949871632455, 22.691968321402907, 16.839117978067527, 8.86050713788805, 0.0, 13.60122469129975, 6.7875384140318475, 9.743290842000405, 16.702298038410582, 60.35987749866171, 68.10142316085138, 76.04467868926024, 84.11650007915178, 91.86452463871915, 89.954480985272, 83.4250952510004, 76.2784316188522, 66.9321173053464, 58.663540466222784, 26.25135840987074, 19.717829503731743, 14.458120432560003, 14.539420539052752, 15.852925518174304, 11.319658236923146, 8.411216775867151, 10.026026172843807, 15.167998251382611, 20.070170634370353, 47.70587599467541, 49.82981321762048, 56.08815787599691, 64.75520103527093, 67.3632662380545, 65.26266249309907, 61.97406200253962, 53.28203105875838, 42.101998306496206, 41.14227021879533, 32.58975949295574, 29.739701796474346, 90.29143862032663, 82.42624414375894, 74.89858012792286, 71.24814360578837, 66.54800795189945, 65.71392125867634, 68.5406145510807, 77.59706770398975, 82.72287137785145, 86.096905464114, 89.77477378493772, 91.39670105886356, 85.36343567458228, 78.63829260301247, 73.82220034568984, 70.24577268067867, 69.58835889232638, 73.43932641506441, 77.74698967784117, 82.66515993207116, 109.31214541244864, 112.51869586276688, 117.19153512449176, 118.71962511780619, 125.47844007849022, 127.65828491735182, 122.089992639949, 112.27547641668063, 99.95225454550682, 94.25862679986602, 98.87875741733673, 85.6845994489473, 68.42173388088847, 54.820556631353625, 45.64475169182584], [72.46666532955525, 81.02644372200479, 88.55832217962732, 94.25216942491602, 88.24501469942659, 80.18498309239892, 71.7468545677842, 31.16003334553654, 26.652893800513088, 21.279801485322203, 13.60122469129975, 0.0, 10.760186023860465, 17.589774613357413, 24.763233492414393, 71.57576466708802, 78.75609856166125, 86.14100178652734, 93.5288471328624, 100.15036104294593, 98.43608567820695, 92.77747341667599, 86.16367222927737, 77.05904296323101, 69.00719360486764, 39.338385397660396, 33.079125853458336, 26.53464543280782, 21.082955382379268, 16.44755142614559, 13.219761653300786, 18.38017557271586, 23.393821681631433, 28.20982750076834, 32.635013791813755, 58.41422147252422, 59.59632689065939, 64.86809885297674, 71.17997025555516, 72.62379395268854, 70.89730846860608, 67.338349318758, 56.46261442108485, 45.55461031639711, 49.56992707648399, 42.16808296855859, 40.83917875113667, 92.90424295004661, 85.91694307999629, 79.05375432363324, 74.87012862633138, 69.53923532030133, 66.9944258322351, 66.5714095107418, 76.86463641346414, 82.71760223336814, 86.93170555137225, 91.52430640636811, 93.43541527169367, 87.96353976069094, 81.55969266247908, 76.43035744839425, 72.09300668762582, 69.25759968551047, 74.19460964232455, 79.24497410047968, 84.80190419799095, 116.341063683199, 117.05507238094313, 120.02738219365315, 120.20479352799437, 126.12437881284183, 127.35219082435773, 121.44198418571901, 110.11469660995341, 92.9923149612881, 85.149588648729, 87.15692396979259, 73.35761329403469, 55.274817083446834, 42.65772763328541, 40.5470783442481], [63.86195694767959, 72.39930308388232, 80.26949531990594, 86.57181176747733, 79.99755209721113, 71.67595690602302, 63.27318417005354, 22.21463867406871, 17.80381896403339, 12.268771135226666, 6.7875384140318475, 10.760186023860465, 0.0, 7.5646407167294445, 15.83855867325427, 62.45806882086683, 70.05552739513051, 77.79046666619712, 85.57291827926862, 92.89588652765762, 90.79952217092905, 84.54186063334647, 77.5328957409161, 68.1873759412857, 59.97524613759225, 30.10225809360163, 24.910437247958974, 21.038306689630062, 20.606946741778728, 20.022174761741294, 15.378973362550441, 14.922301210317963, 16.059850556831872, 19.09662173646061, 23.278051507072924, 48.84004567153193, 49.58981504668152, 54.778002421764654, 62.14012393032811, 63.97230878806426, 61.931249816811615, 58.47628573291649, 48.73590981166832, 37.56842467079571, 39.32040584771122, 31.879965149200164, 31.01252652200077, 85.87428759423774, 78.24636951218568, 70.89801836856898, 66.978701089706, 62.0092283687821, 60.54618728004109, 62.456035351902045, 71.85085712283396, 77.18914118954706, 80.82922388276587, 84.84915692518872, 86.62934106024868, 80.85167919354882, 74.15627394744632, 69.15071115411138, 65.27762375888, 63.91525696861231, 68.10509462476199, 72.68463377086289, 77.8926277252204, 110.74867739369397, 112.02326316975622, 115.12462080882935, 115.6594205211792, 121.63683671996434, 123.02084893603889, 116.8913932400818, 106.22512628695983, 93.18964084442266, 87.52273723659486, 92.86919754863473, 80.254160099731, 63.77525585831298, 52.66847283685049, 48.26909375421838], [56.38954711642289, 64.91906197765059, 72.81500976829969, 79.24952121816634, 72.54327405733363, 64.17844209953323, 55.78966393984293, 14.75712813265969, 10.860527929973294, 8.16197267130257, 9.743290842000405, 17.589774613357413, 7.5646407167294445, 0.0, 8.522895093648108, 55.239898637718056, 62.80456862429671, 70.5244630288174, 78.31772638283338, 85.76187002242808, 83.5283038059845, 77.1628868997526, 70.11173484270805, 60.74719722536365, 52.54481408852155, 24.51382215323033, 21.128223052069497, 20.24909391611042, 23.275631353636484, 24.775778837291814, 20.582030837455108, 17.57798678903235, 14.9005842518261, 14.244135641046842, 17.32313493567954, 41.39377056384912, 42.17849461174169, 47.85740459763253, 55.52409279218211, 58.065731563605475, 56.44710118260695, 53.6899479848616, 44.827162714691845, 33.66593918534775, 33.5500947121535, 24.704773306838543, 23.724624489457156, 80.698063087918, 73.02075088723768, 65.87403355450267, 62.58878814192626, 58.19704783068538, 57.5910252220307, 60.94279179594001, 69.62951362340546, 74.45429738644133, 77.41177848788527, 80.72922675257746, 82.08727602362976, 75.89273139118345, 69.39805554214595, 65.01661180816522, 61.779737063093265, 61.43608506803089, 64.88824254174868, 68.87462493652211, 73.43144502021585, 104.28319365332405, 105.64450359386582, 108.9709999742112, 109.93059372151218, 116.26092208155448, 118.20842725275517, 112.594476827716, 103.88888868323485, 93.45611798521907, 89.0915344701865, 95.65670282357173, 83.5244008228155, 68.23513101328709, 57.64061073947232, 52.66992285398687], [48.12319504258496, 56.675699455153065, 64.44280686187601, 70.80623618462856, 64.18908809860986, 55.89005047511147, 47.46452460408831, 6.4449665232926545, 4.647954677629399, 10.563581464076142, 16.702298038410582, 24.763233492414393, 15.83855867325427, 8.522895093648108, 0.0, 47.750177526480826, 54.95817828549542, 62.43477990718362, 70.02621702012338, 77.3019585047579, 75.06541306297974, 68.8482884774908, 61.95687819741899, 52.70665488421717, 44.62313692731368, 20.96933139162022, 20.395680777624708, 22.49714371095609, 27.653597966147277, 30.404806931252665, 27.01200291892021, 23.116506867541972, 18.248955013525652, 13.386298738116297, 13.793946726883718, 33.90161293071651, 35.292433145346905, 42.13139609817045, 49.68736417289915, 53.389158989281356, 52.78879288131667, 51.2868294221417, 43.48187548772409, 32.80014220565072, 30.66179503157258, 19.098195187507876, 17.04812478238006, 76.30145568483627, 68.94362621212784, 62.49944652688735, 60.23437880796346, 56.69979877817095, 56.97087357833302, 61.44663853752081, 69.3738063283877, 73.57952418942565, 75.66217194280051, 78.04861724564103, 78.71992404764073, 71.96739133270049, 66.04735929924352, 62.74889193488105, 60.39285539852132, 60.98382148191295, 63.559393482493945, 66.74523778863006, 70.31067834344803, 96.05776526656346, 97.42225486469572, 101.24648262061665, 102.87231280660491, 109.89080541750417, 112.83464760084301, 108.31536394643376, 102.71888771003631, 94.55371440012473, 91.23636062235593, 98.12389089860963, 86.22569948252341, 72.13460352437305, 61.65376980189986, 56.370674368407634], [14.82014898357773, 18.149650868124628, 27.514020510782988, 38.820336036592636, 30.65473311838552, 23.967618414245788, 20.24897224479756, 41.84813330457908, 45.003815992139614, 51.517505310834075, 60.35987749866171, 71.57576466708802, 62.45806882086683, 55.239898637718056, 47.750177526480826, 0.0, 9.312718038253598, 18.502054050160616, 28.257815169130552, 39.70063742387695, 36.749455007312754, 27.395102367885652, 19.06046106925016, 11.046060994716532, 7.864270024359921, 36.45726480792681, 44.91321637155578, 54.06818433998439, 64.09289893315761, 70.61893572171117, 68.8135111310348, 61.931625113953864, 53.99283138102406, 45.902414562847454, 40.665480761247444, 15.729232171231851, 24.764805171286305, 35.337397007045865, 45.37999453965897, 55.122803401805264, 57.36658518254425, 61.19314503770184, 64.20408570256804, 59.689890327285525, 45.22035539127875, 36.69779273526672, 31.926192939491468, 78.00610828917871, 71.55847396472188, 67.85169753070734, 70.72025481052617, 72.09756400349801, 77.70464490927279, 88.84721302536452, 91.3161912663478, 91.80593418503832, 89.51451415518619, 86.79606794227294, 84.56754938031213, 76.39513625074072, 73.24665983273798, 74.85974532700924, 77.14118540434613, 83.78328290912708, 81.63062114269312, 80.39062995186464, 78.77333253812367, 62.884447488382, 73.17580702326713, 84.2484800388337, 92.2685131352261, 103.19618035410824, 111.67897704279248, 112.19925343392234, 119.54204486593733, 125.69671837160504, 127.69846338249458, 137.7051550566025, 127.2706226395629, 116.18886312070656, 104.38232798749166, 91.73503549295722], [13.656153445987858, 12.785513350784358, 20.74279912266204, 32.17363322111985, 24.976544382163958, 20.408523270946187, 19.488353389759435, 48.92534237036739, 52.346157474558005, 59.31690601329368, 68.10142316085138, 78.75609856166125, 70.05552739513051, 62.80456862429671, 54.95817828549542, 9.312718038253598, 0.0, 9.218583703577194, 19.05374739372586, 30.779225296073992, 28.026896130359226, 18.720982374330948, 11.092791443913972, 7.4863869543903485, 11.886686416376179, 44.962875862404225, 53.14966060814611, 61.87412385657903, 71.43960933042419, 77.80850950444396, 76.29060851426297, 69.76751092929577, 62.07534847302342, 54.017435328190196, 48.80731377766236, 23.46691793377931, 31.390704841328763, 41.079136294228675, 48.845442772870285, 59.03250862545557, 62.39490567559109, 67.16699987764834, 70.50968444867554, 66.61766426146959, 53.055182018953296, 44.585360668963766, 40.0061116917986, 79.77356722437435, 74.39077212080569, 72.00681602817596, 75.73183736194838, 77.73056801991795, 83.459049019371, 94.4132321018854, 96.4566425304341, 96.5267211877416, 93.63375677952506, 90.17574718003834, 87.26896256995569, 78.96799594068398, 76.85473891456287, 79.53159350525262, 82.39288259297695, 89.11640144062503, 86.51662264961745, 84.69577180221363, 82.16490958144813, 54.18041838929276, 65.6150572600789, 78.32505472561068, 87.74562807479427, 99.7141805359491, 109.66742403141141, 111.92223174286843, 122.70667338626801, 129.8941628116465, 132.25536098353714, 141.67878708888034, 131.35740903404607, 121.08798774939713, 109.35732575062474, 97.0931569825992], [17.322955385836476, 12.077870720416989, 15.676906339466026, 26.308024197352793, 20.949472869193656, 19.771424324797927, 22.01777088009545, 56.329792550268884, 60.01070876911845, 67.34372748534204, 76.04467868926024, 86.14100178652734, 77.79046666619712, 70.5244630288174, 62.43477990718362, 18.502054050160616, 9.218583703577194, 0.0, 9.907287371840386, 22.009274001386736, 19.448531209353007, 10.50483479632731, 6.488962981162398, 12.092852206623919, 19.38180159689158, 53.6874679254411, 61.689423450064965, 70.07739919196091, 79.23784095219648, 85.40321047428579, 84.07831569798128, 77.88583428800762, 70.39810249219744, 62.353623985923655, 57.17903418254363, 31.6512660143242, 38.49570803534745, 47.20071006096509, 52.796208619207924, 63.14598990131092, 67.46866779669723, 73.0380857861126, 76.66618136396461, 73.4090668677753, 60.734689135375554, 52.483437914839435, 48.255479869569236, 81.54015307079855, 77.2492383013585, 76.14375767526144, 80.62384154616596, 83.18420923084214, 88.98869806978092, 99.72090520034332, 101.31710439027563, 100.97550709058463, 97.522421230627, 93.38146242342783, 89.8504166758449, 81.52044926439007, 80.41770808609371, 84.06799851235203, 87.45185175107638, 94.21802449193011, 91.201738595163, 88.83977159147578, 85.46299773845361, 45.953733910580354, 58.218522451184974, 72.43825183478855, 83.21042147013068, 96.10840154951876, 107.45153215106934, 111.39994299543531, 125.49669474585512, 133.76186289069264, 136.54193971363807, 145.53259631293113, 135.45704655376838, 126.10508086801372, 114.71205118046785, 103.160408803574], [23.74967976547526, 16.849930456563015, 14.112394651291254, 21.222748638252302, 19.39750998732108, 22.2767782886647, 26.855756145892357, 63.89409295805981, 67.8484038125946, 75.5448966953225, 84.11650007915178, 93.5288471328624, 85.57291827926862, 78.31772638283338, 70.02621702012338, 28.257815169130552, 19.05374739372586, 9.907287371840386, 0.0, 12.49070091854841, 10.37368704321901, 5.570088391779524, 11.57720425455075, 20.250141183807607, 27.99459749367583, 62.78297161038702, 70.59930600162573, 78.62764048188342, 87.32655960626829, 93.19829469958177, 92.03180202886031, 86.23327817367992, 78.97589482180722, 70.93964458415707, 65.82001174845323, 40.32497612830021, 46.21876509065981, 54.010294494842995, 57.34298654847828, 67.63793053779142, 72.90984111976732, 79.19643302510812, 82.88995305608844, 80.23438075786082, 68.67687190562332, 60.58774389473081, 56.75786680641412, 83.30790514420737, 80.26466669700295, 80.51911998121383, 85.68333215426748, 88.73700106104167, 94.49071426861798, 104.80382272217689, 106.00163479689736, 105.28090603321698, 101.3112677483943, 96.54614930063012, 92.39522739597037, 84.10732789278366, 84.0770754483661, 88.67668422035038, 92.52102812026482, 99.17797890642433, 95.80631107197048, 92.94963225784815, 88.76558434771961, 37.42144373772062, 49.838578236764754, 65.58735189341542, 77.77077880198192, 91.62846402714457, 104.44017927087978, 110.2541044659757, 127.84805510664418, 137.00634763064747, 140.17721257197059, 148.6413981362453, 138.90502477008482, 130.64678668339812, 119.83263867055736, 109.43549458404759], [32.301699928469446, 25.848875236895434, 19.24667981316269, 18.663182977076712, 22.495299996683062, 28.331552762148306, 33.71611715844714, 71.27018918712363, 75.4771724255327, 83.59093055725315, 91.86452463871915, 100.15036104294593, 92.89588652765762, 85.76187002242808, 77.3019585047579, 39.70063742387695, 30.779225296073992, 22.009274001386736, 12.49070091854841, 0.0, 5.759082553650886, 14.530791843274647, 22.639314064278675, 30.84795961936324, 38.15390393299403, 72.4184947409892, 79.84674032922537, 87.22658545156195, 95.12787173465485, 100.46566281216266, 99.52554701129075, 94.39993755091436, 87.57566059953082, 79.63871765241177, 74.67324634866904, 50.0651473414324, 55.22603286635333, 62.38700496909164, 63.11441961347462, 73.10775203888632, 79.47410178757546, 86.38358169683572, 89.46518433922026, 87.21269985719911, 77.47709208612223, 69.14797345881185, 65.6382595569747, 85.39252024712569, 83.9643003790415, 85.79999848286252, 91.51288668047549, 94.87517596363408, 100.21953562574747, 109.50696470211203, 110.57843926067316, 109.62853187281463, 105.28156895044452, 100.06751430467627, 95.2766579545517, 87.07919819150122, 88.27332899138271, 93.80278399969048, 97.9423844744135, 104.02843933977735, 100.5066993787006, 97.30325835790897, 92.41081267771244, 27.196971697491875, 37.9154354635874, 55.87831814801012, 69.80387681233955, 85.0123810429641, 99.68077688752595, 107.93619522768013, 129.60342046146175, 138.71441635402607, 141.96720074606245, 149.19941614652308, 139.80216503807856, 132.9600019739022, 122.9704437984689, 114.52780279925271], [28.698034704311457, 21.575628271596166, 14.108382941067129, 14.394708963587625, 17.341606053027814, 23.665716391656368, 29.85725865847374, 68.88622786027682, 73.37455072672985, 81.56234631688694, 89.954480985272, 98.43608567820695, 90.79952217092905, 83.5283038059845, 75.06541306297974, 36.749455007312754, 28.026896130359226, 19.448531209353007, 10.37368704321901, 5.759082553650886, 0.0, 10.229029764920373, 18.628310061886395, 27.15409756990298, 34.80096509057674, 70.18587682971442, 77.92316563991102, 85.67788840278631, 93.92753307878061, 99.30596124191403, 98.0786292899636, 92.74421525580901, 85.67622066305414, 77.53108929579459, 72.46933529548073, 46.73007942179686, 51.06515110200414, 57.597444950806256, 58.16589493664626, 68.14332615575928, 74.44904305680492, 81.46861679157998, 85.07626023020738, 83.25481151692206, 73.33584033096275, 65.76490855096303, 62.916505224042645, 80.60853303948876, 78.9595058140481, 80.71861986750591, 86.54262610487214, 90.08274708013138, 95.66356962520652, 105.37480227199774, 106.09038560521708, 104.96673575518263, 100.49229271837964, 95.15417482349369, 90.39715281893476, 82.23559168661434, 83.35821299918459, 88.93502134166033, 93.22598725240267, 99.64679447945066, 95.91374105592043, 92.55882964365217, 87.57467162078535, 32.795952933605086, 40.569202807306944, 55.892523614104434, 68.74942211687602, 83.1181152915612, 96.96995806257802, 104.35311451844876, 125.22539772171295, 135.37329384889986, 139.16244848733572, 147.59824046858841, 138.63452134828074, 131.9416570213141, 122.67188797493846, 114.78119215542955], [21.245036459605103, 13.333946547307402, 9.23141199976044, 17.5752560435945, 14.543485147152728, 17.962439358300145, 23.700750224663906, 62.575015629303884, 66.93057801641677, 74.8020757736564, 83.4250952510004, 92.77747341667599, 84.54186063334647, 77.1628868997526, 68.8482884774908, 27.395102367885652, 18.720982374330948, 10.50483479632731, 5.570088391779524, 14.530791843274647, 10.229029764920373, 0.0, 8.704129276112633, 18.016225694263493, 26.181687492179226, 62.23498049843818, 70.32143324186086, 78.62964126181943, 87.53039745279825, 93.29620071699702, 91.83338345757464, 85.96321380873862, 78.53069446714028, 70.27771833551708, 65.09040724403012, 38.40785081180343, 43.052844926171616, 49.96372459709638, 52.651224159813076, 62.88020868332057, 68.28062809962331, 74.81100642833182, 78.97222037200758, 76.8954961345296, 65.51545270484809, 58.302625449536535, 55.39652181301307, 78.20066960913643, 75.17616980005234, 75.60607560991063, 80.98376283485386, 84.28632460059102, 90.21943749362572, 100.79615375753313, 101.58186801476505, 100.63473713517917, 96.46827844138276, 91.50634087792994, 87.29419215156027, 79.06625393458215, 79.1539220849807, 83.95895383736091, 88.01759948956524, 94.92827525129749, 91.30199421323668, 88.22452245137208, 83.83042535905804, 41.15775688438158, 50.29253369732967, 63.7896504896955, 75.07028850241058, 88.20739246545851, 100.39885765822358, 105.65814234214936, 123.03113178054967, 133.26270137130916, 137.03316634124394, 146.58137965956948, 137.41821627189879, 129.65228104725958, 119.89264749087113, 110.67825675926699], [14.554311588623664, 7.116851578328862, 10.712421159868857, 22.298241751946723, 15.619583923399018, 14.440758084962267, 18.305478419630422, 55.66296182558114, 59.91816401689136, 67.5433400950236, 76.2784316188522, 86.16367222927737, 77.5328957409161, 70.11173484270805, 61.95687819741899, 19.06046106925016, 11.092791443913972, 6.488962981162398, 11.57720425455075, 22.639314064278675, 18.628310061886395, 8.704129276112633, 0.0, 9.711505229269509, 18.083319756143148, 54.35389294439972, 62.65880362661541, 71.3198745395387, 80.62817033057183, 86.58712935822167, 84.91489386979826, 78.71703276785621, 71.05909602521551, 62.7422067468325, 57.49605583835758, 30.317935342247996, 35.32546229625925, 42.8612630346745, 47.46223895969507, 57.787748074488285, 62.39100452172914, 68.36439757812559, 72.56339696444539, 70.08629736346745, 57.767564691386134, 50.63604769105494, 47.7030228243994, 75.5785098182042, 71.41561800621257, 70.6471409689815, 75.46467493993927, 78.38200940763795, 84.40176693684943, 95.40592185758116, 96.47301572304613, 95.82391306455426, 92.0807899751549, 87.64470759078954, 83.9769052044014, 75.70498318613366, 74.8397346206088, 78.83986981004502, 82.53490845655396, 89.59444578658643, 86.2322569010948, 83.55337419374486, 79.84349532690746, 48.604608322624046, 57.51530235581916, 69.46742325814895, 79.33690355924396, 91.4913011470181, 102.25028284381833, 105.74296511245232, 119.94277331322363, 129.54350808059792, 133.07682901623215, 143.2756997132822, 133.93179897489307, 125.33944685268435, 115.33352046301482, 105.47794567161996], [7.336180836534364, 7.112080616332399, 16.56459133563062, 27.868191069672836, 19.635964503432064, 13.626192620416093, 12.70982386422196, 46.41604745819869, 50.641068209451774, 58.15947614460188, 66.9321173053464, 77.05904296323101, 68.1873759412857, 60.74719722536365, 52.70665488421717, 11.046060994716532, 7.4863869543903485, 12.092852206623919, 20.250141183807607, 30.84795961936324, 27.15409756990298, 18.016225694263493, 9.711505229269509, 0.0, 8.41115842259543, 44.98145414381688, 53.39831557466073, 62.225498698868854, 71.71964166884068, 77.68082576842797, 75.80001710990092, 69.46926193684477, 61.69861883399084, 53.30550161782268, 48.03805238971114, 20.611525266916008, 26.432915893146657, 35.32647281047648, 41.835253622120234, 52.11255309008323, 55.97446725037605, 61.22147773406181, 64.71262471170238, 61.49631452343986, 48.76131157521138, 41.11123615027708, 38.08328631690927, 72.34078487779077, 67.14931443529953, 65.16842428181627, 69.19337623208605, 71.45964918564465, 77.23332261498591, 88.19255565762144, 89.89239626800756, 89.75821639536535, 86.65382222984513, 83.01284395762339, 79.96489767686238, 71.63891519274392, 69.76836736269902, 72.79768394938667, 75.89694393690968, 82.69327767449214, 79.84820964823831, 77.79489409238404, 74.99896328558923, 55.92406580764195, 63.565916919508616, 73.85538531749249, 82.17612209207434, 93.41341878161259, 102.73480827489675, 104.55629303081567, 115.44865154935108, 123.41969390599908, 126.38612359426406, 136.7849589507448, 127.19223225927061, 117.84712192597878, 107.75104795494265, 97.88334828579623], [8.1704269750562, 14.294741326798786, 23.807121520043136, 34.21651098027572, 25.848669638218098, 18.0619014600981, 12.846569097400675, 38.3796604453952, 42.47672930750611, 49.8683478044731, 58.663540466222784, 69.00719360486764, 59.97524613759225, 52.54481408852155, 44.62313692731368, 7.864270024359921, 11.886686416376179, 19.38180159689158, 27.99459749367583, 38.15390393299403, 34.80096509057674, 26.181687492179226, 18.083319756143148, 8.41115842259543, 0.0, 36.77910141564365, 45.23563688780009, 54.14172625653402, 63.74500504126204, 69.69707877510533, 67.66670628240182, 61.24710580197651, 53.413120904650505, 44.97593029846883, 39.70082126275463, 12.376403969576987, 20.0437569857165, 30.69728314261524, 39.08199180422413, 49.021855027372325, 52.0821023291003, 56.45330687723575, 58.94253077285768, 54.78368214188935, 41.76745044921201, 33.1557668010363, 29.695912002836906, 71.20308341343939, 65.18370483451574, 62.08623723767442, 65.22949705576428, 66.74689278137897, 72.13381004452471, 82.83891994871908, 85.27868907137679, 85.71041039609158, 83.29295887183729, 80.48893745446341, 78.04786520169534, 69.74930827794554, 66.95963092744701, 68.982613040664, 71.40204201758284, 77.76680196462623, 75.5317379981817, 74.16772066402666, 72.32235124419695, 62.164617500286326, 69.07567651259347, 78.30828200793525, 85.46795303632732, 96.01600224084657, 104.2031277905942, 104.71936416139174, 112.69806463949138, 118.79466272686638, 121.05902446475918, 131.33595115553896, 121.40625511967102, 111.28150120321295, 100.92595644658802, 90.92559248597506], [43.178444400461615, 50.89827250784559, 60.110402754458974, 69.22727361115855, 61.41612385008776, 52.908480266874236, 45.018246230014434, 19.38206067526913, 16.939608107341037, 18.128501664079852, 26.25135840987074, 39.338385397660396, 30.10225809360163, 24.51382215323033, 20.96933139162022, 36.45726480792681, 44.962875862404225, 53.6874679254411, 62.78297161038702, 72.4184947409892, 70.18587682971442, 62.23498049843818, 54.35389294439972, 44.98145414381688, 36.77910141564365, 0.0, 8.94229385361726, 18.947774327692052, 29.90491440941027, 36.678014262937914, 34.224961860535906, 26.43837197450112, 18.176259748454356, 11.15265038072821, 7.388573208991371, 26.337687178281694, 31.952765539348263, 41.23986981777597, 53.761109797621565, 59.43277131759454, 57.89810630270432, 56.6957736906952, 53.59969321595531, 44.25560277467753, 32.7345494902528, 21.31833339733151, 12.674335615658755, 85.39619495451537, 76.90947348815835, 69.5242358502571, 6