{
	"dissimilarities": [[0.0, 7.435680384572017, 16.1321273085604, 24.32395895039683, 18.989737690249303, 12.166270465751369, 8.915213166523223, 42.707780752994246, 48.36681033456485, 56.70875335127721, 65.20640145916718, 71.63134525823111, 65.05564345382506, 56.67227352631405, 49.29470489912599, 15.9563629088458, 16.79870400406853, 20.36153735172504, 26.988387108634004, 34.0881254381879, 32.28452380940644, 23.85067143109097, 16.13651463582598, 9.746457192845718, 10.646359256096188, 45.18894008192288, 52.404641829451734, 60.537809764878, 68.07023731327065, 73.3781358211072, 71.09456059731392, 65.64515132735396, 59.386911971279986, 51.973547395894194, 46.736416945863425, 17.925801496072804, 29.652817528019927, 40.66805676442189, 41.66984069974928, 50.00922435674577, 54.87539990825275, 59.17277344114985, 61.696740765313194, 58.856213912901, 51.93117112894861, 40.80360909545533, 34.58173780659986, 66.73659776114343, 63.31621127758991, 63.15475359612434, 67.41914218585389, 68.90178323219872, 73.27031783891833, 81.67569605924028, 83.49530428107528, 82.3879901550621, 80.35179108217277, 77.01627055516154, 72.97747200676385, 67.5898565999174, 67.75661165008232, 71.39718221301223, 74.39853868920532, 78.5450544262971, 75.2356942640122, 72.26002139061247, 68.32506110772586, 55.70730893664218, 58.43390795540141, 68.6794392351055, 76.96118260607665, 89.55232136040019, 94.1362438834934, 109.80594408079126, 106.46249705074514, 121.02762642333082, 120.96641398006145, 122.97488049776322, 114.00313487151348, 109.37315682305443, 101.29214674793761, 94.25795964051692], [7.435680384572017, 0.0, 9.326937843068375, 18.876025296952665, 14.347508540655062, 10.774285640010246, 13.024475340987602, 50.13740288330119, 55.75633837345732, 64.05179961999782, 72.59517685345367, 79.05597778298356, 72.48784191920446, 64.08978635604177, 56.71800945138253, 18.46917080557785, 15.52292298263008, 15.808430590532224, 21.026122663529645, 28.083833649408582, 25.991623669292263, 17.128652915082547, 9.806032738330977, 8.391126257603624, 14.58015648172152, 51.950572979189396, 59.21908982415523, 67.43811717187018, 75.01871472174159, 80.40832783607621, 78.26673076315582, 72.8007366693797, 66.5129186996776, 59.114513405630596, 53.8777467599857, 24.446589017006424, 34.46269878860141, 44.34019305589882, 44.59988090694686, 53.18436832026464, 58.53964522453191, 63.527054332177485, 66.97463441042406, 64.88021746550848, 57.11077738525278, 47.0825416609058, 41.60341483520055, 68.38744844223953, 65.73729633752075, 66.10410080150507, 71.1579718200044, 73.17575446709284, 78.04252837510447, 86.91073554617006, 88.05202518774729, 86.40004245293407, 83.75465314558647, 79.6906934902663, 75.25181507001284, 69.85700792966745, 70.7131096272171, 75.0297554671713, 78.67525914732492, 83.3912895790672, 79.48416243215968, 75.86854548263165, 71.1725150915285, 50.87067834797423, 54.26119608952417, 65.5973743918863, 75.15077023141795, 88.32534106625735, 93.8873111993127, 110.55007884095974, 109.37147988010666, 125.6683493270448, 126.29811706898947, 128.80641888208896, 120.29067738948632, 116.12461333038146, 108.17506198557592, 100.97564744268858], [16.1321273085604, 9.326937843068375, 0.0, 10.459799435851053, 8.603089063892517, 12.055732451331444, 18.432490083951794, 58.27603624893404, 64.26985218452025, 72.69105341100426, 81.05502892933335, 87.02397089102332, 80.58421624640292, 72.22610493293713, 64.79041441440903, 27.080522579789594, 21.99066433707477, 17.97454623175378, 17.972198432198383, 22.14912705076751, 19.331774964455462, 12.829876820054468, 10.819352619630529, 16.365192381470557, 23.765046740158056, 61.16731712260103, 68.38397163664534, 76.47320959230404, 83.82984530797546, 88.99777050667514, 86.96356885480782, 81.64794648896363, 75.4593247356872, 68.08185374893152, 62.85827414989933, 32.96683213477616, 41.35800123246584, 49.67049276558968, 47.490410132160555, 56.11784243827881, 62.389820096243795, 68.25445411384867, 72.2198163166483, 70.90974108390853, 63.921849010325055, 54.94472220778062, 50.338341663203906, 68.40155822028505, 67.3124068192602, 68.55811643568317, 74.5768948795879, 77.20433555250153, 82.38024285416921, 91.23746470857822, 91.70416809352432, 89.44817667485339, 86.01435177497171, 81.10331085882268, 76.19921561155134, 70.85498181339848, 72.87891200551545, 78.01854083211953, 82.34775151900097, 87.45722515130672, 83.07786325781817, 78.77989655089645, 73.12909110438572, 45.11103155291164, 46.781804901697804, 58.404518229138034, 69.1525158039009, 83.00906744926347, 89.96029106353538, 107.56055791924236, 110.24923043626065, 127.84236704704253, 129.42106693461324, 132.4937791332545, 124.79598743158195, 121.67434182056581, 114.61846966484684, 108.49615822413219], [24.32395895039683, 18.876025296952665, 10.459799435851053, 0.0, 7.62615140581755, 15.964086961041712, 23.287154013695773, 63.88512772240764, 70.51751614536815, 79.127327120135, 87.06411997639657, 92.07225364100196, 85.8479768082501, 77.63384409742788, 70.18179258150593, 37.22309502748255, 32.33166379002934, 27.35543972737258, 23.7949101812852, 22.906512111717163, 19.608102274908322, 19.05254151788829, 20.741822380583294, 26.62593604446097, 33.406910241654685, 69.25901750656959, 76.33149603563498, 84.11734516671602, 91.05791667001635, 95.74446780674434, 93.68214255321347, 88.64253328014676, 82.66717746562126, 75.33599388248926, 70.1632108187423, 40.25442704642363, 47.25479148268476, 54.01597543406686, 48.366695191501414, 56.68897473539764, 64.01011691657206, 70.62501203610428, 74.4634131402231, 73.79694876524758, 69.13919040512948, 60.982927056892805, 57.328434915010504, 65.29070793842666, 66.1909673833882, 68.41698173483576, 75.22533688114407, 78.32373332140398, 83.45339329045423, 91.71032370898668, 91.7068670048333, 88.99041283772681, 84.84572820319977, 79.27873060607762, 74.02796454844686, 68.81319429422969, 72.1605891844348, 77.97426915777267, 82.77253281427987, 87.91299594321023, 83.38574087072736, 78.6160283017706, 72.15231876134517, 42.72688424101922, 38.57545340777905, 48.25295381120093, 59.28719595203224, 73.6113554355218, 81.82518263150106, 99.91178857793652, 107.02479055309016, 124.9357988986675, 127.48232221276217, 131.11855749836047, 124.53027580808418, 122.89928933511277, 117.56028021260455, 113.77362210624948], [18.989737690249303, 14.347508540655062, 8.603089063892517, 7.62615140581755, 0.0, 8.881690629848633, 17.007564365360906, 58.05882265375367, 64.80911073748295, 73.44118219877775, 81.4699312383227, 86.68628253215773, 80.08599710750046, 71.70658723810952, 64.31978948021248, 32.50275892171422, 29.194168368329642, 26.42558464722703, 26.096978324608102, 28.12688978871759, 24.957480123686604, 20.893238263471652, 19.107842076590046, 22.493183224827405, 28.1395084903263, 63.506780144620286, 70.72427666592269, 78.75290025232489, 86.04556557674763, 90.9237446857647, 88.47691808896118, 83.20684670223315, 77.06489384541413, 69.60754332715318, 64.36882837481438, 33.48132036261851, 39.69653702821299, 46.44763464103017, 41.5772048414917, 50.05221278525564, 57.032028408734305, 63.46685900142054, 67.52743152160612, 66.94719765933782, 61.56162946718136, 53.708760618666275, 50.74159288697867, 60.54839570599778, 60.32856474326935, 62.10451453182477, 68.62062228370321, 71.58667536550841, 76.82967181102552, 85.54401637021321, 85.53310004416663, 82.93247965224967, 79.07634111501115, 73.81299520583407, 68.74177707212267, 63.440984995001365, 66.11864648328716, 71.6618644597789, 76.33241030179467, 81.60089777796387, 76.9945297884162, 72.35721412515198, 66.23360439004585, 49.34752614354829, 45.6337175617943, 53.34985717819321, 62.28739307354529, 75.23577457214333, 81.52726677854464, 99.21215686004692, 102.46901373457108, 121.0050613024776, 123.31677093429072, 127.42153833238527, 120.87570203384288, 119.05922435209314, 114.02359604348783, 110.23894155966], [12.166270465751369, 10.774285640010246, 12.055732451331444, 15.964086961041712, 8.881690629848633, 0.0, 8.530498780141114, 49.486469897768984, 56.24167493726948, 64.86588663415387, 72.94356120408867, 78.35318651813407, 71.55861797913805, 63.099911291420156, 55.74766047564854, 26.78582922980056, 25.93098168171776, 26.206603359882333, 29.212810780289807, 33.512265976354286, 30.76865725488847, 24.462084724609, 19.34471752799073, 18.379704210022584, 21.624759024176544, 55.10099823526855, 62.3357429470413, 70.42671179884468, 77.87350911265106, 82.83452241900855, 80.14427278566477, 74.76125420782222, 68.55494212993372, 61.05228472356136, 55.79887654226854, 24.756968776148184, 31.59655593673661, 39.527642405138565, 36.15955004529995, 44.7433195616127, 51.08167108161198, 56.84291385390795, 60.37293160900671, 59.18002781424141, 53.6404633429353, 45.0285805954942, 41.89687793517275, 58.18641488761663, 56.450474646109114, 57.4209401172298, 63.08718937313202, 65.5153151407144, 70.47153671135361, 79.18360629110181, 79.77749983817957, 77.7221303129597, 74.58122441872688, 70.12840694389355, 65.4979386836513, 60.106053244302636, 61.69446828428064, 66.49386571616103, 70.54978030502426, 75.4591346374867, 71.28074165902468, 67.2589961137918, 62.00193497149104, 55.08433036645519, 52.4807575064989, 59.48935472120154, 66.80347203996843, 78.80010503128231, 83.43003605475383, 100.05898869031273, 99.33583515280567, 116.70061635441927, 118.21158218650534, 122.00200349011182, 114.91610054744315, 112.42421024371265, 107.11156911171376, 103.05446544481224], [8.915213166523223, 13.024475340987602, 18.432490083951794, 23.287154013695773, 17.007564365360906, 8.530498780141114, 0.0, 41.07743553304063, 47.83669209753786, 56.484858490978844, 64.49812326830856, 69.8903098952077, 63.185390137553306, 54.77600998425215, 47.379307060213755, 23.924788545673778, 25.598960765903627, 28.292212468203562, 33.12831870792524, 38.284998844661736, 36.0292472605837, 29.26489942314045, 22.812109658932314, 18.238748139532632, 18.128747376198223, 47.42535952072235, 54.4917307303017, 62.36908791609834, 69.64455470883219, 74.47668076792726, 71.7527319022044, 66.45570451825289, 60.346071735324216, 52.89955743074297, 47.69653761669185, 18.039264394282185, 27.15322004169809, 36.824141624842035, 34.688086318140016, 42.982222196295, 48.6350561170821, 53.422389940890895, 55.627959588550226, 53.27382721698615, 48.849344883869165, 38.57222235890919, 34.268619807823875, 58.595589296917865, 55.82527968135043, 56.05433607404378, 60.62214442713412, 62.29270670204502, 66.551055654038, 74.59449600941007, 76.20818387358051, 74.93037967630093, 72.63515841568072, 69.17974731913506, 65.08629076382901, 59.694185966806884, 60.33711519161269, 64.20095670113632, 67.35206415856202, 71.44523736498037, 68.12694602380559, 65.00356148563287, 60.797868946339726, 58.952727140975476, 57.116030476730835, 64.02050361065929, 70.38287230398134, 82.02150772064441, 85.80325180897168, 101.13814979950321, 98.06648668798, 112.81290634581536, 113.300096484731, 116.14053480260377, 108.20551850002171, 104.90361342151137, 99.0131748553226, 94.80029392048702], [42.707780752994246, 50.13740288330119, 58.27603624893404, 63.88512772240764, 58.05882265375367, 49.486469897768984, 41.07743553304063, 0.0, 8.372054084785765, 16.664842132320185, 23.72389585491951, 29.438608058365986, 22.357072736884074, 14.052407883797743, 6.653566183064088, 43.649482792705, 51.774251229737914, 59.45039393775708, 67.5463234800576, 74.23885709695483, 73.08685802479037, 65.74078872065351, 57.953274318295726, 48.820829718662814, 41.03552534714711, 20.55266205743779, 23.25714845075881, 27.81718751187965, 33.58428102109149, 37.31495883750443, 33.080453056365386, 28.225011656587462, 23.226115242898583, 17.34448782783957, 14.431287264055761, 29.052265766338092, 34.082679715557724, 43.20234014085771, 47.88084770988187, 51.02224586703269, 50.90578074470968, 48.94813798196913, 43.497228760809094, 34.676547325472804, 38.12612310446482, 23.564008309689527, 15.286244486900049, 71.56033401718884, 64.47521410934989, 61.15621250892598, 59.208788179352375, 56.582272052414076, 56.29421529792458, 59.691807434593855, 66.4048473526048, 69.38037638298688, 71.84235141896552, 73.73680931643186, 72.88308400127454, 68.6844274801141, 64.59649357435045, 63.02230119161059, 60.90720439823745, 60.07699995402647, 61.78898175782522, 63.86680521481973, 65.72109636493536, 91.34335191214775, 91.33380135865195, 96.22001899965916, 98.07525403081429, 106.43236922103023, 105.44403483327898, 114.42661674850002, 97.94980194284398, 100.2317122948721, 95.24381122386626, 93.72791475485012, 81.79136398250297, 73.57747680269672, 65.15041701537403, 60.46091608195761], [48.36681033456485, 55.75633837345732, 64.26985218452025, 70.51751614536815, 64.80911073748295, 56.24167493726948, 47.83669209753786, 8.372054084785765, 0.0, 8.722123757377673, 16.905899484954386, 24.704444013363606, 18.14680500341636, 11.224597206296224, 7.5918392432188675, 47.019231603995294, 55.38863260239905, 63.493712443145085, 72.0432398240262, 79.20457032144539, 78.31100145234217, 70.70616094173823, 62.84078601049963, 53.44343641783418, 45.323792824965686, 16.283182928251247, 16.517092284388585, 19.70377477158986, 25.37603965688992, 29.450356952456826, 25.06904970641931, 19.92320998164618, 14.91868191917208, 9.80862666801204, 8.933840873185508, 34.66844232438986, 39.93353328558135, 49.09102907108863, 55.41956538193177, 58.303912665330486, 57.41108759213875, 54.658458263329614, 48.9435266716433, 39.74873135673043, 42.00006464301365, 27.962934649890432, 19.050345372978253, 79.32253865193628, 71.73040777804712, 68.0244434493824, 65.41620799835981, 62.351405726513704, 61.646942681780615, 64.56085347290576, 71.77668611806081, 75.24811756670326, 78.28899901014483, 80.69841531597629, 80.14962009197563, 76.10139159343464, 71.49111231431826, 69.36487583861046, 66.70467966595481, 65.38597505854555, 67.60443744277073, 70.22336428877496, 72.70117060312987, 95.89728853437254, 97.69231137336283, 103.70043916605161, 106.03319988882767, 114.61604432295013, 113.64183162950708, 122.21103349018195, 104.39307357016185, 104.96383685743216, 98.91593525900736, 96.11767909513999, 82.95675620678428, 72.87995754898517, 62.0169875427731, 54.42345754711626], [56.70875335127721, 64.05179961999782, 72.69105341100426, 79.127327120135, 73.44118219877775, 64.86588663415387, 56.484858490978844, 16.664842132320185, 8.722123757377673, 0.0, 9.148250319789954, 18.98729539856956, 13.529954420434576, 10.75922386137072, 12.988533353253017, 54.216125744455496, 62.703513541868624, 71.02612943593482, 79.78935494112197, 87.13881670546064, 86.37971743540655, 78.69011897002524, 70.79890201737999, 61.29740971355374, 53.03476020161874, 18.891143883673347, 15.361759904698841, 14.49452878571073, 18.600577946860305, 22.263715424146213, 17.01705435564199, 11.936612284140002, 8.508339963649545, 8.712690463470452, 12.285277494603532, 42.79343174836589, 47.204738006563346, 55.59169285639311, 62.741382822843434, 64.95869724056702, 63.23052756181072, 59.53627625207664, 53.08521221041424, 43.554133725081584, 46.28052245027208, 33.76055672872903, 26.287028524530914, 86.00171880408605, 77.9608314425759, 73.85138362091297, 70.34861703117343, 66.71083058198089, 65.27488142682847, 67.22550079847042, 75.07986863483423, 79.20091876183643, 82.98061235520592, 86.14831837241941, 86.08498771381574, 82.32027045326232, 77.12983434723218, 74.23733802723667, 70.80752766336423, 68.69430849622002, 71.69457149658263, 75.07742496066419, 78.41000768577257, 103.39571120424924, 105.8631478553457, 111.98438541816786, 114.03801244160627, 122.28860672755945, 120.79488204189532, 128.48332352467088, 108.64180949528073, 106.9682902592373, 99.7817104723025, 95.8724236434618, 81.80687706662127, 70.17695037656296, 57.89930872890768, 48.77692697769655], [65.20640145916718, 72.59517685345367, 81.05502892933335, 87.06411997639657, 81.4699312383227, 72.94356120408867, 64.49812326830856, 23.72389585491951, 16.905899484954386, 9.148250319789954, 0.0, 10.904928890399235, 8.627214672053665, 12.76777291681905, 18.38222693160872, 63.28078589615888, 71.66702635724317, 79.83271951230765, 88.34079885165337, 95.33537912675925, 94.60416845359764, 87.26978282233084, 79.53183402373226, 70.14435602944816, 61.98220736575494, 27.60046700029686, 22.80824601174606, 18.47906354239213, 18.064212371522792, 18.72518006077338, 12.80628432646898, 11.232601992749542, 13.180216772645926, 17.217140017323896, 21.371542327059622, 51.389057207835776, 54.993871617055305, 62.38429061458275, 68.77901860973542, 70.1715082049504, 68.0344775833816, 63.638268112807175, 55.85845819126175, 45.974412346002026, 51.669103497747905, 40.65785787298276, 34.79157633175877, 90.26719453954831, 82.31874533415125, 78.05647684382507, 73.7378444048325, 69.54174605653299, 67.03035983388693, 67.17382732211934, 75.9042740804234, 80.76352853879365, 85.24360938200749, 89.24011332325622, 89.70783988991288, 86.29767788656092, 80.84474629672012, 77.21016860333795, 72.91993597668174, 69.61788402278745, 73.73509651400425, 77.97472105908807, 82.11424235093676, 110.7976296072654, 112.47289309713439, 117.71369494236096, 118.84675733686923, 126.4335309026325, 124.3026791757261, 130.5870039119117, 109.56073068190564, 104.38078910877273, 95.99755670523145, 90.76088109414091, 75.94108280032788, 63.21002794099266, 50.77406260758349, 43.20593108179082], [71.63134525823111, 79.05597778298356, 87.02397089102332, 92.07225364100196, 86.68628253215773, 78.35318651813407, 69.8903098952077, 29.438608058365986, 24.704444013363606, 18.98729539856956, 10.904928890399235, 0.0, 8.941988035025647, 17.120452096272746, 23.346847629455002, 71.57034641075593, 79.65336357745302, 87.32858853212001, 95.16392627121667, 101.32881239576389, 100.52831308412532, 93.9382000888888, 86.53968999245437, 77.49999781283249, 69.68396251930305, 37.85938639407527, 33.52206395457114, 28.831194059487682, 26.033102799848212, 23.58356931039848, 19.220439282529856, 20.836443620075684, 23.97027290719396, 27.58137853077064, 31.113071607536547, 58.38275976120281, 61.407082741107516, 67.80721945188466, 72.05234586627849, 72.6395492041812, 70.66154190854644, 66.03393368844404, 56.68302536600265, 46.60527972281741, 56.924460074210145, 47.02628437470319, 42.53358595552608, 90.77963580866086, 83.57183393192942, 79.50549276907088, 74.69826598027504, 70.13161875999631, 66.4343921882397, 64.1659340299461, 73.8361597909505, 79.33733084381838, 84.27245720187824, 88.94993814809757, 89.862915550159, 86.82015526133974, 81.57032468838878, 77.4330221933477, 72.41919947202976, 67.76222239612044, 73.10630622418425, 78.07073068185687, 82.73149436015956, 115.72727795992361, 115.31296098805728, 118.82922211056379, 118.57248103174891, 125.27169716102446, 122.5724433933514, 127.14625047815323, 106.40559248154891, 96.90425021294251, 87.49662634824428, 80.8480898693487, 65.48194472646196, 52.426012582420704, 41.767873625639794, 40.380671174084696], [65.05564345382506, 72.48784191920446, 80.58421624640292, 85.8479768082501, 80.08599710750046, 71.55861797913805, 63.185390137553306, 22.357072736884074, 18.14680500341636, 13.529954420434576, 8.627214672053665, 8.941988035025647, 0.0, 8.764676667353683, 15.867018438514371, 64.90819575970289, 73.31258068199115, 81.2584846785366, 89.45129190372397, 96.01034142910368, 95.01370086359861, 87.90442375497338, 80.16313513167304, 70.91481488472108, 62.890150661852715, 31.841258040803698, 28.645741098114048, 26.217468867903747, 26.661058074341668, 26.781490869178683, 21.128612333189963, 19.712282392295847, 20.27354966709651, 22.01262819520209, 24.83557042738091, 50.81104655039143, 52.88152541268647, 59.039074029939314, 64.02159960869926, 64.6742994883409, 62.466673216135575, 57.8601477979752, 49.12452658771742, 39.08177160553265, 48.062386841102736, 38.18150417039132, 34.523975926539244, 83.7888495909232, 76.03943485902066, 71.80370273661457, 67.14266268659792, 62.73817040735263, 59.6692108675205, 58.97521649336452, 68.0025834005528, 73.08644664974837, 77.76431832941375, 82.11260685827058, 82.85383600880871, 79.67318981856498, 74.19669353261634, 70.24702384696394, 65.60398344319329, 61.76807554746642, 66.36507153940563, 70.95209727640012, 75.42526066810782, 111.76383109478107, 111.17194782690336, 114.49124040102816, 114.24668526823353, 120.78004431405348, 117.70690253278597, 123.29757999938532, 101.38353844319101, 95.90539218519741, 87.76295978619429, 83.51364226433274, 69.75069752200031, 58.63205221340287, 50.09731792250145, 47.99458689358476], [56.67227352631405, 64.08978635604177, 72.22610493293713, 77.63384409742788, 71.70658723810952, 63.099911291420156, 54.77600998425215, 14.052407883797743, 11.224597206296224, 10.75922386137072, 12.76777291681905, 17.120452096272746, 8.764676667353683, 0.0, 7.505143376131663, 56.756665642789294, 65.22448891104862, 73.20411726717768, 81.49954014127067, 88.22772746799474, 87.11286238659727, 79.75582629482054, 71.87675434975222, 62.58703261783771, 54.54245190123973, 25.94918059433488, 24.669019818075746, 25.176522453439674, 28.493517449795505, 30.570717342983418, 25.01008874240004, 21.393856906124874, 18.98710630121212, 17.513244456352854, 18.694578739949534, 42.1122402057513, 44.30457201390397, 51.04459874496408, 56.29270122458489, 57.56814850119523, 55.767375962682095, 51.80550845061884, 44.084860221889876, 34.18288954930068, 41.32146394349739, 30.107174458709107, 25.986377725540954, 77.53265293828701, 69.70263287947101, 65.61021061790649, 61.6881739534349, 57.791802685456105, 55.71809714063456, 56.81382097491892, 64.98543574169807, 69.3428956947089, 73.33395413862931, 76.91343891540195, 77.16944849701888, 73.65547978769621, 68.42153348980476, 65.15275017455957, 61.3138032546001, 58.61780175465436, 62.14339608459973, 65.92688521156632, 69.65667541734805, 104.81579359119097, 104.2551935968363, 107.84758525874389, 108.1097678891866, 115.03075334079034, 112.33977163789724, 119.20503121695316, 98.28669495633201, 96.45658057095484, 89.66796948439276, 87.04090206577733, 74.33328928104744, 64.69448551113696, 56.78903923062378, 53.74694424081507], [49.29470489912599, 56.71800945138253, 64.79041441440903, 70.18179258150593, 64.31978948021248, 55.74766047564854, 47.379307060213755, 6.653566183064088, 7.5918392432188675, 12.988533353253017, 18.38222693160872, 23.346847629455002, 15.867018438514371, 7.505143376131663, 0.0, 50.04777682880839, 58.308172838019, 66.0743538778941, 74.18897381249059, 80.80494208867863, 79.65670180227822, 72.38604953829478, 64.59169927043521, 55.427611875398156, 47.55909313895488, 22.954492203314995, 23.709931357991803, 26.416213005239133, 31.08681578534418, 34.02824388499216, 29.194819276391485, 24.860852406316038, 20.892942422462614, 16.775973614595042, 15.82185259695141, 35.22813330092848, 38.67608891986078, 46.52850297764037, 51.24124262779261, 53.412207840402424, 52.52254614415876, 49.59370359635506, 42.85575871101189, 33.334992423761086, 39.145332824783466, 26.091943299678793, 20.179107881160608, 73.60264774906909, 66.21080679031408, 62.53527264842424, 59.62304808128195, 56.36518262405771, 55.16619709553717, 57.386319374659394, 64.86453434154913, 68.51944858719348, 71.71189764603689, 74.43564340415396, 74.12304478603647, 70.25040242435712, 65.63467865498428, 63.23289833536516, 60.262783718704775, 58.48274228153352, 61.116613416140765, 64.03942577358629, 66.80569241570677, 97.57573618672174, 97.04888117831369, 101.11881819541216, 102.0722993674546, 109.67712646680074, 107.83410321052423, 115.73101687583926, 97.24191544835577, 97.45198000915701, 91.64136323199959, 89.6214180267076, 77.35653602587988, 68.61496855669752, 60.62767460653559, 57.06603131399727], [15.9563629088458, 18.46917080557785, 27.080522579789594, 37.22309502748255, 32.50275892171422, 26.78582922980056, 23.924788545673778, 43.649482792705, 47.019231603995294, 54.216125744455496, 63.28078589615888, 71.57034641075593, 64.90819575970289, 56.756665642789294, 50.04777682880839, 0.0, 9.533169316132279, 19.118361302271747, 29.945559028261375, 40.18276913943863, 39.25038532505806, 28.679525897950768, 20.014976419923805, 10.78528375868869, 5.893829131795139, 38.59396679711104, 45.84720042763184, 54.47564687224627, 62.784571177205834, 69.09836045093472, 67.06879504944035, 61.17289197789965, 54.65233025845582, 47.54371996864016, 42.53892888015317, 19.82684568006081, 31.678665507214347, 43.71111563921043, 50.571536234971525, 58.37937956856948, 61.22331556418184, 64.11672109742085, 67.11027936602356, 63.63864156824397, 52.11831902144021, 40.6474315231108, 32.76431303022177, 78.05633887409252, 72.5867677420429, 71.26347384763635, 74.38345795642505, 75.26171458372343, 79.69578194756906, 88.90567507487076, 91.04691959397398, 90.42628883008622, 89.24152933768192, 86.61639297650486, 83.04649404090479, 77.79161083795046, 76.42384259944308, 79.16340846376839, 81.58002663467603, 85.75515751056713, 82.545678649672, 80.14975164028716, 77.28112033053269, 62.02584890846062, 70.76994578447015, 83.61236812288112, 92.74592104328121, 105.29239053321757, 109.23628966206125, 124.81152517038514, 117.14082632376984, 131.90031991810304, 130.7526488829519, 132.0568126598418, 121.71368277156928, 114.89012135729686, 103.91150880903643, 92.31875070096001], [16.79870400406853, 15.52292298263008, 21.99066433707477, 32.33166379002934, 29.194168368329642, 25.93098168171776, 25.598960765903627, 51.774251229737914, 55.38863260239905, 62.703513541868624, 71.66702635724317, 79.65336357745302, 73.31258068199115, 65.22448891104862, 58.308172838019, 9.533169316132279, 0.0, 9.75437104427579, 20.85669524743367, 31.575500884292577, 30.878947874443828, 20.193669933596198, 12.524708028581026, 7.651376909328283, 11.888453218527674, 47.3837953192193, 54.41216930820313, 62.71112527285889, 70.58121618377815, 76.67739885823836, 75.11318282207719, 69.48339365321489, 63.158909043199806, 56.187048266770965, 51.246010046354655, 27.523869922025682, 39.019935265398146, 50.2805311495843, 55.28473296004337, 63.54237204725582, 67.30178709948916, 71.03984918979819, 74.48717391595538, 71.45750455489264, 60.4340576184211, 49.469605949852856, 41.81044806505697, 81.3779794971615, 77.09241065211924, 76.47515190530086, 80.48965371151691, 81.88662107180433, 86.63366387665164, 95.8796071288098, 97.61476618004765, 96.52975878453726, 94.69070892560232, 91.31926002474984, 87.28346723879135, 81.94714093477339, 81.53322466036656, 85.02227929428159, 88.03473446220032, 92.54593197065189, 88.95399564534272, 85.96562834173051, 82.23572538494082, 53.683781740321514, 64.36426880927489, 79.1872027215451, 90.09602554714897, 103.75725637491375, 109.32842759411805, 125.79883405629079, 121.79557755621732, 137.24881380348222, 136.66855439942117, 137.9129486647687, 127.71967325904586, 121.28817126725119, 110.09153373419785, 98.40828834230943], [20.36153735172504, 15.808430590532224, 17.97454623175378, 27.35543972737258, 26.42558464722703, 26.206603359882333, 28.292212468203562, 59.45039393775708, 63.493712443145085, 71.02612943593482, 79.83271951230765, 87.32858853212001, 81.2584846785366, 73.20411726717768, 66.0743538778941, 19.118361302271747, 9.75437104427579, 0.0, 11.223990994897855, 22.27058777277792, 21.768196081716766, 11.365124799403175, 7.491116262920769, 12.247799470286976, 20.04658000422608, 56.432160281019776, 63.32501791137569, 71.33361710250455, 78.76964075308635, 84.54887603696959, 83.30378726004054, 77.9380009125022, 71.79152697191775, 64.87130107148283, 59.93917326640098, 35.123801183992654, 46.21580326534587, 56.6847407969058, 59.48539535184383, 68.02679512818399, 72.72552533781592, 77.26845484613877, 80.97754576451248, 78.37625797494975, 68.34960494760061, 57.78015322621456, 50.43324387507701, 83.6720265114492, 80.7388360365153, 80.87377997360367, 85.73563063005294, 87.61959106697734, 92.57736564617765, 101.69056026649606, 103.04571889295535, 101.51779256546342, 99.02644192290873, 94.94935504894882, 90.48446342944958, 85.11423325478937, 85.72183444270709, 89.92359655629278, 93.47999244691816, 98.23115953770511, 94.33832375325566, 90.8076478505621, 86.24883440909717, 44.80334954216586, 56.771214343835496, 73.32288885081553, 85.89077153935385, 100.57814287107811, 107.80345018361805, 125.02476661521246, 125.03247129139994, 140.97717809486974, 141.04292685156432, 142.31653397230792, 132.4721542141551, 126.70052393357442, 115.75672226442047, 104.69350510198582], [26.988387108634004, 21.026122663529645, 17.972198432198383, 23.7949101812852, 26.096978324608102, 29.212810780289807, 33.12831870792524, 67.5463234800576, 72.0432398240262, 79.78935494112197, 88.34079885165337, 95.16392627121667, 89.45129190372397, 81.49954014127067, 74.18897381249059, 29.945559028261375, 20.85669524743367, 11.223990994897855, 0.0, 11.298024022966361, 11.284663356182715, 5.65324449984971, 12.60364710172068, 21.466077358506983, 29.914259776119167, 66.2664491005689, 72.99486963231526, 80.64056530513398, 87.53904252229616, 92.87923669013728, 91.94885338728936, 86.91843403236774, 81.00577122016425, 74.15682504709815, 69.25332753175715, 43.913874396638434, 54.723386926002874, 64.45179330019822, 64.71852722435293, 73.36995971929598, 79.03992783872626, 84.31451962376218, 87.99797679504631, 85.7234377088846, 77.28593599465611, 66.92368694127073, 59.774325746298054, 86.36279463086899, 85.041106782452, 85.99082675288766, 91.62954020525976, 93.93977327681328, 98.94568815163733, 107.63647629808821, 108.7159700107796, 106.80698264497236, 103.68313206151967, 98.96136722781105, 94.10932783856157, 88.75956932357312, 90.49220546406794, 95.35152736515167, 99.35934792207092, 104.17823448921415, 100.13849010174441, 96.15555178925003, 90.81615089428684, 34.327533177374875, 47.39289853193628, 65.98647583916535, 80.43846566816666, 96.29983782222227, 105.50426243791252, 123.29074459849234, 128.15084118626365, 144.02574736379842, 144.74465545973925, 145.91060615554517, 136.48252370139264, 131.5275262462877, 121.05064284067377, 111.07036869743196], [34.0881254381879, 28.083833649408582, 22.14912705076751, 22.906512111717163, 28.12688978871759, 33.512265976354286, 38.284998844661736, 74.23885709695483, 79.20457032144539, 87.13881670546064, 95.33537912675925, 101.32881239576389, 96.01034142910368, 88.22772746799474, 80.80494208867863, 40.18276913943863, 31.575500884292577, 22.27058777277792, 11.298024022966361, 0.0, 3.5253662954453397, 13.108408035309935, 21.83579889596589, 30.91099112576902, 39.28332696090289, 75.01509197252383, 81.56423984635146, 88.81337958301043, 95.13741350841352, 99.95240557744802, 99.25403776258365, 94.59202423427004, 88.94673981461028, 82.18163706796655, 77.32747850967175, 51.8946964896662, 62.48948795464662, 71.59428935767362, 69.30982676026686, 77.87601857540346, 84.42037370074243, 90.25539143147272, 93.61119116703924, 91.54318190540566, 85.15866287902335, 74.86534349365951, 67.89736212368325, 88.13511558415638, 88.45000217278127, 90.15583358523259, 96.37554140847027, 98.98529138553737, 103.849615440202, 111.84506908436973, 112.79415486295292, 110.62889702413287, 106.99270507063855, 101.80608097974317, 96.68401551745404, 91.41343557278192, 94.20671283191153, 99.5582264320109, 103.84640100859197, 108.5285203450231, 104.53578809501664, 100.26980017960115, 94.32786714766635, 24.38356403272122, 36.99987987260812, 57.52251352058421, 73.68738388429274, 90.65908663130624, 101.82405922759543, 119.80701742311197, 129.64080315414975, 144.79371674976176, 146.09372842262806, 147.06396871165853, 138.136305460892, 134.13467817170965, 124.44940885643834, 116.08930952150956], [32.28452380940644, 25.991623669292263, 19.331774964455462, 19.608102274908322, 24.957480123686604, 30.76865725488847, 36.0292472605837, 73.08685802479037, 78.31100145234217, 86.37971743540655, 94.60416845359764, 100.52831308412532, 95.01370086359861, 87.11286238659727, 79.65670180227822, 39.25038532505806, 30.878947874443828, 21.768196081716766, 11.284663356182715, 3.5253662954453397, 0.0, 11.479882146238612, 20.204683374132173, 29.50081041859862, 37.98540226315122, 74.38697180109017, 81.08350457266619, 88.4999979204549, 95.00434298939147, 99.86490731036903, 98.93510637411649, 94.1616530832729, 88.41212832826245, 81.51276260293884, 76.5723724303088, 50.130523038740634, 60.189857877640684, 68.93151307435717, 66.30947972670921, 74.86098764937498, 81.4975972854797, 87.48366339362747, 91.04830920835857, 89.25425957042228, 82.85404823286659, 72.9498741255241, 66.50158381853623, 84.85668684345514, 85.24740982390213, 87.03911373556907, 93.39629358007343, 96.12263863352001, 101.10059676610848, 109.2487659197221, 109.97487217552587, 107.6729829591402, 103.91726696136844, 98.61216904611248, 93.4434063279697, 88.18764182926849, 91.07335575311897, 96.53951543172113, 100.96424142767319, 105.79846975100943, 101.64509527488558, 97.24383490696458, 91.17561054443733, 26.909871316701498, 36.61034122593562, 55.84442436017982, 71.49170480975364, 88.11999770390628, 98.91974233729312, 117.05063277189142, 126.51926667294791, 142.3931348589668, 143.94981415832615, 145.4220859572555, 136.88895725261528, 133.26028600995693, 124.22716192017913, 116.47393685726844], [23.85067143109097, 17.128652915082547, 12.829876820054468, 19.05254151788829, 20.893238263471652, 24.462084724609, 29.26489942314045, 65.74078872065351, 70.70616094173823, 78.69011897002524, 87.26978282233084, 93.9382000888888, 87.90442375497338, 79.75582629482054, 72.38604953829478, 28.679525897950768, 20.193669933596198, 11.365124799403175, 5.65324449984971, 13.108408035309935, 11.479882146238612, 0.0, 9.207912158755697, 19.044484126721333, 27.83394867232233, 65.47640613640634, 72.45345684901073, 80.36640254551531, 87.54250608072388, 92.92686191058402, 91.60561641470841, 86.40373822592564, 80.32674164750766, 73.25048659769833, 68.19956750176652, 40.96852140614182, 50.84680190754279, 59.991634801164885, 59.722643046179265, 68.37564032351317, 74.2001431862308, 79.73423963758091, 83.76904508850836, 81.95110138679422, 73.49498894364574, 63.78484428220087, 57.561494685578836, 81.02943798295789, 79.78820554714328, 80.86359800626047, 86.72586758355153, 89.22697744666532, 94.42341041431335, 103.36724188132929, 104.08708570804646, 101.95863462055082, 98.6458984838483, 93.74133487547012, 88.81884653169554, 83.48730791344549, 85.34946074891421, 90.39171714527656, 94.62166566584055, 99.69023409124014, 95.38794314274146, 91.18555919767023, 85.64645604528727, 37.36446045346222, 46.836891684241955, 63.495019571319304, 77.04261755734822, 92.29401852545669, 100.86793901198055, 118.8253760359777, 123.05802062325817, 140.05320143162263, 141.18306468221652, 143.14926380949538, 134.37079306024518, 130.04838976093072, 120.67988313250756, 111.79916241972623], [16.13651463582598, 9.806032738330977, 10.819352619630529, 20.741822380583294, 19.107842076590046, 19.34471752799073, 22.812109658932314, 57.953274318295726, 62.84078601049963, 70.79890201737999, 79.53183402373226, 86.53968999245437, 80.16313513167304, 71.87675434975222, 64.59169927043521, 20.014976419923805, 12.524708028581026, 7.491116262920769, 12.60364710172068, 21.83579889596589, 20.204683374132173, 9.207912158755697, 0.0, 10.03944212660215, 18.892230537993996, 57.190493405064686, 64.35897728874725, 72.57467192199529, 80.16452145312057, 85.80479697929728, 84.11399856668322, 78.6510825103628, 72.37809064179736, 65.16594907328056, 60.03725107604683, 32.259561499335355, 42.248975876822314, 51.950304406767984, 53.287688292782, 61.90528619359091, 67.09143655775698, 72.13952318317689, 76.15154227512011, 74.14263483727837, 64.8037499887753, 54.97623763124935, 48.88751400593793, 76.6446798207882, 74.16820330869416, 74.63651780375922, 79.92806791549928, 82.11644116747703, 87.26301256823648, 96.49404537249201, 97.41530824196941, 95.57247139325732, 92.73318240305174, 88.33847753454344, 83.71934004690446, 78.35429731093957, 79.36914586619903, 83.91794859509508, 87.80810544330406, 92.81355072019372, 88.63006777014333, 84.76923790963424, 79.816758506567, 45.63525821342311, 53.539308334666224, 68.0049436013486, 79.6599752750458, 93.79817808426198, 100.60224440391778, 118.00005678917549, 118.31280960712334, 135.33080788537794, 136.01865966363172, 138.2076274795483, 129.2790548136832, 124.55779592306101, 115.26028554768254, 106.15787241048999], [9.746457192845718, 8.391126257603624, 16.365192381470557, 26.62593604446097, 22.493183224827405, 18.379704210022584, 18.238748139532632, 48.820829718662814, 53.44343641783418, 61.29740971355374, 70.14435602944816, 77.49999781283249, 70.91481488472108, 62.58703261783771, 55.427611875398156, 10.78528375868869, 7.651376909328283, 12.247799470286976, 21.466077358506983, 30.91099112576902, 29.50081041859862, 19.044484126721333, 10.03944212660215, 0.0, 8.853631384186889, 47.38546349310765, 54.665381661463314, 63.0727097210275, 70.95771400562494, 76.78943435265035, 74.81246501740404, 69.16264373398953, 62.76245502409915, 55.48066988394727, 50.3195232805201, 23.03238657803429, 34.19099664140661, 45.12656837079457, 48.4933942317873, 56.88401769155383, 61.19163428419535, 65.382380900965, 68.84235310450337, 66.19880104261127, 56.39827799307126, 45.75699613275088, 39.12751086675969, 74.05957496368832, 70.20267497848573, 69.874346176573, 74.21961324013839, 75.82617749459185, 80.62802669796812, 89.7937761072326, 91.2930815331314, 90.01033558032492, 87.91362557187439, 84.34927792896461, 80.20828055782496, 74.84522339879051, 74.79196333822836, 78.53575519321686, 81.75954617364869, 86.36171584292025, 82.6427622514949, 79.44616670477781, 75.42205798462972, 53.72189177531397, 60.75560478354913, 73.590605934765, 83.4869930521614, 96.64504212658007, 101.80495880873791, 118.21578490639637, 114.60208966633323, 130.4926112848847, 130.39216505832542, 132.31821056962585, 122.90835390101134, 117.4830278753939, 107.90411923181973, 98.39672282868014], [10.646359256096188, 14.58015648172152, 23.765046740158056, 33.406910241654685, 28.1395084903263, 21.624759024176544, 18.128747376198223, 41.03552534714711, 45.323792824965686, 53.03476020161874, 61.98220736575494, 69.68396251930305, 62.890150661852715, 54.54245190123973, 47.55909313895488, 5.893829131795139, 11.888453218527674, 20.04658000422608, 29.914259776119167, 39.28332696090289, 37.98540226315122, 27.83394867232233, 18.892230537993996, 8.853631384186889, 0.0, 38.83542482852924, 46.2365609264538, 54.84375086454024, 63.03268176256981, 69.04595716342514, 66.75624774397582, 60.91543442374119, 54.38624497174589, 47.035239070341866, 41.8451268511717, 15.649470129326582, 28.102199317614218, 40.18794919420201, 45.594369655881465, 53.53462636742325, 56.870345956133896, 60.10748446886486, 62.9274381554105, 59.62079108750509, 49.451065224999276, 37.91856081523823, 30.61750150741502, 72.739995658688, 67.64999052983279, 66.5556702172218, 69.90381336424868, 70.90382721889382, 75.30375605293554, 84.32225361958977, 86.3938611542715, 85.67473786967729, 84.31772043481354, 81.5864147043368, 77.94556243383957, 72.6529447597525, 71.58114492512345, 74.49057468147589, 77.01666709396444, 81.16903950945368, 77.9523809462044, 75.44880977883231, 72.37883909563656, 61.30178701109944, 67.62515178792559, 79.12373765120175, 87.53951866958437, 99.783690807675, 103.51919763999413, 118.95707726900348, 111.85075831208, 126.58678801605537, 125.74357055644874, 127.41225936450518, 117.58023031445248, 111.50272904996419, 101.70397435459482, 91.87002133737022], [45.18894008192288, 51.950572979189396, 61.16731712260103, 69.25901750656959, 63.506780144620286, 55.10099823526855, 47.42535952072235, 20.55266205743779, 16.283182928251247, 18.891143883673347, 27.60046700029686, 37.85938639407527, 31.841258040803698, 25.94918059433488, 22.954492203314995, 38.59396679711104, 47.3837953192193, 56.432160281019776, 66.2664491005689, 75.01509197252383, 74.38697180109017, 65.47640613640634, 57.190493405064686, 47.38546349310765, 38.83542482852924, 0.0, 7.6794974430626635, 16.929541090107374, 26.369763978503656, 33.28202467275128, 29.977133507388277, 23.460111958798684, 16.69291769858466, 10.38620822016216, 7.4362049320505506, 31.795814861456513, 38.44538600045089, 49.05815435177073, 59.23505513060308, 63.283482661915535, 62.0766350260671, 59.82347653508183, 57.07535070973908, 49.3297068023567, 43.18260471118055, 29.19042627323373, 18.01216962621008, 86.16043554339778, 77.73551972949744, 73.87064573441369, 72.0309189