{
	"dissimilarities": [[0.0, 7.4392475401641285, 16.32452696898155, 26.552370275709137, 17.82607445229176, 9.883728795224858, 6.712367681278569, 43.57706110432626, 50.450280842668114, 57.78056742134547, 65.25859261556998, 73.77042185942435, 65.74150754245782, 58.56560482260181, 51.18673932143251, 17.093675396521924, 15.456020231875794, 17.265390029837178, 23.2965234340646, 31.387090006351258, 27.516028547549045, 20.244500551208613, 12.897393451907638, 8.331877749211815, 10.208792958455271, 47.78484840861569, 54.975905075404604, 60.87097724880148, 69.21285674699337, 75.41186423803491, 74.84755573250801, 68.53632733367101, 60.389377996468575, 53.98062575204475, 47.945686961541995, 19.565072922160653, 24.8860122164182, 35.14359334193053, 37.42901700489777, 46.2345450782417, 53.317642031922084, 58.553752088562845, 59.99174028684097, 57.51731408104167, 46.95056251543491, 37.70643726755628, 34.349982197070695, 66.6278001587786, 59.57530408962675, 59.87327006483644, 65.77279960488319, 67.69177871363625, 74.36619243761324, 83.17996960080822, 91.79991878987778, 93.66662337311676, 91.71660794541323, 88.89652327681007, 83.34181922837087, 68.96006770307415, 65.94069079868686, 70.14447113192661, 73.21750811659953, 81.84932970776214, 85.73667834653779, 84.95095061737372, 82.11321262095328, 59.46368654617641, 63.67678374383515, 74.02664444713731, 83.4633305917439, 91.29556413185983, 99.11393282621452, 111.95543094427151, 110.50539003537304, 134.20547865720198, 124.9399902946646, 123.40573680481435, 116.27395855669698, 108.92936536121894, 100.29101825563238, 92.63657953237362], [7.4392475401641285, 0.0, 9.638143489647682, 21.289570043179033, 12.587657604712202, 7.730166481035904, 10.75785199648132, 51.010105837148885, 57.811851445538984, 65.13617014995853, 72.65906223906957, 81.20322430855111, 73.17109141788043, 65.9893158055295, 58.61793783850129, 20.589756640723973, 15.636077513019366, 13.487105590291305, 17.463590877554676, 25.433434997785827, 21.016001103156473, 13.503804652342017, 7.964830027691737, 9.6295747509483, 14.856154440678988, 54.67178676363502, 61.88851286571786, 67.87525821937659, 76.29171492370735, 82.60199313064334, 82.12188606756551, 75.7225508339164, 67.50565847144559, 61.14848659518968, 55.052659188358, 26.010232027061544, 30.612894712794315, 39.47752893472632, 40.60403688723051, 49.48861160326272, 57.06786262728769, 63.173567926621445, 65.65795307141462, 63.793973645356836, 52.95573251153391, 44.18132534756835, 41.27693166444066, 68.24381232234407, 61.817458870775994, 62.89784303435845, 69.56476812695563, 72.11855842300866, 79.29291941625327, 88.29189845976985, 96.52406568257452, 97.47889286170577, 94.88033894055386, 91.38994722058246, 85.13639423371843, 70.88815419790583, 68.83940207806815, 73.73394764407955, 77.46587710520889, 86.69398064841155, 89.67613290955504, 88.24507510429333, 84.7034587585927, 55.11364583917969, 60.09357899064953, 71.64122436944822, 81.89116913315469, 90.21622574688406, 98.85808786313396, 112.53886248650635, 113.41440785116315, 138.83535195366522, 130.39958355237127, 129.28061729206598, 122.52514649337188, 115.64052341301819, 107.25866146251072, 99.40574768844952], [16.32452696898155, 9.638143489647682, 0.0, 12.420421094379368, 6.475755405184708, 10.831058721009363, 17.154602075582666, 59.35978622614742, 66.53683348401381, 73.86540420593224, 81.19582309680933, 89.21952312755188, 81.52704697596536, 74.3449092127646, 66.90876731343175, 29.805196072700966, 23.33167577970455, 17.437038542114916, 15.206376492298391, 18.68236316723602, 13.592665211398316, 10.595292451833032, 13.19454802156065, 18.830626794076853, 24.459247319232862, 64.03308447837529, 71.14438961659789, 76.9717855530625, 85.0739993229299, 91.11596447170709, 90.71011910968471, 84.62128060406037, 76.60466976348897, 70.25017083861367, 64.24506663720425, 35.48357590903541, 38.904328616527316, 46.2209094096032, 44.603430297976075, 53.16052967989371, 61.94271376309803, 69.07517793861933, 71.76538941631374, 70.52918151094406, 60.76222249283599, 52.8937454586535, 50.60421668518541, 68.35217470850723, 63.44283416964337, 65.86115670054258, 73.44224037543245, 76.66140559770713, 83.94333302225462, 92.53962521952542, 100.0064872629229, 100.07448650451829, 96.72696814885072, 92.39799134141249, 85.14159226330565, 71.30554397421568, 71.13759007086445, 76.8788035669119, 81.32196156886106, 90.61186719312134, 92.69052233918622, 90.53782853907846, 86.0411932512624, 48.593155970162684, 52.18545524447434, 64.55539569867342, 75.74273758494309, 84.81722767853138, 94.6810293265455, 109.52745014775553, 114.6730250356313, 140.76617104340423, 133.5169646246129, 132.86232006463678, 126.74151753425677, 120.85976364851962, 113.50312376472249, 106.83593899636558], [26.552370275709137, 21.289570043179033, 12.420421094379368, 0.0, 10.956599441840478, 19.28956084408116, 25.240387406187114, 66.75701761028404, 74.565223692224, 81.8171202575163, 88.67059397607707, 95.616145139094, 88.61589941541709, 81.51101169434621, 74.0620464462038, 41.70811285441604, 35.34147580923179, 28.75165648992595, 23.128255350633278, 18.55287853033089, 14.972563351688512, 20.04588989332242, 25.42572239996783, 30.78852912866649, 35.91261334700943, 73.66401048556574, 80.54230960381734, 85.96893327183948, 93.39710544494211, 98.77943477419248, 98.39036221596956, 93.00239308506332, 85.46441632322887, 79.0974592871886, 73.36439384104857, 45.855454657501085, 47.89875359695497, 53.81788287786548, 48.66086224021139, 56.348957003816395, 66.67148891042092, 74.63592980491825, 76.52077654425355, 75.82583767312136, 68.39864716332357, 61.76855687069345, 60.2166656765486, 66.31695253344942, 63.73578908348688, 67.77179819040174, 76.09370907921804, 79.79792087905365, 86.6164532453535, 94.12115352303314, 100.48077689881235, 99.92322897186608, 95.93091067177488, 90.81628847324883, 82.4943634119056, 69.44991466512991, 71.82715113875958, 78.30829397972772, 83.28863208234505, 91.88276613309989, 93.27175995719894, 90.51891695864954, 85.05079798965248, 42.92006463204486, 40.74317412655786, 52.67195073115458, 64.71029537548115, 74.71083572879662, 86.01363492455869, 102.1210930540733, 112.9197532908622, 138.03558510567328, 132.1875129980584, 132.00088593150014, 126.76972166434176, 122.40010178233966, 116.92778025558374, 112.95935649197995], [17.82607445229176, 12.587657604712202, 6.475755405184708, 10.956599441840478, 0.0, 9.131432614395507, 16.112910886431727, 59.105428726555175, 66.77827077262988, 74.09193871411722, 81.20347517334022, 88.82233217296094, 81.18188903705432, 73.88651870840627, 66.47945465262957, 32.97287725633312, 27.85956034259368, 23.244027353849027, 21.6383389395354, 23.470880799287485, 18.417710811400994, 16.87980510217369, 18.16485631801036, 22.070220898472087, 26.839107253150186, 65.17496022449245, 72.4354256253627, 78.21753625295028, 86.29016412837831, 92.0491060796308, 91.37234049234264, 85.4825663296157, 77.51503564826774, 70.95247034421736, 65.02436958284653, 36.329594043279606, 37.66965870884015, 43.52330945359717, 39.99941202443717, 48.26442071524917, 57.678588105892, 65.34063531251704, 68.13553898150269, 67.48436050525503, 58.61861451043805, 51.93427480441724, 51.10520010318751, 62.140470376599204, 57.64790245875746, 60.54758682223093, 68.474065250544, 72.00016624593418, 79.34776272519714, 87.83930474231458, 94.94506809097551, 94.52318651036472, 90.90470925645519, 86.34212296846971, 78.88505640040964, 65.15550153841676, 65.52189996298749, 71.56033069183961, 76.30767903605694, 85.72715025283769, 87.29485219131112, 84.86027503535229, 80.07866885731872, 51.87369879492757, 51.30205829483391, 60.78746794144407, 70.93440673286418, 79.34716706144937, 88.69817669978188, 103.32752489558055, 108.66538950574352, 135.79845756188038, 129.26345907856444, 129.34240695686472, 123.94033194551923, 118.80751148023705, 113.03344343419006, 108.27048622965265], [9.883728795224858, 7.730166481035904, 10.831058721009363, 19.28956084408116, 9.131432614395507, 0.0, 7.374445813154644, 50.48121039995226, 58.02857251473561, 65.3470049297466, 72.56004976667727, 80.51055319008623, 72.59681688439036, 65.2585976357275, 57.88424136240863, 25.680298321547628, 22.63628240965068, 21.154790089303273, 23.67979744697365, 29.041875719590667, 24.272505227899348, 19.134749309741817, 15.360751546954821, 15.51675583624728, 18.945485059041083, 56.263506035270375, 63.62871180585948, 69.4980446175091, 77.78575662779014, 83.67003383228925, 82.86276963918317, 76.79016968546878, 68.69381675258033, 62.06921242104539, 56.1027839274691, 27.345298946199893, 28.842464411457925, 35.92709893662511, 34.50911605139632, 43.20832743232714, 51.73117353664556, 58.52138577068938, 60.96453935016271, 59.77346446817448, 50.19734274467633, 42.95152958691383, 42.024527604088675, 60.684690148300845, 54.68249549973935, 56.302650078992514, 63.39065896582677, 66.2826051698203, 73.4997247306326, 82.334699302837, 90.16357106940484, 90.63649937837513, 87.76043616636039, 84.03270647908737, 77.56454042286381, 63.37425390317935, 61.90441441010456, 67.13581391003632, 71.20192914395652, 80.52179888767598, 83.00300392851541, 81.2876023661858, 77.43897599130374, 57.764869379188646, 58.283634269064294, 66.82312004761599, 75.92020661180592, 83.52377447002019, 91.57664138209292, 104.98286491721782, 106.12866434330525, 132.49031103176128, 124.8534469502062, 124.55254250357929, 118.63192177269367, 112.67679538057271, 106.25803045177729, 100.91502639572687], [6.712367681278569, 10.75785199648132, 17.154602075582666, 25.240387406187114, 16.112910886431727, 7.374445813154644, 0.0, 43.131953290938604, 50.75464581300882, 58.06531355912633, 65.22445638136553, 73.13930161129684, 65.24737521132725, 57.92554811757311, 50.537003070870156, 22.57312925326265, 21.961886285646525, 23.181867334313388, 27.75574628992458, 34.00677036324582, 29.80279328260281, 24.013555653591556, 18.0527731309996, 14.445236639610375, 15.350562110290197, 49.4936558259084, 56.777212865646725, 62.5205739111698, 70.6881401558067, 76.45432099666189, 75.59099850400627, 69.62244512000262, 61.629495486071384, 54.988122842022655, 49.11176865856919, 21.398068030185833, 23.33048544222029, 31.99401412243398, 31.94920275510325, 40.62988717477408, 48.605446140257385, 54.42476076366999, 55.69114949448838, 53.785614750171135, 44.4731679527432, 36.69413689070762, 35.32381775794209, 60.062710228292474, 53.34395048979054, 54.063428374950256, 60.29436494528942, 62.469153562222075, 69.14203988526404, 77.78701268472098, 86.07882737657778, 87.59741697769736, 85.44558468903779, 82.45953143643244, 76.75464370210933, 62.40217311855805, 59.832631392816566, 64.2900397062901, 67.6155508079785, 76.27540507299973, 79.80484419684262, 78.81627256109938, 75.75015815974426, 61.49130513643457, 62.065275645300034, 69.89801589423409, 78.32336848263537, 85.52964282738768, 92.81290858387405, 105.37877364889955, 104.11997515326377, 128.4861175063253, 119.88412277458212, 119.0479547293243, 112.64330933531762, 106.13577861046545, 99.29354474400702, 93.99758938584628], [43.57706110432626, 51.010105837148885, 59.35978622614742, 66.75701761028404, 59.105428726555175, 50.48121039995226, 43.131953290938604, 0.0, 9.111255678497452, 15.68708642336014, 22.17182817890902, 30.568455015317344, 22.187479988683283, 15.052250925379697, 7.668026297857748, 41.217323065013986, 48.9824301193023, 56.474711338018295, 64.58126312584866, 72.40521795176224, 69.75768907738362, 63.00701888612269, 54.56212430688258, 46.188091694713755, 40.203377081969876, 17.929764924764797, 21.598816148218077, 24.68172459144316, 31.069221020976453, 35.47379018719942, 33.64336346955551, 28.6587434785087, 22.343941618657933, 16.26287947131504, 13.890996562598994, 29.0561188154704, 30.441786040547704, 38.55028081857134, 46.18875238114547, 49.93398608113426, 50.587362441509654, 47.57677195544848, 40.0458841989926, 32.16361920994789, 28.89216829252974, 21.727311485969864, 16.913560575368955, 73.46073338898414, 64.45091124877055, 59.885483251388486, 59.03927856690207, 55.893108781315405, 57.307873002764175, 63.318991287407776, 73.88010140286478, 82.01453448687755, 84.69953100018276, 86.57336715066063, 86.125025960638, 73.55896843979059, 65.22399556644609, 63.88918366524548, 61.63045684329609, 64.3519046384017, 74.22719224128393, 77.96411022927161, 80.16525216083514, 94.00443228993586, 95.27033101736745, 99.75730967121196, 104.53799304126001, 109.1266972905135, 111.90902718434923, 118.99343480182847, 103.1019218395163, 114.11466759197172, 99.2345173612685, 94.68322621761544, 84.8655227648014, 73.68913339274147, 62.904599602997834, 57.21446151553185], [50.450280842668114, 57.811851445538984, 66.53683348401381, 74.565223692224, 66.77827077262988, 58.02857251473561, 50.75464581300882, 9.111255678497452, 0.0, 7.33630257813144, 15.070921089346598, 25.497875182769725, 16.53090555765307, 10.831724256349863, 7.37427358096335, 45.516473437228264, 53.75473743016503, 61.821249269056125, 70.42594628715666, 78.89304130264227, 76.44109691914484, 69.22533536615192, 60.51238950899278, 52.00052160393719, 45.78324390893062, 13.089296029121728, 13.86866483779509, 15.908750924999673, 22.521481407360064, 27.551977841692633, 25.639650275140692, 19.78991976158996, 13.299128638388831, 7.832137017696251, 8.65171868969218, 34.433104799596926, 36.857771763826214, 44.747261515856195, 53.961117879601076, 57.42249186616803, 56.68106857112108, 52.41222628489861, 44.95276090459745, 36.68789576063857, 33.07202763315659, 26.1227915959322, 20.02956772020712, 81.5386774143522, 72.13472973450435, 66.91604793963877, 65.2006392407501, 61.47372758030699, 62.360310183078106, 68.12472220422352, 78.90167508901982, 87.73232924638215, 91.0335654592347, 93.51239055097852, 93.74737971147394, 81.48172672071865, 72.37726922836171, 70.36274572234242, 67.44808959755869, 69.58856382727485, 79.99238083677474, 84.26649196972596, 87.15761457646545, 100.15929953856612, 103.20243944298022, 108.54575529451637, 113.493352859856, 118.08884314121457, 120.64464593013727, 127.2416241681281, 109.18915823857158, 118.48715839424744, 102.45338928851999, 96.9693386542761, 86.21648032864697, 73.55817641772416, 60.218226709587825, 51.22963268624013], [57.78056742134547, 65.13617014995853, 73.86540420593224, 81.8171202575163, 74.09193871411722, 65.3470049297466, 58.06531355912633, 15.68708642336014, 7.33630257813144, 0.0, 8.147609499535065, 19.561900664410658, 10.624324850343532, 8.03179731148801, 10.47507306203179, 52.40259461717614, 60.73810721605491, 68.90849205173636, 77.56613122102446, 86.03797763424936, 83.6753107873695, 76.46443858957178, 67.73486131184289, 59.21305135107322, 52.96413137996874, 16.795763860918502, 14.032975370642818, 12.920253885161003, 17.31349449499173, 21.44665226110429, 18.924120327417338, 13.556915879508912, 9.521890156566288, 8.18183452062445, 13.10575022761242, 41.528907214922434, 43.538946833088985, 50.5017118674971, 59.797103003230255, 62.572621161305655, 60.959473771682624, 55.64983862528229, 47.339873682650335, 38.8118249514305, 37.006081420544284, 31.696413130791218, 26.656797589763574, 86.2271169831683, 76.8344189131868, 71.17178836806302, 68.55309018829723, 64.19465167531884, 64.12397924729564, 69.11368755708396, 79.87020302041957, 89.54698286038835, 93.52954410363294, 96.67164464234514, 97.63411421416761, 85.90635214271663, 76.3585587542575, 73.61415417096072, 69.9639014045009, 70.99435157220485, 82.05542480110888, 86.93626282144984, 90.52301451291592, 106.7155302890062, 109.73886128492677, 114.67349355347886, 119.17873811993667, 123.42094940679928, 125.39748605782702, 131.20278482971213, 111.22651823716524, 118.13787568880863, 101.17039894744266, 95.02133812089973, 83.7294178798565, 70.17054268180598, 55.88925828440547, 46.58279783128653], [65.25859261556998, 72.65906223906957, 81.19582309680933, 88.67059397607707, 81.20347517334022, 72.56004976667727, 65.22445638136553, 22.17182817890902, 15.070921089346598, 8.147609499535065, 0.0, 11.924395112814064, 4.490422373285281, 9.065799225372576, 15.34606904856843, 60.47551519304474, 68.71491520314908, 76.74684395552205, 85.20357955538181, 93.29608743462477, 91.02044247311385, 84.11213091265924, 75.52339580756339, 67.04787106037914, 60.85041375663276, 24.557407102429483, 20.389262102460844, 16.783528039297284, 16.28956824428447, 17.112602885208375, 13.549034519840374, 11.917529028507252, 13.762359145372933, 15.625387420116532, 21.142290417492827, 49.406069038038645, 50.70059080068359, 56.69613441193987, 65.22157222534038, 67.16788395297263, 65.12722831373625, 59.020054203216525, 49.297486907385384, 40.62646895792546, 41.81526716256234, 38.38364346846081, 34.58910989543586, 89.54612617573518, 80.52532610088517, 74.64163096548083, 71.16369965895838, 66.16889445428978, 64.78751640673431, 68.46530891879625, 78.95827248961899, 89.67104501900954, 94.39592570300208, 98.22981845960976, 99.90556994428647, 88.90533082378484, 79.26013718654741, 75.79604565730496, 71.36949154419898, 70.7813940199902, 82.63128853130833, 88.17214462718765, 92.42814757020939, 113.0420926934318, 115.14615484671486, 119.10269921576429, 122.89515571875195, 126.66215887119348, 127.94836164353202, 132.82779529810367, 111.40989108978377, 114.86440861680802, 96.94939466255002, 90.05497256937811, 78.28558003408081, 64.01718670536879, 49.533462179584774, 42.256470159767524], [73.77042185942435, 81.20322430855111, 89.21952312755188, 95.616145139094, 88.82233217296094, 80.51055319008623, 73.13930161129684, 30.568455015317344, 25.497875182769725, 19.561900664410658, 11.924395112814064, 0.0, 10.08210356448459, 16.85303092675137, 23.297242141161902, 70.71712416638832, 78.54781480053745, 86.09111167618941, 93.95295109513661, 101.08472490835712, 98.9850659206805, 92.85284471121113, 84.70065370004326, 76.42608507934958, 70.44084313407113, 36.27475391056686, 31.96330778464097, 27.46610403050615, 22.99498069057143, 18.82115686392667, 15.456223312692469, 20.092752381437368, 25.12594484565852, 27.421092854626053, 32.65136807433877, 59.28569364490105, 59.78212940562366, 64.88576613210547, 71.49390393914287, 72.45311931483144, 70.69851765370404, 64.23117313121062, 52.37827999463302, 43.820767848100935, 49.36612954122315, 47.82856238740707, 45.159886200916354, 92.12747556868639, 84.14500649923592, 78.4603024896901, 74.25155741306203, 68.6559810807629, 65.37743786938944, 66.69424631909459, 76.40990511797835, 88.54776238970582, 94.12196467906637, 98.679281990806, 101.00549756353612, 91.08629221805343, 82.01771744061236, 77.89244584988327, 72.65144523332073, 69.48837005165974, 82.36463828169542, 88.64629786822735, 93.49407474390401, 119.02944281754685, 119.13963441524113, 121.45933281641629, 124.21252246387529, 127.41174129036496, 127.9376652510314, 131.72477417693472, 109.99950155730458, 107.47967884719385, 88.36501330248116, 80.20727078062748, 67.73577758194178, 52.763734316959656, 38.86543295620976, 38.27088142295721], [65.74150754245782, 73.17109141788043, 81.52704697596536, 88.61589941541709, 81.18188903705432, 72.59681688439036, 65.24737521132725, 22.187479988683283, 16.53090555765307, 10.624324850343532, 4.490422373285281, 10.08210356448459, 0.0, 7.528893382758787, 14.720593892900485, 61.92969823511939, 70.12969401436642, 78.00470895679551, 86.29821686601225, 94.09935701200918, 91.6978679536678, 84.9830508765533, 76.45431680988519, 67.98647053463539, 61.83383019700923, 27.2214847662388, 23.996298387903813, 21.0257394937435, 20.63591945331727, 20.48990479517816, 16.72518598761787, 16.283939068566735, 17.747875364422445, 18.519822074702258, 23.433585283011737, 50.22389673955794, 50.518344782184606, 55.72755096778524, 63.50367934462357, 64.95198011348121, 62.87138079449869, 56.590137040286606, 46.110570535273894, 37.42186830732886, 40.33186949215687, 38.11323935747605, 35.64745747534826, 86.58015641994797, 77.76441017604083, 71.8433378166141, 68.07309550524872, 62.88138642888247, 61.030568966751474, 64.29631414031363, 74.70526952935586, 85.64224439659428, 90.54595091845843, 94.57160642959211, 96.48476089332189, 85.79866422916297, 76.16403439494182, 72.45764400444214, 67.79430776837444, 66.69575427015495, 78.74628265833172, 84.460743707641, 88.90238073873515, 113.92086834486115, 114.71058366418514, 117.57290491498317, 120.7565169165494, 124.08319668958899, 124.8865921630662, 129.309322953053, 107.36142102650032, 110.49995948564803, 92.68554408479434, 86.14211660851323, 74.76151964417696, 60.93172479554684, 48.338068969392474, 44.41867659816071], [58.56560482260181, 65.9893158055295, 74.3449092127646, 81.51101169434621, 73.88651870840627, 65.2585976357275, 57.92554811757311, 15.052250925379697, 10.831724256349863, 8.03179731148801, 9.065799225372576, 16.85303092675137, 7.528893382758787, 0.0, 7.474473026282588, 55.23116477986256, 63.42263983539742, 71.23429011414835, 79.524548323452, 87.37552207683606, 84.79561694502542, 78.00904740032374, 69.4350940226936, 60.951670876623496, 54.81537410700631, 22.72299000305043, 21.64479648158268, 20.88325500554006, 23.725588357415692, 25.67372584080663, 22.47872750930506, 19.605697530168033, 17.301452602522424, 15.121178223071306, 18.444583457769845, 43.10553190643327, 43.09140373705791, 48.56951297897846, 56.366913390067666, 58.2386233877093, 56.652707690532225, 51.05743323382258, 41.204792218345496, 32.476884898844055, 33.979598864323556, 31.060644653599702, 28.856812431084638, 80.58739055935212, 71.56613003869118, 65.85484781276668, 62.749822566769936, 58.04238829578959, 57.173365097325075, 61.49547473342975, 72.13764222308129, 82.19830632174946, 86.46609245891972, 89.91547175859392, 91.25002436101964, 80.01833889586582, 70.51265868390027, 67.36478122632795, 63.31523463473519, 63.49007960618714, 74.92906700689649, 80.10100870369644, 83.97944677136816, 108.06836770819872, 108.60745631996673, 111.53156214022034, 114.94530473667238, 118.42398392472158, 119.57299856726837, 124.61655722433353, 103.87965286982235, 110.247583605715, 93.50832457883583, 87.97153293167807, 77.36590064581014, 64.63668930362199, 53.437638839756886, 49.534602681828886], [51.18673932143251, 58.61793783850129, 66.90876731343175, 74.0620464462038, 66.47945465262957, 57.88424136240863, 50.537003070870156, 7.668026297857748, 7.37427358096335, 10.47507306203179, 15.34606904856843, 23.297242141161902, 14.720593892900485, 7.474473026282588, 0.0, 48.53401260509621, 56.491753061688826, 64.09816433864435, 72.23635588367651, 79.97084982406594, 77.36109363424679, 70.67280735099874, 62.20395164926711, 53.79266924434449, 47.750744783063865, 19.842383139934373, 21.06522691224426, 22.276863151253004, 27.058178574591842, 30.29408309806847, 27.84436599535199, 23.844619417637617, 19.204449595847887, 14.582984972850722, 15.29916207666273, 36.299610159345136, 36.712414353415674, 43.265603778647964, 50.80582547209976, 53.47374618698821, 53.01185463205763, 48.62474090120503, 39.56896813490204, 31.04780235733349, 30.681343113602328, 26.00497956272733, 22.927498726084995, 76.28736928477346, 67.31509856127141, 62.156474623168336, 60.10523497360051, 56.10314151762929, 56.264766504732656, 61.36027445358942, 71.99469417868927, 81.19159172070313, 84.71067967486093, 87.41162266181436, 87.88690918512978, 76.01406663092686, 67.09149567890823, 64.7882694868803, 61.56445014358713, 62.88752516307192, 73.66631231729268, 78.17503469176565, 81.25101947175202, 100.98349509967635, 101.6166655557342, 105.10558928072437, 109.08619389193655, 113.05711465552933, 114.9511047798936, 120.95202603625161, 102.63797845006206, 111.1541920958486, 95.33242887519786, 90.29748375616417, 80.10385237504511, 68.22793585225784, 57.4342791722922, 53.02460771241848], [17.093675396521924, 20.589756640723973, 29.805196072700966, 41.70811285441604, 32.97287725633312, 25.680298321547628, 22.57312925326265, 41.217323065013986, 45.516473437228264, 52.40259461717614, 60.47551519304474, 70.71712416638832, 61.92969823511939, 55.23116477986256, 48.53401260509621, 0.0, 9.531664971880467, 18.860765966207687, 29.194773744490263, 40.96953115783333, 37.83037875625769, 27.92778200420343, 18.394611090085952, 11.012566733908312, 7.233090241045593, 38.69404849254952, 45.81637572179857, 52.292660622716916, 61.599256901071634, 68.98256524683288, 68.63946282972653, 61.1500742495276, 52.42098798357547, 46.6194262739928, 40.37669521316821, 14.222932028722171, 24.882601505787353, 36.862211602326454, 45.51993048752149, 54.030286083101515, 57.724853896904996, 60.785888292682806, 63.1686068199755, 59.6713804157724, 45.67004479515378, 34.02254191486894, 27.515147762396495, 78.52333315166956, 69.54444056030123, 67.81618301039369, 72.13756860905745, 73.11948189516666, 79.89432669998747, 89.6401624505277, 99.37468945292767, 102.09359500508403, 101.03157656818931, 99.21993313550335, 94.99432907614901, 80.55597071446711, 74.92659055156881, 77.86056359584364, 79.93823762500273, 88.86087922974967, 93.59809373865026, 93.63754999778062, 92.08100235121691, 68.88127793550801, 78.71146704651491, 90.96006771717457, 100.53581283007661, 108.09206550122622, 115.15377862574388, 127.01585134166069, 120.28983459645303, 144.08121343639266, 133.0787026703941, 130.59623964428977, 122.14354694382828, 112.6422915005069, 100.63019585674755, 87.75538239712999], [15.456020231875794, 15.636077513019366, 23.33167577970455, 35.34147580923179, 27.85956034259368, 22.63628240965068, 21.961886285646525, 48.9824301193023, 53.75473743016503, 60.73810721605491, 68.71491520314908, 78.54781480053745, 70.12969401436642, 63.42263983539742, 56.491753061688826, 9.531664971880467, 0.0, 9.463630034282877, 19.91384187401238, 32.1209335206424, 29.22220122428709, 19.21871016590421, 10.674367320088528, 7.76122912285554, 10.547985295268287, 47.52438491433328, 54.35468048959417, 60.58985319814836, 69.44552121641033, 76.65287434542324, 76.5888753657719, 69.40061851047786, 60.936157964213216, 55.24956905634419, 49.09279855009496, 22.408255355609327, 31.84748679146733, 43.01022114311544, 49.33289037774035, 58.20069359746854, 63.27101006045889, 67.49870296230357, 70.14722611539119, 67.07434477238341, 53.77026358047507, 42.66191931079383, 36.50677416810209, 80.59002286595793, 72.61713907697991, 72.02528591471196, 77.35224017209215, 78.97969222363655, 86.01223403595853, 95.55085285846496, 104.79846074692026, 106.8656733282055, 105.14660148857276, 102.57246577728772, 97.3861302591805, 82.95326598647621, 78.80508150038555, 82.59360241864377, 85.36336101987696, 94.48524289803146, 98.5858707763459, 98.00372014376627, 95.5773652508332, 60.47153250125027, 72.01523010529257, 86.27854387625838, 97.10445706597989, 105.62101510244607, 113.99938663996835, 127.09304867514216, 124.179486724336, 148.3573710161473, 138.08196018399173, 135.65166718881827, 127.38808628694886, 118.45735387135734, 106.5458850350586, 93.76480673592238], [17.265390029837178, 13.487105590291305, 17.437038542114916, 28.75165648992595, 23.244027353849027, 21.154790089303273, 23.181867334313388, 56.474711338018295, 61.821249269056125, 68.90849205173636, 76.74684395552205, 86.09111167618941, 78.00470895679551, 71.23429011414835, 64.09816433864435, 18.860765966207687, 9.463630034282877, 0.0, 10.509727353042418, 23.058150326250846, 20.288337879667452, 10.446060617919702, 6.33586820398365, 12.027542382187729, 17.727888627740107, 56.40617037998409, 63.1135101491401, 69.1506101927167, 77.61937278808153, 84.5564555321486, 84.63361737045724, 77.7814085538351, 69.53836166591793, 63.83098073056027, 57.73530368605512, 30.49249252118936, 38.58745900184842, 48.76160459999877, 52.653806906880604, 61.62722260058762, 67.99472196845056, 73.30014186243345, 76.11352735305267, 73.52528713390838, 61.07779580091427, 50.64298740008186, 45.12317023746513, 81.52733386135819, 74.69300790732721, 75.24445952832396, 81.4916425508736, 83.73340760312742, 90.94612956735938, 100.20506154890177, 108.88382699154839, 110.25697444608303, 107.88407162144635, 104.56349362265065, 98.45558183061051, 84.18309363016726, 81.58044090090259, 86.17068386984751, 89.59969625717916, 98.8451081918739, 102.25950050393247, 101.05779351688135, 97.77747448041008, 52.24285314993152, 64.69791240632954, 80.58164720251986, 92.47810404550117, 101.82517994456566, 111.4110029463987, 125.63013867436264, 126.56868568011795, 151.17093536966303, 141.79202620937585, 139.59557221349056, 131.72284631931132, 123.57091143416623, 112.27521104688272, 100.32516815506995], [23.2965234340646, 17.463590877554676, 15.206376492298391, 23.128255350633278, 21.6383389395354, 23.67979744697365, 27.75574628992458, 64.58126312584866, 70.42594628715666, 77.56613122102446, 85.20357955538181, 93.95295109513661, 86.29821686601225, 79.524548323452, 72.23635588367651, 29.194773744490263, 19.91384187401238, 10.509727353042418, 0.0, 12.929522158782435, 10.867601977591978, 5.554487559013252, 12.943041088597495, 20.92120553819579, 27.05607917583272, 65.92130836956001, 72.45510858450487, 78.23770318828919, 86.22849360412445, 92.8158875510439, 93.0467607082606, 86.61409898064004, 78.6642290906628, 72.96756391463573, 66.98114429136294, 39.79767831139356, 46.90000341376052, 56.225300903907424, 57.67823081790685, 66.52573472405467, 74.15136788455618, 80.35838307036335, 83.00776422658754, 80.79882485020468, 69.48066069265693, 59.65672255801411, 54.53488721165756, 83.41281726404026, 77.97310072664395, 79.70888279244289, 86.75666998605233, 89.51250531270938, 96.7028367991756, 105.46537022696987, 113.49010974439167, 114.28756855627654, 111.3151553507219, 107.28000605493497, 100.2486434890025, 86.31446824753966, 85.43540735116372, 90.74983112681257, 94.74133294865756, 103.84376213177545, 106.67514355041456, 104.91460160188056, 100.8006638075816, 42.86806887359926, 56.32510167512472, 74.23702301586725, 87.3863023933172, 97.7309531322575, 108.7114030035184, 124.13460349845079, 129.4974449627089, 153.86610788472046, 145.3982053275307, 143.34230108856687, 135.8593937918515, 128.56105921514447, 117.93784795496106, 107.03301335994706], [31.387090006351258, 25.433434997785827, 18.68236316723602, 18.55287853033089, 23.470880799287485, 29.041875719590667, 34.00677036324582, 72.40521795176224, 78.89304130264227, 86.03797763424936, 93.29608743462477, 101.08472490835712, 94.09935701200918, 87.37552207683606, 79.97084982406594, 40.96953115783333, 32.1209335206424, 23.058150326250846, 12.929522158782435, 0.0, 5.623524692228974, 14.898974304286353, 24.108255219535753, 31.733193989005834, 37.710667476476736, 75.88728278307752, 82.19105471763169, 87.57766067192425, 94.86361298069708, 100.84097551112679, 101.1921740138093, 95.43632670607981, 87.95040622177297, 82.24358552376546, 76.46821932073343, 49.8982811505616, 55.94892009783826, 64.49773144794507, 63.06630308701265, 71.48610783331918, 80.56529393685534, 87.55941086545454, 89.42887390359157, 87.53573921457921, 78.0989789277791, 69.05815728074948, 64.37844783715718, 84.37863977190366, 80.82607490785877, 83.90538851000832, 91.64407967718526, 94.79930382043783, 101.60630084429673, 109.42198311364993, 116.56254754844514, 116.96140094216652, 113.46015165892173, 108.74664318037918, 100.75870845002642, 87.4398374488307, 88.68789322179998, 94.65342064822015, 99.09267742585276, 107.5567998819366, 109.9473417795744, 107.70858341050325, 102.75434943586069, 31.58058420323484, 44.37918613895648, 64.55677066632252, 79.11569475877236, 90.68122225227982, 103.29137192128793, 120.00041802698037, 130.86413683081426, 153.7668856744122, 146.3621945320754, 144.40342159367754, 137.46421469054917, 131.37130667121107, 121.96480946936926, 113.14394787337832], [27.516028547549045, 21.016001103156473, 13.592665211398316, 14.972563351688512, 18.417710811400994, 24.272505227899348, 29.80279328260281, 69.75768907738362, 76.44109691914484, 83.6753107873695, 91.02044247311385, 98.9850659206805, 91.6978679536678, 84.79561694502542, 77.36109363424679, 37.83037875625769, 29.22220122428709, 20.288337879667452, 10.867601977591978, 5.623524692228974, 0.0, 10.770608355368797, 20.128636770624436, 27.982275460766395, 34.141798453627395, 73.37858593388164, 79.99775779318296, 85.59937975223929, 93.24827935295008, 99.33340805722919, 99.44455183456702, 93.49285165508273, 85.7569216154432, 79.82597922856817, 73.92114863243825, 46.31390462241251, 51.58599006636642, 59.585095537157464, 58.07905212629812, 66.52603399214814, 75.49108862007931, 82.6588227685192, 85.07754628601477, 83.50578295111153, 73.76311902773607, 65.09990873699141, 61.200237687645874, 79.85269124183476, 75.97080167832357, 78.9567559114398, 86.77043995715816, 90.07210835225008, 97.16828647503309, 105.33304692404509, 112.52389631397295, 112.58808273060914, 108.98964559107517, 104.25479641695587, 96.36952525909147, 82.9461952358062, 83.89499276875956, 89.91304528354759, 94.4863173116359, 103.39495991098603, 105.46725180915035, 103.11058469088145, 98.16429044173397, 36.8304335310641, 46.48676725200523, 64.37601182012136, 78.04474042935473, 88.89338394991931, 100.79208788772205, 117.08116618830493, 126.5054369593068, 151.03005162973045, 143.8586317360049, 142.44555936964144, 135.84920303369103, 129.87392686485526, 121.1345375057218, 112.83820192048799], [20.244500551208613, 13.503804652342017, 10.595292451833032, 20.04588989332242, 16.87980510217369, 19.134749309741817, 24.013555653591556, 63.00701888612269, 69.22533536615192, 76.46443858957178, 84.11213091265924, 92.85284471121113, 84.9830508765533, 78.00904740032374, 70.67280735099874, 27.92778200420343, 19.21871016590421, 10.446060617919702, 5.554487559013252, 14.898974304286353, 10.770608355368797, 0.0, 9.909100163633122, 18.44961611400641, 24.876951740661678, 64.99886602886973, 71.87467519621148, 77.82697629155277, 86.09555455157933, 92.65996784762969, 92.61581480367306, 86.10633311585266, 77.96260393297362, 71.9874749279619, 65.8949811936162, 37.498192378968696, 43.366674541892344, 51.89692706750223, 52.82085721797073, 61.63548660944221, 69.35705249103063, 75.89952824137174, 79.05066808323646, 77.28081098211136, 65.94317314250704, 56.73557521764972, 52.722976459644705, 78.41166044144926, 72.8884032369296, 74.71069772178035, 81.94198194902835, 84.92526587435508, 92.37431388358043, 101.36225868539807, 109.28295667349279, 109.64312899615831, 106.48524792281152, 102.33120837389441, 95.28522523304152, 81.35928362963486, 80.46084129160981, 85.92417346624875, 90.1319865275142, 99.61784274746687, 102.01889095315133, 100.05614014086272, 95.8298060330888, 46.166145001124484, 56.42673193743677, 72.34318778425522, 84.713176704293, 94.44570422351846, 104.87171473974443, 119.98988829627531, 124.64440040225702, 150.51098181473688, 142.5090928887313, 141.0970882419197, 134.12580271036498, 127.21817673887394, 117.66377869733071, 107.89834687455422], [12.897393451907638, 7.964830027691737, 13.19454802156065, 25.42572239996783, 18.16485631801036, 15.360751546954821, 18.0527731309996, 54.56212430688258, 60.51238950899278, 67.73486131184289, 75.52339580756339, 84.70065370004326, 76.45431680988519, 69.4350940226936, 62.20395164926711, 18.394611090085952, 10.674367320088528, 6.33586820398365, 12.943041088597495, 24.108255219535753, 20.128636770624436, 9.909100163633122, 0.0, 8.775235612094816, 15.252059469805447, 55.773473145939924, 62.870770397422845, 69.03525551211594, 77.70816798517482, 84.49492215854521, 84.2483663047038, 77.43071867591424, 69.03764102969609, 62.97005020884195, 56.779312396877636, 27.935937948415518, 34.34288576954986, 43.68386743739178, 46.73850234195413, 55.70757281914111, 62.36682721890197, 68.1131250058452, 71.30939459752663, 69.2165779483213, 56.98867093029064, 47.33924561643738, 43.27527821261377, 75.37319309174279, 68.531700484982, 69.23742066052827, 75.71938819290976, 78.21054189784326, 85.64499765608274, 95.04989970172291, 103.56266794857504, 104.50104469109978, 101.93033614755268, 98.47569312872923, 92.32239120256226, 78.06396667990069, 75.53793530079133, 80.30927529946932, 83.97641716892488, 93.54349694478063, 96.52734180440706, 95.1148331609581, 91.6897884124062, 54.530965894805576, 63.620795781368486, 77.40663139336183, 88.4612929769234, 97.18445186524491, 106.20523752788446, 120.10842761043176, 120.56780379896037, 146.49498018654202, 137.67726697102228, 136.18443653145175, 128.92786081743114, 121.3422771637091, 111.44815108992262, 101.20740258995448], [8.331877749211815, 9.6295747509483, 18.830626794076853, 30.78852912866649, 22.070220898472087, 15.51675583624728, 14.445236639610375, 46.188091694713755, 52.00052160393719, 59.21305135107322, 67.04787106037914, 76.42608507934958, 67.98647053463539, 60.951670876623496, 53.79266924434449, 11.012566733908312, 7.76122912285554, 12.027542382187729, 20.92120553819579, 31.733193989005834, 27.982275460766395, 18.44961611400641, 8.775235612094816, 0.0, 6.48980018183341, 47.224437086541016, 54.46490660505781, 60.70851672857066, 69.56959188621538, 76.40043092000309, 75.984982122861, 69.05699315512781, 60.558597729846184, 54.39351014595747, 48.16845013817523, 19.18835081475912, 26.594287199261327, 37.22587221865152, 42.1186844581894, 51.03389466431879, 56.82199620136353, 61.62614928610245, 64.23087369805819, 61.63273637806201, 49.08972779894988, 38.89671067304635, 34.505392873462675, 72.88685959408608, 65.11247570562611, 64.82771050479775, 70.46595885336153, 72.33536852934711, 79.44524930114271, 88.91550585680064, 97.90622442981002, 99.64111595729352, 97.73105966975533, 95.00392037596593, 89.68984244344543, 75.26382375146132, 71.42922492647703, 75.44564520639936, 78.45411079849346, 87.68189074435384, 91.45497272620844, 90.68300689667974, 88.05488504474975, 60.9531949031072, 68.75007661149618, 80.82019142298705, 90.79101252739858, 98.75578375408473, 106.64929660366188, 119.48648132248952, 116.6882450291013, 141.59627057766895, 131.95493260834036, 130.21365681562392, 122.64748184824877, 114.5141873022427, 104.39243707973002, 94.13881645853132], [10.208792958455271, 14.856154440678988, 24.459247319232862, 35.91261334700943, 26.839107253150186, 18.945485059041083, 15.350562110290197, 40.203377081969876, 45.78324390893062, 52.96413137996874, 60.85041375663276, 70.44084313407113, 61.83383019700923, 54.81537410700631, 47.750744783063865, 7.233090241045593, 10.547985295268287, 17.727888627740107, 27.05607917583272, 37.710667476476736, 34.141798453627395, 24.876951740661678, 15.252059469805447, 6.48980018183341, 0.0, 40.85395120854781, 48.20014233275712, 54.513581363953044, 63.53914838288454, 70.43099040092471, 69.8918369647959, 62.84848356543637, 54.25885330244473, 48.03950178498017, 41.78586383969414, 12.84201460753343, 21.716013907562548, 33.52394264342884, 40.118411541026276, 48.812428359382416, 53.71663567784348, 57.60422764949757, 59.6667725593586, 56.582937207820116, 43.73956869923991, 32.95389315905001, 28.0365838013142, 72.22289502916752, 63.77231030071206, 62.659478684130946, 67.52185893637663, 68.83366548679771, 75.62264572650743, 85.1123501586476, 94.48634673984317, 96.89013095148736, 95.53323919350065, 93.40785538107468, 88.78911955753908, 74.3324127562262, 69.46120631480233, 72.81061303942103, 75.23426461355601, 84.12443221873518, 88.55855812681955, 88.32465596335064, 86.36347529247755, 66.02905305558401, 73.21730752151878, 84.22812043978533, 93.4523757770951, 100.87881148258388, 107.95399226496272, 119.970820280396, 114.67906658188154, 138.66098404962548, 128.33262100517933, 126.34053739940683, 118.48269446253907, 109.85326561361303, 99.42134909844748, 88.98546374114107], [47.78484840861569, 54.67178676363502, 64.03308447837529, 73.66401048556574, 65.17496022449245, 56.263506035270375, 49.4936558259084, 17.929764924764797, 13.089296029121728, 16.795763860918502, 24.557407102429483, 36.27475391056686, 27.2214847662388, 22.72299000305043, 19.842383139934373, 38.69404849254952, 47.52438491433328, 56.40617037998409, 65.92130836956001, 75.88728278307752, 73.37858593388164, 64.99886602886973, 55.773473145939924, 47.224437086541016, 40.85395120854781, 0.0, 8.075852353335094, 14.873361639350733, 25.23693669646245, 32.86115945734498, 31.68708689705183, 23.376321012567843, 14.157986411679241, 8.969140402708279, 4.544178678561284, 29.861551680689082, 34.68783116432552, 43.797836197883356, 55.79391359122503, 60.40490346803806, 58.973409304593076, 55.204966326680946, 51.22163462972612, 43.92559111555472, 34.684972407648836, 24.82970620920453, 15.399854517696621, 86.7802221