{
	"dissimilarities": [[0.0, 7.355444944890961, 16.188560447130996, 25.23922874038086, 16.259837466479237, 7.427384152504091, 1.0606112356108628, 42.01366234326054, 49.31649623700941, 56.63699322628706, 65.07310669113299, 73.18588202336701, 65.12294534627765, 56.66667755293341, 48.316198596211706, 20.19316876990813, 19.049518793637098, 21.63391602078759, 27.00527324524936, 34.54708341307514, 30.040183817392528, 22.537090217686398, 16.922162427237662, 12.234574535075339, 13.274608292446485, 48.75835582250117, 55.984761279672405, 62.03758530317505, 70.24217875468734, 76.32814163791129, 75.34878780218394, 69.14432764076479, 60.85952121479174, 54.52457040577081, 48.23451160899865, 18.234174758026946, 23.830320102285786, 32.17255928060878, 33.57105305029037, 41.50326763952473, 49.619678729032074, 55.483847290723126, 57.18968813431565, 54.45007191496831, 46.2812583536202, 37.8769985916564, 35.29278277900223, 61.483587204703625, 54.500375175889566, 56.635501087684055, 60.06972195511018, 62.36784208423275, 68.83180089555127, 77.60425440651699, 80.47201949882432, 81.11899593415745, 79.7212815956733, 75.32898374322743, 67.97188645078896, 63.18995846662106, 62.033003177868764, 65.14109922336627, 70.38828627662193, 75.39169163718223, 73.09236894282098, 69.76812193167873, 64.80603438766514, 60.51084096195148, 64.08580302845021, 70.87049332120117, 76.56132848237893, 87.22238204512317, 100.01611625101668, 100.6238943009799, 107.66252851346461, 119.87473325399671, 118.67759698056976, 124.84693674996889, 116.53115289473926, 111.38151697399132, 105.7617167489076, 93.76132148061849], [7.355444944890961, 0.0, 9.353736533627403, 19.357368464410573, 9.482428344378455, 1.059879960152562, 7.436128257732652, 49.33551885168618, 56.64888029127006, 63.95311442265891, 72.40369824882445, 80.52850662969465, 72.45086247226799, 63.98319676885173, 55.649708608340745, 23.60216354264912, 19.45947879322576, 19.49385032784632, 22.528386414004064, 29.494819115074463, 24.332546370995654, 17.298325069948422, 14.03578705089672, 12.906259746948768, 17.291115855058607, 55.58881165835908, 62.901079296201125, 69.05384466847981, 77.37405912702859, 83.55414103125867, 82.62789949395538, 76.34110891996197, 67.98135568939739, 61.626353451200735, 55.32055665802659, 24.655284967745335, 29.20601825874212, 35.84809186890633, 36.006886531043726, 44.008372271651524, 52.77654170623431, 59.458776094781, 62.28885265925335, 60.31445102693145, 51.903179775153674, 44.29907129166625, 42.1639855441214, 62.30189402686703, 55.912186241135956, 59.24225270982853, 63.24645112180751, 66.24580528207876, 73.2506926768222, 82.18023026764115, 84.52160824436945, 84.38695340988527, 82.21399413485837, 77.07038216187328, 68.93797336226096, 64.79773891041367, 64.11845196767285, 68.11876481417902, 74.21286937114556, 79.59137904875656, 76.79921011510498, 72.59068692644934, 66.71161252889596, 56.634296883114075, 60.35972356321952, 67.65071608954449, 74.24472323307876, 85.288522408631, 98.91703223101015, 100.43303388983936, 109.59004184504612, 123.91559155799101, 123.6314381140398, 130.18990650908094, 122.34946895159113, 117.73968912867609, 112.53078962871922, 100.70578607045697], [16.188560447130996, 9.353736533627403, 0.0, 10.555147538347203, 1.0723916196856433, 9.383093947588135, 16.20687838036672, 57.971839834275286, 65.25705027599882, 72.63182423898134, 80.98970410148428, 88.74185406213998, 81.02265951323048, 72.64277918642885, 64.22005568287616, 31.504977849953605, 24.93141450106245, 21.548229686310336, 19.373383877372866, 22.739893075043735, 17.125472607104832, 14.679083091277395, 17.210005764003334, 19.984383263558524, 25.810265709120223, 64.63800402018639, 71.79441375834283, 77.75615663784124, 85.80887276048205, 91.78936614057558, 91.05938606454478, 85.01493848475245, 76.8660401633569, 70.5908567162609, 64.31617274322086, 33.96216423109978, 38.1586379626433, 43.44358038953392, 41.35090760024136, 49.1101797884285, 59.09523851132917, 66.44270255831219, 69.4686239823893, 68.11880459406267, 60.43822216836198, 53.39820896596242, 51.39064355630798, 64.2950014026162, 59.225401680434835, 64.16590346441279, 68.73467313251246, 72.33796654260753, 79.4405821109227, 88.01137460407922, 89.84790148809354, 89.06334488244036, 86.05374443504942, 80.17186354699852, 70.98472134932292, 67.83912165697105, 67.94341505441461, 73.01610011351391, 79.71701188682012, 85.18193072550157, 82.0392633225488, 76.99200001429776, 70.1175088139993, 49.95560833087349, 52.83085402209101, 60.95032739083009, 69.01932076897694, 80.92568936617724, 95.69522974732003, 99.1236229209633, 112.05801391985375, 127.48762010178814, 128.033087519396, 134.46624297333253, 127.11310002827675, 123.26385426743796, 118.62325842361251, 107.81203148433346], [25.23922874038086, 19.357368464410573, 10.555147538347203, 0.0, 10.37836004694562, 19.282702876188445, 25.181608862806424, 65.53817555516505, 72.71342467404531, 80.15875057252573, 88.28013631435195, 95.31672820188108, 88.27883851186058, 80.12366837818284, 71.60794283670494, 41.3063627001344, 33.90823611190641, 28.82238826562478, 22.45507193451818, 18.81705927443167, 14.38579290527745, 20.20813201935565, 26.061898981703564, 29.85149250927868, 35.67963653351758, 73.41601404630124, 80.2427022870872, 85.78400739538725, 93.23151549615912, 98.71134572293995, 98.22176559521485, 92.72000602124805, 85.02057380300795, 78.90809214243185, 72.7274151046387, 43.436041997125336, 47.56054738223644, 52.070492675804985, 47.52121418094413, 54.80426236362845, 66.18080467631896, 73.84934316146156, 76.11162031870242, 75.15802822572873, 68.9809424327498, 62.30469073717759, 60.35829738590474, 66.33404441832833, 62.972894747782355, 69.41037274251458, 74.34973709485793, 78.2730100816018, 84.9714030269385, 92.70990829694617, 94.17885821971014, 93.06625705581989, 89.41489431838535, 83.07328943563651, 72.91022316944593, 70.8363851015309, 71.80456415129447, 77.78703939853442, 84.64159479868826, 89.84836225008453, 86.60775416510981, 81.03170415894067, 73.42097948169446, 42.973889325196126, 42.73141684103689, 51.470938310895114, 61.209490460609864, 74.28468555937242, 90.149814253297, 96.06542435624787, 113.47356647551936, 128.52492645513308, 129.6438985436496, 135.49577207112569, 128.63284663698522, 125.70448624155406, 121.89349849617874, 113.05176406711487], [16.259837466479237, 9.482428344378455, 1.0723916196856433, 10.37836004694562, 0.0, 9.391496143950922, 16.20824491853853, 57.95778847877737, 65.26150126341489, 72.63953037755213, 80.98023658397311, 88.6950668672348, 80.9989371896454, 72.63438604599399, 64.20563845896037, 32.05946837759558, 25.734177398140762, 22.544172686387448, 20.427960670935583, 23.480969211673568, 17.879566190217645, 15.724169384162648, 18.08842325777125, 20.59309064028491, 26.250213815679043, 64.8609161603435, 72.03814139380957, 78.00349204682017, 86.03654557565845, 91.96944370660826, 91.19614850206564, 85.18446396173448, 77.03183261547149, 70.74082438080303, 64.46218003340975, 34.104124672565476, 37.985738275438926, 43.00106282697762, 40.59370079825039, 48.317669888474335, 58.439003066393205, 65.84920407249908, 68.8839058264408, 67.6489677461407, 60.10603931977373, 53.25679155715193, 51.49247465109726, 63.28930447010421, 58.29287243423389, 63.34451320290408, 67.95677374198857, 71.61383040842128, 78.72587556746078, 87.27114497091061, 89.04966135793428, 88.20237015854669, 85.13390612061751, 79.21208527033866, 69.97833143570364, 66.88084841074044, 67.03249646149422, 72.1797002892585, 78.9306957270064, 84.40941748631998, 81.22902775454779, 76.11418187997003, 69.17839797532305, 50.50892218891043, 52.74541379855911, 60.383769350009025, 68.2283480063327, 80.01927662456556, 94.73552006891393, 98.0833937173835, 111.0623578025868, 126.65872021118001, 127.32855329602533, 133.8896113397937, 126.65709152113223, 122.93908990969494, 118.54177071414303, 108.04488217803329], [7.427384152504091, 1.059879960152562, 9.383093947588135, 19.282702876188445, 9.391496143950922, 0.0, 7.356034495527939, 49.30299584504846, 56.64008603432652, 63.94720103806625, 72.38165583432038, 80.474169154927, 72.41318009151806, 63.95947295084132, 55.61987961334381, 24.264157848705363, 20.40866990568072, 20.53842130073334, 23.42210451594361, 30.08733206829514, 24.876252686546763, 18.15256562535558, 15.021827342863352, 13.737016358228482, 17.86260848245177, 55.814409927927436, 63.151553288793934, 69.31119519205102, 77.61392778267445, 83.7458377362446, 82.76964192229447, 76.5137754274186, 68.1460925085563, 61.7726091596743, 55.46282949248243, 24.79302656272505, 28.917053820225235, 35.25006285894454, 35.100627844775104, 43.09276056734428, 51.99721530215728, 58.75321766896298, 61.61242614309644, 59.76096540890167, 51.4723690710368, 44.0854358430748, 42.248791316606784, 61.258370509731925, 54.90589333348649, 58.325518005993544, 62.37367495735115, 65.42926542071737, 72.45843888473442, 81.38059029723966, 83.66572865169469, 83.46808470160222, 81.24185056824966, 76.0620461381527, 67.89714579377429, 63.784267609332055, 63.13726932794668, 67.20258820842095, 73.35312465599903, 78.75511030431583, 75.92144978687945, 71.64654174219639, 65.71302904271147, 57.16543123142036, 60.346817520036076, 67.2018657502786, 73.5664041333805, 84.47823544080039, 98.03507006575909, 99.43755728395433, 108.57603250440476, 123.08827148736539, 122.92957101912508, 129.63180820059387, 121.91309136194893, 117.4327583398653, 112.47417149174592, 100.96652965425754], [1.0606112356108628, 7.436128257732652, 16.20687838036672, 25.181608862806424, 16.20824491853853, 7.356034495527939, 0.0, 41.97595383998773, 49.306751268009485, 56.6307001124226, 65.04877466886293, 73.12580872154832, 65.08119407466958, 56.64024263081794, 48.282151737466066, 20.967252521809936, 20.021875357554023, 22.58237538327521, 27.756494266023672, 35.05404974055745, 30.482454835073042, 23.201286894549106, 17.752219060313283, 13.113004750553934, 14.015797416102483, 49.01692021434192, 56.267207679367715, 62.32472216689003, 70.50664972860542, 76.53791055307704, 75.50430090837507, 69.3354176666018, 61.044345658148664, 54.690850084352505, 48.39877692166737, 18.42343746465363, 23.47862611243865, 31.507738768661106, 32.598557554815734, 40.532245331303685, 48.791803850623246, 54.72880281478758, 56.45296320191312, 53.83703601373824, 45.7995133003992, 37.62892285997723, 35.39595626219125, 60.42588953299501, 53.4680620775709, 55.67679677191415, 59.15103023750723, 61.500682764208925, 67.98846103354943, 76.75681371157796, 79.5724880177844, 80.16273968896938, 78.71841198266213, 74.2971334870291, 66.91592957952074, 62.150407348214586, 61.01868664095788, 64.18297944051598, 69.48152672045481, 74.50829897098603, 72.16968914309263, 68.78546851896303, 63.77780421891687, 61.00671625487995, 64.07110512552335, 70.43947699889024, 75.9010915717699, 86.42785376682505, 99.14160545746923, 99.62861495397097, 106.62961808102514, 119.01761741590174, 117.94440051909913, 124.26252385628815, 116.07058063140407, 111.05490269777334, 105.69959058542156, 94.04041931419036], [42.01366234326054, 49.33551885168618, 57.971839834275286, 65.53817555516505, 57.95778847877737, 49.30299584504846, 41.97595383998773, 0.0, 7.430392368420526, 14.730313593975486, 23.084437833722482, 31.78519202170396, 23.120000892090687, 14.67901913313383, 6.374486423875496, 39.84267535197495, 48.49253653380907, 55.60323330655616, 64.57613033738109, 72.76356907939831, 69.83560239142042, 61.833612831122146, 53.638645840888366, 45.94087487807476, 38.951403910808295, 17.933731910163626, 21.90440287736703, 25.95154361984986, 32.39343250924854, 37.27431385037953, 35.087091584835214, 29.693103683873584, 22.46170241495869, 17.030925631926824, 12.773098478707544, 27.796446408720126, 29.41070016907909, 38.036763617586956, 45.153326326614845, 48.366263032875096, 48.574832904378965, 46.82619150802843, 40.10498318113765, 31.427946369836288, 28.57689939645367, 18.322088504639147, 14.142081361001322, 70.88513060593255, 62.28894246569011, 56.91292012147178, 55.78586452887418, 52.81212390675029, 54.087660156648674, 60.42830921553174, 66.56489839684365, 72.22807713420787, 75.97898313451726, 76.7466876030234, 75.24721193423981, 67.9038389653238, 64.17462957851068, 61.02018502979949, 59.64039424884418, 61.23759877451758, 62.70123573579389, 65.78985412249082, 67.4400925640745, 93.49157948259804, 96.07088849159226, 99.76164551281335, 100.7882054283582, 108.32935603628138, 115.89427097854842, 111.06386541228964, 104.39956315456301, 103.62598857496297, 96.53390564102114, 100.45855997708529, 89.35249957585428, 80.24460504481584, 71.91950590237339, 58.68109518412135], [49.31649623700941, 56.64888029127006, 65.25705027599882, 72.71342467404531, 65.26150126341489, 56.64008603432652, 49.306751268009485, 7.430392368420526, 0.0, 7.4517774498191365, 15.769352235872276, 24.762657504054143, 15.884381018174238, 7.4782502300883875, 1.587300657368037, 46.084789144507866, 54.92696002865829, 62.11827379051199, 71.23327899298076, 79.4381874286745, 76.72469850683606, 68.73046299313638, 60.48075616743615, 52.83050485905832, 45.751873342200554, 17.325478888287186, 18.51725384787077, 20.88456221524478, 26.065249381217242, 30.395126358935787, 27.902588858706746, 22.958934432715665, 16.796273493120818, 12.831561812079853, 11.463371872271306, 34.77061517061492, 36.240766965659496, 44.20973843870272, 51.506165509803786, 54.06908399485419, 53.21848295282962, 50.32476799189089, 42.43147999842063, 33.15407873270838, 31.99402902463602, 23.301549644812855, 19.44115271702753, 75.99203246609511, 67.49296629888417, 61.33567128621943, 59.55310881038475, 55.80747878548345, 55.958609549982896, 61.41810094779676, 68.024959650932, 74.49843231752385, 79.04599073455194, 80.61919830215128, 79.96724017437597, 72.50209226920964, 68.5547693108619, 64.56609714929972, 62.04572631479827, 62.86366572033241, 65.0341470417433, 69.15436312637782, 71.7661028580594, 99.34991898802723, 102.15688177826755, 105.83585029844569, 106.5362765882161, 113.79050227557715, 120.69330034752275, 115.36494584607802, 106.89489046410802, 103.40916629502146, 95.01882986784017, 98.069205742184, 86.27191908222308, 76.11940025732127, 66.67071519544143, 52.62502524567509], [56.63699322628706, 63.95311442265891, 72.63182423898134, 80.15875057252573, 72.63953037755213, 63.94720103806625, 56.6307001124226, 14.730313593975486, 7.4517774498191365, 0.0, 8.64554560429641, 18.704946830251775, 8.883623428060929, 1.1015586236628532, 8.654521941072538, 52.44885565014134, 61.5965537066043, 68.96815505365117, 78.3154673814663, 86.70609248510348, 84.04326269157671, 75.8599322232714, 67.45112531032134, 59.76948845676063, 52.573473255798824, 19.171142820471246, 17.58428430525195, 17.91312094522183, 21.385841315376375, 24.969920651999356, 21.708985589657498, 17.236396851545976, 12.789388168776568, 11.644234663936874, 13.945682096032236, 41.56186418556614, 42.43692554463749, 49.58432658466201, 57.27991139004967, 59.1829201961279, 57.048341506029864, 53.04731962968403, 44.50808151408552, 34.9912872153531, 34.99387117087432, 28.056657153741053, 25.137772436785127, 80.6752940613022, 72.14177093202987, 65.11394693186602, 62.68436669396227, 58.24733147855676, 57.47845828909023, 62.25154713863054, 69.20124519446905, 76.31651452684736, 81.61858529018957, 83.96042173377151, 84.25293465393266, 76.63316055463028, 72.40608780405385, 67.56090709214908, 64.04368448434818, 64.22368112153589, 66.98542852622398, 72.04737812876886, 75.61083865637931, 106.31629915730791, 109.26033038043907, 112.69129950948602, 112.92303112348746, 119.71606995381748, 125.90657069264506, 119.76417651074047, 108.98877306902983, 103.55191584721278, 94.14042659586735, 96.77554776808661, 84.57033918854535, 73.53099773561233, 63.34453340564126, 48.596868064952766], [65.07310669113299, 72.40369824882445, 80.98970410148428, 88.28013631435195, 80.98023658397311, 72.38165583432038, 65.04877466886293, 23.084437833722482, 15.769352235872276, 8.64554560429641, 0.0, 10.870701622224255, 1.078468413799869, 8.520770018459773, 16.77828779308243, 60.99293645295715, 70.11655531391156, 77.42920044458917, 86.68306478937346, 94.82213934105272, 92.30317371364978, 84.35416218747349, 76.02433525754911, 68.3777690482935, 61.1987788266236, 26.104775395411718, 22.369478955850468, 19.94338418198105, 19.301118803793994, 20.15325831042884, 16.01177337606169, 14.61371121021765, 15.22904629494004, 17.53132056999375, 21.637323209566265, 50.199294478403125, 50.66692161481851, 56.98067312629812, 64.20651947032228, 65.41467845249294, 62.63251978786926, 57.70560119957624, 47.96860490120489, 38.53736718922088, 40.795863263646794, 35.67704239553195, 33.657457507081446, 85.72590172615517, 77.53392083313115, 69.94799263120409, 66.92877868972616, 61.81465522228866, 59.721145095434146, 63.170585694766885, 70.46395098166641, 78.3727206118018, 84.45035515153148, 87.6563645761817, 88.82284013547188, 81.22124867489653, 76.89496189937975, 71.32524306300965, 66.6113499250386, 65.83875736468916, 69.3475413763367, 75.42271666780472, 79.93528715962039, 113.63942725687616, 116.07719989131351, 118.95612299585746, 118.54111856793988, 124.81112904604511, 130.08994877324542, 123.32982303618628, 110.66950345040756, 101.9861239047104, 91.19676812954026, 92.9039890011601, 80.1839524764872, 68.21666107284804, 57.483795836674155, 43.65430608578701], [73.18588202336701, 80.52850662969465, 88.74185406213998, 95.31672820188108, 88.6950668672348, 80.474169154927, 73.12580872154832, 31.78519202170396, 24.762657504054143, 18.704946830251775, 10.870701622224255, 0.0, 10.564314118825745, 18.39739761498256, 25.47406950327556, 70.54256643775918, 79.17894872721246, 86.07505628540223, 94.7414076048147, 101.96775286241927, 99.75884043174442, 92.68770897202728, 84.80694425068523, 77.32276662015389, 70.3599899630108, 36.502378111343106, 32.00854140757614, 27.906452436203725, 23.149120388719933, 19.397592693163087, 15.933915060423633, 20.123518611877447, 24.61725906710611, 27.89829730805253, 32.01443190889693, 59.50090605630406, 59.97991408871812, 65.73088744906025, 71.38549890207857, 72.03476020955928, 69.78205611667379, 64.48766007152113, 52.986351462583514, 43.978275489973676, 49.263593629307444, 45.29251671603918, 43.748225756253724, 90.23658487356094, 82.94636480381129, 75.49116368126697, 72.15689560642303, 66.5899139380367, 62.90207669950379, 64.30052641738145, 71.85000775529069, 80.5989722899764, 87.24360252323531, 91.2143484626949, 92.84784427221192, 85.57041508306106, 81.49284601602908, 75.64874694568076, 69.75676922407324, 67.76259980696513, 72.07223153796329, 78.97634430961006, 84.14147889308329, 119.17468616135163, 120.23783998231896, 122.27732552593172, 121.13166136928395, 126.94211166854944, 131.20407776369524, 124.46511867726348, 111.41768601300213, 97.76709573849222, 85.16608006733459, 84.92883218462583, 71.39499813189617, 58.4550834786278, 47.37071840010062, 37.890138259253106], [65.12294534627765, 72.45086247226799, 81.02265951323048, 88.27883851186058, 80.9989371896454, 72.41318009151806, 65.08119407466958, 23.120000892090687, 15.884381018174238, 8.883623428060929, 1.078468413799869, 10.564314118825745, 0.0, 8.62617046862923, 16.81334951117983, 61.324477236470216, 70.44192252182229, 77.74292354203051, 86.94936119784302, 95.0196445556416, 92.46605922270857, 84.56987318330559, 76.26078143259856, 68.59439038075277, 61.42587340871179, 26.734594137087125, 23.226443084633452, 20.96955143121264, 20.35310998542105, 21.002024002110964, 16.837146047446698, 15.665098810634074, 16.15792850992141, 18.23216640297565, 22.157577881806194, 50.34267909792778, 50.589729464983805, 56.69648460389043, 63.760877571131225, 64.86121072825063, 62.06349392503025, 57.075313892254364, 47.16702103975028, 37.75736791309566, 40.37083249225146, 35.53572225238739, 33.88029451470021, 84.99985998302186, 76.85642753968868, 69.23434972522625, 66.1706084734679, 61.00823342529677, 58.80484690412329, 62.16300942991883, 69.46999973728052, 77.42068978374498, 83.53958945452537, 86.80646029179948, 88.0452051376448, 80.45083602041387, 76.1231449711829, 70.50421930584713, 65.70224298096018, 64.86591045270995, 68.4182898925006, 74.5570772688014, 79.14188805661084, 113.88789113903367, 116.03672275810634, 118.66437249450586, 118.079747717225, 124.22346266387166, 129.38191009829347, 122.49803111263127, 109.67608598098387, 100.94167881971909, 90.19285395182756, 92.0432175345051, 79.43190674127118, 67.60027439644888, 57.28625667982872, 44.21785690105921], [56.66667755293341, 63.98319676885173, 72.64277918642885, 80.12366837818284, 72.63438604599399, 63.95947295084132, 56.64024263081794, 14.67901913313383, 7.4782502300883875, 1.1015586236628532, 8.520770018459773, 18.39739761498256, 8.62617046862923, 0.0, 8.527731851085141, 52.82889500908036, 61.95561963935482, 69.30423129952001, 78.5874507534742, 86.88840144040033, 84.19265134745764, 76.0813298321666, 67.70405858327554, 60.0038041626676, 52.8246879022662, 20.00261569410206, 18.631966518097066, 18.998579235607988, 22.26796359686321, 25.57419197399038, 22.2400544943838, 18.06683339037071, 13.823616949158568, 12.616846664421388, 14.688376137751648, 41.71860876408988, 42.34134053419778, 49.264157666727826, 56.76716186042743, 58.560176968407646, 56.43308487186055, 52.37526803257319, 43.63117233860407, 34.108811615309456, 34.50791839199683, 27.872285435682862, 25.416016624395454, 79.88334697423898, 71.40089405851434, 64.3427261353454, 61.872213428760205, 57.387557309598776, 56.51253999899735, 61.203134790996685, 68.16761374089369, 75.3240653402954, 80.6618134827305, 83.05952381664177, 83.41334444287901, 75.79932217227665, 71.57349103632775, 66.68522479928491, 63.083983127825626, 63.20518524280513, 66.0069292067458, 71.12683072662846, 74.75605757304196, 106.53238311746998, 109.1560774192096, 112.32107301772577, 112.37664549401967, 119.04545431326716, 125.1167566187868, 118.86110040689884, 107.95755918143001, 102.46532186521627, 93.09892173777679, 95.86243180448218, 83.76101379801126, 72.85815243328081, 63.057001927518165, 49.01474749197611], [48.316198596211706, 55.649708608340745, 64.22005568287616, 71.60794283670494, 64.20563845896037, 55.61987961334381, 48.282151737466066, 6.374486423875496, 1.587300657368037, 8.654521941072538, 16.77828779308243, 25.47406950327556, 16.81334951117983, 8.527731851085141, 0.0, 45.66403252974775, 54.41401382499998, 61.53907100137348, 70.5344162173243, 78.60094587568274, 75.84605264890595, 67.97137486407352, 59.791587268233464, 52.1339727908827, 45.10518853880343, 18.282951748022914, 19.916702550802075, 22.43782283406594, 27.5663796393568, 31.73542506610438, 29.254911235932212, 24.49148941564694, 18.369018072880543, 14.256942614400641, 12.428211535341841, 34.03857742815744, 35.30840478990905, 43.153215124891986, 50.15052604826253, 52.70566904268493, 52.091947325542165, 49.32798533833445, 41.328959024793754, 32.108321830120694, 31.187499721316698, 22.55932219209901, 19.14823909873652, 74.5138666785066, 66.07863654599251, 60.039423456987755, 58.32359751933375, 54.64622382576691, 54.83711933371518, 60.314442241480215, 66.87449776835159, 73.28318909462602, 77.74266383020547, 79.24880068897859, 78.50424240402833, 71.07215816752885, 67.17515567330122, 63.28676165090941, 60.844137345790024, 61.70368366325922, 63.81736991317555, 67.84029561385836, 70.3620945035832, 98.58137460463895, 101.01465624544578, 104.44511988628932, 105.03095794415005, 112.22900882710088, 119.11952522878076, 113.80605015976629, 105.57932387988332, 102.33023416908632, 94.14429556668188, 97.3759049495207, 85.7486617855298, 75.87089437268894, 66.90596131167759, 53.633644504982634], [20.19316876990813, 23.60216354264912, 31.504977849953605, 41.3063627001344, 32.05946837759558, 24.264157848705363, 20.967252521809936, 39.84267535197495, 46.084789144507866, 52.44885565014134, 60.99293645295715, 70.54256643775918, 61.324477236470216, 52.82889500908036, 45.66403252974775, 0.0, 10.782083398077388, 19.53592484706903, 30.963106252381458, 43.41650326672692, 39.78736511974877, 27.757138761864873, 18.031974470566308, 11.643294606309894, 6.980463073545479, 38.5296459544448, 45.76837515686639, 52.44834734901769, 61.92441523156611, 69.50258416541938, 68.73483299434884, 61.18355894080784, 52.39199185772223, 46.34852426098533, 40.413153255684975, 14.734116831510669, 24.858085144869, 36.620529736752026, 45.404868420711246, 52.739566448412035, 56.05844270678037, 59.97849830792352, 62.81093376972587, 58.311910991158285, 46.36352773588289, 35.394071620404986, 28.460391875128085, 76.42782356397872, 67.59482468168302, 66.72935448839172, 68.92876163702658, 70.05851114891284, 76.56731368764518, 86.26113886953013, 90.00813034025262, 91.56636779899506, 91.51654651537355, 88.15602382014457, 82.6335745495378, 76.69810682139375, 74.23975122335837, 75.32432182602105, 79.58099390689557, 84.52391286040817, 82.82890325286064, 80.97559577660422, 77.71220984933392, 68.83423881674129, 79.68254499316636, 89.93767803057148, 96.63381069246495, 107.39466808462582, 119.89526639249836, 119.18159870729261, 121.32929852421466, 132.4980720889299, 129.45907093783774, 134.87736579027637, 124.87373431102132, 117.16564371768109, 107.58828845377403, 88.63834531353392], [19.049518793637098, 19.45947879322576, 24.93141450106245, 33.90823611190641, 25.734177398140762, 20.40866990568072, 20.021875357554023, 48.49253653380907, 54.92696002865829, 61.5965537066043, 70.11655531391156, 79.17894872721246, 70.44192252182229, 61.95561963935482, 54.41401382499998, 10.782083398077388, 0.0, 8.78340123488441, 20.38971585892515, 33.36920139622237, 29.96477637332815, 17.728447057126946, 8.787288451042164, 7.449436371886735, 11.128199271093056, 48.40575167132634, 55.274783407730524, 61.53772985664978, 70.53020837204002, 77.84571972412965, 77.47906060155988, 70.29980957969173, 61.89842327923468, 55.9950485066441, 50.06579932759054, 23.020133581957555, 32.659882450791045, 43.21318506574052, 49.433024320665446, 57.2561731974483, 62.47789850003616, 67.48965369921874, 70.5406740060509, 66.63825349098079, 55.47036900215648, 44.993713294248145, 38.3906855333612, 78.98590786230031, 71.11929796760164, 71.98411285892679, 74.93441431660138, 76.80177563051716, 83.59286185375962, 93.07982522570828, 96.4043886758358, 97.35558890929501, 96.43798928937184, 92.23605683235905, 85.4656363036205, 80.3249679655554, 78.5986741572247, 80.89383837929176, 85.9323478820307, 91.06897236568147, 88.97631668665791, 86.18050214973037, 81.75590337418303, 59.073536864827226, 71.63147296731682, 83.89317530325961, 92.37348376388208, 104.24643456287367, 118.00900299972638, 119.32904432426484, 125.39083061300798, 137.4429258397445, 135.02347300268093, 140.0095967799602, 130.19607922278408, 123.04712871972916, 113.55255932509961, 95.19904050641343], [21.63391602078759, 19.49385032784632, 21.548229686310336, 28.82238826562478, 22.544172686387448, 20.53842130073334, 22.58237538327521, 55.60323330655616, 62.11827379051199, 68.96815505365117, 77.42920044458917, 86.07505628540223, 77.74292354203051, 69.30423129952001, 61.53907100137348, 19.53592484706903, 8.78340123488441, 0.0, 11.77349848871086, 25.183915982550648, 22.16994958512621, 10.421397472883665, 6.599481384961551, 12.395453615281047, 18.588691973821316, 56.47223032978432, 63.08721717796279, 69.03190953158669, 77.6131181102525, 84.66060317458823, 84.56776872711804, 77.71775641834067, 69.62516304913945, 63.824267900266356, 57.91199040433435, 30.56581930951292, 39.742648963920985, 49.40502511789284, 53.64038895756581, 61.636801757007, 68.20929108710911, 73.89953782893205, 76.92461983084856, 73.42792217726787, 62.97637100273973, 52.83065873373313, 46.45389435920917, 81.52952994254936, 74.54523108690267, 76.6937504015169, 80.14639068131899, 82.49744402379318, 89.37852747888904, 98.59806296972322, 101.61299461300513, 102.15091071311267, 100.60714193348885, 95.82502808280265, 88.14512001009415, 83.67219633607729, 82.53219514330635, 85.69875388615435, 91.21984673145022, 96.42301355816372, 94.08173004062678, 90.64057580069607, 85.40291820319183, 51.00825574494155, 64.96620477053241, 78.95522634065148, 88.93145336596378, 101.69226724429545, 116.41341823861698, 119.45291426793511, 128.68947244026847, 141.18547625037084, 139.22516834555086, 143.815583521657, 134.19020064337445, 127.53199311376429, 118.21291768590012, 100.6003298117661], [27.00527324524936, 22.528386414004064, 19.373383877372866, 22.45507193451818, 20.427960670935583, 23.42210451594361, 27.756494266023672, 64.57613033738109, 71.23327899298076, 78.3154673814663, 86.68306478937346, 94.7414076048147, 86.94936119784302, 78.5874507534742, 70.5344162173243, 30.963106252381458, 20.38971585892515, 11.77349848871086, 0.0, 13.879302925397987, 11.502870358086673, 6.590176232231194, 14.45674875811553, 21.828657221102375, 28.753953768091996, 67.11828693955397, 73.5564367100509, 79.17201312300938, 87.23079650985045, 93.82387598148915, 93.94291186856664, 87.56979677980834, 79.80385394884541, 74.0472066260804, 68.10472146698308, 40.243136935205655, 48.54514930402967, 56.92716951051471, 58.44289539220959, 66.43742939958092, 74.7344062410133, 81.2301458125415, 84.09761106430787, 81.23656567724454, 71.92385657621756, 62.40499066013113, 56.68434406660926, 83.4671509795132, 77.81780235575931, 81.64460878803702, 85.71083338702172, 88.66830504079554, 95.57265988924192, 104.32750725403972, 106.87426442193401, 106.84291471113784, 104.46537282419405, 98.96906563106985, 90.15690750135948, 86.6463280519067, 86.32035414878168, 90.61277377001703, 96.70175799927647, 101.9365824513407, 99.2773315496835, 95.00506516878102, 88.75175048144452, 40.52443705092336, 55.14416535690471, 70.95022463986791, 82.71326394017011, 96.47375705648702, 112.3138867699512, 117.60158754813078, 131.09311875937857, 144.1969726619102, 143.02525355293818, 147.2873158710142, 138.1693829037388, 132.44145537676448, 123.93214069469407, 108.15534050140745], [34.54708341307514, 29.494819115074463, 22.739893075043735, 18.81705927443167, 23.480969211673568, 30.08733206829514, 35.05404974055745, 72.76356907939831, 79.4381874286745, 86.70609248510348, 94.82213934105272, 101.96775286241927, 95.0196445556416, 86.88840144040033, 78.60094587568274, 43.41650326672692, 33.36920139622237, 25.183915982550648, 13.879302925397987, 0.0, 6.20405977943282, 17.789414955712623, 26.86035175975039, 33.418601270361776, 40.07361072601466, 77.55607385426332, 83.69308525039709, 88.8058419186538, 96.06088525521953, 101.91919519177367, 102.2620150174226, 96.6352607549143, 89.39267923697167, 83.74969158734251, 77.84215317297082, 50.395122733680594, 57.996981298619346, 65.3177569886833, 63.77451152137545, 71.48544302635256, 81.6544890275543, 88.68211343187241, 90.63091766922504, 88.28941454892004, 80.82281382765855, 71.88121054544558, 66.76948192870363, 84.9328144930378, 81.0166892857995, 86.5053920572555, 91.0414622368303, 94.39817003270932, 100.88939363364584, 108.7273114560295, 110.87230824312282, 110.49729455664017, 107.41311677127555, 101.41946101941413, 91.53259360951274, 89.1096456766687, 89.70359524465698, 95.02808251309945, 101.3224181357165, 106.28730838367467, 103.50784132313707, 98.63060646275565, 91.55043807925856, 28.602397768736466, 41.90693345553306, 59.84143312021676, 73.62212431199765, 88.58384300785876, 105.44285521245604, 113.51450853138988, 131.93863736403904, 144.40751304707672, 143.87455707405294, 147.42787837218034, 138.914312433444, 134.35691100730114, 127.04119098159019, 114.1825570604229], [30.040183817392528, 24.332546370995654, 17.125472607104832, 14.38579290527745, 17.879566190217645, 24.876252686546763, 30.482454835073042, 69.83560239142042, 76.72469850683606, 84.04326269157671, 92.30317371364978, 99.75884043174442, 92.46605922270857, 84.19265134745764, 75.84605264890595, 39.78736511974877, 29.96477637332815, 22.16994958512621, 11.502870358086673, 6.20405977943282, 0.0, 13.252145104242251, 22.543724033457693, 29.12686882333901, 36.04804599743328, 74.78502531528108, 81.28927990880321, 86.74322466203544, 94.37517244774203, 100.40490683391235, 100.4455785222953, 94.57023104670674, 86.96642019309554, 81.10310190697399, 75.05007265655019, 46.38883410926465, 53.19863541243931, 59.93721459320974, 58.438227741822544, 66.16481629827838, 76.16305429825405, 83.36921690675956, 85.93987812794843, 83.93549822677238, 76.11185291635238, 67.6725428750823, 63.31263424942772, 79.95629970919722, 75.74753043922145, 81.17784491809833, 85.78758111743193, 89.31419102971468, 96.12905360813723, 104.29823148761983, 106.28348186881355, 105.6482125635948, 102.46656628051235, 96.37060962391442, 86.59766958924403, 84.0601370756256, 84.55065705195224, 89.89896355221914, 96.46513850447934, 101.67491268943928, 98.70023286904417, 93.63957592999027, 86.4914324208399, 34.56327013174489, 44.868570794267335, 60.20302435481745, 72.6894588377755, 86.89060951694105, 103.39228302387603, 110.28518037627484, 127.4037011674038, 141.30024380000674, 141.2274286909194, 145.72771085934443, 137.57107480652698, 133.20245082399904, 126.55528495112232, 113.9132644361663], [22.537090217686398, 17.298325069948422, 14.679083091277395, 20.20813201935565, 15.724169384162648, 18.15256562535558, 23.201286894549106, 61.833612831122146, 68.73046299313638, 75.8599322232714, 84.35416218747349, 92.68770897202728, 84.56987318330559, 76.0813298321666, 67.97137486407352, 27.757138761864873, 17.728447057126946, 10.421397472883665, 6.590176232231194, 17.789414955712623, 13.252145104242251, 0.0, 9.88571496648705, 17.487118320914572, 24.865250068532614, 64.76236604308204, 71.62674435611582, 77.60925260215129, 86.03029240001224, 92.73266183486116, 92.49156613545357, 85.90553070697212, 77.75960220634451, 71.7515427516523, 65.6481831058702, 36.30716623195463, 43.50137328515552, 51.14470648489763, 52.72078694898143, 60.69916508433908, 68.79573795434628, 75.49749810146601, 79.0409687601856, 76.60261514619953, 66.9611025185331, 58.10899206465423, 53.42710066229329, 78.03892745806726, 72.09998048429422, 75.84638291502256, 79.98660717172478, 83.13219610096742, 90.36985375394696, 99.44147582593153, 101.79146304107151, 101.46871466126363, 98.98100292060009, 93.39269805630028, 84.73570031386382, 81.11737044403675, 80.68443628108433, 84.99619431980742, 91.36803288699024, 96.85129392996495, 93.98108509758521, 89.51127926702033, 83.20312472586737, 45.85587941583431, 57.506088685932866, 70.8965179690994, 81.34268879789715, 94.26851397828437, 109.65679651638084, 113.76027339322913, 125.92910891640305, 140.49232986657088, 139.86271939674413, 145.13427068180246, 136.4855025051238, 131.08031367548415, 123.4895806654886, 108.34130957015006], [16.922162427237662, 14.03578705089672, 17.210005764003334, 26.061898981703564, 18.08842325777125, 15.021827342863352, 17.752219060313283, 53.638645840888366, 60.48075616743615, 67.45112531032134, 76.02433525754911, 84.80694425068523, 76.26078143259856, 67.70405858327554, 59.791587268233464, 18.031974470566308, 8.787288451042164, 6.599481384961551, 14.45674875811553, 26.86035175975039, 22.543724033457693, 9.88571496648705, 0.0, 8.066537977661175, 15.433803722062656, 55.58511622915582, 62.664888329341636, 68.93709797470295, 77.75970669741514, 84.75962479864238, 84.282611861244, 77.35247993003695, 68.9174709856512, 62.82514670021918, 56.70881759635235, 27.3035010990703, 35.01538898246407, 43.74512532285923, 47.605618124665654, 55.59738932360673, 62.29116156090488, 68.32811451863911, 71.94331615420307, 69.01065001631842, 58.49252355265358, 49.20561492055939, 44.26758409785592, 75.432590352556, 68.34911582987893, 70.63938810409509, 74.25186528946283, 76.8748451020832, 84.07212518193572, 93.51037249593081, 96.25306960118749, 96.42927737642509, 94.6651823635324, 89.71700602736927, 82.05092464978509, 77.59026873496113, 76.45682830086913, 79.79586502933405, 85.66278757486214, 91.10426818362419, 88.51082530300269, 84.7623761634337, 79.34581014939806, 54.254448858804686, 65.22432069237053, 76.99585660793909, 85.81153473513447, 97.82456816310744, 112.1609438498096, 114.30946859439742, 122.81795945441935, 136.76615639248624, 135.50380221517736, 141.09880829264577, 132.1019369418556, 126.02374785369267, 117.9928991530969, 101.74536793713071], [12.234574535075339, 12.906259746948768, 19.984383263558524, 29.85149250927868, 20.59309064028491, 13.737016358228482, 13.113004750553934, 45.94087487807476, 52.83050485905832, 59.76948845676063, 68.3777690482935, 77.32276662015389, 68.59439038075277, 60.0038041626676, 52.1339727908827, 11.643294606309894, 7.449436371886735, 12.395453615281047, 21.828657221102375, 33.418601270361776, 29.12686882333901, 17.487118320914572, 8.066537977661175, 0.0, 7.50063959003264, 48.141318817145546, 55.423639423357145, 61.85393718442742, 70.8186439394075, 77.82531044149442, 77.10001301726464, 70.09258306971928, 61.48894295214054, 55.275431515861825, 49.09098175082529, 19.25093396666855, 27.40865679495305, 37.14829855142992, 42.28256404117144, 50.17843956551946, 56.105216496001816, 61.56398862424867, 64.73135828801144, 61.420019574423605, 50.76513174037485, 41.1780026541912, 36.34072089037539, 71.56263994335734, 63.8164665473132, 65.05382761372347, 68.2262171850073, 70.37287137375968, 77.32115925289305, 86.81006795735246, 89.86692743287117, 90.51957021857433, 89.34413119908372, 84.97588151367376, 78.05715980987387, 73.00805339923889, 71.41230755320795, 74.00895336118082, 79.33352303975536, 84.60458601445572, 82.3002539714102, 79.17928580353957, 74.5023974208633, 60.26920900796096, 69.43682105218623, 79.46049916994819, 86.79385006284437, 98.02832639865885, 111.40749755403948, 112.14350786846391, 118.1211398923906, 131.09834436148367, 129.37727537399851, 135.1930495373238, 126.08127803179454, 119.73347603564349, 111.85419575192111, 95.76352371606903], [13.274608292446485, 17.291115855058607, 25.810265709120223, 35.67963653351758, 26.250213815679043, 17.86260848245177, 14.015797416102483, 38.951403910808295, 45.751873342200554, 52.573473255798824, 61.1987788266236, 70.3599899630108, 61.42587340871179, 52.8246879022662, 45.10518853880343, 6.980463073545479, 11.128199271093056, 18.588691973821316, 28.753953768091996, 40.07361072601466, 36.04804599743328, 24.865250068532614, 15.433803722062656, 7.50063959003264, 0.0, 40.775062324168594, 48.17875446274726, 54.73680696161491, 63.856487101774746, 70.94575780699485, 70.04603853137242, 62.91062109649285, 54.176318613380005, 47.90798251527833, 41.70989450435655, 12.174442081528417, 21.818974683669005, 33.125518947056314, 40.04372381620827, 47.63901065830759, 52.38826670913952, 56.960533807672455, 59.48368158336965, 55.51360474796486, 44.59278398766233, 34.2707414492308, 28.881638226298744, 70.53088645866792, 62.13969995622174, 62.08861284735228, 64.66192210153305, 66.15005028985081, 72.70379182778686, 82.19035054416038, 85.67982202979326, 86.96442436875404, 86.52187750337075, 82.86235577205187, 76.82885929172117, 71.17184428710036, 69.05423660918444, 70.71500631012894, 75.29213189843813, 80.28990688054654, 78.39748850185181, 76.1026595380883, 72.35158730480906, 66.06073725998972, 74.52970553955026, 83.5640938824881, 89.80806373657461, 100.43192164052587, 112.92685112837408, 112.45508732554612, 115.8775343409725, 127.44456709337497, 125.00911873975411, 130.77123099870693, 121.331489109655, 114.46087831608851, 106.26968652675657, 89.73408164460363], [48.75835582250117, 55.58881165835908, 64.63800402018639, 73.41601404630124, 64.8609161603435, 55.814409927927436, 49.01692021434192, 17.933731910163626, 17.325478888287186, 19.171142820471246, 26.104775395411718, 36.502378111343106, 26.734594137087125, 20.00261569410206, 18.282951748022914, 38.5296459544448, 48.40575167132634, 56.47223032978432, 67.11828693955397, 77.55607385426332, 74.78502531528108, 64.76236604308204, 55.58511622915582, 48.141318817145546, 40.775062324168594, 0.0, 8.1964834113915, 15.707044237480872, 25.98793916863477, 33.96029332685533, 32.12605379614264, 23.718480733669477, 14.327835588974004, 8.78122128748177, 5.8781561983426425, 31.487781155023374, 35.225058717082895, 45.22173153727427, 56.438665004258, 60.15844597329553, 57.73954749749996, 55.42790663303016, 51.902454674708586, 43.337004478233, 35.52658355113311, 24.413028677118476, 15.084440616329594, 84.76341768313031, 75.06659465611638, 68.75275170885165, 