{
	"dissimilarities": [[0.0, 8.171185845757943, 15.858797611789269, 26.234934527099412, 17.600604233583827, 11.180639891041434, 7.467722447611519, 41.30529056084574, 48.14191352978379, 56.557430643802775, 63.81299770174902, 72.0841904866651, 65.47480632584158, 57.28050109358495, 48.70647218258539, 17.320842072664078, 18.504569622879693, 20.952562365371687, 26.92999989692733, 34.07524340353038, 30.598604959704716, 23.592359404959925, 15.630996892191554, 9.792619351898296, 10.497357367082678, 48.41603306273015, 55.83545809760471, 61.93692168640103, 70.07113130899296, 76.27719739542323, 75.3443442877167, 68.96459045362793, 60.59927069984806, 54.2551286158102, 48.091276391862245, 17.983248707461122, 25.46983892168857, 34.047794719355345, 37.65410862740387, 45.841248136997386, 52.9743948094324, 58.26445940909605, 60.16812038235435, 55.739634456971615, 48.63751667105669, 38.74206132107668, 34.461449644035234, 65.34793275839247, 62.358557520334855, 61.93600148813911, 66.33123007686055, 67.82560589831715, 72.10875820383983, 81.1165395029042, 80.76139181580764, 79.31700542445466, 77.13792323349385, 73.65184910545594, 68.98942731482211, 65.54553051753182, 64.51088244352896, 68.54319252174116, 73.48179661243661, 78.26487513375227, 74.24711913896726, 69.24073324837646, 65.33319300933168, 54.78448122057068, 58.30002942879721, 70.29885961717612, 79.02395541637392, 90.8579141974339, 95.88209231309317, 102.0553648159603, 106.0035160087544, 113.58036008068142, 117.96955605334149, 116.6459439173782, 109.88525833190434, 105.84473764758567, 97.47739636412403, 91.23277710913705], [8.171185845757943, 0.0, 9.368266529536086, 21.96877075393364, 14.241288541081317, 11.689777209075631, 12.445548949400422, 49.01383994395961, 55.47588820263084, 63.727508198759395, 71.15829450414198, 79.81842217657038, 73.18632258983273, 64.98590571865385, 56.45172873933051, 18.08872877546747, 14.736464974342013, 14.619812109735236, 19.859013706751224, 27.712756094598134, 23.835570771742415, 15.91128833703689, 8.603756761367038, 7.075037884500826, 13.107719007313129, 54.47039798704897, 61.89148599893797, 68.11331869492129, 76.52849546271123, 83.06698964966203, 82.32047454789515, 75.67954584782983, 67.21105365430702, 60.89078643407586, 54.68429924296023, 23.625949728200155, 30.89422860984525, 38.72546775109683, 42.16998361260265, 50.42374119361015, 57.71468391785118, 63.56168395843314, 66.83150376179061, 62.71728731531912, 54.73283770041719, 45.27238883735508, 40.980180972385604, 68.77066273395697, 66.30704819659815, 66.5042235670263, 71.41823085749247, 73.38909582769686, 78.23867362258308, 87.9104717523552, 86.87538901808168, 84.83946461076255, 82.2647218550264, 78.12392856171388, 73.03528742570114, 69.35281291564111, 68.87507978349504, 73.6712966511572, 79.47359886200982, 84.78356090242941, 80.2444641337589, 74.39456276762263, 69.72250922807191, 50.00104260146933, 55.69344514602132, 69.53272621242994, 79.71234282081429, 92.05990141343564, 98.08569615846704, 105.34653014381033, 110.88161172240149, 120.37155982871637, 125.42973340178601, 124.42032012159062, 117.82696392659471, 113.90475538608678, 105.24221928297341, 98.0276619617732], [15.858797611789269, 9.368266529536086, 0.0, 13.323501899462387, 8.514572239128283, 12.856722056505465, 17.002273594729974, 57.09873433610255, 63.957629768338656, 72.34204552959355, 79.60879455386593, 87.70707315462718, 81.23659469167508, 73.05522546716001, 64.4720335904845, 27.052696877637118, 21.469255867094112, 17.651192755929245, 17.441115617621566, 21.698842642696494, 17.3300833550444, 12.423964809245394, 12.779215656300469, 15.91843138365888, 22.469680935819184, 63.65011843869734, 71.02586203255338, 77.13034105732956, 85.27285371530431, 91.4947519487928, 90.78421574435147, 84.45146227666652, 76.14111393327241, 69.84418588656183, 63.67312310267222, 32.65877000189241, 38.33920477251255, 44.19385507047433, 45.6562106192275, 53.40871549114728, 61.76325379463561, 68.57595090453724, 72.25897396626712, 68.94929833637151, 61.80543169598142, 53.359541406751966, 49.9303699232096, 68.39929076454534, 67.39545622447775, 69.25546832400794, 74.79180946908737, 77.36469485898499, 82.49738453887379, 92.20537709608011, 90.3945882308772, 87.69074264832776, 84.57345844359429, 79.55484752269409, 73.56922801689372, 69.57516855060142, 70.61421521827974, 76.76527511933713, 83.33326353970068, 88.81650641025306, 84.01045588074315, 77.38433890299407, 71.36016621858595, 43.98748544115679, 48.08794091813537, 62.37679903540991, 73.65510926133803, 86.50961996230176, 93.7980836251886, 102.56819161271068, 111.68432210677035, 122.84863860186451, 128.71348534207308, 128.24477800198414, 122.27516973599668, 119.2600752370136, 111.65184843626015, 105.54389163775201], [26.234934527099412, 21.96877075393364, 13.323501899462387, 0.0, 11.896778495537434, 20.22573680679134, 25.02938220724487, 65.43508227731132, 72.83547807513405, 81.39065507362554, 88.2040557383467, 95.02764321819355, 89.04588850578521, 81.09892748116353, 72.50880888296989, 39.96774699520388, 34.24024846933925, 29.15380851265596, 24.30170850292524, 20.717933816656476, 17.494608669372315, 20.502772931949615, 25.52407135952352, 28.814466784334456, 34.80936483812857, 74.3380995721252, 81.52342724601183, 87.25365427449884, 94.62659688004983, 100.01756354725998, 99.32137456742058, 93.78050328351576, 85.94037933689701, 79.76600297194163, 73.76664635212991, 44.00191008586765, 48.36144005433836, 52.227802215921685, 50.90916242359327, 57.56213966168409, 67.31479803828651, 74.99754245118854, 77.91049899782979, 75.56724596028806, 70.53964548196036, 63.07726746300396, 60.446426363359585, 67.27971009471685, 68.54058382617666, 72.69907486805995, 78.67430349769127, 81.72778401135007, 86.6550616994216, 95.5210866470803, 93.17611797529491, 89.99496595183845, 86.38263119241438, 80.55286262842469, 73.42272220569319, 69.16240566562043, 72.44639187537804, 80.09118806731509, 86.94755193286227, 92.04735124534696, 87.44579012326317, 80.4899545643831, 72.963261705695, 37.93489264597203, 35.70324460331044, 49.598570295875895, 62.05565950196477, 75.85627235205236, 85.03884331801473, 95.89636504352005, 110.63633426758047, 122.38304870247852, 128.683813614346, 128.57831464993774, 123.4282968096423, 121.76548806942473, 115.93008999791735, 112.22499861508831], [17.600604233583827, 14.241288541081317, 8.514572239128283, 11.896778495537434, 0.0, 9.016095678525044, 14.892615409607606, 56.71150526131234, 64.4614360687502, 73.05331781518116, 80.0111177149181, 87.37201295695073, 80.72602902223917, 72.3985825857387, 63.97486429038099, 31.738923956865, 28.31761529560759, 25.76130853317248, 25.732803790734756, 27.858182780235577, 23.605593901779745, 20.64043216256399, 20.218195007888045, 21.13808932347382, 26.146830237749313, 65.65998963651869, 73.18696448665004, 79.31870244771119, 87.29880313380968, 93.13423802374142, 92.06578879397816, 85.99917094833278, 77.66921014812642, 71.26568299704616, 65.09789435896072, 34.102305162212964, 36.966939259898986, 40.578250373703305, 40.086480839757755, 47.27963912524618, 56.43209463456294, 63.88612773805347, 67.60248783907471, 65.13239196917532, 59.21199000050383, 52.24342573125576, 50.75241660751221, 60.37379579368271, 60.01298055213645, 62.82685588777103, 68.64862168707643, 71.56068298959407, 76.78134062134973, 86.46757549869228, 84.08323788853198, 80.99379107325488, 77.60109596337892, 72.19926365791883, 65.83037302485806, 61.74050666584269, 63.51251969678152, 70.37917008853248, 77.31582093235205, 82.87997810634134, 77.91786457647137, 70.90946163582828, 64.18173785693146, 48.30786327123901, 46.83837295021365, 57.42055043305293, 67.28115181076618, 79.21334895112321, 85.76483919140692, 94.25165182324633, 103.8869407964833, 116.15708857587263, 122.98755202368145, 123.50020210046604, 118.39342101740814, 116.44133962512518, 110.86157291876077, 107.15084077374514], [11.180639891041434, 11.689777209075631, 12.856722056505465, 20.22573680679134, 9.016095678525044, 0.0, 6.395844420934736, 48.167720866807166, 56.076596559858196, 64.66493937957924, 71.62052247077146, 79.16010099991237, 72.25126338455003, 63.79955063693643, 55.471209143429164, 26.19624804966836, 25.79371861528386, 26.00511385016803, 29.3823466032191, 34.090766261807104, 29.947712224209003, 24.58115650664643, 19.75769405906876, 17.178102248042244, 19.926274500314754, 57.482067755893574, 65.10267932773324, 71.33367788765736, 79.45969727210415, 85.38847560938814, 84.11003578163945, 77.8939528093937, 69.41977496097638, 62.94839538294914, 56.761956319145206, 25.905892317234724, 28.197338776829934, 32.59878388304264, 33.24823665773678, 40.968798309527614, 49.509266765053646, 56.3311855269629, 59.625420478826044, 56.685654437056584, 50.4917138136296, 43.24800912631962, 42.11736328552018, 57.376442093057896, 55.57421457025786, 56.93779032761992, 62.25627010828767, 64.68484881356358, 69.6788903004684, 79.38647980465053, 77.57800605676371, 75.03614005556884, 72.10212003479816, 67.48584418438568, 61.929323980223096, 58.13081917629633, 58.478297248270074, 64.20273873255968, 70.51595862418687, 75.9666264041322, 71.19114543946367, 64.81282325873028, 59.23569004322469, 54.930347925939074, 53.91534937208889, 63.14371539040411, 71.32999640900682, 82.36065604455527, 87.24246836143102, 93.93468909163943, 99.84384389650991, 110.76341205111193, 117.15322480639102, 117.50884139110754, 112.10655818665573, 109.68101813738555, 103.93440632836963, 100.2434733043797], [7.467722447611519, 12.445548949400422, 17.002273594729974, 25.02938220724487, 14.892615409607606, 6.395844420934736, 0.0, 41.890125295457835, 49.7540264169705, 58.35944750771284, 65.28843482338222, 72.83299714121829, 65.98417476726681, 57.58697743403619, 49.195115800115815, 23.295875604108744, 25.027126420252145, 26.86869089897796, 31.68382490175886, 37.27489249115693, 33.47938111560647, 27.528568111932813, 20.886218468117274, 16.0234158539958, 16.47721114439625, 51.53877576554661, 59.08524750231382, 65.21508952883397, 73.20214004051016, 79.0407156093692, 77.74172642552857, 71.60489021977592, 63.21357406976318, 56.775266358858865, 50.6376178739785, 20.74911954828703, 24.00887417622736, 30.017610652698608, 31.749477166425624, 39.66545269930824, 47.661777848033, 53.692711330199394, 55.83608500813488, 52.26130949173176, 46.24342000590082, 38.0610041176358, 36.291708337563904, 58.021380487365484, 55.4256393326545, 55.7656183194942, 60.49150279085774, 62.34991655552802, 66.83088355040816, 76.02165887178036, 75.03817084186296, 73.17547733530972, 70.71306740130007, 66.85250402159204, 61.87122502836538, 58.33695221367304, 57.81888732173972, 62.521674407287115, 67.92884570784251, 72.91524364198474, 68.636663965084, 63.15374555862581, 58.59263948175229, 57.586315845763295, 57.19577928882387, 66.36976651274388, 73.88048899725207, 84.82254288789514, 89.10601589736872, 94.93010528898166, 99.09307806590137, 107.94278919572513, 113.38662598853085, 113.09458737784739, 107.19389659756833, 104.21397189060963, 97.88347863607765, 93.9819396867023], [41.30529056084574, 49.01383994395961, 57.09873433610255, 65.43508227731132, 56.71150526131234, 48.167720866807166, 41.890125295457835, 0.0, 9.686612733599864, 17.871665534829962, 23.856378178898197, 31.743796308994344, 24.310083487964615, 15.987087938710633, 7.513847519366359, 41.010018726416284, 50.509607415356875, 57.214125949372594, 65.51825387771082, 73.21899702021281, 70.63525533766324, 63.61413936826597, 53.97716530717424, 46.12390532881821, 39.08434805024335, 20.375106925970695, 25.23372431103857, 29.562173292320814, 35.752637005422834, 40.505601424123995, 38.051801116906375, 32.545249792783345, 25.11242872699357, 19.609390949641707, 15.7781145724847, 28.571702253716875, 29.68815927157603, 37.31487509768599, 43.41354442557561, 47.88392223863335, 48.606827198316225, 46.8315598515772, 39.929319594026616, 31.90996051215209, 30.03226544860912, 19.27841922145802, 15.012396119995639, 71.63581065485526, 64.70241131799798, 58.39725974564589, 57.956918000893666, 55.4089165228437, 55.31111902559199, 59.426783949475734, 64.56807506444622, 67.71175648937246, 68.92293997039972, 70.70416452548702, 70.56101264269344, 69.37501223340426, 63.398435094924835, 60.17907972703585, 58.215565675816194, 59.166591749884134, 59.072791723540455, 60.8786729201481, 64.15140040465559, 90.14482875662031, 91.15747814737695, 97.66178517882825, 100.49937945823413, 108.91572126911093, 108.46945000466727, 107.91041713751915, 98.32295085407151, 93.73238770884093, 92.8428121080679, 88.74845807074546, 79.76173804887529, 72.45863578725391, 62.57641642661973, 58.247725609624496], [48.14191352978379, 55.47588820263084, 63.957629768338656, 72.83547807513405, 64.4614360687502, 56.076596559858196, 49.7540264169705, 9.686612733599864, 0.0, 8.690159452766675, 15.715629942087366, 25.797357504637947, 19.03347548339643, 12.640180884799552, 7.620904760367694, 45.30708562973374, 54.86277120605266, 61.89700058835886, 70.5046129722992, 78.68518260312432, 76.41012630011332, 69.19982286849655, 59.46243397945497, 51.78914427457691, 44.572756048768376, 14.459535683179041, 16.908149769842826, 20.197116350787926, 26.107189323789047, 31.35247361857247, 29.02962002711785, 22.976780816748615, 15.641835673024922, 10.750416752451462, 9.155552338439282, 34.429389316541894, 37.20722062010713, 45.57520128901428, 52.51555758284285, 56.92282111531551, 56.69539078933755, 53.89148434594221, 46.648095583059, 38.28022372071523, 35.9623622302284, 25.401010901352432, 18.654299306814263, 80.98235775057861, 73.72981047062518, 66.75078857386397, 65.75448331071327, 62.70880690253941, 62.05065987110174, 65.22717168014569, 71.31853169341689, 75.13007438821725, 76.8188305336109, 79.21223358025037, 79.57764595994408, 78.58040838896834, 72.12801811414663, 68.04241234343702, 65.2063407812064, 65.5415281000184, 66.08401351065473, 68.77298515903884, 72.89623335672165, 94.99445923967433, 98.0673773029748, 105.84882402658506, 109.08884348773492, 117.87305662823475, 117.57644951908095, 116.79419174155292, 105.96593038305392, 99.0102627834703, 96.3155338020287, 90.72433397035513, 80.56320859836744, 71.42230595540317, 58.348148141731116, 50.51043400398838], [56.557430643802775, 63.727508198759395, 72.34204552959355, 81.39065507362554, 73.05331781518116, 64.66493937957924, 58.35944750771284, 17.871665534829962, 8.690159452766675, 0.0, 7.9588555949756365, 20.092744860036767, 14.191042049024976, 11.683491439315134, 13.007548340349652, 52.56602587320769, 62.18332258266617, 69.40154259347878, 78.1885237876767, 86.59396587834452, 84.44046379717064, 77.11870195410027, 67.30649009276685, 59.722486950065054, 52.44041335791439, 15.871204507996547, 14.03839091161213, 14.604224126060892, 18.91014435034278, 24.018752113949738, 21.228920417738486, 14.90405388507855, 8.810225090764764, 7.7077895911988294, 11.59984881093064, 42.29568298562289, 44.7876858109875, 52.67640623442821, 59.83129878415786, 63.72746306230746, 62.43798635829779, 58.52930260641637, 50.59216145142063, 42.20394217232614, 40.52876712966574, 31.524368919094115, 25.657235624006987, 87.73244773815837, 80.07248477118475, 72.36107600172116, 70.64255649388545, 67.03230474837683, 65.66273174635306, 67.75915086369372, 74.75471670470048, 79.28375287657093, 81.52545864779925, 84.69351456289088, 85.76146981526519, 85.08465075720012, 78.04031180825079, 72.9094207853529, 69.02117614995309, 68.65171540218084, 69.89813271287012, 73.64227627845142, 78.7984901865218, 102.5310891808205, 106.23489646985516, 114.04650997471728, 116.95550176337257, 125.47202887984575, 124.67267925030677, 123.09483734584597, 110.1630001634048, 100.97576334175, 96.88333316645745, 90.38265424273366, 79.54645219761245, 69.10405468300895, 54.33249523159026, 44.7959657697926], [63.81299770174902, 71.15829450414198, 79.60879455386593, 88.2040557383467, 80.0111177149181, 71.62052247077146, 65.28843482338222, 23.856378178898197, 15.715629942087366, 7.9588555949756365, 0.0, 12.885133289241093, 8.77906279980386, 12.00692916456781, 17.351374361034402, 60.45571006083334, 70.02010999152581, 77.13901863212092, 85.73008115975162, 93.8041713684684, 91.72624811183105, 84.66375511579395, 74.98138011400506, 67.37793050813806, 60.14057880015949, 23.283959831371057, 19.71902652090739, 17.548384243287472, 17.389971520322337, 19.67277429450168, 15.891484595768544, 12.418954325896928, 11.983461937936218, 14.571663464502672, 19.431571232782336, 49.927848177808045, 51.64515472008862, 58.56071946724944, 65.06356020919164, 68.20110848997463, 66.41128346310099, 61.77443742428887, 52.380750752347986, 44.34881503504144, 44.79795579655707, 37.56961707665012, 33.234043836140884, 91.20161236521159, 83.51569147515833, 75.57690924701697, 73.18012933013945, 69.06429090647325, 66.7392713078447, 67.18478199579188, 75.15417862471959, 80.44116246232329, 83.19708152541445, 87.09904863272929, 88.69072505902949, 88.34670342029608, 81.12410484051453, 75.2213762704981, 70.13073386771997, 68.72104004065808, 70.93729200799413, 75.872414132858, 81.80049473577677, 109.08409639663051, 111.92442397620849, 118.80349007674766, 120.8513329904996, 128.83795731342806, 127.37381151933792, 124.91763640307076, 110.60166712167205, 98.6459240354682, 93.0761881752016, 85.72593219436258, 74.43350744317723, 63.18974386374361, 48.039920737337575, 39.92157412302993], [72.0841904866651, 79.81842217657038, 87.70707315462718, 95.02764321819355, 87.37201295695073, 79.16010099991237, 72.83299714121829, 31.743796308994344, 25.797357504637947, 20.092744860036767, 12.885133289241093, 0.0, 9.158207386055906, 17.65823011268819, 24.376759055753965, 70.95843589765694, 80.2117744503855, 86.87603579113774, 94.75938000780504, 101.7892923160364, 99.85272697572906, 93.59059085009686, 84.40096088081152, 76.79335955625756, 69.80884112604134, 35.88634024150208, 32.351136036782016, 29.095674165215506, 24.813206002747915, 21.476893504431104, 17.498668445540364, 20.825791207297048, 24.373249908279593, 27.29271595264438, 31.644588728064722, 59.77151725464507, 60.59191974571435, 66.07800500947798, 70.8887440362755, 72.90063894898516, 71.27606012249406, 66.33260779383191, 54.456834257716714, 47.451876735430105, 51.78752719598013, 46.5439968393016, 43.90409709952076, 93.26996370083927, 86.17789723733243, 78.73794395345013, 75.64619569223808, 71.05549598990522, 67.27221382057463, 64.76061415657233, 74.05219728227209, 80.31054302235103, 83.61673651724881, 88.30177416669123, 90.2207267709759, 90.2702126543753, 83.50359025453771, 77.13478005756845, 70.43627830850983, 67.23207131604856, 71.05018446637257, 77.57012261065897, 83.98135727365202, 115.62488561968495, 116.06387201189332, 120.94700005227119, 121.4442241932769, 128.60746806843756, 126.34450385552887, 122.87923444423517, 108.27415565903513, 91.67236091644398, 83.61783697872845, 74.72418235993008, 62.75546007870472, 50.72526885486381, 36.24678850706843, 35.0640488680387], [65.47480632584158, 73.18632258983273, 81.23659469167508, 89.04588850578521, 80.72602902223917, 72.25126338455003, 65.98417476726681, 24.310083487964615, 19.03347548339643, 14.191042049024976, 8.77906279980386, 9.158207386055906, 0.0, 8.945231393097052, 16.83922361644628, 64.0433519458706, 73.68683489638332, 80.60226363533347, 88.91247489607089, 96.42219293963359, 94.17242554397095, 87.41672575916708, 77.84439474058357, 70.06970864969185, 62.91996998115315, 29.667206012591762, 27.558495777768226, 26.224170694683178, 25.57988689002283, 25.7103498178544, 21.51931302038401, 20.621563776799128, 20.3729021510556, 21.577849511581128, 25.08728294032285, 52.304081553053294, 52.17710166131568, 57.40098716457817, 62.65039271734029, 64.81005328833244, 62.846457932851955, 57.88474179577534, 46.86672885863259, 39.401887165870086, 42.74449329384244, 37.638766884498494, 36.015996584984485, 86.34152914310212, 78.77477567060039, 70.91948102552274, 68.01950859665966, 63.58389316457592, 60.456168868648994, 59.612213477881376, 68.1489039047693, 73.9143158159528, 76.98656189617574, 81.39564071421027, 83.34948980000203, 83.31177818816062, 76.1074399045717, 69.75871003805585, 63.75686704372609, 61.52545087733687, 64.47497287848167, 70.29758031084435, 76.6800089198391, 111.64489512410425, 112.04624648383039, 116.85849771003845, 117.56382325287034, 124.53872232474217, 122.06014345201753, 118.62153164387749, 103.26130265708977, 90.05009404831515, 84.43091356372426, 77.57582268862001, 66.81571551498017, 56.42332759455883, 44.66863122224026, 42.8368898861205], [57.28050109358495, 64.98590571865385, 73.05522546716001, 81.09892748116353, 72.3985825857387, 63.79955063693643, 57.58697743403619, 15.987087938710633, 12.640180884799552, 11.683491439315134, 12.00692916456781, 17.65823011268819, 8.945231393097052, 0.0, 8.755310185418848, 56.09629748883401, 65.88129287200124, 72.8358617324116, 81.29338362205458, 88.9873982364134, 86.51801608187856, 79.52982492295261, 69.80336311505258, 61.942703274506144, 54.767639276790575, 24.651103614384404, 24.943687860262045, 26.043103291137427, 28.7835727852753, 31.301263784795577, 27.581217006314173, 24.00667118967599, 19.884959395693294, 18.202543352499646, 19.60211611708667, 43.876577042988856, 43.254386408715504, 48.61455100609928, 54.153746272231174, 56.76975956281901, 55.177778992251085, 50.830991405557434, 40.86695249561999, 32.89569345829634, 34.92009447480796, 28.92565279431344, 27.816318144438796, 79.28694328647835, 71.624628745968, 63.885501279185036, 61.5703772132266, 57.5826833046044, 55.39082567180309, 56.43795347781452, 63.886091152015936, 68.8649650564287, 71.43036556281653, 75.16562011392791, 76.69598767074385, 76.38818397040504, 69.22695239100067, 63.524646672775475, 58.67960830599487, 57.59152810070475, 59.47774030538475, 64.14272553226871, 69.87762297999166, 105.13900672673117, 105.42736286619521, 110.37693080357509, 111.51603427809974, 118.64088614889141, 116.43907736499058, 113.58659915804965, 99.16662464335275, 89.39145889366459, 85.96180158453406, 80.65115186255517, 70.84643705735944, 61.94521035871426, 51.810651638898, 49.53046132954001], [48.70647218258539, 56.45172873933051, 64.4720335904845, 72.50880888296989, 63.97486429038099, 55.471209143429164, 49.195115800115815, 7.513847519366359, 7.620904760367694, 13.007548340349652, 17.351374361034402, 24.376759055753965, 16.83922361644628, 8.755310185418848, 0.0, 48.17667635473064, 57.71082977430466, 64.45675436959145, 72.7051124320839, 80.25437718304204, 77.79812326067854, 70.9384593602607, 61.36856213275027, 53.54553067043883, 46.48810429651853, 21.40595627836969, 24.024061376007076, 26.8112890063695, 31.366215765075676, 35.05733011895133, 32.143943788815164, 27.557851254822754, 21.468292079294525, 17.440997093835723, 16.10734317979939, 35.95722511566511, 36.47226736880582, 43.05227837953232, 48.725971690143595, 52.302713632601645, 52.109579265321784, 49.18097626126436, 40.46864934034569, 32.35939227508183, 32.6941549547239, 24.049345675245014, 21.089331259240915, 75.3068456298455, 68.15541922200156, 61.31022817161811, 59.999571446761394, 56.760376614531914, 55.58622590933762, 58.073256687456016, 64.41003682681179, 68.4711064106074, 70.31557934933309, 73.00522871467207, 73.55622037139413, 72.76396475007688, 66.36611893852492, 62.05313378894021, 58.65236454196442, 58.515034748902146, 59.467021171258196, 62.693398026228806, 67.05167464222671, 96.50360233477986, 97.11930989452415, 102.9248569795686, 104.96319146595643, 112.88993890635898, 111.74746317260752, 110.22573668923035, 98.83574347077557, 91.42026375757395, 89.09521885937728, 84.17058329978241, 74.64021500124062, 66.52123217000756, 56.23750586991634, 52.79382328725527], [17.320842072664078, 18.08872877546747, 27.052696877637118, 39.96774699520388, 31.738923956865, 26.19624804966836, 23.295875604108744, 41.010018726416284, 45.30708562973374, 52.56602587320769, 60.45571006083334, 70.95843589765694, 64.0433519458706, 56.09629748883401, 48.17667635473064, 0.0, 10.689045640628445, 18.80200141551739, 29.492283414226204, 40.83868344065245, 37.75920494731088, 27.909329367955465, 17.07605064060241, 11.170638991101853, 7.0031098979516955, 40.429027863046876, 47.75673206924319, 54.343800235914, 63.75166826003893, 71.48383948502432, 70.85827850701722, 63.13741584301678, 54.26889433667682, 48.10226412563814, 41.97424674428722, 14.080563461239539, 25.600357142368814, 37.24682956248322, 45.12249032542088, 53.62591843314718, 57.79812219110822, 61.23310053779399, 64.47586997142575, 58.703693570784836, 47.963321472286104, 36.45665733395071, 29.29056773076647, 77.0649097682971, 72.05380087063939, 68.98485544770045, 72.59162472712832, 73.41242097515232, 77.84699634641666, 87.66231141013708, 87.95515159646658, 87.06460960825902, 85.5111507377075, 82.9754610379598, 79.72829684402153, 76.69019105981728, 73.38279089855301, 75.44196534503693, 79.8950259862758, 85.04488258017327, 80.86900515649806, 76.40231478862515, 74.43554325575329, 62.579261789616645, 72.52899616153432, 86.94022056386035, 96.26028193285615, 107.94595405046702, 112.32468636126492, 117.38179520484044, 116.52491321717726, 123.68106545626827, 127.3312991936844, 125.30072433418295, 117.43561377487585, 111.41579136924504, 99.86527602157757, 88.76206188744618], [18.504569622879693, 14.736464974342013, 21.469255867094112, 34.24024846933925, 28.31761529560759, 25.79371861528386, 25.027126420252145, 50.509607415356875, 54.86277120605266, 62.18332258266617, 70.02010999152581, 80.2117744503855, 73.68683489638332, 65.88129287200124, 57.71082977430466, 10.689045640628445, 0.0, 8.353196145780007, 19.36464385618749, 31.42219900124246, 28.5348750277358, 18.46072371799489, 8.999521771133177, 9.005378841633869, 12.663251285287004, 50.16179612750621, 57.15663273538252, 63.426041679250154, 72.43952714395249, 79.96577359100633, 79.69350564752882, 72.27753370511607, 63.75963620573829, 57.780741945193235, 51.780391727532304, 23.816426400575377, 34.42124545068586, 44.76687900530326, 51.22155113542311, 59.79565055956612, 65.1196981680535, 69.5712473903819, 73.33442465935853, 68.05859725411578, 57.73720781741786, 46.72309157426578, 39.70010425145261, 81.01805188125276, 77.20310164480266, 75.54670491888778, 79.84699515568337, 81.24269585352447, 86.04062516681506, 96.01458482940853, 95.71390529508152, 94.23319003980563, 92.16338741682418, 88.7615449443278, 84.61291042310063, 81.19791067515858, 79.18364463107373, 82.53895659003656, 87.793364179963, 93.16528424500547, 88.707650500703, 83.43742588873855, 80.18129381439559, 53.59681441789147, 66.1266099054835, 82.8803599053577, 93.96975945320823, 106.71344663792247, 112.77058032253512, 119.57846246520084, 122.31452701944393, 130.75270723502734, 134.7321945831174, 132.6595555683327, 124.90283370338457, 119.2193369946606, 107.4715058383703, 95.94618791543594], [20.952562365371687, 14.619812109735236, 17.651192755929245, 29.15380851265596, 25.76130853317248, 26.00511385016803, 26.86869089897796, 57.214125949372594, 61.89700058835886, 69.40154259347878, 77.13901863212092, 86.87603579113774, 80.60226363533347, 72.8358617324116, 64.45675436959145, 18.80200141551739, 8.353196145780007, 0.0, 11.11785926659382, 23.487961303902157, 20.698318106039878, 10.770023118083135, 6.394505252450263, 12.638225005502035, 18.98986550673345, 57.91045457736912, 64.78674759880518, 70.84670543279415, 79.48798489886225, 86.6918666267374, 86.57299547142064, 79.4998699353908, 71.2189381439463, 65.29585066992492, 59.33185807031223, 30.91766067355598, 40.77530090661168, 50.064749379432826, 55.18139672046688, 63.63816730163412, 69.92943241779463, 75.16636318427442, 79.06882505152761, 74.2511513755382, 64.58241415583596, 53.98507830710175, 47.32290782788118, 82.74182139837473, 79.99230975425884, 79.55786688631767, 84.35276010641928, 86.17454789021801, 91.15812078190496, 101.10277276719934, 100.34950824361667, 98.43339882364901, 95.96898368931564, 91.91502214561697, 87.03977873433294, 83.35821073638996, 82.47197941349529, 86.85557844022343, 92.64128392653409, 98.08899632131168, 93.48992048465216, 87.67917487540007, 83.39915215410318, 46.09246761687243, 59.87251438046305, 78.10194460216172, 90.40788671789991, 103.87315273479388, 111.20428474280978, 119.36391545748481, 125.15203606019313, 134.47867222449003, 138.77123474723916, 136.7814643693344, 129.26630666674328, 124.07682404475939, 112.66748828342782, 101.58128982963792], [26.92999989692733, 19.859013706751224, 17.441115617621566, 24.30170850292524, 25.732803790734756, 29.3823466032191, 31.68382490175886, 65.51825387771082, 70.5046129722992, 78.1885237876767, 85.73008115975162, 94.75938000780504, 88.91247489607089, 81.29338362205458, 72.7051124320839, 29.492283414226204, 19.36464385618749, 11.11785926659382, 0.0, 12.719433853622059, 10.633912819329677, 5.62148279518518, 14.059859720835055, 21.367229189902066, 28.3996085596765, 67.56586532107092, 74.24733071137632, 79.97603100309564, 88.02123387665607, 94.69401265454043, 94.77441117653717, 88.25012529713543, 80.35639598404994, 74.54407804838814, 68.6743303488599, 40.44377821373196, 49.74694003287738, 57.99224972062558, 61.45666892801081, 69.59967863979654, 77.02270651169383, 83.04181915030378, 86.65868551302664, 82.32971046758556, 73.74011457539477, 63.455634639112276, 56.98335267121567, 85.79326564994498, 84.47236547338146, 85.5556476789534, 90.8131010197903, 93.03636710829682, 98.04052947746838, 107.63149978490466, 106.51606328502154, 104.21768030129493, 101.35312937547317, 96.62479576104182, 90.88055296650218, 86.92563230925055, 87.50188660926332, 93.02545664731136, 99.19823257771597, 104.51907889004302, 99.94941285631941, 93.731171153396, 88.31112161222747, 35.575435424817435, 51.14622701787135, 71.55181527114365, 85.46996686948367, 99.97997399365015, 109.09627487278917, 119.04318074914447, 129.01223657179386, 138.8213889759169, 143.21335191493066, 141.13209747246347, 133.8697218240031, 129.28863118227946, 118.306961050726, 107.96180506791012], [34.07524340353038, 27.712756094598134, 21.698842642696494, 20.717933816656476, 27.858182780235577, 34.090766261807104, 37.27489249115693, 73.21899702021281, 78.68518260312432, 86.59396587834452, 93.8041713684684, 101.7892923160364, 96.42219293963359, 88.9873982364134, 80.25437718304204, 40.83868344065245, 31.42219900124246, 23.487961303902157, 12.719433853622059, 0.0, 4.802056062190339, 14.489777894794104, 24.856006309287153, 31.42793919829462, 38.4280835761086, 77.35487278255033, 83.88600763358826, 89.2586301225926, 96.56747044220535, 102.48265614290806, 102.6581730919047, 96.86357845248533, 89.4084053120266, 83.68776702600131, 77.9268629556437, 50.0730511260906, 58.601777145160206, 65.6794023929908, 67.22188601267443, 74.80518829995275, 83.42239651193749, 90.17177423221689, 93.09114191018305, 89.36624416866024, 82.34910285641358, 72.512865529893, 66.48398927042658, 87.44676897887824, 87.78269222152, 90.55306025476618, 96.17261740641702, 98.74104919475789, 103.57539956816966, 112.47842507488213, 111.0697295140945, 108.466432400083, 105.23872378936876, 99.9062567791977, 93.26848138976258, 89.09695937947038, 91.33260062116665, 97.98754711700721, 104.34777415731801, 109.3313454564104, 104.96774609167151, 98.53137842155341, 91.97654433405805, 24.068780733692442, 39.68486366774458, 62.16932218721294, 77.61303040635306, 93.19403356396504, 104.21758366229014, 116.03553524174114, 130.78417802244346, 140.6562321163478, 145.07776153247679, 142.9563031286504, 136.14213861301323, 132.47668971569743, 122.53075593064422, 113.87862492245416], [30.598604959704716, 23.835570771742415, 17.3300833550444, 17.494608669372315, 23.605593901779745, 29.947712224209003, 33.47938111560647, 70.63525533766324, 76.41012630011332, 84.44046379717064, 91.72624811183105, 99.85272697572906, 94.17242554397095, 86.51801608187856, 77.79812326067854, 37.75920494731088, 28.5348750277358, 20.698318106039878, 10.633912819329677, 4.802056062190339, 0.0, 10.694875192591775, 21.23552007046025, 27.9195425889509, 35.12982415788424, 75.09359460525866, 81.86452820621243, 87.46960839819533, 95.08042944571041, 101.16722346424142, 101.14467676791669, 95.13288209573797, 87.40810135602447, 81.52328751060988, 75.62749907619586, 46.74767358318371, 54.66266855029704, 61.382706729280926, 62.90782184662592, 70.51283420799315, 79.05394731870015, 85.89558483207934, 89.25114631771152, 85.67047442151419, 78.44548685052388, 68.98559242704803, 63.548109756298544, 83.45170905418614, 83.57147558968316, 86.23011548996791, 91.91514785026854, 94.57005678921539, 99.58410651957945, 108.82237301372572, 107.17929833823054, 104.43440689639942, 101.15861519525448, 95.77908708222579, 89.22970253596962, 85.06348784360507, 87.11304361700114, 93.7763292324653, 100.34824137110843, 105.56055875280268, 100.98411706452828, 94.34380130592652, 87.78569545938453, 28.533115244093825, 41.179750182330935, 61.98834982438008, 76.74876977544984, 91.74186339306448, 102.05264705463384, 113.35062829000469, 127.01935828761562, 137.65478949523225, 142.60423640147837, 140.98683199534608, 134.4226208940374, 130.94260975931712, 121.53032252108396, 113.32136012141792], [23.592359404959925, 15.91128833703689, 12.423964809245394, 20.502772931949615, 20.64043216256399, 24.58115650664643, 27.528568111932813, 63.61413936826597, 69.19982286849655, 77.11870195410027, 84.66375511579395, 93.59059085009686, 87.41672575916708, 79.52982492295261, 70.9384593602607, 27.909329367955465, 18.46072371799489, 10.770023118083135, 5.62148279518518, 14.489777894794104, 10.694875192591775, 0.0, 11.081418300983817, 18.581565018106954, 26.028082368361833, 66.76929065155707, 73.76859048923718, 79.73884285946697, 88.00780702202775, 94.69773355830466, 94.50055395300642, 87.87610353454919, 79.71376111326664, 73.68545235921313, 67.65031318941266, 37.92328248212904, 46.06402640598189, 53.5284756719981, 56.55850915899332, 64.61819611306429, 72.19801144267026, 78.5109002732923, 82.55952272609241, 78.58091983565325, 70.08774656551755, 60.47175956399801, 55.046118480288776, 80.50111204162579, 79.21614535309635, 80.49126176936353, 85.90793623351733, 88.31960578217137, 93.52302756941312, 103.40356031286014, 101.90741791962999, 99.35851792414245, 96.35757936193376, 91.45294142886334, 85.65505072886984, 81.67433653654824, 82.33108333303296, 88.09363950867383, 94.5819026771838, 100.1296494819018, 95.3244177075566, 88.7948389258118, 83.14290818465817, 38.40774258673025, 50.537447197452, 69.17120541255592, 82.4125228787184, 96.31759794589257, 104.8451944773776, 114.44413174245477, 123.95752601120104, 134.75783019633684, 139.86755770229547, 138.4764307735907, 131.6861008149538, 127.61119205621499, 117.70321785807779, 108.53299516341535], [15.630996892191554, 8.603756761367038, 12.779215656300469, 25.52407135952352, 20.218195007888045, 19.75769405906876, 20.886218468117274, 53.97716530717424, 59.46243397945497, 67.30649009276685, 74.98138011400506, 84.40096088081152, 77.84439474058357, 69.80336311505258, 61.36856213275027, 17.07605064060241, 8.999521771133177, 6.394505252450263, 14.059859720835055, 24.856006309287153, 21.23552007046025, 11.081418300983817, 0.0, 7.97908215971906, 15.354572991374363, 56.5152848186497, 63.735695736562576, 69.98652613655601, 78.70350882988947, 85.7476962625755, 85.31315378081875, 78.29019813852877, 69.79736010446207, 63.63631130121412, 57.498355450721164, 27.25400762675765, 35.90497588907952, 44.50209961765626, 49.07545928025213, 57.48002276574497, 64.07986805502497, 69.62861001098213, 73.64472958622738, 69.17704689413387, 59.91335096997046, 49.93352838482102, 44.453855744607644, 76.349561976734, 73.64670583222193, 73.4277158059939, 78.33833068461495, 80.29651529226558, 85.36771098580581, 95.42534654924471, 94.39745559320322, 92.31865275514653, 89.75765085069342, 85.59645450966123, 80.6575204365673, 76.9665987757124, 76.18288146663942, 80.77708306076941, 86.74362842892482, 92.292984908072, 87.57153422772707, 81.57792454775617, 77.09665158739097, 48.07942490242141, 58.35879584511, 74.6652528373938, 86.09334738420081, 98.95923302186364, 105.64610031909965, 113.37899246886967, 118.810085552713, 128.70410048429386, 133.57048798775668, 132.1940715034811, 125.16063458134616, 120.559228173639, 110.4197744425437, 100.96192765049321], [9.792619351898296, 7.075037884500826, 15.91843138365888, 28.814466784334456, 21.13808932347382, 17.178102248042244, 16.0234158539958, 46.12390532881821, 51.78914427457691, 59.722486950065054, 67.37793050813806, 76.79335955625756, 70.06970864969185, 61.942703274506144, 53.54553067043883, 11.170638991101853, 9.005378841633869, 12.638225005502035, 21.367229189902066, 31.42793919829462, 27.9195425889509, 18.581565018106954, 7.97908215971906, 0.0, 7.543768820051422, 49.29320857979134, 56.67913895997548, 63.02804023241403, 71.81356703696319, 78.8264751388636, 78.17729182515225, 71.11991493472149, 62.50350944799558, 56.232381406536454, 50.02725579518464, 19.372117822666553, 28.651898413222135, 38.209188181704164, 43.5256807616694, 52.02605797983663, 58.16466581678573, 63.149563423827644, 66.48839637748877, 61.687976390061976, 52.525880682701946, 42.14676146699584, 36.643564748420225, 72.54430531212864, 69.06900332856418, 67.99081544389409, 72.45061543028996, 74.00272622671018, 78.74218457195114, 88.53427148875828, 88.00549345838783, 86.39139122306037, 84.19013590055958, 80.63210537995123, 76.22592708547643, 72.76671528518419, 71.18113674972757, 74.95930432694267, 80.30064759073947, 85.58886660363353, 81.15623091401594, 75.78287442253301, 72.11819595272826, 53.76877118457289, 61.92152360483522, 76.41077015068902, 86.44690335529312, 98.65554890335109, 104.16660849041838, 110.67358380639244, 113.84638769038143, 122.46869121576222, 126.94522949637604, 125.46494020547051, 118.30729919535209, 113.50476843965656, 103.53798980759416, 94.60287569419155], [10.497357367082678, 13.107719007313129, 22.469680935819184, 34.80936483812857, 26.146830237749313, 19.926274500314754, 16.47721114439625, 39.08434805024335, 44.572756048768376, 52.44041335791439, 60.14057880015949, 69.80884112604134, 62.91996998115315, 54.767639276790575, 46.48810429651853, 7.0031098979516955, 12.663251285287004, 18.98986550673345, 28.3996085596765, 38.4280835761086, 35.12982415788424, 26.028082368361833, 15.354572991374363, 7.543768820051422, 0.0, 41.9622723132171, 49.463860715829995, 55.92658213273871, 64.87835104312246, 72.01156017707373, 71.20473077262122, 63.985003588299506, 55.2256958830664, 48.888573176095406, 42.64175386652799, 12.064118306645167, 23.038162577771363, 34.093621730558944, 40.67007248034409, 49.16046113799539, 54.3835993049818, 58.46356429553588, 61.10603609088723, 55.74814882414069, 46.33694264060895, 35.20634041893132, 29.12149786200732, 71.5637621583186, 67.14113765263244, 64.88977936451727, 68.73610742102487, 69.75010057584873, 74.09782801941527, 83.6126941814708, 83.73446151582337, 82.70365551162175, 80.96799267025516, 78.16857756480711, 74.48311568179082, 71.32977112441375, 68.7055318470691, 71.37163547948532, 75.92847779563493, 80.92338367100812, 76.8324262598861, 72.24157016682902, 69.68163706837274, 59.98064937618158, 67.33928856570448, 80.62020565706321, 89.50534435312588, 101.11304023446253, 105.52703436382166, 110.7883347704377, 111.33559164884456, 118.4872297088702, 122.38390732416734, 120.62733849628779, 113.16708585998263, 107.87937038759576, 97.6052860586135, 88.53531621701957], [48.41603306273015, 54.47039798704897, 63.65011843869734, 74.3380995721252, 65.65998963651869, 57.482067755893574, 51.53877576554661, 20.375106925970695, 14.459535683179041, 15.871204507996547, 23.283959831371057, 35.88634024150208, 29.667206012591762, 24.651103614384404, 21.40595627836969, 40.429027863046876, 50.16179612750621, 57.91045457736912, 67.56586532107092, 77.35487278255033, 75.09359460525866, 66.76929065155707, 56.5152848186497, 49.29320857979134, 41.9622723132171, 0.0, 7.996474607588769, 15.139686210096594, 25.44202378376156, 33.98411930761806, 32.63185162415467, 23.776972380660137, 14.38039698950578, 8.809097222774929, 5.35294906479008, 32.5164987381835, 37.46247646903019, 47.69895986192392, 56.921246833525245, 62.410850744352786, 61.418722263404284, 58.633423449897194, 54.784318344883225, 46.2550176520659, 39.09041166070388, 27.230086321043146, 17.053492887127227, 88.5474962947818, 80.66990973939987, 73.0106456684324, 72.49567069854345, 6