{
	"dissimilarities": [[0.0, 8.690995163378304, 15.781897148633968, 22.4438937126295, 18.097221127664465, 11.961042744643542, 8.610169279897987, 42.540850723398385, 48.16150205888676, 55.4277472573837, 64.01719331396373, 73.34824713032667, 64.30627240819184, 56.91524239214495, 48.266053318475876, 16.50129338214984, 16.530919764825338, 20.479960021843812, 28.007773319878087, 33.7340642043106, 30.51472517081868, 23.928831149774492, 16.298085354843526, 10.773123890423149, 10.306090782418567, 44.38196532661222, 50.64433286542253, 57.60079636708335, 66.32879845196202, 73.36967879626931, 70.57087631020966, 64.19504792595333, 56.72549658525799, 49.612563718820475, 43.11914218343839, 19.672515333946723, 29.094596725273608, 40.83174087093683, 40.43301319063926, 48.16764618362352, 54.9013522780862, 58.91117052984557, 60.771295585044925, 57.95790912194226, 47.164912959594496, 37.61428442715759, 33.077177124012586, 64.3747376937273, 60.55720340948103, 62.16173269651536, 65.71615495369866, 68.04336612634245, 72.29660811890297, 80.01230999319873, 82.14919667730976, 80.89259049764264, 78.22893127372477, 75.16663040718534, 70.92164223887839, 65.4992728786014, 65.93732131240526, 68.95323003139868, 71.9808539895037, 77.58539122227995, 72.92604436319016, 69.92464461436774, 66.93848378956048, 52.58884850038417, 56.23497094805922, 69.29936939652697, 77.90310685577741, 89.239625823883, 95.74995867198174, 101.65919992704832, 105.8885947181894, 122.44566401268793, 120.53072185549891, 124.62497997210548, 114.73624347072794, 110.29427811696567, 101.9385439960171, 95.46197888872015], [8.690995163378304, 0.0, 8.054089296718278, 16.19375553024736, 13.482701574999053, 10.803217680390826, 13.741748644061209, 51.17219676413613, 56.625048429836006, 63.82626616992959, 72.51934475728315, 81.98628824521762, 72.96625071364159, 65.5517314595534, 56.899455720183454, 18.573493727293286, 13.701919191245803, 14.528763224610824, 20.66910491308992, 26.375985365862956, 22.675917607871966, 15.76690616538479, 9.085143282401326, 7.802658438833588, 13.157160872184926, 51.99791041368599, 58.2731271156715, 65.37386358821443, 74.17354434401844, 81.33353469299036, 78.79191985322198, 72.26033456597098, 64.82943712586703, 57.6307997299048, 51.26842750175801, 26.567172804298245, 34.62155532992025, 45.12901859476036, 44.29050884318451, 52.40401606610152, 59.75143100170652, 64.8269416110422, 67.63321571098244, 65.4769554184307, 54.33400426176043, 45.48017569802891, 41.33252467604729, 66.89190944640107, 64.05842614334675, 66.42541468290929, 70.75729058108288, 73.8528285361734, 78.67067341977118, 86.74191114763327, 88.44188196403755, 86.45212407560332, 82.91083538310717, 79.13531703115825, 74.27670238573651, 68.62991660376484, 70.16355409546918, 73.84668502742883, 77.60834693807989, 84.06673569106165, 78.51906651301465, 74.79139504263661, 71.14548969378077, 46.771790448927405, 51.872498123977365, 66.81950361107899, 76.78940707650759, 88.77776960637367, 96.24086902638551, 103.37218236927589, 109.92425132110712, 128.551160873933, 127.52020780740858, 131.9244185891261, 122.35723732642904, 118.30010935163159, 110.01141474872777, 103.1848151301218], [15.781897148633968, 8.054089296718278, 0.0, 8.662344701532549, 8.582845922691027, 11.190954636195832, 17.844397043279045, 58.07924153143854, 63.90183306158665, 71.19001320238063, 79.70404412181382, 88.63004279088517, 79.71552138408542, 72.32886251848541, 63.70861573863184, 26.15268418252618, 19.53512436780268, 16.905751486400717, 18.183892628354634, 21.483645752476395, 17.330076294849544, 12.83694562769435, 11.593666363611037, 14.78971069340861, 21.062370248112863, 59.881581605070636, 66.14970026636752, 73.16812080393882, 81.78786479107546, 88.67040929815029, 86.21003272773784, 79.887432024778, 72.47158328152837, 65.33258526275752, 58.879542987227104, 34.04480843375148, 40.479966861744295, 49.452671987317345, 46.36646925968619, 54.460388562061816, 62.41437066224059, 68.36238637723162, 71.71143908916868, 70.24201557244328, 59.93325461467508, 52.03348088051779, 48.74709899710515, 66.0202261090748, 64.52171242593992, 67.81353391134041, 72.91794536636368, 76.72911137158634, 81.88196908711491, 89.98684031380407, 91.17589985044444, 88.63651264058635, 84.32312490720179, 79.8620367239761, 74.28629437975223, 68.3524140854151, 71.22631872095369, 75.57286964850276, 79.97820283995651, 87.09852213605112, 80.82621752965815, 76.45401444611453, 72.14525047129685, 42.25319800560603, 45.489077722621936, 60.7220017877635, 71.5133012677599, 83.94783231819353, 92.20624974535026, 100.53486250314849, 110.04942783265052, 129.9599983511671, 130.00067417575525, 134.77644310746228, 125.8300983970595, 122.6564636502119, 115.36828419305587, 109.73852880709218], [22.4438937126295, 16.19375553024736, 8.662344701532549, 0.0, 6.804462547146908, 13.808168916417632, 21.662189478094056, 63.15476963214586, 69.54034522970791, 76.93427796426462, 85.10209600326591, 93.14513082665667, 84.36660664046951, 77.06524302435767, 68.56911483479033, 34.64757583826057, 28.156411452746518, 24.631713348559682, 22.377810195751707, 21.98166105140319, 18.145104674339056, 17.95619264933839, 19.867119299177446, 23.390112347593202, 29.246044817701364, 66.78016519935689, 73.03112080203385, 79.86380371834215, 88.21947669107585, 94.65767822078485, 92.11406042637654, 86.17210925624272, 78.75648839482619, 71.76692672756816, 65.15861510483732, 40.737050163878344, 45.561956858075945, 52.95727316276392, 46.87493988091008, 54.613106629395794, 63.046090577031784, 69.65097024329471, 73.27927085917605, 72.51231838328248, 63.67793276217638, 56.91261670994471, 54.749608179188, 62.57345695729604, 62.56506937307458, 66.80162335319505, 72.59218042576106, 77.02292313516847, 82.33573041281396, 90.25512411979186, 90.90446001509412, 87.95279186588459, 82.99553297816789, 77.93289257554133, 71.65196421226253, 65.44205073693729, 69.71192543715894, 74.6532779096697, 79.58891948639233, 87.19580824091533, 80.35595422475319, 75.44716103593836, 70.5391504738853, 40.8489334462334, 38.92079949774882, 52.60946394684996, 63.66036204213471, 76.29946171238166, 85.13163139279727, 94.48437300421195, 107.04979626995367, 127.7222488732894, 128.91233603032848, 134.14727563074038, 126.04292471776996, 124.0383756558891, 118.34156435777355, 114.77470173328463], [18.097221127664465, 13.482701574999053, 8.582845922691027, 6.804462547146908, 0.0, 7.542782026034363, 15.783001619793174, 57.67157677624254, 64.27201764788752, 71.6724286636723, 79.85112884521467, 87.98769336413679, 78.81407327604892, 71.39133426182411, 62.930257798450796, 31.451811545335715, 26.701678108335628, 25.327637569870152, 26.168970178660715, 27.59654253271161, 23.572309569025816, 20.966724651746134, 19.629253273864595, 20.93946824541915, 25.522939800133756, 61.80326188621076, 68.1451605658549, 75.04804096172947, 83.68630825145449, 90.30719006405421, 87.26504543598796, 81.23358591353035, 73.63180419450666, 66.63921356546153, 59.98668134441735, 35.173418798465214, 39.11310181483972, 46.37337497871542, 40.391751786680516, 48.22102542115991, 56.53892097058699, 63.010358560071694, 66.70910221591072, 65.99650119415581, 56.96384840544064, 50.55768549904805, 49.21131063085321, 57.84989832433265, 56.98941056764554, 60.81283717415527, 66.36279131802078, 70.63612471231936, 75.98397848445113, 84.08290332649592, 84.83578664584121, 81.91008832113356, 77.16282050057177, 72.3670872932179, 66.44695752340151, 60.384045217040814, 63.938224959910585, 68.64726182595845, 73.4344586634976, 81.0187977958283, 74.23020616304838, 69.47729564584463, 64.80854725698022, 46.90639496352039, 44.22209955442516, 55.280795283822485, 64.7701417861749, 76.38828612997577, 84.14121083664325, 92.10212749865916, 102.10374759100395, 123.12007823131287, 124.10566300657422, 129.80285174585327, 121.82620436168092, 119.79813603731115, 114.46826414073463, 111.19615610492183], [11.961042744643542, 10.803217680390826, 11.190954636195832, 13.808168916417632, 7.542782026034363, 0.0, 8.389191474592826, 50.27986693531438, 56.882036203772046, 64.27115384509214, 72.49717744819394, 80.85735300092031, 71.4950408889112, 64.0114842921926, 55.52910461443244, 26.57706085470833, 24.05356094646464, 25.067463896491024, 28.908937434874304, 32.0957303793179, 28.216714824317044, 23.70090857490092, 19.229769060797448, 17.623382626083846, 20.242795111698054, 54.54126573464135, 60.8991011997101, 67.80301817546668, 76.56910185839436, 83.31814134976399, 80.02111175495318, 73.92453208837532, 66.2518033202825, 59.267345051373155, 52.60366438815586, 28.006888984739465, 32.43308201269468, 40.80038033853288, 36.01817816530334, 43.9255795960746, 51.807565218855714, 57.530038155878, 60.72773505766803, 59.49959216497396, 50.04569439579602, 43.13065167829539, 41.722720569968686, 56.39915055913536, 54.194332812692736, 57.1665826160444, 62.03064866312466, 65.67695022835763, 70.72977452559937, 78.80716856315222, 79.9914370374735, 77.57159624289216, 73.54284243741687, 69.39349821731743, 64.13569118853731, 58.31091569375574, 60.57622510514377, 64.68109497530553, 68.88800677080121, 75.9085675976414, 69.74190148559978, 65.57111338989523, 61.50740854075679, 51.452807986379526, 49.795493307969146, 60.01946445733902, 68.35389462430125, 79.32537865451916, 86.10466664233657, 92.70358203416778, 99.72962436266562, 119.54804818650156, 119.65109418454963, 125.18403142730716, 116.808508345203, 114.21553453516296, 108.4688492740099, 104.81859867506442], [8.610169279897987, 13.741748644061209, 17.844397043279045, 21.662189478094056, 15.783001619793174, 8.389191474592826, 0.0, 41.9111402863207, 48.59379666163163, 55.997387809245254, 64.14502871298677, 72.49373722539792, 63.12529686304838, 55.66301505048172, 47.17177202101718, 24.026886232545262, 24.563564849390776, 27.793282251291334, 33.66662166368131, 37.82131351648228, 34.35513309153187, 29.04778738682678, 22.677489877465586, 18.27266069258391, 17.68208487479488, 46.922437888690595, 53.2021192130622, 59.939751596577075, 68.60691144398058, 75.27224238134282, 71.80222546261287, 65.8234082862644, 58.16634559913357, 51.289276190970845, 44.57758786046426, 21.56399576562549, 27.221200772166405, 37.12968540735149, 33.43293774410958, 40.998000171219594, 48.14322423413211, 52.62187022437719, 54.76576930952112, 52.705311851932464, 43.34690610616562, 35.53706293907347, 33.71589116175893, 55.93456686465181, 52.448138356152604, 54.440468780163904, 58.360921351936874, 61.08832326905657, 65.52551687125613, 73.27555407241871, 75.01967814193095, 73.4469191135985, 70.44690940394631, 67.14483524445076, 62.646968791468744, 57.10688569142031, 57.97790248707634, 61.27546784390996, 64.61770865269744, 70.6622861106853, 65.5244793608666, 62.2104344322375, 58.945633045497175, 56.26469726366277, 55.04459099854256, 64.42562677488503, 71.61265162578486, 82.04149903673368, 87.89850675436922, 93.24078771177464, 97.58102549609177, 115.06532795706534, 114.04486993391639, 119.10231292292676, 110.19463239931858, 106.97340280384972, 100.78727209930557, 97.03032267994723], [42.540850723398385, 51.17219676413613, 58.07924153143854, 63.15476963214586, 57.67157677624254, 50.27986693531438, 41.9111402863207, 0.0, 8.340861627356551, 15.180249318714795, 22.446013905639035, 31.804105869971913, 21.85974654921161, 14.592865218320563, 6.130860864542679, 43.824032502945265, 52.259870290535645, 59.30045573964028, 68.4560230755398, 74.4395989580654, 72.08604698253413, 65.62969768070913, 57.18039062518749, 49.789760051149884, 42.965946584142536, 18.414281630768386, 20.99235027285797, 24.2018369872895, 31.24575336961772, 37.18593177522416, 31.54411160387685, 26.707486025085192, 19.694812114054958, 15.747837892592209, 11.401548787104366, 29.68571844711076, 34.31740170900887, 43.835854813651146, 47.97788127710549, 50.3345310187293, 50.70391801052988, 46.45426438623613, 41.067941492310595, 33.13977799415712, 28.132986887016887, 17.87385339864001, 12.814903798486435, 71.34360095213466, 63.181332881327585, 59.924637593362164, 57.790790074812655, 54.48476998554122, 54.04743915758714, 58.19338520073134, 63.30498145117272, 66.9665383098952, 70.1908417737599, 71.88339869305214, 72.05639401537502, 69.1706013400982, 63.253184705699695, 61.52903399125003, 59.24053632986652, 57.988941260450716, 60.246457997624354, 62.479484409467126, 64.1625691502033, 89.1982022304581, 90.07908387749268, 96.5571285668195, 99.45959966945405, 106.94162178004474, 108.67531752152682, 108.12559306920431, 98.62563169988488, 102.66155035622783, 94.8438055533705, 96.75011438234559, 84.79921658693296, 76.95902030621181, 67.17541735097552, 61.490434415726064], [48.16150205888676, 56.625048429836006, 63.90183306158665, 69.54034522970791, 64.27201764788752, 56.882036203772046, 48.59379666163163, 8.340861627356551, 0.0, 7.436926813080524, 16.020140772463208, 27.706734063411282, 18.692254025194337, 12.950456154064188, 8.571642908957767, 47.10458217636609, 55.987067851039555, 63.26485032527516, 72.82272002767127, 79.26756816878202, 77.11458444512765, 70.3823913033207, 61.8030657806872, 54.36348907418677, 47.28830733580652, 14.379037929893816, 14.503235540482027, 16.165836842615263, 23.083080704372072, 29.694192030315644, 23.8863191275531, 18.441586634461363, 11.517375481761851, 8.953202565310919, 8.204591601320203, 34.331763350816296, 39.74672716293997, 49.41395362184154, 55.43164967079885, 57.696966661410855, 57.51429690053951, 52.64321575190389, 46.897691232781696, 38.62378652903702, 33.41997656121549, 23.55259027106135, 16.83088134276643, 79.33877629219067, 70.86375322442622, 67.19582653303706, 64.55285689805285, 60.70031014883721, 59.77349900313136, 63.371491545664426, 68.87469989052309, 73.05302166102524, 76.88156246602033, 79.0296559646501, 79.64646449983495, 77.01490109318115, 70.5944434147311, 68.44829939407467, 65.65483864390409, 63.552285693177, 66.65518003029345, 69.39506612495467, 71.50182111582531, 93.5737696611924, 96.40846221275805, 104.10798795913486, 107.35521829065351, 115.05126028480983, 116.79638062577254, 116.06291892776217, 105.27975329554158, 107.4742721127207, 98.35758538474292, 99.14923511036771, 86.27667681913445, 76.8318941582292, 64.58299747795405, 55.64178898707749], [55.4277472573837, 63.82626616992959, 71.19001320238063, 76.93427796426462, 71.6724286636723, 64.27115384509214, 55.997387809245254, 15.180249318714795, 7.436926813080524, 0.0, 9.45422547492062, 22.831124244618067, 14.841771236437447, 11.874549042971989, 12.795346780156057, 53.492029007641634, 62.578867362518245, 69.96655696244306, 79.67789074932844, 86.27012145891857, 84.19201764359057, 77.3661531222553, 68.73162602845723, 61.27505637745006, 54.103252783481224, 17.367255579156456, 14.530279923015284, 12.586321099650405, 17.66311537772468, 24.09575661541519, 17.10027071504884, 11.939892382922213, 6.673816062074305, 9.807809379793534, 13.481093326324615, 41.01742126526158, 45.747079954235964, 54.58921255830792, 61.392411780599936, 63.0864517235633, 62.08996107846782, 56.31291649855701, 49.879969270395996, 41.35084694978377, 37.35638947225731, 29.09341171025471, 23.628732534270796, 84.85150043650015, 76.03042204120177, 71.83079730777035, 68.4851587793487, 63.925048016097215, 62.28509850501789, 65.09858258147324, 70.97241563103886, 75.80928265081133, 80.43574523637946, 83.2150382860183, 84.44495453567087, 82.22007149921343, 75.13259737812666, 72.39238305090451, 68.90507994355023, 65.71803657884469, 69.87894865146363, 73.30931644625375, 76.00786933621477, 100.26176316996275, 103.51884830986243, 111.07782679838964, 113.9661411385424, 121.31839475420722, 122.60227497219498, 121.15036410631384, 108.43639432053399, 108.59647898510258, 98.32950154381845, 98.44201854838853, 85.12478737629172, 74.61821436941896, 61.26529055041181, 50.960702828437974], [64.01719331396373, 72.51934475728315, 79.70404412181382, 85.10209600326591, 79.85112884521467, 72.49717744819394, 64.14502871298677, 22.446013905639035, 16.020140772463208, 9.45422547492062, 0.0, 14.188202042970099, 9.738476083818554, 12.742437149707467, 18.416514994865288, 62.779231721205974, 71.70838719997309, 78.91543348937213, 88.31530145520057, 94.60015750085537, 92.65630223793634, 86.1415344883706, 77.68146372731798, 70.29455100473888, 63.232909836226284, 26.496529177702108, 22.57872439201509, 17.796088812175025, 17.001767696566734, 19.691381312294396, 11.446020822064364, 11.76845718257555, 13.007395032016635, 18.817780167815812, 22.896181988791717, 50.153872357124065, 54.13276694100648, 61.929667470827816, 67.84205085042399, 68.65797691223298, 66.8746900823665, 60.020907048924904, 52.2922708329829, 43.52159818329056, 42.83489992641735, 36.57229453151369, 32.62737381744723, 89.26263407380632, 80.44387235384403, 75.85425497297511, 71.74776156644546, 66.33992537567973, 63.51134258762768, 64.78920092147445, 71.0529494066816, 77.01686484078579, 82.73354080977259, 86.26854140598361, 88.0793823829137, 86.26443208037014, 78.7084842810985, 75.29382934995161, 70.87840126001434, 66.04325518769899, 71.7796598792143, 76.12692027691315, 79.49327806305742, 107.75359696499278, 110.060646543022, 116.50816926537398, 118.50615718967012, 125.25236913629816, 125.84307596579485, 123.54556615570759, 109.37807594067421, 105.52055339092074, 93.774908780568, 92.74274340820868, 78.92064540476498, 67.44101825392585, 53.688454154596826, 44.555195107016715], [73.34824713032667, 81.98628824521762, 88.63004279088517, 93.14513082665667, 87.98769336413679, 80.85735300092031, 72.49373722539792, 31.804105869971913, 27.706734063411282, 22.831124244618067, 14.188202042970099, 0.0, 12.417596040652029, 19.866492539177717, 27.140330350673644, 74.31873503241239, 82.67248820097812, 89.3526159750749, 97.8828099719782, 103.31684160349847, 101.57681765358271, 95.85825591441503, 87.88388201377468, 80.72552656725249, 74.05068849084641, 40.07713748964796, 36.48106802027218, 31.326534732827984, 26.924220465028156, 23.680194254370594, 18.508467887950477, 24.139405523556437, 27.09810815982012, 32.525965063705655, 35.55494826978508, 61.301133931494626, 64.60401992097029, 71.3005009826742, 74.47376909309907, 74.19132660531258, 71.85255386841808, 64.05932415981788, 54.66142666643232, 45.993795062466944, 50.43586560550364, 46.25774752450639, 43.860189538642814, 91.81303921498339, 83.6100420522725, 78.97538898391446, 74.24791848184002, 68.06169997963427, 63.637519391040854, 62.475355958118804, 68.98624124543335, 76.50885395264615, 83.45846427866259, 87.73151005992159, 89.93336135999043, 88.47425791109254, 80.93300697549793, 76.91434577828745, 71.481565568667, 64.53504043495612, 72.24114740457071, 77.58916435809637, 81.55008282564614, 115.00971699751028, 114.73221777210622, 118.88982624313056, 119.38562746956553, 125.20769440999686, 124.89255826740381, 121.7478492039758, 107.30220605176946, 96.88393918679694, 83.32776825682353, 80.41687468943203, 65.9320807728216, 53.67433085224871, 41.01819124243311, 38.82713676514102], [64.30627240819184, 72.96625071364159, 79.71552138408542, 84.36660664046951, 78.81407327604892, 71.4950408889112, 63.12529686304838, 21.85974654921161, 18.692254025194337, 14.841771236437447, 9.738476083818554, 12.417596040652029, 0.0, 7.963193566902474, 16.287183138405855, 65.15016768433111, 73.86738210705262, 80.95997522504479, 90.02760057512182, 95.81056817472071, 93.63947937509403, 87.40396265892898, 79.01553132815626, 71.61958628265353, 64.7086365411571, 31.572153776788195, 29.23320847014609, 26.204273043053014, 26.712860097947395, 28.266308709289138, 20.42806857534263, 21.26217559765637, 20.39783459959054, 24.306486025271486, 26.511485923337755, 50.83771755939365, 52.8281857554551, 59.04034979339785, 63.12281598247702, 62.97562906242564, 60.605404399752736, 53.08153639495655, 44.44934323508662, 35.651863822075356, 38.22172232560041, 34.33857099198995, 33.56809675709656, 82.30701828729806, 73.51392596757702, 68.68926743372104, 64.13929506502593, 58.30540676490664, 54.8417185565565, 55.45394622863013, 61.79665037345648, 68.20707457488656, 74.40520803692242, 78.32684260998387, 80.48984288774132, 79.01119326564033, 71.15602901082188, 67.34808784953768, 62.449540030363465, 56.902885746291936, 63.30252625054796, 68.11803973524988, 71.86811248670288, 109.31993261340484, 108.85854170419033, 112.81040143380416, 113.49409904247541, 119.15371439137719, 118.84621338272903, 115.54531795710699, 100.2595333532468, 96.06175903643175, 84.72189109305411, 84.87942093411075, 72.10636578643314, 62.197493269314855, 52.47075625168695, 49.5369139367137], [56.91524239214495, 65.5517314595534, 72.32886251848541, 77.06524302435767, 71.39133426182411, 64.0114842921926, 55.66301505048172, 14.592865218320563, 12.950456154064188, 11.874549042971989, 12.742437149707467, 19.866492539177717, 7.963193566902474, 0.0, 8.654424921217876, 57.8738477605945, 66.62830892909427, 73.82436801623959, 83.04791777027026, 88.94894166652905, 86.59817672036999, 80.17618373806047, 71.66287587849676, 64.20899364692005, 57.26129611691187, 26.083781790772253, 25.189655763462234, 24.328112379802878, 28.024910793459323, 31.866401274667552, 24.12846022994227, 22.04989103183095, 18.09066128511796, 19.64750185262353, 20.383468863684048, 43.08389763404386, 44.918798824518774, 51.5408749494215, 55.92276831677553, 56.29793002134981, 54.46102343423518, 47.66757350790374, 39.93513435141946, 31.133661970811477, 31.38433050364022, 26.46586517108415, 26.032100356646524, 76.61243766215328, 67.72973737699708, 63.153602646962995, 59.16684667074542, 53.987839701795764, 51.53784323499501, 53.60455752256439, 59.60698124566573, 65.02176083042964, 70.30759119328387, 73.62600340601307, 75.34578065273462, 73.55603011222672, 65.98469623603809, 62.68864285958389, 58.53672794795728, 54.44930239769138, 59.460383873255154, 63.53394958133507, 66.77380007855108, 103.2668655411146, 102.91549263765728, 107.22774123354017, 108.39093988204284, 114.35403010692679, 114.4653710616785, 111.69566127959665, 97.43978597401048, 97.05199845126951, 87.22670708666884, 88.67529454865377, 76.58299960030693, 67.82018711170828, 58.807960400763335, 55.180460845029785], [48.266053318475876, 56.899455720183454, 63.70861573863184, 68.56911483479033, 62.930257798450796, 55.52910461443244, 47.17177202101718, 6.130860864542679, 8.571642908957767, 12.795346780156057, 18.416514994865288, 27.140330350673644, 16.287183138405855, 8.654424921217876, 0.0, 49.55006534638046, 58.146244801697215, 65.28203724049541, 74.48133702805778, 80.41089718633634, 78.00190977433819, 71.54173317544071, 63.038035207995826, 55.60374601020505, 48.7193484267067, 21.17289695249143, 22.33218409635656, 24.020611370065392, 30.102648393355924, 35.40162856530635, 28.728123033833185, 24.72280485511047, 18.443016554460957, 16.589683649462575, 14.516558977507168, 34.78828530891474, 37.66308036257998, 45.68095766353211, 49.91435425965196, 51.318290660258484, 50.65645330967525, 45.240182449563726, 38.82499908837306, 30.40086422006029, 27.512777572471613, 19.74911468423144, 17.8680910289778, 72.2111013270451, 63.636255808109176, 59.74396459346532, 56.78025402748601, 52.66423242914297, 51.44374854272385, 54.89123698471943, 60.36735722503223, 64.69095991721822, 68.75679611299061, 71.14572370961308, 72.01260220804656, 69.61988779211757, 62.89647159950766, 60.47707277816327, 57.405048969508506, 55.06434728364452, 58.38745409138036, 61.3923920196578, 63.76228945396227, 95.13869640889892, 95.2162749480988, 100.48539112190896, 102.515101020118, 109.22351198264143, 110.16989994841117, 108.55343631020328, 96.83416366945411, 99.49176816242058, 91.0307617280604, 93.03429657771424, 81.19877898671523, 73.20792780450245, 64.10266346765889, 59.55498790490462], [16.50129338214984, 18.573493727293286, 26.15268418252618, 34.64757583826057, 31.451811545335715, 26.57706085470833, 24.026886232545262, 43.824032502945265, 47.10458217636609, 53.492029007641634, 62.779231721205974, 74.31873503241239, 65.15016768433111, 57.8738477605945, 49.55006534638046, 0.0, 10.13734406062934, 18.72141131342087, 30.436786281594728, 39.110287077043374, 36.22424203004542, 27.302999583961576, 18.05235319588239, 11.464832282354855, 6.448774256474251, 38.62370410602465, 44.70881022314482, 52.20311077498203, 61.71734178456511, 70.07532008020145, 67.5630199040077, 60.066520487146626, 52.818423652665444, 45.49024027906927, 40.076718689785345, 17.74735551220257, 29.705905171715706, 42.79609183622034, 49.180607283115506, 56.83967956650816, 62.318983186221274, 65.44572425434721, 67.43331517199955, 63.84452743495324, 49.908670052658415, 38.99380472918317, 32.01531384991265, 76.91870488427709, 71.53867371058662, 71.8639142230722, 74.45792989124892, 76.02412522671186, 80.22635377247457, 88.33169289692508, 91.09385795897121, 90.01390726736416, 87.95779542639815, 85.58355849501002, 82.36683856007706, 77.58510760870142, 76.34487362045705, 78.58687104644564, 81.02902859457687, 86.14212806947043, 82.05742710503593, 79.65170670020298, 77.44355304385064, 58.332594313076335, 68.93442728957363, 84.85560500192808, 94.14697727390175, 105.48486833362739, 111.78987664525563, 116.89381354683414, 117.3493439206924, 134.34910753432973, 131.06488320813202, 134.65945080348476, 123.66624192377033, 117.24298100874196, 105.797645435975, 94.29905174534794], [16.530919764825338, 13.701919191245803, 19.53512436780268, 28.156411452746518, 26.701678108335628, 24.05356094646464, 24.563564849390776, 52.259870290535645, 55.987067851039555, 62.578867362518245, 71.70838719997309, 82.67248820097812, 73.86738210705262, 66.62830892909427, 58.146244801697215, 10.13734406062934, 0.0, 8.65006461848315, 20.5084964076787, 29.44870226449463, 26.593902860200537, 17.543612729510794, 9.058503578641126, 6.550289819035108, 10.335217110923503, 48.21645149051151, 54.18688202330976, 61.470101624708626, 70.47749744832895, 78.37215306223786, 76.4177577232851, 69.23412125584231, 62.16665765308917, 54.905050325692706, 49.325531066674515, 26.338979593957962, 36.95055873247885, 48.93128255948965, 52.931725887444564, 61.024900206600975, 67.45748417133379, 71.66140806685341, 74.19384711444823, 71.15655962487784, 57.94493105735574, 47.60271517121418, 41.0590670585925, 78.53939576327944, 74.4988504535452, 75.87284116645864, 79.39566599157573, 81.7651283683967, 86.36200383505296, 94.55693800606747, 96.86327704317989, 95.27229999687576, 92.37962061832602, 89.21165526589203, 85.11563040918374, 79.87586147922119, 80.10263847891211, 83.128927570159, 86.29962293652072, 92.13635526322093, 87.2819544887609, 84.14828218565978, 81.15885228604768, 49.268872781437295, 61.45665157672759, 79.43951034730415, 90.14667866396923, 102.4336686437862, 109.91761024415716, 116.67039819534261, 120.76082102054258, 138.72002478769525, 136.32584164879933, 139.8696926284434, 129.1143869510717, 123.2935826750096, 112.17840071203685, 101.25784907445214], [20.479960021843812, 14.528763224610824, 16.905751486400717, 24.631713348559682, 25.327637569870152, 25.067463896491024, 27.793282251291334, 59.30045573964028, 63.26485032527516, 69.96655696244306, 78.91543348937213, 89.3526159750749, 80.95997522504479, 73.82436801623959, 65.28203724049541, 18.72141131342087, 8.65006461848315, 0.0, 11.96333835350961, 21.189998496544096, 18.63426187049141, 9.993026248101877, 6.358146533818325, 11.375019171991973, 17.907895855085428, 56.09365526226289, 61.935155439368906, 68.99472597580451, 77.50949701450315, 84.95173073227981, 83.50044671299263, 76.62997227010842, 69.76099137510471, 62.59556472501235, 56.926846193910166, 34.252257021693616, 44.29855619062026, 55.565904814982666, 57.64227207843713, 65.87273302839957, 72.90762345804133, 77.72998710924793, 80.44583167410683, 77.7024578512288, 65.2588136156955, 55.186513909914716, 48.699627160275234, 81.06752001089426, 78.16822694649925, 80.3337611445459, 84.47778864358033, 87.34832791772158, 92.10098221460039, 100.20456949630585, 102.20569881460595, 100.3675292037422, 96.95224239903345, 93.24127154347103, 88.48320347266443, 82.90281557945383, 84.28133883911524, 87.84158104038688, 91.45943096967467, 97.6657433283461, 92.39978561597032, 88.81479345042841, 85.28938404673548, 41.22742107460292, 55.16212076458003, 75.20022222757432, 87.16839155165428, 100.32655331138194, 108.84970701920696, 117.0591465268577, 124.31930589695138, 142.44760434670928, 140.64213566264323, 143.94147871903158, 133.30428067308114, 127.90857749330964, 116.98047858750681, 106.55430309155345], [28.007773319878087, 20.66910491308992, 18.183892628354634, 22.377810195751707, 26.168970178660715, 28.908937434874304, 33.66662166368131, 68.4560230755398, 72.82272002767127, 79.67789074932844, 88.31530145520057, 97.8828099719782, 90.02760057512182, 83.04791777027026, 74.48133702805778, 30.436786281594728, 20.5084964076787, 11.96333835350961, 0.0, 9.55207748171993, 8.19373130097418, 6.590479698968582, 14.443792740413924, 21.51240899160884, 28.69929165700202, 66.7272307832163, 72.44608187488393, 79.20222939116977, 87.08021269331867, 93.84640873542399, 92.92301193955466, 86.54068446494038, 79.88442892954515, 72.86604972165219, 67.0342396464135, 44.82053330719153, 54.22047039644405, 64.63098386814339, 64.03329384224138, 72.22656175835515, 79.91878409489847, 85.39810495404788, 88.21067544232473, 85.8497830426541, 74.66620585538345, 65.01088520688833, 58.75970346232116, 84.01329032361105, 82.7044065783777, 85.88327491474386, 90.76031043651845, 94.21311789132368, 99.06340520507669, 106.91432850500206, 108.49955366561683, 106.41815834152054, 102.39964870057621, 98.03771666556652, 92.44422588692156, 86.46227812508653, 89.35949399326469, 93.5568860388401, 97.67926206171101, 104.25173491238033, 98.55287955631584, 94.45434711142738, 90.28529844262748, 30.06567755732089, 45.820255729021866, 68.52339554171017, 82.09765201006745, 96.35813228375685, 106.24716953546343, 116.42294611969017, 128.1060850773873, 146.08829056818684, 145.12510595088978, 148.1072805643866, 137.7706297414455, 133.12633536268132, 122.81616798570212, 113.62297212518638], [33.7340642043106, 26.375985365862956, 21.483645752476395, 21.98166105140319, 27.59654253271161, 32.0957303793179, 37.82131351648228, 74.4395989580654, 79.26756816878202, 86.27012145891857, 94.60015750085537, 103.31684160349847, 95.81056817472071, 88.94894166652905, 80.41089718633634, 39.110287077043374, 29.44870226449463, 21.189998496544096, 9.55207748171993, 0.0, 4.821996709396327, 13.323279010813739, 22.331184231643622, 29.301912067550127, 36.55139157621587, 74.32783372064924, 80.01558355415527, 86.55046849465684, 94.00116126141268, 100.20559949558816, 99.48368298356344, 93.53415752347482, 86.96041860171316, 80.065015237232, 74.04172974614384, 52.103811422796745, 60.84784404643591, 70.53018689470535, 67.61655645556542, 75.60562626119516, 83.71444006693508, 89.61356478249583, 92.42685288046627, 90.42704475755608, 80.4903427110911, 71.34097434199786, 65.56780437726152, 84.43773076951273, 84.42458437577578, 88.37324424057277, 93.76467158584646, 97.63195996736134, 102.4891596339622, 110.04514741114203, 111.2646595723178, 109.0290193341315, 104.59198561736541, 99.77250204505057, 93.56557867843615, 87.31851716612633, 91.39544065155894, 96.04255224929179, 100.50667573015993, 107.29922782141097, 101.31612498765388, 96.86677062622162, 92.24062696037004, 22.407832339382452, 37.2659440680154, 61.5262124361941, 76.1265878048309, 91.09613150708869, 101.9338982438281, 113.54947014189577, 128.71949068209634, 146.40869727874608, 146.2297937829583, 149.101730685975, 139.22600397282838, 135.43126656232232, 126.12459422403465, 118.59461238810366], [30.51472517081868, 22.675917607871966, 17.330076294849544, 18.145104674339056, 23.572309569025816, 28.216714824317044, 34.35513309153187, 72.08604698253413, 77.11458444512765, 84.19201764359057, 92.65630223793634, 101.57681765358271, 93.63947937509403, 86.59817672036999, 78.00190977433819, 36.22424203004542, 26.593902860200537, 18.63426187049141, 8.19373130097418, 4.821996709396327, 0.0, 9.55173430329639, 18.74069450146696, 25.900418240766477, 33.33693096271224, 72.09817117844375, 77.96823940057845, 84.71019246920663, 92.56168234114195, 99.05480114843817, 97.89763327063768, 91.74790784242587, 84.92631635804516, 77.90860157493921, 71.79243573122625, 48.76893627920742, 56.8447985299984, 66.15718241827484, 63.38012837393193, 71.43384800606255, 79.55872622396926, 85.65422855173937, 88.81464018589169, 87.05794538267422, 76.81197983691254, 68.03485248833448, 62.879504547724814, 80.70559984442981, 80.47593740395574, 84.36365992473831, 89.80644501087875, 93.79751294010566, 98.85936672133204, 106.66697809651637, 107.8021997134909, 105.31643282728025, 100.72985903949018, 95.8685918767709, 89.73644673829587, 83.56366516700668, 87.50244340509627, 92.18450519211329, 96.77412418042465, 103.83255728109654, 97.58909115793395, 93.02048576147106, 88.3648704814674, 27.0736011251866, 38.939409480703446, 61.32641918060571, 75.3010462295226, 89.723151321834, 100.09957041623372, 111.10266731359724, 125.1705060923931, 144.05563131627372, 144.1161283905711, 147.5999844147738, 138.01961169306205, 134.41547998442462, 125.57125953533975, 118.29623111780613], [23.928831149774492, 15.76690616538479, 12.83694562769435, 17.95619264933839, 20.966724651746134, 23.70090857490092, 29.04778738682678, 65.62969768070913, 70.3823913033207, 77.3661531222553, 86.1415344883706, 95.85825591441503, 87.40396265892898, 80.17618373806047, 71.54173317544071, 27.302999583961576, 17.543612729510794, 9.993026248101877, 6.590479698968582, 13.323279010813739, 9.55173430329639, 0.0, 9.626356586374461, 17.233017327964657, 24.809535758268655, 64.39590932951002, 70.39293397907635, 77.42393082063654, 85.84382882552363, 92.94217593258108, 91.36187363949433, 84.75891581582795, 77.73451958902024, 70.55902816031279, 64.55564661787756, 40.64184715949113, 48.894581181697504, 58.69525155590841, 58.09007051806449, 66.34556751868213, 74.0821986084343, 79.8716750006098, 83.18202231910601, 81.2243776604677, 69.74318518853715, 60.73306539348316, 55.55322122225184, 78.5278751530705, 76.99926077875287, 80.1372502244833, 85.1164477433396, 88.77529547748024, 93.91072396828233, 102.08009850751905, 103.50345980298185, 101.05794950532413, 96.80292072427294, 92.35831175345557, 86.83853168818641, 80.95775370861465, 83.73274084943152, 88.003648240698, 92.32355860929202, 99.28515850831458, 93.19765991858613, 88.90981408592422, 84.67433542687911, 35.37010450896333, 47.19845658528995, 67.4587403017258, 80.16931506953034, 93.6718946706869, 102.95360141691052, 112.3566438996175, 122.76785766845674, 142.3511529245337, 141.8245143498101, 145.68098230353297, 135.8597580217177, 131.63490996841674, 122.21365310660109, 113.75083010215448], [16.298085354843526, 9.085143282401326, 11.593666363611037, 19.867119299177446, 19.629253273864595, 19.229769060797448, 22.677489877465586, 57.18039062518749, 61.8030657806872, 68.73162602845723, 77.68146372731798, 87.88388201377468, 79.01553132815626, 71.66287587849676, 63.038035207995826, 18.05235319588239, 9.058503578641126, 6.358146533818325, 14.443792740413924, 22.331184231643622, 18.74069450146696, 9.626356586374461, 0.0, 7.746559566565082, 15.326908951142888, 55.40326078402322, 61.531771302413404, 68.75849388466087, 77.62391200066688, 85.12972822426104, 83.06640363350044, 76.1871807696241, 68.96283790132713, 61.692240785223916, 55.71901199950768, 31.234672564931074, 39.95138231822037, 50.5543493033184, 51.724364775547905, 59.99496404211535, 67.22950711718498, 72.43690865814077, 75.55915539508865, 73.28547005502732, 61.03682001574903, 51.732595583702015, 46.56137304003303, 74.87124701045502, 72.05484170978454, 74.37675762481112, 78.74286629270773, 81.89771477655313, 86.89022793417392, 95.18361614262412, 96.9442720131595, 94.77561834529966, 91.07214118834169, 87.19037694270038, 82.34133406571654, 76.76214857192335, 78.30429861520354, 82.0376764329824, 85.9048687934066, 92.50193622572351, 86.83017468488976, 83.00090309863077, 79.30706821721317, 43.611392339460416, 53.78446175066514, 71.68698727396878, 82.92748516440047, 95.50431115025188, 103.6116727936374, 111.380059393688, 118.3017603341466, 137.62282798911255, 136.41685084123066, 140.49616508891572, 130.48944956146977, 125.78887364727154, 116.1346875366296, 107.18957957401592], [10.773123890423149, 7.802658438833588, 14.78971069340861, 23.390112347593202, 20.93946824541915, 17.623382626083846, 18.27266069258391, 49.789760051149884, 54.36348907418677, 61.27505637745006, 70.29455100473888, 80.72552656725249, 71.61958628265353, 64.20899364692005, 55.60374601020505, 11.464832282354855, 6.550289819035108, 11.375019171991973, 21.51240899160884, 29.301912067550127, 25.900418240766477, 17.233017327964657, 7.746559566565082, 0.0, 7.624071876715027, 47.94638400512878, 54.17233472760406, 61.48628023118391, 70.60209016958075, 78.30278029822216, 75.87032490936038, 68.88001756242808, 61.51624513416079, 54.20491444754631, 48.20324844181075, 23.55852400785773, 33.17710471797607, 44.75622520524906, 47.14363751332799, 55.267134026342234, 61.99155291060811, 66.50245094298084, 69.20109047706333, 66.5376599440419, 53.95087309209649, 44.232926238886186, 38.913733110565616, 72.11939949102762, 68.30212488142368, 69.92012434294166, 73.6782559237751, 76.29084457547299, 81.00519194270592, 89.23029187259284, 91.3157894498599, 89.54798374269627, 86.44611029300468, 83.11592504608016, 78.84189682558686, 73.51381176847613, 74.02726563129279, 77.23563372330644, 80.6008260128411, 86.69880973042471, 81.56322869054354, 78.23607178700736, 75.0662536832644, 49.74759176959727, 58.42538637391291, 74.52626574411954, 84.56947782912759, 96.44958201200824, 103.63706010966271, 110.15905083634283, 114.50440268964607, 132.9424067583698, 131.09062414116386, 135.18209337056993, 124.99566397932249, 119.9336393465492, 110.16984449449076, 101.1256750371125], [10.306090782418567, 13.157160872184926, 21.062370248112863, 29.246044817701364, 25.522939800133756, 20.242795111698054, 17.68208487479488, 42.965946584142536, 47.28830733580652, 54.103252783481224, 63.232909836226284, 74.05068849084641, 64.7086365411571, 57.26129611691187, 48.7193484267067, 6.448774256474251, 10.335217110923503, 17.907895855085428, 28.69929165700202, 36.55139157621587, 33.33693096271224, 24.809535758268655, 15.326908951142888, 7.624071876715027, 0.0, 40.54403290574676, 46.85226220585164, 54.27821093247376, 63.69337767210883, 71.67027818849586, 68.87357780644498, 61.70230268026208, 54.2172043524337, 46.86025716627544, 40.91355295156588, 16.346387874818642, 27.49853555673965, 40.24562629120459, 44.445265105927454, 52.253723744344065, 58.24459109996259, 61.855922823532076, 64.03116164300144, 60.85425117175702, 47.74186011441253, 37.402899078712935, 31.647829120701754, 71.21960992800065, 66.31765233835795, 67.09179449939857, 70.0940449921786, 72.03439067231433, 76.39690745789036, 84.51936970244273, 86.99941649117385, 85.70335739955355, 83.31126028239882, 80.63174932219914, 77.04956224702913, 72.06201839555521, 71.39265408791572, 73.96139883753558, 76.71377825845933, 82.18445315977193, 77.71635628597772, 75.00039820064055, 72.46688140460185, 56.235233059015265, 64.20352476431282, 78.8991419394874, 87.86664354281771, 99.06178264145905, 105.35473740220692, 110.62585633371096, 112.20180645337771, 129.6235172139527, 126.9955885979361, 131.01449216834735, 120.56040905556124, 114.97725756009902, 104.86942825673499, 95.37519223604627], [44.38196532661222, 51.99791041368599, 59.881581605070636, 66.78016519935689, 61.80326188621076, 54.54126573464135, 46.922437888690595, 18.414281630768386, 14.379037929893816, 17.367255579156456, 26.496529177702108, 40.07713748964796, 31.572153776788195, 26.083781790772253, 21.17289695249143, 38.62370410602465, 48.21645149051151, 56.09365526226289, 66.7272307832163, 74.32783372064924, 72.09817117844375, 64.39590932951002, 55.40326078402322, 47.94638400512878, 40.54403290574676, 0.0, 6.616657719170457, 14.380158752166333, 25.282335822474064, 34.78205876227263, 30.294952499015736, 22.047584788615485, 14.640889859522884, 7.692978158903676, 7.088273619596593, 28.634113894766326, 36.11278477840427, 47.412964347901706, 57.155171325361565, 60.83559366546836, 61.429646123313404, 58.10744159194484, 54.7158469232995, 47.44973736222887, 36.95324873570785, 25.282299192979046, 15.140117375545739, 84.59817512670851, 75.937163444