{
	"dissimilarities": [[0.0, 8.727200521118673, 16.147618286910337, 25.31864218454656, 17.466884692316054, 11.280766335506202, 6.632415510090271, 43.8171863949912, 49.502427252481006, 56.787510029472344, 65.33838997130462, 74.30626940085045, 66.14554543016928, 57.74414773658654, 50.36370537002226, 17.193220420805666, 15.117263168850542, 18.05787364039435, 24.08984927526391, 32.090192504036075, 28.743859937340186, 21.195833448735673, 13.818309463986148, 8.62736306407868, 9.988530053862883, 47.027965087604315, 53.99752726745648, 59.85976426956983, 68.07029822921817, 74.3407119169612, 73.81811884469441, 67.58513764743638, 59.36799372746107, 53.072276681501236, 46.54702060202877, 18.973867811888486, 24.175662715855502, 34.8646416986114, 36.834205542012555, 45.50542894401659, 53.792837646206124, 58.40698889108838, 59.50380324064782, 56.14652774650978, 46.47873199423902, 37.03105687625504, 33.5249016721733, 64.46469051683034, 57.40975568561642, 57.601420484799405, 63.38096348454722, 66.54954866523745, 72.0838706724378, 80.38401070771128, 83.79044426234015, 82.97392773570424, 80.38287589464818, 77.48161137495859, 73.63226173129081, 64.33823327894802, 61.452509137373625, 66.94348031436735, 70.50940247143308, 77.98641582964154, 74.32013057753757, 70.93346652846384, 68.02333129952652, 59.97551585004382, 64.69877950366151, 74.27946308991773, 83.27939970435615, 92.87669224280229, 102.72567911294053, 113.43838637959291, 109.75111246727799, 125.27822240595309, 117.15551195103463, 124.43743370579341, 116.81385830335262, 110.77989425129188, 103.92257225276717, 91.30055458860691], [8.727200521118673, 0.0, 8.811036896696157, 19.579712432927376, 12.245132657831803, 9.778416169914943, 12.284117017917572, 52.493833743807755, 58.026738254724236, 65.17061034348697, 73.87788911032106, 82.98150502022162, 74.80436819030845, 66.38732161239248, 59.033555866576734, 20.2589467416536, 14.188248867616714, 12.542781404710082, 16.63562595470705, 24.977434025525536, 21.128216906110087, 12.88835776919922, 7.021790377054205, 8.93912258465287, 14.560865673578547, 54.67748648935466, 61.73138054146941, 67.71739963582846, 76.04667824694316, 82.48057206475217, 82.09183580410384, 75.69586582522113, 67.42326457710678, 61.1706205575494, 54.789036873241436, 26.109244314425688, 30.911687726052847, 40.1178207929597, 40.977358982430154, 49.83609439112762, 58.62004831192391, 64.12732869392582, 66.49287488934333, 63.717273395293724, 53.58982120732745, 44.53231556977533, 41.34781301346888, 67.08716818931524, 60.78028027792457, 61.68717273271895, 68.334092916528, 72.26541324921644, 78.44084095681589, 87.02358216601677, 89.95170745628049, 88.49292530385432, 85.04392353766008, 81.42752250601433, 76.94365307440148, 67.59884186267352, 65.50388677835748, 71.85428439006797, 76.04956668830702, 84.36974615174934, 79.97878525821974, 75.7871000721932, 72.11677191524319, 54.85022131491587, 61.080946266388516, 72.28739835674469, 82.34915003978517, 92.5148112982844, 103.36386001295863, 115.18930117748286, 113.75231606189264, 131.5317410325633, 124.33834408511096, 131.80080965249562, 124.52324934738061, 118.87767183176305, 112.05278518542436, 98.96334534954781], [16.147618286910337, 8.811036896696157, 0.0, 11.11954496555007, 6.399599259944796, 10.700546916560246, 17.10975681449883, 59.48616903181266, 65.44453908266422, 72.8415270184926, 81.21780484063596, 89.65724984593203, 81.8220494374335, 73.46753283799605, 66.02748551292021, 28.94848996230073, 22.02513197359049, 17.03325877385411, 15.372018977149683, 19.39347965175507, 15.165433710081919, 10.671433004390412, 12.415004208250839, 17.64441693097967, 23.344781923057393, 63.049646706604626, 70.0238672718612, 75.87341690783089, 83.94468245971731, 90.07788446727481, 89.68368564691656, 83.60138024583352, 75.47308719761564, 69.20672167136411, 62.67936203433052, 34.422369074965324, 37.68231090074844, 45.300608976531805, 43.040016735637124, 52.234869300049304, 61.8003122295426, 68.48745933563914, 71.05819660034561, 68.91667659430338, 59.88876901351961, 51.83687046702848, 49.50494007734708, 65.82628892905632, 61.209909331055385, 63.23953105529908, 70.78221349501713, 75.38771924361558, 81.76741882578015, 90.00608396910403, 92.31110918105641, 90.43578850701616, 86.19451672307696, 81.86275492163001, 76.57727020103553, 67.04094881113411, 66.5893843866045, 73.80918034124893, 78.50669919167778, 87.15429397949264, 82.18865400902159, 77.25669843497957, 72.66637035312776, 49.439205583045634, 53.78166404052752, 65.21997311699864, 75.93943112440628, 86.60835393857427, 98.37368704324454, 111.25957495443005, 113.41980883111306, 132.41684948014145, 126.54348142610945, 134.00491633941175, 127.4276462299011, 122.77771829939807, 117.0531222072438, 105.70235058549866], [25.31864218454656, 19.579712432927376, 11.11954496555007, 0.0, 10.098916867801021, 17.45170918047859, 24.271688906282623, 66.30064101252208, 72.79796538204965, 80.52482025164927, 88.28760502690726, 95.61754476568046, 88.40026335386749, 80.24565495715943, 72.76019856854896, 39.82542358018232, 32.99622982402899, 27.14370420065533, 22.024777518301335, 18.690863611438772, 15.58519821080845, 18.35385495484774, 23.332448721793515, 28.516376069719726, 33.81413556631618, 72.08328500655824, 78.8484087966531, 84.40430845020896, 91.9821532438659, 97.5610860646037, 97.12390495990422, 91.61850930759573, 83.7950692256413, 77.5521981429646, 70.83331643407665, 43.921081843879634, 45.649170780441395, 51.80391509499788, 45.77974562137407, 55.133019203633644, 65.41370167474683, 73.24197296628697, 75.33117056646188, 73.80909615134979, 66.71623518653574, 59.868327991445106, 58.38377616671811, 63.482270677714794, 61.36673084191536, 64.74255773975187, 73.05224112879752, 78.17847451594622, 84.39273695938914, 91.79809700419307, 93.39011423707952, 91.29085997500248, 86.3606130462831, 81.35882240672198, 75.19368046564584, 65.46951478906846, 67.29639075433602, 75.27360757686286, 80.31294388015175, 88.82863316581214, 83.4695005736496, 77.91701625863227, 72.35553933330635, 44.59856281912668, 43.9093615594972, 54.69930806203586, 66.06692994174156, 77.39870822253567, 90.21137773875935, 104.25462034326677, 111.32023478248173, 130.5951101654068, 126.30827938198337, 133.48839815040913, 127.81741622249432, 124.51789905048471, 120.43360982688282, 111.97206893364057], [17.466884692316054, 12.245132657831803, 6.399599259944796, 10.098916867801021, 0.0, 7.9305256491761575, 15.93620289765498, 59.054233367612085, 65.48881043077598, 73.08882539004036, 81.1655849254457, 89.17362985823183, 81.26155574729428, 72.85781393034432, 65.43973732529604, 31.870850738077227, 26.201669493578606, 22.688247612883153, 21.660541320405542, 24.21534059950324, 20.055097029443342, 16.737512007305057, 17.257225145069413, 20.72192092775165, 25.51700724442161, 64.03510474059622, 71.09339478315573, 76.93515474551617, 85.0369201554459, 90.99617699965823, 90.31395483756054, 84.38872541357578, 76.18639218892557, 69.79061641612252, 63.09163391779155, 35.023611058125475, 36.09507800404621, 42.20903783118044, 38.009951071995474, 47.2610307293993, 57.15593918384591, 64.4837792316844, 67.27512427813868, 65.70680755309408, 57.47141443313405, 50.60281158023752, 49.80528066441225, 59.60826815827455, 55.378808010061555, 57.80221629148233, 65.69443841568595, 70.62835861677637, 77.17244607877876, 85.3673829160112, 87.3188732506698, 85.14668596293411, 80.55674436196767, 75.9846488832907, 70.5001313372419, 60.9695128998403, 60.95929570204457, 68.50038825090706, 73.43400482561539, 82.37055784773932, 77.04406224594528, 71.76883946852215, 66.86554837862779, 53.0447418431394, 53.445374797719836, 62.10929844759979, 71.60824957663559, 81.55360924444135, 92.82294759225024, 105.4489799044594, 107.37180035220439, 127.61629955459685, 122.43121204901898, 130.74859348386676, 124.87975639853194, 121.00421687947845, 116.74944004946452, 107.24245398711864], [11.280766335506202, 9.778416169914943, 10.700546916560246, 17.45170918047859, 7.9305256491761575, 0.0, 8.517160984974632, 51.58548664965471, 58.010935487798115, 65.57038559427421, 73.70567856973156, 81.96221326040161, 73.76901865790765, 65.28572344272631, 57.91300521317285, 26.39685952846128, 22.66135998685677, 22.194819220466496, 24.64497880862568, 29.85581855797353, 25.808634167474686, 20.010801249251113, 16.22080340216011, 16.098856620338882, 19.435285482814397, 56.565995907238445, 63.68594493222515, 69.57877024888188, 77.83102156868578, 83.87648272239159, 83.04390882640328, 77.01357578983968, 68.6987526892476, 62.24710169122887, 55.535336974888494, 27.541891289224026, 28.275962248740434, 35.20202187898526, 32.70106504645638, 41.911505157642644, 51.381981497051804, 57.95308764992916, 60.40522457375926, 58.46775428338904, 49.822028422920425, 42.693828554486494, 42.10025117402069, 57.42361322526845, 51.693417638728114, 53.196404269437124, 60.38858174761573, 64.7901220244847, 71.14361895864337, 79.57296128671928, 81.99197933584111, 80.17387605626624, 76.2575412865441, 72.31551441910675, 67.52932129498522, 58.09478358978481, 56.7021729662722, 63.53353875779453, 68.05391686902225, 76.71248971666263, 71.82745290745697, 67.15899415225313, 63.02289416900921, 58.666768071364395, 59.31331632009299, 66.777436319, 75.15390230706132, 84.34117507353675, 94.47153627093589, 105.89806367820415, 104.36900747467749, 123.60804903545846, 117.4438648904724, 126.05208086875727, 119.83694769472581, 115.43151459619499, 110.94386154271022, 101.06107881859714], [6.632415510090271, 12.284117017917572, 17.10975681449883, 24.271688906282623, 15.93620289765498, 8.517160984974632, 0.0, 43.18478782672678, 49.593543286680934, 57.20606704951293, 65.27896407970984, 73.55350532837141, 65.42488794748743, 56.98539933085038, 49.575773281821064, 22.530500120750734, 21.330906144190195, 23.75924155293862, 28.46943903569712, 34.76858698890182, 31.244166060488414, 24.823869078080676, 18.65931353020199, 14.477153838335317, 15.069246637917836, 48.709004713489705, 55.66721982115932, 61.40910591425774, 69.4942497788304, 75.42766002266694, 74.5863114153661, 68.67475571440143, 60.476719920367614, 54.058964226483894, 47.29344043451857, 20.738820507456204, 22.375072191174397, 31.52048300482651, 31.05422192676031, 40.051204225238145, 48.84708551205532, 54.18213288530053, 55.15621341148919, 52.34202346496563, 43.874954816378946, 35.877986403046165, 34.43022756101101, 57.931304123001496, 51.25230998271323, 51.80925020550164, 57.91179528017052, 61.35003736421013, 66.94586878760578, 75.09537861733162, 78.1842011613992, 77.18721443429068, 74.33948101978199, 71.26590816435886, 67.24111242468207, 57.85141355768703, 55.43074701837463, 61.19614709768249, 64.93785514907074, 72.5682956343522, 68.61431089971336, 64.95818785397158, 61.77179831476524, 62.16392980311946, 63.32322672460826, 70.47924704747217, 78.35320303523177, 87.306652112816, 96.6446427274623, 107.04730846414712, 103.33597668992984, 119.62698243182103, 112.17714375586417, 120.20010312812757, 113.29904318284557, 108.14679306410575, 102.97265404837427, 92.77037173613074], [43.8171863949912, 52.493833743807755, 59.48616903181266, 66.30064101252208, 59.054233367612085, 51.58548664965471, 43.18478782672678, 0.0, 7.9875211320092285, 15.959148923676977, 22.332875918105778, 31.027648145732506, 22.343671875380373, 14.13088258799927, 6.687780410210626, 42.9783686080781, 50.22657608492545, 58.01982160141089, 65.99072996470463, 73.63531753099205, 71.27499603349771, 64.38672204220154, 56.005883001381754, 47.6279370534252, 41.71689891942391, 19.51645102103525, 21.900316626258647, 24.64443956084222, 30.497773440055617, 34.9609587961833, 33.064009873297266, 28.539518110083446, 21.996889378067458, 16.885848352739725, 11.447936457038576, 30.653790538467998, 31.356312765235103, 39.21731031222597, 47.059237391005595, 49.748493402994335, 51.148381873675, 47.71224973517769, 39.58766281457998, 31.724610381873198, 29.292901753586754, 22.6472545660918, 18.553517284873774, 72.10096478979328, 62.64634434903926, 58.64448061184487, 57.375890820371616, 54.61132840209816, 54.483004591705196, 59.61765079573489, 66.15829239460317, 69.70656165612998, 73.03019619451113, 74.92386792476914, 75.50206745599658, 68.78245705663528, 61.80854481546702, 60.606109892131336, 59.24639175724011, 59.564789410836944, 61.7186681035586, 64.32273459081199, 66.79689562262635, 95.0771533871163, 96.28160448980792, 99.99752330057701, 104.16571757788462, 110.4506838141563, 114.95097725208704, 119.38736374834333, 102.96963189089705, 104.1159094115972, 89.65214812295162, 95.3178856034721, 85.07311846211114, 75.44819985817264, 67.11292026984746, 56.23378914844379], [49.502427252481006, 58.026738254724236, 65.44453908266422, 72.79796538204965, 65.48881043077598, 58.010935487798115, 49.593543286680934, 7.9875211320092285, 0.0, 8.150751473878591, 15.880181113016215, 26.71734753098836, 17.72820739313555, 10.469980499101752, 6.617687348691159, 46.37566713094247, 54.12920309506191, 62.30423490236073, 70.7018020851465, 78.9004643313272, 76.67488642606224, 69.48417188218869, 60.88325171874935, 52.396145845368395, 46.26203963843076, 15.453056713418935, 15.335613880509934, 16.954552233718974, 22.638732309152868, 27.569425151483376, 25.701293233364755, 20.60891961405209, 14.198432164562712, 9.953534399616096, 7.236718197157949, 35.03971162661545, 37.00521602574564, 44.87982366834666, 54.244249116950535, 56.455136781453696, 56.996628893909765, 52.41477445794391, 44.3507748731623, 36.26125201363617, 33.3394279275406, 26.6371256257969, 20.989573922672413, 79.54626840591838, 69.68076857760421, 65.22449099655236, 63.2745543051653, 59.93834870839125, 59.33617189475466, 64.20994039988398, 71.1179952638882, 75.04603755703201, 78.9899573056301, 81.35620222265354, 82.40894833825126, 76.05980850156081, 68.502996758848, 66.67438985405822, 64.8575636644217, 64.50624722044229, 67.32098978983252, 70.52182106556111, 73.55104469859408, 99.94192312420266, 102.83367616516311, 107.44275424912652, 111.90324093046145, 118.2884870220405, 122.66835155837315, 126.75559619928984, 108.90488272893369, 108.26154497572331, 92.61711869187977, 97.41624654821561, 86.26521152725422, 75.20950908152956, 64.60027963307226, 50.36316792686134], [56.787510029472344, 65.17061034348697, 72.8415270184926, 80.52482025164927, 73.08882539004036, 65.57038559427421, 57.20606704951293, 15.959148923676977, 8.150751473878591, 0.0, 10.029414278633071, 23.028795061476355, 14.089349851654758, 10.190833724721497, 12.14654719807967, 52.08882806655658, 60.21017748875439, 68.66847555287016, 77.38509358283353, 85.9979706283638, 83.82058249531767, 76.3694843625091, 67.58726336077443, 59.045797239591344, 52.77920472028971, 16.136543925557543, 12.246737047079149, 10.998835169225194, 15.663543258655173, 20.882527326439824, 18.62005779409234, 12.876164060639372, 7.425609523859775, 7.2417084001886565, 10.898953673607068, 41.39578943109203, 43.56551535701886, 50.75913335942139, 61.18201131229586, 62.679780060917494, 62.198880557535965, 56.446278481642025, 48.31019843078932, 40.21204379628866, 37.54139607952914, 31.812915999680165, 26.414556129099918, 86.23894426306371, 75.97856728775348, 71.02043292425911, 68.2346190697007, 64.24201477170118, 63.04998725238768, 67.56241698946766, 74.79038373773574, 79.1066073265276, 83.75094721285754, 86.68710411168637, 88.33615218969794, 82.50998016159629, 74.3268636691507, 71.71972760960082, 69.35674833732885, 68.2255559480668, 71.74940453026966, 75.63425617644006, 79.32446311836935, 106.82975391635713, 110.63906447170187, 115.46714190386608, 119.80155035638789, 125.97182398183911, 129.91578880732808, 133.36636782239856, 113.47405230077977, 111.1685502520092, 94.42658851687524, 98.75924704686673, 86.99264691600662, 74.77964511577882, 62.62455838555975, 45.87859629605372], [65.33838997130462, 73.87788911032106, 81.21780484063596, 88.28760502690726, 81.1655849254457, 73.70567856973156, 65.27896407970984, 22.332875918105778, 15.880181113016215, 10.029414278633071, 0.0, 13.49189044576797, 6.5685035091914985, 10.579309142365487, 16.64333860332938, 61.762588055862224, 69.68413504137067, 77.91154666748803, 86.29561239155507, 94.30525054744811, 92.25096207968602, 85.24306074029056, 76.69053420092771, 68.21110610412333, 62.045465982815095, 26.031860413381846, 21.072376866848355, 17.111700386851794, 15.469471570904641, 16.28172659968337, 12.73256910726857, 12.204574444227783, 14.028857380499238, 16.964499768329443, 20.680642815945006, 50.67861965643306, 51.836304699461536, 57.8813010239027, 67.05168611113201, 67.84283207652211, 66.60637197038515, 60.173307418023434, 50.171453185312394, 42.14089876031663, 43.07726600897632, 39.659038290745535, 35.88277305213064, 89.61277521448463, 79.96014517644142, 74.87835685897147, 71.12175283345887, 66.20155653290175, 63.46457714191442, 66.2706253029412, 73.78124687119221, 79.10941175592595, 84.84726236471955, 88.57201676503799, 90.82597031079814, 85.57881069178997, 77.64046846142855, 74.02938339130854, 70.74440631945774, 67.58564383299465, 72.42197858067247, 77.37739905300963, 81.76280402520644, 113.88374385075868, 116.24777526852682, 119.78942256265363, 123.2145992666958, 128.77393664227887, 131.75656542261416, 134.02815417701535, 113.09926813299336, 106.4621281295789, 88.51908456260759, 91.76416540755423, 79.47289840352096, 66.50247048835062, 54.38363585343822, 40.71604036507523], [74.30626940085045, 82.98150502022162, 89.65724984593203, 95.61754476568046, 89.17362985823183, 81.96221326040161, 73.55350532837141, 31.027648145732506, 26.71734753098836, 23.028795061476355, 13.49189044576797, 0.0, 11.195754036988397, 19.196646511579175, 25.19843188431869, 72.90210117567622, 80.28739972333645, 87.96168763249875, 95.62673090343385, 102.47225110836898, 100.6338580557175, 94.49598013820354, 86.47398301242859, 78.21968955957396, 72.3409657283519, 39.15710415096134, 34.37547489623337, 29.921524383876314, 25.04954698260385, 20.80994137481617, 17.710943510568853, 22.956453657006055, 27.322506590222005, 30.209383271314767, 32.90182071058224, 61.34916861108977, 61.48541423119728, 66.5798358451761, 73.26820117604876, 73.63357267186008, 72.13962730633604, 65.74863758287307, 53.474863524462165, 45.92106959528992, 51.29552182010373, 49.89949244073626, 47.41654612341396, 92.01165019429517, 83.78373991808134, 79.02130490951184, 74.57320267276825, 68.88960070701755, 64.28376765220523, 64.4529057210918, 72.00143176850098, 78.60878654744224, 85.43191552475218, 89.86623201454519, 92.51799350141212, 87.78906390059494, 80.90543517996021, 76.4814905068382, 72.28291176147684, 66.53511454288162, 72.83426158019014, 78.82335831452863, 83.65334042657638, 119.99770002902386, 119.86303412828546, 121.52965090668431, 123.78001870379741, 128.64072878755147, 130.5365631073645, 131.49374811407026, 111.07127414483826, 98.07278869549641, 78.92448279256902, 80.06868231652477, 67.09382579485218, 53.44568755283704, 42.403211213063145, 37.57231075446436], [66.14554543016928, 74.80436819030845, 81.8220494374335, 88.40026335386749, 81.26155574729428, 73.76901865790765, 65.42488794748743, 22.343671875380373, 17.72820739313555, 14.089349851654758, 6.5685035091914985, 11.195754036988397, 0.0, 8.767530207014115, 15.881357756247949, 63.88180781988851, 71.69283067779462, 79.81104512139046, 87.99442772344814, 95.63162363723188, 93.4402511083773, 86.59401904357499, 78.10151733131008, 69.62014542109169, 63.51476984161306, 29.766610350736745, 25.963169281673775, 22.975351565299825, 21.99474892712499, 21.869794857017887, 18.047317834700287, 18.574637948617166, 19.416769213357846, 21.02135929844868, 23.418431685043405, 51.88636275312756, 51.535404852144026, 56.37393104762031, 64.50777935699398, 64.73329205318572, 63.076256974463675, 56.48812482226199, 45.48805642703361, 37.6057125429137, 40.82938544800142, 39.20754149143781, 37.410839004624656, 85.4197043249318, 76.04733645414915, 70.90792139917232, 66.68521252871028, 61.38746700298106, 58.01323508942652, 60.21142797032118, 67.76920908012578, 73.397398230692, 79.50364003487742, 83.54057583220751, 86.08611929903383, 81.21023637536445, 73.35581236202488, 69.26912773647413, 65.60322148232869, 61.70827728445646, 66.97114921761276, 72.33379052890943, 77.03002850605212, 115.43675847640795, 115.90457850812143, 117.89008411101787, 120.35044568459116, 125.20667252143785, 127.44846089869579, 129.0260515940235, 107.18536407602289, 100.1420821890835, 82.25935092121664, 86.40831883284659, 74.74874419312474, 62.620156018561616, 53.2204193137435, 44.58214360747929], [57.74414773658654, 66.38732161239248, 73.46753283799605, 80.24565495715943, 72.85781393034432, 65.28572344272631, 56.98539933085038, 14.13088258799927, 10.469980499101752, 10.190833724721497, 10.579309142365487, 19.196646511579175, 8.767530207014115, 0.0, 7.505121485448986, 55.618676189906836, 63.43730917433731, 71.61169467857161, 79.8864456049199, 87.73687416782705, 85.37824425861292, 78.31329684108266, 69.70720849872895, 61.186466553728856, 55.060668957251515, 23.50114639512381, 21.693239699377177, 21.04122092515503, 23.82498168524217, 26.41360270568275, 23.187511638426276, 20.493984887560497, 17.142970741261447, 15.887914978340294, 16.23337844229161, 43.29507339748824, 42.79189986023262, 48.08488326302201, 56.623502945152154, 57.33153304908897, 56.3301056838251, 50.420630754088016, 40.41497322900683, 32.25949644051125, 33.45141073856511, 30.750642029073557, 29.028574745244395, 79.19051126129841, 69.41684281762926, 64.41293329576068, 60.97183258911182, 56.416338300401776, 54.27689557012419, 57.935539780512556, 65.24348292254406, 70.02347910561832, 75.18424352190176, 78.55237872108967, 80.57231219986538, 75.18830596017425, 67.2190746032293, 63.94183084167605, 61.022695787819444, 58.823454919952354, 62.94345958874935, 67.41082167268195, 71.5185888209514, 108.66241993807516, 109.31230171747094, 111.67475364174969, 114.5391059485882, 119.69409574943911, 122.5644683188354, 125.02957692563866, 104.14429406757212, 101.12742790904528, 84.58370744916206, 90.06370493022453, 79.19162402215171, 68.22992660166958, 59.70885771583502, 49.915282673467665], [50.36370537002226, 59.033555866576734, 66.02748551292021, 72.76019856854896, 65.43973732529604, 57.91300521317285, 49.575773281821064, 6.687780410210626, 6.617687348691159, 12.14654719807967, 16.64333860332938, 25.19843188431869, 15.881357756247949, 7.505121485448986, 0.0, 49.01494258361225, 56.54866148691515, 64.52274105379941, 72.62060003155548, 80.3205658508422, 77.9458364403231, 70.9908771928271, 62.50574952760849, 54.05685274608969, 48.04222709644674, 20.8298283072041, 21.248748517562767, 22.536644145748724, 27.20776359735245, 30.89261261047597, 28.388611795372135, 24.59462982266377, 19.159081305628465, 15.436698754810694, 12.532843477048377, 36.55840884652998, 36.38745972781366, 42.78157966969802, 50.89814802890976, 52.5359294065575, 52.714231475499716, 48.03638037584774, 38.784083173248625, 30.619909734839744, 30.193386853245087, 25.719728962430942, 23.20233121983662, 74.63923054939106, 65.0175125929445, 60.49808952098108, 58.12235535009938, 54.445734827816366, 53.315277416079056, 57.764543935152474, 64.70329604667653, 68.86575665256602, 73.09687658548981, 75.72534877386606, 77.02204912391622, 70.95496822804425, 63.4722701230315, 61.21592446203342, 59.070184477818316, 58.15402531168945, 61.27126748154605, 64.80915820335485, 68.10830699950947, 101.52323479505294, 102.2336319197773, 105.10562758867978, 108.53180622112559, 114.19860107518984, 117.84205342328644, 121.27522997347508, 102.63454337793146, 101.85955103237293, 86.44347445527359, 92.14277067944802, 81.66419318169493, 71.51622561193612, 63.32607188735476, 53.28082222840966], [17.193220420805666, 20.2589467416536, 28.94848996230073, 39.82542358018232, 31.870850738077227, 26.39685952846128, 22.530500120750734, 42.9783686080781, 46.37566713094247, 52.08882806655658, 61.762588055862224, 72.90210117567622, 63.88180781988851, 55.618676189906836, 49.01494258361225, 0.0, 9.259499733462173, 18.86776032418676, 29.216974323172852, 41.116161006958464, 38.05630693573717, 28.126152546302862, 18.54511262602603, 11.327568174784822, 7.461276249715256, 38.70568701316747, 45.86434494116211, 52.28005156404473, 61.41004582169483, 68.86312519821384, 68.61601267515125, 61.159862511196756, 52.57065111477388, 46.64950362612582, 41.29121854999682, 14.256361896277568, 24.90795738197211, 36.82936472794805, 45.89868602716015, 52.74139622068549, 58.733855540049575, 60.83643078887136, 63.1180845908015, 58.89473493283296, 45.68892656172263, 34.01660411171599, 27.541722733194902, 76.6199595208639, 67.12897789293412, 65.52785468403073, 69.78694035366293, 72.02506039248527, 77.63418836697291, 86.93498563874553, 91.19706958068426, 90.57376890040078, 88.88702409314126, 86.86889216640209, 84.22973572541945, 75.79559196625806, 70.23799017074522, 74.38474816049738, 77.33236755428062, 84.80310375492319, 81.79013103968173, 79.33877208944368, 77.80719815478109, 69.2343695222832, 79.68251061669852, 91.21050650022484, 100.43660244686208, 109.75721599191964, 119.03238926174373, 128.90775031025552, 120.12791077787577, 135.60137016066253, 125.54343452596892, 132.90739131050213, 124.02215557919432, 115.90532935233385, 105.98544657767872, 87.45082382895696], [15.117263168850542, 14.188248867616714, 22.02513197359049, 32.99622982402899, 26.201669493578606, 22.66135998685677, 21.330906144190195, 50.22657608492545, 54.12920309506191, 60.21017748875439, 69.68413504137067, 80.28739972333645, 71.69283067779462, 63.43730917433731, 56.54866148691515, 9.259499733462173, 0.0, 9.620078369472777, 20.048095631460956, 32.297088013860964, 29.2635206228908, 19.255894279289674, 10.321816354250448, 6.976764365678406, 9.774340622200613, 47.40275950370672, 54.378538480752844, 60.59538577235744, 69.34374876901754, 76.5289715017771, 76.48123678270193, 69.32877504629104, 60.97416668944131, 55.084975682905466, 49.525973541546364, 21.78698228707457, 30.936724345332507, 42.0236844700244, 48.32625337882507, 56.06162533698098, 63.202440169275995, 66.65046000877444, 69.26979937844875, 65.51139800787428, 53.0300590955801, 41.985437070381174, 36.1002007962551, 77.49843114859874, 69.24822876344068, 68.67609427844101, 74.01523176024737, 77.0206778763468, 82.99330742427283, 92.14269123154408, 95.91804359250806, 94.90620563159689, 92.41741427983773, 89.6515192614303, 86.17409680167252, 77.32482070473955, 73.13760919011841, 78.29816381708066, 81.83854648813312, 89.792907449248, 86.17666503726583, 82.93896808849642, 80.46589004579027, 61.07654989408914, 72.75731706997705, 85.90203403815869, 96.2999557904796, 106.44625129040081, 116.86844398377485, 127.97384469516518, 122.7670304415628, 139.25490513886706, 130.20069073776745, 137.18494604971752, 128.60454629902551, 121.09127881100932, 111.44726024247626, 93.61898408981764], [18.05787364039435, 12.542781404710082, 17.03325877385411, 27.14370420065533, 22.688247612883153, 22.194819220466496, 23.75924155293862, 58.01982160141089, 62.30423490236073, 68.66847555287016, 77.91154666748803, 87.96168763249875, 79.81104512139046, 71.61169467857161, 64.52274105379941, 18.86776032418676, 9.620078369472777, 0.0, 10.527575124612975, 23.22494959458607, 20.333067050803848, 10.638697561655324, 6.334280282738521, 11.960157021049936, 17.677199786522895, 56.44380813387581, 63.240215270880306, 69.25503530596242, 77.6188688942665, 84.51338039222651, 84.642021189834, 77.80789072064576, 69.69569552063578, 63.85327898938248, 58.14773320176282, 30.47495631407801, 38.46494390778298, 48.68476426613069, 52.33989910042118, 60.724305231010234, 68.79719298891388, 73.3822112407624, 76.14043670405988, 72.77794986762171, 61.10403688605553, 50.60684323184189, 45.103049133318706, 79.3541036186729, 72.50959741466464, 72.94232506438465, 79.20135835183322, 82.84752127443154, 89.04445972875054, 97.92921176697378, 101.23827811369483, 99.91458382904935, 96.71498292456238, 93.27000579959832, 89.00305442726514, 79.82476404973264, 77.07762778819571, 83.11505218968924, 87.1438708926891, 95.40953739980881, 91.30078417901811, 87.38334663109022, 84.040909362488, 52.62568772138434, 65.7242958465696, 80.70912705853304, 92.38006776205114, 103.40141208790516, 115.01087520638295, 127.35667785559082, 125.95886480177106, 143.16068096051046, 135.10417112802762, 141.61157270062768, 133.3423294802038, 126.44329779107426, 117.1049586536377, 100.11665591301518], [24.08984927526391, 16.63562595470705, 15.372018977149683, 22.024777518301335, 21.660541320405542, 24.64497880862568, 28.46943903569712, 65.99072996470463, 70.7018020851465, 77.38509358283353, 86.29561239155507, 95.62673090343385, 87.99442772344814, 79.8864456049199, 72.62060003155548, 29.216974323172852, 20.048095631460956, 10.527575124612975, 0.0, 13.091937651008804, 10.61517896384169, 5.453624965890945, 12.792020573935453, 20.730017719766764, 26.95729948491727, 65.9785981787289, 72.59988368420652, 78.38295408850287, 86.31047062163192, 92.81641741561877, 93.07378530644516, 86.65217293457215, 78.80505511550417, 72.98919731017916, 67.09734000596114, 39.77139927037857, 46.71319761533993, 56.1297510920043, 57.00746032265832, 65.90071120204713, 74.81669494504499, 80.46893278628521, 83.08649796358618, 80.10190506677532, 69.5178510753275, 59.609470419495935, 54.49866787674276, 81.14423136007916, 75.99850963662495, 77.48666160785642, 84.56911769803202, 88.7681740576158, 95.03242351897575, 103.46404976803717, 106.27845581640585, 104.72459607349046, 100.87453441580872, 96.78915875313228, 91.73100745568064, 82.27099145632384, 81.16957779674665, 87.9981985731204, 92.43125731477366, 100.8123557121243, 96.29942276266932, 91.77459510098318, 87.57625255295603, 43.24193306988396, 57.34776175803016, 74.26004051785152, 87.27662828014104, 99.23017098342106, 112.07712022972906, 125.69241048411725, 128.6604543635587, 146.18517790793072, 139.24680465460668, 145.16703294216322, 137.3121955839519, 131.19216553889765, 122.43300122606307, 106.87711252538551], [32.090192504036075, 24.977434025525536, 19.39347965175507, 18.690863611438772, 24.21534059950324, 29.85581855797353, 34.76858698890182, 73.63531753099205, 78.9004643313272, 85.9979706283638, 94.30525054744811, 102.47225110836898, 95.63162363723188, 87.73687416782705, 80.3205658508422, 41.116161006958464, 32.297088013860964, 23.22494959458607, 13.091937651008804, 0.0, 4.770548742755801, 14.74427110993456, 24.0301075715829, 31.54813665970004, 37.65901988405472, 76.0342574858821, 82.38668843286182, 87.80010989029753, 95.07040287624623, 100.928768738111, 101.27310454065439, 95.52902695217531, 88.08780665786043, 82.31287561070991, 76.16647709365054, 49.942291381392614, 55.746476848957066, 64.45180416939036, 62.01555427324779, 71.34178273511822, 81.08740102184068, 87.78207868839654, 89.63267552037341, 86.992961272711, 78.22014935553742, 69.0628205126082, 64.38553628552789, 82.06959558805893, 79.22917228029634, 81.9225296973625, 89.70874651787291, 94.31148672500875, 100.30670775413931, 107.84070812217007, 110.10341365033976, 108.52556699294735, 104.15490068803994, 99.50052756559417, 93.61281079859455, 83.8710520120049, 84.89574391379709, 92.39792715601608, 97.07824740421164, 105.1397366734594, 100.41353655568776, 95.41783644851019, 90.35223516301984, 31.77882562159443, 45.22757431794329, 64.31193721166015, 78.90224283446969, 92.01428053747387, 106.23352610761819, 121.18485437332741, 129.7989971864535, 146.5562276161911, 140.957165797753, 145.91298779554225, 138.63909459500044, 133.63120914341013, 125.95268945111944, 113.05643249685485], [28.743859937340186, 21.128216906110087, 15.165433710081919, 15.58519821080845, 20.055097029443342, 25.808634167474686, 31.244166060488414, 71.27499603349771, 76.67488642606224, 83.82058249531767, 92.25096207968602, 100.6338580557175, 93.4402511083773, 85.37824425861292, 77.9458364403231, 38.05630693573717, 29.2635206228908, 20.333067050803848, 10.61517896384169, 4.770548742755801, 0.0, 10.774547213110077, 20.281135404103267, 28.06419223931598, 34.3402149301608, 73.62135372869923, 80.19859258463133, 85.79860258575897, 93.38147411900671, 99.41305145603862, 99.57648807569107, 93.64011491632229, 85.94893334032324, 80.02731517854565, 73.80059769310243, 46.66371613529414, 51.940795499459355, 60.24201008652966, 57.953993358864246, 67.19148443180738, 76.88092188038307, 83.64426070120273, 85.97204854133416, 83.53418092781205, 74.45903361590113, 65.55790659261619, 61.46497799680135, 78.54880963799424, 75.28073978561086, 77.85692017665883, 85.67898534795387, 90.39463777049913, 96.63016921946243, 104.46919884451981, 106.6834857158162, 104.89429249733281, 100.4158012186623, 95.73753981209845, 89.93692381549761, 80.29146938650202, 80.95801372631426, 88.49420618667068, 93.28009534927608, 101.68131219336495, 96.76419497674608, 91.66050895423741, 86.63087386557262, 36.39375658216694, 47.5305725483518, 64.81077803372754, 78.5383043107394, 91.0547230417251, 104.78048442199736, 119.36671587026657, 126.43149906804514, 144.36861714738433, 138.8128151867253, 144.56325415433628, 137.51202045635628, 132.60111756558632, 125.37550085712249, 112.58108306825864], [21.195833448735673, 12.88835776919922, 10.671433004390412, 18.35385495484774, 16.737512007305057, 20.010801249251113, 24.823869078080676, 64.38672204220154, 69.48417188218869, 76.3694843625091, 85.24306074029056, 94.49598013820354, 86.59401904357499, 78.31329684108266, 70.9908771928271, 28.126152546302862, 19.255894279289674, 10.638697561655324, 5.453624965890945, 14.74427110993456, 10.774547213110077, 0.0, 9.949645366081393, 18.411083818780277, 24.91273354937523, 65.13628575279931, 72.01005913896556, 77.94547069864451, 86.11885466119773, 92.65067534505964, 92.64543166516613, 86.17519800167732, 78.09002200634072, 72.06503632200673, 65.96770769226728, 37.58665378543586, 43.30204948220206, 51.93770708203582, 52.18854071157818, 61.059533795933014, 70.10287982505653, 76.11699885027458, 79.16703962767917, 76.56748748781385, 66.0883240418826, 56.80279037754098, 52.78342833415251, 76.1025814067154, 70.91464254716577, 72.51466288761176, 79.79623325778782, 84.23509508349551, 90.74052553988368, 99.33733745854778, 101.94293020522704, 100.1123403121465, 96.01163389511547, 91.78022204207889, 86.66430361266632, 77.28176145671385, 76.19145801104807, 83.20371095057365, 87.82425985329697, 96.55965641805876, 91.74877820541063, 86.98221119994109, 82.64387358860807, 46.2056321791738, 57.11954882152678, 72.15238721704286, 84.32219447912527, 95.70728578320157, 108.14506871190183, 121.51511734783357, 123.74202900229136, 142.56410885707206, 136.04481883463322, 142.8089327741418, 135.45219800698032, 129.81618505510147, 122.10022125356015, 107.66115998066782], [13.818309463986148, 7.021790377054205, 12.415004208250839, 23.332448721793515, 17.257225145069413, 16.22080340216011, 18.65931353020199, 56.005883001381754, 60.88325171874935, 67.58726336077443, 76.69053420092771, 86.47398301242859, 78.10151733131008, 69.70720849872895, 62.50574952760849, 18.54511262602603, 10.321816354250448, 6.334280282738521, 12.792020573935453, 24.0301075715829, 20.281135404103267, 9.949645366081393, 0.0, 8.743996240998738, 15.260448857661336, 55.86427492401949, 62.932970934649276, 69.06779732178832, 77.61839805535196, 84.42821739787898, 84.24010142568778, 77.4648809558539, 69.12454179028228, 63.01805229164626, 56.99023651754902, 27.98528830060325, 34.27947521060912, 43.69745990745913, 46.38524414579734, 54.8595439344236, 63.19433222157345, 68.27937780279076, 71.35672827271594, 68.43196213136156, 57.09351177674887, 47.37858695140729, 43.31040790569488, 73.13845304244556, 66.3397466469245, 66.9456550952026, 73.45868910341068, 77.37326689920441, 83.78721366712435, 92.76558253946283, 95.82613717952343, 94.24079430090123, 90.77529072442563, 87.16890754955853, 82.80785611145805, 73.65911289240023, 71.03021247903597, 77.29137062128376, 81.51952947161352, 90.11006670233853, 85.68797114107484, 81.5066807646289, 77.9803394904907, 54.630383964944855, 64.36115656141995, 77.35062398197954, 88.10758608323451, 98.54162732989172, 109.70738974277491, 121.78292009705666, 119.87330582559753, 138.24741371722445, 130.72213655263369, 138.07357917435004, 130.4066681664801, 124.16368843554926, 116.17164414833049, 100.91331061257164], [8.62736306407868, 8.93912258465287, 17.64441693097967, 28.516376069719726, 20.72192092775165, 16.098856620338882, 14.477153838335317, 47.6279370534252, 52.396145845368395, 59.045797239591344, 68.21110610412333, 78.21968955957396, 69.62014542109169, 61.186466553728856, 54.05685274608969, 11.327568174784822, 6.976764365678406, 11.960157021049936, 20.730017719766764, 31.54813665970004, 28.06419223931598, 18.411083818780277, 8.743996240998738, 0.0, 6.541155290471327, 47.33943029365594, 54.498047535304664, 60.69568677259028, 69.39958789234035, 76.28157600358956, 75.93951577721224, 69.07645373587879, 60.6195709540819, 54.44346294854635, 48.39002908227369, 19.280968626705892, 26.57309882851477, 37.30346662871136, 41.989821359685706, 50.084904797192586, 57.7426037662145, 61.839506956906234, 64.26451770975878, 60.85681140355783, 49.243235948203015, 38.98421703211444, 34.56960789746926, 70.70996399129274, 62.810636307675864, 62.55638950528831, 68.20355716878069, 71.43710808529646, 77.44769277498797, 86.44194079498877, 89.97207901741577, 88.85213375673118, 86.15633401229475, 83.23450159560502, 79.572884973663, 70.59627497108191, 66.84116411069522, 72.25846485940858, 75.94608971878381, 83.99164967190036, 80.1595245012813, 76.70255511461652, 73.97779281484819, 60.89066320650554, 69.274929517358, 80.63592380779382, 90.27938943117987, 100.02665418227907, 110.12934369389139, 121.05379744830509, 116.1639544513507, 133.06889295597946, 124.59261882752507, 132.081819656788, 124.08881112200552, 117.35056628179969, 109.18272515830726, 93.73662563114843], [9.988530053862883, 14.560865673578547, 23.344781923057393, 33.81413556631618, 25.51700724442161, 19.435285482814397, 15.069246637917836, 41.71689891942391, 46.26203963843076, 52.77920472028971, 62.045465982815095, 72.3409657283519, 63.51476984161306, 55.060668957251515, 48.04222709644674, 7.461276249715256, 9.774340622200613, 17.677199786522895, 26.95729948491727, 37.65901988405472, 34.3402149301608, 24.91273354937523, 15.260448857661336, 6.541155290471327, 0.0, 40.92765633315844, 48.17035848861968, 54.44286167866771, 63.313030315134704, 70.30321475517954, 69.84364084511297, 62.8542086322919, 54.28478143605293, 48.06824811070055, 42.05169230397208, 12.884218940254389, 21.648290691792223, 33.53358833738204, 40.207187916798496, 47.75064902880808, 54.644673239189395, 57.7600115893828, 59.66807619506895, 55.81433393814407, 43.83854569989805, 32.98639332382281, 28.06208696870434, 70.18814394994472, 61.4203230087462, 60.410662597204315, 65.2433109387726, 67.85790648879956, 73.51031543881287, 82.52693031268697, 86.46040449876922, 85.72365816044855, 83.68578375086179, 81.35047492133259, 78.30191966572329, 69.56486201827852, 64.85183445643395, 69.49511833194079, 72.69740594289895, 80.26396640687359, 76.95375351641295, 74.13543745634219, 72.1203186635307, 66.12207089813862, 73.89992565562969, 84.2395398077722, 93.09827582381284, 102.31883333977791, 111.61349543826178, 121.64346543740224, 114.35504575350436, 130.09687676643844, 120.81516479391861, 128.39719702102425, 120.10443256319398, 112.8918496695261, 104.45220877930852, 88.60621997838616], [47.027965087604315, 54.67748648935466, 63.049646706604626, 72.08328500655824, 64.03510474059622, 56.565995907238445, 48.709004713489705, 19.51645102103525, 15.453056713418935, 16.136543925557543, 26.031860413381846, 39.15710415096134, 29.766610350736745, 23.50114639512381, 20.8298283072041, 38.70568701316747, 47.40275950370672, 56.44380813387581, 65.9785981787289, 76.0342574858821, 73.62135372869923, 65.13628575279931, 55.86427492401949, 47.33943029365594, 40.92765633315844, 0.0, 7.740382873715295, 14.540767957356483, 24.663264880938332, 32.66701599645285, 31.667880404824363, 23.40480941751881, 14.346428805933028, 9.091415784759768, 8.472521433921605, 29.89458597598117, 34.71079793959917, 43.75516457631809, 56.84530471738565, 59.337548052756226, 59.87394854791587, 55.2375505301075, 51.171415566078664, 43.825648156467295, 34.67874224110964, 24.788914365628482, 15.433332907865559, 85.6824404733204