{
	"dissimilarities": [[0.0, 8.4681213575312, 16.456369851041387, 25.458048428499975, 18.217549936752032, 11.557209124495845, 8.20593693848021, 43.00722591178232, 49.39998859493849, 56.667230436456975, 64.30951724907615, 73.20825409167912, 65.10725407789037, 57.90764178171729, 50.58374072545763, 15.72982058658019, 14.146774699823176, 17.447454965818654, 25.207287006669183, 34.61956054303915, 30.298661571374037, 22.180917630133024, 14.214915680263395, 8.515288331954771, 9.3041298951844, 45.478662945943626, 52.63832258755511, 58.53635794573729, 66.90047434433033, 73.1046914785918, 72.60146377450948, 66.2734799234251, 58.00274331588737, 51.73658373289366, 45.47498287408464, 18.309966997210534, 24.186607120099065, 35.02291685410981, 37.40101600750835, 45.68653603771337, 53.6751623173569, 58.691408093483695, 59.48000067820118, 55.956063742709716, 46.290157573995565, 36.56580210399361, 33.009722395817214, 65.31655399759552, 58.33613487198916, 58.667915425971316, 64.09372641793988, 67.20511134984706, 72.82374056375878, 81.25266108714807, 84.55268312361808, 83.7829856420487, 82.07705760431165, 77.16087704382085, 74.60695516496179, 65.19175656665523, 62.341917030942085, 67.76428990092472, 71.73732004275817, 78.85291246913822, 74.78855952905361, 70.82619550277605, 67.98664404483806, 59.4088244773075, 62.7848076709766, 73.8694028645402, 83.16634338759015, 92.64126337196893, 102.08936346837561, 113.03586209178229, 109.32595974683537, 126.1791184484361, 120.38592408267839, 122.76187811984835, 115.33567644383687, 109.39546758505303, 102.84246646951945, 93.00173360252043], [8.4681213575312, 0.0, 8.770469327909195, 18.67268107024821, 12.287025329139919, 8.84000754950775, 12.362513465780086, 51.42474917887286, 57.854594649152716, 65.10496837272055, 72.7632885336079, 81.57776078990169, 73.54996468019556, 66.3464740471316, 59.0059833002785, 19.81991370201833, 14.106586772484725, 12.56468107780655, 18.372294573739257, 27.707772635442584, 22.766740131535695, 14.398734987041257, 8.190303107442485, 9.152284185171974, 14.359350996718062, 53.57919253972626, 60.73700396189179, 66.69371933627676, 75.0667886176266, 81.33838879167972, 80.93671384368292, 74.57722209625285, 66.30967431447385, 60.07187540412589, 53.82465409316533, 26.05558137104791, 30.917120162377397, 40.1032436074011, 40.4739329214096, 49.13231591048937, 57.819064284915186, 63.88423367544435, 65.76069347047147, 62.887306498962516, 53.2855331221176, 44.21292396788626, 41.205913446227115, 66.86743390618301, 60.72165886577659, 62.034077206168575, 68.2730919555633, 72.17694003270101, 78.36534231409772, 86.93737784255636, 89.71015053548754, 88.32312097540478, 85.60721003151666, 79.98867612905106, 76.6887036429492, 67.27956514749711, 65.44474125186991, 71.78753522922491, 76.48664822116305, 84.27850805094747, 79.39725343524533, 74.72503721159968, 71.03321539581461, 53.8836766873843, 57.858577670620505, 70.37940579714683, 80.66728405615294, 90.70858180574345, 101.14364559152145, 113.22829065860834, 112.16759666128141, 131.02045749693542, 126.2626663166863, 128.93093793857255, 121.95729364388404, 116.5883371768108, 110.34685944044507, 100.58871145596044], [16.456369851041387, 8.770469327909195, 0.0, 10.13659179223342, 6.412574417822374, 9.895688979115398, 17.063450596632144, 58.382354528823285, 65.38387830655782, 72.74848455680711, 80.08567146277797, 88.31938337003746, 80.57435166260667, 73.38771064053888, 65.95992628453877, 28.374649758727628, 21.539530937819723, 16.39375482749666, 16.4846760398687, 22.057401111598278, 16.50804898217224, 11.758870836386206, 12.642241129811676, 17.563120554635187, 23.107931022880432, 61.93020662250874, 69.03290375916518, 74.83788141617691, 82.93920490841676, 88.93453045491398, 88.5365637299678, 82.46787652524574, 74.34073212369277, 68.09305557809328, 61.83305166902338, 34.33093448609535, 37.65803036662437, 45.25270461066862, 42.19904933978044, 51.22216529280087, 60.79378784823987, 67.9865329624814, 70.27923487752687, 68.05282468009005, 59.519019858242316, 51.451843825737086, 49.31601576110731, 65.83585174560872, 61.17576396664343, 63.73290516709787, 70.70822544446926, 75.27212783913338, 81.65768689394817, 89.91688503102941, 92.12624739818295, 90.31691104471925, 86.61118867781403, 80.41001507402213, 76.21179922063499, 66.83509757466354, 66.54325332309055, 73.73851523535458, 78.98232606324815, 87.06308360755702, 81.51760328075977, 76.2546165162063, 71.61954924124493, 48.53603614139658, 50.528708112294396, 63.327045741537965, 74.30305171591053, 84.8663101848309, 96.20168904795578, 109.3529223407768, 111.94140892144429, 131.8567293926068, 128.3442970832964, 131.24756333175884, 124.96525772899795, 120.58735899891558, 115.40392622149925, 107.21791140066568], [25.458048428499975, 18.67268107024821, 10.13659179223342, 0.0, 9.644077496692669, 16.71647204120624, 23.896434285868967, 65.09041213717309, 72.72857865162624, 80.19105866952802, 87.02535428198782, 94.39997864349803, 87.13626340688711, 80.06717595911654, 72.58870628791928, 38.386204664669464, 31.342610379595968, 25.045338572747823, 20.79626804316397, 19.384758702944772, 14.524510347258113, 17.237329798447785, 22.171203613558237, 27.630660547016152, 32.988395127355226, 70.53620614298791, 77.48218681896054, 82.99993908377385, 90.63385511168408, 96.17779142548878, 95.78570103751437, 90.19049022711879, 82.33886350130476, 76.12909603568438, 69.90391528749288, 43.32324686129294, 45.419193175453, 51.742020369494156, 45.02014852069977, 54.20816488375945, 64.5712431759754, 72.72800153913533, 74.91328936411784, 73.23927988284014, 66.27425606365951, 59.215950628952605, 57.77911638847774, 64.74306294761733, 62.10315026522752, 65.99280519445686, 73.52211843530647, 78.5494469886261, 84.79151275007786, 92.36088002973253, 94.0244971431334, 91.99664525584065, 87.40330163499141, 80.77782284036677, 75.61149033646413, 66.36116922814143, 67.97261240870661, 75.84954173891533, 81.41777789998001, 89.40367354168336, 83.41292514160767, 77.73184084253758, 72.16813893947283, 43.526932946299475, 41.395139144593806, 54.0051813071822, 65.79075619355496, 77.08223434489437, 89.43050088774346, 103.71473310537372, 111.00025707798707, 130.96168899910722, 128.7633441989098, 131.6798649757723, 126.15941587170032, 122.95350939266773, 119.07633555087858, 113.10961571999344], [18.217549936752032, 12.287025329139919, 6.412574417822374, 9.644077496692669, 0.0, 7.771724297535265, 15.89700623806558, 57.95156832211377, 65.56317983812498, 73.01851865635602, 80.04509391397359, 87.90417520433395, 80.09642210939735, 72.7890161473536, 65.3804007582046, 31.659384164818455, 26.13046612531026, 22.265900192071104, 22.733353987945925, 26.524478281317634, 20.98593096958364, 17.8463408584667, 17.894469546038184, 21.08910195691853, 25.67679829232091, 62.98585182343009, 70.2572078856432, 76.03435534244323, 84.13955626659508, 89.87265339567175, 89.18857603375751, 83.29013295674136, 75.09922337818342, 68.72489683087196, 62.41350635454035, 35.014262042241604, 36.1648516174827, 42.26757833013428, 37.07649214699678, 46.16841973426817, 56.123878470819626, 63.90878571684425, 66.5079729729649, 64.85019770795148, 57.15409151915167, 50.27519029951256, 49.67543136215041, 59.646766784996494, 55.387874922121746, 58.40795939752702, 65.671492015973, 70.55314325237747, 77.08452341339287, 85.28450848785502, 87.14818876423377, 85.05664391285984, 80.9384341684221, 74.54645152864326, 70.11565703567517, 60.77773866227849, 60.95476189693255, 68.46776413284766, 73.96940852829674, 82.28996978461903, 76.3509153811288, 70.8164205772302, 65.84931132937227, 52.080910357977196, 50.16996122467728, 59.978736419766975, 69.75170078117542, 79.61034632494024, 90.51552623047158, 103.43283392274255, 105.89648577028049, 126.96900608887996, 124.15463697266527, 127.8634078140146, 122.3020831249424, 118.72223774492248, 115.03408423742643, 108.69339869851088], [11.557209124495845, 8.84000754950775, 9.895688979115398, 16.71647204120624, 7.771724297535265, 0.0, 8.444344453522248, 50.504054827565284, 58.00332280752527, 65.43899680102061, 72.55965379099294, 80.6819519150601, 72.66822770495457, 65.30436972177996, 57.92545594846015, 25.9234165519823, 22.236062355787617, 21.238450231931235, 25.139587131477818, 31.42969156685409, 26.207145917516506, 20.556512407161726, 16.529011251097025, 16.257677953895538, 19.437710563340787, 55.36720069409946, 62.702188856436045, 68.52286470799235, 76.75795015841493, 82.54965965692836, 81.76547214066807, 75.76587910575009, 67.48812830421335, 61.077617675261195, 54.75325528529723, 27.425771114772193, 28.732971653753687, 35.97960256169499, 32.97176878772405, 41.97787742744545, 51.39403500463315, 58.34167110071672, 60.38458287086351, 58.227912549929066, 50.03354135275469, 42.65683780715112, 41.93672794566644, 58.27511583173903, 52.72291932707265, 54.68214707015581, 61.32077482001927, 65.61228461828888, 71.89843047481547, 80.28086780041494, 82.63141268699812, 80.9692190376109, 77.74970493856173, 71.9182476065405, 68.2800754861657, 58.83525400420891, 57.69815471688166, 64.46174115063651, 69.45156254196831, 77.4528095612922, 72.10706339734632, 67.11125716485778, 62.96164103649167, 56.911362654327405, 55.88226540640769, 64.85644243708869, 73.70945609406567, 82.95388669540672, 92.85454885283143, 104.63857110594462, 103.80410419462267, 123.69348194720335, 119.85503142933163, 123.45589736678748, 117.43327268409864, 113.21083580991856, 109.08404255017074, 102.21035130182732], [8.20593693848021, 12.362513465780086, 17.063450596632144, 23.896434285868967, 15.89700623806558, 8.444344453522248, 0.0, 42.10055685361794, 49.70995613863136, 57.17551265839586, 64.18015024292758, 72.24094318963468, 64.26908016329548, 56.94621284478953, 49.54304331671966, 23.127015000682423, 22.175556341084636, 24.15725580953449, 29.953421918281606, 36.944299465658666, 32.41103335557979, 26.272373673360118, 20.155699882329863, 16.10324731150736, 16.431734607772423, 47.77402964391934, 54.98527481299321, 60.6296146198949, 68.69347692927772, 74.32410150952236, 73.48050706523101, 67.62451825289618, 59.455745193035696, 53.067655932592416, 46.772815664083396, 20.891328287381942, 22.648321786325116, 31.75460494472537, 30.599034151400364, 39.33892600292461, 48.11771974726972, 53.95254025228091, 54.57368292380528, 51.63312853008474, 43.61218065175775, 35.58809598300203, 34.37851223926504, 57.6094414062031, 51.27492312010762, 52.200896866713244, 57.94669877757, 61.329501873910765, 66.89472410599858, 75.01256196606411, 77.98183397989808, 77.08700704640998, 74.99945521331112, 69.96049296867552, 67.08805433542037, 57.58436566168211, 55.45005984050161, 61.19864411221775, 65.34130762771093, 72.49037671909333, 68.10216331395314, 63.9193269606107, 60.678100154277246, 61.1470534093268, 60.24704175815794, 68.33584924213696, 76.41658501366972, 85.2690824340152, 94.2456579249677, 104.9096298604441, 101.7519403946144, 119.00365345078116, 114.00664680173803, 117.08187852045926, 110.4920537227869, 105.65245709051845, 101.11418206760963, 94.2581828569603], [43.00722591178232, 51.42474917887286, 58.382354528823285, 65.09041213717309, 57.95156832211377, 50.504054827565284, 42.10055685361794, 0.0, 9.86073777636557, 16.82875132471405, 22.317608613244854, 30.657072476312997, 22.207207951194786, 15.107831191801191, 7.665396249924723, 43.363013046567175, 50.48865449916242, 57.92879472487201, 66.3409015825504, 74.3633254759292, 71.42198459734053, 64.6196481568777, 56.2660803552421, 48.02427666063812, 42.2481328057553, 19.510355477779918, 22.65996131627629, 25.21973853413544, 31.048511789496853, 34.916242769614385, 33.03936062970796, 28.53986496980562, 21.998794571159166, 16.959497322265126, 13.51844029839515, 29.73423429931052, 30.545187954262875, 38.54975730712314, 46.85499860425567, 49.34219131983616, 50.736144005600515, 47.94225833291658, 39.74968067171308, 31.900224734519064, 28.456791099955137, 21.46731860616935, 17.700798493173743, 70.54485047745294, 61.99649993529669, 57.63096313421206, 56.97383196486778, 54.301966266445824, 54.321846653352374, 59.57906619071202, 65.92140931416544, 69.45948627848206, 73.98707278149568, 73.86757881323447, 75.43647551517014, 67.94207147341767, 61.26316178034828, 60.208300444861145, 58.67671465772272, 59.4513723590503, 61.665263772475875, 62.92209454446141, 65.31194656567371, 93.50918723669132, 93.34715526364418, 97.65176630229904, 101.94862307786254, 108.1263551233169, 112.34838255520233, 117.03232053231996, 101.17489828184502, 104.12665456409788, 92.33086130850762, 92.5675492356788, 82.68012383338478, 73.43511113087581, 65.9857680243988, 58.70719235954965], [49.39998859493849, 57.854594649152716, 65.38387830655782, 72.72857865162624, 65.56317983812498, 58.00332280752527, 49.70995613863136, 9.86073777636557, 0.0, 7.522147178541642, 15.133000073710765, 25.972292955623363, 17.160646655398452, 11.491359136843736, 8.222329560536176, 46.914120725453266, 54.76808639609587, 62.84402294374873, 71.78527748846022, 80.61566910733838, 77.8668164490055, 70.46443932142492, 61.73668555533886, 53.26471126735872, 47.13972791765297, 14.084616058510575, 14.214049661167962, 15.621739244961525, 21.680749191951694, 26.29073703387849, 24.420902286409053, 18.95443993245712, 12.190819882383018, 8.04225801726611, 8.10428067837788, 34.56961197030267, 36.90396154252419, 44.91419218488946, 55.50719588847282, 57.45878231234084, 57.73490738837081, 53.6009241164005, 45.4578617518268, 37.37533891732271, 33.042908359626956, 25.92741976528104, 20.076764415295735, 79.48192964091845, 70.36532684799738, 65.31379784089565, 63.94528403083253, 60.64137440603626, 60.22741337648915, 65.30601948747034, 72.02328814055188, 75.92882344775191, 81.28184815166746, 81.67235166467621, 83.84496437038248, 76.68744881001291, 69.23737330180403, 67.45731157150641, 65.38381014807076, 65.55371416657825, 68.5774516651343, 70.42098366255676, 73.50834414893764, 99.4384125561981, 101.44591072255699, 106.9874277291657, 111.66575325306927, 117.95318864567764, 122.04760671885778, 126.33934909342065, 108.47565875701366, 109.82093206675508, 96.63626283676057, 95.9743787000299, 85.0430548587807, 74.06223288595262, 63.85851993211541, 52.41393450920382], [56.667230436456975, 65.10496837272055, 72.74848455680711, 80.19105866952802, 73.01851865635602, 65.43899680102061, 57.17551265839586, 16.82875132471405, 7.522147178541642, 0.0, 9.069087086849924, 21.22552552343101, 12.791040697332102, 10.273486774148397, 12.220429495978978, 53.28020712165236, 61.37369576714045, 69.63847443572041, 78.711423122355, 87.70707134895706, 85.0585181944121, 77.5307634490269, 68.70990162914511, 60.19117327222759, 53.976688877419114, 16.93076504130566, 13.453213097825627, 11.701518148419588, 15.82681366974269, 19.890957701892685, 17.48954003585449, 12.050499304069398, 7.276200204339145, 8.026115271886454, 12.65773860407786, 41.38739945450947, 43.59461646828309, 50.79665148693827, 62.010724045064165, 63.29827702465689, 62.62559512654648, 57.43107380057497, 48.75993031957946, 40.652016194549425, 37.27246385784072, 31.53754650119016, 26.33334436844528, 85.14433249208182, 75.89131779508821, 70.34301539907571, 68.2006061932646, 64.19259697599041, 63.006344116982774, 67.46936632747371, 74.48976003486828, 78.90574597864007, 85.09494960945725, 86.12740145405427, 88.85687063603338, 82.13434413088078, 74.25396585727835, 71.66199567652913, 68.89392720375253, 68.12715494140421, 72.06341583913402, 74.60275938951109, 78.35870797022744, 106.11177212695071, 108.56116905903917, 113.99294062626655, 118.38277567345474, 124.38402006159146, 127.96191171232913, 131.52109022541737, 111.84340668510721, 111.13312252494937, 96.83753751611088, 95.59698039135162, 84.08379366408396, 72.05540235345093, 60.67104521601675, 47.823223110244435], [64.30951724907615, 72.7632885336079, 80.08567146277797, 87.02535428198782, 80.04509391397359, 72.55965379099294, 64.18015024292758, 22.317608613244854, 15.133000073710765, 9.069087086849924, 0.0, 12.442658037535594, 5.626077580487672, 9.728788344332196, 15.648072830269578, 61.92151921775775, 69.79075231722157, 77.8135427418507, 86.52900159078214, 94.88187784381948, 92.37830194225572, 85.35593860738304, 76.78934063034734, 68.36950757436489, 62.269343254616395, 25.954390951923298, 21.63754511867488, 17.703465584003066, 16.3473927015889, 16.236945625835173, 12.710018892408344, 12.190796359710264, 13.969506001037296, 16.964876312564645, 21.595770216754456, 49.60838368360102, 50.832623126107926, 56.95920848277322, 66.90726837604052, 67.54920199586549, 66.26627257231227, 60.38546514887047, 50.2392609960497, 42.21265680048557, 41.924835976643664, 38.35959517937414, 34.74015781529412, 87.77467657604296, 79.11094691228212, 73.40096995456588, 70.4260954599427, 65.56009399104411, 62.94190713629578, 65.87589258060255, 73.22061852797259, 78.555565437021, 85.69322557878685, 87.59254790210115, 90.74786358677362, 84.56513385134312, 76.86113028391374, 73.35082372627042, 69.59053678865222, 67.12594779282065, 72.35341461914389, 75.83245027715672, 80.1957426274622, 112.33965521594142, 113.51955545507518, 117.60078954670315, 121.11899620624568, 126.55808722584756, 129.25608557913472, 131.7161265342679, 111.18289197890726, 106.5266056259126, 91.08846048438397, 88.97180952966082, 76.99139798001664, 64.31110054620316, 53.109313240713035, 43.08570227359351], [73.20825409167912, 81.57776078990169, 88.31938337003746, 94.39997864349803, 87.90417520433395, 80.6819519150601, 72.24094318963468, 30.657072476312997, 25.972292955623363, 21.22552552343101, 12.442658037535594, 0.0, 10.360375152324021, 17.671811850897605, 23.739352646831883, 72.49000061303343, 79.83102495013809, 87.337532276485, 95.3389093141322, 102.54604809175287, 100.33013370842764, 94.2324959175659, 86.21147672277034, 78.0686756408776, 72.25304555983298, 38.13205427161738, 33.76064756779162, 29.09792920989795, 24.248326726824615, 19.561160370192287, 16.572418377304746, 21.59638161024569, 26.103709711621264, 29.237642027654115, 33.352494611475436, 59.84123432034802, 60.24405485460133, 65.53868108823833, 73.11605678078355, 73.34139929174624, 71.89544608434089, 65.84907058058218, 54.05423889281739, 46.457665001871604, 49.891898535835395, 48.173244805033065, 45.698086620584824, 90.79899960618576, 83.3717695949152, 77.90546284393879, 74.2600270181516, 68.62973103584808, 64.23463411241038, 64.80772985334185, 72.36979426905523, 78.88708242889983, 86.90205074974187, 89.7351966754522, 93.08322359271303, 87.4946790781693, 80.59117228802305, 76.28915340856906, 71.47427659821433, 66.79099889163136, 73.48744839576246, 77.9616128312063, 82.71617004137175, 118.36324889861967, 117.63928997461497, 119.94924122412341, 122.43335269509969, 127.29860095791283, 129.0157762279358, 130.23895642370962, 110.24453359699596, 99.45320171193666, 82.63560077911374, 78.7282988276772, 65.96053323548057, 52.44912878761233, 41.80937851860003, 38.58059164674353], [65.10725407789037, 73.54996468019556, 80.57435166260667, 87.13626340688711, 80.09642210939735, 72.66822770495457, 64.26908016329548, 22.207207951194786, 17.160646655398452, 12.791040697332102, 5.626077580487672, 10.360375152324021, 0.0, 7.780230059315985, 14.776870182190443, 63.86770807378462, 71.59115572199345, 79.4200866743629, 87.96821804873642, 95.9276210133653, 93.29082439228412, 86.53561786167752, 78.07006380403462, 69.6852616953302, 63.66465646648148, 29.28507055508127, 26.073795356104817, 22.91535517840876, 21.905292159355326, 20.87286532252508, 17.16614636351179, 17.711303684310003, 18.72491696296171, 20.54741792549388, 24.26122773876749, 50.727915607914795, 50.69380218927833, 55.84548902043592, 64.77864945571794, 64.96901847361748, 63.406718595220475, 57.366940103806975, 46.48205645282627, 38.57484904090357, 40.16895137602277, 38.11197536921163, 36.17364700696137, 84.20877615604937, 75.86235108845445, 70.11881047345263, 66.79163735795619, 61.603688858223066, 58.408535909692056, 60.78288025754295, 68.19291784797062, 73.8151860321512, 81.23486144136467, 83.46564212482922, 86.7898400038531, 80.89818154990566, 73.3100647665173, 69.41358315640294, 65.26864240052535, 62.19615912247124, 67.83143272471925, 71.65556484021337, 76.25116729686832, 113.49578230975675, 113.09420832048212, 115.76801186590106, 118.47198094606343, 123.33969387820495, 125.44965289686769, 127.32636092500279, 106.22496411658487, 100.99812704389247, 85.61791107680153, 84.03262149236593, 72.53416633465038, 60.53969926318261, 51.62723867601048, 45.76318866577521], [57.90764178171729, 66.3464740471316, 73.38771064053888, 80.06717595911654, 72.7890161473536, 65.30436972177996, 56.94621284478953, 15.107831191801191, 11.491359136843736, 10.273486774148397, 9.728788344332196, 17.671811850897605, 7.780230059315985, 0.0, 7.49583346928552, 56.97675417327788, 64.7143076390657, 72.54814071016, 81.23762624658693, 89.40046480335535, 86.51641400412976, 79.56418059324423, 70.97759910240464, 62.54378094665922, 56.50922314971086, 24.19468835640955, 22.982242542439785, 21.942115235545206, 24.31371757416948, 25.66802780846043, 22.38073466379558, 20.07175773163469, 17.21723737457816, 16.434928072435092, 18.534594495140727, 43.36417025841437, 42.92972229066786, 48.24926833667741, 57.458438789481896, 57.93475132086826, 56.803051813506244, 51.328559449225615, 41.110198460008185, 32.983896501484885, 33.20580171975628, 30.506479286521113, 29.02826004990332, 78.09066935664084, 69.39230291256754, 63.77574879885697, 61.01280708926827, 56.42110680186733, 54.24627673309863, 57.843400924314054, 64.99531533030661, 69.90175158791618, 76.5610454102927, 78.15242754845194, 81.15789009183881, 74.88684845842893, 67.20896130818616, 63.94175861965444, 60.500918128293854, 58.73801296513563, 63.33607962732538, 66.46177380626311, 70.6158176387725, 107.9268352909189, 107.33325769067412, 110.12661893730206, 113.03041524969689, 118.02148897694842, 120.56317477807674, 123.11775489164175, 102.56357945788598, 100.97311250267089, 86.89585368602364, 86.59796050992833, 75.9649178246814, 65.20273051991266, 57.557689345724576, 51.4425912545245], [50.58374072545763, 59.0059833002785, 65.95992628453877, 72.58870628791928, 65.3804007582046, 57.92545594846015, 49.54304331671966, 7.665396249924723, 8.222329560536176, 12.220429495978978, 15.648072830269578, 23.739352646831883, 14.776870182190443, 7.49583346928552, 0.0, 50.38450713475804, 57.82379035041544, 65.44573808803862, 73.9702564649936, 81.99672033439464, 79.08094542640433, 72.25117018807511, 63.79820041229575, 55.46372037518702, 49.55974483375967, 21.250494893435047, 22.17268294468331, 22.989145461475253, 27.302073412930984, 30.017252574181814, 27.47627514032497, 23.927708081184498, 18.821748764910083, 15.522392045483263, 14.964025060139202, 36.65079109134882, 36.56386883791197, 42.97254814065196, 51.651924836008746, 53.0113971279519, 53.04991279032272, 48.81818001917439, 39.33841594287534, 31.16907714369667, 29.887284377698922, 25.390899697482343, 23.192670513230034, 73.62158919643983, 65.01208329688781, 59.969973312721486, 58.172125967092576, 54.450905904333915, 53.28154244123444, 57.68281598693484, 64.48326750953277, 68.76877646480942, 74.42741220727508, 75.21932919329316, 77.54576856648431, 70.68244143747336, 63.4785587801156, 61.22619336709037, 58.656949330718604, 58.07944094089728, 61.55903812243218, 63.82017279821597, 67.15595888150106, 100.78317006836699, 100.19122182918426, 103.52533209875317, 107.0001528129977, 112.50758729965145, 115.80115246842834, 119.33670520220346, 101.05501139170171, 101.64487562323039, 88.7128445328973, 88.72563312182761, 78.49411392622993, 68.57284317710314, 61.21582412894808, 54.838752606278305], [15.72982058658019, 19.81991370201833, 28.374649758727628, 38.386204664669464, 31.659384164818455, 25.9234165519823, 23.127015000682423, 43.363013046567175, 46.914120725453266, 53.28020712165236, 61.92151921775775, 72.49000061303343, 63.86770807378462, 56.97675417327788, 50.38450713475804, 0.0, 9.4567576803939, 18.832483303865846, 29.949435103817542, 42.72589130245815, 38.92003248874209, 28.3272333955414, 18.45222063997897, 10.842130259483648, 6.772684075211094, 38.80086483432901, 45.82104753800119, 52.262338265692115, 61.4480594142195, 68.71706110864314, 68.49313627830931, 61.15275179260055, 52.63604536275715, 46.76970877160127, 40.95155880251819, 15.689023394166668, 26.247103533641212, 38.07637279235569, 47.18819272845216, 53.93691966769277, 59.70457772689235, 62.62456830438664, 63.89166013115431, 59.58081057056781, 47.053666658022486, 35.42490223291985, 28.92180870888059, 76.83675268341406, 67.9908582678977, 66.61857927309337, 70.9583204649262, 73.29611509754939, 78.99072999431615, 88.19610067856324, 92.11053355822442, 91.52679156995579, 90.90486613893722, 86.55973101192629, 85.17952780270906, 76.17428187971139, 71.21977886977959, 75.51574022125658, 78.95230194081084, 86.03178670604636, 82.68114849672264, 79.36748422453405, 77.78159815925095, 67.16191186740778, 75.95325076067282, 89.21429968383354, 98.8586299718793, 108.17289580198289, 117.24906580127129, 127.55600622518853, 119.43317692182471, 136.41004886728362, 128.98964270942815, 131.0019617862229, 122.40392997179377, 114.5420145842664, 105.13342561384391, 90.1250064013638], [14.146774699823176, 14.106586772484725, 21.539530937819723, 31.342610379595968, 26.13046612531026, 22.236062355787617, 22.175556341084636, 50.48865449916242, 54.76808639609587, 61.37369576714045, 69.79075231722157, 79.83102495013809, 71.59115572199345, 64.7143076390657, 57.82379035041544, 9.4567576803939, 0.0, 9.405191008734002, 20.57467286877081, 33.706820663186015, 29.958915826091452, 19.229947698958746, 10.040924498431954, 6.503098931105846, 9.662180249053783, 47.56502929497413, 54.36666972877476, 60.56122930454928, 69.30964623126184, 76.36556936270328, 76.35861694373578, 69.32909236193032, 61.061961536246706, 55.22879237931194, 49.353719615819784, 23.26845513542938, 32.444647459508424, 43.49536353787749, 49.452152059456026, 57.11414039156501, 64.1302226535214, 68.36202755009315, 70.04715366688518, 66.18844470658793, 54.43985723601996, 43.39472342450784, 37.46154676491538, 77.95255655412602, 70.2395818421472, 70.0477846703845, 75.2929002877223, 78.3596455922397, 84.36046867487758, 93.38946337211321, 96.88131669159235, 95.93615917433864, 94.36159273047585, 89.35558977347348, 87.0648720312664, 77.83722863089571, 74.23018569858145, 79.51204251108723, 83.56667710939116, 91.02323937246449, 87.00836959205701, 83.05117700095455, 80.49694256594233, 58.61224224896744, 68.56618028330882, 83.63909937551334, 94.51723941402948, 104.71161300400198, 114.9215680026099, 126.48071988138425, 122.14472541093726, 139.83676208898834, 133.35893186584775, 135.1655481584903, 126.85476729659744, 119.60706290729851, 110.43967975466585, 96.08823157885156], [17.447454965818654, 12.56468107780655, 16.39375482749666, 25.045338572747823, 22.265900192071104, 21.238450231931235, 24.15725580953449, 57.92879472487201, 62.84402294374873, 69.63847443572041, 77.8135427418507, 87.337532276485, 79.4200866743629, 72.54814071016, 65.44573808803862, 18.832483303865846, 9.405191008734002, 0.0, 11.334987466813933, 24.873571046581368, 21.092174026399224, 10.280492881685683, 5.301880605317325, 11.456862261019504, 17.442004136146224, 56.47073667180491, 63.15431387677891, 69.15591941885519, 77.5493780821803, 84.36995659943014, 84.49048377565576, 77.75163049313906, 69.67198160529463, 63.84007404686466, 57.91334140055662, 31.448298618773013, 39.2843375528503, 49.36304836554899, 52.35168345139103, 60.64851199136809, 68.68067116140446, 74.05553577874342, 76.11731592257942, 72.72924062492193, 61.77196935968013, 51.366708989252814, 46.07085444634133, 79.14217505717087, 72.6437062681661, 73.57631328045447, 79.60086074258406, 83.31954531792861, 89.56538567463029, 98.37903403826004, 101.42884396020028, 100.1268143707907, 97.640427781566, 92.03986587439702, 88.88971700215029, 79.56256471355718, 77.3003361029938, 83.45231615573564, 88.05574759792809, 95.82817302617036, 91.1963272749456, 86.65797247819299, 83.20491065233942, 50.5059657461189, 61.30945715739152, 78.0698833291396, 90.0984225218673, 101.08271855905451, 112.36284192149647, 125.10846383443469, 124.50823109989678, 142.95631526493577, 137.4857666509153, 139.2049665996077, 131.2931686095218, 124.75696448445315, 116.07356666255016, 102.68233225680251], [25.207287006669183, 18.372294573739257, 16.4846760398687, 20.79626804316397, 22.733353987945925, 25.139587131477818, 29.953421918281606, 66.3409015825504, 71.78527748846022, 78.711423122355, 86.52900159078214, 95.3389093141322, 87.96821804873642, 81.23762624658693, 73.9702564649936, 29.949435103817542, 20.57467286877081, 11.334987466813933, 0.0, 14.014214433179836, 11.124355027434312, 5.774703765134537, 13.67567550267631, 21.696546769649217, 27.931474359284234, 66.45758929313001, 72.86824704406116, 78.53917304364381, 86.36310299720691, 92.82843206013935, 93.15873619839346, 86.86052274285844, 79.13157468837537, 73.39077841634598, 67.4886967086036, 41.57356993979686, 48.63372667427802, 58.08612679312403, 57.981437451641646, 66.8109388289991, 75.79635051894942, 82.13634625116063, 84.08479704979922, 80.99344951735429, 71.14098001292143, 61.19960162770715, 56.08084153086529, 82.31887094258279, 77.4262056548702, 79.53613986820882, 86.19016970590484, 90.3729670661499, 96.5644205667224, 104.85111549973598, 107.52957931566257, 106.08428329889193, 102.80910236389047, 96.74552875155517, 92.67830513576428, 83.30100038245732, 82.64573297979118, 89.52429107235744, 94.47583555416867, 102.21357420925695, 97.19786916565528, 92.24227889163524, 87.91805626329379, 39.9220538074968, 52.30440320183532, 71.67440660345817, 85.3169728397302, 97.44177861698911, 110.02516045051951, 124.11853169651077, 128.38983332649278, 146.48253690752017, 141.9607716363958, 143.17048065068255, 135.5533858338024, 129.72105058886808, 121.36456978753431, 109.09616181272484], [34.61956054303915, 27.707772635442584, 22.057401111598278, 19.384758702944772, 26.524478281317634, 31.42969156685409, 36.944299465658666, 74.3633254759292, 80.61566910733838, 87.70707134895706, 94.88187784381948, 102.54604809175287, 95.9276210133653, 89.40046480335535, 81.99672033439464, 42.72589130245815, 33.706820663186015, 24.873571046581368, 14.014214433179836, 0.0, 6.240573485468543, 16.515479304077765, 26.060332843354608, 33.67836646362745, 39.73556752627108, 77.05890096342658, 83.19461284760189, 88.40580415440087, 95.46452191866081, 101.29039916486468, 101.74069703226088, 96.13989828166127, 88.86503939351552, 83.19883033731593, 77.32607574427445, 52.38973001485804, 58.33683218684667, 67.09373539292862, 63.243621041649824, 72.47673123729592, 82.4360233437396, 89.73750487622834, 91.13324152989583, 88.38093156241231, 80.30910775040543, 71.12505141468435, 66.48335841137039, 83.96486466405074, 81.23958795455756, 84.6784001621963, 91.84683818597124, 96.36804987680469, 102.19323143200558, 109.53840726525057, 111.78776034324916, 110.36187523295528, 106.32853612909051, 99.94175570759538, 94.8591270285955, 85.54369627167785, 86.91011732669823, 94.40272185166637, 99.53058198218267, 106.8815384877612, 101.63092117311783, 96.38560416991345, 91.15260747924366, 27.563250602005915, 39.310015600904876, 61.38574798807387, 76.7648659863454, 90.19001056326137, 104.11684654051092, 119.56307713885124, 129.97456914948293, 146.6968035011788, 143.38413830489452, 143.9639383333879, 136.90657520682234, 132.22528852173224, 124.90800970563319, 115.17870688879496], [30.298661571374037, 22.766740131535695, 16.50804898217224, 14.524510347258113, 20.98593096958364, 26.207145917516506, 32.41103335557979, 71.42198459734053, 77.8668164490055, 85.0585181944121, 92.37830194225572, 100.33013370842764, 93.29082439228412, 86.51641400412976, 79.08094542640433, 38.92003248874209, 29.958915826091452, 21.092174026399224, 11.124355027434312, 6.240573485468543, 0.0, 11.600237567747998, 21.33935479168885, 29.2422055026297, 35.50572299288657, 74.07455640170183, 80.5656541995109, 86.04179145172641, 93.52712571203037, 99.50262844667115, 99.70476811542547, 93.8659268542819, 86.2553778278117, 80.38235090109647, 74.35857073667403, 48.25592693282649, 53.494762294022216, 61.70058298018216, 58.0021972210448, 67.13938172080411, 77.0142831251567, 84.43555785671953, 86.40634279091536, 83.93235382328155, 75.56799611689846, 66.73869726633916, 62.852296772016125, 79.19013866887234, 76.02423104639689, 79.35981781263294, 86.61523687117476, 91.31805748986991, 97.47850796802261, 105.20296609438847, 107.32363388974642, 105.60627002520903, 101.44267821390756, 94.94758762808813, 89.99431178060574, 80.71384907763014, 81.73964165406747, 89.31874978516814, 94.65007843246723, 102.4204895617128, 96.88432016895302, 91.47325458595323, 86.26299030220959, 33.60650051223255, 42.03525107515774, 61.59352534243041, 75.89001461138214, 88.5464814024071, 101.94185009248383, 116.98272234617939, 125.45805653902055, 143.89098266952925, 140.7491993234038, 142.1934802282427, 135.47011642562353, 130.95665673283477, 124.30599344563872, 114.85248334601953], [22.180917630133024, 14.398734987041257, 11.758870836386206, 17.237329798447785, 17.8463408584667, 20.556512407161726, 26.272373673360118, 64.6196481568777, 70.46443932142492, 77.5307634490269, 85.35593860738304, 94.2324959175659, 86.53561786167752, 79.56418059324423, 72.25117018807511, 28.3272333955414, 19.229947698958746, 10.280492881685683, 5.774703765134537, 16.515479304077765, 11.600237567747998, 0.0, 10.285631084896151, 18.90130024090012, 25.435989864268187, 65.27095778515766, 72.05374167995414, 77.93209443302595, 86.08342234233805, 92.55797637614778, 92.60469856621977, 86.1953872757951, 78.17452201589184, 72.2060059652147, 66.13764028000288, 38.98362816437352, 44.878450201545206, 53.532307145378596, 53.03342122005324, 61.78867151423163, 70.81755530563608, 77.45108488788706, 79.95936686630999, 77.26125114478329, 67.40958868937888, 58.06537351907824, 54.03495508346082, 77.28984861677536, 72.24719619729564, 74.43298484503738, 81.25151125690023, 85.68610100590094, 92.1813927620525, 100.7135824627586, 103.16813442305276, 101.40834776977555, 97.87493079486775, 91.66047058497779, 87.5920875435921, 78.29014671723547, 77.56442198052811, 84.61660738335577, 89.81188866255856, 97.93632639155031, 92.5725552074587, 87.39866320077338, 82.97003673332961, 43.73462042201586, 52.85589308695171, 70.12575474325627, 82.84886255892388, 94.31857304457662, 106.48744552892781, 120.30413164397129, 123.49359624041892, 143.1552796569805, 139.05744067086772, 141.11548034787845, 134.0068794953215, 128.622654451671, 121.30099012004209, 110.00831447336198], [14.214915680263395, 8.190303107442485, 12.642241129811676, 22.171203613558237, 17.894469546038184, 16.529011251097025, 20.155699882329863, 56.2660803552421, 61.73668555533886, 68.70990162914511, 76.78934063034734, 86.21147672277034, 78.07006380403462, 70.97759910240464, 63.79820041229575, 18.45222063997897, 10.040924498431954, 5.301880605317325, 13.67567550267631, 26.060332843354608, 21.33935479168885, 10.285631084896151, 0.0, 8.87026889705859, 15.447695521048763, 55.841887261119645, 62.86644757169985, 68.99397715266805, 77.5860391829475, 84.3003264307061, 84.14492626037003, 77.41314000942012, 69.11157249596113, 63.05270666008966, 56.952712161126385, 29.241554300512842, 35.70312176480546, 45.07066918149826, 47.388550382874236, 55.701272158944, 63.89128561758567, 69.61913393985407, 72.07414045914935, 69.05928872282873, 58.3079535436526, 48.54593856592728, 44.456719114677824, 74.04672872986157, 67.5214770073132, 68.58557739289202, 74.78363438355173, 78.73094037549278, 85.1958196541102, 94.13963058037706, 96.97595993638606, 95.43068171944383, 92.70009347041712, 86.97417285967734, 83.77682989989822, 74.49068898761175, 72.27261307343441, 78.60070482497602, 83.40884067619241, 91.46797125694495, 86.53361134130768, 81.80354302664537, 78.21677104910846, 52.67439917339117, 60.68628989216304, 75.63762749403467, 86.86586422756501, 97.30983095082208, 108.22571060286238, 120.72835068819776, 119.50941095841354, 139.08906777836177, 134.06600402835443, 136.4912169343607, 129.09233356224976, 123.08623481437931, 115.5221380533639, 103.45994823871433], [8.515288331954771, 9.152284185171974, 17.563120554635187, 27.630660547016152, 21.08910195691853, 16.257677953895538, 16.10324731150736, 48.02427666063812, 53.26471126735872, 60.19117327222759, 68.36950757436489, 78.0686756408776, 69.6852616953302, 62.54378094665922, 55.46372037518702, 10.842130259483648, 6.503098931105846, 11.456862261019504, 21.696546769649217, 33.67836646362745, 29.2422055026297, 18.90130024090012, 8.87026889705859, 0.0, 6.592259715844711, 47.18934139010822, 54.36996056173775, 60.60344472727382, 69.41539408313622, 76.1922823212946, 75.86873004118986, 69.0075444223655, 60.55666996956013, 54.42657938224774, 48.297113767749124, 20.430635650654093, 27.8646941879904, 38.426788366797425, 43.140523575742996, 50.99495711767401, 58.40031634908045, 63.14302700201619, 64.99430429835425, 61.514777920618734, 50.31959954718601, 40.022714869763504, 35.62734308024798, 71.46771177135128, 63.908031756297284, 63.96249692646692, 69.43084326242027, 72.72807802158641, 78.85680930421765, 87.87746232493946, 91.14495806513045, 90.0242494655232, 88.18414796304896, 83.06266109330026, 80.64069174235775, 71.38910481400818, 68.01095001740724, 73.51025152610237, 77.74648316061408, 85.39442995697442, 81.09102821786456, 76.94578757382658, 74.18524823544415, 59.41651006357548, 66.2260479528903, 79.34333671727265, 89.3915842420581, 99.08838080026841, 108.93333844874556, 120.25391905251314, 115.7964870482217, 134.23376250787695, 128.3025738365746, 130.76194544887846, 123.05188852258681, 116.53139590425094, 108.8048562290722, 96.50961583096692], [9.3041298951844, 14.359350996718062, 23.107931022880432, 32.988395127355226, 25.67679829232091, 19.437710563340787, 16.431734607772423, 42.2481328057553, 47.13972791765297, 53.976688877419114, 62.269343254616395, 72.25304555983298, 63.66465646648148, 56.50922314971086, 49.55974483375967, 6.772684075211094, 9.662180249053783, 17.442004136146224, 27.931474359284234, 39.73556752627108, 35.50572299288657, 25.435989864268187, 15.447695521048763, 6.592259715844711, 0.0, 40.748868901601995, 48.050285103958274, 54.38354946864062, 63.39483694060313, 70.25237726146997, 69.80369685435359, 62.80600551110606, 54.231832101109596, 48.0639242259151, 41.934106563107065, 14.085963026165693, 22.897591717005938, 34.53111425368641, 41.49503097052185, 48.771112432697386, 55.35093540877381, 59.135513498111116, 60.445353773515706, 56.53187492686129, 44.89366480364368, 34.0239620636392, 29.145642519579717, 70.78054333476562, 62.44529627166726, 61.636838544713655, 66.42156122091845, 69.12543314053384, 74.93292901095992, 83.99382701967075, 87.62726020497566, 86.87049192588661, 85.78996381351398, 81.19496916978726, 79.4258824691666, 70.28479970562753, 65.96508507052576, 70.71163469385819, 74.42946834424555, 81.68774785863407, 77.95402538984048, 74.33351424310791, 72.2928512976177, 64.78780943252515, 71.06970145267628, 83.05339671104235, 92.28951179929909, 101.43880866631277, 110.4882508950801, 120.90550529390863, 113.94996400803949, 131.4084569990446, 124.7151337924309, 127.15291497506941, 119.15515394469749, 112.15839103677405, 104.18240290531894, 91.51409785889346], [45.478662945943626, 53.57919253972626, 61.93020662250874, 70.53620614298791, 62.98585182343009, 55.36720069409946, 47.77402964391934, 19.510355477779918, 14.084616058510575, 16.93076504130566, 25.954390951923298, 38.13205427161738, 29.28507055508127, 24.19468835640955, 21.250494893435047, 38.80086483432901, 47.56502929497413, 56.47073667180491, 66.45758929313001, 77.05890096342658, 74.07455640170183, 65.27095778515766, 55.841887261119645, 47.18934139010822, 40.748868901601995, 0.0, 8.066595865467725, 14.869164187955185, 25.08988380518232, 32.46690172345113, 31.383051072492954, 23.350414834617588, 14.324063487673426, 9.02028345345727, 6.338041104053599, 28.85071945609872, 33.80813807802809, 43.03160411519535, 57.05013782974262, 59.4707903128871, 59.81339716235407, 56.04927265419122, 51.0376485671436, 43.65571594334344, 34.23958217897837, 24.108152599213525, 14.545345176846679, 83.9897530616427, 73.68711179414112, 68.50630493788708, 67.95205219737556, 65.