{
	"dissimilarities": [[0.0, 8.435059747027402, 15.900020589452328, 22.68769182197036, 18.001119443746962, 12.702314222034266, 9.617166040176128, 42.71309140499118, 48.22382654911726, 55.461960992251136, 64.13831765913015, 73.72838023809764, 64.49272476673981, 57.12181459424491, 48.48013515297264, 15.804676362552508, 15.81777700977593, 19.856786691632585, 27.193589255017436, 32.923283680836846, 30.151347818131246, 23.433834469917954, 15.557843747199348, 9.461329892117172, 8.722411979853048, 44.004854571306865, 50.361675543572716, 57.41159482220975, 66.04764824680963, 72.9231712670874, 70.58160232180005, 64.06769607488482, 56.572116563664736, 49.382860261062085, 42.98029825179557, 20.5320865954843, 30.358548047657102, 42.08104040549977, 41.68585345971511, 49.46671716648978, 56.32524546993642, 60.19310516311773, 61.798512471663926, 58.78287397079912, 47.72077653999274, 38.14322523339737, 33.21543726569518, 65.27770910001507, 62.99154250981155, 64.75843066195469, 67.37145015809264, 70.24716978464247, 74.16063801516488, 81.58964637262054, 83.25172534080822, 82.8179384655803, 80.23225250744375, 77.25312834986654, 72.0115476714892, 66.47655540649293, 68.37019930620232, 71.38747825939669, 74.18257739650086, 79.25510055400396, 75.10943293821099, 72.33416363055457, 69.35623599113781, 51.844914051055085, 54.75552631690891, 66.96959068639035, 73.34331087331208, 85.1409869500182, 92.32375281086343, 102.64120817902139, 106.7706039373257, 126.0847559879848, 120.07741735751118, 124.22569298804126, 115.08197459326735, 110.76663499544209, 101.95690441585748, 95.45839773516332], [8.435059747027402, 0.0, 7.941943578366317, 15.729817360980416, 12.243008424490647, 10.60046585298646, 13.55353688590993, 51.12870148150317, 56.64583007372671, 63.86751429169814, 72.55585886961174, 82.05621734088649, 72.8904118977951, 65.50654235377078, 56.866490947693535, 19.1906958209561, 14.41778074675177, 15.002737665194342, 20.21881610081238, 25.48343116266167, 22.357507201863044, 15.741598716767905, 9.274181867108599, 7.757265660731104, 13.076570552734614, 52.02681998844232, 58.365930544793585, 65.47878175483318, 74.10371909059035, 80.99161986622124, 78.85850163204258, 72.30823325088936, 64.86139583544482, 57.639705404923376, 51.29928301183042, 27.551282498574803, 35.826559737563485, 46.25876873915896, 44.84728264038242, 52.96138164854741, 60.48877523348635, 65.44089191041664, 67.94231851919193, 65.64096121863358, 54.58559198587156, 45.81000163194052, 41.50918876252662, 66.8565568630127, 65.50203413709693, 68.09179407366094, 71.54994840769899, 75.19679013247179, 79.66371392361009, 87.40236812409245, 88.51834951819039, 87.43853953544209, 83.97542489876547, 80.25813477509283, 74.35595238738219, 68.5523953075958, 71.60283545966148, 75.31044489091205, 78.85356421215157, 84.80767436987637, 79.7405626552043, 76.22356163610227, 72.56050148809086, 45.81425414251317, 49.29341842174373, 63.041782737716815, 70.81546989557026, 83.28966733015145, 91.3718225587163, 103.00128072759736, 109.73863984915715, 130.88821916012304, 125.9777988076756, 130.4570792192516, 121.70036270815463, 117.92541094964567, 109.47627444186071, 103.05554791265375], [15.900020589452328, 7.941943578366317, 0.0, 8.295751071933934, 7.399342219171986, 11.249946073760798, 17.858757990108636, 58.08432614002771, 63.92327020015927, 71.21356760630391, 79.74422189967973, 88.73960097527522, 79.68516409529819, 72.32501384276975, 63.71866410770708, 26.50584528610974, 20.01951572920993, 17.45935055470681, 18.03923604108932, 20.78431717796228, 17.159292134940994, 12.894241398713884, 11.646277931966331, 14.56803765568218, 20.829393997567475, 59.83532102375562, 66.18502140130857, 73.25054415213968, 81.77217347353076, 88.43800899578702, 86.27491318023371, 79.91033865845904, 72.4549411700134, 65.2809682147269, 58.86395911991714, 34.80872937265872, 41.42790176465529, 50.34898974655209, 46.87266978609716, 54.986836119967386, 63.10700499950149, 68.93779495095635, 72.03832890690585, 70.43543952709129, 60.07654855201196, 52.28064660516304, 48.88790635677503, 66.25645315805922, 66.06407600416593, 69.52027378319976, 73.78557801260631, 78.0499221927538, 82.86044890231922, 90.6710518758143, 91.2472177299206, 89.61956652459452, 85.34274840889842, 80.96840589980594, 74.48801507432167, 68.45332075393652, 72.76287419154643, 77.11362701300996, 81.29262517934012, 87.86721815413118, 82.12198022801934, 77.97045958905645, 73.67039788306036, 41.52724664707104, 43.05121913873809, 57.06817374388022, 65.77372206990024, 78.71292053550312, 87.54344371706499, 100.30567383666714, 109.91284171428948, 132.3300241924058, 128.67408904057146, 133.55107498201764, 125.38365737789977, 122.46615368781215, 115.01790521981417, 109.73269012641926], [22.68769182197036, 15.729817360980416, 8.295751071933934, 0.0, 6.615817789915167, 13.853461120679155, 21.671109367642856, 63.142918026997684, 69.48142813862401, 76.85518113507803, 85.08225740948035, 93.26981322510069, 84.33847761254557, 77.0506673818421, 68.56204668917354, 34.61349168420419, 28.25246602519661, 24.96006589157136, 22.54085386403277, 21.77332670969985, 18.15578205177659, 17.831668983112994, 19.526144148481414, 22.79286875212203, 28.6474093602309, 66.52581512168985, 72.89746094047872, 79.84046861445775, 88.2184035335174, 94.52183821348096, 92.11620252245544, 86.0855632489413, 78.5845593687407, 71.53345353756568, 64.98158017276991, 41.20413953644353, 46.111617677719224, 53.42255271168629, 47.19430654257028, 55.00295117589945, 63.601710491386065, 70.1090740148569, 73.57904374075791, 72.6895052724334, 63.56242187059977, 56.95749038549638, 54.749310968773784, 63.1140346886273, 64.23282325702635, 68.55078720963105, 73.55372490548929, 78.28741642188824, 83.26360363654783, 90.94817402181285, 90.98872367688686, 88.89960938872431, 83.89343804220476, 78.9613440071068, 72.00683737341684, 65.79168837956313, 71.3885031573331, 76.3111989170016, 81.00924470237969, 87.98154538257067, 81.76572964428574, 77.09284280043202, 72.22751854376595, 40.64297826741807, 37.071640622543235, 49.42943532657278, 58.37502366780437, 71.52491810931387, 80.87571437039823, 94.51099210966447, 106.95517932291074, 130.20499657133564, 127.90135183408069, 133.29301951525994, 125.92206727873555, 124.12817670416312, 118.2472038657748, 114.93387376864369], [18.001119443746962, 12.243008424490647, 7.399342219171986, 6.615817789915167, 0.0, 7.540833030682815, 15.779912155861197, 57.61989350411247, 64.116210500858, 71.49833476115658, 79.79445983438274, 88.22525332027092, 78.84538912538818, 71.41061701980459, 62.92799571619774, 30.539050956827374, 25.711238411709246, 24.40125197152011, 25.106232576858137, 26.535308023995217, 22.80213856109573, 19.83660269774091, 18.241076543307877, 19.455490813102887, 24.19147733768314, 61.22149621529515, 67.67027042993858, 74.69576137702497, 83.34209058047935, 89.88218440196972, 87.13163466510638, 80.94232467941985, 73.27737197905005, 66.195113136647, 59.61169046476761, 35.236860453808355, 39.56983146462691, 46.96805109274219, 41.2732982438104, 49.22160772503313, 57.6542570514757, 63.973743996711505, 67.48186667563411, 66.563277286884, 57.06181460867218, 50.617201056224374, 49.008869025141976, 59.142724048112456, 59.39578589951005, 63.2515861389894, 67.92539860862186, 72.5169969809106, 77.5339134075309, 85.41949754144872, 85.59124106726853, 83.60706506849526, 78.91293958783277, 74.2665919431896, 67.59044745029104, 61.48825527260234, 66.3116305145147, 70.96010670233582, 75.46848266889613, 82.45190952289144, 76.25839718059126, 71.78066763762077, 67.18971362296043, 46.22214646971112, 42.77144201450131, 53.01369464600517, 60.18877308462119, 72.45745519333346, 80.80192301060096, 93.29611704525594, 102.96976168122431, 126.70073973104215, 123.82783884921292, 129.62353303447495, 122.27286544179208, 120.3204200068175, 114.54131477952028, 111.23597059078993], [12.702314222034266, 10.60046585298646, 11.249946073760798, 13.853461120679155, 7.540833030682815, 0.0, 8.38889568577611, 50.256705862750394, 56.86408575585297, 64.2472386835408, 72.53780046325069, 81.08592404822595, 71.47038221424414, 63.975469187219666, 55.50129445889371, 26.478126215497838, 24.069865749218337, 25.19567357175753, 28.799929133753675, 31.827844058401563, 28.284931274008247, 23.672361685339908, 19.005425947555135, 17.11106723899459, 19.6237063885237, 54.29880869632487, 60.76517171157788, 67.76359502521905, 76.50389383420568, 83.11209927569476, 80.09610188509677, 73.88235842211922, 66.1347937908165, 59.08541789825108, 52.471464431801266, 28.448270581826343, 32.97985572879465, 41.22512233629327, 36.2758233676435, 44.2445400901169, 52.295506087742375, 57.92158627881076, 60.93772729672555, 59.5941963630512, 49.88143678287486, 43.13311333154473, 41.69463128695681, 56.481618401054966, 55.685195369994474, 58.807392224718704, 62.81917466490185, 66.89235021660839, 71.61728140901396, 79.44699826992193, 80.0195592059885, 78.48393984941707, 74.47163238820872, 70.41443545100198, 64.26391561240618, 58.3465340801241, 62.06757557565273, 66.17379045381351, 70.14707989870077, 76.62347766923224, 70.98354528239147, 67.04101162465562, 62.99080372723094, 51.32834973113351, 48.26083826823492, 57.1367018357437, 62.77235061114769, 74.27898623297871, 81.63246111889688, 92.79411743938118, 99.5951542682879, 122.36057112674995, 118.54263444910582, 124.29441985298219, 116.69417532270337, 114.34608542360795, 108.39563330906702, 105.06392363858706], [9.617166040176128, 13.55353688590993, 17.858757990108636, 21.671109367642856, 15.779912155861197, 8.38889568577611, 0.0, 41.89364269977608, 48.56988128922505, 55.96261390496984, 64.18228113310288, 72.72925595699931, 63.10259310553528, 55.63494464506097, 47.152417433127106, 23.950158302101535, 24.605427534585637, 27.929396328070432, 33.57832624486403, 37.58184938524198, 34.39404400796569, 29.018886582644726, 22.48826585939318, 17.771839849693755, 16.965965219512768, 46.641903939906804, 53.05743054618225, 59.91025429547848, 68.55940194045992, 75.06405361547584, 71.8736750312455, 65.7710740572169, 58.02360205715782, 51.0692393309448, 44.41567341345501, 22.20568075908746, 27.943191568508528, 37.65835036228498, 33.75184100704225, 41.38012707994055, 48.71530479912851, 53.095558414337766, 55.041082318746106, 52.84914668056177, 43.18301531517879, 35.57314108695703, 33.70359349844502, 55.892114072620764, 54.04007877787113, 56.219353833362554, 59.26382577060982, 62.44327498597276, 66.52023077252893, 73.99293909129796, 75.21031543389685, 74.43867138262729, 71.42999279094028, 68.21855301223098, 62.81568030766846, 57.18687833211841, 59.594962886144614, 62.91493674487061, 66.02497998477816, 71.46524876184499, 66.9110961510499, 63.82386129772931, 60.554167927971385, 56.117160195617906, 53.61721234657071, 61.70968124449236, 66.14775598064058, 77.0351825541924, 83.51166673296153, 93.30554781096444, 97.44942392351737, 117.93268795404285, 112.88193766715159, 118.15369146590749, 110.05403935116931, 107.08960544527373, 100.68677578294472, 97.27418963797443], [42.71309140499118, 51.12870148150317, 58.08432614002771, 63.142918026997684, 57.61989350411247, 50.256705862750394, 41.89364269977608, 0.0, 8.224938343552978, 15.03571104790994, 22.559515962295404, 32.36182515186333, 21.86935680219976, 14.583465548662566, 6.139818284806236, 43.743055160380656, 52.24131190921946, 59.31656243948665, 68.35793970437678, 74.28013729728441, 72.09583623444557, 65.60370388425319, 57.09393832914591, 49.60687653096555, 42.670377472412525, 17.630283182504925, 20.592445624124906, 24.14456185327193, 31.23674080537086, 36.88552008207462, 31.699316288554773, 26.559146301192474, 19.212611481874532, 14.94349385374605, 10.700397881479082, 30.08960704889429, 34.81465992429347, 44.207419809495455, 48.14775828963547, 50.59561570699869, 51.19797002339457, 46.95995535786581, 41.43751047972224, 33.389309099442904, 27.831105528044233, 17.897359263588413, 12.753593590044613, 70.62658499226842, 64.45129682012826, 61.502965419838915, 58.662013202581726, 56.00707927512009, 55.27920614800807, 59.14726349212056, 64.26487655797374, 68.06828682129895, 71.1795722546405, 72.87879757801556, 72.14624458655027, 69.16252580104528, 64.69532899237, 63.14029229690626, 60.78363531269901, 59.010300030344105, 61.76306540147379, 64.06463710181406, 65.59853060139025, 89.10538818929139, 89.17976320522915, 94.69614698052744, 94.9792307367745, 102.58742304067727, 105.0486319696393, 108.20412070292096, 98.4936946855696, 105.89214193922838, 93.54290514876864, 95.69073258804379, 84.74217042224959, 77.24033093921477, 67.15097148672601, 61.93541520173964], [48.22382654911726, 56.64583007372671, 63.92327020015927, 69.48142813862401, 64.116210500858, 56.86408575585297, 48.56988128922505, 8.224938343552978, 0.0, 7.406052759266101, 16.0881526086575, 27.975949755554215, 18.508929431176753, 12.849657623737219, 8.502603864793478, 47.2621240442494, 56.114911837830014, 63.34652322168242, 72.69810350099344, 79.01858975832666, 77.07531990362395, 70.39321182334712, 61.822252521544925, 54.33707015481395, 47.215403073210794, 14.070047719630944, 14.531858484151742, 16.434279298341075, 23.027314323670684, 29.032553321340966, 24.004767780245864, 18.404333512771657, 11.196444206898233, 8.343116989338816, 7.924640990431428, 34.9788354638513, 40.609137802046455, 50.22584428806639, 55.78603082691523, 58.1188429950967, 58.18313454018166, 53.318730458201024, 47.34141833512455, 38.92550570765904, 33.61416930285153, 24.004510619048283, 17.13359371092763, 78.5640034701066, 72.09214852126162, 68.75703406988039, 65.41879942960624, 62.25945513656902, 61.0314655811288, 64.28879347528581, 69.87090378369321, 74.1745543770812, 77.94059368379554, 80.07436611139627, 79.71906213937872, 76.95380944404661, 71.97266664248632, 69.99423047617469, 67.13081832436146, 64.54085573659614, 68.1025386403775, 70.91064019602086, 72.8639135124919, 93.23614815338878, 95.19513406462947, 101.91104956839553, 102.66106836383071, 110.46093794590449, 112.96459166666334, 115.87536920504046, 105.11533851927126, 110.2961141547814, 96.64916959899138, 97.53349087638475, 85.6468588179081, 76.53417242381425, 63.95379716308573, 55.617417845953206], [55.461960992251136, 63.86751429169814, 71.21356760630391, 76.85518113507803, 71.49833476115658, 64.2472386835408, 55.96261390496984, 15.03571104790994, 7.406052759266101, 0.0, 9.421665821039822, 22.91929456449589, 14.439445177817529, 11.646261084220505, 12.661138642324314, 53.71201545963145, 62.74116516081673, 70.05433566798997, 79.53573323432784, 85.98866543692763, 84.13148384852319, 77.38603638019248, 68.78540957724772, 61.30673031453829, 54.114411201905675, 17.336803560012697, 14.78065268845588, 13.063529796930883, 17.502752638334407, 23.066046612840207, 17.166178111775636, 11.94470629393201, 6.422035153740753, 9.54016488700835, 13.458826867564241, 41.64937016250311, 46.648288606192075, 55.50723240012709, 61.78434393789469, 63.538936418670104, 62.79191162137271, 57.024733117949566, 50.32865593700507, 41.64696773733503, 37.69382728530757, 29.593495066084117, 23.926507664997374, 83.99886407392226, 77.17627006610857, 73.31667228104473, 69.31621039602001, 65.44973704743876, 63.517526505153064, 65.97441951759436, 72.01890051059445, 76.90879818136993, 81.49104814006233, 84.24167788923545, 84.49249650458056, 82.1186210981378, 76.42322396285778, 73.85440937337745, 70.30582925413438, 66.66273058491345, 71.25130373249085, 74.74056026668373, 77.27907808829684, 99.83495694728981, 102.21827624770972, 108.81675678500024, 109.24172729955544, 116.68240529058014, 118.74624451839904, 120.85534080654314, 108.25316158284456, 111.25287974032227, 96.40651143342244, 96.53994783327624, 84.19446594366475, 74.0081617580687, 60.27111806656961, 50.658250567176246], [64.13831765913015, 72.55585886961174, 79.74422189967973, 85.08225740948035, 79.79445983438274, 72.53780046325069, 64.18228113310288, 22.559515962295404, 16.0881526086575, 9.421665821039822, 0.0, 14.35197791318886, 9.601422064738015, 12.964106501958746, 18.60702482115822, 63.01014077660371, 71.90426160475944, 79.07297005631844, 88.28477882883641, 94.42792693710247, 92.64253033025824, 86.19022938619221, 77.74587742595502, 70.31226199858158, 63.22293116708805, 26.429135020630717, 22.770997468093224, 18.32654289890297, 17.355771902353755, 18.97174966922627, 11.480569659941313, 11.723058095901811, 12.697149635181985, 18.538905607371678, 22.842314591871137, 50.80358757808088, 54.99838110891473, 62.80648627385756, 68.2802960412971, 69.17546479073445, 67.65378479420934, 60.83589110160115, 52.920807110267376, 44.01999159892702, 43.160426534806135, 37.07118289016395, 32.955558858641105, 88.53629266873286, 81.73222543943635, 77.46956313061365, 72.80994625407132, 67.99156557578651, 64.87597877670905, 65.83025231567828, 72.4484552553641, 78.21605214622124, 83.79274220579946, 87.32007926963625, 88.31824053550183, 86.4015104671177, 80.18823665508384, 76.97149372711502, 72.53252721369337, 67.16281062395427, 73.41034541843729, 77.78193014456272, 80.96933640331883, 107.42639577040188, 108.96552919698499, 114.5346880755252, 114.17015597770127, 120.949247896602, 122.35346827386792, 123.31009355779804, 109.26855390745429, 108.14918108090778, 91.95618095655838, 90.90281356645828, 78.0623791987669, 66.887713045752, 52.68735454447048, 44.3086673080444], [73.72838023809764, 82.05621734088649, 88.73960097527522, 93.26981322510069, 88.22525332027092, 81.08592404822595, 72.72925595699931, 32.36182515186333, 27.975949755554215, 22.91929456449589, 14.35197791318886, 0.0, 13.343897312400937, 20.861957891987363, 27.88373642845845, 74.72998812128513, 83.06215435470193, 89.75697650152011, 98.13847130395602, 103.3774384020039, 101.6741759512903, 96.01649954447106, 88.04053088271722, 80.7821778882852, 74.07814725840853, 40.12360835801962, 36.84082038970339, 32.10731994580441, 28.119961708643576, 24.22102828816939, 18.486219059915793, 24.21498390279382, 26.897985893931033, 32.31391516667988, 35.58371633907091, 62.282846086840784, 65.76747961631686, 72.45015415739542, 75.21697791956166, 75.06742149689083, 73.06749404044444, 65.36908268786841, 55.92121003809578, 47.14912306802557, 50.98959913024073, 47.04962248895187, 44.46772334426381, 91.57904159599866, 85.4963842733824, 81.19864312965137, 76.12919750638886, 70.279317242938, 65.51473713223083, 64.04742600205826, 71.22229617823282, 78.11101053186277, 84.67209878447146, 89.0059917068654, 90.77397340325082, 89.31632104167127, 83.14092488285736, 79.39835821981603, 74.01593805151961, 66.23381860982796, 74.76143285202816, 80.06695658683748, 83.79253168160126, 114.80737698633976, 113.9134437751788, 117.3371797007478, 115.69622006865447, 121.46544500598704, 122.03827349797633, 121.55011086089729, 107.41021752708953, 99.23180501639524, 81.6548980303071, 78.52019800711872, 64.96737059532032, 52.93332299047133, 39.645479026470106, 38.52828038771518], [64.49272476673981, 72.8904118977951, 79.68516409529819, 84.33847761254557, 78.84538912538818, 71.47038221424414, 63.10259310553528, 21.86935680219976, 18.508929431176753, 14.439445177817529, 9.601422064738015, 13.343897312400937, 0.0, 8.094012909842496, 16.343013894358656, 65.10342100863753, 73.86261225182822, 80.98874432418476, 89.96798460206783, 95.68258808169219, 93.62292545055347, 87.3651561513144, 78.93027612003519, 71.45170850757101, 64.46634634532447, 31.030536266672815, 28.904452177931585, 26.179373187565986, 26.869426471581974, 28.02561608729594, 20.42266708400279, 20.902273682484424, 19.693243585235418, 23.595251891344773, 26.083369413436508, 51.15066903529566, 53.24055512910228, 59.40115376925561, 63.305903395040986, 63.25825600073783, 61.131189050757435, 53.658382971724556, 44.95763659082316, 36.05038610128912, 38.01979010414996, 34.4017258884693, 33.56449231456412, 81.52841237893179, 74.70627634654807, 70.18400557381916, 65.16186269760983, 59.82665066759445, 56.11286971556473, 56.49929065178309, 63.25406026167994, 69.31955782073918, 75.29444798670009, 79.22374166766596, 80.70666301306218, 79.16431126502778, 72.58526339575282, 68.99881631853258, 64.11308716279338, 58.01332984364716, 64.94821816888872, 69.75500747130428, 73.30882249341923, 109.2069875217506, 108.09379900690978, 111.27053780616588, 109.45876529271328, 115.17661160109559, 115.67149614441351, 115.57351475378799, 100.15588199126377, 99.22949625863114, 83.32254998884046, 83.66879007221465, 71.9197761281538, 62.37247092155892, 52.23785015295989, 49.96405648228027], [57.12181459424491, 65.50654235377078, 72.32501384276975, 77.0506673818421, 71.41061701980459, 63.975469187219666, 55.63494464506097, 14.583465548662566, 12.849657623737219, 11.646261084220505, 12.964106501958746, 20.861957891987363, 8.094012909842496, 0.0, 8.644703154372452, 57.753046779722546, 66.56639696704086, 73.79622429499315, 82.93839647507897, 88.80662692257401, 86.60404644105259, 80.1374944097411, 71.56780931156189, 64.04121540240979, 57.00516363176209, 25.44614776341975, 24.76874654139787, 24.20655705269748, 28.017196251353436, 31.5778347897737, 24.347849144795315, 21.832134959935413, 17.487787698039597, 18.924918762411902, 19.935082766570847, 43.27549842155148, 45.182829741187064, 51.72894334013819, 56.000009632156285, 56.4640407212627, 54.842999016536034, 48.08540951803128, 40.26898633905594, 31.36105149258342, 30.994055295789256, 26.37214231194375, 25.92945028358918, 75.7327074275446, 68.7903930526983, 64.51576432085464, 59.966905058505205, 55.38258655878534, 52.702656124940624, 54.54981595729893, 60.78085627209339, 66.0569736743966, 71.19062403865284, 74.49599880565127, 75.40298071038546, 73.51962996406746, 67.24673544884341, 64.14960381314643, 59.984575192019406, 55.44067236748387, 60.886411650390016, 64.9753390913679, 68.03571042779195, 103.2203563013111, 102.17114438098135, 105.65488014875963, 104.17991904256932, 110.24781855819889, 111.11882139074213, 111.83060215703755, 97.3134452581955, 100.48248754193396, 85.94601260777532, 87.68420347067052, 76.62273289896315, 68.23513163301897, 58.86568414019401, 55.79724693430429], [48.48013515297264, 56.866490947693535, 63.71866410770708, 68.56204668917354, 62.92799571619774, 55.50129445889371, 47.152417433127106, 6.139818284806236, 8.502603864793478, 12.661138642324314, 18.60702482115822, 27.88373642845845, 16.343013894358656, 8.644703154372452, 0.0, 49.438851661942, 58.098407226906716, 65.26774403070242, 74.37083131070321, 80.26024380340907, 78.01714988023501, 71.51325393571507, 62.950189522810774, 55.43507326208719, 48.449465912855736, 20.458861995815333, 21.913401284397043, 23.924897104864822, 30.074417469106695, 35.10300296125306, 28.94086043156027, 24.573088885574823, 17.93515173762118, 15.827912348281721, 13.971547709600214, 35.0548376452956, 38.01744930348614, 45.93688730350969, 50.02442493409976, 51.519244125198924, 51.0828293947597, 45.690900541786, 39.161676969095716, 30.62398675992954, 27.123638401673528, 19.67651573129803, 17.764224626640868, 71.3935049247207, 64.7891698048719, 61.20861479104163, 57.59624045502342, 54.12191760888133, 52.63879103481786, 55.830548006822795, 61.384961342407294, 65.7563440313368, 69.70009935180641, 72.08198327690653, 72.06371254763039, 69.5681087724288, 64.23441644551473, 61.99931804386236, 58.88231995232883, 56.059535435370876, 59.83918875768225, 62.89019307347686, 65.09488342015653, 95.08287725096771, 94.39894627784977, 98.76509319476669, 98.1211869562001, 104.95754809462838, 106.6397403380113, 108.67842984904046, 96.70262949357227, 102.86770661676839, 89.74742555021898, 92.03039170851729, 81.20601636980822, 73.5707275375773, 64.13909305270205, 60.101462477880965], [15.804676362552508, 19.1906958209561, 26.50584528610974, 34.61349168420419, 30.539050956827374, 26.478126215497838, 23.950158302101535, 43.743055160380656, 47.2621240442494, 53.71201545963145, 63.01014077660371, 74.72998812128513, 65.10342100863753, 57.753046779722546, 49.438851661942, 0.0, 10.048822388459753, 18.366574487322808, 29.73193809984357, 38.50533204836304, 36.29782248617355, 27.43066684501857, 18.290938685661978, 12.042986663270206, 7.156963657558002, 38.6923360626318, 44.74378575040196, 52.18037328938805, 61.410426916239935, 69.58261539025254, 67.86714038516077, 60.245504709566, 53.03465688380147, 45.697735874223916, 40.28383416284046, 17.82040922644786, 30.012843783033304, 43.08792598797355, 49.18389709879273, 56.840958806885496, 62.41101674265926, 65.48795546456513, 67.26679352022597, 63.626495459487046, 49.87655933309002, 38.98061344099896, 31.984496211299906, 76.16986105355686, 72.16191180560304, 72.71244997783865, 74.33950600877833, 76.84086964938818, 80.89736757071213, 88.79671895073793, 90.93327569464749, 90.72758078362621, 88.90402316975975, 86.47464869267203, 81.84302334100084, 76.79819054654273, 76.9206775970814, 79.19373516108212, 81.50527434038628, 86.6002215215489, 82.50704158096973, 80.22108426075792, 77.96461618339065, 58.048049576999325, 67.3201084116763, 81.93038537634177, 88.79437581016026, 100.42380159517663, 107.23536662756536, 116.90682357919941, 117.10038011060487, 137.3598685342089, 129.72828239225188, 133.58018315512012, 123.5358285832228, 117.43006418191474, 105.81684804345471, 94.5886194176593], [15.81777700977593, 14.41778074675177, 20.01951572920993, 28.25246602519661, 25.711238411709246, 24.069865749218337, 24.605427534585637, 52.24131190921946, 56.114911837830014, 62.74116516081673, 71.90426160475944, 83.06215435470193, 73.86261225182822, 66.56639696704086, 58.098407226906716, 10.048822388459753, 0.0, 8.356263348137432, 19.850831183101324, 28.93796832688276, 26.827933258694152, 17.805293757071546, 9.42349167028729, 7.090257720954157, 10.423489360200646, 48.18788847697831, 54.17019615209594, 61.450997583426464, 70.27988444066271, 78.02734298527471, 76.67408728433044, 69.35877594047997, 62.28884551278026, 54.997891665839525, 49.436648999666076, 26.468639249784378, 37.18670262546574, 49.12396492249904, 52.95331948845883, 61.056712424390206, 67.57528663235823, 71.7331477496377, 74.10635580262172, 71.02437974389052, 57.857861033656526, 47.57887140204052, 41.045839673353015, 78.09287285384181, 75.29993051139343, 76.8514700348051, 79.4275242560927, 82.6401057720142, 87.08247559979115, 95.09496958968279, 96.7544335497246, 96.02975122690567, 93.31462653927146, 90.12641593384248, 84.74841969045434, 79.30433237116037, 80.86204141899717, 83.90557455582656, 86.94043621054395, 92.68008127430888, 87.90013203812336, 84.89379699688955, 81.87683129216826, 49.163711351308834, 59.97679500337327, 76.60924535106592, 85.12240613412592, 97.65564735269498, 105.58798588168176, 116.77738248891282, 120.5618777655399, 141.67272595318454, 135.18526134271556, 138.9858473108237, 129.1610192220612, 123.62689069251189, 112.35131998610079, 101.61085142250559], [19.856786691632585, 15.002737665194342, 17.45935055470681, 24.96006589157136, 24.40125197152011, 25.19567357175753, 27.929396328070432, 59.31656243948665, 63.34652322168242, 70.05433566798997, 79.07297005631844, 89.75697650152011, 80.98874432418476, 73.79622429499315, 65.26774403070242, 18.366574487322808, 8.356263348137432, 0.0, 11.622688252449386, 21.064781567369383, 19.257736669800554, 10.482923424794537, 6.349558441105887, 11.132445840901855, 17.505521317783515, 55.90217988489181, 61.80147146512657, 68.92545504912552, 77.38768162038936, 84.75109241028017, 83.71048146763582, 76.67444628945871, 69.75625049220919, 62.53585102220017, 56.91048104001157, 34.27559859597176, 44.309528640872585, 55.4869090443537, 57.583765755605086, 65.84689693490446, 72.95663253384053, 77.7475595639017, 80.38049370647313, 77.60645608796054, 65.01501735119876, 55.059390283606234, 48.629187927298446, 80.89215054157431, 79.1051763234563, 81.38601165981045, 84.60169856762109, 88.2331946426611, 92.84001709077039, 100.80847863364585, 102.16754355008098, 101.14091925753026, 97.83463169562856, 94.13719884044477, 88.25392246550426, 82.54446984094862, 85.18761954946847, 88.75077629481396, 92.23521663669199, 98.28259444258539, 93.1584463788252, 89.70151438229863, 86.17087010081157, 41.62829440869614, 54.16391496839605, 72.7640547912671, 82.77450071799112, 96.06749460846959, 104.95408917929022, 117.36064329459062, 124.16965845965893, 145.4434306663989, 139.79418402418852, 143.3850917542686, 133.67317922045657, 128.52689519391123, 117.43709305498652, 107.0624674292666], [27.193589255017436, 20.21881610081238, 18.03923604108932, 22.54085386403277, 25.106232576858137, 28.799929133753675, 33.57832624486403, 68.35793970437678, 72.69810350099344, 79.53573323432784, 88.28477882883641, 98.13847130395602, 89.96798460206783, 82.93839647507897, 74.37083131070321, 29.73193809984357, 19.850831183101324, 11.622688252449386, 0.0, 9.827117372917757, 8.98020879198652, 5.7464587353029, 13.382124022121227, 20.456964696833932, 27.693804473391445, 66.23155273508844, 72.0721854366778, 78.97484633950737, 86.94930306694954, 93.69978923687962, 92.93403360242955, 86.36431765704928, 79.59940933360951, 72.49335437913503, 66.72430090416576, 44.660053418881915, 53.98470692991396, 64.27036442425283, 63.81844125685536, 72.0876602752116, 79.87235355697172, 85.33357403707899, 88.13076140916434, 85.733077156785, 74.17901467305231, 64.68421804657396, 58.49552334502342, 84.14159216556006, 83.80177909443543, 87.0294513655048, 91.02518135185449, 95.09250647544697, 99.77934367111092, 107.5343472655831, 108.51390742189635, 107.16360375420103, 103.1430812800265, 98.84546704272556, 92.37446033383983, 86.36511219852197, 90.45928511340442, 94.64913225393649, 98.6332754922437, 104.90485502490831, 99.49799154561902, 95.53676834388193, 91.38663249228445, 30.975670449884905, 45.26569052844859, 66.43483345873847, 78.44638834375677, 92.68466230763066, 102.83676759906778, 116.81158436301976, 127.94935166252412, 148.93626066116457, 144.50879863982547, 147.78977983983887, 138.34354795027667, 133.89206397710754, 123.40586163416006, 114.12876240384631], [32.923283680836846, 25.48343116266167, 20.78431717796228, 21.77332670969985, 26.535308023995217, 31.827844058401563, 37.58184938524198, 74.28013729728441, 79.01858975832666, 85.98866543692763, 94.42792693710247, 103.3774384020039, 95.68258808169219, 88.80662692257401, 80.26024380340907, 38.50533204836304, 28.93796832688276, 21.064781567369383, 9.827117372917757, 0.0, 4.027709294526356, 12.2329568726339, 21.22870362878699, 28.08924649715342, 35.41639476163871, 73.74208559393276, 79.58893917504855, 86.30257238931976, 93.90608633844471, 100.07311273069163, 99.33555034096283, 93.2379630921945, 86.5320825854502, 79.54406256402169, 73.59253633269081, 52.086476016908136, 60.78291508119074, 70.34515199551115, 67.49437031391025, 75.58291053983768, 83.8267277938672, 89.69302878289844, 92.47578768759463, 90.40180431991021, 80.01844474150627, 71.04423811704525, 65.28524094609331, 84.88478018256072, 85.81080364469025, 89.78567599614657, 94.35427585250461, 98.66800693255661, 103.29244898821446, 110.7230681512125, 111.3936128160991, 109.8441131174518, 105.3096889696131, 100.60465823313599, 93.74698325084353, 87.54760665148133, 92.81895450951218, 97.45694856922833, 101.75792574889032, 108.0457075295201, 102.5634723981911, 98.2793031758418, 93.68701881239909, 22.978686623211107, 36.405441075726095, 59.24174195864253, 72.69341209286344, 87.57835010816592, 98.66841603175722, 113.77290507475932, 128.56810481019204, 148.88543779258717, 145.57962141520304, 148.66827103482763, 139.62174489889628, 135.9862157077058, 126.49731205866875, 118.88796774407359], [30.151347818131246, 22.357507201863044, 17.159292134940994, 18.15578205177659, 22.80213856109573, 28.284931274008247, 34.39404400796569, 72.09583623444557, 77.07531990362395, 84.13148384852319, 92.64253033025824, 101.6741759512903, 93.62292545055347, 86.60404644105259, 78.01714988023501, 36.29782248617355, 26.827933258694152, 19.257736669800554, 8.98020879198652, 4.027709294526356, 0.0, 9.42895698130493, 18.462220324443916, 25.406923965363177, 32.85860772091678, 71.89706558293635, 77.88095436672874, 84.72519256226583, 92.59403418965061, 98.94070061746677, 97.89980224871722, 91.68124498750313, 84.7831448887549, 77.71264914237616, 71.65246736638667, 49.265032089855595, 57.39920397151773, 66.64395379579624, 63.68667913935101, 71.7954069553676, 80.06557602628155, 86.08435660298899, 89.10190547541976, 87.24020106487465, 76.77597884606581, 68.13141493927048, 62.92613614905841, 81.22921113002097, 82.03921197545782, 86.00966970170693, 90.63222976623507, 95.0641307742708, 99.83762348384087, 107.42905219595521, 107.98394526604679, 106.29450049274689, 101.67081556063881, 96.9156435071434, 90.04384561634885, 83.86295788145253, 89.0800841304491, 93.75584806121714, 98.15395239379593, 104.67617908796699, 98.95843219442305, 94.58023891149567, 89.95078389245735, 26.620214932999865, 36.9744881694581, 58.20999196710383, 70.92640097639887, 85.48836988401645, 96.23886494182271, 111.06412153481782, 125.08539631196507, 146.3455003395199, 143.14495747553505, 146.74087785292545, 137.96320784081593, 134.56230253890888, 125.5629149238586, 118.40448954156417], [23.433834469917954, 15.741598716767905, 12.894241398713884, 17.831668983112994, 19.83660269774091, 23.672361685339908, 29.018886582644726, 65.60370388425319, 70.39321182334712, 77.38603638019248, 86.19022938619221, 96.01649954447106, 87.3651561513144, 80.1374944097411, 71.51325393571507, 27.43066684501857, 17.805293757071546, 10.482923424794537, 5.7464587353029, 12.2329568726339, 9.42895698130493, 0.0, 9.498161455758112, 16.966374171399526, 24.5345929779709, 64.302721243714, 70.36617456468834, 77.44060900736537, 85.77027027989774, 92.69499224753207, 91.44296188900294, 84.77018079061025, 77.7095994157446, 70.49668719529599, 64.52247502784206, 41.069935449111256, 49.44120635646232, 59.20855152110866, 58.338775582205294, 66.62312970568424, 74.48987847011638, 80.20412124752679, 83.33301554607363, 81.28517723346495, 69.75625995028737, 60.82991954611649, 55.59456940300125, 78.64953431455467, 78.24031139684638, 81.51711043926427, 85.6342789819387, 89.88546565724924, 94.77173710730304, 102.7159594996254, 103.49828882877789, 101.93558899619201, 97.7496377186434, 93.35742857115844, 86.848021294966, 80.85657020904847, 84.95997897352076, 89.235477498414, 93.37870557075054, 99.97487544889027, 94.23584806448916, 90.11957364732771, 85.88551531291489, 34.77522872489425, 45.0882696008983, 64.13712960756803, 75.16171106743141, 88.93570233726658, 98.64400335458726, 112.26411010222381, 122.61325826949647, 144.8082417779618, 140.6620505015735, 144.66097547333715, 135.67471037449, 131.6938553983259, 122.12092900649425, 113.84807149285162], [15.557843747199348, 9.274181867108599, 11.646277931966331, 19.526144148481414, 18.241076543307877, 19.005425947555135, 22.48826585939318, 57.09393832914591, 61.822252521544925, 68.78540957724772, 77.74587742595502, 88.04053088271722, 78.93027612003519, 71.56780931156189, 62.950189522810774, 18.290938685661978, 9.42349167028729, 6.349558441105887, 13.382124022121227, 21.22870362878699, 18.462220324443916, 9.498161455758112, 0.0, 7.657500408910073, 15.19667829717593, 55.383272169410546, 61.54770869351578, 68.77310444413716, 77.45778165840623, 84.74865797709083, 83.1744207188199, 76.235820089495, 69.00566139947803, 61.710059965426844, 55.744636271615256, 31.69065092936612, 40.61119409531035, 51.20346428039538, 51.96902661155287, 60.25203393392844, 67.62412745539733, 72.7494903174913, 75.63683286152101, 73.26768290422369, 61.11222110336657, 51.85204618972157, 46.593834428806495, 74.66661201599045, 73.11682045914729, 75.63451462775065, 79.1080658056967, 82.9505972719347, 87.69673112634833, 95.73571895201223, 96.84652729941084, 95.60465178836758, 92.03570394242814, 88.1720384610589, 82.1640137587331, 76.39908660051479, 79.34220560978657, 83.09459751127308, 86.7875309648663, 93.09617654808022, 87.69071518821862, 84.02758512891528, 80.31258425697256, 42.830750053715015, 51.49070469674192, 68.16810716929675, 77.37464305704678, 90.32236099678634, 98.93299567539425, 111.17469524089779, 118.08460268991035, 140.14039792596796, 135.0330491656347, 139.25580128865045, 130.10146119625873, 125.67795723103879, 115.8683356738412, 107.20615726926648], [9.461329892117172, 7.757265660731104, 14.56803765568218, 22.79286875212203, 19.455490813102887, 17.11106723899459, 17.771839849693755, 49.60687653096555, 54.33707015481395, 61.30673031453829, 70.31226199858158, 80.7821778882852, 71.45170850757101, 64.04121540240979, 55.43507326208719, 12.042986663270206, 7.090257720954157, 11.132445840901855, 20.456964696833932, 28.08924649715342, 25.406923965363177, 16.966374171399526, 7.657500408910073, 0.0, 7.606158311674695, 47.984049410696564, 54.231876968774095, 61.50805379568729, 70.36114780318546, 77.77808165196106, 75.93612887040943, 68.92252750812735, 61.57638746444837, 54.252312699521845, 48.23807633628121, 24.244058399284476, 34.165886873844165, 45.73101982996655, 47.476527483515305, 55.600396554998866, 62.49367038195959, 66.90380773155123, 69.28816295247455, 66.49933509084782, 54.14665546795035, 44.436032108691805, 38.95182421667255, 71.70670277684253, 69.33937343266368, 71.2120161337485, 74.06576420197035, 77.39862015346867, 81.82825022239943, 89.74144440909711, 91.21164671816564, 90.38471652267307, 87.44360697491014, 84.11717066109111, 78.60068468473897, 73.04047133747792, 75.04648076855327, 78.2914907121788, 81.47230824615276, 87.25874837305649, 82.40834215969166, 79.25541158896189, 76.04437750031398, 48.64622438640625, 55.80578981244174, 70.71227593461464, 78.53971410940741, 90.85598452888088, 98.6310447515913, 109.7399815827619, 114.22897174795666, 135.33897218987732, 129.42146065749037, 133.60928586883784, 124.27411639132421, 119.51329952206072, 109.58883231035344, 100.93825836338199], [8.722411979853048, 13.076570552734614, 20.829393997567475, 28.6474093602309, 24.19147733768314, 19.6237063885237, 16.965965219512768, 42.670377472412525, 47.215403073210794, 54.114411201905675, 63.22293116708805, 74.07814725840853, 64.46634634532447, 57.00516363176209, 48.449465912855736, 7.156963657558002, 10.423489360200646, 17.505521317783515, 27.693804473391445, 35.41639476163871, 32.85860772091678, 24.5345929779709, 15.19667829717593, 7.606158311674695, 0.0, 40.58051726918959, 46.89388115062047, 54.254437267157094, 63.344610167390016, 71.01048143939875, 68.92330965224245, 61.73010605166724, 54.280156626443606, 46.91540554611724, 40.93690070321461, 17.086124340883337, 28.57590427676802, 41.27829119144372, 44.72097286259446, 52.52848602987947, 58.70048377758539, 62.21239722662314, 64.03741842779769, 60.72545273387898, 47.938966758787465, 37.57718695191763, 31.608877978204667, 70.55632382045738, 67.2129698691291, 68.27947074782689, 70.36087897830713, 73.09102308300987, 77.17163534442143, 84.965362197549, 86.85795705360121, 86.49402369581748, 84.2943735180192, 81.59452639008855, 76.67765295078202, 71.41830375874164, 72.27261929243343, 74.89209194980336, 77.4660954761791, 82.67159074009733, 78.43953986581406, 75.89032052337902, 73.29735340024921, 55.14929361288937, 61.650993865798206, 75.13570169191254, 81.70586373249259, 93.33466296623115, 100.24438785671347, 110.15404996984532, 111.87514747922683, 132.06460507369852, 125.18429044377962, 129.30469035385312, 119.71724432011933, 114.45167138616964, 104.17015313580718, 95.12082176731485], [44.004854571306865, 52.02681998844232, 59.83532102375562, 66.52581512168985, 61.22149621529515, 54.29880869632487, 46.641903939906804, 17.630283182504925, 14.070047719630944, 17.336803560012697, 26.429135020630717, 40.12360835801962, 31.030536266672815, 25.44614776341975, 20.458861995815333, 38.6923360626318, 48.18788847697831, 55.90217988489181, 66.23155273508844, 73.74208559393276, 71.89706558293635, 64.302721243714, 55.383272169410546, 47.984049410696564, 40.58051726918959, 0.0, 6.576675400015496, 14.110576430497021, 24.300984702674683, 33.373080742159274, 30.36319313668109, 22.042853984691952, 14.773957465676993, 7.89032404476584, 7.110320361362486, 28.896290060359668, 36.784508321290716, 48.162219024408195, 57.28845199411243, 60.981968712206104, 61.753421991042444, 58.3823208352616, 54.62969297627599, 47.19876947443334, 37.124743585818905, 25.416402784020512, 14.909484230503045, 83.4136254445091, 76.57469912379031, 73.51907399963908, 70.84069919903926, 68.