{
	"dissimilarities": [[0.0, 7.452190943904351, 16.674864187542184, 27.55360097674473, 18.699229793795915, 10.880014200088803, 8.123326593221584, 43.0159870732905, 49.60542956782085, 56.780863024189166, 65.19360914766516, 74.08313238429099, 66.12636382089252, 57.77772204053746, 49.44422919405032, 15.090702359876031, 12.956026094086296, 16.03658356736431, 22.211800451728422, 31.372814556442382, 27.8799635655489, 19.42399903602628, 12.05987112291375, 5.833268024793732, 7.503263503546041, 47.39091051655486, 54.51460577664285, 60.583831124018005, 68.96514992462093, 75.40565951285015, 74.88881352938185, 68.38999393393279, 60.191007853767296, 53.82192241142893, 47.59689871243708, 18.687112663355194, 25.548163861664225, 36.31987487780216, 39.1623873994832, 47.106220690620304, 53.3562972262823, 59.14551332340126, 61.5115827640901, 58.93537451228833, 47.85189779846708, 38.50467289645788, 33.80471982464559, 64.96269040438828, 59.850875601956275, 62.00917823459545, 65.56699327381301, 67.21547324480566, 72.29138124087534, 81.49649576208323, 82.58832474496184, 83.22867643359402, 80.89000800520655, 76.72795996787498, 71.4401069250383, 66.31310560759887, 67.4481555251902, 70.90289195693094, 74.60718838515703, 79.22963565124442, 74.60718838515703, 71.88006375236556, 68.47129390430503, 62.9120774998688, 69.58263311993089, 77.11257181878712, 86.17262146793294, 94.38722450550065, 107.95526835123954, 109.71619498831106, 114.84118331152185, 127.4294634347037, 122.65019356054346, 129.53034517341746, 121.68954602112983, 112.68502757330394, 106.48856783766186, 92.67784821651423], [7.452190943904351, 0.0, 9.41792796082848, 21.232882531988587, 12.52242212773315, 7.652850878797913, 10.681233647269545, 50.21862412368788, 56.95585377532867, 64.20838069460804, 72.59351021400785, 81.2537661970624, 73.39667627669866, 65.03639966530241, 56.646725320427365, 20.38790212995997, 15.00106055024921, 13.404570128626766, 16.669532879735918, 25.09923904136348, 21.16100121031124, 12.886419062620922, 8.446577229361786, 9.222538273686105, 14.149034747574623, 54.79841969748639, 61.9181970752943, 67.96629235642274, 76.29475486072944, 82.68274429740202, 82.22866938868313, 75.80570883032571, 67.6334293559502, 61.27362246774397, 55.049074389954725, 25.855658903930028, 31.294327507346537, 40.52048705288783, 41.5061367463632, 49.56439989955761, 56.639877890898276, 63.377882425101596, 66.50245282781057, 64.58818727438435, 53.723545773232935, 45.18830187869098, 41.16977760709975, 65.68706026839718, 61.36902923977947, 64.6430930088575, 68.87376758604343, 71.0830773014328, 76.65416924528951, 85.86786784147799, 86.5691877195682, 86.50857475388649, 83.43337368428348, 78.62038436916119, 72.43627551725568, 67.78327950285336, 69.6154262674978, 73.83424530930999, 78.26845962891109, 83.2910047746658, 78.26845962891109, 74.76745781961694, 70.60175863645505, 58.037126395025275, 64.78417001509338, 73.0874150789895, 82.94141133847494, 91.67419252640174, 106.00202307427803, 108.85567009716235, 116.43751212396468, 130.7025294279215, 126.89245821116509, 133.94264529738177, 126.51516620086056, 118.13966807772134, 112.57036214700132, 99.35526516253813], [16.674864187542184, 9.41792796082848, 0.0, 12.743329918245275, 6.549846752729868, 10.810371474426072, 17.169702959398336, 58.51814156744034, 65.52753786624997, 73.02847950744277, 81.28718955918968, 89.33154372146419, 81.75648338603469, 73.41394661468415, 64.91412329190729, 29.405545962137158, 22.621375303881592, 17.03977786734117, 14.115515266073922, 18.04156111586816, 13.551967436055513, 9.48685579164493, 13.411794501377287, 18.293860907020747, 23.56287404231642, 64.04228730179335, 71.07809992507859, 76.96772393317416, 85.04232047044154, 91.17728155018287, 90.79535402828148, 84.67152521336354, 76.67128270565098, 70.2844817199417, 64.09493644556414, 35.05721917824074, 39.24715146891123, 46.91916480853568, 45.18527111524252, 53.11863508345629, 61.2376137595567, 68.9179148235844, 72.43154781870025, 71.21917730731336, 61.278176423133296, 53.6299026711385, 50.270012336478324, 66.53575472196273, 63.41855549795833, 68.07533157287384, 73.03119952461701, 75.78541374895103, 81.67965450848199, 90.63477400011328, 90.94930873423232, 90.20760892986401, 86.33408906924528, 80.83589950281231, 73.53217227583488, 69.61369474242827, 72.32783687399206, 77.40255283534069, 82.53543850710489, 87.82406055522765, 82.53543850710489, 78.25782308160504, 73.24275185216173, 51.70277073934832, 57.43359321709924, 66.43188614824459, 77.23569723044024, 86.71238780272215, 101.9452502279941, 106.3852020200299, 117.44222468953838, 133.1612198052432, 130.55026394854653, 137.5724772914377, 130.6854571533034, 123.23015409775127, 118.67476977945348, 106.88618977251696], [27.55360097674473, 21.232882531988587, 12.743329918245275, 0.0, 11.019919600560845, 19.453808928879663, 25.42070949224921, 65.89872859901426, 73.35660618667548, 81.36458403538886, 89.22087059467736, 95.79056206344443, 88.90513392736376, 80.71519489907325, 72.10572672339309, 41.53604019004263, 34.933209502815075, 28.47553346440911, 22.221038909357482, 16.41564801659816, 13.613429768980705, 19.31438940156582, 25.963693067015278, 30.42643098571742, 34.96212142699001, 73.78026513749491, 80.546629195897, 85.984103077024, 93.35925636740734, 98.78232536750437, 98.44998353506736, 93.11636638154216, 85.62766465258727, 79.17549751910833, 73.15264671542937, 45.353688220381926, 48.27609430142897, 54.59845489307543, 48.93647231353198, 56.33937196468293, 65.77715096206992, 74.14932165169617, 77.08569289330764, 76.54838854605502, 68.97194059402489, 62.368361506757374, 59.772261086646225, 65.77492071763521, 64.39251292533362, 70.61010477124437, 76.19160757151775, 79.2811999021963, 84.98024975178595, 93.07850862201776, 93.13506693508859, 92.0026595772588, 87.46888277547392, 81.46337200795206, 72.88853452119439, 70.05469281510346, 73.78917262694199, 79.65142404732272, 85.16803677974768, 90.29838974103451, 85.16803677974768, 80.3724057065337, 74.5753281173907, 44.97655831903226, 45.6489739996291, 54.18656314839709, 65.8624886010846, 76.41490471413196, 92.56517759619065, 99.19535254705258, 114.96739620262261, 130.9200500196084, 129.70081700160694, 136.2358742854434, 130.0970060207189, 124.08664431161554, 121.38960963005336, 112.91569249486957], [18.699229793795915, 12.52242212773315, 6.549846752729868, 11.019919600560845, 0.0, 9.205871990541088, 16.18677955131156, 58.16614231930725, 65.67113390092598, 73.42957269007387, 81.53536113067508, 88.93533065642146, 81.35935987826623, 72.98526711925918, 64.48628626084492, 32.58454466697709, 27.188489002123855, 23.05272255668562, 20.60220132676365, 22.17201998708061, 17.84191825978953, 15.871950988740007, 18.539151000062112, 21.455395529379736, 25.846651193343614, 65.17890825103855, 72.35631962228653, 78.26315293082071, 86.21124626269265, 92.04255031522241, 91.39910097439021, 85.50348125104067, 77.56579626613542, 70.9574539568962, 64.82611013776034, 35.81680077065545, 37.990846386836196, 44.28000191104816, 40.501533878029946, 48.26496282662297, 56.95284504227586, 65.09808417052885, 68.76907086918578, 68.15554313241617, 59.15820105003736, 52.636464983790724, 50.70756693493555, 60.50454039230536, 57.815735665208116, 63.03218706977839, 68.30017614172951, 71.30860571322023, 77.35525041581958, 86.15768425749175, 86.21971098349844, 85.12289270300808, 80.92428635240745, 75.20431109658378, 67.54880946527186, 63.88956244220464, 66.92862713331418, 72.33897100603083, 77.76917275444974, 83.18772712520739, 77.76917275444974, 73.1508712443628, 67.80723978046701, 54.381041188115134, 56.23110287235979, 62.53956520502573, 72.29613251925943, 81.02012639656974, 95.96399476538792, 100.01727226122607, 111.33834714792242, 128.0188011284899, 126.12845228599036, 133.85972513425455, 127.64381838303758, 120.90860732642709, 117.9275032892183, 108.20819298132622], [10.880014200088803, 7.652850878797913, 10.810371474426072, 19.453808928879663, 9.205871990541088, 0.0, 7.381858642435053, 49.51995293809317, 56.95956785212796, 64.58152784984993, 72.77236696973814, 80.59566430496702, 72.72983408858697, 64.30440570595242, 55.87772100692281, 25.054146638910336, 21.71456339716157, 20.991156369837775, 22.77554863686767, 28.25945926167514, 24.102939691474855, 18.27141258214684, 15.585007437880193, 14.570152139154244, 17.675731634693545, 56.17818381703049, 63.472657564714574, 69.5253170777221, 77.6679951269342, 83.65169832336356, 82.8670341440367, 76.75161678312264, 68.67100262975595, 62.01490155997265, 55.86538777370752, 26.697870663142297, 29.141979514273565, 36.69499398170342, 35.16831101992726, 43.19051872881258, 51.01433569253107, 58.35444641932866, 61.658496329857684, 60.4579626706437, 50.727179420626854, 43.61320319863514, 41.56948523055067, 58.328331472595686, 54.37166775819541, 58.23456904795698, 62.83187035784421, 65.33291688630179, 71.10455030921543, 80.19004965977062, 80.61128450140133, 80.16736495622347, 76.73935518726046, 71.68963013467489, 65.14621572928043, 60.708794754399314, 62.86938766241206, 67.45960849623607, 72.2340044561497, 77.42201881800837, 72.2340044561497, 68.35120507420113, 63.82420620820673, 60.54244671982365, 63.2472107594399, 68.6954679574669, 77.3335210404279, 85.17639903909802, 99.09372122006657, 101.41503224415614, 109.11472772738905, 124.43307655048474, 121.42768567623331, 129.32560811402158, 122.67575992586012, 115.14342085796771, 111.48428906467579, 100.85879519031478], [8.123326593221584, 10.681233647269545, 17.169702959398336, 25.42070949224921, 16.18677955131156, 7.381858642435053, 0.0, 42.157182943255876, 49.62770136343832, 57.32796329858985, 65.46149242196002, 73.21779891052165, 65.37516657780176, 56.96223022034614, 48.514745899328055, 21.789030014486396, 20.96006600812154, 23.005167802021226, 26.995544200301463, 33.3735413543904, 29.6910028115126, 23.334569829424563, 18.2251414448689, 13.355808232747805, 13.637291955268577, 49.349576021784124, 56.556994363069634, 62.503091248087635, 70.52428825306663, 76.40345752317506, 75.56548740523488, 69.5488778088834, 61.568643607562386, 54.88417104023462, 48.781601057958746, 20.464667827596003, 23.626236112884445, 32.792309590150204, 32.61101063945958, 40.57806434964642, 47.77303682906921, 54.16620205315855, 56.40973287102726, 54.517706144587464, 45.01455109866472, 37.17762221848774, 34.70040220161022, 57.45315336530755, 52.73717280920371, 55.509355699647045, 59.427095354443246, 61.30882471920327, 66.46682156865829, 75.44436954874372, 76.31752691041096, 76.68960542297107, 74.04542206638384, 69.69025394225763, 64.00591737932464, 59.111825020592185, 60.58964978079208, 64.40182187956565, 68.36637920538213, 73.05677486879526, 68.36637920538213, 65.33209832312673, 61.57736403876035, 64.28545543308888, 66.9379039157078, 71.76234258483034, 79.65716868684662, 87.10990129868888, 100.26696730770318, 101.63781901039275, 107.12987865610806, 120.3868706883018, 116.39429805284487, 123.96019132068993, 116.87995156731769, 108.80114230839898, 104.6687129131805, 93.92952373572065], [43.0159870732905, 50.21862412368788, 58.51814156744034, 65.89872859901426, 58.16614231930725, 49.51995293809317, 42.157182943255876, 0.0, 8.649076720725454, 16.983854761213546, 23.968855528806813, 31.481221190230883, 23.251213483002648, 14.917677303448183, 6.431217244659211, 40.393525807990464, 48.107768590567076, 55.93605296381234, 63.70170480743423, 71.4963345431592, 69.04704294885781, 62.09357711458783, 53.97714031896044, 45.22213198292509, 38.99845349339717, 18.34547218614517, 22.143546983618904, 25.87806290518734, 31.959328038132057, 36.53350894505631, 34.70276747620474, 29.684897012191875, 23.35251514443795, 16.958574181170892, 13.537142616430508, 27.721174569836503, 29.601771913270223, 38.033598926687176, 45.27934900709825, 48.490464011301114, 48.520954678543504, 46.12130606037778, 39.883635717883024, 32.295322782963495, 28.705580057189408, 19.54051195490809, 15.207988643455451, 68.49101615591981, 61.05833097329602, 56.80126531751675, 55.29197535028751, 52.53094152171548, 52.06674483129744, 58.62088451281849, 62.5814482752912, 68.34548442636184, 71.17112538991138, 71.76759085573147, 72.14749950557015, 65.88970365079811, 63.10960213761171, 61.235926494080715, 59.02209760608168, 59.37386235209431, 59.02209760608168, 62.19850309993376, 64.04519938237326, 95.97190338346276, 98.29501438232784, 100.04553910818645, 103.95569022585516, 108.67503564253118, 117.04470701615938, 113.05676802707671, 104.94105316096082, 105.00678180030776, 94.43724185934649, 99.82913255536417, 90.085786190474, 77.96151216936482, 70.07597197612914, 58.2220895606074], [49.60542956782085, 56.95585377532867, 65.52753786624997, 73.35660618667548, 65.67113390092598, 56.95956785212796, 49.62770136343832, 8.649076720725454, 0.0, 8.652664676526593, 15.893927701151846, 25.400896337514332, 17.09712667892319, 9.740139304946004, 5.82307052082361, 45.08185261249447, 53.12901390917688, 61.31266972946564, 69.51878890151505, 77.83418717146697, 75.57703875626697, 68.33165334379862, 59.93831358107111, 51.24451009343535, 44.9281495091623, 14.418449375832381, 15.257332906754348, 17.683099659937735, 23.41217334934203, 28.31788322506153, 26.494451089197323, 21.06687079224452, 15.124818043232752, 9.58652788518111, 8.930816013516575, 33.660736601178606, 36.5454490889233, 44.807614222449054, 53.33915903011031, 56.20475318605168, 55.2507281301574, 51.71506700606234, 44.9229236687472, 36.75643903689668, 33.5238274173335, 24.842026276441242, 19.29561097085472, 76.28001285726825, 68.64285111561682, 63.65816700036334, 61.47404116346303, 58.17889963492328, 56.91999247711656, 62.85373752996819, 67.23186429025728, 73.67266680655197, 77.25382173605705, 78.47694101577977, 79.6052165405646, 73.26820600872924, 70.02899098784195, 67.45568801162271, 64.44466556707816, 64.13033383265665, 64.44466556707816, 68.40846261717672, 70.94693596203926, 101.48177079000965, 105.25194524556964, 107.8287791824028, 111.90822006448408, 116.752232391672, 124.83904408872222, 120.55290587636605, 110.81412021012716, 108.50916954392245, 96.52649962525045, 100.8387370844655, 90.20173173007262, 76.79222676441972, 66.33917716874042, 51.32197913723746], [56.780863024189166, 64.20838069460804, 73.02847950744277, 81.36458403538886, 73.42957269007387, 64.58152784984993, 57.32796329858985, 16.983854761213546, 8.652664676526593, 0.0, 8.737793126388665, 21.713456234993036, 13.263373777289399, 9.63309384692026, 12.812936177390645, 50.63679509969441, 59.08321363744637, 67.67980449684886, 76.32567218328377, 85.26526306263654, 83.01012636567499, 75.29596013715359, 66.54710846155719, 57.870685571230204, 51.524409107322036, 14.126111924654644, 10.886252797142184, 11.272901057182795, 16.748558957157655, 22.24513900982814, 19.91442603282319, 13.151928497895737, 7.306071459805466, 5.125371798996052, 10.272657922326191, 40.03669954057535, 42.76493759556824, 50.217169769451175, 60.095147586251386, 62.468670844807484, 60.3151739757038, 55.643378782065504, 48.767351324171166, 40.385408813271674, 37.15290299787044, 29.65094737804157, 24.758456182610786, 82.71145159784116, 74.75585716416796, 68.91465166535943, 66.04053956908446, 62.30234636209359, 60.5003414106055, 66.04419472037362, 70.64638557364401, 77.50846357270584, 81.77181855592356, 83.60585314016072, 85.63153632947508, 79.16027957472842, 75.3790613493632, 72.08293609589157, 68.40100801303184, 67.63575195452877, 68.40100801303184, 73.031491098134, 76.28315162831879, 108.9045796515323, 113.6373643338648, 116.4605628239476, 120.40146130951798, 124.96512612949907, 132.60889583802475, 127.56968882600663, 115.52750824626011, 111.91257017682453, 98.87515309043118, 102.93299680186195, 91.89094657562296, 77.56131182326536, 65.42003509468461, 47.61734121508585], [65.19360914766516, 72.59351021400785, 81.28718955918968, 89.22087059467736, 81.53536113067508, 72.77236696973814, 65.46149242196002, 23.968855528806813, 15.893927701151846, 8.737793126388665, 0.0, 14.47628585552071, 8.240576190786722, 11.458089336652161, 18.42022285453803, 59.33962584333259, 67.70296867926781, 76.17965452552241, 84.68731210298034, 93.27555394388331, 91.14360451749896, 83.72603916217253, 75.1171468248155, 66.45824163801466, 60.1178163771364, 22.28426307813012, 17.089822634374563, 13.555945196797015, 13.14988635235404, 15.838107854154956, 12.383566005209687, 8.308529062723498, 10.280330705904408, 13.222372652777906, 18.966619924784542, 48.644920532297895, 50.78377794735798, 57.30680138780981, 66.56255240144728, 68.23954267629601, 65.50822892740467, 59.83376180683979, 51.64958094587558, 43.12003736596349, 42.67735707353223, 36.984073940923665, 33.35757539890856, 87.54785121598684, 79.71302739745899, 73.31233615316927, 69.76501956170773, 65.41576004756645, 62.40568125483312, 66.69272500704096, 71.75768019712233, 79.46065423030134, 84.5665895065123, 87.18294418614573, 89.95954596288789, 83.64655377408333, 79.49073295652457, 75.47248168534978, 70.79551366969696, 69.01234239150357, 70.79551366969696, 76.35306808814356, 80.32577801586467, 115.83160781539134, 119.92431379928834, 122.09087335487195, 125.3725754660217, 129.51460108846487, 136.31175354483756, 130.632013607848, 116.81370344951311, 110.07585553688054, 95.7675031803684, 98.8831417849347, 87.37360511698698, 72.3144327130844, 59.274963998912035, 42.179533249037014], [74.08313238429099, 81.2537661970624, 89.33154372146419, 95.79056206344443, 88.93533065642146, 80.59566430496702, 73.21779891052165, 31.481221190230883, 25.400896337514332, 21.713456234993036, 14.47628585552071, 0.0, 10.311846098280654, 17.91275860656591, 25.191456709155027, 70.44124414149654, 78.27367445635565, 86.07878497765022, 93.79015734135335, 100.91311124657534, 99.00617586074335, 92.7374463774893, 84.82630697428715, 76.22393668534484, 69.97825701003529, 35.83379423978324, 31.18660351227094, 26.819115637791434, 21.77201403945473, 17.590529227075237, 14.223630474398723, 19.280419768937758, 24.61451139087254, 26.783910668582248, 31.5946954072911, 58.78346665878506, 59.827878126780575, 65.22840952502223, 71.67301592350167, 72.3933712367987, 69.86382023017829, 63.54779587831733, 52.89224629167562, 44.59660873911214, 49.68222180686784, 46.214584179119385, 44.29362712009693, 89.17454622262042, 82.10047002949952, 75.62470022571439, 71.53266575302305, 66.49099409921807, 61.56743065121426, 63.42322487104362, 69.1735347746331, 78.11344900615651, 84.13554490891116, 87.66323266713323, 90.93121051391634, 85.21683784831868, 80.97096059176017, 76.34138173567493, 70.40523607013151, 66.95444688958483, 70.40523607013151, 77.0646945567887, 81.66007770709533, 121.23585950203925, 122.52172321630815, 122.72093579938492, 124.57332337433247, 127.9891483888089, 133.34108888362593, 127.15632122480349, 112.41771908491941, 100.30202699419833, 84.52339733679504, 85.83041530242726, 73.8096681858347, 58.30496810414269, 46.21796215448618, 37.73980395269623], [66.12636382089252, 73.39667627669866, 81.75648338603469, 88.90513392736376, 81.35935987826623, 72.72983408858697, 65.37516657780176, 23.251213483002648, 17.09712667892319, 13.263373777289399, 8.240576190786722, 10.311846098280654, 0.0, 8.500995116762098, 16.879254774679186, 61.87049452048189, 70.11545862132338, 78.33906778980507, 86.42361062310444, 94.27693475874706, 92.03895351528564, 85.08738109621316, 76.75708394656814, 67.9748354148206, 61.652530039839746, 27.045178393569053, 23.678375164477444, 21.387465847768247, 20.53186202681437, 20.687841480737376, 16.793481123387313, 16.183023477584467, 17.65515053255973, 18.180286931090173, 22.724985773184965, 49.902398643822345, 50.405665131598234, 55.67704760728924, 63.37176839996849, 64.33673386535779, 61.507146640724805, 55.40362110266358, 45.94358728485527, 37.42404948495335, 40.125328770789835, 36.31047256557813, 34.971904265372714, 82.45410409198728, 74.88361368226943, 68.29610688826047, 64.43085145424764, 59.73899251529375, 55.9390208083786, 59.455690527342014, 64.7490550475, 72.89331714912734, 78.3573485113589, 81.37787394989496, 84.48926455021753, 78.40169259085035, 74.11746570686978, 69.76463378579346, 64.54310433375522, 62.15706489032613, 64.54310433375522, 70.58133658998544, 74.88825120371101, 116.78468691779575, 118.57673271879622, 118.9380631376119, 121.12499885903911, 124.44932111052854, 130.4208644862955, 124.05459247540652, 109.40225597318612, 101.86491839292138, 87.61881569296972, 91.39060326741418, 80.45743070782619, 66.03329525904789, 55.88278016653814, 44.97729922196678], [57.77772204053746, 65.03639966530241, 73.41394661468415, 80.71519489907325, 72.98526711925918, 64.30440570595242, 56.96223022034614, 14.917677303448183, 9.740139304946004, 9.63309384692026, 11.458089336652161, 17.91275860656591, 8.500995116762098, 0.0, 8.636157295842, 53.84907124849178, 62.066387106973316, 70.27380867952824, 78.33178123257026, 86.27839539089284, 83.90972191495071, 76.84152544877398, 68.4922762615719, 59.67343721507563, 53.36174713148606, 21.311457015051673, 20.25479112679889, 20.52392327341432, 23.254788442309618, 25.84918643228102, 22.7309112589832, 19.309194862994445, 16.487848603818904, 13.653752359680066, 16.327085998894294, 41.55337382133705, 42.08313127414904, 47.98864113035214, 55.830456297466256, 57.37314649192579, 55.18652949286034, 50.035118223067066, 41.51068584538711, 32.96274787201531, 33.61586580381747, 28.464461241634435, 26.878447988910874, 76.31369189146038, 68.64932578942965, 62.61088205623347, 59.39459700503091, 55.25491705042945, 52.58070135758074, 57.370476401140905, 62.23072607067574, 69.59276611542244, 74.22675654260165, 76.48827717561845, 78.83855569652852, 72.60608028744326, 68.69344620667749, 65.04329206129778, 60.762816816964914, 59.35679980454724, 60.762816816964914, 65.92477780374365, 69.52915948026184, 109.74417344134108, 111.63615189355393, 112.28737739313347, 114.94154132987987, 118.58145354527143, 125.30383843634516, 119.52312424495, 106.70444278715085, 102.28412535997919, 89.42765242384307, 94.20618729023191, 83.83276570799308, 70.3062662150486, 61.31943550672358, 49.97157616210556], [49.44422919405032, 56.646725320427365, 64.91412329190729, 72.10572672339309, 64.48628626084492, 55.87772100692281, 48.514745899328055, 6.431217244659211, 5.82307052082361, 12.812936177390645, 18.42022285453803, 25.191456709155027, 16.879254774679186, 8.636157295842, 0.0, 46.43499812294225, 54.3055733002248, 62.221405724039414, 70.03203031479718, 77.73872501291966, 75.36555079371408, 68.49497134843651, 60.36040477490126, 51.59862500310189, 45.34907790763618, 19.097063990426435, 20.761232043880582, 23.0484585515255, 27.782434191055287, 31.51349834943972, 29.268742559279243, 24.997078418375335, 19.941018855569087, 14.548035316039135, 13.65825264176194, 33.901161289516764, 35.116449026626675, 42.3619471891407, 49.60179150267477, 52.02727985202081, 51.16017372134271, 47.525419418636645, 39.9680927606868, 31.79391541329424, 30.542239241935196, 23.239593876411526, 20.309778252605764, 71.45159732348009, 63.96435705113626, 58.94756564812431, 56.678233727321135, 53.25942663139082, 51.716278760498426, 57.43536470042739, 61.85420788545864, 68.41378645604955, 72.05636845487336, 73.40262740056919, 74.61077352398132, 68.38915979230553, 65.12874068728148, 62.46875974555495, 59.287370250939965, 58.79060804297736, 59.287370250939965, 63.391536457260486, 66.01619353141517, 101.5061129288542, 103.44929390424764, 104.62677605260976, 107.9325311916832, 112.19818408243707, 119.81619967067326, 115.10423280353088, 105.10657992917115, 102.95084205405429, 91.36206248535777, 96.35416189507097, 86.28187328261076, 73.56769123790748, 65.28044639605974, 53.979450752744505], [15.090702359876031, 20.38790212995997, 29.405545962137158, 41.53604019004263, 32.58454466697709, 25.054146638910336, 21.789030014486396, 40.393525807990464, 45.08185261249447, 50.63679509969441, 59.33962584333259, 70.44124414149654, 61.87049452048189, 53.84907124849178, 46.43499812294225, 0.0, 9.585969453958686, 19.43837991264383, 29.379784931285712, 41.831031269093174, 38.68822990749365, 28.069856863241714, 18.12551861112484, 11.196839924573405, 8.252488648564503, 38.75148152221463, 45.8933269532547, 52.48382014744457, 61.770469696013954, 69.258879182501, 68.8296248257607, 61.20171199790988, 52.46169361931553, 46.70269901400616, 40.56469831044361, 14.477110741773371, 24.922585393984104, 36.956838652370095, 45.827587876885346, 53.14138539450021, 56.746261953176834, 60.70784646704217, 63.3705837701667, 59.70875087249966, 45.74758639009523, 34.74705912002042, 27.672265556461, 73.66051428997157, 67.16212292539274, 67.24189584627813, 69.6204729108491, 70.57984840360349, 75.39756437084762, 85.11232310359088, 86.58784727616437, 87.83830676201295, 86.49992553390152, 83.19863963254237, 79.59201418110885, 73.67723108232883, 73.56119087003584, 75.75617739477472, 78.60609042693893, 83.03727369521722, 78.60609042693893, 76.83503425711754, 74.65978176922613, 72.7498162175463, 83.36989679943574, 92.13115811133318, 101.12088664629927, 108.89866150606014, 121.86145975862334, 122.15687674207295, 123.06560440594136, 134.69953169743357, 128.28138001557392, 135.16421469061035, 126.40070496541216, 115.70794735883739, 106.74831348090895, 88.03627181407201], [12.956026094086296, 15.00106055024921, 22.621375303881592, 34.933209502815075, 27.188489002123855, 21.71456339716157, 20.96006600812154, 48.107768590567076, 53.12901390917688, 59.08321363744637, 67.70296867926781, 78.27367445635565, 70.11545862132338, 62.066387106973316, 54.3055733002248, 9.585969453958686, 0.0, 9.92115687665698, 20.04114168315094, 33.055119978984955, 30.06360548920946, 19.301800552607393, 9.979057435848036, 7.840006614285603, 10.804165035731403, 47.620229408788056, 54.44710928828714, 60.684798226454156, 69.59729503310979, 76.8863480138819, 76.75845627186521, 69.4790336489604, 61.018747151728576, 55.34175868770013, 49.20615504762002, 22.420904442202925, 31.91039352048503, 43.15429043081451, 49.52660618494893, 57.29958633571287, 62.220357015286694, 67.31168968748452, 70.31462633493666, 67.14229745064392, 53.881400615939235, 43.36911856297872, 36.52576440359647, 76.2111946720177, 70.587819479555, 71.99754422945875, 75.15551295483442, 76.64405531877807, 81.82714899749301, 91.44367256268556, 92.65770898150386, 93.38664402095529, 91.31140947512188, 87.30936494676534, 82.56393075520846, 77.14330815111299, 77.8525785793951, 80.91617656814358, 84.4617207604071, 89.17848745837603, 84.4617207604071, 81.95161779899001, 78.91911538280834, 64.35901318881132, 76.57084260084437, 87.2310066815786, 97.54354767439078, 106.41082861379265, 120.42668119276426, 122.40667170674159, 126.67413880072051, 139.2371256568128, 133.61448513097474, 140.01522681128895, 131.35075872156423, 121.17671920470342, 112.33997013485317, 94.00163031588686], [16.03658356736431, 13.404570128626766, 17.03977786734117, 28.47553346440911, 23.05272255668562, 20.991156369837775, 23.005167802021226, 55.93605296381234, 61.31266972946564, 67.67980449684886, 76.17965452552241, 86.07878497765022, 78.33906778980507, 70.27380867952824, 62.221405724039414, 19.43837991264383, 9.92115687665698, 0.0, 10.248370210080038, 23.76302110863002, 21.044408505941547, 10.754809203627415, 6.505330564310626, 12.873313826086664, 18.23557647321348, 56.79648886789596, 63.39083173968391, 69.30005299813455, 77.80012147210257, 84.79101898697606, 84.8899708406218, 78.02333934787785, 69.85224203519269, 64.18658905347723, 58.06336609553518, 30.999866717505366, 39.54957939185287, 49.96458048390467, 53.756690420751625, 61.76461495506639, 67.89919046109836, 73.95402688847453, 77.10202538440205, 74.39972420749032, 62.04663259429789, 52.026406076262056, 45.50191147070757, 78.73250405599825, 74.08937852796684, 76.78304190153906, 80.63987907240853, 82.5855535416078, 88.01242541542638, 97.41454064766488, 98.38798481636942, 98.6527155076453, 95.89643069958721, 91.26556387996531, 85.42322498435026, 80.57758771923073, 82.09656698211018, 85.95981870979982, 90.1018117689675, 95.0101163455959, 90.1018117689675, 86.93914512930877, 83.11590143749666, 55.45904669821506, 68.9991293071928, 81.55057884308184, 93.17240515667532, 103.14025209952969, 118.15365821873814, 121.90813522707299, 129.6844620279691, 143.00208392682748, 138.23790581740556, 144.14384519743564, 135.673392244821, 126.15475502804347, 117.72484758775265, 100.31880783883054], [22.211800451728422, 16.669532879735918, 14.115515266073922, 22.221038909357482, 20.60220132676365, 22.77554863686767, 26.995544200301463, 63.70170480743423, 69.51878890151505, 76.32567218328377, 84.68731210298034, 93.79015734135335, 86.42361062310444, 78.33178123257026, 70.03203031479718, 29.379784931285712, 20.04114168315094, 10.248370210080038, 0.0, 14.033808170736977, 11.631271785617127, 5.5847189400571455, 12.825612746642792, 20.94946950067247, 26.7235831956644, 66.13258682024166, 72.61916901664591, 78.27652738098348, 86.38763885714361, 93.00959156106462, 93.22040412956551, 86.79078151042336, 78.87310859816591, 73.12270778827241, 67.00644378928779, 39.624766867586196, 47.060875040865625, 56.50802864256869, 57.65352455542164, 65.69232687369863, 72.95052098299232, 79.88717967201755, 83.12976451217277, 80.9739406595557, 69.68798329211472, 60.31759031013664, 54.38603314380148, 80.36863028516134, 76.81034945779494, 80.76964326800771, 85.28520162715115, 87.670565453484, 93.2944676826711, 102.39836927550402, 103.09860911640043, 102.87291445710515, 99.43816253672146, 94.21476891887288, 87.30947118166542, 83.12473425626106, 85.45269741825474, 90.08470587168782, 94.79109158789463, 99.85576678052095, 94.79109158789463, 90.99421148812363, 86.40938254198474, 46.68733081124517, 60.64214565792042, 74.75483101203743, 87.54784988791782, 98.50103829896712, 114.41127326837666, 119.93443570064682, 131.2982588253945, 145.4565370599942, 141.72084053258496, 147.28731787167715, 139.20987217051123, 130.55926816287197, 123.01392806390378, 107.23498788926328], [31.372814556442382, 25.09923904136348, 18.04156111586816, 16.41564801659816, 22.17201998708061, 28.25945926167514, 33.3735413543904, 71.4963345431592, 77.83418717146697, 85.26526306263654, 93.27555394388331, 100.91311124657534, 94.27693475874706, 86.27839539089284, 77.73872501291966, 41.831031269093174, 33.055119978984955, 23.76302110863002, 14.033808170736977, 0.0, 4.913473752075714, 15.690473819192743, 25.123725951899214, 32.21324984302127, 37.52574974567241, 76.47434221674244, 82.69960955057844, 87.86626560438775, 95.2272939184102, 101.11774445536322, 101.45755955607092, 95.86209175327974, 88.47151485541866, 82.62302725854032, 76.61167261879184, 49.82948044857157, 56.19652823434473, 64.78543720185205, 62.38788152046234, 70.1928046498851, 78.8029938770381, 86.46429963317291, 89.08525772953848, 87.44047335203213, 78.27667368219161, 69.63119427189413, 64.27446120511291, 81.61346558952921, 79.55719687992827, 84.94436441714397, 90.06152987844168, 92.73826499859804, 98.1670830444365, 106.50172550692709, 107.03298257947658, 106.53903313067656, 102.5186218728437, 96.82133323466805, 88.71194730767806, 85.46705377252592, 88.726897840846, 94.09546929045837, 99.13881649481027, 104.0325788553631, 99.13881649481027, 94.89214979002875, 89.57751813017838, 34.68775872031911, 47.164549710506186, 63.225357836451515, 77.5024108129611, 89.93630995670935, 106.81986226003153, 114.83005480841743, 131.01452295495304, 144.94773331990166, 142.3920499058992, 147.08878715775123, 139.5241212570194, 132.1650583241316, 126.06443406029496, 113.37941598474728], [27.8799635655489, 21.16100121031124, 13.551967436055513, 13.613429768980705, 17.84191825978953, 24.102939691474855, 29.6910028115126, 69.04704294885781, 75.57703875626697, 83.01012636567499, 91.14360451749896, 99.00617586074335, 92.03895351528564, 83.90972191495071, 75.36555079371408, 38.68822990749365, 30.06360548920946, 21.044408505941547, 11.631271785617127, 4.913473752075714, 0.0, 11.751783411116543, 21.40866107953515, 28.635943797106375, 34.179613788137516, 73.99336217035575, 80.49829152427526, 85.9321839771317, 93.58004646055436, 99.61321464296113, 99.74720986959484, 93.92326857247956, 86.29190618437055, 80.28097463436066, 74.18536817760732, 46.50866520278781, 52.266736176540675, 60.4478749953978, 58.212107313727195, 66.03830109427061, 74.53267683733446, 82.31490543138263, 85.39466555224135, 83.95906617547202, 74.42276029913947, 66.10573318033775, 61.326500651534936, 77.7775565049686, 75.5263942959349, 80.83873699550671, 85.99923247075981, 88.79379996708164, 94.47232874993205, 103.0405899364494, 103.432416106392, 102.72201951919922, 98.61680778111398, 92.86439034260212, 84.87279106278963, 81.50510073815114, 84.69895728070217, 90.09224145231734, 95.29362235217391, 100.39910966889946, 95.29362235217391, 90.90191007035205, 85.56375208554554, 39.45789833061398, 49.8987539507224, 64.01079521958415, 77.45256490457054, 89.0874366925882, 105.65355668566949, 112.78487583576174, 127.81965236019973, 142.7326921025228, 140.31944562964352, 145.80400585848153, 138.49809147707003, 131.1557680631149, 125.5240984241599, 112.94502071425303], [19.42399903602628, 12.886419062620922, 9.48685579164493, 19.31438940156582, 15.871950988740007, 18.27141258214684, 23.334569829424563, 62.09357711458783, 68.33165334379862, 75.29596013715359, 83.72603916217253, 92.7374463774893, 85.08738109621316, 76.84152544877398, 68.49497134843651, 28.069856863241714, 19.301800552607393, 10.754809203627415, 5.5847189400571455, 15.690473819192743, 11.751783411116543, 0.0, 10.137283144049448, 18.450993989361685, 24.56786724666645, 65.1830690991021, 72.02111351629043, 77.93920582342659, 86.25249406491827, 92.85995144772329, 92.78867659331944, 86.26563902115228, 78.14686179247025, 72.12715438840108, 65.92626494936904, 37.327562605854126, 43.497417128389195, 52.14663896034924, 52.79965964364923, 60.80540097001495, 68.1685784773232, 75.42397503555905, 79.16594551435963, 77.43250921022593, 66.12205890868597, 57.435096668322394, 52.58523247620568, 75.2582585927906, 71.73174509624921, 75.85711681054373, 80.54660592846666, 83.15016093217845, 89.06633751271342, 98.30615123391608, 98.77710468019917, 98.20348114418637, 94.54152685736057, 89.16388689941637, 82.20017894877543, 78.04268226897824, 80.45637959981124, 85.25942797093195, 90.24052982162958, 95.54770978985081, 90.24052982162958, 86.16154703559812, 81.40892613325475, 49.93111233406469, 61.01649222300387, 73.1283771600889, 85.09881394314675, 95.28649336033263, 110.90393290121591, 115.76809208061047, 126.57465569790112, 141.94489239071947, 138.68245705601262, 145.12346298587676, 137.55002185663, 129.2689171136799, 122.80713022685973, 108.11480675807515], [12.05987112291375, 8.446577229361786, 13.411794501377287, 25.963693067015278, 18.539151000062112, 15.585007437880193, 18.2251414448689, 53.97714031896044, 59.93831358107111, 66.54710846155719, 75.1171468248155, 84.82630697428715, 76.75708394656814, 68.4922762615719, 60.36040477490126, 18.12551861112484, 9.979057435848036, 6.505330564310626, 12.825612746642792, 25.123725951899214, 21.40866107953515, 10.137283144049448, 0.0, 8.990870611018714, 15.284739567708012, 55.85707223304355, 62.901722231770606, 69.11697635856439, 77.82244234900774, 84.7428969445613, 84.48717800769457, 77.55322978117866, 69.15684877177482, 63.1311375662377, 56.90072701614827, 28.05294324328356, 34.933438886815836, 44.4852252555774, 47.77663025224722, 55.77838456441084, 62.03832555922158, 68.4755646109646, 72.19836986044548, 69.99986173141974, 57.618376593984195, 48.42891420816373, 43.353027537436056, 72.6136886369083, 67.96194403372112, 70.80877146189634, 74.85867661707655, 77.04999291499853, 82.81685914954078, 92.38230461316098, 93.0950834719751, 92.97299188629744, 89.96918783989972, 85.17823219672263, 79.2966031434187, 74.4573798825251, 76.05025778216418, 80.09450763898948, 84.54322236204368, 89.7294968360908, 84.54322236204368, 81.06751386890421, 77.06745008816667, 58.49667048363231, 69.06378597415967, 79.462531029612, 90.13509965911092, 99.23053719827308, 113.8622043301748, 116.85487545305399, 123.96081523235199, 138.61028017635067, 134.4035673660502, 141.31435246696637, 133.45004486063254, 124.40743723226613, 117.34301793217067, 101.44593501645468], [5.833268024793732, 9.222538273686105, 18.293860907020747, 30.42643098571742, 21.455395529379736, 14.570152139154244, 13.355808232747805, 45.22213198292509, 51.24451009343535, 57.870685571230204, 66.45824163801466, 76.22393668534484, 67.9748354148206, 59.67343721507563, 51.59862500310189, 11.196839924573405, 7.840006614285603, 12.873313826086664, 20.94946950067247, 32.21324984302127, 28.635943797106375, 18.450993989361685, 8.990870611018714, 0.0, 6.370597999455542, 47.36552767261276, 54.579557050528365, 60.9107631675192, 69.70357583949345, 76.59522098202035, 76.12951165451906, 69.14848647292655, 60.67349338792225, 54.495877860823605, 48.24156701773964, 19.079927718395393, 26.70716006794, 37.462678815227356, 42.22923210433995, 50.112847254622054, 55.66671945502078, 61.28844130318918, 64.36628807149762, 61.70781231319283, 49.250086926524396, 39.60423183791059, 34.44048708086099, 68.57330711928057, 63.15153695417949, 64.96379172075522, 68.40792103883442, 70.10661350203317, 75.45026190262585, 85.00456781288682, 86.02705570822441, 86.50532523800713, 84.17313553792721, 80.0011849381753, 74.98746180211869, 69.68817765634185, 70.62223483275001, 73.96183033091187, 77.75649395295162, 82.59863769809232, 77.75649395295162, 74.97204797748708, 71.672055962509, 64.52240310895678, 73.27571428204675, 81.77912619411151, 91.18696391189232, 99.40730121813856, 113.08577828359323, 114.66568132642247, 119.06176283725294, 132.34450430982005, 127.37947528819801, 134.4668445753039, 126.45116719375628, 117.021488105123, 109.97356914966652, 94.31083912557241], [7.503263503546041, 14.149034747574623, 23.56287404231642, 34.96212142699001, 25.846651193343614, 17.675731634693545, 13.637291955268577, 38.99845349339717, 44.9281495091623, 51.524409107322036, 60.1178163771364, 69.97825701003529, 61.652530039839746, 53.36174713148606, 45.34907790763618, 8.252488648564503, 10.804165035731403, 18.23557647321348, 26.7235831956644, 37.52574974567241, 34.179613788137516, 24.56786724666645, 15.284739567708012, 6.370597999455542, 0.0, 41.149999252547964, 48.40911592515779, 54.76670417525328, 63.58289081849521, 70.46133754654235, 69.89788572189488, 62.895790294367636, 54.405204779381144, 48.17000923925207, 41.911201938387606, 12.934608334265324, 22.12411442545048, 34.14105550185006, 40.23331311479177, 47.87009656339931, 52.7271213293029, 57.48960304101319, 59.80936286805742, 56.61007247747469, 44.17199987947535, 33.85827154942993, 28.114519814736475, 67.44717416303149, 61.47590715580176, 62.39190282544838, 65.25422604900434, 66.4594893681306, 71.3196969015424, 80.77876715857806, 82.12597622321266, 83.201316095525, 81.49077163795566, 77.88220347085519, 73.59801024359432, 67.97912790479683, 68.35908143671367, 71.05259248731839, 74.20042330004466, 78.65617377654799, 74.20042330004466, 72.08798159396527, 69.4271748032703, 68.7068776404703, 76.73179049279315, 84.30872010446721, 92.9703271047157, 100.71260621336397, 113.72274246987556, 114.41832610950021, 116.89000471463031, 128.73145197991627, 123.03345199591158, 130.00907398983216, 121.73666781392038, 111.89046631766284, 104.54482037832672, 88.75735343253875], [47.39091051655486, 54.79841969748639, 64.04228730179335, 73.78026513749491, 65.17890825103855, 56.17818381703049, 49.349576021784124, 18.34547218614517, 14.418449375832381, 14.126111924654644, 22.28426307813012, 35.83379423978324, 27.045178393569053, 21.311457015051673, 19.097063990426435, 38.75148152221463, 47.620229408788056, 56.79648886789596, 66.13258682024166, 76.47434221674244, 73.99336217035575, 65.1830690991021, 55.85707223304355, 47.36552767261276, 41.149999252547964, 0.0, 8.143392832435875, 15.558864301860758, 25.522831170348834, 33.331960399493305, 31.987977935100336, 23.38297016961139, 14.117719374322967, 9.119068002445317, 5.511361058103615, 30.039141966520546, 34.7383384464352, 43.86736968010412, 56.09983950002553, 59.72129414910931, 58.07424185775035, 55.04690952000177, 51.435992290955994, 43.958104065588785, 34.7162175446347, 24.1265662275982, 15.60462210363955, 81.61826038812892, 73.36243278358506, 68.30652715189743, 66.4837431