{
	"dissimilarities": [[0.0, 7.333478986831964, 16.134047418474356, 25.041704376751632, 16.72367695208769, 8.518127567684225, 4.425143710580932, 42.18928205629688, 48.246707461909196, 56.46921353956829, 64.96047044138255, 72.97326988148514, 65.12095239398157, 56.83838763352634, 48.451010738478786, 14.591160600460436, 14.599017126233742, 18.835158467480596, 25.071643684494127, 33.662525468736234, 30.018563230068175, 22.100582900274194, 13.993524282991366, 7.605114604529377, 7.928629259594687, 47.39555592976695, 54.80308839329554, 60.990583176281355, 69.42540293973998, 75.83174197347257, 74.91401263458893, 68.4624889454854, 60.088396230721635, 53.73200144630708, 47.40634963320254, 18.100513944070265, 25.28084282286069, 35.11268586710309, 34.620538475325446, 42.835877469130345, 50.25594822484275, 56.51557402139911, 57.288736985360714, 55.017787579720945, 47.660925322374254, 38.04966035903082, 34.77558694587496, 63.409313945328, 51.34459021181235, 55.08022310873465, 60.31377033610039, 62.56827859819281, 68.0831072648072, 79.75487796166519, 83.89695114475165, 85.28795398047609, 83.49349041929277, 78.0174397617394, 70.98144094648632, 63.75624578091205, 57.290140733312256, 62.69263907748864, 68.14084081226828, 76.73944734835749, 75.23854810079649, 72.5294220626615, 68.79402445719988, 57.69658024217897, 62.9559408962842, 73.38584594362962, 79.67129424830551, 91.68259448894193, 101.83300353501892, 102.81354678580398, 107.41997011886303, 121.13728305390073, 121.37731162657829, 122.07385608165899, 113.98161198611982, 108.43889839662218, 101.17484713612365, 92.06511066012163], [7.333478986831964, 0.0, 9.010189863067097, 18.670362052394214, 10.013245799837884, 4.274676949604028, 8.512483460713211, 49.467500619351874, 55.5597645385103, 63.80154732854222, 72.28077661249462, 80.23990775612938, 72.42534452273253, 64.12852709343667, 55.73683011217474, 18.693763708818, 15.025565641141435, 15.550801610659496, 19.694598556105635, 27.810622769054593, 23.6828012996518, 15.800347887515201, 9.980305565823677, 8.30133954052754, 13.46506112794921, 54.552879738014575, 61.96377652725644, 68.17291384919773, 76.6209104777848, 83.03530249881021, 82.19311606361207, 75.74547582379238, 67.36607904205374, 61.01789230219444, 54.69778408698848, 24.816604924219913, 30.74931200770731, 38.88595006612127, 37.177239729191484, 45.4259006595083, 53.527121765968516, 60.591086860082626, 62.49436019935017, 60.91618645832804, 53.40067982779401, 44.67580294523086, 41.91090474310385, 64.1861269204213, 52.793843505465645, 57.92416101360929, 63.64195183273566, 66.58130325274294, 72.62107973863841, 84.28799439070919, 87.78288495557575, 88.3439267153676, 85.90467882518256, 79.63727663671429, 71.99749719538296, 65.00248623086502, 59.2381911533638, 65.89477155615285, 72.04420602010535, 80.96886447614239, 78.77672547188423, 75.28677901339003, 70.61323275991388, 53.09964391168282, 58.512707817306655, 69.69856341373743, 76.80212997039958, 89.29989042184513, 100.33021376336727, 102.33546568048254, 109.29077794832506, 124.85397835210318, 125.91347268702474, 127.09980445844288, 119.41642926296605, 114.47746281473468, 107.68779182392528, 98.82809604136683], [16.134047418474356, 9.010189863067097, 0.0, 10.344172884487811, 3.1931822530181355, 9.295746810854364, 16.1869769590729, 57.8548493034341, 64.00758941433212, 72.38185840708304, 80.73752903811324, 88.4399839290182, 80.82433371785497, 72.53620119067128, 64.10705227456246, 26.894960071617994, 21.148597379130965, 17.335964700151216, 16.41646262224993, 21.33582739478333, 16.698862313509565, 11.53069650635325, 13.158607534841753, 16.171640792166425, 22.33837359338486, 63.480343014815475, 70.82932017855588, 76.91852878280592, 85.15738128877578, 91.36872080070137, 90.64276760357878, 84.41019660762012, 76.16434426881679, 69.83273052057258, 63.50981575448753, 33.801069198435556, 38.72085796696514, 45.176125827942194, 41.67081232434363, 49.47127602158859, 58.542510958083916, 66.5707951533102, 68.89993180409904, 67.98628494177724, 60.99386650352387, 53.08649491931644, 50.859146397055724, 65.11195582910311, 55.17324012157198, 61.99682125579289, 68.13408241349433, 71.74050286952438, 78.09566681985781, 89.2546710889285, 92.028255126643, 91.78407151687212, 88.62877103613422, 81.50384079198403, 73.0907837404808, 66.44874713590409, 61.98840221244321, 70.11128484354064, 76.7942464731656, 85.63297893145295, 82.74824576600867, 78.45037127044073, 72.70604428473091, 47.29656761201256, 51.700293717179235, 63.57534049955297, 71.66016579232516, 84.84477400493762, 96.95658091026195, 100.54071441518107, 111.00936829231438, 127.9734361778506, 129.89234238611937, 131.53740826186223, 124.34491969879991, 120.2760691817689, 114.26773754468282, 106.28401802975468], [25.041704376751632, 18.670362052394214, 10.344172884487811, 0.0, 9.575648066208414, 17.800073400541976, 24.12758465476049, 64.96259858162884, 71.15935813950938, 79.76289826263213, 87.78555165891508, 94.907289629004, 87.75069147499968, 79.5511982832892, 71.1074844604286, 36.93170406778212, 30.889713784970294, 25.469674504204406, 20.587916030970593, 18.26959712774362, 14.469141072286805, 16.846947108844198, 22.798125334382583, 26.248595036698816, 32.012891181434284, 72.01674775273241, 79.20024205898925, 84.9583802134622, 92.64600538868085, 98.31680055004665, 97.73281531671917, 92.04432203713219, 84.15383060374069, 77.8719853797222, 71.56781347893832, 43.044124337761154, 47.26040341329936, 52.52741601275964, 46.81448613292201, 53.63421734687016, 63.947896934603605, 72.96260336120741, 74.39038154490012, 73.94738164897524, 68.46045615944661, 61.150418689981976, 59.504741108694965, 65.02043445544102, 57.41016180523527, 65.8902230209939, 72.2149084405387, 76.24770809344304, 82.45253821763313, 92.33331586017441, 94.47895386717431, 93.76779813174178, 90.02507448654752, 82.23807202409903, 72.99149608577989, 66.76292642681408, 64.25170429578014, 73.7433848941148, 80.48597709298076, 88.50491962812265, 85.14982141522175, 80.27022519325368, 73.58405103301018, 41.758197959132076, 42.10455923519905, 54.028243334122884, 63.008286009786254, 77.11556734687615, 90.29217428533192, 95.95902919214271, 110.9103378038578, 127.82079632918803, 130.38546109166134, 132.29410020396404, 125.62822398821329, 122.7056145265213, 117.90842748463983, 111.80654700621044], [16.72367695208769, 10.013245799837884, 3.1931822530181355, 9.575648066208414, 0.0, 8.844439508981623, 15.9268128241188, 57.736018381015995, 64.00509200027494, 72.48440095262336, 80.73803375846653, 88.3410902539622, 80.73982676167897, 72.40018697628611, 63.99737710920274, 28.448997500281198, 23.476813464273064, 20.37214728843479, 19.504148319473913, 23.360782692206026, 18.748722906561447, 14.545437187792222, 15.768092136989436, 17.81446063013531, 23.42489525748352, 64.0562432363756, 71.48142011317009, 77.5919178554782, 85.78399203943589, 91.8606542438368, 91.00206667798166, 84.85832211240384, 76.58951978001137, 70.20115020977975, 63.857786936423416, 34.27806509549796, 38.16666631061652, 43.8631118286758, 39.56739897410151, 47.14651831163377, 56.55818109583736, 64.93325280139828, 67.20998128320986, 66.60386014811267, 59.969664650411055, 52.612553811189436, 51.186472216057695, 62.0989706143284, 52.44367589920421, 59.634783255316435, 65.8494153194288, 69.6194878693682, 76.03857093343818, 87.04812679322738, 89.59895276973197, 89.15341803680693, 85.86057695294065, 78.60477624837631, 70.08830547980156, 63.49931672597521, 59.29285034760125, 67.73214088315459, 74.51789152526759, 83.33410428069406, 80.25542582696424, 75.77832532439697, 69.84557180833129, 48.88276958380302, 51.212527661720706, 61.70217550040671, 69.34185263233387, 82.1424379342012, 94.07782694863646, 97.44106421614978, 108.05916982497952, 125.49339820337185, 127.7705735648953, 129.7794755211942, 122.9396321325125, 119.26148334950344, 113.98217725950728, 106.90307320040637], [8.518127567684225, 4.274676949604028, 9.295746810854364, 17.800073400541976, 8.844439508981623, 0.0, 7.335786009760097, 49.21041984937591, 55.491674899386865, 63.90807266168965, 72.23283934364187, 80.03568582452031, 72.24985144457278, 63.87054047722538, 55.50297298369575, 21.46886356105336, 18.967010558394332, 19.701015317945874, 22.958337206183515, 29.68091560383348, 25.421628184382865, 18.62054988134921, 13.954245100518015, 11.749886415775004, 15.576078889445215, 55.41548139901239, 62.92591205497338, 69.14655015411152, 77.49874231395309, 83.69688062959301, 82.66950481512747, 76.3710033193722, 67.97391422421703, 61.544406889529604, 55.194075908939226, 25.608343480250728, 29.801025274982013, 36.85622337932633, 33.95386383422384, 41.980946495189656, 50.62810067752561, 58.219965384338096, 59.98036431470275, 58.82339318335392, 51.84859777197985, 43.90854199555876, 42.40397693285431, 60.02195777989156, 48.91764744907683, 54.51807342052313, 60.35467067397129, 63.5109534966883, 69.64008672066775, 81.11595884221698, 84.33432950510571, 84.65748418399635, 82.05115371802411, 75.62783492839706, 67.8566605903616, 60.894157685681144, 55.41464334472058, 62.486969516535446, 68.7718237758529, 77.6680166530536, 75.22769525797494, 71.51403092265076, 66.61304727872931, 54.77670014253774, 57.70289399617988, 67.20835236067144, 73.71832766117403, 85.70623461597496, 96.46597789991799, 98.15429908831108, 105.24689307550845, 121.36624315753488, 122.88777502820349, 124.55403531863102, 117.33823625371961, 112.93773930927632, 107.16805636025533, 99.62076468311976], [4.425143710580932, 8.512483460713211, 16.1869769590729, 24.12758465476049, 15.9268128241188, 7.335786009760097, 0.0, 41.894515320904645, 48.173301867582325, 56.621615137898395, 64.91369739496731, 72.70131051171967, 64.92754274995933, 56.56103226157039, 48.1805279650202, 18.386123950964894, 18.88753584777395, 22.473626722942292, 27.646769499368535, 34.968227433863184, 31.203394992688356, 24.18013167764357, 17.237398226294914, 11.5646452244346, 11.482815506194854, 48.53196415111444, 56.002896387054314, 62.1437904943329, 70.3960044546036, 76.50856339370702, 75.41631115798599, 69.19001226437777, 60.85215318000925, 54.42280402984981, 48.073303210709895, 19.4994001500798, 24.543728852974663, 33.28377116288935, 31.3999828090894, 39.361485617973024, 47.46155020153207, 54.316909206118915, 54.68988778800676, 52.81659474498742, 46.21529837049262, 37.398765377316124, 35.56628322978145, 59.18540805984554, 47.473642170377765, 51.68318581572323, 57.0238278947537, 59.46778209261544, 65.01426241685286, 76.39560018304687, 80.29313998943013, 81.51393551111666, 79.5728207392449, 73.96512655441506, 66.77556007005903, 59.55659006712665, 53.43697933584893, 59.260317388659054, 64.78396111389057, 73.25438741641571, 71.53987859106003, 68.64096138922527, 64.6979421136694, 58.845741519856254, 61.687480776087874, 70.54019978914022, 76.24204078044747, 87.79783343909548, 97.67417732746208, 98.41356249904368, 103.29218981520337, 117.33138302278358, 117.9888787838616, 119.12352878645537, 111.4823280591535, 106.52051030319683, 100.34249073142905, 92.72888240049569], [42.18928205629688, 49.467500619351874, 57.8548493034341, 64.96259858162884, 57.736018381015995, 49.21041984937591, 41.894515320904645, 0.0, 6.629655471863451, 15.33705457121324, 23.123021762261743, 31.21258902385864, 23.04913424172409, 14.681407818992904, 6.322874885396752, 40.69662767930376, 48.84779758630707, 57.02286403070553, 65.07477848946358, 73.18934135655228, 70.66615873455284, 63.522982696876554, 54.19150968645034, 46.41335870132611, 39.21005455773103, 16.75288765830933, 21.42050498191322, 25.72642489834221, 32.363663641969225, 37.41869630603258, 35.12064223627709, 29.586248723885017, 22.18074620515266, 16.413521973159508, 11.777549342449477, 28.518967817334662, 30.20518596037795, 39.4200530440781, 44.188783349332105, 47.33042964113135, 48.141949129916846, 47.314521486163144, 37.739899414497025, 29.841582819477303, 29.32525721537245, 17.988108804745124, 14.822821065587044, 69.78686557907923, 57.99141365670493, 53.05105885737789, 53.560215502518865, 50.50715299603953, 50.448351369192395, 59.32578984791373, 67.46275378766403, 74.30808023270936, 76.8404980160823, 76.96431250859162, 74.48059442799178, 67.55539648088843, 59.32195630158866, 55.89519179757721, 55.019789041354876, 59.058777213091524, 62.715358809564194, 65.65498484383838, 68.29451307846487, 91.93581804284744, 94.28580491260783, 99.6344427539948, 101.40440457142131, 109.7159486679902, 114.49055166346166, 109.87054427638147, 100.98705086406873, 101.79595380409992, 96.70726389165634, 94.31562567906776, 84.12914488171505, 74.78857155634805, 65.55186385019196, 57.46970936761259], [48.246707461909196, 55.5597645385103, 64.00758941433212, 71.15935813950938, 64.00509200027494, 55.491674899386865, 48.173301867582325, 6.629655471863451, 0.0, 8.87269892029511, 16.74356702975304, 25.13345548796652, 16.896710225794696, 8.958095905983427, 2.162088625851863, 45.82523412136464, 54.042799327202964, 62.30423074130546, 70.50078907326888, 78.71046157824537, 76.36706496682179, 69.23089269861883, 59.836871644855094, 52.14913826854324, 44.89547959775948, 14.992333121771205, 17.252306450256498, 20.26804490519781, 26.112821008074672, 30.9699222581253, 28.51842219880145, 23.132495049047797, 16.389372453631072, 11.55095341022874, 9.227701288310595, 34.08497557201124, 36.08536106150074, 44.98194090629779, 50.294658133335005, 53.03993295714826, 53.00746381115952, 51.10752513908167, 40.787546135315175, 32.33814115262239, 32.79196148960536, 22.573114920994755, 18.622394584428985, 75.1384439035278, 63.602992304674764, 57.912113721034785, 57.82357516098036, 54.13486461181155, 53.182170141956306, 61.2139289476775, 69.86138558001005, 77.43888071141512, 80.55206120142012, 81.39567784096036, 79.46486979858959, 72.70959376645112, 64.48477167807327, 60.10024346239264, 58.3615065296622, 61.49383900711099, 65.92220122685336, 69.61125103369139, 72.9792224577271, 96.70845001868612, 99.68094892391738, 105.2700682774879, 106.91091834403068, 115.1264724904348, 119.49993085278786, 114.58174940090085, 104.33113821050567, 102.76468939828266, 96.48801214448666, 93.1238147100059, 82.25336802191957, 71.78615272155295, 61.08862823444348, 51.811291648219324], [56.46921353956829, 63.80154732854222, 72.38185840708304, 79.76289826263213, 72.48440095262336, 63.90807266168965, 56.621615137898395, 15.33705457121324, 8.87269892029511, 0.0, 8.97874104714169, 18.509935686151483, 9.82728832183533, 5.502245166186893, 9.709828847467907, 52.79318389650113, 61.21425683946531, 69.70564582344458, 78.19798027762222, 86.76616091273723, 84.50210268679814, 77.13253770881056, 67.51592487473572, 59.898696238180385, 52.575368493983774, 15.79275963671669, 13.895378945346181, 14.420908626141452, 18.974609659673316, 23.755914612786455, 20.59761022029413, 14.897022609673819, 9.319185984372078, 7.977091767639441, 11.246469966541545, 41.42649562240771, 43.167681506711425, 51.40479490200958, 57.67212673436419, 59.981723101654104, 58.60244545555971, 55.1958984937043, 44.745114670832685, 36.01731449357859, 36.90795678681705, 28.426090210156126, 24.584046098814206, 82.019568266675, 70.52791112429286, 63.73311295725861, 62.91013880818203, 58.503223897754005, 56.66870750523475, 64.0529161225302, 73.16037629375667, 81.41185065938984, 85.22512729398035, 86.96962986912554, 85.87222634914612, 79.36600697091077, 70.87523646304415, 65.18456439874805, 62.555914605567985, 64.96939551945336, 70.19391273310443, 74.71699968097735, 79.00360452348657, 104.37754904942098, 108.14421257609584, 113.8534414575874, 115.27565901057226, 123.16342906589414, 126.963347926068, 121.31161467979778, 108.62745774922584, 104.9762520583651, 97.50472837313416, 93.27037763867045, 81.86456738423752, 70.04591715251703, 57.73641337358691, 46.61795520479946], [64.96047044138255, 72.28077661249462, 80.73752903811324, 87.78555165891508, 80.73803375846653, 72.23283934364187, 64.91369739496731, 23.123021762261743, 16.74356702975304, 8.97874104714169, 0.0, 9.910112961265122, 2.1636514720615225, 8.994059119073212, 16.875119314684888, 61.73236722139906, 70.08668428376191, 78.46487007603689, 86.79052296305854, 94.97661634867633, 92.82116204272063, 85.74618173398652, 76.27948653502193, 68.65043797922675, 61.35324513838783, 24.100871544642093, 20.239457487046067, 17.62927032434258, 17.19127951536764, 18.82518298733444, 14.594959121380574, 12.370921111371215, 13.040073353329806, 15.620978606065052, 20.107641015781688, 50.25517170955043, 51.27860965770522, 58.462194853251184, 64.30519848048858, 65.69089692149043, 63.77132493958433, 59.664428226902686, 47.58331741106382, 38.81066220173597, 42.21106714738029, 35.82471467528624, 33.46349922422814, 86.21959718214848, 75.64776723009008, 68.16834842630438, 66.55208544249426, 61.43526764857812, 58.25801303677606, 63.742286274921916, 73.29686172552935, 82.48953485886923, 87.03608454580775, 89.78225502381824, 89.42867843113751, 83.27382365393518, 75.24449429215576, 68.54075708708184, 64.65093924011798, 65.36781548832597, 71.53926182942293, 77.022319152728, 82.23590126287614, 111.80974279322922, 114.6484088830676, 119.41252253393736, 120.11143715970591, 127.3259206325706, 130.178400976924, 123.8503450214221, 109.41860506215731, 102.25686231374127, 93.41225571610768, 88.21368957369948, 76.40628716051037, 63.66994462166602, 51.02551185821393, 41.56494112758663], [72.97326988148514, 80.23990775612938, 88.4399839290182, 94.907289629004, 88.3410902539622, 80.03568582452031, 72.70131051171967, 31.21258902385864, 25.13345548796652, 18.509935686151483, 9.910112961265122, 0.0, 9.381002880668838, 17.345265082499576, 24.928137777801698, 70.65650676681166, 78.72681391010998, 86.77156015905699, 94.70001795037328, 102.1481841961391, 100.21781120765682, 93.74599230867241, 84.66213828823221, 77.08291792408633, 69.89455066117625, 33.730631566769276, 29.25048672402068, 25.047320654443435, 20.32369798892377, 17.112394553362574, 13.18770845257329, 17.094130929909394, 21.843342140307215, 25.270621942341684, 29.669412521587972, 59.18807345403871, 60.095170829215256, 66.71880722374277, 71.57332847348482, 72.17632365894039, 70.46214685407764, 66.38130233429749, 52.47899974671387, 43.91978847156068, 49.868132177784034, 44.616690030817054, 42.892883997284564, 90.60487063668181, 81.34434964152734, 73.79645174906972, 71.63702477522179, 66.07422784914847, 61.63110806210468, 64.55334327039914, 74.41389853397854, 84.54442700680926, 89.65681160902807, 93.19445580560715, 93.25480082260167, 87.43805755053779, 80.33837376536026, 73.22796806133616, 68.20457721551612, 66.8185880765594, 73.82999957482592, 80.10296123959134, 85.93796705301584, 117.67097290745858, 119.28725560543867, 123.14961310154482, 123.17564531824604, 129.90555865029972, 131.91741951746184, 125.4585689980122, 110.61986765532635, 98.85719319733221, 88.279878578965, 81.5764007191554, 69.02325865629055, 55.261065128731175, 42.00133938367406, 35.903457087430745], [65.12095239398157, 72.42534452273253, 80.82433371785497, 87.75069147499968, 80.73982676167897, 72.24985144457278, 64.92754274995933, 23.04913424172409, 16.896710225794696, 9.82728832183533, 2.1636514720615225, 9.381002880668838, 0.0, 8.54991099258922, 16.750089949073853, 62.29359129350958, 70.65843333277238, 79.01044557420248, 87.25750412769194, 95.30697124683729, 93.1049448856998, 86.09960428831653, 76.67635221376189, 68.99517528944034, 61.70546164573442, 25.301477588086215, 21.93053443895203, 19.688277232902223, 19.264296528608693, 20.38528987067758, 16.098381613741054, 14.47343092583158, 14.883674428197427, 16.93995960770273, 21.0326687255253, 50.58321505761191, 51.141685011018254, 57.94273106092757, 63.51976858354717, 64.64187159824289, 62.70573884660932, 58.62249153091719, 46.07542656235163, 37.31945812781173, 41.41532564672283, 35.537028682978146, 33.95706972080879, 84.77094908483373, 74.42284165015946, 66.85734608060004, 65.113627959481, 59.90417702968881, 56.51847963840873, 61.72140094693476, 71.30952139888707, 80.60291797053702, 85.2244708443508, 88.09891316902662, 87.8562977921901, 81.77163024636721, 73.8618056622909, 67.02941385892206, 62.94301664089792, 63.40623624130214, 69.67638693910287, 75.27593895962073, 80.61761358426241, 112.22974356106488, 114.44374358722149, 118.69286126582224, 119.13474908390124, 126.08012381716075, 128.7022752265693, 122.1543598464346, 107.46190819675118, 100.12536431012572, 91.34985091887212, 86.33436719397582, 74.72667665083836, 62.23039887518374, 50.427033470453274, 42.49876722112299], [56.83838763352634, 64.12852709343667, 72.53620119067128, 79.5511982832892, 72.40018697628611, 63.87054047722538, 56.56103226157039, 14.681407818992904, 8.958095905983427, 5.502245166186893, 8.994059119073212, 17.345265082499576, 8.54991099258922, 0.0, 8.489792772167942, 54.391043409165164, 62.795193732061676, 71.17040147430541, 79.40587809750917, 87.5446059915032, 85.1713847097866, 78.03919662318944, 68.5794075359244, 60.82533367077279, 53.53708267581753, 19.863030018096307, 19.162442438394148, 19.82461426978528, 23.172416973369245, 26.46778840779618, 22.92381253910331, 18.811788602945068, 14.481175045639564, 12.858809416433001, 14.678633669577222, 42.372488709670876, 42.77872528298377, 49.97980226593187, 55.45003691109782, 57.05270878330684, 55.71677587543618, 52.449000859012884, 40.60091609798583, 31.78673742753057, 34.663772173048564, 27.512817868900616, 26.166103535391144, 78.08743647953864, 67.16828300605611, 60.17750638820315, 59.04978643242145, 54.40948901656899, 52.06724771496121, 58.80717696968463, 68.00469364152244, 76.50795152607037, 80.4854426947264, 82.51826969770556, 81.65230857436045, 75.29103000668488, 67.11797580541297, 61.13840871530806, 58.02401441048124, 59.828656975255136, 65.279049624552, 70.07473029656353, 74.6589437006952, 105.31254272495221, 107.37278689140845, 111.72635150927421, 112.48048882948345, 119.70444966856712, 122.93501983170228, 116.77138319143388, 103.57601470994278, 99.50594795793162, 92.23983205369431, 88.45802836109316, 77.5379216198823, 66.35941005353017, 55.993292318432914, 48.32929372791287], [48.451010738478786, 55.73683011217474, 64.10705227456246, 71.1074844604286, 63.99737710920274, 55.50297298369575, 48.1805279650202, 6.322874885396752, 2.162088625851863, 9.709828847467907, 16.875119314684888, 24.928137777801698, 16.750089949073853, 8.489792772167942, 0.0, 46.56572030596071, 54.77077450436042, 62.97956606500334, 71.06547823097235, 79.10069495118562, 76.70314359887497, 69.65834738077972, 60.33106240701476, 52.590470473628024, 45.363061034845934, 16.83517021648679, 19.19394755264841, 22.073026664729078, 27.51804462247258, 31.941684154213426, 29.314821139698964, 24.316440828065378, 17.878978004845493, 13.260983978265749, 11.073261274665967, 34.55171439625219, 35.87489409389352, 44.29071783928066, 49.27439646606604, 51.7240366136427, 51.70908462639234, 49.8754638979777, 39.00772978560026, 30.521038237124277, 31.74606673749696, 22.09376726513733, 19.474225726458393, 73.46434280661038, 62.13172299408733, 56.35322101366946, 56.152734461470814, 52.38189735878766, 51.26322486442117, 59.102474159118394, 67.76906228479253, 75.42084408685447, 78.58546038493444, 79.52865587165732, 77.6844400334948, 70.97703842090625, 62.85715735263698, 58.36210207000056, 56.45623014490225, 59.39964909021371, 63.89016342265327, 67.66757180784515, 71.14393947877468, 97.18818707109058, 99.44089298828979, 104.4489329665736, 105.80885556162234, 113.74374342026059, 117.88742143004411, 112.74324062898366, 102.27334387156557, 100.64503445776506, 94.49550102713897, 91.34985802065198, 80.70054951833201, 70.51797602986825, 60.59555685310059, 52.56732228200909], [14.591160600460436, 18.693763708818, 26.894960071617994, 36.93170406778212, 28.448997500281198, 21.46886356105336, 18.386123950964894, 40.69662767930376, 45.82523412136464, 52.79318389650113, 61.73236722139906, 70.65650676681166, 62.29359129350958, 54.391043409165164, 46.56572030596071, 0.0, 9.440190327679366, 19.05284823383829, 28.92307003457626, 40.94669694700324, 37.64109353698473, 27.498589716378348, 16.694860537351307, 10.723655928246158, 7.020379103816685, 40.51438287473911, 47.783084195881365, 54.40647706964954, 63.77125882615617, 71.2816021337056, 70.44200867682174, 62.98289467075216, 54.24878331920784, 48.200038058603035, 42.23757897707468, 13.355872257462817, 24.36692570889151, 36.36343084196921, 40.90954172784558, 49.51531959536345, 53.84162373402828, 57.53320689838572, 60.12687231663641, 56.878711133581724, 46.69200549346782, 35.724226409466695, 29.233235184419634, 73.56516442824048, 59.69155243483835, 60.88664548674339, 65.46035477687332, 66.89492623295509, 72.33364429890766, 85.43807807143628, 90.35416303393158, 92.27851384268243, 91.2418817988362, 86.66272509134217, 80.80953299904114, 73.57104716209153, 65.21451627515013, 68.39502890160298, 73.48319610310367, 82.88771161107702, 82.13263519995967, 80.27695542551666, 77.78119169627467, 64.63529911436326, 75.21831451020999, 87.62609488140303, 94.24261376248107, 106.14578195662577, 115.95067551553238, 115.7413494329254, 116.23816161316164, 129.785695958668, 128.98147475890477, 128.9219725211542, 119.89483546853482, 112.49694866560064, 102.54440844447655, 89.10142127603646], [14.599017126233742, 15.025565641141435, 21.148597379130965, 30.889713784970294, 23.476813464273064, 18.967010558394332, 18.88753584777395, 48.84779758630707, 54.042799327202964, 61.21425683946531, 70.08668428376191, 78.72681391010998, 70.65843333277238, 62.795193732061676, 54.77077450436042, 9.440190327679366, 0.0, 9.675948289227673, 19.745643458399023, 32.34294816084974, 29.163278498469765, 18.882394902061286, 8.825012956808672, 7.650683380532618, 11.202326293973632, 49.19247786639951, 56.18610626201687, 62.491725420859346, 71.49389229990187, 78.82078417926928, 78.34282977561355, 71.16077453695114, 62.735126517806876, 56.79494372210567, 50.839014936626995, 22.10790848787108, 32.22110382853972, 42.990086323978375, 45.68955678569504, 54.45488309279647, 60.05087642665084, 64.84209651705969, 67.74875258222204, 64.93793198994207, 55.23037130059962, 44.65845125420784, 38.27643672837389, 76.55117673846641, 63.55656041802798, 66.42168621630148, 71.54223600317003, 73.61824092464842, 79.40389117291575, 92.14185925423382, 96.58087876875432, 97.92529449401646, 96.25765908052976, 90.84026964022378, 84.13775075600367, 77.00981027177313, 69.63491941615351, 74.29264039674796, 79.94510919916274, 89.31320751801482, 88.0033726989525, 85.43193063186156, 81.92350812759103, 56.35824629350592, 68.87448602422765, 83.31014072562935, 91.19679205291551, 104.19747010590609, 115.21319358251044, 116.74300285880062, 120.67991323205565, 135.03829570373915, 134.6706185146828, 134.6159402348526, 125.61537952434394, 118.69217612210034, 108.69708148884789, 95.20867219054013], [18.835158467480596, 15.550801610659496, 17.335964700151216, 25.469674504204406, 20.37214728843479, 19.701015317945874, 22.473626722942292, 57.02286403070553, 62.30423074130546, 69.70564582344458, 78.46487007603689, 86.77156015905699, 79.01044557420248, 71.17040147430541, 62.97956606500334, 19.05284823383829, 9.675948289227673, 0.0, 10.220181360584562, 23.350555198611055, 20.413664752030712, 10.589213438514404, 6.639256783793876, 12.83127271593422, 19.09863067415538, 58.179983739699594, 64.97613143369675, 70.9837297204567, 79.58198463281377, 86.62808257696753, 86.44131985019531, 79.59722511547402, 71.46493829926317, 65.5891648624739, 59.617308054380366, 31.086285987481002, 40.48728520618848, 50.196356260723235, 51.0806240590831, 59.732199750156624, 66.51428816836186, 72.3205029411481, 75.21589772500258, 72.80187102581606, 63.75715019328905, 53.53234311715048, 47.40843319694311, 79.49046889546536, 67.64419462636722, 72.07033926893875, 77.62733009534597, 80.25509825679897, 86.26022118074779, 98.46714519631641, 102.43310843796873, 103.25880464656039, 101.00049106210946, 94.8223299301513, 87.3186132976582, 80.36901638356123, 74.12869624762114, 80.14975610343284, 86.22316459631442, 95.3905790296016, 93.58038047058336, 90.36442009070777, 85.91510423495372, 47.697632315290306, 61.939580637622484, 78.37756763438573, 87.52310599799644, 101.58455554669696, 113.77014822078067, 117.13139919257787, 124.66762313171928, 139.58954478436064, 139.66890163349436, 139.64747609459823, 130.76008722671872, 124.43503939919522, 114.65614705161015, 101.5855946935818], [25.071643684494127, 19.694598556105635, 16.41646262224993, 20.587916030970593, 19.504148319473913, 22.958337206183515, 27.646769499368535, 65.07477848946358, 70.50078907326888, 78.19798027762222, 86.79052296305854, 94.70001795037328, 87.25750412769194, 79.40587809750917, 71.06547823097235, 28.92307003457626, 19.745643458399023, 10.220181360584562, 0.0, 13.60160787643041, 11.00178658654352, 5.676533064605369, 13.67163407379605, 20.900353011669303, 27.73185145579489, 67.44925517394253, 74.14811998189177, 79.89825792288192, 88.07007841466182, 94.73017518240346, 94.7384260910416, 88.29685485907116, 80.42353003430331, 74.54967355071122, 68.52417882989596, 40.1073677847319, 48.68419126240297, 57.32552797032001, 56.28700290582489, 64.58488326828342, 72.56300671164503, 79.40798010772119, 82.03249287671302, 80.06675611727475, 71.91596630525542, 62.14307708588359, 56.57630284090417, 81.51102556059962, 71.1321774883956, 77.10810622702495, 83.03007338836683, 86.17932664079498, 92.31467661539288, 103.79541508038771, 107.22510938083163, 107.52820594340956, 104.67499211306827, 97.77040166899347, 89.48304432765467, 82.7960804023765, 77.89777688554535, 85.26331909326356, 91.66303181515042, 100.47270839029497, 98.1559188065024, 94.30885924678411, 88.93101030574212, 38.75275472034516, 53.79615783643034, 71.98176901151173, 82.32197098024618, 97.35264126933868, 110.65415011822205, 115.93834961395673, 127.3412010225865, 142.7087382208365, 143.34821464880108, 143.48442429710252, 134.892877587125, 129.40233532123864, 120.28774106396783, 108.31826078421278], [33.662525468736234, 27.810622769054593, 21.33582739478333, 18.26959712774362, 23.360782692206026, 29.68091560383348, 34.968227433863184, 73.18934135655228, 78.71046157824537, 86.76616091273723, 94.97661634867633, 102.1481841961391, 95.30697124683729, 87.5446059915032, 79.10069495118562, 40.94669694700324, 32.34294816084974, 23.350555198611055, 13.60160787643041, 0.0, 5.18763417467394, 15.534861058147634, 25.618278622972323, 31.862700022465916, 38.35278948589623, 77.52098024030389, 84.02021509397426, 89.3071105705717, 96.70712226198322, 102.63703739019837, 102.891932618572, 97.18941371700978, 89.80295033687442, 83.9732133444798, 77.92531108864159, 50.57330031552801, 58.48560392002724, 66.25693179110009, 62.812757157509, 70.31261883568175, 79.79185589097997, 87.7862485985602, 89.07075274908333, 87.44395012294788, 81.0551049611449, 71.63001741016014, 66.65911480602423, 83.20385340031308, 75.14735635391585, 82.78491239037815, 88.91435369430285, 92.43783601354255, 98.32329177427175, 108.32578896362827, 111.23667174045535, 111.25331376327225, 107.86098067523884, 100.33805054071459, 91.16263419223472, 84.83825769006887, 81.94087060689503, 90.68829125274925, 97.04848039927421, 104.82656882469956, 102.14886627345885, 97.80818402690151, 91.53172852202809, 27.035106956062155, 41.12804409499642, 61.660689261932745, 73.43427654887105, 89.82886706907446, 104.3698843162834, 112.34885954015495, 128.94023765984826, 143.4163129034757, 144.45465152736142, 144.5441753833177, 136.30653161015172, 131.99828735540285, 123.98500876446833, 114.15339198021888], [30.018563230068175, 23.6828012996518, 16.698862313509565, 14.469141072286805, 18.748722906561447, 25.421628184382865, 31.203394992688356, 70.66615873455284, 76.36706496682179, 84.50210268679814, 92.82116204272063, 100.21781120765682, 93.1049448856998, 85.1713847097866, 76.70314359887497, 37.64109353698473, 29.163278498469765, 20.413664752030712, 11.00178658654352, 5.18763417467394, 0.0, 11.28136924076067, 21.70604541534533, 28.092416999474626, 34.86326038229666, 75.09114481893964, 81.85365713882321, 87.41790346110159, 95.1431124234748, 101.24584692304191, 101.24777594631394, 95.3131569296775, 87.63108364520929, 81.64977553184191, 75.50813349261614, 47.173369052336604, 54.38052139852848, 61.677963193414676, 58.280223350364956, 65.87952324917761, 75.20481010965986, 83.23522672537545, 85.15982339683846, 83.80762093581419, 77.03939234086093, 68.06473225144371, 63.73138723151831, 79.25314994062863, 70.77770297864215, 78.35818693073695, 84.56025334758415, 88.21681067704202, 94.35451786198863, 104.77921847429992, 107.54370445582599, 107.3068969081502, 103.85640285909743, 96.28980121136671, 87.24481175984141, 80.90820134090181, 77.65667803727858, 86.39374510207132, 92.98935670015426, 101.19633081262853, 98.33599195658356, 93.86337682290196, 87.57199219849213, 32.11567354881765, 43.57272390071829, 62.03524468812782, 73.10217509921684, 88.7510857727757, 102.88435240166076, 109.88394451752862, 125.2040245314018, 140.90294907521243, 142.34955089658217, 142.96408869065053, 135.05641747287265, 130.8408937424047, 123.32133385576834, 113.7642451171255], [22.100582900274194, 15.800347887515201, 11.53069650635325, 16.846947108844198, 14.545437187792222, 18.62054988134921, 24.18013167764357, 63.522982696876554, 69.23089269861883, 77.13253770881056, 85.74618173398652, 93.74599230867241, 86.09960428831653, 78.03919662318944, 69.65834738077972, 27.498589716378348, 18.882394902061286, 10.589213438514404, 5.676533064605369, 15.534861058147634, 11.28136924076067, 0.0, 10.976666021029931, 18.28770920350742, 25.53251216836935, 66.64438441283163, 73.66801924299595, 79.67824512839256, 88.07159956414829, 94.73704065224914, 94.43797313519413, 87.89869716232784, 79.7512398060973, 73.67522218983125, 67.51763648153381, 37.966756072898754, 45.22686207188479, 52.97088711900061, 51.437923777697385, 59.691293873537276, 67.80183505566966, 74.9789546016346, 78.12557804959346, 76.63249936904565, 68.42141755032074, 59.41298289926246, 55.02559467977608, 76.38922049362105, 65.96656384261192, 72.20057728259471, 78.25617768262748, 81.66179664444887, 88.06523024151677, 99.73557543549813, 102.84603233150021, 102.76167889610954, 99.72511112993396, 92.65530535785436, 84.37309667819508, 77.75701785434313, 72.82690852385198, 80.46033401985336, 87.14707404570487, 96.26496551724779, 93.63090627391094, 89.51484826094537, 83.9460301590247, 42.17008257354847, 53.84127169364529, 69.97031350097403, 79.64785794096463, 93.95519859552591, 106.91999418167585, 111.50457048937187, 122.35540378559644, 139.0364764466115, 140.3099718830908, 141.14276971959325, 133.1116728945157, 128.0824960233545, 120.01011194953337, 109.14083488435676], [13.993524282991366, 9.980305565823677, 13.158607534841753, 22.798125334382583, 15.768092136989436, 13.954245100518015, 17.237398226294914, 54.19150968645034, 59.836871644855094, 67.51592487473572, 76.27948653502193, 84.66213828823221, 76.67635221376189, 68.5794075359244, 60.33106240701476, 16.694860537351307, 8.825012956808672, 6.639256783793876, 13.67163407379605, 25.618278622972323, 21.70604541534533, 10.976666021029931, 0.0, 7.9677081282035545, 15.238499281537862, 56.44672693370908, 63.64743502061621, 69.94802342285536, 78.76176187357427, 85.75594442361982, 85.18999203357414, 78.27646236034802, 69.8342258440923, 63.703355622439, 57.559963133105576, 27.503743959591592, 35.329010076988595, 44.225760500502346, 44.66281372511204, 53.32575321629501, 60.234080357136236, 66.38703235823925, 69.70729006443466, 67.77668298306067, 58.70593690321245, 49.30027762484544, 44.680338344852245, 73.1752440165297, 61.14345978386879, 65.68054912362541, 71.3460297917665, 74.18829523913355, 80.4430744459471, 92.85673575828461, 96.54052612637192, 97.04562575651961, 94.66705938363081, 88.41232816214008, 80.99023573586867, 74.06864854686708, 67.67876546092803, 73.85308921595714, 80.17024939578235, 89.64176931107787, 87.55535612776376, 84.13556974652141, 79.59772654535361, 51.34187282036807, 62.11370476099536, 76.23217775213847, 84.49601233870031, 97.67378872431591, 109.32487182871253, 111.76460108297891, 118.37867349947638, 134.47496094518763, 135.17472729043328, 135.89151925340707, 127.61658793141615, 121.80222614366812, 113.26315368582405, 101.63277519630479], [7.605114604529377, 8.30133954052754, 16.171640792166425, 26.248595036698816, 17.81446063013531, 11.749886415775004, 11.5646452244346, 46.41335870132611, 52.14913826854324, 59.898696238180385, 68.65043797922675, 77.08291792408633, 68.99517528944034, 60.82533367077279, 52.590470473628024, 10.723655928246158, 7.650683380532618, 12.83127271593422, 20.900353011669303, 31.862700022465916, 28.092416999474626, 18.28770920350742, 7.9677081282035545, 0.0, 7.40745882654902, 49.173718647822085, 56.540952165676664, 62.94236599042084, 71.82185211274752, 78.76829851245773, 77.97895709073394, 71.05170758515614, 62.49603175592388, 56.258344989118136, 50.04901353538425, 19.721699446051144, 27.96380156894218, 37.90989371507573, 39.07078247681054, 47.72700191932836, 54.20532718915156, 59.884613934518086, 62.3940277715766, 60.11532629032542, 51.198856250460814, 41.43801828896123, 37.01953990366086, 69.07984327872306, 56.42926949058139, 59.91480404676133, 65.23443375277496, 67.6042834647383, 73.51480079855759, 85.96898275912915, 90.06374323944794, 91.13828962891105, 89.2485508651148, 83.62144279410663, 76.70852100186873, 69.58752182489586, 62.58817855681965, 67.82752135669806, 73.65617731055289, 82.9479726752493, 81.31784025003343, 78.4590214287166, 74.65086085337818, 56.80779941764833, 65.50101865593916, 77.79128088130662, 84.91712428128885, 97.3065986904654, 107.96190598960739, 109.1346683837018, 113.42402346119412, 128.37122251907215, 128.64397096248692, 129.2649811271254, 120.93159612467679, 114.86484133142642, 106.512296498942, 95.36797068431149], [7.928629259594687, 13.46506112794921, 22.33837359338486, 32.012891181434284, 23.42489525748352, 15.576078889445215, 11.482815506194854, 39.21005455773103, 44.89547959775948, 52.575368493983774, 61.35324513838783, 69.89455066117625, 61.70546164573442, 53.53708267581753, 45.363061034845934, 7.020379103816685, 11.202326293973632, 19.09863067415538, 27.73185145579489, 38.35278948589623, 34.86326038229666, 25.53251216836935, 15.238499281537862, 7.40745882654902, 0.0, 41.91586687446789, 49.36852005269627, 55.84133912570121, 64.80403440745592, 71.78418508953645, 70.84080020791988, 63.84406380789508, 55.20820205834181, 48.927116771960364, 42.70141421085277, 12.45689209937218, 22.331479806852613, 33.90959320062935, 36.41794109454845, 44.89779037062281, 50.533623575811646, 55.32897481189711, 56.87379281085099, 53.97195966128538, 45.08666209955943, 34.52530340111713, 29.62966756990257, 67.81802365371838, 54.58652918570855, 56.66236094516249, 61.467689941857664, 63.16852189173499, 68.58014551042262, 81.07645439108346, 85.7418343186373, 87.55375749359946, 86.28106399793379, 81.43356557497306, 75.16468875144847, 67.88672814195567, 60.21545482024448, 64.17945233617836, 69.33077187026034, 78.3515900552062, 77.36031007356091, 75.24471010683557, 72.358567238073, 62.25702498654735, 70.11317163260061, 81.28568745387453, 87.51754814798815, 99.27874590251595, 109.01606793342798, 109.06473846633072, 110.9101865893579, 124.30548489924897, 123.89551535589274, 124.17496218765228, 115.5678663222026, 108.97391257793139, 100.33041417440425, 89.07071812672027], [47.39555592976695, 54.552879738014575, 63.480343014815475, 72.01674775273241, 64.0562432363756, 55.41548139901239, 48.53196415111444, 16.75288765830933, 14.992333121771205, 15.79275963671669, 24.100871544642093, 33.730631566769276, 25.301477588086215, 19.863030018096307, 16.83517021648679, 40.51438287473911, 49.19247786639951, 58.179983739699594, 67.44925517394253, 77.52098024030389, 75.09114481893964, 66.64438441283163, 56.44672693370908, 49.173718647822085, 41.91586687446789, 0.0, 8.026667032943749, 15.350569811843112, 25.51744762775125, 33.5441737495536, 31.641863196321435, 23.271688548306347, 14.015543435889777, 8.571531390978919, 5.77978832429709, 30.74571254512357, 34.98847981318502, 45.46528644984577, 53.7710837685394, 58.16875893819976, 56.90277461353778, 53.96209664130015, 48.62923559770075, 40.923811071413255, 35.45894942680839, 23.74289106443017, 13.94346698064531, 83.2330079458772, 69.80