{
	"dissimilarities": [[0.0, 7.64414583687864, 16.141947590928087, 27.778177355700983, 18.468346376023273, 13.406991773754545, 9.505472989601888, 40.89353342443567, 47.09612853286657, 54.35580203442026, 62.91479629249614, 72.2202308509554, 64.30339668509076, 55.72104729411739, 47.46493101096805, 13.641622060998575, 16.310364210151715, 20.951563025957586, 30.22704346578449, 38.129108403200156, 34.22275396434986, 25.73132967154659, 16.58473798253967, 9.78379749690855, 8.945685387461879, 45.92362149264665, 52.563315289849655, 60.1849225384137, 69.54854681727909, 77.14351447341191, 74.49399224062061, 68.2477223530726, 59.011676548515965, 51.46205847218695, 45.45711223690089, 17.264771211300573, 21.707480026316322, 31.251071236656543, 37.41545016888833, 46.25646226097597, 53.03712843463872, 56.16867400543232, 59.03375031678115, 54.16167820954009, 42.228904982850146, 33.45691751394875, 33.33036500054065, 65.9520592497559, 61.31992940932002, 59.858673571989314, 64.0383669295374, 64.91187092482734, 70.66687858683126, 80.68213421935349, 79.76952851701917, 79.75792094669983, 75.8742361832071, 72.70245419683135, 69.9163774339236, 65.61658350722405, 64.21014455902655, 66.61169998235555, 71.92408168153814, 77.99366677702079, 72.87599827877513, 67.58084120125604, 65.23983422297462, 56.983365478815514, 63.53673698207433, 84.30739667973342, 88.03296577913848, 90.81166422703225, 100.66906307826216, 101.53019807262925, 103.80377742940696, 117.17864488964044, 124.01236145667639, 131.91243213318683, 129.19370871378624, 120.49592195099054, 111.31592520986224, 92.85855327321062], [7.64414583687864, 0.0, 9.659886468627569, 22.554568198244496, 14.30638770393718, 12.601203942519899, 13.013667774960066, 48.504194896603124, 54.5142422178977, 61.67801232670223, 70.3387709887902, 79.7375232376095, 71.90312293576419, 63.337510401255294, 55.08845096814477, 15.339164856069774, 12.906876972548975, 15.272845340230681, 24.17298735873686, 32.21215843040503, 27.93936822751941, 18.871788348795164, 9.70756363430346, 6.468806741359724, 10.906043934068212, 52.73522480271233, 59.28361861851533, 66.93476636181376, 76.35820779685456, 84.04872886151102, 81.61881912528574, 75.29251855229946, 66.0625536460632, 58.567993947435205, 52.46592106941067, 23.42035757856092, 28.16080061809211, 36.23524061889181, 41.265735884994974, 50.045396419266005, 57.37595280028369, 61.423423282929, 65.34841719543948, 60.94935898990121, 49.41863675836072, 41.023583125500075, 40.31126399933128, 68.27511428588477, 64.42550969570127, 63.94214239424431, 68.70458612325301, 70.2441646838677, 76.3347238073222, 86.78312375696304, 85.2051345645693, 84.6946856576459, 80.2381067200629, 76.33327021340607, 72.934716723048, 68.36992126020328, 67.89254437506455, 71.10366623392481, 77.27877441936266, 83.89103140289154, 78.19888549415789, 72.04924396831767, 68.90494423425993, 51.89898710697634, 59.82018546874248, 82.45531862337175, 87.15875603308965, 90.53165370021729, 101.1011587694161, 103.1329859897066, 107.46446506100806, 122.62792654423691, 130.0480686595439, 138.05518595437843, 135.44265924038905, 127.06823238683985, 117.95301090368777, 99.39042466554866], [16.141947590928087, 9.659886468627569, 0.0, 13.243823664514188, 7.304905467690666, 11.484394698306264, 16.363052751766283, 56.16605777271895, 63.00199198561948, 70.306844319182, 78.66266375083009, 87.29524061732893, 79.61079218009739, 71.11232802347136, 62.71410836495936, 24.56165736236531, 18.762412306423954, 16.112507277359473, 20.164268524714554, 25.39245656878834, 20.645903380213934, 13.530838095912424, 10.415768348953282, 14.809895048369823, 20.452100337571785, 61.892253423753594, 68.28666566180986, 75.68882363022027, 84.63327629319723, 91.83356490460018, 89.53574066513295, 83.63890272483965, 74.81074964522409, 67.45890592306884, 61.51910722153056, 32.88170974417137, 35.945816372898996, 42.03428225363784, 44.203875381609066, 52.68079963736713, 61.417594108107, 66.27818176340737, 70.0879347808212, 66.51332855644084, 56.16597836232159, 48.77772347567728, 49.459972107895844, 67.11212210730557, 64.77013996652254, 65.96283921297974, 71.43957660377669, 73.70850104984413, 79.90813706224237, 90.4443271355917, 88.10312470298747, 87.07665437421893, 82.02419928763112, 77.16257398458445, 72.80757425886804, 67.91412365066063, 69.09704445399183, 73.50368438577607, 80.4449182691122, 87.38874812017109, 81.28155202059952, 74.3610290026143, 70.0324101049832, 45.52011481629238, 51.73332772866834, 74.93289322425696, 80.42002288498388, 84.53284701612426, 95.86216874169813, 99.62877204363878, 107.63127286128324, 124.1825243207121, 132.2620002942138, 140.40529658903094, 138.17730711930545, 130.77872237675413, 122.98135555201847, 106.45083399814104], [27.778177355700983, 22.554568198244496, 13.243823664514188, 0.0, 10.400428547574133, 17.746323517318086, 24.059053366849326, 64.79783185192828, 72.77258530923781, 80.21412841169924, 87.94716469858328, 95.21218762713373, 87.9114636028001, 79.66722505387125, 71.17102755648926, 37.50243196702955, 30.63898532475325, 25.368807534864583, 22.642469044566095, 20.840423403225618, 16.687500434870017, 17.364451543528837, 21.668527366713892, 27.802675390100802, 33.39968736629524, 72.86252948258635, 78.93041368476318, 85.82698317228902, 93.86406804669346, 100.15448302826303, 98.03673492381618, 92.93194220298977, 84.87800279925648, 77.8572343928762, 72.29150346615732, 45.006787425543386, 46.389618534042604, 50.76663816995655, 49.51388717584627, 57.275501656641694, 67.63063944127478, 72.92605233617167, 75.48554729379751, 72.86874877479981, 64.1929420065156, 57.98629016581688, 60.62427470340898, 65.70432469540648, 65.58088517849326, 68.89214538337758, 74.97459537681368, 77.83319177734421, 83.77889080153928, 93.83610021929655, 90.87272275696796, 89.4483786259386, 83.96149575376572, 78.12968279238365, 72.63108807432252, 67.45696273905436, 70.86244027228328, 76.57489943602138, 83.90537480718591, 90.75694204743947, 84.61145111809087, 77.28129998430904, 71.65281169242401, 38.92764464323362, 39.745603150826476, 62.760253413141484, 69.36539521091774, 74.8402836160853, 87.11029246613447, 93.53819632446488, 106.92090331990464, 123.87194951111731, 132.31161573890955, 140.21317740986024, 138.43763906258366, 132.4420021832404, 126.66091008358514, 113.58935070339227], [18.468346376023273, 14.30638770393718, 7.304905467690666, 10.400428547574133, 0.0, 7.747066945444965, 14.734665127315347, 55.76443784189458, 63.5429458931083, 71.04682244323729, 78.97801937879946, 86.75898128936566, 79.0244764185198, 70.57865717829328, 62.136067855544965, 29.59640628715512, 25.338129729986033, 23.009402127189247, 25.400165233452185, 27.942792219561902, 23.422369436220325, 19.12471297584374, 17.593574143492333, 20.49939909265191, 24.979469314982115, 63.73884074273505, 70.193857048378, 77.40120249164647, 85.91358734331017, 92.56140648451007, 90.04301996744148, 84.62829096871641, 76.07918324391672, 68.73079381284363, 63.02778340899474, 35.423340731771205, 36.02917314826121, 40.63005234661637, 40.58336442620293, 48.783882828239925, 58.50456920562736, 63.478663296497736, 66.50789205519877, 63.5547045989429, 54.389760865952944, 48.25131155673117, 51.03397344406533, 60.89501554617735, 59.23383772315656, 61.222890906001645, 66.94253345481874, 69.44737736902047, 75.53075413600206, 85.91205625759956, 83.2379909875391, 82.05452230898597, 76.85940359386446, 71.67876395051864, 66.94737816071265, 61.96081992355338, 63.90240801389435, 68.8131829141738, 75.8767998363125, 82.81082005876452, 76.65527634979668, 69.60444471069687, 64.78166385971757, 47.10507802761673, 48.72070215076027, 69.17623196408007, 73.70504723662947, 77.39594776330993, 88.60329272665072, 92.43906591707123, 101.60258656174965, 118.3338238434248, 126.87839657616473, 135.54209951960297, 133.8378684721322, 127.28492276410732, 121.19524244970891, 107.04121251487402], [13.406991773754545, 12.601203942519899, 11.484394698306264, 17.746323517318086, 7.747066945444965, 0.0, 7.708275329716823, 48.359568336029334, 56.3093681582051, 63.873839103035, 71.71487476896637, 79.46819061627798, 71.56174547236155, 63.072958826767824, 54.66338665908516, 26.369722981843953, 25.070968990269282, 25.285414458153557, 30.136313755942265, 34.08465961680687, 29.840011557695718, 24.348253718860864, 19.71385658920111, 18.94078093833182, 21.457134150491974, 57.06816339190402, 63.65374243911996, 70.87241977053151, 79.40592206663729, 86.0228738478692, 83.23845374410598, 77.85026504815023, 69.21890022278576, 61.78078272152091, 56.16283109425191, 29.468965650190086, 28.938448262947727, 34.02974762740612, 34.76518317339785, 43.255993350660994, 52.59671291490462, 56.92038231274681, 59.34839379951681, 56.06740808931367, 46.67835880678551, 40.6423026476212, 44.20697924381119, 57.551521774034626, 54.854205945286026, 55.79989061258344, 61.06596866693458, 63.04977789446005, 68.97559143636985, 79.2016426765043, 77.01755593719662, 76.22808799516442, 71.48226202354083, 66.96987759553052, 62.86902661475602, 58.101342859188705, 58.970569439203196, 63.13580248798451, 69.58150618568635, 76.21114979367056, 70.40230901840265, 63.96909481033451, 59.89197898003777, 52.859279515575906, 53.88494080481995, 72.25736773809149, 75.47135304722579, 78.21097710986945, 88.5741656073288, 90.79626483445867, 97.29368160641958, 112.76632599762709, 120.99256451203188, 129.8566478655353, 128.13740216652258, 121.26621332368154, 115.17857145784441, 100.98774401261892], [9.505472989601888, 13.013667774960066, 16.363052751766283, 24.059053366849326, 14.734665127315347, 7.708275329716823, 0.0, 41.04157682753428, 48.99696563200046, 56.53437789612132, 64.30312487520541, 72.06635790444251, 64.31590346027976, 55.8896545413278, 47.43148686185298, 23.02927785265999, 23.971493377859648, 26.089180154641312, 32.419237955498986, 37.60238753539272, 33.85547983095751, 27.71595074172598, 21.435543266160554, 17.936731946020185, 18.445848622344975, 49.91735403112598, 56.29798444651408, 63.35126532265639, 71.73412708025396, 78.31779194342053, 75.56687975344332, 70.21129640368457, 61.74231929903925, 54.467130929363535, 49.00213537527272, 23.926212445321095, 24.19125914722963, 31.605728370982707, 34.334526314717756, 43.014788204756854, 51.47544957587162, 54.620476648084775, 55.63403065824374, 51.47038642902302, 41.13693752822707, 33.96226661162944, 37.44077566002459, 59.34394586119287, 55.71049285902995, 55.37293091883976, 59.874043014090454, 60.92188145058906, 66.3877458619803, 75.95301730612218, 74.81975131263687, 74.75937048386525, 70.78263424093845, 67.21185829510932, 63.857718572812175, 59.39590192699239, 59.10682693952279, 62.20443153293399, 67.47197696506852, 73.29003762851126, 68.34498333793873, 63.078100596810714, 60.056723808146, 55.60915561366616, 57.70340048426375, 75.91382385058068, 79.00537683215039, 81.80098840489579, 91.61441985096502, 93.05287805486296, 97.55703449002458, 110.34128777379277, 117.34961063471418, 125.37709913443416, 123.11165555684066, 115.44765473324182, 108.3197744112233, 93.35994856804503], [40.89353342443567, 48.504194896603124, 56.16605777271895, 64.79783185192828, 55.76443784189458, 48.359568336029334, 41.04157682753428, 0.0, 10.880984377517686, 17.828317280142286, 23.80519652228599, 31.71392361745191, 23.45472509490666, 15.04350043592933, 6.657156662698649, 42.94488896187217, 51.83864157439879, 58.468631404049695, 67.29118818760156, 74.462589305174, 71.82529260554163, 64.89030436889198, 56.34861191736977, 48.273094574840066, 42.70284802779222, 19.840784563350237, 23.88888481385602, 28.65624336535489, 35.57624102563635, 41.51349591114533, 37.13523053457417, 32.24275213352846, 24.631063509406612, 18.77371570600796, 17.240926555613473, 30.485423494221564, 28.744468877466513, 36.9752356447243, 45.30493820048845, 50.2809856285764, 51.155741936886784, 46.87372691669059, 39.700569727153365, 31.26002701751134, 19.687740863908203, 11.643443506923283, 17.64231040863554, 71.84864548808702, 64.21730298258235, 57.49320792446142, 56.755336516622314, 52.53593073554119, 54.25792301536356, 58.719675957571056, 63.525765739869726, 67.29825236941672, 68.06331364882415, 70.10680651542101, 71.36140200387356, 69.37352590937702, 63.139055413430164, 59.88323891823543, 57.7724965279053, 58.24470676094689, 58.77735715365122, 60.783184269167016, 64.02402113852646, 89.24195340574514, 91.75998468491034, 104.3886875869752, 104.18496677677608, 104.59768216544673, 110.36135213601868, 105.72715173251135, 96.7631537806759, 96.37792296863357, 97.82658247082756, 103.53444505570194, 99.54033889870252, 88.10920907656754, 77.31258770897945, 59.28165510323094], [47.09612853286657, 54.5142422178977, 63.00199198561948, 72.77258530923781, 63.5429458931083, 56.3093681582051, 48.99696563200046, 10.880984377517686, 0.0, 7.659277764384057, 16.085917145642924, 27.830434114911, 19.738720855123823, 12.46550273357517, 9.848264966958446, 46.16942483310111, 55.910448362847916, 63.31921995695116, 72.93921671414166, 81.16413694707957, 78.55736918363102, 70.8836762624153, 61.739396855055936, 53.14352600408803, 46.99617808162091, 11.46506291389947, 14.565648916298544, 19.645649043945536, 28.22829360883811, 35.811687423425106, 31.123864888579593, 24.515743199297674, 14.907992796528513, 8.208996533006577, 8.676261784891116, 33.643369592872645, 33.89676090380626, 42.28559233181698, 52.52417971680786, 57.12744608641569, 56.00521008102387, 51.086762501458516, 45.44214275282813, 36.772528996843214, 25.540594128077306, 18.335595839653916, 16.747399455646182, 80.65614332486895, 72.29141131605965, 64.5733977026541, 63.19336553333058, 58.57708361599886, 60.08377157835742, 64.16087639450431, 69.57038541063494, 73.59275320650357, 74.838278977688, 77.58141600468385, 79.53606914427091, 77.83891842036931, 70.60927903595555, 66.44392913028604, 63.80255492872574, 63.936182031701485, 64.83980639934572, 67.38645285018502, 71.52171986539098, 96.00744248643868, 100.89798307637984, 114.94047887062739, 115.02223621053197, 115.33537675290883, 120.95692961159179, 115.58202438616543, 103.94129388682927, 102.81409720071916, 103.43004025264169, 108.57508933019791, 103.98846335876256, 91.24627221469464, 77.80368431467542, 55.04374979520736], [54.35580203442026, 61.67801232670223, 70.306844319182, 80.21412841169924, 71.04682244323729, 63.873839103035, 56.53437789612132, 17.828317280142286, 7.659277764384057, 0.0, 9.701202319211003, 23.282235377947583, 16.392365579708624, 12.345472228154984, 14.628083622824455, 52.526538687424875, 62.32009542038602, 69.86178282129885, 79.53532371187315, 87.96498495559334, 85.49323172042021, 77.76632492301805, 68.59666634449324, 59.969533028393386, 53.74386884957436, 13.015079505948055, 12.127920754375047, 14.585410919884911, 22.58414486706997, 30.407503079804034, 25.369718907499898, 18.254728228648656, 8.57166440575796, 5.7183295859890775, 11.293457262301478, 40.330603374795864, 41.03976661674724, 48.934099250903664, 59.31264072012881, 63.42039195474499, 61.33145647894944, 55.720606862214204, 49.60182660545261, 41.01922756152089, 31.33016470763614, 25.727875776808585, 22.895298059032775, 86.96483301982995, 78.36368554929234, 70.1521471950193, 68.16248253546493, 63.0382709165315, 63.904402807975806, 66.88591406766737, 73.12744252662746, 77.59499578251845, 79.48615162555637, 82.88983500657508, 85.34993431948241, 83.95177935904219, 76.23236286522656, 71.39623638541607, 67.83355159597266, 67.08627396682412, 68.84885209299834, 72.31295650118571, 77.11445988796258, 102.371474985137, 107.84316482182008, 121.8349691230827, 121.85448593528412, 122.10190196617742, 127.35614325800361, 121.46364418981177, 108.21566190322655, 104.98615434352102, 104.37062857762139, 108.64255698758689, 103.5527426399873, 89.92626255094048, 74.9748858862284, 50.209202137427816], [62.91479629249614, 70.3387709887902, 78.66266375083009, 87.94716469858328, 78.97801937879946, 71.71487476896637, 64.30312487520541, 23.80519652228599, 16.085917145642924, 9.701202319211003, 0.0, 14.274460907883599, 9.774240315396026, 12.074871117822706, 18.56765934216895, 61.799769554981395, 71.29090270105578, 78.56438502652007, 87.79093203237453, 95.74090916640374, 93.46119881551834, 86.19524782755043, 77.35349216562831, 68.92773843896488, 62.859228386217566, 22.31510283745701, 18.950644373358653, 16.470425032997632, 18.84170460733906, 24.033262124434646, 18.013216672991, 13.263597118436653, 10.848080050149932, 14.73675011481334, 20.926411691764525, 49.628133651582395, 49.514458762551975, 56.45337933401604, 65.72301277853887, 69.0818804321258, 66.63477698755489, 60.06928738452961, 51.581866188546115, 43.34709795335072, 36.3912436757221, 33.075064019660864, 32.38931897650944, 90.99741522935803, 82.51347072649999, 74.07626514593676, 71.31385867400445, 65.42752444234648, 65.08216787483357, 65.98124308310798, 73.52102023320879, 78.74490755979352, 81.6279954535148, 85.86345148585231, 88.82614670847097, 87.84618713492237, 79.9133289794205, 74.40384018990301, 69.29135295108172, 66.90056140630789, 70.22896614765091, 75.22629810294468, 80.70376746472081, 109.34932539467556, 113.67418673107035, 126.00928529913152, 125.47358694090299, 125.53131165485624, 130.01563496772349, 123.54935346133499, 109.11961920715483, 101.92125703302936, 99.39943765233735, 102.41749143052074, 96.86863106948866, 82.58628167841425, 67.19819511466946, 43.62616324489502], [72.2202308509554, 79.7375232376095, 87.29524061732893, 95.21218762713373, 86.75898128936566, 79.46819061627798, 72.06635790444251, 31.71392361745191, 27.830434114911, 23.282235377947583, 14.274460907883599, 0.0, 10.116706850219293, 18.486562964852713, 25.65468877401546, 72.880793663649, 81.63183939302863, 88.22486718674608, 96.46079661931962, 103.28292109301542, 101.31287104140009, 95.0441959067725, 86.96090714178516, 79.06002787367429, 73.43041681923287, 35.77749446424108, 31.921503429783833, 27.30646130525517, 22.921731988391212, 21.059570593462013, 15.112794735131354, 18.40297040697827, 23.55462720484461, 28.406952028820097, 34.26398519271455, 60.85292697530574, 59.54777709681463, 65.49715311690242, 72.60565532653848, 75.18375645665613, 73.28309702123019, 65.94640546366668, 53.75394181061754, 46.42464450342116, 43.08602656783692, 42.02615945927103, 44.55657009966447, 93.54858632842138, 85.78620574053035, 77.72665370631593, 74.29580968646565, 67.66749024089145, 65.67430530428938, 63.494289561958794, 72.61720198512401, 78.77258579878601, 82.80589107791265, 87.77565425344247, 91.00222917479621, 90.45580605793889, 82.91840456808671, 77.06335284344125, 70.10077371223682, 65.41285745654054, 70.88564288030172, 77.71554843294312, 83.55321742365841, 115.54690494011344, 117.3131690192599, 126.65256418921757, 125.34625060271244, 125.35950323869993, 128.80534547689257, 122.14074294279844, 107.86609438510759, 94.6168468330676, 89.13035119271632, 89.91747327873247, 83.7230228201495, 68.88560046905116, 54.10381513182417, 36.93590631822636], [64.30339668509076, 71.90312293576419, 79.61079218009739, 87.9114636028001, 79.0244764185198, 71.56174547236155, 64.31590346027976, 23.45472509490666, 19.738720855123823, 16.392365579708624, 9.774240315396026, 10.116706850219293, 0.0, 8.89555515900936, 16.966576217120796, 65.20029656863218, 74.45029610089655, 81.30264567033203, 90.04411168394728, 97.12965311319134, 94.78520453135597, 88.06826065911119, 79.55937017737998, 71.35815529982348, 65.53547731906505, 29.139218201132667, 27.36378278474321, 25.556658380772593, 25.923604946568116, 27.878650267829318, 21.626781541010253, 20.591841842093434, 20.132349027556074, 22.036009349326708, 27.02122113121474, 52.49254594078051, 50.19920656353215, 55.625493866164454, 63.05032610626817, 65.64340163515388, 63.514828150759925, 56.37025986836924, 45.32534404832292, 37.55443480365337, 33.31713777997781, 32.791832226944294, 36.190315457770275, 85.37316001641675, 77.19067030272682, 68.87282658273074, 65.66086285889305, 59.313030615708904, 58.09125436134822, 57.672879973797244, 65.86884177520102, 71.53586413732022, 74.99132435061738, 79.6542779371886, 82.8428338670013, 82.17558722847211, 74.34079681687456, 68.57005564186818, 62.42867001587957, 58.975967429616134, 63.29303039242177, 69.29538668962851, 75.03861095598697, 110.64822803821198, 112.28594587987878, 121.90274022321803, 120.2013787749491, 119.58443841577952, 123.28066444151405, 116.16771367571948, 101.39250130305084, 92.33951487044519, 89.65241510087948, 93.31817706969073, 88.40553474565368, 74.9855638862732, 62.755749420336585, 45.64850560393141], [55.72104729411739, 63.337510401255294, 71.11232802347136, 79.66722505387125, 70.57865717829328, 63.072958826767824, 55.8896545413278, 15.04350043592933, 12.46550273357517, 12.345472228154984, 12.074871117822706, 18.486562964852713, 8.89555515900936, 0.0, 8.512013263110612, 56.85867410552909, 66.25278077013725, 73.17441781362591, 82.1435869901944, 89.37440965617864, 86.82447252787286, 79.86951788903794, 71.17790912030141, 62.877483966395765, 57.01705825418391, 23.334095205006538, 23.841918709392683, 24.939812143347712, 28.869686027421853, 33.115655176219505, 27.34420642447189, 23.922019849837806, 19.1375283434791, 17.41437062963787, 20.70913925656472, 43.909385360410475, 41.314805561588074, 47.11476210978348, 55.00702827185462, 58.16562906978365, 56.57374307115874, 50.12314884622543, 40.48002024288209, 32.128249697967576, 25.479460009959574, 23.91144706295033, 28.04632750058813, 79.07799245416675, 70.8035187201025, 62.69065610742765, 60.14884917206138, 54.39795735712652, 54.260852658895566, 55.875004797424744, 62.84366050898536, 67.84970118620875, 70.40099325277816, 74.31259944324967, 77.0333715949696, 75.9942836806044, 68.36657473572416, 63.199953409251904, 58.385509675433106, 56.45833496518155, 59.3277364321628, 64.00707762088535, 69.14219602135803, 103.63877009043028, 105.52069610790737, 116.01655484946818, 114.55378729752192, 113.96158548771494, 118.26926148259557, 111.59427752334894, 98.03451420923611, 92.79529251305146, 92.17083984062596, 97.3047121344642, 93.0144826484337, 80.51371954581033, 69.2540275874887, 51.57280766813796], [47.46493101096805, 55.08845096814477, 62.71410836495936, 71.17102755648926, 62.136067855544965, 54.66338665908516, 47.43148686185298, 6.657156662698649, 9.848264966958446, 14.628083622824455, 18.56765934216895, 25.65468877401546, 16.966576217120796, 8.512013263110612, 0.0, 49.313818554125575, 58.39571125698542, 65.09925378666881, 73.91057011432947, 80.99523808809151, 78.40221490536632, 71.54122503897062, 62.98957245901489, 54.85248719450317, 49.18499510591771, 21.046718259831724, 23.594234976622023, 26.842819148058666, 32.50118033711215, 37.64522331629006, 32.66593913542571, 28.457268021304948, 21.918207286596434, 17.53873367059381, 18.243961379084013, 36.572686459687986, 34.11775168116173, 40.99160360205312, 48.91596531412942, 52.98966931141252, 52.80844079440894, 47.44400771022588, 38.7290189315483, 30.16578381479391, 20.79565450131671, 16.49496701757415, 22.180885038068816, 74.09289303218422, 66.18192219475999, 58.81873648782826, 57.2290838626327, 52.24592856138155, 53.085451185252076, 56.25229747363865, 62.070003680801605, 66.44370714720112, 68.04286740976795, 70.95439303520683, 72.87818622823806, 71.33404587109841, 64.46951962517907, 60.327057793062714, 56.90934330354939, 56.25204491359155, 57.887837973714504, 61.181405251557706, 65.300329346449, 95.49162363844894, 97.41110665834384, 108.77514407445081, 107.88844966274199, 107.79622366803429, 112.84383226284329, 107.25478887089017, 96.2898282688609, 93.63953238118026, 94.20934662067435, 99.73312880474928, 95.66199937534675, 83.85682268059611, 73.12697102223994, 55.70741499226024], [13.641622060998575, 15.339164856069774, 24.56165736236531, 37.50243196702955, 29.59640628715512, 26.369722981843953, 23.02927785265999, 42.94488896187217, 46.16942483310111, 52.526538687424875, 61.799769554981395, 72.880793663649, 65.20029656863218, 56.85867410552909, 49.313818554125575, 0.0, 11.455201162534902, 20.085616591848858, 31.91878022134001, 42.58623024877401, 39.10099993714579, 29.024500128419795, 18.570955065975824, 9.910861503381279, 5.036810330785745, 41.7134640871652, 48.1294261688949, 56.146206531041564, 66.50632457012115, 75.30860380114048, 73.0222096851415, 65.72535022017139, 55.88456174400194, 48.4743668574863, 42.09963498302742, 14.192483014829294, 25.311578298051764, 36.56207109451685, 46.24272490655007, 54.776632142228515, 59.2105143049113, 61.83067933046864, 66.14806096050486, 60.346925001702026, 46.8859017140788, 36.377516772811305, 30.57269899060013, 77.56155728267447, 71.90381033209279, 69.09317914921883, 72.63441252961351, 73.02321370344629, 78.78904262617696, 88.83546974803478, 88.54739918752867, 88.82116309663122, 85.31862506058533, 82.84019606533745, 80.81235378969794, 76.78563334781042, 74.09148434474922, 75.46910686217912, 80.35952067853658, 86.29226747473665, 81.39102926197, 76.52589709922064, 75.18547921572275, 60.91544911477938, 72.94714914173699, 96.62095246528257, 101.29474173113131, 104.35731373593575, 114.2611422727301, 114.6366756334401, 114.38544951080736, 127.38120049221003, 133.43642202274677, 140.60809752365773, 137.06852042397418, 126.86923137738438, 114.64767814261353, 91.43404733383093], [16.310364210151715, 12.906876972548975, 18.762412306423954, 30.63898532475325, 25.338129729986033, 25.070968990269282, 23.971493377859648, 51.83864157439879, 55.910448362847916, 62.32009542038602, 71.29090270105578, 81.63183939302863, 74.45029610089655, 66.25278077013725, 58.39571125698542, 11.455201162534902, 0.0, 8.803727778831705, 20.763643531961222, 31.965774973452667, 28.726711518885452, 18.623341284128955, 9.504528753114698, 7.470681839550256, 11.584652811672044, 51.68572376967696, 57.44837285105239, 64.93627799264189, 74.56759625677593, 82.89637197688961, 81.17835584885191, 74.31307896206319, 65.22241224955643, 58.308131016534254, 52.2034932477307, 25.04566288324833, 34.771289596659685, 44.96785968712947, 52.42044734552544, 61.17634871244102, 67.1523012488058, 70.58491224845493, 74.55251059259908, 69.19531994415223, 56.285281584052946, 45.909404515738835, 41.17589807308335, 80.98821129906867, 76.69289755079693, 75.40737585470151, 79.68909038176722, 80.67226448786721, 86.55481764966328, 96.61029280844546, 95.85525627577579, 95.78190134383667, 91.74351921505578, 88.34793290243552, 85.34594464976894, 80.90190037515755, 79.76768562940732, 82.2885012212266, 87.84989705868483, 93.98033772141623, 88.82439451304617, 83.28483172859565, 80.81348952205819, 50.229226253657245, 64.58491610392905, 91.04175243162152, 97.59311231679797, 102.2055041522807, 113.16574917334464, 115.8387231506295, 119.66459673719129, 133.2879177208624, 139.32607597921654, 145.7020019887472, 141.9780903346945, 132.19865348505095, 119.99821390867955, 97.68780130237465], [20.951563025957586, 15.272845340230681, 16.112507277359473, 25.368807534864583, 23.009402127189247, 25.285414458153557, 26.089180154641312, 58.468631404049695, 63.31921995695116, 69.86178282129885, 78.56438502652007, 88.22486718674608, 81.30264567033203, 73.17441781362591, 65.09925378666881, 20.085616591848858, 8.803727778831705, 0.0, 12.066621247840924, 23.432607849043947, 20.324337541337407, 10.513976963374466, 6.572287829044997, 13.085942826186693, 19.167074804192787, 59.63727619187208, 65.12075312400023, 72.27312166199934, 81.34322747377578, 89.19747195059843, 87.75406173397802, 81.30097718495868, 72.71053893449916, 66.03084815842662, 60.10299832316857, 33.08856825942268, 41.583230196073934, 50.857688349777014, 56.49884869345291, 65.24998468942098, 72.36240936237557, 76.34111028236656, 79.9622217284977, 75.04746918872524, 62.75089614103195, 52.76982880301939, 49.197311528254225, 82.4331446999376, 79.25374985425604, 79.16280675347757, 83.96575716917656, 85.39977481995528, 91.32883389717831, 101.35534772661322, 100.18890482512819, 99.83110403083516, 95.40266637426241, 91.3245619707708, 87.59464699912718, 82.88112267111494, 82.97397608476629, 86.35468224751374, 92.38743238629908, 98.65325649100859, 93.3080441768646, 87.29240391340791, 83.96883201882221, 41.94370720371838, 57.39569655188376, 85.58218024359128, 93.42230379114966, 99.12853161282408, 110.80619690891261, 115.20832808584902, 122.21597879874278, 136.3662214189593, 142.53980017402262, 148.5202916690242, 144.83436931267408, 135.6212228171357, 123.98161762299038, 103.07695459933947], [30.22704346578449, 24.17298735873686, 20.164268524714554, 22.642469044566095, 25.400165233452185, 30.136313755942265, 32.419237955498986, 67.29118818760156, 72.93921671414166, 79.53532371187315, 87.79093203237453, 96.46079661931962, 90.04411168394728, 82.1435869901944, 73.91057011432947, 31.91878022134001, 20.763643531961222, 12.066621247840924, 0.0, 11.985720440499266, 10.270328037645777, 7.361023836533136, 15.665041286941157, 24.214953960557374, 30.575399811486328, 69.89547553896321, 74.88844881018322, 81.48920691924944, 89.68416261489719, 96.81649311234392, 95.8049393453884, 89.97147366464566, 82.18265509671888, 75.93916458689147, 70.32938400817467, 44.24689447429471, 51.79722171720847, 60.36096913991195, 64.02262702132076, 72.63014561150061, 80.96271300977227, 85.28750613801581, 87.9667431002403, 83.47252244857947, 71.91484193725391, 62.25756524539904, 59.8406692573205, 86.23504986333043, 84.50927078451294, 85.79841198756536, 91.06026646169173, 92.83983247730463, 98.62006221896345, 108.28068791641688, 106.85886317474949, 106.3185746462529, 101.60502601728044, 96.85296761000248, 92.30387903095163, 87.33872780650572, 88.91883515140866, 93.19236601996299, 99.47200245661256, 105.60752344603456, 100.3196226943279, 94.0449788007929, 89.83307549166986, 30.132021871258967, 47.78115524388234, 78.63406917790009, 88.55357348767153, 96.06438214086654, 108.62737116729645, 115.52948645584462, 126.81847774902145, 140.73797589265072, 146.65063897533358, 151.67509320559884, 147.87602555170238, 139.32149959501913, 128.23566038136204, 109.27502926520512], [38.129108403200156, 32.21215843040503, 25.39245656878834, 20.840423403225618, 27.942792219561902, 34.08465961680687, 37.60238753539272, 74.462589305174, 81.16413694707957, 87.96498495559334, 95.74090916640374, 103.28292109301542, 97.12965311319134, 89.37440965617864, 80.99523808809151, 42.58623024877401, 31.965774973452667, 23.432607849043947, 11.985720440499266, 0.0, 5.177731973345568, 14.910861579133146, 25.28971509527138, 34.041765180516634, 40.48710903961173, 79.25817622237022, 84.10373591465414, 90.33147374764944, 97.77196548991765, 104.1030620701342, 103.20851271471861, 98.05736155316292, 90.87047621066937, 84.81245102524687, 79.45892400005553, 53.763917972021474, 59.67208326038698, 67.09110359233216, 68.47088969980909, 76.71863191405191, 86.27105720799366, 90.93339844837686, 92.67776147250656, 88.85440257051286, 78.44550042278867, 69.66251590666594, 69.04073073562918, 86.27042025055464, 86.07971805198403, 88.81347268678164, 94.5037335422621, 96.68613586305673, 102.28437959028435, 111.5756254127964, 109.73208677438899, 108.9305926655135, 103.92646510410512, 98.50422222604487, 93.16374642513581, 88.02486845518447, 91.13743573805563, 96.31823734535112, 102.85342883519374, 108.89590883447644, 103.6084017371348, 97.06536396767557, 91.95034341634862, 20.566757421309493, 36.59542250571791, 68.92402303314788, 80.36654042173525, 89.31486445587545, 102.54083449401477, 111.68986447947756, 127.15661808180062, 141.11450280549607, 147.16184751561605, 151.80647459205065, 148.30543005690865, 140.88485824277188, 131.4395743285453, 115.54780547011423], [34.22275396434986, 27.93936822751941, 20.645903380213934, 16.687500434870017, 23.422369436220325, 29.840011557695718, 33.85547983095751, 71.82529260554163, 78.55736918363102, 85.49323172042021, 93.46119881551834, 101.31287104140009, 94.78520453135597, 86.82447252787286, 78.40221490536632, 39.10099993714579, 28.726711518885452, 20.324337541337407, 10.270328037645777, 5.177731973345568, 0.0, 10.69714587216469, 21.193356926394884, 30.114945442226027, 36.6978800873201, 76.71701722369416, 81.93785284311701, 88.48263562071311, 96.33188523577803, 102.91862346244106, 101.72215696438876, 96.35376854605778, 88.74123662077616, 82.35672595882791, 76.8195779300557, 50.17780789087405, 55.59981026085987, 62.58164308363897, 63.93450077285716, 72.16897058828711, 81.62664425234759, 86.49799678285905, 88.89690910704653, 85.21540844985465, 74.86150672735928, 66.39544634863817, 65.95635741391261, 82.34330947273712, 81.8941294709079, 84.5179460143625, 90.27564326796842, 92.61662877566265, 98.41519591194026, 108.08278547192899, 105.9728081474308, 105.00519258785151, 99.86239343609506, 94.3982240568226, 89.13374853780488, 83.99818432833858, 86.91517403831163, 92.1013886722366, 98.90736980372655, 105.270821385254, 99.67255906049016, 92.86524096775922, 87.74742426750811, 25.643863654486076, 38.91208741448349, 69.57667414425308, 79.87012779339823, 87.84509491703243, 100.84615906744393, 109.08538992521896, 123.41044157642246, 138.4385529868999, 145.13614962827916, 150.67594627620682, 147.52351212487804, 140.19732416534904, 131.18880664540143, 115.10075465586678], [25.73132967154659, 18.871788348795164, 13.530838095912424, 17.364451543528837, 19.12471297584374, 24.348253718860864, 27.71595074172598, 64.89030436889198, 70.8836762624153, 77.76632492301805, 86.19524782755043, 95.0441959067725, 88.06826065911119, 79.86951788903794, 71.54122503897062, 29.024500128419795, 18.623341284128955, 10.513976963374466, 7.361023836533136, 14.910861579133146, 10.69714587216469, 0.0, 10.799452771607916, 20.06681999806023, 26.80957202447355, 68.31978432854287, 73.93420267542507, 80.96505403403285, 89.61893694011822, 96.9219460096906, 95.41808629935088, 89.4348530367728, 81.10123688046053, 74.346522356258, 68.49947957749127, 40.81160010252851, 47.01723448900585, 54.54335532817487, 57.65862309644394, 66.16083302289162, 74.60757643552331, 79.3524717353408, 82.8863652451386, 78.80548067767981, 67.65412849069132, 58.80712850509759, 57.241532741821445, 79.88827376187383, 78.07170599708492, 79.48613472747408, 84.94196960325412, 87.06821703131966, 93.12330152106075, 103.29329782256322, 101.33782369763118, 100.47014037064251, 95.47792904431375, 90.52336218577055, 85.93976587547758, 80.96143093125954, 82.54582396053685, 87.01736625350931, 93.78155870804439, 100.40677332308758, 94.6225112580399, 87.87163322761107, 83.4669191427809, 35.10116315820811, 48.60457593256752, 77.22850028999193, 85.72502558620847, 92.04550418161394, 104.3356091044304, 110.29741688717587, 120.6992264496928, 136.28874161069714, 143.27396988835454, 149.64614166782778, 146.5070940097809, 138.44437728961623, 128.59746548502787, 110.30915374724583], [16.58473798253967, 9.70756363430346, 10.415768348953282, 21.668527366713892, 17.593574143492333, 19.71385658920111, 21.435543266160554, 56.34861191736977, 61.739396855055936, 68.59666634449324, 77.35349216562831, 86.96090714178516, 79.55937017737998, 71.17790912030141, 62.98957245901489, 18.570955065975824, 9.504528753114698, 6.572287829044997, 15.665041286941157, 25.28971509527138, 21.193356926394884, 10.799452771607916, 0.0, 9.393711888205324, 16.192907348069557, 58.810204337538686, 64.8588006318488, 72.32273750361841, 81.64735879129763, 89.48382157687593, 87.58839541452356, 81.14256819487098, 72.17164084389873, 65.04752957985481, 58.96094427229565, 30.434153170733094, 37.21864889443611, 45.46872905978987, 50.45267338553569, 59.141399311027534, 66.50274119402422, 70.84731104620745, 75.04857013898867, 70.55893386266031, 58.75437297736598, 49.66007238885563, 47.323313905893585, 76.26129676676678, 73.04989334415922, 73.12023271520121, 78.10744762655938, 79.84480713462979, 85.98484381253611, 96.40347869620335, 94.76525621379746, 94.13186257894847, 89.46973449645846, 85.2048371083976, 81.41992469354345, 76.69490389038609, 76.84559753674199, 80.43335687548964, 86.86525637564355, 93.52264697875788, 87.77371214443738, 81.365624364096, 77.84091144662916, 45.07053513136175, 57.18211155552983, 83.32998897979346, 89.96589061583425, 94.70585593380359, 106.10181279309715, 109.75837588114975, 116.19027156906061, 131.6242695476752, 138.70278426462318, 145.81360151125992, 142.7404274906932, 134.0912259435199, 123.80017475682182, 104.04314588654442], [9.78379749690855, 6.468806741359724, 14.809895048369823, 27.802675390100802, 20.49939909265191, 18.94078093833182, 17.936731946020185, 48.273094574840066, 53.14352600408803, 59.969533028393386, 68.92773843896488, 79.06002787367429, 71.35815529982348, 62.877483966395765, 54.85248719450317, 9.910861503381279, 7.470681839550256, 13.085942826186693, 24.214953960557374, 34.041765180516634, 30.114945442226027, 20.06681999806023, 9.393711888205324, 0.0, 6.811645828742493, 50.05910708165404, 56.46011788147203, 64.23059178941058, 74.01660774182295, 82.1961450159252, 79.95764014992167, 73.20763128218215, 63.778695007744595, 56.376587686734524, 50.14051637429366, 21.11074339941067, 28.703901916842042, 38.098967711183434, 45.01624065207948, 53.77482933326772, 60.034386846144024, 63.708417164968495, 68.01252380344772, 63.05257141505997, 50.63922706206473, 41.21474757583942, 38.23732043094593, 73.70471270819334, 69.27162628108313, 68.02158896409185, 72.418201477394, 73.61127146959555, 79.65291544334289, 90.03057671777484, 88.88487186386266, 88.61152508863029, 84.42263176674678, 80.94013919676053, 77.96000859155413, 73.5410096593907, 72.34713996708537, 74.97731646611881, 80.8091466849168, 87.24745306007075, 81.77370186240115, 75.96927840896987, 73.39460022739213, 53.33451348364586, 64.1584526408408, 88.20126885792712, 93.3896650895553, 96.96562274167849, 107.50534218102557, 109.27945113644697, 112.32552205049157, 126.89352037504008, 133.76354899283515, 141.2688846667574, 138.18657913374554, 129.02774468276618, 118.39102824652237, 97.66663290338363], [8.945685387461879, 10.906043934068212, 20.452100337571785, 33.39968736629524, 24.979469314982115, 21.457134150491974, 18.445848622344975, 42.70284802779222, 46.99617808162091, 53.74386884957436, 62.859228386217566, 73.43041681923287, 65.53547731906505, 57.01705825418391, 49.18499510591771, 5.036810330785745, 11.584652811672044, 19.167074804192787, 30.575399811486328, 40.48710903961173, 36.6978800873201, 26.80957202447355, 16.192907348069557, 6.811645828742493, 0.0, 43.69631047577874, 50.35697795372079, 58.352980674994946, 68.489527341399, 76.93746407354227, 74.45410981876675, 67.46035180318873, 57.686443095560854, 50.09014357672077, 43.74231297946241, 14.408360410405692, 23.244501276609334, 33.806208128187826, 42.418491860032084, 51.084395859801894, 56.30263243873732, 59.31068443405756, 63.58325263795355, 58.19297637883263, 45.250276885533346, 35.45915830987061, 31.67743504252467, 73.01221053536328, 67.67930835004013, 65.36289602317945, 69.21237918939181, 69.90549281820826, 75.79916431739619, 86.04216091785682, 85.36049722709855, 85.4145675338957, 81.66036952107673, 78.84864121307942, 76.53067248879124, 72.39112443736389, 70.1425840866262, 71.95051607427695, 77.1986183221182, 83.37330477767193, 78.20492874972801, 72.98403004972376, 71.22198937312791, 59.37706671126485, 69.59603798042995, 92.32842518236141, 96.61087784893557, 99.4475264820289, 109.35487179467636, 109.8251889892025, 110.36400062419231, 124.06043100030509, 130.65458898018935, 138.33730511676688, 135.19605138009024, 125.60733659930884, 114.60206352423907, 93.05968785224938], [45.92362149264665, 52.73522480271233, 61.892253423753594, 72.86252948258635, 63.73884074273505, 57.06816339190402, 49.91735403112598, 19.840784563350237, 11.46506291389947, 13.015079505948055, 22.31510283745701, 35.77749446424108, 29.139218201132667, 23.334095205006538, 21.046718259831724, 41.7134640871652, 51.68572376967696, 59.63727619187208, 69.89547553896321, 79.25817622237022, 76.71701722369416, 68.31978432854287, 58.810204337538686, 50.05910708165404, 43.69631047577874, 0.0, 8.260351153490026, 16.946568455505357, 28.598639561241963, 38.38585253839598, 34.8162018680243, 26.363439527950582, 15.0339248364191, 7.59168926588312, 3.1942120178449347, 30.666872205643877, 34.78559074606401, 44.85946975353469, 56.97179669804661, 62.3541272412131, 60.971435646686686, 57.08554490647026, 54.51730907649457, 45.99404545234331, 33.35770585816941, 23.863106351194954, 14.042024716269696, 87.7