{
	"dissimilarities": [[0.0, 8.401112751448284, 15.869239718880703, 22.077564601376622, 15.874862742104858, 8.476709467643321, 1.0922271488065134, 43.17156307234466, 49.34692787864199, 56.72394156474941, 64.12082052191074, 72.75949733784739, 64.21692401792575, 56.81117917779603, 49.424847635578416, 17.480416342292482, 17.708263004604433, 21.971565499508397, 27.544437385094376, 33.52547607271735, 30.886280245420213, 24.24018361149426, 16.55025042375797, 10.31149637745589, 9.501503998736672, 45.33610231597165, 52.91014136109224, 59.12995047010137, 67.62261096736316, 74.09825947750225, 73.30376792148527, 66.57841267866146, 57.97286339253163, 51.52011852712792, 45.17478444213907, 23.491785725513378, 29.87814909358706, 40.04353602502334, 36.82312530550748, 45.56172817924771, 52.80499285295497, 57.320828729046575, 59.016959028147845, 56.39546355375437, 46.872785905369135, 38.436815378178494, 34.58388475515695, 60.14531204167841, 55.33896987768957, 56.50911255838559, 61.980501877035216, 65.6370644244916, 71.05434306922939, 78.89374576239013, 81.74942341464477, 80.9886828893569, 77.48584132622281, 74.31772878739775, 69.10685829298663, 60.583081833608965, 59.780450961502076, 65.30811812908549, 69.36628050771287, 76.43809992970981, 72.39459551349645, 67.87257421465857, 65.68261351573352, 53.34438977610887, 50.46733558889181, 59.762947683436735, 64.52111530274563, 76.06344812961586, 85.07023224735863, 100.52803396269664, 96.22444333406845, 121.06905312053007, 111.57052861113824, 116.71774633840876, 108.61006100465869, 105.13674232233402, 100.27445871076641, 97.28637349026594], [8.401112751448284, 0.0, 7.782265065798128, 14.556709724105135, 7.780919643347948, 1.0658234374308897, 8.453525785581597, 51.49460745276513, 57.68430026739148, 65.05311223650658, 72.48920993421672, 81.11778164201903, 72.5786528003701, 65.13247061873543, 57.75179511668535, 21.26992504290434, 17.98075336498794, 18.82939155331417, 22.238265448414225, 27.27660143680534, 24.314271090670186, 18.026617751752543, 12.189685631143325, 11.018991670819299, 14.490846567639796, 53.40515940803964, 60.97017583861699, 67.23575384354757, 75.78962354439172, 82.34230616943422, 81.66574067397154, 74.89362154999965, 66.26636004137059, 59.83952406198223, 53.50956947957146, 29.685935582807513, 34.82587726435276, 43.555303045409865, 39.38097589071497, 48.32940924050888, 56.25017751825328, 61.92434355103114, 64.66289912604552, 62.88636696078184, 53.22104315722419, 45.66147148144488, 42.596598569357184, 60.8400145120454, 57.0802261115363, 59.05722483932968, 65.37857007839047, 69.99797789050477, 76.0917957190204, 84.14548650482061, 86.41271508358558, 84.93971619671792, 80.28662548459765, 76.34151444604599, 70.55877606076669, 61.949995421040036, 62.226057239143906, 68.56497922184886, 73.40684938491532, 81.39029187513077, 76.40581512338755, 71.0337445503913, 68.06396491744577, 48.67832673521194, 45.180911487145195, 55.39902121224538, 61.2422193267107, 73.54174316936215, 83.46964686248978, 100.21603380520591, 98.37634059008599, 125.58843176888622, 117.36761260825647, 123.01690220311748, 115.49805974828212, 112.5951340351965, 108.11509836829616, 105.17541349929805], [15.869239718880703, 7.782265065798128, 0.0, 7.076477486367569, 1.0825463081457534, 7.901742618859527, 15.940695511907718, 58.95070247052713, 65.15960677523898, 72.5278526290193, 79.86636065788602, 88.17292922386362, 79.93905466786202, 72.5922841487279, 65.217385340796, 27.54131607136629, 22.266935906266877, 19.862282909056578, 19.657533880043957, 21.815998477006023, 18.515493196417157, 14.41006068759941, 13.167761162868576, 16.402502140293137, 21.277697371062025, 60.938755634874376, 68.4796511981688, 74.71031531452043, 83.15124408876906, 89.54329848804231, 88.85414090790572, 82.27107502329572, 73.7470822431169, 67.32417172906062, 60.984587093522535, 37.26074962417446, 41.8611428177398, 49.54334923723891, 43.81262391667744, 52.74783681561273, 61.11830137456177, 67.49929302270247, 70.67125158295485, 69.37246996729782, 60.2500932657755, 53.22817075432637, 50.319327367593914, 62.57724679318538, 60.19387056125157, 62.96622556085598, 69.81438247484802, 75.02225425823048, 81.31358592303843, 89.27040015906331, 91.09903922335539, 89.19298626884724, 83.76050110808848, 79.16436807355808, 72.90896763782179, 64.38865295162593, 65.84000797262081, 72.73450091098549, 78.06298160844278, 86.38839447055447, 80.93704033440613, 74.9989687273535, 71.42046245806719, 43.82644772317731, 38.845922500870394, 50.117429343073056, 57.25351264009639, 70.54005860236292, 81.46975865724276, 99.22222025061448, 100.88542370453311, 128.75131164247597, 121.81609437303305, 127.5048716570626, 120.42575767217845, 118.07174455409172, 113.94270808230117, 111.43557323760845], [22.077564601376622, 14.556709724105135, 7.076477486367569, 0.0, 7.14853879516164, 14.589066275731088, 22.134969747328324, 64.63016305701085, 70.86040342523208, 78.20323236702835, 85.36478258579926, 93.16278585525629, 85.40368087795143, 78.23627198667022, 70.8942212007592, 34.1435356569131, 28.26807068120961, 24.416545336587937, 21.387992981328264, 19.348268676508553, 15.902332066208057, 15.852757393826131, 18.294676357026304, 22.675634995344197, 27.700859522032367, 67.07638309384127, 74.58897074763728, 80.73430920701072, 88.97083743354874, 95.05692619581822, 94.19514111477115, 87.95154436049684, 79.59073944001076, 73.15099093759076, 66.79714505278817, 44.22029185683891, 48.50903878791798, 55.49407155375023, 47.85871304763122, 56.685142154603184, 65.3360716038072, 72.0847395537409, 75.2908835107874, 74.25965342253413, 66.101034737383, 59.50391785269213, 56.65413748228033, 63.77466234354462, 62.81357115164248, 66.28134834589011, 73.38727340070508, 78.88909215324696, 85.05729229817558, 92.7227771705072, 94.22715792417351, 92.10110171923756, 86.21575505663054, 81.13025620570824, 74.53168647713656, 66.21007208420345, 68.76070603025347, 75.98098865821062, 81.55534450221433, 89.82907011118166, 84.24971024732073, 77.9860703958435, 73.98083461493127, 40.4207083588626, 32.36853029300938, 44.09876759800885, 52.389038996011614, 66.63917155881389, 78.44673490681505, 96.83739316888106, 102.25435383677399, 129.60520089117435, 123.8961590503394, 129.4199666036153, 122.76016009694924, 121.00376544251016, 117.40788270863821, 115.79982269656581], [15.874862742104858, 7.780919643347948, 1.0825463081457534, 7.14853879516164, 0.0, 7.753441859442105, 15.872044909073404, 58.866341469246535, 65.09839733414155, 72.45561574236079, 79.80873837206252, 88.11821835451745, 79.8683674682742, 72.50541322529108, 65.13928734468809, 27.984350220750795, 22.93395131567897, 20.738442251100754, 20.654528087717424, 22.724883555024544, 19.39495769462656, 15.411118529486235, 14.035860587843912, 16.9759596320444, 21.664655081576996, 61.07582180735042, 68.63130674877644, 74.86641563085698, 83.32761932200404, 89.72319781145863, 88.95479121800813, 82.37523825180931, 73.82478539242264, 67.37892244358515, 61.029958604044126, 37.25020799244001, 41.498672387964895, 48.94046208431994, 42.92985157581153, 51.85489422028649, 60.263939365343695, 66.72705618821657, 69.98282205786401, 68.79381188265751, 59.75231282778974, 52.93109208799492, 50.321648018043746, 61.541898511178914, 59.20284176626608, 62.024831196670455, 68.91759593482864, 74.19214390899072, 80.53437616145614, 88.5091919876163, 90.27732201110945, 88.30938064423458, 82.80065538979838, 78.16635336694088, 71.89087696373737, 63.37330560480844, 64.8803220298594, 71.81816826401946, 77.19803181595839, 85.59665698989333, 80.06512828250634, 74.07083402275346, 70.44757666381288, 44.7335492080343, 39.14163340113855, 49.74496443419053, 56.63964448618388, 69.75799978667187, 80.60475642466143, 98.36160304986585, 99.89091668670237, 128.0657334978916, 121.21905935539971, 127.07532892317364, 120.13426448166727, 117.90447284824837, 114.01765046837512, 111.74744768917996], [8.476709467643321, 1.0658234374308897, 7.901742618859527, 14.589066275731088, 7.753441859442105, 0.0, 8.392071486316945, 51.41384969625047, 57.63020518427265, 64.98681942160387, 72.43528031787808, 81.05752827075548, 72.51000016755405, 65.04961795923579, 57.678585535515, 21.902019583493985, 18.860892717002876, 19.79978882159459, 23.147325057069317, 27.99823568135782, 24.981572054850613, 18.857492038641432, 13.177462608069924, 11.917586137640036, 15.106020002304675, 53.58411810827061, 61.16141813997538, 67.42736801383832, 75.99569554576264, 82.54346493140704, 81.77806001172495, 75.01815458477807, 66.36751022769536, 59.91623302559181, 53.57677039762417, 29.738747611274718, 34.46366748908184, 42.94204157571249, 38.44169073111391, 47.39661081997398, 55.36409116975241, 61.12085731647471, 63.93872939755757, 62.272076778760066, 52.70169221258065, 45.35851332948143, 42.63186598866135, 59.79097257772431, 56.064855991880414, 58.08836367208404, 64.45303122645048, 69.1364138927984, 75.27819852272721, 83.34975360533839, 85.55906721546945, 84.02823607269951, 79.3053057021285, 75.32553121805537, 69.52457003816313, 60.914965769409704, 61.239881237976824, 67.62091921024215, 72.51197310913616, 80.56472128211571, 75.50445675642548, 70.07838295662695, 67.06756350104818, 49.462234058848665, 45.38142143390117, 55.01181281275938, 60.624889310764914, 72.7578196091182, 82.59744648343687, 99.33408160776347, 97.36620205309853, 124.85929373150677, 116.72851814525411, 122.54163300598594, 115.16293378377169, 112.39135667958706, 108.16694899921174, 105.48994781746752], [1.0922271488065134, 8.453525785581597, 15.940695511907718, 22.134969747328324, 15.872044909073404, 8.392071486316945, 0.0, 43.06929593842994, 49.27732212892517, 56.641370603495126, 64.06035740567644, 72.70975893433688, 64.14049152555528, 56.71017151586309, 49.333075775998616, 18.172081860149433, 18.545709005622246, 22.774011623439158, 28.277671974184205, 34.14798562907174, 31.446632249533128, 24.86701480296179, 17.267572865672957, 11.233110840497835, 10.373194447625236, 45.52662156435035, 53.111540124460205, 59.33272706909253, 67.84709848123164, 74.32689617769391, 73.43932281799242, 66.7169538375013, 58.08031580540195, 51.60171443011642, 45.24791144407013, 23.46461578495088, 29.34926685286355, 39.27292907048185, 35.767007550738754, 44.52065870621505, 51.80706823140774, 56.40420397764341, 58.19173376028983, 55.6863264324364, 46.22441425703396, 38.020706601701356, 34.592080900032904, 59.07479524163086, 54.25977927300379, 55.4552927928232, 60.96631470726239, 64.68628669415713, 70.16587650955286, 78.03947642391887, 80.83984484830764, 80.01926807597125, 76.44987506169231, 73.2572231640671, 68.03671098112797, 59.50771801190132, 58.721623747388016, 64.28566528246516, 68.39244692277515, 75.54865961155393, 71.42069489517964, 66.84687414023199, 64.62500445956829, 54.120911605068486, 50.73608407173716, 59.49035456947362, 64.01364593003852, 75.36936239657025, 84.26934079422642, 99.70640237756724, 95.18790081440041, 120.36681020200353, 110.94253742943519, 116.27854166995677, 108.3182828414895, 104.97894156146751, 100.38884050313595, 97.66510839999134], [43.17156307234466, 51.49460745276513, 58.95070247052713, 64.63016305701085, 58.866341469246535, 51.41384969625047, 43.06929593842994, 0.0, 6.372074349750244, 13.605918112071782, 21.152988950118747, 31.12426171124446, 21.228685670850755, 13.642374007180202, 6.28140051703615, 42.43435413500822, 50.49589791356541, 58.83418592536697, 67.00114594053814, 74.32647190068464, 72.33271362387418, 65.44290127425029, 56.686374082769426, 48.061939803827194, 41.7632929790077, 14.601426034244907, 18.654831268032233, 22.725074668390334, 29.848772618557803, 35.51821732694087, 32.84014905584355, 26.37514021747039, 18.088216873571728, 11.913496506429505, 7.683458419902394, 30.955639784366547, 34.29316233236938, 43.039339734911024, 46.63551615611614, 49.67876778423242, 50.16323897572131, 46.15052392291309, 40.52002655732082, 32.35266622590865, 27.815449959498658, 18.480504118371936, 13.566601273846521, 69.79372716402517, 60.96012762974807, 57.54552982289957, 56.775579523233006, 53.79308890647799, 53.93355713133901, 59.192874964023076, 65.33145640628288, 68.86971341131576, 72.43875802689199, 74.11323099715742, 72.95316503941102, 66.82367525031084, 60.53025318879346, 60.13250690100027, 58.68647912252731, 58.99896756427389, 61.316737031245374, 62.72833061450895, 65.32561240643996, 89.57094693828112, 87.878179870197, 92.34388961540299, 92.30139209386608, 98.95249230987136, 102.76401026848443, 110.97771023937392, 92.34178076475706, 104.20805626673936, 87.1226443978351, 90.01663899036724, 79.05365739214865, 71.96486168480331, 65.7710944256897, 63.32016630283521], [49.34692787864199, 57.68430026739148, 65.15960677523898, 70.86040342523208, 65.09839733414155, 57.63020518427265, 49.27732212892517, 6.372074349750244, 0.0, 7.397783287694361, 15.039558411305865, 25.732305608252386, 15.22316544469136, 7.618983080286438, 1.0568029082865935, 47.62851101304203, 55.853593545937635, 64.29067420728525, 72.58760735574984, 80.07980527281795, 78.18502782351028, 71.24458190033496, 62.463834214829454, 53.83348948331032, 47.490536658254655, 14.457916066220468, 15.734953382346768, 18.32145712100326, 24.53568395373618, 29.917930106317687, 26.98893019450406, 20.5143409033094, 12.688198615302566, 7.692131569435417, 7.58755950651736, 36.0471926788911, 39.216910228571514, 47.40780589348782, 51.96137425559114, 54.34492107763805, 54.005825567610195, 49.0038516126303, 42.5449925045088, 33.90705296174616, 30.605069170612715, 22.509305377734805, 18.02089166376345, 74.51695691030835, 65.4519123285176, 61.60550712921056, 60.08420736963698, 56.25982128122303, 55.544892953122925, 60.13762328668443, 66.67854260638265, 70.82707323934632, 75.34644089786376, 77.62779910611388, 76.98598516967532, 71.2604704980452, 64.49224155888507, 63.35061875265631, 61.16317830030691, 60.368504808163365, 63.651286430505685, 65.88402254702079, 69.02898780252065, 94.76392716419114, 93.70767689190596, 98.25687035875124, 98.02931123042352, 104.36348839612036, 107.73821621196434, 115.1405843518525, 95.04064744255886, 104.58797135812823, 86.32526644885844, 88.4909346481387, 76.87349839158125, 68.82464786122397, 61.73625641480963, 58.59958549136978], [56.72394156474941, 65.05311223650658, 72.5278526290193, 78.20323236702835, 72.45561574236079, 64.98681942160387, 56.641370603495126, 13.605918112071782, 7.397783287694361, 0.0, 8.05212842052516, 19.737563360621014, 8.259967964487696, 1.0796869105814875, 7.324536554777303, 54.72131541511382, 63.03824142574629, 71.52532760391114, 79.88559523328036, 87.41386981718904, 85.54583943042694, 78.61003996686074, 69.81623293855466, 61.18806643889255, 54.834620649190605, 19.101790327760224, 17.346564589271214, 17.319854556404426, 21.195696660489673, 25.516372693985645, 21.658510378845747, 15.976102146693327, 10.624471796040593, 9.929743232692928, 13.669777639959399, 42.78944547600044, 45.14611469059017, 52.26403743302888, 57.256218951514825, 58.76339530117686, 57.44121203979106, 51.32139060899348, 43.92198562699762, 34.998143092676344, 33.72747660371978, 27.67772460416573, 24.826195720018344, 78.67731918583213, 69.43355933758946, 65.12069170185381, 62.67443201559405, 57.86222491438266, 56.07974683396886, 59.794727605420505, 66.72643506481286, 71.5661430219671, 77.20907340530029, 80.2186755514144, 80.23295198608602, 75.07609149473082, 67.80816690095263, 65.75546919258228, 62.6798998453477, 60.52753965490361, 64.94851029698133, 68.1601519303709, 71.94948671717476, 101.76436873577092, 100.69757280489426, 104.67815937601108, 103.9247794145697, 109.58934906332236, 112.24790036717383, 118.54028936430797, 96.48709375770008, 103.48590149587547, 83.96631125938246, 85.61628489935954, 73.59820791141821, 64.78468292962047, 57.564819319719895, 54.74516116615664], [64.12082052191074, 72.48920993421672, 79.86636065788602, 85.36478258579926, 79.80873837206252, 72.43528031787808, 64.06035740567644, 21.152988950118747, 15.039558411305865, 8.05212842052516, 0.0, 12.32303111776141, 1.106449812216532, 8.030613760293171, 14.990757763262202, 62.19048603387604, 70.41983322876884, 78.83573953550395, 87.05791562507343, 94.31055534036985, 92.51894252508428, 85.83025136300242, 77.17737250409962, 68.55661387953727, 62.22500516627526, 25.38178226051002, 21.805901505371267, 19.382963439320473, 19.42420282961857, 21.060073088654303, 15.54611730283771, 12.893622012713495, 12.94499338014458, 15.576707627699955, 20.494271925355996, 50.73379787781712, 53.12486665590121, 59.77294986174493, 64.21924165355387, 65.25178654417154, 63.397605111071464, 56.54316443550744, 48.23466539537815, 39.199258880662555, 40.29899708181986, 35.45950966211414, 32.64064717055019, 84.19055865277844, 75.24756082189116, 70.81065764083678, 67.66686670364847, 62.034542035870494, 58.99179927878133, 61.47868909202656, 68.74712415365548, 74.35128535895085, 81.07121741084022, 84.61793051967247, 85.11171279035703, 80.47608857204825, 73.16721430099092, 70.4315010544633, 66.58353459646061, 62.82610064158693, 68.53402067664888, 72.59000036817777, 76.83774567944806, 107.78162983264944, 106.67601701601967, 110.3235395138307, 109.25924043749961, 114.55509011685298, 116.71722996789806, 121.85450192917062, 99.50269681548988, 102.11526797080408, 81.4772922516258, 81.68909929835439, 68.82770397853687, 58.913825625029055, 50.962322980726746, 48.89566212038034], [72.75949733784739, 81.11778164201903, 88.17292922386362, 93.16278585525629, 88.11821835451745, 81.05752827075548, 72.70975893433688, 31.12426171124446, 25.732305608252386, 19.737563360621014, 12.32303111776141, 0.0, 11.93056366647318, 19.50215572408933, 25.593723321088905, 72.14004432966142, 79.97674141190308, 88.08570529006658, 95.77939785420924, 102.0870986022563, 100.35106020273321, 94.37585419202796, 86.13551668802651, 77.58647643860762, 71.39677822069814, 36.104394803520044, 32.276125725394316, 28.856719436450327, 25.43525272992313, 22.28343364407579, 14.374685055784909, 18.978012789813004, 23.171735606743727, 26.240799217051563, 30.761044353511327, 61.72371508584675, 64.26526062194579, 70.51004305952375, 72.59563651886772, 73.29097962272098, 71.22168079963966, 63.88131188037261, 54.431235129279756, 45.481591199578475, 50.162021550699315, 46.453116067928256, 43.56908847409372, 89.77391004003084, 81.90854386842831, 77.75300753967893, 73.9559819479814, 67.51510151433384, 62.67128957303427, 63.21169857193292, 70.72335967108857, 77.3001753426825, 85.24655302270652, 89.20552379698437, 90.11498988435822, 86.18868124749021, 79.44595513326415, 76.09895702635976, 71.44082420359712, 65.41291027644778, 72.84221270244404, 77.75437240765936, 82.34107103986778, 114.11964104074156, 111.90160336595291, 114.46833855838483, 112.84360542763851, 117.6126232503463, 119.13799573029772, 122.51426076214949, 101.90515807039687, 96.79126270170522, 75.26190440338718, 72.75856494058192, 58.5940892407791, 47.38851499754938, 39.310785320061996, 42.043696159017856], [64.21692401792575, 72.5786528003701, 79.93905466786202, 85.40368087795143, 79.8683674682742, 72.51000016755405, 64.14049152555528, 21.228685670850755, 15.22316544469136, 8.259967964487696, 1.106449812216532, 11.93056366647318, 0.0, 8.09321006991849, 15.09992559715557, 62.5687799079501, 70.77806273541114, 79.17852032290484, 87.36628708984567, 94.54170275321547, 92.72042744353529, 86.07178215544789, 77.42941447813908, 68.8052874994283, 62.48197493069487, 26.069337515626458, 22.705072896775317, 20.42698541887148, 20.517853310156838, 21.983303970648887, 16.24430910651869, 13.962370972404077, 13.920616041772037, 16.25225675203945, 20.95250643752878, 51.017803154272066, 53.189362737250484, 59.64948009330532, 63.825512840071205, 64.76292364659487, 62.84415583211113, 55.91648089165353, 47.49172674366824, 38.447500397197715, 39.966904968050635, 35.41818380857136, 32.96845916233008, 83.51934275135112, 74.62722250750494, 70.18725303730922, 66.96374339559875, 61.25349173524384, 58.08840769218156, 60.483107297038686, 67.76663084327235, 73.42093954487027, 80.2214762836491, 83.81107069866688, 84.35447659883484, 79.7884251197494, 72.48818803114482, 69.68097713326748, 65.76277452838976, 61.86914184638645, 67.67838624982389, 71.80462578911613, 76.09386228110085, 108.08793751694274, 106.66841833644993, 110.01959303542151, 108.80581032287915, 113.95525492940067, 116.00286158024296, 121.0077737914149, 98.56417339790606, 101.03521495831082, 80.39321849780646, 80.71421169119007, 67.96858248185238, 58.218170947215704, 50.756954096627524, 49.39319753898733], [56.81117917779603, 65.13247061873543, 72.5922841487279, 78.23627198667022, 72.50541322529108, 65.04961795923579, 56.71017151586309, 13.642374007180202, 7.618983080286438, 1.0796869105814875, 8.030613760293171, 19.50215572408933, 8.09321006991849, 0.0, 7.3970671730620365, 55.11216830538763, 63.40681186311206, 71.87692898785035, 80.20307930211347, 87.6562525829918, 85.75595645358949, 78.85721707635483, 70.07229286108458, 61.44209376010009, 55.09866469357251, 19.925215418094407, 18.374845657529235, 18.397535762900805, 22.149440692200063, 26.262374436732358, 22.153357746298102, 16.79619782526254, 11.690037155176753, 10.850609076570677, 14.267400595101863, 43.064002110177114, 45.149832164713274, 52.048343598846685, 56.77409666647688, 58.17611552782206, 56.77944844865677, 50.57558110845859, 43.0563233657996, 34.10315969659844, 33.246036278825564, 27.53570588088727, 25.18163140174433, 77.94134277652957, 68.72951892323532, 64.40334419795853, 61.87486364375034, 56.9848499969684, 55.10016678544163, 58.75408890366636, 65.69935507859341, 70.57839945335971, 76.29264105988318, 79.34568101950852, 79.4095187468392, 74.31648685768727, 67.04185172021441, 64.91647571092011, 61.77400305985887, 59.51276927067078, 64.0155315076636, 67.29302909103696, 71.12646398343752, 102.0966639736599, 100.70731078062074, 104.38000562711238, 103.47039920387165, 108.98281145496131, 111.52470040085373, 117.69628875491328, 95.50873268191866, 102.4603061793616, 82.95078039922193, 84.74073208364447, 72.85581915493019, 64.21361864301097, 57.443684446858455, 55.224422581332426], [49.424847635578416, 57.75179511668535, 65.217385340796, 70.8942212007592, 65.13928734468809, 57.678585535515, 49.333075775998616, 6.28140051703615, 1.0568029082865935, 7.324536554777303, 14.990757763262202, 25.593723321088905, 15.09992559715557, 7.3970671730620365, 0.0, 48.02098722686472, 56.22662404595742, 64.64836001405257, 72.91743076652327, 80.34627542636684, 78.41535249658583, 71.50157624512701, 62.72361003985568, 54.0931926836127, 47.76173843648032, 15.405526977974203, 16.74416838819214, 19.25049435689385, 25.318503195714708, 30.554201859620047, 27.402933211009255, 21.124838735299402, 13.500213191451495, 8.713773487673063, 8.487943752313923, 36.26985108790808, 39.09680597931056, 47.04175123073418, 51.36703529740873, 53.63918193725452, 53.2197671312507, 48.13496890402064, 41.578235261246, 32.910754807212186, 29.934665929925888, 22.17746486252642, 18.379199517673563, 73.71686094818833, 64.65681586765898, 60.78519679024181, 59.187158349134734, 55.2969262184396, 54.51581510129006, 59.08349788953069, 65.62986597355632, 69.79961288763013, 74.37172664533907, 76.693992852729, 76.09959110630885, 70.42857285363584, 63.63507059849804, 62.42611091277833, 60.18404200935714, 59.323637073461576, 62.65516451264405, 64.9409490647556, 68.1283707420692, 95.15013970091864, 93.76522511578939, 97.99231124704596, 97.59982181627831, 103.7733686238404, 107.02851084638631, 114.32599327533923, 94.03405317032781, 103.64788429559235, 85.40556695822485, 87.74318358032868, 76.27392075902578, 68.39913877943066, 61.73701203269702, 59.12099859677124], [17.480416342292482, 21.26992504290434, 27.54131607136629, 34.1435356569131, 27.984350220750795, 21.902019583493985, 18.172081860149433, 42.43435413500822, 47.62851101304203, 54.72131541511382, 62.19048603387604, 72.14004432966142, 62.5687799079501, 55.11216830538763, 48.02098722686472, 0.0, 8.8648715213281, 17.687138087262788, 27.154634400246508, 37.70571044488283, 36.23608766997339, 27.27243631256564, 18.230936155799817, 11.712545580460208, 8.634326917449618, 38.90360579226088, 45.949336949852, 52.237815997909344, 61.01151490459234, 68.45236325338385, 69.45840457226896, 61.654735677149255, 53.1413575697385, 47.47157927914837, 41.813350901290754, 16.869398378857436, 28.908941633099666, 41.962232632080365, 47.285195075417114, 55.156866341408, 60.961374548886525, 64.13798917484807, 65.57802309325656, 61.87070316009454, 49.0419249102536, 38.03539950372796, 30.374120854845902, 74.02841637422186, 67.06650461259656, 66.71340362336821, 71.37574275161383, 74.1644545983709, 79.63106642801174, 87.81186116687978, 91.45211293716845, 91.25113564942559, 88.71736814150917, 86.50977481397993, 82.02805823836161, 73.54559637487968, 70.74367436898441, 75.34756912420107, 78.69272435150104, 85.55986896427959, 82.03807987698808, 78.40934471419821, 77.12045016667844, 55.71975918732385, 61.72147674906239, 75.6804741185131, 81.61360780892315, 93.45657692868315, 102.35058158355677, 117.54355147822022, 108.93289759937065, 133.5981241718614, 121.6286655875562, 125.80277623375444, 115.91175293998081, 110.08356985499064, 101.44058583767088, 92.9564356172735], [17.708263004604433, 17.98075336498794, 22.266935906266877, 28.26807068120961, 22.93395131567897, 18.860892717002876, 18.545709005622246, 50.49589791356541, 55.853593545937635, 63.03824142574629, 70.41983322876884, 79.97674141190308, 70.77806273541114, 63.40681186311206, 56.22662404595742, 8.8648715213281, 0.0, 8.82470636408113, 18.343688396536532, 29.345054096148917, 28.05999947269467, 18.899346918962173, 10.528143901256149, 7.9715487309248765, 10.59356877592122, 47.336867769611764, 54.34950332757779, 60.56616455752623, 69.14024565480273, 76.33983929922475, 77.38371766029785, 69.83856831074928, 61.473550470456985, 55.7706965703219, 50.022456638588935, 25.02255359650733, 35.46853246011677, 47.39962735788061, 50.80218294825104, 59.1721551611669, 65.79092279562387, 69.9718890525798, 72.02242454088311, 68.84369478259725, 56.4369597814663, 46.082024138912004, 38.93348447747282, 76.00190793150053, 70.1736707614714, 70.65977656775411, 76.08085400622859, 79.64010202014843, 85.48282785302553, 93.72152398188878, 96.93938237346582, 96.25552812393163, 92.82300505905522, 89.88667965193581, 84.82041355487975, 76.19550646667858, 74.51801874097619, 79.87651938118861, 83.86408024943663, 91.28326104132758, 87.15184969154707, 82.80223218089016, 80.81882654390321, 47.91161688004408, 55.15776460392212, 71.15780113987327, 78.46019815193965, 91.38502522031862, 101.32531343584152, 117.62181676291529, 112.38789031956178, 137.92373050641615, 127.16914467478493, 131.29436476432534, 121.6902891377898, 116.32881429866768, 107.78320088450681, 99.48661950186039], [21.971565499508397, 18.82939155331417, 19.862282909056578, 24.416545336587937, 20.738442251100754, 19.79978882159459, 22.774011623439158, 58.83418592536697, 64.29067420728525, 71.52532760391114, 78.83573953550395, 88.08570529006658, 79.17852032290484, 71.87692898785035, 64.64836001405257, 17.687138087262788, 8.82470636408113, 0.0, 9.747614669388456, 21.56982737276968, 20.640141201444603, 11.448323283908215, 6.941414024269188, 12.219778649911378, 17.588709765853235, 55.92422709408839, 62.89540163549771, 69.05052423868779, 77.46632512613219, 84.47760402813316, 85.55951340987588, 78.21617355338829, 69.97248560161415, 64.26062789094433, 58.46773642433668, 33.46751062372357, 42.76443483817389, 53.63833709443157, 55.497798197829404, 64.13123013038174, 71.3525701142211, 76.35331355330148, 78.92863748422667, 76.21701857290684, 64.16129526013198, 54.3523901587094, 47.60972072734438, 78.94243699467097, 74.19907682429299, 75.41576781651646, 81.45602108182757, 85.66962400383362, 91.82781176991107, 100.09559712420584, 102.92118456794847, 101.7974015751789, 97.5617209659184, 93.98236457436849, 88.42284427478107, 79.75201594325392, 79.09218415009991, 85.07406180151996, 89.60690545979095, 97.49675427583506, 92.8292672675615, 87.86361929656681, 85.27303095695922, 40.743596506126174, 49.54415106616866, 67.68795686428481, 76.37696352531891, 90.27663071512261, 101.1890347722708, 118.49159799498102, 116.43646621909755, 142.79908200927193, 133.1843044893996, 137.28813979523983, 127.97888787949191, 123.04750178951527, 114.61338185378122, 106.47410259664757], [27.544437385094376, 22.238265448414225, 19.657533880043957, 21.387992981328264, 20.654528087717424, 23.147325057069317, 28.277671974184205, 67.00114594053814, 72.58760735574984, 79.88559523328036, 87.05791562507343, 95.77939785420924, 87.36628708984567, 80.20307930211347, 72.91743076652327, 27.154634400246508, 18.343688396536532, 9.747614669388456, 0.0, 12.448101738557453, 12.183073132194277, 5.547068999622954, 11.352004605268887, 19.362807593443392, 25.459760584851697, 64.70516318992641, 71.69118633923648, 77.76974788208962, 85.95612842082177, 92.61830631102312, 93.56361103397597, 86.58986649336263, 78.50492745381642, 72.72517748038, 66.84108861907157, 42.70705575268579, 51.2191321029593, 61.205232600293165, 60.78837757454051, 69.6173666738908, 77.40319085519334, 83.06877342301537, 85.88341501959158, 83.52389827848562, 72.30097850198358, 62.96632922113289, 56.44547947989208, 81.82168760413394, 78.47848959895919, 80.5103416608082, 87.04948847716405, 91.7761182523685, 97.999687919352, 106.10405608971159, 108.55814474740743, 107.10175531437991, 102.19454071583966, 97.97741918996165, 91.93586911244336, 83.32418958830492, 83.8591863443616, 90.38410461228443, 95.34981590927593, 103.42431073872946, 98.43431533867972, 92.94829621623671, 89.78320502967466, 32.364871611724745, 42.1429438325827, 62.63800891236072, 72.8695903601915, 87.86307700118435, 99.81800851055672, 117.98017734804947, 120.07528557610736, 146.307903253243, 138.04494759570318, 141.92215677947922, 132.96296052661853, 128.6092160250057, 120.51092226881649, 113.0932893877875], [33.52547607271735, 27.27660143680534, 21.815998477006023, 19.348268676508553, 22.724883555024544, 27.99823568135782, 34.14798562907174, 74.32647190068464, 80.07980527281795, 87.41386981718904, 94.31055534036985, 102.0870986022563, 94.54170275321547, 87.6562525829918, 80.34627542636684, 37.70571044488283, 29.345054096148917, 21.56982737276968, 12.448101738557453, 0.0, 3.467206058632656, 11.425529612024604, 20.414784713434752, 27.911928562341412, 33.96047742382556, 73.39287025580143, 80.44371843052969, 86.39464400307487, 94.2182320000021, 100.25009717997129, 100.71400621969757, 94.41850788140387, 86.57505683736498, 80.65117112383119, 74.63219965033548, 52.62277614970383, 60.406352002712076, 69.56645098275696, 65.62137277869061, 74.55529733194423, 82.88356112759112, 89.03847930913567, 91.70872161722569, 89.62547697748289, 80.09381717437542, 71.35702279033684, 65.11350515215224, 83.11210625173275, 81.71648029399454, 84.73299076901245, 91.60590743711684, 96.66283666928676, 102.56764130021847, 110.17944252866975, 112.24348552332089, 110.59406874854757, 105.19481001666426, 100.33101787570232, 93.81942341016094, 85.4448707451064, 87.50335393287052, 94.46618558033056, 99.71241236815682, 107.53495042261076, 102.52813052128211, 96.64552473961369, 92.93311078582268, 23.2227887390887, 30.509673232944753, 53.578787154151236, 65.5479312241608, 81.83418558980564, 94.91860541238721, 113.65757876028319, 121.53042439652845, 146.08891990996528, 139.64131970452502, 143.042891198949, 134.65863585180003, 131.26495980581225, 124.11889759479742, 118.62133969046937], [30.886280245420213, 24.314271090670186, 18.515493196417157, 15.902332066208057, 19.39495769462656, 24.981572054850613, 31.446632249533128, 72.33271362387418, 78.18502782351028, 85.54583943042694, 92.51894252508428, 100.35106020273321, 92.72042744353529, 85.75595645358949, 78.41535249658583, 36.23608766997339, 28.05999947269467, 20.640141201444603, 12.183073132194277, 3.467206058632656, 0.0, 9.646131511862777, 18.488988861797452, 25.938177271286147, 32.03006889497483, 71.91801530797677, 79.07966642799134, 85.09338740198562, 93.0294400567864, 99.1111378231849, 99.36237236359304, 93.03433369774278, 85.06641467664869, 79.0360787206292, 72.93783929186841, 50.580233973667035, 57.86303374739121, 66.72087276037972, 62.32157983623983, 71.24626368019725, 79.62501705554659, 85.88683616229544, 88.6728897520489, 86.76229839169805, 77.36745449022786, 68.93993582677469, 63.226030691082116, 79.65641655457453, 78.28840247650945, 81.35938489530137, 88.27935363819425, 93.42017931202841, 99.39740764919834, 107.0441621037006, 109.01764726290237, 107.27958686822514, 101.78864096762116, 96.89107601865254, 90.367634859767, 81.9940733002435, 84.10308514465544, 91.11183480514387, 96.42095594751493, 104.34974955705131, 99.2269177816257, 93.27517085372317, 89.5156696843696, 26.250547516937203, 30.230404774463683, 51.69393672260857, 63.144969285109084, 79.1335215079285, 92.02426240979663, 110.7375550025924, 118.10821712601705, 143.24970381796717, 136.8988230597505, 140.68742020250465, 132.5847901380929, 129.45018596207333, 122.8871134157109, 118.00719557790806], [24.24018361149426, 18.026617751752543, 14.41006068759941, 15.852757393826131, 15.411118529486235, 18.857492038641432, 24.86701480296179, 65.44290127425029, 71.24458190033496, 78.61003996686074, 85.83025136300242, 94.37585419202796, 86.07178215544789, 78.85721707635483, 71.50157624512701, 27.27243631256564, 18.899346918962173, 11.448323283908215, 5.547068999622954, 11.425529612024604, 9.646131511862777, 0.0, 9.403835821923838, 17.67463981848063, 24.01520287790703, 64.35879528654053, 71.55309655778558, 77.69900594884169, 85.95802520896, 92.51144088125405, 92.98538737601115, 86.15625540452345, 77.94064212019649, 71.94210557471578, 65.88134469456598, 41.76209449831711, 49.35816560830727, 58.76698045005315, 56.73062960626083, 65.62339867487654, 73.63814214619607, 79.56679354830322, 82.47989099671781, 80.41332813601112, 69.83396503858945, 61.07568456818497, 55.41538766713735, 76.83997341176774, 73.96144216720191, 76.29724669539708, 82.97734112537304, 87.88545341707388, 94.11504946468311, 102.1447538729075, 104.393554929552, 102.788363079367, 97.66600854046449, 93.2623352123622, 87.09822528747871, 78.52705138545211, 79.47378833416084, 86.16285902217578, 91.27169548453249, 99.41013127742306, 94.27925168458627, 88.6141826716666, 85.26703446947465, 33.58584342135261, 38.93922665135466, 57.77087313398449, 67.57865358810228, 82.3894493126075, 94.27940900207919, 112.46514602401608, 115.18339466957731, 141.7048240187166, 133.99963378456917, 138.28716301682493, 129.8625273585865, 126.12423050432788, 119.13169833342478, 113.1868047936035], [16.55025042375797, 12.189685631143325, 13.167761162868576, 18.294676357026304, 14.035860587843912, 13.177462608069924, 17.267572865672957, 56.686374082769426, 62.463834214829454, 69.81623293855466, 77.17737250409962, 86.13551668802651, 77.42941447813908, 70.07229286108458, 62.72361003985568, 18.230936155799817, 10.528143901256149, 6.941414024269188, 11.352004605268887, 20.414784713434752, 18.488988861797452, 9.403835821923838, 0.0, 8.631066066080772, 14.989523518474828, 55.50712086072598, 62.77124958343127, 69.00338819507523, 77.47413566354027, 84.28067040329212, 84.71755306258017, 77.61990364886698, 69.22405450641764, 63.20003689117884, 57.142203265900456, 32.373118920989164, 40.497677704431126, 50.737316248899106, 50.280633044514126, 59.08679670589615, 66.6482296027355, 71.96439884436575, 74.5872028470735, 72.19128932156778, 61.049865390096684, 51.9253226342266, 46.25762075875213, 72.72921583220273, 68.55357631698509, 70.15723751387102, 76.36702226266182, 80.77806141280483, 86.89474458161433, 95.04866404041431, 97.64902776370482, 96.38194260386065, 91.92589006238194, 88.1242921900973, 82.40740584075587, 73.75932326318386, 73.61136324202195, 79.79655104760944, 84.48736692421338, 92.39849442876111, 87.61161445523541, 82.44093897044463, 79.63875576518825, 41.34709235932176, 45.62325736426904, 61.73329431684972, 69.83327595304874, 83.48814639968572, 94.29174864127557, 111.55081884421445, 110.37183208747874, 136.81911984948405, 127.88854875726483, 132.4184767530104, 123.73732097311, 119.57721993116286, 112.52437815642098, 106.34380697970572], [10.31149637745589, 11.018991670819299, 16.402502140293137, 22.675634995344197, 16.9759596320444, 11.917586137640036, 11.233110840497835, 48.061939803827194, 53.83348948331032, 61.18806643889255, 68.55661387953727, 77.58647643860762, 68.8052874994283, 61.44209376010009, 54.0931926836127, 11.712545580460208, 7.9715487309248765, 12.219778649911378, 19.362807593443392, 27.911928562341412, 25.938177271286147, 17.67463981848063, 8.631066066080772, 0.0, 6.386488823200192, 47.13660495463465, 54.48213068199299, 60.732875148707635, 69.24371085741735, 76.04845232233181, 76.30545344929553, 69.19469005088432, 60.739607332472026, 54.65454568428457, 48.560690866242524, 24.900511623205333, 34.09636207140951, 45.4429327074225, 45.64409587872115, 54.29654033527757, 61.340744938909985, 65.77888768580554, 67.64585653053166, 64.66998906647585, 53.631161744465544, 43.925783200508704, 37.75705742143202, 69.65694611036419, 64.58203481693393, 65.54415522537262, 71.09505389334508, 74.76940519205708, 80.38845507087424, 88.39047105183796, 91.4248382292568, 90.6936319282329, 87.13971503700738, 83.97158297899463, 78.72324727379393, 70.12319886155606, 69.08892118237542, 74.63820324735825, 78.72300679620058, 85.95845671843591, 81.87157878781426, 77.36325528731732, 75.17911845033176, 47.4070978655127, 50.348046447705975, 64.35377894435013, 71.0768387764596, 83.85196595391565, 93.7221513352778, 109.8659963550643, 106.15472565243786, 130.996004829455, 121.01866479481272, 125.3542168717966, 116.33843749847132, 111.81819934139139, 104.73293008745405, 98.77857548102888], [9.501503998736672, 14.490846567639796, 21.277697371062025, 27.700859522032367, 21.664655081576996, 15.106020002304675, 10.373194447625236, 41.7632929790077, 47.490536658254655, 54.834620649190605, 62.22500516627526, 71.39677822069814, 62.48197493069487, 55.09866469357251, 47.76173843648032, 8.634326917449618, 10.59356877592122, 17.588709765853235, 25.459760584851697, 33.96047742382556, 32.03006889497483, 24.01520287790703, 14.989523518474828, 6.386488823200192, 0.0, 40.8517243397539, 48.24643591448911, 54.51552320536129, 63.079629280919065, 69.93383794923069, 70.10800701006279, 62.927299377877056, 54.414042778710524, 48.30547168963245, 42.207553507852346, 19.637914881507683, 29.93158183431507, 42.18006662817826, 43.34407084172491, 51.70098016341394, 58.181127218917155, 61.807309290592244, 63.038645909114344, 59.543855122321645, 48.46420761367925, 38.170303469108, 31.40772517960519, 68.49921144717949, 62.648368774000495, 63.013951718002296, 67.96113845683244, 70.98592033841533, 76.19556675125236, 84.07929532687582, 87.48484864574397, 87.19869415412799, 84.4060124647624, 81.79342501259555, 76.97533894494941, 68.47447566399035, 66.64484489203002, 71.60888102923207, 75.1590721743083, 81.83278082615581, 78.33177273248918, 74.41045212878035, 72.77019841324122, 52.50366145319149, 54.98046177458211, 67.62726212329655, 73.3651643947502, 85.40120769237585, 94.51549680855113, 109.75962095555869, 103.87167637030238, 127.50409274201967, 116.60749013733671, 120.78296549542453, 111.45181706005938, 106.55279964464462, 99.31242798247096, 93.31906788824003], [45.33610231597165, 53.40515940803964, 60.938755634874376, 67.07638309384127, 61.07582180735042, 53.58411810827061, 45.52662156435035, 14.601426034244907, 14.457916066220468, 19.101790327760224, 25.38178226051002, 36.104394803520044, 26.069337515626458, 19.925215418094407, 15.405526977974203, 38.90360579226088, 47.336867769611764, 55.92422709408839, 64.70516318992641, 73.39287025580143, 71.91801530797677, 64.35879528654053, 55.50712086072598, 47.13660495463465, 40.8517243397539, 0.0, 7.601388570146248, 13.931133814475153, 22.99280764671672, 30.766642701722628, 31.542839315174863, 23.045293419820307, 14.43786017294301, 9.940406288187473, 7.950633149218118, 29.512251396868386, 36.90201119346697, 48.03591283826435, 56.0015435878279, 59.867151572231734, 60.75924953907719, 57.370632129518604, 52.96324347657395, 45.19380169104134, 36.849075475654644, 25.11298364524361, 12.996833550371376, 81.65788384295092, 72.308852