{
	"dissimilarities": [[0.0, 8.199992438135904, 15.857200859233446, 26.280639669678624, 17.352699578898203, 11.18394545226567, 6.472838720443294, 41.32553096973943, 48.16657872557749, 56.58398154658264, 63.84140925013622, 72.14085973140924, 65.51150489199591, 57.305163500382626, 48.72290008848441, 17.47069935569312, 18.66274170856579, 21.046876585237868, 26.9009647058493, 33.86686852384518, 30.48300636996744, 23.598018275458127, 15.712787007900635, 9.925546639506207, 10.598147529867946, 48.473451424632714, 55.89884330212776, 61.99298211516132, 70.0923221702466, 76.26925973736256, 75.35289588833999, 68.99533690146632, 60.641831893657375, 54.29469309587387, 48.12642971869709, 18.19142946988631, 25.807839320005115, 34.624986082646174, 36.721503087500366, 45.24919490362622, 53.119770200733335, 58.25235168548777, 59.828346907279474, 55.831561051146025, 48.953913470375504, 38.98001979210126, 34.63130251879542, 65.39210205118347, 62.422036299796964, 62.10522964934552, 66.47790186801478, 68.00727813563105, 72.24451740550937, 80.56303490326495, 80.86414699940049, 79.39887181853427, 77.22007057531596, 72.79939831435425, 69.07359024629626, 65.50877712199852, 64.579801235476, 68.23243696336503, 73.17904841776267, 78.33724215039474, 73.94671909645386, 68.94376821873455, 65.40843027516054, 54.641066543591904, 57.91742087365657, 69.57495334789603, 74.17095220955187, 87.99866169864038, 95.71261604833659, 101.87117987365606, 106.03936885407657, 113.63775987229864, 117.871041866495, 108.67029232616004, 103.42446104664761, 101.97303881109985, 94.93662578821879, 91.16447944822099], [8.199992438135904, 0.0, 9.389645980097118, 22.09490357713221, 13.837227232749845, 11.719883785683287, 11.700587906404962, 49.02843582047562, 55.49229534206323, 63.74890157748612, 71.19006433417677, 79.89142393365485, 73.23234146308813, 65.00920080714256, 56.46428988355414, 18.147170769927914, 14.837691821104693, 14.678688373730672, 19.79904461132107, 27.472697751074275, 23.70242733107809, 15.911683859142308, 8.652083003431773, 7.1363222197437945, 13.122157273870561, 54.4965988917364, 61.926247574747265, 68.14647986046856, 76.54139812763894, 83.06400488957337, 82.3324029902978, 75.70080612069599, 67.23677200135423, 60.912440417559935, 54.700345268662964, 23.717235706651778, 31.08911960330733, 39.13235899774279, 41.22522572088795, 49.75928536619306, 57.796362253772806, 63.510769920330425, 66.34938783177718, 62.768957095714576, 54.94614191176933, 45.41615915876051, 41.07444388476031, 68.79343179958096, 66.34267458749753, 66.61647328740291, 71.51286876259579, 73.51272013382224, 78.32873566267506, 87.29303797520834, 86.94120520484921, 84.89188703993707, 82.31710343584626, 77.23780989112852, 73.08345190576851, 69.20619708288504, 68.91348890451964, 73.25385528200319, 79.05503027592454, 84.82792405195038, 79.82845494326635, 73.99113158212639, 69.76698185274668, 49.91191890545802, 55.42770646826393, 69.08690421689761, 74.92868961737736, 89.30336063208587, 97.96283951150788, 105.19608825382473, 110.9142401546205, 120.45299458541378, 125.36777149504536, 116.56498735442169, 111.51186165794364, 110.1345382346274, 102.77752727318573, 97.99272598292569], [15.857200859233446, 9.389645980097118, 0.0, 13.435698263134444, 7.639545814132671, 12.838647299771813, 16.467263985791874, 57.12298167546271, 63.985597519844404, 72.36916855828878, 79.63870101773244, 87.76650389863838, 81.27413146935034, 73.08216964502002, 64.49615579100868, 27.133064126418123, 21.599867692978567, 17.773058179195893, 17.436143179516964, 21.447930626396705, 17.18869154924603, 12.43669307977623, 12.874010480580047, 15.996379164542049, 22.50615688857838, 63.691849513085, 71.07682935262626, 77.18067382926569, 85.30130523916445, 91.50387175654626, 90.80504301124373, 84.48530978005377, 76.17929799412879, 69.87730616924767, 63.70009388377307, 32.77260967500681, 38.559289500931605, 44.64500814292369, 44.43535077632898, 52.54009582787718, 61.87224936016684, 68.54222020342429, 71.76228044136514, 69.02112854347145, 62.04670377855241, 53.5287133878814, 50.0498074490976, 68.4489296662556, 67.44792740363359, 69.39993259658915, 74.91392004741242, 77.51939181447118, 82.61527524117213, 91.54747045664135, 90.49180533505162, 87.76340668233715, 84.64670933907088, 78.7602649006658, 73.65961048734094, 69.29602664283212, 70.66989738712986, 76.26330583165081, 82.87565498663857, 88.88557741354253, 83.55726414702994, 76.89759308531487, 71.4240617739377, 43.86118810313, 47.73017986353751, 62.02683875714592, 68.91513646864757, 83.84692369534807, 93.6604278006603, 102.41548846555689, 111.72143328088177, 122.91921081854883, 128.65081682653098, 120.82564789097654, 116.43720351431955, 115.75337017783897, 109.33526502306593, 105.51224216255835], [26.280639669678624, 22.09490357713221, 13.435698263134444, 0.0, 11.109934795286511, 20.235621050330035, 24.73567117593424, 65.50908855793617, 72.91511132231898, 81.45321508121346, 88.24930508359026, 95.07464289717504, 89.08319849950043, 81.15635707144058, 72.58396213329836, 40.15120663506862, 34.48835466595015, 29.41937667473731, 24.502470812833344, 20.70076312423805, 17.575394708955642, 20.632551155440037, 25.738503913365996, 29.00505290270102, 34.94066474788237, 74.44318229990999, 81.63877308777266, 87.36883532879263, 94.71050504520302, 100.06946577875898, 99.3790621418076, 93.86383594649816, 86.03059575939939, 79.84975731441138, 73.84390359666602, 44.22920560588003, 48.716504520961, 52.870683569061335, 49.3209178117415, 56.460491394177296, 67.52964976214332, 75.02865827079496, 77.5572103960623, 75.72008786483288, 70.90835543148667, 63.36279535243059, 60.67303626827401, 67.43345394091367, 68.66928279806407, 72.96217179185354, 78.90031426497994, 81.99758778765202, 86.87569259306206, 94.89244837958036, 93.38237708897624, 90.14625587734487, 86.53727169191643, 79.99187967011284, 73.65662364181466, 68.77815445707715, 72.57785363551605, 79.57004121297706, 86.56556862503501, 92.20532609140683, 87.07245111626712, 79.98649589515112, 73.10862957713616, 37.75058995708086, 35.080492061924126, 49.35081379796565, 57.552990463667356, 73.42912231151948, 84.87333808838788, 95.75130724823889, 110.7025160606823, 122.43583277772579, 128.62123026262262, 122.05018316381448, 118.51668697496487, 118.7746905463705, 113.89382417082372, 112.2055749760677], [17.352699578898203, 13.837227232749845, 7.639545814132671, 11.109934795286511, 0.0, 9.490730541950395, 14.963984193877314, 56.82277520361931, 64.47691287980365, 73.05627141373428, 80.02233048887314, 87.40639064511112, 80.82922204294279, 72.54996276712065, 64.08188356392351, 31.644213288373876, 27.981675750111663, 25.181488811897243, 24.755415842270633, 26.505330986350987, 22.403283700777035, 19.765271753371415, 19.75444244753167, 20.886509641904148, 26.024848618351193, 65.65331727397691, 73.14133389626748, 79.2213745139801, 87.11462913293337, 92.90222834662893, 91.90893896143685, 85.9008450673826, 77.63360578307426, 71.2555343118165, 65.09812942703536, 34.3554487194795, 37.83220010506603, 42.05738708405032, 39.70653411616286, 47.37751192111698, 57.66781844307991, 64.87614832432666, 67.9425246962477, 65.93289288691541, 60.22499730640673, 52.916800256363096, 51.03119607089508, 61.57639659102327, 61.251401656407936, 64.1556582725032, 69.89753934177362, 72.78599005464324, 77.88108186516617, 86.61329919159988, 85.16156065102099, 82.12256821894438, 78.77154469180242, 72.60386280916538, 67.07950796533162, 62.552704202998356, 64.7343538445963, 70.93918396633069, 77.83501068014606, 83.84953272654833, 78.44110488640486, 71.48185956175138, 65.4065527359838, 46.94981405391898, 45.48134673121148, 56.44675753614405, 62.31420841728688, 76.7274295256948, 86.17024312653015, 94.81583282225165, 104.95687710915958, 116.89883346058897, 123.37097266806676, 116.4002871109955, 112.76309937693838, 112.97680480440556, 108.35053013026658, 106.69453891285092], [11.18394545226567, 11.719883785683287, 12.838647299771813, 20.235621050330035, 9.490730541950395, 0.0, 6.709992571961912, 48.19191104127524, 56.105850923402365, 64.6991403293124, 71.65542540888374, 79.21388861225559, 72.29192974641568, 63.82990110378529, 55.490225590013594, 26.332416606924365, 25.933493584019512, 26.094038160073847, 29.347355904911332, 33.850605647234346, 29.80285836828934, 24.584136989485273, 19.840313607140914, 17.278951441372737, 20.0101962856975, 57.55230501586912, 65.17549050885108, 71.39587539596245, 79.48469975561697, 85.38173973158827, 84.12039864897993, 77.9300915236156, 69.47119777969591, 62.9988715480274, 56.81015560428021, 26.081630741007928, 28.54341747559766, 33.23953366066168, 31.98826915685037, 40.142203241057025, 49.6971941334768, 56.353642531642414, 59.169460313287516, 56.79507238944227, 50.830499834613526, 43.491401455062444, 42.27942393995147, 57.427275149367254, 55.65674412429095, 57.144276191749064, 62.4346492368289, 64.89660207290076, 69.83507730049237, 78.72920871637864, 77.69369238655855, 75.13353650032826, 72.20057092694883, 66.69758477779564, 62.027905621378586, 57.95912653951536, 58.56802662855847, 63.77160741062181, 70.1064759278555, 76.04829383697002, 70.78377680529378, 64.39574489518887, 59.33090432970444, 54.740385966042574, 53.261304635751856, 61.957677537521086, 65.99125467727264, 79.26047443748325, 87.01438151976058, 93.70321683131313, 99.87898206989952, 110.80529694551052, 117.03039559182673, 109.55521999707402, 105.71669353480527, 105.81232679823452, 101.42809618671278, 100.16736620302179], [6.472838720443294, 11.700587906404962, 16.467263985791874, 24.73567117593424, 14.963984193877314, 6.709992571961912, 0.0, 41.93200052022268, 49.67246397553652, 58.26976846274619, 65.2297271990005, 72.844486531107, 66.05135553396435, 57.69150451707415, 49.24263075935526, 22.862150385557918, 24.39489036222875, 26.12380460344844, 30.806751770107443, 36.27577762837849, 32.62720503229454, 26.786368933196936, 20.21057478487391, 15.373057011334375, 15.950222247421443, 51.375737563657324, 58.89325471649997, 64.98334184911998, 72.90609929364742, 78.72219368842578, 77.50427360372856, 71.40260316467085, 63.05956298210474, 56.640437188213056, 50.50285903738106, 20.82256250181696, 24.943057388449596, 31.618598253376145, 31.68666594035985, 40.05271149966929, 48.887003231252834, 54.65321202720167, 56.31601694195763, 53.08718107374708, 47.26854988919933, 38.71817753119431, 36.45244701091209, 59.17452023258404, 56.631272058225036, 57.06994920659722, 61.72613411022949, 63.572787904232946, 67.94035946287771, 76.2883503562138, 76.12441547175995, 74.30292415874261, 71.87459688025227, 67.14643243101683, 63.078694536373256, 59.37690228430347, 59.018492528034514, 63.241166854257735, 68.58487928722212, 73.90588696315591, 69.2966673828945, 63.88792313612519, 59.79621547833409, 56.589557077781855, 56.265805946843614, 65.36951715879621, 69.06233974880111, 82.31239465455408, 89.6003822071323, 95.55287191287907, 100.16718813328404, 108.76435433890748, 113.85232522735424, 105.48387018847596, 100.99144610181145, 100.45108505057945, 95.20516125050935, 93.48964265296662], [41.32553096973943, 49.02843582047562, 57.12298167546271, 65.50908855793617, 56.82277520361931, 48.19191104127524, 41.93200052022268, 0.0, 9.691442560064885, 17.869013761087206, 23.87247718493447, 31.860118364185052, 24.360863174824, 15.991498422807789, 7.505897021300186, 41.0321066850289, 50.54344891306237, 57.23851131268378, 65.51560792698501, 73.14791568586568, 70.61126935033646, 63.63347055930965, 53.99580189323402, 46.14124503457298, 39.09167382627442, 20.380829723527278, 25.26686815419404, 29.600089900559205, 35.75477737595028, 40.48091065323421, 38.04852344317392, 32.55610449702819, 25.124726571001904, 19.605042913847598, 15.750093601560627, 28.63556888649515, 29.86923822015354, 37.72078623262376, 43.616882338968864, 48.19351618717852, 48.675967819617206, 46.7149328328046, 40.374449769657495, 31.969954897291174, 30.379916070643002, 19.565073550157354, 15.223050785986654, 71.6578161563863, 64.72902404359692, 58.50774766626348, 58.05178709300355, 55.552171828377475, 55.41980711946137, 59.34895427873918, 64.64954086944098, 67.76104467245831, 68.97132235214507, 69.86201857758867, 70.61018596786468, 69.9420182352234, 63.42621233945931, 60.46481925728339, 58.49217291322702, 59.21820365859831, 59.34651555726402, 61.17569939198371, 64.18742675420381, 90.13178704961746, 90.91440213039193, 96.48754407372324, 96.17329293187986, 106.10113859234961, 108.3834819445757, 107.78228548603884, 98.350962822853, 93.8257033249625, 92.76529198869754, 79.48470317686404, 71.54969259704211, 67.51553935421548, 59.41851510075894, 58.18942368820758], [48.16657872557749, 55.49229534206323, 63.985597519844404, 72.91511132231898, 64.47691287980365, 56.105850923402365, 49.67246397553652, 9.691442560064885, 0.0, 8.676930257083376, 15.743479301345747, 25.956086526478416, 19.109846382045802, 12.649323295224175, 7.6176921969931275, 45.31998182186094, 54.88866846460042, 61.91659502154152, 70.50278379388415, 78.62247509220778, 76.39208558772259, 69.22111989388425, 59.47848953891736, 51.803278059710244, 44.57749619920865, 14.438838362739018, 16.93112634617018, 20.233046841758807, 26.103073884795965, 31.32269366716263, 29.02654401137645, 22.983072496584832, 15.642282181759349, 10.716735350782763, 9.079946770720078, 34.471877092617255, 37.33332329051492, 45.88158180269226, 52.86366984674414, 57.33640998371889, 56.7422825140253, 53.78089712496052, 47.162496502016275, 38.318845611864106, 36.22391202040506, 25.590189155054286, 18.795968537738936, 80.9995266163181, 73.75110153978899, 66.83623263280711, 65.82717351563456, 62.82167343606565, 62.13627245254825, 65.26657160497997, 71.38269319859063, 75.16917769197185, 76.85729152374958, 78.36506981785504, 79.61298254029258, 79.18393728492632, 72.1492210782658, 68.40161253419078, 65.5529911227851, 65.58151971873238, 66.42662931657247, 69.14118693245123, 72.92436743310587, 94.99630750858262, 97.9263680807696, 104.88243151067324, 104.98311962631163, 115.17825421752723, 117.51162871762514, 116.6859576566804, 105.9955577882453, 99.11246746039552, 96.25533890304139, 81.62559086999589, 72.38041601380645, 66.49158965543599, 55.09199031646008, 50.45886954369846], [56.58398154658264, 63.74890157748612, 72.36916855828878, 81.45321508121346, 73.05627141373428, 64.6991403293124, 58.26976846274619, 17.869013761087206, 8.676930257083376, 0.0, 8.00337962081501, 20.243976037883005, 14.276342323797788, 11.690074774408075, 12.97769656541017, 52.60450475176886, 62.2221838729182, 69.42617195438609, 78.18180207932319, 86.51565006190985, 84.41038911200864, 77.14123090971977, 67.33107188112147, 59.74702476729119, 52.463109780565475, 15.92474077363148, 14.12887339174872, 14.679464992940408, 18.875581916956786, 23.9198566582505, 21.172386059729288, 14.89971988107894, 8.861774145528702, 7.74612484894931, 11.61152624648857, 42.35426114226346, 44.92757022112526, 52.968852524441736, 60.36242450681842, 64.29232498323941, 62.52524946080949, 58.48942702407393, 51.24158569518262, 42.272875385777155, 40.8173454918167, 31.727918416699872, 25.798044449760077, 87.75185049475046, 80.11265984357124, 72.46938144710343, 70.74279543322987, 67.16804312607836, 65.76621506073222, 67.92689980953685, 74.82420666106802, 79.33890914633938, 81.57943018657986, 83.88303120235791, 85.79585849509256, 85.76005243617156, 78.08366606084923, 73.39616712983943, 69.48519304884304, 68.69739313904446, 70.35439074296814, 74.13355290169592, 78.84535832551451, 102.49518312646775, 106.07128520614303, 113.04623341096072, 112.90508096909518, 122.76525444336502, 124.57050225475203, 122.95619712184853, 110.19512087965431, 101.04863454021786, 96.77046087439732, 81.19118876959234, 71.10404992460734, 63.95277555574517, 50.83322734510118, 44.64666093528574], [63.84140925013622, 71.19006433417677, 79.63870101773244, 88.24930508359026, 80.02233048887314, 71.65542540888374, 65.2297271990005, 23.87247718493447, 15.743479301345747, 8.00337962081501, 0.0, 12.974182826029706, 8.810295085883617, 12.020682175938141, 17.348319266364275, 60.527821505104825, 70.08690768574617, 77.18610597244488, 85.73724400732426, 93.73359550298753, 91.70158187801636, 84.69422533364074, 75.02528873239162, 67.42348149778779, 60.1863791114681, 23.39916354320833, 19.87493628895977, 17.698524306854907, 17.388681405143434, 19.530377881117353, 15.792147182991236, 12.467608625934567, 12.116365590337804, 14.672317634630561, 19.500682750043907, 50.0240355199182, 51.83418214580002, 58.90941430991887, 65.63304565099631, 68.8316179062315, 66.55318763209524, 61.792663125062454, 53.24626266989721, 44.47097005141409, 45.16271170324809, 37.833409461494824, 33.422285018586535, 91.24329989807153, 83.58342672021698, 75.73334486614164, 73.33012961263708, 69.25601535110287, 66.893440438834, 67.50131480041686, 75.2664835645992, 80.53004770979936, 83.28361617265737, 86.38296950525456, 88.75907203085082, 89.09341880542254, 81.1984393300441, 75.8299259475188, 70.75557336290566, 68.8025021012345, 71.55387970750311, 76.48464869432517, 81.87803067535152, 109.02083980180555, 111.71313901737935, 117.70680685924005, 116.92533810117126, 126.16003302531871, 127.24067375727321, 124.75795931055038, 110.6400852409687, 98.68454533416106, 92.91045498265314, 76.58492022651774, 65.8649222825473, 57.86399650472304, 44.311272526574776, 39.668756061008146], [72.14085973140924, 79.89142393365485, 87.76650389863838, 95.07464289717504, 87.40639064511112, 79.21388861225559, 72.844486531107, 31.860118364185052, 25.956086526478416, 20.243976037883005, 12.974182826029706, 0.0, 9.176668021523344, 17.796180429245744, 24.520146707979507, 71.09782020043609, 80.3468082832626, 86.98907104240476, 94.82676302540557, 101.7818462312335, 99.87921079096968, 93.65849587505744, 84.49993688821512, 76.89720580294602, 69.910498277355, 36.09208948490722, 32.604533554232944, 29.370635775975742, 25.00038028209581, 21.51216626601724, 17.582443591245163, 21.05273858132215, 24.60929976715173, 27.48763104795019, 31.802007194377026, 59.956982016981094, 60.890806160833925, 66.57742428666886, 71.33829822843742, 73.50819845736476, 71.5116661810263, 66.41717536765813, 55.696182714047985, 47.692280037902, 52.29720298679221, 46.934618275389894, 44.21081360191516, 93.38545902352791, 86.3067536165767, 78.99719231749168, 75.89771488715819, 71.37138671765732, 67.55136207653094, 65.32903335901797, 74.29326212356942, 80.48300426903388, 83.78345925351091, 87.80083180487601, 90.39778226621026, 91.10823873142375, 83.64297692789128, 77.88943948075485, 71.33259263636613, 67.42771663868972, 71.94402556370852, 78.33327406924566, 84.12830362258715, 115.57101465757971, 115.82042194169051, 119.76192867821192, 117.89186904833768, 126.10888702312263, 126.21298083524418, 122.73768412882616, 108.34303639761416, 91.68979729842914, 83.42931709858588, 66.10716030743043, 54.45243273130166, 45.382805973264404, 32.289462495101965, 34.79276303031269], [65.51150489199591, 73.23234146308813, 81.27413146935034, 89.08319849950043, 80.82922204294279, 72.29192974641568, 66.05135553396435, 24.360863174824, 19.109846382045802, 14.276342323797788, 8.810295085883617, 9.176668021523344, 0.0, 9.026776292713583, 16.88435090712755, 64.14826807416406, 73.78224898592013, 80.67350158299735, 88.9364577681736, 96.3621639342912, 94.15699684514222, 87.45889337377504, 77.90963300958519, 70.13850392803715, 62.99062861546575, 29.82684605441918, 27.746034793317058, 26.398418022904686, 25.628225749305045, 25.618923454855686, 21.466565325584693, 20.71102256330795, 20.52756436878455, 21.716875849340163, 25.201453341167625, 52.441371088493106, 52.427694333207604, 57.83889472365566, 63.210320646543586, 65.47085023211852, 63.05050968487828, 57.95185726601436, 47.95898946890007, 39.599146875872364, 43.225397070777646, 37.990227999403565, 36.26463500117668, 86.40871323082547, 78.87243187471671, 71.13550873593721, 68.23050382974122, 63.85020265814197, 60.67897319046212, 60.025909694796574, 68.31826008999536, 74.04385906674612, 77.11166521577191, 80.78590667982525, 83.45907195605066, 84.12261532857333, 76.21559189809989, 70.46177204829941, 64.52442710891341, 61.65507396655242, 65.23408290878231, 71.0051466388893, 76.79206546202319, 111.56553743070481, 111.73097294051269, 115.50351538250068, 113.61473054405857, 121.80815934234154, 121.89560252612124, 118.4369909211675, 103.3065766960273, 90.05996924994759, 84.21033732466235, 68.06010123932114, 57.74233839375795, 50.668389796227636, 40.773963394235764, 42.55888569821825], [57.305163500382626, 65.00920080714256, 73.08216964502002, 81.15635707144058, 72.54996276712065, 63.82990110378529, 57.69150451707415, 15.991498422807789, 12.649323295224175, 11.690074774408075, 12.020682175938141, 17.796180429245744, 9.026776292713583, 0.0, 8.731017946036017, 56.14168784918477, 65.92791698861821, 72.86857208711841, 81.29463117096061, 88.91871974478282, 86.49417851975241, 79.55475915907999, 69.83344720179696, 61.97291613807843, 54.79486740063402, 24.70308057110394, 25.016151446373456, 26.108577282773165, 28.77919669389682, 31.23703882375656, 27.546774472802635, 24.020831177557923, 19.92646361447201, 18.234818521808048, 19.6210253450257, 43.94714307289889, 43.42040648365201, 48.96674990421078, 54.669436068802554, 57.35825280022109, 55.28557153930264, 50.78150296871504, 41.723775983435104, 32.995599294266015, 35.288374443682, 29.17878434973964, 27.974813527162624, 79.31502813609417, 71.6704301026233, 64.02024175972271, 61.6956436352739, 57.75685096019429, 55.52827166763541, 56.65325632885074, 63.984573057530355, 68.93355191039937, 71.49689319984066, 74.434617453751, 76.75063950816717, 77.12971665678097, 69.27700594733477, 64.08027368758998, 59.252143519174105, 57.657862786501916, 60.042404972951914, 64.70504212514095, 69.93315543305175, 105.10306802758575, 105.14334657251409, 109.02365859502311, 107.36944544169788, 115.8411574232914, 116.32457472745165, 113.43511515803026, 99.196470040359, 89.45714395955765, 85.82694528416297, 70.90809253929194, 61.78220488020949, 56.35210576225273, 48.23310813125604, 49.39515797527419], [48.72290008848441, 56.46428988355414, 64.49615579100868, 72.58396213329836, 64.08188356392351, 55.490225590013594, 49.24263075935526, 7.505897021300186, 7.6176921969931275, 12.97769656541017, 17.348319266364275, 24.520146707979507, 16.88435090712755, 8.731017946036017, 0.0, 48.185024809723174, 57.736755758455786, 64.47937765181862, 72.70978675387869, 80.20469573459062, 77.78774056209977, 70.95820066060287, 61.383875730187334, 53.558061357612495, 46.48745481847233, 21.380614607371648, 24.037024764345645, 26.843490821313907, 31.373120385384123, 35.04276949685444, 32.147901681570325, 27.567062231041593, 21.463583854563105, 17.40674138512171, 16.04397223473532, 35.999653159424824, 36.606978920381806, 43.40058807214521, 48.99917963732827, 52.68651519744688, 52.15241033339683, 49.03344030213863, 41.1071605110927, 32.39897184866537, 32.99034325072987, 24.257228441220562, 21.225974787626548, 75.3301292997806, 68.17223610677006, 61.40382301016785, 60.076968604533235, 56.88862000201512, 55.686367721774836, 58.12811909779669, 64.4929316760653, 68.51240816081713, 70.3561009390046, 72.20789430363004, 73.60840445263162, 73.4009601134921, 66.38208498531279, 62.43270546061302, 59.0569709795141, 58.56695570574674, 59.869420178737805, 63.08525546579974, 67.07755316290024, 96.51358654961166, 96.91077964349395, 101.7455437237222, 100.83421607524485, 110.16358511997035, 111.68809123135455, 110.12179003163598, 98.8622519649703, 91.52557667092117, 89.03968967937678, 74.86418650804636, 66.23626914408163, 61.439011673831686, 52.99200987892938, 52.75968153015595], [17.47069935569312, 18.147170769927914, 27.133064126418123, 40.15120663506862, 31.644213288373876, 26.332416606924365, 22.862150385557918, 41.0321066850289, 45.31998182186094, 52.60450475176886, 60.527821505104825, 71.09782020043609, 64.14826807416406, 56.14168784918477, 48.185024809723174, 0.0, 10.660462887835825, 18.744877778554493, 29.39433853871187, 40.617969762369256, 37.651088779615435, 27.945302741454775, 17.069073790072945, 11.166934092336044, 7.051303153883118, 40.440122335380764, 47.76705606426663, 54.3449991384427, 63.738038139604406, 71.46596542226465, 70.8663815818403, 63.14401231229009, 54.284553596232136, 48.12217410915763, 41.99640441060017, 14.071006765550218, 25.659748546754273, 37.41647815602272, 45.02583135404292, 53.50704418960779, 57.82710573151979, 61.18669185624845, 63.98821525620077, 58.71916183118912, 48.07178488710936, 36.507757635303676, 29.297859123054266, 77.0417907766201, 72.07110414549386, 69.02492024579098, 72.62789763032343, 73.45932038074166, 77.87176741909596, 87.13944365587574, 87.94632042386671, 87.08071892224615, 85.52654842952005, 81.93225606579067, 79.68515202087119, 76.77094348705542, 73.40091975750342, 75.2063311325647, 79.53290042229399, 85.03627571326001, 80.50272687463396, 76.1737932233633, 74.452302616584, 62.55955789180484, 72.4522888330447, 86.52092098539016, 91.49622316345175, 105.10233981094453, 112.23930918567382, 117.24581079148737, 116.56072338302013, 123.79927631856323, 127.28413141037505, 116.62236543094018, 110.1816533138693, 107.12659103794637, 97.10898828273132, 88.7365186688343], [18.66274170856579, 14.837691821104693, 21.599867692978567, 34.48835466595015, 27.981675750111663, 25.933493584019512, 24.39489036222875, 50.54344891306237, 54.88866846460042, 62.2221838729182, 70.08690768574617, 80.3468082832626, 73.78224898592013, 65.92791698861821, 57.736755758455786, 10.660462887835825, 0.0, 8.328493103853846, 19.306640902962357, 31.242151721912318, 28.477366675210494, 18.552377180280512, 9.03590425511969, 9.040931742988, 12.688075118413943, 50.16452012289316, 57.16527206963711, 63.4356460474357, 72.44596431877002, 79.97524370447783, 79.72100768590452, 72.29579972324188, 63.77719245498316, 57.79783506286961, 51.79539181308054, 23.821779428442973, 34.46714077471186, 44.92836495162761, 50.814290949560416, 59.45005427618428, 65.12544888425872, 69.49305848814062, 72.80196385592437, 68.06834160674921, 57.81910871931473, 46.76153620565993, 39.71555105688804, 81.01139104624261, 77.21481668543005, 75.57750182389861, 79.87106843108818, 81.28136068458952, 86.06423757610699, 95.44835664162262, 95.71700775872574, 94.24765205073844, 92.17749108323518, 87.75333006736103, 84.59330949754249, 81.14644387113476, 79.19355641017758, 82.1890784327779, 87.36591374129026, 93.1672621598072, 88.27946135355619, 83.09796184487942, 80.1933806931538, 53.65722349209169, 66.21749591083528, 82.89122929618851, 89.48394322837272, 104.10882076575179, 112.73756202892639, 119.49021951802557, 122.35393765210584, 130.8870769778136, 134.7274367209236, 124.50474328167547, 118.23749781952607, 115.30495163199222, 104.9414241845497, 95.96622565868935], [21.046876585237868, 14.678688373730672, 17.773058179195893, 29.41937667473731, 25.181488811897243, 26.094038160073847, 26.12380460344844, 57.23851131268378, 61.91659502154152, 69.42617195438609, 77.18610597244488, 86.98907104240476, 80.67350158299735, 72.86857208711841, 64.47937765181862, 18.744877778554493, 8.328493103853846, 0.0, 11.08669878488281, 23.33110706453626, 20.67201032370277, 10.88691864224354, 6.393951177788348, 12.631020050634115, 18.96437056261436, 57.89801258359728, 64.78617395245365, 70.85426679020844, 79.49868649153483, 86.70857274182093, 86.60166708972244, 79.51605913022217, 71.22753697311195, 65.29940868518163, 59.32901677313861, 30.916147458327114, 40.8164313291808, 50.2409193194446, 54.493379411513075, 63.09209483237617, 69.91910508551143, 75.05904294687069, 78.51529120453574, 74.25265988318974, 64.65685742540548, 54.01862976987274, 47.338897221080465, 82.7437435884579, 79.99375054122181, 79.58455383836326, 84.36955620814919, 86.2114929746403, 91.18271423353792, 100.49798517280384, 100.36364935746553, 98.44456156797513, 95.97993488262968, 90.94849901834573, 87.04046414192564, 83.19487164056088, 82.47060855220153, 86.4154933917296, 92.17089375564919, 98.09734643791391, 93.02174977797625, 87.25228563462376, 83.40335774468913, 46.20011913934252, 60.05889414031534, 78.41031688420554, 86.15458661835326, 101.45794401479061, 111.19572265735869, 119.29994215477747, 125.1868545340673, 134.61102526791407, 138.78403089736693, 129.06686114410132, 123.08678257370372, 120.45431092462566, 110.30554964646525, 101.61713474562431], [26.9009647058493, 19.79904461132107, 17.436143179516964, 24.502470812833344, 24.755415842270633, 29.347355904911332, 30.806751770107443, 65.51560792698501, 70.50278379388415, 78.18180207932319, 85.73724400732426, 94.82676302540557, 88.9364577681736, 81.29463117096061, 72.70978675387869, 29.39433853871187, 19.306640902962357, 11.08669878488281, 0.0, 12.58906178412744, 10.6395553133592, 5.53370051136832, 13.964915727535232, 21.29470369086987, 28.308407424497194, 67.52493051477052, 74.22675543962411, 79.97285088292661, 88.02763653100403, 94.70840089307339, 94.79270735601051, 88.25361710838942, 80.34353815546012, 74.5194720613933, 68.63711424742057, 40.42295301760209, 49.78140363373831, 58.19644865433034, 60.40322374035271, 68.79683424193753, 76.99004357607232, 82.89029367027274, 86.11286714829191, 82.31532219631481, 73.81101931356251, 63.48318997315101, 56.994482928815074, 85.80222882233957, 84.45281250628005, 85.57712976715136, 90.81984848637971, 93.07283613663454, 98.06652238125993, 106.99078120638875, 106.54604847761907, 104.22125350837436, 101.35652431946565, 95.72481302412928, 90.9103950989656, 86.6214142594396, 87.47916858092756, 92.48468657830686, 98.69826764352202, 104.5337392498845, 99.45593177880623, 93.20722633286529, 88.29919628049748, 35.73052641134122, 51.46793638010805, 72.31518932783001, 81.65568863573465, 97.87606544633975, 109.10672301961112, 119.00242141652527, 129.03283960508415, 138.93650903601502, 143.23702638916916, 134.09166066845407, 128.41072790525254, 126.09066445206712, 116.17688191393118, 108.0023372066735], [33.86686852384518, 27.472697751074275, 21.447930626396705, 20.70076312423805, 26.505330986350987, 33.850605647234346, 36.27577762837849, 73.14791568586568, 78.62247509220778, 86.51565006190985, 93.73359550298753, 101.7818462312335, 96.3621639342912, 88.91871974478282, 80.20469573459062, 40.617969762369256, 31.242151721912318, 23.33110706453626, 12.58906178412744, 0.0, 4.680822639679909, 14.12448571673659, 24.611944204116394, 31.21934303100218, 38.20191854486674, 77.23267297235907, 83.79815168394018, 89.20431503333468, 96.53914996346877, 102.47248670828981, 102.640516208242, 96.82048321872506, 89.33220567424435, 83.58914779526629, 77.80567330746136, 49.96383328443508, 58.56174878601257, 65.85690622383372, 65.70216452591121, 73.66386996277866, 83.30316545277846, 89.90250514355938, 92.53472377543099, 89.28651058144976, 82.35985778356883, 72.476509053251, 66.43441653774086, 87.43035126796299, 87.69156102432783, 90.51842029254868, 96.11818509144543, 98.73101395800099, 103.56238467645008, 111.7768099777851, 111.08662121646717, 108.42255755452999, 105.19403892664721, 99.06145569863934, 93.3021485597228, 88.61072946315025, 91.23727901693644, 97.29915723721527, 103.79464893805563, 109.32112958475639, 104.42760635442461, 97.86578524553838, 91.90038188614184, 24.36795796972119, 40.2320111308223, 63.5006233378913, 74.43804483444107, 91.52097163803512, 104.26983031894278, 116.03189257275463, 130.76231540977165, 140.74427783367665, 145.1194695047718, 136.766286789023, 131.57093570472978, 129.79436740721079, 120.68577092865728, 113.92270925400578], [30.48300636996744, 23.70242733107809, 17.18869154924603, 17.575394708955642, 22.403283700777035, 29.80285836828934, 32.62720503229454, 70.61126935033646, 76.39208558772259, 84.41038911200864, 91.70158187801636, 99.87921079096968, 94.15699684514222, 86.49417851975241, 77.78774056209977, 37.651088779615435, 28.477366675210494, 20.67201032370277, 10.6395553133592, 4.680822639679909, 0.0, 10.478882568549187, 21.120150619568474, 27.820934634952877, 35.00704131038928, 75.03845317951644, 81.83495050420746, 87.4622711132904, 95.08361580336062, 101.17638059944571, 101.1523262255933, 95.1275933586794, 87.38222346127827, 81.48122597393645, 75.5688795305411, 46.72290997925522, 54.708842250395115, 61.63895799005616, 61.50327490775165, 69.4634661924963, 79.01508922613841, 85.7137040411033, 88.7125894843042, 85.65005320227492, 78.53301456072573, 69.02247435943201, 63.564937852922576, 83.46997027553486, 83.53780036588712, 86.26002855355043, 91.92497351867826, 94.61952556816001, 99.621364696458, 108.13923831066447, 107.23113305164074, 104.43770365357007, 101.16171596253714, 94.96687160426116, 89.29320648876525, 84.62946919995912, 87.07695197271784, 93.14371555373795, 99.82277543075118, 105.5860563121546, 100.4688577959961, 93.73127684152449, 87.76520962229021, 28.67791873584913, 41.472178715235316, 62.93200030341353, 73.16756301119194, 89.82694812310572, 102.05997217092109, 113.31486684626688, 127.02684725906381, 137.74737768111453, 142.62462545078526, 134.48552882899153, 129.53287843189008, 128.05200359662226, 119.56588789854462, 113.3533010924262], [23.598018275458127, 15.911683859142308, 12.43669307977623, 20.632551155440037, 19.765271753371415, 24.584136989485273, 26.786368933196936, 63.63347055930965, 69.22111989388425, 77.14123090971977, 84.69422533364074, 93.65849587505744, 87.45889337377504, 79.55475915907999, 70.95820066060287, 27.945302741454775, 18.552377180280512, 10.88691864224354, 5.53370051136832, 14.12448571673659, 10.478882568549187, 0.0, 11.129777679931024, 18.611892277276397, 26.03376704430778, 66.79264791271487, 73.80201054888117, 79.7742383423195, 88.02867504489235, 94.70647014942865, 94.52060168394122, 87.90212808322684, 79.74053679602234, 73.70694423527783, 67.66539021822096, 37.98979095828445, 46.20630992159436, 53.846436865423, 55.55654438459263, 63.862781225057006, 72.2642825173612, 78.46308399245572, 82.03227289151184, 78.62785933336063, 70.26224254227435, 60.58830085486069, 55.127013803714355, 80.53276650552225, 79.24998734421166, 80.59023797475392, 85.99136458764771, 88.42945794996533, 93.60653223555626, 102.76281280201304, 101.9747972220862, 99.40988872002701, 96.4089333867726, 90.60247222279327, 85.71225068094293, 81.38865934529429, 82.36673521669175, 87.59671772171266, 94.10533657972591, 100.17750927545248, 94.85129265262802, 88.31127220328294, 83.18518227326646, 38.32071025528872, 50.50233948384714, 69.47382534963933, 78.16163040100577, 93.93545287996058, 104.75158517224067, 114.32573198363477, 123.99383820149514, 134.84308050791302, 139.8295252928617, 131.18092790064304, 125.96818563249197, 124.212855188009, 115.43721385970302, 108.51723182826177], [15.712787007900635, 8.652083003431773, 12.874010480580047, 25.738503913365996, 19.75444244753167, 19.840313607140914, 20.21057478487391, 53.99580189323402, 59.47848953891736, 67.33107188112147, 75.02528873239162, 84.49993688821512, 77.90963300958519, 69.83344720179696, 61.383875730187334, 17.069073790072945, 9.03590425511969, 6.393951177788348, 13.964915727535232, 24.611944204116394, 21.120150619568474, 11.129777679931024, 0.0, 7.979539830341975, 15.343863671246337, 56.52146348834299, 63.750241312761, 70.00244811286343, 78.7105799235229, 85.75046869339059, 85.3311108466172, 78.30622333336326, 69.81330000149705, 63.64907586534069, 57.506352932367655, 27.28093060582727, 35.99721817982075, 44.750174131525014, 48.33767755413944, 56.910100861709694, 64.1092302787196, 69.55524067667297, 73.0897470350911, 69.19885232889307, 60.03988546172389, 50.00654531261184, 44.495045481627876, 76.35322365052777, 73.6627539714084, 73.48685520391811, 78.3863594951939, 80.36572593522102, 85.41546780999109, 94.80208675120228, 94.42573349420542, 92.34558287490326, 89.78422449781802, 84.65251861401079, 80.66626841729143, 76.80470970703976, 76.19904366292525, 80.34072139811767, 86.2748218527251, 92.3110934594856, 87.1041054227538, 81.15410601629837, 77.11719501148163, 48.07463493304128, 58.31766802002541, 74.60220001710395, 81.53022572645281, 96.3483834612011, 105.57812036175437, 113.26774652579259, 118.84405245649239, 128.81352226130264, 133.54413492175408, 124.31733168720072, 118.81912470642482, 116.80474642716565, 107.97339507068125, 100.95869512863167], [9.925546639506207, 7.1363222197437945, 15.996379164542049, 29.00505290270102, 20.886509641904148, 17.278951441372737, 15.373057011334375, 46.14124503457298, 51.803278059710244, 59.74702476729119, 67.42348149778779, 76.89720580294602, 70.13850392803715, 61.97291613807843, 53.558061357612495, 11.166934092336044, 9.040931742988, 12.631020050634115, 21.29470369086987, 31.21934303100218, 27.820934634952877, 18.611892277276397, 7.979539830341975, 0.0, 7.52823953414947, 49.2995608783829, 56.693795284802285, 63.042800802541834, 71.81694690302945, 78.82398694169639, 78.19189341118631, 71.13380581115996, 62.51873312402347, 56.24480384675541, 50.03505488115039, 19.4067726976773, 28.765188205062472, 38.4918414670651, 42.89527114373283, 51.55587425840317, 58.19893009190382, 63.07285661054494, 65.98240554092715, 61.71107324859196, 52.66987271099908, 42.231653082766115, 36.69012063630095, 72.54469602142447, 69.08586399110497, 68.05435431803534, 72.50259224685037, 74.07708108537979, 78.79239554224225, 87.94527816728304, 88.03304938349683, 86.41877725984762, 84.21713925865201, 79.66704379058244, 76.23064195896559, 72.70071927283796, 71.198391195278, 74.59093573101867, 79.88562346037753, 85.60549250048419, 80.7420113569128, 75.4270218758481, 72.13955492349967, 53.75517811571997, 61.8099018619122, 76.07490232521869, 81.74184263416075, 95.9173619193075, 104.08908641887116, 110.55176704373893, 113.87947828528476, 122.57756106184924, 126.90960569851524, 117.32434228470362, 111.66989414568377, 109.57146632489524, 100.99106851716529, 94.59129203458777], [10.598147529867946, 13.122157273870561, 22.50615688857838, 34.94066474788237, 26.024848618351193, 20.0101962856975, 15.950222247421443, 39.09167382627442, 44.57749619920865, 52.463109780565475, 60.1863791114681, 69.910498277355, 62.99062861546575, 54.79486740063402, 46.48745481847233, 7.051303153883118, 12.688075118413943, 18.96437056261436, 28.308407424497194, 38.20191854486674, 35.00704131038928, 26.03376704430778, 15.343863671246337, 7.52823953414947, 0.0, 41.97762661683962, 49.48346157775042, 55.93924540945583, 64.8695513994455, 71.98984259847278, 71.20518577660059, 63.99189453055427, 55.24103170507124, 48.903764203748025, 42.65463900527182, 12.12277807769069, 23.192009761770237, 34.4085390176059, 40.280276056803345, 48.87399045052652, 54.4424896385324, 58.414403617698, 60.666328689403166, 55.78068570543303, 46.516765296650824, 35.318895510124186, 29.179976777067832, 71.55582590818024, 67.16515087802196, 64.96664694997156, 68.8030209154176, 69.83762202829998, 74.15496558438737, 83.07342120197094, 83.75909021131176, 82.73583864193753, 80.99955810023563, 77.18018450842857, 74.47669788699224, 71.37559428209903, 68.73212600673435, 71.10688842695276, 75.58556408501852, 80.93674982378774, 76.48792510405411, 71.98684200029697, 69.7099102780143, 59.914567156383065, 67.14727240680116, 80.05359286241912, 84.6923113672766, 98.24630391850266, 105.41085406331288, 110.63268479474783, 111.36641733178823, 118.58093045411215, 122.31529623732915, 112.1503810863393, 106.14364947528738, 103.70463772287334, 94.90429788686478, 88.48853701754851], [48.473451424632714, 54.4965988917364, 63.691849513085, 74.44318229990999, 65.65331727397691, 57.55230501586912, 51.375737563657324, 20.380829723527278, 14.438838362739018, 15.92474077363148, 23.39916354320833, 36.09208948490722, 29.82684605441918, 24.70308057110394, 21.380614607371648, 40.440122335380764, 50.16452012289316, 57.89801258359728, 67.52493051477052, 77.23267297235907, 75.03845317951644, 66.79264791271487, 56.52146348834299, 49.2995608783829, 41.97762661683962, 0.0, 7.987641074393243, 15.097709695817509, 25.365113752296892, 33.90148548666122, 32.60006608903273, 23.745843987283372, 14.375935682946487, 8.825368831017602, 5.398168581796053, 32.51776560320764, 37.51419530816408, 47.84313657145294, 57.59387074226119, 62.98714001052985, 61.4571444759219, 58.59348240244736, 54.98729457810407, 46.2722624373766, 39.23930037798669, 27.308816188934042, 17.06698005960164, 88.52864124424109, 80.69088199446752, 73.056549887201