{
	"dissimilarities": [[0.0, 8.466996736527774, 16.756036397082006, 26.78961662932548, 18.615646622951918, 11.722683754632516, 8.298955959248069, 42.902636595175295, 49.46181433709936, 56.61963305592386, 64.23105765214302, 72.93470652449717, 65.07459865703008, 57.91721359491239, 50.645907425956, 15.160565155754385, 13.656975527443693, 17.263540960553893, 25.578400179199345, 32.93194001601044, 29.400619273565805, 22.39442680687251, 13.40362129895276, 6.989627068964767, 8.79732777922944, 45.26793240258204, 52.48972109455675, 58.370762499677596, 66.67343919563899, 72.96362486466016, 72.43195213918237, 66.14550048132514, 57.872724297875706, 51.728704136614134, 45.338051047351705, 19.055935713832735, 24.240939834804813, 33.40651855840008, 39.12910883624845, 47.15139289914837, 55.18122788660992, 60.05693067850533, 61.37533497367731, 58.76657186452929, 48.07392764292268, 38.79281090909263, 34.8252335519873, 66.22556086218738, 59.55553420837733, 59.81427862738872, 65.3159909699877, 68.95682485827992, 74.76542939945351, 83.24972065535347, 86.33703033217108, 85.4815682452027, 82.51986625734703, 79.36979695283667, 75.66562260950295, 66.27291865846065, 63.72954247578412, 68.0506965458194, 73.08176069566912, 80.81466646943146, 76.55212057162575, 73.16167439976776, 70.22086577635513, 58.742419181813254, 62.792696239462664, 72.67482299455322, 82.24170228990594, 91.30264174757136, 101.88192016353078, 114.62113198430482, 109.28357156379677, 126.4217882894173, 117.89321192264809, 123.63814218023397, 116.62415523737825, 109.96498370490484, 104.14685388289611, 95.16178065528696], [8.466996736527774, 0.0, 9.222706351804169, 20.316812070339875, 12.781342628782042, 8.992293174696043, 12.378166509360378, 51.320205778545066, 57.91688834444016, 65.0576682000996, 72.67986638901012, 81.30308101729949, 73.50410195806826, 66.34124489740816, 59.04176460061894, 19.430324059154493, 13.660704406166174, 12.311939767780464, 18.81020549731047, 25.93810081269161, 21.942196310999613, 14.661617566453097, 6.859194853908151, 7.927663211572562, 14.08792445411864, 53.438890845829285, 60.638780514242534, 66.56942561505493, 74.87134800611715, 81.19500438927822, 80.78448907872729, 74.47484828576401, 66.21672133325599, 60.07119308437142, 53.73478616900241, 26.945447695607914, 31.266089971157616, 38.72196139955574, 42.746443902105455, 50.87942761737206, 59.5551157999741, 65.44832171717269, 67.75946918439348, 65.81831943929198, 55.2037902701915, 46.678003219015054, 43.10015921481481, 67.88996259841804, 62.200009287487916, 63.28580117706153, 69.57540492869492, 74.07071804383408, 80.40323810690131, 89.00289955983051, 91.58569597884147, 90.13829243925369, 86.23245752198106, 82.25201963049918, 77.9541003070444, 68.45980558456144, 67.04844442530627, 72.18559840663171, 77.8739133984281, 86.32162996637648, 81.28399676427033, 77.07866558160478, 73.3165745158177, 53.23463493589389, 57.9112369392329, 69.16363254416252, 79.74277439419753, 89.37359701857717, 100.84533384549192, 114.72023897156073, 112.10839248640544, 131.2024479171255, 123.82105246376511, 129.77212087861614, 123.13056880649016, 117.07286517541465, 111.59146062822177, 102.73573618194365], [16.756036397082006, 9.222706351804169, 0.0, 11.3663063177564, 6.446267704513523, 9.96507533447289, 17.123762472116162, 58.39842167234615, 65.41661356976577, 72.82826776391508, 80.08369705403673, 88.09107685909984, 80.55157135164669, 73.3858821154671, 65.95878327038317, 28.490833036766947, 21.558472517774742, 16.3302696625094, 16.48513526658559, 19.523302855987406, 15.098994360880397, 11.593898435161272, 11.814073127928783, 17.032577833847405, 23.3089961556274, 61.99289584303298, 69.1367084043593, 74.87696060623337, 82.87575843145162, 88.8879502984837, 88.46957903875706, 82.47791372471474, 74.36666313459943, 68.29049510602674, 61.832518434848765, 35.55920525037393, 38.34050661531657, 44.03656205159002, 45.29794360088537, 53.380825086728336, 62.9022268551918, 69.819503152086, 72.35722446444551, 71.01434278175194, 61.67525387425717, 54.037325042568945, 51.43443226793339, 66.9889468234109, 63.00798728933159, 65.1851066149336, 72.20599336054902, 77.39812476824551, 83.82534582508181, 92.06349877540546, 94.14673979880823, 92.32260023144185, 87.50722842562543, 82.75394668651289, 77.74169061053543, 68.1067041596465, 68.40154390860731, 74.40411465930882, 80.43319425351548, 89.19947026351586, 83.56163236240246, 78.6037295478212, 73.96118133663586, 47.39228129356754, 49.9015729204631, 61.46295275425651, 72.83918722763079, 83.10323336821955, 95.39238189968087, 110.31107516787189, 111.82949493857959, 131.7554528969921, 125.84944505308388, 131.7704280332589, 125.690272265523, 120.6899258275001, 116.31834038784068, 109.15246278798651], [26.78961662932548, 20.316812070339875, 11.3663063177564, 0.0, 10.632123218356012, 17.878757427557684, 24.846019682104636, 65.60868193462953, 73.03607239423758, 80.74159923007785, 87.40228644558086, 94.46222718964992, 87.40149414787595, 80.3468906000488, 72.8356044707158, 39.54468271517189, 32.41024738168698, 25.990092430041376, 21.102415015604375, 16.668414849024757, 13.383755577876377, 17.74402331145217, 22.69239562959548, 28.18479935522751, 34.23000684357884, 71.21246269625493, 78.18151659254607, 83.56071749627291, 91.02063200580209, 96.51071604840543, 96.08767189748811, 90.62891212914742, 82.82386051371941, 76.91975985968946, 70.35825448089689, 45.40993074704094, 46.89890764348862, 51.1450140629516, 49.43677778861916, 57.1951900999598, 67.45170429627551, 75.17387127327338, 77.32405466749418, 76.42857815677611, 69.04975262276662, 62.22073143667773, 60.53896582001019, 66.32063088108868, 64.65752258642306, 68.02089696565551, 75.57915323416614, 81.2211674348452, 87.33674915754794, 94.78842451526451, 96.41831750872625, 94.44845908382614, 88.85478958646841, 83.45349540525314, 77.6935187342976, 67.9914645933517, 70.39063217855814, 77.16257177215317, 83.19338654038566, 91.84094710347676, 85.85753924164182, 80.30155403675265, 74.82415813071457, 41.62298095000204, 39.302343232652284, 50.850673345295924, 63.30336873708681, 74.56165848590025, 87.76743768382772, 103.77015915299684, 110.97022962676476, 130.48772379215634, 126.25650218203236, 131.7381529066963, 126.28545900303533, 122.57217851908901, 119.58670993478039, 114.86696109657184], [18.615646622951918, 12.781342628782042, 6.446267704513523, 10.632123218356012, 0.0, 7.98934968617609, 16.041654757699092, 58.0126803268725, 65.5206218625986, 73.14721425758043, 80.0773006374316, 87.69093984708353, 80.09478779222871, 72.80827052938442, 65.39331534856206, 31.90627367556721, 26.2742151888826, 22.31507404418836, 22.717218968778067, 23.819842141506186, 19.479344557200328, 17.751547560959327, 17.05461654409424, 20.4509347303725, 26.00184733058302, 63.02420254095582, 70.34174812919521, 76.04872402536468, 84.04525827894953, 89.85891021400728, 89.0834390643057, 83.26881229155991, 75.09252095238726, 68.99136916849471, 62.36223783976132, 36.34398569310071, 36.97855170861253, 41.025171122270045, 40.552997157246345, 48.50993146563761, 58.38536362310336, 65.83244190075624, 68.63447209785481, 67.86615911676559, 59.375855431377026, 52.85271672594968, 51.86846194108001, 60.83219323930112, 57.355368335502135, 59.94602673121688, 67.2522885754465, 72.7860337502233, 79.32599938835739, 87.48329318661276, 89.2351444926555, 87.14680791080615, 81.94221312497592, 76.92645622277773, 71.7225256436666, 62.083531711932594, 62.919253760041485, 69.2545734443101, 75.45810714076643, 84.48503717443921, 78.47424647726443, 73.17493267156142, 68.21876300323, 50.86927513741396, 49.31166718120159, 57.81575179180426, 68.02165139765052, 77.60032234613422, 89.58599006786716, 104.34067278715916, 105.77441616552727, 126.73908395579967, 121.55621858722716, 128.25040952977383, 122.77124336636535, 118.62109244061331, 115.80770679225995, 110.49669814850051], [11.722683754632516, 8.992293174696043, 9.96507533447289, 17.878757427557684, 7.98934968617609, 0.0, 8.416588741733433, 50.459927195627, 57.90087010615365, 65.460892442335, 72.51573726536267, 80.41840535788216, 72.6244431597383, 65.28674834112451, 57.922520870664755, 25.83345210968699, 22.08207127530289, 21.09810191348869, 25.236767613018117, 29.056552473491653, 24.875974100248015, 20.531842506158355, 15.352083337011075, 15.084614751276419, 19.44174651602703, 55.197538308875124, 62.595013011703344, 68.37484853467045, 76.53066922669399, 82.45517257938675, 81.56061288209473, 75.62029221008726, 67.34087754878793, 61.193885081456116, 54.55832474415372, 28.479011463464335, 29.219190008063435, 34.385334824040754, 35.806785840196376, 43.96125443258764, 53.33067319163539, 59.999998588453636, 62.404234211711056, 61.17312204765922, 52.034504800693966, 45.02457370212694, 43.931360194742105, 59.31368795155743, 54.35407609487741, 56.0289073154461, 62.726653371861936, 67.64143504840538, 74.0177897554455, 82.40283192921531, 84.59508116507585, 82.89537086812697, 78.50660077811213, 74.21546326302978, 69.62852592797088, 60.027107771279674, 59.40850799290244, 65.02069384751815, 70.86352815988019, 79.55832667672635, 74.08416645631156, 69.45149711108796, 65.26761426563365, 55.98297311946996, 55.47417464190471, 63.1607910467236, 72.35628234969616, 81.2352423311307, 92.30927436008132, 105.94631680020902, 103.70614539890707, 123.65541328152791, 117.25775050200487, 124.04717396014516, 118.18724132036701, 113.34035754292735, 110.05114015802005, 104.09938704797075], [8.298955959248069, 12.378166509360378, 17.123762472116162, 24.846019682104636, 16.041654757699092, 8.416588741733433, 0.0, 42.06750909855103, 49.54956158924948, 57.17101704926153, 64.13177931480625, 72.00778007170099, 64.22591044312648, 56.910229232178345, 49.52870364007112, 22.758198039688054, 21.811387647444786, 23.91033892951141, 30.030170070559606, 34.83202054310416, 31.156460318041233, 26.213457927623224, 19.036215578150482, 14.64647184073755, 16.15959414609764, 47.451896087429574, 54.77127837355826, 60.40004792627544, 68.42639978866369, 74.23439575078334, 73.25773313032492, 67.42649393251634, 59.218155158441355, 53.13051429129267, 46.450271735690535, 21.630930785901405, 22.609409601436656, 29.61879357273517, 32.803319365112515, 40.93198693191153, 49.69702407585367, 55.26442959486831, 56.39395658726107, 54.35675389967938, 45.3394242681691, 37.49617009787229, 36.15922814018044, 58.545798898429894, 52.578667386085066, 53.361575117462074, 59.19816605038428, 63.141935902567056, 68.87211657803476, 77.06627583089384, 79.859257507671, 78.87796601479701, 75.5455731812389, 72.18152436818231, 68.21778523976192, 58.67311102618286, 56.870193815284516, 61.59820765817569, 66.66564416383841, 74.50524838937824, 69.92974820780768, 66.21325122701624, 62.92765474189808, 60.36492072720171, 60.03155245189424, 66.91791036953684, 75.28886456051923, 83.75036284375028, 93.93963130992775, 106.41193384693238, 101.68988989660235, 119.1489735164804, 111.48632961683758, 117.84855675702963, 111.51469531020783, 105.99355746530611, 102.2451308761633, 96.20270392635564], [42.902636595175295, 51.320205778545066, 58.39842167234615, 65.60868193462953, 58.0126803268725, 50.459927195627, 42.06750909855103, 0.0, 8.706982293089498, 16.661812446190872, 22.274618343067637, 30.50087018027458, 22.24960392827632, 15.040080315064445, 7.81024313329982, 42.82600021671721, 50.108313840456915, 57.70001086066184, 66.39238493129767, 72.789641492129, 70.29043874023844, 64.57650608523966, 55.71943542868171, 47.34548024400998, 41.87157793359176, 17.962989564806104, 21.592281883820917, 24.314660342538144, 30.390714581879198, 34.85687456881018, 32.59747242446121, 27.90687783421437, 20.944644276909433, 16.682712819839136, 11.6111822108275, 28.34412230598023, 28.610349892034122, 36.40172845978777, 45.253229963920994, 48.61169942670938, 50.19780339405721, 47.214504616769716, 39.84525624088289, 32.06281768366707, 27.465356755867816, 17.5901488375267, 15.51304129293099, 70.6896633927578, 61.52799130672373, 57.726319887838926, 57.26238686115797, 54.552674297792095, 55.066337597385576, 60.756931805008435, 66.85687580658399, 70.15471265078331, 73.30702994453631, 75.31617899727354, 75.243067068108, 68.22257630810735, 61.001268451512075, 59.741384643192475, 59.31444950411072, 60.46985544347367, 62.23823939680999, 64.50251269365876, 66.70129868877022, 92.80857921075285, 93.16579482190008, 96.64134073773693, 101.10718963007425, 106.9013463461373, 112.55157465023723, 118.8832330035611, 101.20066030006079, 104.78494868139617, 89.79679001896828, 93.71970147248342, 84.73597637258834, 74.63186854819975, 67.71971102085814, 60.69980973477939], [49.46181433709936, 57.91688834444016, 65.41661356976577, 73.03607239423758, 65.5206218625986, 57.90087010615365, 49.54956158924948, 8.706982293089498, 0.0, 8.09779396501609, 14.789987228445906, 24.71060981506828, 16.485903303274256, 10.674405003309413, 7.272918105294806, 47.29181793284646, 55.086952569295796, 63.12491051769602, 72.13782500057157, 79.11737930306839, 76.7947547779919, 70.71271920510348, 61.74093217057913, 53.25880529914866, 47.39475072566149, 14.685535248142948, 15.137839502553888, 16.258960782611325, 21.798224584432486, 26.4707007273792, 24.239778590962597, 19.208740505105716, 12.619536580200124, 9.802695283961906, 8.278064636914415, 33.832783035173236, 35.544789658967844, 43.50648876915614, 53.20460049665165, 56.154813775315496, 56.74273537353652, 52.59308398468471, 44.79133047124215, 36.53757686029283, 32.10409095652188, 22.92618472509371, 18.598061807505808, 78.5909425184791, 69.07410588406277, 64.78160403412113, 63.563594518239, 60.04084272726234, 59.86317122724338, 65.05120311683707, 71.55691129268301, 75.39985557439228, 79.46442856775815, 82.11463095075855, 82.5440274732485, 75.94364521899287, 68.1266128407033, 66.12908967315975, 65.07603017047288, 65.20721129045093, 67.945577740276, 70.99166669838667, 73.83666883342869, 98.3684364383305, 100.35619708324948, 104.72848162059928, 109.41237734367718, 115.27629764207595, 120.69655959409262, 126.5188032778673, 107.30176680389354, 108.62765450706229, 92.20083173734663, 95.07686847606827, 85.28213021518286, 73.57130645257159, 64.18094721410968, 54.114524133646015], [56.61963305592386, 65.0576682000996, 72.82826776391508, 80.74159923007785, 73.14721425758043, 65.460892442335, 57.17101704926153, 16.661812446190872, 8.09779396501609, 0.0, 9.019579522527094, 20.64399669627958, 13.034727160144248, 10.75037448879666, 12.834013163571791, 53.06696738619648, 61.23735030730193, 69.58704613277796, 78.88535221039247, 86.28808253380159, 84.02282609189696, 77.6351673517519, 68.5113399298193, 59.958207710964395, 53.84917464384472, 16.199843045451825, 12.693834350882868, 10.775786838559773, 14.943780983531509, 19.671430613244095, 16.97093942196265, 11.426886883307548, 6.110526225593504, 8.062466612220478, 12.106972266633715, 40.2270881061361, 42.26096061159982, 49.79772175473012, 59.99162083163803, 62.41130608629926, 61.97521288297542, 56.758118434840625, 48.70632790249031, 40.31284805591251, 36.29472231386316, 28.477830719067825, 24.082284856822803, 85.09000299722813, 75.20088714924367, 70.4163362127802, 68.4416246960401, 64.17662993774717, 63.40136791193454, 68.16150274959588, 74.93953987746481, 79.20298853196694, 84.10752632343825, 87.38211663218186, 88.34807479123403, 82.2431184011302, 73.80203925055616, 71.07010782342266, 69.44291848527546, 68.69544998560625, 72.25876195627028, 76.02196108733537, 79.50690799324269, 105.18773322354087, 108.08779872331294, 112.70610857926974, 117.2530881325374, 122.89977106466633, 127.92685742893228, 133.11042842165415, 111.83276324019802, 111.53878586030486, 93.9177547011269, 96.28231718220334, 86.01779353158254, 73.13592131900849, 62.12927080090589, 49.7035060261863], [64.23105765214302, 72.67986638901012, 80.08369705403673, 87.40228644558086, 80.0773006374316, 72.51573726536267, 64.13177931480625, 22.274618343067637, 14.789987228445906, 9.019579522527094, 0.0, 11.84596912754689, 5.848237394164503, 9.747761294497009, 15.764562726202527, 61.635422180586545, 69.57359997065141, 77.67550320873568, 86.57861638580883, 93.3954081435974, 91.24386738079033, 85.34212550443675, 76.47017399128275, 67.99973676555676, 62.072624781287516, 25.187675909870126, 20.941925488629025, 16.863493097617532, 15.444820253551221, 16.162547786730066, 11.93023329826278, 11.255311745066685, 12.883926316614593, 16.937474064045443, 20.836503532930948, 48.40075536120019, 49.35785844697124, 55.73428448554529, 64.74110536953842, 66.40876897188468, 65.29648796272821, 59.254878888593794, 49.57703573628052, 40.89001335087826, 40.41287199720419, 34.7334472875467, 32.44646120597196, 87.60672103360096, 78.19725179237469, 73.25627147200187, 70.44228640753741, 65.18479883292831, 62.95112253638855, 66.27420619533542, 73.44829290346429, 78.62100332707297, 84.54444284999458, 88.63095351230427, 90.0648040866534, 84.519032415622, 76.11726039076132, 72.66843305860355, 69.8845585130511, 67.38266812173846, 72.25143491818696, 76.95490931977778, 81.11156942835814, 111.39342327119017, 112.97904794113778, 116.32622908526925, 119.98572073915392, 125.09537506801236, 129.2327989079018, 133.2173575368122, 111.15975482478103, 106.99924371425018, 88.2844300389499, 89.66698154015401, 79.0387320393776, 65.484914738321, 54.56844659836922, 44.61966939724558], [72.93470652449717, 81.30308101729949, 88.09107685909984, 94.46222718964992, 87.69093984708353, 80.41840535788216, 72.00778007170099, 30.50087018027458, 24.71060981506828, 20.64399669627958, 11.84596912754689, 0.0, 9.423617069236522, 16.646134576177076, 22.997044005821227, 71.82457387976379, 79.27663333310622, 86.89995104854715, 95.09187844534915, 100.95594152036493, 99.01012743251242, 93.9123868436045, 85.54366935882783, 77.29753828373822, 71.72257037711307, 36.81539127451232, 32.6028510560899, 27.880613763883503, 23.22992371448572, 19.44514559834195, 15.501650339815763, 20.26108599495531, 24.528736774031646, 28.67932524717083, 31.93273740633192, 58.29754045459843, 58.27360875732343, 63.565353550438154, 70.77883164827652, 71.75861230253948, 70.32260621700692, 63.84587436558567, 52.3424283625054, 43.673278448756434, 47.48636250252736, 43.65767899338155, 43.023412146394215, 90.46226468083617, 82.09228953436286, 77.29164246055757, 73.77502270118008, 67.60616182892777, 63.569932018160834, 64.75574017926897, 72.28670079446816, 78.58545822002861, 85.50224183980295, 90.3858113149202, 92.16604807890384, 87.19464462337767, 79.35356567845528, 75.35638175096103, 71.244463163051, 66.55834610389678, 72.91179022837485, 78.54089309278791, 83.2464320888575, 117.50357554737818, 117.19083447350035, 118.92749819399623, 121.53766112919836, 126.10243947445164, 129.19200249160113, 131.7582090942826, 110.17616384487702, 100.33656512135434, 80.46895101432992, 79.95356283376456, 68.74790175858854, 54.35862283643467, 43.886714528484205, 39.71331784086653], [65.07459865703008, 73.50410195806826, 80.55157135164669, 87.40149414787595, 80.09478779222871, 72.6244431597383, 64.22591044312648, 22.24960392827632, 16.485903303274256, 13.034727160144248, 5.848237394164503, 9.423617069236522, 0.0, 7.613942423180648, 14.721083780550059, 63.70999814008495, 71.45114719492258, 79.31681535899662, 87.9798759158878, 94.2772331834594, 92.04947423278486, 86.50176289257237, 77.71798092102237, 69.29030306575434, 63.56452612626663, 28.683835261280457, 25.602541862216924, 22.318773018548, 21.192773159756936, 20.892443298283258, 16.406133808131216, 17.01556973369614, 17.897164749037266, 20.856280820695623, 23.50589555560298, 49.69097340418065, 49.32291810154422, 54.643527916065835, 62.6189185933131, 63.81011123823827, 62.458766290148205, 56.22125667610202, 45.662322656590874, 36.90592701020153, 38.66097684111496, 34.38124351803217, 34.168439108610904, 83.97303503720589, 74.90873353250899, 69.97650028749857, 66.83459828881126, 61.21379212981313, 58.35301621511116, 61.09491704638102, 68.370797065909, 73.85716456960455, 80.07661790807464, 84.45026427425427, 86.04606570701043, 80.77526658139355, 72.50157332093602, 68.7994225779082, 65.51957670398593, 62.36484541105468, 67.65911878708508, 72.68481049445853, 77.08012506329572, 112.39269103118312, 112.3062792517196, 114.23398662872674, 117.06944996477189, 121.63013766997776, 125.2139778579924, 128.596455194613, 106.15728526902953, 101.17789150462312, 82.47146709015493, 84.28701729295265, 74.00101989733298, 61.09953368027729, 52.46473899984503, 46.702982795913854], [57.91721359491239, 66.34124489740816, 73.3858821154671, 80.3468906000488, 72.80827052938442, 65.28674834112451, 56.910229232178345, 15.040080315064445, 10.674405003309413, 10.75037448879666, 9.747761294497009, 16.646134576177076, 7.613942423180648, 0.0, 7.533270042667262, 56.99019430451454, 64.69666220625854, 72.52859062640007, 81.29267295208614, 87.62463596438849, 85.2300357354864, 79.58671159741213, 70.67593325733422, 62.21840399285037, 56.54257697974691, 23.803889771063766, 22.714937398984134, 21.500614814092646, 23.628826608359457, 25.558966032692226, 21.65972722555351, 19.538893346853044, 16.610716497431714, 17.123360800876387, 17.86889499479892, 42.525698812478026, 41.75615563707049, 47.232786517203685, 55.42751884747621, 56.994782833950396, 56.19522940526408, 50.631693927426866, 40.77539179386741, 32.02084930530296, 32.21712388146187, 27.061567745596804, 27.38097263826494, 77.88443256322805, 68.61141025983711, 63.84679539575926, 61.30712183889527, 56.39224266163833, 54.53832954468504, 58.3834133783171, 65.3555466791656, 70.15964980440611, 75.5431775048452, 79.305275981161, 80.5207192327327, 74.8273447167023, 66.62251824990834, 63.46552978751888, 60.96580035152644, 59.1500921505088, 63.4019139321436, 67.70800536002704, 71.59675836974577, 106.65871368575623, 106.33174445333412, 108.28843723122432, 111.33313782325797, 116.01729939062872, 120.072053631268, 124.21914559510786, 102.44049911015699, 100.79465709385613, 83.32122573183976, 86.44419728182896, 76.81107304035821, 65.16173823923828, 57.92739063338849, 52.30435473161509], [50.645907425956, 59.04176460061894, 65.95878327038317, 72.8356044707158, 65.39331534856206, 57.922520870664755, 49.52870364007112, 7.81024313329982, 7.272918105294806, 12.834013163571791, 15.764562726202527, 22.997044005821227, 14.721083780550059, 7.533270042667262, 0.0, 50.48228167818991, 57.85604593724698, 65.45147484543563, 74.0141176562275, 80.17189920116974, 77.76867200640775, 72.26868873113617, 63.507696804839846, 55.15370952457426, 49.66830853230982, 21.06418291301882, 22.158039264319484, 22.79327736115945, 26.85608860712982, 29.987566929401574, 27.015338711331605, 23.658210557621516, 18.500359278022955, 16.500899985828834, 14.379858750497307, 35.98398120861152, 35.47485851188836, 41.84541178795852, 50.00150908756368, 52.37825067812244, 52.803458145012826, 48.50359408311658, 39.42917792626539, 30.91742526493325, 29.491356286466054, 22.299478568040936, 21.97954549707889, 73.54323004596085, 64.48809575165524, 60.24808315944743, 58.69635738454155, 54.78301028146111, 53.91260390463245, 58.509810269144545, 65.12147439646614, 69.30368921136859, 73.62769186964832, 76.56973903552142, 77.12660118706738, 70.75575621120342, 63.15474619621465, 60.92298132026211, 59.30649739389395, 58.78363905121964, 61.91619771935253, 65.27673454067323, 68.35087512089558, 99.44083531157885, 99.08975036258437, 101.55225625827852, 105.18317545450032, 110.39697949614738, 115.16468960862699, 120.30831949423188, 100.91712731995534, 101.37434293499497, 85.15129837114787, 88.52175866640154, 79.18275016455722, 68.3920443248952, 61.52864908388506, 55.832373467954405], [15.160565155754385, 19.430324059154493, 28.490833036766947, 39.54468271517189, 31.90627367556721, 25.83345210968699, 22.758198039688054, 42.82600021671721, 47.29181793284646, 53.06696738619648, 61.635422180586545, 71.82457387976379, 63.70999814008495, 56.99019430451454, 50.48228167818991, 0.0, 9.529895631114439, 18.982413278630723, 30.54109031742886, 41.218543146473884, 38.13590354165199, 28.820268527012235, 18.77540756253387, 11.545451134120183, 6.678098508507194, 38.941566371023896, 45.82685281331343, 52.172143727597025, 61.10421739994523, 68.28333236654044, 68.20574561452851, 61.05569773307617, 52.712875511402345, 46.64591469162815, 41.21638920612104, 16.33239673140247, 26.6969128369171, 37.84010471719952, 47.72932425041933, 55.056225202984315, 61.139793194140644, 64.27312124481037, 65.98020218556069, 62.57951812414804, 49.104599457920685, 38.372416411820645, 30.783326974163014, 77.38323001859047, 68.86397006180634, 67.74309312246231, 72.17335942275176, 74.9509032287056, 80.81895450553137, 89.90683311406607, 93.5207628355055, 92.91880802510488, 90.9936679734841, 88.63011192955489, 85.82170276634635, 76.98805575323199, 72.42714687823846, 75.55615844248273, 80.30519856469708, 87.73515486349547, 84.18808731085213, 81.69425209359905, 79.80620870518793, 65.91205337158553, 75.36527046252286, 87.44756440631986, 97.38712556861435, 106.31922752523131, 116.63544159166257, 128.86294621496563, 119.26344690665988, 136.24989180607977, 125.84095122748295, 131.35889200249036, 123.39954488961644, 114.82185114481025, 106.09299417648165, 92.20247581566726], [13.656975527443693, 13.660704406166174, 21.558472517774742, 32.41024738168698, 26.2742151888826, 22.08207127530289, 21.811387647444786, 50.108313840456915, 55.086952569295796, 61.23735030730193, 69.57359997065141, 79.27663333310622, 71.45114719492258, 64.69666220625854, 57.85604593724698, 9.529895631114439, 0.0, 9.481694166032458, 21.114857784458433, 32.17816020850447, 29.18992395409568, 19.65330860566469, 10.613294954721647, 7.60448944577537, 9.674059074747376, 47.77341823277042, 54.48948847375528, 60.58674731318156, 69.11492011187131, 76.03333566565477, 76.18818228190356, 69.32455230499781, 61.19066837656053, 55.199117754634464, 49.606016577595234, 24.164903159494642, 33.008350845532455, 43.04256644032613, 50.775356129286656, 58.576042206684626, 65.80865128398851, 70.12621894086317, 72.15590818480833, 69.18932593128679, 56.57198841442109, 46.30326611973946, 39.398360979217934, 78.67244924032886, 71.41591682017345, 71.28842012994886, 76.60618985358126, 80.16978325382948, 86.29174755801337, 95.21624498132934, 98.45934287433418, 97.50369224611462, 94.67890814961738, 91.51720498674577, 87.97522920278418, 78.7837935948597, 75.65444159218987, 79.7209845159186, 84.9542605824335, 92.84510940092493, 88.67295097587382, 85.40137919323105, 82.62539680293968, 57.255360662042925, 67.90074397832603, 81.81376081592745, 93.02000149167192, 102.86870477271252, 114.16460872608334, 127.57768265918084, 121.96874610938879, 139.67018263339716, 130.400195964222, 135.54378167144088, 127.80574351660488, 119.85275740778198, 111.37543356959213, 98.16326960000373], [17.263540960553893, 12.311939767780464, 16.3302696625094, 25.990092430041376, 22.31507404418836, 21.09810191348869, 23.91033892951141, 57.70001086066184, 63.12491051769602, 69.58704613277796, 77.67550320873568, 86.89995104854715, 79.31681535899662, 72.52859062640007, 65.45147484543563, 18.982413278630723, 9.481694166032458, 0.0, 11.84485502139469, 23.296525187674685, 20.375840388046647, 10.630477447536396, 6.346969165632838, 12.13050277132671, 17.576708703514377, 56.734278240971136, 63.37144627576161, 69.27835716564458, 77.48397961923328, 84.14483941204388, 84.42520649287924, 77.8289268676132, 69.8477713896756, 63.906940802205035, 58.1638757839048, 32.50714601483751, 39.9510513252018, 48.76487910177563, 54.37962239901034, 62.41816381092399, 70.57658196773316, 75.9232901511207, 78.2493344708676, 75.73774200275967, 63.97614481716103, 54.252342703066695, 48.08852819199764, 80.04023545532196, 74.11168040050377, 74.9278878266701, 81.00957697817498, 85.27632637818367, 91.59797023090411, 100.32203806158829, 103.17276632597063, 101.86751175347356, 98.19190785599926, 94.28532440007237, 90.0683989772126, 80.64422657938667, 78.93108865518916, 83.83668072793095, 89.48194378175907, 97.76798272110821, 93.01464705818783, 89.02458045793254, 85.42592367461876, 49.0536611814065, 60.57757840820687, 76.20508642044469, 88.59551829983245, 99.27163472990583, 111.47993703680946, 126.00978810890894, 124.34038421949506, 142.79235226358327, 134.72462736164837, 139.61290525042028, 132.19345832904983, 124.97027887772677, 116.99291790176238, 104.749729251424], [25.578400179199345, 18.81020549731047, 16.48513526658559, 21.102415015604375, 22.717218968778067, 25.236767613018117, 30.030170070559606, 66.39238493129767, 72.13782500057157, 78.88535221039247, 86.57861638580883, 95.09187844534915, 87.9798759158878, 81.29267295208614, 74.0141176562275, 30.54109031742886, 21.114857784458433, 11.84485502139469, 0.0, 12.199357807091076, 10.47854417955462, 5.813263935619905, 14.67115747064617, 22.465568824405807, 28.495597913735114, 67.00247497978629, 73.39804907669381, 78.94779789502479, 86.58632996711596, 92.82261499712655, 93.32997297654491, 87.175076618137, 79.5228846628988, 73.74127484269536, 67.90813085865692, 42.99892496025045, 49.55242416472508, 57.50123851334611, 60.868473156193886, 69.00578213917079, 78.04441754025156, 84.22195147898297, 86.28504660354734, 84.00064446075191, 73.56439821643849, 64.12892574984272, 58.34426283747428, 83.46854602118087, 79.29121604387672, 81.11658707959884, 87.82198345676748, 92.5735247591599, 98.75613337880606, 106.9465100396799, 109.50209567469135, 108.07647223144447, 103.68659061802656, 99.13956952154982, 94.21183024289222, 84.57044477198845, 84.55366588188829, 90.22411567793802, 96.00679770382489, 104.30851893688052, 99.2249531527067, 94.6642760998704, 90.28742549527497, 37.86206853533673, 50.99264411060584, 69.4293534781449, 83.52644034117974, 95.4650311154914, 108.74168265554603, 124.48902309507787, 128.2501633115665, 146.215255198512, 139.39494900295108, 143.4478685572491, 136.25592827746792, 129.76893447565104, 122.12297723918904, 111.08574822445604], [32.93194001601044, 25.93810081269161, 19.523302855987406, 16.668414849024757, 23.819842141506186, 29.056552473491653, 34.83202054310416, 72.789641492129, 79.11737930306839, 86.28808253380159, 93.3954081435974, 100.95594152036493, 94.2772331834594, 87.62463596438849, 80.17189920116974, 41.218543146473884, 32.17816020850447, 23.296525187674685, 12.199357807091076, 0.0, 4.869717641454378, 13.991705357324998, 24.222270720154643, 31.791013420937716, 38.052413867905955, 75.76119421359294, 82.10254219715961, 87.3187404748058, 94.44414592680137, 100.13267410079422, 100.5905492762734, 94.9819409269143, 87.57285783078615, 81.89967245430591, 75.83654061175851, 51.58887284969109, 56.60931788659155, 63.34213767748167, 64.12421124963542, 72.14575172791544, 81.98045445145601, 88.95829930464869, 90.61816935473267, 88.71541091813873, 80.07358878221225, 71.33295124146906, 66.64936875175047, 82.91018557315262, 80.70875796763403, 83.56861168223625, 90.79075633162708, 95.95560481289688, 101.85507846003935, 109.32804039581949, 111.50318389371029, 109.98398435373265, 104.90973139229229, 99.80163352094894, 94.20683532466991, 84.471067289541, 86.27666763000325, 92.64914773594715, 98.43019583803454, 106.61499727850841, 101.23418596325008, 96.14687899114348, 91.03529994287979, 28.67453419214628, 39.208696229116704, 59.22852341699312, 74.5641352056208, 87.50837807553441, 101.58001441656658, 118.26195496337775, 127.49505159474897, 144.78726936741762, 139.51855770562557, 143.0312672700515, 136.4035763501296, 131.1515077457807, 124.86735967866943, 116.46331879179476], [29.400619273565805, 21.942196310999613, 15.098994360880397, 13.383755577876377, 19.479344557200328, 24.875974100248015, 31.156460318041233, 70.29043874023844, 76.7947547779919, 84.02282609189696, 91.24386738079033, 99.01012743251242, 92.04947423278486, 85.2300357354864, 77.76867200640775, 38.13590354165199, 29.18992395409568, 20.375840388046647, 10.47854417955462, 4.869717641454378, 0.0, 10.30076034855588, 20.378377771005642, 28.161764840233044, 34.62875496953809, 73.21024767938994, 79.80423200613305, 85.22329104833433, 92.66005596489003, 98.50582658978192, 98.74267880687438, 92.96239593231618, 85.31435936667896, 79.49765525677792, 73.32605856907728, 48.243291457202325, 52.764276947894416, 59.10883266922508, 59.93130137193761, 67.9434550413453, 77.71790975870981, 84.79876693750357, 86.91183029177876, 85.2549491418784, 76.29071959252971, 67.88738358257675, 63.705552986351684, 79.18619219114555, 76.6281918924953, 79.40344376224262, 86.67481779705433, 91.98194725945908, 98.14359235816922, 105.89332910455998, 107.95821806943238, 106.23309920428106, 101.07256680536807, 95.91920644133354, 90.40285304459498, 80.71700488912083, 82.25080335368442, 88.62990882269786, 94.60331307871215, 103.09416736163963, 97.50543612266881, 92.32302314520345, 87.21912892397623, 33.486761719955695, 41.674923952971554, 59.59036165851416, 74.05278090598844, 86.34493068168292, 100.11661883971142, 116.55019896699457, 124.00378204240795, 142.54269108247343, 137.2673470546944, 141.54807007750452, 135.1243134457145, 129.99378679603998, 124.23186534871535, 116.01130880742713], [22.39442680687251, 14.661617566453097, 11.593898435161272, 17.74402331145217, 17.751547560959327, 20.531842506158355, 26.213457927623224, 64.57650608523966, 70.71271920510348, 77.6351673517519, 85.34212550443675, 93.9123868436045, 86.50176289257237, 79.58671159741213, 72.26868873113617, 28.820268527012235, 19.65330860566469, 10.630477447536396, 5.813263935619905, 13.991705357324998, 10.30076034855588, 0.0, 10.886177550703364, 19.383717919783216, 25.904373072572785, 65.66655052700419, 72.42755957975777, 78.19363835556372, 86.15838848841491, 92.47872335915766, 92.64349989215273, 86.3792684276185, 78.44025653968157, 72.47694696967042, 66.43275163222035, 40.37979199866941, 45.82070460016076, 52.941687321637204, 55.89036731741858, 63.976919909642234, 73.07077705721125, 79.55586932122397, 82.19150408036472, 80.34956574159236, 69.82835484483348, 61.05531714693063, 56.30003286165048, 78.37284233833213, 74.08857396914387, 75.98850697992067, 82.85577628396452, 87.88918641935271, 94.37958727259847, 102.79865027090013, 105.11320004650662, 103.38019914888046, 98.73378312439777, 94.01888901022869, 89.07877181805866, 79.51633190275696, 79.47348586346457, 85.28215255013238, 91.32789893813597, 100.02616789857268, 94.59361233203921, 89.7988360628067, 85.29521427243176, 41.83282840842445, 51.589712216638965, 67.80753502893545, 80.99222152949008, 92.24647419313644, 105.24188344305101, 120.80806962567287, 123.3223402887253, 142.82481083077246, 136.35845671437056, 141.3493325981989, 134.5852341155394, 128.5752169123106, 122.01684461886963, 111.93636421570099], [13.40362129895276, 6.859194853908151, 11.814073127928783, 22.69239562959548, 17.05461654409424, 15.352083337011075, 19.036215578150482, 55.71943542868171, 61.74093217057913, 68.5113399298193, 76.47017399128275, 85.54366935882783, 77.71798092102237, 70.67593325733422, 63.507696804839846, 18.77540756253387, 10.613294954721647, 6.346969165632838, 14.67115747064617, 24.222270720154643, 20.378377771005642, 10.886177550703364, 0.0, 8.851931509966231, 15.425202928761427, 55.94643329646888, 62.98744938353276, 69.04026903905003, 77.4716917524902, 84.07915028234261, 83.95301306667504, 77.37666958323028, 69.1368082496917, 63.019615011197914, 56.96826097405493, 30.06840140692781, 35.82671766218584, 43.64118099972934, 48.52436219227781, 56.563902244857715, 64.93161859511001, 70.69963024512688, 73.48192928951582, 71.46356201688948, 59.93121599087629, 51.0222419041444, 46.32306809496852, 73.88439515517095, 67.99878946710254, 68.9770851156477, 75.27174217046745, 79.845272529886, 86.41432566022583, 95.26521194154806, 97.85152931459943, 96.26647758192466, 92.29721152878544, 88.20678624154071, 83.92492062915314, 74.53697427449151, 72.94659681652186, 78.05427323077556, 83.9312012623077, 92.57171990190562, 87.46007541812263, 83.20523649428095, 79.42968990451374, 51.62522736070594, 59.712097248344755, 73.09318691143712, 84.53820569355908, 94.55924720173928, 106.45199814095723, 120.76918073586273, 118.31556625094838, 138.03659831597494, 130.48007936191456, 136.24556914939612, 129.34064142784567, 122.79711742579899, 116.22779386423136, 105.58598333681854], [6.989627068964767, 7.927663211572562, 17.032577833847405, 28.18479935522751, 20.4509347303725, 15.084614751276419, 14.64647184073755, 47.34548024400998, 53.25880529914866, 59.958207710964395, 67.99973676555676, 77.29753828373822, 69.29030306575434, 62.21840399285037, 55.15370952457426, 11.545451134120183, 7.60448944577537, 12.13050277132671, 22.465568824405807, 31.791013420937716, 28.161764840233044, 19.383717919783216, 8.851931509966231, 0.0, 6.723277591935277, 47.2936839404053, 54.47454939090939, 60.618807023532476, 69.23514198085921, 75.92528969119164, 75.60769367585821, 68.93114705948774, 60.56470682422141, 54.38620340917239, 48.30680375469805, 21.228013811033783, 27.823805599876483, 36.954051737443564, 43.6306117481743, 51.5516398333025, 59.231455547917655, 64.0931054226441, 66.31652138526768, 63.83534782181795, 51.87033502576674, 42.45622972432076, 37.50355544314524, 71.11398169909037, 64.09242090112625, 64.232011433401, 69.81844389524592, 73.68662462508007, 79.94446320110566, 88.85607478174231, 91.84310059624794, 90.68234215526246, 87.54464007302853, 84.19811977413325, 80.51893144596559, 71.2719036761177, 68.4536306442995, 72.79620824660833, 78.19026165813229, 86.34786794345109, 81.83950729527632, 78.28859603048383, 75.28405330234867, 58.26396455664083, 65.14508772145696, 76.70827532808505, 86.94745663783151, 96.20828507591396, 107.16700721092808, 120.34173743685525, 114.5585230815089, 133.0818797086934, 124.46566956721419, 130.37024678068076, 123.2125802578199, 116.14710767308337, 109.42064153515997, 98.57733997346591], [8.79732777922944, 14.08792445411864, 23.3089961556274, 34.23000684357884, 26.00184733058302, 19.44174651602703, 16.15959414609764, 41.87157793359176, 47.39475072566149, 53.84917464384472, 62.072624781287516, 71.72257037711307, 63.56452612626663, 56.54257697974691, 49.66830853230982, 6.678098508507194, 9.674059074747376, 17.576708703514377, 28.495597913735114, 38.052413867905955, 34.62875496953809, 25.904373072572785, 15.425202928761427, 6.723277591935277, 0.0, 40.76500721395296, 48.00181487377949, 54.263431586115935, 63.082153454003304, 69.93649805975389, 69.54351886753453, 62.69084476389851, 54.23205205752991, 48.02326823562155, 42.05150937358664, 15.046420236889237, 23.371433986735365, 33.890845896400094, 42.445467228453744, 50.06355863379911, 56.887845586341534, 60.77150532298302, 62.542719471857964, 59.56951449949293, 46.96224718297332, 36.89271048316702, 31.15178528794467, 71.44116774326098, 63.46189484647384, 62.81364849987293, 67.68539653813536, 70.87130972687022, 76.84730285740652, 85.8280178852386, 89.18470608520228, 88.39419747469363, 86.02008880973057, 83.33304364752179, 80.21271790439731, 71.19297265529508, 67.27326026754946, 70.8651543089674, 75.8138458513157, 83.50872484213482, 79.58086000059807, 76.69329994063956, 74.40474663472848, 63.69091841450372, 70.61094819907747, 81.39149896029741, 90.92195591565475, 99.68096944353687, 109.97504421772975, 122.29910165277526, 113.8209024080915, 131.33372377276623, 121.72378368889872, 127.63145316861798, 120.16052944059575, 112.4625137846963, 105.21059913731776, 93.58323461527887], [45.26793240258204, 53.438890845829285, 61.99289584303298, 71.21246269625493, 63.02420254095582, 55.197538308875124, 47.451896087429574, 17.962989564806104, 14.685535248142948, 16.199843045451825, 25.187675909870126, 36.81539127451232, 28.683835261280457, 23.803889771063766, 21.06418291301882, 38.941566371023896, 47.77341823277042, 56.734278240971136, 67.00247497978629, 75.76119421359294, 73.21024767938994, 65.66655052700419, 55.94643329646888, 47.2936839404053, 40.76500721395296, 0.0, 7.971913262042305, 14.662510978966392, 24.53677410365816, 31.98625009580405, 30.82896795991922, 23.10412319380244, 14.305715435681151, 8.379778195395389, 6.747535212644688, 27.59889124468179, 32.38656799841327, 42.03768339994794, 54.487429609110976, 58.19918669389714, 58.8703567717655, 55.34757746337617, 50.99282927541817, 43.951393341816264, 33.5811146719379, 22.453473330037674, 12.251575232335597, 83.14060030365417, 72.4621808489732, 68.01750490372099, 67.576145266