{
	"dissimilarities": [[0.0, 7.725434412444327, 15.90999961856002, 24.430245299639825, 18.026979911542753, 11.654200081014615, 8.543042176863286, 42.73494802053688, 48.16070948162678, 55.43015263532434, 63.935079306116805, 73.35151109982148, 65.34103113240728, 56.76926894026414, 48.20898648032264, 15.84915735083143, 16.57408970836543, 20.21930138205319, 29.646212390525672, 35.65893069789111, 31.848616947317097, 24.166055646894428, 15.941366769033984, 10.438202308672743, 10.153807248954108, 45.36198043801589, 52.590560145791954, 59.91159076125044, 69.05216672010889, 74.73487165681718, 73.45258450911093, 66.50433779706565, 58.934584823388384, 51.63545022081369, 45.480946867380474, 18.5138347275444, 25.279935976641653, 34.838446480976074, 38.75108921784684, 46.468661674030265, 54.12994329575694, 57.21246382295622, 59.74945992636948, 56.4278169434155, 44.48379526659907, 35.643624217264296, 34.308658447042355, 65.66933162476208, 61.55805206973759, 61.1807386328384, 64.78046945058448, 66.60611790348891, 71.73180085957661, 80.86250553523521, 81.19969794670072, 80.52197254581067, 77.19180329180742, 73.9179628952853, 69.94379881164775, 65.5530194896542, 65.699916113242, 68.03963346783901, 71.95371770495275, 77.67299773046184, 72.87715808897751, 68.96312874970619, 66.7024920371034, 54.44743020225641, 63.92570330468123, 76.15389920039466, 88.56421646246966, 90.50187290150005, 98.91254198064769, 100.96010131360939, 104.76156449965424, 118.65429628634459, 122.70372134276037, 130.76306914179577, 129.04458003703064, 118.14924203194242, 111.68518168991042, 94.7914204610023], [7.725434412444327, 0.0, 9.425354293922908, 19.356922857955624, 14.050382228952666, 11.490630746847366, 13.227820367549372, 50.393164810550154, 55.56841448437142, 62.712648242801976, 71.36439962699623, 80.98704560784351, 72.99959290662673, 64.4056111605357, 55.86512485704999, 17.229802984965353, 13.474850962485855, 14.672186608859805, 23.64665990051079, 29.80784376141243, 25.52198012549373, 17.17500338867242, 9.133920107967114, 6.905383439315591, 12.110590452058482, 51.9399372168002, 59.22237486772831, 66.65421278794707, 75.90692957746695, 81.76129248258125, 80.66402605942521, 73.5670568156123, 65.93763197679367, 58.62104903326578, 52.43490314898039, 24.57929315050679, 30.917154563641944, 39.21745191349383, 42.3616031709815, 50.26298563153585, 58.46151967229646, 62.380137409443726, 66.02793204425728, 63.187816115178805, 51.18542646187989, 42.92563621360467, 41.248472386196944, 68.1294934198532, 64.80435615844928, 65.08286249532559, 69.36091265275329, 71.81418154323497, 77.4427679308415, 87.02474729447573, 86.81468477061686, 85.5570927814976, 81.56149987359277, 77.5854420437123, 73.067671108186, 68.42424050425221, 69.49231661483243, 72.49488355720112, 77.22398340276392, 83.55502865760441, 78.13127473227078, 73.41523795588094, 70.49282883649842, 49.66463388021374, 60.77542646615875, 74.63436864621181, 88.15791899613843, 90.5846081383139, 99.7487416802755, 102.79555719060245, 108.49277596418699, 124.32458812763792, 129.0822201436672, 137.34347373366805, 135.7322194859881, 125.20564723759759, 118.69747171250177, 101.5588486083584], [15.90999961856002, 9.425354293922908, 0.0, 10.40354691660272, 7.7526631517489495, 11.94114960750082, 17.48736227256349, 58.183506026718, 63.974428581099964, 71.29141433792121, 79.67589239885936, 88.5428969040212, 80.72868209402263, 72.2257380451341, 63.64428101619962, 26.135395676776238, 19.766569236644404, 16.505896581893577, 19.946172525347063, 23.491939691250206, 18.717452661599385, 12.776459713446211, 11.225090501120471, 14.946030560020445, 21.411215698436674, 61.08033983764482, 68.25451758182649, 75.48388932829198, 84.3566084505511, 89.90089546137288, 88.88603405760044, 82.16697812817783, 74.74575666728516, 67.5036356242937, 61.360536194813044, 33.66727049815231, 38.492407113704395, 44.87837113243579, 45.09296794934395, 52.84231834160297, 62.04666856978391, 66.98028571458164, 70.90896590957492, 68.81779719201577, 57.9804843830985, 50.69608254400537, 50.16666409717404, 67.2083159457031, 65.54188408626864, 67.09285916177868, 72.26007560095088, 75.39074487573224, 81.25999911782672, 90.90257712639534, 89.96296396667289, 88.14026427886188, 83.39326870820351, 78.48041397887883, 73.07419263336115, 68.14237876996667, 70.87188168781181, 74.89527606308492, 80.46393418913468, 87.19368800597829, 81.27006871875896, 75.70533938954674, 71.77265023590454, 43.769174604822005, 53.226294951493145, 67.427016058895, 81.82127317144138, 84.89386992409078, 94.90230761450844, 99.49671986229119, 108.79041080514887, 126.03655343135607, 131.67056170818637, 140.10854429295006, 138.83742020865353, 129.42665756262207, 124.02657591760082, 108.76468756607063], [24.430245299639825, 19.356922857955624, 10.40354691660272, 0.0, 8.556155881319253, 16.58838729568697, 22.957717965853504, 64.51693204912755, 71.11631403004709, 78.64401970853201, 86.52653293518125, 94.1868382520521, 86.71362298586834, 78.45374619353406, 69.90032847831597, 36.31656041295797, 29.511440293802448, 24.597084398438525, 22.362099404985972, 21.070318736858322, 16.916631192446975, 17.212213812233685, 20.669751493477637, 25.226927803221084, 31.463980016725426, 69.56709781872614, 76.50380637754235, 83.34713580101263, 91.57667836117442, 96.57188111947592, 95.60031726521986, 89.52750106261955, 82.48699791819672, 75.42036478594865, 69.4065080186769, 42.629995829179094, 46.191977893123486, 51.04868617598827, 48.01943049662228, 55.25612963999094, 65.3254158327013, 70.97180491353951, 74.38990162849764, 72.9851297475956, 63.872933634778576, 57.484875776668716, 58.35781298127208, 65.14523767284888, 65.45687002470365, 68.37494457724375, 74.24147927749068, 77.81632230289983, 83.5625946939627, 92.81820747507997, 91.27286343095376, 89.11745209720613, 83.8420251767956, 78.13563468593966, 71.8551997882334, 66.7374084080418, 71.24617989778686, 76.21303497570884, 82.29305528841498, 89.03034047711942, 82.95468578970998, 76.85170124070412, 71.98485083233551, 39.47553647281807, 44.12513565533605, 57.5945146664413, 72.62662373533988, 76.54770471899442, 87.36300465079924, 93.75634457374704, 107.24801837707582, 124.80016261525324, 131.06373722232638, 139.42306037977656, 138.50434705385985, 130.4609172798795, 126.59300616385723, 114.15623202558885], [18.026979911542753, 14.050382228952666, 7.7526631517489495, 8.556155881319253, 0.0, 8.602666422069088, 15.763713850639668, 57.75742405961506, 64.36633341178748, 71.92446083038689, 79.93716508984888, 87.95697944669409, 79.99030169130216, 71.50401398072161, 63.03319648811969, 31.168104159497986, 26.56436437235788, 24.14727650178682, 26.463416214060835, 27.848109587854488, 23.328530594228475, 19.834475635183953, 18.7053545607994, 20.68405080686747, 25.662014401392163, 62.929467006510095, 70.16806286649322, 77.30181031385398, 85.97204534728876, 91.10943724271347, 89.74417807860104, 83.38264137795657, 76.01560036495547, 68.74051837876193, 62.61770751805005, 35.37877415178673, 37.87589443134188, 42.50516820799637, 40.132928881842616, 47.59319824726742, 57.37854042080026, 62.82193560058842, 66.63792818399344, 65.2014355326643, 55.669664852770175, 49.71390788795058, 51.271261239437095, 60.013372424398135, 59.05304116352296, 61.250716838062175, 66.81091309543788, 70.24271735859493, 76.13943054870352, 85.74535913299313, 84.3391445030924, 82.2379921673479, 77.18153487428596, 71.90417801143924, 66.15438597379782, 61.14960061053948, 64.59099889431297, 69.09087612141496, 75.00661251522432, 81.89294322441829, 75.73770104152945, 69.81572129230494, 65.41991957258702, 47.02586296536039, 51.43489876266126, 62.10554707938303, 75.47522574746083, 77.70039948206826, 87.41802550401869, 91.76173177099868, 101.81119427052542, 119.72854522892695, 126.14905326435539, 135.4043883784728, 134.79617772219652, 126.36867976041395, 122.82852532508561, 109.86815449031816], [11.654200081014615, 11.490630746847366, 11.94114960750082, 16.58838729568697, 8.602666422069088, 0.0, 7.492648446065115, 49.33307465692016, 55.99802440663193, 63.58481587631029, 71.57358032139491, 79.70769995262405, 71.55132236415203, 62.99745149859551, 54.55996375057768, 26.5953266455874, 24.874537135248445, 25.200708127445488, 30.73337096384484, 33.814307195162016, 29.56507382617309, 24.292761165810468, 19.58582681973534, 18.068057823065548, 20.62079850802505, 54.983678285396415, 62.26243704976029, 69.42150210960756, 78.19399524631535, 83.31883031150639, 81.7205287854267, 75.3062674292035, 67.86384212540015, 60.55271887285982, 54.43912929023664, 27.77474856702185, 29.980565306893997, 35.57706709927368, 34.526054328911755, 42.152058138469684, 51.383080204014384, 56.0328361283102, 59.229457626718265, 57.30962385500767, 47.40129976537964, 41.12926053609, 43.07515565890591, 57.46324832227632, 55.07375283046987, 56.26584533489319, 61.09614113063249, 63.927048684767804, 69.52755059403268, 78.99022525617855, 78.1596789373233, 76.592688610382, 72.21242262024921, 67.7577293162256, 62.74751232171356, 57.99502173581663, 60.033954036011124, 63.70748014754941, 68.86202541293419, 75.33828080897165, 69.65616764921444, 64.49652666355838, 60.92733475699779, 52.74538723850237, 57.22750107450373, 66.49157773137543, 78.53018401882655, 79.901553723226, 88.60409028606361, 91.32231011428476, 98.17051781142406, 114.55273216543566, 120.32052641402855, 129.6283597903748, 128.92580955923418, 119.85492630062059, 116.12157337004051, 102.71285846305679], [8.543042176863286, 13.227820367549372, 17.48736227256349, 22.957717965853504, 15.763713850639668, 7.492648446065115, 0.0, 41.99374268239048, 48.72512883634871, 56.34455403857453, 64.22287606579783, 72.30257565336748, 64.26132793698974, 55.779265511568916, 47.282289504584504, 24.091184429321547, 24.763611102443154, 26.938330567380394, 33.94533068758145, 37.921934849857884, 34.16207314062826, 28.374351237673242, 22.14908808543435, 18.322066711728397, 18.29477237929868, 48.22967790055647, 55.30798552580241, 62.274166564720495, 70.86874869862018, 75.89343888512528, 74.2728829664363, 67.98223499951227, 60.68155265003886, 53.48271200316322, 47.46900896336764, 22.381028126914412, 25.486503998168637, 32.93451456454795, 33.48745989804411, 40.95701879686737, 49.411559708630655, 52.946397362419, 54.795266529903245, 52.097787164263806, 41.952426684345426, 34.60269605925169, 36.35675360014095, 58.187104902373434, 54.787512696535074, 55.08163334819169, 59.02722111677988, 61.04029630683169, 66.02434263466576, 74.93337801228459, 74.88571646000929, 74.08965272674055, 70.56221794669588, 66.99631224662839, 62.668916848773996, 58.220480891484094, 59.068369006566364, 61.86633807867931, 65.97186951037179, 71.66217926962052, 66.80162730722732, 62.676840958644895, 59.977405502609294, 56.014503571235274, 60.87831795505477, 69.95732161385416, 81.27506919437347, 82.61124858293655, 90.68029180688295, 92.58907803843331, 97.41085379966746, 111.25401887633032, 115.89688830173212, 124.55737819541721, 123.44287030569751, 113.63566260765532, 109.24096799956834, 95.3887949177863], [42.73494802053688, 50.393164810550154, 58.183506026718, 64.51693204912755, 57.75742405961506, 49.33307465692016, 41.99374268239048, 0.0, 9.298030703374183, 16.589453487911438, 22.68882840121708, 31.17313230917634, 22.6077692911251, 14.305274624611478, 5.671340691312592, 44.2848881458055, 52.8241185376166, 59.411596001010246, 69.1541473804085, 75.03649460066516, 72.47636634214335, 65.77872178689499, 57.35252554558903, 50.137147010586816, 43.5319718249518, 19.897501361206462, 22.696024360694892, 26.73245519944489, 33.731050903396934, 37.648475189806305, 34.39395381817462, 28.92395094992565, 22.85089056566857, 17.775353294973467, 15.29679429253911, 30.391042619359574, 31.306940586961, 39.775697080015696, 47.33647139100937, 50.344670476472345, 50.95500201730131, 46.68034051084098, 39.942564782107844, 32.30633345477747, 24.805332854972985, 15.053868540425118, 16.226236252208523, 72.36113466723889, 64.2799970946889, 59.53993038570356, 57.42414454194194, 54.13401475770127, 54.336149463842595, 58.41821635019933, 63.42950350993855, 67.23346897469035, 69.26649474930834, 71.39139906253331, 71.80689604980573, 69.88016796747152, 63.98063414171455, 61.07610150609014, 58.16336968262664, 58.098969593533084, 59.10349271893894, 61.904251076306984, 64.83153930187638, 89.64142238166531, 94.68828677420214, 100.45847990386955, 107.07164485589318, 106.56717970115467, 110.4782718151977, 106.82275370228362, 97.87453848955137, 97.95720833433224, 96.21202813385368, 102.18784033580094, 99.33985816423288, 84.91403940537833, 77.2701228359924, 60.1082322456165], [48.16070948162678, 55.56841448437142, 63.974428581099964, 71.11631403004709, 64.36633341178748, 55.99802440663193, 48.72512883634871, 9.298030703374183, 0.0, 7.7734846994272795, 15.944815821945202, 27.986372350143505, 19.675044997903054, 12.444445663884032, 8.431635128995739, 46.78965063893474, 56.03655399302785, 63.234287441109586, 73.67023070759022, 80.33357167200923, 77.84006177100592, 70.56605851811945, 61.72891651718754, 54.262331657225396, 47.17628805895759, 13.597396234584616, 14.286816907440683, 18.121107513159373, 26.32273310784452, 31.283708013982583, 27.843297590753323, 20.810981353198652, 13.741636447134816, 8.805298439761655, 8.760660516421009, 33.68399730491868, 35.65210191558513, 44.52898306350512, 54.191851951043276, 57.12246260017004, 56.662633759732785, 51.62882200813966, 45.515924359420204, 37.62152812015069, 29.396291382341502, 20.233247936289565, 16.507234152801338, 80.41751176761952, 71.66536678086621, 66.24582719531132, 63.5456197028696, 59.87542374537679, 59.877804613697094, 63.640736117847325, 69.21021997371656, 73.2949225080018, 75.82456052481473, 78.5084229770185, 79.47626524926372, 77.73537333387107, 71.04386742318437, 67.49884599689392, 64.070701344857, 63.647805818400315, 65.07317887325935, 68.40551368141833, 71.95283490301172, 94.8801825158423, 102.12589598646166, 109.26215405730302, 116.2552647924802, 115.85013310614796, 119.70409626853466, 115.63607978492168, 104.67327728096488, 103.92372905202359, 101.17619428489749, 106.41214797638192, 102.94877062066391, 87.16474674376494, 77.09970025279478, 55.75290059936931], [55.43015263532434, 62.712648242801976, 71.29141433792121, 78.64401970853201, 71.92446083038689, 63.58481587631029, 56.34455403857453, 16.589453487911438, 7.7734846994272795, 0.0, 9.695789029743064, 24.015932210179198, 16.72847058103023, 12.602539559621148, 13.808768706889872, 52.86937328686613, 62.33012696062202, 69.72957123870498, 80.34099691717272, 87.26594235926345, 84.86719378544956, 77.44731185587686, 68.51599860964905, 61.00516509710669, 53.78273331701353, 15.408652454939919, 12.101974451935561, 13.020546889401421, 20.67667821148063, 25.746454150610447, 21.750870815757878, 14.000555410716032, 7.181902213786678, 6.9728973740396505, 11.84312368053395, 40.3004069124426, 42.21674460363372, 50.56912935918613, 60.81893998853704, 63.30972188872349, 61.8920390285704, 56.08562059480462, 49.56869517067169, 41.57982547220189, 34.48996324668, 26.981340976954463, 22.63116262851136, 86.74279474659129, 77.59765489305063, 71.69219178716006, 68.32757930511487, 64.12281634256327, 63.50634777352651, 66.39231355686734, 72.5954572991875, 77.18030721513078, 80.39852518993692, 83.75072801619403, 85.29290105925972, 83.85190853302518, 76.50246059335198, 72.32295472233646, 68.10532004305712, 66.89422583540305, 69.1040932836431, 73.22799753064875, 77.400150278654, 101.49118096315571, 109.38679022762003, 116.69857805677081, 123.44113811401309, 122.93399700100129, 126.41679527682028, 121.77603228241814, 108.95251731557698, 106.36789080883455, 102.47321442989868, 106.976047922571, 103.07358448027829, 86.31333706093669, 74.85187447356344, 51.319773516943336], [63.935079306116805, 71.36439962699623, 79.67589239885936, 86.52653293518125, 79.93716508984888, 71.57358032139491, 64.22287606579783, 22.68882840121708, 15.944815821945202, 9.695789029743064, 0.0, 15.138188615100054, 10.41380843989095, 12.686645840611378, 18.359372200782055, 62.1971608894748, 71.38996161856358, 78.53854718968813, 88.66911568355694, 95.20358146667354, 93.00343535914017, 86.01923594220031, 77.37068799115997, 69.99568906878373, 62.930910104152325, 24.859105696029168, 19.822731968704893, 16.192383483054588, 17.74820359381636, 19.97460032497006, 14.640587459583783, 10.778701098670748, 11.500538513858643, 16.206058071926407, 21.52426842730535, 49.52442946826918, 50.76249699355201, 58.11770120550738, 67.22475757492732, 68.92322051861501, 66.81638066148356, 60.23057237274969, 51.730386471283055, 43.751208081814625, 39.97333697333097, 34.42695670148156, 32.01156545920179, 90.85520406057108, 81.8183867928191, 75.76123710224103, 71.64732752932338, 66.66089068365417, 64.72441100058226, 65.67775623962301, 72.76678310968018, 78.28983538189557, 82.52973700559893, 86.69747099568744, 88.78892010991538, 87.78702150018239, 80.07111540372442, 75.29912603427931, 69.84233191069607, 67.046357492554, 70.73241478685951, 76.07915949763662, 80.85170496713467, 108.59994858756687, 115.18240300835758, 121.33437132397691, 127.04750176902546, 126.41046532998003, 129.1547885281696, 123.95349780048505, 109.89169461093083, 103.2873437723219, 97.56095288479148, 100.77692404250632, 96.4029962518795, 78.89888020317693, 67.07943925854649, 44.637030488940546], [73.35151109982148, 80.98704560784351, 88.5428969040212, 94.1868382520521, 87.95697944669409, 79.70769995262405, 72.30257565336748, 31.17313230917634, 27.986372350143505, 24.015932210179198, 15.138188615100054, 0.0, 10.912699296931672, 19.563329927254276, 26.4187099345817, 73.93689935346922, 82.37791075869904, 88.82484871787085, 97.80109663871215, 103.30159069845567, 101.42413344102246, 95.46639770199089, 87.53085409251061, 80.54328539073398, 73.97087086553088, 39.16298592191577, 34.25127295567371, 29.232806060500074, 24.86733740478986, 21.381177614456437, 16.579140526296378, 21.487879945594933, 26.108831140827903, 30.76622798439695, 35.36274560406466, 60.98413518534777, 61.36678541851959, 67.50909603068204, 73.88855211149826, 74.59440448250972, 72.33040507428788, 65.3289109853202, 53.773540696640275, 46.30838154898322, 47.511255543483905, 43.96435714129487, 44.41340080787102, 93.00775909428779, 84.84849041700818, 79.20597775273656, 74.50992504362397, 68.73797583437523, 64.91681863124879, 62.80170005710185, 70.8304699306107, 77.60583649936228, 83.0181385216391, 87.9367949215687, 90.37823870932144, 89.90201259687029, 82.4217849094695, 77.34427032902408, 70.46803122607653, 65.38799478793094, 71.11461090965213, 77.85691109341249, 82.96530702521612, 115.26834645946718, 118.64377218114291, 122.37051928540038, 126.29232215563029, 125.63331973892184, 127.3311341239343, 121.83674147110263, 107.87375502382223, 94.76416787027621, 86.27626050158399, 87.22063735334939, 82.21021800728826, 64.17960305392283, 53.47754850935718, 38.211059053739106], [65.34103113240728, 72.99959290662673, 80.72868209402263, 86.71362298586834, 79.99030169130216, 71.55132236415203, 64.26132793698974, 22.6077692911251, 19.675044997903054, 16.72847058103023, 10.41380843989095, 10.912699296931672, 0.0, 9.18325484961111, 17.21202409234954, 65.9685675205693, 74.88570046186095, 81.6504861590684, 91.28408970536377, 97.04856703672537, 94.73861279731172, 88.25364436548797, 79.85579409123835, 72.57839937360168, 65.76592812832746, 31.70473048079825, 28.560445704295773, 26.211904168854026, 26.690605170058248, 26.580623172857443, 21.100675123166983, 20.749823874309826, 21.21648757347582, 23.656371438578045, 27.36862473122188, 52.06543628980874, 51.309384110711214, 56.93009317712668, 63.924094799667735, 64.6782079404012, 62.201678714147405, 55.23815911995961, 44.74815399593093, 36.98822977636103, 36.8649663559488, 33.86876757935851, 35.523591513666815, 84.60370008313936, 75.83546678279944, 69.8645653726068, 65.29414566158441, 59.80528536861059, 56.86874971301727, 56.55251802653667, 64.02090048980403, 70.10059682380366, 74.9349866313075, 79.58206695748397, 82.02080917519314, 81.40680992186482, 73.5681279664363, 68.50361174861003, 62.23229689726403, 58.38211852802353, 63.00691811396463, 69.14267470381871, 74.22142985518862, 110.47369437105836, 114.075601016279, 117.50360786716395, 121.70256948682477, 120.2275370524432, 122.07338012070481, 116.04181963108064, 101.25240739966011, 92.94902850593569, 87.25591316176092, 91.40804067124454, 87.88416934312815, 71.39968145632176, 63.32377689009478, 47.64586613720918], [56.76926894026414, 64.4056111605357, 72.2257380451341, 78.45374619353406, 71.50401398072161, 62.99745149859551, 55.779265511568916, 14.305274624611478, 12.444445663884032, 12.602539559621148, 12.686645840611378, 19.563329927254276, 9.18325484961111, 0.0, 8.66572010013669, 57.52460986740348, 66.58790365967316, 73.46150706241069, 83.41319018850356, 89.32852183983833, 86.7752957402556, 80.00267131086215, 71.39296895820839, 64.00309491744612, 57.12215663989686, 25.2535107972412, 24.32576591534641, 24.894890749386732, 29.123876264398014, 31.256073464261657, 26.317277106099635, 22.66393408915279, 19.25751850698895, 18.466881694879003, 20.448099735103018, 43.1835895680384, 42.1298407389306, 48.096902272775736, 55.652999234370306, 56.946666293663704, 55.03977019838053, 48.66281307295849, 39.58514785158397, 31.54316161375199, 28.74499221264165, 24.71404645179834, 27.01045297618337, 78.22241950349688, 69.28513912989878, 63.40620564387517, 59.46160015753549, 54.62291219415554, 52.91655084558269, 54.62634492218417, 61.206743930003086, 66.39068599181631, 70.2629220965833, 74.1776056157036, 76.13716707626003, 75.14197736039455, 67.55643162843793, 62.993520997582245, 57.82625179359451, 55.535799924872336, 58.71139537798023, 63.746916202189816, 68.31557779356153, 103.62664602855641, 107.70955339879383, 111.5872412420733, 116.48479266728033, 114.89913395397811, 117.30886726099374, 111.62160293217161, 97.88655533155115, 93.76820082945757, 90.20367150399967, 96.00070745004702, 93.16435567950487, 77.72046000846598, 70.48173677890517, 54.04531348313589], [48.20898648032264, 55.86512485704999, 63.64428101619962, 69.90032847831597, 63.03319648811969, 54.55996375057768, 47.282289504584504, 5.671340691312592, 8.431635128995739, 13.808768706889872, 18.359372200782055, 26.4187099345817, 17.21202409234954, 8.66572010013669, 0.0, 49.50684662352775, 58.286502884508465, 64.99191270058942, 74.81981785460202, 80.68714577403618, 78.11304802001702, 71.39162314794075, 62.88442013993795, 55.588402763968766, 48.86251425830478, 21.353326433298463, 22.69018677327584, 25.509240086656167, 31.64795206285122, 34.949979285657164, 31.023153513472046, 26.096746785915, 20.742749738550742, 17.02207434294992, 16.36821084468431, 35.29374623205508, 35.1189005173668, 42.407924418610264, 49.94419549103285, 52.19274960027761, 51.727536798576196, 46.53505856159832, 38.723120415445266, 30.776172786675964, 25.114793445061625, 17.921724212955098, 20.066522443171962, 73.9755346893925, 65.49677647924307, 60.25422009473429, 57.36538670627682, 53.41909832299187, 52.86280067665506, 56.07429417239174, 61.709940481677755, 66.07069124401576, 68.84538327906097, 71.70895921815703, 72.76826204085765, 71.22831370272942, 64.59172992647484, 60.98677481257639, 57.144525535714735, 56.21371774683511, 58.06886117463928, 61.78809633681748, 65.40789778702577, 95.19668166780112, 99.70626646270306, 104.54834538642054, 110.39141931041897, 109.37792506468551, 112.64182031454212, 108.10082916698242, 97.1632345800947, 95.67406211021448, 93.3026684473142, 99.3296651402431, 96.54608734090617, 81.77795536169417, 74.447027268601, 57.69895502111297], [15.84915735083143, 17.229802984965353, 26.135395676776238, 36.31656041295797, 31.168104159497986, 26.5953266455874, 24.091184429321547, 44.2848881458055, 46.78965063893474, 52.86937328686613, 62.1971608894748, 73.93689935346922, 65.9685675205693, 57.52460986740348, 49.50684662352775, 0.0, 10.855314785473567, 19.437447815575634, 32.52440539289273, 41.47653414778671, 38.03652571047185, 28.273288150758585, 18.34854613322862, 11.31336574542744, 6.098473236198303, 39.655819336687145, 46.89282823934083, 54.746029827832864, 64.89547898188168, 71.73481020277197, 70.84500963591982, 62.69573900004944, 54.71699735184248, 47.51464741772984, 41.491258003791955, 16.20926821936786, 27.374038378072225, 39.014643017641596, 48.199579680531876, 55.746236559339245, 61.46934668996255, 63.35113412840384, 66.84090165154798, 62.552717682593865, 48.175381751550354, 37.8780437960429, 31.338030703989695, 78.40381550083768, 72.67542267020181, 70.83450364157267, 73.4707480278714, 74.73058689043458, 79.89597015543549, 89.25035363825907, 90.3626851860153, 90.01997539677696, 87.30660600065477, 84.89692675158015, 81.89405872463982, 77.80143073816198, 76.24507402407005, 77.45248166274386, 80.70369194973294, 86.28091294580507, 81.78759358993132, 78.56499918865208, 77.39983962297349, 59.87135057064844, 75.6393607467319, 91.01045744063781, 104.16263932659923, 106.25113452966023, 114.58526691231529, 115.85734268702332, 116.23547469700216, 129.96162150156098, 133.01055637458995, 140.47101284986218, 137.93436672919853, 125.10777184070818, 115.41533520666619, 93.09958819568399], [16.57408970836543, 13.474850962485855, 19.766569236644404, 29.511440293802448, 26.56436437235788, 24.874537135248445, 24.763611102443154, 52.8241185376166, 56.03655399302785, 62.33012696062202, 71.38996161856358, 82.37791075869904, 74.88570046186095, 66.58790365967316, 58.286502884508465, 10.855314785473567, 0.0, 8.676418955753284, 21.924326468004004, 31.259005413275315, 27.967079401880504, 18.16652143993216, 9.45002228252071, 7.357712406587388, 11.32712386187606, 49.56417476373697, 56.37077519634873, 63.751559037746944, 73.20244555302044, 79.74674290666427, 79.31314002388409, 71.66335814971168, 64.14617324116993, 57.19265819843829, 51.290071199267125, 25.832780110998588, 35.941445912436436, 46.37173077071154, 53.01272724432674, 60.878856146351424, 67.89606976516893, 70.81523412897688, 74.40165694665271, 70.58367725479731, 57.0280906975457, 46.993952064131584, 41.27504680739091, 80.87629450147976, 76.65255564774138, 76.01123477090186, 79.56897589519446, 81.45618508597352, 86.85949665740921, 96.26129448723638, 96.8309863142365, 96.07085292334853, 92.65736456262216, 89.3189248579535, 85.36601045142024, 80.88889720693592, 80.9367079196685, 83.15593939343064, 87.19912026924978, 93.10669598827421, 88.20195250021874, 84.1801099055302, 82.01725648312951, 49.80415295676698, 67.52824055014734, 85.38592447371228, 100.02536441807072, 103.46667906389321, 112.93222173635206, 116.18376784453733, 120.52560541935757, 135.0349488100146, 138.44135970673113, 145.3399356981109, 142.65300494102763, 130.49197956040427, 120.82077580402472, 99.55340036079212], [20.21930138205319, 14.672186608859805, 16.505896581893577, 24.597084398438525, 24.14727650178682, 25.200708127445488, 26.938330567380394, 59.411596001010246, 63.234287441109586, 69.72957123870498, 78.53854718968813, 88.82484871787085, 81.6504861590684, 73.46150706241069, 64.99191270058942, 19.437447815575634, 8.676418955753284, 0.0, 13.36246262705262, 22.84920727790448, 19.687533069359553, 10.219942918940594, 6.537520554646157, 11.947789779957002, 18.657181954203615, 57.49848334148794, 64.07127219087472, 71.12418457375836, 80.03993308530106, 86.26923706926523, 86.0807314121494, 78.86660683950805, 71.67144616472618, 64.85940101556209, 59.01850249371287, 33.46625396301682, 42.736233245129, 52.228480544116806, 56.80325094877233, 64.73828518261405, 72.65129214906659, 76.28966232396598, 79.81340876900028, 76.39081004298264, 63.61969599561011, 53.905342712700325, 49.00783091145692, 82.31771569739229, 79.35305612473323, 79.6622468228625, 83.87620080397305, 86.20217050779657, 91.71218414292765, 101.06095945289788, 101.20236955269448, 100.14261704560641, 96.22797736794867, 92.20431218598694, 87.53839359652414, 82.812974986486, 84.12743493975351, 87.10583584622299, 91.69443768601124, 97.78621797816085, 92.62203757043206, 88.04478075623005, 85.13216823116872, 41.68383072973464, 60.512268018484754, 80.15047538629481, 95.86053592497153, 100.3692626393127, 110.67389970131335, 115.50762816572295, 123.06003860099828, 138.0466343051155, 141.77564414427098, 148.2994056637614, 145.58867919891912, 134.1219096637272, 124.80965947950114, 104.87121117191515], [29.646212390525672, 23.64665990051079, 19.946172525347063, 22.362099404985972, 26.463416214060835, 30.73337096384484, 33.94533068758145, 69.1541473804085, 73.67023070759022, 80.34099691717272, 88.66911568355694, 97.80109663871215, 91.28408970536377, 83.41319018850356, 74.81981785460202, 32.52440539289273, 21.924326468004004, 13.36246262705262, 0.0, 10.162133769603754, 8.864436350756655, 8.257402339049856, 16.704414729796344, 23.982325894676794, 31.126283731628373, 69.01610442310171, 75.11678394662613, 81.56486031496031, 89.53491836239557, 95.2090178308778, 95.43479535644343, 88.97951903929913, 82.38758775693238, 75.89909390072856, 70.24797861858097, 45.49250843676213, 54.13926505775346, 62.77910717968109, 64.73029940656035, 72.52839648106139, 81.43666793877668, 85.75111746747781, 88.66645739202085, 85.6277348756092, 74.11935130667413, 64.6128989576181, 60.512582296384785, 86.38440272713387, 85.2684057544889, 86.83751070694179, 91.74423175685021, 94.45341019238558, 99.83677701115627, 108.77044773531455, 108.50255635051356, 107.24956731185266, 102.86425615859842, 98.06558962510948, 92.49632613278587, 87.52727297843893, 90.54602604282357, 94.42536941827446, 99.46364378525563, 105.48501685841931, 100.26891548813492, 95.21812534885295, 91.41358471636522, 28.661783474314884, 49.72916171602609, 72.7352682807094, 90.08099378839229, 96.61127441457462, 108.1444248643517, 115.55295359656321, 127.99139502815518, 142.6272060298566, 146.406951055872, 151.9152737264664, 148.98679880207416, 138.4975785021606, 129.52888127074303, 111.71930543489303], [35.65893069789111, 29.80784376141243, 23.491939691250206, 21.070318736858322, 27.848109587854488, 33.814307195162016, 37.921934849857884, 75.03649460066516, 80.33357167200923, 87.26594235926345, 95.20358146667354, 103.30159069845567, 97.04856703672537, 89.32852183983833, 80.68714577403618, 41.47653414778671, 31.259005413275315, 22.84920727790448, 10.162133769603754, 0.0, 5.311350241732228, 14.803508591050266, 24.626861037277934, 31.957547685405867, 39.216268467233625, 76.9031075403953, 82.89498215384312, 89.05732138673245, 96.48563466630682, 101.66066700989184, 101.912355218738, 96.02156091699125, 89.7194016885641, 83.3148372840769, 77.70401550001557, 52.99329782710719, 60.569570287678395, 68.18317111185988, 67.83053382487397, 75.34828880786984, 84.95954503298339, 89.84161639830202, 92.36200638855097, 89.82964413504224, 79.56231967619134, 70.68844779174252, 67.87926459228136, 85.95637504275005, 86.32673772885465, 88.90814584501274, 94.347597921763, 97.39371182017608, 102.6845717884965, 111.3077437959335, 110.58125809164366, 109.09085753382831, 104.30816842712046, 98.90840763479929, 92.68040882677586, 87.58944403531554, 91.93967985062483, 96.53119818525376, 101.95421180139014, 107.9679903374678, 102.64834270730412, 97.1933377932654, 92.68375573004644, 20.938539446849887, 40.21187597101067, 64.52329210718378, 82.69864618891324, 90.38792558594486, 102.64624873228225, 111.77424631212338, 127.81454685776976, 142.486517828561, 146.68102187730221, 151.9364248932039, 149.22549080598955, 139.91483735525128, 132.1995421031968, 116.98551361681825], [31.848616947317097, 25.52198012549373, 18.717452661599385, 16.916631192446975, 23.328530594228475, 29.56507382617309, 34.16207314062826, 72.47636634214335, 77.84006177100592, 84.86719378544956, 93.00343535914017, 101.42413344102246, 94.73861279731172, 86.7752957402556, 78.11304802001702, 38.03652571047185, 27.967079401880504, 19.687533069359553, 8.864436350756655, 5.311350241732228, 0.0, 10.449614319467203, 20.441859204321535, 27.95141772266933, 35.41938564193012, 74.30395002835404, 80.64160364756307, 87.142817867766, 95.02668768427567, 100.37892817891837, 100.34050538999126, 94.15295922194983, 87.50974601018834, 80.85431703071752, 75.07160377440971, 49.336154678855195, 56.34809941843051, 63.544159986750465, 63.281291640956916, 70.85389529962757, 80.42082906623494, 85.45989140335341, 88.56742861851883, 86.21602336381937, 75.71885220331089, 67.25390687243478, 64.84781303006716, 82.06106977931199, 82.1113613538949, 84.56756512975367, 90.06766852601147, 93.26063895156958, 98.80625980937101, 107.79758270073614, 106.90351465094658, 105.19878549994398, 100.2792329372201, 94.84987176895181, 88.71527090855311, 83.61736378144523, 87.76149871908561, 92.34229522494843, 97.97116263686135, 104.301654533708, 98.6920672538373, 93.04214321842396, 88.54393118783844, 26.153549336154388, 42.884499645846525, 64.98226394854143, 82.54152204449174, 89.16250315514903, 101.06656554621918, 109.3065494536931, 124.0964302896436, 139.9479692815566, 144.6969670807201, 150.85472799745148, 148.54597517213622, 139.25910933854433, 132.09454146227557, 116.67419065164472], [24.166055646894428, 17.17500338867242, 12.776459713446211, 17.212213812233685, 19.834475635183953, 24.292761165810468, 28.374351237673242, 65.77872178689499, 70.56605851811945, 77.44731185587686, 86.01923594220031, 95.46639770199089, 88.25364436548797, 80.00267131086215, 71.39162314794075, 28.273288150758585, 18.16652143993216, 10.219942918940594, 8.257402339049856, 14.803508591050266, 10.449614319467203, 0.0, 10.356501076578372, 18.25970449758903, 25.926066384374028, 66.02341019508037, 72.72162016506697, 79.70180005874268, 88.34176662186836, 94.19003840876621, 93.89173100844086, 87.05781455158044, 79.93370007679204, 73.0241847341797, 67.08299160855094, 40.46664313666933, 47.866580681960734, 55.62808554551839, 57.463590020458085, 65.29906159605939, 74.19449570383198, 78.83366450441957, 82.66609750276477, 80.02210728248917, 68.34360682953107, 59.69764108412313, 56.61409608065349, 79.74825703866983, 78.26687234563744, 79.733689641684, 84.78562231672183, 87.77015755659338, 93.54717160315727, 103.0240406756728, 102.41265865156628, 100.7821074310522, 96.13891665879567, 91.24114959452986, 85.77377675033526, 80.80588154124426, 83.61557800768281, 87.54590008780434, 92.95326988750735, 99.47927893767064, 93.78523188814093, 88.38123180925486, 84.52772288097354, 35.38020523158866, 52.377671034428026, 72.15583955491194, 88.52319157665224, 93.51068132758628, 104.4983047755729, 110.66967124658346, 121.50369476344208, 137.99242889471907, 142.7445972553805, 149.70564660199025, 147.50339604566122, 137.3126010115106, 129.59423871233795, 112.10147694612074], [15.941366769033984, 9.133920107967114, 11.225090501120471, 20.669751493477637, 18.7053545607994, 19.58582681973534, 22.14908808543435, 57.35252554558903, 61.72891651718754, 68.51599860964905, 77.37068799115997, 87.53085409251061, 79.85579409123835, 71.39296895820839, 62.88442013993795, 18.34854613322862, 9.45002228252071, 6.537520554646157, 16.704414729796344, 24.626861037277934, 20.441859204321535, 10.356501076578372, 0.0, 8.040527760145102, 15.76292439296846, 56.65632397521711, 63.69568842478337, 71.07220444518865, 80.32406606902006, 86.48790541487448, 85.84946523123939, 78.54718189416138, 71.02042544277178, 63.88396557013118, 57.81150075064193, 30.53959027631114, 38.29229705533435, 46.8414985874898, 50.7365732622463, 58.682893508963176, 66.79302571844572, 70.81683172868047, 74.90860171137274, 71.9254555809492, 59.365926161887884, 50.555089970059896, 47.10437530090183, 76.160647590478, 73.16832859976155, 73.59318493806116, 78.02608903207529, 80.62468441038341, 86.40590013296617, 96.09589437046365, 95.87498126273186, 94.49429716381627, 90.31684667420949, 86.11414888843512, 81.4050259010865, 76.66118411115019, 78.05117467100058, 81.20815949277667, 86.14461965507766, 92.60977242601959, 87.06715021559388, 82.14997192286184, 79.06404031365015, 44.740524662690994, 60.32398948086459, 77.54879625735721, 92.50088304873442, 96.00312676650053, 105.94009219861363, 110.077874714549, 117.04239887439931, 133.32996119766773, 137.88969207737532, 145.4967062394072, 143.4239495043453, 132.5119067247528, 124.61199310298494, 105.83441628496593], [10.438202308672743, 6.905383439315591, 14.946030560020445, 25.226927803221084, 20.68405080686747, 18.068057823065548, 18.322066711728397, 50.137147010586816, 54.262331657225396, 61.00516509710669, 69.99568906878373, 80.54328539073398, 72.57839937360168, 64.00309491744612, 55.588402763968766, 11.31336574542744, 7.357712406587388, 11.947789779957002, 23.982325894676794, 31.957547685405867, 27.95141772266933, 18.25970449758903, 8.040527760145102, 0.0, 7.755899101672224, 49.04467057078925, 56.31359611191402, 63.925853149985926, 73.53938285652653, 79.84293732650875, 78.92629285071662, 71.3733812138107, 63.6010038084058, 56.31716686126277, 50.16287940004474, 22.545054248230453, 30.852444802718374, 40.39504485491805, 45.97542274673196, 53.87929359208229, 61.260904151351326, 64.60258515928152, 68.51262763324047, 65.16917066417666, 52.05685374959901, 42.971878762670485, 39.28780930985674, 73.54597897733211, 69.40924977473561, 68.97700657261501, 72.78603066237172, 74.93278957061365, 80.53962009249913, 90.19088789771615, 90.38498522423903, 89.34600812140447, 85.68025202605199, 82.14136112221011, 78.08457438940312, 73.58051185179013, 73.80737403036443, 76.26053906461142, 80.62694475597388, 86.84033478622197, 81.60813197523187, 77.26606386444941, 74.87817320578546, 51.57566556939298, 65.79486830810706, 81.14575664029447, 94.94820506640595, 97.48476378795162, 106.57192219670236, 109.2418586304436, 113.34576722141931, 128.84710415518163, 133.058396699837, 140.96809391470967, 138.94513631572124, 127.51996029228815, 119.55596939750905, 100.1366477451272], [10.153807248954108, 12.110590452058482, 21.411215698436674, 31.463980016725426, 25.662014401392163, 20.62079850802505, 18.29477237929868, 43.5319718249518, 47.17628805895759, 53.78273331701353, 62.930910104152325, 73.97087086553088, 65.76592812832746, 57.12215663989686, 48.86251425830478, 6.098473236198303, 11.32712386187606, 18.657181954203615, 31.126283731628373, 39.216268467233625, 35.41938564193012, 25.926066384374028, 15.76292439296846, 7.755899101672224, 0.0, 41.59465741465859, 49.06819248421313, 56.91194194884671, 66.89641759579106, 73.37455099001531, 72.21419973824774, 64.37651914436427, 56.36749109518979, 48.96539725654922, 42.75512434881818, 15.061372220436155, 24.659633419430875, 35.6019490314767, 43.281254135802875, 50.97145137105068, 57.365012621935215, 59.80541049368524, 63.38443411226319, 59.54909989657013, 45.77426324546443, 36.184817260633324, 31.81056004043572, 72.76522843002647, 67.46646271985888, 66.07999003326897, 69.11851246716242, 70.69206441341787, 76.02185802294773, 85.52650562761632, 86.24523829570937, 85.64081738605806, 82.6000364009191, 79.83387565663561, 76.51550067596769, 72.311939797977, 71.27622539269234, 72.90230986478076, 76.54415235321646, 82.37949196445292, 77.58659453392352, 73.97098244300746, 72.39939491333492, 58.26003229684777, 71.74457214978104, 85.73288659435869, 98.52707495275995, 100.2913703507199, 108.57552489967955, 109.8975192029094, 111.14219839896883, 125.56598226436763, 129.25969704451592, 137.29495082217184, 135.22133392801248, 123.1721746759979, 114.9025314285447, 94.58772058132826], [45.36198043801589, 51.9399372168002, 61.08033983764482, 69.56709781872614, 62.929467006510095, 54.983678285396415, 48.22967790055647, 19.897501361206462, 13.597396234584616, 15.408652454939919, 24.859105696029168, 39.16298592191577, 31.70473048079825, 25.2535107972412, 21.353326433298463, 39.655819336687145, 49.56417476373697, 57.49848334148794, 69.01610442310171, 76.9031075403953, 74.30395002835404, 66.02341019508037, 56.65632397521711, 49.04467057078925, 41.59465741465859, 0.0, 8.443050981022498, 17.235285565137264, 28.93014261956069, 36.23290035005028, 33.99222837474145, 24.603475339092764, 15.724964680160523, 8.685363315535449, 5.024545692318259, 28.962080875508395, 33.804672019977964, 44.48227455025993, 56.99259684405627, 61.04656977586424, 60.96533060323093, 56.825752724316935, 54.11462538529662, 46.742412029452964, 34.75650274718078, 24.10102340413871, 12.788548413777185, 86.54069694984884, 77.4751