{
	"dissimilarities": [[0.0, 7.486042041085602, 16.19079411089385, 25.834492517662916, 17.154278136096632, 8.514875868461917, 4.361653623017994, 43.43680793767342, 50.547936795699385, 57.875128548245776, 65.2970097167326, 73.63128887827929, 65.48650486744049, 58.147783891542325, 50.74516459994033, 18.510577016813876, 17.020336170894954, 19.24197890289279, 24.675413938985685, 31.440099576756992, 27.655679109989926, 20.793695060602705, 14.718988562263176, 10.811847589925323, 12.354751343682032, 48.44963844061774, 55.579816306904554, 61.55666430906104, 69.65546800623612, 75.70857598692514, 75.03381009166102, 68.85686388440365, 60.79450237872063, 54.359902102226016, 48.07451765948074, 19.99521407830971, 26.75570019935077, 35.01119101224663, 36.44626850930089, 44.498859112144814, 53.07999006458879, 58.005306600578336, 59.37707158763306, 56.931951951258, 47.145403471482844, 38.204348288657116, 34.66877882554472, 66.17351629285042, 61.81731482550973, 62.286878431921565, 68.20289858750111, 69.18093493828715, 75.32333834523925, 82.97597653505494, 91.94734283102092, 93.71191985833921, 91.70089260013113, 88.70412412785721, 81.85482556131372, 68.43720696587903, 68.25619694172124, 72.53296918003495, 75.63059203040294, 82.09272645650621, 90.40369254457327, 88.19553964817469, 85.32080392687854, 59.42315113307609, 61.750596232694704, 70.14291176379847, 76.31796204948434, 89.27024056675559, 99.94918571925054, 112.57467126106015, 108.6319398745693, 132.43411138139732, 122.31681991706624, 120.68565418102129, 113.05278649939086, 108.81046500091632, 102.3594175094409, 92.70657498599874], [7.486042041085602, 0.0, 9.584375048173664, 20.6181704161619, 11.665769886640911, 5.500942454098752, 9.268518379659449, 50.868634099595226, 57.93935668820172, 65.24086219711127, 72.69072968591043, 81.10692130850664, 72.90144542110902, 65.55581119530382, 58.16875492718431, 21.42417208456605, 16.82189487397416, 15.620760661256867, 19.16286693084847, 25.64712563429239, 21.31139506128498, 14.187204494093546, 10.141283624227313, 11.296898489097305, 15.972498136810161, 55.08513816062297, 62.291940682322014, 68.38151816579689, 76.64352504653309, 82.8566327568067, 82.26108893798397, 75.94316167339584, 67.76127701320686, 61.36006226761459, 55.07054464143086, 26.092423161687265, 32.08083604678803, 39.096006836439784, 39.59871447842207, 47.72771791805505, 56.73800751385347, 62.491703727329906, 65.00923311365405, 63.20148133100041, 52.918147571013016, 44.60180002916099, 41.368925334383356, 67.92974398401574, 64.11120481740296, 65.28828204529435, 71.93933913820032, 73.5820424602653, 80.19181308910707, 88.12278564242392, 96.78783604432068, 97.61243128122756, 94.95850085565826, 91.30308884197997, 83.71232270373233, 70.49641805604199, 71.1739731614868, 76.10594339251351, 79.86079193662457, 87.02638259405896, 94.36682279638056, 91.48770467277163, 88.02215135159072, 55.36811874599025, 58.38646440201888, 67.94087538765983, 74.9747535318117, 88.4504662123519, 99.9655870313646, 113.3911787002959, 111.47387684382835, 137.31471401758427, 128.05437785007825, 126.87658597139267, 119.6000599077149, 115.73792754513833, 109.47879569287772, 99.5639419710555], [16.19079411089385, 9.584375048173664, 0.0, 11.678588298425542, 5.340460808948233, 9.894470640314415, 16.559313952451802, 59.284052715862074, 66.50068615124054, 73.86805023843938, 81.22438919866582, 89.15840143512521, 81.35951542279614, 74.04110471177059, 66.61357773507771, 30.458600479223286, 24.261229077290373, 19.30808372302482, 17.30868906157107, 19.249618648061578, 14.283762409300639, 11.70838757988486, 14.951225435435083, 20.005080892375936, 25.372889298502248, 64.45520410327293, 71.54212929203312, 77.45422191118263, 85.42759419057295, 91.3893473084403, 90.8854104802465, 84.86012998860848, 76.88014358738499, 70.51061372172957, 64.2388423992986, 35.575523276852124, 40.55542674466089, 45.933089125936135, 43.63417484530731, 51.63996869290322, 61.9963057052172, 68.44663191670023, 71.22064885607526, 70.02900012566049, 60.81969610605926, 53.35261537376991, 50.71484089071266, 68.37152801663284, 65.83825615555978, 68.27331146490805, 75.77625930566587, 78.1192361022762, 84.76862587813736, 92.44711453696783, 100.43563874218496, 100.39869145052644, 96.99549925716246, 92.52924707095907, 83.84903625465738, 71.28245571658942, 73.53976074073786, 79.28189299062281, 83.66992258862915, 91.13004972559307, 97.41110483673931, 93.83152021410594, 89.61735073882917, 49.027276069768256, 50.560713916956225, 60.7929835638171, 68.89388798497373, 83.10677130793974, 95.75355434275926, 110.33116381211963, 112.68881538078622, 139.36739782995184, 131.3869718209946, 130.69113418557967, 124.01731056993046, 120.98861383088776, 115.651023705273, 107.03663414164431], [25.834492517662916, 20.6181704161619, 11.678588298425542, 0.0, 11.024292273403226, 19.236758800178524, 25.174591186672586, 66.7167568773621, 74.08547227320516, 81.49347584975112, 88.60502330458107, 95.60552128763157, 88.59862245269734, 81.4038742259364, 73.98864816877814, 41.71943813794492, 35.39741541781024, 29.312766884126475, 23.814505310505695, 18.557413617426057, 14.886521393059832, 19.959754684982528, 26.081247004934003, 31.350432144196205, 36.42589075415603, 73.90481467944828, 80.7087460584516, 86.21687358428626, 93.54078747183054, 98.91149362966121, 98.48691346474419, 93.10105027411582, 85.59579840115008, 79.29107429302896, 73.09994288093414, 45.71409210434623, 49.86522963413002, 53.87688077305982, 48.20859929804151, 55.79437547131176, 67.7861432603174, 74.50505746343018, 76.57400786700053, 75.80614689772537, 68.82361331855773, 62.1765733814042, 60.18129559340898, 67.7921118392358, 67.01844807172506, 70.86855107285298, 78.98727337164598, 81.8160129202564, 87.98435699531719, 94.85713091879381, 101.91200864220615, 101.37533886572511, 97.3657767395585, 92.20566581717051, 82.4359381375685, 70.95292074552134, 75.07841381090158, 81.48126236340842, 86.23280641851566, 93.38985400246413, 98.80262570707595, 94.741858855071, 89.87324913532333, 43.05733190219177, 39.78678456687673, 49.770634006192815, 59.06039722904249, 74.17544228820526, 88.0430418262692, 103.87900607623222, 111.94862504666845, 137.65681268891748, 131.09027932190077, 130.76486986735247, 124.827886995306, 122.90489986769902, 119.02973465182608, 112.98034205780664], [17.154278136096632, 11.665769886640911, 5.340460808948233, 11.024292273403226, 0.0, 9.18113158948699, 16.13089570715839, 59.085296104079475, 66.5027613633951, 73.87934936816067, 81.1585744179724, 88.86207180056745, 81.15162296261252, 73.816106356522, 66.43938042888954, 32.93587460768262, 27.85873583708392, 24.05625571576142, 22.61120237982823, 23.472859937589714, 18.48647645713174, 16.81535731089905, 19.04329494300755, 22.77131913435567, 27.428227560831086, 65.41623200211124, 72.6309154902984, 78.58571992230738, 86.49200817672593, 92.23907918887835, 91.50348660219946, 85.61862650510885, 77.66585410751084, 71.13090083714457, 64.82806995764712, 36.17920771369876, 39.48765620061575, 43.53016799459216, 39.66808455184058, 47.5435444836353, 58.484273490459486, 65.19834105630552, 68.14909487006398, 67.45790856421804, 58.938581427985994, 52.43819145864778, 51.048457435777905, 63.249801119382944, 60.97161453341419, 63.748849543824974, 71.51276001508568, 74.13384525672123, 80.84435826927788, 88.52924882855571, 96.26910002752925, 95.80930512708964, 92.17831926791138, 87.52287201195348, 78.67613451250254, 66.21807880345894, 68.8161661600363, 74.78848878842815, 79.4102145513715, 87.0949809878956, 92.88563412763978, 89.076426189025, 84.67948149960637, 52.08138472208641, 50.50501744159282, 58.12976237573194, 65.13394729727897, 78.80711809399907, 91.07720318059395, 105.41454171680036, 107.68203937429767, 135.39611574271214, 127.99954405345925, 127.94019205019093, 121.8149829043831, 119.45323304044756, 115.40557324537188, 108.31995058839391], [8.514875868461917, 5.500942454098752, 9.894470640314415, 19.236758800178524, 9.18113158948699, 0.0, 7.376631929976245, 50.49156003002876, 57.833907133585114, 65.17742041231725, 72.53403026929504, 80.61295397796728, 72.57955691446043, 65.20957704341066, 57.84715062757854, 25.022544134977107, 21.77081433043872, 21.08266291451068, 23.68643232372731, 28.302498708459574, 23.68330109157104, 18.247100349198227, 15.423488311122393, 15.661012901731771, 19.125341402481002, 56.31359983704259, 63.610604094701515, 69.68073696407171, 77.77667303351001, 83.68662512843721, 82.86066866838465, 76.7738289182149, 68.68582080279471, 62.111217363284474, 55.79049147323745, 27.018956878382483, 30.969470720530826, 36.54517802199974, 35.17011692878625, 43.296917894333966, 53.124062237499636, 59.138321166175714, 61.660103624885785, 60.32547639542562, 50.972978715058865, 43.67636690103953, 41.88705544678114, 62.59013311826602, 59.0322954717907, 60.56128632674585, 67.47960340247033, 69.37012377335685, 75.98627214812934, 83.86257508701758, 92.27832123190878, 92.76832277365332, 89.91441761093175, 86.09262267184742, 78.33032173593075, 65.20091281349679, 66.22932654833656, 71.38672884909346, 75.34270188566946, 82.65743381020064, 89.59856639166267, 86.5287019776232, 82.89566280035284, 57.31942532735878, 57.37398695373106, 64.648243687384, 70.70927626255327, 83.69960890728994, 94.85663276782705, 108.06448103442953, 106.26324020614611, 132.81178120443593, 124.12138175390557, 123.53366931849175, 116.80127405652306, 113.64773783758825, 108.76679965712594, 100.66048998496753], [4.361653623017994, 9.268518379659449, 16.559313952451802, 25.174591186672586, 16.13089570715839, 7.376631929976245, 0.0, 43.14288156804479, 50.49731790553749, 57.8535178908821, 65.19113330307216, 73.24309384275315, 65.2347835785396, 57.87416134712653, 50.49909945647723, 21.855363750077146, 21.096046482444926, 23.12657171646773, 27.756167831326444, 33.36146152035634, 29.309313280898497, 23.31347491194149, 18.12875134668635, 14.638727920816274, 15.616555187840147, 49.57137427800631, 56.769981262600524, 62.72649121814259, 70.67898931781967, 76.46979554267764, 75.58987632941695, 69.60922475972997, 61.63160077968782, 55.05279106172181, 48.75345383895776, 21.002105755061347, 25.69175082248053, 32.719443311192826, 32.65879275807641, 40.74282395334955, 49.98235113644637, 55.10490267372279, 56.46440920010489, 54.405251183596384, 45.38407687486761, 37.340928587752984, 35.17918664200845, 61.874461273295836, 57.66726840907453, 58.3632971699945, 64.46688349637095, 65.62200016858445, 71.77735005181098, 79.40717871732315, 88.2071127806687, 89.7251744193273, 87.57589944645866, 84.47412997650983, 77.53085077966894, 64.15371157803177, 64.18362744887762, 68.61256177932269, 71.85314628147937, 78.43834921765453, 86.46701502762551, 84.12673584487513, 81.14368599776472, 61.040981177377255, 61.17423480066203, 67.78709673959455, 73.15154848573326, 85.67057899682916, 96.01053744599727, 108.41218242070185, 104.41026552567983, 128.80084167110115, 119.1204385266041, 117.97930909025307, 110.79006240376512, 107.13160337516766, 101.84371154143612, 93.71232421327115], [43.43680793767342, 50.868634099595226, 59.284052715862074, 66.7167568773621, 59.085296104079475, 50.49156003002876, 43.14288156804479, 0.0, 7.704739049549245, 14.966521553335864, 22.09305743472157, 30.65545263085378, 22.096055244042564, 14.763078662061382, 7.358247837407149, 41.300163404397345, 49.04873242482678, 56.86950157800124, 64.95175871843733, 72.36123713814153, 69.77041766398224, 63.01425026615635, 54.88554333602806, 46.55729343111604, 40.6380416555227, 19.01406697083002, 22.4478533378634, 25.989614902189278, 31.692727266687555, 35.97620141872648, 34.02426668976957, 29.158582658003354, 23.023222595087987, 17.199603308010744, 13.375863276102402, 29.04057431901673, 30.661799804201483, 38.71329604013105, 46.062958034564076, 49.25910687238437, 50.26162635124171, 47.547613481825415, 40.13698248575746, 32.19162133070994, 29.663507994342776, 20.48762776648783, 17.022347629783297, 73.39926761587803, 66.51249731918726, 62.17904819606297, 61.62742577986332, 57.65005461899473, 59.41831705184863, 64.22553226485506, 74.66768310943752, 82.66935619243976, 85.26558905229996, 86.94245836910804, 85.83109158735287, 73.4626122516524, 67.62484558575632, 66.57673161219985, 64.54101724361502, 65.14304772117436, 79.16451964688535, 81.7428958074921, 83.17530770006749, 94.01767226406834, 94.60613941199615, 97.85886537753574, 99.55645350413398, 108.53244519701339, 113.84292924968364, 120.83428606388685, 103.21182927703175, 113.46809884583169, 97.39585068565532, 92.55255191290225, 82.30596998072339, 74.52970540115126, 65.91803566728282, 57.20578215356215], [50.547936795699385, 57.93935668820172, 66.50068615124054, 74.08547227320516, 66.5027613633951, 57.833907133585114, 50.49731790553749, 7.704739049549245, 0.0, 7.408901914151785, 14.751393357724718, 24.211617792918858, 15.085265060754681, 8.008820157729915, 2.2998295069943775, 46.82100369291054, 54.846610805569696, 62.931226195486225, 71.26427427391145, 78.98293609699829, 76.58152835883057, 69.66339470310635, 61.35195738066757, 52.932743289915955, 46.85488549951829, 17.230039891078025, 17.93748516737901, 19.943481872365467, 24.652282877133715, 28.656120411559762, 26.455720771866304, 21.72797880850833, 16.534205364816568, 12.004213895941087, 11.146164121651806, 35.247597717141225, 36.980100992694915, 44.751690931468985, 52.90691140497512, 55.544054777018594, 55.22657228573791, 51.50594800560678, 43.370304731778745, 34.91739208681808, 33.388904736018084, 25.288002257931847, 21.481659169530694, 79.4740745521852, 72.38080652101121, 67.50178248202627, 66.0304984732807, 61.41298882050852, 62.43019408291926, 66.59690585559, 77.04754929724642, 85.96467829006436, 89.26830633711795, 91.61893173253321, 91.32392406033465, 79.29405957672822, 72.81429410485197, 71.02056935724369, 68.24675661216253, 67.84717864230632, 82.47762700844514, 85.77331427837979, 87.83435128798035, 99.9581053092762, 101.35210816168471, 104.88726896024879, 106.51210572659376, 115.23446465468075, 120.07840289244652, 126.44057226163399, 107.08766396406303, 114.7438048202336, 97.5086970759151, 91.72907655617084, 80.74391568863288, 71.73599698943086, 61.435155939725945, 51.1228235988739], [57.875128548245776, 65.24086219711127, 73.86805023843938, 81.49347584975112, 73.87934936816067, 65.17742041231725, 57.8535178908821, 14.966521553335864, 7.408901914151785, 0.0, 7.577290718579102, 18.21273364933104, 8.267829735777944, 3.371248871843638, 7.869631163660213, 53.34709462410565, 61.5774945612258, 69.8417201539776, 78.33280942648952, 86.20876613377582, 83.86884680817087, 76.84515295204093, 68.41054060610784, 59.92795897356547, 53.75753406127607, 19.682164077494882, 17.57470767201019, 17.3051466100591, 19.9271670940432, 22.95659570965657, 20.061880752913975, 16.024125136863386, 13.173988121178375, 11.644529755877693, 14.430271581195344, 42.0143721854556, 43.17691854934996, 50.22139613161073, 58.76751046405454, 60.742164045158724, 59.20456088413072, 54.519218694603104, 45.70389199892681, 37.037271038975966, 36.89717495957197, 30.409725315283, 27.434902977739394, 84.2175005355103, 76.93967023519457, 71.53233947047669, 69.13120891506094, 63.920341329771716, 64.17062030802148, 67.68467082186321, 78.05442866433651, 87.77384282560467, 91.7672049878513, 94.79972791580091, 95.38190362451617, 83.76879376919264, 76.6434869136334, 74.09580991673761, 70.60341465332787, 69.2391263376485, 84.32297937997843, 88.31592741098463, 91.01239019230741, 106.78876937822977, 108.3364917703295, 111.57129106162152, 112.80472380665907, 121.03904317179365, 125.21542329466756, 130.7670628971104, 109.3782768375407, 114.79000695872418, 96.59310675812893, 90.1877384774654, 78.75341411160683, 68.84700984258068, 57.673016389211156, 46.85337402766642], [65.2970097167326, 72.69072968591043, 81.22438919866582, 88.60502330458107, 81.1585744179724, 72.53403026929504, 65.19113330307216, 22.09305743472157, 14.751393357724718, 7.577290718579102, 0.0, 11.545535990149872, 2.188776969279648, 7.661517099763595, 14.750430595655606, 60.867764416517296, 69.08984539568831, 77.31787741348363, 85.73139279304004, 93.44166064851585, 91.18410862361185, 84.3163658425347, 75.94715914892882, 67.48703834868259, 61.32781903451042, 25.90952361330399, 22.069495271219342, 19.48907875406113, 18.394780350846187, 18.817560865751787, 15.069278881465333, 13.982723249190267, 15.667479382892576, 17.142046010304487, 21.341249643696383, 49.57066965172786, 50.25794513977675, 56.533264946014874, 64.69923121231128, 66.06271500818902, 63.876016945059675, 58.37196990406145, 48.55427265520037, 39.82580941414948, 41.93115281111725, 36.986724725803406, 34.85756019995747, 88.45611883451575, 81.24642634013118, 75.53586718179864, 72.29683971115044, 66.54025175067073, 65.78163859501436, 68.28147066857683, 78.34781668728529, 89.0021647355735, 93.69018828041231, 97.38926223039614, 98.76813415707055, 87.73958642888022, 80.2299511111472, 76.99492368047397, 72.76332378127026, 70.15809595600105, 85.69051444481349, 90.41449346490566, 93.71290878362389, 113.25937436086537, 114.42869710670408, 117.05831839644384, 117.80620444442798, 125.47901587925482, 128.93131407846855, 133.65003655374372, 110.90765932279704, 113.11949126052593, 93.97375412212642, 86.80383193950907, 74.92511060892231, 64.19594745276615, 52.51296254691969, 42.74419402255873], [73.63128887827929, 81.10692130850664, 89.15840143512521, 95.60552128763157, 88.86207180056745, 80.61295397796728, 73.24309384275315, 30.65545263085378, 24.211617792918858, 18.21273364933104, 11.545535990149872, 0.0, 10.748458583939238, 17.150289025825423, 23.622653720960543, 70.89674358219384, 78.70196875347202, 86.44696206790829, 94.2644122525877, 101.08036662536986, 99.01269711561851, 92.91316066562071, 85.03697279995389, 76.80607704419553, 70.87192377886095, 37.17958444218839, 32.85629951196679, 28.903923824282458, 24.032340904793795, 19.905677382805365, 16.599781957549776, 21.130256049308397, 26.112217789073025, 28.44206908554837, 32.44347792519299, 59.38585440229663, 59.76910371785525, 65.15732052467223, 71.40821246558491, 72.17548445469687, 70.4641749167993, 64.34472736061831, 52.61706585775741, 43.9694585536533, 50.17283803656171, 46.64635187238397, 45.37360739561087, 91.91568207798721, 85.38633423300368, 79.85376134868437, 75.89630453266635, 69.62394945878675, 67.17221857318206, 67.64580716384899, 76.85532930801601, 88.9510127790079, 94.42277677717227, 98.81857253649456, 100.86712500188817, 90.89987512534006, 83.58576964695953, 79.74271760764606, 74.6292291671935, 69.93593705673092, 86.04834840212382, 91.67094113646877, 95.5475545521071, 118.98261849759957, 118.62493458015314, 119.94919911372148, 119.97563178130576, 126.84912279624946, 129.36858196803962, 133.12673487643752, 110.77763957172616, 106.72227740467474, 86.4116572495976, 77.7946960089057, 65.1796410673911, 53.48556567842231, 41.91704296603666, 38.13356847090003], [65.48650486744049, 72.90144542110902, 81.35951542279614, 88.59862245269734, 81.15162296261252, 72.57955691446043, 65.2347835785396, 22.096055244042564, 15.085265060754681, 8.267829735777944, 2.188776969279648, 10.748458583939238, 0.0, 7.412274230137802, 14.750516995520188, 61.54784879316898, 69.76443918990907, 77.95199495137032, 86.29519679468694, 93.85942383692338, 91.53020228734209, 84.74177692091793, 76.42107143484732, 67.96356034020191, 61.82481036965152, 27.201298474942366, 23.812490721850747, 21.56524176915033, 20.53937814702086, 20.566740718249992, 16.735413835443993, 16.108372456197213, 17.587358266287772, 18.566557027449893, 22.396317540846976, 49.929474162808454, 50.13262210658171, 55.98262401417001, 63.79968650202771, 64.95704253259994, 62.738065379150825, 57.081310026613096, 46.93106719856783, 38.19319995544875, 41.12631343562446, 36.74081024949305, 35.3152162191946, 86.97180350886582, 79.80039196964576, 74.05393874559157, 70.66547309187068, 64.82181325199504, 63.87277966327087, 66.21909864863544, 76.24630097578816, 86.99886429465404, 91.76995660621314, 95.56416527843506, 97.08234049866094, 86.19135216729066, 78.62467058444072, 75.271894899072, 70.92028474951303, 68.1280719072548, 83.71380848702165, 88.53319309957693, 91.91706981088957, 113.7539443095516, 114.33553823781551, 116.42109219758343, 116.85531919412593, 124.27150601223224, 127.47632872872586, 131.96499998416863, 108.92291831681788, 111.03726782242634, 91.93904937500483, 84.96272421850936, 73.26201405758741, 62.82285441987671, 52.07820301443353, 43.92928773593385], [58.147783891542325, 65.55581119530382, 74.04110471177059, 81.4038742259364, 73.816106356522, 65.20957704341066, 57.87416134712653, 14.763078662061382, 8.008820157729915, 3.371248871843638, 7.661517099763595, 17.150289025825423, 7.412274230137802, 0.0, 7.463207417877854, 54.5287700337093, 62.71356445596336, 70.87741264401684, 79.21994495294693, 86.81930919586708, 84.37431081701244, 77.51471083159292, 69.18641605539169, 60.72478736658003, 54.60543047419319, 22.19505319606973, 20.737632723464483, 20.649899600343897, 22.754923517410575, 24.949830428371676, 21.8035803256066, 18.705869650546962, 16.40103716600173, 14.551355018011146, 16.645528626991126, 42.65827358800773, 43.00317111533356, 49.34809821794775, 57.26288031280888, 58.92524755942027, 57.411772883324744, 52.49486254311012, 43.07984840980874, 34.32738348730289, 35.595675959221644, 30.016707502498992, 28.328548865354065, 81.81494506193138, 74.60980832440907, 69.16543214852688, 66.55642719459708, 61.213057773436994, 61.17652841279693, 64.4634091652798, 74.783071439845, 84.65532827770443, 88.76123913328182, 91.92369157882862, 92.68898875972732, 81.27151809226936, 74.0821330106277, 71.3717360349803, 67.70383393594373, 66.05986216988673, 81.24704077584033, 85.37500812247438, 88.18604109482179, 107.4445164349883, 108.02544106051097, 110.39367966158228, 111.14188761324621, 118.99122806101104, 122.80003020933476, 128.02247658692139, 106.28929620328246, 111.50761260493908, 93.40151937280832, 87.27222655013773, 76.09982603837652, 66.63499952083507, 56.778181448781815, 48.257824100943644], [50.74516459994033, 58.16875492718431, 66.61357773507771, 73.98864816877814, 66.43938042888954, 57.84715062757854, 50.49909945647723, 7.358247837407149, 2.2998295069943775, 7.869631163660213, 14.750430595655606, 23.622653720960543, 14.750516995520188, 7.463207417877854, 0.0, 47.748000588092125, 55.71421471894228, 63.702806205729274, 71.90667253235138, 79.40237094758332, 76.93036317586484, 70.15115690229786, 61.93483076463061, 53.5452704128059, 47.519844883652986, 19.23059537904217, 20.12191833463067, 21.995875109129802, 26.230669617295515, 29.719011430877277, 27.33967103389286, 23.125872315233366, 18.403247701310576, 14.019961441129755, 13.102557915071317, 35.78667241812635, 36.888391639133374, 44.14534472711623, 51.802169618781065, 54.23436448686797, 53.9913144569035, 50.12865656782553, 41.55530259820566, 33.025823005962415, 32.49727910068024, 25.03479547956452, 22.29430333715889, 77.76541798338627, 70.73171531702215, 65.84378354646556, 64.2535756856327, 59.55572221443117, 60.388460613189594, 64.40731648757873, 74.82312184933026, 83.83644770216534, 87.20243855345295, 89.6271510895415, 89.43321332877483, 77.52482043667733, 71.02147584574433, 69.13512355592927, 66.25515172047336, 65.67824064088701, 80.38037363561175, 83.75528694719571, 85.87972118781593, 100.36910419636838, 101.05708549217795, 103.97485813487613, 105.26363456529606, 113.72941877161321, 118.33161764850277, 124.48626161678938, 104.97265287191847, 112.48480012276613, 95.32810126827243, 89.72938030982654, 78.92153592065122, 70.21960723114697, 60.76563244025895, 51.91725005129338], [18.510577016813876, 21.42417208456605, 30.458600479223286, 41.71943813794492, 32.93587460768262, 25.022544134977107, 21.855363750077146, 41.300163404397345, 46.82100369291054, 53.34709462410565, 60.867764416517296, 70.89674358219384, 61.54784879316898, 54.5287700337093, 47.748000588092125, 0.0, 9.50630429581996, 19.20954220545438, 29.61465127626184, 40.93769990807427, 37.986603656501494, 27.991636206493883, 18.22604994150016, 10.48566394421231, 6.2391561839840985, 38.58543255594622, 45.80258275764776, 52.39811115939015, 61.709693228048465, 69.07646933068845, 68.60543609058536, 61.1287842461344, 52.339891393916524, 46.41593193272342, 40.48258951359444, 14.270398495177387, 25.3610664492484, 36.86991112557611, 45.696775890112136, 52.915294909978364, 57.080897528980564, 60.75497796050711, 63.136662511183545, 59.68142323554617, 45.75063501822536, 34.698480279772745, 27.517848161856588, 78.75320570079286, 72.58844552977477, 71.03005460296922, 75.46924207812015, 75.50430031331982, 81.9437942423671, 90.3505324658924, 100.3574651839378, 102.90303117324328, 101.82686738453589, 99.83386536332748, 94.53749944428394, 80.61328604264963, 78.0701424852985, 81.08623855515417, 83.3835683127105, 89.80686690519248, 99.14067257800912, 97.73035970195707, 95.8520703456815, 69.07149804272025, 77.42924894321885, 88.33697132544326, 94.81543212977944, 107.51761479891019, 117.58375911750572, 129.25432142940153, 119.59584720802486, 143.57378027920265, 131.4726860211787, 128.81993175689436, 119.87841876204624, 113.50017938821938, 103.53066431167592, 87.84733659262872], [17.020336170894954, 16.82189487397416, 24.261229077290373, 35.39741541781024, 27.85873583708392, 21.77081433043872, 21.096046482444926, 49.04873242482678, 54.846610805569696, 61.5774945612258, 69.08984539568831, 78.70196875347202, 69.76443918990907, 62.71356445596336, 55.71421471894228, 9.50630429581996, 0.0, 9.766851821536765, 20.324138835876365, 32.13190543186942, 29.433018318987024, 19.318153797515798, 10.147793434288905, 6.684523611433579, 9.69421377366241, 47.37712043271126, 54.275402679762344, 60.54293174892, 69.486004842857, 76.68970282836503, 76.51701812098489, 69.3282550916968, 60.81126931142742, 55.037730174602466, 49.11850561989297, 22.390620253586366, 32.67967588815367, 43.007417167628844, 49.422942400622375, 57.13743343750866, 62.88163331364887, 67.44321010224304, 70.12699438236493, 67.08098489404514, 53.880603898475975, 43.30917708250132, 36.493299323322155, 81.07036035727855, 75.80778039147127, 75.31388461576044, 80.68475922574412, 81.35686973609602, 87.9761959713037, 96.28560470430435, 105.88959403403372, 107.80817319191956, 106.07760266778286, 103.34775028425635, 96.99926725516693, 83.28626234872493, 82.0485317191436, 85.87533103273934, 88.78808857779197, 95.55725522218026, 104.20782420570626, 102.17422481238448, 99.60770974605704, 60.72745651750403, 70.6315964098513, 83.56577865095261, 91.44430498504194, 105.10262710362146, 116.3817610503086, 129.2683041062359, 123.40650385430887, 147.91040567093177, 136.6179897976605, 134.03126984147826, 125.27581109558368, 119.27472360156631, 109.32105799510141, 93.86607317304026], [19.24197890289279, 15.620760661256867, 19.30808372302482, 29.312766884126475, 24.05625571576142, 21.08266291451068, 23.12657171646773, 56.86950157800124, 62.931226195486225, 69.8417201539776, 77.31787741348363, 86.44696206790829, 77.95199495137032, 70.87741264401684, 63.702806205729274, 19.20954220545438, 9.766851821536765, 0.0, 10.64478494972378, 22.89352140839621, 20.58107015088073, 10.88979692408458, 6.364650439709394, 12.119078517488571, 17.845520061512637, 56.46769857710345, 63.131885787031784, 69.09803637563691, 77.63671418202182, 84.58236268156224, 84.63055196796827, 77.78759097949178, 69.54986718662593, 63.8550388851532, 57.92895340941344, 31.004114012080528, 40.507105458754324, 49.6998202542534, 53.64508899695745, 61.64298647837404, 68.88111360118833, 74.15959606411806, 76.93798663737476, 74.27317424195502, 62.004751494712536, 51.90752813197756, 45.520366836734276, 83.24859242523497, 78.99676537073336, 79.57383418280598, 85.77103582749092, 87.019355618625, 93.69777531244921, 101.79859420969657, 110.93059069042914, 112.26788446597755, 109.91632938637548, 106.48528207978762, 99.1250591619348, 85.78421170440684, 85.88592629129717, 90.45602169602307, 93.91037059342501, 100.90001249886852, 108.86613656394549, 106.25832847716177, 103.03731317163698, 52.00386899785006, 63.2010350114989, 78.13462425484272, 87.42277344133916, 101.97741490108282, 114.43762734866937, 128.50709287690745, 126.69401854824245, 151.44806860019474, 141.0511914461089, 138.58182735119883, 130.10602689792324, 124.60573919305227, 114.95262549945204, 100.23761574840877], [24.675413938985685, 19.16286693084847, 17.30868906157107, 23.814505310505695, 22.61120237982823, 23.68643232372731, 27.756167831326444, 64.95175871843733, 71.26427427391145, 78.33280942648952, 85.73139279304004, 94.2644122525877, 86.29519679468694, 79.21994495294693, 71.90667253235138, 29.61465127626184, 20.324138835876365, 10.64478494972378, 0.0, 12.673373184513189, 11.331626731472756, 6.653491437521355, 13.267060738104536, 21.221979915616984, 27.35655767833778, 66.07345105376746, 72.5316722006725, 78.18539252882205, 86.25288227498217, 92.83596270898956, 93.05885648389993, 86.64641827331226, 78.7286868665053, 73.07697175442641, 67.1415363777337, 40.278878273780535, 49.05654055314241, 57.17732708938649, 58.54531882993691, 66.64686744902133, 75.37122018721647, 81.21642926405949, 83.84380377797355, 81.53089655534737, 70.48424419444568, 60.87367503472161, 54.95743177396392, 85.41187478776685, 82.33361499229328, 84.02731690692504, 90.96323586920512, 92.73374529105399, 99.32176608919363, 107.0559522712636, 115.61278811538739, 116.42705614923392, 113.4795576906041, 109.36953187479472, 101.00521901586029, 88.2347286988616, 89.76748739550537, 95.02959739503886, 98.95267409861806, 106.0022278374361, 113.27824464443898, 110.14349872865606, 106.28773258003146, 42.401208763331844, 54.540496572784924, 71.59681670500808, 82.40670345508171, 97.84987805515814, 111.51715509649229, 126.79314608410557, 129.55584171589092, 154.11075657835914, 144.7275801945682, 142.39862140566876, 134.29943951381026, 129.43822334582472, 120.361594622187, 106.9232268563046], [31.440099576756992, 25.64712563429239, 19.249618648061578, 18.557413617426057, 23.472859937589714, 28.302498708459574, 33.36146152035634, 72.36123713814153, 78.98293609699829, 86.20876613377582, 93.44166064851585, 101.08036662536986, 93.85942383692338, 86.81930919586708, 79.40237094758332, 40.93769990807427, 32.13190543186942, 22.89352140839621, 12.673373184513189, 0.0, 5.426100163954401, 14.739858115329804, 23.947077478213426, 31.618540080387845, 37.63700247989319, 75.83774041180938, 82.10033647703456, 87.37670388054315, 94.79552806700043, 100.77585355624282, 101.08706415083122, 95.31951230392202, 87.84065356006404, 82.16736100896429, 76.21683976573456, 49.745831710728815, 57.589855211830944, 64.508136679833, 62.73782129711246, 70.7380474916093, 81.18592360560207, 87.42869538396772, 89.44837727151209, 87.50379464972598, 78.41217776704244, 69.47566460841318, 64.32013410988152, 85.72056188101895, 84.13933850697232, 87.10251776778968, 94.69463539915574, 96.93399798492827, 103.15408791813505, 110.20296108477346, 117.95730590616881, 118.34074272390359, 114.8224227455956, 110.05557997786477, 100.66242551689145, 88.78403159108927, 91.97960261155825, 97.89355413110756, 102.18652727690991, 109.00697432271485, 115.55757270655984, 111.96434294002339, 107.4859098953866, 31.836806328801632, 42.5829792122505, 61.53392177825162, 73.9303784076323, 90.24759776093182, 105.12100198546085, 121.62301470382675, 129.9334477042089, 153.425424556177, 145.32727964497485, 143.23569659474208, 135.75284362541512, 131.88604349076599, 124.08145975224787, 113.1726180096847], [27.655679109989926, 21.31139506128498, 14.283762409300639, 14.886521393059832, 18.48647645713174, 23.68330109157104, 29.309313280898497, 69.77041766398224, 76.58152835883057, 83.86884680817087, 91.18410862361185, 99.01269711561851, 91.53020228734209, 84.37431081701244, 76.93036317586484, 37.986603656501494, 29.433018318987024, 20.58107015088073, 11.331626731472756, 5.426100163954401, 0.0, 10.878817495780225, 20.362507668079854, 28.1661719508354, 34.323899642866245, 73.48121503841433, 80.05370066618323, 85.59534786476965, 93.28859136059137, 99.3541188468993, 99.42361832289036, 93.4869194699705, 85.77313351964635, 79.86955452826506, 73.79204213183361, 46.31325943834649, 53.36223408720285, 59.746164160121026, 57.88062111509317, 65.85545600232736, 76.21839448445252, 82.65419036662631, 85.1632439750633, 83.54015574392223, 74.17969703458564, 65.7076952804666, 61.262264439512606, 81.12305886612143, 79.33432519528205, 82.23262866629351, 89.907970675752, 92.29589865761793, 98.76021782831259, 106.09310980964902, 113.88575641386812, 113.9379355631895, 110.32818771014641, 105.52510825656653, 96.22329116947587, 84.19411589529889, 87.23179709018478, 93.19895728329571, 97.64382043576653, 104.82075777920444, 111.0935999513104, 107.36858322302766, 102.86087042446238, 36.813140797208725, 44.59316629672264, 61.141176647652024, 72.45304197071214, 88.24741331046528, 102.636156087487, 118.71927684324588, 125.52998984575966, 150.56304266677543, 142.65333415375693, 141.09128550550565, 133.90721423846873, 130.3325157183238, 123.25921621448042, 112.84204646052162], [20.793695060602705, 14.187204494093546, 11.70838757988486, 19.959754684982528, 16.81535731089905, 18.247100349198227, 23.31347491194149, 63.01425026615635, 69.66339470310635, 76.84515295204093, 84.3163658425347, 92.91316066562071, 84.74177692091793, 77.51471083159292, 70.15115690229786, 27.991636206493883, 19.318153797515798, 10.88979692408458, 6.653491437521355, 14.739858115329804, 10.878817495780225, 0.0, 9.9076228761057, 18.401417938499876, 24.847174393019582, 65.01141280514351, 71.88293959459784, 77.8338978767931, 86.136132552155, 92.68638263054532, 92.57524672759386, 86.07726460968219, 77.92789150459285, 71.93546504170726, 65.81491168384397, 37.46148303558596, 44.82931910293854, 51.97268627790423, 52.72747054753635, 60.78019399698748, 69.66961197843548, 75.86238298934964, 79.07214071220375, 77.28470868636316, 66.20847184025732, 57.40483351339134, 52.733283798799114, 79.33702483345259, 76.21514236451738, 78.01523831514517, 85.16709614072742, 87.22004209070047, 94.0756034355159, 102.06906212671153, 110.52341363696412, 110.81475412576546, 107.65041591571543, 103.3891212021002, 94.99613528719917, 82.19734999850878, 83.77579452114125, 89.20978564424696, 93.3980008233415, 100.88606959302781, 107.65162168069249, 104.26549341513451, 100.2722717928549, 46.25943689572809, 54.76774563834044, 69.28812773300686, 78.96834471161084, 93.81423378347884, 107.00615306615286, 121.90165076195039, 123.66141881662192, 150.02948913707183, 141.16264409704857, 139.60237954565574, 132.04852920030436, 127.80662423257274, 120.04248462468117, 107.9209371341537], [14.718988562263176, 10.141283624227313, 14.951225435435083, 26.081247004934003, 19.04329494300755, 15.423488311122393, 18.12875134668635, 54.88554333602806, 61.35195738066757, 68.41054060610784, 75.94715914892882, 85.03697279995389, 76.42107143484732, 69.18641605539169, 61.93483076463061, 18.22604994150016, 10.147793434288905, 6.364650439709394, 13.267060738104536, 23.947077478213426, 20.362507668079854, 9.9076228761057, 0.0, 8.796613499129993, 15.289266348283721, 55.770798780302286, 62.84222529414522, 69.05664564302849, 77.73326422685706, 84.55174520919172, 84.2657704493053, 77.42952936660458, 69.01909811683305, 62.959915327680385, 56.83053231689198, 28.182918723769422, 36.18299466217313, 44.45820774255028, 47.69806084604055, 55.69892020480232, 63.23538533715406, 68.85015244078133, 72.07303829995098, 69.90696351537771, 57.767033967706645, 48.472122879693096, 43.47041724071234, 77.11253424234002, 72.84493734904675, 73.54022181077559, 79.94794810044434, 81.45085827751682, 88.33994045000374, 96.63192345548909, 105.6432476722547, 106.5331623836439, 103.98814623467753, 100.42414763993094, 93.02864792733192, 79.67301903653284, 79.84265703349278, 84.5756435986079, 88.26297344185933, 95.6130129106173, 103.1345637448169, 100.31005072728506, 96.96386314396963, 54.495013159806945, 62.560878872271694, 75.26621759126797, 83.53033122576785, 97.52288402764668, 109.52721821074344, 123.24172142697417, 120.69531604589773, 146.9051246542818, 137.03124508772967, 135.28024946288386, 127.35319025324088, 122.51618089886036, 114.2572176629424, 101.15746585820357], [10.811847589925323, 11.296898489097305, 20.005080892375936, 31.350432144196205, 22.77131913435567, 15.661012901731771, 14.638727920816274, 46.55729343111604, 52.932743289915955, 59.92795897356547, 67.48703834868259, 76.80607704419553, 67.96356034020191, 60.72478736658003, 53.5452704128059, 10.48566394421231, 6.684523611433579, 12.119078517488571, 21.221979915616984, 31.618540080387845, 28.1661719508354, 18.401417938499876, 8.796613499129993, 0.0, 6.50549434655392, 47.20575987795704, 54.42962549518255, 60.784058737066175, 69.61695480930268, 76.48920756997568, 76.02392038231761, 69.06744219725994, 60.539159139502125, 54.37494801613878, 48.210810462975175, 19.45124141480561, 28.427042080240444, 38.0419922484368, 43.17659284294705, 51.01302750172818, 57.54186944998441, 62.39034324736933, 65.04192531822966, 62.381796341636836, 49.90021200628323, 40.01892988897722, 34.683481736201635, 74.48332802928826, 69.38740560841624, 69.15000307978309, 74.76212792367944, 75.63550306907642, 82.28225413523505, 90.56715400187001, 99.98337565148398, 101.63665728763606, 99.74017763771894, 96.87866862668211, 90.39600556782845, 76.72315401067966, 75.73717419015934, 79.75247651638999, 82.83372102505511, 89.73979428120765, 98.09791852485785, 95.90935385113961, 93.2062831850503, 60.98749959326783, 67.88196727532114, 78.85661429777421, 85.8986924692534, 99.13289957932318, 110.06522818585482, 122.72767202671805, 116.95930669548761, 142.0588993547337, 131.30383878040305, 129.29756231849333, 121.07379628009828, 115.8142474612724, 107.37244641127951, 94.10764209096524], [12.354751343682032, 15.972498136810161, 25.372889298502248, 36.42589075415603, 27.428227560831086, 19.125341402481002, 15.616555187840147, 40.6380416555227, 46.85488549951829, 53.75753406127607, 61.32781903451042, 70.87192377886095, 61.82481036965152, 54.60543047419319, 47.519844883652986, 6.2391561839840985, 9.69421377366241, 17.845520061512637, 27.35655767833778, 37.63700247989319, 34.323899642866245, 24.847174393019582, 15.289266348283721, 6.50549434655392, 0.0, 40.8274833733149, 48.16652665095323, 54.63861155596732, 63.612995141637604, 70.55342679528799, 69.95502225227638, 62.875832161774, 54.24550365800526, 48.01912472614554, 41.8447274773735, 13.197706128694865, 23.49339647741948, 34.38072885425262, 41.24976449923433, 48.78615093465764, 54.29253520907191, 58.3991719142836, 60.52444882011587, 57.393045440428594, 44.58897069072918, 34.085641062257714, 28.227589480836883, 73.69345168888594, 67.97540320896965, 66.96208740841719, 71.85173536299818, 72.17277346723579, 78.57653385970927, 86.82095764135812, 96.55457792367152, 98.84839692985818, 97.49461932335709, 95.21480605242321, 89.49168434626634, 75.66103613946291, 73.73995844656181, 77.12630255309152, 79.67429809551898, 86.16538326233774, 95.20504177768879, 93.55290694889332, 91.38769037444119, 66.11443461105341, 72.46761256368477, 82.39175080716856, 88.6179981226915, 101.28216301901244, 111.41915466757973, 123.2771208188254, 115.06470279308674, 139.16449963900575, 127.68045695816748, 125.41861226613081, 116.9211102988605, 111.25910775011388, 102.54607982629287, 88.97893938498632], [48.44963844061774, 55.08513816062297, 64.45520410327293, 73.90481467944828, 65.41623200211124, 56.31359983704259, 49.57137427800631, 19.01406697083002, 17.230039891078025, 19.682164077494882, 25.90952361330399, 37.17958444218839, 27.201298474942366, 22.19505319606973, 19.23059537904217, 38.58543255594622, 47.37712043271126, 56.46769857710345, 66.07345105376746, 75.83774041180938, 73.48121503841433, 65.01141280514351, 55.770798780302286, 47.20575987795704, 40.8274833733149, 0.0, 8.140910298737483, 15.47794058417999, 25.509843057685483, 33.17369041004477, 31.868516877552903, 23.53846261244814, 14.233113916254343, 8.910238523803109, 6.1416407982546515, 30.138718099796932, 34.44624199538537, 44.51790853295913, 56.74094605854141, 60.35553220993838, 58.633637929153146, 56.11970858919307, 52.246443435997996, 45.01892840180591, 35.73939703180459, 24.97166497015772, 15.94598753