{
	"dissimilarities": [[0.0, 7.347935392288229, 16.316490750607155, 25.674564247634713, 16.47598461384284, 7.636703668651089, 2.1657292806048014, 42.14703229397529, 49.316656862669085, 56.61984528426319, 65.02032655342862, 73.41078848986703, 65.14966747746301, 56.67143465058693, 48.34916543455616, 18.231092191973058, 16.936912750231997, 19.72045206819595, 25.53794476048809, 33.398152360984014, 29.282994265609624, 21.282681122078674, 15.124078649467743, 9.884409792635422, 11.002338325480181, 48.03253819075717, 55.35734830131923, 61.44913575166575, 69.71352954555717, 75.89855282141566, 75.05477436248293, 68.75441870932528, 60.43144095089253, 54.06852134378932, 47.72539085448267, 19.01181241981735, 23.135346942905485, 31.889203474770042, 30.846632642879463, 40.308544507894574, 50.56064141769574, 55.75286943237244, 55.991375343684965, 53.14846980319149, 45.9986194597514, 37.417178364701776, 35.47490155341984, 61.40429166250088, 53.284103685187, 55.3330873575802, 61.01003380861842, 62.81141374548149, 69.65201492157335, 79.2889715197536, 81.34722082774879, 83.53820731864104, 82.71101186897954, 77.15597971978625, 70.06362273837932, 64.08213798671096, 60.28703174339796, 65.99442112906466, 70.73483096597414, 76.2448429925589, 74.90015701873709, 71.34246694772446, 66.85524645177644, 59.822164791836634, 63.94247556874953, 72.29706441042414, 76.94782116445136, 87.7760615987345, 101.46078190390891, 102.7000180945743, 108.33997256353724, 121.510258913171, 120.18438088767397, 125.14919734335584, 116.78243810690026, 110.79173295393389, 103.149737629723, 93.5566051751624], [7.347935392288229, 0.0, 9.59166441547915, 19.92393369564828, 9.867646917252461, 2.1416397889937033, 7.685828807706623, 49.44819610545867, 56.64226479208012, 63.93167244155295, 72.34560647018169, 80.72885767351319, 72.46944157491477, 63.981329168661574, 55.67283151368856, 21.975662187914814, 17.422123385422484, 17.3642503304684, 20.75352088028769, 28.134328256808516, 23.39456236010142, 15.651875074220792, 11.848330849617343, 10.766210935841869, 15.66543592683325, 54.96437346984246, 62.34513892389205, 68.52251013937868, 76.88750186720547, 83.15110285696893, 82.35369027149454, 75.98357151655476, 67.60072260724436, 61.23211885583723, 54.892238334822295, 25.210864464930374, 28.668100308727958, 35.60867651906695, 33.47028260703917, 42.84761766147857, 53.60878664520364, 59.64108491452468, 61.1313170006167, 59.13987589240052, 51.660530825123026, 43.92281361325625, 42.30701588761083, 62.21825492985814, 54.58885202616729, 57.867402062238334, 64.1383337408975, 66.54275037001744, 74.01522280514496, 83.77072604412172, 85.3544066644563, 86.62632712307271, 85.12098791647294, 78.76182391670096, 70.89800663526232, 65.56294319100206, 62.062788565677224, 68.93992887482446, 74.43850379414897, 80.40052787931155, 78.5300918835865, 74.01680627924198, 68.71695342857689, 55.8891837626735, 60.19067918554029, 69.12835652401242, 74.62353270274829, 85.83656146642817, 100.3624798978819, 102.50368137552977, 110.24183151502328, 125.48316076351276, 125.06274317671124, 130.44886251829396, 122.49096032915375, 117.07678379600308, 109.95547843118064, 100.5099445840614], [16.316490750607155, 9.59166441547915, 0.0, 10.811507951158248, 1.082537693045836, 9.435587159544758, 16.207981623861375, 57.9790743256672, 65.22918990788429, 72.60082814386244, 80.93442410770248, 88.79842320438077, 80.98408217146115, 72.61050175752816, 64.18928210862578, 30.815482264551694, 24.163730166683827, 20.645528775075267, 18.33883839816116, 21.59529210950056, 16.28493553126807, 13.661966687521273, 16.265716237526426, 19.076523823908012, 24.982595298271093, 64.27391772317702, 71.53050112831083, 77.51212517096523, 85.56544877985986, 91.56311118824814, 90.90065637915042, 84.83481190978682, 76.65679266050158, 70.33201235857516, 63.997058147450666, 34.78442437171349, 37.552815490645024, 42.88179437704447, 38.631379684256366, 47.68182403774961, 59.75676159957724, 66.64502854063662, 68.25846972881328, 66.66393505984472, 59.94375617647731, 52.93079129615655, 51.73375345732658, 63.253940759532334, 56.92569573629419, 62.01121796053948, 68.85349422923886, 71.84893129014773, 79.47584123362735, 88.72808773538911, 89.81079180650757, 90.21192230461126, 87.87178716923195, 80.71554604601064, 71.69027969440899, 67.37397571008732, 64.7046798551932, 72.9438790736167, 79.03014114021848, 85.13983323040377, 82.78585811231649, 77.23067492300703, 70.98291045702973, 49.40652913294772, 52.299127456347435, 61.76202959129541, 68.51099211232872, 80.51337871527512, 96.10414260537212, 100.07826865107475, 111.7493331082477, 128.0987463559193, 128.60749236759835, 134.04665814517114, 126.60165412347374, 122.13406329377685, 116.00180393556298, 107.73912585887184], [25.674564247634713, 19.92393369564828, 10.811507951158248, 0.0, 10.48168727864846, 19.471383459038904, 25.27372330212163, 65.48731405677043, 72.72593490669232, 80.16538359566655, 88.29958084274375, 95.28103768309148, 88.23172917268617, 80.11199786483448, 71.58862730346848, 41.10335405381519, 33.9076141652798, 28.935734901518654, 22.658012536263236, 18.717668775496087, 14.41966220790435, 20.23985443448433, 25.935767640300618, 29.436112501285628, 35.143542088377615, 73.19343984679578, 80.19115773518853, 85.77820692831062, 93.21762171633941, 98.68314941036601, 98.1866583999883, 92.6993002408764, 84.93039960419297, 78.71053454987201, 72.42338357965329, 44.64262248008409, 46.87556854732692, 51.28651443416435, 44.968555995508524, 53.5396786156965, 67.09284388038641, 74.52341217721452, 75.2220421628455, 73.53342454996744, 68.2741713793164, 61.733098978795155, 60.94992904694799, 64.51134102860709, 59.93213948263364, 66.69118398233864, 73.83482640377214, 77.18886643287048, 84.41976762289376, 92.66763939765332, 93.37329655158798, 93.23523059257398, 90.19118178933833, 82.56537789543135, 72.42636932507801, 69.20660811398989, 67.65934192145826, 76.91517914221816, 83.18430214672449, 89.05676095547558, 86.42981460003156, 80.12553654828476, 73.15960992228639, 42.97778660175939, 42.10836940903625, 51.77714749187458, 59.9853104949833, 73.08142845692169, 89.65650933625689, 95.99657459346554, 112.3490021994536, 128.3387805009019, 129.52906656509268, 134.61576576813061, 127.68975580681469, 124.32001231686218, 119.44973403946827, 113.14387898223875], [16.47598461384284, 9.867646917252461, 1.082537693045836, 10.48168727864846, 0.0, 9.474567445696872, 16.224690545145847, 57.95082400507184, 65.23939989522049, 72.61514348387287, 80.94459523392118, 88.7371933186163, 80.96472029628147, 72.60838598599481, 64.1797582121432, 31.376836896006214, 24.976057248307807, 21.65459852770404, 19.398318650388934, 22.300733975102705, 16.988906218055362, 14.721552055819183, 17.15898936685054, 19.683639814335486, 25.41516635807375, 64.49545459608579, 71.77287340805158, 77.75593117770222, 85.78579351540142, 91.7328451544601, 91.0280595816582, 84.99884171012526, 76.81864950257932, 70.47686174866212, 64.13577532657457, 35.02030654534744, 37.43268898378627, 42.4925207075221, 37.966227015090986, 46.97406351318673, 59.216992941615175, 66.19148069979899, 67.76422135851554, 66.24783625738503, 59.65156317327114, 52.8285271382651, 51.900240676944, 62.25701593979257, 56.00810991482025, 61.21700498193811, 68.09695890979664, 71.14004846456479, 78.77464914453058, 87.98488375501991, 89.01636132595614, 89.34371623537331, 86.94956015594776, 79.7547343946977, 70.67799775003039, 66.40951840588768, 63.79409556080279, 72.11823937017138, 78.24681821840034, 84.37188538131791, 81.97339311375077, 76.34253634276723, 70.04050541286122, 49.900247798845314, 52.13625860861757, 61.114301533655876, 67.65728357865251, 79.55595080954484, 95.10448041024878, 99.01487309084554, 110.75488689497546, 127.24829833498795, 127.87807817410604, 133.4361831007654, 126.09198462874258, 121.75718865040064, 115.89253944800913, 107.94902043564419], [7.636703668651089, 2.1416397889937033, 9.435587159544758, 19.471383459038904, 9.474567445696872, 0.0, 7.357787912857645, 49.31653065911682, 56.607763516021066, 63.91019128833108, 72.32155714047072, 80.56087354476527, 72.38043858293594, 63.923133867754146, 55.59310423901926, 23.32996748057781, 19.38042255502666, 19.489744258813786, 22.46883828168675, 29.148798112109716, 24.284783258903897, 17.28650106678182, 13.889446513880133, 12.47619678916416, 16.776874187084882, 55.40241737887691, 62.8313861328228, 69.01412052654103, 77.33076188439581, 83.48709940447507, 82.59463560324551, 76.29941941348221, 67.90723239853476, 61.498574440781766, 55.143660837339944, 25.69874987916537, 28.20428698686427, 34.53232242707063, 31.797372108346533, 41.16003236480083, 52.298909172427, 58.52853837733512, 59.94981238299171, 58.132998589009155, 50.888306829537306, 43.57747693242689, 42.61330136290084, 60.13145534112909, 52.595586576879604, 56.082625185162975, 62.43863564471673, 64.94015856414651, 72.45201699718332, 82.15494734534914, 83.64071201533561, 84.77302912003564, 83.17214306752938, 76.74271785273999, 68.80173197300618, 63.52311251369304, 60.095334501503935, 67.12875663249429, 72.71956886806072, 78.72816871191054, 76.76786630039652, 72.11052781467302, 66.71414487673903, 56.76127337203704, 59.93236741236012, 67.9972206298923, 73.07664929743012, 84.0567940231988, 98.46592782250707, 100.42903667532579, 108.20052828083735, 123.74960271894282, 123.56864367194997, 129.21123412608588, 121.45352512063667, 116.30139665206849, 109.7298608778591, 100.94583514383484], [2.1657292806048014, 7.685828807706623, 16.207981623861375, 25.27372330212163, 16.224690545145847, 7.357787912857645, 0.0, 41.99641432805088, 49.28061119573487, 56.60198755765621, 64.99681744811305, 73.21505681541572, 65.0525817752935, 56.61137559371554, 48.259233989904864, 19.926362956359494, 19.00864617464595, 21.648346494318705, 26.94740216690867, 34.215403482984115, 29.966331153106303, 22.525754138058446, 16.823500412991436, 11.80531784640473, 12.620133111679486, 48.5662684550458, 55.930263639431644, 62.01338172391234, 70.20618489211316, 76.26140617644398, 75.3180714133033, 69.11301623141522, 60.79264176005847, 54.3912308821642, 48.036348419058044, 19.72680006313411, 22.6351623155504, 30.75932458629641, 29.06532571281423, 38.55257002717289, 49.238349355579665, 54.63054152957293, 54.73643155276065, 52.04783330177514, 45.18316178288444, 37.05973431745136, 35.88411012097764, 59.28945775221323, 51.256935052711, 53.49476014424705, 59.25175840451836, 61.14107059474812, 68.00513962333035, 77.58030666650528, 79.5490558645109, 81.62171873927596, 80.70894022366555, 75.10038297475542, 67.9385988664107, 61.99597114427777, 58.27407095754887, 64.11861319292329, 68.93649877351871, 74.48331474599821, 73.05719834898562, 69.36935559566561, 64.7990724190712, 60.56632523280615, 63.60493150450976, 71.12507571529694, 75.36481646693973, 85.9639984294626, 99.5162620439892, 100.58126812695996, 106.25405539620604, 119.67587714478339, 118.58045671255282, 123.7960518084457, 115.62977131529246, 109.91336090644118, 102.85553637392847, 93.99214775500175], [42.14703229397529, 49.44819610545867, 57.9790743256672, 65.48731405677043, 57.95082400507184, 49.31653065911682, 41.99641432805088, 0.0, 7.635931170621039, 14.864208946299698, 23.150780651936685, 31.82901669953484, 23.078885975839864, 14.728598662585183, 6.422380425768938, 39.78600566221461, 48.50699762228394, 55.60704073838361, 64.51037876523375, 72.51604942496962, 69.74249017670813, 61.81458330039467, 53.62471104184438, 45.87012795876082, 38.79881155014491, 17.60995491839028, 21.931259420895145, 26.013985337982607, 32.37703776710087, 37.16639870288051, 35.057025577013974, 29.710044534997134, 22.413769712994423, 16.758326014752488, 12.193073192117648, 29.069084152962247, 28.734816484916934, 37.08876297839174, 42.190710262619056, 46.04899361563835, 48.43943198713034, 46.23822259706903, 36.9719492266956, 27.485389436976167, 27.119454490648298, 17.06211942847274, 16.184808678031416, 69.03304366251909, 60.32860598902394, 54.76465005093514, 55.00912059116431, 52.31383405087225, 53.1300824899968, 60.40988034030014, 65.49320818895166, 73.38245737802562, 77.0006057908667, 77.10499569482748, 75.79838821824694, 67.49824764076654, 62.80452069265685, 60.00723911742746, 58.745088883991606, 60.171260114974345, 62.68166228547132, 66.05862367895247, 67.45422579057431, 93.41075085635582, 95.58213458476838, 99.75958861536479, 99.69696810459985, 107.14402157028317, 115.31572848799426, 110.926381198286, 102.94798853650798, 103.30855842550484, 96.31140058737165, 99.0382369909312, 88.5270612630282, 78.6313815055349, 68.21599479606674, 58.94958753321989], [49.316656862669085, 56.64226479208012, 65.22918990788429, 72.72593490669232, 65.23939989522049, 56.607763516021066, 49.28061119573487, 7.635931170621039, 0.0, 7.445250255833311, 15.716688344199426, 25.10569891008354, 15.886019238020454, 7.468996602448284, 1.629999678949046, 45.59365243863874, 54.53412238257285, 61.7501411054572, 70.88174483347716, 79.02789458502392, 76.49100976916459, 68.47470112972255, 60.18789501063146, 52.50617837416566, 45.33422978049996, 15.991972449516977, 17.49996246456706, 20.00459437348156, 25.332723204117197, 29.803459257663963, 27.484520749562037, 22.36395342257896, 15.902835217244254, 11.490578449095066, 9.789221080983413, 35.42267033615237, 35.676435482713686, 43.64308694788615, 49.29489311919105, 52.52459207451365, 53.55225996147079, 50.19227532676963, 40.173252827626705, 30.175101584526352, 31.082338870415175, 22.34385081881073, 20.31040394894447, 75.06504491907829, 66.50893888450258, 60.19340678744234, 59.635641827200025, 56.31681771369903, 55.98843377297634, 62.45872227447247, 68.0066509972785, 76.74176616976459, 81.02750984282112, 81.9831336352351, 81.46245483612294, 73.08461585355292, 68.39989259592997, 64.49347982926636, 62.266083271860886, 62.84114448294828, 66.01656083834258, 70.4712700771843, 72.68009212745037, 99.07523504756719, 101.8493512388985, 106.29095295630336, 106.12257081517706, 113.402989781188, 120.99748487259032, 116.19477551622056, 106.52057282126559, 104.21135101652234, 95.86409099759754, 97.58540390396334, 86.43134248882951, 75.32461430100861, 63.17338105012038, 52.589634822597844], [56.61984528426319, 63.93167244155295, 72.60082814386244, 80.16538359566655, 72.61514348387287, 63.91019128833108, 56.60198755765621, 14.864208946299698, 7.445250255833311, 0.0, 8.514301422507549, 19.192964761421617, 8.919025848085765, 1.1086169963544676, 8.672687513954367, 52.03134591165234, 61.24729131500274, 68.63090916396455, 77.98193662930629, 86.30795604561172, 83.82009636464508, 75.62509271857235, 67.19278509907106, 59.50136891881856, 52.24093158885655, 18.047442155848177, 16.54431674125317, 16.89478527601893, 20.493368050699033, 24.24263744786945, 21.186057033634267, 16.45520138688485, 11.662449207691754, 10.282945707647295, 12.753435519027724, 42.0466769248187, 41.98529878213023, 49.08376820893263, 55.259676927624156, 57.67391439974868, 57.19732202837498, 52.714854774920795, 42.17879527926198, 32.18105620179482, 34.1795322396103, 27.31422091668929, 25.772986457599142, 79.78172934637162, 71.32027036515004, 64.14481537275917, 62.74806259676502, 58.84018997307929, 57.4925867510431, 63.28300799914569, 69.18875877176383, 78.60677643077403, 83.55216137454957, 85.36217344783593, 85.7751111969477, 77.31172027756622, 72.56800881591926, 67.4989370376368, 64.37558621293444, 64.21015370830487, 67.96474681904678, 73.45529826795776, 76.51080453071859, 106.05264272408586, 108.95195833356449, 113.10461182887998, 112.49575355429089, 119.3085774359396, 126.17743014988761, 120.55548657579673, 108.59181248034652, 104.34352847643322, 94.98694569116269, 96.25792852934144, 84.79934925836525, 72.78022222405055, 59.71428189712051, 48.57817805069069], [65.02032655342862, 72.34560647018169, 80.93442410770248, 88.29958084274375, 80.94459523392118, 72.32155714047072, 64.99681744811305, 23.150780651936685, 15.716688344199426, 8.514301422507549, 0.0, 12.067916179371394, 2.222802351114017, 8.527488263334403, 16.80723027431248, 60.27503286266981, 69.47086852757845, 76.81013363362158, 86.12123260091855, 94.28053972239456, 91.94781279709015, 83.92446554306323, 75.54699992889675, 67.90608206835734, 60.65594432547415, 24.56232680219535, 20.613278217614923, 17.916028966766156, 17.200346830902856, 18.430909546900224, 14.46917640081169, 12.520867841350814, 13.20222850303092, 15.810082908896398, 20.248197556075656, 50.49115610634422, 50.3302222275888, 56.80486386812536, 62.88451787639184, 64.67336264192426, 63.42916942232057, 58.171956959884085, 46.79978945205999, 36.82689910479462, 40.48993372034607, 35.18783196562927, 33.93547437138619, 85.62917953728419, 77.56301974516404, 69.88616236441898, 67.73853158315409, 63.312384602289264, 60.652863757960134, 65.17318083762773, 71.43707781642281, 81.62931516643619, 87.19372740530667, 89.92567450764389, 91.11910278727281, 82.70708087713402, 78.15004267442043, 72.06828348476883, 67.9538707453195, 66.78536826372495, 71.1800179451291, 77.69213692341427, 81.5418359113698, 113.17311838860599, 115.87420618842896, 119.68331819407791, 118.65267499091277, 125.06337105771135, 131.10502393655023, 124.95392387546346, 111.30343498194826, 103.87331875020693, 93.12114713321976, 93.33947334392688, 81.41205076114406, 68.31825194871546, 54.079108381602644, 43.12038353679288], [73.41078848986703, 80.72885767351319, 88.79842320438077, 95.28103768309148, 88.7371933186163, 80.56087354476527, 73.21505681541572, 31.82901669953484, 25.10569891008354, 19.192964761421617, 12.067916179371394, 0.0, 10.994782026481376, 18.811556943393438, 25.715858276173943, 70.54015106405633, 79.23580491756562, 86.12886605256963, 94.75019328143135, 101.84204521345815, 99.7145730458858, 92.70348528192802, 84.8212359310129, 77.26543652400217, 70.23025291950398, 36.32734201004199, 32.148103796040445, 28.155780951249312, 23.35042289278924, 19.491104843342722, 16.059799785737802, 20.379866440967984, 24.64230419691206, 27.656817823383182, 31.617416436043502, 60.51728293287421, 59.72176842168874, 65.34630466017379, 69.92213782352202, 71.09825508274777, 70.6249529489954, 65.35815858631341, 51.905833082972556, 41.620281602720524, 48.62455100537542, 44.886493192572516, 44.885315039584434, 88.94379686117523, 82.03548211871336, 74.53282971154003, 71.74477700971303, 66.92463247898277, 62.28943776213091, 64.31132150989482, 70.90782758903521, 82.03856023103985, 88.07931208244162, 91.89005714574981, 93.60122313583935, 85.55442939267418, 81.76158303009969, 74.89337963802419, 69.55583761174391, 66.84303130716, 71.9737867959059, 79.45545645368388, 84.03976714437812, 119.07109224499037, 119.82368628497522, 122.20723494716644, 120.25619955993739, 125.97866017151135, 130.6764038645714, 124.30919089060714, 110.2411578227409, 97.4236904646159, 84.87372782048251, 83.35348929625766, 70.89676563907389, 57.00007354156177, 43.069995251160286, 38.08836691159681], [65.14966747746301, 72.46944157491477, 80.98408217146115, 88.23172917268617, 80.96472029628147, 72.38043858293594, 65.0525817752935, 23.078885975839864, 15.886019238020454, 8.919025848085765, 2.222802351114017, 10.994782026481376, 0.0, 8.651318875651963, 16.80688164159937, 60.947487552919334, 70.11762879807047, 77.4217682879597, 86.62144187441795, 94.61665443053224, 92.22050350269045, 84.32973291172216, 76.00539540988602, 68.32193855586299, 61.09245948059733, 25.864651029596626, 22.39942510086908, 20.045438555582713, 19.308234622148706, 20.003563569209362, 15.978016759974876, 14.68323721248571, 15.153449307006111, 17.2336234952111, 21.257683528082403, 50.91692745023208, 50.2669520064683, 56.34574417494551, 62.153578199066935, 63.724010393035925, 62.55731501745707, 57.29785107447661, 45.46979882731725, 35.4008936071162, 39.7842178422067, 35.03144132744225, 34.57918781510964, 84.19416457690185, 76.27787365065542, 68.55892112728642, 66.2838916917691, 61.785690795459175, 58.8645271543053, 63.15241499221726, 69.45027374422183, 79.73909686883644, 85.36421814179859, 88.23925803100853, 89.55494478834093, 81.17246392096455, 76.69797867850193, 70.45553384805682, 66.17481879774996, 64.84440593396877, 69.31828851084023, 75.96161783951287, 79.9378006946109, 113.56274728614844, 115.65810388166967, 118.94260155524776, 117.59626892989019, 123.76521988020129, 129.56416616314826, 123.19950181667477, 109.30668652540884, 101.67024668631426, 90.96851810329862, 91.40237464646131, 79.62487222863562, 66.75780116388015, 53.38641530044662, 44.001436773816195], [56.67143465058693, 63.981329168661574, 72.61050175752816, 80.11199786483448, 72.60838598599481, 63.923133867754146, 56.61137559371554, 14.728598662585183, 7.468996602448284, 1.1086169963544676, 8.527488263334403, 18.811556943393438, 8.651318875651963, 0.0, 8.537697448526153, 52.39600364360264, 61.59278399180481, 68.95405497740295, 78.2412266116361, 86.47645932349589, 83.95399588086325, 75.83234231532622, 67.4307405558863, 59.71663930871838, 52.469577507992554, 18.869894336811587, 17.59812008268815, 17.985385905114573, 21.358199051794934, 24.813953070189598, 21.67053484347292, 17.259460015303407, 12.700772611062055, 11.263406791457724, 13.460479576017715, 42.27192489688901, 41.916642415453175, 48.79183630539, 54.82158085793277, 57.121041660037484, 56.69224845609273, 52.209196750339764, 41.41592855026889, 31.333315482795385, 33.72562956051754, 27.167616304226343, 26.14916497433574, 78.99937470183906, 70.60654204543184, 63.4052751679895, 61.94691100618088, 58.00242295524725, 56.53533365665131, 62.23287875956969, 68.1539590112196, 77.6163146744775, 82.5885579976301, 84.46393436856245, 84.93374934522984, 76.47882979241496, 71.77251249495754, 66.62449562241558, 63.4241421805431, 63.19021211216372, 66.97899231980054, 72.52890681916062, 75.64434486682265, 106.24888641906743, 108.82646354349622, 112.7035257010595, 111.93027349925084, 118.6210603687329, 125.37135288379477, 119.64095619865653, 107.56324584595193, 103.24510928580382, 93.9300039509309, 95.31671384762654, 83.93796999896449, 72.04189877299206, 59.387668166230114, 48.95148493651293], [48.34916543455616, 55.67283151368856, 64.18928210862578, 71.58862730346848, 64.1797582121432, 55.59310423901926, 48.259233989904864, 6.422380425768938, 1.629999678949046, 8.672687513954367, 16.80723027431248, 25.715858276173943, 16.80688164159937, 8.537697448526153, 0.0, 45.172439760033114, 54.01683478646008, 61.16164709021121, 70.1665959699886, 78.16152345378367, 75.58520529161112, 67.70114148496017, 59.488450564813924, 51.793241759493476, 44.66581123645478, 17.014229551305633, 18.97125582089014, 21.604005343854876, 26.83520087266082, 31.11641978788739, 28.80384854929452, 23.90333648734722, 17.527837257718307, 13.011057617959347, 10.815628472200123, 34.83389540585183, 34.794730452962874, 42.649994769872286, 48.01180409118596, 51.260763767032095, 52.62920651064922, 49.46935040804277, 39.25303117531696, 29.174181521069837, 30.356475201709106, 21.673861887310135, 20.233960587697627, 73.59337214650598, 65.10777284200877, 58.92455144835648, 58.44554014598713, 55.19019939267425, 54.89433740080072, 61.353780609411196, 66.85551149315361, 75.5256511214868, 79.72817500049001, 80.61453810578372, 79.99196250651106, 71.64133448927446, 67.01751764579726, 63.22808308278549, 61.06548534047945, 61.681642031267856, 64.79731136392057, 69.13994122182301, 71.2686172107346, 98.25167747960212, 100.6410328932659, 104.82890331074447, 104.55555972363736, 111.7869278681385, 119.37045373471062, 114.59964403113298, 105.20659120958766, 103.08428275928439, 94.92786073467774, 96.80966959908862, 85.78154988569301, 74.94237141454728, 63.32805812677112, 53.509161472443076], [18.231092191973058, 21.975662187914814, 30.815482264551694, 41.10335405381519, 31.376836896006214, 23.32996748057781, 19.926362956359494, 39.78600566221461, 45.59365243863874, 52.03134591165234, 60.27503286266981, 70.54015106405633, 60.947487552919334, 52.39600364360264, 45.172439760033114, 0.0, 10.648184700080012, 19.294259820836064, 30.535470363773243, 42.67101238145532, 39.4373665102419, 27.58783486874273, 17.972743288975423, 11.79476945848226, 7.353419411782589, 38.5353051888285, 45.7470438144779, 52.37799375648534, 61.79186651770604, 69.2863686658478, 68.63573059650008, 61.100796592545926, 52.383288195214604, 46.390846609825836, 40.51575163970997, 11.926892202190645, 22.923030408408938, 34.659784731828026, 39.965783491963975, 48.284751598931166, 53.25278756931916, 56.07409385851146, 58.15805892859427, 54.98255519470719, 44.76331263170657, 33.99646657627151, 27.26880393034696, 74.04986017111443, 64.35930332971992, 63.42313413218539, 67.88130802849507, 68.67592386528058, 75.48990783701245, 86.20692314347048, 89.00706758445135, 92.2280430888254, 92.60346773141556, 88.03370150051903, 82.76049883779162, 75.83380381494027, 70.76668486226049, 74.28686401981102, 78.17956366537989, 83.54991546125531, 82.9452791151001, 81.00951253446296, 77.93699157412209, 68.60308949614478, 78.86418510233264, 89.96517187426447, 95.16804465076376, 105.86925140715783, 119.14221062974303, 118.9535552835659, 119.65425489378917, 132.10698676655247, 129.16659204157386, 133.49858322742483, 123.92793870564667, 115.63335586418344, 104.1424769908739, 88.82407302933878], [16.936912750231997, 17.422123385422484, 24.163730166683827, 33.9076141652798, 24.976057248307807, 19.38042255502666, 19.00864617464595, 48.50699762228394, 54.53412238257285, 61.24729131500274, 69.47086852757845, 79.23580491756562, 70.11762879807047, 61.59278399180481, 54.01683478646008, 10.648184700080012, 0.0, 8.679976291949476, 20.106847211002176, 32.78556095089222, 29.796719142870902, 17.703473907356685, 8.840086688214377, 7.578577428380344, 11.149756586323177, 48.35041693138177, 55.25193811628668, 61.50599476389245, 70.47091311397794, 77.73508633459913, 77.44499246970446, 70.26265600231751, 61.88635445967046, 55.993494281594664, 50.08339141442218, 21.237768792204378, 30.892081435491285, 41.3521994109379, 44.264188069589046, 53.21462405982631, 60.09215011255937, 64.11514646665755, 66.48667153292946, 63.55930041140772, 53.95682280186256, 43.66804773044259, 37.34938282985343, 76.70030282564777, 67.80472616177227, 68.66866032065326, 73.95053849276924, 75.41113224961819, 82.6089285420473, 93.06180704377968, 95.45982021627566, 97.93109390696526, 97.5017708223166, 92.03254418374107, 85.48868303259877, 79.3039101034236, 74.83789247533686, 79.88052069427607, 84.49905607181358, 90.14579400025899, 89.06164157684518, 86.04004428630275, 81.92910903860519, 59.09320429470408, 71.06767059434691, 84.24827869713177, 91.16246992499111, 102.96770057540672, 117.47075247581647, 119.2492459712457, 123.85332019782994, 137.2043749274152, 134.88872333611636, 138.90437121815137, 129.49411717350287, 121.80020419933419, 110.4934204435353, 95.47300807119426], [19.72045206819595, 17.3642503304684, 20.645528775075267, 28.935734901518654, 21.65459852770404, 19.489744258813786, 21.648346494318705, 55.60704073838361, 61.7501411054572, 68.63090916396455, 76.81013363362158, 86.12886605256963, 77.4217682879597, 68.95405497740295, 61.16164709021121, 19.294259820836064, 8.679976291949476, 0.0, 11.595518510413452, 24.71111703215777, 22.12836052163165, 10.46772031700131, 6.495228575209498, 12.198451322458972, 18.33626029217839, 56.339236631486955, 63.02989175015584, 68.99235965317317, 77.56829516193235, 84.58685397213446, 84.54182077611861, 77.67842070207301, 69.57529129250877, 63.75243940477086, 57.82621695486992, 29.22106299061985, 38.054167139554586, 47.62580004397244, 48.78118490022096, 57.982029665767946, 66.21468421036668, 71.00508234781313, 73.3403457654904, 70.50708595781214, 61.5065519708443, 51.51647067080943, 45.491818173370596, 79.31486353872972, 71.19454658783187, 73.396282653688, 79.20337831065025, 81.10462687198469, 88.4486938304081, 98.57646209163183, 100.68502977227872, 102.63714306444749, 101.61669030378187, 95.53747326298318, 88.05227022317003, 82.50105854518974, 78.58242573992203, 84.68432132243265, 89.74975240405698, 95.5109302154509, 94.1080756844273, 90.3311604934699, 85.4910864801104, 51.19889167929109, 64.56676379429219, 79.52777927191485, 87.88886875789892, 100.57873991700916, 116.0029360775436, 119.44770196602381, 127.24931033256586, 141.02387348541288, 139.16574243555897, 142.87464210466834, 133.62242284533122, 126.45135517568121, 115.40986701695658, 100.88415294055362], [25.53794476048809, 20.75352088028769, 18.33883839816116, 22.658012536263236, 19.398318650388934, 22.46883828168675, 26.94740216690867, 64.51037876523375, 70.88174483347716, 77.98193662930629, 86.12123260091855, 94.75019328143135, 86.62144187441795, 78.2412266116361, 70.1665959699886, 30.535470363773243, 20.106847211002176, 11.595518510413452, 0.0, 13.593841653894716, 11.649180410109334, 6.338580308159942, 14.039106960986976, 21.307110787189103, 28.196299852995804, 66.84102010532523, 73.40995304568627, 79.07754641619621, 87.16125127233664, 93.75634740900581, 93.88656049599886, 87.48566424457115, 79.66192854549753, 73.8407031541351, 67.84221842861676, 39.38654006018348, 46.930651973813376, 55.24228946596371, 54.088371090683125, 63.360328800799664, 73.35142392223186, 79.10476673480852, 81.1912941360833, 78.54551633412594, 70.50053500549298, 61.10205752055024, 55.892455655189586, 81.3486967760418, 74.44546997063624, 78.38969505317212, 84.80172006387221, 87.2599937605149, 94.69351381162589, 104.26634534937689, 105.94388821197535, 107.16995793696445, 105.35474863023445, 98.53824675954883, 89.87093675951743, 85.24497931504753, 82.14950860770722, 89.56881602406628, 95.16075273266365, 101.01335335649054, 99.18332096931546, 94.4253174243825, 88.67509136863058, 40.980866745566246, 54.99554337224061, 71.80772821070926, 81.90033481534519, 95.58136422555417, 112.06699717044245, 117.67800373189527, 129.7753578712785, 144.11689273928897, 143.043469600918, 146.54437776867863, 137.71971754837173, 131.5136804303494, 121.44447880497655, 108.41202760026033], [33.398152360984014, 28.134328256808516, 21.59529210950056, 18.717668775496087, 22.300733975102705, 29.148798112109716, 34.215403482984115, 72.51604942496962, 79.02789458502392, 86.30795604561172, 94.28053972239456, 101.84204521345815, 94.61665443053224, 86.47645932349589, 78.16152345378367, 42.67101238145532, 32.78556095089222, 24.71111703215777, 13.593841653894716, 0.0, 5.8077415477719025, 17.10795201073717, 26.080001021927853, 32.45773339326117, 39.06110126443452, 77.01608557496394, 83.36463413939795, 88.574194821627, 95.89080365091151, 101.79047820805506, 102.09750100483285, 96.4277149900422, 89.06186328577209, 83.29082451652177, 77.26496728868902, 49.952070050389636, 56.31459254396074, 63.65208111176122, 60.018441700427516, 69.15885837774843, 81.13327312915945, 87.63860712115378, 88.58950616599556, 85.7750860536598, 79.36362121593511, 70.47275953686415, 66.12283255914684, 82.90065027804407, 77.64151528247082, 83.31217105876853, 90.12327206430281, 92.97358857453682, 100.01775566282257, 108.54778060180465, 109.86449268543512, 110.59954380872774, 108.06858146192141, 100.78018960964141, 90.95167890295794, 87.35979066493276, 85.37027132973606, 93.8699327285992, 99.66336835840025, 105.27111262756415, 103.17083004827484, 97.64059807132176, 91.14693490459902, 29.319076539173093, 42.06325776194888, 61.00459961960525, 73.08116136273547, 87.95554463341165, 105.35466148866662, 113.62730723067307, 130.7556316226708, 144.3758971146431, 143.93154125719602, 146.88215363676775, 138.5672635259402, 133.56656557280743, 124.89897509902698, 114.32394711773517], [29.282994265609624, 23.39456236010142, 16.28493553126807, 14.41966220790435, 16.988906218055362, 24.284783258903897, 29.966331153106303, 69.74249017670813, 76.49100976916459, 83.82009636464508, 91.94781279709015, 99.7145730458858, 92.22050350269045, 83.95399588086325, 75.58520529161112, 39.4373665102419, 29.796719142870902, 22.12836052163165, 11.649180410109334, 5.8077415477719025, 0.0, 13.07467575712033, 22.223304558328447, 28.587776638798083, 35.4334224090941, 74.49747489202606, 81.1638567757482, 86.67203676863816, 94.31548866016918, 100.34398422782604, 100.37829018230521, 94.49700415951078, 86.82034019010271, 80.8609074366472, 74.71624541969145, 46.38153325992574, 51.93190444918456, 58.625305838156194, 54.90306754935222, 63.95788839543348, 75.83810803019409, 82.53706338533974, 84.01468811604695, 81.692367843988, 74.97723450867824, 66.63112874499846, 63.053654574147004, 77.99380982705298, 72.50623422907773, 78.15602724264306, 85.05451704781188, 88.0387600199187, 95.39792265892584, 104.22323345209568, 105.39419936809772, 105.85427110002215, 103.25985039035436, 95.8507275197947, 86.14122535807586, 82.47711685493931, 80.31781229038329, 88.91795798243139, 94.93600710725083, 100.79259650574825, 98.52616463447043, 92.82984138668623, 86.2737594671281, 34.79438387850628, 44.494841498177166, 60.9004489848207, 71.75336970861437, 85.9219352168208, 103.04987578928143, 110.28340743639018, 126.20859210670417, 141.1669598293414, 141.17298980116036, 144.95596036458818, 136.93975964182076, 132.1316945075414, 124.16781652987991, 114.04801291850298], [21.282681122078674, 15.651875074220792, 13.661966687521273, 20.23985443448433, 14.721552055819183, 17.28650106678182, 22.525754138058446, 61.81458330039467, 68.47470112972255, 75.62509271857235, 83.92446554306323, 92.70348528192802, 84.32973291172216, 75.83234231532622, 67.70114148496017, 27.58783486874273, 17.703473907356685, 10.46772031700131, 6.338580308159942, 17.10795201073717, 13.07467575712033, 0.0, 9.764258172986514, 17.23916743701212, 24.570334055837545, 64.6309599422904, 71.58100384370746, 77.57916073297034, 85.98547464495526, 92.6562622690649, 92.45349780794504, 85.86814181757197, 77.70688840796264, 71.66221452767526, 65.52609227325715, 35.82638750154402, 42.20548496322934, 49.69453351876407, 48.45439813191806, 57.610920900590145, 67.50498170786324, 73.508064089396, 76.17743891248958, 74.12266542058899, 65.77377208578636, 57.09544394762289, 52.977822152145414, 75.9051162054352, 68.76754844559218, 72.66442366400706, 79.16469454418576, 81.77606386688804, 89.54825538593337, 99.41045352670417, 100.90984103289594, 101.81845250572262, 99.9280220087101, 93.00009793458402, 84.49378243298005, 79.80085936133679, 76.5299456045559, 84.04013545317059, 89.87309703945117, 95.98848375255798, 93.96932139100478, 89.02810103323385, 83.22601774899196, 45.9184845401392, 56.941393533611055, 71.3375554305145, 80.16816166657614, 93.05270944997395, 109.16457418508509, 113.70019797227542, 124.5490468015312, 140.28866044675362, 139.75010168576708, 144.1636964228124, 135.73130548109108, 129.84279656052342, 120.74417118276608, 108.53784244383961], [15.124078649467743, 11.848330849617343, 16.265716237526426, 25.935767640300618, 17.15898936685054, 13.889446513880133, 16.823500412991436, 53.62471104184438, 60.18789501063146, 67.19278509907106, 75.54699992889675, 84.8212359310129, 76.00539540988602, 67.4307405558863, 59.488450564813924, 17.972743288975423, 8.840086688214377, 6.495228575209498, 14.039106960986976, 26.080001021927853, 22.223304558328447, 9.764258172986514, 0.0, 8.002988975850778, 15.320222506235936, 55.53006801680162, 62.65381363515252, 68.91442498754301, 77.69833968003174, 84.6426357814174, 84.23350763623104, 77.31600177764153, 68.90180692584278, 62.80395468909889, 56.684834849072736, 26.519504887736407, 33.62738865575497, 42.17485275976295, 42.83393033027685, 51.98128926434644, 60.52123329473564, 65.76009179448549, 68.52468159364732, 66.32512240749251, 57.24964516953965, 48.17570804053974, 43.74589066754382, 73.18011751140591, 64.99857670967543, 67.38566171329124, 73.37026981353628, 75.50468158945532, 83.17875790077483, 93.48008715332506, 95.34123081487027, 96.88510468423186, 95.68090146818523, 89.41761467449376, 81.94135360777634, 76.43077358603155, 72.46604821913435, 78.8273258691612, 84.1942422797983, 90.2170516262589, 88.56322083145767, 84.46842663613567, 79.46509408031716, 54.125238010699995, 64.4700629167662, 77.1894742668108, 84.43716144702886, 96.41207230916926, 111.51518594893852, 114.15752923734267, 121.31483038143412, 136.47060555929997, 135.3015384440825, 139.9393596951387, 131.21122631184812, 124.61589210510134, 114.96125684093651, 101.92685686648265], [9.884409792635422, 10.766210935841869, 19.076523823908012, 29.436112501285628, 19.683639814335486, 12.47619678916416, 11.80531784640473, 45.87012795876082, 52.50617837416566, 59.50136891881856, 67.90608206835734, 77.26543652400217, 68.32193855586299, 59.71663930871838, 51.793241759493476, 11.79476945848226, 7.578577428380344, 12.198451322458972, 21.307110787189103, 32.45773339326117, 28.587776638798083, 17.23916743701212, 8.002988975850778, 0.0, 7.4542693874499175, 48.14810108374718, 55.45228237840958, 61.837216102162074, 70.71965153958205, 77.6358374041791, 77.00351121316909, 70.043353010999, 61.49369150038908, 55.28443184963268, 49.10007415750759, 18.64226015768029, 26.014461243749885, 35.623752225347076, 37.263527283339215, 46.39831337287317, 54.42979977228015, 59.09553722426702, 61.17212435685657, 58.632053933677895, 49.58406826157905, 40.210545049446715, 36.023317541347105, 69.22100342625623, 60.499054179163174, 61.82967674352036, 67.36200321393062, 69.07343454109582, 76.40213501417568, 86.74872146089533, 88.90472833218988, 91.04585940009548, 90.37500180555715, 84.73842580288795, 78.00008286451725, 71.91209608459235, 67.60624158141219, 73.03270618762743, 77.8916106015773, 83.67208517766389, 82.35678146254243, 78.96847662294189, 74.62288919163349, 59.80378444462395, 68.31841966730862, 79.23837937429595, 85.08307399224422, 96.30995780028525, 110.48249887458135, 111.79559562696267, 116.52142114968346, 130.62047373981287, 128.97907611995558, 133.73878636199638, 124.90444899939371, 118.02058143012006, 108.48402744998126, 95.81037175018677], [11.002338325480181, 15.66543592683325, 24.982595298271093, 35.143542088377615, 25.41516635807375, 16.776874187084882, 12.620133111679486, 38.79881155014491, 45.33422978049996, 52.24093158885655, 60.65594432547415, 70.23025291950398, 61.09245948059733, 52.469577507992554, 44.66581123645478, 7.353419411782589, 11.149756586323177, 18.33626029217839, 28.196299852995804, 39.06110126443452, 35.4334224090941, 24.570334055837545, 15.320222506235936, 7.4542693874499175, 0.0, 40.81364146942274, 48.21719413270326, 54.70039277100091, 63.70347665884393, 70.67474811891222, 69.89166097193406, 62.82872900111813, 54.1772931343316, 47.92415537841382, 41.73202241252384, 11.272849878325047, 20.229913064071578, 31.54712502448947, 34.796625748435844, 43.64391342151645, 50.61680296455818, 54.34311840002436, 55.60571660213083, 52.48419755656778, 43.3564380567748, 33.222810027934734, 28.57271352845412, 68.12263419818173, 58.886033067298456, 58.88743950221096, 63.77208554569661, 64.89897363687017, 71.72415366172139, 82.09155259257672, 84.65457436700606, 87.56814123222843, 87.55900641716822, 82.69015898276051, 76.83618317732986, 70.15826482372162, 65.48818312484603, 69.70872233779909, 73.8753981889024, 79.2960363866495, 78.44904248387357, 75.9872416067573, 72.46859597064594, 65.42208713288385, 73.22917874810797, 83.10571282493336, 87.9165957927753, 98.54091800965779, 111.82880799536754, 111.97623469112109, 114.19225124678624, 126.83069441116209, 124.46372382985857, 129.0912906072425, 119.97326969301422, 112.54035382240207, 102.60644661720762, 89.67477368214199], [48.03253819075717, 54.96437346984246, 64.27391772317702, 73.19343984679578, 64.49545459608579, 55.40241737887691, 48.5662684550458, 17.60995491839028, 15.991972449516977, 18.047442155848177, 24.56232680219535, 36.32734201004199, 25.864651029596626, 18.869894336811587, 17.014229551305633, 38.5353051888285, 48.35041693138177, 56.339236631486955, 66.84102010532523, 77.01608557496394, 74.49747489202606, 64.6309599422904, 55.53006801680162, 48.14810108374718, 40.81364146942274, 0.0, 8.070389764532441, 15.418882003435916, 25.573734513240765, 33.40115231130797, 31.799150418224478, 23.434670063874357, 14.217785558362385, 8.822431826013165, 6.20854492611014, 30.59010875129425, 34.09545743571753, 43.849997079463414, 52.45971685186401, 56.53367435121868, 55.37900448938112, 51.76498521337154, 46.66347389766841, 39.07061402653625, 33.68197071582003, 22.651037166072573, 13.511876381208236, 82.65790744040187, 72.833233395274