{
	"dissimilarities": [[0.0, 7.723285171234903, 15.847185475068878, 25.9009179394624, 16.41702428888902, 9.032604990499031, 4.242837528897964, 42.17402978948498, 48.123622327088924, 56.49354277093011, 64.85120922089742, 73.02674015912464, 65.17737607339501, 56.94401627172073, 48.529844087933135, 16.71043564836495, 17.916063926054548, 20.666894066576845, 27.068663145433796, 34.591549505977724, 30.182648186779282, 23.58495913235147, 15.55514291414287, 10.876320750603352, 11.583173218184816, 47.91469523365333, 55.61288419984576, 61.77101018978942, 70.12252464570379, 76.12351919829344, 75.15378672315246, 68.93424130226194, 60.56601562613828, 54.01596097676037, 47.996779761196244, 17.706478815952824, 24.190393902123898, 33.36292155500474, 36.69828307066616, 44.2906143063858, 52.52315526157097, 57.010947993003505, 58.86643976749487, 54.91027194961077, 47.71236380857633, 37.73360584725554, 34.180057282802004, 64.26309908306364, 59.177927444441224, 60.58373871425561, 65.36443725563247, 65.77652733350305, 70.32714710411636, 80.21227257555977, 80.94935582877171, 80.63663996694247, 78.64844650578699, 73.03374491940487, 68.83521702757695, 64.45516264802578, 63.136439920537434, 66.73494946538841, 71.54795311219443, 77.19583404287441, 72.3525264856513, 69.0980619898573, 64.93781141243724, 56.51216624785361, 60.36003619669741, 69.56146513202135, 76.36612672651425, 89.03089465742424, 98.3473023065745, 102.8452046478848, 107.33012480163244, 119.39031032043948, 119.41031624003911, 121.12555793632976, 112.88582216363329, 108.15510907949735, 100.83190897269296, 91.73630065107314], [7.723285171234903, 0.0, 8.987207254210455, 20.7946132989411, 11.063238729062347, 7.427987335551197, 9.826383141381466, 49.69828993306626, 55.48520462086385, 63.72371955997908, 72.20600299666738, 80.57452289550798, 72.6718175616107, 64.42956322797176, 56.05450911996684, 18.381749887546043, 15.747489402970558, 15.454978304144397, 20.817945732971758, 28.651347231082564, 23.635098434287045, 16.507076084847316, 9.61293473842791, 8.993360658662032, 14.253920386837402, 54.35365146605628, 61.990840991871764, 68.26035334842298, 76.81649663074087, 83.08119161039357, 82.24385277566707, 75.8042834122305, 67.33648994525821, 60.87308344372676, 54.75449654998204, 23.47981170383381, 29.59041929179223, 37.57418132598453, 40.50199823203617, 48.215071378317, 56.73780703141225, 61.98780061992038, 65.05284365200126, 61.42009309713196, 53.5710870173871, 44.24193514429124, 40.78613856643427, 66.85481112046915, 62.41038416540756, 64.58202551029363, 69.83635956627212, 70.86790961961756, 75.96706508417086, 86.35132296289729, 86.40821223757962, 85.51805254456843, 82.95310952277883, 76.59267400250968, 71.97522855907033, 67.45876227983244, 66.84301864717025, 71.23565912852332, 76.84575746183096, 83.04950028430794, 77.64219126642834, 73.6129753362496, 68.6515417891933, 51.981475838384696, 57.27498826414342, 67.95836345968983, 76.03475957394818, 89.17561023979222, 99.43385687003631, 104.920397511194, 111.24304370882936, 125.22723591573708, 125.97604919660182, 128.03229679882298, 120.03147810552304, 115.56995433559547, 108.19740048766934, 98.53115117405994], [15.847185475068878, 8.987207254210455, 0.0, 12.670263961830516, 5.298234121155652, 10.73721058222395, 16.631500287189336, 57.96127850764693, 63.92972114031565, 72.28692109683232, 80.63963302983244, 88.64500352363437, 80.96172982400464, 72.74562919610085, 64.31167983914362, 26.583567099825974, 21.641224159430976, 17.137026135420726, 17.528916283245977, 22.406920135881442, 16.67497801085066, 12.40549413002888, 12.636707920617336, 16.573903608764862, 22.973665518585968, 63.243968667744525, 70.81277625856951, 76.9567272801712, 85.28126136134051, 91.36158545087885, 90.62644479842794, 84.4052014731644, 76.09600605391603, 69.64526210028437, 63.57431712848229, 32.41878081310798, 37.393044900124764, 43.619716955748004, 44.82474247692386, 51.98448996546218, 61.60068025531241, 67.66740361173237, 71.10008965781336, 68.23318432862753, 61.01919085196153, 52.54755005863726, 49.66945522910631, 67.50538876283454, 64.61341032098689, 68.19971999232715, 73.84906820838971, 75.68985362083951, 81.04838847267857, 91.3357427001962, 90.66870409911026, 89.19055729867799, 85.89665179829919, 78.6886821330002, 73.34124974994441, 68.68941282751356, 69.4892939581817, 75.05022889762816, 81.34963493213372, 87.79857337201348, 82.05868630698696, 77.14495171165866, 71.12226940527826, 46.03481557139839, 50.433542962569454, 61.81972562348052, 71.11445916979783, 84.82473104222143, 96.186764543288, 103.11593490644348, 112.89614220304179, 128.28500150246782, 129.99555525784842, 132.42889315364204, 124.93737367279003, 121.28020677767462, 114.70404263325018, 105.9587855732233], [25.9009179394624, 20.7946132989411, 12.670263961830516, 0.0, 11.674659076320518, 19.7104975754834, 25.54488167026933, 66.20164310982024, 72.4934843577456, 81.09147537519738, 88.99776992549958, 96.00718656789064, 88.95394777023847, 80.92975986622945, 72.44305804663266, 38.798819205707964, 33.51587568071182, 27.351735158012556, 22.75214947317152, 19.83711424374942, 15.35512381885493, 19.357626812350837, 24.51153531000374, 28.86541564762981, 34.923407411246934, 73.44044886499655, 80.85047604098139, 86.57285060588978, 94.14976989169097, 99.55568700983748, 98.94278088634233, 93.43422960044091, 85.63286955828244, 79.19889696427809, 73.36128643463934, 43.48041239594769, 47.4099167274367, 52.028819759962666, 50.67590286843438, 56.52543859009943, 67.79214994127732, 74.41747551177684, 76.99438550650126, 75.20708509305433, 69.93549073856153, 62.201496716747634, 59.95182694545698, 66.99052418708088, 66.67722721938645, 72.15188999406116, 77.91840898527842, 80.55565078677148, 85.64390523164136, 94.90964593586848, 93.70959442410125, 91.82756108916998, 87.82010093001622, 79.9041096525078, 73.58047788879978, 68.8683817813846, 71.78105260555849, 78.65584215977253, 85.22293550387559, 91.32643966442625, 85.75296342093114, 80.11113156906829, 73.00298893959099, 39.38596482243958, 38.68495942846219, 49.95530375458767, 60.65527518548771, 75.34507182581403, 88.07529023046988, 97.11334140939414, 112.34177857963208, 127.6744732862251, 130.3236896586159, 132.89524203325902, 126.10680916993928, 123.74034962004161, 118.70060946263843, 112.39453160342386], [16.41702428888902, 11.063238729062347, 5.298234121155652, 11.674659076320518, 0.0, 8.846609357892097, 15.81291595173202, 57.648482641418845, 64.0010467502646, 72.51590107098089, 80.6965033023995, 88.40988742896201, 80.66946174627661, 72.35425157413428, 63.94449603940288, 29.24532899050264, 25.673869712469234, 22.194156359694528, 22.647635066500474, 26.052161999526778, 20.316470066058297, 17.482531639708622, 17.111765888220567, 19.663637945869144, 25.099969497802462, 64.2407266079346, 72.00828470720224, 78.18583067953975, 86.43247437624211, 92.23670503447248, 91.27386928251413, 85.25512935482774, 76.91330681262163, 70.30095547491675, 64.29531942231472, 33.1575850012682, 36.31675558135067, 41.186286039805296, 41.209585000610794, 47.97607741722283, 58.17875879166157, 64.57757336836873, 68.0600395822342, 65.74532147626965, 59.2419476586673, 51.69085660172597, 50.05936681630644, 62.43852078218566, 59.9631817148334, 64.05230986069996, 69.79985646360394, 71.97754738710823, 77.41226678399319, 87.6694487312433, 86.62303533130586, 84.90340520578037, 81.36384798199724, 73.93241661199454, 68.40656920698544, 63.73453751659747, 64.93431714063809, 70.89167336032374, 77.43265262454861, 83.99788143507395, 78.09896045234821, 72.84876498274805, 66.4941871169794, 48.72087815860627, 49.89894846929543, 58.85406959143337, 67.18299907492133, 80.34519765132934, 91.38537617873295, 98.03352516862101, 107.97298835166768, 124.15764406853994, 126.48105487208406, 129.5395572087513, 122.58986112081641, 119.56993598600478, 114.23766998688644, 106.97109377174809], [9.032604990499031, 7.427987335551197, 10.73721058222395, 19.7104975754834, 8.846609357892097, 0.0, 7.447851377868451, 49.15429483645251, 55.57475372895642, 64.07381421541139, 72.27450133950175, 80.16730909513319, 72.19278118419993, 63.79330045280225, 55.43605132776618, 23.410901145666518, 22.70293233493262, 22.693425355990335, 26.73964657636263, 32.4981909722279, 27.165066410143208, 21.920827406025097, 16.656289663007335, 15.398854204875146, 18.622957155091182, 55.98618641853771, 63.90187748714166, 70.18461304740691, 78.56904186584055, 84.37980136298016, 83.2057058594358, 77.10946526187212, 68.62726666032604, 61.92377905516274, 55.92933651559959, 24.918702048671676, 27.747603718306937, 33.63929672242242, 34.79610796319448, 42.05942808561127, 51.545283212729196, 57.29368031502807, 60.37087868475172, 57.54423146965127, 50.80646948507448, 42.87551737747155, 41.481793065053765, 59.56038819267429, 55.57729036122331, 58.408256795260975, 63.8071753505828, 65.29535579421604, 70.50119952395087, 80.85880081174238, 80.40614913631651, 79.203034816989, 76.31682911029763, 69.67198784709352, 64.82539115263994, 60.27157118651956, 60.13090319171367, 65.05441061147597, 70.99334403936095, 77.36215830039235, 71.73210449127484, 67.24696913455834, 61.849218022986136, 55.078356626177666, 56.34482274122134, 63.922427927663314, 70.63568452153645, 82.98766459872103, 92.72506348776048, 97.75147183194537, 104.17196120737422, 119.17492706852158, 120.76281241838201, 123.69544708042663, 116.45547683949702, 112.91651640893798, 107.37312544297734, 99.95269471357922], [4.242837528897964, 9.826383141381466, 16.631500287189336, 25.54488167026933, 15.81291595173202, 7.447851377868451, 0.0, 41.86882063859981, 48.23436635060585, 56.76098914261034, 64.93261386484481, 72.80907239390697, 64.91066318278311, 56.575474438322956, 48.174251588293046, 20.09148693538308, 21.875545189680185, 24.294019589439248, 29.99558189559517, 36.58185900553216, 31.93979443147901, 26.093185199368705, 18.782244843289046, 14.575653705313048, 14.861997354352104, 49.01847078950416, 56.87200439324123, 63.027049373271964, 71.26000318627433, 76.97271031116703, 75.79202381371186, 69.79088785133207, 61.423522241834476, 54.73370821970328, 48.80865621872913, 18.91100202561422, 22.986817755344386, 30.917930154423228, 33.23809222914584, 40.59195930939024, 49.393580503873046, 54.152237505802134, 55.97465720642361, 52.488372221024406, 45.97863112891763, 36.86717655286385, 34.71306607820881, 60.06240125019387, 55.18142909351229, 56.91560266899002, 61.765079772709264, 62.41599205422844, 67.01995549892887, 76.89899345354239, 77.35936041944804, 76.88540643989998, 74.73420331936592, 68.98733193491778, 64.68161037814123, 60.2856223057458, 59.18444935963619, 63.04965587630437, 68.02987654431193, 73.76914015449378, 68.8031511124538, 65.31131166135164, 60.93800232503692, 58.2478742230324, 59.94777082160591, 67.42032262458456, 73.41630639897105, 85.60459552542561, 94.58135292667787, 98.7705443354342, 103.2177574582604, 115.831290240934, 116.32951728184392, 118.5654493846575, 110.77100845261347, 106.58726080349047, 100.37472351109167, 92.65409793200472], [42.17402978948498, 49.69828993306626, 57.96127850764693, 66.20164310982024, 57.648482641418845, 49.15429483645251, 41.86882063859981, 0.0, 7.582394372537807, 16.10762750150406, 23.38361573051986, 31.51845247640014, 23.057436240589567, 14.823509646096399, 6.360561343032391, 41.50398622908585, 50.0962607515377, 57.76187548175936, 66.15602743539945, 73.9943413427021, 70.97214207970912, 64.29159510359733, 54.71158210417674, 47.26386796640319, 40.32063234301064, 18.263437754736128, 23.779287517451525, 27.96324918360856, 34.34905294184505, 38.48829338860617, 36.038128394851, 31.115666831416323, 23.898207917996803, 17.60287871051235, 14.791532336859595, 29.633188168183253, 30.426915418978066, 38.60438358101051, 44.453487573024525, 48.287427881509615, 49.10448391817833, 46.16816052290018, 39.527245935756, 32.06980616075951, 30.39807826955635, 19.266131526260352, 15.686832289633685, 71.69183897252123, 62.910546947120054, 58.01587509721148, 58.46401646871147, 53.86738850932996, 53.76191009744251, 59.27802779343857, 65.34760379799286, 69.26928098755538, 71.86561781767514, 72.21087344215947, 71.95430819948719, 69.376517157732, 63.05190237424873, 59.80633433371535, 58.00548809832089, 58.98733064225997, 58.89477046925876, 62.16315110689104, 64.69392527079312, 91.51917134716906, 93.11958492449169, 97.39928497889, 98.72781530520615, 107.89816350107108, 111.77424639624819, 110.2136399374321, 100.91443321352244, 100.5757412100348, 94.78305894419753, 93.6996414511606, 83.29265290384095, 74.96917712491643, 65.69643182111852, 57.44015262407416], [48.123622327088924, 55.48520462086385, 63.92972114031565, 72.4934843577456, 64.0010467502646, 55.57475372895642, 48.23436635060585, 7.582394372537807, 0.0, 8.796756247378745, 16.743687660906986, 26.039324596941043, 17.622929097702063, 10.489740440583073, 5.311019058478419, 45.6053837793269, 54.220854648249194, 62.20355932849919, 70.82918692836128, 79.01629920111637, 76.28678018925653, 69.37510361224426, 59.700635655238365, 52.2401368231442, 45.12177153976813, 14.244501381831869, 17.597158517726918, 20.827321084428167, 26.907677845528866, 31.27052708511906, 28.790356874492876, 23.538636104659272, 16.579613219962763, 10.870002709036829, 10.213005210019137, 34.63809522534697, 36.49415607054425, 44.935104602159356, 51.43056025378118, 55.20643956443205, 54.97716322891334, 51.24281274981537, 44.28023086008814, 36.44803341425696, 34.63722828221246, 24.044634985945077, 18.81291772529793, 78.75352115299707, 69.69135578998578, 64.17428766345559, 64.18732295535489, 59.04734917876589, 58.398660665094276, 63.14208680857099, 69.95617425468923, 74.39073706747628, 77.54885390294355, 78.53596200709119, 78.68989065392611, 76.2885703205564, 69.54352333669733, 65.58066499797532, 63.037535643572966, 63.35334835686943, 63.937796546947574, 67.97617839006325, 71.18537754847576, 96.01084858844143, 98.94205534076889, 104.10605699877202, 105.66660145023677, 114.95959746162228, 118.6814459336409, 116.88018865577767, 106.3219614464893, 103.89820001245249, 96.76745175810524, 94.54215415847061, 83.31933790517611, 73.62609663533603, 62.118117273575, 51.345883986714384], [56.49354277093011, 63.72371955997908, 72.28692109683232, 81.09147537519738, 72.51590107098089, 64.07381421541139, 56.76098914261034, 16.10762750150406, 8.796756247378745, 0.0, 9.027530223340268, 20.019918306123383, 11.698411437752183, 8.506300777757687, 11.408493741896606, 52.669730064727176, 61.37045052923748, 69.63340982366424, 78.4906247862255, 86.97699566769012, 84.38102234437147, 77.23793998387966, 67.43258976098707, 59.95262198111748, 52.70426983528228, 15.377090458800096, 14.446385651924011, 15.258674024920875, 20.062669176930925, 24.14781138861773, 21.052005131511397, 15.610095802465983, 9.79652478762612, 7.46091262959706, 11.939069913831185, 42.23493278856105, 43.91934810468021, 51.78930878374309, 58.64644140377859, 62.04085325059647, 60.41857514002393, 55.651288118546745, 48.24589250746618, 40.25690763881583, 38.90588822036852, 30.04102075444882, 25.37819869960313, 85.56595596115538, 76.0762685108322, 69.69576630460408, 69.0721191945904, 63.27318556559843, 61.92886284200729, 65.75367604945637, 73.34196924530477, 78.3648549384011, 82.24718065156551, 84.14093291479513, 84.94060842398973, 82.84319370934686, 75.46034392817573, 70.50387838625484, 67.00399000910755, 66.53543054863079, 67.91039593705547, 72.92233297074878, 77.08567176669672, 103.65924354697363, 107.2845345945988, 112.57971050068939, 113.8761113325629, 122.84995780753403, 126.00257720892692, 123.45322034175688, 110.57504803119228, 106.07051495893083, 97.63052711833586, 94.5537220036172, 82.78966654752612, 71.83213955544186, 58.70836864836258, 46.0528344026436], [64.85120922089742, 72.20600299666738, 80.63963302983244, 88.99776992549958, 80.6965033023995, 72.27450133950175, 64.93261386484481, 23.38361573051986, 16.743687660906986, 9.027530223340268, 0.0, 11.626657639349757, 5.343017719953116, 10.587543231511878, 17.538569602410398, 61.63290167661935, 70.25671813662392, 78.38547619854195, 87.0265463169448, 95.14182766963921, 92.68311441414818, 85.84099491985106, 76.18449326062348, 68.73746184669679, 61.54991154816809, 23.824543302766518, 20.72429076077215, 18.3892853498844, 18.300087795220385, 19.116187084911314, 14.93502399809609, 13.13004770556246, 13.489024428487074, 15.308890409494374, 20.75027034433554, 51.04324708583282, 52.023508410677735, 58.87334367358366, 65.01523491606346, 67.52561875766055, 65.31465715150686, 59.67899329561109, 50.709782368847634, 43.26348093266648, 44.29567644251991, 37.4239049997404, 34.21528632299361, 89.76496739008898, 80.44912128869254, 73.6630507847668, 72.25519717842907, 65.92654862360075, 63.42324180511708, 65.35219576366484, 73.9118342890431, 79.68775188678349, 84.30532312158789, 87.22640484961227, 88.53836786450586, 86.81204232662175, 79.23456744162758, 73.48059348483334, 68.72329539480768, 66.90239241561177, 69.54233578841276, 75.60661804916089, 80.67247385531272, 111.02794185956986, 113.77090422223336, 118.14376172166104, 118.60164476031646, 126.95020416900871, 129.20502801649403, 125.82679583189844, 111.30160755879893, 103.40466449415676, 93.50201185760974, 89.41604182255203, 77.22931831129101, 65.37786150353593, 51.82968881798445, 40.64851675147995], [73.02674015912464, 80.57452289550798, 88.64500352363437, 96.00718656789064, 88.40988742896201, 80.16730909513319, 72.80907239390697, 31.51845247640014, 26.039324596941043, 20.019918306123383, 11.626657639349757, 0.0, 10.270672882845844, 18.4709483626996, 25.50481357103035, 71.46756124288441, 79.78619232688975, 87.43830785543106, 95.46640168929405, 102.66922133178704, 100.46692634983494, 94.37840175057607, 85.17577161149077, 77.87673761062698, 70.94074901632202, 35.11392240588056, 31.67183595807881, 27.892118928928454, 23.446127030602092, 19.21995056621879, 15.326517692753173, 19.896645890630055, 24.27173569287065, 26.68783657832135, 31.8768993480309, 60.60529746288225, 61.115590947426774, 67.06050847305096, 71.81012588522272, 73.2439420554479, 71.36918565562232, 65.28312296328731, 54.16787428685118, 47.90630616285537, 52.13363584535952, 46.679209412553945, 44.51071480016853, 93.03915771737235, 84.5938638150313, 78.02645869251849, 75.87476932289398, 69.30533786295678, 65.3912021885152, 64.51346590103822, 74.12663907127103, 80.70861314727189, 85.92666245252227, 89.79223477949256, 91.3353571800798, 89.97408336763452, 82.80210123849182, 76.676322035139, 70.60785429737705, 66.98697687393123, 71.2445164440497, 78.21723717242425, 83.900549097137, 117.0975757012468, 118.04342468328198, 121.0290435950718, 120.43403204818269, 128.10259824506983, 129.38350841268243, 125.42459604601957, 110.62119159968482, 97.7256966797151, 85.96122592343649, 80.20142002223992, 67.35640227266455, 54.60393842727106, 41.04949415068578, 35.128863075526226], [65.17737607339501, 72.6718175616107, 80.96172982400464, 88.95394777023847, 80.66946174627661, 72.19278118419993, 64.91066318278311, 23.057436240589567, 17.622929097702063, 11.698411437752183, 5.343017719953116, 10.270672882845844, 0.0, 8.750494613074741, 16.76622379627473, 63.09051825707189, 71.81983333685713, 79.81958415511374, 88.32844667035849, 96.1400024400643, 93.5053372667626, 86.86655880613965, 77.24228496563386, 69.76059375137956, 62.619940669158076, 26.911801854279066, 25.06428248532774, 23.51718431806206, 23.452159531971823, 23.19665082969735, 18.851136356081163, 18.36203539802952, 18.234870502745178, 18.76938544165498, 23.455107331481262, 51.82038830480664, 51.6104093258523, 57.45508039325067, 62.871709258165104, 64.76567722712313, 62.455474509320936, 56.54712513166636, 46.7024798849362, 39.648718352488345, 42.31898206409177, 36.7031354164816, 35.22685006405292, 86.17582955421017, 76.9889244444, 70.12415776042481, 68.39656039691043, 61.94107858969956, 58.992320409576244, 60.3193214056936, 69.0941368487979, 75.06911810632383, 79.88232271530735, 83.15568436245306, 84.66487374037305, 83.11552506520661, 75.49827627131214, 69.49288812403368, 64.29657877468154, 62.04407845149437, 65.07138046643662, 71.45513631971367, 76.83542576799574, 112.14918518342127, 113.47227089190865, 116.54917565056229, 116.21480861177581, 123.93900774909126, 125.61144240391991, 121.6699947540802, 106.41042143261146, 98.18179485547147, 88.44994888817982, 84.90131673417658, 73.16756500392553, 61.94084916001468, 50.56663166603115, 43.13019923652141], [56.94401627172073, 64.42956322797176, 72.74562919610085, 80.92975986622945, 72.35425157413428, 63.79330045280225, 56.575474438322956, 14.823509646096399, 10.489740440583073, 8.506300777757687, 10.587543231511878, 18.4709483626996, 8.750494613074741, 0.0, 8.512789538507866, 55.175046326687216, 64.04324293653214, 72.06185754724376, 80.67910149547288, 88.63860729441588, 85.73237338044393, 78.93888577995249, 69.1933417398499, 61.658675722107965, 54.50472026505096, 21.62778200545026, 22.53343113595524, 23.64488157525417, 27.04820782909576, 29.093855762935394, 25.32151462418461, 22.164236261393015, 17.86216654428393, 15.047694417527223, 17.76204490056835, 43.49722876780406, 42.88750694630806, 48.946494574153796, 54.593829155785116, 56.96849007942089, 55.164175876708576, 49.918048220233864, 41.04555830280434, 33.496900877151546, 34.88418503487119, 28.216334656394437, 27.14446118483336, 79.34691694344546, 69.98267299697899, 63.42636277921087, 62.31007022971645, 56.28551528750124, 54.306154880248386, 57.42317396475979, 65.2773258414568, 70.57433213236172, 74.7389498076885, 77.15542176284114, 78.26723423174631, 76.43505104623748, 68.92838304496802, 63.556531179245155, 59.41089753033789, 58.390683307424815, 60.26161832624966, 65.74882172516277, 70.41152872783422, 105.53948283960194, 106.76732608736222, 109.8874385903083, 109.87134534767493, 117.83192613289296, 120.05397437165526, 116.59024993334091, 102.5235831339949, 97.80943539991233, 89.795723995995, 87.67862316535519, 76.69597505591261, 66.80603384533362, 56.92752392167242, 49.47439231868557], [48.529844087933135, 56.05450911996684, 64.31167983914362, 72.44305804663266, 63.94449603940288, 55.43605132776618, 48.174251588293046, 6.360561343032391, 5.311019058478419, 11.408493741896606, 17.538569602410398, 25.50481357103035, 16.76622379627473, 8.512789538507866, 0.0, 47.47744323055485, 56.172094933194884, 63.96113044085845, 72.40446036091802, 80.22311105947892, 77.27981979707775, 70.6128773839389, 60.99880832794203, 53.5243998359947, 46.50301121971266, 18.80181557758705, 22.427365937366833, 25.39584911232237, 30.63447102000895, 33.94632489609864, 31.014978391694328, 26.77316274654334, 20.52339726979335, 15.2190906631444, 14.794724481651595, 35.679989678561874, 35.779731369801354, 42.93364953865639, 48.60351442906587, 51.71729268217135, 51.430213936301726, 47.430479221254046, 39.542963272644315, 31.960502022917304, 31.891078229163497, 22.718465727487608, 20.43252789501456, 74.6124619503415, 65.61153581877429, 59.99851249350632, 59.73240584615466, 54.4769816318126, 53.487943111670994, 57.89675595643906, 64.81170265106417, 69.37885134970219, 72.6754510824385, 73.94763996859177, 74.27546633262432, 72.0254887311409, 65.2006114335784, 61.01136033638972, 58.12263386060607, 58.16848567898802, 58.99078667038547, 63.27171476682019, 66.75865769451016, 97.35509683783697, 98.67280118218042, 102.37113799049757, 103.06002337984746, 111.69760414763584, 114.82875131613113, 112.4472556337536, 101.18469166514747, 98.7721771138409, 91.98690562047669, 90.4073525136054, 79.70662216916149, 70.73177929166488, 61.215066751283615, 53.43257878105622], [16.71043564836495, 18.381749887546043, 26.583567099825974, 38.798819205707964, 29.24532899050264, 23.410901145666518, 20.09148693538308, 41.50398622908585, 45.6053837793269, 52.669730064727176, 61.63290167661935, 71.46756124288441, 63.09051825707189, 55.175046326687216, 47.47744323055485, 0.0, 9.77109321280219, 19.035540942610194, 29.644473933474174, 41.100016184959074, 37.27942772405264, 27.555834641664426, 16.812187523876513, 10.079821331775134, 5.244024377163023, 40.49257817761874, 47.794583521747, 54.47576856088098, 64.005103557456, 71.38170847168006, 70.62744547476343, 63.10052025476473, 54.19406396281907, 48.20050601737282, 41.94777393756864, 13.300903902729319, 24.615204500762225, 36.49528797167938, 44.141701197720124, 52.586863646109386, 57.26776589114455, 60.43270046163132, 63.60956127800376, 57.89489191488646, 47.222022190143676, 35.70334843946359, 28.906008021096206, 76.32938744920462, 69.0083271918002, 68.06056789170337, 72.43141091857227, 71.72508828061159, 76.42946174260638, 87.22793012922591, 88.69741062811269, 88.87656704878107, 87.7732765202572, 83.08196331817241, 80.06449591745655, 75.95832409108323, 72.54525465563033, 74.3721569689058, 78.6255887591423, 84.45487371627284, 79.63623265845965, 77.4545809194602, 74.72835659473851, 63.603488476304484, 73.60098545479104, 85.55784467551618, 93.00981383338048, 105.60613722072397, 114.59997615167826, 118.10592966431227, 118.21709947947234, 130.07560135359574, 128.74605577193157, 129.70910831610948, 120.36788585409286, 113.63464999959811, 103.09298431072052, 88.87256154550909], [17.916063926054548, 15.747489402970558, 21.641224159430976, 33.51587568071182, 25.673869712469234, 22.70293233493262, 21.875545189680185, 50.0962607515377, 54.220854648249194, 61.37045052923748, 70.25671813662392, 79.78619232688975, 71.81983333685713, 64.04324293653214, 56.172094933194884, 9.77109321280219, 0.0, 9.581420025504674, 20.43537771664847, 32.54093526780087, 29.02470449133093, 19.01133889660226, 9.53288074353928, 7.551192845606978, 11.101779442966116, 49.25245990629532, 56.13389886939607, 62.467141509553464, 71.60596349993347, 78.93353762918836, 78.56667029677692, 71.2314755975184, 62.70131752105337, 56.92706411008657, 50.76348514135461, 22.37688246595743, 32.91922148842509, 43.68488024736404, 50.04394666859061, 58.46588165426432, 64.38275381190024, 68.3833029931773, 71.84500521034572, 66.62088628146704, 56.345144059786165, 45.180227205541215, 38.34837888489237, 80.25243448624936, 74.12701851379587, 74.41398763568469, 79.24333680551996, 79.20430436902001, 84.1719326630975, 94.92769750453054, 95.93581629265077, 95.68178026808236, 93.96008883943928, 88.45772155529743, 84.71787261171889, 80.38738458168342, 78.15629427251412, 81.05187457197266, 85.94001803357908, 91.97921988264537, 86.89114051327394, 83.94681538568109, 80.23587470231426, 55.32379419592711, 67.66339091192853, 81.99467929582127, 91.16253410611469, 104.76542097101567, 115.0551184220475, 120.16455703419813, 123.66979839378482, 136.2679649708239, 135.39393205315804, 136.17076291108026, 126.83817327070142, 120.40298999945153, 109.5817294178785, 95.06490552399417], [20.666894066576845, 15.454978304144397, 17.137026135420726, 27.351735158012556, 22.194156359694528, 22.693425355990335, 24.294019589439248, 57.76187548175936, 62.20355932849919, 69.63340982366424, 78.38547619854195, 87.43830785543106, 79.81958415511374, 72.06185754724376, 63.96113044085845, 19.035540942610194, 9.581420025504674, 0.0, 10.936573530038508, 23.372823571413413, 20.019727432974552, 10.152947684529456, 6.5478641412677465, 12.178817278423548, 18.835663748333186, 58.102122826016554, 64.85077743296316, 70.90539771007776, 79.6003841317416, 86.6484445184343, 86.49705155171488, 79.51053238791, 71.28675792106809, 65.5266848927658, 59.42470297215684, 30.580532170124986, 40.14899692412589, 49.738246445501964, 54.51715051429628, 62.66273958890905, 69.93686303161292, 74.73636302380356, 78.2404330466056, 73.66126000044702, 64.15597890437468, 53.45117224065211, 47.08792993909515, 82.01930200981886, 77.28349033343498, 78.90078919002848, 84.11931834509485, 84.77699206650364, 89.91758027511638, 100.48324588101912, 100.98156146294299, 100.2889762870742, 97.9312068687871, 91.65519848947326, 87.17506142296489, 82.66371028779689, 81.73525953615841, 85.72889949469986, 91.18890765910184, 97.35894045084713, 92.0578295848345, 88.35053377600015, 83.65641915014263, 46.69063285385659, 60.25134856725584, 76.35690320064292, 86.98236062115238, 101.39882713133021, 112.84826796036255, 119.50643424640838, 126.59845618893385, 139.90051729622664, 139.67819460215134, 140.48292386087562, 131.40722232189387, 125.60315924532156, 115.21284893281154, 101.47012963966812], [27.068663145433796, 20.817945732971758, 17.528916283245977, 22.75214947317152, 22.647635066500474, 26.73964657636263, 29.99558189559517, 66.15602743539945, 70.82918692836128, 78.4906247862255, 87.0265463169448, 95.46640168929405, 88.32844667035849, 80.67910149547288, 72.40446036091802, 29.644473933474174, 20.43537771664847, 10.936573530038508, 0.0, 12.819679543920481, 10.558116649446767, 6.090996831648739, 14.597865185257017, 21.583652181538945, 28.67482538007222, 67.71457871938453, 74.27380229975697, 79.96668543729751, 88.08156328081448, 94.74030513725614, 94.83659583684766, 88.31242339384102, 80.5008745398134, 74.79358653524297, 68.8091544397284, 40.21330469166912, 49.13263843549899, 57.762708797191515, 60.921238807597994, 68.56587400373812, 77.16742751372378, 82.5776879273829, 85.74336108643494, 81.79326258856142, 73.3101685956604, 62.88741537278848, 56.772014605357114, 85.02517435916779, 81.91288607294543, 84.8803453732336, 90.35908365129492, 91.63103142721774, 96.75467140825029, 106.8397252667061, 106.95847000877137, 105.93221417337796, 103.00219263797806, 96.06311287220795, 90.82958445774898, 86.1869883548048, 86.68158351656437, 91.70967671338978, 97.54480711066812, 103.63164386766582, 98.31142402522649, 93.97402392621791, 88.38282391007581, 36.45862017539327, 51.582468958754866, 70.04513056342303, 82.41737232835493, 97.80122360925569, 110.53470620970806, 119.00949686677451, 130.2665629541263, 143.6637347164119, 143.97224293170476, 144.61105356556317, 135.77093564973848, 130.6359886222684, 120.69119151259943, 107.95040962628545], [34.591549505977724, 28.651347231082564, 22.406920135881442, 19.83711424374942, 26.052161999526778, 32.4981909722279, 36.58185900553216, 73.9943413427021, 79.01629920111637, 86.97699566769012, 95.14182766963921, 102.66922133178704, 96.1400024400643, 88.63860729441588, 80.22311105947892, 41.100016184959074, 32.54093526780087, 23.372823571413413, 12.819679543920481, 0.0, 6.419897590074165, 15.531315787374556, 25.64453970368387, 32.26061284181623, 39.234518152137326, 77.49815107248959, 83.94203679273726, 89.21632227460637, 96.57347073298531, 102.57888751002714, 102.84439946446055, 97.01336038006396, 89.70005531722998, 83.98155831117161, 78.17976410843816, 50.10515007126227, 58.1705752264523, 65.77133296072876, 66.99222642917609, 73.80830700247775, 83.88842970371624, 89.79065118843293, 92.14661338446354, 89.00134295798702, 82.09836929558752, 72.05275598607211, 66.4390829914768, 86.60151370185642, 85.48098446439805, 89.93173328569964, 95.52697103528203, 97.40126428251922, 102.28113235653086, 111.4844311505798, 111.27726500715644, 109.99201100136872, 106.51634296509518, 99.02737850421552, 92.99740200024914, 88.29279744890543, 90.43685168638709, 96.50730755292952, 102.52124696990901, 108.27179369197765, 103.14519008140218, 98.26317230399088, 91.81860965416547, 25.01880604107679, 39.82705997025668, 60.6444186277544, 74.7839538282953, 91.16625658660405, 105.16958149696778, 115.65177297851969, 131.77691566828454, 144.63502038849336, 145.53116409574227, 145.99801322261771, 137.5961841390586, 133.4661139430937, 124.5843577471536, 113.91166690723351], [30.182648186779282, 23.635098434287045, 16.67497801085066, 15.35512381885493, 20.316470066058297, 27.165066410143208, 31.93979443147901, 70.97214207970912, 76.28678018925653, 84.38102234437147, 92.68311441414818, 100.46692634983494, 93.5053372667626, 85.73237338044393, 77.27981979707775, 37.27942772405264, 29.02470449133093, 20.019727432974552, 10.558116649446767, 6.419897590074165, 0.0, 10.724156136607387, 21.044968147117586, 27.893537502135324, 35.13105814392297, 74.77909672619167, 81.60750570979091, 87.2275610424356, 95.00429204136358, 101.14046909816759, 101.1046627013129, 95.04980357188225, 87.34237262067269, 81.38027341100286, 75.43398629015736, 46.02050627551601, 53.20222619828492, 60.205754413962545, 61.36801625615582, 68.27535713560586, 78.21612553800361, 84.33324689734056, 87.33368859243042, 84.33446980022111, 77.14418246046272, 67.68640815376637, 62.893683451066885, 81.46841240969465, 79.99745799866821, 84.36610370123981, 90.08687205000047, 92.10667248645886, 97.2798015813964, 106.97151912630244, 106.42987670121556, 104.9211212473712, 101.34451591421494, 93.74597027111182, 87.82758583814544, 83.11934516976058, 85.0384996139942, 91.1444537563861, 97.45293971591424, 103.57672447775904, 98.10221852057096, 93.00965855531267, 86.4958566215163, 31.049103076200137, 42.32566089773, 60.493568776101526, 73.53760073946495, 89.19962356126034, 102.67545506239826, 112.34051646313775, 127.0020105936052, 141.30561261145448, 142.69926711923054, 143.93280616695802, 135.8974257983343, 131.99077840682727, 123.84267734725192, 113.59896702324272], [23.58495913235147, 16.507076084847316, 12.40549413002888, 19.357626812350837, 17.482531639708622, 21.920827406025097, 26.093185199368705, 64.29159510359733, 69.37510361224426, 77.23793998387966, 85.84099491985106, 94.37840175057607, 86.86655880613965, 78.93888577995249, 70.6128773839389, 27.555834641664426, 19.01133889660226, 10.152947684529456, 6.090996831648739, 15.531315787374556, 10.724156136607387, 0.0, 11.012812730719252, 18.50976474663306, 26.008439830124473, 66.61628056293094, 73.60933457583185, 79.61843200172285, 88.05141691316089, 94.70300912906607, 94.47335099121268, 87.84783453293258, 79.68561201638182, 73.6923449760271, 67.58564439199034, 37.453519504749636, 45.099731120247604, 52.871337578429596, 55.70309879478164, 63.33706341543701, 71.98680448157545, 77.71463276080978, 81.4797675530337, 77.83340611734062, 69.28448408758969, 59.63190426907488, 54.6397555720242, 79.72346143294588, 76.4999840668129, 79.57415020960487, 85.20136892520145, 86.72283735560175, 92.12983292289832, 102.60442298108184, 102.30209996671135, 100.99383873139377, 97.87789129802178, 90.75659305308537, 85.54614557680739, 80.90446414533439, 81.37459207640265, 86.58043931772923, 92.75876000780471, 99.19758148588531, 93.53035586851782, 88.8865212997866, 83.1102703445456, 40.37259204843444, 52.24736263368816, 68.46374778689379, 79.9119044835443, 94.62649790709455, 106.93872170983951, 114.8241882437595, 125.2291329908414, 140.0635829747414, 141.0150899289233, 142.46739362564009, 134.1291433618498, 129.44567033515457, 120.56919643521535, 108.80377287957255], [15.55514291414287, 9.61293473842791, 12.636707920617336, 24.51153531000374, 17.111765888220567, 16.656289663007335, 18.782244843289046, 54.71158210417674, 59.700635655238365, 67.43258976098707, 76.18449326062348, 85.17577161149077, 77.24228496563386, 69.1933417398499, 60.99880832794203, 16.812187523876513, 9.53288074353928, 6.5478641412677465, 14.597865185257017, 25.64453970368387, 21.044968147117586, 11.012812730719252, 0.0, 7.723042744665343, 15.250971704434871, 56.422798240618256, 63.665730804216196, 69.98586982696864, 78.86816663599531, 85.7494013103706, 85.24003327826615, 78.29531367253462, 69.77870294702075, 63.673973598689614, 57.47470929073209, 26.82395852098734, 34.95090275628185, 43.79599822256126, 48.16422641668228, 56.281462007263364, 63.75704497980663, 68.82972817352146, 72.66258115123406, 68.42807841478127, 59.12280775253209, 49.15254904268708, 44.12032300527766, 75.64132176165006, 70.80116495953818, 72.51564461762175, 77.82725692973582, 78.68564114079086, 84.00501567208889, 94.80809415258511, 94.97166018390664, 94.07889794283271, 91.59047925160603, 85.21689658713606, 80.76355942756486, 76.26063823008379, 75.29890714420877, 79.42886073912209, 85.12058799073525, 91.5260562614248, 85.98379692271172, 82.0491140829841, 77.23239061208807, 49.81227667416871, 60.06431913230318, 73.8341143753804, 83.3717272794063, 97.09925829052602, 108.0090107956442, 114.02008869242134, 120.29359072602831, 134.59203559843652, 134.94097505241896, 136.49766795870022, 127.94431725832781, 122.67969619405775, 113.56574176281312, 101.27928767053584], [10.876320750603352, 8.993360658662032, 16.573903608764862, 28.86541564762981, 19.663637945869144, 15.398854204875146, 14.575653705313048, 47.26386796640319, 52.2401368231442, 59.95262198111748, 68.73746184669679, 77.87673761062698, 69.76059375137956, 61.658675722107965, 53.5243998359947, 10.079821331775134, 7.551192845606978, 12.178817278423548, 21.583652181538945, 32.26061284181623, 27.893537502135324, 18.50976474663306, 7.723042744665343, 0.0, 7.568387850540499, 49.01637085870808, 56.44438425410467, 62.89460949193646, 71.92797789823548, 78.81260359387583, 78.1108111517183, 71.09674113942245, 62.42996063133993, 56.219655619920076, 49.99252366040665, 19.111725153964336, 28.02271713552207, 38.03605999242004, 43.396463850459, 51.66434515833569, 58.40681230220374, 62.82442086882388, 66.18638344953152, 61.5242116722534, 52.074648186768286, 41.6128540757944, 36.41789698054753, 72.83840584420247, 67.03448212109329, 67.79597466435469, 72.74535860892891, 73.02849509931102, 78.06425846527004, 88.78629486435119, 89.44986214263079, 88.99216700490673, 87.0371390436787, 81.3314973676211, 77.40433844251764, 73.03750829408051, 71.14556263540709, 74.43432864276295, 79.5496578797934, 85.69032033351107, 80.45679312927476, 77.18614150904895, 73.15859600873989, 55.632314345287845, 64.46053899399513, 76.62307684409726, 84.85783249460175, 97.96246346170072, 107.8836331281125, 112.69372355374392, 116.43175167941865, 129.6447947327097, 129.42213642690615, 130.87913436623913, 122.14891027875342, 116.52354887313945, 107.34265179342692, 95.08494872528432], [11.583173218184816, 14.253920386837402, 22.973665518585968, 34.923407411246934, 25.099969497802462, 18.622957155091182, 14.861997354352104, 40.32063234301064, 45.12177153976813, 52.70426983528228, 61.54991154816809, 70.94074901632202, 62.619940669158076, 54.50472026505096, 46.50301121971266, 5.244024377163023, 11.101779442966116, 18.835663748333186, 28.67482538007222, 39.234518152137326, 35.13105814392297, 26.008439830124473, 15.250971704434871, 7.568387850540499, 0.0, 41.64508028872089, 49.22820655066717, 55.82754430233521, 65.06492779117374, 72.02276005158167, 71.14009888193759, 63.98599460578849, 55.14910833094618, 48.8752172399252, 42.617746040926605, 11.785042269424071, 22.335617731201367, 33.87262447492367, 40.53214839797972, 48.84410983542368, 54.47944581710668, 58.017176010542826, 60.84472485094138, 55.58838670506393, 45.82668584486805, 34.628939979379716, 28.90193449489003, 71.84751763531324, 65.0069319943006, 64.61836412379239, 69.10217345126887, 68.67799518937339, 73.3603329305172, 83.9683066203583, 85.23766966643238, 85.29135899406018, 83.96844937183593, 79.05619128362828, 75.7614839857427, 71.58741486291979, 68.64130533006214, 70.9011707905365, 75.30628857372773, 81.11403346163652, 76.2667851291787, 73.80951801171354, 70.73720839197719, 61.82087756164179, 69.88838768654705, 80.83812084003888, 87.93289535342116, 100.42294803990995, 109.3759507001706, 112.9972887234738, 114.03149385212272, 125.99545021277626, 125.06688575552235, 126.32139380014974, 117.32685858602144, 111.18876438087842, 101.69694181153865, 89.13263330833861], [47.91469523365333, 54.35365146605628, 63.243968667744525, 73.44044886499655, 64.2407266079346, 55.98618641853771, 49.01847078950416, 18.263437754736128, 14.244501381831869, 15.377090458800096, 23.824543302766518, 35.11392240588056, 26.911801854279066, 21.62778200545026, 18.80181557758705, 40.49257817761874, 49.25245990629532, 58.102122826016554, 67.71457871938453, 77.49815107248959, 74.77909672619167, 66.61628056293094, 56.422798240618256, 49.01637085870808, 41.64508028872089, 0.0, 8.473645477986969, 15.731447356081574, 26.068809935060152, 33.64382822569526, 31.935542130335993, 23.595407756018183, 13.983065325389207, 8.587546735557371, 4.081795405669176, 31.97016713583701, 36.30432961542201, 46.49066309680472, 55.41112617934046, 60.7034559407069, 59.43018973515648, 56.21544373458314, 52.73208270444502, 44.236890468119995, 37.394106341418144, 25.449755624707638, 15.883875508938837, 86.54136763223522, 76.56886753483724, 70.66482784844736, 71.37589026560956