{
	"dissimilarities": [[0.0, 7.397926445997889, 16.535011056899204, 26.53736856004395, 18.04441679803673, 10.199047136742038, 6.448431086149947, 42.73954020569012, 49.42166936449149, 56.692880077783464, 65.11582828823138, 73.79119310116769, 65.70476892203827, 57.36591866205088, 49.17149717441422, 15.177067073511306, 12.825144620105343, 16.010125605307753, 22.922322528147692, 31.63041506887771, 27.59634112644843, 19.38385141519757, 12.029505595404784, 7.421285769479164, 9.241792669827321, 47.45738312252148, 54.51874374335526, 60.630890055412294, 69.25918886417863, 75.53008889992145, 74.87810882765667, 68.4598205120365, 60.15142095012934, 53.82253605052724, 47.680446060499754, 18.960531336716517, 24.906896064013637, 35.27399150446687, 39.19199975871053, 46.687036028325565, 52.67537724560968, 58.562766971407974, 60.83769102393593, 58.15253251955957, 46.942164791257525, 37.833068760658975, 33.77945782644421, 64.90311571457225, 59.7676291742697, 61.942814740136676, 65.50324976427265, 67.14422669935895, 72.1944622254334, 81.41235350737499, 83.4497660793458, 83.13798260215178, 80.78820047636123, 76.63560306743103, 71.3947626846282, 67.30879820892694, 67.11712682407094, 70.81040267756144, 74.50599383182235, 79.14118164060554, 75.44899748605542, 71.78272549059052, 68.1462968105943, 62.02658050069024, 68.85911229637539, 77.34070939718758, 82.98464620984973, 93.6189919079806, 105.16301017875527, 105.57676558996812, 111.27934726866667, 124.67462154454287, 122.33254297011656, 129.62514799528992, 121.23287409217994, 113.62870578247012, 106.45254742163075, 93.00666659014435], [7.397926445997889, 0.0, 9.3779335788149, 20.2139727175742, 11.749969244804392, 6.743130091705261, 9.504514369182573, 49.97178378254842, 56.78191989420236, 64.07947507842474, 72.48532229527848, 80.99604457535, 72.99936003277406, 64.64522694704154, 56.39769021113883, 20.25501669201884, 14.687267967157062, 13.291114237943331, 17.625766139809873, 25.6196634864231, 20.993338141238855, 12.872550307360465, 8.216253009564397, 10.211769475050094, 15.106768948997166, 54.763355008448855, 61.839989896091836, 67.94752270256706, 76.52363741345584, 82.78333479541202, 82.19987921385024, 75.81929231957983, 67.53120077870837, 61.213523848436196, 55.06231786247673, 25.956602987327408, 30.630321383400613, 39.421183377151806, 41.501799562070374, 48.9305943808833, 55.92657454850398, 62.753897857887274, 65.725069247196, 63.83315667878461, 52.78564347468171, 44.49200521110116, 41.060455699586136, 65.63377285578981, 61.268721300598536, 64.53366442118558, 68.76015522670203, 70.96698077875219, 76.53151211753269, 85.78153025772909, 87.3748264557198, 86.3921615365749, 83.30874501630139, 78.5043419542948, 72.38850147129034, 68.73457633735353, 69.14638649009481, 73.70561798516368, 78.13786922921074, 83.18767892400923, 79.03441867284668, 74.63545161466072, 70.14143499934819, 57.36176512560036, 64.31594536040534, 73.48016702099736, 79.92625706910417, 91.01409013872686, 103.38501961498699, 104.8842783390445, 113.03787384409887, 128.14517441278667, 126.68848504450631, 134.17817181220803, 126.2263304946488, 119.2351525037191, 112.65424446520377, 99.71473564125701], [16.535011056899204, 9.3779335788149, 0.0, 11.556531947862473, 5.440438457474267, 10.1120770934087, 16.403314173958808, 58.29548793342889, 65.41370838038392, 72.836809869434, 81.12686719455331, 89.08870696173652, 81.40238786350838, 73.04031038452526, 64.67717041246401, 29.234235407370004, 22.269819903867432, 16.829770204553714, 15.04347423339423, 18.841847325138502, 13.430579787151036, 9.3936118236377, 13.104357416109805, 19.010127109382644, 24.417358900085183, 63.98120764298373, 70.94940436521605, 76.89154662623099, 85.17902557996372, 91.20797166837174, 90.72649329671897, 84.62675059943089, 76.52997310389419, 70.22414607410043, 64.12644659981557, 35.19453892680866, 38.67462880647049, 45.88710945866896, 45.20713991589679, 52.17131620771265, 60.638943044646226, 68.3941510540382, 71.60922638960864, 70.52009880015652, 60.36896739102007, 52.95698976233424, 50.17632465419957, 66.44362502301706, 63.29743953246195, 67.94683223008583, 72.89874001448482, 75.65116547457284, 81.52516686603916, 90.51346443776994, 91.64626334445447, 90.04010634671818, 86.17256617585895, 80.67440223623397, 73.4331724603484, 70.44977675532863, 71.69141733954079, 77.24983301704806, 82.37656873824761, 87.68184055737352, 83.19575192204957, 78.09718264468442, 72.61385683716053, 51.15073018114053, 57.04877829838107, 66.75652722200823, 74.22992258986257, 85.97108476502166, 99.38185032727182, 102.58392906465433, 114.41166837342257, 130.76249588417724, 130.32567936780416, 137.78089753276637, 130.41143630394197, 124.32287149774524, 118.75274402934737, 107.18966109867468], [26.53736856004395, 20.2139727175742, 11.556531947862473, 0.0, 10.395732481332274, 18.485148114404144, 24.490553367825278, 65.55679184764841, 73.14573906184211, 80.76322723759564, 88.73161040138339, 95.53852998091445, 88.52698491390677, 80.23783738634695, 71.76122378935442, 40.340014108086656, 33.34222480922348, 26.83730507360808, 21.10827150573258, 16.403722883741395, 12.343929178035495, 17.673812014065046, 24.353082875650507, 30.235244607368017, 35.21552297511274, 73.21458902380542, 79.86861251937883, 85.3901078511258, 93.01371724605787, 98.4416829154168, 98.08596220306312, 92.66149834287198, 85.04302135566654, 78.782862850633, 72.87541452700869, 45.06154963699392, 47.45547861188815, 53.45708169507477, 49.34606770101458, 55.33327183429551, 65.66501751963013, 74.04004688408897, 76.59992231337475, 76.13200752074508, 67.94289920847443, 61.40498070433744, 59.30376941726155, 66.3811043981329, 64.85987790542738, 70.95024407621675, 76.48569025698433, 79.5553587376435, 85.23831444436209, 93.4631952194746, 94.25767889894355, 92.35275926313594, 87.90070139466246, 81.89930956364388, 73.46415357513756, 71.35890248369287, 73.56016187285347, 80.00689250953184, 85.49157987904445, 90.64470852986047, 86.19939135037865, 80.72354249517076, 74.36258148334898, 44.66351556258474, 46.37490542472325, 55.81676814415648, 64.38037889214984, 77.04707814013125, 91.55770211508528, 97.11785461339575, 113.74443189537992, 129.80335792290737, 130.30038764259126, 137.25893130925965, 130.59366916518746, 125.73882557615053, 121.76337120481791, 112.95534695907054], [18.04441679803673, 11.749969244804392, 5.440438457474267, 10.395732481332274, 0.0, 8.919662873129907, 16.01270158060148, 58.04324184284274, 65.58535657678844, 73.10941320872222, 81.28118935607253, 88.78937882449755, 81.17121896469484, 72.78267537930022, 64.35539845607666, 31.789915375227306, 26.01261651661995, 21.816314642752314, 20.39986095288331, 22.327870902164893, 16.944145958866702, 14.69516522047578, 17.32468816260394, 21.729280489542077, 26.420706824098296, 64.95454920198522, 72.02996857582902, 77.98453103946392, 86.2207404919707, 91.93888380907569, 91.2459778897475, 85.39333299449756, 77.29182575668578, 70.8171621209276, 64.77856151795558, 35.90435997155172, 37.66052953955388, 43.671577183101654, 41.292640184825, 47.9609476867095, 57.126197823599114, 65.26505550806694, 68.51017984772116, 67.99052074179163, 58.59308168101094, 52.13669259338534, 50.58522589667225, 61.40426192577546, 58.61162520818907, 63.722052116936446, 68.9329360437879, 71.89661869777665, 77.89324475869311, 86.76054585937362, 87.64925108819956, 85.77500121683657, 81.64424847458581, 75.95833734341772, 68.42913113802551, 65.6307471192116, 67.126591977662, 73.00896388484591, 78.38113945992852, 83.79318244901945, 79.16337134843887, 73.81865108516895, 68.01954859873072, 53.512349155316265, 56.240153099571316, 63.70217849147022, 70.10147083395064, 81.28676951825595, 94.39731729596866, 97.25310271790286, 109.39988137708829, 126.50116758476372, 126.67270699125481, 134.72798484354482, 127.91694372407278, 122.52160553014411, 118.21022569168194, 108.3068750914432], [10.199047136742038, 6.743130091705261, 10.1120770934087, 18.485148114404144, 8.919662873129907, 0.0, 7.467217148963126, 49.454291961006355, 56.91661172280522, 64.39289959820928, 72.62205903498422, 80.43874328090222, 72.58888963918838, 64.18333508875162, 55.801955321084776, 24.548502205604663, 20.765698845736374, 19.966363109780332, 22.769155936238505, 28.114671815035543, 23.182636867983998, 17.41810272179266, 14.66028709562869, 15.29557038964608, 18.674152110302895, 56.17877092180524, 63.342704890929305, 69.40197682768684, 77.82179491656086, 83.61454957486231, 82.78003458261136, 76.7945673781503, 68.5628357436135, 62.02847293343745, 55.97585863251314, 27.12561461449788, 29.181179794441586, 36.483763522972424, 36.234675225192404, 43.387625329097816, 51.42296442396584, 58.76225191482283, 61.63167897056022, 60.415084804585305, 50.46155168457387, 43.40007938803746, 41.68789674082103, 59.30795606342284, 55.32424056522122, 59.14590432316413, 63.69469431398369, 66.13480980761744, 71.80642048919812, 80.88898895119661, 82.22221139835976, 80.97473184058178, 77.60445070803594, 72.59412475396435, 66.12394553531163, 62.66331668998818, 63.3735328069282, 68.3196619114376, 73.01616346064988, 78.15856341336843, 73.86975766887697, 69.20505760233334, 64.33667619969924, 59.18192305614181, 62.584465053728984, 69.3130146666853, 74.56013530709185, 85.0351411530446, 97.02872632327474, 98.17018224359916, 106.78140758811135, 122.5379069687783, 121.77356736925405, 129.90877757069742, 122.61872613475074, 116.50013819111965, 111.531731665401, 100.8767332207447], [6.448431086149947, 9.504514369182573, 16.403314173958808, 24.490553367825278, 16.01270158060148, 7.467217148963126, 0.0, 42.15859296482845, 49.58668023195119, 57.09809622813684, 65.29285272902756, 73.09244920962027, 65.29954507960252, 56.908078675143166, 48.51712706420957, 20.76584716460684, 19.25933625372105, 21.2498866700649, 26.189900917913725, 32.57057978774429, 28.371744266710603, 22.065821906222435, 16.815883824954014, 13.618450915129625, 14.53806807961976, 49.25232949110134, 56.25003093265248, 62.167164350505274, 70.45319874271753, 76.16863863199785, 75.3497558864328, 69.45308393218765, 61.34866264315963, 54.85849314241295, 48.86655504930063, 21.04984280468854, 24.272063211447865, 33.42967929567416, 34.8452867074122, 42.027964843929865, 49.241562470409214, 55.55577530763863, 57.37131711503541, 55.177454393420184, 45.37786095938821, 37.348344168188696, 34.901861149523384, 59.50716570058961, 54.79837147328546, 57.5198138071021, 61.355081017909626, 63.13044970126347, 68.11106147296223, 77.04333051839205, 78.92605408657468, 78.51606525137818, 75.97421313314547, 71.679726464347, 66.05960208789402, 62.18114690596708, 62.300300386719435, 66.33185595028606, 70.16053614419421, 74.7446530163252, 71.0597593400897, 67.25437655711734, 63.29313221891638, 62.25103943348545, 65.98101251178167, 72.55016638350575, 77.31895315359202, 87.58947821513269, 98.87267937907382, 99.25227904820781, 105.80800706243853, 119.17028735036482, 117.3382671819194, 124.94451234251531, 117.08377771422693, 110.28633101605594, 104.60785395130499, 93.5718636570768], [42.73954020569012, 49.97178378254842, 58.29548793342889, 65.55679184764841, 58.04324184284274, 49.454291961006355, 42.15859296482845, 0.0, 8.858336363528931, 16.315799483818164, 23.633716209372448, 31.40889015294227, 23.141213058789504, 14.7563230213685, 6.434924434914989, 39.87957992166699, 47.53022381060116, 55.433206473013996, 63.645194249798635, 71.41273439234948, 68.65475401650482, 61.734032971716964, 53.57746479674612, 45.299021829991915, 39.28062589299045, 18.2603359903211, 21.746220136024235, 25.60340923727598, 32.472431547374995, 36.63391789076239, 34.69364682390599, 29.924700692087896, 23.08331348175244, 17.094671206093025, 14.042485862412612, 27.958087296408408, 29.452429623562978, 37.63274930387458, 45.98356537592563, 49.650365270138245, 48.81452457030327, 46.52049497719306, 41.094201112180585, 32.247632584692944, 28.05777106830951, 18.85566248542459, 15.369654961876309, 69.29331200266243, 61.84043238195773, 57.65130707391065, 56.192722305547235, 53.468441299519206, 53.019985187044234, 59.62775679840262, 64.65123297159921, 69.27892311340645, 72.07447240280378, 72.63002080872302, 73.00424320315537, 67.6390180155965, 64.36467670343225, 62.126156705745586, 59.952746018725236, 60.35068979288396, 60.970785709826444, 63.08376445284134, 65.30095277440988, 95.14832306165268, 97.99938089570864, 101.197595996778, 101.99424153102231, 109.20460377628834, 115.40972595402576, 110.20207187355703, 102.57029365590763, 103.04017585361487, 95.13411954499828, 100.903243587474, 90.3843696328717, 79.62118499994723, 70.55637806619139, 58.53292036205926], [49.42166936449149, 56.78191989420236, 65.41370838038392, 73.14573906184211, 65.58535657678844, 56.91661172280522, 49.58668023195119, 8.858336363528931, 0.0, 7.729612251911091, 15.726205482133222, 25.665397313735568, 16.80603816032705, 9.280795640032645, 6.299600794598731, 44.451383704124694, 52.53506875269758, 60.85250925722976, 69.4985040378554, 77.88973604893019, 75.35540980568562, 68.04346976479907, 59.553669857535716, 51.121209823605966, 44.91483475271416, 13.546717725646575, 14.17551589971134, 17.08638623817377, 24.090958280024232, 28.752018401324, 26.687287955757586, 21.19623359970523, 14.33789460122612, 9.06490569411845, 8.750951364847658, 33.5310602302255, 36.09962859208417, 44.10990038215432, 53.863922965629136, 57.396185049379376, 55.18377213768805, 51.693590046964566, 46.075847785253686, 36.587882919598734, 32.55994122712732, 23.87172549892603, 18.917980714544196, 77.08062035730953, 69.34090123530349, 64.34744862108947, 62.192650758237455, 58.951483011581324, 57.81873234185641, 63.925399907228396, 69.332629132428, 74.57557501924232, 78.10011889783563, 79.28171050415753, 80.45871496105838, 74.95892275422385, 71.27157838653477, 68.22057653778315, 65.29063246340064, 65.11141725530258, 66.31174332770075, 69.18090177986518, 72.1975405965964, 101.02354028710634, 105.39491878398535, 109.44449758405466, 110.50772764355449, 117.75560089060504, 123.69780935436023, 118.09437957657828, 108.46446351508145, 106.97066212305438, 97.72967370939847, 102.59502547734942, 91.2304823591178, 79.0384738235824, 67.54194375576783, 52.20488253788353], [56.692880077783464, 64.07947507842474, 72.836809869434, 80.76322723759564, 73.10941320872222, 64.39289959820928, 57.09809622813684, 16.315799483818164, 7.729612251911091, 0.0, 8.6875791300063, 20.765451251527065, 11.551675684073414, 7.636004256396077, 11.851344800601955, 50.70065730438173, 59.05568064799257, 67.60764744262434, 76.48659950285668, 85.17882172135867, 82.70303527360598, 75.16845502959711, 66.48817083160438, 57.97151193686245, 51.68862262668837, 14.989549563396661, 11.804216135017393, 12.27011180140507, 18.417845465148687, 22.840327920504905, 20.135706531247962, 14.288903987982597, 8.239734464097433, 6.432766918570032, 11.185541291083997, 40.18729766468141, 42.52370591782635, 49.67808614702474, 60.0473730665774, 63.18813514015684, 59.77355403509108, 55.14694946044535, 49.16144029962903, 39.35958810123727, 36.322056366269805, 29.120326101089407, 24.937523828323574, 82.59992986777131, 74.65062876393169, 68.87033963580632, 66.02213845447281, 62.276948444191675, 60.42218725892909, 65.93308013228732, 71.63573207915549, 77.44366900724219, 81.68210540507255, 83.52429745362242, 85.55267425977073, 79.96447996645036, 75.88475037632855, 72.01721502115383, 68.32354018954904, 67.54797534361991, 69.33011674661766, 72.9607623901452, 76.78331545885086, 107.99824340023478, 112.81472094453603, 116.83382548875578, 117.62972637072525, 124.53893054002411, 129.91542092843181, 123.57139449052117, 111.67244755154375, 108.51429659383975, 98.2618995729836, 102.73377692215999, 90.94374669689448, 77.85801500183167, 65.0787755973984, 48.11452470389841], [65.11582828823138, 72.48532229527848, 81.12686719455331, 88.73161040138339, 81.28118935607253, 72.62205903498422, 65.29285272902756, 23.633716209372448, 15.726205482133222, 8.6875791300063, 0.0, 13.41256517571318, 5.959562490537541, 10.166336550959054, 17.939884593197416, 59.36735775763471, 67.6527404603942, 76.10383405225144, 84.83344064999355, 93.23058582109933, 90.88665677047179, 83.61031429214489, 75.04978307769075, 66.57818896937137, 60.31832365713571, 22.870027596178936, 17.68187642432075, 14.424995684908504, 15.292271618320312, 16.773545270574047, 12.938460667383461, 10.14097373372626, 11.01854637320704, 13.953054741149122, 19.634947451890422, 48.808844173612236, 50.573789910004585, 56.796455842164455, 66.53445998304083, 68.97083599070866, 65.04093115381063, 59.40866334456988, 52.23526254596493, 42.21041638680834, 41.90484511930994, 36.52256415054023, 33.53207263762041, 87.44604243916399, 79.61673852140244, 73.2675877449672, 69.74426599968676, 65.39385028912064, 62.33775523324601, 66.60451127251183, 72.71713084896288, 79.38929766598369, 84.47675954058761, 87.09645313489915, 89.88194332888082, 84.37986505516903, 80.06640941892782, 75.40783937864705, 70.72364689765679, 68.93502266178571, 71.67013754494643, 76.28199630855386, 80.89559529178126, 115.06734331203587, 119.24844014454973, 122.61307914388519, 122.84492724599029, 129.2650207856226, 133.8144453982996, 126.88466163229091, 113.21964894055071, 106.80350303631698, 95.23054866466066, 98.80193370198295, 86.54638948029914, 72.65374058835874, 59.10797024541473, 42.88749340171376], [73.79119310116769, 80.99604457535, 89.08870696173652, 95.53852998091445, 88.78937882449755, 80.43874328090222, 73.09244920962027, 31.40889015294227, 25.665397313735568, 20.765451251527065, 13.41256517571318, 0.0, 10.26090506269861, 17.563589798899997, 25.09175536703935, 70.01280789219123, 77.76730382734581, 85.62186792936961, 93.60768645496707, 100.7690085906707, 98.65325735237217, 92.38398878449877, 84.43795936214045, 76.24048214766609, 70.17891065875304, 35.67782835019808, 30.659593336328285, 26.27185797884822, 22.039879399341203, 17.338367299073433, 13.897788140603561, 19.222600204635427, 24.11182581488627, 26.866495119711054, 31.89038519870022, 58.871351803571585, 59.624406841889204, 64.82052460373818, 72.06798844976595, 73.33980200244353, 70.08926664142753, 63.88666721192074, 54.43228473283147, 44.502076168263294, 49.07574233619007, 45.69730943525912, 44.284671928722844, 89.68054972091743, 82.59011514056516, 76.17819478404252, 72.15048522149696, 67.15961112049439, 62.27720272641209, 64.2615262589938, 70.89763085723882, 78.80254949778283, 84.7978147477071, 88.2523844782064, 91.4880810367614, 86.40966686227294, 82.20850528373184, 76.96958299218839, 71.09731260480878, 67.7155182453452, 71.904340089847, 77.68595802479153, 82.89876356058197, 120.59357308145567, 122.27333187500693, 123.8756741211592, 123.03678504409262, 128.6842946835778, 131.99548564835817, 124.8637205107493, 110.76171965399149, 98.5502748239517, 85.24617371585417, 87.03834626120701, 74.24489267504009, 59.795277310143305, 47.0086321636859, 38.15222344400207], [65.70476892203827, 72.99936003277406, 81.40238786350838, 88.52698491390677, 81.17121896469484, 72.58888963918838, 65.29954507960252, 23.141213058789504, 16.80603816032705, 11.551675684073414, 5.959562490537541, 10.26090506269861, 0.0, 8.419283198614357, 16.828653074762162, 61.135119910448665, 69.3197853463743, 77.59018423404339, 86.05252645729207, 93.92998819912785, 91.46869596051438, 84.52756759135347, 76.16510947520946, 67.7298727857508, 61.5219095320543, 26.379766215386937, 22.483163467268213, 20.064651253550284, 20.38665901921237, 20.018592320427555, 15.995230801061329, 15.746200932857551, 16.415124299996695, 17.65087069418543, 22.486977260943366, 49.79715740172241, 50.35444210480166, 55.66905106979199, 64.2497649298963, 66.10097031766648, 62.3104519604935, 56.40071480297741, 48.27100267203136, 38.189330850667204, 40.095945705251644, 36.061788866803965, 34.778711468724616, 83.76762205632751, 76.14728235276323, 69.68483084622487, 65.94610356402563, 61.35428290814647, 57.71347858228707, 61.418584650133496, 67.67228976254013, 74.67700466161632, 80.02960205577746, 82.92745674175649, 85.9342779442149, 80.55109720900879, 76.23086329201976, 71.33289371876754, 66.25783206739996, 64.02325585582906, 67.16569059640977, 72.15669897182516, 77.01230998530811, 115.73131540608571, 118.2687220898973, 120.3318384242129, 119.75931181087368, 125.59913495541939, 129.54617653739035, 122.1746663129966, 108.07999002906071, 100.85566556143391, 89.32543455865353, 93.34101835849788, 81.46887681162814, 68.18434129011358, 56.62098520094699, 44.729051077051494], [57.36591866205088, 64.64522694704154, 73.04031038452526, 80.23783738634695, 72.78267537930022, 64.18333508875162, 56.908078675143166, 14.7563230213685, 9.280795640032645, 7.636004256396077, 10.166336550959054, 17.563589798899997, 8.419283198614357, 0.0, 8.49219655517346, 53.21191580511646, 61.31777526275913, 69.53157512980866, 77.96154568263887, 85.84871438807758, 83.25975831762665, 76.27629343358795, 67.93735976122296, 59.516748228392835, 53.339553018197755, 20.910661418453074, 19.274274479843797, 19.432785905160664, 23.21162296424998, 25.228526463256845, 22.095262190857227, 19.151382838990973, 15.576061888045258, 13.384992291887134, 16.35902345611626, 41.622254406796124, 42.274319064700116, 48.27995852916474, 56.93436835719257, 59.31791499724214, 56.28117258934133, 51.37229241976871, 43.98854228279849, 33.95590334323073, 33.9698548565453, 28.532107344707473, 26.92599947763427, 77.74786347347185, 70.09188714425771, 64.240037437757, 61.16914307138582, 57.12265540092457, 54.53222348710203, 59.38565343432062, 65.28094114834124, 71.51446292140857, 76.04856342415798, 78.19669040311312, 80.40747428205655, 74.97503263147924, 70.92762543836531, 66.8212194250111, 62.6597399264134, 61.335458492424166, 63.621152115932915, 67.70210326696426, 71.76803337285189, 108.41284480210881, 111.01432142672236, 113.36817477886545, 113.17344087101253, 119.41405341627863, 124.08256969942526, 117.31383259316021, 105.20345288404432, 100.92057205651007, 90.74248725822251, 95.61654980315444, 84.2630706395994, 71.93883178161377, 61.44088942849067, 49.41785980578501], [49.17149717441422, 56.39769021113883, 64.67717041246401, 71.76122378935442, 64.35539845607666, 55.801955321084776, 48.51712706420957, 6.434924434914989, 6.299600794598731, 11.851344800601955, 17.939884593197416, 25.09175536703935, 16.828653074762162, 8.49219655517346, 0.0, 45.98957114619029, 53.78150516022461, 61.74711202554031, 69.96102822130908, 77.62646281787805, 74.96288710490501, 68.14025026677471, 59.98332488686312, 51.67967745830941, 45.61863031217937, 19.111986351754176, 20.399696682114417, 22.774742117764823, 28.394655805018328, 31.60337721807597, 29.254533815554556, 25.337034721136845, 19.685321116522232, 14.819742298863162, 14.290818842991259, 34.13514408473734, 35.028818630347665, 42.045772708246645, 50.23922445072625, 53.20381698444599, 51.48847709987307, 47.97824790003075, 41.35120318982612, 31.776766803166993, 29.99272867753506, 22.725030837112236, 20.504129158649995, 72.19363043086469, 64.69639722098051, 59.76583844587624, 57.56218866793037, 54.18877516782564, 52.66597470361776, 58.43820791557017, 63.90630582210738, 69.33227965306732, 72.93743858676619, 74.23196546056843, 75.41379429042205, 70.03684279672537, 66.43137843613903, 63.3389986877565, 60.20807791441525, 59.75924735751713, 61.19895824808251, 64.25580273413888, 67.31861335355089, 100.66388904473067, 103.09670637400512, 105.71806319600658, 105.96659539316055, 112.69602406691713, 118.1509081587564, 112.26405053086522, 102.77866047557467, 100.91296219092644, 92.0073344938685, 97.36696650274357, 86.49665376310868, 75.14500294951053, 65.71768812790545, 54.25677310030866], [15.177067073511306, 20.25501669201884, 29.234235407370004, 40.340014108086656, 31.789915375227306, 24.548502205604663, 20.76584716460684, 39.87957992166699, 44.451383704124694, 50.70065730438173, 59.36735775763471, 70.01280789219123, 61.135119910448665, 53.21191580511646, 45.98957114619029, 0.0, 9.706509423793088, 19.49123564340994, 29.962400584857452, 41.85607616580364, 38.36926690794707, 28.019353366869122, 18.17508578820948, 10.246610217550051, 6.25475148632022, 38.59493247938725, 45.85253237752341, 52.53019990670578, 62.10843072518389, 69.47061818143128, 68.80934219474639, 61.21929364548419, 52.35855312205587, 46.430375357931155, 40.22182840121524, 13.519251209701519, 23.91903603490347, 35.82592123869811, 45.63502103032855, 53.31841693128222, 55.65155262734707, 59.703469132137855, 62.64280154575743, 58.76559914610706, 44.78942934930416, 33.96988399324562, 27.171836775785728, 73.65541908754786, 67.06298658162743, 67.12974426622183, 69.50444851741157, 70.45916329414169, 75.320201272409, 85.07838973322207, 87.59878699503079, 87.83166890989541, 86.43815315402239, 83.16822633709175, 79.63212898418017, 74.80566258364415, 73.43935102584875, 75.64731398338458, 78.51034385290879, 83.00154056139382, 79.5611126349142, 76.73833201900699, 74.54938368126287, 71.67981531946558, 82.56696394474741, 92.41365698866944, 98.03248921108322, 108.25971721813865, 119.11178790557122, 117.8396602448038, 118.72546296472, 131.77250518718017, 128.0760124434592, 135.3820386658762, 125.99965175611432, 116.63100610622568, 106.69224639381216, 88.4319222208913], [12.825144620105343, 14.687267967157062, 22.269819903867432, 33.34222480922348, 26.01261651661995, 20.765698845736374, 19.25933625372105, 47.53022381060116, 52.53506875269758, 59.05568064799257, 67.6527404603942, 77.76730382734581, 69.3197853463743, 61.31777526275913, 53.78150516022461, 9.706509423793088, 0.0, 9.82789811453914, 20.419178886727206, 32.781831970905884, 29.524425599508383, 19.105792763600046, 9.91387734968645, 6.428365455858044, 9.670884736588944, 47.43869454758257, 54.31302793003536, 60.608312855283536, 69.68242064128911, 76.91624576345347, 76.61082167984472, 69.31229738270117, 60.83449552285087, 55.05975176712021, 48.900134868263144, 21.804604260121764, 31.044051861188013, 42.12503311162682, 49.3770563412496, 57.16228833206595, 61.2695393568099, 66.4594414543653, 69.55955742447257, 66.22876176345768, 52.98944303551285, 42.633024284206826, 36.08983096255434, 76.13378061836887, 70.4613332236364, 71.8881077233617, 75.05027052578657, 76.52917356332215, 81.7151753300096, 91.34330054472092, 93.56424576729447, 93.3245815411756, 91.2109806873307, 87.23170175929091, 82.52669417726041, 78.18544372798148, 77.57292932092064, 80.79778531397388, 84.34263067363914, 89.08703164230106, 85.3445516185912, 81.83823897783977, 78.64827370901034, 62.945524200269645, 75.3507244111179, 87.04059725946993, 94.17754091758745, 105.42852318760978, 117.49129296915785, 118.08002350800238, 122.61684002999533, 136.30403944510257, 133.20081898540622, 139.96602487757647, 130.71940263689197, 121.79147357570352, 112.01644467697486, 94.17934404087704], [16.010125605307753, 13.291114237943331, 16.829770204553714, 26.83730507360808, 21.816314642752314, 19.966363109780332, 21.2498866700649, 55.433206473013996, 60.85250925722976, 67.60764744262434, 76.10383405225144, 85.62186792936961, 77.59018423404339, 69.53157512980866, 61.74711202554031, 19.49123564340994, 9.82789811453914, 0.0, 10.672982716468722, 23.512316321425438, 20.597297294457782, 10.66301727539002, 6.494805673082759, 12.390506633999632, 17.99677112770135, 56.58946765159814, 63.18589826218952, 69.15157263067967, 77.74410036467543, 84.75095319041195, 84.71027142598912, 77.75475007843913, 69.61932682395616, 63.928570336685134, 57.82553701113452, 30.62075647164769, 38.77044806791452, 48.94581966213696, 53.694691384711625, 61.35092237529969, 67.0663111578094, 73.20724069878696, 76.35004234503096, 73.5510657154304, 61.14349023810964, 51.28400861763438, 45.132473141818586, 78.65882917881066, 73.98131103123768, 76.6845278475877, 80.54169611943013, 82.47976163362006, 87.8978266404046, 97.31278184531236, 99.23479044122924, 98.56157436000086, 95.78433884120038, 91.1690234641128, 85.37090400705031, 81.56326581529075, 81.69144145463412, 85.84386512778211, 89.98128602348346, 94.90877383725234, 90.92688955055343, 86.82318963333618, 82.71830772814207, 54.11991490316973, 67.80362858781898, 81.28103571870236, 89.92994074369119, 102.14565208948422, 115.36062749339595, 117.85365734948634, 126.07527514275402, 140.29430681180207, 137.83959517616975, 144.1162739990421, 135.11496359855786, 126.76297443265625, 117.42578558482822, 100.47605723772637], [22.922322528147692, 17.625766139809873, 15.04347423339423, 21.10827150573258, 20.39986095288331, 22.769155936238505, 26.189900917913725, 63.645194249798635, 69.4985040378554, 76.48659950285668, 84.83344064999355, 93.60768645496707, 86.05252645729207, 77.96154568263887, 69.96102822130908, 29.962400584857452, 20.419178886727206, 10.672982716468722, 0.0, 13.317334184140195, 11.320952352071883, 6.8681604207617335, 13.726448730588839, 21.732044865139336, 27.62244971154878, 66.25738842669011, 72.60383836000761, 78.23168596765525, 86.2969596742692, 92.95877657974958, 93.13855551534576, 86.62325264524573, 78.85299889540995, 73.21033004079244, 67.18419469374265, 40.07885081059643, 47.245546913431376, 56.55203785584415, 58.71857348417828, 66.0250032745611, 73.32963359745145, 80.28157233209807, 83.25694202029415, 80.96524066640067, 69.63266685491048, 60.29609267631638, 54.59707487178375, 81.30975217257819, 77.76532125942738, 81.72661633498987, 86.2133644811376, 88.54516274583497, 94.06187139370194, 103.11946746375835, 104.75291809732622, 103.71072390379766, 100.32042826139224, 95.1317661883085, 88.25534373030933, 85.06292451081696, 85.96145551704741, 90.98796771654511, 95.62211048527574, 100.62566349598238, 96.49921057093987, 91.88974192813033, 86.92167246324826, 44.47669147791649, 59.051357918783204, 74.39355712751703, 84.67501252881696, 97.89090316563524, 112.26491716594883, 116.8907339283798, 129.13787289107205, 143.56831884299828, 141.80504088129155, 147.51913038369213, 138.86596588252436, 131.25388128224589, 122.63979216284231, 107.13135906332683], [31.63041506887771, 25.6196634864231, 18.841847325138502, 16.403722883741395, 22.327870902164893, 28.114671815035543, 32.57057978774429, 71.41273439234948, 77.88973604893019, 85.17882172135867, 93.23058582109933, 100.7690085906707, 93.92998819912785, 85.84871438807758, 77.62646281787805, 41.85607616580364, 32.781831970905884, 23.512316321425438, 13.317334184140195, 0.0, 5.94629764347102, 15.926161735672125, 25.135765469607104, 32.83051338943346, 38.462609127222734, 76.3822746291787, 82.43430005508121, 87.60819773558164, 94.93097121876225, 100.92907710493495, 101.27620167916399, 95.50738216283465, 88.2478372596132, 82.60402565219266, 76.73129707290182, 50.15122475394135, 56.07490796449317, 64.42900911940833, 63.33855521657226, 69.91680440481474, 79.13263062209322, 86.78992567915522, 89.09129621120968, 87.34060482094638, 77.86190675586417, 69.26456964967097, 64.3154762523468, 82.44718394577349, 80.3783139641318, 85.71890127821875, 90.79811735451155, 93.43462705966105, 98.77016007684718, 107.11102374782628, 108.46316516940819, 107.18210364668646, 103.23921465286811, 97.55828414559515, 89.5142223933981, 87.12581592450285, 88.93011093461396, 94.82684664658755, 99.80578826110417, 104.65319458562861, 100.582280677539, 95.6104954011388, 89.78472858876384, 33.283644732384765, 46.31884283948541, 63.331824302051636, 75.39638598104919, 89.74999447097929, 105.30046305997212, 112.57236557332499, 129.77963759222152, 143.57685901319533, 142.62417168778785, 147.56706303159444, 139.51181209494257, 133.079022460382, 125.94542637990557, 113.33420889202262], [27.59634112644843, 20.993338141238855, 13.430579787151036, 12.343929178035495, 16.944145958866702, 23.182636867983998, 28.371744266710603, 68.65475401650482, 75.35540980568562, 82.70303527360598, 90.88665677047179, 98.65325735237217, 91.46869596051438, 83.25975831762665, 74.96288710490501, 38.36926690794707, 29.524425599508383, 20.597297294457782, 11.320952352071883, 5.94629764347102, 0.0, 11.377080501795263, 20.918115237551348, 28.81451022025293, 34.656721881214686, 73.70668630194565, 80.12892329969594, 85.62523762540121, 93.3556191136493, 99.43396828738614, 99.49995662827105, 93.54752799619965, 85.93696788948151, 80.04618994360676, 74.05373084080864, 46.376947552106856, 51.49509749951749, 59.28020955206779, 58.17908579868098, 64.85297349245403, 73.8875559638585, 81.7302397343655, 84.55207280651469, 83.16880490533931, 73.35074325313774, 65.22281068633029, 61.01098544967663, 77.59475813901999, 75.33027528180894, 80.63183892496242, 85.78865340134928, 88.58548023622755, 94.23833742481935, 102.8438110120795, 104.01657553392923, 102.45378503469188, 98.3688228327145, 92.60566833375294, 84.66919894891045, 82.18120569007199, 83.911665765456, 89.86150005489557, 95.05674867011246, 100.17282476435379, 95.83976771989867, 90.65955861006546, 84.78136934143365, 38.947605522443624, 49.33576622156881, 63.966166725769185, 74.69248443085944, 88.255946342897, 103.31105257296036, 109.43847028145643, 125.3239401424443, 140.56460817836927, 140.0088096114004, 145.92796146618917, 138.20157143949288, 131.9838745642232, 125.44971816206073, 113.10536145933625], [19.38385141519757, 12.872550307360465, 9.3936118236377, 17.673812014065046, 14.69516522047578, 17.41810272179266, 22.065821906222435, 61.734032971716964, 68.04346976479907, 75.16845502959711, 83.61031429214489, 92.38398878449877, 84.52756759135347, 76.27629343358795, 68.14025026677471, 28.019353366869122, 19.105792763600046, 10.66301727539002, 6.8681604207617335, 15.926161735672125, 11.377080501795263, 0.0, 10.006957506705518, 18.602998626764794, 24.86214024567517, 65.03689143172248, 71.84289381209484, 77.8119998077172, 86.253204650764, 92.83513411380228, 92.65026916537525, 86.08024820608901, 77.94945704681219, 71.9572354985316, 65.81021820371537, 37.202828728583206, 42.85355060405094, 51.16697462150812, 52.78418868075819, 60.0920206686866, 67.46237801685248, 74.79530539693347, 78.35067040406841, 76.67838622470748, 65.2517638258089, 56.75669069912269, 52.3515939352808, 75.1809101741991, 71.62445039305597, 75.74991061954685, 80.43627469162278, 83.03422311001457, 88.93542968592907, 98.19543288457726, 99.5336092383033, 98.07795332304694, 94.40900268658505, 89.04055299684659, 82.12936074549923, 78.94679505106298, 79.89502737379264, 85.13025252599297, 90.10486712532061, 95.42826773441185, 90.97074923257972, 86.0286377053364, 80.85514228652195, 48.90346557881013, 60.120849050643436, 73.00512377821882, 81.95499732132127, 94.33659070936014, 108.22894304165067, 111.87839169448324, 123.29893786962205, 139.43210238623442, 138.35994846925175, 145.19077705149738, 137.12408724995115, 130.08671323401765, 122.6664826936458, 108.31765996810395], [12.029505595404784, 8.216253009564397, 13.104357416109805, 24.353082875650507, 17.32468816260394, 14.66028709562869, 16.815883824954014, 53.57746479674612, 59.553669857535716, 66.48817083160438, 75.04978307769075, 84.43795936214045, 76.16510947520946, 67.93735976122296, 59.98332488686312, 18.17508578820948, 9.91387734968645, 6.494805673082759, 13.726448730588839, 25.135765469607104, 20.918115237551348, 10.006957506705518, 0.0, 8.868157866809826, 15.260329578439945, 55.76318663994052, 62.81192321666715, 69.07568000729482, 77.96147844184077, 84.79648112184425, 84.3926998870775, 77.47325544326236, 69.0259732123541, 62.964100189947125, 56.75238312229326, 27.829833362370717, 34.255185373448924, 43.5200466390277, 47.700482336873, 55.375710336491075, 61.22358580471726, 67.75632054548181, 71.39019505097869, 69.20063666597801, 56.7904859706191, 47.79648588009295, 43.10828041288091, 72.55294779872246, 67.85783490118426, 70.71420015019663, 74.76452194761134, 76.94733271311821, 82.70941512946187, 92.29018321347019, 93.93882260608335, 92.8976073285904, 89.86825256055528, 85.09572559823874, 79.2626021524258, 75.46102956218115, 75.63631745293337, 79.9843541964361, 84.42948241459601, 89.63908028616787, 85.36308337670394, 80.95880671770176, 76.66260760854031, 57.28536635099335, 68.05358534798162, 79.37438022157673, 86.81924267577743, 98.26912810298799, 111.00671910231915, 112.64329523776618, 120.18314769393776, 135.85112180929517, 134.06132973473314, 141.3494965503247, 132.93881735923782, 125.21398321490122, 117.16459367928992, 101.67150484766961], [7.421285769479164, 10.211769475050094, 19.010127109382644, 30.235244607368017, 21.729280489542077, 15.29557038964608, 13.618450915129625, 45.299021829991915, 51.121209823605966, 57.97151193686245, 66.57818896937137, 76.24048214766609, 67.7298727857508, 59.516748228392835, 51.67967745830941, 10.246610217550051, 6.428365455858044, 12.390506633999632, 21.732044865139336, 32.83051338943346, 28.81451022025293, 18.602998626764794, 8.868157866809826, 0.0, 6.417439860782182, 47.15511860704639, 54.38498268385811, 60.82216987787842, 69.95548118514589, 76.8258250632479, 76.21056424791409, 69.16853625756328, 60.53608185288694, 54.366861394321916, 48.125334395871306, 19.00911095513373, 26.407795657371594, 36.92543024693634, 43.170067078931375, 50.94112426746392, 55.56902944149036, 61.19253231177818, 64.41512766303919, 61.61840189286536, 48.797579670197855, 39.24378194697983, 34.30339592380144, 69.72563549149304, 64.14959322117862, 65.83675979775357, 69.21790937155279, 70.89004743820146, 76.27101174616955, 85.92138881542387, 87.93165058163224, 87.44774359072582, 85.1196294783011, 80.9989487154491, 76.14379985905188, 71.85768871758073, 71.36718687248054, 74.82557689145494, 78.60260243295374, 83.50428138232756, 79.58501486871332, 75.84911591495899, 72.43355756546228, 63.99273950278814, 73.57030904971052, 83.35488491612098, 89.48045059557518, 100.14898689548463, 111.81529795505978, 111.88784745240386, 116.34056304435086, 130.82953810740253, 128.32330103769647, 135.8162648844999, 127.14071036000581, 118.93366711869515, 110.60043681689986, 94.79889001601465], [9.241792669827321, 15.106768948997166, 24.417358900085183, 35.21552297511274, 26.420706824098296, 18.674152110302895, 14.53806807961976, 39.28062589299045, 44.91483475271416, 51.68862262668837, 60.31832365713571, 70.17891065875304, 61.5219095320543, 53.339553018197755, 45.61863031217937, 6.25475148632022, 9.670884736588944, 17.99677112770135, 27.62244971154878, 38.462609127222734, 34.656721881214686, 24.86214024567517, 15.260329578439945, 6.417439860782182, 0.0, 40.839746552731, 48.16784935832326, 54.700639492826966, 63.97840543768714, 70.86119266231825, 70.11002426335506, 62.99606823804792, 54.260742859436846, 48.03183118528306, 41.77810597155053, 12.736288163130146, 21.620853284748637, 33.344995707792215, 41.2237914478939, 48.90666447846933, 52.51863533084406, 57.2662134351693, 59.96935163627961, 56.560363631317415, 43.53437986515065, 33.33813522509656, 27.90391998115965, 68.71949168357287, 62.542210411628645, 63.2823738989026, 66.0691367800917, 67.2661020917941, 72.22445512668455, 81.83899404598965, 84.18100344124075, 84.21726684732624, 82.49866719517772, 78.93954177289346, 74.86283103933407, 70.24603921986878, 69.24536174041508, 71.94827854744942, 75.10550025806259, 79.67090320254478, 76.12209826269144, 73.00233530532968, 70.33277804533033, 68.72516941938139, 77.64364139737683, 86.53298483659512, 91.84038736260045, 102.00603734530898, 112.91399286528595, 111.97527569534245, 114.25133868962526, 127.51657376377992, 124.36912780426934, 131.8604076683538, 122.92598242559687, 114.29752469520808, 105.64358033493683, 89.56394337290763], [47.45738312252148, 54.763355008448855, 63.98120764298373, 73.21458902380542, 64.95454920198522, 56.17877092180524, 49.25232949110134, 18.2603359903211, 13.546717725646575, 14.989549563396661, 22.870027596178936, 35.67782835019808, 26.379766215386937, 20.910661418453074, 19.111986351754176, 38.59493247938725, 47.43869454758257, 56.58946765159814, 66.25738842669011, 76.3822746291787, 73.70668630194565, 65.03689143172248, 55.76318663994052, 47.15511860704639, 40.839746552731, 0.0, 8.294803434188301, 15.817794057885349, 26.480020302552244, 33.896443229915626, 32.23889018021363, 23.842888494582404, 14.252962955918253, 8.924503881507029, 4.857821056739532, 29.90662418226405, 34.687856965319, 43.73846862099483, 56.69232056494493, 61.388900377184356, 57.99711203381839, 55.030353035511745, 52.41430046047762, 43.87388658225913, 34.5713054600976, 24.067993547851387, 15.531542843406413, 82.48100831533908, 74.15636671466538, 69.15178