{
	"dissimilarities": [[0.0, 8.192971818955929, 15.881641123011947, 25.75622645213856, 17.28007312016295, 10.410375717518077, 6.487286540291096, 41.17601587740334, 48.168779483568144, 56.58392486006481, 63.854618485062524, 72.13889053627362, 65.54199566997994, 57.144936048003395, 48.723918436506665, 17.570774911694077, 18.76871300717164, 21.10634777649011, 26.855888644923464, 33.41787982993189, 30.208140618086063, 23.591271487267747, 15.791654024884572, 9.906165286209598, 10.82164025947467, 48.431549164842906, 55.863898227593225, 61.97120742355804, 70.11355454083616, 76.3808198069929, 75.45073472238333, 68.99902385370483, 60.61834518991678, 54.267774839311336, 48.09163442970681, 18.550062790901006, 26.335569415669507, 35.33872655713707, 37.192200378729154, 45.48449207103779, 53.3330448698501, 57.99909131083247, 59.66224448868787, 55.3611585296759, 48.24829293581014, 38.55154078362561, 34.4354254429686, 65.40636470933524, 62.48375142852979, 62.175794938667075, 66.51713931800637, 67.16568163831661, 71.7764593128154, 80.56780080379836, 79.55532895351232, 78.95471977774397, 76.38990933084938, 72.90239273924544, 68.96099330677592, 65.53401027996419, 64.6827626342244, 68.269484187077, 73.14830077631565, 78.32664274765324, 73.92476150782379, 68.98877567135791, 65.51109388686932, 54.019334935854516, 52.348499580406624, 62.81577351320927, 70.44648289872896, 81.51339997622144, 94.82514929748221, 101.68373303871638, 104.97966014255138, 114.18272428603892, 118.30976409438544, 110.39888081004956, 103.69822785008157, 101.46907998699267, 93.36833375751175, 91.44775315448166], [8.192971818955929, 0.0, 8.874867661047238, 21.347898476048687, 13.685506134725964, 10.73375752170553, 11.71841460363534, 48.85083272736236, 55.49846317048401, 63.75639398737019, 71.21625553935807, 79.86140897662769, 73.27422659168458, 64.83009126889054, 56.45991313763082, 18.24782010898162, 14.96036282168865, 14.741838122892986, 19.676497722345687, 26.819228638816014, 23.261405997575835, 15.838317152641125, 8.757855832472297, 7.136754765593813, 13.273027419930578, 54.47513451236344, 61.90951936827031, 68.14056393347741, 76.57994777803987, 83.18865757722656, 82.44725089153661, 75.72272306627136, 67.23080053534152, 60.90286270644107, 54.68531375408307, 23.958110194474312, 31.495264977008482, 39.72257556357091, 41.5871173136101, 49.94892630584447, 57.98848445814885, 63.313845677841904, 66.23346124702726, 62.19862963252118, 54.39374608605942, 45.108699987850535, 40.949245374926136, 68.69727124786542, 66.39646554377805, 66.685754917469, 71.55616240583383, 72.69805582174448, 77.80057760999748, 87.3019388467049, 85.58323102856997, 84.51489450039995, 81.4781147419906, 77.32195237033181, 72.88300694036674, 69.22149769985545, 69.00145303816882, 73.29344357346099, 79.04007205765221, 84.8291109171304, 79.820130782247, 74.03624638389553, 69.85275535236151, 49.17320745230059, 49.36095598407773, 61.870993254478705, 71.06740174181722, 82.84411298069408, 97.04366688027118, 104.9942558555153, 109.85646974536935, 121.00105977728136, 125.79477030612158, 118.24915343208004, 111.77078992581522, 109.611373766251, 101.18150957063467, 98.26764339633962], [15.881641123011947, 8.874867661047238, 0.0, 13.668050245182226, 8.800576776990585, 12.698544000507543, 16.93505647139596, 57.05734924249527, 63.94318512642053, 72.28078767932892, 79.62046132268429, 87.87385073353572, 81.40468622063685, 73.02514458891697, 64.60055689050839, 26.352129477073884, 20.542022764391, 16.573262999797386, 16.409193090399814, 20.52640152513189, 16.44868791133873, 11.409480732799892, 11.744383276880104, 15.168804592239432, 22.03895611314808, 63.304032802987116, 70.6930520459129, 76.83865384362569, 85.07947392679397, 91.46484600722033, 90.78417618878976, 84.2927403778212, 75.92665040870186, 69.62568605132259, 63.433261969860645, 32.65712682647257, 38.84283430578962, 45.35249201039864, 45.376968702827966, 53.34648658408052, 62.444312684089624, 68.63089850565568, 72.05119574889571, 68.74987829215371, 61.540210597648716, 53.14588712187122, 49.67654706444957, 69.15207366182702, 68.27549314863285, 70.03933824191843, 75.497845712779, 77.27641663574727, 82.57086486934764, 92.2116781581061, 89.80977808506125, 88.23247813724662, 84.61097166291417, 79.62910446721051, 74.19889874860154, 70.22393338168675, 71.48786191505671, 76.9099313337823, 83.4537124004335, 89.53407169697509, 84.15957775546065, 77.5729963246087, 72.26248156564495, 43.234297799994486, 42.40294095534055, 55.84439401622988, 66.4317834205788, 79.01039882062568, 94.1182573435508, 103.50651830440083, 111.6502092274537, 124.39188951748736, 129.98275827912192, 123.23033155046802, 117.38993190211801, 115.87951912600668, 108.16359104661308, 105.77082421992561], [25.75622645213856, 21.347898476048687, 13.668050245182226, 0.0, 10.505789907331382, 19.14564331067306, 24.1782490825153, 65.17261654315817, 72.65776756219378, 81.18930943966612, 88.0163250900544, 94.98607457875129, 88.89065802478541, 80.83516436501596, 72.38383993822731, 39.519073087444546, 33.88961497180754, 28.864897750965355, 24.261690281138964, 20.679358285075992, 17.5230291657698, 20.258991588680367, 25.104695590690778, 28.26264093281139, 34.446750836236575, 73.98690690231197, 81.2306483357882, 87.02738276530805, 94.47731928443149, 99.97860798699243, 99.24702033711965, 93.59663501207648, 85.68759533786591, 79.47915227626773, 73.43639869319463, 43.898315623334156, 48.44933597644452, 52.81976277350979, 49.37103291816229, 56.25107686441216, 67.12800472279028, 74.11857155329834, 76.88636445559305, 74.75582911821408, 69.57705747710894, 62.36542171118105, 59.971856192745506, 66.7872086000386, 68.34304882077613, 72.51093560352867, 78.43012235509951, 80.86101864511105, 85.81979170556399, 94.63060655185913, 91.790085833642, 89.78760269998158, 85.59112436420122, 79.78443432526895, 72.85695967779643, 68.54396807179653, 72.29686780796067, 79.14309738556648, 86.11126235738762, 91.87515352752935, 86.64245612623542, 79.59008411628324, 72.85358616415168, 37.8490237634631, 29.995823053745085, 42.669274313947376, 54.672617351236084, 68.46700584027278, 84.53887581846801, 95.87079523045674, 109.63425953002037, 122.8821095734399, 129.14704884498533, 123.64209077796714, 118.85425250225714, 118.58417649119474, 112.71229365462564, 112.50023024410267], [17.28007312016295, 13.685506134725964, 8.800576776990585, 10.505789907331382, 0.0, 9.038117972799983, 14.882553383594027, 56.778754202623624, 64.4382225954201, 73.01086617237507, 79.99315739340477, 87.47536184317592, 80.82281925300991, 72.47114010354817, 64.06111712175834, 31.537653017190387, 27.915942548281222, 25.137792113790162, 24.76573097158558, 26.21142886965903, 22.260141428653075, 19.78904149509344, 19.69935408256532, 20.711449791438888, 26.00431647009975, 65.52504525051692, 73.03015427866615, 79.13761771749074, 87.08953729308857, 92.97476166139347, 91.9608329235014, 85.85460972220541, 77.5487329126058, 71.1615633724741, 64.99017586257557, 34.44895968683568, 38.0643072533841, 42.52711989463035, 40.111467408598486, 47.52703230351314, 57.72009355064513, 64.44993716150677, 67.6564353311939, 65.2303505771467, 59.408533721881106, 52.39917482487808, 50.75045802921952, 61.27347454613276, 61.236240570499106, 64.09861841671915, 69.8095574714513, 71.96818835931009, 77.1475839044305, 86.5658988813159, 83.76064100411814, 81.91853648321852, 77.99984347138947, 72.65196587549997, 66.64150444765203, 62.542718200708265, 64.76066619260969, 70.8645829855763, 77.70293152469677, 83.77028561454742, 78.32280303840203, 71.42295970918528, 65.4414269985121, 46.525787936033865, 39.878453898177156, 49.20494156330961, 58.48288287175326, 70.5074352527996, 85.42301292652023, 94.74094084824857, 103.95181830392045, 117.43271537166119, 123.85223506876028, 117.9637033735291, 113.12423056555177, 112.72427547653122, 107.00256432222143, 106.9890291181976], [10.410375717518077, 10.73375752170553, 12.698544000507543, 19.14564331067306, 9.038117972799983, 0.0, 6.422219920137895, 48.21077066616079, 55.981533564652565, 64.56415009778948, 71.56724869500269, 79.26906843339228, 72.33250461969507, 63.8546490026106, 55.49081746877706, 25.78410473570847, 25.166737341963774, 25.201598018700107, 28.337395239987906, 32.51204468034696, 28.670116940665086, 23.67598528567371, 19.00205062358821, 16.43926863528527, 19.511121431306528, 57.26390544584106, 64.86742831931942, 71.07800258192793, 79.19274884513148, 85.19047785361958, 83.97440082817506, 77.696367888113, 69.23584332370224, 62.77655414772602, 56.58115356243332, 26.125004242204593, 29.36496391534076, 34.70077697579434, 33.490944896427045, 41.40802369226821, 50.845625886810694, 56.92691769031349, 59.740023668512855, 56.81234863612192, 50.686985094983825, 43.37736068186663, 42.03700633144509, 58.38811696764372, 56.799080978930746, 58.232765586560625, 63.44358343268583, 65.058922290651, 70.11404734240377, 79.53500834752472, 77.24947233023804, 75.83988280035699, 72.43785605666142, 67.86066934384976, 62.84632613325597, 59.06084435178776, 59.731664166769136, 64.79719851147475, 70.97721858446769, 76.87369163100762, 71.66732030070492, 65.43265570819904, 60.49472111105591, 53.27482707129342, 47.33284255348729, 55.003896599672366, 62.28480040899115, 73.06530303674396, 86.8097036964193, 94.37271166860195, 99.85988275677565, 112.11963024735837, 118.0552140004036, 111.57269217308217, 106.39026422111297, 105.66809144725494, 99.86007568682982, 100.05666468849022], [6.487286540291096, 11.71841460363534, 16.93505647139596, 24.1782490825153, 14.882553383594027, 6.422219920137895, 0.0, 41.9447647321127, 49.682045550443135, 58.27750514602157, 65.2429024829611, 72.92169994600998, 66.07732250892752, 57.65015659727747, 49.25083449640123, 23.003594073765953, 24.526881373526923, 26.20475711981977, 30.7814981389735, 35.855931847431116, 32.37201785193112, 26.800296718069635, 20.313967614776907, 15.405286540993457, 16.17072738454857, 51.36112137564329, 58.880195804090846, 64.97581922640325, 72.92604699248531, 78.81848473508622, 77.58892908655915, 71.40872193822669, 63.0488229393563, 56.62973369579861, 50.48748116998836, 21.219342820504504, 25.591103948595908, 32.505211077080226, 32.319406328666446, 40.37801458258478, 49.18220252754544, 54.42433777747116, 56.15728071949827, 52.62492376408106, 46.56331727143479, 38.315505458469225, 36.2926901195909, 59.183239601916625, 56.73140739613419, 57.19040190691141, 61.808523696461606, 62.814746394712195, 67.45939251775943, 76.3050845876593, 74.83779289528935, 73.96538987693692, 71.11405990347916, 67.29317057615812, 62.948583192016365, 59.424928738651865, 59.16903252906534, 63.31644803340441, 68.57486957697513, 73.906287014036, 69.29531109898211, 63.97070803918006, 59.945352533838665, 55.94477863830792, 50.83871754602176, 58.538128613520485, 65.08246035711407, 75.55181650304816, 88.63241632267135, 95.32528812640442, 99.12652903362397, 109.29011587023209, 114.26283437976019, 107.09270969069367, 101.28484628908448, 100.03606630935084, 93.6771787963559, 93.73408497652365], [41.17601587740334, 48.85083272736236, 57.05734924249527, 65.17261654315817, 56.778754202623624, 48.21077066616079, 41.9447647321127, 0.0, 9.063742250655851, 17.420838424262133, 23.6261221978203, 31.932176522167307, 24.49879774503829, 15.997544942093896, 7.659601930437246, 40.72161087082079, 50.18731608509514, 56.86833290018054, 65.08477365581558, 72.52685569802601, 70.1415855447238, 63.307108682186204, 53.72628119731129, 45.88149805712368, 38.87482667649217, 19.599852680946153, 24.491063050462184, 28.8442290929946, 35.1038959789177, 40.066979246576615, 37.712169491955635, 31.99657833863593, 24.488818158532087, 18.919605400903713, 14.968140980083032, 28.706051634553404, 30.67169385098142, 39.01092658555848, 44.71979352837172, 49.2615542275491, 49.86221010989457, 47.4371114071186, 41.23895001175042, 33.5394978439983, 30.196412159718765, 19.397909205123657, 14.64298113689617, 73.14608850147533, 65.73168148325003, 59.59000097790302, 59.15424999990174, 55.72095505440672, 56.66986673210314, 60.43030266657043, 64.86523808951155, 67.79141398939723, 69.19289772982039, 70.98183561692458, 72.0589231929646, 70.8752181589615, 64.51525296126162, 61.56430324445679, 59.55356399847809, 60.29280088690358, 60.4177161457381, 62.28430004747497, 65.27660553521982, 89.25270197969814, 86.72709555685323, 91.86666094851667, 93.50462656582256, 100.25023615696082, 108.20094671041603, 108.3811968679433, 98.31640585237507, 95.38318156113061, 94.05697598584572, 82.29787064862732, 72.48718159518415, 67.21854347244678, 57.616137943006734, 57.99074627994306], [48.168779483568144, 55.49846317048401, 63.94318512642053, 72.65776756219378, 64.4382225954201, 55.981533564652565, 49.682045550443135, 9.063742250655851, 0.0, 8.668805470046493, 15.783225848928637, 25.915188744511067, 19.19523318391702, 11.897853244443303, 7.567402441320931, 45.36711201020856, 54.925030717443875, 61.93212843452291, 70.45508018151534, 78.35896836808273, 76.22939206068544, 69.19401420304075, 59.49460718951815, 51.811017789743836, 44.62283806398122, 14.343308946626923, 16.845183548881444, 20.177975226847316, 26.149507638933358, 31.56423233029628, 29.251845849679594, 22.986689006149494, 15.565151456783804, 10.612412505904064, 8.948235869815958, 34.63972358389324, 37.67734874842097, 46.38860677123762, 53.13806438233422, 57.50127633783308, 56.94751268450825, 53.55456768489035, 46.99037652776659, 38.90810596522162, 35.36696203466465, 25.03344729509943, 18.51529349134496, 81.63102885117982, 73.80228412377365, 66.91249799605161, 65.8816074713305, 61.926104230966644, 62.39883736896028, 65.27577643953543, 70.59802619946137, 74.02544863859917, 76.00788512235933, 78.45066526245621, 80.15579490815975, 79.19704015254223, 72.23647661274326, 68.45027319035147, 65.53600911576127, 65.57846339296867, 66.41776804755297, 69.19540073835175, 73.00907270167927, 94.57715458413425, 93.8738254533424, 100.1735782715612, 102.11846843053719, 108.98802029048858, 116.71066719694346, 116.4934450643112, 104.92182996772331, 99.73227434590646, 96.76493858914975, 83.87921669566006, 72.72527318637478, 65.66841812072829, 53.28544459711734, 50.91890146755353], [56.58392486006481, 63.75639398737019, 72.28078767932892, 81.18930943966612, 73.01086617237507, 64.56415009778948, 58.27750514602157, 17.420838424262133, 8.668805470046493, 0.0, 8.090442695133374, 20.052830849254896, 14.385782631026819, 10.678485530337248, 12.914622550432279, 52.65796043974671, 62.260354241031536, 69.44088140092109, 78.1255278048116, 86.24337887192307, 84.2381624508092, 77.10680514984668, 67.3461229804125, 59.761068879906794, 52.50310059342168, 15.893655127429188, 14.081829337683727, 14.64093131604858, 18.95024669281648, 24.22567628388485, 21.479657811162564, 14.926571706487396, 8.786411786088962, 7.677021194680985, 11.56512815723462, 42.49070450275385, 45.2195648941354, 53.410559788720185, 60.587770052884146, 64.4386740442439, 62.730911533878604, 58.32875119751845, 51.121433197556634, 43.002015118825796, 40.14587268275008, 31.355609896832963, 25.64967119649804, 88.43699123846422, 80.16629288669338, 72.55770548788628, 70.81444491780562, 66.32098672093147, 66.15772671879944, 67.94192690260518, 74.16132988591515, 78.1205007947885, 80.74986162777392, 83.96445465525181, 86.4106090294607, 85.77134172147134, 78.16993735752799, 73.45877041575483, 69.48949556078422, 68.70680080668492, 70.36461312777577, 74.19927949128872, 78.92741052572093, 102.06593703989124, 102.07900875292187, 108.48130259978848, 110.12528251523524, 116.64411048482376, 123.76429645042087, 122.74566255288084, 109.13401075971392, 101.65626618416742, 97.25446847634203, 83.48326309385848, 71.40044149453958, 62.97858602030702, 48.92061543167633, 45.119913137737726], [63.854618485062524, 71.21625553935807, 79.62046132268429, 88.0163250900544, 79.99315739340477, 71.56724869500269, 65.2429024829611, 23.6261221978203, 15.783225848928637, 8.090442695133374, 0.0, 12.584365790184819, 8.825795835365557, 11.21778512655199, 17.34669566809106, 60.64465553324648, 70.17515371866558, 77.23786278163364, 85.71036357509826, 93.49371968064726, 91.55624745871772, 84.69010718505979, 75.07784464016224, 67.47085579869888, 60.27894116183723, 23.50074723475654, 19.96513454949265, 17.75003900807367, 17.399325055812398, 19.710259246713218, 15.981459172438104, 12.453289106444169, 12.160654324864678, 14.748782714621774, 19.5702156849651, 50.23765548614524, 52.22262948762337, 59.460021864500824, 65.95379542305382, 69.06083977112073, 66.86841465954477, 61.737219674263834, 53.18057314278674, 45.49175371481328, 44.62220622761517, 37.59075736438065, 33.37414325625172, 92.01361469571154, 83.69534888871588, 75.90583088500505, 73.48857190737566, 68.5585011267482, 67.47642529366856, 67.55004377945427, 74.81686510056004, 79.33841030878611, 82.5813733905985, 86.53270654934192, 89.46771064708203, 89.14394314644109, 81.35468982088597, 75.96906019388022, 70.81923810860069, 68.84545395293237, 71.6214430761302, 76.62446670386657, 82.02837936608944, 108.57146800468419, 107.92967152974464, 113.44134747696222, 114.27127268579994, 120.18443883796587, 126.4128339350657, 124.50162681427797, 109.63476426785833, 99.19520684821947, 93.27921345877297, 78.80129326813194, 65.9913828401752, 56.66493437475895, 42.206029589916035, 39.97047299427287], [72.13889053627362, 79.86140897662769, 87.87385073353572, 94.98607457875129, 87.47536184317592, 79.26906843339228, 72.92169994600998, 31.932176522167307, 25.915188744511067, 20.052830849254896, 12.584365790184819, 0.0, 9.537646850833697, 17.914186032572648, 24.833098088780847, 71.05127622878399, 80.24259733156586, 86.85121631894755, 94.64392951138288, 101.47400993515478, 99.67070451612783, 93.54902165787229, 84.43602279681747, 76.83188594730133, 69.93201411262474, 35.80641279234949, 32.151701979673845, 28.72678980880378, 24.006123375956285, 20.459490818868733, 16.4984155497655, 20.161331510539497, 24.081295618691325, 27.147686519884193, 31.558583056506418, 60.205273209167125, 61.54753213107608, 67.6140386426178, 72.29840809265094, 74.42412365586742, 72.53010311147531, 67.01117286604918, 56.35977167616828, 49.77945286506505, 52.12613522975397, 46.865714322381194, 44.07092562024911, 94.95617364811099, 87.19639464766823, 79.9533766934585, 76.89080632342886, 71.65173970391922, 69.2093287537081, 66.41476396974078, 75.11091514883715, 80.29871456703712, 84.17378906775294, 88.86178721059119, 91.95151696929709, 91.94594885389712, 84.63219982379864, 78.88486606306124, 72.30371258090446, 68.45181450916148, 72.9303714409022, 79.34304112861415, 85.1248913754323, 114.95329832173752, 112.65153820178567, 116.52159990228108, 116.09491702993411, 121.22268842517778, 126.1638448389919, 123.30224376961681, 108.43739515423107, 93.09795780560107, 84.70613783957593, 69.28830653665476, 55.26814997936921, 44.7249908425573, 30.26937716825779, 34.183473833803525], [65.54199566997994, 73.27422659168458, 81.40468622063685, 88.89065802478541, 80.82281925300991, 72.33250461969507, 66.07732250892752, 24.49879774503829, 19.19523318391702, 14.385782631026819, 8.825795835365557, 9.537646850833697, 0.0, 9.012133835207454, 16.965060450950624, 64.2904517541825, 73.8946973637026, 80.74794622871181, 88.93876284013325, 96.16502237176775, 94.04704640821713, 87.48222231225996, 77.98565107263633, 70.20385350435667, 63.11400048238319, 29.946233111850063, 27.849389377402893, 26.464416607164814, 25.62884823330625, 25.714694626897984, 21.551217055959835, 20.702433510111533, 20.586494210140444, 21.808064058422747, 25.29146681692159, 52.701201336216805, 52.88174135966218, 58.48220040739692, 63.62233134709295, 65.76744324314112, 63.43493385394664, 57.90264627270627, 47.87971394162645, 40.87866516157213, 42.62297369500136, 37.73588397218682, 36.22929091467698, 87.25013294039262, 79.02140351878866, 71.35303201076451, 68.43241070585665, 63.26341182282111, 61.37868743941874, 60.098197791895274, 68.02126111801162, 72.89681208751813, 76.52241023386613, 80.98743101873559, 84.23436914357445, 84.20256784706937, 76.4205528482872, 70.640977858358, 64.60967261434381, 61.71264931956593, 65.32441631088845, 71.186122699967, 76.9918545262526, 111.14374861771455, 108.22850486074718, 111.55746471952784, 111.0106914321077, 115.86773550839669, 121.06639992500371, 118.17350934300069, 102.3466540811424, 90.55256280698649, 84.56652728357896, 70.23176641756226, 57.938500736752886, 49.614414119322404, 38.797514548823045, 42.79594468364708], [57.144936048003395, 64.83009126889054, 73.02514458891697, 80.83516436501596, 72.47114010354817, 63.8546490026106, 57.65015659727747, 15.997544942093896, 11.897853244443303, 10.678485530337248, 11.21778512655199, 17.914186032572648, 9.012133835207454, 0.0, 8.476441504261913, 55.85737718057882, 65.60628879942519, 72.53439873288781, 80.90472174033893, 88.36113821355747, 86.06654710902718, 79.25096545855295, 69.57954933156662, 61.73129734933973, 54.579701191250656, 23.922687357205962, 24.09109390250966, 25.11168283070997, 27.840906310523046, 30.581527456746876, 26.94558423307554, 23.1045588749499, 18.936906524859467, 17.300290407076208, 18.822122135782486, 43.91272995972798, 43.892222497545106, 49.88867485043293, 55.48116720604757, 58.195224468346765, 56.26860445956404, 51.38141760618118, 42.48146605321831, 34.881289387444724, 35.04067026194101, 28.959617335140344, 27.549689889281787, 80.82466592023668, 72.52968387745652, 64.95709429595746, 62.67832417582493, 57.91500492734912, 56.99774758299638, 57.724369219346116, 64.45096238938986, 68.72406539997647, 71.70552885802373, 75.43878883315774, 78.25357155611182, 77.933164725956, 70.22485137789177, 65.0652910666778, 60.24262032900284, 58.701525902339796, 61.04461194863968, 65.70114013582776, 70.8838510767543, 104.3144945687564, 101.34722609661347, 104.95053075308984, 104.90368129738161, 110.12844073341226, 116.11852576241861, 113.97676931423226, 99.1605279663803, 91.04725930285296, 87.17772803325589, 73.90343654822125, 62.852760839799096, 56.05301334748316, 46.37321718963707, 49.088635999219896], [48.723918436506665, 56.45991313763082, 64.60055689050839, 72.38383993822731, 64.06111712175834, 55.49081746877706, 49.25083449640123, 7.659601930437246, 7.567402441320931, 12.914622550432279, 17.34669566809106, 24.833098088780847, 16.965060450950624, 8.476441504261913, 0.0, 48.17964593138125, 57.74122883489361, 64.47969366555466, 72.67849601322266, 79.99873226229302, 77.66714902871567, 70.94061389993985, 61.38463206976472, 53.539221256037244, 46.50683997276208, 21.18852528170816, 23.871197708787296, 26.730016831078984, 31.381931805878747, 35.26426551708317, 32.340612631380296, 27.523808751256027, 21.3199622796099, 17.22960072206866, 15.839057544855406, 36.12420718451617, 36.89623391810158, 43.88102223789757, 49.291641422535676, 52.838023939339806, 52.294871147333076, 48.64329418034488, 40.791613210162616, 33.066579635800046, 31.79903630860088, 23.43710289856588, 20.809083721207166, 75.99322456274102, 68.19538659934557, 61.42064165191041, 60.06304399778601, 55.955538589855905, 55.92483995471119, 58.11101174084847, 63.72978773578344, 67.34451103318952, 69.52318436376905, 72.27840663642522, 74.16387349889196, 73.40521516577489, 66.44329252985113, 62.42420812329273, 58.9718364118025, 58.5208993404267, 59.798109369129065, 63.08845206424592, 67.14102289495695, 96.18633484938219, 93.19362283070839, 97.37529422008961, 98.06338838504945, 104.02192627073154, 110.95746159590209, 109.98907206121628, 97.801367369993, 92.20395661306677, 89.65185905146537, 77.18027327671324, 66.79184683089565, 60.92241893305775, 51.46021307675712, 53.28940576512759], [17.570774911694077, 18.24782010898162, 26.352129477073884, 39.519073087444546, 31.537653017190387, 25.78410473570847, 23.003594073765953, 40.72161087082079, 45.36711201020856, 52.65796043974671, 60.64465553324648, 71.05127622878399, 64.2904517541825, 55.85737718057882, 48.17964593138125, 0.0, 10.639686514029723, 18.70868067310715, 29.16469147479344, 39.93893671892787, 37.19022758448831, 27.771780412951095, 17.03112674962596, 11.266748169231173, 6.939863579441673, 40.44813306869737, 47.785328772485414, 54.39026888736082, 63.893387939876924, 71.75723984926734, 71.15241709309862, 63.2665776691471, 54.33916638774251, 48.164802709678696, 42.036183589390376, 14.03577806227699, 25.78634839167471, 37.65765779373575, 45.023205362682305, 53.50949105250631, 57.885506348353296, 61.0325949165913, 63.9667358539882, 58.121863004584085, 47.70190026948865, 36.355839424121854, 29.302294492320748, 77.12806170631944, 72.06081415887004, 69.02803299066757, 72.62224113681796, 72.48445184981694, 77.45192863997426, 87.15317723434337, 86.55412370324584, 86.36759942936793, 84.4835145625847, 81.91194843047909, 79.69627692189971, 76.73717499250822, 73.39492728596522, 75.20208133415493, 79.528076592987, 85.06305909776766, 80.50117733471986, 76.17109019291846, 74.44005448590474, 61.92554491345711, 66.60575619601627, 79.64157856125546, 87.72351462971424, 98.3828668684231, 111.33156592586597, 117.08058082855496, 115.41613622153476, 124.53518993611638, 127.85519787940981, 118.605927080409, 110.60850229448805, 106.55300518107559, 95.43394015633895, 89.19272755361538], [18.76871300717164, 14.96036282168865, 20.542022764391, 33.88961497180754, 27.915942548281222, 25.166737341963774, 24.526881373526923, 50.18731608509514, 54.925030717443875, 62.260354241031536, 70.17515371866558, 80.24259733156586, 73.8946973637026, 65.60628879942519, 57.74122883489361, 10.639686514029723, 0.0, 8.317008953849998, 19.074989264861227, 30.521917435922422, 28.003840185060138, 18.392090370445175, 9.026713620624118, 9.132494477156278, 12.673724680804176, 50.147079874780204, 57.159437446531555, 63.45691211304988, 72.56376269915312, 80.21781165481653, 79.95388956960217, 72.38402050874403, 63.80546690882593, 57.81505446620624, 51.80697152238732, 23.846250596039244, 34.593722388378225, 45.16924850945427, 50.8706886913947, 59.47416369024931, 65.17238664349657, 69.31011227958443, 72.74445990530971, 67.43623787949116, 57.41880639889217, 46.56515200876246, 39.66294125058293, 80.97161820834435, 77.206444469913, 75.56981720372785, 79.85172382959712, 80.33141129174254, 85.5659855312515, 95.45542209938375, 94.30020808862315, 93.65274527549585, 91.17797417814052, 87.74385491038596, 84.47663625238718, 81.12293728914163, 79.19267349178448, 82.17397352089583, 87.34367561343844, 93.1795120829653, 88.26197666510913, 83.08662926916219, 80.18908007733717, 53.027181529689074, 60.156505401679865, 75.84431706149117, 85.86684663726034, 97.78202362669323, 111.90690015659055, 119.35936838195433, 121.24073791410432, 131.56601159889178, 135.26982934793398, 126.44151865059588, 118.58401242287391, 114.70290775454363, 103.2997801227479, 96.3901910619079], [21.10634777649011, 14.741838122892986, 16.573262999797386, 28.864897750965355, 25.137792113790162, 25.201598018700107, 26.20475711981977, 56.86833290018054, 61.93212843452291, 69.44088140092109, 77.23786278163364, 86.85121631894755, 80.74794622871181, 72.53439873288781, 64.47969366555466, 18.70868067310715, 8.317008953849998, 0.0, 10.84269241933709, 22.566104733254605, 20.181341763280408, 10.740247213241648, 6.393105227839441, 12.61850724509682, 18.970531416438867, 57.852432734460606, 64.75249598327146, 70.84580586652436, 79.57013861437656, 86.89182578369194, 86.77232547075633, 79.5623295958994, 71.2237701991278, 65.28615059769288, 59.3080987778522, 30.974800494895863, 40.967503104493034, 50.518211743809246, 54.62181098511886, 63.145538922510845, 69.96973684668937, 74.84239335980536, 78.41398019292899, 73.60836167142818, 64.19512556741412, 53.76127327542518, 47.228403773493746, 82.60393052147509, 79.98836989384016, 79.57188619858191, 84.34138461782753, 85.29112457525277, 90.6266406936966, 100.4940857337014, 98.941141931863, 97.95435763022873, 95.03348306950913, 90.95493309997296, 86.81918928402632, 83.17842829914044, 82.47933480892758, 86.39276412159128, 92.12930966206788, 98.09040783354044, 92.98643611935236, 87.23542065186724, 83.41123465764797, 45.55709019934997, 53.87374619442265, 71.29294120073976, 82.68189137734791, 95.48689559415992, 110.42038314787155, 119.18447609963715, 124.10469322897846, 135.22161946563864, 139.2839123439322, 130.9293653852149, 123.35685475512851, 119.83942744029511, 108.69446682122741, 101.98942512276781], [26.855888644923464, 19.676497722345687, 16.409193090399814, 24.261690281138964, 24.76573097158558, 28.337395239987906, 30.7814981389735, 65.08477365581558, 70.45508018151534, 78.1255278048116, 85.71036357509826, 94.64392951138288, 88.93876284013325, 80.90472174033893, 72.67849601322266, 29.16469147479344, 19.074989264861227, 10.84269241933709, 0.0, 12.063769187997337, 10.416136570248392, 5.505603636588907, 13.768491698490944, 21.057924467610313, 28.20055923775502, 67.35496703914485, 74.07945226405988, 79.86517811042286, 88.00638484731206, 94.80702741727004, 94.8672147863107, 88.20542522603522, 80.23984501877078, 74.40243285124343, 68.50374922275616, 40.39966290253953, 49.826649443525845, 58.384287593923844, 60.545864581624514, 68.80541246249432, 76.920670804022, 82.48618254447743, 85.85624814728605, 81.60577639558763, 73.1062816999954, 63.00939260899406, 56.70305277751044, 85.50850958151304, 84.38045815612688, 85.45421508440494, 90.67672875547684, 92.08937770638197, 97.37564086737825, 106.92493657207001, 105.08046478169635, 103.78824965610502, 100.42467333882087, 95.68959944432252, 90.51602676248896, 86.57206898894553, 87.42604071641651, 92.3597059594496, 98.54877115802343, 104.44407725696546, 99.31820633561648, 93.09575408518072, 88.25367023828204, 35.3879672074018, 45.513192378618136, 65.4975567737997, 78.69325733051556, 92.68910272191327, 108.54759780299364, 118.99057337445385, 127.97599885701527, 139.47576986400452, 143.73905416198332, 135.9252185230893, 128.63685743968585, 125.52562758551294, 114.69884650000577, 108.36559020078286], [33.41787982993189, 26.819228638816014, 20.52640152513189, 20.679358285075992, 26.21142886965903, 32.51204468034696, 35.855931847431116, 72.52685569802601, 78.35896836808273, 86.24337887192307, 93.49371968064726, 101.47400993515478, 96.16502237176775, 88.36113821355747, 79.99873226229302, 39.93893671892787, 30.521917435922422, 22.566104733254605, 12.063769187997337, 0.0, 4.4661387974846924, 13.505513208336401, 23.88379117763384, 30.472947307986292, 37.70062459836783, 76.76031100832, 83.37137629758243, 88.84489886198229, 96.29187767129258, 102.37094140130549, 102.49829928996881, 96.54104321170111, 88.97649896486237, 83.20741831143003, 77.3889522783689, 49.62393502318132, 58.28410924383449, 65.75374368236572, 65.68065301859491, 73.44952189772478, 82.92198893450805, 89.09885060065564, 91.93869394097402, 88.37191747398583, 81.17576290634113, 71.56390779406898, 65.75508365091483, 86.84527274258653, 87.39029039586885, 90.10558330710448, 95.68531877863417, 97.52853602151976, 102.59190966641114, 111.522465525812, 109.47286400055023, 107.92307003955018, 104.16351952987971, 98.84548315770222, 92.58972044454136, 88.38775321398396, 90.96532278339659, 96.90481085842372, 103.37819895484151, 109.01099031865934, 104.03167959909563, 97.49683324598676, 91.64923336356098, 24.614173162385306, 34.83746573733896, 57.290331681491516, 72.19541178291269, 87.35044884344782, 103.9766779675571, 116.11697661611517, 129.65441451831313, 141.14243188938786, 145.59245061094427, 138.51216192246088, 131.72192949147643, 129.28390731527813, 119.34880423433702, 114.21512322805785], [30.208140618086063, 23.261405997575835, 16.44868791133873, 17.5230291657698, 22.260141428653075, 28.670116940665086, 32.37201785193112, 70.1415855447238, 76.22939206068544, 84.2381624508092, 91.55624745871772, 99.67070451612783, 94.04704640821713, 86.06654710902718, 77.66714902871567, 37.19022758448831, 28.003840185060138, 20.181341763280408, 10.416136570248392, 4.4661387974846924, 0.0, 10.126656472418373, 20.637198364448356, 27.298911298711328, 34.695782261234264, 74.70796200993203, 81.53907893664118, 87.2195367669182, 94.93511277231568, 101.15638025915055, 101.09890142211195, 94.95046403995721, 87.14202068442962, 81.22164083022469, 75.2829124890987, 46.544044703931895, 54.59691750240725, 61.69758173705241, 61.59718965212207, 69.3704735682975, 78.7846480495588, 85.07655047161606, 88.2571131063263, 84.81760467989288, 77.53924303838868, 68.2933498787268, 63.05693612352576, 82.97862469222605, 83.34739575654977, 85.98181618466664, 91.6250159466441, 93.55101220025993, 98.74972388834195, 107.97244410635898, 105.69307404699411, 104.04045200037147, 100.21828215186746, 94.84725398331075, 88.68203913831432, 84.49450446105953, 86.91519420937557, 92.87370249610774, 99.52442412276102, 105.37434503048492, 100.18789767044804, 93.48245180054643, 87.61956086766978, 28.64605978714569, 35.73253300656266, 56.33540239905623, 70.54650726956675, 85.21182262074716, 101.65732822396785, 113.36731391663018, 125.96709254852762, 138.19891100643176, 143.10683455481256, 136.21057076427005, 129.73429780193507, 127.58184408519907, 118.20578150850433, 113.66425198170903], [23.591271487267747, 15.838317152641125, 11.409480732799892, 20.258991588680367, 19.78904149509344, 23.67598528567371, 26.800296718069635, 63.307108682186204, 69.19401420304075, 77.10680514984668, 84.69010718505979, 93.54902165787229, 87.48222231225996, 79.25096545855295, 70.94061389993985, 27.771780412951095, 18.392090370445175, 10.740247213241648, 5.505603636588907, 13.505513208336401, 10.126656472418373, 0.0, 10.984318688225002, 18.42784678939946, 25.96388497138244, 66.65897061185119, 73.6881147783024, 79.6958231392696, 88.03325152241008, 94.82684542203874, 94.62000413821708, 87.88054228256387, 79.66579637934204, 73.62007674029108, 67.56456243056779, 37.995650833414686, 46.28785724474603, 54.076046401407645, 55.719943247579224, 63.89413705230144, 72.22875592990465, 78.09318295700501, 81.80821437933245, 77.8999258807716, 69.60051966301725, 60.16152453201372, 54.88263292373756, 80.24165880604828, 79.19856117802057, 80.49551870661249, 85.87646805740181, 87.49285801402742, 92.91075844529911, 102.71505834824545, 100.51424260477665, 99.03038699274943, 95.50263325667827, 90.58492736609051, 85.32153522078048, 81.35346742976937, 82.33484480235005, 87.49771288694329, 93.98138458884704, 100.10947656119438, 94.73832496383103, 88.22469423431383, 83.1594538960139, 37.90640254601901, 44.41125202010478, 62.41676168004728, 74.92183987295691, 88.42862606562136, 104.12659622027779, 114.29550584805166, 122.9469424348638, 135.41018802980992, 140.34098642912187, 132.9650249284918, 126.25131604258829, 123.72589793348546, 113.97089587599419, 108.88049949228372], [15.791654024884572, 8.757855832472297, 11.744383276880104, 25.104695590690778, 19.69935408256532, 19.00205062358821, 20.313967614776907, 53.72628119731129, 59.49460718951815, 67.3461229804125, 75.07784464016224, 84.43602279681747, 77.98565107263633, 69.57954933156662, 61.38463206976472, 17.03112674962596, 9.026713620624118, 6.393105227839441, 13.768491698490944, 23.88379117763384, 20.637198364448356, 10.984318688225002, 0.0, 7.960378570088797, 15.353349423337761, 56.47514449753223, 63.71629901324328, 69.99397973882142, 78.7823419399281, 85.93481881514208, 85.50315476985752, 78.35275530396616, 69.809372739808, 63.635483522851445, 57.4848187790733, 27.350325439322674, 36.173412260277715, 45.068746048262334, 48.49113698127112, 56.97486900906529, 64.16850393575764, 69.31996718291693, 72.9783115380899, 68.52868338251017, 59.53770054429013, 49.72620677752022, 44.37691205586173, 76.21673694464894, 73.65970531997661, 73.47557567311408, 78.35789592842231, 79.4614499992688, 84.83668158249424, 94.7983707142654, 92.99968488170165, 91.88718410893001, 88.85201019340535, 84.66410758009145, 80.44037595054327, 76.78963520814898, 76.21230677009612, 80.31809575995838, 86.23024278391841, 92.30318348208087, 87.06639972883688, 81.13800705237986, 77.12978039339157, 47.45239288367268, 52.17419546833555, 67.41250693345673, 77.87381063526867, 90.1303153939333, 104.7689523308551, 113.14796473045993, 117.76481873255524, 129.4418313634574, 134.05795230346104, 126.13652307017425, 119.14857717189697, 116.28563001939554, 106.40303911359722, 101.3320201442451], [9.906165286209598, 7.136754765593813, 15.168804592239432, 28.26264093281139, 20.711449791438888, 16.43926863528527, 15.405286540993457, 45.88149805712368, 51.811017789743836, 59.761068879906794, 67.47085579869888, 76.83188594730133, 70.20385350435667, 61.73129734933973, 53.539221256037244, 11.266748169231173, 9.132494477156278, 12.61850724509682, 21.057924467610313, 30.472947307986292, 27.298911298711328, 18.42784678939946, 7.960378570088797, 0.0, 7.608111266510434, 49.28797656280847, 56.68786567049087, 63.0502114725744, 71.8859226354296, 78.99212043321258, 78.35339125817109, 71.18248258423222, 62.52877100653615, 56.24851250050544, 50.03391786189546, 19.574059534559154, 29.091028693108722, 38.96774101910616, 43.10967341625507, 51.67248782259809, 58.353497033794476, 62.91107827217191, 65.90874567166951, 61.12845851199065, 52.20391444640928, 41.98872459571813, 36.60684013481963, 72.50992629535712, 69.11536078841301, 68.10710766945449, 72.53689980933935, 73.20388440526747, 78.30729068831884, 87.9539072461598, 86.65467244018721, 85.91278049081777, 83.29514570269801, 79.71147701687292, 76.10660959653809, 72.69157422668559, 71.25201153962078, 74.62086624443727, 79.87987478330342, 85.61616820511838, 80.7408686164799, 75.45984780175387, 72.1883731512632, 52.99169837392925, 55.7342429693353, 68.93314141635459, 77.88978723444431, 89.34310730473615, 103.14530977938259, 110.33937747387185, 112.78071803952596, 123.17861903658398, 127.36590492733805, 119.10591833874189, 111.95528740314342, 108.9841732581302, 99.32276377325334, 94.90449915305956], [10.82164025947467, 13.273027419930578, 22.03895611314808, 34.446750836236575, 26.00431647009975, 19.511121431306528, 16.17072738454857, 38.87482667649217, 44.62283806398122, 52.50310059342168, 60.27894116183723, 69.93201411262474, 63.11400048238319, 54.579701191250656, 46.50683997276208, 6.939863579441673, 12.673724680804176, 18.970531416438867, 28.20055923775502, 37.70062459836783, 34.695782261234264, 25.96388497138244, 15.353349423337761, 7.608111266510434, 0.0, 41.92823164120169, 49.45292088048604, 55.945597778058236, 64.98599569719434, 72.24748413778316, 71.44888925772538, 64.07474514826981, 55.25509718783078, 48.904634703136324, 42.6460371821881, 12.200611818987646, 23.386810212971415, 34.7384900122678, 40.397444627496455, 48.916903291843596, 54.480887442695526, 58.13451633603036, 60.549156743683994, 55.187702238232795, 45.90548721779656, 34.963418596723656, 29.041940883921203, 71.6307095375475, 67.15287798960073, 64.93912308517967, 68.75850892025494, 68.8481356310985, 73.68270036080881, 83.07551265154476, 82.37262815799636, 82.07942430617265, 79.99878230550162, 77.17661174778755, 74.44739769101196, 71.35677569767928, 68.73144800987686, 71.07205159766804, 75.53632952816194, 80.93592892222452, 76.4465835659521, 71.9594894930081, 69.70836071352512, 59.43225427806833, 61.58456758270924, 73.39096809630227, 81.05493275118248, 91.67792029847617, 104.60189859930148, 110.53394958222854, 110.25116235822598, 119.30662800858198, 122.9179705011572, 114.12605158886305, 106.61206374916863, 103.25372908909766, 93.35978684828433, 88.96207677318993], [48.431549164842906, 54.47513451236344, 63.304032802987116, 73.98690690231197, 65.52504525051692, 57.26390544584106, 51.36112137564329, 19.599852680946153, 14.343308946626923, 15.893655127429188, 23.50074723475654, 35.80641279234949, 29.946233111850063, 23.922687357205962, 21.18852528170816, 40.44813306869737, 50.147079874780204, 57.852432734460606, 67.35496703914485, 76.76031100832, 74.70796200993203, 66.65897061185119, 56.47514449753223, 49.28797656280847, 41.92823164120169, 0.0, 7.994228536559984, 15.124979528578146, 25.551251397655303, 34.26857880172688, 32.980492023589115, 23.887370910219026, 14.420962412822346, 8.851058378400234, 5.425072665864025, 32.50171579016286, 37.66171902049978, 48.11161890254849, 57.60540344799756, 63.00941917273708, 61.59075733212781, 58.519626888501996, 54.97917587715237, 46.47323296242406, 38.8667721974911, 27.156303742329534, 17.060930744347715, 89.0609391222188, 80.69428399454775, 