{
	"dissimilarities": [[0.0, 7.441497104820842, 16.554587159493742, 26.976709739683116, 18.35407073577382, 10.639311412348313, 7.744485624801366, 43.781082325648896, 49.4512369744853, 57.77230208719408, 65.16908512285738, 73.86180949312185, 65.90176947913498, 58.555467757916254, 50.3403212052626, 17.125480861420094, 15.301230182495651, 17.93213304596313, 23.35766648778223, 31.0376345660009, 27.719791510926644, 20.25060572227794, 13.582706828532338, 8.118615711642043, 9.812590558746145, 47.75483383876798, 54.92485136573714, 60.97506188520403, 69.20900032499591, 75.4383161448638, 74.86013032808656, 68.51873473304991, 60.35685654931556, 53.950537234804266, 47.63673003411127, 20.618839503774748, 27.084199959278862, 35.81052293535892, 38.21014629876668, 46.72592214600767, 54.16517034153499, 59.225339409536616, 61.346105130431944, 58.18777709533168, 47.87464694374555, 38.491043763355094, 34.94459412475713, 68.30431841637034, 64.94062673924601, 65.17938139170671, 70.9897687040349, 71.83023341244485, 77.0809462785619, 85.27667144285513, 93.60308881785448, 96.55713023087766, 94.5186749676759, 91.78522235032327, 82.49023978533593, 71.56752604654953, 72.32586467190484, 75.79150313570155, 78.88457352662914, 84.70706570649922, 94.25706062588752, 92.14128139492847, 88.20607205556944, 59.22776137861821, 63.66038189655393, 72.84089770390005, 79.43675655567075, 91.02384169792282, 103.24144886208586, 116.24258747519026, 111.82735914218698, 134.21975202580296, 124.10108942486357, 121.32888431047547, 114.49273019843558, 109.77422144884952, 103.11477929580586, 92.66811272747515], [7.441497104820842, 0.0, 10.191955933474107, 21.916948306706043, 13.448514275565387, 8.831814967946963, 11.543618145008002, 51.21618392796016, 56.84547754391391, 65.08965947361678, 72.5530716823645, 81.2967397713328, 73.33341736231301, 65.97738672985437, 57.766704435720634, 20.579049210483486, 15.458419877838384, 14.26058247196958, 17.56798717880435, 25.082295204679752, 21.31974821045075, 13.528653014522511, 8.872475571240871, 9.421501167165031, 14.574290459722867, 54.630959789465884, 61.83332942596148, 67.95071176534157, 76.28860481628476, 82.63015466383416, 82.13539988310343, 75.70352318012573, 67.46919622331833, 61.11360552347281, 54.81786461570209, 27.10937267867235, 32.634000136338265, 40.07601800235086, 41.36475428936875, 50.07156626192118, 57.954346892051745, 63.94106284758903, 67.03983897567754, 64.41731591176642, 53.76336159050925, 45.04595537896156, 41.99115956733443, 70.00824968831311, 67.20047027098683, 68.1588978876676, 74.68745766854292, 76.17602090259454, 81.88308503906522, 90.36873872167394, 98.32553511847803, 100.34933496421255, 97.67904091656081, 94.3781635613311, 84.36881056736138, 73.6529495946855, 75.15877368355316, 79.37129028903843, 83.09310131475733, 89.49778028803665, 98.0929553746899, 95.32982591448807, 90.82953058055239, 54.92627678312644, 60.129833686946064, 70.445061013838, 77.90170880205093, 89.98706632469454, 103.06105079545098, 116.86766933604713, 114.64290194513327, 138.87200636982234, 129.6058656996086, 127.29754021319235, 120.7871534516781, 116.47922414088875, 110.04245340709235, 99.46800293806353], [16.554587159493742, 10.191955933474107, 0.0, 12.214450786211588, 6.43282044093864, 10.945088536867576, 17.24307541326953, 59.38493636294957, 65.46330504715439, 74.00064162432683, 81.16956612158087, 89.158195737769, 81.55978718158293, 74.26100743100517, 65.9020251774495, 30.574997054411323, 24.163300450764645, 19.099501251390624, 16.260087956273363, 18.49896722315073, 14.338108774772703, 11.673875790289486, 15.03248220210488, 19.39387220209296, 24.75287614645064, 64.29364976662538, 71.38646376438037, 77.29892272822569, 85.27096029548238, 91.2621876403408, 90.81202763722548, 84.76890419978945, 76.77763827772445, 70.39473797722147, 64.08259267896145, 36.789963468807215, 40.88971666064741, 46.43892889791116, 44.40961807081392, 53.3313638022563, 62.51214527546893, 69.24817578938045, 72.48463590743188, 70.56496599796843, 61.32111378789483, 53.618394078133655, 51.36517573804283, 69.35848522937711, 67.81028599761085, 70.10482721520097, 77.57965636392242, 79.773361428854, 85.59931527174906, 93.86410059365271, 101.04548734667988, 102.13308240200608, 98.74997935311572, 94.7008864099804, 83.69007031185858, 73.52849283438404, 76.461059193555, 81.70767241777091, 86.0269159195583, 92.66667709865125, 100.10668078606595, 96.6672420519563, 91.5112004555113, 48.38109422380813, 51.4902311243087, 62.174155855231085, 70.56137887850387, 83.35393625078262, 97.48626323877411, 112.4135595390355, 114.86268374322992, 139.77452267228074, 131.88712969630092, 130.2255182049957, 124.33106933300286, 121.03196436882313, 115.76917057880215, 106.94875072372422], [26.976709739683116, 21.916948306706043, 12.214450786211588, 0.0, 10.984579996953682, 19.41617169158145, 25.41450311852319, 66.72354315991609, 73.32893955799656, 82.21421134078948, 88.83652039594973, 95.59342929003328, 88.63830863245794, 81.5269853335477, 73.08303094762579, 42.37449364960528, 35.972108265087016, 29.897143468956777, 23.917527504932004, 18.57175661319914, 15.920234809719958, 20.823317172553796, 26.891039017107186, 31.24086048959076, 36.12743993874578, 73.93274198242275, 80.7807976257914, 86.30345030972435, 93.60717654607325, 98.95741898222934, 98.52745192494204, 93.17081807488194, 85.65270302757452, 79.2679905846613, 72.99602747450791, 47.056523678352505, 50.005803223651576, 53.92818318362028, 48.170692852955504, 57.00273161160168, 67.57199981517982, 74.5342697776762, 77.08785057033354, 75.79948237377891, 68.99539647853038, 62.2760259576404, 60.71836445224272, 67.87299588502303, 67.94591087306951, 71.71209456946796, 79.9271149610161, 82.61119863272364, 88.12603876143542, 95.65905374410593, 101.85318186406339, 102.30458999175723, 98.38972688186402, 93.68325365678294, 81.7887864113184, 72.49730981026778, 77.05698992425584, 83.21319154473086, 87.8488316250327, 94.2328892917072, 100.63790499598993, 96.74816289304823, 91.10636255053168, 42.900553393509384, 40.38923081986852, 50.44984645799211, 59.808637151907924, 73.49925684119515, 88.68867930679927, 104.79905208002897, 113.29066941124242, 137.26104861363729, 130.88497102856397, 129.82719478384482, 124.65395061960659, 122.6256238456534, 119.02811532083581, 113.06472563590475], [18.35407073577382, 13.448514275565387, 6.43282044093864, 10.984579996953682, 0.0, 9.1962502937183, 16.181341834738493, 59.10367824308806, 65.65536876375796, 74.39147453268068, 81.33005071468732, 88.83973886001269, 81.19667948511831, 73.87566556629281, 65.44909000891039, 33.731104146523116, 28.66041015277745, 24.942799420766985, 22.65114672834539, 23.43186206271668, 19.392472999848266, 17.88836060540655, 20.105714846236182, 22.71266992368449, 27.217125905141177, 65.4556533133367, 72.69843751289194, 78.65459391466213, 86.53351800712328, 92.25649755314363, 91.5309491130092, 85.66989295318449, 77.71870611358914, 71.13350959654858, 64.77835071415973, 37.501040063056614, 39.63717841502999, 43.60362359993314, 39.660782383082356, 48.56010347880911, 58.327574980275074, 65.37431729069517, 68.81600124187833, 67.4710187625317, 59.10562232775318, 52.540050334735675, 51.7445696788251, 63.214051218886695, 61.96403232315454, 64.66922782171812, 72.46701031749524, 74.97268825661992, 80.90375916573112, 89.19010078077065, 96.02980929534894, 96.61242392055745, 92.97463650222048, 88.72323141630139, 77.51517096047215, 67.4857133706261, 70.78550155862104, 76.37023567015682, 80.94390867486791, 87.79273332220545, 94.64905348478543, 90.95907241516136, 85.61833713593757, 51.87343761625762, 51.02080623592377, 58.78652895424029, 65.91002446914587, 78.0125634833958, 91.77769397870154, 106.44352791563323, 108.85959177575567, 134.9086753572221, 127.72769732610561, 126.80994950818811, 121.5793236420016, 119.0868560187719, 115.37681467478156, 108.4240182831003], [10.639311412348313, 8.831814967946963, 10.945088536867576, 19.41617169158145, 9.1962502937183, 0.0, 7.36755283736398, 50.493036535096216, 56.946745262158906, 65.58713618275931, 72.64828003338046, 80.54502635124314, 72.60593635647723, 65.215268224399, 56.833276776279114, 26.496102952260756, 23.51719838465375, 23.026840871598473, 24.643152373968515, 29.051313295885418, 25.095188441272285, 20.013689076429685, 17.430881812760763, 16.30530173901655, 19.41719797747165, 56.52423826995684, 63.88185869406152, 69.97120414134822, 78.04100150355566, 83.89395596870041, 83.02793041455635, 76.97376713950801, 68.88489703762488, 62.232217984886944, 55.86364850417741, 28.43529216867847, 30.753257142826126, 35.919934642043295, 34.20750876764161, 43.13357905096115, 52.09193009430421, 58.4704537630334, 61.622548609040784, 59.74903877272145, 50.61337757593047, 43.486882437386015, 42.63501352476818, 61.46612933441803, 59.038520213162776, 60.542532667048114, 67.52019863341626, 69.3727076210094, 75.1548371771129, 83.5967624013218, 91.1117652691273, 92.59773872922382, 89.64364413562731, 86.10130556840613, 75.82838003165948, 65.23484208093372, 67.23743836678982, 71.88580336382358, 75.89266748261868, 82.4847416777913, 90.44327479440862, 87.41137391871177, 82.70002036155948, 57.86770993308422, 58.14976116817322, 65.0727142158802, 71.01846895072447, 82.27975252524784, 94.84987837145704, 108.32186097489146, 106.32977588308039, 131.60413663432448, 123.2478618604929, 121.87184920030361, 116.22550393982048, 113.05186313908376, 108.80572836868222, 101.12540280744233], [7.744485624801366, 11.543618145008002, 17.24307541326953, 25.41450311852319, 16.181341834738493, 7.36755283736398, 0.0, 43.133754883634104, 49.63584457109166, 58.334057851296556, 65.32185667714865, 73.183749065424, 65.25111580519126, 57.87164720845386, 49.48241720563869, 23.39712701251162, 22.787469012570984, 24.852829284898167, 28.577141306905528, 34.063625353447996, 30.511489705690117, 24.70437694318128, 19.789363634949456, 15.195132026814182, 15.820168046321282, 49.7402960954901, 57.01945370316266, 63.01187836886205, 70.95417970149576, 76.69677229291133, 75.76595964531423, 69.8047406389404, 61.81093651869076, 55.138337302694445, 48.77968432823301, 22.348585775522107, 25.286540531970086, 31.881749717671205, 31.56173560068999, 40.336793752805306, 48.781645417465086, 54.14397224551369, 56.232260533630885, 53.73144281996958, 44.88096976513303, 37.02087824951804, 35.752453529165294, 60.75462458209385, 57.65898723917614, 58.30793152489189, 64.47363668498443, 65.58964249410278, 70.88803297916238, 79.04697397832199, 87.02009604171614, 89.56581291821408, 87.31857210238644, 84.41201856143952, 74.93659165206896, 64.08751396067932, 65.21361813757845, 69.009919034138, 72.31466116974948, 78.27704877511732, 87.35078065043646, 85.04135721760929, 80.95890373954437, 61.685940553666036, 62.07444211445309, 68.36353583811729, 73.60650176117552, 84.42774133512381, 96.12881944405382, 108.77507280046757, 104.42747855186342, 127.65732330681043, 118.30599255660788, 116.35799319381388, 110.29118212483534, 106.60265396786427, 101.97365561578447, 94.2520890750902], [43.781082325648896, 51.21618392796016, 59.38493636294957, 66.72354315991609, 59.10367824308806, 50.493036535096216, 43.133754883634104, 0.0, 7.960674504993404, 16.926791206725124, 22.55084138465649, 30.502536206246752, 22.1846317110195, 14.908129354355628, 6.65768679496032, 41.90106780563254, 49.51229672679301, 57.28006227777125, 64.96485699925923, 72.35440145102828, 70.02376048928384, 63.31116786533553, 55.24448932006566, 46.55611846589641, 40.554238336073055, 19.090819885432293, 22.59252022299139, 26.119728113993567, 31.73206880942768, 35.949258405316726, 34.02598458946647, 29.231912479825414, 23.122126805736837, 17.14435969957149, 13.106914478987417, 28.494109437959803, 30.828557645683343, 38.792920185601716, 46.070796385639625, 48.88983706526201, 50.1119122928547, 46.59292680775541, 39.80097061658046, 32.19295194893563, 29.946410545833267, 20.695811808431504, 15.588894348359055, 73.32057302999388, 67.42863783776389, 63.126860666023255, 62.70253172247331, 58.70870859035969, 59.44596163396762, 64.10935841019726, 74.28579248794185, 83.53274907320447, 86.01781570432355, 87.33408251869935, 83.84575604220971, 73.66466248997955, 69.57448488174292, 67.35718949011553, 65.42836014317446, 65.99342750252298, 81.16614913215172, 83.70629371319929, 83.98508224207126, 93.89448173207717, 94.93731457817401, 98.30327394070181, 100.1281794209828, 107.90123333561456, 114.45659122777657, 121.80344864305698, 103.7832641660114, 112.8478750766067, 96.99945559753634, 90.93643948730117, 81.90946705385612, 73.88999610271127, 65.80967475937325, 57.3461802021571], [49.4512369744853, 56.84547754391391, 65.46330504715439, 73.32893955799656, 65.65536876375796, 56.946745262158906, 49.63584457109166, 7.960674504993404, 0.0, 9.198691000765871, 15.742555879592741, 25.777096654710473, 17.222078025501798, 10.595394504313086, 6.714683021931043, 45.27413832297617, 53.30170412583723, 61.492989323189924, 69.6871053988674, 77.68282776046475, 75.4993260740391, 68.40553128739808, 59.99907172822364, 51.308854153736526, 45.11518755722212, 14.649666089416957, 15.799986438532756, 18.435630322392072, 24.00577217379489, 28.698739445064465, 26.7765510000346, 21.369922691974367, 15.284065235642972, 9.937559986540109, 8.205912115778846, 32.934145496955374, 36.18537619727552, 44.49936546112654, 53.2202913064249, 55.60736041460733, 55.65165662379967, 51.41935839432656, 44.51428618150529, 36.59719339045138, 33.84739182250274, 24.844380118097472, 18.23448089197104, 80.52746859355182, 74.3368404980845, 69.52648694542435, 68.39159246247821, 63.95527496590672, 64.28289909002872, 68.53677466382825, 78.88476435751213, 88.75913234037502, 91.75294680006584, 93.53217443149343, 90.70317626499659, 80.63767090937978, 75.98328632065932, 73.1394876847102, 70.71691326494027, 70.7509578842617, 86.34216762970351, 89.37698749947577, 90.11536486311515, 98.77890332094809, 101.44910774831271, 105.72207153821184, 107.84859860884664, 115.70348792738714, 122.0900482210703, 129.10332468527977, 109.48205091895926, 116.81006357073568, 99.88416669846417, 92.85732482053906, 83.04814541497154, 73.6291136143943, 63.2161424331612, 51.63216735600312], [57.77230208719408, 65.08965947361678, 74.00064162432683, 82.21421134078948, 74.39147453268068, 65.58713618275931, 58.334057851296556, 16.926791206725124, 9.198691000765871, 0.0, 8.408006328441186, 21.06685887998315, 12.703902945776111, 9.510933168974482, 13.048070702406468, 51.91993189508178, 60.30390696869281, 68.84460510660882, 77.42993938655997, 85.89379666564963, 83.76543934233467, 76.3374676332271, 67.64913193886176, 58.9650847261817, 52.663464171056816, 15.56719158238062, 12.352761351749168, 12.24581295189654, 16.666101840730665, 21.46234550414535, 18.99744280407574, 12.808704186750274, 7.835844310306899, 6.6925378277604075, 11.24256602669733, 40.26776810226518, 43.26556340865971, 51.07744188744998, 60.86887277174137, 62.47350654920552, 61.10139526565458, 55.883605355831456, 48.71416457062798, 40.71026994539414, 38.29771333665947, 30.771436259771722, 24.878599957022058, 87.56932908800164, 81.00747789238787, 75.53846691694733, 73.42476004743297, 68.43174927481411, 68.182180169659, 71.87926073284245, 82.33211984404227, 92.8906823871179, 96.54115875083312, 98.95225115629023, 97.10725934845098, 87.29593366428902, 81.8772991212611, 78.18753862821315, 75.11030337809352, 74.46113275987761, 90.42802396885445, 94.10535469679856, 95.48354677630286, 106.73969223079162, 110.31635322556576, 114.76876460331022, 116.71953334105136, 124.25340283635752, 130.079400743525, 136.35126857938744, 114.12433110153894, 119.70666978863326, 101.7035203268061, 93.91403337990887, 83.5755141221936, 72.92943827243886, 60.84876092583811, 46.8360125491005], [65.16908512285738, 72.5530716823645, 81.16956612158087, 88.83652039594973, 81.33005071468732, 72.64828003338046, 65.32185667714865, 22.55084138465649, 15.742555879592741, 8.408006328441186, 0.0, 13.20501882436469, 6.817661725021267, 9.749755087401528, 17.081912809353085, 60.10882464021954, 68.3305004207739, 76.66037731565574, 84.98645016726542, 92.99037698665602, 90.96676107811963, 83.92481984734947, 75.45904648991781, 66.80202061327108, 60.55807490906839, 23.812921672602066, 19.285232865243266, 16.209824175031205, 15.168106040692788, 16.5166215974036, 12.984728635731514, 10.65554031794864, 12.539285978823118, 14.810919510803746, 19.6119024274567, 48.1800743004375, 50.447949782650994, 57.272866670614846, 66.08136235673209, 67.03382350840752, 65.32005403724784, 59.06020819430908, 50.28784561774096, 42.277037099098024, 43.12138780502355, 37.35700951224138, 32.82354376585205, 90.68743595985336, 84.23652544293837, 78.55336684339652, 75.61771656707354, 70.0080352844535, 68.64190722332967, 71.00444105010399, 81.23091962740594, 92.85285681303188, 97.26625786158283, 100.2793665885319, 99.33901245460308, 90.04672814249149, 84.3303362875455, 79.94049105543584, 76.01540985779579, 74.05082194880328, 90.54747465338929, 95.02617322003005, 97.0920772645305, 112.76023464967585, 115.34965537457435, 118.86716715074158, 120.18319136477605, 127.1457800633765, 132.08332663328454, 137.46071844560942, 114.2918740406425, 116.0876388926559, 97.1262121195055, 88.49122172565158, 77.70099792284903, 66.30950380645675, 53.9595727435506, 41.844993307936505], [73.86180949312185, 81.2967397713328, 89.158195737769, 95.59342929003328, 88.83973886001269, 80.54502635124314, 73.183749065424, 30.502536206246752, 25.777096654710473, 21.06685887998315, 13.20501882436469, 0.0, 10.308841544191955, 17.19180926429589, 24.49463946676629, 70.9349388351163, 78.6508766196701, 86.38139578697438, 93.98950685072988, 100.8652646918284, 99.02285583602517, 92.90365147490186, 85.0445482394495, 76.5181095756881, 70.4902881256086, 36.59600063626244, 32.20268471624359, 28.161577858064273, 23.10201226338383, 18.886312032164163, 15.585339260723325, 20.318381998186094, 25.40695875241635, 27.708317143339773, 31.697046751013318, 58.44724893275012, 59.83554067553244, 65.35482087930555, 71.74283222180232, 72.06795831643599, 70.73124731628333, 63.447328852037806, 52.20395734366475, 44.56241464131508, 50.59512240872357, 46.73779786203953, 43.668242848517835, 92.5901585302517, 86.7152955675917, 81.20209457702326, 77.49569532901927, 71.2283248588504, 68.1509285196358, 68.1866416794997, 77.69926765615128, 90.82657872114693, 96.19851454155321, 99.8697358833519, 99.93101224871067, 91.55095708641996, 85.92473356619709, 80.90051434492112, 75.88967850164528, 71.84650601407606, 88.90370105128339, 94.42019664406473, 97.30984934911825, 118.67094771242323, 118.91535780534157, 120.61708612953952, 120.89738274158684, 126.98586768403405, 130.60812980778394, 134.78875766445742, 112.0781826801669, 107.26870842412514, 87.14870419706831, 77.19238034073835, 65.73184576622675, 53.58346358906851, 42.06303759617811, 37.538670721224385], [65.90176947913498, 73.33341736231301, 81.55978718158293, 88.63830863245794, 81.19667948511831, 72.60593635647723, 65.25111580519126, 22.1846317110195, 17.222078025501798, 12.703902945776111, 6.817661725021267, 10.308841544191955, 0.0, 7.536125828155738, 15.782480284640211, 62.346662123641586, 70.48276210778002, 78.62523910318959, 86.61460668514604, 94.09637576392659, 91.95331426604119, 85.22917167724346, 76.9685997007687, 68.23115824200015, 62.05133837577048, 27.920065103707422, 24.821159307637565, 22.746354812148386, 21.670514957783194, 21.43577793935557, 17.611873033868317, 17.287872586595174, 18.6672019624797, 19.25359725748399, 22.804386603848698, 49.35886940164848, 50.198699451708556, 55.78200698359582, 63.381584057574706, 63.77667141134816, 62.05772092727658, 55.224517541336525, 45.32249334203842, 37.39206668337462, 40.94960563994273, 36.76810805711712, 34.25102828368586, 86.1787430800724, 79.83825591045151, 74.10097633067971, 70.77636354101847, 64.89034316325842, 62.95469434670294, 64.73056301990944, 74.8376678581452, 86.81423379662037, 91.5035471062526, 94.75150404622822, 94.25445697590989, 85.30376993970575, 79.47673083362059, 74.78110424308477, 70.46847984242378, 67.92415199860618, 84.60069486112134, 89.38683416830628, 91.74221591709549, 113.93844582521147, 114.59850007217307, 116.53229214108134, 116.92280081039598, 123.14662385508112, 127.34475240357733, 132.05695975894216, 108.25104079030838, 109.39181984545465, 90.53371200262839, 82.32886179710793, 72.03372032612486, 61.43808030421362, 51.796516109517576, 44.742321016995206], [58.555467757916254, 65.97738672985437, 74.26100743100517, 81.5269853335477, 73.87566556629281, 65.215268224399, 57.87164720845386, 14.908129354355628, 10.595394504313086, 9.510933168974482, 9.749755087401528, 17.19180926429589, 7.536125828155738, 0.0, 8.4591604378979, 55.223814837585564, 63.37221946667927, 71.53814320616944, 79.54280051937657, 87.13114885310036, 84.86528121973618, 78.00551317085372, 69.69395377751471, 60.91123494683756, 54.73086102446207, 22.642850924142504, 21.48814086579504, 21.586927434719975, 23.689479183583266, 25.73622982061458, 22.507825984367706, 19.525416371628467, 17.16579268976443, 14.992559162765073, 16.845044031935387, 41.939505218710885, 42.79768410052395, 48.83062712579273, 56.694427004732, 57.597502865550645, 56.41350804149791, 50.38193786434818, 41.414751651092544, 33.31735306001493, 34.98685106186148, 29.670584632270472, 26.99952148093119, 80.98573022126351, 74.61352403728367, 69.12460308748943, 66.55314431343771, 61.17621207412929, 60.16169510783461, 63.098327389798115, 73.41450449814246, 84.47736566177505, 88.4742239326615, 91.16070171229902, 89.81916186657183, 80.42330725320262, 74.92845634334802, 70.8777626235337, 67.28905607906987, 65.86466019091151, 82.15054665572252, 86.22455637752802, 87.95591691508595, 107.851227387578, 108.60347633874018, 110.8373441610321, 111.53629194941531, 118.11759751783502, 122.9783193855312, 128.42374884809078, 105.71810251991883, 110.24172950454194, 92.424260279388, 85.1693448055977, 75.45100552803989, 65.87656467448723, 57.091837672768506, 49.35209053767942], [50.3403212052626, 57.766704435720634, 65.9020251774495, 73.08303094762579, 65.44909000891039, 56.833276776279114, 49.48241720563869, 6.65768679496032, 6.714683021931043, 13.048070702406468, 17.081912809353085, 24.49463946676629, 15.782480284640211, 8.4591604378979, 0.0, 48.059890776024375, 55.92193487876051, 63.8439426058656, 71.61022588530011, 78.98859291605795, 76.65856536400972, 69.9371887616275, 61.79685335912207, 53.0521492456266, 46.98231621268173, 20.401976840064986, 22.009191958552364, 24.238343576263727, 28.510876669594012, 31.79601706975177, 29.29381315725197, 25.247471540700584, 20.43012825019645, 15.565169941921548, 13.960522244011973, 34.463481886196604, 35.63738314653053, 42.37229350565716, 49.73148723484567, 51.52460647160249, 51.62414125645838, 46.80545304311407, 38.723265863705684, 30.724245941815415, 30.789502995470468, 23.68066633888367, 20.44356578360507, 75.38951099981449, 69.26178855823505, 64.37778526449164, 62.91490201655875, 58.23103983856358, 58.1257572882535, 62.01713084213091, 72.30442650569485, 82.41276089832192, 85.60223603244062, 87.5614515561681, 85.09068326423096, 75.27736196951489, 70.50499989472067, 67.40287881295906, 64.67136908935696, 64.30477502375764, 80.06462942333013, 83.32530521005914, 84.28864357799749, 100.18310455902, 100.69400617756052, 103.20240303963178, 104.31449954746307, 111.3999016538774, 117.05767944016789, 123.44151395776578, 103.16422936553069, 110.31089425683642, 93.6521640124305, 87.20194318857192, 77.98829065117789, 69.49609850976977, 61.603238598679, 54.13603401827948], [17.125480861420094, 20.579049210483486, 30.574997054411323, 42.37449364960528, 33.731104146523116, 26.496102952260756, 23.39712701251162, 41.90106780563254, 45.27413832297617, 51.91993189508178, 60.10882464021954, 70.9349388351163, 62.346662123641586, 55.223814837585564, 48.059890776024375, 0.0, 9.650143409212633, 19.50109657741218, 29.53817950313941, 41.05945218036787, 38.20082197424167, 28.128214181063008, 18.258662529138466, 11.18978939324655, 7.610408276665715, 38.690371670631194, 45.826723747509014, 52.38061037577467, 61.68459870439805, 69.09390301749283, 68.72494526058627, 61.195851581856765, 52.44153497179885, 46.63797008724564, 40.80755098887678, 15.666533294952712, 26.297375341127278, 37.82892497393576, 46.832760993417644, 53.92303128667195, 58.014897778545304, 61.96926259353849, 64.81394223363408, 60.61126186739878, 46.57570753069679, 35.42241397601881, 29.02777972362697, 79.6456509046339, 74.76817091851171, 73.17694530289437, 77.50267310877788, 77.52467005288469, 82.80903482270993, 91.49991692586472, 100.8238733257497, 104.57889283276316, 103.29477679711562, 101.44044519138447, 93.497450430766, 82.24529800726766, 81.08117059147098, 83.1414908857531, 85.57520005657892, 91.33755409946595, 101.91264957623123, 100.46992364529517, 97.28685208122329, 68.93665269387519, 78.73174990867001, 89.78670078203905, 96.53293070543886, 107.79681157882406, 119.4205148747129, 131.51383982111173, 121.44951649632146, 144.0529824091707, 132.10764686693054, 128.28817770931758, 120.37931182927278, 113.67892992958231, 103.90871631179716, 88.0586460722656], [15.301230182495651, 15.458419877838384, 24.163300450764645, 35.972108265087016, 28.66041015277745, 23.51719838465375, 22.787469012570984, 49.51229672679301, 53.30170412583723, 60.30390696869281, 68.3305004207739, 78.6508766196701, 70.48276210778002, 63.37221946667927, 55.92193487876051, 9.650143409212633, 0.0, 9.90754206779315, 20.12109462741709, 32.098765961270935, 29.429700834059197, 19.280516844538788, 10.034203556041055, 7.764302063477756, 10.580939579315535, 47.5361826895565, 54.358951773585055, 60.570210249687776, 69.47097433372043, 76.68664079526086, 76.60917763801412, 69.40858041374877, 60.93913934678819, 55.2502519954599, 49.39073828310185, 23.897617255337693, 33.55835806995391, 43.96177080683465, 50.48403059130109, 58.34240007971816, 63.801935819679834, 68.66880779084735, 71.71847937963733, 67.91390826579102, 54.7089337481122, 43.99850091045113, 37.84740815582989, 81.9338577402283, 77.93130799947961, 77.40209220219032, 82.67973598416047, 83.3053880953658, 88.81437842548806, 97.4602000222123, 106.3402683456072, 109.46396231743503, 107.57892538320867, 105.06891820904497, 96.12714031801247, 85.05221303546648, 85.03675243896154, 88.02544560616452, 91.01890825151321, 97.06080373108534, 106.94063482098733, 104.91702665160962, 101.12002517617302, 60.314471116439535, 71.76891804399881, 84.79161887081563, 92.9418831013101, 105.20795920199885, 118.00640339495475, 131.30631288896566, 125.30518214117126, 148.23637607985523, 137.0868762953104, 133.3928318379037, 125.58529798969853, 119.29079885001349, 109.51196658589166, 93.94201242860164], [17.93213304596313, 14.26058247196958, 19.099501251390624, 29.897143468956777, 24.942799420766985, 23.026840871598473, 24.852829284898167, 57.28006227777125, 61.492989323189924, 68.84460510660882, 76.66037731565574, 86.38139578697438, 78.62523910318959, 71.53814320616944, 63.8439426058656, 19.50109657741218, 9.90754206779315, 0.0, 10.348603238010918, 22.744591169092597, 20.39255796286964, 10.74371126956058, 6.454677006686546, 12.887202860944264, 18.377065258207825, 56.68811500469861, 63.28630390431445, 69.19194757406915, 77.66734610559392, 84.60370316442388, 84.73683298477127, 77.91132454776623, 69.7259855229795, 64.08529729534669, 58.1864331779047, 32.622606165491696, 41.37203681251347, 50.65764985288378, 54.66610521794903, 63.06985101196766, 69.78851482522914, 75.37683575841412, 78.46556683448522, 75.05781420682749, 62.85531400386994, 52.60121874374143, 46.783667170207934, 84.13647089090796, 81.08541220260201, 81.61917084548496, 87.74980239760096, 88.9202674997063, 94.55348756018081, 103.04907489821103, 111.42586474617872, 113.95028230299992, 111.50460035106711, 108.3700937696843, 98.50510734559856, 87.73067903353518, 88.87491935663218, 92.73170282844707, 96.21090783236279, 102.42922843155083, 111.59777982849401, 109.04304833626435, 104.68377030150002, 51.34313060488003, 64.23353373033441, 79.2072034615929, 88.76890904808056, 101.99337011881313, 115.91457373479534, 130.38047443268874, 128.6804769361177, 151.69761912122402, 141.43171974169312, 137.92596374196074, 130.3113590729867, 124.54664201066788, 115.04099010020886, 100.24234711730732], [23.35766648778223, 17.56798717880435, 16.260087956273363, 23.917527504932004, 22.65114672834539, 24.643152373968515, 28.577141306905528, 64.96485699925923, 69.6871053988674, 77.42993938655997, 84.98645016726542, 93.98950685072988, 86.61460668514604, 79.54280051937657, 71.61022588530011, 29.53817950313941, 20.12109462741709, 10.348603238010918, 0.0, 12.749402664747118, 10.841302116859021, 5.636358632493235, 12.809840799220499, 21.072540868687433, 27.105991611588223, 66.04836368658786, 72.53813616183305, 78.20284332309613, 86.26221549357857, 92.83671981181375, 93.07009373538095, 86.65887801221363, 78.7332868331709, 73.04431756767967, 67.0723176232944, 41.37192183494372, 49.07293284833594, 57.14230702710413, 58.51825754210759, 67.27785933089052, 75.20995201214714, 81.41635827866781, 84.46234068312893, 81.52738921959558, 70.53165716918589, 60.880124574962515, 55.6482336161533, 85.35394021875345, 83.35196365819351, 84.98672191944827, 91.91884064101646, 93.62656821156284, 99.31873984935484, 107.58136195015199, 115.35250679939003, 117.2264959839035, 114.2187921815601, 110.46089315477681, 99.72475935120664, 89.3911230071356, 91.74055456908846, 96.45105225799578, 100.38749919469821, 106.726469499431, 115.07812498447761, 111.99933901507372, 107.1000794994129, 42.33459932720599, 55.72757092157534, 72.36128783693255, 83.23576826284734, 97.30608511049279, 112.26824296536098, 127.83750672610036, 130.68964261493437, 153.7451232860781, 144.5571411433234, 141.40987952492762, 134.1713430127122, 129.16754800719997, 120.41640639963407, 107.08056236397366], [31.0376345660009, 25.082295204679752, 18.49896722315073, 18.57175661319914, 23.43186206271668, 29.051313295885418, 34.063625353447996, 72.35440145102828, 77.68282776046475, 85.89379666564963, 92.99037698665602, 100.8652646918284, 94.09637576392659, 87.13114885310036, 78.98859291605795, 41.05945218036787, 32.098765961270935, 22.744591169092597, 12.749402664747118, 0.0, 4.620202788995415, 14.516220749282299, 23.935639376353183, 31.457162245525787, 37.31734654498889, 75.82877368638691, 82.13550380651574, 87.42965915883684, 94.83644739742897, 100.80298437397042, 101.11008198320053, 95.36131284324821, 87.86643185240901, 82.12193020811965, 76.10078915289894, 50.967215796256816, 57.65658622755795, 64.50371753340934, 62.68935265846452, 71.66041861292113, 80.9886302224157, 87.51494195905389, 89.95311747768679, 87.4852406334484, 78.51436251882869, 69.52041959760506, 64.87171865529577, 85.75317653942086, 85.0982423480483, 87.99461101034998, 95.6469093711714, 97.78205421151637, 103.23816938603585, 110.88850540582078, 117.85608062777065, 119.25018725997408, 115.77542115822564, 111.42219316094973, 99.8542321264916, 90.2074319077536, 93.9683045861739, 99.50236821517531, 103.7310966863114, 109.85185020292793, 117.4132407676926, 113.93876913672635, 108.58759584581986, 31.692780632255687, 43.73587574964033, 62.191705863508815, 74.63052192188896, 89.71647998290092, 105.74749775980402, 122.50608275356485, 131.22546114952263, 153.0844450962571, 145.16212207710342, 142.36775642279977, 135.61951661341186, 131.64178601644937, 124.10569911086745, 113.27007798629087], [27.719791510926644, 21.31974821045075, 14.338108774772703, 15.920234809719958, 19.392472999848266, 25.095188441272285, 30.511489705690117, 70.02376048928384, 75.4993260740391, 83.76543934233467, 90.96676107811963, 99.02285583602517, 91.95331426604119, 84.86528121973618, 76.65856536400972, 38.20082197424167, 29.429700834059197, 20.39255796286964, 10.841302116859021, 4.620202788995415, 0.0, 10.939885966588909, 20.566610943202527, 28.16569291036537, 34.186432470192656, 73.53354670100964, 80.09800040814561, 85.6261042048079, 93.2945267954871, 99.3698195857126, 99.48611577427138, 93.55620429999793, 85.84717323825357, 79.92883111151183, 73.81383666627544, 47.80149546221943, 53.901897039042446, 60.38927452020166, 58.68302018065372, 67.61091218760949, 76.81530405356449, 83.53191174605125, 86.42199192875691, 84.14209545835983, 74.81317693271491, 66.15423527537267, 62.09556450535057, 82.13730100905991, 81.27149287711406, 84.05174550317581, 91.72835490989192, 93.97272486774118, 99.63765502283343, 107.56307088968431, 114.57759230373124, 115.72186094250678, 112.1681576133702, 107.81721101343989, 96.3167381026778, 86.55837781138878, 90.14450831929021, 95.68438577705295, 100.04094551616222, 106.43760370852631, 113.81922241783876, 110.24235513366224, 104.85654941028665, 36.13099989286588, 45.9043508557631, 62.509118809308646, 74.0289616144819, 88.56685127389767, 104.24532817196952, 120.63315506896292, 127.77587333733359, 150.98510693748344, 143.1600297502699, 140.73799670862937, 134.23919124515714, 130.4301881477422, 123.4168809189842, 112.82277177733188], [20.25060572227794, 13.528653014522511, 11.673875790289486, 20.823317172553796, 17.88836060540655, 20.013689076429685, 24.70437694318128, 63.31116786533553, 68.40553128739808, 76.3374676332271, 83.92481984734947, 92.90365147490186, 85.22917167724346, 78.00551317085372, 69.9371887616275, 28.128214181063008, 19.280516844538788, 10.74371126956058, 5.636358632493235, 14.516220749282299, 10.939885966588909, 0.0, 10.024220107306652, 18.49437731914749, 24.84133912478935, 65.05885900625786, 71.90425227628748, 77.83214227579326, 86.11184497265371, 92.67789366267155, 92.62998915148665, 86.1233384611695, 77.98877581497854, 72.01820477012588, 65.895557013886, 38.91244960784491, 45.41055489108453, 52.679721602938066, 53.62478758368344, 62.34810294740794, 70.36570001623053, 76.91384972471964, 80.49624408923424, 77.94557421164744, 66.85439513537318, 57.873190852683436, 53.74440665907546, 80.28200165385141, 78.2334191450099, 79.93227645445769, 87.0263394117365, 88.9714119919823, 94.90816053502758, 103.4279024235825, 111.08787269388814, 112.51132290556518, 109.30724553596103, 105.4453849978197, 94.6707675666335, 84.33444901431336, 86.69505401352235, 91.56225916769833, 95.73086442619552, 102.40901112993097, 110.33690366651646, 107.04324943186437, 102.01855992811657, 45.74780444184061, 56.040601142886636, 70.66420843914842, 80.58539149956778, 94.05505529261652, 108.6828961083792, 123.93104130275393, 125.77263947295883, 150.42105471807895, 141.662481798974, 139.13557348889185, 132.38394250208307, 127.88092861887574, 120.22632710160633, 107.94739535833592], [13.582706828532338, 8.872475571240871, 15.03248220210488, 26.891039017107186, 20.105714846236182, 17.430881812760763, 19.789363634949456, 55.24448932006566, 59.99907172822364, 67.64913193886176, 75.45904648991781, 85.0445482394495, 76.9685997007687, 69.69395377751471, 61.79685335912207, 18.258662529138466, 10.034203556041055, 6.454677006686546, 12.809840799220499, 23.935639376353183, 20.566610943202527, 10.024220107306652, 0.0, 9.019099736524371, 15.390109200582073, 55.78185503809632, 62.81980700385571, 69.01379307780347, 77.68343317923443, 84.53384292378774, 84.32101034608137, 77.45230683988171, 69.05421339346796, 63.04338955158919, 56.93903910528696, 29.587018314102366, 36.79640575195852, 45.199166423248734, 48.68446501830946, 57.09030324761627, 63.97989635219245, 69.95322129712713, 73.59334783098856, 70.6332544278378, 58.413426166696134, 48.950963032670664, 44.576065337522195, 78.04500715281283, 74.94105387354271, 75.5438543798109, 81.85803042661105, 83.28199313563226, 89.16944354123241, 97.92641082383318, 106.16510869052672, 108.21514363999403, 105.56541750683554, 102.32371756936634, 92.42431551655444, 81.64528077124025, 82.80446908246161, 86.83102833163733, 90.55447902016206, 97.12457665156566, 105.84389072647636, 103.06833689073979, 98.58236635988817, 54.20810253824002, 63.9115966125264, 76.75831366043786, 85.27240620480552, 97.82386440941445, 111.335256113622, 125.42581939002375, 122.72475968994051, 147.3579258631255, 137.60722337046874, 134.81327490509946, 127.77830680838463, 122.65280159469481, 114.53265266043311, 101.25428830480496], [8.118615711642043, 9.421501167165031, 19.39387220209296, 31.24086048959076, 22.71266992368449, 16.30530173901655, 15.195132026814182, 46.55611846589641, 51.308854153736526, 58.9650847261817, 66.80202061327108, 76.5181095756881, 68.23115824200015, 60.91123494683756, 53.0521492456266, 11.18978939324655, 7.764302063477756, 12.887202860944264, 21.072540868687433, 31.457162245525787, 28.16569291036537, 18.49437731914749, 9.019099736524371, 0.0, 6.444164606727625, 47.24638320430195, 54.470529788864795, 60.80091854134833, 69.58974947331353, 76.42916072197423, 76.00220108801152, 69.06405757575074, 60.56367018611974, 54.39852720950737, 48.2316542357159, 20.59080012525232, 28.548370842271087, 38.124588513548076, 43.19301004250708, 51.30023678763749, 57.50713127873875, 62.684667365311, 65.76592751379482, 62.405536462142805, 50.029015268961324, 40.09841740813331, 35.61032363123865, 74.282074709369, 70.44927940532175, 70.20169617409913, 75.76926132287718, 76.60906452528872, 82.19218924399526, 90.8533166974465, 99.48689180354867, 102.29522625401634, 100.24039566288933, 97.58929238093762, 88.49530166132998, 77.45657953394633, 77.70194572709342, 80.94827967268847, 84.11865852906486, 90.29655729907518, 99.83295925732891, 97.65028939151387, 93.72811453890866, 60.6539455143831, 68.49592656651032, 79.36679211665687, 86.54932650611798, 98.2794570085728, 110.70669552479627, 123.74392475286194, 117.8301685828437, 141.44691676759342, 130.92201849837335, 127.90386300652384, 120.7179430773164, 115.28538996684227, 107.25939072230162, 94.21058046886918], [9.812590558746145, 14.574290459722867, 24.75287614645064, 36.12743993874578, 27.217125905141177, 19.41719797747165, 15.820168046321282, 40.554238336073055, 45.11518755722212, 52.663464171056816, 60.55807490906839, 70.4902881256086, 62.05133837577048, 54.73086102446207, 46.98231621268173, 7.610408276665715, 10.580939579315535, 18.377065258207825, 27.105991611588223, 37.31734654498889, 34.186432470192656, 24.84133912478935, 15.390109200582073, 6.444164606727625, 0.0, 40.9057571789288, 48.22506359688037, 54.64612363443879, 63.54274084978483, 70.4268354762244, 69.88100538298367, 62.84682075141191, 54.26937421240708, 48.04849022294529, 41.873746313069795, 14.346960003418213, 23.714846152287368, 34.56031627082641, 41.24924185047666, 48.91712586967719, 54.33258238445321, 58.692084198257376, 61.2101166863486, 57.39817215755416, 44.79725157731326, 34.22722487165591, 29.19959236888092, 73.41231439518322, 69.01029720842236, 68.02560689779715, 72.87914314798172, 73.17305099279353, 78.44336465835454, 86.97145308864316, 95.95195500719707, 99.44960243478013, 97.92033127884295, 95.77938176196247, 87.39237925614108, 76.21563208794282, 75.68585440985858, 78.2238162115522, 80.87627853529652, 86.65724496905425, 96.914762541579, 95.2583463485045, 91.83222708690967, 65.56289831665346, 72.76906341687784, 82.63398392896164, 89.02646868526423, 100.21600038013997, 111.86777824218815, 124.13019308458723, 115.81318520379477, 138.3665026878256, 127.11814432906661, 123.78175101365814, 116.358105592203, 110.51808983283179, 102.24704694467749, 88.96749053042856], [47.75483383876798, 54.630959789465884, 64.29364976662538, 73.93274198242275, 65.4556533133367, 56.52423826995684, 49.7402960954901, 19.090819885432293, 14.649666089416957, 15.56719158238062, 23.812921672602066, 36.59600063626244, 27.920065103707422, 22.642850924142504, 20.401976840064986, 38.690371670631194, 47.5361826895565, 56.68811500469861, 66.04836368658786, 75.82877368638691, 73.53354670100964, 65.05885900625786, 55.78185503809632, 47.24638320430195, 40.9057571789288, 0.0, 8.107631214693354, 15.386120056243842, 25.375306104015774, 33.01750751617708, 31.804110908348388, 23.446334024932213, 14.196985126739657, 9.008700084255109, 6.49975697339162, 29.074564953596003, 34.465846727615705, 44.53352440629023, 56.77831866810141, 59.632169552665225, 58.6067470619443, 55.707807713978696, 52.35105987035619, 45.0629572819838, 35.794119993088266, 24.98799301057526, 15.215758835986591, 87.1925543061332, 80.4443731180358, 75.3871960