{
	"dissimilarities": [[0.0, 8.469224566986107, 16.477060496063274, 25.935116715121097, 17.322489392465624, 10.012780380451275, 5.504405325781343, 43.55984857631979, 49.444235965121294, 56.710852322375715, 64.17908163444989, 72.4633769414068, 64.67951669710652, 57.49966258618262, 50.146956937632694, 17.831650575686005, 16.435894003089885, 19.2321388601824, 26.501580786522055, 32.89998118722515, 29.483564690488652, 23.201182093802398, 14.917280134767898, 9.406931577845832, 11.074597104493062, 45.96306956745789, 53.21672416393149, 58.99618502890155, 67.14813065033795, 73.4217394304644, 72.60530550355789, 66.48807655793308, 58.24425169958404, 52.102877332996705, 45.60872158242501, 19.79383429084787, 23.90156927824893, 33.80482911507557, 38.34515212804369, 46.85369407673622, 54.46398116919258, 59.210715243061216, 60.740185791846194, 58.22021454810193, 47.687046583872096, 38.78053675308764, 35.34330310594013, 63.89382961371592, 57.79510756937356, 58.413222789361576, 64.09733327978947, 67.88255059205083, 73.66901758704795, 82.01685096245943, 84.98399465072771, 84.03208343413729, 80.83320129781369, 77.6858449616659, 73.52338642101023, 64.03258885341552, 62.096390054613764, 67.90604241026232, 71.72053347129916, 79.52387946588091, 75.06302869891381, 71.81705669549538, 68.48122920999303, 58.70860010743997, 61.123531192777335, 67.00773883929946, 75.24048500976687, 85.2931961967375, 99.31206564928884, 109.20270574921862, 107.02435120604258, 123.65006851095352, 115.5419074856563, 122.35987935660579, 114.61628240580733, 109.46331202613456, 102.76598944396004, 95.17371905325297], [8.469224566986107, 0.0, 9.040804681271464, 19.4895848250913, 10.925450768420362, 6.515151414389768, 10.67197318363727, 52.026970406463356, 57.89168031151365, 65.12812055307573, 72.62756368532364, 80.91784224805983, 73.14742796059622, 65.95777499720812, 58.60887208829118, 21.147179497972534, 16.021554547507833, 14.66416732822648, 20.0807722366044, 26.156085078844807, 22.261018194305674, 15.819730271205133, 9.007798186350422, 9.566650925167908, 15.163074773429859, 53.85419932676057, 61.121509888432854, 67.00798751590773, 75.23595117050758, 81.58047813399169, 80.91333716730246, 74.71015089125609, 66.440857565673, 60.27535074471707, 53.85024223883244, 27.179484779072798, 30.72754363487882, 39.0051063322516, 41.92388271865201, 50.656613007465765, 58.847716753861526, 64.62021353642557, 67.1155561627518, 65.27733556454623, 54.65230295449459, 46.464948998818876, 43.3250268332105, 65.7735485497463, 60.58138911289612, 61.98277762178563, 68.43565416062718, 73.08420015028537, 79.44496727029562, 87.96193563987529, 90.41270309314794, 88.83340867979996, 84.69136716721302, 80.8097335769538, 75.98092145551294, 66.43718105318305, 65.55526595467659, 72.22844917455954, 76.6590815515951, 85.21868731676899, 79.96404119693636, 76.00188087715287, 71.87854329381611, 53.58098825725327, 56.58154840708456, 63.64476938170787, 73.04231140166671, 83.70557078744726, 98.58144681166047, 109.70188443939806, 109.95182517846662, 128.762741882128, 121.78569434914284, 128.8495399418909, 121.52095080252536, 116.9398861391215, 110.54553543412545, 102.88498139873005], [16.477060496063274, 9.040804681271464, 0.0, 10.795169386290562, 4.25435339916667, 9.144740533881373, 16.648045692215916, 59.27117378776504, 65.41914128650272, 72.80531316547886, 80.11105920511525, 87.88368443326961, 80.37655569639355, 73.18790103542393, 65.74315940887675, 29.860080983230464, 23.431261808409488, 18.65764391056269, 18.565482782368196, 20.529714251645586, 16.288306117554278, 13.691295344212248, 13.673726726202844, 18.1764802473853, 24.156386413310187, 62.42207054997374, 69.63392083789206, 75.3545504792312, 83.31133449969998, 89.35666527570919, 88.6801619383982, 82.76760958824192, 74.63548316110429, 68.5345551642443, 62.01758459532468, 35.866445166738146, 38.04543448142821, 44.73782816436272, 44.57765461897857, 53.44473169070188, 62.5084139946879, 69.14819399609635, 71.77118318656386, 70.6125849026364, 61.29336771629235, 54.01614775452233, 51.746931869633876, 65.17667821062528, 61.72940384209772, 64.18628143769007, 71.31610573153392, 76.63169809633344, 83.0769902456942, 91.25542316465793, 93.18468162660187, 91.22475428072416, 86.17906008769847, 81.66803583344633, 76.07114355040042, 66.41247105374903, 67.23653202324661, 74.63446673828811, 79.46520509230304, 88.33046114986081, 82.51842909993613, 77.9099412045084, 72.96594081103464, 48.22171813466911, 48.9561947352588, 56.042139170298654, 66.33338108755841, 77.7359306968482, 93.279568463739, 105.63916365820677, 109.77740614834917, 129.55192447105145, 124.05142241607365, 131.04407838902782, 124.35632806626444, 120.83840868445033, 115.56547219277064, 109.4616843398063], [25.935116715121097, 19.4895848250913, 10.795169386290562, 0.0, 11.080283147686519, 18.534062109660685, 25.32677465045255, 66.70638617263953, 73.02768376095129, 80.52452164635372, 87.53318999130191, 94.53404574954853, 87.55983213135941, 80.52075116951764, 73.00191352144994, 40.00440560268917, 32.95311709325076, 26.583816526785878, 21.489628875645874, 16.627610179430626, 13.466166065289299, 18.0527419804554, 23.04765041344876, 28.478919403881125, 34.427128545917505, 71.45735574109884, 78.43075511829207, 83.80164481139437, 91.21696769286675, 96.75168928950833, 96.20523315598817, 90.77303628541603, 82.97497380158748, 77.05478654328662, 70.5066282643793, 45.681248840512325, 47.298717466286895, 53.231268675680205, 50.300076980759876, 59.09185610651527, 68.876627080767, 75.94099316746104, 77.98550219239833, 77.19802790167857, 69.66218569319955, 62.86102450502862, 60.92182705530564, 66.84871987696162, 65.59458033070916, 69.05174381836896, 76.56173301426676, 82.16461806195043, 88.21746141084851, 95.64522267379346, 97.21325623242863, 95.22246985220285, 89.5462959583129, 84.64006281613474, 78.34705500754082, 68.61660939626167, 71.3680803245069, 79.15579620655274, 84.0700880284203, 92.68522631650112, 86.73714951936051, 81.73459473590943, 76.14886699061489, 41.33835309777279, 38.56654061888614, 46.51609954097659, 58.490180953939976, 71.40384380564399, 87.56586200938831, 101.4217511963762, 110.99709273192356, 130.03094146271437, 125.96674240324282, 132.12204812172575, 125.97546945835093, 123.44705555038115, 119.13555828420296, 114.81571197685581], [17.322489392465624, 10.925450768420362, 4.25435339916667, 11.080283147686519, 0.0, 8.17019737902372, 16.130671851082028, 59.05498479056325, 65.43464519990725, 72.88555380562612, 80.068023123285, 87.67538343369344, 80.10522146525705, 72.83088210591967, 65.4096106102547, 31.970994160731426, 26.391052130507074, 22.441612226880178, 22.728990711739645, 23.751936355646478, 19.52969068213291, 17.73838289226729, 16.98963898611177, 20.362738142510036, 25.853876957941264, 63.039137803667735, 70.37693213635079, 76.09636442787361, 84.0829225115289, 90.06999708775439, 89.09879629288348, 83.27748654008079, 75.08551821284019, 68.96069683410015, 62.34056843548892, 36.30926734589269, 37.05080426899327, 42.68813020058556, 41.286588537835165, 50.13116905489624, 59.43836470782254, 66.39005473777642, 69.19907592023124, 68.44831139797677, 59.66847454833116, 53.16069933702082, 51.97298011319253, 61.10174498733949, 57.944658682437584, 60.65430281229551, 67.96625107138159, 73.51865624339767, 80.07429039747285, 88.24153765771678, 89.93881717463722, 87.77630255688894, 82.46540146351417, 77.80015712905974, 72.07157209724458, 62.42622886523121, 63.57047832512902, 71.16329743631832, 76.14485022213401, 85.21962959328812, 79.14241687016887, 74.3268694320763, 69.18232431678048, 50.92303724920607, 49.18727006730261, 54.111757446542846, 63.46081217237747, 74.2491920785451, 89.68272337666713, 101.8365406919603, 105.76699384298672, 126.3780752242415, 121.34386314002549, 128.9288625036163, 122.63924844955974, 119.71889383316875, 115.42781815136154, 110.4787351175518], [10.012780380451275, 6.515151414389768, 9.144740533881373, 18.534062109660685, 8.17019737902372, 0.0, 8.413944223098106, 51.513660246088385, 57.82471622102139, 65.21638654657147, 72.48618950437583, 80.40832029714285, 72.60203992172276, 65.27377312522616, 57.912065181852995, 25.65534683716829, 21.98573471185896, 21.06268492610014, 25.245840559357198, 29.166792456490597, 25.095667434144264, 20.54241005305339, 15.136865825178507, 14.767567001317483, 19.05417702987101, 55.087912948648345, 62.52162592361447, 68.33558051359857, 76.51239461916047, 82.67415499840499, 81.55186173071554, 75.57649742963851, 67.26165640058981, 61.08186797066496, 54.459258099396784, 28.249682734799993, 29.0917977364876, 35.76155801166203, 36.56045319062828, 45.41076182186089, 54.118354282728674, 60.37010659898123, 62.98057177957794, 61.737454626544924, 52.15918426981661, 45.17334651018298, 43.89392567349304, 59.43694593213386, 54.711643415327465, 56.509208291682164, 63.24815325122689, 68.22360272407265, 74.67790530796394, 83.11298840455319, 85.24737833230506, 83.43319759006529, 78.92047238451373, 74.8420746397499, 69.8059590022345, 60.20896396880669, 59.84898939257298, 66.8047554578669, 71.42766704112755, 80.23378046876194, 74.62984879703968, 70.37548946198002, 65.95552644699245, 56.309886056738144, 55.72380484481811, 59.97909579982458, 68.11768051174809, 78.00545932398428, 92.6685872334586, 103.49521358539727, 103.72891004068076, 123.43411330858639, 117.16902057095022, 124.9832435056104, 118.25003473816875, 114.6212774979358, 109.79600987552114, 104.16539364168432], [5.504405325781343, 10.67197318363727, 16.648045692215916, 25.32677465045255, 16.130671851082028, 8.413944223098106, 0.0, 43.111976063303906, 49.443590278092266, 56.860930148472676, 64.09447208737194, 72.0013194930905, 64.20573497572667, 56.89788848351888, 49.51943163080858, 22.533937049892213, 21.69761691218476, 23.869641534775088, 30.03730175435452, 34.93107046183459, 31.335859303172604, 26.21655454349204, 18.84605349754189, 14.292166215984794, 15.65861279074306, 47.31284948226198, 54.67890654111391, 60.350621655811715, 68.40513349339301, 74.47296969764078, 73.24457825593547, 67.37117541538477, 59.119017210816025, 52.98984201852559, 46.32273009008386, 21.303905294469065, 22.425150261859365, 30.93023853285149, 33.61091800823839, 42.275620887884884, 50.36814527363407, 55.49246064607454, 57.01955640734931, 54.99143296313848, 45.47847150164549, 37.673957267741564, 36.1047164254584, 58.52333740418557, 52.783423601675054, 53.70130441777986, 59.60022411482246, 63.62272020883541, 69.4499345526003, 77.71199614905582, 80.43877546341955, 79.33063084391324, 75.85832066754875, 72.58635733305394, 68.27510094534794, 58.71365199993904, 57.1795214538653, 63.188606829458955, 67.13318920530352, 75.1084333049358, 70.38631741841935, 66.92283390907728, 63.369941587566174, 60.68264842621736, 60.2833033046864, 63.9472249466816, 71.11884313944313, 80.52827946348529, 94.3080484337112, 103.90617998985194, 101.71529044464654, 118.93524609023459, 111.40676300358402, 118.83800235527362, 111.59740604873556, 107.28180782692755, 101.99047864844134, 96.28117181618019], [43.55984857631979, 52.026970406463356, 59.27117378776504, 66.70638617263953, 59.05498479056325, 51.513660246088385, 43.111976063303906, 0.0, 7.205488240690774, 14.615040741276982, 21.124669337928985, 29.27401531695222, 21.1367795616855, 14.02805715986854, 6.684637665268704, 43.91498575712744, 51.193770724251316, 58.75620001659689, 67.35902457468283, 73.69427297494883, 71.29197258964119, 65.60922611231965, 56.78249838914774, 48.40964997766761, 42.900463771934625, 18.247251607666975, 21.515867460834784, 23.955643711948838, 29.706132282475654, 34.496942219320104, 31.649481044261016, 27.112308689758848, 20.327335944349862, 16.258111042700904, 11.582172257860611, 29.432749917716116, 29.803321504959037, 37.443994113192495, 46.76537567886978, 49.663761546366, 50.766705874969816, 47.200239867401166, 40.98494327920854, 33.25482147526536, 28.537615506697996, 19.172155549118465, 16.70715386254906, 70.59596888347069, 61.65991250301856, 57.95693164956816, 57.47313516010677, 54.69735735616777, 55.11426636173413, 60.72612741116803, 66.85741312806205, 70.18181437142431, 73.33411937234817, 74.94369589093131, 75.17402938904658, 68.12699367336523, 61.14281247733658, 60.375460537638126, 59.38026649184141, 60.45553544692617, 62.247816555807816, 64.20291497281414, 66.21739795598741, 93.58561085145566, 93.79259470599182, 94.93978380908933, 97.82165094970894, 104.1587685746526, 113.06052406858305, 116.24479610138488, 101.37877338373542, 103.95328836049794, 88.93003756121327, 93.90124566957346, 83.69354276397179, 74.54383731586213, 65.95402945852418, 59.64975890322404], [49.444235965121294, 57.89168031151365, 65.41914128650272, 73.02768376095129, 65.43464519990725, 57.82471622102139, 49.443590278092266, 7.205488240690774, 0.0, 7.595349130361093, 14.736081480257633, 23.99536653733729, 15.794019113090718, 9.74357854579466, 5.706530993882539, 47.907569210688756, 55.59821291881053, 63.517106204608915, 72.37522018430955, 79.16199608722184, 76.90467690575525, 70.941024795596, 62.02269468668212, 53.55967641214597, 47.745899646014735, 16.029070757453844, 16.658027935022382, 17.62610769283193, 22.674257197105906, 27.50556258482613, 24.580413802209883, 19.9247404972777, 13.659475714558482, 10.995151870471275, 9.34505898853319, 34.19970111055035, 35.61693716491898, 43.117297490197906, 53.31352096359054, 55.727404160074535, 55.93536918841493, 51.452189700137616, 44.884680036168845, 36.699623095812264, 32.198955911506836, 23.400036594318415, 19.435857752985154, 76.97031914187298, 67.72179957394086, 63.587867705372965, 62.43722610942505, 58.940581924349054, 58.72887497072735, 63.87186924668792, 70.37082315995042, 74.18541489298221, 78.14600365711813, 80.25829973984463, 80.98735240806374, 74.32778099738285, 66.8088166187964, 65.35661151824335, 63.8343632782313, 63.992090962645456, 66.63266349074857, 69.2146271593366, 71.81516721105369, 98.41577041851708, 99.82518808203064, 101.67447075636514, 104.7001862829623, 111.05924318433125, 119.66856055853198, 122.39276628896756, 106.17634597347303, 106.76619567283795, 90.51770471752559, 94.63623648585549, 83.74212325439706, 73.15440264490667, 62.64173771690238, 54.063166032897946], [56.710852322375715, 65.12812055307573, 72.80531316547886, 80.52452164635372, 72.88555380562612, 65.21638654657147, 56.860930148472676, 14.615040741276982, 7.595349130361093, 0.0, 7.948200127929404, 18.55615972828632, 10.490589583824061, 7.810649776832206, 10.419163918899205, 54.00954920444751, 62.00898292917481, 70.17324913041251, 79.23450855928735, 86.29806107981267, 84.10257041596796, 77.94822096035209, 68.92219067551322, 60.39498565164574, 54.39247270156198, 18.187045943928805, 15.51448710221002, 13.75325195858507, 16.78530470069227, 21.18445657716435, 17.453784727617418, 13.110811595878078, 8.93879695474956, 10.26617953310622, 13.158580563293977, 40.707347506817314, 42.179787731382504, 48.917819192607126, 59.537534854621256, 61.24265637373383, 60.425453146424516, 54.92145254067888, 47.89958673562085, 39.446365020674236, 35.87076450473383, 28.532959995971712, 24.931275539804897, 82.56418843830042, 73.02679838900019, 68.413831171659, 66.44900181993953, 62.122917897184486, 61.151004220094634, 65.7051331038801, 72.53368848513728, 76.86882875677536, 81.74415929292259, 84.46342902091055, 85.81326968408982, 79.69138783210292, 71.5854752577814, 69.29052841160735, 67.14350980784015, 66.24919495184798, 69.81988692397795, 73.11708832319214, 76.41319137557625, 105.145139476707, 107.07545988388542, 108.96625522157558, 111.70920119128004, 117.72732540316471, 125.81524268876358, 127.76948678641216, 109.60759827523755, 108.21879915658465, 90.76231612625979, 94.37016409837416, 82.99436275448063, 71.22831853703332, 59.45759599706924, 49.44653549084163], [64.17908163444989, 72.62756368532364, 80.11105920511525, 87.53318999130191, 80.068023123285, 72.48618950437583, 64.09447208737194, 21.124669337928985, 14.736081480257633, 7.948200127929404, 0.0, 11.16958475353359, 4.593863415920307, 9.0609266652385, 15.381633015292818, 61.94612038521206, 69.8838963657088, 77.95527624374196, 86.8211510664537, 93.56889683888865, 91.442963677808, 85.55413464311262, 76.6549729005253, 68.16547590345837, 62.23160691970503, 25.614305321471324, 21.655314634553758, 17.835728826937718, 16.568405967824454, 18.01386125981931, 12.708051875035528, 12.16796363429995, 13.479863033347222, 17.272385427581682, 21.04028331482875, 48.48902379831976, 49.23081398076138, 54.94455304521105, 64.73885735066933, 65.69876803126351, 64.17472061901199, 57.732841603169575, 49.5368340647799, 40.95750470377033, 40.1788251350696, 34.78848335150662, 32.682512465924056, 86.0420767451671, 76.76473861948581, 71.89390705812386, 69.08639241724713, 63.81848586957326, 61.592449951254395, 64.96636013728786, 72.14069849211684, 77.25975592066773, 83.12039059834723, 86.55851783932552, 88.49840341206227, 82.94284738111106, 74.69396328273676, 71.44584159715427, 68.48021019366605, 66.03849751021244, 70.81996569758887, 74.91926032797524, 78.91725335868291, 111.72972640732024, 112.91128959757646, 114.02193300824376, 116.00838555833211, 121.47039021190164, 128.67080508881767, 129.59408724138837, 110.17374218360379, 105.57382092244319, 87.00512554337654, 89.84332678729803, 78.10890860151969, 65.53945547555458, 53.61711550874605, 45.13564469988767], [72.4633769414068, 80.91784224805983, 87.88368443326961, 94.53404574954853, 87.67538343369344, 80.40832029714285, 72.0013194930905, 29.27401531695222, 23.99536653733729, 18.55615972828632, 11.16958475353359, 0.0, 9.561103446332812, 16.668153838834527, 22.99950964079339, 71.74019648694589, 79.23496518354662, 86.87816640253337, 95.07651669989698, 100.96119292001946, 99.0298212649267, 93.88247910219756, 85.47118175502764, 77.19600977217898, 71.56652553223432, 36.59774893733698, 32.425100276713565, 27.77593184437871, 23.20224079205586, 20.233493491263566, 15.263225585655087, 19.94362320106044, 24.16397953209386, 28.287113703219603, 31.64228103230545, 58.13866592530198, 58.18943729124241, 63.16350508373228, 71.07698987341331, 71.50133256942279, 69.83586856459058, 62.79693768387905, 52.87158607238404, 44.4536490173128, 47.71490403290733, 43.92200747161802, 42.99028569598031, 89.62000876420157, 81.35194139331841, 76.59939955434776, 73.11031447781953, 66.94919574611865, 62.97414516690331, 64.336499152273, 71.84323148443656, 78.07057935080002, 84.89000512284143, 89.08043233897948, 91.4412294739574, 86.38159230391882, 78.68790485224716, 74.54535643111507, 70.63649441734819, 66.0776946387132, 72.3665070832724, 77.26565333006747, 81.8309268228382, 117.62206235910811, 117.2943576242218, 117.33794211383369, 118.40893104186078, 123.41182165581517, 129.40528214771663, 129.21994626341225, 110.18007373024393, 100.09086629327513, 80.35580007023565, 81.16699834903088, 68.8223739641551, 55.208942594759606, 43.373682203032416, 39.82962087717585], [64.67951669710652, 73.14742796059622, 80.37655569639355, 87.55983213135941, 80.10522146525705, 72.60203992172276, 64.20573497572667, 21.1367795616855, 15.794019113090718, 10.490589583824061, 4.593863415920307, 9.561103446332812, 0.0, 7.576592426485734, 14.712915974224313, 63.582719178707556, 71.37873827765958, 79.27425335164558, 87.96568754451806, 94.31555097405739, 92.1155497478578, 86.49226049249168, 77.64959112761663, 69.18861831264033, 63.404929345475786, 28.359926592985406, 25.313121552877686, 22.11402927587919, 21.107512303427754, 21.828454943749822, 16.298125891649047, 16.69509999133006, 17.43829082516718, 20.3705766012997, 23.15946368330773, 49.49811517674534, 49.18480352722393, 54.09063501540524, 62.962841167563674, 63.54810820883211, 61.88429888073056, 55.18803740635628, 46.30810518068504, 37.73062391387301, 38.764873983132325, 34.523251540620755, 34.04595206298971, 83.13732446464734, 74.12475248071614, 69.24431328003513, 66.15693212072182, 60.584750843435614, 57.86194407424961, 60.81057001752005, 68.05792402515083, 73.42001066358951, 79.51880993336385, 83.18260351659376, 85.29023935355147, 79.95261717909925, 71.79293556974335, 68.21074687579728, 64.95543631129057, 62.00445243914377, 67.13594415797377, 71.46698284573266, 75.67199513558067, 112.59931521838752, 112.51581615343713, 112.56005274609316, 113.85319813762658, 118.8008802274205, 125.5481193601055, 125.98309724616443, 106.18882543976066, 101.01580564524632, 82.45785604150771, 85.7159115508029, 74.25430834012467, 62.31152736814186, 52.16482761726547, 46.94800097508602], [57.49966258618262, 65.95777499720812, 73.18790103542393, 80.52075116951764, 72.83088210591967, 65.27377312522616, 56.89788848351888, 14.02805715986854, 9.74357854579466, 7.810649776832206, 9.0609266652385, 16.668153838834527, 7.576592426485734, 0.0, 7.537291774900717, 56.907678087716114, 64.65785467788778, 72.5087165670737, 81.28580876717982, 87.6570544744882, 85.30282821140756, 79.59521723423609, 70.6356621193128, 62.14967983883776, 56.4212066958316, 23.553853850198653, 22.522442511650684, 21.397072048757256, 23.604775073515043, 26.418994498069246, 21.63533547381538, 19.3726178089696, 16.285235834919952, 16.713251366639884, 17.566391049156653, 42.376996615186606, 41.666107634904904, 46.78801465457645, 55.84650428735423, 56.85009907572034, 55.73242365496987, 49.73490447065864, 41.544090619199615, 32.96903286564519, 32.42640296545087, 27.31440153923964, 27.325280625229723, 77.07922165142273, 67.88191977361113, 63.19416867476486, 60.73389416705365, 55.8925606683465, 54.190998807003226, 58.222646252147676, 65.15791851624356, 69.82764730992523, 75.07107045925676, 78.15630895122513, 79.8027596312097, 74.03693856628794, 65.97881466191569, 63.114023776120284, 60.50875545279914, 58.910137574483464, 62.96892416057189, 66.63479662583225, 70.29082910654894, 106.83715408767299, 106.50085554376732, 106.44652664536657, 107.94048716363007, 113.01674842732713, 120.35681723693087, 121.47281444199066, 102.46577098087324, 100.5441949314073, 83.22121549818067, 87.75184520759794, 76.92932639054608, 66.34001502025548, 57.5056037269556, 52.453698246607935], [50.146956937632694, 58.60887208829118, 65.74315940887675, 73.00191352144994, 65.4096106102547, 57.912065181852995, 49.51943163080858, 6.684637665268704, 5.706530993882539, 10.419163918899205, 15.381633015292818, 22.99950964079339, 14.712915974224313, 7.537291774900717, 0.0, 50.39156645860149, 57.816159479599044, 65.43311472295726, 74.006752264639, 80.20079070934851, 77.83541150707092, 72.26904866701611, 63.45488686098196, 55.06670514837921, 49.5169796814446, 20.77823032751303, 21.962090794129647, 22.699348217233798, 26.836664338898622, 30.662723013948014, 26.97629328703957, 23.50362058198745, 18.185764754365294, 16.041998755821236, 13.965654748367692, 35.800283671353576, 35.372326525385986, 41.59429400744949, 50.473818338628135, 52.4075495233732, 52.4931067190519, 47.710268761987095, 40.22797311552599, 31.944972159659603, 29.7602649436707, 22.661390638721734, 21.925440364531454, 72.80493212401612, 63.853067644035846, 59.703214074042464, 58.2400801941071, 54.411787962065404, 53.69532469075857, 58.47401702683675, 65.03168624687076, 69.07607000932761, 73.24726621303445, 75.59799345558696, 76.49902776208829, 70.0441254228985, 62.62143798281568, 60.798537843374376, 58.97006615992053, 58.6667918799531, 61.609636504893174, 64.41672251051617, 67.23596858809286, 99.61529646352693, 99.24504652881541, 99.60010719262557, 101.68537874086034, 107.37276642752876, 115.44033660535405, 117.58061840610716, 100.93719533781322, 101.11411583085578, 85.03892424065823, 89.75548735461093, 79.27043362189158, 69.57013572197206, 61.11486849416953, 55.951031856517446], [17.831650575686005, 21.147179497972534, 29.860080983230464, 40.00440560268917, 31.970994160731426, 25.65534683716829, 22.533937049892213, 43.91498575712744, 47.907569210688756, 54.00954920444751, 61.94612038521206, 71.74019648694589, 63.582719178707556, 56.907678087716114, 50.39156645860149, 0.0, 9.480397512174317, 18.892323930377778, 30.43217906300303, 41.17731469552386, 38.30228354988628, 28.93162316805834, 18.882631454396126, 11.697658681562475, 6.907544032870217, 38.945863127263166, 45.830746488165744, 52.16604339808278, 61.069832306849996, 68.35691366731929, 68.24201887771683, 61.08743507749963, 52.74469652551957, 46.68426132438093, 41.26257794073495, 16.35879613793234, 26.696955268578964, 38.21392685970085, 48.83501656650277, 56.15842405224821, 61.39534888383814, 64.6467271762275, 66.96543927080712, 63.34995729303732, 49.147924515968285, 38.3640923171518, 30.77428796622067, 77.14013252597769, 68.75607066788783, 67.81449432475046, 72.39447195169623, 75.31226895716767, 81.30370090059067, 90.38286456765896, 93.97755268748153, 93.24489862001806, 91.1811691160991, 88.67748634212205, 85.56639900643206, 76.74980444598778, 72.39865673771975, 77.20363811044251, 80.59341846163956, 88.17635606352137, 84.37403373906507, 81.98147804407073, 79.75629407430414, 66.05848667461943, 75.06579634132441, 83.99647643116408, 92.95741437863565, 102.87872382073483, 116.80296401322087, 126.06166846636214, 119.25189444977602, 135.8542293674931, 125.60103099261909, 132.24526016711428, 123.29100716569756, 115.76450463226139, 105.59201259298489, 92.19310504703797], [16.435894003089885, 16.021554547507833, 23.431261808409488, 32.95311709325076, 26.391052130507074, 21.98573471185896, 21.69761691218476, 51.193770724251316, 55.59821291881053, 62.00898292917481, 69.8838963657088, 79.23496518354662, 71.37873827765958, 64.65785467788778, 57.816159479599044, 9.480397512174317, 0.0, 9.441540228270277, 21.063918982167515, 32.21285917745354, 29.441361022840656, 19.82774733978757, 10.750696659513045, 7.714766109342849, 9.6598335274575, 47.757800081883026, 54.483866674033756, 60.58573259178846, 69.10242587004518, 76.06781265921417, 76.22397389948878, 69.3460384818498, 61.20158465779432, 55.20453615623551, 49.62252077879836, 24.137282221487844, 33.00212406064896, 43.712371224239355, 51.83272982948347, 59.84132492108518, 66.23647847555866, 70.53982816568528, 73.05895096991301, 69.94744668654218, 56.64186310959382, 46.35518216485606, 39.40340824009694, 78.59995071527644, 71.49369461413818, 71.51825624757294, 76.94580370373092, 80.61901248753968, 86.8440797390853, 95.77411365712446, 98.98925607661646, 97.9141393438521, 94.96480017512006, 91.80324220824396, 87.8971071747029, 78.72728324418259, 75.80285138650305, 81.47547721069877, 85.34804586239389, 93.37069483023932, 88.98977588302202, 85.92918630688843, 82.86609468845845, 57.49899675290143, 67.64128358805802, 78.31303914959014, 88.67500736528382, 99.6657315750021, 114.39052496923644, 125.02003862666032, 121.97636853095074, 139.35071933086869, 130.22538913772738, 136.4270410444779, 127.76610079357968, 120.84386626249768, 110.9803175670897, 98.19486127610504], [19.2321388601824, 14.66416732822648, 18.65764391056269, 26.583816526785878, 22.441612226880178, 21.06268492610014, 23.869641534775088, 58.75620001659689, 63.517106204608915, 70.17324913041251, 77.95527624374196, 86.87816640253337, 79.27425335164558, 72.5087165670737, 65.43311472295726, 18.892323930377778, 9.441540228270277, 0.0, 11.845504828088375, 23.402261835391485, 20.71426052814546, 10.862595346192599, 6.330635005914888, 12.042469748419922, 17.41779062154457, 56.69079404070666, 63.34608909789303, 69.26851023786827, 77.4757999641463, 84.14558777736922, 84.44656554498907, 77.82897252419838, 69.8289618582217, 63.87319916999761, 58.14210739286099, 32.42592001311412, 39.92071370141936, 49.65176307997703, 55.345569983413625, 63.79380869195258, 71.14810418385011, 76.3613920134629, 79.05625236982779, 76.45994918183739, 64.05829568192992, 54.3354882077848, 48.08622606388829, 80.1197452205993, 74.35248217887201, 75.29245505262539, 81.44696478181386, 85.79454385759485, 92.19995139242805, 100.94254511317577, 103.75845117343522, 102.3459334862104, 98.55951174463232, 94.78836327423961, 90.15038549218973, 80.7493938882333, 79.23335602940845, 85.66339646744994, 89.96108871041744, 98.35856107593068, 93.44114764745403, 89.76492661818972, 85.92955827506881, 49.38190538450444, 60.34704738798238, 72.65347029443225, 84.34784780298494, 96.30435964267095, 111.74271848520809, 123.68297676268737, 124.35506564465412, 142.52791892228953, 134.59339717923342, 140.47032944056056, 132.1964398345505, 125.99188032337298, 116.67448114475152, 104.79882983308356], [26.501580786522055, 20.0807722366044, 18.565482782368196, 21.489628875645874, 22.728990711739645, 25.245840559357198, 30.03730175435452, 67.35902457468283, 72.37522018430955, 79.23450855928735, 86.8211510664537, 95.07651669989698, 87.96568754451806, 81.28580876717982, 74.006752264639, 30.43217906300303, 21.063918982167515, 11.845504828088375, 0.0, 12.309447896521029, 10.772479513552764, 5.6556427217257985, 14.418730246467959, 22.2441134143492, 28.22563590738556, 66.93054933752033, 73.35390124159623, 78.92975726433356, 86.58031302312064, 92.75518276923576, 93.32009382747984, 87.1405885599171, 79.46151730161, 73.65272206941175, 67.83131096288132, 42.86126374330577, 49.50210665743556, 58.61958433435244, 61.694779637845706, 70.46969334498164, 78.77775823948181, 84.64227889492751, 86.97310898162704, 84.70084300145129, 73.69162808970395, 64.27682867149518, 58.34350677621493, 83.7007282218123, 79.70810396617054, 81.61928703022053, 88.35002648309883, 93.14210332917216, 99.37600455134269, 107.602363859727, 110.11209576602324, 108.60218864637962, 104.11796791312607, 99.86056466116175, 94.47926344622974, 84.84644172816493, 85.02458692544545, 92.03426472353587, 96.55517028697814, 104.93642356514492, 99.7596679194411, 95.60612271837603, 91.06427485993362, 38.20113632852763, 50.663577864342535, 65.79869639220814, 79.41400031328894, 92.868084615322, 108.97663846189555, 122.4774628929945, 128.2560070828317, 145.98319093455208, 139.281520816101, 144.19985756676365, 136.2556596608907, 130.7420630749185, 121.85410740962011, 111.11912483045097], [32.89998118722515, 26.156085078844807, 20.529714251645586, 16.627610179430626, 23.751936355646478, 29.166792456490597, 34.93107046183459, 73.69427297494883, 79.16199608722184, 86.29806107981267, 93.56889683888865, 100.96119292001946, 94.31555097405739, 87.6570544744882, 80.20079070934851, 41.17731469552386, 32.21285917745354, 23.402261835391485, 12.309447896521029, 0.0, 4.635701370941834, 13.743871304260523, 23.990264698742404, 31.570249756710766, 37.77282998245152, 75.71013265789152, 82.08501704339463, 87.33227496069405, 94.47124374810092, 100.07526700617103, 100.5720811037884, 94.94308593075422, 87.50461916914423, 81.79492905832974, 75.7444636554473, 51.46173371662068, 56.60050598386741, 64.7739823784486, 64.81316091301665, 73.71274944075421, 82.93973815771898, 89.38668205540839, 91.18602381032674, 89.40127873670424, 80.31124471466617, 71.60880929934444, 66.70481675630795, 83.30834555429115, 81.33915588106946, 84.25052066163299, 91.44751834324143, 96.60760044315893, 102.5156424843352, 110.03720331261101, 112.15179116735635, 110.57694319654452, 105.4224882421133, 100.76179717617102, 94.69115958025465, 84.93902405677031, 86.95723633926761, 94.42026458372892, 99.07524680274858, 107.29858943225015, 101.90815124976633, 97.31583521625758, 92.11199073358004, 28.879651960729305, 38.73684379026662, 55.49740605007311, 70.55249092510516, 85.24053627002819, 101.73221228480844, 116.52425065524935, 127.4977443185796, 144.56009163784367, 139.40183398407243, 143.63628787689024, 136.36070134730014, 132.07925133001282, 124.62143712622668, 116.47156679485822], [29.483564690488652, 22.261018194305674, 16.288306117554278, 13.466166065289299, 19.52969068213291, 25.095667434144264, 31.335859303172604, 71.29197258964119, 76.90467690575525, 84.10257041596796, 91.442963677808, 99.0298212649267, 92.1155497478578, 85.30282821140756, 77.83541150707092, 38.30228354988628, 29.441361022840656, 20.71426052814546, 10.772479513552764, 4.635701370941834, 0.0, 10.34438898466545, 20.400252875207354, 28.157621262875036, 34.55751054754461, 73.2801675325888, 79.89319252889736, 85.32324465094713, 92.74616173551594, 98.53917305038775, 98.78086597798656, 93.00109395080942, 85.3411008037417, 79.50006626354289, 73.3390552808396, 48.27890858122066, 52.901606463339945, 60.678380695772965, 60.73562772320284, 69.60934687327519, 78.78351692289701, 85.37718802986373, 87.5646067551362, 85.9838021139613, 76.63750819205383, 68.26176357831649, 63.87803052486414, 79.59135059944794, 77.3118527371256, 80.16725519481336, 87.42400769384642, 92.728183931163, 98.88182418656571, 106.64331591817975, 108.65428027860591, 106.88117741985069, 101.63736871574721, 96.91237380359438, 90.89072219449685, 81.19118110502176, 82.9811128377537, 90.52679523087308, 95.31209023770481, 103.8239715391981, 98.21694980483234, 93.53538233154813, 88.3122163269233, 33.42916040583227, 40.997754166242146, 55.58340924948958, 69.72798175932049, 83.69804919325247, 100.13332407709089, 114.52998990295174, 124.01288158708786, 142.21298958260115, 137.07213028437775, 142.0793924970585, 134.96837124170216, 130.87545413341925, 123.87997407103805, 115.98842403937547], [23.201182093802398, 15.819730271205133, 13.691295344212248, 18.0527419804554, 17.73838289226729, 20.54241005305339, 26.21655454349204, 65.60922611231965, 70.941024795596, 77.94822096035209, 85.55413464311262, 93.88247910219756, 86.49226049249168, 79.59521723423609, 72.26904866701611, 28.93162316805834, 19.82774733978757, 10.862595346192599, 5.6556427217257985, 13.743871304260523, 10.34438898466545, 0.0, 10.874539953624248, 19.36051621300104, 25.833246773991167, 65.70670150147733, 72.4803382558764, 78.24926468467233, 86.19380810139496, 92.50165937171204, 92.66693997764908, 86.40364237130233, 78.45707798214646, 72.47853336428462, 66.4403445990103, 40.3911588437681, 45.90248707975731, 54.235711814664974, 56.780076282027146, 65.52960456921107, 73.93287999036677, 80.12984732751829, 82.92018116004438, 81.05207883431873, 70.0662101882, 61.29808451904934, 56.405507240196705, 78.59868563850765, 74.56132825805224, 76.58048827297787, 83.48289869993805, 88.55475536866362, 95.0712439623482, 103.48507451010033, 105.7600220699128, 103.95584930996374, 99.21149090505398, 94.78815964585071, 89.34904821109801, 79.7897668833803, 79.99935529595496, 87.20779568468055, 91.9379120999713, 100.69079107923022, 95.1652493073271, 90.7999325736734, 86.10571158879314, 41.81276297462778, 50.994435496663094, 63.8486727088142, 76.53091415535457, 89.23751148827961, 105.2824257479439, 118.48540734587786, 123.30928913779799, 142.44903150548478, 136.12646745575083, 141.96657618847922, 134.41844052092833, 129.4687911297363, 121.59662760810855, 111.89616863853382], [14.917280134767898, 9.007798186350422, 13.673726726202844, 23.04765041344876, 16.98963898611177, 15.136865825178507, 18.84605349754189, 56.78249838914774, 62.02269468668212, 68.92219067551322, 76.6549729005253, 85.47118175502764, 77.64959112761663, 70.6356621193128, 63.45488686098196, 18.882631454396126, 10.750696659513045, 6.330635005914888, 14.418730246467959, 23.990264698742404, 20.400252875207354, 10.874539953624248, 0.0, 8.845059205193484, 15.382344262968795, 55.98050702388742, 63.02752335277708, 69.07364915282388, 77.47462577492777, 84.14569971294982, 83.96910424725635, 77.39783854425275, 69.15632634515713, 63.032014710380274, 56.98276560988463, 30.082573403974134, 35.88879206256678, 44.74575115173757, 49.49649894635065, 58.00794410242945, 65.63739840078182, 71.25800478483313, 74.27650189231963, 72.14974874487696, 60.11731512573892, 51.191240800614956, 46.39590944027168, 73.9230079107755, 68.27574673711732, 69.41509213663808, 75.79109464155754, 80.43929379962567, 87.05972875436636, 95.88956174592904, 98.44482949545608, 96.76989459166258, 92.68437929607013, 88.74246013571728, 83.99353563953969, 74.61142262426966, 73.28993772753036, 79.94971177656561, 84.44940796414217, 93.17171861507735, 87.90712818985047, 83.99123135015252, 79.95473750351456, 51.58870936832025, 59.19716995553319, 69.22035488709261, 79.9332061398722, 91.18141451941749, 106.47955194160286, 118.12495989205074, 118.28241668345942, 137.59707097449467, 130.19645606747383, 136.91616671473884, 129.13509668368894, 123.70074120870198, 115.72318262297155, 105.51992115156287], [9.406931577845832, 9.566650925167908, 18.1764802473853, 28.478919403881125, 20.362738142510036, 14.767567001317483, 14.292166215984794, 48.40964997766761, 53.55967641214597, 60.39498565164574, 68.16547590345837, 77.19600977217898, 69.18861831264033, 62.14967983883776, 55.06670514837921, 11.697658681562475, 7.714766109342849, 12.042469748419922, 22.2441134143492, 31.570249756710766, 28.157621262875036, 19.36051621300104, 8.845059205193484, 0.0, 6.680230210033856, 47.33035893918189, 54.514157761706, 60.64571051995969, 69.22305197460587, 76.02173141711461, 75.61658570845141, 68.94917541867954, 60.58449041285122, 54.401814099889584, 48.32247529823767, 21.24872570068431, 27.88888278848685, 37.9364481084369, 44.663231299663586, 52.893172677112254, 59.82069534437776, 64.58892678643761, 67.16798917320526, 64.54680492067435, 52.05874000710692, 42.61842253953274, 37.57376924655617, 70.99739889310527, 64.21283741309372, 64.53915933175215, 70.23735873680684, 74.20305426230877, 80.52691301665791, 89.41314020576368, 92.37042142187956, 91.10957597360535, 87.84068136304465, 84.52240733529773, 80.44120913202359, 71.18846937046415, 68.65529882024293, 74.57742336208594, 78.61928663122072, 86.87674705761174, 82.18476843716371, 78.87165393851937, 75.56220842824013, 58.20145574661576, 64.66189874612341, 72.9616188709174, 82.2954027832347, 92.65834012137937, 107.17013383522495, 117.51421206686202, 114.51183481961435, 132.5950965712666, 124.14104559326174, 131.05650101034135, 122.96653771301109, 117.0257259029849, 108.84776996275318, 98.48550017767626], [11.074597104493062, 15.163074773429859, 24.156386413310187, 34.427128545917505, 25.853876957941264, 19.05417702987101, 15.65861279074306, 42.900463771934625, 47.745899646014735, 54.39247270156198, 62.23160691970503, 71.56652553223432, 63.404929345475786, 56.4212066958316, 49.5169796814446, 6.907544032870217, 9.6598335274575, 17.41779062154457, 28.22563590738556, 37.77282998245152, 34.55751054754461, 25.833246773991167, 15.382344262968795, 6.680230210033856, 0.0, 40.80794976082413, 48.04093705792298, 54.277417887274794, 63.04132629291958, 70.02302415547547, 69.53310017205632, 62.699609453043664, 54.250300907756646, 48.04346728485689, 42.064686720070874, 15.077410223751858, 23.429955712480407, 34.65807008364414, 43.50596506548372, 51.27188435749257, 57.34133579270251, 61.219520665691185, 63.45169896804052, 60.29572798471631, 47.1413823237873, 37.02264564853654, 31.20839873396806, 71.17558730167426, 63.42584969293817, 62.986293710905336, 68.00070680710515, 71.30518005016066, 77.35685031235984, 86.3001299502644, 89.633599543287, 88.73896725905063, 86.22340512507635, 83.4576610085742, 79.98949864211926, 70.9536608501511, 67.32717155772461, 72.53579530568834, 76.14440630619085, 83.95077263903659, 79.81104091191247, 77.07054467032171, 74.44156042277352, 63.54283732408739, 70.0474958807698, 77.66068181961494, 86.1985767721498, 95.9785822337668, 109.904806043768, 119.29599947955214, 113.74590275610582, 130.76635171630735, 121.3250226374146, 128.2784418775907, 119.82753426839605, 113.25015202805496, 104.52574907901688, 93.43151269448624], [45.96306956745789, 53.85419932676057, 62.42207054997374, 71.45735574109884, 63.039137803667735, 55.087912948648345, 47.31284948226198, 18.247251607666975, 16.029070757453844, 18.187045943928805, 25.614305321471324, 36.59774893733698, 28.359926592985406, 23.553853850198653, 20.77823032751303, 38.945863127263166, 47.757800081883026, 56.69079404070666, 66.93054933752033, 75.71013265789152, 73.2801675325888, 65.70670150147733, 55.98050702388742, 47.33035893918189, 40.80794976082413, 0.0, 7.962698428257345, 14.609188949795023, 24.41629839224486, 32.284666183681146, 30.85442431524416, 23.137001977599216, 14.361192185104445, 8.499473224270666, 6.909955051869804, 27.61334168388363, 32.384521044754656, 41.41719863669798, 55.33472828687777, 58.44224134243079, 58.462252128563286, 55.067953423877206, 52.116048307307764, 44.88054030463342, 33.65963135312966, 22.44339766548325, 12.214503196827492, 82.40121755048494, 71.78863845283267, 67.492760