{
	"dissimilarities": [[0.0, 7.753841843957874, 15.827890467530944, 24.057933481705152, 17.7536437732181, 11.40030876736104, 7.988453652303992, 42.666093170594536, 48.17445023407106, 55.44268988943606, 63.95087096945503, 73.24323977580801, 65.27594344618088, 56.72921949743124, 48.349370234528074, 16.26978318787811, 16.93094122734817, 20.299714871355533, 29.284680891106415, 34.87703246477338, 31.228332399990123, 24.004164585426526, 16.139313727609213, 10.798322176302209, 10.476403973809001, 45.457283368254124, 51.75476396555222, 58.72858913961736, 67.53657441472943, 74.57760868886133, 71.99028434939703, 66.458767727938, 57.8641991494841, 50.68267131687012, 44.4701261569488, 18.838175510948744, 25.156798971750383, 36.17346417620745, 39.131986366049894, 47.24828558802389, 54.06325032774749, 57.63489960376569, 59.82532885683456, 56.48478325549114, 45.74310390235434, 36.50026054194557, 33.29041851179516, 65.62154305632492, 61.56913364835833, 61.23160459916444, 64.84392797316237, 66.73800884597908, 71.76691063079637, 80.12984549433095, 81.16115495391539, 80.5169756024401, 78.20733453016602, 74.12667508650735, 69.95866830387189, 65.5862403238705, 65.69728167425284, 68.00522190030823, 71.50434500053134, 77.6502980479037, 72.43351414904497, 68.93891719167694, 66.70941543880174, 53.79489206268251, 58.36798330407394, 69.27407859869857, 75.75850376203148, 88.44929587570876, 97.95631348118644, 102.50583338256672, 104.87521304922615, 118.31604492451999, 122.02750016331562, 129.78147160520248, 121.18461250946913, 113.79196361211288, 105.26441820837604, 94.52129076519506], [7.753841843957874, 0.0, 9.260987623845793, 18.903288005350866, 13.651017476789411, 11.161273213298786, 12.80237390395629, 50.32334851858074, 55.59167005152511, 62.71797596454331, 71.38581573128683, 80.90268235203412, 72.93988416464389, 64.35704035958605, 56.00291412548167, 17.48571985427552, 13.76098335925576, 14.677740632522465, 23.176807902134083, 28.875031818483183, 24.727433445969133, 16.863209092241874, 9.299827556905505, 7.221783684273852, 12.25245720884676, 51.98343229326864, 58.29462094579312, 65.45648738418254, 74.4057424815406, 81.62140432448972, 79.18307171173404, 73.49814317628257, 64.85899497645998, 57.61843564533711, 51.39457274949686, 24.7340259210584, 30.45694823306618, 40.24544298710437, 42.62440760455507, 51.03504958937623, 58.36612708625713, 62.812875420427766, 66.05344230951214, 63.1965541069502, 52.21145018124554, 43.582167874607904, 40.252226321688475, 68.08064681842171, 64.80819131096962, 65.10225912724151, 69.38874299378793, 71.89095664067793, 77.44346166289608, 86.23280052468213, 86.76975789935635, 85.5348388534497, 82.53096340410714, 77.8728708217856, 73.0871402914687, 68.46874440603997, 69.4949623258556, 72.46685334014212, 76.70028936351599, 83.52481646528818, 77.618621037817, 73.4017416177458, 70.50837897641125, 49.02602163909714, 55.13011913771609, 67.510904795963, 75.29300879048526, 88.57089201104208, 98.8570829498113, 104.41033703777921, 108.66750190702945, 124.03833771646218, 128.48083523650084, 136.4724197384474, 128.0886513766128, 121.02553423276036, 112.51824320758028, 101.34470014948785], [15.827890467530944, 9.260987623845793, 0.0, 10.136472054555618, 7.603760973200367, 11.91439561586386, 17.42228045895875, 58.1570555463713, 63.9436081132868, 71.25471539746206, 79.67460727766388, 88.52005071267146, 80.7003927704792, 72.19796738781719, 63.771781413717214, 26.161849283747888, 19.932396518344422, 16.62526839061511, 19.723560978356574, 22.80256835305798, 18.152443655690494, 12.757231012520467, 11.432860809022122, 14.995092193502812, 21.330080523726952, 61.0397389133136, 67.30652877621871, 74.30817818445612, 82.96594056528485, 89.83021887191934, 87.55468062478522, 82.12692151552886, 73.64041106482965, 66.46109575110185, 60.247773500974795, 33.661612953155014, 37.766100855573605, 45.72486264033948, 45.31093739333238, 53.344876690876006, 61.79611272574346, 67.12914217774127, 70.93461600121067, 68.83501765274045, 58.877171040392305, 51.263143281364734, 49.01168170942765, 67.18695698937316, 65.48638451950515, 67.03902474465708, 72.21389004776933, 75.43329736532314, 81.2545862047228, 90.09116741827404, 89.9301381744411, 88.11292159485924, 84.29926997716501, 78.85069762286071, 73.07502426703806, 68.15853020647616, 70.78975132503528, 74.76388375664122, 79.79470182980452, 87.16698498425943, 80.61116503790657, 75.59026121751563, 71.70654198251397, 43.41358883175642, 47.67350522356339, 60.375913095428835, 69.25900625291274, 83.13539023674835, 94.24366577283878, 101.23766891316949, 109.07461504660698, 125.89026419922685, 131.26219376345205, 139.49872664476706, 131.67856079836335, 125.64791223573782, 118.31497373233279, 108.68860805907944], [24.057933481705152, 18.903288005350866, 10.136472054555618, 0.0, 8.643345922888079, 16.610986359315902, 23.006676066572044, 64.4649270004719, 70.93800340526106, 78.49636910110536, 86.42952848003641, 94.16384003395163, 86.66024283115732, 78.39402625081016, 69.95268612615307, 36.12964994842451, 29.51121865449812, 24.659039547341923, 22.370535489861503, 20.823044480389175, 16.830098226531923, 17.424213836838234, 20.695191037859615, 25.04809080029993, 31.152829002800544, 69.3980966626778, 75.53804495347084, 82.17212095532474, 90.28295446016351, 96.5183168720856, 94.43565417878015, 89.48690199741816, 81.31657875622619, 74.30767437403581, 68.1664760692709, 42.43932844202637, 45.27747222798001, 51.79445074481255, 48.18002741970769, 55.297466047154785, 64.83419554778088, 70.67250150724509, 74.39651555763389, 72.98894588888555, 64.69177943660094, 57.9896287997972, 56.95833160678457, 65.08990316317336, 65.2488109998898, 68.18309416163626, 74.06680084610856, 77.80478073838427, 83.52541167153859, 91.98147362536288, 91.20947887341164, 89.04691875276968, 84.63229011017341, 78.50529937321244, 71.7518468269637, 66.61960845881178, 70.96825797586185, 75.8684106692588, 81.42339078141866, 88.96035207661296, 82.08810631424548, 76.52000826009966, 71.72291907674715, 39.39422404888794, 38.64322798978282, 50.736277757761826, 60.56812401298408, 75.08386121414276, 86.9293332095494, 95.53615547899948, 107.6007154675646, 124.7548216687631, 130.8127196590714, 139.04069960355983, 131.85917413817103, 127.08019050069116, 121.344293638298, 114.15553874245845], [17.7536437732181, 13.651017476789411, 7.603760973200367, 8.643345922888079, 0.0, 8.583154307510087, 15.75500187052356, 57.71700980051609, 64.25292441771884, 71.8079342163458, 79.88809521714968, 87.97247077235164, 79.9584284642485, 71.45100731164904, 63.028673724911364, 30.927195912605995, 26.49687482412165, 24.13342092532302, 26.412485344898744, 27.55766089382134, 23.123643031708152, 19.85514292806025, 18.653663740942395, 20.459673466985684, 25.312143974060447, 62.749123431785435, 69.15975044186602, 76.01314166011971, 84.54665674908976, 91.07253868296453, 88.48198341296164, 83.31883794120084, 74.76028607453273, 67.61709804367005, 61.394819809201046, 35.13980420632694, 36.86613562553823, 43.16513874573562, 40.216989021704265, 47.738065993167766, 56.867487641654535, 62.58673416212555, 66.6062153711735, 65.16838144519636, 56.377102229779524, 50.07383760166487, 49.81037615738046, 59.985782971102246, 58.88538753440407, 61.054824475505505, 66.62578035344315, 70.19311957585177, 76.0788821329314, 84.89691442127194, 84.28677042131712, 82.16652947719413, 78.00290747001229, 72.24593557964697, 66.10944641211665, 61.11462527609116, 64.3790884725762, 68.80553632411117, 74.1923439352235, 81.8365019305842, 74.93764404875895, 69.5545753484509, 65.23288589932955, 47.0329870782353, 46.078302884488316, 55.44542628870087, 62.88621783877357, 76.19879234473672, 87.03141345370265, 93.71118439297993, 102.12643050787308, 119.73621017444138, 125.93783055146355, 135.01912730364634, 127.92247455399027, 122.8494612117991, 117.28871691106502, 109.92103560949177], [11.40030876736104, 11.161273213298786, 11.91439561586386, 16.610986359315902, 8.583154307510087, 0.0, 7.4634598804476715, 49.30820025371947, 55.915145724626115, 63.49133663076821, 71.55085598388389, 79.73674068305051, 71.53464915451337, 62.959435559763186, 54.55035639024571, 26.383649151617828, 24.839944307386215, 25.198181868779226, 30.66090361728118, 33.50719315215987, 29.339060463595317, 24.27844516071624, 19.565915142204673, 17.88722469723118, 20.282082772130675, 54.822783109653834, 61.28973651614766, 68.10724433283421, 76.71882873186729, 83.2878280781659, 80.43149189848653, 75.25084520618452, 66.59256446379679, 59.45725295197346, 53.244632231495565, 27.544807973741726, 29.065012998748823, 36.380045865362796, 34.650777483224445, 42.39253348255937, 50.88513340401313, 55.84830893966437, 59.21332088287014, 57.29111062667734, 48.20983559153168, 41.5366013493115, 41.581382510667936, 57.45020352194963, 54.93856318934506, 56.095673310085886, 60.93472607891607, 63.89781813857641, 69.48142992762442, 78.18826365982083, 78.12069159135204, 76.53600973619123, 73.09713513038756, 68.01947321425779, 62.731482883716964, 57.996640970184345, 59.859343308379174, 63.45536530645661, 68.14262558742378, 75.2976661188262, 68.95326137140864, 64.27127003121966, 60.77939345242683, 52.70477697999401, 52.00525454311118, 60.099410209474556, 65.87479249449075, 78.34751966308423, 88.17058632479066, 93.2770676424448, 98.41491518580037, 114.54802896304568, 120.0769567485471, 129.17726525983062, 121.7998581584434, 116.15954143900643, 110.31792338303649, 102.76405918827844], [7.988453652303992, 12.80237390395629, 17.42228045895875, 23.006676066572044, 15.75500187052356, 7.4634598804476715, 0.0, 41.96346539037553, 48.585975406718866, 56.20329614287739, 64.1761970272788, 72.35635076538452, 64.24709013386814, 55.73178331667145, 47.30027701728899, 23.731707649626482, 24.651287852455273, 26.89829061091946, 33.902091641766916, 37.711477386732085, 34.013649240291784, 28.36010222441756, 22.067512721810907, 18.026706901332286, 17.757758851171396, 47.984881949363164, 54.327310238194684, 60.9526839398231, 69.40644074615659, 75.88233156766181, 73.01338286070796, 67.92374318290206, 59.38824828262472, 52.34636494972327, 46.19616969930655, 21.961272945713823, 24.57053987634041, 33.70642254807409, 33.546052473871946, 41.115600229623425, 48.78873688398097, 52.64513681061303, 54.75763367384502, 52.06168688944634, 42.86808674960158, 35.10790686325629, 34.73049439798554, 58.165266968703214, 54.60435227756223, 54.84945984074539, 58.803343272469206, 60.97247052154069, 65.95564403131333, 74.20091136906737, 74.83799979056263, 74.01367294842579, 71.45846569128845, 67.11862864586342, 62.629209249408646, 58.19477814129055, 58.83689899852807, 61.543609362825784, 65.29570964298271, 71.60824980746244, 66.14294666689541, 62.384371256926755, 59.775939511369465, 56.06458380937804, 56.10194516884769, 64.08728959706112, 69.1348656939443, 81.23194304171354, 90.35612818376211, 94.57639849841601, 97.57914730031348, 111.31011519352276, 115.72973703332639, 124.22429751772634, 116.32865771341012, 109.97841580645581, 103.43804997971334, 95.50269872793469], [42.666093170594536, 50.32334851858074, 58.1570555463713, 64.4649270004719, 57.71700980051609, 49.30820025371947, 41.96346539037553, 0.0, 8.834849914629507, 16.347859236951056, 22.645578852975344, 31.233823127980813, 22.61681345533968, 14.297884657401143, 6.173299386034181, 44.22737206336117, 52.834521107028934, 59.405405530485766, 69.07050234418888, 74.81158590889262, 72.31156076838056, 65.73928103193222, 57.34857589074649, 50.098651121091095, 43.42439032625579, 19.67117617460087, 22.571948526314156, 25.539069249647607, 32.099210258381085, 37.60762986115912, 33.09572711365305, 28.943074954656524, 21.609469721204984, 17.187498203836558, 14.61473140419816, 30.295202741850648, 32.2150274335725, 40.67445128802199, 47.501102710002606, 50.61824384437908, 50.5457152994997, 46.544274286024944, 40.021121422886324, 32.39713797133534, 26.646920109750116, 16.553082882409697, 15.70747439909223, 72.33614190850416, 64.18470460717222, 59.43121464936816, 57.318220559442956, 54.18478580739101, 54.34442930913482, 58.27138521973661, 63.402350297317724, 67.20152052597302, 70.23417421667884, 70.9340208904415, 71.78943900948056, 69.87442037780463, 63.83644276742373, 60.841526058220374, 58.23051794263214, 58.072900614837266, 59.1724001412042, 61.69086671365301, 64.70700660185555, 89.49765358339646, 90.80258512775028, 96.03291216032261, 96.65420940287427, 105.22895330231228, 109.98453408009075, 108.41885063487824, 97.58728965341004, 97.87232282227893, 95.8169662885748, 101.52867842927576, 91.22509010147013, 80.35112962069358, 70.06668110020883, 60.11965860970731], [48.17445023407106, 55.59167005152511, 63.9436081132868, 70.93800340526106, 64.25292441771884, 55.915145724626115, 48.585975406718866, 8.834849914629507, 0.0, 7.867149471939949, 15.904553242687737, 27.54342461371545, 19.354844984414136, 12.19839940388025, 8.86694359722103, 46.997899899098954, 56.16353791030165, 63.25068300748933, 73.47087276551548, 79.89493811016436, 77.50885867939353, 70.4710871608345, 61.78227464969526, 54.36042102596058, 47.300461083473024, 14.106475212205345, 14.905828547340429, 16.97159460423896, 24.180831603115987, 30.79595004573981, 25.818368850463038, 20.686751263976394, 12.777283676084757, 9.150689893088169, 9.446168597768779, 33.95079215084087, 37.049057797041804, 45.69055192344694, 54.509647362563285, 57.80032913119791, 56.696481354538065, 52.1540638653972, 45.65012494629572, 37.73993214523685, 31.31766984626858, 21.698043778773698, 17.42782044535331, 80.36472801268965, 71.70200228078475, 66.339846097538, 63.663290477831886, 60.070395978365106, 59.94442124544105, 63.49686905887786, 69.15497668401534, 73.29781571573557, 76.84411465677859, 78.07701644654419, 79.4916187414499, 77.76788623060904, 71.07315107164472, 67.50390035222078, 64.37086751349652, 63.61327647529483, 65.36473461382394, 68.41564899572425, 71.9869030651083, 94.3902860293224, 97.84330812297807, 104.27238424394118, 105.35567396156604, 114.05799270502371, 118.76385954580552, 116.89531175942219, 104.28788330132024, 103.42091580776638, 100.20653864441475, 104.99938413423472, 94.01033724355898, 81.70078940479029, 68.92168735096904, 55.106210704666466], [55.44268988943606, 62.71797596454331, 71.25471539746206, 78.49636910110536, 71.8079342163458, 63.49133663076821, 56.20329614287739, 16.347859236951056, 7.867149471939949, 0.0, 9.757002921633566, 23.69448887292404, 16.4472606786374, 12.34725278041318, 14.191750358688742, 52.951479869511715, 62.37024261980181, 69.69661487739667, 80.15279993504251, 86.87485664604658, 84.55866650657426, 77.32337350907517, 68.51018518046388, 61.031020989415836, 53.8178478982479, 15.58299966349948, 13.018315426823165, 11.856660753845242, 18.29105658472949, 25.29145518951927, 19.39403164795451, 13.705763870541912, 6.2092154954529475, 7.951363379529385, 12.761896706916806, 40.39863426729103, 43.401287776497846, 51.34454512440881, 60.98135282456305, 63.93256672868903, 61.82761127159277, 56.56341471564579, 49.60462962467815, 41.59672228695568, 35.937457952655826, 27.919736787953806, 23.61685703821696, 86.69297004245412, 77.61022390317804, 71.71654895651169, 68.36323558244567, 64.21114472339585, 63.5088587490919, 66.35007281562231, 72.53717954734547, 77.15338143603029, 81.35234558402206, 83.23549650376323, 85.3128671472834, 83.89725077777142, 76.52180726530484, 72.31163615118332, 68.47415901887727, 66.85274568109375, 69.47347794729528, 73.23117390447837, 77.43133318558792, 101.12645094509692, 105.3963964503017, 112.00620108951485, 112.91743450471054, 121.33445307067211, 125.64876005324444, 123.13270591258352, 108.51225656608203, 106.00910331702305, 101.69428364789036, 105.8279827284639, 94.44747407955697, 81.09721751191579, 66.87206074668363, 50.860198901529095], [63.95087096945503, 71.38581573128683, 79.67460727766388, 86.42952848003641, 79.88809521714968, 71.55085598388389, 64.1761970272788, 22.645578852975344, 15.904553242687737, 9.757002921633566, 0.0, 14.673515368400757, 10.155858300349509, 12.680255049418012, 18.775123635079527, 62.33590235668557, 71.49764977742358, 78.57587715215224, 88.55389761278128, 94.90692180598158, 92.78930849596594, 85.98108840504713, 77.4297125093776, 70.073274590909, 63.00913991938637, 25.095378449320517, 21.160744883020822, 16.242865066621835, 16.068695771538835, 19.506302440033966, 12.70155322830657, 10.915568781733821, 12.014335520203641, 17.387994871955215, 22.48749576765372, 49.68449814435367, 52.03689585911158, 59.01001960241243, 67.48641850825018, 69.41551456510223, 66.77330063255731, 60.54532807085164, 51.89061995431639, 43.91227600792282, 41.490253120383166, 35.42146327619548, 32.93265782537015, 90.83429207260494, 81.83790199956496, 75.82202326191701, 71.72713733781886, 66.84176509908093, 64.81222705490902, 65.86603113118773, 72.74849167611787, 78.31115935390771, 83.47611943959024, 86.1178997443137, 88.80884488549665, 87.8183467925155, 80.06849934391083, 75.2574999024084, 70.3331638716572, 67.04366475149067, 71.21237758851366, 76.04318668553822, 80.85503989762451, 108.26628821974953, 111.4443478173469, 117.08002160850543, 117.18298471044004, 124.9198632096965, 128.41153930025314, 125.19360908852808, 109.4051347154027, 102.90820176624496, 96.74196887234741, 99.56170015977096, 87.74442476032183, 73.54264564257026, 58.80188908143618, 44.08238070747901], [73.24323977580801, 80.90268235203412, 88.52005071267146, 94.16384003395163, 87.97247077235164, 79.73674068305051, 72.35635076538452, 31.233823127980813, 27.54342461371545, 23.69448887292404, 14.673515368400757, 0.0, 10.95856526299648, 19.676589686288885, 26.694360234556907, 73.94369302770694, 82.44555066521885, 88.87889473321427, 97.78990693823216, 103.20472931551032, 101.38028984681326, 95.51681190328145, 87.57975895736429, 80.5463395071668, 73.91344868889388, 39.08596577183209, 35.362650638241774, 29.686805451245057, 24.797133101869196, 21.39283231955521, 17.37728742052873, 21.888449641422323, 26.510338124069825, 31.52648911570053, 35.85685333588145, 60.97904919441147, 62.438345846350046, 68.34883571413644, 74.13414131785987, 74.58542347518363, 71.98720388337897, 64.92643113836844, 53.99727607364911, 46.560187353507814, 48.94210402421381, 44.9003801204851, 44.79101223365126, 92.98412648744763, 84.72360723674763, 79.12587647780863, 74.44329832334424, 68.89598139684227, 65.02696874721433, 63.30521100746003, 70.82591653837471, 77.61451559368466, 83.84019203152725, 87.19053497140904, 90.3051909429318, 89.81163876039005, 82.19639970199144, 77.01958631523766, 70.89506592202362, 65.3758412465567, 71.51846728198817, 77.53148186809203, 82.74428073322993, 115.12990065749516, 115.56304768922969, 119.17444287567861, 117.9400131846581, 124.59918158928451, 126.89051726420999, 123.03986726357056, 107.34336145167065, 94.62938776557233, 85.82310888989157, 86.5178836451456, 74.17734563506194, 59.32659811936196, 45.46657667508756, 38.117026580807035], [65.27594344618088, 72.93988416464389, 80.7003927704792, 86.66024283115732, 79.9584284642485, 71.53464915451337, 64.24709013386814, 22.61681345533968, 19.354844984414136, 16.4472606786374, 10.155858300349509, 10.95856526299648, 0.0, 9.236416553347786, 17.199771066718125, 65.95090777692093, 74.90903925300815, 81.65374768307319, 91.21393832646915, 96.86211226534779, 94.60604585755095, 88.22927485738172, 79.86188419269952, 72.5606024563721, 65.70380393282412, 31.60352349958923, 29.378051856130043, 25.89739269259332, 25.579325267244638, 26.51375436995442, 20.45623369337447, 20.89282391079808, 20.921308394237418, 24.247317711287426, 27.825862028508407, 52.036188637841235, 52.360572351248926, 57.677249626619684, 64.09650805195005, 64.78886584833077, 61.87555788611912, 54.98276394483888, 44.88340057462234, 37.14246294107369, 38.19485692775781, 34.588980508136125, 35.797737115384685, 84.57545407257172, 75.74526232541253, 69.78474266914206, 65.22094393690588, 59.90262272067978, 56.91824067673088, 56.85433703173601, 63.99997237796277, 70.08534090395597, 75.7845557739388, 78.87765357324102, 81.98772118426814, 81.37646443623184, 73.41739396128112, 68.26454145399924, 62.65182766705473, 58.36098326683355, 63.41629704555621, 68.9154667388317, 74.08323919539755, 110.31378413675887, 110.55543033714818, 113.82750144877816, 112.39254986531706, 119.01266406164999, 121.5782996878705, 117.39728914238657, 100.74724787498161, 92.81421540527835, 86.77430375461131, 90.58614536105063, 79.52114731331295, 66.41935062720516, 55.3425526378745, 47.58301745359499], [56.72921949743124, 64.35704035958605, 72.19796738781719, 78.39402625081016, 71.45100731164904, 62.959435559763186, 55.73178331667145, 14.297884657401143, 12.19839940388025, 12.34725278041318, 12.680255049418012, 19.676589686288885, 9.236416553347786, 0.0, 8.448675284907392, 57.475557161725554, 66.58041603203597, 73.43627173315703, 83.31794145128254, 89.102536317826, 86.60141575779237, 79.9401223123042, 71.37269361165251, 63.96556142887043, 57.041455172100875, 25.091460948819897, 24.762654444255425, 23.977413957312972, 27.51688240733221, 31.20769783844736, 25.102336976700997, 22.6760698032303, 18.29148333926486, 18.68577721687471, 20.680542018230252, 43.11555983310962, 43.12637657886303, 48.796850692149356, 55.771654982200964, 57.15421072198504, 54.685096812966734, 48.504481540892996, 39.65276026496385, 31.621488903783597, 30.13595236264728, 25.40486864561118, 27.101469309906594, 78.1972813525812, 69.20934147572729, 63.31164044649819, 59.3672147203561, 54.66786580955158, 52.92197393406034, 54.72267247972327, 61.182067474228646, 66.36016675747918, 71.1564607419937, 73.55128819750446, 76.13073312539227, 75.15107250803601, 67.44309654701239, 62.79457599484665, 58.1546068737044, 55.514162444958686, 59.04016348446232, 63.569690582392965, 68.22153928229969, 103.48152920662396, 103.95302880101183, 107.56140397010056, 106.53654061589896, 113.60639990705056, 116.82082246695285, 113.12739742676463, 97.45168431269673, 93.67864440900078, 89.77836388778373, 95.23802735602376, 84.81903690309393, 72.87660017981663, 62.75837299878361, 54.058860945398315], [48.349370234528074, 56.00291412548167, 63.771781413717214, 69.95268612615307, 63.028673724911364, 54.55035639024571, 47.30027701728899, 6.173299386034181, 8.86694359722103, 14.191750358688742, 18.775123635079527, 26.694360234556907, 17.199771066718125, 8.448675284907392, 0.0, 49.814603152951655, 58.674868810186666, 65.36282213514728, 75.13662531323122, 80.8253977011564, 78.25856506372378, 71.64734564472906, 63.15803405452011, 55.82095134026326, 49.0395459241363, 21.807191311838277, 23.57520378651489, 25.20509662186277, 30.827817179140492, 35.676614799548915, 30.393967446566155, 26.823633111625014, 20.214117054586108, 17.440430209876503, 16.749797537676624, 35.38142562611011, 35.831965666777855, 42.67039732954703, 49.42630082086691, 51.639971552291286, 50.41970894489519, 45.37291344634054, 37.72966074733582, 29.78511560836839, 25.935783533142835, 18.582327965484275, 20.13175608060151, 73.15165752281612, 64.54118525620706, 59.21764982373558, 56.25769834110225, 52.41768473326503, 51.79378395305885, 54.963012564379724, 60.63063040444351, 64.98641652180478, 68.76871615879938, 70.21694059401018, 71.874718473923, 70.3951305420608, 63.52619175506401, 59.76326376371848, 56.26467419821087, 55.12788670159048, 57.192788615573434, 60.58725870040532, 64.3615924772198, 95.53190002546242, 96.06079019110909, 100.20508330402296, 99.86053712334609, 107.62118073215498, 111.61273083086093, 108.95317117785946, 95.80613233304388, 94.74170591818952, 92.21013595995802, 98.20639329713997, 88.04376549361207, 76.97924289487754, 67.30351252938755, 58.44872966101641], [16.26978318787811, 17.48571985427552, 26.161849283747888, 36.12964994842451, 30.927195912605995, 26.383649151617828, 23.731707649626482, 44.22737206336117, 46.997899899098954, 52.951479869511715, 62.33590235668557, 73.94369302770694, 65.95090777692093, 57.475557161725554, 49.814603152951655, 0.0, 10.709299293687941, 19.199891022753906, 32.11674376888788, 40.73112820917434, 37.375010463047495, 27.850412760321564, 18.189421350405468, 11.296138364492045, 6.190003762284482, 39.64891011704894, 45.773598700248044, 53.483681615199764, 63.26189425964189, 71.63335930184172, 69.09655152162601, 62.542574735359985, 53.701373491989216, 46.47275618873918, 40.52544930576263, 16.20431817151052, 26.952626669412055, 39.41239426031903, 48.17042557866001, 56.82697394894511, 61.38529039411026, 64.15693416237478, 66.73865327817319, 62.437137365575275, 48.992643258436445, 38.40401272642881, 30.850176386873006, 78.38740008652596, 72.73887917221967, 70.82628596735329, 73.45378853163945, 74.67670390300445, 79.81423951101898, 88.54621758908587, 90.32228362871075, 89.9717066070947, 88.29658324662859, 85.03892556977664, 81.99391604123068, 77.96292051574282, 76.36767709086938, 77.55036340503894, 80.4045712158681, 86.2594125794008, 81.51905065400511, 78.69573687403816, 77.5480007454157, 59.547534261941585, 70.86764941845429, 84.49260940115214, 91.792554414206, 104.50565931055115, 113.93179650885476, 117.68954022178823, 116.28962895173422, 129.81502346846776, 132.56151145323514, 139.82635305190436, 130.25719579422272, 120.93334601180551, 109.18045423579011, 93.03801148088105], [16.93094122734817, 13.76098335925576, 19.932396518344422, 29.51121865449812, 26.49687482412165, 24.839944307386215, 24.651287852455273, 52.834521107028934, 56.16353791030165, 62.37024261980181, 71.49764977742358, 82.44555066521885, 74.90903925300815, 66.58041603203597, 58.674868810186666, 10.709299293687941, 0.0, 8.594200932825053, 21.69109379376658, 30.68267066292623, 27.469917329830697, 17.90048912033146, 9.434816532712496, 7.372200086142941, 11.22485525733196, 49.50286332169818, 55.296438484826254, 62.644287032083184, 71.81249020014042, 79.72906527770347, 77.79034523803048, 71.58076151000179, 63.20776761663384, 56.14016942916664, 50.24909116963039, 25.753290598443783, 35.282958191460125, 46.736830456533255, 53.006777518299124, 61.769652021716006, 67.6986342176531, 71.38608631719659, 74.33571355144375, 70.5153200434011, 57.863096489758476, 47.61023205609713, 40.640476298235825, 80.89059166018991, 76.67309070615579, 75.95890250075935, 79.5074425555196, 81.40223348151888, 86.79603032399447, 95.55868698411126, 96.81056439612375, 96.03128784083586, 93.62416144164956, 89.5503545048864, 85.45048715020972, 81.02298583865287, 80.98547210490209, 83.16187209300679, 86.76789169804661, 93.09742793309385, 87.79764353569504, 84.21722102227372, 82.09178068871148, 49.72653000828573, 63.128920659750484, 78.99000922398582, 88.19468923169613, 101.97989829280361, 112.47946532275566, 118.09725124770335, 120.68821712643897, 135.00410053640692, 138.1613435363022, 144.96628597852833, 135.47687561172532, 126.73874122047518, 115.17594091006582, 99.6218096992879], [20.299714871355533, 14.677740632522465, 16.62526839061511, 24.659039547341923, 24.13342092532302, 25.198181868779226, 26.89829061091946, 59.405405530485766, 63.25068300748933, 69.69661487739667, 78.57587715215224, 88.87889473321427, 81.65374768307319, 73.43627173315703, 65.36282213514728, 19.199891022753906, 8.594200932825053, 0.0, 13.214181616756145, 22.344664472726752, 19.270186599050717, 10.060262602155571, 6.5038186115947285, 11.78135131588058, 18.39711107668348, 57.37166969362095, 63.004661249139886, 70.07296809600206, 78.77039719764818, 86.25653183640033, 84.6874905539707, 78.79633454749317, 70.73250859495836, 63.766297872277946, 57.88767013252132, 33.30291096411726, 41.93852298016891, 52.60052986379245, 56.80015961875169, 65.4246247483138, 72.35204344002226, 76.64357149022247, 79.75116292104987, 76.32928576865035, 64.45674694248146, 54.54153771664983, 48.20829479021787, 82.31450660214544, 79.30373368784623, 79.55335355469083, 83.76223218286187, 86.13489082378487, 91.6411276506763, 100.33077279319404, 101.16564919382095, 100.0845458873229, 97.1455894253735, 92.47043961165242, 87.56931982229261, 82.87798614384876, 84.08047345574623, 87.00667225094858, 91.1352517372721, 97.75417260104399, 92.08443839633584, 87.9729300389801, 85.10916417773205, 41.72614125513302, 56.32683814120912, 73.81485965695137, 84.47533266611421, 99.02465473425232, 110.30901478686364, 117.4056518538754, 123.27914941325565, 138.0473140912781, 141.55890611649392, 148.04777318926932, 138.73294859784673, 130.61599662851845, 119.52996584811622, 104.96190670605456], [29.284680891106415, 23.176807902134083, 19.723560978356574, 22.370535489861503, 26.412485344898744, 30.66090361728118, 33.902091641766916, 69.07050234418888, 73.47087276551548, 80.15279993504251, 88.55389761278128, 97.78990693823216, 91.21393832646915, 83.31794145128254, 75.13662531323122, 32.11674376888788, 21.69109379376658, 13.214181616756145, 0.0, 9.816770529635143, 8.705898408773557, 8.372966009506428, 16.48607196882065, 23.597286206547082, 30.64175722221299, 68.7511012278239, 74.0387338573435, 80.57991895083269, 88.43040273082201, 95.16108107259154, 94.22121737067255, 88.89204349424308, 81.4313063735224, 74.71728746229667, 68.95271799047522, 45.166273305787605, 53.18525144445445, 63.14825170845459, 64.69579008752429, 72.83154580975331, 80.93981057103257, 85.72348856196055, 88.57918313280688, 85.5436900247204, 74.96666867747616, 65.27410945296795, 59.477150685016944, 86.30494011019236, 85.05726395164214, 86.59999708553173, 91.51224442095695, 94.33792327854512, 99.72419472318434, 107.99794351979611, 108.4049040684383, 107.12943490037303, 103.66941804411864, 98.30835874569784, 92.38920916304158, 87.42157125119758, 90.2930169650599, 94.10892325597351, 98.69627944088926, 105.38064310732595, 99.51209259366432, 94.92053936146823, 91.17984887382072, 28.887240036188675, 46.130448878333915, 66.70068281942423, 79.79963263842521, 95.52003228938004, 107.89470748000805, 117.33832608936649, 128.24662539213207, 142.64123659006833, 146.25602600261087, 151.83522103694077, 142.65955939665727, 135.3745597019627, 124.8395699373943, 111.79885838147328], [34.87703246477338, 28.875031818483183, 22.80256835305798, 20.823044480389175, 27.55766089382134, 33.50719315215987, 37.711477386732085, 74.81158590889262, 79.89493811016436, 86.87485664604658, 94.90692180598158, 103.20472931551032, 96.86211226534779, 89.102536317826, 80.8253977011564, 40.73112820917434, 30.68267066292623, 22.344664472726752, 9.816770529635143, 0.0, 5.280789322807059, 14.554163429760882, 24.025574252689218, 31.200545600881988, 38.370808141109414, 76.40854451564263, 81.68292862388456, 87.95427558973296, 95.36577235069961, 101.54145167903057, 100.75597806665053, 95.83693284728415, 88.58625407037613, 81.95099486613482, 76.16904952295187, 52.36923164263448, 59.30129210646912, 68.36178884019402, 67.61384212858674, 75.19218452815853, 84.1557457843853, 89.35389244502112, 92.15348560053305, 89.62748099910972, 80.23999700159155, 71.1738717971056, 66.47033158784156, 85.74353143970033, 85.88560697536475, 88.45008993080907, 93.90564196954362, 97.13015689864311, 102.4488625731539, 110.42976303994377, 110.37098831391992, 108.84426136062086, 104.92736758640467, 99.04714711980678, 92.3890003622762, 87.27274976263024, 91.42686300198739, 95.9418425294135, 100.9287509656315, 107.73812044184852, 101.6287261115188, 96.62115780923259, 92.19115757084367, 21.54970253172486, 37.094901538088415, 58.88757931622243, 73.3036283742777, 89.57904448397385, 102.57410600283806, 113.518366375544, 128.05010098834896, 142.54213456607755, 146.63272767810767, 152.0504344612044, 143.36647965085098, 137.134489486059, 127.92024680430659, 117.0719990101461], [31.228332399990123, 24.727433445969133, 18.152443655690494, 16.830098226531923, 23.123643031708152, 29.339060463595317, 34.013649240291784, 72.31156076838056, 77.50885867939353, 84.55866650657426, 92.78930849596594, 101.38028984681326, 94.60604585755095, 86.60141575779237, 78.25856506372378, 37.375010463047495, 27.469917329830697, 19.270186599050717, 8.705898408773557, 5.280789322807059, 0.0, 10.242392249282583, 19.90786309161568, 27.28102038228206, 34.671012525337325, 73.88207407735469, 79.44626741227015, 85.99945544289668, 93.83744164097043, 100.30043192023544, 99.13484692082423, 93.99702968446104, 86.36321380673067, 79.53612827357199, 73.61056455761694, 48.78903718724172, 55.09481567896288, 63.730138068293186, 63.09490235666753, 70.82535853637498, 79.69596520190429, 85.09352012190223, 88.38827016874485, 86.04354199277843, 76.36511842807305, 67.70057162196044, 63.47862330896149, 81.90940166087343, 81.7531843390991, 84.17353588560792, 89.68466203679422, 93.03122095433164, 98.60529876218692, 106.92745683884776, 106.73942897868521, 104.99636541078975, 100.94815911101237, 95.05833701794174, 88.50490953375764, 83.3965034971236, 87.3472147463418, 91.85237427428935, 97.008045710577, 104.12196412826677, 97.74011493179711, 92.57401509690247, 88.15304857091049, 26.728985937815303, 39.270933491682996, 59.080060537289654, 72.45795447355309, 88.26369464574962, 100.99240400646667, 111.16183716871109, 124.36908573024547, 140.03233281670333, 144.65776329602468, 150.91968510740122, 142.50185866779842, 136.35650861090173, 127.57646630058474, 116.79610113207515], [24.004164585426526, 16.863209092241874, 12.757231012520467, 17.424213836838234, 19.85514292806025, 24.27844516071624, 28.36010222441756, 65.73928103193222, 70.4710871608345, 77.32337350907517, 85.98108840504713, 95.51681190328145, 88.22927485738172, 79.9401223123042, 71.64734564472906, 27.850412760321564, 17.90048912033146, 10.060262602155571, 8.372966009506428, 14.554163429760882, 10.242392249282583, 0.0, 10.073585555685819, 17.86895001996651, 25.46164548144377, 65.78149772535293, 71.59475830945813, 78.57475353301041, 87.08234189032596, 94.18270637126433, 92.58354138445705, 86.96664784117675, 78.86960355132425, 71.83824975409391, 65.82027851833485, 40.141594115977256, 46.794082243771875, 55.884685626759435, 57.38150521107478, 65.69343688982406, 73.7154538049497, 78.87591975091094, 82.56310346046217, 79.9243563802769, 69.03904410647857, 60.190662213363844, 55.51166649765299, 79.71984908284352, 78.11611131190212, 79.51674219306295, 84.56652704881083, 87.63759688652827, 93.43207035286238, 102.22225641813584, 102.34524715431509, 100.6804960985314, 96.9586449505427, 91.54125373698844, 85.741131062674, 80.79596046024352, 83.44549269743975, 87.30844272691046, 92.21178388267707, 99.40790088048955, 93.06424730836802, 88.17221710443489, 84.38424235983904, 35.75786407995696, 48.30285389699446, 65.92969725061168, 77.44898158254045, 92.37838612574396, 104.31941632790698, 112.64490843207119, 121.79177453736663, 138.07885670033497, 142.65696947403276, 149.62917515765224, 141.01661585804197, 134.09980022382453, 124.62733309902426, 112.25739609055657], [16.139313727609213, 9.299827556905505, 11.432860809022122, 20.695191037859615, 18.653663740942395, 19.565915142204673, 22.067512721810907, 57.34857589074649, 61.78227464969526, 68.51018518046388, 77.4297125093776, 87.57975895736429, 79.86188419269952, 71.37269361165251, 63.15803405452011, 18.189421350405468, 9.434816532712496, 6.5038186115947285, 16.48607196882065, 24.025574252689218, 19.90786309161568, 10.073585555685819, 0.0, 7.929120893243278, 15.569782244397963, 56.56471364555576, 62.6285430932798, 69.91243509080047, 78.93493448982835, 86.46352209214393, 84.40610623634342, 78.47213599242596, 69.98339516208411, 62.79715199154827, 56.700377720481804, 30.422186370498327, 37.455037678046594, 47.27409523395565, 50.75500257071293, 59.40407625936705, 66.53027904569213, 71.1909896902522, 74.85305865354448, 71.8680491785331, 60.14477862309432, 51.086156677097314, 46.18966733855556, 76.16744652448732, 73.14880099730293, 73.51137905121693, 77.93879000888774, 80.57384853760634, 86.34467782781027, 95.32704922182015, 95.84693152438298, 94.44808286438371, 91.23965441051676, 86.42132369690614, 81.4605967824698, 76.75758696553252, 78.04163438275774, 81.14813663984734, 85.58108845030547, 92.58902072812174, 86.52733767962313, 82.11881030680374, 79.07946925279421, 44.68768646576726, 55.6303653595184, 70.96143317259454, 80.5189033041911, 94.51139169759267, 105.50312164710127, 111.99620635467123, 117.2785830950728, 133.30629358813434, 137.62797543125228, 145.12626241800746, 136.37985896252908, 128.85877109244745, 119.06292751810787, 105.89330539513453], [10.798322176302209, 7.221783684273852, 14.995092193502812, 25.04809080029993, 20.459673466985684, 17.88722469723118, 18.026706901332286, 50.098651121091095, 54.36042102596058, 61.031020989415836, 70.073274590909, 80.5463395071668, 72.5606024563721, 63.96556142887043, 55.82095134026326, 11.296138364492045, 7.372200086142941, 11.78135131588058, 23.597286206547082, 31.200545600881988, 27.28102038228206, 17.86895001996651, 7.929120893243278, 0.0, 7.6744830527782755, 49.01122470921719, 55.257960641092154, 62.69830704839194, 72.01886436699776, 79.76371112862117, 77.36281227727153, 71.27197331349342, 62.53466719677537, 55.257233726426925, 49.10511219719301, 22.51839372715445, 30.189442380367762, 40.96446730941771, 46.02680271825045, 54.75463727522463, 61.09738049984606, 65.1421038991804, 68.456649057041, 65.10392649592238, 52.896641987969225, 43.51000848460576, 38.43335775865983, 73.53190821541783, 69.42792978009605, 68.94466595271008, 72.74989062658896, 74.90844957043831, 80.48380016395024, 89.42855311323542, 90.34868531744691, 89.30423475136271, 86.64116545705667, 82.38856901820185, 78.15167309382814, 73.69458986914232, 73.8530023333381, 76.26830578428688, 80.16104599271162, 86.81745656607896, 81.16648799500688, 77.3017492671563, 74.94694051238133, 51.26905619842859, 60.782958395531345, 74.43038480242463, 82.5055121179814, 95.75726435856416, 105.94314756292442, 111.07118156991082, 113.50330385642471, 128.71817478597683, 132.64789512605734, 140.3694690837325, 131.4979319348832, 123.5340059690703, 113.56797289397197, 100.08791153507705], [10.476403973809001, 12.25245720884676, 21.330080523726952, 31.152829002800544, 25.312143974060447, 20.282082772130675, 17.757758851171396, 43.42439032625579, 47.300461083473024, 53.8178478982479, 63.00913991938637, 73.91344868889388, 65.70380393282412, 57.041455172100875, 49.0395459241363, 6.190003762284482, 11.22485525733196, 18.39711107668348, 30.64175722221299, 38.370808141109414, 34.671012525337325, 25.46164548144377, 15.569782244397963, 7.6744830527782755, 0.0, 41.588694438597685, 47.99022017333441, 55.593835635759234, 65.22396995191527, 73.22385503334938, 70.50202139805056, 64.22223067535752, 55.255708767151205, 47.90507588474779, 41.72801174135778, 15.084589227861859, 24.200773659446387, 36.245712936797545, 43.32037859474432, 51.970097036580306, 57.27337149807369, 60.498644334240645, 63.300416750738115, 59.44704642517949, 46.65025392882057, 36.70279639705996, 31.02546460716843, 72.71620192626145, 67.50098312714358, 66.0709362275634, 69.10756492797749, 70.66709668064078, 75.9488674213005, 84.76783366437795, 86.18473587845199, 85.58526175034866, 83.57701470001989, 79.99160850840597, 76.57724512736571, 72.42588884569322, 71.35615408930441, 72.95732125028032, 76.17164954843139, 82.33725916758772, 77.23935418326087, 74.05368614338373, 72.5012825979236, 57.788282031136845, 66.59129506064994, 79.00535436456735, 85.83958569817192, 98.3924396535173, 107.79535958746605, 111.63994847502978, 111.20531048185842, 125.33922607426905, 128.71357232046313, 136.49875442138037, 127.41624853548738, 118.88138768160914, 108.51333379899127, 94.43112120268724], [45.457283368254124, 51.98343229326864, 61.0397389133136, 69.3980966626778, 62.749123431785435, 54.822783109653834, 47.984881949363164, 19.67117617460087, 14.106475212205345, 15.58299966349948, 25.095378449320517, 39.08596577183209, 31.60352349958923, 25.091460948819897, 21.807191311838277, 39.64891011704894, 49.50286332169818, 57.37166969362095, 68.7511012278239, 76.40854451564263, 73.88207407735469, 65.78149772535293, 56.56471364555576, 49.01122470921719, 41.588694438597685, 0.0, 7.242718391830582, 15.414009571388911, 26.58285057943863, 35.96114087711576, 31.635642757093144, 24.224863729302605, 14.57469231993204, 7.72715685832907, 5.12951627242462, 28.958086381216802, 34.6937096228921, 44.902017836534576, 56.97554418179796, 61.9533273833383, 60.89644873811959, 57.632403829176596, 54.00056488962865, 46.59818464045462, 35.852486920856855, 24.813754564406732, 14.30432