{
	"dissimilarities": [[0.0, 7.449904067227239, 16.6308926850743, 27.143662006820318, 19.035090487700046, 11.409148400270281, 7.813795382388826, 44.041041882940625, 49.62190941109846, 57.86052475304186, 65.32750299702052, 74.05045404344328, 66.1372571751615, 58.820189106023285, 50.43358801936573, 16.20897160167076, 14.365054078241162, 17.056954125841987, 22.762115401838226, 31.122434237363723, 27.45906505939359, 19.808516463104393, 12.969487876536835, 7.0564741538577165, 8.827820708737297, 47.453406148985025, 54.83740908176988, 60.875031998901136, 69.13612049734853, 75.40297320593575, 74.82737240590775, 68.5329406552896, 60.281708468808596, 53.985353293491805, 47.657312589669246, 19.02452656947287, 27.551975795723507, 36.80750853933188, 39.2776623640088, 47.29232658575137, 54.87557019673936, 59.56668695991034, 61.6102125526553, 59.015244078429646, 48.68001891996745, 39.06239572955156, 34.988414423346, 67.26287937127528, 60.93433880624482, 62.21087893308708, 66.3487899632145, 68.28333143687492, 73.21847628304, 82.47369691940827, 83.67891675095791, 83.29688788196174, 81.96612206009522, 77.81418732371924, 72.57457800638433, 67.41352712584013, 68.52791587749323, 71.95983135075787, 75.60515552129691, 80.25088101116057, 75.60515552129691, 71.95983135075787, 69.54998799101854, 62.13450221162502, 65.15423915272225, 74.8665551539367, 82.06924867535629, 90.2637019366098, 103.36812769323298, 105.35064098237672, 114.06862502025616, 126.93988726114172, 123.19811511699108, 129.33659056113248, 121.97525291347144, 113.70714507022694, 105.83813881037253, 92.26491763076037], [7.449904067227239, 0.0, 10.278509408740016, 22.08443089099481, 14.426624986709468, 9.843290901893177, 11.598396948612509, 51.47997239338418, 57.045459816349194, 65.21816257598282, 72.73379945288171, 81.49543422754365, 73.57636809270603, 66.2493948742532, 57.87164950656951, 19.92402017888122, 14.635888187082672, 13.230737935920015, 16.814568229069994, 25.206644835038812, 21.063072080587798, 12.922263304487219, 8.045257250248062, 8.709781448250636, 14.068176780667565, 54.44693661136989, 61.80016115607578, 67.90257486988176, 76.25765043676569, 82.62828445678767, 82.14959646053308, 75.74972808640786, 67.46073699747451, 61.188207211409434, 54.884379700766324, 25.735547621904495, 33.09258921422476, 41.01887537747677, 42.39315441503263, 50.50639692601527, 58.67003152744824, 64.18255169712695, 67.1948497061051, 65.19313339421579, 54.69511173121936, 45.584778354097594, 42.08859391700753, 69.08335932082282, 63.377301957034575, 65.59955752509346, 70.21415107176901, 72.78455346031299, 78.28393357288729, 87.68215204913258, 88.5054470613193, 87.44640418889036, 85.39449519612052, 80.62563191796927, 74.63959635037206, 69.85562512865978, 71.54927522132985, 75.65947181144429, 80.02372791276682, 85.12513508979139, 80.02372791276682, 75.65947181144429, 72.54773209894321, 57.90734853325035, 61.673544098531536, 72.5101673269146, 80.56687493929319, 89.28727546004302, 103.16572628444517, 106.1499155651564, 116.95344629411656, 131.63998702790735, 128.72261671719139, 135.10669441296244, 128.05948817577362, 120.26288061220026, 112.72007057740876, 99.10546967959436], [16.6308926850743, 10.278509408740016, 0.0, 12.28203909001803, 7.563255430180645, 11.671731977732787, 17.26710629906601, 59.603030810434504, 65.57803931874996, 74.0721378488974, 81.33042251259207, 89.35171062510994, 81.8025987731509, 74.50961339173135, 66.00306679539962, 30.079748711400285, 23.61878602177066, 18.250956188078366, 15.231454554271073, 18.152086716533606, 13.160657607634734, 10.733189835135216, 14.523450436494697, 18.898136116615888, 24.289620235768634, 64.06960963225556, 71.38123405340573, 77.27039882324763, 85.25750632371874, 91.27491719606161, 90.82263579315291, 84.8464818005615, 76.75744985781004, 70.47691959256359, 64.13853738936277, 35.29319655563233, 41.25447192684364, 47.33067907810942, 45.35554368349048, 53.40065787278456, 63.12813388942199, 69.34890510203019, 72.56519299145114, 71.33901600229262, 62.157389678916225, 54.12807744452206, 51.42422946985569, 68.66440172571318, 64.49827704472814, 68.36990727610377, 73.57732370744414, 76.78029406101564, 82.54248049891683, 91.49112017912203, 91.8677308450146, 90.25238654283343, 87.30848300089696, 81.85371518564992, 74.59881759577327, 70.63032350412045, 73.33162132721641, 78.36928400093038, 83.42347949154642, 88.69360373215676, 83.42347949154642, 78.36928400093038, 74.24552117781737, 50.99363783103934, 52.96330420446665, 64.16261820159251, 73.1169838566882, 82.72359246782507, 97.51021486162179, 102.30673674056013, 116.84547131114104, 132.7996879753741, 131.10370387935953, 137.49512438992033, 131.05042393184019, 124.38903659822451, 118.21648810791737, 106.62994817038437], [27.143662006820318, 22.08443089099481, 12.28203909001803, 0.0, 10.967237187894037, 19.778492482208065, 25.474746316531867, 66.89730854210609, 73.32190376773084, 82.18728849500387, 88.9656131798421, 95.79527595821506, 88.89138804796612, 81.75186273448632, 73.18702585895058, 41.90261847873094, 35.55215695324617, 29.26656686097901, 23.045918329685065, 17.490781496343125, 13.708914110069296, 20.14566170879529, 26.572446027879117, 30.747039026308997, 35.58538481894562, 73.58459406347092, 80.77819062320256, 86.27134539422511, 93.60030989384094, 98.98401245752763, 98.51615300944184, 93.27833772047302, 85.57753445165478, 79.33848475287114, 73.01476563967508, 45.36594436588192, 50.25201141276366, 54.759675374603574, 49.007717649229136, 56.63195647454715, 68.01308556960754, 74.49835127326352, 77.15478249745196, 76.6112116934041, 69.58425281019944, 62.75732262734602, 60.70211552450782, 67.49765039306685, 65.37834241825884, 70.94730537342278, 76.57257086160492, 80.14582953972739, 85.73473233961911, 93.72918066169274, 93.7420230472414, 91.88751347784304, 88.21261887649537, 82.29135230697813, 73.7422589602316, 70.83146401899563, 74.59038243922498, 80.41488938949047, 85.83835364605865, 90.89065498949259, 85.83835364605865, 80.41488938949047, 75.37549365323711, 44.74234997784593, 41.81012254389021, 52.38039209620463, 62.222330047563105, 73.05071776338897, 88.67887295900726, 95.75746227979371, 114.64552867615862, 130.78064959814532, 130.31809575888084, 136.39857380391828, 130.6693260331107, 125.45930234595558, 121.1899094712769, 112.81922670056518], [19.035090487700046, 14.426624986709468, 7.563255430180645, 10.967237187894037, 0.0, 9.501031099490362, 16.33987981491706, 59.23863768460258, 65.76776435459693, 74.51356241007932, 81.50229639199925, 88.94087917863794, 81.3615903156007, 74.04073178306469, 65.55899568733736, 33.84080083415353, 28.93493712201767, 25.150703677931418, 22.745960652579175, 23.616248853824118, 18.57471710374365, 18.05180820333927, 20.469001648140758, 22.794118046633454, 27.18123627622103, 65.33267853815823, 72.9398397052686, 78.86602626293028, 86.72598589425276, 92.4153654213898, 91.56227026631302, 85.90544406941662, 77.77106908046666, 71.3541480463177, 64.95893126981032, 36.13503176056075, 39.85624727192959, 44.154275481524316, 39.86701473737794, 47.73936414955697, 58.295976806230804, 64.84698360042465, 68.27555659979947, 67.75946495290347, 59.612926628835964, 52.93272647168635, 51.883963725606904, 61.55657571792795, 57.921433548965865, 62.483526507515606, 67.9462917148471, 71.48256646939903, 77.43857680740852, 86.21604925429496, 86.27339103139927, 84.27689887343985, 80.92283110811336, 75.21947361109625, 67.57471734837189, 63.883821587016016, 66.95634648788841, 72.3771198826666, 77.7792112771442, 83.20668024505643, 77.7792112771442, 72.3771198826666, 67.82972389952126, 54.53644075766332, 52.20352943582679, 60.06783511420163, 67.60839676069607, 76.17381022892042, 90.66508147348355, 94.96237502389204, 109.79211522186829, 126.9489226099018, 126.10058529106556, 133.37330242490177, 127.66561848321052, 121.89754357430343, 117.53657604538412, 108.28956532709893], [11.409148400270281, 9.843290901893177, 11.671731977732787, 19.778492482208065, 9.501031099490362, 0.0, 7.465539037742218, 50.56542763525354, 57.01780092474771, 65.63325820655477, 72.7489466940662, 80.62564845688932, 72.6957325020215, 65.30475074683942, 56.89203501881691, 26.229821600799443, 23.452459988579346, 23.002478713947635, 24.687071296102566, 29.53035688541786, 24.759774546409673, 20.026422865026095, 17.431986119543293, 16.043989735788223, 19.058910558039067, 56.183998579215505, 63.94649042135329, 70.04751086676816, 78.14713773741934, 84.0014222841071, 82.97537552557023, 77.08858010331143, 68.77203556127411, 62.2983366621599, 55.89372412726353, 26.782157219445725, 30.60342610449758, 36.09541273054451, 34.22426097816023, 42.34912548452741, 51.798629117333086, 57.76611905076735, 60.96392744542629, 59.87928778266058, 50.84029524723918, 43.6004482818041, 42.563422632301766, 59.540572810876675, 54.364669068833095, 57.409556320242615, 62.374440937144975, 65.35011997228972, 71.09207294577965, 80.29092169325398, 80.73419075702128, 79.2483010234683, 76.71858826445253, 71.66376196584896, 65.2147618348727, 60.69528317526593, 62.81928124018496, 67.40126190146816, 72.1851056313661, 77.4736016034372, 72.1851056313661, 67.40126190146816, 63.77712009898838, 61.08491582990933, 59.86196709457545, 66.9319432445256, 73.28968092027505, 80.74970133166691, 94.16766291997148, 96.48749412596187, 107.55083241478555, 123.57189155076807, 121.69303855258535, 129.16179947907244, 123.04303145531394, 116.42158563180342, 111.3119923424261, 101.03461838173679], [7.813795382388826, 11.598396948612509, 17.26710629906601, 25.474746316531867, 16.33987981491706, 7.465539037742218, 0.0, 43.213201983558555, 49.62055631305757, 58.27676519681357, 65.36458117647726, 73.25998334467802, 65.38230611991978, 58.01118835109143, 49.56360042994248, 22.476600338150472, 21.91114076367257, 23.951223958823167, 27.80295022493437, 33.78508066207575, 29.631267099314083, 24.02774512746847, 19.053438371943393, 14.151477050700073, 14.715487912494982, 49.15897741027194, 56.84690118790808, 62.8233610188202, 70.79091186185406, 76.56697644249539, 75.53993631591749, 69.74176968855656, 61.51829468652618, 55.06870871968814, 48.668816781125, 20.41599433116031, 25.57449033490038, 32.89095721390902, 32.62479699341567, 40.71477298419438, 49.42570773099936, 54.41158503696217, 56.427914971282675, 54.532048237622305, 45.53650907262903, 37.5025332689486, 35.61400475927327, 59.72372502864011, 53.79178512607778, 55.66794681287951, 60.06184766222785, 62.257079259723845, 67.31946404453961, 76.37885864958452, 77.31878555714503, 76.68261396669023, 75.03046732105439, 70.70389649834866, 65.12409875665415, 60.147092963491254, 61.57269328339119, 65.33660450898945, 69.2476361785264, 73.9832119158154, 69.2476361785264, 65.33660450898945, 62.56400223088132, 64.12073955676316, 63.387145832795674, 70.26865403405523, 76.16819038110997, 83.43281106952881, 96.13090016450872, 97.61997647795489, 106.54036041488733, 120.23982322531548, 117.27886605399284, 124.22150447001522, 117.58197797903986, 110.27338364317107, 104.42269475621968, 93.75291160719169], [44.041041882940625, 51.47997239338418, 59.603030810434504, 66.89730854210609, 59.23863768460258, 50.56542763525354, 43.213201983558555, 0.0, 7.780306421688738, 16.72163609828545, 22.57598168274565, 30.45323699394882, 22.208981281633744, 14.93644878103005, 6.40683094186775, 41.82181549125254, 49.57018866822479, 57.357512446703126, 65.06683062422559, 72.63852564713912, 69.99901373576033, 63.40513851326684, 55.33527144284259, 46.55602140985429, 40.46766022135613, 17.883319528164396, 22.62847193801957, 26.13895072137214, 31.78651773619611, 35.98200531108978, 33.6824309090507, 29.348876388569902, 22.577932019282766, 17.167074270190653, 12.988547156117269, 28.789205751432547, 30.75396133244122, 39.03705305698693, 46.13653396084952, 49.32845702504314, 49.853204883730086, 46.85324104463597, 40.08484830982246, 32.38373053044561, 28.494767882600854, 20.95429088376435, 15.32991272227686, 70.98585290049759, 62.559405068832405, 57.47063911139628, 57.14874441198602, 53.904300403409614, 53.223400497913815, 59.70967381561097, 63.77412726477136, 68.49903132172817, 72.47742311940951, 73.15624159259032, 73.66153575626954, 67.3538050241391, 64.51992490674826, 62.564678873385326, 60.218598858077506, 60.51736650430652, 60.218598858077506, 62.564678873385326, 65.4518174525978, 96.58932816245009, 96.04195910730029, 99.59086699719052, 101.80522425662302, 106.17764596681947, 113.87236509354953, 109.74953521939837, 104.45700571210266, 104.48683349358882, 94.95259935921557, 99.45315056494476, 90.19344910097828, 78.49377936089924, 68.69425610433223, 57.00863429885043], [49.62190941109846, 57.045459816349194, 65.57803931874996, 73.32190376773084, 65.76776435459693, 57.01780092474771, 49.62055631305757, 7.780306421688738, 0.0, 9.216424531389816, 15.769161566001916, 25.400872953961127, 17.097452760988375, 10.551017924568086, 5.55924218153347, 45.451333549959784, 53.510737391629974, 61.64750855605656, 69.79838763653964, 77.88942881411307, 75.5052855448166, 68.52820070235117, 60.17761035331912, 51.44802133970209, 45.2175147165583, 14.114496918636563, 16.31999598387855, 18.72889330658739, 24.08000481869705, 28.588884051180205, 26.39662038265787, 21.611377726728552, 15.126264678237021, 10.526516544687944, 8.688691440944432, 33.73763082708396, 36.46180090385829, 45.01940975922494, 53.38684992101757, 56.31791744070538, 55.727160386886524, 52.05984084468332, 44.99290935686504, 36.82215368084024, 32.90700371992804, 25.47431703223474, 18.46794559980912, 78.15991509272418, 69.51388648584857, 63.807908337809295, 62.99802472498301, 59.27425845414417, 57.98982207927584, 64.03023254550843, 68.45296209470585, 73.70770336083092, 78.2895250339941, 79.4609253183369, 80.58553168289549, 74.19827395972617, 70.97347627946071, 68.44858228721085, 65.4774679010349, 65.27291733524333, 65.4774679010349, 68.44858228721085, 71.89586775612945, 101.22587785225183, 102.12215067027813, 106.55765243377103, 109.07845253222744, 113.65833152683004, 121.16755671980819, 116.83420180192739, 110.13294206230692, 108.17404388657687, 97.40955151443721, 100.91060436438373, 90.87931949245524, 77.89467443991921, 65.68165048465512, 50.832680028683285], [57.86052475304186, 65.21816257598282, 74.0721378488974, 82.18728849500387, 74.51356241007932, 65.63325820655477, 58.27676519681357, 16.72163609828545, 9.216424531389816, 0.0, 8.16742468022938, 20.410018778282442, 12.222891956343924, 9.168538130535369, 12.198478272509607, 52.080834048887894, 60.47801850610106, 68.9781668924784, 77.5335252762002, 86.1219731862682, 83.8359869623294, 76.4473679140821, 67.79396996272355, 59.09867857081643, 52.77863712364394, 15.216636310260856, 12.813243917855933, 12.48054701600479, 16.578046319536597, 21.13494728625633, 18.358879013363342, 12.891461362969014, 7.48040928903954, 7.205119440013541, 11.457374257675669, 41.24946212925214, 43.48486954688126, 51.482433811971966, 61.00241696251058, 63.32591873341786, 61.20231316338221, 56.61684872361444, 49.24264650560457, 40.800391000228466, 37.36209204933346, 31.194454949203664, 25.026260930634944, 85.19745721147308, 76.23870815279747, 69.64420655147597, 68.14285737689369, 63.815684589632106, 61.81031507179911, 67.32945032585555, 72.09838368088744, 77.89764252002296, 83.23791175625395, 85.09549762730714, 87.18148819579622, 80.69599868921014, 76.88963061035052, 73.568380775175, 69.80609209543539, 69.0298240453888, 69.80609209543539, 73.568380775175, 77.78970403661586, 109.22019082518501, 110.97516624660301, 115.60295597738413, 117.95232903598165, 122.21963383503645, 129.20110113112128, 124.06179754395586, 114.91271926517068, 111.10668917237267, 99.1351966523861, 102.10107644771549, 91.57050375225653, 77.43909355616579, 63.375075450900134, 45.817681118767815], [65.32750299702052, 72.73379945288171, 81.33042251259207, 88.9656131798421, 81.50229639199925, 72.7489466940662, 65.36458117647726, 22.57598168274565, 15.769161566001916, 8.16742468022938, 0.0, 12.880646526697717, 6.665361553116602, 9.750085313288134, 16.759568669018094, 60.14438871230402, 68.44089856604083, 76.78128481378874, 85.12433149272353, 93.29044929538361, 91.07801473480086, 84.05631026304205, 75.58488430036618, 66.8856776544978, 60.59844259224937, 23.18612472851764, 19.375021424505213, 16.255764424230506, 15.203443392682628, 16.44568932803566, 12.244633389090136, 10.851911280804456, 11.919283969968712, 14.887640789941067, 19.61012299271672, 48.99103405188609, 50.4944967538851, 57.50160451037495, 66.18973299364112, 67.8292549757464, 65.23143277620836, 59.72647233503119, 50.97242202288946, 42.416013776608004, 41.7693507329023, 37.562057498217065, 32.79918683676711, 88.45590942963119, 79.79464964160582, 72.8015012717167, 70.69868369850263, 65.68836332961826, 62.50037897005486, 66.72332944464961, 71.90013872775971, 78.58912389419048, 84.67481906415543, 87.28339632765307, 90.03544039894025, 83.73589705192039, 79.61574258719293, 75.63121499350699, 70.9105111218187, 69.10749899030402, 70.9105111218187, 75.63121499350699, 80.4434626969003, 115.35049651056404, 116.27934714409906, 119.9726710549977, 121.65123010027466, 125.44136652153034, 131.54309226872167, 125.78137795805328, 114.8927047670458, 108.06233904002046, 94.94877748487046, 97.11525344035425, 86.24152695443533, 71.47299430116841, 57.03467994418473, 41.23006510830911], [74.05045404344328, 81.49543422754365, 89.35171062510994, 95.79527595821506, 88.94087917863794, 80.62564845688932, 73.25998334467802, 30.45323699394882, 25.400872953961127, 20.410018778282442, 12.880646526697717, 0.0, 10.330518476014404, 17.07030409047018, 24.314261178837512, 70.79590863366256, 78.65510901059338, 86.428474491529, 94.08020057545389, 101.08736806190015, 99.00430752634698, 92.98570537535737, 85.10602170150483, 76.46840619059985, 70.35206930769222, 35.619713489269806, 32.023194929968525, 27.952145127592303, 23.010078474895195, 18.8764987694969, 14.65473223073595, 20.360581137328204, 24.60319775191479, 27.514547721085098, 31.44567277096773, 58.86853994743103, 59.68294419140283, 65.4397322320987, 71.76083219273332, 72.60630375377808, 70.36727571624809, 63.979355476283644, 53.03533367063084, 44.74820145717169, 48.703994066170814, 46.76196283685939, 43.40703407931315, 90.52119741894755, 82.830643593479, 75.90851655131017, 73.24373038698853, 67.47351319189485, 62.55314886379346, 64.37716195897154, 70.052363480175, 78.06608009841145, 84.94949827144102, 88.45527854196213, 91.66570427453418, 85.90061546592639, 81.71470877754, 77.1465655401195, 71.23139048633121, 67.79730997031629, 71.23139048633121, 77.1465655401195, 82.40681800061756, 121.07266498034774, 119.92343312207635, 121.77278485285038, 122.34452006509002, 125.52656226503179, 130.2828966534161, 124.0948199881187, 111.9575810469793, 100.00625128133463, 85.36877742166199, 85.91392743615445, 74.55442492854122, 59.21539702778162, 45.45430833888635, 37.31491247338743], [66.1372571751615, 73.57636809270603, 81.8025987731509, 88.89138804796612, 81.3615903156007, 72.6957325020215, 65.38230611991978, 22.208981281633744, 17.097452760988375, 12.222891956343924, 6.665361553116602, 10.330518476014404, 0.0, 7.48625205239097, 15.825027356690729, 62.250211248289865, 70.5068746275726, 78.69555057959468, 86.73564308021984, 94.4127610863755, 91.99477595926038, 85.33443269868904, 77.03906496569891, 68.23295198120447, 61.98838583537309, 26.846355736862577, 24.663470421582137, 22.599969775290344, 21.65646878998374, 21.476386990688002, 16.74741801972758, 17.312970859936488, 17.63266632610083, 19.07867166154169, 22.598445711434803, 49.95838717431918, 50.067850319193155, 55.849299983311994, 63.419884149568624, 64.45602698056834, 61.755157815859015, 55.74599170338905, 46.02419488886389, 37.50468082479062, 39.16319629199431, 36.777824038798215, 34.03861151005925, 84.01259608756975, 75.60578377933867, 68.46240744825401, 66.0576206188244, 60.71224052642526, 56.923945547623376, 60.557522631045096, 65.86040186833952, 72.90758870865719, 79.27597525017491, 82.23815512414096, 85.32402567845172, 79.1765367769835, 74.91711148785483, 70.62552285424044, 65.45824737145237, 63.18817445944173, 65.45824737145237, 70.62552285424044, 75.69453749093917, 116.58622286394198, 115.75996524847999, 117.88291323358064, 118.62829493845227, 121.61753937050267, 127.03529922818889, 120.5887397478178, 108.76427453450707, 101.54030034975014, 88.57016563969991, 91.49541652896126, 81.15662866051099, 67.06059609058671, 55.16702643023201, 44.48010447431829], [58.820189106023285, 66.2493948742532, 74.50961339173135, 81.75186273448632, 74.04073178306469, 65.30475074683942, 58.01118835109143, 14.93644878103005, 10.551017924568086, 9.168538130535369, 9.750085313288134, 17.07030409047018, 7.48625205239097, 0.0, 8.582248796634481, 55.19125143065985, 63.4418792151685, 71.63316881406072, 79.66873663480499, 87.4403777928163, 84.88699166498722, 78.1205130035014, 69.7924495648274, 60.9512825061291, 54.713351616660546, 21.5386873681584, 21.47901643695635, 21.568416456820028, 23.72369916413754, 25.74792971100731, 21.830637303457724, 19.623894493359924, 16.227483363988824, 14.964718675348562, 16.739099446893256, 42.58179049414079, 42.752746447200586, 49.006440536960454, 56.76652668681356, 58.29283272115866, 56.19752396250633, 50.912007963398935, 42.02286821274227, 33.46078186445776, 33.34693237627175, 29.81791236480857, 26.865325460376134, 78.74326075656504, 70.15076168389902, 63.399222567491556, 61.5288353890742, 56.74184721330674, 53.941165887963734, 58.736280323142815, 63.67482915865032, 69.96717211318143, 75.65785107056729, 77.95777710241221, 80.41083529930589, 74.12314799156123, 70.1651701507259, 66.47167944267794, 62.127517539179905, 60.7427373797869, 62.127517539179905, 66.47167944267794, 71.00101719094152, 110.49386604766035, 109.6995090979353, 112.12262722142262, 113.1994848726804, 116.43514498618573, 122.51519452413379, 116.54524879064408, 106.38099677223477, 102.00429091281872, 90.27454374793182, 94.1318610817446, 84.27729096891186, 71.0654778677343, 60.161906312438155, 48.9580941072468], [50.43358801936573, 57.87164950656951, 66.00306679539962, 73.18702585895058, 65.55899568733736, 56.89203501881691, 49.56360042994248, 6.40683094186775, 5.55924218153347, 12.198478272509607, 16.759568669018094, 24.314261178837512, 15.825027356690729, 8.582248796634481, 0.0, 47.68336930279928, 55.635493690333305, 63.5663476889386, 71.37467304830533, 78.95260430242972, 76.36891283286508, 69.7733464485901, 61.63237674207035, 52.831795327987145, 46.68494828569038, 18.61420298541359, 21.339766345184316, 23.48106996790924, 27.811273658085387, 31.1747012850554, 28.304535821744576, 24.781918213242854, 19.096131626769335, 14.977395905333012, 13.236590286458522, 34.80459188277416, 35.877465798230986, 43.175267606379705, 50.436219045708604, 52.84707098456937, 52.26064686377184, 48.17767001968423, 40.23008724117395, 31.98454036187366, 30.021778822179964, 24.381143695091293, 20.1039536456887, 73.90969261447997, 65.44015431562238, 59.61429920254811, 58.59464381352273, 54.617321105662896, 52.93257446881456, 58.65112545557161, 63.137599930702045, 68.62365192744129, 73.38183615502945, 74.79465596856792, 76.14438313877659, 69.85029709917978, 66.52189680150062, 63.784803777071154, 60.509776106192966, 60.01573053936477, 60.509776106192966, 63.784803777071154, 67.40995508602629, 102.35063736688652, 101.57888160568623, 104.54635381280846, 106.21934387592646, 110.09463804295947, 117.04788164988635, 112.13809905685802, 104.78422308215387, 102.74225926273172, 92.23514374220026, 96.40488322109903, 86.857106971876, 74.5188665603471, 64.30184982887626, 53.02596162594232], [16.20897160167076, 19.92402017888122, 30.079748711400285, 41.90261847873094, 33.84080083415353, 26.229821600799443, 22.476600338150472, 41.82181549125254, 45.451333549959784, 52.080834048887894, 60.14438871230402, 70.79590863366256, 62.250211248289865, 55.19125143065985, 47.68336930279928, 0.0, 9.534146562962935, 19.386275256841138, 29.457705831868342, 41.46664061158823, 38.54077844728283, 28.020089838734226, 18.08445934174536, 11.217454605051946, 7.814047761799643, 38.89958861438636, 45.8846847875583, 52.430679353658334, 61.68706989366978, 69.03756326483865, 68.7348937020272, 61.17392625212387, 52.58945658296805, 46.67413990991492, 40.848920909361965, 15.264140609609898, 26.359940367486054, 37.999341660477306, 46.84687056976201, 54.07977912049156, 58.0930095762112, 61.71615638947803, 64.25437157534797, 60.51645650267409, 47.158867762116245, 35.51276144754177, 29.075655131633358, 77.27306062871443, 69.18977448333602, 68.16874865863338, 71.33535215051704, 72.5094411527249, 77.24311425438218, 87.2479937920178, 88.96000546537127, 89.00759663448811, 88.72955143571885, 85.38664818043253, 81.92233941914165, 75.9396169569903, 75.70314025200777, 77.84626900797652, 80.6827480359937, 85.27597443873785, 80.6827480359937, 77.84626900797652, 76.81142693526633, 72.24129936182894, 79.67027237073627, 90.95913333646537, 98.21319481228825, 105.9045649211831, 118.45425129228971, 118.81239926465098, 123.2497398376768, 135.3422449742479, 130.01392111573762, 136.01473023611106, 127.70087819394283, 117.51973755735739, 106.57450815600178, 87.56499084738398], [14.365054078241162, 14.635888187082672, 23.61878602177066, 35.55215695324617, 28.93493712201767, 23.452459988579346, 21.91114076367257, 49.57018866822479, 53.510737391629974, 60.47801850610106, 68.44089856604083, 78.65510901059338, 70.5068746275726, 63.4418792151685, 55.635493690333305, 9.534146562962935, 0.0, 9.931814711575775, 20.203501693986517, 32.75385617818257, 30.108492672742877, 19.31576876189656, 9.990944619048044, 7.902816198674308, 10.702088467160321, 47.75621467059307, 54.44379407561587, 60.6629963992117, 69.55391803979695, 76.7400525133141, 76.76164509035738, 69.46923642422523, 61.16756131503721, 55.33285477437363, 49.47389761030119, 23.078191304351257, 33.58703558382113, 44.11373576265234, 50.55662787142776, 58.27855989156009, 63.81110729568153, 68.29458118934411, 71.17404843747464, 67.92860466624703, 55.24534212371306, 44.10490321646451, 37.90421113946741, 79.77906642349541, 72.64107416421618, 72.96044948116398, 76.75535877652261, 78.53193831146393, 83.63192644873442, 93.48902659231645, 94.900315278414, 94.50015497652896, 93.47430600811245, 89.46098313205114, 84.87168817854875, 79.37088203097449, 79.95676741368827, 82.9499906195846, 86.46065755597452, 91.30324690814365, 86.46065755597452, 82.9499906195846, 81.03258407698081, 63.97032419103034, 72.9629967611434, 86.16594909113353, 94.77246369917424, 103.6527686757316, 117.2106820676256, 119.29986362625944, 126.96970329299506, 139.9527378147348, 135.33044760250738, 140.9333150954816, 132.72967422009052, 123.06655790239643, 112.2924526483823, 93.66574038188469], [17.056954125841987, 13.230737935920015, 18.250956188078366, 29.26656686097901, 25.150703677931418, 23.002478713947635, 23.951223958823167, 57.357512446703126, 61.64750855605656, 68.9781668924784, 76.78128481378874, 86.428474491529, 78.69555057959468, 71.63316881406072, 63.5663476889386, 19.386275256841138, 9.931814711575775, 0.0, 10.408993194479333, 23.42103328322079, 21.23416802415791, 10.75792819237171, 6.502199597819341, 12.847069309489612, 18.302593721351432, 56.88874888462503, 63.39315930104108, 69.30086964382743, 77.77540831632807, 84.69083945655619, 84.94617214878359, 78.01737003428406, 69.98766904256398, 64.18880539553165, 58.27436175494926, 31.528963086485682, 41.40480853474709, 50.856617911862415, 54.751649896949495, 62.76323355399713, 69.76422329044613, 74.93019948231981, 77.9240245984617, 75.14738602028764, 63.35801951760201, 52.75141282796325, 46.8277472570661, 82.1564548901541, 76.1255943701878, 77.7796942665738, 82.12832589644881, 84.42038827713354, 89.75596465455816, 99.32566665476472, 100.45164463665165, 99.6815567750187, 97.95441600754057, 93.3422393540576, 87.64620491610906, 82.7135836767537, 84.12459958651226, 87.90986675469635, 91.99364918610816, 96.9772559293, 91.99364918610816, 87.90986675469635, 85.15200978708215, 55.0468035031396, 65.37069805414818, 80.47540035792177, 90.4534092190858, 100.56629462206475, 115.07304890981254, 119.01508480855499, 130.06840081384053, 143.71652911693005, 139.85010787906364, 145.02829444462213, 137.01828146998406, 128.01745468304946, 117.70409320259746, 100.04274703855289], [22.762115401838226, 16.814568229069994, 15.231454554271073, 23.045918329685065, 22.745960652579175, 24.687071296102566, 27.80295022493437, 65.06683062422559, 69.79838763653964, 77.5335252762002, 85.12433149272353, 94.08020057545389, 86.73564308021984, 79.66873663480499, 71.37467304830533, 29.457705831868342, 20.203501693986517, 10.408993194479333, 0.0, 13.423321179711708, 11.870985735815667, 5.673577162058782, 12.977836303899853, 20.99782702464807, 26.96837819244209, 66.21130024505591, 72.6816003966264, 78.33975511406673, 86.40294828595049, 92.96193379559058, 93.31463221484006, 86.81945266910733, 79.00847182206805, 73.18112366748285, 67.17844135990326, 40.1006840128241, 49.133352425353706, 57.41451330958182, 58.62898182216705, 66.7380507656981, 75.1627899464033, 80.91785038296264, 83.93880032570202, 81.70287828212423, 71.00342943494425, 61.09321992450525, 55.69922038925042, 83.58708517060019, 78.82435856582913, 81.83601129904422, 86.69302045255363, 89.47311320168293, 94.98272417796606, 104.15661398264454, 104.96443346028965, 103.82267060571137, 101.38598326279617, 96.21184969017581, 89.4194323120651, 85.15103499276269, 87.40416380489319, 91.9593433673646, 96.57879354203403, 101.65200042209361, 96.57879354203403, 91.9593433673646, 88.36637380551265, 45.979689215024386, 56.77413307590278, 73.47918190058661, 84.72612011127487, 95.99256701469048, 111.35826429562721, 117.1954797840957, 131.75030904221776, 146.08768915690467, 143.14196901253413, 148.02165187354382, 140.3859933048435, 132.28412392240648, 122.91550084926095, 106.9552035126327], [31.122434237363723, 25.206644835038812, 18.152086716533606, 17.490781496343125, 23.616248853824118, 29.53035688541786, 33.78508066207575, 72.63852564713912, 77.88942881411307, 86.1219731862682, 93.29044929538361, 101.08736806190015, 94.4127610863755, 87.4403777928163, 78.95260430242972, 41.46664061158823, 32.75385617818257, 23.42103328322079, 13.423321179711708, 0.0, 5.48507031180877, 15.28784407465637, 24.763550895364784, 31.832406647791895, 37.531919563099635, 76.17886433269439, 82.56590382069986, 87.80341661994461, 95.16795419840707, 101.08529870595085, 101.50569414783969, 95.76610359526256, 88.34816635767967, 82.51997151243543, 76.45280627326969, 49.85591639568914, 58.116607661783334, 65.2500672501278, 63.08039881007688, 71.07607883138101, 81.19312967733582, 87.26001088786535, 89.68808141972278, 87.96906634783431, 79.16340037782743, 70.13231521797032, 65.2077839576149, 84.3747901999164, 81.36793583092212, 85.90717747285164, 91.1930284000001, 94.29860888075581, 99.6440918058485, 107.96647997214403, 108.50056098409249, 107.223853902505, 104.1487145189015, 98.53988773830456, 90.53102561672384, 87.16529791771141, 90.37667509740943, 95.66500956339735, 100.61018440722371, 105.46074738064037, 100.61018440722371, 95.66500956339735, 91.23446805965523, 34.44740019141083, 44.00638708073685, 62.55246361634198, 75.3726434419795, 88.25747822596169, 104.46030060864746, 112.80677205696307, 131.69900580262484, 145.7806043399046, 143.83455560903468, 148.05070014664898, 140.9089460214147, 134.0712144746034, 126.19715099368878, 113.21783321886514], [27.45906505939359, 21.063072080587798, 13.160657607634734, 13.708914110069296, 18.57471710374365, 24.759774546409673, 29.631267099314083, 69.99901373576033, 75.5052855448166, 83.8359869623294, 91.07801473480086, 99.00430752634698, 91.99477595926038, 84.88699166498722, 76.36891283286508, 38.54077844728283, 30.108492672742877, 21.23416802415791, 11.870985735815667, 5.48507031180877, 0.0, 11.661186707676197, 21.2587364777737, 28.318451502996595, 34.18706364188918, 73.72961269199885, 80.45841315196036, 85.96423444185176, 93.60442858066588, 99.60820177061159, 99.74332917928398, 93.86771384549084, 86.17646605092136, 80.17517232051699, 73.99522867731143, 46.383280713014145, 53.82400643721878, 60.420322539847426, 58.16843880527829, 66.1427548107371, 76.19245399454654, 82.46816793264341, 85.3729494744174, 83.9364465426287, 74.93459602399466, 66.29073086665531, 62.164798029737945, 79.67119974632905, 76.46104045451261, 80.98458353423548, 86.3359122747596, 89.61239475830834, 95.22130099949878, 103.78785302661625, 104.17693039362672, 102.62011533364426, 99.41564513520801, 93.71590980944943, 85.79171054510873, 82.34027018711801, 85.51444076466649, 90.86628758415716, 96.00898950879282, 101.10516928967316, 96.00898950879282, 90.86628758415716, 86.38196656491215, 39.42008251967606, 46.13503809121975, 62.40942646245047, 74.17157489297362, 86.08552389017079, 102.03458105337255, 109.46490552480638, 127.4473134804552, 142.67394791593716, 141.03575786737136, 146.08760343835237, 139.2723354408969, 132.60773192443676, 125.39976394748693, 112.85097762009993], [19.808516463104393, 12.922263304487219, 10.733189835135216, 20.14566170879529, 18.05180820333927, 20.026422865026095, 24.02774512746847, 63.40513851326684, 68.52820070235117, 76.4473679140821, 84.05631026304205, 92.98570537535737, 85.33443269868904, 78.1205130035014, 69.7733464485901, 28.020089838734226, 19.31576876189656, 10.75792819237171, 5.673577162058782, 15.28784407465637, 11.661186707676197, 0.0, 10.134780851996652, 18.400597685341687, 24.70080296847738, 65.1349439047095, 72.02766847338597, 77.95545999229573, 86.24208225409902, 92.79453740776275, 92.80142834541773, 86.26355614524935, 78.17813877987965, 72.13758366639283, 65.9891511272064, 37.60800133480051, 45.438235451611675, 52.91211315252222, 53.714009318991565, 61.780016914927735, 70.29372605232204, 76.35389354369492, 79.90597291973353, 78.08766070970901, 67.36168116156225, 58.05050968410405, 53.78143455253805, 78.50821223548505, 73.70076922118089, 76.85406978655423, 81.83811203669322, 84.8670874060158, 90.67979946334529, 100.03803729479138, 100.63416369299429, 99.13648746587566, 96.46659888868008, 91.1366118756208, 84.31809970286565, 80.05725892903136, 82.3686777219713, 87.08145855096969, 91.97866629121552, 97.3202794013361, 91.97866629121552, 87.08145855096969, 83.32969447758997, 49.36340776543822, 57.30723482693093, 72.00335645194494, 82.30900109731597, 92.69202432327592, 107.82582342444549, 112.95483666073352, 127.0046239398749, 142.63058014710805, 140.193653327681, 145.9462454340801, 138.77569309907503, 131.0817188842445, 122.74851013241944, 107.82023631495088], [12.969487876536835, 8.045257250248062, 14.523450436494697, 26.572446027879117, 20.469001648140758, 17.431986119543293, 19.053438371943393, 55.33527144284259, 60.17761035331912, 67.79396996272355, 75.58488430036618, 85.10602170150483, 77.03906496569891, 69.7924495648274, 61.63237674207035, 18.08445934174536, 9.990944619048044, 6.502199597819341, 12.977836303899853, 24.763550895364784, 21.2587364777737, 10.134780851996652, 0.0, 8.979593893317778, 15.320577745705902, 55.85333143051342, 62.90398999420397, 69.11175418238898, 77.79203221321497, 84.62967840278986, 84.45347987200763, 77.54617084170339, 69.20659103015964, 63.13104460139805, 57.01676664127349, 28.410981054071662, 36.77443811960245, 45.33915742855053, 48.75551786208512, 56.75066581304499, 63.90772396185639, 69.42296594661916, 72.98218452466574, 70.69746315574811, 58.9337238976396, 49.054387273167194, 44.60187556389913, 76.07300194454889, 69.97979921480588, 71.78023695606022, 76.27475122708735, 78.83855475079993, 84.50560987579846, 94.26498052984456, 95.154059759604, 94.00377460111913, 92.02507967813281, 87.25315218017518, 81.5340424277944, 76.6007640532638, 78.06957648938119, 82.02592047838326, 86.41006217158872, 91.6811110453343, 86.41006217158872, 82.02592047838326, 79.09613876858828, 57.97009065209288, 65.35165491238628, 78.32696412022683, 87.26346018560209, 96.41237561881249, 110.61065545060532, 113.78124207853674, 124.28947639509752, 139.28981492789777, 136.01776616888114, 142.1630618401877, 134.70865757622462, 126.24357864350672, 117.25165474267239, 101.09344783252412], [7.0564741538577165, 8.709781448250636, 18.898136116615888, 30.747039026308997, 22.794118046633454, 16.043989735788223, 14.151477050700073, 46.55602140985429, 51.44802133970209, 59.09867857081643, 66.8856776544978, 76.46840619059985, 68.23295198120447, 60.9512825061291, 52.831795327987145, 11.217454605051946, 7.902816198674308, 12.847069309489612, 20.99782702464807, 31.832406647791895, 28.318451502996595, 18.400597685341687, 8.979593893317778, 0.0, 6.418234188468743, 47.317554271960844, 54.597335744306214, 60.90966166038062, 69.663103564516, 76.45370242223807, 76.03584517042843, 69.14129262757005, 60.68597580352403, 54.503567626429906, 48.321774201792756, 19.45819863814739, 28.6617424540538, 38.4313825168776, 43.255508226769585, 51.12496502932878, 57.53574416448037, 62.31445847953867, 65.19584890582279, 62.44444847421729, 50.583082162132165, 40.30805027187431, 35.6826892000251, 72.0816884574049, 65.20853660988097, 65.97194512252035, 69.9906928508689, 71.98075759700302, 77.21100233075227, 86.95833038746144, 88.16870480535809, 87.5736881173909, 86.29008418087422, 82.12499590869581, 77.25501623006004, 71.8780733532394, 72.70214627390196, 75.96620269697432, 79.7004481302025, 84.63078026057636, 79.7004481302025, 75.96620269697432, 73.75970529025433, 63.87850654171439, 69.48202791879403, 80.5455518115928, 88.20915790598482, 96.42629701816892, 109.6961750000498, 111.43952455028857, 119.34155625620868, 132.97024985226503, 128.9938093589275, 135.25462980411524, 127.64324763901726, 118.79012086811755, 109.77473341464645, 93.85184681607196], [8.827820708737297, 14.068176780667565, 24.289620235768634, 35.58538481894562, 27.18123627622103, 19.058910558039067, 14.715487912494982, 40.46766022135613, 45.2175147165583, 52.77863712364394, 60.59844259224937, 70.35206930769222, 61.98838583537309, 54.713351616660546, 46.68494828569038, 7.814047761799643, 10.702088467160321, 18.302593721351432, 26.96837819244209, 37.531919563099635, 34.18706364188918, 24.70080296847738, 15.320577745705902, 6.418234188468743, 0.0, 40.97508897064236, 48.3609153385317, 54.74393399554488, 63.57608484568922, 70.38908682438219, 69.84305298283519, 62.89332181667634, 54.365320915540316, 48.14554022596723, 41.95293501413899, 13.282022746176727, 23.90756779160291, 34.94811229177281, 41.2902325384064, 48.88834854910405, 54.4139309764433, 58.43885746679285, 60.67314877622906, 57.39813200728457, 45.3363668263741, 34.4899173390764, 29.285900800982734, 71.06008118507147, 63.57744332126756, 63.38885774709303, 66.93040121401516, 68.36941169032112, 73.16267693074931, 82.87677161372686, 84.39894618568604, 84.32002746677051, 83.67028339063893, 80.05530755283066, 75.95011918958845, 70.2359005766881, 70.48266236191039, 73.09651607571884, 76.2135292803829, 80.80826641420522, 76.2135292803829, 73.09651607571884, 71.56132184231028, 68.5459025234841, 73.53355038982396, 83.61365627190247, 90.50932780711277, 98.14336938587405, 110.7226042143284, 111.46586651244805, 117.29972714843562, 129.64517672694947, 124.97796481651203, 131.18028863683304, 123.33398026186705, 114.0211688264156, 104.66219241873807, 88.46956566607051], [47.453406148985025, 54.44693661136989, 64.06960963225556, 73.58459406347092, 65.33267853815823, 56.183998579215505, 49.15897741027194, 17.883319528164396, 14.114496918636563, 15.216636310260856, 23.18612472851764, 35.619713489269806, 26.846355736862577, 21.5386873681584, 18.61420298541359, 38.89958861438636, 47.75621467059307, 56.88874888462503, 66.21130024505591, 76.17886433269439, 73.72961269199885, 65.1349439047095, 55.85333143051342, 47.317554271960844, 40.97508897064236, 0.0, 8.470166286492432, 15.597544680533698, 25.350494774670533, 32.743399378859166, 31.37047464275391, 23.17738806547006, 14.025200809076496, 8.376431076001642, 5.447236715444263, 29.987761106491913, 33.97626679820068, 43.9994715259015, 56.02036794844735, 59.58540690881466, 57.78658310627696, 55.15578945853776, 51.340955131466366, 43.82037425322456, 34.40793737116867, 24.257069489504413, 14.64002426654997, 83.74744254055727, 74.13986396374487, 68.18186449922156, 67.73825861678104, 64.8266707