{
	"dissimilarities": [[0.0, 7.436418678603094, 16.620349974985633, 27.463095806949767, 18.611061598995043, 10.761281274616232, 7.9318230862391905, 44.084075040471404, 49.627809962939885, 56.81735545982901, 65.2269321831224, 74.06005319067923, 66.13980515736323, 57.791013886097765, 50.44800209260972, 15.27814564833547, 13.330837060473774, 16.155477537599285, 22.13439176880553, 31.210423470657183, 27.793480355095436, 19.403690939536837, 12.215174080240528, 5.795616215985664, 7.402461892388642, 47.47998195764536, 54.63148716446269, 60.66339751634304, 68.98420424136066, 75.36587133961453, 74.88100064171643, 68.4385621297682, 60.26876636894595, 53.87561559325682, 47.64309552030709, 18.759339652356694, 27.219285717740245, 36.57005461078206, 39.23909089030007, 47.17355110892426, 53.4900521223827, 59.30520018352504, 61.56983149606752, 58.98385717686615, 48.14827834022729, 38.768701559834696, 34.763146369547506, 64.96644390219643, 59.88039596688389, 62.077406809583465, 65.64760543087598, 67.28557198463653, 72.32727969895609, 82.17667535304817, 82.60957091525103, 83.26783660806375, 80.92989819025124, 76.76386056987525, 71.4835986269993, 66.33774829113328, 67.49146585533575, 70.95658850575592, 74.65193522007819, 79.25608393991897, 74.65193522007819, 71.9318887164795, 68.51293875468552, 62.464942877608635, 69.43663093178372, 77.5462278420921, 85.66064491234425, 94.26664191351541, 107.92376637391641, 110.04783270596356, 115.3960490785974, 127.51537998262275, 122.2484666305419, 129.31885879810156, 121.54873507251345, 112.15592715601694, 105.96301763033587, 92.4098421130996], [7.436418678603094, 0.0, 9.39206224854616, 21.206898337135698, 12.465474687105377, 7.579370439609019, 10.615285627841018, 51.29557048933058, 56.98220423824058, 64.2380188794923, 72.62702641216218, 81.25366429457549, 73.41899097930323, 65.05786614936842, 57.67855278315789, 20.464593183952157, 15.294574293904295, 13.556942953299982, 16.61776095257676, 24.9789244543421, 21.116316666831004, 12.885159788521557, 8.636133929545387, 9.110174760807448, 14.032543104843864, 54.85523191473763, 62.010149007958866, 68.03501483969646, 76.31986265638467, 82.66330286077459, 82.23415820123084, 75.8508404977889, 67.69559939057044, 61.311726585692355, 55.07778249328158, 25.87399153203126, 32.92085472918304, 40.701782881866706, 41.577060729170704, 49.62208911975448, 56.74320890468157, 63.503783154884395, 66.55279168670374, 64.63159438229901, 53.96328412988543, 45.39302656438812, 42.11329152723749, 65.70096297604975, 61.400631564499996, 64.70043967433344, 68.94061308039372, 71.14177753569473, 76.69067471517292, 86.60895155171433, 86.59611972966273, 86.54594465240801, 83.4706010687327, 78.65491066566649, 72.6050979778119, 67.80998033322554, 69.65306478156059, 73.87941274882893, 78.30869577026682, 83.32092402446558, 78.30869577026682, 74.81192359665879, 70.63866667869813, 57.65954012411296, 64.74355043091657, 73.64148858441727, 82.5179040280243, 91.63671892391848, 106.04921749059217, 109.24408743794147, 116.9971183156842, 130.84015389633137, 126.56254586889894, 133.81127501332304, 126.45462317173626, 117.70452268061304, 112.14035842265571, 99.14737980022001], [16.620349974985633, 9.39206224854616, 0.0, 12.762607887671349, 6.536708214054303, 10.874537604289621, 17.21250039373182, 59.58209421207879, 65.55303493933252, 73.05149510496123, 81.32602133931694, 89.35024115424642, 81.78942717995795, 73.448143550042, 65.98809023168886, 29.44176723306305, 22.868365844795473, 17.247742498273162, 14.182003827698573, 17.958093582966594, 13.538754014871568, 9.566594656554916, 13.575786464923242, 18.165609260513147, 23.420639282883528, 64.08835026330878, 71.17194854625916, 77.04799491271696, 85.08753185660503, 91.18866973558112, 90.82270691649707, 84.72744032232582, 76.73563223726217, 70.3167593599869, 64.11424656380684, 35.05370806604861, 40.939831369688314, 47.07937797060604, 45.27932165447399, 53.18644930104932, 61.33822928559339, 69.04111221483662, 72.48890725670776, 71.2704215937534, 61.51397801526377, 53.83005892670171, 51.17685770773162, 66.56005928773911, 63.46739627512968, 68.13853323829981, 73.10300640382532, 75.84901480806435, 81.73175802536845, 91.42210857057216, 90.98383646706047, 90.24725662661075, 86.37206591341702, 80.87663413042038, 73.87340857276507, 69.64888202846697, 72.36684843756174, 77.44935880547854, 82.57941284038053, 87.86002260431329, 82.57941284038053, 78.30519771139214, 73.28179742930735, 51.368519248433444, 57.451081033415726, 67.0548719432413, 76.86093141184092, 86.71840713152784, 102.03150308560366, 106.78534044993334, 117.94743470223, 133.31769377420275, 130.27847058704873, 137.48772752697525, 130.6680008540226, 122.86272654741249, 118.33032799193757, 106.73767467725658], [27.463095806949767, 21.206898337135698, 12.762607887671349, 0.0, 11.096048002858408, 19.650926676881326, 25.5872450980802, 66.90963204721153, 73.38328243053643, 81.38556149911895, 89.28086811804805, 95.83533655635905, 88.96205178378584, 80.78077894742735, 73.24921328437682, 41.592233572728965, 35.23503942383869, 28.77266668027079, 22.46911602888885, 16.426597016666136, 13.635793330386534, 19.474147841366563, 26.158841563801825, 30.28516589609543, 34.77941766835856, 73.84599936191786, 80.68746169552594, 86.11863455776202, 93.45802862567602, 98.85581438933148, 98.52518647204974, 93.21371591928444, 85.72652718502864, 79.2193760193125, 73.17610497297929, 45.35640946398859, 50.20991110019336, 54.81063393775743, 49.117659427670546, 56.46243782005185, 65.92670401924872, 74.3258716878097, 77.18307238915364, 76.6372477941814, 69.29151495410223, 62.6471695167369, 60.58535783138518, 65.82262217944901, 64.49891944400326, 70.71675582852444, 76.3080646331764, 79.38480686823776, 85.08434678750885, 93.87485406740731, 93.18928157534404, 92.0582837730857, 87.52010251329096, 81.53238175000857, 73.46681577170426, 70.1205250097086, 73.84955806617336, 79.72425198777599, 85.237141954097, 90.35316807579721, 85.237141954097, 80.44769800896142, 74.63645314089153, 44.68117077915992, 45.64505844750342, 54.79202880298581, 65.48168861578245, 76.40828268894936, 92.63483161151893, 99.5365631419024, 115.30860869057712, 131.05459978660284, 129.48325438400587, 136.16189423194425, 130.0824542135771, 123.7706532042659, 121.14923541153618, 112.84595376771732], [18.611061598995043, 12.465474687105377, 6.536708214054303, 11.096048002858408, 0.0, 9.292686318997212, 16.242518294201332, 59.22222836706253, 65.68764629108097, 73.43946627884702, 81.56749476424038, 88.95699500798537, 81.389107082234, 73.01613022449737, 65.57296109163492, 32.581599931766455, 27.37985161140909, 23.20588196362782, 20.666085051522217, 22.144028870741863, 17.857209251712096, 15.916429854718679, 18.63612867081036, 21.293342515944644, 25.66647907090191, 65.20551789571392, 72.43840411519497, 78.33718757987003, 86.25592486131883, 92.0593701414152, 91.42808863960813, 85.55426727469606, 77.61955448770222, 70.97499225996305, 64.82825815633292, 35.782129986145456, 39.77423719024874, 44.419527000409246, 40.59804431433334, 48.326209430387536, 57.040114425519285, 65.20958257109753, 68.81902243186397, 68.19976065524632, 59.38901909827733, 52.82798971167255, 51.572036190123534, 60.5259327165597, 57.86313602151166, 63.08706357926464, 68.36351080541733, 71.3637292143965, 77.40557552828241, 86.96976917987385, 86.24992212221045, 85.15432719957306, 80.95301030458674, 75.23850002560242, 67.93580228415004, 63.91915178990925, 66.9570974835369, 72.37535768993139, 77.80470524588968, 83.21805427704625, 77.80470524588968, 73.18878312899798, 67.83641280122517, 54.125726830857936, 56.31478376123841, 63.24432730469156, 71.96116331996845, 81.07126980758893, 96.09345075455066, 100.45599478268107, 111.84249652107158, 128.19851210326937, 125.87812129781763, 133.80570845699975, 127.65828373887369, 120.62251553370406, 117.67442602927892, 108.08210137946637], [10.761281274616232, 7.579370439609019, 10.874537604289621, 19.650926676881326, 9.292686318997212, 0.0, 7.381846290027111, 50.595822208679465, 56.96781766842101, 64.57043399315123, 72.78251545558933, 80.61937204880023, 72.74619579150135, 64.31629665286721, 56.93387393743023, 24.93258479041525, 21.789123465642508, 21.036091752283006, 22.776667832295622, 28.314788690725578, 24.19491470492992, 18.269000343448628, 15.566926992990815, 14.2992233686802, 17.404374243804746, 56.146217242579624, 63.499390138469344, 69.55349841308147, 77.68171826911065, 83.64605676197912, 82.87488565245387, 76.76807712085305, 68.68081941915898, 61.99473087311906, 55.82912705422093, 26.577231088047792, 30.823240746887112, 36.72267681690747, 35.197810505641364, 43.198148251594056, 51.02721744735589, 58.390870670777076, 61.668499774777864, 60.46637976248478, 50.87080592056724, 43.721758657534316, 42.392243805836344, 58.34765134044223, 54.38365664677988, 58.243213936286764, 62.84561687906278, 65.34399939515257, 71.12065571914927, 80.97001909275123, 80.63131897727342, 80.18071663411718, 76.75064631629358, 71.70071506045478, 65.3564113941553, 60.71855320950578, 62.870750585242455, 67.46239711566973, 72.24209758493983, 77.43926048947165, 72.24209758493983, 68.35640862181279, 63.82746803741783, 60.429743744804334, 63.51004585758314, 69.56014043467394, 77.16473886120998, 85.3692754555394, 99.35600135067659, 101.975514521433, 109.72895392095488, 124.70298021722988, 121.22163458117517, 129.36512667328134, 122.79115692323492, 114.92964413448607, 111.27662484381412, 100.73646010786528], [7.9318230862391905, 10.615285627841018, 17.21250039373182, 25.5872450980802, 16.242518294201332, 7.381846290027111, 0.0, 43.22503758754896, 49.628437570078326, 57.30435856126275, 65.4656504722989, 73.24236896664922, 65.38830892585159, 56.970398510634325, 49.57058011569719, 21.62280595550256, 21.022176943875678, 23.039870242025543, 26.998434563055334, 33.43271889180809, 29.77505720377748, 23.33098598041474, 18.196746241017628, 13.02781325630257, 13.24648513553633, 49.298453545822724, 56.577589229133444, 62.528313889067135, 70.53633818916614, 76.39757296186608, 75.57212410186303, 69.56126064782195, 61.5705203443243, 54.84937868960407, 48.72640471933314, 20.28050996925701, 25.3759795399314, 32.802506264710644, 32.63570806515012, 40.57836838353233, 47.77466702922831, 54.19363706311148, 56.41350794623294, 54.51997924827409, 45.164552300196576, 37.29245843295379, 35.44116511301101, 57.471886396732145, 52.74614895259605, 55.511363680328486, 59.43404059866647, 61.31336334413522, 66.48024975889126, 76.16362151328298, 76.33530700925772, 76.69866817533368, 74.05231308354611, 69.69772425793552, 64.10165827605927, 59.118521436010646, 60.58526210036546, 64.39814168447157, 68.3691093308148, 73.070899252976, 68.3691093308148, 65.33136714106192, 61.5752782148212, 64.20108004206581, 67.21380248919284, 72.6165811661478, 79.51927816466748, 87.32025885154358, 100.54601933806616, 102.21001205812647, 107.75153306551273, 120.67446670250658, 116.1933540295047, 124.01638019572148, 117.0153882130313, 108.58763274819121, 104.46292012216674, 93.80705611877187], [44.084075040471404, 51.29557048933058, 59.58209421207879, 66.90963204721153, 59.22222836706253, 50.595822208679465, 43.22503758754896, 0.0, 7.84785598798863, 16.190267256351174, 23.047129313186122, 30.33979270142669, 22.21624364803816, 13.940900249255389, 6.414892701788317, 41.450957946124504, 49.23489465663028, 57.00564567384786, 64.7178334368393, 72.44751673549588, 70.05561796654634, 63.15392467608408, 55.08011714109535, 46.270936891803025, 40.01671849053485, 18.482113256805615, 22.03333410912733, 25.447198186084023, 31.18005822625766, 35.5252859163507, 33.703037962517634, 28.915716294219756, 22.842652360903273, 16.490843481908954, 13.39518184600978, 28.80637649869098, 30.745122238176286, 39.1129188212412, 46.19722532686312, 49.27747065401691, 49.24819125050076, 46.70620828119973, 40.11382166361238, 32.40877177542344, 29.650138457779263, 20.780332455658037, 15.110161367159714, 69.11658589571284, 61.711597419402636, 57.37551857039319, 55.76390619674109, 52.8833704195229, 52.20304243347708, 58.672281449981774, 62.61655177501525, 68.54035685427884, 71.50150811005503, 72.22123701070221, 72.13944475593549, 66.4669984835079, 63.628305391048364, 61.64275766844184, 59.25859160970362, 59.43871260316231, 59.25859160970362, 62.59761110706067, 64.55475517941836, 96.54244655161067, 99.02656575773041, 101.14822024845823, 104.23931786966051, 109.21895518346872, 117.54907548991751, 113.79960517030386, 105.63357174020666, 104.83494519104288, 93.50194353541517, 99.00160323683528, 89.25325489711084, 76.55404394164795, 68.55696559749197, 56.966467008986356], [49.627809962939885, 56.98220423824058, 65.55303493933252, 73.38328243053643, 65.68764629108097, 56.96781766842101, 49.628437570078326, 7.84785598798863, 0.0, 8.636392172056917, 15.921607878976106, 25.32425886882009, 17.083171065086393, 9.732718158511013, 5.5479484960046275, 45.124786991167355, 53.220527635585185, 61.3586890837526, 69.52343478506769, 77.8248849277621, 75.59667342583701, 68.35442995822363, 59.98266044403529, 51.24861228214293, 44.91246490689752, 14.534806318622994, 15.543454847299133, 17.87493698618065, 23.43633043427953, 28.220084720564078, 26.452479612052663, 21.148992038703803, 15.292340543259066, 9.645269403484903, 8.934372835253798, 33.674624388349415, 36.3424767626951, 44.96396253504374, 53.396842256586524, 56.256369342197814, 55.34916978504774, 51.8540080906627, 44.976124541423005, 36.80325221362903, 33.88551092870706, 25.187345899341476, 18.16779978374649, 76.29994898604305, 68.67366240300235, 63.712290697547154, 61.5398337626151, 58.23742780306725, 56.95458061393789, 62.88334949111273, 67.24976912198268, 73.70414051533284, 77.28737639520911, 78.50995196492909, 79.00544943119107, 73.29574977414134, 70.06461837431033, 67.49733726819161, 64.48003187975014, 64.15173710025837, 64.48003187975014, 68.44956924025678, 70.98196666877217, 101.29270268787799, 105.26804407600224, 108.26007989170633, 111.6193008695022, 116.75355498590724, 124.90736562399803, 120.92985669784075, 111.392957465539, 108.65999645075597, 96.09581667799957, 100.65465992875657, 90.10071660761272, 76.16215073516278, 65.67825266225842, 50.91333655667208], [56.81735545982901, 64.2380188794923, 73.05149510496123, 81.38556149911895, 73.43946627884702, 64.57043399315123, 57.30435856126275, 16.190267256351174, 8.636392172056917, 0.0, 8.687266870987331, 21.54941602755223, 13.160058609345361, 9.498822321051911, 11.866434876485103, 50.68001969846618, 59.140699845613916, 67.69691375828097, 76.30663979301511, 85.2443939220861, 83.02370904481097, 75.30729725317255, 66.57656341370497, 57.897981873784516, 51.54560320166023, 14.231559749774897, 11.155331650148327, 11.403219033014715, 16.648646909538414, 21.99043926661471, 19.745393168003265, 13.158532989983836, 7.501777979547314, 5.204628620731552, 10.292328428569455, 40.06013775906235, 42.22842500339444, 50.343178381509254, 60.121235745477634, 62.50044230730448, 60.393633386015274, 55.754009464048515, 48.79506351162915, 40.402144531032185, 37.41882473744433, 29.872235103645018, 23.665995533545107, 82.72329885127809, 74.7674019938943, 68.95285450402031, 66.08766115520444, 62.34232097478656, 60.50503673530565, 65.98166733038089, 70.6522680873446, 77.5333732973197, 81.80123224913345, 83.6292894200063, 84.93534902607318, 79.17783060508258, 75.40866660387064, 72.11581175865328, 68.4254378249322, 67.64612687874147, 68.4254378249322, 73.06272102699991, 76.31168029013521, 108.69637985643229, 113.63536809818956, 116.87005359817712, 120.09565193857148, 124.94909966425575, 132.659457890781, 127.93849015944532, 116.14843902838878, 112.04735103620143, 98.39893661275451, 102.71127449982865, 91.75155391588181, 76.86051237195021, 64.62885239084079, 47.07885855487898], [65.2269321831224, 72.62702641216218, 81.32602133931694, 89.28086811804805, 81.56749476424038, 72.78251545558933, 65.4656504722989, 23.047129313186122, 15.921607878976106, 8.687266870987331, 0.0, 14.43062208288149, 8.230494308067955, 11.44619863309396, 17.389795542675998, 59.344431244626996, 67.74454223884173, 76.2005946179742, 84.68932529209123, 93.29706913526974, 91.18713799953035, 83.74732198093074, 75.14085888436297, 66.46641064830197, 60.11547072107237, 22.270500641406446, 17.21101280094617, 13.669841693107678, 13.125666883502452, 15.658014025353474, 12.277095283514173, 8.365683817422516, 10.357636767710044, 13.180275580690413, 18.920047525035578, 48.63736426301683, 50.18371733097365, 57.37015138068628, 66.58805885720619, 68.26418309039468, 65.55097794135482, 59.89973182905193, 51.67157658543337, 43.137293175805596, 42.86697890212323, 37.12908187183798, 32.21168279105674, 87.57439023351087, 79.7302868699903, 73.33913171295977, 69.7962890109327, 65.44297855533614, 62.41979792314177, 66.5024010241859, 71.77806838497581, 79.48557725416191, 84.59411264355622, 87.20683355725234, 89.22579295129366, 83.66915698228718, 79.5147074100897, 75.49553470961933, 70.81650001981212, 69.03325197858312, 70.81650001981212, 76.37633783581252, 80.3499782510337, 115.72633683168344, 120.03108408027786, 122.58612993110695, 125.19924950006832, 129.60440381354584, 136.4666400811884, 131.07070159178252, 117.44239137146364, 110.3159549051334, 95.41268688104135, 98.81832875365761, 87.4065554313057, 71.76830375937848, 58.647992158846044, 41.757223463414945], [74.06005319067923, 81.25366429457549, 89.35024115424642, 95.83533655635905, 88.95699500798537, 80.61937204880023, 73.24236896664922, 30.33979270142669, 25.32425886882009, 21.54941602755223, 14.43062208288149, 0.0, 10.288024233451047, 17.920062272234123, 24.260931679592293, 70.41684443698568, 78.33605696829223, 86.12596924520606, 93.82015589723268, 100.94097357445702, 99.0394807154481, 92.75961935222435, 84.8507834357596, 76.17001844937603, 69.892951738332, 35.778572973904275, 31.297662751120022, 26.967695209249193, 21.88954778299163, 17.672051961132443, 14.317905890670357, 19.380396041601056, 24.659103977690993, 26.68451208261547, 31.47749162091716, 58.7288294897239, 59.479176020433556, 65.2889990308041, 71.72432919992225, 72.42423779372463, 69.90700839718956, 63.62493710793234, 52.92189922854966, 44.62036352827685, 49.92616845953473, 46.40274397053668, 43.073505476884904, 89.19492420457635, 82.13298325031786, 75.65427972462497, 71.5703978492746, 66.52276036118879, 61.613754688746994, 62.981031596371764, 69.18690648817409, 78.12313942272402, 84.14501154222522, 87.68372528817727, 90.20537188695008, 85.23600898416572, 80.98049168185648, 76.3539083535963, 70.4177431511311, 66.96452333251118, 70.4177431511311, 77.08032234152233, 81.67120100366373, 121.18078275337811, 122.6406678839573, 123.17154098137098, 124.45627866810509, 128.0958465223879, 133.50707425251926, 127.5536503051601, 112.87678086983695, 100.54672023287172, 84.2325479050333, 85.81149764252099, 73.89275924092385, 57.80769754868737, 45.76474517644373, 37.48040975872931], [66.13980515736323, 73.41899097930323, 81.78942717995795, 88.96205178378584, 81.389107082234, 72.74619579150135, 65.38830892585159, 22.21624364803816, 17.083171065086393, 13.160058609345361, 8.230494308067955, 10.288024233451047, 0.0, 8.509684664774186, 15.82612541128513, 61.864521440309275, 70.16630300106624, 78.37103076875326, 86.43707008809092, 94.30252715353875, 92.08061569643127, 85.11012908049348, 76.78212776400453, 67.9598225870223, 61.61849589271353, 27.01569112287609, 23.789480937486505, 21.503590964893608, 20.571345753156503, 20.629118852061257, 16.77916744556812, 16.251174897222352, 17.71210555735517, 18.11624933111319, 22.64834359928942, 49.876115588149844, 49.92119778347946, 55.74289134342115, 63.408942746952455, 64.36482638462483, 61.552247009227365, 55.47921383023936, 45.97078302570803, 37.44666573340429, 40.360793834614114, 36.489671668408455, 33.80168191535643, 82.47873326366219, 74.90700164417571, 68.32475785786863, 64.46599500323578, 59.76930007603614, 55.96644364729856, 59.19583044787354, 64.76753163572786, 72.91273652022709, 78.37812057987539, 81.40048662833237, 83.74124853697633, 78.42314942132155, 74.13595050549264, 69.78380016320247, 64.56124066205085, 62.174678541630065, 64.56124066205085, 70.60188774348424, 74.90751731056268, 116.69917739781611, 118.69225422337199, 119.43189649110151, 120.96849443169597, 124.5491890424934, 130.5856631165331, 124.49473159957795, 109.99532469426694, 102.11814363757502, 87.27166398489673, 91.34264874278293, 80.51218784012177, 65.58459513441143, 55.42873829205097, 44.64808336850704], [57.791013886097765, 65.05786614936842, 73.448143550042, 80.78077894742735, 73.01613022449737, 64.31629665286721, 56.970398510634325, 13.940900249255389, 9.732718158511013, 9.498822321051911, 11.44619863309396, 17.920062272234123, 8.509684664774186, 0.0, 7.559711969582042, 53.82792734129084, 62.10795293746958, 70.29780060469112, 78.33912511824028, 86.30707935619512, 83.95534836401406, 76.86014304984464, 68.50978908982479, 59.65116868304786, 53.31947373979915, 21.2478960904374, 20.346339379513676, 20.611424203330227, 23.271676297871647, 25.791394175857267, 22.71224130704594, 19.344961990972507, 16.517660113619634, 13.551043734631591, 16.20830856998808, 41.51081839932854, 41.65290833798537, 48.03988068868932, 55.858941187921246, 57.392815529313, 55.218787549640545, 50.09646053088351, 41.528257560478686, 32.97585585302383, 33.85382644894025, 28.65050569294151, 25.68690730605639, 76.33767625551785, 68.66628250875434, 62.63093784867671, 59.419852020435385, 55.275771860039974, 52.599583723187585, 57.270841468358995, 62.249120856262735, 69.609601891979, 74.24480042345871, 76.50646898019006, 78.13829345432433, 72.62380261043081, 68.70685336848636, 65.05583160023212, 60.775691156909005, 59.373584730595546, 60.775691156909005, 65.93890259615398, 69.54359444615466, 109.66326443362632, 111.77687974043025, 112.83339484078722, 114.79443038136819, 118.70482131551788, 125.49547797414951, 120.00066555466714, 107.3387888847759, 102.56382911228998, 89.10386215100074, 94.19278141012023, 83.92373222303333, 69.92345155916784, 60.93169032162, 49.682093888864564], [50.44800209260972, 57.67855278315789, 65.98809023168886, 73.24921328437682, 65.57296109163492, 56.93387393743023, 49.57058011569719, 6.414892701788317, 5.5479484960046275, 11.866434876485103, 17.389795542675998, 24.260931679592293, 15.82612541128513, 7.559711969582042, 0.0, 47.235178804964875, 55.24771177317293, 63.19450665955639, 71.03252158411605, 78.8082919943616, 76.45269872636212, 69.51595857947736, 61.34186108865961, 52.5103928015216, 46.218596122526414, 18.949297056022818, 20.451866672050134, 22.526305785626924, 27.03237532478507, 30.629507873541392, 28.327596523569127, 24.13171090786952, 19.23339806381423, 13.892670635216618, 13.407176278682737, 34.7181966214558, 35.72182556137826, 43.09113426395867, 50.440128321681826, 52.74672115939574, 51.71209644662853, 47.909789205432006, 40.191818811247956, 31.940166312833597, 31.127436152491295, 24.01682572796584, 19.757013765867026, 72.14453424273457, 64.62057264904429, 59.467640741952785, 57.082503781815234, 53.56675778096508, 51.89192728770469, 57.5101319914759, 61.982991509695744, 68.64017990556223, 72.40786725793616, 73.86924329326074, 74.58936728138183, 68.99115052897741, 65.63786368928594, 62.851396976455064, 59.534869950255484, 58.93550168852382, 59.534869950255484, 63.772955367976316, 66.52171197277674, 102.4303047061036, 104.64417237242229, 106.20691683073201, 108.73413369877711, 113.21028138551308, 120.79624913813598, 116.24121174249719, 106.02294817156066, 103.25462992501387, 90.91717499065314, 96.17179613301673, 86.1465160894694, 72.83976543618647, 64.41802925561855, 53.11706641879984], [15.27814564833547, 20.464593183952157, 29.44176723306305, 41.592233572728965, 32.581599931766455, 24.93258479041525, 21.62280595550256, 41.450957946124504, 45.124786991167355, 50.68001969846618, 59.344431244626996, 70.41684443698568, 61.864521440309275, 53.82792734129084, 47.235178804964875, 0.0, 9.455562907097654, 19.277067783214623, 29.206803194246678, 41.770331980274726, 38.705587362041, 28.01247583643031, 18.060963024640188, 11.368388316635038, 8.558747027688923, 38.76522803520629, 45.891884685213924, 52.45263521218115, 61.707367053326344, 69.14448081196795, 68.7637218383782, 61.17774537599602, 52.460699264025685, 46.72266214674498, 40.59162190007719, 14.505232831150487, 25.402420777871665, 37.007197685708576, 45.783037381646245, 53.128933638298975, 56.766989035023144, 60.73981419196118, 63.36538941462239, 59.69981338757438, 45.81651907827753, 34.77509380527041, 28.68893035513928, 73.66695999504459, 67.1359192184313, 67.24399265437519, 69.62579638561614, 70.58399096856047, 75.3693617707641, 85.75073336185756, 86.59966947495312, 87.86160256509814, 86.52729231348584, 83.20656569629305, 79.41023315273293, 73.67935867877469, 73.5783896461433, 75.77072114586508, 78.61802722815557, 83.0519235355269, 78.61802722815557, 76.84715099491713, 74.67595474292855, 72.45373828309681, 83.43518371846153, 92.76073226607043, 100.79748178362682, 108.94179262989093, 121.98566262143306, 122.63901996128114, 123.81863917260247, 134.90304164241573, 127.92879626689778, 135.072388483843, 126.39049142212372, 115.23048666107577, 106.19086699800364, 87.72725996284197], [13.330837060473774, 15.294574293904295, 22.868365844795473, 35.23503942383869, 27.37985161140909, 21.789123465642508, 21.022176943875678, 49.23489465663028, 53.220527635585185, 59.140699845613916, 67.74454223884173, 78.33605696829223, 70.16630300106624, 62.10795293746958, 55.24771177317293, 9.455562907097654, 0.0, 9.916806988472954, 20.046565155815223, 33.2405260021364, 30.31570383176576, 19.414362593797843, 10.04948457262247, 8.096689517599216, 11.017521676884463, 47.60646630346442, 54.44948494730853, 60.686322792571595, 69.59612662469247, 76.86293825535553, 76.76383083753716, 69.4904570711251, 61.02793747066362, 55.36308829303258, 49.23017768357674, 22.42735825331448, 32.68810398717765, 43.13640440509543, 49.530978944841586, 57.313611075976375, 62.21714530310501, 67.31146415639532, 70.3301649017065, 67.16262293159252, 53.914615199092815, 43.3854948126125, 37.48604059939445, 76.27368228526572, 70.60345851236423, 72.01031192265953, 75.16402911941444, 76.65582261031817, 81.83426768587127, 92.16537034495, 92.70760039723322, 93.42944720941613, 91.35680859826279, 87.3413440236669, 82.57254109139735, 77.18193332480537, 77.88661985724764, 80.93991104293029, 84.49091875956026, 89.22682506861035, 84.49091875956026, 81.97551527251008, 78.95396606830137, 64.34403241719367, 76.95876171231397, 88.15977110369755, 97.4977283591802, 106.69278386896892, 120.77274646254718, 123.04543567516332, 127.45076888254533, 139.5882471721224, 133.44934074169416, 140.1368363979867, 131.5570884656634, 120.8966660108946, 111.98969067280557, 93.86429455140424], [16.155477537599285, 13.556942953299982, 17.247742498273162, 28.77266668027079, 23.20588196362782, 21.036091752283006, 23.039870242025543, 57.00564567384786, 61.3586890837526, 67.69691375828097, 76.2005946179742, 86.12596924520606, 78.37103076875326, 70.29780060469112, 63.19450665955639, 19.277067783214623, 9.916806988472954, 0.0, 10.259140698886675, 23.970565668188517, 21.31666157410909, 10.851855009436633, 6.463254138303011, 12.775720947251276, 18.15489357230444, 56.757485638718876, 63.38864393900759, 69.30306794197378, 77.80170723300724, 84.77780274962448, 84.8955831704233, 78.02939549521955, 69.84957614468632, 64.17723921993365, 58.047296307593044, 30.93146128395335, 40.57276847303198, 49.936946716002986, 53.75889816747163, 61.76625310506702, 67.88607599719128, 73.94950273828243, 77.10714015092448, 74.4076767669096, 62.09151794953338, 52.05225311760303, 46.375724507231276, 78.77617359288878, 74.09855573006126, 76.78509432582443, 80.64021146080913, 82.58798990956215, 88.01804748519733, 98.14461179848901, 98.42316259187974, 98.67912521179677, 95.92351098508473, 91.28458740991368, 85.5655943648012, 80.60075605293554, 82.11164227665056, 85.96819532836004, 90.11665449489237, 95.0423881036668, 90.11665449489237, 86.94882789027474, 83.13245552158573, 55.45096452747084, 69.4047990983425, 82.48108466655952, 93.13443135580295, 103.41746545864154, 118.49041214691543, 122.50886886303653, 130.36496762653803, 143.3277834236264, 138.09257936728642, 144.26170163180066, 135.8687121442888, 125.8631846549199, 117.38577762585399, 100.20830786212888], [22.13439176880553, 16.61776095257676, 14.182003827698573, 22.46911602888885, 20.666085051522217, 22.776667832295622, 26.998434563055334, 64.7178334368393, 69.52343478506769, 76.30663979301511, 84.68932529209123, 93.82015589723268, 86.43707008809092, 78.33912511824028, 71.03252158411605, 29.206803194246678, 20.046565155815223, 10.259140698886675, 0.0, 14.251615503295442, 11.904901793004344, 5.51977667956105, 12.720741790860705, 20.705780423433207, 26.50217448619954, 66.07561984321366, 72.61684453934917, 78.28347908835208, 86.39234877286741, 93.00510515860572, 93.22569074146092, 86.79324204603573, 78.86227057178299, 73.0878335526202, 66.95730562877836, 39.50772586262262, 48.29371018675859, 56.47911321440633, 57.65557154955368, 65.68309481461561, 72.93194374281187, 79.88372527158221, 83.12613341638217, 80.97103842938922, 69.75220731545123, 60.35877198571001, 55.19289925952317, 80.3897660731038, 76.81308689413301, 80.76251606817733, 85.27963829778264, 87.6655622110951, 93.2995813412217, 103.13383815761316, 103.11779913131392, 102.88219493701982, 99.44578540209714, 94.22015291735165, 87.58679156584185, 83.13092861938864, 85.44820465269916, 90.0782197050421, 94.7918079481485, 99.87098295899068, 94.7918079481485, 90.99012292381974, 86.40695037692802, 46.6627935609926, 61.0416977540519, 75.66310841026262, 87.49845529446944, 98.75547139733732, 114.72185179173911, 120.48122098893464, 131.86816781312663, 145.74602220346287, 141.58641051019742, 147.38836603699437, 139.38051154781027, 130.25982789635475, 122.69515730276719, 107.14562700124638], [31.210423470657183, 24.9789244543421, 17.958093582966594, 16.426597016666136, 22.144028870741863, 28.314788690725578, 33.43271889180809, 72.44751673549588, 77.8248849277621, 85.2443939220861, 93.29706913526974, 100.94097357445702, 94.30252715353875, 86.30707935619512, 78.8082919943616, 41.770331980274726, 33.2405260021364, 23.970565668188517, 14.251615503295442, 0.0, 4.824734771165872, 15.72049556997314, 25.18039401242278, 31.970872611259782, 37.26350950137913, 76.47173973549685, 82.77607582108261, 87.94696060551911, 95.28713183382632, 101.16365955734835, 101.50221721799345, 95.91487000668455, 88.5154200282595, 82.61411656522607, 76.58040296611144, 49.749599830573864, 57.812097404112656, 64.87419678809944, 62.472629584637744, 70.24060559705005, 78.86435468350223, 86.55158006363774, 89.12834829743721, 87.47863404749549, 78.47971126552693, 69.80259052030806, 65.02143400414359, 81.63277494085816, 79.60662652340069, 84.98851523350152, 90.11404079804268, 92.78429878084683, 98.22345904394008, 107.22372185577653, 107.06109838833532, 106.56237565613965, 102.53720406958315, 96.85106388601513, 89.19086420014715, 85.49246190175113, 88.74350204188177, 94.12080516375866, 99.16659406300826, 104.05830782878205, 99.16659406300826, 94.92054647712821, 89.59584968921362, 34.44711998301354, 47.33052209464483, 63.89565566844257, 77.29568431786585, 90.03224334924468, 106.97637073229888, 115.20348522462116, 131.36511273407578, 145.12577779343118, 142.2323891374666, 147.0884924544297, 139.580262697347, 131.79055950666418, 125.73529950830458, 113.31699459277054], [27.793480355095436, 21.116316666831004, 13.538754014871568, 13.635793330386534, 17.857209251712096, 24.19491470492992, 29.77505720377748, 70.05561796654634, 75.59667342583701, 83.02370904481097, 91.18713799953035, 99.0394807154481, 92.08061569643127, 83.95534836401406, 76.45269872636212, 38.705587362041, 30.31570383176576, 21.31666157410909, 11.904901793004344, 4.824734771165872, 0.0, 11.88645274282467, 21.55366794919547, 28.483901475216488, 34.004665280287796, 74.03426984322451, 80.60307133820568, 86.03144101827502, 93.64911738948693, 99.65768786728249, 99.79774859970826, 93.99365365493952, 86.36327041053022, 80.30835972207967, 74.1953135557387, 46.49056692190632, 53.91945784141538, 60.592577356987995, 58.32287932775643, 66.11515143167895, 74.63294987750243, 82.43903702328342, 85.46126761625459, 84.01983121615577, 74.6608077398826, 66.31155394651165, 62.16600603372937, 77.8116519251637, 75.5932046395639, 80.9096276408348, 86.07859469581011, 88.8651013682295, 94.54268733878713, 103.8041585712596, 103.47503880022052, 102.76560402151918, 98.6571581826746, 92.91341921084228, 85.34152244276282, 81.54971924602273, 84.74114219430248, 90.14325526297249, 95.3434832550125, 100.4417097847413, 95.3434832550125, 90.95467887495637, 85.60666373172408, 39.11832350611501, 49.9510268767434, 64.62140577623155, 77.14619798459611, 89.12017149919569, 105.75622681815747, 113.14664033851467, 128.2189148397651, 142.88866860886796, 140.11209751295004, 145.75469421794398, 138.5079747683363, 130.76475902272637, 125.17168301861905, 112.85219367587369], [19.403690939536837, 12.885159788521557, 9.566594656554916, 19.474147841366563, 15.916429854718679, 18.269000343448628, 23.33098598041474, 63.15392467608408, 68.35442995822363, 75.30729725317255, 83.74732198093074, 92.75961935222435, 85.11012908049348, 76.86014304984464, 69.51595857947736, 28.01247583643031, 19.414362593797843, 10.851855009436633, 5.51977667956105, 15.72049556997314, 11.88645274282467, 0.0, 10.159630456572915, 18.309408181887147, 24.43726985387799, 65.18198751981699, 72.06000457852163, 77.97319779467128, 86.26778789921724, 92.85097909527605, 92.79688183831676, 86.28923527513773, 78.17098472529327, 72.13168620403599, 65.92051767196124, 37.280985922774065, 44.8471535930315, 52.199722457979966, 52.83008252213674, 60.82685207797591, 68.20219538364171, 75.47448588329426, 79.1885711347769, 77.4531642127649, 66.24825070650249, 57.53363710904289, 53.49022654866259, 75.28191572151121, 71.74971211111372, 75.88035739991761, 80.5742275929101, 83.17524491210438, 89.0871628481385, 99.08127601633628, 98.80468310224163, 98.22995446195077, 94.56719339307898, 89.18602808999793, 82.48633877571793, 78.0623573208262, 80.47500979553932, 85.27950174957383, 90.26275909254093, 95.57445664458125, 90.26275909254093, 86.18252085627354, 81.4283510467817, 49.71605251217697, 61.21614569450427, 73.89546850689096, 84.88228188990975, 95.41631944909926, 111.10269626014944, 116.25179871492112, 127.15044936449686, 142.171325483966, 138.46966810114503, 145.1274743461519, 137.6232588262103, 128.92332772114517, 122.44858014405918, 107.97802891441889], [12.215174080240528, 8.636133929545387, 13.575786464923242, 26.158841563801825, 18.63612867081036, 15.566926992990815, 18.196746241017628, 55.08011714109535, 59.98266044403529, 66.57656341370497, 75.14085888436297, 84.8507834357596, 76.78212776400453, 68.50978908982479, 61.34186108865961, 18.060963024640188, 10.04948457262247, 6.463254138303011, 12.720741790860705, 25.18039401242278, 21.55366794919547, 10.159630456572915, 0.0, 8.965302059448529, 15.26697741890077, 55.85533710805689, 62.92309986921764, 69.13004167989061, 77.81877733488594, 84.71054531219247, 84.48081852661082, 77.56457283147799, 69.17218586715872, 63.14296151134298, 56.90856605946839, 28.02742524551854, 36.08365832155551, 44.517773523214004, 47.78302971549097, 55.78989777858074, 62.05813991381325, 68.50751838744117, 72.21303985088657, 70.01433321704474, 57.707953812766654, 48.49241111202021, 44.31778312657775, 72.64505918452917, 67.96886030533825, 70.82390875017128, 74.87560120822285, 77.06644176320857, 82.82321911372345, 93.14558497589739, 93.12569933444888, 93.00329028535708, 90.00071340779942, 85.19973881927928, 79.42896941778609, 74.478414346315, 76.07264033737694, 80.1139784208795, 84.56495601696614, 89.75982122429362, 84.56495601696614, 81.08697921968091, 77.09026122950674, 58.32060005433386, 69.2928349640792, 80.26525153906175, 89.94058231667277, 99.38954354657925, 114.09226690951398, 117.39416447088534, 124.64335735487474, 138.87018456577354, 134.17401050785315, 141.3326092340935, 133.5447475789769, 124.07326701633566, 116.96866355569003, 101.27757803950352], [5.795616215985664, 9.110174760807448, 18.165609260513147, 30.28516589609543, 21.293342515944644, 14.2992233686802, 13.02781325630257, 46.270936891803025, 51.24861228214293, 57.897981873784516, 66.46641064830197, 76.17001844937603, 67.9598225870223, 59.65116868304786, 52.5103928015216, 11.368388316635038, 8.096689517599216, 12.775720947251276, 20.705780423433207, 31.970872611259782, 28.483901475216488, 18.309408181887147, 8.965302059448529, 0.0, 6.37324279158122, 47.4330656482776, 54.65160706584282, 60.94103890698528, 69.67557494930584, 76.50406577167323, 76.07969555534693, 69.1596135833048, 60.7181778137356, 54.53250848760506, 48.275221366641645, 19.121414674544823, 27.99223482872338, 37.65668043200237, 42.23379110686633, 50.13391956346514, 55.76239636946136, 61.40831542306033, 64.39050031835407, 61.72168613827446, 49.4668400670446, 39.7783808481091, 35.45658963323004, 68.55122214181976, 63.13984263434219, 64.99920350492141, 68.45587328946989, 70.1462562189032, 75.44810643895961, 85.68360055228283, 86.02811074542589, 86.52824437754198, 84.19796465570278, 80.01404298348551, 74.9651758036795, 69.68590728723542, 70.64490592368547, 73.99382658220937, 77.77954433487668, 82.60534355789996, 77.77954433487668, 75.0011353858907, 71.69271593330627, 64.0014363357112, 73.08407337763694, 82.18100920477191, 90.63212085665954, 99.25306987055058, 113.02460693901172, 114.98675284817624, 119.6632156318826, 132.4129053379594, 126.93779169050819, 134.2238854042618, 126.27949868465694, 116.44381230897957, 109.36980284704457, 93.98363955758522], [7.402461892388642, 14.032543104843864, 23.420639282883528, 34.77941766835856, 25.66647907090191, 17.404374243804746, 13.24648513553633, 40.01671849053485, 44.91246490689752, 51.54560320166023, 60.11547072107237, 69.892951738332, 61.61849589271353, 53.31947373979915, 46.218596122526414, 8.558747027688923, 11.017521676884463, 18.15489357230444, 26.50217448619954, 37.26350950137913, 34.004665280287796, 24.43726985387799, 15.26697741890077, 6.37324279158122, 0.0, 41.239037754174944, 48.4969858165038, 54.7991191786622, 63.54107567382735, 70.34371723144136, 69.82763050705721, 62.9020008746938, 54.45591182461282, 48.210106562291244, 41.948558123497236, 13.01115624090442, 23.411413101572236, 34.38928806894726, 40.23496938025312, 47.89151161259207, 52.84300929889021, 57.63461559447272, 59.832958428270636, 56.619563788620596, 44.43853889158024, 34.082919385846466, 29.13127269166999, 67.41015102057744, 61.45743302312646, 62.430646395762444, 65.30856631740768, 66.5030614834721, 71.3116198405781, 81.39456611989394, 82.11543301792922, 83.21943928863054, 81.511431425633, 77.89078194434832, 73.47367900949453, 67.96892497104636, 68.3796093978865, 71.08549321642188, 74.22086811031515, 78.65286558772188, 74.22086811031515, 72.11719530037071, 69.44506456274907, 68.14114801360411, 76.46083482649058, 84.61597092997035, 92.34436704557653, 100.48949990254673, 113.59468634417786, 114.68645961608598, 117.47245133646582, 128.74904717256473, 122.52569837864165, 129.69096995086483, 121.48836849128165, 111.23060169003709, 103.8597608142671, 88.37036141192414], [47.47998195764536, 54.85523191473763, 64.08835026330878, 73.84599936191786, 65.20551789571392, 56.146217242579624, 49.298453545822724, 18.482113256805615, 14.534806318622994, 14.231559749774897, 22.270500641406446, 35.778572973904275, 27.01569112287609, 21.2478960904374, 18.949297056022818, 38.76522803520629, 47.60646630346442, 56.757485638718876, 66.07561984321366, 76.47173973549685, 74.03426984322451, 65.18198751981699, 55.85533710805689, 47.4330656482776, 41.239037754174944, 0.0, 8.08748845781062, 15.436842055586043, 25.364457073485443, 33.09837712857622, 31.840846650808782, 23.301215890943666, 14.075009539151365, 9.15353851972607, 5.620298320528366, 30.06614624112598, 33.91742080638117, 43.90732825340064, 56.07224291240116, 59.71721761132651, 58.093490227572914, 55.07622939565306, 51.42686235125978, 43.942199710912845, 34.79910284450168, 24.161570330752202, 14.826736838548664, 81.63608069197838, 73.3462539620567,