{
	"dissimilarities": [[0.0, 8.184761346964063, 15.895578255812305, 25.843366975920613, 17.300227311195048, 10.410215087535997, 6.483729232790263, 41.17796751700113, 48.16652049023028, 56.581797209554, 63.85187136466714, 72.08345561352154, 65.52914620782464, 57.14333307922863, 48.72365800065738, 17.531144024650306, 18.71124652250515, 21.069844740849753, 26.86597167411253, 33.57713043241469, 30.344834007429537, 23.593569945032247, 15.706501993530003, 9.880497566033048, 10.680929136609883, 48.446519250968755, 55.874451165208924, 61.97818635285093, 70.10458891710586, 76.34086878927134, 75.41761799969994, 68.99694893112313, 60.624179421356146, 54.26807652680212, 48.09843551158979, 18.42990878625684, 26.201015309383834, 34.96611579068426, 37.00483785988857, 45.33787802100271, 53.29276886521317, 58.09983220962849, 59.74016004158965, 55.692367101533236, 48.68671863295341, 38.625012264270275, 34.4463174294473, 65.39884013911542, 62.44638659420127, 62.138907850128334, 66.51154712529663, 67.16071603023617, 71.80453199481492, 80.56623834375884, 79.966651533497, 78.94171772725008, 76.36026794508084, 72.88389830436445, 68.95454439587454, 65.52742935383135, 64.63371298580566, 68.25067141258691, 73.1615038702882, 78.32049304143246, 73.93873178037794, 68.96673859968203, 65.46979182860314, 54.38804587630611, 53.275982524306215, 62.25825502421335, 67.75072014274294, 79.83720979211506, 95.3825426059844, 101.95101677415948, 106.09804009519476, 114.09447945537491, 117.8762624714373, 110.04335046428614, 103.20229219008377, 101.97440966420716, 95.33517549974128, 91.25827376277421], [8.184761346964063, 0.0, 8.930050602975662, 21.449461192892496, 13.711030382485413, 10.72881138148579, 11.704142669127284, 48.840864611632554, 55.49853772966227, 63.75618532574754, 71.2125911723929, 79.79692384751223, 73.25578679603481, 64.83012650158385, 56.46224795690761, 18.236016408813878, 14.920582651043354, 14.7162089733519, 19.698805631765747, 27.02979993161699, 23.45936907330683, 15.868602079453566, 8.671163938409826, 7.132594344687213, 13.202600786903199, 54.49242635355924, 61.92198922713185, 68.14726312162935, 76.5649428388545, 83.14081122837797, 82.40638455166749, 75.71466579424393, 67.23624226379127, 60.906477783145554, 54.69385745447006, 23.89562052427913, 31.413843667706583, 39.44096529054625, 41.45599160067227, 49.845259411902354, 57.96890846096695, 63.4121222304526, 66.29965463523726, 62.683235786478114, 54.7607819972399, 45.17586930202256, 40.96573479677717, 68.69687296046568, 66.37424037187353, 66.66559847647797, 71.5615725405245, 72.70374553655891, 77.82963037750295, 87.30256582507783, 86.07846449637104, 84.51067973210061, 81.46151339350362, 77.31364574292316, 72.88202537535138, 69.220453811871, 68.97016219757946, 73.28676420499356, 79.05657349876759, 84.82844535236478, 79.83665996621359, 74.0265814498037, 69.82748171541797, 49.57238624741929, 50.356708755762824, 61.224758467148, 68.22283053614217, 81.09907577577285, 97.59678700630668, 105.25536494025734, 110.9905036400122, 120.90432484391457, 125.35369289005827, 117.89433292361399, 111.27176052274932, 110.10493679452013, 103.14480316018498, 98.06835201574924], [15.895578255812305, 8.930050602975662, 0.0, 13.669987053617172, 8.773011204905758, 12.71291379765351, 16.937268489205984, 57.07258312942042, 63.955745210337845, 72.2958793562756, 79.62756215773342, 87.81739279412045, 81.39795692417619, 73.03558655276598, 64.6090235663062, 26.42875529304218, 20.58852864365324, 16.59808340341731, 16.409826836642733, 20.657802161460012, 16.575040411239456, 11.405173043868999, 11.719126126302466, 15.243170681064553, 22.045267915503565, 63.36164914328942, 70.74037917240095, 76.87251122517027, 85.08129322666751, 91.42401249358066, 90.75327432505834, 84.30513057177157, 75.95807864648677, 69.65680108146077, 63.47367084989461, 32.665038369063126, 38.85065212806953, 45.161352171714725, 45.28429006256432, 53.2772758779768, 62.496089045524215, 68.80328377955338, 72.1686120858777, 69.29617759370731, 61.976249450039404, 53.27467435793051, 49.74188767453585, 69.1642768587815, 68.2844176561999, 70.07308692749915, 75.55816925867838, 77.33551096491213, 82.64594360865217, 92.23359085377753, 90.38758288129227, 88.26143576790759, 84.62542271643851, 79.65401190720385, 74.22015543527964, 70.24183837905028, 71.49106039960766, 76.95016856946627, 83.51179190928157, 89.55662514228005, 84.2163184861029, 77.60717891345179, 72.26975633148598, 43.525400609277256, 43.32655107243624, 55.03033043458723, 63.408080443499976, 77.12194810109479, 94.58361910782013, 103.7026851142945, 112.72579138146604, 124.27590819594172, 129.53374221049887, 122.84052468932981, 116.89124311548973, 116.28459760785177, 109.98713351371006, 105.5602562336682], [25.843366975920613, 21.449461192892496, 13.669987053617172, 0.0, 10.579527190642644, 19.255282035711602, 24.272586806138055, 65.25481593116272, 72.69240819456938, 81.22676125389725, 88.04979290245878, 94.99029881979136, 88.9265339146241, 80.86608011796534, 72.40962106757179, 39.608585064731315, 33.9455519702489, 28.901484010647316, 24.28218707202268, 20.689518427944737, 17.486062295551736, 20.223800440913404, 25.076484736085447, 28.359971745370927, 34.45591490006687, 74.07362521927989, 81.30598221812575, 87.09156775019602, 94.52297977999486, 99.98834879559577, 99.26640233589198, 93.65283962080053, 85.74957081702918, 79.53457671028546, 73.50639481578837, 43.9088551306473, 48.45896562042441, 52.58459950068594, 49.22236189287604, 56.13510149128333, 67.19363784656476, 74.3366575501507, 77.06611652163595, 75.17344813838946, 70.11839638576853, 62.53413315547772, 60.06593227076075, 66.8060127185531, 68.3509976719402, 72.55571549425022, 78.51248304330981, 80.94138670014735, 85.93259385110463, 94.67564075864783, 92.38439054309214, 89.83017257066247, 85.60738250029564, 79.8207876586808, 72.89738398285655, 68.57942373293733, 72.2948556222377, 79.19912230521008, 86.20095120476678, 91.9135095813818, 86.73207094991906, 79.63772923207365, 72.85827757707392, 38.083441731389215, 30.95571265956487, 41.809179037425615, 51.639002782457034, 66.48135481160556, 84.93971116150573, 96.02937682962114, 110.53813041883646, 122.80379933499633, 128.79317112887261, 123.2643433074767, 118.47267304103728, 118.91693668634939, 114.3314987602123, 112.36346310548899], [17.300227311195048, 13.711030382485413, 8.773011204905758, 10.579527190642644, 0.0, 9.071463347896247, 14.90357102202677, 56.802701326574905, 64.44536035791022, 73.01982607727595, 79.99909831462705, 87.43630294813228, 80.82218045921479, 72.4773241100249, 64.06537445306077, 31.56080819694976, 27.910590042923744, 25.124030075949705, 24.763324457367958, 26.323230955497728, 22.347404868907773, 19.761295310624607, 19.63313919232228, 20.738020074267315, 25.965753687597154, 65.564217109728, 73.06222099455672, 79.16216038010609, 87.09507418289138, 92.94748514148687, 91.94139796457503, 85.8684275610027, 77.57172829573598, 71.18027415036448, 65.01756635395229, 34.4112421930858, 38.01255223680969, 42.23402062631281, 39.9376287303212, 47.39046190836906, 57.7280070328081, 64.60046570922117, 67.77063061084732, 65.71363847736292, 59.85837664111766, 52.50397435273584, 50.79194993938671, 61.27139062940135, 61.21450660130243, 64.09641381623702, 69.84149240172624, 71.99957938370267, 77.20884803030152, 86.57969822763832, 84.33842229618142, 81.92715795534718, 77.98798198876207, 72.65410802965957, 66.6499951442611, 62.54838560401927, 64.72912744652159, 70.87686326470845, 77.74599435679077, 83.77973000441007, 78.36596146143356, 71.42953184448479, 65.41698854870737, 46.84484600678082, 40.8869617433359, 48.55769740417271, 55.527915825283884, 68.70161139479953, 85.94437487451697, 94.96887456313274, 104.96899842869982, 117.33773444712415, 123.43719387061756, 117.64554213141126, 112.66775103142224, 113.08461618771703, 108.7479656752231, 106.81693147488004], [10.410215087535997, 10.72881138148579, 12.71291379765351, 19.255282035711602, 9.071463347896247, 0.0, 6.417965262167521, 48.21172027309826, 55.9798895917474, 64.56261168848071, 71.56454110025933, 79.21599007122084, 72.3198103115587, 63.8534105822951, 55.49075460298065, 25.761433118934324, 25.127222654669875, 25.172737420494425, 28.34599914440761, 32.67053613343185, 28.80887140775136, 23.676953540422744, 18.932938588735666, 16.426902425290628, 19.436815204839352, 57.27790259747791, 64.87743257040924, 71.08430201424765, 79.18330853933992, 85.15202494182837, 83.94228704603564, 77.69333028526145, 69.24120577639053, 62.77768783116945, 56.587866369685614, 26.04390756096652, 29.249781091843715, 34.32494564108671, 33.28317888069675, 41.24721662005413, 50.80783647927314, 57.03496755842221, 59.821218316860765, 57.26858845567203, 51.10937032962268, 43.44619244993093, 42.048332240176315, 58.37971595659285, 56.75907146835588, 58.19650226043822, 63.441256233026664, 65.0571848524257, 70.14593057059545, 79.53461462375402, 77.76976810378267, 75.82821813434256, 72.40794063252461, 67.84252916585875, 62.8404747016501, 59.05444543669229, 59.67978975358896, 64.78019442542491, 70.99361343841356, 76.8686884658984, 71.68445773626975, 65.41196497351058, 60.45119117111704, 53.641225801180916, 48.34083145100823, 54.50788469773216, 59.5027975540559, 71.40979023865357, 87.40462867944234, 94.65253382714947, 100.94875738809993, 112.02876733617104, 117.61935190493443, 111.29012277307702, 105.90237636947437, 106.0749196864462, 101.7048092049612, 99.87759889334603], [6.483729232790263, 11.704142669127284, 16.937268489205984, 24.272586806138055, 14.90357102202677, 6.417965262167521, 0.0, 41.950438153453355, 49.67723196344544, 58.27297839200644, 65.23947517378859, 72.8727196180704, 66.0666762431632, 57.64654100147919, 49.24804214770901, 22.95730492779244, 24.468740349586977, 26.16468893500439, 30.78606036625469, 35.99998422210107, 32.491793608303794, 26.79242121612621, 20.229590621601638, 15.375605940281963, 16.05347233766156, 51.369900251715315, 58.8858232066379, 64.97977793144726, 72.91849558129786, 78.78348940133368, 77.56007273552419, 71.40734571712234, 63.05192839872536, 56.625969453543625, 50.48983739774911, 21.09225167581773, 25.427762085086624, 32.063966764613824, 32.07546418883931, 40.190260863889925, 49.12433608554466, 54.52456520528613, 56.239746147456565, 52.952762645949385, 47.02443251207452, 38.38205697897243, 36.29495428974289, 59.16939119747591, 56.680121221157414, 57.138967873315, 61.79365504419757, 62.800814640629234, 67.48538631217247, 76.30111512657102, 75.27295950172325, 73.9451914858134, 71.07372713920086, 67.26588308908451, 62.937122712510615, 59.41320306775168, 59.104140332920984, 63.28740197336726, 68.58459638659927, 73.89555144348861, 69.30636007883498, 63.93824856710142, 59.88983003341958, 56.305699018656014, 51.787656189005645, 58.07459646099128, 62.427179696910834, 73.93521843174126, 89.22160237716116, 95.60835639438015, 100.21943226796272, 109.20664343088333, 113.83374593265029, 106.78960295339425, 100.797999913711, 100.48523894870306, 95.56731450744549, 93.55925832407361], [41.17796751700113, 48.840864611632554, 57.07258312942042, 65.25481593116272, 56.802701326574905, 48.21172027309826, 41.950438153453355, 0.0, 9.03813456439447, 17.39146917587807, 23.63247476279605, 31.893266531455335, 24.504274625960957, 15.996612932795774, 7.701514457094267, 40.63113392259163, 50.1221762152261, 56.834234711349545, 65.09778292763188, 72.6541764451124, 70.2464173066268, 63.3163380609385, 53.68529649239674, 45.84521356678772, 38.796423368211066, 19.49763035977444, 24.416746883431728, 28.80494053355233, 35.096540876588534, 40.05025593330717, 37.69667440794725, 31.98808764254328, 24.446858601433377, 18.834055972619467, 14.86752371526321, 28.542293623572213, 30.41990580114984, 38.551530404125884, 44.50523514622802, 49.06710760850604, 49.69695463368267, 47.41662687887572, 41.25746193026411, 32.7357250317479, 30.682513396943023, 19.32263279283517, 14.47400161125751, 73.12411298298842, 65.64994732232104, 59.464881575503135, 59.05595343190559, 55.619332925982675, 56.62896779994508, 60.40205623793332, 64.67693815421798, 67.72309215854337, 69.10886982332855, 70.91375580662621, 72.02565109952609, 70.84707335419489, 64.41106722852952, 61.466450279770186, 59.50309493495082, 60.25001771213214, 60.37201507961215, 62.18812915627025, 65.18397072289434, 89.58824808119218, 87.44544188117159, 91.65823301081213, 91.66505147842112, 99.10860950115682, 108.8086905475921, 108.72103192369315, 99.4603050522368, 95.35054670532467, 93.63114950642078, 82.00302667252433, 71.93580892371779, 68.04012348501671, 60.05459767079288, 57.83200249496783], [48.16652049023028, 55.49853772966227, 63.955745210337845, 72.69240819456938, 64.44536035791022, 55.9798895917474, 49.67723196344544, 9.03813456439447, 0.0, 8.671457379289192, 15.774759495915431, 25.7502324076351, 19.147025343902953, 11.897715609801528, 7.576890583037741, 45.36350056922021, 54.91664627917029, 61.92928903229407, 70.46495889657317, 78.44427771248047, 76.3039244597992, 69.20827070208246, 59.48815390228807, 51.810923595746516, 44.605675188647034, 14.41899750080199, 16.901643824559343, 20.212625056681134, 26.126629097664587, 31.46208226334325, 29.162991666841776, 22.985068329018475, 15.603548724645336, 10.641689847472954, 9.013631725909818, 34.59922285944147, 37.611964232138604, 46.15368464454578, 53.041857850085094, 57.41581559165762, 56.92885989106613, 53.67400957929674, 47.09121931946815, 38.16760847419864, 35.947460496140614, 25.160115116922082, 18.555078432301897, 81.63233425959255, 73.78416254269116, 66.89346305912436, 65.88848113744514, 61.933945720081915, 62.438248598613725, 65.27805186577596, 70.37829948096777, 74.02084727446731, 75.99012894772453, 78.44318549506292, 80.15539249582191, 79.19681766298025, 72.20811635776477, 68.44381507426566, 65.55794084978959, 65.57763002268328, 66.43973951746707, 69.1856520190285, 72.98627413499528, 94.80103601470627, 94.43587402493282, 99.80837099317608, 100.18084973133055, 107.7338954006562, 117.18808569449114, 116.73471680876365, 106.07218235673125, 99.62020764020369, 96.22049247401254, 83.39267018348575, 72.0037565013564, 66.42399005823493, 55.69414142115052, 50.56383503770745], [56.581797209554, 63.75618532574754, 72.2958793562756, 81.22676125389725, 73.01982607727595, 64.56261168848071, 58.27297839200644, 17.39146917587807, 8.671457379289192, 0.0, 8.074225739556521, 19.835997270305974, 14.316015066058117, 10.682029097819104, 12.928364398335818, 52.65049037216824, 62.25155072148085, 69.43896703556501, 78.13730931668168, 86.33149371168454, 84.31607322666444, 77.12432961065865, 67.34341066654153, 59.759319215104966, 52.489730171330436, 15.941529561623469, 14.128715617590084, 14.673058129034075, 18.910491500621156, 24.0918784221459, 21.35558854656668, 14.909987486009136, 8.83064111941336, 7.695731184046773, 11.59646313825405, 42.45703485952577, 45.16111226766784, 53.211198739245425, 60.50957027027141, 64.36725259289848, 62.706267848141756, 58.422510995452505, 51.19914732888165, 42.167333956370356, 40.61820094546888, 31.4379272477437, 25.666362289723995, 88.43897534189136, 80.1490247989038, 72.5351282309435, 70.81354201917611, 66.32067390125178, 66.18585375936777, 67.94129106348042, 73.84371568033376, 78.11269521107864, 80.73157062299674, 83.95489133168029, 86.40868344475045, 85.77029040666818, 78.14301636404238, 73.44754316876748, 69.50304964626284, 68.70375930592334, 70.3783427997751, 74.18569889406069, 78.90554969770874, 102.2895150238225, 102.62411916196358, 108.13125221981785, 108.26747439138087, 115.44388375089895, 124.23733676102884, 122.98953625085825, 110.28023716117278, 101.54917381105062, 96.71114307116684, 82.98687015992347, 70.6642420645668, 63.8204874920953, 51.451618079381824, 44.72648981226958], [63.85187136466714, 71.2125911723929, 79.62756215773342, 88.04979290245878, 79.99909831462705, 71.56454110025933, 65.23947517378859, 23.63247476279605, 15.774759495915431, 8.074225739556521, 0.0, 12.355303965545845, 8.786348678529093, 11.21144067364195, 17.34601276147438, 60.62575596331032, 70.15624828151216, 77.22733360137055, 85.71629757140407, 93.56808579743988, 91.61878815619419, 84.69728389618011, 75.06311844115395, 67.46276486036818, 60.252790906463034, 23.51965720293759, 19.9855481169012, 17.774641350354333, 17.394905450038923, 19.60744788066611, 15.885753817514638, 12.481735166389248, 12.191137541875127, 14.740093513830198, 19.577960242262474, 50.18861874170641, 52.146180717732776, 59.23771112150903, 65.85153146075905, 68.96567456102474, 66.82433116825908, 61.81579238000082, 53.25938958416351, 44.41254167824235, 45.07767480924051, 37.650260165815446, 33.3733131409872, 92.0076624896796, 83.6644191378288, 75.86690265607129, 73.47311474701729, 68.54302358173551, 67.49793629317418, 67.54550318649831, 74.36350524985247, 79.31914660605037, 82.54864981370793, 86.51183244306633, 89.45911826111336, 89.1363290281556, 81.31182174528064, 75.94362788972956, 70.8251893450159, 68.83409769223778, 71.62856769096553, 76.59676077093198, 81.99160178408287, 108.78272084657182, 108.4355169809764, 113.1416873432845, 112.57615740451982, 119.0671063649694, 126.86774314051192, 124.7396214393728, 110.71419377860796, 99.10596864857231, 92.76790043836557, 78.29662592973459, 65.27650983812221, 57.57666737249506, 44.793013588402395, 39.59963239044995], [72.08345561352154, 79.79692384751223, 87.81739279412045, 94.99029881979136, 87.43630294813228, 79.21599007122084, 72.8727196180704, 31.893266531455335, 25.7502324076351, 19.835997270305974, 12.355303965545845, 0.0, 9.415489986182399, 17.69719857793165, 24.674266556565062, 70.9191110648868, 80.12674024584358, 86.76023784777853, 94.59485075981186, 101.4968099295623, 99.67035830483586, 93.48528998746434, 84.32933694551126, 76.74428810769247, 69.79648186812344, 35.63959463142813, 31.97791687797296, 28.577838471591985, 23.95348900417029, 20.449600398128002, 16.481354300642103, 20.091177961141778, 23.908113064522762, 26.939314015194334, 31.390055280312982, 60.016030078960284, 61.3026776182251, 67.18265599606129, 72.029660634954, 74.16600719431773, 72.31910592080527, 66.93371071827461, 56.33882432534, 48.15683323997234, 52.45712845790094, 46.753330146323755, 43.91215499261969, 94.87652605780643, 87.0535038460355, 79.77284012212397, 76.7363036524326, 71.4897963406026, 69.1181676316133, 66.32840866149975, 74.3640664889103, 80.16769881110993, 84.0220913218991, 88.7365466769231, 91.86713531142799, 91.86534953061967, 84.46370736489145, 78.72819186261955, 72.20041858190656, 68.34122094530186, 72.83375026657522, 79.18667108069754, 84.96832735049308, 115.16446242941994, 113.11757856914082, 116.3511953514961, 114.73766280528987, 120.25912278641194, 126.61118229554893, 123.5480115160848, 109.30508287291131, 93.08495253935874, 84.37335962050312, 68.82578131875667, 54.78076308090192, 45.90011906968916, 33.09200163662804, 34.069325807195156], [65.52914620782464, 73.25578679603481, 81.39795692417619, 88.9265339146241, 80.82218045921479, 72.3198103115587, 66.0666762431632, 24.504274625960957, 19.147025343902953, 14.316015066058117, 8.786348678529093, 9.415489986182399, 0.0, 8.93243010121462, 16.927497523815212, 64.23227117085824, 73.84468877533226, 80.71413077366829, 88.93309472709495, 96.234228093056, 94.0997153223721, 87.47238488978262, 77.94437033032217, 70.17225417031794, 63.05394915340597, 29.89365314872426, 27.79795918490472, 26.431364534354977, 25.62748063712377, 25.686200700422397, 21.528503456528995, 20.708919740966063, 20.545688377996612, 21.732417956982072, 25.23611481579694, 52.603474173485054, 52.737093088799, 58.16582690946096, 63.45463448406491, 65.60725518693854, 63.319282626039076, 57.920893323534074, 47.92872371877038, 39.4704177772755, 43.05942480129694, 37.725838324865954, 36.1683991471249, 87.22251727301716, 78.94944351962239, 71.25626527764246, 68.36095269349777, 63.18858037130356, 61.35956647570848, 60.069668305853895, 67.44080960466798, 72.83636787476024, 76.44496374621338, 80.92839702441707, 84.20187202426767, 84.17280459544412, 76.32952651351745, 70.5635898197905, 64.57601884360184, 61.66884231379342, 65.29459300164751, 71.10792048498588, 76.9100140647582, 111.37365334270551, 108.75089081233473, 111.37970855337741, 109.522042164962, 114.90390390858146, 121.55717841460803, 118.44266421766086, 103.36081305135416, 90.50147204036396, 84.10311452030423, 69.8401381637432, 57.2701760332449, 50.56214417539244, 41.35286905713034, 42.56538483952421], [57.14333307922863, 64.83012650158385, 73.03558655276598, 80.86608011796534, 72.4773241100249, 63.8534105822951, 57.64654100147919, 15.996612932795774, 11.897715609801528, 10.682029097819104, 11.21144067364195, 17.69719857793165, 8.93243010121462, 0.0, 8.481283233202921, 55.85386233969018, 65.59867486301158, 72.53154565969322, 80.91320054082902, 88.43670944443248, 86.13221293696307, 79.26295058808773, 69.57312950814712, 61.73100409743658, 54.564296869019074, 23.970171899869825, 24.13287209200467, 25.14278685930701, 27.82678477866843, 30.48557248384916, 26.860131619767095, 23.1122504038819, 18.97294159068451, 17.31969525929928, 18.855781421722384, 43.878492248061285, 43.833052922116714, 49.66173240399019, 55.382258574219314, 58.10408531445509, 56.24793906851095, 51.5096271446417, 42.601078829576196, 33.75009822171394, 35.64738337519326, 29.073059127594053, 27.577200363399978, 80.82453896944594, 72.5087026629711, 64.93560476445398, 62.68513671946292, 57.92300791322991, 57.04377999376249, 57.72790729153512, 64.06144646278453, 68.71794629657698, 71.68393425681, 75.42958481876654, 78.25260810549035, 77.93222169892847, 70.19243811345744, 65.05730388489748, 60.268147311299835, 58.69990416337044, 61.07041938839491, 65.68940964194586, 70.85742765351542, 104.51843944915518, 101.86696857767306, 104.69088692789634, 103.20755172877239, 109.05549821404074, 116.5911174706902, 114.21815805198595, 100.26702127088879, 90.93048885464381, 86.59415973691372, 73.46205777975918, 62.04444244457746, 56.77103004044202, 48.70781097125414, 48.731777733231695], [48.72365800065738, 56.46224795690761, 64.6090235663062, 72.40962106757179, 64.06537445306077, 55.49075460298065, 49.24804214770901, 7.701514457094267, 7.576890583037741, 12.928364398335818, 17.34601276147438, 24.674266556565062, 16.927497523815212, 8.481283233202921, 0.0, 48.18680481336201, 57.73864856505854, 64.47880617899331, 72.68575311997718, 80.0694124967692, 77.72792894073926, 70.95022997168965, 61.3772146466382, 53.54428352982096, 46.49227425506334, 21.270973682435084, 23.93672162865644, 26.775548468284384, 31.3765087639786, 35.179249143498645, 32.26991660658814, 27.541577211991875, 21.37067336884426, 17.27089977084839, 15.906967307128848, 36.091527887491644, 36.84223727679737, 43.63018213128745, 49.18091908096142, 52.739725469275086, 52.29230731339012, 48.808471818670576, 40.941920137601464, 32.109496262622955, 32.528504228611865, 23.61813618562559, 20.874183204709233, 75.99475413206673, 68.17896951446227, 61.4117093525468, 60.08663748105472, 55.98119705699589, 55.98872079615858, 58.12088409416667, 63.46992811861852, 67.34749913534552, 69.5082591998654, 72.27669725691388, 74.16767708051539, 73.40794465295204, 66.41593473583585, 62.429007875206196, 59.01202633194812, 58.52591745323384, 59.838050424137826, 63.088208538299, 67.11970812139306, 96.38485410897181, 93.72188366629099, 97.06721265431513, 96.23591132196718, 102.84557057683807, 111.42304973759877, 110.2192306744321, 98.91882265394766, 92.07955941630252, 89.0748462028489, 76.7147509549889, 66.01902271500428, 61.57256386473353, 53.707711393829044, 52.94530567024975], [17.531144024650306, 18.236016408813878, 26.42875529304218, 39.608585064731315, 31.56080819694976, 25.761433118934324, 22.95730492779244, 40.63113392259163, 45.36350056922021, 52.65049037216824, 60.62575596331032, 70.9191110648868, 64.23227117085824, 55.85386233969018, 48.18680481336201, 0.0, 10.656729718522332, 18.74237662672709, 29.214882348981327, 40.18263074174528, 37.4325745884229, 27.87235613029191, 17.11334623794978, 11.259199420386379, 7.031370708348554, 40.44470785337135, 47.778667495666646, 54.37351697306513, 63.83232113407387, 71.6532504250333, 71.05632668200032, 63.213059285380155, 54.32152770729941, 48.15717850365949, 42.024684177459015, 14.045199819704203, 25.757255877946434, 37.524926692378905, 45.02005833651221, 53.50605596802411, 57.880544405289605, 61.092967872685115, 63.97476811623839, 58.71409933591033, 47.91911351074938, 36.38436595046836, 29.301072238453408, 77.14358411604843, 72.0671576697716, 69.02416103299996, 72.62738598503786, 72.48963825231692, 77.4578576065161, 87.14621711523782, 86.98047420397846, 86.3696744745014, 84.4879343575308, 81.9149040325721, 79.69840107488426, 76.74172057080078, 73.39713597380714, 75.20281642692849, 79.5296383196965, 85.06442389893172, 80.50117762749001, 76.17140995858976, 74.4444457280828, 62.32284957526145, 67.52723788676022, 79.0081447837637, 84.95472089104224, 96.74288793737354, 111.91838664002205, 117.36986006498539, 116.72103592978885, 124.40786225991191, 127.32094543813479, 118.23318816717513, 109.98427684627187, 107.15873399992161, 97.6531497761811, 88.90356063097424], [18.71124652250515, 14.920582651043354, 20.58852864365324, 33.9455519702489, 27.910590042923744, 25.127222654669875, 24.468740349586977, 50.1221762152261, 54.91664627917029, 62.25155072148085, 70.15624828151216, 80.12674024584358, 73.84468877533226, 65.59867486301158, 57.73864856505854, 10.656729718522332, 0.0, 8.331407115020781, 19.100837139046806, 30.758303906608855, 28.239603035546033, 18.476089103199243, 9.088667793587073, 9.105202463340175, 12.68509694749934, 50.155495252470445, 57.162720270933875, 63.448651551063065, 72.5140587630368, 80.12491359412194, 79.86990632071947, 72.34313168458836, 63.79568371548349, 57.8120024078702, 51.80366591542497, 23.841686472775915, 34.576723087293644, 45.043868841661975, 50.848908278704485, 59.457664270689186, 65.18207554700311, 69.39042835748344, 72.77208348660822, 68.0362820089775, 57.659563837290044, 46.61189885090364, 39.67369644439913, 80.98144386869147, 77.21152235081783, 75.57494734253389, 79.86871286894778, 80.3482440413924, 85.58469193908934, 95.45170336990485, 94.7808381200268, 93.65947546154626, 91.18388028688952, 87.75003763272977, 84.47903081092831, 81.12583957333977, 79.19462509614837, 82.18305351814571, 87.35553407543601, 93.18272151814575, 88.27216272208612, 83.09395229249598, 80.19305927405901, 53.4106263942177, 61.066571711092934, 75.08122173687907, 82.96244336174648, 96.00301089351633, 112.43805890139089, 119.60942962712905, 122.48776821076167, 131.4375370083013, 134.76402562672493, 126.02351705404419, 118.00266742082006, 115.27948440938358, 105.42806503922316, 96.11585152425141], [21.069844740849753, 14.7162089733519, 16.59808340341731, 28.901484010647316, 25.124030075949705, 25.172737420494425, 26.16468893500439, 56.834234711349545, 61.92928903229407, 69.43896703556501, 77.22733360137055, 86.76023784777853, 80.71413077366829, 72.53154565969322, 64.47880617899331, 18.74237662672709, 8.331407115020781, 0.0, 10.852358353437884, 22.80099471913208, 20.413326702202614, 10.80802487303527, 6.394903313079565, 12.623108964955463, 18.96646423591361, 57.87639244732825, 64.7699091544816, 70.85162063266417, 79.53974727364789, 86.81974479394513, 86.70933574069117, 79.5410588640471, 71.22759831556291, 65.29345632036835, 59.318637431630236, 30.968576311655543, 40.95576307165024, 50.380748874694, 54.57829991264827, 63.11251297621426, 69.9893832284479, 74.943605303504, 78.46611543462203, 74.18904351129692, 64.47917298070993, 53.82924265718353, 47.25482571999827, 82.6124620126625, 79.99270472220022, 79.58361654377698, 84.368906286915, 85.31834427830698, 90.66017873097609, 100.49753229084976, 99.45691471121009, 97.96643781546376, 95.04059374613776, 90.96513742196747, 86.82572140749757, 83.1841739017344, 82.48009640129344, 86.40928958794697, 92.15332105757658, 98.0983890089665, 93.00899546527828, 87.24904646736266, 83.41453597807875, 45.935433688544556, 54.779847343623544, 70.45094354330008, 79.71747488173165, 93.62083386499772, 110.91006856198516, 119.40784225664771, 125.28890027796058, 135.10187226879788, 138.81486770528562, 130.49125649617145, 122.82501541347956, 120.38827265860178, 110.73504430195128, 101.74399499246313], [26.86597167411253, 19.698805631765747, 16.409826836642733, 24.28218707202268, 24.763324457367958, 28.34599914440761, 30.78606036625469, 65.09778292763188, 70.46495889657317, 78.13730931668168, 85.71629757140407, 94.59485075981186, 88.93309472709495, 80.91320054082902, 72.68575311997718, 29.214882348981327, 19.100837139046806, 10.852358353437884, 0.0, 12.305149440349192, 10.625234371547815, 5.473806985977126, 13.722557958896038, 21.099859963630234, 28.191655629635854, 67.40118716660142, 74.11786108024901, 79.8931913489988, 88.00791418514412, 94.77088572805474, 94.83988056822021, 88.21590757575629, 80.2653880712705, 74.42644743726373, 68.53551838107127, 40.39271835142946, 49.81685272061463, 58.22023144902649, 60.46872739277866, 68.7453761497693, 76.94934611725749, 82.61445821536734, 85.94524324022606, 82.11840094283451, 73.45734874895592, 63.106031247951805, 56.75099467162782, 85.51768478677035, 84.38290510965103, 85.47221017093047, 90.71677343109177, 92.1289763654661, 97.43060643665066, 106.94089424463307, 105.6166155654373, 103.80747852840312, 100.43216957615215, 95.70513338414725, 90.53079727779227, 86.58467940851128, 87.42318543423376, 92.3849023613801, 98.59041686740021, 104.46014939635255, 99.35904541268222, 93.11662818675714, 88.25458953104017, 35.773005574403854, 46.40356075861944, 64.56695238451793, 75.72173541679264, 90.72598453915016, 108.97703639045149, 119.18035533123641, 129.06030656117534, 139.3784083106794, 143.33685207674935, 135.46210064250442, 128.18892784335276, 126.05095568414397, 116.62249238379343, 108.17217415899165], [33.57713043241469, 27.02979993161699, 20.657802161460012, 20.689518427944737, 26.323230955497728, 32.67053613343185, 35.99998422210107, 72.6541764451124, 78.44427771248047, 86.33149371168454, 93.56808579743988, 101.4968099295623, 96.234228093056, 88.43670944443248, 80.0694124967692, 40.18263074174528, 30.758303906608855, 22.80099471913208, 12.305149440349192, 0.0, 4.450976366863453, 13.659448135394268, 24.031688828753442, 30.711147788827393, 37.841906191104705, 76.92985050944624, 83.52172138274075, 88.97198699718064, 96.37863293383194, 102.40261058453602, 102.54385802201358, 96.64275631365902, 89.09866967931916, 83.32873511704112, 77.52988278728728, 49.75646061501784, 58.42817885318394, 65.70611090286886, 65.6785986617412, 73.46330679633704, 83.0957323362156, 89.39692451402856, 92.17181704300681, 88.87203540535178, 81.75571945778023, 71.82170098659937, 65.94013776581093, 86.91903614349896, 87.47937839067117, 90.24393215106312, 95.85143350298591, 97.69168671600168, 102.76758745276172, 111.61480632918133, 110.08598938177471, 108.03220262057091, 104.25370478678813, 98.95213163948564, 92.6849379779372, 88.47700193160172, 91.05043990328606, 97.04192553610355, 103.53076596244293, 109.10353974351992, 104.1818931852529, 97.62426954494413, 91.73644405990774, 24.727420388507067, 35.46239287849913, 56.134180028515864, 69.17963225168612, 85.21746130015337, 104.25101328587422, 116.21658234863546, 130.64138747125017, 141.05765374181752, 145.23291311183746, 137.987413446331, 131.33040650986933, 129.7211848958577, 121.0626783448326, 114.05508796215115], [30.344834007429537, 23.45936907330683, 16.575040411239456, 17.486062295551736, 22.347404868907773, 28.80887140775136, 32.491793608303794, 70.2464173066268, 76.3039244597992, 84.31607322666444, 91.61878815619419, 99.67035830483586, 94.0997153223721, 86.13221293696307, 77.72792894073926, 37.4325745884229, 28.239603035546033, 20.413326702202614, 10.625234371547815, 4.450976366863453, 0.0, 10.295882381503445, 20.79331353529288, 27.531108196405555, 34.836891230788986, 74.86767310113639, 81.6793184018091, 87.33484881941442, 95.00445629301511, 101.1674839773658, 101.12453049383947, 95.0355549407606, 87.25259048512385, 81.3335023600358, 75.41307817008843, 46.677841079928655, 54.74707785061531, 61.66345158399924, 61.60479751645804, 69.39244959766182, 78.9628123255153, 85.37444974888938, 88.4799325230503, 85.37027621216559, 78.10515231578546, 68.54518835159365, 63.23430587775519, 83.04770210659194, 83.43676097539178, 86.1222290737576, 91.7913684509394, 93.7140470922995, 98.92024146546665, 108.0578003482355, 106.32691550369454, 104.14741502671252, 100.30845428892479, 94.95225158790257, 88.77170309438608, 84.57785393012743, 87.00201236080338, 93.01071375156418, 99.67231966601294, 105.46216502517429, 100.33287673597752, 93.60966343622493, 87.70766441333127, 28.73617321312721, 36.383684211633444, 55.18376992837393, 67.44970946386898, 83.09038593449908, 101.94680622835519, 113.46736811911694, 126.979977112987, 138.09375109109538, 142.70607840385046, 135.7032258477113, 129.29606808342533, 127.98742265338625, 119.92691950502994, 113.47421342793663], [23.593569945032247, 15.868602079453566, 11.405173043868999, 20.223800440913404, 19.761295310624607, 23.676953540422744, 26.79242121612621, 63.3163380609385, 69.20827070208246, 77.12432961065865, 84.69728389618011, 93.48528998746434, 87.47238488978262, 79.26295058808773, 70.95022997168965, 27.87235613029191, 18.476089103199243, 10.80802487303527, 5.473806985977126, 13.659448135394268, 10.295882381503445, 0.0, 10.99741510360326, 18.504614559121787, 25.992458256854796, 66.72454209521874, 73.74259631479744, 79.73395176468921, 88.03270076716113, 94.7791260461327, 94.58336819467762, 87.89165986196276, 79.70082007922372, 73.65681435967782, 67.61011162772385, 38.02672463454403, 46.325821978023754, 53.95980578300521, 55.67527250951382, 63.86434367387647, 72.30015747699207, 78.2647825199554, 81.91917591026771, 78.48660462907576, 69.99140580494358, 60.29155318547339, 54.955578909230624, 80.26050114136082, 79.22306108818758, 80.54664573510311, 85.94885237007243, 87.56392448975946, 92.98938480528076, 102.74104899884567, 101.09789387999439, 99.06980664381807, 95.53147538969775, 90.62126318697563, 85.34864573399318, 81.37686021851678, 82.35662268123214, 87.55118989998564, 94.04485872602312, 100.13881353150859, 94.79979010246072, 88.27235349807334, 83.18345334260803, 38.18101004065195, 45.25621806486059, 61.45328373434248, 71.85576727678385, 86.45261744841541, 104.53955756145335, 114.46484835443839, 124.04569545992909, 135.28764066459632, 139.8910036436177, 132.51125682521317, 125.75057088885812, 124.1819409521914, 115.84638697009906, 108.65228842765934], [15.706501993530003, 8.671163938409826, 11.719126126302466, 25.076484736085447, 19.63313919232228, 18.932938588735666, 20.229590621601638, 53.68529649239674, 59.48815390228807, 67.34341066654153, 75.06311844115395, 84.32933694551126, 77.94437033032217, 69.57312950814712, 61.3772146466382, 17.11334623794978, 9.088667793587073, 6.394903313079565, 13.722557958896038, 24.031688828753442, 20.79331353529288, 10.99741510360326, 0.0, 7.975499609058922, 15.364942167795556, 56.51485966459156, 63.74607126116504, 70.00642867189214, 78.74834735630604, 85.85011620598024, 85.42981699310316, 78.33072571215702, 69.81890876465499, 63.65005079667488, 57.504321431175796, 27.367922234423805, 36.1984132362476, 44.95318449383671, 48.459028021073244, 56.95410208081133, 64.22396226489519, 69.466127213761, 73.05412313664947, 69.14483533753867, 59.88457842472796, 49.828867052550684, 44.42384102110796, 76.22651765339586, 73.67637686204317, 73.51270749651627, 78.41246765761657, 79.5150787980952, 84.89154241404196, 94.80720311495466, 93.54314909310287, 91.91332828875636, 88.87242850058462, 84.68793949331054, 80.45250354771355, 76.79886273522446, 76.22768259188217, 80.3564250733836, 86.27252462540226, 92.31866830067192, 87.10617385276124, 81.17158269666464, 77.14658696613218, 47.72878750409952, 53.016407487046074, 66.5510788438333, 74.84816289846565, 88.25364027085435, 105.23262271062327, 113.34395851217795, 118.94542547444935, 129.29543859842, 133.5439353696428, 125.69911809275497, 118.56665323659269, 116.75476536156806, 108.36994840327044, 101.05318470374401], [9.880497566033048, 7.132594344687213, 15.243170681064553, 28.359971745370927, 20.738020074267315, 16.426902425290628, 15.375605940281963, 45.84521356678772, 51.810923595746516, 59.759319215104966, 67.46276486036818, 76.74428810769247, 70.17225417031794, 61.73100409743658, 53.54428352982096, 11.259199420386379, 9.105202463340175, 12.623108964955463, 21.099859963630234, 30.711147788827393, 27.531108196405555, 18.504614559121787, 7.975499609058922, 0.0, 7.571256390033623, 49.29966002314662, 56.69497490873005, 63.049936984540885, 71.85597741295699, 78.9255085757095, 78.29407069785333, 71.15965065497477, 62.52730407525421, 56.24933373137006, 50.036970228105325, 19.532055505629558, 29.028435984141908, 38.743123335604395, 43.031934211381724, 51.61062438218423, 58.340339044797716, 62.994901182680174, 65.95310006136188, 61.66075248917524, 52.51587934950423, 42.04362663573703, 36.61913880990572, 72.51679353717469, 69.1055293092284, 68.094107692484, 72.5427072525001, 73.20987914606934, 78.32772402138335, 87.95215865663988, 87.12789756628148, 85.91158087019585, 83.28752214560012, 79.70829309193418, 76.10752845756443, 72.69350218067542, 71.2349970400008, 74.6177003387708, 79.89097912803891, 85.6168654147583, 80.75137234042273, 75.45473888416736, 72.17580864085156, 53.39900469081057, 56.70128513374088, 68.28008467625537, 75.06591477847554, 87.62943610295729, 103.7104135596055, 110.61135971222063, 113.98505846942103, 123.07092461813845, 126.89128844781534, 118.73854808614058, 111.41141745979037, 109.52813859743121, 101.39272603150498, 94.67369227643879], [10.680929136609883, 13.202600786903199, 22.045267915503565, 34.45591490006687, 25.965753687597154, 19.436815204839352, 16.05347233766156, 38.796423368211066, 44.605675188647034, 52.489730171330436, 60.252790906463034, 69.79648186812344, 63.05394915340597, 54.564296869019074, 46.49227425506334, 7.031370708348554, 12.68509694749934, 18.96646423591361, 28.191655629635854, 37.841906191104705, 34.836891230788986, 25.992458256854796, 15.364942167795556, 7.571256390033623, 0.0, 41.9547839136903, 49.46929194444499, 55.94398182732649, 64.9328937957994, 72.14056803533754, 71.35336026801774, 64.0338028832088, 55.25055222608878, 48.9067057575789, 42.651119387148725, 12.202481984818375, 23.38862288747668, 34.579953271247156, 40.36052159640227, 48.89083131625125, 54.51771059388147, 58.269257642290775, 60.61000362001839, 55.710371310563474, 46.28178753461157, 35.06326952096785, 29.077826725415726, 71.6376011177066, 67.16171871915141, 64.96097452825161, 68.79770079900423, 68.88699931298935, 73.72352833593514, 83.07491924244998, 82.80379880006522, 82.09501499455554, 80.01023217451794, 77.19037334068496, 74.45184734081664, 71.35964876269023, 68.7379279328258, 71.09663781613207, 75.56523183529731, 80.94286107687473, 76.47301459831708, 71.98011715235496, 69.71670644930597, 59.71197535202809, 62.38908413613286, 72.6941727697657, 78.23515306203682, 89.96371584270416, 105.11164898769658, 110.76208610835772, 111.49080119788454, 119.15263606900221, 122.36041724789932, 113.70482648061386, 105.96413671572095, 103.7564544173447, 95.42489154380463, 88.64921810356425], [48.446519250968755, 54.49242635355924, 63.36164914328942, 74.07362521927989, 65.564217109728, 57.27790259747791, 51.369900251715315, 19.49763035977444, 14.41899750080199, 15.941529561623469, 23.51965720293759, 35.63959463142813, 29.89365314872426, 23.970171899869825, 21.270973682435084, 40.44470785337135, 50.155495252470445, 57.87639244732825, 67.40118716660142, 76.92985050944624, 74.86767310113639, 66.72454209521874, 56.51485966459156, 49.29966002314662, 41.9547839136903, 0.0, 7.993447991626204, 15.116671041086857, 25.477394137297118, 34.14311160210311, 32.86178117114099, 23.819455398208035, 14.41372016152905, 8.87673697623316, 5.437231875461446, 32.5046045508629, 37.617545520862095, 47.97522047167601, 57.595775899181014, 62.99766982837354, 61.55624886015575, 58.55079761924924, 54.984561713748654, 46.266306495443985, 39.113820134612446, 27.17276389778804, 17.058704533925926, 89.08117701491273, 80.69485938948222, 73.08681944250883, 72.57253510682027, 68.