{
	"dissimilarities": [[0.0, 7.854541056099774, 16.23845641756829, 26.130194290611122, 18.118415346144317, 10.4810258417195, 7.486067429636272, 43.996760158873165, 49.5425491670961, 57.891451142183236, 65.27398653959247, 73.77965137398492, 65.95003414675664, 58.631268815270516, 50.3803242290959, 17.761945702099734, 15.904337685747057, 18.205277191886395, 23.3040945411106, 30.928486008862137, 27.290585033976626, 20.281990034315093, 14.06593277230131, 8.728552625316643, 10.339079592869233, 47.815860918591035, 55.23013176029968, 61.20641076659828, 69.32863404616677, 75.4491682453625, 74.84437013843277, 68.70118524260339, 60.49995716443734, 54.18301541991257, 47.850073068645045, 19.42112416599961, 27.581906261058812, 36.44593173050835, 38.45264254239505, 46.3734833711051, 54.36864141945651, 59.1836479080132, 60.93328480681775, 58.37985687460056, 48.56667931614924, 39.1911615373332, 35.27651375025198, 67.22324981411293, 60.97687572789136, 63.35051745448452, 66.50261183819019, 69.30555816351628, 73.25619917934127, 82.45173775585336, 84.67021934276293, 84.30818544852735, 81.97545300075083, 77.83783931740777, 72.57457836192896, 68.48198521449058, 69.59560176815408, 72.04448094544217, 75.64757111736189, 80.26037234274278, 76.58753857250984, 73.00043829718332, 70.61524768212878, 61.526874145411355, 63.69317485162969, 72.40074987677188, 79.92436475951683, 87.20024882064642, 101.58399081403569, 104.80532742273807, 111.91054140908422, 124.40627207034888, 122.08389363681134, 123.01085866593797, 115.37817193087353, 110.2205124406722, 102.41830601902706, 92.29934666575168], [7.854541056099774, 0.0, 10.254089556529632, 21.89278007489815, 14.31210565657161, 9.835225132640383, 12.34517617470095, 51.66587462130513, 57.01954446243541, 65.17877211313181, 72.70145798696318, 81.46771385603691, 73.54961548011558, 66.21765614988563, 58.025904074694516, 19.94969111875284, 14.557062421254672, 13.211526739339325, 16.79439120064982, 25.100973854075868, 21.031624503663103, 12.923020780799046, 7.9686986851518595, 8.713636030731315, 14.140166868589136, 54.39022159215374, 61.75716952807123, 67.8660019420411, 76.20925845632381, 82.56801146352335, 82.10367327671459, 75.70396987249777, 67.41017473096836, 61.13559286125478, 54.841975367471605, 25.678834721504103, 33.02339885898588, 40.83766102384565, 42.37907520515111, 50.416375837875705, 58.64234644216567, 64.24944157785873, 67.16091582386679, 65.14508423455639, 54.729875677169915, 45.62543816015761, 42.09139809223378, 70.17601096934465, 64.36342285904266, 67.47918934674841, 71.0890017045795, 74.48809746745718, 79.08794393126287, 88.55179012084808, 90.3922293515302, 89.33706056384064, 86.33272226138021, 81.61378410389828, 75.73384352819457, 71.92558563066908, 73.50612487305254, 76.56888298436512, 80.88666831456264, 86.01953579985704, 81.80871735918, 77.51633300330259, 74.51317553325032, 57.701688956786995, 61.242743084433755, 71.44936462608607, 79.9728781055011, 87.74690573225179, 102.95969666558878, 107.10001470533547, 115.978289894329, 130.44709045725835, 128.83825046020632, 130.09534082526363, 122.71616975535835, 117.81618714894068, 109.9778950041733, 99.18542743315133], [16.23845641756829, 10.254089556529632, 0.0, 12.097946854360169, 7.52810350921525, 11.657918223400136, 17.700066288484514, 59.70393875717422, 65.52886675871801, 74.00847947635899, 81.27347516514325, 89.31065877430088, 81.7523892863589, 74.45902763368616, 66.10915885187309, 30.07911248937186, 23.511861641525602, 18.20059155973767, 15.224885218969437, 18.080476798314088, 13.15160668546836, 10.676905070425137, 14.402394043242289, 18.876111068041773, 24.34722999327307, 63.990190159320086, 71.32183796917342, 77.22552150767179, 85.20649821462341, 91.21516782187412, 90.76683466404748, 84.78745666248213, 76.6869330700388, 70.40080047427004, 64.07638640586906, 35.20781155636202, 41.15797243060715, 47.10524116604616, 45.34649046200239, 53.234269549411415, 63.0871670866542, 69.43047733818304, 72.53131971115197, 71.25712142788993, 62.18941553866176, 54.163570581049214, 51.42100531988759, 69.68068126653513, 65.41949630684792, 70.09187479451754, 74.36089501509612, 78.29860575675853, 83.2396821995179, 92.25696916502802, 93.54664934679084, 91.9555993844935, 88.18784173919676, 82.75412909001145, 75.59901298742042, 72.54255612042456, 75.12995650980334, 79.20662250749672, 84.20079775871164, 89.47207199327497, 85.0246296261469, 80.04821418100803, 76.05712205360442, 50.81874370744296, 52.59038444831802, 63.1107259478097, 72.59031294508469, 81.24817706064523, 97.33139600262022, 103.285741503741, 116.05142084596584, 131.72143459422728, 131.2100311398299, 132.76719337543977, 126.05867200339551, 122.20350852052506, 115.68451105859471, 106.68043648768082], [26.130194290611122, 21.89278007489815, 12.097946854360169, 0.0, 10.93428470736006, 19.604781790640015, 25.535026011794958, 66.8414184636269, 73.19266101295088, 82.03852735543222, 88.83149155912967, 95.71269136474507, 88.76961858841094, 81.63162943685205, 73.18963520153, 41.752274541244596, 35.27745434654956, 29.055641868114037, 22.92295914135767, 17.471867323137644, 13.63127348687932, 19.891153302601264, 26.26906924668185, 30.566151077425673, 35.51849984443886, 73.39806695729428, 80.6298011799593, 86.16038063377967, 93.50510445808628, 98.89498260470683, 98.41213468385381, 93.15320593120111, 85.42003444980801, 79.16601386589691, 72.86011770716233, 45.135352905721525, 50.00165998859212, 54.346973046220164, 48.9205069247536, 56.26238995386935, 67.85968686307197, 74.52666602831077, 77.06437841041813, 76.41998589354175, 69.53142701131247, 62.701503179727894, 60.612713668420845, 68.33819506614647, 66.13775453647041, 72.38486248653392, 77.16697734883084, 81.3632473538914, 86.24323097844017, 94.32687993990945, 95.102722473744, 93.28409716312291, 88.968652001533, 83.00749094511394, 74.54084819653775, 72.43774956940453, 76.09676656211671, 81.10073207208059, 86.45499551817399, 91.47229958480871, 87.14324110175936, 81.78695027214532, 76.90323604637135, 44.73342866855373, 41.76125302482298, 51.520421196037404, 61.94991885207732, 71.81916978142903, 88.62855016636276, 96.82469981727785, 114.16281776310129, 129.91807016756124, 130.4523013426062, 132.13307616915228, 126.22462082870781, 123.67521793507034, 118.99617658926039, 112.83275700195064], [18.118415346144317, 14.31210565657161, 7.52810350921525, 10.93428470736006, 0.0, 9.396506250584952, 16.284691084016824, 59.18642418871021, 65.69327717767185, 74.41757492575601, 81.42103818424808, 88.89792549200843, 81.29209702359368, 73.9680000993987, 65.53191381880029, 33.73229933007694, 28.73665763966617, 25.02726416707134, 22.70257992779369, 23.619397848706154, 18.604542725138582, 17.943420111672268, 20.26212129612509, 22.669366696738713, 27.14430341276451, 65.19467574911769, 72.8299959506125, 78.78289206821124, 86.65242095071885, 92.34496533435443, 91.49014141888088, 85.81543038586828, 77.65801411094513, 71.23211736886684, 64.85088745992297, 35.96473256720633, 39.65343814270159, 43.798291511293144, 39.81110848876033, 47.48627717413833, 58.17811526290183, 64.87958396986632, 68.20907326987947, 67.63556603624156, 59.5799076168956, 52.898364552254456, 51.821793746704095, 62.550110240282024, 58.78636758260803, 64.07677467479705, 68.6361790488406, 72.8519224686249, 78.05059299636939, 86.92486194974883, 87.84906075104406, 85.87791719760847, 81.7580040301488, 76.06646280406241, 68.5412757270886, 65.71832974585037, 68.65511390702444, 73.14675545499529, 78.48629040035391, 83.91942363844426, 79.25927607055243, 73.93693031703907, 69.54663759893789, 54.500173457284745, 52.16808786824603, 59.14611975196554, 67.1070822192429, 74.74629019651854, 90.59771606262198, 96.01501878301788, 109.03761199233743, 125.92500104786622, 126.2764306953025, 128.72558542487727, 122.77646850116092, 119.8569378575962, 115.15933177649606, 108.35888154565559], [10.4810258417195, 9.835225132640383, 11.657918223400136, 19.604781790640015, 9.396506250584952, 0.0, 7.375576803603698, 50.549565976542986, 56.98389688495242, 65.58494151367002, 72.70787058841047, 80.59520148791373, 72.66138266045569, 65.2676362435008, 56.881204368414444, 26.243778601513675, 23.378153612076854, 22.975107062917008, 24.67047052055167, 29.451185997226688, 24.73528246192635, 20.009057909803474, 17.367768402680756, 16.037342255020377, 19.126182543932412, 56.1188309401948, 63.898805037764866, 70.01021229868536, 78.10011922109383, 83.9436165248002, 82.92752442236453, 77.0394330365038, 68.71465035735174, 62.23682065675459, 55.84474493135205, 26.7105249312728, 30.51675495039489, 35.86217411827379, 34.22600404881156, 42.20579347325896, 51.77414005393729, 57.86867606170977, 60.939083485670295, 59.81655003368751, 50.89261447738202, 43.655855990202056, 42.57138296559604, 60.61917629500257, 55.33467652727274, 59.21243832897597, 63.20047021047436, 66.93111943554115, 71.82532708579683, 81.0993431976128, 82.5063066366349, 81.04229930906126, 77.63693922651008, 72.6195607049482, 66.28427190145452, 62.71261479815749, 64.70962792642821, 68.27970801460418, 73.00124359448972, 78.30388273761336, 73.86218004399343, 69.16550794795592, 65.67979622221787, 60.90011134451024, 59.6211494626255, 65.84381079057792, 72.56673957909346, 79.1431710596576, 93.9659262896312, 97.43909858145311, 106.61894559500153, 122.37579410165273, 121.8173207047324, 124.15527862951328, 117.73640765266514, 114.08268785559649, 108.70932964910058, 101.10262869686814], [7.486067429636272, 12.34517617470095, 17.700066288484514, 25.535026011794958, 16.284691084016824, 7.375576803603698, 0.0, 43.18558051289534, 49.657922248104796, 58.315226952131134, 65.37492357821336, 73.22325619782258, 65.30239942318785, 57.91946976621431, 49.5249127381799, 23.141165675173458, 22.670984505667967, 24.821491635769718, 28.604923031233138, 34.38874482274612, 30.203276706460745, 24.710077590112256, 19.759865711444018, 14.932164339576866, 15.482413394853205, 49.276322342554984, 57.041566557907274, 63.05393452224797, 71.01328719751076, 76.74170958737542, 75.64749031828075, 69.87525545513915, 61.6186575992731, 55.1417766846459, 48.75507994271164, 20.476495912031456, 25.025868962688232, 31.849943923645547, 31.593296390607392, 39.527876209376814, 48.45695733273026, 53.65411835434163, 55.62969955526028, 53.80901911236187, 45.02744867570406, 37.24375011490607, 35.682969062775896, 59.76340175542487, 53.730536860287245, 56.54133208547256, 59.95098330890702, 63.01142420339566, 67.23980152409737, 76.40094108088407, 78.29421804549528, 77.59083723668658, 74.96958661743612, 70.63980656668542, 65.15380458463852, 61.157062639418704, 62.4905004928642, 65.258530401773, 69.17232619683124, 73.97633418073873, 70.07604313628552, 66.17995555951643, 63.492001392498196, 64.62629152059854, 63.40627774672718, 69.04780162502318, 75.05376817005019, 81.23908919496586, 95.21844469597097, 97.69175501782657, 104.6180191872881, 118.28556518390688, 116.79800177906023, 118.68019699177185, 111.82133379281254, 107.64013420316626, 101.83514097838946, 94.20517205046859], [43.996760158873165, 51.66587462130513, 59.70393875717422, 66.8414184636269, 59.18642418871021, 50.549565976542986, 43.18558051289534, 0.0, 8.393646122068585, 17.12181397934296, 22.78026936069047, 30.420505098808107, 22.124317818121693, 14.814678530546587, 6.409425164331197, 42.301027743367065, 49.983446934652726, 57.75447981690831, 65.4004525378447, 72.85364152321925, 70.19119205121486, 63.66625068168897, 55.621120190214334, 46.85460003867997, 40.82821329069111, 18.56913480068864, 23.412485855850573, 26.927302629437282, 32.43822546081142, 36.45989006137408, 34.04704992969297, 29.86092385275305, 23.125593175241367, 17.73787317792508, 13.709638407256007, 28.984556084080175, 30.505021610315474, 38.35656011066574, 45.47726533147603, 48.431925794131395, 49.046373544784686, 46.144529342197316, 39.081156204113455, 31.288833203880916, 27.961208310072603, 20.83435686745099, 15.847618223678472, 71.00101855559112, 62.52589469344469, 58.35832869679434, 57.106397007269955, 54.825263349530196, 53.171763430417336, 59.73785235550734, 64.92780430564657, 69.51759083606976, 72.43871278324713, 73.11453023383993, 73.6805617734417, 68.25098813795226, 65.41057753390068, 62.53206971586297, 60.176817869455014, 60.520801412141566, 61.18908425849259, 63.472247058328776, 66.35136101780276, 96.77014943636046, 95.86922016589271, 98.50841794847886, 100.73914226244679, 104.2547208359764, 112.9302976039497, 109.67862853664741, 102.46960639642887, 102.14917920580235, 94.22682399275193, 92.94712310297366, 83.14273798746456, 74.72357600280664, 65.41665693452862, 57.69144631265184], [49.5425491670961, 57.01954446243541, 65.52886675871801, 73.19266101295088, 65.69327717767185, 56.98389688495242, 49.657922248104796, 8.393646122068585, 0.0, 9.200215250122628, 15.761635614666073, 25.371897698792118, 17.096489388054962, 10.545262025947528, 6.4889182403516985, 45.49448846571691, 53.49431101313541, 61.62566463998376, 69.75413710144454, 77.78724575210599, 75.43701367500623, 68.4952910726013, 60.154374968998944, 51.444980214775924, 45.2493680705627, 14.138606981123317, 16.398972380565986, 18.813669433067147, 24.083815980648147, 28.5325077407429, 26.37315222346519, 21.62672548535531, 15.140130673283009, 10.518303061497754, 8.745217565262172, 33.733206664464326, 36.466399774567506, 44.91614082592058, 53.388525838156696, 56.245101123478285, 55.76269821982647, 52.2365688917215, 45.009876521083754, 36.786485998098215, 33.10664011423651, 25.702340591212682, 18.63183341457332, 79.0337795935387, 70.33830896232092, 65.59662692045977, 63.9215464935141, 61.20299477355985, 58.99772438528609, 65.12266537846746, 70.67978660267246, 75.78024665302439, 79.25529085586126, 80.39410154383546, 81.51244999665259, 75.99125017932917, 72.79640545657166, 69.39904799147318, 66.46969291563111, 66.34374548523965, 67.4873165886059, 70.34679397592406, 73.73027960412138, 100.99434014877035, 101.78699201129025, 105.69430607811931, 108.44807060984358, 112.32695246604814, 120.88744418548833, 117.57291352330127, 109.14161304996222, 106.74417893929565, 97.49423224320043, 95.03718656199281, 84.28335315396731, 74.30246055942725, 62.141403960542455, 50.949537547149326], [57.891451142183236, 65.17877211313181, 74.00847947635899, 82.03852735543222, 74.41757492575601, 65.58494151367002, 58.315226952131134, 17.12181397934296, 9.200215250122628, 0.0, 8.176362160594953, 20.350564198887806, 12.227547292731808, 9.139658362465305, 12.711341970378658, 52.10408552906409, 60.45930828384094, 68.94745454497303, 77.47510790992882, 86.00259115782923, 83.75368897789302, 76.40661342439368, 67.76673364640118, 59.08094880577774, 52.77902992230348, 15.250726062148972, 12.906858338596692, 12.56752583814189, 16.53664167671931, 21.012888849326952, 18.30140133779526, 12.902168640435763, 7.5262906203652555, 7.223634042202718, 11.491769368645759, 41.242268320479916, 43.48896309846352, 51.41251890733243, 60.98203283326281, 63.286698558516015, 61.22768423293687, 56.74541770261751, 49.236314539813506, 40.78086211616297, 37.5087029133198, 31.345650383219393, 25.109988109669544, 86.03717172328696, 77.01167993362117, 71.34555875340816, 69.02835759895594, 65.69316967921164, 62.80588033863503, 68.41988810304655, 74.33287947868577, 79.96199560123634, 84.16743529342102, 86.00778967678022, 88.08588203363135, 82.4290705066469, 78.64949951455486, 74.47616154160141, 70.7704283399718, 70.10179700378549, 71.78572253524277, 75.4219004108973, 79.56089875316061, 108.97113224109917, 110.60135281387947, 114.7354250182713, 117.3062075755519, 120.8813082181868, 128.9028437927256, 124.75261450937441, 113.8286033834246, 109.6175635844756, 99.20419797842854, 96.13733363459899, 84.82591022009264, 73.60353242538679, 59.61388913439329, 45.94730060156473], [65.27398653959247, 72.70145798696318, 81.27347516514325, 88.83149155912967, 81.42103818424808, 72.70787058841047, 65.37492357821336, 22.78026936069047, 15.761635614666073, 8.176362160594953, 0.0, 12.790023537877756, 6.659695917221294, 9.740012826830823, 17.070222771072526, 60.17807129496254, 68.42668871272527, 76.75571344274387, 85.07307850629302, 93.18055813114249, 91.00068115815442, 84.01802222435224, 75.56066856076454, 66.87669275546217, 60.61456383277762, 23.228991843924025, 19.475774384513645, 16.38378483616362, 15.224188104460778, 16.34506780372391, 12.201592904848493, 10.923357218110418, 11.985719527428005, 14.91617417316072, 19.653002483747308, 48.99012220671606, 50.50778559360783, 57.43726716845288, 66.18433455701859, 67.7745398921998, 65.27206210890269, 59.888633732729936, 50.98911836521544, 42.39079694018198, 41.94255201177899, 37.72986377819646, 32.898039021035295, 89.22334344290361, 80.50892282468958, 74.37630866268502, 71.52743816589995, 67.44102436500029, 63.43974115257206, 67.76850442486464, 74.02568054718924, 80.54199860318194, 85.5658367349763, 88.13463982294793, 90.86434945870961, 85.3305412487114, 81.24762307370999, 76.49262382196586, 71.82874610954325, 70.11985813791432, 72.77565425745497, 77.35941623331945, 82.08925015710027, 115.10721173552056, 115.93633749525306, 119.14618963136448, 121.02335560238711, 124.17112837781232, 131.24258942512847, 126.43614520821748, 113.90512033018638, 106.5930859424366, 94.99980215460297, 91.14663065426689, 79.43708777639576, 67.49690246007977, 53.201075111281746, 41.34019819930109], [73.77965137398492, 81.46771385603691, 89.31065877430088, 95.71269136474507, 88.89792549200843, 80.59520148791373, 73.22325619782258, 30.420505098808107, 25.371897698792118, 20.350564198887806, 12.790023537877756, 0.0, 10.2501832413354, 17.05223305837866, 24.42557057901944, 70.81569633911174, 78.61711968631589, 86.39592720456385, 94.04100995958522, 101.01430718110502, 98.94795702074991, 92.94312216326772, 85.0649679826685, 76.45586138496924, 70.38209491752448, 35.59576942265502, 32.057813180024006, 28.048858030517568, 23.102757091501744, 18.930904453286193, 14.689905460991572, 20.400342062069598, 24.584528982908214, 27.46863341872318, 31.44197523505177, 58.8378569348047, 59.65589594683892, 65.30519059563244, 71.77094499430461, 72.4681360006285, 70.38825999226641, 64.17986765797951, 53.079126054735504, 44.662823044566466, 48.87744268983144, 46.921372851281944, 43.501435899917674, 91.16030815964417, 83.44494712815475, 77.25612400809642, 73.94510071217901, 68.95710010400057, 63.344735556254, 65.30497867801631, 71.898217479956, 79.75182672942769, 85.76687731940474, 89.17474187918316, 92.34568099305955, 87.23839474144599, 83.10392509063385, 77.91338601428947, 72.0424542851499, 68.65411153000866, 72.8364585945509, 78.61219344131705, 83.81576041711624, 120.89749089160883, 119.7227334400576, 121.10539978818747, 121.84773559406622, 124.47442683959743, 130.0564560528014, 124.76042959907586, 111.29353905543567, 98.73013148019051, 85.47728583786343, 80.16684600606781, 67.90044107600056, 55.27063275837325, 41.81431163601193, 37.44161336964429], [65.95003414675664, 73.54961548011558, 81.7523892863589, 88.76961858841094, 81.29209702359368, 72.66138266045569, 65.30239942318785, 22.124317818121693, 17.096489388054962, 12.227547292731808, 6.659695917221294, 10.2501832413354, 0.0, 7.499763484508762, 15.78879310339701, 62.288102777229724, 70.49278699464887, 78.67275291591862, 86.69031242924405, 94.31236582974273, 91.92398281872654, 85.29874136740519, 77.01582553451583, 68.22904928163354, 62.01495318739998, 26.883127006045793, 24.74922898976931, 22.709791633388996, 21.696078351154313, 21.429494721717397, 16.73722387136155, 17.3715693242604, 17.680016800191478, 19.09928657737762, 22.64140823563088, 49.95863206181026, 50.08295437083764, 55.774877189267755, 63.42780768800543, 64.38442922292577, 61.80716639606943, 55.94810026626672, 46.063035626791155, 37.4721945766052, 39.372223851854365, 36.97201258664736, 34.15201028752543, 84.73315914965616, 76.27792354670925, 69.94885683841628, 66.84880646043888, 62.38433210191907, 57.83191141955007, 61.58636516076126, 67.93523948450397, 74.79901076334104, 80.15010723119056, 83.05242963388068, 86.10619643788235, 80.67744106850944, 76.46411507810035, 71.4618265739214, 66.35348981783658, 64.17171954010998, 67.25740596266098, 72.27354678830885, 77.25850310586758, 116.35524169554648, 115.4921383726602, 117.0743166817244, 117.96593559380192, 120.36238912851198, 126.74121934493277, 121.2259235744936, 107.82237842156958, 100.05145854202695, 88.6318325011254, 85.40853051373671, 74.21174859082352, 63.069324599743595, 51.480697782238366, 44.576883527114944], [58.631268815270516, 66.21765614988563, 74.45902763368616, 81.63162943685205, 73.9680000993987, 65.2676362435008, 57.91946976621431, 14.814678530546587, 10.545262025947528, 9.139658362465305, 9.740012826830823, 17.05223305837866, 7.499763484508762, 0.0, 8.464610396730968, 55.211163836562754, 63.414708539571066, 71.60302992398772, 79.62055534267165, 87.34326642889442, 84.81987183932327, 78.08229264629958, 69.76102565042137, 60.93668926664183, 54.72694043886459, 21.532954492431315, 21.521394867131377, 21.632457229823196, 23.72962128915015, 25.696433268876454, 21.81139944232731, 19.637652652426304, 16.224956399128043, 14.938817245404602, 16.75061044655809, 42.56434800759334, 42.740979368427695, 48.89585291075367, 56.76250673092694, 58.21432729002214, 56.22368100769843, 51.08860307826897, 42.04217183719007, 33.41749513099118, 33.53311424853691, 29.997927379297458, 26.96286462606115, 79.5244460642621, 70.8708265923141, 64.98970606711505, 62.36321819881248, 58.52078210450474, 54.89943845531732, 59.81381949996965, 65.85038549252333, 71.95349126318307, 76.570267440375, 78.82068518367448, 81.25415002391082, 75.73590959353893, 71.81756876052432, 67.34976837199837, 63.06594457322307, 61.78097389989765, 64.02797603335853, 68.22302719776924, 72.66938869538357, 110.28218997535018, 109.45688512747203, 111.3098565286376, 112.53941000547404, 115.14757253137438, 122.25097444602962, 117.23720277707716, 105.38816994199776, 100.52922985194745, 90.38690148798824, 88.0855169000705, 77.43512879154224, 67.28913500767753, 56.630668685022385, 49.0930765398831], [50.3803242290959, 58.025904074694516, 66.10915885187309, 73.18963520153, 65.53191381880029, 56.881204368414444, 49.5249127381799, 6.409425164331197, 6.4889182403516985, 12.711341970378658, 17.070222771072526, 24.42557057901944, 15.78879310339701, 8.464610396730968, 0.0, 48.01591834945298, 55.94708488638693, 63.8969899993127, 71.67923782252957, 79.19443217441571, 76.5780206178606, 70.00327887537892, 61.85411924227368, 53.052423949001316, 46.94472134621215, 19.098944651078966, 22.031532923228674, 24.27823801011404, 28.55813820277754, 31.786433966267353, 28.783551377595472, 25.352394380761552, 19.63547434330411, 15.493629984610319, 13.809091982730543, 34.88642464757782, 35.53437666683883, 42.42568686265777, 49.79613355874805, 51.972764931409976, 51.37986083283295, 47.37313976754605, 39.186933545185205, 30.841816233101916, 29.342602029091505, 24.090260521947577, 20.359450547497147, 73.93369361700131, 65.37602815247385, 60.38789738505212, 58.481240418329946, 55.44301517647035, 52.847839584638926, 58.69919108360426, 64.29867751495686, 69.60979608440181, 73.3219279800514, 74.73190079352091, 76.16604081366911, 70.68733806921796, 67.33628074396613, 63.706088213598456, 60.434488069427395, 60.02022456205415, 61.42729128812169, 64.61589890150982, 68.23662074042056, 102.6473218918176, 101.59117585894353, 103.690314944713, 105.3591205243452, 108.3901706539988, 116.29682325760464, 112.18817467440039, 102.8570463956287, 100.54051544788318, 91.68692407411936, 90.03836184637949, 79.90773460686103, 70.84281557616113, 61.207618088743494, 53.92594063875372], [17.761945702099734, 19.94969111875284, 30.07911248937186, 41.752274541244596, 33.73229933007694, 26.243778601513675, 23.141165675173458, 42.301027743367065, 45.49448846571691, 52.10408552906409, 60.17807129496254, 70.81569633911174, 62.288102777229724, 55.211163836562754, 48.01591834945298, 0.0, 9.600275730739876, 19.425135506808182, 29.44542299094048, 41.381909174002764, 38.53412894474489, 28.07331981222595, 18.149717266082664, 11.238865022345493, 7.723997417654284, 38.88233474213603, 45.861358211408444, 52.39699949173446, 61.63916384831241, 68.97974591645905, 68.71595776414861, 61.15315262438987, 52.577428571124074, 46.67247077116368, 40.84744284182604, 15.301749533883145, 26.32981948099402, 37.9157435114487, 46.8055436278492, 54.145173971117295, 58.0528606353962, 61.69339147295808, 64.20381988027528, 60.54254518872444, 47.140139988312306, 35.49773936656263, 29.04846023990735, 78.45245112122643, 70.22174607492308, 70.21939134395262, 72.32614898323371, 74.49872453266515, 78.23313440656477, 88.30934990869608, 91.21284095007684, 91.20507328204548, 89.73783232776375, 86.49596744379242, 83.14256583753779, 78.1896381415701, 77.85134404259239, 78.8390815337008, 81.67412159679378, 86.37877228549291, 82.7615098349812, 79.958019526045, 78.96147945153572, 72.0747182790287, 79.21201112566146, 89.98550422333462, 97.63964140108249, 104.36549336789689, 118.27322441427864, 119.74753225675347, 121.96376391699174, 134.00426481704574, 130.19243385085406, 130.61736899055376, 121.84285883645119, 114.63616796084254, 103.46566460224551, 87.7497470525346], [15.904337685747057, 14.557062421254672, 23.511861641525602, 35.27745434654956, 28.73665763966617, 23.378153612076854, 22.670984505667967, 49.983446934652726, 53.49431101313541, 60.45930828384094, 68.42668871272527, 78.61711968631589, 70.49278699464887, 63.414708539571066, 55.94708488638693, 9.600275730739876, 0.0, 9.887178770198148, 20.091646431499857, 32.53861276838392, 29.987235336612063, 19.2864807158395, 9.985949718832057, 7.8472733288679315, 10.63939353029199, 47.73271000997724, 54.418139513838305, 60.623194522644056, 69.48763056459384, 76.6534077174033, 76.7086986415775, 69.42837386636428, 61.138413638763616, 55.308295967528785, 49.44871919039536, 23.067101401122944, 33.571502232864844, 44.0434313062469, 50.50838224048327, 58.28809616660695, 63.79669370069074, 68.31290552862048, 71.12060009711658, 67.91672558239827, 55.26144925190206, 44.124419831371505, 37.88753548089982, 80.90182118179032, 73.64713778447636, 74.95923622371684, 77.71219821482747, 80.43181859839066, 84.55183878373634, 94.46131804442055, 97.00677409157139, 96.58233463731845, 94.4460080672983, 90.51836919488402, 86.0259902987386, 81.54816870220704, 82.03583329052864, 83.90967602843179, 87.40027170061283, 92.31592249577133, 88.43467503066476, 84.97487155183238, 83.1145002010894, 63.64527078724519, 72.27134455367889, 85.03903772554393, 94.13939778947542, 102.04164355721574, 116.9227867855291, 120.17401217465338, 125.76990765178144, 138.6216164635473, 135.4030229205931, 135.65076825886572, 127.0358208944395, 120.26335526292159, 109.20796688283438, 93.74951464239655], [18.205277191886395, 13.211526739339325, 18.20059155973767, 29.055641868114037, 25.02726416707134, 22.975107062917008, 24.821491635769718, 57.75447981690831, 61.62566463998376, 68.94745454497303, 76.75571344274387, 86.39592720456385, 78.67275291591862, 71.60302992398772, 63.8969899993127, 19.425135506808182, 9.887178770198148, 0.0, 10.341512163887352, 23.252238527879037, 21.164672497291477, 10.767090702629286, 6.481570986782369, 12.850541713965875, 18.330300353881327, 56.84744211007224, 63.35837691879523, 69.2644187930643, 77.7219082848574, 84.62231025564323, 84.8982293434989, 77.97440943366337, 69.94671560168415, 64.14883851773203, 58.24047469103213, 31.49899280094976, 41.364314325430996, 50.74170931593953, 54.721712969552684, 62.72099060269282, 69.73837696638556, 74.9618088624533, 77.8794448298045, 75.1136955258367, 63.37506330546271, 52.7744392241215, 46.82206921217081, 83.25077406384642, 77.11390552208542, 79.70383248978389, 83.03681092963349, 86.21490470160502, 90.61468350403825, 100.2396963596521, 102.42661847144736, 101.64675830502571, 98.90071500929474, 94.35216121349411, 88.75343758795809, 84.81406254745134, 86.12312970549816, 88.83627353997065, 92.8885244015098, 97.91997944513076, 93.85950101724195, 89.8334621759146, 87.15616831371379, 54.77970151819714, 64.68051204928548, 79.42107183050713, 89.97192618608067, 99.07322300201197, 114.84004669868614, 119.94656472908368, 129.0421792957323, 142.52088889884973, 139.93728838838356, 140.040030270228, 131.67790575106588, 125.46714121303633, 114.81647223087731, 100.12183490904786], [23.3040945411106, 16.79439120064982, 15.224885218969437, 22.92295914135767, 22.70257992779369, 24.67047052055167, 28.604923031233138, 65.4004525378447, 69.75413710144454, 77.47510790992882, 85.07307850629302, 94.04100995958522, 86.69031242924405, 79.62055534267165, 71.67923782252957, 29.44542299094048, 20.091646431499857, 10.341512163887352, 0.0, 13.327339965095211, 11.874891127827068, 5.621309726604645, 12.863582861863522, 20.969906161250105, 26.99598542774362, 66.1340975100257, 72.62049177051503, 78.29032015755806, 86.34768490090134, 92.89860096969815, 93.25858726519027, 86.75980714566003, 78.93979059306436, 73.10897902189427, 67.11765184358633, 40.02537656211765, 49.04527832513843, 57.231890833359216, 58.59935577593329, 66.62086571740413, 75.10917725590622, 80.95144527309799, 83.88990096694982, 81.63176146776092, 71.00603913084703, 61.101182434579364, 55.681232270450174, 84.62167106476485, 79.76474209751619, 83.64289951754455, 87.5263504687536, 91.12399364057241, 95.75525123862953, 104.9895640014774, 106.77084676619273, 105.63340426403691, 102.2860952192827, 97.14724703663475, 90.44837214130168, 87.12672010708384, 89.27879917517373, 92.82867069159609, 97.40565042192566, 102.49997226758661, 98.29912731342819, 93.74105095712086, 90.25020868982824, 45.800630027404054, 56.131205416297256, 72.52059639215105, 84.41047828197226, 94.64076914457102, 111.18901296283336, 118.18059792752491, 130.91707306988272, 145.0351438124179, 143.24230919192527, 143.35129071792178, 135.42734587107702, 130.01157481597093, 120.253492472612, 107.01950030736003], [30.928486008862137, 25.100973854075868, 18.080476798314088, 17.471867323137644, 23.619397848706154, 29.451185997226688, 34.38874482274612, 72.85364152321925, 77.78724575210599, 86.00259115782923, 93.18055813114249, 101.01430718110502, 94.31236582974273, 87.34326642889442, 79.19443217441571, 41.381909174002764, 32.53861276838392, 23.252238527879037, 13.327339965095211, 0.0, 5.408585669898372, 15.066235858894684, 24.530793327673624, 31.724493355148592, 37.52152005221353, 76.03542342072656, 82.45354433479369, 87.72068695568704, 95.09241570778818, 101.00940294854487, 101.41844590822464, 95.66592766716646, 88.22351451630826, 82.38396129214532, 76.33462165462184, 49.693928917909574, 57.94609718497968, 64.95284476121971, 63.0270175809557, 70.81438417906107, 81.09002976562927, 87.29693413227814, 89.6184925195641, 87.82090697964884, 79.14172537023062, 70.11280062047308, 65.15663667014081, 85.27184223531592, 82.20712326299756, 87.52545567158913, 91.90383998179158, 95.73249603618022, 100.27650707440057, 108.66206291180312, 110.0367993614083, 108.78352656270678, 104.96460570199206, 99.33527604227912, 91.3972970013741, 88.90666211741743, 92.03677349863895, 96.43694994654987, 101.32420954621556, 106.14854238226684, 102.1017791659609, 97.21607199041054, 92.90901338765427, 34.37083109759026, 43.427868442253136, 61.72543186863035, 75.29339487956135, 87.12923811739807, 104.35258125356299, 113.83556581960661, 131.178916339224, 144.92321026349566, 143.92395452062522, 143.82708695753655, 136.48298100543968, 132.1686009961346, 123.8449266663695, 113.23088095565755], [27.290585033976626, 21.031624503663103, 13.15160668546836, 13.63127348687932, 18.604542725138582, 24.73528246192635, 30.203276706460745, 70.19119205121486, 75.43701367500623, 83.75368897789302, 91.00068115815442, 98.94795702074991, 91.92398281872654, 84.81987183932327, 76.5780206178606, 38.53412894474489, 29.987235336612063, 21.164672497291477, 11.874891127827068, 5.408585669898372, 0.0, 11.549156618236589, 21.12636741138734, 28.289396219100354, 34.240078623678194, 73.63704195945795, 80.38954248130072, 85.91471352516528, 93.55127539235637, 99.54711769027185, 99.67810557581818, 93.7987859449388, 86.09238095107365, 80.08329348939317, 73.92004643185322, 46.286506164557935, 53.72063451590831, 60.19362278495633, 58.15463094762265, 65.94098021955894, 76.14252148560344, 82.54620579453946, 85.33429380151205, 83.8306557762036, 74.96021220821287, 66.32036239262102, 62.15810376748001, 80.60942168872818, 77.33471249823656, 82.63761916664329, 87.08317657717055, 91.07502771828156, 95.88184731201117, 104.50630958621328, 105.75242195266304, 104.22427928996454, 100.25765266008392, 94.55336853409798, 86.7058049151859, 84.13495118268645, 87.21901535829109, 91.6681539348537, 96.75024430777509, 101.8254919615938, 97.53425347658671, 92.45960748759376, 88.10031251709445, 39.23900134499463, 45.55213793390626, 61.431634613803126, 73.88932567113736, 84.79654034972404, 101.86822370117746, 110.4553759174872, 126.83329428883043, 141.72777635113596, 141.1103787753424, 141.68432827481135, 134.6506501511329, 130.60184477033573, 122.97232808760795, 112.87074027205225], [20.281990034315093, 12.923020780799046, 10.676905070425137, 19.891153302601264, 17.943420111672268, 20.009057909803474, 24.710077590112256, 63.66625068168897, 68.4952910726013, 76.40661342439368, 84.01802222435224, 92.94312216326772, 85.29874136740519, 78.08229264629958, 70.00327887537892, 28.07331981222595, 19.2864807158395, 10.767090702629286, 5.621309726604645, 15.066235858894684, 11.549156618236589, 0.0, 10.106907697039333, 18.42601769041664, 24.76633026558335, 65.09297566705415, 71.99517317625106, 77.92420583440838, 86.19344853265096, 92.72969416695366, 92.75032099980159, 86.21927968990128, 78.13392575993262, 72.09233159072846, 65.95328750642452, 37.57722340832346, 45.403468867414674, 52.7863304268664, 53.7037731066943, 61.699260735201335, 70.28284340674074, 76.42190535635076, 79.87398397484431, 78.04011853696066, 67.40237371488998, 58.096490942785394, 53.79152066294078, 79.55209794819312, 74.64930890623657, 78.66264092915902, 82.68415428272965, 86.50965995586425, 91.45172041605424, 100.86323569930794, 102.43516766590582, 100.95212137503546, 97.37055102130664, 92.08750933956811, 85.3633825303792, 82.04714609086017, 84.25188655423868, 87.95772691715165, 92.80745072822309, 98.16977305371726, 93.69399150070794, 88.86873105590257, 85.22173434186234, 49.062825714302285, 56.62915618932009, 70.88183926582438, 81.78255000052121, 91.17531584587438, 107.57700023470935, 113.87896227422337, 126.08865298830737, 141.4864985934756, 140.25740066117788, 141.12007794381213, 133.6559241531489, 128.72808991808574, 120.03100561348498, 107.86524620917523], [14.06593277230131, 7.9686986851518595, 14.402394043242289, 26.26906924668185, 20.26212129612509, 17.367768402680756, 19.759865711444018, 55.621120190214334, 60.154374968998944, 67.76673364640118, 75.56066856076454, 85.0649679826685, 77.01582553451583, 69.76102565042137, 61.85411924227368, 18.149717266082664, 9.985949718832057, 6.481570986782369, 12.863582861863522, 24.530793327673624, 21.12636741138734, 10.106907697039333, 0.0, 8.986348365135534, 15.344787813106086, 55.825234957535045, 62.87813460152067, 69.07752734155913, 77.73415854334682, 84.55237800690323, 84.40141110157599, 77.50506431473276, 69.17303440550124, 63.0997905581737, 56.989324045652495, 28.396282200294426, 36.75761503804897, 45.2490866265806, 48.726304266311246, 56.72675077655117, 63.90181736805934, 69.47025376841589, 72.94055511098165, 70.6729457433641, 58.96738600688339, 49.09236065882607, 44.60182851465631, 77.1710545327189, 70.9655874300921, 73.6928359319609, 77.18019127142037, 80.6077677752783, 85.34968484043152, 95.16226778647942, 97.11268325107166, 95.96205136526977, 92.96590989824932, 88.26846779891945, 82.6509464100472, 78.70740187308479, 80.06608983048888, 82.94681511565003, 87.29460534185827, 92.61506278765357, 88.25722359229677, 83.94197067122415, 81.09823168824467, 57.640438924794985, 64.68892497712841, 77.16089862531153, 86.60730781601916, 94.7855911710074, 110.32541859819486, 114.66674563367917, 123.18477620678807, 138.0160084482929, 136.08304209415877, 137.04038182227225, 129.23213580502235, 123.64231609722516, 114.34183923974228, 101.1553739903175], [8.728552625316643, 8.713636030731315, 18.876111068041773, 30.566151077425673, 22.669366696738713, 16.037342255020377, 14.932164339576866, 46.85460003867997, 51.444980214775924, 59.08094880577774, 66.87669275546217, 76.45586138496924, 68.22904928163354, 60.93668926664183, 53.052423949001316, 11.238865022345493, 7.8472733288679315, 12.850541713965875, 20.969906161250105, 31.724493355148592, 28.289396219100354, 18.42601769041664, 8.986348365135534, 0.0, 6.438172291932002, 47.274010977158035, 54.560398974720826, 60.872160556173135, 69.61189798643552, 76.39068217894511, 75.997545276395, 69.10311982907537, 60.64855546288154, 54.46842130557764, 48.29220502830605, 19.425512842968907, 28.605092986360752, 38.28906523868501, 43.22504521610615, 51.10515150212605, 57.502979010948586, 62.34302390559473, 65.15250828824654, 62.42601899549374, 50.59640170753513, 40.32722568629031, 35.672211638989374, 73.22073375660261, 66.22377605757478, 67.94743388763328, 70.92495594590855, 73.82459401721819, 78.10121974415003, 87.91505740727527, 90.2269771915415, 89.61156664814936, 87.2637774574922, 83.17380632933056, 78.41357663843881, 74.046891760877, 74.7615995166914, 76.9188818794933, 80.62502875618578, 85.62124958732774, 81.62750189707027, 77.95154547214752, 75.82417133732996, 63.678519680553045, 69.02368667821843, 79.51297613230366, 87.610303013535, 94.87171976554475, 109.49239737652626, 112.37738832937693, 118.21527632682479, 131.7010758074803, 129.13100059096126, 130.04836386112402, 122.04642682964844, 116.13637109518397, 106.85763370661263, 93.96970676010962], [10.339079592869233, 14.140166868589136, 24.34722999327307, 35.51849984443886, 27.14430341276451, 19.126182543932412, 15.482413394853205, 40.82821329069111, 45.2493680705627, 52.77902992230348, 60.61456383277762, 70.38209491752448, 62.01495318739998, 54.72694043886459, 46.94472134621215, 7.723997417654284, 10.63939353029199, 18.330300353881327, 26.99598542774362, 37.52152005221353, 34.240078623678194, 24.76633026558335, 15.344787813106086, 6.438172291932002, 0.0, 40.91353609596015, 48.31157156012681, 54.70505172924587, 63.5379913812451, 70.34992407231007, 69.82732740910747, 62.862769278630374, 54.32652043429899, 48.10964861685574, 41.92531238608296, 13.22684194849137, 23.79472848678543, 34.748878294500244, 41.262351480957236, 48.88045159167554, 54.3462515701326, 58.43575271345984, 60.62955573523534, 57.39200655871787, 45.31559873814977, 34.47475317312291, 29.26022765290489, 72.23510425359946, 64.61258173309028, 65.40565100034397, 67.88511577740881, 70.27870221683511, 74.1008105975155, 83.89791544685232, 86.55545878249241, 86.4309257089533, 84.67219076670352, 81.1327974073443, 77.14561476157806, 72.44920581112292, 72.58796901990269, 74.07401665336914, 77.17567544962301, 81.85793401653751, 78.21364078086907, 75.13841284942929, 73.67141619678392, 68.47497272415107, 73.24842783449971, 82.73674900821204, 90.01732948020505, 96.69768993679591, 110.61970709312175, 112.47040929778997, 116.16788706946896, 128.4123308380596, 125.2039324194138, 125.9536103404498, 117.68479588894974, 111.3521193420229, 101.76137117639547, 88.66165250712822], [47.815860918591035, 54.39022159215374, 63.990190159320086, 73.39806695729428, 65.19467574911769, 56.1188309401948, 49.276322342554984, 18.56913480068864, 14.138606981123317, 15.250726062148972, 23.228991843924025, 35.59576942265502, 26.883127006045793, 21.532954492431315, 19.098944651078966, 38.88233474213603, 47.73271000997724, 56.84744211007224, 66.1340975100257, 76.03542342072656, 73.63704195945795, 65.09297566705415, 55.825234957535045, 47.274010977158035, 40.91353609596015, 0.0, 8.455792560353938, 15.531935580640102, 25.236268282624394, 32.601644835413204, 31.310026015534675, 23.138237383506763, 14.018042557256557, 8.390259911727288, 5.417109137107262, 29.973174260102134, 33.961392631077516, 43.946930622637865, 55.957470019498146, 59.61791997449943, 57.77196889706374, 55.17266684163356, 51.280631234515134, 43.83735597484945, 34.44115801547008, 24.289982023730815, 14.596391002218528, 84.72347709536