{
	"dissimilarities": [[0.0, 8.680091872573355, 15.76719773553516, 22.326187672500517, 18.014268944702497, 11.925045076920632, 8.528842723347758, 42.517260859328054, 48.161842212379646, 55.431743670529265, 64.02220031106258, 73.36064500363464, 64.28054779505264, 56.89964789784754, 48.24873683351708, 16.715890714068305, 16.757734349828112, 20.60668043500607, 27.873669441668188, 33.38180228335054, 30.379438777670433, 23.929820034449023, 16.34078793666248, 10.708841584091813, 10.203685537358547, 44.35237409430109, 50.660769910170224, 57.640773153893555, 66.2959780190961, 73.23830648843582, 70.57475788841745, 64.19970413606086, 56.71723952756278, 49.58829708748381, 43.11574831580357, 20.170733246824224, 29.70359175587128, 41.48883667137006, 40.70701514176025, 48.41050970332377, 55.24283923044643, 59.15201379742152, 60.87717182957715, 58.02595320493217, 47.2658858435481, 37.73560064290429, 33.12914887718612, 64.29703962408739, 61.70443643152494, 62.51844185956802, 66.0395156288786, 68.27858997369125, 73.2029573200727, 79.93247486970512, 81.49757494682471, 80.91771210322511, 79.25044589529816, 75.24322029211189, 70.93572943978535, 65.43092516239486, 67.09754123031396, 69.16187150091902, 72.11214226371158, 77.52919227181555, 73.04300319010332, 70.11907706784083, 68.10400291295223, 52.29621901852045, 54.76253550572446, 67.11824761607058, 74.42797689422704, 85.88441703473498, 94.45511732180971, 101.67266004901236, 105.76166569905966, 122.2013972659303, 120.03499488924442, 124.20294988721469, 113.99269256136003, 109.13436800745362, 101.80352119633837, 95.31752671157197], [8.680091872573355, 0.0, 7.9737848805112, 15.960921835401173, 13.305348783083097, 10.708954969866808, 13.637442233789223, 51.13660362008882, 56.623303272926904, 63.833693073635885, 72.522495442812, 81.9843932766209, 72.93369150815045, 65.5297776371009, 56.871469197975586, 18.804854636756996, 13.994204687980417, 14.684753529910061, 20.42173890418387, 25.844378227556433, 22.435807876396648, 15.745023772232352, 9.183941277506625, 7.793857925027762, 13.143116124347152, 51.997257280763336, 58.30306018285217, 65.41124229492131, 74.12894354875543, 81.19041557005085, 78.79320230841236, 72.27030544016148, 64.83676497272569, 57.62931184968869, 51.27840351592818, 26.949216873047092, 35.16472177093193, 45.7613878847469, 44.54861112532188, 52.63263478769121, 60.06964611853457, 65.05030791225414, 67.72186372509694, 65.5244232779743, 54.44641313891131, 45.59598171608694, 41.381933703739726, 66.7890599042372, 65.15717642237553, 66.72688008717843, 71.0329708327548, 74.04888151423452, 79.5317997769749, 86.64614577420188, 87.70051217606269, 86.45742847355301, 83.90393163869936, 79.1935079216505, 74.26077742949732, 68.52352678457868, 71.25483311687661, 74.00298907241634, 77.68907123505231, 83.99167709533226, 78.58567207836994, 74.93243299882013, 72.23558334081987, 46.366638476904384, 50.15668178204799, 64.41370131288363, 73.27990566753469, 85.3982202216495, 94.87773932169637, 103.34899825109206, 109.78507578011737, 128.27675387844872, 127.00106535828687, 131.4686268174085, 121.59269060367818, 117.14225627910388, 109.8372484989873, 103.01457031763204], [15.76719773553516, 7.9737848805112, 0.0, 8.516334632036774, 8.52577035139664, 11.196787229908322, 17.841646784793017, 58.06730336007076, 63.8977841671501, 71.18511076811981, 79.70769030817831, 88.65728575409511, 79.69965772730941, 72.31712256219188, 63.6980713501582, 26.22877452074218, 19.68710005590895, 17.071085800839413, 18.088023739493874, 21.081710158877005, 17.19515317198125, 12.856969445597784, 11.59378548707164, 14.65283274735623, 20.934177921518895, 59.82676748007903, 66.13649654149613, 73.18466536729066, 81.76221309229749, 88.5759074959185, 86.21400788739625, 79.88064591574256, 72.44705774702435, 65.29047591363529, 58.8575756032657, 34.30019556924201, 40.86164365931499, 49.928466129039435, 46.579465300765804, 54.65264410016396, 62.69000699611897, 68.54510796270024, 71.79048453656175, 70.2935356742585, 59.9697127528817, 52.08838338388277, 48.761507226067415, 65.9748407908187, 65.6131010276956, 68.15806473116045, 73.21415479461866, 76.93655810380697, 82.67336884502922, 89.92411670925053, 90.42439932196075, 88.66243421688718, 85.26015037395327, 79.93858258216326, 74.32469814193924, 68.3286208455422, 72.32143447074615, 75.78365989413669, 80.11457494988208, 87.05654940735849, 80.95098173338704, 76.65449939353844, 73.25459379565267, 42.01160253782877, 43.8779721991393, 58.4141608614181, 68.21963687545369, 80.78491165395982, 90.98000902283472, 100.60104601211633, 109.94074150503104, 129.78301989100535, 129.59750755315605, 134.4568429211747, 125.22754776094385, 121.685583152844, 115.31289804742187, 109.65565454682547], [22.326187672500517, 15.960921835401173, 8.516334632036774, 0.0, 6.834410632750204, 13.781348831278637, 21.661363821854387, 63.14099912013751, 69.50356264168866, 76.88616828803846, 85.07745858109037, 93.174702970833, 84.34365235546788, 77.04008237523855, 68.55332290508237, 34.57808287597305, 28.164888041016233, 24.719289723772807, 22.434972514296, 21.834577819499167, 18.130595657260244, 17.910699368321552, 19.715635753836594, 23.105992425872863, 28.9728972172777, 66.636914053427, 72.9479860272938, 79.84044515106757, 88.19871223298978, 94.59605397562635, 92.093979876323, 86.12120724093448, 78.66686188557735, 71.6475496747172, 65.06951973294503, 40.88521347188891, 45.799651681399176, 53.28386364634842, 47.03266270492661, 54.762757312206084, 63.2848197087512, 69.79204836371387, 73.3446049865971, 72.56385345163716, 63.61544058092006, 56.88667326340557, 54.70058060614586, 62.60428548517996, 63.65357327711898, 67.24270840958319, 72.94724341035726, 77.26726223596143, 83.02939054121715, 90.22715235513289, 90.16929499418455, 88.00997066019178, 83.85010377834377, 78.040302979743, 71.77661416221629, 65.54617988193272, 70.83683937376532, 74.96996147468415, 79.82747451380823, 87.19277194292067, 80.58637603207787, 75.76129573410279, 71.705926846234, 40.800104237397164, 37.50935237194109, 50.47453128687369, 60.561249776512675, 73.36371011006406, 84.06507926087419, 94.63929948871586, 106.97252574868533, 127.6398100704838, 128.62266820389658, 133.96033374072053, 125.59707271181834, 123.24900081996716, 118.390047786096, 114.76071751809042], [18.014268944702497, 13.305348783083097, 8.52577035139664, 6.834410632750204, 0.0, 7.5087612721945005, 15.773752564687863, 57.650232050793356, 64.24183682588394, 71.63498571265905, 79.84074900342287, 88.04251733101508, 78.79699053443599, 71.3662951235018, 62.90706776330247, 31.35509897823877, 26.677174453835732, 25.36268863594648, 26.143742192140934, 27.418236211469075, 23.553381020336527, 20.932713079428883, 19.49230232398915, 20.672706504050232, 25.247255540284073, 61.66221433702895, 68.05884299117592, 75.01490200025947, 83.65016312645736, 90.23589212359705, 87.25815332968642, 81.18962428911824, 73.5529597270415, 66.53084591275976, 59.90549973189976, 35.2860786601955, 39.317802009228295, 46.6684114535642, 40.51837110974975, 48.33997069362413, 56.74518923819236, 63.1227153360705, 66.74892972992522, 66.02152264149346, 56.87879666779547, 50.51205690904547, 49.154344040805434, 57.82630746591283, 58.05670495610266, 61.184983044529375, 66.66208615754762, 70.83285295304971, 76.68368032509215, 84.02630356203399, 84.0565034491791, 81.92979717390389, 78.03035077049454, 72.43381032041718, 66.50642804913834, 60.40097292502688, 65.02344475466644, 68.88851957581211, 73.59845105359099, 80.98126039196467, 74.384365230046, 69.71229769021366, 65.92316915937054, 46.89676066491341, 42.934024915578995, 53.266797849477506, 61.37383462212491, 73.23413420627857, 83.02965607131985, 92.30315645194545, 102.00854856656856, 123.05934498497263, 123.82032407279443, 129.63928052277024, 121.38462935578649, 118.98052614678036, 114.55354033699773, 111.20330601639799], [11.925045076920632, 10.708954969866808, 11.196787229908322, 13.781348831278637, 7.5087612721945005, 0.0, 8.38274284812847, 50.262619349223954, 56.86829589711112, 64.25375486456065, 72.50091730851655, 80.91390770759966, 71.48293596644734, 63.994955455911004, 55.511736558820395, 26.54506122853835, 24.085371540352913, 25.120822190876815, 28.84242818665152, 31.86735520756823, 28.166921238611597, 23.69248065866639, 19.163765613840745, 17.42581845341897, 20.01482898935909, 54.434579012984265, 60.8439787255961, 67.79191822767898, 76.53465635520388, 83.23251782815757, 80.026426505561, 73.90098857235209, 66.20011190390292, 59.18943670128083, 52.5507699641223, 28.20600027472745, 32.76076429969522, 41.22099221553001, 36.20412076391928, 44.0917008550733, 52.06549189977928, 57.68600586736865, 60.78861147755479, 59.53743108772461, 50.01116280542544, 43.12997989295127, 41.69706576572765, 56.34654720938619, 55.30366807524176, 57.53756363164799, 62.34117452154659, 65.8867567971087, 71.50010086716563, 78.73939958652845, 79.23812699649069, 77.58919612147207, 74.47288563653973, 69.46033852251999, 64.17012620193361, 58.28139911292798, 61.696165654084744, 64.90706470607678, 69.03381730577617, 75.86030877944211, 69.87557296931261, 65.78689144007858, 62.646230116897655, 51.366207763899304, 48.48288818826789, 57.99957102873498, 64.77337893259175, 75.99195462786058, 84.90500603966052, 92.85949180121544, 99.62140558416623, 119.43780747821874, 119.30107357049695, 124.94907592869748, 116.27480307070837, 113.28245105107592, 108.50575491355683, 104.79365074536993], [8.528842723347758, 13.637442233789223, 17.841646784793017, 21.661363821854387, 15.773752564687863, 8.38274284812847, 0.0, 41.89587133635116, 48.57397898197311, 55.9702139175484, 64.14849929355371, 72.56946708592801, 63.11745669313859, 55.646420753673205, 47.1553759575957, 23.939188985869023, 24.557323996677916, 27.823273364369367, 33.61546678022646, 37.64940909686845, 34.32661828239389, 29.031281164558617, 22.590833961499385, 18.032442938080465, 17.357734437413136, 46.769868550551536, 53.118107230359904, 59.91779536872071, 68.57502107056318, 75.19460672609958, 71.80852366678943, 65.78849082200342, 58.09116389365606, 51.17773398684108, 44.4972739287735, 21.77319905985884, 27.544841105969116, 37.52481008295628, 33.59755314671035, 41.14769204503277, 48.393751734945766, 52.77018464307817, 54.825423355782334, 52.74662028294018, 43.26848177232991, 35.5041097735643, 33.66296799350132, 55.8875755711391, 53.590268046586345, 54.82902175795203, 58.68802281551856, 61.31191760755651, 66.34893192143556, 73.21297943864225, 74.35112757077346, 73.46796755429091, 71.40711656913864, 67.21011651991395, 62.68638767484483, 57.087613090291775, 59.15022616274531, 61.521546394769516, 64.78555720680886, 70.61978379782994, 65.67992417772355, 62.446920315996216, 60.13979391009625, 56.230335358070654, 53.92982293199507, 62.61792051246751, 68.14404725901893, 78.77028590864799, 86.77574415074105, 93.43085380767316, 97.47773281229199, 114.9906252531643, 113.7240365371549, 118.91061420027272, 109.69164448400949, 106.04465147467698, 100.87540452002521, 97.03708975583372], [42.517260859328054, 51.13660362008882, 58.06730336007076, 63.14099912013751, 57.650232050793356, 50.262619349223954, 41.89587133635116, 0.0, 8.274755461039863, 15.098474666611395, 22.488864611891145, 32.03152991515862, 21.89540232772262, 14.591427650949132, 6.128074651559084, 43.7395017079207, 52.224102732764514, 59.283006545055365, 68.39838240675198, 74.324890395443, 72.05572096755827, 65.60390911665367, 57.12592361997605, 49.68581754610854, 42.81219398613583, 17.979046432931337, 20.755329204516176, 24.158910348711945, 31.230421365039987, 37.1034759525853, 31.58733975439668, 26.630823021362936, 19.45662878016788, 15.34815125543966, 11.060291534059536, 29.78394692167599, 34.50425266970796, 44.097289029947426, 48.047512639104895, 50.4157715720729, 50.89987071186281, 46.592173254564415, 41.140143784990684, 33.212204731601354, 27.963594589897646, 17.756496673852165, 12.640526581060179, 71.27738559378734, 64.11584395011394, 60.23540140436388, 58.09240058638026, 54.72111101854197, 55.05968362739492, 58.13465731970868, 63.227240480369616, 66.98683756750755, 71.15821484113046, 71.92086398613195, 72.05826629478673, 69.11625698516372, 64.31495616711271, 61.748723128225095, 59.41615344380317, 57.95135786040127, 60.4085936923506, 62.68993809801445, 65.2442739962324, 89.18474916349935, 89.38223030827676, 95.32534993487864, 96.44040277175795, 103.94321078035333, 107.75725567792338, 108.31714841954368, 98.5226794137098, 102.62861011196324, 94.52818720904892, 96.59740024925425, 84.25005566709761, 75.8000837146604, 67.39949274305647, 61.57835449382124], [48.161842212379646, 56.623303272926904, 63.8977841671501, 69.50356264168866, 64.24183682588394, 56.86829589711112, 48.57397898197311, 8.274755461039863, 0.0, 7.419155006213242, 16.054360394796518, 27.805994570634027, 18.655452920980775, 12.921024235714983, 8.528457523277815, 47.133739163344224, 56.01901147836468, 63.27728206609769, 72.74827092790544, 79.10609379678647, 77.05872418327003, 70.37275314799768, 61.798053589986644, 54.33582359467269, 47.241381071822296, 14.15943705362773, 14.452627180335933, 16.266329240766215, 23.040482319759953, 29.46235485493678, 23.912743867192198, 18.42373849297615, 11.366525894833652, 8.653092733821877, 8.069053365770113, 34.54921596167493, 40.09953845870112, 49.85535269028042, 55.578963313073395, 57.85035401549045, 57.78453320601966, 52.86526199808086, 47.01376524980292, 38.71808410957766, 33.48142668524234, 23.665821391926166, 16.8704165015421, 79.2539585874908, 71.78296121767842, 67.48187282545872, 64.84786475725657, 60.94173436466148, 60.81722994611153, 63.289262334071815, 68.85283570905055, 73.0749509164881, 77.87474285437455, 79.0777811060191, 79.63085618753522, 76.92617542315186, 71.61788677791012, 68.63326517663005, 65.79129694794221, 63.49618528602107, 66.77674019987423, 69.56687040737967, 72.53206211439614, 93.44656937211957, 95.57085799603652, 102.70487184924797, 104.28298578597227, 111.96568514997875, 115.75799652713106, 116.12658311022805, 105.1561106724717, 107.27104175913463, 97.84844432988315, 98.73896210966063, 85.43550124858713, 75.34589118936778, 64.50626358707443, 55.50453595301495], [55.431743670529265, 63.833693073635885, 71.18511076811981, 76.88616828803846, 71.63498571265905, 64.25375486456065, 55.9702139175484, 15.098474666611395, 7.419155006213242, 0.0, 9.454102224833617, 22.848902510493712, 14.724757094288549, 11.794653760918331, 12.7197005186783, 53.55203682321622, 62.625862354773716, 69.98134367616801, 79.59240082760651, 86.09099445053477, 84.1239611385189, 77.35837971231325, 68.74067389463617, 61.27367833577391, 54.094022721080165, 17.290330597645294, 14.581480843303746, 12.771439565765835, 17.565239151071754, 23.71783680459122, 17.0954235717198, 11.943349953638469, 6.558426628473249, 9.667426613843315, 13.464624584068916, 41.235011297054605, 46.1149688744298, 55.06197772890647, 61.55158558625892, 63.25175589681854, 62.370857323181404, 56.55290072616259, 50.001405565301845, 41.440223191069244, 37.481553856184846, 29.24306013567802, 23.694300307181113, 84.75340113634641, 76.89606731781305, 72.088888779495, 68.76203586889211, 64.15605156278771, 63.3143276030174, 64.99924357633752, 71.03045574173346, 75.8247010464689, 81.41099416694908, 83.2592924021208, 84.41335339736081, 82.10881857705125, 76.09557848732369, 72.54944379413467, 69.01366757795417, 65.64680444166936, 69.9722623653729, 73.45178244988186, 76.97221236649484, 100.09146528873207, 102.65092594097598, 109.65671710389209, 110.87845114260882, 118.20776448047167, 121.52710757275999, 121.16213346321948, 108.30093376313039, 108.31796645584541, 97.72676832171933, 97.90966794240724, 84.13307670696936, 72.93382297971107, 61.033764502848655, 50.68896243748453], [64.02220031106258, 72.522495442812, 79.70769030817831, 85.07745858109037, 79.84074900342287, 72.50091730851655, 64.14849929355371, 22.488864611891145, 16.054360394796518, 9.454102224833617, 0.0, 14.209450314970173, 9.685946651421789, 12.788706458157092, 18.48370535263319, 62.84909912224109, 71.7732301866764, 78.95905886223161, 88.2788861445892, 94.4768729031593, 92.61607247752617, 86.14823078542442, 77.6976221733655, 70.28893729260544, 63.21900197236272, 26.42382580590345, 22.6271111725007, 18.025825677849685, 17.096644766191176, 19.40387620813032, 11.445205949048932, 11.778583522566034, 12.889169550486137, 18.692405881711696, 22.87677596635918, 50.39092283709776, 54.50334537328788, 62.40466329786905, 68.03356673019624, 68.86064609782187, 67.20337570364289, 60.311684459185535, 52.48250175860916, 43.701535588271916, 42.971164346338355, 36.73394432665543, 32.70803939256187, 89.23526025614296, 81.31242131806185, 76.22863190574698, 72.134059013444, 66.67808931390573, 64.51846587902172, 64.77137785551479, 71.36392666680845, 77.11302144674418, 83.67826408484753, 86.37895741579605, 88.1394794709956, 86.26454619505425, 79.7115743153243, 75.58848312098038, 71.14044056288307, 66.06138899074224, 72.02829431770074, 76.41236059882267, 80.51677867455558, 107.61202966403843, 109.30505039728203, 115.24281734590834, 115.60688657078946, 122.30954015568614, 124.8657416676903, 123.55781294283636, 109.28402510108505, 105.25641383456725, 93.19163977916799, 92.21259612047805, 77.91889543351911, 65.70550786182879, 53.44558704089841, 44.280200992641554], [73.36064500363464, 81.9843932766209, 88.65728575409511, 93.174702970833, 88.04251733101508, 80.91390770759966, 72.56946708592801, 32.03152991515862, 27.805994570634027, 22.848902510493712, 14.209450314970173, 0.0, 12.653815388051896, 20.11790342418566, 27.416418498427124, 74.43220036370073, 82.79549037274056, 89.4748504165328, 97.96087034819655, 103.31338980925334, 101.59969769550803, 95.90384777877728, 87.92433663082504, 80.71567260034031, 74.03180142300208, 40.00599333495174, 36.55491188332485, 31.625529182202488, 27.322487786835993, 23.824535741066978, 18.53376345330524, 24.172575324668532, 26.985928911995543, 32.38969344004543, 35.540049261302315, 61.64264684521605, 65.07006322935939, 71.87244176684261, 74.78140627269292, 74.52216167739627, 72.34771015152138, 64.51476931982339, 55.049101526151816, 46.41941255958125, 50.63214058124382, 46.49362371713336, 44.00056689918147, 91.97413121805295, 84.5842748848093, 79.69490481575649, 74.9590503285507, 68.71157326183827, 64.6337210935146, 62.69210325155295, 69.78713711819672, 76.8366655748761, 84.38511002910391, 88.03437794246351, 90.24916516009239, 88.7740266521294, 82.13839720529765, 77.60237874297917, 72.17652808595857, 64.8070916468652, 72.92763243079756, 78.28204627461385, 82.82629685566232, 114.91906212334217, 114.1742095827941, 117.90342001000407, 116.86364380127915, 122.61526889445027, 124.10797659359686, 121.75480766654809, 107.32311389846684, 96.65047427414969, 82.80216382573941, 79.88983459030504, 64.92062537758568, 51.88564996844766, 40.74187195591143, 38.600515632349264], [64.28054779505264, 72.93369150815045, 79.69965772730941, 84.34365235546788, 78.79699053443599, 71.48293596644734, 63.11745669313859, 21.89540232772262, 18.655452920980775, 14.724757094288549, 9.685946651421789, 12.653815388051896, 0.0, 7.995328662098768, 16.345493279251563, 65.14165326996518, 73.87804591424215, 80.97234092995505, 89.99317786690187, 95.71208133494541, 93.6044763922175, 87.38779350984989, 78.98885820957692, 71.55701495141142, 64.62392730917432, 31.36113130424768, 29.13002042119372, 26.259687137940734, 26.775702001622236, 28.161177508506718, 20.417026444422948, 21.167120848881577, 20.16214135376106, 24.051641899676476, 26.3780727348101, 50.9890934390998, 53.08563420427988, 59.39531350413217, 63.26065472877934, 63.1309731229121, 60.89382558503687, 53.3295261289359, 44.62612307594718, 35.840849748280384, 38.217118543642535, 34.38244488313788, 33.555177565825424, 82.29600118074673, 74.32517021701, 69.10957018337514, 64.5644781691184, 58.677575034914945, 55.786951302396744, 55.4629905977219, 62.19451353413474, 68.31940506246958, 75.28334304559091, 78.44002991461318, 80.5758090985289, 79.05051632086271, 72.14165810646354, 67.70620105161011, 62.78748774256281, 56.94919504924503, 63.62817267733095, 68.4712813683073, 72.89087467653702, 109.24382464976573, 108.21464021064139, 111.73925452363103, 110.59275466193492, 116.26298772886489, 117.95436351210212, 115.63612185709094, 100.1795000437118, 95.91672457335217, 84.2634495982743, 84.53561130694042, 71.29401220767394, 60.64237014438043, 52.507133604203695, 49.48363492732702], [56.89964789784754, 65.5297776371009, 72.31712256219188, 77.04008237523855, 71.3662951235018, 63.994955455911004, 55.646420753673205, 14.591427650949132, 12.921024235714983, 11.794653760918331, 12.788706458157092, 20.11790342418566, 7.995328662098768, 0.0, 8.666511405001783, 57.845508604847446, 66.62121399383254, 73.81758159596676, 82.98795769103961, 88.82643891429313, 86.55711309342665, 80.15605823019568, 71.63217633987745, 64.1481332349513, 57.17387447128429, 25.84845947216286, 25.062305660346354, 24.34183166848284, 28.01943659658104, 31.73565679523452, 24.16462111672786, 21.98441061548526, 17.8842852961881, 19.38982749857019, 20.241476454954213, 43.20258611393681, 45.1443302805685, 51.86233861750973, 56.02740231958153, 56.41722207450456, 54.70519884459375, 47.8687527978268, 40.05863498769496, 31.25759863596646, 31.33250639331233, 26.47120173623751, 25.994569769752868, 76.5518349787597, 68.54233799409533, 63.48697486833318, 59.50883593857217, 54.27681800185296, 52.51970232249961, 53.55354672533043, 59.78417105449272, 65.07056005322472, 71.21909289763661, 73.68737412671153, 75.36190827355242, 73.51105180222552, 66.94704212027911, 62.94066419797225, 58.75357618858876, 54.42747000949271, 59.66296164969267, 63.77649052917212, 67.75852262497094, 103.20307648447874, 102.22336044376297, 106.08521281520505, 105.3283324819276, 111.33186968351328, 113.52024478445577, 111.82431737162572, 97.33497010285642, 96.93865495477161, 86.79722336797083, 88.38859605645877, 75.84327388599996, 66.37678389256249, 58.913250774843085, 55.17590117604483], [48.24873683351708, 56.871469197975586, 63.6980713501582, 68.55332290508237, 62.90706776330247, 55.511736558820395, 47.1553759575957, 6.128074651559084, 8.528457523277815, 12.7197005186783, 18.48370535263319, 27.416418498427124, 16.345493279251563, 8.666511405001783, 0.0, 49.475017252590774, 58.1110922593442, 65.26029304421387, 74.41818383854243, 80.29389867992205, 77.96896049890121, 71.51621975768187, 62.98917752469151, 55.51530239279291, 48.58960730516129, 20.81224027865318, 22.120088119867717, 23.980522296979355, 30.083887053794577, 35.31273711973549, 28.784906545110612, 24.651115527685985, 18.208552928871253, 16.23494293990992, 14.270410069789653, 34.865171822186674, 37.827728682411845, 45.92737199609846, 49.9772004770636, 51.3943576117184, 50.84788027394824, 45.379673173348934, 38.899756324706004, 30.47664636413072, 27.346137576134073, 19.647204355359417, 17.749350619323117, 72.13775088444119, 64.50450580306025, 60.040998279009145, 57.076361599256764, 52.9009449733447, 52.445852890981776, 54.827782279110885, 60.370273773441454, 64.70907011134909, 69.69849112013559, 71.17893549565535, 72.0048983628328, 69.55245806943323, 63.90092865189308, 60.68694616024319, 57.573790542947876, 55.0222245542489, 58.5422592046326, 61.592489580836066, 64.78577627703804, 95.12107943879661, 94.53952499202352, 99.31913699190355, 99.45760782929364, 106.2058665864559, 109.25211667210917, 108.74549016750493, 96.72899360488982, 99.45910029739579, 90.70278607742043, 92.87630123160079, 80.62432218167143, 71.98548325596644, 64.33895045733604, 59.646833278511785], [16.715890714068305, 18.804854636756996, 26.22877452074218, 34.57808287597305, 31.35509897823877, 26.54506122853835, 23.939188985869023, 43.7395017079207, 47.133739163344224, 53.55203682321622, 62.84909912224109, 74.43220036370073, 65.14165326996518, 57.845508604847446, 49.475017252590774, 0.0, 10.083430191672573, 18.569013545656887, 30.068237270391293, 38.65019684908976, 36.08694350674467, 27.29692951278493, 18.11083383985909, 11.668809606899455, 6.682356751199311, 38.64575219760108, 44.71685820896292, 52.175823979206406, 61.58558188247595, 69.8882716062694, 67.62707129165523, 60.107659734212035, 52.88377875572529, 45.557317734184004, 40.138035850712086, 17.768262429255007, 29.86730621917382, 43.034560643114666, 49.17919866891742, 56.83288446436652, 62.35606983602172, 65.45094021247638, 67.36189135044752, 63.73528425529693, 49.89755910037615, 38.98482162585984, 32.01521255635328, 76.64404436728185, 72.41381690425698, 71.72797886841566, 74.36394563886354, 75.91799049720413, 81.13268330479514, 88.11658772239961, 90.28275294182639, 89.83672570359462, 88.94553920699784, 85.44038821269315, 82.08621051675155, 77.17548794042435, 77.14952835564493, 78.34006607487821, 80.73098007448819, 85.917501939471, 81.743726772812, 79.38059536118324, 78.19610414428826, 58.18741589289296, 67.63608790367097, 82.80948546662381, 90.8220090491126, 102.17974447023578, 110.5634872061162, 117.03317000424455, 117.151643909539, 134.2036593921289, 130.64605599177708, 134.3723069665626, 123.03789303452162, 116.12561501312157, 105.8195369245372, 94.25231536937311], [16.757734349828112, 13.994204687980417, 19.68710005590895, 28.164888041016233, 26.677174453835732, 24.085371540352913, 24.557323996677916, 52.224102732764514, 56.01901147836468, 62.625862354773716, 71.7732301866764, 82.79549037274056, 73.87804591424215, 66.62121399383254, 58.1110922593442, 10.083430191672573, 0.0, 8.54611868075485, 20.177478347100514, 29.034617469399425, 26.532282143534868, 17.608671807560757, 9.181324909100379, 6.740697475908927, 10.341651530832635, 48.193037475212, 54.17147136792991, 61.45054172783687, 70.39499334357151, 78.25026630613134, 76.47980523201808, 69.26267335725728, 62.199066028234945, 54.92809375412711, 49.35607968336619, 26.381419055825805, 37.0705531197195, 49.11425411300708, 52.94375852216166, 61.031475349530965, 67.5061856336104, 71.67357724802532, 74.148804561464, 71.08792308106673, 57.90569638201534, 47.58302980876856, 41.05648551389594, 78.33591479597456, 75.42527794329435, 75.82771685671878, 79.36996575440553, 81.7154045420456, 87.23499338740626, 94.39452783173867, 96.06437588732166, 95.14221179893833, 93.34601203250159, 89.1126330339599, 84.91427486421644, 79.57324335176332, 80.97197047804424, 82.98184147052508, 86.1038769907957, 91.96853784236477, 87.07256309683402, 83.98179274553125, 81.99331421809252, 49.23328538648605, 60.22393617407782, 77.42263474885547, 87.12570222745623, 99.37948509998998, 108.8102410137247, 116.85826785488813, 120.59943415759842, 138.6388152610832, 135.99549115426387, 139.67511280520677, 128.61030513790615, 122.34365439615395, 112.27354299910131, 101.27344305646244], [20.60668043500607, 14.684753529910061, 17.071085800839413, 24.719289723772807, 25.36268863594648, 25.120822190876815, 27.823273364369367, 59.283006545055365, 63.27728206609769, 69.98134367616801, 78.95905886223161, 89.4748504165328, 80.97234092995505, 73.81758159596676, 65.26029304421387, 18.569013545656887, 8.54611868075485, 0.0, 11.734006124603866, 20.88987479760444, 18.695439475107616, 10.126010169510893, 6.312242129063491, 11.233696634700527, 17.7222052903297, 55.99950562887024, 61.870875363901035, 68.95853019672518, 77.4536188194691, 84.87639383639643, 83.54512132118403, 76.62680547207978, 69.7403897362473, 62.5535714947079, 56.90433000373175, 34.26408086411065, 44.34846598845735, 55.66489189078074, 57.63925911211176, 65.86804004551566, 72.94572591304089, 77.72800486580465, 80.4076149630111, 77.65369528491757, 65.16433473619426, 55.1262452991606, 48.66238642197392, 80.93044961981772, 79.12656007188617, 80.36949769834368, 84.50809732318291, 87.34132944734856, 92.9328351140814, 100.08281913651398, 101.43781389368391, 100.27336385114884, 97.8817342810762, 93.17514628428616, 88.35592187859936, 82.70679030569009, 85.20445051869399, 87.78693972482037, 91.35819810148263, 97.54269464793447, 92.28750713378547, 88.74664386171895, 86.1974516402575, 41.362663939654546, 54.07959680198086, 73.2857384719154, 84.54688739145317, 97.59062150787841, 107.89763481966662, 117.29819818247833, 124.18819825870959, 142.43489082596935, 140.40426897729913, 143.84781836360554, 132.93080934801145, 127.12581447816468, 117.1538207471371, 106.62957593615693], [27.873669441668188, 20.42173890418387, 18.088023739493874, 22.434972514296, 26.143742192140934, 28.84242818665152, 33.61546678022646, 68.39838240675198, 72.74827092790544, 79.59240082760651, 88.2788861445892, 97.96087034819655, 89.99317786690187, 82.98795769103961, 74.41818383854243, 30.068237270391293, 20.177478347100514, 11.734006124603866, 0.0, 9.49980008189941, 8.403772427410027, 6.189051098848757, 13.950076462569118, 21.000864171176982, 28.2247885489269, 66.4720593047158, 72.25350859272876, 79.08613390759122, 87.00972352696141, 93.78975343307759, 92.89494321521512, 86.44059355704023, 79.73392250932078, 72.67436685434583, 66.87562818792814, 44.706227732928255, 54.111378688820366, 64.55793003021557, 63.94315152407583, 72.14751410028732, 79.89122182700407, 85.32679361037032, 88.13379033329622, 85.77913724608894, 74.43423236001658, 64.82863991063302, 58.603406422131926, 83.93445148517036, 83.65422893979047, 86.00075989606803, 90.83508822146307, 94.22953118360458, 99.78779632648688, 106.81386605940735, 107.75544731272527, 106.34065446686904, 103.22638577728341, 97.98198278682253, 92.39162344882166, 86.3897840626695, 90.31717964023785, 93.6049400328272, 97.68372403558936, 104.15573591457878, 98.55093475041237, 94.49883412330131, 91.26042852048236, 30.531783654443437, 45.03317920933997, 66.81689547380911, 80.11450536113912, 94.12536722008605, 105.53151179112233, 116.71738724988043, 127.99110496171942, 146.15917406792187, 145.00498729637982, 148.14844499253167, 137.5721523532746, 132.5665241581197, 123.08006067662461, 113.7520619678417], [33.38180228335054, 25.844378227556433, 21.081710158877005, 21.834577819499167, 27.418236211469075, 31.86735520756823, 37.64940909686845, 74.324890395443, 79.10609379678647, 86.09099445053477, 94.4768729031593, 103.31338980925334, 95.71208133494541, 88.82643891429313, 80.29389867992205, 38.65019684908976, 29.034617469399425, 20.88987479760444, 9.49980008189941, 0.0, 4.437487044330947, 12.681333998681884, 21.683859238061864, 28.60690990473716, 35.91583855064998, 73.96208969926232, 79.73458365360763, 86.37442610802044, 93.90223265256706, 100.12603970311781, 99.37369874854261, 93.3487875763152, 86.70499361566381, 79.75780450367209, 73.7738914607205, 51.93678830272664, 60.6913701801779, 70.41569282380681, 67.4867640938158, 75.49551989006139, 83.67545735854847, 89.51960706801285, 92.3299844883074, 90.34163962456412, 80.18301676906837, 71.08536834189852, 65.32233508263599, 84.3964055610843, 85.36727385250327, 88.59234199552564, 93.90910818722121, 97.69387324941405, 103.11822229206487, 109.95277047132194, 110.54233690686148, 108.97333304039283, 105.3304394383576, 99.73787970359453, 93.58277913449, 87.35055499176775, 92.3912273043599, 96.20117189168631, 100.61872779040236, 107.22058634721249, 101.4252874711467, 97.02993863512022, 93.28343978092285, 22.924723122574264, 36.53497688762906, 59.856026131360466, 74.53101282447184, 89.16664709392512, 101.31222469205805, 113.80162075017834, 128.60401865928, 146.46778100923697, 146.1218719504229, 149.1452580752138, 139.05532888795025, 134.94185456077096, 126.35170915765228, 118.68275151742195], [30.379438777670433, 22.435807876396648, 17.19515317198125, 18.130595657260244, 23.553381020336527, 28.166921238611597, 34.32661828239389, 72.05572096755827, 77.05872418327003, 84.1239611385189, 92.61607247752617, 101.59969769550803, 93.6044763922175, 86.55711309342665, 77.96896049890121, 36.08694350674467, 26.532282143534868, 18.695439475107616, 8.403772427410027, 4.437487044330947, 0.0, 9.360406989726785, 18.483799979762384, 25.553908530132805, 33.01851570187034, 71.92237220693066, 77.85360154215056, 84.6612152161341, 92.52945718078318, 98.99416266376639, 97.8631801154577, 91.6756670374658, 84.81197843482968, 77.7625029940781, 71.67764817297554, 48.84170787355501, 56.97030695173297, 66.3458651338838, 63.44677220119654, 71.50104046608251, 79.69843140722624, 85.72340723463614, 88.83416397524458, 87.07136833898426, 76.70975427180193, 67.96830117439431, 62.79984599984751, 80.70647629268224, 81.51006843997915, 84.6731864385456, 90.05230709071377, 93.95912509230891, 99.58712377525528, 106.62021475642089, 107.09339873407886, 105.33188873619929, 101.57889613743146, 95.9209700954271, 89.80501628859905, 83.61908026930175, 88.56726276576904, 92.40348293976727, 96.93451782324999, 103.80445521013152, 97.74300988370965, 93.23785974379973, 89.46292267813953, 27.120190504908813, 37.68643333704853, 59.292000068278405, 73.14011730093544, 87.37536772845502, 99.23062418765568, 111.25837830723201, 125.0839788456345, 144.00256057100106, 143.87686996536416, 147.46545770160034, 137.65021243593526, 133.72306187332362, 125.65189929645302, 118.30379444970558], [23.929820034449023, 15.745023772232352, 12.856969445597784, 17.910699368321552, 20.932713079428883, 23.69248065866639, 29.031281164558617, 65.60390911665367, 70.37275314799768, 77.35837971231325, 86.14823078542442, 95.90384777877728, 87.38779350984989, 80.15605823019568, 71.51621975768187, 27.29692951278493, 17.608671807560757, 10.126010169510893, 6.189051098848757, 12.681333998681884, 9.360406989726785, 0.0, 9.552857815579896, 17.08740803820053, 24.66822262533403, 64.32568197901257, 70.35674742976485, 77.41360959819801, 85.79915484175385, 92.84692648559009, 91.3693073586885, 84.74528980184779, 77.70523705819399, 70.5123434090245, 64.52563839577005, 40.77268094059543, 49.10895573417193, 58.984869381549885, 58.19030372287337, 66.43753639532355, 74.23746572722155, 79.96381423805778, 83.20260669284151, 81.22500575869255, 69.72618098306886, 60.735266085755015, 55.5383940129503, 78.43998253821785, 78.0046173091698, 80.32371170266427, 85.27721021401236, 88.87532491324238, 94.70428508062174, 101.98870546875472, 102.72561392564941, 101.02679543914161, 97.71786665413187, 92.36612235410277, 86.79980846239621, 80.85790624993972, 84.72440069785401, 88.08432702644278, 92.34619487046872, 99.20478382999096, 93.20965648637777, 88.97954986353244, 85.66736175072609, 35.20581906003618, 45.72406131187116, 65.24144293299283, 77.42241931233941, 90.8615681596686, 101.86802372800285, 112.46985682898506, 122.6469020859037, 142.22736928222864, 141.48424905911156, 145.43869064791008, 135.34809514604504, 130.75725430421605, 122.22167887279198, 113.70937682316901], [16.34078793666248, 9.183941277506625, 11.59378548707164, 19.715635753836594, 19.49230232398915, 19.163765613840745, 22.590833961499385, 57.12592361997605, 61.798053589986644, 68.74067389463617, 77.6976221733655, 87.92433663082504, 78.98885820957692, 71.63217633987745, 62.98917752469151, 18.11083383985909, 9.181324909100379, 6.312242129063491, 13.950076462569118, 21.683859238061864, 18.483799979762384, 9.552857815579896, 0.0, 7.695971079145375, 15.262479170681745, 55.377752216539115, 61.524562021976365, 68.7519569413469, 77.5471130142813, 84.9857156667363, 83.08082115337463, 76.1910391363529, 68.9674283490961, 61.687397602112426, 55.71954643229173, 31.388978226699418, 40.22813272669651, 50.91834906606548, 51.826692633287976, 60.085535587495905, 67.38455346708099, 72.5318460927323, 75.56288891010773, 73.2574129720488, 61.05728777100678, 51.75820755564499, 46.560924069249445, 74.70327696313643, 73.03166932689174, 74.47382973701473, 78.83976387336023, 81.94714678636412, 87.72207464132055, 95.04414074480974, 96.12753609876336, 94.69948475624724, 92.02324543546202, 87.15423823447858, 82.21604416202358, 76.54109218543408, 79.24474146503553, 82.01754601623718, 85.82579240382478, 92.36896587823871, 86.73773947559394, 82.9638460424658, 80.22892068918402, 43.33064978703013, 52.21537882488463, 69.39330453149367, 79.73831594236685, 92.34230489676139, 102.36985821609329, 111.44962816286063, 118.14352046923966, 137.43580961647535, 135.98856645167805, 140.16289158159742, 129.85593826541407, 124.75033990339881, 116.07528799283966, 107.09413279055869], [10.708841584091813, 7.793857925027762, 14.65283274735623, 23.105992425872863, 20.672706504050232, 17.42581845341897, 18.032442938080465, 49.68581754610854, 54.33582359467269, 61.27367833577391, 70.28893729260544, 80.71567260034031, 71.55701495141142, 64.1481332349513, 55.51530239279291, 11.668809606899455, 6.740697475908927, 11.233696634700527, 21.000864171176982, 28.60690990473716, 25.553908530132805, 17.08740803820053, 7.695971079145375, 0.0, 7.621493045548097, 47.95212196122247, 54.18821048191226, 61.48298667755728, 70.49039193146217, 78.09372857795854, 75.86192810279057, 68.88097669116503, 61.53076500733748, 54.21688406959804, 48.20948307602974, 23.8064647063665, 33.60653950125079, 45.28226799308286, 47.28497248524937, 55.39147744091144, 62.19445570780616, 66.63709512581126, 69.20868553531218, 66.49755827124419, 54.030574976248495, 44.297864014213054, 38.91868481394846, 71.90033260553362, 69.28008879448402, 70.00636419135184, 73.77711949024624, 76.34218803513247, 81.87110716448618, 89.05484772579402, 90.49820631304432, 89.45587133613259, 87.42824246601334, 83.06924163718354, 78.67876976005729, 73.23086285192903, 74.96687665976918, 77.18896701733908, 80.48925481564002, 86.5322706664539, 81.43630528845993, 78.16892341353687, 75.9787346052287, 49.295203977361595, 56.71088274474702, 72.11250789121654, 81.04061611059461, 93.00637804417687, 102.23215633541128, 110.12892622658829, 114.31340053828698, 132.64621442668255, 130.53407610715698, 134.69834022432076, 124.18507686163743, 118.69534732598845, 109.97227524000874, 100.92341400920184], [10.203685537358547, 13.143116124347152, 20.934177921518895, 28.9728972172777, 25.247255540284073, 20.01482898935909, 17.357734437413136, 42.81219398613583, 47.241381071822296, 54.094022721080165, 63.21900197236272, 74.03180142300208, 64.62392730917432, 57.17387447128429, 48.58960730516129, 6.682356751199311, 10.341651530832635, 17.7222052903297, 28.2247885489269, 35.91583855064998, 33.01851570187034, 24.66822262533403, 15.262479170681745, 7.621493045548097, 0.0, 40.55088816114051, 46.86113720129008, 54.25426709054627, 63.54095003605461, 71.41488753341906, 68.85658813879661, 61.69626358038438, 54.233033310507295, 46.87640256297715, 40.91514487405667, 16.596869332076576, 27.952386859385374, 40.78473427546882, 44.55314981612189, 52.347620589585624, 58.419615162674454, 61.96798370050793, 64.00753150442048, 60.77475048200315, 47.81707389129055, 37.45376761688482, 31.62804049211892, 70.94820757071814, 67.25557074151911, 67.10456027277844, 70.13487379008961, 72.03641783387785, 77.28409881580241, 84.30250309159051, 86.179290403382, 85.57072900096979, 84.30278242079892, 80.5444849685611, 76.82533815029211, 71.70154142561412, 72.28631623130525, 73.83862575906477, 76.52601702493884, 81.972976948995, 77.5121475081362, 74.85431350505982, 73.32255088350514, 55.80218901624867, 62.56232188766117, 76.55775812141039, 84.20898888541376, 95.50423914289829, 103.91396204980455, 110.58822712579963, 111.98473703073154, 129.30424477428414, 126.39899563620287, 130.4961222097432, 119.6927122090007, 113.6472215331375, 104.64649387647368, 95.14465622443043], [44.35237409430109, 51.997257280763336, 59.82676748007903, 66.636914053427, 61.66221433702895, 54.434579012984265, 46.769868550551536, 17.979046432931337, 14.15943705362773, 17.290330597645294, 26.42382580590345, 40.00599333495174, 31.36113130424768, 25.84845947216286, 20.81224027865318, 38.64575219760108, 48.193037475212, 55.99950562887024, 66.4720593047158, 73.96208969926232, 71.92237220693066, 64.32568197901257, 55.377752216539115, 47.95212196122247, 40.55088816114051, 0.0, 6.591427106375294, 14.22651743914054, 24.84990305337196, 34.21509278016211, 30.21853801497475, 21.99053829696693, 14.656564205337007, 7.737766573127482, 7.0239147679922755, 28.722388436106666, 36.419029841535675, 47.84071802175136, 57.20655046214543, 60.884914775254295, 61.56075538157276, 58.19931320574501, 54.65939538133971, 47.31340356168538, 37.0370492469726, 25.32628538993324, 15.046309602969295, 84.31844363551897, 76.72055654382287, 72.49746517985619, 70.71495552860098, 67.83834135609033,