{
	"dissimilarities": [[0.0, 7.763033490355296, 15.827147921725507, 24.245680648760906, 17.688301889117593, 11.335403842166848, 8.807987367083129, 42.63014838168599, 48.17665367087043, 55.44545447331124, 63.95010035456831, 73.2605743058422, 65.26316744101729, 56.71588751859159, 48.3227879200363, 16.41613855306786, 17.05996303627842, 20.3479970293121, 29.122735187278497, 34.56529402797271, 30.97860714268852, 23.969762195532496, 16.21446914059119, 10.890805373705332, 10.529842321366546, 45.491058779537205, 51.79728338234937, 58.74945093013985, 67.51048381928604, 74.8494231501605, 71.93819622305297, 65.39088890888232, 57.88234500697836, 50.6964636021034, 44.46470482640257, 18.959830557282654, 26.645959069131383, 37.92489341451784, 39.3936565239756, 47.817589664640295, 53.98754987264822, 57.633249009031935, 60.670399560125276, 56.51002353029953, 45.99912790332344, 36.659678281855676, 33.26652942716557, 65.60370745870915, 60.545449918369606, 61.21064437015073, 64.83936423250312, 67.1806624944806, 72.31212209667846, 80.11407656728713, 81.14742795912422, 80.51391346670088, 78.21216769057322, 74.12724756640927, 69.94144440529394, 65.59638505358579, 65.69268422939945, 67.97990358108291, 71.50033657314523, 77.64997573557633, 72.4357574182513, 68.92542436055959, 66.71190858558555, 53.46202862607442, 57.284398384463536, 69.5790606988303, 76.38655476264904, 88.22697249590479, 97.77722528016852, 102.14284515623652, 104.82667359961549, 120.56600054827813, 121.75416077224749, 125.0541296338236, 116.60909474213463, 111.3924651227095, 105.16401005998745, 94.4549885073613], [7.763033490355296, 0.0, 9.27420297739779, 19.277965077772738, 13.549180216360584, 11.062593855209046, 13.450068645041107, 50.2808201988044, 55.59381047352049, 62.719208352950545, 71.38525770499466, 80.92779116312232, 72.92887797127163, 64.33906020853371, 55.96769140740914, 17.577804770149967, 13.866956377462792, 14.69880686359298, 22.94798757744123, 28.485819343021085, 24.388000901751873, 16.776576160806023, 9.368667331570807, 7.296485810550514, 12.263946627592196, 51.99948765665267, 58.31731809283233, 65.46082924644973, 74.37559608673183, 81.85878611430923, 79.12786087481653, 72.39485740011587, 64.86481615105892, 57.62258245656921, 51.38639894390291, 24.887493576244054, 31.665400889944515, 41.7870474096735, 42.81889933050784, 51.646693328299925, 58.29196867230569, 62.80122721438571, 66.83674694875516, 63.203590014302804, 52.393940400050255, 43.68014866902972, 40.229636099966164, 68.0611550442397, 63.78909901963577, 65.08147002128345, 69.37909236115493, 72.40892195547183, 78.05280697787042, 86.21488031455715, 86.7529712520792, 85.52377835524507, 82.52415841335511, 77.86722239427077, 73.06503690248098, 68.48275586712435, 69.49813712653048, 72.45270912646738, 76.7033863846126, 83.52378344516681, 77.62771509721873, 73.39867664349315, 70.51743800444305, 48.67744234871486, 53.98684566057145, 67.88646533305173, 75.8325914330625, 88.36869892682257, 98.69885930285618, 104.05886534889756, 108.61536742608571, 126.27144149600547, 128.2307563439444, 131.84078327464547, 123.62512693153478, 118.71577079875973, 112.4441870900463, 101.29472697412366], [15.827147921725507, 9.27420297739779, 0.0, 10.592957027488552, 7.537875810427033, 11.909925139839086, 17.8691062450549, 58.14155207405397, 63.94612103413089, 71.25721694538734, 79.67578230434026, 88.53627212537099, 80.69321595200381, 72.19261240345944, 63.76114678807147, 26.262757270543872, 20.068130295100588, 16.73357905722126, 19.558016169342356, 22.404560011832547, 17.82169388404896, 12.781441145089193, 11.58762766901819, 15.076572396945833, 21.357133138706846, 61.06675195357599, 67.34348573544453, 74.33062932444885, 82.94982964010376, 90.05467390285604, 87.51801741813028, 81.07784740651243, 73.65812495486577, 66.47289333293459, 60.24195183015604, 33.734170272585764, 38.834052231937804, 47.17635397824417, 45.56787375934647, 54.20178931488095, 61.71962079774348, 67.12491575165505, 71.65666042820688, 68.86358835481676, 59.09481819220488, 51.393881348746966, 48.99092222477406, 67.17583154666944, 64.53437420864553, 67.01331107412614, 72.20687973899865, 76.03277987806007, 81.93055252598127, 90.08097212811364, 89.92171334192248, 88.11518590637328, 84.31099948046018, 78.85547227886163, 73.06591735860867, 68.16618068652659, 70.7755743829681, 74.72872692108908, 79.78385244957991, 87.1681617502469, 80.60642178978853, 75.56671120888969, 71.70057700387362, 43.0371398097408, 46.421432936600056, 60.74495644492593, 69.63121964760573, 82.91520733962427, 94.07058495901865, 100.89060798288293, 109.0347637536878, 127.98364712609965, 131.0170377195322, 135.02714529911668, 127.38656532910105, 123.50428321830188, 118.23287298381058, 108.63637708409645], [24.245680648760906, 19.277965077772738, 10.592957027488552, 0.0, 8.471735583815518, 16.490381561492267, 23.122751679849596, 64.4453438999768, 70.9724386796039, 78.55382530616536, 86.46156054834174, 94.13250444284999, 86.57488009883906, 78.31210001638023, 69.88974834415518, 36.68708671156022, 30.336636923027854, 25.69090620903243, 23.477598726665345, 21.642499009038236, 17.808426338940198, 18.589609389551466, 21.56343867380625, 25.61541564180184, 31.530288479698903, 69.60510715722769, 75.79619410248718, 82.42532179573352, 90.5048034977004, 96.95213770895225, 94.56607112599767, 88.69043559542536, 81.47199488921063, 74.44232905374972, 68.26551984853526, 42.48501158042081, 46.068568038806234, 52.75826010852614, 47.82205453158726, 55.665722539289455, 63.99825608982077, 69.9956016487812, 74.45123804760463, 72.54648966387808, 64.59538444703821, 57.98426995670839, 56.97981487155716, 64.09570439271049, 63.475753932928576, 67.27735559964727, 73.24838608603804, 77.69709968641693, 83.5120182962895, 91.27830715048701, 90.44109326884504, 88.24031312926014, 83.78825959463308, 77.59735947599364, 70.7975640668153, 65.63551062825223, 70.0097450525804, 74.93739205264706, 80.59194040296919, 88.23271785976831, 81.25688565743998, 75.5958520699117, 70.77248745627293, 39.901379273154824, 37.4071751575501, 50.57359951240698, 60.02670740340725, 73.99922033445526, 85.84919061711466, 94.23642526774816, 106.61401847251496, 125.87430525571096, 129.94975176597166, 134.31933633690056, 127.43371355039069, 124.92293596535019, 121.2558255475431, 114.3601782013073], [17.688301889117593, 13.549180216360584, 7.537875810427033, 8.471735583815518, 0.0, 8.587163194681589, 15.79550404641299, 57.70226515951167, 64.22884056571266, 71.7758934980207, 79.87506417738115, 88.01088606530072, 79.95213866826542, 71.43513642443625, 63.01385796852847, 30.875667991050204, 26.494621363706347, 24.156939188311274, 26.359853997372063, 27.380586042940624, 22.992495796084015, 19.87469022427635, 18.650525918059063, 20.38410144962868, 25.192196745499214, 62.70433075218966, 69.14103144604879, 76.0027560337618, 84.5263466714514, 91.39083492317184, 88.45149902806648, 82.28333321096642, 74.73783830514176, 67.5755964880242, 61.3269208648346, 34.86557091458415, 37.65882413392975, 44.40832811928671, 40.422817369593254, 48.66559147875025, 56.66126744325836, 62.4831226149666, 67.22197219960172, 65.16497601764034, 56.53113748439239, 50.14754657548737, 49.70885916985058, 59.97620653084743, 57.9257985073029, 60.94854451181753, 66.54338218744338, 70.76294382894802, 76.75055008702522, 84.88147136237701, 84.27015384432372, 82.14816285916662, 77.99072687138785, 72.22619311611365, 66.09461026556015, 61.11039436209775, 64.30975519297647, 68.70088693690694, 74.13002963397732, 81.82219843160951, 74.88695799160523, 69.46933706550385, 65.17988637644818, 46.88339994740917, 45.1055142942941, 55.95833609755956, 63.700148254719146, 76.14828620643193, 87.01482888030442, 93.4684380922709, 102.09228896302008, 121.89926127796373, 125.8010113469193, 130.64388892117358, 123.74658219965048, 120.91358755125813, 117.33504239229866, 109.94405981503678], [11.335403842166848, 11.062593855209046, 11.909925139839086, 16.490381561492267, 8.587163194681589, 0.0, 7.368219607461967, 49.29208526938995, 55.895104330133, 63.460844859883835, 71.54279573054964, 79.79121007557798, 71.53489710900226, 62.945159052173565, 54.533912526467326, 26.31307081669553, 24.82499106322604, 25.20629315982818, 30.599909872271553, 33.348365407321076, 29.214905354480326, 24.276150987929366, 19.55147761955303, 17.798315033353184, 20.13405959333311, 54.770073493830424, 61.26606417302989, 68.09379760009682, 76.69942042700265, 83.6634627679822, 80.40072406553801, 74.21081649026308, 66.56761785916892, 59.41179960362733, 53.17130474272696, 27.148255015447198, 29.956684903722003, 37.75021613412309, 34.85552062833717, 43.184075395164186, 50.658929598398394, 55.731088182043756, 59.88243482192899, 57.28400968169195, 48.36796325135415, 41.609442712341746, 41.46708763470945, 57.44430948344463, 53.92483285056233, 55.98624100220469, 60.846740873725835, 64.39513223268996, 70.10098141550098, 78.17554742260667, 78.10604584439577, 76.51616324955707, 73.08115355543924, 67.99936526653723, 62.71699510544468, 58.00288531730252, 59.79795416755672, 63.35560611272579, 68.0854056036908, 75.28755084103516, 68.90892581214996, 64.1926930294421, 60.734871988774024, 52.58068681351173, 51.13513162369873, 60.5797960201758, 66.91114725072245, 78.31690751970875, 88.17272604197743, 93.03923016641703, 98.38027014854511, 116.8393905931804, 119.94818096107483, 124.65277753507708, 117.4683912634864, 114.11999297320479, 110.38747896163626, 102.80275176803069], [8.807987367083129, 13.450068645041107, 17.8691062450549, 23.122751679849596, 15.79550404641299, 7.368219607461967, 0.0, 41.961223128127344, 48.670931992718046, 56.29431410580189, 64.25539748604714, 72.42597694004337, 64.1897675164878, 55.640810434730746, 47.22217185244068, 24.40062665849344, 25.518720810932784, 27.788784882246183, 34.67094031860845, 38.26145527636008, 34.550961293107555, 29.069064868966578, 22.817244925351876, 18.723380152456365, 18.30280656454474, 48.20772263785122, 54.62013930161249, 61.25533901138713, 69.71548927303009, 76.58909800294671, 73.21044284528048, 67.14997925708208, 59.56839269840475, 52.50147200767314, 46.31804013289789, 21.730748902536536, 25.337064159694368, 34.568842278285494, 32.7794902681098, 40.768426992947454, 47.59055529696473, 51.64000877696196, 54.7200649415012, 51.397452139656124, 42.51480078474357, 34.941284274480196, 34.735838188068136, 57.10073296885504, 52.50265603630472, 53.69895898138671, 57.72477039024452, 60.44173249892114, 65.61294932061769, 73.35993580246333, 73.92506509884757, 73.03378921318841, 70.43058575364812, 66.05384558657792, 61.55730933345759, 57.1368892057965, 57.72177486548827, 60.42693636253147, 64.28736209781788, 70.73406315333388, 65.14573559279069, 61.28860998556385, 58.67920744615894, 56.65460433770061, 55.5041601889564, 64.27080762487238, 69.68912879052354, 80.51634173600867, 89.58890549368029, 93.43524909350955, 96.51476476505877, 112.85103311042248, 114.95988491736448, 119.18439914507269, 111.58632060693358, 107.66516169141993, 103.59259671609823, 95.91356156314927], [42.63014838168599, 50.2808201988044, 58.14155207405397, 64.4453438999768, 57.70226515951167, 49.29208526938995, 41.961223128127344, 0.0, 8.680461390574466, 16.206211834040584, 22.633140382323326, 31.4049324781693, 22.654062626142668, 14.282923014722266, 6.172515731873189, 44.1471134259354, 52.79834604069394, 59.385353543919074, 69.02755785184011, 74.7290128725636, 72.24453031227725, 65.71670677268268, 57.31797017237848, 50.03802578015268, 43.32057723023943, 19.477830943481358, 22.493775546973946, 25.52473336468863, 32.092392674867604, 38.397325390226406, 33.08175067104711, 28.152829507893603, 21.53386647689741, 16.994404478297525, 14.273771011964186, 29.923552064507884, 33.027152416602284, 41.89403714393782, 47.619019407150546, 50.26111449851431, 50.2716555354779, 46.36275430461348, 41.028376239496005, 32.386011453079725, 26.922179556296886, 16.72232680967903, 15.318519745222515, 72.32375704701538, 63.28539856807079, 59.29983771963539, 57.19635142311975, 53.79543851400214, 54.16888312492813, 58.26170207817855, 63.38757971801196, 67.17558376807689, 70.21005029774221, 70.90391445837591, 71.76905085833324, 69.87095534995287, 63.758707841403606, 60.70963567591327, 58.139336159793714, 58.05752323545428, 59.09885383235422, 61.58378130666867, 64.64728883112691, 89.43272965076055, 90.31185742576228, 96.3733319800246, 97.95328376447742, 105.23117148541142, 110.01384076250842, 108.23346482012047, 97.5544452448534, 100.51795346519148, 95.72204714480714, 96.57398502427687, 86.30893129523875, 77.59641260667429, 70.26131376210661, 60.249682433960984], [48.17665367087043, 55.59381047352049, 63.94612103413089, 70.9724386796039, 64.22884056571266, 55.895104330133, 48.670931992718046, 8.680461390574466, 0.0, 7.864821530528141, 15.896776680477366, 27.582842611498425, 19.31542122606261, 12.150759745168735, 8.74983168971392, 47.042928651109364, 56.19484990665156, 63.2557881123546, 73.38998580472986, 79.74024066358955, 77.3880414360364, 70.44570581177105, 61.79458741894485, 54.375496912605165, 47.31071698355316, 14.206806843364413, 15.05500493335864, 17.05998703358625, 24.12297533448646, 31.49367291722634, 25.69832018078762, 19.779187223412112, 12.865061437810704, 9.214835517084445, 9.398966977649248, 33.948325887633985, 37.99141859463505, 47.017041165719455, 54.68218616079541, 57.382175558774954, 56.62293076009991, 52.148214600799534, 46.706041008340726, 37.78022113509456, 31.69087543783904, 21.963019538273283, 17.373938543406503, 80.34856879222315, 70.85155135700323, 66.32072541240314, 63.656565458958056, 59.728561771958525, 59.758079318614726, 63.47848062188609, 69.13969720320587, 73.294323053835, 76.84732907598742, 78.07594844775811, 79.47406592910819, 77.77879936425596, 71.07166913325942, 67.47876578094399, 64.36361403701592, 63.61211777543124, 65.36467175818257, 68.40252067005234, 71.99165040330051, 94.19133080190275, 97.16790720014856, 104.4533299160494, 106.40781010497423, 113.88446049580482, 118.61688342509524, 116.5709344414305, 104.23861926562785, 105.93303073386913, 99.8872963865607, 99.78188705109271, 88.79086453634673, 78.46306067212129, 68.77952159028352, 55.001465185604964], [55.44545447331124, 62.719208352950545, 71.25721694538734, 78.55382530616536, 71.7758934980207, 63.460844859883835, 56.29431410580189, 16.206211834040584, 7.864821530528141, 0.0, 9.728878747048602, 23.739142560263335, 16.380666094047367, 12.25299193203774, 14.050942635147612, 52.98485375392282, 62.38806535012018, 69.68728274100656, 80.05793744211857, 86.70954088357088, 84.42409434288244, 77.28353624116346, 68.51150171932083, 61.03995241101078, 53.82633330418435, 15.66031442542968, 13.150204055204087, 11.916815532133073, 18.175308625386062, 26.073385531415035, 19.183763819419458, 12.701435644824642, 6.317508955783999, 8.00775160000446, 12.74194993388775, 40.44558407193184, 44.18273794744876, 52.500050237020126, 61.103803364537306, 63.37648137419775, 61.77425397448055, 56.562126921715915, 50.60347981573351, 41.61195622524606, 36.213299358523976, 28.07688368807701, 23.591536937882385, 86.6721110158332, 76.78547884016588, 71.70752574667098, 68.36125033332421, 63.7876350553768, 63.22809695720936, 66.32481320654864, 72.51541145327921, 77.14114699464912, 81.34409476479807, 83.22899294838967, 85.28829957803408, 83.91036239932725, 76.53394888999999, 72.307301695409, 68.48137052770645, 66.8496138056362, 69.4865892900883, 73.23675993374542, 77.4471992590485, 100.92465170652214, 104.7314246833828, 112.1849867968668, 113.97873919179618, 121.15972929229035, 125.49972335736382, 122.8047632739168, 108.45512821320439, 108.54360557811823, 101.36295285111943, 100.59451132999513, 89.20183027835272, 77.71274870519325, 66.71154974309451, 50.73314514181451], [63.95010035456831, 71.38525770499466, 79.67578230434026, 86.46156054834174, 79.87506417738115, 71.54279573054964, 64.25539748604714, 22.633140382323326, 15.896776680477366, 9.728878747048602, 0.0, 14.769287055887094, 10.129667435671767, 12.68670627142806, 18.77789332325756, 62.36530296022782, 71.52320490064018, 78.58546432809985, 88.49989656884136, 94.79328523831565, 92.70364441720719, 85.9685674447119, 77.44159901111158, 70.08242925307133, 63.0098979485458, 25.14157628868299, 21.27504974304558, 16.38080942460396, 16.041991942250405, 20.55606579652821, 12.572030332566852, 11.049026554765355, 12.128766998224222, 17.40950166292947, 22.44025395068019, 49.675944877206675, 52.75416748510705, 60.07942926332966, 67.64001405705487, 68.86865251598554, 66.68736103935419, 60.524548158968386, 52.83397921622413, 43.962262407590536, 41.80253808395362, 35.61203643131677, 32.880346568493756, 90.82411163026518, 81.09809747534621, 75.7913697924961, 71.70944210792246, 66.26726053016422, 64.3653682982355, 65.85653511128162, 72.74066049228676, 78.31363632912709, 83.48547854320279, 86.11859614689568, 88.79842082279355, 87.82537521169738, 80.05251362313109, 75.21295139502486, 70.30848916336907, 67.04323160372516, 71.19571600060081, 76.0111601057962, 80.84680896957128, 108.11189069113249, 110.88584889413201, 117.2629027987617, 118.26631454141283, 124.78301144488613, 128.29690994941558, 124.91541597372627, 109.3671143375611, 105.37209348789102, 96.45225727377178, 94.468151656098, 82.59490488314954, 70.11620778416999, 58.688901475970646, 43.99718553616913], [73.2605743058422, 80.92779116312232, 88.53627212537099, 94.13250444284999, 88.01088606530072, 79.79121007557798, 72.42597694004337, 31.4049324781693, 27.582842611498425, 23.739142560263335, 14.769287055887094, 0.0, 11.097217786356408, 19.87782716681977, 26.914779482598234, 74.03634292155498, 82.536968083382, 88.95963271647875, 97.82134398963909, 103.17864791196781, 101.38904316064814, 95.58050747350336, 87.65106687969036, 80.60263027771433, 73.95564692343603, 39.219266166389914, 35.58166341706568, 29.970497511161305, 24.959053670607407, 22.438777723982763, 17.598512288843537, 23.005354427474227, 26.72921560542204, 31.634294418154074, 35.864497864956896, 60.93296330789794, 63.25218219787143, 69.50932791666138, 74.44411983417749, 74.25234680549177, 71.90873413869195, 64.95082464389644, 54.90986219432682, 46.748925869277706, 49.46851734746522, 45.26884395432102, 44.771706798529195, 93.0104373299567, 84.16267746429524, 79.09922661459485, 74.45181204467718, 68.20004688941897, 64.41571215966344, 63.348056842755504, 70.86891477393897, 77.68419051766021, 83.92839221027995, 87.23859315629413, 90.34549645272884, 89.81921953762743, 82.14844924391423, 76.92219282428375, 70.83293942417868, 65.40240211254502, 71.46527264592798, 77.44861645086449, 82.71034330536148, 115.01527937282985, 115.12093019814749, 119.28396068730427, 118.95725033594329, 124.45978057806357, 126.765468872605, 122.8051156053796, 107.35816819886247, 96.80230021634864, 85.5103110546688, 81.57648538463133, 69.05921659467225, 55.744015225883295, 45.232144994476634, 37.986108394015375], [65.26316744101729, 72.92887797127163, 80.69321595200381, 86.57488009883906, 79.95213866826542, 71.53489710900226, 64.1897675164878, 22.654062626142668, 19.31542122606261, 16.380666094047367, 10.129667435671767, 11.097217786356408, 0.0, 9.297073669468315, 17.26772614168785, 65.96595218358306, 74.93052697725209, 81.66855071706671, 91.18182798773145, 96.77844091327637, 94.54822464447159, 88.22917267475367, 79.8729195238406, 72.5598474397271, 65.68693146492556, 31.612425720031197, 29.45149136586949, 26.002227641382593, 25.593445869785764, 27.624827343215344, 20.44564827298528, 21.147395185097594, 20.97948435873432, 24.229801539243383, 27.73823056485794, 51.81748368456487, 52.95546330390195, 58.66971328466861, 64.2850833591916, 64.27732533501899, 61.73311615812309, 54.924950875598476, 45.76699065222513, 37.21935041665382, 38.57672597459362, 34.81705300649482, 35.70292809400834, 84.56815195773112, 75.08470946184433, 69.71875189321165, 65.17391575228767, 59.21147472794446, 56.36083809682881, 56.85125133629764, 63.99732220611695, 70.09434670671226, 75.80414103479526, 78.8777463685506, 81.98310892776783, 81.37190563392389, 73.36355622307339, 68.16506432130926, 62.5821710885157, 58.35439103152645, 63.35828835947483, 68.83310129405152, 74.04232186446865, 110.19082396500166, 110.05794438606287, 113.95610157524818, 113.65093479034603, 118.90389363258687, 121.49100341935315, 117.14752502962209, 100.7208419221909, 95.30955127732855, 86.51522210972433, 85.32984592265775, 74.18754855460823, 63.0433512666275, 55.29787857146104, 47.55524194683001], [56.71588751859159, 64.33906020853371, 72.19261240345944, 78.31210001638023, 71.43513642443625, 62.945159052173565, 55.640810434730746, 14.282923014722266, 12.150759745168735, 12.25299193203774, 12.68670627142806, 19.87782716681977, 9.297073669468315, 0.0, 8.443005728418344, 57.45333594465861, 66.57287958774242, 73.4265602936737, 83.26475240706488, 89.0016788149943, 86.52056669568157, 79.91747478207328, 71.36125395099258, 63.942450944403646, 56.998490236689534, 25.03067749927698, 24.765564389005714, 24.006891994635748, 27.50609352530852, 32.267266609580815, 25.06195851675158, 22.29518032619736, 18.278352108382883, 18.60372432949456, 20.536683142680904, 42.80623480941543, 43.66773845650435, 49.77807581286586, 55.90140361173314, 56.59765724228329, 54.5032151793931, 48.399778449735436, 40.59285587884581, 31.645405177748568, 30.448781235896863, 25.571943352937588, 26.95882761783299, 78.18615971637534, 68.45698000385201, 63.230841764906614, 59.29566066722799, 54.07401551168691, 52.51011853149602, 54.71520909048693, 61.172128272402006, 66.34838044287011, 71.14843908390341, 73.53660467348037, 76.11492343369119, 75.15570197423399, 67.39915584822559, 62.70677795429184, 58.0971098439286, 55.509067102330306, 58.99657951895244, 63.50158267864704, 68.19065163927306, 103.37342709645604, 103.43669698304574, 107.75137657250269, 107.91128642260261, 113.54051761951672, 116.78082630646102, 112.89102752027362, 97.4156800579467, 96.34839645787591, 89.58758472643206, 89.95492714220035, 79.5290796770407, 69.73707514726496, 62.83876916071235, 54.113779539603016], [48.3227879200363, 55.96769140740914, 63.76114678807147, 69.88974834415518, 63.01385796852847, 54.533912526467326, 47.22217185244068, 6.172515731873189, 8.74983168971392, 14.050942635147612, 18.77789332325756, 26.914779482598234, 17.26772614168785, 8.443005728418344, 0.0, 49.74153532974671, 58.63890047487135, 65.33982893103791, 75.08991504845757, 80.74132391675862, 78.18809134460979, 71.6207219416712, 63.127424343396974, 55.766454765236226, 48.94956654166295, 21.63684312956717, 23.500293579196434, 25.188927290067852, 30.824386491986857, 36.621002932609606, 30.38135702638554, 26.15460727314533, 20.137977707987513, 17.260563827803452, 16.47117745804134, 34.96971261693653, 36.43823561761403, 43.7267321846462, 49.5271133797766, 51.16062533121755, 50.152721866542514, 45.19119243788177, 38.70991655544634, 29.7725770702869, 26.198776985386093, 18.71487388258548, 19.84623857513514, 73.14147320513126, 63.698340584017025, 59.09236710218634, 56.13844746599201, 51.92048877904189, 51.515327600062506, 54.95763257209707, 60.61918082540279, 64.96148771262136, 68.74415205354016, 70.18852636921717, 71.85557540070401, 70.3974575853598, 63.457485178720106, 59.64048958187804, 56.180729861741035, 55.11789766674827, 57.1269294352144, 60.489407319129526, 64.31029174761836, 95.46866164387995, 95.58595146056304, 100.50043321644442, 101.27404681056503, 107.62661749286258, 111.64583098102379, 108.76876292245977, 95.77407532650776, 97.46248588662306, 92.11889463044743, 93.11471788612886, 82.98374670541676, 74.13551690729516, 67.5186596690543, 58.59230651081572], [16.41613855306786, 17.577804770149967, 26.262757270543872, 36.68708671156022, 30.875667991050204, 26.31307081669553, 24.40062665849344, 44.1471134259354, 47.042928651109364, 52.98485375392282, 62.36530296022782, 74.03634292155498, 65.96595218358306, 57.45333594465861, 49.74153532974671, 0.0, 10.665408585487715, 19.096168709295668, 31.85554600338085, 40.383281476371934, 37.046880373023924, 27.698067713613128, 18.146951024906667, 11.318352273085777, 6.254944001990184, 39.64578485322032, 45.760995774499634, 53.44541926695504, 63.219963700823605, 71.86849235402427, 69.01755921130672, 61.28771433743381, 53.68966677215017, 46.479255790282934, 40.55160684647124, 16.961372744246088, 28.11712546021794, 40.77909804406481, 48.1639929440968, 56.88572895579526, 61.348561346441656, 64.14035509271422, 67.61076292327229, 62.39853599211499, 49.00975867903668, 38.36574336484859, 30.883004611195947, 78.37647872506177, 71.6597991718973, 70.8411418368842, 73.45496895023985, 75.0625771849901, 80.31498975181523, 88.53164338178168, 90.3056900023875, 89.94257707632646, 88.25642756933713, 85.02589852913039, 81.96487171559495, 78.0184117896727, 76.43976058810435, 77.61850935477257, 80.4697728216543, 86.27548728002813, 81.5893514437583, 78.77224043073416, 77.61926354640461, 59.29995462643644, 69.92066059429827, 85.00417129965433, 92.52120095835683, 104.39613566468611, 113.8587359927414, 117.37788758875143, 116.22552716527326, 132.33310754855128, 132.3585418484099, 135.0469702702103, 125.63447109735486, 118.37845178998855, 109.19453773214958, 93.04962780611314], [17.05996303627842, 13.866956377462792, 20.068130295100588, 30.336636923027854, 26.494621363706347, 24.82499106322604, 25.518720810932784, 52.79834604069394, 56.19484990665156, 62.38806535012018, 71.52320490064018, 82.536968083382, 74.93052697725209, 66.57287958774242, 58.63890047487135, 10.665408585487715, 0.0, 8.533064285385407, 21.46639101497056, 30.374714227582224, 27.18195360435335, 17.794890925405436, 9.434820228090517, 7.385859395658776, 11.18909799337954, 49.48356156980079, 55.283393494875575, 62.62288727412781, 71.79215536232151, 79.8899291879731, 77.74380752055981, 70.40663207220962, 63.197192656809285, 56.132860214657455, 50.244281809392746, 26.334913727596852, 36.38656262603132, 48.04718060395275, 53.03735377046145, 62.063299903459246, 67.61727088968952, 71.34138092585694, 75.17259614745763, 70.49114069196408, 57.90445619844161, 47.60780441676809, 40.626366860044584, 80.89041214123739, 75.61441008925316, 75.94350814809528, 79.48525554474999, 81.8416722779981, 87.34157125364642, 95.55140670084234, 96.80054294717313, 96.00841379156138, 93.5934502531131, 89.53931590622696, 85.43342782549492, 81.07035698903597, 81.02398361288103, 83.18677014095668, 86.80055625623342, 93.11043846666703, 87.83739156838439, 84.25332464582979, 82.13408412289883, 49.544989442609776, 62.23705104662021, 79.65934447119018, 88.70249960427499, 101.93099808176352, 112.4617982475383, 117.84618848748231, 120.63955681152649, 137.39956796393125, 138.01554823268575, 140.49395679060203, 131.1667175885895, 124.41560453992189, 115.24157273000336, 99.6694393752498], [20.3479970293121, 14.69880686359298, 16.73357905722126, 25.69090620903243, 24.156939188311274, 25.20629315982818, 27.788784882246183, 59.385353543919074, 63.2557881123546, 69.68728274100656, 78.58546432809985, 88.95963271647875, 81.66855071706671, 73.4265602936737, 65.33982893103791, 19.096168709295668, 8.533064285385407, 0.0, 13.047945335728723, 22.09848810401277, 19.0444964571065, 10.017618821530442, 6.473855096787849, 11.69060262330497, 18.273693016901266, 57.32136828774618, 62.97418915524572, 70.04968605532872, 78.75461721236843, 86.37076084658966, 84.65557918971191, 77.67657620819766, 70.70763562991404, 63.73146920630951, 57.84135028889155, 33.73544358416384, 42.97804156823141, 53.85090700865182, 56.84778076181361, 65.8869980349416, 72.21354700611816, 76.55888257877531, 80.54235989765462, 76.30376598734547, 64.50462018740079, 54.547507391291596, 48.13975209834534, 82.3132980768249, 78.26213398162898, 79.49589139161131, 83.70531509818069, 86.59219014334903, 92.20191354735269, 100.32008007937267, 101.15171688746398, 100.05731550230672, 97.11345089926539, 92.4504505013147, 87.55276925368601, 82.90584124947712, 84.07476582718377, 86.97854400692158, 91.12621357730836, 97.75406066566713, 92.08456417971617, 87.95900213839514, 85.11191181445705, 41.63017286357022, 55.51156046506438, 74.62295930066692, 84.8088146064457, 99.0339894938646, 110.34345795673619, 117.20913601474474, 123.23759220867879, 140.33072130316978, 141.46086148387107, 143.83338387710347, 134.68420953544788, 128.49574618341072, 119.63780380540226, 105.03393923254782], [29.122735187278497, 22.94798757744123, 19.558016169342356, 23.477598726665345, 26.359853997372063, 30.599909872271553, 34.67094031860845, 69.02755785184011, 73.38998580472986, 80.05793744211857, 88.49989656884136, 97.82134398963909, 91.18182798773145, 83.26475240706488, 75.08991504845757, 31.85554600338085, 21.46639101497056, 13.047945335728723, 0.0, 9.743922717897705, 8.663435686239556, 8.287160033867934, 16.251476431947374, 23.31185521475213, 30.335855877251742, 68.60343021132306, 73.9352490489815, 80.51189651155772, 88.38457808638647, 95.1646190199274, 94.17828240063965, 87.83227677625685, 81.3417782102051, 74.59345237327125, 68.79289485793045, 45.38405113910018, 54.12132413639106, 64.283503563686, 64.72067057134385, 73.46484338582762, 80.66037730055132, 85.52977343974666, 89.27455307815427, 85.47668345597319, 74.98342196853153, 65.24304945612646, 59.271538658476764, 86.26375300055581, 84.01268400311746, 86.42832146064958, 91.35635976687458, 94.73875048560616, 100.23197581953077, 107.95010690579254, 108.35297144406542, 107.06291786220946, 103.60245965069119, 98.23794578001778, 92.33801859752363, 87.37469659581001, 90.16932997870093, 93.94885703273494, 98.57774396700506, 105.32505221521795, 99.40665665717266, 94.78019985570005, 91.07330996929433, 28.99274094100821, 45.52216178687372, 67.7551647131303, 79.76751507783877, 95.6229024631353, 108.01012153143695, 117.22837264422508, 128.19280501120926, 144.70542439082328, 146.22714000644123, 148.08379439194823, 139.0707040057209, 133.57578974139795, 125.00439111904605, 111.88897120996218], [34.56529402797271, 28.485819343021085, 22.404560011832547, 21.642499009038236, 27.380586042940624, 33.348365407321076, 38.26145527636008, 74.7290128725636, 79.74024066358955, 86.70954088357088, 94.79328523831565, 103.17864791196781, 96.77844091327637, 89.0016788149943, 80.74132391675862, 40.383281476371934, 30.374714227582224, 22.09848810401277, 9.743922717897705, 0.0, 5.29654226531404, 14.358136966714762, 23.686614733090543, 30.80506402652215, 37.95667924606632, 76.19155953363173, 81.52291547518085, 87.84332269172648, 95.28049243301122, 101.49821878465951, 100.68493363497733, 94.79850547511434, 88.44237886674186, 81.75887885490592, 75.92606424992891, 52.37764931361669, 60.13196595758899, 69.41002473508115, 67.61871772563887, 75.95046438953109, 83.76985579720858, 89.0786561731689, 92.74495944002241, 89.51946736024942, 80.23404636503341, 71.10804560947594, 66.16784572861845, 85.65201119760832, 84.84285224308724, 88.18487185830652, 93.67046376672896, 97.49092049059324, 102.91814618970771, 110.34071800850289, 110.27779676432685, 108.73827098118676, 104.82496399421998, 98.92699009521837, 92.29513414835517, 87.15079522488928, 91.2021579080314, 95.67340209520542, 100.71913946458807, 107.62895166164326, 101.43448988545467, 96.3758501901721, 91.98952475951087, 21.736011023361506, 36.56269903701723, 60.03862754754905, 73.02382630139877, 89.70591740850038, 102.70783589820682, 113.43659555621987, 127.97441296315971, 144.41790200913135, 146.61874844700247, 148.54890097365245, 140.02641231772745, 135.54122783969402, 128.07999701110072, 117.13753461810326], [30.97860714268852, 24.388000901751873, 17.82169388404896, 17.808426338940198, 22.992495796084015, 29.214905354480326, 34.550961293107555, 72.24453031227725, 77.3880414360364, 84.42409434288244, 92.70364441720719, 101.38904316064814, 94.54822464447159, 86.52056669568157, 78.18809134460979, 37.046880373023924, 27.18195360435335, 19.0444964571065, 8.663435686239556, 5.29654226531404, 0.0, 10.0405239475009, 19.581026671761826, 26.910957122353512, 34.28768690052659, 73.68718881843455, 79.30246897135656, 85.90016023217987, 93.76854656377895, 100.33961862640861, 99.07520937497165, 92.92800873251976, 86.23769234039653, 79.36926732298191, 73.40145666117787, 48.77281062763672, 55.8641479629134, 64.73567606156138, 63.08875564577448, 71.56032488036428, 79.33722876617821, 84.83812614390875, 88.97978522806874, 85.9457403096922, 76.34834279425255, 67.63303971810548, 63.21462650230636, 81.842428154713, 80.71810907278225, 83.93888857804477, 89.47326407236238, 93.43932359996752, 99.12520772947205, 106.85707658854082, 106.66422604032299, 104.9038659540897, 100.85556367128672, 94.95648218934691, 88.42936844218245, 83.31126791779126, 87.1646031733482, 91.62779482832774, 96.83675886934982, 104.03672620521601, 97.58419211197591, 92.37247102858623, 87.99197872070756, 26.930572903563874, 38.72214439718731, 60.218033539332914, 72.47766351965716, 88.42299803020622, 101.15788526084589, 111.08581954195755, 124.30409284559803, 142.0301380696911, 144.658194252985, 147.2589155921798, 139.01367691498334, 134.71390335157304, 127.7641783155886, 116.88736127036871], [23.969762195532496, 16.776576160806023, 12.781441145089193, 18.589609389551466, 19.87469022427635, 24.276150987929366, 29.069064868966578, 65.71670677268268, 70.44570581177105, 77.28353624116346, 85.9685674447119, 95.58050747350336, 88.22917267475367, 79.91747478207328, 71.6207219416712, 27.698067713613128, 17.794890925405436, 10.017618821530442, 8.287160033867934, 14.358136966714762, 10.0405239475009, 0.0, 9.952862667024144, 17.704818504574003, 25.27510255528814, 65.69701102806907, 71.53874128163126, 78.53697083084772, 87.05840213143222, 94.31061375874924, 92.55162648510976, 85.86953232241848, 78.82240989481444, 71.77207354495458, 65.73368118140534, 40.33165513035772, 47.67514292687625, 57.018161886798495, 57.43022288199992, 66.33332623440933, 73.514748668224, 78.74630675571154, 83.26169235654253, 79.88655558464434, 69.07767147290957, 60.185766122019864, 55.393884119037956, 79.7101324286173, 77.1032855381695, 79.41223018620488, 84.46978285365702, 88.13767183501348, 94.03388957788226, 102.20143590994302, 102.32084875817785, 100.64184491602666, 96.91720319103551, 91.50555832783712, 85.71711997880725, 80.80006820026598, 83.39334325895267, 87.22645457789218, 92.15997981670188, 99.38970394052221, 93.02366763473731, 88.10750013066296, 84.34498814188551, 35.750916773301206, 47.52858008264999, 66.83487209803734, 77.7377152519099, 92.44251693376893, 104.4030055689416, 112.49013876990189, 121.75092470950324, 140.26359266071915, 142.59546091819442, 145.58072592013426, 137.14588268494074, 132.18275621413227, 124.76348353007207, 112.33945697779862], [16.21446914059119, 9.368667331570807, 11.58762766901819, 21.56343867380625, 18.650525918059063, 19.55147761955303, 22.817244925351876, 57.31797017237848, 61.79458741894485, 68.51150171932083, 77.44159901111158, 87.65106687969036, 79.8729195238406, 71.36125395099258, 63.127424343396974, 18.146951024906667, 9.434820228090517, 6.473855096787849, 16.251476431947374, 23.686614733090543, 19.581026671761826, 9.952862667024144, 0.0, 7.883855688782302, 15.49646926354833, 56.537847856562045, 62.613174915567846, 69.89356487876731, 78.913388211084, 86.65192932171854, 84.36366647058328, 77.33045260453875, 69.96836687358373, 62.77898991890923, 56.67618061261182, 30.723664634173137, 38.448472378254735, 48.54558778857304, 50.82335740250608, 59.907743861267974, 66.42194287024226, 71.13331001140634, 75.61703168046448, 71.84844583364887, 60.21194270000141, 51.10287582067093, 46.14972431960296, 76.1644053068949, 72.11910120872783, 73.47528361491666, 77.9027236619224, 81.08874257696523, 86.95782374964656, 95.31655276078682, 95.83428813337851, 94.4257468635202, 91.21303857625054, 86.4077629178327, 81.44349677993944, 76.79197994101568, 78.05435248515123, 81.14204008230037, 85.58994442119766, 92.59394951797552, 86.54414554744613, 82.12552798986984, 79.09869330607354, 44.497219532829696, 54.67619027772495, 71.62221642573903, 81.00689417774355, 94.45997141471172, 105.48362809867541, 111.7469029383775, 117.2330177750654, 135.60955966063912, 137.48400334576715, 140.72030371100897, 132.1493407569752, 126.67786337848524, 119.1180941190389, 105.92956155630395], [10.890805373705332, 7.296485810550514, 15.076572396945833, 25.61541564180184, 20.38410144962868, 17.798315033353184, 18.723380152456365, 50.03802578015268, 54.375496912605165, 61.03995241101078, 70.08242925307133, 80.60263027771433, 72.5598474397271, 63.942450944403646, 55.766454765236226, 11.318352273085777, 7.385859395658776, 11.69060262330497, 23.31185521475213, 30.80506402652215, 26.910957122353512, 17.704818504574003, 7.883855688782302, 0.0, 7.646744007541183, 49.00613786282065, 55.254504732831364, 62.676895898918424, 71.98150108179479, 79.98446557775168, 77.29681421880878, 70.09331309599204, 62.52494477733339, 55.25289922308884, 49.10138816521782, 22.878739004056715, 31.318355784463815, 42.37373887769383, 46.101674375726574, 55.13073936615994, 61.0305677838983, 65.11679870432509, 69.26138999069377, 65.08213066299028, 52.98142440677478, 43.52995439980457, 38.42126730681844, 73.51548860491326, 68.37351859486905, 68.93416665994839, 72.73739980627694, 75.39140438355156, 81.06659975083896, 89.41024996817474, 90.32964578720402, 89.280164617291, 86.61286711150663, 82.37509609673253, 78.12372654005769, 73.72800364696074, 73.88624101331092, 76.2898579826421, 80.18996462308807, 86.8218749606191, 81.20133880465886, 77.33345256748156, 74.98310246909108, 50.976337843635704, 59.737260337380796, 74.91751490102831, 83.10533411379727, 95.6184064557406, 105.84336411041743, 110.75061034523107, 113.4444242121809, 131.0787437186266, 132.43453933158636, 135.71665221759733, 127.01291000433307, 121.15673555773876, 113.55014644178955, 100.07467705389857], [10.529842321366546, 12.263946627592196, 21.357133138706846, 31.530288479698903, 25.192196745499214, 20.13405959333311, 18.30280656454474, 43.32057723023943, 47.31071698355316, 53.82633330418435, 63.0098979485458, 73.95564692343603, 65.68693146492556, 56.998490236689534, 48.94956654166295, 6.254944001990184, 11.18909799337954, 18.273693016901266, 30.335855877251742, 37.95667924606632, 34.28768690052659, 25.27510255528814, 15.49646926354833, 7.646744007541183, 0.0, 41.59053880326191, 47.98453170976001, 55.557773822515664, 65.16403047874896, 73.46987950278522, 70.40645610377943, 62.993704517695676, 55.23997863678216, 47.902724091399776, 41.733717537025214, 15.56422300843203, 25.473306913556183, 37.75823095062449, 43.375698847803285, 52.1684632894527, 57.233843619550086, 60.49104531316808, 64.14317068718061, 59.41163467652043, 46.73070379641729, 36.70351630793716, 31.029667677184992, 72.68428540071328, 66.4222961738154, 66.07532457278401, 69.10710237246863, 71.09061451769551, 76.47831841149146, 84.73746811463216, 86.15476641484491, 85.55272548546746, 83.53930908038765, 79.97167685673965, 76.53469119049865, 72.454759186305, 71.40283731544386, 72.99897906746311, 76.21383650480229, 82.33622422698566, 77.28591590863465, 74.10332527775904, 72.5477881648498, 57.4457123206762, 65.51638181109821, 79.37719507323563, 86.53877764198099, 98.19749422014783, 107.64266809820717, 111.26892690054986, 111.13136761651229, 127.76391101374287, 128.44653106753884, 131.63778169155037, 122.71308900805113, 116.31994976408426, 108.44059111542889, 94.37771289008485], [45.491058779537205, 51.99948765665267, 61.06675195357599, 69.60510715722769, 62.70433075218966, 54.770073493830424, 48.20772263785122, 19.477830943481358, 14.206806843364413, 15.66031442542968, 25.14157628868299, 39.219266166389914, 31.612425720031197, 25.03067749927698, 21.63684312956717, 39.64578485322032, 49.48356156980079, 57.32136828774618, 68.60343021132306, 76.19155953363173, 73.68718881843455, 65.69701102806907, 56.537847856562045, 49.00613786282065, 41.59053880326191, 0.0, 7.205060855278532, 15.306881190606957, 26.479334260999384, 36.482817443585596, 31.467421596298, 22.771179512903252, 14.540139979818417, 7.750102825098709, 5.256296418951746, 29.237749121422155, 35.519261804940065, 46.05220456826415, 56.97717908898204, 61.360171334632774, 60.859842679158916, 57.617546853067076, 55.00210456438503, 46.55285937606604, 35.91389318318199, 24.780999335306596, 14.345318893381352, 86.47302344743196, 76.5599836