{
	"dissimilarities": [[0.0, 7.589152371922047, 15.051207926883206, 25.86393597164334, 18.09231468062042, 11.343579957770167, 7.523212092622339, 43.2882883470537, 49.10710257765707, 57.58347654225936, 65.66527225829822, 73.17939526182624, 66.17521336855614, 58.264665374733255, 49.78746868119418, 21.90969860292243, 21.450480095016662, 22.82540845454324, 26.867716705644064, 31.130312463026037, 26.49727039249234, 21.505984424405064, 17.28865028023547, 13.794474498829342, 17.152394902745247, 53.041389262094796, 59.79468556123978, 66.43393944953085, 74.54077714411461, 81.02235418430526, 79.04685562665796, 73.19710288230075, 66.80558332318127, 59.46341050463201, 53.454023220253056, 21.418294582935264, 25.650562581671497, 37.28716247084676, 39.39094777211685, 48.82004844369766, 55.03019883994069, 59.81100454736129, 61.29977475606811, 57.864411525619765, 44.41262651011472, 37.55216013888609, 35.09708746160077, 66.60634231739483, 59.32056290486323, 61.23997719975765, 65.81341183628692, 67.23361829671336, 71.64192436720269, 83.0307278860633, 87.23232824476263, 86.32966205862682, 83.27597360630789, 80.88807014365506, 77.14521008530916, 66.66980181029905, 62.930020036624896, 67.93285609520653, 73.88005086172103, 82.52722435757686, 81.1358837528211, 74.9630567057946, 73.02914897049602, 50.842915588076096, 52.126914440470536, 60.235532970487995, 71.02436883092105, 85.40302094309966, 95.50438252416431, 100.79872881303189, 110.09371252476015, 115.33124455212972, 122.09458683102105, 119.0756326672089, 109.7553365952416, 107.20256925693994, 100.94584895030465, 96.34160600787517], [7.589152371922047, 0.0, 8.513282964169457, 21.261811499853394, 14.610669157315792, 11.622277819425028, 12.68203756260693, 50.75632568223861, 56.40630454994343, 64.73802246649726, 72.93016075985564, 80.61541208857977, 73.63311287036237, 65.71724788369893, 57.271155466042956, 23.901459979417847, 20.108504334256835, 18.880108993145615, 21.174841926623845, 24.776375237800263, 19.598190378351596, 15.171431771658831, 12.689761042013357, 12.892898460319115, 20.20600909093731, 59.010409607633946, 65.89419205938832, 72.6701129035822, 81.07142002344258, 87.83338091726677, 86.00587007234357, 79.97890906963272, 73.39023022762129, 66.07080403422883, 60.00538149632365, 27.238097403136074, 31.484890317711862, 42.01305286787525, 43.3207556835933, 53.07536982203146, 59.616155193878, 65.07584357454567, 67.36070507697048, 64.54395002505757, 50.78467323450304, 44.36180573899373, 41.70714807020758, 69.10164461228861, 62.520099942368276, 65.4902090122674, 70.58447736540438, 72.57074658886754, 77.50144778851013, 89.46006514719072, 92.80601130674576, 91.35453546302732, 87.7926925624195, 84.83340656639282, 80.40816547990597, 69.49234523551564, 66.79356992915011, 72.67449685669413, 79.61993943632223, 88.85253036925914, 86.73569566284947, 79.65861654686566, 76.9186239263519, 45.60398187753948, 48.3893141906383, 58.337321722536345, 70.52273782794512, 85.44177478471305, 96.75586151251007, 103.06885460730133, 114.27641130480553, 121.25448947744971, 128.5435036074038, 125.95322697660117, 116.8199141273679, 114.4535613763409, 108.01555967590129, 102.82828879229412], [15.051207926883206, 8.513282964169457, 0.0, 13.512183475052215, 9.57023042895128, 13.006740544734676, 17.476707081259068, 58.13351000742956, 64.0728576403148, 72.57564134753598, 80.60369014229154, 87.85761372760079, 81.00311573447152, 73.09908464568277, 64.58532006760517, 31.846589158360125, 26.436417801724684, 22.796770328306724, 21.263237442323806, 21.43243642868431, 15.691857579122338, 15.695842886968796, 17.010198197674885, 20.213332009111927, 28.53429345223072, 67.42564005555536, 74.22881824360009, 80.85160546217493, 88.96631277462357, 95.3868398232801, 93.6299900795472, 87.93405200928788, 81.5492164064984, 74.28988228351932, 68.27285150521575, 35.545235385570905, 38.527610033722745, 47.713093709834354, 45.93216969228383, 55.72680275210587, 63.10429816635511, 69.40071919597463, 72.05564030897027, 70.15268401103836, 57.60005998789849, 51.85527265455061, 49.9455019813513, 68.043607761936, 63.13290336162096, 67.93711449081154, 73.59113796590857, 76.27692494949348, 81.54818170485684, 93.404158291738, 95.74440825117813, 93.72059688781812, 89.5617818268527, 85.87990966974056, 80.44394999474851, 68.78178204135925, 68.29178117134543, 75.36305510718603, 83.1900163049973, 92.60514772164244, 89.61009821053864, 81.56993941531715, 77.68247211960802, 40.76424496054384, 41.619114819958874, 51.86900874228397, 65.12915073628021, 80.55871373729514, 93.30463663707633, 100.88690216158628, 115.16250468680059, 123.66732547587121, 131.4606050100723, 129.65257483667332, 121.11780995454163, 119.56886762488318, 113.91606696679352, 109.73042860248863], [25.86393597164334, 21.261811499853394, 13.512183475052215, 0.0, 11.323347153878709, 20.033316747215803, 25.382525879148698, 66.23445254367543, 72.65937042222839, 81.47432498435842, 88.97532295798383, 95.08836960449543, 88.68423497760524, 80.98532418384539, 72.4387372212138, 44.95560555146256, 39.47723429764877, 34.951916515438235, 30.40340086638745, 25.982207841120935, 21.651386468432662, 26.704468500197585, 29.812493493900007, 33.43836770199983, 41.402450177837466, 78.4888156055302, 84.9351886050695, 91.02354539915905, 98.17171031366935, 103.5486252869456, 101.87020195680932, 97.11884181723877, 91.41724843219433, 84.36475156038314, 78.56424548447357, 47.0725740823057, 48.398357104908804, 56.28999637118209, 49.490652202810615, 58.69646688548839, 67.32110997150971, 74.40437769330568, 76.73253303819958, 75.92367764556785, 66.2507930931951, 61.243069470181595, 60.538011850704045, 64.28592708898834, 62.681701091051494, 70.22992166216729, 76.3340172764686, 79.74855944271079, 84.95508201725148, 95.51616796363231, 96.84455557514194, 94.34137839468102, 89.57478666689356, 85.05006612160653, 78.19596302559397, 65.39344700750573, 68.91433834015768, 77.39369029503682, 85.66475889089467, 94.44257746577401, 90.56949360402788, 81.72563854867317, 76.3010530574661, 37.71906697297468, 30.36545809414529, 38.79997797551365, 53.471041509512446, 69.77328412505796, 84.73900100468705, 94.14555470109137, 113.32699875068616, 122.57191358602758, 130.49562650597204, 129.6980833177861, 122.13218027549068, 122.06674655087869, 118.13051062541331, 116.58865620052258], [18.09231468062042, 14.610669157315792, 9.57023042895128, 11.323347153878709, 0.0, 9.444560763440087, 16.23889895868307, 58.08820287963403, 64.82356183538238, 73.68908359021394, 81.34131235368207, 87.88030055625444, 80.75190956138213, 72.71240848984702, 64.252769771367, 38.007027452329, 34.360764169800376, 31.82149922761894, 30.800594984246, 29.99504961434565, 24.351897053605047, 25.101172728195472, 25.70482605156197, 27.30299100314257, 33.78267215816798, 70.75574321779725, 77.50077114267793, 84.05198425289558, 91.69760208413398, 97.45035437542087, 95.34645580982013, 90.07368818303279, 84.0290905476571, 76.6354613215713, 70.6818636882708, 37.91617145228378, 37.822926536545864, 45.07565715007667, 39.395290426742314, 48.95152398909888, 57.08482306827264, 64.04115307755286, 66.88552730628587, 66.13730931984024, 55.71685690049325, 51.344270472973456, 51.68668212092755, 58.80617199395727, 54.758288121611784, 60.837075810197135, 66.83471963211689, 70.07592457250603, 75.57585936212324, 87.40623856263393, 88.67357394318297, 86.19471710656396, 81.64467601805981, 77.54383699376578, 71.60134623306696, 59.662138822570164, 60.412369070318256, 68.27489953195311, 76.74088376579992, 86.42145405659707, 82.54379355413741, 73.7846095087378, 69.20335829594345, 46.67336147513779, 41.33112585782629, 46.0859554661211, 57.14602206152348, 71.84513041253513, 83.92583140905103, 91.45182690698552, 106.62277447366915, 116.48884867704696, 125.29624079128487, 124.8119727712002, 117.58231662168139, 117.28772289779184, 113.74623909476351, 112.0916492074868], [11.343579957770167, 11.622277819425028, 13.006740544734676, 20.033316747215803, 9.444560763440087, 0.0, 7.6209972862628685, 49.195422076511996, 55.99245267037881, 64.83383856443909, 72.54905520138705, 79.35533620357158, 71.91811148991785, 63.75689605003322, 55.35190822549563, 31.713595913367282, 30.442120920196036, 30.236065076589068, 32.226638573433, 34.08066772398858, 28.467661265632167, 25.99130948589009, 23.93129677213157, 22.73589279627831, 26.840036946734745, 62.144231400833995, 68.94277950462505, 75.6372445731626, 83.43773493537232, 89.35012321904948, 87.02895521397681, 81.51217751998165, 75.35404539743465, 67.83665268424106, 61.85672477224126, 29.069299095259574, 28.487162284864404, 36.58220176707966, 33.27560700139209, 43.000664441060664, 50.429847393273995, 56.661507655708974, 59.18860185756322, 57.72548781662896, 46.48138162211026, 41.9107612162452, 42.56532789597358, 57.482172387033366, 51.26411579134589, 55.2907298750862, 60.75244031859521, 63.31931347041742, 68.55392931028763, 80.69356813983184, 82.871329268781, 80.95013663860976, 77.01413289659622, 73.70499849881422, 68.93638002732197, 57.896739569026494, 55.916367347325966, 62.53552372235399, 70.19929905504956, 79.88258849361569, 76.78556108303574, 68.95332844303464, 65.65723867775218, 52.67450061806498, 48.95152239307906, 52.87906253742289, 62.10020663676585, 75.86213250615242, 85.84925627519006, 91.68074675523874, 103.09855274501014, 111.55278609667879, 120.11536283285764, 119.09536428420624, 111.53869136588243, 110.65587608492179, 106.86992811275297, 104.87434562637345], [7.523212092622339, 12.68203756260693, 17.476707081259068, 25.382525879148698, 16.23889895868307, 7.6209972862628685, 0.0, 41.956711471295485, 48.62573955113099, 57.47894710754243, 65.1759744794944, 71.99255541092202, 64.7358006744624, 56.678657166559574, 48.20121432043545, 27.97154498715818, 28.64630376051174, 30.064764891061913, 33.46855492158259, 36.528631100413904, 31.52196555478012, 27.78818777886011, 24.23025744060927, 20.9108969749571, 22.707864745627624, 55.28143039402263, 61.889133707610426, 68.3769051383319, 75.94978827879545, 81.75119469608141, 79.45908525127814, 74.05487173942268, 68.044224724815, 60.62105220121886, 54.72296926328477, 23.29928614538868, 23.80394116056492, 33.981355697569334, 32.94118216103688, 42.30092740477009, 49.1279219544528, 54.320663645359986, 55.75041097362861, 53.10082907639576, 41.53874788032959, 35.87872100569519, 35.859693515136755, 59.196667895309496, 52.17122171437319, 54.68117832572604, 59.41233131576236, 61.12190436754575, 65.61486431651625, 76.93250586816383, 80.54940225662983, 79.44412636542667, 76.22069349142063, 73.68123703471161, 69.77454723805157, 59.215201689191495, 55.93355915094048, 61.304001362750554, 67.52120980705155, 76.30058514192112, 74.39531006563092, 67.88257763016095, 65.68044100214412, 54.953992421346584, 52.21673567481709, 56.67120137910159, 65.58481085151338, 79.23188725629494, 88.46920108868447, 93.40159604150432, 102.8039498921611, 108.62622378390832, 116.07198214872942, 113.98847787379928, 105.64376315631485, 104.08432796757468, 99.62041092258161, 97.2959771993211], [43.2882883470537, 50.75632568223861, 58.13351000742956, 66.23445254367543, 58.08820287963403, 49.195422076511996, 41.956711471295485, 0.0, 8.170265987951861, 17.011033085996775, 23.68991543148713, 30.778304038172045, 22.927618573221032, 15.050662600144387, 6.588839360320298, 42.48649782692965, 51.4489675390051, 58.11349494089246, 65.50719875873317, 71.622035321008, 68.35559642716022, 61.88796674702575, 55.56980415980854, 48.10232672071762, 39.659199368817646, 26.577160831945577, 29.84718101321798, 34.09314780033879, 39.14458859707177, 43.561640191310254, 40.07449506005955, 35.231894792318435, 30.893606055403325, 24.419594234785187, 20.72557683719722, 28.73991174599329, 29.012442109156222, 36.85133350793056, 46.310962561543526, 49.16804453692096, 49.511505549916095, 46.89749967365106, 41.74547866966313, 32.01138499784466, 24.445132586130804, 16.74260616340664, 16.633476491354266, 74.30370165012212, 63.65273890421324, 57.13604936993934, 56.55141185643712, 52.897101235310096, 52.14510194458207, 57.83725851194203, 68.98495442771596, 72.47722166147854, 73.76675174172065, 75.9403060963418, 77.73017730769729, 72.53552139276424, 61.81251823015773, 58.85665560911264, 55.72465671870518, 58.564046001716044, 63.888754402024226, 65.89758939614556, 70.42462914704912, 88.31231079993051, 87.4159463934015, 89.65066839313606, 93.80718923416241, 104.01426813858775, 106.70936408952741, 105.54747808919441, 100.28801324657503, 93.0871807282572, 95.38632759431476, 88.34934810303317, 77.0544600812102, 71.43388139063387, 64.89400968573995, 62.328957787336165], [49.10710257765707, 56.40630454994343, 64.0728576403148, 72.65937042222839, 64.82356183538238, 55.99245267037881, 48.62573955113099, 8.170265987951861, 0.0, 9.129286015865972, 16.626668481771418, 25.2072130485945, 18.143964578160997, 11.89382049723763, 7.328787176744662, 45.422751103822726, 54.71343216299353, 61.72380131340886, 69.40857088731502, 75.96646376747682, 73.14167375469793, 66.3579345608764, 59.904127184541935, 52.36596096062437, 43.46347360606136, 21.22521799968389, 22.936080408843768, 26.28685548606727, 31.04656244785213, 35.92052383975442, 32.446001718735545, 27.118099474413395, 22.851091382623235, 16.872942658431484, 14.31998336972306, 33.329116938430516, 35.367761435349884, 43.22583431892013, 54.182641875668345, 56.81060038823833, 56.47644111398602, 53.088404763134754, 47.582398150569865, 37.26317618808484, 29.82928939196207, 22.320498266091843, 19.19808191276087, 82.24273551832704, 71.46872342978325, 64.30585072099821, 63.233229279303785, 59.04901849346451, 57.654552134161285, 62.177536116918766, 74.35596062954045, 78.43664608559278, 80.27496782459491, 82.92338476517365, 85.20430299338517, 80.4060178480153, 69.28441387879818, 65.60378333981919, 61.44169354175021, 63.15777883833295, 69.58781317079752, 72.65295105413293, 77.75388289356681, 92.31694131269641, 93.06501318216083, 96.59919886448795, 101.31934484527193, 111.71039985519315, 114.41422584114095, 112.97822738039436, 106.39932425747209, 97.06688237381154, 97.86321482116627, 89.27071150353163, 76.72495522264441, 69.42237915552012, 60.54368891881484, 55.43594229444069], [57.58347654225936, 64.73802246649726, 72.57564134753598, 81.47432498435842, 73.68908359021394, 64.83383856443909, 57.47894710754243, 17.011033085996775, 9.129286015865972, 0.0, 8.793567937710211, 19.406571283031347, 13.588877549239488, 11.498976046088018, 13.565810187611243, 51.789988146709874, 61.333663869824264, 68.62879630089493, 76.60920562809949, 83.5315166136828, 80.96996639488349, 73.89940905222494, 67.33300389018655, 59.75555277311277, 50.50517313470828, 19.700456514608664, 18.42257573168532, 19.73780582442215, 23.336344216508376, 28.40596435254269, 24.527563011345137, 18.53179795271873, 14.953810113332521, 10.89096603275187, 12.061171420527154, 40.78263263058119, 43.19066750524315, 50.09789463805585, 62.19515512416073, 64.16901769575693, 62.86823474709883, 58.46479083979561, 52.516681592511354, 41.820373891767794, 35.56678007033655, 29.31504856354802, 25.760804712916286, 90.04881853106643, 78.96018304505515, 70.79658310980929, 69.02004868695757, 64.17850645877633, 62.00447258808216, 65.30264140967572, 78.42528997416716, 83.16576806702672, 85.7060127112183, 89.00894974441103, 92.07008611850489, 88.0802780287055, 76.17447887135815, 71.4423341692112, 66.01932457178857, 66.56942245281226, 74.14944177674339, 78.49821319602457, 84.43134948683007, 99.70935695807212, 101.47767311706478, 105.45934341352469, 110.06933526644826, 120.19122155585664, 122.25910678021569, 120.10984842761596, 111.22551303439661, 99.73835689557721, 99.23550553816041, 89.34420623104532, 76.00212170540321, 67.12619634080778, 56.524544205548786, 49.27256443834845], [65.66527225829822, 72.93016075985564, 80.60369014229154, 88.97532295798383, 81.34131235368207, 72.54905520138705, 65.1759744794944, 23.68991543148713, 16.626668481771418, 8.793567937710211, 0.0, 11.302116175165688, 8.384778097098932, 12.634958079378855, 18.59088915043608, 60.554767593042534, 70.02965836253424, 77.23910245102375, 85.0227525775948, 91.71835462724083, 89.21828165124772, 82.37905828788551, 75.89479155402115, 68.36274225558496, 59.21942006799943, 26.805627263479625, 23.488518958388926, 21.76309496955288, 20.950074733109876, 23.01492387417566, 18.35191297906082, 14.973833073541158, 15.792894446920142, 16.055413804161823, 19.627509837606148, 49.35340249786119, 50.964276425900934, 56.79858204024067, 67.93871079002531, 68.92783144589109, 67.09884129062885, 61.832982387048204, 54.79567478190022, 44.03033731150532, 41.295961747093315, 36.521249502958604, 34.35860767666459, 93.8757094820062, 83.12581823726946, 74.44129848710666, 71.89771935648625, 66.4444988424752, 63.128936759247715, 64.03925592414686, 78.30142903884928, 83.8646199107782, 87.17467189352449, 91.14956976638811, 94.90009177003598, 91.70455890640272, 79.75608186375565, 74.06099095491706, 66.95196636589968, 65.53970191099087, 74.42768856232695, 80.34143857213661, 87.0308285762159, 107.17361039513952, 108.06437853721145, 111.09295534758633, 114.7849191784921, 124.21285874827788, 125.30205321805815, 122.27915143047909, 111.52244076306528, 97.01699263334984, 94.94257052894302, 83.91513514369503, 70.10933419126447, 60.33646548305445, 49.69955427048891, 43.99328016321498], [73.17939526182624, 80.61541208857977, 87.85761372760079, 95.08836960449543, 87.88030055625444, 79.35533620357158, 71.99255541092202, 30.778304038172045, 25.2072130485945, 19.406571283031347, 11.302116175165688, 0.0, 10.159715940512507, 18.21036232362116, 24.98744372657119, 70.2733858945324, 79.42038646990882, 86.26850373508822, 93.45857264242125, 99.49835600259446, 97.0220707231372, 90.8179257007498, 84.59425508621601, 77.22566585924858, 68.53808434628813, 37.90606262409175, 34.07271983580098, 30.678164545931264, 25.653868015095913, 22.184729648998406, 17.61851831838021, 20.449987607493288, 25.053359501139422, 27.043000030744924, 30.76978102300567, 58.49609916862998, 59.11685092958957, 64.20235475139707, 72.89083348086528, 72.85722568581824, 71.04404856089411, 65.27994579574909, 56.82622017105242, 46.45942470499238, 48.310592162448266, 44.70111669441234, 44.068429580415376, 95.38370679402227, 85.73092486906891, 77.21117019213202, 74.00181669145955, 68.12702123387596, 63.474013760530234, 60.7647239786067, 76.31625930733252, 82.80021031267205, 86.85394217754077, 91.40153551640287, 95.58834544893847, 92.9966393754885, 81.96105139749909, 75.61820379274766, 66.64285556416901, 62.42707992908592, 72.73295448186262, 80.34547378852837, 87.53616224036331, 113.62265897853878, 112.49193104862756, 113.84955492763591, 116.25637468730406, 124.79074600086855, 124.91864435226599, 121.10375464130672, 109.40686426637366, 90.85410803181402, 86.53344355943992, 74.10884277488671, 59.68492573525129, 49.332034960358136, 39.94183996038254, 39.93737431739149], [66.17521336855614, 73.63311287036237, 81.00311573447152, 88.68423497760524, 80.75190956138213, 71.91811148991785, 64.7358006744624, 22.927618573221032, 18.143964578160997, 13.588877549239488, 8.384778097098932, 10.159715940512507, 0.0, 8.61223168572705, 16.598897353127345, 63.3083487880809, 72.7695225236086, 79.82600813311423, 87.45225688372592, 93.76077311713014, 90.8433560993622, 84.27379367922319, 77.84919273203042, 70.28743484915748, 61.313673781955245, 32.83223906668466, 30.730499526407215, 29.96614252957564, 28.990880148439114, 29.242330155067553, 24.3728998746364, 22.86797542202241, 23.86533033079838, 22.957900124732095, 25.252526050482476, 50.49999570007879, 50.06928341552481, 54.37513029209399, 63.92376318790727, 63.916338856138665, 61.759561322035715, 56.02553118919698, 48.19790989465337, 37.57481329768514, 38.283563335387996, 35.25266544034975, 35.98704215085275, 88.10780958699678, 77.50548551974829, 68.48725314933014, 65.46475415922235, 59.718739007767084, 55.79204992199068, 55.809901666608695, 70.32657019787824, 76.16793903245032, 79.79708769654935, 84.10231823976659, 88.28612341652904, 85.79065022670734, 73.68589233037598, 67.4076455009267, 59.43884224678457, 57.36144725463501, 66.5991614603451, 73.18322224136193, 80.3105734487264, 109.35434091868507, 108.10819559557183, 108.97163183475298, 111.11109426350527, 119.53556280739983, 119.38651568681357, 115.58378451611684, 103.6183058761029, 88.79980178452578, 87.34751793591599, 77.28215224733584, 64.7294593014019, 56.36250193597935, 49.4501279248723, 48.89576142884666], [58.264665374733255, 65.71724788369893, 73.09908464568277, 80.98532418384539, 72.71240848984702, 63.75689605003322, 56.678657166559574, 15.050662600144387, 11.89382049723763, 11.498976046088018, 12.634958079378855, 18.21036232362116, 8.61223168572705, 0.0, 8.579669322232121, 55.96120848447547, 65.43138350091711, 72.46660714477703, 80.19197387371302, 86.52715324600253, 83.34287652141039, 76.68077589965439, 70.21693866984876, 62.6146714248036, 53.65995914892353, 29.365400086902497, 29.327013271060675, 30.912403978336766, 32.90055052659104, 35.26292887123734, 30.714554895340903, 27.182833555030903, 25.42440439333366, 21.699376037551705, 21.778527997541183, 42.449772138927315, 41.49218619834807, 46.00682107823833, 55.885900955058005, 56.43480431350351, 54.64531199696055, 49.557507672614335, 42.49359231706028, 31.7365079295474, 30.23644771718697, 26.74004101693438, 28.32901047238251, 81.58734500530679, 70.56159899388564, 61.837104226554565, 59.416114491490085, 54.16227035481812, 51.26325126559121, 53.82937558757387, 67.14215243971115, 72.17397440009837, 75.08525864524924, 78.80978243488153, 82.45966463719918, 79.40939361533488, 67.12830906029627, 61.584817660452075, 55.11589474359879, 55.127537110759576, 62.99555677239448, 68.10293275222274, 74.63935341374842, 102.89771425794075, 101.55498629309027, 102.39373955955912, 104.78235931194762, 113.509014075706, 113.84221858120998, 110.62125619806639, 100.11218675236422, 88.58586307928005, 89.16240447497826, 80.74617874847081, 69.18378254694477, 62.23626453002829, 56.247931719670106, 55.226035262663515], [49.78746868119418, 57.271155466042956, 64.58532006760517, 72.4387372212138, 64.252769771367, 55.35190822549563, 48.20121432043545, 6.588839360320298, 7.328787176744662, 13.565810187611243, 18.59088915043608, 24.98744372657119, 16.598897353127345, 8.579669322232121, 0.0, 48.63068926284597, 57.79514775314469, 64.58383181633212, 72.06029153786514, 78.18967513507032, 74.93870779130758, 68.46130587644322, 62.10939712751816, 54.600303534749315, 45.9786276037949, 27.710544223874884, 29.552259065217363, 32.67688428821573, 36.38392551432675, 39.8334240384364, 35.89311957390755, 31.68752695149915, 28.418006863593565, 22.910422881121026, 20.741740855596426, 34.850628418308396, 34.263648164137, 40.390458863878926, 49.76013791455472, 51.45698563369709, 50.86828044147966, 47.1035218945659, 40.88777782046006, 30.509476333033476, 26.082703113130545, 20.521140334134213, 21.735311739214897, 76.52153720856245, 65.7498019078744, 58.24310680267243, 56.802671604480864, 52.39836243066667, 50.63032914107963, 54.878862339611906, 67.06631273587898, 71.27070608470515, 73.28765573554928, 76.16422552285404, 78.7849147389349, 74.54414603448159, 63.16079909901109, 59.01488269269187, 54.30116941202416, 55.841777395565956, 62.32054757389092, 65.75016551258997, 71.19934936925056, 94.6310969205098, 93.23905571591777, 94.59319676659739, 97.79566435067366, 107.26690970625191, 108.8347044023469, 106.71759106014234, 99.19668644667163, 90.01621981025825, 91.59518742733754, 84.02456507793897, 72.6570553588375, 66.62595540854646, 60.564718500628715, 59.0787015884644], [21.90969860292243, 23.901459979417847, 31.846589158360125, 44.95560555146256, 38.007027452329, 31.713595913367282, 27.97154498715818, 42.48649782692965, 45.422751103822726, 51.789988146709874, 60.554767593042534, 70.2733858945324, 63.3083487880809, 55.96120848447547, 48.63068926284597, 0.0, 10.37114629927488, 18.56884146679429, 28.61325518371173, 37.71096190820845, 34.97021022925264, 25.649780107570088, 18.66783544233956, 11.91710235798359, 5.564807754425122, 40.229601334002425, 47.45489892258904, 54.98423217459298, 65.14527748555774, 73.94261281179429, 72.2732019184357, 64.52503063943963, 56.76200360872252, 49.62740521944562, 43.56684746825852, 16.375941234024413, 27.701019922086243, 40.102988059346174, 51.96043674448328, 60.50806511181267, 63.74716373719299, 66.40326989127162, 68.10124483307565, 62.5834692183124, 44.38433391388876, 35.92504915158494, 28.160885758752705, 84.33415733969774, 74.1912527881436, 72.30261722785875, 75.69944750886924, 75.73309045147974, 79.72139408965631, 92.04070384616521, 97.86398606171592, 97.79956135432055, 95.79571784099987, 94.6396819882939, 92.7606658614619, 84.09819057110421, 76.16463210785078, 78.71785213810278, 83.31760269601178, 92.04334990736234, 92.33099771156402, 87.83242924467278, 87.96570060722868, 59.44842210776397, 69.40737615876792, 81.46266913713394, 92.92542885162047, 107.0741473443419, 116.00272716951952, 119.8996836147738, 123.8071883167005, 127.47406714975271, 133.24309895983563, 128.18761703733284, 117.02618871751555, 111.62212525232022, 101.41065303565844, 90.53651292926396], [21.450480095016662, 20.108504334256835, 26.436417801724684, 39.47723429764877, 34.360764169800376, 30.442120920196036, 28.64630376051174, 51.4489675390051, 54.71343216299353, 61.333663869824264, 70.02965836253424, 79.42038646990882, 72.7695225236086, 65.43138350091711, 57.79514775314469, 10.37114629927488, 0.0, 8.313853807279749, 18.663116880619082, 28.198801934962805, 25.898529616157074, 16.391442463098272, 10.228261503817643, 7.805920416619746, 12.555401183467819, 49.88653409264205, 56.862112002728686, 64.04567579475375, 73.90220068474638, 82.49517523941101, 81.14638045207124, 73.74312379854881, 66.19607537845897, 59.29740895274593, 53.33870708602588, 25.15070282159491, 35.09419543397575, 46.923502971361856, 56.12047871776188, 65.35651126427551, 69.63980184115059, 73.35830540613699, 75.58347927544683, 70.82963931316982, 53.248743705760305, 45.19181063732279, 38.07910360598324, 86.49699450637168, 77.62481444962665, 77.50895843946707, 81.64072274126411, 82.42454215290769, 86.90942152619772, 99.36837494678187, 104.38643570463007, 103.75231715471443, 101.09839796603355, 99.17789475527172, 96.23764539805227, 86.60768778946685, 80.57832958046856, 84.4554194905436, 90.12675491428821, 99.18848757373111, 98.66526117945874, 93.0922973251808, 92.06892754085595, 50.531122569330094, 62.77776024528723, 77.22989459480816, 90.49640194490405, 105.52507566663776, 116.2578388337988, 121.5965242941274, 128.72426818462674, 133.81038506936065, 139.83816056998475, 135.1342381152931, 124.03876567658509, 119.07317994341248, 108.78289849756308, 97.89608059681014], [22.82540845454324, 18.880108993145615, 22.796770328306724, 34.951916515438235, 31.82149922761894, 30.236065076589068, 30.064764891061913, 58.11349494089246, 61.72380131340886, 68.62879630089493, 77.23910245102375, 86.26850373508822, 79.82600813311423, 72.46660714477703, 64.58383181633212, 18.56884146679429, 8.313853807279749, 0.0, 10.556704566838508, 20.295448084635286, 18.407720613536405, 9.24807808967642, 6.35678757718189, 11.123091308283547, 19.76214218521841, 57.75309713801784, 64.56765106391022, 71.48289334315058, 80.98490611484512, 89.2591608817944, 88.0921129875743, 81.05369159179595, 73.74223673002756, 66.95680269926022, 61.04643323715418, 32.14851272002371, 41.04403154235724, 52.41514497862805, 59.24140818666716, 68.84371887133189, 73.95658106070294, 78.44402868309002, 80.93256643178977, 76.77497614024628, 59.93475121576412, 52.16267292162123, 45.63314249068217, 87.48400383254719, 79.81328310133499, 81.15414784123561, 85.8061246496578, 87.14999653711114, 91.9358538124713, 104.32275454746235, 108.719184998249, 107.66871998007726, 104.52750539938309, 102.01854809986243, 98.23080561700917, 87.85780825871207, 83.51530135763399, 88.40185017140352, 94.79718671828417, 103.99196686638548, 102.8513765924866, 96.50301156591114, 94.56275098208842, 43.11795113739234, 56.790010384980505, 72.97822327678665, 87.58539522462334, 103.23242469045039, 115.38588042911329, 121.87287907609385, 131.6817008643665, 137.75554287387038, 143.96519383903043, 139.6198008155786, 128.6953313385359, 124.2242786428463, 114.16353290675916, 103.76056543485697], [26.867716705644064, 21.174841926623845, 21.263237442323806, 30.40340086638745, 30.800594984246, 32.226638573433, 33.46855492158259, 65.50719875873317, 69.40857088731502, 76.60920562809949, 85.0227525775948, 93.45857264242125, 87.45225688372592, 80.19197387371302, 72.06029153786514, 28.61325518371173, 18.663116880619082, 10.556704566838508, 0.0, 9.998323586874601, 10.041691782755036, 7.1311518438541155, 12.22942253503423, 19.419550087927476, 29.089482839019436, 66.74433955361057, 73.26314125718513, 79.70954416213344, 88.5647478308129, 96.26339895326056, 95.3638468311966, 88.9480909452051, 82.06922902416972, 75.49716436489439, 69.70613206128368, 40.91779212159985, 49.0129089895801, 60.190479926996446, 64.08794525722149, 73.9006969263508, 80.0002886097028, 85.18183805306647, 87.57208184938717, 83.9029688399975, 68.2744913385079, 60.5734213785636, 54.44624635900811, 89.115789539527, 83.2068481899426, 86.28409933993764, 91.39150733760818, 93.2411275798396, 98.1163150659392, 109.88264577333985, 113.85220555960258, 112.50071661314716, 108.91526110180607, 105.8114152130156, 101.04305788077063, 89.74929598866542, 87.71208035033152, 93.63891942353304, 100.48333925988152, 109.39138853132452, 107.78097633710965, 100.82245369654133, 97.87586241876777, 32.88512610243745, 48.42325815265161, 67.17641424536964, 83.61024229230759, 100.08982494986157, 114.13473757841713, 122.05029339980342, 135.30196907978467, 141.74107888049303, 147.73721784205557, 143.57956604333916, 132.72138272698214, 128.81653327942672, 118.99112593042064, 109.39807521284948], [31.130312463026037, 24.776375237800263, 21.43243642868431, 25.982207841120935, 29.99504961434565, 34.08066772398858, 36.528631100413904, 71.622035321008, 75.96646376747682, 83.5315166136828, 91.71835462724083, 99.49835600259446, 93.76077311713014, 86.52715324600253, 78.18967513507032, 37.71096190820845, 28.198801934962805, 20.295448084635286, 9.998323586874601, 0.0, 6.218448913996559, 13.602789571991213, 20.206864498043878, 27.43361763903465, 37.400918588866176, 75.05207931815126, 81.38879757842655, 87.49502148025914, 95.72445029036896, 102.76405003286331, 101.96996290801219, 96.16742662363757, 89.7065009373501, 83.21589046428609, 77.49146394267197, 48.38780797196053, 55.38421156679465, 66.13792269205776, 67.11312240665751, 76.94276700577755, 83.92800573736272, 89.74746157817813, 92.0501406114686, 88.99059039006426, 74.75264715856729, 67.34436581995695, 61.992676311354124, 88.63730720028708, 84.503234363569, 89.22775007124586, 94.72724993981407, 97.0732895519896, 102.02324624878393, 113.17945778069226, 116.5830314092283, 114.90944733622571, 110.89985100854118, 107.2349479695495, 101.55977039254142, 89.5077750310746, 89.72158090287915, 96.60396959079463, 103.87102924436924, 112.51752335498206, 110.36224394605114, 102.81474755824479, 98.90722568224486, 24.047599668651877, 39.60618214318843, 60.1727407137024, 78.00934786617346, 95.06453517613696, 110.70815338053212, 119.88821852074543, 136.3540843347506, 143.29951791650106, 149.28586803284998, 145.59807059221063, 135.1300009116205, 132.04305554692388, 123.00803619664443, 114.88652749581352], [26.49727039249234, 19.598190378351596, 15.691857579122338, 21.651386468432662, 24.351897053605047, 28.467661265632167, 31.52196555478012, 68.35559642716022, 73.14167375469793, 80.96996639488349, 89.21828165124772, 97.0220707231372, 90.8433560993622, 83.34287652141039, 74.93870779130758, 34.97021022925264, 25.898529616157074, 18.407720613536405, 10.041691782755036, 6.218448913996559, 0.0, 9.870641837078374, 16.597532448182687, 23.83524449889705, 34.012579269542655, 73.01947959208424, 79.61571496546661, 86.02371023690114, 94.43778207531184, 101.48545991877066, 100.38412210729636, 94.43811886855244, 87.84780577047222, 81.05498160749437, 75.17161196573927, 44.47982448189194, 50.524410481031815, 60.71703092851481, 61.27869328394709, 71.13484768684492, 78.13519610239209, 84.15069586447188, 86.78569025235609, 84.12050979612921, 70.01807434172547, 63.125859505596644, 58.653549885382745, 83.12525630200801, 78.66495937644972, 83.3800627504716, 88.98477059260293, 91.49402221222566, 96.67109394165418, 108.3234704134974, 111.25387158758795, 109.37084329140579, 105.24775940305857, 101.51711959521676, 95.88978413639174, 84.00779312749572, 83.89856869726206, 90.8879323935648, 98.51901592201266, 107.61997395328267, 105.09674359066561, 97.25485306636726, 93.30551318271226, 28.93824208375683, 40.133703813350635, 58.0416543619429, 74.7346496017328, 91.32680797420257, 106.18325433265603, 114.96992022301924, 130.776143565826, 138.6649805677473, 145.39789914776722, 142.36664208002614, 132.5058569521607, 129.83288949198692, 121.71540622835107, 114.48234410689872], [21.505984424405064, 15.171431771658831, 15.695842886968796, 26.704468500197585, 25.101172728195472, 25.99130948589009, 27.78818777886011, 61.88796674702575, 66.3579345608764, 73.89940905222494, 82.37905828788551, 90.8179257007498, 84.27379367922319, 76.68077589965439, 68.46130587644322, 25.649780107570088, 16.391442463098272, 9.24807808967642, 7.1311518438541155, 13.602789571991213, 9.870641837078374, 0.0, 7.155028695396483, 14.929535076381319, 25.144650319545157, 64.77357162472724, 71.61393771399675, 78.42173260277173, 87.46399076085078, 95.12691020457103, 93.85083509094925, 87.29164621452198, 80.27605641057437, 73.32731676535764, 67.33797438505853, 36.36707091705346, 43.278866568254315, 53.82268535862463, 57.36339741527531, 67.20759399370273, 73.29862749113794, 78.70487265038362, 81.49702249698889, 78.29646328480062, 62.79108778403325, 55.72147378048479, 50.728082855430486, 82.86835478943777, 76.54049846576702, 79.54870343334233, 84.76980456023387, 86.80342173385283, 91.9488388973686, 104.3055156876537, 107.71819141596389, 106.12553048155361, 102.41542393688786, 99.2477580903961, 94.5596505712928, 83.50472488266341, 81.03184553070386, 87.0554486940444, 94.32064440088378, 103.76495380915235, 101.72406588528457, 94.43411524763326, 91.46201629640969, 37.45164976388555, 48.93996666789045, 64.89534137268599, 79.97985849382935, 95.86318166081618, 108.97077387078225, 116.41147395353944, 128.87527969538033, 136.396010368214, 143.25675980754903, 139.88104025180286, 129.7578504092853, 126.37439821730597, 117.69027270951064, 109.26591144415237], [17.28865028023547, 12.689761042013357, 17.010198197674885, 29.812493493900007, 25.70482605156197, 23.93129677213157, 24.23025744060927, 55.56980415980854, 59.904127184541935, 67.33300389018655, 75.89479155402115, 84.59425508621601, 77.84919273203042, 70.21693866984876, 62.10939712751816, 18.66783544233956, 10.228261503817643, 6.35678757718189, 12.22942253503423, 20.206864498043878, 16.597532448182687, 7.155028695396483, 0.0, 7.867417861394357, 18.024021060291098, 57.97461881984653, 64.94256757500882, 71.9476844658023, 81.22905905469273, 89.10194225655145, 87.66706818698158, 80.85168593545178, 73.67319127478933, 66.60755608733433, 60.560232453794164, 29.46629196974916, 37.02864042407258, 48.10037623077106, 53.491442559125, 63.18726604040336, 68.68921772365154, 73.54664625207067, 76.15214111908125, 72.49148202174999, 56.36691401538109, 49.07384892291437, 43.81188915161733, 81.17651132557296, 73.72949862670328, 75.53886407337268, 80.37993344911892, 81.98095287834867, 86.92228833559564, 99.40594633112894, 103.32891331723377, 102.06961326651712, 98.74461268279369, 96.05547195340542, 92.06663648933561, 81.58117234574443, 77.6227625041378, 82.85840198351147, 89.58729912657178, 98.98131123095206, 97.4220736934723, 90.72705435429849, 88.5111338220358, 43.50275668788563, 53.80169544890482, 68.09103154085203, 81.9296330260222, 97.29441288056532, 109.12847203499742, 115.55339487179069, 125.7222601685288, 132.4404100467626, 139.1856205906758, 135.52923075199806, 125.26648233059059, 121.50726609005812, 112.68624612072229, 103.97370688173116], [13.794474498829342, 12.892898460319115, 20.213332009111927, 33.43836770199983, 27.30299100314257, 22.73589279627831, 20.9108969749571, 48.10232672071762, 52.36596096062437, 59.75555277311277, 68.36274225558496, 77.22566585924858, 70.28743484915748, 62.6146714248036, 54.600303534749315, 11.91710235798359, 7.805920416619746, 11.123091308283547, 19.419550087927476, 27.43361763903465, 23.83524449889705, 14.929535076381319, 7.867417861394357, 0.0, 10.257597219200123, 50.600515231583664, 57.6786646730961, 64.83919891756429, 74.23417934806358, 82.17805514193714, 80.54345554881395, 73.57018813963212, 66.3086441381823, 59.09991576380797, 52.9918586083651, 21.691305060952768, 30.125017783629957, 42.02212368853228, 49.2378762020091, 58.63340887317321, 63.519643377201824, 67.69314650972062, 69.88698424493799, 65.66378042736993, 49.1140625711375, 41.47022522628053, 35.96547229518249, 78.87015824890725, 70.39060145913147, 70.92320402189307, 75.27619865861243, 76.34625922125728, 80.9430353131836, 93.3184031864839, 97.89386475752907, 97.07061249790105, 94.21560684195035, 92.08600952982718, 88.86287951063792, 78.99577622190282, 73.59046778700304, 77.90642735921828, 83.8715952476996, 93.01880454105662, 92.06598728292731, 86.14230293008389, 84.77416200654423, 49.87808763838574, 58.44956763751644, 70.82888258696751, 83.26387674542033, 98.02624599121617, 108.49557894511084, 113.81983521192066, 121.62361472601266, 127.16868292995984, 133.6681876432593, 129.69593320445804, 119.31694561425773, 115.23888690813004, 106.44482762344803, 97.79230842978986], [17.152394902745247, 20.20600909093731, 28.53429345223072, 41.402450177837466, 33.78267215816798, 26.840036946734745, 22.707864745627624, 39.659199368817646, 43.46347360606136, 50.50517313470828, 59.21942006799943, 68.53808434628813, 61.313673781955245, 53.65995914892353, 45.9786276037949, 5.564807754425122, 12.555401183467819, 19.76214218521841, 29.089482839019436, 37.400918588866176, 34.012579269542655, 25.144650319545157, 18.024021060291098, 10.257597219200123, 0.0, 40.923424724370804, 48.20306009395766, 55.68448840328884, 65.4457637131671, 73.71657973191871, 71.81832939697003, 64.4172428677319, 56.89570646884059, 49.50800831444177, 43.322294107319266, 12.60261295515422, 23.293688509763946, 36.11002685334944, 46.792919186421805, 55.439186261826904, 59.069337438156644, 62.01562799283714, 63.66204038676207, 58.477447625742684, 40.91626885212074, 32.65701628159358, 26.213652026898828, 78.86671552850241, 68.9039588421516, 67.35953858080958, 70.88551737231799, 71.08870272287855, 75.14874178462041, 87.43915186682874, 92.98791986619958, 92.81237082556129, 90.69015952624434, 89.42124526156104, 87.39607162546251, 78.61673856877363, 70.99037818021255, 73.78867441003949, 78.56010909435255, 87.36028245974545, 87.36920811814142, 82.65997366505395, 82.61212407130672, 59.113378031635314, 66.71065919214038, 77.25008624400627, 88.01280820244638, 101.90114987652056, 110.54382343705824, 114.35713774129299, 118.6050498645029, 122.55067092389608, 128.66465954679842, 124.13190462826809, 113.48662638167595, 108.72947728686955, 99.64136275411123, 90.47419177628923], [53.041389262094796, 59.010409607633946, 67.42564005555536, 78.4888156055302, 70.75574321779725, 62.144231400833995, 55.28143039402263, 26.577160831945577, 21.22521799968389, 19.700456514608664, 26.805627263479625, 37.90606262409175, 32.83223906668466, 29.365400086902497, 27.710544223874884, 40.229601334002425, 49.88653409264205, 57.75309713801784, 66.74433955361057, 75.05207931815126, 73.01947959208424, 64.77357162472724, 57.97461881984653, 50.600515231583664, 40.923424724370804, 0.0, 7.718972717415835, 16.236832016860614, 27.59913480520494, 37.79247501766933, 35.627984221071515, 26.175560674326977, 17.528541631837744, 11.321505628272947, 7.711848753117634, 34.23571797615579, 40.917791565256465, 49.77530507970986, 65.9248131294657, 69.9850209794033, 68.988177443687, 65.98055880881842, 62.96103312259017, 53.12956789049603, 39.31410985395475, 31.02321404512924, 21.31798398660326, 98.058341473186, 85.9824833016625