{
	"dissimilarities": [[0.0, 7.311079492626032, 15.91770074786044, 25.66452653302053, 16.99972690872338, 10.674462509582671, 7.595388562208124, 45.18132926288994, 51.19384339807536, 59.528554633584555, 67.78476329531829, 75.43810675714465, 68.11076051476687, 60.05835807186664, 51.474117329653716, 20.1406058857018, 18.779444857362662, 20.811790568891087, 24.87437145180776, 30.041587939221724, 28.066751673687886, 20.417938678614195, 15.81784761472388, 11.465799715727549, 13.90728448877929, 51.9164215086056, 58.88994319774321, 64.51528482109114, 73.09042827289747, 79.81255980636456, 77.93177200775277, 71.93966659426756, 65.02593134854662, 57.81939646224876, 51.7451308312062, 23.02686998764663, 25.376771086315376, 36.57894021356231, 39.44835430302065, 49.07081391703761, 56.134579087600855, 60.58203047718207, 62.461262637196675, 58.93045801834424, 45.6620443252375, 39.192443013752985, 36.33320929628212, 64.10034922499169, 61.993693958733985, 63.859192166843364, 67.29925787338163, 69.96561487592083, 73.93044705335726, 83.17611355997333, 83.9126206843075, 82.90804700850957, 80.55567841381753, 77.12289595928851, 72.36125048717159, 64.33925910801531, 66.88429856347695, 70.51644784929806, 74.22957553422503, 81.28133861832035, 75.01420968502087, 71.29193219151833, 67.78605163024669, 54.94201114388182, 57.71738984155026, 65.56837240741537, 75.40513510396106, 89.11267656101529, 99.52536518884651, 101.04753088023281, 106.7637154204029, 116.94419507114702, 120.20222617678637, 116.45623287317372, 109.87081700441124, 105.57768422218258, 98.19296397326573, 97.58429160378903], [7.311079492626032, 0.0, 9.360752819381677, 20.158199254175706, 11.776607469677717, 8.61722421710431, 11.181185853081457, 52.44709571425319, 58.493974458380485, 66.82836195906764, 75.08917632303397, 82.71040743119305, 75.38315194913575, 67.2999199959025, 58.73651434268036, 23.675696373309677, 19.1814319878165, 18.362472746157607, 20.220097908036504, 24.63822717096661, 22.19513789525037, 14.993470113763356, 12.435615994982918, 12.027312709916911, 18.592562918799818, 58.76995415717654, 65.81495086870649, 71.52434998135341, 80.19551132355417, 86.98180408093914, 85.16854535736006, 79.1483061965028, 72.19364093777486, 64.9705774689492, 58.86652843470289, 29.436202061606654, 31.08647828266928, 40.82040342440328, 42.07459826146128, 51.8144381239492, 59.48649787973407, 64.74941991699248, 67.38130685535937, 64.69466493731865, 51.496080222865864, 45.667352551196856, 43.21842661459905, 64.88810598560622, 63.57326084881729, 66.57753846415393, 70.53080355778545, 73.89374751280928, 78.32245769540506, 88.03452212717194, 87.96879304117279, 86.32056691006761, 83.33908320919953, 79.2665014688139, 73.91270564243459, 65.48383253866871, 69.13574842193805, 73.5989577459697, 78.03065622868536, 85.9850792825889, 78.77565081869594, 74.33915019452184, 70.00548552914125, 50.68649331899548, 53.824013130752675, 62.280029500333775, 73.20381565080788, 87.17424359645676, 98.62833113807513, 101.17126921319311, 108.92013386342543, 120.99921115697205, 125.08914575379397, 122.07426873456966, 115.94485768877912, 112.16100727449489, 105.0867013094898, 104.43392137359467], [15.91770074786044, 9.360752819381677, 0.0, 11.221956504948412, 6.42266545253067, 11.19551254677279, 17.110497569308404, 60.25714826172212, 66.47352961043092, 74.8814155794396, 83.01496691538158, 90.08826725521924, 83.0588353161911, 75.04429459240049, 66.45142375682134, 32.35993402268161, 26.052467085125507, 22.093429871734468, 19.308183533298624, 19.975647428534707, 16.418352445185263, 14.372638435341683, 16.815709783928504, 20.011797353842177, 27.77741428766785, 67.72227900078636, 74.6395904595188, 80.17362381379392, 88.45184408803374, 94.82485107279149, 93.15592427702423, 87.47152674170233, 80.72985124428195, 73.6031551878505, 67.57975509313277, 38.645327697114254, 39.286062703898146, 47.825369480128565, 45.684206108026444, 55.34661387833197, 64.10126895535153, 70.05717151866256, 72.85986431744433, 70.92585481173204, 59.34197293249441, 54.10053583485004, 52.203005098697425, 64.94796250379919, 65.06165279183047, 69.80926362935504, 74.29056517613544, 78.28967505198793, 82.89448420997344, 92.42892555859255, 91.71172692205566, 89.49859100144478, 85.79045058386488, 81.07491498381029, 74.95910743141906, 66.03858966158649, 71.41837462077022, 76.9558073878861, 81.97911217427853, 90.30749863767747, 82.62252772596706, 77.57992380546068, 72.1847857039199, 44.89550484654322, 45.96305612420608, 54.56043710688334, 66.72218519627138, 81.28244885592554, 94.20085149331565, 98.4537309775953, 109.81461656756343, 123.04249177129958, 127.8730938918504, 125.69425158726186, 120.1352478257481, 117.23438289671579, 110.9697198106394, 111.17340845276392], [25.66452653302053, 20.158199254175706, 11.221956504948412, 0.0, 11.26128795585021, 18.88207286757354, 24.88524876557405, 67.42316445758956, 73.80963855326812, 82.24519273292866, 90.10357700016887, 96.27049719636014, 89.75276640209383, 81.93014150837, 73.38780197552892, 43.181224792547845, 36.54068158646467, 31.32616258212887, 25.61140857961065, 21.636922525270066, 17.52376739262425, 22.273952405373436, 26.98789051077095, 30.900515716924023, 38.45575312046672, 76.88579977489553, 83.53541389992893, 88.71962746553181, 96.28417718139607, 101.91400200205526, 100.40151754459974, 95.29301427907136, 88.94433974611493, 82.01282557803837, 76.17098968321221, 48.534265873441356, 48.14290538462259, 55.83950123680405, 49.879293137088005, 59.141755254908716, 69.00619569189138, 75.34154969416738, 77.79160771381387, 76.44059512497822, 67.4137107066947, 62.68851597923185, 61.42253051322133, 64.52645454683395, 66.35756490656657, 72.94412809223759, 77.80354458155928, 82.21677657954316, 86.68132995239554, 95.45487881486804, 94.33045123698736, 91.7460477354884, 87.39980124913592, 82.21524398099308, 75.4024667825266, 66.12210450001416, 73.36510011586488, 79.90440766537907, 85.2415085875809, 93.35863916569538, 85.74429443625931, 80.35974206572696, 73.97716932247857, 40.684865061812424, 36.08610262039477, 43.76328149977642, 57.1235786941044, 72.52905684240993, 87.0620947437057, 93.39703611903626, 109.15661949222286, 122.57440885351447, 127.94609238176447, 126.6137550568478, 121.7118180659016, 119.94924716054005, 114.932843992518, 116.71390623233424], [16.99972690872338, 11.776607469677717, 6.42266545253067, 11.26128795585021, 0.0, 8.243624718146501, 15.27368766969542, 59.204996508655704, 65.72364873813167, 74.1866167392518, 82.20289373141708, 88.96009934271106, 81.84375736549849, 73.72496382621487, 65.29731063339388, 35.36705961389773, 30.500277672144215, 27.760836348339403, 25.70419157905051, 25.978756231394257, 22.170142565552478, 20.603215248933793, 22.033074194118846, 23.670396658311784, 29.955559260567995, 68.47569552252097, 75.4000012329064, 80.88833992575005, 89.0770372986572, 95.20015134591743, 93.25956501682325, 87.64787256766992, 80.92785854447851, 73.743016439442, 67.73031494597075, 38.89437094312622, 37.50554647379171, 44.78739467700703, 40.45074752104828, 49.9902193699933, 59.208848945283854, 65.46429456485453, 68.409473891119, 67.14413995591902, 56.849089944057816, 52.51035407878355, 52.093926745716196, 58.61919492622413, 58.99664953676411, 64.25569136597088, 68.91375843675169, 73.17801487022075, 77.8942808732329, 87.50952044926221, 86.34543056266953, 83.8665640228715, 79.91792114500372, 75.03524979199304, 68.76713591048062, 59.7765952238884, 65.5344424707963, 71.40633254644489, 76.66313643826264, 85.30871753263226, 77.26382253132373, 71.9847053036397, 66.26739219879528, 49.58058526175824, 46.880699929047026, 52.08707129758664, 62.641951772320844, 76.363287896231, 88.55529665666081, 92.303283833915, 103.5887988772232, 117.6327449948662, 123.12307487992219, 121.72771397497874, 116.90008906667295, 114.90087725079944, 110.0875475936738, 111.88810779196261], [10.674462509582671, 8.61722421710431, 11.19551254677279, 18.88207286757354, 8.243624718146501, 0.0, 7.3943903613716495, 51.4086350953652, 57.942937618003164, 66.39023872860189, 74.45325804329642, 81.4740607152969, 74.1250829147428, 65.91696120490668, 57.540832186428105, 29.850117469296364, 27.208002388960697, 26.972514266141264, 27.88641248032029, 30.48777200149762, 27.281860995554716, 22.56075339919006, 20.97600002372373, 19.684722755666485, 23.700150379563272, 60.776402724904095, 67.7443344021648, 73.29073699430036, 81.65506099208194, 87.93365209113692, 85.79696417664711, 80.00815164377171, 73.17864168504681, 65.92480944448108, 59.8814001441979, 31.052703711445563, 29.354471227744607, 37.39819139846811, 35.05610598293578, 44.79855625617288, 53.32862491416914, 59.008947193221495, 61.67820487249973, 59.85200111606158, 48.83296438144385, 44.275246190565234, 44.056689729661265, 56.53675715478072, 55.639536022688944, 59.434199395908756, 63.64407383501913, 67.35192689858462, 71.87058311844928, 81.55365719172151, 80.96033900935461, 78.9954429943407, 75.67741396225733, 71.39192293702173, 65.79599529853657, 57.22353512377719, 61.477171850700984, 66.44573019011598, 71.16162122100859, 79.41433851405101, 71.83900254812177, 67.11061337556431, 62.29383466097398, 55.00309723353908, 53.25196023601536, 57.8705541529784, 66.9129800030949, 79.95102912418808, 90.58112130967504, 92.64727910222592, 100.67835338260666, 113.553673183384, 118.45669369094693, 116.46859124076555, 111.3039236158968, 108.80852205345819, 103.78004827224765, 105.50640399350519], [7.595388562208124, 11.181185853081457, 17.110497569308404, 24.88524876557405, 15.27368766969542, 7.3943903613716495, 0.0, 44.05798367630841, 50.57222339288506, 59.02447878681966, 67.08437932108376, 74.14207502389932, 66.80281439914185, 58.62422114941635, 50.20208780180889, 26.514501374093193, 26.217761816887208, 27.988757028671102, 30.810676011393596, 34.50719937357615, 31.846138392416837, 25.963011147324295, 22.55535963866872, 18.75987550672562, 19.7304340095653, 53.88648182066303, 60.743063045657706, 66.17820823454315, 74.41196094277599, 80.61663760892695, 78.43725574941152, 72.69274662677378, 65.92537717826335, 58.712370958514796, 52.721387491604716, 24.920629672010474, 23.636153118594027, 33.37336980476311, 33.002025207191366, 42.68234837977922, 50.516497029974566, 55.272847795492474, 57.08501709940752, 54.252490898452066, 43.08887974908749, 37.81550517292119, 37.23029352481236, 56.80604875529099, 54.975525498186414, 57.42507491683426, 61.04856350057611, 63.95813007168765, 67.95902192456448, 77.137473548298, 77.48270608622181, 76.25930950518048, 73.66182675267036, 70.1052280172014, 65.18593228935096, 57.07794289457855, 60.03600517848717, 64.04245542260563, 67.93959556087161, 75.17180688814983, 68.66710353879255, 64.75299590900975, 60.8938757889707, 58.44950960615198, 57.18772882103451, 61.86690524709607, 70.02973471771399, 82.91669604442724, 92.53430339203612, 93.57934976082335, 99.42315111567045, 110.11854288211778, 114.0416546765703, 111.16830376673661, 105.42273040379212, 102.29309130013762, 96.79935336450893, 98.44091340708152], [45.18132926288994, 52.44709571425319, 60.25714826172212, 67.42316445758956, 59.204996508655704, 51.4086350953652, 44.05798367630841, 0.0, 7.041207468180865, 15.290686838256839, 23.09248895838647, 30.85224610840107, 22.959948407494537, 14.941679499945145, 6.340268602422691, 44.092127363356404, 52.73405424948278, 59.73854447882062, 66.79022651772551, 72.58850851184069, 71.46379341597888, 63.94136793104589, 57.58925386015298, 50.02158048406006, 41.130175271273146, 22.675382056504674, 25.844911749962797, 28.792456964674965, 34.7506349901127, 39.74275875878113, 36.39004309561851, 31.124796485567852, 25.47389537485443, 19.642998120006755, 16.204337065892762, 28.71615169868057, 29.803108128656547, 37.47809998940443, 46.9251318623173, 50.74168893391632, 50.96350176886111, 47.84295241154639, 42.817061242785584, 32.54987106271204, 26.69343714082722, 19.501780586787685, 17.740022964579808, 71.95413756437152, 65.8518871067173, 60.150286166134414, 59.14812731835856, 56.05684965911262, 55.448613759739914, 59.19547663083372, 66.0722221487834, 69.95843683457099, 72.42457028128365, 73.87266341252784, 73.8194256098327, 70.11801193565668, 65.3140804405466, 62.53078554111829, 60.213537761792246, 58.86623498230506, 61.114416613246654, 63.35482952327094, 66.18443963313955, 92.25540412180086, 92.03597466557939, 95.24198004353435, 98.4048335749457, 108.7118009470044, 112.12757242879461, 107.26252375014347, 99.17782726344679, 95.89856246173396, 93.14642734746562, 84.39377964866031, 74.9873500170969, 67.11147355368333, 58.920474909460204, 61.06836658697569], [51.19384339807536, 58.493974458380485, 66.47352961043092, 73.80963855326812, 65.72364873813167, 57.942937618003164, 50.57222339288506, 7.041207468180865, 0.0, 8.470614837583454, 16.610234016924778, 25.327710055449014, 17.469814070377083, 10.4235754688069, 4.408615698058634, 48.23273630668969, 57.22851447642977, 64.48633713537012, 71.86194464172924, 77.90874377395514, 77.0312327647885, 69.32836954801124, 62.80984184738757, 55.20438458538414, 46.04753163364192, 19.61001625380627, 20.912726877407284, 22.779845552758562, 28.018076580431234, 33.005653747938766, 29.476916293475647, 24.134176594406135, 18.82203473927625, 13.88708764482852, 12.355268783394962, 33.61572294895377, 35.79316866165436, 43.00926087587967, 53.45397497913681, 56.774013107145315, 56.1150316575124, 52.19794846111897, 46.64950776850415, 35.8835410301099, 30.701086172856, 23.976331893474843, 20.92901891010386, 78.19181188462062, 71.81599083107318, 65.40682865246706, 63.91336241871447, 60.17400811841636, 58.97257647295428, 61.74453804414984, 69.4631629332088, 73.96616124989268, 77.03827168401499, 79.019556523289, 79.47148828931911, 76.22267146177717, 70.77300145508987, 67.28604502000245, 64.27050108946307, 61.71683554128201, 65.1763066393704, 68.11476586895051, 71.63335341157779, 97.00456835443703, 97.74523695069037, 101.5766179240442, 104.77720357803842, 115.09746539323352, 118.19427035716949, 112.97148110527507, 103.50059624369435, 98.17526161878914, 94.13482779944485, 84.12549947990453, 73.78573080546082, 64.42671589339642, 54.51153123919814, 55.278452507010456], [59.528554633584555, 66.82836195906764, 74.8814155794396, 82.24519273292866, 74.1866167392518, 66.39023872860189, 59.02447878681966, 15.290686838256839, 8.470614837583454, 0.0, 8.431290898899409, 18.49290892051956, 10.726904567297781, 7.369787674668519, 10.180077519127346, 55.44623911607215, 64.70464666363621, 72.15200024016369, 79.7410307121495, 85.929060111439, 85.18078789998631, 77.37284350473504, 70.7422321065093, 63.10429937253051, 53.77772272689995, 21.066819241006915, 19.38246428056309, 18.950028388118394, 22.01847820479172, 26.25018456799725, 22.071678427719107, 17.039570968036724, 13.276685111529346, 11.691554605744097, 14.154512338525304, 41.19637214384357, 43.42838087320996, 49.505692630325704, 60.40754439321189, 62.87679052001908, 61.12702255827733, 56.19598132065486, 49.93105061478068, 38.87071042899775, 35.64277115746565, 30.24945964813101, 27.61357515165485, 84.31912120483852, 77.58506397189063, 70.27621665090305, 68.12674452059235, 63.5629910200087, 61.56658238112486, 63.028470686597196, 71.70046042351194, 76.96293550802568, 80.81171847630311, 83.5205763138476, 84.690113890643, 82.14760461771513, 75.81028135138294, 71.40631084604776, 67.47429079319689, 63.37469517167612, 68.36732297228644, 72.22066393623857, 76.64146012110375, 104.55645486785659, 105.59055637999998, 109.35649507482303, 112.06909585893922, 121.99785509664548, 124.28650358065576, 118.29808819147024, 106.69404689876927, 98.92939315183256, 93.49673617252068, 82.25710904089513, 71.16615893946997, 60.44977836290216, 49.47790473147426, 49.734765079644376], [67.78476329531829, 75.08917632303397, 83.01496691538158, 90.10357700016887, 82.20289373141708, 74.45325804329642, 67.08437932108376, 23.09248895838647, 16.610234016924778, 8.431290898899409, 0.0, 11.173035185401325, 5.452979587071458, 10.413202313124241, 17.215352975355977, 63.77979830117481, 73.03686991438424, 80.44357699465758, 87.95834926107764, 94.01010746165251, 93.2801198615025, 85.6635722733538, 79.10048157548324, 71.49777049950016, 62.196222406218695, 27.46330285398264, 23.846668364444874, 21.126741543183535, 20.13472858430806, 21.64553242009235, 16.814329587936385, 14.23109625676504, 14.618362027596831, 17.07991855986509, 21.372943451883014, 49.593846830444946, 51.40084594788036, 56.53380306591189, 66.82144257249318, 68.47075239736718, 66.03731352424819, 60.253262581798516, 53.08870219407076, 41.98558815014316, 41.79763046135717, 37.67588624942237, 35.87439442519684, 89.32399228629369, 82.47116508480178, 74.60471464077722, 71.87615975807338, 66.56063449194771, 63.65833083746059, 63.387589260514815, 73.04707477236039, 79.07777134501656, 83.6241726217823, 87.04595287022163, 88.85468589989048, 86.99271213536376, 80.04509134845168, 74.91120392492617, 70.06852285971505, 64.16093290209989, 70.90556968166962, 75.66437758006829, 80.81338699130251, 111.94426069331492, 112.44324492999057, 115.65561870096398, 117.58098421173668, 126.9944772920335, 128.36292725090112, 121.68400171701246, 108.40781336884693, 97.70761712344205, 90.77293072312045, 78.32391011288611, 66.56005280914555, 54.73150862342008, 43.45601602881713, 44.84435085889399], [75.43810675714465, 82.71040743119305, 90.08826725521924, 96.27049719636014, 88.96009934271106, 81.4740607152969, 74.14207502389932, 30.85224610840107, 25.327710055449014, 18.49290892051956, 11.173035185401325, 0.0, 9.398954017808043, 17.49139786988953, 24.637519868151944, 73.23357787720046, 82.03549338483407, 88.96906591277416, 95.87450675112161, 101.24963513367256, 100.41090042774792, 93.61166024553748, 87.47956255330462, 80.09341688104762, 71.17863209763934, 38.251880298117776, 34.2446761603649, 30.503313314801474, 25.77031961097728, 22.34620857374577, 18.48813794979335, 20.96021267745631, 24.442539141991794, 27.90154927420626, 32.12560175730729, 58.928535103624746, 59.91166765920543, 64.57465591081338, 72.42783126796425, 73.36750844196239, 71.09279710148064, 64.76865662018052, 56.2537216186052, 45.32059654327288, 49.847483892455, 46.682439881690144, 45.84300824962129, 92.34518287803785, 85.93088896016755, 78.26517228750541, 75.13750806108789, 69.2161623905389, 65.16388612757437, 62.18598824717554, 73.04340498095684, 79.89649659618851, 84.9504606073397, 89.03270954279614, 91.26097835815486, 89.96472561737815, 83.0661665215586, 77.63152403250116, 71.88999498270742, 63.522455823338824, 72.58309147416203, 78.22691831697915, 83.7018369017042, 117.67751873475584, 116.25712501555063, 118.23171705906607, 118.90649762097567, 127.70497706795508, 128.08405790594452, 121.08536707250657, 107.54473591472107, 92.45001321029933, 83.49338881669492, 69.49964846397613, 56.74309823576351, 43.894870046259605, 33.46563398352075, 40.23895645076659], [68.11076051476687, 75.38315194913575, 83.0588353161911, 89.75276640209383, 81.84375736549849, 74.1250829147428, 66.80281439914185, 22.959948407494537, 17.469814070377083, 10.726904567297781, 5.452979587071458, 9.398954017808043, 0.0, 8.55638237311225, 16.661621190361036, 65.58237400347033, 74.68804360289118, 81.92826088258035, 89.15391631780095, 94.90040325485435, 93.94460649734312, 86.60846374335816, 80.20582332100713, 72.61340148268938, 63.45631185944394, 31.328455263134394, 28.534285628410853, 26.366155837431346, 25.414918786712462, 25.822597009883047, 21.128965368299962, 19.58014216448231, 19.83883141663644, 21.279319256864916, 24.665109219723256, 50.62370521711472, 51.18493451566389, 55.51524820994631, 64.48616538477496, 65.61191130803252, 63.12539324165281, 57.059693763356194, 49.29016936716542, 38.18916904642226, 40.63705616303747, 37.491450592171624, 37.32032347222156, 85.79511330840822, 78.99973720540535, 71.09354568915863, 68.179097883416, 62.62284136744284, 59.33165874135342, 58.37728536869163, 68.31872363648704, 74.57191768309238, 79.27815623005688, 82.93946714073668, 84.95601542561926, 83.39950635919233, 76.31828071898498, 71.01605641138974, 65.84954635014603, 59.26418722308098, 66.64137006013905, 71.71411179987723, 77.03885641294329, 112.89859592062531, 111.90860768857269, 113.85922086806623, 114.88916256734447, 123.68996960646918, 124.37904121102669, 117.26105791945075, 103.51986791876709, 92.26378573726706, 85.42120451901387, 73.29944597061231, 62.0115470539943, 51.13188442256519, 42.41379364045184, 47.31803866789601], [60.05835807186664, 67.2999199959025, 75.04429459240049, 81.93014150837, 73.72496382621487, 65.91696120490668, 58.62422114941635, 14.941679499945145, 10.4235754688069, 7.369787674668519, 10.413202313124241, 17.49139786988953, 8.55638237311225, 0.0, 8.769373381906941, 58.053101146678195, 67.13922676210017, 74.40141375788208, 81.63381945079445, 87.45210775556474, 86.35959166106645, 78.85348217796232, 72.40453689438874, 64.75170076946429, 55.60326536842415, 26.966383373282728, 26.226778077487598, 26.131992378666826, 28.54342086685855, 31.28215665813508, 26.82737593637904, 23.050654503531824, 20.170612371236157, 18.390636908948423, 19.679076036968024, 42.55264403784641, 42.659709635414124, 47.25985450512971, 56.52394529363584, 58.17324161710668, 56.17203914589972, 50.773101124567496, 43.73143750717845, 32.540503541024954, 32.889537112401705, 29.2174613187746, 29.624628375450484, 78.99542368968635, 72.1974270080431, 64.65618052363149, 62.21711320885794, 57.30768549694014, 54.87318826378969, 55.764600701126966, 64.67671902060823, 70.18184527301385, 74.25630077641239, 77.28844648392142, 78.78710858863622, 76.69874125972925, 70.0118356759685, 65.29263680190695, 60.94196768778342, 56.188830618941815, 61.7944368230388, 66.05270270914733, 70.79318650391238, 106.40538035662672, 105.38417164402055, 107.28965899975286, 108.71304482620711, 117.71116380596105, 118.98953375144659, 112.25082320563283, 99.6890526904587, 91.71180726448223, 86.69716552622569, 76.17614138439632, 65.97145704718194, 56.72918302785157, 49.11673094195707, 53.4757645435425], [51.474117329653716, 58.73651434268036, 66.45142375682134, 73.38780197552892, 65.29731063339388, 57.540832186428105, 50.20208780180889, 6.340268602422691, 4.408615698058634, 10.180077519127346, 17.215352975355977, 24.637519868151944, 16.661621190361036, 8.769373381906941, 0.0, 50.102782734653985, 58.87298845307302, 65.91931626477879, 72.97448959674249, 78.69903141579556, 77.60552322395726, 70.20738656911709, 63.87518732116022, 56.31356370479692, 47.36424081372721, 23.786895289615018, 25.162792359349908, 26.773280437307548, 31.217550582453296, 35.259258972863925, 31.559955666881077, 26.923695567209823, 22.28635650717508, 17.895751409378654, 16.502878991072468, 34.7915202132722, 35.52105373832563, 41.94549537437615, 51.07648850977566, 53.98618810503217, 53.373620878305886, 49.255633529210506, 43.17794773490834, 32.28627020036189, 29.449524160517996, 23.738110250663805, 22.833804605246232, 74.92428088532421, 68.59691074709264, 62.19301705847612, 60.58451801543596, 56.69134412668986, 55.23749449463562, 57.627295637446345, 65.48395404830404, 70.10934413492737, 73.252972863423, 75.38408079070294, 75.95670680402806, 72.9024434053513, 67.38115289597359, 63.81103149651454, 60.5889512538827, 57.64040181006947, 61.46223969096914, 64.5970820928915, 68.20618406421744, 97.79178867722582, 97.13819429021845, 99.82509390632428, 102.2462922166492, 112.07880570769507, 114.64312070629904, 109.08922980319939, 99.38641014136213, 93.80060868230814, 89.95823220279591, 80.32775124449962, 70.43522421373294, 61.901475284315, 53.727131820202736, 56.81032838859855], [20.1406058857018, 23.675696373309677, 32.35993402268161, 43.181224792547845, 35.36705961389773, 29.850117469296364, 26.514501374093193, 44.092127363356404, 48.23273630668969, 55.44623911607215, 63.77979830117481, 73.23357787720046, 65.58237400347033, 58.053101146678195, 50.102782734653985, 0.0, 10.528792718011829, 19.52882532431262, 29.292317652270864, 38.23733749526688, 38.26868427400448, 27.21742167896257, 19.31640544431883, 12.565753179459243, 7.005338375525127, 41.33302872353573, 48.47916277899325, 54.703938366814484, 64.61247575869379, 73.0173799500072, 71.36595679327873, 64.34113542526272, 56.92854124931691, 49.908192039090906, 43.926553360388844, 17.596566621547197, 27.512498029553733, 39.54462214627392, 51.1878086946402, 59.80337173881083, 63.73116656222973, 66.65884364836218, 68.70784016281762, 63.64968527907657, 45.283543583119325, 37.00870972348062, 29.64319027685699, 79.14472323963732, 75.09392360477158, 73.95885106690777, 76.3706823279081, 77.90236245503718, 81.6304395408779, 91.27899058499233, 93.07590463296533, 92.92894769137015, 91.80841016874977, 89.3165468619447, 85.81421234589787, 78.79954273590289, 78.63229698015397, 80.30916510171393, 83.04877252245741, 89.5626271866439, 84.02744825383681, 81.30854925792241, 79.69197320338913, 62.97730196406224, 73.47647465532965, 84.8036993997778, 95.46666464550752, 109.20005637016408, 118.9906901096271, 119.13752712366598, 120.06864842862005, 128.93227701229566, 130.6213959762696, 124.86481751189824, 116.62531486714356, 109.55243590054997, 98.35962044224831, 92.50662211202199], [18.779444857362662, 19.1814319878165, 26.052467085125507, 36.54068158646467, 30.500277672144215, 27.208002388960697, 26.217761816887208, 52.73405424948278, 57.22851447642977, 64.70464666363621, 73.03686991438424, 82.03549338483407, 74.68804360289118, 67.13922676210017, 58.87298845307302, 10.528792718011829, 0.0, 9.0948433603497, 19.09618917266218, 28.41583428000335, 28.81847294416054, 17.6153886024895, 10.226781794424536, 7.626472960758533, 12.573300987529805, 51.23616160949487, 58.186132370777194, 64.18671986400402, 73.63120741750086, 81.67525914125233, 80.34992687672194, 73.6894712313128, 66.51898817243577, 59.6172666285958, 53.695281210174166, 26.699015898420033, 34.77013832937915, 46.2492530453664, 54.896840220611764, 64.11739441431345, 69.38044808037208, 73.30787546424999, 75.78223399774369, 71.40804600724543, 54.039208285344245, 46.24291178928578, 39.55533269894618, 81.0515197707847, 78.15948101260776, 78.68975405008007, 81.77499753946987, 84.0893978714924, 88.19369468526293, 97.99948359364559, 99.14316790548556, 98.37621166380532, 96.47742180610766, 93.23520772430794, 88.8805162214992, 81.16640789273416, 82.6372933380193, 85.47019966894742, 88.97808459484222, 96.16088102162527, 89.88895999904577, 86.39664646239902, 83.64222171522927, 53.66964931299837, 65.97536179724479, 79.17193201200111, 91.55205541900287, 106.15125783162073, 117.5985338785845, 119.4699503420807, 123.85841715413525, 134.0458395436679, 136.36345244186074, 131.16798846616845, 123.17309247737026, 116.61108109804451, 105.52021112861925, 99.70148023237813], [20.811790568891087, 18.362472746157607, 22.093429871734468, 31.32616258212887, 27.760836348339403, 26.972514266141264, 27.988757028671102, 59.73854447882062, 64.48633713537012, 72.15200024016369, 80.44357699465758, 88.96906591277416, 81.92826088258035, 74.40141375788208, 65.91931626477879, 19.52882532431262, 9.0948433603497, 0.0, 10.150185185945777, 19.713284080977076, 20.59295210288107, 10.015250835473564, 6.303950560474757, 11.547103173599599, 20.211627713650007, 59.515015546296326, 66.29582809663114, 72.0729008972902, 81.04613997374119, 88.6789025942799, 87.60625956659322, 81.31399667629199, 74.3828270770232, 67.58389710878508, 61.72252222788555, 34.67813728306584, 41.58450904499833, 52.67773857378224, 58.68484975791029, 68.22831071951974, 74.55577119566894, 79.13625909838578, 81.72565868746706, 77.79561804247535, 61.55698490680841, 54.0392126197292, 47.7751502936577, 82.8894405799801, 81.05151623452159, 82.96525335274703, 86.52838405463876, 89.37432089000801, 93.6490587663362, 103.35134548395385, 104.08027610347214, 102.89645606382385, 100.41057669074776, 96.62965659360785, 91.61200952999533, 83.38595629632641, 86.23456203141613, 89.96551559721883, 93.97524879911184, 101.45555401136001, 94.81755764740934, 90.81333624263209, 87.17548275975906, 45.25867891012784, 58.936473213573116, 73.81593737403584, 87.66292316998585, 103.0193319779295, 115.88499578991258, 119.31825449295701, 126.80412800331953, 137.69181718363438, 140.41845465086783, 135.65092589110307, 127.85982669177454, 121.77199276890015, 110.89259146410498, 105.37510663533101], [24.87437145180776, 20.220097908036504, 19.308183533298624, 25.61140857961065, 25.70419157905051, 27.88641248032029, 30.810676011393596, 66.79022651772551, 71.86194464172924, 79.7410307121495, 87.95834926107764, 95.87450675112161, 89.15391631780095, 81.63381945079445, 72.97448959674249, 29.292317652270864, 19.09618917266218, 10.150185185945777, 0.0, 9.709354606433376, 11.195545226568864, 5.856347318931232, 11.645286485798835, 19.245602498295995, 28.793399218002627, 68.41910463058096, 75.0624291678304, 80.60448399877544, 89.05137939761073, 96.1444501959276, 95.25107636107563, 89.38200874723462, 82.70394723462205, 75.97404975757483, 70.15833266497097, 43.03630848637302, 48.609707312593365, 59.20334792242717, 62.168640497105685, 71.88393404051217, 79.33354040744902, 84.53438063606391, 87.13770315789226, 83.72772586675677, 69.01904479895505, 61.88318581554933, 56.286163642433785, 83.79639909231346, 83.17609396745945, 86.60890838767115, 90.64318852402106, 94.01612323824655, 98.40171876879069, 107.86089833142198, 108.14138215891677, 106.5290708091746, 103.42147602003455, 99.104062230637, 93.40459995870052, 84.70450083878083, 89.06169637426164, 93.74118433187662, 98.22956257732181, 105.91846224548324, 98.98363972328856, 94.48629486787617, 89.91571744196993, 36.181295631942604, 50.29490207225876, 66.67936499443786, 81.96700866471157, 98.03440827232806, 112.35841495783245, 117.50806029780911, 128.47399852551445, 140.00080892064395, 143.22924632908274, 139.07152001613633, 131.66739859261907, 126.32800819198876, 116.10244274413331, 111.48585577856474], [30.041587939221724, 24.63822717096661, 19.975647428534707, 21.636922525270066, 25.978756231394257, 30.48777200149762, 34.50719937357615, 72.58850851184069, 77.90874377395514, 85.929060111439, 94.01010746165251, 101.24963513367256, 94.90040325485435, 87.45210775556474, 78.69903141579556, 38.23733749526688, 28.41583428000335, 19.713284080977076, 9.709354606433376, 0.0, 4.256723366307236, 12.417916674835846, 20.032565801021445, 27.36227519489178, 36.84775230233493, 76.08360461382304, 82.55919518142426, 87.8344621676783, 95.70401040719061, 102.1936490694424, 101.45293318206497, 96.04609976530553, 89.65815342278864, 83.02891671523399, 77.29671123825877, 50.54719481638958, 55.05270845247973, 65.28481835146376, 65.46686968050798, 75.17914119386948, 83.58251214965138, 89.171843528232, 91.5647742421798, 88.52835182380203, 75.52350245151051, 68.69045966719177, 63.6615194669823, 84.43067641057374, 84.96359881630879, 89.72369155352474, 94.09083350341511, 97.81307526799004, 102.15248626028931, 111.14133083590455, 111.14827579393535, 109.25828896079508, 105.66511082169184, 100.97112027014757, 94.72717565475185, 85.69151689876219, 91.3804517788591, 96.82949465961325, 101.60089132293452, 109.20473938194041, 102.2626635269813, 97.46441193050154, 92.13840007816547, 28.02293559381297, 41.35280258045364, 59.18268551902607, 75.76696523313667, 92.52882121844068, 108.16452552669358, 114.96086100314905, 129.23602666386864, 140.8576412348222, 144.41092510804856, 140.7743039760479, 133.74093650273042, 129.15431234714603, 119.68989244065082, 116.18512908435481], [28.066751673687886, 22.19513789525037, 16.418352445185263, 17.52376739262425, 22.170142565552478, 27.281860995554716, 31.846138392416837, 71.46379341597888, 77.0312327647885, 85.18078789998631, 93.2801198615025, 100.41090042774792, 93.94460649734312, 86.35959166106645, 77.60552322395726, 38.26868427400448, 28.81847294416054, 20.59295210288107, 11.195545226568864, 4.256723366307236, 0.0, 11.79354420885003, 19.572753153158697, 26.663995212192145, 36.18020468560133, 76.0214222553006, 82.61126078948533, 87.94167315122755, 95.86924281147307, 102.28189442503187, 101.35592819579807, 95.92645464528943, 89.4707626693208, 82.71790063583265, 76.905076079912, 49.50421421805358, 53.101377199299435, 62.85675440722551, 62.093707308684074, 71.76425631462861, 80.40456968300161, 86.19813534574806, 88.7267651873689, 86.05627371957326, 73.55215299378133, 67.12323989583489, 62.82781678179252, 80.4284090502825, 81.14840570810037, 86.21677438704052, 90.70281647750704, 94.60396993129359, 99.04011044957001, 108.12549356301972, 107.84580417508005, 105.77272402837771, 102.01440186114459, 97.19070065110648, 90.83406517539214, 81.75000769075572, 87.69103342355062, 93.35323864920993, 98.29261275770189, 106.13392525496782, 98.93212193217117, 93.96499886251846, 88.4308007483955, 30.177197719687396, 40.03238378869991, 56.24113521373923, 72.34344988786079, 88.80598656411895, 104.2405935434833, 110.90937840533675, 125.3430112020168, 137.56943271166915, 141.55659378897158, 138.40959453402252, 131.81010228897813, 127.76373927062954, 119.15021248041253, 116.63026787897894], [20.417938678614195, 14.993470113763356, 14.372638435341683, 22.273952405373436, 20.603215248933793, 22.56075339919006, 25.963011147324295, 63.94136793104589, 69.32836954801124, 77.37284350473504, 85.6635722733538, 93.61166024553748, 86.60846374335816, 78.85348217796232, 70.20738656911709, 27.21742167896257, 17.6153886024895, 10.015250835473564, 5.856347318931232, 12.417916674835846, 11.79354420885003, 0.0, 8.04162942360215, 15.778765994617123, 25.700130119208904, 66.67019372175264, 73.53989112747307, 79.2400068488929, 87.92792441025091, 95.06409222761204, 93.85816225877055, 87.83102040949848, 80.97005938724567, 74.02044369471601, 68.05139348910973, 39.6407061431496, 44.10125987841791, 54.120803818267845, 56.61358584499591, 66.30669789744766, 73.82165909880165, 79.23516102070867, 82.13404279287737, 79.15919283833904, 64.6095925731174, 57.98850096660737, 53.371727194087946, 78.24620572561778, 77.52547524184494, 80.99526471459556, 85.11499888806397, 88.66099838424987, 93.22259251989664, 102.99289267787519, 102.9253520825121, 101.11828153031836, 97.9075324692586, 93.50466994132805, 87.80212299610122, 79.13152489466805, 83.43885463671344, 88.20348069909157, 92.87060555641159, 100.96324592017852, 93.62193970849603, 88.95100957099878, 84.29855805692702, 40.188452922444704, 50.90528130316755, 64.98167012595816, 79.23654154705152, 94.65007206410709, 108.31274382291909, 112.82528162215125, 123.06611220361587, 135.45826459712055, 139.21995293487703, 135.61854620792457, 128.7309996475953, 123.95952516728093, 114.74607988673037, 111.25332524848486], [15.81784761472388, 12.435615994982918, 16.815709783928504, 26.98789051077095, 22.033074194118846, 20.97600002372373, 22.55535963866872, 57.58925386015298, 62.80984184738757, 70.7422321065093, 79.10048157548324, 87.47956255330462, 80.20582332100713, 72.40453689438874, 63.87518732116022, 19.31640544431883, 10.226781794424536, 6.303950560474757, 11.645286485798835, 20.032565801021445, 19.572753153158697, 8.04162942360215, 0.0, 8.061336328593045, 18.005826294761516, 59.30401750632517, 66.30854216395828, 72.18887710643132, 81.26347190877689, 88.7613119123187, 87.37197569349551, 81.03391468542276, 73.97171976926369, 66.93231177469855, 60.900518582774765, 32.1927781743448, 37.48518242865309, 47.992248142114406, 52.86356086116956, 62.45096847029392, 69.10670922797385, 74.02268415027162, 76.87623557273639, 73.49429070411601, 57.82118443942886, 50.93011598146803, 45.98821672758007, 76.68446657302667, 74.95648750173109, 77.1877867192186, 80.92362985577805, 84.03601984699183, 88.49486600525974, 98.43813103740777, 98.74100327257385, 97.29292005909899, 94.59092328110827, 90.64054530565787, 85.50078104099133, 77.2204912163264, 80.2869538869673, 84.2803883837937, 88.54649902361433, 96.44634003995355, 89.36687491884247, 85.10813959504205, 81.21612344611185, 47.09379343097773, 57.419128111511014, 70.20193984153299, 83.16270013560961, 97.95610841186496, 110.35234226945983, 113.42639053502526, 120.82414206877596, 132.62165516992567, 135.9903895629804, 131.9404501847653, 124.79428449061929, 119.51802877803532, 109.96286107185786, 106.0366132606965], [11.465799715727549, 12.027312709916911, 20.011797353842177, 30.900515716924023, 23.670396658311784, 19.684722755666485, 18.75987550672562, 50.02158048406006, 55.20438458538414, 63.10429937253051, 71.49777049950016, 80.09341688104762, 72.61340148268938, 64.75170076946429, 56.31356370479692, 12.565753179459243, 7.626472960758533, 11.547103173599599, 19.245602498295995, 27.36227519489178, 26.663995212192145, 15.778765994617123, 8.061336328593045, 0.0, 10.000645236694435, 51.726154694624924, 58.8479014341564, 64.82885567347684, 74.11608481036215, 81.7527118989631, 80.1340958413913, 73.61740475687088, 66.42244418359826, 59.27595575857897, 53.17756172069534, 24.137697096390557, 30.07955605235912, 41.34950627611268, 48.07109942216257, 57.47820645446329, 63.41187665139912, 67.72077187467146, 70.24978771998245, 66.39861681399555, 50.20709050030474, 43.020468152421785, 37.97676586745135, 73.6834400790868, 71.08158516926328, 72.17414074103957, 75.48247681545222, 78.07790419709413, 82.28882627909528, 92.1348208891464, 92.91023380216241, 91.9030860121155, 89.73186561266219, 86.30314873945325, 81.73435524837406, 73.87286276317785, 75.7934746368185, 79.02270026234577, 82.77415957196831, 90.21884112809529, 83.64261243753002, 79.90242551682528, 76.76825948172929, 53.62768482376221, 62.28484928977114, 73.40413931088719, 84.88877715914379, 99.04992197015196, 110.12944412083884, 111.85160380773905, 116.72886793498206, 127.50106541697592, 130.42842027509997, 125.99590427085823, 118.6918742644583, 113.1356300120287, 103.64186260051063, 99.95583013262183], [13.90728448877929, 18.592562918799818, 27.77741428766785, 38.45575312046672, 29.955559260567995, 23.700150379563272, 19.7304340095653, 41.130175271273146, 46.04753163364192, 53.77772272689995, 62.196222406218695, 71.17863209763934, 63.45631185944394, 55.60326536842415, 47.36424081372721, 7.005338375525127, 12.573300987529805, 20.211627713650007, 28.793399218002627, 36.84775230233493, 36.18020468560133, 25.700130119208904, 18.005826294761516, 10.000645236694435, 0.0, 42.066254641911094, 49.31563160803264, 55.43101023219105, 65.02688299536926, 72.9182956990365, 71.04144447581297, 64.25694209197407, 56.889220947723906, 49.645116744420335, 43.48956978788625, 14.480152173822137, 22.651289861530117, 35.15835277018064, 45.00809745427742, 53.86599339341197, 58.50055695845101, 61.72547565666674, 63.65421024771256, 58.92933492495693, 41.801644438576396, 33.89070184564684, 28.094787998574215, 72.63356377452541, 68.85524037022654, 68.23211159215265, 70.8280717650203, 72.55970015224023, 76.31411265457177, 85.88046683164261, 87.45993477397171, 87.16625058740517, 85.8253689937894, 83.20463526590338, 79.50877388934599, 72.34337079544474, 72.5921524511645, 74.61759249835534, 77.51292109617853, 84.11563936599909, 78.45025796271679, 75.56853806372457, 73.6214144254506, 62.0096656030144, 69.5983780889876, 79.2823685491936, 89.17026950114612, 102.59305200500424, 112.09207330673881, 112.18270328565583, 113.72249349910686, 122.79694468698904, 124.92188568089395, 119.76318028114034, 112.07158885430105, 105.88955018083588, 96.11612764111398, 92.3122464031307], [51.9164215086056, 58.76995415717654, 67.72227900078636, 76.88579977489553, 68.47569552252097, 60.776402724904095, 53.88648182066303, 22.675382056504674, 19.61001625380627, 21.066819241006915, 27.46330285398264, 38.251880298117776, 31.328455263134394, 26.966383373282728, 23.786895289615018, 41.33302872353573, 51.23616160949487, 59.515015546296326, 68.41910463058096, 76.08360461382304, 76.0214222553006, 66.67019372175264, 59.30401750632517, 51.726154694624924, 42.066254641911094, 0.0, 7.577683250178447, 14.247484076302806, 25.382877157628663, 34.896189421907174, 32.35261452659185, 24.261772650207792, 16.50208220570477, 10.48042543178525, 7.423083066404014, 31.085459821513805, 38.202834850385145, 46.695039820846645, 62.37397291021679, 66.82036817570396, 65.52394985412771, 62.55441784647077, 59.65129528937314, 50.051592658276405, 36.44356302924633, 27.95287904911408, 18.395915158581513, 90.19627193646946, 83.36331825933728, 76.67085156465846, 75.64305800784554,