{
	"dissimilarities": [[0.0, 7.593833798724331, 15.024515024836605, 25.624194564888654, 17.96794887124877, 11.34782896602782, 7.54204748711071, 43.326341700192486, 49.18858981773921, 57.645056466908876, 65.7065494560322, 73.23870715574887, 66.24519773072048, 58.3655900373466, 49.8931294794949, 22.11827194532796, 22.522769985741498, 23.79466447254363, 27.689114229555358, 31.50052844004719, 26.907260975470273, 21.511715908523104, 18.165988851718616, 14.870423146884727, 17.440021015546428, 53.43873454718061, 60.1549537679473, 66.78424248332304, 74.88527696891782, 81.36375799695142, 79.30800291605934, 73.43413033225274, 67.0695180746041, 59.740894807499934, 53.76529484077924, 20.49165069239062, 24.79480083824452, 36.802707901801384, 39.04459953232755, 47.91703791999111, 54.65058976855554, 59.397567105583754, 60.835208607636474, 57.27634276379743, 44.10679823611079, 36.98446739345334, 34.28913148140059, 66.58134698247447, 59.45230607399826, 61.363522725671324, 65.89016700538248, 67.29975140726643, 71.6727156895967, 82.28530856427419, 87.30634227050484, 86.4150326708279, 83.36459558421555, 80.97286195755325, 77.1898268113181, 67.82492831519843, 63.810773223352314, 68.65425462825178, 73.86869649120617, 81.75381021832916, 81.19782188025248, 75.04463792432156, 73.06880547623503, 50.477601107084375, 47.94978741168007, 55.83318863615721, 67.44625810830946, 81.06128506255908, 95.11380214624504, 100.24815162099345, 110.48194621840362, 115.64886845780337, 122.47450609164137, 118.91453567761278, 108.38843916624913, 106.21123651556682, 99.53764908289178, 96.4563307507176], [7.593833798724331, 0.0, 8.418443720488542, 20.913245053967813, 14.422680622363721, 11.621983492157096, 12.693463315695562, 50.8061698196087, 56.49134261786266, 64.81162171829467, 72.98676232087334, 80.68120981497313, 73.71005019244139, 65.82183395700426, 57.37425166160656, 24.133965617147755, 21.17581245266632, 19.946139932007043, 22.093421653358742, 25.116450272867898, 20.005634444182, 15.175665720857124, 13.719257226133672, 13.913619044587392, 20.49197250241931, 59.36080194957219, 66.21557836791769, 72.98389040437452, 81.3776738906832, 88.1364249168475, 86.23582316870652, 80.18958789648066, 73.62452608709374, 66.31196724514099, 60.27155171219728, 26.27820728263108, 30.598147817088453, 41.45682179433081, 42.8616036314461, 51.993974345368855, 59.1751869921199, 64.61625751097456, 66.85179579137673, 63.92446432971845, 50.40540005495199, 43.744116550488684, 40.87922545136697, 69.07411764600047, 62.65535865200169, 65.63038104190463, 70.68257185634707, 72.6596985567171, 77.55538630957625, 88.75242818870672, 92.8891746946697, 91.44973648028203, 87.89021406883478, 84.92520187021525, 80.45596427054305, 70.63396815436518, 67.68180354721058, 73.41118135104136, 79.63387804071508, 88.1168551162317, 86.80438459511132, 79.74538831055254, 76.96072026147728, 45.140860053595546, 44.016791705106236, 53.67306152571518, 66.61427036131734, 81.09874562109526, 96.34516773037562, 102.51054788609206, 114.72735210178517, 121.56102492590209, 128.90055912663436, 125.78547902813612, 115.47131293292314, 113.46567775962244, 106.56626686128018, 102.9335646654402], [15.024515024836605, 8.418443720488542, 0.0, 13.276217240144055, 9.53338502612776, 13.002046715242217, 17.45798922523421, 58.1603771376218, 64.15397877478362, 72.62401289778579, 80.62936364037952, 87.91824201368635, 81.07449526337479, 73.19610276943563, 64.6999752687767, 31.949954838449223, 27.279128883596503, 23.72271438834036, 22.35758699160144, 22.17363785983096, 16.554520726593633, 15.600363440222312, 17.844132611663643, 20.947505990664997, 28.684968649434182, 67.71107095450441, 74.49329060126182, 81.11861378942292, 89.25084076669825, 95.67733908962126, 93.84706925178293, 88.1161370887146, 81.74777322610402, 74.49840468248956, 68.50497049140279, 34.476276781050586, 37.46529265719062, 46.92662108168519, 45.21140516032469, 54.24242386318865, 62.4705710124351, 68.7781728579521, 71.43470372217325, 69.44342256732241, 57.08974346517091, 51.14260116599196, 49.05024680267517, 68.05539096421381, 63.27913741401077, 68.0218064107259, 73.62547304105765, 76.30089976885529, 81.54420897714536, 92.76179525045569, 95.81154205447218, 93.79556938717903, 89.64222894627086, 85.96369720137082, 80.50343626697169, 69.8879170967921, 69.01222356944118, 75.91901133006901, 83.13859722413305, 91.9403077506148, 89.67402366996136, 81.65855727627999, 77.74801053983111, 40.456086074710925, 37.28247104722717, 47.23213926718022, 61.130280327046506, 76.42841771913253, 92.99493720829723, 100.43788310747767, 115.6551822009582, 123.97329439836967, 131.84805296081475, 129.57301417891793, 119.8771230642428, 118.76320522657781, 112.6098290236346, 109.86817082213601], [25.624194564888654, 20.913245053967813, 13.276217240144055, 0.0, 11.356728733293364, 19.792950416721943, 25.123235146452817, 66.15754060699884, 72.69675500826756, 81.43625487453936, 88.8888957845478, 95.08133041093235, 88.71077549832965, 81.04316077879625, 72.55007060544433, 44.87499178343267, 40.0660185019164, 35.57472416580678, 31.39806912231821, 27.142432334681928, 22.756330524027902, 26.34930276925678, 30.308228276680644, 33.95211411711745, 41.376518898576236, 78.68790887096682, 85.11172951761142, 91.20347594087069, 98.40046031638455, 103.77856851910391, 102.02601113993131, 97.22466475105313, 91.54623868992256, 84.52326667819268, 78.7537980713575, 45.85846163454172, 47.112119070199064, 55.23496257791601, 48.35721051415257, 56.57918200710126, 66.40450748882424, 73.5548802939146, 75.96323697179639, 75.09689852552233, 65.6293264676326, 60.44477223711196, 59.55870780840354, 64.32303188940894, 62.83038846641795, 70.18722248088545, 76.2206367264314, 79.6234635360318, 84.80145957849179, 94.94368185673596, 96.84640593132472, 94.34859443500996, 89.59459766430486, 85.09096607309091, 78.24277650971266, 66.32192049489704, 69.19413063545255, 77.50590620218868, 85.42099814280319, 93.85982212058369, 90.58621572820067, 81.79219752224012, 76.38437863656597, 37.65547672159965, 26.123909713537174, 34.37964167186577, 49.396280358799466, 66.04937850398407, 84.58105066644517, 93.89454663316292, 113.79681867659595, 122.80059606262274, 130.86232401056074, 129.7121673107846, 121.04946456797816, 121.53148389757878, 117.05463041936478, 116.71275688657055], [17.96794887124877, 14.422680622363721, 9.53338502612776, 11.356728733293364, 0.0, 9.261478234064688, 16.1210827296127, 58.049885623598264, 64.84660151641641, 73.66948892949564, 81.30813476894295, 87.91386995178672, 80.77320241419203, 72.74848646800194, 64.31580632821247, 37.92554489792633, 35.14989503230876, 32.680244282604704, 31.85794017415569, 30.933061677215335, 25.35609405578823, 24.944342808023862, 26.50995772232123, 28.059655497994214, 33.743986554700065, 71.05150992557246, 77.78140029328598, 84.34948741299765, 92.03834947481114, 97.8196497695229, 95.63514653679411, 90.30252933277802, 84.25977563440603, 76.87598449672672, 70.94785946185921, 36.72579925698937, 36.510414757473804, 43.98082712797655, 38.355879045248166, 47.04815110096319, 56.19280124423293, 63.186208492594, 66.08887646405366, 65.26788604268884, 55.01511813355895, 50.47290459475822, 50.684412699940744, 58.82015521754455, 54.84909091087309, 60.790054802026866, 66.7312323838321, 69.9631893075609, 75.45435307319623, 86.79897621140418, 88.68447106901903, 86.20380777079201, 81.66014294476044, 77.57120794654965, 71.62907358621133, 60.74466876492114, 60.9207834995142, 68.58916611356449, 76.57897751234911, 85.79398609886442, 82.56356952177337, 73.82456823737151, 69.24221574265712, 46.61488547342278, 37.14962830393404, 41.52538479830373, 53.60375154215571, 67.76870147226798, 83.71207580749012, 91.05929122781741, 107.10552142048262, 116.82747895135002, 125.76451987426154, 124.82513971598705, 116.26381077149668, 116.74250566730406, 112.71302858876274, 112.26876152130897], [11.34782896602782, 11.621983492157096, 13.002046715242217, 19.792950416721943, 9.261478234064688, 0.0, 7.644754814689677, 49.22643266687394, 56.06307242921177, 64.88491009638695, 72.58601410575403, 79.41778687436694, 71.98163827717566, 63.84480593111942, 55.44620328503667, 31.827250735493788, 31.499884084535772, 31.280368590172817, 33.229303063063554, 34.74700855212791, 29.224159271024533, 25.99079133980699, 24.95859330766197, 23.80377335264317, 26.99473512504031, 62.623623255834936, 69.38574199011849, 76.071383547058, 83.87031020147252, 89.78626199845782, 87.39133548925318, 81.84792117039358, 75.71289879073993, 68.21440192936815, 62.2714948193254, 28.12292042427203, 27.422229627264134, 35.83479951884277, 32.60584479943694, 41.59215203001583, 49.83136470508404, 56.061284002707836, 58.566747386173354, 56.997476572062574, 46.00843966837613, 41.2145565830713, 41.72246264218824, 57.45587599489175, 51.40031416283899, 55.388394924401204, 60.795821063420554, 63.35138008571425, 68.55476334375925, 80.04665300101077, 82.93414163004263, 81.02209072093213, 77.09049508869909, 73.7807959260218, 68.97677200215716, 59.04153498123715, 56.680379774471525, 63.10967747911411, 70.156745988983, 79.20637958884755, 76.84034536477391, 69.02931227744354, 65.69588623956521, 52.385580185590555, 44.53924930677105, 48.17874487635932, 58.64548803486772, 71.42834346083056, 85.45286285809006, 91.11278826125043, 103.55751269403645, 111.88446399579871, 120.52252395157814, 118.9691535997109, 109.99232438897927, 109.92109185197063, 105.70927548197203, 105.01010765655346], [7.54204748711071, 12.693463315695562, 17.45798922523421, 25.123235146452817, 16.1210827296127, 7.644754814689677, 0.0, 42.00678123847111, 48.732439889979204, 57.557267741194636, 65.2218876262376, 72.0519217509658, 64.82319003170363, 56.8067434851951, 48.342283858952236, 28.197915906256107, 29.76892962541443, 31.09032010925505, 34.38527969515086, 37.08135331603161, 32.135784207183214, 27.803786821349153, 25.20608394409663, 22.04756605639525, 22.998306407868345, 55.83137258634541, 62.38343085891413, 68.8423227369223, 76.39362809733001, 82.17496703030822, 79.80933000435526, 74.39620434687752, 68.43045442908334, 61.042678190417476, 55.19570896354726, 22.538862859225933, 22.96410384674521, 33.533294687494866, 32.553784939363446, 41.26421247628425, 48.7460382661533, 53.91513980855753, 55.28779488236272, 52.51106479078926, 41.30571464151784, 35.3750487956112, 35.14498077300892, 59.16896120711259, 52.35006709017861, 54.84466971070785, 59.51638384153612, 61.212822675418764, 65.65594797154681, 76.2355829837909, 80.63309727205643, 79.54440087508362, 76.3269389186492, 73.78493988087472, 69.83060855283556, 60.35622243103286, 56.754516838353844, 61.948522749112726, 67.49752984559002, 75.57390661685825, 74.46632517979619, 67.98675648860453, 65.73804413835228, 54.594415395449715, 47.90484985507381, 52.19353659685285, 62.202267128503394, 74.76989184786869, 88.03012160441585, 92.81393984253707, 103.197222930277, 108.92483249913391, 116.42778941246812, 113.79500555547561, 104.09506691776656, 103.20456791717116, 98.35415015351563, 97.39517250209944], [43.326341700192486, 50.8061698196087, 58.1603771376218, 66.15754060699884, 58.049885623598264, 49.22643266687394, 42.00678123847111, 0.0, 8.232223406497482, 17.042678619300226, 23.701305341353013, 30.820028788489754, 22.949976930040563, 15.157314519353783, 6.699916913041012, 42.57104124944197, 52.02647686740039, 58.63506245216262, 65.94638683794068, 71.83926749849466, 68.59634789900777, 61.947977230390634, 55.9934556132374, 48.548837855895385, 39.75036779229378, 27.50394658276688, 30.695606607592907, 34.89763236520504, 39.900433187570734, 44.30156353082633, 40.69896774679714, 35.843041858370015, 31.58262395843205, 25.223302545662534, 21.66995885343371, 29.607572621088224, 29.798479211749665, 37.516747293447146, 47.01783086358378, 50.18513349384409, 49.954605541423284, 47.246693804080664, 42.026137104571546, 32.200545217222675, 25.44840202611315, 17.83108139554598, 17.433689001678875, 74.26022268848206, 63.71790518173058, 57.22739377241628, 56.6036064392429, 52.936008810674174, 52.147310045735715, 56.805913780038395, 69.03301956771826, 72.53625721604178, 73.82730003944397, 75.99342154434282, 77.74437999560155, 73.5473357578134, 62.684175269441184, 59.64728137668179, 55.705987791441224, 57.51020689331202, 63.91985962914215, 65.9373271193206, 70.41646009500619, 88.12256910078665, 84.12783876839516, 86.54748129941594, 91.89909709327993, 99.98110027392839, 106.34307064234574, 104.961072752018, 100.2638668152428, 93.47569763318032, 95.86044815277289, 88.09553671371272, 75.43268451261937, 70.07220600342798, 63.55810749059093, 62.465231610198856], [49.18858981773921, 56.49134261786266, 64.15397877478362, 72.69675500826756, 64.84660151641641, 56.06307242921177, 48.732439889979204, 8.232223406497482, 0.0, 9.054995085120698, 16.64906992835846, 25.37818696759912, 18.152675313578133, 11.90906970812011, 7.325620832376324, 45.4019650578791, 55.102252762591924, 62.10943347606782, 69.76899609922202, 76.15509039433036, 73.33771038855777, 66.43526794849694, 60.19880225051404, 52.63937640263984, 43.46231282658112, 21.873685221565047, 23.604323271276474, 27.026458418059015, 31.846769680821648, 36.79219044042504, 33.14920273776787, 27.697527585403897, 23.420200173394825, 17.491707267237498, 15.025150139911249, 34.16365950372632, 36.058974386064975, 43.72786491238989, 54.86283488863234, 57.88988030100385, 56.848043369797246, 53.350809065221284, 47.83817769520257, 37.459562713447625, 30.5688883324091, 23.160598348707165, 19.990552256558747, 82.25171811838204, 71.49202669366979, 64.2939003280864, 63.18147537896365, 58.976158586941835, 57.58018495573244, 61.14825578972569, 74.388435067576, 78.46215661237511, 80.30158965589257, 82.95067914013956, 85.22570682633501, 81.45886280053772, 70.13629380052546, 66.36454733887268, 61.39813775935726, 62.11477887673869, 69.62190306648178, 72.67234300416753, 77.75232449330117, 92.29647591108989, 90.13266846882904, 93.81052743631999, 99.59273221478648, 107.93406611239611, 114.21495910311091, 112.52917116009797, 106.33149531322907, 97.57664195773077, 98.53614826934584, 89.25959999927616, 75.58380692273356, 68.13276808720187, 59.32879578170967, 55.80706149023934], [57.645056466908876, 64.81162171829467, 72.62401289778579, 81.43625487453936, 73.66948892949564, 64.88491009638695, 57.557267741194636, 17.042678619300226, 9.054995085120698, 0.0, 8.901146251612879, 19.515744599364638, 13.546459997213773, 11.4928605588085, 13.463726569580874, 51.83809920994244, 61.66760998817753, 68.95180039171407, 76.86976176416528, 83.59705037112685, 81.0597462303752, 73.98171055826279, 67.56644550773191, 59.96310822784172, 50.55416040280675, 20.44734546693064, 19.277709589488172, 20.679010616199825, 24.248471131051065, 29.307179794937486, 25.26608137052093, 19.26491131269599, 15.765196040549926, 11.779961035962598, 12.849047161546066, 41.77618806326099, 44.08270009258451, 50.86451356473024, 63.00766414350606, 65.51205491023183, 63.45362026467742, 58.97532790884671, 52.98729577437313, 42.27289168097129, 36.561580235473265, 30.355980350288032, 26.79929327112702, 90.02003422450393, 78.98727524696544, 70.85629001859368, 69.05608680557799, 64.20300412098285, 62.01457206766182, 64.24579456037941, 78.4701184553976, 83.21442767321422, 85.75345176620908, 89.04805831030761, 92.08103407466248, 89.06931826318566, 77.08028386373425, 72.3025849543269, 66.04841757293377, 65.49821732245432, 74.17883156846112, 78.51820304648174, 84.41147530911276, 99.57192726252079, 98.48538699282972, 102.6029118168659, 108.26849126267007, 116.33653216331162, 121.9562691035712, 119.57300335620582, 111.09665368603122, 100.1741203707599, 99.77254213666788, 89.1375949477703, 74.75611334175966, 65.42163468416751, 54.96478701503743, 49.499167745634544], [65.7065494560322, 72.98676232087334, 80.62936364037952, 88.8888957845478, 81.30813476894295, 72.58601410575403, 65.2218876262376, 23.701305341353013, 16.64906992835846, 8.901146251612879, 0.0, 11.197999071136147, 8.375071543529941, 12.77149656927903, 18.609354421157818, 60.678084161018674, 70.40929556407566, 77.58430367844153, 85.2880235182138, 91.78767874483103, 89.31606855105511, 82.45507407999948, 76.1540645218089, 68.6184224259514, 59.334680511962056, 27.60995783636395, 24.397995881071836, 22.768527284462014, 21.975436368813725, 23.959353226097193, 19.195382153278555, 15.932322150246524, 16.79033226786894, 16.983178503524275, 20.412065770270413, 50.41786484585372, 51.974714920205365, 57.7710997389912, 68.84570455354448, 70.43639266951158, 67.87470627899764, 62.581909372636204, 55.507657577835225, 44.76799345311756, 42.56816371342885, 37.75593574569026, 35.51255833765455, 93.8321385480611, 83.19922860251928, 74.58148704367679, 72.01663454416268, 66.55760905746178, 63.200201161777976, 62.992943478790394, 78.36412541990401, 83.94650870163716, 87.25708098097199, 91.2197648228673, 94.92187845274906, 92.59034060309621, 80.59712554336797, 74.875792173443, 66.99575994949006, 64.482595652376, 74.46340220669357, 80.39105551472976, 87.02702135960658, 106.94964730549907, 105.0742775128427, 108.33950081213429, 113.0951667518841, 120.37737142721531, 124.91667539149, 121.69797667027561, 111.30848539671648, 97.33598094884503, 95.30280851518857, 83.48201397053889, 68.6653315391656, 58.25685947385318, 47.90708337671236, 43.981273078490815], [73.23870715574887, 80.68120981497313, 87.91824201368635, 95.08133041093235, 87.91386995178672, 79.41778687436694, 72.0519217509658, 30.820028788489754, 25.37818696759912, 19.515744599364638, 11.197999071136147, 0.0, 10.471732123427673, 18.52698007615904, 25.244374077951704, 70.3975085552423, 79.84757236200886, 86.65935811583392, 93.8172008771723, 99.71961873919254, 97.24803144518286, 90.89160906975603, 84.90933373420707, 77.55765894335742, 68.66949464562212, 38.5966559543201, 34.81355701352308, 31.49910012926987, 26.664781797698268, 23.302813760988823, 18.65624366539253, 21.279088541007905, 25.837714018358533, 27.798913581348376, 31.474878701955202, 59.489866209130696, 60.05955306316004, 65.12451664810352, 73.77827026185422, 74.33359165949499, 71.83064459032829, 66.06497060909916, 57.66305295342981, 47.359854623610715, 49.61468127685761, 45.93988620977972, 45.16236938353967, 95.40427619860965, 85.86570271237716, 77.3454215314895, 74.09483156565484, 68.20676357023613, 63.499584644945294, 59.827444307294805, 76.39640468112476, 82.89804992662042, 86.95788712574291, 91.50359217897666, 95.6567065825359, 93.80335036480992, 82.59207906466528, 76.18381443956787, 66.60121003481083, 61.49143492289627, 72.80400947905956, 80.4475696127107, 87.60190199017954, 113.50968820875504, 109.8244783541476, 111.59500320259596, 115.01793657725821, 121.29616971292191, 124.64608658768142, 120.67007367897435, 109.10006890887001, 91.16571516312608, 86.94334181677216, 73.784337383899, 58.47597501005695, 47.35202075885391, 38.585509954357235, 40.02691228990647], [66.24519773072048, 73.71005019244139, 81.07449526337479, 88.71077549832965, 80.77320241419203, 71.98163827717566, 64.82319003170363, 22.949976930040563, 18.152675313578133, 13.546459997213773, 8.375071543529941, 10.471732123427673, 0.0, 8.656455417941283, 16.611276620202883, 63.319032307400704, 73.18772087051362, 80.23828681486413, 87.83434632959735, 93.99324673181444, 91.08830513041283, 84.35115719214731, 78.19140298723546, 70.61714921838393, 61.335431934069334, 33.517167143357895, 31.501440015949065, 30.87385117811003, 30.0831489380089, 30.505255606844752, 25.548145821019578, 23.85373962831843, 24.731272115395154, 23.76571905038533, 25.985370504155103, 51.416504487213764, 50.92727134679017, 55.12324485621729, 64.78464411678411, 65.41783402314935, 62.398147134877334, 56.604038223154596, 48.82298721994241, 38.24291045150458, 39.342746445635925, 36.30056341935891, 36.913496518517135, 88.11283730006588, 77.53668682268962, 68.49518974916327, 65.43317957231633, 59.664998953253054, 55.72422260551622, 54.79316476011279, 70.3587652664359, 76.19745268208362, 79.82899633345625, 84.1345291718436, 88.30828082831695, 86.68397111906387, 74.3913519886069, 68.0405894667635, 59.390960098071716, 56.34047152469185, 66.63093031130863, 73.20670031169874, 80.31065848921398, 109.32322733232871, 105.29678266488811, 106.52890195165392, 109.96189088025831, 115.96150426360803, 119.17412245251639, 115.1292534641881, 103.37430070958413, 89.31016325255992, 88.03534049540012, 77.21116967002827, 63.384471981520754, 54.99412809392445, 48.58575132426064, 49.25626749856764], [58.3655900373466, 65.82183395700426, 73.19610276943563, 81.04316077879625, 72.74848646800194, 63.84480593111942, 56.8067434851951, 15.157314519353783, 11.90906970812011, 11.4928605588085, 12.77149656927903, 18.52698007615904, 8.656455417941283, 0.0, 8.528894654000247, 55.946862852839736, 65.89636491432438, 72.9320809633077, 80.62401386310059, 86.79601914109575, 83.62790171629901, 76.77796407083831, 70.6117982726131, 62.99083437874952, 53.66032651607373, 30.13147369186992, 30.16112788265711, 31.858588676655863, 33.96785006345814, 36.47362300112508, 31.815239450315204, 28.137907265272055, 26.306007433800424, 22.585336653508293, 22.636904609441174, 43.33153308379437, 42.30649545502726, 46.65171107744824, 56.723077292798905, 57.86877498775969, 55.178569275478, 49.98960710323114, 42.95698781175897, 32.20694337975827, 31.177770818803086, 27.71719257742358, 29.164656349970695, 81.60399072667396, 70.57308184091077, 61.81331605352248, 59.351985134625224, 54.073101296112334, 51.17953480911257, 52.80419577678343, 67.17768313953742, 72.19713208080897, 75.10855279232675, 78.83359471003307, 82.48185750132866, 80.39455974977021, 67.9161711274916, 62.291702200323094, 55.08650381445143, 54.091282527512014, 63.03550916394093, 68.1172754094431, 74.63341879042504, 102.90913914730281, 98.64235740882604, 99.79685443270795, 103.57253868389532, 109.85263963160757, 113.66019014369442, 110.16414850619188, 99.96114967702837, 89.17950543642237, 89.94854824069452, 80.77652079454695, 67.78282216885019, 61.13302769424287, 55.47094325652683, 55.66072743491284], [49.8931294794949, 57.37425166160656, 64.6999752687767, 72.55007060544433, 64.31580632821247, 55.44620328503667, 48.342283858952236, 6.699916913041012, 7.325620832376324, 13.463726569580874, 18.609354421157818, 25.244374077951704, 16.611276620202883, 8.528894654000247, 0.0, 48.54813831008498, 58.25890979716778, 65.05716135303314, 72.53320175701754, 78.51791937478973, 75.26894620567326, 68.54409348016263, 62.50827929549792, 54.98057210552053, 45.92462940131199, 28.346032792348154, 30.223015258882928, 33.453813740238786, 37.29561587830699, 40.89173737954094, 36.80281109720499, 32.41422572143709, 29.07543145484409, 23.588445475752977, 21.465065427161434, 35.568000900955035, 34.860738798465874, 40.75478093491031, 50.439061863844515, 52.57159688318802, 51.16151924256529, 47.256545668124545, 41.08186301186842, 30.6342682378908, 26.707687469005343, 21.246946223922933, 22.30171157740495, 76.56510194186907, 65.75314781631741, 58.15006751437251, 56.65571540545261, 52.21756896339035, 50.465969527503034, 53.867879490452054, 67.0843101359326, 71.268945915182, 73.28843642668527, 76.17358897130228, 78.81147070569172, 75.60627533851593, 63.924763211032186, 59.655234537200855, 54.19885049018041, 54.81916332731435, 62.35638521147936, 65.75846299263432, 71.20467255278828, 94.72272692308952, 90.38039875735605, 91.99843628012623, 96.4915389525496, 103.63571800806247, 108.73397271885689, 106.33450208276551, 99.11698143558961, 90.64090556692518, 92.44925559427402, 84.19196947168898, 71.45326039885028, 65.7400605010853, 59.83689428179896, 59.57645940886237], [22.11827194532796, 24.133965617147755, 31.949954838449223, 44.87499178343267, 37.92554489792633, 31.827250735493788, 28.197915906256107, 42.57104124944197, 45.4019650578791, 51.83809920994244, 60.678084161018674, 70.3975085552423, 63.319032307400704, 55.946862852839736, 48.54813831008498, 0.0, 10.74142562357688, 18.914649374476866, 28.715703995838467, 37.36009035758712, 34.671876977407344, 25.89146064388972, 18.692140881185576, 11.577189259522841, 5.534056729807981, 40.27686185523021, 47.5590862880596, 55.174869798876905, 65.37351025441487, 74.2681048731719, 72.49007482107011, 64.65539929692495, 56.8192509993795, 49.58512011450849, 43.479163182201425, 15.84014856210083, 27.330345333971994, 39.786633362564416, 52.02935826970913, 60.43891061589411, 63.54537182865872, 66.08405312233793, 67.69411707670425, 62.04468845989639, 43.920818553582784, 35.26897422554733, 27.27566675174158, 84.29126535917469, 74.16110283979944, 72.33956231206926, 75.73376603676319, 75.76479020241803, 79.77303204368455, 91.14603832436113, 97.92121244086898, 97.84781606755438, 95.83458608569396, 94.66249814805867, 92.756359406075, 85.36587391840648, 77.38624746087667, 79.83293932330777, 83.43877043256988, 91.11484675332082, 92.37102134376943, 87.82932901600132, 87.9153741833318, 59.223212155663106, 65.79433640723846, 77.30791409901532, 89.53171552271522, 102.81980079875136, 115.68306193851494, 119.30833043295719, 124.15775550696753, 127.9582334394387, 133.79950623372997, 128.1102374858838, 115.85485902771238, 110.35736734093183, 99.752241088163, 90.78445597809683], [22.522769985741498, 21.17581245266632, 27.279128883596503, 40.0660185019164, 35.14989503230876, 31.499884084535772, 29.76892962541443, 52.02647686740039, 55.102252762591924, 61.66760998817753, 70.40929556407566, 79.84757236200886, 73.18772087051362, 65.89636491432438, 58.25890979716778, 10.74142562357688, 0.0, 8.399671798993225, 18.51809726407838, 27.668588819890978, 25.6041443108938, 16.935658165866013, 10.334077321680688, 7.787925947812357, 13.287529612991085, 49.88862637188278, 56.871234769537274, 64.09669998160545, 74.02018942867872, 82.752110117503, 81.36049854943086, 73.85588573560597, 66.24053954769647, 59.32570722193041, 53.36498200600178, 25.074106737123717, 35.35688971545552, 47.33629219698643, 56.99215745967765, 65.92599540412766, 70.2828386922323, 73.86748304353452, 75.99577608976405, 71.05313401603448, 53.48399928039163, 45.17670269589654, 37.65573064592239, 87.49598419724514, 78.65892779579139, 78.55202147039648, 82.64985705215096, 83.39496998914221, 87.8585802062785, 99.37602154678784, 105.38352479663398, 104.7777688504127, 102.14235390567444, 100.22994580129117, 97.27798881870955, 88.877621571929, 82.73797078533136, 86.46234803965132, 91.14151690484077, 99.1790249050099, 99.65000635304835, 94.09987855879902, 93.06195157946586, 50.14310445523418, 59.607900426185466, 73.69935440829711, 87.565915682288, 102.25256035260128, 116.92643915653632, 122.05976189518319, 130.13548213988744, 135.13086199967572, 141.1238167140831, 135.72359232387953, 123.53714951666844, 118.26629475809013, 107.30468079654798, 98.06253002804237], [23.79466447254363, 19.946139932007043, 23.72271438834036, 35.57472416580678, 32.680244282604704, 31.280368590172817, 31.09032010925505, 58.63506245216262, 62.10943347606782, 68.95180039171407, 77.58430367844153, 86.65935811583392, 80.23828681486413, 72.9320809633077, 65.05716135303314, 18.914649374476866, 8.399671798993225, 0.0, 10.266213856681782, 19.588898970475544, 17.98881784737822, 10.019910704464685, 6.366660275974601, 11.156125636619775, 20.36551769486131, 57.78194806311169, 64.58705962272992, 71.51981280155753, 81.07207424867369, 89.45050687649591, 88.25025992938906, 81.1337308427074, 73.78175560055485, 67.00021636641142, 61.097917731858246, 31.870366265763735, 41.106157564599556, 52.70742671219886, 59.928882898863925, 69.10241381354689, 74.49892696655351, 78.87943647409986, 81.28003749854912, 76.9398290451941, 60.129538080007784, 52.09675237292713, 45.176529052118305, 88.48643326552413, 80.87486567777897, 82.19884045150104, 86.80690645864011, 88.10752679074866, 92.85756296645827, 104.34503763059114, 109.69941822235538, 108.68594258812507, 105.56872798601424, 103.07416282164965, 99.27610346532217, 90.07841177225359, 85.57154478507185, 90.29597177515254, 95.758116206251, 104.00020036136979, 103.81791868436858, 97.51243516671067, 95.56595927855109, 42.573090032924554, 53.63071640003727, 69.41492914354428, 84.38049608188611, 100.03580180668348, 116.04695368964593, 122.36294851293485, 133.11984026078977, 138.99689709135595, 145.16013885352487, 140.1614597703241, 128.20954237071396, 123.41877802240477, 112.64910514848339, 103.87960529085969], [27.689114229555358, 22.093421653358742, 22.35758699160144, 31.39806912231821, 31.85794017415569, 33.229303063063554, 34.38527969515086, 65.94638683794068, 69.76899609922202, 76.86976176416528, 85.2880235182138, 93.8172008771723, 87.83434632959735, 80.62401386310059, 72.53320175701754, 28.715703995838467, 18.51809726407838, 10.266213856681782, 0.0, 9.589562595240874, 9.937594876209635, 7.825793860002383, 12.00038691283277, 19.34351057236483, 29.433786530256082, 66.65176507139807, 73.16681772148175, 79.64199650920573, 88.58749158679889, 96.39489750187201, 95.45439532375127, 88.93558104231323, 82.01348739675811, 75.4553184803143, 69.67540652355272, 40.32992262858343, 48.717885347665394, 60.13140370890363, 64.45848159827922, 73.69722086707137, 80.27728606749912, 85.37999961569899, 87.7558054357935, 83.92446956999721, 68.27979728783536, 60.34462435610295, 53.84425435183223, 90.16861417079764, 84.25726333800225, 87.20588944192359, 92.25277719948305, 94.05354220144656, 98.90169391501387, 109.91670789596222, 114.77431195192167, 113.45522258172281, 109.90115067674816, 106.82959951056856, 102.08805388135457, 91.92621880208902, 89.52493673748633, 95.25896219810748, 101.29537801699436, 109.42102238667319, 108.70692772752462, 101.80496337463241, 98.891776645279, 32.68226209998819, 45.96268754755886, 64.14794149807473, 80.4295512835917, 97.33599192315262, 114.98805775925315, 122.73421094494513, 136.73247692453305, 142.95642824659782, 148.96193626435297, 144.24620014886807, 132.50080018453005, 128.19768811285502, 117.62443132106407, 109.57529236166482], [31.50052844004719, 25.116450272867898, 22.17363785983096, 27.142432334681928, 30.933061677215335, 34.74700855212791, 37.08135331603161, 71.83926749849466, 76.15509039433036, 83.59705037112685, 91.78767874483103, 99.71961873919254, 93.99324673181444, 86.79601914109575, 78.51791937478973, 37.36009035758712, 27.668588819890978, 19.588898970475544, 9.589562595240874, 0.0, 6.070513051775685, 13.025949764223869, 19.52651442151975, 27.005283959172523, 37.28632094231592, 74.72990289949655, 81.07770662324161, 87.23437835735317, 95.60412080712959, 102.7715293582499, 101.92517567581238, 95.98403875772429, 89.46548154644971, 82.98792248565499, 77.2696109591698, 47.33374422998904, 54.59343742967058, 65.59268507219065, 67.03954120221614, 76.17483360451423, 83.82060309281749, 89.5908779130372, 91.95602921323469, 88.74873208497479, 74.42756831549593, 66.79814104258604, 61.076088138188176, 89.6491174344745, 85.42649012045872, 89.90882150203379, 95.33696276150495, 97.63078447129281, 102.57038772768266, 113.14967690920619, 117.36276570639716, 115.71412404619194, 111.74093403962962, 108.12519992480763, 102.51572206363338, 91.54256931981345, 91.17503780778266, 97.83883006416183, 104.4398395576072, 112.49278102568248, 111.16142823652855, 103.67639188942165, 99.84330148788938, 24.204201771635233, 37.85456017131386, 57.69867084154496, 74.9191381849661, 92.74326800622723, 111.72070907669534, 120.71930890294925, 137.7081350804832, 144.44516786688433, 150.50932512307182, 146.34991046372923, 135.07065731226336, 131.5940229956462, 121.7758090146067, 115.0415119940453], [26.907260975470273, 20.005634444182, 16.554520726593633, 22.756330524027902, 25.35609405578823, 29.224159271024533, 32.135784207183214, 68.59634789900777, 73.33771038855777, 81.0597462303752, 89.31606855105511, 97.24803144518286, 91.08830513041283, 83.62790171629901, 75.26894620567326, 34.671876977407344, 25.6041443108938, 17.98881784737822, 9.937594876209635, 6.070513051775685, 0.0, 9.098939222505175, 16.15193954876318, 23.604865926152648, 33.94197304339594, 72.83079820257525, 79.42870486975002, 85.87280769409709, 94.39737105007947, 101.556855153413, 100.41038601464572, 94.34818935151806, 87.71190653807992, 80.9347506500507, 75.06143957324393, 43.45628408201381, 49.79039695806153, 60.26834643511174, 61.294825612298474, 70.44982008816497, 78.12079091126294, 84.08013878102128, 86.74472476235461, 83.9169106605323, 69.75091313633808, 62.61158238478783, 57.761605937205594, 84.15886243527407, 79.65173966366854, 84.15812912362586, 89.6907344489671, 92.14459946644607, 97.29936497769637, 108.33557270365307, 112.0832382633446, 110.23382614549968, 106.14887268342967, 102.46427613712419, 96.88823829348776, 86.09309586607017, 85.45967035982007, 92.22809296150533, 99.16809186579708, 107.63318966677981, 105.93715901032952, 98.16486511141427, 94.2773929661628, 28.656802831198334, 37.54102825962648, 55.0652890777354, 71.59528553645285, 88.74954010412296, 107.11051141032053, 115.72355584813788, 132.188320549487, 139.82110810613676, 146.59214436015796, 143.03893025390698, 132.2087083839037, 129.3549410834046, 120.46711585656999, 114.58896534757241], [21.511715908523104, 15.175665720857124, 15.600363440222312, 26.34930276925678, 24.944342808023862, 25.99079133980699, 27.803786821349153, 61.947977230390634, 66.43526794849694, 73.98171055826279, 82.45507407999948, 90.89160906975603, 84.35115719214731, 76.77796407083831, 68.54409348016263, 25.89146064388972, 16.935658165866013, 10.019910704464685, 7.825793860002383, 13.025949764223869, 9.098939222505175, 0.0, 7.210607350061644, 14.961349206298241, 25.390894293755533, 64.92134014564907, 71.75717844767657, 78.5735293862314, 87.61690470990105, 95.28845132070353, 93.94479474443885, 87.36310536877387, 80.35478219627785, 73.39003829360936, 67.40270041087308, 35.46755807019385, 42.50138947177394, 53.29376659364664, 56.926451283452224, 66.19195682549363, 72.87637981013945, 78.26344084063679, 80.99945393370005, 77.7002966396925, 62.37111704363663, 55.09699819782632, 49.906130773295686, 82.84094694631514, 76.65335717912383, 79.69547324538175, 84.88962337964354, 86.91766553750949, 92.03573881486925, 103.58131645417488, 107.81230266016925, 106.23009355325276, 102.51902530594245, 99.34123403169204, 94.60705027891478, 84.63909964064251, 81.99788737804967, 87.90130812019662, 94.38382100732069, 103.01379094622615, 101.79956441287828, 94.51723923476492, 91.49779068703344, 36.766439164056585, 44.893781631503, 60.298929443719004, 75.63914510933272, 91.68394591363396, 108.56961841160035, 115.87167376582416, 129.3727668253612, 136.69992628086243, 143.5939431828131, 139.71206176782914, 128.6072965624518, 125.22827780563668, 116.01670541454385, 109.35996035262919], [18.165988851718616, 13.719257226133672, 17.844132611663643, 30.308228276680644, 26.50995772232123, 24.95859330766197, 25.20608394409663, 55.9934556132374, 60.19880225051404, 67.56644550773191, 76.1540645218089, 84.90933373420707, 78.19140298723546, 70.6117982726131, 62.50827929549792, 18.692140881185576, 10.334077321680688, 6.366660275974601, 12.00038691283277, 19.52651442151975, 16.15193954876318, 7.210607350061644, 0.0, 7.950470376255861, 18.35781131623147, 58.00999330120456, 64.96452285353483, 71.98216795158021, 81.31110486928891, 89.28145206955891, 87.81477485962155, 80.92489034362399, 73.71179171747411, 66.65524906368306, 60.61910347047183, 28.929537851892242, 36.911821316574205, 48.28821476851122, 54.11098012985184, 63.32473473419096, 69.17534183145321, 73.92580011601495, 76.44196620467973, 72.58333011481753, 56.481662624623034, 48.887754012740174, 43.19392221867799, 82.17357562405377, 74.79950018223026, 76.57819623254169, 81.36721204950832, 82.91905411694414, 87.81691071810944, 99.42990254981255, 104.2940757040662, 103.07750080940325, 99.78056514451269, 97.10957787059459, 93.1107342258725, 83.78975540707259, 79.63553358317458, 84.69137233750122, 90.5153094813024, 98.99172818505238, 98.37284630545169, 91.73193036700262, 89.5131659510211, 42.790707258897896, 50.25161381619474, 64.33218827045296, 78.75099399961778, 94.01106778243735, 109.76166507912271, 116.02318587841883, 127.1647000603302, 133.65655711325306, 140.3481570591931, 136.02713204817772, 124.6239132427794, 120.7376346837139, 111.20954938699299, 104.01802351639147], [14.870423146884727, 13.913619044587392, 20.947505990664997, 33.95211411711745, 28.059655497994214, 23.80377335264317, 22.04756605639525, 48.548837855895385, 52.63937640263984, 59.96310822784172, 68.6184224259514, 77.55765894335742, 70.61714921838393, 62.99083437874952, 54.98057210552053, 11.577189259522841, 7.787925947812357, 11.156125636619775, 19.34351057236483, 27.005283959172523, 23.604865926152648, 14.961349206298241, 7.950470376255861, 0.0, 10.44112567901843, 50.57871721750105, 57.66080805510655, 64.86118524661998, 74.3325933985078, 82.41141126247742, 80.73294752947976, 73.6533531500013, 66.32848636211874, 59.112683842712414, 53.007498803753904, 21.15570614506852, 30.096265317970303, 42.246581547771406, 50.011019584043936, 59.02377297736627, 64.06415402434904, 68.10343917820215, 70.2166231256773, 65.78608007855652, 49.22481380154526, 41.2754307776656, 35.28484861943395, 79.88481549384511, 71.4425179130709, 71.94286164924887, 76.24791164195712, 77.27078544548904, 81.84016058699277, 93.33368182795441, 98.87229298653638, 98.08206213932648, 95.25167015175272, 93.13804451050649, 89.9117818215186, 81.26456591679182, 75.66998230744379, 79.80230732007341, 84.82670702467853, 93.01972511768469, 93.0368406153179, 87.15116435511172, 85.78028974034915, 49.391057922930514, 55.00771724620078, 67.22623520238153, 80.44174715947175, 94.73851310112401, 109.18143199640429, 114.30727249988746, 123.03511339745097, 128.47124707584814, 134.94136200664826, 130.2740734785785, 118.69580874819208, 114.5176059816401, 105.05019818319428, 97.88356339026468], [17.440021015546428, 20.49197250241931, 28.684968649434182, 41.376518898576236, 33.743986554700065, 26.99473512504031, 22.998306407868345, 39.75036779229378, 43.46231282658112, 50.55416040280675, 59.334680511962056, 68.66949464562212, 61.335431934069334, 53.66032651607373, 45.92462940131199, 5.534056729807981, 13.287529612991085, 20.36551769486131, 29.433786530256082, 37.28632094231592, 33.94197304339594, 25.390894293755533, 18.35781131623147, 10.44112567901843, 0.0, 41.077719332606584, 48.3942204300555, 55.94984860226088, 65.74915630145058, 74.11051524299948, 72.10260195257331, 64.61407227712407, 57.03026297508747, 49.56294469835719, 43.3505142896572, 11.786583214528033, 22.767122236862566, 35.691943403693735, 46.81968477526614, 55.27565509931543, 58.8103847711596, 61.63936860622264, 63.215453927086436, 57.894940775385386, 40.40845252373027, 31.933166456004027, 25.243070966328165, 78.84291314955108, 68.88812144453404, 67.38392335476645, 70.89944005871952, 71.0978258983347, 75.1783104896245, 86.57055382587833, 93.04445412929253, 92.85856391359201, 90.72884778251526, 89.44778014045941, 87.4021612080628, 79.89557110215974, 72.16650285552525, 74.83762165547847, 78.65413617197662, 86.45854131542566, 87.4139749430805, 82.66545319640268, 82.57673972405094, 58.96408701952325, 63.05960920474517, 73.14230224362234, 84.77289472735946, 97.67378829888685, 110.25741050364219, 113.79563167116868, 118.95909155950949, 123.04731120004816, 129.24938510717647, 124.0917321095165, 112.27694611150713, 107.59170776545945, 98.12393518173752, 90.74559698697958], [53.43873454718061, 59.36080194957219, 67.71107095450441, 78.68790887096682, 71.05150992557246, 62.623623255834936, 55.83137258634541, 27.50394658276688, 21.873685221565047, 20.44734546693064, 27.60995783636395, 38.5966559543201, 33.517167143357895, 30.13147369186992, 28.346032792348154, 40.27686185523021, 49.88862637188278, 57.78194806311169, 66.65176507139807, 74.72990289949655, 72.83079820257525, 64.92134014564907, 58.00999330120456, 50.57871721750105, 41.077719332606584, 0.0, 7.76774991433948, 16.397492986625, 27.80420129006705, 38.24746601821299, 36.01915135089596, 26.431574535660697, 17.62620111682543, 11.314018601176242, 7.639255673554722, 35.66340800921947, 42.411234626699994, 51.20984046028827, 67.48161828467238, 72.08967976453889, 70.38695261805553, 67.30492893583408, 64.19215586986688, 54.28320011529823, 40.774722001422276, 32.45578823892281, 22.7614623290715, 98.8577663239405, 86.83301741067199, 79.333659