{
	"dissimilarities": [[0.0, 7.584886228537509, 15.305255478986586, 26.052690095165623, 18.226038434198497, 10.562478696098939, 7.528653952442363, 43.10356535545738, 49.07994292370225, 57.55269949750846, 65.6506373482077, 73.06791184910783, 66.13304517330732, 58.182947940999746, 49.739078712214734, 21.403845797965257, 22.096228453172248, 23.529325440380266, 26.876787123389615, 31.39880519205317, 26.81102932786556, 21.445067177910587, 17.937245714942133, 14.355819128232701, 16.469160268009567, 52.87501726113318, 59.732576183357246, 66.43010275459224, 74.50818115661122, 81.20123590841474, 79.15659036551455, 73.35815040721764, 66.99782213958972, 59.63666221526462, 53.612884460642384, 21.259200424216363, 24.27106496580257, 36.01971897843028, 37.93338623593077, 47.79061296857719, 54.264103079969, 58.97688774325152, 60.45536900400898, 57.114914730869266, 44.09323152165206, 37.40493455877034, 35.135571928934624, 65.58757628565553, 58.21156458759669, 60.18703847304236, 64.85541812410541, 66.31326509556904, 70.7918260295997, 82.15782452298808, 86.28120011624489, 85.3221619654598, 82.23133815292336, 79.81989808053542, 76.08285695266022, 66.87784989383674, 61.81932922883879, 66.98305254294556, 73.02574632320118, 81.62585149676545, 80.1916168655824, 73.93350100889964, 71.98791323306618, 52.24209713215085, 54.49886089266664, 61.88836731144193, 71.93437548097789, 85.47218160054194, 95.50368896234342, 100.40191992487044, 109.07628055463563, 114.42415363566471, 121.20355228511299, 119.04598469695566, 110.10635256703853, 106.91906611959828, 100.84848593287936, 96.46206806782499], [7.584886228537509, 0.0, 8.814096803030301, 21.18163497642023, 14.670011285653018, 10.63138468981073, 12.652304064160566, 50.58118274642098, 56.37048570985574, 64.7462706924454, 72.90984666948357, 80.4822010870024, 73.61759169224193, 65.67999290000975, 57.25574010796602, 23.615828875323707, 20.84133674078448, 19.708683781678218, 21.169851891218087, 25.000147833534808, 19.921502169629203, 15.112917578023907, 13.511844133269966, 13.493954109471916, 19.807340187290293, 58.95167645256207, 65.91037213273562, 72.71361240996504, 81.05466949035144, 87.96081408174106, 86.07766167073657, 80.12628975173145, 73.58533547679052, 66.25547903707893, 60.18090515909066, 27.185157169885578, 30.469933543133187, 41.03397189954614, 42.04045784076042, 52.173470287601006, 58.988072820334764, 64.39407567767495, 66.640782429895, 63.91347908081331, 50.59897376366557, 44.30304257832893, 41.79166319802495, 68.06452175169542, 61.4732976963641, 64.55810540685846, 69.74499275918559, 71.7725326676455, 76.75167553763039, 88.6255568448636, 91.91382465904815, 90.41370916675545, 86.81256497410823, 83.819441722454, 79.3709622639042, 69.7796301878262, 65.7697853334563, 71.82511915528217, 78.8446081168866, 87.98901957036477, 85.84306132618251, 78.68837809068134, 75.91077703624737, 46.904930671048696, 50.664083626436465, 59.765435606030486, 71.17940488263163, 85.32446857781157, 96.62325614975883, 102.58235675682117, 113.28984770497759, 120.32401030547443, 127.59143619836361, 125.81136907812619, 117.0553029103926, 114.08211209430387, 107.80317783317675, 102.85525332117516], [15.305255478986586, 8.814096803030301, 0.0, 12.928360012875798, 9.521269080484702, 12.281179299565048, 17.622183599981557, 58.11578551606176, 64.20185766646952, 72.70933783536837, 80.7252242882102, 87.81430783449801, 81.0755035705641, 73.15243301071604, 64.66552642265228, 31.90981483205432, 27.358159940674046, 23.748100152389853, 21.338014059744946, 21.42890521366563, 15.750424057674195, 15.634626643612728, 17.980249853450452, 20.97530914547018, 28.48615009862751, 67.56608809850097, 74.42349238759752, 81.04463904079459, 89.05529641684943, 95.5526079961679, 93.77543530229207, 88.19313766076516, 81.89427304984882, 74.65257625931648, 68.64031806340334, 35.85837284031115, 37.96667451125823, 47.233335635065885, 44.871736934287725, 55.12950757940276, 62.85620061910841, 69.07531630034461, 71.61432893600568, 69.78556695956875, 57.81223303899829, 52.1545826769143, 50.31420891190526, 67.00386308681387, 62.23741013630831, 67.27835380583726, 73.03391201565549, 75.75827227103092, 81.04467839476389, 92.76254938399615, 94.98902811225275, 92.92747000370441, 88.7252495855641, 84.99442005148505, 79.47364603306576, 69.11049225831273, 67.45429836216695, 74.77022982135621, 82.6403929356967, 91.9241945420338, 88.83554197191576, 80.72754743808221, 76.7460237523089, 41.762125138348, 43.431776783579906, 52.82103964334005, 65.29767132766064, 80.0768399789887, 92.89135056687167, 100.20333266763231, 114.22891054714047, 122.71598646430931, 130.42599802249006, 129.33156096522768, 121.15533914933098, 119.07991131915695, 113.59325174647158, 109.71968568713748], [26.052690095165623, 21.18163497642023, 12.928360012875798, 0.0, 11.891201109919635, 19.972617809539965, 25.813995743079158, 66.35747636803833, 72.87857775922373, 81.55782570280834, 89.16677275347948, 95.18433979746999, 88.82278865682605, 81.07509498946517, 72.58618921147855, 44.42403296243583, 39.57699207321494, 34.89961386673481, 29.65174888920495, 24.927592343977107, 20.49141604133228, 25.672454806172723, 29.862438926151942, 33.51195427283537, 40.83313819836293, 78.30099835216156, 84.83512893837006, 90.96322258774973, 98.08574046090577, 103.59698522115853, 101.96229339417317, 97.24937242486934, 91.59615776628286, 84.58616970224874, 78.78166422292419, 47.26243452311057, 47.95036563958647, 56.16350940782097, 49.04337087819183, 58.97498649480756, 67.91337252926606, 74.79204244079655, 76.97241434484862, 76.10261709641351, 66.83386620107287, 61.78851032303323, 60.86605018919354, 64.32427185548163, 62.768930689350164, 70.44873627415079, 76.64070010863725, 80.02372153438903, 85.23705621752048, 95.81039473590471, 96.95172865136755, 94.44953750456689, 89.67809261801106, 85.15194460440847, 78.24538092317972, 66.72335906660085, 69.00141374463007, 77.72031169516909, 85.99327733206262, 94.70598177803608, 90.6522578290985, 81.80447197841967, 76.33333239412008, 38.016959646325006, 32.179770983305936, 40.45707321077279, 54.3312480668057, 70.21358497076947, 85.23761417999995, 94.40551294485559, 113.33969777393075, 122.49810061402079, 130.25157530021082, 129.89891607230678, 122.57454570253925, 121.93832557237644, 117.94965852387361, 116.46619234432414], [18.226038434198497, 14.670011285653018, 9.521269080484702, 11.891201109919635, 0.0, 9.327856500606181, 16.3395503458989, 58.17076889041759, 65.03819882902823, 73.74498456481018, 81.52562404890527, 87.92906527621429, 80.76506694549373, 72.68560227389479, 64.26346390677362, 37.841776923132265, 35.17000946009987, 32.66395609732913, 30.815977479116338, 30.05633653239736, 24.40105593391225, 24.94113967278246, 26.570270495153956, 28.037502067964347, 33.518801746918605, 70.74721914195668, 77.56848253008425, 84.15147182521753, 91.74065342275698, 97.70447882217029, 95.57154251665489, 90.37362869330326, 84.38981278776455, 77.00880538429595, 71.05817461904329, 38.25788843935679, 37.23635193172362, 44.47235500657221, 38.1795951843008, 48.30580446215243, 56.788570310978656, 63.642984975007174, 66.41176978883423, 65.75970632037024, 55.90402234865246, 51.662696130479254, 52.07394826223164, 57.77984994490284, 53.803676372397845, 60.10130090808895, 66.21588708868146, 69.5008786741298, 75.04560803500725, 86.82575025374358, 87.90892047418754, 85.37024382085049, 80.76887193777785, 76.61879372197943, 70.6061721041994, 60.02710301192327, 59.50701796810679, 67.63909028546553, 76.18920386730687, 85.80032855086253, 81.77415046180039, 72.91918482264073, 68.24872046317019, 47.99861041058386, 43.510447282119, 47.706905273521265, 57.93795286554691, 71.67490288440558, 83.71403170139553, 90.88907240793696, 105.66286367430999, 115.62205014383782, 124.4062966748541, 124.67509541303424, 117.67529555571672, 116.91658676376706, 113.62664469238248, 112.2315448614779], [10.562478696098939, 10.63138468981073, 12.281179299565048, 19.972617809539965, 9.327856500606181, 0.0, 7.371280302129471, 49.250242347948344, 56.08525973823138, 64.75339540890363, 72.62274707764308, 79.32942857926058, 71.95492462093559, 63.800453131315564, 55.393763030550545, 30.920644236522282, 30.53584539417782, 30.242191417224348, 31.222804182317866, 33.21936514217834, 27.709897069983842, 25.006695478158925, 23.975692782997992, 22.81147262244443, 26.00646934873769, 61.82478560418353, 68.68203954296638, 75.37348676904622, 83.11257240663971, 89.30557647414236, 86.9990758410327, 81.57042275467145, 75.47072907028397, 67.99450929773411, 62.021246596453224, 29.274889730488702, 28.1132254530785, 36.51877875046347, 32.99444847633666, 43.23317260774706, 50.970431635026486, 57.0354247026336, 59.39375298016378, 57.87951126485284, 47.061416320089926, 42.408157377531175, 42.84752579375909, 57.44546658973453, 51.320033396313, 55.48002609517657, 61.00798698519956, 63.554225827050765, 68.76431224594457, 80.68560272281833, 82.91653861407882, 81.01117136050408, 77.07316319184423, 73.75496305434694, 68.94817866368356, 59.18384347858508, 55.98724668762368, 62.77693960193942, 70.39540395981648, 79.85464829141951, 76.80912847929444, 68.9916729464057, 65.67074958015439, 52.99905384544619, 50.51470331658126, 54.534374463252206, 63.44096758463803, 76.36991543731978, 86.54156610830587, 92.08571113953484, 103.12412753938138, 111.36969079106561, 119.71210292718942, 119.34001920908831, 111.82561909356833, 110.30112951390987, 106.54280709638464, 104.58301545963772], [7.528653952442363, 12.652304064160566, 17.622183599981557, 25.813995743079158, 16.3395503458989, 7.371280302129471, 0.0, 41.949313349211344, 48.76777850544903, 57.457159492938324, 65.29045533651906, 71.99104310100557, 64.69567862051765, 56.59012119873678, 48.15119105650687, 27.56860774105361, 29.388586539459787, 30.830480723592686, 33.46026362410245, 36.71505251033316, 31.729092492892406, 27.696607055204833, 24.984710186385232, 21.625526655345112, 22.169989557131753, 55.12866089397468, 61.840093666500195, 68.38603284099861, 75.92896210696838, 82.02055688442582, 79.66920255055535, 74.32250685662292, 68.35408913197904, 60.928908118196546, 55.029278885119425, 23.49127533925724, 22.609244259153577, 32.82578456655503, 31.38109580926527, 41.3147188030409, 48.4696222840849, 53.574938571850225, 54.979365765849465, 52.44301335827167, 41.42618092398319, 35.97945723220135, 36.13136013480379, 58.171364948242505, 51.05764570409358, 53.659504145664066, 58.50452349916759, 60.257550708982095, 64.82665950502624, 76.13370670421749, 79.6230081762465, 78.45392804076243, 75.18688596596836, 72.61860432039893, 68.70682724759368, 59.39767768800852, 54.824454126750936, 60.40225620785518, 66.72860939159649, 75.46660772395295, 73.47283500969752, 66.86092866698141, 64.63292650303738, 56.333723070339424, 54.47895367378321, 58.457111262785865, 66.69564125158439, 79.3482015451341, 88.49705946289204, 93.01125252553047, 101.78265356497985, 107.7324579705562, 115.19721433984037, 113.9921044608805, 105.91720578907622, 103.784489804489, 99.58554725648088, 97.48939135573096], [43.10356535545738, 50.58118274642098, 58.11578551606176, 66.35747636803833, 58.17076889041759, 49.250242347948344, 41.949313349211344, 0.0, 8.21952487223909, 16.573240005489847, 23.70509075827007, 30.682900979157118, 23.041903212251587, 15.252856639925355, 6.98860998148287, 41.84652390662682, 51.40992601248131, 58.09698963811672, 65.06157971270635, 71.36692626274451, 68.2139719171235, 61.58480000498976, 55.56057504084864, 48.07639263338472, 39.10364649664967, 25.598521200681148, 29.03443249788017, 33.36029580990891, 38.41126302238084, 43.498180916410504, 39.98271240494924, 35.23341617154445, 30.93735531151603, 24.51060701573215, 20.805483515996308, 28.692552116078243, 28.519838638781078, 36.479737518735426, 46.10936968169477, 49.18227372186929, 49.73538967181411, 47.02024588693136, 41.78274445448926, 32.012375665669765, 24.911278927785023, 17.23535522335821, 16.78938473736337, 74.31284765197744, 63.635612201885785, 57.13386562028851, 56.60623412081183, 52.94664759921248, 52.21175693666881, 57.67992864174589, 68.9678735294498, 72.46152406530727, 73.74989613033745, 75.92340260573508, 77.73045223499021, 73.02182347232889, 61.78260171726911, 58.916876791591946, 55.787364623443366, 58.39452303167362, 63.873464438492846, 65.88517711711422, 70.4368661785473, 88.76227611976091, 88.78969242346028, 91.08490159924936, 95.14692010096971, 104.69235150471054, 107.55474597233128, 106.1193486857354, 100.31383074403978, 92.96606008005072, 95.06452371604782, 88.96124695174544, 77.84470214808167, 71.19742176122804, 64.63654733973557, 61.99598013919025], [49.07994292370225, 56.37048570985574, 64.20185766646952, 72.87857775922373, 65.03819882902823, 56.08525973823138, 48.76777850544903, 8.21952487223909, 0.0, 8.788531751321832, 16.61696822258423, 25.19120224692736, 18.593275433974863, 12.569176351214505, 8.398453934304039, 44.86924990712019, 54.63213686277754, 61.69991312311605, 69.09412536627654, 75.87523314111613, 73.15398358257342, 66.18375994483331, 59.89107897372, 52.32061001441453, 43.03112142443972, 20.017746574731557, 21.91785418009037, 25.432031278835456, 30.302526425234586, 35.956453660859914, 32.40994554024022, 27.0971334413878, 22.78867350383216, 16.794409406114433, 14.17497708826321, 33.17563094116166, 34.859426298858516, 42.71521735910454, 53.97921203750153, 56.7386577343999, 56.51596066516406, 53.023715017133995, 47.4952700525873, 37.14188759515985, 29.92950532378992, 22.426480705499785, 19.10755166870494, 82.29662687216347, 71.43079425669744, 64.20956521938402, 63.17297979795086, 58.97649489965999, 57.61871711779752, 62.008221396558206, 74.32084462674477, 78.38943504569998, 80.22845095073977, 82.88522295824626, 85.21412910037932, 80.89813497442364, 69.21368969331108, 65.56844885223401, 61.42803435736967, 62.98529831676353, 69.57485702736906, 72.62995813049949, 77.78056240469105, 92.91550886496219, 94.66240115396997, 98.17937889770712, 102.75406875248085, 112.5384728194809, 115.37068881574436, 113.64746140129671, 106.43165671292148, 97.05225049715449, 97.72225878575796, 90.11770249695105, 77.92885258614423, 69.52186876837993, 60.55650908002949, 55.26463488465115], [57.55269949750846, 64.7462706924454, 72.70933783536837, 81.55782570280834, 73.74498456481018, 64.75339540890363, 57.457159492938324, 16.573240005489847, 8.788531751321832, 0.0, 8.548642327592963, 18.96176034191251, 13.626805035108598, 11.541510620965957, 13.624737616772332, 51.68726029432054, 61.58430273552227, 68.91472823028613, 76.61469959199441, 83.69560379749213, 81.18385246000767, 73.98715505126012, 67.52928586334437, 59.91627734148614, 50.42165346685, 19.471083661107333, 18.361320176936868, 19.768641767637174, 23.228501628439318, 28.9384235421798, 24.86135686024069, 19.192362745307545, 15.81352021359071, 11.783718032208721, 12.745533318413433, 40.717644335103806, 42.596880679360936, 49.265238659184654, 61.45360587011905, 63.3701398975178, 62.120138585178985, 57.58451646179915, 51.52529540227429, 40.798724644616044, 35.06678883087188, 28.990227494484174, 25.75957730765963, 89.30010158874802, 78.14516390285235, 69.884663902381, 68.08256879164678, 63.19992394551529, 60.99306254968204, 64.03692489571613, 77.37001637418513, 82.1271751027888, 84.69876768902402, 88.04166768798514, 91.19566095659616, 87.66961233409755, 75.28086048280029, 70.49867456470322, 64.99789527297773, 65.30804794141113, 73.12507911935852, 77.5308024835047, 83.56030952625949, 100.50310474285729, 102.94918510463955, 106.61129212061513, 110.90306778687489, 120.32527750390959, 122.39374607335017, 119.88325486173375, 110.25881981457148, 98.68472403330746, 98.12380883931988, 89.37483511238824, 76.56321711542502, 66.68163668930262, 56.35606206007136, 49.4878132795635], [65.6506373482077, 72.90984666948357, 80.7252242882102, 89.16677275347948, 81.52562404890527, 72.62274707764308, 65.29045533651906, 23.70509075827007, 16.61696822258423, 8.548642327592963, 0.0, 11.35145945848136, 9.459738967643716, 13.35522299887104, 19.095757147466788, 60.14115761576408, 69.95080435549039, 77.21337829874584, 84.77238004787269, 91.66348720859965, 89.25209850303376, 82.25412845603175, 75.87646424033275, 68.31693327889965, 58.90982005013127, 25.860239237916286, 22.503992616311645, 20.755568907446623, 19.91178735800556, 23.13018683802407, 18.34764115435123, 14.949957451333798, 15.677749012512734, 15.930016900821323, 19.479384431315097, 49.22441563184117, 50.59869873918897, 56.37539601375866, 67.77386215386406, 68.84405563790008, 67.09140615695448, 61.73760341375607, 54.69249877382088, 43.9017084028452, 41.312590429804295, 36.53724417566593, 34.27008536086266, 93.92451198977582, 83.08232933700346, 74.33311056397963, 71.81642271798079, 66.35169849497083, 63.07287562378954, 63.87006601539689, 78.26198544020698, 83.81049578850903, 87.12122898590614, 91.10484626703469, 94.90532872533015, 91.97193076834037, 79.68057104403164, 74.00445059275266, 66.92001239460771, 65.36915844825978, 74.41319809425391, 80.31390478606927, 87.05329960203886, 107.7215035579835, 109.51470220099982, 112.53038096974416, 116.11136092225381, 124.99873423997313, 126.21590088519805, 122.92804621446479, 111.55328673830962, 97.02633517771613, 94.84225697481543, 84.87204856558793, 71.52969276717775, 60.55305458942829, 49.80795064164795, 43.85360257538846], [73.06791184910783, 80.4822010870024, 87.81430783449801, 95.18433979746999, 87.92906527621429, 79.32942857926058, 71.99104310100557, 30.682900979157118, 25.19120224692736, 18.96176034191251, 11.35145945848136, 0.0, 10.31733778256634, 18.13860716143238, 25.01462725963489, 69.75262807641923, 79.28931237232838, 86.16559351883724, 93.12822561631627, 99.3074000715902, 96.88780774528769, 90.54505037720435, 84.50859257171228, 77.11483082511816, 68.07974971577842, 37.00190388537556, 33.19723798097187, 29.817896037890048, 24.685749919522273, 22.201810788199552, 17.607287658712146, 20.36239363276481, 24.939692522684915, 26.944940962391936, 30.63587773987037, 58.327954738418526, 58.62735163378882, 63.7375556685531, 72.57641923110991, 72.7595680721393, 71.08171422471361, 65.20329090863947, 56.711937976568656, 46.294015153922636, 48.379436936374475, 44.764256786410336, 43.983019586144046, 95.38028868555479, 85.6398177428288, 77.08633069779991, 73.9268151356945, 68.03576434208419, 63.432992909386364, 60.75798486320655, 76.25191424872065, 82.71802950835584, 86.76974347666363, 91.3266059165547, 95.54471307414586, 92.99989615375834, 81.83889927370241, 75.57825759645331, 66.657874647073, 62.39715509457658, 72.67873685924646, 80.27214214700732, 87.49544460117018, 114.02281893778931, 113.62733689524143, 115.04620858609084, 117.3635777198117, 125.4425656907037, 125.67444790691283, 121.61912675000568, 109.3764092207616, 90.8362195026336, 86.40441893293618, 74.99296138124627, 61.10132539016785, 49.48225370191303, 39.98198332643528, 39.77232469352574], [66.13304517330732, 73.61759169224193, 81.0755035705641, 88.82278865682605, 80.76506694549373, 71.95492462093559, 64.69567862051765, 23.041903212251587, 18.593275433974863, 13.626805035108598, 9.459738967643716, 10.31733778256634, 0.0, 8.521438787408206, 16.594043595950627, 63.22279373985092, 73.12644922962814, 80.18842451907328, 87.43392756989961, 93.85610490007221, 90.98003847450796, 84.31442182304274, 78.14023596711512, 70.56508627613246, 61.22818553601959, 32.73231620349688, 30.749224690200343, 30.045686865751968, 28.940265575916904, 30.057047143720375, 25.12110842894258, 23.874648840006216, 24.902030727300716, 23.92189509446984, 26.06432852927545, 50.67676707660837, 49.75072329202069, 53.8472455386755, 63.33229307319198, 63.315669244719444, 61.25855639962429, 55.38425854361888, 47.398470102361124, 36.77522854537978, 38.22891107075675, 35.390720564918304, 36.3371474603244, 87.43456039288047, 76.81185329521355, 67.73949615913308, 64.69596456999155, 58.906237663676414, 54.92089715217477, 54.617462136447365, 69.3118806872549, 75.18737256212366, 78.85942583901137, 83.21177776949888, 87.48078438518543, 85.20119262324924, 72.91500833673317, 66.61896473082129, 58.54702573306191, 56.16727561526198, 65.61457761653489, 72.28850012754641, 79.50631801685894, 110.08793661764838, 109.34317260607962, 110.03572662116956, 111.96642506821041, 119.64470979528384, 119.49603790006225, 115.3407037971201, 102.66305421769437, 87.69113364285728, 86.1329343336623, 77.27803750580885, 65.06897773329376, 55.70714987888305, 49.318978465622536, 49.24732124064591], [58.182947940999746, 65.67999290000975, 73.15243301071604, 81.07509498946517, 72.68560227389479, 63.800453131315564, 56.59012119873678, 15.252856639925355, 12.569176351214505, 11.541510620965957, 13.35522299887104, 18.13860716143238, 8.521438787408206, 0.0, 8.516666536644545, 55.945610023090296, 65.89101278791927, 72.90714362909247, 80.15214879388718, 86.58621177981306, 83.46525499901921, 76.73278921564442, 70.57268375697502, 62.97415248884699, 53.636114410185094, 29.416787244157597, 29.463319324044313, 31.02154630986104, 32.77504309379632, 35.8370702040198, 31.214360657842423, 28.059744595193397, 26.503910382642292, 22.865611277476685, 22.8821677532102, 42.77284187518216, 41.29088088452128, 45.61128481591069, 55.32019714004355, 55.84194413284402, 54.21108779245937, 49.004378588763196, 41.7190533376907, 30.944963486109994, 30.401092932618013, 27.09623712557015, 28.920364424364106, 80.8315108813369, 69.84063813184693, 61.11132028880591, 58.6764612444727, 53.38674751977036, 50.4062148520816, 52.52302291343088, 66.10246407436571, 71.17975350031539, 74.12921804437998, 77.89084624713588, 81.60400773456617, 78.85288882513777, 66.34547120480369, 60.801296940467424, 54.19851597327681, 53.81647452850383, 61.961738985355595, 67.16784252968496, 73.78057247832928, 103.57366885021582, 102.72034783725013, 103.37927311058682, 105.56834057231266, 113.48281617054676, 113.85605416897239, 110.28707796592639, 99.13715442561723, 87.36281911185269, 87.77554383249164, 80.5346776902666, 69.17851836723193, 61.313357893501234, 55.83117369004989, 55.325039327516095], [49.739078712214734, 57.25574010796602, 64.66552642265228, 72.58618921147855, 64.26346390677362, 55.393763030550545, 48.15119105650687, 6.98860998148287, 8.398453934304039, 13.624737616772332, 19.095757147466788, 25.01462725963489, 16.594043595950627, 8.516666536644545, 0.0, 48.54423894668839, 58.26238054142386, 65.03846290981616, 72.04144308956131, 78.28923474861779, 75.08780891175111, 68.50748969275202, 62.481771983296994, 54.97017425629262, 45.88281609701536, 27.64439503355055, 29.61216420725858, 32.76828511156051, 36.33134626523607, 40.40433603880268, 36.37767824354031, 32.422466995193965, 29.316753588295906, 23.915107590738668, 21.771616159265808, 35.14460926568819, 33.82926229114874, 39.73724677262124, 49.00797452569837, 50.74085335586537, 50.31178505005792, 46.394841518849724, 39.98268479115022, 29.563345533165727, 26.09477443806062, 20.843920857432874, 22.372924173205387, 75.73783602983778, 64.94246430061997, 57.39464779073565, 55.951257781169666, 51.50834904682226, 49.698476683872656, 53.660197030372224, 66.00780153435915, 70.23306716726032, 72.27725658580563, 75.18972000894269, 77.88262964077035, 74.08286288701113, 62.277153027079216, 58.142725773016636, 53.34437705355566, 54.60881537504567, 61.268640220465905, 64.75967961051342, 70.2902486843268, 95.43513067093717, 94.59196070702961, 95.74021591833655, 98.6841496120653, 107.33348226585504, 108.90491977472861, 106.41621471383134, 98.19812522262075, 88.89119849066284, 90.38240693446382, 83.96138932908106, 72.87915690496578, 65.98650637590825, 60.37497004050478, 59.31044718110426], [21.403845797965257, 23.615828875323707, 31.90981483205432, 44.42403296243583, 37.841776923132265, 30.920644236522282, 27.56860774105361, 41.84652390662682, 44.86924990712019, 51.68726029432054, 60.14115761576408, 69.75262807641923, 63.22279373985092, 55.945610023090296, 48.54423894668839, 0.0, 10.665540798786715, 18.85340813272659, 28.34346385536526, 37.75776223222439, 35.23053164037398, 25.79815157938903, 18.5262173604982, 11.50919992949931, 5.645164050067101, 40.258935666686924, 47.472035445820126, 54.91919678148113, 64.9130963616832, 73.75796454016296, 71.99193332399176, 64.40918516405847, 56.716317337144815, 49.53589909515135, 43.451099494020795, 15.534281758288218, 26.675527939565768, 39.11436001631121, 50.98290745076586, 59.477613541683425, 62.8821030316702, 65.56410175229655, 67.19857285874669, 61.737106503745956, 43.79875579936461, 35.29355380511216, 27.70089228778893, 83.24001746916424, 73.13347386298204, 71.30204267792352, 74.73346238390683, 74.79961366430396, 78.78154518351195, 90.75839062697149, 96.84313426347875, 96.7725478990011, 94.75074870766221, 93.5708071675681, 91.69353386742361, 84.21836144962352, 75.1248668058258, 77.7099514007033, 82.29134369284806, 90.75411277918472, 91.30245596157911, 86.78547041637712, 86.92351331212464, 60.069850650857525, 71.08960620944538, 82.3718282689546, 93.30301377224392, 106.75797071156212, 115.81724220586337, 119.39948045275946, 122.82050705389494, 126.32935643261766, 131.98080485009578, 127.83741216266718, 117.10732429659342, 110.9197192883153, 100.76381905083858, 90.13291429244993], [22.096228453172248, 20.84133674078448, 27.358159940674046, 39.57699207321494, 35.17000946009987, 30.53584539417782, 29.388586539459787, 51.40992601248131, 54.63213686277754, 61.58430273552227, 69.95080435549039, 79.28931237232838, 73.12644922962814, 65.89101278791927, 58.26238054142386, 10.665540798786715, 0.0, 8.44222789425428, 18.38204786477788, 28.41002560955168, 26.543448470674498, 16.955832151370835, 10.270874432751528, 7.823422202696401, 13.232436653378016, 49.95587412290943, 56.90136535248188, 64.00730950121181, 73.75736851830118, 82.38206462773576, 81.00420524606949, 73.7000014753654, 66.19119142456765, 59.31116672304452, 53.35936771659756, 25.17218281525323, 34.952174641839925, 46.81751153872458, 56.119978565386575, 65.37205369954782, 69.7793481986316, 73.4588900064916, 75.61057582636785, 70.84340358485376, 53.44851977597135, 45.321193163112845, 38.133611493690815, 86.46532211496412, 77.62023445073707, 77.5297526533712, 81.68051064977371, 82.46316388185046, 86.92555696524855, 99.08182247377208, 104.35185475530912, 103.73412866052445, 101.08299567255085, 99.1573094617166, 96.2284109510145, 87.87673992359574, 80.57851155020987, 84.47396593609548, 90.0967516599652, 98.90466214975342, 98.63071533583167, 93.07802371267162, 92.07651081446534, 51.17683745532885, 65.03255721005539, 78.84506907886791, 91.6156116909119, 106.12237960919755, 117.03852616012777, 122.10296923270835, 128.76206151091375, 133.63221381413658, 139.46943944324892, 135.49346118710034, 124.79917117978329, 118.95913712694303, 108.46808919907927, 97.52475628619813], [23.529325440380266, 19.708683781678218, 23.748100152389853, 34.89961386673481, 32.66395609732913, 30.242191417224348, 30.830480723592686, 58.09698963811672, 61.69991312311605, 68.91472823028613, 77.21337829874584, 86.16559351883724, 80.18842451907328, 72.90714362909247, 65.03846290981616, 18.85340813272659, 8.44222789425428, 0.0, 10.099088359908432, 20.392936237596416, 19.0541968231556, 9.996928490512769, 6.331471253970123, 11.149634914565324, 20.241992446725277, 57.894354761627575, 64.68914360823865, 71.53257623157262, 80.91810077416507, 89.15505300869549, 87.98164216904834, 81.0480639221345, 73.79112319966278, 67.03519927640366, 61.13310050394836, 32.25016391703886, 40.905724676265116, 52.39507655078624, 59.20130913635781, 68.92123211653156, 74.20355581326024, 78.63653943923299, 81.02268784251734, 76.84203421952262, 60.24985877817598, 52.405510361250464, 45.77859990136816, 87.43219299857924, 79.82528308271894, 81.23438132641314, 85.91691868023024, 87.25725388888212, 92.01620082129999, 104.1267094720737, 108.71103278759703, 107.67933570130415, 104.5387548193397, 102.02087186861792, 98.2211625248463, 89.14904941451141, 83.54211589469509, 88.48882556445393, 94.835387992124, 103.79148249137077, 102.83250305248133, 96.50395808107027, 94.56396829411668, 43.576219913117065, 58.91576272322708, 74.38460972445192, 88.43901401768763, 103.6796536548956, 116.02611028034912, 122.27128727292393, 131.7139868179174, 137.55935091869858, 143.5630071373856, 139.8678861315104, 129.37861749292608, 124.07572860595552, 113.79930612098414, 103.3847085462066], [26.876787123389615, 21.169851891218087, 21.338014059744946, 29.65174888920495, 30.815977479116338, 31.222804182317866, 33.46026362410245, 65.06157971270635, 69.09412536627654, 76.61469959199441, 84.77238004787269, 93.12822561631627, 87.43392756989961, 80.15214879388718, 72.04144308956131, 28.34346385536526, 18.38204786477788, 10.099088359908432, 0.0, 10.448863165565577, 10.504097899204341, 6.803876926559299, 11.4115614100166, 18.768388004928983, 28.772171538168493, 66.68529566952107, 73.27695333459162, 79.75420226570245, 88.55678448118807, 96.17174917415063, 95.22115855034949, 88.85738428108117, 82.00345385569095, 75.39843430753942, 69.57419359273588, 40.38869079629536, 47.92538266077535, 59.1650816814925, 62.89284648039937, 72.97868248699471, 79.28219541765844, 84.42390144158317, 86.78548234088434, 83.17472999936615, 67.84891763458599, 60.20885152314654, 54.14936455166042, 88.07821709151641, 82.17292152203709, 85.34018435823019, 90.51996609393778, 92.40079964922667, 97.31487880035199, 109.01193731490278, 112.94150852420587, 111.5517178550543, 107.93452234955986, 104.80231458609471, 100.01188112111261, 90.06951911971495, 86.69792110449252, 92.76125806299518, 99.66377379739127, 108.49787578714042, 106.86923048054595, 99.85016251110868, 96.87136361587329, 34.01712021303865, 50.61713974866203, 68.07284970824423, 83.63689069491647, 99.77070321123598, 113.8336711955106, 121.46640605680717, 134.31487090828466, 140.79206550808914, 146.75944156048635, 143.30708914776747, 133.0771597577919, 128.4821248788741, 118.62384336823986, 109.24318029103961], [31.39880519205317, 25.000147833534808, 21.42890521366563, 24.927592343977107, 30.05633653239736, 33.21936514217834, 36.71505251033316, 71.36692626274451, 75.87523314111613, 83.69560379749213, 91.66348720859965, 99.3074000715902, 93.85610490007221, 86.58621177981306, 78.28923474861779, 37.75776223222439, 28.41002560955168, 20.392936237596416, 10.448863165565577, 0.0, 6.039171226657348, 13.420284138721772, 20.09785275974578, 27.313059360775558, 37.33216273247306, 75.19694444271485, 81.60487800944122, 87.73189322821565, 95.87776841112557, 102.76379043435062, 101.95952239606001, 96.23712086124867, 89.84047248151782, 83.34791745444845, 77.60397904961899, 48.246419358608556, 54.57350356180693, 65.47819767660225, 66.03866164718048, 76.28916777580905, 83.56369285974601, 89.31184060690177, 91.51978640894002, 88.50445214119725, 74.71780544983461, 67.36069587672614, 62.030735508247325, 87.63893475261213, 83.61805187313708, 88.53018955075814, 94.11943442133742, 96.49258874073358, 101.46305305968744, 112.55654319543282, 115.81580780399321, 114.110257898283, 110.06506789132624, 106.36183439566157, 100.61235378566576, 89.84872742198311, 88.87886838998352, 95.97677053804688, 103.2893078250589, 111.85862849914918, 109.57579994016093, 101.97213924283793, 97.98367530083787, 24.811893368829267, 41.29507483397782, 60.53203862019157, 77.48381664617945, 94.42416552577141, 110.14047827611508, 119.12427226154026, 135.42471428500977, 142.36632882006222, 148.27631080632025, 145.1740593616161, 135.3619688454959, 131.6595762109072, 122.58886724619732, 114.76135092613522], [26.81102932786556, 19.921502169629203, 15.750424057674195, 20.49141604133228, 24.40105593391225, 27.709897069983842, 31.729092492892406, 68.2139719171235, 73.15398358257342, 81.18385246000767, 89.25209850303376, 96.88780774528769, 90.98003847450796, 83.46525499901921, 75.08780891175111, 35.23053164037398, 26.543448470674498, 19.0541968231556, 10.504097899204341, 6.039171226657348, 0.0, 9.984019109090543, 17.017102983205604, 24.115565903109538, 34.14740234234028, 73.28079831778945, 79.92144907696309, 86.31462218904629, 94.60331669043978, 101.53843694897873, 100.43124666329062, 94.60713560990119, 88.10859333308076, 81.32908722753339, 75.4410084895603, 44.59478103725366, 49.95547944261332, 60.29639878223413, 60.346450502511225, 70.59713129198452, 77.91842037143634, 83.87097654657501, 86.37701150249119, 83.76013870595341, 70.17727804412428, 63.323915995798835, 58.88738555612376, 82.12624545368429, 77.84733650613815, 82.79717628540075, 88.49090616892279, 91.031129375818, 96.20836705412172, 107.70956249524754, 110.54087442929492, 108.63398335810513, 104.47407748779759, 100.69712091347364, 94.97543270190616, 84.37937061519415, 83.1401125500278, 90.3548801943564, 98.00778187465659, 106.9687102041954, 104.35731027978495, 96.46719900728519, 92.42052527712755, 29.50316352748962, 41.598574308249724, 58.35104048740606, 74.24773999708813, 90.59221617870092, 105.5831507380287, 114.18475557711137, 129.88638574680192, 137.70260092767174, 144.3167566532982, 141.89988766987904, 132.58758823488316, 129.3338695471142, 121.2411453838102, 114.33803687587776], [21.445067177910587, 15.112917578023907, 15.634626643612728, 25.672454806172723, 24.94113967278246, 25.006695478158925, 27.696607055204833, 61.58480000498976, 66.18375994483331, 73.98715505126012, 82.25412845603175, 90.54505037720435, 84.31442182304274, 76.73278921564442, 68.50748969275202, 25.79815157938903, 16.955832151370835, 9.996928490512769, 6.803876926559299, 13.420284138721772, 9.984019109090543, 0.0, 7.293713481900832, 14.932111340361148, 25.190755784598384, 64.93511926689784, 71.8012811172289, 78.57357071917818, 87.47948230671281, 95.07778003292432, 93.76931696224476, 87.34358652783098, 80.41099566543674, 73.45963351875437, 67.4619396002597, 36.253793540684, 42.57619300331386, 53.21756527767258, 56.375269503705844, 66.47013035625227, 72.84129968744351, 78.2257695017836, 80.91479773908608, 77.77229965629424, 62.71062274153141, 55.66579050417635, 50.75481314407721, 81.7921202862478, 75.60016120161488, 78.79858504231254, 84.09611005228453, 86.16774139832175, 91.3134505361059, 103.44999229625844, 106.8873701779163, 105.27392382980518, 101.52923072777625, 98.31740969122768, 93.56157135776924, 83.81554518103964, 80.14692915127257, 86.3388504565956, 93.61926146136653, 102.88165084168162, 100.87204524772216, 93.53673795899113, 90.49533912484587, 38.009593830363784, 50.52401826624066, 65.44682261041507, 79.82003282834863, 95.25872808857876, 108.50499739527382, 115.71048444830782, 127.9381272006013, 135.3598657087883, 142.10402807477365, 139.44271781558115, 129.81149534767204, 125.79077664759507, 117.14278195447721, 109.01274898708243], [17.937245714942133, 13.511844133269966, 17.980249853450452, 29.862438926151942, 26.570270495153956, 23.975692782997992, 24.984710186385232, 55.56057504084864, 59.89107897372, 67.52928586334437, 75.87646424033275, 84.50859257171228, 78.14023596711512, 70.57268375697502, 62.481771983296994, 18.5262173604982, 10.270874432751528, 6.331471253970123, 11.4115614100166, 20.09785275974578, 17.017102983205604, 7.293713481900832, 0.0, 7.878802722756424, 18.122285828604543, 57.9707362139601, 64.94268108142012, 71.90162658488464, 81.09536658759373, 89.01889026414337, 87.5746369492865, 80.84697290690508, 73.71245046510033, 66.67295936869289, 60.63084318895716, 29.538124262788, 36.798175793532415, 47.99699315408102, 53.399657106840756, 63.253386284395816, 68.92815888631256, 73.7145231176873, 76.22524908028052, 72.54110773327515, 56.66548887606421, 49.311093574138646, 43.941312128097465, 81.14331930048965, 73.73593402194228, 75.60005899477886, 80.47546039045086, 82.07043504203635, 86.99322628844475, 99.23112224676247, 103.31871838591447, 102.07366358128716, 98.74926404973985, 96.05404149040805, 92.06070337015693, 82.8989433683483, 77.6365616862959, 82.93797323341857, 89.627348901469, 98.80126942249333, 97.40496542505558, 90.7255434205455, 88.51559578265616, 44.08923582527666, 56.0311645589743, 69.68591087256924, 82.97998616081428, 97.83983540074586, 109.84218635617127, 116.00012722752226, 125.75121462281463, 132.27079264550136, 138.82587774823475, 135.83285194726125, 125.93003211834719, 121.36909353476317, 112.38253497842675, 103.64897848705994], [14.355819128232701, 13.493954109471916, 20.97530914547018, 33.51195427283537, 28.037502067964347, 22.81147262244443, 21.625526655345112, 48.07639263338472, 52.32061001441453, 59.91627734148614, 68.31693327889965, 77.11483082511816, 70.56508627613246, 62.97415248884699, 54.97017425629262, 11.50919992949931, 7.823422202696401, 11.149634914565324, 18.768388004928983, 27.313059360775558, 24.115565903109538, 14.932111340361148, 7.878802722756424, 0.0, 10.272054019804848, 50.536102306185455, 57.61592256014666, 64.72374096632711, 74.0283124496013, 82.07752267403241, 80.42494728282384, 73.5480068719193, 66.33047826689665, 59.14683166506232, 53.04527065596722, 21.751903886878246, 29.884622900620794, 41.898970193573895, 49.17441484735636, 58.68052338206525, 63.733948096211456, 67.84403413060154, 69.94461238227242, 65.70029785510062, 49.40272689155799, 41.690643715853845, 36.077802612398365, 78.83453167991232, 70.39053738005019, 70.96922399733613, 75.35312823936832, 76.41903262824746, 80.99495325159708, 93.08921134440502, 97.8719654481296, 97.06431064070155, 94.21064989798688, 92.07498965824784, 88.85371203321338, 80.25375486254538, 73.59705954736654, 77.96429746998692, 83.88484370149031, 92.78692711795752, 92.03932701341131, 86.1336392661463, 84.77847339862437, 50.45352432796053, 60.58699909022394, 72.4584936742698, 84.4271594443908, 98.60858607022644, 109.25903374860577, 114.30570804662308, 121.65544462206924, 126.98876726577103, 133.29160410589432, 130.03320297723457, 119.97706734296608, 115.0677726420285, 106.12405372108168, 97.43656738011477], [16.469160268009567, 19.807340187290293, 28.48615009862751, 40.83313819836293, 33.518801746918605, 26.00646934873769, 22.169989557131753, 39.10364649664967, 43.03112142443972, 50.42165346685, 58.90982005013127, 68.07974971577842, 61.22818553601959, 53.636114410185094, 45.88281609701536, 5.645164050067101, 13.232436653378016, 20.241992446725277, 28.772171538168493, 37.33216273247306, 34.14740234234028, 25.190755784598384, 18.122285828604543, 10.272054019804848, 0.0, 41.000089988155416, 48.269077108054695, 55.662421902792815, 65.2378482387293, 73.5877227598164, 71.60986328699728, 64.3986452145273, 56.977104485078016, 49.569663896033724, 43.37845933823828, 12.051689611785894, 22.282305491488845, 35.233830812262255, 45.78084846957628, 54.45070805473958, 58.31444498425579, 61.2806401297203, 62.826078066542166, 57.700107769296004, 40.535267172122275, 32.245927668558224, 26.016623574076903, 77.73207544214155, 67.84246177843144, 66.40477177125312, 69.98019706267226, 70.21961007947135, 74.2669810002488, 86.19919497640291, 91.97966176760544, 91.79951597512976, 89.65511099770455, 88.35576143484492, 86.31095175247937, 78.6844143221937, 69.96007695396442, 72.83182281917482, 77.58289178462094, 86.10591031789461, 86.34190164592728, 81.61126107260526, 81.5485212071215, 59.66673029288209, 68.22779044173451, 78.0700677422817, 88.32899102282661, 101.48913945104599, 110.2767697057407, 113.7852113402647, 117.60575406457612, 121.37064644595249, 127.34765299198128, 123.71583446833444, 113.44359852346443, 107.94631404318008, 98.96484174508394, 90.08920041927149], [52.87501726113318, 58.95167645256207, 67.56608809850097, 78.30099835216156, 70.74721914195668, 61.82478560418353, 55.12866089397468, 25.598521200681148, 20.017746574731557, 19.471083661107333, 25.860239237916286, 37.00190388537556, 32.73231620349688, 29.416787244157597, 27.64439503355055, 40.258935666686924, 49.95587412290943, 57.894354761627575, 66.68529566952107, 75.19694444271485, 73.28079831778945, 64.93511926689784, 57.9707362139601, 50.536102306185455, 41.000089988155416, 0.0, 7.641018838319533, 15.96912001615831, 27.097182863171387, 37.53612911039503, 35.12693145461217, 25.90274038865583, 17.30336069896276, 10.727039898157367, 6.730928391733641, 33.8023480189228, 40.26894422223218, 48.91085825364798, 65.21488961749871, 69.05482585217297, 68.08187740948108, 65.03437801267349, 61.92626381006335, 52.08388871934672, 38.47791081775231, 30.1286442453793, 20.573817128316662, 97.1657811394465