{
	"dissimilarities": [[0.0, 7.434064688703351, 16.295325520372366, 27.585364312079356, 19.0237609454519, 11.601024685953652, 9.700836345158853, 45.41445190781517, 51.205766950757344, 59.525477850907464, 67.74367926944974, 75.69185354107968, 68.34416587541952, 60.54812128259473, 51.93240372688506, 19.49541589329848, 18.392049882883775, 20.69692904172805, 24.34166011616307, 29.371273925953513, 28.02415785053028, 19.956020121672786, 15.703653441328264, 11.093619362539894, 13.499263543841568, 51.07387996214371, 58.16043975542182, 63.890835275856425, 72.37275806208855, 79.02686033397138, 77.41637143140971, 71.56187858717003, 64.7729248361056, 57.536415389968816, 51.41098394824555, 22.129978880699277, 25.524047790403895, 37.336257173339085, 41.325891870906176, 50.660228835385794, 57.43992233561556, 61.72272052475217, 63.71223597917978, 60.09931470692081, 46.16063111181859, 39.280564052523914, 35.71894954724319, 66.27695385323325, 62.8800675188096, 64.57437228439835, 68.80106354747647, 70.58142650755245, 75.08494752002547, 84.60071357795285, 85.96404110892287, 84.60492730651629, 82.36736681312235, 78.9721442752049, 74.33970247364623, 66.42080439049803, 67.60168600940139, 71.12294310872177, 74.91688742708632, 82.04196783038225, 76.52116546304356, 73.62379422364837, 69.45806465963068, 54.35208501075881, 58.20979862396567, 66.76686277158512, 75.97154728148286, 91.06101156781894, 102.16370861176496, 103.80038837510592, 110.22398995233091, 118.6868494256532, 122.19183084539361, 117.96125691256644, 109.47154975438175, 106.06005746958652, 100.35898142052856, 97.2108196443429], [7.434064688703351, 0.0, 9.916024296050756, 22.564394356487504, 14.450133297927774, 10.67180065074409, 13.457068113346716, 52.83536347125689, 58.61490008564807, 66.90820341914704, 75.12998539008963, 83.05017265578482, 75.76582597243666, 67.97170004041523, 59.351658358385755, 22.7274697993688, 18.063052444051117, 17.223259124355355, 18.581227347216057, 22.994506144316706, 21.43207489673209, 13.492985666901044, 11.412247258817038, 11.067046495441591, 18.077080098155953, 57.963588528470616, 65.07029668989952, 70.84697147492865, 79.40510128558185, 86.13677149983054, 84.63327791080538, 78.74453269128163, 71.92206537144737, 64.70714815957692, 58.57759801111198, 28.961292053703716, 31.85211016879541, 42.381515927228634, 44.89231095083167, 54.363918253404194, 61.73992195103268, 66.76557150285232, 69.3939771209524, 66.48065004267265, 52.60421486031892, 46.22961958116073, 42.874959269503414, 67.94389529089074, 65.5093996006049, 68.31583981272703, 72.98582415346485, 75.43815390475062, 80.4015754494488, 90.26725187901701, 90.77477046304524, 88.93196299659245, 86.10842118509721, 82.11249347052052, 76.90508938051705, 68.5622229975222, 70.87896791487964, 75.19908516927296, 79.6467608333989, 87.54042362433361, 81.17340449311841, 77.59017170377341, 72.66707043850072, 49.18609459862749, 53.973055673364065, 63.65218045676142, 74.03950492051479, 89.72556325350662, 101.98877708912454, 104.75556113610554, 113.29185887377294, 123.43620899350996, 127.60152526833826, 123.96387091714473, 115.87380916067175, 112.7786911470209, 107.10750085874254, 103.76888259974089], [16.295325520372366, 9.916024296050756, 0.0, 13.137816846871866, 7.434862719790999, 12.010858127198777, 18.043622947748155, 60.412159764631504, 66.57475967544491, 75.06851347629666, 83.08411368910774, 90.25661935350827, 83.3054885707554, 75.4940282086671, 66.84342560527331, 32.294674250166445, 26.046014064527913, 21.947995530056243, 18.28875256930759, 18.140193045671538, 15.06957606294925, 13.39558993771017, 16.954551052089876, 20.110247410868592, 27.958911840196155, 67.23054630102672, 74.21882846675764, 79.8080699403532, 87.94388184074883, 94.18245826813698, 92.6801339216117, 87.23308176378539, 80.68223031728449, 73.54568393684313, 67.4888759855324, 38.251089153439835, 39.55553017567168, 48.798321599261634, 47.54412855958647, 56.87954726041793, 65.4976550674382, 71.27440129218942, 74.07310377959455, 72.04150712277905, 60.04048347451223, 54.38907485391415, 51.91210574511264, 66.56433382810214, 65.99350780149139, 70.67959182702177, 75.81355960666335, 79.04699801173986, 84.2274999800226, 93.89072411125413, 93.48165979031036, 91.13058166471988, 87.54075362681034, 82.8482474784133, 76.85879933785748, 67.88084192683685, 72.14104696572133, 77.64172505704312, 82.75801342187857, 91.0564183327269, 84.05689381460081, 79.67384596065239, 73.69989044887956, 43.32684272654976, 45.57191907976512, 55.08220945370301, 66.4377764317151, 82.81346452086237, 96.44699285645429, 100.8721218568686, 112.93613197870614, 124.54517476167635, 129.47537846703952, 126.82494671444539, 119.6007735756617, 117.43288323074898, 112.66747997524256, 110.66291808607826], [27.585364312079356, 22.564394356487504, 13.137816846871866, 0.0, 10.889948651816685, 20.062751812627777, 25.961330431902798, 67.79090677185924, 74.39828114503854, 83.08021145477451, 90.65098292771175, 96.53264075551841, 90.20722754455032, 82.51341457213682, 73.96004347040964, 44.96971089163988, 38.684926050823805, 33.46447906246127, 27.167352709177113, 21.879758852853154, 17.679299333455525, 23.90567726177834, 29.419075983047023, 32.97610572149721, 40.31524995911065, 77.3693914393735, 84.08114853075006, 89.28100827258838, 96.59686653342577, 101.91216069628659, 100.36446468368409, 95.72394456621552, 89.70869800230498, 82.77009771034741, 76.9102284765964, 49.02042392148976, 48.66385567593889, 56.80483002572592, 50.920279224480225, 59.60056379610096, 69.59657274905601, 75.81929482700548, 78.2143461658925, 77.01773662120638, 68.19837901924458, 63.287649679632835, 61.84789694036222, 63.92753098654437, 65.9200101335135, 72.79762184379794, 78.2133740151342, 82.0858556414873, 87.08651927981136, 95.85514990140783, 94.7295838628519, 92.0049380726444, 87.67758594828912, 82.40373000332349, 75.64754885634753, 66.0549988035485, 72.70149252958545, 79.42836519081384, 84.98019049052932, 93.05079828772585, 85.92847338065566, 80.88681851815991, 73.87632676925179, 39.84227675199187, 34.634606017125265, 42.14869888949182, 54.35862846624839, 71.70811756694499, 86.90435666090288, 93.4870615353151, 110.15057429363374, 122.4677118069069, 128.00403165261272, 126.50579559676802, 120.44154617931684, 119.58073175082674, 116.3106381366004, 116.70666131243591], [19.0237609454519, 14.450133297927774, 7.434862719790999, 10.889948651816685, 0.0, 9.845884562063228, 16.708979607085467, 60.351814937496535, 67.00550160412485, 75.67967763537851, 83.53241255291597, 90.09544931741333, 83.09158165797382, 75.06562001822599, 66.56569373405428, 37.029096839935136, 32.124640536578184, 29.049023450464993, 25.64496124571704, 24.405272760173073, 20.73984300185488, 20.673423783721795, 23.615192186555458, 25.439014953454173, 31.84118268997851, 69.33941432142912, 76.33305713615965, 81.85753331127137, 89.77202093326184, 95.60938428245068, 93.81035663490765, 88.64921111460242, 82.2356679266631, 75.04437622837254, 69.00600024128923, 39.70969731649725, 38.6821112579381, 46.47371926160506, 42.45160436980874, 51.55822985506274, 60.83235995033305, 67.02400479153943, 70.00284113367098, 68.81643355527342, 58.42807733178889, 53.8149503654282, 53.021277158825455, 59.54664501870837, 59.613373196591134, 65.14219254038619, 70.48165279133845, 74.15880362648525, 79.51094835002314, 89.22562435028686, 88.0755742595535, 85.41621140107048, 81.45731044800422, 76.47714078881734, 70.21624016574577, 61.06293373399507, 66.04766006163166, 72.08962863172474, 77.56726699027449, 86.26322164548804, 78.73723332996248, 73.9288590905826, 67.49597515402955, 47.68640300941697, 45.321174264691834, 51.01558007448914, 60.864614199561295, 76.32884067484186, 89.46557347773397, 93.63954704834416, 106.16373472913116, 118.88109973721221, 124.64630641335236, 122.98353838582983, 116.76665713555462, 115.67468605707975, 112.5542809629316, 112.46662274168285], [11.601024685953652, 10.67180065074409, 12.010858127198777, 20.062751812627777, 9.845884562063228, 0.0, 7.327217756933187, 51.3061590380104, 57.941617099556375, 66.5753095429454, 74.54171127229998, 81.48308472151906, 74.1244914507235, 65.96833499196816, 57.5210542887445, 30.366887960576022, 27.996769760596397, 27.871583645407195, 27.931602495007873, 29.79787473468148, 26.977911908271366, 22.573619409986716, 21.921390428757597, 20.509229830238436, 24.360591981539777, 60.211538191859994, 67.28529990744195, 72.91154691377888, 81.04364958357644, 87.08773889914076, 85.12330256440977, 79.73053033334418, 73.16442841050463, 65.87587045688298, 59.78865280616037, 30.231689248711426, 28.888087223382204, 37.50269807117373, 35.962355628050105, 45.36376865598474, 53.75420191981279, 59.32038944957627, 62.09191508815299, 60.28095590762072, 48.85063959786136, 44.01159308625383, 43.45728578857245, 57.403708409227505, 55.51751008260274, 59.27546954380354, 64.20221230091587, 67.18026783190487, 72.33854830307835, 82.2664771941305, 81.89827389568717, 79.71041958278333, 76.47237645008434, 72.18549067744684, 66.70115698246875, 58.15006118703114, 61.186353042254275, 66.14265378528549, 71.01095530553796, 79.36980156549275, 72.3793947394928, 68.30459557211556, 62.85703304780806, 54.42959217706996, 53.33952542372713, 58.297598476861545, 66.49285025383617, 80.82367222317191, 92.1189939377983, 94.27436314857678, 102.98406028795732, 114.30558892827017, 119.51761748572842, 117.16452859884721, 110.43203414716368, 108.85915015511439, 105.60481433082457, 105.2238986840667], [9.700836345158853, 13.457068113346716, 18.043622947748155, 25.961330431902798, 16.708979607085467, 7.327217756933187, 0.0, 43.99013023181388, 50.674765509251344, 59.334379253426185, 67.25902852263869, 74.17258246906977, 66.79872097794893, 58.656488748489934, 50.19824834243005, 27.904921182987994, 27.946237764467654, 29.78127809128394, 31.703458523105315, 34.640568968429456, 32.25725939853826, 26.764498801791714, 24.277631547567854, 20.497536567645074, 21.27943075843508, 53.63183556472691, 60.60592364490444, 66.12211562873465, 74.0902650098947, 80.00041292617438, 77.95403057046391, 72.65001297385676, 66.17557210581344, 58.91831393727392, 52.88677351265536, 24.269046468797143, 22.872953794446946, 32.97046912091486, 33.01950054037344, 42.337919970004116, 50.11278091780813, 54.82336985121357, 56.80344069471123, 54.143080550362356, 42.756005942752694, 37.37951570232205, 36.759861738293765, 56.792920220747305, 53.81663911802225, 56.296085036822056, 60.71725513412251, 62.910193057182035, 67.52356700465617, 77.02298026163605, 77.69287059740697, 76.07494112465089, 73.50879780545904, 69.91363745787902, 65.07887169165157, 56.99177505220187, 58.734694582391334, 62.78030179213391, 66.88830440002687, 74.32458678815891, 68.34591735865806, 65.06739615595622, 60.4833391757437, 58.59462099726737, 57.47380721051275, 61.999383683156154, 69.20085963079433, 83.05818460279646, 93.21087803286558, 94.25755426250313, 100.78095332851143, 110.08126687746558, 114.47315407081773, 111.38191948881101, 104.12615315072367, 102.14986875825534, 98.7538347924128, 98.50730078136269], [45.41445190781517, 52.83536347125689, 60.412159764631504, 67.79090677185924, 60.351814937496535, 51.3061590380104, 43.99013023181388, 0.0, 7.674976594222943, 16.23503767093215, 23.508970896928897, 30.832320718632097, 22.968578970474447, 15.309692206467707, 6.6004941144060565, 45.1044896106347, 53.68267663379275, 60.62799785381942, 67.14688975421593, 72.53555092821179, 71.59185229695584, 64.24062554158265, 58.260476850768754, 50.71749899586257, 41.95802858944058, 22.653245774022608, 25.960306661252638, 28.957727992294178, 34.16254324661871, 38.46346517829375, 35.47921120771493, 31.188581771358198, 26.308923171459792, 20.559338259749076, 17.15691785996159, 28.624937720048738, 29.703070787362357, 37.637549071467035, 47.07723208431628, 50.72946959703727, 50.95905565372452, 47.76324232117381, 42.783564536049, 32.658854430939876, 26.858915624263503, 19.464961754403195, 17.53719990363667, 72.80675094724391, 65.01446834733207, 59.298751627464995, 59.11310941845511, 55.116351445022104, 54.32625461997396, 58.35741787067034, 67.17353897994853, 69.95468553330576, 72.44361329892435, 73.88238371343016, 73.86663390222968, 70.24581266463017, 64.33816316029443, 61.49251159196295, 59.23089718810568, 57.86380182209993, 61.02560160633275, 64.0679826976287, 66.09569032694405, 92.03789763085133, 91.76152204415958, 94.90161916015012, 97.81615100318673, 108.44009426757583, 112.40259792098598, 107.67995811364447, 100.71208902929983, 95.62631137700316, 93.3975847291213, 84.32140188129034, 72.62801054687539, 66.42736952421404, 60.93909795865167, 60.854276059221355], [51.205766950757344, 58.61490008564807, 66.57475967544491, 74.39828114503854, 67.00550160412485, 57.941617099556375, 50.674765509251344, 7.674976594222943, 0.0, 8.793929968925497, 16.644462197584335, 25.661242989417605, 17.8030229842447, 11.817123405493064, 6.375274620615099, 48.52152276761876, 57.568130637192226, 64.87740431533824, 71.92270810482707, 77.75350221469942, 77.11727902281464, 69.38489168899032, 63.061813002216304, 55.43682364512221, 46.286722043604634, 18.373911688114454, 19.834194330722738, 21.880496393218596, 26.59833907042795, 31.193941247984778, 28.213438862294492, 23.530087976013878, 18.799462701196596, 13.76097925701525, 12.09929855787099, 33.26677667717967, 35.79240109367782, 43.33780093152108, 54.158627886001874, 57.45337172464943, 56.73809006927498, 52.796997102405236, 47.447270466895574, 36.828682332018516, 31.055940593149163, 23.966818446130162, 20.275676904979278, 79.95977875219359, 71.80597097702943, 65.33176566937065, 64.67632870217075, 60.05874706981055, 58.662173526956686, 61.826932198673994, 71.62552690604839, 74.91835311428893, 77.99928914785153, 79.94721877339187, 80.41208222850521, 77.23574935481825, 70.68107417460656, 67.12001806324349, 64.18264097039292, 61.721963746975746, 66.0128977565016, 69.73577412816294, 72.44235767139858, 96.74610793438903, 97.77711579932507, 101.83912632177469, 105.00873651796007, 115.74872865235666, 119.48974863250744, 114.45744450284774, 106.1113716509977, 99.07990591178744, 95.55538484185308, 85.15192936729754, 72.27640591658412, 64.47909845373717, 57.0377699267838, 54.83718288249261], [59.525477850907464, 66.90820341914704, 75.06851347629666, 83.08021145477451, 75.67967763537851, 66.5753095429454, 59.334379253426185, 16.23503767093215, 8.793929968925497, 0.0, 8.581995835748232, 19.728889744697344, 12.201083168190724, 10.535944581134908, 12.188152249293942, 55.3023755762765, 64.67173253506411, 72.2478687171999, 79.64656671374028, 85.75862773109559, 85.30097022447886, 77.32324223492084, 70.77329985311482, 63.10411410503182, 53.71826610022614, 19.001845668586693, 17.08511170195688, 16.716209038688106, 19.394727845797785, 23.629315388795124, 20.24337276642193, 15.482175759602104, 12.079300710082599, 10.36268962578239, 13.060789828446401, 40.8140932144924, 43.60664148941201, 50.03503470429316, 61.60187256364844, 64.17951592017386, 62.33503955707411, 57.44297813956412, 51.52926355323285, 40.62718282397374, 36.2452296394688, 30.411198886706867, 26.94420432015245, 86.95861195084267, 78.35576815058548, 70.94642476097776, 69.6426109850163, 64.26380601317156, 62.048951015498915, 64.04754769538803, 74.92269326087774, 78.84533242983765, 82.6737273327435, 85.31477829516449, 86.46237344441425, 83.97811345097571, 76.5613711951784, 72.08540376899902, 68.26917166386616, 64.41171401610745, 70.0988758466905, 74.6842627525323, 78.28824098938273, 104.33462690714492, 105.9794431715858, 110.2273491989688, 113.13848223381939, 123.5208179305984, 126.55365213186488, 120.80611603971927, 110.35877189026091, 101.03662405906411, 96.16795370226666, 84.50345807404757, 70.67639479864972, 61.4705841858013, 52.74901008400313, 49.16285276582706], [67.74367926944974, 75.12998539008963, 83.08411368910774, 90.65098292771175, 83.53241255291597, 74.54171127229998, 67.25902852263869, 23.508970896928897, 16.644462197584335, 8.581995835748232, 0.0, 12.302528144423976, 7.432236476475907, 12.575473203200984, 18.201981211547743, 63.75289494559262, 73.04929668235164, 80.50820334227627, 87.78520657694135, 93.69272435856743, 93.21953312599116, 85.55029063517458, 79.1219701828358, 71.51670879580907, 62.211496949777256, 26.119275378260305, 22.239787278378184, 19.30790857872364, 17.09062140739476, 17.90968740708151, 13.702525779751738, 12.226175050291198, 13.780334850822532, 16.435001563521983, 20.854493440231078, 49.35232068000104, 51.65380964141853, 57.238110259946325, 67.96132427710182, 69.73920908985882, 67.34193364725984, 61.62020082261162, 54.70685668652722, 43.700541449365254, 42.61280692326799, 38.01588650371727, 35.4866848050487, 91.82801316370836, 83.23062598774344, 75.3661637636835, 73.43883731927642, 67.38222426343388, 64.08701550576953, 64.22830962916672, 76.33859294641465, 80.9507763170942, 85.45264292034106, 88.78765294515699, 90.53734705747779, 88.6629051412738, 80.80637807379378, 75.6625483948493, 70.93995392338235, 65.18464837910875, 72.6392430449415, 78.05205208284289, 82.39061508784049, 111.42065003188324, 112.40609364091436, 116.07308135483231, 118.28064374242085, 128.0815969289139, 130.20775291193678, 123.84393128924462, 111.89567469503532, 99.57175247675359, 93.12252875642444, 80.19814373940841, 65.52108171470171, 55.219396697852076, 46.11266738828168, 43.59363359482617], [75.69185354107968, 83.05017265578482, 90.25661935350827, 96.53264075551841, 90.09544931741333, 81.48308472151906, 74.17258246906977, 30.832320718632097, 25.661242989417605, 19.728889744697344, 12.302528144423976, 0.0, 9.784487159434114, 17.968765148779536, 24.85383897208898, 73.8667458716972, 82.68462453962258, 89.59701658822421, 96.1753563751413, 101.2689189563015, 100.53083263332749, 93.86248946774238, 87.98227568609974, 80.58162890434855, 71.71688475855912, 38.15059005993888, 34.28279519822093, 30.666292388075444, 25.171673348704733, 20.395846053062325, 16.48424897524752, 21.052590344881434, 25.39043965698377, 28.588182175153886, 32.618991064537134, 58.829254056043816, 59.80430334711904, 64.6325871515201, 72.56944176970738, 73.31919925402312, 71.03265044300022, 64.62579239038712, 56.15468071082349, 45.38832828251981, 49.879004967168264, 46.59586527318351, 45.675007334104265, 93.23219815284119, 85.28641593619317, 77.5984388509902, 75.04722989723767, 68.4233411544869, 63.64750538687813, 60.80551357781284, 74.41884579833794, 79.82509925090878, 84.91679405278316, 88.9795803465503, 91.26567150660473, 89.97646726130829, 82.23746577200055, 76.73177452093843, 71.03543572393365, 62.574824578778276, 72.40622322408632, 78.6223786660866, 83.51224740082567, 117.60096485599024, 116.16661065413633, 118.07132814644461, 118.84088153285619, 127.5817314284436, 128.39048268081842, 121.48119477483444, 108.78885614314135, 92.26993929512709, 83.7959862323918, 69.50612628544182, 53.98052517997725, 43.06042791864267, 35.77907069015953, 40.06902289878645], [68.34416587541952, 75.76582597243666, 83.3054885707554, 90.20722754455032, 83.09158165797382, 74.1244914507235, 66.79872097794893, 22.968578970474447, 17.8030229842447, 12.201083168190724, 7.432236476475907, 9.784487159434114, 0.0, 8.769180701698476, 16.626996614169556, 66.22568154903374, 75.36645008673139, 82.64176352222884, 89.50322674926096, 94.9751692485844, 94.17229352803386, 86.8950997453798, 80.7353990953502, 73.12085607014659, 63.98295465383728, 31.004033643755, 28.321381356389434, 26.27367462746825, 24.42502742736677, 23.76157977571485, 19.33543556108592, 19.49248416842502, 20.70163412143807, 21.913110870823456, 25.107989126945032, 50.42911920157123, 50.95925651475785, 55.33425366768767, 64.49134985692326, 65.48080886173702, 62.88342559847388, 56.720858998011465, 49.057732921766075, 38.089063727657994, 40.36178393031432, 37.166275618971646, 36.997281278615716, 86.83383144575461, 78.2688794862801, 70.24267631795044, 67.96889725247159, 61.61732376189726, 57.75404048731298, 57.113451485105266, 69.6041050756348, 74.46856487217977, 79.21717431227148, 82.88337316097765, 84.96482697648442, 83.52541467727498, 75.42768214884576, 69.98726291870477, 64.83211059777507, 58.244915069639, 66.42574977213017, 72.19919648009056, 76.89564384911246, 112.97978624231274, 112.05604353088003, 113.96115922288978, 115.00885790133816, 123.78594511908365, 124.94262047607889, 117.88675389631473, 105.01685855613391, 92.21069717349542, 86.01786158177818, 73.62612152225707, 59.74505746502196, 50.83997662316844, 45.20372628248589, 47.45761169068416], [60.54812128259473, 67.97170004041523, 75.4940282086671, 82.51341457213682, 75.06562001822599, 65.96833499196816, 58.656488748489934, 15.309692206467707, 11.817123405493064, 10.535944581134908, 12.575473203200984, 17.968765148779536, 8.769180701698476, 0.0, 8.755957127271637, 59.26879338579909, 68.35464789784193, 75.63380843140489, 82.38738847891575, 87.84171468821005, 86.87854527915665, 79.48172476379818, 73.34862573964399, 65.68415782837, 56.59605942959961, 27.463107801905398, 26.95582673090488, 27.03317643544051, 28.543526820981356, 30.27815374017726, 26.15676749963429, 23.907538401001997, 22.043001905754625, 20.140909917630836, 21.158363843784404, 42.60672834532116, 42.3616058778868, 46.73075153262312, 56.00116808653484, 57.38273618538087, 55.17843810237518, 49.59662232926782, 42.5827696041316, 31.51798451080432, 32.164465545791586, 28.73824275478466, 29.629120893970008, 79.34862394438211, 70.67676993596127, 62.93373627811896, 61.134722490922755, 55.318185273360456, 52.38811831404115, 53.61991309506694, 64.88686293626546, 69.11222445204152, 73.26805969734667, 76.36146936504171, 77.9855300485646, 76.12819942003797, 68.26212745039979, 63.32569730689444, 58.92140503297267, 54.124104113088926, 60.634455759498415, 65.71422126699464, 69.84678682228608, 106.8783060164139, 105.68815980226923, 107.28242536935645, 108.46835443989228, 117.33233383721384, 118.95083403349518, 112.14946938494163, 100.3088117487718, 90.6999388527254, 86.45495497397602, 75.78299155724734, 63.30070355444325, 56.19963303699485, 52.019374138401034, 54.31907141127909], [51.93240372688506, 59.351658358385755, 66.84342560527331, 73.96004347040964, 66.56569373405428, 57.5210542887445, 50.19824834243005, 6.6004941144060565, 6.375274620615099, 12.188152249293942, 18.201981211547743, 24.85383897208898, 16.626996614169556, 8.755957127271637, 0.0, 51.33545778126278, 60.116371203183355, 67.172772492455, 73.74467235130082, 79.10069909293215, 78.12806896235024, 70.83389626321264, 64.82752094341119, 57.24622984821178, 48.367901467343486, 24.156043815061896, 25.76619005440853, 27.531055514106882, 31.234774913754784, 34.485217308983124, 31.02679482970882, 27.53858516439931, 23.77053633393662, 19.39809338843328, 17.906567892011022, 34.7067972743355, 35.01084894410774, 41.236453890574616, 50.44346765847705, 53.0359177326586, 52.22540013371714, 47.924750606030585, 41.8933130512363, 31.133470305317044, 28.474850052281734, 22.933655860475668, 22.60958653465412, 75.05583041617486, 66.89089289805288, 60.28670923616117, 59.37954567060185, 54.55053916060116, 52.78364415136429, 55.5772998637336, 65.52735753425742, 68.95736201875906, 72.17613227770903, 74.3513424396405, 75.05259181319465, 72.19369648713457, 65.42881279664839, 61.66349012050078, 58.43504883568432, 55.5122224940079, 60.191872787386586, 64.14850677878971, 67.10447727117977, 98.29891075105269, 97.44490413276161, 99.78537779884944, 101.85751347108341, 111.68114467063799, 114.5815773980354, 108.9475795338207, 99.92871928651985, 92.80230804535435, 89.6974101014947, 79.9395731907999, 67.89602830114437, 61.36659510341065, 56.46853551892476, 57.58120527814111], [19.49541589329848, 22.7274697993688, 32.294674250166445, 44.96971089163988, 37.029096839935136, 30.366887960576022, 27.904921182987994, 45.1044896106347, 48.52152276761876, 55.3023755762765, 63.75289494559262, 73.8667458716972, 66.22568154903374, 59.26879338579909, 51.33545778126278, 0.0, 10.488385887918408, 19.68542270184821, 29.099579468570237, 38.067836457054, 38.81371321604029, 27.260768636143002, 19.135568912428546, 12.416103496880934, 6.813678658632281, 41.457258231544294, 48.514182960239744, 54.6847147489856, 64.41081531154883, 72.73981886652335, 71.67816179637137, 64.48166540593755, 57.022812896455065, 50.0683442801167, 44.13357805282419, 19.12675680076251, 29.401944986713804, 41.53190198894326, 53.2510100027599, 61.903954108720434, 65.74250863524709, 68.56428583523072, 70.57412683844325, 65.35786996223102, 46.930177751915366, 38.446284131967566, 30.572886444027787, 81.7999435370597, 76.19267276940336, 75.02898656927016, 78.4057129582438, 78.92028188739465, 83.07116551881964, 92.83636692187834, 95.61418459778459, 94.99953264084265, 93.93025111194235, 91.49815861952975, 88.00838620225862, 81.21170477318498, 79.76058647874123, 81.36420041324233, 84.07831966059604, 90.54073668041622, 86.05369439779808, 84.4182526784748, 81.91478833114718, 62.24164860358046, 73.26589598280079, 85.25475065135963, 95.30420501147636, 110.51921088249911, 121.10202362567875, 121.55088460211302, 123.8835892721287, 130.4780979456956, 132.47999831242294, 126.21028505030176, 115.72599463625154, 109.79557359044519, 100.65282303726427, 92.1496089312417], [18.392049882883775, 18.063052444051117, 26.046014064527913, 38.684926050823805, 32.124640536578184, 27.996769760596397, 27.946237764467654, 53.68267663379275, 57.568130637192226, 64.67173253506411, 73.04929668235164, 82.68462453962258, 75.36645008673139, 68.35464789784193, 60.116371203183355, 10.488385887918408, 0.0, 9.336974434775911, 19.0347744824215, 28.47026288872559, 29.694408758928116, 17.907521271572232, 10.096088523976002, 7.57810346099768, 12.618862880997838, 51.40574940227564, 58.29925688197336, 64.26733470939351, 73.62037712565089, 81.63682757070538, 80.76237362743834, 73.89690726208477, 66.66705616988355, 59.81373285915513, 53.920417133944035, 27.823917626960032, 36.353498007021074, 48.04438221620451, 56.96718586747117, 66.12862016908814, 71.27318106652895, 75.07403686425896, 77.52077709242491, 73.01512859600625, 55.4984271986425, 47.47261372227547, 40.32006753733937, 83.46458335318631, 79.23946214469197, 79.7216583641267, 83.70905524299621, 85.05219350306147, 89.63703424418009, 99.5585602268758, 101.50462333702058, 100.3582708331894, 98.52781285375464, 95.34236127207944, 91.03209596878271, 83.4856527941913, 83.69136201848141, 86.45248015613186, 89.95686208290032, 97.0998543817028, 91.79590598512057, 89.30748234300975, 85.7335286602707, 53.01844557897039, 65.90407539391404, 79.77067235094977, 91.37695993718255, 107.63617464976672, 119.8101118226089, 121.92437365600402, 127.52188716476272, 135.62649400196432, 138.20712094526536, 132.53424126958933, 122.42715793298494, 116.92137972393476, 107.78143547093609, 99.47320544078835], [20.69692904172805, 17.223259124355355, 21.947995530056243, 33.46447906246127, 29.049023450464993, 27.871583645407195, 29.78127809128394, 60.62799785381942, 64.87740431533824, 72.2478687171999, 80.50820334227627, 89.59701658822421, 82.64176352222884, 75.63380843140489, 67.172772492455, 19.68542270184821, 9.336974434775911, 0.0, 9.95731980736071, 19.68670224609985, 21.512198765991076, 10.510140332561646, 6.388473833017945, 11.728922980760762, 20.478618034950355, 59.784008053132695, 66.52592286081516, 72.27286648406468, 81.18669184137858, 88.79478776969204, 88.05962683829652, 81.58878411386148, 74.62521294866873, 67.86801424808009, 62.02493027483621, 35.67745438501651, 43.04353319182655, 54.48558826686727, 60.802736296576334, 70.20750944763175, 76.45726170497001, 80.89850932483242, 83.43232074536824, 79.38821398201169, 63.03321460907204, 55.247917349511425, 48.52005227830377, 85.02567018684573, 82.14195153418083, 84.04650831236441, 88.45236785719011, 90.37830807839042, 95.14121563301985, 104.91489353464698, 106.34014491445997, 104.8408464072359, 102.42891180394943, 98.6898924417188, 93.72658680888838, 85.57471523652235, 87.25600177697788, 90.94828244928148, 94.97802040345272, 102.38857202941786, 96.66981381849311, 93.57406811008971, 89.15808026285659, 44.24187843527498, 58.57688744291445, 74.20133548663141, 87.1889936914732, 104.406807493022, 117.97419553938563, 121.65446984563793, 130.2794244136925, 139.22682376128793, 142.1336406596614, 136.9092939964829, 127.1189113384519, 122.00401398357681, 112.95559318833949, 105.12677441825608], [24.34166011616307, 18.581227347216057, 18.28875256930759, 27.167352709177113, 25.64496124571704, 27.931602495007873, 31.703458523105315, 67.14688975421593, 71.92270810482707, 79.64656671374028, 87.78520657694135, 96.1753563751413, 89.50322674926096, 82.38738847891575, 73.74467235130082, 29.099579468570237, 19.0347744824215, 9.95731980736071, 0.0, 9.905121828229726, 12.247496371959212, 5.837941299319905, 11.3013158358788, 18.896484943218088, 28.608693571299785, 68.40762431676858, 75.10065652042455, 80.67819452158216, 89.16221889049572, 96.2573429836091, 95.5144047913243, 89.49119982581001, 82.77824295704836, 76.02404224224769, 70.17378844732642, 43.181022080393134, 48.99675746916873, 59.89597287303551, 63.21840494769909, 72.69739804654176, 80.08535881159237, 85.1923101698683, 87.8296018293911, 84.43937313901344, 69.57054999261688, 62.25375994635551, 56.39386364310131, 84.55425222012832, 83.16485990023882, 86.61069510487961, 91.43158378507091, 94.00288933143226, 98.95208307644921, 108.56021748245229, 109.2892285012081, 107.38075659259468, 104.32755877363881, 100.00675325902635, 94.37788652155314, 85.66367039002716, 88.93445244136397, 93.6212531328396, 98.21384940670798, 105.94339884002925, 99.72375578932039, 95.96278145752217, 90.65895628746362, 35.690740975604825, 50.01970119585461, 66.75514419188339, 80.8950666263738, 98.84226539113597, 113.69624183167961, 118.93495787511984, 130.72370363790728, 140.76480180512635, 144.23585475917002, 139.7779022724082, 130.64701871034313, 126.2952542111553, 117.96397496332484, 111.4083116003263], [29.371273925953513, 22.994506144316706, 18.140193045671538, 21.879758852853154, 24.405272760173073, 29.79787473468148, 34.640568968429456, 72.53555092821179, 77.75350221469942, 85.75862773109559, 93.69272435856743, 101.2689189563015, 94.9751692485844, 87.84171468821005, 79.10069909293215, 38.067836457054, 28.47026288872559, 19.68670224609985, 9.905121828229726, 0.0, 4.271165981880007, 12.053657872321992, 19.82741716198794, 26.991877103308187, 36.60330358779656, 75.94741134449329, 82.53293246296569, 87.8827708494022, 95.83490018941401, 102.31482835740867, 101.55574180013953, 96.06668036893667, 89.67780510900302, 82.97928499939351, 77.17725415753911, 50.20588331360237, 54.72821536093076, 65.22659285112854, 65.63418166317483, 74.99684697991799, 83.41430662439673, 88.95260902302263, 91.42372324456461, 88.53700296527022, 75.4568448073904, 68.51516660634404, 63.38564527847255, 83.80910533518546, 83.94815917984096, 88.81567384140438, 93.91168171974486, 96.95809935284355, 101.88863629070177, 111.04982192389987, 111.3081204250968, 109.12324427468599, 105.55133479842756, 100.79473994950898, 94.61415661082633, 85.43247401907605, 90.21379397050764, 95.75230917439437, 100.71331459235756, 108.42276933195475, 102.02084177722911, 97.76869683495616, 91.72793830213553, 27.876540315927837, 40.73776013314426, 58.52761964472209, 73.76066843654357, 92.46457393558556, 108.51268664127595, 115.31664089055606, 130.24158975553198, 140.81273095826649, 144.6417185111374, 140.8579226377275, 132.37083524900223, 128.78605783344287, 121.25297021152967, 116.19953303060613], [28.02415785053028, 21.43207489673209, 15.06957606294925, 17.679299333455525, 20.73984300185488, 26.977911908271366, 32.25725939853826, 71.59185229695584, 77.11727902281464, 85.30097022447886, 93.21953312599116, 100.53083263332749, 94.17229352803386, 86.87854527915665, 78.12806896235024, 38.81371321604029, 29.694408758928116, 21.512198765991076, 12.247496371959212, 4.271165981880007, 0.0, 12.42443735631465, 20.390629180229702, 27.127098202541195, 36.62868033951759, 76.17857768690257, 82.85047264154746, 88.22194465956369, 96.12301194159019, 102.42933931725878, 101.5028203301506, 96.12914448462912, 89.75988848328609, 82.96312036676926, 77.1015158918153, 49.54950869169822, 53.15590144314031, 63.23308645465628, 62.562834860718816, 71.85447436895525, 80.56539021530892, 86.2928702437019, 88.83717914485129, 86.3012198854804, 73.85935527862978, 67.29729617798588, 62.882003736479795, 79.89866513501053, 80.3526253433108, 85.598188178769, 90.78786220084032, 94.03110188345646, 99.03726209327816, 108.21683283119383, 108.14812525312259, 105.82479374081173, 102.08214694695225, 97.19317852613662, 90.88494550092224, 81.62304269181321, 86.74612955859774, 92.52986387988011, 97.65214945506855, 105.53222982080169, 98.9011646340584, 94.45817986355856, 88.20838691635909, 29.43561125258541, 38.81294934782485, 55.11557108987439, 69.95240203617064, 88.41737748985943, 104.36047114643387, 111.14741876353128, 126.40872520495756, 137.4851479431033, 141.7069584509582, 138.39718314300023, 130.38823205119976, 127.33554526244899, 120.62839232656765, 116.61134167216034], [19.956020121672786, 13.492985666901044, 13.39558993771017, 23.90567726177834, 20.673423783721795, 22.573619409986716, 26.764498801791714, 64.24062554158265, 69.38489168899032, 77.32324223492084, 85.55029063517458, 93.86248946774238, 86.8950997453798, 79.48172476379818, 70.83389626321264, 27.260768636143002, 17.907521271572232, 10.510140332561646, 5.837941299319905, 12.053657872321992, 12.42443735631465, 0.0, 8.229222745003566, 15.725005384254118, 25.712407459226316, 66.60237135756267, 73.51870925383284, 79.25014766809898, 87.89516901606417, 94.96991566410607, 93.95301712029124, 87.88428942578888, 81.04729974964326, 74.0785083641862, 68.0801310694686, 39.711967389530585, 44.449988930225, 54.80009287242323, 57.655820616823675, 67.12967053840676, 74.57918161766958, 79.89510623707605, 82.82162834699085, 79.84818177288254, 65.1349896395406, 58.31878368863467, 53.42342526715938, 79.06905317596438, 77.52723296083235, 81.01044074494962, 85.91246060102925, 88.66207179699302, 93.81384344543265, 103.73108471474052, 104.04400559766793, 101.98041165754142, 98.82543111342395, 94.42662598173631, 88.79263175569947, 80.13605762860074, 83.33610890663674, 88.10362893602905, 92.86868815046425, 100.99847524748206, 94.37453414146343, 90.4517652047591, 85.07477854596185, 39.543606331448395, 50.57041271588036, 65.02102722217721, 78.16866934299432, 95.38857805647189, 109.63359795957156, 114.26050158952856, 125.37040158449378, 136.18607100582778, 140.20963017452007, 136.28688208790965, 127.69120168086351, 123.90842881011595, 116.59549879789657, 111.11208694800236], [15.703653441328264, 11.412247258817038, 16.954551052089876, 29.419075983047023, 23.615192186555458, 21.921390428757597, 24.277631547567854, 58.260476850768754, 63.061813002216304, 70.77329985311482, 79.1219701828358, 87.98227568609974, 80.7353990953502, 73.34862573964399, 64.82752094341119, 19.135568912428546, 10.096088523976002, 6.388473833017945, 11.3013158358788, 19.82741716198794, 20.390629180229702, 8.229222745003566, 0.0, 8.031621206487328, 18.03272995243718, 59.193524799773236, 66.20103438122892, 72.0952612030413, 81.10153313268901, 88.5684059249421, 87.50846770707871, 81.0824395245695, 74.02536130034079, 67.0059030662547, 60.97469994616056, 32.65212008860755, 38.540111339448835, 49.403584048025124, 54.83642426079952, 64.26887380860215, 70.76075500388913, 75.5281559510211, 78.38345237651353, 74.8879936513498, 58.915164137722684, 51.74259990262087, 46.29982762574279, 78.82454453731098, 75.96602338710748, 78.11242407209923, 82.66494417246776, 84.87277592830499, 89.88154557586371, 99.9662389622492, 100.8445354890293, 99.12242253731011, 96.51155498061094, 92.6133016362909, 87.55742177970669, 79.39383896824577, 81.20351351743922, 85.11911126218087, 89.41279098588096, 97.29927301191094, 91.0739864462749, 87.7120657797169, 83.09682492254629, 46.38712192671722, 57.53016382371441, 71.01011243632294, 83.0945344456564, 99.62395064165548, 112.701246566847, 115.95018494344615, 124.30784180685819, 134.2190487272821, 137.80900237805812, 133.29641978162056, 124.21058251091249, 119.87120033485, 112.1157964378573, 105.79703986887922], [11.093619362539894, 11.067046495441591, 20.110247410868592, 32.97610572149721, 25.439014953454173, 20.509229830238436, 20.497536567645074, 50.71749899586257, 55.43682364512221, 63.10411410503182, 71.51670879580907, 80.58162890434855, 73.12085607014659, 65.68415782837, 57.24622984821178, 12.416103496880934, 7.57810346099768, 11.728922980760762, 18.896484943218088, 26.991877103308187, 27.127098202541195, 15.725005384254118, 8.031621206487328, 0.0, 10.059666808113976, 51.55335356224687, 58.67254455857713, 64.66222268254867, 73.82179677729131, 81.38886369141177, 80.1721370897689, 73.61409094369729, 66.44981924266881, 59.33051420931402, 53.23870776261248, 24.670352704005268, 31.32594127889239, 42.92164960706434, 50.12753394085866, 59.410552893801565, 65.18257115119546, 69.34320588479845, 71.86483908552823, 67.8812558658463, 51.4158951013451, 43.928701656604716, 38.30573356886873, 76.04110005576125, 72.13490926904159, 73.15432357374563, 77.3241102598458, 78.97423089803232, 83.69441466028864, 93.68150452330951, 95.16395276791752, 93.81809639318308, 91.73062679687905, 88.35744466131122, 83.85608678069991, 76.14857966124839, 76.7826260645071, 79.93021212076152, 83.69619396337524, 91.1164986405581, 85.45353557234273, 82.66938961582501, 78.76811138868698, 52.843436002536826, 62.26104983048952, 74.08322222227291, 84.84056860393181, 100.59365929295848, 112.41475467531365, 114.36376455289724, 120.33913508258125, 129.09267909743986, 132.27107428195197, 127.34857514273742, 118.01499941423037, 113.45181758920326, 105.81554015090434, 99.62728247836048], [13.499263543841568, 18.077080098155953, 27.958911840196155, 40.31524995911065, 31.84118268997851, 24.360591981539777, 21.27943075843508, 41.95802858944058, 46.286722043604634, 53.71826610022614, 62.211496949777256, 71.71688475855912, 63.98295465383728, 56.59605942959961, 48.367901467343486, 6.813678658632281, 12.618862880997838, 20.478618034950355, 28.608693571299785, 36.60330358779656, 36.62868033951759, 25.712407459226316, 18.03272995243718, 10.059666808113976, 0.0, 41.79851714450701, 49.04135711758691, 55.16914719718639, 64.59410116207545, 72.4017339530974, 71.03258575438798, 64.21118686046631, 56.87349293841318, 49.66475327767992, 43.52518228916359, 15.303920891480782, 24.23493177902158, 36.86987870826648, 47.09730099672306, 55.89660509014303, 60.35735052560314, 63.451721737000234, 65.39679662501617, 60.53711728820025, 43.14184889480441, 34.958612989652515, 28.4979589337123, 75.26837333640167, 69.93983899819348, 69.23462575240791, 72.75434573933295, 73.49125759795376, 77.70018848765136, 87.44096976978356, 89.9186318284577, 89.17325367236859, 87.90342567649468, 85.33967811789194, 81.6918854711685, 74.73653318032291, 73.65161857907984, 75.58031567298359, 78.4766174506268, 85.07147300301379, 80.37610368839168, 78.5241404585035, 75.75194467532437, 61.40361624645874, 69.68100217222842, 80.0226299402913, 89.32914323853213, 104.14047539565233, 114.41323687719864, 114.7546225687164, 117.50363582904727, 124.44660856545602, 126.88441058065696, 121.21529461224404, 111.36521168581375, 106.26290190427804, 98.4475397790685, 91.97105841795972], [51.07387996214371, 57.963588528470616, 67.23054630102672, 77.3693914393735, 69.33941432142912, 60.211538191859994, 53.63183556472691, 22.653245774022608, 18.373911688114454, 19.001845668586693, 26.119275378260305, 38.15059005993888, 31.004033643755, 27.463107801905398, 24.156043815061896, 41.457258231544294, 51.40574940227564, 59.784008053132695, 68.40762431676858, 75.94741134449329, 76.17857768690257, 66.60237135756267, 59.193524799773236, 51.55335356224687, 41.79851714450701, 0.0, 7.543415562540023, 14.11567119019429, 24.69851690688384, 33.92529751226027, 32.440955207167775, 24.131747283060133, 16.165826613179945, 9.839206420845382, 6.425453263669886, 31.13078411816246, 38.23860465248289, 46.777497307928975, 62.3228955636839, 66.8793167976062, 65.56758492621172, 62.57990792387826, 59.697478764244195, 50.05236479055283, 36.52160279726095, 27.972973853752947, 18.42545283149668, 91.30591686612163, 82.50800