{
	"dissimilarities": [[0.0, 7.348938688558033, 16.09138598188055, 26.34256258337396, 17.800413586555372, 11.600406525456082, 9.67414812777244, 45.26926842377, 51.16197451789293, 59.5193734401307, 67.72183548268171, 75.55615372215357, 68.18919276610401, 60.15891537731693, 51.735536159293325, 18.307749032324153, 16.745185334159963, 19.011930394814385, 24.33031003645646, 29.265600082317214, 27.83735288443592, 19.393344148079667, 14.227859220385165, 10.504509147463722, 11.99402476938917, 51.526693874508375, 58.23581261566001, 63.92841481246348, 72.57318843073122, 79.36641159405853, 77.61412700987907, 71.71217430046268, 64.59248375658123, 57.59870005883683, 51.52224473883524, 22.685175573108047, 25.51237094534393, 36.84998068237805, 40.308671252742435, 49.87024289270973, 56.92693674990089, 61.40971258307091, 63.16841441956694, 59.49026847829364, 46.02527512356931, 39.37511327918664, 36.16030883513461, 65.11572550483608, 62.982422835559916, 64.81024076755378, 68.1796460151981, 70.82409425458674, 74.7581288906669, 83.15897953169244, 83.86615473531917, 83.76173073010415, 80.56900904960175, 77.12056993006438, 72.30383550027179, 65.34225354578977, 67.8073494043267, 71.33848818891879, 75.07803827363216, 82.05617049170947, 75.87352837536987, 72.13554453385767, 68.71494568359918, 54.920299494469255, 60.81637734359397, 68.45795617570283, 74.53916216478724, 90.3382254224849, 100.03350159823754, 102.64807313349063, 107.79891955860897, 117.60964891680732, 120.64181281494588, 118.97645046352035, 111.13168419829704, 107.75665787181643, 100.14996821545854, 97.4662525133588], [7.348938688558033, 0.0, 9.378873780027584, 20.69630976881886, 12.685805809512061, 9.645561478527469, 12.643545417144908, 52.55242063556998, 58.504519982840456, 66.86822096970397, 75.06764811226476, 82.81007706142717, 75.4764830654561, 67.42542902033345, 58.9917804425611, 22.368110084832043, 17.38893072621462, 16.37449910287939, 19.431414957504995, 23.46041096870279, 21.637677483499235, 13.475800193403318, 10.430778709725848, 11.344696574986038, 17.39918235626841, 58.54537527454682, 65.33081738365486, 71.07499775884297, 79.7633304621713, 86.57543999101827, 84.89440586345054, 78.98971570454411, 71.87265524105439, 64.85881382687982, 58.765221224327654, 29.36244265827656, 31.399344897094974, 41.30745482880258, 42.991383696738325, 52.68621679561987, 60.402408952620476, 65.68700675330989, 68.14691314489762, 65.29240023838575, 52.01598933835673, 45.99960324568939, 43.22307841958834, 65.91290363631506, 64.60981514793158, 67.61251939289593, 71.49476425815544, 74.82524575152382, 79.19831952684831, 88.06227589844988, 87.98540930641174, 87.21062938706754, 83.42395541793616, 79.33524945224018, 73.90239348211196, 66.50058537197329, 70.11288468086076, 74.4897546354748, 78.93308960085974, 86.76346671670478, 79.6852764258265, 75.24623468946419, 70.98433067328786, 50.34846211552648, 56.57548535596073, 64.79677075101799, 71.89046592333035, 88.17489339264887, 98.95288866449512, 102.62784123773403, 109.93672946639937, 121.56625790270627, 125.41023624448455, 124.42160291751864, 117.00820214462965, 114.15789151589048, 106.86879102027184, 104.23853470257713], [16.09138598188055, 9.378873780027584, 0.0, 11.836746339103753, 7.466679910510896, 11.832620847288307, 17.94015723995252, 60.3140718625436, 66.51369765404672, 75.00942957950373, 83.04713653636529, 90.133674954065, 83.10043430765657, 75.1288213220476, 66.6227911572525, 31.267504816657556, 24.60002605721461, 20.329592549944746, 18.24716063496488, 18.223071682996455, 15.111184415433856, 12.299588756032046, 15.016916554556628, 19.57363702403886, 26.711885218047836, 67.50822704269055, 74.15710131851164, 79.73174692455883, 88.04161197653565, 94.43924057544659, 92.85935836351321, 87.30648566843965, 80.37468661875405, 73.49133102847213, 67.47729946587718, 38.542673794972316, 39.4822368570004, 48.2035383536058, 46.50290274394028, 56.12857813657586, 64.95995462045934, 70.95284918990374, 73.57155909351152, 71.4559198654637, 59.797445400670824, 54.37718345370224, 52.19063952340152, 65.96709083423887, 66.08755896032513, 70.82318346841005, 75.22056197283575, 79.19094602761174, 83.74405846442359, 92.53371992798107, 91.7549001023661, 90.34665128779758, 85.94266124147424, 81.20397422435428, 74.95456211790193, 67.03267662387577, 72.35943973910216, 77.79329056988777, 82.84825376108422, 91.04814489989415, 83.50185518758562, 78.43843182991921, 73.12894809412431, 44.404287060155106, 48.72166380832818, 56.965708486930765, 65.21467446510516, 82.29429513734746, 94.57641172325494, 99.85478553151178, 110.78299120834481, 123.61866736556482, 128.21036312515628, 127.9128686463842, 121.06733979503537, 119.08841619672877, 112.62566004719693, 110.95184416005323], [26.34256258337396, 20.69630976881886, 11.836746339103753, 0.0, 11.219953787377602, 19.057732761621722, 25.224647513032977, 67.48270752924772, 74.0233261154184, 82.66268966117994, 90.34447937254548, 96.26327747115458, 89.74655744319868, 81.97892081200924, 73.47598929287602, 42.76062787013326, 36.05755375739164, 30.81018582336577, 25.56708087829125, 20.617899294410403, 16.434262237530746, 21.405587629281612, 26.290140358805715, 31.21840974043827, 37.81607638500388, 77.00912048835244, 83.33791020478108, 88.56611155512931, 96.16666605036475, 101.77635231295157, 100.25701724350613, 95.34932743540962, 88.74694923708375, 82.1382804946749, 76.30851503243848, 48.66451573929723, 48.238246329613794, 55.92578378046296, 50.02902822986012, 59.208638209958536, 69.29081972989852, 75.74201876859198, 77.99539869473833, 76.5504504674293, 67.70400802438779, 62.93852360500641, 61.61157636970838, 64.64107914570297, 66.58182155644552, 73.28264795693217, 78.07207357095899, 82.51559781984416, 86.94481860005642, 95.10578156888238, 93.75447092911514, 91.82726232618279, 86.90087634588804, 81.64291667339796, 74.55993932841845, 66.21506451409192, 73.51022233460509, 79.99831712136744, 85.44754580242692, 93.46492702990453, 85.95440776332501, 80.47030462721929, 74.11657221144, 40.69199065768715, 38.88716831627967, 45.41288123150542, 54.516584395280894, 72.54417281883482, 86.47774722754471, 93.65466069934331, 109.14496162825613, 122.40453315756665, 127.65974231661856, 128.12389170301114, 122.07214019688669, 121.37671037508677, 116.43108060058549, 116.71780243149666], [17.800413586555372, 12.685805809512061, 7.466679910510896, 11.219953787377602, 0.0, 8.38999304575689, 15.400747923509362, 59.24730217698005, 65.92447891695801, 74.58405130581244, 82.46182958461135, 88.96879601719652, 81.85029580420932, 73.7620151301369, 65.32211433801298, 34.788138534177, 29.79193762807483, 26.94519248067829, 25.704040905418335, 24.970426954637762, 21.377076040426292, 19.583741015996942, 21.101258924264542, 23.930049730723375, 29.208181036801587, 68.58986383963125, 75.14403122848327, 80.66333635637076, 88.85757708948914, 94.9503799320508, 93.06117199013366, 87.69205426900744, 80.70038895485277, 73.84733455980253, 67.84703796306026, 39.03097729893492, 37.62018770546174, 44.90402338198395, 40.590863570823544, 50.06489963495324, 59.484913966251156, 65.83855298576475, 68.589346856117, 67.24176985555893, 57.13902632280369, 52.75206038157397, 52.2699411326704, 58.678595649562084, 59.16348084547346, 64.5488221502452, 69.15261531442496, 73.43843917342151, 78.10992373140317, 87.01118757156115, 85.69455689461626, 83.9359126568768, 79.2795687605544, 74.32973021049833, 67.8597821393943, 59.834147466328645, 65.65544147450211, 71.4973857026784, 76.83598026140385, 85.380685039011, 77.43701321196966, 72.08667792936596, 66.38174344320169, 49.55707879529064, 49.67889149435487, 54.28032945130413, 60.412796299334346, 76.34930138748594, 87.81430297969493, 92.64202345882256, 103.60332143514592, 117.36426962477857, 122.71980049503514, 123.38812910051554, 117.36425506447233, 116.52655793850205, 111.74671053664815, 111.8849422836969], [11.600406525456082, 9.645561478527469, 11.832620847288307, 19.057732761621722, 8.38999304575689, 0.0, 7.337123231127237, 51.39784879201456, 58.086762991841965, 66.72383230765539, 74.66849157046222, 81.47941264393592, 74.10195025644366, 65.90285905072228, 57.508406904151286, 28.985055956002466, 26.24610550686798, 25.990519995770818, 27.921338886080264, 29.707611864199873, 26.81383517700511, 21.63597921900656, 19.91353406743833, 19.76790397567635, 22.658905426180873, 60.7847699646472, 67.36126944197353, 72.95173171913926, 81.3407139303973, 87.61173303299623, 85.54403917439961, 79.99529182628243, 72.86291795929577, 65.94236045166011, 59.90400762121326, 31.033699614018854, 29.292544903959865, 37.306320055963496, 35.065442295244885, 44.75372564399467, 53.44694582762855, 59.231187821556794, 61.74480110530927, 59.85699713951733, 48.96208021822754, 44.37019082405358, 44.10316593273034, 56.53522976096796, 55.69992678267109, 59.590088499806825, 63.753787886017015, 67.48734880432876, 71.97742652738363, 80.90870730237039, 80.18164892534256, 78.9888632509367, 74.87907069264205, 70.53125511350177, 64.78563661946703, 57.22061976474769, 61.49970894354095, 66.4339847435538, 71.22908936467879, 79.42091136863678, 71.90854883812132, 67.11194469914037, 62.31356770331474, 55.17085363288515, 56.30223315015121, 60.47717231071748, 65.16888145429493, 80.12790430211487, 89.94288155428835, 93.1245287747801, 100.69299336941486, 113.29139514393927, 118.06686654937114, 118.28258251714664, 111.9209001266508, 110.60955368738645, 105.59934161074288, 105.54947297985879], [9.67414812777244, 12.643545417144908, 17.94015723995252, 25.224647513032977, 15.400747923509362, 7.337123231127237, 0.0, 44.07944692991212, 50.82320443901074, 59.48213609738409, 67.38517691310975, 74.17114773846983, 66.76577512134423, 58.56940244518405, 50.17319704054722, 26.313157538778604, 26.129802391097503, 27.979838633205443, 31.70548708657492, 34.59893719496017, 32.157147352159605, 25.977132530096135, 22.454448137719886, 19.686704250213694, 19.249981773756097, 54.22731956617211, 60.652463378123024, 66.13690489991114, 74.40091800008219, 80.56919468768766, 78.4066245098428, 72.92247857415482, 65.81712223157415, 58.95992735398151, 52.97901983943504, 25.165189394729563, 23.270338482838923, 32.6393387193343, 31.991056994541363, 41.62518804569317, 49.70752255976213, 54.65385394349857, 56.374380434651826, 53.633540225314924, 42.79854790049096, 37.72104115956103, 37.45175435687965, 55.73539004450621, 53.964964502560456, 56.571310062243754, 60.186404419390506, 63.18657136008692, 67.20556001575483, 75.64853155266475, 75.75525827840437, 75.28672823939586, 71.81244902039273, 68.16375898213889, 63.08661088240118, 56.00638147696948, 59.014520348120975, 63.03904562398007, 67.0781566943414, 74.35898675332906, 67.80330392384259, 63.75940446451347, 59.868207396567605, 59.36505015556398, 60.50827634599163, 64.3269995993423, 68.03214845887368, 82.46677039405189, 91.11187497908794, 93.15319544562085, 98.42419642310894, 109.05519111167906, 112.99361529257448, 112.53272677707002, 105.75200651824981, 103.98276526117687, 98.79175431000178, 98.88373788404769], [45.26926842377, 52.55242063556998, 60.3140718625436, 67.48270752924772, 59.24730217698005, 51.39784879201456, 44.07944692991212, 0.0, 7.620637390258246, 16.13559901198849, 23.485374272103247, 30.929509596459056, 22.9657957290223, 14.93821529510189, 6.586009468520599, 43.60637621245987, 52.302324711442814, 59.322572234638464, 66.830977581056, 72.30344744930139, 71.38437092784238, 63.69475957012485, 57.29202312742062, 50.021439650214994, 40.713895426458336, 22.72292934065912, 25.00126497430594, 28.055180465623977, 34.0872478845359, 39.09105802773515, 35.90971821766416, 31.124189359202095, 24.76584039444559, 19.71821427506634, 16.299521826120667, 28.710286385739273, 29.769519853594232, 37.417812826867475, 46.92720301853048, 50.71792437967514, 51.06754530576758, 48.07364573974591, 42.89803994442545, 32.57001186379861, 26.910510677938536, 19.694288333517946, 17.848329323398257, 71.92836122870756, 65.86622640572864, 60.26061337174336, 59.23962409802218, 56.185852503500904, 55.55308601302301, 58.1722043954086, 65.05283740122327, 69.95443361738006, 71.4807886541591, 72.94122210418152, 72.8788056553079, 70.1029531636434, 65.32376966813347, 62.52532216397966, 60.27323140147556, 58.86657268533297, 61.17354643971343, 63.3581962215311, 66.19151460698694, 92.35739926505374, 94.52357067120955, 97.57218090766062, 97.66050316682195, 108.84092068222282, 111.5253384018185, 107.73542706663909, 99.22051904089673, 95.55380970281661, 92.61592430069413, 86.31978462227556, 75.95307189461843, 69.24577203099035, 61.20680752206131, 61.161817026600154], [51.16197451789293, 58.504519982840456, 66.51369765404672, 74.0233261154184, 65.92447891695801, 58.086762991841965, 50.82320443901074, 7.620637390258246, 0.0, 8.75241819838209, 16.635545714733407, 25.739528593051368, 17.86953377958544, 11.071802371639137, 6.489880943892961, 47.45676618450653, 56.53547998685388, 63.84499718454119, 71.67219734088083, 77.54816405338815, 76.93070297608523, 68.99495700419013, 62.39142580321826, 54.96881671921965, 45.51597795295521, 18.611165270076373, 18.963234874168144, 21.01121566665049, 26.56530350329111, 31.838453745314972, 28.593563879639994, 23.509945625511108, 17.266456001991866, 13.002545701719335, 11.439587975387662, 33.38843563893492, 35.90559511282055, 43.27098948201039, 54.07926832667014, 57.47351508732767, 56.900587649178355, 53.13806151159445, 47.59106351562441, 36.81236032922263, 31.248808671194713, 24.276225091737242, 20.633405787608986, 78.99387896059443, 72.63616320846157, 66.3053915352066, 64.82539306617512, 61.154114729903085, 59.990881702212825, 61.70995863772641, 69.43346376871176, 74.92626516579203, 77.03414430926007, 79.00117060452577, 79.4410813977826, 77.0492807836945, 71.63390189760439, 68.1546736039477, 65.23952021480535, 62.731055150831786, 66.15202731910516, 69.00052091027614, 72.5004825283313, 96.9552852355192, 100.30709654586101, 104.23307895727555, 104.68488016395938, 116.00818687785109, 118.51967758313833, 114.42301483343206, 104.5803789904614, 98.93165836482184, 94.66052061903451, 86.97553009285046, 75.66046518772126, 67.19436526515823, 57.08756247974052, 55.075536794224945], [59.5193734401307, 66.86822096970397, 75.00942957950373, 82.66268966117994, 74.58405130581244, 66.72383230765539, 59.48213609738409, 16.13559901198849, 8.75241819838209, 0.0, 8.505566303280046, 19.784768623376237, 12.382389991293078, 9.571690301005981, 12.289673584106414, 54.50098701102704, 63.85284718861268, 71.37694824633422, 79.43378798391788, 85.56434628523918, 85.11872911790095, 77.01689363676948, 70.27310008431132, 62.7517972410468, 53.22010286252583, 19.267459625888698, 16.2871628178358, 15.776562918645526, 19.398336969133435, 24.40258423123889, 20.626539909049722, 15.480785292417854, 10.159340707232777, 9.655980005772486, 12.670754278302615, 40.90423529905448, 43.70081004902798, 50.03487594794498, 61.56005463956244, 64.19709537086632, 62.498645728340264, 57.7599574672916, 51.657783830488796, 40.63369182589293, 36.46400333673032, 30.675563587095656, 27.20063661257372, 85.8698660583375, 79.12286549938284, 71.87346353535705, 69.77629871915279, 65.32388485785663, 63.449476462352706, 63.99659145466266, 72.64326370199275, 78.83827001699093, 81.697781078726, 84.35775045299256, 85.51123537877115, 83.7347308859422, 77.43719942396332, 73.07075747656991, 69.29077082196936, 65.39289533905621, 70.19907811365012, 73.91188830750042, 78.28478770028958, 104.47052292526378, 108.35438978415957, 112.47224769898318, 112.73395520315569, 123.69396543675612, 125.52589769817924, 120.7160328928516, 108.78501280877232, 100.83472903256482, 95.17249559063768, 86.20792630882747, 74.17903726466338, 64.15339520035144, 52.64305918712545, 49.35264943263294], [67.72183548268171, 75.06764811226476, 83.04713653636529, 90.34447937254548, 82.46182958461135, 74.66849157046222, 67.38517691310975, 23.485374272103247, 16.635545714733407, 8.505566303280046, 0.0, 12.599949809786464, 7.656763820498711, 11.78972116947305, 18.256154005907323, 62.955052918220154, 72.25230234846458, 79.69158074977472, 87.59420411524695, 93.54608895343998, 93.08757233910143, 85.25546836651482, 78.6183850375766, 71.15799754788372, 61.67324442837063, 26.198516479507575, 21.43177645917524, 18.307187895417307, 17.03979586850189, 19.01949794093561, 14.458787733774363, 12.166929235724764, 11.709497875871534, 15.788548704054755, 20.45393060777857, 49.37609154501556, 51.67093871661448, 57.11194717453939, 67.86976493176188, 69.7107378787221, 67.40892874291441, 61.83481847869985, 54.776692409233945, 43.645091661472414, 42.65687826406388, 38.12414011897299, 35.614892150229245, 90.75211087705847, 83.92465170907647, 76.17264069147946, 73.51254507350703, 68.32065284134966, 65.53499413901572, 64.36387511988595, 73.99867075043008, 80.92439743919194, 84.51917648697898, 87.88087506527458, 89.63619375235896, 88.46269126983843, 81.60870930352486, 76.54683514002105, 71.86822454277106, 66.14030271994552, 72.71792951162811, 77.3228374722477, 82.39063621206829, 111.65352870538918, 114.86133334326284, 118.42322992921135, 118.05440623099783, 128.38250814597131, 129.35406657467144, 123.8534788306632, 110.41588982755644, 99.47324898308251, 92.27963500070007, 82.00668719712135, 69.37506056992297, 58.18022358080891, 46.311641131652465, 44.01740889399727], [75.55615372215357, 82.81007706142717, 90.133674954065, 96.26327747115458, 88.96879601719652, 81.47941264393592, 74.17114773846983, 30.929509596459056, 25.739528593051368, 19.784768623376237, 12.599949809786464, 0.0, 9.4478394709435, 17.650792284397347, 24.780975401609556, 73.00213601196005, 81.80273299278505, 88.72242222157436, 95.88910721505269, 101.0061143506111, 100.28984662968439, 93.42877321280676, 87.2898209655046, 80.15491896106322, 70.94529713765877, 38.478831438986425, 33.77157026284928, 29.99802911587076, 25.104619800378217, 21.37104235340392, 17.581616018237632, 21.161833849589687, 23.80147740042861, 28.19548131056551, 32.38566285935418, 59.031575309832014, 60.0030059331616, 64.68727580200978, 72.50887586079392, 73.43419064930401, 71.32950750711419, 65.14665837599793, 56.47866997579955, 45.47706680125512, 50.19569822151951, 46.9656385444911, 46.052652784781166, 92.36633280537878, 86.02762899429636, 78.49321667418383, 75.35536101728587, 69.48910051813075, 65.41788938641339, 61.42487538060493, 72.24139174082134, 79.97647300939225, 84.29449107020302, 88.38609467513828, 90.55874360169744, 89.99503597087975, 83.16110464074036, 77.72857301466186, 72.07437038762723, 63.61726739470109, 72.76555460444918, 78.33063385024137, 83.7912603089933, 117.6520116858692, 118.30901142050998, 120.14907826858663, 118.4557640643828, 127.67120639157528, 127.47949394670832, 121.3691412805276, 107.57013074175272, 92.07548030514621, 82.86823294134835, 70.93093618386791, 57.58356062476815, 45.70855057954066, 35.75464535398865, 40.163797067456954], [68.18919276610401, 75.4764830654561, 83.10043430765657, 89.74655744319868, 81.85029580420932, 74.10195025644366, 66.76577512134423, 22.9657957290223, 17.86953377958544, 12.382389991293078, 7.656763820498711, 9.4478394709435, 0.0, 8.61886062550886, 16.630367822254204, 65.27031450832754, 74.37832911482508, 81.59982084933263, 89.16909007385918, 94.61800153986411, 93.82578681912294, 86.39189817082605, 79.9723163391539, 72.62697294189861, 63.188916065617505, 31.48629465101659, 27.820798469153214, 25.587485395762634, 24.465501662557713, 24.699305024835294, 20.172340663737216, 19.65592098644391, 18.9238141141336, 21.479846714341168, 24.843884946285254, 50.68322039194243, 51.237367653534356, 55.58694756079505, 64.52607817325595, 65.64600204330314, 63.304203789713924, 57.36315064035595, 49.44470456003488, 38.28322815352426, 40.92972049219534, 37.714800064924034, 37.46748476989857, 85.77436477335968, 79.03894117702794, 71.25120799451791, 68.33241770990236, 62.81890471683334, 59.49896433548011, 57.41176140262941, 67.40557615079484, 74.61116694580696, 78.48215093397418, 82.16975577925993, 84.18488281869666, 83.39415996485573, 76.36766175076556, 71.0729366356985, 65.96705533448856, 59.29339520517834, 66.75519096314238, 71.77492378279278, 77.08329244512295, 112.88757551518316, 114.11473959136842, 115.98889385690133, 114.39033251968878, 123.67967527689035, 123.71679637115929, 117.61207005915773, 103.55387654422505, 91.82847776376323, 84.73607795220838, 74.98427547055485, 62.954492435877775, 53.21027310028345, 44.75961381418363, 47.27764820176856], [60.15891537731693, 67.42542902033345, 75.1288213220476, 81.97892081200924, 73.7620151301369, 65.90285905072228, 58.56940244518405, 14.93821529510189, 11.071802371639137, 9.571690301005981, 11.78972116947305, 17.650792284397347, 8.61886062550886, 0.0, 8.548036467125009, 57.630969050494464, 66.74773678959718, 74.01121890911595, 81.67195125778197, 87.17263226488532, 86.26678618671663, 78.61514468981382, 72.12670004569317, 64.74013431058299, 55.25785828905186, 27.00553965640907, 25.274334386726487, 25.184478446928715, 27.591474832495436, 30.315871707015468, 26.04657413964533, 23.05252838608028, 19.123703695324735, 18.46289720908975, 19.748564020587015, 42.548375764801335, 42.63971663423185, 47.21898015574288, 56.52246887744088, 58.155515481657126, 56.260096251057384, 50.97655423347653, 43.8036893866352, 32.559807692651226, 33.05768783451069, 29.336166755585722, 29.681905809657138, 78.96368386445558, 72.19911240490968, 64.74550460191792, 62.29559643269006, 57.42259757694803, 54.966440433727904, 54.709195055406276, 63.680982409626516, 70.17799715635802, 73.36115609423679, 76.42481679765913, 77.94856013608417, 76.6800561966378, 70.01668419486164, 65.28878314595859, 60.99376113902886, 56.1840367215764, 61.84492909719313, 66.05577016874506, 70.79559470573251, 106.4909325658816, 107.8200146260849, 109.67134126301512, 108.26862072159652, 117.82650399877139, 118.39479893435004, 112.71668708293694, 99.73834345803772, 91.3376431473098, 86.11125358787267, 78.12709438483922, 67.0819596268212, 59.06682079615646, 51.635282364044734, 53.58219059663975], [51.735536159293325, 58.9917804425611, 66.6227911572525, 73.47598929287602, 65.32211433801298, 57.508406904151286, 50.17319704054722, 6.586009468520599, 6.489880943892961, 12.289673584106414, 18.256154005907323, 24.780975401609556, 16.630367822254204, 8.548036467125009, 0.0, 50.05070992702455, 58.852513279032536, 65.89699864310143, 73.35904826206881, 78.71722568760286, 77.75973664120818, 70.23039078184493, 63.86890128573593, 56.602806359692295, 47.270052628934124, 24.638246501582046, 25.09211279935721, 26.78320739991762, 31.238630670772142, 35.167019110775854, 31.55680520299693, 27.60492501585255, 22.147438613397217, 18.779087593497213, 17.393924558528678, 35.00935264011708, 35.337061020429275, 41.448071071715304, 50.44257439109703, 53.1926466102738, 52.6403488295889, 48.58032555552571, 42.26710768844693, 31.29161158930107, 29.09837518761106, 23.653560547454457, 23.25101631833011, 74.09402956496261, 67.77164697725239, 61.400989801480016, 59.73052542065995, 55.83201929653852, 54.315160386715846, 55.55295564235376, 63.42552419448731, 69.07652488099725, 71.34347615565643, 73.53704420429088, 74.15969091486153, 72.05805648572283, 66.48301368884427, 62.841067207271685, 59.63711140953856, 56.58819663851583, 60.50752195000974, 63.63204903328863, 67.30113495800146, 98.28775465548861, 99.72995479395851, 102.01990234789184, 101.29532074073704, 111.68307646027185, 113.36884622967234, 108.73569491060505, 98.41069346808384, 92.49442683647297, 88.5602438420276, 81.55473336451202, 70.90823969486881, 63.80826040226144, 56.27485668136503, 57.54627575620867], [18.307749032324153, 22.368110084832043, 31.267504816657556, 42.76062787013326, 34.788138534177, 28.985055956002466, 26.313157538778604, 43.60637621245987, 47.45676618450653, 54.50098701102704, 62.955052918220154, 73.00213601196005, 65.27031450832754, 57.630969050494464, 50.05070992702455, 0.0, 10.464545711607068, 19.33095482404076, 29.526481676198195, 38.193089205990276, 38.61209937620386, 27.307621315320556, 19.385202844692365, 11.981227767911808, 7.2618146322061286, 41.329776604933755, 48.478549194346044, 54.69224592151803, 64.51788375022267, 72.83329782275273, 71.33366784238952, 64.28040481398826, 56.93407522943584, 49.776775640977654, 43.75756504372352, 16.879693735752262, 26.575511094114994, 38.59612542238956, 50.138213562352824, 58.770721585487735, 62.791073034330836, 65.80388674978752, 67.8055200644028, 62.810814720646626, 44.596237503640715, 36.3705632178828, 29.239740619015866, 78.04400151635183, 74.00794520757103, 72.9594779214684, 75.3937249157993, 76.96238729397407, 80.68683366882414, 89.3302233059275, 91.13507579168984, 91.9269928447274, 89.71241802024898, 87.19227058629906, 83.72362806435459, 77.72261645708129, 77.58507196307623, 79.30078142368684, 82.07019713595096, 88.60844778054005, 83.0419645881269, 80.29710856693573, 78.64176112037751, 63.272982760965974, 75.41086636851686, 85.94595434305616, 92.8051983366389, 108.48986187612086, 117.38023521877155, 118.65716377049321, 119.11841146528819, 127.6630483700574, 129.30110699888283, 126.04086300449363, 116.8045394288315, 110.89585814595289, 99.96943949665747, 92.66483872485485], [16.745185334159963, 17.38893072621462, 24.60002605721461, 36.05755375739164, 29.79193762807483, 26.24610550686798, 26.129802391097503, 52.302324711442814, 56.53547998685388, 63.85284718861268, 72.25230234846458, 81.80273299278505, 74.37832911482508, 66.74773678959718, 58.852513279032536, 10.464545711607068, 0.0, 8.952886244507576, 19.381320161292777, 28.474430596618106, 29.294315675990468, 17.7980032558176, 10.370227351292018, 6.56743006307178, 12.521969796576453, 51.179672633935255, 58.17007950325813, 64.17950830608645, 73.58294583301797, 81.55992909301244, 80.3346482795429, 73.6093585087022, 66.50293370238806, 59.4745658266271, 53.52046501622431, 26.129581453387424, 33.93616267415058, 45.33542764756876, 53.878021118546485, 63.10058415716759, 68.47181044380892, 72.50078579164587, 74.93376213191002, 70.62440202271976, 53.405009724310446, 45.67832296472826, 39.19626669436012, 79.97208165572181, 77.1067925636428, 77.7327423811961, 80.83447134722677, 83.19693337739808, 87.30650351705903, 96.1904581315555, 97.28275264765882, 97.39923872955436, 94.46982044382858, 91.18038308686836, 86.80934515368519, 80.10637953209726, 81.61313338774829, 84.47977881396467, 88.04169891339279, 95.25818903784771, 88.94738185452023, 85.40631927606988, 82.61517545767767, 54.08788737602298, 67.83636419729588, 80.0568265423929, 88.66276969854476, 105.47227140232579, 116.06088193194142, 118.97751525934153, 122.9082774330346, 132.86546030992315, 135.15279625812292, 132.32324286690428, 123.32733490603792, 117.8844924337549, 107.05162703501288, 99.86270554014827], [19.011930394814385, 16.37449910287939, 20.329592549944746, 30.81018582336577, 26.94519248067829, 25.990519995770818, 27.979838633205443, 59.322572234638464, 63.84499718454119, 71.37694824633422, 79.69158074977472, 88.72242222157436, 81.59982084933263, 74.01121890911595, 65.89699864310143, 19.33095482404076, 8.952886244507576, 0.0, 10.543296868484212, 19.958101741821096, 21.25381575913064, 10.285320364227212, 6.289735944190346, 10.795281861923474, 19.925600525455533, 59.390647127980415, 66.22516567312908, 72.03444749613415, 81.01404999376172, 88.60788921112938, 87.58434501093846, 81.20214990857315, 74.31244434372127, 67.40881110530837, 61.516235519854, 34.11931446311735, 40.766213066386314, 51.73520807833724, 57.67200750830446, 67.19634299006518, 73.63783308260206, 78.33430178223949, 80.88927724343559, 77.0228307011508, 60.91164690969144, 53.47547881237341, 47.398114189345684, 81.82411869592046, 80.01547157885025, 82.02129434307048, 85.59091275710773, 88.49412679190235, 92.78475026057815, 101.65123230120643, 102.26863710094396, 101.91635240539327, 98.47165684061486, 94.62974318079789, 89.54984731112987, 82.33145004922727, 85.2091751745531, 88.96066998780971, 93.04895749933223, 100.57608596533147, 93.88877562349192, 89.81302806686166, 86.14807580136464, 45.904195817789855, 60.80609551122644, 74.49767840110646, 84.64422927392991, 102.41302756381498, 114.4591781394355, 118.82339311392558, 125.83877687439634, 136.5988291049734, 139.31838864115153, 136.78592354970561, 128.0010124771609, 122.98988894337656, 112.36997349967483, 105.55271108169804], [24.33031003645646, 19.431414957504995, 18.24716063496488, 25.56708087829125, 25.704040905418335, 27.921338886080264, 31.70548708657492, 66.830977581056, 71.67219734088083, 79.43378798391788, 87.59420411524695, 95.88910721505269, 89.16909007385918, 81.67195125778197, 73.35904826206881, 29.526481676198195, 19.381320161292777, 10.543296868484212, 0.0, 9.751708482549054, 12.014856936995088, 6.846220830989167, 12.219832471797675, 19.564114328875018, 28.98849914927316, 68.54648499929674, 75.1693027231943, 80.71345143447446, 89.1265435998159, 96.16509336801053, 95.33782451384455, 89.43129594504582, 82.81438788582594, 76.08238342361521, 70.27879086765421, 43.17835762133272, 48.71920622914438, 59.31920740203936, 62.267195000822966, 71.95033571481986, 79.54716120020787, 84.82357324630186, 87.28141585290405, 83.81279771604464, 69.27037794784857, 62.09934930123031, 56.46075268106157, 83.83020038852794, 83.28660751730084, 86.82043713229112, 90.82458903566969, 94.21481890314661, 98.56493523867825, 107.17825824410775, 107.37382675018237, 106.5890990489132, 102.64983880864071, 98.2851904592918, 92.45876887301111, 84.7429542098435, 89.15313711941255, 93.82102503760244, 98.36264444707201, 105.97284873735813, 99.1155290029089, 94.57205418518588, 90.00194319542383, 36.08901969778446, 51.76918341334988, 67.1644598391275, 79.12729630054052, 97.9968114598657, 111.71474191421558, 117.79204527276225, 128.50069698275195, 139.740282538515, 142.84084880447247, 140.60170843049144, 132.09796335498342, 127.66695011575182, 117.50099967777467, 111.47408097756644], [29.265600082317214, 23.46041096870279, 18.223071682996455, 20.617899294410403, 24.970426954637762, 29.707611864199873, 34.59893719496017, 72.30344744930139, 77.54816405338815, 85.56434628523918, 93.54608895343998, 101.0061143506111, 94.61800153986411, 87.17263226488532, 78.71722568760286, 38.193089205990276, 28.474430596618106, 19.958101741821096, 9.751708482549054, 0.0, 4.2561391606887105, 12.2260624709242, 19.875864394218787, 27.365050110467443, 36.50555826528607, 76.11314650761426, 82.5579015954992, 87.87793215708268, 95.78208820076648, 102.22803295629548, 101.44987571929684, 96.01858291414047, 89.59881428457959, 83.0036480127085, 77.25783332506084, 50.30717368965438, 54.55652771383013, 64.66278201805812, 64.6710271185616, 74.32155694583774, 82.94174933300637, 88.67678875415321, 90.95845482360431, 87.94457831570581, 75.19426861445088, 68.43102436798375, 63.54063537260506, 83.47192390042382, 84.12096934959251, 89.0429593837658, 93.39280736865298, 97.18544362062507, 101.52521688370531, 109.80729285838459, 109.58438274933641, 108.40951476098327, 104.05400321251764, 99.27011195264045, 92.81380690082256, 84.73538157562366, 90.51920030761856, 95.98505109508159, 100.88171474039952, 108.47728285611498, 101.54107703143593, 96.62701173513501, 91.26932709543053, 28.626198318711218, 42.61273657191362, 58.763848286674985, 72.0183471964667, 91.65617161974727, 106.68743268134133, 114.21541107321546, 128.2483179472652, 139.85076215515554, 143.40572586345627, 141.6488117588292, 133.63629397093666, 130.07002195890723, 120.89363573793145, 116.29106167038097], [27.83735288443592, 21.637677483499235, 15.111184415433856, 16.434262237530746, 21.377076040426292, 26.81383517700511, 32.157147352159605, 71.38437092784238, 76.93070297608523, 85.11872911790095, 93.08757233910143, 100.28984662968439, 93.82578681912294, 86.26678618671663, 77.75973664120818, 38.61209937620386, 29.294315675990468, 21.25381575913064, 12.014856936995088, 4.2561391606887105, 0.0, 12.0994898567497, 19.873911734117613, 27.237173700387892, 36.18844466083625, 76.34386643579785, 82.82140156157477, 88.16947720646984, 96.07997671038225, 102.403493300583, 101.45828772510328, 96.08999904531856, 89.58485905946554, 82.93862401062773, 77.13068341489495, 49.66667865364235, 52.988304112801025, 62.63293809727048, 61.56152963275254, 71.15951470750502, 80.06891653056815, 86.00291788090286, 88.36263009608606, 85.69858103877753, 73.57745201744595, 67.20977094595997, 63.045702694228325, 79.6015666577756, 80.49888490502936, 85.78584935994168, 90.25314608419566, 94.21924229665953, 98.62762268738041, 106.96692602956493, 106.4670918361165, 105.09944232514708, 100.5958965814553, 95.67989994434578, 89.08196821609211, 80.93691507890841, 87.0312037694552, 92.72925856900824, 97.78591323591752, 105.56151319797168, 98.4179560326046, 93.34193285152972, 87.75694068228765, 30.413504512186183, 41.11792373024928, 55.698139567685985, 68.33765108640021, 87.69028981378003, 102.57144754122517, 110.07580456640866, 124.43298485342602, 136.54493289106722, 140.5058504744526, 139.24636973560715, 131.64673905367007, 128.67868457326185, 120.36306104554288, 116.74675464651911], [19.393344148079667, 13.475800193403318, 12.299588756032046, 21.405587629281612, 19.583741015996942, 21.63597921900656, 25.977132530096135, 63.69475957012485, 68.99495700419013, 77.01689363676948, 85.25546836651482, 93.42877321280676, 86.39189817082605, 78.61514468981382, 70.23039078184493, 27.307621315320556, 17.7980032558176, 10.285320364227212, 6.846220830989167, 12.2260624709242, 12.0994898567497, 0.0, 8.059723759720486, 15.937688652542466, 25.547388844103516, 66.80429324792665, 73.59682284359084, 79.31262116811638, 87.97691499967549, 95.03845547554727, 93.86568373205043, 87.86639729488427, 80.97778119330887, 74.06162841950243, 68.08345362442775, 39.50955086188424, 43.66722100350043, 53.56624653897358, 55.79990606205104, 65.46247900737669, 73.1869945851698, 78.73195422857194, 81.52421782484599, 78.58941522151824, 64.3291979779656, 57.78235921777931, 53.334095300112715, 77.24490447636686, 76.63555030159793, 80.28013783483371, 84.40277762619372, 88.01225337595402, 92.56493213841352, 101.53014559580623, 101.31208145638763, 100.27399780474822, 96.1859739448419, 91.70211274823781, 85.85454416457674, 78.14994035752656, 82.56545356730005, 87.37331596869251, 92.13507709179422, 100.21624913603496, 92.87977229189326, 88.1213197044733, 83.41643261181049, 40.54532641622164, 52.5389757311306, 65.3233750423536, 75.77763812739224, 93.7451577582114, 106.67533737407244, 112.14785312255344, 122.11262357054528, 134.34704610746684, 138.08644464012025, 136.62847041520217, 128.71673965370547, 125.07589239820133, 116.12851156804652, 111.37635435753758], [14.227859220385165, 10.430778709725848, 15.016916554556628, 26.290140358805715, 21.101258924264542, 19.91353406743833, 22.454448137719886, 57.29202312742062, 62.39142580321826, 70.27310008431132, 78.6183850375766, 87.2898209655046, 79.9723163391539, 72.12670004569317, 63.86890128573593, 19.385202844692365, 10.370227351292018, 6.289735944190346, 12.219832471797675, 19.875864394218787, 19.873911734117613, 8.059723759720486, 0.0, 8.040562754962743, 17.87727275159984, 59.417625564024625, 66.34658656821394, 72.23389976329194, 81.26573624811097, 88.68262916949884, 87.3614664974415, 81.05116184973122, 73.97474721489588, 66.94059044233063, 60.89558811519044, 31.980994031001117, 36.939810966998714, 47.3384571291946, 51.95770755471417, 61.537409503039214, 68.38097913332277, 73.42092874074156, 76.18445852580741, 72.85386727002724, 57.45105987453965, 50.63708367584083, 45.89004004120325, 75.63129194057731, 73.98938699115311, 76.37993354787113, 80.12868552976383, 83.30032345546299, 87.7522306220313, 96.83169281402103, 97.02886527453744, 96.39758512230202, 92.7438148050034, 88.72286161631192, 83.48855381609728, 76.19096411117191, 79.34998885003682, 83.39213650153161, 87.73610958466205, 95.63647839372756, 88.54919756827145, 84.21873928566966, 80.27194891804488, 47.41796454539342, 59.21290771946315, 70.89373145647663, 79.9604024949639, 97.10035523865871, 108.69425224523218, 112.80664994926914, 119.86662604463022, 131.45161073222582, 134.78986813159787, 133.01452645803312, 124.83908237941343, 120.72358795245272, 111.42927207921234, 106.16764653898632], [10.504509147463722, 11.344696574986038, 19.57363702403886, 31.21840974043827, 23.930049730723375, 19.76790397567635, 19.686704250213694, 50.021439650214994, 54.96881671921965, 62.7517972410468, 71.15799754788372, 80.15491896106322, 72.62697294189861, 64.74013431058299, 56.602806359692295, 11.981227767911808, 6.56743006307178, 10.795281861923474, 19.564114328875018, 27.365050110467443, 27.237173700387892, 15.937688652542466, 8.040562754962743, 0.0, 9.896962635081834, 51.682292589853695, 58.694024360572655, 64.69226574350952, 73.9663418385357, 81.59104638399528, 80.10249711561605, 73.59316592827331, 66.36851861814594, 59.24972147479942, 53.15181267500732, 24.053906230017507, 29.975224266737623, 41.19201930286109, 48.040397674473866, 57.42158457059705, 63.40599928461916, 67.77733918854746, 70.23230973985618, 66.36448220774908, 50.20716063393369, 43.007993753883085, 37.94700034355173, 73.65549700925688, 71.05782680147777, 72.19031318789754, 75.4804145336499, 78.08952640110644, 82.28583439456207, 91.22873350841535, 91.97929340556114, 91.86590806664196, 88.7319273665757, 85.27291913111814, 80.68701568262617, 73.85387881058126, 75.76342740702921, 78.97287537966183, 82.75610907054167, 90.18443813831936, 83.62497463731192, 79.8597898101516, 76.7383425222826, 54.01263566475327, 64.86301852254509, 75.32327053844163, 82.99762471824472, 99.33871196782778, 109.60517236324628, 112.41628150469994, 116.78644213189563, 127.24451798051648, 130.0518627329946, 127.88729278465595, 119.45992415152966, 114.94220284279231, 105.48214541854007, 100.0776011788374], [11.99402476938917, 17.39918235626841, 26.711885218047836, 37.81607638500388, 29.208181036801587, 22.658905426180873, 19.249981773756097, 40.713895426458336, 45.51597795295521, 53.22010286252583, 61.67324442837063, 70.94529713765877, 63.188916065617505, 55.25785828905186, 47.270052628934124, 7.2618146322061286, 12.521969796576453, 19.925600525455533, 28.98849914927316, 36.50555826528607, 36.18844466083625, 25.547388844103516, 17.87727275159984, 9.896962635081834, 0.0, 42.32718815147298, 49.39233665574325, 55.47862523591166, 64.95396857791224, 72.7109524577195, 70.97610783384654, 64.30665343415869, 56.91397194281978, 49.7064739690463, 43.54136545529316, 14.262061706148277, 21.957311453441246, 34.50566655793256, 43.99998596255605, 52.896060700788496, 57.74759189384075, 61.085037283217446, 62.878559963587016, 58.18846440006989, 41.438876227532006, 33.58049133565038, 28.054500337717034, 71.50176671251099, 67.80827080207695, 67.36028328061961, 69.98158442792506, 71.7588969372004, 75.48301707236173, 84.0216836558804, 85.58550145744378, 86.21448672550238, 83.81123915035569, 81.14564226467628, 77.41475278272561, 71.24390319026848, 71.598693580651, 73.69178645605288, 76.63162532474102, 83.19823137688974, 77.55751193898672, 74.63520229419308, 72.61907073559486, 62.027073021542044, 71.36828929848917, 80.27603129017365, 86.26677723420414, 101.58700620092534, 110.22958676135204, 111.50053604768593, 112.7268183776966, 121.41891482829735, 123.46991752658943, 120.77650620445736, 112.05796651021107, 107.10682744085213, 97.61662524760278, 92.3714434293617], [51.526693874508375, 58.54537527454682, 67.50822704269055, 77.00912048835244, 68.58986383963125, 60.7847699646472, 54.22731956617211, 22.72292934065912, 18.611165270076373, 19.267459625888698, 26.198516479507575, 38.478831438986425, 31.48629465101659, 27.00553965640907, 24.638246501582046, 41.329776604933755, 51.179672633935255, 59.390647127980415, 68.54648499929674, 76.11314650761426, 76.34386643579785, 66.80429324792665, 59.417625564024625, 51.682292589853695, 42.32718815147298, 0.0, 7.377486613792127, 14.030719653205034, 25.028636145221213, 34.529389640621595, 32.44984410818859, 24.277292017392593, 16.836112932394762, 10.445574892368587, 7.382400994400872, 31.086876253567983, 38.199772269989644, 46.654952433968454, 62.362256864566525, 66.8163036606375, 65.52478407509075, 62.58658823582536, 59.6324693480351, 50.03979304535223, 36.474625515719325, 27.95994820067616, 18.387566169390144, 90.1430800620