{
	"dissimilarities": [[0.0, 7.3870365740417165, 15.915728512367638, 26.694619830135224, 18.53118149662924, 11.383201457485235, 9.531384150756594, 45.46820576972895, 51.25221646493244, 59.56982235453106, 67.81180861532339, 75.65641501355054, 68.4047381658017, 60.26575489189125, 52.007026173284714, 19.569896511100843, 19.038327139103636, 20.829068047365272, 25.0471382534172, 30.130146270556253, 27.96547636083239, 19.780458067737538, 16.065565081045047, 11.581830519807866, 13.511964021037649, 51.572194248425326, 58.52277223771724, 64.00812356104713, 72.41434888162189, 79.04742666062153, 77.42518959622014, 71.73417367490335, 65.07872795729524, 57.93324812575192, 51.77231758614344, 22.303551215915434, 25.660487150970244, 37.67027601962086, 41.630325254630904, 50.70815201497989, 57.40295402552118, 61.835004852908014, 63.80775871525998, 60.303302191407674, 46.49260377149455, 39.24542037311764, 35.81420084670522, 63.15514742872105, 61.879801022640045, 63.67100661576932, 67.83998736841858, 69.78265316296995, 74.30386664457203, 82.37260416748599, 84.2655768489424, 83.75965096170671, 81.50950102966753, 78.06054813679674, 72.32146552826781, 64.29548295255418, 66.59626731476472, 70.0200691859207, 74.02027653631403, 80.4344199074598, 75.61717693499058, 73.5387830469234, 69.45375224645396, 54.336694653305926, 59.15794470032813, 67.27164622759511, 75.58630503741033, 89.94364351576601, 102.22363678154538, 103.56925062990729, 110.25948142440308, 118.77165335496849, 122.48869649913355, 119.25394402564676, 111.16127593517409, 108.23450781310531, 101.98713420588722, 97.17903407985138], [7.3870365740417165, 0.0, 9.653439473994652, 21.88049812251149, 14.088785211403502, 10.579709631929129, 13.423102995047083, 52.851901449623334, 58.61211354520304, 66.89141990273093, 75.15172458186174, 83.0255848445427, 75.78896972657152, 67.64183458935364, 59.38444330505922, 22.523575943400125, 18.54917814394368, 17.364873199819367, 19.549696643519894, 24.14652988438573, 21.619810264748605, 13.372067221931584, 11.85175710281467, 11.34506959026065, 17.824921525706692, 58.270140966927315, 65.27833849637453, 70.8591126955912, 79.3942401044194, 86.14725713674875, 84.62194596430794, 78.8442793368015, 72.11347154082071, 64.96434355280505, 58.7894498142172, 28.876906951133545, 31.735699891132334, 42.398410306132796, 45.0531160341066, 54.28182036384031, 61.51851577087559, 66.69319409496826, 69.36269047542237, 66.56668492033982, 52.67394702228263, 46.00081868309859, 42.78737219993512, 64.73152871480775, 64.45677774600874, 67.31110066963998, 71.92910814760718, 74.5453646143556, 79.55947313811954, 88.03413142481192, 89.07791915659708, 88.04095591150701, 85.20874571056694, 81.15871523385294, 74.8785579884333, 66.33394234530066, 69.81568695668135, 74.02348635625454, 78.6841435758828, 85.96057418096052, 80.21276662038292, 77.4112796557182, 72.58635812431982, 49.537622545289, 55.29375386921924, 64.57549972319714, 74.05025813948942, 88.89188511256803, 102.27994239722496, 104.68678298259341, 113.33753340850151, 123.60836743712719, 128.01130213360855, 125.33515604551593, 117.62035221826154, 115.02804935588824, 108.84281627297341, 103.837897926157], [15.915728512367638, 9.653439473994652, 0.0, 12.738326619515485, 7.403487351329911, 12.202878834104599, 18.158024459084036, 60.37977685081909, 66.48193294538628, 74.94622886490143, 83.06268054388794, 90.22696513324193, 83.31718615177252, 75.23228050294301, 66.85229421541494, 31.83056450997722, 26.368116371600497, 22.137791984286892, 19.273395643935785, 19.58790194216366, 15.872192886333096, 13.559731870867175, 17.43803654769487, 20.139400452354113, 27.449843194707398, 67.43351269279538, 74.33341908312099, 79.7076533207357, 87.83712265516911, 94.14257354433734, 92.69011148158782, 87.31604398151406, 80.83063207536257, 73.7531464645386, 67.62286019979653, 37.93504278801166, 39.18890612627698, 48.5387834447297, 47.60530332515494, 56.604689668569875, 65.03128268765195, 70.99878811074616, 73.88984969276181, 72.03252469764992, 59.8901098800492, 53.92853419507544, 51.62952964192679, 63.19369903238268, 64.83794701883869, 69.56293420504603, 74.6239316236349, 78.06229344841752, 83.31581623426423, 91.61104962065434, 91.8274500062473, 90.20140194612121, 86.63252993354672, 81.86889684944074, 74.81125152668385, 65.44071506483127, 70.9575344381143, 76.2887110212992, 81.69365443248329, 89.49265123214856, 82.99902784932983, 79.27940412303592, 73.44490059551968, 43.97851142185843, 47.26102944565174, 56.39550625330205, 66.83761728921581, 82.25232613844443, 96.91210471885854, 100.92979050614194, 112.94830171638957, 124.74357815583228, 129.9153110421736, 128.11116992046888, 121.20003532992008, 119.60355192649955, 114.42072772424879, 110.76828270384091], [26.694619830135224, 21.88049812251149, 12.738326619515485, 0.0, 10.760216704968396, 20.051338115676586, 25.896757123212062, 67.58644763153447, 74.08326388288076, 82.72530361980247, 90.49806757156968, 96.40971653071422, 90.13505507617509, 82.2787970182386, 73.84784678294068, 44.12191695625132, 38.73077835095903, 33.45653825663534, 27.53752165749863, 22.646753456555093, 18.58875208175777, 23.9186469772785, 29.64874066738125, 32.66180418347406, 39.39855194993857, 77.41080901856516, 84.03678538763828, 88.96678392982506, 96.28020578582503, 101.71857822615283, 100.3436624539946, 95.73808807178727, 89.76316283799031, 82.87908669654361, 76.89799895048662, 48.332120275042655, 47.88969495752611, 56.14152278749457, 50.73903393443758, 58.937482187597176, 68.70440724281994, 75.1968260475065, 77.74114794132535, 76.8124181155158, 67.71711384208977, 62.4376065185664, 61.231387619084835, 60.29078418858778, 64.500433970949, 71.4361004995159, 76.74175609413633, 80.8921538863405, 85.98946546634645, 93.42480786648302, 93.05707318467579, 90.94619346164731, 86.6909026464257, 81.31262664201013, 73.4762063782977, 63.23839784319343, 71.23142582821832, 77.70008996980123, 83.67546712160129, 91.39844742073757, 84.63363427291138, 80.06343341009045, 73.24489656968584, 40.585229407645635, 36.76557558337911, 43.911745281248805, 55.23655114170826, 71.44906985648758, 87.4908099255963, 93.61698880828773, 110.02676112923339, 122.60472499438342, 128.37954619142127, 127.54403196170287, 121.69835591883526, 121.5062300199353, 117.96946398415615, 116.75524214409107], [18.53118149662924, 14.088785211403502, 7.403487351329911, 10.760216704968396, 0.0, 9.916144914156101, 16.719251370528106, 60.251280020469615, 66.83863445594709, 75.47912565833393, 83.44886323384974, 90.03714099665358, 83.04872301153594, 74.93935266904069, 66.51060086946677, 36.423861875394195, 32.220176927994046, 29.08060637061457, 26.605092882620067, 25.86407217837031, 21.790979167883876, 20.70229171360932, 23.819200161108217, 25.277497946581597, 31.192473760639533, 69.41247419484584, 76.332814763992, 81.66107036639471, 89.59826768451558, 95.52931347585556, 93.77695310292835, 88.66149756897055, 82.29266179936351, 75.1496881436935, 69.02946632815697, 39.2133631727891, 38.09355900281321, 45.95401501152897, 42.36904763495627, 51.10109062791764, 60.14056750427482, 66.55927004531456, 69.68104321096301, 68.6993428259131, 58.078241455515254, 53.16573626353307, 52.587546161897656, 56.11536888997118, 58.352883651501415, 63.899792329190504, 69.16224081182119, 73.07524861079408, 78.53042498067185, 86.93380296692712, 86.41758089056344, 84.42752437997251, 80.49696577479088, 75.43561511852415, 68.11703528521717, 58.52898972648772, 64.75372310479803, 70.5965477324113, 76.4097121919699, 84.71798394221888, 77.59255197455023, 73.37976875957324, 67.11028659098274, 48.49569119727728, 47.33879364742438, 52.72902117565815, 61.33108072067537, 75.94983294486914, 90.12690045193298, 93.8070578791591, 106.15884230985013, 119.12911957098193, 125.16401577606456, 124.36139784838436, 118.45528526035201, 117.99571864062675, 114.44216079381545, 112.60488074266716], [11.383201457485235, 10.579709631929129, 12.202878834104599, 20.051338115676586, 9.916144914156101, 0.0, 7.315944604162748, 51.22956588595575, 57.82051625527934, 66.4184844798459, 74.46302476179483, 81.45025813639893, 74.06679430791735, 65.84654378987928, 57.4620812842182, 29.777524712131115, 28.013587261836353, 27.853418020057447, 29.06662176719835, 31.379012932738547, 27.933149561603194, 22.554636474927122, 21.985180908849166, 20.341230967908825, 23.73704349144539, 60.23195547721676, 67.24506501856652, 72.72122649065746, 80.9130977671916, 87.05541563805629, 85.05781555809085, 79.70248058052464, 73.17305151310377, 65.92443583358451, 59.769688448318455, 29.693681237300254, 28.22228662725746, 36.8776708944805, 35.84143917738039, 44.941044923647475, 53.056862178232564, 58.83319731391266, 61.77638711965411, 60.14673237029407, 48.435877210387865, 43.32851171960591, 43.013208300628555, 54.165206179331406, 54.273160337627566, 57.97666064816678, 62.844747014977045, 66.03348396451287, 71.31787731578406, 79.98876605200086, 80.13336938856852, 78.67835591836666, 75.44851241916638, 71.09923886988422, 64.56666154895575, 55.83505977322952, 59.90630355483628, 64.67526071045783, 69.82976994372537, 77.77373785563228, 71.22055660883423, 67.85360845708573, 62.565481437158155, 55.35099367095977, 55.51994070777204, 60.09341317577271, 66.92092742986138, 80.51365782209074, 92.90939410691101, 94.52388135840997, 103.04204415558291, 114.65536623582673, 120.17852258381212, 118.83314297121105, 112.48695428032492, 111.49638115897686, 107.7015261408795, 105.45132983034847], [9.531384150756594, 13.423102995047083, 18.158024459084036, 25.896757123212062, 16.719251370528106, 7.315944604162748, 0.0, 43.924652656456274, 50.562221866794836, 59.184845475053905, 67.19322820481953, 74.14867714087266, 66.75445992036154, 58.543266126210604, 50.15267418277044, 27.328034449538244, 27.988046898561645, 29.77043474267185, 32.720542660069455, 36.013416569271804, 33.03622681043295, 26.73904070658222, 24.338414659610763, 20.36850679020853, 20.640402469695545, 53.69152936351891, 60.59510948954971, 65.9429710167207, 73.96958668760837, 79.97961921927289, 77.89935302102656, 72.64262333768387, 66.21328210398924, 59.00294146221421, 52.89855387255788, 23.67179233252119, 22.114822531655758, 32.33878405207058, 32.927218764694565, 41.9304409037613, 49.42033582695024, 54.34610794785428, 56.49693821176399, 54.027188882660795, 42.34441304415632, 36.63892593932749, 36.28962399091039, 53.67747988544114, 52.56324858828878, 54.96882042740358, 59.32292778347972, 61.723610844304154, 66.46157586649448, 74.70726254233314, 75.85265193691365, 75.01709414533933, 72.46369629854645, 68.81218996150238, 62.91058204911052, 54.79146851094102, 57.43415318290237, 61.274834860150285, 65.66790544391576, 72.64020387880697, 67.15004015141105, 64.6301508376959, 60.21139130522133, 59.41353087143489, 59.585163594467545, 63.64227248232748, 69.53803891955891, 82.70041300873432, 93.958931515989, 94.48309072991798, 100.84596725120048, 110.43631857712658, 115.14869324677622, 113.11779485736234, 106.28315221796859, 104.86171840402018, 100.89832835897568, 98.74431712609291], [45.46820576972895, 52.851901449623334, 60.37977685081909, 67.58644763153447, 60.251280020469615, 51.22956588595575, 43.924652656456274, 0.0, 7.594571492751187, 16.106165644391776, 23.51377491075204, 30.807994292422315, 22.975844754293085, 14.88227722008097, 6.636115767424947, 44.96426430171437, 53.72237093386951, 60.5895372925612, 67.62269960468537, 73.17921589486355, 71.81582020943637, 64.15738320240418, 58.231681479241956, 50.710889299488365, 41.842298795073354, 23.12074461603151, 26.245093275402105, 28.865413228924403, 34.10737022593191, 38.509026892585396, 35.42083641669718, 31.32690261678526, 26.632796952849485, 21.07030813797705, 17.551212419188992, 28.44334224702635, 29.4729441260133, 37.46185848297387, 47.1158985427875, 50.59296965063245, 50.595968975499915, 47.52750586858386, 42.63449910488792, 32.69622517279432, 26.717075742785525, 18.728703596328014, 17.14157633423974, 71.0272046171478, 64.0859141456639, 58.22080713885923, 57.89608505470128, 53.96008627029065, 53.17035211520173, 56.13866137141876, 65.0809168658624, 68.89335973444535, 71.43389666638204, 72.89248894706917, 71.99372977025806, 69.18894304368847, 63.29590571767356, 60.19008518137217, 58.03173629877028, 55.75014893514538, 59.84940955817935, 63.84949738629755, 66.0100452312265, 92.39708954132566, 93.3970560963543, 95.77728315190907, 97.71958704577841, 107.85922387981182, 112.83802408663722, 107.71978234182872, 100.79046822426788, 95.94624023850821, 94.08910519856549, 86.47147311596943, 75.55067211054941, 69.67399761454992, 63.396669766536455, 61.109310759105256], [51.25221646493244, 58.61211354520304, 66.48193294538628, 74.08326388288076, 66.83863445594709, 57.82051625527934, 50.562221866794836, 7.594571492751187, 0.0, 8.755543167011913, 16.657489856982206, 25.504862895618494, 17.76235176180502, 10.490109074176589, 6.289940558599024, 48.491822073361696, 57.62566191420979, 64.82267413211483, 72.27783890849369, 78.23884375999161, 77.17853381054887, 69.2628618335881, 63.01516903015763, 55.447739504660646, 46.26259380624425, 19.16793631433815, 20.40783354456117, 21.941251933768893, 26.591802023666787, 31.20268546394595, 28.067315469855004, 23.741089714868902, 19.36394598749857, 14.675888565670531, 12.875143370967994, 33.251470566559476, 35.75736539934554, 43.40250975317089, 54.24751174895582, 57.428081644520816, 56.586672566722804, 52.76214473126708, 47.439651535196845, 36.95931426956093, 31.21909841290824, 23.68855803990815, 20.19726225686831, 78.25904608384374, 70.96136084526012, 64.40306688529093, 63.63059347098133, 59.05625921172038, 57.62024558432083, 59.73511443685495, 69.5875430251633, 73.92658820736077, 77.04384084419027, 79.015477806462, 78.61534673724934, 76.27053316439816, 69.74912283236087, 65.99305121414949, 63.11781066856237, 59.64585039735204, 64.95703662878415, 69.63943894193699, 72.43219084733379, 96.92044995782278, 99.16499360991601, 102.44049839285321, 104.74030008773885, 114.9760309174183, 119.72112079540759, 114.35133522858936, 106.16493344905554, 99.27342238949176, 96.07161281386003, 87.12342267282578, 75.0403533836034, 67.46405732252248, 59.21750723864977, 54.91046464154526], [59.56982235453106, 66.89141990273093, 74.94622886490143, 82.72530361980247, 75.47912565833393, 66.4184844798459, 59.184845475053905, 16.106165644391776, 8.755543167011913, 0.0, 8.437132550439518, 19.38681955783713, 11.941544692674269, 8.385534483965289, 11.971995095560304, 55.31228170663528, 64.69338386646055, 72.16076778768712, 79.93370262768471, 86.16881343848148, 85.28467206144724, 77.1678359153094, 70.68419284814712, 63.09702957782968, 53.72933483312833, 19.730208120615806, 17.71769426807825, 16.83878510040252, 19.403013205658546, 23.586959940811386, 19.867017613617076, 15.650386161537007, 12.798453835627292, 11.382588037097449, 13.698446212752962, 40.839699918389286, 43.62457991439679, 50.15332515097623, 61.672517692819, 64.19217399955348, 62.268820615106925, 57.472207550464276, 51.561570553602586, 40.745804212146055, 36.45796378495142, 30.300344244040396, 26.954480617098408, 85.43368803069134, 77.58124804523413, 70.10587794529314, 68.70125644703376, 63.34133719526195, 61.067422603479585, 62.12412136893129, 72.92187517501372, 77.8886335017877, 81.74338439302699, 84.41840200825202, 84.75496018470608, 83.17138692277094, 75.71358975737266, 71.08458377719492, 67.28643816806793, 62.37948837073832, 69.11961143041889, 74.65666847163915, 78.31671701045103, 104.43755715045127, 107.27579845374112, 110.71810064167863, 112.79321432230564, 122.68738886171006, 126.70892682533737, 120.64447623858464, 110.40230050192726, 101.18281144326848, 96.62576700655919, 86.47138213174752, 73.49743575339876, 64.41098169315896, 54.81866909839993, 49.138022519384165], [67.81180861532339, 75.15172458186174, 83.06268054388794, 90.49806757156968, 83.44886323384974, 74.46302476179483, 67.19322820481953, 23.51377491075204, 16.657489856982206, 8.437132550439518, 0.0, 12.350791474530284, 7.371126855422377, 11.085165773630315, 18.181784356746014, 63.65353209486046, 73.0296833003324, 80.4467537422175, 88.11902884103355, 94.197566783902, 93.34688430529557, 85.46146978628684, 79.05162924896192, 71.48923192093609, 62.1453130059171, 26.394791243807067, 22.449717848983695, 19.134726471595773, 17.037982440633694, 18.104733959925646, 13.50905791857926, 12.435790985825511, 14.205444418096645, 16.88198902554181, 21.05364147354424, 49.236764526344, 51.50960903048481, 57.071428360246124, 67.94577710362134, 69.63766462934363, 67.05547439324269, 61.40435857755888, 54.5721684845101, 43.68411002467915, 42.45350994958861, 37.636533558627555, 35.27991192007634, 90.54329835791971, 82.45454611629005, 74.43866179494555, 72.39066920381606, 66.34166252549755, 63.01893228433936, 62.462662751856115, 74.34200795859036, 79.95351634693682, 84.50707543438816, 87.88526504762892, 88.90151743095542, 88.02327171106418, 79.92975918794643, 74.5735178361836, 69.87078550407564, 63.167992305643814, 71.58864749615731, 77.90701223291978, 82.3455698082093, 111.78807823996823, 114.06443939160357, 116.89932182642988, 118.31042754636337, 127.61939022363275, 130.66151156443684, 123.9223647953131, 111.9883230205619, 99.94352162406713, 93.91192135870234, 82.61245253623852, 68.94449786055438, 58.780410156518876, 48.89213584464897, 44.075481074866246], [75.65641501355054, 83.0255848445427, 90.22696513324193, 96.40971653071422, 90.03714099665358, 81.45025813639893, 74.14867714087266, 30.807994292422315, 25.504862895618494, 19.38681955783713, 12.350791474530284, 0.0, 10.119398162841755, 17.714635904665357, 24.919761584475083, 73.70592406674739, 82.72268273991217, 89.58050629694463, 96.47265479692942, 101.68100245187814, 100.6945462164954, 93.81696350562873, 87.98834873100975, 80.56260063611535, 71.56836506922858, 38.509586431333354, 34.563415597527815, 30.48158373294757, 24.896303672031795, 20.332875845419043, 16.74196428317953, 21.517180384392585, 25.92614123358081, 29.142816604981647, 32.910598858494474, 58.66160941176495, 59.60424709559922, 64.4610786792064, 72.58703390989744, 73.14701657949493, 70.66105529068298, 64.36312514647308, 55.95613728103871, 45.40152695203952, 49.73078963370713, 46.135341055337086, 45.41052196752239, 92.15605811449704, 84.51867975617003, 76.70991912925312, 73.99280991499604, 67.42301346548113, 62.586480487369236, 59.108845640466825, 72.5358488610852, 78.86926857023629, 84.06096897539368, 88.14844858564423, 89.72533437507008, 89.43250320257147, 81.34046212649898, 75.53991978231275, 69.94015406451211, 60.54487830088172, 71.32065316776468, 78.30063924386647, 83.34675168637862, 117.8662425354652, 117.72312688664067, 118.75051366685527, 118.81971983392508, 127.13855585407616, 128.76143708827053, 121.52269443945607, 108.82357836198763, 92.55793323546976, 84.48228737100118, 71.76478094938254, 57.32840527239645, 46.6441435825958, 38.67058829885104, 40.40962620721108], [68.4047381658017, 75.78896972657152, 83.31718615177252, 90.13505507617509, 83.04872301153594, 74.06679430791735, 66.75445992036154, 22.975844754293085, 17.76235176180502, 11.941544692674269, 7.371126855422377, 10.119398162841755, 0.0, 8.413377662520682, 16.616695174783132, 66.05336212331014, 75.31392908131406, 82.57739536359716, 89.93001189963512, 95.59559794137613, 94.43506845255115, 86.82296373891818, 80.66046135316469, 73.06716961745897, 63.85671183397722, 31.08666721233476, 28.32981077869236, 25.99012507939854, 24.312721690875026, 23.955242909628073, 19.274438696321564, 19.56690632267457, 20.86053352428806, 22.119011084290293, 25.141767313532654, 50.21953372953178, 50.70273123052466, 54.995011760315094, 64.4206358237831, 65.2901249991093, 62.42750486744291, 56.327922512618855, 48.78897806632172, 37.97350288563858, 39.978306956158384, 36.58371557588634, 36.655063230529294, 85.73963676508676, 77.49010745541943, 69.25316683758845, 66.82934368237149, 60.48219958360311, 56.60177958107327, 55.36008853598631, 67.58804913099955, 73.43115677801633, 78.25509706948995, 81.97136081450103, 83.37208271088299, 83.00898950305273, 74.52021955073344, 68.80346994071056, 63.67783879355463, 56.202934369902586, 65.30062583757196, 71.94832311533685, 76.78590915876053, 113.46663467188978, 113.8892957467238, 114.97628326745027, 115.10754654804143, 123.49354319337297, 125.56865339300603, 118.09319103940621, 105.13347616488801, 92.72524388995267, 87.03322286175647, 76.40870657557797, 63.66086549624853, 55.03927910621584, 48.48053387002303, 48.11694337182375], [60.26575489189125, 67.64183458935364, 75.23228050294301, 82.2787970182386, 74.93935266904069, 65.84654378987928, 58.543266126210604, 14.88227722008097, 10.490109074176589, 8.385534483965289, 11.085165773630315, 17.714635904665357, 8.413377662520682, 0.0, 8.441986324886045, 58.29330683600033, 67.50542938507378, 74.78225964947463, 82.1668739223606, 87.90641565118811, 86.6350106155021, 78.82877971423979, 72.64502033427628, 65.0262626228597, 55.842426995784756, 26.04719735793026, 25.237224404532647, 24.924986540345753, 26.628599826620157, 28.828045626611907, 24.534468780879852, 22.193805869969353, 20.362416831443955, 18.611950872021477, 19.670996428736725, 41.985449646851336, 42.3207462426115, 47.16993450783664, 57.043804426273375, 58.59606839887025, 56.30258781403051, 50.96113856311663, 44.24585261141869, 33.33747307841679, 32.74662856409212, 28.44806898781798, 28.676309542222775, 79.5250657020981, 71.39819879667712, 63.591705945345005, 61.76872258411293, 56.062967293830276, 53.246980873912904, 53.79422845166136, 64.86909169504334, 70.05710832032896, 74.19005262321888, 77.22739850037142, 77.99299378828206, 77.00074389277361, 69.01309537455484, 63.95525098966798, 59.708096544985644, 54.13020670109248, 61.462379491709044, 67.35983266132885, 71.47448991649394, 106.55754098381772, 107.1806612113268, 108.51860622484338, 109.06128427249774, 117.8756429063709, 120.78748996124942, 113.83693091310829, 102.39180418884152, 93.06152173897057, 89.0706990266872, 79.82986771616928, 68.00102232386223, 60.690931898489666, 54.573549415078105, 53.38314892431267], [52.007026173284714, 59.38444330505922, 66.85229421541494, 73.84784678294068, 66.51060086946677, 57.4620812842182, 50.15267418277044, 6.636115767424947, 6.289940558599024, 11.971995095560304, 18.181784356746014, 24.919761584475083, 16.616695174783132, 8.441986324886045, 0.0, 51.15710464839295, 60.10009282882204, 67.1219682796894, 74.24784946979331, 79.80101174402313, 78.4234246674255, 70.76287761351166, 64.77307140940825, 57.21145380212436, 48.232893252506486, 24.385397028520533, 25.87531897529723, 27.326650787880936, 31.16039333184291, 34.587723664567186, 30.961363762034434, 27.614884711795938, 23.978122147887625, 19.73535272042043, 18.075865479197006, 34.46905462685257, 34.71270641538663, 40.89914449177504, 50.410192471033845, 52.845566150439055, 51.75364449548636, 47.5505130888386, 41.644124024038604, 31.063490357586975, 28.09120282413049, 22.114061885511852, 22.153271612153137, 73.53984370776023, 65.9990173363991, 59.18525738953176, 58.12581472219212, 53.3283613070749, 51.56733346294087, 53.454530019376406, 63.409827801993174, 67.86792312767156, 71.15127495863204, 73.36257004795733, 73.25881308652073, 71.34305619246602, 64.40594519032683, 60.35119600436217, 57.195261592322744, 53.37799524235063, 58.98479663359544, 63.89317662724753, 66.99773288633105, 98.78039197798861, 99.25360854695292, 100.82467634686064, 101.89066993388677, 111.27874332022456, 115.17245691083244, 109.1074945412632, 100.03775293510085, 93.24778776543016, 90.58020990260133, 82.41109974746044, 71.25853162182091, 65.05381485489633, 59.29432173793315, 58.02277474201106], [19.569896511100843, 22.523575943400125, 31.83056450997722, 44.12191695625132, 36.423861875394195, 29.777524712131115, 27.328034449538244, 44.96426430171437, 48.491822073361696, 55.31228170663528, 63.65353209486046, 73.70592406674739, 66.05336212331014, 58.29330683600033, 51.15710464839295, 0.0, 9.966181965494057, 19.010732581750077, 29.22685732505221, 38.507025597527594, 38.18957730549174, 26.55001747677568, 18.377152837814705, 11.981986607581984, 6.858502542098311, 41.59622494816502, 48.59017674320715, 54.69701333036928, 64.43257335632495, 72.71599810321199, 71.40815291619369, 64.352665793931, 56.99453400942321, 50.07278856440753, 44.1463488874553, 19.139857368809466, 29.421758965111177, 41.65653234068728, 53.23569141990799, 61.92838871065151, 65.73316118767278, 68.60802034598096, 70.60491811213993, 65.36549093602945, 47.06797246814875, 38.429714153949725, 30.5904677017111, 78.88706644684606, 75.1990908719194, 74.04055056263944, 77.42182055753766, 77.98863760475867, 82.17054805221989, 90.62511456268706, 93.68357059763102, 94.02187584041673, 92.88926101330475, 90.44869373203926, 85.95464987624374, 79.33339019029188, 78.78774603691255, 80.39747641208572, 83.14192252295591, 88.78579153314458, 85.12152465513505, 84.49022574475595, 81.99014255165164, 62.3116603797578, 74.28092731411557, 85.83188857117814, 95.0843900627601, 109.46381713324664, 121.22499339917765, 121.3348327566608, 123.92347983357685, 130.60324730474287, 132.860300506856, 127.76385289420945, 117.7778037745906, 112.12475166037945, 102.27415469793749, 92.11800069723549], [19.038327139103636, 18.54917814394368, 26.368116371600497, 38.73077835095903, 32.220176927994046, 28.013587261836353, 27.988046898561645, 53.72237093386951, 57.62566191420979, 64.69338386646055, 73.0296833003324, 82.72268273991217, 75.31392908131406, 67.50542938507378, 60.10009282882204, 9.966181965494057, 0.0, 9.38564436520802, 20.048042338726766, 29.915098994862927, 29.91130408271858, 17.93168423922541, 9.967889572267845, 7.73934093128769, 12.50719926460716, 51.378840511997396, 58.24296297747499, 64.17955130940346, 73.64822460899595, 81.7398343974716, 80.65961280187898, 73.82247519081776, 66.61665738548135, 59.78181509089965, 53.8743532669531, 27.6155714025581, 36.121803098845035, 47.694249368002154, 56.90617282411093, 66.01477343366959, 70.94127474539286, 74.80861511324815, 77.38477897264889, 72.93736635064299, 55.22929291469473, 47.1323646047382, 40.11624589491436, 80.52160198068852, 78.20506900796363, 78.56287505041064, 82.53528912148916, 83.9515094755806, 88.63754836684677, 97.34862082787309, 99.58880923859726, 99.33058683615927, 97.4676459482542, 94.2750697993967, 88.99747156780532, 81.53811712742163, 82.635510805119, 85.31285948826685, 88.89444513414793, 95.38985777864515, 90.75921545416139, 89.22197417144204, 85.72760730689987, 54.30540422216258, 68.08709323195205, 81.41646407922502, 92.22541843102736, 107.39109956665969, 120.5803117753984, 122.19257852706558, 127.66377327157352, 136.04931087863235, 138.95884885892318, 134.4015834930999, 124.76765854395693, 119.57751615386718, 109.84724526778619, 99.86149363356037], [20.829068047365272, 17.364873199819367, 22.137791984286892, 33.45653825663534, 29.08060637061457, 27.853418020057447, 29.77043474267185, 60.5895372925612, 64.82267413211483, 72.16076778768712, 80.4467537422175, 89.58050629694463, 82.57739536359716, 74.78225964947463, 67.1219682796894, 19.010732581750077, 9.38564436520802, 0.0, 10.821666324338873, 21.01478037886768, 21.509726707168785, 10.493653464708942, 6.452565707817239, 11.577239930774, 19.986676123508403, 59.78285327762514, 66.47759036153109, 72.12144416920879, 81.11249198340388, 88.806006083492, 87.97344088881258, 81.53701779702597, 74.60497270423618, 67.8771963254347, 61.99018789481769, 35.32913631577123, 42.68868499333679, 54.09692792846031, 60.71769800098028, 69.99218844929105, 76.03688893733171, 80.57866992277732, 83.23144115783107, 79.28251512520335, 62.73727272269214, 54.79977807848709, 48.20602200631402, 81.85873967947377, 81.01751789255425, 82.84346806445586, 87.21827200648858, 89.25253447166465, 94.10751322741112, 102.61054604904353, 104.44707053933394, 103.79614708688946, 101.3719994579051, 97.60635702179349, 91.6391736525161, 83.39004156243921, 86.10843374399828, 89.69004731593468, 93.85842886756605, 100.64669890011949, 95.57124746892063, 93.34791004127038, 89.02952949530805, 45.50864670399066, 60.627603276820615, 75.73882501283948, 88.125431640313, 104.12937935696519, 118.64219870401897, 121.8567412327932, 130.35169619435544, 139.55387987855602, 142.7547197914321, 138.50834004105332, 129.11436948440513, 124.35023902121718, 114.80798973137844, 105.40047327266379], [25.0471382534172, 19.549696643519894, 19.273395643935785, 27.53752165749863, 26.605092882620067, 29.06662176719835, 32.720542660069455, 67.62269960468537, 72.27783890849369, 79.93370262768471, 88.11902884103355, 96.47265479692942, 89.93001189963512, 82.1668739223606, 74.24784946979331, 29.22685732505221, 20.048042338726766, 10.821666324338873, 0.0, 10.397157307185267, 11.696870020137524, 7.44633554135885, 12.986797662801596, 19.82623868221287, 28.90854597747045, 68.97359755931882, 75.51643169574544, 80.83305908751892, 89.23400854773162, 96.35572526553923, 95.71218011345657, 89.80744704735821, 83.212549399387, 76.57168523412989, 70.69721268161949, 43.70541228580799, 49.712929203072655, 60.847568654758206, 64.41426132243625, 73.65871413823491, 80.9096080696694, 86.09439553430477, 88.69220690414423, 85.32588643603353, 70.4110054326369, 62.71751091526667, 56.78396852891924, 82.31008280875017, 83.19901110545665, 86.6725689630527, 91.41358838925903, 94.08479217107961, 99.01996465657912, 107.13339106668215, 108.55170662799117, 107.49436153454111, 104.47990520872288, 100.13380677248158, 93.45175010763768, 84.39349747876052, 88.93469114140939, 93.477350702231, 98.22639274369638, 105.19326850778556, 99.7384597402026, 96.79360287053933, 91.61259932743494, 35.45560000006569, 51.11911582766089, 67.968919474872, 82.01662108564501, 98.86019620025321, 114.74975239397617, 119.79113357344104, 131.76360956447843, 141.70935511955332, 145.2496967951205, 141.466101947133, 132.51786520278392, 128.45696952481524, 119.52660895838095, 111.34882882143229], [30.130146270556253, 24.14652988438573, 19.58790194216366, 22.646753456555093, 25.86407217837031, 31.379012932738547, 36.013416569271804, 73.17921589486355, 78.23884375999161, 86.16881343848148, 94.197566783902, 101.68100245187814, 95.59559794137613, 87.90641565118811, 79.80101174402313, 38.507025597527594, 29.915098994862927, 21.01478037886768, 10.397157307185267, 0.0, 4.370669566415196, 14.074822471971856, 21.85159659457297, 28.242437589465855, 37.12465741863155, 76.83892110825677, 83.24029418695955, 88.23550798168387, 96.02660555793614, 102.50638183432926, 101.9690761271859, 96.6365352788368, 90.39771399373235, 83.83790737146583, 77.99264859446212, 50.96192400520471, 55.660235612118946, 66.46951090814736, 67.12037682758107, 76.12562815314291, 84.42184410513524, 90.06728830740413, 92.45784753589157, 89.63609625411395, 76.56764140292822, 69.16433008977226, 63.98396193927414, 81.61799656170078, 84.14739462819503, 89.10749257151933, 94.08686139337591, 97.26886980597426, 102.15010214554803, 109.72198749764249, 110.81886425356497, 109.43931153365654, 105.94072654092554, 101.14361131828623, 93.88068620242875, 84.17004893092721, 90.36088793237208, 95.71153522463298, 100.89594359044524, 107.84141552779161, 102.19328341377567, 98.65480516987509, 92.76469758340352, 26.916296014421782, 41.2314474686783, 59.37064932651313, 74.83822505931069, 92.37702243163717, 109.40109000286618, 116.12944775038575, 131.33425470811127, 141.7063554738024, 145.53271827547928, 142.2575023269906, 133.87365350145228, 130.65459322238712, 122.64655289109291, 116.10912309235002], [27.96547636083239, 21.619810264748605, 15.872192886333096, 18.58875208175777, 21.790979167883876, 27.933149561603194, 33.03622681043295, 71.81582020943637, 77.17853381054887, 85.28467206144724, 93.34688430529557, 100.6945462164954, 94.43506845255115, 86.6350106155021, 78.4234246674255, 38.18957730549174, 29.91130408271858, 21.509726707168785, 11.696870020137524, 4.370669566415196, 0.0, 12.856537001125304, 21.02711293695216, 27.2117489241591, 36.145318615207294, 76.4208256346707, 82.968005023178, 88.06250849064224, 95.92892535778834, 102.34218992971968, 101.59653136646837, 96.27755301896177, 89.97861134572389, 83.27446166403868, 77.33704734271511, 49.46137948687319, 53.27258463799471, 63.59036687590004, 63.46224727351431, 72.41793585457857, 80.89690855049476, 86.75843766064605, 89.3453765338282, 86.90348497446756, 74.19543569111995, 67.20506500708689, 62.765354847810826, 77.45862925371559, 80.13456184312741, 85.35240946167326, 90.43218734388748, 93.82430252598323, 98.8575243024002, 106.60425636055821, 107.3197445339152, 105.76201988559546, 102.104084183416, 97.17477275762246, 89.82409376386639, 80.06557377078973, 86.46063424342245, 92.00359802580934, 97.37904075319301, 104.65278446603051, 98.643255645117, 94.8905969775177, 88.83180774708792, 29.579190675710414, 40.56233388760561, 56.9248839246275, 71.65733176149024, 88.87476942172455, 105.69487891600603, 112.18494853794734, 127.3540840522324, 138.43277555384438, 142.7434130303486, 139.98674672478174, 132.09289852646077, 129.42264624670665, 122.22547006112491, 116.54459642972853], [19.780458067737538, 13.372067221931584, 13.559731870867175, 23.9186469772785, 20.70229171360932, 22.554636474927122, 26.73904070658222, 64.15738320240418, 69.2628618335881, 77.1678359153094, 85.46146978628684, 93.81696350562873, 86.82296373891818, 78.82877971423979, 70.76287761351166, 26.55001747677568, 17.93168423922541, 10.493653464708942, 7.44633554135885, 14.074822471971856, 12.856537001125304, 0.0, 8.437885461982106, 15.471105483337315, 25.067902962681714, 66.59841657731505, 73.46055398587654, 79.0540111994279, 87.75767062602579, 94.92673869185371, 93.8765083323129, 87.83972062093302, 81.03426873219371, 74.09964376288134, 68.04029449714342, 39.2643890230456, 43.979865195318574, 54.33052961780134, 57.54291888298802, 66.81477085813805, 74.04704626978062, 79.50054244414198, 82.55599023415148, 79.71378459748, 64.78576829580665, 57.77014295090869, 53.03002550418635, 75.765439075844, 76.3454969716092, 79.77717632428863, 84.6345534632613, 87.53180710993, 92.7806024665203, 101.40243377925155, 102.22453793284404, 100.94172533881981, 97.78928537354193, 93.34557540026982, 86.69758955109847, 77.78413260208622, 82.12745132250451, 86.75527259008224, 91.72112644038212, 99.31201036360407, 93.24592363110028, 90.09821441886749, 84.84141221805037, 40.82981852015732, 52.67365449576783, 66.65571536292433, 79.10016746375776, 95.1274585101045, 110.30604130153098, 114.45912544123183, 125.40333218637882, 136.4756794750142, 140.7796358966283, 137.75796966090454, 129.50981741296167, 126.1767337348163, 118.41760770915702, 111.32565726994483], [16.065565081045047, 11.85175710281467, 17.43803654769487, 29.64874066738125, 23.819200161108217, 21.985180908849166, 24.338414659610763, 58.231681479241956, 63.01516903015763, 70.68419284814712, 79.05162924896192, 87.98834873100975, 80.66046135316469, 72.64502033427628, 64.77307140940825, 18.377152837814705, 9.967889572267845, 6.452565707817239, 12.986797662801596, 21.85159659457297, 21.02711293695216, 8.437885461982106, 0.0, 7.787036476725853, 17.469061098739278, 59.10751075039105, 66.08302445685699, 71.90823373719509, 81.02678007684564, 88.59978524223732, 87.41121618854943, 80.99431475213727, 73.94973049101476, 66.95033149098056, 60.878422075144464, 32.21781742017328, 38.08474196426282, 48.85462386922353, 54.700550270675386, 64.00458259584077, 70.23893937568609, 75.11206258590164, 78.12861484947531, 74.73704760209588, 58.49523238983785, 51.20226764864151, 45.921686487950446, 75.70842042649659, 74.83401761442818, 76.85756076376539, 81.38128814901464, 83.70271939480968, 88.82978260596414, 97.6915061759661, 98.95965840580342, 98.06061425098524, 95.43566828822911, 91.51312747929383, 85.4781072206091, 77.24547728209676, 80.04073156747246, 83.83086394008535, 88.26780652916628, 95.60376121014788, 89.95706393356619, 87.45696651203957, 82.95515860144538, 47.9318635635353, 59.970354408021045, 72.91674010044717, 84.13301155039453, 99.52593326281912, 113.57275349226428, 116.28204643324575, 124.41253084560645, 134.6364995541799, 138.55273387402377, 135.0691161131215, 126.401122449831, 122.4622963595759, 114.17904011114103, 106.15829210096585], [11.581830519807866, 11.34506959026065, 20.139400452354113, 32.66180418347406, 25.277497946581597, 20.341230967908825, 20.36850679020853, 50.710889299488365, 55.447739504660646, 63.09702957782968, 71.48923192093609, 80.56260063611535, 73.06716961745897, 65.0262626228597, 57.21145380212436, 11.981986607581984, 7.73934093128769, 11.577239930774, 19.82623868221287, 28.242437589465855, 27.2117489241591, 15.471105483337315, 7.787036476725853, 0.0, 9.742890665732473, 51.65204065738644, 58.713052833772096, 64.60785129139293, 73.82268097572715, 81.43273172286857, 80.06863212841289, 73.58217973260398, 66.47524140129924, 59.39253100916301, 53.27651358116657, 24.478238619264946, 31.119654540626474, 42.71900972894584, 50.12212907860767, 59.30909302119063, 64.90798921216326, 69.16386782743358, 71.77126865171833, 67.85558786496482, 51.28882734495218, 43.632891351373054, 38.13863372800871, 73.00848955814111, 71.08556036932181, 72.04904784939644, 76.19600731710439, 77.94900842138118, 82.74886282309531, 91.45243074066865, 93.30864381741421, 92.83164135292357, 90.71375715590777, 87.31697323995208, 81.80677069628655, 74.11382925595622, 75.72133848980705, 78.78642888655872, 82.67032752429009, 89.43885356067122, 84.44377688545985, 82.56478098581029, 78.74072226269553, 53.62749545712658, 64.01409819130721, 75.3621129390815, 85.23824057035534, 100.0399367522351, 112.94715731317619, 114.45602745773371, 120.4331256421036, 129.39382739945006, 132.86379823788656, 129.0237097798503, 120.13717488965794, 115.96045346111244, 107.73323823757792, 99.84184692139819], [13.511964021037649, 17.824921525706692, 27.449843194707398, 39.39855194993857, 31.192473760639533, 23.73704349144539, 20.640402469695545, 41.842298795073354, 46.26259380624425, 53.72933483312833, 62.1453130059171, 71.56836506922858, 63.85671183397722, 55.842426995784756, 48.232893252506486, 6.858502542098311, 12.50719926460716, 19.986676123508403, 28.90854597747045, 37.12465741863155, 36.145318615207294, 25.067902962681714, 17.469061098739278, 9.742890665732473, 0.0, 42.05986886476918, 49.209097043130306, 55.2119763368866, 64.61485658005807, 72.3766255192513, 70.82136693826878, 64.15834739174271, 56.93939477042542, 49.7840452985625, 43.641993802347635, 15.376226156198506, 24.29196563579607, 37.08087268869159, 47.14994359850641, 55.92736026757133, 60.35082744675512, 63.52552934580845, 65.44783774518993, 60.59482503837441, 43.36075272834167, 34.943879743671296, 28.544051218010473, 72.32269632926949, 68.93634433428296, 68.26316794526642, 71.77248175815363, 72.59057389690392, 76.82475552183793, 85.21268957695071, 88.03146648806022, 88.22144949092836, 86.89835306482215, 84.31453697776921, 79.63261946539379, 72.81493772440903, 72.663854098241, 74.57500782043866, 77.54505828047759, 83.33980435826993, 79.44510583343461, 78.55979745485887, 75.80726174442594, 61.39516308515547, 70.63882857472531, 80.52952840547715, 88.95516086189002, 103.01140511357552, 114.48426292534295, 114.50102797937852, 117.53241556037986, 124.54211227641446, 127.22410788239763, 122.70532901170706, 113.33831930470649, 108.5806025245331, 100.0798423899353, 91.91104324862081], [51.572194248425326, 58.270140966927315, 67.43351269279538, 77.41080901856516, 69.41247419484584, 60.23195547721676, 53.69152936351891, 23.12074461603151, 19.16793631433815, 19.730208120615806, 26.394791243807067, 38.509586431333354, 31.08666721233476, 26.04719735793026, 24.385397028520533, 41.59622494816502, 51.378840511997396, 59.78285327762514, 68.97359755931882, 76.83892110825677, 76.4208256346707, 66.59841657731505, 59.10751075039105, 51.65204065738644, 42.05986886476918, 0.0, 7.5618400272321935, 14.411985245335009, 25.316372374297664, 34.55924425620993, 32.3444182645371, 24.057948559639183, 16.100111237635872, 9.732196693094524, 6.483523178066845, 31.263927143718718, 38.285917564144626, 46.56231855603887, 62.31487446873386, 66.9349768976894, 65.39654214094344, 62.41140945638623, 59.691300489556454, 50.065204060608366, 36.293676416694204, 27.854731207476515, 18.570083712005985, 89.59272503401309, 81.74612085280536, 74