{
	"dissimilarities": [[0.0, 7.384543877700841, 15.649452602004391, 26.307613597755775, 19.652022728466267, 12.273036326824837, 8.552071616760527, 43.50816361810877, 50.18807882475819, 57.557629479239516, 65.73831384211188, 73.45897197080893, 67.5226494723836, 59.43686928063546, 49.950950165828885, 22.212817979015497, 21.980774780071858, 22.485495347966122, 26.255061451974417, 31.186871040655006, 27.010028909106595, 20.762182014989396, 17.074453361622588, 14.602556969967452, 16.56511121086315, 52.742361661255906, 60.540144046470076, 66.0463455658845, 74.32683740455637, 80.95074590648899, 78.99941870365572, 73.29883713070937, 66.72552178356345, 59.6165807486733, 53.63198675435189, 18.613338122474726, 22.015106060055448, 34.340433354994545, 40.09423970167377, 50.14929558625948, 56.55604597287187, 61.071362891075495, 62.68563578709045, 59.01325980326432, 46.05209094238345, 38.740929636178535, 35.2067563141896, 66.57553610234952, 60.33582142416092, 62.358839697390174, 67.048875394482, 68.89595261205591, 73.58383573500066, 85.59539573489141, 88.23378048447408, 86.42839577199238, 84.2999647087986, 81.94232314957449, 77.17724573636208, 66.54937076171119, 63.92813775891399, 69.18435127873913, 75.35536900156397, 83.70234399645896, 82.10401517503765, 76.0259494038327, 74.06757792183481, 53.36020445274352, 58.50967294123147, 67.21708944240643, 77.24745475500943, 90.07067670806119, 100.6457446391874, 103.34139865017578, 110.28903886823115, 115.69582452909329, 121.65286119396053, 117.74464447414074, 109.41465939376928, 105.71199426775604, 99.72753924628324, 95.91616929754916], [7.384543877700841, 0.0, 9.122444454255728, 21.435055415831563, 15.687251700638642, 11.626366925255413, 12.636017536832005, 50.8777265863603, 57.52971999185091, 64.83494456980446, 73.04466158020142, 80.83570254122048, 74.90311095833623, 66.8033123514968, 57.323508503696814, 25.081570862555573, 21.76359438290849, 19.64615334259918, 21.335187700662726, 25.35845297099184, 20.684298705628944, 15.120803095950098, 13.591549210925292, 14.739052678408065, 20.53137960539829, 59.228892480124166, 67.13369723934301, 72.74374813847244, 81.17762540338168, 87.93200226999919, 86.09956728387407, 80.30555929567312, 73.6404034098222, 66.51178614046229, 60.481689157113856, 25.17264888248088, 28.256624962148553, 39.029049891468595, 43.424632579356164, 53.74400253633335, 60.58603017647769, 65.85386595339095, 68.2028601422424, 65.2640157238922, 52.1189224935347, 45.38130244200262, 42.07305641881433, 67.99277332553832, 62.58793288341466, 65.82627375001627, 71.06401672255323, 73.59830132475595, 78.69547825330332, 91.102304656558, 92.9634690861571, 90.61362847780296, 87.91188335840995, 84.94079665343612, 79.44135699064749, 68.30802392604448, 66.90379017857826, 73.11896984076154, 80.21635089961121, 89.07113908335299, 86.84020323924325, 79.8028029729142, 76.96386164253782, 48.48129281195583, 54.578707026213266, 64.48478010134983, 75.59211443538493, 88.91957391418215, 100.66434282955237, 104.48636426513578, 113.50630488726433, 120.69814559814309, 127.26281706170694, 123.94208318984523, 115.96586790647817, 112.59120052476555, 106.65133510208723, 102.56824654016448], [15.649452602004391, 9.122444454255728, 0.0, 13.13231275659093, 10.580622222374872, 13.40730297489081, 17.859301106172015, 58.535736699494784, 65.42875934244033, 72.91881827397278, 81.00244967227577, 88.18454853148582, 82.42892062975271, 74.40240883233709, 64.82674848727937, 33.51253935894886, 28.447919467567836, 23.875446059178667, 21.306104846360093, 21.060472212757247, 16.045602883146586, 15.675607492304756, 18.387790924129984, 22.391553223200777, 29.461979752741904, 68.0682669053955, 75.84131151724742, 81.27637649325804, 89.32044519425224, 95.64482323329176, 93.94898816133018, 88.54223875664404, 82.12611355503655, 75.10780601658793, 69.15817890845527, 34.03406683836342, 35.69663705636317, 45.26858293836561, 46.49416145547888, 56.978160604515644, 64.74179346016052, 70.77342517615988, 73.35201034708292, 71.23108877729851, 59.582094864610106, 53.46308568467946, 50.81133978637418, 67.02948292036054, 63.43989023918514, 68.74081399369413, 74.55747696897869, 77.8465753714264, 83.0873474909534, 95.15468318019548, 96.18220557539601, 93.30225163474269, 89.91111063374508, 86.19963981537231, 79.67485967592249, 67.7606409585126, 68.70980132243128, 76.25753143486331, 84.04334509484882, 92.96583030834829, 90.00726025447909, 81.99227391103555, 77.97706946566053, 42.768143129845996, 47.028466610031934, 57.154134441510536, 69.23286400716194, 83.2500002035743, 96.5362449475838, 101.98431639793175, 114.4464878834842, 123.12561581981792, 130.10584070249703, 127.59650742284055, 120.27531101468328, 117.7094557362815, 112.5087781524827, 109.412224686268], [26.307613597755775, 21.435055415831563, 13.13231275659093, 0.0, 10.719435011843021, 19.61833113268151, 25.122710586184915, 65.73823682540348, 73.08153564611003, 80.90762054117404, 88.61921493876581, 94.39554465332431, 88.96985873255929, 81.17696931989872, 71.58997739024386, 46.223250644874085, 41.276175278305345, 36.090224051014744, 31.030539021881197, 25.820500860123552, 22.065845928361256, 26.954870757828534, 31.128919172878934, 35.32736656236337, 41.81211487347154, 78.42353809055672, 85.84136887078989, 90.84765638176906, 97.98494216910365, 103.29291119553518, 101.66159804190343, 97.12561980029184, 91.29674605897092, 84.52040243602663, 78.7958753936176, 44.50130585504261, 43.785613695809865, 52.065095598960674, 48.493977058434645, 58.71682966992667, 67.71432885992888, 74.38400622830798, 76.642268531989, 75.52358502122004, 67.1817513094938, 61.923024006943166, 60.55266642712518, 62.23340682017339, 61.60690243797658, 69.72177657387823, 76.0228194708962, 80.06465608934062, 85.09555705519668, 95.92828817047982, 96.02160889871351, 92.66367640345999, 88.51606292612574, 84.0021469250094, 76.25338577659357, 63.431206482879105, 67.9405017923021, 77.05174665569854, 85.14216735709876, 93.57873395968245, 89.80517891349481, 80.90329931402441, 75.4776310659656, 40.659239589604255, 37.135514871551166, 44.412778108211846, 56.78582614699699, 71.50462400440657, 86.4902440060576, 93.93625729638043, 111.08489032408157, 120.86695029220536, 128.13920709851712, 126.85262424770143, 120.69726346949487, 119.63390338130274, 116.27800794978728, 115.80888160917034], [19.652022728466267, 15.687251700638642, 10.580622222374872, 10.719435011843021, 0.0, 9.880668059080053, 16.765880894826545, 58.48254648633645, 66.22690965470893, 74.10612667989369, 81.93457910906723, 87.99443648201404, 81.99659361346644, 73.93464673050028, 64.43179711700115, 40.40052672606298, 37.15988662121029, 33.72449455356307, 31.84341736455624, 30.460813247646907, 25.599624257135517, 25.986237650238518, 27.790760103456865, 30.275152836827992, 35.25623309164747, 71.5959513474287, 79.29407004346479, 84.62213156728568, 92.34146670102876, 98.09795569567177, 96.00142764644414, 90.9986959224413, 84.79287595555643, 77.73951234583075, 71.85644934215686, 36.53657594499117, 34.45755905532521, 41.68092823807373, 39.05064404338894, 49.421785010445234, 57.976205463891176, 64.66903414448159, 67.53051717132944, 66.6678941881954, 57.351369876764146, 52.762843176634995, 52.57761310818426, 56.79284866573013, 54.0237858533327, 60.7345321027794, 66.95590318712343, 70.9168787648504, 76.29947332073219, 88.26697479154849, 88.30312234804485, 84.92536493926498, 81.02830292419034, 76.8576415362878, 69.83396187147812, 57.673669685390855, 59.83576625297152, 68.31839567522853, 76.71539160301914, 85.90318134483721, 82.1669175488904, 73.31508969784157, 68.55938030627416, 49.51283726180008, 47.608486779271296, 52.30973654105283, 61.813184452190896, 74.32861579823724, 86.58775723339541, 91.70796301745192, 104.89550483265909, 115.23188657754085, 123.4066573757227, 122.40760453050804, 116.35205713427766, 115.31798695623115, 112.57259160792657, 112.19523130432519], [12.273036326824837, 11.626366925255413, 13.40730297489081, 19.61833113268151, 9.880668059080053, 0.0, 7.598026413192906, 49.31535777835896, 57.09353508112643, 64.91414147858282, 72.82639040064949, 79.28178322065095, 73.0244480119305, 64.83655091559649, 55.384036954152656, 33.29415537487173, 32.28263243523937, 31.09045298670893, 32.34253623206289, 34.170286502892125, 29.228793158522606, 25.947508932441995, 24.894864052974803, 24.803425392680204, 27.47310702888325, 62.32106312376865, 70.09170878056513, 75.54162470978665, 83.54553125024324, 89.59798808898252, 87.27450880150623, 81.97808699334999, 75.58497116718812, 68.4244195460872, 62.491494226482516, 27.062905080023857, 24.66594867521045, 32.91818817377078, 33.26281595940936, 43.74704576305059, 51.4958586016692, 57.46227594917146, 60.07411482304578, 58.44465774333543, 47.90515264465787, 42.96644509406668, 42.88903631497807, 56.369106726902494, 51.29796915966373, 55.642335300530114, 61.274551799574496, 64.4433722548683, 69.70751979604945, 82.12165845629525, 83.04777487328565, 80.24511380855994, 77.11560766787495, 73.79602648668953, 67.9711777332469, 56.71011538773953, 55.99913713129268, 63.02956012551197, 70.71641027654928, 79.90374491684396, 76.92015253502726, 69.11349941773926, 65.72011860820578, 55.25283017012754, 55.34713411059897, 59.99029379023484, 68.27622608489443, 79.86344145559393, 90.12883301897398, 93.21328951878847, 102.3049611319774, 110.98869918662741, 118.81353695703541, 117.05673741951614, 110.40981416409521, 108.70121025812139, 105.55525067568358, 104.6524925854662], [8.552071616760527, 12.636017536832005, 17.859301106172015, 25.122710586184915, 16.765880894826545, 7.598026413192906, 0.0, 42.01771061303129, 49.65262121534412, 57.46859443485255, 65.38345321247577, 71.96210799198313, 65.81068026688776, 57.66185848423578, 48.14795180410504, 29.323893045515515, 30.24314912774518, 30.717000444305935, 33.58007694491417, 36.78505563566189, 32.288874176723176, 27.687920251919106, 24.9583119839052, 22.75122788518796, 23.051666634075833, 55.28769028686361, 62.893562016966456, 68.20065262960868, 76.02552106768121, 82.0031537104845, 79.69404821041758, 74.47061677002809, 68.186874508566, 61.10499584760153, 55.24611169021587, 20.676169598038463, 18.873363250022848, 29.72911357348798, 32.46722525271839, 42.69100965968589, 49.823724659435825, 54.76340177127902, 56.37375634986871, 53.55792572663946, 42.838337359948056, 36.85341549415778, 36.00549028112899, 58.12069017264039, 52.11380764944832, 54.85377842524419, 59.76702872764692, 61.98714394432717, 66.71363504569743, 78.59815845368477, 80.67507356731508, 78.62068247564339, 76.24481976738662, 73.70585693919696, 68.76587993084436, 58.05922355668233, 55.89517815805569, 61.661905448825024, 68.10127095953362, 76.57528728795648, 74.49944289819973, 67.9875210833857, 65.72147091032147, 57.7056947390502, 58.605556368398595, 63.670824734946734, 71.7012040379028, 83.33601896980525, 92.83138567684433, 94.96923902530807, 101.95539309608921, 108.13733140358572, 114.89132645564456, 112.06364330526249, 104.68645488748116, 102.24059565157856, 98.39997488412226, 97.15269477400679], [43.50816361810877, 50.8777265863603, 58.535736699494784, 65.73823682540348, 58.48254648633645, 49.31535777835896, 42.01771061303129, 0.0, 8.958930659419181, 16.911355737034953, 24.00367518684899, 30.66487009876213, 24.084654295490832, 15.933801962281445, 6.613319822036583, 43.378499605347265, 52.39711954641358, 58.61297729850117, 65.80736063413653, 72.20719865354404, 69.14379725131646, 62.096643867382774, 55.98239036918589, 48.89780941000038, 39.912719594875654, 26.38519147502049, 30.27822113456352, 33.47638320201358, 39.114417305987445, 43.92559926654254, 40.345973264264416, 35.87111204894416, 30.973392848934505, 25.26821967716418, 21.680717996508925, 28.77300827346887, 27.91318091633272, 34.857697106419536, 45.24489450772709, 48.53855490061514, 49.14150366975083, 46.36742960975407, 41.46035036053569, 31.49725949143149, 25.873836455338953, 17.92269232270986, 16.602586051735134, 73.44933394940288, 63.65531511719842, 57.167253011724014, 56.72062722083607, 52.881319377957745, 53.33006381660102, 60.52923902315512, 68.98978745346075, 71.46531748601048, 73.77246764380074, 75.95927428705755, 76.80215805931999, 71.52151775921475, 61.77218558806426, 59.02696445530528, 56.977825528872565, 60.07128611022705, 63.824140043955545, 65.89856876070249, 70.35286827402157, 90.59371656052967, 92.18368758883663, 95.15744067499894, 99.16486042202493, 107.88117718922528, 111.06426947464054, 106.89591629494457, 99.53220238827062, 92.48958512207236, 93.94996354630037, 85.83371563676587, 75.06591670684291, 68.68316543342226, 63.02978904804254, 62.176455950461126], [50.18807882475819, 57.52971999185091, 65.42875934244033, 73.08153564611003, 66.22690965470893, 57.09353508112643, 49.65262121534412, 8.958930659419181, 0.0, 8.174086358473588, 15.734177948121374, 24.380060094313816, 18.605579616872088, 11.84324683834163, 7.460095994296119, 47.084427468682655, 56.43920419332541, 63.12114280323253, 70.65533062649264, 77.51823002359089, 74.84587066857395, 67.56979271922572, 61.22874649069003, 53.935887621330664, 44.66743498846749, 21.390463091725174, 23.17459672836453, 25.30415497208405, 30.22542549978231, 35.196081029123725, 31.575263361951393, 26.934656711858537, 22.438371010202278, 17.58427825106194, 15.537157255949587, 34.764813697885465, 35.9231426987909, 42.860758558766804, 54.04569188694508, 56.89852518576246, 56.741286268676966, 53.09998013488422, 47.596985857765745, 36.99471190714199, 31.845216035063945, 24.238865866882758, 20.348115178735668, 81.97911610119785, 72.14006096455171, 64.9607048948919, 63.90840849355917, 59.349963583981086, 59.08190689029427, 64.94006166259716, 74.45583587210861, 77.661167677309, 80.61484715039651, 83.35862872346792, 84.78015569139127, 79.96391301950025, 69.85397680174428, 66.23381728183615, 63.00664812482596, 64.86235945125344, 69.64667924705901, 73.00134330318662, 78.12010937064184, 95.2429490565864, 98.1697561716853, 102.2526867010616, 106.72746566107546, 115.79626700033766, 118.9563615133737, 114.53592962299321, 105.84566252848752, 96.18983833732486, 95.88009471419029, 85.97514304111384, 73.90344761446818, 65.57665309515994, 57.34605512930993, 54.21135314813987], [57.557629479239516, 64.83494456980446, 72.91881827397278, 80.90762054117404, 74.10612667989369, 64.91414147858282, 57.46859443485255, 16.911355737034953, 8.174086358473588, 0.0, 8.420012266393973, 19.759065291746797, 15.035637062670874, 11.579714898745003, 13.683871554695806, 52.361977191285305, 61.968612658039724, 69.02374102791275, 76.90406269821085, 84.17944552296007, 81.7012968157421, 74.14882530262341, 67.60493851616927, 60.16288402223612, 50.68786134633153, 19.840140283402963, 18.6209778094693, 19.138404284387192, 23.08935859906158, 28.315282388366946, 24.25915376560374, 19.168519976567048, 15.262441347617688, 12.268045978545159, 13.285943136115364, 41.53448249768509, 43.401405069551956, 49.54605971028447, 61.366467370253126, 63.565542222362026, 62.51458908309082, 58.041215491434315, 52.187680747422775, 41.33205368461628, 36.737595186373945, 30.115239376870136, 25.956041147700184, 89.17160710364601, 79.0336515685726, 70.9397571479415, 69.26398992140905, 64.05296988016464, 63.21094520687738, 68.13087137340224, 78.39652878200447, 82.20204797708465, 85.76642045476807, 89.06911337643817, 91.17774154533578, 87.0377930583703, 76.23243979344495, 71.64334991753451, 67.42936701941535, 68.38331332805548, 74.00504642086109, 78.48014750763596, 84.3068233884625, 101.66225792228936, 105.47624274689919, 110.02429425648295, 114.50805266703222, 123.46802382552684, 126.1541247530552, 121.14119469541659, 110.53850835151682, 98.94937688359342, 97.47539496304445, 86.34961733284497, 73.46827335087248, 63.68147067709499, 53.725615306291225, 48.65308386319931], [65.73831384211188, 73.04466158020142, 81.00244967227577, 88.61921493876581, 81.93457910906723, 72.82639040064949, 65.38345321247577, 24.00367518684899, 15.734177948121374, 8.420012266393973, 0.0, 12.924399105552181, 10.626674312556448, 12.729932546257345, 19.189925241663346, 60.66543240236821, 70.25497284648145, 77.30388420114426, 85.0865371183085, 92.20539423882133, 89.81646171809405, 82.43588918865005, 75.95036899422479, 68.53873422362474, 59.09273182469706, 25.847875865051925, 22.050914539656468, 19.97589361210244, 19.88928592217413, 22.78480737345212, 17.95616952215369, 14.999199925435525, 14.839471059670725, 16.007563903049487, 19.59092414992784, 49.899029845291324, 51.21456865999474, 56.43410870093501, 67.48503779706697, 68.78731586656369, 67.11823775151574, 61.76559426716859, 54.979804180767374, 43.99464485979012, 42.441688663249025, 37.21015069755489, 34.2116238462301, 93.89816146178319, 83.88401676342991, 75.19348232532393, 72.78967703436861, 66.87469224954924, 65.07971863776201, 68.09872750632458, 79.27209441813865, 83.85690143857857, 88.11372760324467, 92.06737409590953, 94.9231860320436, 91.59591785072094, 80.51305745711055, 74.9839934208698, 69.3216434847547, 68.73014602089971, 75.31616122119515, 81.22962426567948, 87.81212717409922, 109.04574122523279, 112.23828183549081, 116.10725169946092, 119.87951950522057, 128.30863599640983, 130.07376622568384, 124.26859422412439, 111.83353951703457, 97.51507049274069, 94.55051923972722, 82.24340757001042, 68.75023929550589, 57.93095933265515, 47.57624669031657, 43.39711277718704], [73.45897197080893, 80.83570254122048, 88.18454853148582, 94.39554465332431, 87.99443648201404, 79.28178322065095, 71.96210799198313, 30.66487009876213, 24.380060094313816, 19.759065291746797, 12.924399105552181, 0.0, 8.313080784733717, 16.178626855893057, 24.407226145569553, 71.28817799339818, 80.55789275693301, 87.1023133419326, 94.1812077707394, 100.33832800467796, 97.88769240172918, 91.31558059724165, 85.25617591921342, 78.12334617910786, 69.00842881091435, 38.680209847711296, 34.77358789215621, 31.749048768538895, 27.778031906438112, 25.161295879076622, 20.65380681434711, 23.419762450170392, 26.62318060939096, 28.904856265092533, 32.31495218874368, 58.9140161722716, 58.296453168660996, 62.419445976756606, 70.62674424961443, 70.71748275880202, 68.94292476122443, 62.80259257610028, 54.305147271504644, 43.57301371042479, 48.360351545062144, 44.88088378259121, 44.230455916699, 93.40256618459455, 84.31800811350209, 75.71988306605203, 72.5233788252716, 65.95485012463594, 62.660466666793894, 62.133682386102436, 74.41162064948885, 79.99995826647293, 84.98893867309513, 89.65012564597755, 93.24068305040376, 90.89125917617346, 80.38772748997363, 74.12760632587612, 66.40594640128529, 63.20430260891138, 70.88822263621924, 78.63937838761154, 85.92597911151542, 115.9869057568513, 116.319770478907, 117.77646073969657, 119.73819455220506, 126.96023560270525, 127.17507546132691, 120.38585903973869, 106.62660759800987, 88.41951409058466, 83.46288883073484, 70.08408641339481, 56.26494252298667, 45.379073997043555, 38.06012592662108, 41.65009267195641], [67.5226494723836, 74.90311095833623, 82.42892062975271, 88.96985873255929, 81.99659361346644, 73.0244480119305, 65.81068026688776, 24.084654295490832, 18.605579616872088, 15.035637062670874, 10.626674312556448, 8.313080784733717, 0.0, 8.465856076371074, 17.687937407013713, 65.47492718021323, 74.96423897606542, 81.63770246185649, 89.02546722868897, 95.45944980323516, 92.70614251701463, 85.75760679461864, 79.52777527678454, 72.27080417661799, 62.945676122168535, 34.288122037449256, 31.873831657538354, 30.4809130293766, 29.77055361178715, 30.123599639525835, 25.187358421688966, 24.770586179756226, 25.228118305223045, 25.461492919590675, 27.72678563787756, 52.3845453335551, 51.1521647943459, 54.51322358703967, 63.37930735637636, 63.43284302123804, 61.403207655879825, 55.37038136550252, 47.43437539351491, 36.540702676180516, 40.086936674437894, 36.97562528877052, 37.42886454662128, 87.47313268520547, 77.69215399087201, 68.66287459275517, 65.62902523200641, 59.227715038348826, 56.561003087455994, 58.08947889680497, 69.70620430575808, 74.7612872652419, 79.45163436334143, 83.87947570575935, 87.37045314819571, 84.97740771008026, 73.74033403879169, 67.49430459646493, 60.6026506187347, 58.88870182970889, 65.97613049227603, 72.90316445239861, 80.07640471293259, 112.35255530996403, 112.8793155461986, 114.16684389226323, 116.08384076578635, 123.05553863520741, 123.18889142988667, 116.27876583855112, 102.29353785575083, 87.01988065020899, 84.39484484646897, 72.90664784624352, 60.35956562878156, 51.33956165930692, 45.976219357105094, 48.55520351042215], [59.43686928063546, 66.8033123514968, 74.40240883233709, 81.17696931989872, 73.93464673050028, 64.83655091559649, 57.66185848423578, 15.933801962281445, 11.84324683834163, 11.579714898745003, 12.729932546257345, 16.178626855893057, 8.465856076371074, 0.0, 9.624925248712428, 57.87318625605489, 67.3428338526534, 73.95535444989146, 81.39894040459671, 87.90493446364363, 84.97248799044621, 77.88304438766943, 71.6276552160474, 64.3722205226693, 55.04752067794083, 29.95533856805531, 29.647638517955944, 30.08783760649377, 32.29027364362138, 34.823749411124794, 30.165284659802357, 27.578418550061407, 25.450247426931842, 23.122636442707716, 23.463046433620974, 44.18126204924699, 42.704329343983254, 46.39187399266554, 55.86183338314765, 56.594592451070355, 55.050168681098064, 49.754039600097336, 42.63441997504514, 31.59548248217917, 32.651276742323, 28.756892318079206, 29.537667759061918, 81.46388598446586, 71.38624618215061, 62.735312468427736, 60.358101803547974, 54.58531224880925, 52.91846713865908, 56.73278966617891, 67.35662184139026, 71.57936214647802, 75.57920600184042, 79.38424182364186, 82.20408837349166, 79.09633388891103, 67.88611040580443, 62.44320801655172, 57.01063964152234, 57.09561845357138, 63.13899186863878, 68.57940525319789, 75.08566044543542, 105.55306432059238, 106.34248440794559, 107.91757768640677, 110.28163950311674, 117.57037699414411, 118.39920199564357, 112.10417105125116, 99.69174879377489, 87.54836189992832, 86.80273691661218, 76.83620941703451, 65.15348789128565, 57.43309948379003, 52.486675798356124, 53.877109673345736], [49.950950165828885, 57.323508503696814, 64.82674848727937, 71.58997739024386, 64.43179711700115, 55.384036954152656, 48.14795180410504, 6.613319822036583, 7.460095994296119, 13.683871554695806, 19.189925241663346, 24.407226145569553, 17.687937407013713, 9.624925248712428, 0.0, 49.7516598125174, 58.866039725738965, 65.13348903677789, 72.27134761405135, 78.52346293283466, 75.52409751662526, 68.63646333654661, 62.56361178271317, 55.482440744642496, 46.457236468049466, 28.081470293717064, 30.221568099471956, 32.24794786226638, 36.353289308304554, 40.05073627171383, 36.10668135881498, 32.570954253353726, 28.82342192021969, 24.358690155295314, 22.32468148566841, 35.35482550709753, 33.899390773734375, 39.35383331550903, 48.841707632590044, 50.990037414212196, 50.82978600839051, 46.96694692883796, 40.821439868845076, 30.16015867709235, 28.283014246999716, 22.255392253856254, 22.284699518099316, 75.59384949374271, 65.8312469835699, 58.56985845690607, 57.304101440539995, 52.62930020354186, 52.09820966078698, 57.702854610507366, 67.14309664898185, 70.38046017332569, 73.38667638737911, 76.24947299772614, 77.88139884998432, 73.46280759699549, 63.27070039862891, 59.44619186211172, 55.851556876084544, 57.56198257041718, 62.27943438176034, 65.80778102419738, 71.11508631593946, 96.35733575538094, 97.18014331436127, 99.27842912096723, 102.43277114173189, 110.51021860152068, 112.67414802231467, 107.64001741426455, 98.43244580228478, 89.09505450166151, 89.58249566574672, 80.7360626187686, 69.62432029639967, 62.88554473754429, 57.77885407614408, 58.390811542816934], [22.212817979015497, 25.081570862555573, 33.51253935894886, 46.223250644874085, 40.40052672606298, 33.29415537487173, 29.323893045515515, 43.378499605347265, 47.084427468682655, 52.361977191285305, 60.66543240236821, 71.28817799339818, 65.47492718021323, 57.87318625605489, 49.7516598125174, 0.0, 10.4312688274417, 18.698173821887362, 28.900929799448683, 39.32789319021226, 36.74722575391054, 26.410413348889886, 18.84877839166955, 11.60969662276775, 6.5866381835994305, 40.330224089762815, 48.46680947604674, 54.70203223368598, 64.73082362242752, 73.47911665561529, 71.82469669673826, 64.38924167739118, 56.81659254532227, 49.746867339560644, 43.739866911764295, 17.84350429391382, 29.368113175694212, 40.94123094709696, 54.20366295304447, 62.74423712143306, 66.190398014704, 68.8195107818208, 70.507006533282, 64.96801512326479, 46.72036980054317, 37.77389850138053, 29.27826613842731, 85.09337425441096, 76.3343516866296, 74.46743254085523, 77.87162484326562, 78.18962813031496, 82.643111710362, 95.43672713686578, 99.63122787503926, 98.76105475550588, 97.8783689147354, 96.73778920156659, 93.69821419987447, 84.65616864810904, 78.2948670303168, 80.82139826561783, 85.77142048794445, 93.98090205376558, 93.93415977134413, 89.72063054398424, 89.72819001588098, 62.156752138227624, 75.31837891229907, 88.05211021535247, 99.23737615660762, 112.25360064890589, 122.10681928456903, 123.3642486060252, 125.22213352179634, 128.40385352589595, 133.13574121420342, 126.92373052383667, 116.6009047178761, 109.95828750000177, 99.79207486636436, 89.78599704070189], [21.980774780071858, 21.76359438290849, 28.447919467567836, 41.276175278305345, 37.15988662121029, 32.28263243523937, 30.24314912774518, 52.39711954641358, 56.43920419332541, 61.968612658039724, 70.25497284648145, 80.55789275693301, 74.96423897606542, 67.3428338526534, 58.866039725738965, 10.4312688274417, 0.0, 8.56222204448921, 19.1324781921069, 30.206350708998283, 28.033805033595087, 17.595436738920185, 10.760735244072219, 7.572269049086276, 13.289654560959624, 50.18924060690424, 58.087280577513155, 64.0917320000994, 73.72819629122702, 82.19430802587765, 80.8893645310374, 73.76566790648205, 66.4406181803977, 59.55912008116549, 53.66021482266181, 25.72683387417752, 35.889637375611095, 47.34730327713059, 58.435183353472496, 67.7476172397804, 72.21554030885756, 75.83764421066793, 78.02521345712674, 73.17614201410629, 55.56393480263487, 47.049696343753496, 39.21607387720915, 87.3147201001748, 79.77805581389923, 79.70094705327219, 83.84557285143147, 84.98418682340363, 89.81184750510907, 102.73231964709801, 106.19623316866203, 104.75947397405052, 103.17872966032738, 101.28423236146179, 97.21889916400448, 87.25904574814557, 82.71387341651757, 86.60605949811293, 92.51782971472268, 101.09551380622479, 100.34138668485973, 95.02495976064235, 93.91083731348343, 53.41382567881063, 68.81784980151639, 83.67307505802057, 96.46646184810922, 110.51458807401664, 122.1308004464849, 125.02834129196836, 130.0894673402734, 134.80508167488082, 139.84542948295356, 134.07269754905792, 124.00502195171671, 117.71569004360495, 107.4125515005413, 97.294091814088], [22.485495347966122, 19.64615334259918, 23.875446059178667, 36.090224051014744, 33.72449455356307, 31.09045298670893, 30.717000444305935, 58.61297729850117, 63.12114280323253, 69.02374102791275, 77.30388420114426, 87.1023133419326, 81.63770246185649, 73.95535444989146, 65.13348903677789, 18.698173821887362, 8.56222204448921, 0.0, 10.726964998848231, 22.03727842951933, 20.098716839596158, 10.093057152714984, 6.289465639817187, 10.619970435555318, 19.973984249184383, 58.17854306436134, 65.95526486482366, 71.76129787035345, 80.96909648756518, 89.00678326706371, 87.87758968143386, 81.14496269800273, 74.06959840901673, 67.26181841804447, 61.3927411975457, 31.65841452030927, 40.420304592375075, 51.74802392417678, 60.622969795594344, 70.45121268657955, 75.833486733039, 80.21855736292719, 82.6438556272437, 78.38392415265899, 61.76454293315635, 53.58984681158663, 46.458728666174295, 87.28941487730228, 80.96764076679014, 82.4935797841648, 87.20770926443623, 89.00055143486225, 94.03916121842495, 106.85403164829445, 109.70124933970483, 107.82127875679956, 105.66558845934665, 103.15683695000493, 98.23581763450684, 87.54272376509381, 84.69834118820907, 89.73524994199774, 96.31845824223376, 105.06596653393817, 103.71649757230897, 97.54018219300143, 95.48453723276779, 45.73309717814407, 62.08828739095124, 78.2223626291781, 92.11381450677591, 106.8880242677877, 119.86749745984424, 124.12179021406797, 132.00319881191538, 137.88685503573154, 143.1982816560269, 137.94939517095088, 128.27143366865613, 122.53529879558961, 112.61417796048346, 103.18434423878705], [26.255061451974417, 21.335187700662726, 21.306104846360093, 31.030539021881197, 31.84341736455624, 32.34253623206289, 33.58007694491417, 65.80736063413653, 70.65533062649264, 76.90406269821085, 85.0865371183085, 94.1812077707394, 89.02546722868897, 81.39894040459671, 72.27134761405135, 28.900929799448683, 19.1324781921069, 10.726964998848231, 0.0, 11.579452682300014, 10.87355358082798, 7.0830247555057975, 12.231843546075057, 19.358866974210915, 29.19996608353258, 67.3376966070628, 74.86090330618252, 80.32478757381888, 88.84130416923786, 96.21945125577071, 95.36343578724181, 89.23373123636368, 82.57766049141892, 75.94885579266048, 70.19133864675592, 39.67449346857537, 47.06287711919454, 58.44775724028469, 64.60159255241815, 74.85931242684791, 81.29125108165641, 86.33189006445102, 88.66854383329398, 84.87204795009809, 69.83558759277938, 61.83288028724236, 55.169508566721476, 88.07493746241758, 83.46584288946161, 86.8977324295979, 92.13067959594088, 94.51290978661383, 99.57394657707609, 111.83097578321136, 114.17445959043644, 111.93937409900684, 109.2177798991509, 106.08668104609954, 100.20850658611228, 88.66905799832983, 88.05281078396624, 94.31089042120382, 101.32281952483439, 109.91501331184183, 108.03905194230593, 101.12940545513189, 98.05921063918363, 35.44141240255323, 52.97680327233252, 71.03802756250793, 86.45298671274126, 102.32118257710552, 117.10972856347095, 123.13658452754626, 134.62372183896366, 141.21338526862277, 146.44748183864883, 141.5989515935499, 132.29181812554938, 127.1258599174012, 117.54411855350729, 109.02414151393636], [31.186871040655006, 25.35845297099184, 21.060472212757247, 25.820500860123552, 30.460813247646907, 34.170286502892125, 36.78505563566189, 72.20719865354404, 77.51823002359089, 84.17944552296007, 92.20539423882133, 100.33832800467796, 95.45944980323516, 87.90493446364363, 78.52346293283466, 39.32789319021226, 30.206350708998283, 22.03727842951933, 11.579452682300014, 0.0, 5.400938985014549, 14.604043672002657, 21.77986233761777, 28.96109140126941, 38.56054880333647, 76.42665326418233, 83.7266327255694, 88.84696033597568, 96.60623553113841, 103.1679751476847, 102.46989434462022, 97.04814250976493, 90.85242028081896, 84.36862981590212, 78.71532526648967, 47.441928544971404, 53.1309593365079, 64.32150547738351, 67.42148260812206, 77.90062031692027, 85.37927119330575, 91.01054698011055, 93.14429911480659, 89.91330852872923, 76.91120938027052, 69.23997431202494, 63.36841227195659, 86.9678506714889, 84.31853295071932, 89.74712934605296, 95.43484342225835, 98.38998505546306, 103.37775225871188, 114.85134839673216, 116.62609448116199, 114.04984581866725, 110.7631727335097, 107.02218992859855, 100.1995519188767, 87.8982947838758, 89.72411547734744, 97.18837906646573, 104.51055282165993, 112.80900977868504, 110.37597496581527, 102.78561267827186, 98.68510935195813, 25.39263345823306, 42.15482950041354, 61.68294881836766, 78.4372559347295, 95.29283600440267, 111.81537295945724, 119.63917266662786, 134.9162316819958, 142.1594825610917, 147.36477196728447, 143.14729363119108, 134.46387796861757, 130.18738669138332, 121.52404633291408, 114.69804604252371], [27.010028909106595, 20.684298705628944, 16.045602883146586, 22.065845928361256, 25.599624257135517, 29.228793158522606, 32.288874176723176, 69.14379725131646, 74.84587066857395, 81.7012968157421, 89.81646171809405, 97.88769240172918, 92.70614251701463, 84.97248799044621, 75.52409751662526, 36.74722575391054, 28.033805033595087, 20.098716839596158, 10.87355358082798, 5.400938985014549, 0.0, 11.06462056597536, 18.482717966882984, 25.747437991948853, 35.3665455301391, 74.27798437713967, 81.8087520106747, 87.1169792609658, 95.1375698772324, 101.80905547784445, 100.83011346176949, 95.26343075419543, 88.88895663949941, 82.19587028900206, 76.40100722725822, 43.80062023548079, 48.79805908423664, 59.475717076810355, 62.40420889383178, 72.86989942034428, 80.32440936650306, 86.11195275136791, 88.54110480058851, 85.64105477233541, 72.57851472436656, 65.30876104516157, 60.15282822767805, 82.32088694045308, 79.34428365708455, 84.6764046957112, 90.43345816996172, 93.52656325845443, 98.67806092143272, 110.51893082666768, 112.01608719707164, 109.29207271473318, 105.93763026264172, 102.16088587166041, 95.39942628982762, 83.22928308708055, 84.73183056898081, 92.22229471285, 99.80971216128452, 108.42712415038402, 105.80612972902777, 98.00543345932911, 93.89357953875526, 30.00693386967837, 43.59323192579961, 60.934290409765985, 76.65012177639379, 92.77144932214537, 108.5231134980111, 115.7668380042244, 130.25967104161217, 138.21145104331094, 144.0381719883951, 140.31794460451965, 131.97839983235716, 128.09868358996272, 120.23895164910647, 114.12273332674303], [20.762182014989396, 15.120803095950098, 15.675607492304756, 26.954870757828534, 25.986237650238518, 25.947508932441995, 27.687920251919106, 62.096643867382774, 67.56979271922572, 74.14882530262341, 82.43588918865005, 91.31558059724165, 85.75760679461864, 77.88304438766943, 68.63646333654661, 26.410413348889886, 17.595436738920185, 10.093057152714984, 7.0830247555057975, 14.604043672002657, 11.06462056597536, 0.0, 7.691604094722642, 15.431070485022687, 25.466483848579514, 65.332165778994, 73.16540051134594, 78.85452083403204, 87.63673042883295, 95.04710543556855, 93.80076099117468, 87.56434373156024, 80.71570867481084, 73.80045546040516, 67.84882120946992, 35.14597845126658, 41.41169927825504, 52.10134917715728, 57.925034283222615, 68.16520896241494, 74.61615453566691, 79.89827704939219, 82.61404975492302, 79.30991095166698, 64.33434980217979, 56.92122310886878, 51.403230958008294, 81.71981964703858, 76.76665910744954, 80.14103266817331, 85.48174157820758, 88.07525118224677, 93.345446153317, 106.02725016744333, 107.96389116258374, 105.51887950280717, 102.68263929681022, 99.48294821676691, 93.65632367934357, 82.28913022169863, 81.34449188957349, 87.68227267569497, 95.05021577729592, 104.03723226055793, 101.87714837118777, 94.66555201890299, 91.54156643719587, 39.83085173200399, 53.776243056957824, 69.29191206808919, 83.4088029687215, 98.33921095833391, 112.17835661484057, 117.53478985232742, 128.2023440887478, 135.73330596669808, 141.7823940661696, 137.666149164168, 128.90017790811302, 124.38340350020617, 116.05175533156695, 108.79258774623415], [17.074453361622588, 13.591549210925292, 18.387790924129984, 31.128919172878934, 27.790760103456865, 24.894864052974803, 24.9583119839052, 55.98239036918589, 61.22874649069003, 67.60493851616927, 75.95036899422479, 85.25617591921342, 79.52777527678454, 71.6276552160474, 62.56361178271317, 18.84877839166955, 10.760735244072219, 6.289465639817187, 12.231843546075057, 21.77986233761777, 18.482717966882984, 7.691604094722642, 0.0, 7.884153718005505, 18.020054222820445, 58.145159378940576, 66.11794365751169, 71.98883649397054, 81.14350166517636, 88.91591090669442, 87.4979272239075, 80.92593843587669, 73.84905567898173, 66.82965855870319, 60.81332015892055, 28.46154270028183, 35.847833719328776, 46.865605042716105, 54.77023727593344, 64.72253993352832, 70.43786719581351, 75.15287963436522, 77.75716149035644, 73.98175825819183, 58.000613021425394, 50.31192792995753, 44.38615167434223, 81.04289790666546, 74.84176530855257, 76.76556161602285, 81.66919799184996, 83.74018092897286, 88.90467248571976, 101.83078451506913, 104.27574420460775, 102.1825861333099, 99.82926527080214, 97.15443064392589, 92.07795262505043, 81.3244001205194, 78.73423397254024, 84.10707953468844, 90.99713733368684, 99.953183500274, 98.27280935285181, 91.73891370677055, 89.44081031810433, 46.4780025582684, 59.87527279846623, 74.16711893205346, 87.20248307117437, 101.42537466146679, 113.94682399482816, 117.9950282513856, 126.0247065109057, 132.64649843941044, 138.54739124577884, 134.0056998622628, 124.90129041412862, 119.92656262449829, 111.30658049620241, 103.50449044052411], [14.602556969967452, 14.739052678408065, 22.391553223200777, 35.32736656236337, 30.275152836827992, 24.803425392680204, 22.75122788518796, 48.89780941000038, 53.935887621330664, 60.16288402223612, 68.53873422362474, 78.12334617910786, 72.27080417661799, 64.3722205226693, 55.482440744642496, 11.60969662276775, 7.572269049086276, 10.619970435555318, 19.358866974210915, 28.96109140126941, 25.747437991948853, 15.431070485022687, 7.884153718005505, 0.0, 10.148436370479786, 50.48673529084242, 58.56595605707632, 64.55531641975682, 73.94532615795738, 81.92975333088773, 80.32560228183976, 73.54062930504759, 66.31682183294691, 59.205015570388966, 53.13616746616075, 21.217078517196516, 29.934768048461255, 41.56909251576933, 51.42262435997234, 60.974406702899685, 65.97148760901217, 69.97330742669482, 72.20808824392961, 67.83876511109678, 51.21949952274455, 43.102933760764834, 36.67984063662537, 79.81133660705353, 72.53069317063857, 73.02327565338248, 77.3940655650041, 78.83357365678387, 83.7448095635403, 96.63675451320832, 99.70991942342712, 98.06826953912761, 96.26451713624475, 94.1812178844677, 89.89499235032851, 79.77941331709621, 75.67691748199746, 80.01046994059197, 86.18952276675678, 94.8952339938578, 93.78534357520807, 88.09815851807491, 86.68969053177749, 52.91862057081511, 65.14043900114706, 78.05285032929612, 89.94759059007319, 103.48949402926964, 114.69341126836349, 117.46116875519219, 122.96939949435782, 128.29352971207905, 133.86504420549753, 128.84691163708598, 119.420033086897, 114.04231950415476, 105.27411634474937, 97.27760577488593], [16.56511121086315, 20.53137960539829, 29.461979752741904, 41.81211487347154, 35.25623309164747, 27.47310702888325, 23.051666634075833, 39.912719594875654, 44.66743498846749, 50.68786134633153, 59.09273182469706, 69.00842881091435, 62.945676122168535, 55.04752067794083, 46.457236468049466, 6.5866381835994305, 13.289654560959624, 19.973984249184383, 29.19996608353258, 38.56054880333647, 35.3665455301391, 25.466483848579514, 18.020054222820445, 10.148436370479786, 0.0, 40.93363700197568, 49.184169755248426, 55.346330665275204, 65.05210827793348, 73.28322181130056, 71.35910426821707, 64.29632400913486, 56.867153541289824, 49.59568842648776, 43.436271219292074, 12.50688404330459, 23.382778847823754, 35.552574704620454, 47.949993593646354, 56.69457242999023, 60.59980536839316, 63.52064691216718, 65.17858830469942, 59.991531910026005, 42.61489210583873, 33.87985566293564, 26.732268118558462, 78.5988456697047, 70.00644534260346, 68.5499191045992, 72.12163372536655, 72.65822438321536, 77.16287763521755, 89.91522001097849, 93.82381650729691, 92.80818812381747, 91.76274311296241, 90.49453793284476, 87.30402609055947, 78.15445517792084, 72.09474983727931, 74.94933893141564, 80.07327800919381, 88.36939828239763, 88.0455170458493, 83.5636066665449, 83.37262251133504, 61.68422276510369, 72.29862930278296, 83.35790545571174, 93.70778076026838, 106.25476552052581, 115.69380765224022, 116.7910230234906, 118.96849022896504, 122.56316017478883, 127.72046083557144, 122.14066828919846, 112.36399771279726, 106.53148289480862, 97.7553309032411, 89.74207777814557], [52.742361661255906, 59.228892480124166, 68.0682669053955, 78.42353809055672, 71.5959513474287, 62.32106312376865, 55.28769028686361, 26.38519147502049, 21.390463091725174, 19.840140283402963, 25.847875865051925, 38.680209847711296, 34.288122037449256, 29.95533856805531, 28.081470293717064, 40.330224089762815, 50.18924060690424, 58.17854306436134, 67.3376966070628, 76.42665326418233, 74.27798437713967, 65.332165778994, 58.145159378940576, 50.48673529084242, 40.93363700197568, 0.0, 8.613099699951754, 15.478240700464925, 26.910338022251562, 37.056954686976454, 34.54928914441889, 25.622333562731733, 17.295752404150246, 10.66467394277223, 6.6003031211039085, 35.66054695258834, 42.2523158865339, 49.91123874397704, 65.57185765560054, 69.51497021020273, 68.65196142318835, 65.72111715792754, 62.842051049936664, 53.16791622953377, 39.699