{
	"dissimilarities": [[0.0, 7.392596696284805, 15.96109109925885, 26.69260273115415, 18.491587135980026, 11.389661394946646, 9.531449084182112, 45.46987620502287, 51.256835220824335, 59.581345815237924, 67.81763171154678, 75.64024051593965, 68.40475754360398, 60.2666576251693, 52.0072125083222, 19.612605432714393, 19.04797931455581, 20.822503105852064, 25.072500274520063, 30.215860407443326, 27.973048789417575, 19.780308214496788, 16.08390592330759, 11.638388263359062, 13.610944068730651, 51.593388829028314, 58.5376572589859, 64.00047805122644, 72.40920002570263, 79.04977776062552, 77.42283422144929, 71.73901152337596, 65.09129061305566, 57.95647202864788, 51.79339159558278, 22.267569037441742, 25.485589915830495, 37.681638117592136, 41.65852408304304, 50.73076779591341, 57.32480646726101, 61.83429268149664, 63.8058273562159, 60.26057224778569, 46.48671502220455, 39.24839846186004, 35.849248175273985, 63.16078759580226, 61.8804985062788, 63.66633587598456, 67.85003318288351, 69.76229981861252, 74.30866149218306, 81.57801952601073, 84.26447367352249, 83.7510777871994, 81.50625992963288, 78.06890126389922, 72.31913600740181, 63.165058869609, 66.61018690419054, 70.04809986062375, 74.02702309802903, 80.43443391318158, 75.62844156867683, 73.54736711420753, 69.46436029239668, 54.23317233755049, 59.091143367930954, 67.71690074225369, 76.86487387195646, 90.4273440479065, 102.14427440341939, 103.62366659586671, 110.2798923621562, 118.86007010244121, 122.4806333425063, 119.45794426646735, 111.92467845079867, 108.33537301107663, 101.86579412066308, 97.09449206588818], [7.392596696284805, 0.0, 9.675962662383368, 21.822700987772, 14.008770449597458, 10.579765835469656, 13.423367430954613, 52.86041900424409, 58.62449746188432, 66.91177556675453, 75.16514148409804, 83.01107884956338, 75.79613115010314, 67.6517244292298, 59.39233797072051, 22.605444216176668, 18.599494910553595, 17.37060071838087, 19.55947561700292, 24.20507339669517, 21.584310382145848, 13.366464376486777, 11.912184839188317, 11.454121245776866, 17.94564167777539, 58.31384973258717, 65.31304182364474, 70.8682314407925, 79.39786315825829, 86.15153291607972, 84.62510004002208, 78.86024346364022, 72.14118028145852, 65.00404952049725, 58.82833009414157, 28.8844038333818, 31.62759681682113, 42.45475459230606, 45.1027839722093, 54.32424104415666, 61.474018770405365, 66.72133531412973, 69.38068855544192, 66.54488351963066, 52.70583380109543, 46.035160519570034, 42.84493524281957, 64.7356489346111, 64.46952869400478, 67.32842521715165, 71.96017626357835, 74.54744908709611, 79.58035294523403, 87.2855445740499, 89.08841273664217, 88.04544026429507, 85.21776180602902, 81.17880529923708, 74.88417936018381, 65.10791781051458, 69.84331161923508, 74.06797843707378, 78.7074402310609, 85.96872297684065, 80.23875238616283, 77.43416986912135, 72.60876687437275, 49.366831897937594, 55.15055889096079, 64.96905733788354, 75.1377813100712, 89.3314563142067, 102.16430280852045, 104.71536683645277, 113.35549527439385, 123.67907314668663, 127.98367933366428, 125.50637046612007, 118.32732403725736, 115.09913842210662, 108.70524015828443, 103.74360196497118], [15.96109109925885, 9.675962662383368, 0.0, 12.645164151104956, 7.395104780695537, 12.222543797352092, 18.193019855431924, 60.40668658971427, 66.51440317772017, 74.98950655636482, 83.09731637225133, 90.2326252873924, 83.3388800736287, 75.25691925246495, 66.87516678152228, 31.936645118440826, 26.44675257817508, 22.16511146282362, 19.27495426992212, 19.615425138255276, 15.829273767905585, 13.59815736383533, 17.550532781036054, 20.27585107695216, 27.59590962357687, 67.49753280624844, 74.38688826937661, 79.72902259335281, 87.8478341754167, 94.15003790959385, 92.7085757028287, 87.34786479452413, 80.87647234146824, 73.81379763830448, 67.68260677453668, 37.962534173175825, 39.08777624604307, 48.62334514540086, 47.689532179069666, 56.67700136340565, 64.99403788333869, 71.04790065479949, 73.92474862754685, 72.01290618300746, 59.94430159879021, 53.984345635990266, 51.711289128432576, 63.198908812662, 64.86864162428013, 69.59835939431554, 74.67668929265274, 78.07689176262102, 83.35431596678599, 90.98679945494285, 91.85127421153582, 90.21493655889248, 86.65400556876794, 81.91172229818568, 74.82856275208047, 64.14900145420334, 71.01120241596863, 76.36193294464077, 81.73587729566997, 89.51601596932682, 83.04600502403275, 79.32303516674723, 73.49275366885664, 43.787170669353685, 47.07522687355304, 56.765650039067715, 67.72411866684176, 82.65592321135938, 96.78649835342196, 100.94535970549924, 112.96188554356524, 124.79876816676332, 129.88455404611983, 128.25280402739622, 121.82444624083584, 119.6562248959167, 114.29806683114988, 110.69210442142047], [26.69260273115415, 21.822700987772, 12.645164151104956, 0.0, 10.8566775378694, 19.995931368931682, 25.891384235482704, 67.59925151327795, 74.10471497747862, 82.7620864074578, 90.52864571890643, 96.4254859268144, 90.14328187910442, 82.28469737492168, 73.8522739556245, 44.16430726839295, 38.74250241916232, 33.42673992608332, 27.49370513031936, 22.63266537841942, 18.585183677454523, 23.914097521805395, 29.695943306970147, 32.73182398693996, 39.490765614334954, 77.43722459024778, 84.05707790137926, 88.95333781664297, 96.26367466407872, 101.70595596979791, 100.35524166576131, 95.75138421692533, 89.78462210603276, 82.91463060734252, 76.92876476595696, 48.292723444997804, 47.6884210427677, 56.15232648370022, 50.795388146763216, 58.98400640927835, 68.58644464819588, 75.19502038419323, 77.73774196963367, 76.73246962886094, 67.70866308552381, 62.43958383288772, 61.27360015876948, 60.26941100678182, 64.50628862997638, 71.42763954698485, 76.76016736639176, 80.85703728000992, 86.0003750398864, 92.95445129656132, 93.05754810997169, 90.92508020764676, 86.68449623006474, 81.34649558250214, 73.47045670044521, 61.91862466881593, 71.27366360720745, 77.7611225828467, 83.6906250172531, 91.40911136066032, 84.66133241390544, 80.08738229881504, 73.2859461915306, 40.50552314761845, 36.694699347259366, 44.39150011927667, 55.95973150013106, 71.8769354893766, 87.4267472386485, 93.65300999529002, 110.0189558448705, 122.6508632814397, 128.37335531405873, 127.6762568808851, 122.24138799199362, 121.56614536456253, 117.89946851537968, 116.71801120702986], [18.491587135980026, 14.008770449597458, 7.395104780695537, 10.8566775378694, 0.0, 9.816440231095996, 16.67691775487947, 60.23722587279442, 66.82894804123261, 75.47777425835267, 83.4448540600562, 90.02595576301572, 83.03394097830699, 74.92101054844049, 66.49211483473535, 36.401732087795764, 32.17636023145387, 29.028806943120365, 26.5967854581721, 25.95122701903775, 21.828505538500202, 20.673796887988548, 23.80023954058335, 25.273506326422496, 31.2092269647068, 69.39364803097392, 76.31298431948619, 81.62297137781941, 89.57003207877763, 95.51470222453726, 93.7650689336447, 88.64608585885628, 82.27829982192881, 75.14283312976573, 69.01760257504016, 39.127415796450215, 37.86215391802311, 45.891364875498695, 42.36463625540145, 51.0936399334282, 59.98909541323208, 66.50819970700303, 69.64160682641604, 68.60802850266681, 58.01282068167834, 53.11665358982882, 52.57630680995425, 56.10042211033821, 58.32747195078166, 63.85159970813125, 69.13644622918436, 73.00889546565008, 78.50666880223137, 86.33730442932617, 86.39331991075488, 84.38733130429995, 80.46681423876824, 75.43069343094761, 68.09232662603272, 57.18931529537407, 64.75139819158129, 70.60639843806318, 76.3879684797017, 84.70348149379373, 77.58148413406799, 73.3660173489437, 67.1088465727204, 48.4705263042041, 47.37220682609465, 53.32605455677854, 62.69962822569716, 76.51580780235284, 90.10144811409798, 93.88955305160518, 106.16468513569401, 119.2160855833522, 125.17970081150894, 124.56112291641189, 119.08330816552647, 118.103145547173, 114.37110006533567, 112.55573763598267], [11.389661394946646, 10.579765835469656, 12.222543797352092, 19.995931368931682, 9.816440231095996, 0.0, 7.320747113581923, 51.239008855533896, 57.8338074823188, 66.43991087027692, 74.4775155541745, 81.43734632455794, 74.07436599579582, 65.85666713272026, 57.47036567503531, 29.838463685669943, 28.046026589772428, 27.85692896244173, 29.074597944702084, 31.426660912041086, 27.910152970034005, 22.553239173478232, 22.019076355782296, 20.40363326809394, 23.82895103432499, 60.27305090883147, 67.27770989208862, 72.72889431901784, 80.9159313450008, 87.05937329359595, 85.06142589830878, 79.71803590867995, 73.19982549171114, 65.96314610849836, 59.80736517229872, 29.697751477698947, 28.090943615817697, 36.938645311594776, 35.90462361754089, 44.99274883801532, 52.998587207142165, 58.8625220785786, 61.794927408352386, 60.11798976627083, 48.467217901749194, 43.36265042308548, 43.06977399641597, 54.16881184233477, 54.28796420222841, 57.99462352082953, 62.879314917197775, 66.03264031317362, 71.34049709503776, 79.31419137632932, 80.14436968606712, 78.68126777654501, 75.4575302797559, 71.12356371906225, 64.57251751053458, 54.59782600859128, 59.93988146418767, 64.72778407084401, 69.8554903785248, 77.78323603313297, 71.2501819943381, 67.8800001626905, 62.59323738072158, 55.204602840988485, 55.385575850448326, 60.51686538563696, 68.44041097799726, 80.99331238610007, 92.7881960604926, 94.55638435894316, 103.0594397305602, 114.7293877933905, 120.151468085339, 119.01132624193168, 113.12181260578537, 111.57048992718883, 107.56670055778771, 105.36116278969622], [9.531449084182112, 13.423367430954613, 18.193019855431924, 25.891384235482704, 16.67691775487947, 7.320747113581923, 0.0, 43.92779513312769, 50.56862871202305, 59.19872556092788, 67.20113689016696, 74.13383106551878, 66.75566544336148, 58.54540329461459, 50.15393764854063, 27.361779534026837, 27.996402141071023, 29.76561871810796, 32.73778489061587, 36.08120318838652, 33.040112868382344, 26.738394527440523, 24.35236705070661, 20.404221409778565, 20.710503658130044, 53.714271144936994, 60.6114642799057, 65.93647995748702, 73.96471958090588, 79.98156080725575, 77.89801320921468, 72.64870524084209, 66.227413799108, 59.02806850026607, 52.921530988096, 23.639728021883712, 21.907198633074582, 32.357060364396034, 32.968215461042604, 41.962340128640264, 49.328643924163664, 54.348270658306994, 56.496857196480484, 53.97795701070071, 42.341331174741846, 36.64526203047795, 36.32780439213442, 53.682727161312194, 52.56606351325114, 54.96555667063768, 59.3376027012344, 61.70155860130832, 66.4694109049469, 73.9765452765506, 75.85304442305011, 75.00800189816364, 72.4613385642438, 68.82528397631316, 62.90885833531736, 53.66892871989351, 57.454318305884826, 61.31181523450964, 65.67825395805221, 72.64227827865348, 67.16602534837745, 64.64302149226329, 60.22760407062691, 59.315629633214826, 59.514522182473975, 64.10246182942079, 71.19188872442123, 83.21369152162126, 93.87183545860353, 94.53933434467223, 100.86604236402191, 110.52695170205297, 115.13901533094365, 113.32641831260904, 106.97760773293162, 104.96219390964596, 100.77555870134051, 98.66090222029986], [45.46987620502287, 52.86041900424409, 60.40668658971427, 67.59925151327795, 60.23722587279442, 51.239008855533896, 43.92779513312769, 0.0, 7.599794423133497, 16.125017415906935, 23.51996465468154, 30.776881022558705, 22.974037718330685, 14.877718323428832, 6.631636513115296, 44.96304077106019, 53.71511412069862, 60.58845574785314, 67.64443800694654, 73.2374868706556, 71.82996145023658, 64.15875345653829, 58.22698035607327, 50.70870988837007, 41.8501491967263, 23.128070684528122, 26.24722343993766, 28.834288983292236, 34.097321983668465, 38.524988194303006, 35.41647539770686, 31.327054277814554, 26.640295606585692, 21.097711565590924, 17.570827260287093, 28.40173985594916, 29.333174639937255, 37.4378461155125, 47.12056764894729, 50.596654273441345, 50.49749364391978, 47.5021307428216, 42.61521036071504, 32.614905236012525, 26.663194035071438, 18.689483952942577, 17.163273075805677, 71.03998401347609, 64.07940161510055, 58.20156135243815, 57.89024060251844, 53.92083299033693, 53.1637245761179, 55.0837529980924, 65.07282051055125, 68.87762631856583, 71.42385780160684, 72.89008540189205, 71.98873182322434, 68.92838679462827, 63.296632191144816, 60.20355280990372, 58.026650564511804, 55.74588650730841, 59.85013447265422, 63.84719113426209, 66.00876302080503, 92.35112367700611, 93.38256898708863, 96.15135821818083, 99.54867720688755, 108.3235073480714, 112.78748289295575, 107.79638163708897, 100.82153312092743, 96.07762555584641, 94.10494693325887, 86.7857641844942, 76.60345552834974, 69.8694734120171, 63.23965625389553, 61.000107459641235], [51.256835220824335, 58.62449746188432, 66.51440317772017, 74.10471497747862, 66.82894804123261, 57.8338074823188, 50.56862871202305, 7.599794423133497, 0.0, 8.769698770063941, 16.65844859583827, 25.473314094517992, 17.760857128857772, 10.48173949291476, 6.292451221975979, 48.4829094370124, 57.6151306699053, 64.82320545794443, 72.30494943813513, 78.30502932165241, 77.19986981138942, 69.26678388725935, 63.00871680184203, 55.44151591621623, 46.261630702652795, 19.151093641547526, 20.38922768891843, 21.891612382123228, 26.58274573740745, 31.234340562354205, 28.06370027362484, 23.73435954134731, 19.35727659816086, 14.687450388742423, 12.872173876623757, 33.209700401537866, 35.644447505443445, 43.36384296518828, 54.24279479315664, 57.42245313452351, 56.492339399166084, 52.72577710323484, 47.41357188152009, 36.88723150379787, 31.150611551569227, 23.637437742553676, 20.193976027849967, 78.27509227613055, 70.95216852689914, 64.37796691789552, 63.615609824862084, 59.01321581272672, 57.606524722926274, 58.65176545690522, 69.5761373902855, 73.90908841716171, 77.0310333100182, 79.00725716627659, 78.60965379691353, 76.06035584770561, 69.7428920687468, 65.99500840964843, 63.10540593336058, 59.639300053653265, 64.94999897380683, 69.63070541347018, 72.42489818560729, 96.89052464703937, 99.1711949815658, 102.82032523538285, 106.49786106365802, 115.44172223154116, 119.68800095203567, 114.43815448059605, 106.20021778084566, 99.41671307563597, 96.10372332198875, 87.46311335117433, 76.19408107247119, 67.6959899287677, 59.07345119278415, 54.80632166045991], [59.581345815237924, 66.91177556675453, 74.98950655636482, 82.7620864074578, 75.47777425835267, 66.43991087027692, 59.19872556092788, 16.125017415906935, 8.769698770063941, 0.0, 8.435218051864751, 19.370391764607447, 11.958489363500766, 8.394344914784357, 11.996250156739062, 55.2952417343195, 64.68039804628431, 72.16571030471623, 79.9708122667403, 86.249234977735, 85.31893003897864, 77.17754975976574, 70.67738408787689, 63.08762757770232, 53.7194274960739, 19.678228700980103, 17.662376280130403, 16.76490428684429, 19.410095489157516, 23.665693030697113, 19.876386469954486, 15.633454791956416, 12.75684934558173, 11.349616939493465, 13.65910078116587, 40.80061175217848, 43.537790352250354, 50.095667054968125, 61.65808158952474, 64.17641065958831, 62.1745718849805, 57.41996403811801, 51.526980644248965, 40.68357932925766, 36.36998869432152, 30.23824110877202, 26.92978140934691, 85.45729416583579, 77.56998010908386, 70.072792313529, 68.67449270931749, 63.29184588804575, 61.0452168608141, 61.02403558731664, 72.90738395459834, 77.86942737880548, 81.72779867533649, 84.40378413452311, 84.75003007303219, 83.05696037610798, 75.6998198742134, 71.07307674202856, 67.26513633104916, 62.372586857398915, 69.10355412127673, 74.64063471721288, 78.30316541120818, 104.43444250150338, 107.31600565671606, 111.11888269720298, 114.57347654302635, 123.17219799894089, 126.70443195397807, 120.75257484245051, 110.44708452741291, 101.3528503355607, 96.68976477174444, 86.8647714404388, 74.76892467971184, 64.71340678008825, 54.713370333045376, 49.05974668015246], [67.81763171154678, 75.16514148409804, 83.09731637225133, 90.52864571890643, 83.4448540600562, 74.4775155541745, 67.20113689016696, 23.51996465468154, 16.65844859583827, 8.435218051864751, 0.0, 12.33288686136304, 7.383460242997046, 11.077539135995005, 18.18789986754746, 63.63449929961761, 73.01386866483915, 80.44679000139774, 88.14846506740697, 94.26706247205765, 93.3749139097027, 85.46645924623043, 79.04194950969155, 71.47744721102472, 62.13351839308836, 26.34893469397053, 22.398357547767734, 19.055792949192984, 17.029948277437136, 18.192502145889968, 13.520188845323759, 12.405897370254438, 14.159390930467099, 16.85346899038248, 21.021125311742495, 49.19724576196267, 51.4251043656671, 57.01525034061467, 67.92950534045387, 69.62011997514624, 66.96037281179346, 61.35062881613411, 54.53467261922313, 43.61508003273297, 42.370670893847766, 37.579219929048726, 35.255746289098305, 90.56174371040733, 82.44066351190422, 74.40331960657929, 72.36193404024802, 66.28898240690249, 62.99419753100689, 61.3982353372662, 74.32483678372998, 79.93075291515775, 84.48871995217813, 87.86944581085662, 88.89358520706634, 88.02411092676117, 79.91462016846667, 74.56106944737415, 69.84729860416353, 63.15906501765505, 71.570954075363, 77.88919785355192, 82.33083494756293, 111.78358996538385, 114.10091738103306, 117.27521263809936, 120.08718035372885, 128.08078096587792, 130.65678619203052, 124.0254002795539, 112.02894673555569, 100.11104478345624, 93.97777177940057, 83.01585759406218, 70.26933762129595, 59.10590882794166, 48.782246073976474, 43.99539665452522], [75.64024051593965, 83.01107884956338, 90.2326252873924, 96.4254859268144, 90.02595576301572, 81.43734632455794, 74.13383106551878, 30.776881022558705, 25.473314094517992, 19.370391764607447, 12.33288686136304, 0.0, 10.022021262826028, 17.636425453708075, 24.870165568015786, 73.67066645518025, 82.68797061814394, 89.55689844251197, 96.47484498952814, 101.71928015895948, 100.70558261188434, 93.80356239568094, 87.96548761939992, 80.53961996790139, 71.548208167981, 38.4427459410227, 34.49027610597, 30.36344869280474, 24.80277758151133, 20.305249611965717, 16.709754631567694, 21.448930359218497, 25.85782999695135, 29.095186862896362, 32.856447631939126, 58.58805788736644, 59.457824372274814, 64.38031957043232, 72.55815697443511, 73.11623229321732, 70.51710159366577, 64.28017716680867, 55.88623265904328, 45.256412477087764, 49.61627495420634, 46.047707108541964, 45.366430033426326, 92.149568560102, 84.48687882624219, 76.64906945122283, 73.94425308076556, 67.33271544772711, 62.538559948169116, 58.18487316914488, 72.49659305289865, 78.8168420196283, 84.02053769686387, 88.12519812946111, 89.6979235212302, 89.58821925270178, 81.31692005174538, 75.52234589905018, 69.89697067686205, 60.518892286976666, 71.2892707776712, 78.26894974016392, 83.32533524664815, 117.86382757213174, 117.759653393068, 119.08431061720898, 120.56754386867387, 127.55256654236487, 128.76303948861624, 121.61338091009776, 108.83903531856865, 92.70313877219273, 84.55221782458092, 72.16656371132527, 58.70012241257979, 47.00261733138231, 38.581514803442154, 40.35709057909242], [68.40475754360398, 75.79613115010314, 83.3388800736287, 90.14328187910442, 83.03394097830699, 74.07436599579582, 66.75566544336148, 22.974037718330685, 17.760857128857772, 11.958489363500766, 7.383460242997046, 10.022021262826028, 0.0, 8.409171273825441, 16.615916535362985, 66.04922740359554, 75.30690287075862, 82.5768243770721, 89.94827012210524, 95.64389780493535, 94.4449353963024, 86.82275143071205, 80.6535818076933, 73.06112391546259, 63.85588603602297, 31.09019839148258, 28.330933839851056, 25.959558925921545, 24.3048310327791, 23.988086908077786, 19.26856338686382, 19.568823545365674, 20.869707863337332, 22.141837822832006, 25.15252694450132, 50.19766212792092, 50.63256734291847, 54.97742699476995, 64.42007275368665, 65.28955025623856, 62.35337152145466, 56.30654940310096, 48.77272523516439, 37.9117885058672, 39.94285396939916, 36.56339285093169, 36.661291420578365, 85.75194503096039, 77.48359858399469, 69.2370467774601, 66.82300011466047, 60.44937860014081, 56.595248962759065, 54.31630665444761, 67.58060130624186, 73.41801816816805, 78.2462507556948, 81.96626470056883, 83.3676520872345, 83.10163564381706, 74.51737824827318, 68.81112838213721, 63.672336960339905, 56.19841763373846, 65.29950629595061, 71.94441752322412, 76.78122166869483, 113.42428121357098, 113.87436715913807, 115.29976918414982, 116.98664640787749, 123.91440083668898, 125.52004957024138, 118.16511396400095, 105.16604822300602, 92.8649273190454, 87.05197440212366, 76.76849225182777, 64.8774730560163, 55.2908191276366, 48.27666760763188, 47.97884858100505], [60.2666576251693, 67.6517244292298, 75.25691925246495, 82.28469737492168, 74.92101054844049, 65.85666713272026, 58.54540329461459, 14.877718323428832, 10.48173949291476, 8.394344914784357, 11.077539135995005, 17.636425453708075, 8.409171273825441, 0.0, 8.443182096126673, 58.29259864052467, 67.50108533834232, 74.78407459307537, 82.18768343650041, 87.95821646900491, 86.64387444217878, 78.82933662950465, 72.63888073742488, 65.02100069610196, 55.843084966822715, 26.061009006223625, 25.247404489666753, 24.904592048942014, 26.62849915773529, 28.857812957191577, 24.523870521696324, 22.197351982552178, 20.377573227443428, 18.64477687575051, 19.692039871676933, 41.96787716229823, 42.25246578566323, 47.16052172613535, 57.04641410497276, 58.59891488970097, 56.2333956184443, 50.947309914707034, 44.23548589109913, 33.283604890909444, 32.719296563228085, 28.43480154475702, 28.69086658937318, 79.53969074657749, 71.39393784179921, 63.58062524579598, 61.76744784222537, 56.03649726656571, 53.24468848749773, 52.70029797610182, 64.86451271446256, 70.04834872019077, 74.18441615829487, 77.22335362180756, 77.99059316374108, 76.98714758815527, 69.01176753219231, 63.965515589186595, 59.70655042183409, 54.12604841837425, 61.46399898336338, 67.35846932111903, 71.47051416846499, 106.50494072750945, 107.15492282250729, 108.85504599394163, 110.97331410797976, 118.31277689145807, 120.72772357774406, 113.90660209759535, 102.42653666885474, 93.1989560368651, 89.07929068208837, 80.17206054374844, 69.14239986060089, 60.910442257630876, 54.36779217454528, 53.239430831772985], [52.0072125083222, 59.39233797072051, 66.87516678152228, 73.8522739556245, 66.49211483473535, 57.47036567503531, 50.15393764854063, 6.631636513115296, 6.292451221975979, 11.996250156739062, 18.18789986754746, 24.870165568015786, 16.615916535362985, 8.443182096126673, 0.0, 51.160094862068824, 60.09659692079159, 67.12236153583062, 74.26674340054521, 79.85149747769651, 78.43107182778597, 70.76284195889934, 64.76858809958678, 57.20947471675289, 48.240304753395684, 24.407555905301148, 25.89111612138814, 27.30639383212049, 31.1551810849876, 34.605455308031736, 30.95493671708918, 27.620744507129764, 23.996962992825257, 19.776971956168136, 18.108765401002575, 34.44560731794757, 34.614056220141926, 40.89281628659403, 50.418317609037864, 52.853512100825974, 51.673074417707234, 47.538481887632635, 41.634427201936546, 30.99470499174014, 28.063400766537203, 22.10118214258907, 22.18164671253782, 73.55218163169482, 65.99544912266992, 59.17445580245801, 58.12763146633967, 53.29949021436858, 51.56727162846572, 52.377321521753416, 63.40574085580012, 67.85758366167346, 71.14550755072831, 73.36208914867706, 73.2559252765893, 71.2102136954543, 64.4089243288839, 60.36843132020531, 57.19627977074899, 53.37526266919005, 58.990148325462386, 63.8948075297364, 66.99783446324125, 98.72336821184217, 99.22276981019579, 101.17015867807402, 103.7769741007503, 111.72246978893669, 115.10825793938301, 109.1744402125516, 100.0688459881893, 93.3763693974255, 90.58408202258579, 82.72859644357217, 72.32953738050513, 65.24647497072306, 59.10383459724224, 57.8913140603517], [19.612605432714393, 22.605444216176668, 31.936645118440826, 44.16430726839295, 36.401732087795764, 29.838463685669943, 27.361779534026837, 44.96304077106019, 48.4829094370124, 55.2952417343195, 63.63449929961761, 73.67066645518025, 66.04922740359554, 58.29259864052467, 51.160094862068824, 0.0, 9.98075043655626, 19.068782602624033, 29.335974040367617, 38.67696595546651, 38.246511550260294, 26.587274149288135, 18.375504196811878, 11.96459650551384, 6.824602833300264, 41.59266324310043, 48.58548925843541, 54.69398433121, 64.44501389767959, 72.74369374880423, 71.396626964308, 64.34659726802873, 56.98914196637321, 50.068756415362806, 44.142647394459495, 19.133818947963785, 29.39361783124182, 41.638454992479765, 53.229892013153616, 61.9222636679126, 65.69357374828711, 68.59317315343885, 70.59727804363472, 65.36425659405134, 47.04491080774534, 38.41798719599707, 30.589024783098676, 78.91783665875462, 75.1965344611701, 74.0312658654164, 77.41409748954759, 77.97523289929067, 82.1634620988387, 89.62495897667695, 93.67890253782203, 94.02093276711744, 92.88624402618144, 90.4358002711384, 85.95707440791384, 78.3007556931554, 78.77675481762485, 80.38876680861344, 83.13452492698723, 88.77804415564303, 85.11284777234714, 84.48190838943925, 81.97669141190133, 62.25192759358452, 74.27648201876963, 86.31348882401016, 96.3167221662517, 109.99316635453681, 121.17730626216995, 121.42194666512601, 123.96884679673171, 130.73235821874684, 132.8751591904059, 128.03009092759953, 118.72922897366614, 112.27896482912816, 102.15262718978198, 92.02104285838375], [19.04797931455581, 18.599494910553595, 26.44675257817508, 38.74250241916232, 32.17636023145387, 28.046026589772428, 27.996402141071023, 53.71511412069862, 57.6151306699053, 64.68039804628431, 73.01386866483915, 82.68797061814394, 75.30690287075862, 67.50108533834232, 60.09659692079159, 9.98075043655626, 0.0, 9.432377530603885, 20.14401290779851, 30.070037439437442, 29.939540213208524, 17.946468050845134, 9.944370915125655, 7.710453381419799, 12.5076105007066, 51.38333478023704, 58.2444386592369, 64.1751437603105, 73.65210991666079, 81.7538556742232, 80.64657618092485, 73.8172542862297, 66.61527669536959, 59.78410950231422, 53.876249716055824, 27.603513805243235, 36.07496913253336, 47.691331066542695, 56.905917011758454, 66.01411103838635, 70.90280422059114, 74.8022370023381, 77.38004786535348, 72.92884641616719, 55.2189701643035, 47.128052521940276, 40.122629939852956, 80.5397598715091, 78.20132376982794, 78.55701484278339, 82.53343113803393, 83.94038210775491, 88.63375501911334, 96.41209018436221, 99.5844475674246, 99.3282610249395, 97.46430493310474, 94.2658899375642, 88.99629579135583, 80.38174593383431, 82.62882904659054, 85.3119849134597, 88.89092067806303, 95.38172920708607, 90.75494095653194, 89.2171109974026, 85.71791488327133, 54.19905091338447, 68.03884236264037, 81.86247054786853, 93.19368205547, 107.8790858119872, 120.5107118150921, 122.2571809351542, 127.69795719032373, 136.15459473912654, 138.9564277812613, 134.6272168474539, 125.65208278910309, 119.6964428423252, 109.7181270546078, 99.76078531445228], [20.822503105852064, 17.37060071838087, 22.16511146282362, 33.42673992608332, 29.028806943120365, 27.85692896244173, 29.76561871810796, 60.58845574785314, 64.82320545794443, 72.16571030471623, 80.44679000139774, 89.55689844251197, 82.5768243770721, 74.78407459307537, 67.12236153583062, 19.068782602624033, 9.432377530603885, 0.0, 10.86908188638589, 21.118914335190485, 21.48545422297167, 10.475065365608277, 6.482061761759602, 11.624323521749599, 20.04831480322436, 59.8098374476011, 66.49825461986487, 72.12404213325276, 81.11396845045417, 88.81096449645737, 87.96856746938802, 81.54318062335442, 74.61984339404393, 67.90026924136342, 62.01224258823832, 35.32611220010576, 42.62174758828542, 54.12360398514302, 60.73847367904858, 70.01070176455612, 76.00205323668193, 80.59107232762541, 83.23844333670489, 79.26815549659617, 62.75067263900161, 54.81530182784199, 48.23797995529823, 81.86529703699954, 81.02079401445599, 82.84972351613189, 87.23288968008463, 89.24986886238172, 94.11621118300526, 101.75752792263226, 104.45008118962274, 103.7973843193573, 101.37471350661818, 97.61151328191849, 91.64011057237876, 82.15710615889492, 86.11799148900649, 89.71080338798566, 93.86836240944268, 100.6463177111218, 95.58190890495419, 93.35656213258233, 89.03521669500249, 45.33331551088063, 60.51416864539847, 76.11894530088631, 88.75083358106863, 104.54918925174928, 118.54702536720004, 121.89301558161364, 130.37369694969252, 139.63076079974562, 142.73458334098308, 138.6861938696749, 129.92797098115435, 124.43068507901054, 114.67463006240673, 105.30244569923435], [25.072500274520063, 19.55947561700292, 19.27495426992212, 27.49370513031936, 26.5967854581721, 29.074597944702084, 32.73778489061587, 67.64443800694654, 72.30494943813513, 79.9708122667403, 88.14846506740697, 96.47484498952814, 89.94827012210524, 82.18768343650041, 74.26674340054521, 29.335974040367617, 20.14401290779851, 10.86908188638589, 0.0, 10.453125642748784, 11.635200287749976, 7.504023596883607, 13.125432526668211, 19.95536889571267, 29.0392707257646, 69.03305530571949, 75.5663019899696, 80.85264009440465, 89.24378804461811, 96.36280574076972, 95.72797871289904, 89.83622215269156, 83.25448142254211, 76.62690307386042, 70.75120323708815, 43.72746483926975, 49.63758163103446, 60.9120502983406, 64.47242631274085, 73.71063410448097, 80.88271794763669, 86.13330773546882, 88.72011338012227, 85.31227044103517, 70.45503928282848, 62.76308111353743, 56.85434753135772, 82.31600922754816, 83.22156502338879, 86.70008791167339, 91.4544167318241, 94.09741968164285, 99.05055537947125, 106.39741046789769, 108.57093789033789, 107.50648015355318, 104.49735307903524, 100.16532573644847, 93.46534180839865, 83.1141297266667, 88.97376714864548, 93.53237487876129, 98.25946714191477, 105.21126238719467, 99.77467295400774, 96.82673384204733, 91.64709990659274, 35.2175424150735, 50.94838529134113, 68.28819069377585, 82.25689710550151, 99.2128406866725, 114.64249176089166, 119.80817083474271, 131.7792681918297, 141.7643009322484, 145.22281185429546, 141.60297566822072, 133.25444412303932, 128.50972577338436, 119.40683271973899, 111.27111578663951], [30.215860407443326, 24.20507339669517, 19.615425138255276, 22.63266537841942, 25.95122701903775, 31.426660912041086, 36.08120318838652, 73.2374868706556, 78.30502932165241, 86.249234977735, 94.26706247205765, 101.71928015895948, 95.64389780493535, 87.95821646900491, 79.85149747769651, 38.67696595546651, 30.070037439437442, 21.118914335190485, 10.453125642748784, 0.0, 4.412983588089696, 14.231639829199239, 22.06368554323933, 28.44878364446918, 37.32993279533931, 76.94197901790946, 83.33024907058316, 88.28354338164306, 96.05622455681032, 102.52694625538413, 102.01587845842361, 96.69848649908897, 90.47741864030394, 83.93620336325607, 78.09004403469729, 51.025563331243305, 55.59613123504741, 66.58535314965397, 67.23246721770145, 76.22612220837325, 84.41510048731098, 90.14487982748423, 92.518729093454, 89.63525090297887, 76.65450933161019, 69.25314634723321, 64.10534345939098, 81.6367717042744, 84.20336287673068, 89.16916009521813, 94.16640346738504, 97.3082026029908, 102.21401288425594, 109.11933485360746, 110.8649874667054, 109.47281160452832, 105.9840541787985, 101.21399770627559, 93.91947864195168, 82.89271651879942, 90.44318328138321, 95.81383923831946, 100.9639010281898, 107.8887355087332, 102.26688558050719, 98.72474084630429, 92.84150682070315, 26.62496506596485, 40.9983485201518, 59.627430542182324, 74.70588306529243, 92.6634467318487, 109.28871300252564, 116.13436722679404, 131.3515309968589, 141.7464936846325, 145.50621842906116, 142.36117284275974, 134.5340155115287, 130.68863794997435, 122.54855585214055, 116.06058368232988], [27.973048789417575, 21.584310382145848, 15.829273767905585, 18.585183677454523, 21.828505538500202, 27.910152970034005, 33.040112868382344, 71.82996145023658, 77.19986981138942, 85.31893003897864, 93.3749139097027, 100.70558261188434, 94.4449353963024, 86.64387444217878, 78.43107182778597, 38.246511550260294, 29.939540213208524, 21.48545422297167, 11.635200287749976, 4.412983588089696, 0.0, 12.86797444157895, 21.10063431327336, 27.298671254318847, 36.24575543335449, 76.45292287082445, 82.99360693679922, 88.05660825395462, 95.91932728392928, 102.33563065055758, 101.60853463204039, 96.29356523489773, 90.00332982641126, 83.31229951670245, 77.37107990362959, 49.43747009578174, 53.12218703069415, 63.61027781328622, 63.508359914819, 72.45704029289276, 80.81585249961542, 86.76484799823108, 89.3488143473733, 86.84874417539284, 74.19807977454037, 67.21562628797777, 62.81056963340104, 77.44972901218138, 80.14300605293528, 85.35273029924967, 90.4519796049492, 93.80420840091813, 98.87057371566071, 105.9846714550231, 107.32382566488556, 105.75133323171374, 102.10367768559335, 97.20150456176681, 89.8238434470511, 78.7436291016343, 86.49411615114012, 92.05264853954766, 97.39520072907956, 104.66296510222057, 98.66783341291065, 94.91202953593758, 88.86341301480357, 29.441181300324004, 40.47375293920951, 57.31435957018887, 71.7786586153358, 89.24609697296363, 105.62863023968316, 112.21661440800568, 127.35563612945543, 138.48261287094599, 142.7343320519313, 140.1193090629472, 132.75808009994876, 129.48281807628047, 122.1466514412507, 116.49921725223625], [19.780308214496788, 13.366464376486777, 13.59815736383533, 23.914097521805395, 20.673796887988548, 22.553239173478232, 26.738394527440523, 64.15875345653829, 69.26678388725935, 77.17754975976574, 85.46645924623043, 93.80356239568094, 86.82275143071205, 78.82933662950465, 70.76284195889934, 26.587274149288135, 17.946468050845134, 10.475065365608277, 7.504023596883607, 14.231639829199239, 12.86797444157895, 0.0, 8.490380538415815, 15.525943996769572, 25.130992807642983, 66.61629009478389, 73.47347571060357, 79.04771054019845, 87.75280468109227, 94.92780817951497, 93.8744678174174, 87.84391986855034, 81.04505696340902, 74.11903298237779, 68.05761273057855, 39.24308794017743, 43.87157875959089, 54.34008938789839, 57.565350606784726, 66.83335752229132, 73.98538663398928, 79.50060752406706, 82.55463486113415, 79.68048603116057, 64.78239125874777, 57.77298273919263, 53.05588520713687, 75.76857903084894, 76.34624168857702, 79.7737102828709, 84.64317295534705, 87.51553810917429, 92.78452444704185, 100.64809640155919, 102.22342164638918, 100.93438639150727, 97.7864368645957, 93.35303693829152, 86.69534392634188, 76.48155457133029, 82.13961043439487, 86.77883649600278, 91.72677478864463, 99.31163753845055, 93.25528714754445, 90.10554837350857, 84.85086661041315, 40.69604747414511, 52.59738042177171, 67.08942683597083, 79.75257649334048, 95.57361856236122, 110.23124426954239, 114.50605122955008, 125.42057513330661, 136.5521401888618, 140.77075988639447, 137.93456401267358, 130.25355228010358, 126.26185997287234, 118.31108805299266, 111.25109341382571], [16.08390592330759, 11.912184839188317, 17.550532781036054, 29.695943306970147, 23.80023954058335, 22.019076355782296, 24.35236705070661, 58.22698035607327, 63.00871680184203, 70.67738408787689, 79.04194950969155, 87.96548761939992, 80.6535818076933, 72.63888073742488, 64.76858809958678, 18.375504196811878, 9.944370915125655, 6.482061761759602, 13.125432526668211, 22.06368554323933, 21.10063431327336, 8.490380538415815, 0.0, 7.794859067439578, 17.488085499254545, 59.102571355015044, 66.07637327196859, 71.89315195226222, 81.02233581106343, 88.6080397578321, 87.40140122045449, 80.98697309188343, 73.94414534559158, 66.9492843936887, 60.875695339782155, 32.18160186474777, 37.98580251710323, 48.830191932226114, 54.69988100316117, 64.00212736629894, 70.17049924319343, 75.09074137423869, 78.11374935518603, 74.70669721366579, 58.464948172692104, 51.18273727830734, 45.92197349096894, 75.7235178431805, 74.82664627574125, 76.83991844285201, 81.37152247308546, 83.67592875856897, 88.81988970846297, 96.84896679537657, 98.95019625437544, 98.04850965818379, 95.42569505147061, 91.50528442779603, 85.4730886812071, 76.00169219671932, 80.03545581928957, 83.83141904475883, 88.25859934023111, 95.59513541392265, 89.9503277089986, 87.44957729578789, 82.94825799246284, 47.868129560517794, 59.96734867068459, 73.41771352297908, 85.07924897029486, 100.04064899837472, 113.52779834138539, 116.35930259347381, 124.44189519851511, 134.74124338164896, 138.56297039596186, 135.29211336425337, 127.22388805041093, 122.58515883491424, 114.0798935019951, 106.08376441920667], [11.638388263359062, 11.454121245776866, 20.27585107695216, 32.73182398693996, 25.273506326422496, 20.40363326809394, 20.404221409778565, 50.70870988837007, 55.44151591621623, 63.08762757770232, 71.47744721102472, 80.53961996790139, 73.06112391546259, 65.02100069610196, 57.20947471675289, 11.96459650551384, 7.710453381419799, 11.624323521749599, 19.95536889571267, 28.44878364446918, 27.298671254318847, 15.525943996769572, 7.794859067439578, 0.0, 9.754034449529795, 51.63998296426986, 58.70067995215734, 64.59085489666083, 73.82122745110561, 81.44775533709122, 80.05917552735701, 73.5731629705748, 66.46583944672729, 59.38646205612392, 53.26878342630528, 24.432633005972686, 31.01281772163521, 42.67942406085768, 50.11634779620132, 59.301737721112715, 64.83337758039737, 69.13431894832543, 71.7524534322166, 67.82577765604773, 51.24580660216772, 43.60426592808865, 38.13188944083507, 73.03200015100403, 71.07789156076511, 72.02706793403537, 76.18085088190746, 77.91813433486006, 82.73554367620014, 90.56554876488981, 93.2979687967161, 92.81905140995856, 90.70288870328555, 87.30604127989497, 81.80332924300384, 72.9532767404615, 75.71245081597141, 78.78128304547396, 82.6573688102627, 89.42980067081939, 84.43328633340057, 82.55418959792256, 78.73068396946044, 53.5954451097637, 64.04183440843683, 75.89027812717016, 86.41614985206121, 100.58775888891917, 112.91760623276, 114.54979938405691, 120.46978291063358, 129.51521416943677, 132.88607222038368, 129.27524369967114, 121.0047007166558, 116.10723862419248, 107.63937849466929, 99.7702102816288], [13.610944068730651, 17.94564167777539, 27.59590962357687, 39.490765614334954, 31.2092269647068, 23.82895103432499, 20.710503658130044, 41.8501491967263, 46.261630702652795, 53.7194274960739, 62.13351839308836, 71.548208167981, 63.85588603602297, 55.843084966822715, 48.240304753395684, 6.824602833300264, 12.5076105007066, 20.04831480322436, 29.0392707257646, 37.32993279533931, 36.24575543335449, 25.130992807642983, 17.488085499254545, 9.754034449529795, 0.0, 42.04042915233423, 49.191669844941416, 55.1967223283668, 64.62271771534074, 72.40642214351428, 70.81588570320443, 64.15044111228033, 56.92778245903968, 49.77375067988623, 43.63045170582064, 15.324329063656782, 24.192615480747858, 37.024020370699354, 47.14074095243791, 55.91643027860642, 60.27505743324989, 63.48809593019525, 65.42717816402656, 60.57209040252101, 43.30259024412736, 34.90577939313971, 28.530280368807222, 72.36013778226754, 68.93159716148323, 68.2390802565011, 71.75285142791775, 72.55823006869488, 76.80957453662397, 84.257572848003, 88.02192976943422, 88.21146892996268, 86.88920480091629, 84.30157309332121, 79.63428736997903, 71.78983042907919, 72.65247560407643, 74.56386191792036, 77.52970338390153, 83.33292290636884, 79.43186327683175, 78.54739215882597, 75.7952861003472, 61.39774340108286, 70.70200944451128, 81.0810129100461, 90.36000239091997, 103.59315194066157, 114.47615761752292, 114.61678080293892, 117.5809967048642, 124.68794095193574, 127.26494998425136, 122.99816359253725, 114.28075196318963, 108.76414711663024, 99.9961913223744, 91.84603970637528], [51.593388829028314, 58.31384973258717, 67.49753280624844, 77.43722459024778, 69.39364803097392, 60.27305090883147, 53.714271144936994, 23.128070684528122, 19.151093641547526, 19.678228700980103, 26.34893469397053, 38.4427459410227, 31.09019839148258, 26.061009006223625, 24.407555905301148, 41.59266324310043, 51.38333478023704, 59.8098374476011, 69.03305530571949, 76.94197901790946, 76.45292287082445, 66.61629009478389, 59.102571355015044, 51.63998296426986, 42.04042915233423, 0.0, 7.562116421793572, 14.446348656331296, 25.38059773940677, 34.643832342249134, 32.328529693339114, 24.055662885834057, 16.09535617307197, 9.716676436792367, 6.472033647382328, 31.281142554111064, 38.31596890595885, 46.55059707720494, 62.30523562151823, 66.9259637826275, 65.37845185080116, 62.40103535401403, 59.68966707413792, 50.09111734231188, 36.27565861097039, 27.85109604588094, 18.56516843470635, 89.6292271909485, 81.74593463043311, 74.75830848824525, 74.65265962248053, 70.66184305919994, 70.786858721635