{
	"dissimilarities": [[0.0, 7.305845423526146, 16.08322965326445, 25.32273086432198, 15.502207462745483, 8.309011661744734, 5.447205150513152, 45.0230009889303, 51.19967649852423, 59.62133710164388, 67.82372395088039, 75.3162196097567, 67.90729773172319, 59.7061321702996, 51.326700532633005, 22.616230930992792, 21.73367644642321, 23.585564740816764, 27.161992210035127, 31.06852353743698, 29.00162676597428, 21.692003825822496, 18.305000863766875, 14.28409686118468, 16.162142413781073, 52.58169424143974, 59.589106632189356, 65.19138631771631, 73.44940041737357, 80.01499802727449, 78.13679870576705, 72.36461969852868, 65.45023332393214, 58.50218439307142, 52.438585600487876, 23.321516185030745, 24.5316284285601, 35.59905921156992, 37.714570496745026, 47.179676041117084, 54.49499936535628, 58.980642532052784, 61.02491570621807, 57.792067223286715, 44.9789545186136, 38.900713859514795, 36.56631220985849, 62.048786793255466, 59.05046428883449, 62.01371976009661, 65.51585036046667, 68.29286613971875, 72.31693234767037, 82.2918210449329, 81.71577003658355, 81.07888053161597, 78.6460418807339, 75.13260593728666, 70.34058871716387, 62.28384389887022, 64.00504897823402, 68.57117940865301, 71.71942544524087, 78.92701070705608, 73.22748619874675, 69.3431006502351, 65.76036060623655, 55.652565651234745, 54.843818353204455, 64.14822490024801, 73.39263616314223, 86.99396485389428, 97.33830984652586, 99.58108743783619, 106.1560094998521, 115.11632604443292, 118.89349424745494, 115.16700955577204, 108.40271113842005, 105.04034254487814, 99.90777334932584, 98.08653151214246], [7.305845423526146, 0.0, 9.711675272239855, 19.835458083785134, 9.593003270986616, 5.492167152091421, 9.88822645261247, 52.30304123890329, 58.48953904928143, 66.8982598481755, 75.11626237435961, 82.60609037277109, 75.19253330756474, 66.97486551346006, 58.60122493136648, 25.73359987204404, 22.020600364389093, 21.429053460462995, 22.99669566643767, 25.95499533304312, 23.440532510476594, 16.697138733116823, 15.442043793533356, 14.67280719469877, 20.260163491822347, 59.315945471209766, 66.40587779580149, 72.10802314393479, 80.51120268419889, 87.17000297588082, 85.35408307242805, 79.52024938721212, 72.55260713507123, 65.55003195314028, 59.44441462685918, 29.592865634517604, 30.31733246905997, 39.84597278263811, 40.41107479754756, 49.97889198035367, 57.87547424287733, 63.1909977722408, 66.01114093638219, 63.62753549743843, 50.815986321180915, 45.351882236858835, 43.359681494525134, 62.85089220585007, 60.68054223204993, 64.76248900153766, 68.78340537062645, 72.26746993010106, 76.76718712547515, 87.27546468291055, 85.76646655329098, 84.53858967306758, 81.46986048952098, 77.30550526111021, 71.91647933976479, 63.45107794238945, 66.32126948020624, 71.69537743502438, 75.61123462712563, 83.74776586754813, 77.04211897024942, 72.43269535367969, 68.0130859763747, 51.57493877772462, 51.069121862896914, 60.921503736007814, 71.1368448494994, 85.1110785729649, 96.50320072288604, 99.7562094198855, 108.32003431500007, 119.26811313942675, 123.87833510510434, 120.89541882889885, 114.61001131518222, 111.70813632478558, 106.82044769096959, 104.9406684388505], [16.08322965326445, 9.711675272239855, 0.0, 10.389031135369553, 3.4936355906950323, 10.175441210522669, 16.881553763977596, 60.317251072675134, 66.61086353440173, 75.10329465686375, 83.12552981098268, 90.09792828501132, 83.11408382958176, 75.03013099920035, 66.55842662169498, 34.414697840081324, 28.76067334920666, 25.15480348364896, 22.46425426134271, 21.641651697759137, 18.03111418554042, 16.506964129980563, 19.816212809040206, 22.358667578492668, 29.486223664084015, 68.4690462970703, 75.41560203735412, 80.9213734318359, 88.92492487360767, 95.13239215560394, 93.43462446183968, 87.97953684019967, 81.24879562638043, 74.40202066436609, 68.39328711417285, 39.154751596270074, 39.07326222750603, 47.475751396897195, 44.541143847310295, 53.90545840034074, 62.94363727780283, 68.91285107678004, 71.84772041032146, 70.21295559223906, 59.13967243444672, 54.216175063016124, 52.641720856591846, 62.97669835289256, 62.53381286500911, 68.34001000641823, 72.88792717123759, 77.00059691903193, 81.63579949809825, 91.88182885826036, 89.71842311856238, 87.94274749287736, 84.13530422276575, 79.30700964534162, 73.13981035671388, 64.12835879570622, 68.96591360701201, 75.32117484007308, 79.95657682339943, 88.39230127687885, 81.15582296396484, 75.93071811223811, 70.40951860992027, 45.6650859349921, 42.76913354371148, 52.62752713711417, 63.97945159094406, 78.83744903159476, 91.80056309413085, 96.79853803310118, 109.06763011223082, 121.32283406395152, 126.59866435645371, 124.480747432997, 118.7865982741041, 116.72280672427397, 112.52807220612374, 111.64656891830788], [25.32273086432198, 19.835458083785134, 10.389031135369553, 0.0, 11.648918318177063, 19.26183923244935, 25.297511886284, 67.55021459989429, 73.86933675653758, 82.39745226556842, 90.11058268460324, 96.37651007668208, 90.0125075894881, 82.17647531737589, 73.66230853125005, 43.90677076479656, 37.47806091892463, 32.26559928888373, 26.580576003831442, 21.692927531700025, 17.537307150197403, 22.37039148504284, 28.007988195864748, 31.737381319216006, 39.14817717084573, 77.05614674894481, 83.74563528231785, 88.92776876477282, 96.31605578962295, 101.87716118435574, 100.34632265121085, 95.43264267659627, 89.07169765212313, 82.48838117461366, 76.65820941006312, 48.6431622343868, 48.18373744457043, 56.177101232296636, 50.30738574406093, 59.220237676607105, 69.19325413224671, 75.40148770783127, 77.96653323477538, 76.71400384688981, 67.69887057565533, 63.00968672398371, 61.56600913144274, 64.45719785997137, 65.82516984553915, 73.0824207411868, 77.92783637291369, 82.34965342909928, 86.80701285092547, 96.25357457009984, 93.8985117849675, 91.81447548267283, 87.47963845893386, 82.24178738481041, 75.48125763566554, 66.1072102891826, 72.7703507918734, 79.81526975020128, 84.83779901495372, 92.95895973602295, 85.77675392200298, 80.27507837920656, 73.91031622949872, 40.35266417508476, 33.11759640564793, 43.01894248686886, 55.81191677316025, 72.02457703096455, 86.74480787556394, 93.73558607804337, 110.02411661398435, 122.54093372019962, 128.05983881814714, 126.56052084360792, 121.29547427363181, 119.99538375657461, 116.42110027684173, 116.73394140898729], [15.502207462745483, 9.593003270986616, 3.4936355906950323, 11.648918318177063, 0.0, 8.253963597592122, 15.26553989775864, 59.12898493909508, 65.52060801513066, 73.98790936124557, 81.98821849230411, 88.9583267753234, 81.90041479703171, 73.78841769666622, 65.32400756508018, 35.19768925297035, 30.39709330302154, 27.63426455216793, 25.689726594334573, 25.120475477939227, 21.472982961858612, 19.500081536121073, 21.96367062522287, 23.56292260132575, 29.849348977180636, 68.06783278315962, 75.04591495024557, 80.56481854887055, 88.55251885902445, 94.70376556930626, 92.84087893001534, 87.39989236148858, 80.63902631855755, 73.7795272790456, 67.76259665795455, 38.392478623265625, 37.25214587649234, 45.00252001414379, 41.2575566736588, 50.574731739813316, 59.74433795679922, 65.84613272304749, 68.91612543082697, 67.6116591976231, 56.98460495947685, 52.5322199893704, 51.74719217200629, 59.534690735353465, 59.053891078031725, 64.95176223070159, 69.56037121137807, 73.78495713497048, 78.50461061343876, 88.90365999598838, 86.48478543838208, 84.60462130351978, 80.72441179410987, 75.84798623886452, 69.66937247268115, 60.66831731965205, 65.51998884669044, 71.95449856317312, 76.70583463605044, 85.35724618779948, 77.88570636106857, 72.55648715867699, 66.95771415162835, 48.85469991350522, 44.364819342765465, 52.44894743640954, 62.84107817090453, 76.98917924408417, 89.38622343174113, 93.93009079013899, 105.70801654092294, 118.40108253891637, 124.01812995577987, 122.26074420186913, 116.94756990778845, 115.26478041531973, 111.78734207978148, 111.6232254197181], [8.309011661744734, 5.492167152091421, 10.175441210522669, 19.26183923244935, 8.253963597592122, 0.0, 7.325200307133249, 51.33724087675522, 57.73013133419818, 66.14906066416037, 74.23594269704314, 81.47751902764085, 74.15769821016774, 65.9631901209732, 57.543591794564655, 29.6816463937331, 27.11850780739569, 26.904965817681852, 27.9703346096829, 29.809033013910295, 26.822492382506706, 21.65060743691368, 20.932724136736574, 19.591319620283777, 23.589916130405616, 60.326922502884585, 67.3513658442243, 72.93197986408795, 81.05337420001122, 87.37034444235874, 85.34570530684715, 79.742724847119, 72.870697142914, 65.95234201298906, 59.90501539302076, 30.469554458185126, 29.092716667299637, 37.65630132693662, 35.95657751497659, 45.48299271536363, 53.93320680399248, 59.456031842956804, 62.24645304170737, 60.36491132215983, 48.99053192533805, 44.29585828061879, 43.6698542328635, 57.55548186198289, 55.68134634738075, 60.20043114169377, 64.3581095771304, 68.02252088450587, 72.54257654400796, 82.9921173183307, 81.18532841137298, 79.79774267165422, 76.54703356266135, 72.27579954634743, 66.76096355462195, 58.20535514465834, 61.46231997792163, 67.08003710799697, 71.19471984073613, 79.44903594799328, 72.53337447878775, 67.76910582197763, 63.07711761243039, 54.36538364369697, 50.74948449771012, 58.241773413988405, 67.28833477385706, 80.54248584116424, 91.3907179562477, 94.33914685345157, 102.99527066623811, 114.34457075547785, 119.40822580713008, 117.02806098511694, 111.3593693048799, 109.20845254428681, 105.58003555991085, 105.23086494325989], [5.447205150513152, 9.88822645261247, 16.881553763977596, 25.297511886284, 15.26553989775864, 7.325200307133249, 0.0, 44.02712053674974, 50.437665634059975, 58.86109814333455, 66.92331573376109, 74.16487889023536, 66.83706543093558, 58.653860550815, 50.22636946721435, 27.171641076266223, 27.074181168260473, 28.874773087934493, 31.740459537925723, 34.639360674603815, 32.1069144083049, 25.9919440610564, 23.395285200046846, 19.59025631403094, 20.41341998843648, 53.77094871237131, 60.68798178382352, 66.15182368044081, 74.1043443471504, 80.3080580154941, 78.19758105561162, 72.66751436621747, 65.85787574887156, 59.010736500525745, 53.02533596831621, 24.57765657568463, 23.149554970898663, 33.1706698730713, 33.02773308162504, 42.47482981799744, 50.31933352366683, 54.98460657404882, 56.980528574796416, 54.24403015776993, 42.93504421913655, 37.727320635123895, 37.02118149588868, 56.79443700803226, 53.984766094008414, 57.28040346749049, 60.89128720708037, 63.81928550978284, 67.85897056080762, 77.79969880765599, 76.9435346957624, 76.17049909258101, 73.58973480482669, 70.00869427771808, 65.14006808384268, 57.03750673086531, 59.020202049495566, 63.77574374435804, 67.0889280118845, 74.41040805036587, 68.5138029754967, 64.50455897296067, 60.70975355404768, 58.51135972087548, 54.87346321017113, 61.91527213260634, 69.94684994742305, 82.75784317980812, 92.46331609630575, 94.30976914244982, 100.79126029138266, 110.1134268228974, 114.34738721548331, 111.22587109069737, 105.09522077215799, 102.50900611966439, 98.71434363638318, 98.50600755342444], [45.0230009889303, 52.30304123890329, 60.317251072675134, 67.55021459989429, 59.12898493909508, 51.33724087675522, 44.02712053674974, 0.0, 6.6346384069469835, 14.957860326904278, 22.90309229641557, 30.843609181239703, 22.893321096063914, 14.730806011887129, 6.32997887781855, 44.58414014150549, 53.20592589650061, 60.183532351924754, 67.22855002267809, 72.61479671758983, 71.57381908168762, 63.99014660552324, 57.925079498635824, 50.362885361552685, 41.516676105791, 22.681588284062936, 25.919471294109435, 28.86828432055445, 34.13091307776458, 39.08109791819368, 35.92523980148951, 31.143630226205342, 25.465536134659974, 20.56633459878979, 17.24204445276099, 28.665252008651187, 29.699636125691573, 37.56017473051705, 47.01051633840528, 50.72153586560954, 50.96856326739002, 47.745891111663106, 42.83780792910733, 32.655974410362845, 26.79226346516584, 19.680787464586018, 17.681235526515223, 72.04109283334579, 65.03642743165376, 60.155257543606595, 59.14084815228536, 56.05305924315529, 55.452861604344385, 59.37914213692946, 66.16586995096344, 69.96294098774194, 72.4417577678328, 73.88357671186884, 73.85137209976521, 70.17120242183921, 64.43349184235865, 62.43231690430376, 59.307069944107596, 57.87483929500626, 61.07940308235634, 63.268388014354564, 66.15537407292433, 92.14293613594715, 89.72702753331487, 95.06706229961709, 98.63035302018965, 108.38295094785403, 111.89052879592758, 107.86509604781018, 100.74466550334967, 95.77274444855736, 93.38336354293833, 84.28043742447876, 74.27583120248285, 67.22575965678543, 61.094253658097145, 61.0022800030615], [51.19967649852423, 58.48953904928143, 66.61086353440173, 73.86933675653758, 65.52060801513066, 57.73013133419818, 50.437665634059975, 6.6346384069469835, 0.0, 8.535253836810773, 16.650653751381476, 25.13873369736507, 16.91758372486204, 8.967675498021881, 3.2024430489026643, 49.02221137507484, 57.983628456515454, 65.20089908142704, 72.52581456335307, 78.16137022900273, 77.31191524198346, 69.59153191481718, 63.32013179557042, 55.70686609027582, 46.602810368513666, 20.491161866939343, 21.912764811400386, 23.74950570156015, 28.070942380407555, 32.83073152151768, 29.470527119689088, 24.763135099660122, 19.54025678580271, 15.767626935549625, 14.281170167388037, 33.74550726447521, 35.51180109533004, 42.64587651037707, 52.8666379126806, 55.995815618929846, 55.32279092260674, 51.25504098950309, 45.712782910789436, 34.990629290027314, 30.24246847821845, 23.81500792088145, 21.15147453344698, 77.46428801563877, 70.18302633719459, 64.53857759149027, 62.998398005031795, 59.22120871182967, 57.98152847119327, 60.78683474763798, 68.6122387287298, 72.97117779752335, 76.07894257266489, 78.09572449078725, 78.60613084328409, 75.44060342781106, 69.02388459548578, 66.27205391932256, 62.3870777727371, 59.67064160328318, 64.16479347086074, 67.1059457663848, 70.7189243316547, 97.1832285581691, 95.44905244069125, 101.08595346801914, 104.5234008886058, 114.14761399896858, 117.1874902818681, 112.67941042490881, 104.06078896835616, 97.03436950884907, 93.43892903370188, 83.18470725800707, 72.3283257680171, 64.05857250438423, 56.70644985433587, 55.6842424444858], [59.62133710164388, 66.8982598481755, 75.10329465686375, 82.39745226556842, 73.98790936124557, 66.14906066416037, 58.86109814333455, 14.957860326904278, 8.535253836810773, 0.0, 8.576312732362963, 18.248130760123654, 9.168902232747605, 3.2205036320030764, 9.248625259721685, 56.34672174870465, 65.62739659704985, 73.08817011551523, 80.65751363161014, 86.47754665337662, 85.71321913168796, 77.84244638525885, 71.3948001232412, 63.70923981233582, 54.3886196421486, 22.300722388607774, 21.019801754637125, 20.80611666549222, 22.910695416847826, 26.828752519193454, 22.77677934782047, 18.590183949782908, 14.904621343478604, 14.25605875832872, 16.120115689184523, 41.27672703273085, 42.85002987175258, 48.507696968271894, 59.194583401131254, 61.35969080710051, 59.42817013352673, 54.26158511747003, 47.960761723282644, 36.93603049235354, 34.36622528288251, 29.517919492514697, 27.70958135630405, 82.90255176589748, 75.20579314843687, 68.49641462509115, 66.23657448198941, 61.572266211245584, 59.508023038730514, 60.910534873618744, 69.9002379836513, 74.94628077774647, 78.88442052210033, 81.68922717891444, 82.99340941552153, 80.6394631223758, 73.22790516146709, 69.44029117143518, 64.57198799217527, 60.27339814349961, 66.33618433733884, 70.26214601099531, 74.8714273633248, 105.2369408443226, 103.65038003178945, 108.96332545149467, 111.81089122796084, 120.80441388876604, 122.85923820293165, 117.41131385190243, 106.35047380946862, 96.98115483636631, 92.14234715578677, 80.79255343185584, 69.34268158021737, 59.9924278533028, 52.2121916549366, 51.08313003214706], [67.82372395088039, 75.11626237435961, 83.12552981098268, 90.11058268460324, 81.98821849230411, 74.23594269704314, 66.92331573376109, 22.90309229641557, 16.650653751381476, 8.576312732362963, 0.0, 10.340585999942165, 2.1356365606654615, 8.642528260830046, 16.768427501100067, 64.72863473161165, 73.95853183697041, 81.32531947417088, 88.76501622017702, 94.41635286489162, 93.6679071143185, 86.07231181888321, 79.73415385761739, 72.11197498422867, 62.8546536506315, 28.801698843114295, 25.596349949530406, 23.15935719737165, 21.240166181777653, 22.209633175680096, 17.62242882578193, 16.297987309460055, 16.512952976969476, 19.42011289156276, 23.148394264235222, 49.850115837044044, 51.121279217155426, 55.99088980972859, 65.85848789474444, 67.23014835101138, 64.73523333433222, 58.74548859151693, 51.465302436112054, 40.42212427189602, 41.141853410239634, 37.45640757350048, 36.231873804457344, 87.99128372993967, 80.34910301549725, 73.1123351416808, 70.28988583895232, 64.8754099417126, 61.84493630800302, 61.166621530991605, 71.51657456427989, 77.22914670826994, 81.85871212882917, 85.37669503727764, 87.29664261715234, 85.59299818888299, 77.74380382852483, 73.19773703305891, 67.47551125885671, 61.20488907874253, 69.09883544636081, 73.94462290660532, 79.23700601497647, 112.33229522797366, 110.21434183855003, 114.94036028853877, 117.06445602058554, 125.52699189701107, 126.69033690481776, 120.58524338491978, 107.98942948429134, 95.5117070905273, 89.03671926477192, 76.37281274611793, 64.11537168247494, 53.65506010420073, 45.64781109466383, 45.887602774980365], [75.3162196097567, 82.60609037277109, 90.09792828501132, 96.37651007668208, 88.9583267753234, 81.47751902764085, 74.16487889023536, 30.843609181239703, 25.13873369736507, 18.248130760123654, 10.340585999942165, 0.0, 9.84346118671735, 17.63238936626327, 24.78461620485903, 73.54015103753478, 82.36151394269336, 89.2860044777986, 96.19666097195937, 101.29653848240409, 100.5038662131888, 93.65414185580161, 87.73152471398248, 80.33274127083286, 71.42457719285301, 38.21320715767577, 34.27861595534926, 30.567909557618396, 25.07761737418168, 21.357509669263827, 17.487857013861074, 20.938289704255336, 24.355743020355526, 28.640674370222325, 32.72885766435092, 58.87613549348626, 59.82059589200069, 64.60533907281092, 72.51054153742535, 73.32773861651653, 71.06824955896033, 64.6404110360899, 56.243531952096504, 45.41340750739782, 49.87243195532789, 46.750946237448325, 45.78302247864863, 92.37746041066347, 85.34460949816265, 78.24629660324177, 75.10139649223024, 69.17950457644129, 65.13470136102299, 61.76748934047608, 73.58402076238687, 79.86494795646661, 84.94012491540185, 89.01026060429622, 91.27469262778618, 89.98043072936873, 82.38945199286525, 77.4858127981423, 71.1569491460615, 62.65954694644752, 72.50370611939172, 78.09175730933877, 83.62998481885994, 117.64534223116536, 114.28803856234222, 118.15486088706936, 119.42654629380813, 127.49884497772385, 127.9419313896474, 121.60169469397698, 108.79854676852453, 92.37257476921377, 83.75243922156659, 69.42716738987015, 55.89259074741612, 44.096047127239885, 35.932837614467175, 40.20273715522472], [67.90729773172319, 75.19253330756474, 83.11408382958176, 90.0125075894881, 81.90041479703171, 74.15769821016774, 66.83706543093558, 22.893321096063914, 16.91758372486204, 9.168902232747605, 2.1356365606654615, 9.84346118671735, 0.0, 8.453406736946294, 16.627151125068238, 65.46237999214601, 74.64118879407938, 81.95042983837584, 89.28573157354609, 94.80774188387609, 93.96731223292458, 86.46622103252058, 80.2101527874209, 72.58926114318308, 63.38488857189382, 30.292575046228276, 27.40771512098603, 25.194673073663594, 23.345637487876658, 23.93736299372997, 19.35341213961768, 18.39888992673955, 18.54068914136511, 21.096251348412235, 24.48966180683892, 50.238842397532075, 51.0033600403319, 55.5259193559693, 64.91240544033458, 66.05755918704553, 63.514883161817735, 57.399549325893226, 49.89818945270971, 38.86896951115687, 40.60265926128117, 37.33183820899329, 36.77538811172946, 86.57839529565733, 78.96437046181931, 71.66914698304473, 68.76550449487466, 63.25125934432475, 60.07268937984365, 59.13697648228905, 69.61709919187386, 75.3975051179627, 80.09727043798512, 83.71234837619039, 85.72627501177651, 84.1514406698077, 76.24388322974261, 71.59513967624207, 65.764336937407, 59.2391331236141, 67.35347016565179, 72.32260899565581, 77.70009351580403, 112.78535457661874, 110.10052772268351, 114.3347479346433, 116.12367675896601, 124.29052943716991, 125.17305248085616, 118.87427519065285, 106.02342662578185, 93.39082862418935, 86.98176230851436, 74.46899295399979, 62.44535250541809, 52.372670073366365, 45.40674659374683, 47.00363510372989], [59.7061321702996, 66.97486551346006, 75.03013099920035, 82.17647531737589, 73.78841769666622, 65.9631901209732, 58.653860550815, 14.730806011887129, 8.967675498021881, 3.2205036320030764, 8.642528260830046, 17.63238936626327, 8.453406736946294, 0.0, 8.514187563599066, 57.56546055183975, 66.7365291462244, 74.08436913555595, 81.46644554105868, 87.06342615320787, 86.14885343815205, 78.44753825867299, 72.14644054248399, 64.47253912791311, 55.258281252175955, 25.01633029451988, 24.125289984605722, 24.00466289777205, 25.69573835708912, 28.85434155603763, 24.668168694731836, 21.20830306427879, 18.006605385764885, 17.344292589774312, 18.74728560640793, 41.927667633298405, 42.59442462601642, 47.6801765602299, 57.56884822565407, 59.38796078734424, 57.40343934289375, 52.04004663928781, 45.375375554381485, 34.28893596143297, 33.362286307724986, 29.229561315248, 28.696450642733048, 80.60353728990837, 72.94362070031391, 66.14869340096814, 63.77271460733973, 58.96273538469678, 56.69262995708869, 57.782550751317224, 66.93417752921277, 72.07040197411563, 76.09898092992769, 79.03820481761642, 80.47139724198891, 78.29531930547495, 70.79740677904502, 66.86569661073511, 61.844100855066955, 57.212573003784506, 63.561989605215146, 67.65998292583755, 72.38822388592118, 105.89354623668483, 103.38976115671797, 107.92469369187484, 110.25118729195515, 118.80148263959725, 120.43980828122724, 114.70860315818342, 103.30902163242818, 93.77487837696843, 89.07899070803603, 77.99691534372255, 66.91626853508596, 58.15534291442983, 51.76893844925017, 52.476400366304006], [51.326700532633005, 58.60122493136648, 66.55842662169498, 73.66230853125005, 65.32400756508018, 57.543591794564655, 50.22636946721435, 6.32997887781855, 3.2024430489026643, 9.248625259721685, 16.768427501100067, 24.78461620485903, 16.627151125068238, 8.514187563599066, 0.0, 50.42176413214561, 59.2459431525818, 66.33296113741305, 73.44990622134729, 78.84269975307296, 77.82849117310263, 70.2901493604899, 64.18269310650993, 56.59239730659694, 47.625278836722266, 23.421797903885306, 24.917332820061983, 26.617998287069955, 30.42924983049096, 34.5670656822854, 31.01395564712307, 26.826577004179534, 22.03067920019807, 18.634241410271496, 17.217089426267002, 34.54247752284914, 35.199511052944146, 41.67311396308615, 51.04082917396904, 53.82338837246699, 53.119086635119075, 48.87266121708572, 42.984045352766486, 32.187712416944855, 29.061183974957338, 23.438256626165717, 22.43192044096379, 75.01079401160888, 67.75366815164617, 62.02936852127111, 60.38830703253647, 56.48954053258518, 55.08190818794902, 57.666903899042794, 65.58855356617143, 70.01165384830604, 73.18572465639923, 75.31758213716827, 75.94236111257568, 72.93920348555177, 66.4357849040889, 63.56001736931544, 59.5506267146541, 56.58621281875933, 61.28648275668836, 64.36854872506045, 68.08278782617137, 97.94806864228846, 95.2333464822676, 100.03300668650486, 102.9207731039689, 112.0841207376874, 114.70065793658408, 109.90262439965912, 100.96463463718561, 93.87296674423588, 90.47767532328287, 80.54276687549712, 70.09040830191474, 62.43324596830637, 56.40110349649901, 57.04741066042441], [22.616230930992792, 25.73359987204404, 34.414697840081324, 43.90677076479656, 35.19768925297035, 29.6816463937331, 27.171641076266223, 44.58414014150549, 49.02221137507484, 56.34672174870465, 64.72863473161165, 73.54015103753478, 65.46237999214601, 57.56546055183975, 50.42176413214561, 0.0, 10.489550062287709, 19.596011890568146, 29.499609582588754, 38.228362696426366, 38.59793172683577, 27.447630762729684, 19.244721121852223, 12.508688060549797, 6.952867135088803, 41.39369190492351, 48.495574862310704, 54.692318695933906, 64.44404811327509, 72.83156738010503, 71.48999766730394, 64.42202859081165, 57.042783413874865, 49.91786680435753, 43.938781237422106, 18.350731560490335, 28.450253714150193, 40.55596875963154, 52.221152036947075, 60.86361707314844, 64.75314658306927, 67.60712787837396, 69.65315110948427, 64.50475586166819, 46.12479706317183, 37.76945519415715, 30.10496239969638, 80.35985769683498, 75.08791241083188, 75.01135166031568, 77.40247206324088, 78.90358179472769, 82.60925017908845, 92.83439096132737, 93.63086238744256, 93.9762740778133, 92.88059091083967, 90.41935231765451, 86.91336332582092, 79.95741345297233, 78.66240140257182, 81.34976065753732, 83.08932463971388, 89.54287195155686, 85.05045874465567, 82.3592342712305, 80.79794633863938, 62.54343106644797, 71.10725378432035, 84.86692055424598, 95.52069404821867, 109.6060077682681, 119.61115829836508, 120.75860410459127, 122.90991994442791, 129.70419189851293, 131.6397887187782, 125.45550220981347, 116.54502568336505, 110.08837859094433, 100.52966540489639, 92.3458462763789], [21.73367644642321, 22.020600364389093, 28.76067334920666, 37.47806091892463, 30.39709330302154, 27.11850780739569, 27.074181168260473, 53.20592589650061, 57.983628456515454, 65.62739659704985, 73.95853183697041, 82.36151394269336, 74.64118879407938, 66.7365291462244, 59.2459431525818, 10.489550062287709, 0.0, 9.22908540545725, 19.389645090800244, 28.554481728217638, 29.34701008067042, 18.10237689967074, 10.201550149715532, 7.6250911903353, 12.580123942284276, 51.32056743675579, 58.24378043526541, 64.2251787489606, 73.60306681937794, 81.62601166880997, 80.53621859103336, 73.79997337026285, 66.64895996664303, 59.65515060877358, 53.735539691317605, 27.245564384377285, 35.53254396946648, 47.14940003531916, 55.938567688476624, 65.12360115965559, 70.33474755552403, 74.1708685210213, 76.66630103920674, 72.22257997415035, 54.77574763110274, 46.90774317629968, 39.940087967518615, 82.23400710105837, 78.18193036855193, 79.69603385178672, 82.75193374139167, 85.03216346469661, 89.1188784787776, 99.55044735523174, 99.61473707359572, 99.3775217470891, 97.5131899707068, 94.29914059708753, 89.96284987300476, 82.29854835073755, 82.67302116160344, 86.43606495341835, 89.03009785872662, 96.17160109927515, 90.85098072105335, 87.37449542768672, 84.69017225197756, 53.31104555754859, 63.78811568718011, 79.30855085193592, 91.50832800308595, 106.67687099238493, 118.31588646421254, 121.0950904845987, 126.54447937115242, 134.84872133994105, 137.38100132174364, 131.79565080813688, 123.14608920795072, 117.1721543380069, 107.6339560346985, 99.61869517347026], [23.585564740816764, 21.429053460462995, 25.15480348364896, 32.26559928888373, 27.63426455216793, 26.904965817681852, 28.874773087934493, 60.183532351924754, 65.20089908142704, 73.08817011551523, 81.32531947417088, 89.2860044777986, 81.95042983837584, 74.08436913555595, 66.33296113741305, 19.596011890568146, 9.22908540545725, 0.0, 10.306150396152677, 19.788140544462557, 21.122359329236374, 10.72627423877093, 6.331408317114054, 11.619231211031178, 20.300885719313484, 59.659251744299425, 66.42081293345508, 72.17400154470285, 81.12376554863675, 88.71215755946042, 87.81789764131075, 81.45271583396398, 74.54172135297546, 67.68703455656525, 61.831471777907126, 35.1706876366066, 42.27832809234662, 53.59393266213658, 59.75720342903112, 69.21488750249375, 75.52197723072845, 79.99605973118392, 82.60606994575063, 78.61850086577672, 62.31215563984643, 54.719893353451496, 48.165321379231436, 84.01062326383129, 81.12978659677667, 83.97451810714425, 87.50682700045769, 90.31693818520294, 94.56712925342973, 104.88949236885689, 104.52303603677788, 103.88194502288655, 101.43317179270831, 97.67166930470633, 92.68109839673075, 84.47545043050528, 86.31122605879507, 90.89758117891482, 94.0859812225238, 101.5151897738918, 95.75844374384343, 91.75585340228345, 88.18407707072701, 44.69441276720616, 56.67779168569171, 73.7924557224392, 87.33200825317894, 103.49717470293405, 116.56237927690933, 120.83664644153728, 129.29960431939446, 138.4681501777723, 141.3574037460931, 136.2278871663649, 127.78552561681032, 122.26003037195925, 112.8415716822837, 105.27363417772223], [27.161992210035127, 22.99669566643767, 22.46425426134271, 26.580576003831442, 25.689726594334573, 27.9703346096829, 31.740459537925723, 67.22855002267809, 72.52581456335307, 80.65751363161014, 88.76501622017702, 96.19666097195937, 89.28573157354609, 81.46644554105868, 73.44990622134729, 29.499609582588754, 19.389645090800244, 10.306150396152677, 0.0, 9.69112978621631, 11.803194888148251, 6.890445806495616, 11.971324535176677, 19.49728780261083, 29.02726893176053, 68.62211193374665, 75.25589124427145, 80.77231031401809, 89.22015054540205, 96.25157298189754, 95.47407275412715, 89.55635954628663, 82.89705930387564, 76.17913808862966, 70.3738925885872, 43.50607434945003, 49.26055040765073, 60.15020367848438, 63.29983097576623, 72.8663167963398, 80.3259840321087, 85.401486253649, 88.0317338455395, 84.58084994114141, 69.80681815818775, 62.597070131404884, 56.693039839182475, 84.863499669698, 83.3535325591655, 87.63681972674422, 91.63762200945105, 94.97326225821968, 99.3280187212348, 109.39795017886433, 108.57784642459761, 107.5120914304635, 104.44560630012738, 100.13648707836018, 94.4770039815564, 85.76307627023661, 89.21411865920705, 94.64646401412888, 98.43245790627208, 106.06148003871516, 99.91521440750049, 95.4006935244947, 90.89350968234932, 35.331721000782416, 47.963172534874765, 66.50578632600315, 81.35583113381524, 98.48752135280652, 113.01926016529653, 118.92470701568486, 130.74871578100777, 140.77145611736802, 144.10280933636102, 139.61558348881186, 131.57558174424182, 126.75714351729735, 117.8863127626729, 111.3806047962447], [31.06852353743698, 25.95499533304312, 21.641651697759137, 21.692927531700025, 25.120475477939227, 29.809033013910295, 34.639360674603815, 72.61479671758983, 78.16137022900273, 86.47754665337662, 94.41635286489162, 101.29653848240409, 94.80774188387609, 87.06342615320787, 78.84269975307296, 38.228362696426366, 28.554481728217638, 19.788140544462557, 9.69112978621631, 0.0, 4.248316037922791, 12.255074285426836, 19.97966430405411, 27.227890238511726, 36.73359715961617, 76.10540832348039, 82.63057906278276, 87.91834876486487, 95.85282735020633, 102.29003191013283, 101.54507465768704, 96.08992740311953, 89.67546198503264, 83.09563773574729, 77.34521288971571, 50.46455775602012, 54.9179970316572, 65.3655464907392, 65.63994310588056, 75.12836614167843, 83.58987130864273, 89.09169120249368, 91.59889444140799, 88.64413360931262, 75.59734430482803, 68.80351687360766, 63.63720044667133, 84.36128500395472, 84.17310168299717, 89.72342876120443, 94.0817022569687, 97.81570193332183, 102.16546692600235, 111.82440845222307, 110.65683376009544, 109.24728951782255, 105.66413347065567, 100.93335915602545, 94.72977996460773, 85.6433320737285, 90.55726929140852, 96.68104193762413, 100.92933855192396, 108.57024759692304, 102.21130275399581, 97.32371480924274, 92.0245047026732, 27.76732916926455, 39.00310521648569, 58.47053700946337, 74.33578418081044, 92.25790930372666, 108.00402301642245, 115.36007744165578, 130.2575682052467, 140.84307757509887, 144.57323094785224, 140.76994843476785, 133.2391546081589, 129.2470470801303, 121.23947917958253, 116.20849948508508], [29.00162676597428, 23.440532510476594, 18.03111418554042, 17.537307150197403, 21.472982961858612, 26.822492382506706, 32.1069144083049, 71.57381908168762, 77.31191524198346, 85.71321913168796, 93.6679071143185, 100.5038662131888, 93.96731223292458, 86.14885343815205, 77.82849117310263, 38.59793172683577, 29.34701008067042, 21.122359329236374, 11.803194888148251, 4.248316037922791, 0.0, 11.915981072351121, 20.00855308080257, 26.924848357651747, 36.39246251031866, 76.17843423032306, 82.80436563570272, 88.13138124630103, 96.04726160144152, 102.38377235866463, 101.46455928056166, 96.05347192084744, 89.58817511249107, 82.9486065707197, 77.12987753559042, 49.60142641297844, 53.141399890309, 63.13988383941602, 62.40743232638659, 71.83923421906793, 80.56549115228681, 86.26199491829915, 88.87928491796646, 86.28276442172206, 73.79956049287505, 67.40120605031719, 62.957209098784816, 80.41757388258786, 80.47397903491057, 86.33988934179729, 90.8171562998004, 94.72584657796111, 99.15680742616286, 108.89191356584007, 107.42248971197144, 105.84892559213355, 102.09802691645424, 97.23662558551861, 90.9139850316563, 81.76920163144914, 86.98749898014194, 93.31024059531232, 97.75034161327947, 105.59775837031755, 98.97993807843149, 93.92628865527881, 88.40880916488508, 29.659552495333944, 37.264514563814, 55.33404684789018, 70.77698298269874, 88.3741675032746, 103.9644778232506, 111.25911284182295, 126.38562955145613, 137.5344246367304, 141.68178293155873, 138.35946503278205, 131.2844410214403, 127.81343017504973, 120.66605784330424, 116.63767166568802], [21.692003825822496, 16.697138733116823, 16.506964129980563, 22.37039148504284, 19.500081536121073, 21.65060743691368, 25.9919440610564, 63.99014660552324, 69.59153191481718, 77.84244638525885, 86.07231181888321, 93.65414185580161, 86.46622103252058, 78.44753825867299, 70.2901493604899, 27.447630762729684, 18.10237689967074, 10.72627423877093, 6.890445806495616, 12.255074285426836, 11.915981072351121, 0.0, 8.308666311466718, 15.8138953916824, 25.724626408794762, 66.75127509477194, 73.64840883437212, 79.34511146756668, 87.96969034246638, 95.0419643884168, 93.91991517557801, 87.89938673655334, 81.0322258306495, 74.1249100086428, 68.14312154044221, 39.66084616413841, 44.0796954021159, 54.29093979050332, 56.77969229969227, 66.33362690617528, 73.90417934379325, 79.24676687307685, 82.21731115386268, 79.28553640624062, 64.75708760547023, 58.15615692940501, 53.425812279978906, 78.2895954141993, 76.67649689612604, 81.05779710537091, 85.17246722561283, 88.72538178457059, 93.28766084052585, 103.74863664542202, 102.43794431859696, 101.16691105599398, 97.96025904531773, 93.5387665214695, 87.85239744835833, 79.16760094180277, 82.59886172823828, 88.1644742779117, 92.17488873938532, 100.2810924528287, 93.64649623358729, 88.91840623645444, 84.28842031259185, 39.76476075964336, 48.17575783444954, 64.2588636131514, 78.00913341401166, 94.21334396146327, 108.02234647328793, 113.29870618680862, 124.40210133930353, 135.3808798070027, 139.37631254970844, 135.54844162372197, 128.17235453037313, 124.020492506414, 116.42037866942447, 111.22852044790146], [18.305000863766875, 15.442043793533356, 19.816212809040206, 28.007988195864748, 21.96367062522287, 20.932724136736574, 23.395285200046846, 57.925079498635824, 63.32013179557042, 71.3948001232412, 79.73415385761739, 87.73152471398248, 80.2101527874209, 72.14644054248399, 64.18269310650993, 19.244721121852223, 10.201550149715532, 6.331408317114054, 11.971324535176677, 19.97966430405411, 20.00855308080257, 8.308666311466718, 0.0, 8.048680903787028, 17.998527114352584, 59.271604303997144, 66.27662453685808, 72.15358866531379, 81.15305688648108, 88.64217146301367, 87.4259093291599, 81.06618576496315, 74.00446077910159, 66.98636089177468, 60.955801860491626, 32.42861573006596, 37.988326680548006, 48.73399927002719, 53.87406682056849, 63.36503265515847, 69.96507396755747, 74.76751829697731, 77.66686294898166, 74.22612304796095, 58.405585936464774, 51.430425972365484, 46.17433706455472, 77.80238574350138, 75.00179051015135, 78.1232504101087, 81.821752593666, 84.89588601681434, 89.3402627977374, 99.96484483774591, 99.10405127778185, 98.22623161881732, 95.56923151070316, 91.64238780967479, 86.54261176208115, 78.29653798245786, 80.3216363415937, 85.14088400666976, 88.60841304022031, 96.47983547628353, 90.24164286400828, 85.98311489843523, 82.17608913208043, 46.63577250966389, 55.20527366444432, 70.38390945599026, 83.07764283834877, 98.53045081118981, 111.11357227546289, 115.03760897552287, 123.32759917410448, 133.41909801310916, 136.96861509394685, 132.54837890199806, 124.7927617530129, 120.03058362326762, 111.95076841381596, 105.92817107795787], [14.28409686118468, 14.67280719469877, 22.358667578492668, 31.737381319216006, 23.56292260132575, 19.591319620283777, 19.59025631403094, 50.362885361552685, 55.70686609027582, 63.70923981233582, 72.11197498422867, 80.33274127083286, 72.58926114318308, 64.47253912791311, 56.59239730659694, 12.508688060549797, 7.6250911903353, 11.619231211031178, 19.49728780261083, 27.227890238511726, 26.924848357651747, 15.8138953916824, 8.048680903787028, 0.0, 10.006356421908778, 51.657340413434945, 58.77673623890212, 64.75313148252249, 73.90670074549183, 81.53924470458391, 80.13175294016821, 73.62296745649259, 66.43217520204514, 59.32531889263553, 53.2295143436228, 24.40258782290536, 30.676522175026786, 42.170153780676834, 49.11757910395743, 58.449929443317906, 64.32595475496983, 68.52378940192278, 71.08872866626864, 67.16668271810678, 50.846334531838245, 43.56319726968566, 38.16473099131859, 74.84434077257443, 71.11593267765512, 73.1544703236713, 76.42772341517271, 78.98489111570804, 83.1779559398227, 93.67560484708743, 93.34092868997476, 92.8767756382819, 90.74671410104743, 87.34398431788794, 82.80441210012594, 74.98666596782891, 75.8296756913289, 79.93992830018625, 82.83426817604344, 90.24038019539597, 84.56595789547285, 80.83350094246559, 77.78030438377206, 53.141427954295075, 59.93084301810262, 73.5537379445048, 84.92080277187225, 99.55335772706837, 110.83839794616624, 113.48109958370063, 119.35070343098462, 128.2924048938563, 131.42226688043945, 126.59309763173097, 118.66916545962796, 113.64267739324477, 105.67754102942938, 99.80148725756575], [16.162142413781073, 20.260163491822347, 29.486223664084015, 39.14817717084573, 29.849348977180636, 23.589916130405616, 20.41341998843648, 41.516676105791, 46.602810368513666, 54.3886196421486, 62.8546536506315, 71.42457719285301, 63.38488857189382, 55.258281252175955, 47.625278836722266, 6.952867135088803, 12.580123942284276, 20.300885719313484, 29.02726893176053, 36.73359715961617, 36.39246251031866, 25.724626408794762, 17.998527114352584, 10.006356421908778, 0.0, 41.95347418129745, 49.19625597668962, 55.30769756579568, 64.7084185073605, 72.60804310843997, 70.99897258201851, 64.24065217989121, 56.881365205744956, 49.674530652725494, 43.521906192978506, 14.892238239385575, 23.436812253755264, 36.07619058864838, 46.066530559635716, 54.89505024668816, 59.47116951550768, 62.59905907515783, 64.55727449709885, 59.75295860549007, 42.52831048845544, 34.521597359183524, 28.320351284425634, 73.83556145517217, 68.8675469406623, 69.25481771636288, 71.82237884058218, 73.52076938796421, 77.25788218106099, 87.42872386497551, 87.99159060473774, 88.18697569653656, 86.87942561239434, 84.28559528004743, 80.60266996928124, 73.49194897998169, 72.62173194083333, 75.60149162686082, 77.55826236010148, 84.11507161391539, 79.43255078212331, 76.565578654224, 74.69000042477937, 61.567106120779215, 67.2112568954983, 79.43670876203271, 89.36261541324309, 103.05070088521157, 112.76509325094597, 113.84064695617644, 116.49277682966614, 123.59561667433191, 125.95703516424875, 120.3725925757026, 112.04051963290219, 106.42181444501806, 98.24966358881007, 92.12573041473202], [52.58169424143974, 59.315945471209766, 68.4690462970703, 77.05614674894481, 68.06783278315962, 60.326922502884585, 53.77094871237131, 22.681588284062936, 20.491161866939343, 22.300722388607774, 28.801698843114295, 38.21320715767577, 30.292575046228276, 25.01633029451988, 23.421797903885306, 41.39369190492351, 51.32056743675579, 59.659251744299425, 68.62211193374665, 76.10540832348039, 76.17843423032306, 66.75127509477194, 59.271604303997144, 51.657340413434945, 41.95347418129745, 0.0, 7.559103044023808, 14.195116967603367, 24.84958433718689, 34.37430986096915, 32.38623460952552, 24.254940456858556, 16.528493378309655, 9.849064598347653, 6.372082558566315, 31.115538926338363, 38.230853728350944, 46.73574515065019, 62.35135102532206, 66.86506747762058, 65.5503349976351, 62.556895127982436, 59.67775205059159, 50.04335917747143, 36.48396468369233, 27.985162703225917, 18.409702600632226, 90.40628341739102, 82.42201402073029, 76.70710405040741