{
	"dissimilarities": [[0.0, 7.5802944651303585, 15.98617874048986, 24.417589999924004, 19.191590783405996, 11.938435451377076, 7.500253886606907, 41.998147739905356, 47.95807847451173, 56.412573257417726, 64.49801517579884, 72.18262892297686, 64.90240686261787, 57.92071041738968, 48.47517176751786, 23.72676649232906, 23.232146728428475, 24.920534380815912, 29.083889213662278, 33.417267278040164, 29.025618769680428, 23.641271624318225, 19.32055778634204, 15.81515031733287, 18.417058547398444, 50.9280762891903, 57.75147886439809, 64.95096951128195, 73.73334959395561, 80.08793354966716, 77.881691733764, 71.91649382371511, 65.16892021435504, 57.43620730091837, 51.533576354472146, 18.99058794478557, 23.0214809540472, 35.16604539118189, 38.58709803510931, 47.43391700904182, 54.20378946064979, 58.16600439699287, 59.11315965137484, 55.518729289595264, 43.24646103637879, 36.03698786537106, 33.65398932528792, 68.62929265302691, 59.42383700012093, 61.18631973932445, 64.88050090735973, 67.01396821669964, 72.14692708282548, 84.09138761323557, 86.61497520874347, 85.3977796647367, 83.50384134958345, 80.3368004313951, 75.86631461099756, 68.74710197609107, 63.72444769244519, 67.81310730505074, 73.78858274279027, 81.56551822612907, 80.0338048738325, 74.8928965644683, 72.55242921764332, 54.02146941633155, 52.00293169215637, 58.91358093541126, 68.7877658417962, 81.92820030106999, 92.80722949778664, 97.90278680616164, 108.6413732632049, 113.49952182998874, 119.98726805706792, 113.13020433086352, 102.57842231440632, 100.17755903722612, 94.14032659850956, 95.22559727654357], [7.5802944651303585, 0.0, 9.263825571614465, 19.415972537804098, 15.58132143734812, 11.559913802371495, 12.039198065786858, 49.47014998539391, 55.23574047759049, 63.55712150793015, 71.75894013198071, 79.59329352250657, 72.36757660207883, 65.39021526855329, 55.96597689033263, 25.453797826286923, 21.5029846109052, 20.8377951440526, 23.424468542012626, 27.05636226244977, 22.257677119853163, 17.417514459300158, 14.589634098411857, 14.272713574989796, 20.772246907815006, 56.85098865690669, 63.805135983519385, 71.06012381737528, 80.03619327718674, 86.69418609929042, 84.66099376528575, 78.52542615579222, 71.62932800997014, 63.97780581514607, 57.9928142005002, 24.8304312193034, 28.93260800682617, 39.83834873440164, 42.49339975348408, 51.58013891109745, 58.66640228484357, 63.40456347488092, 65.21138768143497, 62.28037837361424, 49.65819077273004, 42.951347101417745, 40.34828841814031, 71.10416873411283, 62.618647260911054, 65.45962324587597, 69.70248145827378, 72.38875410623466, 78.01643535441626, 90.34870518256298, 92.14687017990848, 90.31254711244782, 87.8686288279111, 84.13380942961115, 78.96656909658094, 71.64381180817728, 67.59057660448485, 72.57789858665573, 79.54105088997069, 87.65543635934326, 85.52506431079392, 79.59159107197749, 76.26620708205922, 48.58767815612922, 47.689279197582216, 56.483237619394565, 67.87571949568792, 81.7608776256834, 93.8579373473953, 100.01596723752108, 112.78314080864038, 119.29220555229624, 126.37686288511377, 120.00792044799921, 109.72528697049013, 107.4940697163868, 101.20275266293369, 101.62087838906398], [15.98617874048986, 9.263825571614465, 0.0, 11.162792716844153, 10.526739316526365, 12.922626801593747, 17.38561746857425, 57.80923788237199, 63.88345993065832, 72.3351736041644, 80.35820404859196, 87.78261376506052, 80.67687952040521, 73.71695373970242, 64.24416490219978, 33.704382459123075, 27.612563897815903, 24.28347542101554, 23.41252846531055, 23.967987257732805, 18.519219742627413, 17.191913348455547, 18.25893895151824, 21.392393711046083, 29.441316369993654, 66.06893083351979, 72.96395718925632, 80.10117900321043, 88.8420641804538, 95.20011241465212, 93.22552495969431, 87.37367543852214, 80.65190775307512, 73.06945412460637, 67.14274883605873, 33.866743387333436, 36.49241872629977, 45.764135144885, 45.88893152781637, 54.809195539338006, 62.721921446207475, 68.33160262680774, 70.64040291471433, 68.7169821799683, 57.10123230207769, 51.187771019516575, 49.404852230952024, 70.2571639070756, 63.598207581095, 68.28233290150847, 73.22352536862002, 76.5913985357228, 82.54845055889571, 94.69692373392785, 95.57777569479019, 93.00590658415119, 89.82528714027065, 85.32621550847833, 79.03133562105849, 71.30050617723818, 69.32842801685204, 75.70127923868144, 83.70728258990668, 91.76219500046044, 88.8507260655435, 81.98485301512862, 77.17493399492118, 43.16102579497085, 40.35737562284715, 49.57495318611804, 62.23768444141497, 76.84301688876013, 90.47502913277305, 98.06954380630914, 114.04104653866654, 122.32202727584858, 130.13331670276656, 124.76216947158738, 115.27704367302353, 113.92707589173348, 108.34827902934136, 109.41089585799003], [24.417589999924004, 19.415972537804098, 11.162792716844153, 0.0, 9.868612534245068, 17.39732991778841, 22.96842345701648, 64.1280478505925, 70.7586392728814, 79.4512956370664, 86.96757540575739, 93.43600347542295, 86.63228219089888, 79.81498176888745, 70.35463173238047, 44.59595532163528, 38.48752749654913, 34.404139675901106, 31.52875338643867, 28.948965913813694, 23.904324472401303, 26.00629090167533, 28.791166223594082, 32.39906615734041, 40.149165191536135, 75.12712683455037, 81.74979557097821, 88.56754037708365, 96.6214843572631, 102.07592216525566, 100.05809730733777, 94.94656726811174, 88.74359163184234, 81.27205769238539, 75.57385170559425, 43.01195662527114, 43.745826548797595, 51.659308699239496, 48.35915248293635, 56.542499680115675, 65.50878587046354, 71.64129512914961, 73.69225779669439, 72.73181596291246, 63.40190379698404, 58.23161483912775, 57.753898843266676, 65.87553114818796, 62.11334029650294, 68.92069198826027, 74.4044985574171, 78.2751683115665, 84.09731538612053, 95.15961191861307, 95.33359584233787, 92.2403985838602, 88.41483346721412, 83.22912966340341, 75.63877346379125, 67.33186446858309, 68.35341733464126, 76.15563958959706, 84.69606668520242, 92.0225471157979, 88.48796453278219, 80.98908862843487, 74.61624660088596, 41.00999663586909, 31.717549351806156, 38.59506571639932, 51.95933125709327, 67.32360208378628, 82.66162832116527, 91.77851172546168, 111.43584460138392, 120.63015399623195, 128.8247662179038, 124.64549691300131, 116.27163607446462, 116.2770517812283, 112.1907202556174, 115.09220815303499], [19.191590783405996, 15.58132143734812, 10.526739316526365, 9.868612534245068, 0.0, 8.980217631773241, 16.105462720924294, 57.85126488582064, 64.78473064992319, 73.58935191809394, 81.21052352579127, 87.91548744826567, 80.43666422378793, 73.31427090031521, 63.94306703636536, 40.34778573864327, 36.316613674462744, 34.164429045952026, 33.8623304471672, 33.90564015591895, 28.4151888856633, 27.59802754201492, 27.90466618709126, 29.32572914119419, 35.339676769899555, 69.69881424750035, 76.55038646079117, 83.77092138975335, 92.27896807883198, 97.95787224722466, 95.57943213201168, 90.13677768969578, 83.64391087336155, 75.78563158522118, 69.9349011779732, 36.20193353846312, 35.14193200320748, 42.03151617922172, 38.8461421769557, 47.27433254799325, 55.9705377268222, 62.19719710627674, 64.80444679337727, 64.21586172701842, 54.537998672144056, 50.240869806921964, 51.040600294804555, 60.041535409584704, 54.19206604726485, 60.09474155895741, 65.50702625903091, 69.40453317384006, 75.59389101586264, 87.7002206272864, 87.58570259310768, 84.41723953095111, 80.75882125278093, 75.84608754310473, 69.06689888464123, 61.260125504035145, 60.284862271576756, 67.58244841938232, 76.40065288288767, 84.52661857201049, 80.84426205056687, 73.2622027451208, 67.60518233815675, 50.01440105257329, 41.18161316601815, 43.94320703217703, 54.37009635591672, 67.67499312031906, 80.31265952299344, 87.74180580463788, 104.5078282171683, 114.34991306493323, 123.44170572806928, 119.47982786678513, 111.49115010289154, 111.74440119573038, 108.58593880492144, 112.20517577923913], [11.938435451377076, 11.559913802371495, 12.922626801593747, 17.39732991778841, 8.980217631773241, 0.0, 7.645744908709749, 49.15108099941533, 56.055632082440475, 64.84813895448961, 72.55353804852832, 79.50317503953025, 71.81972479994607, 64.6185942511062, 55.25830504106134, 34.010086985441866, 32.242586494651654, 32.12967752906196, 34.15808382597226, 36.341960074228396, 31.03918824085894, 27.86193381518464, 25.791186117613844, 24.71057804866687, 28.61140900560574, 61.175452078740264, 68.03102438657714, 75.34107455132224, 83.97552673200364, 89.77257169354438, 87.26405980155317, 81.65896795006984, 75.07678604605334, 67.11320865525872, 61.24674154206388, 27.64106925266839, 26.46277933335879, 34.66755764554535, 33.48101575970935, 42.27765094674498, 50.37666066874934, 55.83148978149362, 57.934086855268944, 56.495762866375436, 46.10064989969495, 41.342688574071865, 42.15156201660081, 59.618261384215074, 51.693540448406125, 55.70388758050041, 60.4641278668258, 63.72445309505083, 69.63812945189775, 82.00697690078714, 82.76736752575897, 80.32131030872667, 77.40026237243045, 73.26625528593726, 67.66531954958495, 60.26240635771401, 57.005932218321995, 62.939341436513956, 70.79107088905803, 79.03533924058459, 76.07850047882079, 69.38586908748141, 65.26055216196698, 54.82255781553446, 47.8351328889383, 50.52089713137872, 59.49289620324569, 71.91208130388924, 82.77271500144589, 88.59403482415482, 101.97439095980607, 110.06566174455732, 118.55189607321181, 113.71396207232097, 105.08157748885816, 104.6912200556866, 101.21407272576282, 104.66761718520631], [7.500253886606907, 12.039198065786858, 17.38561746857425, 22.96842345701648, 16.105462720924294, 7.645744908709749, 0.0, 41.87279592753428, 48.692269901062126, 57.48652765876829, 65.1471366592042, 72.09759849236782, 64.59589159936601, 57.49997954908417, 48.072780141765364, 30.333711803400075, 30.51377728030058, 31.88602715608061, 35.24115021076635, 38.458591339162936, 33.63028057634561, 29.37760514369186, 25.948498873507578, 22.976431958442067, 24.784683795540058, 54.3560000595864, 61.010749862344035, 68.1363174312697, 76.53428218152179, 82.17062400649155, 79.66844270254386, 74.18764337080218, 67.76271197349372, 59.89450893540987, 54.148556220106954, 21.983667207720664, 21.840204625276293, 32.33237988289437, 33.01176806707306, 41.639376104181835, 49.19546353982477, 53.545710852415226, 54.448723056596585, 51.76005283860132, 41.27212362530657, 35.33090950338336, 35.47200320157153, 61.20213220077003, 52.528084009379796, 55.06645445125129, 59.06154201988555, 61.513671912994525, 66.72462033830298, 78.4968029749617, 80.47082946936233, 78.94016057920564, 76.7754078865195, 73.37753214140737, 68.58891816252435, 61.336904590115346, 56.97664875411895, 61.67518373725417, 68.0878911285905, 75.79265239045827, 73.79545293191326, 68.25143541986479, 65.4084575888893, 57.112465017380444, 51.28359343916888, 54.5869904700829, 62.9514697163028, 75.26419674854793, 85.48032004641504, 90.40697676527496, 101.6824314632487, 107.26596049196209, 114.51029855007614, 108.60656519472154, 99.09979845713615, 97.95774416785332, 93.82459737796266, 97.06223700327793], [41.998147739905356, 49.47014998539391, 57.80923788237199, 64.1280478505925, 57.85126488582064, 49.15108099941533, 41.87279592753428, 0.0, 8.23444223814886, 16.972193263762467, 23.686639638416082, 31.05031514397097, 22.939051373567544, 15.99587571797343, 6.593753946267709, 42.6022589193141, 52.05783996509416, 58.60588424699503, 65.72736342800245, 71.82829026127497, 68.77929252135708, 62.27807081715143, 55.95646133755718, 48.58965899466914, 40.44903333531432, 26.065801268785773, 29.159784839882924, 34.310076980703236, 40.60732979929828, 44.619637659405726, 41.008893686664926, 36.2738852783999, 31.33509895741083, 24.201581903156203, 21.018827225199296, 29.388267289593617, 29.796339228196796, 37.717694172187386, 45.84404603923814, 49.26423790104016, 50.39175609548508, 47.12560929226436, 41.21399078802063, 31.133457560748983, 25.411498173773424, 16.919911183070145, 16.171717186350683, 76.08733068724914, 64.05039759715811, 57.885190380166925, 56.5898560324858, 53.852245211643016, 54.10101568255623, 61.742684236595544, 70.02770574713541, 73.65234251514006, 76.04214049334851, 77.26260799112441, 78.21829205744189, 73.87582640832045, 63.19812052742888, 59.70232345216849, 56.82526097761363, 61.14481324015676, 64.9248871295591, 66.65322823381813, 71.73548871575265, 90.02320999455905, 87.10101947416383, 88.80046401597615, 92.31887462469787, 100.94634808703616, 104.83701371385635, 103.64117086555355, 100.11555069803487, 93.12953459995494, 94.38083649759129, 83.0130328785342, 69.50303874738057, 63.865829873019344, 57.91627070004663, 61.93133124529488], [47.95807847451173, 55.23574047759049, 63.88345993065832, 70.7586392728814, 64.78473064992319, 56.055632082440475, 48.692269901062126, 8.23444223814886, 0.0, 8.975503082036237, 16.703352554006575, 25.730570140026533, 18.230949966010794, 12.547281772378192, 7.358531414236198, 45.10778779504603, 55.105021429496034, 62.06127600421833, 69.51702391906893, 76.03348366515687, 73.41906172468188, 66.65873370542428, 60.14548046531487, 52.63628057891624, 43.91845383072381, 20.640978855799403, 22.136564553151466, 26.508082641914296, 32.60635456634847, 37.08461707181073, 33.450237653103905, 28.16325429242617, 23.20486295923945, 16.466614209286437, 14.552941420844, 34.10393707387618, 36.19779555208528, 44.00363862874014, 53.34436435703191, 56.58930152029239, 56.86723880297659, 52.92132958024287, 46.81955778181244, 36.207026810445534, 30.48127497046792, 22.434409167408667, 18.831786938401624, 84.00188402877455, 71.71179650659832, 64.81769408533773, 63.011008321383414, 59.74541822209628, 59.41498922508721, 66.27436670084734, 75.36695529114164, 79.61767737506797, 82.53049728251091, 84.23486448752689, 85.74363573088027, 81.686869019655, 70.5295253576363, 66.23491171520602, 62.33906139507288, 66.10013450069509, 70.68514610023496, 73.27747973279902, 79.08977311509673, 94.3458992149413, 93.15101335072625, 96.16167683357088, 100.09006287781807, 108.93908879042809, 112.78717135299631, 111.2649418359993, 106.19690280653327, 97.40211431103464, 97.21052868821636, 84.5026722396911, 69.75456190020927, 62.140299767535645, 53.78157770150425, 55.496393337275194], [56.412573257417726, 63.55712150793015, 72.3351736041644, 79.4512956370664, 73.58935191809394, 64.84813895448961, 57.48652765876829, 16.972193263762467, 8.975503082036237, 0.0, 9.054482917502025, 19.87599758980638, 13.727257066386533, 11.558912693366796, 13.51531643412129, 51.35830129394582, 61.67791650152838, 68.89304338925463, 76.55573477924548, 83.33363708880502, 81.02053084402664, 74.11450532806873, 67.49812940598028, 59.933583920030415, 50.87573334364698, 19.98938832469583, 18.347401339418234, 20.495093416069956, 25.26451281054242, 29.594964298686527, 25.655419080793788, 20.11371272598754, 16.029428704901026, 11.395384903505363, 13.248949406639419, 41.85515925259043, 44.36878265663969, 51.32435056775567, 61.23724456154952, 63.92233527091186, 63.24788041819626, 58.43523743019799, 51.8917507888064, 40.972493976191416, 36.53687704047599, 29.807685446206555, 25.86879619064161, 91.5658794193467, 79.07844374455982, 71.29246349062855, 68.81051050439734, 64.88842452568593, 63.74505809531982, 69.47805333357537, 79.43094150640343, 84.4434950488126, 88.0178929713918, 90.37196684179187, 92.65231491387237, 89.05985034226413, 77.34680412642264, 72.03975538604563, 66.81995551938213, 69.79660916325874, 75.29715414332117, 78.98871520467563, 85.76030109667934, 101.56131649351556, 101.34771634139304, 104.81155302263855, 108.58857491040771, 117.20045419647572, 120.46670053160189, 118.25554104135271, 110.98431139589499, 100.03473712105198, 98.35024407252706, 84.39165770466857, 68.69280552161837, 59.26462884319407, 49.1562283382131, 49.20457175373041], [64.49801517579884, 71.75894013198071, 80.35820404859196, 86.96757540575739, 81.21052352579127, 72.55353804852832, 65.1471366592042, 23.686639638416082, 16.703352554006575, 9.054482917502025, 0.0, 11.341345105185763, 8.379165920423523, 12.10279486859874, 18.61427964185939, 60.328210925982624, 70.50517650348402, 77.58384600340388, 85.05049017790896, 91.5763631548075, 89.29090271430809, 82.60204920838153, 76.13566501627248, 68.67953954313221, 59.79237368618862, 27.68923091797152, 24.114931590863236, 23.156845462767286, 23.659783158473747, 24.663649233959646, 20.0847187047231, 17.53444128876552, 17.634485623388652, 17.29732553369595, 21.254801678582723, 50.565556267696, 52.29684985004274, 58.32755515576532, 67.28956091533502, 69.04909974012475, 67.93222842635004, 62.26919355087606, 54.54574402155194, 43.5394822646463, 42.52964262656523, 37.177471846633544, 34.66767371253234, 95.15081876004022, 83.26889713947578, 75.0039690045789, 71.84024588758012, 67.22142241271096, 64.80664308769443, 68.2833976449119, 79.35173005012372, 85.31729268783886, 89.59668006374498, 92.63674373086177, 95.55160128879116, 92.36367951470451, 80.82816266271985, 74.69359985653055, 67.74874446502791, 69.13050245761295, 75.7195579585685, 80.78411338754051, 88.42185811721255, 108.7844120733784, 107.82661311706258, 110.3799738961335, 113.19558988440188, 121.12072703544358, 123.51149485553704, 120.49849314724278, 111.3588218065456, 97.41185639808906, 93.8582700131058, 78.77641188267852, 62.35135770087601, 51.75148266359933, 41.55288941296377, 43.38807244491556], [72.18262892297686, 79.59329352250657, 87.78261376506052, 93.43600347542295, 87.91548744826567, 79.50317503953025, 72.09759849236782, 31.05031514397097, 25.730570140026533, 19.87599758980638, 11.341345105185763, 0.0, 10.380209399066764, 17.726117829706002, 25.356769332783504, 70.34470238924033, 80.09664729693888, 86.79613874190296, 93.80512704783314, 99.75663097727022, 97.38458424222402, 91.15815821154447, 85.02313441640955, 77.81458946755968, 69.41329688930833, 38.844280846402356, 34.82944668162446, 32.30615356074311, 28.978024061656253, 24.955400198366224, 20.448956512367886, 23.208034363253603, 26.816693111171293, 28.26968456090168, 32.42959977806476, 59.71337865866092, 60.38075677582704, 65.6888661759074, 72.80137497681287, 73.54477780425243, 72.46504895137686, 66.18333958691136, 57.01509541216825, 46.34561329110505, 49.52456126788108, 45.300481048033156, 44.401336939530495, 96.5702612137694, 86.04592523709023, 77.8202502967572, 74.10280261769705, 68.89574542936799, 64.96938125235002, 65.16520774213556, 77.48814398929845, 84.482575938854, 89.41199999339453, 93.07174855877079, 96.37904642561399, 93.49006767548515, 82.90198762966499, 76.27740854317234, 67.49970666741339, 66.56626369958005, 74.31751091951348, 80.86186707216467, 89.10602812107116, 115.26894052215013, 112.64229888142887, 113.61144487286258, 115.05064132166179, 122.08081148133596, 123.58879004284378, 119.85680709323616, 109.4756535759909, 91.80829597936565, 85.81379049113006, 69.51828235067599, 52.244838330296204, 40.6615403105642, 31.74076421855967, 39.14985591207551], [64.90240686261787, 72.36757660207883, 80.67687952040521, 86.63228219089888, 80.43666422378793, 71.81972479994607, 64.59589159936601, 22.939051373567544, 18.230949966010794, 13.727257066386533, 8.379165920423523, 10.380209399066764, 0.0, 7.752602718555555, 16.63851179436376, 63.190920856517934, 73.32340512678232, 80.26015272719292, 87.59619785256598, 93.84822766749906, 91.13706410743755, 84.5999955634309, 78.19108978483304, 70.70807367373583, 61.978732861321404, 33.46405121888109, 31.12971693537294, 31.233013906895582, 31.871083304699276, 31.50817663775435, 26.78793860050521, 25.657724117803085, 25.7449209615571, 24.119085032518395, 26.782000459700097, 51.468007278813126, 51.183202401619305, 55.70254431388208, 63.3621001469398, 64.16578583159284, 62.755668126989626, 56.57874497705616, 48.03209684898486, 37.15342868638496, 39.269043321641604, 35.59467434661125, 35.9717160422883, 89.20087282149576, 77.54926496226129, 68.92379575847109, 65.34686992754317, 60.370803665042025, 57.31874895512721, 60.064679897709695, 71.36229411564865, 77.636196740743, 82.20726198573696, 85.59891322341453, 88.9816742501612, 86.22146686360281, 74.57895621550824, 67.93053630415565, 60.164571133772085, 61.03099745331728, 67.920967286585, 73.5510535365066, 81.716903717206, 110.93594419004363, 107.91045247971019, 108.30070178524804, 109.76061259578192, 116.5327780541704, 117.63194242805795, 113.82209496025297, 103.45950430790823, 89.15329347293489, 86.13779681957074, 71.69090070197703, 56.2597386280495, 47.40017433413887, 41.57400596304539, 48.33252597063184], [57.92071041738968, 65.39021526855329, 73.71695373970242, 79.81498176888745, 73.31427090031521, 64.6185942511062, 57.49997954908417, 15.99587571797343, 12.547281772378192, 11.558912693366796, 12.10279486859874, 17.726117829706002, 7.752602718555555, 0.0, 9.499294839051004, 56.723565247232706, 66.88699033868679, 73.83758899555099, 81.25067674914165, 87.57451162224618, 84.65700368065718, 78.02010457613136, 71.5300439539978, 63.96908710437567, 55.21897187182413, 29.99673004301586, 29.456391961971207, 31.69115859231035, 34.93591448686537, 36.583928232658856, 32.064640100397476, 29.0437750139559, 26.761843228951797, 22.596710290445067, 23.38415083940546, 44.231860936156764, 43.47911957964167, 48.058718216156684, 56.03344710809548, 57.267921709978495, 56.13265163893922, 50.46439835405135, 42.57854984126276, 31.55361985496596, 31.897194312834007, 27.865055933552007, 28.981653820248525, 83.52896723490566, 71.3121528660913, 62.91057108712806, 59.786621013425076, 55.29722703719922, 53.245011871598365, 58.07417321161333, 68.36398214193981, 73.83394017414098, 77.8484195707177, 80.72963326700838, 83.70850753253029, 80.7197864310742, 68.77181779760261, 62.65519388365725, 56.21706249323322, 58.53874380878115, 64.46707734653214, 68.9828120181079, 76.57225673702203, 105.43925920562438, 102.19458055767157, 102.49023942943296, 104.26386845188271, 111.21802073171862, 112.61914227598372, 109.23855755042852, 100.16449777233086, 88.63548484724713, 87.64218069970472, 74.54899550686417, 60.21375076010261, 53.00320576301424, 48.08629116100081, 54.239046722803124], [48.47517176751786, 55.96597689033263, 64.24416490219978, 70.35463173238047, 63.94306703636536, 55.25830504106134, 48.072780141765364, 6.593753946267709, 7.358531414236198, 13.51531643412129, 18.61427964185939, 25.356769332783504, 16.63851179436376, 9.499294839051004, 0.0, 48.60331744468241, 58.35528801510391, 65.04903862731996, 72.26201664673223, 78.40610128686879, 75.37288008425996, 68.85182072671252, 62.48144876030121, 55.0434494590449, 46.66794111538826, 27.443873583932916, 29.073574972455987, 33.157148465285815, 38.30115021200918, 41.329287586289134, 37.31584665683343, 33.26179960827035, 29.286218239638146, 23.06285276399147, 21.426096958757142, 35.49174443630252, 35.04474887451965, 41.262019474792034, 49.16379128665044, 51.52617550836317, 51.690772750075396, 47.31921345626271, 40.360367039931475, 29.63386816445796, 26.858592724952906, 20.530189533338774, 21.2535594714576, 78.08090242480614, 65.97116810605303, 58.80531630990713, 56.69813037820759, 53.17839454208953, 52.42741283451006, 58.941710616048404, 68.09957054169472, 72.51238307430589, 75.59428521914907, 77.52735880935195, 79.35199646972578, 75.58429889537983, 64.34162170168528, 59.69352066322835, 55.25624166662714, 58.75417274652654, 63.44006318205531, 66.3627706069909, 72.54938282763632, 96.37141485184524, 93.05020024824502, 93.88344837476359, 96.49289500657564, 104.30377429001469, 107.03835833813706, 104.86553174895295, 99.01052661838686, 90.15377556692113, 90.5835752751672, 78.59803731874473, 64.83086411167297, 58.783859941538125, 53.53078372025264, 58.77374319618577], [23.72676649232906, 25.453797826286923, 33.704382459123075, 44.59595532163528, 40.34778573864327, 34.010086985441866, 30.333711803400075, 42.6022589193141, 45.10778779504603, 51.35830129394582, 60.328210925982624, 70.34470238924033, 63.190920856517934, 56.723565247232706, 48.60331744468241, 0.0, 11.605488533601202, 19.940572241804322, 29.106885655275637, 37.90303863837902, 35.97847041012102, 27.573043792226986, 20.155220343209773, 12.90433897148099, 5.661570495384739, 38.03696485623807, 45.33804939955143, 53.072809368817154, 63.64657996091515, 72.68866892476629, 71.01710830864292, 63.03936058471073, 54.993090145570065, 47.73100542505521, 41.5806044481556, 17.258933838045674, 28.903653911564344, 41.00016524014087, 51.82359684602843, 60.31719432665192, 63.79221895808232, 66.08848499906942, 67.55616938392097, 61.95450383445805, 45.21097371353607, 36.64716519547156, 28.34677908108295, 88.39985576918893, 76.0318032770885, 74.24128587015709, 76.58876430084251, 77.5523533781858, 82.51408711200153, 95.69624200730225, 99.43924088174683, 99.17876742278936, 98.42562140468512, 96.45355144119662, 94.04996878349372, 88.133687502454, 79.29650530766098, 80.64383804066311, 85.16285532375379, 93.75657150759412, 93.51230814594318, 89.7681367954602, 89.9123480789414, 63.04515307691467, 70.03109580305677, 81.56709273269053, 92.42472054081371, 105.46500358047277, 115.17590473372226, 118.7947956159073, 124.35205815186326, 127.6248005670479, 132.9164016861597, 123.73169626523487, 110.96187767780387, 105.23172360648175, 94.9643171548152, 90.05493157059117], [23.232146728428475, 21.5029846109052, 27.612563897815903, 38.48752749654913, 36.316613674462744, 32.242586494651654, 30.51377728030058, 52.05783996509416, 55.105021429496034, 61.67791650152838, 70.50517650348402, 80.09664729693888, 73.32340512678232, 66.88699033868679, 58.35528801510391, 11.605488533601202, 0.0, 8.419397804288025, 17.7042000777835, 26.798686025669955, 25.373535969116347, 17.03821347030733, 10.400311147638806, 7.617545045455656, 12.6759265201653, 48.738201614307904, 55.73559357584531, 63.0085657134045, 73.0511986083259, 81.77621373092133, 80.42189269478828, 72.86329263439976, 65.16261394223987, 58.23794732551577, 52.25556164873346, 25.75456348395905, 36.06992398862664, 47.901076867861846, 56.45185560550505, 65.48352920004349, 70.17957011795588, 73.59547963183836, 75.56811723250641, 70.76612967728174, 54.65514825963787, 46.413845217639796, 38.94568067239905, 90.49098673679656, 79.6310332721594, 79.73968199140458, 82.9384021227487, 84.65628206000802, 90.06064076051376, 103.16573864633718, 106.21849303398058, 105.26318281211985, 103.74948729989582, 100.94135620373504, 97.27358000070205, 90.71144971668576, 83.81310566154737, 86.69307157426523, 92.37549845179151, 100.95604501937741, 100.00274389916082, 95.26566949078075, 93.86787807695158, 52.79280118391795, 61.996566782598165, 76.22478945619464, 88.9449785408371, 103.24480358816676, 115.00697325595809, 120.30120673246552, 129.44028744108888, 134.19738964729265, 139.85085152733876, 131.23909702412976, 118.72351671203948, 113.459336315152, 103.00076194882087, 97.84681527049189], [24.920534380815912, 20.8377951440526, 24.28347542101554, 34.404139675901106, 34.164429045952026, 32.12967752906196, 31.88602715608061, 58.60588424699503, 62.06127600421833, 68.89304338925463, 77.58384600340388, 86.79613874190296, 80.26015272719292, 73.83758899555099, 65.04903862731996, 19.940572241804322, 8.419397804288025, 0.0, 9.327886512686202, 18.56477453436411, 17.582590488377672, 9.755192572769541, 6.376156764684664, 11.225523661186143, 20.079422166922782, 56.57815077616923, 63.40080086481964, 70.39469855939817, 80.01706647841533, 88.3781065076223, 87.17998676763659, 79.99180975708134, 72.56797205055689, 65.79874786030945, 59.91495332481745, 32.39731146685618, 41.65633803746645, 53.172055536502526, 59.9588108650704, 69.17883187608223, 74.70994287417817, 78.8028437833255, 80.97774644869328, 76.71378805028219, 61.26291587166305, 53.236111217313166, 46.37442155912224, 91.57360929679567, 81.99627199357728, 83.46222653381383, 87.20470178080333, 89.40187564353542, 95.01849961276513, 107.90528360303462, 110.49848140735126, 109.09354210262102, 107.06686741256931, 103.69457024128802, 99.12874021832076, 92.12609760473103, 86.75523442650587, 90.68599144826658, 97.06847340216204, 105.51893802585397, 104.09850052608552, 98.73357385175663, 96.25549674930889, 45.13857970921745, 55.73950372629726, 71.84703034273637, 85.82891830975127, 100.96784888185772, 114.1936523624304, 120.69236399552766, 132.43848314537254, 138.11996795197064, 143.9915975346923, 135.85391362925978, 123.61775585761875, 118.80658426491395, 108.45618668859947, 103.49895189373711], [29.083889213662278, 23.424468542012626, 23.41252846531055, 31.52875338643867, 33.8623304471672, 34.15808382597226, 35.24115021076635, 65.72736342800245, 69.51702391906893, 76.55573477924548, 85.05049017790896, 93.80512704783314, 87.59619785256598, 81.25067674914165, 72.26201664673223, 29.106885655275637, 17.7042000777835, 9.327886512686202, 0.0, 9.41582426288739, 9.839068229092826, 6.390306820907818, 11.297151196021991, 18.950616194990737, 28.74313081635411, 64.98516896681524, 71.58993692184693, 78.25229825610785, 87.3588954913441, 95.25635028822936, 94.22972264144285, 87.49427078158664, 80.41492897788893, 73.84147250865033, 68.09528493583488, 40.23327216567783, 48.58909408879265, 59.83518136032602, 64.80405405949571, 74.06170460569963, 80.41087464206105, 85.0551330125271, 87.2430861489195, 83.42648677946461, 68.82055546853414, 60.913523785201264, 54.524188379285214, 93.36920703427671, 85.35047547174405, 88.19959329713706, 92.42303070131179, 95.02897552553083, 100.72947211920237, 113.16556558708682, 115.39630772162789, 113.61721465286413, 111.11404922772687, 107.20553735352222, 101.70808068375905, 94.24322865740322, 90.61782174703421, 95.56927315789567, 102.48661210754094, 110.63074515270264, 108.82257012076163, 102.93719787538973, 99.38078154537055, 36.42996474475233, 48.880705678406834, 67.32984357831886, 82.69278686832565, 98.76596036770479, 113.64904823894324, 121.46444779334139, 136.0122299023402, 142.3495173876315, 148.25521044542998, 140.5550781004581, 128.57873417157327, 124.21248995285929, 113.95615251488061, 109.25485996554035], [33.417267278040164, 27.05636226244977, 23.967987257732805, 28.948965913813694, 33.90564015591895, 36.341960074228396, 38.458591339162936, 71.82829026127497, 76.03348366515687, 83.33363708880502, 91.5763631548075, 99.75663097727022, 93.84822766749906, 87.57451162224618, 78.40610128686879, 37.90303863837902, 26.798686025669955, 18.56477453436411, 9.41582426288739, 0.0, 5.579519950558741, 11.603390887308159, 18.874065050739073, 26.808336249870827, 36.938165744944925, 72.90928672855321, 79.32365273878774, 85.6971690425724, 94.24687503741929, 101.52818157158565, 100.59262065790041, 94.39748397205412, 87.70250428817279, 81.24826867547668, 75.63132231973928, 47.37737822390143, 54.75223938661587, 65.72866571421991, 68.78543736204614, 77.9319976378128, 85.08949612603762, 90.18180690274113, 92.23007692355866, 88.86430415695968, 75.34836156793826, 67.5941783215642, 61.83187735226317, 93.81243227445675, 87.53433073338151, 91.74688357534397, 96.38750460719126, 99.34552722531568, 105.02364855342452, 116.82122484162483, 118.72086122529943, 116.62306719535106, 113.68353774049544, 109.28602639151161, 102.878383293909, 94.97130118136168, 93.21365287558815, 99.13530287843106, 106.45226508585066, 114.15202491525368, 111.99378622093803, 105.67937668025938, 101.08269980317002, 27.573946328979915, 41.03785712686363, 61.597516508518694, 78.15218766572919, 95.05907207283991, 111.53235194744835, 120.61695963864948, 137.95040375000133, 144.7530617176226, 150.6502106621176, 143.4857999984572, 131.91509583723683, 128.17264433935247, 118.34932055789963, 114.39270066170286], [29.025618769680428, 22.257677119853163, 18.519219742627413, 23.904324472401303, 28.4151888856633, 31.03918824085894, 33.63028057634561, 68.77929252135708, 73.41906172468188, 81.02053084402664, 89.29090271430809, 97.38458424222402, 91.13706410743755, 84.65700368065718, 75.37288008425996, 35.97847041012102, 25.373535969116347, 17.582590488377672, 9.839068229092826, 5.579519950558741, 0.0, 8.551105570248385, 16.064425348694705, 23.95551471010625, 34.28599251303443, 71.33075348448081, 77.94677960122648, 84.58579490427705, 93.2969544003579, 100.45933903215732, 99.27125132313097, 93.07298333887506, 86.28745700222576, 79.50730794318686, 73.75120655240238, 43.90484228354451, 50.42006280253515, 60.99743472612095, 63.50978563653726, 72.63290640183301, 79.92578542734378, 85.20358132753891, 87.43742155761552, 84.44260170561522, 71.18100418313037, 63.84079021842138, 58.888770910314264, 88.39420061188072, 82.03727483723844, 86.39787742913738, 91.14739741689917, 94.24825316054836, 100.06310947934689, 112.05163936302966, 113.63148970031085, 111.3541886582862, 108.30826913839194, 103.83938262608886, 97.4226613395167, 89.57145136565526, 87.78281629233929, 93.85505951422682, 101.4384648736578, 109.30448698375326, 106.9098852373722, 100.38679305205842, 95.67497491711995, 30.394097412676857, 39.75406279609744, 58.21542701170175, 74.16195354106037, 90.62822605355628, 106.55847981747874, 115.39501880665495, 132.55071670771324, 139.93810271984447, 146.39292793973829, 139.69776148707066, 128.63283225056398, 125.45463410772523, 116.59984701216509, 113.76484390210538], [23.641271624318225, 17.417514459300158, 17.191913348455547, 26.00629090167533, 27.59802754201492, 27.86193381518464, 29.37760514369186, 62.27807081715143, 66.65873370542428, 74.11450532806873, 82.60204920838153, 91.15815821154447, 84.5999955634309, 78.02010457613136, 68.85182072671252, 27.573043792226986, 17.03821347030733, 9.755192572769541, 6.390306820907818, 11.603390887308159, 8.551105570248385, 0.0, 7.596255275739094, 15.674972535743725, 26.025994733492055, 63.6856805174999, 70.4983146815701, 77.42535780094445, 86.60821464166501, 94.23223158633324, 92.91444541050939, 86.282812651673, 79.17353411721678, 72.22226107010884, 66.329845400091, 36.35580127222132, 43.65809801386403, 54.58650708632297, 58.79821603585397, 68.04286389515974, 74.64483699622463, 79.50511218388276, 81.81338383821152, 78.41326535868494, 64.23111380671791, 56.75247800594544, 51.39016099979973, 87.00757610018157, 79.03007587876164, 82.12064567099011, 86.4799315810456, 89.24761973249188, 95.0623031643363, 107.59808231144143, 109.49995864828016, 107.53703111364, 104.90842086520293, 100.90770526079957, 95.34423919554489, 87.89494044087742, 84.36982742680988, 89.54017361576895, 96.72757241083542, 104.97116347357388, 102.90745521769803, 96.80209493915669, 93.07302809652214, 38.151250156238326, 46.69001407310092, 62.96443639133598, 77.62580456744556, 93.24186935428772, 107.60884379991144, 115.20810575642403, 129.73749857811964, 136.6116361876316, 143.06832160457708, 135.91613922478217, 124.53284365204041, 120.87562464957064, 111.79604261373522, 108.55679901216023], [19.32055778634204, 14.589634098411857, 18.25893895151824, 28.791166223594082, 27.90466618709126, 25.791186117613844, 25.948498873507578, 55.95646133755718, 60.14548046531487, 67.49812940598028, 76.13566501627248, 85.02313441640955, 78.19108978483304, 71.5300439539978, 62.48144876030121, 20.155220343209773, 10.400311147638806, 6.376156764684664, 11.297151196021991, 18.874065050739073, 16.064425348694705, 7.596255275739094, 0.0, 8.168250146944938, 18.491907789061845, 56.6891683728584, 63.67537212269871, 70.8634458497196, 80.4132046488818, 88.33803884722649, 86.8641526015569, 79.91632065733468, 72.56099648908234, 65.4255455151478, 59.41792246110862, 29.308581683842856, 37.356831823509495, 48.686964542717725, 54.416342343146404, 63.659728899043174, 69.6232781925571, 74.0092688194083, 76.24439210976055, 72.4448615519747, 57.59601500284946, 49.96932793394541, 44.305019374801105, 85.26864904539124, 75.97664162348761, 77.89082258162807, 81.83887693609391, 84.24901713207534, 89.96989178982442, 102.84107166282438, 105.08703056570805, 103.46628298944215, 101.25409666247405, 97.71793732418972, 92.94075181757336, 85.86385512089481, 80.86794603913116, 85.1718755222143, 91.87400117957839, 100.33910392417515, 98.62340647596955, 92.98304104419867, 90.18067155564862, 45.07643770050234, 52.40269045793291, 66.68631940365302, 80.09796675255976, 94.90494346243699, 107.8582602235016, 114.3287001640234, 126.49777493753318, 132.71418550714745, 139.0943990213083, 131.56382912307745, 119.9593940286736, 115.95896557300537, 106.85242977549353, 103.52504673376319], [15.81515031733287, 14.272713574989796, 21.392393711046083, 32.39906615734041, 29.32572914119419, 24.71057804866687, 22.976431958442067, 48.58965899466914, 52.63628057891624, 59.933583920030415, 68.67953954313221, 77.81458946755968, 70.70807367373583, 63.96908710437567, 55.0434494590449, 12.90433897148099, 7.617545045455656, 11.225523661186143, 18.950616194990737, 26.808336249870827, 23.95551471010625, 15.674972535743725, 8.168250146944938, 0.0, 10.387352469160371, 49.12806298527677, 56.28237677786752, 63.73296515060699, 73.57522497355988, 81.66215159899417, 79.98066176296688, 72.80235509481784, 65.25557597427022, 57.88962145975368, 51.77095886977484, 21.45581134096031, 30.480967619258116, 42.44825782487949, 49.75329312781418, 58.853486447021645, 64.13507892135468, 67.8757610756529, 69.81401240001243, 65.50482774396016, 50.156584144788376, 42.26726711636607, 36.31491855150201, 82.97101244463258, 72.46521675845491, 73.09283401091484, 76.52434359868616, 78.47079524928775, 83.95987314974619, 96.9765914747579, 99.68817267625082, 98.5208191414425, 96.80917658851719, 93.82282015261684, 89.89759608621974, 83.2146966447632, 76.77605615511341, 80.08962076821784, 86.09215133319158, 94.63122152856883, 93.3673788503792, 88.34640462332992, 86.58681499804011, 52.21023406156125, 57.94439598390845, 70.08422527604456, 82.07031583194754, 95.98457875570793, 107.44368407076, 112.70247062044038, 122.37650779781136, 127.6045412839512, 133.77314022252534, 125.84260669640382, 114.04086043770837, 109.7518866823061, 100.78274251704845, 97.67168819232779], [18.417058547398444, 20.772246907815006, 29.441316369993654, 40.149165191536135, 35.339676769899555, 28.61140900560574, 24.784683795540058, 40.44903333531432, 43.91845383072381, 50.87573334364698, 59.79237368618862, 69.41329688930833, 61.978732861321404, 55.21897187182413, 46.66794111538826, 5.661570495384739, 12.6759265201653, 20.079422166922782, 28.74313081635411, 36.938165744944925, 34.28599251303443, 26.025994733492055, 18.491907789061845, 10.387352469160371, 0.0, 39.516262660674286, 46.903922360034585, 54.72509137814782, 65.05239803063716, 73.52147760260172, 71.60697004044313, 63.99135238439702, 56.1170704627258, 48.50265876045458, 42.243518664850754, 13.259124251605494, 24.398989458912308, 36.91806714664053, 46.82677700900299, 55.44759900340084, 59.448323090962155, 62.074680606316015, 63.55865726701325, 58.37097451119285, 42.126473213973526, 33.76328956716263, 26.819106278659493, 82.85481378574707, 70.77526453610436, 69.44646004498134, 72.0261078028035, 73.21498908729754, 78.29656649509056, 91.46609980061389, 94.90348537734953, 94.43281918780791, 93.48146553457475, 91.32444194771492, 88.66415434352096, 82.62495397905974, 74.18309156915048, 75.93794509709156, 80.79427356811517, 89.39548009422099, 88.86120302421791, 84.82778667606098, 84.62353307123867, 61.75523965632658, 66.60679723018441, 76.78343748169323, 87.15957225949023, 99.94577228823908, 109.51586575441412, 113.18931954375364, 119.35045504182798, 123.10297720744269, 128.8405629611007, 120.22082462483044, 108.0161931424398, 103.09176814523141, 93.9959841135087, 90.7118496449608], [50.9280762891903, 56.85098865690669, 66.06893083351979, 75.12712683455037, 69.69881424750035, 61.175452078740264, 54.3560000595864, 26.065801268785773, 20.640978855799403, 19.98938832469583, 27.68923091797152, 38.844280846402356, 33.46405121888109, 29.99673004301586, 27.443873583932916, 38.03696485623807, 48.738201614307904, 56.57815077616923, 64.98516896681524, 72.90928672855321, 71.33075348448081, 63.6856805174999, 56.6891683728584, 49.12806298527677, 39.516262660674286, 0.0, 7.744889671787715, 16.380940865843634, 27.95591863656081, 37.96469785056952, 35.855297229814234, 26.589667814741972, 17.811770958282082, 11.112354481080509, 6.766544407961349, 34.646881114875264, 41.635980917540124, 50.63306487374911, 63.63779179878465, 68.465129128186, 68.11325626991652, 65.11778284457637, 61.79904900637501, 51.99501061998429, 40.11687326865759, 31.46383028680631, 21.261732050383994, 99.28335805513183, 85.52638421305193, 78