{
	"dissimilarities": [[0.0, 7.368329571154783, 15.015217141138853, 25.481967012922755, 18.299888294990243, 11.500703814050818, 7.882273638043848, 42.20206756033863, 49.051823201976994, 57.52375781580123, 65.6310743690184, 73.33531406447054, 66.11069537916802, 58.08792537301908, 49.66646350076157, 17.352205954179112, 17.15645172471365, 20.22832242377427, 25.62108399833397, 31.42259661932825, 29.518624970363877, 20.627862190170212, 15.130642660024654, 9.983334889203006, 11.031453850151484, 48.24883702231533, 55.26335109110169, 62.075195025567574, 70.97933724449544, 77.56928230769273, 75.84542127340299, 69.77733770304995, 62.869536420243605, 55.71654879717217, 50.012511893735564, 19.58508160613067, 23.96919242999365, 35.594574501727436, 38.5078446812872, 48.52560662765123, 56.36923874577095, 59.52801378061804, 60.615643570419984, 56.64873508692771, 44.628259364960236, 37.97805440963516, 34.89022199716019, 66.08496440283942, 62.31720890068939, 63.88367736200681, 67.58229342726237, 69.61649317958731, 74.17717694179517, 82.8222490180381, 82.40263631238903, 81.60760401156456, 79.34246366663831, 75.9833853795304, 70.79935062038072, 66.28342239867106, 66.73827282858251, 69.94754007941086, 75.47467765840577, 81.04307697307719, 76.25400640001128, 71.42575995222028, 67.61502252165205, 59.36165303639755, 63.97499408897512, 71.57200535463315, 77.6132749216274, 91.70006760538719, 101.83648132294377, 103.68223717040478, 106.57351219459308, 115.3823706421421, 120.73733637893291, 115.24963586429791, 107.71224928289725, 103.7027095879947, 96.6740468954533, 94.442716597746], [7.368329571154783, 0.0, 8.081584070675625, 20.13295360388945, 13.91308257256748, 10.701899549070575, 12.091116652246683, 49.554779948722825, 56.351770249243465, 64.74597692339275, 72.9000621227013, 80.67743642592707, 73.47548613493476, 65.43961962601198, 57.02747964220242, 20.26905550699571, 16.139497948591337, 15.796088641191748, 19.98482136434862, 25.29273865662596, 23.08866621617013, 14.105431118765916, 9.895866928456241, 8.947275662002262, 15.035902709404382, 54.850516971193976, 61.93141171529948, 68.82208364381866, 77.81733056985118, 84.56110302642468, 82.9208766365285, 76.80023471783305, 69.83590553545753, 62.669291668490764, 56.867026968855555, 25.79755385497443, 29.716080706361176, 40.006813911196545, 41.846104337152404, 51.97229780083529, 60.25879105580647, 64.27146315725291, 66.08404688758664, 62.91549722300169, 50.73726852973232, 44.61857615515808, 41.73728044492908, 67.64817196087962, 64.83944320176539, 67.32675709528901, 71.59460242856818, 74.21104553513472, 79.20195511398317, 88.20172237688946, 87.24684547767993, 85.83137104201458, 82.9740546606792, 78.99748059381697, 73.05526196342005, 68.2901263154782, 69.79618795885058, 73.8761895645215, 80.27430432404738, 86.26804026765107, 81.02189646337021, 75.307044186293, 70.65015638460495, 54.70253109031792, 60.20030200084355, 68.70601909667154, 75.89350125558306, 90.52540886053146, 101.76577048728284, 104.71153653558918, 109.71911846294852, 120.24228963559197, 126.26338637819858, 121.44175801377197, 114.28360518038724, 110.61231868440568, 103.62195606421925, 101.07811886350511], [15.015217141138853, 8.081584070675625, 0.0, 13.083577406887503, 9.720151461671419, 12.72609349402577, 17.3315111408561, 56.99572382390977, 63.97663605404626, 72.4806312109236, 80.53203165513233, 87.90732112881388, 80.83917635776558, 72.83725187477786, 64.36196087384842, 27.553101666920533, 21.293058376577235, 16.954185842328997, 17.39601533150931, 19.695681879271433, 16.6375710829048, 11.215776038415976, 11.889058302258004, 15.511025176870678, 22.877607152499582, 62.87128090623944, 69.90290120634268, 76.69796211829603, 85.46603427449054, 92.01142153692324, 90.47486658211723, 84.55104328738538, 77.70743177024569, 70.59874986740843, 64.85142479738592, 33.809578699969514, 36.73493401024166, 45.78467051953364, 45.418417688696955, 55.553625746863084, 64.75694490253863, 69.39948438459848, 71.4438502012331, 68.99831907011425, 57.67144672348775, 52.12240593942065, 49.72250046801006, 68.12944023810434, 66.84629017100087, 70.5825321080484, 75.41042584317057, 78.56191719055224, 83.7576902538313, 92.6949340217069, 91.29051557474116, 89.34744706692972, 85.84814891307964, 81.25841340158429, 74.35021228201951, 69.30413629234899, 72.31796589993294, 77.47956665759936, 84.5122646137021, 90.65201963421495, 85.18620556168672, 78.7489134797332, 73.09652251851058, 49.32419249893655, 54.15395153104524, 63.010334414296054, 71.23690302424224, 86.49171294565275, 98.96849566399212, 103.29717286146455, 111.47005814915289, 123.34592729658533, 129.90455931474844, 125.92619344844304, 119.31305494906061, 116.29279046644305, 109.813532224266, 107.7610236185045], [25.481967012922755, 20.13295360388945, 13.083577406887503, 0.0, 10.250241925122458, 18.690495981505258, 24.38762023018192, 64.82553936518015, 72.31248772210024, 81.15179921804436, 88.76634796639141, 94.79893020211419, 88.09686232319264, 80.28317904389876, 71.75117066952099, 40.26831297514365, 34.074913921639435, 28.275588759037827, 24.878789860865464, 20.60294821944054, 16.484809118920513, 20.88575670659833, 24.424719259372488, 28.388371538481902, 35.11407244470293, 73.38568774470036, 80.17448545415179, 86.58045735494498, 94.56470320449073, 100.24349467299348, 98.83129869045129, 93.56748657981508, 87.17461119834063, 80.27241290522898, 74.85874356305531, 44.781519891559746, 45.80142611138137, 53.46973342241357, 48.84435524260109, 58.717093966505175, 69.71080500760259, 74.60653808127789, 76.0322656566873, 74.36122234931433, 65.79820713319727, 61.09304785482736, 59.77813957940142, 65.4935941046841, 66.99617276446843, 72.68388825222455, 78.06729061035338, 81.69639782581797, 86.6659206954022, 94.69526135446473, 92.94650487410873, 90.60777577389955, 86.33256223724293, 81.12052885652389, 72.79623104100882, 67.40874524680669, 72.93955454552898, 79.6462571579874, 86.88352898963042, 92.62469537060868, 87.39115954992421, 80.5119538468067, 73.52802531285224, 44.19992309208066, 43.21383057532395, 50.3601693655435, 59.186192444116365, 75.31059617028278, 89.34475287249532, 95.69295683183839, 109.36989632108236, 121.95443372217085, 128.88184529701786, 126.27442458727965, 120.70760729430891, 119.12428162267584, 114.31001245047489, 114.44841262456792], [18.299888294990243, 13.91308257256748, 9.720151461671419, 10.250241925122458, 0.0, 9.138901220944122, 16.09755330953552, 57.07333541971463, 64.85890657067026, 73.74486874278901, 81.50883876258135, 87.9341005435134, 80.64223668411003, 72.53449671507963, 64.096794713566, 33.70373671944448, 29.550198363460456, 26.559381291141968, 26.714051453571283, 26.564059580975087, 22.727487608341512, 20.728340045218552, 21.0252191281707, 22.608951733408098, 28.027533651701802, 65.92459767896244, 72.9194874073394, 79.64334304459588, 88.19723831795318, 94.11337588462361, 92.35060924852043, 86.68626885604621, 79.98384520513417, 72.85058661008394, 67.32325466967347, 36.371713042240685, 36.09345659187024, 43.25575275542683, 39.39974299701999, 49.408283591252264, 59.88898296620232, 64.8159912916371, 66.68377695607008, 65.24537003349693, 56.02250273630831, 51.804710032062374, 51.40191987520576, 59.23520315979613, 59.05997110723827, 63.852726315927136, 69.06518661250438, 72.60991469071458, 77.82664231632806, 86.5335604886949, 84.68383373917543, 82.3384519447582, 78.35746090566293, 73.40854774958738, 65.86623173864389, 60.67133098227476, 64.79733139371193, 70.85235200474085, 78.22127041149038, 84.38445906083399, 78.80214398769441, 71.90340636458927, 65.48651761788021, 53.35427109066379, 52.68240576133164, 57.61210599152238, 63.6798172274413, 77.70166353492787, 89.57448605490043, 93.71242607275235, 102.94798004406367, 115.88243349489107, 123.35329583991127, 120.67608667085774, 115.26633850351811, 113.73262176713536, 109.4928122636947, 109.94984919896898], [11.500703814050818, 10.701899549070575, 12.72609349402577, 18.690495981505258, 9.138901220944122, 0.0, 7.631523131521128, 48.261576158340596, 56.10991734690856, 64.98492990342906, 72.80313032987976, 79.48671413062802, 71.95061115013314, 63.73872477240799, 55.34964400096752, 27.555133019043655, 26.100536979062653, 26.31640039767221, 29.267091185812543, 31.898060278420385, 28.698826760113192, 23.04717302481649, 20.204968567976266, 18.404516324371393, 21.31956778054023, 57.34083976329524, 64.35734982368507, 71.15690182034673, 79.90880357048694, 85.9047094139092, 83.96680073963573, 78.13352059875426, 71.32918228978077, 64.1299548181968, 58.61018645468576, 27.819876427329667, 27.160742048591786, 35.3192513562741, 33.28388043954797, 43.52422635624277, 53.26814579038653, 57.53738231198517, 59.11750169813073, 57.01857848409323, 47.187137340090445, 42.687594423751335, 42.44816588063826, 57.20807371408187, 55.13187448099041, 58.514921206001034, 63.140105514405825, 66.12405112882645, 71.14998269322864, 79.9873648203853, 78.5917576932091, 76.81152407745235, 73.53295411489353, 69.27412767994792, 62.849502431873624, 57.97116255227293, 60.295570108502076, 65.16786462571149, 71.87952294944424, 77.93354990758816, 72.54216476724395, 66.39943755261956, 61.076988018568706, 59.43508403696525, 59.55167729916923, 64.01143405342832, 68.6498554688615, 81.70017086914542, 91.89183776875798, 94.22154744672369, 99.53708575214503, 111.03371084318839, 118.04235545139862, 114.55999435072872, 108.69934818204003, 106.66526424612438, 102.26133823417524, 102.65060073606662], [7.882273638043848, 12.091116652246683, 17.3315111408561, 24.38762023018192, 16.09755330953552, 7.631523131521128, 0.0, 41.043323075816105, 48.76404002183437, 57.653969377787305, 65.4258003660091, 72.1064274216203, 64.73577050949353, 56.625362391476365, 48.16471088700835, 24.151465064749505, 24.937367403811276, 27.24556899290257, 31.373633525810302, 35.21588434984296, 32.63199609322827, 25.965843948265594, 21.676777633384923, 17.499768394255362, 17.59084745700499, 50.46685705899089, 57.320669140550066, 63.931201973949314, 72.44786800655169, 78.32520004321941, 76.4285475899639, 70.71586018398759, 64.04519025685693, 56.948127886810084, 51.55680866101192, 22.157364652157234, 22.601953576034216, 32.88772862337303, 32.68133796183604, 42.851387279474835, 51.93225513555992, 55.076889775417364, 55.66376257883665, 52.264535824595185, 42.39845425126144, 36.8816836628165, 35.863218583749585, 58.89404686063739, 55.72763869576114, 57.93274277873738, 61.812296968612735, 64.00497218725899, 68.43953894504224, 76.74355193703052, 76.14846924314705, 75.24130963454414, 72.73908348348385, 69.26573734144986, 63.73959439493606, 59.146272621442186, 60.22165189174852, 63.96637422755738, 69.49323210936757, 74.92079781472322, 70.20142292278572, 65.26677238895216, 61.03154536810882, 61.79288651797891, 62.584581036650945, 67.4906161686271, 71.82903050811305, 84.97780307933796, 94.41720427645852, 95.90109660292877, 99.31616829690645, 108.34968059902424, 114.18842967325003, 109.5630556750073, 102.88485481248138, 100.06540253338085, 94.94556482498113, 95.06136803806535], [42.20206756033863, 49.554779948722825, 56.99572382390977, 64.82553936518015, 57.07333541971463, 48.261576158340596, 41.043323075816105, 0.0, 9.004225814818007, 17.958411274095102, 24.991643250667032, 32.16576111439302, 24.039597800581042, 15.899831016568728, 7.649484201462605, 41.25426906402743, 50.3870556311562, 58.33833682452355, 65.16510169795458, 71.70337428380094, 70.46587338986274, 61.797356857988945, 55.25407106776414, 47.688845409944236, 39.66184092578326, 21.322969379341146, 24.715134188903164, 29.111645104255413, 36.172265910226, 40.74423841851759, 37.8762595630449, 32.43095455835411, 26.69177270700575, 20.847812837232066, 18.472223604428052, 28.234800310050503, 28.55158763739314, 36.17123574767488, 44.17997262222136, 48.430487861233246, 49.871263356623935, 45.85311659587811, 41.02130734932423, 30.505163163460526, 24.866099495821395, 17.26866473789068, 15.318016721341213, 72.18897154668896, 63.51497196503896, 58.695181019313225, 57.572603525837486, 54.90111471466446, 55.36303461816697, 60.18443499865863, 63.924512486241035, 67.72303696028249, 69.99681973334215, 71.27023542708677, 71.91004278200322, 69.84294026723569, 63.577753953216714, 60.07420677825852, 58.27937351731002, 59.86226424977385, 59.20050354332378, 61.65483944570555, 64.4304844177358, 94.32121140949305, 95.76090292648165, 99.11377062486989, 99.58599584745795, 109.48667990356206, 113.01557469328976, 108.49002796707533, 97.42705595293756, 94.4774298266364, 95.00550631936844, 84.7055024921193, 74.49104652504612, 67.62356476170261, 60.667259447359335, 61.2591947848786], [49.051823201976994, 56.351770249243465, 63.97663605404626, 72.31248772210024, 64.85890657067026, 56.10991734690856, 48.76404002183437, 9.004225814818007, 0.0, 9.163317684272712, 16.72819513417284, 25.75058497239255, 18.333743573149647, 11.78985902727331, 7.609827012386088, 45.87029106122629, 55.24169211841746, 63.54398924850169, 70.54715146573827, 77.56937005135114, 76.70613326665426, 67.76687355301635, 61.13144069257479, 53.56970450319952, 45.315275137424585, 16.854611991497496, 17.756377826357635, 20.73398896433026, 27.275884134044876, 32.11453817484141, 29.155773451290244, 23.43722244466665, 17.90541365959396, 12.94224391243331, 12.722508184793044, 34.04883814197993, 36.090705785978, 43.53206174139472, 52.7646561148384, 56.50566801349449, 56.671988241926634, 51.954249111773976, 46.86951733801397, 35.827178982801904, 30.553433693512783, 23.26767688194999, 19.10263693441191, 80.66385786957981, 71.59424922697796, 66.0469813485281, 64.3056317098999, 61.0071810553899, 60.828959647255154, 64.80361849994104, 69.29816218893501, 73.7907875435965, 76.75531757967812, 78.62081659756507, 79.95579537323248, 78.15044078188136, 71.22339130466588, 66.82641581414983, 64.00657297333414, 64.82565106102179, 64.94287037429112, 68.44277144462025, 72.07484383713708, 99.34860276028552, 102.22432276017699, 106.59073744472913, 107.53452580348134, 117.75602385340213, 121.13842966435465, 116.32732798629054, 103.83141108995949, 98.55325152171689, 97.4774718309128, 85.49581164787705, 73.89981488340806, 65.0141558242866, 55.5042624051465, 53.76959872298789], [57.52375781580123, 64.74597692339275, 72.4806312109236, 81.15179921804436, 73.74486874278901, 64.98492990342906, 57.653969377787305, 17.958411274095102, 9.163317684272712, 0.0, 8.63284076462603, 20.352451174611723, 14.203970503248906, 11.774309000031254, 14.048224181432827, 52.78585867514921, 62.35002355435255, 70.93851114236769, 78.13204690113899, 85.52436451624722, 84.87719515784268, 75.66117928519637, 68.92782463085192, 61.364055793407765, 52.97046329242562, 17.558947439487884, 14.53524819155105, 14.373748272449047, 19.620191729031752, 24.471859811590146, 21.020743872213515, 14.766868679526375, 9.967955022765754, 8.546500675920763, 12.80549837920645, 41.69240427205625, 44.127590110988535, 50.662774973270174, 60.75694762181633, 63.71087562133983, 62.48211182927205, 57.01957350911093, 51.73543429254507, 40.56550775337655, 36.20294703673449, 30.032069783233307, 25.88237157714588, 88.27318063295792, 78.64690366376453, 72.24282064249593, 69.81113006244077, 65.87551839832331, 65.0628164608087, 68.26236441858877, 73.39342120470214, 78.52048173537897, 82.21709402074438, 84.74307580757905, 86.95806752339783, 85.51910132375224, 77.73165827418843, 72.32795063268766, 68.47800692322909, 68.60264659154858, 69.42564702858525, 73.97447300501938, 78.5790040385521, 106.84484640061306, 110.56857748033512, 115.31084341390866, 116.21802032674205, 126.24231216774277, 129.05742652485088, 123.58169170870173, 108.86986119270907, 101.53323455544563, 99.1842922894271, 85.84917166977236, 73.31391547239839, 62.80945834168374, 51.56476269045714, 47.93878701080222], [65.6310743690184, 72.9000621227013, 80.53203165513233, 88.76634796639141, 81.50883876258135, 72.80313032987976, 65.4258003660091, 24.991643250667032, 16.72819513417284, 8.63284076462603, 0.0, 12.940563884335376, 9.794905634634873, 13.359514864369515, 19.223376509538507, 61.349929269535146, 70.80718942437728, 79.25707930324327, 86.25082904951083, 93.39068245733498, 92.76152746048948, 83.89748168139094, 77.27623260804134, 69.76772751556497, 61.44953871038275, 25.351704994030893, 20.656673775150367, 17.149346477308253, 17.04930439833136, 18.661383276560343, 14.68336670610038, 11.070318121103385, 11.758094353160379, 15.270644406380923, 20.789593334696228, 50.20907630059293, 52.084705068318186, 57.79312010506415, 67.10350021435256, 69.29554532053452, 67.59716796223218, 61.28545017225937, 55.00878069199618, 43.678259361763835, 42.365004862334025, 37.45467933139374, 34.37859020758538, 92.9805003037362, 83.35355089813741, 76.53167524961135, 73.44952170710246, 68.8509425295872, 67.0340422277143, 68.66388379453028, 74.64239221355443, 80.60311020423129, 84.98274779983927, 88.21368187254788, 91.10407321197324, 90.02433203606815, 81.8560726672609, 75.76545290034589, 70.51699267418243, 69.42226755475926, 71.40326634126863, 77.26675529027118, 82.6317104109172, 113.67772952324817, 116.6958085056105, 120.86632308490691, 121.13039065869383, 130.63106852528787, 132.58226820662554, 126.41888742667886, 110.35211973532125, 100.08052227093343, 96.09492297589026, 81.48800678265484, 68.14425506379848, 56.49071364052489, 44.766640202326776, 42.171873483247396], [73.33531406447054, 80.67743642592707, 87.90732112881388, 94.79893020211419, 87.9341005435134, 79.48671413062802, 72.1064274216203, 32.16576111439302, 25.75058497239255, 20.352451174611723, 12.940563884335376, 0.0, 9.943781514933091, 18.17085362659149, 25.0188842995108, 71.3788613477123, 80.39931185873208, 88.24351428040002, 94.58395059055323, 100.76555482097595, 99.96674780068653, 92.20203885588496, 85.96310616738276, 78.63310559793351, 70.66629486882393, 37.74181143472462, 33.36058384822733, 29.153608023986088, 24.740640807528127, 20.292333928853058, 17.505503401104296, 20.25812279679677, 24.166803999135904, 27.967122928632865, 33.083515791446004, 59.66578397009128, 60.283918129247866, 65.26153661928542, 71.9867143017215, 73.43631534980538, 72.3673907329707, 65.19427136161849, 57.08271744304909, 45.74611812831901, 49.609651965380415, 46.02234039650101, 44.574580221876715, 94.39873908884014, 85.58792894000626, 78.97550428818916, 75.33303790539725, 70.08830123217578, 66.79052093136382, 65.65611700269258, 72.79097016163654, 79.84296044366613, 84.81318055898394, 88.78410991224838, 92.0486367635742, 91.32429616138589, 83.4824705509781, 77.17772155139556, 70.08254380415148, 66.99723664440315, 70.79977352148146, 78.29425189198766, 84.09239361390081, 119.16550508692166, 119.6902256664372, 122.18766532645161, 121.10895426976204, 129.67588468563056, 130.4052302975286, 123.60106345345672, 107.5476974847742, 92.9018006317409, 86.49520352602296, 70.4547024409919, 56.138651592672396, 43.659111445978475, 33.4344480839618, 37.74817477651864], [66.11069537916802, 73.47548613493476, 80.83917635776558, 88.09686232319264, 80.64223668411003, 71.95061115013314, 64.73577050949353, 24.039597800581042, 18.333743573149647, 14.203970503248906, 9.794905634634873, 9.943781514933091, 0.0, 8.686177295799116, 16.636105514456474, 64.06515427047822, 73.45537143906117, 81.60048572518059, 88.33908758511895, 94.79740053111708, 93.76919033924854, 85.44103104665942, 78.94493129446943, 71.40260247107847, 63.23493214471748, 31.46585779341089, 28.430216143976835, 26.45068328997179, 26.43731756345993, 25.77618624778654, 22.080319950244448, 20.636892869040626, 21.00933403528684, 22.45594476383577, 26.65046879857114, 51.596408180515944, 51.29988145359416, 55.59793813736994, 62.93346501314985, 64.264256553359, 62.819151429851914, 55.84998655050202, 48.320412435497964, 36.905261229839574, 39.70832485684409, 36.50996841387215, 36.192580671297016, 86.46984712822254, 77.06880410667814, 70.2048726847189, 66.73579486219506, 61.74957986808032, 59.17002605343153, 59.696281902150815, 66.1025243986184, 72.53478282085727, 77.2103701179006, 80.86360798855135, 84.12779406766366, 83.35210054347743, 75.10865305691718, 68.78756649584031, 62.56629976408828, 60.64847298899808, 63.37635163056246, 70.08256107287777, 75.79456771411256, 115.13042550666708, 115.61947531726727, 117.74541895226396, 116.45300841903034, 124.6413220802638, 125.39857501696463, 118.41020139103662, 101.5400521913342, 90.30777986991124, 86.4731662745227, 72.39637813266724, 59.88398689782799, 49.928864178363135, 42.70036907911965, 46.39411318088373], [58.08792537301908, 65.43961962601198, 72.83725187477786, 80.28317904389876, 72.53449671507963, 63.73872477240799, 56.625362391476365, 15.899831016568728, 11.78985902727331, 11.774309000031254, 13.359514864369515, 18.17085362659149, 8.686177295799116, 0.0, 8.5699804334475, 56.33136592384554, 65.80039913032759, 73.99386772664118, 80.87903547191357, 87.41094988483438, 86.23117492126816, 77.65957575796797, 71.07327812316451, 63.458665115631675, 55.26666782441494, 26.51287993433533, 25.480404830561014, 26.046614470410486, 29.51245754322041, 31.340754273198023, 27.693020125695266, 23.921826410190423, 21.155346825163374, 19.48946250801789, 21.84261017397623, 43.396540363460595, 42.632770284603716, 47.1193298959103, 54.7874680332012, 56.61030947910529, 55.61588587462052, 49.26911938515873, 42.4235563178019, 30.88223143135541, 31.69458359766201, 27.993025511471853, 28.241935983420788, 79.69519741342496, 70.18617761949461, 63.62526671924199, 60.711621686944135, 56.30516005398179, 54.68864657898319, 56.90507786214586, 62.420957624725446, 68.03101243840513, 72.06029600479225, 75.07506850414289, 77.77888564532202, 76.70931899934017, 68.69755029739443, 62.955340868662596, 58.03757848709339, 57.39704654611561, 58.915320484328056, 64.3884290612406, 69.45111041442702, 108.9195814677955, 109.4606660744661, 111.59784308536165, 110.52359875982832, 118.87917493533368, 120.2076343029082, 113.66366026980052, 97.78443044436554, 89.77693392768326, 87.96162424031027, 75.55533824039807, 64.27647205308881, 56.00812800902603, 49.79861808663298, 52.7463030697647], [49.66646350076157, 57.02747964220242, 64.36196087384842, 71.75117066952099, 64.096794713566, 55.34964400096752, 48.16471088700835, 7.649484201462605, 7.609827012386088, 14.048224181432827, 19.223376509538507, 25.0188842995108, 16.636105514456474, 8.5699804334475, 0.0, 48.7841033338007, 57.961146321862856, 65.89132393020546, 72.6035357444296, 78.95547279862417, 77.72391474023375, 69.32692663905759, 62.85250557474241, 55.318203978259135, 47.305251483392134, 23.819035035571236, 25.013049554545844, 27.56037063117131, 32.81645910437819, 35.9668494950269, 32.826823000194125, 28.2910354164503, 23.89130555046959, 19.804355818965433, 19.786924607585203, 35.7869371537564, 35.365198072443974, 41.375814712876036, 48.71631826451306, 51.77829037949045, 52.31909289635126, 47.063651751354115, 40.881856448965685, 29.52892696776002, 27.849007692240544, 22.340063460006846, 21.83683501640755, 74.89295800524987, 65.97192738791976, 60.422491551373156, 58.43165784043029, 54.88250841222422, 54.2267705768081, 57.60054842466737, 62.29116844511451, 67.05271950101141, 70.16026067005997, 72.28959671406041, 73.8458521520876, 72.24161865845713, 65.26855692017223, 60.7651884979238, 57.32476202731248, 57.689229501127706, 58.21023883916758, 62.22829255163479, 66.05544607058404, 100.70450548269095, 101.33612800065313, 103.90495624399394, 103.50545156596527, 112.65395380535968, 115.09542431276539, 109.63900147993586, 96.64948227942477, 91.00440340235144, 90.29956551910658, 78.9974021591372, 68.25073689642365, 60.85556311015039, 54.403522926869364, 56.57597619311446], [17.352205954179112, 20.26905550699571, 27.553101666920533, 40.26831297514365, 33.70373671944448, 27.555133019043655, 24.151465064749505, 41.25426906402743, 45.87029106122629, 52.78585867514921, 61.349929269535146, 71.3788613477123, 64.06515427047822, 56.33136592384554, 48.7841033338007, 0.0, 10.598157655506027, 20.440219734984503, 29.4550320581631, 39.18347579245193, 38.73925617932369, 26.331625586164417, 18.925793504702437, 12.131836311105213, 6.562540666054497, 39.22440674423233, 46.43335842414483, 53.795590253362676, 63.964424752087574, 72.16261478124713, 70.41179520810837, 63.279199985535676, 55.745104611491236, 48.56179788203584, 42.37375039314002, 14.642336981582245, 25.16551012969795, 37.17639878060233, 46.95583317686264, 55.73922755333688, 59.90733808490955, 62.48735004941172, 64.61566467025847, 59.69669999859759, 43.50209194324579, 35.502278755784985, 29.17380327440723, 78.11636849101087, 71.81089390844328, 70.97040471246243, 73.7366514517605, 75.05173897058538, 79.72647474674005, 89.23753103214436, 89.24267258515958, 88.89434794775293, 87.62202191413444, 85.05181368552363, 81.61356565815814, 77.68230531328443, 75.47001345135067, 76.61146931125697, 81.6874387693748, 87.5729822960302, 82.65164288228799, 78.54145400910363, 76.51861202828881, 67.74545071650361, 78.0304224114434, 88.1056672346883, 94.92406987526157, 108.86278774571933, 118.3455992033892, 118.95351507517212, 116.80605790795153, 124.89914556540563, 129.62840551451265, 122.43237203773246, 113.51618229361948, 107.32226899431173, 97.37527657442227, 90.83931497656431], [17.15645172471365, 16.139497948591337, 21.293058376577235, 34.074913921639435, 29.550198363460456, 26.100536979062653, 24.937367403811276, 50.3870556311562, 55.24169211841746, 62.35002355435255, 70.80718942437728, 80.39931185873208, 73.45537143906117, 65.80039913032759, 57.961146321862856, 10.598157655506027, 0.0, 10.00913445632273, 19.24644960659282, 29.51366103460066, 29.4765166173452, 16.80887449970681, 10.198661603862634, 7.741952742256312, 11.752913264404958, 49.04760142089965, 56.03390424639578, 63.0865563867679, 72.72898593324922, 80.73912709643828, 79.30946288986048, 72.53010952271096, 65.26667573831813, 58.27877391003529, 52.21062291541335, 24.167435338827534, 33.1709915437584, 44.559167104878256, 51.879875525982996, 61.30810983909082, 66.84362321381235, 70.29232450460788, 72.67742181537238, 68.35188856574537, 52.93519056338717, 45.337656448879194, 39.37067934994075, 80.96049749611475, 76.20537343214319, 76.79895263820231, 80.30353838924636, 82.2618235572167, 87.23724329809563, 96.74715044733694, 96.33381320933378, 95.44116061106388, 93.42882874914241, 90.11357494541942, 85.4803690745684, 81.11447597171615, 80.57579277746625, 83.0062738950356, 88.88107429525722, 94.96048369475855, 89.77879808563632, 84.79457819211089, 81.56692933127398, 58.656478778678476, 70.85261081874584, 82.75243310918377, 91.41053150906797, 106.60920333142872, 117.80229597283615, 120.15699743463534, 121.79768808561599, 131.15983602460844, 136.18687257800556, 129.54753409770473, 120.8176192502485, 114.92202293780457, 104.73270624195763, 97.92704616006306], [20.22832242377427, 15.796088641191748, 16.954185842328997, 28.275588759037827, 26.559381291141968, 26.31640039767221, 27.24556899290257, 58.33833682452355, 63.54398924850169, 70.93851114236769, 79.25707930324327, 88.24351428040002, 81.60048572518059, 73.99386772664118, 65.89132393020546, 20.440219734984503, 10.00913445632273, 0.0, 9.378618253019901, 19.93071062649193, 20.294518338922433, 8.217690330365398, 6.398828445738251, 12.156006190856806, 19.89526873680265, 58.320007956137665, 65.15387810168767, 71.93337228731413, 81.03671755442218, 88.68326235857218, 87.4899876990123, 81.1076143284092, 74.11538382535089, 67.26041159551839, 61.323408548599566, 32.929888873324565, 40.666734462565394, 51.51429639858024, 56.320121880298565, 66.15703032489812, 73.01764016951297, 77.0622094295174, 79.43185584082097, 75.59160895735181, 61.239187759802576, 53.98382265701426, 48.47646478337673, 82.84650401960774, 79.69610394862339, 81.64325575910671, 85.74934918033891, 88.21950508985337, 93.33552531417487, 102.64334265887202, 101.9054142459299, 100.59151213502605, 97.9320676076087, 93.99736541375283, 88.2706019581891, 83.54284860321151, 84.6355134612575, 88.23969162162939, 94.66453377654295, 100.77384574216605, 95.48474187971253, 89.85008897950269, 85.54952294849582, 49.67655016296202, 63.060436341651126, 76.44347299014301, 86.73079002986194, 103.02901884139038, 115.76505560324391, 119.78952821870408, 125.2232746489101, 135.51693688480367, 140.77062730756703, 134.7573367184669, 126.33598273021418, 120.92777484295881, 110.91699185689735, 104.48017519062797], [25.62108399833397, 19.98482136434862, 17.39601533150931, 24.878789860865464, 26.714051453571283, 29.267091185812543, 31.373633525810302, 65.16510169795458, 70.54715146573827, 78.13204690113899, 86.25082904951083, 94.58395059055323, 88.33908758511895, 80.87903547191357, 72.6035357444296, 29.4550320581631, 19.24644960659282, 9.378618253019901, 0.0, 10.986756811205302, 12.416189225553909, 7.20735648880094, 12.793460853876445, 19.972459652383208, 28.132052420741346, 66.30013438790587, 72.92975200842545, 79.37796322707955, 87.85747524919175, 95.06855413287516, 94.12568021671579, 88.1995743699756, 81.53752732686334, 74.86822614160354, 69.11199156565603, 41.092245521143994, 48.151612644822414, 58.80143934897433, 61.51089609199371, 71.5783279715796, 79.5516201680919, 83.83352593572197, 85.87972526767682, 82.21596474082482, 69.01769077757488, 61.86563206252387, 56.51853260515282, 85.51197222822667, 83.84836094982491, 86.89509092541532, 91.38091680724472, 94.13519207391572, 99.17869375631447, 108.03644333926108, 107.19366974540752, 105.70067955211873, 102.59631573610099, 98.25946158209838, 91.64885001834463, 86.64961209789531, 89.15583165141756, 93.65762405745238, 100.25706893433993, 106.16141905332663, 101.00084012620555, 95.08144299534258, 89.98459932750099, 40.690833756381785, 55.28491913027622, 70.36627691460518, 82.34122341926734, 99.82501934700477, 114.00464249506105, 119.62768735636239, 128.69710091669376, 139.18514810519787, 144.3115114868692, 138.6857210184206, 130.42160749272387, 125.35569541441346, 115.41867950568441, 109.37427005487956], [31.42259661932825, 25.29273865662596, 19.695681879271433, 20.60294821944054, 26.564059580975087, 31.898060278420385, 35.21588434984296, 71.70337428380094, 77.56937005135114, 85.52436451624722, 93.39068245733498, 100.76555482097595, 94.79740053111708, 87.41094988483438, 78.95547279862417, 39.18347579245193, 29.51366103460066, 19.93071062649193, 10.986756811205302, 0.0, 4.300479354137747, 14.2019551054645, 21.367431625284055, 28.478304868255155, 36.730626794778786, 75.01444783111785, 81.52764887705732, 87.70915523291562, 95.58285833492997, 102.14491083026769, 101.33620409235611, 95.91719988461786, 89.57527807245901, 83.00936739706661, 77.44740290785009, 49.24723382765287, 54.93981676630262, 65.0210426931799, 64.96735973962483, 75.11765923339794, 84.44289236391486, 88.9864466469601, 90.63223009351421, 87.41214939574814, 75.909471164531, 69.19723926123072, 64.5950395296346, 85.42540835566238, 85.60246695182876, 89.98837566337893, 94.9093544785915, 98.02117716260051, 102.9561935699279, 111.23234480877714, 110.17479131884424, 108.41373370247867, 104.75371406397306, 99.9552177609719, 92.33201252586335, 87.07118619800868, 91.2855252403941, 96.8807612900859, 103.67930261183753, 109.33439554419938, 104.31556852222974, 98.0460577495782, 91.99548705100396, 31.71652932169094, 45.04622016847486, 61.069465346904835, 74.48474674151001, 92.95604012832109, 108.53942666296543, 115.87068858895651, 129.14782217722856, 140.04836406787393, 145.29502768393147, 140.51845353036148, 132.849132552914, 128.67813850497183, 119.68736873017022, 115.096946841671], [29.518624970363877, 23.08866621617013, 16.6375710829048, 16.484809118920513, 22.727487608341512, 28.698826760113192, 32.63199609322827, 70.46587338986274, 76.70613326665426, 84.87719515784268, 92.76152746048948, 99.96674780068653, 93.76919033924854, 86.23117492126816, 77.72391474023375, 38.73925617932369, 29.4765166173452, 20.294518338922433, 12.416189225553909, 4.300479354137747, 0.0, 13.300551557497531, 20.4207138347119, 27.391768461509052, 35.71603024377914, 74.7424804476904, 81.38957598525279, 87.70155930535968, 95.71797589216969, 102.18190470337319, 101.22093803436537, 95.75422217721932, 89.32584888350517, 82.62610183231331, 77.02870037655613, 47.97922518744639, 52.78381454843546, 62.3610549774778, 61.54791104361776, 71.65560834342702, 81.25228682622554, 85.97272470143682, 87.72177701762887, 84.88751633535799, 73.76240247684557, 67.46743072543151, 63.53821081275149, 81.34254738025697, 81.74576526567968, 86.39261702812247, 91.4507955496729, 94.72374023499115, 99.74879114171497, 108.09949298324446, 106.8315243455857, 104.87679281761784, 101.05158791107529, 96.11879708219537, 88.34583624122483, 83.05825997159458, 87.51895761233708, 93.36081593507498, 100.36885461793291, 106.14077671272213, 100.98502252031544, 94.4841092844556, 88.21254251969626, 34.002808765071485, 44.33367307964528, 58.77532721643474, 71.43379671938304, 89.42517197561149, 104.75874187244062, 111.92735863632245, 125.23747720957715, 136.75306470724678, 142.4718104819906, 138.19903181424874, 130.99433783447807, 127.36740475771315, 119.23652003219658, 115.56595142148905], [20.627862190170212, 14.105431118765916, 11.215776038415976, 20.88575670659833, 20.728340045218552, 23.04717302481649, 25.965843948265594, 61.797356857988945, 67.76687355301635, 75.66117928519637, 83.89748168139094, 92.20203885588496, 85.44103104665942, 77.65957575796797, 69.32692663905759, 26.331625586164417, 16.80887449970681, 8.217690330365398, 7.20735648880094, 14.2019551054645, 13.300551557497531, 0.0, 7.593865007934759, 15.34168306103649, 24.05790716856281, 64.1272330749752, 71.06071194090038, 77.84184731337051, 86.76268007396337, 93.97057604988927, 92.71069097447395, 86.55079260528726, 79.62958759504613, 72.66851905976495, 66.77576444079652, 36.87501192131904, 42.6177434840214, 52.52027766736252, 54.81718627992981, 64.82126939881775, 72.85755429024005, 77.44786346950615, 79.8801841016795, 76.82033409744737, 63.68038097841415, 57.18672355265472, 52.938542238361535, 78.88420372328055, 77.00917626606753, 80.10119618174406, 84.72728963744146, 87.69367398686715, 92.97714957246278, 102.20187439828075, 101.01678671973794, 99.2248846602828, 95.97376929525406, 91.51537958405287, 84.94960581059905, 79.98642195103152, 82.37961702454547, 86.99947689525064, 93.97724557161382, 100.21278509253628, 94.72052356389173, 88.43750428975946, 83.22096326177852, 45.61702378217604, 56.74137993231811, 69.36005513115123, 79.77406614904234, 96.1187074080737, 109.467898511468, 114.34358715518967, 122.24667845499324, 133.78656602297636, 139.7412479065127, 134.78643249063003, 127.18933697785404, 122.84917837937328, 114.18634511590966, 109.39486556222379], [15.130642660024654, 9.895866928456241, 11.889058302258004, 24.424719259372488, 21.0252191281707, 20.204968567976266, 21.676777633384923, 55.25407106776414, 61.13144069257479, 68.92782463085192, 77.27623260804134, 85.96310616738276, 78.94493129446943, 71.07327812316451, 62.85250557474241, 18.925793504702437, 10.198661603862634, 6.398828445738251, 12.793460853876445, 21.367431625284055, 20.4207138347119, 7.593865007934759, 0.0, 7.916920154954577, 16.65085137190606, 57.060010989917146, 64.1197398980145, 71.09636442276744, 80.38395535303522, 87.81318074371525, 86.37327104049108, 79.94545938523288, 72.83103106697489, 65.75026165888202, 59.76260377885571, 29.53657797277494, 35.81506939360504, 46.18049097977062, 50.149699910221806, 60.03266265435404, 67.26478836926508, 71.50675567397403, 73.98159450002535, 70.61991972368558, 56.73644434981024, 50.0615614028167, 45.69797769150075, 76.46952689363536, 73.35024063893981, 75.48809667996677, 79.73198570806989, 82.37119584744782, 87.60100786752996, 97.03350603457089, 96.05445744020004, 94.54031588716776, 91.73028513504035, 87.69175496173642, 81.89332867272107, 77.16258545422293, 78.35310525256916, 82.17041435908436, 88.8219607697352, 95.08646202629751, 89.62380119083984, 83.74524606478737, 79.25854277453097, 52.13829978754357, 62.4294541910899, 73.80322136421289, 82.83410801310339, 98.29799179389855, 110.41057324663666, 113.94951901333464, 118.9350524177482, 129.86564373279361, 135.71080620279741, 130.3280504115993, 122.5313048442959, 117.88936874240481, 109.17921677687686, 104.2455760635066], [9.983334889203006, 8.947275662002262, 15.511025176870678, 28.388371538481902, 22.608951733408098, 18.404516324371393, 17.499768394255362, 47.688845409944236, 53.56970450319952, 61.364055793407765, 69.76772751556497, 78.63310559793351, 71.40260247107847, 63.458665115631675, 55.318203978259135, 12.131836311105213, 7.741952742256312, 12.156006190856806, 19.972459652383208, 28.478304868255155, 27.391768461509052, 15.34168306103649, 7.916920154954577, 0.0, 8.780170305358316, 49.59481922193268, 56.756390892165705, 63.86421301489404, 73.38071288248085, 80.85563746123277, 79.23276125083268, 72.64918291607276, 65.41451953166609, 58.22678784458501, 52.200765160803314, 21.62246302757213, 28.545442750976573, 39.75366168782379, 45.23118673557205, 54.94940033296991, 61.49866319863853, 65.15154536020052, 67.3446683266622, 63.50608487334848, 49.239313594423116, 42.26395169785798, 37.81345823239135, 73.56857920975314, 69.30127093144397, 70.4671445546974, 74.22776267242874, 76.4186937789156, 81.42639798031654, 90.82457918078896, 90.18259189598795, 89.09437015226037, 86.80377525022833, 83.29113362390851, 78.29187556099916, 73.82138614120602, 73.83711937975254, 76.79400656258811, 82.86835690203228, 88.96668509424583, 83.71637232465785, 78.46550630027585, 74.78770497811803, 58.288538546277046, 67.17117512119862, 77.16486178678491, 84.75076042053183, 99.36347838765937, 110.19452850833376, 112.41863088395382, 114.71655282929287, 124.56741601427355, 130.11186199585765, 124.26619864083705, 116.27443870960236, 111.40502263376214, 102.82862320633251, 98.1475208282332], [11.031453850151484, 15.035902709404382, 22.877607152499582, 35.11407244470293, 28.027533651701802, 21.31956778054023, 17.59084745700499, 39.66184092578326, 45.315275137424585, 52.97046329242562, 61.44953871038275, 70.66629486882393, 63.23493214471748, 55.26666782441494, 47.305251483392134, 6.562540666054497, 11.752913264404958, 19.89526873680265, 28.132052420741346, 36.730626794778786, 35.71603024377914, 24.05790716856281, 16.65085137190606, 8.780170305358316, 0.0, 41.09560184692459, 48.35495603535408, 55.61057729556202, 65.41732815118593, 73.01891745902883, 71.20159735618253, 64.40032544650923, 57.01743152860252, 49.72964255024882, 43.65084714196999, 13.06309268438328, 21.88966783314468, 34.307887989119486, 42.111172118091424, 51.346798822934815, 56.73182099423516, 59.48341394255663, 61.25749798079, 56.641323914614006, 41.714741228221676, 34.10318588337924, 29.098625531006736, 72.54367892778585, 66.88318159261118, 66.72105310250936, 69.76903473279673, 71.30180036893204, 75.95509703988358, 85.23813015479607, 85.09961867578788, 84.61851547300262, 83.05279093197863, 80.26453927714678, 76.34371181121789, 72.25205726718885, 70.75021061080813, 72.49729233874605, 77.71299997348994, 83.5257870999333, 78.62266499037928, 74.29340454386396, 71.75154721896865, 65.4287487681303, 73.46683318636474, 82.380612617071, 88.63116561709037, 102.37650673377338, 111.82553257651325, 112.61091825016406, 111.72355109904517, 120.05526566372981, 125.07046279473337, 118.49571985915948, 110.11697080090039, 104.76392381476239, 96.0482304768647, 91.31490649762432], [48.24883702231533, 54.850516971193976, 62.87128090623944, 73.38568774470036, 65.92459767896244, 57.34083976329524, 50.46685705899089, 21.322969379341146, 16.854611991497496, 17.558947439487884, 25.351704994030893, 37.74181143472462, 31.46585779341089, 26.51287993433533, 23.819035035571236, 39.22440674423233, 49.04760142089965, 58.320007956137665, 66.30013438790587, 75.01444783111785, 74.7424804476904, 64.1272330749752, 57.060010989917146, 49.59481922193268, 41.09560184692459, 0.0, 7.545278085410636, 15.495585085578604, 27.002857656768146, 35.908838906309136, 33.38998274545727, 25.194044260482777, 17.154093199803043, 10.308615955041976, 4.817223590294001, 30.77382503629856, 36.74977267581585, 45.242219658354706, 58.46032245775719, 62.98556815340573, 61.800491380522836, 58.56229542686955, 56.425545033139684, 46.83193840333724, 34.68084765447363, 26.003559919807692, 16.844020631404398, 89.58555146462972, 79.77225928