{
	"dissimilarities": [[0.0, 6.600506673967684, 15.012904891972104, 25.721247965685915, 18.015332119306876, 11.356226283603238, 7.576642009759603, 43.33071340023084, 49.19038051423581, 57.64926533853809, 65.73335859265369, 73.24358214137023, 66.25303773443024, 59.386899906796586, 49.899632650944945, 23.03484673194656, 22.495478055000433, 23.74964552571501, 27.675631124641423, 31.35758783577514, 26.99912504994288, 22.229997799160525, 18.07016450313264, 14.850316869772309, 18.423323725881854, 53.37143408895979, 60.118119496383265, 66.80979735928612, 74.896102532067, 81.36360115935467, 79.34508582390478, 73.42605481584837, 67.02048479738013, 59.65228661284878, 53.7023084514427, 19.15833080859648, 24.824445905214848, 35.36303162052674, 39.12241672544404, 47.97199751612531, 53.914261502193845, 59.16755965457411, 60.39494038111254, 56.948368740313015, 43.919845406905026, 36.76347124565344, 34.27384629926515, 67.71112998801165, 59.47777328226468, 62.25254461865891, 65.93105450991135, 67.31732457299775, 72.42515950771308, 81.59653896974555, 87.31670832008288, 86.42179079427419, 83.36984943208992, 80.97676219795706, 77.20364014255954, 67.79271845469803, 63.892211606118124, 68.7255309370978, 74.62663732073331, 81.92093580109356, 81.20820973415205, 75.05124748115117, 73.08073276016708, 50.88491987130264, 46.84293509388711, 50.88949712865441, 65.796415735812, 82.05870311001668, 95.00307836479858, 99.1047616887971, 110.80940992937589, 115.63017169206589, 122.11535780647216, 115.59960120023736, 106.33829803872996, 103.60069873565017, 97.5130400491221, 96.49453087905934], [6.600506673967684, 0.0, 9.333128573683105, 21.75015869092467, 15.04818010999317, 11.587080073412327, 12.064003606073982, 49.7853056942579, 55.456728197070966, 63.77921074853006, 71.93962239124038, 79.6487502693559, 72.68836172273001, 65.8215200555148, 56.359679541396844, 24.274727307908545, 20.896376310830785, 20.015021518608343, 22.538596134465013, 25.617830009729655, 20.908809902391894, 16.6013031413917, 13.776114280124238, 13.515445168484831, 20.509079396195556, 58.33527938178655, 65.20349720074515, 72.01374979896649, 80.37291089303477, 87.11157260096056, 85.24010609726551, 79.15872093293521, 72.56878689254185, 65.22334464485283, 59.21111101574195, 24.04191917624857, 29.83882671734527, 39.43611545186612, 42.58051810741926, 51.671372141327545, 57.92956005856624, 63.73032624768405, 65.66776263266938, 62.71927927844599, 49.4254090289502, 42.63983116482451, 39.883131809120144, 70.09978909239966, 62.45808705648765, 66.10706047454258, 70.24716330130705, 72.11217238470097, 77.6496002285781, 87.31093889766339, 92.33135455239203, 90.97461568616374, 87.492589383024, 84.61458255500425, 80.260182406659, 70.4582737980648, 67.4390837506384, 73.02155788882199, 79.77052887606878, 87.5254251401111, 86.24387463722915, 79.32153843580176, 76.668741783693, 46.19083196205987, 43.03450516276878, 48.77531111870544, 65.23370124696169, 82.35476788238081, 96.32457680664291, 101.39453603962491, 114.75601138881109, 120.93479814493635, 127.84487989032613, 121.72484437126634, 112.6071333251075, 109.97278840163078, 103.61726091359833, 101.9805698860163], [15.012904891972104, 9.333128573683105, 0.0, 13.45217489648964, 9.5601765957546, 12.957482418043137, 17.43185794930426, 58.15739510376145, 64.14716882377319, 72.61955616440753, 80.65391015502786, 87.92475327548179, 81.07611810683436, 74.21173910294621, 64.69904593356947, 32.59051900707445, 27.219939738264408, 23.625369755408844, 22.40638961650344, 22.07379442623078, 16.611895366706506, 16.496875432706823, 17.64664609912453, 20.896854560696063, 29.3220324173022, 67.63233578370466, 74.44399246195506, 81.13603799538907, 89.26779002856121, 95.68205655428272, 93.86927774517721, 88.09243374336535, 81.68512700692395, 74.39808416055918, 68.43097653707693, 33.14037253908659, 37.46030749010881, 45.33815513478767, 45.27879892221285, 54.287242557674496, 61.505243448020124, 68.36573207636691, 70.85701375414826, 69.00453640721906, 56.90100057268825, 50.93264188837993, 49.01808686328362, 69.13470414199853, 63.30127911357728, 68.79622896360429, 73.65124660701926, 76.30199914524525, 82.17656264889425, 92.00845353721513, 95.81455797385117, 93.79199143932266, 89.6362036480387, 85.95463456743515, 80.50566325317142, 69.87340075303047, 69.10584483548645, 75.98651131357694, 83.75728747418387, 91.92234231902215, 89.67876973873246, 81.65529218126328, 77.74858514808075, 40.9366173166046, 35.70045763652198, 41.61291935873947, 59.426684324521304, 77.5026633839728, 92.91011268401374, 99.59816422982209, 116.09004450994014, 123.96700692898465, 131.54780156650602, 126.51532790020167, 118.09783290733544, 116.39589179172833, 110.75322834766828, 109.91049563225901], [25.721247965685915, 21.75015869092467, 13.45217489648964, 0.0, 11.360184981807471, 19.817188653984726, 25.125762462428717, 66.21371175161482, 72.74486369734842, 81.49005819762252, 89.06159253890243, 95.12790194245477, 88.76252336018005, 82.10489937601598, 72.61059479664021, 45.672568955846955, 40.139084985246065, 35.57453476358701, 31.65814968177709, 27.303706927325987, 22.674367892037758, 27.146425559379157, 30.201751869967296, 34.04123334838346, 42.23150143953901, 78.67957703648473, 85.12523597810568, 91.29768336034684, 98.49572289640305, 103.81591141591127, 102.04146339623676, 97.20965923718875, 91.50925727230442, 84.45050995465031, 78.73299373418033, 44.65377498867233, 47.256746747115656, 53.64872813369161, 48.586782610413934, 56.759607607375465, 65.34307613474456, 73.27885535688853, 75.50454672871287, 74.89698931512893, 65.5357333299273, 60.300668306644404, 59.63047842966304, 65.29664324112474, 62.95527429828282, 70.90567105055733, 76.35846979271054, 79.7226164054013, 85.34954366049494, 94.26653024263602, 96.89508376553124, 94.39301195598706, 89.63609757444172, 85.11959441290693, 78.26509969911547, 66.37650588529428, 69.45300001841261, 77.7016085269857, 85.84948366439914, 93.74079149396003, 90.63287516852412, 81.83385067574423, 76.40783473712145, 37.88474330094727, 25.35172984921484, 28.397161035302247, 47.57020190505878, 67.06163507769907, 84.4646593053242, 93.48265154030022, 114.30720295725321, 122.79269033414943, 130.59717456231598, 126.97967028404973, 119.58064145934094, 119.45858182633286, 115.33430931890238, 116.73414238667888], [18.015332119306876, 15.04818010999317, 9.5601765957546, 11.360184981807471, 0.0, 9.276327923265377, 16.12369844679204, 58.08553982323754, 64.87969473371473, 73.70792546923406, 81.49122316619622, 87.93602733930986, 80.80858874710808, 73.81312095881242, 64.3558462731048, 38.841652305696506, 35.20314580697467, 32.68332897462798, 31.934811304208, 30.85677103413125, 25.37351221709421, 25.94742222003353, 26.450408062120047, 28.122459376633365, 34.70120442574634, 71.0481341425162, 77.79560352468417, 84.41564629862218, 92.08525629657056, 97.83200278742703, 95.66662959886953, 90.30846797164448, 84.24345892873494, 76.83072565960175, 70.9368193746373, 35.56486067223796, 36.63924463255641, 42.398934664150815, 38.541427059302016, 47.18925104506613, 55.19698032129364, 62.85842519146019, 65.55685562299988, 64.90872681481471, 54.92959470174891, 50.35107835482204, 50.742030574313176, 59.88044609629521, 54.9332453093427, 61.572407559159096, 66.8439967010741, 70.0448410889729, 76.05983371759642, 86.03043653256319, 88.71942907759578, 86.23816648841971, 81.69242760819004, 77.59537607036879, 71.64907976076594, 60.73065278761882, 61.097255242873835, 68.73582308630714, 77.14083866053404, 85.67821815049287, 82.59436295620407, 73.85483420593482, 69.26211495455051, 46.897362883829, 36.55957276958683, 36.339237859608396, 51.7224168647788, 68.70454207737149, 83.54383340688408, 90.16360701869549, 107.58713514806907, 116.79395589083038, 125.40808503612631, 121.73202364566046, 114.57845179293956, 114.32288464817543, 110.73818613018435, 112.2822330608786], [11.356226283603238, 11.587080073412327, 12.957482418043137, 19.817188653984726, 9.276327923265377, 0.0, 7.651170359897697, 49.24820123539346, 56.08466538639667, 64.91150766149516, 72.76362877437721, 79.42612170608065, 72.00548337278298, 64.90213683549275, 55.47230502713171, 32.842423018616, 31.53368795988267, 31.278806365771285, 33.225346673166776, 34.59700899935548, 29.28099793968348, 26.968123455886523, 24.918749274809564, 23.84362637184363, 28.068919098563814, 62.6113507140462, 69.39156726410035, 76.12071904240288, 83.89227866911935, 89.78524662375993, 87.42890753027892, 81.85825369867207, 75.69751741402793, 68.1703843638278, 62.25471727464452, 26.992254184541647, 27.540525360516586, 34.25232899434018, 32.75847243497885, 41.704131102408624, 48.93964631475263, 55.7764496736483, 58.05206965235968, 56.613809000598124, 45.90268236056478, 41.07719077899152, 41.765372858844614, 58.568605470836076, 51.45695134907776, 56.24010952330546, 60.88804330726678, 63.41633900527563, 69.22837046604646, 79.2710308216841, 82.95902427978113, 81.0473304609655, 77.11405697132786, 73.7992322487768, 68.99447925529023, 58.99556832015884, 56.80792515651127, 63.2258683425134, 70.82382906441342, 79.1772381966285, 76.86074453468349, 69.05044832133113, 65.7125380844395, 52.693588468039316, 44.04108880915654, 43.47958137517316, 56.83822762479079, 72.33332265096989, 85.2767458817314, 89.94358576655314, 103.97098317221247, 111.8416098980091, 120.12203901685919, 115.66095972259873, 108.12407598325998, 107.30189168425396, 103.60081604301523, 105.0225962437251], [7.576642009759603, 12.064003606073982, 17.43185794930426, 25.125762462428717, 16.12369844679204, 7.651170359897697, 0.0, 42.03755481545317, 48.76164279880816, 57.592393791810274, 65.39411066159961, 72.06221928402329, 64.85320197124015, 57.86792206610109, 48.378121066158, 29.297423103818723, 29.821694445668413, 31.097067859781074, 34.398208425159865, 36.95170285206106, 32.1778263360676, 28.643966396557968, 25.169231617624902, 22.109801037802352, 24.206096586779392, 55.82448940217812, 62.39553669725426, 68.9059311932565, 76.42663594965917, 82.17348320396202, 79.84279760881661, 74.40249178308918, 68.4112776551353, 60.99122371279892, 55.18021235779936, 21.45318537792509, 23.140068641338598, 32.058529817719055, 32.73314435872725, 41.39766012277364, 47.988622051517304, 53.788993852450766, 54.905081197768034, 52.284726905843414, 41.202208701597705, 35.221007355364335, 35.212813413286774, 60.28026126531752, 52.41866366926553, 55.75476446941082, 59.6276138684795, 61.29511369617005, 66.39441058848101, 75.5369923382519, 80.66347119796107, 79.57599199261425, 76.35688938717385, 73.80852461231989, 69.85054367855074, 60.315665876673584, 56.90179368628063, 62.08425030149692, 68.2095139663538, 75.67590953304469, 74.4911711474654, 68.01348462929289, 65.75702474430905, 54.864629059771666, 47.426864188842025, 47.67492788094321, 60.45752213365882, 75.64761624570446, 87.85042140600656, 91.60684005342252, 103.53970709684363, 108.87606923910784, 116.01267151838233, 110.42756780106804, 102.09747936692129, 100.53578205635172, 96.21773650524914, 97.39851122886488], [43.33071340023084, 49.7853056942579, 58.15739510376145, 66.21371175161482, 58.08553982323754, 49.24820123539346, 42.03755481545317, 0.0, 8.22809534712755, 17.04223973649124, 24.008475879107657, 30.80517638465948, 22.95323934917886, 16.151419965558077, 6.704111575809803, 43.18301611745457, 52.02870633912266, 58.64148095089525, 65.90740648535663, 71.735085381538, 68.6740608828651, 62.33885925388793, 56.00402808948566, 48.55418064964001, 40.3019399943582, 27.40054475017158, 30.63752994543289, 34.926666590071406, 39.8850878557006, 44.280104210544465, 40.7741574990201, 35.841905031281165, 31.504700340332427, 25.062773797935336, 21.54980377615532, 30.324580819272693, 29.82490333947686, 37.47091068541994, 47.06290324111329, 50.22349070428383, 50.12061951937016, 47.83265859879898, 42.38347800836965, 32.81846401719087, 25.18214370607594, 17.478224273940732, 17.416648933036775, 75.2206443905361, 63.732449923773224, 58.08798788861385, 56.64417449962612, 52.95624625888898, 53.081223209578134, 56.54545788774965, 69.04290735224228, 72.54504960885428, 73.83616284551786, 76.00454398761042, 77.76711123461162, 73.4981508231745, 62.72800592322814, 59.70621981415627, 56.66290412594852, 58.38851884763919, 63.92908830492288, 65.94720422643998, 70.4368719494894, 88.40433859618639, 84.2083155530754, 83.62170419656063, 90.6824329698065, 100.7305588677283, 106.22771453728117, 103.26228877151392, 100.18789705298214, 93.43938912647528, 95.37068625271102, 84.1049673346948, 72.57047378121793, 66.63419973897123, 60.89103163793724, 62.509558606999306], [49.19038051423581, 55.456728197070966, 64.14716882377319, 72.74486369734842, 64.87969473371473, 56.08466538639667, 48.76164279880816, 8.22809534712755, 0.0, 9.060530590442205, 16.740399708019403, 25.34445293394892, 18.154501508834965, 12.656301268487804, 7.327356287336995, 45.857354678188344, 55.1106731869164, 62.121934822167134, 69.72122768452641, 76.04139969920665, 73.4160139868571, 66.72346567334365, 60.21888414762499, 52.64860236429664, 43.83406509930135, 21.7730839993776, 23.549542200872846, 27.062337771800127, 31.810303984703335, 36.75069781890697, 33.24165170059005, 27.70948165171734, 23.340076730582485, 17.30411535706596, 14.891060339796152, 35.01246344196676, 36.0918375782363, 43.90143119933242, 54.90071547942352, 57.92423097759481, 57.14765753549544, 53.98507251809347, 48.27662611152737, 38.11366469448828, 30.386784740396703, 22.938644533646467, 19.995151439891345, 83.19622814794788, 71.50505962335842, 65.1597937828127, 63.22408835594403, 59.00349359869829, 58.54101401432997, 60.99076758683695, 74.40059721669684, 78.47562621484293, 80.31548003215265, 82.96721780259779, 85.25101970394378, 81.40530558702899, 70.16538855315973, 66.4149962755467, 62.39310496748087, 63.11619924989582, 69.63173115933095, 72.68562550224414, 77.77517041726261, 92.56435158305166, 89.9735085720067, 90.72914688311191, 98.37337196857933, 108.67169976642636, 114.09305820021393, 110.81327183520544, 106.20457237226553, 97.5312556512239, 98.03041024240618, 85.24508917202685, 72.50347218016012, 64.6003964018818, 56.607009129837635, 55.83816783652227], [57.64926533853809, 63.77921074853006, 72.61955616440753, 81.49005819762252, 73.70792546923406, 64.91150766149516, 57.592393791810274, 17.04223973649124, 9.060530590442205, 0.0, 8.646898582178643, 19.46740279316671, 13.545355417640838, 11.541070419877915, 13.461285363413479, 52.160438215253755, 61.6762488714989, 68.96954674196539, 76.81477409566575, 83.48114866321224, 81.14630510792965, 74.20669456904537, 67.59721806551025, 59.972582142647795, 50.785962947267286, 20.34863410575624, 19.215667672834165, 20.70456877849783, 24.1713549636623, 29.252215279876925, 25.413350058098477, 19.31523472161234, 15.682323141695463, 11.561291726751515, 12.718940333876441, 42.71184710060515, 44.103140667308416, 51.2354320151781, 63.030186904934055, 65.53383947021413, 63.88862257172967, 59.66252259343492, 53.51345404648869, 42.97177558058239, 36.42105588912629, 30.21297025149831, 26.799027372154274, 90.93839607402397, 78.99414774493974, 71.69373291879894, 69.08748005407945, 64.22290855783594, 62.973587026656105, 64.20283981418817, 78.4822685340713, 83.22845632485729, 85.768391277057, 89.06740534292985, 92.11036362879913, 89.01526911811648, 77.0876908735531, 72.33525817334466, 67.0652235570179, 66.62648398210479, 74.18924628868706, 78.53294316457401, 84.43837862920303, 99.8437482524981, 98.24335943466858, 99.54988348608755, 107.09289696688342, 117.0627714978852, 121.84317747678917, 117.80790715618124, 110.90436912046043, 100.13241019655082, 99.2620121036865, 85.09150847503176, 71.48956995528518, 61.776687013558195, 52.179558591745604, 49.545023520205675], [65.73335859265369, 71.93962239124038, 80.65391015502786, 89.06159253890243, 81.49122316619622, 72.76362877437721, 65.39411066159961, 24.008475879107657, 16.740399708019403, 8.646898582178643, 0.0, 11.811512792859006, 9.421581362745586, 12.906840730220777, 19.097111481860733, 60.67986866352862, 70.10350487004028, 77.31033777587552, 84.9931322113354, 91.49683710777352, 89.24147617776603, 82.48923923697645, 75.97251497618106, 68.42734838741842, 59.358782182229824, 26.749087555726177, 23.38654386103058, 21.74370259798584, 20.959593408282732, 23.288239251754305, 18.776662475577414, 14.964145329067476, 15.582108460428776, 15.879094767541067, 19.61957880903976, 51.257771353128994, 52.15433753376145, 58.500468862571886, 69.40305052142735, 71.09982635191867, 69.02544746261255, 64.07408419933678, 56.98062093821764, 46.46664433000784, 42.813503416337674, 37.83258657240741, 35.395875881983045, 95.44934172493858, 83.9321789811911, 76.08995476482349, 72.84319966280071, 67.40200054254258, 64.9979234776107, 64.15532845018797, 79.37129135471172, 84.91630042554382, 88.19133747851143, 92.12228556202815, 95.79478050846505, 93.33571745689225, 81.40076987227906, 75.75680292022825, 68.86425028177054, 66.76177959203943, 75.46068953771497, 81.30782719698213, 87.91180370595367, 107.02077716038477, 105.1338114682465, 105.93878854490335, 112.5407235378265, 121.738839047666, 125.62593058853918, 120.86001841806996, 112.03286056391467, 98.37379034305725, 95.84015968625263, 80.43428911445442, 66.15992859111819, 55.21584505701664, 45.26853477952722, 43.610022502492114], [73.24358214137023, 79.6487502693559, 87.92475327548179, 95.12790194245477, 87.93602733930986, 79.42612170608065, 72.06221928402329, 30.80517638465948, 25.34445293394892, 19.46740279316671, 11.811512792859006, 0.0, 10.414304216460886, 17.602165827497192, 25.22498017963196, 70.75716191836116, 79.83533308814609, 86.6494754299772, 93.81267711304397, 99.67623383627652, 97.29213392535551, 91.13453630715159, 84.89441340206791, 77.55161399592329, 68.99619042521253, 38.44388254895284, 34.685912799472746, 31.52467757898463, 26.716059028345647, 23.300155339045233, 18.682667584573597, 21.1073669022217, 25.589212636737496, 27.49328868428552, 31.29352044402972, 60.283938694270496, 60.053528744050055, 65.42726288863668, 73.8108017488501, 74.35929010781322, 72.27583142110086, 66.9656545530687, 58.48986944426693, 48.58118689223171, 49.39645001526541, 45.71282046549231, 45.122555950570316, 96.14545402451635, 85.87822862282707, 77.9624347543866, 74.113051568649, 68.20056566743028, 64.21951366553958, 60.189366703439646, 76.39431500226654, 82.89023078603682, 86.95052524295212, 91.49772971364919, 95.66572382906124, 93.78714104936958, 82.65229279488373, 76.23996259207426, 67.29345940085706, 62.838739225500234, 72.805388842703, 80.44399380173634, 87.60792848213035, 113.73244142252864, 110.25454696824487, 109.4377877230874, 114.1200925197811, 121.94991494719845, 124.58280753939121, 119.08975005124093, 108.7249060593738, 91.15625562689205, 86.51531120470183, 69.94313025951202, 55.0950173633223, 43.617218141329516, 35.60117699688933, 40.121383802661605], [66.25303773443024, 72.68836172273001, 81.07611810683436, 88.76252336018005, 80.80858874710808, 72.00548337278298, 64.85320197124015, 22.95323934917886, 18.154501508834965, 13.545355417640838, 9.421581362745586, 10.414304216460886, 0.0, 7.661735279877072, 16.613992262256836, 63.762728250756176, 73.19555187336259, 80.25266325724768, 87.79852545538031, 93.90468002662205, 91.16280787156403, 84.67678818107791, 78.2133727775833, 70.62668399284237, 61.71968289142154, 33.43998480617648, 31.449292193119135, 30.90195587038573, 30.05369164135817, 30.46872558502966, 25.66732357886061, 23.855885583231217, 24.639490131024402, 23.60997839943834, 25.89547026356179, 52.31378486003677, 50.9453875658115, 55.55670324035282, 64.81464396321729, 65.44563067692083, 62.93023868877977, 57.4891366583765, 49.593727665205094, 39.32793520470635, 39.184278321029836, 36.14803028765083, 36.91012715712339, 88.91325956536878, 77.54824378549523, 69.19213472274168, 65.46744005059121, 59.683373354509555, 56.56974333611114, 54.94556507924902, 70.36896936289816, 76.20749807344994, 79.83978515456526, 84.14874010688742, 88.33373474832479, 86.6394707566162, 74.41867767841843, 68.08705622101213, 60.275344212544226, 57.6112578280958, 66.64060378460827, 73.21847368877908, 80.3336910961763, 109.5708184574463, 105.63162226136296, 104.2054283843015, 108.94399413791274, 116.59643056412568, 119.0698923714859, 113.31398101813598, 103.07392555569885, 89.27075537447703, 87.49880789005483, 72.99267092244486, 60.0214384016698, 51.02397946682044, 45.52559456477524, 49.3093655833337], [59.386899906796586, 65.8215200555148, 74.21173910294621, 82.10489937601598, 73.81312095881242, 64.90213683549275, 57.86792206610109, 16.151419965558077, 12.656301268487804, 11.541070419877915, 12.906840730220777, 17.602165827497192, 7.661735279877072, 0.0, 9.533816705689018, 57.36863793014773, 66.8336077293349, 73.89392741527321, 81.5235159188614, 87.64839815045308, 84.69698838398166, 78.13113643568552, 71.6174964291246, 63.97262047738904, 55.05115018818016, 30.40558007861207, 30.21578470903493, 31.726418556092497, 33.480608511396255, 35.81198559090107, 31.263988853266135, 27.655478087418157, 25.995637510437284, 22.502252486097163, 22.874553997947718, 45.22719239972295, 43.336742114486384, 47.97422412336915, 57.65532793878883, 58.7093670442993, 56.39736523793349, 51.41580495581079, 44.132176321724245, 33.66393840414363, 31.839137335860094, 28.528771195341502, 30.085887242752253, 83.18724671436836, 71.32792869428216, 63.22933909491433, 59.95006405620479, 54.575459573764924, 52.43790983656638, 52.85065689033623, 67.40365034402272, 72.52788478378358, 75.54142799425098, 79.35964827897261, 83.11491110835223, 81.03939003159954, 68.59488951479372, 62.86881549959595, 56.40294865617217, 55.35738635768174, 63.324944935887906, 68.60951203967721, 75.24126906721241, 104.0845505977083, 99.84809621806879, 98.24080697160254, 103.32864798525415, 111.28151469858084, 114.20312497774086, 108.83819141019269, 100.00523182497948, 89.06005785902924, 89.128279841684, 76.06924064610935, 64.06812674504256, 56.576000559968065, 51.801840601278386, 55.092432963742425], [49.899632650944945, 56.359679541396844, 64.69904593356947, 72.61059479664021, 64.3558462731048, 55.47230502713171, 48.378121066158, 6.704111575809803, 7.327356287336995, 13.461285363413479, 19.097111481860733, 25.22498017963196, 16.613992262256836, 9.533816705689018, 0.0, 49.1186249556383, 58.26213626126259, 65.06850817506526, 72.48916215636113, 78.41354121152531, 75.3527897785799, 68.93805530793924, 62.52835900310501, 54.98671765201566, 46.43075732089897, 28.250796726664113, 30.167007747632212, 33.475209124574874, 37.266354340142584, 40.86840027158285, 36.90015826226904, 32.428229814637874, 29.005792238874307, 23.43913412449054, 21.355670200694732, 36.37579022345409, 34.87680180258306, 40.91350747950179, 50.471637145027685, 52.60025943262396, 51.47171515095173, 47.95011447033349, 41.575942122078786, 31.415464481346937, 26.462072165290817, 20.975590207550965, 22.284847626329505, 77.4813517711117, 65.76269232199628, 58.96294659500195, 56.688685707775065, 52.23207262348992, 51.39679609013046, 53.69400394025532, 67.09375257018094, 71.27747188241808, 73.29743068120267, 76.18629802444269, 78.83733084749609, 75.55481440229694, 63.95270585053361, 59.70269898794808, 55.17136015065854, 55.81530181248442, 62.36578549231331, 65.76908689890183, 71.22834264674879, 95.00444480904757, 90.59284376691986, 89.32464110234264, 95.34207238183882, 104.34725420250172, 108.62301571041014, 104.54645700883945, 98.97801100992758, 90.60572218181811, 91.93684673687875, 80.06741663890443, 68.458931549651, 62.10901257273263, 57.031295591796244, 59.63126238057502], [23.03484673194656, 24.274727307908545, 32.59051900707445, 45.672568955846955, 38.841652305696506, 32.842423018616, 29.297423103818723, 43.18301611745457, 45.857354678188344, 52.160438215253755, 60.67986866352862, 70.75716191836116, 63.762728250756176, 57.36863793014773, 49.1186249556383, 0.0, 10.498997067909155, 18.84782955008544, 28.400729350314865, 37.07190272500243, 35.10843632476295, 26.16599741243442, 19.082043675506405, 12.06507552237884, 5.456401516025191, 40.20938120958707, 47.47997351783596, 55.07321584902239, 65.26904434343035, 74.30289852501393, 72.70695245815666, 64.79201960746285, 56.88508416261835, 49.69827068980422, 43.60678794800939, 16.341530339652035, 28.298423277564016, 40.119731984179666, 53.06309398800199, 61.47227437361949, 64.27542437653447, 66.78554637470468, 68.20682730719203, 62.36558670161002, 44.632533812101244, 35.983095378891434, 27.801514930999822, 86.54817025647863, 75.20200240204021, 74.37862672537457, 76.73075096956264, 76.73012014308176, 81.68490713408906, 91.39065052227507, 98.91469919710563, 98.86915536223269, 96.87889607875952, 95.73371665044999, 93.85950901784528, 86.35911913368805, 78.37914202293587, 80.83280150674778, 85.51263964563194, 92.45848330955747, 93.3744468659933, 88.88066620016966, 89.01295096856792, 59.76187775160695, 63.997049282967936, 72.75189110007918, 88.76778996380983, 104.77988383618498, 116.60039767087183, 118.84725810376695, 125.45575071040531, 128.88920248937706, 134.24246020786165, 125.19421164123784, 113.97503324091008, 107.91248376590345, 97.93143417751712, 90.84503280695137], [22.495478055000433, 20.896376310830785, 27.219939738264408, 40.139084985246065, 35.20314580697467, 31.53368795988267, 29.821694445668413, 52.02870633912266, 55.1106731869164, 61.6762488714989, 70.10350487004028, 79.83533308814609, 73.19555187336259, 66.8336077293349, 58.26213626126259, 10.498997067909155, 0.0, 8.463993893166805, 18.198557974893646, 27.2468145716866, 25.830248602743904, 16.768440470120645, 10.490450010845912, 7.781064897197171, 12.657108170695432, 49.87853927113112, 56.875196455479404, 64.10179817468095, 73.97302925863916, 82.72903674695378, 81.4382629011758, 73.90902350887372, 66.26335566333938, 59.33268673046124, 53.36728955954194, 24.29710004633699, 35.379853300912934, 46.56369465889038, 57.00204644938062, 65.93799067577145, 69.87988850457037, 73.57942683016263, 75.53811757314958, 70.5237415081163, 53.42712096838359, 45.129455127910745, 37.66429995746557, 88.66297870430009, 78.65760216474875, 79.55599926593209, 82.67624209151477, 83.41653656958597, 88.78187392659072, 98.68355640424699, 105.39977643840322, 104.79783045691698, 102.16290402875254, 100.25529683356596, 97.31045283743828, 88.80545034877396, 82.71867463160008, 86.47596915896393, 92.16106749877662, 99.49942548088818, 99.66283417804533, 94.11823115382808, 93.0921175457567, 50.63021118771306, 56.72436672828978, 67.90851145319027, 85.83357586064702, 103.24529166458493, 116.7872228014189, 120.73107802951097, 130.45662120855474, 135.0943558175009, 140.70991126408566, 132.20663804025023, 121.10658707227581, 115.47971736197535, 105.31280221934634, 98.0901889851447], [23.74964552571501, 20.015021518608343, 23.625369755408844, 35.57453476358701, 32.68332897462798, 31.278806365771285, 31.097067859781074, 58.64148095089525, 62.121934822167134, 68.96954674196539, 77.31033777587552, 86.6494754299772, 80.25266325724768, 73.89392741527321, 65.06850817506526, 18.84782955008544, 8.463993893166805, 0.0, 9.818455059951848, 19.04087260408478, 18.142911444602, 9.452452445312433, 6.400478925109903, 11.178590835526764, 20.061931474595912, 57.7885186113414, 64.60442521582881, 71.54850403181948, 81.05099767139902, 89.42664050431769, 88.30310904202308, 81.16992054559874, 73.79660539034695, 66.99837496179326, 61.105103732032276, 30.94750640490141, 41.17142693354528, 51.80748624218485, 59.975993862056725, 69.14563990415684, 73.99131668961435, 78.58276555062109, 80.81467634240408, 76.45676104450152, 60.09867554397061, 52.05375690257951, 45.212810700993984, 89.61911271736746, 80.89306634494281, 83.18503277934258, 86.86411216150401, 88.15617185912109, 93.74316653146845, 103.64760937238246, 109.72281478502802, 108.71435839274449, 105.59675395961314, 103.10251251360137, 99.30301600844325, 90.01188916401169, 85.59533861759279, 90.34451976222536, 96.69970766598847, 104.248347621647, 103.83484324262096, 97.53515695805491, 95.5909013414535, 42.97775910033193, 50.25240376638683, 63.28070678699704, 82.5719346093677, 101.00372215199513, 115.88060688864368, 121.21035192684886, 133.48717595570898, 138.94831597389162, 144.75333260809592, 136.7825018231157, 125.89167805628328, 120.77554368215067, 110.74493087882585, 103.87695638636661], [27.675631124641423, 22.538596134465013, 22.40638961650344, 31.65814968177709, 31.934811304208, 33.225346673166776, 34.398208425159865, 65.90740648535663, 69.72122768452641, 76.81477409566575, 84.9931322113354, 93.81267711304397, 87.79852545538031, 81.5235159188614, 72.48916215636113, 28.400729350314865, 18.198557974893646, 9.818455059951848, 0.0, 9.5064628318616, 10.343079331446416, 6.612821858855495, 11.601609101616296, 19.122761155743202, 29.051764885027936, 66.46864898694429, 73.02963668182944, 79.58799699439444, 88.56345034004163, 96.40253520358173, 95.48254985998048, 88.88639328987858, 81.89911807993161, 75.29497164586326, 69.52464950099147, 39.06564989562841, 48.5664382064021, 58.77575982605803, 64.40765793055, 73.64096442631822, 79.44063651382498, 84.86770355506481, 87.14154112858091, 83.37500836694214, 67.9939781246511, 60.06927562054501, 53.698920962330504, 91.2827419514186, 84.21566866483955, 87.99338134863487, 92.17462186644019, 93.95941844184235, 99.6026180708204, 109.20645553581228, 114.74154147875731, 113.40944868108654, 109.85420503849545, 106.78858784074906, 102.07919781263395, 91.91671901769439, 89.51256598452589, 95.22521714147048, 102.03615962929477, 109.57880876499013, 108.68512287115271, 101.76919898299505, 98.8801769301214, 33.686815157522894, 42.62641536499535, 58.16725450937683, 78.97734358611032, 98.5898460614059, 115.01621797362311, 121.97479434264253, 137.10675589200522, 142.99249709773846, 148.7508563625446, 141.27012541216405, 130.54660976588528, 125.96467694810403, 116.0606653831278, 109.68592544118533], [31.35758783577514, 25.617830009729655, 22.07379442623078, 27.303706927325987, 30.85677103413125, 34.59700899935548, 36.95170285206106, 71.735085381538, 76.04139969920665, 83.48114866321224, 91.49683710777352, 99.67623383627652, 93.90468002662205, 87.64839815045308, 78.41354121152531, 37.07190272500243, 27.2468145716866, 19.04087260408478, 9.5064628318616, 0.0, 5.67649514736056, 12.000784610161169, 18.909976717511903, 26.651250771604193, 36.98663714988824, 74.46072465222069, 80.86274648575889, 87.13100937468083, 95.556323154268, 102.74578722538541, 101.8849314702317, 95.85456657640663, 89.26457442911891, 82.73057313750584, 77.0312101057468, 45.86890975277575, 54.352537483520315, 63.980525356397294, 66.93377153014706, 76.06421027121222, 82.76777402760167, 88.99480208649625, 91.27157758987026, 88.20070991425312, 74.03825033196958, 66.40583496655611, 60.84640922137265, 90.66253232830513, 85.33744304563643, 90.56083175460456, 95.20258035972586, 97.47531037088739, 103.13317765951464, 112.40821515682583, 117.2833650886102, 115.61628243994599, 111.63956289898893, 108.02600906199208, 102.45013432334152, 91.51670177110167, 91.14982619024374, 97.77139517263105, 104.99769524489402, 112.52900553032813, 111.09412187939782, 103.58627642141238, 99.77409609016034, 25.33916073297823, 34.25448834331912, 51.63116703468378, 73.52797066184723, 94.02538546022608, 111.76288095531162, 120.21839911090724, 138.08016474256004, 144.47009519289043, 150.33954267618168, 143.59603764676478, 133.31631492729824, 129.567625083391, 120.3248052531612, 115.12255871021594], [26.99912504994288, 20.908809902391894, 16.611895366706506, 22.674367892037758, 25.37351221709421, 29.28099793968348, 32.1778263360676, 68.6740608828651, 73.4160139868571, 81.14630510792965, 89.24147617776603, 97.29213392535551, 91.16280787156403, 84.69698838398166, 75.3527897785799, 35.10843632476295, 25.830248602743904, 18.142911444602, 10.343079331446416, 5.67649514736056, 0.0, 9.258960873192258, 16.19691057662807, 23.820888069645118, 34.309476193768106, 72.91011976090913, 79.51383730161544, 85.99499916584838, 94.47916851887905, 101.5820704369051, 100.45913724596569, 94.39265780065992, 87.75086446767068, 80.95524518546554, 75.1221551940683, 42.40702315445697, 50.00604219932717, 59.13613788392188, 61.49558747885335, 70.62232328639044, 77.41879560810838, 83.84576294656902, 86.33167713727296, 83.62039016390513, 69.79909167203239, 62.614145340246964, 57.90785173085566, 85.22638173132461, 79.76807384103324, 85.10681989291301, 89.85735210975922, 92.2895515619861, 98.10101076400194, 107.67725413061663, 112.15684002797306, 110.31356158715016, 106.22738133202213, 102.53387606303576, 96.94128789019067, 86.09552449642325, 85.64155413167033, 92.4032746214863, 99.9253263347106, 107.73955968463422, 106.00132551086357, 98.23608215795147, 94.33108749765469, 28.862359442617677, 33.58338672112444, 48.49619291601794, 69.69974655567329, 89.6787506694458, 106.92609671988511, 115.01931804678293, 132.67346060101008, 139.78253638819436, 146.23989212762018, 140.01732435939428, 130.2596635001051, 127.05250503822941, 118.73143751998802, 114.57697279890421], [22.229997799160525, 16.6013031413917, 16.496875432706823, 27.146425559379157, 25.94742222003353, 26.968123455886523, 28.643966396557968, 62.33885925388793, 66.72346567334365, 74.20669456904537, 82.48923923697645, 91.13453630715159, 84.67678818107791, 78.13113643568552, 68.93805530793924, 26.16599741243442, 16.768440470120645, 9.452452445312433, 6.612821858855495, 12.000784610161169, 9.258960873192258, 0.0, 7.253702115783428, 15.250345489504355, 25.728845130609905, 64.91051634507313, 71.72860923999238, 78.54561858625408, 87.56512532859723, 95.26157864121544, 94.01757889761026, 87.40158442526946, 80.36584250789352, 73.42712244493573, 67.48188574364404, 34.791519387411014, 43.24911383080587, 52.934979946441196, 57.97380458158555, 67.22457224535654, 73.1207283410337, 78.7834179657007, 81.30781629672693, 77.96155866491728, 62.94394718264797, 55.54405730152917, 50.25477414760015, 84.9703702417259, 77.70552130448534, 81.58043392057895, 85.88477781208044, 87.85269309114682, 93.6833957452908, 103.65178002952356, 108.72673189712376, 107.19146331170839, 103.512357201852, 100.36193010691942, 95.64972946012043, 85.6123738188198, 83.05727537953584, 88.91740176810657, 96.0738984039442, 103.95472738377711, 102.70587458930693, 95.49424135835707, 92.51397651353582, 36.79465160384744, 41.834012544045024, 54.747558370039975, 74.62701751612627, 93.56982980102451, 109.38698179970501, 115.9078823859512, 130.77656407176997, 137.48788429584368, 143.93205157702062, 137.07665915479484, 126.98095374733789, 123.06809441324354, 114.29897494425596, 109.25888268889678], [18.07016450313264, 13.776114280124238, 17.64664609912453, 30.201751869967296, 26.450408062120047, 24.918749274809564, 25.169231617624902, 56.00402808948566, 60.21888414762499, 67.59721806551025, 75.97251497618106, 84.89441340206791, 78.2133727775833, 71.6174964291246, 62.52835900310501, 19.082043675506405, 10.490450010845912, 6.400478925109903, 11.601609101616296, 18.909976717511903, 16.19691057662807, 7.253702115783428, 0.0, 8.059574686851592, 18.491555505987428, 58.05351025439037, 65.01146930664075, 72.03359313845942, 81.2994100868037, 89.2472807164644, 87.8560987751055, 80.96358509025396, 73.74067486351953, 66.67127991734566, 60.651595948478395, 27.926987910184973, 37.04540081851161, 47.33675687204286, 54.19680033925186, 63.40206846340042, 68.6484993520225, 73.6720697672362, 75.992663133268, 72.13497786114364, 56.500401876622604, 48.8771690450835, 43.275065367608306, 83.28468443886486, 74.83501133874628, 77.57918470783284, 81.46448385312847, 83.00562381700087, 88.69519096521994, 98.71251130127654, 104.3263295459445, 103.11864377654891, 99.82086134260784, 97.14638762468633, 93.13514861256283, 83.7063030111208, 79.68884410247846, 84.77341611805154, 91.42991204066227, 99.18580714601326, 98.39350442333895, 91.76203386062969, 89.53585487426218, 43.04133214753693, 47.121238396292576, 58.20240616953496, 76.82545016429086, 94.88805453508782, 109.53394214915575, 114.83051177956142, 127.54658652648527, 133.5795875529652, 139.89364921724626, 132.60044883993993, 122.32795251508513, 118.03254480605587, 109.1967935849448, 103.97738035821972], [14.850316869772309, 13.515445168484831, 20.896854560696063, 34.04123334838346, 28.122459376633365, 23.84362637184363, 22.109801037802352, 48.55418064964001, 52.64860236429664, 59.972582142647795, 68.42734838741842, 77.55161399592329, 70.62668399284237, 63.97262047738904, 54.98671765201566, 12.06507552237884, 7.781064897197171, 11.178590835526764, 19.122761155743202, 26.651250771604193, 23.820888069645118, 15.250345489504355, 8.059574686851592, 0.0, 10.522020468179536, 50.5541782853698, 57.6551223990892, 64.87344591984233, 74.30271431405733, 82.39663992735892, 80.80258229474512, 73.69244678375809, 66.33394332905316, 59.095941539796236, 52.99405796224243, 20.10909557472332, 30.12421671855277, 41.262996228618036, 50.03678471761066, 59.04638970814443, 63.56232911583314, 67.81256347486207, 69.74406807512612, 65.28316348461878, 49.134802812698126, 41.18590123122847, 35.28968009370664, 81.04763258338815, 71.447995259486, 72.92003066984906, 76.27833418724448, 77.29185293854745, 82.71729427432223, 92.62636685982696, 98.88782549828309, 98.09951452693205, 95.26919631669801, 93.15911436903714, 89.9412100390953, 81.20142812278311, 75.67411692354223, 79.83009672723668, 85.78075375451377, 93.2818458170867, 93.04999896711726, 87.16768692552785, 85.80762635615028, 49.87189938936894, 52.61792404832007, 61.64295721196002, 78.72235514305252, 95.73216302477427, 109.04912997977765, 113.01159464192956, 123.36722209733875, 128.4401505577721, 134.53983864172383, 126.79649792973223, 116.3816804397221, 111.75868732147259, 103.02202723269852, 97.91702847899457], [18.423323725881854, 20.509079396195556, 29.3220324173022, 42.23150143953901, 34.70120442574634, 28.068919098563814, 24.206096586779392, 40.3019399943582, 43.83406509930135, 50.785962947267286, 59.358782182229824, 68.99619042521253, 61.71968289142154, 55.05115018818016, 46.43075732089897, 5.456401516025191, 12.657108170695432, 20.061931474595912, 29.051764885027936, 36.98663714988824, 34.309476193768106, 25.728845130609905, 18.491555505987428, 10.522020468179536, 0.0, 40.82831159895611, 48.17124012553305, 55.75157721628145, 65.59270323927113, 74.11693673735802, 72.27083482113561, 64.66616232463255, 56.9799371979032, 49.532636961641, 43.32017866989723, 11.825892806807524, 23.635526154396246, 35.73558628338146, 47.853300388616674, 56.30283577496659, 59.42413638706918, 62.26781748257873, 63.66820774569463, 58.17167277540728, 40.956962706682745, 32.47456517453377, 25.556733156119815, 81.1432331037045, 69.93783300616246, 69.37829433191153, 71.86147082806048, 72.01973374163431, 77.03185643268999, 86.80346507409313, 94.035120995871, 93.87223326831689, 91.76821852175671, 90.51973760252854, 88.52417869852755, 80.939709485855, 73.17175064911449, 75.82760094700751, 80.67792299874556, 87.77019227897779, 88.42431044360875, 83.72169722286992, 83.69395542783158, 59.54904137251573, 61.70256547919279, 68.89099933519964, 84.1410195348727, 99.73333872534866, 111.26319230112239, 113.40643628679274, 120.27372806805978, 124.02702496876645, 129.76219748672682, 121.2535645544383, 110.53712017744606, 105.20462987625315, 96.30862320126535, 90.82113956429687], [53.37143408895979, 58.33527938178655, 67.63233578370466, 78.67957703648473, 71.0481341425162, 62.6113507140462, 55.82448940217812, 27.40054475017158, 21.7730839993776, 20.34863410575624, 26.749087555726177, 38.44388254895284, 33.43998480617648, 30.40558007861207, 28.250796726664113, 40.20938120958707, 49.87853927113112, 57.7885186113414, 66.46864898694429, 74.46072465222069, 72.91011976090913, 64.91051634507313, 58.05351025439037, 50.5541782853698, 40.82831159895611, 0.0, 7.756757505073236, 16.24396174177214, 27.487388613044054, 38.04591823711954, 36.09985991501227, 26.524578573026208, 17.69899657568024, 11.414091930089969, 7.6638312992853, 36.66965145729719, 42.41974867127288, 51.699667961278834, 67.45358479212155, 72.07294495509834, 70.81236759376115, 67.70490879286734, 64.38874582772655, 54.36903412199503, 40.771694506042635, 32.46685542337582, 22.747788098883724, 99.87148117807439, 86.80453819559817, 80.32255297355256, 78.9020025654909, 75.125248197013