{
	"dissimilarities": [[0.0, 7.593576439726205, 15.032365239624594, 25.61200033149457, 17.961932895658414, 11.343116005435585, 7.510684946039077, 43.32286781821058, 49.17513781565692, 57.63182500430339, 65.70415624434601, 73.22224649940976, 66.23895288654401, 58.351621180991074, 49.875792301114075, 22.076968892841563, 22.527937879716774, 23.8001625232628, 26.83878822360827, 31.626094832201044, 26.915373977162886, 21.520324074779126, 17.25173657916518, 14.92114037458223, 17.333327038229616, 53.44506139244649, 60.1629947023351, 66.7711114442375, 74.59210064882548, 81.34231099031042, 79.28115080147415, 73.22992660339585, 67.07361827629047, 59.75747844903234, 53.76761410063632, 20.33871412907657, 24.54016936085807, 36.536266625331464, 38.99272315948787, 48.4369303476385, 54.4824220557279, 59.40701897746091, 60.87722937077, 57.446971305383016, 44.27883334654376, 37.34457412056335, 35.07052795897932, 66.5908656577707, 59.42310898085055, 61.34352278641123, 65.87883231844694, 67.29716649994454, 71.67692654478077, 82.2759078406543, 87.295056089987, 86.40562210853136, 83.35228736142469, 80.96127333804371, 77.17975309364202, 67.82679646723821, 63.771271031103176, 68.62365123475179, 73.86638998584601, 81.74709968587953, 81.18734252448264, 75.03178583295313, 73.06024244307736, 50.52253338774307, 47.21772581486923, 51.13111653297239, 65.01664548891895, 81.28119190766097, 95.21269037875793, 100.51506550678407, 110.45738747659017, 115.66190735992467, 122.41792302999069, 118.80804840117543, 108.76790364308197, 105.59277002992684, 99.48713189426292, 96.44517839010179], [7.593576439726205, 0.0, 8.454841030665742, 20.928730879627867, 14.430258715256805, 11.617999383430952, 12.675405447506161, 50.7966448638393, 56.473320641233, 64.79241547908941, 72.97743813600876, 80.66308748991828, 73.69785580168951, 65.8021371351352, 57.35323610643563, 24.069911095591298, 21.1591623883671, 19.939288021097997, 21.125586493917442, 25.289832988059782, 20.030191434160937, 15.184554160036281, 12.644045106398943, 13.942120751162681, 20.375521914439023, 59.35100833725893, 66.20971694747922, 72.96309237610505, 81.12593049562985, 88.11546373460203, 86.20726859762627, 80.02268938620294, 73.61797777330115, 66.3144213621228, 60.260560631100354, 26.13722116295881, 30.37010139336186, 41.194078538199214, 42.8017183310499, 52.59689068941309, 59.00451759538472, 64.60559886631351, 66.8744812945179, 64.05808466261418, 50.69029891248404, 44.20976380292644, 41.70310351885601, 69.08599370959611, 62.621303766550355, 65.59807586977308, 70.65816853161272, 72.64307664675592, 77.54737836690231, 88.7403803281196, 92.8728219316329, 91.4336941792407, 87.87180766750548, 84.9082983367502, 80.44347351025118, 70.63860025510606, 67.63804344333782, 73.37289277509586, 79.62283020691844, 88.10812818859937, 86.7899777145717, 79.72810553525458, 76.94978273261638, 45.22230667528323, 42.86494984705347, 48.56242655847755, 64.14252138317285, 81.34110161123495, 96.45827784515033, 102.78427461129893, 114.6996297057495, 121.5793065318296, 128.85641680866854, 125.69529703179995, 115.8629419465978, 112.87254737532042, 106.52997654691396, 102.92982307069556], [15.032365239624594, 8.454841030665742, 0.0, 13.232027023437496, 9.527103577796035, 13.031077608352772, 17.486022869539827, 58.1621553008242, 64.14334067864924, 72.61507838701377, 80.6338967160561, 87.9068102323487, 81.07314662267586, 73.18617345499469, 64.68435644123868, 31.93520871972729, 27.305624912558212, 23.75040721449434, 21.372403404273136, 22.266407719304567, 16.55470518455648, 15.66708895869076, 16.875721573477858, 21.021102946288, 28.62214868791132, 67.72784210745229, 74.51020466893625, 81.1113437146374, 89.02386674972082, 95.65915358141423, 93.8296119155466, 87.95275454595152, 81.75926063066161, 74.52307281176407, 68.51623555876556, 34.38059106602899, 37.28268888783974, 46.714282532949, 45.166829920830544, 55.05514586878369, 62.315765003667906, 68.80324813025341, 71.4889081261597, 69.62362090309274, 57.43965015593275, 51.64107205635136, 49.89200260959133, 68.05633230509875, 63.24775726191551, 68.01313240392233, 73.62593020072984, 76.31028528700735, 81.55865209614787, 92.75308893192248, 95.80450175342284, 93.7926579977306, 89.63503198629503, 85.9566944505258, 80.49684517073523, 69.88452285532397, 68.96934812389632, 75.89398999520832, 83.14470781877375, 91.93171272076738, 89.66775226860469, 81.64773357527787, 77.74040905836807, 40.480867761476716, 36.05792981927213, 41.806440615708354, 58.58218619812393, 76.62293477998081, 93.0735955465283, 100.66565936374712, 115.63882894146002, 123.97650609664954, 131.78605854524264, 129.46610481171348, 120.2997370494136, 118.21308971524871, 112.55428321564699, 109.84973307071682], [25.61200033149457, 20.928730879627867, 13.232027023437496, 0.0, 11.353490236571046, 19.83580311965707, 25.2029737561731, 66.15065845072616, 72.6639270922226, 81.40819648776913, 88.8961490885432, 95.07612173188791, 88.70377940680629, 81.01322715188657, 72.50681403740703, 44.82200265514251, 40.06101571100139, 35.578867374338955, 30.600471795827627, 27.04828825610674, 22.72673388726592, 26.431249663747984, 29.40742914029246, 33.99966345460605, 41.268607213149366, 78.68689784872919, 85.1160993128293, 91.17861076630618, 98.17558715366397, 103.76643106892631, 102.02633804623102, 97.01149929031156, 91.55126577498973, 84.5420961703562, 78.74999120887448, 45.70938458288601, 46.85656611325364, 54.95072233518395, 48.25818825267117, 57.6451955611462, 66.16705099822524, 73.55822679155894, 76.01902574881521, 75.3360715642561, 65.83807116359523, 60.76904077488189, 60.28221933576547, 64.29898294456736, 62.75107805022644, 70.15091394393004, 76.19901301499475, 79.61515851768311, 84.80743805203808, 94.9235474144759, 96.82957164845952, 94.33766600932815, 89.57307639135286, 85.07023896868763, 78.23021081302427, 66.30575253828036, 69.09614367077788, 77.44747175501517, 85.42183374417854, 93.8331955537981, 90.5749260873515, 81.76102091012979, 76.362544997214, 37.69638099640592, 25.951265188608552, 28.822942992813008, 46.96386438113292, 66.23878597074766, 84.65422528439386, 94.05315313919904, 113.79271478261121, 122.80048700490187, 130.8199586658694, 129.63525756502398, 121.55815246360659, 121.12665473343986, 117.01929352771357, 116.69890677142642], [17.961932895658414, 14.430258715256805, 9.527103577796035, 11.353490236571046, 0.0, 9.291507405744937, 16.153324493358443, 58.04327413715386, 64.82560495168461, 73.6498967500014, 81.30619380588446, 87.90045049749953, 80.76468868239988, 72.72782699521699, 64.28904266180753, 37.884361757515435, 35.14627744514138, 32.68164734142774, 30.853437175184972, 30.994344497527706, 25.35524427619953, 24.976895445257043, 25.45181259178234, 28.092818758964366, 33.65976757379364, 71.0498246929501, 77.78275832863193, 84.3305567428154, 91.70776281661045, 97.80090785772477, 95.6166161477879, 90.02592256749601, 84.25975457533126, 76.88701951674415, 70.94365674001291, 36.60398811938397, 36.28232604094237, 43.70863830677787, 38.277199056791524, 47.99308123808872, 55.98688288725793, 63.19037278438168, 66.13361264373029, 65.4554442252721, 55.33046543082908, 50.933863452874704, 51.47299832864934, 58.82051990655542, 54.79710435732754, 60.76094567754779, 66.71377854496755, 69.95640373782395, 75.45763970204136, 86.78543926327171, 88.67069085025881, 86.19333749385802, 81.64379416737385, 77.55585782138036, 71.61866270965164, 60.74253086390472, 60.85504853656731, 68.54550305375163, 76.57692364952774, 85.77991797345956, 82.55263396366651, 73.80430642744481, 69.22904327989397, 46.66430216510853, 37.13848141037315, 36.79947289176912, 50.98576576737587, 68.01025308680212, 83.81567106949485, 91.30897674196049, 107.08881117259838, 116.83781966291151, 125.71544486471063, 124.73266317474028, 116.96107295044375, 116.29326162013476, 112.67127447445634, 112.25701598478248], [11.343116005435585, 11.617999383430952, 13.031077608352772, 19.83580311965707, 9.291507405744937, 0.0, 7.6318914021929665, 49.212292029434195, 56.0386608758419, 64.85894477889337, 72.57323076325984, 79.39978734006287, 71.96549241201767, 63.818123134695554, 55.417972593156506, 31.75636484623432, 31.470882293744435, 31.26345044754789, 32.21814526003924, 34.87439442984866, 29.24343754575635, 25.99099742765493, 23.865399227587563, 23.804207732505215, 26.882440444194955, 62.60101657605832, 69.36915072653532, 76.04311908604518, 83.4795047725222, 89.76623547130563, 87.36325339329451, 81.53181862210276, 75.69871431920711, 68.20753453508824, 62.249935631848906, 27.96552490428974, 27.13362193580676, 35.493807510372804, 32.50990489296853, 42.33217366236362, 49.6039680128078, 56.033436203693576, 58.58493976881167, 57.14772692510076, 46.259450227196396, 41.64835016453568, 42.4849129714162, 57.47351272387949, 51.350335486101685, 55.338273635481514, 60.756607045670386, 63.32206193724302, 68.53927251786455, 80.03309222384712, 82.91428609045218, 81.00172790526472, 77.06635778944263, 73.75900935306504, 68.9637186307153, 59.05242729584418, 56.61805320604553, 63.055827599651124, 70.14085917109261, 79.19589427752007, 76.82434443834711, 69.00634369236866, 65.68324466106108, 52.47576875860404, 44.61741101595024, 43.94721618301407, 56.120448067217716, 71.7219068284646, 85.59492330867616, 91.42071369059717, 103.53128731552093, 111.9124439471587, 120.49063916143685, 118.89111616739564, 110.73224521182014, 109.44306263012484, 105.68526977412165, 105.01270184082563], [7.510684946039077, 12.675405447506161, 17.486022869539827, 25.2029737561731, 16.153324493358443, 7.6318914021929665, 0.0, 41.976820946376186, 48.68754319793741, 57.51045995905073, 65.199291181491, 72.03373049677579, 64.79497628850714, 56.75890602471642, 48.291769146982645, 28.0577916956444, 29.694988338432633, 31.0455103136531, 33.47869327327161, 37.20679451386066, 32.160333650148765, 27.793693789357288, 24.174626262783917, 22.006148578914804, 22.798143118399224, 55.77241131729452, 62.338613298069454, 68.79193125381235, 75.9969754161502, 82.15864710634192, 79.78278561485158, 74.06962209318021, 68.39683603533511, 61.01241965963158, 55.14339954213395, 22.263569290598866, 22.520825860855304, 33.07308212857873, 32.409310961756034, 41.814759223505405, 48.45501474841431, 53.83587384392946, 55.27378442995449, 52.652905125024745, 41.316220372590834, 35.58356223488716, 35.7810862793413, 59.188379628101366, 52.276451238357225, 54.75543142280552, 59.43941755818751, 61.146500027058785, 65.61296026355082, 76.21506658976628, 80.60043569696498, 79.50791812258335, 76.28568953169221, 73.74788864994049, 69.81034749588045, 60.37163396795191, 56.666170786610394, 61.864512771598825, 67.46204747729868, 75.55655844049176, 74.44126951087115, 67.94867832201706, 65.7170384719515, 54.73147004479418, 48.05056680967256, 48.19209926117484, 59.88122238133224, 75.09817066941717, 88.20184138454644, 93.13439664571028, 103.1665710621155, 108.96997994275505, 116.42703026932278, 113.75176519678989, 104.75049507227843, 102.71973450479938, 98.36409657099068, 97.4190698815631], [43.32286781821058, 50.7966448638393, 58.1621553008242, 66.15065845072616, 58.04327413715386, 49.212292029434195, 41.976820946376186, 0.0, 8.215495989654487, 17.02537596807721, 23.699643939211178, 30.795640374622252, 22.947018796532898, 15.137141456304754, 6.670856326089702, 42.54576405785217, 52.01762627008278, 58.62622200852268, 65.45211852327367, 71.92989597296602, 68.59982358550761, 61.92910541964103, 55.60398594966016, 48.545494029618375, 39.711930813388335, 27.507961931334055, 30.705852222218, 34.882391023309324, 39.15513896348254, 44.276213156937416, 40.65211439711998, 35.239818833316455, 31.59145316164158, 25.253212103089655, 21.672284686810038, 29.526050693556577, 29.63047365877951, 37.283171276688705, 46.983995701914395, 49.70758987381619, 49.79731701096245, 47.24677618745123, 42.068577181486155, 32.43168551280425, 24.151215658385688, 16.286472566987175, 16.517987146950745, 74.27911380643444, 63.70180234390365, 57.20362124627682, 56.58646447531429, 52.92737486230905, 52.14837058752552, 56.803268789371074, 69.02287493314695, 72.52529125981488, 73.81498705003936, 75.98202245947313, 77.7340830713402, 73.55576737931978, 62.65998794450348, 59.618187526152, 55.70093357297736, 57.5145652696644, 63.910092681929676, 65.92845334586916, 70.41152525806125, 88.15636093567902, 84.4572858963617, 83.79933020739738, 90.05248785350504, 100.18984866897873, 106.45053411019671, 105.25953086958594, 100.23320679364684, 93.50781214645257, 95.8058819333795, 87.97185420812087, 75.70467808832991, 69.24195513806929, 63.505055396627576, 62.47048915451731], [49.17513781565692, 56.473320641233, 64.14334067864924, 72.6639270922226, 64.82560495168461, 56.0386608758419, 48.68754319793741, 8.215495989654487, 0.0, 9.05918645329226, 16.63968448727998, 25.316247749135673, 18.14747340963312, 11.910511748850634, 7.325099938979262, 45.40267288986494, 55.10598043268626, 62.10460405775749, 69.3663885492745, 76.23316873669191, 73.32913522406155, 66.41037838257071, 59.936513347522514, 52.64071067461277, 43.45024389312195, 21.937156716049895, 23.66210217813546, 27.0320339087702, 31.062413592379873, 36.73118126752573, 33.06336679567674, 27.115461085572676, 23.458514561072725, 17.578749673549908, 15.08974897554979, 34.12857900989644, 35.96904962595739, 43.591070405063334, 54.851997020544964, 57.35057274332024, 56.753317460453616, 53.388842921445764, 47.89757502562818, 37.66346210581226, 29.399913938275724, 21.829622322114982, 18.940243862722806, 82.2590331895752, 71.48780452167243, 64.29528519625856, 63.18986616313455, 58.993635519059524, 57.598544965534096, 61.140869359024954, 74.38170164497845, 78.45779802123049, 80.29688446808964, 82.94466479041834, 85.21284083268183, 81.45377002822377, 70.12845024300874, 66.35599020143567, 61.40158909044019, 62.11435761041144, 69.61043152755114, 72.66821791035669, 77.74525814373416, 92.2910789414193, 90.1816841159292, 90.86515788438878, 97.73634389682954, 108.09031879765158, 114.28341887234973, 112.793631229367, 106.29708415599826, 97.57978756512254, 98.4343477674697, 89.07730772505539, 75.50426585602334, 67.11317529867128, 59.19850151599544, 55.76208942232242], [57.63182500430339, 64.79241547908941, 72.61507838701377, 81.40819648776913, 73.6498967500014, 64.85894477889337, 57.51045995905073, 17.02537596807721, 9.05918645329226, 0.0, 8.847728399072839, 19.428634720425855, 13.526474770807988, 11.492071671485563, 13.47231685040216, 51.833669873229084, 61.66482246687934, 68.94254152598234, 76.53387700409971, 83.68191221347251, 81.05316010614585, 73.95170928408187, 67.38729373640115, 59.95586334432042, 50.54337459348779, 20.49298856284922, 19.325576057978736, 20.68004716591812, 23.30461768782672, 29.231120699874868, 25.141327479473095, 18.577152464159248, 15.798189847079412, 11.866856555427852, 12.895893351733879, 41.75074395205674, 44.01806445789253, 50.75050095943104, 62.99823936380201, 64.86064775971502, 63.37499267628881, 58.99733377443818, 53.024549790017005, 42.40984290881439, 35.40408436567969, 29.130688714511177, 25.713666138579985, 90.03026708136606, 78.9855245229627, 70.8518329792499, 69.0565556097418, 64.21020028929877, 62.02233477356899, 64.238915362976, 78.46087916671185, 83.20574213211296, 85.74590671302849, 89.03964879958887, 92.06674097286867, 89.06659674909405, 77.07714913675805, 72.29316750705328, 66.04461441967102, 65.50019577599551, 74.16504453458461, 78.51353436408637, 84.40422665144152, 99.57402167702564, 98.44359489222445, 99.67954356576547, 106.47631918370635, 116.49698856524813, 122.03056453909824, 119.8436304175775, 111.05780038763999, 100.18376491852987, 99.6785261544451, 88.96175570077796, 74.47825393624166, 64.29961074659919, 54.83742372274469, 49.46075261920309], [65.70415624434601, 72.97743813600876, 80.6338967160561, 88.8961490885432, 81.30619380588446, 72.57323076325984, 65.199291181491, 23.699643939211178, 16.63968448727998, 8.847728399072839, 0.0, 11.204335022911486, 8.372343538043875, 12.732992864319096, 18.598926127390637, 60.638859462155, 70.38613958274554, 77.56666940241978, 84.97338158396187, 91.87560130256068, 89.32300309881634, 82.43236063490407, 75.95271544976077, 68.60110532788538, 59.29282940831901, 27.5658044935973, 24.36748991537079, 22.725107835773496, 20.920890006218904, 23.967385057871393, 19.14541516555097, 14.973351324365364, 16.77270943073286, 16.97605096611568, 20.367593537962357, 50.352041929693236, 51.85890465546119, 57.58475882616972, 68.80831312380053, 69.71348215139015, 67.7364556280897, 62.541791867803724, 55.50610480777322, 44.88642657256042, 41.22532010698344, 36.40943185663864, 34.37327957774729, 93.85383671769648, 83.17958105247739, 74.53921203725903, 71.97678177713074, 66.52193110657225, 63.17735465314635, 62.99390907451901, 78.34851298241873, 83.92557382283456, 87.23586312210496, 91.20088640629638, 94.90916072864044, 92.60365356916112, 80.5712445809519, 74.83662480374541, 66.97644880922763, 64.49157950960658, 74.45157952302728, 80.37748095351495, 87.02054865417135, 107.00541121500116, 105.30627796671043, 105.8022369556564, 111.51628236320678, 120.59109304529923, 125.03842751326724, 121.99110354406261, 111.27491455298143, 97.39476975516448, 95.29517218046968, 83.41260258299248, 68.38852359998685, 57.22080685648218, 47.93263648669572, 44.06247280328608], [73.22224649940976, 80.66308748991828, 87.9068102323487, 95.07612173188791, 87.90045049749953, 79.39978734006287, 72.03373049677579, 30.795640374622252, 25.316247749135673, 19.428634720425855, 11.204335022911486, 0.0, 10.42328851656261, 18.432121276700517, 25.169181111691554, 70.34559798267347, 79.81655504450431, 86.63413006684921, 93.48624450490077, 99.75925659417405, 97.23868083774846, 90.87046587389021, 84.63158689034431, 77.5379068836899, 68.60614791342176, 38.5528956339795, 34.78345345897658, 31.433782389078324, 25.71610230183705, 23.300133091083534, 18.646815637810064, 20.31181127821025, 25.820215939910145, 27.79686377450028, 31.429436582172276, 59.3944461527159, 59.90457594390307, 64.91072232611594, 73.71756179734535, 73.63037662255903, 71.65025054418226, 66.02260424165107, 57.67294687389999, 47.5586321466684, 48.1355099729255, 44.47774572830401, 44.020374864207895, 95.40488815778178, 85.82108380220583, 77.29178501804303, 74.04637361355806, 68.16521813625941, 63.474878872919234, 59.81034328514146, 76.37079018494225, 82.87101158184159, 86.92633719231897, 91.47462333084496, 95.63579308491532, 93.80040750720782, 82.53462165369214, 76.12415792562868, 66.57855095583832, 61.47557153970903, 72.78404896192852, 80.41744991876467, 87.58189299904468, 113.54432093915968, 110.41364032963762, 109.54727693470892, 113.6474004880137, 121.47335010029435, 124.74320415664488, 120.90665920624978, 109.07201026711779, 91.20920876848975, 86.93054971658258, 73.71050411008207, 58.044339849934204, 46.29378538407579, 38.60153779989726, 40.08637198176129], [66.23895288654401, 73.69785580168951, 81.07314662267586, 88.70377940680629, 80.76468868239988, 71.96549241201767, 64.79497628850714, 22.947018796532898, 18.14747340963312, 13.526474770807988, 8.372343538043875, 10.42328851656261, 0.0, 8.625571802543062, 16.60469812032995, 63.29535277812803, 73.17372820188606, 80.22478792960378, 87.4239094352396, 94.07137534450223, 91.08868407419936, 84.3277741667858, 77.88623442019531, 70.60554931791232, 61.306973552853144, 33.51000091230399, 31.502738173267765, 30.85523617486972, 29.007574283418375, 30.480376662652514, 25.482913301409514, 22.843555237322825, 24.737604313046766, 23.787018512788904, 25.977918479846128, 51.36809412346385, 50.83088924388721, 54.96236119692972, 64.75740357135048, 64.65715593700389, 62.272871701588485, 56.5929894467142, 48.847914636668165, 38.41221070214565, 37.928005806145386, 34.93080186053317, 35.84384017941959, 88.13035392839285, 77.52301559136886, 68.46905255445489, 65.41143022861566, 59.649741070929956, 55.71882496827081, 54.79309790379208, 70.34792353416952, 76.18418825094606, 79.81498079370901, 84.12149591990648, 88.29671492279438, 86.69177083195743, 74.3718951373492, 68.01231274518494, 59.381983361540264, 56.348392801810085, 66.62083287737597, 73.19757196358984, 80.30517030040346, 109.35353003459294, 105.83884324411876, 104.35364776281374, 108.39433359566804, 116.15369251274815, 119.27791316286388, 115.41727913983621, 103.3420399398008, 89.35226650104438, 87.98928359075516, 77.08749117990537, 63.44964433173249, 53.99827467830016, 48.54029104840204, 49.28010480628415], [58.351621180991074, 65.8021371351352, 73.18617345499469, 81.01322715188657, 72.72782699521699, 63.818123134695554, 56.75890602471642, 15.137141456304754, 11.910511748850634, 11.492071671485563, 12.732992864319096, 18.432121276700517, 8.625571802543062, 0.0, 8.540675667709845, 55.943407509070035, 65.89363232999521, 72.9227010940424, 80.15113414417144, 86.87680260632335, 83.6201673216965, 76.74800413402647, 70.26930808612664, 62.983605359260004, 53.6507786870194, 30.16360488205838, 30.191968042417614, 31.8586231695707, 32.931216489973295, 36.40807376751884, 31.712046090945535, 27.231338563500127, 26.32514161461188, 22.631110141290332, 22.664556873375687, 43.30803375696599, 42.24026958871426, 46.52972397456183, 56.71372842907917, 57.14251673984049, 55.088316193667154, 50.021213374046106, 43.009789858774084, 32.40047169752017, 29.808382017823412, 26.366857237619843, 28.171924637744258, 81.61476225442611, 70.57148232945025, 61.811419170589055, 59.3564485686142, 54.08629978597039, 51.19389370933072, 52.7971371629077, 67.16948252853709, 72.19036567614299, 75.1024413311083, 78.82633836658547, 82.46777723473363, 80.39155786465632, 67.91241482291503, 62.282655342148004, 55.085996354928795, 54.09407497785899, 63.02182756131349, 68.1133939027419, 74.62649591420976, 102.9079100754576, 99.10175820196879, 97.4358343422923, 101.83009158926728, 110.01779784802713, 113.7366949723284, 110.44953830013202, 99.92237285534532, 89.1889024971815, 89.84318060634169, 80.58088474837415, 68.01120198829351, 60.1370175019897, 55.33825803294119, 55.6209364265108], [49.875792301114075, 57.35323610643563, 64.68435644123868, 72.50681403740703, 64.28904266180753, 55.417972593156506, 48.291769146982645, 6.670856326089702, 7.325099938979262, 13.47231685040216, 18.598926127390637, 25.169181111691554, 16.60469812032995, 8.540675667709845, 0.0, 48.55722052118503, 58.266824954209795, 65.05379327473231, 72.0350980310388, 78.58810540382812, 75.2554838469813, 68.5180294501676, 62.13372779082758, 54.98413828322864, 45.92047442674631, 28.412019939474963, 30.280844710810385, 33.46427105150985, 36.410963864038344, 40.82416320884759, 36.71475763405305, 31.67643053735168, 29.113624488304872, 23.665724869181613, 21.526301996889618, 35.54506187258036, 34.78253730567245, 40.63049225120682, 50.433983482941116, 51.990058588918295, 51.07006687909251, 47.319280513170256, 41.16686743317141, 30.903823017504326, 25.390397476155687, 19.814252057546582, 21.38539461504625, 76.5680969494414, 65.75147716717575, 58.16259668797482, 56.677304311895824, 52.25094995689271, 50.497926580434445, 53.85779323369216, 67.07954103518266, 71.26880662312347, 73.28748621145498, 76.17027287973067, 78.79775040743264, 75.59559084144563, 63.919547116936606, 59.653111543096635, 54.20925535050746, 54.81613319086853, 62.34441636884961, 65.75599209885853, 71.19663079801927, 94.70188328792761, 90.75848258072648, 89.42084721350258, 94.64407596348049, 103.77925133626977, 108.7906093751866, 106.59898444304473, 99.0819454412499, 90.63198946914639, 92.32153457240994, 83.97518877534141, 71.6689205375435, 64.77727310462262, 59.67723281794465, 59.51302588054937], [22.076968892841563, 24.069911095591298, 31.93520871972729, 44.82200265514251, 37.884361757515435, 31.75636484623432, 28.0577916956444, 42.54576405785217, 45.40267288986494, 51.833669873229084, 60.638859462155, 70.34559798267347, 63.29535277812803, 55.943407509070035, 48.55722052118503, 0.0, 10.714843350738361, 18.8742375306464, 28.249649871929638, 37.60593028420682, 34.666306036648145, 25.777895001436608, 18.872700481166284, 11.488809474562192, 5.566027920045139, 40.27942719797646, 47.55487422029138, 55.168457594444206, 65.15467443699004, 74.21329579829278, 72.40392039297797, 64.63967385208495, 56.80246947935357, 49.5731545248384, 43.4730669556452, 15.848129941194228, 27.304765056625868, 39.69630750542038, 52.03274758390946, 60.46070411685598, 63.50832397365829, 66.09219294206777, 67.69339708548482, 62.040581661134425, 44.30399639285077, 35.89453908695421, 28.173093553050183, 84.30922786885164, 74.1728689521353, 72.33432596171095, 75.7291537881879, 75.76145967778416, 79.76349937598569, 91.13586055093869, 97.90630209871759, 97.83118729559307, 95.82381051076973, 94.65122263289358, 92.73692199524345, 85.36443053574284, 77.40251373634983, 79.83046407877232, 83.4211004289693, 91.11720110189225, 92.349595217648, 87.82564465235886, 87.90697664373268, 59.23392770387494, 63.888293465133486, 72.19666648833315, 87.0407830542133, 103.02045152570852, 115.77163293497995, 119.62353359878196, 124.10411342219167, 127.96461068972644, 133.71107668847253, 127.95934925261132, 115.91146814780834, 109.47610820992232, 99.66029368182404, 90.75167730670762], [22.527937879716774, 21.1591623883671, 27.305624912558212, 40.06101571100139, 35.14627744514138, 31.470882293744435, 29.694988338432633, 52.01762627008278, 55.10598043268626, 61.66482246687934, 70.38613958274554, 79.81655504450431, 73.17372820188606, 65.89363232999521, 58.266824954209795, 10.714843350738361, 0.0, 8.390646865320992, 18.17748014570287, 27.99973026186184, 25.64678541306261, 16.853581831988066, 11.035668887962432, 7.757478030727126, 13.26767429712472, 49.88432039855091, 56.865715513842986, 64.08941701754016, 73.91803696608338, 82.72018303032516, 81.30330957569235, 73.91170146760525, 66.22912827101398, 59.31868047823804, 53.358071296717334, 25.046000127966483, 35.29229020861057, 47.2111597230759, 56.98518210213555, 66.14052016941, 70.21745686716258, 73.86099363682335, 75.99433909292567, 71.07191804288806, 53.89317200565439, 45.788020826536695, 38.523938673239996, 87.52164316445278, 78.663664506327, 78.53752489767129, 82.636372487218, 83.38339654664405, 87.84647660263569, 99.37039318129882, 105.37032311197264, 104.76187103470676, 102.13072104763559, 100.2192704484057, 97.26548824029324, 88.88774116088526, 82.74300737808929, 86.4512776775389, 91.1258562314328, 99.18363536667597, 99.63441061873827, 94.09597431967735, 93.0583613013847, 50.21955854180991, 57.189227748441105, 68.1949036773226, 85.1174610413705, 102.47982241007544, 117.03606212438903, 122.36780640027625, 130.09116353286848, 135.15087544906706, 141.0662497907996, 135.6131088752203, 123.55130484256097, 117.4533421765252, 107.25314066095962, 98.0569794638975], [23.8001625232628, 19.939288021097997, 23.75040721449434, 35.578867374338955, 32.68164734142774, 31.26345044754789, 31.0455103136531, 58.62622200852268, 62.10460405775749, 68.94254152598234, 77.56666940241978, 86.63413006684921, 80.22478792960378, 72.9227010940424, 65.05379327473231, 18.8742375306464, 8.390646865320992, 0.0, 9.93895775121924, 19.962525948373887, 18.044299184384915, 9.95464557368132, 7.448561759782154, 11.162979155127498, 20.31235355929108, 57.77473228833253, 64.5808249236337, 71.50709639294065, 81.01883021844537, 89.4241446464537, 88.20620230632105, 81.20271379431229, 73.77192826225838, 66.99610129839368, 61.08893842599177, 31.811205870591767, 41.00577174990308, 52.557247609737686, 59.907249098941016, 69.47477449961701, 74.40827720872606, 78.86928687554824, 81.28293701418812, 76.9874664259719, 60.5360853017125, 52.678190588516735, 46.027655407870796, 88.50537430141033, 80.86679506082677, 82.17823420383853, 86.78890320653443, 88.09280373554003, 92.84509958860025, 104.33623429684373, 109.6841924154513, 108.66893667493413, 105.55391734176582, 103.06057338131924, 99.2630537578471, 90.08539958833896, 85.56070849878392, 90.27592778218398, 95.74281933898764, 103.99891594287656, 103.80199377561117, 97.50320444034884, 95.55907855107229, 42.668508157602815, 50.84599890541347, 63.65249717428676, 81.96406890872336, 100.256871457938, 116.15240576769258, 122.64407340936253, 133.08076769844226, 139.01447481364494, 145.1093715322702, 140.06303401642094, 128.2063111028078, 122.65657788192185, 112.60610466102685, 103.8757611305296], [26.83878822360827, 21.125586493917442, 21.372403404273136, 30.600471795827627, 30.853437175184972, 32.21814526003924, 33.47869327327161, 65.45211852327367, 69.3663885492745, 76.53387700409971, 84.97338158396187, 93.48624450490077, 87.4239094352396, 80.15113414417144, 72.0350980310388, 28.249649871929638, 18.17748014570287, 9.93895775121924, 0.0, 10.100582955233321, 9.408745064210903, 6.757833681770214, 11.663243524853455, 18.704097835451304, 28.782713438052184, 66.47494564752567, 73.04674225463188, 79.56403453218567, 88.54503530366016, 96.3255033717365, 95.31933040038828, 88.8845874910742, 81.86596630695226, 75.25240123055708, 69.42604595745237, 39.58777972418495, 47.738274599963034, 59.01805924907021, 63.38114173568471, 73.22329119937511, 79.14098736815819, 84.40921984318669, 86.87207887985585, 83.20726377698631, 67.86042722771123, 60.16824132743032, 54.16064011300973, 89.14784957572729, 83.17407311700997, 86.15023926926585, 91.23068809590745, 93.07763383167061, 97.97853873708969, 109.07802767982948, 113.82782709744161, 112.46221105109481, 108.87654793929289, 105.78241405993845, 101.03517432579129, 90.9096001742746, 88.45442720851155, 94.22741151844819, 100.36179334195705, 108.57366452383177, 107.76980031000137, 100.79840939938255, 97.8629460926805, 33.25008020780168, 42.508238351925364, 57.536022321011735, 77.38231581453059, 96.70915589171358, 114.16170305262354, 122.00200065870581, 135.69508555698027, 142.1504665690269, 148.23939760732333, 143.6124197324635, 132.01291378477492, 127.18951667106609, 117.47447970663151, 109.65527715441216], [31.626094832201044, 25.289832988059782, 22.266407719304567, 27.04828825610674, 30.994344497527706, 34.87439442984866, 37.20679451386066, 71.92989597296602, 76.23316873669191, 83.68191221347251, 91.87560130256068, 99.75925659417405, 94.07137534450223, 86.87680260632335, 78.58810540382812, 37.60593028420682, 27.99973026186184, 19.962525948373887, 10.100582955233321, 0.0, 6.277713422261561, 13.50334433801559, 19.980371165852894, 27.344650177311355, 37.4635055243298, 74.90650948916483, 81.23485037077364, 87.33334963879402, 95.70837591338886, 102.78887143703285, 101.96221004414195, 96.13976500533063, 89.58942930980184, 83.14184095564453, 77.41820870466752, 47.44869216719685, 54.64364035390747, 65.65015195190323, 67.13894520868081, 77.04907701975803, 83.85215847788538, 89.78086120245985, 92.13867450261439, 89.04745956105214, 74.94589261910936, 67.41547459675652, 62.03903301876229, 89.669689294933, 85.48942387439479, 90.0361637905902, 95.47095616574242, 97.77264361285897, 102.69712071339026, 113.19447355171619, 117.42643819419202, 115.79239399205399, 111.81545974645935, 108.19512562542765, 102.56573654346232, 91.55794497086617, 91.22842885598615, 97.92470650074097, 104.53827721663274, 112.53355069339341, 111.21783249104075, 103.7389980800281, 99.89274794576176, 23.841198384432676, 33.79910727292924, 51.25537751329241, 72.49847712292143, 92.74678571185174, 111.68963590105558, 120.83873078034804, 137.7448519666112, 144.42226792570509, 150.38774594070972, 146.1760604161536, 134.89668812075203, 130.87232042708226, 121.65022737732852, 114.9888953780742], [26.915373977162886, 20.030191434160937, 16.55470518455648, 22.72673388726592, 25.35524427619953, 29.24343754575635, 32.160333650148765, 68.59982358550761, 73.32913522406155, 81.05316010614585, 89.32300309881634, 97.23868083774846, 91.08868407419936, 83.6201673216965, 75.2554838469813, 34.666306036648145, 25.64678541306261, 18.044299184384915, 9.408745064210903, 6.277713422261561, 0.0, 9.264404382016629, 16.05577294324322, 23.68831699827215, 33.891838934936956, 72.85252979034377, 79.45022095835506, 85.8687009718822, 94.35653824678636, 101.54084833297317, 100.3970553017703, 94.36324435946742, 87.72701894233626, 80.96302709715997, 75.07653287253638, 43.380473454265136, 49.650756767796345, 60.1041593334522, 61.262569666488425, 71.19770085649593, 77.99728395337215, 84.10502329522652, 86.79314805089506, 84.07405414878666, 70.1356299976946, 63.125330900541876, 58.60509453390459, 84.15663860736521, 79.62610317184826, 84.15335409307791, 89.69348425060251, 92.15492398852462, 97.31332082863551, 108.32710740022418, 112.07683460175548, 110.23141033307841, 106.14282110729538, 102.45823646645813, 96.88186211991163, 86.0876302235516, 85.42423525481748, 92.20825958290104, 99.17406823044115, 107.62457488677387, 105.93119359353102, 98.15540784952219, 94.27006839775756, 28.676882849959057, 34.35616575101798, 48.939558018552695, 69.22684938152257, 88.90565269855512, 107.17149787763549, 115.91504338669756, 132.17233540562114, 139.81998328310073, 146.5305259863423, 142.93606697517328, 132.27826316641173, 128.72324310279419, 120.41119576798292, 114.56894075639964], [21.520324074779126, 15.184554160036281, 15.66708895869076, 26.431249663747984, 24.976895445257043, 25.99099742765493, 27.793693789357288, 61.92910541964103, 66.41037838257071, 73.95170928408187, 82.43236063490407, 90.87046587389021, 84.3277741667858, 76.74800413402647, 68.5180294501676, 25.777895001436608, 16.853581831988066, 9.95464557368132, 6.757833681770214, 13.50334433801559, 9.264404382016629, 0.0, 7.079668019672682, 14.93045360620923, 25.256721910112052, 64.87863730247442, 71.72317680920119, 78.5370763657425, 87.5126444826509, 95.2698956644616, 93.91196960906, 87.34579985664328, 80.32707396958719, 73.36516171783694, 67.36550349340767, 35.332547852246734, 42.30895754955988, 53.04518713905542, 56.860823989981135, 66.73105319933674, 72.71261150852155, 78.21143399579309, 80.98166414748734, 77.75939448093838, 62.72975265848195, 55.62516961569698, 50.73182704646044, 82.85935522536623, 76.61542476334888, 79.63949782568663, 84.8384645699771, 86.87161133187197, 92.00137002693094, 103.5642825059466, 107.78476047418998, 106.19890626035475, 102.48750330353354, 99.31299989019735, 94.58906059412894, 84.65036523617765, 81.95206787138507, 87.84957336997665, 94.35357677270355, 103.00219687311936, 101.77636038241248, 94.4918040908303, 91.48260387342336, 36.97964190360557, 42.34068214857141, 54.55543184811312, 73.28310406589635, 91.96024378264029, 108.71062835095435, 116.15677631110715, 129.33493761493204, 136.73104343050753, 143.57730671673036, 139.65624973068267, 128.78542352019596, 124.59511137655979, 116.01336210128314, 109.3776386134067], [17.25173657916518, 12.644045106398943, 16.875721573477858, 29.40742914029246, 25.45181259178234, 23.865399227587563, 24.174626262783917, 55.60398594966016, 59.936513347522514, 67.38729373640115, 75.95271544976077, 84.63158689034431, 77.88623442019531, 70.26930808612664, 62.13372779082758, 18.872700481166284, 11.035668887962432, 7.448561759782154, 11.663243524853455, 19.980371165852894, 16.05577294324322, 7.079668019672682, 0.0, 7.86665825601405, 18.190704718645012, 58.134760106514385, 65.10256201584482, 72.1112632935364, 81.26265406479621, 89.26286199093508, 87.74065359722967, 80.92045722135087, 73.75762115332903, 66.6713672824971, 60.61431864317062, 28.503630928073655, 36.18113243071172, 47.466198526536196, 53.14071187256514, 62.833112943155584, 68.22576275848951, 73.14481656498036, 75.68731931332646, 71.97447765298442, 56.364610579271016, 49.03306191438921, 43.85464825391012, 81.12836872661427, 73.78585750095803, 75.65154197553682, 80.47683479973107, 82.0782153063558, 86.99925965366309, 98.6170527110298, 103.39365510184616, 102.1429042995054, 98.81530533848583, 96.11236122282466, 92.07185382152703, 82.7365904959633, 78.64422481629194, 83.75868879032411, 89.6516727601397, 98.16838560680112, 97.46236285319522, 90.7698927694107, 88.50003003777886, 42.91700103250208, 47.35516403992002, 57.83850640334462, 75.29406991619786, 93.1879239782256, 108.78529267323721, 115.22383970352035, 126.1401559930383, 132.7739028891144, 139.47655444019188, 135.22088996265805, 124.17134782550005, 119.57671856901857, 110.92380541797591, 104.04865981921346], [14.92114037458223, 13.942120751162681, 21.021102946288, 33.99966345460605, 28.092818758964366, 23.804207732505215, 22.006148578914804, 48.545494029618375, 52.64071067461277, 59.95586334432042, 68.60110532788538, 77.5379068836899, 70.60554931791232, 62.983605359260004, 54.98413828322864, 11.488809474562192, 7.757478030727126, 11.162979155127498, 18.704097835451304, 27.344650177311355, 23.68831699827215, 14.93045360620923, 7.86665825601405, 0.0, 10.3379408503509, 50.559116341375415, 57.64556357863849, 64.84625692288729, 74.15285253193396, 82.39307522430742, 80.69119121637915, 73.61125440624245, 66.31401137609797, 59.10145351503694, 52.99080905750752, 21.06816289888444, 29.95888388824672, 42.04367230753691, 49.985929511499194, 59.31285045179862, 63.95249646289447, 68.07710288095628, 70.21097275208163, 65.82752707905503, 49.57549568734707, 41.845873346080595, 36.164703497399145, 79.92003929463058, 71.43743215127571, 71.91280888112121, 76.22003549011752, 77.24604181349468, 81.82126089335814, 93.3303311564446, 98.85788182085878, 98.06361641433432, 95.23605634955743, 93.12492864356537, 89.90328535807721, 81.28640778240464, 75.66109738934979, 79.77780680176622, 84.80871834608865, 93.02565538907083, 93.02366512182955, 87.14446629682308, 85.77930331207389, 49.5271279612215, 53.140089837875855, 61.98388870057033, 78.02550189801069, 95.01149805255011, 109.32219371648675, 114.63371951590561, 122.99659995453165, 128.50725720325852, 134.9107847573365, 130.19480731597662, 118.8927709840016, 113.79978246825256, 105.03172219892365, 97.90067488987678], [17.333327038229616, 20.375521914439023, 28.62214868791132, 41.268607213149366, 33.65976757379364, 26.882440444194955, 22.798143118399224, 39.711930813388335, 43.45024389312195, 50.54337459348779, 59.29282940831901, 68.60614791342176, 61.306973552853144, 53.6507786870194, 45.92047442674631, 5.566027920045139, 13.26767429712472, 20.31235355929108, 28.782713438052184, 37.4635055243298, 33.891838934936956, 25.256721910112052, 18.190704718645012, 10.3379408503509, 0.0, 41.097337860232386, 48.40230843737929, 55.9433265501387, 65.45871892118178, 74.04111114458784, 72.00903962379527, 64.5145062590147, 57.01932711268593, 49.56205660672324, 43.35405971295105, 11.778491879962775, 22.72562364787653, 35.608034837748065, 46.8203600892042, 55.3504839406014, 58.77313185863297, 61.672685015629035, 63.2342544278714, 57.92850393221315, 40.79436865955543, 32.56848161581136, 26.19528381679611, 78.84255904936278, 68.8937106573177, 67.38901221323388, 70.90740965016342, 71.10888388591609, 75.17933306312938, 86.55261680016272, 93.02827208092975, 92.84406423149261, 90.71879361013114, 89.43549506181165, 87.37608305040223, 79.87578842254693, 72.17661114622186, 74.83769021517189, 78.64060997202901, 86.45133246778218, 87.38830563197996, 82.65771280489595, 82.56023391767206, 58.91025420595165, 61.42479189751309, 68.15959060421211, 82.22165120718505, 97.83042197540331, 110.31100663288609, 114.08164422124189, 118.90461279467536, 123.0316672682818, 129.12919960009378, 123.90477405819749, 112.40805062692458, 106.71870845596327, 97.99284781587276, 90.68196854736611], [53.44506139244649, 59.35100833725893, 67.72784210745229, 78.68689784872919, 71.0498246929501, 62.60101657605832, 55.77241131729452, 27.507961931334055, 21.937156716049895, 20.49298856284922, 27.5658044935973, 38.5528956339795, 33.51000091230399, 30.16360488205838, 28.412019939474963, 40.27942719797646, 49.88432039855091, 57.77473228833253, 66.47494564752567, 74.90650948916483, 72.85252979034377, 64.87863730247442, 58.134760106514385, 50.559116341375415, 41.097337860232386, 0.0, 7.759285180631911, 16.42909780025364, 27.39503884939777, 38.205812226998475, 35.90044926799616, 26.51726384888707, 17.605910861057033, 11.283299587005121, 7.640136856399693, 35.68950228840701, 42.41721629575985, 51.13872538767362, 67.49292619956721, 71.47759556743043, 70.36001987981095, 67.29360756699523, 64.17793992600072, 54.24486516467487, 40.23543936820606, 31.958832277586957, 22.079086737375032, 98.89475501037208, 86.8547407832788, 79.32324009088015, 78.86810919996469, 75.0