{
	"dissimilarities": [[0.0, 8.43303162586753, 16.98511181400785, 26.31820622625115, 19.244369143986763, 13.143309950317576, 9.924337731173098, 42.3011166856135, 49.00356536768757, 57.332038983149495, 65.5462409328151, 73.59361439444731, 66.20325015132109, 58.1843487697695, 49.80074891803008, 15.811946510357728, 15.976161544212834, 19.96910274736541, 26.80418552881377, 33.503936707514676, 32.224635255130096, 22.1374738924181, 15.930590126773206, 10.423847672601658, 8.838925451752889, 48.10222685631211, 55.0670637020694, 61.681091226131805, 70.4250243802501, 76.21223510795058, 74.43281263976348, 68.5523138902308, 61.41969859992563, 54.43335489438289, 49.093860589223844, 20.254704798299183, 23.51282623778039, 35.407673331523846, 40.36077206102235, 50.456699015527896, 55.929742239248284, 60.533755361459825, 61.806952565343735, 58.54107946233073, 44.98019114425866, 38.09732429950736, 34.64153321414918, 66.03184128560363, 62.630099407015585, 64.62915695504171, 68.2073988713902, 70.19971074215344, 73.8739599706114, 82.75784378487549, 84.03532325607448, 82.41995720222717, 79.47647672283006, 76.2996277093204, 72.78236891179381, 67.14441404300491, 66.8892654935934, 71.34269363857982, 74.86077721613991, 81.79532974427244, 75.68926503575625, 72.18727175569755, 68.75397889553763, 54.441070308909005, 56.0697184355561, 64.05445035711367, 75.6781721963445, 89.61882994290198, 100.81378410256221, 101.73948260337536, 108.39018499580754, 116.40809124418777, 121.33155821326079, 118.74524985539749, 109.84414221137861, 106.22659959810638, 98.67207615674727, 95.52363681039475], [8.43303162586753, 0.0, 9.06617207583857, 19.410261755123987, 13.41890777705026, 10.700764805803509, 12.724886705833491, 50.60869015480248, 57.41604088480304, 65.75908196519343, 73.95747662530916, 81.84712193091048, 74.51282711421669, 66.47614085429386, 58.0622547316013, 19.994482939831528, 15.411066303788619, 15.687737517861553, 20.498575961536677, 26.640973508887008, 25.017696055239565, 14.744044154966812, 10.089631254848019, 9.303095397997433, 14.751694270682707, 56.22054099556764, 63.22743084871947, 69.89694097504416, 78.65010319795961, 84.44227591287469, 82.76125526931001, 76.89474230948763, 69.78103237228588, 62.781322724608216, 57.460200697794605, 28.046204890384903, 30.233292516062424, 40.44367037753615, 43.13189962882024, 53.62329401091704, 59.84171349300874, 65.38571799218411, 67.4596554737753, 65.0803383884285, 51.925487545885005, 45.78630938311186, 42.869083710361934, 66.61040832296239, 64.34384038783745, 67.58126994438321, 71.8809116147098, 74.58414408476678, 78.77335906182776, 88.13811809884346, 88.51710127462906, 86.20822335312168, 82.5569128642566, 78.61776398504942, 74.31193240935222, 68.10474850950804, 69.28091240795261, 74.81853940149495, 79.1543928446875, 86.94343148399014, 79.93178200209574, 75.61527364746506, 71.06125673493892, 48.86275404022154, 50.55878632454515, 59.39638999948238, 72.46209077653911, 86.8342982302557, 99.22301582870719, 101.52128352134204, 110.67933711340663, 120.81996570086466, 126.54586600146327, 124.75736035490903, 116.46955699621402, 113.39319740471801, 106.19273804878095, 103.16704153097864], [16.98511181400785, 9.06617207583857, 0.0, 10.842364483957265, 8.520918677878987, 12.298539326635174, 17.619528998312667, 58.23238144821321, 65.31460237484072, 73.77639387514989, 81.81928868051051, 89.06843943055213, 81.97099499966117, 73.99351847279524, 65.49526019727814, 28.50789990041008, 21.817730653217765, 18.23295779217464, 17.772383212778923, 20.56609233948939, 17.940583114247488, 11.392346089829434, 12.80233335684324, 16.810726758790832, 23.772524562009107, 64.99347416017368, 71.88880040445515, 78.38114650940221, 86.78528576456338, 92.27332243312314, 90.69270076632894, 85.12297885026769, 78.16604010751914, 71.2810202400931, 65.96446314396087, 36.89080818524074, 37.79907973799038, 46.76089448470725, 46.056235846329024, 56.80015389620858, 64.05982894720242, 70.38832584301757, 72.66454304931476, 70.98023223598717, 59.3118398836167, 53.79299590914747, 51.534464950992394, 66.31204511920576, 65.59649335379083, 70.32059109851296, 75.2720135815708, 78.57978036944056, 82.99838456220013, 92.28907037293227, 91.97543258545772, 89.10178015133135, 84.80171917520782, 80.17821059494338, 74.94822206889292, 68.15195864303794, 71.13652686914222, 77.78905541984734, 82.77228784872746, 90.90002423027909, 83.4612450853223, 78.49048946636796, 72.72509523283387, 43.203489231833096, 42.88334382501118, 51.94156475721741, 66.29856904795234, 81.2249270563172, 94.90003642085064, 98.9186206846671, 111.32093213223534, 123.00012682142196, 129.26217867665474, 128.24939689083538, 120.68847851164199, 118.38190532247503, 111.95552386963325, 109.87060254130304], [26.31820622625115, 19.410261755123987, 10.842364483957265, 0.0, 10.175998256669317, 17.858976509190825, 23.824177638339098, 64.9210651529729, 72.39492241075335, 80.99334037895913, 88.71151151678234, 94.84748566222338, 88.13604106885994, 80.30929663942955, 71.7865826919092, 39.17336483330275, 32.34718932823376, 27.517422598635104, 23.04750703925624, 20.10419397015643, 16.089419558628588, 18.2495178929775, 22.919804983706932, 27.58167014797309, 34.02959803951348, 73.89489264170275, 80.56543289701678, 86.70082810677059, 94.48052685050328, 99.38943723140416, 97.85309076320067, 92.81864177261173, 86.1244333133027, 79.47242438402441, 74.1624127556132, 46.09809092062895, 45.41215458012316, 53.2499693184865, 48.36128415053087, 59.082554789031526, 67.55162463349619, 74.48476602338151, 76.4784084602734, 75.42315058769498, 66.22610811522904, 61.40004171823614, 60.103940921122614, 64.29023057107514, 65.4832553581767, 71.84737638330563, 77.34289096184254, 81.14181911217143, 85.52546352544461, 94.23518495059743, 93.36402072640149, 90.04296741842752, 85.17240396935297, 79.9752574232262, 73.74909454741163, 66.41162155541777, 71.4932394730778, 79.22516499552076, 84.67712128872876, 92.67919611879974, 85.23959835969676, 79.78439951572935, 72.78151992288498, 40.1016976611065, 33.92499076143245, 41.40196081660367, 56.637375507093076, 72.16006986062473, 87.08757320494784, 93.0429428182899, 109.24010502527831, 121.949658341737, 128.5941644757368, 128.47476560572764, 121.91603472106141, 120.73177719900627, 115.7260195196784, 115.5226203008739], [19.244369143986763, 13.41890777705026, 8.520918677878987, 10.175998256669317, 0.0, 8.226662479279122, 15.146262235733337, 57.15031679298722, 64.92873492215774, 73.5734557791091, 81.41323713214697, 87.85543058556799, 80.67523606893542, 72.56813145592514, 64.13254517393032, 33.04472662376939, 28.386369336064746, 26.285514553837082, 26.134133108801393, 27.20426245926596, 23.814857752987088, 19.752992377732216, 20.404725308579923, 22.4746106924494, 27.11429426324353, 66.4993228574362, 73.38459442346937, 79.75692825234843, 87.9888417631973, 93.12141065953261, 91.19487395495739, 85.8655920676702, 78.86242540993398, 72.0336162511716, 66.58963863968225, 37.68969043798399, 35.79161295501973, 43.10809289318175, 39.293712321286264, 50.06286289400461, 58.04135513804967, 64.84126081714238, 67.2035599071265, 66.30863897623112, 56.472333552016444, 52.12521523824228, 51.818131651259854, 58.02734067226229, 57.823584286057795, 63.233256442697346, 68.4900364032005, 72.13072199448422, 76.66877112894628, 85.99122011995, 85.10424689029746, 81.89990675736104, 77.29672897266329, 72.41857526255795, 66.87077329539623, 59.92732334402484, 63.5562216463412, 70.71413109945796, 76.02942692786647, 84.4393368190412, 76.6582239495683, 71.35397185806632, 65.04030451174062, 48.812073661895475, 43.43454499026868, 47.94888888801544, 60.227787494781126, 74.16880663242715, 87.08130058475899, 90.56748872226886, 103.16149244768792, 115.86079213481875, 122.96280174959013, 123.02609397856597, 116.60390762951904, 115.46709514910673, 110.97964321023028, 111.01105403366351], [13.143309950317576, 10.700764805803509, 12.298539326635174, 17.858976509190825, 8.226662479279122, 0.0, 7.37689261036061, 49.336983777644804, 57.17219976309763, 65.8043805719378, 73.70238714378897, 80.40480529425949, 73.00255343406036, 64.79010843579755, 56.402889836896556, 27.761789804575155, 25.623424224581893, 26.202337451622174, 29.15572780233068, 32.48588241581546, 29.700595734299103, 22.81824862192986, 20.26367131448645, 19.19744939393705, 21.073717955379067, 58.838532623236404, 65.76472312110516, 72.19280136911215, 80.59533865806088, 85.83061410660481, 83.71963563437416, 78.25488887752336, 71.13272227747814, 64.25332098227557, 58.767637064451684, 29.892761910015896, 27.639234601993795, 35.75927871246293, 34.105378765960346, 44.87244577757708, 52.17355525874722, 58.367818991093145, 60.443144133006435, 59.035300152836946, 48.46919033206806, 43.906269274320834, 43.80398994454263, 56.19249711818688, 54.48986287793377, 58.58996914415502, 63.28543358454983, 66.40219410115967, 70.71671052578864, 80.07416448108671, 79.78821681505518, 77.08941486038262, 73.06612358301835, 68.82958637784053, 64.12206802503272, 57.727878088730776, 59.66135645443396, 65.84596070208521, 70.58585864620179, 78.67410039739939, 71.2876689407929, 66.56553323465295, 61.31663152089197, 54.20494142556498, 50.03397273089, 53.99741477923369, 64.61463624656045, 77.82783633886214, 89.26649235556201, 90.93822080032014, 100.39724343784906, 111.65333367223414, 118.36538512804756, 117.89956617714603, 111.03862211277034, 109.48784189754186, 104.82339448876303, 104.68739602248105], [9.924337731173098, 12.724886705833491, 17.619528998312667, 23.824177638339098, 15.146262235733337, 7.37689261036061, 0.0, 42.05786499436386, 49.86876210025388, 58.516822680948025, 66.37758155523483, 73.08346571137002, 65.71781417373433, 57.551827194823375, 49.127891047125274, 25.048358564709662, 25.389500288072174, 27.909409217881247, 32.412671951565784, 36.62856598855108, 34.31252378617967, 26.806146988694085, 22.718913991772887, 19.23105879019283, 17.710049788909373, 52.1410062924763, 58.92030452391339, 65.18400534993933, 73.41247732803632, 78.54331938769116, 76.40630288939465, 71.03665089946506, 63.98815264363629, 57.198012149234515, 51.73086902074546, 24.057387546608343, 22.146914684118375, 32.104790449336946, 32.393239764392476, 42.921625351189505, 49.64261632817605, 54.91413430971332, 56.01560277866097, 53.62173281657894, 42.935365070796365, 37.62129363489212, 37.133700905127526, 56.76386107827923, 54.0240162526039, 56.967159371356665, 60.953165469042055, 63.34637484095933, 67.08709259823408, 75.8338674015637, 76.53896781779417, 74.56539704080923, 71.24551445324268, 67.77036599040964, 63.78088542877308, 57.91122095164944, 58.52530652394208, 63.67143198612862, 67.56995042142688, 74.67466120015163, 68.3175549687365, 64.43129462860686, 60.247492869808056, 57.43762872836186, 53.93534617233013, 57.9766045509707, 67.60672450551381, 80.68328604744066, 91.19554786974656, 91.81767740531771, 99.22670584914285, 108.16459248700554, 113.92302396179583, 112.55351610848136, 104.98965750029897, 102.87875085712184, 97.78302485441456, 97.56911857014825], [42.3011166856135, 50.60869015480248, 58.23238144821321, 64.9210651529729, 57.15031679298722, 49.336983777644804, 42.05786499436386, 0.0, 8.99858557363106, 17.380142157125068, 24.69058927256711, 32.0669543513956, 24.0443461155957, 15.887028366835443, 7.685211355426799, 43.365172176216916, 52.171624462131064, 59.348902830491966, 67.20559968302807, 73.40753736635969, 72.39810396545083, 63.915148006075725, 57.29900246334563, 49.95178045221141, 40.5389532584598, 22.33929210255813, 25.54789599802109, 29.12180220406661, 35.47645098274579, 39.58219801451015, 36.32410934133154, 31.660915043608075, 25.306797587008475, 20.32205205660821, 16.122646832010215, 27.425351690504918, 28.159652926278422, 35.7831262520045, 45.928204020269646, 49.49045178113261, 49.62326585687824, 47.18313434469412, 41.78820332902613, 32.56580140984935, 25.18008732705083, 17.45629619288201, 15.817660719183287, 71.89221873072866, 64.38663944116148, 60.065229105091184, 58.846842505514246, 56.18844985615312, 55.549192219880524, 59.14362959590947, 66.06851274041087, 68.8925655892186, 70.41386041285875, 71.89050741317568, 72.81965412775034, 70.99127361370464, 64.24348970529869, 62.064818734810665, 59.99995013376099, 59.84197839085928, 60.920136035933034, 62.93325910348414, 65.99964321836461, 90.0182874878456, 88.78559497124934, 91.56530600618552, 95.86798423581742, 106.24810372735338, 110.96175427030893, 105.3713989752212, 99.2092825941193, 94.55070681563507, 94.592446807296, 87.77330703399984, 76.11588414338318, 70.06857189033316, 62.74730761894319, 62.39830066477394], [49.00356536768757, 57.41604088480304, 65.31460237484072, 72.39492241075335, 64.92873492215774, 57.17219976309763, 49.86876210025388, 8.99858557363106, 0.0, 8.710136543621173, 16.62671910497212, 26.03724437979534, 18.345871619127532, 11.79531021249009, 7.664661510060702, 47.99738142407273, 57.16875687793654, 64.60958145973147, 72.76266186532979, 79.36380963572417, 78.7136718745517, 70.05134021366797, 63.2504724450781, 55.776390888775616, 46.270827461806704, 17.82876406071697, 18.62944538847233, 20.761800418666343, 26.538946420750467, 30.83520114139076, 27.547493918836867, 22.67353160375271, 16.580565257966903, 12.694280589581318, 10.264972679662332, 33.14653638016292, 35.8205111848502, 43.24012555169128, 54.64113876602183, 57.665336307857125, 56.9035943728917, 53.51365544382752, 47.67680546961815, 37.88065338274609, 30.810094199945006, 23.41111720835292, 19.235149466381618, 80.4170433811508, 72.61636464739586, 67.60258043525027, 65.7804290464079, 62.49893030216108, 61.23315334223847, 63.73742158357052, 71.61945453758946, 75.15163635187056, 77.34004940516046, 79.3904663341935, 80.84397358969143, 79.39014422825444, 72.05893871039038, 69.04405859261897, 66.20059126710778, 64.80841588855078, 67.12595801554893, 69.91478546522235, 73.80061305434386, 95.02443538412894, 95.41112820285039, 99.3397271372218, 103.963408435744, 114.56493135633494, 119.12561716670452, 113.28489353526071, 105.75299889930028, 98.61763605329678, 97.05184796550816, 88.53267177274637, 75.37163250568318, 67.45151720726918, 57.63981020477351, 54.91922869907159], [57.332038983149495, 65.75908196519343, 73.77639387514989, 80.99334037895913, 73.5734557791091, 65.8043805719378, 58.516822680948025, 17.380142157125068, 8.710136543621173, 0.0, 8.536364924882838, 20.21660913002843, 13.26430541892164, 10.66748633768415, 13.143817173660816, 55.21065160575572, 64.62173858615421, 72.2356967740622, 80.58318210864401, 87.39204790296567, 86.90284481932675, 78.1256552946303, 71.20092851736717, 63.6528835880442, 54.10851567552746, 19.200662887273136, 16.54672799977923, 15.593699912897483, 19.438858155906406, 23.366475724094357, 19.500725229720793, 14.766285260990593, 9.923123267483579, 10.208209229056092, 11.988656700277518, 40.81612761949459, 43.77441842247767, 50.161754112218105, 62.14349365221841, 64.27426011021394, 62.54561286890135, 58.12245688762585, 51.754708943019345, 41.662394537092055, 36.04694943364848, 29.916831708963485, 26.022463550041262, 87.29332802232827, 79.0977452528004, 73.25228172593376, 70.71902940648938, 66.76067757296532, 64.79770592816752, 66.14875482114705, 74.89318621439855, 79.15905271043893, 82.09336112308196, 84.83043938026496, 86.96196552709961, 86.06542502970363, 77.96753878269266, 73.96002065215562, 70.25125986320482, 67.57819504877469, 71.16790069013446, 74.81860649315263, 79.66778324555432, 102.50523256553257, 103.53788409669552, 107.63494103807608, 111.89525499461884, 122.19880320386261, 126.09126308382713, 119.52094801872326, 109.94711913564262, 100.42419988681804, 97.54422623706354, 87.73371410930679, 73.6141750620987, 64.32895879957078, 53.16882056215314, 49.13684206083012], [65.5462409328151, 73.95747662530916, 81.81928868051051, 88.71151151678234, 81.41323713214697, 73.70238714378897, 66.37758155523483, 24.69058927256711, 16.62671910497212, 8.536364924882838, 0.0, 13.079822640861035, 8.753958287558719, 12.556701978120525, 18.72655665846455, 63.69553707193792, 73.02470572526374, 80.53548701881728, 88.68008641996468, 95.2283648458995, 94.73340764383452, 86.31262309632604, 79.52941904258114, 72.04919581909645, 62.5527471805891, 26.49442579684855, 22.090572566406284, 18.168524246127998, 17.021983231726118, 18.175387370939113, 13.55564716886955, 12.096671025358424, 12.353430389098, 16.75725082456439, 20.010595519923164, 49.29695228875076, 51.71123983882514, 57.23216285652757, 68.37454775352253, 69.67943302275924, 67.50514754324008, 62.260368070295776, 54.92487985261158, 44.633898451390905, 42.12185765688819, 37.28685828976956, 34.46670000687194, 92.18229682439966, 83.9239151949337, 77.60065963130675, 74.43908077172219, 69.85839301905888, 67.00393964484498, 66.61660525804214, 76.33476103519205, 81.37756382486653, 85.0294279090603, 88.45140712273981, 91.09812306832612, 90.72844218197737, 82.22818021422053, 77.41091053252713, 72.81315907983726, 68.41414425578259, 73.67234297434361, 78.20586043424247, 83.79380919330043, 109.67628458344919, 110.20900999631026, 113.72992834354599, 117.09026040733114, 126.89415504977622, 129.90811112148813, 122.67043919877612, 111.52609591363736, 99.07303941121077, 94.61536841989852, 83.50195971059127, 68.56373831078042, 58.25154901588823, 46.723132101735025, 43.62297074424512], [73.59361439444731, 81.84712193091048, 89.06843943055213, 94.84748566222338, 87.85543058556799, 80.40480529425949, 73.08346571137002, 32.0669543513956, 26.03724437979534, 20.21660913002843, 13.079822640861035, 0.0, 9.171562030062542, 17.50400801080555, 24.68366011803983, 73.8606545766481, 82.67091425658973, 89.67090827162485, 96.99964895559553, 102.5357096191957, 101.7729500320727, 94.47917344148534, 88.26320508838613, 81.09293391503704, 71.82080171969086, 39.17525071815736, 35.02015507519898, 30.535113740213085, 25.846650487746377, 22.35577672125596, 18.780315377331924, 22.530844621005507, 25.211898803905484, 29.61803382608881, 32.20340453171084, 58.9230045099108, 59.672848271986155, 64.26841629724231, 72.31177870588414, 72.70641315967846, 70.83796352683056, 65.0466761572508, 55.97326239474218, 45.68447520577581, 49.00238193035825, 45.705605009706964, 44.91426495068569, 93.15054485681311, 85.42552883321395, 79.18028851253325, 75.47095713436846, 70.31684859848215, 66.15405427288442, 62.77398691565054, 73.76718605453927, 79.72829576133464, 84.10898497878907, 88.27620937862955, 91.21462372868564, 91.40482351937857, 83.10459998386519, 77.7095852207129, 72.10447280039082, 64.99614528968661, 72.81106949845737, 78.34132513447938, 84.35066587609332, 116.07419796153431, 114.16044309485818, 115.72144160085037, 117.09207831710891, 125.88378613952338, 127.4957224006721, 119.61942283571153, 107.61064994026641, 90.95923759971565, 84.2767569838745, 71.6857165300743, 55.99552882884702, 45.32220692088453, 36.21709975185171, 40.3636982965165], [66.20325015132109, 74.51282711421669, 81.97099499966117, 88.13604106885994, 80.67523606893542, 73.00255343406036, 65.71781417373433, 24.0443461155957, 18.345871619127532, 13.26430541892164, 8.753958287558719, 9.171562030062542, 0.0, 8.649570396875328, 16.631781094694972, 66.23494548181962, 75.34651907588848, 82.61796177537683, 90.36442865891746, 96.3013652808624, 95.44025320955248, 87.51323392657707, 80.99541145218272, 73.63718022037814, 64.17309127937655, 32.30096859638283, 29.292106788801725, 26.52053699399175, 25.473571753926166, 25.058945567360833, 20.616874529500222, 20.774976601588026, 20.43025865265944, 23.138909272339998, 24.874858635724287, 50.70434147614463, 51.0912123462393, 55.381637931187484, 64.46798506552706, 64.98955579449556, 62.901340605238346, 57.32422230249298, 48.95381667173314, 38.56425875220005, 39.98826508832595, 36.66212242345156, 36.511132374136686, 86.53317742363001, 78.4110549123838, 72.01597847902204, 68.54452373730844, 63.6750157872478, 60.21559938450053, 58.71982166212944, 68.88458630256423, 74.27232426203659, 78.23047181648045, 82.01655358001678, 84.88270066700225, 84.89026096069362, 76.31748870732758, 71.15404233590672, 66.08549572349412, 60.64018346485104, 66.87886485699192, 71.87216724433526, 77.72877877610317, 111.10516660546139, 109.35656958297098, 110.89831835870083, 112.71920116608334, 121.54845803965247, 123.5161753361651, 115.56316444562069, 103.6575510798914, 90.34550844672201, 85.98647405136198, 75.41742498835633, 61.322748520722214, 52.485485700446645, 44.83397914389085, 47.251122708963756], [58.1843487697695, 66.47614085429386, 73.99351847279524, 80.30929663942955, 72.56813145592514, 64.79010843579755, 57.551827194823375, 15.887028366835443, 11.79531021249009, 10.66748633768415, 12.556701978120525, 17.50400801080555, 8.649570396875328, 0.0, 8.55874737706278, 58.555681670694014, 67.70031266573095, 75.02695243095462, 82.90735991956346, 88.97204576744245, 87.98823603809026, 79.76200002209745, 73.14267238922615, 65.73699827721609, 56.22571489945972, 27.561351679596086, 26.52107460945574, 26.137556433635968, 28.538571805994234, 30.29107476288699, 25.988986814989634, 23.588618828676978, 20.120386099681635, 19.86278341488614, 19.729364688208108, 42.5407452001105, 42.46093378990614, 46.94710746537816, 56.46108314352672, 57.50524895903372, 55.757203904198825, 50.836381867018495, 43.18622779626513, 32.79012588135941, 32.08986698449786, 28.231915161115676, 28.72270807263692, 79.6647664989607, 71.48662769690189, 65.41591034976409, 62.46724146611398, 58.13515731888997, 55.51376487564447, 55.872948628496616, 65.0323164884946, 69.65848772400763, 72.94828163255447, 76.13009989421612, 78.59150535378822, 78.18875532017877, 69.8343555204524, 65.33772499912081, 61.075008357133655, 57.39820283357152, 61.93084776723077, 66.11989201721607, 71.37574458744047, 104.69928981822687, 102.8013287860025, 104.29390517632534, 106.58618851185632, 115.61288752875676, 118.16222544452641, 110.57800786202228, 99.86747803288692, 89.78248380473553, 87.39692233761268, 78.57795217421275, 65.77606606234421, 58.466657617706325, 51.79752284067876, 53.62196328488241], [49.80074891803008, 58.0622547316013, 65.49526019727814, 71.7865826919092, 64.13254517393032, 56.402889836896556, 49.127891047125274, 7.685211355426799, 7.664661510060702, 13.143817173660816, 18.72655665846455, 24.68366011803983, 16.631781094694972, 8.55874737706278, 0.0, 50.95075594638592, 59.77066559814536, 66.88758020710962, 74.56447876127397, 80.4949182693854, 79.46348199505954, 71.354750095495, 64.8750863190246, 57.58651638537328, 48.208536282746984, 24.95540039042341, 26.02788608249377, 27.652212591460923, 32.0315669627286, 34.913083118455035, 31.268108821704104, 27.769157058551432, 22.663518226578084, 19.761807219703236, 17.397702492678913, 35.01697614996204, 35.094142325290555, 41.13160076716962, 50.35070648657123, 52.69443762049734, 52.12815400799605, 48.50235069494159, 41.66446889999282, 31.60564806453079, 28.310975242544945, 22.650378693751634, 22.4121552537092, 74.7420104067068, 67.03427318749215, 61.99421684056646, 59.95309722662125, 56.47011831315083, 54.7671227726309, 56.59056379143422, 64.71672262896057, 68.44835185288602, 70.81524079780607, 73.1235671781147, 74.71361236703525, 73.54398585233267, 66.15481354017108, 62.915960644638794, 59.75045689430313, 57.690214452046725, 60.62718101408177, 63.72615080858737, 67.77351984811095, 96.46657254789447, 94.54806735632431, 96.49652929535053, 99.64654161778202, 109.37514797317004, 113.02234409684863, 106.55365621308458, 98.52101918905379, 91.02153367449546, 89.7897097755839, 81.98279842096366, 69.75295745722194, 63.23695653644222, 56.38188298209493, 57.55614451073082], [15.811946510357728, 19.994482939831528, 28.50789990041008, 39.17336483330275, 33.04472662376939, 27.761789804575155, 25.048358564709662, 43.365172176216916, 47.99738142407273, 55.21065160575572, 63.69553707193792, 73.8606545766481, 66.23494548181962, 58.555681670694014, 50.95075594638592, 0.0, 10.678649879901533, 19.58745030057794, 30.381659148701463, 40.29466481042856, 40.441680973671225, 27.826690554831217, 19.437956854479584, 12.041235079955916, 7.420951979258793, 41.36745683301517, 48.53245943213549, 55.77545334457435, 65.6301294638296, 72.58971256418991, 71.03403728177648, 64.15909234032, 56.83013808797693, 49.66713458054438, 44.78085155018629, 17.660970178122323, 26.986733690273336, 38.773537228163654, 50.27924419056467, 59.1063902028666, 62.19915813630197, 65.57017406489719, 67.46830862459522, 63.42738032178951, 45.86781847407558, 37.87950322319475, 31.14227907565021, 77.93673919575824, 72.9470248198036, 72.9870389780788, 75.73720425603602, 77.05011783713253, 80.71002447078683, 90.1486303794017, 91.99802098292194, 90.89912965890781, 88.66164981248505, 86.12919460358322, 83.76156351872689, 78.84546654865674, 76.55859359657497, 79.57905048769608, 82.45052992453452, 89.44357231676885, 83.41200498383324, 80.56779868429184, 78.67740013111806, 60.229193841901456, 68.00216230283523, 78.83044506493799, 91.34923029599302, 105.26675871568979, 116.16002535460974, 116.0827420311672, 119.48021282017955, 126.6100744892128, 130.92489976693878, 127.07495145221924, 116.75566289892514, 111.26517599690276, 100.9058782596957, 93.58202405904966], [15.976161544212834, 15.411066303788619, 21.817730653217765, 32.34718932823376, 28.386369336064746, 25.623424224581893, 25.389500288072174, 52.171624462131064, 57.16875687793654, 64.62173858615421, 73.02470572526374, 82.67091425658973, 75.34651907588848, 67.70031266573095, 59.77066559814536, 10.678649879901533, 0.0, 8.965045516049205, 20.014083139455735, 30.41578985250152, 30.917334098414443, 18.065122063551243, 10.182970654730225, 6.466836922874274, 12.53849745986576, 51.33908925628869, 58.287309018731115, 65.27317501306811, 74.65860706110081, 81.34822513603986, 80.10364378820185, 73.55071957276193, 66.47605834527275, 59.460141647829914, 54.60628888615414, 27.138626645866832, 34.56563609481563, 45.82074504037199, 54.17168392141756, 63.8611620517373, 68.2132027291844, 72.62855548137048, 74.87120135760503, 71.43046512693077, 54.96220670388941, 47.399604754841356, 41.206792205510226, 79.8873834373927, 76.28487613197481, 77.86314779299798, 81.41472362128415, 83.43243318392176, 87.45852099698847, 97.02448739502842, 98.22227813201619, 96.50872520122634, 93.53721677331913, 90.21338847858247, 86.84209668177375, 81.18701677999341, 80.66264176803269, 84.95026924273313, 88.6044559261121, 96.1151600103472, 89.50001333910548, 85.87135267400703, 82.6594792095997, 50.680562077402364, 60.029413763109304, 72.8518401670639, 87.26635323648598, 102.11148709224953, 114.61114415736373, 116.45173246113852, 123.29038302849146, 131.97279533985906, 136.66074529894988, 133.2760405574647, 123.27590812443465, 118.18929614692885, 107.8540375906197, 100.68925472945384], [19.96910274736541, 15.687737517861553, 18.23295779217464, 27.517422598635104, 26.285514553837082, 26.202337451622174, 27.909409217881247, 59.348902830491966, 64.60958145973147, 72.2356967740622, 80.53548701881728, 89.67090827162485, 82.61796177537683, 75.02695243095462, 66.88758020710962, 19.58745030057794, 8.965045516049205, 0.0, 11.224577231247338, 22.0118629224125, 22.92285248434353, 10.511477289550028, 6.2979479183204585, 10.920957237733786, 19.99369665600431, 59.61584584839811, 66.39390649715074, 73.14611894242766, 82.10195241317787, 88.50194614563634, 87.47592452488945, 81.23362060918845, 74.37098033238843, 67.48598693224669, 62.64555860873596, 35.219155907820635, 41.46851796354807, 52.31244071161752, 58.07166986208233, 68.26380211246376, 73.58048877434857, 78.68964951690484, 81.0202434613999, 77.97258899943915, 62.56150316140636, 55.26395492001825, 49.44506466710074, 81.81633561465169, 79.41506595330273, 82.20806880421844, 86.32082231663055, 88.82349946440792, 93.0315271984571, 102.51901293756676, 103.28214652508173, 101.14695328818435, 97.6479512878583, 93.75770591516633, 89.59859432033211, 83.4015928118791, 84.32843447198533, 89.55544896854815, 93.73386490027782, 101.47043866007762, 94.56760209252938, 90.40967775390011, 86.19391867131209, 42.527145377305736, 53.07787934539989, 67.64624012835725, 83.61287858906103, 99.20683546575782, 113.01845011086985, 116.51822788273519, 126.26406067663162, 135.9623470413181, 140.85011016572778, 137.8199196569763, 128.11325108007404, 123.40597034413652, 113.22864422597098, 106.44130080632365], [26.80418552881377, 20.498575961536677, 17.772383212778923, 23.04750703925624, 26.134133108801393, 29.15572780233068, 32.412671951565784, 67.20559968302807, 72.76266186532979, 80.58318210864401, 88.68008641996468, 96.99964895559553, 90.36442865891746, 82.90735991956346, 74.56447876127397, 30.381659148701463, 20.014083139455735, 11.224577231247338, 0.0, 11.118336989109206, 12.909592325121116, 7.0398396212710725, 13.073959569364028, 20.323272436749114, 29.53907977708734, 69.16479261094808, 75.69973371676537, 82.08922647109074, 90.38954745184218, 96.299680758947, 95.51806870927639, 89.76959308641226, 83.21389869401355, 76.53774791084065, 71.71232991053155, 44.75558756731769, 49.83685831698974, 60.405831634994314, 62.99990653120706, 73.61571689909555, 80.07480374062408, 85.81061737384006, 87.90914094556342, 85.16695698213044, 71.38099387084026, 64.29182173019814, 58.87137363483059, 84.05043937353066, 83.16503995226526, 87.36020270928113, 92.01141849596586, 94.95383505234476, 99.18278856866199, 108.24514604375857, 108.67950476775293, 106.18407095482877, 102.17271800112482, 97.74031505487828, 92.6775033707954, 85.91170049141185, 88.58582018960125, 94.8028458596432, 99.42302864444359, 107.07689140796172, 100.16963247748379, 95.55892257714392, 90.24784824920323, 32.00528576117958, 43.45212670968247, 60.311583236985406, 78.08758238797692, 94.63709608728469, 110.0019664994707, 115.62283682247312, 129.02151353516592, 139.3852815276221, 144.26851550565192, 141.57062138495664, 132.23426981033452, 128.05040294976038, 118.25626294296322, 112.3350586675077], [33.503936707514676, 26.640973508887008, 20.56609233948939, 20.10419397015643, 27.20426245926596, 32.48588241581546, 36.62856598855108, 73.40753736635969, 79.36380963572417, 87.39204790296567, 95.2283648458995, 102.5357096191957, 96.3013652808624, 88.97204576744245, 80.4949182693854, 40.29466481042856, 30.41578985250152, 22.0118629224125, 11.118336989109206, 0.0, 4.258524828888755, 14.064260330575232, 22.248771226886696, 29.47563389409894, 38.21817326855922, 77.57897620447928, 83.91012572427977, 89.93759250338472, 97.57563495209028, 102.90208840468114, 102.23480693170741, 97.03155910887607, 90.74607708156725, 84.27582143985694, 79.42202646933438, 52.94269073943079, 56.66679478826192, 66.83633543246614, 66.22196342448801, 77.03313618697847, 84.56322891518447, 90.79468207340896, 92.5164557821701, 90.10711262897287, 78.27981325985952, 71.54043769822101, 66.82440078554315, 84.27766883844457, 84.89222933456197, 90.39082641205555, 95.47206272524974, 98.77013302028573, 102.91163694872459, 111.37782704517672, 111.51939251380146, 108.73451180140154, 104.29661860429373, 99.43523347212079, 93.55585735794101, 86.34424641274308, 90.68435861276623, 97.7589756832872, 102.70415818453537, 110.10274710716176, 103.35166521972387, 98.40289727745514, 92.10991401281457, 23.4954520927168, 32.86576543682847, 51.44384186808451, 70.626947238136, 87.95044767516875, 104.607428835998, 112.19814794513611, 129.0705078016444, 139.869919065866, 144.76318782651987, 142.55212118498733, 133.83618329547693, 130.44536117046104, 121.5915982553755, 117.23210250568043], [32.224635255130096, 25.017696055239565, 17.940583114247488, 16.089419558628588, 23.814857752987088, 29.700595734299103, 34.31252378617967, 72.39810396545083, 78.7136718745517, 86.90284481932675, 94.73340764383452, 101.7729500320727, 95.44025320955248, 87.98823603809026, 79.46348199505954, 40.441680973671225, 30.917334098414443, 22.92285248434353, 12.909592325121116, 4.258524828888755, 0.0, 13.649504128318442, 21.96164974978076, 29.095289333835375, 37.68385000452667, 77.64779166277668, 84.07996333811917, 90.14851638655911, 97.82319068001179, 103.0563968110016, 102.21234785921868, 97.04829981141475, 90.66331060623315, 84.13292330191668, 79.15937016417813, 52.12603237052402, 54.946480677472344, 64.63877591805085, 63.02226710943824, 73.82796438167343, 81.61124506637387, 88.05393931416683, 89.86728994362903, 87.78379952260698, 76.52593887547125, 70.18340939772865, 66.17685775509025, 80.35125906822437, 81.23041656528935, 87.02449074934951, 92.24649645524299, 95.7017802493117, 99.92101454873357, 108.44294875082124, 108.31055265764478, 105.3603255777724, 100.77242953533147, 95.77676314269712, 89.74491550052238, 82.46286670937592, 87.11682934700727, 94.41996512562481, 99.52983653934291, 107.09254048437431, 100.15294321317286, 95.03899385973645, 88.49727738357691, 25.995044017057833, 31.22080527997708, 48.14702121623942, 66.95069460799768, 84.03576588850126, 100.56129329908114, 108.08632901175255, 125.21687543188685, 136.58029791016608, 141.88548600851047, 140.18064602583004, 131.97391068439217, 129.10812274976854, 121.11015800897268, 117.70070970531748], [22.1374738924181, 14.744044154966812, 11.392346089829434, 18.2495178929775, 19.752992377732216, 22.81824862192986, 26.806146988694085, 63.915148006075725, 70.05134021366797, 78.1256552946303, 86.31262309632604, 94.47917344148534, 87.51323392657707, 79.76200002209745, 71.354750095495, 27.826690554831217, 18.065122063551243, 10.511477289550028, 7.0398396212710725, 14.064260330575232, 13.649504128318442, 0.0, 8.607971344373135, 16.387913430017196, 25.835915360275933, 67.21400512380028, 74.02648214003993, 80.62257517302614, 89.21276208817413, 95.13697549620467, 93.98949403337917, 88.13263430659586, 81.29151533046935, 74.42008193671508, 69.36175386436933, 40.89219037175066, 44.63110977055447, 54.45216008460322, 56.42266462073533, 67.01262348404308, 73.56436034150516, 79.57125885903015, 82.04246971993396, 79.8165349273537, 66.30042821482863, 59.851027590580735, 55.59958620299245, 77.36008301686637, 76.38578192240051, 80.65593311858255, 85.44278817274328, 88.57907426239164, 93.02442646194072, 102.46291384434096, 102.46439349944578, 99.7400930851054, 95.58063648650482, 91.02977699885537, 85.97597890784753, 79.23644968506551, 81.8686289833979, 88.22506733981105, 93.07159011097073, 101.18417807964421, 93.811434240096, 88.979620188437, 83.54346115948543, 37.06749185279952, 44.11809258059352, 58.05585226376763, 74.62819743016928, 90.40942399953484, 105.08074927833468, 109.92995099878527, 122.60403727839225, 133.91561389742668, 139.56128360436085, 137.62554926067602, 129.00623005924655, 125.51256737767699, 116.95382862808319, 112.25702219829184], [15.930590126773206, 10.089631254848019, 12.80233335684324, 22.919804983706932, 20.404725308579923, 20.26367131448645, 22.718913991772887, 57.29900246334563, 63.2504724450781, 71.20092851736717, 79.52941904258114, 88.26320508838613, 80.99541145218272, 73.14267238922615, 64.8750863190246, 19.437956854479584, 10.182970654730225, 6.2979479183204585, 13.073959569364028, 22.248771226886696, 21.96164974978076, 8.607971344373135, 0.0, 8.038212030887152, 17.81741291028338, 59.54178009703647, 66.52763333058064, 73.36723984247834, 82.4016367456396, 88.64921961424744, 87.31342594755954, 81.12206856303774, 74.06270093599046, 67.04438637130292, 61.96136874297815, 33.01273177638554, 37.5751410513728, 47.78436680953612, 52.327205546852255, 62.617946904581665, 68.28262330877858, 73.75940516837979, 76.32201344037624, 73.78877012121289, 59.04448587209773, 52.39070903792112, 47.888826105228766, 75.61220731383642, 73.37793561170726, 76.48624358086312, 80.81162705903017, 83.55687814205605, 87.93853135290519, 97.6410070082581, 97.98265455761752, 95.59621108240528, 91.88514898695817, 87.81321625966817, 83.50512601981848, 77.23977830734512, 78.42127895177684, 83.94445800391019, 88.38676662602336, 96.4725097117658, 89.19664401387504, 84.77740445124785, 80.2589173314083, 44.496642759294524, 51.50207377944993, 63.89198969552849, 78.96737327309768, 94.01514794572442, 107.411256483154, 110.56600934561169, 120.30729936385859, 130.86460017451114, 136.40651578170704, 134.13374393247943, 125.17970336443601, 121.26032289742868, 112.40785033546642, 107.13227110273117], [10.423847672601658, 9.303095397997433, 16.810726758790832, 27.58167014797309, 22.4746106924494, 19.19744939393705, 19.23105879019283, 49.95178045221141, 55.776390888775616, 63.6528835880442, 72.04919581909645, 81.09293391503704, 73.63718022037814, 65.73699827721609, 57.58651638537328, 12.041235079955916, 6.466836922874274, 10.920957237733786, 20.323272436749114, 29.47563389409894, 29.095289333835375, 16.387913430017196, 8.038212030887152, 0.0, 9.851577362174751, 51.79178287459294, 58.88523261696476, 65.84701560108378, 75.12332291972997, 81.51691579347384, 80.00338144578073, 73.6390761665545, 66.4378988881095, 59.335652728734935, 54.21352848542169, 25.076449997117436, 30.56174365943424, 41.557124842213305, 48.31655265357454, 58.2502954296551, 63.155363432388114, 67.96359603722219, 70.23447087589629, 67.21914705693491, 51.73662174102718, 44.73070437453321, 39.953622581482065, 73.60074139581917, 70.2715153802994, 72.27964355686979, 76.06122461778524, 78.30818859413513, 82.43146884429716, 92.04478296163033, 92.91517630161101, 90.98987147009365, 87.80673960071091, 84.30687873952913, 80.70908062287978, 74.93456257406184, 74.79439971203688, 79.43640793794627, 83.32424753766011, 91.02531703301331, 84.18711423365197, 80.32496037828555, 76.74107059200199, 51.00060427825689, 57.14676308273478, 68.08756768893659, 81.68289340135657, 96.13213651416666, 108.32044137610355, 110.00195410208897, 117.18952281906238, 126.4714852678883, 131.66047171228115, 128.95608038031313, 119.67203450044138, 115.40489412048176, 106.43185816140999, 101.0105065105402], [8.838925451752889, 14.751694270682707, 23.772524562009107, 34.02959803951348, 27.11429426324353, 21.073717955379067, 17.710049788909373, 40.5389532584598, 46.270827461806704, 54.10851567552746, 62.5527471805891, 71.82080171969086, 64.17309127937655, 56.22571489945972, 48.208536282746984, 7.420951979258793, 12.53849745986576, 19.99369665600431, 29.53907977708734, 38.21817326855922, 37.68385000452667, 25.835915360275933, 17.81741291028338, 9.851577362174751, 0.0, 42.46470666484124, 49.66076104188591, 56.694769275966706, 66.14784297065482, 72.59864989345631, 70.83511271554346, 64.35667456763095, 57.00607976257334, 49.82615606353885, 44.61812401804788, 15.324341352854974, 22.428696921436718, 34.774168666750064, 44.11947832115395, 53.400841398805326, 57.357323419434884, 61.15223758102401, 62.745285517630585, 58.9673346808993, 42.90211659568905, 35.27705387750144, 30.108481854135416, 71.40606935249077, 66.83487175619312, 67.46680559092354, 70.46862094286878, 71.98570002943164, 75.6232657229339, 84.85927127875613, 86.53172640996172, 85.28411814470721, 82.83919758122983, 80.14283247054819, 77.440521299739, 72.33457870648954, 70.60887922628605, 74.06349215433718, 77.11808114525354, 84.06013084566469, 78.03445081075498, 75.00343588854199, 72.64557826312938, 58.837264322023735, 63.58841775280606, 72.75156603923746, 84.48008367118614, 98.17401341360292, 108.86762745992891, 108.85084826063299, 113.05689103497315, 120.41003073664162, 125.00951109968186, 121.72195841305503, 112.04979741949852, 107.41369105062573, 98.45848271692526, 93.2067981685005], [48.10222685631211, 56.22054099556764, 64.99347416017368, 73.89489264170275, 66.4993228574362, 58.838532623236404, 52.1410062924763, 22.33929210255813, 17.82876406071697, 19.200662887273136, 26.49442579684855, 39.17525071815736, 32.30096859638283, 27.561351679596086, 24.95540039042341, 41.36745683301517, 51.33908925628869, 59.61584584839811, 69.16479261094808, 77.57897620447928, 77.64779166277668, 67.21400512380028, 59.54178009703647, 51.79178287459294, 42.46470666484124, 0.0, 7.583002923309604, 15.299876089446574, 26.36008510647606, 34.14803438391432, 31.87394234320551, 23.99518034552122, 16.46940682194699, 9.81443896637327, 7.87603340685684, 30.155083106376225, 37.44767757748233, 45.85982698196174, 61.86771385948305, 65.76467044938819, 64.19646278003141, 61.48018334326343, 58.44512090250154, 49.91195904075469, 35.64592081233383, 26.898938965985757, 16.850831406903282, 90.07287308155423, 81.80423877224517, 76.62411570118262, 75.3258381146114