{
	"dissimilarities": [[0.0, 7.364857572287802, 16.581539547936252, 25.698316531898854, 18.45851663859913, 12.14982029675863, 8.678914411819832, 42.218960561492864, 49.04948277073838, 57.442752237756004, 65.60664934398673, 73.36509066625264, 66.09834751416675, 58.06923595939882, 49.65515096233447, 17.651311915212002, 17.108067071018517, 20.192486948355096, 26.01212757884254, 34.1464701424387, 29.944084721879765, 21.24116014990627, 15.813572938298858, 11.296690670647354, 11.005857778543843, 48.61108412218971, 55.54922134175035, 62.09725899627752, 70.73917762451747, 76.41012108295571, 75.65820185823944, 68.82922949332664, 62.900137540150574, 55.76003667990059, 49.746284260930956, 20.74488307276486, 23.322634740029354, 35.08130781390463, 39.22715662764714, 48.909757961182756, 55.3375316504752, 60.20878698620598, 61.29715476595814, 58.09335804166544, 44.99805878914841, 38.20505865795352, 35.010510212203435, 66.07186483450313, 61.74202874977211, 62.9945176345324, 67.50641192637941, 70.03087352347939, 73.24762583018278, 82.0167489209006, 82.82476242241987, 82.03836668472032, 78.98355592012598, 75.69706157574336, 71.80732539315716, 66.19023249179907, 66.370200136237, 69.79095982446269, 74.20395590522577, 81.04367246492649, 75.79527958617932, 70.56698012733914, 68.18216326551044, 56.73109767024793, 60.6317981420243, 67.53771249072689, 76.12614955383935, 88.89111980448855, 99.22260024879986, 101.53938961124665, 107.31396716348785, 115.34034625371385, 120.04899713481116, 116.89462836509583, 108.86137237407034, 104.97838600339438, 98.2528880732028, 95.56967030875036], [7.364857572287802, 0.0, 10.084435409590812, 20.456368828784672, 14.148678663826031, 10.718985201688682, 12.117959641438198, 49.55780669907314, 56.33837654964699, 64.67954616274905, 72.8833205430984, 80.71503584873903, 73.4567666631926, 65.41364732946317, 57.01008550314101, 20.04919259879794, 15.562135122088133, 15.734048196620918, 20.167984771423445, 28.337538953986723, 23.664286203940406, 14.52820137888091, 10.157511884453644, 9.477473398928536, 14.969224703559933, 55.121714706026744, 62.14530226549487, 68.82298174141258, 77.59902492792067, 83.39634156606914, 82.75401263530455, 75.82325362918846, 69.84505825029377, 62.68677012816622, 56.630339418392275, 26.928591036507513, 29.153370397998184, 39.500698148196626, 42.5087857090214, 52.32405294837449, 59.16980573488006, 64.78603875907139, 66.70136065628286, 64.23082877147634, 51.02137129736947, 44.77510170269287, 41.77963746299675, 67.5187628898396, 64.0346014247112, 66.23282864198957, 71.30353686477451, 74.48841018391082, 78.11743655742019, 87.41965009477526, 87.55612222454005, 86.15076581415587, 82.52409833195814, 78.61113850374083, 74.0383281428154, 68.08162945418238, 69.31772564163518, 73.51758473517849, 78.77306355762278, 86.25619945332352, 80.30355182173722, 74.2705144230078, 71.0861805700146, 52.07232865692409, 56.85186339015671, 64.70887034721574, 74.56391453994412, 87.81248129230586, 99.18246356756974, 102.60819634442436, 110.31215831109924, 120.21174352948778, 125.61690449206681, 123.0962165681058, 115.45480858564824, 111.8966236048246, 105.1981164882791, 102.22361709204534], [16.581539547936252, 10.084435409590812, 0.0, 11.01416213201286, 8.536757154373024, 12.27605647101389, 17.61254325420267, 58.24908909067185, 65.29852718105435, 73.76709279499225, 81.80713384529234, 88.99492961169582, 81.96380778219608, 73.974861147747, 65.48128236319312, 29.433138273224163, 22.634553747560258, 18.659609994068497, 17.393287108302474, 21.59418710455492, 16.2136774720506, 11.225574716594693, 13.366633843932883, 17.77972935179816, 24.977543977721588, 64.95407223846053, 71.86460732286928, 78.36206293861234, 86.7802489476287, 92.26562780015692, 91.67271401806853, 85.11423969149239, 79.30461340701211, 72.24709973775019, 66.26897674502106, 36.8363054957841, 37.666770429660595, 46.58451082360417, 46.3394847383278, 56.13401443402916, 63.97654676951341, 70.50722980517429, 72.69093450290475, 71.01444723768631, 59.370345994434985, 53.81878051019004, 51.52930430911439, 67.2702339610229, 65.58166969606324, 69.51783817742427, 75.23496110408672, 79.19172964438745, 83.03112648482477, 92.2924307353632, 91.73141917814213, 89.66294437197256, 85.32598212405048, 80.66418505611435, 74.90809683504243, 68.47882139193696, 71.71453834406735, 77.10905369763391, 83.22206035964209, 90.91336792608631, 84.55336641066395, 77.7454366018583, 73.27472354335474, 45.50246263336431, 48.59364131077666, 56.59143393061876, 67.7720422115181, 81.79276424521012, 94.6498915641682, 99.85301734650233, 111.29157815098627, 122.95476874563286, 129.00895874981694, 127.39469956615031, 120.50043520819527, 117.83298104002371, 111.88017438646241, 109.86104360758482], [25.698316531898854, 20.456368828784672, 11.01416213201286, 0.0, 10.195237568609233, 17.953351335414293, 23.920484439755942, 65.02248034733937, 72.43450949304098, 81.04545715511222, 88.74929111605941, 94.85830510086508, 88.17731450220394, 80.33669230000194, 71.82003152966907, 40.21907898070779, 33.36991218127854, 28.333897336108652, 23.523822037671195, 21.176840070651096, 16.473346493298713, 19.072991756398366, 23.842434079107573, 28.70211081021898, 35.34627076473803, 73.94389079113495, 80.62241293122896, 86.75055199435135, 94.53103385589222, 99.42484496793551, 98.77716294560844, 92.87000954576209, 87.35855184642347, 80.48115635890447, 74.6744346127558, 46.169816758540684, 45.395100343757434, 53.20751991090982, 49.26179028247739, 58.71385471026771, 67.57851050748897, 74.75491725050212, 76.61334522310568, 75.56093376075138, 66.42566627975707, 61.55312585588639, 60.20962855602022, 65.15803755120822, 65.54999593862684, 71.26523041362076, 77.39973739482033, 81.9046409525416, 85.66130801380223, 94.30720676211112, 93.26066858227694, 90.74120344934914, 85.86235702107898, 80.66148127068475, 73.73629143809026, 66.95151989046188, 72.31730717507727, 78.79017101820249, 85.40076483759628, 92.77126660152173, 86.46499274188626, 79.25920128996772, 73.57105860078413, 41.81850206993551, 39.56722304997865, 45.895616005099924, 57.78719799404101, 72.57063238602335, 86.77829539236977, 93.7433313575114, 109.26907086677954, 121.9092488742078, 128.36367483145855, 127.68136175417725, 121.72377040877514, 120.26101830720187, 115.6338016101093, 115.5011922624632], [18.45851663859913, 14.148678663826031, 8.536757154373024, 10.195237568609233, 0.0, 8.284605401253398, 15.191956944434606, 57.209495173849675, 64.95061407883166, 73.60444635777279, 81.43402739669733, 87.89420165007799, 80.69533482766353, 72.58271506757987, 64.14939484333719, 33.93062142047914, 29.086625432884595, 26.617961578927076, 25.857980027709935, 28.220763898996232, 22.88268171753167, 19.659571571888666, 20.80850443088121, 23.278210656251694, 28.25637010546066, 66.53131102876841, 73.42299257420905, 79.78896882935972, 88.01664918985973, 93.13364430016739, 92.17517707900795, 85.89686435864598, 80.13697878078317, 73.03124887803722, 67.09086078660155, 37.739484946883636, 35.761468296572566, 43.048967623902534, 39.94631386924691, 49.58087935809703, 58.052989698475876, 65.07874654748939, 67.3097200822958, 66.41255940361421, 56.64480691961371, 52.25029045291358, 51.897322835498436, 58.987274444525454, 57.86750646030439, 62.565306473081854, 68.52972277718739, 72.86131418274199, 76.77339610877594, 86.03469517429538, 84.97163424484614, 82.55218532030456, 77.91642402615904, 73.00457728285305, 66.86065317828596, 60.324017344061325, 64.2622780016753, 70.17325959930768, 76.6705659289295, 84.49679472329638, 77.87142461473229, 70.73448440749256, 65.70874828493181, 50.7331260158724, 49.043383909603904, 52.88669120743737, 61.815952750411824, 74.6547670525355, 86.72226437028624, 91.49000540501663, 103.14722052456497, 115.79550741112871, 122.66671254897925, 122.17046232065255, 116.36360966026571, 114.94412527944455, 110.86024570263021, 110.9762101864809], [12.14982029675863, 10.718985201688682, 12.27605647101389, 17.953351335414293, 8.284605401253398, 0.0, 7.376975109738814, 49.36031687723694, 57.17111320617807, 65.80917859751001, 73.70250978730833, 80.44088241629082, 73.0032279924373, 64.78600156602754, 56.40136236152568, 28.402482344426534, 25.93734264316659, 26.08830483693325, 28.44984010106343, 33.43523384350446, 28.28699040517194, 22.163243861286418, 20.111107760262385, 19.543648646550597, 21.967184784967824, 58.828597439954464, 65.76554780493508, 72.19386240968957, 80.5997659689531, 85.82590000294554, 84.7205470497829, 78.26011702496426, 72.40092519999591, 65.21569989039587, 59.24193033920345, 29.88003834783285, 27.53669600499987, 35.61233591475361, 34.37838378726325, 44.229813090829765, 52.12419955170667, 58.53973925513859, 60.4999582298795, 59.09392587681649, 48.57866413126767, 43.97354884850757, 43.83189354246386, 57.20870370980268, 54.496028125241004, 57.79902833563527, 63.27771772539631, 67.02692794893674, 70.77494139679145, 80.08801163342947, 79.5430557968507, 77.64370197075769, 73.56676386612229, 69.27115125954701, 64.1016258302017, 57.95055995529956, 60.19696846975221, 65.17743848787833, 71.0162009649144, 78.69749316999079, 72.36818938896772, 65.82747521075136, 61.817556766989945, 56.32480678566073, 55.612142031419665, 59.04191853041458, 66.4710644504048, 78.40520136391385, 88.94575630702167, 92.00327039202615, 100.35878765583972, 111.59048259822288, 118.05676940507155, 117.01073855279513, 110.80054935357703, 108.93776706866583, 104.71644323695402, 104.6639906824022], [8.678914411819832, 12.117959641438198, 17.61254325420267, 23.920484439755942, 15.191956944434606, 7.376975109738814, 0.0, 42.078762782335964, 49.859746451330146, 58.514098571416206, 66.37149751434035, 73.10751638952203, 65.71469238006274, 57.54036444956571, 49.12065267681046, 25.43398064069282, 25.389998710610644, 27.517279377687412, 31.538411291236926, 37.46549005130148, 32.83220985854637, 25.954765366777142, 22.23097322701325, 19.163560500957463, 18.329029216023855, 52.111103882557785, 58.90566879812286, 65.17326303350738, 73.41176012545073, 78.53668223367126, 77.39356802831006, 71.0343141430226, 65.252065762857, 58.13389844932584, 52.237805202056926, 24.008849293305875, 21.980967765105746, 31.90045358524725, 32.39517526289276, 42.202794989044904, 49.563584913490395, 55.07097992633847, 56.05891248451694, 53.6717504186791, 43.02893110808831, 37.672527410813984, 37.14342560390599, 57.78599976475508, 54.017740394900976, 56.11480974100556, 60.92567894373024, 63.865415197363696, 67.13362796619015, 75.8418032475626, 76.1588963871217, 75.02685058799833, 71.64284984986143, 68.097200894692, 63.75338831778246, 57.99705003639143, 58.930321231281994, 62.94673848596871, 67.76783529679915, 74.69231383089691, 69.2129246003786, 63.63611662965811, 60.62122941043519, 59.61294127986032, 59.32266535921423, 62.87170371859779, 69.52755402580763, 81.27408386017981, 90.90563345459917, 92.89318580436624, 99.1875729324605, 108.10841969304279, 113.61894769567749, 111.63204894366785, 104.75808766227821, 102.3035041452275, 97.68614729494296, 97.55487426106089], [42.218960561492864, 49.55780669907314, 58.24908909067185, 65.02248034733937, 57.209495173849675, 49.36031687723694, 42.078762782335964, 0.0, 8.975613575249383, 17.35030078456665, 24.680826180446026, 32.116699073035385, 24.053181605230296, 15.879978907148809, 7.7349909741466405, 42.486401165755716, 51.23403429837758, 58.34021960616261, 66.0103056205264, 73.896103526276, 70.78362314747244, 62.7550668257716, 56.26359198186741, 48.95582231622503, 39.59945429689483, 22.187978307935605, 25.444824720521638, 29.056312929761564, 35.466385135794276, 39.58716301640413, 37.33844279699063, 31.633856026639194, 26.659299729344394, 20.800519531015976, 17.24371189788223, 27.331216275423643, 28.007264931070193, 35.53951793920528, 44.656638637795986, 48.71470923138207, 49.483428547618765, 47.23468101403519, 41.76476048356309, 32.56136890404232, 25.15575468879409, 17.3794559029566, 15.70200585291679, 72.7958118786707, 64.35818090915012, 59.14842901786398, 58.76913682604083, 55.95407421173311, 55.53882570423298, 59.129110714890096, 64.95579555307056, 68.7338268968382, 70.15486805633715, 71.53095629233175, 72.81092389577064, 70.40113253014057, 63.84208659137859, 61.17489432591725, 58.70141360861449, 59.829450799728804, 60.53755883008238, 61.99605945847063, 65.5941896121363, 92.195099520009, 93.18120569152543, 95.75408450572127, 97.9953432044022, 106.85686267692043, 110.77278058539096, 106.54589189672596, 99.15492221726814, 94.52740404432086, 94.26943651020862, 86.62658687799242, 75.8860414393684, 69.2661257080573, 62.70887771492954, 62.46604996658823], [49.04948277073838, 56.33837654964699, 65.29852718105435, 72.43450949304098, 64.95061407883166, 57.17111320617807, 49.859746451330146, 8.975613575249383, 0.0, 8.721886120685651, 16.62614243701085, 25.819410774770848, 18.332575795193705, 11.79719642161857, 7.667440765443121, 47.08371381819968, 56.188118618235485, 63.55115503406849, 71.50354716992156, 79.69459119234624, 76.95857860575956, 68.84392559793751, 62.179933766795195, 54.748857649655825, 45.294226177651566, 17.809404164502865, 18.634361978267783, 20.76661538144418, 26.53815828315028, 30.80776142143629, 28.61506506204594, 22.682672368466157, 17.968700351787856, 13.045210061119366, 11.616960804662382, 33.14039867331947, 35.77684167035303, 43.15419901067783, 53.32921907529708, 56.94488277443718, 56.87159033742585, 53.654675741789035, 47.72404303759923, 37.933668847012534, 30.939908107938606, 23.498373196306122, 19.275755646502944, 81.30236186647478, 72.61667695798788, 66.76032386430282, 65.7754714897373, 62.235806334379156, 61.27490115172355, 63.73651340503496, 70.44979366967831, 74.93981455057188, 77.03402939806523, 78.99015809514091, 80.85035199918715, 78.75932650586977, 71.61731201171925, 68.20509866716186, 64.76244303678924, 64.81025586030559, 66.61106953613195, 69.03358540941755, 73.35156569679187, 97.09862592142643, 99.47913742752016, 103.18199399788847, 105.8567332964249, 115.02703491172318, 118.840306111973, 114.33575199585, 105.68409473471759, 98.53270842978822, 96.63303272521004, 87.20120176386831, 74.99203691599892, 66.37295272748183, 57.4302010965973, 54.8717121848417], [57.442752237756004, 64.67954616274905, 73.76709279499225, 81.04545715511222, 73.60444635777279, 65.80917859751001, 58.514098571416206, 17.35030078456665, 8.721886120685651, 0.0, 8.543500007545617, 19.859605661135216, 13.255388560056735, 10.689094383700098, 13.1649750492094, 54.23575787108237, 63.59564157094537, 71.147981238652, 79.30871705685918, 87.69292109560038, 85.11833683804699, 76.9033059359707, 70.10974325226479, 62.594337134994866, 53.08126735398879, 19.155239235499856, 16.52077327874555, 15.577873823452128, 19.43273057246544, 23.339160433211838, 20.660548241736542, 14.76633470426358, 11.145978660640527, 9.775285517324445, 12.852623793292679, 40.80103491543015, 43.73531739207235, 50.075288167400316, 60.749557531328996, 63.56724821922901, 62.50190136787559, 58.2176150916433, 51.77676200360104, 41.687907034967154, 36.1170138376984, 29.950719052077982, 26.0267013543778, 88.1517041967839, 79.09204604308881, 72.4268445424614, 70.70171314173669, 66.37041926175617, 64.81816746249832, 66.13984489860285, 73.63814829170288, 78.83959855214344, 81.68591147488726, 84.33488214439066, 86.97236229167433, 85.36995906806162, 77.4212592013831, 73.11659804839445, 68.60713165678594, 67.56886829420489, 70.44790498843929, 73.94193804646913, 79.11758469741038, 104.59207021591358, 107.50816921273106, 111.39981237909397, 113.80232517397754, 122.67570691065589, 125.8346767971785, 120.58611487116566, 109.87508370637961, 100.35161987032166, 97.13606170657543, 86.37851673473313, 73.25060738543915, 63.181121506184766, 52.98118980247592, 49.1195751201827], [65.60664934398673, 72.8833205430984, 81.80713384529234, 88.74929111605941, 81.43402739669733, 73.70250978730833, 66.37149751434035, 24.680826180446026, 16.62614243701085, 8.543500007545617, 0.0, 12.5689005673996, 8.735844481591634, 12.558884477218388, 18.730264680134393, 62.72852586666845, 72.0113283244981, 79.46250369056148, 87.43724921553154, 95.50220274071462, 93.04734631314018, 85.11868418782191, 78.45250551757198, 71.0056133096356, 61.54427069532663, 26.470321490003496, 22.08296724012072, 18.1642682294706, 17.022314757489152, 18.139390809218845, 14.445194131048948, 12.108789138542425, 12.80039916227998, 15.976116871428458, 20.67205139728288, 49.287749580047475, 51.67736139073006, 57.16036685832881, 67.03881004153838, 69.05924184657343, 67.47100523791259, 62.369983581643496, 54.958447710156484, 44.67242960500506, 42.20355767102046, 37.33065016315182, 34.48065943524495, 92.97266483672189, 83.92102876070996, 76.84654470876069, 74.42869660562016, 69.3718460093355, 67.03579163980245, 66.61391107686613, 74.99467964437724, 80.96721516282139, 84.54410259392556, 87.8910690080335, 91.10417556211674, 89.98042944753333, 81.6229452622492, 76.63987705268886, 71.00950104525887, 68.4134956445769, 72.73404946691507, 77.39707557134824, 83.18434706106035, 111.67209554313172, 113.9655699130527, 117.31388918648142, 118.95417409128918, 127.32936319183652, 129.65073904442409, 123.66683664312669, 111.45958904739429, 98.99472396453598, 94.19862278888927, 82.09387804159083, 68.16723732421629, 57.00766531368576, 46.48993778904237, 43.581487661793325], [73.36509066625264, 80.71503584873903, 88.99492961169582, 94.85830510086508, 87.89420165007799, 80.44088241629082, 73.10751638952203, 32.116699073035385, 25.819410774770848, 19.859605661135216, 12.5689005673996, 0.0, 9.430789074594392, 17.663201381452314, 24.760543053010487, 72.70792835632297, 81.47989669997864, 88.42304050539168, 95.63747752594718, 102.61160811465511, 100.25592746881145, 93.21975732242943, 87.07199327326597, 79.94108416524864, 70.73613535562481, 38.66572157839298, 34.40558846659404, 29.786891464654058, 24.92541353570634, 21.342451689819775, 17.574702136921267, 21.72469733522023, 24.768310551038113, 28.39061531203642, 32.64381074644357, 58.791634432968486, 59.721604697634696, 64.46758230302365, 71.70060499231349, 72.84531134442112, 71.40705465757951, 65.86724190351019, 56.785100037695315, 46.49178018532233, 49.44306641944027, 45.90697595206124, 44.78285211252214, 94.46229357252102, 86.09612617836262, 79.26745445454371, 76.21850940047696, 70.53958305898537, 67.08219126983585, 63.774247598070176, 73.25747319333608, 80.12619834078083, 84.41366942438822, 88.48186077862181, 91.94531436305937, 91.31512625128889, 83.22430562144736, 77.90426319104188, 71.04068831187213, 65.99305931839444, 72.45639977181446, 78.48145328992173, 84.47847824222018, 117.57466272597838, 117.49917735962117, 119.17127960289295, 119.2454372544539, 126.75589945014792, 127.90820394216804, 121.21724538026638, 108.52864625789084, 91.91094964378345, 84.86589229640954, 71.12563421222272, 56.317958218686385, 44.5432750950847, 35.8031902741622, 39.48726006474956], [66.09834751416675, 73.4567666631926, 81.96380778219608, 88.17731450220394, 80.69533482766353, 73.0032279924373, 65.71469238006274, 24.053181605230296, 18.332575795193705, 13.255388560056735, 8.735844481591634, 9.430789074594392, 0.0, 8.617054845062205, 16.62892918993803, 65.30977090011254, 74.37919007337977, 81.59123035466057, 89.18328116009104, 96.66146852277039, 93.94976835787455, 86.37016545042017, 79.95483820048338, 72.63178827449482, 63.211195405260824, 32.25040180337612, 29.258380532234693, 26.494029351068217, 25.47451640512153, 25.049716407203373, 21.084868389889845, 20.769835095786487, 21.097206830664312, 22.5433036669588, 25.80675239104956, 50.678584592577614, 51.031384919305076, 55.272408920728445, 63.25559511386126, 64.46917519319065, 62.837707190382545, 57.43629264746913, 48.98280756809027, 38.60831464200491, 40.055369466046734, 36.689276368770756, 36.506644183696594, 87.24994531429545, 78.40092775368844, 71.31949385932849, 68.51486959499995, 63.12487218480713, 60.24752638808655, 58.721096985160514, 67.49158293672089, 73.81652643717348, 77.70556000961145, 81.42355561345734, 84.87585105830716, 84.1061741256331, 75.68518352267078, 70.4542577045806, 64.21435036201582, 60.64736663839945, 65.80285078496875, 71.12181756076906, 77.09226480939545, 113.04424996621051, 113.12493467998738, 114.54351774072954, 114.69255149349225, 122.00507342002989, 123.28195293415612, 116.5636536187196, 103.6025611389699, 90.28317563982611, 85.58595594561248, 74.04910850296156, 60.94804803752533, 51.37389547687568, 44.65611189111888, 47.24859619769733], [58.06923595939882, 65.41364732946317, 73.974861147747, 80.33669230000194, 72.58271506757987, 64.78600156602754, 57.54036444956571, 15.879978907148809, 11.79719642161857, 10.689094383700098, 12.558884477218388, 17.663201381452314, 8.617054845062205, 0.0, 8.551607088231137, 57.6675392813542, 66.74768692467313, 73.99913696296913, 81.69046935510472, 89.35916870525583, 86.40846393911808, 78.58811030622061, 72.09825607363264, 64.73608673293381, 55.274103748765505, 27.567078469859986, 26.542023883667763, 26.15435055072318, 28.54127778520944, 30.25905716666929, 26.773363558536648, 23.606127710735493, 21.30111486451188, 19.676010648378448, 20.918947213009886, 42.545513126210864, 42.433445378202336, 46.88418084376662, 55.21403042986903, 56.949155164138375, 55.739295203624344, 51.00872040441512, 43.25546607587127, 32.8692452007462, 32.24389735550082, 28.328130464523667, 28.766794486880215, 80.44490114823786, 71.49209015917837, 64.69195641200622, 62.47374836529547, 57.71923322395123, 55.5743517306417, 55.87859890547985, 63.74298801151604, 69.3152996518563, 72.51586594395908, 75.61045402994813, 78.598099708844, 77.44139489935745, 69.26894690260777, 64.6027395107376, 59.38291288750905, 57.40865487905578, 61.09547190976665, 65.33529140154549, 70.80328308509438, 106.66119749933488, 106.74498249983127, 108.1049403355067, 108.57367846464189, 116.04837290973349, 117.85958550191103, 111.62308675842506, 99.79737571353871, 89.68111354633419, 86.92600423780337, 77.18238977931262, 65.32164541059872, 57.36164071848801, 51.53553062945732, 53.551219487349385], [49.65515096233447, 57.01008550314101, 65.48128236319312, 71.82003152966907, 64.14939484333719, 56.40136236152568, 49.12065267681046, 7.7349909741466405, 7.667440765443121, 13.1649750492094, 18.730264680134393, 24.760543053010487, 16.62892918993803, 8.551607088231137, 0.0, 50.11251227911803, 58.85929429832113, 65.89070747001375, 73.3746991494672, 80.90330403161182, 77.9107476713646, 70.20657806306588, 63.85466630192345, 56.617495772187, 47.308917117933426, 24.943885998709405, 26.036605111013284, 27.660172983797715, 32.03951961403424, 34.89693988912433, 32.140375299574536, 27.78422319127675, 24.02695482840857, 19.989889218905468, 18.74973437411488, 35.01264609517715, 35.040812845892575, 41.033563174718864, 49.17186801902312, 52.08039717575343, 52.09223953856786, 48.68321977539216, 41.73457017232897, 31.693294753238042, 28.477979509773895, 22.76328483673411, 22.460311458239598, 75.56977961323201, 67.03763996493709, 61.21262792569587, 59.949930908166706, 56.18574279439771, 54.829275344751906, 56.600944544579136, 63.519524987019466, 68.22291767010739, 70.495749385232, 72.71151012451072, 74.71264989338106, 72.88264096941316, 65.70725560347003, 62.150748358122115, 58.28852512392887, 57.70774030527913, 60.03367158190278, 62.904106674544245, 67.3170531098002, 98.45585161015805, 98.6034116282106, 100.38768877558681, 101.62581878500465, 109.83359026391553, 112.73217520916442, 107.59707499897017, 98.46122328243946, 90.93555275201707, 89.36196004701414, 80.667986783681, 69.35952199713331, 62.24413329922775, 56.173295456158904, 57.50947573014557], [17.651311915212002, 20.04919259879794, 29.433138273224163, 40.21907898070779, 33.93062142047914, 28.402482344426534, 25.43398064069282, 42.486401165755716, 47.08371381819968, 54.23575787108237, 62.72852586666845, 72.70792835632297, 65.30977090011254, 57.6675392813542, 50.11251227911803, 0.0, 10.567296954292763, 19.413474481968294, 29.809358839443796, 41.741510369814904, 38.507254704382945, 27.38198057568684, 19.317583685299283, 11.930488264573501, 7.252542404877412, 40.2860578629084, 47.46852047172205, 54.73678304590617, 64.62697881523822, 71.61017840380538, 71.27785425708657, 63.13946621949236, 56.77656449651539, 49.653209329274105, 43.60043110477241, 16.857892298478685, 26.482595185587623, 38.26205496187881, 49.147396782429546, 57.887740646208954, 61.8198951230489, 65.13016807351332, 66.91377422820709, 62.770675656858316, 45.12846012896674, 37.0389503143409, 30.148567503847772, 79.18544748477444, 72.89190791129727, 71.74858409401291, 75.39835780789741, 76.98927015280464, 80.22949065403581, 89.60822510892692, 91.06097566252265, 90.87013135211545, 88.62774920825689, 86.08611185979241, 83.75532302912036, 78.79923111309732, 76.51385854688675, 78.29039685294302, 81.8297627338219, 88.92521545684716, 83.7524260585321, 79.27428479504442, 78.6258044582181, 63.86023394251524, 74.03476741783786, 84.0304521738918, 93.64900333196069, 106.39294911694724, 116.24975465174502, 117.50534523990358, 119.23637304711512, 126.1637921714143, 130.1092761015372, 125.43877532925377, 115.87904501081748, 109.73568431825025, 100.05148398591707, 92.7632817061015], [17.108067071018517, 15.562135122088133, 22.634553747560258, 33.36991218127854, 29.086625432884595, 25.93734264316659, 25.389998710610644, 51.23403429837758, 56.188118618235485, 63.59564157094537, 72.0113283244981, 81.47989669997864, 74.37919007337977, 66.74768692467313, 58.85929429832113, 10.567296954292763, 0.0, 8.910713772136267, 19.540766392988193, 31.969094888040633, 28.91053342128971, 17.738433945925838, 10.18434510234006, 6.472861927602272, 12.535184047494877, 50.1799731394911, 57.153575914722545, 64.17294005187894, 73.6144406819621, 80.34045619849282, 80.23863713404764, 72.48501925178876, 66.34075020842602, 59.37592474159643, 53.41291943032145, 26.105741048651158, 33.74426130944608, 45.016808009847416, 53.172931521724934, 62.5120059644515, 67.62080718452141, 72.02090326042132, 74.17996344547294, 70.66274177424577, 54.066118802203846, 46.42491417470646, 40.120262874024256, 80.95762901077944, 76.06000497471793, 76.49168044151239, 80.90482821064334, 83.30643488649226, 86.85329397839219, 96.3946815997659, 97.2540799100824, 96.4381253114986, 93.47355683913783, 90.15469116611345, 86.68079253068471, 81.15057666644041, 80.61250788012968, 83.57619929534107, 88.05444887585473, 95.50679239723394, 89.84109744327078, 84.4836794206131, 82.60630691808977, 54.50976879604933, 66.20053459563415, 77.94949583906146, 89.39836572726378, 103.2411554884163, 114.72419985268186, 117.73666191365476, 122.98181818387228, 131.49717190072803, 135.87297233710413, 131.70135863379824, 122.43927977054867, 116.7303610186998, 107.02826063554915, 99.86884982164534], [20.192486948355096, 15.734048196620918, 18.659609994068497, 28.333897336108652, 26.617961578927076, 26.08830483693325, 27.517279377687412, 58.34021960616261, 63.55115503406849, 71.147981238652, 79.46250369056148, 88.42304050539168, 81.59123035466057, 73.99913696296913, 65.89070747001375, 19.413474481968294, 8.910713772136267, 0.0, 10.77171961936208, 23.553717091306776, 20.78226258285075, 10.270125026896853, 6.28988340494329, 10.873607388151, 19.976744138704607, 58.39505208767216, 65.2017826178408, 71.98791102046158, 81.00601674249921, 87.44511012553637, 87.49117817275001, 80.11539050362512, 74.1690751717532, 67.33273375250624, 61.448898523535014, 34.06090799686568, 40.45435921188542, 51.330142481178335, 57.19737571450091, 66.83595254540067, 72.83949453590253, 77.97683612492139, 80.22933438045256, 77.11843377609122, 61.57351999350365, 54.20311333265049, 48.286972386561345, 82.69597222669358, 79.0449694493098, 80.74963634309717, 85.68341356030214, 88.64420149390816, 92.33280934242947, 101.80890655724194, 102.27513283053965, 101.03364663329263, 97.55149932471755, 93.67829433151263, 89.29362940787603, 83.35040751490718, 84.26824164123936, 88.13202390928502, 93.22793994180317, 100.78303174292778, 94.88539349354288, 88.96199910040981, 86.13200160936336, 46.406613181781175, 59.20510633875231, 72.47514167531762, 85.47735452827227, 100.25241049306689, 113.09173366951737, 117.61275445445207, 125.88819017298567, 135.43074048798547, 140.04558044710782, 136.24992963928932, 127.25589624813932, 121.955298060744, 112.3678032019763, 105.56998073285658], [26.01212757884254, 20.167984771423445, 17.393287108302474, 23.523822037671195, 25.857980027709935, 28.44984010106343, 31.538411291236926, 66.0103056205264, 71.50354716992156, 79.30871705685918, 87.43724921553154, 95.63747752594718, 89.18328116009104, 81.69046935510472, 73.3746991494672, 29.809358839443796, 19.540766392988193, 10.77171961936208, 0.0, 13.008987246685232, 11.063039569607085, 6.973448371398829, 12.605350083115699, 19.887352999046755, 29.221464384657878, 67.68254806992898, 74.27078925519648, 80.72118598516155, 89.13560366985577, 95.11816719323689, 95.29346238575333, 88.47489048391631, 82.80718137360607, 76.14221823083088, 70.37743753281804, 43.23566317997087, 48.4098666078718, 58.981709135248096, 62.1478950741657, 71.96258577000357, 78.96234499932415, 84.78187498896874, 86.84860615748536, 84.07502962947318, 70.06880446943069, 62.92570710853581, 57.42835352768047, 84.60042338415788, 82.50303440695166, 85.6556869662485, 91.06212165623111, 94.53476976604735, 98.23712218221478, 107.349835041094, 107.49680191439106, 105.88896227265988, 101.91000247410528, 97.51323495811191, 92.10649417073927, 85.75553060713074, 88.38081189900605, 93.19582236495897, 98.80336736429727, 106.2044857509585, 100.28542415259344, 93.91550793324598, 90.05176452847766, 36.32580036958974, 49.87087088929105, 64.99564245657734, 79.83380240678383, 95.76529863284267, 110.18879418386308, 116.5295514419676, 128.52948528938524, 138.80574355382623, 143.50860310546588, 140.0892056563673, 131.43799670827033, 126.69658384867023, 117.43118531896444, 111.44185157028183], [34.1464701424387, 28.337538953986723, 21.59418710455492, 21.176840070651096, 28.220763898996232, 33.43523384350446, 37.46549005130148, 73.896103526276, 79.69459119234624, 87.69292109560038, 95.50220274071462, 102.61160811465511, 96.66146852277039, 89.35916870525583, 80.90330403161182, 41.741510369814904, 31.969094888040633, 23.553717091306776, 13.008987246685232, 0.0, 5.794584855719946, 16.30958189160182, 23.989934801034742, 31.200460887265127, 40.00578249055176, 77.7842366752502, 84.08398618814687, 90.07572677833254, 97.67965193352997, 102.99480561467195, 103.24763314766473, 97.2015039389132, 91.91091968388102, 85.47911813449358, 79.89785745984358, 53.44136963112856, 57.29060466768416, 67.56324327582475, 67.66901977666073, 77.45437054031183, 85.49261398674057, 91.88176500685675, 93.43895691553222, 90.94740759688054, 79.09031297824062, 72.2117861375842, 67.2808856072457, 86.23165813109814, 85.97860961605184, 90.6932646007655, 96.46645769568376, 100.35774344741672, 103.90445683539438, 112.27125374288099, 112.19423857060488, 110.31438030502218, 105.90448687623551, 101.07218876344415, 94.58737511542301, 87.89161766510065, 92.420093657857, 98.17791826234438, 104.1220557254182, 111.03479718058922, 105.3726590188993, 98.7490516245513, 93.82332033651457, 25.01331168914498, 37.626570462224514, 54.94109221925988, 71.8468244462606, 89.14405853853339, 105.30556651473363, 113.73719530599654, 130.11617746120842, 140.6777935330335, 145.28256050198996, 142.27647404403592, 134.12287327040218, 130.18721704656605, 121.62890989636476, 117.11939821903208], [29.944084721879765, 23.664286203940406, 16.2136774720506, 16.473346493298713, 22.88268171753167, 28.28699040517194, 32.83220985854637, 70.78362314747244, 76.95857860575956, 85.11833683804699, 93.04734631314018, 100.25592746881145, 93.94976835787455, 86.40846393911808, 77.9107476713646, 38.507254704382945, 28.91053342128971, 20.78226258285075, 11.063039569607085, 5.794584855719946, 0.0, 11.930265932963987, 19.94400964353661, 27.31745137590091, 36.26813624280593, 75.28675146008126, 81.82529409866356, 88.03605225514333, 95.96948785980751, 101.40301634674304, 101.42183953209351, 95.15364542731095, 89.66432286757542, 83.00654128651217, 77.2656685576186, 49.64399726410972, 52.73708055194767, 62.470250498192726, 62.38719590947222, 72.14493126926291, 80.15563887080555, 86.70552858434044, 88.61932523325092, 86.49242591312598, 74.58487661687757, 68.13347521585266, 63.92508333965226, 81.13551152499542, 80.670929049853, 85.33910801766791, 91.19565808771992, 95.23335794216729, 98.95240580767339, 107.70596198124217, 107.34204845154775, 105.27222223354514, 100.7647895192138, 95.85047665566343, 89.4419969655902, 82.76880020431041, 87.14345327721465, 92.94177195702794, 99.10395057746634, 106.38838844183071, 100.36738720014873, 93.52771968812316, 88.58003447223452, 30.473544333628436, 39.86641898271728, 54.576816742432634, 70.22076185295305, 86.68954564404872, 102.17429493701087, 109.95612726391622, 125.34219965339068, 136.70007824780728, 141.91411953627107, 139.47322292933808, 131.77567357680707, 128.27591015976606, 120.4830686984985, 116.61936370807383], [21.24116014990627, 14.52820137888091, 11.225574716594693, 19.072991756398366, 19.659571571888666, 22.163243861286418, 25.954765366777142, 62.7550668257716, 68.84392559793751, 76.9033059359707, 85.11868418782191, 93.21975732242943, 86.37016545042017, 78.58811030622061, 70.20657806306588, 27.38198057568684, 17.738433945925838, 10.270125026896853, 6.973448371398829, 16.30958189160182, 11.930265932963987, 0.0, 8.233808269999859, 16.060789817537284, 25.611947749043807, 65.81678899136234, 72.67849149538674, 79.32908193253913, 88.01932952489437, 94.00505354730271, 93.85167606321706, 86.89838900470014, 81.03723514546512, 74.10633912253101, 68.15986451576666, 39.423405980792175, 43.229551436710814, 53.05654632750466, 55.62446048621258, 65.40320894769808, 72.49134378827995, 78.57906053344765, 81.01172580782861, 78.75022979720931, 65.02502149587738, 58.52429432017297, 54.2162734592975, 77.97956204602689, 75.76974529759721, 78.99897992287882, 84.53360036800265, 88.22344465796156, 92.10944125858154, 101.59111315082613, 101.36019996657258, 99.50008117786065, 95.37007147736536, 90.8514857403483, 85.45541148649923, 79.12418176563573, 81.71236404666763, 86.65816725937825, 92.55224628504881, 100.3345458923928, 94.02021828491758, 87.37791534150837, 83.39405406268303, 41.063714184459265, 50.89173620827933, 63.2549856242822, 76.63495398462916, 91.6032861803384, 105.2634007011374, 110.95685664854322, 122.13404641132783, 133.34211315747405, 138.7804999503605, 136.14974919480827, 128.19128572788313, 124.18239683668399, 116.12908266824077, 111.38942941497466], [15.813572938298858, 10.157511884453644, 13.366633843932883, 23.842434079107573, 20.80850443088121, 20.111107760262385, 22.23097322701325, 56.26359198186741, 62.179933766795195, 70.10974325226479, 78.45250551757198, 87.07199327326597, 79.95483820048338, 72.09825607363264, 63.85466630192345, 19.317583685299283, 10.18434510234006, 6.28988340494329, 12.605350083115699, 23.989934801034742, 19.94400964353661, 8.233808269999859, 0.0, 8.023474485847203, 17.83490097707223, 58.348554855825014, 65.36245873738169, 72.23122999350474, 81.31858489284758, 87.59661454200915, 87.33718066826918, 80.01526176044604, 73.96599235020153, 66.91127263748278, 60.87880821034588, 31.817291321528455, 36.49476018077255, 46.75966328974821, 51.50940609036725, 61.19561337061255, 67.52350868682025, 73.03964682146527, 75.51092449731838, 72.90960795067038, 58.04046485163273, 51.308739814288124, 46.72543193842988, 76.48452951589812, 72.99802600992578, 75.03437833707507, 80.16164167901412, 83.39694108237533, 87.22538866357341, 96.90995590848523, 97.00583642525076, 95.49769757045708, 91.80421827477673, 87.75020975453593, 83.1910985539582, 77.19630359545624, 78.38100210428584, 82.53224105931292, 87.9493966865005, 95.76498865370728, 89.55613629738254, 83.33767408016806, 80.21494489627916, 48.155370460226955, 57.84908668211985, 69.01667126737624, 80.96116911010466, 95.06812226344374, 107.45271865687661, 111.68783035839373, 119.91950907618416, 130.30443981658274, 135.55996035262928, 132.5502743182405, 124.27730765587006, 119.8154936049835, 111.51391964379037, 106.24716185996812], [11.296690670647354, 9.477473398928536, 17.77972935179816, 28.70211081021898, 23.278210656251694, 19.543648646550597, 19.163560500957463, 48.95582231622503, 54.748857649655825, 62.594337134994866, 71.0056133096356, 79.94108416524864, 72.63178827449482, 64.73608673293381, 56.617495772187, 11.930488264573501, 6.472861927602272, 10.873607388151, 19.887352999046755, 31.200460887265127, 27.31745137590091, 16.060789817537284, 8.023474485847203, 0.0, 9.87390466598989, 50.62555508573461, 57.74818172586619, 64.74148682447513, 74.07133075811636, 80.49607625512876, 80.10107817135066, 72.5608831683898, 66.38814322768928, 59.23565934091437, 53.14322979975609, 23.916174385339744, 29.591821709627457, 40.64935453778656, 47.38802781418777, 56.89006414991478, 62.50766136053985, 67.32260713386279, 69.49560156874475, 66.39972870894559, 50.78369115639581, 43.688103132303944, 38.814111743460444, 74.64282879657719, 70.01885589582027, 70.89316132788147, 75.5104906743996, 78.17293671690591, 81.79020360095122, 91.37696112515991, 91.94449728937494, 90.91351916653542, 87.7420213831754, 84.25250818499613, 80.51948732649359, 74.8984895787377, 74.75529850036395, 78.06236715859629, 82.81525632367861, 90.38132755603064, 84.53220860113478, 78.93022597997688, 76.69787455789678, 54.68531125470855, 63.507914933723626, 73.42479441820775, 83.93630573221621, 97.28236614533691, 108.42657407191948, 111.28918696513821, 116.86602350177141, 125.96611456453635, 130.84045680097944, 127.37610442130975, 118.79765794711024, 113.96177334393411, 105.57429315806228, 100.17014242025759], [11.005857778543843, 14.969224703559933, 24.977543977721588, 35.34627076473803, 28.25637010546066, 21.967184784967824, 18.329029216023855, 39.59945429689483, 45.294226177651566, 53.08126735398879, 61.54427069532663, 70.73613535562481, 63.211195405260824, 55.274103748765505, 47.308917117933426, 7.252542404877412, 12.535184047494877, 19.976744138704607, 29.221464384657878, 40.00578249055176, 36.26813624280593, 25.611947749043807, 17.83490097707223, 9.87390466598989, 0.0, 41.29625899757905, 48.53134974787015, 55.609016424613756, 65.13254230985095, 71.62478937768212, 71.01142947772914, 63.30324318465412, 57.01308154276545, 49.73785864106899, 43.575961377199484, 14.139932363501106, 21.6148058729835, 33.98749140959106, 43.08792945758562, 52.13674598954171, 56.817867698814084, 60.58113509489916, 62.07930991693326, 58.21143561689236, 41.97056209960522, 34.24075944485512, 28.94920089406191, 72.63607508058604, 66.73426122712516, 66.15829955554956, 70.01813306807965, 71.84233651319929, 75.0565055367236, 84.2681498024467, 85.54295657310118, 85.2129250195922, 82.7762604989154, 80.08552732981516, 77.40011812771374, 72.30995055714926, 70.55883924494046, 72.73845826030963, 76.48008135540769, 83.49402487226293, 78.31065234830274, 73.66386318854647, 72.59374561261987, 62.59244890060471, 70.01130573853206, 78.35452966682332, 87.09886754678702, 99.50564769965662, 109.122396733365, 110.35434567755844, 112.82498708440146, 120.00050596882022, 124.26721369964767, 120.197845663442, 111.26299849998692, 106.03024712262601, 97.69862833768454, 92.462545671134], [48.61108412218971, 55.121714706026744, 64.95407223846053, 73.94389079113495, 66.53131102876841, 58.828597439954464, 52.111103882557785, 22.187978307935605, 17.809404164502865, 19.155239235499856, 26.470321490003496, 38.66572157839298, 32.25040180337612, 27.567078469859986, 24.943885998709405, 40.2860578629084, 50.1799731394911, 58.39505208767216, 67.68254806992898, 77.7842366752502, 75.28675146008126, 65.81678899136234, 58.348554855825014, 50.62555508573461, 41.29625899757905, 0.0, 7.576524103164723, 15.287004350164553, 26.29788037899317, 34.06204211068212, 33.27245556103652, 23.96021556984974, 17.262204932927688, 10.694806532577296, 6.651195067258663, 30.1546648488477, 37.4584811618575, 45.83683849784811, 60.21346154888565, 64.82340870028268, 64.19101692100637, 61.53512339449444, 58.44479296883804, 49.89078178372491, 35.694699472650676, 26.912615292213314, 16.842232813075288, 91.09738813824252, 81.79766011087808, 7