{
	"dissimilarities": [[0.0, 7.365358224702721, 15.572085063150604, 24.199280778045633, 18.20524388319162, 10.561831363260682, 7.514400021364181, 43.1363544252634, 49.06137272653829, 57.477503420771264, 65.69247688200343, 73.22254256818104, 66.15999944116265, 58.01376960863161, 49.560230316051374, 23.164723892039767, 22.985751533020668, 24.40270904487028, 26.900425133444447, 31.539424254956177, 27.071061440408663, 21.453294597696694, 17.863294365877028, 15.344498731804242, 17.1914811803413, 52.8709401526258, 60.656424572820704, 66.23075838602209, 74.54827828478228, 81.17829182412171, 79.1712194389386, 73.3932814518811, 66.76877435058667, 59.62198098360397, 53.6029902700626, 19.358314981223575, 21.65417813317959, 33.812061108097126, 37.817030144087546, 47.05470538457281, 53.11047678936693, 58.735613300120086, 60.17891553780525, 57.21316659826295, 44.6681620695784, 37.64035594893531, 34.45064080892227, 64.53664689262703, 58.22498005140626, 60.294908166065476, 65.00215922603844, 66.53325584674192, 70.95566186409481, 83.10168767318453, 86.32595257976755, 85.36710432789936, 82.2687336385006, 79.85593684490753, 75.08077533126816, 65.75527585553398, 61.78884414229268, 67.05787674594595, 73.24129299885834, 82.61882288301744, 80.2229423741321, 73.96709609789181, 72.0096647615227, 52.54197871416676, 53.17322057082977, 61.748615342839855, 71.43656141906006, 85.05688217069032, 96.15620913608161, 99.94834259207863, 109.19025983744346, 114.05312291229926, 120.6972152692384, 118.39982629937664, 110.51441892313352, 106.04460420898117, 100.6022674050933, 96.50475740696696], [7.365358224702721, 0.0, 9.422390805612665, 19.088716673364427, 13.90184715585357, 9.621429015196288, 11.900600429392377, 50.45239213886479, 56.33260774431792, 64.70469905244191, 72.95316016271906, 80.57453995117432, 73.48801481544758, 65.32264953176202, 56.88815021649322, 25.612706187616137, 22.507901462206064, 21.59589257636928, 22.15158200941535, 25.963886847818877, 20.949664299944207, 15.994442002976598, 14.334464931363078, 15.149200426700082, 20.707292971801916, 59.16051052683655, 67.08614735047662, 72.78970227078159, 81.31465313492353, 88.127414860768, 86.2256442097134, 80.31249518869588, 73.56267064624734, 66.3776907808479, 60.301193846109726, 25.410055040515218, 27.672784976176523, 38.20606217974773, 40.950486404503, 50.376066806583395, 56.87404012779267, 63.20575729844321, 65.48513777137566, 63.346215873524784, 50.43374534543143, 43.98280201431452, 41.002895810303166, 65.99519239440203, 60.447326542263205, 63.68096161362154, 68.94223347928354, 71.09230722793275, 76.06849904438577, 88.67955145194311, 91.07089258293375, 89.51694188553026, 85.87035104033515, 82.84337557467335, 77.35450355583257, 67.54522798853229, 64.73017445723592, 70.94344868736285, 78.1804732198893, 88.07467013499628, 84.99427320012043, 77.75871874459528, 74.92745335797967, 47.926907623493854, 49.51964530837041, 59.228997861772385, 70.03605869065069, 84.12858812984362, 96.3762936039003, 101.25177486488067, 112.40944101378099, 119.16598982393026, 126.4559691946973, 124.7071342551055, 117.14939269439698, 113.02381751034228, 107.59734394288056, 103.18123946702042], [15.572085063150604, 9.422390805612665, 0.0, 9.922883357252214, 7.390196364745797, 11.078927586498661, 16.961952941163826, 58.07776990518115, 64.21822230950463, 72.72398491201099, 80.84252433327033, 87.87726777968713, 80.97043385384522, 72.85581688040179, 64.35532698396302, 34.53449948617785, 29.839752280593952, 26.587509816228597, 23.4590055744196, 23.342169332583634, 17.709802558941327, 17.547547996995196, 19.752215051517535, 23.263365734094755, 30.017279838791477, 68.23825288092759, 76.0215812913846, 81.54859223408447, 89.6657424746556, 95.97714654081759, 94.14614751612366, 88.66928542337521, 82.19445236428189, 75.11737537512563, 69.12232006425435, 34.534992218903355, 35.22736849517323, 44.29458380036187, 43.21023086704133, 52.50230671998304, 60.08831911749921, 67.49340961633924, 70.081221508917, 68.96903815119934, 57.74229048204515, 52.070583518060005, 49.92079105667391, 63.93498307499691, 60.380834507747814, 65.82805162900713, 71.70291348207861, 74.62411597181885, 79.90083245941256, 92.12344924365668, 93.47260836475328, 91.3066574369246, 87.00722745495793, 83.18540654319186, 76.54322014480563, 65.78346107554718, 65.64388722490104, 73.28625393850679, 81.4805096779279, 91.27333001496984, 87.30057124257856, 79.030979600713, 74.89523432581959, 43.224555138802906, 41.87622767181028, 51.240751069291846, 62.92296126708645, 77.6069121270001, 91.38431952518124, 97.85477405935188, 112.39688340428212, 120.80888514250921, 128.58982671654834, 127.65594578243473, 120.82229050757041, 117.77878986203625, 113.30119914086906, 110.23733552001411], [24.199280778045633, 19.088716673364427, 9.922883357252214, 0.0, 9.252360970292344, 17.566133610703236, 23.736927345506388, 64.7650867803858, 71.09978992758269, 79.69840088560575, 87.5913890101832, 93.83994734313922, 87.25511178132089, 79.29274127289972, 70.78839874604164, 44.18463439089615, 39.0524325761949, 34.79149190971673, 29.506144200009413, 25.711374051076326, 20.673832244968082, 24.69717099715587, 28.593209069599464, 32.80487575614194, 39.63975984585994, 76.74838406657874, 84.26788886306551, 89.50007274999214, 96.99192167339672, 102.58467928296305, 100.83294585429151, 95.97656312799548, 89.92486348779742, 83.0393045220445, 77.19845167645883, 43.463549802728835, 42.911443848876885, 51.08773978429229, 46.34392886180546, 55.137864514963624, 63.70774327144136, 71.92998957742317, 74.37658969588193, 74.0285550291748, 65.00737848168193, 59.88889175874848, 58.374600413827146, 61.73929654357265, 60.62411817106555, 68.23629088307372, 74.49372966664453, 77.99146838049433, 83.25435333034089, 94.54764670152109, 95.0587905477977, 92.48256495487027, 87.69140858429047, 83.21259340755608, 75.47774228122174, 63.76891523308494, 66.68956324265154, 75.54744775622103, 84.23932401089665, 93.45891012274407, 88.78399738823505, 79.84184886043947, 74.5141713328507, 40.52109858950586, 33.6889120692919, 41.79520935371578, 54.37054350133092, 69.81427004798047, 85.26167571963879, 93.43058070062817, 111.56639982164097, 120.88454604931218, 128.7847986020996, 128.51413441315648, 122.40341523147573, 120.53062157306839, 117.15153451144015, 115.85562462202985], [18.20524388319162, 13.90184715585357, 7.390196364745797, 9.252360970292344, 0.0, 9.307159517640327, 16.348746329971295, 58.20604902607403, 64.81609909772538, 73.36905341188806, 81.32712785240611, 87.85984123532447, 80.78258541975555, 72.65075368349196, 64.2307291943564, 39.37978876497447, 35.959651759785466, 33.51595398491205, 30.80141736602879, 30.147080124544566, 24.504125769820128, 24.77715989603223, 26.420392915754864, 28.895314022367845, 34.14497739955361, 70.72036228365968, 78.45000196928444, 83.90280612887923, 91.79864823052256, 97.71926653877397, 95.60358043389007, 90.40402276901334, 84.07388200551914, 76.97326849619681, 71.02726165298986, 36.5370677353299, 34.632864657327744, 41.96077464012138, 37.949641120818704, 46.999794503589456, 55.155402544935754, 63.1893826022534, 66.00077962931823, 65.84546419175892, 56.27155288871627, 51.72748416531984, 51.34947694645293, 56.77397692855881, 53.77771847330581, 60.203072485410075, 66.36409390181707, 69.73635915219737, 75.22567709796166, 87.3931687323921, 87.96264495427131, 85.40884509243594, 80.79147041685347, 76.64218332516207, 69.63818617705905, 58.70689766475535, 59.406191133707615, 67.70246461771787, 76.47482316445408, 86.39696579768164, 81.81523988209133, 72.94417114463873, 68.27956935979678, 48.32250990095058, 42.40712114190145, 47.761251000696355, 57.522440009789236, 71.30281951300911, 84.382540113907, 90.67002540726534, 105.71117073627836, 115.34370192372039, 123.99689313485247, 124.15008134212584, 118.27083326414139, 116.29426891639513, 113.46591899071659, 112.29012779530282], [10.561831363260682, 9.621429015196288, 11.078927586498661, 17.566133610703236, 9.307159517640327, 0.0, 7.375734404955821, 49.2838467713343, 55.899102317247554, 64.40382532290388, 72.42282872638535, 79.25917418459662, 71.97996478009468, 63.77546855610761, 55.38026173179831, 32.705601215074786, 31.452348700968216, 31.192180057171203, 31.24041959356364, 33.34803159869441, 27.92915796352063, 24.976722219796155, 23.896587609935544, 23.817805257809187, 26.79059728532576, 61.815320706708285, 69.57451099587863, 75.08869069754117, 83.15708475695163, 89.29655611162535, 87.02059481511554, 81.6048441255717, 75.14861724952625, 67.97655140069018, 62.00729658657338, 27.598097146992036, 25.44947367502696, 34.01955892766549, 32.81780482492924, 42.17690092765101, 49.520890023127755, 56.66947865715359, 59.021034106221606, 57.97340610593603, 47.51540285061135, 42.51739799306201, 42.14190593988576, 56.40181207362467, 51.318117876388975, 55.58967523823848, 61.16032053060257, 63.787166393286206, 68.93723853753016, 81.37254640184776, 82.96347568566588, 81.05302652308022, 77.1043144018948, 73.78556923491554, 67.95762294928758, 57.9577935080207, 55.926848588901784, 62.84866684772896, 70.64085083818004, 80.58690024556067, 76.84272688838341, 69.0214743245976, 65.69407774982655, 53.30581408763535, 49.2750143413119, 54.55675305112144, 63.03277063882798, 76.02099294124028, 87.236777208555, 91.69848366710383, 103.21767339174052, 111.01708049756203, 119.22726856944287, 118.72597927435379, 112.31473918388403, 109.56559595806911, 106.33104779660667, 104.63486872579547], [7.514400021364181, 11.900600429392377, 16.961952941163826, 23.736927345506388, 16.348746329971295, 7.375734404955821, 0.0, 41.97334679400485, 48.558126340274185, 57.08148645413545, 65.08767738511969, 71.93843839832998, 64.7095844027348, 56.52474252263656, 48.09608898527461, 29.444916069147453, 30.278431471334507, 31.71658663243679, 33.48021014668889, 36.85339661667478, 31.94496026711263, 27.673871398705785, 24.896985845388837, 22.609312324243877, 22.997876980575686, 55.08872132803982, 62.68459358175351, 68.07015277558813, 75.96718758667998, 82.00785319050378, 79.68602325003171, 74.34571092804984, 67.99341152045626, 60.884718552105696, 54.9875522484892, 21.671143630487318, 19.537793254353243, 30.215171437708975, 31.170165105178445, 40.37388924080167, 47.07006765879877, 53.287357927747564, 54.68579277747303, 52.52005858569434, 42.07253293187432, 36.272891105892484, 35.467010312636916, 57.126701124733295, 51.04443942063665, 53.746234547691074, 58.636312048348486, 60.47576262770451, 64.98782097663822, 76.98135150160192, 79.66149868997469, 78.4849618245284, 75.20720151187743, 72.64002578436185, 67.69385443502682, 58.29351702326211, 54.747649061613, 60.454330955099564, 66.96983295830933, 76.36257582181545, 73.49997540606368, 66.8821810355822, 64.65232429672771, 56.66525283023709, 53.23791719647756, 58.51941207497572, 66.34299835661392, 79.0430982981424, 89.21170687435203, 92.56028609113018, 101.87444066181166, 107.37790429166822, 114.71267836255983, 113.37378351353883, 106.38435590810906, 103.01483562203578, 99.37833369886155, 97.55158715642654], [43.1363544252634, 50.45239213886479, 58.07776990518115, 64.7650867803858, 58.20604902607403, 49.2838467713343, 41.97334679400485, 0.0, 7.510841208949235, 15.612872267628978, 23.2478153226121, 30.634990175051204, 23.046421874099956, 14.927592824518761, 6.579962385961411, 42.95662377226529, 51.90757700152552, 58.59134823211093, 65.1189425954192, 71.51722961109836, 68.43784423722431, 61.67728877016458, 55.58361321613979, 48.48119019397042, 39.51901182321484, 25.464143551338108, 29.33919258196089, 32.65622865865599, 38.41263246348508, 43.42250953122208, 39.97233433633471, 35.23688222559252, 30.172176642551545, 24.37118343175132, 20.656504762342664, 29.079624387524373, 28.33918445682892, 35.72776715627582, 46.03403783237826, 49.476955269388284, 49.45286898779716, 47.4940792162818, 42.24793138918522, 32.056921268688, 27.06498442216655, 19.482421210994364, 17.682205604806093, 73.481244656501, 63.64755798899317, 57.172173242605375, 56.681063224624104, 53.10152091255852, 52.325881487253895, 59.496969015621055, 68.98250895229678, 72.47832938247542, 73.76542249140095, 75.94304816346124, 76.8367154539344, 72.70231723581011, 61.754588864013094, 58.93651223393019, 55.943763341887404, 60.265775512051924, 63.88270818575143, 65.90348995639353, 70.44984581645134, 89.07065472030386, 87.53508470582298, 91.21103166586556, 94.97333639907201, 104.55351991108378, 108.27943017023912, 105.26627485480013, 100.4652584409264, 92.50398766097996, 94.45724103060451, 88.15450097109098, 77.90499286674587, 70.01954941343749, 64.32508029747729, 62.109089243564505], [49.06137272653829, 56.33260774431792, 64.21822230950463, 71.09978992758269, 64.81609909772538, 55.899102317247554, 48.558126340274185, 7.510841208949235, 0.0, 8.614731086325676, 16.63520042695128, 25.106149068888243, 18.14450427803276, 11.124366457496894, 6.311959389281983, 46.262267843090065, 55.51408828164135, 62.496886737973405, 69.42342599291524, 76.14988893451876, 73.46111146795974, 66.49224574124437, 60.20598851091019, 52.92920832941968, 43.71685163319909, 21.233287741688617, 23.324059363951612, 25.783861091697904, 30.973484490813462, 36.13763154714317, 32.65200546408347, 27.730010084550383, 22.95183414830394, 17.810986171701163, 15.344820568763552, 34.082897555530955, 34.97175370721454, 42.21033633287473, 53.36902756053025, 56.507183732099065, 55.873240072457946, 53.02894319838362, 47.30590245036769, 36.451687098767906, 31.846468095147316, 24.518155168973482, 20.8239472895531, 80.56166138773082, 70.66190263724305, 63.54932539237418, 62.5189608734676, 58.38134020771294, 56.89273671455959, 62.906710600210005, 73.32704331115687, 77.44497961720248, 79.30509398438878, 81.97856144150406, 83.40136128690946, 79.66908807108912, 68.40144513649204, 64.80094652369607, 60.65641556679731, 63.91461023218364, 68.54103602401052, 71.68380823859192, 76.82547705328622, 93.19978158008497, 92.95043732713424, 97.50660527907708, 101.62435871216218, 111.36139117520483, 114.97269421410404, 111.64353228376369, 105.55120744524245, 95.37311353740574, 95.85120218278558, 88.07627649467315, 76.72844807005043, 67.23018156857793, 59.58530654693604, 55.4593145243624], [57.477503420771264, 64.70469905244191, 72.72398491201099, 79.69840088560575, 73.36905341188806, 64.40382532290388, 57.08148645413545, 15.612872267628978, 8.614731086325676, 0.0, 8.400381025733415, 18.453722521962607, 11.973703136214336, 8.412240366310632, 11.39048755052658, 53.07777283659235, 62.62733644667786, 69.88845333579633, 77.15924286159446, 84.1575028236345, 81.6261777628101, 74.44910523652875, 67.99580385126605, 60.580954468670924, 51.12213866726739, 21.340624518710083, 20.36485113309039, 21.04330396489308, 24.723783149415826, 29.578241834859167, 25.499913606149356, 20.599880777249655, 16.852527307512336, 13.860074730998457, 14.585291508227424, 41.75208997993281, 42.74795666308739, 48.60526059696626, 60.26990296688832, 62.5880744381892, 60.92120191554548, 56.81382665222661, 50.468453190417726, 39.12141598374441, 36.144495148147385, 30.288246190112908, 27.287859779990477, 86.86863732271345, 76.62499245177473, 68.37985192462497, 66.51528953912661, 61.63235213273296, 59.235951967049786, 63.96547083221389, 75.33497444881127, 80.17773284746718, 82.81347837483378, 86.21669482653864, 88.57523151773495, 85.77399743406149, 73.66517800285555, 68.81671312360349, 63.168909710516175, 65.2756124910953, 71.07328529611684, 75.64985278973373, 81.73139960593052, 101.03283280605609, 101.23653645673677, 105.69489610562357, 109.37036155665571, 118.61447970402588, 121.27968111421096, 117.00029372072585, 108.39663852484344, 95.95677828784866, 95.28798879051968, 86.47246711487958, 74.51238747802479, 63.69536815269734, 55.18134019965029, 50.16146045546595], [65.69247688200343, 72.95316016271906, 80.84252433327033, 87.5913890101832, 81.32712785240611, 72.42282872638535, 65.08767738511969, 23.2478153226121, 16.63520042695128, 8.400381025733415, 0.0, 11.21716443558861, 7.431051239156746, 11.059661904170397, 17.837602991596963, 61.3012973555256, 70.85575246556523, 78.11604298955122, 85.35622418193599, 92.2491617784927, 89.79366011650748, 82.73647573513435, 76.3223824627998, 68.92687131835909, 59.485487030000336, 27.030535630773283, 23.5621370750934, 21.85975941243501, 21.879974802328128, 24.47248447282599, 19.71331896523518, 16.869413229755857, 16.517691706977793, 17.29422007028111, 20.51857055088256, 50.140549473014296, 50.724292614893955, 55.64020469545486, 66.65089470278842, 68.14240184874056, 65.87997781792875, 60.91013225426565, 53.719486459222445, 42.20779697522384, 42.15146606103152, 37.628228980023934, 35.53604466106077, 91.75697462482213, 81.65105380093595, 72.7959151268613, 70.18721614464988, 64.70357948733093, 61.264203601690156, 63.99336722807539, 76.2672516561419, 81.88182472288247, 85.27065690829748, 89.34006224779715, 92.45607623164473, 90.41693497519441, 78.10949519547269, 72.29813750648775, 65.10312864447123, 65.53412574749703, 72.45662412592843, 78.52183556179367, 85.36742181945486, 108.54295408584669, 108.27077118202605, 112.1194065073055, 115.09188094438473, 123.7489994395267, 125.44855282671979, 120.31934190439445, 109.74362863943874, 94.54395151191291, 92.37691561558431, 82.43120342099034, 69.92563393590767, 58.0674912540234, 49.350976650357666, 45.2487271963933], [73.22254256818104, 80.57453995117432, 87.87726777968713, 93.83994734313922, 87.85984123532447, 79.25917418459662, 71.93843839832998, 30.634990175051204, 25.106149068888243, 18.453722521962607, 11.21716443558861, 0.0, 9.341606258799018, 17.096030375085203, 24.44908037565984, 71.0247076228685, 80.22878144875833, 87.09987912961373, 93.74637448674703, 99.93274595450298, 97.4373013247986, 91.02853614832486, 84.97320156840813, 77.83047973304245, 68.75699080562707, 37.95462662770406, 33.82160946065253, 30.779880457971256, 26.749224678991645, 24.19144898328831, 19.626932570802676, 22.184776627144345, 25.47318326487989, 27.941332815002685, 31.46689175832435, 59.13256374591301, 58.59503217245695, 62.97885815467623, 71.56021077121672, 72.09579424743765, 69.88077936966778, 64.64012530518497, 56.14132915020571, 44.84918959747412, 49.65554100649363, 46.260888705307714, 45.35803749704151, 93.41441426415038, 84.3133254426928, 75.68612099971511, 72.43897847975143, 66.56039685838766, 61.78602712472615, 61.11643394115177, 74.32118982664757, 80.84551164681267, 84.9799520741897, 89.63594843879265, 93.23389952955701, 91.7298536539014, 80.33924546257069, 73.98696415490636, 65.06610716705079, 62.75860392161165, 70.80331159446987, 78.56825224491334, 85.92317008599217, 114.91333223910459, 112.56637499430188, 114.83292322369142, 116.54368457451211, 124.34643651929184, 124.95325988895293, 119.10652916064019, 107.51996999085537, 88.4552943158475, 84.01072744856403, 72.62780927446173, 59.52652078443176, 47.1299126206984, 39.964269883223906, 41.643034879686184], [66.15999944116265, 73.48801481544758, 80.97043385384522, 87.25511178132089, 80.78258541975555, 71.97996478009468, 64.7095844027348, 23.046421874099956, 18.14450427803276, 11.973703136214336, 7.431051239156746, 9.341606258799018, 0.0, 8.386119381727939, 16.646846122617163, 64.10855311552095, 73.56192422780997, 80.61961126972191, 87.48615921478492, 93.96575387122031, 91.15828629016107, 84.40815453453052, 78.1858843379342, 70.91383299029079, 61.589595518057244, 32.72319750832056, 30.359492196135463, 29.201840354856266, 28.93439149546154, 29.87318993441497, 25.04366485276997, 23.892122141928898, 23.87484118572431, 23.86817558692853, 26.035932876840846, 51.45046403739344, 50.2490226260066, 53.92567417355785, 63.32668569824295, 63.99118266926308, 61.52009001929062, 56.289078989652346, 48.352775056475515, 36.88433087571092, 40.3305334624521, 37.22686023230052, 37.45720159751041, 86.75179937302748, 76.84667492352564, 67.82435530479093, 64.8184211883727, 59.105387846180356, 55.07848349685393, 56.8278450771098, 69.33599434031404, 75.22318345076961, 78.89480695480155, 83.24690872025312, 86.73125645049204, 85.22709055203394, 72.92973907134484, 66.6837817120643, 58.72278864728338, 58.3944091898423, 65.6232204749259, 72.3170180868837, 79.5166515854353, 110.29075240168818, 107.99892417146012, 110.08852423815549, 111.7647670332261, 119.4809183885466, 120.09860468293157, 114.27583136193476, 102.81592544655194, 87.13757929417325, 85.3532012093986, 76.20451571644632, 64.5890465515127, 54.07683522840006, 48.71349819806119, 49.25856313601874], [58.01376960863161, 65.32264953176202, 72.85581688040179, 79.29274127289972, 72.65075368349196, 63.77546855610761, 56.52474252263656, 14.927592824518761, 11.124366457496894, 8.412240366310632, 11.059661904170397, 17.096030375085203, 8.386119381727939, 0.0, 8.549515917710137, 56.54763065437203, 65.95422180156977, 72.96372197889036, 79.78650910490703, 86.29917993564214, 83.32291690273937, 76.49864049796162, 70.27623755176451, 63.02055966455358, 53.71607590841455, 28.654989996119177, 28.503376554233096, 29.211713419749294, 31.791819232160275, 34.768874667077746, 30.30643334950695, 27.19123142393014, 24.626888623122106, 21.96381137970635, 22.059452816405148, 43.31538330739912, 41.86786107112421, 46.020647642615955, 55.86152103705249, 57.18878039120017, 55.21727642598825, 50.761127778686976, 43.54561334956031, 32.05993959060792, 33.20044694891751, 29.265802618492646, 29.714396674134573, 80.76399607076296, 70.61329036241499, 62.062682084922706, 59.74579580359719, 54.58666110963052, 51.61003076260795, 55.608290690515815, 67.14964988795525, 72.2301257076218, 75.14065528706944, 78.84824642931784, 81.63704430329629, 79.46114891452696, 67.19099715227344, 61.813282784476044, 55.386923828432224, 56.92947972455745, 62.95534021124608, 68.12426072674955, 74.62636070199922, 103.278032720998, 101.0761167166203, 103.4136235569348, 105.53787638829044, 113.6696066331139, 115.05461944517087, 109.94721328566547, 100.2966292927688, 87.65742358599019, 87.66292702967661, 79.92486895552788, 69.07344914356959, 59.82669337402312, 54.81705270348734, 54.4612612201159], [49.560230316051374, 56.88815021649322, 64.35532698396302, 70.78839874604164, 64.2307291943564, 55.38026173179831, 48.09608898527461, 6.579962385961411, 6.311959389281983, 11.39048755052658, 17.837602991596963, 24.44908037565984, 16.646846122617163, 8.549515917710137, 0.0, 49.26113421765138, 58.346527659528, 65.09693215716229, 71.63836301345182, 77.95476985867181, 74.9022419187528, 68.23527175255167, 62.1571632284706, 55.04165705635914, 46.006116242826934, 26.95015140797144, 29.049524152587868, 31.221957233833464, 35.52888416346298, 39.51059140625316, 35.657012335035255, 31.751269222671727, 27.762840495109895, 23.167442289363773, 21.035253011239917, 35.534231431493225, 34.17727480410679, 39.9670702642867, 49.646300875232086, 52.0390265747331, 51.223232981680695, 48.18641714600268, 41.8222260969914, 30.85271986970371, 29.324115938231472, 23.567296568430244, 23.20179981596727, 75.66249446205684, 65.80011461356082, 58.476403188995555, 57.1521002843092, 52.84948021643348, 51.012072410782686, 56.648461107006135, 67.10180131401466, 71.33882683432863, 73.3501802295663, 76.21250355279001, 77.91683753230683, 74.61299423619418, 63.20421516770335, 59.26399376840695, 54.653857305503756, 57.63269813473404, 62.313306310702934, 65.78527270106744, 71.2045802774205, 95.068636081442, 92.86856739265497, 95.70194247530533, 98.58215691518747, 107.46116077356125, 110.09872061706491, 106.15289820570744, 99.36674790797365, 89.20405696558015, 90.26874306677038, 83.36215780778396, 72.87626748775745, 64.5791631350565, 59.410569505085796, 58.48781815551388], [23.164723892039767, 25.612706187616137, 34.53449948617785, 44.18463439089615, 39.37978876497447, 32.705601215074786, 29.444916069147453, 42.95662377226529, 46.262267843090065, 53.07777283659235, 61.3012973555256, 71.0247076228685, 64.10855311552095, 56.54763065437203, 49.26113421765138, 0.0, 10.470442063645928, 18.892023015210253, 28.2934575146631, 38.0863952785986, 36.10950975037275, 26.478002186400058, 19.079984547742963, 11.936524450140167, 6.711972514229256, 40.23942740357836, 48.40985812637957, 54.69798993195259, 64.7829563745712, 73.69265248835308, 72.12028196072043, 64.51775716566146, 56.84014745504876, 49.73322546357899, 43.71252615738164, 16.836803028784203, 28.277651516766046, 40.109776338460954, 53.12901085176145, 61.525139650825516, 64.47895247529911, 67.21680088701659, 68.65914343629154, 63.46561978893635, 45.35365814014059, 36.36414347147002, 27.827973661750566, 84.2879256626617, 75.27373907619175, 73.36154437866215, 76.76023883481092, 76.78095947089807, 80.67822281126168, 93.67693776656931, 98.77797889167348, 98.79169211359675, 96.82444094722715, 95.67523019257585, 92.82471894673462, 85.28594124708913, 77.26449100409617, 79.7435180394302, 84.16167677457484, 93.78743623099251, 93.24758114751886, 88.85530656601509, 89.00444841986179, 60.33562701077682, 70.62562397763722, 83.49864049009703, 94.45496173753455, 108.19662993581127, 118.5282154840811, 120.87094257769405, 125.11632955976016, 127.6838309540853, 133.05529841132608, 128.52909082302378, 118.54943734499737, 110.74142222235876, 100.97546316853038, 90.09276279282248], [22.985751533020668, 22.507901462206064, 29.839752280593952, 39.0524325761949, 35.959651759785466, 31.452348700968216, 30.278431471334507, 51.90757700152552, 55.51408828164135, 62.62733644667786, 70.85575246556523, 80.22878144875833, 73.56192422780997, 65.95422180156977, 58.346527659528, 10.470442063645928, 0.0, 8.556216068046433, 18.356145049168628, 28.634732334526827, 27.263007056872887, 17.605115762684836, 10.93855272972472, 7.725078014683476, 13.256742037311467, 50.06669959137723, 57.982294595351995, 64.03917225446031, 73.72689482839418, 82.31500602314011, 81.06489678309934, 73.80217093654768, 66.39194275567732, 59.479590053224435, 53.561799279219414, 24.99407735257541, 35.004601467922626, 46.66283335037061, 57.17912250032867, 66.14967834640834, 70.21442586363864, 74.12626895634557, 76.11177901834128, 71.71347511286616, 54.224647458996216, 45.68998452013344, 37.801095849195235, 86.42252368751237, 78.69789093544972, 78.60199191084662, 82.74527833775598, 83.51774040797463, 87.90565733139645, 100.9873922764916, 105.30191196276775, 104.74404831575345, 102.12429387225392, 100.2134035233239, 96.27996216027522, 87.74142369454235, 81.6551714008914, 85.51596917455521, 91.04740283529212, 100.89446549743526, 99.57044385096525, 94.1000736265153, 93.08901015145811, 51.309584693461915, 64.06713510683231, 79.05437727632008, 91.73100467159341, 106.4651516403421, 118.61637544479296, 122.591121529289, 129.97373638846108, 134.0383973500984, 139.65497349181976, 135.40832574250038, 125.57960505130782, 118.2425958916576, 108.34139816299015, 97.47032922959545], [24.40270904487028, 21.59589257636928, 26.587509816228597, 34.79149190971673, 33.51595398491205, 31.192180057171203, 31.71658663243679, 58.59134823211093, 62.496886737973405, 69.88845333579633, 78.11604298955122, 87.09987912961373, 80.61961126972191, 72.96372197889036, 65.09693215716229, 18.892023015210253, 8.556216068046433, 0.0, 10.00615677183173, 20.545419722669187, 19.804405274379963, 10.843427654629604, 7.371741210001883, 11.23065049819457, 20.368333231372294, 58.06699047006274, 65.81410531232935, 71.66965472330013, 80.9489420129239, 89.13028388841647, 88.07126141344973, 81.18382927497841, 74.03249055213078, 67.23508543526037, 61.37002957395436, 31.745672103945427, 40.52881260122822, 52.01980134037227, 60.22946240068306, 69.4982670258306, 74.47159338053089, 79.2840874145084, 81.52840363663569, 77.72552454183061, 61.09090385495929, 52.85963447852107, 45.48400790726342, 87.38989653505448, 80.90467906889303, 82.34040016799598, 87.01925867111893, 88.35745474673523, 93.03219859956029, 105.97319379662841, 109.6708557035023, 108.69729137423447, 105.5856537095426, 103.08442746715555, 98.27276535864985, 88.93325297283465, 84.60593745727368, 89.55342777690929, 95.8487940877384, 105.70669406224752, 103.77455003932708, 97.52626533493493, 95.5828121377722, 43.538598849373194, 57.89655596332135, 74.44068334416652, 88.42786465804035, 103.90687065825894, 117.51405453644686, 122.83879129683584, 132.88726014014495, 137.99247724111555, 143.75009811234568, 139.78337023172395, 130.17681731720066, 123.38131117803759, 113.65612311758987, 103.30832552436375], [26.900425133444447, 22.15158200941535, 23.4590055744196, 29.506144200009413, 30.80141736602879, 31.24041959356364, 33.48021014668889, 65.1189425954192, 69.42342599291524, 77.15924286159446, 85.35622418193599, 93.74637448674703, 87.48615921478492, 79.78650910490703, 71.63836301345182, 28.2934575146631, 18.356145049168628, 10.00615677183173, 0.0, 10.633847039684277, 10.885929291234028, 6.637740403304726, 11.30868408794913, 18.46586013063577, 28.51153799166118, 66.73584771076501, 74.30886239087066, 79.91103841918688, 88.6220219152916, 96.17013855559475, 95.25459634769946, 88.91809666763743, 82.12180954044263, 75.42971379158945, 69.61324749462057, 38.98631426287123, 46.272347465670045, 57.59401713809164, 62.866404505975, 72.29915626037803, 78.33332977661324, 84.12534769040683, 86.45517090184862, 83.29718664491583, 68.0783660245757, 60.17579000388373, 53.46191883686224, 87.0583895847974, 82.21931076351852, 85.47367565624191, 90.68359795703819, 92.61780498566989, 97.48575983541217, 109.99596252600156, 113.01085248353758, 111.6251192353499, 108.00187209188017, 104.86589680242963, 99.05576848307354, 88.80727493486984, 86.71849741875239, 92.86764035633692, 99.86634583415298, 109.51881786297456, 106.92429008737548, 99.90988699838931, 96.91492835145336, 34.289994691836554, 49.45183564992362, 67.50167593808534, 82.85698993712668, 99.12558334168577, 114.34981704756005, 121.22493416939164, 134.44210706267617, 140.48527842250368, 146.32117891651262, 142.74213684349965, 133.52248077774274, 127.55348620998076, 118.392413287139, 109.26915223342391], [31.539424254956177, 25.963886847818877, 23.342169332583634, 25.711374051076326, 30.147080124544566, 33.34803159869441, 36.85339661667478, 71.51722961109836, 76.14988893451876, 84.1575028236345, 92.2491617784927, 99.93274595450298, 93.96575387122031, 86.29917993564214, 77.95476985867181, 38.0863952785986, 28.634732334526827, 20.545419722669187, 10.633847039684277, 0.0, 5.847093127631628, 13.177496856645954, 20.12712771909524, 27.421147339196697, 37.371207128137954, 75.34237745609448, 82.69187397163422, 87.9948315448673, 96.04413848921038, 102.84804008142586, 102.06389973286875, 96.36729501761076, 89.99357871378177, 83.44774992666082, 77.72261478242267, 46.76268375373734, 52.635341409434204, 63.76752553284043, 66.04713135873118, 75.43914235483906, 82.47545081224747, 89.1219085841042, 91.33817279921385, 88.73930079435631, 75.23574800123468, 67.6313637680505, 61.522305915782624, 86.68789868563009, 83.7191620924062, 88.78305716604237, 94.41112246711847, 96.85709928211084, 101.76692454358141, 113.56472351561946, 115.96480787862812, 114.25414497538179, 110.19501014619823, 106.4869779573954, 99.71234090531912, 88.58702665066829, 88.93353918518532, 96.18428674826885, 103.67098677978336, 112.87868094864899, 109.70354408778513, 102.09458391366994, 98.09461623841896, 24.876041349068807, 40.03739950095062, 59.7397453729871, 76.53865594152293, 93.62530336356443, 110.52682150484672, 119.0171887329528, 135.52322730726942, 142.1659191757842, 147.90453002339942, 144.6737983302535, 135.8874957820122, 130.836554784955, 122.38730848505512, 114.78838483016467], [27.071061440408663, 20.949664299944207, 17.709802558941327, 20.673832244968082, 24.504125769820128, 27.92915796352063, 31.94496026711263, 68.43784423722431, 73.46111146795974, 81.6261777628101, 89.79366011650748, 97.4373013247986, 91.15828629016107, 83.32291690273937, 74.9022419187528, 36.10950975037275, 27.263007056872887, 19.804405274379963, 10.885929291234028, 5.847093127631628, 0.0, 10.103366371687553, 17.367192404578255, 24.68520120495036, 34.56723939601633, 73.58153849927339, 81.15123403599348, 86.60277826010896, 94.82017205158772, 101.63164226340983, 100.56554441688996, 94.81030481138205, 88.30790302293403, 81.55421309655009, 75.69406888255055, 43.3097598519586, 48.20355911945571, 58.79082913469757, 60.50126933677713, 69.88266717812213, 76.99461726694433, 83.84074761405866, 86.29830974975845, 84.12186483050691, 70.86475678306704, 63.72555198575106, 58.513478333711916, 81.17678506849431, 78.03843537454844, 83.19184072883965, 88.92359468468536, 91.5338400628011, 96.62522834938095, 108.6937122391258, 110.75069615389721, 108.85297148966553, 104.68106058431371, 100.89268366249257, 94.12302500553726, 83.10732252891478, 83.3038867735696, 90.6855918746327, 98.4730698984532, 107.9670283752308, 104.5342416891981, 96.6547646185463, 92.57135778131857, 29.174890328981878, 39.81118692272892, 57.30601791965878, 73.08476889033834, 89.63369818805347, 105.87622922426942, 113.9522950819699, 130.0382619466668, 137.43654270688793, 143.83014615857795, 141.2560848926152, 132.98036738698255, 128.41520313000277, 120.92620281569545, 114.31828715305772], [21.453294597696694, 15.994442002976598, 17.547547996995196, 24.69717099715587, 24.77715989603223, 24.976722219796155, 27.673871398705785, 61.67728877016458, 66.49224574124437, 74.44910523652875, 82.73647573513435, 91.02853614832486, 84.40815453453052, 76.49864049796162, 68.23527175255167, 26.478002186400058, 17.605115762684836, 10.843427654629604, 6.637740403304726, 13.177496856645954, 10.103366371687553, 0.0, 7.486938784494633, 15.194546411142522, 25.365833453231755, 65.13216140457048, 72.96267627003473, 78.71989837682985, 87.57024104041689, 95.05236465262449, 93.80257030670191, 87.45449281952604, 80.53953198950313, 73.60027211272734, 67.61977137662292, 35.004424795955224, 41.06193254740041, 51.82584027785864, 56.46059995701897, 65.8984786688468, 72.03755577720534, 78.08067517353311, 80.67131587497954, 78.006222123147, 63.11424674267515, 55.75166260820549, 50.177813438705655, 80.73206322183135, 75.7042944238991, 79.05785310081772, 84.3887363961466, 86.51343031880212, 91.58451524268123, 104.37639134430616, 106.99689372341341, 105.40316268151906, 101.65276361944353, 98.42784519199606, 92.6227006808118, 82.50358124009992, 80.25078591668165, 86.55223655231731, 93.88944957828417, 103.84634029915244, 100.95098333363902, 93.63542953558338, 90.54671855633958, 37.802783296529306, 48.78596075975228, 64.56096281903388, 78.76335889329364, 94.39995737616705, 108.87813222047251, 115.29984796838802, 128.096669913421, 134.9550088063109, 141.50965370339298, 138.68704300870883, 130.07599045531867, 124.7250743090152, 116.74543972574962, 108.94573396589516], [17.863294365877028, 14.334464931363078, 19.752215051517535, 28.593209069599464, 26.420392915754864, 23.896587609935544, 24.896985845388837, 55.58361321613979, 60.20598851091019, 67.99580385126605, 76.3223824627998, 84.97320156840813, 78.1858843379342, 70.27623755176451, 62.1571632284706, 19.079984547742963, 10.93855272972472, 7.371741210001883, 11.30868408794913, 20.12712771909524, 17.367192404578255, 7.486938784494633, 0.0, 7.831609357153996, 18.065168241099364, 58.05974438955068, 66.02209379893574, 71.93570811659472, 81.115661197813, 88.94912917460385, 87.56549127595075, 80.89938608469649, 73.77051955015176, 66.73478436136719, 60.69976568833288, 28.26272982586012, 35.391367145835034, 46.59304560749594, 53.423933119144195, 62.76830662733418, 68.15757926050432, 73.47007079070332, 75.87779754957349, 72.66932817204176, 56.87676407752224, 49.193796773218494, 43.210378380697726, 80.06564934859964, 73.78871519588932, 75.744638350791, 80.64795243340765, 82.28636106554626, 87.15212709129786, 100.1666155539054, 103.36751238551804, 102.14191544086445, 98.81642380505497, 96.1125504676833, 91.0855600587436, 81.6419771732584, 77.69032882517313, 83.05377503564092, 89.77085100552036, 99.7912414994541, 97.43318176696448, 90.77443617620769, 88.52642067773564, 44.1811462473729, 54.5444407131323, 69.10089983540557, 82.16239471903, 97.18199649870763, 110.35994843412571, 115.54722776392876, 125.9167508344726, 131.83307152751757, 138.2410306076853, 135.0971964583098, 126.2041061493789, 120.29787772652, 112.02396183622503, 103.61799321713876], [15.344498731804242, 15.149200426700082, 23.263365734094755, 32.80487575614194, 28.895314022367845, 23.817805257809187, 22.609312324243877, 48.48119019397042, 52.92920832941968, 60.580954468670924, 68.92687131835909, 77.83047973304245, 70.91383299029079, 63.02055966455358, 55.04165705635914, 11.936524450140167, 7.725078014683476, 11.23065049819457, 18.46586013063577, 27.421147339196697, 24.68520120495036, 15.194546411142522, 7.831609357153996, 0.0, 10.246219070174277, 50.43993076458441, 58.5078888422045, 64.52862306049883, 73.92369481453612, 81.97254184853219, 80.42776145101196, 73.55011175396444, 66.27636189995091, 59.149297437762876, 53.065543538766434, 20.885481724140075, 29.314138943962266, 41.241825985502416, 50.17498527695431, 59.2850751716317, 63.91632141763637, 68.40255864455708, 70.38440128320545, 66.49882347321268, 50.13528159792671, 41.99000449717535, 35.501426300868154, 78.83651694809258, 71.45915984781271, 72.00153050009342, 76.37571739599991, 77.43639500447398, 81.94276923039129, 94.92426901595093, 98.81239970858985, 98.05665748780201, 95.23560205217159, 93.12401690897488, 88.91438151096892, 80.15983402049085, 74.63477969766875, 78.9672327468928, 84.84382423973598, 94.70599179974676, 92.97782149639612, 87.15086426248342, 85.8106968861778, 50.64208446935148, 59.71293990342081, 72.88616212749389, 84.72447808118191, 99.10417931823808, 110.94502563996663, 114.88132902103158, 122.84821041498721, 127.45113864766118, 133.54777485847058, 130.02646685603952, 120.86615431204858, 114.4723640706043, 106.04958709822034, 97.38286828273701], [17.1914811803413, 20.707292971801916, 30.017279838791477, 39.63975984585994, 34.14497739955361, 26.79059728532576, 22.997876980575686, 39.51901182321484, 43.71685163319909, 51.12213866726739, 59.485487030000336, 68.75699080562707, 61.589595518057244, 53.71607590841455, 46.006116242826934, 6.711972514229256, 13.256742037311467, 20.368333231372294, 28.51153799166118, 37.371207128137954, 34.56723939601633, 25.365833453231755, 18.065168241099364, 10.246219070174277, 0.0, 40.85346376847503, 49.11686882762146, 55.320868228389195, 65.05314920031621, 73.40078986494966, 71.55654135446568, 64.36009748057857, 56.85098133597668, 49.55096341223244, 43.37470515616053, 11.740622783330275, 22.42141598058495, 34.97916233701804, 46.854495855928285, 55.3696603223888, 58.79216838349661, 62.004145976250285, 63.37450471863428, 58.55949553636155, 41.422109712890844, 32.63563500403185, 25.445996246745896, 77.71262067114819, 68.9257881188928, 67.46770192687734, 71.03707259090707, 71.26937427745517, 75.24432175803966, 88.15342075860815, 92.93926571883667, 92.81740566638247, 90.7048378284373, 89.4197472677726, 86.37547560073678, 78.68593031110166, 71.04510614828048, 73.8708525254642, 78.53115604439941, 88.15741689138396, 87.2981872955218, 82.65025327385037, 82.57673291527152, 59.77878691607497, 67.16570834924534, 78.44017857353593, 88.5832400568925, 101.96090915874473, 111.9435150718501, 114.18755539221526, 118.84554223701059, 121.77129035128125, 127.53249638936383, 123.616134645002, 114.20637375136367, 107.23317930952543, 98.8043759260008, 89.98104325018092], [52.8709401526258, 59.16051052683655, 68.23825288092759, 76.74838406657874, 70.72036228365968, 61.815320706708285, 55.08872132803982, 25.464143551338108, 21.233287741688617, 21.340624518710083, 27.030535630773283, 37.95462662770406, 32.72319750832056, 28.654989996119177, 26.95015140797144, 40.23942740357836, 50.06669959137723, 58.06699047006274, 66.73584771076501, 75.34237745609448, 73.58153849927339, 65.13216140457048, 58.05974438955068, 50.43993076458441, 40.85346376847503, 0.0, 8.648766094936954, 15.477455485027148, 26.807322104052503, 37.15525929570506, 34.92055859470351, 25.84215748289701, 17.424850157716797, 10.773805481991682, 6.758577988849207, 34.98479091695227, 41.3323943766834, 49.26562329664243, 65.29780398847028, 69.7434067994227, 68.45829817648715, 65.42926503211838, 62.1190287941307, 52.08904870972771, 39.368748692160636, 30.814426276931602, 21.30549405619325, 96.24500904575426, 85.12695903529354, 77.3