{
	"dissimilarities": [[0.0, 7.393015573019579, 15.84513535157719, 26.251792137499038, 19.704942698711534, 12.36026692286591, 9.671952245951069, 45.61470232609097, 51.22685782784912, 59.55274402259942, 67.73153218646401, 75.85593330829869, 68.67121674290688, 60.58553900150249, 52.17415818443704, 20.587796543416566, 20.792035748084434, 21.81247159849177, 25.515787286725487, 32.391984786940874, 27.755795873982574, 20.37656933304792, 16.66317932902779, 13.495699544500651, 14.731243439715909, 51.338738188738326, 58.86432073581919, 64.68825120312236, 72.80987342407744, 79.70491464765688, 77.65149227703856, 71.90599317440643, 65.45701906809559, 58.08199986503727, 52.36645536211224, 19.98332485756189, 24.881101596922615, 36.94168949626744, 42.05051196483241, 51.07874209158223, 57.31463309429333, 61.66915866335479, 63.26395863869595, 60.07860826185243, 45.78976407535803, 38.79684256312485, 35.68229839073492, 67.58328194839879, 61.57618294505557, 64.53355661978608, 67.87275459315245, 70.46947555637341, 75.02774246102688, 85.76586743726106, 87.70583603366843, 86.92652228395438, 83.96925211265568, 81.69876304288208, 77.04185958058389, 67.52204660363894, 65.69065493685294, 70.67284375178328, 76.60836158835401, 83.9132269377621, 81.59274560656543, 75.69639188626562, 72.81743859848493, 52.62726739720342, 55.233851731700376, 65.62201490328988, 77.09696687757383, 90.36163580733584, 99.35649438581764, 105.4794410614086, 110.91827577231115, 116.12735482750949, 121.8981628716429, 117.9453637432556, 109.58293337190447, 105.93086852212058, 98.76847117978988, 95.91690423491583], [7.393015573019579, 0.0, 9.486123099151575, 21.279702031967417, 15.699779991874887, 11.675263483995, 13.472012402132872, 53.002057400336646, 58.59662376878443, 66.86992197363476, 75.07005780566284, 83.21436680073818, 76.06184958477998, 67.96692965449925, 59.55485798040133, 23.43745343793273, 20.28547868415934, 18.52217235572939, 20.11158336378511, 26.46239018810468, 21.27661234623656, 14.146086855223142, 12.57328392891169, 13.203508177289889, 18.79002968218829, 57.90958849259366, 65.57630446954934, 71.44614576731016, 79.73411202099777, 86.7083316725642, 84.80386786969223, 78.98300489967406, 72.42734205964406, 65.08456038461905, 59.28588074412133, 26.60026697488469, 30.91798240317083, 41.636995091052015, 45.48932744562946, 54.66951917965767, 61.36211234491695, 66.4727411966568, 68.78190816124666, 66.3811569240023, 52.09796705992141, 45.65455560738247, 42.71136817631378, 68.88034058033216, 63.94606986975913, 68.06971412653431, 71.89454245893718, 75.13826089798505, 80.10082813583047, 91.19920072415857, 92.39489645881991, 91.03448824277089, 87.52541023926098, 84.63069016989209, 79.22022244398362, 69.27107427777804, 68.63193552265625, 74.58133994619149, 81.52079276201383, 89.20544951348145, 86.28200035608744, 79.41064181967438, 75.65316618082605, 47.60709374570191, 51.1930428461548, 62.80537172606138, 75.3680973834044, 89.15746660935984, 99.33375058619472, 106.48852982963986, 113.99142340407063, 121.03940337778594, 127.41193036657637, 124.04927443046678, 116.07564077562714, 112.74960520516433, 105.64186587313381, 102.55409414269727], [15.84513535157719, 9.486123099151575, 0.0, 12.303276819119247, 9.521519689942462, 12.519271695261748, 17.78928059140164, 60.38203889897935, 66.41558474356201, 74.93295186377637, 82.94006366440084, 90.27695644241318, 83.37150629668007, 75.36963470839564, 66.8917171074918, 32.50599058501639, 27.676825708600873, 23.268095260591938, 20.356152697660256, 22.237505470723598, 16.220390766197248, 14.409421767334454, 17.771398234556617, 21.499065229210647, 28.22757889227686, 67.0406223493185, 74.55365889528804, 80.25210536592765, 88.13668571240215, 94.60971371577398, 92.79631685606826, 87.39017247316993, 81.11558023790829, 73.82609859848186, 68.15951137993704, 35.51663557677886, 38.17083203679302, 47.499724855897355, 48.090347773617644, 57.03652260482314, 64.71719462217519, 70.64502011062415, 73.19089041049762, 71.70337221004874, 59.1191401853232, 53.411764763289796, 51.426268388462965, 66.79089569083924, 64.03608954603801, 70.13039635614523, 74.52974049039584, 78.49825452677962, 83.58687165740372, 94.37643760097177, 94.74686415759368, 92.7416440050896, 88.5677690752, 84.87463792895, 78.38144022157047, 67.74741130982487, 69.27368369734779, 76.65884642781076, 84.54342506460061, 92.22653038534274, 88.61071070196297, 80.68410641571433, 75.65356655346301, 42.33448092034561, 43.313368045356874, 54.83241254307278, 68.22046205496979, 82.59481156952953, 94.27349059921481, 102.7544286911295, 113.71019451397191, 122.53719228304826, 129.44323563985645, 127.04679633700708, 119.90785288490869, 117.54589564918942, 111.42650952338968, 109.56006445649422], [26.251792137499038, 21.279702031967417, 12.303276819119247, 0.0, 10.50386656900939, 19.02597267512652, 24.790436750474775, 67.241076808546, 73.82171815863488, 82.6273548960679, 90.21445193546111, 96.1479141563509, 89.74454178860476, 82.02421967527364, 73.57342213590458, 44.45422444941163, 39.52115478050485, 34.23508165090468, 28.676521487200954, 24.82297971047249, 19.693948487290502, 24.184061022431305, 29.402479431826478, 33.59266313713296, 39.91815546763735, 76.95502197511955, 84.07247173432573, 89.41300657104878, 96.46276791256165, 102.00166071026317, 100.26338878675658, 95.63969890853669, 89.94965479903449, 82.79817009283511, 77.4499521849769, 45.612567727949845, 46.51244015548036, 54.636701904188364, 51.14412741175861, 59.30861774753092, 68.10890131751515, 74.60035146047228, 76.80457052656254, 76.11876125028445, 66.47164315462955, 61.49726483311512, 60.698224107732216, 62.90886572682628, 63.28099493361062, 71.67483909775233, 76.53515671808971, 81.06918586614088, 85.89413597176089, 95.60113749670171, 95.27553437036659, 92.73678664985535, 87.97047395170217, 83.49930034481797, 75.83417246513106, 64.45750726439002, 68.84249574500173, 77.74310504706303, 86.17178709277746, 93.3430234795528, 89.15485440363756, 80.42875661698766, 74.01357602947758, 39.63770438999486, 33.19873791905013, 42.794464320381365, 56.80582291271141, 71.99035928151504, 85.50878043308894, 95.49964364039283, 110.93028575360086, 120.94483083484559, 128.07040250568843, 126.78462744136986, 120.74233041476764, 119.74242561520683, 115.2461160583551, 115.60848132331512], [19.704942698711534, 15.699779991874887, 9.521519689942462, 10.50386656900939, 0.0, 9.590065879401033, 16.486601865916366, 60.23468738572656, 67.04411338996061, 75.90436368781235, 83.68979827830502, 90.03257507429132, 82.91602285152955, 74.8814863009277, 66.47238611974599, 38.77856960785622, 35.629471392490906, 32.26201007574669, 29.79645454336326, 30.31101471481851, 24.277011527760187, 23.72473297842237, 26.37592154267172, 28.722244270392697, 33.51096143453515, 70.19227380836128, 77.52217863333132, 83.24147899539247, 90.73156979859935, 96.79201937674566, 94.5113391397168, 89.46429167262026, 83.48463825882281, 76.03551042417541, 70.55124391862421, 37.56785588059513, 37.05283979516451, 44.37262786349063, 41.64803760795931, 50.1937089450777, 58.5687054786196, 65.07883855975741, 67.87528918088411, 67.53962270775722, 56.96909455452247, 52.65150515173306, 52.89100334868346, 57.54477416553643, 55.659097754732436, 62.893001599629436, 67.64412111391674, 72.1335543486943, 77.33417825703047, 88.07881975254034, 87.62663510320984, 85.12746910531074, 80.54843509704206, 76.43856077829511, 69.49682275136699, 58.675615701032804, 61.136968808650224, 69.34937034417862, 77.94177150116708, 85.77719982493903, 81.5353980595122, 72.8596699003663, 67.16311606736899, 48.40813397562775, 43.346314335240386, 49.85084522966812, 61.421046192503866, 74.4985650080469, 85.24421143073326, 93.5409295436408, 105.0157732679225, 115.37250529317522, 123.35505675430939, 122.24910658897588, 116.49590211531077, 115.52055925929143, 111.53343966003843, 112.01792173639993], [12.36026692286591, 11.675263483995, 12.519271695261748, 19.02597267512652, 9.590065879401033, 0.0, 7.378767110624174, 51.269140445754125, 58.011076275329785, 66.81935302852835, 74.72184394182857, 81.50528706703145, 74.07818496122832, 65.90897575571233, 57.514537749708175, 31.985280531686918, 31.1428274575553, 30.11961305833395, 30.74973435029091, 34.4237970957918, 28.616525929618163, 24.434035907957856, 24.011567930513284, 23.654208540051602, 26.024237012330758, 61.077693713758336, 68.42430730054467, 74.26784883540252, 81.93189505289463, 88.28005453128918, 85.76522102853521, 80.48352542238617, 74.37981413870457, 66.83424048761559, 61.320489118884915, 28.23546818335574, 27.62649305219702, 36.0913279609017, 35.88586081633725, 44.83757389226408, 52.4623411904416, 58.23106305744367, 60.708537737106674, 59.5898896041928, 47.87142045553884, 43.17335862041434, 43.42022818581396, 57.224565995742566, 52.84651001527694, 58.063989875679624, 62.25603351680646, 66.03452564551147, 71.09358746130096, 82.13745261632752, 82.50913874281409, 80.67897759526542, 76.78984463740558, 73.53926378842816, 67.77215393135985, 57.65774006964098, 57.709659028706426, 64.47851541169045, 72.12200225548521, 79.96934245052068, 76.38898146900233, 68.78224606915572, 64.4324863706756, 53.88444119225323, 50.74767939297561, 57.056452840305035, 67.38723874472045, 79.60593974538328, 88.41487954257542, 95.0847294520984, 102.7203105063357, 111.17168923015653, 118.72005432623995, 116.80393493895104, 110.43987877537819, 108.80033734935975, 104.38273756929013, 104.4159357508627], [9.671952245951069, 13.472012402132872, 17.78928059140164, 24.790436750474775, 16.486601865916366, 7.378767110624174, 0.0, 43.97378203972346, 50.686786850944905, 59.51707257564523, 67.38302955383169, 74.19525728441259, 66.82608830137012, 58.693612011062854, 50.269163308483954, 28.977909613568485, 30.2636225069464, 30.98115376432617, 33.29489939909796, 38.049353402923636, 32.80631243825776, 27.521627991540523, 25.34546216360272, 22.82658448268433, 22.5163404710708, 54.44236324204963, 61.58122201864064, 67.30070315490396, 74.75153158172006, 80.98873935357867, 78.43046923059265, 73.24925732618046, 67.2817203032266, 59.78193457960423, 54.388883188081714, 22.268411620568564, 22.099037298785554, 32.44232191926148, 34.02609236536161, 42.868447898712475, 49.94474073574011, 54.762384792622626, 56.300593415152825, 54.07178561762293, 42.227432467193395, 36.72986471452158, 36.6526545129082, 58.07716601986086, 52.48109812554238, 56.258079064105296, 59.84827199650087, 62.8068868399605, 67.35575654472697, 77.92264658468426, 79.30046600227335, 78.21569788232321, 75.0060315735731, 72.51220802920653, 67.62495343138234, 57.97781317613251, 56.637827566682574, 62.22275786675143, 68.59037841547696, 75.93531280748174, 73.14290279398486, 66.7651394981986, 63.47771252350121, 57.158307474593165, 54.514632721807395, 60.78826512510712, 70.41396146681164, 82.4429234684176, 90.30912508144031, 95.97834872901493, 101.52280558579186, 107.59307429113072, 114.21863119108563, 111.41104430202617, 104.35830531662222, 102.151792126014, 97.32608212621471, 97.28824020205978], [45.61470232609097, 53.002057400336646, 60.38203889897935, 67.241076808546, 60.23468738572656, 51.269140445754125, 43.97378203972346, 0.0, 8.26524372797911, 17.141215745737114, 24.043353892860917, 31.01621120431575, 23.079100404232072, 15.075202129422378, 6.655141702191623, 46.15127467923319, 55.20204948216605, 61.45920804979377, 68.17166087061945, 75.27697427643288, 71.93650168416232, 64.75872174154529, 58.942381985679866, 51.85899951862525, 42.82852103104669, 26.600613652447006, 28.670628762126636, 32.109608198976005, 36.19353024270352, 41.05801695174951, 36.9204354930013, 32.97630677431845, 29.307897622274055, 23.233012367079866, 21.428922667670182, 30.41459140430826, 30.343639428761243, 37.747726091536705, 46.781076658187686, 50.14906637345756, 50.661770510375035, 47.50225917156994, 42.03125448331673, 31.47903006955591, 25.342506703296458, 17.951423343286876, 17.640280035188248, 75.07933840140049, 64.40895675900015, 58.95691691354053, 57.8194800022511, 54.6375943534042, 54.62176274917801, 60.12936056630362, 68.09498760350043, 71.99960756110443, 73.62738332685882, 76.11335804009427, 77.251395621895, 72.43856964417766, 63.73396767460248, 60.664490436845995, 57.21187649594051, 59.824299998698166, 63.03242347222442, 65.87220386685306, 69.72224835260657, 91.45889690252241, 89.94352084830743, 93.9190222795113, 98.91785713142018, 107.86416363080437, 109.40487448450249, 108.83286828690512, 100.33398336998675, 91.61207589638923, 92.30896143594046, 83.76276836721368, 72.57331953978363, 66.24142645912309, 59.5828601833884, 60.2919758107009], [51.22685782784912, 58.59662376878443, 66.41558474356201, 73.82171815863488, 67.04411338996061, 58.011076275329785, 50.686786850944905, 8.26524372797911, 0.0, 9.122542663061655, 16.739964940213525, 26.121070270721297, 18.656000083791945, 11.836163821936692, 7.3420167996195715, 48.93050398577947, 58.34854956591478, 65.11208964798952, 72.34994613797046, 79.9327950448172, 76.99972947738034, 69.47699549674756, 63.267504609827185, 55.94415184668489, 46.59996895264517, 21.735783201990028, 21.846050545008197, 24.395568157146513, 28.010763970610512, 33.32922575416632, 29.105827385874704, 24.725712140794915, 21.25988152526182, 15.90717905157184, 15.707281138337626, 35.03956134837433, 36.68942835575209, 44.03705852912807, 54.43764283474784, 57.635343564461216, 57.36944719203262, 53.50670561576643, 47.810043372270506, 36.73189170951188, 30.395864035742328, 23.162668016602467, 20.07329852866367, 83.14887632603734, 72.16734940482817, 65.94819556295234, 64.38407903609681, 60.61705498765622, 60.157524914467054, 64.91037490508002, 73.6447123226206, 78.10280380761151, 80.26271351035027, 83.2097060034039, 84.86008346600164, 80.42234281711792, 71.24599093230019, 67.39343211166513, 62.97292478206072, 64.9130386903883, 68.92205808483074, 72.74327304220851, 77.20096899698109, 95.74915444463295, 95.93865872495773, 101.10127716049995, 106.48982400880323, 115.74653722781149, 117.30965069409193, 116.4542268111676, 106.71453027330399, 95.97899346042459, 95.29092497117081, 85.27743527203637, 72.68690147118465, 64.51089495972782, 55.43618528130738, 53.661176834643314], [59.55274402259942, 66.86992197363476, 74.93295186377637, 82.6273548960679, 75.90436368781235, 66.81935302852835, 59.51707257564523, 17.141215745737114, 9.122542663061655, 0.0, 8.622624623499854, 21.006138305109292, 14.602368629997018, 11.551148731492077, 13.592041047337814, 55.292911058235816, 64.94395233431746, 72.08303361678179, 79.71277890099886, 87.63932469154179, 84.96521141459651, 77.18871916842917, 70.70415008051985, 63.23675019974063, 53.71802571224537, 21.47808252235744, 18.152396893350943, 18.563030045695044, 20.300330394541856, 25.741680415121543, 20.835241842945187, 16.204917459335146, 14.14227548786365, 11.671574819619243, 15.093563531537045, 42.698894587231884, 44.803519063606444, 51.25070060287874, 62.37290818057354, 65.0165153233906, 63.78729330539502, 59.01915526134493, 52.920418929993396, 41.51476668671093, 36.31472094635802, 30.26783906686507, 26.774437794107634, 91.08321488573236, 79.66980717595851, 72.4313611413323, 70.28374446604465, 65.77729773614044, 64.69105280564953, 68.44120438152427, 77.97647299467515, 83.09400655154896, 85.94307036090598, 89.51882505596177, 91.93666924895055, 88.17593750346794, 78.29746817021018, 73.38090120326878, 67.70719085737899, 68.80041880770091, 73.72103508139789, 78.79497225205346, 84.09708852911409, 103.14636940487185, 104.31295452539715, 109.8699636672969, 115.12653218961202, 124.20226996690462, 125.21114698163143, 123.67186169390679, 111.90285754136279, 98.87902365277982, 96.86996585507296, 85.5227691933014, 71.86881781848756, 62.06762200711421, 51.26656548079518, 47.56870486925075], [67.73153218646401, 75.07005780566284, 82.94006366440084, 90.21445193546111, 83.68979827830502, 74.72184394182857, 67.38302955383169, 24.043353892860917, 16.739964940213525, 8.622624623499854, 0.0, 13.883645099839665, 10.558828450823276, 13.397368003784216, 19.104210314883733, 63.76890538058522, 73.33380977127501, 80.38976892342635, 87.85585385172143, 95.4724781368239, 92.92096757472045, 85.43048687767629, 79.07076906888145, 71.67411510124121, 62.23822843533689, 28.49660521684697, 23.229108363262522, 21.058288528144377, 18.07238613324079, 20.393224170953204, 14.526058286306025, 13.270510618022614, 15.924417662145983, 17.53523990971227, 22.501281406961002, 51.2256133784485, 52.83387399558378, 58.4820656592744, 68.7247945169925, 70.55383293717061, 68.85350866299497, 63.292074319852404, 56.20610147357627, 44.51026801825041, 42.66948029162549, 37.85410502847538, 35.34554522810252, 95.9252163325942, 84.67602228162765, 76.91358850659259, 74.22889945153818, 69.01036811878717, 66.93735296699744, 68.78219397706879, 79.2668674397363, 85.12305597823257, 88.67460317427002, 92.85562986289013, 95.94149163396195, 92.81479572611761, 82.73067557102223, 77.00251538256279, 69.83711162897174, 69.5303004075664, 75.45011118186744, 81.93901887416942, 87.9398459305492, 110.26036037956094, 110.77165250032456, 115.65156430412323, 120.15190127991752, 128.7405889202606, 128.9819673517745, 126.64258998414293, 113.43714264318157, 97.47012213716997, 93.77568491302569, 81.1600482361675, 66.63308775634789, 55.72459009608428, 44.510222762621176, 41.89062168317894], [75.85593330829869, 83.21436680073818, 90.27695644241318, 96.1479141563509, 90.03257507429132, 81.50528706703145, 74.19525728441259, 31.01621120431575, 26.121070270721297, 21.006138305109292, 13.883645099839665, 0.0, 10.307785288291221, 18.31797366665721, 25.248348027679274, 74.74177423811338, 83.90710252744677, 90.35344855638466, 96.98143036652402, 103.46013976459432, 100.83175610580439, 94.31258279740987, 88.57756860568007, 81.51893096650457, 72.46136464169257, 42.054367186359414, 36.97732503578057, 34.12286486651068, 28.044762337921068, 24.44755442271165, 19.603722899967593, 24.198284427795475, 29.252368681695998, 31.311914449163563, 35.89870088257486, 60.904790921048104, 60.89167881926993, 65.529766758474, 72.75589274185276, 73.2433478851626, 71.61271334860001, 65.36756140961475, 56.50498976748261, 44.792887077651905, 49.41270826974852, 46.19238602417125, 46.000404827349456, 95.85402540885889, 85.69228064018067, 78.04551731070448, 74.8338447987468, 68.90325952715054, 65.22369897817495, 63.51105790368265, 75.23874403961933, 82.00894536152003, 86.35519887556579, 91.166736078682, 94.87614760880784, 92.50216767533792, 82.92665365304286, 76.64501613914022, 67.50183663693812, 64.75554329339379, 71.91872963952791, 80.22662359062481, 86.79418156836368, 117.01383908578309, 114.53010660246562, 117.00849385711908, 119.66243108920379, 127.09013061733116, 126.0397202162367, 122.5781708451282, 108.59252112244624, 88.40946742197472, 82.30640132511064, 68.38025939970188, 53.14308172334693, 42.032410158339154, 33.90109172801962, 39.759893629391165], [68.67121674290688, 76.06184958477998, 83.37150629668007, 89.74454178860476, 82.91602285152955, 74.07818496122832, 66.82608830137012, 23.079100404232072, 18.656000083791945, 14.602368629997018, 10.558828450823276, 10.307785288291221, 0.0, 8.635490838080601, 16.67800233486088, 67.46262513781026, 76.95117605427818, 83.64481803711631, 90.6394448758004, 97.69640797447367, 94.65754055396924, 87.56451983328061, 81.57309998445201, 74.3168527915092, 64.975110961327, 35.787366848803295, 32.03555631583322, 31.08820186071903, 28.510976688193498, 28.968658530381568, 23.093618553040557, 23.62503466836644, 25.834605884035856, 25.662082919683918, 29.329026055375895, 52.71116802178245, 51.87736930645673, 55.75212753016037, 63.86611230019009, 64.52145920061696, 62.520317379282154, 56.36484082768408, 48.221406994484575, 36.446095841563256, 39.320939267643276, 36.56844605587831, 37.514941052117706, 88.91637758046798, 77.79455021316087, 69.6614192978304, 66.56036693341095, 60.861852792981544, 57.99780288531611, 58.65272517422546, 69.5306955920002, 75.75652282574947, 79.71498385887293, 84.30334625681103, 87.95382038265936, 85.57488981204601, 75.24350477086591, 68.89449214382994, 60.68536755093495, 59.54700835135381, 65.92614953057485, 73.30702611539017, 79.85040849430624, 112.70241882212939, 110.42790565088468, 112.7668767060314, 115.653090352469, 122.82784079148146, 121.55676944773454, 118.2309792851859, 103.65246876548751, 86.98655054987913, 83.78487982101483, 72.01224879517257, 58.8762091373224, 50.03859044698215, 43.928449016738085, 47.87157382980899], [60.58553900150249, 67.96692965449925, 75.36963470839564, 82.02421967527364, 74.8814863009277, 65.90897575571233, 58.693612011062854, 15.075202129422378, 11.836163821936692, 11.551148731492077, 13.397368003784216, 18.31797366665721, 8.635490838080601, 0.0, 8.493066607743224, 59.69886623074407, 69.21871243423278, 75.9089388992792, 82.97475020433359, 90.25137481853585, 86.98996931736103, 79.66810558061498, 73.62392475870448, 66.33780876526275, 56.958015950862766, 30.803158174527933, 28.951252204275693, 29.9284397134002, 30.465387713407015, 33.408323034711145, 27.814268471523764, 25.73742841012711, 25.12632889214431, 22.308504721271056, 24.317890471405327, 44.365941052698645, 43.255154971669455, 47.44133671870767, 56.183434544058784, 57.49186367863855, 55.87768583060487, 50.395217183492555, 43.101669617497876, 31.35181476998051, 31.394484737567154, 27.995173767496212, 29.41347883282561, 82.82552815781335, 71.3913476163791, 63.63456044058138, 61.02162184894861, 55.98393550171772, 54.143664243445784, 56.99981200682143, 66.84360322097105, 72.29692797160409, 75.54204295541119, 79.54885042735054, 82.58996615579406, 79.64031841752099, 69.34567518138412, 63.70757976781968, 56.99290473610857, 57.44737986246254, 62.73885087259943, 68.6687831832875, 74.58806967001715, 106.04171447893772, 103.9945834584898, 106.62035673514035, 110.05502382875854, 117.53127903383377, 116.8267772747639, 114.19979564502339, 100.87139621564644, 87.48328326198462, 86.30225941474303, 76.09544029316007, 64.12431977442259, 56.61915029761774, 50.82883410437482, 53.44014295709048], [52.17415818443704, 59.55485798040133, 66.8917171074918, 73.57342213590458, 66.47238611974599, 57.514537749708175, 50.269163308483954, 6.655141702191623, 7.3420167996195715, 13.592041047337814, 19.104210314883733, 25.248348027679274, 16.67800233486088, 8.493066607743224, 0.0, 52.242326832549445, 61.514026533213524, 67.94791517498662, 74.78752780643188, 81.92533624147151, 78.5834076177744, 71.37327751884952, 65.48189764490134, 58.31737893848475, 49.1290020715501, 28.17447304032145, 28.513579376046582, 30.981266905743624, 33.62717033979725, 37.709418267008786, 32.91481638581424, 29.700664113805285, 27.2095381194718, 22.276159465644746, 22.148523274930202, 36.51283076725671, 35.64565074880769, 41.29957840871467, 50.07109012463268, 52.39332876180296, 51.90715440386725, 47.6177956571876, 41.17429680987636, 29.837974981643967, 26.810470416324033, 21.508561294347956, 22.57286124837813, 77.58525114165602, 66.5209447686057, 59.95841712312668, 58.12183009406198, 54.05994976431352, 53.20341033303114, 57.58397068755793, 66.41209056590768, 71.0223083772803, 73.38426055526189, 76.57708394726231, 78.60577778044986, 74.6675478144177, 65.17272145847734, 60.8871062575391, 55.91513850757365, 57.594465285145496, 61.73132655563045, 65.98825436429235, 70.81937283603195, 97.93626661246401, 95.95032490199411, 99.0940454736052, 103.25109403009849, 111.42874921302369, 111.84539159646732, 110.28626118619384, 99.55736558820692, 88.81757086333862, 88.80352775927108, 79.64045636263688, 68.2221937656532, 61.5633630353133, 55.53316556522605, 57.36458148112401], [20.587796543416566, 23.43745343793273, 32.50599058501639, 44.45422444941163, 38.77856960785622, 31.985280531686918, 28.977909613568485, 46.15127467923319, 48.93050398577947, 55.292911058235816, 63.76890538058522, 74.74177423811338, 67.46262513781026, 59.69886623074407, 52.242326832549445, 0.0, 10.443836795034759, 18.874743193191076, 28.72959041252424, 40.222759446523476, 37.59647263301049, 26.88655346956537, 18.87547198620273, 11.590920720570388, 6.670773375425821, 40.38105594653003, 48.49273154811576, 54.71682200200429, 64.53701332625828, 73.28096110761871, 71.66496433316733, 64.38069370396313, 56.825497919980194, 49.892645823155405, 43.77062101175428, 18.723127926374804, 29.955127347032896, 42.11278063480875, 54.21490428118324, 62.90449370615236, 66.50654291094875, 69.23718711940116, 71.00226887760228, 66.20170864307757, 47.454178346341415, 38.97953845497541, 31.043228860704986, 84.84296309015123, 76.15635249002614, 75.86431408690878, 78.17715881705516, 79.55831009934322, 84.0494104731675, 95.5017339635915, 98.64018157207754, 98.76915618391065, 96.81615306082212, 95.65714716174774, 92.55756914834583, 84.29877186874162, 79.56811861528563, 82.10695760476163, 86.59577185629888, 93.98731478431614, 92.8508336333092, 88.58778566836767, 87.60816545823506, 60.53338549618454, 71.28768907451094, 85.21205981889798, 97.5075225935671, 110.92999501519246, 119.24667637650366, 124.35321776700513, 125.36860114537748, 128.41971354016306, 133.09658478744362, 127.0649137857442, 116.61844903898832, 110.21751712497726, 99.25149307118042, 90.8380274223392], [20.792035748084434, 20.28547868415934, 27.676825708600873, 39.52115478050485, 35.629471392490906, 31.1428274575553, 30.2636225069464, 55.20204948216605, 58.34854956591478, 64.94395233431746, 73.33380977127501, 83.90710252744677, 76.95117605427818, 69.21871243423278, 61.514026533213524, 10.443836795034759, 0.0, 8.759572644382887, 19.052141973188025, 31.17753402798945, 29.08371523051918, 18.33352160164582, 10.774157054575085, 7.557637772827564, 13.27594249778621, 50.26615116402104, 58.19611387244427, 64.13454345370255, 73.66779302226486, 82.05859594787177, 80.84823593959192, 73.85099214122624, 66.4854672391216, 59.7514300634191, 53.73062192007886, 27.311511486943996, 37.279119330108244, 48.99830678966763, 58.991571655376845, 68.08431444683737, 72.6729527198206, 76.36610457023349, 78.60690302414653, 74.49918846254484, 56.41206825611121, 48.318457338334234, 41.010829018615276, 87.11691056831275, 79.94130456116005, 81.3260939571426, 84.27298128641381, 86.41572914749074, 91.24508447478382, 102.79742893153505, 105.26416574589663, 104.79058237624376, 102.17695105663704, 100.25272302718206, 96.11889058400118, 87.0831940533932, 84.0276626424222, 87.91888664327645, 93.48868187754327, 101.11871097451511, 99.3418613891709, 93.97719897655449, 91.83899204397383, 51.77484165398976, 65.02223252645263, 81.08758035104506, 94.854803170296, 109.30727077970452, 119.4190205107494, 125.94352061381363, 130.12598595509837, 134.82736101166583, 139.8152140894504, 134.26190402947026, 124.03132330527939, 117.97384432127824, 106.89940866914652, 98.36795545799569], [21.81247159849177, 18.52217235572939, 23.268095260591938, 34.23508165090468, 32.26201007574669, 30.11961305833395, 30.98115376432617, 61.45920804979377, 65.11208964798952, 72.08303361678179, 80.38976892342635, 90.35344855638466, 83.64481803711631, 75.9089388992792, 67.94791517498662, 18.874743193191076, 8.759572644382887, 0.0, 10.400404176097384, 22.801477685229457, 21.045627574059512, 10.905320045624565, 6.284984551780298, 10.73688342936911, 20.029786283056417, 58.36398202685541, 66.15092545246577, 71.88037809426464, 81.00945703301664, 88.91839299748733, 87.91433046500984, 81.3067336031541, 74.19836216084835, 67.50296069961996, 61.56815212643364, 33.75582601237809, 42.54518928105363, 53.95734980161111, 61.74078696224509, 70.99832285212837, 76.49946427210268, 80.92835679134308, 83.35362592305272, 79.80755781648264, 62.73650404517925, 54.94282776505579, 48.35762953193907, 87.13094927041661, 81.4618801971469, 84.36122396373446, 87.8090378839629, 90.54519722973725, 95.5309632154256, 106.93183520728002, 108.85891115811131, 107.90965299666551, 104.76285766371498, 102.20777446455385, 97.19445184231895, 87.51584784409215, 86.03507307084209, 91.08733225564508, 97.4420205149033, 105.12221593164858, 102.8296405018944, 96.61603319837319, 93.48328879749569, 43.80764650889575, 58.16501007503982, 75.60395672977236, 90.39933557961324, 105.615798757497, 117.1823367374768, 124.87025210231513, 131.9335360222632, 137.87536944862978, 143.10302491305586, 138.09130431746433, 128.2397373182335, 122.73935415138077, 112.05778555848089, 104.20407632100853], [25.515787286725487, 20.11158336378511, 20.356152697660256, 28.676521487200954, 29.79645454336326, 30.74973435029091, 33.29489939909796, 68.17166087061945, 72.34994613797046, 79.71277890099886, 87.85585385172143, 96.98143036652402, 90.6394448758004, 82.97475020433359, 74.78752780643188, 28.72959041252424, 19.052141973188025, 10.400404176097384, 0.0, 12.579976832903832, 11.646406407510694, 6.7863114335218215, 11.603856852390798, 18.933679048686994, 28.70363955347284, 67.36163156592103, 74.93305618557378, 80.38747795033696, 88.94246462266408, 96.18511520724168, 95.4007816671937, 89.33444941801028, 82.59819045820825, 75.96432675225702, 70.17483429932953, 41.4975717051817, 49.05882323825684, 60.16727090128554, 65.30740925398776, 74.54771226546544, 81.05625833364743, 86.15435018361264, 88.54386246769893, 85.50815504790638, 69.92826960073404, 62.40527302028698, 56.557777562426594, 87.01204466905435, 83.27652380417267, 87.89190610362047, 91.82316354222188, 95.11561228988614, 100.11457908045652, 111.056300777899, 112.4870027847447, 111.0887115233123, 107.41255179178172, 104.2015164703655, 98.22639691341277, 87.8543658295501, 88.28571753298694, 94.58511042318315, 101.6017357817862, 109.13252882263647, 106.3603130229615, 99.36351801052228, 95.14663973361868, 34.16419351109987, 49.34224093724657, 68.4186849125884, 84.3704552937454, 100.52339573415443, 113.84133336221915, 122.8695609744386, 133.42243286505897, 140.4109058176039, 145.71814059004183, 141.2876614526684, 131.8866002939474, 127.08066038313419, 116.98730125863688, 110.19701293622502], [32.391984786940874, 26.46239018810468, 22.237505470723598, 24.82297971047249, 30.31101471481851, 34.4237970957918, 38.049353402923636, 75.27697427643288, 79.9327950448172, 87.63932469154179, 95.4724781368239, 103.46013976459432, 97.69640797447367, 90.25137481853585, 81.92533624147151, 40.222759446523476, 31.17753402798945, 22.801477685229457, 12.579976832903832, 0.0, 6.378107068870589, 15.458515870611318, 22.800648865550954, 29.934521291680916, 39.25701363926831, 77.1480223630662, 84.36117697220371, 89.41239643228964, 97.14175982123912, 103.45863794762509, 102.94659356448076, 97.63630700217736, 91.44771027938694, 84.96318168297432, 79.43007685171764, 50.72475773862273, 57.1283086015259, 68.02951717147327, 70.24494387969892, 79.21000137420431, 86.75775627329483, 92.34390585524548, 94.34771611183565, 91.66907092370984, 78.1622084914716, 70.83700803564253, 65.68143072038797, 87.24547662594031, 85.90254205787468, 92.33648870293773, 96.6627201586085, 100.38067385495432, 105.15387574554008, 115.16126722390145, 116.24728883768348, 114.50998578752572, 110.38267121572285, 106.56179415067855, 99.61183915046962, 88.54477753398452, 91.20358564895447, 98.73212624124832, 106.11722601435943, 113.16910997174176, 110.04846654651223, 102.48774166225587, 97.17752408486048, 22.736130144165013, 38.05446146006766, 59.3920288730891, 76.66993549460061, 94.05010348014923, 109.4944974330407, 120.02500611094648, 134.72710989731272, 142.23024671274848, 147.26671515926347, 143.36709575612696, 134.43486641519607, 130.4317192295704, 121.09836577599557, 115.7865312996778], [27.755795873982574, 21.27661234623656, 16.220390766197248, 19.693948487290502, 24.277011527760187, 28.616525929618163, 32.80631243825776, 71.93650168416232, 76.99972947738034, 84.96521141459651, 92.92096757472045, 100.83175610580439, 94.65754055396924, 86.98996931736103, 78.5834076177744, 37.59647263301049, 29.08371523051918, 21.045627574059512, 11.646406407510694, 6.378107068870589, 0.0, 11.485300474541408, 19.39702652410485, 26.557813608326928, 35.861017034722444, 74.91968063084848, 82.32940623494372, 87.65278536136117, 95.56687925705387, 102.04574391587441, 101.13517435835145, 95.69895829460664, 89.3890479221165, 82.61221146778506, 76.96536894534793, 46.72296225480301, 52.18520337406596, 62.503673261627235, 64.27931369517809, 73.25170963085054, 80.83301182857788, 86.63403718474895, 88.97533346601182, 86.77407826997005, 73.33273146720177, 66.51584734597483, 62.2206862822452, 81.47493300066465, 79.86432479559424, 86.32819293835139, 90.748324810764, 94.64944181851529, 99.61876963801885, 110.00293305489554, 110.72394217979861, 108.79108667754767, 104.55065979963517, 100.6584872155126, 93.72994612879323, 82.76266025605874, 85.2439181861545, 92.85401852988466, 100.58054481683439, 107.93632010474408, 104.5543639008571, 96.70424654524356, 91.34627382436862, 28.100728696320065, 38.641736633803056, 57.44493938966337, 73.90421272954161, 90.48985559565949, 105.05174500339852, 115.17940594772263, 129.07166353604023, 137.41910187090596, 143.1958023954463, 139.86893273014505, 131.54379831045173, 128.06667144721575, 119.67741303892703, 115.28268863466249], [20.37656933304792, 14.146086855223142, 14.409421767334454, 24.184061022431305, 23.72473297842237, 24.434035907957856, 27.521627991540523, 64.75872174154529, 69.47699549674756, 77.18871916842917, 85.43048687767629, 94.31258279740987, 87.56451983328061, 79.66810558061498, 71.37327751884952, 26.88655346956537, 18.33352160164582, 10.905320045624565, 6.7863114335218215, 15.458515870611318, 11.485300474541408, 0.0, 8.125612209038895, 15.744559147689525, 25.549257742181197, 65.67588413464071, 73.42423584198394, 79.14390402966208, 87.78144800995915, 95.06981361206635, 93.84475956634651, 87.74484086853614, 80.9524889731917, 73.98931676379793, 68.10393282020266, 37.44548133405324, 43.790068584182926, 54.301791393470445, 58.827932602767625, 68.07258322566733, 74.68112357997076, 80.02945546308241, 82.7324991191908, 80.23158005921579, 64.89503770629335, 57.95917543265991, 53.22700805131339, 80.60534507999904, 76.6637060940379, 81.36878334559351, 85.41001127848723, 88.90739936163685, 94.08609920726394, 105.3425964177741, 106.38158173295966, 104.77441120834645, 100.9715941558696, 97.67545166656053, 91.7035979040291, 81.43072475340757, 81.74115395275453, 88.16501597549157, 95.53442375889576, 103.33795325965713, 100.28042383473647, 92.97802162857496, 88.68245055382394, 38.07526551134039, 49.05710720058762, 65.71254120229207, 80.75917493962935, 96.09020045009636, 108.53053999799431, 117.1596698150874, 127.05019275663687, 134.87434041224637, 140.92217151139147, 137.14856825292023, 128.4609071458293, 124.3267760696579, 115.4091690565963, 109.90423450734303], [16.66317932902779, 12.57328392891169, 17.771398234556617, 29.402479431826478, 26.37592154267172, 24.011567930513284, 25.34546216360272, 58.942381985679866, 63.267504609827185, 70.70415008051985, 79.07076906888145, 88.57756860568007, 81.57309998445201, 73.62392475870448, 65.48189764490134, 18.87547198620273, 10.774157054575085, 6.284984551780298, 11.603856852390798, 22.800648865550954, 19.39702652410485, 8.125612209038895, 0.0, 7.921216290848774, 17.961177181618638, 58.25348641422376, 66.15225871607797, 72.06347785800462, 81.09202538406224, 88.84534318987912, 87.46431068655498, 80.98475628844251, 73.93492727579712, 66.9209879192302, 60.92985769904161, 30.7122120337148, 38.179799539643184, 49.187911588021166, 55.97424672390592, 65.2556816017728, 71.05733116278616, 75.81031570542923, 78.4433741147409, 75.42872765980847, 58.90037568081274, 51.643162923502224, 46.28856222668528, 80.90108247184592, 75.36028217744378, 78.6181333854884, 82.23563155282993, 85.22800405523651, 90.34502214852948, 101.892326461993, 103.4256095497116, 102.24215762591703, 98.91179084866793, 96.19168466006504, 91.03497746365157, 81.32200374778218, 80.03858260188585, 85.40083146233007, 92.1355362934464, 99.99388498298045, 97.3873810526709, 90.80885783288987, 87.44267141855072, 44.87943085779708, 55.87767403235208, 71.48668909351606, 85.61642534917058, 100.26518552799519, 111.32553301083695, 118.85290724476246, 125.93568386503918, 132.67203742271772, 138.5219876331853, 134.1916141286323, 125.06667302674698, 120.33566105909966, 110.90257337344045, 104.59211934143958], [13.495699544500651, 13.203508177289889, 21.499065229210647, 33.59266313713296, 28.722244270392697, 23.654208540051602, 22.82658448268433, 51.85899951862525, 55.94415184668489, 63.23675019974063, 71.67411510124121, 81.51893096650457, 74.3168527915092, 66.33780876526275, 58.31737893848475, 11.590920720570388, 7.557637772827564, 10.73688342936911, 18.933679048686994, 29.934521291680916, 26.557813608326928, 15.744559147689525, 7.921216290848774, 0.0, 10.05910562077494, 50.56324048136693, 58.54582867200205, 64.60359757102665, 73.81835055383704, 81.82351040192495, 80.22709260390378, 73.54563371720066, 66.37185051758058, 59.264223173166776, 53.21756206014568, 23.265776157381556, 31.845540681997377, 43.57939701691994, 52.2025148361377, 61.3623971953705, 66.46773628176861, 70.53131246907373, 72.82062618318496, 69.21683506920168, 52.020424112419484, 44.38176765633874, 38.56262645087519, 79.63284934388376, 72.77087083691374, 74.70169236709557, 77.85398029950508, 80.2712758959753, 85.16416455007166, 96.69654357400722, 98.80255247219928, 98.10450250834819, 95.286251227414, 93.16697971015346, 88.81002165676475, 79.63421025682405, 76.95804443779215, 81.28455843741122, 87.21063825457497, 94.92152740420127, 92.82439361224311, 87.08786532729314, 84.63206969351792, 51.3686402670575, 61.060146688057095, 75.25284495079742, 88.31278655721567, 102.27373155917977, 111.97546980125061, 118.39978805568776, 122.96986453522145, 128.3251016099375, 133.8514915741816, 129.02620323632368, 119.58352196273786, 114.45563429492628, 104.8632165395884, 98.37037602992903], [14.731243439715909, 18.79002968218829, 28.22757889227686, 39.91815546763735, 33.51096143453515, 26.024237012330758, 22.5163404710708, 42.82852103104669, 46.59996895264517, 53.71802571224537, 62.23822843533689, 72.46136464169257, 64.975110961327, 56.958015950862766, 49.1290020715501, 6.670773375425821, 13.27594249778621, 20.029786283056417, 28.70363955347284, 39.25701363926831, 35.861017034722444, 25.549257742181197, 17.961177181618638, 10.05910562077494, 0.0, 41.04375060587551, 49.12193113872063, 55.38945436204833, 64.79110173879226, 73.07578804471666, 71.12394523945129, 64.21420228227433, 56.909940241692446, 49.63283270125079, 43.52003804796413, 14.049501311209093, 24.528444505499447, 37.18572606363659, 48.160361213893125, 56.92350136379064, 61.0148003643241, 64.0342402410607, 65.7368840573737, 61.29263544851666, 43.36953947999225, 35.1529062796182, 28.663546764526977, 78.32028053918062, 69.87971738203542, 70.02893526216795, 72.50054549627535, 74.0839254878588, 78.58948102931971, 89.96635402924866, 92.85698785826749, 92.8318731916555, 90.72720910698094, 89.42876464970085, 86.15831764001317, 77.77397568984746, 73.33597002336381, 76.22470252165, 80.95394615320185, 88.3716942529326, 86.9925245086153, 82.46413399550583, 81.24323777817013, 59.91579055159814, 67.82672122184265, 80.13990130583393, 91.76114960045496, 104.75763087359647, 112.7040192295487, 117.69563570099227, 119.064985637829, 122.52905131669662, 127.60473160916506, 122.17241359462048, 112.38723924314304, 106.81726089476713, 97.19056584971656, 90.71668174241182], [51.338738188738326, 57.90958849259366, 67.0406223493185, 76.95502197511955, 70.19227380836128, 61.077693713758336, 54.44236324204963, 26.600613652447006, 21.735783201990028, 21.47808252235744, 28.49660521684697, 42.054367186359414, 35.787366848803295, 30.803158174527933, 28.17447304032145, 40.38105594653003, 50.26615116402104, 58.36398202685541, 67.36163156592103, 77.1480223630662, 74.91968063084848, 65.67588413464071, 58.25348641422376, 50.56324048136693, 41.04375060587551, 0.0, 8.427142496524016, 15.470153068478703, 26.35884463316501, 36.737164938061944, 34.194497782965286, 25.519687179804556, 17.24211388417015, 11.20094190005421, 6.521977892272941, 33.56449454418583, 40.284792294694704, 48.90749072163498, 64.07578169312458, 69.02162991556607, 68.28763920399676, 65.46709784531588, 62.72544794170464, 53.202227268432694, 38.6138492663053, 30.08095304848068, 19.938922740038166, 96.87661916977846, 84.91478905183246, 78.5691335244