{
	"dissimilarities": [[0.0, 7.3308124940193355, 15.776186589762931, 27.346098388055317, 18.66082489836677, 11.522590262098666, 8.655451844667903, 44.24780913197304, 50.12024424919044, 58.47443456984906, 66.68656368218319, 74.50533719027406, 67.15669113069013, 59.13912662811118, 50.70944542062189, 17.994375131996698, 16.936582837631622, 19.595288653642257, 25.156991293527945, 30.28356148722394, 28.866664588835356, 20.31978622075158, 15.004513615121882, 10.862232000210687, 11.450582927367018, 50.56331471882065, 57.53329291479682, 62.94689786744376, 71.56718176605872, 78.55595977888974, 76.57779903020287, 70.6990655521165, 63.77514599316472, 56.593726093112735, 50.52338874397244, 21.810380249590956, 24.708037535474343, 36.27665381746322, 39.913059323276606, 50.16543651362975, 56.49736824030968, 60.963564298775076, 62.58664916531369, 58.79138990476519, 45.405185765211286, 38.709252693585974, 35.24331036179431, 65.07129181930546, 62.844186354328755, 64.56375250831944, 67.86198469773758, 70.40771101003351, 74.23340049152758, 83.29163135774132, 83.36477857824958, 83.33029243117535, 80.2241216855547, 76.8855396153084, 72.15483306889128, 65.25162680875033, 67.53989262981624, 70.9562595058383, 74.62034297636013, 81.44269934557433, 75.42945440840892, 71.76780413328142, 68.46317385932441, 53.420844643287815, 57.95905134073999, 67.8842692862746, 75.71695886338088, 90.62288194822779, 100.50835490424353, 103.4351649883701, 107.5727744635821, 116.56050361433327, 119.64177579686091, 117.70410386662368, 110.10499505049661, 106.50921388404386, 99.00604256448636, 96.43657499823506], [7.3308124940193355, 0.0, 9.000589502556258, 21.69987675214977, 13.363908817352844, 9.608876800372718, 11.21459150152644, 51.51440289867789, 57.44548532611454, 65.80312360633025, 74.01653539831419, 81.75938275705947, 74.43143085579526, 66.38680175248398, 57.94975112998183, 21.677259100553904, 17.057778547706203, 16.56467478871864, 20.10462750262588, 24.468131680202863, 22.682380257029664, 14.267273013984905, 10.740857365320235, 10.919163952113596, 16.49152063611688, 57.520798353087585, 64.5488792346809, 70.05349598521991, 78.73577845939558, 85.73866304594108, 83.84841255158871, 77.95351358516737, 71.00564399869468, 63.815283654516456, 57.72253514316241, 28.34956529851633, 30.419581837972213, 40.516884105617265, 42.39066803570168, 52.935697370268784, 59.80837298769641, 65.09570132418058, 67.4558630120069, 64.50723278259791, 51.249632420231414, 45.20217635371477, 42.222585446453444, 65.74686117341099, 64.33144998242435, 67.22129639483626, 71.04199476385537, 74.28771400537207, 78.57275118053984, 88.08114356013954, 87.3992491176563, 86.68198518067015, 82.97290780083976, 78.98575940587953, 73.6371791579572, 66.28563307138867, 69.71278013561208, 73.98213598421425, 78.36634084995721, 86.07823813184855, 79.13383057964684, 74.75553084698774, 70.60298823746447, 48.866617231044614, 53.701302324855156, 64.3576528798551, 73.22632851521209, 88.4677082045411, 99.4185467135129, 103.37467001758229, 109.64069925670832, 120.5185337618999, 124.42259025829259, 123.1870467910549, 116.08062773090705, 112.95746078228838, 105.76727354151438, 103.23004785094972], [15.776186589762931, 9.000589502556258, 0.0, 13.235646429341562, 7.474127206934935, 11.688831547013535, 16.318614292705398, 59.16043145734899, 65.3225008840428, 73.80567657905847, 81.88656251229001, 89.03492319921982, 81.95691502763977, 73.97271374879615, 65.46257843784085, 30.105196321586693, 23.62078698670935, 19.7719324972362, 18.41792938459775, 19.19507571438261, 16.24922631952393, 12.277478803052768, 14.286200284944838, 18.47520238898153, 25.419702994402762, 66.2582284397855, 73.18353661059575, 78.54373224056938, 86.90655869221087, 93.52481028502108, 91.73642404865885, 86.15098598467854, 79.38313262422331, 72.2714364569597, 66.24322608338316, 37.197988375001394, 38.10037036949678, 46.915077749187034, 45.45205940284824, 56.20897938596669, 63.96065615265438, 70.00425987201449, 72.61243720940354, 70.45555868016038, 58.66681024653403, 53.26833182106641, 50.92378408553357, 65.59584748769066, 65.52559457954044, 70.10974425730448, 74.45728599360483, 78.36745722811052, 82.87390121149934, 92.29283594281966, 90.98123999583903, 89.5884354277216, 85.25018382318686, 80.61006312027521, 74.46716782711687, 66.59403174206433, 71.66207753849014, 76.98510732882329, 82.0201275458234, 90.1986820555369, 82.69811964988244, 77.65810506972923, 72.46360940614433, 43.431418225954594, 46.28008032760775, 57.1245617949158, 67.09641755405153, 82.8751271695084, 95.21500463642408, 100.6209430933423, 110.34881982637195, 122.66270511003984, 127.32252386188225, 126.83264538306099, 120.3683682087443, 118.03851312840253, 111.65383771142669, 110.00721763495034], [27.346098388055317, 21.69987675214977, 13.235646429341562, 0.0, 11.384232944513867, 20.318888212925057, 25.180456828150458, 67.62388849466953, 74.1016338774386, 82.73064501053557, 90.4457810433929, 96.33299845376015, 89.83288788027087, 82.09493928849126, 73.56751649892855, 42.997880848029816, 36.23468643901034, 30.986946556024925, 25.61228094640778, 20.614276123433317, 16.44064449720573, 21.52646663121066, 26.522403881625507, 31.46029684923273, 38.00213680595612, 77.1452027887411, 83.76538398563233, 88.6999333393668, 96.27935400885156, 102.01955711202093, 100.34315324084226, 95.47202055093746, 89.15296329785319, 82.26600721034826, 76.44448990645597, 48.84093260173046, 48.349838962263554, 56.06595850301512, 49.9033009970277, 60.54623990045085, 69.42172527353036, 76.01845031574953, 78.23840967457976, 76.82112461088313, 68.06151348794872, 63.35485989423407, 61.821618735109695, 64.78223675439298, 66.74032248519583, 73.5509522980729, 78.34486964685188, 82.7922674571236, 87.1588362684599, 95.70416967648754, 93.95652410929478, 91.93893870729119, 87.0061965355305, 81.7907424175843, 74.71555934102804, 66.34414624434184, 73.5951320098323, 80.11740024635768, 85.6241107827568, 93.62116708308172, 86.14716032796703, 80.60545016292926, 74.22724442314825, 39.056656277495556, 34.70172032347417, 44.370175319213644, 55.63543441181192, 72.37254769389182, 86.62250919952231, 94.11145169276685, 109.16748711443601, 122.1456771856928, 127.4417325638729, 127.77495326887909, 122.21973618866019, 121.15210147470289, 116.30929751354928, 116.69097628322079], [18.66082489836677, 13.363908817352844, 7.474127206934935, 11.384232944513867, 0.0, 9.563153790894198, 15.387026844544538, 59.29340734839015, 65.93759836541834, 74.59200381639472, 82.49160956526994, 88.97682855558396, 81.87211917202559, 73.798394138096, 65.34338479170368, 34.874791553588594, 29.826014546447517, 26.978188861002252, 25.703052823646065, 25.047594070054753, 21.439780157677315, 19.58501006601705, 21.159062144860652, 24.007232152593023, 29.25398394310372, 68.6295359697061, 75.53158321469766, 80.7109379685342, 88.89428233772398, 95.22068345073163, 93.0824084995603, 87.73511043929133, 81.04058918090456, 73.88827870964131, 67.89067057720322, 39.077875047913935, 37.60481737404249, 44.90196056909153, 40.408864924731816, 51.15821227594456, 59.50009857604664, 65.98648114120303, 68.71473428987609, 67.38684387994738, 57.35470539047749, 53.0168685357271, 52.35805301004771, 58.71980129138453, 59.219772285122865, 64.69006384948554, 69.30022102999979, 73.59184085526492, 78.21565035456791, 87.62781202057151, 85.78959780063389, 83.96962202707932, 79.30760162507366, 74.38498080700766, 67.9168412029966, 59.87202011624682, 65.66062232371398, 71.52532645112521, 76.91218753311027, 85.44320321065842, 77.52591421947804, 72.1284658650497, 66.40692989631975, 47.719682096331084, 45.6732511223138, 52.85378387245889, 61.29313067514007, 76.26647771718672, 88.07710437844659, 93.31407953916636, 103.6226806176121, 116.95946158552367, 122.43773767429995, 122.9602817178217, 117.49979210280809, 116.25255514173837, 111.60036378693584, 111.83820318565353], [11.522590262098666, 9.608876800372718, 11.688831547013535, 20.318888212925057, 9.563153790894198, 0.0, 6.347291723233306, 50.32757509036029, 56.99980114038792, 65.62957802500026, 73.59496317811758, 80.4201542472301, 73.02717103089988, 64.8244563916469, 56.42754430222727, 28.366637162558664, 25.966501940897256, 26.09713022010838, 28.436596482698313, 30.601390000898814, 27.771417220788823, 22.17302139587298, 20.065391816081164, 19.47535535371157, 21.891900872683625, 59.73661677573398, 66.7000530674218, 71.9162642546594, 80.3149676588377, 86.8921712965245, 84.49951965884668, 78.94912322817895, 72.11525481490854, 64.87249820241489, 58.832990724496895, 29.981641219317535, 28.11970783449227, 36.28144071872579, 34.23634800710089, 45.00416065156387, 52.67534298978668, 58.48897854398457, 60.9280763444478, 58.96357572725465, 48.04615732453309, 43.462668042209536, 43.049166282098525, 56.344746328557456, 55.34445422870756, 59.086966750875995, 63.18566682037765, 66.83494170090223, 71.24456894769541, 80.77261979281779, 79.51704945064787, 78.36864632170276, 74.34012433335172, 70.10658787395923, 64.46803980778138, 56.964229806884816, 60.9952271943745, 65.80623198993098, 70.55304738923418, 78.65699602854252, 71.25363389564531, 66.50805938520372, 61.836349128971406, 54.0096301167937, 53.320044988557996, 59.74937100511742, 66.5113391723909, 80.60823106337779, 90.56514193722043, 93.99410408397853, 100.36381662786707, 112.24918198984822, 117.09537321824992, 117.07741587487133, 111.20830443470547, 109.45587866444987, 104.55967429081804, 104.60128780207005], [8.655451844667903, 11.21459150152644, 16.318614292705398, 25.180456828150458, 15.387026844544538, 6.347291723233306, 0.0, 44.06965754604067, 50.71569946601634, 59.35786045559574, 67.30447183213532, 74.14101978732504, 66.78585137256826, 58.62686878887537, 50.194576165615615, 25.626735072123136, 25.25814934956591, 27.082766461192588, 30.871399371191295, 33.97573193913259, 31.592852286382126, 25.217779215198213, 21.638703305632824, 18.870459442924595, 18.545825280653432, 53.90985436953083, 60.758844909329255, 65.84635111504164, 74.10099306690893, 80.59438075672978, 78.1812754271453, 72.70310257337202, 65.94393998489095, 58.75208404681847, 52.76810300048382, 24.905741397529326, 23.48441921978327, 33.20816934731157, 32.821153839915326, 43.404851714831445, 50.61531280795195, 55.61912579058763, 57.250581752427955, 54.37352510724089, 43.43015961580041, 38.18634143440114, 37.34655888390944, 56.81229714040555, 55.058720274820075, 57.68268543929256, 61.26922719807074, 64.21575937827402, 68.14471533361308, 77.16675142489932, 76.71483002097683, 76.26471905139942, 72.82946383050566, 69.23561366215614, 64.174641631062, 57.08580646133173, 60.04364630558611, 64.03179813099592, 68.0553440527854, 75.21281523842868, 68.79605940259823, 64.76858150360404, 60.91543290726695, 56.63832893285848, 56.42028829121146, 62.890931378864714, 69.04028173208346, 83.05378263338227, 92.21766319270023, 94.83494541669118, 99.47257467436745, 109.36088547351274, 113.31687046211339, 112.51040152636624, 106.06442026767725, 103.80443043590725, 98.49147665214078, 98.43788882140082], [44.24780913197304, 51.51440289867789, 59.16043145734899, 67.62388849466953, 59.29340734839015, 50.32757509036029, 44.06965754604067, 0.0, 7.581927534967213, 16.080596497649363, 23.477495252360143, 30.922379403365113, 22.967106682850478, 14.931875476142205, 6.595683975627925, 43.575475623827145, 52.28010746122067, 59.320963770956126, 66.8818662549118, 72.43657286542535, 71.49807366420713, 63.72098331269795, 57.28942710155095, 50.009705777361, 40.685232978135055, 22.622945381215903, 25.79978288596565, 28.02427277527333, 34.081752558351695, 39.71531864508268, 35.9063108202212, 31.11891308273986, 25.46140566715049, 19.65619181338476, 16.218782681279816, 28.637588305193614, 29.64238064934809, 37.25543433047383, 46.82313806827835, 50.30317220408353, 50.964631262051654, 48.08317068939682, 42.92142453554827, 32.63491120761304, 27.003304430294175, 19.910372181897507, 17.796360274263137, 71.91617365961568, 65.85208101206928, 60.273449252984996, 59.26161353009723, 56.22264530387978, 55.566066010527585, 59.18120134720336, 65.06359098275287, 69.93098927990094, 71.45640244381052, 72.92772879511102, 72.86846844034568, 70.09452880679578, 65.28375747042512, 62.477545785261576, 60.261424659735866, 58.863801277153904, 61.17226613288513, 63.322581331070154, 66.16249038337125, 90.52415796212874, 91.58939773845545, 96.09728682794898, 97.747608276714, 108.91671375019003, 111.91073777020394, 108.58842088059575, 99.28017948086534, 94.98020316648514, 92.2675478434109, 85.7421259040789, 75.36156164597685, 68.86366588370129, 61.04737753962286, 61.15723110491656], [50.12024424919044, 57.44548532611454, 65.3225008840428, 74.1016338774386, 65.93759836541834, 56.99980114038792, 50.71569946601634, 7.581927534967213, 0.0, 8.743720461763688, 16.639026291477606, 25.659868917910416, 17.85563345823309, 11.075275789586234, 6.4699814306803844, 47.47662283502913, 56.540180106803916, 63.846745724864704, 71.70117581309486, 77.63498687438307, 76.99595390669536, 69.00622677510094, 62.390689001551735, 54.97293529514562, 45.522009867786004, 18.65188595466984, 19.917386759558045, 21.067945544369532, 26.575191853038614, 32.442494428838515, 28.568850710728146, 23.538719003978233, 18.08344098950543, 13.065096012011779, 11.510696433140703, 33.401597026856905, 35.88619979530095, 43.250952631844655, 54.040189724294684, 57.014176887962925, 56.897211915117744, 53.23801883288573, 47.6734240061341, 36.916647180627514, 31.47512505941333, 24.58149399944784, 20.719621758434325, 78.97938232442655, 72.64652395257598, 66.36865240240265, 64.90256005006106, 61.24651388438046, 60.05012058643174, 62.75952758989261, 69.46384013580449, 74.93735462308975, 77.04259316066003, 79.01471545212986, 79.44246488931854, 77.04470911892054, 71.63513047408705, 68.16321984427742, 65.27567203424447, 62.739889225509074, 66.19371138235415, 69.01570101268251, 72.50747015763001, 95.01095205903599, 97.38634406417998, 102.75073275225277, 104.6568447308011, 115.96510668543215, 118.79259151268106, 115.17696175730288, 104.6360694871193, 98.28620189981038, 94.21548344703771, 86.26640971698967, 74.71246831820147, 66.64043197635468, 56.75003139489446, 54.94979481197281], [58.47443456984906, 65.80312360633025, 73.80567657905847, 82.73064501053557, 74.59200381639472, 65.62957802500026, 59.35786045559574, 16.080596497649363, 8.743720461763688, 0.0, 8.468892294551516, 19.635715940766868, 12.328984486949198, 9.5301178712124, 12.254839164530964, 54.52065128020599, 63.85955978526829, 71.37708468941636, 79.46035232043351, 85.64452100895633, 85.17660347327632, 77.02583161157442, 70.26957807356162, 62.75367576635872, 53.227478757773916, 19.322805783252363, 17.265592122361372, 15.850480724814785, 19.388981250051923, 25.104931301230064, 20.562657014993977, 15.500132318262672, 11.240535128694631, 9.745516915276019, 12.741638939016088, 40.922248165189664, 43.69938593602245, 50.03706768938916, 61.54953336074784, 63.61681653701314, 62.50997252593907, 57.856826813584064, 51.73013869490243, 40.71182574147328, 36.66022040928764, 30.90299820325651, 27.269415164306587, 85.8490569115027, 79.13153240575815, 71.93047530909762, 69.84669197023511, 65.40740281399601, 63.50228086390426, 65.05958537884507, 72.66203564793963, 78.8513541500647, 81.70889452130713, 84.36966797612058, 85.50740218870587, 83.72599414309633, 77.44532409325228, 73.08601448647394, 69.32574501583223, 65.39096637730428, 70.23700415904686, 73.9312230718132, 78.29546316162327, 102.51424726958103, 105.5136085528256, 111.00364443591818, 112.6396136211699, 123.63258751662856, 125.77752959301336, 121.45348994996151, 108.84460281902739, 100.1524867741994, 94.69261238342948, 85.44260955684412, 72.99288903532833, 63.520220269894594, 52.22692012544973, 49.17680497731845], [66.68656368218319, 74.01653539831419, 81.88656251229001, 90.4457810433929, 82.49160956526994, 73.59496317811758, 67.30447183213532, 23.477495252360143, 16.639026291477606, 8.468892294551516, 0.0, 12.538331528783006, 7.6658734000781665, 11.788259752645597, 18.264374563149488, 62.945768791517395, 72.24533381153763, 79.69278152881839, 87.63478783055007, 93.64996369588333, 93.17263056135567, 85.27573212049387, 78.61724899012309, 71.15361478165723, 61.66451667790333, 26.15654115780068, 22.15479696794789, 18.302574316444424, 17.041562231428344, 20.010315911469288, 14.444222142773176, 12.181185930257897, 12.710147915174948, 15.762257854113322, 20.430216861650617, 49.35399282673201, 51.62493996351777, 57.04161633636061, 67.8307723539993, 69.04176989948509, 67.35984713327923, 61.8637969821327, 54.80668194232575, 43.695037260053205, 42.74249657505011, 38.247959872935304, 35.613463101133625, 90.73679460909878, 83.91843117921881, 76.19148844382339, 73.54039977639769, 68.36088777493272, 65.55515541351083, 65.3846232512042, 74.0064181964038, 80.91496702492437, 84.50917454108202, 87.87520500824738, 89.62659170470776, 88.45445495891313, 81.59167099870588, 76.52548385423681, 71.87013770699552, 66.13589852147001, 72.72590956126686, 77.30866222540324, 82.37895208249259, 109.83153057109276, 112.20718235177813, 117.04024269059231, 117.96851380225202, 128.41246210365048, 129.6722492616359, 124.61904389014433, 110.47811876661319, 98.86924927363262, 91.88615602155599, 81.34152629402872, 68.15134407035345, 57.660415659948846, 46.033719440444266, 43.965273334535205], [74.50533719027406, 81.75938275705947, 89.03492319921982, 96.33299845376015, 88.97682855558396, 80.4201542472301, 74.14101978732504, 30.922379403365113, 25.659868917910416, 19.635715940766868, 12.538331528783006, 0.0, 9.368060651150591, 17.621260224190493, 24.734691029803948, 72.96476151210105, 81.76601254869871, 88.70239660317928, 95.89840749003478, 101.06999805325185, 100.34307309064424, 93.42426603788485, 87.2711239961199, 80.12999213334005, 70.90471202365606, 38.381120348950844, 34.379402322769735, 29.94281792710421, 25.093159250621817, 22.365362429154125, 17.569089199578702, 21.149521632997494, 24.632300342390845, 28.11200677295225, 32.30795945280242, 58.96725579056184, 59.899891449805864, 64.55674872891109, 72.3765027689136, 72.7873385321158, 71.2250583095467, 65.14794478540436, 56.49993072368728, 45.55157346445411, 50.24910529139373, 47.0807191517651, 46.012300892559544, 92.35227646627146, 86.00472118503069, 78.50215285073836, 75.37442077391647, 69.5265125415121, 65.43282278612001, 62.28149467297632, 72.26963600439278, 79.93934254239285, 84.25534125151903, 88.36580233993817, 90.54618933648021, 89.97899056232252, 83.1028082415724, 77.6667686086041, 72.05651436923024, 63.62754253818907, 72.76199883289932, 78.28277842354224, 83.7472828184959, 116.00452889042218, 115.78715199966508, 118.7251801619164, 118.23175582051317, 127.72911556852856, 127.78618649116302, 122.03904371926271, 107.58826948849692, 91.60308738198299, 82.55163638896379, 70.34905808977905, 56.28600210746958, 45.24639221628567, 35.551578136479876, 40.168635294835404], [67.15669113069013, 74.43143085579526, 81.95691502763977, 89.83288788027087, 81.87211917202559, 73.02717103089988, 66.78585137256826, 22.967106682850478, 17.85563345823309, 12.328984486949198, 7.6658734000781665, 9.368060651150591, 0.0, 8.634086507926012, 16.62903620107347, 65.26515561992854, 74.37054870974829, 81.59888747153774, 89.1997497507115, 94.70555510673645, 93.89674596036808, 86.40562193867189, 79.97009861099563, 72.62317993589932, 63.17988809848618, 31.458016609070715, 28.663076980530075, 25.59501016202379, 24.47639659051379, 25.72417711681482, 20.165388673436595, 19.68018123656195, 19.994205650834346, 21.468600241037816, 24.831513523486503, 50.66384152124828, 51.188703766644, 55.518643193946396, 64.46427150920151, 64.98351217404644, 63.25617386071047, 57.41305200728048, 49.49777622566814, 38.37166928304616, 41.048359446948496, 37.87626603215144, 37.47743024344385, 85.76318550196618, 79.03697852421432, 71.28656440152018, 68.37979526071858, 62.88339006584658, 59.53816681557357, 58.39608840766609, 67.43340584024617, 74.60437735982431, 78.47336174534406, 82.16998885228674, 84.18168010942334, 83.38848561878265, 76.34785487523449, 71.05291235009642, 65.9797952514559, 59.30354221039857, 66.77670011293803, 71.76426560204554, 77.07183272172415, 111.11269027559199, 111.3485456252456, 114.39812925937272, 114.15003118241441, 123.69627314754887, 124.02241164785227, 118.36201580957895, 103.6054918308794, 91.2185076646132, 84.32267916237419, 74.27954088646032, 61.84461019505042, 52.64907564946212, 44.46178099206727, 47.21403243324032], [59.13912662811118, 66.38680175248398, 73.97271374879615, 82.09493928849126, 73.798394138096, 64.8244563916469, 58.62686878887537, 14.931875476142205, 11.075275789586234, 9.5301178712124, 11.788259752645597, 17.621260224190493, 8.634086507926012, 0.0, 8.571994756745598, 57.6161670283687, 66.73749995278246, 74.01236855211305, 81.71690347456169, 87.28683216445553, 86.36203300729893, 78.63835563272143, 72.12577015303766, 64.73426324758165, 55.245007797549285, 26.950519024095343, 26.210698759951384, 25.170310258960477, 27.589572288540268, 31.236798355319596, 26.04080853922633, 23.054621703001875, 20.17875253180647, 18.426628916481523, 19.710679158421637, 42.51538562887524, 42.574066201747485, 47.119154581951925, 56.464238898373985, 57.51145082252438, 56.18951425874889, 51.00237240410656, 43.836486722451696, 32.62582708979317, 33.153691533668734, 29.487525553943943, 29.66949477979391, 78.94961242041752, 72.19080850928658, 64.76454778834825, 62.32471896237471, 57.466786069668366, 54.98753358249419, 55.74197164170593, 63.69221655376076, 70.16379619795335, 73.34630872824809, 76.41708622339854, 77.93919556243439, 76.6723937801519, 69.99153858423863, 65.25719123521803, 60.99201993031628, 56.18134611832429, 61.85152409466177, 66.03377774549325, 70.77812925077053, 104.6883751763448, 104.94104317382686, 108.04375982930544, 108.10837281361935, 117.87491569867622, 118.74968954821682, 113.54791269486539, 99.80429151184204, 90.70574190376564, 85.71027665635151, 77.45338020780227, 66.24861459785218, 58.57912001816519, 51.409200125567295, 53.55456550308096], [50.70944542062189, 57.94975112998183, 65.46257843784085, 73.56751649892855, 65.34338479170368, 56.42754430222727, 50.194576165615615, 6.595683975627925, 6.4699814306803844, 12.254839164530964, 18.264374563149488, 24.734691029803948, 16.62903620107347, 8.571994756745598, 0.0, 50.0561455128134, 58.84883690705707, 65.89790823777247, 73.39092250269076, 78.81047611799453, 77.83402495574306, 70.24445465844263, 63.86854240422906, 56.60335679279551, 47.26597016649144, 24.630312012241923, 26.04611240945007, 26.808085424527672, 31.250335975091772, 35.89533032432284, 31.548198402234206, 27.628692388509176, 23.080575015015985, 18.791835600818697, 17.405483989816112, 34.99836968081469, 35.28460568212247, 41.38278247929149, 50.368282109489435, 52.71898152607417, 52.60304697642004, 48.66317005715091, 42.34678184668802, 31.415649469560226, 29.303471263747404, 23.947326778599255, 23.29589312066528, 74.08395060195544, 67.77686954328212, 61.45747149877991, 59.80125680303225, 55.92132053102416, 54.37132013865532, 56.576124214057984, 63.46216815755571, 69.07765556226508, 71.34169285896189, 73.54523262804396, 74.16164480881305, 72.0547780646221, 66.46872813646691, 62.83102312886, 59.6638853832142, 56.60312670156609, 60.54331690202935, 63.632028271579166, 67.29632046081367, 96.43335963639701, 96.74754017473846, 100.38438555015951, 101.17901769551399, 111.67810584715714, 113.6777173264313, 109.520550386186, 98.46322353248641, 91.86798861174513, 88.1387488477996, 80.87014512888332, 70.14703089588909, 63.298901318711565, 55.999276097680244, 57.468947193588654], [17.994375131996698, 21.677259100553904, 30.105196321586693, 42.997880848029816, 34.874791553588594, 28.366637162558664, 25.626735072123136, 43.575475623827145, 47.47662283502913, 54.52065128020599, 62.945768791517395, 72.96476151210105, 65.26515561992854, 57.6161670283687, 50.0561455128134, 0.0, 10.503678400015545, 19.363929543176617, 29.682187910386762, 38.48246369875885, 38.84232903488737, 27.398061011184005, 19.39770324766747, 11.986764712276875, 7.299743865745841, 41.32534940880413, 48.51152651194695, 54.68939367317511, 64.50011010719201, 72.95614046752836, 71.31210013399293, 64.26542282477874, 56.845502469842245, 49.77541874854113, 43.75642327627055, 16.875262763067184, 26.55806324689475, 38.54900117715018, 50.1773529233503, 58.92592352961031, 62.77042127955351, 65.8263316704727, 67.81002961993941, 62.79931686428967, 44.655867351801476, 36.436195047518225, 29.24317949021236, 78.01359262178627, 74.0016326696385, 72.96665980704996, 75.4055783539252, 76.97587073929674, 80.6850288100679, 90.28890646880792, 91.10653205214052, 91.92511285825216, 89.71252466998217, 87.1844030102018, 83.70268981099036, 77.7082837398083, 77.58929758326137, 79.29720052697483, 82.06786213986695, 88.57643319476242, 83.03824651300455, 80.29456039368424, 78.64331074554464, 60.9310976456892, 72.42060387677513, 85.19010041055373, 93.68670710370438, 108.50327142230539, 117.74455966479533, 119.54945552541136, 119.20835516137609, 127.04292197269011, 128.93038426498188, 125.48491345455784, 116.3552600182223, 110.52904763145604, 99.77953864734702, 92.60888281807274], [16.936582837631622, 17.057778547706203, 23.62078698670935, 36.23468643901034, 29.826014546447517, 25.966501940897256, 25.25814934956591, 52.28010746122067, 56.540180106803916, 63.85955978526829, 72.24533381153763, 81.76601254869871, 74.37054870974829, 66.73749995278246, 58.84883690705707, 10.503678400015545, 0.0, 8.938033672339849, 19.495901167153544, 28.725932977702236, 29.478274331722353, 17.841280763090687, 10.336309167454694, 6.543288776982641, 12.523492491320503, 51.18800670444073, 58.17652703253577, 64.18774578782774, 73.57336225673484, 81.61310385302042, 80.31564016356222, 73.60456063990438, 66.42216543186206, 59.48119371316767, 53.52800072695046, 26.135071803339763, 33.918422722265774, 45.3128977473896, 53.870360943303304, 63.48466071409813, 68.466646794734, 72.55323435076518, 74.96320507669603, 70.64445834202435, 53.503413090934906, 45.790821946184685, 39.22242915370814, 79.94677569440924, 77.10798114388395, 77.76616719016472, 80.87405412053832, 83.23934520533521, 87.32667936062114, 97.08114070258767, 97.27759383075083, 97.40377859391822, 94.47419748807629, 91.18268790486552, 86.79845122268358, 80.09417245770577, 81.61626606750906, 84.48432171339431, 88.05571459426152, 95.242798502915, 88.9622527650817, 85.41355675367491, 82.61934882099337, 51.637296991132295, 64.88027873385468, 79.52728230641972, 89.70229881794403, 105.43351984005032, 116.36318947477513, 119.76784815039937, 122.97502746553428, 132.29982364243537, 134.79759624874757, 131.79621942646938, 122.91937192708549, 117.5296818912961, 106.8538466320636, 99.78906544435868], [19.595288653642257, 16.56467478871864, 19.7719324972362, 30.986946556024925, 26.978188861002252, 26.09713022010838, 27.082766461192588, 59.320963770956126, 63.846745724864704, 71.37708468941636, 79.69278152881839, 88.70239660317928, 81.59888747153774, 74.01236855211305, 65.89790823777247, 19.363929543176617, 8.938033672339849, 0.0, 10.687566913377152, 20.245323469769506, 21.462745786662573, 10.33628882731423, 6.289210229980312, 10.811973866892666, 19.924219772625822, 59.39572846564527, 66.2202374375745, 72.04710663309825, 81.01650642370622, 88.62598092448968, 87.57751364935122, 81.2085716182054, 74.25180667963143, 67.41712993104687, 61.52503997267957, 34.1187470625505, 40.731390996768496, 51.69767210756111, 57.61409693946129, 67.75592239771485, 73.62255651154123, 78.39173924852545, 80.9312097448677, 77.06753950768874, 61.01685663185341, 53.60969859264217, 47.428325835062964, 81.81477899214626, 80.02298905655694, 82.06708703333175, 85.64270675112797, 88.55043371331045, 92.81664106868233, 102.47992584838944, 102.28396213160948, 101.92110504769241, 98.47487658856117, 94.63836239118129, 89.55187508484047, 82.32917716690879, 85.20447491814184, 88.96075437041362, 93.06866475772604, 100.57793664514328, 93.91270216899183, 89.8188935936128, 86.14943026722243, 43.46679326471024, 58.0074046849545, 74.2806697963179, 85.89235880849343, 102.39020191570935, 114.75116166721098, 119.5451364675482, 125.88891086775544, 136.11587053204514, 139.012073960876, 136.32583821786932, 127.66981654539507, 122.68836974605652, 112.20854176228329, 105.49862316989464], [25.156991293527945, 20.10462750262588, 18.41792938459775, 25.61228094640778, 25.703052823646065, 28.436596482698313, 30.871399371191295, 66.8818662549118, 71.70117581309486, 79.46035232043351, 87.63478783055007, 95.89840749003478, 89.1997497507115, 81.71690347456169, 73.39092250269076, 29.682187910386762, 19.495901167153544, 10.687566913377152, 0.0, 9.88981558361095, 12.07277364198029, 6.882549784608683, 12.368834335744134, 19.70649853977281, 29.079819519822777, 68.61794886453332, 75.23403422968175, 80.78305216397327, 89.17542560419633, 96.16742612653088, 95.366158220373, 89.48760959665515, 82.84251007280488, 76.1458564406869, 70.34674838957892, 43.263922688258795, 48.75435782117241, 59.37194022128522, 62.19721888679101, 72.76424503938142, 79.60022602082194, 84.97027710043913, 87.40077832062985, 83.94208979056943, 69.48409740271742, 62.35205822110646, 56.57623531291803, 83.86459328031006, 83.34498571079529, 86.94769474296312, 90.95920020648046, 94.35457617843917, 98.66667045706446, 107.95665462467811, 107.45699331082052, 106.63649238321548, 102.69313471419642, 98.34419944070665, 92.51117254122614, 84.77996201033311, 89.18477916466446, 93.87136823849568, 98.44374749162468, 106.03072850862299, 99.20393459884642, 94.63032367608292, 90.04485416985803, 33.50740203032538, 48.988056928820306, 67.19509766412719, 80.48312400750136, 97.88466522339161, 111.90439597150657, 118.35407660097687, 128.5372025257469, 139.3453236209587, 142.56197671100898, 140.17993661608338, 131.80922598228008, 127.38158820002538, 117.33451133213562, 111.41152823538573], [30.28356148722394, 24.468131680202863, 19.19507571438261, 20.614276123433317, 25.047594070054753, 30.601390000898814, 33.97573193913259, 72.43657286542535, 77.63498687438307, 85.64452100895633, 93.64996369588333, 101.06999805325185, 94.70555510673645, 87.28683216445553, 78.81047611799453, 38.48246369875885, 28.725932977702236, 20.245323469769506, 9.88981558361095, 0.0, 4.2522836539720625, 12.45219256641709, 20.193810630563835, 27.657618098022, 36.72188831383503, 76.27022204556444, 82.74992440515881, 88.02446529571449, 95.89923157823664, 102.27707670312766, 101.53660695997512, 96.14580023225982, 89.767106857608, 83.14391020722329, 77.40722877169142, 50.50364959903823, 54.68963258885971, 64.82360921892453, 64.62524888024694, 75.39717476328708, 83.0833055719109, 88.93157141091129, 91.17655661584247, 88.18052844522761, 75.53276159468881, 68.8195469919591, 63.76198072385071, 83.58171389669614, 84.25867107704777, 89.27496979798258, 93.63178228013257, 97.42905329204629, 101.71719549535341, 110.55096946011713, 109.7562284945155, 108.5201967470188, 104.1592543680515, 99.40312704684322, 92.94353635052487, 84.84215321432559, 90.61200681199347, 96.10720639696036, 101.0450101396086, 108.61262319552596, 101.71496479008547, 96.75955314174061, 91.37881849264042, 26.080696928082652, 39.710922592534274, 58.95941225864775, 73.45717138274266, 91.48313346023782, 106.80404152603374, 114.64874857175418, 128.2916347576583, 139.560488404318, 143.17372436594545, 141.28385506469206, 133.44581572814758, 129.8240167797791, 120.75004539301385, 116.24925449030323], [28.866664588835356, 22.682380257029664, 16.24922631952393, 16.44064449720573, 21.439780157677315, 27.771417220788823, 31.592852286382126, 71.49807366420713, 76.99595390669536, 85.17660347327632, 93.17263056135567, 100.34307309064424, 93.89674596036808, 86.36203300729893, 77.83402495574306, 38.84232903488737, 29.478274331722353, 21.462745786662573, 12.07277364198029, 4.2522836539720625, 0.0, 12.25733354919817, 20.127359334668146, 27.472822499090803, 36.355270931432045, 76.46577672806723, 83.03504019003063, 88.28850901998292, 96.17739244165492, 102.4823642676304, 101.52990465100363, 96.19617992644362, 89.77797208767737, 83.05058007372169, 77.24974775881657, 49.81870104271554, 53.07735421298222, 62.74564823882915, 61.474165260495965, 72.2544075668497, 80.17325010189202, 86.22631920878997, 88.55628934127289, 85.9137172220656, 73.87916720233295, 67.56456431778949, 63.22913434632636, 79.69867536360432, 80.61602216365779, 85.99361883338655, 90.46754696300924, 94.43905089941671, 98.79755064942086, 107.66652883023433, 106.62288110783683, 105.18883584685075, 100.67959293788479, 95.79319038981373, 89.19585424749026, 81.02859573251993, 87.09835912828873, 92.82419625142654, 97.92580995024493, 105.68147411267607, 98.56980803102448, 93.44882118784852, 87.84274073870289, 28.123712455341984, 37.9741829429396, 55.7363655513262, 69.77110908890606, 87.54819617816068, 102.71605605638797, 110.52981736298078, 124.46358852526221, 136.25885489257104, 140.28097305381215, 138.89203210687117, 131.5381913972907, 128.4450631633867, 120.23163789113309, 116.71025453012649], [20.31978622075158, 14.267273013984905, 12.277478803052768, 21.52646663121066, 19.58501006601705, 22.17302139587298, 25.217779215198213, 63.72098331269795, 69.00622677510094, 77.02583161157442, 85.27573212049387, 93.42426603788485, 86.40562193867189, 78.63835563272143, 70.24445465844263, 27.398061011184005, 17.841280763090687, 10.33628882731423, 6.882549784608683, 12.45219256641709, 12.25733354919817, 0.0, 8.149392778856225, 16.020343100095854, 25.58868362376859, 66.84000777633139, 73.71543861739141, 79.35249291583135, 88.00269777515447, 95.1104355632815, 93.87656309218258, 87.8979721943818, 81.04925959180137, 74.0957900253843, 68.11998248269214, 39.54958908780364, 43.66034230586174, 53.56940200166736, 55.70921949977122, 66.26374931582937, 73.20254613283001, 78.84077969782659, 81.61130639849429, 78.68566561461637, 64.49739859855939, 57.98760163936919, 53.40709169415073, 77.25995382365994, 76.66996566431527, 80.37498455255079, 84.50446761926807, 88.11911270448778, 92.63735670499523, 102.27921976810926, 101.36875952633895, 100.29928503657845, 96.2076949065305, 91.7377492269237, 85.88505238767424, 78.16817781823957, 82.57426404506471, 87.39647956034672, 92.18834477659239, 100.25078632009581, 92.94025490835772, 88.15276970397167, 83.43625036985225, 38.16244174422534, 49.41584341188601, 64.9987578397496, 77.04223360593792, 93.6714835655274, 106.91734925471219, 112.78961682592232, 122.14803663772442, 133.91828949064654, 137.79731283743826, 136.19362081609054, 128.53321205474262, 124.78880172017887, 115.96876422605379, 111.31927777624036], [15.004513615121882, 10.740857365320235, 14.286200284944838, 26.522403881625507, 21.159062144860652, 20.065391816081164, 21.638703305632824, 57.28942710155095, 62.390689001551735, 70.26957807356162, 78.61724899012309, 87.2711239961199, 79.97009861099563, 72.12577015303766, 63.86854240422906, 19.39770324766747, 10.336309167454694, 6.289210229980312, 12.368834335744134, 20.193810630563835, 20.127359334668146, 8.149392778856225, 0.0, 8.046555743808089, 17.86174236836409, 59.412682512587665, 66.43163329582723, 72.24002484118849, 81.26538576177049, 88.77529711102103, 87.35385786879132, 81.05399087302419, 73.99723831340614, 66.94217681295798, 60.89696550846605, 31.965991528473896, 36.88618494796515, 47.27781799943814, 51.88223700335036, 62.14713934852058, 68.35075770669656, 73.47034808018054, 76.2217257118829, 72.89636019748593, 57.54804431785059, 50.76686844536492, 45.90975393345107, 75.62165871986645, 73.99310297555616, 76.4213287986537, 80.17596331323975, 83.35259037532494, 87.77987990500368, 97.62775967065208, 97.0424977888886, 96.39706895423008, 92.74168001940235, 88.72755172988607, 83.48874707983381, 76.18752642459825, 79.3378149832609, 83.38372561748338, 87.75026387460994, 95.6365643641484, 88.56852024592092, 84.2172604188655, 80.26717475642955, 45.099101072118415, 56.13912679940517, 70.41519077182942, 81.13962638421778, 97.0989595302275, 109.01576364687584, 113.56803088975391, 119.91655530242475, 130.96550265051806, 134.48642166366457, 132.55720007642134, 124.62200902792951, 120.43024087368185, 111.27888926699613, 106.12244043594464], [10.862232000210687, 10.919163952113596, 18.47520238898153, 31.46029684923273, 24.007232152593023, 19.47535535371157, 18.870459442924595, 50.009705777361, 54.97293529514562, 62.75367576635872, 71.15361478165723, 80.12999213334005, 72.62317993589932, 64.73426324758165, 56.60335679279551, 11.986764712276875, 6.543288776982641, 10.811973866892666, 19.70649853977281, 27.657618098022, 27.472822499090803, 16.020343100095854, 8.046555743808089, 0.0, 9.880712912965844, 51.674930907763446, 58.80202383581707, 64.69441236369438, 73.9600445182424, 81.72099990983506, 80.0900898735358, 73.58988838046233, 66.39140609593107, 59.24881901270055, 53.15062644398079, 24.035393264051873, 29.92228008049066, 41.126739642976055, 47.99737281542877, 57.87843119549372, 63.37473321966396, 67.81800756006469, 70.2592622035707, 66.3909618936655, 50.29568950107811, 43.12543191408107, 37.960776965694116, 73.63788051319834, 71.05714944638964, 72.22038510911038, 75.51628799402074, 78.12974334806788, 82.30377148952937, 92.07928002488809, 91.97908772738107, 91.86376298267011, 88.729292168122, 85.2725239399283, 80.67932275590627, 73.8459836580782, 75.75484757280923, 78.96402962562755, 82.76401926536064, 90.1736783458836, 83.63622109677192, 79.85632418163482, 76.73419327835114, 51.70541763689501, 61.72965853170946, 74.62094864905123, 84.01011289356202, 99.34578793530014, 109.94968649680868, 113.23904090296867, 116.8502608021489, 126.70629642423701, 129.72214870863561, 127.39106645093172, 119.18645024214517, 114.62148452993968, 105.31822334577394, 100.02946741010449], [11.450582927367018, 16.49152063611688, 25.419702994402762, 38.00213680595612, 29.25398394310372, 21.891900872683625, 18.545825280653432, 40.685232978135055, 45.522009867786004, 53.227478757773916, 61.66451667790333, 70.90471202365606, 63.17988809848618, 55.245007797549285, 47.26597016649144, 7.299743865745841, 12.523492491320503, 19.924219772625822, 29.079819519822777, 36.72188831383503, 36.355270931432045, 25.58868362376859, 17.86174236836409, 9.880712912965844, 0.0, 42.33232793329829, 49.57061074672341, 55.48503685354153, 64.94208741709647, 72.89265492397244, 70.9548856941972, 64.29967834991179, 56.96905702534255, 49.71126141403296, 43.54702934451307, 14.2631089894346, 21.924179655585977, 34.466732054889334, 43.99116567669673, 53.167008079262374, 57.73517520745426, 61.14081586273959, 62.90983067610566, 58.210056847259885, 41.55556799614392, 33.722348722090786, 28.08332233616292, 71.47356864072708, 67.80777547509672, 67.39460680150182, 70.02300211818516, 71.80414298544756, 75.50352884744952, 84.93386458743727, 85.5789688810438, 86.21721668016013, 83.81385375696247, 81.1462791810919, 77.40160021119956, 71.22997069953686, 71.59966342510373, 73.6932303039294, 76.64458102291907, 83.1803578197085, 77.57175591182595, 74.6400247080731, 72.62142215429529, 59.71291054119848, 68.1254525043266, 79.27035784743926, 87.0197472780487, 101.55761056677319, 110.55697027991332, 112.34826478311832, 112.79837131542399, 120.81239406172786, 123.09086409029806, 120.21117938266246, 111.68919521610033, 106.7258574495, 97.40745795287461, 92.29715265536], [50.56331471882065, 57.520798353087585, 66.2582284397855, 77.1452027887411, 68.6295359697061, 59.73661677573398, 53.90985436953083, 22.622945381215903, 18.65188595466984, 19.322805783252363, 26.15654115780068, 38.381120348950844, 31.458016609070715, 26.950519024095343, 24.630312012241923, 41.32534940880413, 51.18800670444073, 59.39572846564527, 68.61794886453332, 76.27022204556444, 76.46577672806723, 66.84000777633139, 59.412682512587665, 51.674930907763446, 42.33232793329829, 0.0, 7.57647069827634, 14.006851759249757, 24.959045038871217, 34.789731175868404, 32.37997738109664, 24.21624993876938, 16.47794273400029, 10.430180181588042, 7.365403282945202, 31.089302109429635, 38.20585669113821, 46.6380518955406, 62.430995207382644, 66.24971615105129, 65.51881976161742, 62.60890992032848, 59.628078852557714, 50.002362159436274, 36.53693112041597, 28.00464206718372, 18.3828502404227, 90.10252885553224, 8