{
	"dissimilarities": [[0.0, 7.396836510644392, 15.941302559738014, 26.077595087862726, 19.578718981009406, 12.281046842492009, 9.54923153100217, 43.488604346634915, 49.130835056647214, 57.49399737396072, 65.71354761593221, 73.45954290056687, 66.50284233582103, 58.403320443332, 49.943537605287126, 22.182715134746243, 21.956575987906422, 22.50018144485697, 26.23386339509812, 30.97070408249271, 26.91567124392594, 20.76012360600652, 17.070836762179702, 14.533729459608567, 16.50707608709895, 52.716765849237284, 60.49591097771158, 66.01530955818046, 74.31555563659369, 80.96619084789367, 79.00661822944112, 73.2745845081118, 66.68519009291931, 59.560557123481665, 53.57715198901273, 18.638088200011985, 22.338813375978255, 34.81667810998215, 40.17616793714201, 50.15715646784449, 56.54182564867549, 61.01245122298648, 62.626187944838556, 58.941755989143765, 45.83294502664236, 38.43578693561859, 34.36921765439584, 66.59161938774325, 60.31927371236206, 62.32211939013836, 67.01655773799672, 68.41054346915026, 73.55028199795932, 85.58824212089975, 88.2132984637493, 87.3296731695624, 84.29438239694653, 81.93274344656248, 77.18095952298115, 67.73816958311508, 63.879030156519214, 69.15458254155547, 75.3340015095035, 85.14978027549934, 82.08644019324264, 76.00198460388445, 74.06947902772119, 52.94324811687814, 57.84050183399821, 66.2996020080092, 75.28218202033695, 89.75124993898424, 100.30157704209529, 103.24955627973016, 111.5846534658477, 115.74467553167005, 121.91821313040055, 117.90436216000101, 110.00301402033368, 105.39195680235825, 97.97555519159478, 96.00643548474528], [7.396836510644392, 0.0, 9.607639439888654, 21.050317523533277, 15.544857365292552, 11.62343564236276, 13.422670957576141, 50.87908387428937, 56.49288616142815, 64.81605627485155, 73.05487771093432, 80.83991649907877, 73.89821911710874, 65.78990552279386, 57.33250273334183, 25.14484285540878, 21.814762497894332, 19.711998940173824, 21.294070703154745, 25.02886423719616, 20.499661589736252, 15.124126309625531, 13.64793103729485, 14.754814662797294, 20.575379403534214, 59.25779513456782, 67.13626816953281, 72.74808746495468, 81.18166675721085, 87.94503510349533, 86.11165433535635, 80.30365355153656, 73.63560137394664, 66.49950511774574, 60.475728777573124, 25.264995500534326, 28.587999863416968, 39.550274467463005, 43.5486864993287, 53.800806514366734, 60.63922340308382, 65.86401793606316, 68.19280503487465, 65.23752257185063, 51.87313332596716, 45.03842844798355, 41.258661084099856, 67.99820157990185, 62.59316203262119, 65.84038474945719, 71.08379697374542, 73.09257408447283, 78.70396289291233, 91.10925457822859, 92.96251557221495, 91.50652174494739, 87.92789673999498, 84.9494468486459, 79.45084094093758, 69.46693997807395, 66.8856629282913, 73.1332163091682, 80.2279347154701, 90.5406344017197, 86.83727515498312, 79.79679663083216, 76.97235024919009, 47.91130000164044, 53.71702593012527, 63.39900815993273, 73.48479364250227, 88.50321790947449, 100.25376571949491, 104.34986617714192, 114.7709468863019, 120.72439483766917, 127.4769106947879, 124.0478161484837, 116.46411081639688, 112.2356203085707, 104.88297930658182, 102.62299302989108], [15.941302559738014, 9.607639439888654, 0.0, 11.892989912211146, 9.502408664851771, 12.836504730889985, 18.091514430301014, 58.497722998248136, 64.44473538408445, 72.9356813052466, 81.02989499648632, 88.13974284047988, 81.3842454810412, 73.32317784250306, 64.77344792978818, 34.330776866797954, 29.462640776690282, 25.053934148699085, 22.425150539349275, 21.661370395069863, 16.802556734316955, 16.84515747628484, 19.498320444173338, 23.252814578224246, 30.118836711588248, 68.48369091571578, 76.21209794995367, 81.62716603534325, 89.61218028900605, 95.86528916856481, 94.13246030779584, 88.77549708529547, 82.39414140095175, 75.36859086974458, 69.43636113338589, 34.37640362560114, 35.94843663669001, 45.53921781220876, 45.97214361056454, 56.354563486549104, 64.2049120171733, 70.24628683801778, 72.79747341667131, 70.76124228278913, 59.17656496645222, 53.11783674833042, 50.22551378118917, 66.01266162651875, 62.54680470616585, 68.02423489408008, 73.88658514103378, 76.64519898205276, 82.46278552227072, 94.48632539411491, 95.40613079226979, 93.3113048564335, 89.08405459387279, 85.31263174812547, 78.70994386289152, 67.80505781418036, 67.8390507704089, 75.5383891479804, 83.36171312494102, 93.69952624843181, 89.20895320877561, 81.12913903925094, 77.0297262307092, 42.64972823640538, 45.82837331429361, 55.25323985440859, 66.16353061627122, 81.78658014095554, 95.04929429739187, 100.77157193975476, 114.5892924606613, 122.32211892649372, 129.55064459068342, 127.08275116300828, 120.19610663687192, 117.07159826252024, 110.78767031943939, 109.66378873408196], [26.077595087862726, 21.050317523533277, 11.892989912211146, 0.0, 10.576726585660897, 19.26551239304123, 25.119036966542456, 65.5541135430779, 71.89027396077879, 80.53578400321656, 88.31371408081056, 94.29959334842417, 87.89203082062194, 80.01036819153464, 71.45490404373187, 45.94777720914127, 41.0054315936995, 35.912584548788665, 30.92649960909422, 25.82110155412741, 22.0238678325088, 26.744590439509278, 30.872999362074818, 34.986979926917016, 41.50853238099078, 78.22010657363059, 85.62807620401296, 90.66601537410942, 97.8484698741154, 103.20900543908769, 101.54540632905324, 96.95905350047799, 91.09934611067726, 84.29115594743865, 78.56192279731405, 44.29508521143862, 43.93088554995222, 52.32671501096781, 48.455646969226386, 58.53082582629388, 67.47042483871748, 74.09059226962614, 76.37621015918985, 75.24373021067686, 66.67774246718622, 61.42110615469837, 59.572791785783316, 62.14179539379101, 61.40800963167847, 69.46921764798894, 75.78579841120042, 79.20676026523563, 84.88352796940622, 95.81830529754752, 95.84242117262878, 93.19931472148662, 88.3993825915891, 83.86580637933137, 76.09462962780209, 64.18063560407975, 67.6630987135313, 76.83102835058983, 84.96256862636082, 94.78789386858699, 89.58415593556433, 80.68743729448936, 75.24496019099367, 40.53504123841808, 36.77628403505262, 43.76534353111751, 55.12831745572184, 71.41955481830422, 86.34395450536286, 93.93713278842989, 111.78951698182313, 120.8815860349503, 128.34952327868606, 127.0090336518619, 121.06367932087538, 119.47059017753281, 114.92152810146786, 115.84633235277562], [19.578718981009406, 15.544857365292552, 9.502408664851771, 10.576726585660897, 0.0, 9.71400665703813, 16.637259556487425, 58.40161896849591, 65.12543511177599, 73.80506214047995, 81.6923465117891, 87.9633144555649, 80.94623525146787, 72.83691858110949, 64.37809321407282, 40.266406767889755, 37.03951277773374, 33.672652391213084, 31.828463138585956, 30.38794538474934, 25.587920690783566, 25.93538947908755, 27.69879266231339, 30.11210033225916, 35.102596756562754, 71.49177768076126, 79.17939941532799, 84.52989656875494, 92.28375255607803, 98.08085560115877, 95.9646437355013, 90.91994625449628, 84.68960123714413, 77.61398444756415, 71.72870182431734, 36.450995651034305, 34.66464366539153, 42.04098394564269, 39.09301869962019, 49.33985479956798, 57.845485880495694, 64.49079306999718, 67.37391429160895, 66.5032699367785, 56.87878187336725, 52.25597705277625, 51.65744754862383, 56.78709928167146, 53.931710972010265, 60.59259677997712, 66.82391925017926, 70.14469485809931, 76.18311834956735, 88.22176808475959, 88.21633531638383, 85.61031851220372, 80.97929179023578, 76.79867188747778, 69.77766025054581, 58.68867157458915, 59.68131820966146, 68.19858921667633, 76.62401568654712, 87.26120317164805, 82.06441724432534, 73.21009757777641, 68.465734440568, 49.26963190613174, 47.09803717711176, 51.47986798412701, 59.82569208469707, 74.12971787857158, 86.34176306299348, 91.68253928328109, 105.91869906125001, 115.28504343459873, 123.67465664659173, 122.59148366224615, 116.94241081030638, 115.17688481667923, 111.11606011381829, 112.277055425225], [12.281046842492009, 11.62343564236276, 12.836504730889985, 19.26551239304123, 9.71400665703813, 0.0, 7.3820304351936255, 49.306616386613655, 56.057375020473046, 64.69488410201079, 72.65885405355728, 79.2835904023519, 72.00394510154402, 63.79834752615335, 55.38622927719876, 33.31285950168137, 32.29534846558913, 31.121344762040813, 32.3232744621297, 33.95692072522737, 29.124231040631802, 25.95000916282509, 24.91275916929542, 24.7895464449533, 27.476223618620388, 62.327108830174694, 70.0757286011841, 75.5314795888826, 83.5423497138415, 89.61006327450937, 87.28233225688099, 81.9661523841853, 75.5656450930798, 68.39493744314379, 62.46647802134723, 27.121897384038025, 25.02979851697272, 33.5066613139599, 33.410841838303945, 43.793636989580584, 51.5257275729742, 57.44034025038663, 60.03777450699882, 58.391989211607736, 47.63516133762259, 42.61202236144493, 42.092461183637774, 56.378493825031995, 51.29111633333607, 55.63285969656016, 61.271645542130386, 63.85854628825455, 69.69625472514605, 82.12278881790981, 83.0328545043977, 81.08373463906804, 77.12503345114325, 73.7967213391343, 67.97329225011185, 57.87120274741731, 55.956331103687724, 63.0238760352988, 70.71314679283637, 81.35917201199423, 76.90014561620451, 69.0910307150101, 65.71374579244761, 54.801773641600874, 54.57062333065978, 58.90217750735022, 66.03336077759232, 79.45442002810464, 89.71547528796786, 93.0876630868112, 103.5373258844159, 111.02426355136654, 119.05258390649742, 117.18571100780109, 111.04330630222557, 108.46840004743585, 103.92983069734838, 104.71741576383573], [9.54923153100217, 13.422670957576141, 18.091514430301014, 25.119036966542456, 16.637259556487425, 7.3820304351936255, 0.0, 41.979445811572944, 48.69803690933556, 57.34883741384857, 65.29651587696382, 71.95747378668317, 64.71920905460402, 56.530066845243645, 48.08474118137063, 30.029997802963393, 31.08247466983189, 31.629368624890127, 34.48022137907025, 37.456679215560854, 33.003211871693, 28.517965320369214, 25.808600488070446, 23.544814243362676, 23.690648959265044, 55.60117997535187, 63.18855469849107, 68.51437802589906, 76.35836908737637, 82.33225798558446, 79.9515767810715, 74.7097268969675, 68.41149672360741, 61.301730203297765, 55.44952199993611, 21.001870743413832, 18.91584524044963, 29.551761250674687, 31.51081129631952, 41.64951389379434, 48.80816802492974, 53.776383016751595, 55.472781261233564, 52.802693150527645, 42.13168106260887, 36.31406384311029, 35.352333783690746, 57.11036134470336, 51.00091950126724, 53.74942245395173, 58.7097413936436, 60.50815277906768, 65.77474830044065, 77.77532440373471, 79.71749945848714, 78.49854458039697, 75.21114114596642, 72.63736991212056, 67.70282572536183, 58.21208411693693, 54.75246874538083, 60.5997775591109, 67.14712699838877, 77.18004732914491, 73.54668197044012, 66.93755132360815, 64.66238551572384, 58.15666942764044, 58.39899909354528, 62.702314661366984, 69.29565571391636, 82.44760959829267, 91.7089825970629, 93.983748583424, 102.20238800060895, 107.3991656190529, 114.55988851836425, 111.80195634563952, 105.08532371964117, 101.88702887209872, 96.91720276778183, 97.6552731732755], [43.488604346634915, 50.87908387428937, 58.497722998248136, 65.5541135430779, 58.40161896849591, 49.306616386613655, 41.979445811572944, 0.0, 8.13908106882159, 16.375961244713697, 23.69636132445498, 30.65646692135142, 23.052018786345158, 14.926983904645908, 6.600448737961381, 43.408068190061776, 52.41170700881722, 58.61258107383224, 65.7645027376051, 72.02506301724146, 69.04625582553942, 62.080320987173465, 55.98263297144904, 48.90430467860352, 39.931407516617654, 26.442681963735584, 30.287137302383943, 33.48433635181168, 39.1189565249653, 43.94298007344176, 40.369807738116045, 35.868997792851836, 30.96621564278748, 25.24809157693367, 21.674338779759697, 28.822646182929926, 28.108238398048428, 35.319944576746224, 45.310970878783905, 48.586136200244376, 49.2033441979783, 46.38924820982238, 41.45348130209441, 31.462509442162904, 27.156742328120842, 19.556466542433295, 17.533169121146837, 73.45246332167581, 63.66118014660342, 57.18604216246714, 56.74658396547219, 53.138033006581644, 53.343856868175884, 60.52993523603527, 68.99568128809362, 72.49536430505671, 73.78145351539168, 75.9646751455705, 76.82265707489606, 72.57995283754175, 61.76853320766285, 59.045370131530625, 56.99180968840633, 61.27445220162824, 63.842884188066066, 65.90689286245282, 70.39395001140765, 90.22007325268206, 91.59205460159667, 94.31989838552732, 97.36637799386072, 107.48681337061302, 110.63783287501083, 106.73509751236743, 100.99521164346126, 92.51488208994488, 94.23421708910372, 85.97072187991317, 75.98058488550684, 68.2049531968058, 60.94147548687079, 62.254068757479246], [49.130835056647214, 56.49288616142815, 64.44473538408445, 71.89027396077879, 65.12543511177599, 56.057375020473046, 48.69803690933556, 8.13908106882159, 0.0, 8.73863495473183, 16.653417295785815, 25.333276105420595, 18.597671357967748, 11.855961017305258, 7.365596075475901, 46.19615447926326, 55.511135478081385, 62.15023770742108, 69.6267065401618, 76.34405717119019, 73.73765536315018, 66.54312896143404, 60.22757653384234, 52.951470403261744, 43.712726538326436, 21.424931370619813, 23.51387044355384, 25.85659261446119, 30.986304097670168, 36.067806690813704, 32.52151340173631, 27.781558133677347, 23.13051771422287, 18.038712851296594, 15.671484716916169, 33.801154504726334, 35.101875140036356, 42.45073979980275, 53.33805763462154, 56.31957860067176, 56.30182737686411, 52.77581761879487, 47.37483759644038, 36.825080790207345, 32.62348994169873, 25.05599427170231, 20.60651232726181, 81.34482449861677, 71.52887554688591, 64.49152139678917, 63.55737420265279, 59.42742987165749, 58.9565522869956, 64.99971021975333, 74.3881461930741, 78.50496180516949, 80.34083393090557, 82.98623995204355, 84.30893622122703, 80.385280328224, 69.32950242716093, 65.88561588675032, 62.85162825142557, 65.97705674489285, 69.53841249694787, 72.68303661343776, 77.71215195836983, 93.94365533152228, 96.6855094914296, 100.59427087524077, 104.24056541526556, 114.70131145565512, 117.95302726452923, 113.90213303330236, 107.10664739153061, 96.3534518879708, 96.46295459564213, 86.56344669833516, 75.29316428899811, 65.67122604498692, 55.85009928115484, 55.040874984476304], [57.49399737396072, 64.81605627485155, 72.9356813052466, 80.53578400321656, 73.80506214047995, 64.69488410201079, 57.34883741384857, 16.375961244713697, 8.73863495473183, 0.0, 8.416781930596814, 19.117429054658608, 13.460537106020286, 10.466883107522364, 12.79683501304979, 52.754067342811794, 62.32713481310278, 69.30838054027197, 77.0873366164184, 84.13564359078048, 81.70217845350138, 74.29245871213608, 67.80051209305864, 60.38956094109396, 50.94091300428573, 20.858619014152733, 19.730132191812043, 20.21538503957785, 23.877897961959427, 28.771742936354777, 24.676837063703218, 19.87929143881796, 16.234465002694144, 13.320311729011145, 14.224545805364682, 41.60964258621619, 43.23413242524097, 49.44710949029466, 60.775579828926965, 62.88464506652318, 61.85496040601627, 57.30865764273599, 51.31084887134109, 40.41213645639603, 37.574265749607626, 31.249697965741777, 27.214615717489817, 88.3491113261295, 78.25235881528195, 70.1708711288369, 68.4598693266444, 63.63747896041079, 62.29606427364702, 67.08062291377115, 77.39356099467018, 82.23454638883294, 84.80971678312923, 88.14148061140276, 90.30523205580062, 87.20049865273246, 75.41261392045303, 70.79908672079195, 66.48506239795907, 68.33072831907715, 73.02217174589515, 77.54811805605806, 83.44521127388148, 101.42088601668908, 104.73132279563286, 108.79364363687125, 112.22231917886793, 122.3403569593349, 124.86256321524617, 120.02049072749992, 110.99559289905163, 97.87458994667384, 96.69007392539537, 85.49262732714892, 73.4418629889734, 62.26612855711296, 50.9674943805521, 49.03410929245097], [65.71354761593221, 73.05487771093432, 81.02989499648632, 88.31371408081056, 81.6923465117891, 72.65885405355728, 65.29651587696382, 23.69636132445498, 16.653417295785815, 8.416781930596814, 0.0, 12.072318907681156, 9.446668559496093, 12.557507602207377, 18.660030773402976, 61.025830157378344, 70.59289181115908, 77.58170847500081, 85.27886372904759, 92.19687505487249, 89.84657395942192, 82.58999462815063, 76.14817039307026, 68.76075419879966, 59.33370346566063, 26.67667304875046, 23.038843919043877, 21.065210218424617, 20.870050297580143, 23.428105688756524, 18.60013258675464, 15.975986676246073, 15.906122550149489, 16.887720093753718, 20.290903869719287, 49.99180551282601, 51.10995618687488, 56.37264160898555, 66.97260282393185, 68.17626802397676, 66.51488253474241, 61.08617986633233, 54.1633955072356, 43.15250799646445, 43.39667342089516, 38.40585976574842, 35.45901077743401, 93.13972123869372, 83.16573951458868, 74.48015453320369, 72.03557660544946, 66.61765794669844, 64.20486072743257, 67.07091282573707, 78.29405764814773, 83.88506655455767, 87.19886831152408, 91.18577695984514, 94.10173109145325, 91.75330719789704, 79.75092305462975, 74.18991154458084, 68.41920005718293, 68.54773427032603, 74.36371270047344, 80.34399980084669, 86.99939620813542, 108.85862562838359, 111.58312947540821, 114.9880379379491, 117.74948935272059, 127.2627166083027, 128.85716137595057, 123.20609742181483, 112.26574675795923, 96.45008138485964, 93.76902471141098, 81.38368188581937, 68.7451870422258, 56.45635793481494, 44.79613971736152, 43.88448240369075], [73.45954290056687, 80.83991649907877, 88.13974284047988, 94.29959334842417, 87.9633144555649, 79.2835904023519, 71.95747378668317, 30.65646692135142, 25.333276105420595, 19.117429054658608, 12.072318907681156, 0.0, 9.358572126878759, 17.112368062300085, 24.42153146602903, 71.30536983638599, 80.56881104649192, 87.11200509946212, 94.16708453892635, 100.23956049191453, 97.84136958575469, 91.31442821287264, 85.26293342991616, 78.12639596986843, 69.01804199109158, 38.709739459821854, 34.75684638803223, 31.73660349453295, 27.762212277421284, 25.177763921104155, 20.64960792383759, 23.368600383129927, 26.57572191444774, 28.84576737211324, 32.28123806999101, 58.94738104524618, 58.4446329338481, 62.72930216505837, 70.69387359375072, 70.75388240785222, 68.97953835113576, 62.800120691124185, 54.27832129015064, 43.512991724638056, 49.765971749587855, 46.34523937753323, 45.311146172600495, 93.41003509636357, 84.3205677049567, 75.72491363555602, 72.53383334566628, 66.62697646198743, 62.65988725084674, 62.13986557299274, 74.3985091911694, 80.87482611919505, 85.00245175325264, 89.65552622045297, 93.24982026786975, 91.67232825309885, 80.36984599813435, 74.1339743796331, 66.41182801560976, 63.78380697658361, 70.86816103184076, 78.62746889548998, 85.93345280316487, 115.73572340991595, 115.90404756829872, 117.16480587885415, 118.36174464560243, 126.66895575536923, 126.84903786148882, 120.27285047763526, 107.8441305244881, 88.45279736755985, 83.76141544470285, 70.25877866857377, 57.26041018081701, 44.74433308996613, 35.866478886693606, 41.76684504725713], [66.50284233582103, 73.89821911710874, 81.3842454810412, 87.89203082062194, 80.94623525146787, 72.00394510154402, 64.71920905460402, 23.052018786345158, 18.597671357967748, 13.460537106020286, 9.446668559496093, 9.358572126878759, 0.0, 8.389161967295898, 16.66117407255269, 64.49130636498867, 73.98646984615176, 80.65621649826282, 88.04135082672127, 94.39393247356725, 91.68242906275631, 84.75864294570613, 78.52471093098089, 71.26406534195215, 61.92924095383263, 33.6071701368905, 31.39645707735433, 30.24392876237419, 29.969669792742877, 30.71232070585364, 25.78801820287228, 24.946928303491074, 25.01197238118789, 24.909387041107795, 26.98715925825608, 51.34470781244881, 50.15352048434082, 53.695914437251716, 62.43639676608129, 62.54423152007101, 60.54715608669729, 54.54945053936423, 46.70080435269582, 35.75261255152776, 40.42339383244816, 37.29234655538797, 37.4137113857443, 86.72544198301436, 76.87230800284023, 67.85173983592867, 64.88991268617585, 59.15440953050898, 56.00139414020849, 57.8506209218204, 69.34963883263825, 75.24500649812609, 78.91678024102242, 83.27496566001074, 86.71881826500369, 85.11406514403869, 72.95192286894671, 66.78836238746541, 60.07224893055593, 59.37713916395003, 65.58022893712119, 72.3193025897958, 79.4617969961027, 111.25858454970873, 111.66701603366532, 112.77764735895835, 113.88805770579837, 122.11017738380248, 122.27063006578153, 115.65458566590769, 103.34835435486528, 87.13345713310224, 85.08124402317517, 73.66404919245089, 62.24029142735892, 51.69491563833142, 44.77403816121582, 49.40478363141759], [58.403320443332, 65.78990552279386, 73.32317784250306, 80.01036819153464, 72.83691858110949, 63.79834752615335, 56.530066845243645, 14.926983904645908, 11.855961017305258, 10.466883107522364, 12.557507602207377, 17.112368062300085, 8.389161967295898, 0.0, 8.599672269850405, 56.98490599786755, 66.42798429223593, 73.00430838557541, 80.40299947088589, 86.77583312052498, 83.90196702207669, 76.88387105483389, 70.64861828491641, 63.40983741282743, 54.1041240492645, 29.647374597456974, 29.589797866628643, 30.24677239287235, 32.74421080983655, 35.48739600613843, 30.89711832054459, 28.0970051539455, 25.70572517147645, 23.068767420678572, 23.147688695211645, 43.20865044764885, 41.76666167762904, 45.76089777614365, 54.99728251571764, 55.835346509747126, 54.4021106026227, 49.19240010187896, 42.15438621426203, 31.09733395869106, 33.300977392628766, 29.336844800788665, 29.660192153385132, 80.72956070444813, 70.64196375527264, 62.0874501374322, 59.81473545327056, 54.63314430686591, 52.58975717615085, 56.64485908562817, 67.14846571189149, 72.25028370333285, 75.16228056400269, 78.87781470333167, 81.61653069356885, 79.32862810894295, 67.21076832005652, 61.912637885238304, 56.669724057142695, 57.9191866164124, 62.88558709458879, 68.11282037941466, 74.55354815524461, 104.32184963402159, 104.92634506971359, 106.30043184927916, 107.81016237511734, 116.45732311916376, 117.34856060003003, 111.40564484420896, 100.88136922455017, 87.65358815120047, 87.39257257365875, 77.437031964594, 66.81942502904069, 57.61028047599798, 51.05984603729379, 54.60491109669652], [49.943537605287126, 57.33250273334183, 64.77344792978818, 71.45490404373187, 64.37809321407282, 55.38622927719876, 48.08474118137063, 6.600448737961381, 7.365596075475901, 12.79683501304979, 18.660030773402976, 24.42153146602903, 16.66117407255269, 8.599672269850405, 0.0, 49.753093966700696, 58.8654957011222, 65.13001572946447, 72.24333193648712, 78.38196213293932, 75.45590153403505, 68.62745997547593, 62.561228606210165, 55.47847728657089, 46.453230766673364, 28.077286243651162, 30.18041872515623, 32.22204395174131, 36.353380684980664, 40.090507390238955, 36.14192781302173, 32.55100293363948, 28.77680615051906, 24.283641460812607, 22.257683406451154, 35.37340743084116, 34.04438187280004, 39.71910631755076, 48.888741293263536, 51.00902228196323, 50.841854007593795, 46.931695417205, 40.7715868608235, 30.0776769336812, 29.604907214655242, 23.807746306439356, 23.213357913623888, 75.61022535495472, 65.82910988884412, 58.55584657905174, 57.292976565746045, 52.96907016051383, 52.079153677173935, 57.701591610133086, 67.13734514647749, 71.3785940313788, 73.38676424284495, 76.24800039713303, 77.90166980329198, 74.46938250106986, 63.24969261860371, 59.43495419675467, 55.843516594836125, 58.657246496665294, 62.28813219696889, 65.80610684959416, 71.15162808969478, 96.0573174339935, 96.69111548917948, 98.55358025261779, 100.77487657575159, 110.19131521762922, 112.3102364206044, 107.52260691633846, 99.87042997860884, 89.151404447771, 89.9278027181404, 80.94504563297428, 70.68333788947874, 62.47938823168312, 55.76981688443808, 58.52611978947243], [22.182715134746243, 25.14484285540878, 34.330776866797954, 45.94777720914127, 40.266406767889755, 33.31285950168137, 30.029997802963393, 43.408068190061776, 46.19615447926326, 52.754067342811794, 61.025830157378344, 71.30536983638599, 64.49130636498867, 56.98490599786755, 49.753093966700696, 0.0, 10.43259656331869, 18.638534956327064, 28.791545549017847, 38.952112663976145, 36.555469003497976, 26.37414079574175, 18.82940255950958, 11.653295060145606, 6.599095042451958, 40.327016099708516, 48.461988804880306, 54.70532543133652, 64.75854066189412, 73.5311005502148, 71.88538237285393, 64.41619408285045, 56.82339936965198, 49.74814031659357, 43.73766349868143, 17.828323684098457, 29.312167879015785, 41.094635330026115, 54.17448417751588, 62.74136466587871, 66.19066198961768, 68.8044585422073, 70.50141246565406, 64.9723117826285, 46.4154007536475, 37.292324841491016, 28.42903438428386, 85.12300087696686, 76.34443547040317, 74.46277253872837, 77.8663453919578, 77.85999656822186, 82.64001193115885, 95.4353930917925, 99.66072576747227, 99.80830337580909, 97.86815760325567, 96.73906915082772, 93.7474574409722, 85.98730230356095, 78.31325740948866, 80.81822593197445, 85.77143361438233, 95.48556609981026, 94.00881692911712, 89.76295997399379, 89.8290339943793, 61.633269274041766, 74.62078348847933, 87.14099462418385, 97.29899773470086, 111.90304094919502, 121.71762675276017, 123.24133016046234, 126.87356605201272, 128.46306904738552, 133.441535008677, 127.09837964233115, 117.27897792089836, 109.46754362228516, 97.68107495433532, 89.91379845814866], [21.956575987906422, 21.814762497894332, 29.462640776690282, 41.0054315936995, 37.03951277773374, 32.29534846558913, 31.08247466983189, 52.41170700881722, 55.511135478081385, 62.32713481310278, 70.59289181115908, 80.56881104649192, 73.98646984615176, 66.42798429223593, 58.8654957011222, 10.43259656331869, 0.0, 8.488161456215416, 19.00256927895426, 29.786132357589864, 27.821861227952827, 17.5541089135462, 10.739356929326869, 7.59530829908905, 13.285692628450539, 50.185344093337555, 58.07630193346099, 64.08831275456151, 73.74411062915878, 82.23192988775062, 80.93135592222878, 73.77852214523186, 66.4372307805338, 59.54881334156926, 53.64849713570395, 25.729236878307933, 35.91237902906829, 47.54165938445066, 58.431348996317475, 67.74978054921672, 72.21743444371937, 75.82037187120956, 78.01281796816927, 73.1675999512965, 55.19498439871915, 46.540470984513476, 38.36207675760869, 87.33784395005546, 79.78298542994604, 79.69370884868508, 83.83885551501977, 84.57104364252938, 89.80564956540964, 102.73011795049261, 106.21467300125582, 105.76201741017786, 103.17094313142539, 101.28390461997259, 97.2555458169709, 88.54287427883504, 82.71940584302574, 86.60068310282921, 92.51544963373404, 102.60012829915672, 100.3927137360425, 95.05180339420198, 93.98477374235962, 52.84917771568623, 68.09607015473745, 82.76303381515322, 94.57401039602688, 110.17421308937024, 121.76069194954185, 124.91299357945023, 131.62886426172318, 134.8560137249202, 140.12051413871748, 134.22825101774757, 124.55503808056817, 117.22696037898329, 105.37595538648613, 97.40091445165821], [22.50018144485697, 19.711998940173824, 25.053934148699085, 35.912584548788665, 33.672652391213084, 31.121344762040813, 31.629368624890127, 58.61258107383224, 62.15023770742108, 69.30838054027197, 77.58170847500081, 87.11200509946212, 80.65621649826282, 73.00430838557541, 65.13001572946447, 18.638534956327064, 8.488161456215416, 0.0, 10.682690974288697, 21.69108906996615, 19.972378011526867, 10.122684261524169, 6.294459978774191, 10.567380796581054, 19.920803287973655, 58.14170848060912, 65.9119008232183, 71.73313916818587, 80.97024965744262, 89.03984215541065, 87.90519530027619, 81.13557131655463, 74.03848917434658, 67.21806280689998, 61.346957056005564, 31.64791938196301, 40.49514593904046, 51.95198946737103, 60.63211277980574, 70.43672763658782, 75.80048516955773, 80.15978236772244, 82.59851274497856, 78.34083828936667, 61.33082289723968, 53.05393553899083, 45.569576160048214, 87.3181532334543, 80.95950253596087, 82.45673159346627, 87.1707150732186, 88.49645613009147, 94.00656203436036, 106.8460668389684, 109.6979420716208, 108.76307543576318, 105.65084067089391, 103.14725134126182, 98.25847787630453, 88.77474297281017, 84.67490830935267, 89.70388886301285, 96.29651075890216, 106.55222759042994, 103.7360628035665, 97.54214788638927, 95.52702304625578, 45.263568492237184, 61.47261241943549, 77.42186360320514, 90.35862190832269, 106.63123600275678, 119.57112170226625, 124.05166723341243, 133.4167417259182, 137.9480322903614, 143.47800664252372, 138.1264704262405, 128.76183020656583, 122.1042615933993, 110.70938186672547, 103.30349123219798], [26.23386339509812, 21.294070703154745, 22.425150539349275, 30.92649960909422, 31.828463138585956, 32.3232744621297, 34.48022137907025, 65.7645027376051, 69.6267065401618, 77.0873366164184, 85.27886372904759, 94.16708453892635, 88.04135082672127, 80.40299947088589, 72.24333193648712, 28.791545549017847, 19.00256927895426, 10.682690974288697, 0.0, 11.273684406123397, 10.805313798003686, 7.0303792525173225, 12.137329134710368, 19.20594187381424, 29.087387309853348, 67.26743742732809, 74.77847948759872, 80.26093552242864, 88.80670253022492, 96.21961102440265, 95.34953545227543, 89.18290490877763, 82.5059001835554, 75.85953564474073, 70.10135699773906, 39.63665150420365, 47.203278907822586, 58.69662407813204, 64.6275683019092, 74.82546832151658, 81.2288210490722, 86.23526251119644, 88.58271769856242, 84.77990887430236, 69.40991075676213, 61.34617380888935, 54.28134462889921, 88.07965649745289, 83.42638954352996, 86.82730304371786, 92.06255627849043, 93.93430688911187, 99.5104740197996, 111.80563687077559, 114.13264736549715, 112.79118804309866, 109.18971119116996, 106.05639331085027, 100.19147331437351, 89.77128063290425, 87.98087710523158, 94.24927180351573, 101.27420347628662, 111.33984534289078, 107.99880918278987, 101.08357002045997, 98.03408609218948, 35.010211073052176, 52.41246362973268, 70.31571310167658, 84.86089215393852, 102.11323672454309, 116.86626855225609, 123.08659117408139, 135.81533909447285, 141.25800237221023, 146.6858569684389, 141.75493438116504, 132.62513946347315, 126.71374727873369, 115.77163037514326, 109.11303107289835], [30.97070408249271, 25.02886423719616, 21.661370395069863, 25.82110155412741, 30.38794538474934, 33.95692072522737, 37.456679215560854, 72.02506301724146, 76.34405717119019, 84.13564359078048, 92.19687505487249, 100.23956049191453, 94.39393247356725, 86.77583312052498, 78.38196213293932, 38.952112663976145, 29.786132357589864, 21.69108906996615, 11.273684406123397, 0.0, 5.247707785769803, 14.179099348981016, 21.365982515565086, 28.506973815457453, 38.18622122622191, 76.18206224518882, 83.48001990175231, 88.63883078660587, 96.45790098672748, 103.08418164978396, 102.352451687348, 96.86909294121232, 90.6336202178305, 84.11588989176049, 78.45442839671954, 47.20204931893539, 53.16894205092332, 64.43392197385903, 67.33551821970507, 77.7154082794934, 85.13506700232496, 90.7257200003625, 92.89449363500007, 89.6556430761375, 76.33197291557696, 68.64557141872145, 62.32727143371637, 86.89792065787712, 84.15039763255172, 89.512357889397, 95.20560555179041, 97.61497177566525, 103.17021605095647, 114.73791078751636, 116.46483301640141, 114.71178836283896, 110.63934942695965, 106.89080464977152, 100.07227111952773, 88.78931154613883, 89.49531232825282, 96.9775037105267, 104.33427912582411, 114.08361487897653, 110.19647402492845, 102.60627192105284, 98.51412671330102, 25.30907763514687, 41.926369394149326, 61.25410810578773, 77.18748788946463, 95.25822554095755, 111.70438314562863, 119.64387792816592, 135.80346863629404, 142.17792171089644, 147.58427086844478, 143.3158601204755, 134.68710082350523, 129.84355468265642, 119.94397410689052, 114.7577759477095], [26.91567124392594, 20.499661589736252, 16.802556734316955, 22.0238678325088, 25.587920690783566, 29.124231040631802, 33.003211871693, 69.04625582553942, 73.73765536315018, 81.70217845350138, 89.84657395942192, 97.84136958575469, 91.68242906275631, 83.90196702207669, 75.45590153403505, 36.555469003497976, 27.821861227952827, 19.972378011526867, 10.805313798003686, 5.247707785769803, 0.0, 10.865528065313478, 18.281568997543943, 25.488455732543187, 35.1647602404076, 74.15077243511988, 81.6698387623064, 87.00261640966183, 95.05941562284745, 101.7736015907247, 100.77225240870901, 95.16305661065037, 88.76360867160787, 82.04693112099571, 76.25005722588749, 43.69758987251511, 48.94724203329279, 59.72564002159732, 62.41291422992028, 72.78659657176027, 80.19901507957209, 85.94557359084911, 88.39106885946623, 85.48059812418226, 72.09925476100027, 64.79498776125347, 59.20343468732971, 82.29463081360693, 79.25379286000323, 84.5442881133941, 90.30658887314017, 92.8338556305242, 98.5612451647142, 110.46283608638224, 111.92355801052548, 110.02826652657184, 105.87879774776638, 102.09401226505824, 95.3329453865602, 84.1987655913902, 84.59110716974288, 92.10557138489786, 99.71445746129355, 109.78036171683762, 105.69866465622039, 97.89928083351296, 93.79430533727006, 29.69692637291534, 43.110551227956186, 60.28323135420401, 75.14098202006446, 92.62399109931539, 108.33195692607768, 115.74067675777869, 131.24904218951474, 138.24293239316057, 144.25659661790496, 140.46966474171603, 132.2656599631778, 127.76138750714539, 118.6220334152913, 114.18938859111438], [20.76012360600652, 15.124126309625531, 16.84515747628484, 26.744590439509278, 25.93538947908755, 25.95000916282509, 28.517965320369214, 62.080320987173465, 66.54312896143404, 74.29245871213608, 82.58999462815063, 91.31442821287264, 84.75864294570613, 76.88387105483389, 68.62745997547593, 26.37414079574175, 17.5541089135462, 10.122684261524169, 7.0303792525173225, 14.179099348981016, 10.865528065313478, 0.0, 7.673722966843869, 15.353899592383858, 25.418552061740325, 65.30448926276316, 73.12338733404569, 78.82417714548001, 87.62530626717613, 95.06040434609955, 93.8070386208595, 87.54209967901593, 80.67867422951046, 73.75096542732399, 67.80036239327582, 35.15067809179566, 41.57217006566699, 52.399350329840345, 57.972203379722394, 68.16333146307576, 74.59658680938985, 79.84577827282986, 82.56442210885348, 79.25402148584138, 63.908581637138894, 56.41116231992748, 50.505535807234075, 81.73303403649976, 76.75050154147016, 80.10633131315872, 85.44983110483787, 87.50503042961904, 93.31387527686448, 106.01779257135698, 107.94695219924151, 106.39490041285755, 102.67279684185748, 99.47151519250868, 93.65972704310559, 83.43606544524107, 81.3038851180314, 87.65313166123109, 95.0285812334193, 105.50162977549469, 101.86681292683522, 94.64677503433016, 91.5469157782206, 39.302793040897356, 53.073477477891025, 68.41939420059549, 81.59841476104751, 98.05354957476506, 111.87039934133144, 117.45452913871111, 129.4681860431521, 135.77744914329054, 142.02220957454932, 137.81055307318013, 129.32302829566012, 123.99442693882565, 114.25685233970172, 108.87628922179982], [17.070836762179702, 13.64793103729485, 19.498320444173338, 30.872999362074818, 27.69879266231339, 24.91275916929542, 25.808600488070446, 55.98263297144904, 60.22757653384234, 67.80051209305864, 76.14817039307026, 85.26293342991616, 78.52471093098089, 70.64861828491641, 62.561228606210165, 18.82940255950958, 10.739356929326869, 6.294459978774191, 12.137329134710368, 21.365982515565086, 18.281568997543943, 7.673722966843869, 0.0, 7.836586844743956, 17.99120468856091, 58.129104368097586, 66.09077772070007, 71.97188068837733, 81.14620644020127, 88.94254463610554, 87.52234879373677, 80.92097507977451, 73.82827342052536, 66.79858664508176, 60.78213313607161, 28.470944223433122, 35.96105094898202, 47.135942537858774, 54.79807300413205, 64.72473305665251, 70.42904072958689, 75.11601850773073, 77.72471023981055, 73.94765744361862, 57.58418009031732, 49.78237317536967, 43.48066135410734, 81.06446968248866, 74.83762482302348, 76.7441820276148, 81.6494269643036, 83.22544532494008, 88.88537670583112, 101.82635756163377, 104.27641541177077, 103.1157584669939, 99.8218929840754, 97.14979265469506, 92.09964959034052, 82.54948500374566, 78.71620752125484, 84.08968362083147, 90.98547365174484, 101.44701452301547, 98.29273241146416, 91.74301490129432, 89.48134070724568, 45.940753934575504, 59.158750175044254, 73.26006671196423, 85.3088172372639, 101.11012450949325, 113.60505190783377, 117.89908468042164, 127.42489577114561, 132.69688148667927, 138.80998759019064, 134.160343207186, 125.41630932029089, 119.51729654346265, 109.4222806477732, 103.60179567148238], [14.533729459608567, 14.754814662797294, 23.252814578224246, 34.986979926917016, 30.11210033225916, 24.7895464449533, 23.544814243362676, 48.90430467860352, 52.951470403261744, 60.38956094109396, 68.76075419879966, 78.12639596986843, 71.26406534195215, 63.40983741282743, 55.47847728657089, 11.653295060145606, 7.59530829908905, 10.567380796581054, 19.20594187381424, 28.506973815457453, 25.488455732543187, 15.353899592383858, 7.836586844743956, 0.0, 10.166230996498456, 50.499750597824374, 58.564295034915894, 64.55665183316191, 73.95546902733838, 81.95386969392713, 80.35540407983466, 73.54923533430762, 66.31575324698544, 59.198187350360364, 53.13064733006369, 21.244061023060112, 30.028248035763575, 41.86737815528045, 51.44490640536744, 60.993148869024246, 65.99660904757424, 69.97394432314704, 72.20216433673146, 67.82993704399775, 50.89556956040592, 42.632273919810494, 35.801776635582506, 79.82199391679929, 72.53455282405514, 73.02762225354994, 77.40128803572468, 78.40676029438517, 83.7476751815345, 96.63511558207762, 99.7250559968921, 99.05195642398154, 96.26255484095053, 94.18252892564401, 89.92326338123326, 81.03920002512719, 75.67948235333192, 80.01535479134853, 86.1936722755858, 96.39827411693248, 93.82516715104923, 88.11817146701713, 86.74898254526587, 52.30629573235279, 64.33108788024991, 77.04628410849375, 87.93487196936353, 103.0934683744622, 114.28169285947995, 117.32017245404714, 124.45767145808664, 128.32930731239915, 134.1149517388525, 128.9747386276256, 119.974120010827, 113.58066100727052, 103.28268845951588, 97.35578751978402], [16.50707608709895, 20.575379403534214, 30.118836711588248, 41.50853238099078, 35.102596756562754, 27.476223618620388, 23.690648959265044, 39.931407516617654, 43.712726538326436, 50.94091300428573, 59.33370346566063, 69.01804199109158, 61.92924095383263, 54.1041240492645, 46.453230766673364, 6.599095042451958, 13.285692628450539, 19.920803287973655, 29.087387309853348, 38.18622122622191, 35.1647602404076, 25.418552061740325, 17.99120468856091, 10.166230996498456, 0.0, 40.935507029910816, 49.178157891846844, 55.34660309677944, 65.0708517230282, 73.3227087995612, 71.40650173262911, 64.3140090253249, 56.868362973285926, 49.59059617418012, 43.42943167170123, 12.502010232373989, 23.383986782931796, 35.796979547896434, 47.938275548376104, 56.69926467750034, 60.60978428899532, 63.50973630267146, 65.1702938958355, 59.98762181399404, 42.348960885422166, 33.43098305079559, 25.830608673302066, 78.62025706900924, 70.01273999942093, 68.54728604371317, 72.12005843211773, 72.31209612196757, 77.16065138504476, 89.91230661222714, 93.84671104754258, 93.8379080633968, 91.75452368049672, 90.49459239161466, 87.34508103957278, 79.46720994302812, 72.10553059432749, 74.94801308262305, 80.07363711403788, 89.87268562470605, 88.10672536209137, 83.59667742813609, 83.45898328283975, 61.15063578460456, 71.56492052100774, 82.39885227753888, 91.70021361459149, 105.87615083951071, 115.28329032910095, 116.65531289907055, 120.57280321312318, 122.61312158545498, 128.01180888334366, 122.30006727263505, 113.05411947882392, 106.07432734727364, 95.69810899469682, 89.84985974913863], [52.716765849237284, 59.25779513456782, 68.48369091571578, 78.22010657363059, 71.49177768076126, 62.327108830174694, 55.60117997535187, 26.442681963735584, 21.424931370619813, 20.858619014152733, 26.67667304875046, 38.709739459821854, 33.6071701368905, 29.647374597456974, 28.077286243651162, 40.327016099708516, 50.185344093337555, 58.14170848060912, 67.26743742732809, 76.18206224518882, 74.15077243511988, 65.30448926276316, 58.129104368097586, 50.499750597824374, 40.935507029910816, 0.0, 8.632230655563022, 15.509239184379549, 26.986239394631, 37.16239997496398, 34.685378260747, 25.707511032014224, 17.344973174133045, 10.72537493546207, 6.659670264829932, 35.63673031364575, 42.13871422815227, 49.968179679512744, 65.51877332336099, 69.50608906198133, 68.65332798729878, 65.7142528201989, 62.84667938334416, 53.19023020644029, 40.284567761262984, 31.68445938353959, 22.0108761240