{
	"dissimilarities": [[0.0, 7.3965677012796975, 16.042340671130166, 26.988766388844006, 18.68987708839204, 11.424496679708083, 9.555828511582133, 45.468938297260046, 51.24853001863956, 59.557016293771504, 67.79934708252776, 75.6661383958832, 68.39514375702197, 60.434624951919226, 51.9882661612373, 19.747137279998057, 18.760374189081116, 20.783762986969055, 25.004718083563564, 29.716347772263855, 27.873107268767306, 19.843411776189118, 15.84682411148306, 11.381767912452482, 13.756644750938504, 51.64014633795417, 58.645680994066005, 64.26092300810215, 72.45768219587747, 79.22706863426076, 77.54831420630586, 71.68153254744482, 65.15742789067038, 57.974012583169646, 51.89281311164534, 22.43500960057664, 25.96346748311933, 37.86784002032239, 41.7801934795895, 50.79900842817033, 57.554869808110176, 62.02782697281107, 63.849305954325324, 60.311232039683425, 46.537168070542634, 39.417589415619744, 35.904037525624396, 65.25115703093324, 61.96927058173202, 64.7325474175403, 68.06541562541031, 69.93190616219653, 74.42736647802943, 83.19064960321099, 85.15162248988183, 84.69465779794913, 81.54975832750222, 78.10467132462183, 73.36523846188962, 65.41057054604136, 66.70611603264548, 70.26197162842631, 74.235723245415, 81.28202542592064, 76.60293506004994, 73.57929239967207, 69.45954267901867, 53.58306098627879, 58.12197097990131, 68.05689207450634, 77.1848320226813, 90.75142160980349, 100.78064737536927, 102.69909595220426, 110.23393221253048, 118.5544779541337, 121.9454115296874, 117.65191932557123, 109.24573506819321, 106.09114527428568, 100.15764888948766, 97.03323923445443], [7.3965677012796975, 0.0, 9.774294054071474, 22.14432735719633, 14.229812694343163, 10.598938821282582, 13.429467993729837, 52.86412082473407, 58.6220649754082, 66.89560619448412, 75.15337048104927, 83.03726021207402, 75.7916433110197, 67.82344504520998, 59.37931545549781, 22.74679058136917, 18.29989449375299, 17.314556961810457, 19.473522953808764, 23.5904626540195, 21.440437590110022, 13.424970363983565, 11.543023890643344, 11.18672455945515, 18.08193972172084, 58.34613204220843, 65.40231237972075, 71.09736974659619, 79.44923328294986, 86.30475406694589, 84.73099610798802, 78.8140933262905, 72.19354606263205, 65.01113100213487, 58.90740042125724, 29.03553673532339, 32.04312276913718, 42.64409268851465, 45.23038292930852, 54.400051452970864, 61.706349135767105, 66.91718768524072, 69.43160833973303, 66.60110375517331, 52.76871584339321, 46.1979739067942, 42.905930789961744, 66.92963569096568, 64.56610877553992, 68.36653458955541, 72.17802580376127, 74.71961054684489, 79.70202427647972, 88.8245479383486, 89.94608539497854, 88.96255037760847, 85.26715707495987, 81.22055410628194, 75.9144585056564, 67.55573839441641, 69.94575666439422, 74.28438671633673, 78.91678604648115, 86.78133882630769, 81.180920624645, 77.47270556909788, 72.60916885200504, 48.63955395980651, 54.253353045564175, 65.31505324576405, 75.58590837431056, 89.63651915555039, 100.79981269461888, 103.80149980583701, 113.3126076727924, 123.38179261193561, 127.46496579863299, 123.7785771673233, 115.72736063720825, 112.91949086952002, 107.03532059778139, 103.68238876824968], [16.042340671130166, 9.774294054071474, 0.0, 12.86667900630077, 7.413715504029742, 12.18583297661518, 18.164504304352793, 60.42837991285113, 66.52467818770648, 74.9800373118909, 83.07188806423405, 90.26366975428392, 83.30970363292604, 75.38690949956744, 66.85172192196869, 32.17770454957016, 26.196391956931894, 22.096846522192575, 19.301681394550634, 19.1258992392533, 15.656211602249439, 13.477286005817938, 17.058275870294455, 20.09698018150722, 27.83000897968955, 67.5850053790503, 74.52214799294917, 80.02413707305232, 87.97118572941625, 94.34294628298457, 92.82563275480804, 87.29536566632531, 80.9701573342878, 73.87151871844819, 67.84189439542604, 38.21108183612882, 39.64089149829083, 48.93105452682815, 47.93071608107051, 56.83807139096305, 65.34537628970719, 71.3484612441417, 74.04041211920486, 72.13364388225395, 60.097469908323646, 54.242383431541846, 51.849199073737424, 65.54301260101319, 65.07593536516399, 70.65594686182243, 75.01365418596407, 78.34994163552369, 83.56450595050919, 92.43146444672031, 92.66875252932788, 91.11090976922944, 86.76429991026914, 82.01112766436043, 75.85835091497368, 66.87386652796016, 71.21275343368312, 76.70962095641462, 82.0693003774625, 90.32024519005999, 83.99347989663285, 79.41664285433602, 73.5174149864932, 42.97511660819504, 46.02980660816777, 56.98591328929762, 68.21465609010706, 82.85936065531313, 95.43782252242173, 100.09762312930445, 112.95362724206215, 124.53577240753492, 129.40849204206452, 126.72126680199877, 119.4145389476916, 117.60574501077146, 112.66490685287201, 110.63293669425714], [26.988766388844006, 22.14432735719633, 12.86667900630077, 0.0, 10.804252131802462, 20.137461442225256, 26.00061181927291, 67.71077346150831, 74.19058712887754, 82.81138332186111, 90.52557563368647, 96.50999331471729, 90.11908420510233, 82.40447770298465, 73.8681168457366, 44.6152564048608, 38.63897987404674, 33.487966639387366, 27.813091371063003, 22.809507737123024, 18.716548914812076, 23.859137541556212, 29.31252518966868, 32.72568393174469, 39.94207897174657, 77.66860876324651, 84.32392466459484, 89.41967081539255, 96.54737013211971, 102.02150081567831, 100.54499173123786, 95.72737565075657, 89.99797355999765, 83.10597181680595, 77.27478038600886, 48.7609311097674, 48.542455269560016, 56.70837178787236, 51.30230709190858, 59.358195849477305, 69.19808118779896, 75.72719733239003, 78.01416678170175, 77.01378802781798, 68.0571527645528, 62.911370130343066, 61.589035286232665, 62.81774212630082, 64.9756302190482, 72.59395981501432, 77.35913405576734, 81.35652723551678, 86.41338688072766, 94.33831240142578, 93.87234475048496, 91.8498626572188, 86.95065798855563, 81.59979872629064, 74.56074363979698, 64.97060539227965, 71.70912158057375, 78.39427156408932, 84.29356226343918, 92.2741004836976, 85.69286259363948, 80.32871552716317, 73.40943688512223, 39.75951866459256, 35.23957789127455, 44.36392871382059, 56.44167721878553, 71.92161936769394, 86.16297662853769, 92.97706884803223, 110.11165532323471, 122.47870361190009, 127.99450540758828, 126.47382320680705, 120.16325401296272, 119.74353032876672, 116.34900358911752, 116.69925873812686], [18.68987708839204, 14.229812694343163, 7.413715504029742, 10.804252131802462, 0.0, 9.95306956784674, 16.766031707223508, 60.32216632165741, 66.90348817385049, 75.53558662372537, 83.47621229054319, 90.08445972414135, 83.05611771095623, 75.01356505036154, 66.52870503565401, 36.79425883543957, 32.135061750989756, 29.089895770677163, 26.643755999749455, 25.506733788177602, 21.61556556427523, 20.676035030412265, 23.58792333405035, 25.303251591271604, 31.59502584404592, 69.71009796848068, 76.6530214139858, 82.09614563205872, 89.75457913081148, 95.82098345295023, 94.00812673407867, 88.66360331379936, 82.55263621921999, 75.40101153714697, 69.39254937615347, 39.543497845670025, 38.63111097024061, 46.44891395881873, 42.7932945957706, 51.408519550041305, 60.53902773938039, 66.98922859562421, 69.88003711722759, 68.84016650775148, 58.35440926381526, 53.542758571954145, 52.85427947662794, 58.500773645242376, 58.6573199022039, 65.01754515826995, 69.63423596494435, 73.42889483859265, 78.83344915909011, 87.73498063199801, 87.2430755866727, 85.33210903223393, 80.667434707308, 75.6195233352847, 69.17507124232827, 60.0264778897373, 65.07403518492352, 71.10157025129436, 76.85776349702367, 85.52555957370366, 78.59317827485609, 73.56019124924624, 67.21485307985387, 47.526948919345685, 45.83337845079948, 53.1039784983904, 62.71959492833534, 76.5239824906564, 88.51507998154128, 92.90205149123695, 106.16946315678528, 118.90180899583042, 124.62568854713187, 122.93060655071486, 116.49348356195435, 115.89572924320728, 112.60137690853547, 112.46332740123515], [11.424496679708083, 10.598938821282582, 12.18583297661518, 20.137461442225256, 9.95306956784674, 0.0, 7.322777496160394, 51.26752187541836, 57.85880635160969, 66.45512475601822, 74.48802394027668, 81.46599405700091, 74.08626314094323, 65.89698252461022, 57.477930924947245, 30.06932730950977, 27.934122957357726, 27.857359556749742, 28.991037998281914, 30.872632336878787, 27.69836173379913, 22.574022483070532, 21.862843425750548, 20.340052150864754, 24.053959744273563, 60.561927603832636, 67.59336245664352, 73.15895820853297, 81.00407891745547, 87.34820872021987, 85.31121029181601, 79.7069779392842, 73.45212800201725, 66.19467792425199, 60.135532936164104, 29.975654543863445, 28.723732767643867, 37.3404945433312, 36.17212554983, 45.17263075088147, 53.39354682064184, 59.202529241526534, 61.92807115892057, 60.24828620968423, 48.6732742993288, 43.658364050644785, 43.22974570464827, 56.37367236247172, 54.46569885897834, 59.10326052197616, 63.2262350697836, 66.31876267934926, 71.54780955617369, 80.75780427742254, 80.99634743388695, 79.6120775010354, 75.56263356322718, 71.21784282511372, 65.62697571185278, 57.100433706028625, 60.12543527216709, 65.06325518082357, 70.17536489987687, 78.57658695823567, 72.22073757334697, 67.97946293143535, 62.631606900267755, 54.392435193544266, 54.02507439942231, 60.47035553848784, 68.38906515657432, 81.1539809291596, 91.18647752148604, 93.48933510849086, 103.01163791274142, 114.3711617433146, 119.5466915726775, 117.15976594099648, 110.28062587684677, 109.18344883211877, 105.72020839349143, 105.25799263416755], [9.555828511582133, 13.429467993729837, 18.164504304352793, 26.00061181927291, 16.766031707223508, 7.322777496160394, 0.0, 43.955216810608505, 50.59231532691644, 59.21176504635032, 67.20856504286114, 74.15863470041887, 66.76458321280482, 58.58593140153137, 50.15871817704783, 27.60913890031232, 27.896960793871596, 29.771419794714678, 32.65225557674638, 35.57142787711009, 32.84905111415021, 26.765728825222805, 24.235373961885898, 20.35160731375537, 20.961362380576457, 54.0391027615665, 60.9610591803113, 66.40711877997022, 74.05558540434477, 80.28981541807819, 78.16553680979362, 72.63318147444242, 66.50395966208617, 59.28542938679697, 53.28977367581551, 23.980631193816183, 22.695757515632934, 32.815214610615456, 33.25266821946168, 42.15186002756247, 49.74930100604213, 54.71411592528568, 56.64015663985944, 54.119240806234764, 42.5776428871325, 36.990470257532245, 36.51373933294251, 55.75991869633743, 52.7413615992663, 56.13097637642332, 59.699765130492544, 62.003828750582535, 66.6874879190575, 75.51778732472187, 76.7513238287571, 75.9824191353435, 72.56767637203633, 68.91983970748457, 63.98794472572703, 55.92958678019548, 57.64163541258964, 61.65830644074231, 66.0116706775448, 73.48616875904274, 68.19125680225959, 64.745353303826, 60.26736027778433, 58.53884513466812, 58.09358386209037, 64.04274111287593, 71.00792664159287, 83.36384476207812, 92.26243377368722, 93.45107703214877, 100.8118827356502, 110.14637004137381, 114.49837134938899, 111.37138720717023, 104.03544424203983, 102.4898173621675, 98.87198973289871, 98.54194948221485], [45.468938297260046, 52.86412082473407, 60.42837991285113, 67.71077346150831, 60.32216632165741, 51.26752187541836, 43.955216810608505, 0.0, 7.587192357826576, 16.08148536855016, 23.493154200583753, 30.78544452290808, 22.968131331760667, 15.057425983443286, 6.596021326745238, 45.05032218844107, 53.69682793669934, 60.616371489493034, 67.58910881779467, 72.93308109572499, 71.75038776421006, 64.22165052485208, 58.25908885985897, 50.714699776387846, 41.91535640385162, 23.71061069165805, 26.887191224012707, 29.705536912638305, 34.17121440828436, 39.04887098159992, 35.90015249209147, 31.23833893152113, 27.16364724108686, 21.623898275264104, 18.3883116742419, 28.567501917475337, 29.732114466993867, 37.70848964013291, 47.23992253982713, 50.68956353193392, 50.793460103698344, 47.801503761999705, 42.72049313062578, 32.73944135608178, 26.878586440724256, 19.12563862892732, 17.368501342477877, 72.0056466141542, 64.1476100575273, 59.2611617296113, 58.151836285340885, 54.16152211272166, 53.33936171009146, 57.16803963014288, 66.12414341006352, 69.9341153520387, 71.4820645169421, 72.93727041221439, 72.93877250890698, 69.39641821861676, 63.39148085046654, 60.44072116140844, 58.28447166552688, 56.81682140946411, 60.96436942236734, 63.9041614563276, 66.0305885382549, 91.85068412348727, 92.0341049603522, 96.1973079571686, 98.99691228393912, 108.52721823866973, 111.38439353253243, 106.77322273660671, 100.74418035176001, 95.62578328845528, 93.31439015759025, 84.17217111114451, 73.05356804839381, 66.80796920393266, 60.96808900777025, 60.80485224270732], [51.24853001863956, 58.6220649754082, 66.52467818770648, 74.19058712887754, 66.90348817385049, 57.85880635160969, 50.59231532691644, 7.587192357826576, 0.0, 8.738012686382927, 16.6533651387138, 25.451299688627476, 17.787643169521193, 11.150723063242536, 6.317035303476942, 48.57451271952094, 57.62198887588773, 64.85654240270388, 72.23581279068554, 77.97970295520813, 77.10170767163099, 69.33051858424703, 63.062820756129184, 55.463724966719816, 46.32549901383087, 19.719409941190353, 21.073589414061146, 22.859590887571432, 26.64773846189072, 31.71405094422972, 28.523765972443996, 23.65621761354361, 19.912726066063076, 15.237458943071772, 13.718054278479473, 33.36466923666811, 35.97026359263749, 43.63632054731252, 54.3523720997497, 57.51577671334079, 56.77479722564605, 53.01905195792881, 47.52837030281776, 37.011942595200935, 31.39312639299176, 24.01783385392219, 20.404201676937863, 79.16313218192333, 71.00647944826243, 65.41595011958263, 63.85807931227147, 59.24295068320511, 57.77155614088364, 60.754754809922574, 70.63744681972017, 74.9658112617974, 77.08965104862848, 79.0556634097229, 79.53800880869805, 76.40917620879821, 69.82646113001965, 66.20477448624904, 63.335283600050204, 60.70716504281866, 66.05025765534906, 69.69361858831569, 72.45812254669123, 96.35782356392042, 97.81658039986577, 102.84893017475048, 105.9347137036131, 115.5928705533787, 118.28586214607654, 113.40713864068678, 106.1122273515465, 98.93348660511833, 95.2653408383431, 84.75317651352101, 72.63147079173775, 64.57381814792504, 56.72417220395458, 54.525424255858496], [59.557016293771504, 66.89560619448412, 74.9800373118909, 82.81138332186111, 75.53558662372537, 66.45512475601822, 59.21176504635032, 16.08148536855016, 8.738012686382927, 0.0, 8.486165944204311, 19.247894193140976, 12.048469933563391, 9.42809141560337, 12.026644031282002, 55.38296464886466, 64.71634981230335, 72.20179455546382, 79.878139147639, 85.88928922251529, 85.19057705354449, 77.2385687599563, 70.75690785264192, 63.12548815052583, 53.77323873939713, 20.248563625200234, 18.447884881101004, 17.910641646771058, 19.400583826913795, 24.131727705383984, 20.411750985758644, 15.59157283305998, 13.541651456251595, 12.024951689146404, 14.380465948673914, 40.93271300748298, 43.78935055283112, 50.37597076568877, 61.755261037797325, 64.26876448394478, 62.44975049990625, 57.71534834710234, 51.65207129970104, 40.804931417420626, 36.64419681146363, 30.563157882248394, 27.113580949090455, 86.18992949535208, 77.60364406951817, 71.06911981043821, 68.89931302499664, 63.51314317922595, 61.197248840010076, 63.103022884470356, 73.96497862144057, 78.91279853346161, 81.78379829837945, 84.45034481179515, 85.63452899559347, 83.18675721052303, 75.76732401545523, 71.25251520238041, 67.46379935938937, 63.410329338563805, 70.17157100088211, 74.70809510019318, 78.34620745455312, 103.85301317380221, 105.90412606136928, 111.07439298921517, 113.90345017024201, 123.24850617357477, 125.25982083086012, 119.67422159404985, 110.335746817787, 100.80131997562941, 95.74914965335647, 83.941423669729, 71.04045289239157, 61.38349215025526, 52.17437626271046, 48.62012924357481], [67.79934708252776, 75.15337048104927, 83.07188806423405, 90.52557563368647, 83.47621229054319, 74.48802394027668, 67.20856504286114, 23.493154200583753, 16.6533651387138, 8.486165944204311, 0.0, 11.978083733891035, 7.407539941051819, 11.834079629734838, 18.191889542345788, 63.770088865398755, 73.076728029705, 80.49106788507743, 88.05731077563398, 93.91203836202853, 93.22785815292762, 85.51826749040164, 79.12306521013562, 71.53389003692124, 62.22720619601042, 26.943462700817893, 23.200584713577847, 20.267280284616067, 17.1317891332006, 18.787236718626986, 14.283154586637293, 12.393420167669737, 15.074877229281439, 17.51268123548345, 21.685860588369675, 49.383681854964145, 51.73235363828279, 57.38699261839102, 68.07685845287635, 69.76408369281187, 67.31868398121468, 61.7414032797553, 54.73214048538377, 43.808322150794886, 42.760212109983044, 37.97644703828987, 35.50397871262254, 91.13963283535564, 82.51426954052299, 75.40114685504382, 72.6601987312122, 66.5896890469042, 63.21593573276933, 63.44783828205682, 75.37965522205816, 80.97386172719672, 84.58516148217277, 87.95209975979375, 89.74789595478971, 87.94093135445083, 80.02788948337499, 74.80657379119343, 70.11848851448107, 64.19843422830006, 72.64588387058491, 78.00120484634144, 82.4018753864052, 111.15714378519766, 112.56231518138057, 117.09709365295025, 119.23238593074481, 128.03823982298084, 129.16959109880597, 122.91797810946784, 111.91246965352015, 99.487623687653, 92.91385908319066, 79.8848386785738, 66.34795052842117, 55.47689437792232, 45.90217412483035, 43.33379163435797], [75.6661383958832, 83.03726021207402, 90.26366975428392, 96.50999331471729, 90.08445972414135, 81.46599405700091, 74.15863470041887, 30.78544452290808, 25.451299688627476, 19.247894193140976, 11.978083733891035, 0.0, 9.550190458830079, 17.706660542823034, 24.77592531789957, 73.76212510945349, 82.66626791413557, 89.5821945789901, 96.47270876578236, 101.56373628341609, 100.68122837763443, 93.84672222271656, 87.96228060296257, 80.541948328866, 71.62578935486901, 38.756675927427445, 34.93722027025752, 31.26560649237763, 25.12267071641109, 21.357493044853815, 17.550376011317393, 21.116829034298732, 26.328104503812746, 29.424453431963304, 33.33675700966052, 58.72056403059819, 59.75258797388014, 64.58373883592913, 72.68673711565252, 73.22013722287258, 70.7945854806488, 64.56602366297521, 56.00429331995216, 45.4000871693213, 49.768044820460254, 46.29862106800273, 45.49020094256884, 92.58596981039567, 84.60155512781274, 77.49271445710546, 74.22949144019643, 67.5995987990537, 62.76773327905064, 60.16113817945277, 73.42379385954754, 79.74199234064778, 84.10862540090395, 88.19798370819704, 90.47668518359926, 89.28843160868776, 81.45169503166039, 75.80859889940058, 70.22086681480422, 61.55166239990311, 72.26391856276037, 78.34457647223269, 83.35099495241359, 117.52279961346035, 116.43951261294264, 119.14159965675503, 119.87220897949776, 127.73205550045132, 127.63802557145523, 120.81324807989519, 108.80725182306672, 92.32174433801815, 83.80285445586824, 69.46449495475048, 55.27521844205335, 43.71174360055364, 36.01801853393085, 40.12610684092407], [68.39514375702197, 75.7916433110197, 83.30970363292604, 90.11908420510233, 83.05611771095623, 74.08626314094323, 66.76458321280482, 22.968131331760667, 17.787643169521193, 12.048469933563391, 7.407539941051819, 9.550190458830079, 0.0, 8.60933508390021, 16.62903837544703, 66.21621632019183, 75.38490269956762, 82.629939267811, 89.864184451588, 95.29492719091792, 94.29321428640066, 86.87445805930159, 80.73694296830882, 73.1301828236682, 63.97811946678834, 31.89707331312155, 29.295352718100084, 27.21986750663164, 24.452325792796113, 24.7654002400791, 20.19491844846218, 19.59799287337101, 21.917712718916494, 23.047552965572464, 26.079866279897583, 50.42759282733676, 51.005906584825084, 55.43024779245722, 64.61158986981198, 65.47656568738009, 62.79770350234558, 56.79800377354329, 49.03954308225394, 38.18667841078493, 40.43952462901841, 37.05173653350581, 36.96333514114523, 86.19335952505747, 77.59137614542449, 70.24204899097494, 67.19943008817857, 60.83398055471643, 56.89088813814024, 56.36474920321272, 68.6401472028166, 74.4683376241467, 78.37442059887164, 82.07563401411998, 84.1988187370889, 82.84593661297721, 74.67126072617891, 69.12868658246674, 64.02600289232412, 57.25480773508952, 66.3963688734516, 72.09076349494069, 76.86937858246316, 112.78019195945814, 112.21340301570075, 114.99457525097559, 115.92365690321465, 123.81178479561976, 123.95322259550952, 116.99689617971173, 105.04204314881008, 92.17209514715383, 85.87185774064966, 73.38652030256218, 60.510555101635305, 51.235689449269614, 45.136389851703534, 47.32384528593604], [60.434624951919226, 67.82344504520998, 75.38690949956744, 82.40447770298465, 75.01356505036154, 65.89698252461022, 58.58593140153137, 15.057425983443286, 11.150723063242536, 9.42809141560337, 11.834079629734838, 17.706660542823034, 8.60933508390021, 0.0, 8.581283088865733, 58.79105716198295, 67.93251394624062, 75.21147266381458, 82.46729246692813, 87.93965698480397, 86.7984521262156, 79.17467117196279, 73.02136947309472, 65.36199590599041, 56.22395587900206, 27.590575278691457, 27.019220231708555, 26.991235512948826, 27.59065103637464, 30.38825859437919, 26.083110373267235, 23.03148168411598, 22.200782400542934, 20.384555339267493, 21.408976548407818, 42.31065124790232, 42.41575047596504, 47.067363462971514, 56.601366081340586, 58.00901165051439, 55.75888680839854, 50.41537091575982, 43.42879939514702, 32.48015529300823, 32.528421002753284, 28.60603378518969, 29.164288978878, 79.40408459974765, 70.68026977818744, 63.701855905494504, 61.128456047490694, 55.340999095976805, 52.41516483177998, 53.73858670519234, 64.88463489677409, 70.0784004790109, 73.29080437765504, 76.37155166224817, 78.00398818118201, 76.16460560920933, 68.25576509216532, 63.26761533422385, 58.96968540527511, 54.13076092151218, 61.54258791224572, 66.50566070542865, 70.66122277755261, 106.35917450858696, 105.82933058779021, 108.63556172020472, 109.84481635878433, 117.94963768386681, 118.63154083446267, 112.03954809660944, 101.33674062912009, 91.69058202019795, 87.26759772180078, 76.39378116500113, 64.52782368951252, 57.03741133934462, 51.9358515021304, 53.605325836290895], [51.9882661612373, 59.37931545549781, 66.85172192196869, 73.8681168457366, 66.52870503565401, 57.477930924947245, 50.15871817704783, 6.596021326745238, 6.317035303476942, 12.026644031282002, 18.191889542345788, 24.77592531789957, 16.62903837544703, 8.581283088865733, 0.0, 51.304938599777365, 60.133233667054775, 67.15919587574169, 74.1780073958859, 79.48681290067721, 78.28659885745057, 70.81143570470822, 64.82669108443113, 57.2497596057802, 48.34538644349282, 25.261425273292424, 26.80570319654458, 28.416638715929103, 31.249504236264134, 35.19731003372584, 31.568275703511333, 27.60038625834575, 24.812618132113144, 20.641353241795027, 19.215698735183093, 34.681552074268374, 35.05616835953878, 41.33283099436593, 50.59521487313525, 53.013648165887915, 52.09330720490396, 47.989343559339865, 41.85111356459576, 31.233753010674107, 28.539356348979528, 22.6994579438815, 22.517716732142137, 74.309951011294, 66.08860866008983, 60.267616008085085, 58.47842107481761, 53.64499820779874, 51.82324155313872, 54.48941379338616, 64.4941049693925, 68.94691766072745, 71.24509426586053, 73.44537519530866, 74.17594028511182, 71.40128210669656, 64.54317435112007, 60.66913260127197, 57.525769893178825, 54.46729718607714, 60.14514108754471, 64.00646969205039, 67.05695646100122, 98.09515712444525, 97.64904341298075, 100.9750311951537, 102.9155692918059, 111.73560472369063, 113.54314903714285, 108.01828657226613, 99.95759101116224, 92.78214499488548, 89.58277215374977, 79.7485686479381, 68.34386994863561, 61.73987761816898, 56.456721976251025, 57.49872126595221], [19.747137279998057, 22.74679058136917, 32.17770454957016, 44.6152564048608, 36.79425883543957, 30.06932730950977, 27.60913890031232, 45.05032218844107, 48.57451271952094, 55.38296464886466, 63.770088865398755, 73.76212510945349, 66.21621632019183, 58.79105716198295, 51.304938599777365, 0.0, 10.290697521808033, 19.373485698764746, 29.277071897113032, 38.09674491108885, 38.24676704512482, 27.007191877975096, 18.94775186628646, 12.321182990413462, 6.825484347155226, 41.44679256745123, 48.53196280719322, 54.706577829146696, 64.3804974995074, 72.76490715558984, 71.46080420182763, 64.43471573958507, 56.92032711608881, 49.92424104377051, 43.953221542066046, 19.135595636754264, 29.43740302610259, 41.65686371987921, 53.22416753343761, 61.92033505452147, 65.73966539977975, 68.6318679964967, 70.59472007687197, 65.36277743328951, 47.01418988545881, 38.43777512257317, 30.583223429344688, 80.81796713040839, 75.14788077746347, 75.0532659198336, 77.43804016069802, 77.99372825072788, 82.1558531952372, 91.41701806915002, 94.67356664848114, 95.02471747551178, 92.87611607957572, 90.42933969257896, 87.00710107576069, 80.21033698973707, 78.7479383278763, 80.38165958681708, 83.1271526195688, 89.65960529018483, 86.08200883633681, 84.48273612386261, 82.00984642146747, 61.68433576698412, 73.73452569373133, 86.90394505092475, 96.8462473290224, 110.448313122622, 119.85576813837531, 120.45300531332406, 123.89818704218405, 130.40308753654122, 132.30941659713005, 125.97701499837436, 115.90562750344381, 109.97977955484981, 100.54876105571545, 91.99923680511361], [18.760374189081116, 18.29989449375299, 26.196391956931894, 38.63897987404674, 32.135061750989756, 27.934122957357726, 27.896960793871596, 53.69682793669934, 57.62198887588773, 64.71634981230335, 73.076728029705, 82.66626791413557, 75.38490269956762, 67.93251394624062, 60.133233667054775, 10.290697521808033, 0.0, 9.261942621341163, 19.463756625550932, 28.76250547713453, 29.30941676581436, 17.909701560326962, 10.137992316583002, 7.664023572070613, 12.561515668621716, 51.32294027588599, 58.24312980352926, 64.21809429818951, 73.61419031690315, 81.66339944510301, 80.60278722622434, 73.87937565053544, 66.55993420831125, 59.67515418776583, 53.75581293362694, 27.759659218202387, 36.32815395382636, 48.01791038490329, 56.9905318831089, 66.09852346766725, 71.15287176998889, 75.04693825952491, 77.48277127288549, 73.0069092142093, 55.44772576845072, 47.344934365380816, 40.25088548446506, 82.50917785286987, 78.20347732236654, 79.68064339117042, 82.71131069407852, 84.10784802619742, 88.73189242845987, 98.12118399720225, 100.57398357486207, 100.35106697225346, 97.50997481618327, 94.30332092444932, 90.03150856776044, 82.50590986066537, 82.67038948441473, 85.43471500388044, 89.01324533718929, 96.24515413231164, 91.7724263210084, 89.28038550098186, 85.76342033663019, 52.835371812552474, 66.86830051000909, 81.84595124374499, 93.3472858642943, 107.83479393704461, 118.84864909258384, 121.06987200247303, 127.57287138482545, 135.66645158694934, 138.19199136582105, 132.47821920829952, 122.73060342780207, 117.24941623496905, 107.8703553884878, 99.48916725675959], [20.783762986969055, 17.314556961810457, 22.096846522192575, 33.487966639387366, 29.089895770677163, 27.857359556749742, 29.771419794714678, 60.616371489493034, 64.85654240270388, 72.20179455546382, 80.49106788507743, 89.5821945789901, 82.629939267811, 75.21147266381458, 67.15919587574169, 19.373485698764746, 9.261942621341163, 0.0, 10.346720297735024, 19.964902261329655, 21.047371583717524, 10.559392976497183, 6.354421318328837, 11.596545604285186, 20.253817899349663, 59.67665671642124, 66.43185457038743, 72.16432939988795, 81.16291484533983, 88.76235183036053, 87.91082796453333, 81.56966856578063, 74.52202074268158, 67.74733672248817, 61.886861155798925, 35.530416826952155, 42.968747014433944, 54.40473448389103, 60.87590557355359, 70.12242951478717, 76.26123421248128, 80.83147600708294, 83.34468797043175, 79.36593204159401, 62.92944514047374, 55.03647267121836, 48.376516137200205, 84.0300848961331, 81.10025777371632, 83.95673167636387, 87.44988305773629, 89.4412653983273, 94.25089290966787, 103.43821159401516, 105.4031127307156, 104.79351681149997, 101.44792217020952, 97.6774068259701, 92.6947185965593, 84.56193973187702, 86.21753378128386, 89.90100887024714, 94.05503752920204, 101.52538976575411, 96.59173521587633, 93.43475548608377, 89.08573384862507, 44.15652103904397, 59.713491948760954, 76.38555554303946, 89.31557451576943, 104.65169882351412, 117.1337502956719, 120.92560162849666, 130.31358605078182, 139.27555892349162, 142.14267407680046, 136.88551225352754, 127.39972573756154, 122.31241373690047, 113.06058261230832, 105.15949858626595], [25.004718083563564, 19.473522953808764, 19.301681394550634, 27.813091371063003, 26.643755999749455, 28.991037998281914, 32.65225557674638, 67.58910881779467, 72.23581279068554, 79.878139147639, 88.05731077563398, 96.47270876578236, 89.864184451588, 82.46729246692813, 74.1780073958859, 29.277071897113032, 19.463756625550932, 10.346720297735024, 0.0, 9.830177463666463, 11.698512398102334, 7.067722458294043, 12.13360270896925, 19.486543407687314, 28.987897028329368, 68.66432262467315, 75.28801066582025, 80.76862520850202, 89.27068921615324, 96.2995459818412, 95.58012986587457, 89.69654591743017, 82.98846771461466, 76.29129822299417, 70.47564648536131, 43.714208445269975, 49.839461610717024, 60.894294286162314, 64.49192614341204, 73.69060252027754, 80.96850671176203, 86.18931031912368, 88.67943278303136, 85.2864938477332, 70.36087318401664, 62.77734258314527, 56.788859957844736, 84.59388639868443, 83.2689173094028, 87.62254658788696, 91.56621629104947, 94.16628658120686, 99.09614154742398, 107.93831043377938, 109.3639814302875, 108.34981742197897, 104.48919833469868, 100.15100636908814, 94.4295502431629, 85.70790475637284, 89.01479522338639, 93.66639730087645, 98.39010858101746, 106.00248694977996, 100.64269630073913, 96.79542406891909, 91.58256534671966, 34.65862838474165, 50.9188715224729, 69.13529195169744, 83.48508745769911, 99.63527347179176, 113.63892578529295, 119.15654629265646, 131.7480472291963, 141.56975152772665, 144.85989481820408, 140.24428514824803, 131.209062024109, 126.7904271112908, 118.07663767979105, 111.27030541380381], [29.716347772263855, 23.5904626540195, 19.1258992392533, 22.809507737123024, 25.506733788177602, 30.872632336878787, 35.57142787711009, 72.93308109572499, 77.97970295520813, 85.88928922251529, 93.91203836202853, 101.56373628341609, 95.29492719091792, 87.93965698480397, 79.48681290067721, 38.09674491108885, 28.76250547713453, 19.964902261329655, 9.830177463666463, 0.0, 4.259467149744203, 12.775214137403175, 20.307256239607504, 27.334665740533467, 36.79222419914364, 76.22800104874864, 82.73478171928143, 87.96696118259132, 95.92927222829562, 102.3429672829961, 101.67467957108286, 96.27056859299458, 89.93698866981725, 83.30562159787779, 77.54266521421862, 50.60376180069032, 55.46031397171199, 66.11853819097855, 66.954724937943, 75.9140133265447, 84.18879938268007, 89.88731810890246, 92.19980510570709, 89.3511210198754, 76.15316266592355, 68.90996468895902, 63.67538154614609, 83.83988673123895, 84.07362324991917, 89.76387677920893, 94.04536148902652, 97.13070972394802, 102.05095692739364, 110.3987145118771, 111.37963290145656, 110.04373023855872, 105.77616998940034, 100.99538084235289, 94.65268138790337, 85.47049522308649, 90.28992472002149, 95.76632299947667, 100.9196227727971, 108.47318648678262, 102.86843507614975, 98.45660102659197, 92.52471048594128, 26.763108153026828, 41.7552647585208, 61.02824563928457, 76.52623141948766, 93.34698411370235, 108.64030341930257, 115.72693419456574, 131.2578892583342, 141.63115151202604, 145.2924902056114, 141.3563733976495, 132.86646468193052, 129.25453893666653, 121.37922245853319, 116.08460178822361], [27.873107268767306, 21.440437590110022, 15.656211602249439, 18.716548914812076, 21.61556556427523, 27.69836173379913, 32.84905111415021, 71.75038776421006, 77.10170767163099, 85.19057705354449, 93.22785815292762, 100.68122837763443, 94.29321428640066, 86.7984521262156, 78.28659885745057, 38.24676704512482, 29.30941676581436, 21.047371583717524, 11.698512398102334, 4.259467149744203, 0.0, 12.158401012090609, 20.068941045098114, 26.799268192432677, 36.24449688871127, 76.16502944688013, 82.78551280152915, 88.07328227883242, 95.99738147522618, 102.34014086193227, 101.48804350593875, 96.10287443393543, 89.79561791663494, 83.04483219454373, 77.20566247457118, 49.47440108961531, 53.440024470420234, 63.649507652416126, 63.58296315308927, 72.46900011833525, 80.9770729586281, 86.88409622409712, 89.32946236692119, 86.84756788367888, 74.13659613517557, 67.28235860963282, 62.773357732314494, 79.80369952806385, 80.26634270232994, 86.2540788788565, 90.65143400418147, 93.94093946175802, 98.97599908891017, 107.39970048118722, 108.03901910813761, 106.53766457837557, 102.12465395294194, 97.2108629210347, 90.7511688568709, 81.5136806610642, 86.6006117466019, 92.29356765659891, 97.62906795941765, 105.41931120182986, 99.50973521386418, 94.89682479498904, 88.7791089209322, 28.842304706081674, 40.32979750506302, 58.09943083178085, 73.06909888552345, 89.60064984124563, 104.68504177456516, 111.65757415718873, 127.3476652712158, 138.32446791141106, 142.41961294613208, 138.96513551578096, 130.88354714429371, 127.86330962768375, 120.812054443364, 116.48978767263418], [19.843411776189118, 13.424970363983565, 13.477286005817938, 23.859137541556212, 20.676035030412265, 22.574022483070532, 26.765728825222805, 64.22165052485208, 69.33051858424703, 77.2385687599563, 85.51826749040164, 93.84672222271656, 86.87445805930159, 79.17467117196279, 70.81143570470822, 27.007191877975096, 17.909701560326962, 10.559392976497183, 7.067722458294043, 12.775214137403175, 12.158401012090609, 0.0, 8.175036709755497, 15.574865800525345, 25.48499484119086, 66.65692434560619, 73.56056941230081, 79.2478976053694, 87.87772175883262, 94.99222470533567, 93.90910451583913, 87.88465916464736, 81.08245010868056, 74.11839569844918, 68.12024644331972, 39.57656730355776, 44.40438097236314, 54.768138098061364, 57.82070795647915, 67.0379006946938, 74.37650698366885, 79.85932944613984, 82.73594875823814, 79.85216407668416, 65.06797991068603, 58.10953153530513, 53.287918337488335, 78.05684181511594, 76.52685316524148, 80.9249728852207, 84.98284224270763, 87.81433143662261, 93.01111091094984, 102.24038064825554, 103.1554478442408, 101.92831709804992, 97.92443228348579, 93.48075955920044, 87.767305495404, 79.11994950909084, 82.33490264390782, 87.0962653510797, 92.03490513466366, 100.18568162646417, 94.2846384278088, 90.24647601834687, 84.9391882730144, 39.34856965790127, 51.5421950083759, 67.15752899730583, 80.21962514723187, 95.57246632472196, 108.75915619078903, 113.54028604770019, 125.39007149342378, 136.2107580972849, 140.1913827835793, 136.23556927300274, 127.76332609770283, 124.15299212380145, 116.65440995979446, 111.11477631072384], [15.84682411148306, 11.543023890643344, 17.058275870294455, 29.31252518966868, 23.58792333405035, 21.862843425750548, 24.235373961885898, 58.25908885985897, 63.062820756129184, 70.75690785264192, 79.12306521013562, 87.96228060296257, 80.73694296830882, 73.02136947309472, 64.82669108443113, 18.94775186628646, 10.137992316583002, 6.354421318328837, 12.13360270896925, 20.307256239607504, 20.068941045098114, 8.175036709755497, 0.0, 7.961655021652345, 17.887013891835633, 59.24428734030893, 66.24953082854086, 72.11664491543021, 81.09558658723358, 88.61857315167174, 87.4369355223122, 81.08170549011774, 74.03661046808594, 67.01081260575032, 60.97330338416915, 32.571491300688784, 38.52971132256625, 49.41141120641752, 54.94904512421569, 64.22231109066156, 70.62030627010593, 75.52130832456912, 78.33675669928014, 74.89973793889598, 58.88665188460873, 51.595130230377485, 46.21588665425143, 77.8374222090388, 74.95344762305261, 78.06613823872054, 81.72232048962437, 84.00143624893272, 89.04989108200473, 98.49897369294622, 99.94912292171024, 99.10302699190525, 95.56285808665041, 91.62877798108035, 86.54849735114475, 78.39497393315825, 80.20239611042165, 84.12308608652327, 88.54447656334281, 96.48062400545959, 91.02942188243999, 87.60679837226601, 83.053579669141, 46.123165700394644, 58.39388643256589, 73.05962359526771, 85.032343675729, 99.77306621852415, 111.72697484334715, 115.12052694325746, 124.34180305056248, 134.23725460256742, 137.77199669410098, 133.21990717859, 124.33281171886607, 120.13514023614812, 112.1642718682319, 105.78773191051675], [11.381767912452482, 11.18672455945515, 20.09698018150722, 32.72568393174469, 25.303251591271604, 20.340052150864754, 20.35160731375537, 50.714699776387846, 55.463724966719816, 63.12548815052583, 71.53389003692124, 80.541948328866, 73.1301828236682, 65.36199590599041, 57.2497596057802, 12.321182990413462, 7.664023572070613, 11.596545604285186, 19.486543407687314, 27.334665740533467, 26.799268192432677, 15.574865800525345, 7.961655021652345, 0.0, 9.985227868719317, 51.68925727595745, 58.799849039727555, 64.75711316674797, 73.82449361789334, 81.47751873541311, 80.10927503018011, 73.6190735380822, 66.50476975563163, 59.380219912771736, 53.28425619462095, 24.655424922137417, 31.379364168338622, 43.02325704673835, 50.2379713877505, 59.40557766901551, 65.10978300353676, 69.39475819536763, 71.86017354633987, 67.91663651965915, 51.46500694905671, 43.84784104144845, 38.27837625736731, 75.05111518476296, 71.11765499401662, 73.15356592422431, 76.39202415546254, 78.10841652236869, 82.85679521329662, 92.23265796930673, 94.26351141696514, 93.82694958841121, 90.7611263179558, 87.35600166309256, 82.85069097554164, 75.14578022997063, 75.78451677685591, 78.94822341183452, 82.8217573570661, 90.28756955382183, 85.44710738841212, 82.62450980423795, 78.77661220827376, 52.4236925514327, 62.86197593673493, 75.91931703465849, 86.5568188317863, 100.6281711472313, 111.29777950052174, 113.40875262257553, 120.36829460285138, 129.07038439449047, 132.17461311363718, 127.20313019070909, 118.10188601019414, 113.67621743788439, 105.79832244101922, 99.56405763087592], [13.756644750938504, 18.08193972172084, 27.83000897968955, 39.94207897174657, 31.59502584404592, 24.053959744273563, 20.961362380576457, 41.91535640385162, 46.32549901383087, 53.77323873939713, 62.22720619601042, 71.62578935486901, 63.97811946678834, 56.22395587900206, 48.34538644349282, 6.825484347155226, 12.561515668621716, 20.253817899349663, 28.987897028329368, 36.79222419914364, 36.24449688871127, 25.48499484119086, 17.887013891835633, 9.985227868719317, 0.0, 41.990093572124294, 49.22189217252749, 55.31698436346171, 64.5806156787267, 72.50707155088503, 70.9337025680405, 64.1926420619012, 56.9299598182342, 49.7092786634129, 43.5610351390424, 15.341254613324365, 24.324822288118014, 37.051717794309695, 47.148186429920266, 55.917026901701966, 60.347571722928116, 63.54657638857884, 65.42187464742055, 60.57097118851411, 43.26124792311004, 34.94159132838254, 28.515553383873108, 74.2743314440457, 68.90438182206418, 69.26603767782157, 71.80918588841007, 72.59964227530287, 76.82131797866575, 86.00891828425326, 88.98963732974138, 89.19886503991506, 86.8835799043357, 84.29737080151342, 80.68307198132756, 73.72536402125988, 72.6424278600624, 74.59734002672404, 77.56290371323173, 84.20424240228283, 80.39900154607797, 78.54613141533214, 75.81364401298674, 60.85184375846244, 70.0456620481787, 81.62339494522523, 90.80094585404974, 104.05254404935455, 113.1454690453929, 113.65436575773136, 117.51589408425154, 124.36699387203602, 126.70823625984808, 120.97686840772363, 111.43502689612113, 106.43279885294116, 98.33768232870418, 91.82478305269834], [51.64014633795417, 58.34613204220843, 67.5850053790503, 77.66860876324651, 69.71009796848068, 60.561927603832636, 54.0391027615665, 23.71061069165805, 19.719409941190353, 20.248563625200234, 26.943462700817893, 38.756675927427445, 31.89707331312155, 27.590575278691457, 25.261425273292424, 41.44679256745123, 51.32294027588599, 59.67665671642124, 68.66432262467315, 76.22800104874864, 76.16502944688013, 66.65692434560619, 59.24428734030893, 51.68925727595745, 41.990093572124294, 0.0, 7.561552962126562, 14.244691031342661, 24.67951876802238, 34.34103725792308, 32.37985467706001, 24.23274197471813, 16.097655548089886, 9.71249363306144, 6.2331724439826, 31.571862920645685, 38.895570353715364, 47.511966470156274, 63.08128753001591, 67.80474417939037, 66.44376176172726, 63.53250773757971, 60.72638586328564, 51.0777736438237, 37.38872144028181, 28.800928587375893, 19.132972787055152, 91.45834666009952, 82.52453942505413, 76.711526337771