{
	"dissimilarities": [[0.0, 7.398492268643726, 16.04134642574201, 26.939657247400994, 18.597926852058166, 11.381322209734071, 9.527198819080034, 45.47909946471175, 51.2544456361467, 59.563598300084806, 67.81305146291217, 75.68269831503129, 68.40797422613751, 60.266385973943144, 52.00975827619284, 19.564145926501084, 18.983597493817022, 20.851284895889652, 24.99651888861041, 30.0946724284613, 28.069719244455673, 19.80344826670954, 15.995386502093812, 11.446171291625246, 13.487649260379845, 51.8005516550572, 58.49897589888481, 64.2535142927899, 72.46007481719077, 79.22744840738433, 77.44187679834985, 71.7394782359986, 65.04168952860047, 57.81302741056107, 51.9737756020765, 22.31216092754131, 26.04128397681998, 37.7710448423342, 41.718071221191146, 50.73036910414191, 57.389928888252896, 61.884137318974894, 63.82798583028116, 60.34150689766971, 46.562862631330184, 39.44609688652043, 35.84966871389927, 64.23685831204033, 61.91759173531262, 63.75515550413523, 67.93021608876934, 69.858445359312, 74.3736491213938, 82.38976550971395, 84.2627977843834, 83.77784179674586, 81.53603401095317, 78.07990793827423, 73.36497592712658, 64.30067592719047, 66.58142605258838, 70.04165593357394, 73.99995874314008, 81.24752587227445, 75.57818292071059, 73.52554548512687, 69.43979039132385, 54.03108975781774, 57.61852521214855, 67.7558283378914, 77.38342436114914, 91.17098981599057, 101.28873292887141, 103.45758257544965, 110.3334587632105, 118.64281012855939, 122.46970986634949, 118.83505701168491, 110.90401170567245, 107.94400907878038, 102.10219914754865, 97.09664224618585], [7.398492268643726, 0.0, 9.761705943068502, 22.073945372313347, 14.112454871296807, 10.575295350318354, 13.428179622565118, 52.876146675352636, 58.63011118333431, 66.90460887249215, 75.16882908965682, 83.0531692666274, 75.80632966021379, 67.6602093515374, 59.40226283526971, 22.590643196567203, 18.55400307794232, 17.420582924322165, 19.45987288267747, 24.03031516886451, 21.670810323830718, 13.383065781515088, 11.79011777243476, 11.268938773208639, 17.875497670686713, 58.49690576068993, 65.29450024113729, 71.09490069471563, 79.45426913226824, 86.3065817435772, 84.64919547533309, 78.8712315109813, 72.10929677688995, 64.88894376593511, 58.98553456995915, 28.946081917332545, 32.11733308667708, 42.56737691743566, 45.17611958516471, 54.338519845583846, 61.55662911407974, 66.78896218921643, 69.41664779327803, 66.63378232395667, 52.800687206063955, 46.23075336594241, 42.86619870389854, 65.92076243199953, 64.51582934028976, 67.4301436726752, 72.05302059891869, 74.65496184357757, 79.65513069363246, 88.06243540570372, 89.095809497146, 88.08149724047252, 85.25641585046931, 81.19797435758976, 75.91542731568587, 66.34504866373744, 69.82405936839362, 74.07442297649449, 78.69403424029709, 86.74798927295312, 80.20145015534652, 77.4232095452459, 72.59153649390653, 49.10896126966332, 53.72810880907503, 64.9661116250366, 75.7739188283204, 90.04629011020533, 101.29454955077706, 104.53792195604129, 113.4075253548382, 123.4641055785756, 127.96317672160066, 124.90090893184558, 117.32940743584047, 114.71810622926685, 108.91521469605784, 103.73934199024896], [16.04134642574201, 9.761705943068502, 0.0, 12.806651944122827, 7.400866552240082, 12.3596198637632, 18.30200774644569, 60.45180483725263, 66.534164850121, 74.98902741069023, 83.10126656251862, 90.26931828308406, 83.34840939653586, 75.28278667286753, 66.9026545900748, 32.00445869272747, 26.477224511426, 22.327268187702543, 19.304940990115174, 19.435619558480845, 15.833840007821323, 13.600177723929162, 17.449685120264746, 20.17132749300526, 27.60419060642534, 67.7525479245449, 74.408834302663, 80.01378362398944, 87.97166448992279, 94.34961687606116, 92.74316738692973, 87.38357435415828, 80.86700945674271, 73.70638794885896, 67.9316826960917, 38.10278380618882, 39.71143216356585, 48.834436600801254, 47.84431667199268, 56.74152281216518, 65.15385738304792, 71.18616067672306, 74.01212843045555, 72.17028484500598, 60.12086590325676, 54.26886999439795, 51.79421894432364, 64.51731503852085, 64.97400463049937, 69.77775011491558, 74.84127669685623, 78.25790464312472, 83.49029800225821, 91.67081762030219, 91.87411731353855, 90.29111355151534, 86.73558919210824, 81.9586554601775, 75.84491366516896, 65.50308167348393, 71.00127705068027, 76.40396915760446, 81.74747093978254, 90.19086094676572, 83.0149431129879, 79.32926609978713, 73.47309968438805, 43.438507819110306, 45.44471438449441, 56.640525098409476, 68.41555359102384, 83.267284117921, 95.90956820222448, 100.752476094837, 113.00948877330629, 124.60825663759542, 129.84430415833458, 127.6970796766822, 120.88916522700674, 119.30499367530298, 114.4484866996383, 110.68147101081368], [26.939657247400994, 22.073945372313347, 12.806651944122827, 0.0, 10.955739791847053, 20.388015296401626, 26.218247380746813, 67.73045049255447, 74.1821351708882, 82.80126689184908, 90.56039898833376, 96.48550015580444, 90.18009219513385, 82.3688474550383, 73.94347406745861, 44.37201796448354, 38.91053984945674, 33.768502675812634, 27.79833858381709, 22.701576702871584, 18.628322608656475, 24.040310160787563, 29.721395932568505, 32.7567690012203, 39.63214192602413, 77.84729340794786, 84.16191024238468, 89.37597396069229, 96.5232609340698, 102.02168533177806, 100.4337215225214, 95.85036244823326, 89.83070811300742, 82.83507196803144, 77.36393247144179, 48.583727159915014, 48.577169874430226, 56.540719670911905, 51.129642311050915, 59.17192916791972, 68.90227550561508, 75.47447451426297, 77.93819547184661, 77.03497275013225, 68.03783437108275, 62.90020837020597, 61.479266795312036, 61.750794410822685, 64.7567094497034, 71.77102883279989, 77.07586853192106, 81.19032400567083, 86.26804889730697, 93.5332261566652, 93.13121219936227, 91.09702982873334, 86.86956474501785, 81.47264907546261, 74.50096147461943, 63.40814738355208, 71.31329916859559, 77.89229206555518, 83.76919701920465, 91.95713412898, 84.66454651301174, 80.15121728751943, 73.29516148983454, 40.1418827824306, 34.54168990271988, 44.0857075541087, 56.684694007990934, 72.33300450009773, 86.59429760612625, 93.47632474625944, 110.0862046881024, 122.53122492416037, 128.33061073120567, 127.22503745169037, 121.42234871265498, 121.28839380302716, 117.99623494920382, 116.73041567008822], [18.597926852058166, 14.112454871296807, 7.400866552240082, 10.955739791847053, 0.0, 10.04312435518121, 16.833217891624827, 60.30027744385077, 66.86640393085212, 75.4958080772151, 83.46460049643736, 90.06957295890481, 83.05769249307242, 74.96459389807505, 66.53681665013045, 36.51285734276973, 32.25087699708754, 29.189053544734232, 26.62969375369178, 25.794579448131284, 21.80824797037472, 20.702592516709228, 23.77229149525979, 25.240089932844814, 31.266462331270244, 69.78695579260274, 76.36579449139174, 82.02114796988707, 89.70999152436342, 95.80318249268541, 93.81273781589188, 88.70184881803338, 82.29453030382906, 75.06493075894362, 69.40395003072112, 39.31217159333502, 38.56409892044621, 46.17791956065826, 42.57983895800421, 51.198567612368116, 60.20581377387676, 66.69710665720108, 69.7640404981275, 68.80249135822308, 58.24562389305768, 53.4520831377384, 52.69742081701584, 57.45272083574817, 58.468142630561374, 64.0826155476342, 69.34801734054477, 73.23603916415445, 78.67764747932748, 86.97477452868739, 86.43274549705583, 84.4883886352493, 80.57418645579396, 75.49893150008478, 69.10961499713852, 58.58082606088899, 64.75924221400282, 70.67689690531611, 76.42295775099711, 85.3316702568691, 77.56660036980581, 73.39208311024123, 67.10195654651686, 48.099085056953136, 45.31071146728126, 53.10599502509601, 63.12030531776564, 77.10663793344904, 89.12397524613358, 93.65440892758197, 106.21216873410802, 119.00617706402525, 125.11632214836892, 123.9715310366921, 118.23702883197402, 117.7273782198603, 114.50007581547337, 112.53663735858775], [11.381322209734071, 10.575295350318354, 12.3596198637632, 20.388015296401626, 10.04312435518121, 0.0, 7.322723740969755, 51.23710011148744, 57.81806109949461, 66.40706673042122, 74.45926612416498, 81.4755538036753, 74.06404706930225, 65.8415120834952, 57.459617511274935, 29.756113575243816, 27.959056466977245, 27.869838074242878, 29.038523510972745, 31.36726514975153, 28.050657425986955, 22.568614324468417, 21.91299288447023, 20.239377705003683, 23.70517461266656, 60.57765173422057, 67.21374587610623, 73.06524110153951, 80.95467103447461, 87.3341742391478, 85.07177341863058, 79.70248567684325, 73.13118656358346, 65.80519920132295, 60.10112014788741, 29.680905438886384, 28.565293735417654, 36.95189334540707, 35.93286831948003, 44.94982820627832, 53.01844377032041, 58.86577510432545, 61.783422616024225, 60.17515102750119, 48.4815769357285, 43.49931745074275, 43.02949470998657, 55.360649755043276, 54.31064240824439, 58.057877977678395, 62.9318782851696, 66.1021614958574, 71.3839845197313, 80.00098231743131, 80.11655352055034, 78.68704363058896, 75.46839082799805, 71.1104240411199, 65.57323596518425, 55.841352449209744, 59.87169179979739, 64.68523768691827, 69.79091940632459, 78.4674014534285, 71.15950312229911, 67.82228582269053, 62.53141314326564, 55.089942627328995, 53.686335118969886, 60.661242989672225, 68.92498501624341, 81.87056331772538, 91.9329883327356, 94.42013788580687, 103.11274232015525, 114.53556928212062, 120.17210658073124, 118.43613267267003, 112.33752528777163, 111.23458924213479, 107.82597387549842, 105.38783663281876], [9.527198819080034, 13.428179622565118, 18.30200774644569, 26.218247380746813, 16.833217891624827, 7.322723740969755, 0.0, 43.92303916181358, 50.5486624671512, 59.15957932397752, 67.17850670621053, 74.17428243385272, 66.74194933852581, 58.525620037131524, 50.13946477565357, 27.268920541912046, 27.910226748638646, 29.774949776688125, 32.703527549051174, 36.032759629029925, 33.17172816185231, 26.760742337929216, 24.26697855431675, 20.249510153796855, 20.568587402052312, 54.05060180577856, 60.53578413085838, 66.3028289303732, 74.00284091803839, 80.27833799372583, 77.90667630819007, 72.62798710647891, 66.14774908877735, 58.849031009008144, 53.247404977294686, 23.610013277731568, 22.48405961495968, 32.36031050820553, 32.99187898955622, 41.91288857206447, 49.342471506555455, 54.34461938720257, 56.47917582328825, 54.03509112161745, 42.34797339155517, 36.79514497826887, 36.27378656593127, 54.74505578310711, 52.585525214976585, 55.02539917660184, 59.38685039676751, 61.76912929756806, 66.51065540807268, 74.71263578206708, 75.82185278237526, 75.010780900503, 72.46944937059563, 68.81020542038169, 63.934760281701344, 54.79421181807331, 57.38373186770947, 61.26409641243279, 65.60713175261833, 73.375388920099, 67.0689423642617, 64.58136841092187, 60.16502406496384, 59.21619953901129, 57.798382747312004, 64.25295450989609, 71.55134182321734, 84.08753630945183, 93.02355666977222, 94.40586143354919, 100.92166957362028, 110.32652177470068, 115.16319413516852, 112.72540738891387, 106.15133784602448, 104.60843193497438, 101.05460194341343, 98.69030670888634], [45.47909946471175, 52.876146675352636, 60.45180483725263, 67.73045049255447, 60.30027744385077, 51.23710011148744, 43.92303916181358, 0.0, 7.572442961513807, 16.060726824507352, 23.496751939879584, 30.850556983148213, 22.968819987730082, 14.852158019366007, 6.615443521418727, 44.96434398905033, 53.71919385425002, 60.596869460123116, 67.60116130827906, 73.17743594733408, 71.8892460376159, 64.1929945116341, 58.2453390461845, 50.70975395205884, 41.84134533078328, 23.916813450646806, 26.166583732852803, 29.636371210479197, 34.15306205257558, 39.054161981482295, 35.433562996598944, 31.31009644829795, 26.522123924610522, 20.75132615307063, 18.483440766841166, 28.441103542914576, 29.721477473241336, 37.53343981579424, 47.16839261951609, 50.60568047434352, 50.57064674320146, 47.56622653594986, 42.64304220159937, 32.732654361378735, 26.793097767253606, 19.049173033901866, 17.172685555398054, 71.22850415936134, 64.10733074590503, 58.28794014915608, 57.974189922705484, 54.030279949959265, 53.23771771393659, 56.15073235510999, 65.07244832998215, 68.90410120745517, 71.45202413040482, 72.90615413873176, 72.93599561571236, 69.18552074321998, 63.2866414590681, 60.20289611796899, 58.000690818410305, 56.79595649632719, 59.803009061876025, 63.834706376509146, 66.00612695495973, 92.21706559542854, 91.68395908368159, 96.17466966103372, 99.25447617033345, 108.98552569137752, 111.946931628196, 107.6137985532872, 100.87837446536321, 95.77988675854267, 94.06286570386598, 85.89048696062783, 75.27862989544177, 69.21888993734274, 63.58056364023421, 60.96847375828971], [51.2544456361467, 58.63011118333431, 66.534164850121, 74.1821351708882, 66.86640393085212, 57.81806109949461, 50.5486624671512, 7.572442961513807, 0.0, 8.736526681070115, 16.657725810391614, 25.51255011842781, 17.77361813026388, 10.488621240905308, 6.2924906109159195, 48.52533048644807, 57.645729382451925, 64.83013777848588, 72.23791239539831, 78.20303441928002, 77.21946974500683, 69.29288550374035, 63.040882922437916, 55.465280849485396, 46.286386902645056, 20.01685370160705, 20.411128574834585, 22.81893150937449, 26.64204172845681, 31.70716114090394, 28.076046132113653, 23.75532786413852, 19.299682418601762, 14.367018496035177, 13.907267836727883, 33.29879748480416, 35.99574722580049, 43.54531797077996, 54.317680351611116, 57.47113653253394, 56.62557669678347, 52.86105975169848, 47.49302967970678, 37.03336475547797, 31.392566208309603, 24.02452562503788, 20.3082807981642, 78.40665945096255, 70.99264811277166, 64.49854681080488, 63.737726120767235, 59.16166827766626, 57.7100968390777, 59.74999079621877, 69.60515962927828, 73.96000983597173, 77.07975080339368, 79.04609547284487, 79.54488841196579, 76.26128480845414, 69.7675572767484, 66.03650229204416, 63.12794189983359, 60.72564889368283, 64.95191475294054, 69.65619678787826, 72.45278712571188, 96.67416425950964, 97.46787649861018, 102.72875388654916, 106.12345238595042, 115.98242671611096, 118.78535681502508, 114.1937523712352, 106.24437094022187, 99.05659613084373, 95.97300848582098, 86.44419682123198, 74.60428704970744, 66.87139426194906, 59.295884827791184, 54.65937011334274], [59.563598300084806, 66.90460887249215, 74.98902741069023, 82.80126689184908, 75.4958080772151, 66.40706673042122, 59.15957932397752, 16.060726824507352, 8.736526681070115, 0.0, 8.450156666817781, 19.34264025327321, 11.973885089403062, 8.384825306366137, 11.959939233413396, 55.354718336886485, 64.7228075355987, 72.16176487443846, 79.87959223588817, 86.11397809608874, 85.3084396789931, 77.19469094729195, 70.71742729687227, 63.12465133574899, 53.75855875679825, 20.499711314365623, 17.778041437099223, 17.872833315180053, 19.40004445515468, 24.11727880403295, 19.853154961720467, 15.67987719015012, 12.77230971625524, 11.131702434372425, 14.530321128821825, 40.89431100744427, 43.80831374458805, 50.30913392007458, 61.73610517925543, 64.2422833317244, 62.334433410686444, 57.590010288891264, 51.62781507234085, 40.82166093978534, 36.64812149409612, 30.5712798380654, 27.05845396321595, 85.48428970018897, 77.60843188671771, 70.2027274892998, 68.80941038127791, 63.451680892179596, 61.15423294642822, 62.13418513490433, 72.95290749581608, 77.92901477343375, 81.78225759570785, 84.45306934311901, 85.64655700210822, 83.15271194656648, 75.74616504455295, 71.13733102830501, 67.31688660029431, 63.476506019030545, 69.13890238162705, 74.68922362383637, 78.35155049712067, 104.15902722221267, 105.5858197842207, 110.9448971654464, 114.08192411576779, 123.62462342342819, 125.74797033206455, 120.45625116926693, 110.47825929121133, 100.92605092596935, 96.47690235626908, 85.70382513258781, 72.95687524432162, 63.689641737214274, 54.81889721794823, 48.772691508321145], [67.81305146291217, 75.16882908965682, 83.10126656251862, 90.56039898833376, 83.46460049643736, 74.45926612416498, 67.17850670621053, 23.496751939879584, 16.657725810391614, 8.450156666817781, 0.0, 12.243466323677621, 7.385405143108805, 11.097704689143653, 18.181497947895433, 63.70878975574944, 73.06920076888977, 80.45820143049687, 88.07500619733135, 94.14559509052444, 93.36563559813199, 85.4904014330253, 79.08946108473738, 71.5234145094124, 62.18588852230817, 27.05592143624199, 22.53733256585406, 20.140707927155965, 17.09997026178259, 18.837309029706816, 13.48132380218104, 12.503921683265737, 14.21233190341898, 16.72298873360387, 21.709934541296455, 49.30483374542438, 51.70075764529308, 57.24331809844768, 68.02401623719338, 69.70138472826004, 67.14064877753067, 61.543918129512214, 54.65661720739967, 43.78009759865811, 42.66010319290296, 37.901610004356925, 35.392401220296286, 90.4875381034542, 82.49405963051115, 74.55270737788345, 72.51743791705753, 66.47219464254772, 63.12615236298262, 62.476799929219524, 74.37917302696242, 80.00512675880758, 84.55754261456715, 87.92995583700899, 89.74794768641303, 88.01270406907213, 79.97026041632517, 74.64032367636636, 69.91285940327707, 64.22371373026614, 71.61540308062956, 77.94862506182194, 82.38577293538837, 111.51468431494696, 112.35826311607325, 117.08737643631514, 119.50392130468592, 128.48985416929656, 129.71938246532633, 123.72682529250554, 112.05871136196065, 99.67339078795665, 93.73374810351307, 81.79277125520413, 68.33209069508202, 57.9599660808237, 48.83190334183792, 43.63970145384281], [75.68269831503129, 83.0531692666274, 90.26931828308406, 96.48550015580444, 90.06957295890481, 81.4755538036753, 74.17428243385272, 30.850556983148213, 25.51255011842781, 19.34264025327321, 12.243466323677621, 0.0, 9.938896745661163, 17.69920656286832, 24.92440576926154, 73.75154179810872, 82.75136110173916, 89.61781728917066, 96.47908805436067, 101.67980400855757, 100.73693701677308, 93.84983939732595, 88.01097336171695, 80.57967972423313, 71.60566339549341, 39.100066871307355, 34.56997747359026, 31.31343301387906, 25.171326600115236, 21.382295169066257, 16.749417364975326, 21.54172534759171, 25.832800963146234, 28.869283996928672, 33.57789713395741, 58.7170365640691, 59.845627222781474, 64.59643968454567, 72.68750379078794, 73.2065602925581, 70.70620084876852, 64.47625618450877, 56.027472182976865, 45.50910578710992, 49.88399065614375, 46.40255694684478, 45.50258635405563, 91.97397139490477, 84.5829014653196, 76.83495990686275, 74.13397884353718, 67.56171671382747, 62.727804526331425, 59.136454660396346, 72.54056739975124, 78.91665244874856, 84.11869288221999, 88.19508102401238, 90.49540816731371, 89.458379291795, 81.35424967814231, 75.59969737844895, 69.9440671890504, 61.419585684896475, 71.29145388359393, 78.31223170129503, 83.35509914023426, 117.70293252366825, 116.04805165020473, 118.99156849414328, 119.94302774392183, 127.97919569325782, 127.98917187627842, 121.4048164894386, 108.88570644315821, 92.37752548185293, 84.38839211457856, 71.0698780449572, 56.8036188754721, 45.92731835466579, 38.759147462022305, 40.15393696275929], [68.40797422613751, 75.80632966021379, 83.34840939653586, 90.18009219513385, 83.05769249307242, 74.06404706930225, 66.74194933852581, 22.968819987730082, 17.77361813026388, 11.973885089403062, 7.385405143108805, 9.938896745661163, 0.0, 8.45691459896557, 16.623936694108288, 66.12526982408484, 75.36475890117838, 82.59658312146536, 89.88752973305725, 95.53581264050914, 94.44313377019964, 86.85145256639885, 80.70256666549318, 73.10803386274587, 63.91045860824884, 31.935523689665416, 28.445750572989702, 27.06324044276725, 24.398497434322366, 24.822226274128838, 19.260428903315812, 19.645875377550094, 20.906951455601483, 22.027957441455253, 26.042211553341332, 50.30972794958451, 50.93427564735587, 55.21369886846043, 64.52321808821554, 65.3743312858984, 62.54569841842578, 56.51444015021184, 48.90779388286552, 38.1128948513606, 40.250398562431386, 36.90832316373981, 36.798992913837324, 85.58813800798475, 77.54351509600426, 69.4000744077093, 66.99304989034798, 60.653642264784814, 56.74636712098247, 55.375403435787035, 67.63219627307731, 73.4975792401936, 78.32018576835507, 82.02734644347353, 84.18597958889767, 82.99930316247065, 74.56879571392818, 68.89155675692007, 63.73539032814643, 57.234756696669955, 65.33492139556407, 72.00037313284605, 76.83037454610195, 113.17430626081551, 112.00848887303523, 115.1215991353011, 116.26900901970637, 124.3347550225786, 124.57103936009156, 117.86322784762515, 105.19397271167082, 92.41211640857809, 86.79975816976595, 75.486082544697, 63.050975593858794, 54.10765920715081, 48.34554326770473, 47.68031742808362], [60.266385973943144, 67.6602093515374, 75.28278667286753, 82.3688474550383, 74.96459389807505, 65.8415120834952, 58.525620037131524, 14.852158019366007, 10.488621240905308, 8.384825306366137, 11.097704689143653, 17.69920656286832, 8.45691459896557, 0.0, 8.43927712426562, 58.32891421622548, 67.53159020388733, 74.78747308082477, 82.12454510793918, 87.86766356524528, 86.67136817300421, 78.86032918223131, 72.67791737620041, 65.05217814509584, 55.868386506045134, 26.9386641657303, 25.26021267436727, 25.96340425937304, 26.642393918308805, 29.583179454318785, 24.53656211689572, 22.212252153101584, 20.32759037229809, 18.42774046105623, 20.673511263509834, 42.03029827228584, 42.506436428364474, 47.311847055532446, 57.10690959693678, 58.64063305009812, 56.352597352378474, 51.07100228007703, 44.30611011870434, 33.41674846328341, 32.92556809681142, 28.720441261571345, 28.760966499706004, 79.47208928622761, 71.4247330528867, 63.687406901026584, 61.87746403338006, 56.17357774029382, 53.3382947746994, 53.80350406137246, 64.89050215433943, 70.09183601963345, 74.2253056153832, 77.25783683818271, 78.84527846819849, 76.98380450153003, 69.03695122657079, 64.0017000460599, 59.72502698082755, 55.21130641471406, 61.465416978268074, 67.38203179372267, 71.50095867197072, 106.31258664348304, 105.35507477456615, 108.7798718077122, 110.40620195398755, 118.8628923153977, 119.82091697107087, 113.65923345883314, 102.47033964456688, 92.80655202601554, 88.93766386863325, 79.04672280637422, 67.58984707460074, 59.98196145247298, 54.6243838770416, 53.08969416574403], [52.00975827619284, 59.40226283526971, 66.9026545900748, 73.94347406745861, 66.53681665013045, 57.459617511274935, 50.13946477565357, 6.615443521418727, 6.2924906109159195, 11.959939233413396, 18.181497947895433, 24.92440576926154, 16.623936694108288, 8.43927712426562, 0.0, 51.19277781854289, 60.122106528406384, 67.13130167803227, 74.20993164837145, 79.76530837907838, 78.46247646017822, 70.79263599363073, 64.79923435230717, 57.22993837731466, 48.258654780968406, 25.325927534008486, 25.88599658733548, 28.275379023262712, 31.21005764377892, 35.23293176361167, 30.970780117968534, 27.631665162921923, 23.93175012777973, 19.510379373783074, 19.180703543528246, 34.51923777595248, 34.96740975997005, 41.056687202497294, 50.48861674231019, 52.89285771060011, 51.79721708918054, 47.66339146273403, 41.705820801299545, 31.154232260912433, 28.2922170821234, 22.4863117302207, 22.262693596224832, 73.6051016771082, 66.03343425339858, 59.29204780611344, 58.246404036091405, 53.448161672850475, 51.67089741287605, 53.467870175729374, 63.42465667356219, 67.90286763021972, 71.18954132141195, 73.39421741161188, 74.16452815414519, 71.33233063714906, 64.42244111678177, 60.39845629785598, 57.20346113626288, 54.44850664163463, 58.973874629503044, 63.90802978944786, 67.01536738765178, 98.53633818528952, 97.41440962759494, 101.10909117039816, 103.29369420398446, 112.30137642013331, 114.20321945490049, 108.9384255989738, 100.11485424780419, 93.01483464989376, 90.46916318518409, 81.69245353384026, 70.88431208309679, 64.43556876099991, 59.36510311857492, 57.78304812417104], [19.564145926501084, 22.590643196567203, 32.00445869272747, 44.37201796448354, 36.51285734276973, 29.756113575243816, 27.268920541912046, 44.96434398905033, 48.52533048644807, 55.354718336886485, 63.70878975574944, 73.75154179810872, 66.12526982408484, 58.32891421622548, 51.19277781854289, 0.0, 10.00380100430136, 18.938252386809317, 29.074906118895548, 38.444653982769566, 38.32259378746496, 26.652201525009524, 18.50109492868857, 12.105412508868458, 6.870791759497155, 41.53383977790118, 48.593591121203104, 54.72006774229146, 64.37071700642424, 72.70474010754191, 71.44348720918329, 64.37411031460304, 57.011920992545065, 50.08115381010555, 43.97591053660963, 19.144962406538543, 29.486418263514377, 41.711455212241084, 53.240684386627926, 61.94120539420838, 65.74134276909435, 68.63881011811529, 70.62146775477511, 65.3781283268739, 47.11093605791011, 38.50147834063025, 30.602671560931295, 79.84722396887011, 75.19201543206583, 74.06742606303115, 77.45200127043344, 78.01850068903815, 82.18409115865354, 90.6479544920188, 93.72270196616834, 94.0414482963295, 92.90171841216008, 90.4645118914811, 87.0172806499561, 79.30582601893266, 78.82022341488553, 80.41458463863006, 83.16322479319233, 89.83266784864898, 85.15449694029672, 84.51895050154997, 82.03629291047515, 61.951929468303696, 73.1846289439639, 86.2882829014406, 96.83584609503768, 110.69649103160862, 120.24453309353453, 121.20460846153578, 124.03641337718254, 130.43486043393443, 132.83009303607903, 127.26505920135018, 117.44156943356757, 111.75934863506912, 102.40727881924754, 91.98059860095525], [18.983597493817022, 18.55400307794232, 26.477224511426, 38.91053984945674, 32.25087699708754, 27.959056466977245, 27.910226748638646, 53.71919385425002, 57.645729382451925, 64.7228075355987, 73.06920076888977, 82.75136110173916, 75.36475890117838, 67.53159020388733, 60.122106528406384, 10.00380100430136, 0.0, 9.213849013149932, 19.78416480473808, 29.755490490314234, 29.974228852395672, 17.979863861359608, 10.049572780250962, 7.7895350268460835, 12.51177697052425, 51.30659092092193, 58.26000826075168, 64.1754984257841, 73.61894242852713, 81.69558597687033, 80.68626091326443, 73.84563273365774, 66.63370738984113, 59.7764069088666, 53.72260879806813, 27.64228822324015, 36.25247957666577, 47.79333702449589, 56.93749035046365, 66.0415589784863, 70.97273596440566, 74.86855693999559, 77.41791246294498, 72.96755752329399, 55.309613093893915, 47.24514431479262, 40.15259864377666, 81.60351995492658, 78.21206846478276, 78.61685154683967, 82.59340881194132, 84.00752484637185, 88.67467966499132, 97.37039241691103, 99.62700288632612, 99.3594624840453, 97.49131359634619, 94.29834763870609, 90.04948073310864, 81.51192670025836, 82.66553644122648, 85.34386519916043, 88.9214534883175, 96.3656795626199, 90.78947175854935, 89.25217969359902, 85.765844557515, 53.81836820988408, 67.0696537539977, 81.7870264996997, 93.87385023035924, 108.52924058842842, 119.58669117091806, 122.03422422341147, 127.75817665375642, 135.87472370095037, 138.90199736915915, 133.91074952180506, 124.38480811231716, 119.21116473520726, 109.9267676074196, 99.71358089424878], [20.851284895889652, 17.420582924322165, 22.327268187702543, 33.768502675812634, 29.189053544734232, 27.869838074242878, 29.774949776688125, 60.596869460123116, 64.83013777848588, 72.16176487443846, 80.45820143049687, 89.61781728917066, 82.59658312146536, 74.78747308082477, 67.13130167803227, 18.938252386809317, 9.213849013149932, 0.0, 10.743066992533045, 21.06334820590328, 21.771635755764088, 10.642374794492302, 6.367249285403312, 11.465906487671962, 19.933939302694814, 59.64109176441223, 66.43555335176106, 72.06604738084307, 81.12010654957716, 88.76190470588689, 87.99293234351278, 81.53474337745982, 74.56774333422787, 67.78509217080014, 61.822451391453214, 35.29637600354003, 42.82972707439174, 54.10402981128638, 60.74142799254526, 69.98787246498668, 75.99795921790808, 80.57802820836285, 83.22587000636612, 79.2884146793094, 62.736748561314535, 54.87895510449062, 48.1955494770957, 83.05806461018838, 81.02683602843501, 82.87119865434428, 87.25027948530226, 89.27646401997856, 94.13107727172269, 102.62682131100216, 104.44912192148678, 103.80040533602885, 101.37946926062021, 97.61248961683997, 92.66571397109014, 83.39073525752424, 86.09959244848967, 89.68921829844417, 93.83775245915524, 101.52332169621094, 95.54735304838019, 93.33702727366125, 89.02843913558856, 45.246379771508366, 60.041813359006454, 76.30264632291463, 89.86083804257439, 105.34033363805766, 117.8402049840968, 121.79706188120709, 130.441455890776, 139.45681508576146, 142.77570211190078, 138.15655612703372, 128.80920879772341, 124.11982984500585, 114.96704073837748, 105.34689347589571], [24.99651888861041, 19.45987288267747, 19.304940990115174, 27.79833858381709, 26.62969375369178, 29.038523510972745, 32.703527549051174, 67.60116130827906, 72.23791239539831, 79.87959223588817, 88.07500619733135, 96.47908805436067, 89.88752973305725, 82.12454510793918, 74.20993164837145, 29.074906118895548, 19.78416480473808, 10.743066992533045, 0.0, 10.534584226898659, 12.000524141482908, 7.220404935567669, 12.587240193191114, 19.533071006128477, 28.769424661617098, 68.80589339933344, 75.41890206794629, 80.74982180821544, 89.2653432603993, 96.30172009018109, 95.69656753815659, 89.7651096290988, 83.11273334753949, 76.38267231375835, 70.54438536744561, 43.61067829225693, 49.87566548781189, 60.80287050825957, 64.42542761089089, 73.61649804201866, 80.81482829470075, 86.05397646247079, 88.64996777916369, 85.30561736321984, 70.36356537777823, 62.78415799343288, 56.728852803118, 83.57688680205835, 83.19910411465928, 86.68404154721932, 91.43168619594913, 94.08894279398763, 99.03530666711382, 107.12374559330979, 108.50479310860709, 107.46867272449809, 104.46553089631911, 100.1128378618598, 94.41925089610825, 84.39193952119517, 88.86959504154301, 93.44326632738179, 98.15256986442398, 105.92600558556911, 99.64824325980456, 96.73021510729846, 91.55005954618154, 35.2830101184902, 50.81954267053495, 68.58307867750051, 83.6805541045265, 100.01121496766316, 114.07452929866116, 119.76556490388357, 131.8153337619106, 141.64576587108388, 145.28733764045745, 141.19429929855218, 132.21940004220846, 128.29299351716298, 119.6798998154799, 111.3257513287547], [30.0946724284613, 24.03031516886451, 19.435619558480845, 22.701576702871584, 25.794579448131284, 31.36726514975153, 36.032759629029925, 73.17743594733408, 78.20303441928002, 86.11397809608874, 94.14559509052444, 101.67980400855757, 95.53581264050914, 87.86766356524528, 79.76530837907838, 38.444653982769566, 29.755490490314234, 21.06334820590328, 10.534584226898659, 0.0, 4.311365631475021, 13.818157838571967, 21.534084195482514, 27.996492445885373, 37.052223708192386, 76.76525005085885, 83.17550857670537, 88.21909078111806, 96.12864067873937, 102.49038372404554, 101.95659776764867, 96.6115697004241, 90.30779907183755, 83.63334317033826, 77.95647029738844, 50.928951939292894, 55.959040777149795, 66.51347626434476, 67.20506598612737, 76.12476376607594, 84.37234193531523, 90.0874751696454, 92.45543813096299, 89.66151962287442, 76.59556316755099, 69.32829765706724, 63.98785616076395, 82.94158017499431, 84.19659586521765, 89.18649812382361, 94.17366030118907, 97.33529612382615, 102.22576044529927, 109.72332458744891, 110.77364783470345, 109.43984095687935, 105.959807238031, 101.14879371955746, 94.82404230421182, 84.1980486146801, 90.2972936971951, 95.71352555542623, 100.83492928384783, 108.464371939821, 102.09660658108082, 98.5982800746324, 92.69172592275578, 26.600694122469136, 40.91237484649854, 59.8402569231144, 76.25899928613862, 93.3323692110126, 108.76900267970032, 116.08405916677191, 131.3582334227968, 141.65290004120655, 145.54435135829024, 142.01358704701735, 133.53210514712725, 130.50177673706872, 122.74023071795972, 116.087645573238], [28.069719244455673, 21.670810323830718, 15.833840007821323, 18.628322608656475, 21.80824797037472, 28.050657425986955, 33.17172816185231, 71.8892460376159, 77.21946974500683, 85.3084396789931, 93.36563559813199, 100.73693701677308, 94.44313377019964, 86.67136817300421, 78.46247646017822, 38.32259378746496, 29.974228852395672, 21.771635755764088, 12.000524141482908, 4.311365631475021, 0.0, 12.86035024966241, 20.95610149304431, 27.176647741421995, 36.254688259813385, 76.52853614372131, 83.01596013209316, 88.19232511859418, 96.09582716576253, 102.41864026342608, 101.6430753369559, 96.33201568743371, 89.98555159206505, 83.17822584226161, 77.46500985075663, 49.58529310837908, 53.73172429655879, 63.81096786592492, 63.670432222425404, 72.52846323318947, 80.97887638840379, 86.90759863754451, 89.44555444599298, 87.02621997374662, 74.37551678940625, 67.50977268893845, 62.90212928055394, 78.84152943492543, 80.26949887026686, 85.54380141085981, 90.62836522473458, 93.99836539098914, 99.02432977655545, 106.66284000893633, 107.34819960938368, 105.84094637699674, 102.20081310466131, 97.25686931659692, 90.82860302202869, 80.14900761905072, 86.48257837974548, 92.10082378286194, 97.40928801002102, 105.32047319136257, 98.6320781015122, 94.91919783973019, 88.83729963055137, 29.0311790220686, 39.70081818456464, 57.21344733244538, 73.00478964845722, 89.75453626648086, 104.93675279505679, 112.08641191397, 127.40702895378513, 138.36066791495412, 142.71914186471588, 139.68910419769045, 131.73360355239834, 129.2193458273134, 122.27821384664475, 116.50795601817123], [19.80344826670954, 13.383065781515088, 13.600177723929162, 24.040310160787563, 20.702592516709228, 22.568614324468417, 26.760742337929216, 64.1929945116341, 69.29288550374035, 77.19469094729195, 85.4904014330253, 93.84983939732595, 86.85145256639885, 78.86032918223131, 70.79263599363073, 26.652201525009524, 17.979863861359608, 10.642374794492302, 7.220404935567669, 13.818157838571967, 12.86035024966241, 0.0, 8.376517024280796, 15.445757402826873, 25.14334825776643, 66.67786678806044, 73.49958096482641, 79.16190483865687, 87.83071335069107, 94.97578021121264, 93.91299156200571, 87.88116632786766, 81.05036921761508, 74.05244242638902, 68.09269957523549, 39.35226933116664, 44.30456755099612, 54.5092944508577, 57.6699198271084, 66.88750097972027, 74.11195483068276, 79.61451923379796, 82.62756075254552, 79.79470884313922, 64.92901324280622, 57.99272681586397, 53.12598109982796, 77.05075672651921, 76.41601355728685, 79.90639987973992, 84.76821302199065, 87.65326146628195, 92.88655453226727, 101.44175465005868, 102.25938548388471, 100.99744248949332, 97.85063180296196, 93.39873181989951, 87.72338775042599, 77.80583248567663, 82.15437163351292, 86.82275988265681, 91.75285898816087, 100.10940629851997, 93.25775349020184, 90.1294691413326, 84.86365908675677, 40.25447826816812, 51.589654034732334, 66.97047183259548, 80.65043765174485, 96.16101131569141, 109.37286036607841, 114.30960925425188, 125.47452766624794, 136.34072486569306, 140.72739809082822, 137.34944535536613, 129.15325192202064, 125.88148883188622, 118.4707124085845, 111.22832104412595], [15.995386502093812, 11.79011777243476, 17.449685120264746, 29.721395932568505, 23.77229149525979, 21.91299288447023, 24.26697855431675, 58.2453390461845, 63.040882922437916, 70.71742729687227, 79.08946108473738, 88.01097336171695, 80.70256666549318, 72.67791737620041, 64.79923435230717, 18.50109492868857, 10.049572780250962, 6.367249285403312, 12.587240193191114, 21.534084195482514, 20.95610149304431, 8.376517024280796, 0.0, 7.7984518117638615, 17.54540025092446, 59.18429184769371, 66.13545599835457, 72.01130919780327, 81.05291492302483, 88.62500363812642, 87.44295343746661, 81.03644192780193, 73.98335081896761, 66.94402295224197, 60.892889470620084, 32.30955395240256, 38.35556694445133, 49.050029546282154, 54.79671814119824, 64.07154827620975, 70.3204390677775, 75.23306719189203, 78.20120371630291, 74.80917668304639, 58.65280759425017, 51.40694996860385, 46.01629465021735, 76.8914046634411, 74.8780480979184, 76.97161565111652, 81.49995936036628, 83.81498560489092, 88.91724774705067, 97.72314052621557, 99.00659048079164, 98.11452835580027, 95.48804761386045, 91.55970723422482, 86.52186223426428, 77.2332457079507, 80.08007628144564, 83.8966129768852, 88.3141300354861, 96.48865531728144, 89.99299537707707, 87.50082291565423, 82.99398292119906, 47.28332855264077, 58.7091606919684, 73.16192731201701, 85.68502552523755, 100.56410581438138, 112.52370955407595, 116.07980723239912, 124.48860823856681, 134.45103508485263, 138.46091850387012, 134.57168627673852, 126.00335055286689, 122.08441312895727, 114.20106257741277, 106.00369542012227], [11.446171291625246, 11.268938773208639, 20.17132749300526, 32.7567690012203, 25.240089932844814, 20.239377705003683, 20.249510153796855, 50.70975395205884, 55.465280849485396, 63.12465133574899, 71.5234145094124, 80.57967972423313, 73.10803386274587, 65.05217814509584, 57.22993837731466, 12.105412508868458, 7.7895350268460835, 11.465906487671962, 19.533071006128477, 27.996492445885373, 27.176647741421995, 15.445757402826873, 7.7984518117638615, 0.0, 9.811495711890771, 51.760611512534844, 58.75491110040629, 64.74025654288975, 73.82514050411025, 81.47775698495514, 80.09349300305688, 73.61534475798372, 66.50166632474429, 59.38253246914528, 53.30579208616786, 24.559858064404096, 31.380331243131437, 42.90470734251125, 50.19760466169169, 59.36246115888672, 64.97699728201009, 69.27182945431109, 71.83196307190508, 67.91437216229623, 51.43664713433897, 43.82855235385345, 38.2211518678938, 74.0916635602443, 71.11322101561181, 72.14676071062937, 76.29873327750666, 78.0468367092596, 82.82094139794582, 91.47583509594759, 93.35028553336079, 92.87563705101554, 90.75462165894739, 87.353273833967, 82.86036887483675, 74.0876077432472, 75.75522170803202, 78.84048460162109, 82.70903080722064, 90.36391646112176, 84.47564485700644, 82.60223761436508, 78.77673480182861, 53.04963706434665, 62.61382986908866, 75.63332184459213, 86.84043033263539, 101.12151396905992, 111.87286663176465, 114.24979855159063, 120.51134805354587, 129.1940669037322, 132.767590518271, 128.49432458643338, 119.7446110999404, 115.55483982260228, 107.7608006353011, 99.67072010726505], [13.487649260379845, 17.875497670686713, 27.60419060642534, 39.63214192602413, 31.266462331270244, 23.70517461266656, 20.568587402052312, 41.84134533078328, 46.286386902645056, 53.75855875679825, 62.18588852230817, 71.60566339549341, 63.91045860824884, 55.868386506045134, 48.258654780968406, 6.870791759497155, 12.51177697052425, 19.933939302694814, 28.769424661617098, 37.052223708192386, 36.254688259813385, 25.14334825776643, 17.54540025092446, 9.811495711890771, 0.0, 42.15312074362708, 49.2088352560241, 55.351076687972494, 64.58149340736207, 72.45135855923657, 70.85026331215687, 64.17620206038164, 56.94363805110367, 49.757227541836585, 43.63807791431398, 15.391615191501376, 24.460280703610003, 37.164863233258856, 47.17602620429695, 55.94499868830137, 60.36013614864119, 63.56882801237645, 65.46893652227732, 60.61669884395261, 43.42466401525578, 35.06783152558969, 28.570534940431074, 73.28031209851913, 68.93920308799376, 68.30872364111644, 71.82250798445193, 72.63715886421953, 76.8553014833244, 85.23292740823511, 88.06144021311373, 88.24214920268342, 86.91527904256361, 84.33189700239284, 80.69433334658804, 72.79038868738631, 72.6864811972437, 74.59585954942726, 77.55852402743854, 84.33580882990292, 79.4623319105414, 78.580103317172, 75.84023766351665, 61.031928726225274, 69.32155020017407, 80.97247965879416, 90.71781706488729, 104.24143853232044, 113.4847372331431, 114.36151515882591, 117.6341819096191, 124.37189046299666, 127.18550562944493, 122.20453617344405, 113.02381073361951, 108.21384069648543, 100.197739322668, 91.77657218648191], [51.8005516550572, 58.49690576068993, 67.7525479245449, 77.84729340794786, 69.78695579260274, 60.57765173422057, 54.05060180577856, 23.916813450646806, 20.01685370160705, 20.499711314365623, 27.05592143624199, 39.100066871307355, 31.935523689665416, 26.9386641657303, 25.325927534008486, 41.53383977790118, 51.30659092092193, 59.64109176441223, 68.80589339933344, 76.76525005085885, 76.52853614372131, 66.67786678806044, 59.18429184769371, 51.760611512534844, 42.15312074362708, 0.0, 7.357801069426992, 14.419037467906378, 24.90851420286385, 34.560507263822394, 32.52821740325655, 24.185716104963937, 16.334060632565745, 10.419154285823828, 6.327752751870606, 31.65435401212876, 38.90042784572499, 47.39150564622204, 63.127389926744954, 67.84560485330233, 66.36557956687686, 63.43519383316089, 60.72958721536969, 51.09187649593103, 37.28408642539004, 28.76800438593873, 19.2083462006981, 90.78501996961499, 82.63494004755604, 