{
	"dissimilarities": [[0.0, 7.338092745138416, 15.909109867542087, 27.5590214524863, 17.62771213438287, 11.538942875026898, 8.715926715049235, 44.25330872545562, 51.15296958552798, 58.46673935547199, 66.68447069337398, 74.48479326726547, 67.15130872648123, 59.1346741575667, 51.73679811153367, 17.95058095712548, 16.847458873422454, 19.575658555325592, 25.218210306666627, 30.49180359683568, 29.103264842089665, 20.346054327726026, 14.990645260647524, 10.82816249513305, 11.408110869850493, 50.56763773986858, 57.53053510251965, 63.16537752821916, 71.78195720439356, 78.52898224934152, 76.70239117285317, 70.70681624566107, 63.78384884231849, 56.58582260002032, 50.512139703326625, 21.67881979413727, 24.260711211457462, 35.95733923113168, 39.77027903101195, 50.0149882919219, 56.32808956655663, 60.982667060934574, 62.6189525654445, 58.861963279678434, 45.666001051813986, 39.13591142160073, 36.05943710807717, 65.06458355658701, 62.79439935696836, 64.55478054354472, 67.88284207338961, 70.45975922906027, 74.26117715333062, 83.29442456562161, 83.37533138770752, 83.32742672660422, 80.20274383574436, 76.87223998050636, 72.13661056160838, 65.24694385759034, 67.49887042469645, 70.95029029043378, 74.6345026185549, 81.44868290760368, 75.44634593507683, 71.76755648575211, 68.43292186114604, 54.00716429714416, 56.16553317555496, 66.33316868069933, 75.99335878466182, 89.65151713376598, 97.92085690123186, 104.2694338577358, 107.62731828649784, 117.51032415557833, 120.8548482798533, 117.40037347144658, 109.25190194653807, 106.16845090539334, 98.82766481777445, 97.60955795726683], [7.338092745138416, 0.0, 9.160822697811584, 21.904059425464695, 12.51519568197597, 9.611617906003184, 11.91085455793412, 51.52665340232866, 58.48552533281986, 65.80408594900463, 74.02128433582224, 81.74028134777551, 74.4308313880345, 66.38930026644411, 58.986575311233, 21.680365648837316, 16.994371025508478, 16.546788622049807, 20.15360722910253, 24.67291197068862, 22.924214849684276, 14.284077018081286, 10.735409553535671, 10.922065312286458, 16.497500216292718, 57.5453968231926, 64.56381957973906, 70.26259171150399, 78.93612546785742, 85.71544513900332, 83.96638786442742, 77.96983982033136, 71.02635373902935, 63.82271428095751, 57.728732696252784, 28.277386740767422, 30.07503012163511, 40.264731311882336, 42.26293078042168, 52.80680827677542, 59.6717718407128, 65.14173098815849, 67.50605282546383, 64.59027447293192, 51.64801360679809, 45.750322865109595, 43.10235127852254, 65.74620284719435, 64.29028131972781, 67.23325441944444, 71.08394238505961, 74.35913163314633, 78.61640539189519, 88.09238375241392, 87.42126295288188, 86.69143961683405, 82.96287138412606, 78.98400436390665, 73.62505746123085, 66.28730775339245, 69.68463299995108, 73.99394144397297, 78.39684804571533, 86.09345343475736, 79.16650191541567, 74.77224831568684, 70.58519787240002, 49.44077730012635, 51.875572803757784, 62.681435024521804, 73.4570834838191, 87.43298761604125, 96.79756516089407, 104.1705704805642, 109.69076951671553, 121.48487460584539, 125.63176459381006, 122.8781075044808, 115.2535299311214, 112.6164854175842, 105.5804895136612, 104.38568827018636], [15.909109867542087, 9.160822697811584, 0.0, 13.234282224059188, 7.4629633242013185, 11.774411993460268, 17.342059747574158, 59.24135483297103, 66.41481563571072, 73.86281889528134, 81.94582404967137, 89.04813036246874, 82.0011201093466, 74.02836561619951, 66.56650122827286, 30.280279816014197, 23.71018282213889, 19.85093636911501, 18.42183010840394, 19.239063393488937, 16.316256273345708, 12.320142223838571, 14.437703333082482, 18.656267489788064, 25.585455282432047, 66.38599439845972, 73.28885260449955, 78.82620314197507, 87.14423874748579, 93.54552892270806, 91.91996333592526, 86.23308713785353, 79.48012448039404, 72.35898909462661, 66.33610533879016, 37.27145639060954, 37.88872880017299, 46.831934814293184, 45.36975290348867, 56.15168347270903, 63.9353883461638, 70.18411904482402, 72.76939541524017, 70.64619753957906, 59.21487695238183, 53.932208813104005, 51.89971265466422, 65.65214741783585, 65.53030855041014, 70.22826280553467, 74.61239266192628, 78.55376801151742, 83.01348029311626, 92.37108612555562, 91.07806042383363, 89.66924008107523, 85.30108940511263, 80.67461839568132, 74.4958354243064, 66.65035994439198, 71.69909696427283, 77.09030983812703, 82.14366014074407, 90.28204765356874, 82.82265400574745, 77.7667139391987, 72.51228736571407, 43.788396663910554, 44.17758150328411, 55.15704378426372, 67.12042115338718, 81.65005365800788, 92.55786895601913, 101.25522280461506, 110.38706647303604, 123.59147903287361, 128.46349975224658, 126.49919686666671, 119.58304684178479, 117.68260081872025, 111.43650070516145, 111.10687156564643], [27.5590214524863, 21.904059425464695, 13.234282224059188, 0.0, 12.76571266425784, 20.504044237811573, 26.26062623204757, 67.77744415571046, 75.21540423763133, 82.82242451887745, 90.55081792620734, 96.40322294052969, 89.92053884381285, 82.19200008884904, 74.73071112080835, 43.1912003722016, 36.33751835944063, 31.100576834007757, 25.653558042176584, 20.60693588647349, 16.425932031497148, 21.641293799540428, 26.709110278488087, 31.663246259779527, 38.19472644131675, 77.30700846530152, 83.9029778436296, 89.03703549038015, 96.55181252900377, 102.10831551302172, 100.63509194839217, 95.605433696537, 89.29260613057389, 82.38617230416868, 76.56945952956396, 48.92609187215719, 48.09133175206265, 55.967206623050835, 49.7648945824983, 60.4552408807138, 69.38302862426795, 76.24084973512213, 78.45224806094946, 77.09731961475312, 68.5372371084718, 63.92651178118252, 62.74519678347965, 64.92179689374089, 66.73483981428627, 73.71113407222381, 78.55274794032165, 83.04301598484983, 87.35663302389669, 95.85608459299023, 94.11242165009124, 92.0620647903224, 87.0795338619727, 81.88974560346372, 74.75607957427034, 66.46407862841592, 73.64404339717905, 80.26381815547637, 85.79943835278333, 93.77020199906349, 86.32638374477578, 80.75938985572022, 74.29651190296939, 39.32379445102873, 32.48645264907077, 42.37129323194082, 55.660032262205576, 71.13156456478318, 84.21182849185875, 94.60343717581155, 109.17441048964645, 123.04608775344744, 128.5451943942295, 127.5355933406879, 121.65167821707651, 120.90772678410701, 116.17229646015116, 117.77108966064215], [17.62771213438287, 12.51519568197597, 7.4629633242013185, 12.76571266425784, 0.0, 8.303773961276704, 15.209780452491154, 58.172466968293186, 65.8221729058473, 73.44255106214956, 81.36418683905201, 87.881385845657, 80.74617886210498, 72.65431827184231, 65.26375168931393, 33.92643778378763, 29.089048460389936, 26.61781028347871, 25.863946681718666, 25.75978678621281, 22.289817520711047, 19.643170115174133, 20.735281872806095, 23.222363516013374, 28.211189599965827, 67.4967153991512, 74.40072428030382, 79.87423605759102, 88.0655204420942, 94.15363521757642, 92.21828552211959, 86.63356800132941, 79.91678576120633, 72.73164344427562, 66.72425340471823, 37.7969148009537, 35.962357433363685, 43.44281443466519, 39.30106753694159, 50.094635524038495, 58.375777399465655, 65.0252769130932, 67.74561108462505, 66.40050566577452, 56.520864654134414, 52.28625797026582, 51.973634589322536, 58.34797721292877, 58.556279213003606, 63.91338218369266, 68.50832781244931, 72.7689438045449, 77.34289226910337, 86.76085008327115, 84.98743399883385, 83.22031379884045, 78.59667462228386, 73.76685887688393, 67.36954379735965, 59.42675780455017, 64.94036822874618, 70.74621095795315, 76.09156115199055, 84.58084012768202, 76.72066395900042, 71.37027411150463, 65.71641775734003, 49.00591107095929, 44.68542841796299, 52.09660589056995, 62.21282685621704, 75.78592150247285, 85.7702114391871, 94.13763043733738, 103.18434488742945, 117.34203050815529, 122.98474936714749, 121.94535389317764, 115.98455904041417, 115.10759012852996, 110.56158582991736, 112.03826670702847], [11.538942875026898, 9.611617906003184, 11.774411993460268, 20.504044237811573, 8.303773961276704, 0.0, 7.378591907178291, 50.34970529957638, 58.03537493040925, 65.634321147582, 73.60522728665981, 80.40556430618679, 73.03082517317387, 64.83149483165289, 57.48407793226422, 28.379486016137395, 25.926399768098676, 26.084719284581116, 28.46071156043209, 30.742937649329694, 27.942635903565044, 22.177374768665768, 20.06566671211739, 19.485352143243656, 21.906726306143074, 59.76884530086591, 66.7215232416822, 72.25939702057676, 80.63206960531662, 86.87579722616735, 84.74119110040746, 78.97255501107985, 72.14289376345245, 64.88574530132784, 58.845319410925164, 29.917356010107845, 27.72283852780364, 35.99613821865244, 34.058103569653795, 44.84201298760173, 52.51806085472848, 58.55399583021909, 60.99715332361498, 59.07337566392869, 48.43208157762404, 43.990575174106155, 43.889531170602275, 56.35358136545116, 55.290426511479545, 59.1099468893641, 63.24560798017824, 66.93015482243807, 71.30548729592334, 80.79757648242861, 79.5521669153171, 78.3864582062721, 74.33134913720174, 70.10920450370486, 64.45212016071673, 56.972802841556536, 60.962943288472495, 65.828003256549, 70.59792247402584, 78.68499395268509, 71.30132548983782, 66.53596178739974, 61.81762616716421, 54.50140087641067, 51.277869048516784, 58.13694183501686, 66.74187383393836, 79.59494533978551, 87.85989805245036, 94.81993447543329, 100.40627206735277, 113.24809653679125, 118.34066454851012, 116.76048368917566, 110.37301413057561, 109.11191693804373, 104.37219360786695, 105.72224943301997], [8.715926715049235, 11.91085455793412, 17.342059747574158, 26.26062623204757, 15.209780452491154, 7.378591907178291, 0.0, 43.05064172311882, 50.71327799090519, 58.32814727449678, 66.27552992447316, 73.08229311816949, 65.74255543440623, 57.58812454437611, 50.20686413405543, 25.396626354316215, 25.37167043917672, 27.511622011699803, 31.55160947093181, 34.88563594046234, 32.58369878835902, 25.969981783086908, 22.188207738850764, 19.097014229007918, 18.244524546696027, 53.019708986788864, 59.837430311568866, 65.23992066381093, 73.4430653739393, 79.57744961922809, 77.41396067525159, 71.72062703363792, 64.97523765092265, 57.77242442528004, 51.79717409969035, 24.04107373452685, 22.19837076838845, 32.31282223640934, 32.31753926769255, 42.861442109994954, 49.988448640056845, 55.092623127689144, 56.60467729143953, 53.64061074728656, 42.84883202484624, 37.67955964861476, 37.2004516967165, 56.78381176235116, 54.836032346580474, 57.34520531314322, 60.88431082452817, 63.75521230111716, 67.57348485906743, 76.48547818273785, 76.16321037981209, 75.80349997200338, 72.43761323952012, 68.96123321258949, 63.98400818147899, 56.997919212070634, 59.72594304916695, 63.629966080673036, 67.56101310362617, 74.55835702974315, 68.31105580043602, 64.37879422541931, 60.61641027540685, 57.761660079612234, 55.05774900422064, 61.94251367557117, 69.70376497477434, 82.44072397529425, 89.76048476347941, 95.70947961640773, 99.23494650487143, 109.74105857807278, 113.83641305181332, 111.37581972797211, 104.3143425092522, 102.50339578537745, 97.3249588271134, 98.6101556025538], [44.25330872545562, 51.52665340232866, 59.24135483297103, 67.77744415571046, 58.172466968293186, 50.34970529957638, 43.05064172311882, 0.0, 8.436704448999384, 16.040270370352893, 23.4669705944216, 30.91573877356401, 22.96779306716129, 14.914581935156109, 7.579867113433191, 43.51960110001527, 52.244462528389825, 59.320776212220984, 66.93768332014828, 72.58644665013028, 71.66004468533674, 63.749873232323694, 57.286517204515185, 49.9907614219406, 40.649843301271225, 22.536431496542193, 25.720746864777507, 28.70196446889575, 34.73096410504844, 39.683161745215486, 36.36068274713165, 31.11260691036746, 25.432483697954375, 19.56656595388422, 16.098235683792495, 28.497233402227067, 29.285936139415586, 36.88833605344244, 46.71985070319828, 50.14494502054154, 50.732174646375, 48.025828349808336, 42.90582317361545, 32.68769327332568, 25.72208203557134, 18.428590753619577, 16.81128565605775, 71.90018930319262, 65.8040498356247, 60.21743839460498, 59.229513868762126, 56.225226183703214, 55.55541369835738, 59.168948563672025, 65.04999031002853, 69.9019335407069, 71.41475493797974, 72.89403670873723, 72.84933193511071, 70.08210983854494, 65.22530706726613, 62.43063512813118, 60.23596589652787, 58.85269757307651, 61.15140496467026, 63.28339474275607, 66.11393998319012, 90.98891212619306, 89.87733186621466, 95.11153185309738, 98.07796686860151, 108.25331106012177, 109.61745045780171, 109.50969423479336, 99.36370351032936, 95.72820561854923, 93.41745930845025, 85.41545268482419, 74.21057772109585, 68.44522703953122, 60.871412674110836, 62.339624992478946], [51.15296958552798, 58.48552533281986, 66.41481563571072, 75.21540423763133, 65.8221729058473, 58.03537493040925, 50.71327799090519, 8.436704448999384, 0.0, 7.750650991547548, 15.60357739201732, 24.64033618597557, 16.889212787063936, 10.318770217863996, 6.420749234938553, 48.42887170257331, 57.515019667988646, 64.8483398104826, 72.74201104080362, 78.75160609753385, 78.13124206332625, 70.04601466238168, 63.41093915224702, 55.98467320082011, 46.5258124274112, 18.850208710232387, 19.7170092339849, 21.36307605747248, 26.530796454181488, 31.512464701503212, 28.04639516774919, 22.697207464213985, 17.41379443299343, 12.662688907540174, 11.606911767379643, 34.331135295915836, 36.627492338811805, 43.81508184435858, 54.764912585217, 57.562888669893866, 57.282558563963654, 53.63218144616256, 47.95582695211447, 37.17985209303626, 30.850289498690703, 24.01247387498108, 20.540680133393906, 79.59443418872479, 73.2210712178846, 66.8414788261088, 65.31118203387736, 61.57177600245988, 60.23894406135041, 62.72486417508721, 69.58185605325993, 75.15098978814706, 77.3510030074213, 79.42775963889879, 79.95722689676262, 77.64113044216728, 72.10625819672194, 68.5338621708864, 65.53419022230547, 62.762746283178856, 66.45094884838534, 69.38630204435101, 72.97917677475617, 96.3180367814204, 96.54857932737451, 102.52800430297526, 105.64626639880781, 115.92500179786616, 117.07974287875474, 116.49524879311332, 104.95046233856252, 98.79137369556082, 94.92320265019319, 85.39826240485546, 72.86827093647227, 65.40454049439967, 55.67481282556756, 55.319509858717495], [58.46673935547199, 65.80408594900463, 73.86281889528134, 82.82242451887745, 73.44255106214956, 65.634321147582, 58.32814727449678, 16.040270370352893, 7.750650991547548, 0.0, 8.448325682272966, 19.528696614609892, 12.302695957338333, 9.521991561439547, 11.496547137439526, 54.5155979578648, 63.857000538969665, 71.38435778086371, 79.49727436023673, 85.75035672245345, 85.29222403640192, 77.04194120535101, 70.27033561116556, 62.751413710240385, 53.22441224496434, 19.35479330496986, 17.28715633432899, 16.768988755068893, 20.257357358961162, 24.981130589466147, 20.98345874437091, 15.517568104610916, 11.297593037408724, 9.756793932800571, 12.743447858160565, 40.891851036012966, 43.57031521940058, 49.8837677383413, 61.529706115202224, 63.5607644843035, 62.411833687975644, 57.88321971969062, 51.76273921650228, 40.77415653238045, 35.51914505566041, 29.676930602959093, 26.200704785367016, 85.82713436572581, 79.12778670059994, 71.92981844943311, 69.86558720782433, 65.45198505655428, 63.527226322204505, 65.0422059197662, 72.66462756131956, 78.85009432292456, 81.70235860359804, 84.36502534104302, 85.51198529592362, 83.71538782214319, 77.43349851192244, 73.0862065154775, 69.33861171870501, 65.3834476159582, 70.25054929122128, 73.93388357744132, 78.28718413291313, 102.87509092023302, 103.78549385236781, 109.93203866190731, 112.8306232943761, 122.88726768108543, 123.49808860067691, 122.26890351576537, 108.9327744525452, 100.69567991858123, 95.61511558837405, 84.98465804844592, 71.60261501309256, 62.89656882642653, 51.847401332053025, 50.24538673996128], [66.68447069337398, 74.02128433582224, 81.94582404967137, 90.55081792620734, 81.36418683905201, 73.60522728665981, 66.27552992447316, 23.4669705944216, 15.60357739201732, 8.448325682272966, 0.0, 12.477482146743109, 7.676875595289141, 11.78794068279057, 17.304388998194593, 62.92194661750987, 72.23143204811133, 79.69649231532887, 87.67564851995944, 93.76253454911077, 93.29430340153972, 85.29505908133946, 78.6160430484259, 71.14478104179246, 61.65004687451147, 26.128928470331328, 22.11733454684569, 19.103952533636747, 18.05283459821407, 19.923055105420104, 15.170183783717619, 12.201251125628755, 12.714266278308433, 15.712936845563563, 20.38388480052765, 49.30030930652019, 51.47438792037772, 56.854717508144994, 67.79103717768453, 68.96084313284236, 67.22574661103076, 61.848192909421904, 54.811905510084806, 43.739494307980756, 41.47877724565764, 36.95768300461327, 34.506654793260864, 90.71710509565352, 83.89944769298694, 76.16534254551482, 73.53168755549018, 68.3779559231284, 65.5591813646639, 65.36987008891633, 73.99956732645249, 80.8997551819122, 84.48748934607278, 87.85727745960368, 89.62156711659527, 88.44250348666691, 81.56234002379087, 76.50326374123719, 71.8622307626324, 66.12626369324272, 72.72021087072255, 77.29063025553275, 82.35471262624895, 110.20458994865518, 110.55602480455116, 116.09937400414428, 118.20617590181404, 127.75748052669942, 127.53787298607529, 125.43803842942413, 110.56330470146204, 99.34545986939348, 92.76669511459932, 80.94249655661397, 66.79211702883394, 57.089104522102275, 45.72591985701962, 45.0228033673504], [74.48479326726547, 81.74028134777551, 89.04813036246874, 96.40322294052969, 87.881385845657, 80.40556430618679, 73.08229311816949, 30.91573877356401, 24.64033618597557, 19.528696614609892, 12.477482146743109, 0.0, 9.285018276418683, 17.542156139579365, 23.73700252355316, 72.9034754828221, 81.70884429397385, 88.67186661431299, 95.9041118394101, 101.13728057977508, 100.41669161402655, 93.41460833407534, 87.2427324841483, 80.09160052891637, 70.85598773895447, 38.3012795952075, 34.28601696724335, 30.542125435328742, 25.86781917372197, 22.368636925383118, 18.604282067987466, 21.151444981304945, 24.583111092613848, 28.001741050439097, 32.201455325809505, 58.85156741893907, 59.62510886642222, 64.27758913052648, 72.2385714928909, 72.61334704396354, 71.00182039484534, 65.08987408537526, 56.481683995553986, 45.615485067953536, 48.791200008991545, 45.64327742816944, 44.87645173371449, 92.32996978495026, 85.92328730844305, 78.43850705846721, 75.33777648253307, 69.52949013687629, 65.42186394888377, 62.28654552390373, 72.25724572469755, 79.89961004304236, 84.19198889151394, 88.31590081823904, 90.49716002614653, 89.95344105489157, 83.02085396749716, 77.6099716329228, 72.02585866214606, 63.62413819879494, 72.73723699413739, 78.23455708534529, 83.67734142858603, 116.31772500335853, 114.17466144963034, 117.96848237364344, 118.47260912572152, 127.1629498697221, 125.895085889581, 122.76186274180712, 107.61506654943638, 91.91047579522429, 83.30209812617889, 70.01830700078396, 55.003088208943765, 44.730478034294485, 35.31675249118206, 41.03629056165873], [67.15130872648123, 74.4308313880345, 82.0011201093466, 89.92053884381285, 80.74617886210498, 73.03082517317387, 65.74255543440623, 22.96779306716129, 16.889212787063936, 12.302695957338333, 7.676875595289141, 9.285018276418683, 0.0, 8.623725237898817, 15.591186473356286, 65.24351651671849, 74.35199035842716, 81.59648536336682, 89.22875028570105, 94.79880099037103, 93.99835551247101, 86.41670946921293, 79.96496947238825, 72.61251979705358, 63.16499909456042, 31.446925773606377, 28.643730747565794, 26.456804946687157, 25.45696250563961, 25.66918184417404, 21.080467853484397, 19.712705697681457, 20.013521745811083, 21.437903694214622, 24.79761806761424, 50.606714774878064, 51.00731405504633, 55.31710909456369, 64.40033162489065, 64.88155719327241, 63.10653958811405, 57.412675738505165, 49.52135111623228, 38.45591289827395, 39.685354422378715, 36.52262366624097, 36.41364275396862, 85.74720253666865, 79.00636774793564, 71.2662728304887, 68.38382478607971, 62.92201291388814, 59.559245881603076, 58.3970880805271, 67.43877052865801, 74.59445233851132, 78.4492585825189, 82.15269695274485, 84.17000693057001, 83.3780005634075, 76.31234186049245, 71.03638593862912, 65.98346677508758, 59.30722683050254, 66.78335398448263, 71.75301982186951, 77.04373295488905, 111.45088204567602, 109.62181357587627, 113.51516081605641, 114.36767970555235, 123.06826425361403, 121.91147265720963, 119.16372191675997, 103.67615520182213, 91.67749546210763, 85.21326996361297, 73.84696604554314, 60.40273138067259, 52.0296268032578, 44.12867528183946, 48.14474081944023], [59.1346741575667, 66.38930026644411, 74.02836561619951, 82.19200008884904, 72.65431827184231, 64.83149483165289, 57.58812454437611, 14.914581935156109, 10.318770217863996, 9.521991561439547, 11.78794068279057, 17.542156139579365, 8.623725237898817, 0.0, 7.514962340229591, 57.60302870380567, 66.72792523528618, 74.01658738843376, 81.75309778701853, 87.39214986831546, 86.47709868064508, 78.65456390798323, 72.12526481315865, 64.72907054922217, 55.236945878421785, 26.95621685012038, 26.208105170928192, 26.115370264746794, 28.534988005473455, 31.16209934052613, 26.76879842926137, 23.073030738230596, 20.204322536410324, 18.414419023155087, 19.692856100572946, 42.46933402715476, 42.40270097695968, 46.92060403224411, 56.41876409912743, 57.42413556895686, 56.05149763861705, 51.01805663593454, 43.870580868807394, 32.71548338634332, 31.808906117852008, 28.12457323968355, 28.65708005282049, 78.93160722657413, 72.17312046349822, 64.75437743318224, 62.33891564692393, 57.51471336476546, 55.014932748275186, 55.734514651042225, 63.69847430320783, 70.15949992372192, 73.33117356784054, 76.40679326724768, 77.9368059373273, 76.66320209081381, 69.9669074692023, 65.24976488664892, 61.00292624096324, 56.181044923503975, 61.86447829159005, 66.03071063136957, 70.75966189587201, 105.04828318496928, 103.14753649488041, 107.08451728468971, 108.32613417441337, 117.20760592618478, 116.49931193956981, 114.39929372866911, 99.88934693962156, 91.2861780173428, 86.7125024324894, 76.99578661993142, 64.80627523440644, 57.96244702761818, 51.073161453783065, 54.54751584823421], [51.73679811153367, 58.986575311233, 66.56650122827286, 74.73071112080835, 65.26375168931393, 57.48407793226422, 50.20686413405543, 7.579867113433191, 6.420749234938553, 11.496547137439526, 17.304388998194593, 23.73700252355316, 15.591186473356286, 7.514962340229591, 0.0, 50.914746855791066, 59.75901537091006, 66.86062749015521, 74.42083469920624, 79.93989523739822, 78.98701442469098, 71.2740070275786, 64.85934431613606, 57.568906755186994, 48.2030786814134, 24.66776520715926, 25.792706164088365, 27.19748584532633, 31.383150251648622, 35.092467079630666, 31.304838973374597, 26.883072778681587, 22.485107254162724, 18.404209830120852, 17.34731518764342, 35.81346570645508, 35.935267924903776, 41.84778675680817, 51.09331078395703, 53.2450298252173, 52.92426940475829, 49.00246543420529, 42.60022918588149, 31.675597407578806, 28.422134366172397, 23.156050621799068, 23.00279276636824, 74.74116697258523, 68.3582898078046, 61.91201586956752, 60.185876809579185, 56.21928487508651, 54.532356921478645, 56.53370512445566, 63.56742891917688, 69.27842759510273, 71.64173953935972, 73.9600529022991, 74.69220364481666, 72.68735721335746, 66.93683252805062, 63.184037386932026, 59.90084153355767, 56.61635422952977, 60.78194133293734, 63.9887767074914, 67.76864788560115, 97.78772891187369, 95.96267401554742, 100.35889052928871, 102.30929301535572, 111.8037648619648, 112.08954596334047, 110.94674288062288, 98.7927729005882, 92.43815918963044, 88.94691504409036, 80.06839459430066, 68.3587566463812, 62.15123609471517, 55.05927128713134, 57.90264211893148], [17.95058095712548, 21.680365648837316, 30.280279816014197, 43.1912003722016, 33.92643778378763, 28.379486016137395, 25.396626354316215, 43.51960110001527, 48.42887170257331, 54.5155979578648, 62.92194661750987, 72.9034754828221, 65.24351651671849, 57.60302870380567, 50.914746855791066, 0.0, 10.563957086526097, 19.417182521963788, 29.80261289238007, 38.74516658652783, 39.125677739152124, 27.45684946923756, 19.409989229731632, 11.986848061604599, 7.296568807807201, 41.33043561250616, 48.51215970533567, 54.74005432575195, 64.60090455448281, 72.86476792298946, 71.20505250688781, 64.23759186626648, 56.835909645975725, 49.77275162794915, 43.75467980017267, 16.867236414375476, 26.50780236342964, 38.429060869134666, 50.221120739122796, 58.920080047802465, 62.7180411011863, 65.84372495801298, 67.81539198822807, 62.78941528748052, 45.08431809908496, 37.059731586805576, 30.169462756971676, 77.9738262516681, 74.02658656323247, 72.9668030825821, 75.41345697600197, 76.99097965566327, 80.68442395181835, 90.23990944205045, 91.08739655180031, 91.91763163647417, 89.71499113072623, 87.18246734039414, 83.72233112346616, 77.68887111862081, 77.595326737803, 79.29589140930985, 82.06631619743972, 88.54226924185525, 83.0351492014064, 80.29264531038982, 78.64759219023883, 61.56136449730995, 70.79638508997608, 83.54935536394444, 93.91559801922968, 107.50367055982254, 115.03984856905579, 120.45899707246856, 119.32274813223786, 127.99422005761637, 130.1377643347367, 125.0999616304595, 115.30232530272252, 110.08238412699417, 99.52309384296734, 93.8203419154024], [16.847458873422454, 16.994371025508478, 23.71018282213889, 36.33751835944063, 29.089048460389936, 25.926399768098676, 25.37167043917672, 52.244462528389825, 57.515019667988646, 63.857000538969665, 72.23143204811133, 81.70884429397385, 74.35199035842716, 66.72792523528618, 59.75901537091006, 10.563957086526097, 0.0, 8.919412559236008, 19.538820347137897, 28.913221896172523, 29.685393374147854, 17.822981532380997, 10.279347678720233, 6.504610651641265, 12.532330825401395, 51.22409591185236, 58.20163635185268, 64.20314906524466, 73.61409361832916, 81.53898318805776, 80.2048272895316, 73.59772960514806, 66.43421727373587, 59.49511968789633, 53.543718380056205, 26.133745523639792, 33.81501940368802, 45.217724979488914, 53.871075113029015, 63.46302412067065, 68.4277762043339, 72.6112142292061, 75.00077999131318, 70.67661530944528, 54.008900001017096, 46.449686423038614, 40.15885522374737, 79.91429904627078, 77.11913979502444, 77.7912865806352, 80.91442037064702, 83.29232552156382, 87.35568174266285, 97.05514870752646, 97.28031226355296, 97.41229030367035, 94.48272311726379, 91.18987834254969, 86.80997628658871, 80.07837295232237, 81.62334850630832, 84.50478002823282, 88.08012517717968, 95.2294499980409, 88.98531372419387, 85.43369736999918, 82.62721466375969, 52.19192374081248, 63.25281027164065, 77.71496692215133, 89.83271782439742, 104.3153607284208, 113.6689437578748, 120.5578735858263, 123.0587354087221, 133.221296720066, 135.9502906709306, 131.4097610686151, 121.94096730652369, 117.09122445472985, 106.5834590581624, 100.95343799150403], [19.575658555325592, 16.546788622049807, 19.85093636911501, 31.100576834007757, 26.61781028347871, 26.084719284581116, 27.511622011699803, 59.320776212220984, 64.8483398104826, 71.38435778086371, 79.69649231532887, 88.67186661431299, 81.59648536336682, 74.01658738843376, 66.86062749015521, 19.417182521963788, 8.919412559236008, 0.0, 10.758575793727111, 20.46998034023045, 21.70127947638904, 10.337031983393443, 6.289043586618716, 10.84445805936627, 19.95747739880582, 59.43876512402098, 66.2518763568325, 72.04371810316803, 81.02786527680283, 88.58750342008521, 87.49026547708739, 81.22316969456844, 74.27837793451779, 67.43822188374955, 61.5471525991972, 34.10535672175405, 40.56475982979529, 51.57178784632975, 57.571640701762334, 67.70304300025946, 73.56084442916563, 78.45284164566635, 80.98175856351068, 77.12987092797079, 61.5094694794805, 54.23698554093982, 48.34389456853977, 81.80473974814481, 80.01768703780182, 82.09549606727555, 85.69147756558873, 88.61780400149769, 92.85925181141086, 102.47912196017238, 102.30250920952402, 101.93707767432794, 98.48202414637201, 94.64862354325071, 89.55782247279258, 82.32820785095488, 85.20405697097186, 88.9856687589159, 93.10320886907924, 100.58521384782478, 93.94733661025197, 89.84548696409357, 86.15365157171637, 44.073460378332285, 56.530205866736644, 72.45500669222514, 86.03874025073351, 101.26394950006797, 112.17249037457817, 120.27325733110433, 125.9536348662181, 137.03411280063594, 140.15224197662766, 135.99375847217465, 126.81958836681244, 122.31723434213887, 111.98783618044804, 106.66526661854745], [25.218210306666627, 20.15360722910253, 18.42183010840394, 25.653558042176584, 25.863946681718666, 28.46071156043209, 31.55160947093181, 66.93768332014828, 72.74201104080362, 79.49727436023673, 87.67564851995944, 95.9041118394101, 89.22875028570105, 81.75309778701853, 74.42083469920624, 29.80261289238007, 19.538820347137897, 10.758575793727111, 0.0, 10.042713959763969, 12.223464871932636, 6.918650176605549, 12.481581859616067, 19.82157785690859, 29.179311130525782, 68.70981194359086, 75.3086769421505, 80.8043717862784, 89.18312826812317, 96.1791572110142, 95.33392243878087, 89.54900227475777, 82.91354073108907, 76.20497783537927, 70.40829318122563, 43.28712546983642, 48.55809806258013, 59.2662051835798, 62.123073162894684, 72.70162057194588, 79.55235440609601, 85.0840904099294, 87.5040642222879, 84.07523817528467, 69.97876201800477, 62.959617233210714, 57.4982195467306, 83.8970203241341, 83.3374558587354, 87.01720314723586, 91.05789166489437, 94.47990776911895, 98.75934654743993, 108.00675668628814, 107.52000993093485, 106.68666761863959, 102.720827979498, 98.3813432016116, 92.52504183547092, 84.81262038826047, 89.19893381106823, 93.93459550429569, 98.52321253379066, 106.0845954956353, 99.28459759078412, 94.69681760911531, 90.06822919988953, 34.04393040106159, 47.59553747217117, 65.28521030979144, 80.5631957028996, 96.68972086571047, 109.46438381114761, 118.94733617527531, 128.57691532810716, 140.22553510672432, 143.64814993821602, 139.88877680843342, 131.0924552384039, 127.06438971159217, 117.14409550663132, 112.54929492844948], [30.49180359683568, 24.67291197068862, 19.239063393488937, 20.60693588647349, 25.75978678621281, 30.742937649329694, 34.88563594046234, 72.58644665013028, 78.75160609753385, 85.75035672245345, 93.76253454911077, 101.13728057977508, 94.79880099037103, 87.39214986831546, 79.93989523739822, 38.74516658652783, 28.913221896172523, 20.46998034023045, 10.042713959763969, 0.0, 4.255244499281446, 12.691964394127258, 20.481171522762583, 27.930088661081708, 36.9602021752524, 76.46157746458198, 82.91455100880633, 88.15255333052211, 95.97737306716044, 102.3634410957385, 101.61837049180842, 96.28895978672159, 89.92313225073686, 83.28606907770163, 77.55614164558123, 50.63419056222446, 54.54078923755241, 64.80851531321166, 64.57836910933979, 75.38019933892238, 83.10710775677335, 89.15531262707329, 91.38138275877917, 88.42959186246942, 76.0845536911721, 69.46853916263827, 64.75207754190754, 83.69528783719231, 84.29394965269422, 89.43752100227078, 93.83181867706917, 97.66217660755828, 101.90461950606561, 110.68522638496248, 109.9016765308007, 108.64402851854132, 104.24737800792586, 99.5083761024306, 93.00432230202004, 84.94800719808026, 90.68593055165356, 96.25613885657539, 101.21444480836888, 108.74818761684489, 101.88603309387862, 96.91249342745455, 91.46583094389432, 26.42827615844066, 38.23779733783558, 56.92811574615031, 73.4302176608713, 90.20133120269865, 104.48780932341776, 115.1043997579946, 128.32899852286783, 140.41109896102432, 144.2126479942699, 141.02748598217553, 132.84650840124763, 129.55406378881895, 120.58771861153777, 117.36193789246137], [29.103264842089665, 22.924214849684276, 16.316256273345708, 16.425932031497148, 22.289817520711047, 27.942635903565044, 32.58369878835902, 71.66004468533674, 78.13124206332625, 85.29222403640192, 93.29430340153972, 100.41669161402655, 93.99835551247101, 86.47709868064508, 78.98701442469098, 39.125677739152124, 29.685393374147854, 21.70127947638904, 12.223464871932636, 4.255244499281446, 0.0, 12.532429593779936, 20.44408807448887, 27.772045588287845, 36.61720228941236, 76.67079821713608, 83.21186149341875, 88.47702681247942, 96.3091214372696, 102.57514405355126, 101.66308030025387, 96.34874948741125, 89.94488504179674, 83.2045346601195, 77.4114050815306, 49.96884611343602, 52.93795339503073, 62.74711097010865, 61.43392853096059, 72.24678391310125, 80.21075828165301, 86.47227458975571, 88.77999875018321, 86.18236290169285, 74.45594223315396, 68.23793984154447, 64.24219596203994, 79.8260302085438, 80.66045045523734, 86.17494168012756, 90.68773888053708, 94.69295897143326, 99.00212835689524, 107.81316834130261, 106.7821133471523, 105.32570223174541, 100.7789131305055, 95.91115027268515, 89.26584686934956, 81.14749704932697, 87.18416460931765, 92.98969401798331, 98.11191647234394, 105.82972293103813, 98.75749634614549, 93.61833637888407, 87.94224027071789, 28.42103108530382, 36.28688876650249, 53.657546595669814, 69.72357759370408, 86.24961349826772, 100.360125867341, 110.9855707373494, 124.50240336930892, 137.12265833543177, 141.3323367794108, 138.63011337135066, 130.93281828657274, 128.17103653247977, 120.06662713811512, 117.81747070382336], [20.346054327726026, 14.284077018081286, 12.320142223838571, 21.641293799540428, 19.643170115174133, 22.177374768665768, 25.969981783086908, 63.749873232323694, 70.04601466238168, 77.04194120535101, 85.29505908133946, 93.41460833407534, 86.41670946921293, 78.65456390798323, 71.2740070275786, 27.45684946923756, 17.822981532380997, 10.337031983393443, 6.918650176605549, 12.691964394127258, 12.532429593779936, 0.0, 8.202653462402331, 16.0778008710504, 25.63827622607663, 66.8941514193641, 73.75683240840557, 79.4329132305481, 88.07650625796492, 95.10123946280585, 93.89090688323107, 87.93251811082374, 81.09101339525296, 74.12609541184337, 68.15093925062133, 39.53179785247391, 43.42986272241929, 53.4138977389544, 55.617359071035025, 66.17637909879423, 73.11935699396179, 78.91781984308716, 81.68339901377233, 78.78535496894537, 64.99736882149396, 58.61117765448041, 54.33028972995073, 77.27289201552502, 76.64641685966805, 80.4144528324303, 84.57177008622754, 88.21236649485894, 92.7014354310564, 102.30591830263863, 101.40786730994532, 100.3269935200621, 96.21572615425563, 91.75404735393235, 85.88480043906553, 78.18264086686703, 82.5676353290523, 87.43238101023864, 92.2402927431052, 100.28160498061715, 92.99366593089333, 88.19236446523465, 83.43871497302112, 38.756122995044144, 47.86411114442555, 63.145760389591786, 77.18867783635154, 92.53492126774695, 104.3957494705482, 113.46679286745776, 122.19077244710084, 134.85066373594546, 138.94465230705038, 135.89733366437568, 127.77937583626878, 124.46521591226659, 115.78172190456709, 112.46860031523336], [14.990645260647524, 10.735409553535671, 14.437703333082482, 26.709110278488087, 20.735281872806095, 20.06566671211739, 22.188207738850764, 57.286517204515185, 63.41093915224702, 70.27033561116556, 78.6160430484259, 87.2427324841483, 79.96496947238825, 72.12526481315865, 64.85934431613606, 19.409989229731632, 10.279347678720233, 6.289043586618716, 12.481581859616067, 20.481171522762583, 20.44408807448887, 8.202653462402331, 0.0, 8.056591058202349, 17.871622082078535, 59.435843634079276, 66.44631232976039, 72.31404702400843, 81.3517608395487, 88.73780722264522, 87.33999219760942, 81.06095790602225, 74.01231012736771, 66.94982346480957, 60.90427967932379, 31.923238222556808, 36.67156625781563, 47.101153523092606, 51.81878999584372, 62.06905614568782, 68.25654500407289, 73.5102404974913, 76.25895491032672, 72.95006627011232, 58.03585452638861, 51.399290120008665, 46.83174448744353, 75.61021564257055, 73.97562850190195, 76.43325407603906, 80.20932831911726, 83.40658491744475, 87.81096222092746, 97.62264991631726, 97.05334870471079, 96.4033643905109, 92.73810789547423, 88.7280240551765, 83.487513529749, 76.1836258143874, 79.32405690985348, 83.3944950943388, 87.77267292666401, 95.63836136619848, 88.59174492847674, 84.23080146364529, 80.25938814197656, 45.752306748471625, 54.56400515211246, 68.65635063897084, 81.34769452410075, 96.02896351848258, 106.41425172987404, 114.3502974381162, 119.98172102793585, 131.92623148009025, 135.67647062189297, 132.23992473896683, 123.78038773016716, 120.07691455233828, 111.07983418026646, 107.29928165167419], [10.82816249513305, 10.922065312286458, 18.656267489788064, 31.663246259779527, 23.222363516013374, 19.485352143243656, 19.097014229007918, 49.9907614219406, 55.98467320082011, 62.751413710240385, 71.14478104179246, 80.09160052891637, 72.61251979705358, 64.72907054922217, 57.568906755186994, 11.986848061604599, 6.504610651641265, 10.84445805936627, 19.82157785690859, 27.930088661081708, 27.772045588287845, 16.0778008710504, 8.056591058202349, 0.0, 9.882095176313019, 51.68955333357056, 58.80953552342836, 64.79443094477801, 74.08076390567626, 81.66710235140752, 80.075406441538, 73.58540064593471, 66.39742323567116, 59.250871895429626, 53.15240209182736, 23.988495070657557, 29.724558786956617, 40.9454023914211, 47.96397679878404, 57.81652031307393, 63.28395953064039, 67.8471904372379, 70.28461124256542, 66.4248189061373, 50.75139921496177, 43.74903852411773, 38.88877018729269, 73.6159786995056, 71.05149428184414, 72.22511245788857, 75.53877331256047, 78.16964607629636, 82.32299780242484, 92.05917825131444, 91.97889058660543, 91.86368164320584, 88.72547072025377, 85.2701988597944, 80.68387916518223, 73.83604330575973, 75.74470716086249, 78.96804226159826, 82.77658901480068, 90.16288847002578, 83.64900014782748, 79.86228996957952, 76.72783944213772, 52.34685056046997, 60.081081499775095, 72.93235889246334, 84.23969859369983, 98.31674291410246, 107.29393852220531, 114.08545701223254, 116.93312289340447, 127.67200700258847, 130.931435990962, 127.05044186339066, 118.26511509436561, 114.2364470114516, 105.10238500192588, 101.22037063114446], [11.408110869850493, 16.497500216292718, 25.585455282432047, 38.19472644131675, 28.211189599965827, 21.906726306143074, 18.244524546696027, 40.649843301271225, 46.5258124274112, 53.22441224496434, 61.65004687451147, 70.85598773895447, 63.16499909456042, 55.236945878421785, 48.2030786814134, 7.296568807807201, 12.532330825401395, 19.95747739880582, 29.179311130525782, 36.9602021752524, 36.61720228941236, 25.63827622607663, 17.871622082078535, 9.882095176313019, 0.0, 42.34458612132429, 49.57593000860196, 55.644404554485156, 65.12374869202682, 72.82264281078821, 70.95994203932855, 64.28695703621706, 56.970153519192436, 49.71165299713693, 43.54745454742046, 14.209096920644779, 21.73191854339807, 34.2785129302614, 43.9868353017079, 53.12121363695271, 57.649459712546566, 61.16702321129806, 62.929798871506534, 58.231481082785535, 41.92631916471839, 34.293917301120935, 29.013937049521626, 71.44399518921972, 67.81382341498843, 67.3971729409941, 70.04092139058052, 71.83745961022787, 75.51679158725818, 84.90260653284874, 85.57209600175551, 86.21434008144884, 83.81195582176282, 81.14384690477499, 77.41241599347828, 71.21620168815917, 71.59482499744354, 73.69500258613738, 76.6525369685753, 83.16083468234355, 77.57934255779999, 74.6430039110386, 72.61854894542138, 60.31093110149512, 66.38910089030547, 77.66858704979883, 87.25539687106097, 100.57117222532644, 107.86611830825125, 113.24426218068922, 112.89632617677213, 121.76580515146517, 124.30696699265266, 119.8408511296126, 110.67447616499437, 106.30020485981659, 97.16755630159693, 93.49335223040144], [50.56763773986858, 57.5453968231926, 66.38599439845972, 77.30700846530152, 67.4967153991512, 59.76884530086591, 53.019708986788864, 22.536431496542193, 18.850208710232387, 19.35479330496986, 26.128928470331328, 38.3012795952075, 31.446925773606377, 26.95621685012038, 24.66776520715926, 41.33043561250616, 51.22409591185236, 59.43876512402098, 68.70981194359086, 76.46157746458198, 76.67079821713608, 66.8941514193641, 59.435843634079276, 51.68955333357056, 42.34458612132429, 0.0, 7.578903113706693, 14.250047898198412, 25.284690436928354, 34.62830008050099, 32.168696181148, 24.15710645558615, 16.454850472381448, 10.446650720591457, 7.393787994290139, 31.10983771788958, 38.2439774830659, 46.558070195828584, 62.51061940429823, 66.27285787071571, 65.4780065521307, 62.60581637629559, 59.61963601733162, 49.96768378986276, 35.96891843234379, 27.400339864515733, 17.60708711387168, 90.06791507111484, 83.33610828081417, 76.