{
	"dissimilarities": [[0.0, 7.351641086750156, 16.106672386462073, 26.437974652758328, 17.83074040645146, 11.630834753474788, 8.766046428536301, 45.26345355318253, 51.15815875877492, 59.51840552935144, 67.71827407467262, 75.54763676042148, 68.18557292692819, 60.15099581987292, 51.73128918153353, 18.266221480720255, 17.5970387271575, 19.004505718697473, 24.3270441657206, 29.244653737193758, 27.849919213508695, 19.4068619903699, 14.220693746920153, 10.449343436003288, 13.131564294900931, 51.48664367827972, 58.456094649280054, 63.91329304538251, 72.56499755739127, 79.6026200618357, 77.61276511997505, 71.70203234994138, 64.77197099538442, 57.57341513788709, 51.486138897375376, 22.642671365696252, 25.423644414622974, 36.798731405159906, 40.28515080984281, 49.87594608752601, 56.89395570582972, 61.34977543722903, 63.121704376033435, 59.44831774865405, 45.91795803694878, 39.286075024917245, 36.10661484911053, 65.11333754858144, 62.95108607929451, 64.73865907621393, 68.12278141202543, 70.76341516779796, 74.70924532877247, 83.14779089046424, 83.84391846940505, 83.7480752915231, 80.56058072104479, 77.10791886559515, 72.29342835481114, 65.3378160686955, 67.79286377298855, 71.33547464220464, 75.03331790071945, 82.04441909645794, 75.83075529455937, 72.12701867042168, 68.70175236837052, 54.79803813117328, 61.42060169682763, 69.43122583721845, 76.90185815110031, 90.27341204656943, 99.74288539462896, 102.46422701769308, 107.77309017825537, 117.70125100024843, 120.82489923798624, 117.27320044975362, 109.63683198656216, 107.25646031983538, 100.20232341497157, 97.47730450224138], [7.351641086750156, 0.0, 9.38779596575367, 20.793412950583765, 12.711926975793004, 9.664936411003128, 11.922401741534593, 52.547960005052545, 58.50293774238649, 66.87002625772269, 75.06617095022388, 82.80191634210412, 75.47382710378973, 67.41929422877209, 58.98872215047264, 22.345181860238174, 18.213687103132965, 16.36775883656544, 19.423136254481452, 23.424768290671302, 21.639684344619255, 13.485773808765478, 10.424820586779276, 11.298714214562384, 18.253962124783435, 58.51525932712849, 65.53164804503615, 71.06508547426, 79.75718271755974, 86.78795012184594, 84.89326009400119, 78.98239137820093, 72.03984734721054, 64.83981036297061, 58.73706787218819, 29.338606265027355, 31.33486403732509, 41.27399864832179, 42.97380691603277, 52.69869417744256, 60.37961039183685, 65.6381668150601, 68.10771958724987, 65.25678808860492, 51.92910256705462, 45.93013916456636, 43.18430895210484, 65.91085351271589, 64.57987357687401, 67.54727239019087, 71.44504754040013, 74.77196886203579, 79.15506422616308, 88.05256315615183, 87.96578356696386, 87.2006159559289, 83.41927754562539, 79.32588719528648, 73.89320579830694, 66.49689734038536, 70.1026933249254, 74.49266530835662, 78.8936121426089, 86.7534905298379, 79.64736054857458, 75.24325363564475, 70.97515577177401, 50.20198985399057, 57.18999218638983, 65.79408028202946, 74.28890867334417, 88.0959581387371, 98.65394631307507, 102.44044727260705, 109.9131576639055, 121.64900828610362, 125.57871478061894, 122.72912450354535, 115.58902357997741, 113.67970120754416, 106.91017798518449, 104.24366671595914], [16.106672386462073, 9.38779596575367, 0.0, 11.930896188518613, 7.467706324787352, 11.799563546154111, 17.417738550203296, 60.307376405102055, 66.51501620729402, 75.01712547106736, 83.04921034110998, 90.13125939889093, 83.09708419834092, 75.11962429978833, 66.61913376889743, 31.253086440918405, 25.25649893507643, 20.321965338897048, 18.249510332138694, 18.192730206284185, 15.105910105469478, 12.28482004744864, 15.01463728547107, 19.53356480589503, 27.536443034341108, 67.47850419496254, 74.36121199171363, 79.7230989064836, 88.03318650118908, 94.61619347125635, 92.8547627626198, 87.2979723185579, 80.57553377036567, 73.47113094282362, 67.44654538142002, 38.525161972919676, 39.420999695844515, 48.177890821426224, 46.484201029728744, 56.151437034433705, 64.94080675411168, 70.90381032266687, 73.5275893515052, 71.41265251648105, 59.71237813834623, 54.30860109455073, 52.153504247021495, 65.96301239777051, 66.04244094572746, 70.7457294193675, 75.16440074260089, 79.13033449450398, 83.69158909200344, 92.51616718197577, 91.72662689902407, 90.33608733316214, 85.9402836760552, 81.19378535774948, 74.93912148768786, 67.02600366359731, 72.34960865365328, 77.80266431232124, 82.80050653211244, 91.03174078943799, 83.45519336425379, 78.43983431239025, 73.12016935070893, 44.25248826217659, 49.34323120390704, 57.98436796724463, 67.61799667408266, 82.20987517501071, 94.29229944291872, 99.68499313298359, 110.77347358996835, 123.68446107203812, 128.35119954968098, 126.29136237402754, 119.81673636496802, 118.66697987785457, 112.6559900676781, 110.9531239221057], [26.437974652758328, 20.793412950583765, 11.930896188518613, 0.0, 11.282742620839004, 19.072152199814283, 24.972992769132535, 67.50673499782856, 74.06230937436112, 82.71219120908688, 90.38095244293346, 96.28947859333086, 89.76877963985794, 81.99552132701987, 73.5028494563303, 42.823401207193314, 36.707999574552694, 30.87123261280769, 25.636143620913057, 20.64581263664129, 16.45476600120637, 21.44721728788861, 26.370059031900517, 31.256287255609564, 38.833373978955635, 77.02325559965436, 83.6234775995687, 88.59549411545365, 96.18280353207588, 101.94799733057899, 100.27065567994016, 95.36873730676245, 89.06492243554207, 82.15387366739698, 76.31368165325449, 48.71631100139891, 48.24246289616927, 55.9814676807897, 50.06544084062109, 59.30237770417194, 69.3349726900467, 75.74531424979082, 77.98669132228117, 76.5341777579117, 67.6757787686088, 62.9231697292906, 61.6272620699423, 64.66609125565238, 66.55240684293113, 73.23200588195222, 78.05150326740625, 82.4862973445412, 86.91521971084418, 95.1034296471046, 93.74331291050365, 91.85041616413606, 86.93828223690564, 81.6681291692173, 74.56806154578025, 66.23743891722421, 73.54319558674096, 80.06299704401162, 85.42520484581671, 93.46699146788369, 85.93151995211957, 80.52217030665778, 74.14957268573878, 40.5111796306442, 39.39584111816929, 46.3324664715554, 56.81766455380039, 72.40604765899432, 86.19213180844184, 93.50192948916501, 109.1777813161885, 122.44232934327565, 127.75196210166452, 126.60753866275608, 121.05195040164425, 121.03384594665748, 116.43833639190595, 116.7148082320595], [17.83074040645146, 12.711926975793004, 7.467706324787352, 11.282742620839004, 0.0, 8.3621371837947, 15.312535282296558, 59.2482128083689, 65.93405445262314, 74.60057817017733, 82.47125519565554, 88.96969414208307, 81.85292186945766, 73.76003775549671, 65.3254807964255, 34.79823869576696, 30.60930578520574, 26.95389248014201, 25.708236622522556, 24.93787765063102, 21.360275986281685, 19.58250523277461, 21.117732595960653, 23.918940465428687, 30.245550151826926, 68.57523160848837, 75.46008636542668, 80.66580102360645, 88.85639627164609, 95.21067948372767, 93.06159412742706, 87.69162576573325, 81.00648678042946, 73.83881292853931, 67.82899009165928, 39.03554269000854, 37.579789989211015, 44.90514398454434, 40.58735701022565, 50.108991682281236, 59.48538155755199, 65.80527049995514, 68.55624649078402, 67.20760289570691, 57.0721300878507, 52.70148585667347, 52.25066753181387, 58.680569855486034, 59.12323493818739, 64.47857617473748, 69.10679399850926, 73.38732605865955, 78.06517731654792, 86.99913637812757, 85.67246713512235, 83.93485806738242, 79.28785824372764, 74.32919837806007, 67.85083135476299, 59.83414430935462, 65.65743204604387, 71.52273536057889, 76.79634231496922, 85.37031776737868, 77.39806571157324, 72.10251869839806, 66.38438218142537, 49.394431492768994, 50.24738161275177, 55.15994868258633, 62.823129499151015, 76.23367479016851, 87.49395162068969, 92.45080276924851, 103.59855543771582, 117.42614060598406, 122.85605178158737, 121.71845957746959, 116.14459833831744, 116.15715902536817, 111.76822640807973, 111.88139576730254], [11.630834753474788, 9.664936411003128, 11.799563546154111, 19.072152199814283, 8.3621371837947, 0.0, 7.387800418186527, 51.40588668787723, 58.10136824933682, 66.74494649011135, 74.6819071310381, 81.47517334926243, 74.10927757311384, 65.90942443536137, 57.51708974917115, 29.02346269557475, 27.202059036037507, 26.006832434457106, 27.90666459957567, 29.64313629126368, 26.76970742107194, 21.636112110162237, 19.937054486409295, 19.782770748961735, 23.851616205975688, 60.789501004834804, 67.73061660214394, 72.96678344899458, 81.34789783168006, 87.92576323778603, 85.55000730259029, 80.00402232669771, 73.19342464960667, 65.94883778154356, 59.903345744626385, 31.067296465509674, 29.284217413967454, 37.347227749905095, 35.08373919177889, 44.81353781609076, 53.474835092173706, 59.225187341745475, 61.73312752028864, 59.84246408229762, 48.925174209356925, 44.3471471448453, 44.107663665168324, 56.54160386184271, 55.682517890839726, 59.547689446194674, 63.73262989261294, 67.46025830385241, 71.95410808594418, 80.90932920848458, 80.17566902523048, 79.00011353144866, 74.8976050390523, 70.5429047315455, 64.78901605522631, 57.22772404360659, 61.51600942145985, 66.47344058770916, 71.21063126882726, 79.42272778288037, 71.89045503942857, 67.14211721133056, 62.3296178599758, 54.96938052176366, 56.799120582527934, 61.25705293577577, 67.50009334719773, 79.972406840934, 89.57314921899638, 92.89188434832698, 100.67726579800615, 113.35377758417292, 118.2090937707967, 116.52173080910596, 110.54256080133457, 110.18570455228192, 105.60886057339077, 105.53516616302083], [8.766046428536301, 11.922401741534593, 17.417738550203296, 24.972992769132535, 15.312535282296558, 7.387800418186527, 0.0, 44.07133099994315, 50.74928100000693, 59.405471044967584, 67.32142363540284, 74.14608186967925, 66.79760750094655, 58.632612244094126, 50.21113397668555, 25.688431067403748, 26.254942732176183, 27.114363553331525, 30.82214789083348, 33.758759340995624, 31.413949038481277, 25.210022144104318, 21.671629272154277, 18.90425457938845, 19.972043114828566, 53.94211899157226, 60.762724712939466, 65.86453535521126, 74.10641769514613, 80.61289828036145, 78.19110275340421, 72.70759150568911, 65.96838716087811, 58.77010929837464, 52.78049539066803, 25.01005674751101, 23.6333681239079, 33.4055519379149, 33.074560101405986, 42.74079185653197, 50.726050486333214, 55.55600971236283, 57.18257304627211, 54.275084218939405, 43.26177725541355, 37.96250161288549, 37.3439442527279, 56.81753206082955, 55.04165133365762, 57.58087360933701, 61.1807218676675, 64.11033910925312, 68.0782190866481, 76.45553679951878, 76.66904452670354, 76.28807382840294, 72.86471283197409, 69.24370188906335, 64.1695842069215, 57.093366587435085, 60.103541163724465, 64.10606476069458, 68.02224306474791, 75.19745844918302, 68.75078810002182, 64.81856383791774, 60.95667625615039, 58.34873751200013, 60.531948543483935, 65.0779533336745, 70.60113418123183, 82.8675382793422, 91.4814124284025, 93.78676181928775, 99.4256165236305, 109.89083456881445, 113.75655509939233, 111.19192297280658, 104.57465838250506, 103.62246087957924, 98.63114003260252, 98.45174067409756], [45.26345355318253, 52.547960005052545, 60.307376405102055, 67.50673499782856, 59.2482128083689, 51.40588668787723, 44.07133099994315, 0.0, 7.631696095711032, 16.15738777688039, 23.490641136451618, 30.898662549670426, 22.96567113256647, 14.936104839914757, 6.5851157990832645, 43.61108274694727, 52.72453773938317, 59.322918878200255, 66.81849857869211, 72.27345278600806, 71.37169013410133, 63.69693324435776, 57.29182669280701, 50.02179505329066, 41.16344555744114, 22.69471037506689, 25.814969684087583, 28.05773073897923, 34.08637061423954, 39.7471015980628, 35.91272353118851, 31.122899522926602, 25.50576287449552, 19.699281238625787, 16.257166340393056, 28.714187492457818, 29.742241241498828, 37.41976104597572, 46.926975024569764, 50.74014408553256, 51.068733830752585, 48.04270490943875, 42.86680612626914, 32.53332865393641, 26.810769874972873, 19.607346673428047, 17.815491448914816, 71.92933593177136, 65.85727357654967, 60.21819746525439, 59.20774421306694, 56.14479525457623, 55.51790152010367, 58.17020154154228, 65.0428972341422, 69.95471084317207, 71.48529966448538, 72.94220026778605, 72.87997407577544, 70.10466752156293, 65.3256402013779, 62.542201184531734, 60.245922006778805, 58.86439717850084, 61.14779457784221, 63.368628235493325, 66.19361054102502, 92.23846387015908, 94.89878062868901, 98.16701488527791, 99.45482081188523, 108.74077307180276, 111.21013708442604, 107.51924422099462, 99.18627977945113, 95.64831106286523, 92.82702904947672, 84.49493812846562, 73.80204814407533, 68.5223816770311, 61.248062293073616, 61.149223411444154], [51.15815875877492, 58.50293774238649, 66.51501620729402, 74.06230937436112, 65.93405445262314, 58.10136824933682, 50.74928100000693, 7.631696095711032, 0.0, 8.762296784117906, 16.635157429340005, 25.71434197353891, 17.87452346194779, 11.071395002632597, 6.500622627771821, 47.449046537481536, 56.84629852894633, 63.84485192108213, 71.66503163292154, 77.52954437381143, 76.93020838577235, 69.00192589015371, 62.39061115421987, 54.96685664648815, 45.78506540156497, 18.541833772248147, 19.775163769489996, 20.990858677940047, 26.56185295439484, 32.541917264348896, 28.60470303001054, 23.500685589400874, 18.023429314215676, 12.941667517796496, 11.344478769690125, 33.37400897600595, 35.8671506721066, 43.244165916780695, 54.07123762706565, 57.478684483129136, 56.88051709483469, 53.088835302750695, 47.55032804557199, 36.77170004993583, 31.13058692269829, 24.175819629651542, 20.576318071350325, 78.99516489169262, 72.62679005461366, 66.25844744691261, 64.78456525082545, 61.10491921310157, 59.95072197654501, 61.7081219646045, 69.42135004260214, 74.91907539246165, 77.03033408961602, 78.9957619084789, 79.44064774447254, 77.05039836086972, 71.62731956805445, 68.15570872111246, 65.20650098656694, 62.7278898121133, 66.12123117861056, 68.997285427248, 72.49467663627581, 96.86288161466179, 100.70553867717572, 104.87851550770219, 106.47555885325133, 115.9408171039261, 118.23825503491378, 114.23063385525793, 104.54475459334417, 99.04500111401, 94.89858934317829, 85.23674065181754, 73.43017182408595, 66.40900784242176, 57.174882463741795, 55.09224982386261], [59.51840552935144, 66.87002625772269, 75.01712547106736, 82.71219120908688, 74.60057817017733, 66.74494649011135, 59.405471044967584, 16.15738777688039, 8.762296784117906, 0.0, 8.510722386542106, 19.76908200248089, 12.41167449809513, 9.598044148698682, 12.315315668448779, 54.48926016723209, 64.09611043885874, 71.37849718225324, 79.43116896702287, 85.55410184655999, 85.12718277549799, 77.02879241705391, 70.27374132571688, 62.751734032981375, 53.3696499969256, 19.188378108785667, 17.087163082455, 15.738890200021094, 19.404119374944514, 25.296666371835833, 20.6621211289281, 15.47341655177114, 11.134527946892318, 9.567335709723267, 12.583493235045866, 40.885788553150554, 43.665248425679955, 49.99652057577553, 61.55073189199897, 64.19280606721543, 62.46858788475166, 57.70428488409479, 51.61712479104169, 40.599172975815605, 36.35045684852719, 30.58807458675904, 27.14991780098999, 85.8730982428285, 79.1176917559835, 71.82945915821462, 69.7345267681652, 65.2748174419328, 63.41167379251485, 63.999615695717864, 72.63409742726957, 78.82849236613521, 81.69016345286295, 84.35029855996078, 85.51246218069751, 83.7374917865195, 77.42742790283249, 73.06279706621149, 69.2588832476408, 65.39333471440217, 70.16982542487276, 73.90146342893459, 78.27606052998621, 104.39811183750393, 108.76277156137954, 113.12920104850897, 114.49139790808871, 123.64928395089873, 125.26697893541109, 120.5386154507708, 108.74739928293783, 100.9663527804906, 95.4389878005925, 84.53525442185484, 71.84026474597187, 63.31421830346334, 52.77866283660845, 49.40172458047243], [67.71827407467262, 75.06617095022388, 83.04921034110998, 90.38095244293346, 82.47125519565554, 74.6819071310381, 67.32142363540284, 23.490641136451618, 16.635157429340005, 8.510722386542106, 0.0, 12.561034714447095, 7.675811907881408, 11.791746329631248, 18.262145234185635, 62.94639940926072, 72.48063978737088, 79.69091948768988, 87.58822493404664, 93.53131238175958, 93.08900803050193, 85.26212805773446, 78.6170043031849, 71.15606615750464, 61.83733990188955, 26.143110662117696, 22.09752529275837, 18.277512027559684, 17.03482997555532, 20.1268535855584, 14.486604523618777, 12.147090396552008, 12.700442226585222, 15.732239037180527, 20.396481424576347, 49.36287096822277, 51.6417469979523, 57.08545811443559, 67.86157995702224, 69.7107385274983, 67.3869080187313, 61.787756459834895, 54.738710678914416, 43.60945531765515, 42.5645572132069, 38.055846309484444, 35.5777610223863, 90.75313102629808, 83.91729332217433, 76.13081419206696, 73.47426514375766, 68.27434927274334, 65.49680142209495, 64.36234648552613, 73.98691933520952, 80.915874780174, 84.51348873593334, 87.87439510884752, 89.63573201292469, 88.46348886822103, 81.60078274309319, 76.54372723138403, 71.83681540005622, 66.13724915733702, 72.6886890653649, 77.31646415720995, 82.38349936104325, 111.57574330763201, 115.22595198161605, 119.01722653771904, 119.69016446428064, 128.32686964331205, 129.09592695704683, 123.67567300293084, 110.38040225851732, 99.59204836732842, 92.53163817839683, 80.39447144525482, 66.93499749935492, 57.267273567043, 46.43454379509019, 44.050544117472825], [75.54763676042148, 82.80191634210412, 90.13125939889093, 96.28947859333086, 88.96969414208307, 81.47517334926243, 74.14608186967925, 30.898662549670426, 25.71434197353891, 19.76908200248089, 12.561034714447095, 0.0, 9.369700725164009, 17.57464018130525, 24.749743380246873, 72.97305419500577, 82.05975991913475, 88.71013648889671, 95.88225876325804, 100.99786861863427, 100.2915751176773, 93.42406186574733, 87.27803741549195, 80.1338587495161, 71.25935094409387, 38.38279644322082, 34.33012315942698, 29.92847908763848, 25.04381689517049, 22.353443793556686, 17.535669804682936, 21.08250387368884, 24.64078189451613, 28.09509666705893, 32.28051137750728, 58.99227211611639, 59.93775180588646, 64.62791413566893, 72.47796981454489, 73.42266390247971, 71.2764238973053, 65.05622690325032, 56.39203914141351, 45.381510373352334, 50.050028808780525, 46.848388933999985, 45.97621038930602, 92.35558652237391, 85.98558385170082, 78.40519137893973, 75.27506952702517, 69.39392689448393, 65.3273363441309, 61.384331297062445, 72.18971312453664, 79.94527103378297, 84.2726324226426, 88.36008287968353, 90.53667399891685, 89.98131020264957, 83.13294440902345, 77.7094297712843, 71.99817602835199, 63.579348682456455, 72.69181283899033, 78.30576378793162, 83.76472941572774, 117.60263629818913, 118.64116249830248, 120.65952716497016, 119.90563383948776, 127.64191047373575, 127.27056549242072, 121.23160665398423, 107.55024112122857, 92.18545415004252, 83.11296182216194, 69.49288548346507, 55.17301199217816, 44.83374094249217, 35.9312603750876, 40.21906540815336], [68.18557292692819, 75.47382710378973, 83.09708419834092, 89.76877963985794, 81.85292186945766, 74.10927757311384, 66.79760750094655, 22.96567113256647, 17.87452346194779, 12.41167449809513, 7.675811907881408, 9.369700725164009, 0.0, 8.608680429752633, 16.630544028214622, 65.27126108085807, 74.70487126669646, 81.60003913541436, 89.16039116241106, 94.59654160518917, 93.8184127308686, 86.39474560180923, 79.9720619887219, 72.6269376010441, 63.50721415068214, 31.458604410319253, 28.622819670273962, 25.584229794448472, 24.46058377631155, 25.782157309753444, 20.17599089337557, 19.648499139399274, 19.999666766197407, 21.45413100855229, 24.808422128244555, 50.682365629146986, 51.218176296805574, 55.58249286444762, 64.52416454567125, 65.6604191073576, 63.30015308267678, 57.3310526485119, 49.412273254798194, 38.246195296045606, 40.855489417937385, 37.66243880349327, 37.44667969701859, 85.77530108785398, 79.03055973249668, 71.21189874837907, 68.30059330330587, 62.77711124738024, 59.461037242192816, 57.40676257994131, 67.39271778657462, 74.60909769667816, 78.48436681923347, 82.16890634536284, 84.18521341283443, 83.39546147983596, 76.36719752239487, 71.08475086208081, 65.93796547093109, 59.28864517151777, 66.72761773610236, 71.7812386921458, 77.08317396324996, 112.79347037805613, 114.43935238650829, 116.48298962377955, 115.93016247970921, 123.59758405049992, 123.43610549504587, 117.41765856367213, 103.5223244579731, 91.92864660624663, 84.96637958828643, 73.26588340993656, 60.4490018593732, 52.336329335513966, 44.82640469820165, 47.27027566940469], [60.15099581987292, 67.41929422877209, 75.11962429978833, 81.99552132701987, 73.76003775549671, 65.90942443536137, 58.632612244094126, 14.936104839914757, 11.071395002632597, 9.598044148698682, 11.791746329631248, 17.57464018130525, 8.608680429752633, 0.0, 8.53855224783669, 57.638744176787014, 67.13288184116482, 74.01142844965682, 81.6573904477172, 87.14037283811945, 86.25069794696658, 78.61611079898344, 72.12596273427447, 64.7430141231847, 55.61842784132347, 26.996636192535245, 26.216524632215997, 25.195347070237254, 27.592697331028546, 31.284036791127086, 26.048403812413227, 23.05476892265446, 20.217451218069726, 18.45716977068876, 19.73052637828814, 42.55730663415318, 42.63147354661787, 47.23244054434352, 56.52651180318936, 58.176544406143954, 56.27085106995611, 50.9607443959381, 43.78466239617918, 32.536127722347, 32.999391698028255, 29.29793607976755, 29.67541284587303, 78.96445798072327, 72.19810760689982, 64.71778703641799, 62.275962564136435, 57.394246545426704, 54.941608354892004, 54.71126242731807, 63.67704137904466, 70.18215352729162, 73.36812585571263, 76.42906611275507, 77.95274936651784, 76.68242364503725, 70.0222473358522, 65.30867836440683, 60.97627111316918, 56.185666140777954, 61.828656231273406, 66.06986346495225, 70.80101723519304, 106.37237886836215, 108.14951851931158, 110.16773289737577, 109.8888621681264, 117.71824544524698, 118.07617360770578, 112.49268407040313, 99.69853450161324, 91.43058933608174, 86.33073445190863, 76.27037479605491, 64.63725427827424, 58.24699414898288, 51.66417300949339, 53.552563367103126], [51.73128918153353, 58.98872215047264, 66.61913376889743, 73.5028494563303, 65.3254807964255, 57.51708974917115, 50.21113397668555, 6.5851157990832645, 6.500622627771821, 12.315315668448779, 18.262145234185635, 24.749743380246873, 16.630544028214622, 8.53855224783669, 0.0, 50.05078946545409, 59.26303394357893, 65.89701135999148, 73.34937198219046, 78.69311654319773, 77.75178205679236, 70.23359136620145, 63.868475454460366, 56.6017723408004, 47.70207142684671, 24.600824306428784, 25.97706806390685, 26.77866004513482, 31.235129647686, 35.9493710380602, 31.560342516921533, 27.599554409999833, 23.065713185477836, 18.748359798683243, 17.34169641267431, 35.00638698302367, 35.306680882051346, 41.4394732213522, 50.43893956632628, 53.20984586238391, 52.633483421258696, 48.540154054372984, 42.22772242660561, 31.245399604024527, 28.990298622772844, 23.566479746940107, 23.214719873102435, 74.09483667960302, 67.76006174296352, 61.353174550385624, 59.692297341764124, 55.78342369149117, 54.2727049079104, 55.548023272092664, 63.41148131886075, 69.0735053832515, 71.34520254122866, 73.53528581667368, 74.15918643510888, 72.05909726373059, 66.48154379691795, 62.85340512852864, 59.60375321998012, 56.58318441718918, 60.475981505299806, 63.63814454701527, 67.30012754290864, 98.18349029149324, 100.09741690323975, 102.57821087781997, 103.01510420378405, 111.59537393208947, 113.06802513030588, 108.52919563198678, 98.37790001816307, 92.59630281243841, 88.78573758317418, 79.73410865985576, 68.66745098050232, 63.07676919929349, 56.332197600004896, 57.542176408016324], [18.266221480720255, 22.345181860238174, 31.253086440918405, 42.823401207193314, 34.79823869576696, 29.02346269557475, 25.688431067403748, 43.61108274694727, 47.449046537481536, 54.48926016723209, 62.94639940926072, 72.97305419500577, 65.27126108085807, 57.638744176787014, 50.05078946545409, 0.0, 10.765317567987907, 19.327463576602, 29.483606245095068, 38.12243339613579, 38.58874501698661, 27.3227187944715, 19.37483288787694, 12.003379027581987, 5.905763145632324, 41.32522277468174, 48.510178464903824, 54.69283095282761, 64.52456239148658, 73.0310657881004, 71.34365240704395, 64.28450182829933, 56.84801362735181, 49.77886047788948, 43.75958451843485, 16.87917348971356, 26.567469728314663, 38.59143415206874, 50.140078180906144, 58.77033619821185, 62.788660244652505, 65.79010825448735, 67.80236473964563, 62.81574575237289, 44.56073729292273, 36.35013852612815, 29.23436606335292, 78.0460778986278, 74.02346451457633, 72.95118282380176, 75.38567116968765, 76.95356133214598, 80.68711943275153, 89.34666295521406, 91.14739847382468, 91.92893553798949, 89.71175223824551, 87.19432843083807, 83.73367434033814, 77.72705317867603, 77.58595128691678, 79.30200277801691, 82.07051472965475, 88.62136960954945, 83.04392642577379, 80.29749626574245, 78.64264518444824, 63.08524330198965, 75.95483660833075, 86.92261258220677, 95.11005644533185, 108.38631628029809, 117.04006952015519, 118.42431692471773, 119.06298238733503, 127.76439533947303, 129.50426573729172, 124.24299187854643, 114.97905909146007, 110.20861147569697, 100.01185937977993, 92.66121362925732], [17.5970387271575, 18.213687103132965, 25.25649893507643, 36.707999574552694, 30.60930578520574, 27.202059036037507, 26.254942732176183, 52.72453773938317, 56.84629852894633, 64.09611043885874, 72.48063978737088, 82.05975991913475, 74.70487126669646, 67.13288184116482, 59.26303394357893, 10.765317567987907, 0.0, 8.825632492369367, 19.23391217390263, 28.417915849014825, 29.439216961711598, 18.089062384199824, 10.87393393749148, 7.5540635313723685, 12.60981162070568, 51.241843201638886, 58.17859425576168, 64.1975247956224, 73.57881266525109, 81.67092656328406, 80.41074894334461, 73.6800767537868, 66.51510358188908, 59.61873284415096, 53.69823024939755, 26.705310056263155, 34.74619848619692, 46.22526741681519, 54.89391690416644, 64.11534486670107, 69.43746137704682, 73.39986027423649, 75.79239575170315, 71.4010127433693, 54.08726079656738, 46.2759175526427, 39.57707693056729, 81.00817355655211, 78.14527137389796, 78.716185250768, 81.7982455040359, 84.1189353852673, 88.20366757583234, 97.05353357864166, 98.21028171604527, 98.36624638146698, 95.46574061119674, 92.20011739698197, 87.84567977268264, 81.14293409646982, 82.63218356018027, 85.47090666046357, 88.98113312100473, 96.13872638213162, 89.89048542024823, 86.39683463001809, 83.63490384568775, 53.6203680237305, 68.56278576186935, 81.58954142419171, 91.6537196189748, 106.16262753622115, 116.62814265549086, 119.71639440647247, 123.86877008803195, 133.80909475426415, 136.08190796113237, 131.2252192444154, 122.17157165014794, 117.59770672110632, 107.2343168265495, 99.74547862533694], [19.004505718697473, 16.36775883656544, 20.321965338897048, 30.87123261280769, 26.95389248014201, 26.006832434457106, 27.114363553331525, 59.322918878200255, 63.84485192108213, 71.37849718225324, 79.69091948768988, 88.71013648889671, 81.60003913541436, 74.01142844965682, 65.89701135999148, 19.327463576602, 8.825632492369367, 0.0, 10.495485593178906, 19.880959372224524, 21.232836875632092, 10.302997240030548, 6.2894595507324, 10.781208520410777, 19.73283864552077, 59.37509083779451, 66.18863470681056, 72.03225446060945, 81.01385892260583, 88.65957602603685, 87.58740112723983, 81.20105125108887, 74.24307016924709, 67.40100255295704, 61.502668927400656, 34.11406319039782, 40.73792751231526, 51.72569445043647, 57.66792686847317, 67.20793643671962, 73.63134683556652, 78.30952202582581, 80.87081816181426, 77.00752398551347, 60.86068436009041, 53.43723882810348, 47.37952470030137, 81.82482110976004, 80.00659775542563, 81.98744638828498, 85.56573321175478, 88.46632950746549, 92.76425236570223, 101.65270571542847, 102.26401240619397, 101.91439212260293, 98.47188288499876, 94.62813326495541, 89.54996330111013, 82.33234951027161, 85.20738711154664, 88.96710388262018, 93.03076497849112, 100.5764807350574, 93.8718020163692, 89.81568364465436, 86.14667004171321, 45.70276205148642, 61.384812075186815, 75.60027080039583, 86.96857182098472, 102.32227808645747, 114.16406279220253, 118.63279163828517, 125.80726587195119, 136.67770458014084, 139.48016679940176, 135.13826154950365, 126.4751672302307, 122.38041308244536, 112.40376907454456, 105.55184273647755], [24.3270441657206, 19.423136254481452, 18.249510332138694, 25.636143620913057, 25.708236622522556, 27.90666459957567, 30.82214789083348, 66.81849857869211, 71.66503163292154, 79.43116896702287, 87.58822493404664, 95.88225876325804, 89.16039116241106, 81.6573904477172, 73.34937198219046, 29.483606245095068, 19.23391217390263, 10.495485593178906, 0.0, 9.724378179760805, 12.039203024106204, 6.811277124413085, 12.187428476655317, 19.500823928905923, 29.05423590620968, 68.50306492478715, 75.11067538738688, 80.69369064125095, 89.11168589629473, 96.1498954870374, 95.32925133063627, 89.41539726311905, 82.76769289286342, 76.05214678998236, 70.23826148817304, 43.14242662763708, 48.652409497847195, 59.27506512185015, 62.24122115513231, 71.95187333177748, 79.51406926748554, 84.76742373582896, 87.23447107650306, 83.76842841165151, 69.1800255940065, 62.02365849724381, 56.41056289512969, 83.82201985913754, 83.24660749849544, 86.74927659114458, 90.76790242079316, 94.15469343659315, 98.51365090167938, 107.159394722422, 107.34509593932775, 106.57137067457255, 102.63788951143195, 98.26809939748148, 92.44106972520137, 84.73225690721442, 89.13476230502488, 93.81451880596444, 98.31514716756011, 105.95422365507271, 99.06941908720611, 94.56020334202054, 89.98475924626943, 35.940989098761605, 52.41382590300536, 68.36924821916105, 81.44281958436329, 97.9448624647526, 111.4767621323196, 117.64675983105855, 128.48242022583364, 139.80923571073905, 142.98420616587765, 139.07066083324312, 130.76952093212535, 127.12258661608925, 117.54120236247738, 111.48151128598809], [29.244653737193758, 23.424768290671302, 18.192730206284185, 20.64581263664129, 24.93787765063102, 29.64313629126368, 33.758759340995624, 72.27345278600806, 77.52954437381143, 85.55410184655999, 93.53131238175958, 100.99786861863427, 94.59654160518917, 87.14037283811945, 78.69311654319773, 38.12243339613579, 28.417915849014825, 19.880959372224524, 9.724378179760805, 0.0, 4.261420054864341, 12.1152969655774, 19.80928733932155, 27.26434500147777, 36.795878099979895, 76.04573787607464, 82.51892402536303, 87.8412414692026, 95.75062891589297, 102.18069723469534, 101.42618571441982, 95.98651074730343, 89.60493690762175, 82.95205751429374, 77.19222245444517, 50.245262348459654, 54.455790019247544, 64.59166745982185, 64.62090481147716, 74.31254717256266, 82.88592398918871, 88.5932476893284, 90.88413143571083, 87.87122666513065, 75.07085864106658, 68.32315763151324, 63.463149742547245, 83.4492205596034, 84.04687857583109, 88.93504895888546, 93.30598696297525, 97.094443564723, 101.44357875103324, 109.76613507600676, 109.53041368729706, 108.3754340248424, 104.02900856586314, 99.2361175033813, 92.77489690712221, 84.70816986606003, 90.48315862741434, 95.96656405206242, 100.80520038881595, 108.43772840573111, 101.46589502694788, 96.60121886865342, 91.23505251644336, 28.513305982230612, 43.30139078447355, 60.02172223548451, 74.29265522320787, 91.62315299399587, 106.48880443131223, 114.10170042218411, 128.23955945298457, 139.9020854769832, 143.5226402440531, 140.20979259314223, 132.49057303680257, 129.59285521112744, 120.92739068519126, 116.29536953337977], [27.849919213508695, 21.639684344619255, 15.105910105469478, 16.45476600120637, 21.360275986281685, 26.76970742107194, 31.413949038481277, 71.37169013410133, 76.93020838577235, 85.12718277549799, 93.08900803050193, 100.2915751176773, 93.8184127308686, 86.25069794696658, 77.75178205679236, 38.58874501698661, 29.439216961711598, 21.232836875632092, 12.039203024106204, 4.261420054864341, 0.0, 12.045740294906283, 19.8622231625527, 27.184257082869227, 36.65347019772097, 76.30477167132244, 82.86100670032073, 88.15520326021783, 96.0646853498993, 102.40795622442894, 101.44713346020131, 96.07531932135348, 89.66264918952504, 82.91006735154409, 77.08961811578514, 49.64227056048884, 52.92221010384941, 62.60201362183239, 61.537173216420925, 71.17901842615217, 80.04448509971795, 85.94851280156192, 88.31102910421666, 85.64553208552381, 73.48725377831697, 67.13385727428869, 62.99990806762478, 79.59280631135188, 80.4416147428047, 85.69976712758509, 90.18970669936114, 94.15065098464237, 98.56540015614995, 106.93966396588574, 106.42878684755883, 105.08376622300747, 100.59003047673336, 95.66451486273024, 89.05847987230187, 80.92461032364234, 87.01639042330604, 92.73547640923273, 97.72912874614089, 105.53646907946818, 98.36193890691462, 93.33963759690843, 87.74330811788336, 30.250450041223328, 41.75648791431591, 56.88326212601433, 70.6064851918462, 87.62541225155849, 102.34707979488904, 109.94902387312045, 124.43482998250919, 136.59270168717194, 140.6157050755177, 137.7825091162808, 130.51872949427553, 128.2239202959568, 120.38723092154767, 116.74746054762919], [19.4068619903699, 13.485773808765478, 12.28482004744864, 21.44721728788861, 19.58250523277461, 21.636112110162237, 25.210022144104318, 63.69693324435776, 69.00192589015371, 77.02879241705391, 85.26212805773446, 93.42406186574733, 86.39474560180923, 78.61611079898344, 70.23359136620145, 27.3227187944715, 18.089062384199824, 10.302997240030548, 6.811277124413085, 12.1152969655774, 12.045740294906283, 0.0, 8.090410441790826, 15.930628375050652, 25.84960352669799, 66.79486922687656, 73.65673078467165, 79.31679723641622, 87.9781280643681, 95.11859699484708, 93.8682451731692, 87.86809124435842, 81.02303715251534, 74.05751361667572, 68.07204804371507, 39.51705602800635, 43.64316851196088, 53.57197064132786, 55.80100607157755, 65.49115443160953, 73.19126171086907, 78.71254692295219, 81.50573459566681, 78.57076587214392, 64.28269670350606, 57.74780556887503, 53.32212415252777, 77.24730146981634, 76.61785006054306, 80.23921377457962, 84.37637999885132, 87.98188364896025, 92.53977144288443, 101.52786841649984, 101.30328414389474, 100.27610524840728, 96.19310088458313, 91.70445666909633, 85.8532416281216, 78.15206356504706, 82.56933140588386, 87.39215581274529, 92.11345668265199, 100.2143377169169, 92.85888388537701, 88.13401133475983, 83.42058310978922, 40.31765691221842, 53.11061024832648, 66.3988955639687, 78.09805388061262, 93.6376971150706, 106.37841860525026, 111.9631154173031, 122.09521086526166, 134.411252076806, 138.2245817437718, 135.00872085465411, 127.34562976667637, 124.54447912817221, 116.14962215853927, 111.37056128492578], [14.220693746920153, 10.424820586779276, 15.01463728547107, 26.370059031900517, 21.117732595960653, 19.937054486409295, 21.671629272154277, 57.29182669280701, 62.39061115421987, 70.27374132571688, 78.6170043031849, 87.27803741549195, 79.9720619887219, 72.12596273427447, 63.868475454460366, 19.37483288787694, 10.87393393749148, 6.2894595507324, 12.187428476655317, 19.80928733932155, 19.8622231625527, 8.090410441790826, 0.0, 8.015314172642077, 18.03143154730708, 59.39861470086827, 66.40557148810832, 72.22949948539515, 81.26451638401534, 88.8081133895584, 87.3641481606184, 81.04874760177043, 73.99228569801588, 66.93032243262522, 60.87914854497905, 31.970586117750464, 36.90325999125857, 47.32170426589668, 51.950597458155805, 61.547984305525794, 68.36952993351778, 73.389629186839, 76.16126719252723, 72.83462671630862, 57.39101623355684, 50.59153764782035, 45.86667420250422, 75.63173773706201, 73.97683346113047, 76.33903063537007, 80.09759303560298, 83.26657714336149, 87.72689938706701, 96.83136670960504, 97.02139816166269, 96.39347603398816, 92.7423931599048, 88.71925313459546, 83.48705845926119, 76.19120939092221, 79.34590335057727, 83.39672160820302, 87.71324193016953, 95.63507089108602, 88.52770841703112, 84.21924959033934, 80.26841958436235, 47.23459909762556, 59.81770773856613, 71.9638359065011, 82.33119975067798, 97.01305377212402, 108.39289026229346, 112.613114701215, 119.83540616850475, 131.5344349816, 134.95787185573718, 131.33262941588924, 123.34236855706024, 120.1647595994401, 111.46712649835379, 106.16959963802272], [10.449343436003288, 11.298714214562384, 19.53356480589503, 31.256287255609564, 23.918940465428687, 19.782770748961735, 18.90425457938845, 50.02179505329066, 54.96685664648815, 62.751734032981375, 71.15606615750464, 80.1338587495161, 72.6269376010441, 64.7430141231847, 56.6017723408004, 12.003379027581987, 7.5540635313723685, 10.781208520410777, 19.500823928905923, 27.26434500147777, 27.184257082869227, 15.930628375050652, 8.015314172642077, 0.0, 10.022427139449508, 51.67904868455336, 58.79421332388425, 64.69667274955138, 73.96955195566993, 81.76423579134388, 80.10670730264515, 73.59601910080049, 66.3963286903302, 59.250317499031404, 53.14850270480395, 24.06409779227034, 29.96150733783351, 41.20321741047008, 48.04320781978062, 57.438541859838644, 63.41354650228164, 67.76662670169452, 70.2245408437924, 66.35917426441848, 50.17190585839996, 42.98449420840963, 37.94193029621907, 73.65552084734804, 71.0588689109673, 72.16934683687379, 75.467174677961, 78.073671740432, 82.27622637565077, 91.23640998037955, 91.98276730531282, 91.86971822334547, 88.73654079879815, 85.27647887620468, 80.69181042986551, 73.85580181576555, 75.76762328638641, 78.98623455482637, 82.74844095550355, 90.19057383133122, 83.61835761366206, 79.86930753561398, 76.74241550037908, 53.78851355806954, 65.39398380831962, 76.29272020870489, 85.31294716238557, 99.21300447319955, 109.26036375264887, 112.18750415667061, 116.74538867900698, 127.3238142180235, 130.22014602668656, 126.13250920882965, 117.82742919642814, 114.33224557031991, 105.50372039305594, 100.06411973693137], [13.131564294900931, 18.253962124783435, 27.536443034341108, 38.833373978955635, 30.245550151826926, 23.851616205975688, 19.972043114828566, 41.16344555744114, 45.78506540156497, 53.3696499969256, 61.83733990188955, 71.25935094409387, 63.50721415068214, 55.61842784132347, 47.70207142684671, 5.905763145632324, 12.60981162070568, 19.73283864552077, 29.05423590620968, 36.795878099979895, 36.65347019772097, 25.84960352669799, 18.03143154730708, 10.022427139449508, 0.0, 42.01677688921183, 49.26720641117113, 55.26052304305029, 64.83762734434141, 72.95784516546664, 71.01588693963177, 64.24869689470796, 56.86712322517167, 49.621527622344445, 43.46372982287238, 14.395987324353058, 22.536923641741545, 34.99136674847235, 44.98954975055734, 53.831033658034904, 58.48264235424074, 61.74641171303742, 63.622633350359884, 58.89911767905673, 41.744728110611256, 33.83940086645656, 28.052156352728858, 72.60955864559033, 68.83021617708849, 68.21222904783173, 70.8003388799068, 72.54043680382206, 76.28921766513686, 84.90042003666511, 86.4893231803815, 87.13556948581274, 84.76652568386054, 82.12977813198229, 78.46731523788743, 72.33564644972924, 72.56386651526205, 74.57799480155761, 77.48072526189185, 84.09033744498072, 78.41910623352611, 75.53216374797445, 73.59372014669123, 62.20996459937929, 72.79476942590358, 82.3711436090873, 89.85486480143817, 102.80122110006269, 111.2215099067224, 112.57080927758983, 113.75781055134965, 122.623641811346, 124.72026458546779, 119.94666688421576, 111.18067841297885, 107.19143798129217, 98.13474959794539, 92.47063088027063], [51.48664367827972, 58.51525932712849, 67.47850419496254, 77.02325559965436, 68.57523160848837, 60.789501004834804, 53.94211899157226, 22.69471037506689, 18.541833772248147, 19.188378108785667, 26.143110662117696, 38.38279644322082, 31.458604410319253, 26.996636192535245, 24.600824306428784, 41.32522277468174, 51.241843201638886, 59.37509083779451, 68.50306492478715, 76.04573787607464, 76.30477167132244, 66.79486922687656, 59.39861470086827, 51.67904868455336, 42.01677688921183, 0.0, 7.5929413159415375, 14.015797877289076, 25.020259247174998, 34.944876958369576, 32.44253415310105, 24.265868363226527, 16.47480526981612, 10.443177994971983, 7.394196678543247, 31.083418291768137, 38.203091387534215, 46.66614407647129, 62.361578325621664, 66.81004480977231, 65.53317971842829, 62.58822501822183, 59.63776608873766, 50.0513749343055, 36.46101575375003, 27.95658271248346, 18.388706672579396, 90.13673622274275, 83.32411330955068, 76.653035931360