{
	"dissimilarities": [[0.0, 7.608688287964821, 14.902203581147925, 23.349650071650192, 17.506576950397154, 10.537339075740187, 6.662683471439267, 42.11418111008858, 49.11919519659193, 57.65876170002535, 65.72017465836522, 73.26857204790687, 66.03083167705964, 58.002703742190164, 49.5566385990774, 19.094050335065397, 18.415298889587483, 20.686511430174786, 26.195602338697558, 31.32690631302768, 28.082537285673567, 21.15614586710086, 15.975461868159462, 11.152690694816116, 12.97710827695573, 48.714528036543406, 56.60038347231037, 62.47530182718029, 71.31030808959375, 77.78972008733007, 76.04882136615264, 70.22464973126378, 63.16746680513229, 55.745764997475504, 50.36973830910319, 20.17689289078125, 26.191985523803975, 36.010835107816824, 37.913153361676514, 48.83762600453877, 55.72331255899525, 58.841580761494356, 59.41335255937356, 56.72732995489537, 44.44243474404796, 37.80600749777939, 35.10762507262291, 65.09839945262756, 61.47548362115424, 63.16783400739542, 66.90610219258716, 69.33672897949303, 73.47088585304338, 82.06284702222382, 82.11724233320038, 81.21001466212165, 78.87467595682976, 75.11745628225835, 70.04116063484219, 65.41593589933271, 65.91127897903492, 69.24609409821106, 75.66345035533595, 80.27875820858593, 76.42220987519667, 70.6915397466526, 66.78071924803653, 61.986326846056826, 65.97287697899098, 72.27931007267036, 78.17303488993765, 90.11655007677153, 100.4596564540382, 101.70171725668908, 105.58001142433453, 114.31585681391998, 119.62494700712418, 114.86854497788983, 107.09638665606502, 103.58145825733861, 96.566034694421, 93.31962773786569], [7.608688287964821, 0.0, 8.083159615206107, 18.607200550645192, 13.835669398484628, 10.687512961040188, 12.088586259017264, 49.54237195891897, 56.348761563459234, 64.73238670190607, 72.89504296419358, 80.69683771643791, 73.47804156456813, 65.44181661165847, 57.03013884194164, 21.106657754540443, 16.155696659550188, 15.6270361183082, 19.955821162332555, 24.9232789665456, 21.331217177159697, 14.094352913932086, 9.905528778524952, 8.931693485510632, 16.137082777314372, 54.81982694117019, 62.83693537822912, 68.80252023152704, 77.81763093663388, 84.57755774348857, 82.93213328989135, 76.93568890803348, 69.81496784658536, 62.43823133169812, 56.83808149376741, 25.83317515156335, 31.73612620163315, 40.512651780625696, 41.94902097343453, 52.99279390946356, 60.06509647371784, 64.04530589401904, 65.44311469616304, 63.54081559401395, 50.66197470111699, 44.44263505960385, 41.6540482227379, 67.781888502115, 64.85113532499247, 67.32250508610989, 71.59004370560841, 74.65427914445459, 79.1734606334809, 88.20167234666924, 87.79904767357768, 86.29110194453482, 83.41281774776682, 78.99969086372784, 73.33958347512437, 68.50662221585672, 69.79748397669229, 73.88545267152726, 81.3170812015584, 86.2658418651744, 82.05859431624367, 75.31859229966642, 70.65731056328194, 57.468655368732385, 62.82803215859407, 70.48789498018772, 77.6699271903297, 90.16605513170882, 101.649177577919, 103.97483816735566, 109.71265234677824, 120.16197061668389, 126.09792883421349, 121.86396421939939, 114.36407208380386, 110.99736541553658, 103.7623058807641, 99.83889919410801], [14.902203581147925, 8.083159615206107, 0.0, 11.661636506796803, 9.677322017145602, 12.738044955289999, 17.332844681028963, 56.969720429869525, 63.97081398674341, 72.46116511859721, 80.519646666258, 87.9194361947316, 80.84032606239862, 72.84035410564029, 64.36769848658304, 28.480551585824333, 21.312187082643348, 17.389291204536256, 17.38814121829642, 19.34668524315794, 15.339404063373323, 11.25035288683075, 11.907105956393643, 15.498815513463795, 24.012520883545296, 62.839871686606024, 70.79878485468267, 76.67537883918152, 85.46201796371547, 92.02125024985729, 90.47809844294063, 84.6771987402539, 77.68246642177786, 70.34713970983901, 64.82053735816501, 33.84572217274609, 38.78767787826779, 46.29088369683613, 45.54123826605584, 56.75451738964613, 64.5569017752343, 69.16467369493043, 70.88004301319879, 69.62535793605531, 57.59719667931946, 51.94477622085653, 49.6377940272432, 68.39862779137889, 66.86167978344972, 70.57862275959266, 75.40628427801127, 79.05635730934465, 83.7245883938752, 92.6913035921332, 91.87947140065431, 89.8605535720486, 86.36738756787189, 81.26133371444425, 74.78266685444284, 69.6634829436027, 72.3199615461725, 77.49092642864099, 85.64068229098893, 90.64673461006046, 86.30630836372055, 78.76305649309722, 73.10591783005309, 52.03143190149075, 56.79098275042199, 64.84432871145052, 73.04121239409565, 86.13677143066054, 98.85478259772061, 102.60872307666948, 111.4686049779129, 123.27588793713538, 129.75417516381586, 126.30747309745551, 119.38491081396876, 116.63436003923267, 109.93628724046341, 106.54713038062617], [23.349650071650192, 18.607200550645192, 11.661636506796803, 0.0, 8.825957497069819, 17.153215887681846, 22.896710843062895, 63.40269119457026, 70.94894006558535, 79.76112784500094, 87.42044451912429, 93.58879052701225, 86.80809995589438, 78.95901218613311, 70.43943802817277, 39.65888963662983, 32.79523483554021, 27.976742557022213, 24.426258999173225, 20.830720680388403, 17.620002176703444, 20.122810827409104, 23.212043231683523, 26.925530901391898, 34.665583583066635, 71.89856461065763, 79.59187614083747, 85.18687956448811, 93.28712639496119, 99.0440438830211, 97.57882493999051, 92.41853246105069, 85.76996260149197, 78.48414862971596, 73.38561826795548, 43.24462808785457, 46.47191838552311, 52.48356512464648, 47.72350290300431, 58.99115023152226, 68.08029216881403, 72.91728793347609, 74.28343776504643, 73.53852459375054, 64.15451087969643, 59.31576688807822, 58.14611278179125, 65.28732964966251, 66.06296545574388, 71.53402619325068, 76.87382844667655, 80.97224700692199, 85.42993687861619, 93.61105000969448, 92.47294289539226, 90.10928120949995, 85.97274328287149, 80.21701488302412, 72.69721857572107, 67.23471678059667, 71.94351152041024, 78.5216406936924, 86.8772416015516, 91.5333704522362, 87.38721003474997, 79.43169464095728, 72.564687170928, 47.676247368600286, 47.5205407234156, 53.59524056082328, 62.04443641762185, 75.74811847221538, 89.6988801576144, 95.22534444695484, 108.72865722529727, 121.24461989237209, 128.1312361405261, 125.86436154226138, 120.0027687100715, 118.55376623134026, 113.53554721241119, 112.35874557523675], [17.506576950397154, 13.835669398484628, 9.677322017145602, 8.825957497069819, 0.0, 9.094593537180755, 16.06289017725605, 57.000983777055296, 64.81481580415337, 73.6812384446581, 81.45952690404826, 87.9316250027797, 80.61710917970336, 72.50509053840399, 64.07458803743812, 34.37899838560603, 29.47199112523986, 26.8280169471047, 26.708371879667467, 26.41161496640041, 22.53809322048964, 20.71765725367118, 20.954639905769366, 22.499577103453323, 28.901145970799497, 65.82379577978271, 73.71110776562874, 79.56982858074939, 88.16217542167051, 94.10597801253897, 92.32883432740711, 86.88213363682561, 79.90905432526947, 72.39759194770554, 67.22916304609952, 36.30980086193949, 38.20288741125798, 43.70140771719316, 39.47091231057871, 50.75187294844396, 59.53882052280514, 64.44046263479225, 66.16340623433247, 65.80812388391539, 55.83664707839239, 51.51545471174565, 51.23035008199895, 59.53826934628656, 59.01683850203219, 63.76634486907582, 68.98025511528716, 73.05390679061676, 77.7252901457009, 86.49354775977181, 85.25708599628214, 82.83165036413057, 78.88127580494826, 73.35932692721893, 66.35969744392835, 61.07878002002642, 64.73668731335863, 70.79261589877127, 79.3502114555732, 84.3388696808195, 79.92257546315291, 71.85329364622174, 65.43851916707497, 55.9071417795856, 55.67200523163464, 59.55814799436703, 65.63942677388471, 77.44903722517769, 89.55204398069304, 93.07120738993835, 102.93366894594452, 115.83635498646171, 123.24695154449523, 121.09449505094896, 115.38382363057268, 114.10557347098833, 109.65156863295395, 108.79826175633782], [10.537339075740187, 10.687512961040188, 12.738044955289999, 17.153215887681846, 9.094593537180755, 0.0, 7.638764664618031, 48.2264267670038, 56.092280045583934, 64.95192244240889, 72.78191397583535, 79.50183025488984, 71.94455538629688, 63.730268303410874, 55.34530871243568, 28.11146562751231, 26.077813862412032, 26.200755963134213, 29.261394571693433, 31.67102282387189, 27.85472828600561, 23.0476880460513, 20.18963049927497, 18.358803112903658, 22.06006461457849, 57.27976160999949, 65.17990529712971, 71.11564784938638, 79.89707458372034, 85.9153528684234, 83.96789739694024, 78.38807997998613, 71.28648820136732, 63.69194576822155, 58.553347137999246, 27.811604797490883, 29.41610964962352, 35.8741425765989, 33.39667884983239, 44.764133377716185, 52.979292118475406, 57.21705651271624, 58.564351600264246, 57.6226889796867, 47.05185419049707, 42.44199927335108, 42.32111987664218, 57.35959299554848, 55.1237003973991, 58.47508369994152, 63.10035113219258, 66.55659801572206, 71.08770058296425, 79.97217408982816, 79.1552818168805, 77.27873946868561, 73.99910490890716, 69.25638731136036, 63.19152337018595, 58.22640136479012, 60.272105371111344, 65.14888581275424, 72.95634997484365, 77.9143823137755, 73.6113434877166, 66.38655555878346, 61.06314450563042, 62.00227780655659, 62.42469606177707, 65.77734270167397, 70.47356438512035, 81.37401321644828, 91.81390408107069, 93.48281051036912, 99.52942536806083, 110.96727751133814, 117.89809050821614, 115.00827363166023, 108.80573037762915, 107.06949181017055, 102.42121740379832, 101.46942175698982], [6.662683471439267, 12.088586259017264, 17.332844681028963, 22.896710843062895, 16.06289017725605, 7.638764664618031, 0.0, 41.00494631873681, 48.75278839055216, 57.625531378053616, 65.40699437571362, 72.1194649346252, 64.73432873145912, 56.62571513170193, 48.16892541994706, 24.533621128563897, 24.945072320761227, 26.88683078155084, 31.365567705009276, 35.00087417709877, 31.61497111592728, 25.973118138183274, 21.680959110232255, 17.48226237475974, 18.13665955229311, 50.421297411943314, 58.128207137305864, 63.89944104728619, 72.44026584044353, 78.3350627901309, 76.42988593164289, 70.97147077318111, 64.01025401659228, 56.496845213559254, 51.51216920266866, 22.197841612390356, 25.105700902757423, 33.56190797387328, 32.837491139296574, 44.0085033905728, 51.67354889208957, 54.77199652131544, 55.06893129383586, 52.77849275093743, 42.287161111864926, 36.62399933690462, 35.73947933034239, 58.923914005947545, 55.74017437436651, 57.92049237021002, 61.7996653634069, 64.35473322686556, 68.39275758277122, 76.73531003972576, 76.63664949848128, 75.63132389614428, 73.12591897012676, 69.26438995224461, 63.982162109137995, 59.28610722449004, 60.21836333388974, 63.973096409050115, 70.39721167123051, 74.91028254995173, 71.09664509328117, 65.27737519775145, 61.037241379481124, 64.31441238050552, 65.32822164818025, 69.12739932956788, 73.53851180565887, 84.6214404060775, 94.30483982113446, 95.15958013191931, 99.31311645053715, 108.27327760676073, 114.02386133147259, 109.9970587968191, 102.97099258142558, 100.45986902232873, 95.0898668316655, 93.86469391307864], [42.11418111008858, 49.54237195891897, 56.969720429869525, 63.40269119457026, 57.000983777055296, 48.2264267670038, 41.00494631873681, 0.0, 9.031165653655899, 17.980793455877023, 25.000959986354882, 32.14719756399083, 24.028588785397236, 15.919629172867218, 7.606199334109907, 40.48968790045866, 50.42696728390181, 57.362842405798595, 65.12078899850084, 71.4641626568958, 69.02581434614794, 61.77114425297647, 55.261849914969176, 47.71037580701057, 38.80351380668649, 21.42218579258368, 25.12108982801289, 29.155072142185123, 36.18186304306865, 40.737146802758446, 37.882088077173066, 33.02311255034682, 26.725962968926922, 19.951505979003944, 18.555752242322086, 28.357649030051014, 28.816357814784485, 36.820029714789136, 44.314487892379184, 48.46739024633396, 49.81759316244673, 45.72197101454558, 40.263525976804836, 30.313718209351666, 24.958615749054054, 17.126664228973663, 15.346397849680915, 71.58493833117392, 63.57180021458169, 58.77794573092197, 57.662125759987184, 54.70410866547811, 55.398771442079955, 60.20291840797428, 63.94342842987078, 67.62675609639251, 69.83845625253944, 71.31590545020998, 71.46189786942298, 69.30005254055473, 63.633520725276206, 60.16693975111854, 58.09434745522826, 59.88558772238151, 59.02088665156816, 61.73888313981364, 64.48676548814254, 96.53330127284646, 98.02183277330386, 100.17925916930764, 100.76056756404962, 109.01445834477924, 112.7677132020142, 107.61351454184053, 97.41341732892165, 94.2971996062472, 94.66249406640088, 85.16733982568076, 74.45005834194988, 68.07982659581049, 60.72600547928594, 59.92289995844556], [49.11919519659193, 56.348761563459234, 63.97081398674341, 70.94894006558535, 64.81481580415337, 56.092280045583934, 48.75278839055216, 9.031165653655899, 0.0, 9.134951188061706, 16.730517789075446, 25.789647851507784, 18.330695220028396, 11.78928979121902, 7.572373924260476, 44.9615637161833, 55.252964930366026, 62.50922446456903, 70.52082913097621, 77.3728396793177, 75.19250984615314, 67.74743252401704, 61.13267255105516, 53.57537217494276, 44.35169507450601, 16.830398045756553, 17.7884367533862, 20.711961069169497, 27.28137834631049, 32.143593447248875, 29.185004123070463, 23.997991690064943, 17.87219150960942, 11.812736939159105, 12.68173870809161, 34.08765214408706, 35.93042356243312, 43.94435547216476, 52.82736510315171, 56.29865174777426, 56.53772762440586, 51.7561640512456, 46.01271506034618, 35.441559866791486, 30.500908783598778, 23.05572653414236, 19.01624898334603, 80.01918985706509, 71.61262153585868, 66.06573974583392, 64.32543935262036, 60.6592867493027, 60.81896141771159, 64.81120095335272, 69.19735133074398, 73.57531560621321, 76.4797471354716, 78.63390827644373, 79.42328030900116, 77.5471061024525, 71.23840702510692, 66.85516792720757, 63.589699677194076, 64.83230612393527, 64.53837635870656, 68.47032366719398, 72.09207653605365, 101.65949962056474, 104.51740378326802, 107.77866097498006, 108.81367313936084, 117.40863685888121, 120.9938377626248, 115.553290315468, 103.81735278483957, 98.42489471928133, 97.21894270878408, 86.06556905669952, 73.97561632154694, 65.62510888881066, 55.71013011620069, 52.48112088072922], [57.65876170002535, 64.73238670190607, 72.46116511859721, 79.76112784500094, 73.6812384446581, 64.95192244240889, 57.625531378053616, 17.980793455877023, 9.134951188061706, 0.0, 8.64455115717583, 20.348394071042804, 14.15376785559329, 11.731017049886638, 13.969156253234695, 51.832619704414526, 62.36258536425398, 69.85826522884317, 78.08927471078911, 85.29823054455295, 83.25327330199201, 75.6282316751233, 68.92353502523895, 61.36896747844277, 51.96227370789951, 17.598655565808773, 14.092626231025182, 14.389311528363717, 19.61576674352264, 24.47127690919027, 21.03935135833474, 15.459257733615349, 9.973628857561174, 7.4719814761633385, 12.835565865345988, 41.73377593009726, 43.68335032030837, 51.010322726526724, 60.80641438480504, 63.33388309818045, 62.42012736153243, 56.90638551751594, 50.90740441525203, 40.10280268764757, 36.21860813226785, 29.944929922139043, 25.871482307178557, 87.56716049957359, 78.67145513015623, 72.28250590124391, 69.85450758468019, 65.4696861887305, 65.07731603003093, 68.2728134933718, 73.21143969089673, 78.23491055138894, 81.86122900907398, 84.7647378626663, 86.33502201955736, 84.84151327305665, 77.75761789776368, 72.37428758581945, 67.89535063600593, 68.61448605091384, 68.85856497745647, 74.01590895637285, 78.60443859233426, 109.10144812260191, 112.73937532304241, 116.41537960330066, 117.40599251406611, 125.8508808779381, 128.86788266906754, 122.77106248924733, 108.84802035832585, 101.36858431908391, 98.86816225131581, 86.38525816822022, 73.3234245097972, 63.39464716463966, 51.70533533843471, 46.559788022813684], [65.72017465836522, 72.89504296419358, 80.519646666258, 87.42044451912429, 81.45952690404826, 72.78191397583535, 65.40699437571362, 25.000959986354882, 16.730517789075446, 8.64455115717583, 0.0, 12.907399389069434, 9.745435343641557, 13.356951411793077, 19.193275129243943, 60.413802349595095, 70.8306129309461, 78.20467049242963, 86.21934315750364, 93.19738481479153, 91.24385990042049, 83.87720475737932, 77.28157997201653, 69.78169220005111, 60.46909734495685, 25.4044686058585, 19.920118628439766, 17.18368022352735, 17.048534516366765, 18.64473211026758, 14.68879896899532, 12.051456518634415, 11.78442636898517, 14.558155293405482, 20.83238944842797, 50.26399139185507, 51.65247892391374, 58.149960820321326, 67.17246595562335, 68.89450795673972, 67.54923203295802, 61.182837530468746, 54.28035885590509, 43.0061767786019, 42.398052479892954, 37.385745749066366, 34.38095319571819, 92.23241093906302, 83.38945903129026, 76.58381711333989, 73.50632780931747, 68.33771912497592, 67.05626573413078, 68.67841113589931, 74.33769772305506, 80.21859260890886, 84.55159312630802, 88.24493331267983, 90.44600278543997, 89.30681602435693, 81.89250538596816, 75.82562779478559, 69.68295084826318, 69.43951135226828, 70.5841312389751, 77.32163754005035, 82.6681884421407, 115.83411783858202, 118.79804737958627, 121.87814901624576, 122.22976143754893, 130.2491216230483, 132.3908835596761, 125.64631991588217, 110.33792608912681, 99.91691554329964, 95.7698677348119, 82.00373596496367, 68.12963012480004, 57.07569625690403, 44.8846677058507, 40.84899312438191], [73.26857204790687, 80.69683771643791, 87.9194361947316, 93.58879052701225, 87.9316250027797, 79.50183025488984, 72.1194649346252, 32.14719756399083, 25.789647851507784, 20.348394071042804, 12.907399389069434, 0.0, 10.030362331425925, 18.26601054449222, 25.087502112001985, 70.51844522722584, 80.44213074096974, 87.29650824246903, 94.5892013788371, 100.66993790305793, 98.79587060019321, 92.21894259294734, 85.99121089170593, 78.66392047563961, 69.78800184057641, 37.78004804497647, 32.60431724556263, 29.173114084233536, 24.757150813835164, 20.29627321412611, 17.49449568971647, 21.069137154099263, 24.168497038564954, 27.151182329848734, 33.110966647369466, 59.74469739389105, 60.14168657616773, 65.70330075382351, 72.11240012698833, 73.19025362795715, 72.27569956557655, 65.02544627398382, 56.556443447842476, 44.71587349931607, 49.621796883296334, 45.89915636070564, 44.55370545384688, 93.64002693218026, 85.64312161583946, 79.03384535006444, 75.39549792099147, 69.41480403463912, 66.80185003180594, 65.676105737573, 72.30313672599436, 79.32374643481356, 84.31860536102756, 88.82792934564866, 91.4351881685296, 90.61833484759674, 83.5308853382094, 77.25128611304574, 68.88422395652499, 67.02054436921263, 69.60847662360139, 78.36571791895449, 84.14540236743798, 121.14217570632238, 121.7488514394258, 123.0687563668959, 122.09470847615619, 129.36327708302716, 130.2579445031653, 122.96859035869602, 107.56186169394825, 92.78981097362379, 86.2274368483523, 70.95284488742602, 56.1536308929469, 44.282880795628564, 33.59910480691393, 36.772247527519454], [66.03083167705964, 73.47804156456813, 80.84032606239862, 86.80809995589438, 80.61710917970336, 71.94455538629688, 64.73432873145912, 24.028588785397236, 18.330695220028396, 14.15376785559329, 9.745435343641557, 10.030362331425925, 0.0, 8.703186344882946, 16.640205116284594, 63.15299621888382, 73.4656561408282, 80.5983678939181, 88.32579065920226, 94.65443237251694, 92.47490945327783, 85.43274970099542, 78.94961235605673, 71.40868658626589, 62.28739577048497, 31.437606506712466, 27.800432697497587, 26.41512056182377, 26.43361681880395, 25.80585671138862, 22.09957886229066, 21.592721155084877, 20.954644652247456, 21.38032980035121, 26.613147878297692, 51.6234504801228, 50.942371974402405, 55.94545039045471, 62.99646205699437, 63.87510382248524, 62.671464649044715, 55.62889970581279, 47.65700454983166, 35.966022437848096, 39.64613910189224, 36.338515888982144, 36.12730931769081, 85.68092773191015, 77.08580850952954, 70.21621114553635, 66.74735165189243, 61.09770486304127, 59.14598303376535, 59.698534296965725, 65.70494971229662, 72.05943244936387, 76.71561769335653, 80.87413827266622, 83.44619731341642, 82.59850905361971, 75.12004676365585, 68.81096400444946, 61.531289028142254, 60.6496572923047, 62.357865621980075, 70.10644351124026, 75.80966403714721, 117.27505099957128, 117.86984882205836, 118.75539728875916, 117.56670329016316, 124.33794846279886, 125.27773555767007, 117.69677906812707, 101.53148145431607, 90.18931787040376, 86.21596851492505, 73.0349568682346, 59.990205336661425, 50.683202379639916, 42.97235218130722, 45.36178390449614], [58.002703742190164, 65.44181661165847, 72.84035410564029, 78.95901218613311, 72.50509053840399, 63.730268303410874, 56.62571513170193, 15.919629172867218, 11.78928979121902, 11.731017049886638, 13.356951411793077, 18.26601054449222, 8.703186344882946, 0.0, 8.559516150924479, 55.423341819765554, 65.80274172882471, 72.9845532739502, 80.86341506143926, 87.2482736639263, 84.88760579187513, 77.6462087644448, 71.07398756381981, 63.460354592767295, 54.31039015259796, 26.45961690349071, 25.128939277641702, 26.00393331742977, 29.518350906868527, 31.390217175924573, 27.73524237853127, 24.81580087805568, 21.099258146763596, 18.24866739852823, 21.781444569754047, 43.40890723566584, 42.26624008110371, 47.461824414543635, 54.83299629178053, 56.233994041233494, 55.43490131536217, 49.01299530379023, 41.65379913046132, 30.113343182389325, 31.58944580579134, 27.772619228422315, 28.15166901910986, 78.93508657779134, 70.19218351154757, 63.6203621725354, 60.705165008275245, 55.74393331147776, 54.65422403963256, 56.907510582673055, 62.15442571011778, 67.65252988471853, 71.6349495079291, 75.0763331573791, 77.11955935032714, 75.98162601935056, 68.6980088753124, 62.96190162667879, 57.25214275057887, 57.39606083428358, 58.148900606358396, 64.39695188249483, 69.45518708796575, 111.16744398389842, 111.82771699201382, 112.70585935078256, 111.73734072773779, 118.57905786866924, 120.10220481685509, 112.90975648979301, 97.77137142680635, 89.6635943077054, 87.72071547147539, 76.23644854787445, 64.42076599324366, 56.76940905097381, 50.09483241563986, 51.65621327902786], [49.5566385990774, 57.03013884194164, 64.36769848658304, 70.43943802817277, 64.07458803743812, 55.34530871243568, 48.16892541994706, 7.606199334109907, 7.572373924260476, 13.969156253234695, 19.193275129243943, 25.087502112001985, 16.640205116284594, 8.559516150924479, 0.0, 47.912417202222, 57.958167807612014, 64.911530720482, 72.59279492198333, 78.8046597807763, 76.42259071064633, 69.3175744131823, 62.85167392841537, 55.31436587056688, 46.38602440933943, 23.72218150724604, 24.94403179652273, 27.492811858486007, 32.810772944456446, 36.007355043334535, 32.85212443557421, 28.98699932944516, 23.809816637483852, 18.540879202293024, 19.6775608503158, 35.79122324601677, 35.288976949556655, 41.78354572385858, 48.772238877999555, 51.59269830405672, 52.0840936995439, 46.74443068200607, 40.04942962995428, 28.921422100528613, 27.68036537386241, 21.98588940312127, 21.66815472281821, 74.21201821088579, 65.9715732241095, 60.40156415655135, 58.40770382740198, 54.42646594641704, 54.17239985588228, 57.59506833636571, 62.13438971981713, 66.77511109549418, 69.84129032344437, 72.282886238182, 73.29606828524616, 71.60745365209495, 65.25911313604611, 60.758501459389244, 56.780516613674905, 57.6794132788138, 57.67981646902959, 62.22587182981802, 66.05169181580358, 102.99642278490654, 103.76048087507736, 105.09604187895057, 104.80596234596402, 112.37195612671799, 115.0102917038382, 108.90898359920094, 96.6391343505513, 90.91092372834736, 90.09361360805715, 79.65074624900498, 68.41017538014833, 61.56078185349244, 54.6956097328486, 55.44960991070178], [19.094050335065397, 21.106657754540443, 28.480551585824333, 39.65888963662983, 34.37899838560603, 28.11146562751231, 24.533621128563897, 40.48968790045866, 44.9615637161833, 51.832619704414526, 60.413802349595095, 70.51844522722584, 63.15299621888382, 55.423341819765554, 47.912417202222, 0.0, 11.617204131779772, 20.229683315169794, 30.40061383377622, 39.72293998712239, 37.15480749740159, 27.307651456918624, 19.96820643225841, 13.119917860457246, 6.421451166685767, 38.16560200031825, 46.41235742593261, 52.77841527141362, 63.00773971416991, 71.25839390341216, 69.49237605884665, 62.32485347168434, 54.733455650016836, 47.64806050880842, 41.3385285712637, 13.936796406236402, 25.421640844206458, 37.0584391120424, 46.86345600960125, 55.83062293814306, 59.46089343577916, 61.902012625200875, 63.196608169212716, 59.74254017440696, 42.74226255433554, 34.632156249627585, 28.200876888708013, 78.06552117062019, 71.75202709797932, 70.74707070102797, 73.41496889127717, 74.98508115240205, 79.2618388673652, 88.75988654412552, 89.2992251823929, 88.89814493333856, 87.60726016451483, 84.90302663920755, 81.49583910971646, 77.59830253525399, 75.32599813017463, 76.31082672152793, 82.12673388254167, 87.11433310521095, 83.10357712209758, 78.25437842352571, 76.37802166937594, 71.56171302633878, 81.28407776561221, 90.55699564275452, 97.23753929459316, 108.99533736970893, 118.57296422678199, 118.29587326085752, 116.60678417318414, 124.40089617233318, 128.94936583619136, 122.39211637206986, 112.9803655999095, 107.11444226617245, 96.79426869662443, 88.66779526145883], [18.415298889587483, 16.155696659550188, 21.312187082643348, 32.79523483554021, 29.47199112523986, 26.077813862412032, 24.945072320761227, 50.42696728390181, 55.252964930366026, 62.36258536425398, 70.8306129309461, 80.44213074096974, 73.4656561408282, 65.80274172882471, 57.958167807612014, 11.617204131779772, 0.0, 8.74572345845637, 19.180303332890148, 29.014218683906613, 26.66335702710722, 16.738474375273302, 10.199893719763702, 7.761228832797807, 12.518285629986439, 49.02899632348965, 57.02485379234392, 63.083272203305015, 72.74673812243287, 80.77837456360447, 79.3483770451453, 72.5134517454238, 65.26615599052465, 58.377125617832206, 52.198369523926665, 24.174347210889085, 34.29636791417171, 44.83478667351657, 51.89800330908465, 61.84362580972873, 66.7172285909997, 70.15205891876171, 71.86244445118116, 69.03129866809468, 52.88382702609988, 45.24755833338893, 39.33280802587726, 80.97776309302417, 76.20596554282035, 76.79334408363344, 80.29727677436752, 82.67464371664694, 87.22831019779481, 96.75934603575917, 96.86140981817167, 95.85568587612798, 93.76447041950459, 90.11393501754915, 85.5630006082125, 81.17291172019631, 80.57511315992275, 83.00659905302098, 89.86013398099519, 94.96920557668437, 90.75942478177797, 84.79591995120165, 81.56718745034215, 61.70058230035539, 73.24330385157329, 84.59870600632442, 93.20740436564016, 106.27329900676173, 117.69933971622704, 119.38493920488726, 121.78093314348867, 131.0679945323355, 136.00997169725915, 130.03176628695127, 120.91920852745297, 115.37933398422338, 104.9119623973328, 96.62494177995383], [20.686511430174786, 15.6270361183082, 17.389291204536256, 27.976742557022213, 26.8280169471047, 26.200755963134213, 26.88683078155084, 57.362842405798595, 62.50922446456903, 69.85826522884317, 78.20467049242963, 87.29650824246903, 80.5983678939181, 72.9845532739502, 64.911530720482, 20.229683315169794, 8.74572345845637, 0.0, 10.543728716123198, 20.619735771840464, 18.524337842547517, 9.170930830743025, 6.285007196442102, 11.291357527393684, 19.828837846939216, 57.114489996907004, 64.94817858827632, 70.78534959920216, 79.97363012124332, 87.69088188131947, 86.46998150143448, 79.96792172293821, 72.9784573182523, 66.17518242859997, 60.14836626088301, 31.84962146190392, 41.145360422543256, 50.98827352956, 55.84153596198389, 66.34062620482024, 72.14177418679236, 76.09574689834216, 77.88443816907707, 75.37838288336141, 60.17229054915919, 52.80591572674978, 47.2867216183058, 82.8099260698464, 79.31918788932586, 81.08434253179851, 85.11645144598097, 87.97672540624102, 92.61367547016854, 101.97473086917557, 101.82058937363067, 100.466173809428, 97.84240094749427, 93.57722761946991, 88.21300324089064, 83.49130488236915, 84.18539302201629, 87.64508178774886, 95.03411582076544, 100.11281245414368, 95.86289758224002, 89.28134223307876, 85.11309488202005, 53.86921424648651, 66.39323065720394, 79.18787586510993, 89.20345869716425, 103.24209154950809, 116.01389280998983, 119.22233763600828, 124.86630249806797, 134.97203117340337, 140.11131688592653, 134.59573219114554, 125.78124401852259, 120.60622781981698, 110.29918968753412, 102.35398984669521], [26.195602338697558, 19.955821162332555, 17.38814121829642, 24.426258999173225, 26.708371879667467, 29.261394571693433, 31.365567705009276, 65.12078899850084, 70.52082913097621, 78.08927471078911, 86.21934315750364, 94.5892013788371, 88.32579065920226, 80.86341506143926, 72.59279492198333, 30.40061383377622, 19.180303332890148, 10.543728716123198, 0.0, 10.528262916053825, 9.64575677077237, 7.219456497734576, 12.732029219549489, 19.89395693511527, 29.16637710593374, 66.22601702694173, 73.80599271382967, 79.32397653172438, 87.83500629070394, 95.0693769366765, 94.11542432757575, 88.0971331320513, 81.48344154388667, 74.82627670912998, 69.04402746139736, 41.067134503322265, 49.79222702995292, 59.136653594711, 61.564323749108055, 72.53223288851152, 79.33051967379168, 83.58689489598224, 85.1684049496634, 82.76394870614138, 68.90019752431037, 61.662862460612224, 56.39466657224487, 85.76351010950665, 83.83088193576653, 86.85220492243059, 91.33743385194973, 94.55731405591283, 99.12014842046855, 108.0165247884616, 107.71675373929614, 106.15038031601647, 103.04632442597939, 98.23560756594306, 92.02465909598148, 86.96936982706002, 89.12706684561141, 93.62983396576247, 101.27102274312618, 106.13798932380894, 102.00923770768199, 95.0589215866702, 89.96306298294203, 43.867875161997965, 57.554592512180115, 72.36102643551698, 84.20837208529213, 99.58215928882981, 113.95625278376222, 119.05814359235072, 128.68522491411656, 139.13204470865375, 144.19728883348125, 139.06251863868331, 130.51627719013788, 125.70025445912054, 115.56246289795418, 108.16151880888559], [31.32690631302768, 24.9232789665456, 19.34668524315794, 20.830720680388403, 26.41161496640041, 31.67102282387189, 35.00087417709877, 71.4641626568958, 77.3728396793177, 85.29823054455295, 93.19738481479153, 100.66993790305793, 94.65443237251694, 87.2482736639263, 78.8046597807763, 39.72293998712239, 29.014218683906613, 20.619735771840464, 10.528262916053825, 0.0, 4.348584328484273, 13.726732631865685, 20.840748255936024, 27.988850556943767, 37.454311171423704, 74.68408331554325, 82.13245534601684, 87.45111972198653, 95.41301411284255, 102.03820899245476, 101.19641559326978, 95.67745291270866, 89.3227028770681, 82.65432647903525, 77.14224819481755, 48.904957470433835, 56.5227778722099, 65.07731766279773, 64.80707024934529, 76.05739638583253, 83.87445666972027, 88.40928142329321, 89.78704279493687, 87.69382610752639, 75.48026905383429, 68.67291817350066, 64.1772853592917, 85.67369772326343, 85.38930213371319, 89.70429478688335, 94.62703897876571, 98.22500301966642, 102.68893309929452, 111.07066669423867, 110.54212113391786, 108.70880863661996, 105.09717429596039, 99.75350601704703, 92.72842058579583, 87.39477639717083, 91.0560520278865, 96.6319945928627, 104.51848503368838, 109.160460606136, 105.1493769501255, 97.81685158433065, 91.78267234904, 35.322742827365964, 47.828294710924126, 63.51154499247401, 76.67071186542262, 92.9888056598997, 108.68433970027696, 115.51176211801487, 129.05351505376188, 140.0162837393413, 145.26558027767774, 140.89314531116463, 133.00323009842543, 129.01855979697442, 119.86719714789575, 113.95856456284052], [28.082537285673567, 21.331217177159697, 15.339404063373323, 17.620002176703444, 22.53809322048964, 27.85472828600561, 31.61497111592728, 69.02581434614794, 75.19250984615314, 83.25327330199201, 91.24385990042049, 98.79587060019321, 92.47490945327783, 84.88760579187513, 76.42259071064633, 37.15480749740159, 26.66335702710722, 18.524337842547517, 9.64575677077237, 4.348584328484273, 0.0, 10.476893313215378, 17.695957039244956, 24.906866389496372, 34.55945408647766, 72.65452271586891, 80.2882911976198, 85.79491107242039, 94.05385377525384, 100.75224293315212, 99.73207855039065, 94.07273136205866, 87.50827717930945, 80.65164732961077, 75.06957053416032, 45.91821846318758, 52.949803518280774, 61.13152700387873, 60.782799751871856, 71.98431504371308, 79.77123100104906, 84.46509823366962, 86.08473347396341, 84.33063142098763, 71.987390267347, 65.50341355480032, 61.50278402471741, 81.88087692972289, 81.38561002735163, 85.65481238047708, 90.63286248911724, 94.35012146961361, 98.94086708086057, 107.57399385578636, 106.8872686491154, 104.89290610681412, 101.21944029997074, 95.8244663427645, 88.85486375030682, 83.55541235568062, 87.07556746948816, 92.65480467667096, 100.79254588646563, 105.60006194495901, 101.43206639748661, 93.86504298849519, 87.81646696649882, 39.1836726983955, 49.749940612815266, 63.65687320802265, 75.80313876676044, 91.3699092857852, 106.52675421660867, 112.76560650466834, 125.40050879605735, 136.9509755643984, 142.66277659451413, 138.62939484055258, 131.0331207872445, 127.38364621103774, 118.81190531948316, 113.39630740216003], [21.15614586710086, 14.094352913932086, 11.25035288683075, 20.122810827409104, 20.71765725367118, 23.0476880460513, 25.973118138183274, 61.77114425297647, 67.74743252401704, 75.6282316751233, 83.87720475737932, 92.21894259294734, 85.43274970099542, 77.6462087644448, 69.3175744131823, 27.307651456918624, 16.738474375273302, 9.170930830743025, 7.219456497734576, 13.726732631865685, 10.476893313215378, 0.0, 7.521466146522628, 15.262477159952015, 25.14842768233755, 64.05676201233817, 71.961245044996, 77.79445711585912, 86.7485429514924, 93.98246528363313, 92.7126318304546, 86.5372391899698, 79.58319263372809, 72.56999886092464, 66.71310743790204, 36.84254621434465, 44.25997561601012, 52.838453889100435, 54.85764292738457, 65.76560571644539, 72.62919185032133, 77.1999679028094, 79.1863120671927, 77.44060145745672, 63.558872630293024, 56.99328663980358, 52.822996283822576, 79.12805503710014, 76.98851366167165, 80.05391395571131, 84.67923653832662, 88.1493960496675, 92.92021622676886, 102.18632898382853, 101.57989548946061, 99.70335920148277, 96.4376701410629, 91.49030576264343, 85.30493516862295, 80.2942724615897, 82.3488691207977, 86.96691382614246, 95.06783696022303, 100.19281945175364, 95.80710007169249, 88.41066980574497, 83.19688568958402, 48.730515285811585, 59.25925193444275, 71.38139685113934, 81.69073168329005, 95.8683862399686, 109.42761885482652, 113.71590025993648, 122.23331834355412, 133.73088163537255, 139.62261786902477, 135.20787145870426, 127.3013852514954, 123.23650138566104, 114.35266917823039, 108.17642762006437], [15.975461868159462, 9.905528778524952, 11.907105956393643, 23.212043231683523, 20.954639905769366, 20.18963049927497, 21.680959110232255, 55.261849914969176, 61.13267255105516, 68.92353502523895, 77.28157997201653, 85.99121089170593, 78.94961235605673, 71.07398756381981, 62.85167392841537, 19.96820643225841, 10.199893719763702, 6.285007196442102, 12.732029219549489, 20.840748255936024, 17.695957039244956, 7.521466146522628, 0.0, 7.900979086127681, 17.779909386867807, 57.03165215600348, 65.0746466689858, 71.08139893330322, 80.38985133654691, 87.83786428081278, 86.39446860041433, 79.97835274056162, 72.81676416524469, 65.69958194299836, 59.73838912861395, 29.5502374590142, 37.38443223288849, 46.539271118871035, 50.20350225131954, 60.8632159233461, 67.10477635672659, 71.32562971287494, 73.27130104266261, 71.29788983493619, 56.67095945118732, 49.93085596811624, 45.634955145879566, 76.61920109070917, 73.35351540150431, 75.47918466423818, 79.72261145237717, 82.84044436950398, 87.57954927603144, 97.03754246626647, 96.62561150108493, 95.01554417123862, 92.16239823277341, 87.69052096153685, 82.14342772785585, 77.37146025456012, 78.35041374207167, 82.17136455872038, 89.90521848677373, 95.08760814246536, 90.70439316574407, 83.74820178767557, 79.25942894734739, 55.13231807898117, 64.89999613241503, 75.68006437865878, 84.65336332169349, 97.96215957366185, 110.30896179902517, 113.21908059273265, 118.92362308820128, 129.7847434539131, 135.54919403918984, 130.76594545594344, 122.62182103787875, 118.29341984937281, 109.33390775924502, 102.98068922072474], [11.152690694816116, 8.931693485510632, 15.498815513463795, 26.925530901391898, 22.499577103453323, 18.358803112903658, 17.48226237475974, 47.71037580701057, 53.57537217494276, 61.36896747844277, 69.78169220005111, 78.66392047563961, 71.40868658626589, 63.460354592767295, 55.31436587056688, 13.119917860457246, 7.761228832797807, 11.291357527393684, 19.89395693511527, 27.988850556943767, 24.906866389496372, 15.262477159952015, 7.900979086127681, 0.0, 9.941251839241422, 49.579957311714715, 57.72631484156495, 63.85949132526713, 73.39210886042132, 80.88358626533804, 79.26040810251055, 72.72693689202887, 65.4105759757342, 58.165669346390075, 52.18868000332315, 21.653473622703515, 30.08906211999721, 40.14859092289365, 45.28315130175012, 55.661417922160354, 61.36043587715077, 64.9904741000557, 66.60007262602699, 64.18688092166114, 49.191737952436576, 42.149776138192124, 37.76626395109109, 73.60602714131082, 69.31001318120133, 70.47082549554182, 74.23134280235972, 76.85257327073462, 81.41675866414978, 90.83398344576013, 90.72631171477093, 89.53019161799517, 87.17667619736653, 83.29624871425621, 78.42898307641968, 73.91653527055257, 73.84233220568846, 76.80567017169338, 83.8827307529688, 88.97371170182579, 84.72919707312315, 78.47745425028694, 74.79499652007684, 61.187619655110765, 69.66013719204554, 78.93763739233721, 86.50357789931668, 98.9869093871528, 110.06276624195691, 111.62502205986621, 114.70184156304224, 124.46895960968293, 129.92229237971998, 124.72424349830696, 116.35515438929612, 111.8305580758589, 102.98111053226118, 96.85402407666365], [12.97710827695573, 16.137082777314372, 24.012520883545296, 34.665583583066635, 28.901145970799497, 22.06006461457849, 18.13665955229311, 38.80351380668649, 44.35169507450601, 51.96227370789951, 60.46909734495685, 69.78800184057641, 62.28739577048497, 54.31039015259796, 46.38602440933943, 6.421451166685767, 12.518285629986439, 19.828837846939216, 29.16637710593374, 37.454311171423704, 34.55945408647766, 25.14842768233755, 17.779909386867807, 9.941251839241422, 0.0, 39.97209303967398, 48.24570654970506, 54.554617150946726, 64.44634906889421, 72.11153435835989, 70.26514993833518, 63.49191353436967, 55.9588433045666, 48.59907339127495, 42.54806801561483, 12.029747973595207, 22.475173582456843, 34.109551791248705, 41.96627231061875, 51.52837030377233, 56.10123221141427, 58.71269768115232, 59.78701000501036, 56.56241946245618, 40.76510893988144, 33.005830764382665, 27.955565850227856, 72.51877841193705, 66.77302883482709, 66.4051735651434, 69.34864348945791, 71.14195741633024, 75.39787882413405, 84.70488896892658, 85.10216964888166, 84.56843867653944, 83.01372933637727, 80.06254696290462, 76.2668643570833, 72.19911931070409, 70.54265644296703, 72.11031831035916, 78.09170775950356, 83.00775301705845, 79.01366859822325, 73.9288972939446, 71.55306930338045, 69.34693124473651, 77.02380860944457, 85.01958300942277, 91.12589525492031, 102.66139448946765, 112.17486658492071, 112.05669716716335, 111.511328416093, 119.58066063512085, 124.4397836058945, 118.47815530510677, 109.62634907605359, 104.58043704754758, 95.51460707370002, 89.22541345828765], [48.714528036543406, 54.81982694117019, 62.839871686606024, 71.89856461065763, 65.82379577978271, 57.27976160999949, 50.421297411943314, 21.42218579258368, 16.830398045756553, 17.598655565808773, 25.4044686058585, 37.78004804497647, 31.437606506712466, 26.45961690349071, 23.72218150724604, 38.16560200031825, 49.02899632348965, 57.114489996907004, 66.22601702694173, 74.68408331554325, 72.65452271586891, 64.05676201233817, 57.03165215600348, 49.579957311714715, 39.97209303967398, 0.0, 8.570861518376493, 15.507016516954415, 27.017442268791417, 35.94665230531774, 33.45064902408056, 25.291062810617944, 17.175533065393374, 10.889192810009197, 4.826751339663045, 30.7572888864502, 35.97247770043688, 45.416516582908876, 58.43104488331754, 62.520892262551236, 61.75181266722069, 58.49455667897758, 55.4160158804544, 46.907655148611944, 34.675152358370326, 25.98405672006452, 16.856406705142145, 88.9810379279852, 79.76892350624179, 74.0228