{
	"dissimilarities": [[0.0, 7.3304375156102415, 15.704197155608151, 25.57980997059357, 19.522366617048668, 12.302148984047218, 9.580731614634864, 43.43045893623279, 49.11970927432061, 57.476752239502034, 65.66976078197017, 73.45973258038624, 66.45698480193293, 58.349845961099795, 49.9126703232427, 21.281747581940586, 21.85214777186904, 22.469185082211883, 26.16852181875977, 30.556736732269975, 26.7673949789041, 20.762267004114705, 16.94053278334333, 14.406615602210813, 15.434463623744819, 52.49493941769588, 60.28040032508836, 65.89362305288759, 74.27616469602103, 81.00300732456225, 79.02445041461925, 73.18860841360302, 66.51485588011816, 59.368130560215796, 53.38703694326263, 18.704322159087905, 22.563812886966822, 34.95734626858568, 40.20000283680638, 50.10404456512334, 56.45392165637761, 60.76167228574203, 62.51907504167434, 58.87764083540716, 45.61369687634999, 38.260035112126516, 34.17165021727053, 66.67225954258296, 60.26580143503256, 62.225508078384756, 66.8738394869218, 68.3069733262131, 73.44055757407013, 85.54903877900644, 88.14368573401923, 87.26829585728413, 84.23592729001462, 81.88708424692415, 77.17466959971642, 67.89541892972136, 63.79508022228587, 68.94277027913257, 75.18745463967718, 85.11599133815834, 82.04515972423908, 75.92996518101275, 74.07164620459326, 52.37619519015691, 55.19047175456635, 64.61691879593829, 73.27415662126315, 87.77590582786583, 98.95420370512721, 102.56088434480277, 111.30220633094291, 116.01610223190228, 122.14235847339626, 118.56611116463745, 110.39810975871683, 106.35877358698052, 100.44227356651233, 96.05971801585684], [7.3304375156102415, 0.0, 8.893674940157696, 19.915675517667886, 14.594705040578862, 10.581237436848678, 12.617549287153112, 50.67080144743827, 56.43708324134018, 64.80334672214842, 72.99934545822497, 80.71918825179611, 73.70480873397115, 65.57391588439694, 57.1280133900602, 25.098914964518407, 22.67132027231517, 20.716222789850494, 22.165428614136793, 25.19607686162417, 20.898324166955256, 16.00365348836615, 14.485355830697639, 15.518649320486562, 20.290267619801423, 59.35585978826651, 67.23213917773845, 72.91681405275838, 81.38696427153647, 88.15315017409961, 86.25831800313674, 80.4024609812226, 73.68113296756667, 66.51822547589394, 60.50103902117861, 25.38888189902046, 28.382850372797233, 39.126746217502536, 42.67961860630375, 52.87421399562267, 59.76554938467265, 64.90136600644037, 67.3905520281044, 64.58861749695116, 51.306861713309594, 44.659549391642415, 41.145037054944005, 67.01847796648903, 61.535643188061485, 64.85694723488173, 70.09565687185227, 72.19875612157162, 77.8251415884276, 90.29542185831586, 92.0306158399764, 90.53845654491886, 86.9240227651179, 83.920868961357, 78.41596442132932, 68.56320778122223, 65.84044878397131, 72.04688852703487, 79.26263333247338, 89.71198736538346, 85.92545891096775, 78.78133724691509, 75.96713228279972, 47.7536123743695, 50.90513686468316, 61.075257226887594, 70.6482988144824, 85.59791704504458, 97.9064293673739, 102.63092961624467, 113.51148097638129, 120.13022109296902, 126.94687134473915, 124.07245502473994, 116.3581996309375, 112.81659090674417, 107.18518979316956, 102.880514444167], [15.704197155608151, 8.893674940157696, 0.0, 11.708017556477316, 9.50492006343257, 12.520541578019422, 17.824159256313973, 58.27705838767493, 64.22017413472445, 72.79470047907024, 80.85943078941557, 88.03979437303022, 81.20848522138662, 73.12668224691113, 64.61728978671809, 33.29746714351782, 29.01198407344713, 24.733245525762243, 22.38137918027674, 21.52705636028052, 16.831438892968688, 16.51844108731829, 18.899726954857442, 22.75592300350594, 28.98855068968715, 68.032579653029, 75.78675406206374, 81.32636021266661, 89.45869741391618, 95.81142025982523, 94.02522376247119, 88.53125996710905, 82.03535310492265, 74.97481049249642, 69.03531737228391, 34.122281316411716, 35.842495776749715, 45.28744051759329, 45.7746372955078, 56.05721762731526, 63.821292310087976, 69.69915631314908, 72.46813338071478, 70.50153315923966, 58.62026718161645, 52.636685627612856, 49.766937317255255, 66.01047969597907, 62.32684445931864, 67.6826804973328, 73.4933710627837, 76.30226464232236, 82.14740528665602, 94.33733635698377, 95.17598029352278, 93.10824756831745, 88.8838393376405, 85.14149134933332, 78.57992075319392, 67.83903966543882, 67.56101186847982, 75.07717710942532, 83.01200395805314, 93.5450828823969, 88.98383658175374, 80.86855963716827, 76.85910566475641, 42.4890664624942, 43.62641027475045, 54.02449891440973, 64.63353814439537, 80.20553881811797, 94.03752566752901, 100.31395000698441, 114.39759476206714, 122.56574238385443, 129.84497494982085, 127.76389018419718, 120.66128205899295, 117.96239165350829, 113.055748071088, 109.75272376768287], [25.57980997059357, 19.915675517667886, 11.708017556477316, 0.0, 9.991129345318175, 18.484721502951682, 24.453640149515863, 65.12568597325017, 71.35717365470559, 80.27245074979993, 87.9975541910686, 94.04402517900112, 87.55573393618226, 79.64587348408854, 71.14227040428537, 44.71470121909162, 40.34830702916356, 35.370974398247405, 30.737976663719525, 25.80633338483344, 21.888695317184485, 26.077244901169795, 30.01268342682917, 34.27861670386415, 40.10111461189494, 77.57096123677645, 85.00261544966885, 90.19054133972304, 97.55992564854824, 103.0015494446815, 101.25540950334792, 96.52613339972342, 90.53730825216175, 83.69333949104674, 77.95930333629448, 43.852684022343276, 43.657303292219325, 51.87056400141222, 48.05637470101927, 58.01100280633121, 66.86485092306715, 73.29364702000457, 75.84662670308289, 74.80662899946674, 65.89869364397926, 60.72555859469501, 58.90059372948469, 61.90168614318677, 60.959892393747666, 68.9064812788589, 75.16651021496027, 78.66358751269425, 84.37536530557244, 95.52709499814365, 95.40116531275207, 92.8311328027674, 88.02896505152714, 83.53422521802386, 75.7496093919969, 63.91398792351621, 67.15527574241032, 76.10078100171953, 84.37944280623836, 94.46602598188814, 89.0884390530579, 80.15596387406384, 74.78735050858526, 40.52279615078358, 34.28621180957004, 42.6876405449289, 53.86294144655836, 70.07309733663679, 85.54257074325155, 93.60945993065259, 111.72135375882849, 120.99011512656087, 128.58469410321507, 127.5669839902983, 121.44800432062168, 120.14690980381893, 116.81205174547098, 115.85782468819566], [19.522366617048668, 14.594705040578862, 9.50492006343257, 9.991129345318175, 0.0, 9.514647623014431, 16.482053044577434, 58.268755276144105, 64.8304398483981, 73.7554234286814, 81.59993224911547, 87.90242233545942, 80.84251737481172, 72.72529435718616, 64.30169971254607, 39.35639701469694, 36.86730904036742, 33.5753495227453, 31.83233899196033, 30.196054818174062, 25.541946663145076, 25.81390559498012, 27.441393732900345, 29.925103736249405, 34.065809967660925, 71.21340728451192, 78.90141473598267, 84.34713349061897, 92.19804473065217, 98.05074900570779, 95.89827578902869, 90.75819429119456, 84.44626741477471, 77.35412228001601, 71.47566138961338, 36.42319932162351, 34.798632322177184, 42.085751919042785, 39.077125714311656, 49.20701467435555, 57.663430529444305, 64.12033384610102, 67.18672806759666, 66.37611616754221, 56.56962021867767, 52.004705547928516, 51.403385656568005, 56.79184594169031, 53.7967760681607, 60.40489196620167, 66.57966830363436, 69.95834678495693, 75.99408346823874, 88.13533790567698, 88.04838611292756, 85.48709565664532, 80.85847774952691, 76.70238248933732, 69.68727684711097, 58.72558999273714, 59.50383807356606, 67.84921139505411, 76.36747834211103, 87.16211411916663, 81.88329102236209, 73.00224909920715, 68.32816248160086, 48.849866467443576, 43.81559107228771, 49.539303880206745, 57.631902539128866, 72.13613358194543, 85.0709368641771, 91.09066565269663, 105.77471015974065, 115.50098753838697, 123.88961185104024, 123.18185532321621, 117.30023253839211, 115.97466692735433, 113.18668245172621, 112.3113018553104], [12.302148984047218, 10.581237436848678, 12.520541578019422, 18.484721502951682, 9.514647623014431, 0.0, 7.376872600170753, 49.271239070240284, 55.86191673898558, 64.71039976512043, 72.63908023817577, 79.27980826212077, 71.97719350248623, 63.77166065519173, 55.37825547163981, 32.478729422085244, 32.2916071851146, 31.138961978832704, 32.27027301052128, 33.5400836565865, 28.938765534549503, 25.941537898584464, 24.848550422852473, 24.78121446211549, 26.510770568354854, 62.19874635399232, 69.9357335851594, 75.46082697083403, 83.52100010701474, 89.63131419082777, 87.2930959662569, 81.90527908669695, 75.44618576333671, 68.26737947887025, 62.350950679739, 27.27481077771497, 25.377747286234605, 33.833059117976504, 33.54466547565506, 43.8253788230662, 51.54544980220699, 57.27187160520952, 59.996857531219156, 58.38934480086103, 47.55664862176043, 42.567022350001835, 42.01186979101048, 56.438701950037455, 51.26417658551639, 55.609420225613356, 61.19583870092167, 63.83112079048844, 69.6420252047595, 82.10148732388366, 82.97287189890709, 81.04990625640265, 77.09367279766498, 73.77702020188883, 67.96488311628151, 58.00284486877522, 55.90750317128601, 62.84559412230725, 70.5938079365386, 81.33555295454369, 76.84947153595292, 69.01564167286945, 65.70098983111843, 54.121051329466695, 51.061625678651176, 56.66052141805617, 63.4783360747787, 77.15063722208994, 88.16856097885875, 92.29868736088316, 103.29267859710411, 111.25678356377134, 119.21147291610338, 117.7597730664137, 111.34503408715227, 109.31409452572272, 106.11880867229573, 104.71732695979952], [9.580731614634864, 12.617549287153112, 17.824159256313973, 24.453640149515863, 16.482053044577434, 7.376872600170753, 0.0, 41.95450880962192, 48.51056378864986, 57.3847050757771, 65.28931225753077, 71.95813383007402, 64.7026683786932, 56.51636663000284, 48.09014696741179, 29.186199145066254, 31.110789494668005, 31.66321165895761, 34.41842722839116, 37.038111981488484, 32.80835681815504, 28.51364594166474, 25.769100332207994, 23.569435636352264, 22.666001397148772, 55.491573707286705, 63.06124823806451, 68.45883480340711, 76.34723928708978, 82.35650446857797, 79.96742133790497, 74.65661529071109, 68.30047751025377, 61.185143247245286, 55.348856959879356, 21.250506676038267, 19.432065956107138, 29.991891624515336, 31.68638362831683, 41.71894005635438, 48.87634904236753, 53.64351807086457, 55.46171445059753, 52.82937183147569, 42.106716890190675, 36.3195621556393, 35.30315503697409, 57.16585212086917, 50.989458313978155, 53.75988936699857, 58.66640473280677, 60.5150357512153, 65.74588281577172, 77.76350390097465, 79.66864994621527, 78.47882312366839, 75.19375149642468, 72.62950678793251, 67.70070089967362, 58.341213687531166, 54.724356325231504, 60.44558618949038, 67.04457072277934, 77.16475089316508, 73.50503345139786, 66.87422760874226, 64.6587760886514, 57.4519785774691, 54.947213238744496, 60.516679114280976, 66.78294704081065, 80.1500951072727, 90.13871208089249, 93.16543322065648, 101.95100411491758, 107.62670778978435, 114.70049311898453, 112.37289527227841, 105.37247765332022, 102.75420923690267, 99.15780326838382, 97.64084436299308], [43.43045893623279, 50.67080144743827, 58.27705838767493, 65.12568597325017, 58.268755276144105, 49.271239070240284, 41.95450880962192, 0.0, 7.508900513856339, 16.45671211448912, 23.704172647646534, 30.676921993890915, 23.052355761146604, 14.938892799335433, 6.577310179423956, 42.90173321457338, 52.434180580546936, 58.607497421347944, 65.63617451932339, 71.63974224198014, 68.84564825977273, 62.06619746460733, 55.98391923585866, 48.91573744106266, 39.46160316387621, 26.36702892801307, 30.16902260450673, 33.461138976886176, 39.115603229170354, 44.00170444404583, 40.45186710669566, 35.84760559680931, 30.85894297347997, 25.128138669478606, 21.586956357700128, 28.96102283810812, 28.360623331038074, 35.69495811699857, 45.399942477808295, 48.662464003828454, 49.326047013176854, 46.3480799306248, 41.501389718287214, 31.551622334739456, 27.278155168843913, 19.719232388492536, 17.583104327560875, 73.51110177881463, 63.662567098540876, 57.23664734679037, 56.76501981809342, 53.20202141558289, 53.36451909988414, 60.52539917730318, 68.99822978157947, 72.49828032464539, 73.78410333707184, 75.96307683491335, 76.8468542860102, 72.74005650188424, 61.77378515766203, 58.97822876188404, 56.94950876740042, 61.28162294282277, 63.88827499469108, 65.92112285142521, 70.4627777029026, 89.59642397315953, 88.66821210601492, 92.56915317393009, 95.21385349329726, 105.4091968648347, 109.07834237676835, 105.83403936408772, 100.59284727876924, 92.77876892552894, 94.3496629921626, 86.67322529714949, 76.30507400421948, 69.48136350626525, 63.82539064533882, 62.16805045291851], [49.11970927432061, 56.43708324134018, 64.22017413472445, 71.35717365470559, 64.8304398483981, 55.86191673898558, 48.51056378864986, 7.508900513856339, 0.0, 9.24973289352406, 16.779010148336702, 25.072071212201756, 18.154713818185428, 11.18779850314386, 6.285044865629044, 46.29771424050925, 55.97758409263056, 62.530203790109766, 69.82709743031722, 76.20683118188775, 73.73257232834686, 66.77703225925391, 60.51608868854372, 53.27677125755737, 43.733889103065295, 22.32444380131084, 24.345567329973765, 26.73880444093795, 31.70175093003782, 36.62036065500069, 33.040621748278014, 28.374580041693406, 23.772347111266924, 18.773724980697516, 16.52536322519714, 34.072880604443824, 35.085610961631616, 42.35757596164466, 52.75411772681384, 55.62253488400417, 55.64498296231492, 51.92892149836607, 46.49383201656224, 35.956333540509576, 32.2914820704767, 24.953830866619356, 20.94461147917263, 80.5533759195024, 70.70387550199325, 63.69839049218765, 62.696606479769635, 58.58452229387442, 58.01359014752404, 63.95463886103116, 73.36277461297335, 77.49729803114145, 79.35485467279672, 82.02183548226205, 83.40662180057407, 79.66380585671168, 68.46396916075219, 64.9185815419767, 61.8269126322967, 64.93940021695505, 68.54996313633137, 71.71685259619576, 76.83235281531385, 93.56629722169497, 93.88449028518968, 98.59410214784953, 101.66501919027117, 112.00887798881654, 115.60229746888892, 112.08774729666473, 105.67280924242195, 95.55349392572363, 95.5880491977721, 86.38840093887694, 74.86671987073062, 66.43073143517492, 58.787055711083816, 55.34018497111376], [57.476752239502034, 64.80334672214842, 72.79470047907024, 80.27245074979993, 73.7554234286814, 64.71039976512043, 57.3847050757771, 16.45671211448912, 9.24973289352406, 0.0, 8.47106167832374, 19.404817029073808, 13.544051193890178, 10.49952596545925, 12.847540886712173, 52.37709117960858, 62.28842662298854, 69.2827429237866, 76.99593695680939, 83.86094354698328, 81.59352842587451, 74.31106099597304, 67.80463823219903, 60.36300262860563, 50.66779574984404, 20.473373808207846, 19.31494684948367, 20.022952825863573, 23.914722791649687, 29.101039330006156, 25.028260230848865, 19.877619843384895, 15.901449496563325, 12.83908572363192, 13.801289983165956, 41.590891573700475, 43.24940805399697, 49.46768550836625, 60.74685799271975, 62.830631765104684, 61.76107660271737, 57.08158207610268, 51.209919151899285, 40.347712691526894, 37.32261825717828, 31.059791113083456, 27.040643812687247, 88.47781117961107, 78.2296770396918, 70.08771322632255, 68.34048602842691, 63.53514839876154, 62.198425698983776, 67.07765475660187, 77.39660038849472, 82.20092292977107, 84.777937786914, 88.11329592224192, 90.35509903935987, 87.43846837850539, 75.36736101270156, 70.65903322331104, 66.3958347899772, 68.35641553321902, 73.10955474695817, 77.58016204160536, 83.55516965610664, 101.05501845618429, 102.48065458295605, 107.57244692289346, 110.597114307272, 120.68109040290355, 123.61314668974673, 119.32540961655565, 110.57431013497079, 98.29926284867985, 97.06817670207018, 86.55598218521841, 74.17895622006972, 64.12665485593679, 54.795167301937155, 49.27790296269864], [65.66976078197017, 72.99934545822497, 80.85943078941557, 87.9975541910686, 81.59993224911547, 72.63908023817577, 65.28931225753077, 23.704172647646534, 16.779010148336702, 8.47106167832374, 0.0, 12.246309588161077, 9.461217820042986, 12.552394504778997, 18.645527490221244, 60.731418761523194, 70.58236886399058, 77.5603815463674, 85.16737884036799, 91.88683817472379, 89.6941022496402, 82.5825200945219, 76.14572402714323, 68.74858224866108, 59.10862131644387, 26.512542415299556, 22.80253561035952, 20.96285157889396, 20.868983326955675, 23.629708273560045, 18.861350734073156, 15.925306902463637, 15.633646203346839, 16.624436105439305, 20.114541119039334, 50.020489610699876, 51.18141342759761, 56.51304784135109, 66.98669662254473, 68.18326562503566, 66.53312401962103, 60.98687778040779, 54.14581633793068, 43.16256341376443, 43.35929276660296, 38.39348459489288, 35.417625341007344, 93.21415313075484, 83.15305842367484, 74.47012445128533, 71.99965837171605, 66.60885229632756, 64.1769556965316, 67.06224427104868, 78.29756890401983, 83.8710032425158, 87.18504848306591, 91.16944513652919, 94.13159993233815, 91.92372410038622, 79.7337040863533, 74.10885758038484, 68.36555404376847, 68.55811406886632, 74.4255569916984, 80.36746888339962, 87.07968152452294, 108.38308311900025, 109.18355922848191, 113.64278843012204, 116.0280280506135, 125.5163731219133, 127.52308470788218, 122.43406435495164, 111.85585909594305, 96.76754214496967, 93.9806093701239, 82.25509025419082, 69.25213841314954, 58.16024289332294, 48.476638620486796, 43.89919710789281], [73.45973258038624, 80.71918825179611, 88.03979437303022, 94.04402517900112, 87.90242233545942, 79.27980826212077, 71.95813383007402, 30.676921993890915, 25.072071212201756, 19.404817029073808, 12.246309588161077, 0.0, 9.450706045047692, 17.20547456668882, 24.513891258184653, 71.02530719430592, 80.61544044847149, 87.13839231110033, 94.11642093208054, 100.00969928269014, 97.72897486355053, 91.31695480028708, 85.27475993865656, 78.16259071535995, 68.74479145929352, 38.68498303544741, 34.64821824897907, 31.735101256219792, 27.816408247044155, 25.202716710272924, 20.648346232556786, 23.253523179833156, 26.392147371643954, 28.72427860297922, 32.23814326212808, 59.08797461287466, 58.666217602517804, 63.036300092997955, 70.81379107458088, 70.85775347995973, 69.12888155982364, 62.8054889278152, 54.36681963108904, 43.65239765557344, 49.90579769220937, 46.48488385950255, 45.378564094160694, 93.44137310600048, 84.34250658601816, 75.80662858177779, 72.58548059202062, 66.73077675651601, 62.71695378753922, 62.160751586433896, 74.37802481644923, 80.89794687700353, 85.02534436982863, 89.67843019757304, 93.26414277595691, 91.75925699374456, 80.39580424740019, 74.08298530471055, 66.36998093193576, 63.79007014845049, 70.84219458995415, 78.60666583056745, 85.95373527485982, 115.26214322468144, 113.33421384176017, 115.79827823770712, 116.67433291102608, 124.97546787354324, 125.55727626425553, 119.53149832827737, 107.6079963641861, 88.65522511181751, 83.83187511497731, 70.94678808477951, 57.56145076147579, 46.296843383243626, 39.11324171652507, 41.61464170003102], [66.45698480193293, 73.70480873397115, 81.20848522138662, 87.55573393618226, 80.84251737481172, 71.97719350248623, 64.7026683786932, 23.052355761146604, 18.154713818185428, 13.544051193890178, 9.461217820042986, 9.450706045047692, 0.0, 8.400525830261639, 16.647563662349967, 64.08773712036225, 73.99285439606172, 80.64328033534115, 87.93013612425659, 94.07752208901663, 91.5195011575845, 84.7469328803362, 78.52499214837164, 71.2640189674403, 61.571322658656825, 33.53167804884207, 31.268356092201667, 30.206280518111562, 29.96543713647483, 30.80667055230271, 25.919968575675185, 24.909147927001175, 24.86586100498798, 24.773384100656354, 26.90240728930426, 51.403651673020406, 50.26933112776682, 53.914024010478194, 62.48415270085881, 62.58938936823076, 60.627440111781276, 54.497766104420045, 46.72890286002102, 35.815741204240055, 40.47684411702497, 37.35409407400803, 37.421890075319304, 86.7839927134196, 76.86926448951665, 67.88136809265286, 64.89336565878166, 59.196452404797455, 56.00944700133789, 57.84498846449149, 69.35108739728037, 75.24363955982362, 78.9151620144161, 83.2692708594342, 86.74387504817594, 85.26628020712053, 72.95090580447972, 66.72330819550723, 60.02709783389327, 59.3846592767938, 65.62852649938844, 72.3365630254481, 79.53186625480454, 110.74510121033094, 108.93026544942452, 111.25951876323978, 111.98169529607792, 120.25726435201739, 120.84315559515007, 114.81630696069986, 102.94550496440561, 87.42392916589785, 85.22971267927792, 74.49986726976925, 62.66489883960852, 53.37744190684052, 48.049502205128384, 49.32342696328991], [58.349845961099795, 65.57391588439694, 73.12668224691113, 79.64587348408854, 72.72529435718616, 63.77166065519173, 56.51636663000284, 14.938892799335433, 11.18779850314386, 10.49952596545925, 12.552394504778997, 17.20547456668882, 8.400525830261639, 0.0, 8.54776194399996, 56.51240491906241, 66.42606681834106, 72.984862056552, 80.27879991064437, 86.43240030001606, 83.72762120011764, 76.87372411351505, 70.64922634989799, 63.403356142681815, 53.688961443983374, 29.541878435137836, 29.446591681566648, 30.20020772658233, 32.73739808058792, 35.6022004059941, 31.050401354493278, 28.085488447466496, 25.574886447431766, 22.919985576071245, 23.03553898991309, 43.255378191448706, 41.872086961353254, 45.97360921013748, 55.03210799633971, 55.86654331380069, 54.46110966299931, 49.10950025081751, 42.162042864647916, 31.140366232421893, 33.315693273093174, 29.37207122304467, 29.64510224786216, 80.80558912796835, 70.63489775603769, 62.10075024598438, 59.79934063228606, 54.6538720582967, 52.58074231678684, 56.63747110558077, 67.15733333384871, 72.24372741176256, 75.15564327297072, 78.86703174970101, 81.64944041603297, 79.51178658531408, 67.2028747119243, 61.835608493778714, 56.620388119822884, 57.93240582828373, 62.95723596341823, 68.14208077257382, 74.64251340145057, 103.7933652586207, 102.1173508940079, 104.70933270386377, 105.80554399717381, 114.5268005043236, 115.86935004287541, 110.54084916567729, 100.4409751532397, 87.97651929303063, 87.57716499649392, 78.30166370547362, 67.27985071495752, 59.233365315070095, 54.26918286879113, 54.5656744100983], [49.9126703232427, 57.1280133900602, 64.61728978671809, 71.14227040428537, 64.30169971254607, 55.37825547163981, 48.09014696741179, 6.577310179423956, 6.285044865629044, 12.847540886712173, 18.645527490221244, 24.513891258184653, 16.647563662349967, 8.54776194399996, 0.0, 49.19611951668907, 58.844410106170436, 65.11031904264887, 72.14834690484916, 78.08544722564389, 75.32051317587326, 68.62533894003721, 62.55071548014455, 55.45950940268896, 45.943673008722875, 27.840272250818778, 29.924136933199026, 32.105939890507194, 36.344533447081616, 40.21613351107086, 36.26522204994606, 32.48592087455518, 28.557538516598115, 24.01658756173212, 22.009683827549, 35.41771332520797, 34.17356871788103, 39.894601258788285, 48.916602994977666, 51.004128135589234, 50.82758480386207, 46.7359106328966, 40.7096438784538, 30.062146698168178, 29.453175448157708, 23.70345657289909, 23.08135413129546, 75.70265420397075, 65.80888783262198, 58.51708632020669, 57.20996373186881, 52.922003332593874, 52.01131994836286, 57.68996645113321, 67.1131112018621, 71.3505071313907, 73.36090421981415, 76.2268487900652, 77.92940509494288, 74.6618796774481, 63.21259654628741, 59.285487356642236, 55.736910950846635, 58.66018655592804, 62.31872144287386, 65.79904666937678, 71.21996760256836, 95.6002815742464, 93.9657420634468, 97.05069920461295, 98.8632905847927, 108.33787108228144, 110.91876192299371, 106.74031991909588, 99.49373076002051, 89.50613332647227, 90.19652616333393, 81.86363644787664, 71.24223893169685, 64.06043757761576, 58.93607665913333, 58.58865417644901], [21.281747581940586, 25.098914964518407, 33.29746714351782, 44.71470121909162, 39.35639701469694, 32.478729422085244, 29.186199145066254, 42.90173321457338, 46.29771424050925, 52.37709117960858, 60.731418761523194, 71.02530719430592, 64.08773712036225, 56.51240491906241, 49.19611951668907, 0.0, 10.800275904934512, 18.797856072445146, 28.568579177048584, 38.168399970552116, 36.07900799615741, 26.35405040142547, 18.840014471235733, 11.349359697098421, 6.760585874962908, 40.26808942706983, 48.47144043084725, 54.76146900761797, 64.80747173562845, 73.66418379794541, 71.99714724522813, 64.45911421491513, 56.80705109993961, 49.65332688528475, 43.59212236266736, 16.872560346396423, 28.274184827439218, 40.18472065792842, 53.09929496163897, 61.692933398468554, 65.17284318718251, 67.76873337686366, 69.55002316063401, 64.09331436420247, 45.53294645988475, 36.48942757749551, 27.851865375196706, 84.25746200886461, 75.30849620644047, 73.41540013555564, 76.8279421421258, 76.85628934187298, 81.66787688057516, 94.5230183583147, 98.76245110463788, 98.80733930904675, 96.84613572988229, 95.69291333981057, 92.79320309925899, 85.2649572208481, 77.2759933858155, 79.78439734562352, 84.81500907301553, 94.605249752919, 93.21426213697676, 88.8620666586759, 88.97932404029815, 60.960515036487514, 72.29093545924631, 84.93776785096303, 94.51489138278353, 108.96925702050548, 119.2582324115901, 121.39034802040035, 125.28955967339706, 127.89911588283567, 132.85641671469838, 127.14290293239749, 117.1086268195793, 110.17833013314493, 100.42818474881142, 90.03256478186249], [21.85214777186904, 22.67132027231517, 29.01198407344713, 40.34830702916356, 36.86730904036742, 32.2916071851146, 31.110789494668005, 52.434180580546936, 55.97758409263056, 62.28842662298854, 70.58236886399058, 80.61544044847149, 73.99285439606172, 66.42606681834106, 58.844410106170436, 10.800275904934512, 0.0, 8.419175390257049, 18.567530551178713, 28.87708900167269, 27.39734426834114, 17.626281275146468, 10.879946863161276, 7.599182149446675, 14.00340979403106, 50.11784091699562, 58.01835747867904, 64.0698115784931, 73.73787753303544, 82.32586216567076, 81.0498118283032, 73.81449497909102, 66.42182989597327, 59.5126985749767, 53.60752008831319, 25.738087418522497, 35.940937041552786, 47.64874219925548, 58.418308956022955, 67.73874654764712, 72.20937791367103, 75.74153570750634, 77.98809928265442, 73.15100427360478, 55.14455032941226, 46.51154334580633, 38.326278107978055, 87.45151480288746, 79.77472497826314, 79.67175370899504, 83.80189946291212, 84.54627854002287, 89.77775085289115, 102.71860883355407, 106.2519393112984, 105.74950688003537, 103.15828498771162, 101.26466699885862, 97.30822256405001, 88.77638734363575, 82.70680187608279, 86.55456347628167, 92.50146467213827, 102.62039371384631, 100.50927102955399, 95.11995427311672, 94.11151888941286, 51.950981726298984, 66.31175687602774, 81.18805146339076, 92.6411894839413, 108.12651145424984, 120.2996567580556, 124.10157091269735, 131.14469478753776, 135.14453586323737, 140.29656579452006, 134.8629622383624, 124.89649628889555, 118.23077311238757, 108.1401814908484, 97.41690928688351], [22.469185082211883, 20.716222789850494, 24.733245525762243, 35.370974398247405, 33.5753495227453, 31.138961978832704, 31.66321165895761, 58.607497421347944, 62.530203790109766, 69.2827429237866, 77.5603815463674, 87.13839231110033, 80.64328033534115, 72.984862056552, 65.11031904264887, 18.797856072445146, 8.419175390257049, 0.0, 10.286061928044816, 20.807765317231834, 19.61629404267782, 10.254263975269463, 6.338243165751453, 10.53230143832529, 20.281433207199214, 58.019238166131736, 65.7953448343069, 71.6746679259316, 80.9528356406378, 89.10698761778373, 87.97677403605606, 81.12117678620763, 73.96343879433931, 67.12476860332185, 61.25332078119053, 31.677349461213794, 40.56786547241667, 52.043889912552736, 60.63087373767554, 70.41079775341952, 75.76111128606559, 80.02880837162495, 82.54534196089169, 78.30709560503286, 61.22682899198315, 52.97993564248089, 45.48683536727656, 87.41265148250308, 80.93677866370419, 82.40813898464084, 87.09779755556622, 88.44226135043061, 93.94945128394126, 106.82359577187155, 109.69418801112592, 108.73167151850355, 105.62070764540687, 103.11813924523095, 98.28662658819117, 88.96316735885486, 84.63826439571774, 89.6050639675572, 96.23740608515092, 106.55059594975364, 103.78909842485014, 97.556721608917, 95.60086157230253, 44.43662604027612, 59.9544407539861, 76.00669721565467, 88.62271732316744, 104.72872922547356, 118.24331043804567, 123.33964089846751, 133.0275458865602, 138.21314796325316, 143.66383110826172, 138.7336192943955, 129.10480519852098, 123.02832549567407, 113.32782472280817, 103.3404424529618], [26.16852181875977, 22.165428614136793, 22.38137918027674, 30.737976663719525, 31.83233899196033, 32.27027301052128, 34.41842722839116, 65.63617451932339, 69.82709743031722, 76.99593695680939, 85.16737884036799, 94.11642093208054, 87.93013612425659, 80.27879991064437, 72.14834690484916, 28.568579177048584, 18.567530551178713, 10.286061928044816, 0.0, 10.796993832029775, 10.816918333993009, 6.729832109773617, 11.562016436821478, 18.839215518271615, 28.942734412155776, 66.92402279022669, 74.45301547790217, 80.04093193229185, 88.70493292587595, 96.21181721529015, 95.30480036024323, 89.01739698660808, 82.24288168482927, 75.56933063180252, 69.80804363994883, 39.51060394247607, 47.1758420855508, 58.58330427142042, 64.52718822690555, 74.65751608602089, 80.99902867262433, 85.88303547412268, 88.37463738815052, 84.61671192027379, 69.04966909296476, 61.03961287248839, 53.97458834353931, 88.110660874996, 83.30206413369056, 86.62013512946005, 91.81538722537277, 93.71636348284963, 99.30614598550534, 111.70697528067986, 113.99715849543875, 112.65879446051719, 109.06086299659225, 105.94510918892036, 100.12815801674952, 89.85342362652347, 87.81702554801777, 93.96099072848473, 101.05498368858383, 111.24669951207264, 107.89000195413229, 100.94472547726205, 97.96700107576385, 34.64544374532436, 51.6691805279528, 69.44466829779226, 83.67775589294378, 100.62295423950002, 115.86339254873134, 122.58993504839447, 135.5513112216847, 141.48965407579243, 146.9266166355182, 142.37371386549418, 133.03076067145722, 127.57482169280367, 118.23627814045524, 109.20164226032095], [30.556736732269975, 25.19607686162417, 21.52705636028052, 25.80633338483344, 30.196054818174062, 33.5400836565865, 37.038111981488484, 71.63974224198014, 76.20683118188775, 83.86094354698328, 91.88683817472379, 100.00969928269014, 94.07752208901663, 86.43240030001606, 78.08544722564389, 38.168399970552116, 28.87708900167269, 20.807765317231834, 10.796993832029775, 0.0, 4.915346366961437, 13.018373702202627, 20.176898671869747, 27.640247443501675, 37.383014407090435, 75.50757309885756, 82.83977716738744, 88.15176800633796, 96.16768793836967, 102.90185926373617, 102.09214216409198, 96.45095151180222, 90.07880706118029, 83.52045475369431, 77.84852821730455, 46.742947320150684, 52.869633138275525, 63.97887695377893, 66.98802493455864, 77.27296352590174, 84.59392294117826, 90.03495004910584, 92.41954196312619, 89.25017942245464, 75.59852414471494, 67.98113545229036, 61.664746516954, 86.74586536782836, 83.79804520741355, 89.02708400772781, 94.66994880555067, 97.12431556942303, 102.71441964326306, 114.47113469662607, 116.10061891672852, 114.3837217818526, 110.31389523402444, 106.59787339560779, 99.8092241738489, 88.64249067792579, 89.08331621687722, 96.38260913204992, 103.84772379783776, 113.80491311626483, 109.82104679222523, 102.20247357631884, 98.19059885330726, 25.493996802535957, 41.90758049472059, 60.92316742374898, 76.54138575544849, 94.16316828442551, 110.99443840890018, 119.31420460371797, 135.61046935080307, 142.30553959034035, 147.82055988010285, 143.88361845043204, 135.08921254683983, 130.56716297331036, 122.14304802293663, 114.8075544739001], [26.7673949789041, 20.898324166955256, 16.831438892968688, 21.888695317184485, 25.541946663145076, 28.938765534549503, 32.80835681815504, 68.84564825977273, 73.73257232834686, 81.59352842587451, 89.6941022496402, 97.72897486355053, 91.5195011575845, 83.72762120011764, 75.32051317587326, 36.07900799615741, 27.39734426834114, 19.61629404267782, 10.816918333993009, 4.915346366961437, 0.0, 10.237477877687162, 17.599143397647236, 25.067020440161375, 34.65544804331189, 73.75654334553016, 81.28299145058581, 86.730453867418, 94.91589977508426, 101.6935490787692, 100.64167322627293, 94.92236793238764, 88.42645688583421, 81.68904684330586, 75.89611353971165, 43.554301456015786, 48.938652820552406, 59.61524232532322, 62.29934326013735, 72.58341620412355, 79.93736111077314, 85.5322343576025, 88.14095812096056, 85.28439438005286, 71.70126030554422, 64.44849903628032, 58.84419896983968, 82.23946345265688, 79.07351647018751, 84.29553549522679, 90.00958609799008, 92.58018323942152, 98.31394537409227, 110.32673932940128, 111.71236680665578, 109.85401972773508, 105.70745907840013, 101.94641964432236, 95.19704259779141, 84.15901242162228, 84.36929004326987, 91.73314142426699, 99.41971013566676, 109.63317241624245, 105.47650807817126, 97.65718250087347, 93.6141855854158, 29.319043109618235, 42.06225794994247, 59.35579563709484, 73.98595840220898, 91.17646425087234, 107.3950118321286, 115.29751992978036, 131.09295421259932, 138.40129610506227, 144.44815100127065, 140.99390747288152, 132.5989888945939, 128.46948895600843, 120.80229137999588, 114.22610654473128], [20.762267004114705, 16.00365348836615, 16.51844108731829, 26.077244901169795, 25.81390559498012, 25.941537898584464, 28.51364594166474, 62.06619746460733, 66.77703225925391, 74.31106099597304, 82.5825200945219, 91.31695480028708, 84.7469328803362, 76.87372411351505, 68.62533894003721, 26.35405040142547, 17.626281275146468, 10.254263975269463, 6.729832109773617, 13.018373702202627, 10.237477877687162, 0.0, 7.577746545908096, 15.408584037905952, 25.452740925024447, 65.22363210519885, 73.02683948817467, 78.78378304177406, 87.61548001337786, 95.0852150448145, 93.83052418436391, 87.50789217230326, 80.59857721848195, 73.66714129062856, 67.72945687403549, 35.29547627881178, 41.793298909144255, 52.64290674737695, 58.05548708894479, 68.20181518553477, 74.64176904119888, 79.76849340178947, 82.55844359767734, 79.26843635180316, 63.90194751051192, 56.42203636114115, 50.4802139931939, 81.77695247523778, 76.74144921720534, 80.11381807961372, 85.42507810818881, 87.51061747926043, 93.29604701703148, 106.00543969302248, 107.9261695266752, 106.38025964558021, 102.65933584548571, 99.46133114603107, 93.66440124322312, 83.54447806060487, 81.28686295758392, 87.56262388243903, 94.97012460132775, 105.49401115168193, 101.86579688181348, 94.62304268114542, 91.56567290843249, 38.23792434876039, 51.074490364663106, 66.73861587804983, 79.70215111710867, 96.0470826926532, 110.50750212225742, 116.73884775610563, 129.1903000847382, 135.97301205797172, 142.1323961709163, 138.293759294318, 129.5574734284893, 124.74272298695811, 116.58161179664692, 108.8549508829672], [16.94053278334333, 14.485355830697639, 18.899726954857442, 30.01268342682917, 27.441393732900345, 24.848550422852473, 25.769100332207994, 55.98391923585866, 60.51608868854372, 67.80463823219903, 76.14572402714323, 85.27475993865656, 78.52499214837164, 70.64922634989799, 62.55071548014455, 18.840014471235733, 10.879946863161276, 6.338243165751453, 11.562016436821478, 20.176898671869747, 17.599143397647236, 7.577746545908096, 0.0, 7.941370755872437, 18.164705021868535, 58.10119138421934, 66.04753288095377, 71.96625522181365, 81.14110987656521, 88.98020610441814, 87.57810387243714, 80.92654431226863, 73.79914854635636, 66.76495773324352, 60.758503163987136, 28.613891787362178, 36.15554165060103, 47.41493230152496, 54.868362500784734, 64.77941937521982, 70.51273149519052, 75.09635900891622, 77.74885459210216, 73.97955867040237, 57.64315366709377, 49.84680127163998, 43.50270964206589, 81.11891533374073, 74.83841764974265, 76.780862479337, 81.6637263564149, 83.26428027533227, 88.8979796145227, 101.82061548615003, 104.29330339209962, 103.11779019024401, 99.82341514738891, 97.1460194167658, 92.12343439241931, 82.69645696142906, 78.72102392802074, 84.05243708343974, 90.97061361601155, 101.45627558369647, 98.35015337897819, 91.76901957196159, 89.54836436656838, 44.77055436815368, 56.86656879188996, 71.37211978374852, 83.16182156528775, 98.91503530543423, 112.07562814127944, 117.06088388892474, 127.0437370016623, 132.9051416767617, 138.8950457269199, 134.65244016784118, 125.62913157906517, 120.32024881681552, 111.85967185327277, 103.54390468262069], [14.406615602210813, 15.518649320486562, 22.75592300350594, 34.27861670386415, 29.925103736249405, 24.78121446211549, 23.569435636352264, 48.91573744106266, 53.27677125755737, 60.36300262860563, 68.74858224866108, 78.16259071535995, 71.2640189674403, 63.403356142681815, 55.45950940268896, 11.349359697098421, 7.599182149446675, 10.53230143832529, 18.839215518271615, 27.640247443501675, 25.067020440161375, 15.408584037905952, 7.941370755872437, 0.0, 10.302308247775837, 50.41738511436337, 58.48650373929073, 64.52676752979136, 73.94585519549302, 82.03146616218162, 80.45076959443776, 73.56381426027521, 66.27644171366364, 59.14072655109087, 53.07220844968773, 21.298887722506706, 30.121857477937017, 42.02658300289569, 51.45465060870036, 60.99183169395559, 65.99837741627248, 69.88241595116948, 72.17740561819957, 67.81836795155003, 50.84453273432389, 42.60439899608544, 35.75641232711494, 79.92686904644945, 72.5243154116132, 73.00872152673894, 77.36091510333861, 78.38515620342564, 83.71766051301536, 96.62243702785987, 99.74631219530325, 99.03703933038602, 96.24793607998893, 94.16411351536246, 89.9663882026912, 81.25755654049256, 75.66275085408333, 79.94894528035252, 86.16288455981784, 96.41138897202445, 93.91410888274696, 88.1636410063519, 86.85428471115746, 51.425110806361324, 62.140968242219934, 75.32555633818441, 85.87034192481234, 100.98494541320288, 112.79253920303343, 116.50351039325376, 124.01352970920767, 128.60751175678095, 134.28510026378868, 129.59932872807647, 120.30633558251087, 114.56078826346588, 105.94525795689947, 97.36416673967967], [15.434463623744819, 20.290267619801423, 28.98855068968715, 40.10111461189494, 34.065809967660925, 26.510770568354854, 22.666001397148772, 39.46160316387621, 43.733889103065295, 50.66779574984404, 59.10862131644387, 68.74479145929352, 61.571322658656825, 53.688961443983374, 45.943673008722875, 6.760585874962908, 14.00340979403106, 20.281433207199214, 28.942734412155776, 37.383014407090435, 34.65544804331189, 25.452740925024447, 18.164705021868535, 10.302308247775837, 0.0, 41.07943728489012, 49.33406500655251, 55.5197325159172, 65.18225665783964, 73.44929238285539, 71.52251539311035, 64.41288446599232, 56.947371977611134, 49.623569550603484, 43.44292888851767, 11.74471802533262, 22.466417754290735, 35.11898105935323, 46.89358860292772, 55.69995859876287, 59.70738873781028, 62.57625175920212, 64.28717036351998, 59.1768135388779, 41.697551839888284, 32.85709311479952, 25.507811455602084, 77.66077544550816, 68.95491416490493, 67.55972734615706, 71.14707399948793, 71.38979067755814, 76.2432049051743, 88.99561661440438, 92.93403354501244, 92.8419934019856, 90.73240256191916, 89.44008508706796, 86.33989301217578, 78.64202116485342, 71.06898716155003, 73.9397096747717, 79.12976257895893, 88.9756925636406, 87.2687932887764, 82.65749797231766, 82.54644457271743, 60.29375997965943, 68.65629088526956, 79.81467533708816, 88.56461768590692, 102.67485063571537, 112.62271481161507, 114.66224277263407, 118.9982768641436, 121.95379898205823, 127.29548313418093, 122.19590863546534, 112.72972466244669, 106.6321449100101, 98.2232126294719, 89.88882313551618], [52.49493941769588, 59.35585978826651, 68.032579653029, 77.57096123677645, 71.21340728451192, 62.19874635399232, 55.491573707286705, 26.36702892801307, 22.32444380131084, 20.473373808207846, 26.512542415299556, 38.68498303544741, 33.53167804884207, 29.541878435137836, 27.840272250818778, 40.26808942706983, 50.11784091699562, 58.019238166131736, 66.92402279022669, 75.50757309885756, 73.75654334553016, 65.22363210519885, 58.10119138421934, 50.41738511436337, 41.07943728489012, 0.0, 8.671321594943183, 15.494911317308821, 26.824004740164618, 37.22707572120789, 34.89225324438512, 25.83074554490919, 17.45315247313794, 10.793481521345836, 6.677487780716187, 35.49411837275818, 41.9956666172177, 50.05637867262647, 65.43219441814954, 69.4824310272173, 68.69337962181314, 65.72992626407962, 62.845888405018584, 53.15656762373908, 40.36012593943406, 31.725290602749425, 21.9937076