{
	"dissimilarities": [[0.0, 7.593848448402826, 15.025270757594924, 25.642570343165563, 17.99895028422038, 11.353365079186524, 7.566328967181114, 43.33047331767994, 49.19175125486191, 57.651982422539874, 65.70861899191524, 73.2465554661383, 66.24817884001824, 58.370292575136766, 49.89790382265037, 23.074287215274992, 22.514456574344536, 23.766874547364974, 27.680801184834678, 31.44271844320419, 26.938495751825503, 22.25132715015026, 18.114878882263383, 14.881611710615353, 18.454368414202662, 53.41213580778968, 60.13908325154858, 66.79503120742572, 74.89160163761949, 81.37169499670705, 79.32935243374232, 73.43218572476808, 67.05105169431422, 59.701225941116, 53.73692834458711, 19.146781384474675, 24.8072715912662, 35.21443547700059, 39.125701423832645, 47.96046360982034, 53.84591161633954, 59.08706936712223, 60.41380469590106, 56.96606405343773, 43.90065479721227, 36.82100683813262, 34.291544167903325, 67.73176016892154, 59.47759920450383, 62.237044360476794, 65.90924092070316, 67.2851476796139, 71.66339419553847, 82.2891023839316, 87.31242220600767, 86.41968391494964, 83.36584129302848, 80.97686805739457, 77.19653619170168, 67.8174736502223, 63.85564956755376, 68.68033318733588, 74.59371067473892, 81.75570098924197, 81.20450328136779, 75.0488084864479, 73.07573109486968, 50.665712176434226, 46.878676060178094, 50.95523348405529, 65.66866297166354, 82.15612313584646, 95.07076082911559, 100.00664155270532, 110.80606175634242, 115.76646865772588, 122.33353737502874, 114.29878111405463, 104.8651989123122, 103.63495049165206, 97.51486990003637, 96.47397091471879], [7.593848448402826, 0.0, 8.372280373594462, 20.865451881936988, 14.427085595568668, 11.623607400775114, 12.698333235749248, 50.82176395607773, 56.50804685851525, 64.83368480589958, 73.00054280322215, 80.6906622127338, 73.72471660804489, 65.84182563936633, 57.392273633360674, 24.98596629763414, 21.220602209725012, 19.946668182912678, 22.079429205878913, 25.01055619464383, 20.018359161302723, 16.080330265702443, 13.691339716123256, 13.985325176723851, 21.319356637355195, 59.37121261093684, 66.22935442169232, 73.01262878468133, 81.39077966776821, 88.1418710562045, 86.25841523548814, 80.20093248075456, 73.62883892022572, 66.30231297500403, 60.2748639043386, 25.007354603510862, 30.667808432551507, 39.94558362665911, 42.9660669350421, 52.06150130726083, 58.35272652753236, 64.25682904230977, 66.3835952635763, 63.54911520232992, 50.28013394843559, 43.65372824174837, 40.92198116115051, 70.21123351598646, 62.69541416528371, 66.51285628435227, 70.7313959762872, 72.67796203195971, 77.57191522031337, 88.76133452498313, 92.90652750963933, 91.46886010998107, 87.90633759813035, 84.94192431440557, 80.46779257140662, 70.61955790494405, 67.74082782542152, 73.45824011229386, 80.36044077157682, 88.12303049544367, 86.81901361385825, 79.76117946051544, 76.97330474084939, 45.27779898750217, 42.360581273493075, 48.262282762631955, 64.7099076566204, 82.16966980683735, 96.26676073547993, 102.24881796922324, 115.11204396642567, 121.66007745669872, 128.73699176924728, 121.22433251467834, 112.04348288815848, 110.93008657898325, 104.57922845843605, 102.93156602245793], [15.025270757594924, 8.372280373594462, 0.0, 13.301651203686966, 9.546609911196224, 12.979549593654362, 17.443683440411576, 58.165652777290745, 64.1578145421523, 72.63217720875807, 80.63053981598392, 87.92595462334332, 81.0771243784724, 73.20166193549748, 64.70582458975817, 32.654622855435804, 27.269142230585636, 23.676392284512396, 22.388546583348013, 22.12893561153328, 16.571244604629726, 16.629009334917125, 17.75288533462178, 20.95843689710082, 29.376415656300583, 67.68708105335656, 74.47855398694416, 81.13065768241138, 89.26191051778865, 95.68588964973078, 93.86159769811617, 88.11085836685054, 81.72853062897387, 74.45961376577468, 68.47846896789014, 33.157914036660436, 37.47558250625026, 45.23956743279427, 45.301885322426145, 54.29128848421005, 61.45721371005365, 68.31008710674544, 70.89337552865285, 69.03886376051243, 56.909682216287365, 51.00374682228454, 49.05317125305945, 69.14472132795333, 63.31331270808826, 68.7967323045273, 73.64546493570191, 76.28555250004581, 81.53389846055215, 92.76994007217188, 95.81686477432073, 93.79934759635373, 89.64085147479729, 85.96579809771663, 80.50943668342914, 69.88587753764851, 69.07032765320591, 75.94842308927936, 83.72326731748313, 91.94777673830268, 89.68004428409327, 81.66125955417893, 77.7524861121387, 40.6617468593791, 35.69426574339208, 41.64341183470185, 59.26418911434572, 77.57194708817318, 92.95599681167614, 100.22520109361925, 116.08954958961306, 124.07560498726134, 131.7264428468139, 125.24185061066352, 116.8093325428022, 116.4112205562346, 110.74132604017012, 109.88522652735472], [25.642570343165563, 20.865451881936988, 13.301651203686966, 0.0, 11.291715022946557, 19.749454926523665, 25.078116777103535, 66.17374627182842, 72.70928616623708, 81.45654545615321, 88.8907848637714, 95.0914258458467, 88.71626282118964, 81.05841455446959, 72.56670873490191, 45.619979284706965, 40.07486321764127, 35.53108536858103, 31.515185617422897, 27.196786939685524, 22.718779003443235, 27.279209770617072, 30.21402047353212, 33.98612517879845, 42.16695550384088, 78.66927064805034, 85.10146728653602, 91.22956325324459, 98.43108899259684, 103.79025519856316, 102.02565034598679, 97.20997320573, 91.52136260226428, 84.47492065498484, 78.72686640069129, 44.55615582866479, 47.1456123770446, 53.3922131172602, 48.51552158539675, 56.670951920909225, 65.17010504300623, 73.09868178338864, 75.46855469836767, 74.85887187605961, 65.43127805711202, 60.286358032573794, 59.57807668380114, 65.25982076246441, 62.90712118144738, 70.81616715030796, 76.2616943466367, 79.61282372973103, 84.79341622549563, 94.96965146568134, 96.85487178520053, 94.35640627515568, 89.59149734254939, 85.0944935827151, 78.2528355710621, 66.3382511171201, 69.31314889269986, 77.5631329897074, 85.72013828419375, 93.88849476037787, 90.59528359403987, 81.79714557350015, 76.38746669641421, 37.783275981191856, 25.519236819994696, 28.584857248148104, 47.53485299020727, 67.19843954804493, 84.54452091957542, 93.7520725016509, 114.27683879579796, 122.86823450818818, 130.7647795212875, 125.85578484802248, 118.61198300358853, 119.4950018651138, 115.34986596496934, 116.7258828355058], [17.99895028422038, 14.427085595568668, 9.546609911196224, 11.291715022946557, 0.0, 9.269130656050383, 16.120757442814803, 58.075414393654306, 64.87124392296157, 73.7001081911772, 81.32571221963954, 87.9288841707237, 80.7925743641618, 72.77617203638846, 64.34288050114692, 38.84163078603382, 35.193717403992274, 32.68484983183704, 31.902301093431394, 30.89713122559659, 25.36170514247277, 26.020012645107823, 26.487308917724146, 28.121244959969626, 34.69240617313596, 71.06586542788028, 77.79906388954264, 84.38616358958716, 92.06416204087716, 97.8316761408021, 95.65469236283536, 90.31306352360113, 84.26475951858582, 76.8657823756767, 70.9536804532898, 35.52642521550026, 36.58912385691423, 42.210733332279, 38.52083826369812, 47.15135783805052, 55.08675500903884, 62.73941159401393, 65.55763983823292, 64.90731941141526, 54.880080029783336, 50.37665974580123, 50.73316882843972, 59.88940321212314, 54.92079308746324, 61.5309530833014, 66.79552889506975, 69.98498495432807, 75.47346807042416, 86.82003650521291, 88.70563162810349, 86.22706301912491, 81.67722501509107, 77.59108972763845, 71.64611570865503, 60.7416583900078, 61.02225784954134, 68.65624264815625, 77.07466590562548, 85.81411574358017, 82.58248293439947, 73.84436543117903, 69.25736006607876, 46.72702164772313, 36.64992340795699, 36.47068345617335, 51.62187303678242, 68.83775447170316, 83.63038870958299, 90.81436097222193, 107.57771475189166, 116.91484975960962, 125.6139779717855, 120.38637739150371, 113.40135023895431, 114.36260442595707, 110.75057639356339, 112.27180834485124], [11.353365079186524, 11.623607400775114, 12.979549593654362, 19.749454926523665, 9.269130656050383, 0.0, 7.649654337017325, 49.2424713533434, 56.07970451466385, 64.90686850923211, 72.59915599670616, 79.4274251715177, 71.99568769636544, 63.86463045223563, 55.464441810853174, 32.849409908357785, 31.5309710408443, 31.28203998965031, 33.22617928267144, 34.677808099801645, 29.236383544210128, 26.987940273349242, 24.943267414547837, 23.847660120673474, 28.067961168970022, 62.63221444061822, 69.3980645254013, 76.09931817830314, 83.88434142698216, 89.79277378213696, 87.41339130188321, 81.85831360488048, 75.71597356747435, 68.20308071446863, 62.27314084582661, 26.96140274807225, 27.49656208060192, 34.063015856367535, 32.7460284737096, 41.67623090374384, 48.84228274636408, 55.667963161428304, 58.0579110331158, 56.61767327921781, 45.86044903439726, 41.11009275270025, 41.76295446453424, 58.59359157292978, 51.44970547188331, 56.208118430962664, 60.84918551842813, 63.36667941772045, 68.56844102603804, 80.05614468162754, 82.95005233346313, 81.0397339908191, 77.1039431162666, 73.7957241430411, 68.98747593043993, 59.024665463032626, 56.75409985017644, 63.162859263435486, 70.77843682653219, 79.21338948135475, 76.85374802255852, 69.04363716097014, 65.70678266071803, 52.50960850982345, 44.11382005432169, 43.591447361528864, 56.72584777171603, 72.46579117980457, 85.36715960551324, 90.83082989000307, 103.96582468528348, 111.98573144909015, 120.35275866469607, 114.23802686363284, 106.79377106561857, 107.34670159338782, 103.61404687293125, 105.0104884523808], [7.566328967181114, 12.698333235749248, 17.443683440411576, 25.078116777103535, 16.120757442814803, 7.649654337017325, 0.0, 42.030479188394054, 48.756043076068885, 57.58742368714314, 65.23809302447596, 72.06189279541289, 64.84096785540426, 56.8340285802056, 48.36826313288152, 29.302705368171505, 29.81615353594246, 31.099341687752894, 34.392398335012416, 37.01951529887592, 32.14354213195946, 28.671992338038773, 25.19605201848456, 22.11215413023616, 24.201575340180423, 55.84900575144859, 62.403363178647375, 68.87940840501699, 76.41328039007134, 82.18038569495685, 79.82927679671451, 74.40697008091341, 68.43591691980531, 61.032359372560336, 55.20295196862061, 21.407797585686065, 23.079931705079098, 31.842692523020446, 32.716932121632674, 41.36523427839641, 47.88153737848402, 53.66866064484243, 54.909852660651026, 52.28762948762923, 41.14957563130999, 35.259373943210356, 35.20790611044607, 60.301617003249014, 52.40960578570554, 55.71846279784424, 59.58365232557785, 61.238872142196506, 65.67769271668878, 76.24928589053197, 80.65304707282606, 79.56726497558495, 76.3450955266304, 73.8045643477757, 69.84430796379917, 60.34078312460043, 56.84139126973006, 62.01371106049146, 68.1549269107736, 75.58527091389197, 74.48289173561213, 68.00556619524997, 65.75149076474908, 54.69565371837476, 47.49754167928082, 47.77939904262117, 60.357626593931705, 75.77531820084324, 87.93857887816547, 92.53758763843662, 103.53354587375081, 109.0194468500684, 116.24720010634012, 109.06730946881274, 100.70360161833408, 100.58471692489661, 96.23440175818538, 97.38831743116731], [43.33047331767994, 50.82176395607773, 58.165652777290745, 66.17374627182842, 58.075414393654306, 49.2424713533434, 42.030479188394054, 0.0, 8.230259084909903, 17.046451286129937, 23.70190504964641, 30.830792367405387, 22.950349659745623, 15.15682870625993, 6.700464862349404, 43.18957655600983, 52.02735721196604, 58.63807725918145, 65.92529954013908, 71.80078550815773, 68.62627381543479, 62.30886424056511, 55.99890561489341, 48.553063604871, 40.30396232420416, 27.454953532685973, 30.663918579195027, 34.90581455663492, 39.89619792244226, 44.309805194012824, 40.74366939294875, 35.84215586839843, 31.547893463795187, 25.144277875005855, 21.60755456773711, 30.312266342495892, 29.803945161925427, 37.343224092451486, 47.05904751449278, 50.211317492191085, 50.0546314809908, 47.73927259853847, 42.39825183206244, 32.83570008148328, 25.13868514347825, 17.55686932789744, 17.429824508986602, 75.2524108139913, 63.728272565654585, 58.06978498970691, 56.618427767318146, 52.917751695564796, 52.13419338106121, 56.801459573151995, 69.0387525998587, 72.5405029821287, 73.83078976094882, 75.99927364396089, 77.75222697930609, 73.53628544192436, 62.706454625099305, 59.66656961416976, 56.64050934705896, 57.50174449370856, 63.92677892932374, 65.94281200210631, 70.42680255257378, 88.25923111170133, 84.2392614918661, 83.6762955878324, 90.58660421484633, 100.82817086382339, 106.3031240710203, 104.69866788082064, 100.18635568001433, 93.62858839283524, 95.67220210173838, 82.74758101700097, 70.45495500687716, 66.70680534221644, 60.91232783168062, 62.489703417222145], [49.19175125486191, 56.50804685851525, 64.1578145421523, 72.70928616623708, 64.87124392296157, 56.07970451466385, 48.756043076068885, 8.230259084909903, 0.0, 9.062215326100512, 16.653719453574027, 25.38717989704611, 18.15592806009084, 11.911440409176173, 7.32639361094891, 45.85794595676996, 55.106316638946836, 62.11638144715842, 69.74330501780986, 76.11253594972274, 73.36755307142184, 66.68722558964382, 60.20967445140205, 52.64473462516099, 43.83130653585985, 21.826196088007503, 23.57361816786439, 27.037533069448624, 31.83484575729831, 36.796410765218724, 33.20547996215578, 27.702640420199554, 23.384662201602165, 17.399254913838607, 14.954919729557462, 34.998715845903874, 36.06962016430245, 43.79172521141375, 54.89394253684897, 57.911713466404514, 57.08945194233874, 53.90084192652142, 48.281985912541145, 38.12003289749518, 30.341801717805783, 22.982110725747972, 19.99616098135135, 83.23040743138279, 71.49909591159691, 65.14078867850836, 63.19842422563694, 58.96726950954662, 57.574799664734066, 61.14139470168879, 74.39616584710693, 78.46917479254147, 80.30900744021923, 82.95926019743287, 85.23420924537778, 81.4460088497257, 70.15068886504721, 66.38246504200171, 62.38073695782354, 62.10335541605479, 69.62988875385, 72.68013028985715, 77.76392010916865, 92.42651297332097, 90.01094685036878, 90.78869347924481, 98.28915310339465, 108.77214511320255, 114.17145450147898, 112.26763502248137, 106.20347775927249, 97.72594081027114, 98.34023931022912, 84.0185597506231, 70.27344259651879, 64.68886697276453, 56.64349322545856, 55.82550592645762], [57.651982422539874, 64.83368480589958, 72.63217720875807, 81.45654545615321, 73.7001081911772, 64.90686850923211, 57.58742368714314, 17.046451286129937, 9.062215326100512, 0.0, 8.92998087586334, 19.54305503395518, 13.561153631914983, 11.493862802496123, 13.46651414254758, 52.157073501316205, 61.67030053017911, 68.9622518578012, 76.8418246142735, 83.55736840288485, 81.09570216737416, 74.16239547398254, 67.58353822109929, 59.96687424155454, 50.780748981946346, 20.390231485484048, 19.234913099494495, 20.683068068233663, 24.22702106892841, 29.324838144576532, 25.36388488656511, 19.289601385896727, 15.722781348448308, 11.661511733613356, 12.77033898520458, 42.70065641828875, 44.08427118751146, 51.147492291277, 63.02269183066662, 65.5231351403265, 63.8408352699134, 59.59047724848426, 53.5132956872365, 42.97217658817361, 36.381609380669914, 30.234727987963957, 26.79500632852392, 90.97593350148654, 78.98758901767685, 71.67645730853228, 69.0646213258532, 64.191787327115, 62.00840895874311, 64.23823575665503, 78.47872695163092, 83.22127163846521, 85.76209280938143, 89.05744459034797, 92.09127357739699, 89.05975386013648, 77.0821405230129, 72.31227767421831, 67.06613184630102, 65.48565102666547, 74.18878186508447, 78.52724473701038, 84.42587913148803, 99.71147355900946, 98.28346425475281, 99.6110222565503, 107.01552867252506, 117.16433281528539, 121.92363368107499, 119.31832671183001, 110.90438630858925, 100.33707460583216, 99.58543204146288, 83.95363908341575, 69.12149768924414, 61.88154388143791, 52.23079336884395, 49.53854086828299], [65.70861899191524, 73.00054280322215, 80.63053981598392, 88.8907848637714, 81.32571221963954, 72.59915599670616, 65.23809302447596, 23.70190504964641, 16.653719453574027, 8.92998087586334, 0.0, 11.17268363822927, 8.376620207808516, 12.787394993410855, 18.61477305574841, 61.01637680961042, 70.4224055270911, 77.59630188333132, 85.26653181968702, 91.7472626145463, 89.33906302452235, 82.64689304185791, 76.16844222520113, 68.62991785000803, 59.59950522337793, 27.60075446921105, 24.393629830640126, 22.798896111614482, 21.95607870604986, 23.934406544183332, 19.253238398177306, 15.930911638430299, 16.755159063831442, 16.91019966829324, 20.386317469280733, 51.33574353555208, 52.00096263323354, 58.13723924205184, 68.88118152490199, 70.46545911775316, 68.34440106208991, 63.3448040768032, 56.216769045651475, 45.73102296168946, 42.43417580129976, 37.66902709088932, 35.53715720407351, 94.7015186624734, 83.21186737681795, 75.34157034140867, 72.04742642925646, 66.56626119223564, 63.20792659094296, 62.98543813678973, 78.37482889093918, 83.95899842221267, 87.26994432017065, 91.23283653650383, 94.93120370150145, 92.57503023712988, 80.61730715712203, 74.90298339118232, 67.91119591241993, 64.47053653849207, 74.47192286395833, 80.40219350149627, 87.03875492136324, 107.04692532552886, 105.06302310401122, 105.64061507205753, 111.90812398656277, 121.12038641615625, 124.86020251102299, 121.44213963549305, 111.03094244860809, 97.4656463586581, 95.07442549998044, 78.37679115693417, 62.76251527834399, 54.55397599746579, 44.97218483440688, 43.960400423650256], [73.2465554661383, 80.6906622127338, 87.92595462334332, 95.0914258458467, 87.9288841707237, 79.4274251715177, 72.06189279541289, 30.830792367405387, 25.38717989704611, 19.54305503395518, 11.17268363822927, 0.0, 10.458225074869542, 18.54423081695224, 25.258516681313278, 70.79502990450655, 79.85740025571795, 86.6637885385842, 93.81943788229975, 99.70397099349599, 97.26683218280279, 91.13813858857095, 84.91096646777567, 77.57082855329801, 69.02741593219383, 38.5654077695017, 34.78753118429538, 31.53057801489668, 26.69458702798491, 23.30207668134044, 18.666976550578323, 21.226206509787517, 25.76706903040268, 27.694227233394486, 31.424247708971887, 60.306052537020705, 60.07949327122542, 65.38779191741327, 73.83375150727733, 74.37369324952195, 72.25677996046134, 66.93435170039388, 58.55105108968803, 48.65030666232111, 49.43359969220435, 45.80955814535122, 45.17788956314633, 96.1570268796045, 85.8925297748761, 77.97731055929025, 74.12379402267469, 68.20049271633779, 63.49326649380299, 59.83712612856983, 76.4040074066525, 82.9061411060422, 86.96258581358026, 91.51213537923506, 95.66697402127572, 93.80147780063491, 82.63843332307847, 76.21844927404187, 67.26271299613465, 61.49991001646845, 72.8118244364843, 80.45529264147623, 87.61147824970901, 113.6006612810799, 110.23828742949931, 109.43721071940838, 114.00778173423559, 121.9851212504057, 124.60981155143514, 120.46820379527118, 108.72727735316063, 91.28459430553339, 86.74832203162252, 69.01858048103999, 52.50647777702369, 43.614646720057486, 35.52133336364754, 40.03279152327653], [66.24817884001824, 73.72471660804489, 81.0771243784724, 88.71626282118964, 80.7925743641618, 71.99568769636544, 64.84096785540426, 22.950349659745623, 18.15592806009084, 13.561153631914983, 8.376620207808516, 10.458225074869542, 0.0, 8.671536850132219, 16.61517481886739, 63.77484992577051, 73.19852312984726, 80.24968239104531, 87.8134867368304, 93.95543258021537, 91.1131348974238, 84.6425064845478, 78.20559892247957, 70.62696138992806, 61.72764277872952, 33.50345553147352, 31.4930687579331, 30.89301677785499, 30.070119868807474, 30.494115519530155, 25.601071922272997, 23.855530634104664, 24.705277011486615, 23.70980005074785, 25.959839663086996, 52.316142447973405, 50.948110878236314, 55.498300218547605, 64.81862475543561, 65.44503539464273, 62.89781122480734, 57.43798660903021, 49.62195616538381, 39.36081323438566, 39.186574093409796, 36.20281014389074, 36.93113489659141, 88.93664061195011, 77.54778833882824, 69.18971620650998, 65.46050603174888, 59.66694989280678, 55.72624578927549, 54.7839584816247, 70.3675297041946, 76.20733061372411, 79.83906777550862, 84.14539898330825, 88.31668190677863, 86.66859934310078, 74.41085567386558, 68.06591083556643, 60.265105192352344, 56.326452017090894, 66.63829530226513, 73.21598072143009, 80.3216153740922, 109.42594204574448, 105.63350316007552, 104.22691594093313, 108.83417777876214, 116.66035464209423, 119.12035033197931, 114.86577939548252, 103.0719187443729, 89.45346417163314, 87.79870529428872, 71.70160019419478, 57.440821836377836, 51.0724167977181, 45.50427118439119, 49.25092371566123], [58.370292575136766, 65.84182563936633, 73.20166193549748, 81.05841455446959, 72.77617203638846, 63.86463045223563, 56.8340285802056, 15.15682870625993, 11.911440409176173, 11.493862802496123, 12.787394993410855, 18.54423081695224, 8.671536850132219, 0.0, 8.527835945459435, 56.45764788483641, 65.90127851448722, 72.94318306775304, 80.59589695994602, 86.75476310582826, 83.6607222910604, 77.10803663002714, 70.6288544122801, 62.99562783915637, 54.097872997800465, 30.101714268638606, 30.141342509674395, 31.864641427454778, 33.95032108597592, 36.48103445103457, 31.887468334240303, 28.155263707752503, 26.28575520660234, 22.531384626658834, 22.60024283448335, 44.22644866016827, 42.31325861427159, 46.95837161799284, 56.74319753513037, 57.88414143346194, 55.61612425873725, 50.72482168347525, 43.6164065059997, 33.144894080838995, 30.974137514524998, 27.590233003624647, 29.16692784617326, 82.49966758958844, 70.57478424994362, 62.561420149984016, 59.36569610876599, 54.06246389771011, 51.1730133670557, 52.79237267097035, 67.18551243993245, 72.20380860902456, 75.11671192393517, 78.84256194236255, 82.4906960688069, 80.38033493181462, 67.92155740431801, 62.30553225338966, 56.06786918273007, 54.073667763939426, 63.04404328601523, 68.12559168341042, 74.6464672881457, 103.03783233616596, 98.9373947017481, 97.35982650911146, 102.3811539358491, 110.60385386442103, 113.61740610945013, 109.88766867533664, 99.74153674111936, 89.34905900159279, 89.7320430964534, 75.07170528191642, 62.14192736499011, 57.33356935988635, 52.51309870780137, 55.68474436800353], [49.89790382265037, 57.392273633360674, 64.70582458975817, 72.56670873490191, 64.34288050114692, 55.464441810853174, 48.36826313288152, 6.700464862349404, 7.32639361094891, 13.46651414254758, 18.61477305574841, 25.258516681313278, 16.61517481886739, 8.527835945459435, 0.0, 49.125554311612625, 58.261382666035, 65.06397913613071, 72.50904533528913, 78.47876689935215, 75.30063800157654, 68.90047492490514, 62.51932944061663, 54.98485276415688, 46.433785695745065, 28.303972081110256, 30.195173348167966, 33.46071713269369, 37.28651099505913, 40.90079661679837, 36.858821354091425, 32.420315536447866, 29.045536701338058, 23.517105361118528, 21.41129361073744, 36.36983660434358, 34.8656831620753, 40.8125359149932, 50.470211326029236, 52.592562267794335, 51.418026212672494, 47.87000821977369, 41.59437594759162, 31.437738445880388, 26.43443414954307, 21.042506570262223, 22.299785153300313, 77.5138285087919, 65.75944720027735, 58.95019833110668, 56.66934372717034, 52.20110511874779, 50.45447638675428, 53.86046824784444, 67.09081466016086, 71.27393330171495, 73.29362261853161, 76.18059894612098, 78.81985195517603, 75.59412543313911, 63.93948725415796, 59.671847012280665, 55.159059374012266, 54.806936778139985, 62.36409097300566, 65.7650728888198, 71.2163667183279, 94.8567167685993, 90.61525295154529, 89.3701296961544, 95.2398862716915, 104.43752706098536, 108.69374538913291, 106.0650874914772, 98.97695013682467, 90.80326635352336, 92.2493717640274, 78.65182584972891, 66.19654877344551, 62.17932703978566, 57.044536944606584, 59.6026223181535], [23.074287215274992, 24.98596629763414, 32.654622855435804, 45.619979284706965, 38.84163078603382, 32.849409908357785, 29.302705368171505, 43.18957655600983, 45.85794595676996, 52.157073501316205, 61.01637680961042, 70.79502990450655, 63.77484992577051, 56.45764788483641, 49.125554311612625, 0.0, 10.506181761706245, 18.842879184925696, 28.539627443149456, 37.31282478541309, 34.982544081930655, 25.999246345555424, 19.02826873728272, 12.066241785113165, 5.461799980351716, 40.20844202592692, 47.47433338219384, 55.08339605808445, 65.32548484625323, 74.34891909597026, 72.67231679697315, 64.7535912609468, 56.860925615701596, 49.68018678475677, 43.59815441265033, 16.34965620114261, 28.289569413486447, 40.0518129595066, 53.060876327692995, 61.47193514481179, 64.25285426306444, 66.74586999310387, 68.2000262034107, 62.35922305697409, 44.610595871766186, 35.98319914284785, 27.798731798065717, 86.60948644132189, 75.19916572310407, 74.37086900185184, 76.72044350384307, 76.71830514700463, 80.71523541642154, 92.05410466126122, 98.91471240878211, 98.86234787854865, 96.87627181677453, 95.72101633191063, 93.83451417812722, 86.42935502819162, 78.40397110628014, 80.839502683585, 85.55316262271366, 92.03084822831029, 93.37813536274969, 88.8769889656135, 88.99817179243642, 59.53989143158759, 64.08388910553715, 72.86013108038513, 88.67784200069303, 104.91540146059545, 116.70292492891802, 120.09183875679516, 125.45985668157037, 129.09223770310103, 134.5306302659503, 123.88450550138035, 112.1376062388967, 107.98615308396015, 97.96521496720332, 90.84021166783825], [22.514456574344536, 21.220602209725012, 27.269142230585636, 40.07486321764127, 35.193717403992274, 31.5309710408443, 29.81615353594246, 52.02735721196604, 55.106316638946836, 61.67030053017911, 70.4224055270911, 79.85740025571795, 73.19852312984726, 65.90127851448722, 58.261382666035, 10.506181761706245, 0.0, 8.44833341085939, 18.3457611029102, 27.501447841401966, 25.68093600277534, 16.576335675658903, 10.422406120107103, 7.7740714077074164, 12.656571615672032, 49.88499472866518, 56.87346717298667, 64.10089995237728, 74.00579781953752, 82.75814567871856, 81.40668992681101, 73.8808989388948, 66.251388180437, 59.329337295321395, 53.36642180888359, 24.290706848595285, 35.36629635029607, 46.488620757168455, 56.9972199693241, 65.93236780658336, 69.84905567343164, 73.5346788958494, 75.53407124495303, 70.51965526675627, 53.406347079215344, 45.136673250826334, 37.66142750250995, 88.70857793541452, 78.65229745224661, 79.54506867616155, 82.66249108139195, 83.39985811854064, 87.86689428533955, 99.36713040435592, 105.39605305909153, 104.78969434805416, 102.1575169314738, 100.24306938697673, 97.28733645020286, 88.85826427632654, 82.72720273659232, 86.47000109135283, 92.1814671019769, 99.16455987084994, 99.6615649013355, 94.11195601020034, 93.07691005080552, 50.374983400577605, 56.797465809268644, 68.00096861493223, 85.73383351618916, 103.36310056207464, 116.87401976712557, 121.77717384070438, 130.45643637010866, 135.26842309648563, 140.96282326492906, 130.97101073360852, 119.40304154452946, 115.53478336320889, 105.331886544439, 98.07710073283688], [23.766874547364974, 19.946668182912678, 23.676392284512396, 35.53108536858103, 32.68484983183704, 31.28203998965031, 31.099341687752894, 58.63807725918145, 62.11638144715842, 68.9622518578012, 77.59630188333132, 86.6637885385842, 80.24968239104531, 72.94318306775304, 65.06397913613071, 18.842879184925696, 8.44833341085939, 0.0, 10.004118647669362, 19.338045161829097, 18.00764266182655, 9.289508566732959, 6.380984099205467, 11.175827958396507, 20.051615392668594, 57.79407339129727, 64.60105100879223, 71.53650750436515, 81.06653943786527, 89.44868344756654, 88.28005127462569, 81.15225177273668, 73.79345119171307, 67.00443021907114, 61.10666122277188, 30.927072994157417, 41.14421158094648, 51.707606942972376, 59.96553995079485, 69.13130421008319, 73.94241917149287, 78.51992929995369, 80.80665706456814, 76.44848999949588, 60.06511629368436, 52.05907356667772, 45.203607959263806, 89.65643322326322, 80.88483415362958, 83.16454857108386, 86.83969932706064, 88.1271563358624, 92.87601850547304, 104.34176025951852, 109.71538637662437, 108.70359341535399, 105.58737171125979, 103.0905165369664, 99.28469951744589, 90.05483930042016, 85.58553023693185, 90.32147209637907, 96.69921249215689, 103.99218547663178, 103.83038401925089, 97.52682373833998, 95.57823250110071, 42.73516259855954, 50.3519890564027, 63.390164712217235, 82.49272951255674, 101.12722299554692, 115.96931086593595, 122.08798574815836, 133.48409845024483, 139.1055923063091, 144.98987729209793, 135.62202873752082, 124.3258905936293, 120.83139731919451, 110.76923190042271, 103.87116277512432], [27.680801184834678, 22.079429205878913, 22.388546583348013, 31.515185617422897, 31.902301093431394, 33.22617928267144, 34.392398335012416, 65.92529954013908, 69.74330501780986, 76.8418246142735, 85.26653181968702, 93.81943788229975, 87.8134867368304, 80.59589695994602, 72.50904533528913, 28.539627443149456, 18.3457611029102, 10.004118647669362, 0.0, 9.610728462030647, 10.114334566462293, 6.792370795878929, 11.776319785130877, 19.236426146758987, 29.163837430760406, 66.55695976692998, 73.09296982485023, 79.60862206978241, 88.57480685775786, 96.40644187456147, 95.47015993984205, 88.90907915232383, 81.95552121003519, 75.37195101802374, 69.5951778969617, 39.12840133479602, 48.630179668904105, 58.774105843503996, 64.45181358427746, 73.67341767050746, 79.4532017052288, 84.87809855145315, 87.2006486381024, 83.43315136811468, 68.05445716915342, 60.16496367465207, 53.768966575476576, 91.29279607667358, 84.2407818476538, 88.02781542360266, 92.20633699007017, 93.98438581763408, 98.84853511459704, 109.90573227121818, 114.75655869383009, 113.43015190847619, 109.87405121114922, 106.80750514466946, 102.08124196313892, 91.93013818606822, 89.51817707224313, 95.2314674174998, 102.04160465239282, 109.40965717466611, 108.69576478376824, 101.78528099242453, 98.88498943058886, 33.187707021681724, 42.500627673187154, 58.10430343587414, 78.7707878939735, 98.59508724707491, 115.02088685008391, 122.57329791315068, 137.11391840705753, 143.08902223949448, 148.89715200519373, 140.1606560151966, 129.0782108344974, 125.94811583278128, 116.01423885896152, 109.63411287303927], [31.44271844320419, 25.01055619464383, 22.12893561153328, 27.196786939685524, 30.89713122559659, 34.677808099801645, 37.01951529887592, 71.80078550815773, 76.11253594972274, 83.55736840288485, 91.7472626145463, 99.70397099349599, 93.95543258021537, 86.75476310582826, 78.47876689935215, 37.31282478541309, 27.501447841401966, 19.338045161829097, 9.610728462030647, 0.0, 5.905991849751064, 12.541460826313447, 19.246033479358932, 26.883090531911257, 37.199681864337784, 74.62176984327138, 80.98966802720639, 87.19311912539165, 95.5865419170711, 102.76530873737727, 101.91071069634262, 95.93214065852709, 89.3854178764281, 82.87917209747435, 77.17009660197014, 46.01446269195884, 54.497444857550754, 64.04993488302192, 67.04380427959222, 76.15189045272933, 82.83307402681011, 89.0609953470346, 91.39366953251762, 88.32159922821289, 74.17166117356827, 66.58268982916104, 60.9910473535402, 90.6805126404768, 85.41120949315918, 90.64883335416553, 95.28611452479696, 97.54887095704088, 102.50318818621341, 113.13315912789382, 117.33211628403642, 115.67675308410317, 111.69777390949389, 108.08800606477531, 102.49363893425283, 91.53565674383562, 91.1812925672075, 97.80988988153676, 105.01889251436629, 112.47762473470291, 111.1360628441952, 103.64118923907213, 99.81785970585418, 24.695600122414568, 34.012042078454655, 51.49794031802225, 73.28238273333167, 93.98525882522227, 111.74008872639908, 120.5853241518158, 138.11114222458514, 144.54233453882955, 150.44597156639665, 142.5610088810725, 132.00792898433616, 129.53548353695504, 120.26845240751442, 115.07671929970623], [26.938495751825503, 20.018359161302723, 16.571244604629726, 22.718779003443235, 25.36170514247277, 29.236383544210128, 32.14354213195946, 68.62627381543479, 73.36755307142184, 81.09570216737416, 89.33906302452235, 97.26683218280279, 91.1131348974238, 83.6607222910604, 75.30063800157654, 34.982544081930655, 25.68093600277534, 18.00764266182655, 10.114334566462293, 5.905991849751064, 0.0, 9.341635906773973, 16.12390336457524, 23.696270817899187, 34.18148345753208, 72.85478250600472, 79.45466939600058, 85.91643835248038, 94.42809767834852, 101.57118306696101, 100.43232092937698, 94.36368624011482, 87.72373421102205, 80.93305616095772, 75.0760975094245, 42.27567715608709, 49.865498245252, 58.88369969385491, 61.41132963634625, 70.53151372275948, 77.25823042840892, 83.66846448500544, 86.26161222191506, 83.54926007106725, 69.6619727553761, 62.54846491030782, 57.81768332789367, 85.225916093199, 79.71122582593529, 85.00852894228345, 89.75244488965457, 92.17617485055294, 97.32780066749821, 108.3598961450546, 112.11068110016949, 110.26355780163773, 106.17433826011298, 102.49094897597608, 96.91052802132306, 86.09690181929005, 85.54056459003935, 92.2895320112234, 99.83521280452914, 107.65622508798658, 105.96184228654897, 98.19090163402774, 94.29877171952904, 28.79801203270112, 33.878188073870156, 48.72883359280268, 69.73086003651068, 89.86051340632987, 107.04461340880535, 115.52279674601904, 132.64231605432622, 139.90359910637162, 146.45874067785348, 138.99124091872784, 129.04627024213977, 127.12614298061025, 118.78202413611812, 114.59001331798251], [22.25132715015026, 16.080330265702443, 16.629009334917125, 27.279209770617072, 26.020012645107823, 26.987940273349242, 28.671992338038773, 62.30886424056511, 66.68722558964382, 74.16239547398254, 82.64689304185791, 91.13813858857095, 84.6425064845478, 77.10803663002714, 68.90047492490514, 25.999246345555424, 16.576335675658903, 9.289508566732959, 6.792370795878929, 12.541460826313447, 9.341635906773973, 0.0, 7.143748010954338, 15.109634530960905, 25.57277483779555, 64.83588845189333, 71.65819580505807, 78.47775728403263, 87.54597484665601, 95.2837887495205, 94.00105765143238, 87.36712106029739, 80.32476259208109, 73.38583660820841, 67.42243494253904, 34.65461028292343, 43.09518589484484, 52.66807617886891, 57.893138944717045, 67.14079726527848, 72.96268515119918, 78.60018912956025, 81.2252547230041, 77.87890847120012, 62.78620571799933, 55.45658413210144, 50.15343711745941, 85.01447047716611, 77.65706070346418, 81.48137300633084, 85.77807120123659, 87.7392755794272, 92.83417342788508, 104.35818937580521, 108.68904350446064, 107.14446861218835, 103.46521965300386, 100.32139470369397, 95.62457275386043, 85.66051315397006, 82.98458982748528, 88.82136461405963, 96.0152525897477, 103.80400548371534, 102.67943657710234, 95.45753666089455, 92.49126136712296, 36.828985416270605, 42.22412786164039, 55.07634838119604, 74.72584272741388, 93.82658488255322, 109.56475170917281, 116.68586951884436, 130.75740311269954, 137.6666637888843, 144.22165677279725, 135.99500347216335, 125.64481712676567, 123.19473730507612, 114.40031641712484, 109.30958801793311], [18.114878882263383, 13.691339716123256, 17.75288533462178, 30.21402047353212, 26.487308917724146, 24.943267414547837, 25.19605201848456, 55.99890561489341, 60.20967445140205, 67.58353822109929, 76.16844222520113, 84.91096646777567, 78.20559892247957, 70.6288544122801, 62.51932944061663, 19.02826873728272, 10.422406120107103, 6.380984099205467, 11.776319785130877, 19.246033479358932, 16.12390336457524, 7.143748010954338, 0.0, 8.020673110057784, 18.437929847523364, 58.038719315385876, 64.99166068831651, 72.00870890198719, 81.30938363999857, 89.27476540142918, 87.83945534254653, 80.94504104630896, 73.73030852911666, 66.667643985917, 60.639190020755535, 27.873524420067042, 36.980689187312166, 47.17872876188223, 54.17024553335238, 63.37089073333173, 68.56672843307612, 73.57157794005386, 75.96592072821025, 72.10800140074771, 56.4296836477806, 48.85935616814886, 43.24191290160796, 83.3311878952569, 74.81936850236903, 77.53786121710986, 81.4175587229696, 82.95294067731045, 87.84568777659094, 99.42820700100893, 104.31351498603023, 103.1005833030799, 99.80377538739867, 97.12975136292468, 93.11887669449509, 83.75822676938755, 79.6635093321052, 84.73052503621305, 91.41505847102789, 98.98507747725405, 98.38660030133609, 91.74933046223362, 89.52456388699017, 42.88725152948362, 47.30820136644261, 58.385800436318334, 76.80055667109454, 95.06063694920815, 109.65688011796857, 115.72798824539811, 127.5421567815895, 133.75169457159967, 140.15675242310306, 131.41390360366182, 120.83449972543897, 118.11638092837504, 109.25035548257871, 103.9936720635301], [14.881611710615353, 13.985325176723851, 20.95843689710082, 33.98612517879845, 28.121244959969626, 23.847660120673474, 22.11215413023616, 48.553063604871, 52.64473462516099, 59.96687424155454, 68.62991785000803, 77.57082855329801, 70.62696138992806, 62.99562783915637, 54.98485276415688, 12.066241785113165, 7.7740714077074164, 11.175827958396507, 19.236426146758987, 26.883090531911257, 23.696270817899187, 15.109634530960905, 8.020673110057784, 0.0, 10.514224772340611, 50.56254685161796, 57.6537878642597, 64.86555098981248, 74.32557539329285, 82.42308412627138, 80.77682060257327, 73.67205710811609, 66.32971619291128, 59.10176709397267, 52.99717563513503, 20.08937353491417, 30.097302889549475, 41.1530064489229, 50.02906067189532, 59.03511748293744, 63.514302951858475, 67.7489935318671, 69.73924523048905, 65.27803152494387, 49.102435039089386, 41.196373249817626, 35.28359197818246, 81.09224710030988, 71.44192793295502, 72.90233217462527, 76.25654013890389, 77.26522205751053, 81.84035663407475, 93.32900447191061, 98.88281738524348, 98.0908143020243, 95.26221913857941, 93.1483136042979, 89.92204445211662, 81.25271356384451, 75.67006296652042, 79.81093989579618, 85.78700381639578, 93.01049767652644, 93.04798989483955, 87.16129279340633, 85.79512141050513, 49.64301370080172, 52.70717223137567, 61.75179192798928, 78.63150172974916, 95.86123793830306, 109.14297986780062, 114.03958931443319, 123.36640773473735, 128.6121532512172, 134.79485938154065, 125.5234271916961, 114.75147877200911, 111.81833477449196, 103.04664531917801, 97.90929146335559], [18.454368414202662, 21.319356637355195, 29.376415656300583, 42.16695550384088, 34.69240617313596, 28.067961168970022, 24.201575340180423, 40.30396232420416, 43.83130653585985, 50.780748981946346, 59.59950522337793, 69.02741593219383, 61.72764277872952, 54.097872997800465, 46.433785695745065, 5.461799980351716, 12.656571615672032, 20.051615392668594, 29.163837430760406, 37.199681864337784, 34.18148345753208, 25.57277483779555, 18.437929847523364, 10.514224772340611, 0.0, 40.83287595095078, 48.16820872854889, 55.75635619791698, 65.63864963253494, 74.15491077746691, 72.23491110044647, 64.63087066329672, 56.96140052543978, 49.52228438386554, 43.31608734540207, 11.825929257379691, 23.622458045788417, 35.6518265888411, 47.85016445320267, 56.300344472525154, 59.39535805745492, 62.22208677400498, 63.66441542255609, 58.16794065322014, 40.934520541367355, 32.481960318431305, 25.554513649932176, 81.19948358181205, 69.93399986426301, 69.36936120832549, 71.84961932933595, 72.00520987221418, 76.0850432938604, 87.48202706778179, 94.03376917718393, 93.86525623587318, 91.76475060859626, 90.50736936653325, 88.49894717154052, 81.0046737022402, 73.18970577990213, 75.82804732327403, 80.71013708040931, 87.38153811577259, 88.42594393504642, 83.71694752392305, 83.67816745858246, 59.32034767864364, 61.77500839469205, 68.98851199867856, 84.03816210830384, 99.8617018040332, 111.35958203437573, 114.64539300359233, 120.27615353757662, 124.22351088747257, 130.043532609615, 119.89526184325166, 108.73054528607925, 105.26980375269305, 96.33334698243307, 90.80923852536057], [53.41213580778968, 59.37121261093684, 67.68708105335656, 78.66927064805034, 71.06586542788028, 62.63221444061822, 55.84900575144859, 27.454953532685973, 21.826196088007503, 20.390231485484048, 27.60075446921105, 38.5654077695017, 33.50345553147352, 30.101714268638606, 28.303972081110256, 40.20844202592692, 49.88499472866518, 57.79407339129727, 66.55695976692998, 74.62176984327138, 72.85478250600472, 64.83588845189333, 58.038719315385876, 50.56254685161796, 40.83287595095078, 0.0, 7.7660585698413325, 16.338716417618553, 27.683348761443472, 38.196828258772925, 36.084392748963516, 26.474558999295343, 17.655716700754148, 11.363079970420126, 7.6562165408442455, 36.68438474979387, 42.4157389587864, 51.64628706879224, 67.45463312030694, 72.07699900298364, 70.79326584594772, 67.66243351826972, 64.3780675824775, 54.36063211119243, 40.739273247149704, 32.46113773888707, 22.754200007074033, 99.94634777924847, 86.80647940920619,