{
	"dissimilarities": [[0.0, 7.384263006260953, 15.847373107961328, 26.20809321477595, 18.457670884675586, 11.401293654693095, 9.536794476835547, 45.46766808173126, 51.256504638639115, 59.587128178476576, 67.81228472004618, 75.60358248518887, 68.39261720100492, 60.261504053177106, 52.00136047516092, 19.66462428342217, 19.936885463850015, 20.812682176692412, 25.077497887551665, 30.044892091141854, 27.781708572815553, 19.75856400557007, 16.091629650629237, 12.783962238460385, 13.658715967245856, 51.55246436111973, 58.4958609632541, 63.942172047696765, 72.37127857406207, 79.05293583837673, 77.40671343784892, 71.71275235957623, 65.06141052791163, 57.964345038313624, 51.797469946528594, 20.976011724383593, 25.57679232502002, 37.6320147810153, 41.616037011011066, 50.720938553935746, 57.32320266449373, 61.81726330289112, 63.78906934299398, 60.186534939258046, 46.25215931542339, 39.17022119323099, 35.760295579504955, 63.14327069808433, 61.87245691638264, 63.57907560480153, 67.7831182868405, 69.70197439976153, 74.28641307233762, 81.56070333682945, 84.24516276859943, 83.71060948901065, 80.56933476435823, 78.0359724401652, 72.3181399416994, 63.14200406092839, 66.66623873504084, 70.14951041959552, 74.45240386706912, 80.41915488726097, 75.60155271269275, 73.60669317452097, 69.48324237322593, 54.153967311991345, 56.26583797422339, 66.08489751560221, 77.55673459962148, 91.27486321388254, 103.32911417129002, 103.25914040552077, 110.40457733240665, 119.051229401859, 122.8036270298364, 120.30398497389294, 112.52380613685989, 108.73464627431953, 102.03741480929126, 97.1042226902776], [7.384263006260953, 0.0, 9.562789946728618, 21.31912564106767, 14.008385193457913, 10.591262668275062, 13.421527168340086, 52.84733329210066, 58.6114272217641, 66.90187879663725, 75.14721215239416, 82.97371631846961, 75.77324719073086, 67.6330110808739, 59.37484812463652, 22.598967360505366, 19.40534079911636, 17.341065706078332, 19.59089958216427, 24.056142705980655, 21.40461372671212, 13.353354939678454, 11.888037886783584, 12.498441049709077, 17.931462986007496, 58.24465222430879, 65.24682719542962, 70.79296689540094, 79.35017265331633, 86.14896705085107, 84.6005742330069, 78.8192592125117, 72.091390473156, 64.98541267463358, 58.804761073564826, 27.572697811982128, 31.65657207685003, 42.35267691532291, 45.0336827651437, 54.28858468433971, 61.43547520287237, 66.6686926285669, 69.33894500436071, 66.45360569060027, 52.44983229018961, 45.92660540752802, 42.73304377880637, 64.71912455594442, 64.44649573173304, 67.21680678497806, 71.86874111972922, 74.46272316391324, 79.53747544293776, 87.25875981511776, 89.0540553170671, 87.9892239752, 84.29387737253998, 81.13107097699357, 74.87403696627632, 65.08363776022507, 69.8808934667556, 74.14301360995545, 79.17974382280296, 85.94220385765553, 80.19291135733316, 77.47286993482479, 72.61268129021693, 49.35467833610326, 52.41081981733076, 63.36622692886191, 75.92912659264903, 90.2356191125058, 103.38357992296132, 104.3868228409888, 113.47574309086981, 123.87811867080059, 128.31519217806368, 126.34045387124839, 118.97116853767253, 115.50271457978296, 108.8918357514977, 103.76763842992737], [15.847373107961328, 9.562789946728618, 0.0, 12.243968784986718, 7.399154927124381, 12.049161285244086, 18.066143271996623, 60.36107004438278, 66.46846188143552, 74.94727902495032, 83.04947779460123, 90.1913529954182, 83.28162563180359, 75.20118634061282, 66.82087222320513, 31.818649415267025, 27.000129264599934, 22.027870790861602, 19.260933034249458, 19.58259954907055, 15.775301453839324, 13.569605561841101, 17.401255611660723, 21.04387900976863, 27.472762665803682, 67.34896380167889, 74.24796909931322, 79.58409947333043, 87.73016535820065, 94.10113898728085, 92.65635838362273, 87.25433142811623, 80.76512631245217, 73.7362490506374, 67.59516103868432, 36.54064439012867, 39.01909306557509, 48.39287643964043, 47.52245773580826, 56.56551999135778, 64.8660986153517, 70.90682166165473, 73.81474294299395, 71.83898890547286, 59.56841710280039, 53.775830277111346, 51.50481530621222, 63.16509508060624, 64.79640085539133, 69.38964878194481, 74.49822113694331, 77.90971329527355, 83.25091660004819, 90.92270209068049, 91.76998288385005, 90.09512054036016, 85.77058699989291, 81.80187137906613, 74.80659912963772, 64.12082667124595, 71.03594135929299, 76.41914153908607, 82.20004786317675, 89.45371707206868, 82.93950480510034, 79.3452331373968, 73.47395281041454, 43.914317516714064, 44.456186025453, 55.28895186812435, 68.68298265143619, 83.64016247805677, 98.0255584410216, 100.70134529416724, 113.01674726430225, 124.98584966001776, 130.20742413850772, 129.02956135341367, 122.5524680810126, 120.04302198521812, 114.49109022904015, 110.72427081808267], [26.20809321477595, 21.31912564106767, 12.243968784986718, 0.0, 10.221674831370352, 19.29962326500038, 25.341518594037847, 67.37588078797366, 73.88783809536108, 82.55686022874507, 90.33100352296105, 96.29353101148229, 89.92982597601839, 82.05839701638747, 73.620602559472, 43.70278643323908, 38.87569361676752, 32.94601295054005, 27.170006460639, 22.585508795541823, 18.510716979496877, 23.553845115978536, 29.17084187808934, 33.138887726135046, 39.019031943718545, 77.02573046265415, 83.67528192569462, 88.58055410963395, 95.93612661722615, 101.50098235187667, 100.16878252084193, 95.46976128767464, 89.45913436853881, 82.6202029913597, 76.60968966571436, 46.535347350997455, 47.27879115700013, 55.51823369629458, 50.272090959619554, 58.57238211361461, 68.14054989019334, 74.74877199738893, 77.37532989232074, 76.28548989335306, 66.95854060688454, 61.90312666261608, 60.756580427380825, 60.07905001133448, 64.20123230655423, 70.89784117535257, 76.28661078912022, 80.40943139579615, 85.67026956045653, 92.72913091092781, 92.78743717911297, 90.58135702919186, 85.74036190254711, 81.0061113275612, 73.30542858982623, 61.754776039562564, 71.13925785896018, 77.65501173684754, 83.94108576428403, 91.18392974738869, 84.32687674439354, 79.95580231197235, 73.09715306458546, 40.87659618523301, 34.430476562178995, 43.33701211190515, 57.31015356896719, 73.05182106492214, 88.72450261952987, 93.55555373218226, 109.89276099631587, 122.79341239691797, 128.67686417130196, 128.37294061943055, 123.08251677045185, 121.92843978706405, 118.09299120690414, 116.72493792154314], [18.457670884675586, 14.008385193457913, 7.399154927124381, 10.221674831370352, 0.0, 9.697697374911938, 16.60358979894408, 60.2276450358516, 66.82012706639054, 75.47513170740844, 83.4313094177966, 90.00080881695845, 83.00843748043752, 74.90283523739492, 66.47376463638223, 36.395729853552325, 32.955552582350926, 28.981241222636562, 26.587277868720353, 25.863839454335643, 21.727360457936765, 20.69786809350364, 23.774656872728173, 26.287072295321703, 31.196372170704425, 69.31802105556294, 76.23842122651527, 81.53027568988465, 89.48515584837335, 95.48302406052758, 93.73904741782555, 88.59319146006335, 82.21920296220678, 75.12389491235946, 68.9924062509567, 37.841975249697875, 37.90068511192558, 45.780663710641946, 42.26516612595618, 51.05036311646257, 59.948321366084045, 66.45007010140536, 69.59348548236636, 68.48415570432927, 57.727549145577875, 52.995749411956695, 52.45111440755718, 56.083681954600785, 58.303334662533544, 63.699247241592154, 69.0169024454204, 72.90162340716427, 78.45572558202682, 86.30247598839941, 86.35295136381359, 84.30697513166788, 79.66742361947588, 75.35873214422935, 68.11426081648351, 57.190423755331565, 64.84296655617405, 70.74041512789552, 76.94223768229985, 84.6751728822206, 77.52395018630617, 73.45320047018731, 67.1442353034171, 48.452685549492365, 44.40511349200438, 51.58537335916316, 63.455017306480144, 77.44902856785681, 91.32021285863871, 93.58067405673935, 106.22176231843356, 119.38143447359931, 125.46913699924178, 125.30055152289023, 119.90274847631193, 118.4429546415954, 114.51772292375726, 112.56336703781002], [11.401293654693095, 10.591262668275062, 12.049161285244086, 19.29962326500038, 9.697697374911938, 0.0, 7.3214111074157024, 51.25162401520644, 57.849445096823125, 66.46398646263899, 74.48758484320373, 81.40607214791841, 74.07560133411522, 65.86871405041549, 57.479714681571, 29.93169191182473, 29.041416940009707, 27.865072657246614, 29.056963522454392, 31.219808234439256, 27.679135516055588, 22.54307266854352, 22.058816730373795, 21.614443087736493, 23.91424344769886, 60.27625431970339, 67.27372722597988, 72.7000817088891, 80.88980027957207, 87.06156560467592, 85.05517106803936, 79.71137420283605, 73.19828946205928, 66.00153827175602, 59.84434319000589, 28.550937014018736, 28.25248037155538, 36.9780922410512, 35.90289502417773, 45.027707612875886, 53.05825186851727, 58.90194005259428, 61.81676386989579, 60.070627343715515, 48.30119521728395, 43.345776045649494, 43.03755400950397, 54.152988361281025, 54.30821167981283, 57.93637544098401, 62.84578758577355, 66.00754478700493, 71.34927530003756, 79.30952112433857, 80.14746846572179, 78.65967582479384, 74.61559567134307, 71.10801546155285, 64.6007668709785, 54.58890134029461, 60.04793439498532, 64.89017407402221, 70.42448790511236, 77.78505836383917, 71.25119587618777, 67.9887921707191, 62.65017694321582, 55.03991021358678, 52.23228923579442, 58.61836555931178, 68.96469077810141, 81.82772161116408, 93.98135436972865, 94.1313536177201, 103.17190146846393, 114.89285079940062, 120.43494035109146, 119.79811424019223, 113.89614033743554, 111.90769910738841, 107.68501349432066, 105.3430587462222], [9.536794476835547, 13.421527168340086, 18.066143271996623, 25.341518594037847, 16.60358979894408, 7.3214111074157024, 0.0, 43.94039699502385, 50.58446440054733, 59.22356197960384, 67.21107316793314, 74.10031276426265, 66.75628830136957, 58.55731982177036, 50.163044390046245, 27.451568116848552, 28.986369792023993, 29.769014392334473, 32.7220813584111, 35.897308966304436, 32.83928206666038, 26.72075731481419, 24.379764722060482, 21.590522747425222, 20.79580622035621, 53.7130037147469, 60.603193771219004, 65.90253313223569, 73.9361149407983, 79.9849659538372, 77.89104388856896, 72.63994224703146, 66.22302422266831, 59.06692093009478, 52.95879478224989, 22.522800080290974, 22.09740031793935, 32.38882808234051, 32.96010932297079, 41.993114712185125, 49.38410693945211, 54.38333695099212, 56.51587025281647, 53.92284936987851, 42.14490495978803, 36.618152871368885, 36.284534982023686, 53.665201161554265, 52.58246425571584, 54.90044467272583, 59.297851258985, 61.67037463904244, 66.47517987332441, 73.97067631252261, 75.85386015117201, 74.98345110873942, 71.57783200799969, 68.80733122146583, 62.93214802639506, 53.65521777598112, 57.558340803705335, 61.474124752314424, 66.16717155464764, 72.64262337013787, 67.16377169452514, 64.74973533353116, 60.28042150924962, 59.16949698171565, 56.42956779196393, 62.30231103610764, 71.70750292580328, 84.0469055243604, 95.07408554697228, 94.11447528886282, 100.98576422511789, 110.70194868604011, 115.44115139269027, 114.15931030318468, 107.73001959632231, 105.3273290823097, 100.90857985199841, 98.64626230336958], [45.46766808173126, 52.84733329210066, 60.36107004438278, 67.37588078797366, 60.2276450358516, 51.25162401520644, 43.94039699502385, 0.0, 7.600375596491399, 16.135162244295685, 23.515320294403153, 30.732893782164723, 22.963738882735147, 14.867670619531662, 6.6229069870757655, 44.940000779729694, 54.156314320156994, 60.57524491828316, 67.65169121568714, 73.15967608974798, 71.74255985770257, 64.12989311688493, 58.20836768995257, 51.064669011214406, 41.8284963655433, 22.98211325356352, 26.116847376725907, 28.70094268673705, 34.055464950588735, 38.58208251112575, 35.40640065200501, 31.27349879565222, 26.550025609117196, 21.068449908919874, 17.520372919864716, 29.07809341857127, 29.3371034961769, 37.31380602300797, 47.06184550132843, 50.557157218565024, 50.443919189860345, 47.42783218120083, 42.5598131502487, 32.47477753549306, 26.20037228236948, 18.453236902375636, 16.934780906017828, 71.02600477734443, 64.05445310166475, 58.08975116424863, 57.79021190112409, 53.81871359319726, 53.11413154234347, 55.06813955382619, 65.04033239816398, 68.82441707295858, 70.42721527753477, 72.8506179444119, 71.96271310117777, 68.89240419923978, 63.31028454365434, 60.26663244079017, 57.769103967115996, 55.725955110045504, 59.801490361565925, 63.872767068067446, 65.99799093456231, 92.3454086272299, 90.917972990813, 94.97526989495452, 100.07495506623556, 109.15349765085374, 114.00004959629405, 107.46374251819026, 100.99899298005762, 96.3749569913004, 94.60242884499036, 88.04153673857239, 77.16524907556226, 70.59597463654062, 63.62725737124165, 61.09661833592395], [51.256504638639115, 58.6114272217641, 66.46846188143552, 73.88783809536108, 66.82012706639054, 57.849445096823125, 50.58446440054733, 7.600375596491399, 0.0, 8.78029782107674, 16.653537552176083, 25.42260106769449, 17.75641192353765, 10.47208474213998, 6.294524761188964, 48.45704625976735, 57.95162542439901, 64.8122574468451, 72.31468214843736, 78.22927079732044, 77.11404312084711, 69.23626519624202, 62.99020671984864, 55.6736814525072, 46.23871068202011, 18.978598312005392, 20.228324904393073, 21.734111308035832, 26.560889039243133, 31.32946583716941, 28.059282821751857, 23.67711190366614, 19.243100082474577, 14.641226804362464, 12.799591878631638, 34.00603559338051, 35.636628907437434, 43.2504751593763, 54.19168787698217, 57.383632833831754, 56.43712716032658, 52.65238755606797, 47.36038963686232, 36.77354871596964, 30.76585640721241, 23.453551038878953, 20.010850904886926, 78.26075408094013, 70.92582085901243, 64.27983282267199, 63.52541606436311, 58.920282828782156, 57.55879610960259, 58.638887483761316, 69.5443174477265, 73.86219662668381, 76.03591068988152, 78.97248382239468, 78.57562775579451, 76.0203588379476, 69.73920206355855, 66.03293433639831, 62.772051158611134, 59.61961597443834, 64.90403862795984, 69.63783443047352, 72.40420728258393, 96.891155976428, 96.79825852330214, 101.6975739856054, 107.0417864362587, 116.24960005390659, 120.87090328787369, 114.11592205196243, 106.38703689057718, 99.72061017202222, 96.61289868929828, 88.74949881306654, 76.58991288797014, 68.47729820470141, 59.514730460852135, 54.93209633605427], [59.587128178476576, 66.90187879663725, 74.94727902495032, 82.55686022874507, 75.47513170740844, 66.46398646263899, 59.22356197960384, 16.135162244295685, 8.78029782107674, 0.0, 8.43742762711918, 19.32282942417559, 11.983566274459577, 8.40169597877274, 12.01832294632741, 55.26337157603888, 64.94637102380852, 72.15929590841078, 79.98797960103225, 86.182201721328, 85.24062132640415, 77.14726909973692, 70.65983944826324, 63.235148388916336, 53.69403744691244, 19.50449758025397, 17.477885354502646, 16.593266876226334, 19.460293458467294, 23.857190630123448, 19.8946481814206, 15.578850756067213, 12.59859781961255, 11.264768718609494, 13.573118462781647, 41.69111680452143, 43.5135996184998, 49.981008023604446, 61.612497193663025, 64.13534015905682, 62.109377824829934, 57.33773495181216, 51.471092005858054, 40.59453175915971, 36.04569836299724, 30.090942689826736, 26.801108359167742, 85.4467027836022, 77.54190401297562, 69.98465634426151, 68.58971256319325, 63.20296978711907, 60.99646025876752, 61.018233237818954, 72.87598271038196, 77.82920608732358, 80.74372495849957, 84.37444958578284, 84.70655364977624, 83.01418979145389, 75.67445847340183, 71.07948914617143, 66.83206394005234, 62.35529648807801, 69.05844807571287, 74.62422908445896, 78.27001034190083, 104.45552693493627, 105.0287991888385, 110.06303586594308, 115.12867323236586, 123.9855649849673, 127.89212184497647, 120.44743996441696, 110.6574700752803, 101.68730149548105, 97.24477888930072, 88.24193463660946, 75.07625966355333, 65.6072185095785, 55.26047092150373, 49.2508732565866], [67.81228472004618, 75.14721215239416, 83.04947779460123, 90.33100352296105, 83.4313094177966, 74.48758484320373, 67.21107316793314, 23.515320294403153, 16.653537552176083, 8.43742762711918, 0.0, 12.248826340662445, 7.397477115147366, 11.071041518012024, 18.188068531715786, 63.60424593092432, 73.25873273293395, 80.43277274014106, 88.1527276857046, 94.19367049670115, 93.29201128614632, 85.43110943507739, 79.01937403139563, 71.62173026058366, 62.10699496256887, 26.219468489409255, 22.251399808121064, 18.88708833014353, 17.03221337217559, 18.39090016265637, 13.533661535044386, 12.316602955653234, 14.009830894480562, 16.804189824760517, 20.967979453047207, 50.09396124380755, 51.40563244486968, 56.91879171086179, 67.88404768122184, 69.5807701798221, 66.90400300138575, 61.27890211261754, 54.48306591345604, 43.523051993075, 42.08986118571409, 37.45895429998423, 35.150091078184545, 90.54438154070726, 82.41126979798145, 74.31742030627689, 72.28019137149379, 66.20366853315792, 62.94714015753794, 61.38726268031077, 74.29276061996664, 79.88768355907331, 83.55564539062229, 87.83702485098054, 88.85187063284002, 87.9796005766401, 79.89492728003218, 74.57623042231691, 69.30207174151457, 63.13933993101535, 71.52621887295591, 77.8800252315422, 82.30065716932953, 111.78334329155751, 111.84817627888518, 116.25969989717909, 120.58362260106114, 128.8352489023603, 131.7774869351456, 123.71814427182274, 112.21979898731634, 100.42668632428355, 94.51678754774127, 84.39808223981089, 70.44198864968877, 60.02852322697893, 49.34639660104245, 44.176795531892004], [75.60358248518887, 82.97371631846961, 90.1913529954182, 96.29353101148229, 90.00080881695845, 81.40607214791841, 74.10031276426265, 30.732893782164723, 25.42260106769449, 19.32282942417559, 12.248826340662445, 0.0, 9.849151063046046, 17.53625618490418, 24.80177499123396, 73.6006029829568, 82.93418580405779, 89.50722373750416, 96.4544325980373, 101.6654862279141, 100.64538220914363, 93.76130413561735, 87.91282028865868, 80.7591124439236, 71.48378099739881, 38.22663513936463, 34.252706273652194, 30.071204846639088, 24.517973598981403, 20.257030159673853, 16.637000314449057, 21.211969006659, 25.610703744763367, 28.96604913744933, 32.725618362981656, 59.317475195900556, 59.397482892301525, 64.20647030715277, 72.45121718886331, 73.02758129104119, 70.39918406923267, 64.13486064923414, 55.76462564486767, 45.0313014336509, 49.20398105103082, 45.830394229503995, 45.16324464246763, 92.116294025903, 84.42489067722003, 76.47791416964145, 73.78170270947483, 67.16177542788725, 62.42716036804732, 58.12702992201472, 72.41762302634022, 78.70400074867358, 83.17485369107547, 88.03598990305913, 89.65879056648754, 89.54547870614432, 81.31033792528288, 75.55703386176708, 69.14346441186491, 60.46181779112651, 71.18477288064693, 78.27395304631563, 83.29184019853221, 117.88495887519429, 115.63925630874563, 118.24219195277617, 121.04193640560227, 128.26226891988486, 129.80123307786602, 121.37442065910666, 108.93957163778876, 92.99880866313529, 85.09699864704636, 73.57341332698192, 58.85239938466479, 48.06268468821184, 39.27346925369708, 40.56543707026074], [68.39261720100492, 75.77324719073086, 83.28162563180359, 89.92982597601839, 83.00843748043752, 74.07560133411522, 66.75628830136957, 22.963738882735147, 17.75641192353765, 11.983566274459577, 7.397477115147366, 9.849151063046046, 0.0, 8.414539784295455, 16.611099437712756, 66.03465784824483, 75.65226046888915, 82.5613394401973, 89.94053102115072, 95.55373075740833, 94.34716675449188, 86.78404291499908, 80.63316516721383, 73.31803460164058, 63.83984015524429, 31.01911253096861, 28.251377484512666, 25.853400446440716, 24.280491125862675, 24.087877749634256, 19.26052415145416, 19.522075834946165, 20.801115088592557, 22.149462901673303, 25.146081738820723, 51.080627627313, 50.639245583726314, 54.9198003571503, 64.38644579478274, 65.26648874890087, 62.32916648741288, 56.269579136016745, 48.74389948894452, 37.82143058801085, 39.688723920902184, 36.47597194014479, 36.582028808401176, 85.72977198978572, 77.46318750228816, 69.16349419806932, 66.75679860055935, 60.381378944983204, 56.56529325838515, 54.305613785600556, 67.55887456839343, 73.38163636863374, 77.36176140805544, 81.9398248945984, 83.33633904811481, 83.0579729708985, 74.52101733510345, 68.86282985995145, 63.08753743143493, 56.18378705371624, 65.26815295252979, 71.9632913346357, 76.7670983153328, 113.38212209090355, 111.51161300960992, 114.22916127619284, 117.37036823285364, 124.62744363836003, 126.61214392518863, 117.81905136079497, 105.3442899877999, 93.15573515355467, 87.56261069818603, 78.15209808583266, 65.18999428122741, 56.1578250125091, 48.731238991775705, 48.067613355050575], [60.261504053177106, 67.6330110808739, 75.20118634061282, 82.05839701638747, 74.90283523739492, 65.86871405041549, 58.55731982177036, 14.867670619531662, 10.47208474213998, 8.40169597877274, 11.071041518012024, 17.53625618490418, 8.414539784295455, 0.0, 8.444472428834498, 58.27377732258162, 67.88855625432228, 74.77286956263991, 82.18917616989071, 87.87055460433326, 86.54677986187441, 78.79203578602112, 72.62024463285451, 65.30486415230591, 55.82502993847611, 25.967155510033923, 25.151098782598147, 24.801660242911524, 26.640892989659843, 28.972073453676146, 24.518535390378318, 22.16073067253167, 20.302938632296115, 18.633479607651946, 19.668586836614725, 42.83675740428553, 42.252379732078694, 47.08198507353157, 57.00987449914022, 58.57127165623757, 56.1967821305665, 50.89502662868823, 44.19762392462021, 33.18884610346186, 32.40647492858207, 28.3170521268503, 28.592023022578957, 79.52254696253098, 71.37256285670699, 63.501266086907606, 61.694386063938076, 55.96041301872557, 53.209292420835695, 52.69345006130244, 64.84108849769787, 70.012946227726, 73.24097308356669, 77.19841175464379, 77.95457370133227, 76.9423340756393, 69.00646984546738, 64.0054805500667, 59.231035462206215, 54.11156189438153, 61.42936563915692, 67.3667552996098, 71.4504228710538, 106.48077527241784, 104.73650837712705, 107.73483476748528, 111.40541894980107, 119.0933339961174, 121.90135650819529, 113.55864322198764, 102.62898134222185, 93.51608908269766, 89.61622100264827, 81.56538644015846, 69.63278862828312, 61.758596067037104, 54.820691928642944, 53.34694701099799], [52.00136047516092, 59.37484812463652, 66.82087222320513, 73.620602559472, 66.47376463638223, 57.479714681571, 50.163044390046245, 6.6229069870757655, 6.294524761188964, 12.01832294632741, 18.188068531715786, 24.80177499123396, 16.611099437712756, 8.444472428834498, 0.0, 51.14624104008828, 60.53275932431307, 67.11015667928358, 74.26712211802628, 79.76249536973735, 78.333160937365, 70.72874086726495, 64.75128184542199, 57.55433606880316, 48.225602201559205, 24.30493051038881, 25.791813887986518, 27.195109547634956, 31.131593285091732, 34.67494883428597, 30.94580603688419, 27.579336244206676, 23.92559525739909, 19.77442112314479, 18.090652549341716, 35.22304399086781, 34.62894364651174, 40.808445560602806, 50.37578892332485, 52.82652367014828, 51.640425942403304, 47.48826337995664, 41.596432601412175, 30.875721625999123, 27.67958171984342, 21.944673615759726, 22.041588609759753, 73.53484742072821, 65.97568044503055, 59.083135545482165, 58.0465327054529, 53.216453535542804, 51.53089929763708, 52.366243974954536, 63.38135882527252, 67.81548752735547, 70.17726210347422, 73.33187972405959, 73.22872037544867, 71.17010207866437, 64.42198685939307, 60.43380384351014, 56.84048422875552, 53.35998237044966, 58.95325048623035, 63.92216038490369, 66.98840328475336, 98.6939009782633, 96.74946586086425, 99.99853021919702, 104.22994719143917, 112.51454205333141, 116.29181558447405, 108.82113364334043, 100.25347929001194, 93.67263808375316, 91.08589335898719, 84.03178822227541, 72.87581281350693, 66.00109827687983, 59.491392712438966, 57.97320005222659], [19.66462428342217, 22.598967360505366, 31.818649415267025, 43.70278643323908, 36.395729853552325, 29.93169191182473, 27.451568116848552, 44.940000779729694, 48.45704625976735, 55.26337157603888, 63.60424593092432, 73.6006029829568, 66.03465784824483, 58.27377732258162, 51.14624104008828, 0.0, 10.300153639973189, 19.132644721432346, 29.411046440801716, 38.49614007411196, 38.03901608963389, 26.517017972120545, 18.391894269434374, 11.32933187619967, 6.829788596165624, 41.56191672306523, 48.559617112235905, 54.686678042909925, 64.51590281035257, 72.82277987030776, 71.37603809806653, 64.34539359015405, 56.97544651204663, 50.054250607018474, 44.129409206334934, 18.4729455187037, 29.39012868383311, 41.582960211719, 53.220322912055444, 61.90565235023389, 65.66742439733538, 68.5603356970803, 70.57516673226401, 65.3549082114885, 46.90711219208288, 38.374415941926166, 30.563609677844944, 78.90251511053503, 75.17874804189381, 73.99892668897628, 77.3811562888553, 77.94136766798873, 82.1419185846499, 89.6172500321834, 93.65998495800305, 94.01370251054941, 91.81560222533649, 90.4333237001203, 85.89697258868827, 78.23868046753228, 78.7263143039383, 80.36079015519361, 83.48057703664404, 88.75816559607016, 85.09393900592327, 84.43758260437355, 81.93083038893911, 62.23626443742077, 71.80890300301425, 84.81208460920853, 97.09058803256798, 110.89801081316965, 122.45179866190087, 121.04425560595374, 124.20655105826302, 130.9973467972112, 133.2891077394403, 129.0514101669909, 119.16546593788989, 112.80819472156863, 102.41874775519425, 92.07939415253219], [19.936885463850015, 19.40534079911636, 27.000129264599934, 38.87569361676752, 32.955552582350926, 29.041416940009707, 28.986369792023993, 54.156314320156994, 57.95162542439901, 64.94637102380852, 73.25873273293395, 82.93418580405779, 75.65226046888915, 67.88855625432228, 60.53275932431307, 10.300153639973189, 0.0, 9.351148190461855, 20.1417738525191, 29.868568708046627, 29.866912296948893, 18.169630156575916, 10.477742526102462, 7.525836720476667, 13.227783204480295, 51.48914136105315, 58.2974154762323, 64.20410908710252, 73.71964091621123, 81.86325574309029, 80.74463829727499, 73.91917951746908, 66.72756556309689, 59.9574051081917, 54.0885491967548, 27.380246668727477, 36.94913947853813, 48.57023514442931, 57.90827738922232, 67.01006340722022, 71.86620599673927, 75.70925314048648, 78.24150625894549, 73.70598670420682, 55.84575060517526, 47.75723318251247, 40.545267170551284, 81.53969218173275, 79.2143884850252, 79.52276932200958, 83.48135056976463, 84.84771492704208, 89.5157214866754, 97.24691274558504, 100.49713518374242, 100.28170906657459, 97.43277722396414, 95.27388366521949, 89.97499925533161, 81.3506169066546, 83.61656275770643, 86.29651270540346, 90.25634292813128, 96.22974667682713, 91.68709987085606, 90.18538527380328, 86.70223602323553, 53.920898000498255, 65.85906354907779, 80.85641311544214, 94.6600866229462, 109.51860073447143, 122.57544330007863, 122.83263659481011, 128.8942670179226, 137.232626020596, 140.06130274374036, 136.16325601521905, 126.55234199122272, 120.52215616858405, 110.09392432025416, 99.70423609186626], [20.812682176692412, 17.341065706078332, 22.027870790861602, 32.94601295054005, 28.981241222636562, 27.865072657246614, 29.769014392334473, 60.57524491828316, 64.8122574468451, 72.15929590841078, 80.43277274014106, 89.50722373750416, 82.5613394401973, 74.77286956263991, 67.11015667928358, 19.132644721432346, 9.351148190461855, 0.0, 10.864310281559986, 20.801034071364338, 21.158992715858922, 10.369108214621784, 6.503799624165707, 11.102380532436321, 20.083507773896294, 59.7887678315832, 66.47463273806899, 72.08907505766867, 81.10311342523369, 88.82391759667928, 87.94844569669932, 81.52667140169073, 74.60222674480174, 67.90770598825507, 62.01799378598296, 34.29042235757661, 42.67076682255463, 54.106967327424314, 60.71844015360626, 70.00475852255501, 76.0055790317342, 80.58490039768841, 83.22810665010195, 79.22904589679425, 62.61367712488425, 54.77749822687141, 48.19353843907506, 81.84062815719403, 81.00991644809991, 82.80047472503962, 87.1942422273674, 89.21464617727585, 94.100764251084, 101.7407597331001, 104.43325532880947, 103.77388240118889, 100.41261772606877, 97.59225097081061, 91.61808079976919, 82.11831936651596, 86.13372436409261, 89.76004848160966, 94.33348646357969, 100.62822436257417, 95.56381053995939, 93.37648693429058, 89.03084093456306, 45.19564292214577, 58.12911698926537, 74.55239266149053, 89.53497947845916, 105.3015101250066, 119.61736954100186, 121.53260923441414, 130.51170150048534, 139.80293246276747, 143.02481139743819, 139.46393667645344, 130.26327890085082, 124.79135896407254, 114.82331093134239, 105.30141151674343], [25.077497887551665, 19.59089958216427, 19.260933034249458, 27.170006460639, 26.587277868720353, 29.056963522454392, 32.7220813584111, 67.65169121568714, 72.31468214843736, 79.98797960103225, 88.1527276857046, 96.4544325980373, 89.94053102115072, 82.18917616989071, 74.26712211802628, 29.411046440801716, 20.1417738525191, 10.864310281559986, 0.0, 10.129799773987935, 11.355251816881955, 7.645386784928216, 13.187338394219738, 19.95102866991507, 29.09348771068462, 69.00451149320081, 75.53363222447918, 80.79517029581397, 89.18472503875888, 96.34598520662162, 95.71775287484357, 89.8109034863152, 83.23003580187985, 76.643978452694, 70.76443057709814, 42.57674160101264, 49.71238783163537, 60.89042768141451, 64.4409596794213, 73.70814210334893, 80.89059550589505, 86.1274776250457, 88.71024181034564, 85.24558616399254, 70.2820221315658, 62.71128285829646, 56.78873492014262, 82.3017896378912, 83.21889856404098, 86.624829087475, 91.3982543933599, 94.04773604467394, 99.03342082481232, 106.37938011829014, 108.55421078057502, 107.46592838670566, 103.61898710219323, 100.13107168625946, 93.48047921018002, 83.1094085701104, 89.04332922262782, 93.63936673448077, 98.75455422419871, 105.19853010614204, 99.75195480186414, 96.8965716751937, 91.6781403834405, 35.08169308511693, 48.70231557302789, 66.79700144141565, 83.09991230796675, 99.89826832827023, 115.59832773848824, 119.50542787429151, 131.84829426427223, 141.89635462447427, 145.4608567297745, 142.2564925334561, 133.57189292716032, 128.80269658816982, 119.52209351839768, 111.26500392461652], [30.044892091141854, 24.056142705980655, 19.58259954907055, 22.585508795541823, 25.863839454335643, 31.219808234439256, 35.897308966304436, 73.15967608974798, 78.22927079732044, 86.182201721328, 94.19367049670115, 101.6654862279141, 95.55373075740833, 87.87055460433326, 79.76249536973735, 38.49614007411196, 29.868568708046627, 20.801034071364338, 10.129799773987935, 0.0, 4.4248622743704695, 14.114512575202342, 21.80459789781371, 28.451479893681544, 37.151635561005186, 76.74136471505005, 83.13954603414928, 88.07798722816482, 95.8601488234253, 102.41746614535936, 101.93489801546829, 96.55868334400635, 90.31922015523999, 83.82195180172593, 77.96250675144825, 49.59643967387646, 55.49130547037124, 66.33096502951935, 67.03147106433683, 76.0802098014643, 84.2547210323766, 89.9708151206005, 92.37341801589757, 89.41373170951569, 76.24748495998324, 69.00344438209983, 63.843314019899765, 81.56684891966945, 84.09633726729132, 88.92252745282183, 93.95070384079459, 97.10379999526278, 102.07497306633806, 109.01894292396184, 110.74908547327169, 109.31046066478972, 105.0909373596852, 101.0611577013108, 93.880168308957, 82.84575107132908, 90.45113426390343, 95.85223727708807, 101.35200447420885, 107.79415688865326, 102.12355815433301, 98.73012014871213, 92.80131509667271, 26.84357587088354, 39.19410380940144, 58.478331563519205, 75.803589995348, 93.43135872658425, 110.24391213915047, 115.94956342102913, 131.31108487707147, 141.85651935915598, 145.73647939108645, 142.95532948363228, 134.91641975104275, 130.97585249160832, 122.6851654557906, 116.06350168742209], [27.781708572815553, 21.40461372671212, 15.775301453839324, 18.510716979496877, 21.727360457936765, 27.679135516055588, 32.83928206666038, 71.74255985770257, 77.11404312084711, 85.24062132640415, 93.29201128614632, 100.64538220914363, 94.34716675449188, 86.54677986187441, 78.333160937365, 38.03901608963389, 29.866912296948893, 21.158992715858922, 11.355251816881955, 4.4248622743704695, 0.0, 12.706702609894274, 20.806839521809863, 27.41935428891056, 36.041164855219236, 76.23778457084151, 82.7905759350306, 87.84366207532803, 95.72373608602155, 102.22699868502933, 101.52082826679124, 96.14634285365919, 89.83481690537836, 83.18379241800156, 77.22888880081024, 47.96407992509458, 52.99217281049734, 63.32400555743075, 63.286525126510476, 72.29306801389326, 80.63326848409831, 86.56954023917733, 89.18812222675356, 86.61492853358162, 73.76626574777055, 66.94520059579754, 62.532491921383276, 77.37576592048242, 80.02380599276455, 85.08779383159083, 90.21906316737811, 93.58333633843596, 98.71861741402004, 105.87790543554341, 107.19825068999245, 105.57898896904328, 101.20867973003607, 97.03861796139616, 89.7746323458892, 78.68929577747545, 86.4888367944031, 92.0763841381669, 97.79190689773259, 104.56053707464456, 98.51220002149125, 94.90413167899773, 88.81136428224674, 29.690276540148528, 38.502933960291536, 56.1248613474239, 72.89294319279269, 90.08675840390383, 106.65834651344802, 112.03411250601886, 127.32305921357751, 138.60812651150835, 142.98621249191694, 140.7501411817574, 133.24044185150933, 129.7935527182739, 122.29960342359011, 116.50901003361047], [19.75856400557007, 13.353354939678454, 13.569605561841101, 23.553845115978536, 20.69786809350364, 22.54307266854352, 26.72075731481419, 64.12989311688493, 69.23626519624202, 77.14726909973692, 85.43110943507739, 93.76130413561735, 86.78404291499908, 78.79203578602112, 70.72874086726495, 26.517017972120545, 18.169630156575916, 10.369108214621784, 7.645386784928216, 14.114512575202342, 12.706702609894274, 0.0, 8.368978835133053, 15.654502378727022, 25.06436304376654, 66.51309870613292, 73.37665954861878, 78.94888648528531, 87.68866153020566, 94.91422699338843, 93.8369917243719, 87.7826976268981, 80.96969954113041, 74.06897112935822, 68.001834008746, 37.968666840016326, 43.84212492118626, 54.19327628319293, 57.472297622697056, 66.76806300085761, 73.90543615471283, 79.40876189048453, 82.48349639078626, 79.57139114008318, 64.51515219508417, 57.63578667287766, 52.919032169450844, 75.74671933998157, 76.30170341809813, 79.64087043680215, 84.5273056625597, 87.40529067736267, 92.71602710044664, 100.60608852724314, 102.16815346606754, 100.85895364472223, 96.85361930386894, 93.28668932932766, 86.6668567756306, 76.4494570343918, 82.14400872689815, 86.80969871177845, 92.20570575430868, 99.26774907073927, 93.1858272941698, 90.10929767953681, 84.82921768145185, 40.79724261844163, 50.29961804738057, 65.65607076298535, 80.70531117619986, 96.47414511007767, 111.40674514424562, 114.23291215526446, 125.52650093163088, 136.74669939679598, 141.09544645142637, 138.72671011188973, 130.79095259751355, 126.65825262533096, 118.50877050983588, 111.2883127301083], [16.091629650629237, 11.888037886783584, 17.401255611660723, 29.17084187808934, 23.774656872728173, 22.058816730373795, 24.379764722060482, 58.20836768995257, 62.99020671984864, 70.65983944826324, 79.01937403139563, 87.91282028865868, 80.63316516721383, 72.62024463285451, 64.75128184542199, 18.391894269434374, 10.477742526102462, 6.503799624165707, 13.187338394219738, 21.80459789781371, 20.806839521809863, 8.368978835133053, 0.0, 7.726467430163087, 17.492919550311175, 59.062053138436575, 66.03687123515893, 71.85128824304941, 81.01837847066167, 88.62940985014055, 87.37705883502466, 80.96417630189379, 73.91498383961888, 66.93869055924812, 60.86334646337129, 31.05607802155066, 38.00920873567038, 48.77666055490839, 54.66750783391974, 63.982489698833206, 70.15081783129526, 75.06108659129521, 78.08852609279182, 74.65965200322091, 58.29855088406154, 51.12221272326508, 45.86151969994602, 75.70273466588124, 74.80847123748596, 76.77655503763626, 81.31793310547538, 83.62532875330628, 88.79251954318605, 96.82964235983532, 98.92558803383653, 98.01859998521446, 94.45790220555696, 91.48114294416196, 85.44147915316951, 75.958628434804, 80.03534181175046, 83.86175712964005, 88.74595070707969, 95.57182965861341, 89.92198169849745, 87.45310758886981, 82.93189086677363, 47.81096938978361, 57.45143765115413, 71.82435854103042, 85.87780550654189, 100.8938459295132, 114.70877843381803, 116.00325015691394, 124.6018159424158, 134.9439593311999, 138.89372899801006, 136.1361403578703, 127.71980727719155, 122.9917419770304, 114.26403971814814, 106.1035069588861], [12.783962238460385, 12.498441049709077, 21.04387900976863, 33.138887726135046, 26.287072295321703, 21.614443087736493, 21.590522747425222, 51.064669011214406, 55.6736814525072, 63.235148388916336, 71.62173026058366, 80.7591124439236, 73.31803460164058, 65.30486415230591, 57.55433606880316, 11.32933187619967, 7.525836720476667, 11.102380532436321, 19.95102866991507, 28.451479893681544, 27.41935428891056, 15.654502378727022, 7.726467430163087, 0.0, 9.795022449560797, 51.459832660890896, 58.5088392556875, 64.42372377780659, 73.76126850864837, 81.49387639843572, 80.07675081494934, 73.53184791553976, 66.38854451326925, 59.348628371031886, 53.25205550547709, 23.644607346900756, 31.653039615715738, 43.22712358837894, 51.026542335751984, 60.209270132965074, 65.62116121951668, 69.8515493757223, 72.48695017006882, 68.47074777506556, 51.5415379219025, 43.942904284302436, 38.24008990108181, 74.09928575800986, 72.06483078135204, 72.8664357460398, 77.00021874501977, 78.68860875124182, 83.51743212990776, 91.36809400120508, 94.15104518638174, 93.70327368594803, 90.64254896663977, 88.26724326966361, 82.78398851202562, 73.9721678741892, 76.66643498948972, 79.6986343425342, 83.95175922333495, 90.23904534832475, 85.28216073421027, 83.47236197848521, 79.68874011487863, 53.69714709305196, 62.14250137723728, 75.26936488086136, 88.25713324315394, 102.59612576722095, 115.30558119205075, 115.33523048156441, 121.69867354994787, 130.7180237953551, 134.15139221939833, 130.99301665769764, 122.21173769032451, 117.10332930979213, 108.17313228002882, 99.80429376973488], [13.658715967245856, 17.931462986007496, 27.472762665803682, 39.019031943718545, 31.196372170704425, 23.91424344769886, 20.79580622035621, 41.8284963655433, 46.23871068202011, 53.69403744691244, 62.10699496256887, 71.48378099739881, 63.83984015524429, 55.82502993847611, 48.225602201559205, 6.829788596165624, 13.227783204480295, 20.083507773896294, 29.09348771068462, 37.151635561005186, 36.041164855219236, 25.06436304376654, 17.492919550311175, 9.795022449560797, 0.0, 42.000157273919456, 49.15603511734885, 55.1713677199055, 64.66339536339737, 72.46579490152071, 70.7943945833593, 64.13991024348877, 56.905917199834626, 49.76133326360791, 43.617357966909694, 14.325441669715355, 24.205832269346867, 36.95852608895213, 47.120426613890814, 55.898130571825746, 60.25040878614989, 63.45451715139897, 65.40320988639623, 60.54387795475137, 43.12239333487294, 34.842519771633874, 28.475859483600967, 72.34357175563434, 68.91407443893362, 68.190167904316, 71.7082737483758, 72.5143465367022, 76.78549078810359, 84.24675584154079, 88.0014393127918, 88.1949158238927, 85.84178303436782, 84.29089251802755, 79.58510804507995, 71.73372048110699, 72.62357778461238, 74.56428793195188, 77.88701937868778, 83.31286146569886, 79.40898038889172, 78.5250247890645, 75.76176193288197, 61.36918960946267, 68.09961280384397, 79.5427145834074, 91.09774894376858, 104.50119923912284, 115.75337561714217, 114.23719815373858, 117.79712347578536, 124.94243662848375, 127.66750903640495, 124.00031115772809, 114.80221337580866, 109.27451310961139, 100.245324162078, 91.89299998183219], [51.55246436111973, 58.24465222430879, 67.34896380167889, 77.02573046265415, 69.31802105556294, 60.27625431970339, 53.7130037147469, 22.98211325356352, 18.978598312005392, 19.50449758025397, 26.219468489409255, 38.22663513936463, 31.01911253096861, 25.967155510033923, 24.30493051038881, 41.56191672306523, 51.48914136105315, 59.7887678315832, 69.00451149320081, 76.74136471505005, 76.23778457084151, 66.51309870613292, 59.062053138436575, 51.459832660890896, 42.000157273919456, 0.0, 7.564557973700445, 14.504749272625466, 25.599104677391157, 34.78540657341355, 32.237144680953755, 24.062250464696792, 16.09341657044032, 9.653287367653881, 6.387609440054158, 32.329944214782714, 38.28735949736292, 46.54957898945564, 62.30090397068661, 66.90892703424662, 65.37591881429796, 62.39930540496737, 59.67838348827718, 50.111600680981375, 36.21044188479311, 27.847003356078908, 18.581211992863597, 89.57716306931182, 81.71