{
	"dissimilarities": [[0.0, 7.62104652140866, 14.673232875103254, 23.817361253724854, 17.59521734220535, 10.44842002540671, 6.512288359517337, 41.80629398377179, 48.85867258052277, 57.34742341783716, 65.48938239153549, 73.21670578530387, 65.64602589873286, 57.483210099049145, 49.09914348327911, 18.785269482061416, 18.518747079374183, 20.79369979700373, 25.88515968326193, 30.185469780403203, 27.287546737687958, 21.09336130365765, 16.0355353167309, 12.174052985726034, 12.588775046962828, 48.2490461897895, 55.62240706977161, 62.25016236679211, 71.66005524472187, 78.45515531288041, 76.19902843436934, 70.08212125098059, 62.815705411470645, 55.562416919461036, 49.50078966853735, 19.99571483577389, 26.789358299217582, 35.98914650144471, 37.611110030405435, 48.0273757942922, 54.06617985402905, 58.76754055432158, 59.48183616057747, 56.79868683791791, 46.07792605752109, 38.52821628179069, 34.742340458734624, 64.94740295215435, 61.472155322321186, 61.577004881530584, 67.04943266347884, 67.96455667160441, 72.75588754956419, 81.67603271534118, 82.03052562437243, 80.27979095605346, 77.87526471839132, 74.13849680891099, 69.87604314249897, 65.43492456216752, 65.79356012242563, 69.0469245981552, 75.57546967404681, 80.09977727355823, 76.35663653283983, 70.53561563159361, 66.68049888491619, 55.27592535061086, 53.65794682123083, 61.114254958282, 69.83705604920947, 83.34727746194359, 95.0121468761759, 98.61541593049697, 105.17611305990565, 113.96815006369854, 120.05598590275879, 117.31252752662495, 108.31887626221425, 106.55476974438828, 99.25990717220525, 95.18542614546324], [7.62104652140866, 0.0, 7.760763798130176, 19.028790022772462, 14.169705763892873, 10.59685008391772, 12.01953994415269, 49.18593437976982, 56.04852885354222, 64.38307808432445, 72.64261075252038, 80.60555641006533, 73.04982153180751, 64.8696835629296, 56.519950186913306, 20.59959838353697, 16.076231714499546, 15.6778200404377, 19.593144375098188, 23.61725954629842, 20.405294025562917, 14.015937908856223, 9.892199648654234, 9.718181243116533, 15.622016020003214, 54.26455423634199, 61.674403456665786, 68.4990780153176, 78.07183474999292, 85.1762481970903, 83.05626490497137, 76.74841987732118, 69.41469417286001, 62.13287718407681, 56.00766436112662, 25.481861900268807, 31.958748540938476, 40.232381139038154, 41.54803900841788, 52.119432474364125, 58.37789080895734, 63.778396636051895, 65.33940993433909, 63.46089877684944, 51.81919213212763, 44.824076795972566, 41.19368441199202, 67.56264752469068, 64.72977712729953, 65.59418420406944, 71.55670256920348, 73.14663333424782, 78.3325985324772, 87.80784003642225, 87.60112184353132, 85.26317319254011, 82.3222467403589, 77.92222740538294, 73.10503959672388, 68.54821813159204, 69.57172375247988, 73.56192952055558, 81.11175141687093, 86.00027768786474, 81.87420408856241, 75.04256750140259, 70.45021146881508, 50.39640985790632, 50.076313464299545, 59.05158484797591, 69.3125725548728, 83.71073722593042, 96.34340781593181, 100.98990871945479, 109.26674380252818, 119.85009841387607, 126.58913538604038, 124.32211885415995, 115.59053574184509, 113.98900469334129, 106.46383770506394, 101.71786801619706], [14.673232875103254, 7.760763798130176, 0.0, 12.402920414100423, 10.58098578809985, 12.639321219222612, 17.243447340675992, 56.47311455903991, 63.479664003699725, 71.89872594907754, 80.06092414211565, 87.7260745643444, 80.28748143064865, 72.14481414121313, 63.75095523743381, 27.551516005270614, 20.79267429642375, 17.198849275170883, 17.287370389093713, 18.4646227256325, 14.801813770106754, 11.192732555924357, 11.477839524282738, 15.586789055179192, 23.12826126843583, 61.98791084388456, 69.35609047228705, 76.12522651941448, 85.49208989504716, 92.40775790744235, 90.40302693004251, 84.27307097487815, 77.03680604347896, 69.79821022131915, 63.70089682266413, 33.12058954910922, 38.548881611215144, 45.526086070096575, 44.81644033715669, 55.50015114118182, 62.42367864570048, 68.53439549322593, 70.51529478834067, 69.3606077223897, 58.3418416891595, 51.97453956959001, 48.87033143994366, 68.17463935069937, 66.5604548642461, 68.71036777556854, 75.11298736609116, 77.43243353186517, 82.75284991632563, 92.301516267552, 91.57129965507377, 88.72876073232761, 85.17040223811343, 80.08551071862738, 74.43316583280725, 69.76589504934618, 71.89150641542984, 76.90690051575741, 85.26218551423419, 90.27007516620363, 85.96294064128668, 78.25315844824343, 72.71039076182724, 45.40911221440082, 44.12725156854114, 53.64494259530263, 65.10681902117949, 80.3491438382417, 94.06662186040253, 100.0148877550148, 110.99259186946986, 123.02756279101084, 130.3274663245549, 128.71891265101644, 120.55093003255624, 119.59890566782967, 112.49091154944685, 108.2498083655284], [23.817361253724854, 19.028790022772462, 12.402920414100423, 0.0, 10.490844158388116, 17.924282035307133, 23.674477053294947, 63.84744026306899, 71.28449904794533, 80.00148374133798, 87.70494775512911, 94.25567374029453, 87.17891439948525, 79.25334548015137, 70.81914763425759, 39.54061798848968, 32.92982631543665, 28.24400190979534, 24.79867491094625, 20.57584861908818, 17.641983015428764, 20.37114461480832, 23.32179973157762, 27.803872122669045, 34.592480269610476, 71.8945710686171, 79.10134286510524, 85.46312867117605, 94.07100881595905, 100.063851299725, 98.17463577632174, 92.77825502845961, 85.91027939773957, 78.8538504618591, 72.93703205968123, 43.43749575249238, 47.25666025856999, 52.58071244940843, 47.5551706592159, 58.14782442717267, 66.34395803370856, 73.1110957401567, 74.84713878484328, 74.30767548871954, 66.12608831622408, 60.48379288280268, 58.286357724461915, 65.69490631764486, 66.36900368162532, 70.67126976192839, 77.37931334136421, 80.48806614507592, 85.48260720577036, 94.23842394151686, 93.05743652535955, 89.87251166876796, 85.58426854111387, 79.80770916227624, 72.84438593141331, 68.09811899482455, 72.10225365315114, 78.59253281041882, 87.33098459667205, 92.01312423330238, 87.89409840413396, 79.58585512270575, 72.76749047474335, 41.457123935363974, 33.64139029373978, 41.45983018522475, 53.754247308522054, 70.10082285608016, 85.35285009374935, 93.2203632085774, 108.81656393424937, 121.60850666916014, 129.23659555724615, 128.5679036567404, 121.49503086040482, 121.96648647555085, 116.28882557125745, 114.3332480377502], [17.59521734220535, 14.169705763892873, 10.58098578809985, 10.490844158388116, 0.0, 8.784170323945453, 16.00168690166974, 56.62216507386806, 64.47776309102048, 73.2699284105994, 81.12125893145166, 87.96180210935616, 80.23435689014593, 71.97968397275606, 63.6924117479382, 33.885522748479, 29.630686524615218, 27.444839944122045, 27.630042187667048, 26.89630081089314, 23.245183729335952, 21.528190017358682, 21.35963811082257, 23.481452645754963, 28.38526808223128, 65.25398199707487, 72.7311801235935, 79.31268285470188, 88.6135670607225, 94.86638345757042, 92.48445032961574, 86.71900556285486, 79.48325026286747, 72.20515561533942, 66.17226299346147, 35.61703157469324, 37.596304177820585, 42.19007935697317, 37.66404819804118, 48.306669214712464, 56.17787768939141, 62.941642778065045, 65.07085684798365, 65.00955419628829, 56.21315658822907, 51.298556951037725, 50.419528147178504, 58.33002342171638, 57.669568494187786, 61.07754893658342, 67.75614012755676, 70.76866383529199, 76.04170233182448, 85.49569085575497, 84.15462307795983, 80.86859887747991, 76.7830693073323, 71.23682904687375, 64.963408271163, 60.247229051062625, 63.26360721963818, 69.20468023720616, 78.14340940871342, 83.19682890463042, 78.75823020877482, 70.35149184160578, 64.00816482352278, 51.099424264531486, 43.455309233327746, 47.83791179560132, 57.04941645284093, 70.87822985456638, 83.85856427320893, 89.606108742792, 101.50566314051785, 114.88882700869428, 123.31426572587394, 123.16493557565052, 116.29884080699708, 117.0013951441999, 112.1910305724319, 110.74840558377596], [10.44842002540671, 10.59685008391772, 12.639321219222612, 17.924282035307133, 8.784170323945453, 0.0, 7.639070018969911, 48.01600494219236, 55.88456407642332, 64.65630228305982, 72.57370467165028, 79.64465670658291, 71.74486888387447, 63.41199979129393, 55.14892432133247, 27.463921661890968, 25.826415748330817, 26.117486069243824, 29.05081612022163, 30.831437400305994, 27.301820949254882, 22.97139571281793, 20.041818216920042, 19.146633673962143, 21.41826888171586, 56.75434508226958, 64.25707704829927, 70.84040623899595, 80.3147747000041, 86.67515769517966, 84.13268192205821, 78.23306369994094, 70.90942290295513, 63.594359939339, 57.55636817825664, 27.25437066014073, 29.463294036446534, 35.3115871872816, 32.75260698584962, 43.52988258219088, 50.77618592333577, 56.78001497459507, 58.38377673400622, 57.51316035794512, 48.22514277465937, 42.7360695881335, 41.689252126459266, 57.21418299290272, 54.9782061095755, 56.81843954684421, 63.013319341343376, 65.16946305943743, 70.30146110066653, 79.69940299701477, 78.97690306082178, 76.29077975415372, 72.9348793295749, 68.2140810326644, 62.95117102846348, 58.345780734897716, 59.9863983763818, 64.71394725646581, 72.72154521233665, 77.64955498554275, 73.4117169616175, 66.02580541178288, 60.810038144062766, 55.921966749578154, 49.88056907516829, 54.18994795419504, 62.021027999752675, 74.80322621900265, 86.41444933760641, 90.531339979857, 99.1212526264319, 110.74238808476622, 118.53061069205086, 117.64295605559377, 110.15338250485199, 110.20068724545438, 105.06196978432081, 103.29360991236003], [6.512288359517337, 12.01953994415269, 17.243447340675992, 23.674477053294947, 16.00168690166974, 7.639070018969911, 0.0, 40.74637576388464, 48.48974097496757, 57.275348632202416, 65.14137866498243, 72.20557079959376, 64.45773573002698, 56.221988589408824, 47.87833703457266, 23.922248755571637, 24.78109740487263, 26.860529551002713, 31.182802145616645, 34.216424350104475, 31.103405236879095, 25.916380239674773, 21.58551498212894, 18.289441209872596, 17.46779986540271, 49.84815955684625, 57.211886200510484, 63.60649589398297, 72.84217922944099, 79.07062985712975, 76.56311794287015, 70.7848196797784, 63.5850424239887, 56.358481165865896, 50.40327326574633, 21.662971530390397, 25.397210764505243, 33.152917694163584, 32.25800924602586, 42.81570176388505, 49.487455093446314, 54.45385707115856, 55.00111141779773, 52.77859017643152, 43.839643615737295, 37.17628097324696, 35.11016829560026, 58.81971163291498, 55.66464828801372, 56.28682894329032, 61.823599850336315, 62.978206158926405, 67.65202818708457, 76.39098828354055, 76.53416580278456, 74.67670848859902, 72.09290367797753, 68.26191242816765, 63.77925422669015, 59.32380706873089, 59.99729055885812, 63.61362848039721, 70.23773475869675, 74.7031601523427, 70.9746162213709, 64.98935135731978, 60.847774423555485, 58.41873931424762, 53.50137690173151, 58.27206827503322, 65.46307168852337, 77.98697620033035, 88.9985884698844, 92.22818415972279, 98.92731010690665, 108.01968270648311, 114.60941693407639, 112.61768324745752, 104.34354355955604, 103.59669227530726, 97.8078056959399, 95.71881543750217], [41.80629398377179, 49.18593437976982, 56.47311455903991, 63.84744026306899, 56.62216507386806, 48.01600494219236, 40.74637576388464, 0.0, 8.9416770372939, 17.72027219367832, 24.974945291913514, 32.57390002679625, 24.025248906748356, 15.685017907172883, 7.436437239360392, 40.08852954855418, 50.009570604647536, 56.83023384215983, 64.24965468580385, 70.1274535442914, 67.96942931204052, 61.19544374243518, 54.833612440274564, 47.6668738426192, 38.45866667189356, 20.764833392277243, 25.07205182701436, 28.785255583532173, 36.89541131738202, 41.99371708442767, 38.213770555903025, 32.85510140062228, 26.23960348705851, 20.20652619382186, 16.55556076910417, 28.298940258775293, 29.934396963337598, 37.82344094471027, 44.980683689424, 48.91172113424241, 49.505082539962736, 47.071472966788505, 41.79416594981738, 31.872500854477426, 28.87309386276029, 19.67060977517967, 15.140956587316074, 72.1946185798818, 64.56002047602368, 58.4130785129047, 59.10103049865016, 54.47545842799483, 55.8692453401726, 60.27524015897715, 65.06507034289535, 67.82831077701486, 69.96748319342386, 71.44275579036686, 72.27142723365459, 69.53546960196718, 64.62619736550326, 61.24201397457296, 59.28885430105579, 60.891955090008985, 60.2233905230271, 62.831667191017544, 65.483498001023, 90.84996442740564, 88.45131767913416, 91.66923243729663, 94.20562440020798, 102.35438279751115, 107.85831018073448, 105.00888749378412, 98.03446389228404, 94.7861130966053, 95.89940597088328, 88.94446280139285, 77.11792763782603, 72.01726727498313, 64.57670568181271, 62.22030544400769], [48.85867258052277, 56.04852885354222, 63.479664003699725, 71.28449904794533, 64.47776309102048, 55.88456407642332, 48.48974097496757, 8.9416770372939, 0.0, 9.007097126294243, 16.76869073752611, 25.810210924869054, 17.94438144465097, 11.056638658787806, 6.406299515240681, 44.92946808363968, 55.055012376026454, 62.09869544181737, 69.66536114145156, 75.97394839931316, 74.09519710531545, 67.2232951507513, 60.82061334223604, 53.5632253631533, 44.29142692976113, 16.743372729729845, 18.462286897812717, 20.61438166937202, 28.0611521112011, 33.37204232506027, 29.515330257127125, 23.91979570263168, 17.57819007534183, 12.46843244193776, 11.037610719084364, 34.44830698215627, 37.33237802161355, 45.361236798643205, 53.64377765315233, 57.04906062038926, 56.81864215878712, 53.476257359270235, 47.762651525628115, 37.12104411437395, 34.46423717153741, 25.727454601977886, 19.675455564644217, 80.5781740255942, 72.66552979954069, 65.88179954473786, 65.94773596911075, 60.61102795534787, 61.429905378444566, 64.7834151820883, 70.37870670396316, 73.87888004097027, 76.70229889148602, 78.83709476067656, 80.2427642457057, 77.70931254826174, 72.32667621968454, 68.12702668161752, 64.90512614620668, 65.88931032670895, 65.84472542427157, 69.72389348890952, 73.17132971525118, 95.76633787983529, 95.00823715111837, 99.26840051223184, 102.11855771766356, 110.48603539810563, 115.90429139661676, 112.7422453451403, 104.40471272717878, 98.6830311174459, 98.06775179763295, 89.38880963574724, 76.27510232206278, 69.07402817651749, 59.41563633141749, 54.68614771005543], [57.34742341783716, 64.38307808432445, 71.89872594907754, 80.00148374133798, 73.2699284105994, 64.65630228305982, 57.275348632202416, 17.72027219367832, 9.007097126294243, 0.0, 8.859774211047032, 19.9864222065095, 13.266320205631628, 10.531323814505894, 12.874899406647454, 51.8655982308537, 62.17571065577588, 69.42631290633975, 77.17182250974852, 83.81488743404418, 82.07616101731854, 75.05762671655296, 68.59030711136539, 61.262140789812314, 51.934979180885016, 17.79493231949582, 15.551405973747357, 14.476777070827712, 20.5802812894485, 25.91721591842322, 21.49609946543275, 15.468252326720204, 9.840128901812008, 8.43490891352325, 11.994596186155997, 42.09024493040265, 44.90528591281915, 52.39099911579555, 61.567164955718155, 64.14575727904723, 62.946867627387604, 58.63177943075798, 52.56486558722655, 41.58444185432842, 39.64796646262437, 32.09515320909079, 26.532676870080728, 87.97516826293051, 79.62527472326825, 72.06229759593089, 71.40957666210319, 65.36315340568993, 65.61239966862034, 68.02666891551499, 74.29182066696757, 78.47434062553658, 82.02358866988502, 84.89478677695439, 87.05799200417611, 84.80602755809771, 78.77604231520868, 73.62770991382375, 69.14379078488429, 69.58084468561228, 70.08569049478186, 75.23285716084516, 79.60628136184069, 103.14448488389903, 103.37277656857606, 107.99501598606732, 110.71097692160906, 118.77850512230714, 123.6377754501875, 119.77690910677589, 109.34154022019361, 101.47115774416967, 99.51575120391131, 89.55709432716174, 75.57237054141797, 66.6204824872222, 55.55128697358839, 48.92859923173293], [65.48938239153549, 72.64261075252038, 80.06092414211565, 87.70494775512911, 81.12125893145166, 72.57370467165028, 65.14137866498243, 24.974945291913514, 16.76869073752611, 8.859774211047032, 0.0, 11.929062735716245, 8.485022986937395, 12.641018741711484, 18.586677808406563, 60.628504118528724, 70.80724962483887, 77.91932293666221, 85.4494287354539, 91.86295782065133, 90.20006083531679, 83.42823112610566, 77.07177046162359, 69.8242360385286, 60.5833660503343, 25.89988395911111, 21.845720764321168, 17.609362383121343, 18.075424317292086, 19.998978745411375, 14.883308190834658, 12.089283914684321, 11.96808935105742, 15.552405522580615, 20.48443905357328, 50.78808566608486, 53.03694074365638, 59.71983558793236, 68.02664543029206, 69.81925647052702, 68.26422060002567, 63.16377738657831, 56.18591785435412, 44.74751774695853, 45.99906369658819, 39.65219252809767, 35.20671909393335, 92.7531995594256, 84.47992670155968, 76.69557802103968, 75.2874014356522, 68.61544341797725, 67.90032909895638, 68.51222636117139, 75.63330109569206, 80.70704113488544, 84.93722639532652, 88.58953985804787, 91.26591655797372, 89.32611111121435, 83.04902292719659, 77.2622943899222, 71.14233741418245, 70.58884106039592, 72.02434808439759, 78.71482411643404, 83.80791068602426, 110.18114371104711, 109.89388207262367, 113.8997870201409, 115.80041848634824, 123.17852772890376, 127.26842199353504, 122.71323349259102, 110.92093215514465, 99.92815950436325, 96.1620307367832, 84.82097576697778, 70.09383796150739, 59.83524030176057, 48.37165591624357, 42.749026157472386], [73.21670578530387, 80.60555641006533, 87.7260745643444, 94.25567374029453, 87.96180210935616, 79.64465670658291, 72.20557079959376, 32.57390002679625, 25.810210924869054, 19.9864222065095, 11.929062735716245, 0.0, 10.25059709486301, 18.709091401563118, 25.392847526082356, 70.50113559360724, 80.29798257258228, 86.99075806163931, 93.97175527435738, 99.67960630452343, 98.05285460328733, 91.874911403213, 85.79845486363497, 78.78452006350801, 69.78911086947642, 37.530979420888244, 33.555942559428914, 28.58832704607898, 24.506920148930508, 20.273044447258386, 16.179735114803766, 19.938463986666605, 23.270597160427574, 27.351528179074343, 31.91038930627184, 60.17316592505023, 61.63162686949601, 67.37322175235215, 73.38323779350684, 74.4517716719281, 73.11896459632139, 67.51685729181455, 59.28070551011395, 47.50826137099931, 53.568289492146405, 48.299875682436806, 45.11687352204748, 95.17984587948823, 87.55398896372218, 80.16179540163768, 78.02054572207096, 70.90515247162774, 68.887065068293, 66.81155954080052, 74.92200276197109, 81.0428418236935, 85.85111734085979, 90.269753209118, 93.17244257811862, 91.57930412317631, 85.5145604639711, 79.47401059943849, 71.46312806387772, 69.47196072449798, 72.21386855961259, 80.60989324197246, 86.14286711094726, 116.44653934873875, 114.3591150201451, 116.8856244519239, 117.3571193272197, 123.66435253879173, 126.79677504676857, 121.61521235178897, 109.37990349364065, 94.19552970740875, 87.95592070558403, 74.93827827791982, 59.42248665057841, 48.15437368820121, 37.551530719416746, 37.57268760836042], [65.64602589873286, 73.04982153180751, 80.28748143064865, 87.17891439948525, 80.23435689014593, 71.74486888387447, 64.45773573002698, 24.025248906748356, 17.94438144465097, 13.266320205631628, 8.485022986937395, 10.25059709486301, 0.0, 8.8695489375046, 16.662762528660156, 62.755293637009665, 72.94386543592734, 79.91680215920276, 87.29304767756541, 93.21402707566646, 91.31463279518127, 84.72989990384156, 78.41501777073148, 71.21488625302698, 61.937258144293324, 30.79541695191622, 28.357102971891347, 25.430747766013507, 26.364687617799422, 26.384220135804657, 21.365991464651717, 20.404785271604723, 19.71866492185731, 21.36992891818604, 24.88379436698475, 51.639023439142086, 52.046248152287966, 57.36380066779641, 64.09696371505255, 65.05848808297267, 63.45447188516489, 57.963738170022076, 50.18975529570522, 38.499046638379156, 43.323942572456545, 38.316130177200165, 36.19893453728928, 86.9395013726594, 78.7935668172683, 71.0456727318584, 69.17159765332278, 62.23798863280603, 60.912236026937094, 60.58793082289656, 68.02066093286402, 73.48421241822618, 77.98308806842938, 82.04791440517221, 85.00563919249849, 83.31299007134237, 76.93538443960988, 70.88811524129316, 63.8863909768247, 62.83149901339711, 64.72007987944245, 72.19292894548484, 77.63053168519593, 111.84704230366677, 109.34689000724467, 111.48294628454781, 112.01547025808388, 118.12759503200881, 121.13820057588296, 115.82003543720694, 103.14544100779953, 91.46164244245988, 87.97501791696227, 77.3547657978776, 63.36768467698551, 54.73218101417627, 46.825477091853976, 46.667260825899035], [57.483210099049145, 64.8696835629296, 72.14481414121313, 79.25334548015137, 71.97968397275606, 63.41199979129393, 56.221988589408824, 15.685017907172883, 11.056638658787806, 10.531323814505894, 12.641018741711484, 18.709091401563118, 8.8695489375046, 0.0, 8.502791907910956, 54.763216704819015, 65.05680796536603, 72.10505422115236, 79.63922438724079, 85.61932842936832, 83.55433539795932, 76.77802013022594, 70.36670660369957, 63.11030117383236, 53.74326907806055, 25.41202257057257, 25.166420248469546, 24.808305680158487, 29.578783512317795, 32.226398045355445, 27.387774247016512, 23.797287851053575, 19.755507718425736, 18.027573181688236, 19.44382499689552, 43.158035554719596, 43.18574951065304, 48.7349142203239, 55.90183670845854, 57.382820010357165, 56.089658400226774, 51.23938687478238, 44.11541589343699, 32.61204052058089, 35.327792920095874, 29.64576186538393, 27.833870444577805, 80.14203449069959, 71.85382421469203, 64.25072927329745, 63.03435910205424, 56.640288892167035, 56.22917660252126, 57.777014407645176, 64.33226826388689, 68.917763860087, 72.76960441893493, 76.1274992886665, 78.65766884322748, 76.69613818781083, 70.47162680193242, 64.96835334524147, 59.50033479674169, 59.46445370795096, 60.39858626852258, 66.41621574782407, 71.23323280858605, 105.40436618935139, 102.72100957974739, 104.88346018085456, 105.83198023577394, 112.27564834547985, 115.76225002498488, 110.91933557254845, 99.3368714724916, 90.99703209405452, 89.66589884206773, 80.8247837578156, 67.91979953979771, 61.071973491768304, 54.058916379500026, 53.323187386265545], [49.09914348327911, 56.519950186913306, 63.75095523743381, 70.81914763425759, 63.6924117479382, 55.14892432133247, 47.87833703457266, 7.436437239360392, 6.406299515240681, 12.874899406647454, 18.586677808406563, 25.392847526082356, 16.662762528660156, 8.502791907910956, 0.0, 47.2238573301779, 57.21975538497445, 64.05605573153093, 71.40947446434994, 77.22259256950043, 75.14456426636761, 68.49520966359216, 62.17713917716386, 55.02325204484332, 45.81325642513672, 22.452233960157592, 24.521451124868324, 26.294106244642656, 32.76651066844224, 36.632903757618514, 32.48778674647051, 28.0397578614972, 22.504384327243855, 18.17648503323899, 16.89871305037289, 35.591921613550525, 36.51778390920322, 43.26445901148125, 50.03264902472155, 52.82717736075137, 52.679118060350234, 49.09229593534743, 42.68481154243576, 31.683533887262108, 32.10371130997256, 24.54027318609522, 21.349389799963415, 75.63911626164752, 67.82507726781257, 61.11035479015835, 60.88737733657581, 55.3935361842246, 55.83329383367749, 58.682942564357276, 64.41384214005355, 68.12302609173327, 71.06988058550475, 73.45159334496847, 74.99998464551328, 72.61675169168272, 67.18944961576484, 62.86917376829103, 59.120559921139495, 59.83203008356974, 60.02969568245386, 64.3585419036864, 67.9902887920778, 97.15659405685882, 94.46574568269318, 97.11761319612138, 98.8266555584375, 106.20572833119624, 110.82349284008276, 107.1144733025543, 98.30578308608015, 92.32484574132837, 92.08311420912099, 84.08919171415727, 71.65101057826027, 65.74753117857274, 58.39420656071235, 56.997155478979806], [18.785269482061416, 20.59959838353697, 27.551516005270614, 39.54061798848968, 33.885522748479, 27.463921661890968, 23.922248755571637, 40.08852954855418, 44.92946808363968, 51.8655982308537, 60.628504118528724, 70.50113559360724, 62.755293637009665, 54.763216704819015, 47.2238573301779, 0.0, 11.335194914793743, 19.639271407448216, 29.038684267081464, 37.51339927418345, 35.39712839060192, 26.51390802721338, 19.536468606366913, 12.345315915278515, 6.470309402753318, 38.03415926245339, 45.41738744644966, 52.85667406108982, 63.653165726397816, 72.39303382883926, 70.15165121321226, 62.58465955340581, 54.80628381219776, 47.513847017574506, 41.36075053015419, 13.893405960257837, 25.612334253765038, 37.100611338599826, 46.736343277356696, 55.57346157077467, 58.710079943598686, 61.84400991571426, 63.092565677026364, 59.509670093949616, 43.53900056896957, 34.831149732089536, 28.113779139774735, 77.41476580701521, 71.50092863978655, 68.66884065927319, 73.33334534240883, 73.0322103627678, 78.12693617115258, 87.93073771371373, 88.88240760158963, 87.61264887500498, 86.29136794020879, 83.5558430603039, 81.14403511642469, 77.06376994269604, 75.093323918708, 76.11444447623921, 81.85558415046003, 86.715768505879, 82.80822859552849, 78.04629648189518, 76.12952700938669, 63.56619634716692, 68.85542660802813, 79.1519325608775, 88.57383016931819, 101.75448849049799, 112.43077385347455, 114.5148216131156, 115.96896612229341, 123.94136577921148, 129.40311988308005, 125.23212125664543, 114.67756742912108, 110.416903831956, 100.34871715575174, 91.43988529374744], [18.518747079374183, 16.076231714499546, 20.79267429642375, 32.92982631543665, 29.630686524615218, 25.826415748330817, 24.78109740487263, 50.009570604647536, 55.055012376026454, 62.17571065577588, 70.80724962483887, 80.29798257258228, 72.94386543592734, 65.05680796536603, 57.21975538497445, 11.335194914793743, 0.0, 8.442191852786754, 18.06256768345904, 27.038249313304682, 25.18619224639939, 16.26613977576444, 10.110802143867025, 6.709953540710471, 12.46092173600115, 48.58146124944225, 55.68244603312909, 62.90402243572639, 73.06747009827009, 81.56863592075311, 79.75201486326645, 72.5273100358008, 65.06321516796791, 57.954010174124946, 51.905427543130344, 24.013790139035816, 34.34700962056249, 44.61530098829089, 51.675739550610835, 61.36649634995398, 65.6450098820678, 69.89435767708167, 71.67067534845799, 68.80984080009878, 53.5173600836125, 45.365014159542206, 39.086368876943645, 80.48634428887515, 75.954806268095, 74.7248440177386, 80.1245452357572, 80.75913848819876, 86.11399293192407, 96.07928477786308, 96.4783441383944, 94.5995877380268, 92.47391574325064, 88.80635046563616, 85.24234575681858, 80.89325610684729, 80.30057928254404, 82.69786868804294, 89.55843535724873, 94.5953016819196, 90.45018567399778, 84.50139378608897, 81.29025564992847, 53.736937870767115, 61.06493276069011, 73.58302346140407, 85.01681674554956, 99.7840155141728, 112.19823632401977, 116.10938890764508, 121.20969904007461, 130.73221858873094, 136.5614142123458, 132.75426065099714, 122.48854414288394, 118.61678692052308, 108.26127220929192, 99.14241445712229], [20.79369979700373, 15.6778200404377, 17.198849275170883, 28.24400190979534, 27.444839944122045, 26.117486069243824, 26.860529551002713, 56.83023384215983, 62.09869544181737, 69.42631290633975, 77.91932293666221, 86.99075806163931, 79.91680215920276, 72.10505422115236, 64.05605573153093, 19.639271407448216, 8.442191852786754, 0.0, 9.694007770420852, 18.90818980474953, 17.356861800257263, 9.013674099036917, 6.283671912709718, 10.428799852968028, 19.433800849915826, 56.372214629660384, 63.329359013876456, 70.34867003382459, 79.99683932595835, 88.15262573012045, 86.59684834891169, 79.72158279822445, 72.4953065972371, 65.49525396416932, 59.5102817463554, 31.466394510530453, 41.03618538849637, 50.52631469086402, 55.449177897051655, 65.60060922405066, 70.72655244146083, 75.65169007497123, 77.58796959744062, 75.11712536709167, 60.72002805427306, 52.83311810171857, 46.8261194825841, 82.41319604804737, 79.02404407956284, 79.01435298494033, 84.84670369616526, 86.08036764470059, 91.4935754600795, 101.36356837047101, 101.43691449670315, 99.21106011494558, 96.54715970292041, 92.2800762153523, 87.86910775301912, 83.3616481200929, 83.83054152016601, 87.2044000079519, 94.6729331824433, 99.71880439572195, 95.50966892538673, 88.87674187585235, 84.76834295349528, 46.04832912840102, 54.52411306151331, 68.61681723934716, 81.46736370711751, 97.36670744676466, 111.05557602350025, 116.35479519720533, 124.31848177170116, 134.6792499194747, 140.66957718123703, 137.1375066447615, 127.1613753182008, 123.70019947000145, 113.36845077342429, 104.55098227839287], [25.88515968326193, 19.593144375098188, 17.287370389093713, 24.79867491094625, 27.630042187667048, 29.05081612022163, 31.182802145616645, 64.24965468580385, 69.66536114145156, 77.17182250974852, 85.4494287354539, 93.97175527435738, 87.29304767756541, 79.63922438724079, 71.40947446434994, 29.038684267081464, 18.06256768345904, 9.694007770420852, 0.0, 9.703241057462714, 9.35310311148712, 6.816189438687644, 11.829523415825037, 18.609542470940916, 28.020076595422946, 64.86735160573426, 71.63228110161737, 78.36901574189697, 87.34943803326068, 95.02049707882742, 93.7726471149278, 87.36433725484288, 80.45790082888632, 73.61964513728319, 67.74291644403466, 40.07402126799432, 49.155166411557296, 58.03743175119768, 60.6896499762791, 71.18670966346403, 77.17296588757044, 82.64056816666825, 84.51785331757007, 82.25797448406493, 69.08524498346803, 61.30769115695098, 55.39143508262433, 85.35438154106198, 83.27860000636288, 84.55163960018763, 90.72172986975752, 92.46482659595817, 97.8014459537852, 107.33023307679028, 107.18523338757139, 104.72608111890052, 101.5737661941616, 96.78089433380931, 91.48950050809552, 86.85270988820542, 88.46993579149324, 92.80370906850018, 100.65936618573618, 105.57433733540567, 101.43069660235074, 94.30829428172811, 89.33772016290973, 36.86369964317627, 46.839413475544234, 63.02093494135136, 77.51808561434632, 94.75514471009171, 109.91982778069973, 116.82097540031253, 128.07052580046602, 138.86766206993934, 144.78131913922056, 141.4011116859949, 131.69971662631264, 128.6401309622959, 118.31656005989012, 109.94673621460238], [30.185469780403203, 23.61725954629842, 18.4646227256325, 20.57584861908818, 26.89630081089314, 30.831437400305994, 34.216424350104475, 70.1274535442914, 75.97394839931316, 83.81488743404418, 91.86295782065133, 99.67960630452343, 93.21402707566646, 85.61932842936832, 77.22259256950043, 37.51339927418345, 27.038249313304682, 18.90818980474953, 9.703241057462714, 0.0, 3.9748036292357916, 12.107374959097656, 18.892667099010108, 26.0656290433298, 35.41971446568119, 72.67031482086618, 79.41538731830478, 85.92046577428194, 94.39528170018832, 101.44255391292434, 100.30439465040868, 94.38844207389322, 87.69503884587539, 80.91022392113356, 75.07775655549669, 47.15160437681733, 55.21861234861141, 63.22198544255688, 63.25036067048262, 73.93675218594296, 80.82659475569767, 86.85500730102049, 88.66265760604412, 86.80539786160986, 75.21701734984573, 67.80708430000023, 62.498951053231494, 85.0924348343673, 84.4289402262521, 87.08182626011667, 93.55344482305524, 95.86297072975451, 101.07800852990644, 110.21121169769167, 109.75150220333725, 107.01923105780197, 103.34339215045824, 98.03023869064494, 91.85308686634006, 87.13332429536432, 89.9552416944081, 95.2972383753306, 103.54086904612252, 108.30775315109032, 104.23054591212397, 96.59656613727083, 90.73630546846027, 29.342512132290548, 37.8870056937957, 55.15269658821547, 70.83862421562404, 89.03704879154057, 105.40496153885759, 113.76327940524604, 128.26852654775882, 139.66600401438328, 145.76066510478748, 142.92236567217302, 133.86250634311835, 131.6769065051781, 122.12425906050902, 115.1775786996039], [27.287546737687958, 20.405294025562917, 14.801813770106754, 17.641983015428764, 23.245183729335952, 27.301820949254882, 31.103405236879095, 67.96942931204052, 74.09519710531545, 82.07616101731854, 90.20006083531679, 98.05285460328733, 91.31463279518127, 83.55433539795932, 75.14456426636761, 35.39712839060192, 25.18619224639939, 17.356861800257263, 9.35310311148712, 3.9748036292357916, 0.0, 9.354266384575272, 16.23155378888444, 23.5328591383846, 32.947788115152264, 71.02568102571355, 77.95790096268551, 84.58765100363117, 93.3597092276632, 100.45718235289716, 99.10746415969267, 93.07595393430599, 86.2069330044647, 79.27992298893234, 73.35049432824853, 44.53304481596178, 51.98863250336181, 59.63705940995068, 59.520335931906125, 70.17670841993771, 77.06826573087736, 83.21241389339983, 85.20893344977287, 83.65079872412046, 72.00927854233038, 64.92083488792892, 60.1505004902571, 81.4341669564492, 80.64617712585914, 83.28513842068628, 89.80915326787625, 92.22975284984186, 97.54067092942122, 106.88562919659562, 106.25750633164466, 103.3924003645032, 99.65696499813004, 94.28998483843235, 88.16337303868661, 83.44976679323098, 86.20121126378913, 91.57039073878457, 100.01413440824894, 104.91008282953004, 100.70421046096745, 92.88148257713081, 86.98934907801468, 32.80915260994075, 38.76112648363437, 54.383061086094926, 69.36176964384362, 86.98158515749714, 102.8623516207002, 110.81429044290711, 124.72790059538269, 136.64965224448943, 143.1909414805129, 140.76401801871359, 131.97561809461513, 130.13065528624455, 121.16030130909739, 114.7722294688023], [21.09336130365765, 14.015937908856223, 11.192732555924357, 20.37114461480832, 21.528190017358682, 22.97139571281793, 25.916380239674773, 61.19544374243518, 67.2232951507513, 75.05762671655296, 83.42823112610566, 91.874911403213, 84.72989990384156, 76.77802013022594, 68.49520966359216, 26.51390802721338, 16.26613977576444, 9.013674099036917, 6.816189438687644, 12.107374959097656, 9.354266384575272, 0.0, 7.1493272803131624, 14.761736057579235, 24.48387448524171, 63.18503923301441, 70.30457787396436, 77.2234789454296, 86.65209742577214, 94.2737600017719, 92.64970462939876, 86.13271409554635, 78.94272096962773, 71.84814769363199, 65.79719594897763, 36.266843491224456, 44.03773696108139, 52.195800694802486, 54.29048811850454, 64.76917135142139, 70.87844514632413, 76.62493705747984, 78.81709764689488, 77.1441257860816, 64.10691576163191, 56.964868457164066, 52.182228041160776, 78.80649839716959, 76.6620244310571, 78.0607750322004, 84.35576327010028, 86.3590931797226, 91.84380541309876, 101.6820453300027, 101.20496702477708, 98.48680525174866, 95.171069114594, 90.2341333261037, 84.93675735071655, 80.30738431294303, 81.92928347446495, 86.42376934584713, 94.6656887229685, 99.78097062306456, 95.42668029918536, 87.92223851732084, 82.79878599334995, 41.118293786279224, 46.95881880581718, 60.63193403717468, 73.9993943949649, 90.30105761980165, 104.72914694569265, 111.08701858423363, 121.70521802402459, 133.44593341792608, 140.15286299348287, 137.579738775372, 128.47107387904828, 126.17522894527707, 117.06170585621585, 110.01981131001537], [16.0355353167309, 9.892199648654234, 11.477839524282738, 23.32179973157762, 21.35963811082257, 20.041818216920042, 21.58551498212894, 54.833612440274564, 60.82061334223604, 68.59030711136539, 77.07177046162359, 85.79845486363497, 78.41501777073148, 70.36670660369957, 62.17713917716386, 19.536468606366913, 10.110802143867025, 6.283671912709718, 11.829523415825037, 18.892667099010108, 16.23155378888444, 7.1493272803131624, 0.0, 7.671639944603303, 17.448960827649483, 56.46862589741855, 63.71622307186259, 70.77002955993152, 80.56164660458067, 88.40032837682095, 86.56779398360725, 79.81641051013612, 72.44636251781048, 65.251116015342, 59.13573524134795, 29.265347201488247, 37.45392190663827, 46.24499115503246, 49.87323736860659, 60.17460451985515, 65.73071956707336, 71.02171512874561, 73.08540694698559, 71.11702462098272, 57.45335904655808, 50.113450995637656, 45.25269167376444, 76.265782808127, 73.14562007881142, 73.57958193030096, 79.58134116192502, 81.12902616509695, 86.5899301733969, 96.53231523545284, 96.31445822150141, 93.86696980357199, 90.96621407889572, 86.49239032405033, 81.85250114929069, 77.31503892095195, 78.07669159153355, 81.82567990922604, 89.62470860967466, 94.7484731173696, 90.43159666841372, 83.43453884433187, 78.99473785262775, 47.19969117886286, 52.15978781163431, 64.34938023080927, 76.38676564060864, 91.70922325952725, 105.03619174043484, 110.18183207859988, 118.40866190504279, 129.4555511263464, 136.04161220113093, 133.24726834712897, 123.89976141955988, 121.30977691306519, 112.21639946062017, 105.04024248085426], [12.174052985726034, 9.718181243116533, 15.586789055179192, 27.803872122669045, 23.481452645754963, 19.146633673962143, 18.289441209872596, 47.6668738426192, 53.5632253631533, 61.262140789812314, 69.8242360385286, 78.78452006350801, 71.21488625302698, 63.11030117383236, 55.02325204484332, 12.345315915278515, 6.709953540710471, 10.428799852968028, 18.609542470940916, 26.0656290433298, 23.5328591383846, 14.761736057579235, 7.671639944603303, 0.0, 9.797260726356988, 49.03416948570483, 56.39374360193367, 63.53565918188349, 73.61872796577924, 81.60295722998679, 79.57034920656356, 72.64011679038215, 65.12596774126085, 57.84940422937864, 51.686255319089675, 21.711765515145864, 30.833190188153562, 40.64223064523082, 45.982763739592166, 55.986442723351395, 60.90359637033217, 65.52689541862726, 67.22093766257318, 64.70563324146922, 50.59958049807423, 42.81753621059211, 37.636098268049096, 74.2424161019972, 70.11182179234416, 69.45006965388497, 75.01788596009595, 75.93486932616234, 81.24552040773841, 91.0928229235431, 91.28977573506111, 89.27160614039026, 86.91180064375479, 83.05566314041423, 79.16675876260264, 74.76172231014996, 74.57540346351547, 77.41969857411584, 84.4873863861051, 89.49542744258106, 85.3408528614807, 79.12852635953361, 75.53568472625872, 53.37225609392462, 57.47704355342152, 68.3142224348721, 78.98522460623587, 93.32968776326958, 105.5314973737871, 109.42678844547567, 115.18089812871925, 125.04401115297368, 131.27021823173297, 128.084648335596, 118.41303876480279, 115.44008857283062, 106.31559262178553, 99.0604842598076], [12.588775046962828, 15.622016020003214, 23.12826126843583, 34.592480269610476, 28.38526808223128, 21.41826888171586, 17.46779986540271, 38.45866667189356, 44.29142692976113, 51.934979180885016, 60.5833660503343, 69.78911086947642, 61.937258144293324, 53.74326907806055, 45.81325642513672, 6.470309402753318, 12.46092173600115, 19.433800849915826, 28.020076595422946, 35.41971446568119, 32.947788115152264, 24.48387448524171, 17.448960827649483, 9.797260726356988, 0.0, 39.82606634635589, 47.37082217272562, 54.59878281327615, 65.06091962061409, 73.14346229741665, 70.79166040991723, 63.66722703595052, 55.95415690834021, 48.55050374040865, 42.31676404886314, 12.081156585827614, 22.98155062149815, 34.28181567106401, 41.84570651528178, 51.182456472372955, 55.16314205432414, 58.748270453435595, 59.80028377636837, 56.458967161480075, 41.999403177621694, 33.50354748910191, 27.85117076595835, 71.99879808537733, 66.62743087779768, 64.51617697514949, 69.40106252177546, 69.41010973836514, 74.42757580094838, 84.01583205302657, 84.80515025841567, 83.41659818622462, 81.81739795855022, 78.84681788847806, 75.98331187736686, 71.80877137935028, 70.38284694469257, 71.97113494791003, 77.91176124823343, 82.69118421588087, 78.82018857562473, 73.78725365921592, 71.38391414570523, 61.58641195432085, 64.4147273122337, 73.48399529463741, 82.3723675236385, 95.3664525059622, 106.0667909818647, 108.357047483612, 110.94156827405493, 119.11670514924265, 124.83712071167987, 121.17362265657259, 111.14367865040157, 107.74927636061986, 98.76110489925563, 91.68419796003336], [48.2490461897895, 54.26455423634199, 61.98791084388456, 71.8945710686171, 65.25398199707487, 56.75434508226958, 49.84815955684625, 20.764833392277243, 16.743372729729845, 17.79493231949582, 25.89988395911111, 37.530979420888244, 30.79541695191622, 25.41202257057257, 22.452233960157592, 38.03415926245339, 48.58146124944225, 56.372214629660384, 64.86735160573426, 72.67031482086618, 71.02568102571355, 63.18503923301441, 56.46862589741855, 49.03416948570483, 39.82606634635589, 0.0, 7.899811042649438, 15.51907479871123, 27.792160965704355, 37.39001215585024, 34.274784733446616, 25.60239748020009, 17.40060166553125, 10.547210043940767, 6.0823415301925445, 30.953185531296857, 36.8599356250836, 46.58221287714663, 59.09913072132261, 63.357649201172165, 62.42248029449496, 59.8142083170936, 56.51433867954959, 47.65574081554557, 37.002074981479105, 27.373533343974977, 17.507185397586273, 89.03879585990136, 80.42333114015263, 73.13496671848036, 73.98419023782343, 69.3097