{
	"dissimilarities": [[0.0, 7.333729154370307, 14.727501459481479, 21.218302478658938, 15.74087004352269, 9.019301494570135, 4.322326003159179, 41.9721264020072, 49.07872186324264, 56.40375572200852, 64.71504779651391, 71.4930417621783, 64.99077743419167, 56.71962708312367, 49.23420576565505, 19.656838440920097, 20.164963260487163, 21.355405527819396, 27.451577475704834, 33.17410555360952, 32.02993702489229, 23.88674798750975, 15.84368269791421, 11.843605756640546, 12.7837552489973, 47.373291976495196, 54.44887109026137, 63.511239873697036, 72.71168912077049, 80.96425126088141, 77.43397820480425, 70.20419181275108, 62.193064862280245, 55.62298949292317, 48.53694247184255, 20.367972529861706, 24.446116148843625, 33.83433915857852, 36.14395323643844, 43.97263321560055, 52.03181671244973, 56.900441872146914, 57.47435555807896, 55.389452297968816, 46.04941654812172, 37.175250158119745, 35.39287345744651, 62.04495729248515, 57.94767996902812, 58.821710055073446, 63.717776673242625, 66.21484630737976, 70.83365238163235, 78.86640295101851, 80.96493041960156, 80.08337029290594, 77.9388107569185, 73.18057543870239, 68.60288563855647, 62.530815532283754, 62.84026639319161, 65.89270806020318, 69.14138551075595, 73.84002504632313, 71.46707976964636, 68.23270255578946, 65.4823241086043, 53.768096507858516, 58.588831326980646, 66.04640286316324, 74.1096944283754, 86.16504616865858, 97.64276426333572, 105.19249369870846, 106.82200875260473, 113.94953875926369, 118.80322485680114, 117.0628049014398, 108.9163366941365, 105.5103020856187, 99.24988860622524, 95.90814730004838], [7.333729154370307, 0.0, 7.670286897908321, 14.885966263355865, 9.53587652010202, 5.387014637763851, 8.589492855550958, 49.20351093352921, 56.328308737831904, 63.62578217584053, 71.97851182719, 78.8000344397142, 72.2326657058073, 63.921136339343306, 56.47507394297564, 22.968905478133237, 20.373293615420703, 19.068287564939595, 23.090687407456194, 27.97341740226734, 26.346048144773913, 18.66918778192999, 12.676922511910098, 12.426023402396684, 16.305822798210063, 53.95360561180516, 61.14067170171909, 70.35625030732349, 79.736127946787, 88.16574859799523, 84.68253745771558, 77.31057914755574, 69.17667957571929, 62.610249329559245, 55.452822263716506, 26.021330096396685, 29.218559073353322, 36.9166082382804, 38.074837983480826, 46.16895288514322, 54.747722311604285, 60.482985596155906, 62.24964866563142, 60.88197955698311, 51.356208594297854, 43.35161673926619, 42.100026970450614, 62.459252065814184, 59.17294361946792, 60.95098907708736, 66.57692834789663, 69.8423885721068, 74.99508453115814, 83.64749466242169, 84.87470513341295, 83.26960092005498, 80.46959814411056, 74.87649994252878, 69.60791119119307, 63.72832076399991, 64.8838397753948, 68.69250112469621, 72.65725897555829, 77.88498807590226, 74.90292347058258, 70.97276166526035, 67.47153014769613, 49.70991655155372, 54.85905738440119, 63.02560706005122, 72.10428558814587, 84.3439965929611, 96.84102494558901, 105.39315882053332, 108.86166579389496, 117.73330556043452, 123.71393854669155, 122.77751078887891, 115.16867044957867, 112.25212928795195, 106.27855050714035, 102.94820685996504], [14.727501459481479, 7.670286897908321, 0.0, 7.720145068107525, 4.3442108703414695, 8.490025553327031, 14.971949781815093, 56.533247356667786, 63.75458181699162, 71.1014112985003, 79.36782186914938, 85.98509640248187, 79.5344752944396, 71.2510108498645, 63.815124005549585, 29.60600503437225, 25.05515279846088, 21.36485575729614, 21.4923535841737, 23.694854510160326, 20.97462521051475, 16.507802157037016, 15.27605961742717, 18.291186648000895, 23.290825310989803, 61.59308717321175, 68.76890535388233, 77.93026758141829, 87.15878929351918, 95.35846873389414, 92.01762108830353, 84.8377929786076, 76.78432179673617, 70.23854847569876, 63.10073015864401, 33.527202007428784, 35.97303789906422, 42.01262455892792, 41.18961355999051, 49.40536024668901, 58.635015858658086, 65.13426129474266, 67.56176677522508, 66.75946625800148, 57.79959674039764, 50.5695773141802, 49.744247039334844, 62.769540837446705, 60.82231576878093, 63.73349283425629, 70.01287883023237, 73.94467604199417, 79.36716502133272, 88.2173353861539, 88.67239555629034, 86.47951883878123, 83.0298590613218, 76.64603918507086, 70.52582991981576, 65.01271593222968, 67.31045412946641, 71.91324823581928, 76.4828574821323, 81.9677052454338, 78.51870708071803, 73.97772131187989, 69.69788771937016, 45.16093814847369, 49.42538681274292, 58.072072206927515, 68.19552317934019, 80.73482686254755, 94.418201806554, 104.1496895927172, 110.3067477659554, 120.52166731395556, 127.4000308171076, 127.17307487028094, 120.1556580918784, 117.91144495906732, 112.44410398874894, 109.62563153609813], [21.218302478658938, 14.885966263355865, 7.720145068107525, 0.0, 7.05112498664589, 14.163509832114459, 20.727621343339568, 62.288457713060176, 69.63124854340927, 77.07045457002405, 85.1092711445934, 91.27189824873142, 85.13654984829662, 76.9752169892814, 69.5447654054445, 37.12125761287392, 32.02060148459284, 27.223905626879677, 24.034328321188195, 22.29520226662557, 18.05367794035614, 19.532298516810073, 21.7649696526088, 25.633002758442583, 30.75527669788035, 68.49155901429903, 75.53959764267958, 84.43869920042455, 93.17874903411634, 100.73035983614851, 97.62479401749142, 90.97893622849861, 83.21843294777604, 76.71873716083692, 69.69686891228295, 40.81957748939787, 42.81244015965235, 47.739887471471405, 44.59933039185097, 52.82437544690694, 62.75064228690574, 69.7388346048964, 72.09245609257611, 71.57700869770981, 63.83498111154719, 57.117405253754214, 56.543073434299714, 62.664606242122375, 62.39339910407596, 66.44194633644882, 73.14186614448208, 77.47068535658507, 82.79768218247996, 91.30208852269206, 91.27111378924226, 88.79035602076516, 84.84643201717127, 77.90903707405823, 70.923002249266, 65.89340774284514, 69.43243154147221, 74.69551411395909, 79.6034648924703, 84.96705296199204, 81.32348100023167, 76.40923698146783, 71.49350432466302, 40.87965993037549, 42.42196328521844, 51.170569309154715, 62.24554049284242, 75.29652489424224, 90.19322791636989, 101.10565982189745, 110.49663352709227, 121.21379892722572, 128.49113486984473, 128.69920391223835, 122.22751226907185, 120.75162114116432, 115.95741142792052, 114.13509413810833], [15.74087004352269, 9.53587652010202, 4.3442108703414695, 7.05112498664589, 0.0, 7.575789210340066, 14.747398836570738, 56.54667985876961, 63.99108845292148, 71.40432475197349, 79.50307264052059, 85.88036866779302, 79.44107932146214, 71.16729698462608, 63.8329138935331, 32.25807357268933, 28.677605867778343, 25.53763488500329, 25.702027026537127, 26.924939464538006, 23.572595077239413, 20.728553685593237, 19.306044208088977, 21.426404516650035, 25.730521007160466, 62.93741928956905, 70.0939112930739, 79.22953451124218, 88.33460158612577, 96.14223835913647, 92.6920272224743, 85.77293441280813, 77.81337595771932, 71.17846026850674, 64.08315621803786, 34.64009364544439, 35.9241990473974, 40.7357962457732, 38.353360828294605, 46.600274351567535, 56.23638677916927, 63.02857463291676, 65.50020446264767, 65.01372349703675, 56.88691195361052, 50.44309341127366, 50.49316151156529, 58.74371609353818, 57.270348613807606, 60.62152269270526, 67.09296764783376, 71.23893434788764, 76.66771542954261, 85.50091359887774, 85.61202762180748, 83.2374712268842, 79.5792533866279, 72.99870634205246, 66.62400109524307, 61.2353800689703, 63.955183468549926, 68.83659292120602, 73.58469194364243, 79.07610471482904, 75.48311233305436, 70.75534483036486, 66.22209443488892, 47.04601222422123, 48.48933896109613, 55.19398276693037, 64.60003342019914, 76.78365043481584, 90.19537195014544, 99.86349237341888, 106.39292626242377, 116.99322960621684, 124.38129647662433, 124.75717977475873, 118.30703568062837, 116.67220127070028, 112.12150763978454, 110.35920126265911], [9.019301494570135, 5.387014637763851, 8.490025553327031, 14.163509832114459, 7.575789210340066, 0.0, 7.401185857566139, 49.09621031104993, 56.548485028486276, 63.94188149893406, 72.07377738527386, 78.58518079910385, 72.01433479977715, 63.7006717513963, 56.38805729423161, 26.78077876139006, 25.37109604190694, 24.389504522677537, 27.758526001771596, 31.285365949957512, 28.83115989055919, 23.101018879234438, 17.94855572936221, 17.22803608263316, 20.036539445400773, 55.71173018933455, 62.862787323571034, 72.03871240894536, 81.25507015631999, 89.16609450741855, 85.52869240979487, 78.49903821520896, 70.4901737279948, 63.80348219184579, 56.708781673979644, 27.506812835452493, 28.86187857626433, 34.83005580726731, 33.96361146174603, 42.18608815494523, 51.33229446480572, 57.46386979656338, 59.29576336291693, 58.34234481530029, 49.88532134055429, 42.9757684406527, 43.020958459727574, 57.265237285410954, 54.43734402904714, 56.70622028697287, 62.576144182567575, 66.11075868626122, 71.29317000637758, 79.96774090343803, 80.77115272976117, 78.94354181654052, 75.89743969073226, 70.07906800703631, 64.53781646802803, 58.76420458895697, 60.37346324378579, 64.5128966613973, 68.70281296758908, 73.96044054284516, 70.79230563504898, 66.6304224743137, 62.83463226491159, 51.838031625343376, 53.83706138516424, 59.74271703823418, 67.877385958803, 79.63062340985816, 91.69476076047853, 100.085725074096, 103.83651016348023, 113.1815233675792, 119.81460146470934, 119.65041768045987, 112.76049850125224, 110.62271645994181, 105.84619967222845, 103.89846708707242], [4.322326003159179, 8.589492855550958, 14.971949781815093, 20.727621343339568, 14.747398836570738, 7.401185857566139, 0.0, 41.8282339534153, 49.24432602444705, 56.65818738071871, 64.77053477439529, 71.27212861090266, 64.76692069131606, 56.48889283680367, 49.11694128932602, 23.15185709759971, 24.23501735480367, 25.27000642631634, 30.66560618489354, 35.406889055127394, 33.63885852014381, 26.752544750130532, 19.4295499327706, 15.860527159296472, 16.412303490445638, 48.94983690232741, 55.97320741970628, 64.9800094504241, 74.01880208021382, 81.80537893419582, 78.14573461738294, 71.22667626430643, 63.33821111718702, 56.67150204119157, 49.65610649201297, 21.82212779622182, 24.064951993057143, 31.993125018331952, 32.66526842382011, 40.619368091594076, 49.15335454762624, 54.32766096959638, 54.89790907460038, 53.13279152536476, 44.71876661747571, 36.79527452603543, 36.233255833312114, 57.86720556901721, 54.08304321743845, 55.30283800252615, 60.37046360534035, 63.058781064233145, 67.68685051721458, 75.72654624205204, 77.5126018194362, 76.47923579351594, 74.15961484393219, 69.25494831405346, 64.48988010382317, 58.48552753955495, 59.114162854030546, 62.40347621307229, 65.80957111793326, 70.51643978694885, 68.01277863401948, 64.6153236658022, 61.65938994988628, 55.29845900128026, 57.76146814023843, 63.49803637138501, 70.78766372107472, 82.45102978363617, 93.5418971020584, 100.92339102482018, 102.72033659027825, 110.1684238132222, 115.52630081072517, 114.40315058778269, 106.8392339205107, 104.08347057502255, 98.83858736800313, 96.68916191729966], [41.9721264020072, 49.20351093352921, 56.533247356667786, 62.288457713060176, 56.54667985876961, 49.09621031104993, 41.8282339534153, 0.0, 7.971035495944112, 15.326502134605436, 23.0209166398936, 30.057841524879876, 23.032464509181665, 14.782420154189401, 7.294895395519459, 39.8159366755857, 49.259825930476644, 55.7706893208802, 65.20714241562074, 72.46836691107187, 72.32214044735568, 63.36482287568901, 53.49827624175798, 46.04921264323069, 40.0872359847399, 20.67506203428686, 23.74272289086214, 29.765712044497675, 37.140249812545825, 43.69717213665737, 38.636547959004595, 32.47804016535822, 26.015092897118894, 19.86904983658929, 15.870130259435928, 28.96091616764989, 30.31607141373329, 38.78843654704878, 46.10931036504662, 48.39028665045095, 49.60443195238506, 47.088379550722294, 39.3937321157264, 32.1170629228237, 27.771626554592295, 17.965095653400898, 14.633323984865022, 71.29166288402983, 63.13346203509792, 58.27087573737311, 57.335578456637336, 54.188302876275806, 54.39795155123173, 57.29814058539113, 65.09398236391499, 68.94661132973157, 71.39891421161403, 72.53760516271538, 73.16798459539902, 67.19617539646906, 62.079618367646184, 59.58456511192693, 57.47877129389626, 58.009656799807466, 60.08276679487862, 62.013559054946334, 64.60792403660683, 89.27234155081787, 91.99707977350805, 94.83752044784433, 97.18323903212256, 106.36116178587783, 111.05342788106984, 112.04536431126614, 100.67453385099643, 97.49754704860145, 95.604161742211, 89.3880293321488, 78.32680510923775, 71.39931651888526, 64.2030983095062, 61.51712565817832], [49.07872186324264, 56.328308737831904, 63.75458181699162, 69.63124854340927, 63.99108845292148, 56.548485028486276, 49.24432602444705, 7.971035495944112, 0.0, 7.523226740153855, 15.683674843216082, 23.5472487220715, 16.536803407329664, 9.000929563237232, 3.2186624491844413, 44.99161463822578, 54.57147509867233, 61.38102272751125, 71.03751851847238, 78.63645201036852, 78.83150743470522, 69.56797418336478, 59.68343236724716, 52.2088487477366, 46.09925909080675, 18.435882496095356, 18.939153491645452, 23.008583500493444, 29.681684827063492, 36.39300302656488, 30.99939042983473, 24.667395212651762, 18.805979982978315, 13.474450943512544, 12.247045535832264, 34.98334371455493, 36.92097186155806, 45.324071198236496, 53.44733082179347, 55.175695270497556, 55.34421983345719, 51.78863029635189, 43.41521952155752, 35.648392973794316, 31.98487866201448, 23.12612875482131, 18.575023987809573, 78.21816505484404, 69.72391162949785, 64.23632512781903, 62.520511509299226, 58.59093288886238, 58.06492171992052, 59.83518462930598, 68.57183973718851, 73.1577322082005, 76.31742664037488, 78.27494576863813, 79.57502927127526, 73.72170363229488, 68.0073607441387, 64.7779329846196, 61.89885510593934, 61.72505256360203, 64.5108729585961, 67.20442377500764, 70.49422844261814, 95.03771908553082, 98.7406834888648, 102.10456168489895, 104.38191372339826, 113.52181408502652, 117.75327564769631, 118.11830769301461, 105.17122363085805, 100.10556941973535, 96.485863767299, 88.78566111558192, 76.62380274854733, 68.16879085739446, 59.382303186542195, 55.12616853587607], [56.40375572200852, 63.62578217584053, 71.1014112985003, 77.07045457002405, 71.40432475197349, 63.94188149893406, 56.65818738071871, 15.326502134605436, 7.523226740153855, 0.0, 8.928656276931989, 17.961195047600036, 10.829173582313379, 6.368069016074026, 8.696432540040657, 51.14866804619394, 60.85613307088492, 67.8982389952327, 77.77430877877266, 85.62702206485775, 85.99512951025494, 76.4679869563602, 66.51624725973967, 59.01379177084428, 52.79716879268172, 20.17459845517796, 17.86494752753626, 18.951717517174455, 24.40100649524493, 30.93706279224184, 24.864640544371138, 18.484483601164655, 14.000134836420575, 10.929816588467714, 13.892257878404395, 41.46854276338664, 43.20355150373983, 50.95625293068725, 59.583010397248025, 60.64129997875292, 59.73560466228313, 55.19661804690839, 46.304952525160076, 38.335008926448594, 35.62538454591272, 28.363162891509912, 24.2855969614791, 83.75699096882086, 74.8586221333519, 68.72513277673869, 66.22415221982911, 61.57126983767967, 60.37616236835161, 61.185059670322914, 70.64452609580533, 75.85326636695427, 79.6876495630849, 82.4653368540744, 84.50885770336242, 78.79403374306675, 72.43631676290126, 68.47496786997077, 64.8706007000875, 64.07081599787152, 67.48020275630532, 70.89193132509537, 74.87516421452355, 101.89748210595599, 105.98079757821047, 109.27389290784691, 111.17856640687461, 119.99875743536278, 123.4882256104408, 123.03410921600556, 108.09863829209557, 101.48802864204725, 96.58166238808995, 87.91378599015059, 75.11959653752555, 65.51510368834566, 55.911103876502004, 50.69843866223317], [64.71504779651391, 71.97851182719, 79.36782186914938, 85.1092711445934, 79.50307264052059, 72.07377738527386, 64.77053477439529, 23.0209166398936, 15.683674843216082, 8.928656276931989, 0.0, 9.61936564726994, 4.225601540318135, 9.4483776385271, 15.7706139884592, 60.05936927732668, 69.7137347822747, 76.67069650061686, 86.34703752273975, 93.92370412896494, 94.20645530220554, 85.07452895928911, 75.23089991550547, 67.76125038841802, 61.599916775777544, 28.16621098722542, 24.27739628197268, 21.667680411102204, 22.722424566533963, 25.776397275683294, 19.23435148724386, 16.434881167995524, 16.788116726061443, 17.269215303482696, 22.186732335512545, 50.26149490935377, 51.44343338121993, 58.112889702011664, 65.89892977765916, 66.25975945090255, 64.6819491205374, 59.3059789344984, 49.236855928250044, 41.09952465171709, 41.29004691780461, 36.05622809151692, 33.12444993255728, 88.1358288605658, 79.36890819757731, 72.90028668259335, 69.54632656047883, 64.07039758598934, 61.706975399718054, 60.58113773430509, 70.99702792134234, 77.12727780661488, 81.71214735440051, 85.48098249374863, 88.17357614383765, 82.819098191736, 76.15297279942412, 71.51886107787467, 67.01794790008081, 65.05506714728662, 69.36853596593761, 73.66038794241207, 78.32892109760948, 109.37634953290771, 112.53583200051563, 114.95973680326593, 115.95753284917188, 124.23710859258512, 126.61888266417515, 125.1083477075035, 108.64475215017607, 99.45186290324723, 92.58780569361141, 82.6291616987976, 69.21503588399865, 58.687871478421584, 49.176802674112174, 45.24907899510245], [71.4930417621783, 78.8000344397142, 85.98509640248187, 91.27189824873142, 85.88036866779302, 78.58518079910385, 71.27212861090266, 30.057841524879876, 23.5472487220715, 17.961195047600036, 9.61936564726994, 0.0, 8.847213495878917, 16.729183100027743, 22.996093227560763, 68.40545566300393, 77.81245539553191, 84.43041210301031, 93.55484269962648, 100.47657770253339, 100.55237460460863, 92.29753595507623, 82.75895723921312, 75.41507996526607, 69.45651965764553, 37.43220375470198, 33.2685833749027, 28.987574020486797, 25.873491186994944, 23.196465117734427, 17.709551948440733, 20.979714476035294, 24.75038646130272, 26.35378670199279, 31.382429776522546, 58.47215845594747, 59.356302363938404, 65.28328000916225, 71.45384356604205, 71.46448028897481, 69.9460080327551, 64.29209613480297, 53.01263961672854, 44.868001122613805, 48.17366149790473, 44.115534202917374, 41.82395444625669, 91.19554704270257, 83.15422421929712, 76.87633932167716, 73.011898851009, 67.00170558244426, 63.4427779848479, 60.00487117241328, 71.25543660785196, 78.2637202240619, 83.34830302734002, 87.84606293473021, 90.75327504481287, 85.86464101052135, 79.44781404115781, 74.53600481289514, 69.36938925548675, 66.13658088171641, 71.27699032570636, 76.22571456496432, 81.23652647690434, 114.53742161483314, 116.16095561101264, 117.56740136242034, 117.62313961992265, 125.4691958794544, 126.93961669932366, 124.64485044478138, 108.09741917334543, 95.91070657626884, 86.65189866378442, 75.00297432121788, 60.76349072145332, 49.45438041989699, 40.44100981155922, 39.93071670700127], [64.99077743419167, 72.2326657058073, 79.5344752944396, 85.13654984829662, 79.44107932146214, 72.01433479977715, 64.76692069131606, 23.032464509181665, 16.536803407329664, 10.829173582313379, 4.225601540318135, 8.847213495878917, 0.0, 8.54834891539015, 15.784389497260324, 61.30690019992251, 71.03026092160371, 77.91085889523333, 87.52415003076666, 94.8833005536745, 94.92297477212584, 86.01811326076518, 76.14030223399787, 68.64611131102427, 62.51066806406012, 30.72556788835417, 27.511626612142038, 25.701897910026275, 26.81541254922029, 28.70279749107787, 22.307065187450792, 20.547343164728254, 20.703483432713707, 20.47161706194071, 24.59735868126179, 50.88693696913399, 51.24080426908334, 56.99205990779067, 64.08912685852496, 64.08213296651101, 62.31209722061556, 56.730758464777566, 46.17280491970643, 38.01511852224751, 39.6876115938494, 35.628404902130555, 34.047374193692136, 85.34218984453494, 76.62330315444235, 70.075079290342, 66.45949443605998, 60.768325400239114, 58.07090367464935, 56.52812579387214, 67.08673648927848, 73.40144262539197, 78.1453970909968, 82.18171143326569, 85.08944196967985, 79.87559376206555, 73.12235484949319, 68.30622739914273, 63.56689121075318, 61.2937502897233, 65.81759039816647, 70.33407454947528, 75.19248195401671, 110.37957044101232, 112.41461651372556, 113.82791826205089, 114.1828603729146, 121.9856090471153, 123.75882474961787, 121.79232443572782, 104.71418967816707, 95.3094430473671, 88.66139591486113, 79.23110644524945, 66.3867813878079, 56.60234792361311, 48.90516245193787, 47.32212628042023], [56.71962708312367, 63.921136339343306, 71.2510108498645, 76.9752169892814, 71.16729698462608, 63.7006717513963, 56.48889283680367, 14.782420154189401, 9.000929563237232, 6.368069016074026, 9.4483776385271, 16.729183100027743, 8.54834891539015, 0.0, 7.688343938799434, 53.23208414825107, 63.01150067736487, 69.88836242215471, 79.61014960976152, 87.06391531143186, 87.02846872669137, 77.92638878444009, 67.94535176585843, 60.41601845025544, 54.26418460930792, 24.968297366203107, 23.666787890035987, 25.16127412788806, 29.685294188957958, 34.21686600640407, 28.068092647975263, 23.532608654363948, 20.080610707735236, 16.974788711639803, 18.71039269289998, 42.48210768412853, 42.75904967332682, 48.98735488091258, 56.45908212853785, 56.96046443816331, 55.81336608291715, 50.97010191411113, 41.2170965120264, 33.07845322829842, 32.72544665812428, 27.401405005839994, 25.926512926004552, 79.20026965895939, 70.37125026859378, 64.12203273874958, 61.2470326399405, 56.279769516737595, 54.623529852458084, 54.92586648656363, 64.56550760454596, 70.02233665838672, 74.0625722315944, 77.20645354854976, 79.5387474551664, 74.01040357053124, 67.53081356560186, 63.31424014804976, 59.37323303788469, 58.151661006658856, 61.84611158651748, 65.56781240543786, 69.81847875804212, 103.32179191258636, 105.56732445217752, 107.26244933421546, 108.1669605696642, 116.28156108666754, 118.87317741621692, 117.76495640532276, 102.02498234399404, 95.17440658118355, 90.65597359388569, 82.79553959300281, 70.84375793708612, 62.333948474947746, 55.150465320574234, 53.11193728321879], [49.23420576565505, 56.47507394297564, 63.815124005549585, 69.5447654054445, 63.8329138935331, 56.38805729423161, 49.11694128932602, 7.294895395519459, 3.2186624491844413, 8.696432540040657, 15.7706139884592, 22.996093227560763, 15.784389497260324, 7.688343938799434, 0.0, 46.20705877524045, 55.794238021652816, 62.4893426075177, 72.03100955253498, 79.38761284880216, 79.35913055019846, 70.35928183409527, 60.47913874512438, 53.003879959495734, 46.948596651361676, 21.220121514764635, 21.934628501185106, 25.828315900141632, 31.96457361046346, 37.752714927274596, 32.27261083526582, 26.710751561363093, 21.396143035275237, 16.32557951750081, 15.145625858256862, 35.61218332940481, 36.70415463088627, 44.28038264887625, 51.735650986283495, 53.20121324884315, 53.30713565253419, 49.635671373451984, 40.80345738365504, 32.932766416989416, 30.47454953333517, 22.60181846812656, 19.690397176928375, 75.79073722415289, 67.35376737715256, 61.83474461326628, 59.95875577636176, 55.89537712026552, 55.15736376250396, 56.700267082349114, 65.50165952023417, 70.1958617048252, 73.43313072991567, 75.54761448373016, 76.95983718216905, 71.19312297537677, 65.44682631000835, 62.117987690992905, 59.09428889426405, 58.72393152553117, 61.63291838160667, 64.45693434231494, 67.85561460919784, 95.73482074614098, 98.42712232310501, 100.93879847000736, 102.6917990021878, 111.48389070610675, 115.27405031707232, 115.3291291955604, 102.06926835952127, 96.89537859807301, 93.4765494975905, 86.17416106859594, 74.42741304032343, 66.52637963829291, 58.8851475827065, 56.142183941286845], [19.656838440920097, 22.968905478133237, 29.60600503437225, 37.12125761287392, 32.25807357268933, 26.78077876139006, 23.15185709759971, 39.8159366755857, 44.99161463822578, 51.14866804619394, 60.05936927732668, 68.40545566300393, 61.30690019992251, 53.23208414825107, 46.20705877524045, 0.0, 10.43361010541591, 18.42806219713687, 30.31260412268631, 40.746857730219766, 42.11670498690069, 28.770876829403214, 18.34536237123524, 11.741345243839861, 6.913889708219823, 36.11787335545306, 43.405192131471345, 53.15427705841702, 64.02931601074853, 75.00165003704119, 71.19798800758959, 61.886115328089275, 52.949266202545964, 46.81801971835205, 39.63976624449784, 13.291626764796362, 22.65495110109587, 35.84852920042715, 45.85262289832468, 52.171354929430315, 56.92177058775562, 59.78911312713742, 60.897543918776165, 57.92436077853732, 44.257381021846406, 33.11979210082597, 27.86866159906676, 75.7791553191109, 68.78321669427335, 67.05514304715524, 70.60301018112972, 71.97305393458139, 76.69799803447913, 85.33202517880561, 88.56852269737247, 88.29347474352893, 87.31024457251306, 83.81183283149183, 81.16497267727011, 74.58268811115596, 72.26581834834948, 73.59332692225952, 75.88228469071385, 80.7691080666962, 78.94010600981603, 76.71529609342907, 75.50961572802854, 63.40358102277995, 75.14083291747741, 85.28072762885685, 93.7591322312982, 105.5526348104435, 116.14373958808392, 122.39870380299924, 118.67302078723647, 124.9628925400433, 128.59222439360713, 125.31163155773443, 115.4308774002031, 109.42679383566326, 100.00733325083291, 91.8858385753051], [20.164963260487163, 20.373293615420703, 25.05515279846088, 32.02060148459284, 28.677605867778343, 25.37109604190694, 24.23501735480367, 49.259825930476644, 54.57147509867233, 60.85613307088492, 69.7137347822747, 77.81245539553191, 71.03026092160371, 63.01150067736487, 55.794238021652816, 10.43361010541591, 0.0, 8.316678701374366, 20.512221656456475, 31.62167373693118, 33.629293633259124, 19.52014584085708, 10.529644056494073, 8.42266106329217, 10.660714941470346, 45.71261093422568, 52.76126161143709, 62.127276627139075, 72.53747801679329, 83.32050912507518, 79.99942110305952, 70.96943711919442, 62.289381937598236, 56.38951605642227, 49.34632130678714, 22.91591920748147, 31.071700413837572, 42.81927801750708, 50.88874701192436, 57.90856578715756, 63.74810832637902, 67.66167522463587, 69.51685504710082, 67.01488069372898, 53.74833166482066, 43.15432390810241, 38.06710150629991, 79.30916457178056, 73.55235075381586, 73.03511367575064, 77.45198990627954, 79.60109410172787, 84.70567523815005, 93.60051590605848, 96.1848057721082, 95.32845823054319, 93.63296570263348, 89.1937638030906, 85.52914854959417, 79.14835686366432, 78.03245900479918, 80.291368845503, 83.30198913002428, 88.53590953642393, 86.19868108945013, 83.25886268501556, 81.15578980831967, 55.06655110440858, 69.33586817818879, 81.82784672602622, 92.0573118462718, 104.67791220632634, 116.99053704749345, 124.7899541152865, 124.27876544595378, 131.7852190957899, 135.9656167385571, 132.8768088879765, 123.10034762121508, 117.39196599624529, 107.64142720239715, 99.17501848643587], [21.355405527819396, 19.068287564939595, 21.36485575729614, 27.223905626879677, 25.53763488500329, 24.389504522677537, 25.27000642631634, 55.7706893208802, 61.38102272751125, 67.8982389952327, 76.67069650061686, 84.43041210301031, 77.91085889523333, 69.88836242215471, 62.4893426075177, 18.42806219713687, 8.316678701374366, 0.0, 12.279819718989119, 23.584169726718155, 25.910062230905986, 11.603678648285547, 6.487488659553016, 11.085156520985443, 16.518582623816283, 53.42742058764143, 60.37177650046623, 69.46719306265433, 79.38343459589858, 89.66413760933564, 86.67058091573587, 78.09170948580672, 69.6681414370114, 63.808651739425635, 56.81035918196808, 29.94508084568593, 37.283637821449, 47.933716197348474, 53.94897280231358, 61.4561334694038, 68.27463975125845, 72.98280146490589, 75.11875550843297, 72.94855347644037, 60.43737365730984, 50.25435245566459, 45.51347959292532, 80.55049130163185, 76.02649056111557, 76.5803551946212, 81.64172519177431, 84.3568339381645, 89.62291631719731, 98.52206921235071, 100.60228566527883, 99.34885855519333, 97.08932303888135, 91.94290231206469, 87.40587226526857, 81.2750398342715, 81.25277359557387, 84.26770013926365, 87.79228506851078, 93.15805301574483, 90.4840641852985, 87.02107386814338, 84.19851589441284, 47.58267879021214, 63.047479768555775, 77.0817140991555, 88.54878603663974, 101.7672231306623, 115.38588857128447, 124.40623260905063, 126.8082609561893, 135.09322122580855, 139.70061784368357, 136.87921348940569, 127.37654394897208, 122.17940259649984, 112.61968060063714, 104.59721418410723], [27.451577475704834, 23.090687407456194, 21.4923535841737, 24.034328321188195, 25.702027026537127, 27.758526001771596, 30.66560618489354, 65.20714241562074, 71.03751851847238, 77.77430877877266, 86.34703752273975, 93.55484269962648, 87.52415003076666, 79.61014960976152, 72.03100955253498, 30.31260412268631, 20.512221656456475, 12.279819718989119, 0.0, 11.786537703995226, 15.306457448165492, 5.488244544066527, 13.960106161496805, 21.03755793815371, 27.257177750278757, 64.30044097982633, 71.01876774514851, 79.62279275643884, 88.70505144330798, 98.15661091231938, 95.69850735330245, 87.86049252384367, 79.89690640002306, 74.16794086446438, 67.31729772791485, 40.916893146131414, 47.67018450083698, 57.25641735419922, 60.59849924486757, 68.55932353177154, 76.53116180856566, 82.0331625977877, 84.13027678962305, 82.19260540746777, 70.88268473492735, 60.97424384300011, 56.32321576061826, 84.17435475720607, 81.49313533341994, 83.42587314893596, 89.15667265765, 92.42598236393766, 97.68041914324343, 106.24764881451287, 107.86390973235189, 106.27473026072913, 103.38202164732641, 97.45723059950922, 91.7838989206593, 86.09069356047281, 87.54488743714423, 91.4390157922131, 95.45612539939523, 100.76533670908863, 97.82770349645212, 93.84191123725653, 90.18226802085577, 36.08358052066926, 53.92067300856206, 70.7875181664364, 84.18398660366906, 98.38165196236537, 113.9317017380709, 124.70820728021383, 131.48610286295667, 140.27796308329425, 145.05385734686325, 142.29640003965594, 133.03133682714366, 128.44243677734184, 119.00808569741875, 111.57914006955797], [33.17410555360952, 27.97341740226734, 23.694854510160326, 22.29520226662557, 26.924939464538006, 31.285365949957512, 35.406889055127394, 72.46836691107187, 78.63645201036852, 85.62702206485775, 93.92370412896494, 100.47657770253339, 94.8833005536745, 87.06391531143186, 79.38761284880216, 40.746857730219766, 31.62167373693118, 23.584169726718155, 11.786537703995226, 0.0, 5.60547285559889, 13.227919435436894, 23.350763320044045, 30.288885878803157, 36.60732660724586, 73.75021900527832, 80.34080377054774, 88.58098540267301, 96.882621134492, 105.27056596975213, 103.17216139026847, 96.187328651631, 88.66134891861914, 82.92356290930037, 76.17692526202916, 49.93611326966469, 55.86402187987877, 64.30627162407681, 64.86962672290738, 73.08318802034013, 82.10629313188959, 88.27474270436265, 90.13949571072516, 88.46914373536706, 78.69585182193532, 69.29615128512495, 65.15238113110757, 84.9485213803546, 84.16541272209251, 87.41187316744706, 93.66809112036508, 97.39116996043728, 102.50197290223737, 110.57790065013388, 111.71402185970992, 109.85828501711148, 106.39970681690986, 99.84544012354868, 93.13700296406812, 87.96851933024925, 90.86244167739507, 95.54052087580584, 99.94122344168444, 105.0606973410822, 101.93566742112831, 97.52736919570201, 93.12728636863767, 25.477078575502432, 43.38415934725091, 62.291934318998656, 77.17651262906784, 92.11761942925192, 109.24564785641137, 121.5287150931001, 132.54642713133288, 141.6477723703459, 146.66898591750882, 144.24519562681655, 135.55284022391277, 131.9255464098134, 123.30416445528286, 117.3382336785202], [32.02993702489229, 26.346048144773913, 20.97462521051475, 18.05367794035614, 23.572595077239413, 28.83115989055919, 33.63885852014381, 72.32214044735568, 78.83150743470522, 85.99512951025494, 94.20645530220554, 100.55237460460863, 94.92297477212584, 87.02846872669137, 79.35913055019846, 42.11670498690069, 33.629293633259124, 25.910062230905986, 15.306457448165492, 5.60547285559889, 0.0, 14.79931740251073, 24.269344105567708, 30.96273004424366, 37.273373069171214, 75.06342623809276, 81.76860374466696, 90.12321473859717, 98.3972830457083, 106.4047072638154, 104.16135995809867, 97.40585204888953, 89.88739948419973, 83.95951520155035, 77.13936665396506, 50.14116105724044, 55.167355643309065, 62.67109102061956, 61.90837952787667, 70.15243525391085, 79.57755085570041, 86.08853120450162, 88.0605301775273, 86.7141058330609, 77.65662611420956, 68.9061560201235, 65.58726609320935, 80.5640446204298, 80.40755956475773, 84.16163027684173, 90.65072093113206, 94.634369175552, 99.77736903690348, 107.8499008568306, 108.58450545098837, 106.49846605177311, 102.7734089012472, 95.95464683470854, 88.91452085330037, 83.93944613400758, 87.34870260420907, 92.35718182164851, 96.97972993605903, 102.12524734490341, 98.82290584232872, 94.18372803682318, 89.4734774005852, 25.771399203930724, 39.441380754130236, 57.13029228753777, 71.85492747382958, 86.65572740987265, 103.85537856375052, 116.33700891035994, 128.2461267043568, 137.86649097659836, 143.4892137586787, 141.75439875934808, 133.7059711157826, 130.79816782223347, 123.20619524073334, 118.48211190228785], [23.88674798750975, 18.66918778192999, 16.507802157037016, 19.532298516810073, 20.728553685593237, 23.101018879234438, 26.752544750130532, 63.36482287568901, 69.56797418336478, 76.4679869563602, 85.07452895928911, 92.29753595507623, 86.01811326076518, 77.92638878444009, 70.35928183409527, 28.770876829403214, 19.52014584085708, 11.603678648285547, 5.488244544066527, 13.227919435436894, 14.79931740251073, 0.0, 10.846440365262005, 18.405625583042323, 24.941526651386418, 63.5452002101801, 70.50265871921802, 79.43371774514527, 88.80300329732302, 98.18712703821687, 95.41137623777078, 87.521474217159, 79.37183878908485, 73.3739988020636, 66.34917921842764, 38.38690046342856, 44.16204168838681, 52.90739155674244, 55.68688712941945, 63.663204098265574, 71.79625074189256, 77.59277152336887, 80.09044407330475, 78.53232441004067, 67.40522081545176, 58.18148115814626, 54.52137037004621, 79.00736354623452, 76.34208766101901, 78.44490346468784, 84.3578455565542, 87.87327633774315, 93.32247892321925, 102.20628143620074, 103.41808128038508, 101.55615433200842, 98.48049355736947, 92.37490756323169, 86.6455123247753, 80.97134638025567, 82.53740423769503, 86.61333973409303, 90.85207017848332, 96.36499211800822, 93.19595049789005, 88.99927020623066, 85.1676456003589, 38.45183644990822, 53.16655088561313, 68.15935490597195, 80.87237320983789, 94.57255150641228, 109.67528817317101, 120.2027270376389, 126.56608302328638, 136.10582651462104, 141.6596921837347, 139.69687343212803, 131.0397886069396, 127.00925815618803, 118.54529217004652, 112.10439752237839], [15.84368269791421, 12.676922511910098, 15.27605961742717, 21.7649696526088, 19.306044208088977, 17.94855572936221, 19.4295499327706, 53.49827624175798, 59.68343236724716, 66.51624725973967, 75.23089991550547, 82.75895723921312, 76.14030223399787, 67.94535176585843, 60.47913874512438, 18.34536237123524, 10.529644056494073, 6.487488659553016, 13.960106161496805, 23.350763320044045, 24.269344105567708, 10.846440365262005, 0.0, 7.689052882029816, 14.224582169223602, 53.444781229703295, 60.58810669385716, 69.86127453358328, 79.73061396846542, 89.48588486352247, 86.27725752589913, 78.00789127568235, 69.58059383664322, 63.408825981058015, 56.258263039846995, 27.61506407250269, 33.756663273014574, 43.558115879001534, 48.257673678388656, 55.9602231989813, 63.32122776140027, 68.4375315959101, 70.64142530218756, 68.7990388824819, 57.040506774271506, 47.54832184342776, 43.99722687443812, 74.24445955044895, 70.07603792078494, 71.0298954237381, 76.33280515693869, 79.29848012810466, 84.62128100576892, 93.57613058947476, 95.29341580818726, 93.84330302972653, 91.35882732520007, 86.00084296584649, 81.21781854212182, 75.16167100595162, 75.51238727621958, 78.8224887626833, 82.56062622353978, 87.97556620875815, 85.12924609918176, 81.450572892152, 78.36627559316452, 47.54952414305487, 59.77838162704622, 72.05404396510049, 82.85964601323859, 95.74347773195312, 109.04996296176672, 117.96565288060116, 120.70535238674097, 129.41337940688052, 134.62664251819757, 132.53462973047286, 123.70699789160113, 119.2928644531185, 110.95526911177235, 104.49565905880871], [11.843605756640546, 12.426023402396684, 18.291186648000895, 25.633002758442583, 21.426404516650035, 17.22803608263316, 15.860527159296472, 46.04921264323069, 52.2088487477366, 59.01379177084428, 67.76125038841802, 75.41507996526607, 68.64611131102427, 60.41601845025544, 53.003879959495734, 11.741345243839861, 8.42266106329217, 11.085156520985443, 21.03755793815371, 30.288885878803157, 30.96273004424366, 18.405625583042323, 7.689052882029816, 0.0, 6.579975957356151, 46.143653615345684, 53.37312466484104, 62.791410798811846, 72.85193167110633, 82.6894651036431, 79.22904928169741, 70.83921922433433, 62.31099190202327, 56.0243169014954, 48.81678897286322, 20.014989910612844, 26.907085656022502, 37.97743409520792, 44.05327533610351, 51.458173530368114, 58.21466249099529, 62.642904664276614, 64.22256893183216, 61.977132021964145, 49.999235431473565, 40.02851365357801, 36.32716565305423, 71.66657216457406, 66.53125492036551, 66.6025447544944, 71.3118360453834, 73.70762172888413, 78.74317004202186, 87.46692917205827, 89.74238237476203, 88.76710281015676, 86.81615061701073, 82.14593011536547, 78.07712649916753, 71.80241471920122, 71.27149312972736, 73.91969531325607, 77.13067659315277, 82.27439537013319, 79.82331522032568, 76.66922111650965, 74.23362291484585, 53.4297017035216, 64.07736184527938, 74.71610450943241, 84.21641839265801, 96.60269210406406, 108.66166116843321, 116.43743438982656, 116.8337136811339, 124.47474091892197, 129.120300008488, 126.712808019664, 117.66463039226429, 112.93905421389313, 104.65305229915487, 98.29730925016548], [12.7837552489973, 16.305822798210063, 23.290825310989803, 30.75527669788035, 25.730521007160466, 20.036539445400773, 16.412303490445638, 40.0872359847399, 46.09925909080675, 52.79716879268172, 61.599916775777544, 69.45651965764553, 62.51066806406012, 54.26418460930792, 46.948596651361676, 6.913889708219823, 10.660714941470346, 16.518582623816283, 27.257177750278757, 36.60732660724586, 37.273373069171214, 24.941526651386418, 14.224582169223602, 6.579975957356151, 0.0, 39.81989306069701, 47.1330761818299, 56.717606230334916, 67.04220490783949, 77.09344127298964, 73.38216754619508, 64.7696267435331, 56.10133604436422, 49.73377700009321, 42.47517587102902, 13.6658706886756, 21.77034747641215, 34.214436981594275, 41.93641787588202, 48.86493216127358, 54.804720102045636, 58.45056452462809, 59.47418290284082, 56.80995551126817, 44.41337460641524, 33.86141259049524, 29.823386631403444, 70.86538493600678, 64.77964248104317, 63.927281079008836, 67.99955271855175, 69.80781205158263, 74.57236661016722, 83.10268045483816, 85.92690918594751, 85.40362894294755, 83.99077173080023, 80.0085934803283, 76.68570195138524, 70.23848338749072, 68.79545321295987, 70.74473076056557, 73.41648437804858, 78.31129600188245, 76.25028229502594, 73.6319622792306, 71.86743479285207, 59.07691215082875, 68.92203301032045, 78.41311691004081, 86.87140444818326, 98.78190486766755, 109.74265713961009, 116.4912741928368, 114.62680996176728, 121.31251473514317, 125.41182385518196, 122.66651786118157, 113.35499464897171, 108.22742930058388, 99.84132674807925, 93.3351693649452], [47.373291976495196, 53.95360561180516, 61.59308717321175, 68.49155901429903, 62.93741928956905, 55.71173018933455, 48.94983690232741, 20.67506203428686, 18.435882496095356, 20.17459845517796, 28.16621098722542, 37.43220375470198, 30.72556788835417, 24.968297366203107, 21.220121514764635, 36.11787335545306, 45.71261093422568, 53.42742058764143, 64.30044097982633, 73.75021900527832, 75.06342623809276, 63.5452002101801, 53.444781229703295, 46.143653615345684, 39.81989306069701, 0.0, 7.572353066737511, 17.968360474845888, 30.1296305000996, 42.469806015795214, 37.576288967731685, 26.823197423724263, 17.331648039537555, 11.74705153456598, 6.428296800052562, 29.752650140882057, 34.870866262980236, 46.13146548638324, 58.38852902576421, 61.0224958872177, 60.918061976571536, 58.13326088728808, 53.389306455288164, 46.89514985917494, 36.3635259921867, 24.716639053684506, 14.75807273426534, 87.15777474785234, 77.70651126821717, 72.09680656761205, 71.34969815010332, 68.5049981590