{
	"dissimilarities": [[0.0, 7.321935149375197, 14.808471359194503, 22.92911715036532, 16.679751887849235, 10.48596407171644, 6.843692895071271, 40.96980715265959, 46.913362925392995, 56.26684002227565, 64.56861155448604, 72.75764535183679, 64.9899394936435, 56.72146585923505, 48.32852582369809, 18.393307232420874, 16.96291524594134, 18.283026218450683, 25.25986902946413, 31.44087987067357, 30.792857960725904, 20.603790999087813, 13.308394760292392, 8.737675219416493, 11.084981419959579, 46.45378722348645, 55.37883331394833, 64.30298974624742, 73.47988641316563, 81.91594746837374, 78.22839708726083, 71.58458147464613, 63.52564982067793, 55.11789575675724, 47.06499510898948, 17.344739227652056, 25.62232992608662, 35.764589468559905, 37.83304529812641, 44.79368119100685, 53.41496733254055, 57.89009472338379, 58.592249440408246, 56.33225530878034, 46.44581962944679, 36.72717697363191, 34.829667437134006, 59.31475910459597, 56.27419635788223, 57.65865284473919, 61.92139702009835, 64.58722728068662, 69.29037544930613, 78.74811981139061, 82.85204279111682, 82.00948674025443, 80.558506619726, 75.6903248660283, 69.63962348190566, 60.200905424042375, 60.46783963173586, 65.18090209396583, 68.46102159229648, 77.31853042159578, 75.8924248813624, 72.65326025517064, 68.71078691795672, 49.656628049419595, 57.27357788757961, 67.06873338534353, 75.75372328700762, 88.62164809856014, 98.27439159582855, 109.60366046576299, 109.82922981185861, 118.35299638500679, 122.08687929955705, 116.58670894897355, 108.38287624461171, 104.50075289298236, 99.85709749821767, 95.71228318239487], [7.321935149375197, 0.0, 7.552144827017286, 16.249484691110585, 10.703674559756292, 7.424205819411529, 9.86163284828456, 48.23668709344526, 54.23346331727627, 63.58873697057247, 71.88470377475286, 79.97382655068817, 72.26130078004134, 63.98764332028033, 55.58907226574256, 22.97287544710322, 18.402132993292298, 16.08345983311809, 20.391976983940648, 25.459917454311793, 24.325133059174927, 14.874925752814633, 9.990666496935125, 11.051160068253516, 16.189033646632062, 53.47326876523623, 62.47344080629422, 71.44774548845172, 80.641022275557, 88.98264393272208, 85.42877339577743, 78.82748561794929, 70.75093617055013, 62.35389206738913, 54.266419630731086, 23.7407043464198, 30.91386466519704, 39.61236560801905, 40.05207734534728, 47.1860605655453, 56.72540389029203, 61.93279347375472, 63.48956135080349, 61.99891553470711, 52.23595764297593, 43.56919719644117, 41.97962083254074, 59.334706436388196, 57.63046550915807, 60.04859954642428, 65.21089294383454, 68.62609121496116, 73.8682228253446, 83.8438837704077, 86.93848701862721, 85.3639948138032, 83.15900606961729, 77.36945208125816, 70.32566476007239, 60.481542416796046, 62.47370245986356, 68.29591952044005, 72.26381938565879, 82.23076599294245, 79.5866066994381, 75.51948469927252, 70.65425512763576, 44.559227009294325, 52.38625128689425, 63.01872981043149, 72.72568899081165, 86.13872432410888, 96.99342052932646, 109.32662933613913, 111.77134318762955, 121.74536212196897, 126.41419047029883, 121.82372411888959, 114.06608321331663, 110.67120555026848, 106.37182769199254, 102.4212913519968], [14.808471359194503, 7.552144827017286, 0.0, 9.386835613317894, 6.399376208904896, 9.676867802113032, 15.539308784000431, 55.50882560158491, 61.642949514683906, 71.0194461121403, 79.26798710602462, 87.11746200865493, 79.51533562209625, 71.25256465646179, 62.83683763527423, 29.58919806426524, 23.43657141900045, 18.34274064651286, 18.37447169890903, 20.814962419506656, 18.72447208271969, 12.394311828879246, 12.659040072591047, 17.44900541611954, 23.242669815668187, 61.004020148811634, 70.01272658651109, 78.95600054108891, 88.04439504723499, 96.13460770406975, 92.70887739358916, 86.28427451813762, 78.2791400786292, 69.8984175623848, 61.81660342664271, 31.013518722424898, 37.08990354891074, 44.32495309881415, 42.85121856764646, 49.96456221828648, 60.37143453658875, 66.19309796529444, 68.40868973235006, 67.63179236469573, 58.30011888936382, 50.5780585294277, 49.45317424321959, 59.179763442732636, 59.0564321339249, 62.554655403958336, 68.5439797550861, 72.64346830406382, 78.30470064940336, 88.57959826535554, 90.66970864422355, 88.42826264660468, 85.48976807873377, 78.80111257235686, 70.72900018846332, 60.58537353440682, 64.48226296602554, 71.37053479039588, 75.95212225865644, 86.80241651848186, 83.0012796873101, 78.16949542726397, 72.40408369608946, 40.084582656496266, 47.194179851678165, 58.31442163552517, 68.95177683241599, 82.83579580519991, 94.90092049393114, 108.22045178270905, 113.1573333683792, 124.43701754947713, 130.02566454936914, 126.42533914801037, 119.18922615545341, 116.38829222302813, 112.63393539223783, 109.21374745017033], [22.92911715036532, 16.249484691110585, 9.386835613317894, 0.0, 8.030204618838741, 15.096620230508849, 21.581035642976317, 62.29388701445787, 68.7764008876369, 78.18293403977611, 86.21222685414706, 93.29669857316584, 86.08512691063991, 77.93440077831126, 69.4923909789264, 38.90778943892559, 32.68199076075119, 26.660166457497713, 23.05993347956793, 20.828675730511364, 17.19820206365351, 18.33285254878621, 21.616335810048547, 26.762564418748074, 32.360290079753284, 69.36375862965667, 78.18394649164799, 86.81488210370188, 95.36768582658193, 102.62121237555668, 99.4049729295814, 93.64268612530468, 86.03133696450796, 77.74027386675176, 69.80721829072995, 39.58690517256555, 44.353268191184576, 49.99519272559667, 45.36748605879224, 52.20851091207042, 63.79585207814538, 70.05355018855957, 72.41460926977953, 72.30465842865544, 64.36972609108322, 57.53718047772257, 57.38075675238825, 56.74703448308477, 59.135570685555436, 64.04065558171412, 70.81699207845595, 75.52460468809019, 81.31067314757767, 91.19283410160256, 92.23016777067214, 89.51345989644139, 85.85271724784855, 78.21854587830786, 68.78379714749859, 58.439668910092415, 65.08262180563001, 73.1182192631598, 78.18430184063733, 89.2953473721319, 84.41657763096848, 78.9333645083307, 72.19301274638556, 36.685023005489846, 39.40307566480908, 49.71640712230851, 61.02416519288281, 75.41560035588962, 88.85962339170146, 103.20144634679883, 111.79681181291737, 123.7792773607291, 130.18575461874687, 127.84165543924246, 121.36197223917038, 119.53604997482614, 116.94849529864082, 115.14050606124947], [16.679751887849235, 10.703674559756292, 6.399376208904896, 8.030204618838741, 0.0, 7.496335906843154, 14.671819444503436, 55.48586239180591, 62.0776417445139, 71.50580313528137, 79.60174155114623, 86.9456132095952, 79.33809059718301, 71.0743274022163, 62.70847326982073, 33.03814166372222, 28.278530589048103, 24.324177917323272, 24.615555076138442, 25.710399655054804, 22.88587669165162, 18.629002362431486, 18.2671185336071, 21.322359488191243, 26.111676599761438, 62.765093138311876, 71.71922587052174, 80.58848091869366, 89.43247068088736, 97.08711890233624, 93.47005351181535, 87.42797179557843, 79.60160452821466, 71.11767353891328, 63.097754080557905, 32.49818770125544, 36.400645940044946, 42.06763061759269, 38.34940505915484, 45.35003507526003, 56.47308854584168, 62.56504951067669, 64.9595115851735, 64.78914880515475, 56.43754964391209, 49.95629413850362, 50.273364384243074, 52.96745881929927, 53.522714819075986, 57.60613534550955, 63.994409222309606, 68.45826062055235, 74.2818101370845, 84.67397880406975, 85.99417671299692, 83.40371578662695, 80.12461544190208, 73.08062341791657, 64.6332755293149, 54.43049819905909, 59.15457122195758, 66.56842607584272, 71.43687010539968, 82.75892478655804, 78.17044428863437, 72.96865429211253, 66.8034519546705, 43.35061265762461, 46.29053702076666, 54.55402181836523, 63.97017662211119, 77.22892401446606, 88.7655056563972, 102.01396028923817, 107.27885072780612, 119.19921853849957, 125.57301298944958, 122.94996591766662, 116.44956285487298, 114.51522786778867, 112.19173769084394, 110.4276462286399], [10.48596407171644, 7.424205819411529, 9.676867802113032, 15.096620230508849, 7.496335906843154, 0.0, 7.454361188111632, 48.06203374035899, 54.67442599658578, 64.10184279528403, 72.21156530432043, 79.68502293041612, 71.93439057180912, 63.63996624401695, 55.29461679933067, 27.593211150139126, 24.771687260046317, 23.26695518961884, 26.778159194685973, 30.093284842186804, 28.03139611517758, 20.835456943495814, 16.96432282161696, 16.798289612366524, 20.273932076867805, 55.62796952179507, 64.54697938615081, 73.42718807612926, 82.3198712726099, 90.1334502181473, 86.32679710872223, 80.19069745029212, 72.33261814229355, 63.803195177665565, 55.7998446398834, 25.61572596865457, 29.608513040641576, 36.325184323871646, 34.072791310823206, 41.181332380607614, 51.61980144464973, 57.17149469446622, 58.952066768340444, 58.19864239414211, 49.57843289767178, 42.5166837827279, 42.8939669411175, 51.94862706830242, 50.78792411442671, 53.79911453696708, 59.41615135836704, 63.260192032359605, 68.72598438356384, 78.92536261198426, 81.13090143723254, 79.15234374089509, 76.577641070078, 70.41967213517944, 63.03361415955042, 53.12835744189724, 55.84588883547506, 62.242190276361264, 66.54763814631552, 77.13758919648454, 73.56699296186798, 69.07841998286233, 63.79154820485314, 47.998809919696434, 51.51036443224343, 59.04288941525898, 67.28423305647148, 79.89917969595076, 90.00718302628319, 102.16740969923084, 104.74801134837745, 115.47388395737924, 121.07507975766372, 117.6280649772901, 110.74264588383461, 108.3882193271952, 105.8409474968966, 103.91570357889512], [6.843692895071271, 9.86163284828456, 15.539308784000431, 21.581035642976317, 14.671819444503436, 7.454361188111632, 0.0, 40.855927072338694, 47.46280983902774, 56.889678087758455, 64.94443424842335, 72.3378045672296, 64.72028000579989, 56.480434092535376, 48.081523997768144, 24.155722092931338, 23.646314989538137, 24.418388307239816, 29.830838964008173, 34.28737896064223, 32.84690003103157, 24.695691390410133, 18.791877861612797, 15.29608403316751, 16.71206873789855, 49.05091524690074, 57.73961028065875, 66.37813134757874, 75.03743925676284, 82.70245807359368, 78.90789519562202, 72.92245943743495, 65.24647192897342, 56.8157402449373, 48.94922663095515, 20.454059353216834, 25.473596226468594, 33.84659166848268, 33.02301918381997, 39.96794917586698, 49.58952218357141, 54.28659434886744, 54.86969944004627, 53.132702239045685, 44.67505984774603, 36.196838510800156, 36.303377136308875, 52.871429349402135, 50.59032796712143, 52.57553204061316, 57.19367214464135, 60.163482289750284, 64.90695907346986, 74.19182672070019, 77.660723529714, 76.63899195041523, 74.92852896242103, 69.75642001500565, 63.2778772103947, 53.782976578266805, 54.934189167436934, 60.14531243752681, 63.628416357245456, 72.64903110761531, 70.59101767878101, 67.09517037618475, 62.793923641244724, 51.31034129388455, 55.15552413901784, 62.50661998717074, 70.04327066721916, 82.3774241804086, 91.55675331659191, 102.76580423390445, 103.64268614718586, 112.37129866513524, 116.69906825875158, 112.12283303697859, 104.62890250408891, 101.6960154101178, 98.64208898594458, 96.57310181302338], [40.96980715265959, 48.23668709344526, 55.50882560158491, 62.29388701445787, 55.48586239180591, 48.06203374035899, 40.855927072338694, 0.0, 7.6345705628187766, 16.564678739971594, 24.294517545687587, 32.52783133706423, 24.045343342937855, 15.768827404706446, 7.37860837328449, 37.51595354473327, 46.40035819894982, 53.86748993789221, 63.428369116465916, 70.62319469677168, 70.64880381640529, 60.37521023258526, 51.81302215090412, 43.37829500177785, 37.47242104176782, 19.512447651994506, 23.628278584258947, 29.864800965521432, 37.289140751725384, 45.341491203771724, 40.00914699597442, 34.04480779713192, 27.366252940425383, 19.782068654488565, 15.128635255236244, 29.303300844438684, 29.98871096277099, 38.210562448094734, 45.91982650531744, 48.59806957469963, 49.02099442727904, 47.176499955196995, 40.89447622308829, 32.76110247581137, 27.457884080356905, 13.505770397491622, 12.930557237759862, 69.63809095153532, 61.065548879269926, 56.67375165816363, 54.36289498502784, 51.340269331235945, 50.876126072957106, 54.362913720113475, 65.18356709949599, 69.4452003383616, 72.9488401252139, 74.25039855703135, 74.53529962365262, 69.07817507211158, 60.648286187178094, 57.71035680714893, 55.68326040883566, 54.553360394549976, 62.06171749367507, 64.80561335502831, 67.0866893525874, 85.17907934565827, 89.80537079607639, 94.57955881915733, 97.76118225647485, 106.72382219305463, 109.49761784325857, 114.64491623718064, 102.54756861908072, 101.53732434103443, 99.26677830828729, 88.32026732504082, 77.78971270701302, 71.07454927240829, 65.51765803906255, 62.29454538132254], [46.913362925392995, 54.23346331727627, 61.642949514683906, 68.7764008876369, 62.0776417445139, 54.67442599658578, 47.46280983902774, 7.6345705628187766, 0.0, 9.428538714613628, 17.73406218550225, 27.483912747191237, 18.90004681718384, 11.277571909903568, 5.652273008891465, 41.24597102290988, 50.42887467015885, 58.299855946369966, 68.12459923692097, 75.7479290114195, 76.10353204331345, 65.53484239670456, 56.90765542743892, 48.43236303010644, 42.34541374114078, 15.46884627125336, 16.96889469639708, 22.33921497591885, 29.98882300532083, 39.07310210581788, 33.46974132705316, 26.63717259980092, 19.740602930532642, 12.539285238595062, 10.197378640532577, 34.24242140346885, 35.69802041577502, 43.98529286386026, 52.95302417542647, 55.36427782089882, 54.659785036438954, 52.117099728782385, 45.4711839409365, 36.7961999173617, 31.69687141900964, 18.90939158087806, 15.709562927670618, 76.94524466426621, 67.91953491157261, 62.97273823555023, 59.97796457713206, 56.28787221526919, 55.13486659402235, 57.54936953352675, 69.39760438247866, 74.3146020140796, 78.44013233021813, 80.47306289065713, 81.43339495581874, 76.30933313113233, 67.13408494899693, 63.37138605525086, 60.728303292364444, 58.09777831957743, 66.9808906849534, 70.46057390192823, 73.43930760332319, 90.04812975010586, 95.98564129241319, 101.56117902061241, 104.97628347912962, 113.9992937890429, 116.56569808798491, 121.2387466181492, 107.80763590415619, 105.33385835680335, 101.66784594062922, 89.20232357247477, 77.76596795788097, 69.6467776430216, 62.09630403765779, 56.6022181894393], [56.26684002227565, 63.58873697057247, 71.0194461121403, 78.18293403977611, 71.50580313528137, 64.10184279528403, 56.889678087758455, 16.564678739971594, 9.428538714613628, 0.0, 8.629219719882498, 19.945443799465604, 11.453048032422329, 7.401116428945703, 10.71179476124608, 49.64823501453454, 58.97687586319052, 67.04754565721008, 76.96437240352319, 84.72828979691685, 85.22132862709047, 74.60033762343147, 65.961725271454, 57.48661762489051, 51.32244543096272, 18.68561106661168, 14.90522196038385, 16.126893333322727, 22.20707180754284, 31.622171068564374, 25.238887995367342, 18.13958193036369, 12.604031492143536, 9.254900155110482, 13.703799130222322, 43.164308589465186, 44.064834764253256, 51.35044496659296, 60.71095794807304, 62.44037275764113, 60.31558984185535, 56.70484370945781, 49.21417153234439, 40.028085753851045, 36.75985955006034, 26.615941819017078, 23.95715694907597, 84.12686711834291, 74.57540405475045, 68.89513843259992, 64.84405823261658, 60.172761297356246, 57.853397621823504, 58.40049189270642, 71.49026127503113, 77.40679961196957, 82.45797753608004, 85.64351570705162, 87.69098945314063, 83.31515569645262, 73.09970999491584, 68.0932009882995, 64.4750618393258, 59.43430940227761, 70.18153269384065, 74.80397820846406, 78.86651428620273, 98.61011340374257, 104.69559915459666, 110.03686913761814, 112.93603474867628, 121.44735172128998, 123.05988905827657, 126.65977952482697, 111.05179555633188, 106.37353510800939, 101.00811459441324, 86.93334119417707, 74.77392377140959, 65.40213007168535, 56.63011052442497, 50.10278888722656], [64.56861155448604, 71.88470377475286, 79.26798710602462, 86.21222685414706, 79.60174155114623, 72.21156530432043, 64.94443424842335, 24.294517545687587, 17.73406218550225, 8.629219719882498, 0.0, 12.43969934662249, 6.347027298217173, 10.486615097397108, 17.46002524394996, 58.246778670319564, 67.52977017881757, 75.53029086713626, 85.28179157025286, 92.87304505980204, 93.3614917310086, 83.0155595999052, 74.45274822018938, 66.01478460995426, 59.90072897526892, 26.25501644991189, 20.121415378642872, 16.51562000404829, 17.759916787033575, 25.293036433323955, 18.15194019638785, 13.139265786992134, 12.860519844095613, 15.210262119118294, 21.76212393758378, 51.75318477410442, 52.12765726914298, 58.51016354535312, 67.3060869177848, 68.44312398825146, 65.5392515600791, 61.114839869231645, 52.71368766252174, 43.29004804641277, 42.41363306922948, 34.18520534552006, 32.516520570595034, 89.41581263843102, 79.82454616850333, 73.76056772345235, 68.90088908663571, 63.45065572299665, 59.96687972603213, 58.21698949405067, 72.36520291005864, 79.30004979784431, 85.14896514338353, 89.29420367200916, 92.11968614683092, 88.45631583020837, 77.76966338690292, 71.83898637558201, 67.363510408538, 59.73613068534176, 72.17331068178444, 77.84473968678913, 82.7760230805124, 106.07943418483086, 111.49419443205328, 116.16207218690747, 118.35018711958062, 126.27221692793925, 126.95863125735532, 129.5037622043083, 112.51723251026081, 105.35285359333285, 98.23650861966485, 82.72409640659298, 69.97130552866939, 59.628715804028765, 50.275947440238504, 44.29630365241249], [72.75764535183679, 79.97382655068817, 87.11746200865493, 93.29669857316584, 86.9456132095952, 79.68502293041612, 72.3378045672296, 32.52783133706423, 27.483912747191237, 19.945443799465604, 12.43969934662249, 0.0, 10.734196900767097, 18.423576995571974, 25.37792785539879, 68.59852456786932, 77.52033352245688, 84.98813429236452, 94.04523180082305, 100.84915393041857, 101.11500446596624, 91.76690911587754, 83.5115284074906, 75.2492867298957, 69.44157059428854, 38.275421286866376, 32.15396254734476, 26.552515340985984, 21.645590213256394, 20.922475351612125, 14.786131310494337, 18.655882406790035, 23.751259358733574, 27.43213654695421, 33.55455673988415, 61.50260113895214, 61.300385387050305, 66.6503030847642, 73.15253331690344, 73.6392468794799, 70.82638104004162, 65.77361305473318, 55.968373485631524, 46.52945475517376, 49.587931756777934, 42.89564666571759, 42.96634646376796, 92.04242250865734, 83.37935667268931, 77.46630205370712, 71.98980351225518, 65.86916657409942, 60.83648254142697, 55.09096496130263, 70.44842911997571, 78.83257966503328, 85.48739182372361, 90.50332757714668, 93.71920173680118, 90.94286624240361, 80.76257704322273, 74.2104786592536, 68.80954220630274, 57.280875381698785, 71.74304801788554, 78.65065534504838, 84.31411229202979, 112.55364410717307, 115.63677767398212, 118.64314489092705, 119.54055594931258, 126.5478505753703, 126.12504124126642, 127.33749089989485, 110.39232164185044, 99.24243554470598, 89.57088250348127, 72.32806243620142, 58.76921312704616, 47.59078457495218, 38.97937238823972, 38.392070064800464], [64.9899394936435, 72.26130078004134, 79.51533562209625, 86.08512691063991, 79.33809059718301, 71.93439057180912, 64.72028000579989, 24.045343342937855, 18.90004681718384, 11.453048032422329, 6.347027298217173, 10.734196900767097, 0.0, 8.528242265682007, 16.690880773101878, 59.9758296913488, 69.2905261536066, 77.15869065784229, 86.82749482268211, 94.10242677560247, 94.29834312891936, 84.15266279132118, 75.57074025104649, 67.08849012517945, 60.9977168378539, 29.859523452462096, 25.111347131165225, 22.75840033861304, 23.43151909139544, 28.56367835757774, 21.470399680001556, 18.908248234108733, 18.941852574471884, 19.703396815056966, 24.882867051122084, 52.55234629846303, 51.508959530995895, 56.683063344585754, 64.46421267420975, 65.07494710203247, 61.84434891602179, 57.02297195967529, 48.010666784919415, 38.53099148695364, 39.60913143571362, 33.06637728152443, 33.55622009607641, 85.43409478302401, 75.77798277852634, 69.5390290880919, 64.28226572197167, 58.50215901942011, 54.49958908871194, 52.01655263256324, 66.3600797163677, 73.59788784893703, 79.71337033068822, 84.25736219853142, 87.52317170557188, 84.35961957683736, 73.35888125156302, 66.99030462315214, 62.13898085624959, 53.62435265881728, 66.50431428960871, 72.56981617338866, 77.8914837159282, 107.41185779173522, 111.20549780160069, 114.42126316611544, 115.62146123145838, 122.76631961327375, 122.52466057016318, 124.4429446032985, 106.59852956641386, 99.14575336082476, 92.31854582413601, 77.36635373959571, 65.25706050956416, 55.93592816634656, 49.317475771235465, 47.18113964032575], [56.72146585923505, 63.98764332028033, 71.25256465646179, 77.93440077831126, 71.0743274022163, 63.63996624401695, 56.480434092535376, 15.768827404706446, 11.277571909903568, 7.401116428945703, 10.486615097397108, 18.423576995571974, 8.528242265682007, 0.0, 8.51269676850133, 51.88880568864211, 61.22015252673947, 69.08994188847684, 78.87255487952204, 86.21577734627643, 86.33602488927126, 75.98968679678985, 67.33931596897298, 58.81912463403926, 52.70017699597337, 23.96792625921919, 21.787062417389844, 23.125878811216516, 27.45067613179147, 34.52516991045202, 27.887490588427024, 23.086870553882374, 19.322307437275857, 16.053714531981626, 18.620713812360364, 44.152688398722226, 43.09256896203922, 48.809044006881045, 56.91046783169568, 58.00333179796561, 55.50095905299531, 51.41118327059624, 43.12917843352675, 33.73686829299701, 32.76837626136346, 24.70091602502559, 25.363690916286473, 79.0794148171161, 69.40362377391168, 63.49376883793167, 58.9753694658615, 53.922946323061666, 51.063649352396716, 51.012872023191505, 64.25517637898895, 70.46359525303642, 75.79140829911049, 79.40442657722164, 81.94698518911451, 78.12833903274006, 67.49908326311348, 61.9848838391957, 57.95142141100364, 52.09064262871988, 63.23156113140458, 68.26526566100327, 72.76077929583496, 100.19658284887981, 104.25207657338612, 107.80660162759423, 109.51014814489628, 117.10696843520812, 117.6337320301071, 120.53343539005499, 103.96767284864893, 99.10328834523258, 94.19273951199695, 80.87898668652404, 69.51042022964172, 61.35008052226145, 55.4928069888861, 52.94224208911705], [48.32852582369809, 55.58907226574256, 62.83683763527423, 69.4923909789264, 62.70847326982073, 55.29461679933067, 48.081523997768144, 7.37860837328449, 5.652273008891465, 10.71179476124608, 17.46002524394996, 25.37792785539879, 16.690880773101878, 8.51269676850133, 0.0, 44.40638703837195, 53.463598578510236, 61.06126821994339, 70.63375675387518, 77.8136218234373, 77.87766019089378, 67.69925853921566, 59.14165601334241, 50.693998532033376, 44.72784244442403, 20.83035012635558, 21.880006977914014, 25.993621035845585, 32.05417009152405, 39.5236416904506, 33.7249383638137, 28.396744925404917, 22.905416091156887, 16.831670933103315, 15.502018471295953, 36.42963435533056, 36.26930500236779, 43.231173590761415, 50.90341028204642, 52.79422878436371, 51.90400430381651, 48.943397483311415, 41.466408999376135, 32.50981903649219, 29.573286180771, 18.395555151183913, 18.629706360332143, 73.66369375256092, 64.67822515692069, 59.59703853275984, 56.20708107591681, 52.1678910084858, 50.47210481011627, 52.07523235727078, 64.19183426602812, 69.48527328567775, 73.88754985644401, 76.28843439361441, 77.586899737334, 72.91329382982295, 63.53186221519524, 59.35826057798797, 56.3200372389748, 52.70819673727385, 62.08505831948108, 65.98569776677701, 69.33017160637861, 91.88774400607709, 96.06927693862893, 100.19265683527325, 102.62651653937039, 110.95113323140454, 112.68114708601954, 116.75661674792231, 102.78994196707659, 99.72963756000533, 96.0926833929507, 83.96365836919217, 72.95102458903864, 65.55579655132298, 59.83139777683476, 57.09448456384002], [18.393307232420874, 22.97287544710322, 29.58919806426524, 38.90778943892559, 33.03814166372222, 27.593211150139126, 24.155722092931338, 37.51595354473327, 41.24597102290988, 49.64823501453454, 58.246778670319564, 68.59852456786932, 59.9758296913488, 51.88880568864211, 44.40638703837195, 0.0, 10.130271950726053, 19.3893072736104, 31.200656032886158, 40.980373932101216, 41.93692880028867, 28.42393637298772, 19.54947415921477, 12.191529693063007, 7.479619247788551, 35.044140003188815, 44.44677774337889, 54.34074898787718, 65.21236585148554, 76.15862738333006, 72.02369754414836, 63.329847977623544, 54.08412696494561, 45.72908088703767, 37.511619419198176, 10.839616766865975, 23.324893037894856, 36.015605813014034, 45.80643821656091, 51.993119668962976, 56.70626541423607, 59.89406555722232, 60.740743172364496, 57.29248150459682, 44.093136148433196, 33.07296145667675, 26.938721810247213, 72.45159421021965, 65.8556440056961, 64.6861412627754, 67.20523604984571, 68.58870223769418, 72.95446182398872, 83.19195561392291, 88.88777160427122, 88.63114090864646, 88.34025495848095, 85.1472398302837, 81.54293195762249, 72.94956096785236, 68.93224548740633, 71.31576306515107, 73.62068998862368, 82.02605712557826, 82.4304328270165, 80.3102294743287, 78.14371796033103, 60.46523459960691, 73.68112223390783, 85.32135819850961, 94.06051366082814, 106.44984029726015, 114.73583380012222, 124.861589163252, 119.51854748721152, 127.5352163074821, 130.0858559436872, 122.48476051326342, 113.02077002110731, 107.10502586538584, 99.64906466617839, 90.95725311017357], [16.96291524594134, 18.402132993292298, 23.43657141900045, 32.68199076075119, 28.278530589048103, 24.771687260046317, 23.646314989538137, 46.40035819894982, 50.42887467015885, 58.97687586319052, 67.52977017881757, 77.52033352245688, 69.2905261536066, 61.22015252673947, 53.463598578510236, 10.130271950726053, 0.0, 9.468050085532395, 21.47008311349139, 31.661120773632184, 32.95123829875148, 19.201373339966832, 11.333627094192618, 8.379984542104001, 10.549120221864476, 44.53863919743566, 53.70325485746872, 63.26454419641567, 73.77949540379883, 84.25421192203217, 80.60642839204655, 72.25370177955223, 63.27354889940409, 55.15627231313441, 47.060029609932776, 19.124416053774215, 30.637503697267423, 42.164518204931895, 49.62392015139846, 56.33168759657543, 62.616692327289734, 66.73152398918144, 68.26967860432056, 65.48808566656722, 52.725760879475125, 42.26401292980879, 36.674064187815375, 74.08905006707991, 69.231357991206, 69.38474612512576, 73.02738741770271, 75.2713883967142, 80.1652145800956, 90.6230771940872, 95.46405036420049, 94.57213111302303, 93.4583010203937, 89.13578070342686, 84.14563479008048, 74.90585663952913, 73.13849315923311, 76.92082406267495, 79.99222887395246, 89.30314369812406, 88.56834046008184, 85.5714182619617, 82.27360079829069, 51.837118154770195, 67.07207046042188, 80.6951593079679, 91.05399947973706, 104.46124420956838, 114.56070352467756, 126.02268109979119, 123.97593747788294, 133.1125712880705, 136.2988392372136, 129.36478214941187, 120.0697050533373, 114.46015599095725, 106.86380988361631, 98.08302580046804], [18.283026218450683, 16.08345983311809, 18.34274064651286, 26.660166457497713, 24.324177917323272, 23.26695518961884, 24.418388307239816, 53.86748993789221, 58.299855946369966, 67.04754565721008, 75.53029086713626, 84.98813429236452, 77.15869065784229, 69.08994188847684, 61.06126821994339, 19.3893072736104, 9.468050085532395, 0.0, 12.081546270747221, 22.39892084490566, 23.911995102611364, 10.41324938339052, 6.396278423968191, 11.783428514832941, 17.48399417300355, 53.32259919183484, 62.30230661093127, 71.51835191999453, 81.54372970591267, 91.32114833781985, 88.0853143545502, 80.26013761422604, 71.62544529281608, 63.64558227080765, 55.62856818999981, 27.009727365028233, 37.635164998792995, 48.10633994702163, 52.97616632741329, 59.98691893671911, 67.72867210584886, 72.53728191091392, 74.41185099015362, 72.15394566822535, 60.15724952894421, 50.05689972018719, 45.137659565602746, 74.65775351537587, 71.68294038372122, 73.10533713647094, 77.68002401405089, 80.615196905744, 85.8262271933265, 96.18302455682291, 100.2740117851051, 98.92065209977088, 97.10604098613365, 91.79649583226238, 85.48563697660808, 75.75900880748833, 76.26835237180373, 81.27132539688002, 84.93442344466636, 94.74871917519572, 93.07817064700396, 89.38410950342475, 85.09226337215489, 43.16975125210505, 59.648681776754984, 74.8915333146444, 86.64982607605837, 100.93681002147028, 112.70376923749814, 125.33602576444494, 126.68752687724748, 136.54387961990756, 140.25070569790483, 134.03421248476923, 125.0075159694564, 119.86134312386608, 112.49831843081807, 104.27969208231598], [25.25986902946413, 20.391976983940648, 18.37447169890903, 23.05993347956793, 24.615555076138442, 26.778159194685973, 29.830838964008173, 63.428369116465916, 68.12459923692097, 76.96437240352319, 85.28179157025286, 94.04523180082305, 86.82749482268211, 78.87255487952204, 70.63375675387518, 31.200656032886158, 21.47008311349139, 12.081546270747221, 0.0, 10.757399850352456, 13.275883904411408, 6.926194585940032, 13.982184479307554, 21.95256816028754, 28.353815383387158, 64.11384038570152, 72.77177425449209, 81.46734180932616, 90.79507430652711, 99.63410690076728, 96.97560510783242, 89.85599790199709, 81.72550638441066, 74.01260023691115, 66.18585612750901, 37.94632091551808, 48.024925002468834, 57.607631424501335, 59.70525511562869, 66.85025887502242, 76.01643201368952, 81.35734623664601, 83.27685919545651, 81.37805030908454, 70.41475889143781, 60.38182699139125, 55.895152187746, 77.54624283641718, 76.96588042557313, 79.76598937080854, 85.1858845805043, 88.70253714352394, 94.03241031778076, 103.84890392318519, 107.32166430690997, 105.66977994379727, 103.19794749305765, 96.90023024945694, 89.09204782881761, 78.95848184169392, 82.17802939907129, 88.3709611691747, 92.50726197070057, 102.36407566355238, 99.96604505983076, 95.69244149204252, 90.40745226408518, 31.797280824963348, 50.56348030516768, 68.42921137883543, 82.15463371856222, 97.62968949120642, 111.60191584253194, 125.59607163301126, 131.37419776470486, 141.48808220335826, 145.43977308569768, 139.84054666514515, 131.0035237081628, 126.27366700646405, 118.98161433147943, 111.34906613980104], [31.44087987067357, 25.459917454311793, 20.814962419506656, 20.828675730511364, 25.710399655054804, 30.093284842186804, 34.28737896064223, 70.62319469677168, 75.7479290114195, 84.72828979691685, 92.87304505980204, 100.84915393041857, 94.10242677560247, 86.21577734627643, 77.8136218234373, 40.980373932101216, 31.661120773632184, 22.39892084490566, 10.757399850352456, 0.0, 4.395869986741757, 13.89441516199261, 22.50657732140039, 30.524644921637687, 37.10489914199565, 73.12945540994882, 81.6076401215626, 89.92673823000341, 98.60883528446477, 106.46914249901326, 104.15342262034977, 97.79026541767351, 90.11676098125234, 82.49595518972227, 74.7776056810567, 46.460818993869815, 55.638196141441504, 64.23557446825512, 63.63773548280792, 70.73314303661095, 81.1137432120155, 86.86431845148115, 88.76552122444242, 87.30594492313415, 77.54297204969657, 67.91223678597784, 64.28911001434844, 77.54472722707172, 79.18923423627069, 83.21310157084423, 89.32538841231371, 93.34454379943665, 98.73265279110964, 108.0069872737028, 110.74338341113486, 108.80545934494239, 105.74383978905777, 98.61306163984315, 89.52873522331902, 79.20345987208078, 84.86458677256341, 92.06579519648031, 96.58988224161439, 106.4540320057957, 103.28965426273719, 98.51528175199246, 92.38109779586237, 22.48734955624119, 41.07340220573478, 60.50873222670018, 75.61008211775297, 91.87177960562026, 107.5532540068994, 122.59440800476763, 132.33868281992184, 142.68102672026754, 147.05930049784058, 142.37601336489283, 134.03374087561738, 130.05636504005884, 123.5528846276611, 117.35649926163985], [30.792857960725904, 24.325133059174927, 18.72447208271969, 17.19820206365351, 22.88587669165162, 28.03139611517758, 32.84690003103157, 70.64880381640529, 76.10353204331345, 85.22132862709047, 93.3614917310086, 101.11500446596624, 94.29834312891936, 86.33602488927126, 77.87766019089378, 41.93692880028867, 32.95123829875148, 23.911995102611364, 13.275883904411408, 4.395869986741757, 0.0, 14.324498573734473, 22.851098697543513, 30.805336316627873, 37.427534139391256, 74.17714678199484, 82.76556422306162, 91.16267221898713, 99.80232133554856, 107.47373360473657, 105.01393101491205, 98.81600912806633, 91.15958215572813, 83.37861846642001, 75.58082660023388, 46.55958581699602, 54.869401823680214, 62.778217816198456, 61.14037022448683, 68.17574463602831, 78.93551776749581, 84.88869917082181, 86.97242968303318, 85.87785916522505, 76.53087803019694, 67.50996483135279, 64.61598590097516, 73.9029377929417, 76.0628458641121, 80.46131427745492, 86.84515133790623, 91.11535428585137, 96.64294650145679, 106.04592481759848, 108.27477442372052, 106.07353973487241, 102.75264508714277, 95.34486238851945, 85.9693534336807, 75.61995169132092, 81.8868200926177, 89.44335174763084, 94.17667157039189, 104.40099642597144, 100.70472728245988, 95.6582535511319, 89.23314154043048, 23.295152989401206, 38.50982811631023, 56.857241465483014, 71.69976941064708, 87.80216249053854, 103.47384373603798, 118.64509941848459, 128.92895683873192, 139.80425728461043, 144.73821567906836, 140.71571404332278, 132.8351900030956, 129.4044268135535, 123.77718512554823, 118.59980828975783], [20.603790999087813, 14.874925752814633, 12.394311828879246, 18.33285254878621, 18.629002362431486, 20.835456943495814, 24.695691390410133, 60.37521023258526, 65.53484239670456, 74.60033762343147, 83.0155595999052, 91.76690911587754, 84.15266279132118, 75.98968679678985, 67.69925853921566, 28.42393637298772, 19.201373339966832, 10.41324938339052, 6.926194585940032, 13.89441516199261, 14.324498573734473, 0.0, 9.23801854495032, 17.86362433263119, 24.543497984418302, 62.17965384288067, 71.16973027731423, 80.22032945676408, 89.79181119426251, 98.75257773414862, 95.65285777171482, 88.46828794416349, 80.13251951791199, 72.04336191079433, 63.981387386822114, 33.97003976560982, 42.74645649020426, 51.544732061987, 53.188046915928666, 60.32062876014023, 69.60251416992166, 75.17868614674207, 77.53479199582941, 76.13171227040932, 65.22298646579242, 56.192645098935095, 52.74606423417946, 71.28338127837758, 70.37516348418781, 73.21441423917378, 78.8226108493017, 82.58966598341497, 88.21355269888416, 98.65394112373946, 101.53580380370387, 99.50239204633233, 96.83112549624965, 90.43022656761968, 82.76511944824993, 72.66946841417364, 75.64728189771914, 82.00598749357242, 86.37447366962769, 97.01806538470059, 93.97191709887994, 89.41210564426464, 84.00998504421237, 35.96718813555528, 50.925711694665445, 66.37384592582643, 78.932276828802, 93.67087515101579, 106.73651500605011, 120.42659541163911, 125.1337375095096, 136.19229779243096, 140.9801856365342, 136.14561740899973, 127.90911187706615, 123.81352109459596, 117.74433022483984, 111.2984255195518], [13.308394760292392, 9.990666496935125, 12.659040072591047, 21.616335810048547, 18.2671185336071, 16.96432282161696, 18.791877861612797, 51.81302215090412, 56.90765542743892, 65.961725271454, 74.45274822018938, 83.5115284074906, 75.57074025104649, 67.33931596897298, 59.14165601334241, 19.54947415921477, 11.333627094192618, 6.396278423968191, 13.982184479307554, 22.50657732140039, 22.851098697543513, 9.23801854495032, 0.0, 8.705648596773193, 15.34615872287463, 53.400557784874316, 62.551230524374844, 71.84466855793755, 81.71505003711388, 91.09531405183108, 87.63308684099967, 80.15127657168668, 71.59732787470867, 63.334115573750665, 55.169924507537274, 24.77963775289635, 34.07312702413047, 43.80851319947636, 47.281626787532545, 54.36016707638595, 62.72146434927433, 67.8026141552513, 69.82107525613684, 68.00538861130934, 56.60039223758156, 47.27470899317927, 43.697488601069296, 68.30198538413606, 65.65583456488025, 67.44065493582619, 72.32408095451346, 75.54806022375806, 80.92769539816138, 91.45202931663782, 94.98215848017182, 93.37283000048039, 91.31361897058802, 85.75166558676979, 79.20197975839586, 69.42741094518391, 70.38857879746907, 75.77032438782489, 79.66249243154931, 89.89872427609804, 87.62994868002754, 83.65985897823822, 79.08881151566874, 43.59643601870798, 56.852419154271566, 70.31092826028623, 81.28210966904153, 95.15073964617108, 106.50971254612313, 119.0593399762014, 120.61333983226409, 130.94558612825492, 135.28198300226077, 129.86148168152573, 121.42842752652001, 117.0360018414128, 110.98380739868969, 104.43257681623052], [8.737675219416493, 11.051160068253516, 17.44900541611954, 26.762564418748074, 21.322359488191243, 16.798289612366524, 15.29608403316751, 43.37829500177785, 48.43236303010644, 57.48661762489051, 66.01478460995426, 75.2492867298957, 67.08849012517945, 58.81912463403926, 50.693998532033376, 12.191529693063007, 8.379984542104001, 11.783428514832941, 21.95256816028754, 30.524644921637687, 30.805336316627873, 17.86362433263119, 8.705648596773193, 0.0, 6.707513519609632, 45.10472764337851, 54.34566123388269, 63.770330079572595, 73.78319014935711, 83.39400458731596, 79.6290059931335, 72.00134784881332, 63.34182591818195, 54.93708537376366, 46.70921750628688, 16.149390411978434, 26.52703915045501, 37.56196052762104, 42.79093750484702, 49.675138451177205, 57.04566023732362, 61.448661216350466, 62.810706042448714, 60.40042189350596, 48.73467124751368, 38.76140249564191, 35.01083623631721, 66.1977773254342, 62.0346655426383, 62.7459087140694, 66.75849547686282, 69.29522485313471, 74.24061021376879, 84.50427547990196, 88.84618591721883, 87.83748130784599, 86.48781162087722, 81.85108215775887, 76.39609866719282, 67.04977265486798, 66.12102687522724, 70.40118888468403, 73.66968583829873, 83.08627947248729, 81.83024660872894, 78.60648753016801, 74.95467318083955, 50.473248463715585, 62.121930133900655, 73.87036394929979, 83.40065303190482, 96.46996107746745, 106.27988501504375, 117.68768411338495, 116.51919146191467, 125.70727343599634, 129.37425785012294, 123.27777387588264, 114.60234944708498, 109.90287169302256, 103.86641658222737, 97.39160471700535], [11.084981419959579, 16.189033646632062, 23.242669815668187, 32.360290079753284, 26.111676599761438, 20.273932076867805, 16.71206873789855, 37.47242104176782, 42.34541374114078, 51.32244543096272, 59.90072897526892, 69.44157059428854, 60.9977168378539, 52.70017699597337, 44.72784244442403, 7.479619247788551, 10.549120221864476, 17.48399417300355, 28.353815383387158, 37.10489914199565, 37.427534139391256, 24.543497984418302, 15.34615872287463, 6.707513519609632, 0.0, 38.78292721353423, 48.146023529093966, 57.770986313630246, 68.03785447061672, 78.02568799734232, 73.9503970789172, 66.04554841849638, 57.1987563822202, 48.65837021339695, 40.356647535948234, 9.612943825484729, 21.36299456361914, 33.54489568491843, 40.756774061978525, 47.30484285552245, 53.494178025420624, 57.249100187604746, 58.149337899063696, 55.226766191776875, 43.095202525807636, 32.59862722556011, 28.480346937231996, 66.05697650391393, 60.515550357618835, 60.20765430601509, 63.40141047238802, 65.31536253270626, 69.91144690271491, 80.0845103619093, 85.09305870445183, 84.54010647070305, 83.7926344266527, 79.97990139788674, 75.5620091636812, 66.67289315594729, 63.99880848301978, 67.24420639269633, 69.96620635794473, 78.77814329964502, 78.37133432308228, 75.77998694784736, 72.96209005700675, 56.543242789214645, 67.48700294472653, 78.12492859100509, 86.60997268318255, 98.99193249878938, 107.55029351048358, 118.02341604397485, 114.41839354312968, 122.83130060888212, 126.00212291265314, 119.33386142638446, 110.45387681747064, 105.43440640181045, 99.31293299951773, 92.65151058563129], [46.45378722348645, 53.47326876523623, 61.004020148811634, 69.36375862965667, 62.765093138311876, 55.62796952179507, 49.05091524690074, 19.512447651994506, 15.46884627125336, 18.68561106661168, 26.25501644991189, 38.275421286866376, 29.859523452462096, 23.96792625921919, 20.83035012635558, 35.044140003188815, 44.53863919743566, 53.32259919183484, 64.11384038570152, 73.12945540994882, 74.17714678199484, 62.17965384288067, 53.400557784874316, 45.10472764337851, 38.78292721353423, 0.0, 9.68620240536331, 20.19616607477726, 32.05950979025545, 44.924224474388346, 39.68420681144413, 29.46994206249062, 19.538811739949104, 11.504656586782456, 5.456861380309471, 31.382852012063353, 35.579215934823004, 45.71471577806605, 58.30690572045309, 61.5386369350348, 60.418288689329174, 58.72991745306719, 54.49517801966488, 46.87335274362543, 37.055562285541335, 24.217193202677986, 14.768987324585327, 