{
	"dissimilarities": [[0.0, 7.355979839899917, 14.74905913094734, 23.01763862302236, 16.763790595128004, 10.579031324674155, 7.034278843950602, 40.94878925925252, 46.886064866854994, 56.23242157427838, 64.54572267094264, 72.81818311131457, 64.97071587739889, 56.69093369994712, 48.31053731045087, 18.289941371945645, 16.848254807249354, 18.216370041515432, 25.279820999704786, 31.519146956367912, 30.78923705706241, 20.588139644167217, 13.255711100903975, 8.840650277691227, 11.080387552010128, 46.385225331756004, 55.30810622484329, 64.25208873798708, 73.47036472325148, 81.99158544441464, 78.25526268449754, 71.55917957685521, 63.478861627510305, 55.07864769236039, 47.03172179253584, 17.27772717405417, 25.304855098998, 35.65364648024655, 37.836173348870965, 44.94711701045657, 53.97717829697093, 57.87100177152921, 58.514796856260496, 56.21828841483939, 46.027135189369766, 36.56696044225642, 34.765933658195415, 59.25460802219018, 56.23459354434448, 57.58988817217201, 61.82491308824764, 65.34502222384816, 69.23908467813887, 78.69545115395184, 83.71754363767471, 81.96529678249087, 80.5167854420519, 75.65340136247663, 69.65928740066576, 60.15048203362509, 61.34151762197889, 65.1810938084741, 68.46091434526905, 77.27279186310507, 75.86056778270626, 72.60713932792662, 68.6793361114627, 49.658485628985446, 56.87096808817027, 68.17395711113895, 77.31486428020175, 88.98299736270559, 98.25918469867679, 109.96746006565233, 109.73959670790062, 118.9363910088595, 122.34482849261806, 116.81530646004038, 108.56772247852336, 104.05213774565722, 97.65737999499208, 95.72401188704981], [7.355979839899917, 0.0, 7.3941107542569995, 16.221239996216344, 10.724952544421539, 7.452842609389992, 9.887685113674738, 48.23049299599958, 54.22972932800104, 63.57901870978692, 71.87309296291434, 80.00169377541557, 72.24989578047287, 63.97502168951875, 55.57921556399654, 23.078795302984012, 18.485198317231248, 16.13267487053244, 20.39030539477781, 25.441338487401065, 24.204084935626074, 14.887159137348668, 10.083189443668848, 11.346398438490251, 16.36980280898084, 53.49504661618682, 62.47145840974716, 71.43362261035696, 80.62776338012281, 89.00187847245479, 85.42480544599964, 78.81264528596216, 70.74479529551029, 62.36994697983664, 54.301816999467164, 23.84963771673549, 30.828517973334545, 39.70410854228661, 40.15598221213808, 47.44078322532735, 57.41064502795259, 62.04163619873673, 63.497936295671636, 61.954888526835695, 51.97974605559947, 43.513771199499104, 42.01371199838885, 59.25837407741429, 57.64238079652739, 60.061720784047154, 65.19937771107107, 69.41208944298471, 73.87248977099503, 83.7870434632781, 87.76921151086185, 85.34816996122704, 83.1499994484455, 77.35521253902512, 70.32913180037994, 60.41863712996966, 63.36046436593418, 68.36579491851317, 72.3239513708653, 82.18696405712481, 79.57249424971658, 75.5012507451592, 70.6408640357349, 44.35282547287454, 51.68622948717729, 63.92410428763108, 74.1165584094514, 86.31778013044547, 96.83602173269759, 109.5590843669626, 111.67492896891507, 122.2268716283635, 126.55066987661652, 121.92140687458145, 114.11308323714317, 110.12708506278551, 104.11694417273738, 102.34343196720332], [14.74905913094734, 7.3941107542569995, 0.0, 10.118858836290478, 7.528217170402101, 10.370674165056776, 15.945750821421173, 55.55691436338648, 61.604876589320845, 70.95636624140347, 79.22887765153162, 87.21917739603384, 79.5646866553671, 71.29987523401427, 62.890697615377434, 29.06464824798033, 22.635691084673116, 17.312448899551153, 17.33819104355186, 20.15898318219319, 18.1351968554504, 11.338003625549385, 11.756602295695128, 17.05276666425167, 22.925317973234268, 60.72045053111057, 69.72240783313838, 78.6810069697395, 87.8337189804006, 96.05674254154249, 92.62753209774404, 86.10561109005894, 78.06317521551874, 69.7174088649833, 61.64105152305073, 30.86456985579425, 37.09551514865909, 44.71422827910841, 43.6692113555254, 50.94645440033959, 61.618707801859536, 66.84005726780362, 68.96164701124934, 68.05020051463865, 58.3289648987308, 50.63370181902071, 49.35275557924279, 60.1645668421533, 59.96184633045355, 63.347814079542594, 69.24705917867207, 74.03875370449211, 78.96064298077215, 89.20546469257599, 92.24582569886788, 89.23594761495538, 86.35756458031761, 79.72291873776518, 71.75137647692902, 61.569736046014135, 66.1750195386399, 72.20804947899937, 76.7413616949606, 87.45774833790435, 83.78832266727387, 79.00181512281716, 73.31088107256078, 39.57872569268047, 46.9213963315733, 60.130908479928834, 71.41155280835282, 84.10992166772999, 95.88253579577625, 109.57934616820822, 114.05520304348013, 125.82983621876606, 130.98933112274014, 127.20031105003682, 119.80323534392997, 116.30470732265714, 110.6455509343467, 109.02955521169143], [23.01763862302236, 16.221239996216344, 10.118858836290478, 0.0, 7.946410440258221, 14.989457667037785, 21.53392210510569, 62.28818518814431, 68.7737381160467, 78.16452096375389, 86.17916329336032, 93.29104637322642, 86.05793670042175, 77.90411184550496, 69.46318314502992, 38.96885254479805, 32.72470360486912, 26.69326065243296, 23.03263740859878, 20.8253278257989, 17.164777401110744, 18.369866944852188, 21.68453315819692, 26.97808615683108, 32.48838898862302, 69.370348495292, 78.16695415677108, 86.7856893691518, 95.34506785185015, 102.6248322302053, 99.39014702934769, 93.62063800353563, 86.01653613288744, 77.75277189048039, 69.83869413576464, 39.66072346289301, 44.23523417840924, 50.0535914525014, 45.4964206067389, 52.54630845499851, 64.5703612674728, 70.15564939190601, 72.4090936528169, 72.22783514295375, 64.06055718796867, 57.44855449350119, 57.400450793655594, 56.741713064870964, 59.15497336791442, 64.0448297965415, 70.78513098292781, 76.1375353984815, 81.31093390857338, 91.17058871289957, 92.95633635817948, 89.4849954574171, 85.84665536651737, 78.19149918234768, 68.76493132931718, 58.43809933610563, 65.75814880016549, 73.21534839215144, 78.27455145320546, 89.28239565358345, 84.38777749450841, 78.89142487221793, 72.16078056026535, 36.53033774143661, 38.55915043399134, 50.73587989948568, 62.511557872519056, 75.62358420814813, 88.73722159989947, 103.42886904936168, 111.73898745794916, 124.17633558698661, 130.31193286365203, 127.93414465092164, 121.41169934524386, 119.10638212219428, 114.9342301479256, 115.08452971044592], [16.763790595128004, 10.724952544421539, 7.528217170402101, 7.946410440258221, 0.0, 7.4714948059392405, 14.668958720189277, 55.49315864177373, 62.08884914660466, 71.50704335609777, 79.59250385821785, 86.95900506099176, 79.33022943922413, 71.06775743200889, 62.702189891881716, 33.16817924530515, 28.386969717302815, 24.40282958855511, 24.616265724906956, 25.675886239011284, 22.769242070555862, 18.67963118058668, 18.381241460640382, 21.57320653253118, 26.294820264490326, 62.810742981644864, 71.73653852617778, 80.5855460771869, 89.42126166067372, 97.09089835829941, 93.45990511344215, 87.4199187824781, 79.6098412023152, 71.1536197419671, 63.15599033971952, 32.634102011834955, 36.36734441887174, 42.22045513654465, 38.52284112131944, 45.709916113110395, 57.291278007063696, 62.72648100574477, 64.99775602760705, 64.75947856331737, 56.20523601624515, 49.92320724448851, 50.33394623593093, 52.916383516747416, 53.56770380820955, 57.65422059900929, 64.01064448195464, 69.15650210472003, 74.31048895325283, 84.63509421871458, 86.75515931133475, 83.39897544447959, 80.13532882395872, 73.0764427950928, 64.63123220220906, 54.39189194092791, 59.94847524078562, 66.68636012419675, 71.54109418794093, 82.73409796714195, 78.1634665294777, 72.95734879537324, 66.79661939844696, 43.103751174645815, 45.301451481474516, 55.462473927413754, 65.31777977780811, 77.36449318455166, 88.5667649595983, 102.21338381654006, 107.19811298605762, 119.63522855969914, 125.67520196669255, 123.01195130574223, 116.46146386638871, 113.98403836532019, 110.01004408445237, 110.33794106722053], [10.579031324674155, 7.452842609389992, 10.370674165056776, 14.989457667037785, 7.4714948059392405, 0.0, 7.4440925388507875, 48.075533068540174, 54.69449182586681, 64.11384552895707, 72.21161757035733, 79.70004950353713, 71.93364281176883, 63.64382724886668, 55.29655584231358, 27.794559203492653, 24.935897732580752, 23.370545992967344, 26.77575999874136, 30.028296175479486, 27.879755413330912, 20.877351464022517, 17.102798142793123, 17.11685519377964, 20.53590267843189, 55.70702136163001, 64.58947356506734, 73.43937274293965, 82.31092079116598, 90.12723142342104, 86.31178234979046, 80.1885661539982, 72.35649607666416, 63.859935071858146, 55.88475901354782, 25.82740901661417, 29.643106194082364, 36.56823518481528, 34.28995912548005, 41.58097293416577, 52.517170140819665, 57.387828171165644, 59.024239436458934, 58.19625204916026, 49.380751172357044, 42.5174684386289, 42.99291411361849, 51.86978269583998, 50.84946644573165, 53.87887173647724, 59.46583163756842, 64.04724305527128, 68.77565096266963, 78.87535287547672, 81.93912820753674, 79.15972174926765, 76.59852321787578, 70.42559005505944, 63.03144933038253, 53.066307217696796, 56.72494211808415, 62.38276603452776, 66.67058123591134, 77.10520964133731, 73.56927933290063, 69.08151239696832, 63.79488934499187, 47.696573003636615, 50.49280181777252, 59.82584889476569, 68.50863558895848, 79.96699338470795, 89.75264149588855, 102.32852823055222, 104.65367500157303, 115.91347510481404, 121.14744202494448, 117.65591647478138, 110.71502950144402, 107.7764981272923, 103.53573369601902, 103.79294202091695], [7.034278843950602, 9.887685113674738, 15.945750821421173, 21.53392210510569, 14.668958720189277, 7.4440925388507875, 0.0, 40.87372692158621, 47.4863902964295, 56.89998538433973, 64.9394329407972, 72.35432991903748, 64.71682886823503, 56.47979272346791, 48.08025017044094, 24.355715187106167, 23.793068612685378, 24.504710271829985, 29.830740819714016, 34.249873282957786, 32.74602038903289, 24.732207294123928, 18.908615036686687, 15.648349509726481, 17.013810648545906, 49.12544472497876, 57.77457934277173, 66.38405580460348, 75.02892483354822, 82.70499595176065, 78.89730914257703, 72.91959939386106, 65.26704278534221, 56.873517097562754, 49.03861720365965, 20.69295841175256, 25.45936471475096, 34.06441357516125, 33.23502761472223, 40.38127441784303, 50.52926653699819, 54.491137615186624, 54.92961209515558, 53.10975509254064, 44.4048685557335, 36.169659364236836, 36.404687402514945, 52.811051940606376, 50.644182045083724, 52.64014509848093, 57.2254219829262, 60.988110071510306, 64.9501483415541, 74.15076639040718, 78.52029935541796, 76.64002797478518, 74.94541824165799, 69.75671903575162, 63.27657268853978, 53.73650328187078, 55.821695924829555, 60.28478360320752, 63.75441119754631, 72.62453112783963, 70.58861308363015, 67.08950172919222, 62.791532312575804, 51.07368312300309, 54.29997863416167, 63.28810054803531, 71.27674125437566, 82.48403297376808, 91.34331414934887, 102.95151620664831, 103.55732554149245, 112.82515117090091, 116.79702717113449, 112.17817718935244, 104.62930927145655, 101.09314700056079, 96.32450194169402, 96.46568189737863], [40.94878925925252, 48.23049299599958, 55.55691436338648, 62.28818518814431, 55.49315864177373, 48.075533068540174, 40.87372692158621, 0.0, 7.6384224581768185, 16.551704017090294, 24.29354250575889, 32.654651959815496, 24.04936112332228, 15.754739432245206, 7.3953509929762635, 37.524330716002666, 46.39100060204058, 53.85252934776681, 63.42199073099653, 70.6186773551622, 70.59585247553068, 60.35737126787299, 51.80051439621236, 43.400358694861616, 37.49786232331947, 19.515051194058422, 23.59582369953556, 29.83574452126483, 37.29610414618855, 45.44399909724248, 40.05557003607421, 34.03843264348517, 27.35235398669215, 19.8120344367789, 15.202973225108469, 29.330017018349512, 29.843282246278793, 38.2261420530774, 45.96049729431589, 48.77207781126432, 49.70119580706297, 47.258321617718934, 40.87381331779267, 32.659846846738716, 26.92463931979823, 13.277046304230243, 12.95531133621493, 69.55718019292475, 61.05317336120285, 56.65615287051207, 54.31976503995004, 52.25819078466349, 50.866218305136165, 54.297773653860816, 66.21324970386647, 69.42285430534751, 72.9288957952406, 74.23049054394538, 74.54865002640685, 69.00930491250159, 61.4773201101747, 57.75840197307056, 55.73340392245283, 54.503799588330885, 62.046804905857435, 64.78186323701377, 67.07100334274783, 85.08754776692606, 89.34172096339996, 95.28761347030236, 98.83196684473518, 106.93002281697821, 109.39541389690854, 114.92327002902938, 102.44613876700508, 102.16097945570331, 99.50632119334752, 88.53318175348964, 77.94874187472115, 70.34089011054311, 62.771784726509836, 62.24929864916239], [46.886064866854994, 54.22972932800104, 61.604876589320845, 68.7737381160467, 62.08884914660466, 54.69449182586681, 47.4863902964295, 7.6384224581768185, 0.0, 9.419443504119073, 17.759109943820665, 27.670256640632992, 18.92610691776893, 11.285598390334204, 5.737481900409885, 41.239953910750444, 50.41134042931532, 58.28062548437432, 68.12098823753843, 75.74720134403351, 76.05207818795361, 65.51502817814203, 56.88979579498217, 48.43452471403651, 42.35246615499953, 15.450941836767912, 16.91623407416863, 22.30804132484903, 30.013364480157737, 39.21990976681079, 33.54817609858327, 26.640079233714097, 19.721447472515145, 12.56534494126926, 10.268600819597038, 34.248823912042, 35.56991038459404, 43.97763105438078, 52.96946300236095, 55.48046397210828, 55.20504211199729, 52.16788993167265, 45.44155781930206, 36.70925393029769, 31.253607934422565, 18.753299637534028, 15.706888631740501, 76.85966651050049, 67.89942480473074, 62.9469542584801, 59.931364042209665, 57.19859201338085, 55.117049450827366, 57.47981859109666, 70.4264972189693, 74.29240435805438, 78.41521419556629, 80.45334416886341, 81.45053745364227, 76.2357751784138, 67.96211750563778, 63.39546238103103, 60.75380546803935, 58.042789948882145, 66.96825918890902, 70.44009915239911, 73.42574477420027, 89.96701151973465, 95.59730216644562, 102.25742390006405, 106.04930868262919, 114.21123452289228, 116.47617410703515, 121.52180843598774, 107.70176405445739, 105.96979983720789, 101.9238893750666, 89.43780505755795, 77.9514671824568, 68.90268696240665, 59.28010014215163, 56.57464146199414], [56.23242157427838, 63.57901870978692, 70.95636624140347, 78.16452096375389, 71.50704335609777, 64.11384552895707, 56.89998538433973, 16.551704017090294, 9.419443504119073, 0.0, 8.677978941269505, 20.157527439295944, 11.483836086565935, 7.417825376687496, 10.7426322091722, 49.661737206558925, 58.973122050514455, 67.0334546324979, 76.9551771279036, 84.71142955808881, 85.15503720766577, 74.5781467378061, 65.94595458257163, 57.48636138948713, 51.33396134491908, 18.72610857926724, 14.906874512720464, 16.112159722558953, 22.22078746739784, 31.748135806646708, 25.29917987140431, 18.137238961030146, 12.612191534648094, 9.35370869243072, 13.803877947852408, 43.18509505695245, 43.99874234658791, 51.3833375955342, 60.734062687129914, 62.54733451809877, 60.82207801157475, 56.785861354367974, 49.21262560647942, 39.975027790146314, 36.44176638131519, 26.54330260029729, 23.986875565699677, 84.0310949582312, 74.56220783128656, 68.88767231433545, 64.82255435715098, 61.06691827766005, 57.8504279519623, 58.3158598626487, 72.50021044565258, 77.39096846415491, 82.43828847239284, 85.62778442509712, 87.70096705591564, 83.23198273467163, 73.89370110697558, 68.12580905764541, 64.50754514509629, 59.36804999308518, 70.17137508490309, 74.79069839807016, 78.8557828644518, 98.4963716307028, 104.28956865216884, 110.64113263212793, 113.90276427811409, 121.60129053140716, 122.9309378334434, 126.8951712498652, 110.93665550618317, 106.97806906223417, 101.21695796840255, 87.11519580725742, 74.89702402052548, 64.52762508611772, 53.61349147314234, 50.00303000572973], [64.54572267094264, 71.87309296291434, 79.22887765153162, 86.17916329336032, 79.59250385821785, 72.21161757035733, 64.9394329407972, 24.29354250575889, 17.759109943820665, 8.677978941269505, 0.0, 12.574532871776746, 6.33798166845637, 10.493497517846468, 17.45749765670558, 58.30425322989486, 67.55827426132734, 75.53493789790323, 85.26933975576392, 92.83969331941408, 93.28660034340596, 83.00100450318479, 74.45395973362072, 66.0438481385228, 59.9452776880591, 26.377113574679264, 20.218395180530774, 16.549986601176027, 17.730948353963022, 25.30624087453753, 18.1132142162466, 13.1295829747305, 12.961035423041558, 15.391855283735259, 21.92402112160242, 51.81640916905572, 52.12631325958901, 58.61742690341729, 67.36892573523689, 68.60364464798138, 66.12443494988649, 61.27132142544521, 52.76652535543589, 43.27494405263305, 42.18839699957867, 34.17046027460409, 32.603857268975474, 89.32702062926805, 79.83572858103247, 73.79183419213365, 68.92231912527741, 64.32147928928471, 60.001333398007496, 58.13491334008741, 73.35055150103939, 79.29728036793664, 85.14856210016151, 89.2879004703394, 92.11800439404307, 88.37971108153346, 78.50683899056106, 71.91766584137814, 67.44337884546637, 59.67743112432643, 72.16826131713567, 77.84095436168671, 82.77065915965163, 105.92487240584117, 111.03899914177622, 116.63804891245056, 119.1694739782075, 126.33976744360663, 126.7715826100394, 129.661223987604, 112.40575907538727, 105.87178405367314, 98.35091490222838, 82.79383648339588, 69.9638243966138, 58.56846897465299, 47.01427872087546, 44.054312208422104], [72.81818311131457, 80.00169377541557, 87.21917739603384, 93.29104637322642, 86.95900506099176, 79.70004950353713, 72.35432991903748, 32.654651959815496, 27.670256640632992, 20.157527439295944, 12.574532871776746, 0.0, 10.92852160199416, 18.56475644630745, 25.461607354743748, 68.75012501436333, 77.62631721251995, 85.05586236331129, 94.06332355574678, 100.83804660864591, 101.08564497724747, 91.80460434566912, 83.57949909203577, 75.38510192697497, 69.58665038251145, 38.52611268784071, 32.38063221856827, 26.713029285408684, 21.720758131624827, 20.860624750210572, 14.762137916487568, 18.821566595860904, 24.00806060946527, 27.76347315076575, 33.866030738315125, 61.670270848577935, 61.380766312315814, 66.8761178915693, 73.32886402817178, 73.9780314653524, 71.68828811397795, 66.07543063534156, 56.13497935443722, 46.58271189511245, 49.407154678530446, 42.95925686100389, 43.17862862033805, 92.03697416310966, 83.46659265412322, 77.58284590844899, 72.09298792165362, 66.6988574413467, 60.974858106995484, 55.12548645040599, 71.44220983218487, 78.87979336204248, 85.55589788129448, 90.53847423013674, 93.72852198292175, 90.9458918588134, 81.38945444442712, 74.42222432884056, 69.03739952606838, 57.33675533159062, 71.78047132798386, 78.6834782311443, 84.34405958919935, 112.4107525924153, 115.17192207337733, 118.9799023316918, 120.18849702399858, 126.54690793085312, 125.91813285616827, 127.42171598325194, 110.34967062449319, 99.62293175044098, 89.5947048978185, 72.2895980267124, 58.634413342764034, 46.37374775362476, 35.498864693209974, 38.07815900679224], [64.97071587739889, 72.24989578047287, 79.5646866553671, 86.05793670042175, 79.33022943922413, 71.93364281176883, 64.71682886823503, 24.04936112332228, 18.92610691776893, 11.483836086565935, 6.33798166845637, 10.92852160199416, 0.0, 8.527522909873126, 16.68884468473435, 60.01862796867628, 69.30864672285999, 77.15809605050886, 86.81498656705307, 94.07513634778401, 94.2320812871745, 84.13732215335001, 75.56857462553765, 67.11520765673905, 61.03546555737946, 29.9431039903674, 25.164058800738264, 22.768551396735123, 23.42090534731971, 28.61276447893375, 21.469994733377955, 18.906474694355637, 18.994423880114162, 19.826249282265014, 25.008295916942522, 52.603703605476504, 51.48332324174998, 56.76944464447844, 64.52431483757088, 65.24504557464903, 62.46791362594042, 57.17077062405885, 48.05207881752066, 38.49266965909013, 39.321195028322194, 33.026669374600964, 33.62456704914724, 85.35313013698129, 75.78604099860686, 69.56142905888078, 64.2903921729778, 59.318433371676, 54.529669587719404, 51.943614754057776, 67.33998256202312, 73.5910565885832, 79.71132145697962, 84.24786145378214, 87.52298129424227, 84.29015905528242, 74.03406859946465, 67.07142883364456, 62.22496702576632, 53.574262834126415, 66.49691577566945, 72.56015296750749, 77.88298722759129, 107.27846867251124, 110.72034419983699, 114.92468987027677, 116.42276772314987, 122.86165015030726, 122.35889656662081, 124.62669353800271, 106.49390479740246, 99.70191585263501, 92.47245995039312, 77.48298103579111, 65.30062859429947, 54.88404425515405, 46.10398290123701, 47.0035232375211], [56.69093369994712, 63.97502168951875, 71.29987523401427, 77.90411184550496, 71.06775743200889, 63.64382724886668, 56.47979272346791, 15.754739432245206, 11.285598390334204, 7.417825376687496, 10.493497517846468, 18.56475644630745, 8.527522909873126, 0.0, 8.513825984459219, 51.932186037183925, 61.237093121995926, 69.08684681770099, 78.85985677716293, 86.18618222597509, 86.26005879158498, 75.9707499636695, 67.3333488054198, 58.83766940238369, 52.73419744845757, 24.057086064857877, 21.836706832131853, 23.13114889802878, 27.43667752025755, 34.57060221601004, 27.88664720969235, 23.074681439953988, 19.35688048154144, 16.170439509456415, 18.756474699899528, 44.20469916168205, 43.06598635323298, 48.902840361704854, 56.967413269560474, 58.16780312459087, 56.142961839603494, 51.56236618783247, 43.16927788369369, 33.700911023277705, 32.45305055551144, 24.65769429918779, 25.439722420293993, 78.9812794808889, 69.40786603058271, 63.514730015181996, 58.98307244122139, 54.809389597894686, 51.08836602718004, 50.91789276858486, 65.26137947589307, 70.45586225790427, 75.78469713089073, 79.39451787688911, 81.9498905440361, 78.04349055500361, 68.24775639702654, 62.05772503408913, 58.02515446725933, 52.020478139925586, 63.22411582154627, 68.25746178374189, 72.75311681401814, 100.05094102512736, 103.72476867027015, 108.35480155027761, 110.3673323956943, 117.2111078160114, 117.45843514220084, 120.72989659676463, 103.84982074196091, 99.68698583082755, 94.34995894972954, 80.99528918138297, 69.55314604654751, 60.34746857034026, 52.366223400706346, 52.77311514736094], [48.31053731045087, 55.57921556399654, 62.890697615377434, 69.46318314502992, 62.702189891881716, 55.29655584231358, 48.08025017044094, 7.3953509929762635, 5.737481900409885, 10.7426322091722, 17.45749765670558, 25.461607354743748, 16.68884468473435, 8.513825984459219, 0.0, 44.473113643253924, 53.49507737366823, 61.06763451159646, 70.62280152345741, 77.78478028243727, 77.80428493962054, 67.68682077600019, 59.1464327392287, 50.739685374548095, 44.788675085532795, 20.956333776987858, 21.944059945607766, 26.003052432259008, 32.042642639594334, 39.55457183603638, 33.719590821701274, 28.391366711527116, 22.947350992464145, 16.9745190124177, 15.70600532797968, 36.513031264799075, 36.241611239713556, 43.354358333057704, 50.98782187351122, 53.01379952331776, 52.65527030724329, 49.1219711252879, 41.51891937400517, 32.47023090858268, 29.198360815534937, 18.335139560416795, 18.7619615420028, 73.57563575096854, 64.69284419687949, 59.628520952249744, 56.22120110617558, 53.10656530936516, 50.50662836939624, 51.99690062202349, 65.22072271385174, 69.47976782444687, 73.8875889582622, 76.28056642587688, 77.58824467338846, 72.83823285796862, 64.32938840184428, 59.4539513604608, 56.417033016157646, 52.65314217223877, 62.078628108440746, 65.97752290150414, 69.32316188492612, 91.73608694093281, 95.52789602096277, 100.75612880113454, 103.53099809413425, 111.05313097601201, 112.50102728722332, 116.94881953065787, 102.68132068406781, 100.28565279249939, 96.23689158738458, 84.06565671292917, 72.98229090954631, 64.63364317489828, 56.84116382551264, 56.9363107540698], [18.289941371945645, 23.078795302984012, 29.06464824798033, 38.96885254479805, 33.16817924530515, 27.794559203492653, 24.355715187106167, 37.524330716002666, 41.239953910750444, 49.661737206558925, 58.30425322989486, 68.75012501436333, 60.01862796867628, 51.932186037183925, 44.473113643253924, 0.0, 10.137956466995503, 19.404049513676522, 31.296564329376057, 41.05154556049501, 41.86234486218855, 28.435302123534978, 19.54531173408595, 12.02661282871104, 7.395369874489306, 35.03325071162324, 44.44038182091541, 54.35497665179042, 65.24575388606073, 76.27897702271622, 72.09097857047188, 63.342011554569936, 54.079457769580756, 45.70960392537748, 37.49117614890109, 10.828436405091042, 23.262412818506473, 35.99913522722378, 45.77775755948737, 51.9588411188308, 56.925459553375404, 59.89423612827761, 60.7202186992614, 57.298176387389184, 43.97166934368617, 33.092257891974384, 26.93183226170091, 72.31164274808222, 65.83222803581604, 64.66571252351608, 67.18282239452547, 69.54263999510694, 72.93177950213736, 83.08750637325645, 89.82245137448326, 88.62949824274575, 88.3122361011139, 85.1519637773771, 81.60767318699459, 72.83064231269229, 70.03736162934385, 71.27664496484401, 73.57051676464962, 81.93565099647635, 82.44466428362104, 80.32947825193891, 78.16508217045487, 60.37109466954941, 73.29761207605488, 86.3135633919124, 95.5172237414656, 106.74034972245629, 114.65081861410548, 125.20563196535082, 119.37555607432171, 128.2190667976245, 130.3356020507992, 122.69788640324919, 113.1800408130083, 106.49482862450262, 97.14520201912508, 90.93384782025876], [16.848254807249354, 18.485198317231248, 22.635691084673116, 32.72470360486912, 28.386969717302815, 24.935897732580752, 23.793068612685378, 46.39100060204058, 50.41134042931532, 58.973122050514455, 67.55827426132734, 77.62631721251995, 69.30864672285999, 61.237093121995926, 53.49507737366823, 10.137956466995503, 0.0, 9.472046200501245, 21.564998827878988, 31.72073591707572, 32.84724902623214, 19.198733873641277, 11.311356413199704, 8.215754331441088, 10.515236104708633, 44.52467800051816, 53.68807291501479, 63.26193167934793, 73.7914135301275, 84.33747180954506, 80.64527269064622, 72.2497768965889, 63.25900004055629, 55.13526522254464, 47.041957843600365, 19.1215466552053, 30.568643849329433, 42.15875252134778, 49.60713521807462, 56.33419771404277, 62.880515755869204, 66.74143878836833, 68.24720704049943, 65.47590808248263, 52.588840160324224, 42.253551765295676, 36.66275499096528, 73.95675934052122, 69.20649806086156, 69.36313004021909, 73.00091161046342, 76.17503442847159, 80.14024914294927, 90.52391679969024, 96.36055437123419, 94.56088157686618, 93.42735796028374, 89.1300280079505, 84.18995180079867, 74.79266687419404, 74.19409171519463, 76.8931043610231, 79.95435541835265, 89.21702319495516, 88.56899629340242, 85.57594123098684, 82.28048680784217, 51.70715230514078, 66.7046041194974, 81.66916555518893, 92.53658509910653, 104.72167145581689, 114.45842590953224, 126.33141082760581, 123.83832018245006, 133.7271791446484, 136.50946445596222, 129.5381589017711, 120.1909690522263, 113.88214080217058, 104.46135672962662, 98.04023479367987], [18.216370041515432, 16.13267487053244, 17.312448899551153, 26.69326065243296, 24.40282958855511, 23.370545992967344, 24.504710271829985, 53.85252934776681, 58.28062548437432, 67.0334546324979, 75.53493789790323, 85.05586236331129, 77.15809605050886, 69.08684681770099, 61.06763451159646, 19.404049513676522, 9.472046200501245, 0.0, 12.180619423511018, 22.457427483643215, 23.79567221630862, 10.406652125110211, 6.384491306399752, 11.794461271071057, 17.508637384638877, 53.30750300422508, 62.28001261888611, 71.50205173730939, 81.54084453334377, 91.37718780846703, 88.10422203858427, 80.2460609224694, 71.60519039661217, 63.62840993591475, 55.618671458151304, 27.020515492524957, 37.54623521489544, 48.10551232718785, 52.98144499833794, 60.04954206418046, 68.07719773204501, 72.5583415027158, 74.38678594467278, 72.11988595498718, 59.97803018633156, 50.01642617329626, 45.12716201177178, 74.55089576755623, 71.66120518214065, 73.08271885901101, 77.64648013943372, 81.45924609716864, 85.80120935453755, 96.10012678907057, 101.13578015978517, 98.90040792595313, 97.0756097729275, 91.78098801689679, 85.51046901692021, 75.66748290461187, 77.24742161352692, 81.2638195259673, 84.91867943230068, 94.67719241818912, 93.06663945484053, 89.37275588438193, 85.08502642450055, 43.02381666444628, 59.31075778029458, 75.85160638883768, 88.15642669043996, 101.179354072662, 112.60008621037193, 125.61687389011657, 126.56628342223615, 137.08830049515808, 140.43354670879563, 134.18148147805576, 125.1062761196813, 119.33463521727207, 110.22330584385294, 104.2324098394943], [25.279820999704786, 20.39030539477781, 17.33819104355186, 23.03263740859878, 24.616265724906956, 26.77575999874136, 29.830740819714016, 63.42199073099653, 68.12098823753843, 76.9551771279036, 85.26933975576392, 94.06332355574678, 86.81498656705307, 78.85985677716293, 70.62280152345741, 31.296564329376057, 21.564998827878988, 12.180619423511018, 0.0, 10.705546645736963, 13.06982002513769, 6.99374528181553, 14.075425784486875, 22.132592684697585, 28.47584810585114, 64.13747240106345, 72.77326913578848, 81.45536748420479, 90.78069900719483, 99.64435355379929, 96.96700971684427, 89.84137386771064, 81.72116776980927, 74.0288889167412, 66.21926775342965, 38.02589771909046, 47.975813570746105, 57.68002235050498, 59.77838973380793, 67.03428307400559, 76.53441920101167, 81.44383293157351, 83.28382065181786, 81.34433177410061, 70.22747835899203, 60.3425403150179, 55.925556618255214, 77.48200564861085, 76.9733815815371, 79.77631681090685, 85.17773655091969, 89.5078057489623, 94.03380892130222, 103.79473216273244, 108.15359984421245, 105.6537865607015, 103.18684081463142, 96.88549800462646, 89.08923484202926, 78.90440710568173, 83.06512117111191, 88.42315814050336, 92.55112128415956, 102.3212792290625, 99.95104501079554, 95.67537267758283, 90.39347240880419, 31.500296263025398, 50.2010346601712, 69.22802100943937, 83.58321080775548, 97.76852416925708, 111.44905538321724, 125.78579819623188, 131.28134848700202, 141.90261713093156, 145.54701203003577, 139.91279811453444, 131.03037612050468, 125.7786956616215, 116.84863221988559, 111.26842488612925], [31.519146956367912, 25.441338487401065, 20.15898318219319, 20.8253278257989, 25.675886239011284, 30.028296175479486, 34.249873282957786, 70.6186773551622, 75.74720134403351, 84.71142955808881, 92.83969331941408, 100.83804660864591, 94.07513634778401, 86.18618222597509, 77.78478028243727, 41.05154556049501, 31.72073591707572, 22.457427483643215, 10.705546645736963, 0.0, 4.37001536839838, 13.967923023857304, 22.590817141580423, 30.741150030645713, 37.233256743475636, 73.14103723476845, 81.59454784635562, 89.89944867987764, 98.58639017606748, 106.4681915662504, 104.13646176500721, 97.76947238536756, 90.10487806275327, 82.51231938206864, 74.81308449404997, 46.53342025143652, 55.543929891807394, 64.28549218138006, 63.73214342958903, 70.98861479516566, 81.73427960271925, 86.94778168640177, 88.75949583320282, 87.23896646526171, 77.28043689095536, 67.83452784334447, 64.31135745824467, 77.53634218973997, 79.20044766458652, 83.21391124868968, 89.29751014402648, 94.06020291868103, 98.72979533923194, 107.98307538066948, 111.53270873610644, 108.77704371344126, 105.7336672925623, 98.58612214593869, 89.50708697994936, 79.19746739292056, 85.62271898746334, 92.14072114065, 96.66035338847253, 106.43814793602706, 103.26089587299725, 98.47661601332192, 92.35031522733902, 22.247711359054843, 40.82044350325999, 61.314256606761276, 77.07871034131558, 92.02729561224017, 107.4393912279356, 122.77525269360652, 132.27955721740537, 143.02261762461944, 147.16186417580596, 142.44954141890645, 134.06922808324177, 129.65690418624783, 121.61402496232594, 117.2997889189005], [30.78923705706241, 24.204084935626074, 18.1351968554504, 17.164777401110744, 22.769242070555862, 27.879755413330912, 32.74602038903289, 70.59585247553068, 76.05207818795361, 85.15503720766577, 93.28660034340596, 101.08564497724747, 94.2320812871745, 86.26005879158498, 77.80428493962054, 41.86234486218855, 32.84724902623214, 23.79567221630862, 13.06982002513769, 4.37001536839838, 0.0, 14.199526178516987, 22.770806822059296, 30.88691876496523, 37.426472758188105, 74.1017835563814, 82.67847725840544, 91.08021404112108, 99.7495462839555, 107.47333390609013, 104.98282265242095, 98.75677107285979, 91.09069571387127, 83.32840403534752, 75.54081903743294, 46.51199942852804, 54.63979690951296, 62.69046629450858, 61.1476965911213, 68.35562635560993, 79.47208520217924, 84.86978178033725, 86.88584307452007, 85.73715061617436, 76.15399563066708, 67.34368828885273, 64.5488730232376, 73.87769688603719, 76.01020154395995, 80.38107339313157, 86.73456217287116, 91.7228427429865, 96.57769578110295, 106.00024419772896, 109.01014119241988, 105.99811929521555, 102.69483227674301, 95.27210289886095, 85.92192737119757, 75.5942493379719, 82.5490992509518, 89.45166599348923, 94.18667517489949, 104.35898019688223, 100.63375744024219, 95.56907316894959, 89.15671604032048, 23.291976319530587, 38.36655496194301, 57.8810020636941, 73.31949681612798, 88.0810270146309, 103.43948615868051, 118.8988511518175, 128.85680496343946, 140.1767647518292, 144.89440478922995, 140.84683644669656, 132.93145428589182, 129.06336828679764, 121.89615768522764, 118.57585501611277], [20.588139644167217, 14.887159137348668, 11.338003625549385, 18.369866944852188, 18.67963118058668, 20.877351464022517, 24.732207294123928, 60.35737126787299, 65.51502817814203, 74.5781467378061, 83.00100450318479, 91.80460434566912, 84.13732215335001, 75.9707499636695, 67.68682077600019, 28.435302123534978, 19.198733873641277, 10.406652125110211, 6.99374528181553, 13.967923023857304, 14.199526178516987, 0.0, 9.251496862128796, 17.95634066433732, 24.591745583374454, 62.16061671378067, 71.13961418984734, 80.19208837843782, 89.77760265255482, 98.78852252368239, 95.65719902793175, 88.44623141161414, 80.10667683892079, 72.02776481387119, 63.975863153131755, 33.986013054189044, 42.632750123691565, 51.54224036196953, 53.21564656573735, 60.44724078554091, 70.0487971779947, 75.20822538645876, 77.50512162777294, 76.07563610542272, 64.99564279522097, 56.12551527791856, 52.73388992170218, 71.20558723021023, 70.35722324926977, 73.18923592926029, 78.77944320213368, 83.34626063631104, 88.18794882965537, 98.58846827911319, 102.3439099432735, 99.4738081578885, 96.80197652090371, 90.40595374059068, 82.77427096332224, 72.60313358849722, 76.52511572576621, 82.01927447454267, 86.38124080973463, 96.96230854200279, 93.94980926470562, 89.38557253609181, 83.9900567962187, 35.824854700188595, 50.530889405065054, 67.36892605386156, 80.46910369255083, 93.91604939568909, 106.64053130186264, 120.69581029907725, 125.03137046834044, 136.6831340104929, 141.14749440332906, 136.27878845583973, 127.9969938092932, 123.33981000390408, 115.58988205729959, 111.25347740389641], [13.255711100903975, 10.083189443668848, 11.756602295695128, 21.68453315819692, 18.381241460640382, 17.102798142793123, 18.908615036686687, 51.80051439621236, 56.88979579498217, 65.94595458257163, 74.45395973362072, 83.57949909203577, 75.56857462553765, 67.3333488054198, 59.1464327392287, 19.54531173408595, 11.311356413199704, 6.384491306399752, 14.075425784486875, 22.590817141580423, 22.770806822059296, 9.251496862128796, 0.0, 8.762133460091613, 15.377880425277276, 53.37665176036397, 62.52098353112205, 71.82311922974475, 81.71250681502536, 91.15673811474369, 87.65531450446292, 80.13659622762118, 71.57333148653142, 63.314091910449235, 55.1571192445217, 24.783873114732877, 33.946831425908194, 43.789628041558856, 47.291466680618235, 54.44706135547822, 63.124775171347146, 67.81806340742459, 69.78766840618573, 67.95814050674495, 56.37702261158258, 47.21640951679287, 43.680165863767044, 68.20604749981052, 65.63374379985899, 67.41128192138893, 72.27971919865, 76.35307369376278, 80.89937566006031, 91.37719305701059, 95.82712164323372, 93.34980290664154, 91.28308626878311, 85.73447258655612, 79.23041808880187, 69.34615360766936, 71.33751873771322, 75.76721795415958, 79.65233732089695, 89.83439283056953, 87.61681283894774, 83.6440029360911, 79.07978753867431, 43.49585116724873, 56.44102051500944, 71.34717725346493, 82.82016525526282, 95.43245103350175, 106.42831180898683, 119.36804862478256, 120.50030653597733, 131.50589608955534, 135.48486705508023, 130.02922906724027, 121.54828059719449, 116.53070334285454, 108.73066381802829, 104.40073894236703], [8.840650277691227, 11.346398438490251, 17.05276666425167, 26.97808615683108, 21.57320653253118, 17.11685519377964, 15.648349509726481, 43.400358694861616, 48.43452471403651, 57.48636138948713, 66.0438481385228, 75.38510192697497, 67.11520765673905, 58.83766940238369, 50.739685374548095, 12.02661282871104, 8.215754331441088, 11.794461271071057, 22.132592684697585, 30.741150030645713, 30.88691876496523, 17.95634066433732, 8.762133460091613, 0.0, 6.652382001947347, 45.03627628656415, 54.288517000207975, 63.75012892051431, 73.81620384457791, 83.53903445959496, 79.71087981421965, 72.0081898215916, 63.31316920352085, 54.899378159512125, 46.66940919985126, 16.0673913597092, 26.266238112009663, 37.41087569059629, 42.75811705292835, 49.70191052655812, 57.35866038522021, 61.38110418788421, 62.73456066798099, 60.331959052830406, 48.421893157315466, 38.67170599958538, 34.95414485453371, 66.13587146660927, 62.00065484723523, 62.678830476348146, 66.67250436122673, 70.10898727951236, 74.19065197172898, 84.45129136875687, 89.74268880451737, 87.81477435478591, 86.45174157453954, 81.8410031339223, 76.46878407979598, 67.00056680675678, 67.10436146184992, 70.36126610393548, 73.62832425030602, 83.0394206263411, 81.82931229641262, 78.59613178761718, 74.96032565505901, 50.58731105665914, 61.92258060072036, 75.10852868277681, 85.09258228754787, 96.92729092443899, 106.33231890917459, 118.13237264870152, 116.4236406747568, 126.39216781348885, 129.70503144416256, 123.58236184619668, 114.8655883631939, 109.48599524444171, 101.65002933439825, 97.4637918177564], [11.080387552010128, 16.36980280898084, 22.925317973234268, 32.48838898862302, 26.294820264490326, 20.53590267843189, 17.013810648545906, 37.49786232331947, 42.35246615499953, 51.33396134491908, 59.9452776880591, 69.58665038251145, 61.03546555737946, 52.73419744845757, 44.788675085532795, 7.395369874489306, 10.515236104708633, 17.508637384638877, 28.47584810585114, 37.233256743475636, 37.426472758188105, 24.591745583374454, 15.377880425277276, 6.652382001947347, 0.0, 38.74810258283084, 48.116973058569066, 57.76971686752658, 68.07395420477864, 78.16069808956885, 74.02796185421853, 66.05877403467792, 57.18639237289725, 48.63778914518813, 40.33701307099858, 9.583534679385314, 21.171071180119114, 33.46677659024292, 40.74111474239814, 47.33079558623339, 53.824753231613535, 57.22699970872955, 58.10520459474585, 55.19301125641879, 42.84449049560882, 32.55544502394106, 28.45631822812969, 65.96273296357595, 60.49362293749756, 60.169242480791205, 63.34955333573279, 66.20158290660933, 69.88070687501752, 80.01376109422988, 86.01638043467322, 84.53087685567958, 83.76574200980339, 79.9802211880956, 75.63330619887093, 66.59556540045246, 65.04176934466985, 67.21735226677082, 69.93349343436697, 78.717524421311, 78.3810105135772, 75.78625139861988, 72.97837246446949, 56.545396452558194, 67.14603645417063, 79.23240736780741, 88.16154729326765, 99.36529231616012, 107.53350518227258, 118.42062000566499, 114.3053689104305, 123.52022535832397, 126.29714944404446, 119.59775454464635, 110.67022894153988, 104.92207362587507, 96.94987290588416, 92.68025681281866], [46.385225331756004, 53.49504661618682, 60.72045053111057, 69.370348495292, 62.810742981644864, 55.70702136163001, 49.12544472497876, 19.515051194058422, 15.450941836767912, 18.72610857926724, 26.377113574679264, 38.52611268784071, 29.9431039903674, 24.057086064857877, 20.956333776987858, 35.03325071162324, 44.52467800051816, 53.30750300422508, 64.13747240106345, 73.14103723476845, 74.1017835563814, 62.16061671378067, 53.37665176036397, 45.03627628656415, 38.74810258283084, 0.0, 9.699228920945057, 20.24638975464073, 32.12740115173795, 45.11054670770561, 39.79768011865648, 29.503903955718098, 19.548258989587257, 11.47155827375209, 5.388738430187906, 31.367545853222133, 35.53870396797995, 45.70789040919703, 58.27551293209817, 61.50267081452427, 60.63349912893035, 58.741450988829534, 54.4785726174431, 46.88087300538263, 36.91351446258221, 24.239511448633056, 14.761254152058422, 85.2686