{
	"dissimilarities": [[0.0, 8.638708465906868, 15.765655826759001, 23.96734811086219, 17.52033766797167, 11.129726916180696, 6.505179517982113, 41.007939620261794, 45.892124768195124, 55.359353054114386, 63.557964010593906, 70.2037706520813, 63.856965781416825, 55.748512569470414, 47.32468528874978, 20.19965208153383, 19.13437647367719, 21.847566787394012, 28.34377495018012, 34.63330330346737, 32.507950437600115, 24.365919554123526, 16.31094044007279, 12.671353076337903, 12.791436747109023, 46.48046053686901, 55.26361735237806, 63.05341927579812, 72.06059789911073, 80.53822477554462, 77.20048155654847, 70.907819757526, 61.90386843581427, 54.73112491776778, 46.83501633193802, 18.25088871489082, 23.514499243249688, 32.419520312764355, 36.221675418911275, 44.65737004779348, 53.81974401589051, 57.68920728010026, 57.439761746003626, 53.84481705183111, 44.69547466496208, 35.95013265538809, 34.6135191260919, 63.06012179331638, 59.591635679428315, 60.69665964252499, 64.83517968560638, 67.20241101707916, 71.98484699068112, 77.44741165542536, 80.50933432135444, 79.13539900103483, 76.68174897543145, 71.71720699644393, 68.42298786165463, 63.132672334842, 65.05228074201484, 68.45065264910372, 70.74443412009168, 76.1558317639571, 74.13957007090646, 70.20030403647623, 66.96743125612296, 54.066184667010376, 56.294964700883696, 65.26505123771884, 74.68765504528278, 86.62557203786766, 95.38441322249848, 107.69730604381245, 106.9448953986607, 117.18138701342977, 116.59867349967612, 110.76211212769137, 102.7141809102328, 100.10653274830399, 94.6530423178782, 94.41282094741422], [8.638708465906868, 0.0, 8.094633801255435, 17.732850232412336, 12.498555328503048, 9.547311422052283, 11.32177174402545, 49.49085097578652, 54.23625752030586, 63.53379838209249, 71.82302327679169, 78.68978997890973, 72.33031689873636, 64.2048243755394, 55.8192806014881, 22.461786710491154, 17.45202179109011, 16.647845767600355, 21.326933000617906, 27.465399079409046, 25.062036768933382, 16.36953552151667, 9.86707304597493, 11.39573542818159, 16.10295780870024, 53.474226448177724, 62.467640180849, 70.44354475315228, 79.69489175375509, 88.50314652217511, 85.26028223196592, 78.7511373874863, 69.56953360588473, 62.352444228459994, 54.31615841966803, 24.51025480603729, 29.631750785787954, 37.37011715253906, 40.30949779826276, 48.804315235593016, 58.405479783418144, 63.05181009957787, 63.988503338555674, 61.32045583605947, 51.68540208316197, 43.75616375013447, 42.109773303834544, 65.55903407023631, 62.893578773822384, 64.75214985676772, 69.75281641883915, 72.8782155185134, 78.40818286665305, 84.35702049470939, 86.79643486580306, 84.61957794947288, 81.4134735955168, 75.48591346344764, 71.55116058391371, 66.2195460671261, 69.06239880742108, 73.39907752207432, 76.42455482066958, 82.64192724952551, 79.90264446956289, 75.10526315161415, 70.94116695722361, 48.45794546531733, 52.164091375282595, 62.80170192461482, 73.67783223152561, 86.21312607070595, 96.40444582446203, 109.87882474017053, 111.26118574073817, 123.16232487026281, 123.64034257708023, 118.60763929790338, 110.89039818938554, 108.5258394950201, 102.89616530130213, 102.02980004892036], [15.765655826759001, 8.094633801255435, 0.0, 10.088477900408618, 7.419555925063103, 10.477820554030355, 15.934557417085486, 56.667670734363774, 61.643813816208784, 71.115558765543, 79.3071775723087, 85.80322061043057, 79.52794454861568, 71.40199893257096, 62.96690303299289, 30.00711248989336, 23.59092192345884, 19.717962520322175, 19.689213013021877, 22.68461253579228, 19.407221989693987, 13.758776181645917, 13.262733562095486, 18.46377385077509, 24.0240995862487, 61.52872652458054, 70.47543531252474, 78.3539665033437, 87.37427565012545, 95.77062509757458, 92.67351998816109, 86.45192028316482, 77.43524884050832, 70.25600442930785, 62.26811163653599, 32.34968363738948, 36.214089259805306, 42.358360263596374, 42.803781991190185, 51.22016170801851, 61.78016271844245, 67.13812634644148, 68.63616855215504, 66.75227383632769, 57.88445588396148, 50.906084815519264, 49.95807764050428, 64.7597481010153, 63.50015027420396, 66.4062866466514, 72.2953617114427, 76.12934047932156, 82.08727842809333, 88.0937828324018, 89.95184585946208, 87.13677130731392, 83.18202923642093, 76.29107224987138, 71.49376756461761, 66.19437346780921, 70.33142640223093, 75.71961214400662, 79.43064822040967, 86.07669239984493, 82.82978237709769, 77.28765973670092, 72.09121818710442, 43.73725898339899, 45.94628040176582, 56.74136000856227, 68.471439105459, 81.39751386046801, 92.87860235202898, 107.31162046740654, 111.57477595018084, 124.69507412446588, 126.38810440203406, 122.54880685300192, 115.46677418708855, 113.89805833189516, 108.98299144112285, 108.82357430617841], [23.96734811086219, 17.732850232412336, 10.088477900408618, 0.0, 9.13148245486778, 16.173409549530554, 22.306968305942817, 63.625285335575846, 68.88898113018269, 78.61964956736202, 86.5526095117409, 92.28835485534755, 86.28427007236758, 78.28224125479741, 69.8053394521211, 39.991142751283185, 33.3805381824524, 28.14775804129123, 23.920536424971974, 21.40463134272994, 17.274193589957502, 18.854196446203957, 22.622638877327887, 28.470115775686395, 33.829027647798725, 70.3737796522853, 79.0755339548565, 86.61791079680793, 95.02913755149247, 102.49931425510617, 99.67242421987969, 94.10757645908436, 85.54791391616004, 78.52094864902084, 70.74041766152591, 41.49052624899691, 44.19632044922314, 48.919416579368196, 46.15750861163345, 54.289459642637645, 66.01768337813114, 71.90614563858598, 73.38379287381348, 72.02444512054004, 64.73977487666514, 58.51764524055539, 58.47886343392474, 63.06718945790597, 63.87807215836734, 68.05953814964195, 74.76844434480189, 79.18006211272049, 85.19209860114559, 90.79386381402995, 92.18173481526549, 88.96369044703579, 84.32965037305068, 76.53471912857664, 70.66779637223823, 65.50367168829096, 71.2768481504781, 77.74054787983857, 82.01851599663124, 88.65218707051889, 85.17756467863755, 79.0836786831031, 72.83198260570765, 39.409457933687115, 37.172817237888445, 47.28591390162707, 59.79187900661906, 73.36087113877397, 86.48459553780837, 101.80805748792727, 110.13032191824631, 123.82676336806746, 126.71840320378725, 124.247539479332, 117.91582703502608, 117.37602754348352, 113.54260827701751, 114.76746194975914], [17.52033766797167, 12.498555328503048, 7.419555925063103, 9.13148245486778, 0.0, 7.6708055232064085, 14.739713091483328, 56.54959030931146, 62.04422910311216, 71.81706957111406, 79.82554654299105, 85.76822461493123, 79.34915246594691, 71.11717908791044, 62.73864547359694, 34.36327939716168, 29.374461644970584, 26.803274311982047, 26.848424577710347, 28.06711604601932, 24.265157867213908, 20.814532028195494, 19.921863963261295, 23.472078478964853, 27.555072289734678, 63.6681715300806, 72.55035484045565, 80.38430633689433, 89.22500901171004, 97.06117244381507, 93.80027929041445, 87.90355996739056, 79.00606220464516, 71.78346874444598, 63.87605815563018, 34.00169690482535, 35.48606228744622, 39.794831754170865, 37.688792436441126, 45.95927706762586, 57.297788401778206, 63.06178062803385, 64.74615452217299, 63.612005087185835, 55.90541692201477, 50.349762334066824, 51.062053411417565, 57.646280648035294, 56.98962322657861, 60.44670414686688, 66.79214390838504, 71.02777208489182, 77.20559449259622, 83.25613699352598, 84.64079912678999, 81.4314794905389, 77.08251738054497, 69.772197999573, 64.61416500702937, 59.343880101919225, 64.0772056387678, 70.00809844077142, 74.10207503230356, 80.98701140562865, 77.41040264722986, 71.47216457011953, 65.75856945232822, 47.62006401485652, 45.27686326884084, 52.5947802518207, 63.11714156421819, 75.07596524365023, 85.83921638841198, 100.26519398922585, 104.72394991873743, 118.66778894126328, 121.31500198067582, 118.60547709517296, 112.40830854701346, 112.02083434226913, 108.79651796286875, 110.43402170587179], [11.129726916180696, 9.547311422052283, 10.477820554030355, 16.173409549530554, 7.6708055232064085, 0.0, 7.412497741159795, 49.06505878466204, 54.59389391471202, 64.35541371213546, 72.38803132982748, 78.46627739285266, 71.90391719040552, 63.60899466550576, 55.26398100331713, 29.064461562541343, 26.014096990632563, 26.01897577898133, 29.250831718626145, 32.77357419453224, 29.496816737221945, 23.567951713017788, 18.910831193174904, 19.422983130026065, 21.716635072693148, 56.42518770103113, 65.2910142000962, 73.1709219106458, 82.12907220436229, 90.12003186287282, 86.66536337526473, 80.63605060362168, 71.64848927186155, 64.38323985546725, 56.48006920057158, 26.85305259019127, 28.151626512062375, 33.31783599358539, 32.80915987451325, 41.31993190029794, 52.0814495762918, 57.28164944343035, 58.408237823993545, 56.69977702322884, 48.64245151435793, 42.690296377128966, 43.54594257438184, 56.17224362512234, 54.11208668534512, 56.60624836423748, 62.17531324142768, 65.80426725669625, 71.62417519248432, 77.64357397781633, 79.50910395768256, 76.85384504167308, 73.17059700918959, 66.75052676804809, 62.407940849793796, 57.07931648546441, 60.588449167638196, 65.58067269342641, 69.08007562817885, 75.60756741027073, 72.45987626320301, 67.16947093710998, 62.38758901456745, 52.56814433229466, 50.97212527283634, 57.58672335983738, 66.90507843125867, 78.2089280683128, 87.38562663725892, 100.75331896506054, 102.21952430770548, 115.09930771945714, 116.76130051735791, 113.16570532785019, 106.5878806735232, 105.79448625090495, 102.44229441546295, 104.04607629884599], [6.505179517982113, 11.32177174402545, 15.934557417085486, 22.306968305942817, 14.739713091483328, 7.412497741159795, 0.0, 41.82175789374517, 47.31345750748872, 57.1143726329879, 65.09770841169663, 71.12292961612201, 64.6498098937636, 56.42483448568585, 48.02955350928838, 25.80547276140424, 24.982983650134926, 27.08121900415338, 32.17518900991275, 36.823402597685764, 34.08906915927318, 27.41783599711533, 20.705260017088946, 18.265466324912104, 18.149135526043906, 49.83228397029196, 58.47827930505897, 66.16073717115486, 74.90762180834525, 82.7445702820265, 79.29017650613827, 73.38400048331954, 64.56206321326364, 57.38661060032782, 49.62704098709698, 21.40868108213472, 23.351015663314563, 30.16980549153244, 31.276537582975088, 39.81124105655054, 49.94374055680526, 54.28130735072813, 54.198210061321156, 51.34728059425162, 43.413773130915914, 36.26540346462023, 36.9348823984927, 56.75889132708276, 53.79927807417432, 55.421524759063615, 60.035532921743055, 62.81852247444211, 67.85099599420819, 73.37482377804771, 75.99947082747003, 74.24147596888501, 71.39047594843024, 66.00192632576461, 62.351806587176895, 57.050002407073116, 59.529828010495685, 63.47360814221718, 66.15866682409758, 71.83141870608316, 69.48770180594902, 65.13554653199748, 61.38692959292307, 55.80311553545628, 54.714301016359094, 61.212910585492835, 69.69637407859024, 80.88412451218404, 89.09861136133071, 101.42328436858148, 101.02733172158645, 112.03521420219728, 112.38095215055448, 107.65348183135879, 100.4510383829294, 99.02911540928349, 95.24189548573338, 96.79255615658305], [41.007939620261794, 49.49085097578652, 56.667670734363774, 63.625285335575846, 56.54959030931146, 49.06505878466204, 41.82175789374517, 0.0, 6.691763925128261, 16.478849624183265, 23.72909728475681, 29.92679796173515, 22.936183466968103, 14.763242767128569, 6.333342980863896, 40.645149674245566, 49.01998974288145, 56.92181946321576, 66.2926013298518, 73.63120084955779, 72.29107282608636, 64.02621199541393, 54.35697084059435, 46.344908146003924, 39.133045882004865, 21.511189070931483, 25.072519602310436, 30.138424868659257, 37.25046488700543, 44.31861550321517, 39.65574670306159, 34.13771566780157, 26.637992439312633, 20.882570831640102, 17.075333356408006, 29.647443395629075, 29.617385241138372, 36.275777958911675, 44.59263793671227, 48.23790876676995, 49.86994809891161, 47.457876482675985, 40.099153326970765, 29.896476290262385, 25.932783286162753, 14.363853356680721, 15.281009984370572, 71.27351808481248, 63.70900553534795, 59.93828714409372, 57.80413423199184, 54.76217823668925, 53.987515051839964, 56.019309034538495, 62.91610234215291, 66.7110690533895, 69.36255657560856, 70.89156356508148, 72.11389749353819, 68.15520309905902, 64.02997452840813, 60.866066646441666, 58.03550123821902, 57.71726804113359, 60.53931221813632, 62.67804890503735, 65.83038125213548, 89.39791598151113, 89.65868071210431, 93.77714714548684, 97.64150459874851, 105.99355090757247, 107.7269535664233, 113.7597103638466, 100.14025091541806, 100.93086751491738, 93.45075895728142, 81.62951510636744, 70.99451608342852, 65.3369573907694, 59.722313242799785, 61.59901816943945], [45.892124768195124, 54.23625752030586, 61.643813816208784, 68.88898113018269, 62.04422910311216, 54.59389391471202, 47.31345750748872, 6.691763925128261, 0.0, 10.08918454511548, 17.79551604423623, 25.13317996601423, 18.496952006893164, 11.31290354626035, 5.3789376087418965, 43.408824978847626, 52.12488246360361, 60.2296672600557, 69.8531244602317, 77.58611778498381, 76.54000395696912, 68.07389679776769, 58.34490102652256, 50.17096985082434, 42.9108831639642, 18.135416112945247, 19.540993887784136, 23.66420216596915, 30.599370419454452, 38.27060504447872, 33.46508989433382, 27.519379432788106, 20.12309580071886, 14.9446857266878, 13.143149131425544, 33.67213204449849, 34.83483507315999, 41.86877637968282, 51.03172708490292, 54.47133926720866, 55.274313914017824, 52.29218006427464, 44.6929065933861, 34.15326457027751, 30.27254517094369, 19.065195270797833, 17.176810784857622, 77.74410680545259, 69.98315827179344, 65.88049992794419, 63.234763813101495, 59.68866385071076, 58.28306821411314, 59.76867876988366, 67.1071367014801, 71.49998761862291, 74.687205396841, 76.78354901205917, 78.33826220272924, 74.49084319346076, 69.96927855717217, 66.2514398638956, 62.922773237997326, 61.90632834442776, 65.29288172754022, 68.05664830646815, 71.74900519929088, 92.89238596093186, 94.42945329483474, 99.42863214703343, 103.51051389247004, 112.14420752408978, 113.90407976452612, 119.55604841272108, 105.21265126891852, 104.5466725796495, 95.73720241404588, 82.46231247084819, 70.85795650884994, 63.5532815088349, 55.94558648649556, 56.021804671850354], [55.359353054114386, 63.53379838209249, 71.115558765543, 78.61964956736202, 71.81706957111406, 64.35541371213546, 57.1143726329879, 16.478849624183265, 10.08918454511548, 0.0, 8.60071521946437, 18.241171704190773, 12.324089344468257, 9.492934362601535, 12.113423410422877, 50.73938595667076, 59.842321550621776, 68.2453859694079, 78.22263841398527, 86.3895139227451, 85.57355417477311, 76.80491663788175, 66.94903001566078, 58.601048478384634, 51.27131810858912, 18.78448210488969, 15.057774057948073, 15.936669238235762, 21.936006019460542, 30.37247841235228, 24.824829065485165, 18.043764310932076, 11.433448815904411, 9.507772227610468, 13.974467106166907, 42.06640199888891, 43.39551019400663, 49.88239689240958, 59.80076210790987, 62.52438404989338, 61.74462912047653, 57.744466556012455, 49.73605193747056, 39.03233927848171, 36.022571258964994, 26.857846572101213, 24.146597691500016, 86.11994142538771, 77.81828903409072, 73.00614318676392, 69.36551314031806, 64.95051937359635, 62.540104249094846, 63.28880087001474, 71.1349227708053, 76.41042684346986, 80.52025064278828, 83.7169104869738, 86.0335997768805, 82.47332249875835, 77.0399043229258, 72.25755438815602, 68.0787688316112, 66.00371373043268, 70.20449507984732, 74.03429172665635, 78.76481465702686, 101.36155108696215, 103.87646403858834, 109.19481047592548, 113.04831934823403, 121.45229848044923, 122.49752976709964, 127.24798237320903, 110.67722903322186, 108.05138905523833, 97.4673624724304, 82.35878676787493, 69.84050865510821, 60.64827526832609, 51.22981511923912, 49.4135273354363], [63.557964010593906, 71.82302327679169, 79.3071775723087, 86.5526095117409, 79.82554654299105, 72.38803132982748, 65.09770841169663, 23.72909728475681, 17.79551604423623, 8.60071521946437, 0.0, 10.759448166624068, 7.50815108045263, 11.835468397274903, 18.199164487124154, 59.297416568001765, 68.36309396000145, 76.67018549495799, 86.46367902307618, 94.40551294185005, 93.62700937761862, 85.1486116557209, 75.40886084765056, 67.12141404055343, 59.82779810524597, 26.291517200644375, 20.215446371666246, 16.940994963792004, 18.119145435407184, 23.97542785832689, 17.884194825284837, 13.10974865565065, 12.403155126593957, 15.37027242854371, 21.937284490728494, 50.61039980180922, 51.44560805800662, 57.114561515254685, 66.32142659765343, 68.38424715335468, 66.86515609186088, 62.13466071277419, 53.2579277664692, 42.364813083295196, 41.75113375424971, 34.383781052610445, 32.65338277993023, 90.9878794444997, 82.68695610794906, 77.52739205915363, 73.09587569995863, 67.9208231896979, 64.26603688919475, 63.761845849675815, 72.16140554751144, 78.43922489468015, 83.37171525928888, 87.54275287687285, 90.35144579655969, 87.12442702493111, 81.20150821734991, 75.61937880140073, 70.6686287184293, 67.1892292558172, 72.39066057551598, 77.27072970844193, 82.80004741767414, 108.67824315457047, 110.65121063525987, 115.3046350449426, 118.38296409365364, 126.29981705021565, 126.44842753160447, 130.06839724518204, 112.09097907496225, 107.02777922607108, 94.79348907220627, 78.21138992874326, 65.01732424572482, 54.57985888976186, 44.71049822178343, 43.636623682674696], [70.2037706520813, 78.68978997890973, 85.80322061043057, 92.28835485534755, 85.76822461493123, 78.46627739285266, 71.12292961612201, 29.92679796173515, 25.13317996601423, 18.241171704190773, 10.759448166624068, 0.0, 8.551853716969555, 16.85551768458557, 23.871854679130507, 68.16721471305074, 76.86819430916037, 84.73295900132031, 93.84444401295414, 100.95044092963629, 100.06722264542628, 92.45918705382626, 83.0971856740817, 75.09564351164364, 67.95794807516673, 36.728036983746804, 30.770684391540886, 26.194337795917804, 22.512735473514073, 21.09042683223844, 16.12590347260218, 18.158579512234265, 22.394149151446186, 26.03096726865448, 32.15824580431804, 58.787201508224264, 58.816529442598345, 63.541056088788, 70.74447241821174, 72.20848497009578, 70.79618143594261, 65.66496039484154, 55.51965277454265, 44.44057735668548, 47.449115444313534, 41.57270857524906, 41.552336611545954, 92.31910242205765, 84.66368770386939, 79.57414794583926, 74.59473068530527, 68.79362621285135, 63.61147057119998, 61.170651418420356, 70.22598263292028, 77.67752353405419, 83.31917787794525, 88.31069283183092, 91.29244402006475, 88.46322391905599, 82.54898304368058, 76.47851624947938, 70.84914624453386, 65.52440836257747, 71.97726871928555, 77.89217560409826, 83.93645747115198, 114.05220898402139, 114.11457781160045, 117.21433152254289, 118.97931267473513, 126.17937547841527, 125.31336683656967, 127.527967248283, 109.25573094866218, 100.99089408682534, 87.05111854050806, 69.14496282472757, 55.22911856509485, 43.97983421126982, 35.31189344349019, 39.18950998294406], [63.856965781416825, 72.33031689873636, 79.52794454861568, 86.28427007236758, 79.34915246594691, 71.90391719040552, 64.6498098937636, 22.936183466968103, 18.496952006893164, 12.324089344468257, 7.50815108045263, 8.551853716969555, 0.0, 8.71900081124351, 16.66637736593604, 61.59605762975106, 70.53032816031414, 78.71984858340855, 88.24931702996344, 95.67089821150446, 94.58999328600373, 86.47061991905899, 76.7862846020555, 68.60370511347918, 61.26903170805274, 30.84818134466713, 26.34669647630545, 24.309283692026593, 24.97417614412938, 27.838925992426308, 22.128836053272682, 19.935422825082643, 19.541480133120775, 20.95296518968437, 25.9396575368064, 51.629553962641985, 50.94153552865008, 55.31885658498807, 63.12420873013726, 64.55971246120839, 62.8785322990125, 57.85187603791122, 48.1724813576747, 37.125435207746854, 39.029019657114056, 33.459882215071964, 34.20760387306311, 85.97601628168474, 77.77750071242446, 72.50909579436308, 67.6934511940024, 62.171821981977416, 57.850107646097555, 56.72073711915142, 65.32710080050596, 72.02203427131566, 77.27276946007561, 81.90492814598372, 84.95092037913356, 81.97397845168153, 75.8396081054438, 69.90997272427637, 64.61497662813443, 60.42685738778259, 66.09385151574783, 71.45586831254438, 77.33457810422928, 110.02184620715205, 110.0376400860376, 112.97676367485009, 115.00233072058029, 121.99553699796272, 121.0860669855022, 124.00814183589644, 105.13445765622242, 99.60906715014231, 87.47566273327594, 71.32137124310856, 58.72757570847209, 49.72387360501694, 43.30509926817166, 46.735464018209576], [55.748512569470414, 64.2048243755394, 71.40199893257096, 78.28224125479741, 71.11717908791044, 63.60899466550576, 56.42483448568585, 14.763242767128569, 11.31290354626035, 9.492934362601535, 11.835468397274903, 16.85551768458557, 8.71900081124351, 0.0, 8.527372570974016, 53.872302613507316, 62.7923644678133, 71.06017042440239, 80.72061112755266, 88.22409450864606, 86.97858018685913, 78.62707096321137, 68.81379829605824, 60.60069325664067, 53.20395548724556, 25.688657548241288, 23.861676939197945, 25.05475092630244, 29.302487780220194, 34.61004570797048, 29.034488626125132, 24.678553622908836, 20.165194224520107, 18.183237418472157, 20.461033822586042, 43.3338984370214, 42.24696474743033, 46.776530795339006, 54.94209736718647, 56.78484794279526, 55.6678213674132, 51.22350518149456, 42.145851167881496, 31.060393583457326, 31.24420188998705, 24.801300202404995, 26.29426890917565, 79.19637378692627, 70.86285308757105, 65.81625713555998, 61.647612950365634, 56.7899476634725, 53.68100463067515, 53.92898438816928, 61.95506906151543, 67.63496917701568, 72.11414590304267, 75.88921735116381, 78.56815900042889, 75.30451936130483, 69.4871304853095, 64.2189761116434, 59.62110244225829, 56.86082161706203, 61.513060990238, 65.89371831339847, 71.10413193312988, 103.42945133986227, 103.34942489403585, 106.35879480217919, 108.84054323347948, 115.98879777817213, 115.60200145113897, 119.52594009685676, 101.58388441007943, 98.7828457418366, 88.59255939228679, 74.30403717966239, 62.77237154589207, 55.57984462044036, 50.25846980373575, 53.361388850544635], [47.32468528874978, 55.8192806014881, 62.96690303299289, 69.8053394521211, 62.73864547359694, 55.26398100331713, 48.02955350928838, 6.333342980863896, 5.3789376087418965, 12.113423410422877, 18.199164487124154, 23.871854679130507, 16.66637736593604, 8.527372570974016, 0.0, 46.485458221197426, 55.06593627875526, 63.070251674106366, 72.48137801953507, 79.80130777573176, 78.50736867774637, 70.31507336803769, 60.639298681822105, 52.575709324258646, 45.30849778811394, 22.788397941627096, 23.938479621076414, 27.41820427267798, 33.33716289854009, 39.57468708304037, 34.6184206252088, 29.663045920944715, 23.28571514070416, 18.85751497647858, 17.680324814565314, 35.687099867424166, 35.14943310874394, 40.79187179218681, 48.84913096192752, 51.68463130054778, 52.20011014702116, 48.87407788352226, 40.53645905182501, 29.65532925606581, 27.846074266899993, 18.583084170853716, 19.908997064095747, 74.28802188802274, 66.45931522582748, 62.15840385447267, 59.12141992039951, 55.248082604428774, 53.36547057384366, 54.51249035209554, 61.99706595642973, 66.69060679904125, 70.1583346177531, 72.67913078546455, 74.50383478878291, 70.84790255023188, 66.02455571563596, 61.93832861300582, 58.300245814871076, 56.810517475194786, 60.5204333629358, 63.683222164205645, 67.73862824989703, 95.15952867915588, 95.12811536057104, 98.67961371117991, 101.8651151482263, 109.70613540322437, 110.52207564180182, 115.59393377296865, 100.27094326757678, 99.33527574281376, 90.62974632262983, 77.72021458349087, 66.63108175670385, 60.33707423919176, 54.83300501512984, 57.40737085051313], [20.19965208153383, 22.461786710491154, 30.00711248989336, 39.991142751283185, 34.36327939716168, 29.064461562541343, 25.80547276140424, 40.645149674245566, 43.408824978847626, 50.73938595667076, 59.297416568001765, 68.16721471305074, 61.59605762975106, 53.872302613507316, 46.485458221197426, 0.0, 10.007724186180445, 19.852930368834574, 32.101231440759626, 43.01240549898025, 42.34452603918586, 30.31814994569677, 19.807165494515612, 11.683365115342667, 7.680464856190738, 36.06715313798533, 45.375373433821835, 54.03955104707564, 64.78686409516291, 76.08143492643619, 72.33082301726719, 64.10089345273006, 53.95337943168509, 46.720242510436236, 38.553588675767976, 13.602767716664612, 24.386832595239714, 35.67552971014066, 46.817103161349245, 54.144349034821126, 59.33223033349681, 61.75854857037172, 62.17328435114215, 57.846835737395885, 44.7500746231432, 34.446974159166736, 28.20506307658825, 78.0406532807343, 71.92113683182019, 70.93987085378554, 73.46578144559129, 74.753106270056, 79.40487172193853, 85.61009959307547, 89.23706592700076, 88.38304398857977, 87.04324264722034, 83.56442093411826, 82.0045411280999, 76.87647896463358, 76.2584016058261, 77.75692884409304, 79.05162055349898, 84.50357355772586, 82.76477933428541, 79.81192316525909, 78.37998924813556, 63.39687218620333, 72.6911150192682, 84.6416215803101, 94.78314275590672, 106.6104693669689, 114.49465889298341, 126.20559850464784, 120.50846363763519, 130.27073659878116, 127.81057486897727, 119.51362939181004, 110.00834476204531, 104.83831544034403, 96.08186463828015, 90.9992460153007], [19.13437647367719, 17.45202179109011, 23.59092192345884, 33.3805381824524, 29.374461644970584, 26.014096990632563, 24.982983650134926, 49.01998974288145, 52.12488246360361, 59.842321550621776, 68.36309396000145, 76.86819430916037, 70.53032816031414, 62.7923644678133, 55.06593627875526, 10.007724186180445, 0.0, 9.965699078484409, 22.44796791254828, 33.77216542741462, 33.29593551150279, 20.899611257688214, 11.216908703463575, 6.783421368982544, 11.071321881657314, 45.628264030686886, 54.736999272271525, 63.1052091614372, 73.40349737254948, 84.24527679704126, 80.88283305523, 73.0384493684267, 63.21682271214831, 56.12597396352539, 48.06032668449758, 21.415423509185295, 30.965820289502638, 41.182933325535636, 50.01191477003369, 57.88106823223822, 64.53578383720115, 67.95152420677913, 69.03087820318089, 65.37190505526986, 52.84185438773261, 43.14117202109153, 37.671134858378885, 79.36254273701662, 74.54796670944265, 74.68891662295248, 78.31303346174872, 80.43879001734506, 85.66052814194518, 91.98075048963717, 95.13040438828347, 93.61121302746194, 91.42841593302569, 86.80092026645654, 84.25308383463896, 78.99610852189129, 79.77646959750815, 82.49391128114637, 84.58226026640709, 90.58208723959943, 88.30029822960219, 84.45682240350148, 81.83754932122561, 54.79179846498905, 65.66156377057963, 79.37104138619239, 90.89003808558643, 103.65002035030746, 113.31713820033039, 126.21427818649174, 123.87397683110402, 134.79210407253754, 133.36218508082794, 125.97411565146322, 116.75295970811949, 112.00628127985402, 103.23603573581102, 98.15934332832879], [21.847566787394012, 16.647845767600355, 19.717962520322175, 28.14775804129123, 26.803274311982047, 26.01897577898133, 27.08121900415338, 56.92181946321576, 60.2296672600557, 68.2453859694079, 76.67018549495799, 84.73295900132031, 78.71984858340855, 71.06017042440239, 63.070251674106366, 19.852930368834574, 9.965699078484409, 0.0, 12.601642827435636, 24.324627837777868, 24.27496075610533, 12.112288682091796, 7.331517163311015, 12.039954072117387, 19.199214561862497, 54.70084695245202, 63.55337608011856, 71.54574568203442, 81.26370052607366, 91.49251328625802, 88.56239572368172, 81.21443669792161, 71.8173638345535, 64.90999420782616, 56.9987282565684, 30.118858007999624, 38.88803536472852, 48.28624786692919, 54.78080342056641, 62.99169225419322, 70.95378508473817, 75.06778541606279, 76.35378771979488, 73.01259437280957, 61.296575352127796, 51.77958694269054, 46.747991524449986, 81.65979379272834, 78.28882502061606, 79.49104163525867, 83.99269470973694, 86.72868514151939, 92.20743571008728, 98.3658902919197, 101.2259407583164, 99.30522649982636, 96.46843598828364, 90.90548709842368, 87.41312028309778, 82.09525841356273, 84.23186487430259, 87.97405401768283, 90.64418909418923, 96.84624369256629, 94.28866187370546, 89.82060155086295, 86.20144205481333, 45.611671170102824, 58.27607844112046, 74.02284282249325, 86.9263740790567, 100.75133302128407, 112.30446488457257, 126.22035271864716, 127.48920067491541, 138.9713471836809, 138.29569292732396, 131.62272781460564, 122.57122855085007, 118.12543873670687, 109.26499102795681, 104.28202673313591], [28.34377495018012, 21.326933000617906, 19.689213013021877, 23.920536424971974, 26.848424577710347, 29.250831718626145, 32.17518900991275, 66.2926013298518, 69.8531244602317, 78.22263841398527, 86.46367902307618, 93.84444401295414, 88.24931702996344, 80.72061112755266, 72.48137801953507, 32.101231440759626, 22.44796791254828, 12.601642827435636, 0.0, 12.17393171855297, 13.180042987952271, 6.879814742477081, 14.924038999550493, 22.802641611594833, 30.241566732160507, 65.84074253063466, 74.37765790041033, 81.88944322319323, 90.8084634874061, 100.07617395946534, 97.65934187685586, 91.04193336935565, 82.22507001510256, 75.5384339430415, 67.83702839051833, 41.02606476174223, 48.96512168038426, 57.50098781118268, 61.19768927006342, 69.61254575802616, 79.01966981424131, 83.78814714400572, 85.03994407963752, 81.94883128075892, 71.4566131757679, 62.11403964565768, 57.69172872770463, 84.4352768784699, 82.95646681982288, 85.40430642708867, 90.80880989694333, 94.14088216055812, 99.72296488612778, 105.49030213320029, 108.0689890822887, 105.81445023743314, 102.29894281420368, 95.75731823655849, 91.15403395119154, 85.84904049962974, 89.60487495045304, 94.45840649717002, 97.7018873258601, 103.91667468624472, 101.18471444253846, 96.13332362538131, 91.42743741450984, 33.64333502421841, 48.315288750042605, 66.64708118256881, 81.15784813339235, 96.29098551098684, 110.17581768157218, 125.16089815093895, 131.10849050975202, 142.89734905855363, 143.07688730378507, 137.3240551839898, 128.55736254199164, 124.60155167509348, 115.90621532421585, 111.4785944690915], [34.63330330346737, 27.465399079409046, 22.68461253579228, 21.40463134272994, 28.06711604601932, 32.77357419453224, 36.823402597685764, 73.63120084955779, 77.58611778498381, 86.3895139227451, 94.40551294185005, 100.95044092963629, 95.67089821150446, 88.22409450864606, 79.80130777573176, 43.01240549898025, 33.77216542741462, 24.324627837777868, 12.17393171855297, 0.0, 4.386135731615016, 14.344167862228993, 24.563010657338857, 32.709545409012925, 39.90556408526735, 75.58893964666284, 83.90390566799891, 91.02999910647651, 99.19880701019123, 107.34495426391956, 105.29160274607877, 99.4667304570153, 91.18192787042081, 84.62865339056151, 77.09236111134155, 50.15199171787372, 56.96963994455329, 64.50857310135096, 65.35807443819772, 73.75615142812704, 84.45972560820591, 89.75691807361804, 90.83885851775183, 88.0652002214193, 79.06071297175802, 70.17687632291715, 66.75714736778592, 84.45936183270847, 84.888857705151, 88.50429068142518, 94.6683859623622, 98.50653658878511, 104.07478288347637, 109.35948575244575, 111.61420817437187, 109.0839789608697, 104.96965887806812, 97.60663903783508, 91.98783893653305, 86.79085680966209, 92.06539028314161, 97.90539989927261, 101.63928284845707, 107.7439622058636, 104.89787562576464, 99.37868455278802, 93.70814701179073, 23.259751753127787, 37.22647502422051, 57.32949117222986, 73.01806119149751, 89.14464293483424, 104.99506939574725, 120.77648899451083, 131.19002765202313, 143.1534609123321, 144.31632711910257, 139.7552774982312, 131.5712946822091, 128.50645027404292, 120.70623525354489, 117.70288372745308], [32.507950437600115, 25.062036768933382, 19.407221989693987, 17.274193589957502, 24.265157867213908, 29.496816737221945, 34.08906915927318, 72.29107282608636, 76.54000395696912, 85.57355417477311, 93.62700937761862, 100.06722264542628, 94.58999328600373, 86.97858018685913, 78.50736867774637, 42.34452603918586, 33.29593551150279, 24.27496075610533, 13.180042987952271, 4.386135731615016, 0.0, 13.099831266004493, 23.227669885590718, 31.474407753416454, 38.61645646049975, 75.12113809991648, 83.60342213251987, 90.89409335644015, 99.20440645326477, 107.294271289811, 105.05543537533254, 99.21966314217445, 90.79901093907954, 84.09430543459221, 76.43698649973497, 48.61791788394095, 54.668212263631354, 61.623413763849726, 61.79937176133677, 70.134122244637, 81.03389886324959, 86.52460694182237, 87.83016804736769, 85.43623601396625, 76.65822859280196, 68.35231727493172, 65.58994404880458, 80.3316658899415, 80.89696146146889, 84.67836986122516, 91.02785995053604, 95.05926724860879, 100.81203849852172, 106.24034562083536, 108.24405551186034, 105.47488241722425, 101.1743847890061, 93.62910298811853, 87.91379492738582, 82.73414971273598, 88.17463041097797, 94.22330218509808, 98.14379671144542, 104.46206224923206, 101.39752654731784, 95.66846323141324, 89.79594437491313, 25.894371582250866, 36.15632232791665, 54.700028503431696, 70.03630444867777, 85.7191492621215, 101.21407180561556, 117.05234617822236, 127.27198288972723, 139.83540184306804, 141.50176424896188, 137.4781109906958, 129.72356990694507, 127.22497202559605, 120.26096826788584, 118.10949843822934], [24.365919554123526, 16.36953552151667, 13.758776181645917, 18.854196446203957, 20.814532028195494, 23.567951713017788, 27.41783599711533, 64.02621199541393, 68.07389679776769, 76.80491663788175, 85.1486116557209, 92.45918705382626, 86.47061991905899, 78.62707096321137, 70.31507336803769, 30.31814994569677, 20.899611257688214, 12.112288682091796, 6.879814742477081, 14.344167862228993, 13.099831266004493, 0.0, 10.952643769776367, 19.697573929596537, 27.312607551007797, 64.80907728145188, 73.68863528608009, 81.54674627682567, 90.80285440146548, 100.09804345889596, 97.32589406403639, 90.59476841019611, 81.46998619683212, 74.49175601329716, 66.53860325322836, 37.867076973512994, 44.528687789854004, 52.16457717299235, 55.19765802923623, 63.54049669902938, 73.10729190044145, 78.19084144607734, 79.94471595345765, 77.51964028534127, 67.1186152206611, 58.77630198989064, 55.429114608357445, 78.21185701476016, 76.65060518742825, 79.21150409720998, 84.8611958853904, 88.49390126856997, 94.45499731780592, 100.58531194536869, 102.75054432858269, 100.07972823735074, 96.29590726322883, 89.52275411089738, 84.90013770003638, 79.60672173536936, 83.42053991030328, 88.5200018343473, 92.05149573375999, 98.711205592715, 95.57429316174537, 90.18140487193446, 85.23810063574228, 37.386213442552865, 48.085621077816064, 64.06824771468648, 77.85811889606545, 92.11054708950836, 105.18650681980088, 120.17225231822282, 125.2845531638694, 138.13933449610118, 139.08330494928924, 134.11689102836718, 126.01302932204622, 122.913035440671, 115.51790941965493, 112.35589225969818], [16.31094044007279, 9.86707304597493, 13.262733562095486, 22.622638877327887, 19.921863963261295, 18.910831193174904, 20.705260017088946, 54.35697084059435, 58.34490102652256, 66.94903001566078, 75.40886084765056, 83.0971856740817, 76.7862846020555, 68.81379829605824, 60.639298681822105, 19.807165494515612, 11.216908703463575, 7.331517163311015, 14.924038999550493, 24.563010657338857, 23.227669885590718, 10.952643769776367, 0.0, 8.831485571836483, 16.506113666029716, 54.55579278376831, 63.66153174547959, 71.83799125894302, 81.58545111866532, 91.40227079803876, 88.22755074108318, 81.0741769590132, 71.57827255223111, 64.41625302535572, 56.306089042885446, 27.144937706740734, 34.325958866834235, 42.85224493995976, 48.0948654580357, 56.377778553369275, 64.91669376202205, 69.40266166100466, 70.92100416559227, 68.14762469129643, 56.98333978206188, 48.422328805823796, 44.89931558645931, 74.39382722064758, 71.22384302971, 72.7073101658035, 77.5298835798422, 80.57693840480573, 86.31332452647321, 92.624467699039, 95.12886816960177, 92.87972725896391, 89.75446119607857, 83.90770481788829, 80.23845476194907, 74.91919205881928, 77.33783575010247, 81.4309225047766, 84.39359596398204, 90.87590937542228, 88.02099560179221, 83.23129975366801, 79.2795628316516, 46.78971535362293, 55.68165849374767, 69.26026431097434, 81.41133911748462, 94.54017137022849, 105.47908462240343, 119.35298584238511, 120.49174596034993, 132.7006232414238, 132.79374961254965, 127.02603166713016, 118.6903456288118, 115.27158666819903, 107.94991681044077, 104.75547400932987], [12.671353076337903, 11.39573542818159, 18.46377385077509, 28.470115775686395, 23.472078478964853, 19.422983130026065, 18.265466324912104, 46.344908146003924, 50.17096985082434, 58.601048478384634, 67.12141404055343, 75.09564351164364, 68.60370511347918, 60.60069325664067, 52.575709324258646, 11.683365115342667, 6.783421368982544, 12.039954072117387, 22.802641611594833, 32.709545409012925, 31.474407753416454, 19.697573929596537, 8.831485571836483, 0.0, 7.738391493173821, 45.961748581436666, 55.188444552219785, 63.550176029426495, 73.60271343104696, 83.76834147211925, 80.31589492051151, 72.8800125216716, 63.158905180839774, 55.89408474120597, 47.703491031929524, 18.56727421546768, 26.902309145776314, 36.70521086977176, 44.13072315003374, 52.21758436213752, 59.6991810152941, 63.43712410286038, 64.40938748998599, 61.03453956915412, 49.312313795179406, 40.15529139712291, 36.199660302266594, 72.8663331963239, 68.42024986172098, 68.90588753541876, 72.82895299117497, 75.18535519521905, 80.48664798792757, 86.73896269273206, 89.69686189502599, 88.02282955077537, 85.61638659714565, 80.73852139774239, 77.92840631283337, 72.64840482769472, 73.81885635645477, 76.87931843819256, 79.1798570574069, 85.23942661916968, 82.84168983557879, 78.78422500700496, 75.84445654863882, 54.03136815544709, 61.93614851723841, 74.02315592262012, 84.91833204125783, 97.28091376543884, 106.60990998839007, 119.4373795360954, 117.52003257599625, 128.68996128625037, 127.81435159336256, 121.16911451638555, 112.49791039683404, 108.6419761969024, 101.19614073135835, 97.88801874559938], [12.791436747109023, 16.10295780870024, 24.0240995862487, 33.829027647798725, 27.555072289734678, 21.716635072693148, 18.149135526043906, 39.133045882004865, 42.9108831639642, 51.27131810858912, 59.82779810524597, 67.95794807516673, 61.26903170805274, 53.20395548724556, 45.30849778811394, 7.680464856190738, 11.071321881657314, 19.199214561862497, 30.241566732160507, 39.90556408526735, 38.61645646049975, 27.312607551007797, 16.506113666029716, 7.738391493173821, 0.0, 38.78653226765335, 48.12444212726092, 56.6428591390809, 66.91336285164373, 77.24497329990442, 73.50855236164955, 65.9004038959943, 56.00223892310833, 48.61558939260321, 40.34293869270673, 10.942660421214487, 20.568116374040017, 31.577329110234544, 40.783162367235455, 48.53406096784237, 55.028405783001574, 58.02014586968552, 58.35833097885623, 54.406475630200276, 42.366941226095804, 32.652710254243615, 28.52269006550485, 71.14631963390065, 65.676241426127, 65.28923894619415, 68.35971080048456, 70.0567385361009, 74.88911652661476, 81.01401888267392, 84.37427178062273, 83.24945549129235, 81.5060495243502, 77.53206322642545, 75.4823699700046, 70.2896701537877, 70.37310186718899, 72.48587468453461, 74.15968710416776, 79.75748351364474, 77.81403983285315, 74.46217072164279, 72.44891015117233, 60.51205325127013, 67.12489004170975, 77.69684700463931, 87.39249841980181, 98.9829788431594, 106.8500926403508, 118.69271682233934, 114.18417314732575, 124.3739507462728, 122.69872993428177, 115.38529369636636, 106.51901030289609, 102.42794429112774, 95.14645029643889, 92.10633657326751], [46.48046053686901, 53.474226448177724, 61.52872652458054, 70.3737796522853, 63.6681715300806, 56.42518770103113, 49.83228397029196, 21.511189070931483, 18.135416112945247, 18.78448210488969, 26.291517200644375, 36.728036983746804, 30.84818134466713, 25.688657548241288, 22.788397941627096, 36.06715313798533, 45.628264030686886, 54.70084695245202, 65.84074253063466, 75.58893964666284, 75.12113809991648, 64.80907728145188, 54.55579278376831, 45.961748581436666, 38.78653226765335, 0.0, 9.658036530174703, 18.96411448795469, 30.877782818727933, 43.695510850951294, 38.852655084514595, 29.300319897043533, 18.432418237399702, 11.418757099478738, 5.272816213538835, 30.735980353128415, 35.35363035039659, 44.38271765321101, 57.64907953285586, 61.79476685444344, 61.59917551696564, 59.15755025735408, 54.50084462350029, 45.80735608440988, 35.992327445301925, 24.146972074489298, 