{
	"dissimilarities": [[0.0, 7.322810586211691, 14.761517158153017, 23.438543080001622, 15.766028934063895, 9.00437427036893, 5.344967345249644, 41.78838573542944, 46.87075528634235, 56.2880046620954, 64.55074296744598, 72.32359441819841, 64.7288482410767, 56.48186064827776, 48.07652147272835, 21.770991349435445, 20.901575328669512, 21.901428733155768, 28.275887030112603, 34.323071612746894, 33.08938789478024, 23.03488265223585, 16.628602419740695, 13.152906666341321, 14.793867140637532, 48.04595853508269, 56.76515922324732, 65.46577527491282, 74.29269198161849, 81.85470211341931, 78.2993103340758, 72.25408989551111, 64.46592802919922, 56.103570539746556, 48.269934503916836, 18.845114057398828, 22.849289672460344, 32.50036045355713, 33.530377199803056, 41.70180447240288, 53.01586373369897, 57.26891218716543, 56.987632059352514, 54.06805882817753, 45.28719599268192, 36.526267217158036, 35.83675173584969, 59.84117860495598, 57.582149838773596, 59.377240761085716, 63.43054382493734, 66.03806637452949, 70.90497429062859, 76.26597997907653, 79.24341416836093, 78.53925984461928, 75.05274022888143, 70.10320230100606, 66.47534094223616, 61.04848915213293, 62.63945646534502, 66.17198913964621, 69.4596002606044, 74.9662611703404, 71.91749561254613, 68.64114486876278, 64.10471006404694, 52.214426166119516, 63.63564531055271, 77.77598089187434, 94.34557253600157, 85.0106954880082, 92.7934093465736, 108.24512735226115, 105.00326906062865, 114.51994225044315, 114.15206611685356, 108.86777349472956, 112.78971300500989, 108.78459352082396, 99.58098528989784, 95.89059112621209], [7.322810586211691, 0.0, 7.858448749892815, 17.635438682161492, 9.671099885344683, 5.420525250204633, 9.148423751299951, 48.99919890905774, 54.103323129912944, 63.47302095460828, 71.78621247741756, 79.62400221399695, 71.94895504018912, 63.663891527155094, 55.29182442927972, 25.025338307602258, 21.414564286532936, 19.696176193011297, 24.139359107465427, 29.422357285019867, 27.70280617266556, 18.006934747812966, 13.62476430000145, 14.123516089577626, 18.224566856149668, 54.478830722398925, 63.404246653655626, 72.31274116105884, 81.3451445879698, 89.0492294176745, 85.53574606880954, 79.34773969124917, 71.3963191259834, 62.96485696057168, 54.994414544305016, 24.195195376879706, 27.878866140209308, 35.85485483235839, 35.61390407987213, 43.80371623877904, 55.69005616405477, 60.73387853745397, 61.575805626654386, 59.63032499427859, 50.61913228921688, 42.96790213382876, 42.39589394454885, 60.285311446650645, 58.8141088282428, 61.467754375859585, 66.27119283199332, 69.6355813125202, 75.23478084470466, 81.16930405210208, 83.38126605279426, 81.83917608546048, 77.62658698381233, 71.83560372311811, 67.59982754619513, 62.04747659101431, 64.66534564539367, 69.03091324222002, 73.02685580419802, 79.32966477367377, 75.59188791038818, 71.4237155873412, 65.99534924227679, 48.242142896277215, 60.21988288359288, 75.19055877106491, 92.54648911539508, 83.23016648764299, 92.04435518066289, 108.53030754831879, 107.15695061954777, 118.30899827422144, 119.11129822882435, 114.81830618029781, 118.94810044694822, 115.45593785195977, 106.64642032699113, 102.8977240228054], [14.761517158153017, 7.858448749892815, 0.0, 10.443359118378627, 4.2891832608236715, 8.533720449617386, 15.22170390071049, 56.41370551106212, 61.55847388769777, 71.01553538067057, 79.21498624205529, 86.79355239287078, 79.31634725752639, 71.07359025326289, 62.667530752457395, 31.87610368063074, 26.535632910987594, 22.108303786011827, 22.480091752223565, 25.024161159953437, 22.420587897914658, 16.41143033224813, 16.435622915064155, 20.32115333954424, 25.41991239208776, 62.25801146604974, 71.14035983143813, 79.935579071575, 88.7707180326923, 96.17203234936252, 92.8403154473921, 86.87986383144919, 79.07425878367746, 70.71670467873304, 62.79167516775817, 31.96438431342135, 35.11601561901385, 41.63641500331437, 39.05367585365824, 47.3089256134364, 60.15907429245157, 65.75454434278132, 67.1407787765357, 65.7949478697453, 57.39998488014369, 50.517633634239616, 50.24377522925073, 60.610628337790224, 60.543158425445434, 64.3558528503227, 69.88704680600739, 73.91315235722855, 79.89078572209405, 85.94278498252051, 87.52774971890105, 85.3352655963179, 80.48502181738486, 73.87087062691715, 68.78700841610181, 63.12183517598705, 67.23141313915919, 72.50639796862846, 77.06870745924023, 83.73768504182785, 79.60451489276475, 74.68404154260988, 68.29998086475277, 43.43385046462096, 54.40203997705464, 69.86757646951924, 87.95877094679443, 79.18952637133607, 89.4608426888471, 106.87578779968635, 108.65666932064376, 120.90282673777642, 122.81814831060726, 119.5517299184539, 123.49688840602596, 120.69966846457476, 112.66080959439563, 109.46668131505982], [23.438543080001622, 17.635438682161492, 10.443359118378627, 0.0, 8.94407679943101, 16.07586332537988, 22.4659939793205, 63.71589654245329, 68.93027643637234, 78.55828268957112, 86.38551142135458, 93.28833350561658, 86.31197725765439, 78.23426636391996, 69.80924348381207, 42.11930536641862, 36.465959285777714, 30.81457224326193, 27.312036100007447, 25.02442214237356, 21.230756338725218, 22.857150079736712, 25.873710404264283, 30.534919616429093, 35.60864130092833, 71.40292345245459, 79.98940336697467, 88.33284337136722, 96.49127080960945, 103.0091418218032, 99.94823187264787, 94.70188279077891, 87.41154371500134, 79.25838253463107, 71.58471458593982, 41.72897336333673, 43.772368610515414, 48.87631488306851, 42.70434620249242, 51.04644803809053, 65.35076043825407, 71.21722957176988, 72.51077297397232, 71.4863454772819, 64.77602261208972, 58.66431146931457, 59.18536694307327, 59.163674225255185, 61.301475341727084, 66.64672488270048, 72.87544928921074, 77.47185717566272, 83.42275156055791, 89.07175129866609, 90.0849667410935, 87.41473848035183, 82.02266240349807, 74.61868037173109, 68.39126639293167, 62.657462452432014, 68.85061302480524, 75.13810682947016, 80.10953098599913, 86.64875510548035, 82.43807584242722, 76.90711626266892, 69.48606132927597, 39.71333013338648, 45.521872342222395, 60.1221238112292, 78.61915029248935, 70.73488848159282, 82.84799269990712, 101.00930736169258, 107.51090823286248, 120.25357705975136, 123.38630294512323, 121.44996203805015, 124.93747988990864, 123.31411972749716, 116.9311057583318, 115.41559556532276], [15.766028934063895, 9.671099885344683, 4.2891832608236715, 8.94407679943101, 0.0, 7.627334964815296, 14.714487607630005, 56.50092118283145, 61.78281450593293, 71.30550550852773, 79.342774176997, 86.7427047830263, 79.275553835856, 71.04141000918504, 62.67486239657563, 34.52800899498922, 30.03160407158835, 26.226812706278075, 26.63397214804172, 28.262076398278808, 25.282828269911203, 20.637420746507445, 20.3843936503558, 23.333754958034035, 27.79591912223524, 63.67803948518639, 72.49217846993794, 81.20817972657814, 89.85544847341619, 96.95799052128842, 93.50808637779016, 87.81214066340577, 80.14908261117638, 71.75218390389713, 63.89896328579477, 33.41315509975092, 35.04341741063087, 40.43805703243428, 36.182443429814526, 44.503790354752844, 57.97983647638262, 63.70179403079773, 65.13930001612017, 64.12737565138056, 56.47042771107785, 50.45040209866571, 51.1161575793171, 56.57533702844809, 56.919730198841265, 61.140725099640676, 66.90634165592964, 71.16198075941834, 77.23030755713188, 83.31321483423274, 84.58120639867174, 82.15013166889493, 77.1078742359008, 70.27365023084442, 64.9411380147939, 59.25294511042559, 63.83799321694542, 69.42436274247686, 74.16198660943434, 80.92245050569277, 76.65399152657717, 71.48730392313635, 64.79842948714274, 45.662341516317696, 53.81878666279281, 67.58472927140916, 85.00463159863845, 75.41557714697707, 85.29541069867837, 102.74364264994414, 104.7695241004012, 117.41199414054049, 119.87213022741294, 117.29059857083358, 121.64049105384237, 119.48896663399086, 112.49581440076865, 110.37883510223092], [9.00437427036893, 5.420525250204633, 8.533720449617386, 16.07586332537988, 7.627334964815296, 0.0, 7.302603612262892, 49.029610165554466, 54.33569468324176, 63.817466061223854, 71.89898392559063, 79.469840250925, 71.82901058588081, 63.553593621697004, 55.216725252379156, 29.050275562884924, 26.486248304802587, 25.090550188986313, 28.72777975998319, 32.60887377220571, 30.333027737853357, 22.58215386235516, 18.97089472295353, 18.91501568180064, 22.03387658061579, 56.475769180873215, 65.26668595652518, 74.02325085374542, 82.75447953640202, 90.0119450980947, 86.35994209762052, 80.56452936983703, 72.84159656584566, 64.38032230139888, 56.53639538392077, 26.464320201588496, 27.7409149611816, 34.14099223084376, 31.5307261275156, 39.954980054050644, 52.79742399807386, 58.00387380748659, 58.84919002968091, 57.2982104205885, 49.32661906150965, 42.843296816194076, 43.64803494537808, 55.07872614055936, 54.07120463178662, 57.22336794381028, 62.322270761275774, 65.96913360895356, 71.66776810975769, 77.62078852270862, 79.46156346883218, 77.64785360966891, 73.20831432202158, 67.15659958771776, 62.61615662507218, 57.017191397672164, 60.202795016430464, 64.95622333711775, 69.16306485071641, 75.55891917144224, 71.67101633500137, 67.20907276343593, 61.40421281713004, 50.45449676882465, 59.202935543618416, 72.19800119408963, 88.72023293220616, 78.47402938835262, 86.76854606870558, 103.23550598794006, 102.1447216724184, 113.7196071392989, 115.17624951808494, 111.73345939470516, 116.35314462551408, 113.69635710591359, 106.26490356027166, 103.97696091669523], [5.344967345249644, 9.148423751299951, 15.22170390071049, 22.4659939793205, 14.714487607630005, 7.302603612262892, 0.0, 41.80356974748283, 47.119487032846905, 56.64102951603056, 64.6562113407796, 72.16961695606528, 64.5763207201919, 56.328916707141246, 47.9721885399898, 26.126583093740486, 25.94272599259332, 26.797414889131417, 32.328244826214664, 37.2206388984666, 35.458766216344955, 26.769733696904893, 21.166005357483712, 18.076296218749544, 19.128996344596597, 50.1941223329341, 58.756768581841236, 67.30244818996368, 75.82597836303754, 82.93792626401829, 79.21318191966321, 73.56650132642918, 66.00973186976587, 57.616072620231556, 49.93058630181202, 21.499239663621548, 22.455973504435875, 30.35631591313783, 29.04991892208004, 37.499715626202686, 49.76494774783292, 54.17596577441564, 53.89504299858133, 51.390185921417434, 43.66089983194431, 36.24771666651002, 37.187204737375744, 54.59888100091831, 52.66571485130467, 54.86769016231364, 59.18221302745995, 62.05383558895116, 67.03582174327778, 72.45414227266576, 75.06643521768096, 74.10035801120142, 70.40667483800749, 65.23919811767803, 61.373209189650694, 55.90873658008746, 57.94182125281879, 61.813417219362556, 65.29936701661211, 70.920985958428, 67.71139805543531, 64.16144579394323, 59.300911172426666, 54.47934016605785, 62.980557306707645, 75.19483102956039, 90.89001055446604, 80.5851283014748, 87.72850618762038, 103.10462952451486, 99.90125034713246, 109.85280679464695, 110.1336119688949, 105.71031426396276, 110.20896773516651, 107.06604216528655, 99.30389446692412, 97.13651394532128], [41.78838573542944, 48.99919890905774, 56.41370551106212, 63.71589654245329, 56.50092118283145, 49.029610165554466, 41.80356974748283, 0.0, 5.604909197131922, 15.03315364701316, 22.88338515885126, 31.209410305146655, 22.959197795356246, 14.731037580824884, 6.3340496030571956, 39.309235394661876, 48.11404444994988, 55.518856176219394, 65.20281369500857, 72.76312211724895, 72.61764491701662, 61.88096403189249, 53.324815230869746, 44.990429721620316, 39.17793253999685, 21.591899537715758, 25.030375796811395, 30.63724732384491, 37.47194561163683, 44.29030827865737, 39.21955613069125, 34.10358032670819, 27.95302831929065, 20.915686212579516, 17.230448072042872, 30.8001433054646, 29.17916611077849, 36.911633115184955, 44.89411417595013, 48.01097183835101, 50.30826515836929, 48.1401245195106, 40.60147386513289, 31.02747269070101, 27.09241690629732, 14.645345996523567, 15.438870247163456, 70.36013990247977, 63.62497494102681, 59.57292722807677, 57.87056286267783, 54.87712487451146, 54.010653529478255, 55.064988238293864, 62.85582608021316, 67.63958274171544, 69.34343827883995, 70.47686960712399, 71.5248688723902, 68.0929683956236, 62.72763648233296, 60.051331680340226, 58.073630581391186, 57.65850378982849, 59.513940909175794, 62.6590127883951, 64.81670755319658, 87.47591683773875, 96.18171416739723, 105.25288195020453, 116.6479213409057, 106.27704990442656, 107.24070134825917, 116.15856681579285, 99.51583647043934, 99.39955538888654, 91.57474982715962, 79.77665966533327, 83.94137380687714, 76.33026666997398, 64.66862436413847, 61.69251482391351], [46.87075528634235, 54.103323129912944, 61.55847388769777, 68.93027643637234, 61.78281450593293, 54.33569468324176, 47.119487032846905, 5.604909197131922, 0.0, 9.696242405403499, 17.693592002322195, 26.320568764442648, 18.156190200625705, 10.320904186490106, 3.319430961427726, 42.99022241952165, 51.973276518265436, 59.58618263351371, 69.34840950233453, 77.06646206732046, 77.11565939286385, 66.34711539432202, 57.77573487795181, 49.40741846251524, 43.493810394261274, 20.141709093685026, 21.454627193425058, 25.783482422304438, 32.07190086443155, 38.94199765365837, 33.7066888129248, 28.595961945663063, 22.922157488958256, 16.777476581965626, 15.215818963150623, 35.173151453803484, 34.21774335266635, 41.767781449862106, 50.210100395401604, 52.95170581333042, 54.276051017779594, 51.500206374977516, 43.46727281890792, 33.45127993199272, 30.307295889916986, 18.761279134481025, 18.107080000908184, 75.1804725563395, 68.25285185592413, 63.78155231035373, 61.53830219830292, 57.96456036328997, 56.33425777417523, 56.62054249434137, 64.99780133130982, 70.44925152987575, 72.75171174493657, 74.49787255981389, 75.93841884814134, 72.71509607702819, 66.87141858824958, 63.61300055223466, 61.054381340163474, 59.80365615308721, 62.324281106793016, 66.17998305560143, 68.97805226972964, 91.39006144164152, 100.52793703809532, 109.73652953664096, 120.9554422596453, 110.99549307488164, 111.71177611733766, 120.00312176815848, 102.45303345447245, 100.88814368011501, 91.82364669579148, 78.7193557697239, 82.32033992679145, 73.65124808912242, 60.65126672986707, 56.79333513472343], [56.2880046620954, 63.47302095460828, 71.01553538067057, 78.55828268957112, 71.30550550852773, 63.817466061223854, 56.64102951603056, 15.03315364701316, 9.696242405403499, 0.0, 8.943173754203873, 18.98611926104803, 10.192310982837308, 5.344641859637555, 9.659652191845835, 50.59011038903208, 59.93982883761476, 67.96785435196475, 78.06816618855478, 86.12551029447663, 86.33969724801061, 75.2318629975267, 66.5103543449862, 58.01265354221817, 51.877752830803615, 21.556389171985625, 18.741802422840845, 20.017908739200383, 25.025655077810807, 32.092570580383416, 25.96240057481748, 20.749155420848027, 16.32724991649543, 13.159433051261669, 16.508949681613213, 43.387796958509675, 42.28631939130136, 48.7071423764127, 58.05096960793324, 59.8096021645385, 59.018184356146385, 55.146353667355356, 46.55041173790778, 36.34239120438689, 34.461716354888736, 25.548316596206178, 24.64686356366554, 82.14826947884548, 74.54957015234541, 69.11931950588405, 65.84587003138151, 61.28261678067271, 58.5338552068622, 57.89862526895372, 66.95915643533203, 73.35661965619394, 76.67315698683922, 79.56751127747773, 81.92226275084626, 79.16945489781374, 72.15734411527497, 67.76496999193179, 64.24251395945339, 61.848124737011794, 65.26919154990038, 70.29285207217087, 74.3377167427797, 100.33194698707291, 109.8451494618033, 118.77336544972216, 129.39131449886273, 119.31188872267805, 118.99199362416857, 126.17658715256262, 105.85680110718238, 102.42963342027656, 91.64864661277095, 76.8576330466871, 80.50147874078968, 70.51478497650609, 56.12902928788904, 51.28619382083476], [64.55074296744598, 71.78621247741756, 79.21498624205529, 86.38551142135458, 79.342774176997, 71.89898392559063, 64.6562113407796, 22.88338515885126, 17.693592002322195, 8.943173754203873, 0.0, 10.578576595726005, 3.1482344241280704, 9.004859531447952, 16.756029318862062, 59.49919198238085, 68.7785799842615, 76.68713972365946, 86.53726344174845, 94.29200640127165, 94.48351650804628, 83.81271377971794, 75.20777143259525, 66.77770110804686, 60.71288988779894, 29.360663462838744, 24.362832938699515, 21.729453956442118, 22.367892852341832, 26.69672790694736, 20.085717766578867, 17.887788041202246, 18.01568806561384, 19.153234822508832, 24.623944146208544, 52.244609811141494, 50.61570505313558, 56.0430588661516, 64.48270646602796, 65.67589304428992, 64.14217914011782, 59.426486912515315, 49.86768602566125, 39.37532995688477, 40.33260512426366, 33.56027462530247, 33.55881285624354, 86.58497850919234, 79.01237778338736, 73.20253775687718, 69.16901329718507, 63.79571174961124, 59.62430059131305, 57.36811533888083, 67.17947511072892, 74.6396203179888, 78.91793288929026, 82.79062499088117, 85.65025051425718, 83.32094904307071, 75.86716203875515, 70.72519921759631, 66.2814292003423, 62.25535840453765, 66.88171700735056, 73.00316143271492, 77.94446142233339, 107.79917831998516, 116.10824281934494, 123.88224266284874, 133.4069300222127, 123.50383677567106, 122.20974882099907, 127.99074594846338, 106.30746540317962, 100.29634732468901, 87.74790778918046, 71.36514155234688, 74.57994419977841, 63.74037591204824, 49.26729796465165, 46.057335241841024], [72.32359441819841, 79.62400221399695, 86.79355239287078, 93.28833350561658, 86.7427047830263, 79.469840250925, 72.16961695606528, 31.209410305146655, 26.320568764442648, 18.98611926104803, 10.578576595726005, 0.0, 10.3041224530826, 17.988612346661682, 25.069966910380135, 68.79173108825208, 77.71128400860327, 85.17738523689717, 94.35407332083868, 101.4260114062008, 101.58313617546006, 91.90044235745903, 83.64105194120268, 75.4548944221366, 69.65410307793839, 39.15257922655845, 33.287316452214405, 28.04220376466907, 23.62044921126804, 22.197952559880925, 16.66310137890999, 20.468145025808862, 25.148211662370333, 28.566993990517677, 34.55651475767049, 61.46346535081362, 59.7343783777947, 64.81275844631242, 71.51261077828443, 72.6383007554994, 71.50890400837945, 66.35322916220848, 55.84481149193405, 45.11202287804493, 48.88222454726807, 42.96423393639238, 43.43080570406535, 91.15670627833313, 84.25372506181533, 78.6369477787019, 74.22238941685286, 68.3451602503505, 62.73962875805608, 58.38945431652439, 68.92632205952924, 77.42683216538752, 82.48602737876837, 87.02400803201128, 89.9258481668038, 87.89685750933032, 80.74247094513842, 75.31777420300001, 70.1538696042194, 64.2894730299824, 70.23527691369529, 77.21220284592863, 82.58422227343411, 113.61308799752946, 120.0848446306991, 126.51513585485662, 134.82378719811712, 125.81282589469062, 124.0026149166273, 128.2405987756963, 107.00676158668546, 97.60854005105357, 82.97648185667141, 64.58642516466654, 66.04111879365041, 54.006622201217326, 39.36791421977032, 39.68556651033891], [64.7288482410767, 71.94895504018912, 79.31634725752639, 86.31197725765439, 79.275553835856, 71.82901058588081, 64.5763207201919, 22.959197795356246, 18.156190200625705, 10.192310982837308, 3.1482344241280704, 10.3041224530826, 0.0, 8.46977334034719, 16.658275426960557, 60.48787641876039, 69.77262553142127, 77.61631919084796, 87.42818026742597, 95.03129724421522, 95.08108486369869, 84.50277560410844, 75.89487058630368, 67.45655683935507, 61.4094349328775, 31.312059667777095, 26.91673641721821, 24.801351434886712, 25.327895911177972, 28.837967997210708, 22.29544199605886, 20.86720365614763, 21.010677809697764, 21.55590359000304, 26.41989518340005, 52.809147355244384, 50.43684299495815, 55.202086071657476, 63.147380052694544, 64.08221358881612, 62.40919520016882, 57.494737929438315, 47.63544317162075, 37.07751171272509, 39.07068669002471, 33.27892125358023, 34.33680951969309, 84.520543156567, 76.91302522534609, 71.00438169598837, 66.79810584948883, 61.26814320550192, 56.82534097881821, 54.34000207223031, 64.22615335043155, 71.8320571335773, 76.27234237588675, 80.34828849238818, 83.34620409320009, 81.14774796105125, 73.55826971825766, 68.25728635033263, 63.6345122305055, 59.332483261492804, 64.14788380635416, 70.46830012369067, 75.60503761354653, 108.61590771152765, 116.11153361998305, 123.16772985138935, 132.2228964606764, 121.91261477063226, 120.11534492107383, 125.61088305226447, 103.36939193690272, 97.25787692754022, 84.79537445957803, 68.68926994615698, 72.55882134295939, 62.32496504464487, 49.29868786071845, 47.85940017759932], [56.48186064827776, 63.663891527155094, 71.07359025326289, 78.23426636391996, 71.04141000918504, 63.553593621697004, 56.328916707141246, 14.731037580824884, 10.320904186490106, 5.344641859637555, 9.004859531447952, 17.988612346661682, 8.46977334034719, 0.0, 8.508731544141817, 52.56108017793615, 61.83735174584062, 69.66212252049193, 79.58748788298914, 87.2803785321919, 87.23625289753775, 76.42436286082166, 67.74959904468751, 59.277364431152655, 53.22417772356374, 25.827503962398787, 23.90219342328475, 25.150861225438323, 29.015255516498797, 34.51219670220372, 28.322528261764997, 24.662219896928033, 21.362102640593456, 18.29951310957846, 20.650462701056867, 44.53937338229323, 42.01676943824429, 47.271951337684634, 55.545972140801005, 56.932493251197855, 56.105815837508665, 51.908611555404576, 42.65494978908771, 32.11790080921638, 32.21975742136662, 25.009900685008205, 26.430054899842222, 78.38494192713293, 70.79935790614456, 65.26594369263633, 61.73948654680861, 56.932337140909816, 53.72749496351861, 52.69591074439331, 61.90551731991382, 68.54871534190072, 72.10634590381252, 75.29724418291585, 77.81614440744566, 75.25131883118162, 68.0965291226394, 63.48947004433735, 59.683005326821466, 56.816376824561075, 60.5627327268763, 65.8983772946863, 70.21401718820043, 101.47827355960995, 109.40706152810027, 117.03849094156236, 126.83155610244819, 116.15312771686955, 115.04490764814007, 121.74658893940375, 100.7667098699983, 97.11500462588805, 86.49545553021161, 72.18388538062915, 76.68785118502666, 67.6529644079507, 55.42277920257173, 53.37514996080006], [48.07652147272835, 55.29182442927972, 62.667530752457395, 69.80924348381207, 62.67486239657563, 55.216725252379156, 47.9721885399898, 6.3340496030571956, 3.319430961427726, 9.659652191845835, 16.756029318862062, 25.069966910380135, 16.658275426960557, 8.508731544141817, 0.0, 45.186105979550966, 54.157772114290836, 61.68480582721054, 71.37641862512754, 78.89734182755876, 78.79000783251087, 68.16421020568819, 59.606699727174096, 51.24637908153873, 45.3649235965271, 22.94593934095048, 23.963290337257007, 27.76186459243073, 33.34812862675611, 39.5049306080205, 34.06443424055622, 29.633936795326587, 24.605328940053045, 18.969934517420715, 17.917876806430975, 36.88672161413699, 34.82634919874952, 41.39640942282273, 49.2693991273239, 51.651315440532436, 52.71812439929329, 49.62012147436994, 41.10582323226803, 30.819026322420864, 28.994630479369697, 18.89009455333096, 20.107151082309997, 73.4185902267273, 66.3925044137667, 61.735405060025435, 59.22733448024006, 55.40770864693613, 53.4234911506519, 53.43930976218288, 61.953194821916924, 67.6255513027336, 70.16349213632671, 72.20416803805118, 73.85022777344327, 70.78755157070624, 64.7048487227066, 61.193229049987565, 58.374445968043354, 56.76832965161503, 59.543579987491746, 63.69415970626769, 66.7884970065184, 93.22051607041057, 101.36490236250042, 109.68919481141786, 120.3126592816546, 109.90722262627006, 109.98849533018775, 117.8793965219963, 99.57538383818934, 97.75294047225498, 88.6636003971416, 75.7391476325951, 79.89549369772105, 71.69120037313132, 59.82720079778044, 57.440053437174186], [21.770991349435445, 25.025338307602258, 31.87610368063074, 42.11930536641862, 34.52800899498922, 29.050275562884924, 26.126583093740486, 39.309235394661876, 42.99022241952165, 50.59011038903208, 59.49919198238085, 68.79173108825208, 60.48787641876039, 52.56108017793615, 45.186105979550966, 0.0, 10.19969590059787, 19.6389157368203, 32.08269176335803, 42.90261129141498, 43.623658563337855, 28.70403974482082, 19.516595984196915, 11.786796479006707, 7.078380452364086, 34.97826501928699, 44.337729975842876, 54.187795427865346, 64.9550599664937, 75.1089553348709, 71.32292736376736, 63.10236376792194, 53.91566391389177, 45.5602396580037, 37.34906983086698, 10.812986093336198, 22.971108829242567, 35.48263815469539, 45.959283164843704, 51.887435622235266, 57.58220727247941, 60.64383400633474, 60.77274574990852, 57.156297781055414, 44.1668971946446, 32.9402623647071, 26.811311372131037, 76.08450409504118, 70.83935138105485, 69.81041032852046, 72.1434070934397, 73.34905351437763, 77.90464412795316, 83.71901484872396, 87.7562069071423, 87.99761633487269, 85.68657601177011, 82.36112552052022, 80.80628455377888, 75.92164575086588, 74.0413882702073, 75.3897350582284, 77.62620911296347, 83.03547231439643, 80.34671761617597, 78.47236951958756, 76.14477199234314, 62.01443667843391, 81.28110699935102, 98.49767406737703, 115.81732896587383, 106.67337701792724, 113.36232853420792, 128.10158930988416, 118.86452841249049, 127.39403472235341, 124.65545606158447, 116.49889074379723, 120.47073916248246, 113.52190656868092, 99.64154546034528, 90.32005424333944], [20.901575328669512, 21.414564286532936, 26.535632910987594, 36.465959285777714, 30.03160407158835, 26.486248304802587, 25.94272599259332, 48.11404444994988, 51.973276518265436, 59.93982883761476, 68.7785799842615, 77.71128400860327, 69.77262553142127, 61.83735174584062, 54.157772114290836, 10.19969590059787, 0.0, 9.657353587206439, 22.351697902332656, 33.65050799934446, 34.65428243563241, 19.38946188260154, 11.159894117784006, 7.907424265763789, 10.404453314950526, 44.525619803756996, 53.62520195429057, 63.110556320848175, 73.50047518570477, 83.26366618932894, 79.94277037176707, 72.01394974346368, 63.11576888776428, 55.02818404910073, 46.972588513957575, 19.113716317136472, 30.15855274815648, 41.653548156314734, 49.625234378204006, 56.306911223098666, 63.67979442131819, 67.63666301758072, 68.45495191497926, 65.38683649691131, 52.87352720514694, 42.24468550716193, 36.652541295558514, 78.29596445526614, 74.35301553486245, 74.59125124566933, 77.87533822268436, 79.9062702619681, 85.01589288506047, 91.02389121844936, 94.51915026727968, 94.07419698135146, 90.99300252218909, 86.64895567913887, 84.11067879163909, 78.92791154091563, 78.62964715562741, 81.07626681945504, 84.03889342420075, 89.9660129217636, 86.79946149975284, 84.01465988182275, 80.51813987433536, 53.29917369325599, 74.68915138327962, 93.80491127408735, 112.44075370359013, 104.50371979762727, 113.09885110917097, 128.97361888818475, 123.31767113170932, 132.93468895367428, 131.16292364467552, 123.75008448789417, 127.07165195057344, 120.50214581000354, 106.77204268263806, 97.37437661721184], [21.901428733155768, 19.696176193011297, 22.108303786011827, 30.81457224326193, 26.226812706278075, 25.090550188986313, 26.797414889131417, 55.518856176219394, 59.58618263351371, 67.96785435196475, 76.68713972365946, 85.17738523689717, 77.61631919084796, 69.66212252049193, 61.68480582721054, 19.6389157368203, 9.657353587206439, 0.0, 12.807331799354499, 24.28132923636539, 25.46337303165203, 10.41340896439168, 6.287846377135735, 11.898220975281351, 17.729331033148153, 53.44270213754979, 62.324956411322326, 71.42187060718291, 81.29301221867003, 90.44162436370073, 87.5121006632752, 80.0605922722912, 71.53937970063713, 63.62983265297696, 55.69824911028491, 27.135367477675885, 37.02859781235252, 47.61999623159272, 52.81953992310711, 60.143663672669575, 69.19104690998104, 73.79081173732905, 74.89914812320688, 72.15767020690741, 60.47330369439563, 50.25027444583596, 45.31247742857902, 79.42481461161438, 76.90984936530174, 78.39431584797991, 82.48923850346428, 85.19263664201398, 90.61452347344367, 96.58591953351775, 99.64197822802704, 98.67522961133619, 94.96550418708448, 89.75124456533754, 86.24881739741573, 80.83047033525277, 82.12737392588971, 85.56449786810153, 89.08921533708256, 95.26474490894381, 91.81413509265363, 88.30185536474191, 83.7625242596482, 44.397869190864526, 67.08767879316771, 87.6962721606017, 107.39032376078445, 100.7581523301624, 111.16301404513307, 127.92870313012575, 126.02032251907762, 136.35558706696057, 135.4773675096068, 128.84904824311283, 131.5209339841239, 125.50913516759445, 112.3553612437711, 103.52595178786464], [28.275887030112603, 24.139359107465427, 22.480091752223565, 27.312036100007447, 26.63397214804172, 28.72777975998319, 32.328244826214664, 65.20281369500857, 69.34840950233453, 78.06816618855478, 86.53726344174845, 94.35407332083868, 87.42818026742597, 79.58748788298914, 71.37641862512754, 32.08269176335803, 22.351697902332656, 12.807331799354499, 0.0, 11.904288065915992, 14.018222489106135, 7.431638637795167, 14.890009243130574, 22.973361720314774, 29.33232391961, 64.66975780217466, 73.15591709929267, 81.62982114345064, 90.70619574502297, 98.95883826800257, 96.61211902701791, 89.85235109218857, 81.9213594546822, 74.35736906723693, 66.69657245702894, 38.59697164625112, 47.63444281817183, 57.50490041071726, 59.583299437630835, 67.51457379188633, 78.32981267163382, 83.386764305131, 84.42512386981163, 81.7360635880291, 71.24491149871983, 61.10948412763172, 56.58909227088438, 83.05871064377024, 82.42371411556712, 85.3281450743939, 90.18808622865743, 93.46795873169617, 98.94215083456923, 104.53830962049817, 107.28813038205902, 105.95776831435205, 101.70143863459215, 95.64517589970735, 91.01738200364483, 85.39083643061417, 88.59239178644603, 93.0384938723432, 97.00495547671713, 103.10952512766148, 99.60176209678599, 95.48743121685126, 89.89094395156508, 32.11080484493262, 57.05341860121671, 80.00599839897309, 101.11529962987478, 96.92038024955417, 109.86954367691128, 127.47482300377256, 130.72511926661088, 141.28645761712943, 141.17709519120032, 135.23335203680728, 136.72244954460692, 131.25028596483332, 118.67242582048341, 110.5115942825778], [34.323071612746894, 29.422357285019867, 25.024161159953437, 25.02442214237356, 28.262076398278808, 32.60887377220571, 37.2206388984666, 72.76312211724895, 77.06646206732046, 86.12551029447663, 94.29200640127165, 101.4260114062008, 95.03129724421522, 87.2803785321919, 78.89734182755876, 42.90261129141498, 33.65050799934446, 24.28132923636539, 11.904288065915992, 0.0, 4.370282700397883, 15.974597972991116, 24.740239805635145, 32.79028265914391, 39.213417230129004, 74.43872432930685, 82.65053690437676, 90.6221345035065, 98.92191124237999, 106.18060996242416, 104.20529373989356, 98.2308418361657, 90.86844831015384, 83.49147311858658, 76.03423075093885, 48.061506882464954, 55.90652341837409, 64.91739309640464, 63.971267660591536, 72.292611767852, 84.68738193947392, 90.05370719845493, 90.9043434791467, 88.3276565777701, 79.24110636595069, 69.51321673799659, 65.83961945025136, 83.9402594721348, 85.11820313851115, 89.31575007803085, 94.8030858318113, 98.56698966832158, 103.99208982462525, 109.15771976257632, 111.54752347019017, 109.89494212608484, 105.19064934024117, 98.44952072836546, 92.81737275349347, 87.08863668265487, 92.0488789085143, 97.37576559412612, 101.68481322751346, 107.61557611804828, 104.10938050260201, 99.4990063923855, 92.99729474254164, 21.423941575695874, 46.22967921963207, 70.63325201281802, 92.67179421974711, 90.60374238171917, 105.66811462006751, 123.80660707109907, 131.88149481513682, 142.55924087573803, 143.33737804225288, 138.36347928314373, 139.0171165525953, 134.46466036653493, 123.20727499870996, 116.58158980250028], [33.08938789478024, 27.70280617266556, 22.420587897914658, 21.230756338725218, 25.282828269911203, 30.333027737853357, 35.458766216344955, 72.61764491701662, 77.11565939286385, 86.33969724801061, 94.48351650804628, 101.58313617546006, 95.08108486369869, 87.23625289753775, 78.79000783251087, 43.623658563337855, 34.65428243563241, 25.46337303165203, 14.018222489106135, 4.370282700397883, 0.0, 16.117469500938938, 24.851628569752346, 32.88075804736596, 39.35133517733321, 75.34970102842608, 83.6927064710344, 91.77369578661394, 100.07257151943102, 107.19567112805535, 105.05109590337847, 99.20105744100299, 91.8251993788821, 84.27334373422154, 76.7226058010736, 47.99437852208166, 54.94484984213569, 63.270924837190876, 61.34549645329644, 69.67290220871473, 82.47181686217992, 88.02151714258403, 89.05703691297465, 86.82004464146749, 78.10544046121429, 69.00632791885552, 66.03967493729353, 80.34738811499882, 81.88131089866103, 86.4160129930138, 92.13080167948604, 96.13441316693176, 101.72421166039913, 107.01005022503314, 109.07624779764171, 107.14545576493865, 102.22224751625629, 95.24275738532621, 89.39367140179785, 83.66209215428194, 89.02767916569152, 94.64173461981008, 99.15270778807027, 105.26147279393193, 101.56533126527682, 96.68183561410387, 89.89014039958668, 22.625958187328138, 44.11328836614003, 67.53650596008444, 89.33754479838755, 86.65444290535851, 101.65197042864398, 119.97487603368572, 128.4775520996951, 139.70347791601608, 141.07217313549222, 136.77353278958364, 137.8532703073762, 133.90119540742575, 123.56861487743107, 117.88566445988273], [23.03488265223585, 18.006934747812966, 16.41143033224813, 22.857150079736712, 20.637420746507445, 22.58215386235516, 26.769733696904893, 61.88096403189249, 66.34711539432202, 75.2318629975267, 83.81271377971794, 91.90044235745903, 84.50277560410844, 76.42436286082166, 68.16421020568819, 28.70403974482082, 19.38946188260154, 10.41340896439168, 7.431638637795167, 15.974597972991116, 16.117469500938938, 0.0, 9.532468461886983, 18.306797692756156, 24.976891158306856, 62.37194921302173, 71.2558996134481, 80.17995000090069, 89.60806492469831, 98.05275221125702, 95.21867404901504, 88.33270232236163, 80.11052046367823, 72.11284263877292, 64.16042243949332, 34.16793838339181, 41.97197013651766, 50.969039551724656, 52.87476126175978, 60.64318281409313, 71.4293837286693, 76.73448846694144, 78.28615149112143, 76.2212727539669, 65.63166570360305, 56.54258652750037, 53.050070956735716, 76.6008169086731, 75.62273097162114, 78.46862620153321, 83.45484190200801, 86.9636195352499, 92.82143270920356, 98.90597364013101, 101.22155374947488, 99.51223750089677, 95.05427212244352, 88.88624272719963, 84.38421567004019, 78.79907873793515, 81.81101619838306, 86.35297618308086, 90.55178873287088, 97.12922918841201, 93.23103466241774, 88.82947864307725, 83.14288530389723, 37.23071325575069, 58.58503556181285, 79.40623707716789, 99.62623275801454, 93.48820343922827, 105.25439588918806, 122.8904471311812, 124.52767628375813, 136.06645674884126, 136.6107907152915, 131.43501721760927, 134.08756702522135, 129.27106019631086, 117.7640932407928, 110.63478357507188], [16.628602419740695, 13.62476430000145, 16.435622915064155, 25.873710404264283, 20.3843936503558, 18.97089472295353, 21.166005357483712, 53.324815230869746, 57.77573487795181, 66.5103543449862, 75.20777143259525, 83.64105194120268, 75.89487058630368, 67.74959904468751, 59.606699727174096, 19.516595984196915, 11.159894117784006, 6.287846377135735, 14.890009243130574, 24.740239805635145, 24.851628569752346, 9.532468461886983, 0.0, 8.850409811885894, 15.508758686244786, 53.413195434685946, 62.496311101672134, 71.72309614736099, 81.51282370725369, 90.3649817859211, 87.16120857178416, 79.97408743500948, 71.48114576106741, 63.270411767640475, 55.179079717222116, 24.751846938754472, 33.092712839862635, 42.95211538302576, 46.98168528717212, 54.45661111267213, 64.17570086906188, 69.01845248394282, 70.2876941030172, 67.95030009449232, 56.76305388617471, 47.40977755319905, 43.79634073237772, 73.18538602846071, 70.85409991207314, 72.63164786498623, 76.97372847033817, 79.94374409990026, 85.57015171952324, 91.71140704182704, 94.41100404258496, 93.15327135957455, 89.2214179662867, 83.78597817617442, 80.11237911445129, 74.66861766141479, 76.26998026367312, 79.99859552941973, 83.74581721523352, 90.1404013411278, 86.46842771964096, 82.66537183656283, 77.8398153060981, 45.34617826762161, 64.98964125386037, 83.99155671784486, 103.03565894935862, 95.38258033653602, 105.24077295405857, 122.0200774385196, 120.01682180884461, 130.9091037456106, 130.68121165590287, 124.87404091582648, 128.1910299008716, 122.99156822349373, 111.19475916313573, 103.9027071404237], [13.152906666341321, 14.123516089577626, 20.32115333954424, 30.534919616429093, 23.333754958034035, 18.91501568180064, 18.076296218749544, 44.990429721620316, 49.40741846251524, 58.01265354221817, 66.77770110804686, 75.4548944221366, 67.45655683935507, 59.277364431152655, 51.24637908153873, 11.786796479006707, 7.907424265763789, 11.898220975281351, 22.973361720314774, 32.79028265914391, 32.88075804736596, 18.306797692756156, 8.850409811885894, 0.0, 6.684169525587525, 45.00561099741147, 54.216341727767364, 63.635734256201054, 73.63773128415991, 82.73472386213811, 79.21257891343622, 71.85505889000177, 63.2012165251081, 54.817196471386616, 46.63474440051847, 15.927595256286898, 25.226483561969967, 36.3792504870331, 42.5160901402173, 49.63592830477867, 58.26646659540156, 62.45352781199522, 63.11773878244692, 60.26857430848239, 48.70504578619266, 38.77958257124826, 34.99637886986317, 70.70657035663326, 67.18323458628488, 67.89272776088544, 71.48375182302479, 73.78781839119904, 78.97540509198443, 84.95249834595224, 88.16271045031323, 87.50993353258698, 84.21612643995503, 79.61531390784879, 76.753226471456, 71.49316216022797, 71.73803366053667, 74.57558790085004, 77.73666260834545, 83.70876087711119, 80.44181022745775, 77.3894690272846, 73.51190217222985, 52.57132502556219, 70.54980009248771, 87.91156342621994, 105.81399801961274, 97.11817764199226, 105.29080068829694, 121.08411454154819, 115.94758100949785, 125.83210202455359, 124.70493956477884, 118.18037963873599, 121.95084322122685, 116.37036063070788, 104.35003592893175, 97.07528382791264], [14.793867140637532, 18.224566856149668, 25.41991239208776, 35.60864130092833, 27.79591912223524, 22.03387658061579, 19.128996344596597, 39.17793253999685, 43.493810394261274, 51.877752830803615, 60.71288988779894, 69.65410307793839, 61.4094349328775, 53.22417772356374, 45.3649235965271, 7.078380452364086, 10.404453314950526, 17.729331033148153, 29.33232391961, 39.213417230129004, 39.35133517733321, 24.976891158306856, 15.508758686244786, 6.684169525587525, 0.0, 38.70032771550889, 48.03598317535206, 57.66027067637191, 67.90805616195024, 77.2985137608003, 73.4955905360605, 65.91643909763789, 57.07636895282454, 48.54588071646747, 40.277230125411236, 9.441086526581778, 20.163732725949824, 32.43558326375333, 40.6568389702188, 47.247573537162964, 54.63476700797785, 58.19848682168898, 58.38430009071354, 55.10539289912323, 43.080208894967264, 32.59512929453677, 28.458983668451356, 70.12572191580158, 65.60673873746558, 65.36199221982612, 68.26264059727366, 69.96731370138548, 74.77539607989567, 80.63316082995384, 84.26728662717454, 84.11964462946483, 81.38097342619886, 77.51451371614947, 75.37836346654296, 70.32413136310795, 69.37960895399776, 71.40958068992856, 74.05000654680693, 79.66938495756463, 76.74135711454045, 74.3482755607355, 71.32515164007738, 58.51168497546118, 75.65732558059835, 91.96083941465967, 109.03687231334622, 99.63192355936118, 106.52459101337209, 121.53120505112646, 113.8402125237886, 122.93351562676483, 121.05280746925948, 113.89895480068986, 118.05168078553335, 112.09141729666634, 99.76831103681967, 92.3270937237305], [48.04595853508269, 54.478830722398925, 62.25801146604974, 71.40292345245459, 63.67803948518639, 56.475769180873215, 50.1941223329341, 21.591899537715758, 20.141709093685026, 21.556389171985625, 29.360663462838744, 39.15257922655845, 31.312059667777095, 25.827503962398787, 22.94593934095048, 34.97826501928699, 44.525619803756996, 53.44270213754979, 64.66975780217466, 74.43872432930685, 75.34970102842608, 62.37194921302173, 53.413195434685946, 45.00561099741147, 38.70032771550889, 0.0, 9.68989724020766, 20.257610425316113, 32.067115179354516, 43.79304312085458, 39.00802881245501, 29.476447369329296, 19.541064864047176, 11.419561650508703, 5.208414984664913, 31.362705712931117, 35.28596966996942, 45.136246180792675, 58.444528500249966, 61.384289478377724, 61.04282615451877, 59.32895422739344, 54.502926861021045, 46.76262547582684, 37.021263724067346, 24.107093050501362, 14.67710