{
	"dissimilarities": [[0.0, 7.315310695670142, 14.654703240978233, 22.309822404842446, 16.000723616623905, 9.011884163100966, 5.357694744580453, 40.95054419399642, 46.99824710733721, 56.37006834396083, 64.67523602061443, 72.60715239502916, 64.97206646484867, 56.73066646384079, 48.298068179975424, 19.625631502277066, 18.388372843397782, 19.52399515236382, 25.94331507539923, 31.665610040340187, 31.030915964079576, 21.24240810809476, 14.28768596028556, 9.796337892689543, 11.873677767073897, 47.01217777000589, 55.907274583598195, 64.7606623998903, 73.73307741467848, 81.80335380510631, 78.27346887733674, 71.84813460132175, 63.91079398842581, 55.49161664984194, 47.45021275391134, 17.919162169129283, 25.959264236616303, 36.254843636907474, 37.58091378949131, 44.119683959385526, 52.51613735868287, 56.949173765474285, 58.0894017584485, 56.11433644614583, 47.13730478303098, 37.08912744437683, 35.228356675498006, 57.17300691760945, 54.46599495270401, 56.126792506178774, 61.38558255014083, 64.07398592929067, 67.97084448631107, 77.19482386378775, 82.02955522708717, 81.24262330695915, 79.74784695411753, 74.81133782644875, 68.55271666497832, 58.06291254826518, 59.52559514202598, 64.35126812366848, 66.94911174893646, 76.6375575281148, 75.1049434095327, 70.89065631895518, 67.8232102541927, 49.844850938674504, 56.36514840620897, 65.1899723955469, 74.33501009489261, 86.5236024172834, 97.94831403510797, 108.67807862156421, 108.98150461505237, 117.61461403659145, 120.95049368431133, 115.49189618273863, 108.16274727359765, 104.71835614575282, 99.17316688835312, 95.88477055005649], [7.315310695670142, 0.0, 7.3423280035664416, 15.500819009578624, 9.735140843791426, 5.2631740968362415, 9.030693592909737, 48.2303590457594, 54.30910877599437, 63.68096949455633, 71.98911010994273, 79.87265671658467, 72.25624818238397, 64.00044094658175, 55.57464437147506, 23.846225826771537, 19.599977272750827, 17.405363724479706, 21.259763685082415, 25.826707330735818, 24.712907633504983, 15.724780946210286, 11.162831958962522, 11.777596066866064, 16.617414398105286, 53.9126390324363, 62.91117820297777, 71.85069506567055, 80.89078752817487, 88.93292368584065, 85.50807458482366, 79.07661637894728, 71.08540908505123, 62.662651473461715, 54.56920869646799, 24.06176476354176, 31.067263738689444, 39.92333419343913, 39.75797662062387, 46.48046120323277, 55.778110899684215, 60.961429006646604, 62.97444758195062, 61.76663068098739, 52.77182721355308, 43.82914073108986, 42.26216379812954, 57.2197328036407, 55.83464611399421, 58.525731709025166, 64.64806598295694, 68.09458022607271, 72.60296500555333, 82.40812321952893, 86.16227146900174, 84.61543027134971, 82.35789460927931, 76.49884061437447, 69.26834468269087, 58.37699077399535, 61.522131253566805, 67.45941631476752, 70.79968296844545, 81.60593682854405, 78.8332123441364, 73.81264754038581, 69.78496004814579, 44.92850000358023, 51.6122742730792, 61.22697642852547, 71.42707764143222, 84.1389573483314, 96.769478689508, 108.50006895808939, 110.95270561939151, 121.09872237410926, 125.4165532970596, 120.88453630557622, 113.97264287796737, 111.06186547686717, 105.844341059599, 102.66968851681776], [14.654703240978233, 7.3423280035664416, 0.0, 9.302971941328966, 6.3392022904554794, 9.033521661379462, 15.54211406075058, 55.54786467008166, 61.64962030518306, 71.02311913709512, 79.32813052831554, 87.14398173068598, 79.5697178215977, 71.3109101114939, 62.88622831561785, 29.46188748934769, 23.33360254509271, 18.340212577780935, 18.394162312812426, 20.834914587749363, 18.9899955929042, 12.326439852994135, 12.481037298096782, 17.11579210632248, 22.89528889721658, 60.989638434479794, 70.04378386520284, 79.02524191268319, 88.08859257865538, 96.06814997758578, 92.74932499794664, 86.34302223739812, 78.33134021818232, 69.91916947047558, 61.799055142593964, 30.848730833596637, 37.08247020137903, 44.672780368819105, 43.18399446481192, 49.904415590763776, 59.88020574462561, 65.65676230904224, 68.37409716869924, 67.80832567398903, 58.90186400916094, 50.81753072318539, 49.46203951917012, 58.18270305431441, 58.1552351017325, 61.786005921721824, 68.62107203673172, 72.70814217447975, 77.70849634619083, 87.92858332026226, 90.7163873293697, 88.50208115516926, 85.55335540060659, 78.8630736193479, 70.73902039664983, 59.58851769260811, 64.34460261049178, 71.24950997844188, 75.22741873477047, 86.91385821023574, 83.06940229676887, 77.35708842229607, 72.46521268150175, 40.536111715008296, 47.25183434124874, 57.688833369516196, 68.97216060812178, 82.17230887349933, 96.00483757958295, 108.70534952925962, 113.35746624695918, 124.8547569393957, 130.05683391329, 126.38134584917609, 119.85207645167979, 117.42707965509963, 112.50642364300478, 109.46220208942403], [22.309822404842446, 15.500819009578624, 9.302971941328966, 0.0, 8.253017305534623, 14.94230995514984, 21.668286659983362, 62.313622485451766, 68.62365077566928, 78.0514171937291, 86.19542560371585, 93.34153538375604, 86.14092673210466, 77.99039499400814, 69.54328570301627, 38.69933268029713, 32.49645439596112, 26.582799628322448, 23.100189948457025, 20.854707640479575, 17.317841385913514, 18.126427248298878, 21.34367763047252, 26.32239563950844, 31.905640299270768, 69.29412876022543, 78.17465021755552, 86.87124204943397, 95.42435679687478, 102.60847694556038, 99.45713367554578, 93.69028655044028, 86.05728082046409, 77.71817251225421, 69.73318252200485, 39.33327711609377, 44.261403838237285, 50.27901437640852, 45.741478912711166, 52.05568934142362, 63.13693746701556, 69.34732314547752, 72.30831201786974, 72.48809182904107, 64.98183419768326, 57.77944273351423, 57.33691564686427, 55.77781508672051, 58.27975663353306, 63.33288928030492, 70.85304637090468, 75.54745532927953, 80.79153904406259, 90.63711233888272, 92.2980600367523, 89.58121361096052, 85.89474720636635, 78.27040003740564, 68.8311077665973, 57.48385737052268, 64.78414158632845, 72.87768969270952, 77.50967045650785, 89.33472929669098, 84.49902674009158, 78.19156811220306, 72.25528348011056, 37.1726108726384, 39.59766099790397, 49.18939427742234, 61.14365191044843, 74.85114160338426, 89.95540782904835, 103.70293748146034, 111.93816764549508, 124.1751420089987, 130.26131112838212, 127.85346034887692, 122.00698615051334, 120.6595357576269, 116.92595418374692, 115.38280718456625], [16.000723616623905, 9.735140843791426, 6.3392022904554794, 8.253017305534623, 0.0, 7.477516312129852, 14.67310583053939, 55.47219966906701, 61.90841466245987, 71.3491645440791, 79.53252563769269, 86.9816603185262, 79.3541974891557, 71.07999692209137, 62.71448153224724, 32.66555878446946, 27.94357728684717, 24.135343681812987, 24.608658385725963, 25.856694436837728, 23.250199138149007, 18.466858352303404, 17.92137546163472, 20.80754599079505, 25.55411734587601, 62.60779355711612, 71.63493972072037, 80.58395681813343, 89.45711540347303, 97.07060972261048, 93.52493590347605, 87.44710506007591, 79.57403260289003, 71.03740308446396, 62.96019131195955, 32.101956282426215, 36.09470573737395, 42.11548160500837, 38.53588533948759, 45.08204415648779, 55.67879649679575, 61.74585543728821, 64.76050139904706, 64.85150024108843, 56.85544672120973, 50.051060957862546, 50.12833418186999, 51.988536165544076, 52.53184170226117, 56.72218465129655, 63.913949274831396, 68.37532462124784, 73.63382356756166, 84.06413129036439, 86.01274039807932, 83.41215928888369, 80.1147663835079, 73.08196268316993, 64.64319547486552, 53.445816683929216, 58.86246145948949, 66.28749154008545, 70.63903316374436, 82.84217259014042, 78.19036205738813, 72.11662127016027, 66.81003741992384, 44.082197354740025, 46.81524916431317, 54.33263540784243, 64.36914232769263, 76.84328964483666, 90.14837937406722, 102.7133114518581, 107.4765137971024, 119.7285044165204, 125.76012676241108, 123.07138693440447, 117.23993156209231, 115.79069925340818, 112.2909053800869, 110.77943160182109], [9.011884163100966, 5.2631740968362415, 9.033521661379462, 14.94230995514984, 7.477516312129852, 0.0, 7.333889734509034, 48.059623786728686, 54.463078190523866, 63.899213206528444, 72.10552238027418, 79.69689664717133, 71.9891878992681, 63.69979356432561, 55.32670518440413, 26.78110509933311, 23.787445836683197, 22.272579042800633, 25.846076398341566, 29.355876891292127, 27.585480039015977, 19.917317415313185, 15.866327651383575, 15.612249302380068, 19.237812752967237, 55.27366076863057, 64.25320991134383, 73.18198100589716, 82.08101872816704, 89.83757278593933, 86.18775489231672, 80.01602320686955, 72.12599871252532, 63.58096446081873, 55.52207272490588, 25.079270813592085, 29.738251246174784, 37.197881764496294, 35.31910035179133, 41.97190264951098, 51.7985415765559, 57.24804275435472, 59.54696990134825, 58.91390237350519, 50.62924010452608, 42.889700030043485, 42.72152145625353, 51.97862544440455, 50.84435615079688, 53.91525418552332, 60.331256579657456, 64.09381745409952, 68.85087907873847, 78.93575001985916, 81.98837820245537, 80.10944156790076, 77.58127222789034, 71.4752791968765, 64.07010858014752, 53.14998917333668, 56.64378951722267, 62.97142616200587, 66.61907216879051, 77.95617510162309, 74.48394522453965, 69.15863476002053, 64.83081342871483, 47.78774790597603, 51.5344538112494, 58.85839822134328, 67.9765775486876, 80.01845370528774, 92.10308823423917, 103.6462083810315, 105.94914831804766, 116.7694189642997, 121.80879675533777, 118.10950679426956, 111.79786854498235, 109.72628991589556, 105.75324491829319, 103.89842248305133], [5.357694744580453, 9.030693592909737, 15.54211406075058, 21.668286659983362, 14.67310583053939, 7.333889734509034, 0.0, 40.83584036518814, 47.260991949104856, 56.70613461235935, 64.87077177200473, 72.37043115673524, 64.735738344132, 56.48562838626308, 48.086448469108106, 23.69089425882854, 23.291479012395243, 24.265060504744696, 29.83632438394572, 34.40236335356968, 33.12063750070915, 24.609262114373706, 18.508055536975732, 14.645370334697379, 15.897984814897075, 48.860779660671746, 57.64077439275265, 66.37326096833237, 75.06075984643041, 82.67029576424812, 78.96066481255997, 72.93978258853193, 65.21291565968427, 56.71826611916726, 48.77873181954376, 19.867795563169988, 25.082586948231818, 33.94631643521204, 33.25571720840261, 39.693246253033294, 48.72174716489118, 53.37234352280085, 54.6496824978791, 53.21934161656288, 45.224491463603954, 36.34258706964133, 36.11856392735473, 51.87210651107322, 49.534095354006965, 51.60284376757051, 57.12137131353569, 60.08418266858034, 64.15598177865678, 73.47503983656087, 77.68036080053858, 76.65281175397259, 74.92498211052411, 69.76456361889346, 63.28624203161725, 52.76719110520365, 54.64441666046018, 59.853171670948, 62.72480591898082, 72.73831524566707, 70.61517305658681, 66.15633889968886, 62.80627674713126, 51.92216038388138, 55.56511310675642, 62.2686948006568, 70.37687743792523, 81.97701748106373, 92.89495203962394, 103.44594812132, 103.84832064867773, 112.91398112566645, 116.87461146664599, 112.22766548967691, 105.48524185802377, 102.92972015694862, 98.71319192874499, 96.94601121443398], [40.95054419399642, 48.2303590457594, 55.54786467008166, 62.313622485451766, 55.47219966906701, 48.059623786728686, 40.83584036518814, 0.0, 7.001494880440747, 16.193839123418076, 24.154583507704064, 32.4605457983137, 24.04981634668492, 15.795156624934998, 7.369298126493866, 37.44721020947507, 46.38762453367019, 53.899562801850664, 63.45363621776835, 70.67764741496313, 70.8135813550941, 60.42667351965627, 51.83359249253153, 43.341602346978874, 37.356666895478924, 19.36253234713667, 23.591405991074588, 29.912100617080757, 37.27058021774446, 45.093386163246, 39.98686097439669, 34.06603725925899, 27.376483223222678, 19.707728337351718, 14.926451023950667, 29.172307164588442, 29.96192674236258, 38.539285364032295, 46.14782995213265, 48.55285436195986, 48.47736909845311, 46.47726252346114, 40.798886789320534, 32.99644265855739, 28.50131634600495, 14.096857109799544, 12.845087246627362, 68.87025287553942, 60.25952182877043, 55.87045698324593, 54.42402469282562, 51.385861667594995, 49.96644736221722, 53.30256262045018, 65.18947759716522, 69.49700142876426, 72.998780247359, 74.29824102256406, 74.51951266910032, 68.27435207040546, 60.57175273723617, 57.58622452614431, 54.72609299016039, 54.70305290273166, 62.09770638363163, 63.84888683592667, 67.12707521328045, 85.48777461665392, 89.8946040836513, 94.19890119903968, 97.82022353629003, 106.19269597219245, 110.57208953092943, 115.15281673363765, 102.7811367599635, 102.0354690449079, 99.27017118319816, 88.20777416016028, 78.6876530895504, 71.93404059140833, 65.29804467864763, 62.65431133508918], [46.99824710733721, 54.30910877599437, 61.64962030518306, 68.62365077566928, 61.90841466245987, 54.463078190523866, 47.260991949104856, 7.001494880440747, 0.0, 9.448541167637574, 17.704569726280816, 26.85025441861218, 18.48244351895222, 10.774370269328875, 4.357952746692877, 41.78461586208391, 50.92945963379696, 58.718431278580034, 68.40824350397585, 75.90783486382166, 76.30454795144244, 65.7972795756554, 57.18942709985638, 48.692091750890995, 42.602080755323556, 16.75642588857773, 18.271961665564042, 23.318165063255147, 30.372281987382163, 38.67927997680461, 33.380219024663226, 27.075183232427623, 20.609434725223373, 13.654230537051363, 11.421252712680776, 34.51063186001172, 35.849253629598536, 44.24966011944718, 52.67661106401084, 54.79805328092372, 53.76928850360088, 51.04329143629096, 44.71919206881365, 36.27183348470281, 32.41404239557012, 19.276324320440448, 16.321318025443254, 75.34359404383886, 66.42202259691292, 61.528883963312204, 59.348034165587364, 55.60504472151505, 53.369542467920695, 55.32833060657632, 68.33712522970569, 73.40389479753237, 77.56489327121014, 79.61968343855729, 80.48988298735084, 74.66146557804802, 66.32259093547471, 62.502246702713244, 58.95592807544505, 57.13854416930317, 66.01366856667278, 68.59774103239629, 72.5759444881821, 90.28439227202861, 95.56802003877884, 100.40885303276015, 104.06706410993944, 112.42886887414073, 116.44599895254586, 120.49534893589107, 106.95651879752103, 104.5124183361664, 100.29419513953452, 87.7481862167961, 77.42333228379506, 69.22512097975898, 60.962662235688974, 56.814770326161494], [56.37006834396083, 63.68096949455633, 71.02311913709512, 78.0514171937291, 71.3491645440791, 63.899213206528444, 56.70613461235935, 16.193839123418076, 9.448541167637574, 0.0, 8.482630868169439, 18.980563797711195, 10.561197487303083, 6.299358637684158, 9.916057707343679, 50.06704952370375, 59.38565780862085, 67.3986212691002, 77.20892197800003, 84.87800230778547, 85.41729805839094, 74.83087503034376, 66.19925571873823, 57.701796181896704, 51.52529671987255, 19.6509739294294, 16.225144368168376, 17.317687590988616, 22.631885710766852, 31.090954212943736, 25.0593948179707, 18.665817070506986, 13.756921729892232, 10.51281822912686, 14.502493788593188, 43.3486059988924, 44.139315921352136, 51.515508564556285, 60.42690488588465, 61.91746372205024, 59.49014775020191, 55.698601657190444, 48.47929319094624, 39.4765742620064, 37.27191540273981, 26.775936441039256, 24.28223170655014, 82.65075390984347, 73.18101826665071, 67.53042461131645, 64.22687208666242, 59.49580825551898, 56.10971215040275, 56.16532023023583, 70.43620501379618, 76.50903561845958, 81.60744882526436, 84.827232787352, 86.8049249333946, 81.79187039145548, 72.35661032612451, 67.27243201548286, 62.758274277074534, 58.489013531705396, 69.23231613858496, 73.01222098610883, 78.04616348552877, 98.8573200829254, 104.34783138647806, 109.00027753803212, 112.12715817015821, 119.99498080856488, 122.99655379083345, 125.98267162545726, 110.23201255978518, 105.5781767832838, 99.6424140074929, 85.45799963154214, 74.45600284243108, 64.80296200203603, 55.37978335869082, 50.34645505121206], [64.67523602061443, 71.98911010994273, 79.32813052831554, 86.19542560371585, 79.53252563769269, 72.10552238027418, 64.87077177200473, 24.154583507704064, 17.704569726280816, 8.482630868169439, 0.0, 11.69097871868288, 5.263005772177721, 9.955538503278918, 17.180278637441567, 58.48251696738592, 67.81030220379412, 75.81964668433666, 85.54995945357322, 93.11375279495056, 93.64451539615999, 83.24197020115855, 74.65091854449282, 66.16740573176787, 60.00632305296543, 26.70209417331841, 20.874756779721505, 17.627494883651902, 18.607509129003375, 25.2807833168617, 18.487355537172373, 14.072375990972846, 13.866818391691154, 15.788117632495046, 22.071532933467694, 51.796735654752176, 51.99431195420179, 58.41239139788818, 66.97674040493975, 67.85446865274868, 64.5307457926346, 59.90343676661132, 51.8571298282163, 42.672570476372236, 42.61496886346494, 34.18834980966322, 32.6048932857747, 88.11506874040981, 78.49263539224994, 72.39508361345752, 68.18684863990323, 62.67012788244541, 58.22300749852321, 56.11763776179031, 71.3735545299667, 78.40286619898953, 84.29525291087954, 88.50208812636797, 91.3398848445567, 87.10514663174105, 76.99371136758671, 70.94487918578658, 65.65044943463772, 58.85522563997886, 71.26413776304246, 76.1233783887843, 81.999082016377, 106.54624922795786, 111.50317168987587, 115.53670008119985, 117.93186882435475, 125.2146862301625, 127.17056684167228, 129.11713808100743, 111.75748011241156, 104.79265441552926, 97.22766290779917, 81.66830476006312, 70.1790949532391, 59.46182667037632, 49.64981719351889, 45.15447583523669], [72.60715239502916, 79.87265671658467, 87.14398173068598, 93.34153538375604, 86.9816603185262, 79.69689664717133, 72.37043115673524, 32.4605457983137, 26.85025441861218, 18.980563797711195, 11.69097871868288, 0.0, 10.698371146478328, 18.39959808256281, 25.36830717311021, 68.45648716949482, 77.44058227149867, 84.97693581303929, 94.07994115196408, 100.91122854141972, 101.22112442655286, 91.76985555862987, 83.47085766104536, 75.12204188778186, 69.24228688822915, 37.98627719585236, 31.918266075988537, 26.502139036943298, 21.66684960636465, 20.774869865308258, 14.807532096699232, 18.546026009139233, 23.552617910551348, 27.12267496339019, 33.21923256908084, 61.311582808245376, 61.173116932677964, 66.77953973207917, 73.33297835417507, 73.50465126223507, 70.17689806117144, 64.9313983988318, 55.72682926738984, 46.709682663542935, 50.2613509177331, 43.118235584164374, 42.803712560786174, 91.48434216321803, 82.77056522333136, 76.84987745683178, 71.96196101800268, 65.81542547689378, 60.07654832554112, 54.133299646692564, 70.49349181954905, 78.86173143716678, 85.49414468356579, 90.5297487014171, 93.75304786209794, 90.36104174596788, 80.52313707167441, 73.92848210815717, 67.99085496331848, 57.24729900856184, 71.79530797069727, 77.8816641746267, 84.34765989073804, 112.83419668148518, 115.82201930531738, 118.50693414507359, 119.71666082955666, 126.27729959237297, 127.05115744403018, 127.84134721997768, 110.53185951082143, 99.72634334838811, 89.70495063575278, 72.37806308970801, 60.05863298801758, 48.254425202098304, 38.97134450382799, 38.973662656703304], [64.97206646484867, 72.25624818238397, 79.5697178215977, 86.14092673210466, 79.3541974891557, 71.9891878992681, 64.735738344132, 24.04981634668492, 18.48244351895222, 10.561197487303083, 5.263005772177721, 10.698371146478328, 0.0, 8.53090568431213, 16.698030470384072, 59.898078143010444, 69.26453556127952, 77.18134130929235, 86.86724129721684, 94.18776628961777, 94.47403132129095, 84.20879924300459, 75.59232147318441, 67.06668361578363, 60.91572350616384, 29.659231608255546, 24.965348448300194, 22.752486748230705, 23.426566152028855, 28.31385762088248, 21.517100554978263, 18.91795988858548, 18.855294773492776, 19.51032393933727, 24.662761981811382, 52.44656422520555, 51.426514559899495, 56.817653329477785, 64.59528270416384, 65.00541252547369, 61.33081243471882, 56.344241463856484, 47.85424789360532, 38.673755446691594, 40.23859702624297, 33.25194991738492, 33.45795716328808, 84.86455700202366, 75.14445076596681, 68.87748122669915, 64.28176317908473, 58.483711059659086, 53.64951060236552, 50.97745674749349, 66.37203986254903, 73.63104170178913, 79.7435852756883, 84.2943218969232, 87.52965616605486, 83.75516697003815, 73.27559641173757, 66.84036530940472, 61.278015959226884, 53.773041650140286, 66.53319732645681, 71.73558257724055, 77.92483349483646, 107.75232556166478, 111.39922072113472, 114.22623502386529, 115.79818399000172, 122.41614295733775, 123.59869220954097, 125.01188215472257, 106.83678338013078, 99.72314489120797, 92.44163788197355, 77.38733847641254, 66.45046287021887, 56.773598175560196, 49.2869142232802, 47.78122309899806], [56.73066646384079, 64.00044094658175, 71.3109101114939, 77.99039499400814, 71.07999692209137, 63.69979356432561, 56.48562838626308, 15.795156624934998, 10.774370269328875, 6.299358637684158, 9.955538503278918, 18.39959808256281, 8.53090568431213, 0.0, 8.51680944942142, 51.80936809569522, 61.19609179640675, 69.11461074456602, 78.90947305415037, 86.30573026796621, 86.5328305741294, 76.0548856521269, 67.36954185438877, 58.81267805871153, 52.62980717146932, 23.754808850134783, 21.6508245845425, 23.126810476442163, 27.440752049926495, 34.29300150327011, 27.932531587993186, 23.11703170732328, 19.26893300344171, 15.873366012537227, 18.384185188938506, 44.045716209472104, 43.00031850502558, 48.95062591682887, 57.033598127263375, 57.93634561947656, 54.97440862966742, 50.72052932600406, 42.97870310699197, 33.87188558922568, 33.45815312077265, 24.90498426180964, 25.25294451120536, 78.46220236415805, 68.70960696273067, 62.76368350647041, 58.97514963909182, 53.90644681835905, 50.14462195057049, 49.93994823465583, 64.25612529009229, 70.49471640424656, 75.82399813366317, 79.44061951059066, 81.94257902379839, 77.4718739856215, 67.44289742078767, 61.8546201467194, 57.028412496669176, 52.28619887999053, 63.25140357080589, 67.36926544922824, 72.790619343943, 100.56443029778234, 104.45417858748827, 107.58569195875262, 109.69205920718605, 116.72341955954916, 118.77254838765421, 121.12975217928758, 104.23077176430529, 99.70466700113062, 94.31577098972727, 80.89864906529817, 70.65046024662504, 62.29386308843144, 55.463144261538595, 53.51331441697971], [48.298068179975424, 55.57464437147506, 62.88622831561785, 69.54328570301627, 62.71448153224724, 55.32670518440413, 48.086448469108106, 7.369298126493866, 4.357952746692877, 9.916057707343679, 17.180278637441567, 25.36830717311021, 16.698030470384072, 8.51680944942142, 0.0, 44.28345092766071, 53.41127058793068, 61.07183326311783, 70.66655149378553, 77.89734574226696, 78.0647413981013, 67.74722063793314, 59.14750491989338, 50.64055957802863, 44.592021699240604, 20.54224016144875, 21.718802689678498, 25.99378693541072, 32.05423648817078, 39.34022484413197, 33.763245400539816, 28.414943975807414, 22.845330080512717, 16.61700504717977, 15.150114781820827, 36.25736918356345, 36.13755973205324, 43.39874929439472, 51.06128592664617, 52.69561382255501, 51.28170916684636, 48.14811259608357, 41.283994156121345, 32.67206523078772, 30.400839025197723, 18.710786921358597, 18.439067245817476, 72.97433958826512, 63.907313215532106, 58.797454738085435, 56.20080374058446, 52.14370857917524, 49.5275478777466, 51.01259783232168, 64.2007171635697, 69.51718858218774, 73.91556058279255, 76.32228021363197, 77.5860429488623, 72.18593976661215, 63.42280527993066, 59.18320779039245, 55.34521076918593, 52.86721493434869, 62.11157890938421, 65.04472790841783, 69.36019993300657, 92.26001166373206, 96.27312290091717, 99.95791388331997, 102.80832669253114, 110.55559230815061, 113.82474438436299, 117.34955471148054, 103.03414574755033, 100.30823468677873, 96.21202898073999, 83.98445032974627, 74.04498352727711, 66.54225606973388, 59.789155935266216, 57.60819101205336], [19.625631502277066, 23.846225826771537, 29.46188748934769, 38.69933268029713, 32.66555878446946, 26.78110509933311, 23.69089425882854, 37.44721020947507, 41.78461586208391, 50.06704952370375, 58.48251696738592, 68.45648716949482, 59.898078143010444, 51.80936809569522, 44.28345092766071, 0.0, 10.121836478300317, 19.310256435584325, 30.968005807747982, 40.860595115116, 42.13489375356407, 28.456656234279563, 19.595540960486314, 12.467207516214566, 7.818061577799771, 35.07645301563689, 44.47661948235021, 54.31601950120515, 65.0922498483733, 75.81058166759524, 71.92447892646437, 63.31055188745296, 54.09662954880126, 45.76350721689694, 37.5537540979198, 10.877864621486978, 23.38784928014182, 36.28246194139912, 45.78659515995521, 52.043684652560955, 56.61532769342014, 59.77861519750846, 60.79852546064875, 57.29301291408751, 44.41595098151286, 33.040636153836786, 26.94726022340537, 71.41125679095596, 64.83032791561006, 63.701905990114575, 67.269174618748, 68.65081844503136, 72.03449640260028, 82.18824890233094, 88.79433067487167, 88.63433940638811, 88.37442551143215, 85.14935301857514, 81.39375593461396, 71.87545502133523, 69.11207749209689, 71.42272026627495, 72.67793211724357, 82.26278007120426, 82.36819608305974, 79.26054185432031, 78.11003077692236, 60.73557431361548, 73.5255554607166, 84.56212283306252, 93.90488103887226, 105.61443906572364, 115.82198537615258, 125.2907403240499, 119.81475954445627, 127.97730565750592, 129.97719160100627, 122.2616364258869, 113.71226220764031, 107.8076929435531, 99.15128405952997, 91.17690790164964], [18.388372843397782, 19.599977272750827, 23.33360254509271, 32.49645439596112, 27.94357728684717, 23.787445836683197, 23.291479012395243, 46.38762453367019, 50.92945963379696, 59.38565780862085, 67.81030220379412, 77.44058227149867, 69.26453556127952, 61.19609179640675, 53.41127058793068, 10.121836478300317, 0.0, 9.384778037881182, 21.218664198946595, 31.553887110003078, 33.20175888178862, 19.259495729940102, 11.412587789275225, 8.6653219938, 10.683173889051606, 44.57696093763326, 53.74921760234276, 63.278850299532046, 73.71765278661064, 83.9978545369089, 80.55978040148246, 72.26988064043803, 63.311690375961106, 55.20460547436169, 47.106174414517035, 19.135326945186513, 30.69919809950184, 42.430220709067484, 49.672852716396925, 56.379701005302664, 62.488511732733826, 66.57800249923727, 68.32558213356289, 65.53444204031322, 53.073484359896646, 42.311539620200975, 36.706329093230586, 73.05398591295419, 68.23001012916599, 68.44342247887407, 73.10338019576508, 75.34462700254856, 79.31979181025153, 89.70761684186154, 95.4139845862231, 94.60097146413214, 93.51008642473546, 89.1612693179804, 84.04150823056797, 73.8457899684769, 73.28029542358864, 77.00473694712629, 79.10473396837119, 89.52645112551951, 88.54575199677848, 84.57983694946185, 82.27123243191083, 52.17146726222836, 66.95656783604633, 79.97234512096666, 90.94291886292359, 103.68256193065882, 115.64210337143584, 126.46735907613518, 124.26432416698556, 133.5553056497964, 136.23852275768823, 129.2030355799971, 120.79269329803874, 115.2142695744956, 106.42516897687474, 98.32107828105389], [19.52399515236382, 17.405363724479706, 18.340212577780935, 26.582799628322448, 24.135343681812987, 22.272579042800633, 24.265060504744696, 53.899562801850664, 58.718431278580034, 67.3986212691002, 75.81964668433666, 84.97693581303929, 77.18134130929235, 69.11461074456602, 61.07183326311783, 19.310256435584325, 9.384778037881182, 0.0, 11.911916602914706, 22.401595437775615, 24.29648766924147, 10.551101855026328, 6.47372657763185, 11.795531116396962, 17.397501517137076, 53.33736587176703, 62.3429789733299, 71.56258545681224, 81.54333938304293, 91.17510534814163, 88.09929297591194, 80.30797465882515, 71.67635505798216, 63.6882802702939, 55.65369006961118, 26.954810023424056, 37.65363085602713, 48.34716308471113, 53.10263463096697, 60.00331301836392, 67.49302342362094, 72.27110850055375, 74.43680394359916, 72.24180004799848, 60.54368146828111, 50.17096213927688, 45.1637522195745, 73.6560179083695, 70.71473897977762, 72.2070540410587, 77.74989390802615, 80.68078846470787, 85.05147346653848, 95.36524711507055, 100.27320737178069, 98.97215993793652, 97.1690349179631, 91.84441934490543, 85.44434622802477, 74.74071791638228, 76.33188808971785, 81.29539795817696, 84.09372072697202, 94.94801970046294, 93.09849179686375, 88.45674338144119, 85.12391091174231, 43.67304162429334, 59.68377266425719, 74.30626864068469, 86.6617562788821, 100.29185696044819, 113.81016737461292, 125.831085161541, 126.96020598015038, 137.00360657381904, 140.27240410014542, 133.97025727393495, 125.79142434693058, 120.71595534640085, 112.17785336456626, 104.56192577966985], [25.94331507539923, 21.259763685082415, 18.394162312812426, 23.100189948457025, 24.608658385725963, 25.846076398341566, 29.83632438394572, 63.45363621776835, 68.40824350397585, 77.20892197800003, 85.54995945357322, 94.07994115196408, 86.86724129721684, 78.90947305415037, 70.66655149378553, 30.968005807747982, 21.218664198946595, 11.911916602914706, 0.0, 10.960510112137396, 13.824498290729826, 6.729543194960784, 13.730201149720495, 21.63172965138826, 28.008912421537325, 64.04462185051037, 72.7554582343753, 81.50289318494681, 90.8300822638823, 99.59089222331724, 97.02662062255138, 89.90061692554589, 81.74589540278409, 73.9975912987261, 66.13000768396893, 37.74303767031415, 47.929701540484736, 57.765228112022626, 59.87843405293845, 66.77273428069051, 75.59228524382506, 80.89549349471169, 83.21750345157336, 81.47826417472719, 70.81301359361794, 60.518215773809565, 55.850944435649765, 76.56926683576543, 76.01216131351302, 78.88760010128368, 85.20734062412191, 88.71861773264428, 93.30396510242953, 103.11552736665568, 107.3563516364208, 105.71969049146179, 103.24249074229868, 96.94487775593873, 89.10733870654693, 77.97648004875107, 82.08470618414404, 88.26976588718476, 91.68439487715095, 102.49042761175009, 100.01112543721378, 94.81693721805229, 90.44976358380434, 32.58441539501005, 50.83887187975139, 68.0696612945198, 82.33515465162431, 97.18771394347877, 112.6942625175766, 126.13310452669448, 131.59202706953894, 141.94138270674733, 145.55115997154445, 139.8851987753912, 131.85232704828445, 127.21059156483796, 118.7787881119724, 111.65537536552874], [31.665610040340187, 25.826707330735818, 20.834914587749363, 20.854707640479575, 25.856694436837728, 29.355876891292127, 34.40236335356968, 70.67764741496313, 75.90783486382166, 84.87800230778547, 93.11375279495056, 100.91122854141972, 94.18776628961777, 86.30573026796621, 77.89734574226696, 40.860595115116, 31.553887110003078, 22.401595437775615, 10.960510112137396, 0.0, 4.506953624199164, 13.683874658920153, 22.31281014702183, 30.182646704101025, 36.75561831756095, 73.11467278099381, 81.64490263985594, 90.02054360235759, 98.68956572639647, 106.46732485611021, 104.21722608229848, 97.86317381565668, 90.17945676552854, 82.51639622976526, 74.75230555025847, 46.310004436743334, 55.65481900462324, 64.56445081683175, 63.99123560767482, 70.69015117088408, 80.67162201104209, 86.36716354881479, 88.74274697137744, 87.5228037483723, 78.14854154693927, 68.19436308608884, 64.30882761379463, 76.59417079512802, 78.34505850494587, 82.48779124897243, 89.42364402098293, 93.42948897109636, 98.15132483195156, 107.37421452330342, 110.8395409207648, 108.91011940720057, 105.82858660691878, 98.70294685806105, 89.60225393572468, 78.26515270553843, 84.68886728936309, 91.93425484833963, 95.88631351153349, 106.51963456356894, 103.4029003005799, 97.75815179885421, 92.47809917801891, 23.040317723580674, 41.1119069071485, 59.991781744664394, 75.63211035651501, 91.35911797261168, 108.42725690563485, 122.9957769625191, 132.49343471003704, 143.0295023431218, 147.1105698935745, 142.36556199003343, 134.75497510237128, 130.93724988000133, 123.3258790410317, 117.56598898123954], [31.030915964079576, 24.712907633504983, 18.9899955929042, 17.317841385913514, 23.250199138149007, 27.585480039015977, 33.12063750070915, 70.8135813550941, 76.30454795144244, 85.41729805839094, 93.64451539615999, 101.22112442655286, 94.47403132129095, 86.5328305741294, 78.0647413981013, 42.13489375356407, 33.20175888178862, 24.29648766924147, 13.824498290729826, 4.506953624199164, 0.0, 14.545647826696028, 23.014309056214437, 30.749259109986205, 37.34995439774774, 74.35254492956592, 82.9662405426164, 91.3817234767403, 99.95580025052045, 107.48020558381432, 105.11277341456082, 98.97613736482418, 91.34939773006354, 83.54532035404661, 75.7196909632111, 46.66839442439185, 55.17763839206641, 63.43146320300698, 61.734645390705175, 68.3267197147747, 78.70401303755906, 84.58761838796683, 87.12158100413943, 86.26691250655172, 77.4027901879468, 68.00007842962775, 64.8334384899826, 73.01344850030044, 75.39025601905685, 79.95204413439235, 87.12790874086721, 91.3741877513538, 96.24152650129126, 105.5037608175314, 108.45154700049976, 106.28642177568305, 102.94708008553012, 95.53927782059408, 86.10864712968436, 74.7511628338911, 81.82681604322194, 89.44980055655566, 93.6486655805779, 104.51745681752853, 100.9191622856987, 95.03953224015476, 89.43575801951734, 23.329372008316383, 38.03440861482483, 55.93213094646766, 71.40703556408288, 87.02463855932658, 104.17468676763166, 118.8956236159232, 129.10724658934487, 140.08197596625743, 144.67545507283484, 140.58301804735538, 133.39414189867904, 130.2056985879774, 123.4685301077692, 118.73541115809303], [21.24240810809476, 15.724780946210286, 12.326439852994135, 18.126427248298878, 18.466858352303404, 19.917317415313185, 24.609262114373706, 60.42667351965627, 65.7972795756554, 74.83087503034376, 83.24197020115855, 91.76985555862987, 84.20879924300459, 76.0548856521269, 67.74722063793314, 28.456656234279563, 19.259495729940102, 10.551101855026328, 6.729543194960784, 13.683874658920153, 14.545647826696028, 0.0, 9.228522257732328, 17.761268366863582, 24.419244902704154, 62.24738449607552, 71.25975220508876, 80.31257391937251, 89.82409949273928, 98.62914352525203, 95.66978145456379, 88.5372412456524, 80.21991821758374, 72.11915282302304, 64.03692542577123, 33.962801923950764, 42.8763382802679, 51.954494233446624, 53.47153399497194, 60.37254586886046, 69.36644112150768, 74.9006328065368, 77.5984290414216, 76.31622289346292, 65.78869458689257, 56.43185430057448, 52.83061550793097, 70.27754727246086, 69.49424935508671, 72.45547568250383, 78.96203607506479, 82.71788332107279, 87.58304355408583, 97.93148252487983, 101.57542619638392, 99.59495775553343, 96.92502578491087, 90.50969299952939, 82.7511030179857, 71.66213546363086, 75.65435327732708, 82.01501887545795, 85.65180205989093, 97.16943559089681, 94.04031564646249, 88.58570437267483, 84.0786497526739, 36.24479744260799, 50.70560701407226, 65.56030901437599, 78.76192398288546, 92.88530482690726, 107.68329335761227, 120.79933263662313, 125.35784206607548, 136.5597673175908, 140.92882392686153, 136.01110450457017, 128.5426659081243, 124.64465066910854, 117.40791958773914, 111.48652408243953], [14.28768596028556, 11.162831958962522, 12.481037298096782, 21.34367763047252, 17.92137546163472, 15.866327651383575, 18.508055536975732, 51.83359249253153, 57.18942709985638, 66.19925571873823, 74.65091854449282, 83.47085766104536, 75.59232147318441, 67.36954185438877, 59.14750491989338, 19.595540960486314, 11.412587789275225, 6.47372657763185, 13.730201149720495, 22.31281014702183, 23.014309056214437, 9.228522257732328, 0.0, 8.650642971727132, 15.249809785161188, 53.46704204088786, 62.63279818095897, 71.91194923707371, 81.70709226239481, 90.90438873506395, 87.61324422043276, 80.19673941862887, 71.66898883679478, 63.40284172566975, 55.2248717540927, 24.780956673292074, 34.21343032851215, 44.23184200726962, 47.50723846476346, 54.41630336207541, 62.517031062224135, 67.55830405944786, 69.88785947285838, 68.1551564531908, 57.14975478343337, 47.47460775803565, 43.77387415835765, 67.25603963604593, 64.71818375600544, 66.61733127301817, 72.4527859711774, 75.66691845185545, 80.22770047259345, 90.65109124109307, 94.9821719864881, 93.4413609068578, 91.39112447480392, 85.80788845739309, 79.13870448472629, 68.37146675251964, 70.43927920628627, 75.80428007014557, 78.8814191955981, 90.06689596180323, 87.66164424377435, 82.76435757906467, 79.12645635512747, 43.82372802539457, 56.604714964687496, 69.45539767090273, 81.07291017371212, 94.29827347329429, 107.49016276059162, 119.43025765008957, 120.85243478446955, 131.3215136152535, 135.19161922855562, 129.6773897545093, 122.04482873114534, 117.83323759992973, 110.59789905690779, 104.61143408558878], [9.796337892689543, 11.777596066866064, 17.11579210632248, 26.32239563950844, 20.80754599079505, 15.612249302380068, 14.645370334697379, 43.341602346978874, 48.692091750890995, 57.701796181896704, 66.16740573176787, 75.12204188778186, 67.06668361578363, 58.81267805871153, 50.64055957802863, 12.467207516214566, 8.6653219938, 11.795531116396962, 21.63172965138826, 30.182646704101025, 30.749259109986205, 17.761268366863582, 8.650642971727132, 0.0, 6.6911570355036485, 45.230493945852075, 54.4632911947157, 63.83314064239433, 73.71728414530429, 83.07269077019643, 79.52429356843176, 72.01327537800586, 63.41638125020762, 55.0251546861141, 46.79649348092403, 16.265021472885273, 26.84956247840406, 38.197115193888045, 43.051185393450496, 49.78849246813781, 56.94858480802797, 61.30196353223754, 62.934517501550104, 60.58128961885419, 49.4389642456633, 39.016518481205715, 35.1408523190197, 65.07981021737001, 61.08159625913178, 61.932849240956976, 66.94361999365168, 69.46638574791706, 73.51829963633237, 83.60444247186685, 88.8088930240476, 87.90200814773466, 86.5668065306972, 81.89584336122701, 76.26905077152469, 65.92055129560461, 66.20879037909671, 70.48114647163143, 72.87375500558981, 83.23062153706206, 81.83888788243614, 77.66776466073586, 74.97053599616888, 50.41095910899912, 61.573684944501416, 72.74544798827019, 82.92996268252749, 95.38204410121936, 107.10132486103885, 117.90415071991158, 116.73180162466387, 125.98538802267683, 129.11986366436386, 122.90880091710912, 115.05130960247055, 110.50979977889448, 103.28270685274042, 97.43583548980777], [11.873677767073897, 16.617414398105286, 22.89528889721658, 31.905640299270768, 25.55411734587601, 19.237812752967237, 15.897984814897075, 37.356666895478924, 42.602080755323556, 51.52529671987255, 60.00632305296543, 69.24228688822915, 60.91572350616384, 52.62980717146932, 44.592021699240604, 7.818061577799771, 10.683173889051606, 17.397501517137076, 28.008912421537325, 36.75561831756095, 37.34995439774774, 24.419244902704154, 15.249809785161188, 6.6911570355036485, 0.0, 38.894188892804046, 48.23959274242109, 57.78919535781122, 67.90789617601145, 77.61007088682618, 73.78186630796736, 66.01137521074665, 57.23829213049476, 48.71983337560762, 40.42330507500525, 9.735143405292447, 21.708808261765665, 34.1917906226179, 40.93591499581299, 47.40670843067999, 53.42906577779136, 57.135965494533764, 58.26669134959551, 55.36020583786821, 43.78672574601803, 32.790298407107755, 28.57999003543343, 64.91148199685587, 59.52112096868934, 59.341667161327116, 63.56734864996018, 65.46888715071071, 69.11487262992337, 79.09320579401057, 85.00598549556106, 84.57165814261474, 83.84553755383916, 79.99203420961297, 75.38043610028062, 65.50890947433905, 64.1080364271594, 67.3347398970703, 69.11138684297164, 78.9155007707279, 78.33318416253137, 74.77705396570852, 72.93665824913393, 56.4455713500114, 66.91011789050565, 76.96793123110167, 86.09242951225184, 97.84770269115384, 108.35755719953984, 118.21067507791027, 114.626821938198, 123.09045777668882, 125.6883590107855, 118.892663005839, 110.8552075539565, 105.9647919123179, 98.64344102105977, 92.65189546375152], [47.01217777000589, 53.9126390324363, 60.989638434479794, 69.29412876022543, 62.60779355711612, 55.27366076863057, 48.860779660671746, 19.36253234713667, 16.75642588857773, 19.6509739294294, 26.70209417331841, 37.98627719585236, 29.659231608255546, 23.754808850134783, 20.54224016144875, 35.07645301563689, 44.57696093763326, 53.33736587176703, 64.04462185051037, 73.11467278099381, 74.35254492956592, 62.24738449607552, 53.46704204088786, 45.230493945852075, 38.894188892804046, 0.0, 9.666616326762947, 20.055876068883084, 31.77144711625281, 44.31814352243521, 39.46007057232851, 29.36172522092113, 19.48053677150496, 11.500814919450969, 5.517757996194287, 31.42445982891311, 35.63368970875789, 45.93001025501612, 58.30441823328285, 61.597253944254085, 60.33271919489512, 58.59617412198134, 54.54420458874541, 46.8681738643647, 37.43990248020968, 24.175445597365893, 14.762287853198671, 84.55372389849515, 74.71029