{
	"dissimilarities": [[0.0, 7.364610130482676, 14.760288294411499, 23.240967636856993, 16.800358333096234, 10.581900436937827, 7.000701843170654, 40.94490970819711, 46.879482408750185, 56.22058366577958, 64.53229152829212, 72.76902888822391, 64.95690448924341, 56.68242271599944, 48.30446797162739, 18.24576367082074, 16.842071961377822, 18.19244208824096, 25.303217471043045, 31.683222967294302, 31.02517665593956, 20.58343871731033, 13.278127925966976, 8.740453281103504, 11.053866047931331, 46.42412296422038, 55.341771461578126, 64.26090177977854, 73.42900103739625, 81.71872191828162, 78.12817445032213, 71.53834389036692, 63.48731227212641, 55.0878614230454, 47.05168830127211, 17.212698089922625, 24.954623479706882, 35.059874818500774, 37.57332020793273, 44.77689462253547, 53.49580857601252, 58.07002713201292, 58.66704462972807, 56.260033115409335, 46.24480238503927, 36.66667698194569, 34.85904610561901, 59.16821516810459, 57.22241361685123, 57.57031121289447, 61.81468688521622, 65.35870759537508, 69.29039549320551, 78.5820794432036, 83.68131450963487, 82.90614372838063, 80.51385486624179, 75.64271422992658, 68.60814835314898, 60.081942915979994, 61.40687346641294, 65.24993451465994, 68.53236361124875, 78.06792629259066, 75.84780358797143, 72.59638382070077, 68.66895502372357, 50.073353474564584, 57.546373777133894, 68.09709567331679, 76.91381679638874, 89.05723531644213, 99.10639005478215, 110.66442501871815, 109.54792771776039, 118.34134862404288, 121.40951777378169, 115.80956515596549, 108.10582365053706, 103.53582695521808, 97.02591371785743, 95.41140025455262], [7.364610130482676, 0.0, 7.673242647872997, 17.273123159075258, 11.756257878014923, 8.654994936163106, 10.771979307566507, 48.30473790813769, 54.18650726218306, 63.506423006832705, 71.84078960378399, 80.096867424419, 72.31757634928282, 64.04037785239873, 55.66793433617904, 22.07869596017967, 17.20457032545751, 14.81057112799304, 19.62294938322672, 25.351556525956134, 24.38853913355888, 14.07711843861697, 8.807275480191135, 10.1649751951688, 15.561653434469651, 53.10696035729368, 62.12428213420057, 71.13276932344516, 80.39731698015957, 88.7260993663004, 85.27651245250262, 78.62040005134496, 70.49409279398466, 62.11629972902473, 54.0266948124253, 23.358175359818112, 30.464942507247805, 39.31112946537656, 40.587384506744534, 47.9446285188428, 57.40711963093169, 62.66567122945737, 64.14314586692197, 62.443548018445384, 52.352688127969614, 43.655779052147984, 41.86231205635857, 60.27181453055123, 59.48671781348119, 60.77980729842587, 65.86159567482808, 70.06047628957785, 74.56079590588766, 84.41616931695083, 88.56576255421935, 87.09087540676988, 84.02345639288995, 78.28976240504649, 70.35733809555359, 61.43585760051237, 64.28042547974428, 69.16174897164717, 73.09533077489083, 83.6903933758699, 80.39306113875577, 76.358694436805, 71.57395363558975, 44.87157794080525, 53.241574719386534, 64.98609568553141, 74.97854937851115, 87.70639259514705, 98.99457322051968, 111.54928920385083, 112.50922270662717, 122.72224898920658, 126.65814154466842, 121.83054554950455, 114.45059323172623, 110.25013693953903, 103.88209063582364, 102.05693978024637], [14.760288294411499, 7.673242647872997, 0.0, 10.435279283762412, 7.545115685276732, 10.369959614685973, 15.934766990547368, 55.5636242575114, 61.604907034488946, 70.94892386544895, 79.22425762753866, 87.17554647381768, 79.55737025283173, 71.29560687195064, 62.88658760574259, 29.074401016614374, 22.675554087808976, 17.316187281620397, 17.338767576169047, 20.32489688632762, 18.40805101736992, 11.34185274144789, 11.844199438444333, 17.023517387029806, 22.94689249940471, 60.77392737639365, 69.76865333327913, 78.70093068117643, 87.80411294753303, 95.82600882616342, 92.52304279199227, 86.09589988615495, 78.08257508853185, 69.73918914935749, 61.67479144958895, 30.855721032057655, 36.86999309125177, 44.24491188915288, 43.42000880438069, 50.79767025574148, 61.195952482458, 67.05850965690733, 69.1284683119192, 68.10705205266622, 58.54673492091522, 50.73836894432112, 49.45028881917606, 60.10110899712331, 60.892487786263764, 63.34904639788666, 69.2584245694214, 74.07235025712929, 79.02994262712164, 89.1235148728171, 92.22286300503411, 90.11485840427969, 86.37001771673667, 79.72174555917915, 70.72676510882326, 61.521035872171225, 66.27167391804835, 72.30019400246258, 76.83414252647893, 88.16045175145649, 83.78529050753184, 78.99941702852009, 73.31122152724546, 39.99907833627157, 47.61882275412025, 59.95453601710263, 70.90419721139527, 84.13701016509147, 96.67372327545921, 110.217087514292, 113.89238539217415, 125.26745881654544, 130.10892139082537, 126.26646646472787, 119.37166774918448, 115.82303539741942, 110.0727183164392, 108.74143425600748], [23.240967636856993, 17.273123159075258, 10.435279283762412, 0.0, 8.199605619320362, 15.234035781582671, 21.703887005640514, 62.41468367876809, 68.87739150080962, 78.24420174579251, 86.27061732484177, 93.29430753731373, 86.13620889256828, 77.98669011370454, 69.5412920551187, 39.26419406197812, 33.061496572973, 26.970178349968492, 23.127414154799887, 20.825831095637, 17.18151452981753, 18.638293100454344, 22.082094822350122, 27.228896463658366, 32.78443569081233, 69.6085941324761, 78.37409485734078, 86.9311895760342, 95.4002281150691, 102.46688181035623, 99.35994152936016, 93.70985061559361, 86.16282461496236, 77.9166728424639, 70.03549518178761, 39.908442138392424, 44.2791349035409, 49.8475848223537, 45.35631821274864, 52.55911597564117, 64.32321447906187, 70.66050278200451, 72.81348979391488, 72.46412340992113, 64.55080618039824, 57.77100988738714, 57.71039054110698, 56.80150704927443, 60.12678638022847, 64.23304936015693, 70.98337721241482, 76.35354712625643, 81.5594954116481, 91.22087806830709, 93.03129571082276, 90.42309933783454, 85.98875302739361, 78.29506270135333, 67.81598041456448, 58.505604254497996, 66.07662910145942, 73.51630892630503, 78.5661731742282, 89.96447950270557, 84.48552675228008, 78.99355049990483, 72.27172456934052, 36.58400075115729, 38.80283202458045, 50.15064608468219, 61.627255954492135, 75.36062091090012, 89.26787081002217, 103.83769595031613, 111.68959513892264, 123.61364849179176, 129.40506898629133, 126.9777094474971, 120.89959724247784, 118.56688998539313, 114.33904546948908, 114.78320723121523], [16.800358333096234, 11.756257878014923, 7.545115685276732, 8.199605619320362, 0.0, 7.503020736379518, 14.679192950482701, 55.51752956213007, 62.10135197995317, 71.50821554365177, 79.60183858624941, 86.92094719094284, 79.3344151053036, 71.07300330188856, 62.706230687732976, 33.21810915331518, 28.462113135266556, 24.436632975549905, 24.61073516018622, 25.762552358668835, 22.924306409737262, 18.702847449080096, 18.486010575574277, 21.583199483880627, 26.354216018890583, 62.8915013442235, 71.80671567621945, 80.62410543914554, 89.40473778527998, 96.87605476707228, 93.36898978349865, 87.42546209213404, 79.64789268085994, 71.19574913155121, 63.21359970712936, 32.66183109599249, 36.1622047448669, 41.73739750519058, 38.22938795591368, 45.55437251990871, 56.8403949607222, 63.014640451024114, 65.2230566484239, 64.85055830588115, 56.48572943713548, 50.06969257971542, 50.46737816115226, 52.87270574686639, 54.47683533466503, 57.6824008629796, 64.05091785020731, 69.22179455158853, 74.41840079165277, 84.58139135572037, 86.74991282621733, 84.26932819581788, 80.17150941294729, 73.0904712316693, 63.61506479895786, 54.3620722763681, 60.1007840932764, 66.82535087451075, 71.67976558638577, 83.38944366336226, 78.17628638425313, 72.9687498313449, 66.81414334641887, 43.42170720399175, 45.92518027160507, 55.33494084838209, 64.8182019112393, 77.34459637503981, 89.34925273920125, 102.83576770947717, 107.05888347633363, 119.06045417806773, 124.77181445501428, 122.05822778663374, 115.95607297949125, 113.48707527768565, 109.43298195587397, 110.04971258989258], [10.581900436937827, 8.654994936163106, 10.369959614685973, 15.234035781582671, 7.503020736379518, 0.0, 7.431057679263023, 48.08044394058288, 54.689197907178496, 64.09953301432517, 72.20489519490911, 79.65820600461365, 71.92428954467124, 63.63467787965914, 55.288846309466116, 27.770201838456718, 24.93964178242767, 23.351027835255604, 26.77608536926817, 30.158342100937716, 28.080105950604853, 20.868784208165003, 17.1367326546302, 17.056329305728767, 20.527049441077157, 55.748759530811455, 64.62708420048935, 73.45425814416211, 82.28061437353955, 89.89501002595507, 86.20769782044442, 80.17705103170157, 72.37017461910705, 63.87315652176024, 55.908756457305444, 25.784703195460228, 29.31811449926579, 35.944699448742895, 33.94175596802833, 41.371525885127326, 51.98145737971896, 57.62013378098178, 59.20813166319401, 58.25217402334118, 49.61607782476068, 42.626267314990585, 43.087613549670316, 51.80509506836409, 51.782632450423435, 53.86280335703672, 59.461938971090014, 64.07182160085347, 68.84907926660559, 78.79490654675739, 81.91676898192374, 80.05096750814306, 76.60913607158103, 70.4205606223244, 61.99060109363306, 53.017339665245416, 56.833148308083416, 62.47936217096911, 66.77072104829345, 77.8024674217669, 73.56426110680746, 69.07330436232814, 63.79283145735568, 48.085832399909684, 51.19673662982208, 59.83558184541015, 68.14425415300599, 80.03482558770618, 90.62032184493907, 103.03038642861263, 104.49067125027338, 115.33432440349219, 120.23568139667688, 116.68749107761437, 110.21562285821781, 107.28814059865685, 102.9537354527225, 103.50948838836483], [7.000701843170654, 10.771979307566507, 15.934766990547368, 21.703887005640514, 14.679192950482701, 7.431057679263023, 0.0, 40.87689695461732, 47.47015781394719, 56.87083402643908, 64.93133620368987, 72.31947772303711, 64.70494881067154, 56.460280783268466, 48.06385761726222, 24.265658960953623, 23.745298955648085, 24.450144842174534, 29.81927566661023, 34.36885134944213, 32.918771319372475, 24.706943439205, 18.905997535673833, 15.518723583495388, 16.93948430178894, 49.148117018947396, 57.80008344251746, 66.39411713845138, 75.00294854405907, 82.48591429314816, 78.80402561510428, 72.90965017908289, 65.27332617660973, 56.87238504020229, 49.04565488552707, 20.57295146250559, 24.98628235617818, 33.29439359479905, 32.80738841795928, 40.11256195743125, 49.89841343152366, 54.70258055186518, 55.11204626493387, 53.15382202984995, 44.63594852263071, 36.27569868885275, 36.49293512362826, 52.76081177622553, 51.57676296497317, 52.59295555707129, 57.19149990252274, 60.98911847061695, 65.01745049242645, 74.0849376539696, 78.49976526484028, 77.56816451663082, 74.94798384993996, 69.74254006814225, 62.22160577825859, 53.69859078531361, 55.92507591893991, 60.36806644927682, 63.84798042958931, 73.3773599309131, 70.57803423632464, 67.06910357014156, 62.7824450526062, 51.4748876870496, 55.01300652660915, 63.34240239405084, 70.96894677510686, 82.6020931663029, 92.22307849051016, 103.67434547931596, 103.40785856224792, 112.27171659491013, 115.90845597828269, 111.22572655328099, 104.17748265233828, 100.62479371344487, 95.75544471283297, 96.19924135027264], [40.94490970819711, 48.30473790813769, 55.5636242575114, 62.41468367876809, 55.51752956213007, 48.08044394058288, 40.87689695461732, 0.0, 7.603040081858309, 16.512773885254468, 24.28461977349635, 32.62598973074969, 24.044798325642947, 15.741159399520894, 7.425112519523121, 37.43424502021979, 46.33926709815968, 53.819107081669884, 63.44003149293476, 70.73101885817584, 70.74639203620687, 60.34680607227133, 51.77852309636838, 43.35245916367462, 37.443154425084714, 19.495116534979726, 23.604572854929405, 29.839371076158205, 37.25590615625142, 45.06016997212528, 39.889264302440324, 34.02010778078181, 27.349619021372767, 19.77825863384757, 15.162883265378456, 29.22226338008978, 29.45957511312731, 37.58633569562379, 45.72683029842233, 48.576002098067626, 49.106709002246305, 47.40035729673745, 41.020653995426876, 32.67697927658433, 27.15546048166998, 13.398157618620779, 13.045157338424017, 69.47781964499522, 61.856900564548525, 56.58980955966412, 54.25539980429513, 52.22367755003089, 50.899891961354946, 54.16330725942, 66.17483722455326, 70.44024452696267, 72.90744416536307, 74.20776966211895, 73.6543423739137, 68.94535228783204, 61.50086334238125, 57.787144801151626, 55.778841152565356, 55.544243764546096, 62.02711217876652, 64.75741063666096, 67.05028646531382, 85.41706678950376, 89.89517039581261, 95.41060915911044, 98.68994188830855, 107.087323262807, 110.2681303432061, 115.68930395299559, 102.24606856810905, 101.54647098149354, 98.47873829403197, 87.3563604430705, 77.39955811721309, 69.7376290639499, 61.960164596594296, 61.89662206641595], [46.879482408750185, 54.18650726218306, 61.604907034488946, 68.87739150080962, 62.10135197995317, 54.689197907178496, 47.47015781394719, 7.603040081858309, 0.0, 9.41185660010319, 17.73210123176309, 27.562518930407215, 18.903078789617474, 11.287638669577664, 5.760373156115061, 41.218427401704574, 50.40220636579749, 58.26978536891473, 68.13771313127441, 75.83723904588524, 76.18001224461032, 65.50915111837469, 56.88192199642071, 48.41895749474476, 42.34134180088242, 15.562663257241287, 17.029091207121713, 22.344789906448145, 29.928177204716434, 38.66398431812972, 33.269234882142094, 26.601212274688894, 19.76400794836966, 12.623639525932052, 10.364120399884694, 34.2190045508622, 35.35787900070877, 43.553187963180775, 52.83350896819721, 55.3703533758022, 54.78526501463815, 52.364533144026204, 45.611008436195256, 36.7652752076817, 31.540102028336502, 18.911562985807016, 15.875542608751047, 76.75925171672051, 68.71427721528826, 62.92885315209707, 59.92027512971318, 57.21103802517966, 55.169151935830754, 57.308857626726876, 70.3777817588874, 75.30794217910724, 78.40356313319528, 80.43906522279663, 80.56791244039397, 76.1529794719585, 67.98805857919535, 63.447801283526864, 60.81537405384854, 59.08571641620298, 66.95147547627916, 70.4297229665335, 73.40909875042844, 90.22513676795123, 96.03755103024862, 102.23716120787469, 105.7828868954961, 114.27074304208988, 117.24632942271197, 122.1939651921955, 107.47777160162106, 105.28976395947558, 100.80035353765814, 88.1340869872943, 77.30834360102277, 68.14115571387384, 58.25831336235986, 56.06571875447732], [56.22058366577958, 63.506423006832705, 70.94892386544895, 78.24420174579251, 71.50821554365177, 64.09953301432517, 56.87083402643908, 16.512773885254468, 9.41185660010319, 0.0, 8.581774396893337, 19.926741801319203, 11.407522584231598, 7.404176058834029, 10.721096951608494, 49.67554158991572, 58.98533231970567, 67.0329366562913, 76.96605768949223, 84.77840432732546, 85.25748096566605, 74.57203391884752, 65.94342790938268, 57.48538287967372, 51.34254345946836, 18.891132808993166, 15.10728526754685, 16.186282647386367, 22.066541097953845, 30.967616340523353, 24.85349990918257, 18.05816674856839, 12.718299387991818, 9.518162159578706, 13.944685303739847, 43.191607548824045, 43.883214471345006, 51.09196965635196, 60.64951291775109, 62.48377882519877, 60.50708063230481, 57.014107901097255, 49.397829361089144, 40.05263214995082, 36.74439916401075, 26.69018983866132, 24.13839481568843, 83.9206612956162, 75.33422710267614, 68.89641070774786, 64.84185730559955, 61.10709378359089, 57.9164888143904, 58.12355547030152, 72.44497633984999, 78.38462900477123, 82.43300903024347, 85.61762251606523, 86.85990686189609, 83.13969940624027, 73.9226869765376, 68.1933539393011, 64.5814690794904, 60.39554280049438, 70.15517350438806, 74.7870215042332, 78.84058249283017, 98.69249730100903, 104.63732058783965, 110.54743342149658, 113.57933203039771, 121.59425403097521, 123.61981868354259, 127.49558110529128, 110.70113398822215, 106.24885238280464, 100.00826885688471, 85.6854418884736, 74.13938714623313, 63.60530745566086, 52.35872115739554, 49.327709061083866], [64.53229152829212, 71.84078960378399, 79.22425762753866, 86.27061732484177, 79.60183858624941, 72.20489519490911, 64.93133620368987, 24.28461977349635, 17.73210123176309, 8.581774396893337, 0.0, 12.554113261246217, 6.347365481769268, 10.462102815530395, 17.461837700121972, 58.22865979545014, 67.50688735663164, 75.49848142545933, 85.27597060711383, 92.92444831564065, 93.40228971561044, 82.9825911095776, 74.4246064620805, 65.99959124728166, 59.89561155125857, 26.340958881498715, 20.21319744114142, 16.561090300261423, 17.684654777143546, 24.693066068351357, 17.81643979559828, 13.119489515243378, 12.954805300080158, 15.329973907579815, 21.87583972730336, 51.738138244771996, 51.88972198801267, 58.18591452777231, 67.20316689243523, 68.45288412030752, 65.66479112759795, 61.35693651912717, 52.86201692318435, 43.27274182743336, 42.31071161555336, 34.19670880319967, 32.618688467004034, 89.24998503849815, 80.49654913935403, 73.72570990276702, 68.85571683098276, 64.27787357512447, 60.01733764757073, 58.01264424452495, 73.31116689551646, 80.23485168559563, 85.11893997449513, 89.25870372557036, 91.34073786041493, 88.31569295552515, 78.50631407415477, 71.92362738903589, 67.4657142393959, 60.69955562490103, 72.14356433202643, 77.81113371180622, 82.74319994606128, 106.1979908836176, 111.49998558835405, 116.7116415901971, 119.02449298382655, 126.47982371991917, 127.5473868310745, 130.35892222430795, 112.21251056554193, 105.28870815975334, 97.33869846406733, 81.57898850920516, 69.47077323578272, 57.89522052638554, 45.99899158092396, 43.61310690194499], [72.76902888822391, 80.096867424419, 87.17554647381768, 93.29430753731373, 86.92094719094284, 79.65820600461365, 72.31947772303711, 32.62598973074969, 27.562518930407215, 19.926741801319203, 12.554113261246217, 0.0, 10.838850772673924, 18.3873640978333, 25.347472410905098, 68.63444005763805, 77.54194842661495, 84.98167599229762, 94.01602980964634, 100.84845384991215, 101.11058992068718, 91.75083293540035, 83.52618361776669, 75.29205585806233, 69.49785100397163, 38.46797699548423, 32.35826808095425, 26.721648321125908, 21.753059887526536, 20.531662274274556, 14.7199541210819, 18.873069758069217, 23.983527766636232, 27.673085468733444, 33.78989955334218, 61.54306846844938, 61.05465996494651, 66.32549451086642, 73.021221129275, 73.72731964093165, 71.07675809026154, 66.18385075611442, 56.288998821142194, 46.58132893074836, 49.553550225156826, 42.99294567138886, 43.19118488859353, 91.99829024236351, 83.96829744200879, 77.47662926370086, 71.98890812717356, 66.63158688957081, 61.025439672595645, 55.150262782357395, 71.42823802778248, 79.76039938441342, 85.5283174367784, 90.4889123255308, 92.9892777633073, 90.91094022418419, 81.43592444389138, 74.44859348174788, 69.10021333188297, 58.26189237573079, 71.74389155637796, 78.62010906054223, 84.30243745931635, 112.6001740336309, 115.5402200045246, 119.05004606807239, 120.04945318490279, 126.66658193942163, 126.57176602849759, 128.01824179966619, 110.25229420229049, 99.14674497153715, 88.69417730853283, 71.16540467561676, 58.24515725220745, 45.7176397237896, 34.47308678437888, 37.724750547474656], [64.95690448924341, 72.31757634928282, 79.55737025283173, 86.13620889256828, 79.3344151053036, 71.92428954467124, 64.70494881067154, 24.044798325642947, 18.903078789617474, 11.407522584231598, 6.347365481769268, 10.838850772673924, 0.0, 8.48235568880019, 16.681946958123472, 59.96246541003587, 69.27112517331261, 77.1282005719737, 86.8176045105385, 94.14639298030643, 94.33259736578498, 84.12001122097664, 75.54569358317279, 67.07800749050394, 60.997857107549954, 29.947344756111484, 25.196870620650454, 22.79847434439456, 23.37784423068034, 28.043017235542276, 21.196497511333945, 18.90434947455344, 19.018521870345992, 19.812063428298472, 24.998198031564197, 52.542464339695165, 51.26330026981456, 56.3444096928036, 64.35288252609838, 65.09709983469122, 61.997503928907115, 57.30980705115965, 48.200048304643026, 38.52216245769928, 39.507512596855726, 33.089057608479784, 33.6711469762272, 85.27831927297541, 76.4026066160798, 69.50977234686384, 64.24157109975187, 59.2967268281234, 54.57627021517716, 51.82564083781048, 67.3063523826804, 74.52622875187465, 79.69382621488231, 84.2247777793746, 86.77780122199076, 84.22836712158103, 74.05685294905003, 67.1050073986538, 62.278496681006786, 54.58565934457194, 66.4784092757444, 72.5361344119678, 77.8614160940753, 107.51948673792954, 111.14145898193125, 115.016671337385, 116.2913429713578, 122.96903053133438, 123.11540614580682, 125.30665077581568, 106.30663546773442, 99.07672906537408, 91.37949531631985, 76.15876208829499, 64.63048389252755, 54.10887252780074, 45.00746715588752, 46.5373069066219], [56.68242271599944, 64.04037785239873, 71.29560687195064, 77.98669011370454, 71.07300330188856, 63.63467787965914, 56.460280783268466, 15.741159399520894, 11.287638669577664, 7.404176058834029, 10.462102815530395, 18.3873640978333, 8.48235568880019, 0.0, 8.513651791588964, 51.925761311196524, 61.23622050894591, 69.07964428164198, 78.8704470255433, 86.25697237625974, 86.36439626088087, 75.96393027485145, 67.32792999286235, 58.82757392670599, 52.73113471064439, 24.15760301595556, 21.953736568227768, 23.185057377455205, 27.346346753944317, 33.93823276150174, 27.55147302621283, 23.040359202622557, 19.423039617824035, 16.244633317324556, 18.836554787083468, 44.19159261945251, 42.9051478444904, 48.536794674533894, 56.842369802161095, 58.069363799757205, 55.74073442144065, 51.79397489572309, 43.379092034266115, 33.785705822471265, 32.77112806181864, 24.80669175658961, 25.56947013206314, 78.8837961385903, 70.11489629910443, 63.50799305827427, 58.98611228762106, 54.839235684942345, 51.16543911383053, 50.74355329887052, 65.21607809547544, 71.44331318025085, 75.78133630540239, 79.38381355469403, 81.15032497149883, 77.96292130064315, 68.2873827834313, 62.12890050425198, 58.109826434206965, 53.05444614463746, 63.21149039581951, 68.25090750209029, 72.73984374523067, 100.26473517358119, 104.10435160406303, 108.37003218519624, 110.14446105556263, 117.2426066986003, 118.19229201835466, 121.37598938117681, 103.62963211353232, 98.96596934272512, 93.1364814631049, 79.55353573437874, 68.72631527951881, 59.454942296942185, 51.187007331052534, 52.20575562276752], [48.30446797162739, 55.66793433617904, 62.88658760574259, 69.5412920551187, 62.706230687732976, 55.288846309466116, 48.06385761726222, 7.425112519523121, 5.760373156115061, 10.721096951608494, 17.461837700121972, 25.347472410905098, 16.681946958123472, 8.513651791588964, 0.0, 44.46798392924699, 53.49811156271314, 61.060938507677314, 70.63015280363894, 77.8523805960768, 77.90432981740665, 67.68063559343373, 59.14658043345672, 50.726895917007816, 44.78832487820697, 21.09195441500827, 22.082751221276414, 26.070981411750267, 31.98531248038504, 39.0423825183248, 33.47355973037925, 28.38454072520082, 23.021882090392612, 17.062999418720054, 15.823690676903318, 36.497659607746286, 36.029867792124755, 42.907055944190574, 50.817381182553916, 52.8893073067046, 52.19237525981845, 49.38763614928339, 41.76795717887524, 32.57676548190292, 29.588615232102548, 18.57684730683463, 18.9744893691761, 73.48998201690738, 65.46174030239847, 59.62288686963209, 56.22731455206378, 53.14407713489835, 50.60328805161836, 51.86009598419906, 65.18734194153464, 70.50561395955086, 73.89278472445946, 76.27323233888234, 76.728716111817, 72.76845323444199, 64.39422250488965, 59.54457385969266, 56.52420135753029, 53.69584914591124, 62.07202297332552, 65.97252713474994, 69.31509765189921, 91.95537594625803, 95.9220965821352, 100.75088237730236, 103.27416515202852, 111.08445398360793, 113.23887431959265, 117.59283030019579, 102.48204580359894, 99.59226646744783, 95.07495688908992, 82.70779507222495, 72.2424710234305, 63.81989412387387, 55.78538421741449, 56.42825939719751], [18.24576367082074, 22.07869596017967, 29.074401016614374, 39.26419406197812, 33.21810915331518, 27.770201838456718, 24.265658960953623, 37.43424502021979, 41.218427401704574, 49.67554158991572, 58.22865979545014, 68.63444005763805, 59.96246541003587, 51.925761311196524, 44.46798392924699, 0.0, 10.12276559432297, 19.406933701802018, 31.39483561788543, 41.30161722740194, 42.21171216383217, 28.435085179924357, 19.484211884549858, 12.069846551694061, 7.378674655004851, 35.025125162978966, 44.41590210727277, 54.294209361057476, 65.10761754909133, 75.77926016658319, 71.80860389585239, 63.23430682095489, 54.03245816154028, 45.68408874745138, 37.46830270990401, 10.834236920586239, 23.189603056286025, 35.77536792945237, 45.83688132912332, 51.964243382729784, 56.749295769404945, 59.97544814272221, 60.71610858964547, 57.26935547867104, 44.04334524070244, 33.05409068797292, 26.89595854278226, 72.10137436869609, 66.89584502862667, 64.65971739469487, 67.17642929546787, 69.53358233090556, 72.88422548711927, 82.7851184332658, 89.71206076950018, 89.56569631318298, 88.25859871155187, 85.12285401723847, 80.57831971768603, 72.65413526706006, 69.94931160076123, 71.24967239993532, 73.52572510821285, 82.81105441085984, 82.39680663570628, 80.31519254654104, 78.12186433940545, 60.81077806618732, 73.92510401315349, 86.15648663289161, 95.09255245745646, 106.78044490850262, 115.54427084354947, 125.94975899469362, 119.02496023274281, 127.46974193293754, 129.21723127868165, 121.4842487464547, 112.58372509143963, 105.8310227222716, 96.30405091538117, 90.46826011557893], [16.842071961377822, 17.20457032545751, 22.675554087808976, 33.061496572973, 28.462113135266556, 24.93964178242767, 23.745298955648085, 46.33926709815968, 50.40220636579749, 58.98533231970567, 67.50688735663164, 77.54194842661495, 69.27112517331261, 61.23622050894591, 53.49811156271314, 10.12276559432297, 0.0, 9.503121071907593, 21.712829693398348, 32.03859116570684, 33.27157380603476, 19.225560820682684, 11.267903963360405, 8.27896769363947, 10.518107245973011, 44.52522846359979, 53.677249930565786, 63.22294896897965, 73.68970076324709, 83.92872808235617, 80.42346167691346, 72.17269729386352, 63.229138019241205, 55.12043252046126, 47.03128179797345, 19.115629717915674, 30.461470869438116, 41.89789408381345, 49.61348142917224, 56.31073435963207, 62.66612715349953, 66.82276776616435, 68.26261622930089, 65.45972100166655, 52.66474110362098, 42.24504361740462, 36.65839490739234, 73.7850861261378, 70.25726142430538, 69.35301647073074, 72.99078349729261, 76.16655017311015, 80.10978628221557, 90.2795976283284, 96.27198092937125, 95.48245195618016, 93.38509512490256, 89.10744942729173, 83.1592140919198, 74.65031395479463, 74.1358659075265, 76.87992931889887, 79.92832189106369, 90.06376388280543, 88.5321942067484, 85.56469167878079, 82.24807599134049, 52.22806803200908, 67.40372603942724, 81.48482682829365, 92.08525922412026, 104.79160338757886, 115.34224388242195, 127.06417822793443, 123.53062669083009, 133.0487338446588, 135.49049923869248, 128.4410377406445, 119.71204352461713, 113.30252991981524, 103.72897829360885, 97.64598886589586], [18.19244208824096, 14.81057112799304, 17.316187281620397, 26.970178349968492, 24.436632975549905, 23.351027835255604, 24.450144842174534, 53.819107081669884, 58.26978536891473, 67.0329366562913, 75.49848142545933, 84.98167599229762, 77.1282005719737, 69.07964428164198, 61.060938507677314, 19.406933701802018, 9.503121071907593, 0.0, 12.303391715732166, 22.757666096779655, 24.204490810068325, 10.402700108136393, 6.357336460608719, 11.789794594438955, 17.51356786288174, 53.33098788579537, 62.29273893987958, 71.4854023337872, 81.4643827444345, 91.0373332550722, 87.92585976165081, 80.19305315888076, 71.59370497966242, 63.627368964758276, 55.625478446989334, 27.013154886843726, 37.41486261195368, 47.81162719359234, 52.91221521402997, 59.99220253063989, 67.82217422370209, 72.68297062038201, 74.45097906121131, 72.12842376257933, 60.100394996196066, 50.04893191335041, 45.162925932931635, 74.4135594526957, 72.67632262184502, 73.07791861339108, 77.6455478073172, 81.4659434454379, 85.8036643453966, 95.91541756937848, 101.0679977627524, 99.80918477363316, 97.05031816803408, 91.76303831476918, 84.47088433833358, 75.55385269754755, 77.23762164462141, 81.28428331728978, 84.93103215245239, 95.48226536062124, 93.03884664671423, 89.36216561321056, 85.06052337940548, 43.52299453808699, 59.97473655102672, 75.55625706396823, 87.60357972076127, 101.2103760283437, 113.40275893644134, 126.27597154343434, 126.30990152039584, 136.45996201314276, 139.48079702460873, 133.1613295154202, 124.69184121001534, 118.79180558411021, 109.55281485373888, 103.8719071423818], [25.303217471043045, 19.62294938322672, 17.338767576169047, 23.127414154799887, 24.61073516018622, 26.77608536926817, 29.81927566661023, 63.44003149293476, 68.13771313127441, 76.96605768949223, 85.27597060711383, 94.01602980964634, 86.8176045105385, 78.8704470255433, 70.63015280363894, 31.39483561788543, 21.712829693398348, 12.303391715732166, 0.0, 10.880486118319215, 13.330986125112016, 7.07954117916931, 14.234851926400426, 22.18092336061168, 28.562924529906716, 64.23414237773794, 72.85455027128366, 81.49772464765924, 90.75671836794406, 99.40184978954842, 96.85847290382323, 89.84274088584354, 81.76425127414015, 74.08063423230126, 66.28763771454734, 38.084003950535475, 47.878540480957504, 57.40525045237665, 59.64883451325719, 66.97223328972872, 76.27100002078647, 81.67574990249848, 83.45433928373338, 81.42120100263118, 70.46090230686208, 60.46931187082679, 56.05559183015281, 77.41966146767982, 77.95456414041875, 79.81579468293808, 85.22634796498116, 89.57096006882652, 94.11411207766614, 103.71297914192382, 108.1353740811515, 106.57447402280248, 103.21127103036052, 96.89734289363734, 88.06362606567174, 78.85628424031579, 83.1579909655437, 88.52620196889973, 92.65081625295467, 103.09861854947196, 99.95842876129026, 95.68988297353785, 90.404070643249, 31.86177041578702, 50.70202526368045, 68.68162409680284, 82.82269678887197, 97.70178508379385, 112.08159228681296, 126.29884254206905, 131.11897726105317, 141.34781907993815, 144.68155089979592, 138.98959384102037, 130.70259991865387, 125.27207891278042, 116.24757348206604, 110.9463535822034], [31.683222967294302, 25.351556525956134, 20.32489688632762, 20.825831095637, 25.762552358668835, 30.158342100937716, 34.36885134944213, 70.73101885817584, 75.83723904588524, 84.77840432732546, 92.92444831564065, 100.84845384991215, 94.14639298030643, 86.25697237625974, 77.8523805960768, 41.30161722740194, 32.03859116570684, 22.757666096779655, 10.880486118319215, 0.0, 4.386681969527081, 14.305934672074, 22.960397647511446, 30.937018697853258, 37.47044074618053, 73.35318435395284, 81.78305743778648, 90.03594440911037, 98.64474867048669, 106.33844569883615, 104.12061660480607, 97.85655020798815, 90.23892952935314, 82.65744710925077, 74.98589977703237, 46.72109748248212, 55.543012392423904, 64.0830312966772, 63.60868998124658, 70.97842713791661, 81.5086566871989, 87.3354057293143, 89.07840491715075, 87.42558253337046, 77.67104932194684, 68.09911716179583, 64.57847813113686, 77.59011218809582, 80.18308726802371, 83.34571995053271, 89.44090145967965, 94.22252991714373, 98.92630643869249, 108.02898946940505, 111.59527661623126, 109.7376407779476, 105.84444635909455, 98.66621543244773, 88.54724133507645, 79.25575705048958, 85.86212015841937, 92.36946371115927, 96.8874825247508, 107.21043788482359, 103.33923496996483, 98.55515538777608, 92.43597755016671, 22.39807704420547, 41.119781727489666, 60.5365096779214, 76.13382602460635, 91.86307705680304, 107.91874760036394, 123.15953916550552, 132.23531330411473, 142.5473343023319, 146.37950003663485, 141.61696382550386, 133.80084482780106, 129.19244270146353, 121.08754338110221, 117.03265250803895], [31.02517665593956, 24.38853913355888, 18.40805101736992, 17.18151452981753, 22.924306409737262, 28.080105950604853, 32.918771319372475, 70.74639203620687, 76.18001224461032, 85.25748096566605, 93.40228971561044, 101.11058992068718, 94.33259736578498, 86.36439626088087, 77.90432981740665, 42.21171216383217, 33.27157380603476, 24.204490810068325, 13.330986125112016, 4.386681969527081, 0.0, 14.679819006766092, 23.26127750135553, 31.1828966494829, 37.758256757170265, 74.37482203241264, 82.91904162698917, 91.25627659712796, 99.83170336341323, 107.34983806405779, 104.98138702656391, 98.87312726690035, 91.26593589920195, 83.52150188863436, 75.76801882509395, 46.78709916674599, 54.72859112111566, 62.5744666910899, 61.07856704685578, 68.40815334005276, 79.31401936055656, 85.34682092465246, 87.27473491616657, 85.9802700630895, 76.6290464713468, 67.67517877989042, 64.88239918992004, 73.95932297661851, 77.02143877754447, 80.57620656212157, 86.94089423511072, 91.9453514417669, 96.82802170460783, 106.07340633875923, 109.10137789575084, 106.97825951945522, 102.84684486001454, 95.38873912413457, 84.99220267661882, 75.68092368234296, 82.84972922749209, 89.74370503403566, 94.47246474935699, 105.12612469884795, 100.74584285457138, 95.68544555446654, 89.279323380413, 23.281589467570594, 38.52122892192274, 57.009950223764534, 72.28762462663238, 87.82941651437389, 103.87106925931437, 119.23868774893802, 128.83395419921527, 139.68024676261098, 144.07498178001893, 139.97635849876443, 132.59448802196573, 128.56526415861936, 121.34193138096651, 118.29395307781617], [20.58343871731033, 14.07711843861697, 11.34185274144789, 18.638293100454344, 18.702847449080096, 20.868784208165003, 24.706943439205, 60.34680607227133, 65.50915111837469, 74.57203391884752, 82.9825911095776, 91.75083293540035, 84.12001122097664, 75.96393027485145, 67.68063559343373, 28.435085179924357, 19.225560820682684, 10.402700108136393, 7.07954117916931, 14.305934672074, 14.679819006766092, 0.0, 9.305400738617653, 17.93241343347099, 24.599557335118064, 62.195645492602935, 71.16736583261667, 80.19481926198416, 89.73028484531608, 98.52555593213225, 95.528269669476, 88.41866835244812, 80.11075844529569, 72.03667454066192, 63.99396175226634, 33.973341307088944, 42.46317161502887, 51.18361088037079, 53.06382306726237, 60.34653760352915, 69.72449172320813, 75.36507991090365, 77.61175781594628, 76.10454235036946, 65.1506958550828, 56.18862643433251, 52.796085124682016, 71.11381914468568, 71.31360007421743, 73.18411467616787, 78.78087938528236, 83.36223390617954, 88.22051240427679, 98.46541702150722, 102.30088685532999, 100.35321076263989, 96.79474054380242, 90.3956306060069, 81.752448667698, 72.5288883629135, 76.56582883181184, 82.07046102391621, 86.4295369728547, 97.70594836516109, 93.93428773579616, 89.37769428811895, 83.97777772129147, 36.349683425891634, 51.24008465382423, 67.07528534465165, 79.90160440983699, 93.9508134336903, 107.414702842889, 121.32570303745561, 124.8315533232209, 136.11457418150692, 140.2714557454718, 135.347717057071, 127.62719717582566, 122.85593219584447, 115.00372293652413, 110.94913279316795], [13.278127925966976, 8.807275480191135, 11.844199438444333, 22.082094822350122, 18.486010575574277, 17.1367326546302, 18.905997535673833, 51.77852309636838, 56.88192199642071, 65.94342790938268, 74.4246064620805, 83.52618361776669, 75.54569358317279, 67.32792999286235, 59.14658043345672, 19.484211884549858, 11.267903963360405, 6.357336460608719, 14.234851926400426, 22.960397647511446, 23.26127750135553, 9.305400738617653, 0.0, 8.715798415810967, 15.346698795044132, 53.37931547298832, 62.5204128938854, 71.80494120236592, 81.65083204491653, 90.85806946128396, 87.50448621506891, 80.0923834403028, 71.55785282881908, 63.30289511953508, 55.150504931148426, 24.734121040871898, 33.72999482858861, 43.37744227594187, 47.16590932921669, 54.343927922822125, 62.777931614333795, 67.92169080123351, 69.84721990690983, 67.95788315112037, 56.48156519411631, 47.2408193904054, 43.70388851081616, 68.09027625284196, 66.62833127578102, 67.38429931701151, 72.2557659073601, 76.34161213272176, 80.89831193588805, 91.21221176660607, 95.7678374239339, 94.24460510433133, 91.2566151879249, 85.7162956573778, 78.20560505378839, 69.25234378547238, 71.33353816656084, 75.78084837094356, 79.66206442137016, 90.61765943810401, 87.59136984323781, 83.62999317620778, 79.05833151111979, 44.09106796409138, 57.24872118229202, 71.23549385738579, 82.40887449623501, 95.54982854707877, 107.3190725109273, 120.10101678375847, 120.2619351685986, 130.91180554999156, 134.57421900583654, 129.05698675340847, 121.14738973395886, 116.04382545488893, 108.12246576368136, 104.0936888250832], [8.740453281103504, 10.1649751951688, 17.023517387029806, 27.228896463658366, 21.583199483880627, 17.056329305728767, 15.518723583495388, 43.35245916367462, 48.41895749474476, 57.48538287967372, 65.99959124728166, 75.29205585806233, 67.07800749050394, 58.82757392670599, 50.726895917007816, 12.069846551694061, 8.27896769363947, 11.789794594438955, 22.18092336061168, 30.937018697853258, 31.1828966494829, 17.93241343347099, 8.715798415810967, 0.0, 6.688308047241697, 45.07465888004287, 54.31007163700281, 63.73273466040713, 73.72568461401823, 83.15163196517592, 79.50333605522187, 71.94615540349453, 63.30275775775552, 54.90339343894402, 46.68439762366203, 16.07893736887917, 26.11482067390188, 37.07183194647338, 42.688121407715016, 49.647482873565195, 57.08150691071774, 61.550011394734966, 62.82369101777746, 60.35089674803288, 48.592729986011065, 38.72178519830873, 35.00825652682694, 65.97035017141549, 63.03776901023871, 62.68426007371933, 66.68378931545845, 70.12852284108864, 74.20228544145151, 84.2404974222717, 89.66675339951246, 88.74264542961691, 86.42762693616922, 81.82225580436197, 75.41473844086501, 66.86293837160383, 67.09781446539263, 70.3951048592934, 73.65207368257458, 83.8483528412806, 81.79888701060807, 78.58647018121528, 74.93258110168821, 50.97424210895399, 62.512972201451824, 74.88461770594104, 84.58396970737988, 96.92064469837312, 107.15259765477958, 118.804258783949, 116.14655717688032, 125.70033341927521, 128.6587607299594, 122.45701838058102, 114.3132196870263, 108.87002303167488, 100.8964975195002, 97.05504074906652], [11.053866047931331, 15.561653434469651, 22.94689249940471, 32.78443569081233, 26.354216018890583, 20.527049441077157, 16.93948430178894, 37.443154425084714, 42.34134180088242, 51.34254345946836, 59.89561155125857, 69.49785100397163, 60.997857107549954, 52.73113471064439, 44.78832487820697, 7.378674655004851, 10.518107245973011, 17.51356786288174, 28.562924529906716, 37.47044074618053, 37.758256757170265, 24.599557335118064, 15.346698795044132, 6.688308047241697, 0.0, 38.762864808767176, 48.11842063464416, 57.73847447452998, 67.9748167628716, 77.7454292835371, 73.80453851399417, 65.9862185005761, 57.16342065444833, 48.62906894389347, 40.3350505376006, 9.565273348460721, 20.98174567758796, 33.09467070096818, 40.70506459708213, 47.28227406091102, 53.537940491976165, 57.35385552612422, 58.15788271029108, 55.191145957780535, 42.975810144536624, 32.573426563507084, 28.478511574806664, 65.78945738278486, 61.54403402388048, 60.16116714415282, 63.34400446378862, 66.20232641224682, 69.86837914704641, 79.77320109098348, 85.93177012241244, 85.47150959155034, 83.73036171070659, 79.959246525734, 74.59757924852747, 66.45211314579944, 65.00423117452941, 67.22425348618641, 69.92941598184215, 79.56562614830762, 78.34675358366817, 75.77559104631412, 72.94788453627702, 56.98678291951787, 67.80016171965525, 79.12668579412345, 87.76512435730255, 99.42215095629554, 108.42830573267035, 119.16267284102086, 114.00568208889818, 122.81775121809699, 125.23364489146837, 118.44813021025999, 110.1034685360698, 104.30866880239938, 96.18247782619875, 92.27322602076835], [46.42412296422038, 53.10696035729368, 60.77392737639365, 69.6085941324761, 62.8915013442235, 55.748759530811455, 49.148117018947396, 19.495116534979726, 15.562663257241287, 18.891132808993166, 26.340958881498715, 38.46797699548423, 29.947344756111484, 24.15760301595556, 21.09195441500827, 35.025125162978966, 44.52522846359979, 53.33098788579537, 64.23414237773794, 73.35318435395284, 74.37482203241264, 62.195645492602935, 53.37931547298832, 45.07465888004287, 38.762864808767176, 0.0, 9.683131388432873, 20.198286021759838, 31.993258403836705, 44.46711568456759, 39.45894101565084, 29.403609146944586, 19.52379834353047, 11.486201091368113, 5.407400011527349, 31.376566509783828, 35.46124499306399, 45.47867010437595, 58.32856392309893, 61.50020900018635, 60.42016970292637, 58.77953379434786, 54.46797205973752, 46.85850158191094, 36.96283768306092, 24.213622257087973, 14.737366863986999, 85.12435867133016, 76.49499906150396, 70.