{
	"dissimilarities": [[0.0, 7.317851740282457, 14.63122891880166, 21.994581326688284, 15.560989982134462, 8.447540617959172, 4.22170086889076, 40.91793929196554, 47.053679050789434, 56.46050169665349, 64.74347189326322, 72.60582753187339, 64.87099513604176, 56.61516833051408, 48.26959683084836, 20.461318836985775, 19.467332741871083, 20.56092087684022, 26.70245716211306, 31.980728964205067, 31.252747543705294, 21.877956792273928, 15.069640512229912, 10.690653557005296, 12.438807975813233, 47.36543643383539, 56.26758083030885, 65.11459618685164, 74.02922235110795, 82.14117948984855, 78.51272291833266, 72.09895986458466, 64.17454878427505, 55.71532660721006, 47.64438628585308, 18.360636721632613, 26.855559836312366, 36.957316649678155, 36.9915619179944, 43.27234262386147, 51.37844471727251, 55.90984335855513, 57.36757242729947, 55.48980132938806, 46.78103307871143, 36.95714875501912, 35.28314865797356, 55.025008633121175, 53.54636883393559, 55.285587197963785, 59.820199214692806, 63.34182500743982, 67.24778052447871, 75.68985577761028, 81.20914408797454, 79.46538687834378, 78.85907980340798, 73.88908326085134, 67.5143456229936, 55.915170213900225, 57.715806404540565, 62.746261406028694, 66.07147003504132, 75.06481540462262, 73.35026642687261, 70.03032850207991, 66.90462821235381, 49.92388857149096, 54.9627812233184, 65.20071003864228, 73.39753470514603, 84.91850534190509, 96.36375331847691, 106.74699249610839, 108.28296449996877, 117.34885023003916, 121.38896694427085, 115.33092785166765, 107.96778048387525, 104.97749825238154, 99.12844557048133, 96.1529380164405], [7.317851740282457, 0.0, 7.344419287923656, 15.301258426389316, 9.064035141541876, 4.213603755567553, 8.458304985038192, 48.16326968246958, 54.316752267638435, 63.712884728169094, 72.02147186381778, 79.91231611747156, 72.1362475293301, 63.850254558515154, 55.51255058844856, 24.161923745298054, 20.243352697356062, 18.29727936259757, 22.162768210609794, 26.393760911981943, 25.213382514536885, 16.477605716590805, 11.84158743064586, 12.179165537721417, 16.686075761542256, 54.05172384098833, 63.10085792675099, 72.09338265828953, 81.15722919530437, 89.33602617798967, 85.77905349226229, 79.2813078141118, 71.24447206713307, 62.75636377577574, 54.61009224867992, 24.068019879091068, 31.41654030191531, 40.14033698230732, 38.963442780036175, 45.47190846021527, 54.4447369190685, 59.750982445390136, 62.14135427576699, 61.05562729785589, 52.166658385086464, 43.517577333653215, 42.1249983283968, 55.10774932585205, 54.8185157754649, 57.53772160734162, 62.97770366239907, 67.24010023603556, 71.80583446376569, 81.00197076530982, 85.35543444897473, 82.84059878233234, 81.42430580854389, 75.53408659381755, 68.24654118452193, 56.26298842555008, 59.659958372991234, 65.78804621085735, 69.84891269382497, 80.13214470422696, 77.11223670454599, 72.91028422984081, 68.83378138151133, 45.42694446359241, 50.63396883504032, 61.73301473293983, 70.89519111629382, 82.86019543656505, 95.46422713280431, 106.8208820680858, 110.30032326529756, 121.0096521928994, 126.07583494356535, 120.9753050088726, 114.04775404110757, 111.563994649423, 106.04819064090451, 103.097364162482], [14.63122891880166, 7.344419287923656, 0.0, 8.95626001843878, 5.276243123561594, 8.477527960586503, 15.224147597629923, 55.49303869501101, 61.660316825347394, 71.0572459157762, 79.36173237033567, 87.18564029079381, 79.46591469693895, 71.18041605425039, 62.837102275680905, 29.70885794647561, 23.86557521739784, 19.177887403096566, 19.436655629281933, 21.54624039637442, 19.639304977826967, 13.246107159870819, 13.059572942662216, 17.373324494303503, 22.926145417880104, 61.11244827923347, 70.21584917444899, 79.24939725910959, 88.33842405508305, 96.4473267192549, 93.00447383288615, 86.53465938996683, 78.47825544892893, 70.00443871301675, 61.834302538420445, 30.84947777580953, 37.38961487441605, 44.878496650343116, 42.455731762726714, 48.960431691134296, 58.625556285760574, 64.52346000949636, 67.60445251130473, 67.15916593786073, 58.357323525810244, 50.548439659179, 49.34108753773068, 56.11232005436216, 57.17667286477046, 60.84679367195107, 67.05046604680653, 71.90695900798555, 76.96365359923044, 86.61807719253095, 89.95354447243106, 86.80785939882188, 84.65467010853719, 77.92974601502081, 69.74122998946471, 57.526367240678205, 62.570982285085954, 69.67361229081995, 74.32866020345098, 85.5373899490883, 81.43874344144726, 76.49793717099088, 71.55322255218475, 41.09437623994741, 46.210561152214865, 58.22319568514503, 68.45016326873345, 80.875324952643, 94.6997633387177, 107.04403198912108, 112.71184325738507, 124.76881738100644, 130.6957722813055, 126.47551892010821, 119.93180469016495, 117.91060134681348, 112.70772067734771, 109.87187495410036], [21.994581326688284, 15.301258426389316, 8.95626001843878, 0.0, 8.460059784808022, 15.054142416131615, 21.727364321862463, 62.33253885131612, 68.65043129710595, 78.06428286890831, 86.19147221149856, 93.4115417417451, 86.17081418851141, 78.00438065057787, 69.60244722690216, 38.581185756901746, 32.41836089485082, 26.560647301707636, 23.203828358967105, 20.829555005849883, 17.29733808517467, 18.014268785887925, 21.137758093536082, 26.131188913875718, 31.647607503079563, 69.22732758796649, 78.14906401708681, 86.88716042037356, 95.47307787642288, 102.7768071114599, 99.56104597783848, 93.71802664142143, 86.03597612456805, 77.66586513323409, 69.62641790483286, 39.29599291560672, 44.961032698888815, 51.13859076446895, 45.929212162895126, 51.977749747991176, 62.6040053916983, 68.89229628326791, 72.18783373292888, 72.37373427197713, 64.89706778629565, 57.74335853434538, 57.18317639077041, 54.81819333889686, 58.27254550134114, 63.29362063411602, 70.24385595044276, 75.52913052900622, 80.76700945543188, 90.09303907158598, 92.35510276911673, 88.82873409114092, 85.93021502190747, 78.35416530246275, 68.876753737101, 56.55052770828732, 64.09593511224301, 72.3146430018206, 77.37935201694604, 88.75745687841291, 83.76631138837881, 78.25453425646852, 72.3512866762987, 37.06228711817147, 38.38073091183184, 50.17776041285408, 61.35168058845702, 74.35457141039583, 89.56870691607443, 103.03054729695967, 112.16704969192232, 124.81655332258812, 131.43642819747396, 128.3921567767507, 122.42634758691933, 121.29033416451831, 117.10638073826053, 115.5354561126272], [15.560989982134462, 9.064035141541876, 5.276243123561594, 8.460059784808022, 0.0, 7.467551999013937, 14.673015500875136, 55.466423255301166, 61.907937494258746, 71.27816070849202, 79.4857215525172, 87.08189217828922, 79.38071133420125, 71.09038720624535, 62.72747941297773, 32.4045354916703, 27.728522495704112, 24.008159354236156, 24.615593469148333, 25.82860762389413, 23.30861458789123, 18.375321159282905, 17.665306466320818, 20.53831385264587, 25.210962711203116, 62.47125049344918, 71.55231018721096, 80.56331184299975, 89.5026909691221, 97.3171392213769, 93.68049481514484, 87.47510691009845, 79.52828645567702, 70.95064615959582, 62.81725398994651, 31.928969054633022, 36.590443087674814, 42.764312803412814, 38.56961769197669, 44.902864406968995, 55.04555291198153, 61.20173389609335, 64.57044919764138, 64.68378770899749, 56.62977755685619, 49.92084134207706, 49.914039703046214, 50.96055971598665, 52.463487355164865, 56.59132078232872, 63.14434889717409, 68.27267188745677, 73.55400833479543, 83.45690300757653, 86.03802012658795, 82.58048896572859, 80.10915617010583, 73.10356343516519, 64.66187627858187, 52.418456682631835, 58.01752300492528, 65.56295435173583, 70.47773741580208, 82.20008306193331, 77.39675174774926, 72.1225212272122, 66.83613465576485, 44.17560847376557, 45.89637699750064, 55.50958013888593, 64.5737150457924, 76.49916084079476, 89.86699129706254, 102.0785149534428, 107.81273118821248, 120.54287477620689, 127.18382019770392, 123.7796320165518, 117.82079847396055, 116.61177793840618, 112.5912014469169, 111.0183636061735], [8.447540617959172, 4.213603755567553, 8.477527960586503, 15.054142416131615, 7.467551999013937, 0.0, 7.342064147697634, 48.06258890002571, 54.47062464976623, 63.84139444270883, 72.07596036986799, 79.8053096507702, 72.00648090728673, 63.70154837915996, 55.34446610881315, 26.52371295135153, 23.59390674165319, 22.18004668657814, 25.854282052846973, 29.307293802483144, 27.618398898228786, 19.877245977145645, 15.65551437408075, 15.33570309475141, 18.863675658531687, 55.14654458482412, 64.1813292077107, 73.17095851823223, 82.13285693127024, 90.09892368825072, 86.3559066013963, 80.05349400081269, 72.09031249171433, 63.50385453213445, 55.386686545181405, 24.910101351410315, 30.35623087234138, 37.954640738169715, 35.38377724627019, 41.820159980916735, 51.18217400919551, 56.7168717383182, 59.3731181404292, 58.75920416891581, 50.419518235208116, 42.770235987359726, 42.50830904724424, 50.92007992941533, 50.798765216854015, 53.810383271404056, 59.51989903174008, 64.01140514682237, 68.78742587489639, 78.26945019256078, 82.01823018932501, 79.24014047226885, 77.58902767021453, 71.50386197415878, 64.08820750865331, 52.08437749253104, 55.75306507638556, 62.20078686194198, 66.47844726774849, 77.25431515538675, 73.64647939649913, 69.17555732121902, 64.86157419389596, 47.83200869109569, 50.63494603681996, 59.92409058844445, 68.118445430534, 79.6335023489695, 91.78325307022676, 102.96931967605352, 106.30843664452594, 117.59973738776709, 123.26805498916767, 118.82452317909255, 112.3803664011528, 110.56911558304841, 106.04372347269769, 104.13314715258682], [4.22170086889076, 8.458304985038192, 15.224147597629923, 21.727364321862463, 14.673015500875136, 7.342064147697634, 0.0, 40.831627024595285, 47.26330251575268, 56.64139791552984, 64.82804424926198, 72.47043155071272, 64.75046836841172, 56.48307875406848, 48.1064137328801, 23.420796703840928, 23.114515116322274, 24.194099672691127, 29.85001987220621, 34.35496977013765, 33.13531131952301, 24.57534562347903, 18.32881018256095, 14.350302829925052, 15.440805068584668, 48.7193461928154, 57.56091896646258, 66.35746982539959, 75.10660121987884, 82.92437981111303, 79.11964888330537, 72.96795463678642, 65.1654018713626, 56.62534488547285, 48.61697454436012, 19.67605887277503, 25.886000858998884, 34.84349249996864, 33.353633923276355, 39.544650032056786, 48.06693885043035, 52.80169539321246, 54.46228927620771, 53.045350717300096, 45.008434179764336, 36.21021147051299, 35.86233822578089, 50.81138875211183, 49.49375652728721, 51.50463391862924, 56.28223993255429, 60.00518580405354, 64.08969404027819, 72.75992105523507, 77.71115054357276, 75.74662622545745, 74.93544939743926, 69.80089010219572, 63.30443999713553, 51.69729221318612, 53.736946911839716, 59.061826088042125, 62.57115552822711, 71.98663341979885, 69.72930080973164, 66.17938222591177, 62.84612431100607, 51.93175225834554, 54.694999691439456, 63.22830222347396, 70.48597961087174, 81.57087682500152, 92.55332283126609, 102.75197204808624, 104.19206516426742, 113.7334232331421, 118.33824009349344, 112.93631405320296, 106.0594644010614, 103.7771878572779, 98.98835208497283, 97.1685290839834], [40.91793929196554, 48.16326968246958, 55.49303869501101, 62.33253885131612, 55.466423255301166, 48.06258890002571, 40.831627024595285, 0.0, 7.007129776955897, 15.985896476004998, 24.060890158167673, 32.58277835391065, 23.991732358763965, 15.704644950442463, 7.369248649105755, 37.43166317337345, 46.41049706747036, 53.93894303462997, 63.464444831117255, 70.61905166045058, 70.79938609745727, 60.472286335102076, 51.860404565060946, 43.34966999640641, 37.31366141033198, 19.221744660699454, 23.525944327504046, 29.912572721916938, 37.310586093175615, 45.438291885256056, 40.20931946745686, 34.10607944336342, 27.32340123188409, 19.5758365884215, 14.646870901855724, 29.191926371600985, 30.698346011355643, 39.41711001554694, 46.29162185629312, 48.55193635839676, 48.05675158840595, 46.04976036924924, 40.690652485389144, 32.863008479618266, 28.41182013361838, 14.04280792772706, 12.49489457255726, 68.0285848548016, 60.29704995974007, 55.886499803207805, 53.60439986395088, 51.39702756338118, 49.96234999132276, 52.23184574546277, 65.21721276316644, 68.50810947450603, 73.0481401896453, 74.3470435688391, 74.52505847405075, 67.39613111225617, 59.75448229398926, 56.77507620315933, 54.65925635378346, 53.62405044737617, 61.09563080450576, 63.90090407558136, 67.16869418825908, 85.40558811285725, 89.1754621691158, 94.74739159722391, 97.68860089645403, 105.71856684136492, 110.13837563086828, 114.36032279596937, 103.17333384771105, 102.87814626101931, 100.8773332179676, 88.93462823811039, 79.25398620283178, 72.93248315738946, 65.47831575438593, 62.81358693705364], [47.053679050789434, 54.316752267638435, 61.660316825347394, 68.65043129710595, 61.907937494258746, 54.47062464976623, 47.26330251575268, 7.007129776955897, 0.0, 9.422863502793883, 17.75631051776686, 26.999895408390124, 18.216788573982296, 10.313291646405622, 4.33401414811823, 41.77027939993306, 50.95159105817757, 58.7577146261374, 68.42111008829318, 75.85816815989884, 76.29918054441545, 65.84688696119379, 57.22129254991197, 48.70650646311485, 42.57192974609131, 16.576552669824025, 18.168038191104895, 23.30412194376894, 30.414443347439782, 39.08336296944448, 33.64623571630724, 27.11723356145086, 20.524691320009737, 13.446101883803426, 11.041640624558744, 34.526520168788245, 36.44544567935655, 44.99349992976027, 52.7993579105882, 54.801086879557445, 53.399593003552326, 50.661399099754306, 44.622340884098534, 36.15265452422239, 32.32603136997025, 19.230311290821323, 16.04682491165567, 74.53466790175212, 66.46118745122858, 61.54592466936054, 58.53760612861051, 55.614997706200484, 53.367022986760155, 54.236191305874726, 68.36575485840423, 72.42480461290072, 77.61492807253933, 79.66655273468413, 80.49993187525087, 73.8163333960549, 65.52420452165336, 61.69671898905999, 58.90093160724806, 56.04740780357031, 65.02537544217, 68.64784130149246, 72.61496588220344, 90.21887680504142, 94.9366375704676, 100.98062559195901, 104.01348490139927, 111.99263741767014, 116.0445139891693, 119.7421153883602, 107.35270664112159, 105.3557501845716, 101.90869102804932, 88.49551396376532, 78.01542556443246, 70.27810560113853, 61.16870480276862, 56.99684405015304], [56.46050169665349, 63.712884728169094, 71.0572459157762, 78.06428286890831, 71.27816070849202, 63.84139444270883, 56.64139791552984, 15.985896476004998, 9.422863502793883, 0.0, 8.580064577170093, 19.089401575696947, 9.497750038230372, 4.19822085299249, 9.405012166619988, 50.25085806845782, 59.63583661927823, 67.67068504321693, 77.47712076327186, 85.0684637845672, 85.60354377864819, 75.05532591765522, 66.38522560234065, 57.852088141678806, 51.62462062502042, 19.99609267532117, 16.859338434833585, 18.191437835983226, 23.484547295250746, 32.20236786193085, 25.924878257112297, 19.426058838567332, 14.454791308824282, 10.983048122989034, 14.670493614212337, 43.371435183229245, 44.25589742403941, 51.54848110785374, 59.88534407785416, 61.19244551551512, 58.322133489354954, 54.433371955490564, 47.403919562027845, 38.36627191924564, 36.38293507351607, 26.251852810362223, 24.092419395946227, 81.2055992420972, 72.43486767586901, 66.69190273785289, 62.51773964353492, 58.5095848187858, 55.0701641155716, 54.04320781159749, 69.43350522943805, 74.53509566563096, 80.67153143596352, 83.95045651596291, 86.00130157349483, 80.28483269434004, 70.75001433699802, 65.54862571621915, 61.71912588027023, 56.38074446774396, 67.27079350390218, 72.09385601615183, 77.18218966199228, 99.13967932014255, 103.85937245030286, 109.39777168752367, 111.74387974092316, 119.12325055242272, 121.98951596669994, 124.51733445440236, 109.66031817095342, 105.54023984410574, 100.53125444987911, 85.61307999902334, 74.59680643584112, 65.6792279411149, 55.77818795526435, 51.20251991284348], [64.74347189326322, 72.02147186381778, 79.36173237033567, 86.19147221149856, 79.4857215525172, 72.07596036986799, 64.82804424926198, 24.060890158167673, 17.75631051776686, 8.580064577170093, 0.0, 11.49402531737259, 3.1528146583416534, 9.075092887071186, 16.973883474952366, 58.76947537493554, 68.12932752701433, 76.1279399623877, 85.81900329071962, 93.27316547394472, 93.7907894741845, 83.47442029668053, 74.86614086429019, 66.35864031155668, 60.16917861480057, 27.19102672791379, 21.62351041641588, 18.653502636698637, 19.571912304263936, 26.295457582003742, 19.344889578479247, 15.04236044982798, 14.749328071470138, 16.33895872645512, 22.372702674085982, 51.94228721092865, 52.319298466543806, 58.70243572303606, 66.61430804935883, 67.30509117685176, 63.61024195407462, 58.89234826227739, 50.993832939054876, 41.783654234482604, 42.10667627824762, 33.97076844680029, 32.624926615314294, 86.77491702276602, 77.86922092342955, 71.72906437359141, 66.73905157272715, 61.86863519457615, 57.325146873895136, 54.01182604482623, 70.40466647862232, 76.54831356112759, 83.44429915460329, 87.71415293375615, 90.58561421441605, 85.71350138404952, 75.5859466281513, 69.4473012062109, 64.74130207724534, 56.77947320862286, 69.4135872235769, 75.30417168704153, 81.22810775211846, 106.69589213872037, 110.8719862653686, 115.71246037706292, 117.37582695825577, 124.21016187436959, 126.04120580882262, 127.54636646775965, 111.14387354692, 104.56896791206174, 97.84712735331311, 81.50819073445163, 69.95905366981333, 59.98124587637156, 49.645318443011355, 45.7534324710855], [72.60582753187339, 79.91231611747156, 87.18564029079381, 93.4115417417451, 87.08189217828922, 79.8053096507702, 72.47043155071272, 32.58277835391065, 26.999895408390124, 19.089401575696947, 11.49402531737259, 0.0, 11.038644983471931, 18.603702718498653, 25.62271448322748, 68.5785529748157, 77.57492236405393, 85.10863368380481, 94.19257394202072, 100.95192737944504, 101.2706388874336, 91.86987810916789, 83.560944184977, 75.2033842494624, 69.2894067228879, 38.062927092969666, 32.027692886300635, 26.63715018974149, 21.738394282565903, 20.97151232676647, 14.866478322602195, 18.54537212020037, 23.540602073190932, 27.1081878796592, 33.15365502913137, 61.4663827323153, 61.88744111265836, 67.66197243490711, 73.61158689479767, 73.62087281449139, 69.92350562521322, 64.65957811376175, 55.73865305913114, 46.68697452508498, 50.41594261598151, 43.274351877034576, 42.78576546846072, 90.96192460041816, 82.89705517512712, 76.98284375819777, 71.54591843736657, 65.956134813283, 60.167990545578384, 53.250177822392, 70.60652770172638, 78.10176334864316, 85.6201907777942, 90.68856157973347, 93.84220530895259, 89.82861379305632, 80.09759501279208, 73.52538742801657, 67.96787433820592, 56.37775908190182, 71.0148784507087, 78.03956671011706, 84.51368795657555, 112.76679064752581, 115.26470758797865, 118.83686600137648, 119.62202945561104, 125.85311927521025, 126.65510091946261, 127.15832659646841, 110.77105369971474, 100.3308632384258, 91.02511465419029, 72.89728937789941, 60.40894865809531, 49.1393947485958, 38.853043423042394, 38.9202331806471], [64.87099513604176, 72.1362475293301, 79.46591469693895, 86.17081418851141, 79.38071133420125, 72.00648090728673, 64.75046836841172, 23.991732358763965, 18.216788573982296, 9.497750038230372, 3.1528146583416534, 11.038644983471931, 0.0, 8.51320713889425, 16.678500878435596, 59.57682264769551, 68.97108210379416, 76.9269164123421, 86.6079992963308, 93.93198612348633, 94.30481350766907, 84.04835785490755, 75.41681693743548, 66.88022079176756, 60.68911880982809, 28.89458073130624, 24.00718097687394, 21.68369609907022, 22.491660332683047, 28.196648920004733, 21.23142563096131, 17.955292737491778, 17.702319830143477, 18.518675297542586, 23.872720956712705, 52.2920403116658, 51.91723412862616, 57.67652404902183, 65.14813028758373, 65.5542155995614, 61.60950088286138, 56.66808938733469, 48.52802081594158, 39.31732114308433, 40.577620209226424, 33.341209070411736, 33.07952130300209, 84.85443617594451, 75.83528811837415, 69.57535205679203, 64.37238017512992, 59.30532564902556, 54.53816979346978, 50.939869176331314, 67.39991801587819, 73.67407167090327, 80.69392715603098, 85.17572328662943, 88.30071173960367, 83.73096364710014, 73.35545414658387, 66.97274958396088, 62.07482401473548, 53.74239103224119, 66.5705747690507, 72.65307079912472, 78.77179535098732, 107.46940836449195, 110.85056195938976, 114.97317618116595, 116.11396483030484, 122.59688661813627, 123.95745287912878, 125.1348007274089, 108.20279664242044, 101.60246578755202, 95.10449263265878, 79.07246526249732, 67.87166911630888, 58.54534070083209, 49.59729531509727, 47.457988035245045], [56.61516833051408, 63.850254558515154, 71.18041605425039, 78.00438065057787, 71.09038720624535, 63.70154837915996, 56.48307875406848, 15.704644950442463, 10.313291646405622, 4.19822085299249, 9.075092887071186, 18.603702718498653, 8.51320713889425, 0.0, 8.410176535205489, 51.459704580761866, 60.87521608290409, 68.83150909054254, 78.60895248722497, 86.00145666772599, 86.32533707462628, 75.87400264203526, 67.17723290482935, 58.60887657830756, 52.38709444482923, 22.864254823156557, 20.609382746682783, 22.11973863054618, 26.65542476172496, 34.20763481721185, 27.737182317993966, 22.379821866997176, 18.224812113508634, 14.745502311926641, 17.4137572694602, 43.87839809576158, 43.57300975055885, 49.94206148891462, 57.66062446303349, 58.57042635714166, 55.35091649144002, 51.15253702633337, 43.773343335096754, 34.660133367572456, 33.92990819031689, 25.068549735041273, 24.817104816610435, 78.42761837255836, 69.47075674241538, 63.54787683953382, 59.08531213672538, 54.82284976937653, 51.12031837854372, 49.86793439721048, 65.30828046643845, 70.5419257660861, 76.8270934156628, 80.36730628157527, 82.74924345410817, 77.41963690651468, 67.51936760463717, 61.99065237671573, 57.91950796319514, 52.22338343405098, 63.294069488713816, 68.34353517714344, 73.68419293279233, 100.22111513506883, 103.80373263605544, 108.33034170694604, 109.95025173703931, 116.85395113194241, 119.09038268900738, 121.19380066227076, 105.64908617419479, 101.58368587514309, 96.9356455849471, 82.48288143541586, 71.94597014023853, 63.88898295837719, 55.67396658908131, 53.18086633367597], [48.26959683084836, 55.51255058844856, 62.837102275680905, 69.60244722690216, 62.72747941297773, 55.34446610881315, 48.1064137328801, 7.369248649105755, 4.33401414811823, 9.405012166619988, 16.973883474952366, 25.62271448322748, 16.678500878435596, 8.410176535205489, 0.0, 44.18526178229783, 53.37570256747799, 61.08090665979504, 70.68446774221802, 77.88475375308168, 78.09934831526729, 67.7908510906746, 59.15659757009621, 50.62339974302666, 44.51287921705026, 20.221557231815233, 21.49218115279124, 25.920381416576998, 32.12504783243544, 39.85606286858783, 34.112523126799196, 28.45769871046431, 22.691240359617144, 16.305065180237364, 14.687347829814984, 36.187645094902074, 36.595015312310444, 44.00051212379034, 51.11498444771032, 52.621470193069726, 50.75615624509611, 47.59674899656392, 41.067096248931776, 32.42319754594523, 30.09083016027607, 18.478967485347685, 18.026960231953748, 72.22116750767518, 63.90480140469761, 58.736906486916936, 55.335519512955344, 52.06203154048829, 49.45133765643471, 49.94137566808533, 64.22741267788115, 68.51546958255955, 73.9356971468644, 76.35010596118089, 77.60581567146224, 71.39191454593828, 62.619553758079775, 58.34770811013243, 55.21508327898704, 51.79582632092584, 61.11017912126125, 65.06676513410237, 69.38422967522874, 92.29662249110457, 95.74378350939749, 100.63158795382286, 102.81917472154126, 110.24996252828774, 113.53941510104809, 116.69868214350366, 103.45078289706346, 101.27223375390066, 98.02085347960883, 84.93131663535095, 74.85864785399602, 67.84097631253806, 60.2250090677221, 57.959844325012014], [20.461318836985775, 24.161923745298054, 29.70885794647561, 38.581185756901746, 32.4045354916703, 26.52371295135153, 23.420796703840928, 37.43166317337345, 41.77027939993306, 50.25085806845782, 58.76947537493554, 68.5785529748157, 59.57682264769551, 51.459704580761866, 44.18526178229783, 0.0, 10.106095793672898, 19.253365704815174, 30.71240860766641, 40.48904456920333, 41.9110866456402, 28.476795178457106, 19.667010957709763, 12.567056348154603, 8.035020932886113, 35.10732450718873, 44.51622015518382, 54.35783368632551, 65.14136656372416, 76.13979814134707, 72.16539827476048, 63.41709338035629, 54.176940130046205, 45.8324685975592, 37.627854488571714, 10.86056966561096, 23.722923107510447, 36.80178295079124, 45.80544765986934, 52.08560630502683, 56.545111297862434, 59.72393474372788, 60.84922827442889, 57.355754973344446, 44.448349753862956, 33.064677521675875, 27.00119760635815, 70.23638976642148, 64.87030956857419, 63.75198436349795, 66.31908258962974, 68.70509433993553, 72.09709029317082, 81.19180568881026, 88.78538883977164, 87.67050099601902, 88.42409982668279, 85.12583910721965, 81.32194064062665, 70.65268551506819, 68.03225363919685, 70.41410139425291, 72.7732911368344, 81.24654617377124, 81.4331531639751, 79.26949157009585, 78.05291017164161, 60.42728441583909, 72.55407930230086, 85.29927349842389, 93.79433022672818, 104.94989319323011, 115.2431619027484, 124.33476087251468, 120.35805127144674, 128.83406596560602, 131.48525327540165, 122.88663786663379, 114.16682842955917, 108.61806393267733, 99.25843681965655, 91.28506654239652], [19.467332741871083, 20.243352697356062, 23.86557521739784, 32.41836089485082, 27.728522495704112, 23.59390674165319, 23.114515116322274, 46.41049706747036, 50.95159105817757, 59.63583661927823, 68.12932752701433, 77.57492236405393, 68.97108210379416, 60.87521608290409, 53.37570256747799, 10.106095793672898, 0.0, 9.342581459360467, 20.953935276573915, 31.1768713925441, 32.99721196349808, 19.317569316008182, 11.53825711424498, 8.809296187943506, 10.796288452529462, 44.601769978748464, 53.789560946207054, 63.331595633820044, 73.78698552521014, 84.31693951591224, 80.79426583952296, 72.37933565085174, 63.388134446306665, 55.265779436776185, 47.16009047464887, 19.149988388176478, 31.052459391176477, 42.93947202285199, 49.721052449092994, 56.41821988587809, 62.37753642876946, 66.4885894178092, 68.36409458780578, 65.5847063059579, 53.09076711582706, 42.34076313073525, 36.735114733721716, 71.90519910702291, 68.27765323939428, 68.49082510008795, 72.19982771683112, 75.3969115814809, 79.38162865667776, 88.79910850026643, 95.43106989369994, 93.67983219456083, 93.5696657038152, 89.16389669352863, 84.00407973780905, 72.66066080491322, 72.25182786117817, 76.05871912325883, 79.18301113056879, 88.5962957853497, 87.65492648763926, 84.60889498727772, 82.24850065579308, 51.897233459669096, 66.0729899636701, 80.84776560985571, 91.02658511310995, 103.08436293268947, 115.1309215169935, 125.5974996228689, 124.77742825751386, 134.38900707329066, 137.68996545144913, 129.8314905879086, 121.26451484836518, 116.00812955044842, 106.57896770724476, 98.46726213783569], [20.56092087684022, 18.29727936259757, 19.177887403096566, 26.560647301707636, 24.008159354236156, 22.18004668657814, 24.194099672691127, 53.93894303462997, 58.7577146261374, 67.67068504321693, 76.1279399623877, 85.10863368380481, 76.9269164123421, 68.83150909054254, 61.08090665979504, 19.253365704815174, 9.342581459360467, 0.0, 11.675166234231483, 22.052935668422943, 24.138732046757987, 10.653192681058997, 6.566865891438701, 11.821177453179276, 17.363457896642217, 53.337524447968725, 62.367944806926296, 71.61200387811111, 81.61935954860691, 91.46739861852399, 88.31074687093636, 80.40435091578729, 71.73150062764293, 63.72278148234157, 55.665984359589736, 26.96184923218836, 38.06662394504832, 48.890350706677715, 53.181436066055326, 60.02245405082656, 67.30037968756132, 72.10918314130384, 74.44342899540962, 72.25886338382895, 60.53214158940674, 50.18794000717562, 45.14485767427858, 72.55388957367913, 70.75911041883639, 72.23912661071869, 76.89884606977236, 80.71947279650567, 85.098839527933, 94.54346676805645, 100.3110131005069, 98.09027776197188, 97.2305393570079, 91.8731894065737, 85.44099105983108, 73.61633782794166, 75.37186341408018, 80.42520015325027, 84.1323064286834, 94.10276724752937, 92.24473982689298, 88.50137012494665, 85.13728986215642, 43.46032553095927, 58.90330296843896, 75.31353457288176, 86.94948024753852, 99.77272828014654, 113.37550110230563, 125.06042748565989, 127.41564729569288, 137.7965853631156, 141.65054680059254, 134.59220443747304, 126.27127635727196, 121.48243533317175, 112.36860096415128, 104.7353059278035], [26.70245716211306, 22.162768210609794, 19.436655629281933, 23.203828358967105, 24.615593469148333, 25.854282052846973, 29.85001987220621, 63.464444831117255, 68.42111008829318, 77.47712076327186, 85.81900329071962, 94.19257394202072, 86.6079992963308, 78.60895248722497, 70.68446774221802, 30.71240860766641, 20.953935276573915, 11.675166234231483, 0.0, 10.874008508101968, 13.933514390074963, 6.567054457542591, 13.4558958707519, 21.417249753738343, 27.74018264713583, 63.92580809851197, 72.68576444237107, 81.49189428319649, 90.88466563679991, 99.85280113207143, 97.19765750808577, 89.94293340231438, 81.71702058557662, 73.9324007248308, 66.0168524651553, 37.61404560262991, 48.2739136513646, 58.20740093888052, 59.90507319120024, 66.68182241274356, 75.18947397459623, 80.53926296367788, 83.10472275203969, 81.38007629764438, 70.65406049038874, 60.4300024305549, 55.68678821554601, 75.54297171700082, 75.9914263269029, 78.82083828035509, 84.34443075412219, 88.66442625628227, 93.26935238865894, 102.37431182425705, 107.39141428440078, 104.84259146361968, 103.26144042197116, 96.9703410701528, 89.13303332980985, 76.94350886653459, 81.16949323058505, 87.43556056927065, 91.60543268797609, 101.72456125709222, 99.1611174715487, 94.83671903994565, 90.47425449516852, 32.71436199566834, 50.501279749028484, 69.43057309082619, 83.10034116522517, 96.91360532329126, 112.46707380051407, 125.59122335842822, 131.94784756924656, 142.70393606511033, 146.87521282458687, 140.55492622469927, 132.40553309373513, 128.00230211965393, 119.07930581320488, 111.90308749840877], [31.980728964205067, 26.393760911981943, 21.54624039637442, 20.829555005849883, 25.82860762389413, 29.307293802483144, 34.35496977013765, 70.61905166045058, 75.85816815989884, 85.0684637845672, 93.27316547394472, 100.95192737944504, 93.93198612348633, 86.00145666772599, 77.88475375308168, 40.48904456920333, 31.1768713925441, 22.052935668422943, 10.874008508101968, 0.0, 4.586964281161781, 13.15917544874275, 21.81119656301318, 29.7740697190703, 36.299636642881126, 72.89966507656773, 81.4918149638368, 89.94028830562651, 98.68531935431152, 106.6278920832595, 104.2927721443397, 97.82395479779473, 90.05967250487411, 82.35178430509829, 74.52024742925353, 46.07676005644335, 56.01540145706524, 65.02131691259152, 63.98098294733418, 70.49626192403016, 80.0846134448034, 85.84266183389065, 88.52316921993545, 87.31481614802067, 77.89659622207894, 68.01742418534973, 64.01545804624293, 75.60243498650088, 78.24581895229574, 82.33380240826631, 88.58275907616594, 93.29858530096128, 98.03718633060869, 106.68956159109705, 110.84734337959249, 108.03504336805337, 105.7938650247591, 98.71038055246666, 89.6129384191319, 77.28763624648361, 83.82674629946732, 91.15859698063734, 95.68660617716392, 105.80837582097334, 102.54503834773477, 97.74111536153649, 92.49486400601631, 23.28345326410842, 40.92795161000074, 61.46088666518961, 76.64432873524848, 91.16538961701262, 108.26965175324159, 122.56206725743574, 132.69967983153373, 143.67513074217672, 148.27716365841505, 142.96889901111547, 135.25782347700098, 131.6321983736911, 123.60517496043207, 117.77862719702519], [31.252747543705294, 25.213382514536885, 19.639304977826967, 17.29733808517467, 23.30861458789123, 27.618398898228786, 33.13531131952301, 70.79938609745727, 76.29918054441545, 85.60354377864819, 93.7907894741845, 101.2706388874336, 94.30481350766907, 86.32533707462628, 78.09934831526729, 41.9110866456402, 32.99721196349808, 24.138732046757987, 13.933514390074963, 4.586964281161781, 0.0, 14.207573762758582, 22.660841297775423, 30.458405862923644, 37.00395817540402, 74.22151505338401, 82.88512016121703, 91.35506593427768, 99.97835066641981, 107.62491099301779, 105.18910369518737, 98.96818392821366, 91.28063432940206, 83.44045893664362, 75.55352193023856, 46.552586343823876, 55.70676750815381, 64.07252044876005, 61.83138904678688, 68.21003917313517, 78.18509965481852, 84.13132663683496, 86.96784871572456, 86.11852641451225, 77.25771053710469, 67.90880550298206, 64.61896733303543, 72.06166492165572, 75.3490020047537, 79.87228506830365, 86.40408742808967, 91.31513357642588, 96.18415593701893, 104.88086986350649, 108.49345731333295, 105.47791593301112, 102.95704338600957, 95.59700693606378, 86.14747193824275, 73.8222107520963, 81.06237918027853, 88.78433104743206, 93.49541814201817, 103.86684849749159, 100.12273072417466, 95.07365367571947, 89.50508393495633, 23.316605793352533, 37.490714547829974, 57.21548668268317, 72.23433961564714, 86.70742789521775, 103.92672742798362, 118.39090616463126, 129.29901591464798, 140.67654368954726, 145.76601056569976, 141.11475083194674, 133.8219451505484, 130.82138484035121, 123.67966457555833, 118.90316048525568], [21.877956792273928, 16.477605716590805, 13.246107159870819, 18.014268785887925, 18.375321159282905, 19.877245977145645, 24.57534562347903, 60.472286335102076, 65.84688696119379, 75.05532591765522, 83.47442029668053, 91.86987810916789, 84.04835785490755, 75.87400264203526, 67.7908510906746, 28.476795178457106, 19.317569316008182, 10.653192681058997, 6.567054457542591, 13.15917544874275, 14.207573762758582, 0.0, 9.187859505052632, 17.735639592251108, 24.350965532732328, 62.2744573740199, 71.30783908473369, 80.37598890976132, 89.89460703575752, 98.84531422483126, 95.8259224205229, 88.61792563049802, 80.27303698516157, 72.15483809374496, 64.043540982928, 34.02818384872764, 43.47476158212404, 52.69355143218024, 53.64165511334367, 60.41564310486651, 69.1460394767678, 74.71986299697882, 77.6143040723039, 76.33369098460253, 65.83431638694799, 56.48519911891314, 52.812759774508756, 69.21247763818042, 69.5558894043197, 72.51649534542543, 78.24499763551825, 82.78787572340975, 87.64501447666241, 97.21165469573899, 101.63236066235233, 98.78485000994304, 97.00241346030609, 90.57694564186987, 82.76474833853685, 70.59535145089764, 74.81550874209634, 81.28859764089269, 85.67394410417629, 96.4232129530717, 93.2496097429009, 88.66113165254436, 84.1380916934381, 35.8514222289239, 49.65489103590135, 66.44566183418215, 78.97885463320893, 92.27194010966066, 107.18631605143113, 120.0053289024662, 125.72512543239498, 137.24056753336524, 142.14315564972668, 136.5245228303066, 128.9198867590159, 125.27459150010914, 117.5229272170609, 111.59944610169963], [15.069640512229912, 11.84158743064586, 13.059572942662216, 21.137758093536082, 17.665306466320818, 15.65551437408075, 18.32881018256095, 51.860404565060946, 57.22129254991197, 66.38522560234065, 74.86614086429019, 83.560944184977, 75.41681693743548, 67.17723290482935, 59.15659757009621, 19.667010957709763, 11.53825711424498, 6.566865891438701, 13.4558958707519, 21.81119656301318, 22.660841297775423, 9.187859505052632, 0.0, 8.654920499736612, 15.221354540353559, 53.51459094181748, 62.69386733354957, 71.97653465025112, 81.76558855906318, 91.12428153214358, 87.77284942255518, 80.27965327809332, 71.73351401376293, 63.45414365303755, 55.25512244857664, 24.872440000901577, 34.86689203445711, 45.0333984060792, 47.670975595386345, 54.47868046019561, 62.351561254624585, 67.42700592706748, 69.92887628567777, 68.19597028888093, 57.23123133552473, 47.54358860971765, 43.78355476293309, 66.1194440691886, 64.78241856916245, 66.6953389501461, 71.69345182542362, 75.75267922217992, 80.3018119059241, 89.85362097425819, 95.01905000134731, 92.58957662810941, 91.46609140334323, 85.85316452969073, 79.11604269908037, 67.22264589582024, 69.53227707030317, 75.01516301872316, 78.93152252099262, 89.24283130813704, 86.82816000597506, 82.82735981363533, 79.15550951227945, 43.36657490039292, 55.41870444822844, 70.17643570904835, 81.04810378807001, 93.58119411352321, 106.8969654570029, 118.5207782144976, 121.25933208641129, 132.02397366563807, 136.4551981640367, 130.17741419284604, 122.39417609427987, 118.46515168098897, 110.65953344427155, 104.68344957244742], [10.690653557005296, 12.179165537721417, 17.373324494303503, 26.131188913875718, 20.53831385264587, 15.33570309475141, 14.350302829925052, 43.34966999640641, 48.70650646311485, 57.852088141678806, 66.35864031155668, 75.2033842494624, 66.88022079176756, 58.60887657830756, 50.62339974302666, 12.567056348154603, 8.809296187943506, 11.821177453179276, 21.417249753738343, 29.7740697190703, 30.458405862923644, 17.735639592251108, 8.654920499736612, 0.0, 6.642367846519262, 45.27515444662897, 54.52001990375699, 63.889915587518736, 73.76386456969483, 83.29707482139261, 79.68419002904108, 72.09024273055128, 63.47626379617866, 55.0722151664675, 46.82339257387063, 16.37624695022684, 27.615511090229777, 39.07887340511213, 43.20922825715271, 49.85004124342155, 56.77951531387552, 61.16537120667691, 62.97365088416991, 60.61941157931387, 49.52513571070678, 39.08416940026896, 35.145721842629236, 63.9164844816286, 61.14069556360746, 62.00972078066142, 66.1395495953187, 69.55032778817433, 73.58881969391022, 82.74273888317921, 88.83170162753889, 87.00820836622745, 86.63516703531212, 81.9278530572174, 76.22870794329347, 64.73697599011194, 65.25532376587599, 69.64222552474288, 72.9245548959165, 82.3423023627456, 80.9597206861227, 77.7202566063361, 74.98261374591941, 49.98909241124522, 60.394907186158186, 73.39075984615219, 82.79876364179542, 94.64321039911859, 106.47918750886114, 116.95082795417959, 117.15413877605887, 126.70804096425486, 130.43120917054935, 123.41644109117644, 115.39974558650765, 111.16326097455499, 103.32339849292822, 97.4905754119424], [12.438807975813233, 16.686075761542256, 22.926145417880104, 31.647607503079563, 25.210962711203116, 18.863675658531687, 15.440805068584668, 37.31366141033198, 42.57192974609131, 51.62462062502042, 60.16917861480057, 69.2894067228879, 60.68911880982809, 52.38709444482923, 44.51287921705026, 8.035020932886113, 10.796288452529462, 17.363457896642217, 27.74018264713583, 36.299636642881126, 37.00395817540402, 24.350965532732328, 15.221354540353559, 6.642367846519262, 0.0, 38.95664933115165, 48.30300779011918, 57.83536209719992, 67.92372041402254, 77.80825713523667, 73.9198214319793, 66.07337252741921, 57.297635080718166, 48.77200618440376, 40.464470443596, 9.89772118229257, 22.567908369741335, 35.14387564081994, 41.07955932335337, 47.481837160597706, 53.32176377904164, 57.05414239378473, 58.32863525535993, 55.41648012869083, 43.92293597116492, 32.87065669517796, 28.607139855861387, 63.70144047064596, 59.57431307391572, 59.43238413025779, 62.735016224579724, 65.567410382038, 69.1924231480195, 78.14524213110029, 85.00040457458032, 83.64063257717778, 83.90544614749828, 79.99893869725575, 75.29766170699509, 64.27050862246928, 63.107148102951086, 66.44735978370997, 69.18252934920841, 77.94234014592703, 77.41122420043105, 74.81148149447988, 72.91480223444213, 55.939783573477015, 65.62458718474629, 77.45123509154269, 85.76869630621518, 97.00452218788189, 107.63652231549275, 117.14943651064623, 115.06164913019569, 123.7965249515732, 126.99580249697385, 119.34815545705646, 111.1368868363674, 106.57507160907669, 98.59422516429524, 92.633664642838], [47.36543643383539, 54.05172384098833, 61.11244827923347, 69.22732758796649, 62.47125049344918, 55.14654458482412, 48.7193461928154, 19.221744660699454, 16.576552669824025, 19.99609267532117, 27.19102672791379, 38.062927092969666, 28.89458073130624, 22.864254823156557, 20.221557231815233, 35.10732450718873, 44.601769978748464, 53.337524447968725, 63.92580809851197, 72.89966507656773, 74.22151505338401, 62.2744573740199, 53.51459094181748, 45.27515444662897, 38.95664933115165, 0.0, 9.664217706950728, 20.02926195755223, 31.73337098292323, 44.70455090834411, 39.730601602779956, 29.440300259444857, 19.541661531671483, 11.565722904524991, 5.681237584065291, 31.43487520824527, 35.89092643913917, 46.38815325018096, 58.33689633700026, 61.650089078882644, 60.291045660321224, 58.552852539842135, 54.593274173177605, 46.920627785323056, 37.498938328246616, 24.191450809660136, 14.80571649519202, 83.55412187449254, 74.7