{
	"dissimilarities": [[0.0, 7.36546029317198, 14.76266626409288, 23.101750181055593, 16.77680735361317, 10.574043231224708, 7.022904315117924, 40.94435732782737, 46.87712083234944, 56.22288440809685, 64.53704663789081, 72.80083107604183, 64.96130292044164, 56.68456741832754, 48.30571928071311, 18.25447230425963, 16.8283198705328, 18.20406371353218, 25.28887589716022, 31.555893881793395, 30.86379194731363, 20.584940076585045, 13.26135883739359, 8.755340103785917, 11.022502498724599, 46.39220053457122, 55.31622373129993, 64.25326399845605, 73.44830199756106, 81.9027871941532, 78.21065364098898, 71.54706311700055, 63.47676347979268, 55.069479963479225, 47.03094024580419, 17.277250124943958, 25.311031005257963, 35.520946698654036, 37.76807117824361, 44.85048381095189, 53.85842989901493, 57.89650738589599, 58.50720146247395, 56.22030911377231, 46.11637835743572, 36.60432792043811, 34.76216112974554, 59.21071236126364, 57.20633690123874, 57.57552712831961, 61.822923249714314, 65.34124101255303, 69.24425349925022, 78.64008980850188, 83.69802188135588, 81.95881984262171, 80.5107563965357, 75.64467997782177, 69.65279807111752, 60.11562366136972, 61.35168461173039, 65.19491387872975, 68.47476641352519, 78.12726028674942, 75.85116365026664, 72.59818793421438, 68.67131023420859, 49.788651140480006, 57.1283319225194, 68.5240631359247, 76.8269395583402, 89.20501253096535, 98.73373356665, 110.07408026781961, 109.6310132154945, 118.65169143664691, 121.87133300257123, 116.21130204668623, 108.54895756354452, 104.75893768195725, 99.79318593341294, 95.60984712815734], [7.36546029317198, 0.0, 7.397733859705483, 16.293758872242186, 10.72203316420696, 7.438173612142432, 9.866000396987372, 48.23033641195502, 54.2250880245483, 63.57423790358233, 71.86825617209486, 79.98065627052036, 72.24361887849001, 63.97320218458045, 55.57635418831755, 23.091526314573727, 18.508988763709485, 16.146779720374404, 20.392540959377918, 25.458216550203527, 24.26277432999545, 14.8910274358746, 10.132394714568713, 11.315387372878185, 16.367431478959094, 53.52016628515466, 62.49338822780242, 71.44328481960963, 80.6081878806851, 88.9111616556363, 85.37924342411132, 78.80466650626765, 70.75171299708042, 62.37302066357516, 54.31589418402867, 23.885148647358278, 30.87521243952451, 39.62326864262445, 40.10847449849817, 47.365124301802744, 57.32654047413018, 62.094755658798, 63.508985240880385, 61.97133622917099, 52.09002708345999, 43.56692838734969, 42.030384673237634, 59.21602521148512, 58.59368230530126, 60.06544841331187, 65.2162079808796, 69.42546656281735, 73.89043637627465, 83.73759843757726, 87.75364819683503, 85.35002311300147, 83.15265564329492, 77.35183972714455, 70.32011642260892, 60.38536284942219, 63.384177071685926, 68.39597441299516, 72.35213286942148, 82.9841532266732, 79.56834298297673, 75.49886600884221, 70.63831087331704, 44.44689450323118, 51.90215684131548, 64.23340580146403, 73.57003361993203, 86.50035414047206, 97.2752656141155, 109.63569940319711, 111.57219463481029, 121.9363028111736, 126.07303314264402, 121.32139245503551, 114.06688355432846, 110.76184860406354, 106.16004421032163, 102.2183393530978], [14.76266626409288, 7.397733859705483, 0.0, 10.201174327508472, 7.521106044819008, 10.370683240211369, 15.937599380877094, 55.55975656723216, 61.6018047675873, 70.95328057370516, 79.22680319126401, 87.19950620084047, 79.5610371277109, 71.30061061111994, 62.88943423590055, 29.087534477249697, 22.66991918392355, 17.338836424431285, 17.33779638069651, 20.168787148462346, 18.192700755283674, 11.354463277836123, 11.821672903621424, 17.040245734294388, 22.934104027796817, 60.74997096617002, 69.7482541205379, 78.69432169280665, 87.81784064149919, 95.97249139094907, 92.58608657466104, 86.10088848323994, 78.07352518022141, 69.72436995199554, 61.65930270630881, 30.904350597152145, 37.148542347172494, 44.65218306091808, 43.62860778053961, 50.877665548760376, 61.54698038050429, 66.9005403825127, 68.97847453331987, 68.07127635531629, 58.44070092994226, 50.68933685834721, 49.3742780658934, 60.12950682751894, 60.87286220012988, 63.3578526409646, 69.2702698606898, 74.05787641622506, 78.98348913555945, 89.16414132099963, 92.23417906103955, 89.24260883820631, 86.3648571696523, 79.72223179660234, 71.7430463067761, 61.54281266558043, 66.20569039357134, 72.24453186426483, 76.775253621567, 88.20097340952852, 83.78747781785847, 79.00241612331159, 73.31189499755101, 39.663146551674394, 47.13090727345809, 60.432068084343996, 70.84260221239184, 84.27908925259463, 96.30453065326371, 109.64514057820813, 113.96154460264535, 125.54771013939306, 130.5264437821131, 126.62396465039272, 119.75105045049432, 116.89027640643941, 112.6195042909374, 108.90832974671348], [23.101750181055593, 16.293758872242186, 10.201174327508472, 0.0, 8.04296128981913, 15.09250702636626, 21.59537891024179, 62.32658843604184, 68.79369071621528, 78.18375448230705, 86.20714057860228, 93.2875250815288, 86.08310331898093, 77.9350544105834, 69.48692237315645, 39.06797770640364, 32.83777526820029, 26.79549570764305, 23.063190422660455, 20.818286131427005, 17.165607521953223, 18.469360714172023, 21.832514289610963, 27.038939883209178, 32.569656310644696, 69.45232922345393, 78.24004762840299, 86.83974065617272, 95.35999745864784, 102.56579160580335, 99.37378633281638, 93.6478438595352, 86.06464034150079, 77.79782317965177, 69.90331540240845, 39.77403274905422, 44.37295236991965, 50.07022803956923, 45.49862951457018, 52.50990088668218, 64.55501104467508, 70.29196101827614, 72.47865164695938, 72.29899030562716, 64.25385013476459, 57.570332164701455, 57.476310572318695, 56.75969251100022, 59.981635353288006, 64.10881074923697, 70.86575487274463, 76.20904850598434, 81.38382727444922, 91.18099719603067, 92.97883108110119, 89.53497952597566, 85.89565591619561, 78.21983331189419, 68.77408319297673, 58.4595733145044, 65.85162025847943, 73.3127101560898, 78.36603078701701, 89.9176162218744, 84.41988079305634, 78.92322316251308, 72.19735358680961, 36.52172458945378, 38.64940930512946, 50.93331592747992, 61.848210037372006, 75.7115229138496, 89.0766942607843, 103.44267052159842, 111.69919023168421, 123.91132769162118, 129.8653036518709, 127.3880793084148, 121.32686623140708, 119.57470663774951, 116.74717005782315, 114.96766510537674], [16.77680735361317, 10.72203316420696, 7.521106044819008, 8.04296128981913, 0.0, 7.488679493976621, 14.671405561812163, 55.49600785090082, 62.081024621581754, 71.49939811036349, 79.59069010337643, 86.94262179904526, 79.32716427524173, 71.06744052740311, 62.69920631627212, 33.17341714279005, 28.400981763768414, 24.412033760304077, 24.611668394148705, 25.689143694712694, 22.815274661026855, 18.68615387191511, 18.417468026059773, 21.545955336695307, 26.288002571789036, 62.83320643886136, 71.75768584250677, 80.59780102817159, 89.4085765306097, 97.01688208698202, 93.42464010444247, 87.41638092620872, 79.61769375197076, 71.15526611558604, 63.168704463038004, 32.661030213851504, 36.40751165321477, 42.12961315520353, 38.45781312119026, 45.61141009849113, 57.19254495070843, 62.78211811642747, 65.00853390840557, 64.77784425007873, 56.31778744947121, 49.9776845453553, 50.34790950799054, 52.89200567163408, 54.423442077126914, 57.65722206463882, 64.02946754782927, 69.17118372678377, 74.33343249266355, 84.6045160853889, 86.74745279270118, 83.40875571716616, 80.14421440759524, 73.07394297118442, 64.62483511394811, 54.37432188153048, 59.98459018139433, 66.72411182742245, 71.57724151422336, 83.41029026888395, 78.1635950847205, 72.95569209898844, 66.79857193400112, 43.19685339283527, 45.53970427354866, 55.80541443016419, 64.74218502239556, 77.56192950155354, 89.01871834608617, 102.29405001412674, 107.11668944127561, 119.36196931106497, 125.22205928550684, 122.4486038549637, 116.42088127552552, 114.57015343397818, 111.97143803894014, 110.22949571526567], [10.574043231224708, 7.438173612142432, 10.370683240211369, 15.09250702636626, 7.488679493976621, 0.0, 7.44239551629252, 48.06996543247938, 54.67918759050324, 64.09860326982678, 72.20262260317317, 79.68478083680056, 71.92416539099477, 63.63551790232574, 55.288110860498335, 27.756123443164086, 24.909392739657065, 23.350723019234117, 26.77408543972432, 30.06254614291878, 27.94957916108481, 20.86820432877793, 17.102229156915655, 17.04784528133321, 20.486150587543015, 55.7072951225506, 64.59269278833288, 73.43919098489702, 82.29244779081095, 90.05270111644857, 86.27466340678932, 80.17749922271558, 72.35171021373078, 63.846073171295934, 55.87878559542528, 25.816329358716917, 29.636840223411284, 36.413893348832865, 34.192764296240426, 41.45160535623291, 52.37447523838135, 57.409022746147755, 59.011046856872035, 58.19534212144293, 49.46548070531589, 42.5498418009006, 42.982540159416885, 51.83723559545896, 51.74778372241144, 53.85725014113526, 59.45981763353165, 64.03943653517062, 68.78106858083407, 78.83390657377076, 81.92399137942775, 79.15697034865458, 76.59455354706706, 70.41453019722196, 63.02572891194683, 53.04129668210713, 56.74126845657154, 62.3983465511721, 66.68707754354008, 77.84066460082141, 73.56070069766687, 69.06980695342929, 63.78747670675114, 47.83282334889658, 50.7833745984105, 60.22140499125554, 67.99921150649753, 80.21443348824812, 90.25294500553228, 102.4454649723083, 104.56065641509447, 115.642744901129, 120.69482879225755, 117.08445702687426, 110.70316793615946, 108.43954380645559, 105.594158558896, 103.69407203790323], [7.022904315117924, 9.866000396987372, 15.937599380877094, 21.59537891024179, 14.671405561812163, 7.44239551629252, 0.0, 40.8690321552101, 47.46619511366471, 56.88080199090961, 64.9321269582417, 72.34062464490759, 64.70893553224303, 56.47178681111384, 48.070339723584745, 24.30633057650751, 23.76049284045015, 24.48148554656504, 29.82397807754849, 34.27627609761903, 32.79901714048495, 24.720842000468448, 18.905716194753452, 15.56098541602285, 16.945301806607457, 49.126597208053134, 57.78026932412594, 66.38766968416996, 75.0138487017899, 82.63255973951719, 78.86304372014497, 72.91144481784353, 65.2639201778186, 56.85769559961741, 49.032383512082326, 20.67610961523057, 25.448864259762516, 33.88805749701451, 33.1248581374903, 40.23699010993007, 50.3722343341387, 54.51310069524166, 54.914254614852744, 53.10947933239424, 44.50387215272657, 36.21195780175553, 36.391624772170886, 52.78414329860268, 51.55599075157561, 52.61544977275018, 57.218126472992985, 60.979146691936926, 64.95755168022336, 74.1164858941552, 78.50772403162046, 76.6396008805947, 74.94248821850805, 69.7443785263485, 63.27036052077498, 53.71594734678329, 55.840401872582056, 60.302119916063226, 63.77389627566008, 73.4074497301635, 70.58074239392872, 67.07648296968061, 62.78412335353449, 51.199064408803224, 54.568318608033024, 63.659406490097176, 70.79758441719146, 82.72272101734171, 91.8281032298588, 103.0673626102675, 103.4714926866247, 112.55766994332015, 116.34278629485104, 111.59888145492422, 104.6204317715245, 101.77993220925784, 98.41733889661342, 96.36705486406123], [40.94435732782737, 48.23033641195502, 55.55975656723216, 62.32658843604184, 55.49600785090082, 48.06996543247938, 40.8690321552101, 0.0, 7.611554490696956, 16.53385605796077, 24.28903201129121, 32.64129385067707, 24.043976073760078, 15.751843218860897, 7.402784349390979, 37.495015019787964, 46.37334740089278, 53.84083206514809, 63.42510703920239, 70.63756711322637, 70.6350878491594, 60.35074951228826, 51.79267820788045, 43.378903404961775, 37.473143731079844, 19.52186396604507, 23.613619432101764, 29.847105991028574, 37.27149461135245, 45.31455627762952, 39.99470788582033, 34.0293921751603, 27.35549783911786, 19.789117599158534, 15.196323681102411, 29.31594363376521, 29.82946532716007, 38.08921921884193, 45.90198424629131, 48.681748611126004, 49.56260275769412, 47.27581269687224, 40.856849551392344, 32.66064076497204, 27.057205780979615, 13.360083420454899, 12.930032244057974, 69.51258748345379, 61.866786135691044, 56.6348076132107, 54.310207169819485, 52.24795737217972, 50.87164522885537, 54.230415521243955, 66.19366536070707, 69.41525797115959, 72.9203631953081, 74.2205536196315, 74.54350802756136, 68.97313351555209, 61.48001671692514, 57.76718247327659, 55.74606604533471, 55.61368991196382, 62.037356812232716, 64.77156724480295, 67.06120672479948, 85.17601870172784, 89.52669840181974, 95.56417101645631, 98.44497823928154, 107.13515329043499, 109.84972127344969, 115.040018961488, 102.33039214027522, 101.84840491307804, 98.95656190637693, 87.78103900740422, 77.95139331001205, 71.38054585661158, 65.35771927029141, 62.1052038174739], [46.87712083234944, 54.2250880245483, 61.6018047675873, 68.79369071621528, 62.081024621581754, 54.67918759050324, 47.46619511366471, 7.611554490696956, 0.0, 9.419484669214713, 17.739048562946437, 27.596996379845507, 18.900190231248523, 11.278054846110079, 5.709400009513172, 41.25655908807917, 50.42280903858391, 58.28262276144295, 68.12042321533096, 75.74686203083839, 76.07216475146065, 65.50971036953798, 56.89074455204371, 48.4341796975087, 42.35785873995683, 15.56097320426605, 17.015041954274015, 22.34373787205075, 29.954224432432735, 38.993678412219026, 33.41870683330577, 26.61600288355849, 19.75857111454219, 12.612704658668934, 10.371622817740867, 34.27773476616169, 35.62178430826814, 43.938523363714, 52.953326001251384, 55.44353910150006, 55.14960447776008, 52.242969506585645, 45.46899620756284, 36.74409514033751, 31.438786434469762, 18.869481575079767, 15.769619934522389, 76.800187560314, 68.72179503772834, 62.95788568322161, 59.95632615828419, 57.22281082097738, 55.14316714781252, 57.38882498979116, 70.40003546204379, 74.28979311140529, 78.41454853114213, 80.44991400574153, 81.43584140668789, 76.186240232981, 67.97533586312834, 63.42728496627345, 60.78590136079673, 59.16845794226187, 66.96036623781951, 70.43880907768956, 73.41860536268115, 90.0033140096151, 95.70434399704395, 102.44641062508006, 105.60095104167821, 114.33958069877194, 116.85906934138507, 121.57808631722246, 107.56978670636865, 105.60695420262353, 101.30075834268038, 88.58978379928696, 77.85706204832192, 69.8885903540542, 61.84032217211869, 56.32554591773622], [56.22288440809685, 63.57423790358233, 70.95328057370516, 78.18375448230705, 71.49939811036349, 64.09860326982678, 56.88080199090961, 16.53385605796077, 9.419484669214713, 0.0, 8.628728384041473, 20.055095210648314, 11.435141467317184, 7.397877137758101, 10.724288688898952, 49.673655997328915, 58.98104114191115, 67.03362487178674, 76.95461637343905, 84.71127567768029, 85.17451501609021, 74.57204454058962, 65.94435257092228, 57.48573083027845, 51.33718622158375, 18.81069333431304, 15.011094937228597, 16.15460780695898, 22.136990949551322, 31.46567917032135, 25.124438225625205, 18.09746914749709, 12.663467713266142, 9.410885252616673, 13.873745186066953, 43.205097473881956, 44.037329993424954, 51.35023679600251, 60.721183105217456, 62.51704618806033, 60.77285696313196, 56.85121919091025, 49.23574509517948, 40.003809820004555, 36.59294062338116, 26.617871960670257, 24.02381023790275, 83.97158316234103, 75.33086261544965, 68.89614738497707, 64.84333281490511, 61.08742416707649, 57.87227965271599, 58.220476893852954, 72.4718511144815, 77.38552389953011, 82.43516310150058, 85.62347685809345, 87.68616186019257, 83.18211870103828, 73.90196228921863, 68.15202569977073, 64.53413778848231, 60.493428762590696, 70.16188771034425, 74.78833039272509, 78.84718381175804, 98.53121681829703, 104.39095566110875, 110.8205473223421, 113.477683946316, 121.72517833312673, 123.30219225744277, 126.95084464190339, 110.80209290982579, 106.6144320535007, 100.58557779306089, 86.24059611495, 74.79983787494378, 65.58627783879385, 56.26395250214536, 49.72107439913941], [64.53704663789081, 71.86825617209486, 79.22680319126401, 86.20714057860228, 79.59069010337643, 72.20262260317317, 64.9321269582417, 24.28903201129121, 17.739048562946437, 8.628728384041473, 0.0, 12.579081290922081, 6.337406411161746, 10.485989016595953, 17.45785262921614, 58.27230456429281, 67.53522112088989, 75.51831575749355, 85.26790737529548, 92.85325397391902, 93.3168940114773, 82.98994983088558, 74.44000435047991, 66.02167291145095, 59.919676368286815, 26.363110245737584, 20.22248127480861, 16.568768495524193, 17.70297736674354, 25.11866955544501, 18.02004035648006, 13.124646425111726, 12.959116112858199, 15.342498128447042, 21.901605371437295, 51.79519560073353, 52.100979935091566, 58.510246683938576, 67.3195989322042, 68.52989763591614, 66.00410192230167, 61.266565706896195, 52.73986398022998, 43.263639388844695, 42.2523793661023, 34.18704805188519, 32.577738417697724, 89.28546916009833, 80.5103239323814, 73.76413548701716, 68.9023570766055, 64.30123739387399, 59.996634634214026, 58.0750629673566, 73.33071272686385, 79.28446461093024, 85.13418198606507, 89.27382785573288, 92.11069250204746, 88.34510789789118, 78.4987660036403, 71.91322127199922, 67.44347648838978, 60.76385080373741, 72.15559601380136, 77.82635991434327, 82.75665920360645, 106.00320483100089, 111.201070021004, 116.88048224857387, 118.8506333208897, 126.52763856841355, 127.18208480287895, 129.77563073659056, 112.2952940537148, 105.58112520233881, 97.81769631414647, 82.02502018493685, 69.99509525288114, 59.81848250560197, 49.880655755319324, 43.89072735959434], [72.80083107604183, 79.98065627052036, 87.19950620084047, 93.2875250815288, 86.94262179904526, 79.68478083680056, 72.34062464490759, 32.64129385067707, 27.596996379845507, 20.055095210648314, 12.579081290922081, 0.0, 10.930308941577179, 18.537636009677527, 25.42246015961195, 68.70813786391992, 77.59454462152122, 85.02944886413572, 94.04309685243665, 100.8321096201498, 101.0867756566482, 91.78369400554804, 83.56092640844574, 75.34329693657217, 69.54622595700845, 38.513324164409, 32.38959549584911, 26.751439755103068, 21.747436032745423, 20.75129744682886, 14.745305925090939, 18.852894446697196, 24.01017252839831, 27.70908769964953, 33.841327358063026, 61.64297644806426, 61.352387010122385, 66.74801405910712, 73.24817092540955, 73.8629398774656, 71.53775512809827, 66.07646337389662, 56.10090226810722, 46.57163760777192, 49.49573750732107, 42.99080647948815, 43.14584760142943, 92.01883013306686, 83.98707057948157, 77.54565001441374, 72.07042266012058, 66.67516829383683, 60.97978267770194, 55.13668129244284, 71.43824880151196, 78.88128589456235, 85.54808377165214, 90.51555352786926, 93.71344643319858, 90.93007158626354, 81.39475566268014, 74.42762568740048, 69.05270556698865, 58.24470506519645, 71.76893346233533, 78.65925134367981, 84.32837457913477, 112.45984079454331, 115.2950901329041, 119.1756596450687, 119.91253452797378, 126.70110668083889, 126.25793834422707, 127.5137741729213, 110.2960538192678, 99.38024324828075, 89.11085322750492, 71.56438552916073, 58.66017618283656, 47.62977329211507, 38.39130432567076, 37.936560694226216], [64.96130292044164, 72.24361887849001, 79.5610371277109, 86.08310331898093, 79.32716427524173, 71.92416539099477, 64.70893553224303, 24.043976073760078, 18.900190231248523, 11.435141467317184, 6.337406411161746, 10.930308941577179, 0.0, 8.515306210485738, 16.68441791519653, 59.98679246455254, 69.28544346927086, 77.14087724965525, 86.81172465658406, 94.08648492740997, 94.25935881418992, 84.12543578662117, 75.55442375539221, 67.09164171948518, 61.00906579667194, 29.93108827321302, 25.168147712368363, 22.783565634587422, 23.40065566973507, 28.44976812895933, 21.393393624046933, 18.903789830062912, 18.992930224296643, 19.78541440161062, 24.988210210960307, 52.58267747894069, 51.458635700169594, 56.65721545912564, 64.47044884281817, 65.1639017562807, 62.33841501832925, 57.169376777507175, 48.02450298931483, 38.482643208757764, 39.396875148261415, 33.04770576087419, 33.5989170352282, 85.31382941986712, 76.40472087803941, 69.5329807650253, 64.27111440095784, 59.29864523945347, 54.528330589521985, 51.887366283620004, 67.32250651264822, 73.58140692509838, 79.69905012184839, 84.2337270604234, 87.51578596833079, 84.25757008423555, 74.02929377858156, 67.07039395556976, 62.22957180393783, 54.647111834510014, 66.4854416921093, 72.54534169778337, 77.8697752007616, 107.35263723875572, 110.87863168193913, 115.16538093767385, 116.10067461974114, 123.0504124872749, 122.77435879224687, 124.74273561625425, 106.38779051278198, 99.40296477982143, 91.91761723120985, 76.67690533839719, 65.3316107877264, 56.188297477447954, 48.97980914913167, 46.8490762273084], [56.68456741832754, 63.97320218458045, 71.30061061111994, 77.9350544105834, 71.06744052740311, 63.63551790232574, 56.47178681111384, 15.751843218860897, 11.278054846110079, 7.397877137758101, 10.485989016595953, 18.537636009677527, 8.515306210485738, 0.0, 8.524101558994591, 51.91318842957904, 61.22403799749562, 69.07670843859178, 78.8614599549256, 86.19933566940328, 86.29194396171158, 75.96320321853435, 67.32468700431856, 58.823346235357214, 52.71799516929494, 24.06801349283503, 21.861156650267294, 23.147831080738772, 27.4013346733146, 34.39265830517733, 27.79445597772802, 23.062127809552024, 19.36673469748109, 16.15248211977348, 18.7572668067876, 44.19623976346002, 43.05945125476316, 48.80589565451656, 56.92614775620731, 58.10065255274637, 56.0307771808097, 51.58280103306161, 43.158071744737285, 33.705154568964566, 32.564157637708284, 24.70109498503238, 25.430989827167583, 78.93381449372141, 70.10240803363267, 63.49828273506019, 58.97689475552905, 54.80294110760462, 51.095277613174, 50.839938499013996, 65.2398390014104, 70.44743820002157, 75.77584572814091, 79.3854168205281, 81.94308967834694, 78.00442359325635, 68.24766188838917, 62.066143860579274, 58.03745717119716, 53.14965162874662, 63.21448785279483, 68.24854950573246, 72.74286244623373, 100.12259711064907, 103.8804940778461, 108.5958888454786, 110.00035368225629, 117.39459808714251, 117.88615255083162, 120.83668825795873, 103.72822774346412, 99.35812603850783, 93.76036607875966, 80.1623089186383, 69.54755409060525, 61.551685255488565, 55.13647893234566, 52.595230106010334], [48.30571928071311, 55.57635418831755, 62.88943423590055, 69.48692237315645, 62.69920631627212, 55.288110860498335, 48.070339723584745, 7.402784349390979, 5.709400009513172, 10.724288688898952, 17.45785262921614, 25.42246015961195, 16.68441791519653, 8.524101558994591, 0.0, 44.4688171660063, 53.49335739368366, 61.06364955034394, 70.62253613209657, 77.79179798770477, 77.82900474579766, 67.6814359804144, 59.14487006764794, 50.72872823318488, 44.780430812295954, 21.008731429225445, 22.00275613358831, 26.037791034952214, 32.01349398672534, 39.384940348772915, 33.63355159616936, 28.38664841302321, 22.975285923508636, 16.98401014132004, 15.746081815144809, 36.52336984679485, 36.26455039136452, 43.269991908666285, 50.94860983925748, 52.94596554701479, 52.55554477384118, 49.175491449122106, 41.52856808625003, 32.496785881649174, 29.37477941359167, 18.442406014146687, 18.785199393235807, 73.53060956181876, 65.44865892131158, 59.62509253916059, 56.2327352482308, 53.11762314156571, 50.5299434653321, 51.93003403355157, 65.20328163205288, 69.48065502351382, 73.88724849470685, 76.2748228712709, 77.57909976190065, 72.80147377984545, 64.34350265070768, 59.480685831775325, 56.447534621703035, 53.7649384746281, 62.07350472584018, 65.97302720994035, 69.3172302627679, 91.79247929608843, 95.66414560991888, 100.97743890747707, 103.12559800723452, 111.21381862522784, 112.9086600551661, 117.03294092809006, 102.56804293637242, 99.94970222901986, 95.64343931584378, 83.24673780245601, 72.9357257908721, 65.68698630204887, 59.454398485878116, 56.74388577429592], [18.25447230425963, 23.091526314573727, 29.087534477249697, 39.06797770640364, 33.17341714279005, 27.756123443164086, 24.30633057650751, 37.495015019787964, 41.25655908807917, 49.673655997328915, 58.27230456429281, 68.70813786391992, 59.98679246455254, 51.91318842957904, 44.4688171660063, 0.0, 10.132440434182227, 19.39741727737383, 31.32985443630067, 41.090769440220335, 41.959369077306405, 28.425735537990725, 19.512865895908238, 12.065061325921716, 7.410364175103268, 35.02854155605441, 44.427964625490574, 54.32091566863957, 65.17735907011723, 76.11256587622296, 71.99157103201432, 63.295329375844105, 54.05854606759059, 45.70334155122771, 37.48135609678202, 10.819159003208615, 23.270658206973565, 35.95588653433628, 45.7857346713517, 51.95970204862752, 56.88492350815458, 59.90829928303347, 60.71566511840222, 57.28732660041795, 44.002205336613486, 33.073137548326486, 26.92540956248046, 72.20514472903736, 66.92203823137503, 64.66083063023794, 67.17765988113034, 69.53659269110786, 72.9146536455621, 82.94640606876608, 89.77010412232092, 88.59261168754563, 88.28512263820392, 85.14327878335382, 81.5928448625247, 72.74157143452788, 70.00809701688131, 71.26420313226721, 73.55232945623904, 82.98317033140222, 82.41921315866865, 80.32080435389604, 78.14344327985263, 60.48873918908792, 73.51646138885431, 86.62381186463382, 94.98968122976157, 106.94128522251124, 115.14492666060163, 125.30232160588655, 119.18009329308637, 127.85583935783613, 129.76353226340777, 121.96499172757633, 113.13522545967298, 107.33911190678081, 99.48516170927408, 90.75520534215754], [16.8283198705328, 18.508988763709485, 22.66991918392355, 32.83777526820029, 28.400981763768414, 24.909392739657065, 23.76049284045015, 46.37334740089278, 50.42280903858391, 58.98104114191115, 67.53522112088989, 77.59454462152122, 69.28544346927086, 61.22403799749562, 53.49335739368366, 10.132440434182227, 0.0, 9.473281857157525, 21.615441816612357, 31.77726525907113, 32.96741119044179, 19.197383004927993, 11.28325611053228, 8.257674202865298, 10.521591054154168, 44.52352516936759, 53.68166126495027, 63.238976519655125, 73.73921767782704, 84.20048838417702, 80.56612886621284, 72.2150258642769, 63.24459683069783, 55.12999264844422, 47.03624777840124, 19.12112869372593, 30.574940978303932, 42.106074369828946, 49.60392256899704, 56.320487971273735, 62.83026762345515, 66.75398943628953, 68.2419817253687, 65.46813748238138, 52.62270398812774, 42.248139449410125, 36.659475049538464, 73.86784231491983, 70.27453828685424, 69.35696783718872, 72.99601259921691, 76.16913243523042, 80.1275752600475, 90.40834329799927, 96.3173545730181, 94.53106488277659, 93.40520839919509, 89.12239843457317, 84.1788740500322, 74.71897617015108, 74.1733081210973, 76.88516723273905, 79.94202928997993, 90.20141458761047, 88.54830147791527, 85.56821059035813, 82.26315627401924, 51.849915181149, 66.94814575456671, 81.99630235313019, 92.02630882255687, 104.92864860034307, 114.94138755845157, 126.43065251378825, 123.66523727735819, 133.3955526524682, 135.98421416689573, 128.8693361152599, 120.15677688309788, 114.65483949361405, 106.69762036405555, 97.8873173014224], [18.20406371353218, 16.146779720374404, 17.338836424431285, 26.79549570764305, 24.412033760304077, 23.350723019234117, 24.48148554656504, 53.84083206514809, 58.28262276144295, 67.03362487178674, 75.51831575749355, 85.02944886413572, 77.14087724965525, 69.07670843859178, 61.06364955034394, 19.39741727737383, 9.473281857157525, 0.0, 12.234583749118075, 22.51673435040368, 23.921497619144716, 10.40412578714993, 6.373275388629776, 11.788908291892724, 17.500825288880435, 53.312060383849065, 62.28131423630671, 71.49056509386229, 81.50286458791156, 91.26526448795096, 88.04175793386591, 80.22180426974565, 71.59708127566579, 63.62330677484481, 55.61703242093132, 27.02530652789749, 37.55674820582459, 48.04376280290009, 52.96133389023944, 60.01435423922688, 68.01572810373287, 72.5769793241482, 74.38306523635676, 72.11696002486565, 60.02693744569137, 50.02678694358828, 45.1266607235528, 74.4825262514331, 72.67978420839981, 73.07628345486393, 77.64474270288146, 81.45603129452498, 85.7959438952112, 96.01300323480913, 101.10252263187165, 98.88017853566684, 97.06028745459972, 91.77309293468707, 85.49982885133682, 75.61114149821907, 77.2391324994597, 81.26476058056204, 84.9166105655831, 95.58530675733964, 93.05055769701332, 89.36490040289073, 85.07155376444126, 43.17276660599649, 59.55824611806696, 76.1745209550375, 87.65728451989042, 101.37610086791314, 113.05220553234481, 125.70740266058428, 126.42295536187146, 136.78719642991877, 139.95129060563383, 133.571607650398, 125.07233369577624, 120.02137742909574, 112.33677566688203, 104.09821801083272], [25.28887589716022, 20.392540959377918, 17.33779638069651, 23.063190422660455, 24.611668394148705, 26.77408543972432, 29.82397807754849, 63.42510703920239, 68.12042321533096, 76.95461637343905, 85.26790737529548, 94.04309685243665, 86.81172465658406, 78.8614599549256, 70.62253613209657, 31.32985443630067, 21.615441816612357, 12.234583749118075, 0.0, 10.7065951392777, 13.134314038707238, 7.0313343517143325, 14.140903588331193, 22.132608967490416, 28.492168772412626, 64.17115437495478, 72.80247289293622, 81.47065779670504, 90.76509839397549, 99.55900517631214, 96.92498425914683, 89.83743217377723, 81.73375444400686, 74.03931521497249, 66.24068809233384, 38.06624724325553, 48.025609297623795, 57.64381776993049, 59.75586034396674, 66.99078812578907, 76.48730901300064, 81.4988599067704, 83.30169128043384, 81.36433058759351, 70.32438025964439, 60.392497041425486, 55.949939070233235, 77.44794978067289, 77.91934442974039, 79.78826523182428, 85.19997904909883, 89.52674638123247, 94.0537161033322, 103.75157881176925, 108.14041165830217, 105.65744116171321, 103.19194104839339, 96.88541893969936, 89.08050168175856, 78.87749736974652, 83.08865765741601, 88.45400455907455, 92.57938847611156, 103.13728236729625, 99.94933729282961, 95.67669737913221, 90.39351256476014, 31.583715285276206, 50.37641074407419, 69.47459205397128, 83.07446756362611, 97.9040667491707, 111.81315483993691, 125.83623929461035, 131.1868470900683, 141.63547383528137, 145.10945443835806, 139.36664885623387, 130.97331055058868, 126.323971972727, 118.76264123925559, 111.14330466247243], [31.555893881793395, 25.458216550203527, 20.168787148462346, 20.818286131427005, 25.689143694712694, 30.06254614291878, 34.27627609761903, 70.63756711322637, 75.74686203083839, 84.71127567768029, 92.85325397391902, 100.8321096201498, 94.08648492740997, 86.19933566940328, 77.79179798770477, 41.090769440220335, 31.77726525907113, 22.51673435040368, 10.7065951392777, 0.0, 4.378036751910955, 14.037048149554268, 22.68060724225083, 30.742013366860764, 37.25564055085547, 73.18770888500626, 81.63906480678972, 89.93454821413104, 98.59430576754451, 106.41929783935456, 104.12110726770918, 97.7847507186224, 90.13168664706366, 82.53050662575373, 74.84640023788498, 46.58665057776167, 55.605558833929905, 64.24348579678704, 63.698009776310286, 70.92520741698146, 81.67675147986702, 87.0175940696621, 88.78628680508794, 87.27248992533602, 77.40358826215883, 67.90897968953075, 64.34676316554403, 77.54500392689872, 80.05774083281791, 83.23315130492654, 89.3312454621181, 94.08967135909994, 98.76676717617849, 107.98431981938202, 111.54034249634536, 108.80133492229525, 105.75575554969097, 98.59313601703826, 89.50775818528783, 79.20755186142944, 85.67248354477078, 92.19138940207135, 96.71004345910626, 107.16006319583151, 103.27293633962638, 98.48519652468141, 92.36408488588576, 22.33202805580848, 40.99556074802463, 61.54826426322309, 76.60927604886811, 92.1495810836233, 107.75653737500777, 122.81865561401716, 132.23672262213762, 142.80408436085577, 146.78668258222143, 141.98337954527264, 134.02039161168858, 130.1093722353509, 123.38470594945093, 117.20521666554808], [30.86379194731363, 24.26277432999545, 18.192700755283674, 17.165607521953223, 22.815274661026855, 27.94957916108481, 32.79901714048495, 70.6350878491594, 76.07216475146065, 85.17451501609021, 93.3168940114773, 101.0867756566482, 94.25935881418992, 86.29194396171158, 77.82900474579766, 41.959369077306405, 32.96741119044179, 23.921497619144716, 13.134314038707238, 4.378036751910955, 0.0, 14.349198902617875, 22.92834757645448, 30.943746744316165, 37.50186814891772, 74.18320395806082, 82.75253812856805, 91.13745635976339, 99.77007968508335, 107.42535062545917, 104.97388570000912, 98.7878630154579, 91.14051264959312, 83.37349239290883, 75.60480398842196, 46.61492163009533, 54.75621535693762, 62.702910971809246, 61.14945594010127, 68.32633041106688, 79.45876684605224, 84.9855805351842, 86.94646425205562, 85.80067765308536, 76.32311778017095, 67.45469532793159, 64.62071543461101, 73.89993530617258, 76.86911916636015, 80.4346788584123, 86.80322397332532, 91.78486274778393, 96.6424494269757, 106.01498602456462, 109.03281891882273, 106.04360044857866, 102.73892494116862, 95.29820025643008, 85.93315346668882, 75.61835495358046, 82.62853431167895, 89.53509704170419, 94.26647382015331, 105.06107070692573, 100.66392208405401, 95.59809585568247, 89.18999515743384, 23.282405166281468, 38.45831421997462, 58.05387531130334, 72.77461932935145, 88.15993586251827, 103.73107650977994, 118.91500021992634, 128.82504800179342, 139.94543679961157, 144.49730389829213, 140.35793708847555, 132.85837050790005, 129.49126825963282, 123.64480527515386, 118.47022843774862], [20.584940076585045, 14.8910274358746, 11.354463277836123, 18.469360714172023, 18.68615387191511, 20.86820432877793, 24.720842000468448, 60.35074951228826, 65.50971036953798, 74.57204454058962, 82.98994983088558, 91.78369400554804, 84.12543578662117, 75.96320321853435, 67.6814359804144, 28.425735537990725, 19.197383004927993, 10.40412578714993, 7.0313343517143325, 14.037048149554268, 14.349198902617875, 0.0, 9.271177409751042, 17.928378647196773, 24.576436469184447, 62.16820971413854, 71.14599673625759, 80.18953154611863, 89.75208540514811, 98.70015293754727, 95.61010019001054, 88.43093340541792, 80.10327392681252, 72.02217738929585, 63.97654900937029, 33.992640272900914, 42.64504392176626, 51.466764002151976, 53.17691699310051, 60.3876783246092, 69.97145394873239, 75.23219893298948, 77.5020942126063, 76.076835812083, 65.05827757156791, 56.14811173249764, 52.73450664130591, 71.15859180458412, 71.30162595948036, 73.18179385195324, 78.78033181661783, 83.345166880816, 88.18981958008443, 98.52811517138086, 102.32072100070357, 99.46343669642145, 96.79383028513115, 90.39810372475662, 82.76514264737756, 72.56499591683982, 76.52999030067127, 82.02921560701252, 86.38946458074078, 97.77094535251419, 93.93859669542105, 89.37778829636784, 83.98093222772756, 35.98334522236997, 50.796916906458584, 67.70430583958381, 79.97174612892579, 94.11271867607041, 107.07627839722623, 120.78309787142342, 124.91803784966903, 136.40988840683417, 140.70323531322245, 135.72114781346434, 127.96618940644022, 123.95440590993077, 117.59850998876293, 111.13908626646003], [13.26135883739359, 10.132394714568713, 11.821672903621424, 21.832514289610963, 18.417468026059773, 17.102229156915655, 18.905716194753452, 51.79267820788045, 56.89074455204371, 65.94435257092228, 74.44000435047991, 83.56092640844574, 75.55442375539221, 67.32468700431856, 59.14487006764794, 19.512865895908238, 11.28325611053228, 6.373275388629776, 14.140903588331193, 22.68060724225083, 22.92834757645448, 9.271177409751042, 0.0, 8.73107099308138, 15.3506982430183, 53.37299730824198, 62.517251236560924, 71.81174542809045, 81.68080185749743, 91.05998256512305, 87.60307891970515, 80.11580764644827, 71.56357938529594, 63.303944009499894, 55.14990920482785, 24.775429918632714, 33.939392106201325, 43.69250998155668, 47.254802857916594, 54.39059746013593, 63.03503466237636, 67.8247208153693, 69.77542772873448, 67.95083879100896, 56.42061755762213, 47.22444858252509, 43.67163247220284, 68.14693574451658, 66.63275307655282, 67.3962672902708, 72.27029152146089, 76.34265863361442, 80.89161922857056, 91.2988622933, 95.7977112772664, 93.33078781806614, 91.26780871362783, 85.72607380435201, 79.22547283033188, 69.29833551158436, 71.32999170681211, 75.76491501986943, 79.64845191916527, 90.70942990983403, 87.6020516457316, 83.63487013016255, 79.06777594700218, 43.68323183160318, 56.743824540170394, 71.72633898842712, 82.34089270785302, 95.66898545585288, 106.91817098021478, 119.48367824454783, 120.36601461950607, 131.21838826420554, 135.018673165157, 129.4373678217657, 121.53684945074477, 117.23787764332023, 110.86625777628377, 104.28707770957223], [8.755340103785917, 11.315387372878185, 17.040245734294388, 27.038939883209178, 21.545955336695307, 17.04784528133321, 15.56098541602285, 43.378903404961775, 48.4341796975087, 57.48573083027845, 66.02167291145095, 75.34329693657217, 67.09164171948518, 58.823346235357214, 50.72872823318488, 12.065061325921716, 8.257674202865298, 11.788908291892724, 22.132608967490416, 30.742013366860764, 30.943746744316165, 17.928378647196773, 8.73107099308138, 0.0, 6.667230302044321, 45.056194495918916, 54.29974045663026, 63.73953935396599, 73.76726636976282, 83.39796227263781, 79.62915542648749, 71.97787886318048, 63.307724616346825, 54.9005887361194, 46.67690464214861, 16.102783814731474, 26.317889208957432, 37.37327765266922, 42.74732661114116, 49.67620977206903, 57.315727791985005, 61.42983829704074, 62.745398154643084, 60.338802122811074, 48.50752873527559, 38.696981458805524, 34.96717585968667, 66.0465520144841, 63.042726064927976, 62.68471190038877, 66.68550761992915, 70.11925545545742, 74.19390202518348, 84.34805197426348, 89.7039732559626, 87.79593161332785, 86.43882495559694, 81.83331851142916, 76.44838439276833, 66.92606671065, 67.1006579771805, 70.37425527663801, 73.63632570399095, 83.96206421345208, 81.81161615698116, 78.58967916025374, 74.9446627205781, 50.65576880107628, 62.09381103234353, 75.37415519960591, 84.5148247741912, 97.08467882384991, 106.77339859461307, 118.19417248633134, 116.2657987473323, 126.04671572389495, 129.15754413975566, 122.89254462640798, 114.79325146191053, 110.19543082115138, 103.81403002195879, 97.29189006518774], [11.022502498724599, 16.367431478959094, 22.934104027796817, 32.569656310644696, 26.288002571789036, 20.486150587543015, 16.945301806607457, 37.473143731079844, 42.35785873995683, 51.33718622158375, 59.919676368286815, 69.54622595700845, 61.00906579667194, 52.71799516929494, 44.780430812295954, 7.410364175103268, 10.521591054154168, 17.500825288880435, 28.492168772412626, 37.25564055085547, 37.50186814891772, 24.576436469184447, 15.3506982430183, 6.667230302044321, 0.0, 38.757178769454804, 48.118461119602, 57.75052439983025, 68.01883511240614, 78.0117691428304, 73.94101726407528, 66.02291809135816, 57.174653880115066, 48.63436680364103, 40.33648045847928, 9.603413819980577, 21.20385200583738, 33.410791853917516, 40.73225752724301, 47.30804497348559, 53.77133870555898, 57.25991841890581, 58.10748267869178, 55.19176731081251, 42.91278031178854, 32.565097894467826, 28.4597908361707, 65.8673522000456, 61.55666971434711, 60.168040439115785, 63.35312744683006, 66.20333277100387, 69.87533956996504, 79.89583203902708, 85.97273898716651, 84.50495983306833, 83.74693642702991, 79.97175068904177, 75.6164325271438, 66.51607316049108, 65.02766948732392, 67.219491589117, 69.93085096177863, 79.69650408675759, 78.36024089699688, 75.77829962297294, 72.96030635501401, 56.6408786754422, 67.3464374130446, 79.52771609028771, 87.61269790755482, 99.55119533624776, 108.00830958388966, 118.50419104889957, 114.1337166036495, 123.16731940585436, 125.73677781166276, 118.88458608197647, 110.61468906072177, 105.70634909836957, 99.21203222878403, 92.50933151549383], [46.39220053457122, 53.52016628515466, 60.74997096617002, 69.45232922345393, 62.83320643886136, 55.7072951225506, 49.126597208053134, 19.52186396604507, 15.56097320426605, 18.81069333431304, 26.363110245737584, 38.513324164409, 29.93108827321302, 24.06801349283503, 21.008731429225445, 35.02854155605441, 44.52352516936759, 53.312060383849065, 64.17115437495478, 73.18770888500626, 74.18320395806082, 62.16820971413854, 53.37299730824198, 45.056194495918916, 38.757178769454804, 0.0, 9.690155643347069, 20.20953071354209, 32.05360051779703, 44.911433657161936, 39.689293326144494, 29.46104382331414, 19.53800327373836, 11.49512926361818, 5.400643851208207, 31.365508258938288, 35.52949481371611, 45.649822839601065, 58.28139254141742, 61.49960144497873, 60.574695743377134, 58.7378233576002, 54.469692197645855, 46.87324429166185, 36.937159442383795, 24.225907758245942, 14.765484058356842, 85.19108491566274, 76.51320359802679, 70.5333744113865, 68.25135787324