{
	"dissimilarities": [[0.0, 7.334051232845121, 14.72524344668736, 22.932053023557337, 16.725117598678167, 10.524235756652025, 6.923914922118337, 40.96018943682866, 46.902283017162716, 56.2543938848379, 64.55864565191058, 72.77867978046577, 64.98245095610876, 56.70879790250325, 48.32126069050845, 18.345896706061197, 16.914743224236336, 18.261005100319892, 25.26994362279451, 31.491289501712522, 30.803097412063444, 20.596371387869514, 13.300401075515092, 8.715626470042412, 11.07768947072078, 46.42612479644799, 55.351128381441434, 64.28223140702603, 73.47792901315935, 81.96508612890956, 78.24410320925831, 71.57536351939424, 63.504991707235554, 55.100188604538566, 47.059456283743124, 17.311122900735988, 25.449548601818638, 35.733031004676036, 37.809248441783815, 44.81702434719529, 53.60413191195963, 57.86753008297472, 58.55283483726401, 56.26353662602494, 46.25749772133145, 36.63158920529442, 34.79629457027061, 59.30069282958088, 56.255236476430206, 57.62350939538327, 61.8773860567002, 64.54350225628693, 69.2539720451995, 78.74092228487963, 82.84914697889685, 81.99104244193055, 80.54013486925815, 75.67595568348392, 69.64758112871333, 60.19229122492217, 60.47498918708269, 65.1713012696392, 68.45287450684685, 77.3096570270595, 75.88010769592088, 72.63441990932047, 68.6981318699373, 49.66564548409624, 57.52195102359705, 67.50272853311638, 75.61855214705028, 88.44391502523268, 98.22375080163378, 109.53110553164763, 109.78667152752456, 118.5545665637956, 122.39861218663744, 116.78687174681286, 108.32806512511677, 104.18976984787217, 97.51668922519546, 95.74557215307185], [7.334051232845121, 0.0, 7.396034769773732, 16.196473530101734, 10.726971340051628, 7.438105892940756, 9.875003650072545, 48.23198284791289, 54.232037149623956, 63.58670561518276, 71.88005319224868, 79.98255373941949, 72.25728018445051, 63.98257547341548, 55.58539891514804, 23.01162967136952, 18.434687816909566, 16.11039781828127, 20.39321807412861, 25.473365110143973, 24.28883674585847, 14.876809851127522, 10.049529837153875, 11.113510334621413, 16.258228892458153, 53.48253251065837, 62.47389710524944, 71.44227106428634, 80.63755353464188, 89.00748683442474, 85.43173336455354, 78.82256679784162, 70.7470573462508, 62.35884587596606, 54.288111886298765, 23.7801525642282, 30.84244157272997, 39.6625092378243, 40.06872825302845, 47.24936406486928, 56.964160894272105, 61.962834354584565, 63.48559512851879, 61.960243051936494, 52.116622550614466, 43.52047814520725, 41.98715599814583, 59.31238976067311, 57.63217819165496, 60.04682445052791, 65.20179254109473, 68.61523362116725, 73.85454411694258, 83.83313545444042, 86.93720497917357, 85.35708783493702, 83.15356246401433, 77.36518365255523, 70.32742648641798, 60.46599163971335, 62.50488264396049, 68.3142324577415, 72.27973365086939, 82.22118661157295, 79.58142462668788, 75.51235274497019, 70.64873739836693, 44.48378298886724, 52.5437344355173, 63.37131960038135, 72.49750515030365, 85.88304044621843, 96.88488404741837, 109.20367889229676, 111.72607949676497, 121.90779003884529, 126.66862394704177, 121.96581717196091, 113.96227947171447, 110.32829221077021, 104.05595001673105, 102.41610484154542], [14.72524344668736, 7.396034769773732, 0.0, 10.080904977165101, 7.52836887429123, 10.372146273470792, 15.943119692218275, 55.55687343062297, 61.60775737073717, 70.96568154505981, 79.23843090538493, 87.20473640810735, 79.57368543804989, 71.30905853766721, 62.89855518210258, 29.01148974586438, 22.59436240849783, 17.290639971299267, 17.340243161404455, 20.190326222459362, 18.228493497652373, 11.312677390161225, 11.724832990894754, 16.877367141399777, 22.840344823573638, 60.71152961740129, 69.7271802721075, 78.69137269392728, 87.84434174035431, 96.0629329218885, 92.63534856654142, 86.11624451543516, 78.06695972513599, 69.7085446929133, 61.63035773405839, 30.810094537277923, 37.112303781027634, 44.680193264185256, 43.583501650225685, 50.755825836383714, 61.18767589809982, 66.76697123150768, 68.95196092746794, 68.05763936587493, 58.460592463417235, 50.64284811286914, 49.33118672405971, 60.2094038829742, 59.95102998581448, 63.334383920528616, 69.2516298294248, 73.29580419544969, 78.94353239891588, 89.24603401200793, 91.45356627565472, 89.2457617189181, 86.36056745934589, 79.73496823022238, 71.75158097418554, 61.608525140351425, 65.37421569744436, 72.1564149606827, 76.69691194423667, 87.48745635000529, 83.7980989586925, 79.01492142461235, 73.31955885239037, 39.71330215975952, 47.82873847401579, 59.55295289066917, 69.74831419312518, 83.67077647194444, 95.92789154183883, 109.23010399560296, 114.10299897549028, 125.5257499681447, 131.10098720532835, 127.24158302359712, 119.66046448291911, 116.49232234642139, 110.58850621896246, 109.09680544572818], [22.932053023557337, 16.196473530101734, 10.080904977165101, 0.0, 7.912483357195074, 15.00667271364396, 21.536040939185884, 62.25945432462965, 68.75835014125039, 78.16478220979097, 86.18915331916394, 93.28999485572432, 86.0618989656017, 77.90572786632636, 69.46485621700906, 38.87851619699536, 32.64620023871011, 26.634737618139138, 23.016720312206733, 20.838836812177064, 17.198817025397847, 18.2888981016827, 21.614410980362205, 26.753121556037478, 32.36127589821618, 69.33715703233646, 78.1537404336662, 86.78527531284016, 95.34996003732694, 102.63562154077451, 99.39844656293117, 93.62090146409598, 86.00373627412498, 77.72051357558416, 69.80378536333022, 39.56706317773655, 44.21647802606076, 49.97461686391345, 45.34312797080393, 52.25206192657834, 64.02042149897287, 70.03647645470325, 72.37166192919678, 72.2167956833939, 64.1865280833504, 57.43688645818701, 57.34935252393151, 56.738058778897695, 59.110946275108525, 63.99917818470748, 70.7658188526467, 75.47370130928618, 81.2616897777088, 91.17806033906966, 92.20822076103546, 89.48187989247783, 85.8257143879748, 78.19985110454621, 68.76970045010738, 58.42995307119517, 65.11214486396211, 73.1145079386177, 78.18258788862151, 89.27976011522978, 84.38702028071714, 78.89880835643719, 72.15847579065779, 36.684349743402784, 39.56311361447724, 50.19076756269241, 60.87293382800675, 75.23079411266988, 88.80546080421868, 103.1291228508071, 111.76701458184482, 123.92823676459938, 130.43011363771376, 127.99034179350167, 121.3067566852453, 119.28701026349772, 114.90424320386418, 115.15120040842898], [16.725117598678167, 10.726971340051628, 7.52836887429123, 7.912483357195074, 0.0, 7.494545901932221, 14.673063737374656, 55.48684769091441, 62.08906643599453, 71.51649483098339, 79.6044597859077, 86.94873305295067, 79.33977664230086, 71.07725621511958, 62.71065578805779, 33.11572477443363, 28.349276022862615, 24.384193244121427, 24.61872556646755, 25.69819115556628, 22.832255927622082, 18.656377194932247, 18.355744106340367, 21.408154142490332, 26.20866360478928, 62.79986427011311, 71.74039250337945, 80.59590778383145, 89.43180392469452, 97.09797525157157, 93.46833397394819, 87.42961357848618, 79.61200996328623, 71.14162047692922, 63.14249160554099, 32.574732183283814, 36.38343127149878, 42.17866163859344, 38.40802093381587, 45.46623406812469, 56.787920486557084, 62.639055366774514, 64.98305199771721, 64.76555612703676, 56.35116353767903, 49.93172196821488, 50.308423123585676, 52.95017731863261, 53.54825939666795, 57.6337221681347, 64.01273211652855, 68.47237188627135, 74.28460582990024, 84.66689180455417, 85.99545404873938, 83.4070903033635, 80.1324442159456, 73.09027048871232, 64.63310210907805, 54.41944823978624, 59.2234044860539, 66.61754836734659, 71.48040429534709, 82.7550545489195, 78.17200645841986, 72.97192417537129, 66.80422339866799, 43.22428456359403, 46.20922253282627, 54.8597278669592, 63.659640836846776, 76.90577712354778, 88.61399479417577, 101.85558306896587, 107.24078232435829, 119.33309723722442, 125.78739132098808, 123.05374763592961, 116.3207918064142, 114.16942292461331, 109.95613062057352, 110.40311702095882], [10.524235756652025, 7.438105892940756, 10.372146273470792, 15.00667271364396, 7.494545901932221, 0.0, 7.449430627377238, 48.063526520204846, 54.68435124665685, 64.11130909236866, 72.2136763195053, 79.6881932271358, 71.93567165076455, 63.64294555616812, 55.296603413393136, 27.681301379177714, 24.846661897710725, 23.320596124264878, 26.777780970914634, 30.077853661589423, 27.973683956490405, 20.851092638160452, 17.042162672700258, 16.89195392424041, 20.38575129486841, 55.665780218443444, 64.56973980561094, 73.43493618639751, 82.31827304275699, 90.14468334476723, 86.32392213608516, 80.19167112543575, 72.3433284913482, 63.82792046821304, 55.84638986000854, 25.706275649003942, 29.594231944924505, 36.45162310066555, 34.13435053800481, 41.29922970441116, 51.94699822286327, 57.25126046816567, 58.97814466787853, 58.177202431691576, 49.49011697692513, 42.49340984047839, 42.93307487809925, 51.92245848334881, 50.812027599343786, 53.82814513966183, 59.436600685505056, 63.2763694291397, 68.73027682072829, 78.91505740315603, 81.13255696842047, 79.15605367217816, 76.5849611759955, 70.42711326169498, 63.03265939716706, 53.11029343447631, 55.90986702492423, 62.291002472821944, 66.59046032940914, 77.13077041364768, 73.56895708306756, 69.08212849809827, 63.793082822450664, 47.87218607837572, 51.42959309342385, 59.32994349207433, 66.97190463606019, 79.57043354633892, 89.84809489593147, 102.00021690378234, 104.70316369140478, 115.61477485312416, 121.2995634666847, 117.73566093391916, 110.60083375287327, 108.01106507694651, 103.50918822892763, 103.8865257148243], [6.923914922118337, 9.875003650072545, 15.943119692218275, 21.536040939185884, 14.673063737374656, 7.449430627377238, 0.0, 40.85371007999813, 47.47381489914605, 56.89960522577238, 64.94526547941078, 72.34200954654033, 64.72008352640813, 56.48076529661273, 48.08145286362454, 24.24088614870599, 23.71218358561931, 24.464122302158604, 29.83101666894201, 34.282111742205004, 32.810492047969, 24.70840053891945, 18.86009177510645, 15.392395105953097, 16.838469845371964, 49.08598748960772, 57.75876292178531, 66.38275399923738, 75.03561535971494, 82.71768003115196, 78.90686711736619, 72.92232873933045, 65.25452372425636, 56.83963843673577, 48.999132562350745, 20.55342458228499, 25.427892460297763, 33.96166245899735, 33.076965549521994, 40.08479530572914, 49.92851484425374, 54.35779796748672, 54.888049383717934, 53.09625861608769, 44.5524072252254, 36.152340293871674, 36.34055710450929, 52.85203477880997, 50.60988618139364, 52.59607616130018, 57.20475361217578, 60.1708179024829, 64.90386696246607, 74.18347169439923, 77.66049420400135, 76.63892649587766, 74.93265485469273, 69.76237324224553, 63.27763000150341, 53.77000451268352, 54.99883185290235, 60.191022006637034, 63.66990594202336, 72.64365295158186, 70.58984754608443, 67.09475325110846, 62.7918118443591, 51.214038172815805, 55.12838164017983, 62.7995598828243, 69.77246912553515, 82.0842810297446, 91.41913789498179, 102.61680899924846, 103.60235976766934, 112.51937105103886, 116.93755031943142, 112.2453940526952, 104.49722820658154, 101.32077183920141, 96.28363962450217, 96.55195341161749], [40.96018943682866, 48.23198284791289, 55.55687343062297, 62.25945432462965, 55.48684769091441, 48.063526520204846, 40.85371007999813, 0.0, 7.661611891403663, 16.582713111872526, 24.293728355000475, 32.53552741532928, 24.043311167357235, 15.771065510165476, 7.376451485325584, 37.56288276041083, 46.426421720903676, 53.87780586529891, 63.42542651062649, 70.61546358330126, 70.61621938435849, 60.37234715038916, 51.8220504267717, 43.39698031752447, 37.51100539811528, 19.5962812154517, 23.674974394647972, 29.875915311122924, 37.2826369588155, 45.36547630424877, 40.00247734982408, 34.04246217079414, 27.384803651929037, 19.84186272349897, 15.261965239010017, 29.359673743576614, 29.970406811927482, 38.3090710283087, 45.950858105649544, 48.672099096186, 49.31813842954524, 47.256758008013975, 40.92185091950708, 32.72468664613666, 27.306026641859376, 13.435241548723456, 13.02478794369544, 69.60589777327219, 61.0761725837008, 56.692666714906856, 54.37800654690574, 51.35334371625321, 50.877912212862206, 54.34348030935547, 65.18492555210484, 69.4465347718882, 72.95160728560897, 74.25016360938181, 74.53412282326236, 69.05414348934987, 60.68538494328965, 57.74884673140174, 55.720471088546795, 54.53849791005746, 62.06224040223653, 64.80687144637723, 67.08750238933378, 85.10090575795194, 89.78993638406124, 94.78493909916378, 97.53277720994166, 106.46135434213504, 109.35998465074269, 114.48884830702802, 102.491741590902, 101.70693755553619, 99.54894470831094, 88.46923881982497, 77.59274163387471, 70.50423227089932, 62.523672708571816, 62.24967537699407], [46.902283017162716, 54.232037149623956, 61.60775737073717, 68.75835014125039, 62.08906643599453, 54.68435124665685, 47.47381489914605, 7.661611891403663, 0.0, 9.427800373668132, 17.73914318587169, 27.54794651044903, 18.911143698418112, 11.281056729759008, 5.691547922368041, 41.24334019576413, 50.42261826552424, 58.29327147727885, 68.12592069007015, 75.75866203352538, 76.08903665269473, 65.52876124084786, 56.90138051491051, 48.42888376978373, 42.34838883317588, 15.465180474709666, 16.95258605736697, 22.32686101963823, 30.00256868754464, 39.16914055396223, 33.51087703643978, 26.641022299690565, 19.729099655568728, 12.545057550445675, 10.259102574533902, 34.24419236504941, 35.622350264348945, 43.99440260054964, 52.948253692512594, 55.38829629235045, 54.84799299308762, 52.1250851163048, 45.45192396182645, 36.73435280004014, 31.496636782218157, 18.80164867910538, 15.698002286267323, 76.92175883056748, 67.91107344974291, 62.958478479168996, 59.95636132816144, 56.264215634723335, 55.11331286044968, 57.542613816119996, 69.40310803619653, 74.30657314723106, 78.43094846714118, 80.46349786349292, 81.44038217978773, 76.29309189790611, 67.14007387577637, 63.374409258446654, 60.732368078780404, 58.09052753436902, 66.97820347344545, 70.45281269484857, 73.43651520708293, 90.0190156953435, 96.08732238852316, 101.83069344445094, 104.82666807036989, 113.80990615964112, 116.48690280695172, 121.13911265921688, 107.75678100817156, 105.55028525610574, 102.02003318726128, 89.43521258700173, 77.65664437284543, 69.14727862231987, 59.08795957878319, 56.63555075725163], [56.2543938848379, 63.58670561518276, 70.96568154505981, 78.16478220979097, 71.51649483098339, 64.11130909236866, 56.89960522577238, 16.582713111872526, 9.427800373668132, 0.0, 8.649052076834145, 20.04305102954942, 11.479849810421479, 7.4172427334339, 10.740243318597628, 49.64270237045362, 58.96878503516448, 67.03927034499527, 76.96528896286799, 84.73807168444294, 85.20666170239912, 74.59345923707387, 65.95305843472093, 57.48044118490272, 51.32090118954694, 18.67882869648935, 14.885219212824715, 16.112811027540975, 22.23120252764481, 31.748877645488353, 25.300636781256433, 18.150508252370482, 12.58852807157775, 9.259063821562684, 13.741769427939365, 43.162040325421614, 44.003528102205394, 51.35356804740268, 60.7039394775019, 62.455919860173516, 60.47408179338843, 56.70832955791528, 49.19493133628052, 39.97436160361131, 36.59149931316508, 26.543345383324194, 23.94656621610591, 84.1028796231257, 74.5657973576276, 68.88037479049564, 64.82283866535383, 60.14972875895765, 57.83318587816959, 58.394339548425215, 71.49697032286075, 77.3992741873751, 82.44857619621092, 85.63311296924745, 87.69799335047082, 83.29838772273746, 73.10006363012944, 68.09279835057455, 64.47575415321761, 59.42737021983372, 70.1797418187597, 74.7968249635297, 78.86446658175534, 98.58281605319478, 104.80204830577867, 110.29276052371468, 112.79492434453098, 121.26667561828711, 122.98449787691986, 126.56354718609487, 110.99999804368144, 106.59336059044456, 101.36932530267175, 87.17835490820912, 74.66423034795498, 64.87158714712764, 53.490647965687174, 50.146582155269996], [64.55864565191058, 71.88005319224868, 79.23843090538493, 86.18915331916394, 79.6044597859077, 72.2136763195053, 64.94526547941078, 24.293728355000475, 17.73914318587169, 8.649052076834145, 0.0, 12.507870331523948, 6.349885845267852, 10.48275068939241, 17.460358849093396, 58.25912367207748, 67.5342563418117, 75.52894154723653, 85.27901587138989, 92.87211427778284, 93.33997655067317, 83.00957393492878, 74.45070404794632, 66.0171330912935, 59.911587580215716, 26.285344650659063, 20.142420677554203, 16.516117837357633, 17.76209458615616, 25.379829418572125, 18.177247658306715, 13.138485970561142, 12.871837141073529, 15.254315065472, 21.826120571263555, 51.76788445272453, 52.094682224683595, 58.544684721841485, 67.31291647262933, 68.47736127442488, 65.72922122197646, 61.14896960608285, 52.7151242353554, 43.24628560906642, 42.28587714798282, 34.13744840075982, 32.531199279830616, 89.39044297170014, 79.82325116429611, 73.76042086820384, 68.89633359637587, 63.444399028641044, 59.95626983214378, 58.20419091765013, 72.366742923017, 79.29566151031504, 85.14478048298827, 89.28832034061021, 92.12058759456451, 88.43746242560049, 77.78506343755237, 71.8549852094347, 67.38051209499973, 59.72538425414653, 72.17074172052894, 77.8403369270713, 82.77357811087111, 106.03192644552817, 111.54944602661045, 116.36352045276867, 118.18424789835554, 126.0703025637438, 126.85946610854741, 129.3848488082114, 112.46656102739205, 105.53835210980289, 98.55374254593757, 82.92274941922109, 69.80325866286273, 59.01234335476247, 46.97995775216205, 44.284791495011085], [72.77867978046577, 79.98255373941949, 87.20473640810735, 93.28999485572432, 86.94873305295067, 79.6881932271358, 72.34200954654033, 32.53552741532928, 27.54794651044903, 20.04305102954942, 12.507870331523948, 0.0, 10.788057227887972, 18.457435874663197, 25.396905819828625, 68.65032998041352, 77.55686431644095, 85.01344072656708, 94.04995438310519, 100.84800108468916, 101.10484237125462, 91.77768204365626, 83.53962423015324, 75.2846848116769, 69.49260450102362, 38.36446956973786, 32.235308373467596, 26.60393691955711, 21.66468617006623, 20.936572592445355, 14.781115485516715, 18.698703748056683, 23.82583311104367, 27.542922566517536, 33.689224041423884, 61.55996627361995, 61.2983488804639, 66.74028461623281, 73.19614097607483, 73.73166692294646, 71.12447392863767, 65.86672662076474, 56.012503225449485, 46.49058507949841, 49.48002028121764, 42.86624353555079, 43.03119239506408, 92.03967928295702, 83.40546337230752, 77.49807893859078, 72.01743743315131, 65.8955848403738, 60.847380879287755, 55.09753718699591, 70.45168472661635, 78.84239926750513, 85.50331162802986, 90.52020767104017, 93.7218412179693, 90.94305166382864, 80.83302124122982, 74.27373286947179, 68.8781453619084, 57.292633637757525, 71.74911262448981, 78.6594653615651, 84.31840701517008, 112.50238029515603, 115.60908976860416, 118.78001986848808, 119.36847793090861, 126.34518064087325, 126.01563783166664, 127.21037907589599, 110.37070452515347, 99.37131545646423, 89.81711776980504, 72.46225765263313, 58.54071209667582, 46.89313735606618, 35.54832130282832, 38.325166546710335], [64.98245095610876, 72.25728018445051, 79.57368543804989, 86.0618989656017, 79.33977664230086, 71.93567165076455, 64.72008352640813, 24.043311167357235, 18.911143698418112, 11.479849810421479, 6.349885845267852, 10.788057227887972, 0.0, 8.525887621001935, 16.69009779818905, 59.994403489338055, 69.2997036401948, 77.16054895565846, 86.82476931722474, 94.09966163360863, 94.27611900547605, 84.1481257542094, 75.572084601718, 67.0948735641426, 61.0139504833901, 29.897948121978708, 25.139399099812113, 22.76449550622447, 23.42940959429753, 28.623724467685648, 21.47941950130878, 18.907682149060076, 18.958296319850184, 19.750901847841913, 24.953091173918214, 52.57377140405337, 51.48226842093466, 56.73073855168679, 64.4776539398107, 65.12082513001467, 62.066114025152075, 57.071965504632665, 48.02067808882587, 38.48405923513332, 39.4775014974752, 33.020734480416124, 33.57957477476219, 85.40940775162716, 75.7810289205037, 69.54493325497249, 64.28384562564301, 58.50195202401792, 54.49207126373915, 52.002700261920886, 66.36107887587919, 73.59533362727683, 79.71208299171226, 84.25445775359019, 87.52338574285211, 84.34132777536082, 73.38387462052833, 67.01562113286323, 62.16593255074301, 53.61376754244642, 66.50239933525681, 72.5670834717489, 77.88964838164588, 107.35981804867485, 111.18994966037097, 114.6127653439388, 115.44517365643578, 122.55375183504417, 122.41661072107696, 124.31462057957741, 106.54886232465972, 99.32917790128664, 92.63652401688631, 77.55967638093882, 65.06355241837932, 55.27314175304511, 45.987123648787005, 47.1546714882248], [56.70879790250325, 63.98257547341548, 71.30905853766721, 77.90572786632636, 71.07725621511958, 63.64294555616812, 56.48076529661273, 15.771065510165476, 11.281056729759008, 7.4172427334339, 10.48275068939241, 18.457435874663197, 8.525887621001935, 0.0, 8.513622519662768, 51.90976740872986, 61.230247052893375, 69.09104732246394, 78.86988570562248, 86.21232788289127, 86.30936829698331, 75.98413398553905, 67.33871245265946, 58.82425743530865, 52.7161260317498, 24.013220425796494, 21.817495384529405, 23.131070063277964, 27.446325167997465, 34.57614988758676, 27.891865487299015, 23.083324116484977, 19.33541657502328, 16.102750052996818, 18.70060722459517, 44.17642858255901, 43.06769118904669, 48.864884967023244, 56.92492100909106, 58.04947898000864, 55.7326210930788, 51.46531292917374, 43.1418118987388, 33.695475180273206, 32.629309216132434, 24.65390387523846, 25.393014218461914, 79.04883686215847, 69.40638338312125, 63.50125079053615, 58.97919959965201, 53.925135997290404, 51.058809999651245, 50.99403639805624, 64.25766375734011, 70.46203718537545, 75.79004689162362, 79.40010528150437, 81.9476246121338, 78.10552765745196, 67.52019704398913, 62.00934480936229, 57.97607070296972, 52.075437797046824, 63.2309960594961, 68.26372772172063, 72.76058926230098, 100.13672854894051, 104.23234674974348, 108.01058116845935, 109.3160229357851, 116.87565021971378, 117.51517939155059, 120.39424810868344, 103.9107872669028, 99.29260928825161, 94.51167265335192, 81.06549350642203, 69.31419210672792, 60.710855856362826, 52.25035984371432, 52.91105164157493], [48.32126069050845, 55.58539891514804, 62.89855518210258, 69.46485621700906, 62.71065578805779, 55.296603413393136, 48.08145286362454, 7.376451485325584, 5.691547922368041, 10.740243318597628, 17.460358849093396, 25.396905819828625, 16.69009779818905, 8.513622519662768, 0.0, 44.437955028029464, 53.480596612445254, 61.06748391240094, 70.63144915064814, 77.80981949254708, 77.85156581709991, 67.69596685723754, 59.147415135911395, 50.70687766532171, 44.75546679316737, 20.894215108099203, 21.918688392583462, 26.001538426878763, 32.050526385502906, 39.56224343887112, 33.72611342135365, 28.39538488546577, 22.921854848030122, 16.892403076953084, 15.621478979523419, 36.46720922151636, 36.23947168016709, 43.3034189512414, 50.92548271110755, 52.85676483886385, 52.176604708422346, 49.00814481303903, 41.4837174212667, 32.460946883913124, 29.40870886690529, 18.32413924756994, 18.68129982876197, 73.63601040404777, 64.68494850634814, 59.60840207553855, 56.213724593778, 52.172497579322595, 50.46763632145208, 52.05925662861244, 64.1932078107661, 69.48420123986175, 73.88797365408432, 76.28695304417273, 77.58707371906883, 72.89288512671091, 63.56468238377015, 59.390730486468485, 56.35284835032853, 52.69598441548048, 62.08415101916787, 65.98446890245816, 69.32936892209939, 91.82470388624627, 96.0568883284579, 100.40120567896865, 102.42403289219142, 110.71281375575944, 112.55962595185143, 116.61555142354521, 102.73766027454667, 99.90920381858554, 96.39470940062677, 84.13550028288996, 72.76434246975728, 64.96878118336446, 56.74224755345739, 57.063111889307805], [18.345896706061197, 23.01162967136952, 29.01148974586438, 38.87851619699536, 33.11572477443363, 27.681301379177714, 24.24088614870599, 37.56288276041083, 41.24334019576413, 49.64270237045362, 58.25912367207748, 68.65032998041352, 59.994403489338055, 51.90976740872986, 44.437955028029464, 0.0, 10.132096080772529, 19.386021657190064, 31.249600888339135, 41.038211655286084, 41.92169506431667, 28.438211824351914, 19.526473807833813, 12.170797627055471, 7.444897510945668, 35.03996306224559, 44.44379969509974, 54.34639762123576, 65.23099788014143, 76.23775585416152, 72.05929484324886, 63.34081953445934, 54.085423185531035, 45.72262207967558, 37.49888751725801, 10.835595749877944, 23.289614561257945, 36.01689064135487, 45.80050921148902, 51.98157895058105, 56.77876952677944, 59.89036073174474, 60.73326808538682, 57.30334510412799, 44.038139513240594, 33.08876699660535, 26.937924470180597, 72.41640633278128, 65.84955723314012, 64.67938560407238, 67.19696292284753, 68.58108696522757, 72.95610247619803, 83.18394296251657, 88.90976136616999, 88.63629883612504, 88.33751351165296, 85.1378476692169, 81.56813223035061, 72.92826326046833, 68.90300400516041, 71.3030962634544, 73.60481790428321, 82.01721989251904, 82.44474200652525, 80.31845566352415, 78.16193955519928, 60.431171948076496, 74.01053052308882, 85.7046377237206, 93.87870382322211, 106.22517289243292, 114.6488805826634, 124.75265506910293, 119.4479177654276, 127.76822341449945, 130.4259396456859, 122.69431580360323, 112.92656858467066, 106.69482667896656, 96.99408876147123, 90.98459914191416], [16.914743224236336, 18.434687816909566, 22.59436240849783, 32.64620023871011, 28.349276022862615, 24.846661897710725, 23.71218358561931, 46.426421720903676, 50.42261826552424, 58.96878503516448, 67.5342563418117, 77.55686431644095, 69.2997036401948, 61.230247052893375, 53.480596612445254, 10.132096080772529, 0.0, 9.460165362912853, 21.523229593206636, 31.72118287313344, 32.928830664105924, 19.213710161086976, 11.302082424546457, 8.356008257203735, 10.535869214319389, 44.53340462219378, 53.69737542233458, 63.26399354611656, 73.78935179007341, 84.31529055324106, 80.63037068979222, 72.25749893161007, 63.27015164260882, 55.14886894876736, 47.05167966638797, 19.123087621345746, 30.59633057872728, 42.16916935653258, 49.61800248127054, 56.328647553205364, 62.7046072403367, 66.73003052655068, 68.26007436263293, 65.48643109267084, 52.66333368600743, 42.26058709940289, 36.669831378059605, 74.05501289292351, 69.22387063624292, 69.37615730689885, 73.01657828608931, 75.26082267262471, 80.16134667381948, 90.61215693133806, 95.47830929262089, 94.5724817566578, 93.45268723672635, 89.12507572766245, 84.16366169988096, 74.88397172258992, 73.11715316222217, 76.91066777661574, 79.97923513659138, 89.29177412546665, 88.5759123634533, 85.57404931052821, 82.284503782096, 51.79276221521402, 67.47069850496312, 81.07468035032873, 90.86653395932377, 104.23461878781546, 114.47121344626947, 125.91305062531913, 123.90957031981216, 133.32252482956613, 136.6082112538724, 129.55096685211305, 119.97617844112203, 114.08049100014117, 104.34300020724736, 98.10060252573854], [18.261005100319892, 16.11039781828127, 17.290639971299267, 26.634737618139138, 24.384193244121427, 23.320596124264878, 24.464122302158604, 53.87780586529891, 58.29327147727885, 67.03927034499527, 75.52894154723653, 85.01344072656708, 77.16054895565846, 69.09104732246394, 61.06748391240094, 19.386021657190064, 9.460165362912853, 0.0, 12.150005155030753, 22.474752156692944, 23.898611962317865, 10.4321034513596, 6.386702304576125, 11.78280268759844, 17.489871564011075, 53.31413836863594, 62.29200411178554, 71.5116324074808, 81.54751907444371, 91.36966658271216, 88.10196807657319, 80.25858161725886, 71.61741159479286, 63.63741582783771, 55.625167832762784, 27.008679482491015, 37.574813678621034, 48.10702677392493, 52.96927197111666, 59.99544399166758, 67.84161495011578, 72.53340472637797, 74.39644626665996, 72.13361256887326, 60.071030688713186, 50.029905399299075, 45.12901100325698, 74.63165285254364, 71.67390812582036, 73.09172672575318, 77.66232170115707, 80.59742506277342, 85.81353844218746, 96.1725019132614, 100.2804719091597, 98.91487205632761, 97.09688459908524, 91.78544049527677, 85.49763157845291, 75.74197362677153, 76.25945393684563, 81.26389954281707, 84.92525105342668, 94.73770639279145, 93.07825006548177, 89.37974504169568, 85.09448796472424, 43.135610655854585, 60.11980389446863, 75.27971391279146, 86.476452646567, 100.72647293575962, 112.62491434160597, 125.23794630792891, 126.63105629838752, 136.73400152130782, 140.5361416461497, 134.20641473780248, 124.92659108610883, 119.52550123045157, 110.13327512397355, 104.29676027401212], [25.26994362279451, 20.39321807412861, 17.340243161404455, 23.016720312206733, 24.61872556646755, 26.777780970914634, 29.83101666894201, 63.42542651062649, 68.12592069007015, 76.96528896286799, 85.27901587138989, 94.04995438310519, 86.82476931722474, 78.86988570562248, 70.63144915064814, 31.249600888339135, 21.523229593206636, 12.150005155030753, 0.0, 10.758579643169732, 13.195480986721815, 6.952813647427277, 14.051156912409954, 22.002336667209526, 28.41104890521913, 64.13086459770457, 72.7792432698847, 81.4663606674356, 90.79176773004644, 99.65075716677495, 96.97525936403657, 89.85280067111313, 81.72632054820336, 74.02267435247956, 66.21149113331673, 37.985320414139366, 47.992072699482904, 57.65853510157501, 59.724098716089074, 66.903131492597, 76.20659718132407, 81.3909901774398, 83.28063242417706, 81.35404036132896, 70.33650956671771, 60.352901426058196, 55.90948172699372, 77.52635500355359, 76.97093414581238, 79.77114998638531, 85.18577738941725, 88.70057071784537, 94.0261223721, 103.8381639244495, 107.32074826964185, 105.66624935828901, 103.19560731755811, 96.89796849838822, 89.09151207501633, 78.94406970863326, 82.20555232739588, 88.39005661965521, 92.52360904843793, 102.35495439539288, 99.96309616002108, 95.68890130661553, 90.40436522536524, 31.663290561623665, 51.051935413217045, 68.72086357675325, 81.93038424078908, 97.38440841626829, 111.49127850389574, 125.47369565351646, 131.33119372889928, 141.6226418073542, 145.65282218445202, 139.95297345801052, 130.8980014079312, 125.9569388929252, 116.79417154993386, 111.33461179079366], [31.491289501712522, 25.473365110143973, 20.190326222459362, 20.838836812177064, 25.69819115556628, 30.077853661589423, 34.282111742205004, 70.61546358330126, 75.75866203352538, 84.73807168444294, 92.87211427778284, 100.84800108468916, 94.09966163360863, 86.21232788289127, 77.80981949254708, 41.038211655286084, 31.72118287313344, 22.474752156692944, 10.758579643169732, 0.0, 4.381261516432565, 13.946611028521488, 22.603323378491986, 30.596731242492574, 37.182908414638376, 73.1541203022997, 81.62047444659598, 89.92796306373502, 98.60618137389135, 106.47698783451814, 104.15119540761951, 97.78893504484176, 90.1215247675771, 82.51505381828474, 74.81879553824798, 46.513187287114626, 55.59913201492047, 64.29725045523193, 63.66909238285221, 70.81491486671176, 81.35505841974349, 86.90819762471935, 88.77276555285916, 87.26853461475815, 77.44559496581606, 67.87067319149892, 64.31098914491999, 77.5449036159855, 79.2031250913102, 83.22306862266394, 89.32706540518474, 93.34347663851545, 98.72388619153044, 108.00337620487318, 110.73861749470144, 108.80124032200538, 105.744789813829, 98.6188215193874, 89.52567798871856, 79.20418543111637, 84.92123888762028, 92.09980435285684, 96.62193359156213, 106.45235903743924, 103.28413790064798, 98.5103613857792, 92.37377012473357, 22.34818625980672, 41.614272804825816, 60.784256617043965, 75.40291103821968, 91.64895166342849, 107.45600309461133, 122.48734271503801, 132.316009698281, 142.78901881385994, 147.24066109843818, 142.47073219556793, 133.94342478244977, 129.79225617927045, 121.55878459210456, 117.34428116603151], [30.803097412063444, 24.28883674585847, 18.228493497652373, 17.198817025397847, 22.832255927622082, 27.973683956490405, 32.810492047969, 70.61621938435849, 76.08903665269473, 85.20666170239912, 93.33997655067317, 101.10484237125462, 94.27611900547605, 86.30936829698331, 77.85156581709991, 41.92169506431667, 32.928830664105924, 23.898611962317865, 13.195480986721815, 4.381261516432565, 0.0, 14.277352195078258, 22.86632401631362, 30.809545349319738, 37.44106471298854, 74.15831590344408, 82.7413667098386, 91.1362948557591, 99.7845347239857, 107.48171141776857, 105.00465492274891, 98.79546254829978, 91.13584150730988, 83.36449638861947, 75.58450112441716, 46.55201390976188, 54.762251050722234, 62.77205168405287, 61.12659443998405, 68.21668948542181, 79.13217981512092, 84.88100201930553, 86.93925195623487, 85.8025753902359, 76.37639027033153, 67.42338664864728, 64.59317079785984, 73.89402782266278, 76.04469078378496, 80.43059810341448, 86.8055622957443, 91.07496666577602, 96.60179657306767, 106.03073331359545, 108.25315826605456, 106.0455930756115, 102.72926806910888, 95.32866156127182, 85.95349348343206, 75.6099402638469, 81.91454704825576, 89.44331810098456, 94.1778107097471, 104.38558926586958, 100.67781273768183, 95.62826379537178, 89.20261827285704, 23.27590619744725, 39.084698332082866, 57.23494766944684, 71.55696117423695, 87.63150097572205, 103.41525671223704, 118.57104812611304, 128.8999792065378, 139.9268564477245, 144.9461886807054, 140.83894146684568, 132.77546844964013, 129.1705221520919, 121.81593473613087, 118.60396585661141], [20.596371387869514, 14.876809851127522, 11.312677390161225, 18.2888981016827, 18.656377194932247, 20.851092638160452, 24.70840053891945, 60.37234715038916, 65.52876124084786, 74.59345923707387, 83.00957393492878, 91.77768204365626, 84.1481257542094, 75.98413398553905, 67.69596685723754, 28.438211824351914, 19.213710161086976, 10.4321034513596, 6.952813647427277, 13.946611028521488, 14.277352195078258, 0.0, 9.270699266871782, 17.883304835585783, 24.57029159757837, 62.17861152283468, 71.16340512969246, 80.21198849719289, 89.78838163590662, 98.78087747179141, 95.65762786825161, 88.46217274622441, 80.12465216301364, 72.04029920027244, 63.98895947090421, 33.98299481781536, 42.688174092814734, 51.56567514251434, 53.190252327135454, 60.353010092838495, 69.76481335000513, 75.18975245937368, 77.52401996874636, 76.1011203159204, 65.12847119303522, 56.155016388311815, 52.74331370695024, 71.26011465880492, 70.37000556473406, 73.20544675754809, 78.80829160318474, 82.5744522199561, 88.19879285590143, 98.64176295633351, 101.5350091990467, 99.49398200549193, 96.82229308937121, 90.421478535735, 82.7681483251061, 72.6529618575437, 75.65835661768442, 82.01024799333592, 86.37681600327285, 97.00632308229858, 93.96653985742074, 89.40399464905134, 84.00511398940674, 35.89537486952264, 51.3384695056313, 66.74108376260398, 78.73159600228533, 93.440857894816, 106.64346320396204, 120.31798765467317, 125.08505355181907, 136.3535626393628, 141.22888720463072, 136.28760821616456, 127.81931054352363, 123.49683911400571, 115.49812026697592, 111.29937465793101], [13.300401075515092, 10.049529837153875, 11.724832990894754, 21.614410980362205, 18.355744106340367, 17.042162672700258, 18.86009177510645, 51.8220504267717, 56.90138051491051, 65.95305843472093, 74.45070404794632, 83.53962423015324, 75.572084601718, 67.33871245265946, 59.147415135911395, 19.526473807833813, 11.302082424546457, 6.386702304576125, 14.051156912409954, 22.603323378491986, 22.86632401631362, 9.270699266871782, 0.0, 8.701874351332988, 15.34607835809491, 53.383892698905235, 62.53437985569838, 71.83424632288435, 81.71960883501886, 91.14912100080478, 87.65331065130341, 80.14910937017726, 71.58559571023333, 63.32193226756089, 55.16303041446299, 24.767445030812137, 33.982560655890275, 43.79177769401183, 47.2684436261364, 54.368384376620455, 62.84476353478569, 67.78736471683584, 69.7967216232771, 67.97309635370017, 56.487019917538035, 47.23256323149345, 43.68078500505139, 68.2827882086707, 65.6439100689039, 67.41899129998114, 72.29672987497895, 75.52102328011237, 80.90801912397741, 91.44480987515043, 94.98826749802954, 93.36407430447022, 91.30203834250021, 85.74027980246319, 79.21733637291288, 69.41642689919928, 70.3815620931271, 75.75963216028461, 79.65119094694298, 89.89026732651575, 87.62819992463528, 83.65247137207874, 79.08910413423646, 43.59855318067863, 57.26325394617835, 70.7483171724195, 81.13299819211782, 94.96013105164205, 106.44964069794159, 118.97776833032096, 120.56196046106074, 131.14783357238545, 135.5851759037445, 130.05129112467876, 121.36511845437124, 116.71837340369585, 108.63949819950187, 104.46191690632715], [8.715626470042412, 11.113510334621413, 16.877367141399777, 26.753121556037478, 21.408154142490332, 16.89195392424041, 15.392395105953097, 43.39698031752447, 48.42888376978373, 57.48044118490272, 66.0171330912935, 75.2846848116769, 67.0948735641426, 58.82425743530865, 50.70687766532171, 12.170797627055471, 8.356008257203735, 11.78280268759844, 22.002336667209526, 30.596731242492574, 30.809545349319738, 17.883304835585783, 8.701874351332988, 0.0, 6.7142881246855985, 45.09179183025499, 54.33254096597857, 63.76408083516721, 73.79210841879022, 83.45592177592256, 79.65441870309813, 72.00320631002079, 63.33383514327923, 54.92784772103183, 46.70453905507715, 16.14119280694937, 26.431827822416615, 37.55135752490473, 42.781148951899226, 49.683831090276364, 57.17485385514899, 61.43807281641107, 62.79034385795194, 60.37475341917432, 48.62088765673461, 38.72514357404629, 34.9979953636011, 66.17579009352811, 62.02540359910526, 62.728291844045785, 66.73548535245867, 69.27246391078236, 74.2256483054367, 84.49845012089753, 88.85700526281309, 87.8326400570486, 86.47923077443718, 81.8414015592126, 76.41508636077705, 67.03752664663429, 66.11225731379591, 70.3923950018648, 73.65984054162698, 83.0792885663252, 81.83304580949988, 78.60340691365016, 74.95993678154538, 50.46444875584372, 62.455115619563635, 74.28998209979163, 83.24229478364606, 96.26942592021773, 106.21281845952954, 117.59891264683051, 116.46447282802862, 125.92143853932312, 129.6937934789035, 123.47810610193356, 114.5314989516291, 109.5565190299156, 101.4165808322423, 97.42246487606073], [11.07768947072078, 16.258228892458153, 22.840344823573638, 32.36127589821618, 26.20866360478928, 20.38575129486841, 16.838469845371964, 37.51100539811528, 42.34838883317588, 51.32090118954694, 59.911587580215716, 69.49260450102362, 61.0139504833901, 52.7161260317498, 44.75546679316737, 7.444897510945668, 10.535869214319389, 17.489871564011075, 28.41104890521913, 37.182908414638376, 37.44106471298854, 24.57029159757837, 15.34607835809491, 6.7142881246855985, 0.0, 38.76978576340588, 48.13492692063269, 57.77060914414894, 68.05639374257024, 78.10616393693594, 73.98871376951969, 66.05521239814095, 57.19540701341403, 48.65072395795921, 40.349850090055405, 9.600207364829364, 21.261214088861642, 33.52525947781405, 40.74721745413586, 47.30514495741242, 53.604896263939516, 57.23327036184841, 58.12974934920981, 55.21117384681156, 42.9832979292725, 32.57499575056109, 28.46956840879801, 66.03735404575082, 60.50843436551332, 60.1911970994552, 63.37975373203848, 65.29432941166158, 69.90126180894745, 80.08390326075504, 85.11220798725724, 84.54026839488387, 83.78731323711453, 79.97253363034753, 75.59000613244842, 66.66439572567754, 63.98320818939497, 67.23276937793713, 69.95372124685733, 78.77577185056414, 78.38133987779385, 75.78286487832152, 72.97539905033155, 56.54854648356369, 67.79942582128827, 78.55481981619003, 86.46561551397863, 98.80151660937126, 107.49212248868682, 117.9415942033833, 114.36193930309042, 123.0682736101248, 126.35127850535436, 119.5588999968947, 110.39059322433067, 105.07374262415271, 96.77292935785215, 92.69650430201912], [46.42612479644799, 53.48253251065837, 60.71152961740129, 69.33715703233646, 62.79986427011311, 55.665780218443444, 49.08598748960772, 19.5962812154517, 15.465180474709666, 18.67882869648935, 26.285344650659063, 38.36446956973786, 29.897948121978708, 24.013220425796494, 20.894215108099203, 35.03996306224559, 44.53340462219378, 53.31413836863594, 64.13086459770457, 73.1541203022997, 74.15831590344408, 62.17861152283468, 53.383892698905235, 45.09179183025499, 38.76978576340588, 0.0, 9.690452002650238, 20.21771713759207, 32.09909900477833, 45.052014825663946, 39.74750795437613, 29.49732456024707, 19.551077454990633, 11.496812339283833, 5.407261833695959, 31.37742424136648, 35.555625543444314, 45.71648271030574, 58.299350222997326, 61.52632464866943, 60.488329010331654, 58.72898673813137, 54.48850081066508, 46.88483630536328, 36.989249904278985, 24.23559219137952, 14.76944568485991, 85.3717242351