{
	"dissimilarities": [[0.0, 7.384105159316802, 14.674563208401949, 22.782358607263347, 16.130898136356084, 9.660006002326348, 6.346350382735419, 41.93271990888731, 46.92985554563059, 56.347649845718024, 64.58784490988913, 72.23228254440595, 64.88620776907864, 56.657468525099056, 48.23002351575351, 21.313754436203517, 20.24962368233546, 21.153115143245785, 27.48568049826573, 33.5193123161793, 32.500319750984204, 22.428566395191428, 15.98775497240551, 12.455983195607084, 14.218304051621068, 47.94408355519895, 56.61067771497884, 65.28562185431767, 74.08374430117719, 81.63555256965904, 78.15139323724391, 72.12238808105883, 64.35399860272251, 56.04399652407635, 48.211777440391316, 18.61062556760876, 23.582605178757053, 32.42990619668435, 34.28539811100781, 42.30803169127151, 53.27646834815477, 57.62345791817365, 57.639232458482105, 54.552974647944644, 45.47482956610741, 36.75201059981609, 35.8604199285819, 61.94069264664551, 60.63515357873129, 61.095162122568446, 65.02308372153105, 67.50777793712791, 72.54585446498429, 78.74595366495925, 82.80820612213358, 81.29566241416059, 78.80244134911612, 73.82929699310539, 67.46150126734523, 64.24465292754267, 65.50928079830551, 68.69246920433716, 71.89427337988462, 77.30899152864991, 75.34450597854493, 72.1381364604342, 68.03185480773766, 51.9287685193266, 59.651274499411365, 67.47291393972677, 75.20308160254183, 87.76802052449132, 94.60924179263273, 109.36862590246525, 107.78124554470853, 115.68981518671843, 116.17530885491259, 111.68361067210138, 105.16519289482157, 102.30166301911639, 97.5437629565961, 95.47823632767916], [7.384105159316802, 0.0, 7.627868999245663, 16.854851336559076, 10.828672560018289, 7.427518070295219, 10.427919626288888, 49.24637482475802, 54.20536328972633, 63.555666236633385, 71.84245157159867, 79.57912388246325, 72.21170906639153, 63.95938114217014, 55.55784940304556, 24.2184360195326, 20.080649936316007, 17.944486059760948, 22.259194674218023, 27.69295390575806, 26.335099532686694, 16.39872838960293, 11.997216619002591, 12.917660730209127, 17.447167465860957, 54.2168777529364, 63.07983315086217, 71.93879760633831, 80.9415238269877, 88.65902481330563, 85.27176648679428, 79.07419624781917, 71.146863613488, 62.80227076239722, 54.84235057816897, 23.994560811909768, 28.94157895790473, 36.58832781462376, 37.34961375534774, 45.400745066361466, 56.86647592652726, 61.93871496699444, 62.96535555345855, 60.74118735978069, 51.37869464230232, 43.47243356358943, 42.44256574941295, 63.39792402038326, 62.8652175189996, 64.16307945228407, 68.78754173522864, 71.96667861290886, 77.64449930489394, 84.29794654539417, 87.6628790187272, 85.45216422682903, 82.27935293772256, 76.43842833242527, 69.51493965080714, 66.2358426746642, 68.48605972328834, 72.45188006031096, 76.29829014286958, 82.48914198443761, 79.80576249615879, 75.80815053584993, 70.86136818918654, 47.21719423475756, 55.90854210138566, 64.87639388646902, 73.66966945357132, 86.6920757996176, 94.70530686418618, 110.47943021230977, 110.79641455095529, 120.26755930231579, 121.7550379132435, 118.0460015206686, 111.8863681532304, 109.3143119803059, 104.60123540850672, 102.21862663678496], [14.674563208401949, 7.627868999245663, 0.0, 9.977948289898785, 6.4229571556080005, 9.695864267696873, 15.929352256987666, 56.55112340462221, 61.598926950995555, 71.02000500546794, 79.2586186933003, 86.79823261643381, 79.4964635305493, 71.26005688658682, 62.83173827351143, 30.825073708617037, 25.044754497552994, 20.221806421157382, 20.42904752508577, 23.275730455914758, 21.026172647859283, 14.396134807863048, 14.665904524850863, 19.05017141993494, 24.43757253506772, 61.80995671027372, 70.67467722047712, 79.48675351628705, 88.36911270412048, 95.86528286893159, 92.61042823951084, 86.57365098704908, 78.729270405043, 70.41752959283215, 62.46904418247586, 31.426781458885046, 35.58621219461452, 41.753436185850646, 40.3374853998295, 48.441924318499304, 60.801730570923176, 66.46397280401055, 68.1342077696337, 66.57915963357762, 57.70682244191604, 50.67829119395233, 50.030981184593394, 63.69800909399949, 64.26889066145255, 66.64940608044023, 71.98968986635731, 75.8376821133223, 81.97522212944651, 88.80335888942693, 91.46986060595982, 88.61391898184806, 84.74113859481734, 78.01302841715363, 70.44176201945803, 67.13738118616362, 70.66862832650956, 75.48659934177284, 79.915978896416, 86.69478274062506, 83.3740198014301, 78.59965540966186, 72.77216933724294, 42.751084182820314, 50.65305688772649, 60.09070249271721, 69.74633560113077, 83.16162535791983, 92.45690267978999, 109.16412866689811, 112.18573898263348, 122.95141403573032, 125.50856053191185, 122.7655685367449, 117.12842423261037, 115.12005902964836, 110.91613712261415, 108.98951412977424], [22.782358607263347, 16.854851336559076, 9.977948289898785, 0.0, 8.509506151847711, 15.641416748637868, 22.255874003740818, 63.545132809672175, 68.77380673134368, 78.38135143380305, 86.40096845897344, 93.28456059077678, 86.25884391899672, 78.1542878748258, 69.6801106567645, 40.69610097612848, 34.722546459303864, 28.805446314570865, 25.105144217435022, 23.02233009253116, 19.355522553271864, 20.660381012999693, 23.962728340935033, 28.92797419085008, 34.193061634517704, 70.65132659385317, 79.2573630340004, 87.68059519448177, 95.95062586917665, 102.63293293865134, 99.61391941561193, 94.2347595832236, 86.8434243829243, 78.69480317363838, 70.95788601998528, 40.669271888644914, 43.57568477263027, 48.14032978130666, 43.1533806750398, 51.39714848827638, 65.25005591735795, 71.25314770786403, 72.95476979056889, 71.7376389862593, 64.45841309916754, 58.31585172880378, 58.56327333410317, 62.14755870111503, 64.40238843229172, 68.25047699724996, 74.30361158719273, 78.7364773590715, 84.99222413934157, 91.48246646423092, 93.4915763978971, 90.13053460396385, 85.56426956613149, 77.9577911443919, 69.57773807211302, 66.30773837724459, 71.6135595133052, 77.36363991391231, 82.23382472389284, 89.22676695593212, 85.45605448432623, 79.97671337792899, 73.2379290438724, 38.96574861024924, 42.20028970952906, 50.848287651134996, 61.14628576717303, 75.08488170313278, 86.04932452179189, 103.55999666989432, 110.86385029831088, 122.27970306583303, 125.92040845315596, 124.36301846731466, 119.45867312743937, 118.40820843751344, 115.34854286488459, 114.98137472921965], [16.130898136356084, 10.828672560018289, 6.4229571556080005, 8.509506151847711, 0.0, 7.600354031151775, 14.74105154822064, 56.555204075813265, 61.929547297518965, 71.53028889050796, 79.6182917771109, 86.80876627969691, 79.34473335947187, 71.1100387576717, 62.726360027639586, 34.62366460910626, 30.149097932231225, 26.333771044683026, 26.659437786725753, 28.103608174936287, 25.20823641891423, 20.704435775588625, 20.467523375604216, 23.34867036679104, 27.771609373687802, 63.823423701282174, 72.60077336307097, 81.31030084865864, 89.92480508336396, 96.98515460395906, 93.54720458196051, 87.89671365821629, 80.25204094255197, 71.86812490989601, 64.01267827434704, 33.37080381638574, 35.259367449843154, 39.68376279923735, 35.83006104205392, 44.04171507244479, 57.340561053764006, 63.21823996744138, 65.00539667931045, 63.937470440344406, 56.1356706593846, 50.410277684474764, 51.185537539246596, 57.6579196071829, 58.71088037138815, 61.6613511184425, 67.34615871945076, 71.53091964308554, 77.84595603650223, 84.70319108254327, 86.8792479868826, 83.69065022034853, 79.4896585845859, 72.42012738289145, 64.58906687067177, 61.28720537387322, 65.42076903428026, 70.6544189992391, 75.34453135848021, 82.3945602117393, 78.7172685353407, 73.5626505179998, 67.34953806883021, 45.99371841411043, 49.73950794059905, 56.380780997280645, 64.95010458567089, 77.60942372439341, 86.26124794031881, 102.99419326257932, 106.31121668864708, 117.70624581601048, 121.06981195661238, 119.33360728359938, 114.52211212457047, 113.35086661414076, 110.5897348455317, 110.31989790784098], [9.660006002326348, 7.427518070295219, 9.695864267696873, 15.641416748637868, 7.600354031151775, 0.0, 7.300381145009418, 49.08422650547873, 54.489073034812634, 64.07518727341875, 72.18075806481484, 79.5077586359216, 71.89670392275093, 63.6234303041225, 55.2704836273249, 29.204624935073113, 26.65045159395289, 25.212298643764573, 28.72519328253876, 32.40031451876161, 30.217065988018906, 22.63508468634931, 19.07981833854888, 18.980799372732672, 22.061126417059242, 56.64952482147997, 65.39466330529761, 74.1312069148968, 82.81439419582802, 90.01236783368587, 86.3772478583379, 80.64246743255957, 72.95255956395704, 64.5110853495125, 56.67216393380138, 26.46811893807344, 28.041845416099385, 33.39175465013926, 31.236168054921027, 39.547457812039085, 52.20257321902002, 57.561909491378714, 58.75170772825117, 57.14046617602056, 49.02098769079354, 42.83519139197757, 43.75108041045653, 56.132807177848804, 55.999584479580065, 57.85709332142315, 62.869712649769006, 66.44145502153523, 72.36782517532839, 79.12109328612678, 81.92264740790759, 79.32332737257958, 75.788576204719, 69.58988850264915, 62.41076505215919, 59.1231467549922, 61.93895516914383, 66.35313538215588, 70.5079485959649, 77.05745515796265, 73.94348208792906, 69.51162206163427, 64.15332083547798, 50.71453301257822, 55.11350386090388, 61.04529986512594, 68.5350597081214, 80.60661745419323, 87.71236747688337, 103.43820480735928, 103.776183678227, 114.00228706376015, 116.43157072214558, 113.91194613499637, 108.74539239317919, 107.17792694474083, 104.23347340986297, 103.86927550312953], [6.346350382735419, 10.427919626288888, 15.929352256987666, 22.255874003740818, 14.74105154822064, 7.300381145009418, 0.0, 41.833830265953175, 47.26638069603318, 56.88807685514541, 64.94640844511905, 72.21378109367, 64.62382450767176, 56.37276880761239, 48.00253333281054, 26.16044745371705, 26.00219708267394, 26.85248883146696, 32.34083843365371, 37.11051974556834, 35.43718821536537, 26.799730039295095, 21.195408396172247, 18.0287900372629, 19.017088642308476, 50.305558674055916, 58.83059882685452, 67.37650917693338, 75.87403903539558, 82.950822775682, 79.23062172263349, 73.62604909842578, 66.08371704864533, 57.70082671924589, 50.0096453018086, 21.348986152426182, 22.654868188554993, 29.31296285210231, 28.630111117442627, 36.94915205453238, 48.97742464727052, 53.557227952061425, 53.6816074618934, 51.12653265971856, 43.17192460882833, 36.12620534637077, 37.20622596332641, 55.662760537444186, 54.59186422482567, 55.44396927106311, 59.66819711176411, 62.46562682910424, 67.71988141257481, 74.02950887562005, 77.62721139364301, 75.79868499258626, 73.02517457070527, 67.79786276266337, 61.258414280718014, 58.035301118710755, 59.678499183043975, 63.19786770725963, 66.64419232874258, 72.36834207945101, 70.04403176254964, 66.49400387109822, 62.086667342176455, 54.85169029349126, 59.22135270298091, 64.53503902563244, 71.10573252131415, 82.80376944574103, 88.76464133094814, 103.41375977562562, 101.65280776000839, 110.18770316841199, 111.47926592393554, 108.02905636621165, 102.39906577816946, 100.43938601944741, 97.3010423233162, 97.06947129736693], [41.93271990888731, 49.24637482475802, 56.55112340462221, 63.545132809672175, 56.555204075813265, 49.08422650547873, 41.833830265953175, 0.0, 6.077403551311201, 15.568368108181216, 23.25080205007582, 31.033184402684185, 22.97512912308205, 14.745890831856038, 6.347609432841549, 39.34683389632242, 48.16471475318508, 55.56644394107603, 65.23069188864733, 72.7142940316171, 72.6366276895353, 61.9211994318956, 53.36605993295751, 45.010622334811835, 39.16710244198575, 21.755799776471974, 25.111120625764055, 30.701401869797557, 37.47521354730935, 44.22473099791992, 39.15290846907016, 34.125361752431786, 28.021813672756174, 21.027719004809725, 17.345689961195404, 30.739530838070788, 29.313853643125825, 36.21094144005342, 44.756506897608034, 47.7085821448903, 49.630030922662954, 47.517080761537414, 40.34479879579558, 30.655358301606277, 26.378344909262843, 14.363626231843266, 15.437812784057853, 71.15880545190306, 65.36240626251991, 60.239023031482226, 58.494788955337846, 55.469505605410646, 54.92561188418688, 57.1960831085368, 66.00330512311646, 69.61606898627552, 72.20221169357622, 73.65494696034925, 72.09825116468043, 69.91746630643627, 64.48453472982266, 61.65842013406595, 59.758644073368856, 58.75280436906171, 62.35318899185794, 65.29178962505136, 67.5646631633336, 87.77976698228392, 93.10149702029194, 96.39388704482504, 99.11369084600821, 108.15483644379565, 108.19718334605545, 116.46533965552881, 101.72596379658395, 99.77015114323356, 93.21574829999517, 82.85678719731493, 73.67588060213394, 67.8433795688615, 62.21113486308683, 61.51246569293247], [46.92985554563059, 54.20536328972633, 61.598926950995555, 68.77380673134368, 61.929547297518965, 54.489073034812634, 47.26638069603318, 6.077403551311201, 0.0, 9.753097483838355, 17.7017430225151, 26.046786317486486, 18.44148346146635, 10.783101844053128, 4.353066342146075, 42.613412071274006, 51.625367601097615, 59.27978159457165, 69.05882547463636, 76.78113846507746, 76.95414342751867, 66.14691620959536, 57.56853391666308, 49.17683617979388, 43.2182318788363, 19.419588649885505, 20.60934807484664, 25.02145676098594, 31.439264877772892, 38.46983296320525, 33.27903143392593, 28.049884934922176, 22.252311644196002, 16.065294042937467, 14.466325190246517, 34.90701353580467, 34.48014016071937, 41.56896769325911, 50.714012961309315, 53.37675221988395, 54.34422591966873, 51.670046390321865, 44.0967250733566, 34.049966098473945, 30.276064069132712, 18.827389321202286, 17.73631008396476, 76.78909812113032, 70.78990869533322, 65.30929605234965, 63.073016971433624, 59.51202569801533, 58.25424519217909, 59.81598907772807, 69.17809570607494, 73.41998056317018, 76.55390845974283, 78.60252085263183, 77.44191265893778, 75.35717412369438, 69.49269728533848, 66.14334385298793, 63.71266714563506, 61.84150331005935, 66.14522813332954, 69.74056997865438, 72.57842769416403, 91.43893077671913, 97.60967713528392, 101.47432818008582, 104.29701762288619, 113.46936689629455, 113.46277046709216, 121.21358706127488, 105.73485585554296, 102.30487438602675, 94.44417857106761, 82.68530889273592, 72.53304727298696, 65.54098293330459, 58.307280831327674, 56.206544093217744], [56.347649845718024, 63.555666236633385, 71.02000500546794, 78.38135143380305, 71.53028889050796, 64.07518727341875, 56.88807685514541, 15.568368108181216, 9.753097483838355, 0.0, 8.517567733367194, 18.39664958652387, 11.32485080787491, 7.358477108855202, 10.682332914454829, 50.15583218585253, 59.46347161483158, 67.49160568996182, 77.5434860783532, 85.58938721649298, 85.9754432955866, 74.89576569895661, 66.21570703157568, 57.74571295849535, 51.61277903287152, 20.553771290603585, 17.19420030858001, 18.203311564647652, 23.366703752823888, 30.78251207763728, 24.78411114358552, 19.267336809243513, 14.6760779497873, 11.75057598123488, 15.583631559520683, 43.252905617801, 42.8967293426871, 49.29745857773207, 59.21812487201942, 61.0544591548545, 60.127490284821945, 56.42791089824035, 48.2840787124616, 38.07870162663734, 35.48466850625891, 26.2511277310999, 24.538131416041324, 84.38153176735774, 77.81970676525532, 71.57097175545387, 68.3994348938303, 63.92718097037586, 61.54983272308194, 62.143234102106746, 72.17184846657311, 77.36771658472671, 81.44614559431092, 84.618904456498, 84.34311614859752, 82.47619750341357, 75.6365157641216, 71.29781899300423, 67.97350793981077, 64.79817703025968, 70.13530200892009, 74.83757487335508, 78.74410931662625, 99.99098278049699, 106.77639346916719, 110.71603346446416, 113.21991931045964, 122.03953134086905, 121.23728895181357, 127.94872726478299, 110.1058781864745, 104.69088584688579, 95.08126214674037, 81.60712065185345, 70.52650216731102, 62.09830740038579, 53.36048258277316, 49.813368567336724], [64.58784490988913, 71.84245157159867, 79.2586186933003, 86.40096845897344, 79.6182917771109, 72.18075806481484, 64.94640844511905, 23.25080205007582, 17.7017430225151, 8.517567733367194, 0.0, 10.72060180572915, 6.3370092634222175, 10.46109277111555, 17.457544647513895, 58.60732946430517, 67.90156313061263, 75.89651688042063, 85.80502673231277, 93.68398434069044, 94.07826364841382, 83.27888850840452, 74.6667047316983, 66.23072527954902, 60.12212715454738, 27.553824373770947, 21.829331257000497, 18.63295012824134, 19.507604815468813, 24.874738243843797, 18.17647745628756, 14.982828117454861, 14.995306121324866, 16.89345010469093, 23.008417827997928, 51.760103025371045, 50.95789696296867, 56.47855908680945, 65.83567148855619, 67.11315641833156, 65.31075625653482, 60.79890498099904, 51.85485297695298, 41.41444146965117, 41.145593741457525, 33.876724847551515, 32.92358886200388, 89.39736533336934, 82.63786526732211, 76.0021332484468, 72.09601314183291, 66.85515927824217, 63.258866533257745, 62.49781178451153, 73.14094660853175, 79.2827942778015, 84.18009503184018, 88.33811001282008, 88.75323034165085, 87.11525637819594, 79.72758545634602, 74.63654801614842, 70.47038854080992, 65.85374447627085, 72.23670066230514, 77.92419237166969, 82.71454666816682, 107.47752460861307, 113.59717844102173, 116.89165161985757, 118.72073539909566, 127.00611698897774, 125.36984217775317, 130.87117338701427, 111.60208110073646, 103.83495204498945, 92.54651020289143, 77.5840526973045, 65.78964751789667, 56.38940358435246, 47.22056404701056, 44.44385272600786], [72.23228254440595, 79.57912388246325, 86.79823261643381, 93.28456059077678, 86.80876627969691, 79.5077586359216, 72.21378109367, 31.033184402684185, 26.046786317486486, 18.39664958652387, 10.72060180572915, 0.0, 10.225328439896101, 17.888704964604372, 24.914877225816024, 68.06115547190383, 77.02461549998597, 84.57335984530216, 93.82275844606728, 101.0023175189952, 101.2835069148434, 91.47342740531307, 83.179343991208, 74.94929013369881, 69.08572751344755, 37.927822669828984, 31.66814315970799, 26.091127443424025, 21.45638102373243, 20.465060975990323, 14.693712119521226, 18.382622323247002, 23.297493985698463, 27.159081943264525, 33.41697914255803, 60.90837129940615, 59.715157561069965, 64.50566898942192, 71.99343119677403, 73.10145641343509, 71.63384871818123, 66.59279757350448, 56.58708349638594, 45.71448122200881, 48.686265996717985, 42.68234124068961, 42.74915645215589, 93.128322221502, 86.70993073303266, 80.20610422040298, 75.82829920128302, 69.98049947308964, 64.96239732343942, 62.1321596956441, 73.46482792836083, 80.64820407956569, 86.23993299141382, 91.21250222296037, 92.03203413100918, 90.63336528417389, 83.30675686583045, 77.77120278412455, 72.79552831042757, 66.41110563340602, 73.97890133839114, 80.54356229315296, 85.9803184404688, 113.46164935462609, 117.77574205034595, 119.93991029252662, 120.82476294110693, 128.54816345082682, 126.30630312070915, 130.29915162907966, 111.29869845678942, 100.11376477779821, 86.68962925185421, 69.80822830821569, 56.85888271270252, 46.41680385956672, 37.24886665613611, 38.39888119691941], [64.88620776907864, 72.21170906639153, 79.4964635305493, 86.25884391899672, 79.34473335947187, 71.89670392275093, 64.62382450767176, 22.97512912308205, 18.44148346146635, 11.32485080787491, 6.3370092634222175, 10.225328439896101, 0.0, 8.480961775441333, 16.670537245479945, 60.531207955959, 69.82892328411478, 77.67417024779488, 87.47548346567241, 95.02022163701324, 95.12578726036807, 84.558591424857, 75.94913907720789, 67.49508664118082, 61.42615063703832, 31.427654721406196, 26.98535657239318, 24.87074836391945, 25.32162067026787, 28.73155642715072, 22.17176496219029, 20.89165933209737, 21.088173933428468, 21.659006061367844, 26.49701322021148, 52.794599997333876, 50.53001501229977, 54.75381698812653, 63.07583933073557, 63.87631532474265, 61.86903131144277, 56.971116294987276, 47.41157091372723, 36.7544896857252, 38.57445039258014, 33.163633135910985, 34.34647491209054, 85.17221786508756, 78.31819044462767, 71.54601006634378, 67.31162535092662, 61.75961297847526, 57.649571094018604, 56.412619329783915, 67.20638188975218, 73.63308662924247, 78.80043430618099, 83.36913491999748, 84.13950373785839, 82.64693707225159, 75.01624320152291, 69.61618541485544, 65.10289267416438, 59.95962024431951, 66.68471555671763, 72.73244388624192, 77.90333830690332, 108.90284291631025, 113.35095979062854, 115.20127557402262, 116.1484365009211, 123.61203250726159, 121.00871346350021, 125.92049808828727, 105.69209322477349, 97.63629786803136, 86.52617819666456, 72.14682935369586, 61.1706924468646, 52.81509585321675, 46.572559600370354, 47.63185185345137], [56.657468525099056, 63.95938114217014, 71.26005688658682, 78.1542878748258, 71.1100387576717, 63.6234303041225, 56.37276880761239, 14.745890831856038, 10.783101844053128, 7.358477108855202, 10.46109277111555, 17.888704964604372, 8.480961775441333, 0.0, 8.548813561387979, 52.592868025838584, 61.88358327589211, 69.7108460260875, 79.62630626554993, 87.25498050145104, 87.27543860770292, 76.47224854059374, 67.7960972739124, 59.309215785064715, 53.232819919797095, 25.933154828295034, 23.955925401650862, 25.19965294500242, 29.004163991406926, 34.42746112305017, 28.215285347223723, 24.66246489225621, 21.416361210217506, 18.385997126784396, 20.71677107674965, 44.512667353949716, 42.1000343449908, 46.76832405139921, 55.48204225780716, 56.718590271423444, 55.519763974703324, 51.343411804223194, 42.413091700921086, 31.79272871876261, 31.641193426180138, 24.855958622480365, 26.422310683042163, 79.05650121379144, 72.32833527268, 65.87398939412574, 62.319418831178886, 57.49686402716158, 54.619898450859125, 54.848056332119924, 65.00630327729459, 70.4608194263886, 74.81491372831934, 78.4347713682976, 78.56346363847226, 76.85340160603569, 69.68418009397743, 64.98526013391623, 61.29385656780369, 57.64063817155949, 63.29050052837951, 68.3671973688179, 72.70256740756038, 101.78888252411858, 106.52489471570077, 108.69292621437454, 110.13333505890542, 117.96843593474613, 115.99846870877907, 122.07601412990196, 103.05244885475857, 97.51606688084077, 88.27659499475621, 75.64172788348334, 65.59255964320802, 58.41139446550936, 52.78624535509997, 53.1792279977561], [48.23002351575351, 55.55784940304556, 62.83173827351143, 69.6801106567645, 62.726360027639586, 55.2704836273249, 48.00253333281054, 6.347609432841549, 4.353066342146075, 10.682332914454829, 17.457544647513895, 24.914877225816024, 16.670537245479945, 8.548813561387979, 0.0, 45.2622767650244, 54.23530580209908, 61.74857859747485, 71.40753646067132, 78.84484781011452, 78.79941394429943, 68.21278597948421, 59.66355071176604, 51.28961053513381, 45.38791888657294, 23.17562853564643, 24.104963873237853, 27.85990629765897, 33.34241611568491, 39.38943615403958, 33.96186701086707, 29.663835006135482, 24.717137434866, 19.154648350953853, 18.105096011431257, 36.878347023960146, 34.99808816786314, 40.827341016670594, 49.16288399174575, 51.39978460497866, 52.128153411768906, 49.07445609996297, 40.89969120182115, 30.468171923851127, 28.40043376273972, 18.747322056899623, 20.181533270222733, 74.17862498444353, 68.04274659079968, 62.383994464122296, 59.843787794280985, 55.99589818254998, 54.34224873742407, 55.58812737595173, 65.0975040141554, 69.57787540522341, 72.95009207110866, 75.35798204416942, 74.49830947862671, 72.52381891430512, 66.39355277473447, 62.751898436470235, 60.02376905463293, 57.75142734466958, 62.33319004564764, 66.24213673631942, 69.42313298059264, 93.4751426434765, 98.32541538757214, 101.0389668570929, 103.13823132295585, 111.67109303186133, 110.87744135422582, 118.13273861911864, 101.8216474487596, 98.08668267276747, 90.28003762360089, 78.86102860018637, 69.21347051540309, 62.82658854047891, 57.19438677111247, 57.18400845244084], [21.313754436203517, 24.2184360195326, 30.825073708617037, 40.69610097612848, 34.62366460910626, 29.204624935073113, 26.16044745371705, 39.34683389632242, 42.613412071274006, 50.15583218585253, 58.60732946430517, 68.06115547190383, 60.531207955959, 52.592868025838584, 45.2622767650244, 0.0, 10.188995630908577, 19.60783938222886, 32.01520176546851, 42.66715589708099, 43.58025029410502, 28.67832203634995, 19.522034839397406, 11.873230516464215, 7.214676171870572, 35.00360094470123, 44.362806524150955, 54.19404787818177, 64.94379376810537, 75.06310088372746, 71.25026415445394, 63.07074044744676, 53.92853404540511, 45.57322979763663, 37.36584640265659, 10.875177330800174, 22.9986298174243, 35.24131531763394, 46.17417726447512, 51.94850623067321, 57.305530540955246, 60.42505119058343, 60.77145033033652, 57.27121235387036, 44.04495574772818, 32.97598371093343, 26.832460669464865, 76.85312743017451, 73.0695522202374, 70.92597262557962, 73.19975660455117, 74.38627726466223, 78.97770276934716, 85.70630198633378, 90.79308705396895, 90.19724604843826, 89.0266355422728, 85.71292091669523, 81.06316138740972, 78.01813721519844, 76.25675651387549, 77.53403403138833, 79.76764060202395, 84.59689146612749, 83.52680851224112, 81.76346702634872, 79.463346811298, 62.51038977182469, 77.57385835100148, 88.24354022880893, 96.49990309179196, 108.90500407703364, 114.488939362553, 128.4536013728973, 120.69714896971674, 127.81815899115325, 126.31645782489358, 119.38446568181257, 111.21319336627717, 105.9065620101909, 97.61376707066417, 90.18080363459505], [20.24962368233546, 20.080649936316007, 25.044754497552994, 34.722546459303864, 30.149097932231225, 26.65045159395289, 26.00219708267394, 48.16471475318508, 51.625367601097615, 59.46347161483158, 67.90156313061263, 77.02461549998597, 69.82892328411478, 61.88358327589211, 54.23530580209908, 10.188995630908577, 0.0, 9.638794344838931, 22.299140036904472, 33.41753110440058, 34.63705547893462, 19.38191883782524, 11.1885480023104, 7.999003436503513, 10.440604071660847, 44.564716009828466, 53.660474625257855, 63.13810979743168, 73.51720138769045, 83.25546256877125, 79.91209286147378, 72.01547543843641, 63.14738078882666, 55.059560017266044, 47.003458464090556, 19.110840957222788, 30.199362652975015, 41.34312763555118, 49.755836732252035, 56.293713737755816, 63.35937633558604, 67.38403845677819, 68.42829138495935, 65.44673951073885, 52.717955141370595, 42.254638310562555, 36.672228043706276, 79.1431681888846, 76.54012778999746, 75.62678864582196, 78.84407291371302, 80.8452070370603, 86.01625258541844, 92.92329761964183, 97.43816350398393, 96.16917888163859, 94.18863681617889, 89.77935510387275, 84.21768056123577, 81.04278319122434, 80.76036631099186, 83.08875734451, 86.03458767018317, 91.53810585840307, 89.80465802094888, 87.12738650579418, 83.7364419055487, 53.874226569318935, 70.99284568288101, 83.63058662080908, 93.33028473017141, 106.72159598179616, 114.20762026555377, 129.34253627297298, 125.08583842670502, 133.35152306250092, 132.71567610213276, 126.40797244599847, 118.36023654710772, 113.3669631709749, 104.9060951201653, 97.2870826052871], [21.153115143245785, 17.944486059760948, 20.221806421157382, 28.805446314570865, 26.333771044683026, 25.212298643764573, 26.85248883146696, 55.56644394107603, 59.27978159457165, 67.49160568996182, 75.89651688042063, 84.57335984530216, 77.67417024779488, 69.7108460260875, 61.74857859747485, 19.60783938222886, 9.638794344838931, 0.0, 12.773970004466857, 24.057035761575733, 25.471617610721935, 10.423777510314673, 6.30006719445777, 11.86930887904262, 17.663714168266708, 53.491522400497914, 62.36396765949351, 71.46411017029081, 81.32896174413052, 90.4604848641205, 87.51505453929795, 80.08887593809334, 71.58303102888352, 63.67307601384907, 55.73542355275924, 27.067498514752245, 37.07824742032553, 47.1845782307968, 52.81371305035125, 60.00695173152649, 68.7823172707218, 73.46602542404116, 74.82444259715271, 72.12944318449043, 60.24681996290646, 50.217051625752646, 45.31902899185954, 80.35841539618251, 78.99757632046833, 79.29560730579252, 83.3199787612429, 85.98325708026945, 91.51376499302249, 98.37635005131627, 102.41725422195428, 100.62350800832029, 97.94692274984517, 92.59640092577858, 86.19325583593654, 82.93485785304367, 84.11700504902029, 87.37920288487899, 90.87839979796718, 96.8129812227684, 94.58439930705494, 91.15114374493574, 86.8110460371755, 45.03733800094332, 63.425357818245445, 77.6963804857449, 88.64251682574165, 102.91343557857789, 112.22049276893861, 128.2990973290655, 127.72858850045507, 136.74812465566953, 136.8881529184661, 131.23730935304934, 123.40850677238072, 118.88126080468417, 110.62695483866345, 103.47990454196155], [27.48568049826573, 22.259194674218023, 20.42904752508577, 25.105144217435022, 26.659437786725753, 28.72519328253876, 32.34083843365371, 65.23069188864733, 69.05882547463636, 77.5434860783532, 85.80502673231277, 93.82275844606728, 87.47548346567241, 79.62630626554993, 71.40753646067132, 32.01520176546851, 22.299140036904472, 12.773970004466857, 0.0, 11.707310384551391, 14.060745433883188, 7.400120418566784, 14.816728301411482, 22.844460161018358, 29.17582832197895, 64.71992320160308, 73.18839627934571, 81.68003644067464, 90.7556501272536, 99.00133797190014, 96.64835179148066, 89.90517156407437, 81.96966595214991, 74.40457402103021, 66.72947758240664, 38.44877938353128, 47.68083952884414, 56.89812433252515, 59.36694088754438, 67.19021002656409, 77.78797694327359, 82.94917496964558, 84.27176287361915, 81.57093324444945, 70.90794965477433, 61.00790867303393, 56.5657601310844, 84.10765712500479, 84.3273542656517, 86.0170072744736, 90.80901192868787, 94.03878525240287, 99.69523264245464, 106.18590404131861, 109.8721039937924, 107.68789258452475, 104.35247306960979, 98.07730393477443, 90.74851310797685, 87.4456521278875, 90.3534641830568, 94.55581306687198, 98.49294417380057, 104.58448647138096, 102.03717108193288, 97.93845779017792, 92.65908264609332, 32.833103184363154, 53.53978917584645, 70.56741449529149, 83.2972099802872, 98.88743750633131, 110.80255210899261, 127.82898889255087, 132.37027237786384, 141.62789987162873, 142.35478577733238, 137.2045358809562, 129.4471165576299, 125.35667135762998, 117.14301454873369, 110.50881088823307], [33.5193123161793, 27.69295390575806, 23.275730455914758, 23.02233009253116, 28.103608174936287, 32.40031451876161, 37.11051974556834, 72.7142940316171, 76.78113846507746, 85.58938721649298, 93.68398434069044, 101.0023175189952, 95.02022163701324, 87.25498050145104, 78.84484781011452, 42.66715589708099, 33.41753110440058, 24.057035761575733, 11.707310384551391, 0.0, 4.394451356112842, 15.711592821896, 24.464155408712408, 32.461641549401186, 38.861919973327026, 74.3997840815724, 82.59906465877262, 90.61693214644448, 98.9409628561473, 106.22358202536249, 104.23952892473383, 98.25649972982943, 90.85671324100076, 83.46842859731738, 75.98062659192726, 47.730721973729715, 55.83222006915613, 64.01903169389198, 63.466363916307145, 71.68725291610139, 83.88806115940818, 89.38659292870521, 90.58258924329365, 87.95534367541488, 78.69119946374101, 69.2577897204584, 65.69511635140866, 85.04358100975725, 86.7368618142239, 89.69454007500758, 95.1174499006137, 98.82526468481296, 104.52289634404352, 110.59470066756765, 113.86047586222992, 111.32649663163392, 107.41471960836513, 100.38173386348208, 92.29678604795538, 89.01024333753446, 93.48289458189585, 98.49460152702939, 102.77788392624821, 108.94852641649088, 106.11399888744701, 101.44569786173183, 95.37950343788316, 22.3874476242727, 43.02656527417603, 61.89743107354788, 75.93224709369291, 92.45509966826197, 106.51733275326396, 124.192373413967, 133.43545873811692, 142.85666011790676, 144.30886347938522, 139.96568969418487, 132.62774872806168, 129.2960655795069, 121.85516677137129, 116.62665161724796], [32.500319750984204, 26.335099532686694, 21.026172647859283, 19.355522553271864, 25.20823641891423, 30.217065988018906, 35.43718821536537, 72.6366276895353, 76.95414342751867, 85.9754432955866, 94.07826364841382, 101.2835069148434, 95.12578726036807, 87.27543860770292, 78.79941394429943, 43.58025029410502, 34.63705547893462, 25.471617610721935, 14.060745433883188, 4.394451356112842, 0.0, 16.111723621229665, 24.795561973756087, 32.740237911907236, 39.176195882205946, 75.43039821082058, 83.74372738504825, 91.84702031204083, 100.13979200404538, 107.25384874585531, 105.117596412435, 99.28510504750965, 91.89459983343549, 84.34506496638345, 76.77664049419637, 47.820481266244265, 55.028468957082254, 62.5060551110645, 60.917219381749504, 69.1567250048538, 81.7989846619082, 87.479965123853, 88.84207123509341, 86.52965465699079, 77.68123327545507, 68.86812988766015, 66.02000832491605, 81.50249239960316, 83.53244584338857, 86.8487462661841, 92.50055004080616, 96.44273639327858, 102.29837792815373, 108.44103034877378, 111.37750284554295, 108.5950265076669, 104.44295931038475, 97.1498011028156, 88.89330175405189, 85.61674943920981, 90.49088592061341, 95.7813546825351, 100.25897055099783, 106.65028267263716, 103.55694691378149, 98.61665377743626, 92.27788927818254, 23.2670223977373, 40.50586795948815, 58.29951017571658, 72.1277347927435, 88.42386707863898, 102.43214888212499, 120.27425514074635, 130.0168223027559, 139.97473084659072, 142.0051139637829, 138.32843376411174, 131.5020560667415, 128.68972142779677, 122.12222474568263, 117.90339473027797], [22.428566395191428, 16.39872838960293, 14.396134807863048, 20.660381012999693, 20.704435775588625, 22.63508468634931, 26.799730039295095, 61.9211994318956, 66.14691620959536, 74.89576569895661, 83.27888850840452, 91.47342740531307, 84.558591424857, 76.47224854059374, 68.21278597948421, 28.67832203634995, 19.38191883782524, 10.423777510314673, 7.400120418566784, 15.711592821896, 16.111723621229665, 0.0, 9.50196581478322, 18.230583644063454, 24.875142276553476, 62.43432833116607, 71.30262569557456, 80.2346598576018, 89.65571935896753, 98.08478002737586, 95.24261513248689, 88.38018839883831, 80.16508132814572, 72.16808496553956, 64.20660940512141, 34.069251483157785, 42.03730135157014, 50.42156898399023, 52.73673516163692, 60.385115769106264, 70.93439714517939, 76.34310743725882, 78.17151073610337, 76.1170261770364, 65.34961816005257, 56.481109963051786, 53.053202612938875, 77.59089772115094, 77.56999420089305, 79.21445208064334, 84.12791824135661, 87.58706727515595, 93.59998588870232, 100.53762222456244, 103.79346690648075, 101.28094093665327, 97.77395197145313, 91.38776743963172, 84.15346895919255, 80.85194818452528, 83.62139397209384, 87.93127560764744, 92.09656534657627, 98.64908274416624, 95.70994138347609, 91.36093113694473, 85.96738201454103, 37.881066961776924, 54.83713027419597, 69.32769328320956, 80.9904288953163, 95.6086769714342, 106.26106391910389, 123.24214186561599, 126.13565810232753, 136.4254573126792, 137.89175570459426, 133.58726291216576, 126.57621560710884, 123.06441429407353, 116.08306727821538, 110.60882012004336], [15.98775497240551, 11.997216619002591, 14.665904524850863, 23.962728340935033, 20.467523375604216, 19.07981833854888, 21.195408396172247, 53.36605993295751, 57.56853391666308, 66.21570703157568, 74.6667047316983, 83.179343991208, 75.94913907720789, 67.7960972739124, 59.66355071176604, 19.522034839397406, 11.1885480023104, 6.30006719445777, 14.816728301411482, 24.464155408712408, 24.795561973756087, 9.50196581478322, 0.0, 8.813688660674769, 15.444683169008586, 53.48079846785799, 62.548226469334836, 71.77172881567184, 81.5457478162167, 90.37077093300131, 87.15703313481168, 80.00355746716153, 71.5318597682588, 63.32430750873956, 55.22943743635427, 24.689053951236367, 33.17376563983037, 42.46890306310116, 46.94994797139661, 54.290337004798204, 63.74103624955861, 68.67924521608214, 70.2125220839712, 67.90952700094137, 56.52840191199678, 47.38056814607985, 43.816361150608174, 74.11284550286581, 72.92160370694346, 73.50027833889146, 77.76714744350593, 80.69061347683142, 86.43665298916149, 93.44087581453995, 97.12194545033293, 95.05939644618255, 92.14777259622717, 86.57006194656414, 80.03031106368545, 76.76360776042685, 78.22617319951596, 81.75625625661922, 85.47095164466573, 91.6907032183582, 89.1608359429947, 85.4408707940789, 80.84860229234383, 45.89237363719983, 61.15513199354158, 73.61833512061351, 83.84726099103409, 97.56310421654446, 106.29001684465064, 122.35598589737722, 121.69157614946526, 131.2820388996176, 132.083019610511, 127.25990785128553, 120.11940593941502, 116.30544373316486, 109.36354408663236, 103.83269562943474], [12.455983195607084, 12.917660730209127, 19.05017141993494, 28.92797419085008, 23.34867036679104, 18.980799372732672, 18.0287900372629, 45.010622334811835, 49.17683617979388, 57.74571295849535, 66.23072527954902, 74.94929013369881, 67.49508664118082, 59.309215785064715, 51.28961053513381, 11.873230516464215, 7.999003436503513, 11.86930887904262, 22.844460161018358, 32.461641549401186, 32.740237911907236, 18.230583644063454, 8.813688660674769, 0.0, 6.658717357924275, 45.09272493240778, 54.27897336248025, 63.676683443639, 73.6433700258819, 82.69098982567749, 79.16471973931768, 71.86013175630022, 63.24734992166983, 54.87325399281036, 46.695172457524485, 15.90253580800757, 25.35491506209518, 35.94782688330486, 42.54945282970626, 49.53424661707609, 57.89205838536408, 62.16801545732006, 63.08097209126426, 60.268117440523795, 48.51218526099369, 38.7793018981134, 35.03928534100686, 71.5762225444296, 69.3253552766621, 68.850547792276, 72.36995931693768, 74.63016332649985, 79.91365729117761, 86.76432970929925, 90.99631642593259, 89.52249153378443, 87.29332289403118, 82.62448994965749, 76.799437114343, 73.60250273104029, 73.7992807956228, 76.46880326818996, 79.60077929050067, 85.26090328382107, 83.30518966274343, 80.34455374072458, 76.64945086315531, 52.95839932554436, 66.62089710204312, 77.37756667905819, 86.30535151039247, 99.2411390659059, 106.30399971477875, 121.3527403249386, 117.68462860705449, 126.18034367897192, 126.15621468272101, 120.70385215838527, 113.36411962502841, 109.2453188884988, 102.34311957801738, 96.92748156593997], [14.218304051621068, 17.447167465860957, 24.43757253506772, 34.193061634517704, 27.771609373687802, 22.061126417059242, 19.017088642308476, 39.16710244198575, 43.2182318788363, 51.61277903287152, 60.12212715454738, 69.08572751344755, 61.42615063703832, 53.232819919797095, 45.38791888657294, 7.214676171870572, 10.440604071660847, 17.663714168266708, 29.17582832197895, 38.861919973327026, 39.176195882205946, 24.875142276553476, 15.444683169008586, 6.658717357924275, 0.0, 38.78255110247775, 48.09104814390049, 57.68048868284582, 67.88149386275857, 77.20907172799741, 73.40277081461046, 65.8886094390836, 57.10430354557018, 48.5864412729096, 40.327078950927614, 9.438269402117369, 20.299277180044488, 32.06648720675786, 40.75236041008165, 47.20747260188263, 54.31261256333683, 57.95588227984905, 58.373340267055966, 55.14314348456441, 42.92161390212419, 32.610575350008006, 28.502884852430178, 70.92643599211779, 67.78791134129054, 66.39012874259457, 69.22570806567731, 70.89340615789787, 75.77195215872537, 82.51143208756244, 87.19554474345412, 86.21714442889012, 84.57818355179599, 80.69834657874254, 75.52935150689208, 72.41797380034768, 71.51460654144792, 73.41547587890192, 76.0348395365221, 81.21490817348946, 79.74861610600676, 77.45324625082061, 74.55003036402877, 58.82397787406841, 71.71013622227277, 81.39395838287184, 89.41206393142328, 101.72476261472794, 107.5228957063592, 121.76150414102842, 115.61738203153507, 123.26892708105419, 122.55905799963588, 116.55781403005749, 109.03057528956374, 104.59595253985248, 97.62581701391439, 92.11713909240711], [47.94408355519895, 54.2168777529364, 61.80995671027372, 70.65132659385317, 63.823423701282174, 56.64952482147997, 50.305558674055916, 21.755799776471974, 19.419588649885505, 20.553771290603585, 27.553824373770947, 37.927822669828984, 31.427654721406196, 25.933154828295034, 23.17562853564643, 35.00360094470123, 44.564716009828466, 53.491522400497914, 64.71992320160308, 74.3997840815724, 75.43039821082058, 62.43432833116607, 53.48079846785799, 45.09272493240778, 38.78255110247775, 0.0, 9.717816658517952, 20.269921075774, 32.08716362670752, 43.79494549541238, 38.93779508954589, 29.435981448447514, 19.561624926209916, 11.432299754737627, 5.249727513402673, 31.42888446402037, 35.30377512956263, 44.95497054383595, 58.674411403396746, 61.46962443522416, 60.75089003165337, 59.05895273420449, 54.47107850384873, 46.89833645517551, 36.831270887525605, 24.15651920576344, 14.715156412177548, 88.0015314903694, 81.53150405382914, 75.81544959469858, 74.1