{
	"dissimilarities": [[0.0, 7.3624370233094725, 14.823738620701123, 23.838089987102446, 16.89956435197656, 10.560364753793356, 6.8596603748151415, 40.96531780830116, 46.87926937891882, 56.217772101363366, 64.51390906896572, 72.59834216993077, 64.93417210454797, 56.67056377632157, 48.299258817023606, 18.10034054721695, 16.607687667522352, 18.07679872113691, 25.4097260352467, 32.41917918008943, 31.923728063772458, 20.573973703686196, 13.187036760037712, 8.536650532293036, 10.652552041421531, 46.57823242650451, 55.43873749008836, 64.30503592375875, 73.34055742609584, 81.11585060639153, 77.82152644161, 71.50711351177534, 63.53060812885373, 55.14772363154313, 47.169849521860186, 16.676675084303255, 23.538685298744998, 33.71900038559234, 37.11720646962005, 44.41685156652422, 54.03062570574365, 58.782125864437205, 59.135844831919506, 56.63049459319501, 47.19770392705995, 37.38231922716318, 35.13985377707911, 60.323832534514416, 58.16016696943665, 58.422919011550775, 62.799000549949184, 66.30189385982811, 70.16851632589452, 79.31867674647702, 83.62319843801586, 82.90480840644118, 80.50758772286717, 75.62789207706791, 68.66875040630741, 61.27023166631662, 62.262888139575175, 66.09665610986866, 69.3927306567652, 77.94692749529509, 76.75571455781528, 72.58451380563626, 68.65767630063519, 51.88011175925529, 57.99783988076856, 69.3231733217359, 78.98569076549643, 91.22978480040739, 99.64277100362703, 112.49745723074048, 109.51509046117359, 117.10445770247351, 120.4058420551296, 114.31756221804281, 107.51480003208567, 103.64710242824974, 98.282196033706, 95.217180183499], [7.3624370233094725, 0.0, 7.806893513507532, 18.0831361564373, 11.912370673420591, 8.642597501114178, 10.694504344309328, 48.31162042246045, 54.17875129708153, 63.4959559850123, 71.81643445596093, 79.93603552612274, 72.29055460172373, 64.02507608925882, 55.66033406945383, 21.927397847389052, 16.94311620048219, 14.64752053788828, 19.76081004273038, 26.271601725226528, 25.526534094914865, 14.056478130075291, 8.641991947454125, 9.9567660604036, 15.249036399676019, 53.22313556931467, 62.19499890952678, 71.16016200808762, 80.30717325978479, 88.15932623829657, 84.98444462169664, 78.58138136939588, 70.52061115869199, 62.15574286858138, 54.11348501285886, 22.941290815026846, 29.291962474811996, 38.09397938400107, 40.15318547941229, 47.594935929412884, 57.88036748784253, 63.29899892135092, 64.54963949952517, 62.75625750120524, 53.1654560154986, 44.2324259835071, 42.07570953670697, 61.4271357360846, 60.400537065319945, 61.59355357460301, 66.78768675693996, 70.94179226611017, 75.37949263636813, 85.11185542233795, 88.50413448848788, 87.08135335347535, 84.01026473921833, 78.27167961692577, 70.41852211120488, 62.61821680037586, 65.10905136467449, 69.96590354116532, 73.90681916604007, 83.56831865434735, 81.25627334176428, 76.34129440936623, 71.55973828252304, 46.89863014727514, 53.935243253521996, 66.44105716201119, 77.24933671136218, 89.93505434793433, 99.55380344689274, 113.38888337347865, 112.47669999320107, 121.5276404808852, 125.70126656043345, 120.41295802976353, 113.95298108509176, 110.43167906034357, 105.14865852770814, 101.88319299296265], [14.823738620701123, 7.806893513507532, 0.0, 11.140109802108412, 7.551260477233784, 10.384263886779893, 15.912367087381094, 55.648784294294785, 61.64867832667534, 70.98936162109926, 79.24507052591696, 87.04031909960773, 79.56769632306302, 71.311308966835, 62.89714711210575, 29.164807166979383, 22.66919335716505, 17.309706511517433, 17.356857771684542, 21.043954898645023, 19.388362879087886, 11.280684291987834, 11.901054380633845, 17.06685327283495, 22.87839851685441, 61.01171016622054, 69.94058453301125, 78.80351425283051, 87.76315699764673, 95.32318551775954, 92.2866930740473, 86.11391034109548, 78.18512603281137, 69.86708241501705, 61.866675608356346, 30.65714502917095, 35.97073339081299, 43.27701419297031, 43.02478847239561, 50.531583689329125, 61.87312149804314, 67.88655892995163, 69.68825805839036, 68.55529531077815, 59.5281292803689, 51.45775727633885, 49.7942107809208, 61.1903899476312, 61.80051336836133, 64.2018618435103, 70.24960775189312, 75.0105375261088, 79.88451121705606, 89.78723209110468, 92.20936524979174, 90.17152944739047, 86.41826012462116, 79.72801068183455, 70.75727862116133, 62.62429641176637, 67.0783938441617, 73.13590886818592, 77.6739241021859, 88.09946595541611, 84.66024814225993, 79.0332519169559, 73.31982880659234, 41.787915748730306, 48.07747518428077, 61.21991152210713, 73.00677092986966, 86.10319850381873, 97.02781989928924, 111.82538811902592, 113.86358347087621, 124.07691571612938, 129.09021688899992, 124.81898085043811, 118.85404874746536, 115.96069540708511, 111.20034361996953, 108.49341642496519], [23.838089987102446, 18.0831361564373, 11.140109802108412, 0.0, 8.86665453623073, 15.97281005542697, 22.24896101761835, 62.872733056331604, 69.19911922863263, 78.54561619035952, 86.53277982558068, 93.34756609309552, 86.36819450461195, 78.21028228189975, 69.74654696796253, 39.96921797689862, 33.684846963841885, 27.548928449930695, 23.303461793647614, 20.901699022019766, 17.324082221971967, 19.074701764982144, 22.805605936551387, 27.886294812885357, 33.28566285273818, 70.28544373285253, 78.92521935792291, 87.34852882831949, 95.60636478580824, 102.22351157812827, 99.3798388460485, 93.99584831413028, 86.58031754279337, 78.39386425850387, 70.63230992166392, 40.21544136998963, 43.83344053361311, 49.377958438558736, 45.174533537445214, 52.61595932767781, 65.70621380386224, 72.1886075285008, 73.96482720758107, 73.45944823017301, 66.23154384013266, 59.13650072563228, 58.5651276294454, 57.87961064335238, 61.18589590238517, 65.35360056863504, 72.33207059057645, 77.62554175919823, 82.69230513210374, 91.97753971003631, 93.26619343323158, 90.7734365751403, 86.31732527626627, 78.4846468137448, 67.90937405486984, 59.55983242275, 66.97202489381749, 74.59222875377904, 79.6458468257122, 90.19654475986229, 85.57822637819012, 79.2891743216005, 72.47311926514061, 37.45630441567126, 38.235179225962334, 50.60748419788194, 63.07244555564267, 76.65302730022317, 89.16512947707366, 104.92588711552035, 111.76427902345833, 122.50895302426711, 128.29295681283352, 125.49531015062949, 120.35024654295212, 118.64612632085075, 115.24639042613273, 114.46538096611924], [16.89956435197656, 11.912370673420591, 7.551260477233784, 8.86665453623073, 0.0, 7.634114510504674, 14.738221288899284, 55.650049827964075, 62.16516573251197, 71.56714861395922, 79.64386634778927, 86.81535929586018, 79.36340910519036, 71.09665647050889, 62.72300235305925, 33.318113865394615, 28.468957869800523, 24.441382445269827, 24.59446321733713, 26.232049537198975, 23.584102266273863, 18.65159183858949, 18.54289146223676, 21.635567643160787, 26.296660675848923, 63.15375157396078, 72.00130113110347, 80.75158282123579, 89.39497074317711, 96.43265626588439, 93.17958923665617, 87.47248781240086, 79.77389578365275, 71.34628138429403, 63.433012415889905, 32.46015395907432, 35.16226256962258, 40.63828013441869, 37.70576814789802, 45.2205334781716, 57.6363182466168, 63.97270148179054, 65.8909912871359, 65.39704927072722, 57.59604063534231, 50.89794905113778, 50.854216256844566, 53.9393301845073, 55.33264599781424, 58.48539779313505, 65.03235795062733, 70.1445815999369, 75.2511363904276, 85.20616562515058, 86.76846817322631, 84.35852717673896, 80.2432902281726, 73.09348570195843, 63.63805391911347, 55.43110484979758, 60.826611642485744, 67.61552965516192, 72.48263877145018, 83.37587387547818, 79.04960336971847, 73.02076695398533, 66.82280994938608, 44.98059054023115, 46.17435942535401, 56.49845361853449, 66.91080256207667, 79.38317845758515, 89.70322770598034, 104.47356738335155, 107.03715528893889, 117.88165141060824, 123.74978489075401, 120.61640444198129, 115.57719087335633, 113.65671417629285, 110.55730992427506, 109.81303700748217], [10.560364753793356, 8.642597501114178, 10.384263886779893, 15.97281005542697, 7.634114510504674, 0.0, 7.4037949687431235, 48.12805745320109, 54.684741821009496, 64.09241757910792, 72.1909088567858, 79.52745481321062, 71.90478809305928, 63.60903361161332, 55.26800479976249, 27.60630818486581, 24.70076521355938, 23.19311415229999, 26.807073765113326, 30.815470877801836, 28.92600896249412, 20.7816689653261, 16.99440347331771, 16.868920173028208, 20.208985622252225, 55.86616450783205, 64.7010124108707, 73.49393849907267, 82.21867284054598, 89.40304911935644, 85.96958099398908, 80.16061913213912, 72.40587498157441, 63.916738999370175, 56.00290724258244, 25.310732622552, 27.89105787754457, 34.4321025491666, 33.26787339132324, 40.86970380196764, 52.5436546337798, 58.36552758432157, 59.71289850176209, 58.65838990678555, 50.55429718772046, 43.315410499884045, 43.32166583624803, 52.93563722294078, 52.612072867943546, 54.58260459594871, 60.34491605974842, 64.90634081519946, 69.61965430121889, 79.43920470523184, 81.87982689355763, 80.0597486373714, 76.60126424181708, 70.37852739194608, 62.036594204451426, 54.16228094621467, 57.54285893596919, 63.20018579183945, 67.51325729214781, 77.72566739280138, 74.41590155175552, 69.05471849411569, 63.75794650847072, 49.89773226447004, 51.724056232436745, 61.235112725228646, 70.45086114554168, 82.39297008588183, 91.2226751941416, 104.94211192802155, 104.46111310083289, 114.16562303225254, 119.29511320555363, 115.29552041718588, 109.90292764399356, 107.52801952499854, 104.23213447402, 103.35526054622562], [6.8596603748151415, 10.694504344309328, 15.912367087381094, 22.24896101761835, 14.738221288899284, 7.4037949687431235, 0.0, 40.931427175279886, 47.44136780489311, 56.84137921857892, 64.90683750322496, 72.20571176156449, 64.67507730376404, 56.405760351146135, 48.017062042872716, 23.915523328537404, 23.347742600797982, 24.202069933214638, 29.81915150981733, 34.959391310765135, 33.65591977859188, 24.576940777638256, 18.669428058859783, 15.154869216763368, 16.36389620128443, 49.21638844072049, 57.834398086082004, 66.41632296506732, 74.94829726983804, 82.02129493093439, 78.588816068057, 72.89265955325459, 65.28608276604241, 56.87958578156432, 49.10204259417642, 19.77676372734801, 23.02305653901638, 31.41556230082341, 31.96704355056847, 39.472120676958085, 50.381816909542565, 55.40048688375193, 55.604960062476515, 53.57026729740608, 45.60415155392538, 37.04940768869301, 36.70068853564796, 53.88330391367412, 52.36841156124462, 53.26711930494505, 58.056811134844715, 61.819188318608106, 65.80335622249301, 74.78442848686021, 78.45917926799078, 77.55449076098621, 74.90939180280104, 69.66762456999157, 62.26241885662061, 54.834373980197135, 56.59384915850985, 61.05929812591233, 64.58059338940298, 73.31185590754188, 71.46840583440165, 67.02000996279769, 62.71686419168621, 53.26316831485806, 55.54703186897441, 64.72200456359616, 73.2335731645019, 85.00235992337764, 92.91495834518142, 105.64860370517727, 103.37805255843175, 111.15867237846092, 115.03378874011771, 109.88662892429028, 103.85166825173647, 100.91191416087173, 97.12230834875548, 96.09987005325877], [40.96531780830116, 48.31162042246045, 55.648784294294785, 62.872733056331604, 55.650049827964075, 48.12805745320109, 40.931427175279886, 0.0, 7.516325130604184, 16.446605545494577, 24.277907780456164, 32.566748036309136, 24.0691459419667, 15.744095106127979, 7.716518825413502, 37.03934278408847, 46.05785028509283, 53.69777385182087, 63.56844226491111, 71.32150842478555, 71.42627031584891, 60.36415714718915, 51.68577427197597, 43.196885897367586, 37.15251498467739, 19.216663569391567, 23.397153247618505, 29.770140678614638, 37.19246350658297, 44.34308799688639, 39.55928785147798, 33.98055524495631, 27.249484869118902, 19.55713259814488, 14.909534876887406, 28.63109388907097, 27.90936825072051, 35.88668708851577, 45.25094541408098, 48.05082122210139, 49.16137431357584, 47.70503828490866, 41.26195450387668, 32.92780957146577, 27.943193029621902, 14.305146162434623, 12.91525079548938, 70.49743477817694, 62.56275257129714, 57.15123814519732, 54.994323899654894, 53.018629154659294, 51.7774736156178, 55.21200487233934, 66.10678998919758, 70.35459211150989, 72.80960044897617, 74.16050631216787, 73.80385726116548, 70.02131923409155, 62.188458291506755, 58.444303427525746, 56.540345298248056, 55.42133933884506, 63.002377366279035, 64.6772248208274, 67.02024168085345, 86.99405964897221, 90.22352548068542, 96.4089336808782, 100.46787513631172, 109.52154940812392, 111.22355637354715, 117.95808115129692, 102.26155592331894, 100.4287217142638, 97.74324262565797, 85.9776699044653, 76.82519679381095, 69.97481765036886, 63.92471715004231, 62.148692687132794], [46.87926937891882, 54.17875129708153, 61.64867832667534, 69.19911922863263, 62.16516573251197, 54.684741821009496, 47.44136780489311, 7.516325130604184, 0.0, 9.4090847286886, 17.701307968626782, 27.212814081381314, 18.877531295697853, 11.318386138333459, 5.965965523309449, 41.09400444930956, 50.298880989763404, 58.23106293992303, 68.23532914069034, 76.29705030601768, 76.71887775202502, 65.53684034908693, 56.854792330999096, 48.370625512497924, 42.23233671473112, 15.796247130718136, 17.19239202831709, 22.42163607315974, 29.752361785206062, 37.48632137004598, 32.6280998140799, 26.53540514357721, 19.844940451762408, 12.741797579481672, 10.638346125774154, 33.95806372544196, 34.46275838709934, 42.51780915222067, 52.58752227201141, 55.10227437429207, 55.13851836659681, 52.96149618289738, 46.05244833849207, 37.17096885275794, 32.635097971733224, 19.89832040645979, 16.227968854437854, 77.69771292283535, 69.49997421570203, 63.66804315715086, 60.84431211218227, 58.195341633639586, 56.19414489437918, 58.3186553262997, 70.29530703593736, 75.27422562074996, 78.36982330218375, 80.43354840938676, 80.66015235550923, 77.15233161524083, 68.7843550000145, 64.27504602003592, 61.73148284757499, 58.90819028095818, 67.93366081588617, 70.40095707113193, 73.40797974850913, 91.47093579789097, 95.95092761106251, 102.75663904913944, 107.04593518549257, 116.22173251586943, 117.83517480625463, 124.06410875535074, 107.45504592656722, 103.93649399429603, 99.70387849484509, 86.3149046264296, 76.02557406937908, 67.76047241695153, 59.691576440240524, 55.90573212362622], [56.217772101363366, 63.4959559850123, 70.98936162109926, 78.54561619035952, 71.56714861395922, 64.09241757910792, 56.84137921857892, 16.446605545494577, 9.4090847286886, 0.0, 8.52954374554706, 19.457944688160158, 11.379094219856912, 7.480221356540594, 10.85753527306193, 49.56447041012157, 58.8936995415525, 66.99831118602347, 77.060815512322, 85.21406484050202, 85.76698357162637, 74.60023206710643, 65.91806087123793, 57.442328392360885, 51.25261913861647, 19.053781255554235, 15.265269262785704, 16.281671265953168, 21.834760785000896, 29.499543415101815, 24.000726019394794, 17.964300016004437, 12.830944531718036, 9.645861949927854, 14.116875052023763, 42.98906308220643, 43.187797611869684, 50.22780506728624, 60.45296383700228, 62.25422647385582, 60.79762729501517, 57.528079593039934, 49.77420175453481, 40.39242798931255, 37.63822491875868, 27.34013660860166, 24.33868233736966, 84.80222461516955, 76.07056973870368, 69.58560474600773, 65.70077854946989, 62.03467058124631, 58.90207420719984, 59.13991207406613, 72.35891169816284, 78.34437076027457, 82.39482187586049, 85.61395781245827, 86.95127917638516, 84.08186909777173, 74.68028488215879, 68.97700318041115, 65.45685742006765, 60.21249662756659, 71.10034569257793, 74.75593291881343, 78.84078049411822, 99.86944510417595, 104.49718142354615, 110.97676745365709, 114.71489830106945, 123.47178046481814, 124.19750763757737, 129.32656774402165, 110.67899908291804, 104.90309799910212, 98.9142482078838, 83.82909794775719, 72.65642788244877, 63.06546107639929, 53.797938993489154, 49.17568534305032], [64.51390906896572, 71.81643445596093, 79.24507052591696, 86.53277982558068, 79.64386634778927, 72.1909088567858, 64.90683750322496, 24.277907780456164, 17.701307968626782, 8.52954374554706, 0.0, 12.103084648437727, 6.362110009615519, 10.424869942928257, 17.500992088884587, 58.06396472204609, 67.36965566010105, 75.42878737228341, 85.33977125955427, 93.30806124671693, 93.85168614208274, 82.98083528494476, 74.36790271982098, 65.91954783840397, 59.759466798486464, 26.36820359779579, 20.240406821797308, 16.638753120138723, 17.539477797863995, 23.19412203192119, 16.947691403400377, 13.107061630037375, 13.016513440898297, 15.31351506456049, 21.911099013316925, 51.48311508729413, 51.155073149041435, 57.27447995409825, 66.93785918226828, 68.15897523913223, 65.87062844604931, 61.78212672229776, 53.19425347356604, 43.593456521338624, 43.05467689716789, 34.71941439281504, 32.71602119991697, 90.05119194691618, 81.12342094502301, 74.29145457267305, 69.59686746893605, 65.09287745860391, 60.914087548613324, 59.024761289197684, 73.2387832963711, 80.18336871228719, 85.05944437844296, 89.22528832004271, 91.41665668091412, 89.16840154173055, 79.14183434893233, 72.58898995029621, 68.23361132548087, 60.56427605543777, 73.04838909198216, 77.75826941582726, 82.71669833333304, 107.31617876238771, 111.3424296497889, 117.10123089527578, 120.08625326137661, 128.3351578681376, 128.16730230730485, 132.1840838202348, 112.19233133045037, 104.05563879154181, 96.35929741009188, 79.83483780784954, 67.96387494314494, 57.371960817010766, 47.601738454693816, 43.614477449686575], [72.59834216993077, 79.93603552612274, 87.04031909960773, 93.34756609309552, 86.81535929586018, 79.52745481321062, 72.20571176156449, 32.566748036309136, 27.212814081381314, 19.457944688160158, 12.103084648437727, 0.0, 10.273669059551269, 17.711498401736257, 24.912784063684978, 68.19210562210709, 77.15192152086908, 84.7030421513118, 93.88619185892016, 100.98985299168127, 101.2959144675161, 91.55812104410441, 83.27507970956266, 74.98878031024809, 69.08336691908056, 38.150347558125155, 32.01374094393622, 26.52248943586098, 21.752176064704447, 19.977709175789222, 14.682126867341871, 18.823481965415457, 23.6775788645919, 27.26637971773675, 33.492469972944825, 60.92840837871628, 59.77861231188667, 64.87283679742191, 72.3171195353757, 73.03991366215635, 71.06997011770947, 66.43212656948467, 56.54027516590768, 46.88843463595623, 50.12163342438196, 43.456502696943126, 43.042628889582964, 92.53799258092695, 84.2257990281238, 77.63716779512734, 72.38922525562191, 67.10393726253575, 61.615787981629516, 56.0262270128851, 71.3286622500344, 79.60770580660515, 85.32671989241834, 90.25876696660644, 92.91632002695523, 91.46496150356855, 81.62589539854287, 74.70911426650609, 69.49281734861125, 58.22684966754238, 72.51439763393003, 78.40650562426556, 84.08540904835904, 113.5263460394033, 115.31830093637136, 119.36944599859811, 120.99289994988641, 128.4640195165169, 127.26413962569066, 129.77987804382505, 110.16862846116307, 98.27292093515545, 88.06425968286501, 69.86799457534107, 56.99644620200416, 45.615533996128, 36.64638045643172, 38.089587971593], [64.93417210454797, 72.29055460172373, 79.56769632306302, 86.36819450461195, 79.36340910519036, 71.90478809305928, 64.67507730376404, 24.0691459419667, 18.877531295697853, 11.379094219856912, 6.362110009615519, 10.273669059551269, 0.0, 8.387354642746123, 16.682436284040797, 59.82073493596241, 69.1466667341408, 77.06122995315359, 86.86568560879404, 94.49119330271573, 94.74030918906092, 84.11051031769321, 75.49077312639463, 67.0025493107354, 60.86844017309911, 30.026832558979855, 25.273107020639646, 22.89374535170613, 23.275672461870528, 26.73758711709263, 20.486294337130985, 18.92107404159722, 19.107580346137606, 19.851691605735894, 25.082604951027193, 52.295513276181055, 50.50854001534887, 55.40472722716942, 64.05888889949725, 64.78679715287662, 62.28632662105928, 57.85315734024501, 48.64834220001135, 38.97233970666478, 40.418803590061124, 33.72844253027533, 33.81947942470098, 86.0196397430965, 76.97452973932874, 70.03036292497463, 64.97071521592655, 60.10951201889752, 55.47770471307, 52.82896905575943, 67.24629827657819, 74.49376528843105, 79.64710670459591, 84.18824138041934, 86.84275251845179, 85.01966637656611, 74.63136951011553, 67.73607066686552, 63.02536495709397, 54.46702680630361, 67.38326983900762, 72.49037001301953, 77.83151087665443, 108.56521996645559, 110.85716380027536, 115.27902885441763, 117.23654238286495, 124.78943313635915, 123.70019073376348, 127.11644037793369, 106.28412877322334, 97.78201371538583, 90.30850318656402, 74.26353729431989, 63.14432874417479, 53.47530007285768, 46.509833511690985, 46.45106782912756], [56.67056377632157, 64.02507608925882, 71.311308966835, 78.21028228189975, 71.09665647050889, 63.60903361161332, 56.405760351146135, 15.744095106127979, 11.318386138333459, 7.480221356540594, 10.424869942928257, 17.711498401736257, 8.387354642746123, 0.0, 8.52713708255954, 51.91221352867555, 61.20617322560943, 69.06994727465518, 78.9334053003732, 86.60113597189151, 86.77610349606285, 75.98323898131603, 67.32250528370919, 58.817120000379276, 52.68954546203811, 24.51232823525595, 22.27175616126609, 23.36632371493165, 27.141259360628368, 32.49508807520424, 26.71426793306592, 22.997903282825828, 19.641367038783503, 16.53387169828138, 19.18941864772586, 44.05899270695046, 42.26396909562647, 47.74035490458967, 56.6462686055691, 57.873902100687474, 56.27218019767889, 52.61250519164665, 44.026506979446715, 34.411145754355026, 34.11299879647729, 25.799676433453055, 25.964016523147453, 79.6767265530581, 70.81682946265656, 64.20933381194783, 59.91896659942717, 55.8573778551587, 52.233403262327705, 51.729649523093755, 65.14244824133135, 71.44976846252509, 75.78409793487684, 79.38821164529895, 81.20835168042254, 78.81588097204565, 69.0084138911189, 62.94034788473544, 59.02962764899195, 52.874110797868575, 64.17775403653282, 68.2478314326762, 72.74388903915995, 101.2526545754878, 103.67361562888483, 108.49768502108515, 110.9924337266022, 118.9421745405653, 118.60718586532579, 123.06615547802461, 103.58993137745138, 97.45197387914985, 91.78901342483152, 77.35471285141007, 67.06506015152071, 58.58301043298411, 52.280160308751626, 51.79473896521516], [48.299258817023606, 55.66033406945383, 62.89714711210575, 69.74654696796253, 62.72300235305925, 55.26800479976249, 48.017062042872716, 7.716518825413502, 5.965965523309449, 10.85753527306193, 17.500992088884587, 24.912784063684978, 16.682436284040797, 8.52713708255954, 0.0, 44.47360223772688, 53.471554653206304, 61.051366042060316, 70.67894407671642, 78.17530884284899, 78.2940095713693, 67.69131054200237, 59.14445858148441, 50.720879384700986, 44.739318979773245, 21.60211277039424, 22.489403140947918, 26.305774419469365, 31.869041023574415, 37.88142902512624, 32.86939099644382, 28.415923609441748, 23.282522071390225, 17.436340507968694, 16.368479833550666, 36.32441852411641, 35.187010560990956, 41.950988436692995, 50.546352599736856, 52.6506690370629, 52.84340066640008, 50.35031393940866, 42.55006782876859, 33.35894344072881, 31.24865321162221, 20.137981369624338, 19.640574277868605, 74.33145997736776, 66.21665940463897, 60.39265327087242, 57.26041243846276, 54.253421550988705, 51.74115307206445, 52.85629645015939, 65.14154493850906, 70.53883853663882, 73.91398347454694, 76.27414631139003, 76.77541385482584, 73.66415295044972, 65.14755822627323, 60.415485789230836, 57.50349312103584, 53.56853058455392, 63.103798911872495, 65.98289177756389, 69.31679445679083, 92.94666622256558, 95.50110246418286, 100.91940625223614, 104.19140494957391, 112.78291494493585, 113.62735830992818, 119.25178104102648, 102.44394574098757, 98.12373836550508, 93.75659500652908, 80.60917230914198, 70.7299170314417, 63.13902863337682, 56.88307872404409, 56.024048754266296], [18.10034054721695, 21.927397847389052, 29.164807166979383, 39.96921797689862, 33.318113865394615, 27.60630818486581, 23.915523328537404, 37.03934278408847, 41.09400444930956, 49.56447041012157, 58.06396472204609, 68.19210562210709, 59.82073493596241, 51.91221352867555, 44.47360223772688, 0.0, 10.173688405634014, 19.480456695652617, 31.73769541739258, 42.36086623515187, 43.43910096026217, 28.621639791922213, 19.515778444809012, 12.117896014439511, 7.575442018768407, 35.02084858773784, 44.3715250988408, 54.14804072262093, 64.73665618541786, 74.58921958639851, 71.05164590397244, 62.96060959960511, 53.91609364320258, 45.61008152814214, 37.398048609764096, 10.970652243331983, 22.997005409868134, 35.34933926497175, 46.01481174838521, 52.0069950810283, 56.99278670822283, 60.310541048233645, 60.77374320730953, 57.17643007400704, 44.43300950706632, 32.97091598233122, 26.83253827766559, 73.32908293823496, 68.0295283532431, 65.70327560343468, 68.18280605773982, 70.50147026697697, 73.77576818122927, 83.53095422852829, 89.49367424730976, 89.45150424910273, 88.1967932326506, 85.17359298367839, 80.693466401796, 73.9773192475837, 71.13074636691584, 72.27428760734699, 74.5088088810572, 82.4004111684607, 83.20750661155029, 80.26977126401437, 78.15925638659479, 62.728372800679296, 74.36629427398938, 87.25595663979266, 97.00349088816213, 108.90011503207768, 116.02217108652758, 127.8597933105239, 118.95619356381854, 125.86218808964077, 127.95226563744562, 119.61502273122852, 111.5238598201308, 105.54202978830826, 97.45214372655842, 90.10937630517962], [16.607687667522352, 16.94311620048219, 22.66919335716505, 33.684846963841885, 28.468957869800523, 24.70076521355938, 23.347742600797982, 46.05785028509283, 50.298880989763404, 58.8936995415525, 67.36965566010105, 77.15192152086908, 69.1466667341408, 61.20617322560943, 53.471554653206304, 10.173688405634014, 0.0, 9.505774371028222, 22.00850684038892, 33.1134232834621, 34.52029938088019, 19.346624951948623, 11.211103038550846, 8.231619987025702, 10.543632160367984, 44.58295670033582, 53.684160466040886, 63.1281968132549, 73.38109446629494, 82.89041462442559, 79.77693910846264, 71.95507486628864, 63.15746152366495, 55.089983168107516, 47.023043256572734, 19.109171632083928, 30.170552100430445, 41.45854790918339, 49.68623371398591, 56.30778038796949, 62.99006851189162, 67.2406398922286, 68.4083217197255, 65.46804915466522, 53.143510954979234, 42.33751523930034, 36.69758239763008, 74.97004180607559, 71.35298203749774, 70.37308103263364, 73.99791140120993, 77.12924965502704, 80.99001280229314, 90.99272499474004, 96.08208911442534, 95.39393189961655, 93.33772493631997, 89.13857418760819, 83.22875324514152, 75.91340464097345, 75.25095088683557, 77.87461715521722, 80.88375119349944, 89.71380708653751, 89.34209287554471, 85.524544944313, 82.2650123989539, 54.1596279799863, 67.88633028581164, 82.6192192566492, 94.00822555177773, 106.75882535277316, 115.71409607932866, 128.80936419606292, 123.45355102963342, 131.51950394675492, 134.25311604424996, 126.65347773428257, 118.68076631043722, 113.07651775475024, 104.80106152744341, 97.25873665641751], [18.07679872113691, 14.64752053788828, 17.309706511517433, 27.548928449930695, 24.441382445269827, 23.19311415229999, 24.202069933214638, 53.69777385182087, 58.23106293992303, 66.99831118602347, 75.42878737228341, 84.7030421513118, 77.06122995315359, 69.06994727465518, 61.051366042060316, 19.480456695652617, 9.505774371028222, 0.0, 12.627802287882915, 23.92017841147914, 25.534551307590586, 10.514062448154567, 6.339529938042489, 11.797379924007448, 17.49458598584062, 53.46397563211795, 62.36940930342834, 71.4749749087522, 81.27110613973633, 90.23381611923362, 87.45748403202181, 80.07594258943986, 71.59575937605862, 63.66375491234112, 55.70128075537376, 26.931163393646848, 36.94878931938611, 47.25051505079602, 52.844681324484995, 59.914783668907276, 68.23533161968068, 73.20385374639395, 74.72182692813888, 72.28362994454136, 60.71497694817577, 50.365450707760424, 45.323980239682676, 75.56901797306354, 73.71769636947609, 74.05222688511125, 78.65097825650842, 82.42611944848457, 86.6856058058639, 96.63179199158904, 100.94521340936099, 99.77225690186897, 97.03691675471613, 91.78707134081324, 84.52586117166898, 76.7624075102087, 78.25819131932111, 82.23393233290713, 85.85560098450875, 95.24590621131111, 93.88099581726122, 89.34925492124017, 85.07596746102207, 45.56346937254725, 60.611204560356775, 76.82748688263729, 89.62209844352091, 103.10342884754715, 113.75272357821707, 127.91339088833092, 126.25215408864383, 135.09693271845953, 138.3591012025321, 131.55133432590517, 123.79983751143924, 118.7266767417658, 110.64240773632436, 103.54394849676912], [25.4097260352467, 19.76081004273038, 17.356857771684542, 23.303461793647614, 24.59446321733713, 26.807073765113326, 29.81915150981733, 63.56844226491111, 68.23532914069034, 77.060815512322, 85.33977125955427, 93.88619185892016, 86.86568560879404, 78.9334053003732, 70.67894407671642, 31.73769541739258, 22.00850684038892, 12.627802287882915, 0.0, 11.731373115952366, 14.269503061330942, 7.200189050882552, 14.541510735067178, 22.42393722560213, 28.710716489548812, 64.60304731683982, 73.13670076326005, 81.67588507033554, 90.74668726702325, 98.88993747556616, 96.63142391509342, 89.90583429062534, 81.94439913522332, 74.30114678351748, 66.58455605275977, 38.109691579099525, 47.395190333410646, 56.893400115729854, 59.489779183631285, 66.90917531634055, 76.99546770077652, 82.52827174983027, 84.0387655657872, 81.89481869566612, 71.45192158529274, 61.21091828544043, 56.504834483944066, 78.50311511557483, 78.97414326734918, 80.83197164459257, 86.35632094102652, 90.65425401012294, 95.10714138756511, 104.47241538617463, 108.15079123647062, 106.67709960008999, 103.31359153847164, 96.95836835113445, 88.09801179343899, 79.95692962866863, 84.10627420240328, 89.51716642895904, 93.6355312512676, 103.0597121622308, 100.90910689640077, 95.77585247654848, 90.46190703918163, 33.58690886673864, 51.147018981560144, 69.76461459671242, 84.61416745390916, 99.17132925301466, 112.20912659567766, 127.57033225781495, 131.1049909165634, 140.17807777798208, 143.62434870411354, 137.52078226743225, 129.83396641743983, 125.29259630156959, 117.21908974173331, 110.60444239755006], [32.41917918008943, 26.271601725226528, 21.043954898645023, 20.901699022019766, 26.232049537198975, 30.815470877801836, 34.959391310765135, 71.32150842478555, 76.29705030601768, 85.21406484050202, 93.30806124671693, 100.98985299168127, 94.49119330271573, 86.60113597189151, 78.17530884284899, 42.36086623515187, 33.1134232834621, 23.92017841147914, 11.731373115952366, 0.0, 4.433030883159402, 15.405784997330153, 24.123919662865188, 31.90521749753207, 38.2594521421639, 74.25224595533143, 82.53267128536821, 90.61755278008602, 98.97129341100148, 106.18747898863354, 104.24328882780516, 98.27337293142058, 90.81808157023043, 83.31070392829075, 75.77541218116446, 47.29039493246861, 55.47365139220181, 64.02928495689596, 63.70255967207361, 71.25904542168098, 82.91570861735381, 88.87861537771076, 90.27085945697154, 88.48108744218406, 79.39084005757168, 69.55622052387857, 65.62265426688325, 78.75537250837077, 81.42286261304729, 84.68305978252579, 90.97418967855454, 95.69309812936821, 100.2624127804707, 108.97017110031373, 111.91293132807877, 110.17684391760142, 106.2683178222531, 98.96203863320436, 88.71937462428926, 80.404152312046, 86.97578050776423, 93.65857308899055, 98.1737206376475, 107.52307502519349, 104.57783958099749, 98.94720788711435, 92.73888593828289, 23.125398647299, 40.790080518806676, 61.00673018917397, 77.37749519346143, 92.69472239334326, 107.69541861659917, 123.96052992595811, 132.3842317900475, 141.5623244454986, 145.32568358722074, 140.21446652415767, 132.93243129987138, 129.24002993511985, 121.90773142452802, 116.6892803653618], [31.923728063772458, 25.526534094914865, 19.388362879087886, 17.324082221971967, 23.584102266273863, 28.92600896249412, 33.65591977859188, 71.42627031584891, 76.71887775202502, 85.76698357162637, 93.85168614208274, 101.2959144675161, 94.74030918906092, 86.77610349606285, 78.2940095713693, 43.43910096026217, 34.52029938088019, 25.534551307590586, 14.269503061330942, 4.433030883159402, 0.0, 16.027365982876976, 24.64249743805536, 32.336360147257544, 38.71558313621071, 75.38566737410402, 83.76581030674666, 91.91656216647925, 100.21514300805453, 107.23739929514072, 105.15163668213495, 99.35444716297553, 91.92613314697863, 84.26674241716968, 76.66152945281362, 47.508103476555576, 54.79558029568598, 62.662802273893696, 61.27132904906589, 68.80317937527003, 80.9145994121398, 87.07861084008269, 88.61822568795137, 87.16944688399661, 78.53040722009835, 69.28529567773948, 66.05626593417405, 75.15472248125994, 78.33041427557474, 82.00396009181765, 88.57608369324447, 93.50795206968385, 98.23778183369298, 107.0371344051306, 109.48435333823865, 107.49898374447372, 103.3532522691524, 95.75208752810691, 85.2054054261301, 76.85515798634944, 84.02012947087081, 91.11216450202555, 95.83225315686357, 105.50584821566275, 102.03976554243576, 96.15743907205898, 89.65193017983083, 23.72643878457488, 37.8319504288762, 57.24627673991241, 73.37515798650487, 88.54442858746592, 103.54703489417167, 119.96062515982678, 129.01837799895742, 138.6809064492487, 142.97552197431276, 138.53113983388806, 131.75244983073378, 128.58905256919581, 122.12763490049166, 117.94019985580042], [20.573973703686196, 14.056478130075291, 11.280684291987834, 19.074701764982144, 18.65159183858949, 20.7816689653261, 24.576940777638256, 60.36415714718915, 65.53684034908693, 74.60023206710643, 82.98083528494476, 91.55812104410441, 84.11051031769321, 75.98323898131603, 67.69131054200237, 28.621639791922213, 19.346624951948623, 10.514062448154567, 7.200189050882552, 15.405784997330153, 16.027365982876976, 0.0, 9.452901017581484, 18.041038691456322, 24.637364882246423, 62.438825611283384, 71.3412408811681, 80.27889111075268, 89.63923519106403, 97.90837669835952, 95.20566093551612, 88.39819115283441, 80.20084116715981, 72.16169188444651, 64.17724014740989, 33.91627528728428, 41.922228743437024, 50.578096856648244, 52.891391244362666, 60.237976883573594, 70.32784670757609, 76.08994110533234, 78.06888414133466, 76.44555761796596, 65.98704701735416, 56.748903859016956, 53.10371622883813, 72.20826764064222, 72.30151040472958, 74.1325186066249, 79.8138040642584, 84.34456528921243, 89.11491855208385, 99.15578323983536, 102.25173645822495, 100.38963749455662, 96.83865855958948, 90.42647662037939, 81.7837162356939, 73.65351044714828, 77.4941290085028, 82.99350963139567, 87.33805733217662, 97.58032631083493, 94.80153789178121, 89.4109724713735, 84.00356617722234, 38.25984558818127, 51.77573827232644, 68.29329934832653, 81.87799443552413, 95.68980929212213, 107.65320858547337, 122.79956073275712, 124.79101658711404, 134.85258461935308, 139.1841360072738, 133.82229461580718, 126.8729160586234, 122.87630436560359, 116.04363339779766, 110.62502833433045], [13.187036760037712, 8.641991947454125, 11.901054380633845, 22.805605936551387, 18.54289146223676, 16.99440347331771, 18.669428058859783, 51.68577427197597, 56.854792330999096, 65.91806087123793, 74.36790271982098, 83.27507970956266, 75.49077312639463, 67.32250528370919, 59.14445858148441, 19.515778444809012, 11.211103038550846, 6.339529938042489, 14.541510735067178, 24.123919662865188, 24.64249743805536, 9.452901017581484, 0.0, 8.713510577366218, 15.284379561253182, 53.50923854705117, 62.59656068595957, 71.80420431296842, 81.48268328596947, 90.10843923981908, 87.07578469645811, 79.99419454114523, 71.5669003519946, 63.342043439671635, 55.23061667025551, 24.592663207620948, 33.106580447653485, 42.6574218207703, 47.03140285054566, 54.21310261246159, 63.219931840796505, 68.48323184598001, 70.15473059849381, 68.1502853642591, 57.154140455314504, 47.61760458331074, 43.87997094760963, 69.25583286254383, 67.64590185921574, 68.32135685095335, 73.23853520852697, 77.27556835517032, 81.75380987338382, 91.90809614900347, 95.65812245441474, 94.21503833894312, 91.245475671704, 85.73564755550721, 78.26943077678477, 70.46753315774389, 72.31433307564072, 76.69345276377894, 80.55374003743589, 90.40292514731581, 88.42803636241338, 83.61893506196894, 79.07218584034001, 46.15075320564992, 57.88234996905251, 72.55639467891065, 84.51560920253456, 97.57526510095448, 107.7314725254722, 121.82523637623287, 120.21136476417306, 129.5671378684429, 133.4787305035807, 127.47578293064936, 120.40055727214765, 116.0422328733803, 109.26661183033927, 103.80861986622658], [8.536650532293036, 9.9567660604036, 17.06685327283495, 27.886294812885357, 21.635567643160787, 16.868920173028208, 15.154869216763368, 43.196885897367586, 48.370625512497924, 57.442328392360885, 65.91954783840397, 74.98878031024809, 67.0025493107354, 58.817120000379276, 50.720879384700986, 12.117896014439511, 8.231619987025702, 11.797379924007448, 22.42393722560213, 31.90521749753207, 32.336360147257544, 18.041038691456322, 8.713510577366218, 0.0, 6.610521761271575, 45.20281715495159, 54.37737133005914, 63.71023379518519, 73.51311342911318, 82.28456566277306, 78.99345986607894, 71.8131876155243, 63.294051891953785, 54.93027854601273, 46.75313712531471, 15.921814726389517, 25.43110574850667, 36.31540269496164, 42.60248619807238, 49.54016769555059, 57.53116572429397, 62.12576429841753, 63.12087154268805, 60.518437065494105, 49.30540298691993, 39.089004490516835, 35.181049659788464, 67.15374933684971, 64.09436541479563, 63.664525544357495, 67.70396538485947, 71.10151311858499, 75.09233884973202, 84.95732144159176, 89.53170950649296, 88.69723868195433, 86.40692193440523, 81.84658054943834, 75.4863636234695, 68.10989859676012, 68.13502831621464, 71.3519991999563, 74.58575719542864, 83.58659061426235, 82.64915373941099, 78.5677298599591, 74.94929475351066, 52.848723406761394, 62.9335720291707, 76.01720165990069, 86.54336013002171, 98.96565863563727, 107.57062401638757, 120.58370375886787, 116.08872159481884, 124.25964509447235, 127.486564251272, 120.75500030129662, 113.46545348013062, 108.7609101226512, 102.03083985943064, 96.73521288325954], [10.652552041421531, 15.249036399676019, 22.87839851685441, 33.28566285273818, 26.296660675848923, 20.208985622252225, 16.36389620128443, 37.15251498467739, 42.23233671473112, 51.25261913861647, 59.759466798486464, 69.08336691908056, 60.86844017309911, 52.68954546203811, 44.739318979773245, 7.575442018768407, 10.543632160367984, 17.49458598584062, 28.710716489548812, 38.2594521421639, 38.71558313621071, 24.637364882246423, 15.284379561253182, 6.610521761271575, 0.0, 38.8989781853041, 48.177831062928774, 57.675177164715755, 67.67316931337025, 76.68213325944122, 73.149313374272, 65.78354214265421, 57.12211170741913, 48.636034448749626, 40.38499470252356, 9.487588767992582, 20.414899585781995, 32.467354807696765, 40.71275296848704, 47.24301996818181, 54.02731485951433, 57.96823066449564, 58.44149900241001, 55.313141240922796, 43.7341501131186, 32.88146456125314, 28.63572266757563, 66.93840947521066, 62.629673022565306, 61.19708011665588, 64.41029609884964, 67.22255919706792, 70.79088055594684, 80.47503376136041, 85.74753305510265, 85.40160290517274, 83.69587257803393, 79.98165887626706, 74.64290229135122, 67.68180809389835, 66.10069228330903, 68.23784208504159, 70.91146771589528, 79.21943472059833, 79.18188299128488, 75.74036018196571, 72.95505013166324, 58.60850813135681, 67.91771296699216, 79.9626837671107, 89.46049548335512, 101.34489329691915, 108.73971412738132, 120.8879447782634, 113.918983681438, 121.21338222583455, 123.89953409021702, 116.53389676777398, 109.05197522323066, 103.98775821396674, 97.19752635013364, 91.83000083095735], [46.57823242650451, 53.22313556931467, 61.01171016622054, 70.28544373285253, 63.15375157396078, 55.86616450783205, 49.21638844072049, 19.216663569391567, 15.796247130718136, 19.053781255554235, 26.36820359779579, 38.150347558125155, 30.026832558979855, 24.51232823525595, 21.60211277039424, 35.02084858773784, 44.58295670033582, 53.46397563211795, 64.60304731683982, 74.25224595533143, 75.38566737410402, 62.438825611283384, 53.50923854705117, 45.20281715495159, 38.8989781853041, 0.0, 9.679446624900203, 20.11691560646952, 31.666673518383625, 43.00196291842886, 38.57777354942615, 29.18795842447657, 19.4906143406447, 11.518979126685226, 5.392236180607912, 31.49632192586109, 35.31836546118581, 45.02476877704108, 58.533617264899604, 61.544800458257676, 60.47434834755235, 58.934937016708616, 54.46557667531534, 46.75479371113758, 37.2405551363854, 24.10811758942624, 14.69317479464114