{
	"dissimilarities": [[0.0, 7.428160939458299, 14.643272772315179, 22.319973144655524, 15.979273294562208, 9.673622905784422, 5.305818919925744, 40.984763841894974, 47.06639753788825, 56.49489874172701, 64.74240383929508, 72.82880224483172, 64.94670878251935, 56.694000952090626, 48.36730581179967, 19.470906688208466, 18.378270102885175, 19.598520000628262, 25.964375598918934, 31.433198390411444, 30.889271297697565, 21.259528309891376, 14.178134311073833, 9.430329014872019, 11.528514203617965, 46.571675566772846, 55.59602797625065, 64.8079974745245, 73.827467129957, 82.24867344111857, 78.54548677855922, 71.93185057293765, 63.925359302214964, 55.23396994632877, 47.3603977125164, 18.11719354382632, 27.383260006822674, 37.670103457342044, 37.996423601705224, 44.01940983384245, 51.86676948110581, 56.40840748741506, 57.94322781576602, 55.917004652939795, 46.76783452931359, 37.08137680715865, 35.08229429733311, 56.1281889870877, 54.50739014835513, 56.21538307180024, 60.60667817634751, 64.07342076083464, 67.96341579606607, 76.4732084594044, 82.99824427471408, 81.32347240404474, 79.83994052335481, 75.92679206521888, 69.62714756144952, 56.9954200042684, 58.677590337967224, 63.5835842936945, 66.85592128541408, 75.88821944505113, 75.18644823953005, 71.96051955792416, 67.913145930142, 49.46277207371978, 55.27698787269406, 65.67526850514518, 74.5164266800488, 85.6129354829242, 97.80705550761564, 107.79140263443607, 109.4724260604136, 118.87629927119201, 122.3470584023382, 116.64962309232082, 109.33977699608769, 105.0416471185913, 99.74062371900696, 96.05558449212536], [7.428160939458299, 0.0, 7.529239543338827, 16.294561288272046, 10.564812175967683, 7.377105145721118, 9.76926655031871, 48.304552068919605, 54.298777156110035, 63.68610560748337, 72.02944059230587, 80.23446276026483, 72.27328341767692, 63.97893791804929, 55.67784862109553, 22.56186691555557, 18.135415562659958, 16.06334795802002, 20.389335721627887, 25.235004054099832, 24.465081148262822, 14.848568064176792, 9.561737419126977, 10.194636999482276, 15.406277188387891, 53.05507796459657, 62.21574924423015, 71.5412683405536, 80.7757110046365, 89.36971696471339, 85.7584533758552, 78.97030954592572, 70.80434080219666, 62.15549195754433, 54.144713093609106, 23.57949767134224, 31.923882200516026, 41.08175035543139, 40.65713415687264, 46.983457404023824, 55.575767273023516, 60.844254709918594, 63.2860305094713, 61.97210834527601, 52.45619754019105, 43.74965591881734, 41.8199666052753, 57.28861644942502, 56.68933065922378, 59.24440701510387, 64.47589435777554, 68.64295687390263, 73.1741491903477, 82.44833167881384, 87.8963949830651, 85.4938236087462, 83.28745478348716, 78.49986109335588, 71.38308584129271, 58.40131217193735, 61.49537008039799, 67.39939950258184, 71.37406043629876, 81.65319473634999, 79.70914140557201, 75.65891317211744, 70.77281967255793, 44.70913387296326, 51.47412285412065, 63.11918808348227, 72.97804330410058, 84.67738705694296, 98.07701975636509, 109.02265946997402, 112.50521074121707, 123.49296908480946, 127.89442099770027, 122.9878752757693, 116.00241546824694, 112.04546122703391, 106.86508653103121, 102.91925749818681], [14.643272772315179, 7.529239543338827, 0.0, 9.527392492456839, 6.34299275531527, 9.731987493315332, 15.553066278765648, 55.56554035399675, 61.69424555715101, 71.11084971654977, 79.38311990083888, 87.36978376703625, 79.54972839141934, 71.27053688877893, 62.93553862863304, 29.167268273924012, 23.121496771066102, 18.250602674022826, 18.421692007487856, 20.638192093515986, 18.931431514812076, 12.235262986539764, 12.127293034692698, 16.72170415467377, 22.550258229783587, 60.57064447055551, 69.73810695527695, 79.03688012084021, 88.18199922496619, 96.51851945381875, 93.02610972533803, 86.4159373686853, 78.31472905153852, 69.67197184562903, 61.671921368623096, 30.820227095946866, 37.925144223888104, 45.63435884914977, 43.433058650953576, 49.699087469277, 59.15367846853535, 65.05013028953498, 68.16290708039448, 67.57360237042266, 58.4586275984331, 50.71867978394646, 49.27029212185331, 57.18075462336601, 58.125201986498546, 61.76764208080456, 67.82934492262889, 72.62117750028692, 77.64236086219869, 87.31073517453355, 91.58844908640543, 88.54385923458878, 85.60245148589496, 79.89140916706025, 71.79032522350917, 58.57097263507774, 63.507523658884466, 70.48829300585729, 75.07769656777764, 86.26810953054753, 83.12194640455832, 78.30317638343078, 72.5239205505761, 40.3433282560364, 46.33401149372362, 58.53833853825723, 69.21100598118528, 81.45363188108226, 96.04051905587323, 107.98543807059546, 113.84187346708818, 126.14604320472944, 131.50066123063922, 127.59670655548118, 121.08240400012073, 117.74478463823176, 113.16511030576152, 109.72825084441185], [22.319973144655524, 16.294561288272046, 9.527392492456839, 0.0, 8.487133057551826, 15.411871899251853, 21.77288686148408, 62.346058261241225, 68.82036307848813, 78.311218575328, 86.24867787549637, 93.48673143266988, 86.20000808902142, 78.06917576691413, 69.66966785170393, 38.587473369262526, 32.480135774051114, 26.665745093385894, 23.31447100380708, 20.810331256070985, 17.25376538800441, 18.094053497636647, 21.150279776809217, 26.047786404151136, 31.68929047200592, 68.8820433018943, 77.87711088862096, 86.92367900934758, 95.5149492829885, 102.92281333980993, 99.64322516919803, 93.75275452131449, 86.06417422805818, 77.42289283801772, 69.64310520653542, 39.47775246678177, 45.37943762037989, 51.54912582662387, 46.22809774875767, 51.90515249686421, 62.414269644420905, 68.75706705812382, 72.13023309054434, 72.24851805162407, 64.64250390716913, 57.780373050572415, 57.211388579172684, 54.8424031475672, 58.300891233634715, 63.422332740879696, 70.26941697353709, 75.5301515818836, 80.7581454587095, 90.13415451632083, 93.14560424099348, 89.65614131903278, 85.99758137924788, 79.30876886335201, 69.90516549407572, 56.58194154219579, 64.1528390516166, 72.32070054016435, 77.34733710574541, 88.79717963652875, 84.59345038315655, 79.14193969021815, 72.39508502452193, 36.78943282680626, 38.19762718766973, 49.75115540136052, 61.04941163015802, 73.95700092242495, 89.83930324106218, 102.92198036376936, 112.27403904104882, 125.24168626049239, 131.4703622298827, 128.84716716484027, 123.00123402959167, 120.68472988428314, 117.37752658875516, 115.5607932615349], [15.979273294562208, 10.564812175967683, 6.34299275531527, 8.487133057551826, 0.0, 7.489851966033107, 14.681919647598235, 55.483470032605574, 62.061799360904146, 71.53425189392568, 79.58151112665784, 87.19858830794584, 79.41378268485886, 71.13069526517219, 62.764618041243146, 32.39229301403786, 27.762608237250948, 24.067699023372406, 24.641423093327138, 25.716206347089766, 23.213284563204535, 18.401276787917624, 17.662200546145375, 20.4652418960045, 25.230113975682436, 62.08482356638542, 71.23787973700853, 80.59326944882135, 89.54737232534637, 97.50951054102151, 93.79268770745476, 87.51493315974743, 79.55308480101061, 70.69082709259393, 62.82757848922374, 32.07112369154422, 36.976701058583615, 43.14847228251067, 38.816620103382455, 44.830373514781314, 54.85741405295867, 61.06620470505782, 64.51565242437773, 64.58193613032822, 56.375370694641475, 49.94143158205233, 49.92857568376196, 50.98832916262285, 52.48104260969149, 56.688698328537185, 63.156469026251195, 68.26635057466405, 73.54642328251953, 83.49396057692371, 86.84719773139646, 83.44280591823343, 80.15588247760897, 74.09126824125926, 65.68628281855517, 52.434436981984405, 58.05595420610787, 65.56305864145408, 70.45346516417764, 82.24066638795674, 78.23563866209574, 73.03110105317754, 66.8673671300099, 43.91718902502123, 45.757174146203575, 55.106569800109, 64.62512586365487, 76.08520813754015, 90.18229263288838, 101.96311222105503, 107.94934067615633, 121.03810325046389, 127.22457575327637, 124.2992491756627, 118.48006739568649, 116.04149691116085, 112.88616324621579, 111.04382831945722], [9.673622905784422, 7.377105145721118, 9.731987493315332, 15.411871899251853, 7.489851966033107, 0.0, 7.467701246857499, 48.079993450721275, 54.67743229794523, 64.13823155265631, 72.20464142339593, 79.96919707186888, 72.01901544390452, 63.701147443695994, 55.34885000732797, 26.921647715686426, 24.282391211261995, 23.073652502792896, 26.802589350061346, 30.08648919735757, 28.349352813467643, 20.750786979188277, 16.49476011535912, 15.94250412359846, 19.32435345192827, 54.91237355154521, 64.04422366474228, 73.44196177125727, 82.44431082765199, 90.59034162207396, 86.68518647246482, 80.29685225986384, 72.2987478737306, 63.369951959570436, 55.53966134264418, 25.153337189570912, 30.291455694745157, 37.53424207221915, 34.56096595262489, 40.68855738764544, 49.98958383021471, 55.65413428869565, 58.519478461881526, 58.00290693901961, 49.529412777794185, 42.51073842130802, 42.54452647972166, 49.935710861368435, 49.72419580724945, 52.84050422351441, 58.534341419946465, 63.0844527504782, 67.9503670451058, 77.64178915891483, 82.02797982439647, 79.20435420696691, 76.62285428334481, 71.47622298707095, 64.09790995738136, 51.07295625224797, 54.72918230396438, 61.2032867591941, 65.53496768891334, 76.5941203663589, 73.6363204312836, 69.14555382192049, 63.85720326850277, 48.514933526458236, 50.9694617406326, 59.5145159810488, 67.99781098893746, 78.71950283057834, 91.42609382706668, 102.08731602547942, 105.4901761316482, 117.40586230916684, 122.79260336921111, 119.03183163278221, 112.87493783692447, 109.99768807025447, 106.55713788323514, 104.5602350175419], [5.305818919925744, 9.76926655031871, 15.553066278765648, 21.77288686148408, 14.681919647598235, 7.467701246857499, 0.0, 40.83047195872266, 47.42019129462939, 56.90476696766812, 64.90608473210989, 72.59685924899142, 64.76917911913279, 56.510859000588276, 48.132896592515166, 23.333738089435325, 23.098191349729287, 24.21773666457132, 29.864343845510405, 34.285437166810674, 33.09264378136327, 24.5855708003893, 18.295748137400587, 14.197967088800741, 15.402237112032168, 48.199596921052446, 57.14961882523533, 66.3655842543792, 75.14288187577384, 83.14394920333832, 79.2413335447386, 72.99485096756504, 65.16645732099886, 56.28210772408295, 48.592264568845444, 19.824920694122685, 26.334637921725367, 35.22560799698019, 33.5834478575687, 39.423310987795595, 47.801922234435125, 52.5958696335463, 54.357702922736465, 52.882597630150585, 44.62439832797755, 36.186016724055285, 35.833538050667904, 50.844445674483836, 49.489319495868244, 51.57388150471055, 56.25710177168312, 59.96142321937595, 64.05060282569322, 72.79166659092277, 78.60758672986925, 76.68214556117496, 74.96762765845489, 70.83700360430726, 64.36421142858458, 51.71411266429706, 53.75379647322299, 59.03125914204242, 62.51585059904542, 72.022462957703, 70.65863421301538, 67.16580318143899, 62.86484394717068, 51.7647890534679, 54.65779307449182, 62.947624233732654, 70.81463790161006, 81.2362746469384, 92.91165727956283, 102.67507406872944, 104.33711238204052, 114.27705708374323, 118.41123438479957, 113.52880287104587, 106.81405223735163, 103.3276773253278, 99.35661588233205, 97.21222455881073], [40.984763841894974, 48.304552068919605, 55.56554035399675, 62.346058261241225, 55.483470032605574, 48.079993450721275, 40.83047195872266, 0.0, 7.625152218815373, 16.65078586096341, 24.193155181421396, 32.780297733801945, 24.00670903846485, 15.750974249758046, 7.393777008383199, 37.48298942950123, 46.47366866107324, 53.9892639235458, 63.47180310359753, 70.54939545975756, 70.75004290480103, 60.496074681718184, 51.893592917452104, 43.36945641869194, 37.361705418139906, 18.13198349183533, 22.660289635599344, 29.94441799896059, 37.33165780063642, 45.72612902859896, 40.35751108977536, 34.12875586630025, 27.34529145316469, 18.74206237170595, 14.683423255736006, 29.36265957658492, 31.176139376495385, 39.881477822211465, 46.497717595527014, 48.55113606105288, 47.93835960214919, 45.952467103165795, 40.652312978591425, 32.72163786318247, 28.045992680232057, 14.170931913391618, 12.597959744684097, 68.05607258623348, 60.34166896684894, 56.00686992390995, 53.6603682232336, 51.425867259534456, 49.9723410759597, 52.24669431814386, 66.29350999743657, 69.5853884583525, 73.09916550723796, 75.36477535206829, 75.42784631439683, 67.40470747567866, 59.81059837981353, 56.80961221749603, 54.66101878589206, 53.64910122613935, 62.17384806052484, 64.96000555295937, 67.207134597129, 85.2145167148709, 89.04192075649195, 94.42457242279953, 98.32248649456514, 105.33010771033048, 110.3687894387206, 114.19272548797001, 103.31613428952954, 103.40745971168214, 100.82373144202919, 89.53392592544046, 80.09181190705871, 72.72172733689614, 65.8541906013362, 62.71939946405377], [47.06639753788825, 54.298777156110035, 61.69424555715101, 68.82036307848813, 62.061799360904146, 54.67743229794523, 47.42019129462939, 7.625152218815373, 0.0, 9.502241978110957, 17.832571353892796, 27.733714392442568, 18.554090912466204, 10.752059028324949, 5.388499087317822, 41.28067449900271, 50.53911674342375, 58.432849356433, 68.15221147120135, 75.65553288827307, 76.19452089422558, 65.66998558505169, 57.02135266529417, 48.4899096418604, 42.32495482998762, 14.172636446377155, 15.958141566784965, 22.428319499283713, 29.979205168137213, 39.44660691984998, 33.83687271833799, 26.71877870269165, 19.73025985492383, 11.384931491466475, 9.716210532162217, 34.34890846192366, 36.70365401096917, 45.44456552658989, 53.441922903373616, 55.39598255057278, 53.8537376346501, 51.1824254898154, 45.3447919362325, 36.82461909576812, 32.268860710366596, 19.41418762749124, 15.56516721907047, 75.39815412979529, 67.23933290205633, 62.340224389399786, 59.30780074138697, 56.41940300429594, 54.25690806223437, 55.357043051654365, 70.49310746239324, 74.46402003537219, 78.6005947052934, 81.56985279410888, 82.29042157593824, 74.66871042360394, 66.36363549340311, 62.534532471576505, 59.78168011762162, 57.1811125102243, 67.086194808125, 70.60907359050432, 73.55161310394111, 90.04608392274581, 95.24448925603271, 101.39821312228291, 105.50730224244045, 112.60818768682827, 117.37705836454064, 120.7603338519043, 108.60319978429851, 107.16502832536317, 103.16409929121528, 90.35109514198302, 80.06961129860728, 71.25899197995633, 62.336406385802256, 56.97245344776826], [56.49489874172701, 63.68610560748337, 71.11084971654977, 78.311218575328, 71.53425189392568, 64.13823155265631, 56.90476696766812, 16.65078586096341, 9.502241978110957, 0.0, 9.09322874847158, 20.594468996208327, 10.845324396733417, 6.334094707460729, 10.5974497099313, 49.59185663968445, 59.01958107074503, 67.14830932380718, 77.0124253302542, 84.71960944951067, 85.40225030369164, 74.75549245306823, 66.07842537633614, 57.55670770208921, 51.30024381213549, 17.45639346182567, 13.538505978101425, 16.109979088982207, 22.296397194332833, 32.407242692844235, 25.998947132730702, 18.32686118214123, 12.429763950020167, 7.524021050098875, 13.154673021059015, 43.16250541873001, 44.649214208273555, 52.32105304032297, 61.01665722744668, 62.40814522494312, 59.4881062029126, 55.73673542802245, 48.99771112348835, 39.95630833879644, 36.97655353185925, 26.782845328621192, 23.726731551991012, 82.74349381428145, 73.91134641515154, 68.20733264773044, 64.09056191612585, 60.18911271703909, 56.920982236550216, 56.242963428413944, 72.57472971328096, 77.52464690652577, 82.58255163712418, 86.67214369612523, 88.52457987777973, 81.8287587282911, 72.3482099483796, 67.22936391957431, 63.517557922353575, 58.57883238484574, 70.26751640321565, 74.91031487043198, 78.95560381641079, 98.8095199002863, 104.27847312541144, 110.16784575144388, 113.79421258039963, 120.3660552787873, 124.0810538684258, 126.40629308518058, 111.92167665908454, 108.41895389720712, 102.81119885839706, 88.45375267524858, 77.57738868245518, 67.54335583957456, 57.34834059778941, 50.888261296135425], [64.74240383929508, 72.02944059230587, 79.38311990083888, 86.24867787549637, 79.58151112665784, 72.20464142339593, 64.90608473210989, 24.193155181421396, 17.832571353892796, 9.09322874847158, 0.0, 12.19078680197788, 4.206808965714868, 9.611019951174276, 17.238079519994592, 58.61423857232259, 67.96085615806831, 75.95509165968555, 85.60497478636889, 93.03160296612286, 93.61366229018216, 83.34958692673405, 74.76388359797794, 66.26328890248816, 60.097015163224086, 26.08668391083305, 20.104862935494534, 17.728941374289047, 18.607043169755077, 26.087580498468117, 18.979132940868872, 14.101030941429107, 13.854140013566376, 14.882588837049184, 22.02771283232569, 52.00749261771916, 52.834537506975956, 59.454878569474765, 67.31033891814883, 67.95349244841891, 64.26377107405239, 59.63074276053595, 51.844436473260835, 42.55387053036628, 42.482745740125075, 34.351858270445454, 32.6320340974562, 87.46767598559418, 78.62940717421719, 72.59506855164504, 67.62956021909443, 62.79898191870867, 58.30167990336755, 55.05008079471579, 72.44857275088404, 78.52717069913564, 84.43353741886347, 89.48524693037868, 92.14561658002461, 86.41137708698747, 76.41835917195078, 70.34795743435134, 65.67227171064593, 57.81737549681675, 71.36875746674009, 77.15273690423163, 82.11119656886478, 106.29009013313409, 110.76762820067108, 115.68185366934874, 118.49075843020262, 124.40078669833134, 126.92735700279847, 128.18269518634094, 112.26087533877136, 106.03770572738684, 98.65350965803665, 82.88927696948723, 71.50092688044738, 60.611131377788915, 50.132284892453036, 44.98905184193799], [72.82880224483172, 80.23446276026483, 87.36978376703625, 93.48673143266988, 87.19858830794584, 79.96919707186888, 72.59685924899142, 32.780297733801945, 27.733714392442568, 20.594468996208327, 12.19078680197788, 0.0, 11.482486027283679, 19.1991858011498, 26.039121841014783, 68.84289251943248, 77.8223089885152, 85.31711772075369, 94.33398819932007, 100.99997835044302, 101.31163112782028, 92.01815663768218, 83.72982758696118, 75.35907697288648, 69.51400972450365, 37.73015467782312, 31.651887385172753, 27.02482185544219, 21.91067777123412, 21.016492250887634, 14.858490871563303, 18.792575631872847, 23.939719806637232, 26.63755449016064, 33.51135082041409, 61.83778780503619, 62.53366552757362, 68.3562348445848, 74.03860815598055, 73.81062692716135, 70.06367400147221, 64.83223300139055, 55.93491743146873, 46.7460458585398, 50.488318641214036, 43.654176318753215, 43.130572971103106, 91.05496087833343, 83.09802085483724, 77.32615483624052, 71.83209400684979, 66.21218377092438, 60.36705946335032, 53.354683021161804, 71.70327222154705, 79.16008334038489, 85.83036243671532, 91.63664104338659, 94.66648250341312, 89.9309078018568, 80.32603014924759, 73.75007713033318, 68.12888258428394, 56.4769603695669, 72.09813533135153, 79.06533095699737, 84.68549128799364, 112.59497407064285, 115.0486125560675, 118.46196567891504, 120.20419228603437, 125.42635255072697, 126.6945462687977, 126.90401107608484, 110.8801117355053, 100.61197243055815, 90.71110819895738, 73.14801862572646, 60.87827169860193, 48.96079243165708, 38.74405222166015, 38.434416818189426], [64.94670878251935, 72.27328341767692, 79.54972839141934, 86.20000808902142, 79.41378268485886, 72.01901544390452, 64.76917911913279, 24.00670903846485, 18.554090912466204, 10.845324396733417, 4.206808965714868, 11.482486027283679, 0.0, 8.62671290042627, 16.71187533012564, 59.637945773897755, 69.03991507306463, 76.98535115086388, 86.63159530161892, 93.89267795809744, 94.28242426278558, 84.08671482872876, 75.46390683664595, 66.91951624184999, 60.74409280774055, 28.163157888297025, 23.1241792231447, 21.730158804400414, 22.49895660623723, 28.584552402717815, 21.43934770748823, 17.9672506357846, 17.736462488356405, 17.569377267196412, 23.918715488015845, 52.41407874299673, 52.23165155751587, 58.027246130540064, 65.31719721681951, 65.57928516638175, 61.544865537258474, 56.61383708965243, 48.51445399847028, 39.21226127927655, 40.352575651944996, 33.42564756173108, 33.14742990806936, 84.89173102655505, 75.89087726371449, 69.69344116964342, 64.4405575594857, 59.34902745472694, 54.559663352212745, 50.95274503254428, 68.43011458895643, 74.67133700793339, 80.75232728442901, 86.06704736404848, 89.06296284008883, 83.752010657297, 73.41963903565112, 67.02057580124058, 62.09074274811939, 53.765861760781, 67.55495670681324, 73.58465485587935, 78.81897003094406, 107.32300422663678, 110.74668305163227, 114.7049441639758, 116.90759049602882, 122.25724667982558, 124.16544681642637, 124.97785848996251, 108.34111999288761, 102.11610725920042, 95.02218517634684, 79.69505033451283, 68.78369913893178, 58.65331072949622, 50.0009530757047, 47.29195305347001], [56.694000952090626, 63.97893791804929, 71.27053688877893, 78.06917576691413, 71.13069526517219, 63.701147443695994, 56.510859000588276, 15.750974249758046, 10.752059028324949, 6.334094707460729, 9.611019951174276, 19.1991858011498, 8.62671290042627, 0.0, 8.404476825076324, 51.4174301921196, 60.86811762242402, 68.84358858609913, 78.62012894768027, 85.98127816627192, 86.33445287986243, 75.89741470568445, 67.19433026439376, 58.61467267004867, 52.38315935526413, 21.76336946993884, 19.40809957526007, 22.080613583035095, 26.747479785730633, 34.81796657271443, 28.138150682459745, 22.448037844352566, 18.16091831182848, 13.43898106258793, 17.292204352514574, 43.89844544967827, 43.72423612098482, 50.094505192581735, 57.72605750919698, 58.507718357245324, 55.13586536810577, 50.937829259703335, 43.63932403665529, 34.449269833770146, 33.426912916287215, 24.98330430084912, 24.739482976550054, 78.48868990494374, 69.47407292898649, 63.565007575257916, 59.038143473213054, 54.755360488157116, 51.063942136906526, 49.92012185808599, 66.36872416680932, 71.54992428695304, 76.84235021984766, 81.28096582285379, 83.56203254470479, 77.45320873522887, 67.52493561241441, 61.9555314085745, 57.86978848041395, 52.28605376793439, 64.29831511543517, 69.2870361908115, 73.70392797911155, 100.18028386644853, 103.86854683521676, 108.23218236155748, 110.91723761419969, 116.66763331743587, 119.47953253966891, 121.18370972684825, 105.84109954499692, 102.28499314930316, 97.09227098070738, 83.39118199142234, 73.17291988717048, 64.21192704815866, 56.434755149353066, 53.31855005008281], [48.36730581179967, 55.67784862109553, 62.93553862863304, 69.66966785170393, 62.764618041243146, 55.34885000732797, 48.132896592515166, 7.393777008383199, 5.388499087317822, 10.5974497099313, 17.238079519994592, 26.039121841014783, 16.71187533012564, 8.404476825076324, 0.0, 44.10854984053868, 53.34900140217356, 61.083378635724955, 70.69505312619302, 77.86904655147592, 78.1130084244653, 67.80951770586958, 59.161438100392886, 50.60697151343687, 44.48943140636932, 18.881376741295668, 20.28173346605943, 25.865639782151046, 32.195902728838306, 40.37890256289412, 34.43409327913539, 28.498179457595743, 22.612341320556304, 15.037072269350972, 14.485326604613405, 36.197174809633054, 36.7623306122543, 44.153005665497346, 51.18373060047731, 52.522090886503335, 50.477687403238605, 47.32311669148352, 40.887438076968834, 32.142961961169924, 29.443989467064377, 18.312622266538373, 17.87073843657326, 72.28096258717014, 63.89323620401193, 58.742270044879746, 55.261722103979075, 51.96549095563587, 49.36869557771905, 49.99088652838841, 65.30117097852872, 69.53938671179017, 73.94509369640261, 77.29970892854816, 78.47353238659841, 71.42509986552382, 62.612995744110194, 58.289123427757744, 55.13772876415695, 51.85417219491711, 62.14608584144103, 66.04887738110315, 69.39636240381616, 92.26823711543922, 95.83181101111676, 100.55126770011894, 103.75566216755718, 110.07870688469913, 113.95411338001719, 116.70623416523361, 103.63911766494661, 101.97608146092132, 98.19974246554047, 85.83003689144469, 76.05391191709157, 68.04364826156284, 60.95515513836557, 58.11371180993296], [19.470906688208466, 22.56186691555557, 29.167268273924012, 38.587473369262526, 32.39229301403786, 26.921647715686426, 23.333738089435325, 37.48298942950123, 41.28067449900271, 49.59185663968445, 58.61423857232259, 68.84289251943248, 59.637945773897755, 51.4174301921196, 44.10854984053868, 0.0, 10.084260100206357, 19.189239019377002, 30.56074427898198, 40.21872763824372, 41.729938445696675, 28.412767356559794, 19.663986768485632, 12.6807246135521, 7.984260756958777, 35.15797821189258, 44.525231149491745, 54.384215350075074, 65.19934709791428, 76.4861306612989, 72.38068110733069, 63.48557236925351, 54.21226882580683, 46.02300521027184, 37.65151392615994, 10.80561597187032, 23.919726653177392, 37.03100828560257, 45.819574411553155, 52.118415437727194, 56.52488101477544, 59.715304052140446, 60.88242223708334, 57.42005468593336, 44.35914779917041, 33.0783439357534, 27.011158412565315, 70.27461986461168, 64.89798773814758, 63.778543094322316, 66.35063433080238, 68.7382785020569, 72.14541258058468, 81.2244358458534, 89.76485084646426, 88.72868951393617, 88.43460540711598, 86.21519394437681, 82.29849606203554, 70.64187390777175, 68.05019826637373, 70.45148496361534, 72.83090579459503, 81.29826228941243, 82.4110341797706, 80.30387319140209, 78.07301761637258, 60.10231595357816, 72.40258013993365, 84.92355914428506, 93.93836999160298, 104.52781944246667, 115.55388109683908, 124.18721837042129, 120.56518090966311, 129.43652087277425, 131.49942393197415, 123.505042698347, 114.9785517298492, 108.4172119647257, 99.82777867671865, 91.26141097348508], [18.378270102885175, 18.135415562659958, 23.121496771066102, 32.480135774051114, 27.762608237250948, 24.282391211261995, 23.098191349729287, 46.47366866107324, 50.53911674342375, 59.01958107074503, 67.96085615806831, 77.8223089885152, 69.03991507306463, 60.86811762242402, 53.34900140217356, 10.084260100206357, 0.0, 9.301467408650584, 20.82308810706217, 30.926738965865475, 32.853166898310306, 19.289850749266932, 11.587539367840009, 8.980745875778581, 10.80811255112464, 44.69081903048159, 53.849551247086374, 63.36615291377498, 73.85844280720849, 84.65092726565268, 81.00603203754521, 72.45476637786618, 63.428280158023085, 55.46943663562831, 47.18563868488968, 19.165613174913158, 31.228102844455105, 43.13392085107425, 49.75925417265822, 56.43642987366985, 62.3281822621833, 66.45541759777274, 68.3824974666324, 65.62359270512583, 52.973458772496734, 42.35569089095584, 36.75012115404971, 71.96366985860467, 68.30906682315629, 68.52169865611117, 72.22267505372234, 75.42072334306562, 79.4227585691186, 88.84891851568025, 96.39296643167658, 94.70978593995446, 93.59095918554488, 90.24734124537856, 85.01616016772674, 72.67529006406878, 72.27678606604033, 76.09009075451303, 79.23031988767684, 88.66175173978806, 88.61858716875416, 85.62891383895668, 82.27946107499974, 51.620321109767744, 65.99793844137847, 80.54363723908627, 91.0127320554772, 102.73126946474113, 115.48325706518995, 125.50348252144225, 124.98669437708787, 134.98963546160022, 137.753311667132, 130.45704237681576, 122.06800233301965, 115.8161569407189, 107.19023965728556, 98.49664003072338], [19.598520000628262, 16.06334795802002, 18.250602674022826, 26.665745093385894, 24.067699023372406, 23.073652502792896, 24.21773666457132, 53.9892639235458, 58.432849356433, 67.14830932380718, 75.95509165968555, 85.31711772075369, 76.98535115086388, 68.84358858609913, 61.083378635724955, 19.189239019377002, 9.301467408650584, 0.0, 11.58375501684307, 21.840121160941504, 24.044097077096257, 10.670380720322635, 6.624976002409896, 11.857374501082225, 17.360093309165855, 53.3780740758145, 62.40568460834858, 71.6393743339206, 81.68649680065428, 91.76558486630697, 88.49760075112096, 80.46893704811889, 71.76037354581163, 63.87129318439093, 55.67500912149343, 26.99975185429929, 38.24376020656879, 49.068462697813395, 53.24728007668674, 60.00569532007346, 67.19921607519193, 72.03204822353173, 74.42935033727966, 72.2475214411623, 60.35837015179547, 50.18821810399398, 45.14460556118599, 72.61704547590915, 70.78148964561731, 72.2705729120095, 76.90280520948596, 80.72164127838168, 85.11792495249743, 94.59676829046533, 101.24344593992778, 99.0762386196339, 97.25627613424113, 92.93134604767545, 86.47289222656822, 73.64486483602418, 75.39425010923605, 80.43778203601383, 84.15229293708707, 94.16743536689204, 93.18392634344798, 89.49356317686828, 85.16876086651367, 43.24212556081646, 58.90416229624519, 75.0788135968592, 86.7781844303634, 99.48478919890195, 113.75303355266993, 125.01106556917615, 127.61053841969613, 138.37486836894283, 141.74847034296855, 135.20588175980234, 127.0463046845932, 121.2668160082234, 112.98089905215645, 104.79916242496832], [25.964375598918934, 20.389335721627887, 18.421692007487856, 23.31447100380708, 24.641423093327138, 26.802589350061346, 29.864343845510405, 63.47180310359753, 68.15221147120135, 77.0124253302542, 85.60497478636889, 94.33398819932007, 86.63159530161892, 78.62012894768027, 70.69505312619302, 30.56074427898198, 20.82308810706217, 11.58375501684307, 0.0, 10.756701161014375, 13.944773944475616, 6.527171803410723, 13.340027779402932, 21.27703913450445, 27.664297305644798, 63.88992103147799, 72.6768487390265, 81.48624107254923, 90.92589760142307, 100.09046825572268, 97.33570583386518, 89.97275419486049, 81.70784101167916, 73.999707175076, 65.9774013752427, 37.623152971121506, 48.41642285636817, 58.332940974736566, 59.97511119875152, 66.5909640800976, 74.9942980754837, 80.37915758400466, 83.02392987356005, 81.27918343429043, 70.37949621597657, 60.38185036883164, 55.6359310697852, 75.59019787258507, 75.97713811741379, 78.82891283386908, 84.29968784026822, 88.61502797953828, 93.2373496929308, 102.41408460554474, 108.27454376430647, 105.75458496089986, 103.27531339882593, 97.96941343768444, 90.16478416346092, 76.97071298335338, 81.16555406076218, 87.40029993115516, 91.56669922096403, 101.76981670369504, 100.05512349728215, 95.77319226225168, 90.48632193279217, 32.62216132340997, 50.637153516763966, 69.31717760792112, 82.68740359753886, 96.72995382702548, 112.86924229041438, 125.60258803996628, 132.1074171810112, 143.23833601257377, 147.01391603679164, 141.14443144370827, 133.13471196583183, 127.77024911978928, 119.69361679469048, 112.0000081215134], [31.433198390411444, 25.235004054099832, 20.638192093515986, 20.810331256070985, 25.716206347089766, 30.08648919735757, 34.285437166810674, 70.54939545975756, 75.65553288827307, 84.71960944951067, 93.03160296612286, 100.99997835044302, 93.89267795809744, 85.98127816627192, 77.86904655147592, 40.21872763824372, 30.926738965865475, 21.840121160941504, 10.756701161014375, 0.0, 4.645844354017254, 12.909224099502493, 21.523038837538575, 29.455337903167663, 36.1090305369569, 72.69684298449737, 81.35094483284166, 89.87447286044957, 98.6733820248312, 106.77916111186265, 104.35568579873821, 97.79212270795871, 89.98528729207132, 82.25749758900868, 74.40254867886978, 46.016382682103874, 56.103897217453564, 65.07900978716468, 64.0246616722491, 70.29137353186763, 79.75620328741469, 85.56410424446739, 88.3432262264919, 87.0899702461769, 77.48313252695242, 67.8885649358718, 63.88129893683081, 75.5965033377582, 78.15983246811271, 82.29049257710214, 88.45934577861784, 93.16786129421084, 97.92447986693307, 106.68919133114825, 111.64796248205806, 108.83830499133407, 105.77136898850821, 99.61237120710561, 90.60557550563462, 77.27892908185609, 83.76516396640076, 91.04453720826045, 95.55735530672699, 105.80708550368009, 103.36018795178879, 98.58656026508707, 92.45800221250038, 23.338638458650518, 41.201872099410394, 61.457948905743, 76.02764233961094, 91.06935134077712, 108.67619169337279, 122.61557165763644, 132.7987382434372, 144.14538240487636, 148.43696894507423, 143.51627520670183, 135.9235364724607, 131.3338044157015, 124.16356707334018, 117.88105567340762], [30.889271297697565, 24.465081148262822, 18.931431514812076, 17.25376538800441, 23.213284563204535, 28.349352813467643, 33.09264378136327, 70.75004290480103, 76.19452089422558, 85.40225030369164, 93.61366229018216, 101.31163112782028, 94.28242426278558, 86.33445287986243, 78.1130084244653, 41.729938445696675, 32.853166898310306, 24.044097077096257, 13.944773944475616, 4.645844354017254, 0.0, 14.074780619405688, 22.461439109562903, 30.201772255688333, 36.884294374555004, 73.99951561962702, 82.72776236837313, 91.32012262560238, 99.97883640089886, 107.7561490499928, 105.24525419045747, 98.95231709207408, 91.23624836164431, 83.317122797673, 75.47622419004746, 46.57103717925579, 55.89672857574357, 64.23554757666486, 61.95060971596312, 68.04159286593165, 77.8978693044208, 83.8954930787475, 86.82259161173766, 85.91715128260715, 76.89252651519409, 67.83106968108783, 64.53489888603309, 72.05946578073574, 75.29507405277545, 79.882086009351, 86.3257092196, 91.22374450755984, 96.10069445288192, 104.89163240662812, 109.28825746640254, 106.28094520601462, 102.96388514705019, 96.5043997820188, 87.14640907633208, 73.8244995192732, 81.03614358329877, 88.70522703540003, 93.39194725004064, 103.87528624950716, 100.93995561930642, 95.92645712586089, 89.49201845300064, 23.215404715518982, 37.618842356874524, 57.09424858654675, 71.54627911216373, 86.53511784727606, 104.27516182288059, 118.39881785128189, 129.3906906043233, 141.10872656089543, 145.88389345145245, 141.61001747792577, 134.4288917810305, 130.42539398434394, 124.14821469628197, 118.97675777579367], [21.259528309891376, 14.848568064176792, 12.235262986539764, 18.094053497636647, 18.401276787917624, 20.750786979188277, 24.5855708003893, 60.496074681718184, 65.66998558505169, 74.75549245306823, 83.34958692673405, 92.01815663768218, 84.08671482872876, 75.89741470568445, 67.80951770586958, 28.412767356559794, 19.289850749266932, 10.670380720322635, 6.527171803410723, 12.909224099502493, 14.074780619405688, 0.0, 9.137173379870053, 17.65587288011164, 24.333177060581917, 62.19080030498219, 71.25149598877715, 80.39569179669914, 89.94410300261887, 99.07629136509824, 95.96456269172727, 88.66201099143805, 80.29027563569677, 72.17523018280052, 64.04076779422346, 34.09694829465753, 43.705110056825006, 52.917387811668895, 53.759834085363345, 60.36547925701966, 69.00204440035488, 74.61016946181455, 77.57321783504514, 76.27135434632906, 65.62001243216734, 56.48175689062632, 52.80568826542839, 69.25725401050235, 69.56780213625552, 72.5639063410397, 78.2421319064457, 82.77722635148878, 87.64413500152753, 97.25555474533127, 102.50747827141666, 99.7051604139256, 97.03384813434988, 91.58958292743431, 83.79010232892551, 70.61906962547536, 74.83727425760073, 81.28709161817659, 85.66606017030176, 96.47369957728353, 94.14037416242037, 89.60574602890203, 84.16514220923578, 35.59907368271052, 49.62713674185522, 66.18231579218467, 78.6415305502843, 91.97472111359255, 107.53476405005812, 119.95003513555103, 125.88628708437429, 137.75996719728164, 142.2279865323339, 137.077952807002, 129.61478865283772, 124.93135285841456, 118.03304779603931, 111.65305175860898], [14.178134311073833, 9.561737419126977, 12.127293034692698, 21.150279776809217, 17.662200546145375, 16.49476011535912, 18.295748137400587, 51.893592917452104, 57.02135266529417, 66.07842537633614, 74.76388359797794, 83.72982758696118, 75.46390683664595, 67.19433026439376, 59.161438100392886, 19.663986768485632, 11.587539367840009, 6.624976002409896, 13.340027779402932, 21.523038837538575, 22.461439109562903, 9.137173379870053, 0.0, 8.633539767296377, 15.239718845567136, 53.43515378603717, 62.63241086580225, 72.00908766214846, 81.8174668653238, 91.36925634402967, 87.92157233921631, 80.33236080582506, 71.76590993063826, 63.48690236579273, 55.274946444384064, 24.97937281981782, 35.16941359372978, 45.33410031712898, 47.801078509632404, 54.46875087403854, 62.26095689490126, 67.36540263370688, 69.92344079356188, 68.17554180319345, 57.06917985604259, 47.56924674285396, 43.80357449929339, 66.15676482769292, 64.81171902353299, 66.76250751017758, 71.72231937005111, 75.77285277092687, 80.32705552991827, 89.89440165426905, 95.92840847627713, 93.56042218625767, 91.501936986595, 86.90502838798926, 80.13960461372879, 67.23235579785162, 69.5671809699429, 75.0405316512189, 78.95299513039085, 89.29326462101378, 87.75460015459824, 83.81493836066142, 79.18771266654396, 43.018919423052864, 55.26434256807871, 69.7983674520776, 80.86232852413205, 93.18617924117765, 107.19712615941071, 118.40110726457928, 121.42792773272693, 132.54766684959316, 136.48835830842762, 130.71981322910725, 123.0910854484611, 118.10421475029383, 111.13373708611219, 104.69205394376381], [9.430329014872019, 10.194636999482276, 16.72170415467377, 26.047786404151136, 20.4652418960045, 15.94250412359846, 14.197967088800741, 43.36945641869194, 48.4899096418604, 57.55670770208921, 66.26328890248816, 75.35907697288648, 66.91951624184999, 58.61467267004867, 50.60697151343687, 12.6807246135521, 8.980745875778581, 11.857374501082225, 21.27703913450445, 29.455337903167663, 30.201772255688333, 17.65587288011164, 8.633539767296377, 0.0, 6.732845819346086, 45.169810510526005, 54.43121807840034, 63.92822965456087, 73.80067064827031, 83.51771358998319, 79.81222919471692, 72.13504499598127, 63.515326770730304, 55.08527104832778, 46.86094570167775, 16.583387298146935, 28.07193364478409, 39.514475118529845, 43.37657082479444, 49.873333237558306, 56.73871248551036, 61.150366061195626, 62.99797491097911, 60.62241118174124, 49.41075361249671, 39.14582254969378, 35.19577862118243, 63.926442330456915, 61.18222437827257, 62.1076152350983, 66.20435535607265, 69.60164480587189, 73.63363638008916, 82.7668656531808, 89.76877693269422, 88.01973130513295, 86.67557394631967, 83.00450703185, 77.23875590888971, 64.71967450468577, 65.3024363468024, 69.69200780368023, 72.9656416653945, 82.37755726573808, 81.91989014236802, 78.74588508656926, 75.01406038573515, 49.53728501781359, 60.088613878123674, 72.87392063845938, 82.67322591305219, 94.13140170925038, 106.69055075134484, 116.74448282623086, 117.30769877232929, 127.19406122470812, 130.38194044987438, 123.90194466182686, 116.04674933451226, 110.74368341980988, 103.71529696433853, 97.42308910852577], [11.528514203617965, 15.406277188387891, 22.550258229783587, 31.68929047200592, 25.230113975682436, 19.32435345192827, 15.402237112032168, 37.361705418139906, 42.32495482998762, 51.30024381213549, 60.097015163224086, 69.51400972450365, 60.74409280774055, 52.38315935526413, 44.48943140636932, 7.984260756958777, 10.80811255112464, 17.360093309165855, 27.664297305644798, 36.1090305369569, 36.884294374555004, 24.333177060581917, 15.239718845567136, 6.732845819346086, 0.0, 38.78085197458629, 48.156500147984865, 57.86266674197139, 67.98319718293308, 78.11994593575933, 74.11111513991655, 66.13476239235516, 57.32734412412962, 48.76786310052373, 40.47781765585699, 10.011067899640825, 22.899349893215852, 35.437805563873816, 41.16748663313524, 47.47450605393518, 53.22334039627006, 56.981165323514695, 58.319704991238936, 55.40731369639295, 43.72363486718085, 32.88075279945211, 28.613854857183256, 63.74930588040451, 59.59951156036721, 59.4778994265078, 62.751983543398254, 65.57895567427188, 69.21623875911217, 78.18636088624795, 85.96761855359465, 84.67112374691098, 83.92871268970995, 81.08316655581743, 76.3149393059216, 64.27912016226641, 63.13160277482297, 66.46752865811, 69.20784316774397, 77.99736223251521, 78.38954550703225, 75.84523935436245, 72.94168263256134, 55.68528290147821, 65.53241725408978, 77.12851783900241, 85.96184785725812, 96.63068308945537, 107.97559257733086, 117.0395179853735, 115.25418086359217, 124.38795205928166, 127.043761143096, 119.97104632941218, 111.94382603550108, 106.31010211506589, 99.11894606555552, 92.65014695130587], [46.571675566772846, 53.05507796459657, 60.57064447055551, 68.8820433018943, 62.08482356638542, 54.91237355154521, 48.199596921052446, 18.13198349183533, 14.172636446377155, 17.45639346182567, 26.08668391083305, 37.73015467782312, 28.163157888297025, 21.76336946993884, 18.881376741295668, 35.15797821189258, 44.69081903048159, 53.3780740758145, 63.88992103147799, 72.69684298449737, 73.99951561962702, 62.19080030498219, 53.43515378603717, 45.169810510526005, 38.78085197458629, 0.0, 9.641271383393686, 20.12744027859822, 31.711349708409273, 44.91827352146832, 39.684973566429164, 29.32868632105654, 19.441031127278126, 11.623392902639097, 4.652094067987234, 31.126421174595723, 35.535477222037315, 45.99798110636968, 57.56947612942276, 60.82460651853848, 59.405356090194836, 57.626576144890194, 53.61469662238053, 45.92994560383737, 36.5333312941657, 23.26756789297