{
	"dissimilarities": [[0.0, 7.389305449689977, 14.792970835711568, 22.77462134339779, 16.569801565934974, 10.381899047638104, 6.454775916090813, 42.21406558069385, 47.00023491559439, 56.395588426366764, 64.69605889627225, 72.7083514031955, 65.08157627147312, 56.820562725945656, 48.404101762620556, 19.441778513111526, 18.23848692609269, 19.36946836777791, 25.981505114667204, 32.19448083637252, 31.541468632485554, 21.20889099897543, 14.195835714214537, 9.860250945522532, 11.843192119491304, 46.678722352312995, 55.61428292139901, 64.7338850685183, 73.7518973541883, 81.8132280464348, 78.27473760314453, 71.84307797186734, 63.8831745641841, 55.23971791236673, 47.47183972908404, 19.92956044676031, 24.698905999489813, 35.256140995763474, 37.4757583129652, 43.986547621989544, 53.08760734461361, 57.497490065799354, 58.15903330752351, 56.17761004713488, 47.01009617661402, 37.17704498546459, 35.15685341548864, 60.496452432421464, 55.321449180705535, 56.885510204469306, 60.95449206232622, 65.64754421998558, 69.46044474684807, 78.86621410590622, 84.77374837761872, 84.98968955369517, 82.66955698571351, 78.89733042267504, 71.93549267437545, 61.57961355238131, 59.48809512623883, 65.18384949359186, 68.51097783876921, 76.87405033587822, 78.887345997473, 74.706447508339, 71.96066404732453, 50.76851656192687, 57.948638544450404, 67.79801803053942, 76.60024513065356, 88.4969735179967, 101.69282702491181, 105.02391011428004, 109.53429446993862, 117.30486705428774, 123.15132157044283, 117.98718491261535, 110.32778262883359, 107.20734422102295, 101.6254038072137, 95.97931099561794], [7.389305449689977, 0.0, 7.9750325470202945, 16.79292311853735, 11.532202683037488, 8.456607097248103, 10.520833188904003, 49.56718534422233, 54.319114717618916, 63.6252843844062, 72.01025137939561, 80.0810133681492, 72.43568501228225, 64.15490839180033, 55.75983429304135, 22.75196316958752, 18.225144590968213, 15.963941266725987, 20.451047953975316, 26.107803885210288, 25.17973901650047, 14.835037867511796, 9.769814073468387, 10.756878089620052, 15.811084506287887, 53.22186769863099, 62.28723103194501, 71.50532653147931, 80.69709282022768, 88.88250825767649, 85.45135255375139, 78.88512796691926, 70.79374209482333, 62.19651321333094, 54.29028665593426, 25.79081026762488, 29.969124225104906, 39.18163785774686, 40.31894287406045, 47.05300090383853, 56.81186477446487, 61.94025827680264, 63.55050189031928, 62.25189551980821, 52.810193788764856, 43.92407503922763, 41.99182228835135, 61.88953032327481, 57.55954764591343, 60.001797901513164, 64.80295482652258, 70.23026410202338, 74.65579417883067, 84.63519837496993, 89.62127065990454, 89.07607635695473, 86.0845239621613, 81.45748222745844, 73.68192207257128, 63.564950486479844, 62.35240790149335, 69.0245923955026, 73.01582311198335, 82.41241918381043, 83.48311421561822, 78.38613631258829, 74.78773797839794, 45.92968377847896, 54.07478335020538, 65.06347354981227, 74.96689732683491, 87.40847782064212, 101.74072368278428, 106.10894270400689, 112.4494104452286, 121.829148618029, 128.58267337854636, 124.13008114351514, 116.7914752699472, 114.01845040059584, 108.57425008047441, 102.73402037315887], [14.792970835711568, 7.9750325470202945, 0.0, 9.190864554652576, 6.346826984855976, 9.793456368767567, 15.563092080206841, 56.70533072758352, 61.685499315220895, 71.16479843404879, 79.3810432740208, 87.14422313622809, 79.62320800266095, 71.3579904904054, 62.92584670113987, 30.223374792192647, 24.36087745045295, 19.449151724196458, 19.431114971009844, 21.969037101157397, 19.934383525941428, 13.42808582779191, 13.626287451588198, 18.054692228863413, 23.594751692344673, 61.16093302453511, 70.20071499265279, 79.34517472435007, 88.329876233655, 96.1429842931012, 92.82455466027803, 86.54751320473089, 78.60233142433353, 69.99419490023261, 62.15029622754656, 33.453779187861095, 36.34323569060417, 43.82410892229457, 42.574741349782514, 49.21057341996796, 60.04373356154204, 65.81101807911621, 68.03717321783489, 67.54268295981586, 58.76483602843416, 50.961083770139474, 49.679106344295185, 60.8342268991996, 58.12518595902184, 61.820879610206866, 67.44150222106435, 73.54198419751982, 78.44404262984565, 88.54059729609942, 92.41620333901727, 91.15345830709887, 87.44272540410743, 81.82508239294513, 72.94446886774551, 63.14541199787675, 63.52741490225584, 71.31854431177642, 75.95928112580309, 86.07103079391776, 86.04084664131398, 79.9919762834232, 75.37039433126412, 41.56701241146742, 48.14855983914312, 59.2907366989158, 69.9661172568312, 82.81907439607977, 98.23778138312181, 103.85836821467943, 112.77567584931022, 123.55424243158123, 131.24218614870597, 127.80845424762339, 121.04830189999748, 119.04977043362615, 114.45261072817559, 109.55590689680639], [22.77462134339779, 16.79292311853735, 9.190864554652576, 0.0, 8.858751893236485, 15.858259184748029, 22.060158783326063, 63.489779217405484, 68.69266992076682, 78.4083573198169, 86.28374737248431, 93.42792168361798, 86.2995758413276, 78.15783027757183, 69.68047163756476, 39.32778726677571, 33.15759938092615, 27.08749333829461, 23.239480917804727, 20.913858472332148, 17.356487401985518, 18.586416312946913, 22.012428298927748, 27.109114852888172, 32.59574604932065, 69.42962142501786, 78.27349095402596, 87.11542155465393, 95.5469564658662, 102.58427019063578, 99.50318255238182, 93.8497875793961, 86.31051299143138, 77.76639405067343, 70.15468788291525, 42.05042021991244, 44.04723500609145, 50.24011386300622, 46.24868249529189, 52.457467230428655, 64.44635099519917, 70.5695580034549, 72.86652933257305, 72.99624816467468, 65.52557263609934, 58.386332330544334, 57.68989468006325, 59.51949601382348, 59.23340199045975, 64.34392618090736, 70.65941076688324, 77.15838272614356, 82.21221678514495, 91.73826106352729, 94.64237731645689, 92.94017713643277, 88.63466010727262, 82.06421900356392, 71.86079748470137, 62.44159170361965, 65.08777732852496, 73.88686457862438, 78.9698443847805, 89.10852359373295, 88.13809399109378, 81.3607103051185, 75.71735048374079, 37.264064196243666, 39.97736243848321, 50.96566950540586, 62.46165702870909, 76.01883940839647, 92.72674343185923, 100.0706027217905, 112.40754637161508, 123.83694674762855, 132.0080772159412, 129.4772854245333, 123.32336238473047, 122.18642426710026, 118.62930058689463, 115.23251343458837], [16.569801565934974, 11.532202683037488, 6.346826984855976, 8.858751893236485, 0.0, 7.613555985504939, 14.718153331485748, 56.51619759011312, 61.94682586182667, 71.69052387753831, 79.58813341202375, 87.05795867863041, 79.41071546479455, 71.13084945524857, 62.75642902879751, 33.58239572012733, 29.068729508763525, 25.2803449438515, 25.66276684492276, 27.01112494328968, 24.286800384320962, 19.58689883041606, 19.124368279305386, 21.932743008725677, 26.469283041701036, 62.79177179977758, 71.80339822688435, 80.99089769260199, 89.77431326963098, 97.21581280201673, 93.67528610687071, 87.73224765461738, 79.93516770011608, 71.12161894452622, 63.427249697651156, 34.656056025233916, 35.52566724736453, 41.384138173390575, 38.04561470729799, 44.47544154084186, 56.01438895714695, 62.055161508171814, 64.5270249635686, 64.69494162172552, 56.85042978879546, 50.35256271872443, 50.36246399278874, 54.66927172729737, 52.49178062527883, 56.76528926714524, 62.76560012425694, 69.1732810302814, 74.32127530245619, 84.54295562073321, 87.63927035720873, 85.98145805911264, 81.96303513426544, 75.99544922206164, 66.81987032759736, 57.12514223165689, 58.090475530041566, 66.36613366177077, 71.31782091362467, 81.8856399260105, 81.14309729100613, 74.63190609200639, 69.61680744123235, 45.158569069960734, 47.52947787537643, 55.97038312233369, 65.5709439151735, 77.5662572509892, 92.45346176553863, 97.71457269805451, 106.88067564557988, 118.39773632576964, 126.96052480929073, 124.54364720656405, 118.42836189379389, 117.3445108570055, 114.15821534254226, 110.92910084566176], [10.381899047638104, 8.456607097248103, 9.793456368767567, 15.858259184748029, 7.613555985504939, 0.0, 7.440594279227094, 49.06714606325473, 54.52342657720143, 64.2488079475274, 72.16980402467803, 79.81499305998192, 71.97982588480544, 63.657581430653444, 55.31693838552658, 28.01449658711489, 25.46291536630715, 24.134800676107727, 27.769947542643163, 31.42273011485492, 29.446166995408472, 21.68345112685612, 17.756427611536452, 17.394325978272192, 20.552482210847568, 55.528207456045564, 64.52940490175011, 73.78809183065577, 82.66234798886344, 90.29002942338236, 86.54724429297983, 80.479498419925, 72.61925383523707, 63.72582523811398, 56.054181682859415, 27.492157890516378, 28.327508402460754, 35.248691619449154, 33.48926372398541, 40.0688114142952, 50.88562733768057, 56.40545467481191, 58.32488095869418, 57.93088290677129, 49.780362733955734, 42.7673799299198, 42.845302807599964, 53.48341426539646, 49.64441620496794, 52.76834885745042, 58.066998642319135, 63.913055542486994, 68.67840916862293, 78.8708304039313, 82.86334875956423, 81.82698225823867, 78.4581158978728, 73.42292775996742, 65.33002403771209, 55.27073919663146, 54.66972131707484, 61.95611840379105, 66.35447123277584, 76.38678817724836, 76.54378619803022, 70.85998123509955, 66.79949087046636, 49.967405316212556, 53.053791432323614, 60.76526301283663, 69.24551302547911, 80.54306946720786, 94.08337332347094, 97.89096688432652, 104.40259194061102, 114.6960208567261, 122.60236024890818, 119.49794658790265, 113.01992985332645, 111.50046362256401, 108.01937534053789, 104.54561994325292], [6.454775916090813, 10.520833188904003, 15.563092080206841, 22.060158783326063, 14.718153331485748, 7.440594279227094, 0.0, 41.82608940344508, 47.23059709035104, 57.00157152010505, 64.87096835992519, 72.45092461176411, 64.7400565323384, 56.462227612650224, 48.06725593226443, 24.481011996830258, 24.23457350771129, 25.142576300653378, 30.66662270892525, 35.4163439418284, 34.012534188681144, 25.329810263063735, 19.378533556935647, 15.765508881812474, 16.84313177076107, 48.871818433053306, 57.67077935307337, 66.73194104558434, 75.3830426210367, 82.87849509101935, 79.13500596661639, 73.20147955130278, 65.51225289506445, 56.670683679872134, 49.16729373291548, 22.01612497543264, 23.727764890729468, 32.519087545167714, 32.34920275539721, 38.71637231950982, 48.73064665915513, 53.38612062878405, 54.12432596362987, 52.8001787382474, 44.83459132252625, 36.43747884636922, 36.17890633888329, 54.09206180324426, 49.366185114804594, 51.44241659733409, 55.85851215879337, 60.8118666192181, 64.81206009576167, 74.24242836670079, 79.4694105160279, 79.4049877876625, 76.84426219465088, 72.79892579972416, 65.57372035338176, 55.20365550852148, 53.65443691237506, 59.7799029532639, 63.364173654516904, 72.06171242091757, 73.44740173338121, 68.88757213569023, 65.82317453759696, 53.17439258291074, 56.69697703869956, 64.21115887374921, 71.9438314996314, 83.0470952143787, 95.65009622146826, 98.62099767281859, 103.37469098565903, 111.62790795599169, 118.2361452322383, 114.05120630899417, 107.03925181739146, 104.90746194684002, 100.89985166907621, 97.24971417207009], [42.21406558069385, 49.56718534422233, 56.70533072758352, 63.489779217405484, 56.51619759011312, 49.06714606325473, 41.82608940344508, 0.0, 6.699888772823398, 16.52491927480162, 23.306436472598055, 31.428629441790108, 22.952842756457706, 14.679182692271938, 6.256298258336713, 39.50049439092911, 48.36839243466968, 55.7411808232152, 65.2272154860645, 72.47181701252403, 72.45800073253685, 62.03584606810564, 53.49026837993339, 45.06568894943519, 39.15958343166427, 20.525518648177588, 24.236497065115557, 30.789395710201344, 37.571531605134616, 44.726088436988604, 39.53690057605085, 34.20381620302742, 28.033725704906264, 19.876252237054977, 16.937190268375005, 29.13199547602677, 30.098741114345785, 38.059333052493436, 45.78316556617829, 47.839387909731926, 48.319626886114484, 46.11494818561449, 39.434217470175945, 31.50632216681782, 27.950466485816317, 14.939805485417441, 14.533893903865064, 69.22459935030703, 60.036195327589716, 55.54262533465788, 53.469788547409635, 51.66211755102713, 49.995053088720795, 53.89074308726293, 66.29533621471829, 71.7185482104745, 74.29463161625671, 76.69029296889597, 76.190376669055, 66.86660765083589, 59.347161926408724, 57.003385115684665, 54.82957585123617, 54.125126642906174, 63.191112951145946, 66.16575051784166, 69.64258289008501, 87.32552115720411, 91.25472009114782, 95.84424212656076, 99.07801420369421, 106.90939168095093, 112.96883664434874, 109.79472749177164, 101.74749156961933, 99.16991116699198, 98.89682598863938, 88.9344909702409, 79.16649451326943, 73.2188150191333, 66.66226416442494, 62.390237893477966], [47.00023491559439, 54.319114717618916, 61.685499315220895, 68.69266992076682, 61.94682586182667, 54.52342657720143, 47.23059709035104, 6.699888772823398, 0.0, 10.152800909093164, 17.7161332398728, 26.66695771506643, 18.487099232445313, 10.796284593286387, 4.354840883958678, 42.349275276717016, 51.428560723568395, 59.10548690583105, 68.75525657624306, 76.33551820174999, 76.63313766831615, 66.03798447316481, 57.46014426258038, 49.003518962844865, 42.96893797274261, 17.266835535903528, 18.721619247665036, 24.26645708843675, 30.92471167868341, 38.685141957147955, 33.411119184855615, 27.576389184885354, 21.490731877430072, 13.862645124898131, 13.0206699519282, 33.08946942562043, 35.290718504571906, 43.55900119490747, 52.20367168373112, 54.2007090733282, 53.88102367320416, 51.16998370919031, 44.16993693071453, 35.71707789217658, 32.2020623339751, 19.559464389332955, 16.85311755195996, 75.77259197420634, 66.45636913639994, 61.60195008918089, 59.070965434491875, 56.681554243124346, 54.417962604197385, 57.32010420821369, 70.53892649013957, 76.54802999055856, 79.62963373298412, 82.55803687181957, 82.5000917166653, 73.30737735642357, 65.53500105688863, 62.59043731140873, 59.91385821969103, 57.98302668800063, 67.90778800842251, 71.6439540663969, 75.61026037590695, 90.79870276782869, 96.03223363678624, 101.42419160041842, 104.899742833107, 113.00016116286417, 119.00038590638961, 115.73146686036773, 106.8516707919517, 102.8018663537112, 101.05532135713757, 89.65760983164188, 79.09102880477612, 71.72573122275429, 63.205869323816124, 56.818691623548155], [56.395588426366764, 63.6252843844062, 71.16479843404879, 78.4083573198169, 71.69052387753831, 64.2488079475274, 57.00157152010505, 16.52491927480162, 10.152800909093164, 0.0, 9.335838656389097, 20.052410430757348, 12.212617181508433, 8.483177902954646, 11.45119048650528, 49.665730157314755, 59.02368289164759, 67.1082429492186, 77.06684730312108, 85.07322897975301, 85.6408291941965, 74.69385713445598, 66.02461311938677, 57.53331937819131, 51.33409738899082, 18.051767700706044, 14.088478748814898, 16.20595697528847, 22.159510988984596, 31.02367559770457, 25.00379491797155, 18.13717659306886, 12.657694570246907, 8.152789444379696, 13.795890777303399, 41.28687933225104, 43.67457529777064, 51.19982195858229, 60.88708477751892, 62.44915584302245, 60.47857500187983, 56.802225798228015, 49.32781590524734, 40.35237619000613, 37.54479669110346, 27.096217825504045, 24.041999144967416, 84.50557848533512, 74.63061257692577, 68.93644878251337, 65.48249220360735, 62.06038673542777, 58.8856194445963, 60.567656665749034, 74.73057683164835, 81.51854242983076, 85.45696533432779, 89.42953793389051, 90.50484043317023, 81.72289535877648, 73.12624314306863, 68.94763848802148, 65.40930517493044, 61.82258391576264, 72.88642419028639, 77.85755545924532, 82.79744309006837, 99.35048151941237, 105.6080806963553, 111.27634904982666, 114.55686936730999, 122.3926172586551, 127.63753102398809, 123.50776573586441, 112.28463677039468, 106.3145046824418, 102.90271885863862, 89.96232885315736, 78.65892635995586, 69.69611690682744, 59.233776368547936, 50.46606520908951], [64.69605889627225, 72.01025137939561, 79.3810432740208, 86.28374737248431, 79.58813341202375, 72.16980402467803, 64.87096835992519, 23.306436472598055, 17.7161332398728, 9.335838656389097, 0.0, 11.289144323967566, 5.259984507845437, 9.973384464288188, 17.193339084828462, 58.89026509738023, 68.19298531023361, 76.13316674453469, 85.85148972773014, 93.49941832395676, 93.94823321918753, 83.45083141861346, 74.87245127139526, 66.40776185041898, 60.27633449341832, 27.013766334856065, 21.255699491512715, 18.859261884344942, 19.50460579685501, 25.342791708022443, 18.594514993168527, 15.022699046107661, 15.138190806586797, 15.947295348976638, 22.941932606285892, 50.13852611758668, 51.60944211359906, 57.88109657565169, 66.6086063552644, 67.3754195730283, 64.61240348629669, 60.000843244872335, 51.379381063543974, 42.20011778126626, 42.43390744644983, 34.34833439052039, 32.87467141449254, 88.08837899183652, 78.53200170881584, 72.45762916817048, 68.20915383073593, 63.620525188481565, 59.17854238287532, 58.4093606992758, 73.48581116601393, 81.35482409499541, 86.2028344608514, 91.16429765600849, 93.13891250512968, 84.88733793296544, 76.32219776476369, 71.02265244094121, 66.50771030263931, 60.310763696983514, 72.51207204432053, 78.88378692115577, 84.71206930830219, 107.02989354551795, 111.95967897781293, 116.4861400362711, 118.740215196425, 125.78946985992933, 129.7228184390626, 124.69077394109158, 111.83585596410609, 103.13282727304438, 97.84202340136234, 83.70437376084254, 72.02398829620228, 62.35112972070471, 52.02275501284786, 45.20972102860043], [72.7083514031955, 80.0810133681492, 87.14422313622809, 93.42792168361798, 87.05795867863041, 79.81499305998192, 72.45092461176411, 31.428629441790108, 26.66695771506643, 20.052410430757348, 11.289144323967566, 0.0, 10.872171743406975, 18.484931625268082, 25.369594813714215, 68.66972774427028, 77.61829820541152, 85.08565404806572, 94.14113130741373, 101.03878751130367, 101.33737673792089, 91.85180738126287, 83.59346768971763, 75.31328526404762, 69.45197360226796, 37.860159458274794, 31.713754150842806, 26.853720779606633, 21.763113707139176, 20.508563029307588, 14.74335378524052, 18.797242260811377, 23.964919584279148, 26.751213065833877, 33.75585027752175, 59.74432031144102, 60.857304411239326, 66.54914380401318, 73.52027407682573, 73.65746890530289, 71.10984575585466, 65.9733746838862, 56.20986300433452, 47.230324782118615, 50.63658009093091, 43.65585106046782, 42.99066596416429, 91.72451598936902, 83.37328478888492, 77.53971757205656, 72.91855590423697, 67.43019226338107, 61.73549831640534, 57.49715328098306, 73.37783717662391, 82.49301203875659, 88.11904982314464, 93.73816618877126, 96.00988740934555, 88.22793230936159, 80.66755277958734, 74.76858576807325, 69.46059400302038, 60.10026763302556, 73.28977929551291, 80.95044678925052, 87.29691089541507, 113.0596457397014, 116.2029568131816, 119.5714817339137, 120.7839436365621, 127.28484068694374, 130.12348328852, 124.83272061005138, 111.83734950655725, 99.42215111708617, 91.19282819751514, 75.12127993153847, 62.67355478348867, 51.82375694030587, 41.35166567619502, 38.61407355155674], [65.08157627147312, 72.43568501228225, 79.62320800266095, 86.2995758413276, 79.41071546479455, 71.97982588480544, 64.7400565323384, 22.952842756457706, 18.487099232445313, 12.212617181508433, 5.259984507845437, 10.872171743406975, 0.0, 8.525691552733363, 16.70699965415197, 60.364882981297484, 69.70239118550558, 77.55177240029293, 87.22804434392, 94.63606784645246, 94.843311044061, 84.47877714295663, 75.8776127775333, 67.37831209843637, 61.25938716960333, 29.90100389388378, 25.247740119896868, 23.9340294808481, 24.39544554286931, 28.63672091770664, 21.927523925945017, 19.926043735535412, 20.062224817831773, 19.600592863543643, 25.630207880383452, 50.79198368307677, 51.09853649574123, 56.312356459893614, 64.27503373425326, 64.56448895843153, 61.475855557026115, 56.51327543227568, 47.42127051045295, 38.26613481945869, 40.12291354647633, 33.5480707465069, 33.691233043237716, 84.69938676507363, 75.16367010938895, 68.91318113028382, 64.36140950082098, 59.374964649187895, 54.55283218957588, 53.28493781982005, 68.46252060567934, 76.53076412996906, 81.60431924709448, 86.87719535551076, 89.26808540938818, 81.30067499904949, 72.6300689077482, 66.8974694731753, 62.07300960841494, 55.27578857595385, 67.66945836546934, 74.39872951380622, 80.53445983752749, 108.31292174164773, 111.84599140238863, 115.22416975636513, 116.75227547850973, 123.08090099299376, 126.23922395827415, 120.5685280257212, 106.93581855439501, 98.04053061788917, 93.13190992893132, 79.6409355312108, 68.45667444679755, 59.76546019030673, 51.65407608933933, 48.033832155116556], [56.820562725945656, 64.15490839180033, 71.3579904904054, 78.15783027757183, 71.13084945524857, 63.657581430653444, 56.462227612650224, 14.679182692271938, 10.796284593286387, 8.483177902954646, 9.973384464288188, 18.484931625268082, 8.525691552733363, 0.0, 8.538552278428176, 52.3301555409843, 61.67276983493914, 69.51219996729908, 79.29592964051687, 86.7910314890426, 86.9278870263631, 76.33585136638712, 67.66812801259611, 59.13657800723807, 52.99838656075019, 24.02786794393023, 21.936625163701432, 24.247600328827616, 28.2450966367395, 34.49651054950442, 28.180309912739677, 23.905397347766154, 20.400953673955886, 15.975367888528417, 19.581204166358535, 42.41107413462371, 42.64862787235023, 48.395345374773164, 56.65564006997631, 57.43106488735194, 55.08117366800292, 50.84523289201969, 42.45783140341548, 33.3525655457646, 33.30844782382729, 25.230530363098453, 25.519221985407977, 78.5164257584412, 68.73798902709702, 62.805814523584566, 58.90129822833887, 54.87463585397571, 51.12316925851583, 52.11558920878395, 66.43267976870145, 73.53114154210111, 77.78287357635458, 82.18596886482169, 83.81614716345025, 75.40911746490572, 66.725487864178, 61.91444001188867, 57.909721476576806, 53.450961339841356, 64.78806920501371, 70.26571657056223, 75.64306977136361, 101.1474491035064, 104.91031677270657, 108.63498085902866, 110.70440300263711, 117.41694417009298, 121.46112004806747, 116.4049887048682, 104.20128939050373, 97.91932929616807, 95.08505213188133, 83.14025917667632, 72.58366637831357, 65.09726063602315, 57.77467565732517, 53.691808631325415], [48.404101762620556, 55.75983429304135, 62.92584670113987, 69.68047163756476, 62.75642902879751, 55.31693838552658, 48.06725593226443, 6.256298258336713, 4.354840883958678, 11.45119048650528, 17.193339084828462, 25.369594813714215, 16.70699965415197, 8.538552278428176, 0.0, 44.90892840982649, 53.96711283771289, 61.51696154986871, 71.06925993311731, 78.37728703410997, 78.45047692513992, 68.05084450557634, 59.4871283576165, 51.03211323132318, 45.04287779135224, 20.949234073943057, 22.093584876268945, 27.016553557288283, 32.72845365190751, 39.493693867301815, 33.95543826882176, 29.058972890120774, 23.833478200276208, 16.77753081871364, 16.66149800977733, 34.853108849281654, 35.66935785059605, 42.75782428311665, 50.65116332255896, 52.147212336747295, 51.48409427150161, 48.37434004102847, 40.79036728869586, 32.18985310827303, 30.28960890921119, 19.230840531779936, 18.905759326170873, 73.25754170724127, 63.928450571109394, 58.8573297736271, 55.994707181533116, 53.190560951089296, 50.54978844715033, 53.02116094029218, 66.392427419156, 72.63290058581907, 75.95195211330905, 79.20244311723185, 79.54297303384074, 70.5700929501388, 62.664435338406626, 59.263439001117966, 56.261669781204986, 53.75425896116208, 63.91069778330987, 68.01643322427525, 72.30765484962956, 92.83183813878576, 96.71044246007632, 100.99523984275993, 103.74868346182821, 111.18757693892067, 116.44132048215846, 112.57370696900239, 102.95544322651625, 98.57675533744828, 97.00780339242769, 86.02134737916784, 75.7973999333666, 69.08322641491235, 62.00614805603418, 57.72909395502415], [19.441778513111526, 22.75196316958752, 30.223374792192647, 39.32778726677571, 33.58239572012733, 28.01449658711489, 24.481011996830258, 39.50049439092911, 42.349275276717016, 49.665730157314755, 58.89026509738023, 68.66972774427028, 60.364882981297484, 52.3301555409843, 44.90892840982649, 0.0, 10.118803498661736, 19.383768301875726, 31.308808056258055, 41.71513145528345, 42.858149787647285, 28.550370192247073, 19.593214681993917, 12.26006073781672, 7.677374435431819, 35.09708854200476, 44.44263954030153, 54.31785331424585, 65.17184327296927, 75.75343794697382, 71.87135759991543, 63.33380780502329, 54.097003330969095, 45.900655503561744, 37.51968985432407, 12.702581996397502, 23.15453434243973, 35.95394491299414, 45.79322085320827, 52.05564732176083, 56.84120110313905, 59.998234961375495, 60.80550316022542, 57.27805493458037, 44.41967281772599, 33.027897347277, 27.361400542007747, 74.66897476467885, 66.00610957894419, 64.75540220131887, 67.0484637525681, 70.61390282977744, 73.97076294074431, 84.37343032643656, 91.95950423845095, 92.80100259205162, 91.57057571440089, 89.52804965706545, 85.06497060674596, 74.98377611366965, 69.12150673485425, 72.47449212688957, 74.76060756607504, 82.85126529024663, 86.6239650363988, 83.90790986790847, 83.02943191111653, 61.64746175091483, 75.21101399767274, 87.0100385107499, 96.02997968514056, 107.5231533940777, 119.65771744663175, 121.00516720423508, 120.23959938071846, 127.27730241364917, 132.1326663740988, 125.08587700397094, 116.15438413111951, 110.78857109912312, 101.9964707151315, 91.202381279123], [18.23848692609269, 18.225144590968213, 24.36087745045295, 33.15759938092615, 29.068729508763525, 25.46291536630715, 24.23457350771129, 48.36839243466968, 51.428560723568395, 59.02368289164759, 68.19298531023361, 77.61829820541152, 69.70239118550558, 61.67276983493914, 53.96711283771289, 10.118803498661736, 0.0, 9.485432734612644, 21.62947700260559, 32.532060461031875, 34.02038792639993, 19.37382211832278, 11.41692636241791, 8.482311047167864, 10.637634682097, 44.66459683750176, 53.784796432168, 63.283864495133564, 73.78442427736566, 83.9561841964321, 80.52199653742366, 72.29177408039737, 63.315778287217256, 55.3637016215923, 47.09915098807312, 21.43282080575403, 30.39501991590408, 42.07517674366296, 49.6768099617565, 56.38269226642369, 62.75165234312908, 66.83088264444535, 68.34995304868805, 65.54128029495209, 53.07430232434124, 42.330643302331914, 37.10751165844529, 76.57718841083829, 69.36004358684161, 69.45184132423819, 72.77227659885415, 77.20995005099928, 81.14313637852592, 91.70964640969943, 98.44115482112731, 98.62721901075001, 96.62179297996728, 93.46416494133106, 87.65950640011916, 77.58228943664207, 73.28980427831627, 78.01164444808417, 81.06644799420393, 89.94622288669942, 92.76050910792115, 89.01251159786065, 87.00577227976935, 53.17403889502773, 68.85259110479193, 82.52414996789973, 92.99696434898921, 105.56208411911201, 119.34053278356087, 122.393216074436, 124.65850830808151, 132.97253307731074, 138.3829873631417, 131.8218511647307, 123.08653962025086, 118.02253247661977, 109.20169471855505, 98.35196640347154], [19.36946836777791, 15.963941266725987, 19.449151724196458, 27.08749333829461, 25.2803449438515, 24.134800676107727, 25.142576300653378, 55.7411808232152, 59.10548690583105, 67.1082429492186, 76.13316674453469, 85.08565404806572, 77.55177240029293, 69.51219996729908, 61.51696154986871, 19.383768301875726, 9.485432734612644, 0.0, 12.235233985942115, 23.320156931177376, 25.030843905271606, 10.561327246021113, 6.4280678626850225, 11.791963469528941, 17.449590099877305, 53.459354809279766, 62.41745872722273, 71.57737578845112, 81.57787744377428, 91.10624234878675, 88.04726180199437, 80.31882318937434, 71.69234486939868, 63.83223872171205, 55.69718893928457, 29.46251207976472, 37.285457295577785, 48.00128470105904, 53.132102090140435, 60.02019692081794, 67.8961597514043, 72.6569069031417, 74.52246593978784, 72.30703795876545, 60.603189210008665, 50.26288147571881, 45.55234580033847, 77.29798225086327, 71.76605316567348, 73.17142869685523, 77.36694619945234, 82.45966129306777, 86.76083150814935, 97.16439820790409, 103.13076524741894, 102.83298794372192, 100.17414277366605, 96.0195203287755, 88.91762289558578, 78.90822871768249, 76.35081213839429, 82.26138175218574, 85.91694556190663, 95.20755636809608, 97.18478521341142, 92.59348734125577, 89.56312709925272, 44.56138881627868, 61.55167175322237, 76.75756690737109, 88.46286767111354, 101.98739119823226, 117.23013350900966, 121.9704407802954, 127.33961827000603, 136.51456432532225, 142.3197382068567, 136.28196069064143, 127.83056157473874, 123.22859915190266, 114.74659331346598, 104.52518435604154], [25.981505114667204, 20.451047953975316, 19.431114971009844, 23.239480917804727, 25.66276684492276, 27.769947542643163, 30.66662270892525, 65.2272154860645, 68.75525657624306, 77.06684730312108, 85.85148972773014, 94.14113130741373, 87.22804434392, 79.29592964051687, 71.06925993311731, 31.308808056258055, 21.62947700260559, 12.235233985942115, 0.0, 11.557309234848963, 14.196045593667765, 6.908662442052947, 14.044283815636776, 21.99847803749991, 28.333863721834707, 64.33000829849361, 72.98216851369429, 81.60823365186418, 90.87696534507826, 99.51306801310028, 96.99510347006195, 89.95800197183208, 81.8560114438121, 74.2224326288557, 66.33703980921307, 40.52535910843188, 47.64142868784921, 57.5787725796937, 60.05764801631198, 66.91397427208061, 76.30325203419807, 81.57592452428372, 83.48045808360577, 81.71277441626206, 71.06895742586632, 60.814737173581854, 56.375416217871575, 80.26423212970421, 77.01620186985826, 79.88009687560778, 84.89350722298097, 90.48463190901815, 94.9567751156735, 104.74861696991427, 110.04651027354836, 109.42269090731409, 106.15725417893825, 100.97067224708732, 92.36376760452562, 82.52097835972836, 82.19481682923255, 89.26137693157769, 93.40432819602503, 102.66609474593072, 103.90896164319385, 98.58927675462957, 94.48493852011494, 33.06812896760186, 52.488658322610426, 70.17229388939195, 83.56371837439275, 98.47926895183767, 115.60293466607368, 122.65100575577274, 132.01973572813046, 141.60752732171636, 147.42314009431237, 141.73011604486388, 133.51530687301116, 129.3097182084855, 121.04701726575709, 111.52231114600607], [32.19448083637252, 26.107803885210288, 21.969037101157397, 20.913858472332148, 27.01112494328968, 31.42273011485492, 35.4163439418284, 72.47181701252403, 76.33551820174999, 85.07322897975301, 93.49941832395676, 101.03878751130367, 94.63606784645246, 86.7910314890426, 78.37728703410997, 41.71513145528345, 32.532060461031875, 23.320156931177376, 11.557309234848963, 0.0, 4.456561768757275, 14.674535762610557, 23.276842516884983, 31.154655252073603, 37.608501711585326, 73.68345969812972, 82.1318930719037, 90.36397548797953, 98.87354815611974, 106.47340217621303, 104.31156022508391, 98.09670652301348, 90.53188475887671, 82.9328778192385, 75.29549656511298, 49.54117847533249, 55.67522002018424, 64.75193251113039, 64.54058184185533, 71.15857127099203, 81.91393099134646, 87.55349544711595, 89.35795749259576, 88.09586588846177, 78.7986273567168, 68.89031433972994, 65.11753763709082, 80.36033801315392, 79.4512076200936, 83.67232942071513, 89.3698740535022, 95.32318142980851, 99.87050929799118, 108.913395897059, 113.44302756377725, 112.5433335350473, 108.75380386418696, 102.66379417944867, 92.70827211383697, 83.14898365370115, 85.05456908887307, 93.09825084572236, 97.62563470151608, 106.70594110750669, 107.17876604260381, 101.24079857582267, 96.17261721887733, 22.806633539320657, 42.209958356095036, 61.57687102174515, 76.20851583248786, 92.18296592018042, 110.79340726721135, 119.90808835225816, 133.06706084415282, 142.88054486359397, 148.80979322682433, 143.76761763488213, 136.04307543958623, 132.6021684643511, 125.25756372275632, 117.39204894958851], [31.541468632485554, 25.17973901650047, 19.934383525941428, 17.356487401985518, 24.286800384320962, 29.446166995408472, 34.012534188681144, 72.45800073253685, 76.63313766831615, 85.6408291941965, 93.94823321918753, 101.33737673792089, 94.843311044061, 86.9278870263631, 78.45047692513992, 42.858149787647285, 34.02038792639993, 25.030843905271606, 14.196045593667765, 4.456561768757275, 0.0, 15.373621814791498, 23.851569911122603, 31.62828001986121, 38.107819660445294, 74.7877269846062, 83.33844853490262, 91.68168571781905, 100.11886544764532, 107.4992302382873, 105.206398996579, 99.1828814761775, 91.6575772138217, 83.85202440579978, 76.205867537753, 49.76790209535158, 55.0642447761144, 63.483270359586214, 62.224365214009616, 68.73409689376163, 79.90770342082116, 85.73374308322751, 87.68877012224706, 86.79541601431393, 77.965720340703, 68.63581206942433, 65.5032395730745, 76.77416753804033, 76.41191819517793, 81.0413722684254, 86.99114511232783, 93.14504789444561, 97.84185251572019, 106.91274171118549, 110.95062520731886, 109.79494107237323, 105.77725973237092, 99.39623674692253, 89.1397876391203, 79.71381971675486, 82.15457151960597, 90.53441976483515, 95.26495052060243, 104.59164458518809, 104.60893834101539, 98.35641352963383, 92.9754051094563, 23.328223115024965, 39.19576458166582, 57.68221730036526, 72.16991090849059, 87.96580549684074, 106.61272395362342, 115.866505155597, 129.66301206168993, 139.9670197607507, 146.42172094863994, 142.0245652097644, 134.7021156322465, 131.84729826464957, 125.37951735048408, 118.60723270878984], [21.20889099897543, 14.835037867511796, 13.42808582779191, 18.586416312946913, 19.58689883041606, 21.68345112685612, 25.329810263063735, 62.03584606810564, 66.03798447316481, 74.69385713445598, 83.45083141861346, 91.85180738126287, 84.47877714295663, 76.33585136638712, 68.05084450557634, 28.550370192247073, 19.37382211832278, 10.561327246021113, 6.908662442052947, 14.674535762610557, 15.373621814791498, 0.0, 9.314468496919403, 17.92078585329742, 24.548156963688903, 62.300783579118075, 71.28611007256801, 80.34442840827955, 89.85574937755786, 98.58409576144106, 95.6427441608262, 88.55808651309049, 80.25360783896419, 72.17835239720793, 64.12421347217578, 36.52270971192709, 42.39926423680122, 51.53806706058012, 53.518756897260324, 60.39276524857642, 69.89927539131995, 75.4070350957682, 77.73407320335804, 76.43271576537354, 65.86483320291507, 56.581914348689445, 53.11536926888166, 74.03637752079977, 70.43831151701993, 73.33184460079411, 78.49901230253309, 84.3408293845725, 89.11571030144916, 99.45171681689766, 104.21458585571254, 103.2200446776239, 99.7758207670109, 94.50019264027857, 86.0554721801611, 76.2911333626619, 75.68688587844696, 82.90844945888922, 87.27518296476242, 97.20376716765247, 97.97019930402499, 92.34251888155472, 88.14882590576097, 37.148976302081465, 52.56998578211942, 68.05892089361596, 80.53337373516528, 94.5422012717492, 110.9423085521683, 117.17271213216384, 125.72811290212503, 136.18969383355935, 142.95118644918188, 138.122128268403, 130.3962334014042, 126.88606834415253, 119.77467307739467, 111.45873064347005], [14.195835714214537, 9.769814073468387, 13.626287451588198, 22.012428298927748, 19.124368279305386, 17.756427611536452, 19.378533556935647, 53.49026837993339, 57.46014426258038, 66.02461311938677, 74.87245127139526, 83.59346768971763, 75.8776127775333, 67.66812801259611, 59.4871283576165, 19.593214681993917, 11.41692636241791, 6.4280678626850225, 14.044283815636776, 23.276842516884983, 23.851569911122603, 9.314468496919403, 0.0, 8.706915398334415, 15.30015597097088, 53.43461501547748, 62.58119938206366, 71.91936603538382, 81.74904984483656, 90.87515842333822, 87.58964068946057, 80.2118249833339, 71.67654462548575, 63.42013379675652, 55.25954886505038, 27.26610884100014, 33.66249995791737, 43.72037738369477, 47.50461842281389, 54.39675638636711, 62.941598437131624, 67.96223205280825, 69.96063111322385, 68.2126532766023, 57.150841662666075, 47.55664231059275, 44.00176751523854, 70.92904013117442, 65.7229811187955, 67.5172439897347, 72.00947579083345, 77.3509262464006, 81.83916844553838, 92.32967256733433, 97.76760039589163, 97.22107083820104, 94.34561466113335, 89.93952687678244, 82.60215379103927, 72.6094957056292, 70.44635135936285, 76.72146170839761, 80.60688688908299, 90.22128929520042, 91.70409505193976, 86.78549249635638, 83.4787814895486, 44.83543595223901, 58.47224993518845, 72.06809255525499, 83.13041735895844, 96.15521734340756, 111.05213059494325, 115.58632361629687, 121.24360959228966, 130.87187013442403, 137.31030907303594, 132.06725340490016, 124.12423616516386, 120.32090402484903, 113.12618677154198, 104.6375290586137], [9.860250945522532, 10.756878089620052, 18.054692228863413, 27.109114852888172, 21.932743008725677, 17.394325978272192, 15.765508881812474, 45.06568894943519, 49.003518962844865, 57.53331937819131, 66.40776185041898, 75.31328526404762, 67.37831209843637, 59.13657800723807, 51.03211323132318, 12.26006073781672, 8.482311047167864, 11.791963469528941, 21.99847803749991, 31.154655252073603, 31.62828001986121, 17.92078585329742, 8.706915398334415, 0.0, 6.644964840202315, 45.083224626497, 54.319545591817885, 63.82634120281326, 73.79177682282827, 83.11008727084358, 79.54608907088462, 72.04270894095248, 63.40709355408111, 54.985681858245265, 46.7893744574258, 18.665106537760053, 26.068637579530428, 37.477967376643974, 42.98979635095605, 49.716625906332595, 57.275099253817544, 61.61614632846567, 62.94656242964404, 60.58811945512824, 49.32075944703405, 39.03508353748469, 35.30065743109985, 68.60300400181978, 62.113477520978925, 62.823467649646574, 66.52937944221857, 71.18818263299914, 75.19202126989366, 85.47758634111729, 91.7353678997541, 91.8164765580934, 89.60519265433676, 86.12855130473393, 79.8431195232377, 69.66853991990003, 66.19761321322866, 71.40625580306698, 74.66637389743569, 83.56917400447622, 85.92037342759959, 81.87557592652672, 79.50701270923088, 51.581136443031895, 63.5426718067572, 75.51980928846643, 85.27290771524464, 97.46130671320911, 110.95756021266911, 114.05189763307271, 117.20108079549706, 125.56215596390511, 131.38412295084126, 125.59488747439123, 117.40343790999454, 113.28842211951927, 106.02560502225239, 97.5818460285165], [11.843192119491304, 15.811084506287887, 23.594751692344673, 32.59574604932065, 26.469283041701036, 20.552482210847568, 16.84313177076107, 39.15958343166427, 42.96893797274261, 51.33409738899082, 60.27633449341832, 69.45197360226796, 61.25938716960333, 52.99838656075019, 45.04287779135224, 7.677374435431819, 10.637634682097, 17.449590099877305, 28.333863721834707, 37.608501711585326, 38.107819660445294, 24.548156963688903, 15.30015597097088, 6.644964840202315, 0.0, 38.73724041124943, 48.081584608190916, 57.79465763416032, 67.99207375810008, 77.62186806063545, 73.78556548256911, 66.04699869946191, 57.241723378202245, 48.690236653229725, 40.42494013400622, 12.194639304127943, 20.992033474219763, 33.55267244711993, 40.909803812853966, 47.372446426960664, 53.76578549358692, 57.46192790521795, 58.293062305099554, 55.37553218691604, 43.71695268349043, 32.824629917799484, 28.77514686660428, 68.24332356444081, 60.614054306912266, 60.302766129861574, 63.26083090857657, 67.30267549189821, 70.90439768704235, 81.11499738048225, 88.05199284615152, 88.61726672230621, 86.96960595575098, 84.30522933770224, 79.00379753273145, 68.80219072833351, 64.11192327951416, 68.32082238399667, 71.02793669883013, 79.38489529604443, 82.47387911179797, 79.18090300355814, 77.64406597830705, 57.46659794214401, 68.65114552586299, 79.56861890186272, 88.38435296591311, 99.87277653680698, 112.25231781917631, 114.15847483735293, 115.11057684789091, 122.55486518695767, 127.92433723385386, 121.68403871737762, 113.27456712515703, 108.83679168220789, 101.40910937063714, 92.76196614245322], [46.678722352312995, 53.22186769863099, 61.16093302453511, 69.42962142501786, 62.79177179977758, 55.528207456045564, 48.871818433053306, 20.525518648177588, 17.266835535903528, 18.051767700706044, 27.013766334856065, 37.860159458274794, 29.90100389388378, 24.02786794393023, 20.949234073943057, 35.09708854200476, 44.66459683750176, 53.459354809279766, 64.33000829849361, 73.68345969812972, 74.7877269846062, 62.300783579118075, 53.43461501547748, 45.083224626497, 38.73724041124943, 0.0, 9.652129747280908, 20.276840527710352, 32.041071732983355, 44.22684243738818, 39.26613533926987, 29.39550444033623, 19.48372107648336, 11.639058309097477, 4.514044384650532, 29.408341892932114, 34.86401365936875, 44.91771845941631, 57.500086473082604, 60.73549129143291, 59.617620264673015, 57.853616798119724, 53.5299779955507, 45.81756235153976, 36.48087032960158, 23.22898575397516, 14.74705088075409, 85.62068360