{
	"dissimilarities": [[0.0, 7.36044212343837, 14.830315989323855, 23.74648095116303, 16.928575317497778, 10.604725916994315, 6.91714200628887, 40.94638835374464, 46.87259957057029, 56.201430686535424, 64.50105774602564, 72.62590358348538, 64.93096414347367, 56.65788662186443, 48.290306648755255, 18.128728729602116, 16.661050028239696, 18.063194704940205, 25.39800951613116, 32.3864739175278, 31.861571960337447, 20.568888285906308, 13.183069489369613, 8.598972422754418, 10.841027167645093, 46.519078451366, 55.38466016168102, 64.26912687480306, 73.35151436219431, 81.2597363461337, 77.86384515411899, 71.49470783549202, 63.4982514162894, 55.12599434967297, 47.1397774890319, 16.866237678343236, 23.58613370197267, 33.80280173736356, 37.0357822102542, 44.489097295580216, 53.903662960566415, 58.755222004262855, 59.13292952064779, 56.47704187879784, 46.93971723013271, 37.173619041519174, 35.07340588524368, 62.27609563759397, 59.20492220206162, 60.3418075511469, 64.60306013963991, 67.14252226681779, 70.94091828435192, 79.32556888729731, 84.46565978760623, 83.84906074119213, 81.49049085031064, 76.64055816869853, 69.56243740647626, 64.26118439587862, 64.2510657916398, 68.2210084904288, 70.70920247406224, 78.21704511598756, 76.73930356116706, 73.546216112731, 69.66193267486751, 51.40543256694507, 57.299109390870605, 67.92657764252752, 78.28214777141724, 90.37613483971744, 99.57624087655321, 112.93901110450626, 109.46854899664237, 117.01267425261236, 119.76665530906574, 115.75682920774562, 109.1578456065418, 104.84149800876882, 98.31304392139474, 95.27738716977746], [7.36044212343837, 0.0, 7.842740897987702, 17.998943044324875, 11.976140421772328, 8.710962356367578, 10.74488982477196, 48.29015521351067, 54.165150131919425, 63.474891450913226, 71.79998591761345, 79.96298017497064, 72.28515136972302, 64.00926189635504, 55.64859328649016, 21.916033690579756, 16.962154958517214, 14.61218026217532, 19.758005517382394, 26.261257675461028, 25.481922276822523, 14.052818904172428, 8.61088624629556, 9.975921579101604, 15.34893548086736, 53.154015465979974, 62.1332435483555, 71.11939426840236, 80.31613581388608, 88.29935955217088, 85.02540112815902, 78.56590908657007, 70.48212547139579, 62.123951592136876, 54.07249186441435, 23.05016863847575, 29.29989253169433, 38.13611122125166, 40.06534435006457, 47.6454153048954, 57.73636211152818, 63.2482921409141, 64.5279475083369, 62.60574145804771, 52.912501080434595, 44.03859265194894, 42.001218935197464, 63.502995422225844, 61.41649209180813, 63.4375160344998, 68.50352447838065, 71.72857004156246, 76.10291820683169, 85.03448735290183, 89.3040063856915, 87.9839385906569, 84.95704246445976, 79.2574142036367, 71.4116091564973, 65.9460379806992, 67.03813559831315, 72.10083609411168, 75.24800577820868, 83.6572712344109, 81.23409558982596, 77.26406656100924, 72.53270607445486, 46.419541336682286, 53.21592655389687, 65.03462071124378, 76.5563023855469, 89.10585494257339, 99.51364724890846, 113.85187273031592, 112.43046572756796, 121.44792909750657, 125.09735977097766, 121.81243456442296, 115.54510200344431, 111.58460009877477, 105.194755674305, 101.95213236432875], [14.830315989323855, 7.842740897987702, 0.0, 10.967436327997625, 7.566003079455363, 10.375368224058747, 15.910879914507587, 55.62493366840497, 61.647036641375564, 70.97275646547304, 79.22908741389506, 87.05022773084342, 79.55295488726718, 71.29360541531523, 62.8857434169826, 29.210191950378587, 22.74626372362813, 17.3137675003189, 17.349701079914144, 20.985330037810556, 19.285376840777705, 11.321431328075128, 11.926413056037717, 17.13613551764189, 23.016050932082063, 60.96961904718004, 69.89751928777711, 78.76943292832483, 87.75927575683555, 95.42209556367963, 92.30759402426978, 86.09550380146105, 78.15628343629906, 69.85261781218719, 61.84727217053813, 30.80384339474121, 36.027883182959776, 43.37488032128865, 42.94333788569452, 50.62508607717913, 61.77181946649792, 67.88082631900376, 69.69880539511155, 68.41492243499704, 59.320153570068456, 51.29208035868221, 49.7500332648893, 63.386951010496325, 62.80668285220083, 65.95762733718514, 71.87229164221267, 75.76089176603013, 80.56007165469777, 89.64341243193569, 92.99877130896077, 91.05717229739525, 87.34882398541, 80.72256734795543, 71.90431528947732, 66.31014726037523, 68.91984592683838, 75.2421220624243, 79.03936129923035, 88.01471512592845, 84.65251602945403, 79.9194321476167, 74.29023107309028, 41.21553806461702, 47.234729636809185, 59.685216342884424, 72.20991811687615, 85.21475802084792, 96.93993603517805, 112.22671991977931, 113.82143191093857, 123.98177186948101, 128.49695385152123, 126.07749175197954, 120.28901249631274, 116.97443476121806, 111.20542056623123, 108.5269648933833], [23.74648095116303, 17.998943044324875, 10.967436327997625, 0.0, 8.652549711073256, 15.759252997249773, 22.129881527316925, 62.76807831668033, 69.1566503091855, 78.47018831398084, 86.46269099878596, 93.3141433214359, 86.28062583974166, 78.12874468702604, 69.68756057838596, 39.87246509582641, 33.61643991501154, 27.4126372138413, 23.25042249405593, 20.90816036585309, 17.328740292560767, 19.02902646970057, 22.67329658885405, 27.8188567727607, 33.30737695397501, 70.1423859898011, 78.79197237108832, 87.23836161861131, 95.53369569909547, 102.25068194075418, 99.34630136766097, 93.9137948456593, 86.47909004607311, 78.30726426750941, 70.5277929664015, 40.26377074366418, 43.762217933379674, 49.341921539770276, 44.93745696248122, 52.655467772693214, 65.45000862532609, 72.05634470466575, 73.8840431462599, 73.17530665470493, 65.86011642952738, 58.817951391163355, 58.409221628938596, 60.20289366202401, 62.09523957311925, 66.8132110721779, 73.65650616044712, 78.18812232611002, 83.1770682380171, 91.75955464549537, 94.04146612336461, 91.59035295720376, 87.16784003826379, 79.47750114929393, 69.31330660032098, 63.653914706387226, 68.5505588706424, 76.43734528280288, 80.88654243116144, 89.89106836702922, 85.54577212449853, 80.05095369128382, 73.42036513881854, 37.12528097293499, 37.72200066042772, 49.24679695345546, 62.427975090670124, 75.94275422574238, 89.18507110728494, 105.38471968221212, 111.72052167720305, 122.45749332247762, 127.83843277972097, 126.61411555498967, 121.63738992060779, 119.533098703658, 115.2985155533824, 114.514240638497], [16.928575317497778, 11.976140421772328, 7.566003079455363, 8.652549711073256, 0.0, 7.605559662866111, 14.734358674833226, 55.62942143524153, 62.17732424270609, 71.55787716610703, 79.63251571726279, 86.82017339133934, 79.34657700291146, 71.08217010214881, 62.717682321633056, 33.39738588581667, 28.57216067745198, 24.47067276867367, 24.597260661535667, 26.17010157780588, 23.4857025082931, 18.706874797885323, 18.593931956667667, 21.7334385756133, 26.468146439463496, 63.13014072567223, 71.97199106959631, 80.7246374522208, 89.38733360989646, 96.51352906985369, 93.19326902856504, 87.4559471206994, 79.75420813220971, 71.34653196357269, 63.43050699686571, 32.64936145546259, 35.264913393441084, 40.79446495702835, 37.62143859987247, 45.369645097578584, 57.556547604979954, 64.00194386800115, 65.93054504947987, 65.25110653890886, 57.39747963254622, 50.73648463002192, 50.829844815816436, 56.17559591019016, 56.350033447958076, 60.17265030092235, 66.57251398866305, 70.85878910403437, 75.8753712340223, 84.99513465122774, 87.55561293016326, 85.24228639235781, 81.17452612713024, 74.11477937997563, 64.85980326531707, 59.234762573656944, 62.61052083088724, 69.66293317564234, 73.84928049119536, 83.13302641363721, 79.05896344002709, 73.88713705401263, 67.81008162663993, 44.43017663564751, 45.438984596675695, 54.83594283662832, 66.11330925676525, 78.413549807584, 89.58169357997593, 104.85661852623835, 107.00179163464065, 117.77720258155829, 123.14286596965971, 121.84267957137445, 116.92084911850897, 114.62733543377674, 110.54222944554428, 109.83038821692615], [10.604725916994315, 8.710962356367578, 10.375368224058747, 15.759252997249773, 7.605559662866111, 0.0, 7.397147905149187, 48.12281118579256, 54.70409606759803, 64.09483252549468, 72.18935960406574, 79.53658018191597, 71.90204334245425, 63.60631004177415, 55.26843732647814, 27.742858087847942, 24.84884138834077, 23.24707742517297, 26.792405182491887, 30.716940625254818, 28.788975666748286, 20.815929008926528, 17.071601012401707, 17.01462315866455, 20.442975694594068, 55.87221652047976, 64.69601945589996, 73.48474105734837, 82.22430949426008, 89.49881393123724, 85.99178447039415, 80.15676503346755, 72.40372076647382, 63.937030385589, 56.02518986508666, 25.566591186099757, 28.062664418258294, 34.66193593396644, 33.219885321193175, 41.045554191686925, 52.51245349796137, 58.44274314895177, 59.78610330528224, 58.54290088408341, 50.39346858575267, 43.18449154277222, 43.330532500058304, 55.03616171551487, 53.67927179657017, 56.416142490088326, 62.03333509120109, 65.70562070920347, 70.3230137396949, 79.28754513810328, 82.69389186444488, 80.98820935000879, 77.57789179517151, 71.41723244069954, 63.09926323866488, 57.58625914054627, 59.45229434420048, 65.31854866621947, 68.89872730393758, 77.64269196215456, 74.42823516891671, 69.98080466592101, 64.77238381689367, 49.301997183091174, 50.94601188886898, 59.54802635166829, 69.61650104083823, 81.35628295087409, 91.05088364818329, 105.29574684950069, 104.41926735181296, 114.03412033089658, 118.61443023202438, 116.59201355235945, 111.31606322568621, 108.56055159236033, 104.1863782401668, 103.35543470781184], [6.91714200628887, 10.74488982477196, 15.910879914507587, 22.129881527316925, 14.734358674833226, 7.397147905149187, 0.0, 40.913953205638684, 47.45996846812736, 56.836420925920564, 64.89924438804849, 72.21640167366151, 64.66317594282937, 56.395149978583675, 48.01484960513934, 24.032427639052592, 23.47225385775201, 24.23310422991842, 29.810743174635366, 34.89587821084704, 33.56499118747925, 24.603364702388774, 18.71794978608742, 15.28692527222453, 16.622296073069958, 49.19828757880386, 57.808808202865215, 66.39261249997593, 74.94683988850586, 82.12271522849541, 78.61076886371937, 72.88017560284928, 65.27055992714146, 56.887847319000684, 49.108307386960625, 20.074063115572862, 23.186353161177134, 31.622792576388456, 31.888024552026092, 39.635614643792174, 50.30782956525516, 55.445554287776396, 55.659311948967606, 53.41279809806991, 45.37860422181128, 36.85470750549442, 36.681352319690205, 55.863483209268395, 53.45397317535671, 55.16270458734316, 59.82314848445248, 62.654212296292904, 66.5442005908597, 74.75281712896225, 79.33081463707899, 78.52386808694328, 75.91694928025032, 70.7353307786435, 63.23903581285251, 57.90185951574918, 58.55621756690933, 63.13807434345918, 65.91061074816649, 73.47124248671196, 71.4778811352514, 67.98209751804018, 63.768274872901756, 52.755547746628686, 54.868202203071554, 63.19887068581747, 72.47004685878228, 84.05071131472548, 92.78291506610712, 106.0298632300887, 103.3384456886147, 111.04243136206576, 114.36652832694614, 111.24126802639331, 105.36114724084193, 102.0096168959784, 97.10105519985551, 96.11839929206016], [40.94638835374464, 48.29015521351067, 55.62493366840497, 62.76807831668033, 55.62942143524153, 48.12281118579256, 40.913953205638684, 0.0, 7.540075937251229, 16.452233451354775, 24.273966513476015, 32.58761320882388, 24.085878998385486, 15.742838960069623, 7.658615858150998, 37.122432183139225, 46.11093904894792, 53.70519994878305, 63.533298393940555, 71.24321398219617, 71.32860332420759, 60.34077071428129, 51.69014648970512, 43.221115117735096, 37.22604532241319, 19.26380786867358, 23.411037645468795, 29.76701518019232, 37.221392286110984, 44.55054670979526, 39.61406578996173, 33.983547410986084, 27.258880982692045, 19.626407910045536, 15.002846156976084, 28.78707826054591, 28.053969309244653, 36.08506809836336, 45.240297515855076, 48.155467084608, 49.15769171631701, 47.81098409618334, 41.36618407171023, 32.794138157383635, 27.73789377509167, 14.05263331110106, 12.978492864596957, 71.37663940882516, 63.45559327784786, 58.985507239991776, 56.92935318634651, 54.04160183752129, 52.78367119060345, 55.86364654372327, 67.07913317683945, 71.40397977414791, 73.83747221086315, 75.10318261670135, 73.90782255341199, 70.5665995656226, 64.0467656560305, 60.04455310520286, 57.39451449934393, 57.087703544187605, 62.99447609179977, 65.69144842045152, 67.95010255292, 86.56257194848843, 89.65676485933035, 95.17728196743887, 99.81673794079023, 108.62540987270921, 111.04248083681387, 118.2808369179226, 102.19919786592494, 100.2515820903599, 96.84810037322046, 87.74769590166603, 78.88207921554718, 71.5739588209297, 63.81680897107472, 62.12661178038568], [46.87259957057029, 54.165150131919425, 61.647036641375564, 69.1566503091855, 62.17732424270609, 54.70409606759803, 47.45996846812736, 7.540075937251229, 0.0, 9.400569578171206, 17.720273837660407, 27.365890679133795, 18.948401344777345, 11.355639280226235, 6.045685289823892, 41.07061630136456, 50.28371748058416, 58.211476803124185, 68.22090784046244, 76.28143330902914, 76.68778448663929, 65.51497670542072, 56.83751276977712, 48.3557231788394, 42.23644903321857, 15.605389254062747, 17.024977889888312, 22.352421535656912, 29.838598108386073, 37.874550769821, 32.79769880788009, 26.552339042272113, 19.771966506532348, 12.656432285282015, 10.49413611837825, 33.99360126706348, 34.45070053578995, 42.52979352433193, 52.53726698629464, 55.11852497463735, 54.989159310240275, 52.89357573712803, 46.02185552804161, 36.958892425697314, 32.25240085367714, 19.53567370781095, 16.068289237867265, 78.5414879526628, 70.33153288100583, 65.38915224570843, 62.65766708750448, 59.12012356519345, 57.141364613964946, 59.13012620127153, 71.2578762340536, 76.27959207519959, 79.34741242588046, 81.33052809880253, 80.72673351122556, 77.56974189466342, 70.5657843915362, 65.71850257274453, 62.42660283061789, 60.83432746136491, 67.90979127859944, 71.37490958669211, 74.29666000822232, 91.18490548561546, 95.53781612439899, 101.76891819387492, 106.5781158387101, 115.53442227715315, 117.8069989289648, 124.52700657881887, 107.40829451787482, 103.86310929963025, 98.97165399055802, 88.28701933864266, 78.39916485409334, 69.65658172339626, 59.8331266504939, 56.086505954127205], [56.201430686535424, 63.474891450913226, 70.97275646547304, 78.47018831398084, 71.55787716610703, 64.09483252549468, 56.836420925920564, 16.452233451354775, 9.400569578171206, 0.0, 8.53762309821826, 19.562022271514923, 11.454713448296904, 7.502350190826137, 10.839602730389197, 49.59041539894586, 58.90831535011801, 66.99152747835745, 77.03221926960545, 85.16159496550854, 85.69826157106013, 74.57404253250562, 65.90969941622187, 57.442033922111065, 51.276701648711864, 19.025313763003254, 15.211227657096519, 16.246424165724132, 21.91413483728411, 29.882546874695315, 24.14647578877085, 17.980819368199157, 12.804013876075935, 9.687247078495572, 14.134994990472725, 43.05191633796709, 43.23553166343925, 50.312712524746985, 60.43419810293263, 62.29933726830591, 60.74664960440312, 57.557421961294565, 49.813838756934146, 40.26156948978095, 37.428050055825516, 27.171640358046808, 24.31948444704211, 85.46263429365952, 76.85536782070149, 71.22980787805817, 67.46164250710864, 62.96732931564868, 59.861685435983176, 60.09910963872359, 73.30210983135231, 79.33519423651886, 83.3502365264978, 86.46812634897326, 86.88233758891953, 84.12668881780691, 76.3710750927925, 70.2582906666248, 66.01932189982884, 62.4314338858633, 71.08149172082173, 75.69760221929536, 79.678629426322, 99.52069110042153, 103.9944174261234, 109.93412795492956, 114.15413017549484, 122.70951699129317, 124.08002836514274, 129.68306410427152, 110.62094636484635, 104.76527709639785, 98.07272330947671, 85.7373338793855, 75.00520326862201, 64.94114091566215, 53.77487550483052, 49.23438791280017], [64.50105774602564, 71.79998591761345, 79.22908741389506, 86.46269099878596, 79.63251571726279, 72.18935960406574, 64.89924438804849, 24.273966513476015, 17.720273837660407, 8.53762309821826, 0.0, 12.211912505521237, 6.408013904476175, 10.42376457649639, 17.490996450348188, 58.09822070528797, 67.39189282991308, 75.42631658046587, 85.31387488761763, 93.25605703859414, 93.78520662358841, 82.96008581774143, 74.36404713941481, 65.92629689121188, 59.79301629059308, 26.363869442128202, 20.21319389888629, 16.601973015114407, 17.594820501731554, 23.598812632881444, 17.09687893927576, 13.104700764722253, 12.999580152698819, 15.368621394497456, 21.94302833834243, 51.55451674720937, 51.211670819882706, 57.36964420539923, 66.92030514016132, 68.21645260304402, 65.83565324160341, 61.82895275056264, 53.24967157434917, 43.46248805741248, 42.87586312296663, 34.580639730895435, 32.71290172372254, 90.56229645706625, 81.85786652715726, 75.81143936848615, 71.23912494543517, 65.9756070467759, 61.82571871921431, 60.143548010434955, 74.1839642956659, 81.15488422833101, 85.9847458702664, 90.05236155178117, 91.27077135539724, 88.90208519188755, 80.71108950944644, 73.65226836461585, 68.63302083859867, 63.042074844471834, 73.03920917201089, 78.65418428783798, 83.51961941505033, 106.98538432816419, 110.8699316187061, 116.11053458730656, 119.54097305426143, 127.59550625099979, 128.03940826407245, 132.50850331357643, 112.13811698927604, 103.91108166038217, 95.50854255077203, 81.73797149574335, 70.36021084163498, 59.31272372648055, 47.53947104248152, 43.646804598485076], [72.62590358348538, 79.96298017497064, 87.05022773084342, 93.3141433214359, 86.82017339133934, 79.53658018191597, 72.21640167366151, 32.58761320882388, 27.365890679133795, 19.562022271514923, 12.211912505521237, 0.0, 10.19999373407288, 17.75733384274416, 24.985035825353762, 68.29603109592418, 77.23782941779488, 84.74123682574015, 93.89267562617253, 100.958043473643, 101.25442538108535, 91.58253245229758, 83.31392847694093, 75.05459576138111, 69.20021291653181, 38.23097657046416, 32.07410423177698, 26.544618392918085, 21.711702069648176, 20.120561342726226, 14.681323471064351, 18.824624813858946, 23.7507093790206, 27.424640001423736, 33.61647577687585, 61.101666239063746, 59.92110978762038, 65.06641479946728, 72.3148839564728, 73.19605858713142, 71.09796832875587, 66.57255799574637, 56.69425186105953, 46.73899223091189, 49.99493166877544, 43.34003345556662, 43.110359844121376, 92.91857646367342, 84.95120180917218, 78.9992645539683, 73.87266586878839, 67.94118139384472, 62.44949215347374, 57.44225859259646, 72.39462280897654, 80.62397169878983, 86.26781320791882, 91.14515295764772, 92.81950678570729, 90.92598837092216, 83.02457435103754, 75.4546675804882, 69.71156877879606, 61.06448502518757, 72.57606942939479, 79.26656686317308, 84.92854056049985, 113.24245046573786, 114.92398984406718, 118.47253350377309, 120.45400321630923, 127.76518268457939, 127.1081778401988, 130.0156263480216, 110.15039586611219, 98.12477412573571, 87.243688666464, 71.57056538802547, 59.29706735080716, 47.460044513433836, 36.439540555937604, 38.02418989424115], [64.93096414347367, 72.28515136972302, 79.55295488726718, 86.28062583974166, 79.34657700291146, 71.90204334245425, 64.66317594282937, 24.085878998385486, 18.948401344777345, 11.454713448296904, 6.408013904476175, 10.19999373407288, 0.0, 8.41720332279273, 16.676620655080484, 59.918370408923714, 69.21620394911695, 77.08571916201123, 86.84184190521687, 94.41777773887169, 94.65126980580118, 84.10291138664526, 75.5114759849973, 67.04314535836625, 60.94928514441545, 30.139107343421987, 25.366300013946336, 22.93608848924897, 23.285342103075426, 26.94477472060349, 20.506416652987696, 18.930627005901947, 19.19084601157607, 20.018818021399387, 25.223189656726344, 52.43167543625304, 50.648079644733436, 55.60691473109643, 64.07503960775381, 64.91083221153592, 62.352719783478776, 58.0245331991462, 48.81063503656241, 38.8955340915982, 40.35767516546658, 33.67400307893233, 33.90982569311822, 86.40763259153022, 77.70203663439283, 71.5106039970855, 66.59585632175333, 61.02662863833123, 56.41126510582008, 53.97884601932026, 68.21515380988856, 75.4933649915234, 80.59118787751173, 85.02530337471048, 86.64130036854777, 84.52670628142035, 76.1468855532805, 68.71926746538034, 63.40048210249163, 57.01157041993154, 67.40014347716433, 73.38620294984274, 78.63377824439205, 108.17535936290783, 110.3531900637841, 114.18295515642384, 116.6238950278317, 123.9387501159818, 123.4785184980424, 127.3459856603522, 106.22745365600827, 97.56356275891655, 89.3109336145778, 76.09446936446943, 65.37984817979734, 55.2940494835104, 46.2202988909122, 46.313995997446625], [56.65788662186443, 64.00926189635504, 71.29360541531523, 78.12874468702604, 71.08217010214881, 63.60631004177415, 56.395149978583675, 15.742838960069623, 11.355639280226235, 7.502350190826137, 10.42376457649639, 17.75733384274416, 8.41720332279273, 0.0, 8.497169918267847, 51.9670107849169, 61.24274759679057, 69.07386436156212, 78.9055564197417, 86.53932384428104, 86.69837315004689, 75.96394833702288, 67.3243770646141, 58.83325424520499, 52.739741646887836, 24.538909096260088, 22.27573244613826, 23.35501117907474, 27.17360561438121, 32.76601463912396, 26.79301957957464, 22.99835976086967, 19.648796309311724, 16.613496806388593, 19.25606449401606, 44.159240864058305, 42.35480521613285, 47.882885907842734, 56.633959004847874, 57.95948663878667, 56.2581383872329, 52.69905544115578, 44.119388009787386, 34.26456116481326, 33.92386510963303, 25.640971175676576, 25.986944907645185, 80.2020781908682, 71.57690243915243, 65.77713421560122, 61.624028411307705, 56.78629525136489, 53.18311418755529, 52.71669384886139, 66.11284903975215, 72.45902364275176, 76.74638465303553, 80.24794882213163, 81.0843273170733, 78.60512999784397, 70.62274878594496, 64.10085900673877, 59.53620971937055, 55.15069357512065, 64.17407210483272, 69.17829748964849, 73.57729844796866, 100.8870350361863, 103.21132296954445, 107.41199509273758, 110.43672371495049, 118.12758284014414, 118.44789983547554, 123.38514663217953, 103.53243870510296, 97.28208486524451, 90.87163039657273, 79.2796252132339, 69.35285067432667, 60.44669251897399, 52.17264334749013, 51.784385938246146], [48.290306648755255, 55.64859328649016, 62.8857434169826, 69.68756057838596, 62.717682321633056, 55.26843732647814, 48.01484960513934, 7.658615858150998, 6.045685289823892, 10.839602730389197, 17.490996450348188, 24.985035825353762, 16.676620655080484, 8.497169918267847, 0.0, 44.49945868725134, 53.491359295255094, 61.04433114503868, 70.65881678268161, 78.13604681366795, 78.24033538043308, 67.675426987421, 59.13864885609461, 50.72925004844234, 44.786094662183565, 21.5329569098119, 22.408505805063776, 26.24929473875422, 31.890481014717448, 38.14240519287783, 32.95489918269516, 28.400299989010627, 23.23722466953199, 17.438438318082955, 16.352720045436538, 36.42464432380985, 35.24516217992277, 42.05090099760419, 50.49850550361534, 52.7247283338458, 52.74958624640209, 50.36215292190387, 42.58749843706788, 33.12060339106854, 30.909118560171994, 19.79494773365459, 19.574307967938534, 75.07036087571888, 67.04200012175521, 62.057146909185256, 59.03535329710274, 55.18550742331478, 52.6786446545375, 53.72132137132382, 66.1527523188844, 71.57541693262262, 74.9097396413108, 77.19845367105813, 76.82615294709916, 73.88606830555727, 66.86322946670172, 61.74317607384964, 58.149050843290304, 55.578059942782545, 63.09898761799803, 66.95083469360314, 70.22233952065235, 92.62453201231999, 95.08447282755138, 99.8761660839642, 103.677019059423, 112.02853288117849, 113.53211910743984, 119.63877126153017, 102.39685900429127, 98.00655625157209, 92.95488118956123, 82.49978546714546, 72.98406191021402, 64.93253707150325, 56.90224046761971, 56.099623458892566], [18.128728729602116, 21.916033690579756, 29.210191950378587, 39.87246509582641, 33.39738588581667, 27.742858087847942, 24.032427639052592, 37.122432183139225, 41.07061630136456, 49.59041539894586, 58.09822070528797, 68.29603109592418, 59.918370408923714, 51.9670107849169, 44.49945868725134, 0.0, 10.156807843849018, 19.507950815997386, 31.731814344417593, 42.33983136876482, 43.37823557425197, 28.580458574656088, 19.532990507790586, 12.088685768923517, 7.446053617273653, 35.010618740010024, 44.37306220127421, 54.18005710211103, 64.8561759791379, 74.90272606369525, 71.1955185259027, 63.02181999459946, 53.934293935532416, 45.608974713065464, 37.39856575338668, 10.906465740833372, 22.99293196829848, 35.36047285565952, 46.055971611910444, 51.979830857268304, 56.923116573154964, 60.28014210891593, 60.75740692446203, 57.181805769049525, 44.31184655072151, 32.96405355028535, 26.834327717401997, 74.99329126242866, 69.01053283952649, 67.76093608587995, 70.18242037055754, 71.46016852342647, 74.72053983415167, 83.62056108099017, 90.24618911341723, 90.36760460275399, 89.16103438677796, 86.04923547212931, 81.17965569414467, 76.29054569360615, 73.24409751495706, 74.55322170070433, 75.83032419814852, 82.9799204248958, 83.161918363102, 81.2821771423242, 79.04816805103043, 62.22388043718335, 73.57652326432739, 85.90808016519615, 96.3402875366294, 108.04605517247008, 115.97177437474659, 128.3598628914337, 118.89259030839617, 125.76436650613343, 127.21332805034247, 121.35671946025755, 113.50412381756917, 107.0486953591283, 97.52217605520087, 90.22627579833588], [16.661050028239696, 16.962154958517214, 22.74626372362813, 33.61643991501154, 28.57216067745198, 24.84884138834077, 23.47225385775201, 46.11093904894792, 50.28371748058416, 58.90831535011801, 67.39189282991308, 77.23782941779488, 69.21620394911695, 61.24274759679057, 53.491359295255094, 10.156807843849018, 0.0, 9.569773546854393, 22.03555684065577, 33.127265709581444, 34.48959086882809, 19.3284301570737, 11.259311595039463, 8.231127313999767, 10.513262942461248, 44.55268583616227, 53.665866447644675, 63.13987490277881, 73.47148025662189, 83.15597880969317, 79.89483475859977, 71.99645553083413, 63.159581780603986, 55.07893100208291, 47.009605517946966, 19.10610497212147, 30.160438039199377, 41.459663328681785, 49.7008600529269, 56.291472886122186, 62.89865714365974, 67.19404749424538, 68.38285062807769, 65.43769130181349, 52.997515591194734, 42.2848276750759, 36.67500408588958, 76.84339645808674, 72.34530592285623, 72.37554952948493, 75.91541663761434, 78.03537086649328, 81.87334129215053, 91.02965964557272, 96.84114291077951, 96.29663989313137, 94.28969656135665, 90.03785189618041, 83.91783741015603, 78.72562023609453, 77.32071976874704, 80.16070863398397, 82.24076424159779, 90.12851981853615, 89.30249059057385, 86.50958713833991, 83.1730674049741, 53.65786328035672, 67.0446275879461, 81.29831838232967, 93.32102803715685, 105.95218262952525, 115.68854096169137, 129.309228419775, 123.39696367332499, 131.43844569588146, 133.5850190476838, 128.26450649502897, 120.54850256571201, 114.45377932814364, 104.88157477743754, 97.3760474635301], [18.063194704940205, 14.61218026217532, 17.3137675003189, 27.4126372138413, 24.47067276867367, 23.24707742517297, 24.23310422991842, 53.70519994878305, 58.211476803124185, 66.99152747835745, 75.42631658046587, 84.74123682574015, 77.08571916201123, 69.07386436156212, 61.04433114503868, 19.507950815997386, 9.569773546854393, 0.0, 12.5729691220213, 23.841605030723596, 25.41030511567222, 10.436836447146133, 6.3336009851818105, 11.803715683612982, 17.538853801827845, 53.434396173901135, 62.343142104371076, 71.46415456637484, 81.31086306396567, 90.408798702278, 87.5196851445202, 80.08455493571516, 71.58247094932548, 63.650521081367216, 55.686176489309034, 26.98994785366443, 36.969837262152446, 47.297526365874916, 52.82501348367, 59.93386494682694, 68.16368385546544, 73.19006031474898, 74.71705982823133, 72.22126841894219, 60.57379599512698, 50.2789690426648, 45.296278086258326, 77.5938005129895, 74.71512942341094, 75.98717526434493, 80.4887927623281, 83.29356771450009, 87.51074411766389, 96.6208223885956, 101.71858773510303, 100.67027140536746, 97.9812834519264, 92.71648287126321, 85.40432523962599, 79.98836874171904, 80.25591281700963, 84.48991064983223, 87.23310657368143, 95.51306877598714, 93.84774258722126, 90.2995547525328, 86.00296522967518, 44.92336661858505, 59.58660807177297, 75.41665560192277, 88.79506884036445, 102.25068431795333, 113.6685194711041, 128.3257315305144, 126.19292445552198, 134.9917393561526, 137.71045617570167, 132.95206776634257, 125.46537266610355, 119.89434932922191, 110.65797318330118, 103.59793905508076], [25.39800951613116, 19.758005517382394, 17.349701079914144, 23.25042249405593, 24.597260661535667, 26.792405182491887, 29.810743174635366, 63.533298393940555, 68.22090784046244, 77.03221926960545, 85.31387488761763, 93.89267562617253, 86.84184190521687, 78.9055564197417, 70.65881678268161, 31.731814344417593, 22.03555684065577, 12.5729691220213, 0.0, 11.711761058544518, 14.20574355905585, 7.236336022212003, 14.514373871922448, 22.438864929808062, 28.785613849144056, 64.53429771559881, 73.07142450258547, 81.62594192416768, 90.73430014258747, 98.98580046514576, 96.6480642213787, 89.8769924195266, 81.89935165743306, 74.26703332897229, 66.54233015314705, 38.19446979019829, 47.39964434962003, 56.923988862454216, 59.40650985761683, 66.94994412408074, 76.87408494494485, 82.4832589859491, 84.01632688873676, 81.7535423256108, 71.23994299496158, 61.039605314097656, 56.43529401990748, 80.71232788123868, 79.96212808338755, 82.63196248068665, 88.0512859104058, 91.44054918164127, 95.8374507059462, 104.46017238430383, 108.96538490141393, 107.56826853661684, 104.24075593766521, 97.9348712718532, 89.2497913157455, 83.65593182702465, 85.97448633899378, 91.65703923133727, 94.98036352801323, 103.22728712517153, 100.88566802199576, 96.67407518825316, 91.42287430131873, 32.981834951638064, 50.07729762532376, 68.48914050219588, 83.76046665511417, 98.43858009086397, 112.1621540207653, 127.95660983635734, 131.05775454054137, 140.09888209493147, 143.09555275280746, 138.7028193971918, 131.3221590185094, 126.26068781751133, 117.24722126839512, 110.654178015897], [32.3864739175278, 26.261257675461028, 20.985330037810556, 20.90816036585309, 26.17010157780588, 30.716940625254818, 34.89587821084704, 71.24321398219617, 76.28143330902914, 85.16159496550854, 93.25605703859414, 100.958043473643, 94.41777773887169, 86.53932384428104, 78.13604681366795, 42.33983136876482, 33.127265709581444, 23.841605030723596, 11.711761058544518, 0.0, 4.420988772655388, 15.449520953049479, 24.071585761742178, 31.913639062101048, 38.349808318915564, 74.15333367067835, 82.43483833980703, 90.53100882037053, 98.90524643316257, 106.19900927669701, 104.20935919864343, 98.20606837992072, 90.74342464064239, 83.2582990270355, 75.71080415847204, 47.39639342445543, 55.47091187403903, 64.0587185180574, 63.55569814074177, 71.32558902944078, 82.75597087716942, 88.81637958743791, 90.23883418374652, 88.26495109720305, 79.11868415092492, 69.31140667061035, 65.52004587104543, 81.07958716640356, 82.38569224961007, 86.32533557924442, 92.50994471278351, 96.39300912380399, 100.88895114371098, 108.94028815591429, 112.75906333916188, 111.05523479179331, 107.17150003605256, 99.9778088391732, 90.1109243409846, 84.45426096845485, 88.68552413807149, 95.6466605268341, 99.4676935786739, 107.56974696664174, 104.56281662596938, 99.78175954652085, 93.72190329851793, 22.53257052292273, 39.67308828872143, 59.8303622086627, 76.47997775481508, 92.04974278725604, 107.658676908283, 124.29592135924517, 132.34517201145695, 141.4952224810125, 144.89310141572497, 141.17181556078282, 134.21175276594457, 130.0013139833061, 121.92498057911472, 116.71563641345024], [31.861571960337447, 25.481922276822523, 19.285376840777705, 17.328740292560767, 23.4857025082931, 28.788975666748286, 33.56499118747925, 71.32860332420759, 76.68778448663929, 85.69826157106013, 93.78520662358841, 101.25442538108535, 94.65126980580118, 86.69837315004689, 78.24033538043308, 43.37823557425197, 34.48959086882809, 25.41030511567222, 14.20574355905585, 4.420988772655388, 0.0, 16.01762403860279, 24.542733923142258, 32.30607185794096, 38.771816980548024, 75.26063644230193, 83.64516320216363, 91.81156054263401, 100.13527348457721, 107.23905769538057, 105.10712959834133, 99.27226992984139, 91.83286048456657, 84.19385201252015, 76.57362009620024, 47.58443569230883, 54.76022949917847, 62.659767912932466, 61.08980438021103, 68.85213918349888, 80.7166838029958, 86.9844953932258, 88.56184927228486, 86.92169548236306, 78.21865185859565, 69.00596583266247, 65.92507123424569, 77.48846732754234, 79.26275147786679, 83.57083863072205, 90.03177750454374, 94.15549693737695, 98.81121362140343, 106.95462012240588, 110.30822398977139, 108.35004826932446, 104.22916854314744, 96.75383606175117, 86.62936681599294, 80.97080084168543, 85.66517201385969, 93.0437032187068, 97.10161718605305, 105.44671433494788, 102.01406406580811, 96.95655746381269, 90.61594734617293, 23.224934009591227, 36.82500739225189, 56.065287134642865, 72.53039818794183, 87.91545612173587, 103.53149733767442, 120.31944844419749, 128.9746632139317, 138.6193838175572, 142.55708307232575, 139.49028419914478, 133.0059185981113, 129.34920678126363, 122.15482163045598, 117.96994648892331], [20.568888285906308, 14.052818904172428, 11.321431328075128, 19.02902646970057, 18.706874797885323, 20.815929008926528, 24.603364702388774, 60.34077071428129, 65.51497670542072, 74.57404253250562, 82.96008581774143, 91.58253245229758, 84.10291138664526, 75.96394833702288, 67.675426987421, 28.580458574656088, 19.3284301570737, 10.436836447146133, 7.236336022212003, 15.449520953049479, 16.01762403860279, 0.0, 9.396562572081448, 18.026235175910276, 24.67115656192552, 62.361953859672816, 71.27305140225175, 80.23370812863567, 89.646238273126, 98.04356348229032, 95.24431873012104, 88.37953647280479, 80.1565458122592, 72.12018032436046, 64.12671986936567, 33.961548721119016, 41.89888396651597, 50.576307460941514, 52.81294658300959, 60.25424687727832, 70.18325240460227, 76.01901426828013, 78.02808749344082, 76.3122206549085, 65.76180052756835, 56.58332363743516, 53.025941101168115, 74.38781724048226, 73.27030640470444, 75.91410596076227, 81.47789931021377, 85.10458692523225, 89.82552824407183, 99.05977644011435, 103.01795229298035, 101.25199616606976, 97.7453154795119, 91.36823158720283, 82.86829853534344, 77.29557128014025, 79.36225874006675, 85.15216149291744, 88.69614569985848, 97.61670058104994, 94.76930540931548, 90.29880320173505, 84.93185794084992, 37.738140699286035, 50.884941638793556, 66.9702471928338, 81.13883637076806, 94.93757040805056, 107.63934810062362, 123.25643474777674, 124.74168993019914, 134.7832107445149, 138.631802297138, 135.13420425054053, 128.42802533172872, 123.95700693484942, 116.10138456110329, 110.70110613321235], [13.183069489369613, 8.61088624629556, 11.926413056037717, 22.67329658885405, 18.593931956667667, 17.071601012401707, 18.71794978608742, 51.69014648970512, 56.83751276977712, 65.90969941622187, 74.36404713941481, 83.31392847694093, 75.5114759849973, 67.3243770646141, 59.13864885609461, 19.532990507790586, 11.259311595039463, 6.3336009851818105, 14.514373871922448, 24.071585761742178, 24.542733923142258, 9.396562572081448, 0.0, 8.730903811686112, 15.345675414671163, 53.47088197861386, 62.562879265048096, 71.78796420079519, 81.51811827275026, 90.2797435954284, 87.13628466070749, 79.99928074395946, 71.5489237622835, 63.32495406019548, 55.21002792089222, 24.663832611192387, 33.12574021246456, 42.70447255875006, 46.99990282858224, 54.239878686431986, 63.12916530054774, 68.45969469493853, 70.14588141091527, 68.06904895890511, 56.98466388834864, 47.50813163641153, 43.842389890172846, 71.2952212347625, 68.6446271172686, 70.22432739670737, 75.0301289264372, 78.11250070680018, 82.5420689280064, 91.84275497871774, 96.42386442997518, 95.10566283963438, 92.18474322091127, 86.6723321932712, 79.17220029807937, 73.73561408682308, 74.28989148930961, 78.92643065258879, 81.93355420266005, 90.55620329397551, 88.397723844542, 84.55704758169463, 80.0030156885394, 45.55894016798689, 56.971067623039396, 71.11673756214262, 83.74494960683374, 96.71349227230255, 107.66127120738749, 122.26357664592365, 120.15585878643081, 129.46937670592712, 132.834754335855, 128.89914068779632, 122.04493759338784, 117.22280411576213, 109.29384515682459, 103.86985369804616], [8.598972422754418, 9.975921579101604, 17.13613551764189, 27.8188567727607, 21.7334385756133, 17.01462315866455, 15.28692527222453, 43.221115117735096, 48.3557231788394, 57.442033922111065, 65.92629689121188, 75.05459576138111, 67.04314535836625, 58.83325424520499, 50.72925004844234, 12.088685768923517, 8.231127313999767, 11.803715683612982, 22.438864929808062, 31.913639062101048, 32.30607185794096, 18.026235175910276, 8.730903811686112, 0.0, 6.660677834068837, 45.14912925435549, 54.335962200655224, 63.69777526040332, 73.57104992468072, 82.50577299353232, 79.0832568540812, 71.8310406590867, 63.277069170000125, 54.907893424207664, 46.72397241335027, 15.97682285484401, 25.422595099785855, 36.32905711788796, 42.57763963604514, 49.54770616594823, 57.40856071947991, 62.07105112016745, 63.09358243613368, 60.432970572858075, 49.09617954199106, 38.962527379935885, 35.127804044688375, 69.06273856029821, 65.1037953766968, 65.6297026177032, 69.56634790668434, 71.9704923323906, 75.92129603589329, 84.95735619005487, 90.31439442930173, 89.60927866926589, 87.36581184194455, 82.78519568384888, 76.25302774240257, 71.00506025876496, 70.17262929553232, 73.5807872461164, 75.9324832335365, 83.89878370270921, 82.61611607914017, 79.53974544401714, 75.8898388325685, 52.375623957917625, 62.19031843497407, 74.67294352943887, 85.88524102350279, 98.15058773003209, 107.54552522478686, 121.08274166899719, 116.03684077335282, 124.1816013360926, 126.8355568113515, 122.32320580150208, 115.25452080586788, 110.08683204908604, 102.10487695737018, 96.83888783960869], [10.841027167645093, 15.34893548086736, 23.016050932082063, 33.30737695397501, 26.468146439463496, 20.442975694594068, 16.622296073069958, 37.22604532241319, 42.23644903321857, 51.276701648711864, 59.79301629059308, 69.20021291653181, 60.94928514441545, 52.739741646887836, 44.786094662183565, 7.446053617273653, 10.513262942461248, 17.538853801827845, 28.785613849144056, 38.349808318915564, 38.771816980548024, 24.67115656192552, 15.345675414671163, 6.660677834068837, 0.0, 38.82964119482707, 48.13302203935326, 57.67757314183895, 67.77374854154965, 76.982293577813, 73.29164320624344, 65.82980243387696, 57.11532345502154, 48.61368867586045, 40.35146910883678, 9.497847718008012, 20.360158872343607, 32.421729302609535, 40.710190591221725, 47.22637243166026, 53.861674817711965, 57.8649783680876, 58.38764925684517, 55.23341132184147, 43.47847881801352, 32.749795828577405, 28.56977404751779, 68.73511798642858, 63.63796712309947, 63.19893666688079, 66.32129297700463, 68.11346844436575, 71.6585481358619, 80.53981476486202, 86.54064525583621, 86.3265550290566, 84.66617929905262, 80.91241587698667, 75.29187633327346, 70.2523564612535, 68.18211263053905, 70.4600833271662, 72.22640958151716, 79.67830480155726, 79.15202783157197, 76.7422061709579, 73.89641542321945, 58.26875853448479, 67.35292610040406, 78.75778822013467, 88.95180724941366, 100.62022760235276, 108.79447749328759, 121.4791225000778, 113.87943339547674, 121.17723065537234, 123.27279163750188, 118.27542614131363, 111.01765176827878, 105.49291363141786, 97.35723676299284, 92.00951219053182], [46.519078451366, 53.154015465979974, 60.96961904718004, 70.1423859898011, 63.13014072567223, 55.87221652047976, 49.19828757880386, 19.26380786867358, 15.605389254062747, 19.025313763003254, 26.363869442128202, 38.23097657046416, 30.139107343421987, 24.538909096260088, 21.5329569098119, 35.010618740010024, 44.55268583616227, 53.434396173901135, 64.53429771559881, 74.15333367067835, 75.26063644230193, 62.361953859672816, 53.47088197861386, 45.14912925435549, 38.82964119482707, 0.0, 9.688487239370914, 20.15357436790879, 31.819523591579216, 43.41410085335434, 38.737879532352345, 29.24886950082121, 19.4991367507491, 11.475766754720318, 5.346791020839887, 31.437769189307897, 35.316410693779446, 45.062051525352025, 58.55360058099476, 61.51083523094456, 60.457389908336175, 58.95704457989602, 54.47220041933378, 46.772001003418204, 37.16111892856216, 24.1165868944553, 14.69206138916095, 87.26737334244201, 78.38094937085695, 73.36802757076