{
	"dissimilarities": [[0.0, 7.640851616324063, 14.726845827436712, 23.06029346293531, 16.58858329954822, 10.370375438911216, 6.424884611428674, 42.03508429724267, 46.928013751791994, 56.39403718342205, 64.59384532942963, 71.2449110420891, 64.88979101044765, 56.77564315095709, 48.35292106486469, 20.551738704965743, 19.01157005562247, 21.33994764954266, 27.5813366390779, 34.49142427189596, 31.544485438909458, 22.60966685262678, 15.624118983746285, 12.503485287504004, 13.232408210176295, 47.43894520250223, 56.23498098316106, 64.04276241153975, 73.06873862882023, 81.5820957491285, 78.24035816449587, 71.92730020013414, 62.9095893434231, 55.732518654295006, 47.82228237540932, 19.070012326163635, 24.31741929081139, 34.10542174789236, 36.49164707355568, 45.09131027015307, 54.24695137871832, 58.179922803859185, 58.112311163599415, 54.65827500720187, 45.451211668660285, 36.85280976607343, 35.58272525161366, 63.055068791368846, 59.70082706368835, 60.94798460299471, 65.21587077654912, 67.72016131459894, 72.5606192364054, 78.09216889057956, 81.0577520730474, 80.44308419669322, 77.90738803173575, 71.90928317908858, 68.50595115271618, 63.20469940831353, 64.36191231475682, 68.00391393531403, 71.23011272349481, 76.73264266363125, 73.74883856338491, 70.56113070762507, 66.20883881364753, 53.29215621111918, 55.04821288048147, 64.99664036107046, 73.99945751504465, 86.369597105457, 95.29224709376696, 107.7581455245638, 107.25373318481256, 117.62768976555668, 117.059544306766, 110.48471986957387, 102.86842097393114, 101.08088488676887, 95.64380947586557, 95.40657988153781], [7.640851616324063, 0.0, 8.094984628925863, 17.815391674824017, 12.496550666534585, 9.548209889036215, 11.329971109359505, 49.486605534127335, 54.231640980858515, 63.52908276330508, 71.81759396903763, 78.69193272171228, 72.32573670751619, 64.19963249019142, 55.81513251404409, 22.454155914710334, 17.455552633561535, 16.660804722869333, 21.328156776847383, 28.2793050100527, 24.999166202913823, 15.539427207785945, 9.889322380382037, 11.424731962320562, 16.13766998950261, 53.474260698091555, 62.459448236281375, 70.436333295809, 79.69336337393734, 88.52880027913771, 85.27010458874939, 78.74631742617527, 69.56104300300301, 62.34480529722958, 54.308380544225635, 24.525789491262074, 29.732568567852898, 38.48501817139032, 40.340631503911304, 48.95133474889139, 58.44903008540786, 63.044189282826736, 64.00835303210548, 61.338121910591894, 51.66251060614075, 43.72688985998384, 42.10450403832629, 65.56465787048447, 62.881957673000265, 64.75660743584804, 69.75422365948371, 72.8996005507592, 78.39341357293513, 84.35574803517437, 86.78826707472021, 85.4655004790187, 82.29482933383942, 75.48491803744388, 71.54547824021495, 66.21393877022918, 68.15347018753583, 72.58922061387014, 76.42634482678875, 82.63184948190212, 79.05052580923264, 75.10133021975471, 69.97893479091891, 48.38992578376625, 51.60945163907377, 63.13211135518549, 73.42076264191863, 86.3341177059574, 96.51919465849645, 109.99783681069228, 111.32378627703743, 123.13572234532117, 123.46560706365352, 117.57664822894738, 110.20879010423262, 108.56707739548736, 102.9134891189022, 102.05210723841819], [14.726845827436712, 8.094984628925863, 0.0, 10.189113294053557, 7.4182480901451395, 10.47579986510954, 15.931553254478521, 56.65926792014817, 61.63696832838809, 71.1109016888934, 79.3001082389531, 85.80188822457123, 79.52168129469294, 71.39631304403102, 62.960471192959396, 30.000925734124422, 23.5952443248376, 19.737095542110065, 19.68847965838848, 23.69010206880675, 19.344500388605773, 13.564531693789949, 13.291814556597496, 18.489509840234785, 24.0551649579169, 61.529122569506846, 70.46694608306112, 78.34611026016675, 87.36922323680655, 95.78881017102127, 92.6779957510424, 86.44391455004678, 77.42580492843987, 70.2478939797684, 62.26006300723374, 32.36478800859769, 36.31213703411541, 43.35286804406473, 42.842214472751934, 51.3897343859547, 61.8273669830627, 67.131350116879, 68.65872115638604, 66.773752848487, 57.86196654036739, 50.87582367989268, 49.95300733844745, 64.75807730310927, 63.48623343590919, 66.41332359254316, 72.29844469471306, 76.15525754229121, 82.07033679575738, 88.0853944282295, 89.94196665329808, 87.91532353074922, 83.99517995162533, 76.29293180484422, 71.48723098646089, 66.18481483253295, 69.49280587409473, 74.98804274219725, 79.43451837449528, 86.06298152688895, 82.04051478951013, 77.28468083772609, 71.18320215126307, 43.66673709297994, 45.31574436477647, 57.082838559308016, 68.2087646183127, 81.51708413749172, 92.98902221458383, 107.42554224875089, 111.62611177215625, 124.66901721763442, 126.2248226337057, 121.59044491257505, 114.84064567500758, 113.93323541270645, 108.99634220487663, 108.84102195568487], [23.06029346293531, 17.815391674824017, 10.189113294053557, 0.0, 9.232655009086224, 16.245612628108244, 22.34248975548907, 63.63778569495117, 68.90639152997134, 78.64602134209552, 86.56743313095299, 92.29366846066775, 86.29734221272113, 78.30421859789473, 69.82161621846764, 40.07019602142902, 33.47322838457818, 28.250528123586538, 23.953327588107875, 22.478987373171705, 17.235230994595053, 19.498353274173976, 22.748299326976998, 28.586970993126567, 33.94702037872859, 70.42807000694057, 79.11048031603659, 86.64324314326025, 95.03660334825317, 102.5067327538382, 99.67743126175795, 94.11642116476311, 85.57153162444877, 78.55250370646358, 70.77830851975452, 41.58574549241658, 44.39323692633204, 49.910742083663926, 46.28243180395779, 54.586132037272336, 66.15533801358178, 71.97674908902478, 73.47306596332484, 72.10487233440287, 64.78578116888856, 58.53921870925776, 58.53155017258936, 63.068782853642766, 63.90318557556592, 68.12707841832643, 74.83012875179249, 79.2698178146053, 85.20880298668602, 90.79194909262095, 92.19695521288146, 89.66891382178206, 85.06000342231661, 76.58228223559807, 70.6884349481804, 65.51511997305784, 70.6118710662104, 77.1929092486309, 82.07276466851697, 88.65980021631601, 84.51783366894443, 79.12843948979712, 72.05718782466127, 39.25616583556256, 36.2743140969377, 47.512666817223945, 59.42604969814384, 73.39316888806377, 86.52872520462226, 101.85803330587633, 110.15787538139149, 123.78027724894454, 126.55145232990351, 123.37208413120949, 117.33960660040793, 117.3744630691411, 113.5226106639521, 114.76029572424103], [16.58858329954822, 12.496550666534585, 7.4182480901451395, 9.232655009086224, 0.0, 7.665630892263145, 14.733267515414873, 56.53919093468149, 62.03604871445438, 71.81166618353234, 79.81738981814709, 85.76598452200852, 79.3419715805504, 71.11072542076182, 62.73094688338965, 34.35403163929353, 29.37453056805237, 26.815943883975205, 26.846581213752696, 29.143242868602215, 24.220426831563497, 20.722882875864208, 19.94007741874868, 23.49042730088478, 27.580731040620716, 63.66666605828204, 72.54012375174295, 80.37510390011072, 89.21855680992775, 97.0778543932972, 93.8033680457153, 87.89401228062168, 78.99514084520679, 71.77377275112481, 63.86619182111119, 34.013992843652964, 35.588031360725104, 40.68361467534866, 37.734499208552606, 46.15925327620296, 57.34856703939091, 63.05209799667262, 64.77028500124418, 63.63578063992236, 55.87885368646402, 50.31547404130522, 51.054834877782035, 57.64165668093368, 56.972433217372675, 60.45455976012359, 66.7950640883279, 71.05706671142644, 77.1857015812248, 83.24404327099774, 84.6293666209899, 82.16091510677637, 77.84833858307213, 69.77535268328491, 64.60680289847917, 59.33156999910089, 63.28705906354981, 69.33751991639623, 74.1065412258569, 80.97044004400797, 76.6677686466549, 71.46863053789045, 64.88360149085077, 47.55994319683608, 44.477691888035515, 52.96065071393235, 62.84385839033033, 75.20704619785997, 85.9586530369861, 100.38711814451568, 104.77380203717317, 118.64336074855787, 121.15230107153155, 117.69678265416785, 111.84355262012004, 112.05733812537089, 108.81104292805963, 110.45152716384467], [10.370375438911216, 9.548209889036215, 10.47579986510954, 16.245612628108244, 7.665630892263145, 0.0, 7.415847812568973, 49.05926733475613, 54.588968009118815, 64.35207501981655, 72.38263706558547, 78.46685051354498, 71.89921258815082, 63.60473831321338, 55.25943595295651, 29.0629611266207, 26.02075305496726, 26.031175450044895, 29.24916129497966, 33.73363419490235, 29.443861848177285, 23.052926813033203, 18.928345228086368, 19.447149281502156, 21.750909308777413, 56.42844171560392, 65.28497580648819, 73.16495421804984, 82.12622371481548, 90.14155798816901, 86.67250645375208, 80.63034614616993, 71.6411171497856, 64.37738397841018, 56.47458293456544, 26.874296473545566, 28.27485110604731, 34.327783246308314, 32.859623121901045, 41.520641396114065, 52.14116892174567, 57.2797649252819, 58.43774666298962, 56.72644374423482, 48.62231486579554, 42.66116837892849, 43.544127212313825, 56.174952680338905, 54.100236151155286, 56.61770385694924, 62.18266767553148, 65.83642304034537, 71.60913451457836, 77.63859836109533, 79.50120683323564, 77.64604470058356, 74.00159249397944, 66.75473687284315, 62.40309374675639, 57.07220755126437, 59.73593812986385, 64.84727294332335, 69.08750889045562, 75.59600760620333, 71.66461172103915, 67.16949606388505, 61.46122293127535, 52.49969831815781, 50.211180902746946, 57.9270087272246, 66.62282932788072, 78.33166978392254, 87.50274276153014, 100.87408515945495, 102.27914659455656, 115.07022249207517, 116.58178381081605, 112.19193368926885, 105.98029486249948, 105.8318775521838, 102.45540246477042, 104.06404409598879], [6.424884611428674, 11.329971109359505, 15.931553254478521, 22.34248975548907, 14.733267515414873, 7.415847812568973, 0.0, 41.8176881901861, 47.311600528102595, 57.116760727457866, 65.09538091947984, 71.12286489218222, 64.64740760751411, 56.425124362247445, 48.027666319896305, 25.825661331441523, 25.008240796875334, 27.103928455254678, 32.17165545413478, 37.63099492183502, 34.03510280956727, 26.721713740636645, 20.734756022214395, 18.312421457506215, 18.2163648297951, 49.849621389060005, 58.481778348935705, 66.16124337031113, 74.90574386431273, 82.76306225292356, 79.29597713525507, 73.38022504869565, 64.56099767971656, 57.38913121535903, 49.63185881933923, 21.461336792716523, 23.535390198887143, 31.36858243488867, 31.34921198627024, 40.046850080716275, 50.02880929597226, 54.29929736899551, 54.24648490700228, 51.39085740155731, 43.410082974091836, 36.244661635662375, 36.94818626283842, 56.760192063622995, 53.79437147108036, 55.44551874492073, 60.0559245441513, 62.866173626007104, 67.84215184405112, 73.36974300120175, 75.9955885884649, 75.07538853887746, 72.25533586319496, 66.01387064808333, 62.35024281288928, 57.045309480302805, 58.659980427633016, 62.718148409404726, 66.1769696408528, 71.8229753742782, 68.6530998076201, 65.14523415429046, 60.43796685859304, 55.71900604451682, 54.00726533010391, 61.50190606973383, 69.40197695364786, 80.97980706693718, 89.19553078040421, 101.52580351371154, 101.08187936934041, 111.99721235351093, 112.18928256411627, 106.62238823825646, 99.79047317359053, 99.05684932649342, 95.24441153527691, 96.80310257214127], [42.03508429724267, 49.486605534127335, 56.65926792014817, 63.63778569495117, 56.53919093468149, 49.05926733475613, 41.8176881901861, 0.0, 6.693849294486842, 16.493325307382527, 23.729578711788776, 29.925373005157514, 22.933481556664834, 14.770351178658686, 6.331911790381638, 40.66574196886374, 49.03453432572103, 56.926426578186714, 66.28461990200933, 74.04832474341458, 72.24526620648452, 62.963912120169304, 54.36127277826307, 46.359274052878874, 39.160386406624106, 21.570208836864676, 25.099601053597183, 30.151084021208955, 37.251396804688696, 44.34908715625842, 39.66721828849301, 34.137677962594246, 26.64982697697835, 20.908345050466284, 17.11303475518004, 29.688932474812326, 29.75237306769776, 37.237673286674365, 44.63717158291927, 48.39937647388323, 49.963587439751464, 47.497981699833275, 40.1720354326291, 29.971199564139773, 25.95810075688235, 14.355674182833555, 15.336648739998248, 71.27994440526685, 63.71066474162555, 59.96354102102297, 57.832017972670926, 54.81833401949035, 53.98718414192467, 56.02297153270098, 62.916671151791014, 67.68490366580934, 70.30593375031967, 70.90149389220572, 72.11262420463925, 68.15517144588476, 63.17711546521045, 60.030937260446755, 58.06057126630121, 57.715307790058354, 59.558305000668426, 62.69321193277426, 64.9216147835792, 89.32054026125196, 89.1705326650434, 93.96539731889195, 97.38795424767596, 106.05398556001205, 107.79923453577082, 113.84202079888193, 100.20397054101414, 100.87437926745834, 93.196979100115, 80.21756899448411, 70.01294574728102, 65.36027416249927, 59.70520720316886, 61.600854842267545], [46.928013751791994, 54.231640980858515, 61.63696832838809, 68.90639152997134, 62.03604871445438, 54.588968009118815, 47.311600528102595, 6.693849294486842, 0.0, 10.101293177848616, 17.794862504994104, 25.141871751449813, 18.495568241954665, 11.316050736045414, 5.378779701575442, 43.41639776140056, 52.13061693190448, 60.229773732066455, 69.84683512845838, 77.93491812439433, 76.50062117870105, 66.98518371530999, 58.34474127543528, 50.17762018576778, 42.926602103926015, 18.177967175985135, 19.554537731887628, 23.669725379102015, 30.603473874881868, 38.32029775578452, 33.48849119563631, 27.519065951934216, 20.125947515116525, 14.958496131630545, 13.162857848336357, 33.69490658657326, 34.92933033177088, 42.774606704883425, 51.05965438927041, 54.59649574335785, 55.3391548820613, 52.30867350856605, 44.74147020761618, 34.203589309488414, 30.269564311902045, 19.037041835951246, 17.200725554122126, 77.75145901340082, 69.97955366894169, 65.89367168383194, 63.24904015391466, 59.72755520962325, 58.27600499653669, 59.772781365566026, 67.10432225924292, 72.46911795318226, 75.62278594630858, 76.78656758991488, 78.33482878041481, 74.48935173047418, 69.11369083807493, 65.40241952143822, 62.936450133704966, 61.90153472412836, 64.30719002085591, 68.06227399082381, 70.84600478802695, 92.8303765540013, 94.02557310946833, 99.62735238246256, 103.28710346889142, 112.21922156721354, 113.98782669072769, 119.65067975100304, 105.27963416842395, 104.50342018206216, 95.50190271873977, 81.02041420955149, 69.82780468718326, 63.60079169158061, 55.95350850900986, 56.04449669528145], [56.39403718342205, 63.52908276330508, 71.1109016888934, 78.64602134209552, 71.81166618353234, 64.35207501981655, 57.116760727457866, 16.493325307382527, 10.101293177848616, 0.0, 8.612681387592252, 18.28660737450731, 12.33815015167513, 9.494264075216625, 12.126256480306647, 50.73166442024921, 59.83692792799882, 68.23856546199482, 78.21909451940348, 86.68928995224275, 85.54081973520503, 75.67677182296195, 66.94211756347683, 58.597048286638376, 51.27108036250565, 18.78711572894099, 15.040726016513096, 15.928206042754123, 21.959631588065452, 30.475315470836968, 24.889239100784927, 18.056789324166854, 11.416488776437086, 9.48792530706313, 13.958291978280185, 42.067254595684425, 43.439649112713816, 50.63985188421954, 59.80732054894097, 62.59667917760641, 61.773747084537725, 57.73325065277698, 49.75476376063391, 39.052197114454664, 35.99259736787554, 26.822323683955812, 24.138731185688716, 86.13187358851752, 77.80975487678329, 73.00405081477682, 69.3629651056493, 64.9660315196191, 62.52711586287173, 63.30021488350454, 71.12968654232905, 77.37179851755602, 81.4442476973029, 83.71033407905195, 86.02816876057412, 82.472132853412, 76.19263371383052, 71.39859603545891, 68.07768194469493, 65.99884952907244, 69.22536513669564, 74.02817735277999, 77.88614904900462, 101.32007823451242, 103.54365490316931, 109.41128172048663, 112.86030303983344, 121.5490210336633, 122.60002144564169, 127.36307391140554, 110.75595534586591, 108.02590357026851, 97.24885165142312, 80.8712181605903, 68.76424917554395, 60.74005968335394, 51.28539394691489, 49.47967607776539], [64.59384532942963, 71.81759396903763, 79.3001082389531, 86.56743313095299, 79.81738981814709, 72.38263706558547, 65.09538091947984, 23.729578711788776, 17.794862504994104, 8.612681387592252, 0.0, 10.785023440336003, 7.50729449190246, 11.837417719653681, 18.19869758448216, 59.30017752547357, 68.36472671698209, 76.66727050278745, 86.4571438229088, 94.67577506627899, 93.59165974856569, 84.04475880429982, 75.40567249502463, 67.12319174252085, 59.83542145449005, 26.31700645528408, 20.22544983578259, 16.94731182962056, 18.127837287754872, 24.05815437113722, 17.931368388403634, 13.11041306313184, 12.405732655288201, 15.380481955049556, 21.94579908227037, 50.62196725541106, 51.503140323470646, 57.8027173673783, 66.33838582151583, 68.4740615131049, 66.91391182677674, 62.145091694260145, 53.294835870721236, 42.40151779609965, 41.745722449582914, 34.36622536097791, 32.66262864452598, 90.99478913713801, 82.68259176029927, 77.53557254768893, 73.10541971176018, 67.95131939854593, 64.25860821647518, 63.766390840010644, 72.15809683528651, 79.35427744547857, 84.24172130717288, 87.54279654620987, 90.3471567017249, 87.12264497395947, 80.43000571826802, 74.83880001376752, 70.6782876896164, 67.18451971453237, 71.46909118872038, 77.27346783412665, 81.98792985198995, 108.6238637076707, 110.31670614539173, 115.48233515178221, 118.1839562413801, 126.36947762592942, 126.5269976702835, 130.1586200364891, 112.15660012659475, 106.98671958970863, 94.5577835847306, 76.66530582432351, 63.86303936020507, 54.639470571859995, 44.72607936991314, 43.6703511862223], [71.2449110420891, 78.69193272171228, 85.80188822457123, 92.29366846066775, 85.76598452200852, 78.46685051354498, 71.12286489218222, 29.925373005157514, 25.141871751449813, 18.28660737450731, 10.785023440336003, 0.0, 8.57853588864184, 16.890475822064754, 23.88013957815854, 68.18367475146512, 76.88239839237981, 84.74316202835668, 93.8419671226672, 101.22433641271253, 100.04364062471379, 91.44767428427652, 83.10732401552578, 75.11243358771776, 67.98407948031779, 36.77757770456626, 30.803642167603023, 26.222988627746762, 22.509013280879575, 21.12511086950632, 16.131993702785408, 18.151142756805672, 22.42014656736492, 26.06485262996417, 32.18853142612944, 58.81798732909492, 58.9095444438372, 64.19423882133991, 70.78736369443277, 72.3609219715929, 70.87566479335455, 65.69800500448459, 55.5901658370481, 44.520140782746296, 47.46417231867386, 41.56572090928882, 41.58176068189961, 92.3189897104696, 84.66512544758957, 79.60102363742665, 74.62371542726187, 68.85650926851969, 63.60946850595019, 61.1580609032468, 70.2275090884094, 78.4886190199111, 84.073954212264, 88.32697115507736, 91.29402060405268, 88.46174734147294, 81.91661043284745, 75.85566723546827, 70.88018336751644, 65.51773334766409, 71.15963394209211, 77.91032426971856, 83.22959241894789, 113.99938952738515, 113.77576851259934, 117.35446828847154, 118.78925807545257, 126.22790117078927, 125.37108124413923, 127.5964159218753, 109.29601009176211, 100.94483219183093, 86.82341825170371, 67.58824211405494, 54.022917282902895, 44.01233572987665, 35.293673069858436, 39.195222363430496], [64.88979101044765, 72.32573670751619, 79.52168129469294, 86.29734221272113, 79.3419715805504, 71.89921258815082, 64.64740760751411, 22.933481556664834, 18.495568241954665, 12.33815015167513, 7.50729449190246, 8.57853588864184, 0.0, 8.727939449570327, 16.66527489318271, 61.598718506020184, 70.53238673240072, 78.71838686566136, 88.24324719542815, 96.01139029334868, 94.5577979891981, 85.40124993330531, 76.78471756033177, 68.60698936166963, 61.27862249539024, 30.871401845325796, 26.35405835194608, 24.313671647245464, 24.97667226646314, 27.903710944128598, 22.16087449215613, 19.930816429585093, 19.542126880691495, 20.96045798439972, 25.94684131440908, 51.642640975429195, 51.006707016706784, 55.92177856744905, 63.146711211116155, 64.6708466394774, 62.93439680174965, 57.863405868731164, 48.21825830763639, 37.17577841423205, 39.02177359419956, 33.4382968371553, 34.217013931420375, 85.98082684159608, 77.77240326000353, 72.52025195554012, 67.70578767475153, 62.210879712174055, 57.84039451256166, 56.71977903971435, 65.32314800011295, 72.89730080128386, 78.09503431284358, 81.90784204960141, 84.94701181287874, 81.9710481948144, 75.13015508209786, 69.1949053444104, 64.62859451207508, 60.41917586788441, 65.20716436198508, 71.46044441568888, 76.57054315895262, 109.97042390174119, 109.64135845259284, 113.15338017338819, 114.80503764986689, 122.06638331512639, 121.16587233452621, 124.10039531972755, 105.196904420965, 99.56847748449144, 87.2337540265999, 69.7715459676781, 57.60494925194231, 49.788637490967204, 43.3227005932991, 46.76672202196], [56.77564315095709, 64.19963249019142, 71.39631304403102, 78.30421859789473, 71.11072542076182, 63.60473831321338, 56.425124362247445, 14.770351178658686, 11.316050736045414, 9.494264075216625, 11.837417719653681, 16.890475822064754, 8.727939449570327, 0.0, 8.534890286904103, 53.867757730937285, 62.789103076993015, 71.05473033275872, 80.71563533750025, 88.62156634926268, 86.9452306817182, 77.5378124153067, 68.80832991915099, 60.59886060973246, 53.20692965815293, 25.697236747280574, 23.854996417569904, 25.050259870219826, 29.3133274980801, 34.686593615577905, 29.077959139975594, 24.681817949638496, 20.156458576724706, 18.17653169159799, 20.454509211770983, 43.33902068104496, 42.30350325240588, 47.41093074776657, 54.956320519705464, 56.883139087589925, 55.71139987170233, 51.21975524068561, 42.178891020563064, 31.097923385250727, 31.217681359923834, 24.764794906705728, 26.292202752228917, 79.20637176135327, 70.85492973064288, 65.81966875041616, 61.65099252621123, 56.8174621363677, 53.66741648266921, 53.93668523301138, 61.949883034598884, 68.56465308284879, 72.99618700833727, 75.88649789658493, 78.56324859503414, 75.30260360835761, 68.70612993390145, 63.42709852352562, 59.6261359671892, 56.85411307081779, 60.56425973520817, 65.89150909469828, 70.2772777887998, 103.38373621610613, 102.9169568819406, 106.56826533751737, 108.64239158396806, 116.08066241903954, 115.7015655993744, 119.63876715468585, 101.66073679928665, 98.75150833092819, 88.35506885432939, 72.8097031829134, 61.74035966760149, 55.66530366519627, 50.30028414118754, 53.410219191133564], [48.35292106486469, 55.81513251404409, 62.960471192959396, 69.82161621846764, 62.73094688338965, 55.25943595295651, 48.027666319896305, 6.331911790381638, 5.378779701575442, 12.126256480306647, 18.19869758448216, 23.88013957815854, 16.66527489318271, 8.534890286904103, 0.0, 46.49280107775263, 55.0716971576148, 63.07089181762238, 72.47531066044469, 80.20705510740201, 78.4697877088451, 69.25257113026355, 60.63981295895146, 52.58282931889096, 45.324553733860256, 22.82368432486449, 23.95001475877543, 27.423309832558033, 33.339899857884895, 39.62071497569139, 34.63941470335344, 29.66165172149941, 23.288351968683248, 18.869152863462364, 17.69577197101607, 35.70985915129672, 35.24742345030696, 41.60622149779143, 48.88110894272934, 51.82504580890945, 52.271572244403906, 48.892821427423975, 40.59326444472716, 29.718371819015765, 27.843204627742224, 18.552852237180943, 19.930795230465794, 74.29463061283546, 66.4556438131501, 62.17403749147422, 59.13826147744072, 55.29347455496341, 53.35758334470647, 54.51449883916194, 61.994228883261236, 67.64099786515656, 71.06855187262613, 72.6840591516691, 74.50076245080594, 70.84604823866123, 65.20882024812921, 61.128536961443686, 58.31699887896108, 56.80452589167287, 59.55104273973465, 63.69049795541412, 66.86654668299323, 95.09928792372432, 94.671266643036, 98.87730378386348, 101.64076036141134, 109.7817099376605, 110.60690376023577, 115.6902054134433, 100.33760078179496, 99.29106509986427, 90.3867673679183, 76.27709241397035, 65.62803760665496, 60.38615829697191, 54.84075575362862, 57.4288335091429], [20.551738704965743, 22.454155914710334, 30.000925734124422, 40.07019602142902, 34.35403163929353, 29.0629611266207, 25.825661331441523, 40.66574196886374, 43.41639776140056, 50.73166442024921, 59.30017752547357, 68.18367475146512, 61.598718506020184, 53.867757730937285, 46.49280107775263, 0.0, 10.000927532599063, 19.82443647943371, 32.10147309504687, 43.4148445541695, 42.2603483227166, 28.900237196313544, 19.77711094275698, 11.653424431978182, 7.640259328732632, 36.064585571025944, 45.37264450727999, 54.03712263726493, 64.80433115518935, 76.13842587271698, 72.36514294737235, 64.11493437216933, 53.952665174041414, 46.7179420807752, 38.55151182323886, 13.596297571611103, 24.404669553589393, 36.84368729573708, 46.8057267247081, 54.14634549844984, 59.351017072660355, 61.75485559466255, 62.1740036290793, 57.835102599219084, 44.7412139712042, 34.44727254936602, 28.2029368336038, 78.07156434934986, 71.9213291976463, 70.93367871008277, 73.46104067150667, 74.748410327871, 79.40460975770728, 85.6429901245545, 89.23759986712989, 89.41517920496109, 88.11329226895252, 83.55122033372966, 82.00178821753693, 76.88630020830225, 75.18094318986299, 76.72572660402126, 79.043503514676, 84.51257334105013, 81.76893386230826, 79.8052149562958, 77.32224763006568, 63.31664116966069, 72.3087133016163, 84.94581906802807, 94.52379675445228, 106.72643436618543, 114.61423722918856, 126.33106459384094, 120.61261598129762, 130.2360832286222, 127.59191922796518, 118.26297842089154, 109.148071850158, 104.89192000562214, 96.10452623119401, 91.03370925243733], [19.01157005562247, 17.455552633561535, 23.5952443248376, 33.47322838457818, 29.37453056805237, 26.02075305496726, 25.008240796875334, 49.03453432572103, 52.13061693190448, 59.83692792799882, 68.36472671698209, 76.88239839237981, 70.53238673240072, 62.789103076993015, 55.0716971576148, 10.000927532599063, 0.0, 9.94164340677134, 22.460857422623654, 34.17914707159816, 33.21639818428575, 19.480144759389265, 11.193483233162764, 6.767488455401012, 11.065740564775592, 45.62487830743605, 54.73191609002171, 63.101649953913196, 73.4167747645093, 84.29501109615286, 80.91165861915573, 73.04792141278803, 63.21399035827275, 56.12191461535863, 48.05607317051931, 21.41556403168602, 30.995801386336325, 42.30904315546838, 50.008359603431366, 57.90810219095467, 64.553071952224, 67.94232771076494, 69.03234654510372, 65.36577805045776, 52.82697113663593, 43.13305431919836, 37.66716998181395, 79.38895286982581, 74.54542623905176, 74.68328464288646, 78.30736866016784, 80.43700245720434, 85.65617172423369, 92.00516946311929, 95.12877335218398, 94.59114445028746, 92.4485256971441, 86.78998861849955, 84.25046785914212, 79.00325590215252, 78.73821812283617, 81.51635542768537, 84.57477395336977, 90.58641259491226, 87.34642894079742, 84.44940980947669, 80.80394736814823, 54.72182057559285, 65.33152631442977, 79.69232155844468, 90.64571242615838, 103.77437784099169, 113.44001926729402, 126.34197581174023, 123.96796585716714, 134.76452500430364, 133.16628576779533, 124.79668020985231, 115.93941395040314, 112.06031477434139, 103.26283920825159, 98.19510482403163], [21.33994764954266, 16.660804722869333, 19.737095542110065, 28.250528123586538, 26.815943883975205, 26.031175450044895, 27.103928455254678, 56.926426578186714, 60.229773732066455, 68.23856546199482, 76.66727050278745, 84.74316202835668, 78.71838686566136, 71.05473033275872, 63.07089181762238, 19.82443647943371, 9.94164340677134, 0.0, 12.646564866360352, 24.709038870611153, 24.22315971666574, 10.859540846451335, 7.330549923873925, 12.037410513825055, 19.1995539350086, 54.68924304694938, 63.539259155813184, 71.53608006121166, 81.26959182121644, 91.53425639157948, 88.58384874054238, 81.21540311326973, 71.80717150903189, 64.89821684281844, 56.98534333493505, 30.111910020414783, 38.92244570723542, 49.36918730109972, 54.78152614546026, 63.04853260528791, 70.96201127221235, 75.04327291353283, 76.35077333779884, 73.00884040811854, 61.26540768094157, 51.7538714999682, 46.73381439170407, 81.6762893867999, 78.27761217003064, 79.48096774600383, 83.98034597247437, 86.7263150845881, 92.19286539342312, 98.37586844335569, 101.21789309904558, 100.21806375008298, 97.4176408719867, 90.89402739960566, 87.40745217406523, 82.09487144444279, 83.24806416143574, 87.06073311470458, 90.63307978948862, 96.84048262955226, 93.37460641425436, 89.80754395820016, 85.19996946606516, 45.57626936938983, 58.054416783426184, 74.36794413358732, 86.72001657029097, 100.89193439834446, 112.43449994212322, 126.35436245759178, 127.56707160207016, 138.95544101849507, 138.13176965564733, 130.52697796281146, 121.80731697578226, 118.18425888924368, 109.301190316355, 104.32261685166004], [27.5813366390779, 21.328156776847383, 19.68847965838848, 23.953327588107875, 26.846581213752696, 29.24916129497966, 32.17165545413478, 66.28461990200933, 69.84683512845838, 78.21909451940348, 86.4571438229088, 93.8419671226672, 88.24324719542815, 80.71563533750025, 72.47531066044469, 32.10147309504687, 22.460857422623654, 12.646564866360352, 0.0, 12.371091171088219, 13.092433367250488, 7.44310669926725, 14.960499507310447, 22.83120273044331, 30.27289351769672, 65.84432523222483, 74.37179109955608, 81.88334111950833, 90.80306962081424, 100.0911126199178, 97.66203369438257, 91.03407519900703, 82.21733097375562, 75.53251370832484, 67.83165945642386, 41.042396078961374, 49.04365971310768, 58.58248987914271, 61.22608406646992, 69.73954653074564, 79.0591364260067, 83.78521126879308, 85.05937366619125, 81.96711972817995, 71.44075022022133, 62.0903799862429, 57.68985068232677, 84.43237895965206, 82.94551123217093, 85.41005480453653, 90.81177033089142, 94.16197345492063, 99.7090789537071, 105.48281783893826, 108.06006772900452, 106.64400097167888, 103.15552039277797, 95.75788091418728, 91.14760598517489, 85.84055147532817, 88.72441910754782, 93.66136189936601, 97.70488464246938, 103.90490875992937, 100.34243390536002, 96.13082620657832, 90.49433585102223, 33.546150009408905, 48.15165056363026, 66.92522773004562, 80.92843822820704, 96.38441299318181, 110.26340645396918, 125.25355957739072, 131.15244418947503, 142.86963928470323, 142.9252390228168, 136.30987482938895, 127.82913259742321, 124.62944928888845, 115.91460920957843, 111.49235964136828], [34.49142427189596, 28.2793050100527, 23.69010206880675, 22.478987373171705, 29.143242868602215, 33.73363419490235, 37.63099492183502, 74.04832474341458, 77.93491812439433, 86.68928995224275, 94.67577506627899, 101.22433641271253, 96.01139029334868, 88.62156634926268, 80.20705510740201, 43.4148445541695, 34.17914707159816, 24.709038870611153, 12.371091171088219, 0.0, 5.602588722128458, 16.47094497277014, 25.246070133765553, 33.309251720196244, 40.49081984789077, 75.85472141349237, 84.0973269300437, 91.1617526614931, 99.25920813181406, 107.39956874566072, 105.39905429247389, 99.59475569723078, 91.37301469045794, 84.87270281536841, 77.38107516138132, 50.74733366356243, 57.824953699877845, 66.45726006479678, 66.417972364454, 74.97267829110726, 85.51058011566953, 90.70432419486018, 91.73866597314746, 88.86248140509181, 79.78969873673752, 70.74154263940939, 67.19819943766703, 85.52111820334507, 85.95480206586967, 89.57340134345145, 95.68949899659683, 99.50510538902132, 104.95625777078288, 110.17573050898764, 112.51248960254688, 110.7929566925508, 106.73996035514757, 98.68562462897998, 93.06013379015408, 87.85138715398952, 92.35819458154226, 98.24497161779402, 102.61386908972891, 108.6147100438402, 105.08897736233197, 100.39592621829819, 93.91200529043866, 22.344028409237094, 37.29730748248343, 58.115135283268934, 73.44576058213167, 89.9910601284185, 105.95238912165844, 121.72546179408546, 132.2048900707558, 143.945547375291, 144.88099178706426, 139.40772149767764, 131.35973317441207, 128.8317441517254, 120.80841782089936, 117.61126433607626], [31.544485438909458, 24.999166202913823, 19.344500388605773, 17.235230994595053, 24.220426831563497, 29.443861848177285, 34.03510280956727, 72.24526620648452, 76.50062117870105, 85.54081973520503, 93.59165974856569, 100.04364062471379, 94.5577979891981, 86.9452306817182, 78.4697877088451, 42.2603483227166, 33.21639818428575, 24.22315971666574, 13.092433367250488, 5.602588722128458, 0.0, 14.455082406512147, 23.175520922613025, 31.42385347161436, 38.57917686140877, 75.07516830794611, 83.55233182132511, 90.85174680216842, 99.17047440922103, 107.29011105077613, 105.03505547137505, 99.17984634989618, 90.75346485495174, 84.04670275060202, 76.38459467902845, 48.56973488385023, 54.69716898504489, 62.556276188913266, 61.79115426414054, 70.26753813691231, 81.01793309083354, 86.45637189699306, 87.80770756602938, 85.42473432198601, 76.57672495806875, 68.26701484233503, 65.53363820815598, 80.29115643172511, 80.84141875074258, 84.64365643750692, 90.9873232531481, 95.0481806897402, 100.75559684908433, 106.1924859784121, 108.20308603957629, 106.15539193581851, 101.87226220751238, 93.60196564399615, 87.87845971142069, 82.68850740625233, 87.37933270265275, 93.52087723962573, 98.11210853608262, 104.41226274994159, 100.6105180380568, 95.62769527207111, 88.91201970490654, 25.921448277982215, 36.02780089296066, 55.06776784657737, 69.89453783987464, 85.86651139776427, 101.32976414072328, 117.17265815754524, 127.28284822780032, 139.8264299255497, 141.3942537829124, 136.60731511761364, 129.11439667546372, 127.26577501077482, 120.28716528030841, 118.12981009044286], [22.60966685262678, 15.539427207785945, 13.564531693789949, 19.498353274173976, 20.722882875864208, 23.052926813033203, 26.721713740636645, 62.963912120169304, 66.98518371530999, 75.67677182296195, 84.04475880429982, 91.44767428427652, 85.40124993330531, 77.5378124153067, 69.25257113026355, 28.900237196313544, 19.480144759389265, 10.859540846451335, 7.44310669926725, 16.47094497277014, 14.455082406512147, 0.0, 9.585914865960218, 18.348136013201422, 26.000495847729926, 63.54076663328805, 72.45166105873663, 80.36766173993772, 89.72470254500668, 99.16294639660977, 96.31710174086291, 89.48341475642906, 80.28498829902303, 73.2808335478322, 65.30099740424383, 36.585187601517326, 43.38210797600384, 52.070706524669134, 54.45107315358171, 62.87089876366215, 72.19570811066247, 77.17185944234798, 78.96777757860873, 76.51829990579024, 65.92245426517792, 57.563098014670665, 54.170657884867055, 77.9454873196174, 76.1261486084031, 78.54730112005679, 84.0933589771492, 87.67701030605544, 93.61062726682422, 99.81282258941091, 102.001359141946, 100.20654919392622, 96.53439878483685, 88.99865919159711, 84.50787987669985, 79.20856767472294, 81.9323244579695, 86.98978243486383, 91.26771729490495, 97.93152831627579, 93.97896309507563, 89.47890069327634, 83.7283925977037, 38.646916790509, 49.00813000076211, 65.38132458021879, 78.41944072122564, 92.87077024872217, 105.6576016805341, 120.52333203498146, 125.00787145075354, 137.75603651183113, 138.4608682447716, 132.52686062344026, 124.69788546214892, 122.26912272987688, 114.81825414297606, 111.57618010109192], [15.624118983746285, 9.889322380382037, 13.291814556597496, 22.748299326976998, 19.94007741874868, 18.928345228086368, 20.734756022214395, 54.36127277826307, 58.34474127543528, 66.94211756347683, 75.40567249502463, 83.10732401552578, 76.78471756033177, 68.80832991915099, 60.63981295895146, 19.77711094275698, 11.193483233162764, 7.330549923873925, 14.960499507310447, 25.246070133765553, 23.175520922613025, 9.585914865960218, 0.0, 8.828463227413812, 16.507276719108816, 54.543801469265496, 63.64689273096503, 71.82788525767947, 81.59065810783554, 91.44331938365339, 88.24844563192406, 81.0745048656017, 71.56758536351866, 64.40398144872265, 56.292098514988034, 27.137542047196604, 34.36801017863753, 43.90944298334304, 48.09839673120365, 56.448767360909955, 64.92769395278495, 69.37671821249398, 70.91946435174452, 68.1455815678198, 56.949626128139045, 48.394001580804, 44.88429556322944, 74.41139189028559, 71.21197585283177, 72.6979277750301, 77.5178475068745, 80.57678199520863, 86.29787760612071, 92.63400406965732, 95.12077731294879, 93.76921642528788, 90.68383121557406, 83.8971999476156, 80.2332722296053, 74.91896729551452, 76.37196588652046, 80.54545879168181, 84.38323011840737, 90.86961718291747, 87.13126324081081, 83.21843207481894, 78.29010591689503, 46.75585743046034, 55.313267037728984, 69.62660853114605, 81.19553444742554, 94.68980759101291, 105.61693017777006, 119.49409444095146, 120.57160354714915, 132.6857641479488, 132.62753695839527, 125.96167602580147, 117.97243767908645, 115.33189743054162, 107.9866933836755, 104.79559538605146], [12.503485287504004, 11.424731962320562, 18.489509840234785, 28.586970993126567, 23.49042730088478, 19.447149281502156, 18.312421457506215, 46.359274052878874, 50.17762018576778, 58.597048286638376, 67.12319174252085, 75.11243358771776, 68.60698936166963, 60.59886060973246, 52.58282931889096, 11.653424431978182, 6.767488455401012, 12.037410513825055, 22.83120273044331, 33.309251720196244, 31.42385347161436, 18.348136013201422, 8.828463227413812, 0.0, 7.741467109402848, 45.95274368474156, 55.17779120322021, 63.54403240196963, 73.6151014671597, 83.820368806049, 80.34565753855978, 72.88728918074327, 63.15271829690687, 55.88595434008991, 47.6937951888405, 18.56283809046079, 26.944939089199273, 37.847824955749964, 44.131445144556324, 52.27136974858276, 59.711511693837686, 63.41466920190155, 64.40865055678611, 61.0311790180955, 49.28253904358752, 40.13404713847885, 36.18874773687111, 72.89263783784315, 68.4135995604206, 68.89778497028412, 72.81893943818608, 75.18426323101785, 80.47641559340363, 86.75854718625936, 89.69301343429461, 88.96863438472508, 86.60220337983863, 80.72825508272211, 77.92638684960082, 72.65428972912399, 72.8049999740831, 75.93675301957364, 79.17062866211486, 85.23952164177079, 81.90736163683081, 78.77363645345588, 74.82077798612762, 53.99396258708258, 61.54336922541327, 74.3804527942632, 84.69645237591446, 97.43031090462009, 106.75160393520518, 119.58320680141543, 117.61261189368926, 128.67413120708136, 127.6341889424611, 120.04270542131823, 111.74151533319353, 108.70919549861257, 101.23741775085131, 97.93419319062929], [13.232408210176295, 16.13766998950261, 24.0551649579169, 33.94702037872859, 27.580731040620716, 21.750909308777413, 18.2163648297951, 39.160386406624106, 42.926602103926015, 51.27108036250565, 59.83542145449005, 67.98407948031779, 61.27862249539024, 53.20692965815293, 45.324553733860256, 7.640259328732632, 11.065740564775592, 19.1995539350086, 30.27289351769672, 40.49081984789077, 38.57917686140877, 26.000495847729926, 16.507276719108816, 7.741467109402848, 0.0, 38.77656752791047, 48.114778179968624, 56.63951449130151, 66.93386878126664, 77.31129913077568, 73.5494408544724, 65.91478194082345, 55.999176672037784, 48.60960172180772, 40.334780427001085, 10.935006269426092, 20.607407711387403, 32.78414081264534, 40.78007640694948, 48.57399385469246, 55.035392069435865, 57.99276417853022, 58.35469623886052, 54.400700020951255, 42.332733199804736, 32.63344480119713, 28.5118945027862, 71.18105032392575, 65.67247642763175, 65.27968767646797, 68.34811052143006, 70.05253044015575, 74.88120948491489, 81.04224169475789, 84.37351715861541, 84.23444830187277, 82.52886101633297, 77.52137169250261, 75.48352253193008, 70.30090800038228, 69.32902530226113, 71.50240239740222, 74.14940569562697, 79.76222789260096, 76.84482901150415, 74.45132651954825, 71.4041293077747, 60.488141755847366, 66.71900877438408, 78.06106138076368, 87.18221054137678, 99.14441603110245, 107.00440389774317, 118.85189351420892, 114.28886307244318, 124.3640517284161, 122.51464837262208, 114.2188855694065, 105.74510368936181, 102.51018933732651, 95.2012137369595, 92.16547867754778], [47.43894520250223, 53.474260698091555, 61.529122569506846, 70.42807000694057, 63.66666605828204, 56.42844171560392, 49.849621389060005, 21.570208836864676, 18.177967175985135, 18.78711572894099, 26.31700645528408, 36.77757770456626, 30.871401845325796, 25.697236747280574, 22.82368432486449, 36.064585571025944, 45.62487830743605, 54.68924304694938, 65.84432523222483, 75.85472141349237, 75.07516830794611, 63.54076663328805, 54.543801469265496, 45.95274368474156, 38.77656752791047, 0.0, 9.66441854767611, 18.9752781922429, 30.93243861031852, 43.81333148127635, 38.934465160878496, 29.347475901770874, 18.448014597995634, 11.431308061482596, 5.290879817473366, 30.73150410441931, 35.35760127662492, 45.27979695214347, 57.636314626350384, 61.78592408926135, 61.609383546743494, 59.1471269499545, 54.499708585016734, 45.79518244985779, 35.97719908306442, 24.1511369189446, 14.703309302674585, 88.26960941796494, 