{
	"dissimilarities": [[0.0, 9.086431661952558, 16.746776638631268, 24.567595649100006, 17.840713833115256, 10.483676141688898, 5.548516210643436, 40.79927453996692, 45.83429420077807, 54.473637816801094, 62.408144107021954, 68.88722339338507, 63.659779268266085, 55.49708712825005, 46.07181454731343, 20.498315362527748, 20.396203057910213, 24.648621273950255, 32.11355290826223, 37.28128917602247, 37.41347651024852, 28.77217440147791, 21.13209335200857, 14.973485493920979, 13.248794070031204, 46.253242053206904, 52.74944328513337, 59.24627951636038, 69.4603780679463, 78.48721941516911, 77.47265636326412, 68.16613286568466, 58.88452000779647, 51.705809874904865, 45.24352323669056, 20.159491790059814, 24.142871275800832, 31.15895771801278, 35.77708698211526, 46.36794389638838, 53.44783887778614, 57.299363640837846, 56.84962377355348, 52.343009198269186, 42.17707392923143, 35.85752097151355, 33.83500021459313, 62.97048368203466, 59.4396622859284, 58.27200023129288, 63.73626049124817, 65.09435705910568, 70.8742747733751, 77.50240595958519, 78.45370140238526, 78.09729133999956, 75.38195911676003, 70.69577562870366, 67.27656732893354, 63.164220342622464, 62.9338076447235, 66.12310250158191, 69.45994478521287, 74.45578726099298, 71.90324152281235, 68.5687899850876, 65.67640439710061, 54.926507457793186, 59.09455809844728, 77.73461517066941, 95.00144098360543, 85.985553304786, 92.83877206166497, 103.1722879401645, 104.67259434342814, 110.57845373361617, 115.01772760693727, 112.66373491074452, 114.14410443409007, 105.78037799953111, 100.51617516678117, 93.40257957250614], [9.086431661952558, 0.0, 9.183124978960814, 18.646438240891634, 13.022942480333468, 9.856576748946209, 12.376470048400753, 49.37503715504444, 54.09070656843655, 62.362971599769324, 70.62802358354563, 77.4058665720161, 72.21024111792052, 64.0335151857398, 54.67228219208385, 19.719749690911115, 14.985560264122391, 17.33932372253529, 24.52169588919465, 30.31453577299118, 30.730743059558293, 20.53982906992336, 12.968643249719955, 8.80700530416452, 14.197904787917475, 52.48261900420753, 59.296246114621425, 66.09915186693794, 76.64714519455252, 86.27112169598054, 85.4534283330069, 75.609035239225, 66.17900816893135, 58.94492068493485, 52.16260560543057, 25.729056019541698, 29.76806300132659, 36.065150027628974, 40.38445434179767, 51.10903324786172, 58.27797549510602, 63.02983759635704, 63.718828640232786, 60.20004132125793, 49.36423640675235, 43.77176146305213, 40.8566358905163, 66.38754011635085, 63.449161476672565, 62.84142712960883, 69.17085774942109, 71.30832674489669, 77.77250450867258, 85.06978799506079, 85.37360970764101, 84.3475535714634, 80.81052844741167, 75.30226687871405, 71.36127841652844, 67.27807816693786, 67.6282961907978, 71.56517947922951, 75.7151372308011, 81.4251081701097, 78.13513358417605, 74.02371120670662, 70.378217134125, 49.51505097433915, 55.720396197755676, 76.72372636852074, 95.6038139115445, 86.95925852188604, 95.0868015205748, 106.6002512669504, 109.87102873358602, 117.57359787788629, 123.04479194502649, 121.29975109724, 122.81886493842588, 114.68502733641992, 108.99657278994624, 101.03716772746631], [16.746776638631268, 9.183124978960814, 0.0, 9.955803006252179, 6.673421838909632, 11.119051120615326, 17.824944786340996, 57.53443967724379, 62.55539011696654, 71.07137503332713, 79.11280489088082, 85.55797193369085, 80.39057828791694, 72.22743223981055, 62.79837524774662, 27.753151901966508, 20.182500887353132, 18.382401756867708, 20.460906881260904, 24.13033967426754, 23.651221230534503, 15.340819430722037, 13.848352501970947, 14.982305484039964, 23.089639449076852, 61.63141805392826, 68.3939694552852, 75.10413789592846, 85.36298063441318, 94.5448905318731, 93.75565854120087, 84.38954382777372, 75.1165112880884, 67.92056611365622, 61.22342786211943, 34.61309429863036, 37.06235172917748, 41.89177900779333, 43.63248386209808, 54.208569292020734, 62.224973300919494, 67.85689402407336, 69.10245549669094, 66.52275939835458, 56.64257400745137, 51.80917334177882, 49.81972056144357, 65.646717451396, 64.30754392727691, 64.87655483837435, 72.30685029616951, 75.30707883741657, 82.03858351491847, 89.3505994490476, 89.11958587786961, 87.50835038631094, 83.07313658163787, 76.58514610464655, 71.6547609437772, 67.75778045153695, 69.38473311256988, 74.44210196364854, 79.37133271465034, 85.374886780482, 81.54275304527974, 76.6411113530988, 71.90267627945038, 43.77809792237358, 48.62913692840683, 70.13572236797732, 89.95017108452184, 81.73853971822854, 91.31026568759806, 104.01312089487703, 110.49613112554523, 119.83093022547595, 126.33923658332318, 125.60355597568729, 127.22510649111112, 120.35104474339788, 115.49369878499253, 108.63453631604897], [24.567595649100006, 18.646438240891634, 9.955803006252179, 0.0, 8.554536470057975, 16.96131497968199, 24.141470182996827, 64.47406161073847, 69.84111643188234, 78.68894322168032, 86.28471783358772, 92.11715323466443, 87.12256367905957, 79.11571007085348, 69.63904310642634, 37.43462173981699, 29.09523459360556, 25.02989733294527, 21.284398170034077, 20.44213512586653, 18.099067448558948, 16.57347289943333, 21.558979425965898, 24.55855414623617, 32.79757590445912, 70.38359657573162, 76.91113987927388, 83.31335810300837, 92.89187311795354, 101.18010210440613, 100.42724006562487, 92.01346541416105, 83.14568764393893, 76.09916206275938, 69.68295330777677, 43.72940931504001, 45.18594053514111, 49.006008362360404, 48.06278085621228, 58.231115804898295, 67.17200547438023, 73.27218559745393, 74.4469642315414, 72.30891958018954, 63.92684092747194, 59.36948913502033, 58.36821735600164, 64.90871334608579, 65.62851825884862, 67.48090383702154, 75.74688308488824, 79.31974236140046, 85.85278917752443, 92.58074302185675, 92.15631204519705, 90.27263931585352, 85.22507653056049, 77.98174631168189, 71.98628941361648, 68.38650984536969, 71.46246749618187, 77.50860669346504, 82.86927532125473, 88.67912901871368, 84.70353508753021, 79.32125599491937, 73.61648844619603, 38.21604331438018, 39.57060548679943, 60.95808812240471, 81.55584872429819, 74.5156143658823, 85.93302122596208, 99.72164278935675, 110.19983372907397, 120.379369260143, 127.3268209069007, 127.31595760581304, 128.69630817765, 123.25665401753591, 119.3606745093809, 114.18858576767717], [17.840713833115256, 13.022942480333468, 6.673421838909632, 8.554536470057975, 0.0, 8.800681867586905, 16.77830008941302, 57.51367482915092, 63.02461276714106, 71.95489218586732, 79.57972209145633, 85.60588183605765, 80.29276952723883, 72.0867781479457, 62.67521181232857, 32.58554377638874, 26.29278666836754, 25.03202286093389, 25.828675508107303, 27.522541073376818, 25.939576831991804, 20.70320436303914, 20.485914587478614, 20.571324313476126, 26.831976837240113, 63.94685566568316, 70.54747079926675, 77.08553021311788, 87.14234577898806, 95.65390732001488, 94.63248533001635, 85.87137796757509, 76.65035194351758, 69.44979474058495, 62.96655143441386, 36.38031936005857, 36.83392294765809, 40.46126491096434, 39.96427975846007, 50.32261974316548, 59.010472565234316, 64.94494732189871, 66.17809906287208, 64.1633644438643, 55.55371067340512, 51.45568978748486, 51.18240927181059, 59.61959901532314, 59.042041918349554, 60.21007544855347, 68.08467986531772, 71.43229088984681, 78.09975303446737, 85.22617892125844, 84.75585212272966, 82.93731821442162, 78.17674242801472, 71.35340061000984, 65.98822860330912, 62.193101038164265, 64.44964329167759, 70.00924527310963, 75.19366920881667, 81.15933862768418, 77.17642221463261, 72.00139839742745, 66.79692383255309, 45.9432646016517, 46.83527177159062, 65.71242346895839, 84.59326094651739, 75.41797645947075, 84.65222866781355, 97.37801635938676, 104.63681752257509, 114.48377522855691, 121.62275919964046, 121.73131948766395, 123.8921763093721, 118.14078663766581, 114.78821887683806, 109.6466686220483], [10.483676141688898, 9.856576748946209, 11.119051120615326, 16.96131497968199, 8.800681867586905, 0.0, 8.438850278470998, 48.99983589495516, 54.578421109464216, 63.5600227136903, 71.15456171695911, 77.28188530514446, 71.80919605674212, 63.51679521733921, 54.151272526247155, 28.013387311797445, 24.771616946944643, 26.484144758017084, 30.828378242044533, 34.13687830202013, 33.16655757711151, 26.193952195189972, 21.839098647768132, 18.44767334493857, 21.05471586861198, 56.08122309743279, 62.60988099330445, 69.12610332225077, 79.36397784053624, 87.92692172886679, 86.72239021917999, 77.82375135612108, 68.45936588930346, 61.21380553047751, 54.79213004581608, 28.42602752488937, 28.574927568909743, 32.81935570546456, 33.62771192731617, 44.269268703392065, 52.54526509734334, 57.80154158912459, 58.48732617143295, 55.86038351227854, 46.97560732028244, 42.660369049780094, 42.81409061055337, 56.9935940454607, 54.91345464951049, 55.06756335735979, 62.0576835550905, 64.7112960457252, 71.14571561654226, 78.25850095186932, 78.19232006967641, 76.85462887119223, 72.84835539934528, 66.87641851127127, 62.37884897773326, 58.389781257561246, 59.531344164204754, 64.17443468665059, 68.71677320103986, 74.4288079538327, 70.88642302470085, 66.36397592946403, 62.0768942181861, 52.36515179319081, 53.463949525910984, 70.78380653749436, 88.16645590528765, 78.01979906102264, 85.38470094000817, 96.77699243029791, 100.7839704409073, 109.22746455771602, 115.68674302571695, 115.233993229125, 117.65367462771563, 111.20075540682154, 107.87695323325951, 102.59504064246703], [5.548516210643436, 12.376470048400753, 17.824944786340996, 24.141470182996827, 16.77830008941302, 8.438850278470998, 0.0, 40.73936146837363, 46.33137782247047, 55.39650332364458, 62.86780369286904, 68.90653882696435, 63.52502599352216, 55.311040850599376, 45.897550606201875, 25.719994769185202, 25.529569625747648, 29.1176208246633, 35.19943097689045, 39.20793281663254, 38.67662472422446, 31.45607739582076, 25.222541676452952, 19.724083583605577, 18.160194057381737, 48.76390393714877, 55.025192088217814, 61.29503319365612, 71.24624231521692, 79.57102583007867, 78.3272178075254, 69.65837818896891, 60.473792080516375, 53.33480879417486, 47.15635709849227, 22.556045095952744, 23.80440080896522, 29.504529711655685, 31.984215522623348, 42.54076990728966, 50.2934242236992, 54.38730753223374, 53.84412347993624, 49.79730332691401, 40.914179272004795, 35.39002422170283, 35.446976004578815, 57.758964302213045, 54.688910444052915, 53.92257523550507, 59.71706090861131, 61.32550273889161, 67.04272852789676, 73.51107074533286, 74.29728706375252, 73.80744725613174, 70.87036601653301, 65.96693621160692, 62.25393051172735, 58.192826943085, 58.385082925149, 61.93987433133804, 65.45272621232316, 70.39886702301199, 67.75059498839849, 64.22604976251488, 61.00755636585053, 56.40316343960804, 57.90403943590012, 74.47423743431814, 90.83559479394201, 81.05239441419981, 87.43896909344726, 97.63862080058728, 99.52457773326057, 105.74458129298732, 110.69100932119817, 109.05283702882333, 111.03727482295874, 103.66843140183319, 99.82329039211791, 94.36046480727259], [40.79927453996692, 49.37503715504444, 57.53443967724379, 64.47406161073847, 57.51367482915092, 48.99983589495516, 40.73936146837363, 0.0, 6.878415506104656, 16.517252879058884, 22.44597808912354, 28.681920154050395, 22.923230303709055, 14.726280123113542, 5.3037781206681345, 44.57137381774084, 53.39281223471866, 60.630420163926395, 70.1388051525, 75.69675355138502, 76.17605286351879, 68.21949415615678, 58.85348836031349, 51.13298753584563, 41.173261005183264, 22.877791244895757, 24.370660545769006, 27.3659886902067, 35.42745657415206, 42.33224353092227, 39.99146308551791, 32.13513186534502, 24.075336625721373, 18.778979221838497, 17.553982432743883, 29.263054091747293, 31.616400238333426, 37.13881881581439, 45.01522636299329, 49.71359757035373, 51.33006481032144, 48.14610801364001, 41.493354863755826, 30.061192440027657, 24.822794335793077, 14.756148052549317, 16.46506062194166, 72.59418000301466, 65.12697835386606, 60.08574430960947, 58.468212714028105, 54.29613295821128, 55.239163359479676, 57.8932656573753, 62.8750084939876, 66.70938692485674, 69.6943156727997, 70.92426354428028, 72.00318214860418, 68.40892697930873, 63.69209177427988, 60.88700669816328, 58.43148077177159, 58.81633647771749, 61.130622906202454, 63.37341572119494, 66.24968772365888, 89.8129392042485, 92.23702458917685, 104.55400113445276, 115.59571466832388, 105.7646303693958, 106.40617639558474, 110.43992253748169, 99.5940496775335, 95.12882009101784, 92.76660500654172, 85.25876712034176, 86.31062614607836, 73.21158692080466, 67.1853023397802, 60.202393923458715], [45.83429420077807, 54.09070656843655, 62.55539011696654, 69.84111643188234, 63.02461276714106, 54.578421109464216, 46.33137782247047, 6.878415506104656, 0.0, 9.730819494807927, 16.636414843375512, 24.026588734260073, 18.659830266505377, 11.26200420787863, 5.574488481350284, 47.13878020382126, 56.57547033820242, 64.04519859010121, 74.01009875391584, 79.99320680076555, 80.78115684170511, 72.42698588088777, 62.67851911217301, 54.9780496771009, 44.75296293500744, 18.946493352631617, 18.734042227527112, 20.779781549589543, 28.832393019195983, 36.58389066360181, 34.28898648191215, 25.38575355353924, 17.26059657775953, 12.626431240189012, 13.54919231514639, 32.794647279568, 36.35044540760376, 42.1407854502238, 51.048778507475504, 55.42896255630045, 56.176984084551215, 52.376933436917724, 45.65375648239674, 34.04825190072896, 28.601086270838284, 19.150421024937756, 17.732464616919867, 79.08017530113585, 71.22078421258324, 65.8053849388228, 63.54204908558962, 58.88747406851941, 59.422925278375324, 61.73362722821607, 67.07656370654064, 71.28361409586878, 74.83393512342141, 76.61073198042149, 78.14128476816035, 74.58534459259356, 69.41875384929632, 66.02280812881177, 63.05607527666351, 63.069982042092796, 65.81133409352091, 68.57167566755483, 72.00150907468839, 93.853561535067, 97.55818195432099, 110.65801976301671, 121.88193917825666, 112.50144061678117, 113.09240248848373, 116.80243472980636, 104.811938321465, 99.19377224767838, 95.65375677401734, 86.90911524200601, 87.30572671899563, 72.598475357908, 64.66963939369822, 55.401563940050906], [54.473637816801094, 62.362971599769324, 71.07137503332713, 78.68894322168032, 71.95489218586732, 63.5600227136903, 55.39650332364458, 16.517252879058884, 9.730819494807927, 0.0, 9.518242472196274, 18.711006633792664, 14.538117143088993, 11.060488381159578, 13.445875020428868, 53.278385584944196, 63.3094138877953, 71.0184692695629, 81.46555572055081, 87.8873485463358, 88.97594474764185, 80.18910189256445, 70.0408775311279, 62.386087214996444, 51.96097085778866, 18.23574823059778, 14.339389433656406, 13.251376585930306, 20.6631552255401, 29.546935759988056, 27.126833774240772, 16.390596011402817, 8.523124315103116, 7.9917452082904274, 14.005754896022776, 39.97904975400635, 44.084335812662175, 49.68438310660735, 59.427604376956346, 63.11669857291931, 62.657513106725986, 57.97247342246232, 51.141363901052834, 39.620221514673474, 34.66377015193884, 26.77055415577563, 23.727980212495478, 87.6201723673292, 79.1816624561339, 73.24503128283652, 69.99828051637574, 64.6700328853763, 64.5623923540117, 66.3630404845478, 72.12559502594887, 76.8307252503802, 81.2032421785304, 83.82755954159119, 86.069486707944, 82.60938193608784, 76.78322116322003, 72.51496570497048, 68.79502826890635, 68.24468565073776, 71.58468115778322, 75.10649421967287, 79.36217695345307, 101.49179696085957, 106.39362400476685, 119.98805797271473, 131.09910576142263, 121.94883877866694, 122.08485755803257, 125.13239109713761, 111.11905958552059, 103.90144012579142, 98.90563612008734, 88.72275041727782, 88.57507556824827, 71.94292527304384, 61.98523271125179, 49.869056060516776], [62.408144107021954, 70.62802358354563, 79.11280489088082, 86.28471783358772, 79.57972209145633, 71.15456171695911, 62.86780369286904, 22.44597808912354, 16.636414843375512, 9.518242472196274, 0.0, 9.529843309921837, 6.839901022258947, 10.314227831494753, 17.809150588527178, 62.52620673453791, 72.32372433129875, 79.82324608999593, 89.82261236523223, 95.81104246048554, 96.70959196185404, 88.56775002683757, 78.79353536399496, 71.17978833681826, 60.881636101290944, 27.41806995914751, 22.392692254995023, 18.373518881383475, 19.36799441746192, 23.697453746601933, 20.273415648220773, 14.261000602414159, 13.3953905333789, 16.918420160831392, 23.48175231112851, 48.797728450670384, 51.837225351678015, 56.522127519364545, 64.98031117866283, 67.61077610369632, 66.74445388947316, 61.142843712522705, 53.24648446534598, 41.43210030465974, 39.893138299085585, 33.42682138170348, 32.7317497046977, 90.82321986394426, 82.54016597991004, 76.53613642364954, 72.310743303196, 66.20085159805542, 64.63454746295376, 64.67435014338564, 71.35883251140218, 76.95660343204376, 82.37166849643849, 85.97495458278091, 88.69103266534991, 85.52121882985762, 79.52125181257682, 74.54280657849316, 69.76298190946603, 67.79891093213443, 72.30421684563144, 76.8508699038757, 81.82756954138922, 108.67200221141589, 112.35652218656396, 124.23796640519414, 133.8899233891514, 124.95835310840063, 124.1617232334894, 125.97319600263955, 110.60404097379902, 100.80123512115644, 93.76349677729468, 82.16776830401392, 81.57484418265602, 64.01732067419995, 54.34982551973617, 43.93089753713074], [68.88722339338507, 77.4058665720161, 85.55797193369085, 92.11715323466443, 85.60588183605765, 77.28188530514446, 68.90653882696435, 28.681920154050395, 24.026588734260073, 18.711006633792664, 9.529843309921837, 0.0, 7.274341740903364, 15.571980022868418, 23.672856241286688, 70.65705782335009, 79.98527984967222, 87.0977144581239, 96.39431205589683, 101.77963349240501, 102.4529226518276, 95.22087326079208, 86.05049755234438, 78.58668951783713, 68.60078935578146, 36.63398405641375, 31.429649460368534, 26.475591612066484, 22.663385803068483, 20.336449836507107, 16.125103286182977, 18.556856524449902, 22.061309981739004, 26.225407300002647, 32.690403514606466, 56.797796693103244, 59.23083154351943, 63.373925073547056, 70.33448273741503, 72.31860389875892, 71.62857771773292, 65.5758621237586, 56.75978642072245, 44.84614304515756, 46.276946011686846, 40.450360734246274, 41.23177637588842, 93.46285264799286, 85.80114611936341, 80.07272401174058, 75.34567094864846, 68.77245179892138, 65.84693522263144, 63.8825001039341, 71.48931155029759, 77.88546472638284, 84.06034217666432, 88.29559168398616, 91.0996196003592, 88.22405949066255, 82.47519118472954, 77.22375915135578, 71.67226711054522, 68.30824265200471, 73.87528841101047, 79.16734940694565, 84.45979134814337, 113.60606876087846, 115.91451160226352, 126.02714224715476, 134.25347823730846, 126.01715508282896, 124.71987523062641, 125.5135954421513, 110.03229443418768, 97.6442305309463, 88.27046500503332, 75.01481669863254, 73.39405187072198, 54.979578569731025, 45.591400955478576, 38.35659474771047], [63.659779268266085, 72.21024111792052, 80.39057828791694, 87.12256367905957, 80.29276952723883, 71.80919605674212, 63.52502599352216, 22.923230303709055, 18.659830266505377, 14.538117143088993, 6.839901022258947, 7.274341740903364, 0.0, 8.737441758443603, 17.700209319541084, 65.74272244102181, 75.21961479399036, 82.57466182770851, 92.1561785239662, 97.67465926294274, 98.25203528694779, 90.63765588948667, 81.21130367416177, 73.53979959585727, 63.34937589495418, 32.72661940824337, 28.47955548649187, 25.11058479313343, 25.359875768573215, 26.53845581536516, 22.56937570109107, 20.46301976256002, 20.02275385030975, 22.428076778955727, 28.158244045795648, 50.98085735384792, 52.60589743327062, 56.381887616965535, 63.45855341374366, 65.3355899943232, 64.48961108163833, 58.513598006380555, 49.90264152566812, 37.97999833804315, 39.03767606238028, 33.63063948192258, 35.51830914983715, 87.30317290387407, 79.2406379569805, 73.33179784611373, 68.67932524285709, 62.24714724944099, 59.877463568218346, 58.95350227802767, 66.06439907476347, 72.06981636814687, 77.91987396628461, 81.95867348483051, 84.85065792424447, 81.88079478351034, 75.91563318522866, 70.68428913499012, 65.40870653860142, 62.678605955722475, 67.75876201544195, 72.76949040759933, 78.01846761777728, 110.43649109026255, 112.44367125541889, 122.55459168644353, 130.99540758431218, 121.62759759231645, 119.98496834333706, 121.05531989751172, 105.0755894674416, 94.35230693663284, 86.95100252179952, 75.4884390385982, 75.52403890411657, 58.7389437817711, 51.67670291264019, 45.25310966667315], [55.49708712825005, 64.0335151857398, 72.22743223981055, 79.11571007085348, 72.0867781479457, 63.51679521733921, 55.311040850599376, 14.726280123113542, 11.26200420787863, 11.060488381159578, 10.314227831494753, 15.571980022868418, 8.737441758443603, 0.0, 9.499655836445601, 57.97895308733992, 67.4234575654013, 74.89520649917479, 84.63397284433549, 90.25244941685425, 90.7701737509612, 82.84954478830363, 73.28178820735592, 65.49205414435902, 55.231347618495406, 27.495373957886187, 25.008268134474665, 24.12322110575953, 28.605795960596602, 32.92425552195358, 29.508207603987714, 23.851285362239036, 19.0446936932585, 18.278234466043624, 22.23905172929111, 42.60433129067674, 43.88594939743071, 47.80478669782102, 55.233588723272234, 57.67542993618174, 57.25285235025578, 51.91058425753868, 43.8054410989573, 31.729267770124302, 31.032515456876098, 24.940019480645038, 27.551170487225168, 80.51008912562405, 72.29978019984695, 66.43887599620446, 62.509516609758045, 56.65363422917293, 55.440068082547526, 56.067291445180494, 62.38217818979488, 67.6433204571168, 72.62806325856556, 75.89475955081487, 78.42928472874512, 75.24181438620315, 69.39746559745117, 64.71347922903446, 60.254182927055375, 58.67750266111141, 62.80371747456077, 67.00248598699395, 71.69577361745453, 103.81281332191809, 105.82377232926574, 116.49645789052921, 125.69475825431168, 115.62254826369494, 114.34766351953014, 116.29288102618949, 101.25915935485612, 93.00400483669416, 87.92253148489462, 78.37322996121941, 79.44026844091967, 64.33413184310342, 58.38614939899607, 51.90245605776441], [46.07181454731343, 54.67228219208385, 62.79837524774662, 69.63904310642634, 62.67521181232857, 54.151272526247155, 45.897550606201875, 5.3037781206681345, 5.574488481350284, 13.445875020428868, 17.809150588527178, 23.672856241286688, 17.700209319541084, 9.499655836445601, 0.0, 49.566312615586405, 58.56882506926723, 65.84558274355031, 75.35194406560257, 80.85786626343264, 81.32193124349597, 73.49022003418916, 64.1266820006462, 56.400506501176075, 46.36795399327092, 24.20182783834182, 24.146090555233286, 25.76416328220113, 32.61766297122407, 38.563308586350786, 35.873315764291945, 28.848947255054227, 21.736338531241984, 17.797604660044733, 18.655107953441625, 34.20567780682929, 36.03627894166685, 40.868933260320574, 48.40693809596755, 52.21998654992571, 53.14776799286572, 49.12172751659311, 41.7554943606177, 29.809531302064546, 26.54608019671976, 17.97345681003521, 20.3888077682609, 74.95203727922032, 67.26664921187968, 61.94522621682086, 59.46080998776923, 54.62659127711429, 54.70986574762619, 56.52647335025798, 62.078314546316065, 66.49165033005148, 70.23838061917354, 72.22939211431404, 73.81822825000597, 70.38027682728863, 65.27951381262851, 61.78316549828677, 58.54617965709224, 58.13550793726617, 61.18099940455679, 64.17830146359023, 67.72548982379112, 94.66285920044588, 96.77067070037565, 108.31625972664168, 118.58196244809024, 108.71476252776317, 108.64720035092344, 111.8829541336343, 99.62124391931549, 93.68165260899003, 90.27006467020246, 82.00131596268001, 83.00452876190472, 69.25525698944745, 63.33255686280998, 56.751382206141606], [20.498315362527748, 19.719749690911115, 27.753151901966508, 37.43462173981699, 32.58554377638874, 28.013387311797445, 25.719994769185202, 44.57137381774084, 47.13878020382126, 53.278385584944196, 62.52620673453791, 70.65705782335009, 65.74272244102181, 57.97895308733992, 49.566312615586405, 0.0, 11.447505165993379, 20.49343185568913, 33.628361719818415, 42.60983875108087, 44.85553997237997, 31.94921424429996, 19.72961812727347, 13.159693665385111, 7.868890480688431, 39.113128512026556, 46.28881464417046, 53.64524057394692, 65.33128174788334, 77.23486605090142, 76.75856733835168, 64.67170103037063, 54.884663375566205, 47.836917902097596, 40.61366913065251, 18.297064860212796, 28.541030698356533, 37.39979523245048, 47.98009017791891, 57.81550947763005, 62.02734094737505, 64.97789482554941, 65.41071639209949, 60.42444631649175, 46.46775886995447, 39.5613129734343, 31.383661668958265, 79.64222716234379, 73.87643661643737, 71.07082830210456, 75.1487919420912, 75.74618931793057, 81.96026384863224, 89.69070175908251, 90.70968298048733, 90.51028365877343, 88.4999107682743, 84.74158296589681, 82.77111645245496, 78.49714487383072, 76.401950536781, 78.10936748683092, 80.92222636851682, 86.41923769867321, 83.87777983760972, 81.1396244623079, 79.58411219635305, 60.89255754810091, 72.65584385327607, 95.57453554999086, 114.45698398327842, 105.87384557598241, 112.5344331213418, 122.67083961333991, 120.53009463929996, 126.0312285633343, 129.75676288049524, 125.84242252257151, 126.8319676679569, 115.36531032371225, 106.29563004840436, 93.44804359207642], [20.396203057910213, 14.985560264122391, 20.182500887353132, 29.09523459360556, 26.29278666836754, 24.771616946944643, 25.529569625747648, 53.39281223471866, 56.57547033820242, 63.3094138877953, 72.32372433129875, 79.98527984967222, 75.21961479399036, 67.4234575654013, 58.56882506926723, 11.447505165993379, 0.0, 9.171428547402797, 22.475328480793817, 31.7505848913903, 34.24414402859049, 20.837466694248718, 8.799460018809501, 6.416820424588021, 13.393255535366077, 49.91544485012031, 56.91933131375018, 64.01502278810956, 74.98570627214828, 86.22573792333783, 85.94162052013088, 74.64590074814173, 65.25826602048565, 58.296073736219505, 51.23445498499351, 27.529848322662062, 35.70863143723877, 43.506388189858995, 51.502321199510114, 61.91695657891614, 67.46235330244615, 71.55196647420584, 72.47653756072017, 68.21479835562377, 55.16741900742831, 48.62678086098067, 41.730108827683175, 80.23982230254943, 76.11401827568413, 74.5441630449206, 80.0010692024855, 81.55159810377921, 88.11902772946611, 95.81876037931977, 96.41602259039995, 95.66351269482597, 92.66619582644351, 87.75245334585927, 84.60307875301508, 80.4169088307674, 79.71347236572242, 82.73584891180327, 86.44413005562654, 92.26517921206782, 89.17444611338836, 85.53455795243816, 82.71608046281969, 50.64946797091176, 63.60114582076849, 88.33877705813094, 108.69666525433591, 101.35413350434295, 109.98321120772131, 121.54309624482278, 123.27963509134896, 130.32220145468233, 134.82134801245948, 131.61128262061715, 132.2363144175552, 121.88147648469956, 113.11608247544967, 101.20292803489019], [24.648621273950255, 17.33932372253529, 18.382401756867708, 25.02989733294527, 25.03202286093389, 26.484144758017084, 29.1176208246633, 60.630420163926395, 64.04519859010121, 71.0184692695629, 79.82324608999593, 87.0977144581239, 82.57466182770851, 74.89520649917479, 65.84558274355031, 20.49343185568913, 9.171428547402797, 0.0, 13.52787099907006, 23.2156873535406, 26.195475646595785, 12.79394166051486, 5.393010222964537, 11.693859998725186, 21.639476379074633, 58.12782446221166, 64.92917727004452, 71.754315816099, 82.0433298137804, 92.73567097651006, 92.66168715656164, 82.02973796367169, 73.07332670185455, 66.27335096073098, 59.40614986333756, 35.96328388656292, 43.38940487256185, 50.61620557904112, 56.84444496907646, 67.45528614931159, 73.84268530203437, 78.48590808952494, 79.48329770814827, 75.43597001608474, 63.12313288479552, 56.53414832305285, 50.08216140237586, 82.92147345245357, 80.14502540713407, 79.4712390282464, 85.73438318122498, 87.78986439567754, 94.39045113568434, 101.80827517712353, 102.28917905059934, 101.30550665636048, 97.76738502533293, 92.15867179422315, 88.16926769486058, 84.10112674801375, 84.4266328623797, 88.27423374540173, 92.42968240355461, 98.25795868441749, 94.9776102776472, 90.86846976959363, 87.25043576164582, 42.141058771584404, 56.734511354884425, 83.2788414112337, 104.89055466189812, 99.13089791052008, 109.5311146985524, 122.12899454005162, 127.04454664019083, 134.79416878839095, 139.45784381650012, 136.4557320235502, 136.50942450262957, 126.81424511178183, 117.95844611406612, 106.57391935624423], [32.11355290826223, 24.52169588919465, 20.460906881260904, 21.284398170034077, 25.828675508107303, 30.828378242044533, 35.19943097689045, 70.1388051525, 74.01009875391584, 81.46555572055081, 89.82261236523223, 96.39431205589683, 92.1561785239662, 84.63397284433549, 75.35194406560257, 33.628361719818415, 22.475328480793817, 13.52787099907006, 0.0, 10.074004418342097, 13.86844556224367, 5.960648032622042, 15.4280017762334, 23.034827466705362, 33.502846242073936, 69.85643298948436, 76.36333741073057, 82.77721550090453, 92.07757005989396, 101.67913408681125, 101.77789317187475, 92.34351045688702, 83.96734511902521, 77.35044842221812, 70.79708146757554, 47.52743509592, 53.80667150152533, 60.22267753997839, 63.80020979096601, 74.4444482976478, 82.02487013177507, 87.29212445259854, 88.18336262815977, 84.40824771549802, 73.46859449721664, 66.88966887403986, 61.47471220628122, 85.36161816105161, 84.68424147069658, 85.32965005216217, 92.60224269073977, 95.28306422099855, 101.74168480545697, 108.53511850858627, 108.91105729842678, 107.68076063955944, 103.4710280081627, 96.9863657187937, 91.80855307502217, 87.9898458974056, 89.83840514424803, 94.79545341131775, 99.45565820465264, 105.10714134959592, 101.68518228325551, 97.02510915437138, 92.33120390658623, 29.25182978909221, 45.25209080052602, 73.92847009478851, 97.04229668581891, 93.78428053374475, 106.70029500099471, 120.61797279025758, 130.32391096305838, 138.85140246107522, 143.6884945416995, 141.12367996601748, 140.45367046473018, 132.08821520152082, 123.69255434254264, 113.87731016889722], [37.28128917602247, 30.31453577299118, 24.13033967426754, 20.44213512586653, 27.522541073376818, 34.13687830202013, 39.20793281663254, 75.69675355138502, 79.99320680076555, 87.8873485463358, 95.81104246048554, 101.77963349240501, 97.67465926294274, 90.25244941685425, 80.85786626343264, 42.60983875108087, 31.7505848913903, 23.2156873535406, 10.074004418342097, 0.0, 4.769996196954038, 12.1729159028603, 24.122131188481774, 31.168033955611573, 41.40291226534008, 77.58523074734573, 83.88518737542755, 90.00537851951493, 98.64779687514708, 107.28450185201343, 107.38473164424943, 98.94404501312872, 90.92436970522391, 84.39821330825056, 78.09400744343515, 54.84091347830815, 60.07295890945492, 65.80135557545651, 67.32062509394738, 77.78821556067487, 86.20148151113395, 91.81649473470428, 92.52684818967948, 89.00194949113758, 79.32831598766965, 72.91068499726927, 68.60080066659357, 85.10948276331551, 86.03356874718817, 87.64883940263316, 95.54241159955937, 98.62190732749168, 104.8545206205593, 111.06447604636969, 111.37134746799472, 109.99963502093877, 105.36956110011431, 98.3454795228994, 92.3432798569312, 88.76563964026293, 91.73195384278212, 97.4338507755848, 102.37344631681606, 107.78139396048606, 104.32751666048519, 99.34695853287802, 93.93109905819347, 20.954947299142077, 35.68104701937726, 65.29749003785032, 89.1736289099197, 87.65858691211494, 102.23648338095357, 116.93001782892233, 130.10486539023117, 139.06756582606565, 144.06946313362056, 142.01351312758578, 141.0084255451379, 133.94179379080418, 126.45455627500948, 118.42017748727913], [37.41347651024852, 30.730743059558293, 23.651221230534503, 18.099067448558948, 25.939576831991804, 33.16655757711151, 38.67662472422446, 76.17605286351879, 80.78115684170511, 88.97594474764185, 96.70959196185404, 102.4529226518276, 98.25203528694779, 90.7701737509612, 81.32193124349597, 44.85553997237997, 34.24414402859049, 26.195475646595785, 13.86844556224367, 4.769996196954038, 0.0, 14.30598554003006, 26.259441871225313, 32.82484251062515, 42.86746725929178, 79.38509296046959, 85.67073442071501, 91.75342786089755, 100.34150335538354, 108.60382494181796, 108.56819203939084, 100.46145487371523, 92.41485772129879, 85.82677320688016, 79.57305558964192, 55.857497483127474, 60.22156785260081, 65.43002612295534, 65.87476864072869, 76.18381407707248, 84.94568620704263, 90.76138444458245, 91.49746495433996, 88.29524371131767, 79.26132203619852, 73.18937368700334, 69.72809833776327, 81.963739785274, 83.4994526494615, 85.52718585992639, 93.70175231113515, 97.01277707060697, 103.20742424343506, 109.28080637591465, 109.43356363907499, 107.91660065657837, 103.05377238056074, 95.7891243278643, 89.4745330465944, 86.00328530790651, 89.42068026966808, 95.45499550461335, 100.56834143368815, 105.95008618527474, 102.39542988916608, 97.22806603113635, 91.49271713990771, 21.048829389819332, 31.906056279361433, 60.8719772526173, 84.67771615474321, 83.03301229273961, 97.86130588164875, 112.75843309795658, 126.9426623153049, 136.30712153622827, 141.70773970716036, 140.19672134397513, 139.45415553320703, 133.15907137777543, 126.59887797437852, 119.67565218235451], [28.77217440147791, 20.53982906992336, 15.340819430722037, 16.57347289943333, 20.70320436303914, 26.193952195189972, 31.45607739582076, 68.21949415615678, 72.42698588088777, 80.18910189256445, 88.56775002683757, 95.22087326079208, 90.63765588948667, 82.84954478830363, 73.49022003418916, 31.94921424429996, 20.837466694248718, 12.79394166051486, 5.960648032622042, 12.1729159028603, 14.30598554003006, 0.0, 12.499737189265776, 20.04160458590451, 30.858059718787384, 68.85604430735832, 75.5617454046151, 82.19211096084722, 91.98293591463465, 101.65702297840122, 101.48565287194856, 91.86432070680031, 83.08371000045148, 76.21686348267045, 69.49855669971308, 44.72010527323402, 49.86601290856787, 55.68264326765328, 58.72991595549925, 69.29821003886634, 76.95156877077463, 82.5202410059132, 83.80826449053237, 80.64275454220089, 69.82352312037533, 63.939333382253366, 59.42766243873978, 80.08419671169979, 79.3135945411015, 80.04195098598335, 87.52765037409688, 90.48711413617697, 97.20871312262815, 104.36858721033683, 104.37232521956311, 102.8429980711812, 98.36247382019107, 91.69617547042435, 86.50959645227285, 82.69048860787132, 84.57328430796572, 89.70781427329105, 94.64267498871793, 100.5972625390763, 96.85307987086975, 91.93505606660021, 87.07356120621208, 32.93442954481619, 45.596170126648424, 72.64097044480239, 95.13606478298945, 90.30419636098893, 102.44939657235403, 116.27979172541828, 125.33374404805255, 134.64580222294154, 140.35555152908935, 138.58813863412425, 138.75000082384366, 130.9251560368696, 123.63541194215136, 114.57288108240736], [21.13209335200857, 12.968643249719955, 13.848352501970947, 21.558979425965898, 20.485914587478614, 21.839098647768132, 25.222541676452952, 58.85348836031349, 62.67851911217301, 70.0408775311279, 78.79353536399496, 86.05049755234438, 81.21130367416177, 73.28178820735592, 64.1266820006462, 19.72961812727347, 8.799460018809501, 5.393010222964537, 15.4280017762334, 24.122131188481774, 26.259441871225313, 12.499737189265776, 0.0, 8.269875612243569, 19.216538292121527, 57.70383939649715, 64.65724361586551, 71.63281219337154, 82.2717160504052, 92.84875104692973, 92.50989817275988, 81.87929895532221, 72.59257766026877, 65.55976362359934, 58.57532324346276, 33.44714592748678, 39.61731278947064, 46.291331468759, 51.94147047475239, 62.53649017419059, 69.0866022026309, 74.01864726161214, 75.31976846340586, 71.81575919402968, 59.727991024783584, 53.79105346372174, 48.42514864069464, 77.80600392819622, 74.99416668450479, 74.42107718928861, 80.89757444594134, 83.20645501330291, 90.0122065904784, 97.69348511341268, 97.86336159915581, 96.63036990522656, 92.85223614956075, 87.07629608242233, 83.04767880244549, 78.9833823626735, 79.37757223774919, 83.4097366698126, 87.80627433878739, 93.86671206721451, 90.32135027924045, 85.98404647163564, 82.19567971914205, 44.11659836842169, 56.20517740956242, 81.32300956225993, 102.33263901829447, 95.37811072161801, 105.13301874008732, 117.6211154536265, 122.12143410018882, 130.49924585952968, 135.89957862016917, 133.62908672577817, 134.3901073298647, 125.31717296532872, 117.60057923417077, 107.20005744185688], [14.973485493920979, 8.80700530416452, 14.982305484039964, 24.55855414623617, 20.571324313476126, 18.44767334493857, 19.724083583605577, 51.13298753584563, 54.9780496771009, 62.386087214996444, 71.17978833681826, 78.58668951783713, 73.53979959585727, 65.49205414435902, 56.400506501176075, 13.159693665385111, 6.416820424588021, 11.693859998725186, 23.034827466705362, 31.168033955611573, 32.82484251062515, 20.04160458590451, 8.269875612243569, 0.0, 11.040743865486784, 50.28216676396861, 57.325021882880876, 64.41829158041357, 75.4337060629254, 86.14125023949671, 85.57970060013353, 74.71213203299192, 65.14139846307356, 57.96409027114718, 50.901301181857775, 25.18637596382427, 31.728940308229692, 38.98849640848349, 45.84937070153704, 56.3920200298149, 62.46934812086287, 66.87943014873615, 67.8693710280247, 64.03813823162243, 51.64454790275388, 45.628274197906606, 40.37059600414887, 73.90998506673893, 70.05888660278875, 68.77344579718707, 74.5622323103245, 76.38168857471773, 83.02209277132343, 90.736674707134, 91.12093696863865, 90.18768134738472, 86.94057922620732, 81.79528732986117, 78.42213461990997, 74.25870510688964, 73.85254939903277, 77.19918341849247, 81.13482862475473, 87.0337699422396, 83.77143191377574, 79.90289496589482, 76.79133086464623, 50.70444871237578, 60.86717942973348, 84.0156060557846, 103.70158485790675, 95.51167482360847, 103.71102726109386, 115.19285132800162, 117.15466822100245, 124.63931075714966, 129.72527332228313, 127.2429971203679, 128.42691065542422, 118.97704828094845, 111.59755718074206, 101.28606849425789], [13.248794070031204, 14.197904787917475, 23.089639449076852, 32.79757590445912, 26.831976837240113, 21.05471586861198, 18.160194057381737, 41.173261005183264, 44.75296293500744, 51.96097085778866, 60.881636101290944, 68.60078935578146, 63.34937589495418, 55.231347618495406, 46.36795399327092, 7.868890480688431, 13.393255535366077, 21.639476379074633, 33.502846242073936, 41.40291226534008, 42.86746725929178, 30.858059718787384, 19.216538292121527, 11.040743865486784, 0.0, 39.87945206335431, 47.01936336688334, 54.266439992396826, 65.80682837943468, 76.83843477135055, 76.02939184298609, 64.6943384857868, 54.76751974099818, 47.44671887398929, 40.27614754444302, 14.3532599932052, 22.94626533806726, 31.611526194691614, 40.96570218974487, 51.074716579204754, 56.05535781666135, 59.33162971990196, 59.64201893593682, 54.9705601784579, 41.85403441136183, 35.319575472142155, 29.465901018469282, 72.03642667001056, 66.61038456033927, 64.12096611055827, 68.56028213666292, 69.40575910948405, 75.6276830215709, 83.25520711668369, 84.12983163243655, 83.80600837820352, 81.56708376721237, 77.57861571573777, 75.33024592130008, 71.07422715008428, 69.33112423842627, 71.39781694969908, 74.40865068858491, 79.89996376188601, 77.24988503451493, 74.30493490542044, 72.43269196700669, 60.06139428291932, 68.88278713315705, 89.93963517463595, 107.97079382483956, 98.63401122257547, 104.83609136503414, 114.82363326662366, 113.08541520321836, 118.8904536838395, 123.14249176626481, 119.98951749561257, 121.52534155179816, 111.16667153044934, 103.76882002156839, 93.0675202338825], [46.253242053206904, 52.48261900420753, 61.63141805392826, 70.38359657573162, 63.94685566568316, 56.08122309743279, 48.76390393714877, 22.877791244895757, 18.946493352631617, 18.23574823059778, 27.41806995914751, 36.63398405641375, 32.72661940824337, 27.495373957886187, 24.20182783834182, 39.113128512026556, 49.91544485012031, 58.12782446221166, 69.85643298948436, 77.58523074734573, 79.38509296046959, 68.85604430735832, 57.70383939649715, 50.28216676396861, 39.87945206335431, 0.0, 7.4251710917468445, 15.253008627180279, 28.742421135094848, 42.18590249870287, 41.208164681107405, 26.993847063133888, 16.62280230246495, 10.525516278843, 5.689163832648696, 29.484167577678924, 37.29006103163722, 44.95745106426965, 57.6712410089136, 63.33552130654962, 63.258986866136965, 60.500190691486935, 56.411422649254746, 46.77192110592561, 35.61656617331443, 26.67979057073346, 15.436789474982321, 89.94538468775902, 81.24606874603684,