{
	"dissimilarities": [[0.0, 7.369402442386286, 14.766467676348126, 23.08878163490217, 16.780716205995798, 10.582931169853653, 7.0447656308349265, 40.94455900210476, 46.87792043439648, 56.2236020331906, 64.53990140522876, 72.81970974931274, 64.96604306777775, 56.68482545851199, 48.3066102317382, 18.217654755466217, 16.804506972404933, 18.1979704886898, 25.288667909887742, 31.54681701211469, 30.82131360517278, 20.584212379406065, 13.239281530144035, 8.752952440462245, 11.039905180075555, 46.37335264868157, 55.30117993752808, 64.24630666148607, 73.46109085922974, 81.96450581119048, 78.24135930420083, 71.55214427353872, 63.471406570811276, 55.06602516872749, 47.02089146989202, 17.240370860162, 25.263831436368594, 35.590176859249055, 37.73766428074092, 44.90237457273392, 54.00146373851272, 57.87648585388358, 58.487737875068476, 56.21760855051664, 46.05809282075327, 36.57209799960429, 34.73786238606103, 59.22912945036269, 57.201039540893426, 57.57073527928082, 61.81089799578159, 65.32793759446488, 69.22800968371769, 78.67370548729852, 83.70694202138652, 81.95803542020558, 80.50704597475462, 75.645567039206, 69.66654436636797, 60.13020145262157, 61.337023096163335, 65.17086050839193, 68.45659649513573, 77.25498983744694, 75.85321387304897, 72.59799706391799, 68.6726412792534, 49.68304403454475, 57.0708245871635, 68.35342275928727, 77.5389565563104, 89.17782508977669, 98.51805731450129, 109.89884515911845, 109.67015781610849, 118.74176724741476, 122.24950790352632, 116.25296426057825, 108.24827864559813, 104.01598413560703, 97.62553135627715, 95.71432318628841], [7.369402442386286, 0.0, 7.39737141627721, 16.266119518453714, 10.719708144920228, 7.440819359077669, 9.871146488719631, 48.23165323868509, 54.228263165325416, 63.577334291613084, 71.8714484020277, 79.99565656339068, 72.2480748840766, 63.97467458579923, 55.57831145207492, 23.07580289044838, 18.500718597797466, 16.148989457395096, 20.39116518942812, 25.43944803750518, 24.205247971556165, 14.89003974949446, 10.109532853651649, 11.329761205516862, 16.39569936732953, 53.50998638374079, 62.48466432512283, 71.43919744904804, 80.61912267835862, 88.96326609902472, 85.40471286593484, 78.80965305540879, 70.74978713530031, 62.37440719481235, 54.31227048095324, 23.869458579589228, 30.849509934024738, 39.703697052475476, 40.0850200284181, 47.42640772518042, 57.47809066881559, 62.08576899943659, 63.49679955750533, 61.974206098926075, 52.046485481219825, 43.545016697450656, 42.01633656953976, 59.230480189595966, 58.591358227674974, 60.06711109047751, 65.21086587015724, 69.41838063971497, 73.87831021657112, 83.76614324284665, 87.76185898024434, 85.3508685300826, 83.150060851846, 77.35425178108702, 70.33120052305831, 60.39667962844006, 63.3717452430571, 68.37678579453109, 72.33832461619788, 82.17173033085014, 79.57117635349603, 75.50072402853078, 70.64009775124438, 44.316530269332965, 51.8189009150531, 64.03560962981942, 74.27881083814198, 86.45797961140919, 97.05000728987255, 109.45341601228728, 111.6078709014847, 122.016554564214, 126.42635295451163, 121.35219665173183, 113.77417696476016, 110.05744925576928, 104.05238727760536, 102.3084281602869], [14.766467676348126, 7.39737141627721, 0.0, 10.16645900999172, 7.519976141202443, 10.370870604336265, 15.93968554257031, 55.560796583536955, 61.60518065155659, 70.9564652996023, 79.2291386027731, 87.21308330605278, 79.56437397253747, 71.30155609544171, 62.89152665745096, 29.072433965666878, 22.660634399557445, 17.339598166671713, 17.338215216532582, 20.1496634979977, 18.12810796436922, 11.3503776934184, 11.795551443627597, 17.04981622314153, 22.9553403092262, 60.739737216237494, 69.73932797532966, 78.68956866784904, 87.82713735989756, 96.01995013736789, 92.60899081558553, 86.10469962020288, 78.07115622866236, 69.72535248036789, 61.655342549407656, 30.889885485096205, 37.124310136251104, 44.725092432480466, 43.603827682218395, 50.938407233043534, 61.693046732464516, 66.89061469858105, 68.9657312346934, 68.07356956052548, 58.398876486466186, 50.66818993856298, 49.3606157373221, 60.14149374297498, 60.86937536980188, 63.35864469242584, 69.26399819662917, 74.04997293992955, 78.9703443070755, 89.18815399552479, 92.24095740533404, 89.24237830901734, 86.36038121232579, 79.72407366077866, 71.75256913977927, 61.552094785851565, 66.19110247889212, 72.2239389980179, 76.7602614849139, 87.44615908904521, 83.78935631996859, 79.0037094722184, 73.31236000357265, 39.526080079199275, 47.04510997443003, 60.23024071769774, 71.56194408077157, 84.23872135245873, 96.08449595288752, 109.46860477913157, 113.99418668782997, 125.62517258901931, 130.8645985374942, 126.65468787520777, 119.47736522419976, 116.23306686909733, 110.57931871272221, 108.99268479584995], [23.08878163490217, 16.266119518453714, 10.16645900999172, 0.0, 8.013676675201582, 15.0606924599993, 21.57529167770189, 62.31566442883276, 68.78891980257018, 78.17848865882904, 86.19573487024313, 93.29204277746217, 86.07176636372866, 77.92300483902659, 69.48074312989482, 39.02053058803604, 32.79544055083196, 26.766104221156294, 23.055025003118818, 20.818411162183175, 17.155392787047372, 18.432555460470095, 21.77147695483733, 27.01801575091631, 32.56300062240633, 69.42029826827434, 78.211487584517, 86.81732700886721, 95.3549639277371, 102.59887057670099, 99.38406521285546, 93.6366768613233, 86.04680170965294, 77.78407331471152, 69.88080861853199, 39.72882662662489, 44.31273065032339, 50.11538045967464, 45.4370639628454, 52.56898753962608, 64.69952206203743, 70.25292108951761, 72.44119427943659, 72.28475447707258, 64.17837196313968, 57.52173029160156, 57.43821199332003, 56.75367575478043, 59.95743675523883, 64.08846337729423, 70.83604399888972, 76.17848640385911, 81.34652892712336, 91.1773219185615, 92.97069891335288, 89.51824426348638, 85.86873638599072, 78.20936955487976, 68.7706065489676, 58.45260321978406, 65.80810614316131, 73.26314984203199, 78.32548652558906, 89.29616555011535, 84.4073275109464, 78.91132198842386, 72.18081978980389, 36.43915510291802, 38.61390701976895, 50.7725540215423, 62.607387925168176, 75.70463876572111, 88.89438274117349, 103.29983862133479, 111.71313066323575, 123.98753027610027, 130.18063656781754, 127.43071207772128, 121.10412954396912, 119.02489678680651, 114.86016392442903, 115.04368949594388], [16.780716205995798, 10.719708144920228, 7.519976141202443, 8.013676675201582, 0.0, 7.483198830034785, 14.670500290059467, 55.495728383792695, 62.084292105118735, 71.5022441599458, 79.59077205350934, 86.95451309432299, 79.32785756028579, 71.06651210065414, 62.70081849095495, 33.155677492465315, 28.38967578121744, 24.410412071154457, 24.613438988056384, 25.678781506913037, 22.77520288354465, 18.681069083712636, 18.394307404855315, 21.55194583781692, 26.306133722763388, 62.820273768680806, 71.74617281646753, 80.5903367563797, 89.4152256486683, 97.06079721598839, 93.44485211679368, 87.41759855988538, 79.61324540646085, 71.15477369031068, 63.16252426067142, 32.642677866738154, 36.376715699471085, 42.20778054137934, 38.422513878851404, 45.684479144668906, 57.357636998676945, 62.76734315001374, 64.9907719546303, 64.77842825080623, 56.267600286640814, 49.951034236489015, 50.330640980834765, 52.900677370442594, 54.41610910557885, 57.65545352236949, 64.01911045539325, 69.15903129374443, 74.31443003331871, 84.62174921782804, 86.7510282807953, 83.40513058938402, 80.1341531657797, 73.07398695785125, 64.63196176697195, 54.380582165239, 59.96221893140925, 66.69582319010186, 71.55589983748055, 82.72593527289116, 78.16268458456086, 72.95502686872291, 66.79555374361775, 43.08141856307076, 45.459998234072835, 55.59966695670571, 65.50512469265297, 77.52338580538012, 88.79353141442435, 102.11522799805053, 107.14508286416167, 119.44024681636388, 125.56237454942845, 122.48115733856633, 116.15152997605946, 113.92582689985633, 109.95735143078727, 110.31090051262126], [10.582931169853653, 7.440819359077669, 10.370870604336265, 15.0606924599993, 7.483198830034785, 0.0, 7.443642617668112, 48.072254101582566, 54.68467358839446, 64.1037944982344, 72.20565923823247, 79.69777819591611, 71.92793300188774, 63.637519672462766, 55.29130215892772, 27.750829213988926, 24.9108429308731, 23.35812057449394, 26.774708035790233, 30.04493777391188, 27.901047560128074, 20.86951248686538, 17.092453821546663, 17.06678126546204, 20.519637612629012, 55.70118020310677, 64.58684002366725, 73.43605936357079, 82.30202600433702, 90.09976239922308, 86.297199289578, 80.18197337804553, 72.35142076359428, 63.850447127908055, 55.878461769713454, 25.80863175321271, 29.618190587109034, 36.51646270610968, 34.16744024158481, 41.53413978864941, 52.557495108938866, 57.40521804228388, 59.00069271597468, 58.20197362105505, 49.42314244362991, 42.52966999412866, 42.97225376741716, 51.84907404226946, 51.74641417005029, 53.863288580043914, 59.4573831422366, 64.03449808696044, 68.76816935819413, 78.85775916773297, 81.93078683948359, 79.15757395566472, 76.5901322581428, 70.41770383276106, 63.0349152784547, 53.05034001055542, 56.726387840248414, 62.377744652321034, 66.67243806794917, 77.0919666907636, 73.56317884793772, 69.0726763323083, 63.78851948680657, 47.70687273045346, 50.687378089050185, 60.00271980151468, 68.73365243659305, 80.16003829825439, 90.01044824322248, 102.25013545799875, 104.59326457987005, 115.71972767961833, 121.04700925554606, 117.10983162005134, 110.4036575696965, 107.73357299349885, 103.49748984873206, 103.77693168380242], [7.0447656308349265, 9.871146488719631, 15.93968554257031, 21.57529167770189, 14.670500290059467, 7.443642617668112, 0.0, 40.87169644137239, 47.47397474309994, 56.88773770686906, 64.9338203970457, 72.3522736607231, 64.71094472202671, 56.473234497321194, 48.07452075877293, 24.303645290568657, 23.765580112637416, 24.491782129251842, 29.826532357558982, 34.261816084007336, 32.76111913523171, 24.72346393634571, 18.898204373942516, 15.58793253157278, 16.993799367147247, 49.120193987458364, 57.77346402205887, 66.38255582397112, 75.02140110417983, 82.67814487531957, 78.88374974605661, 72.9139884253778, 65.26302437825451, 56.86357733197507, 49.032695408661645, 20.66944624567127, 25.43041061422897, 34.007768803818436, 33.09910755797827, 40.33054009380726, 50.57417919142923, 54.51163223365505, 54.90373029014245, 53.118487083336476, 44.45657574500792, 36.18745114022701, 36.37980939886809, 52.793815398416115, 51.55543513303273, 52.62389017642282, 57.217106451116614, 60.97492308385987, 64.9428709171126, 74.13585868030913, 78.51319379452191, 76.63977340803545, 74.93673345919842, 69.74814497333462, 63.2782944404903, 53.723340038785906, 55.82433358535371, 60.280249900471006, 63.75791932683875, 72.6141406725363, 70.58274593226507, 67.07996949441518, 62.784751427775525, 51.081813089227445, 54.47612301036523, 63.45126541275422, 71.48845876260734, 82.6672758309204, 91.59127282763333, 102.87432962178124, 103.50153040084426, 112.63248921056841, 116.69571494515947, 111.62200066473292, 104.30994256250524, 101.04930798054643, 96.28539546323047, 96.4498038502131], [40.94455900210476, 48.23165323868509, 55.560796583536955, 62.31566442883276, 55.495728383792695, 48.072254101582566, 40.87169644137239, 0.0, 7.619930199895666, 16.538899787445903, 24.292098862201883, 32.66695623278799, 24.050257795960317, 15.751419817717037, 7.400214914862136, 37.49358751399051, 46.37600957367063, 53.84477524535134, 63.42444940659892, 70.62774831300328, 70.60680779987769, 60.353665957213714, 51.794193784928176, 43.384921855463006, 37.48677021295658, 19.502303370432173, 23.59442624494143, 29.83610768256374, 37.28830817291687, 45.40380272857107, 40.03829961917568, 34.035190122672184, 27.349054429154236, 19.793915934025687, 15.188742374128084, 29.312033509267096, 29.815240200792484, 38.175006074015826, 45.890387590529016, 48.73635511918352, 49.73194742245317, 47.27173537975354, 40.84338419506756, 32.6680569309951, 26.987885072466366, 13.305827275145056, 12.899141526066375, 69.52920637412691, 61.868344021522375, 56.6403582960707, 54.308562200331004, 52.24284689697431, 50.85751404259287, 54.27258872769772, 66.20385028607883, 69.41762631441414, 72.92103908644457, 74.2243506435652, 74.5562949058391, 68.98652349069638, 61.4737913847955, 57.75085118893022, 55.73281806787749, 54.484409609681514, 62.04139334744184, 64.77470388400923, 67.0656913326002, 85.0945523511411, 89.46754455389049, 95.41347080542717, 99.00698142946239, 107.09174586136959, 109.6314187570632, 114.8512836777356, 102.37124033623353, 101.93782426419111, 99.39183398949973, 87.81106212557582, 77.51630630525754, 70.290862437888, 62.72589695551336, 62.23813104680341], [46.87792043439648, 54.228263165325416, 61.60518065155659, 68.78891980257018, 62.084292105118735, 54.68467358839446, 47.47397474309994, 7.619930199895666, 0.0, 9.419194255643102, 17.750966403144815, 27.648637295874135, 18.918762236613578, 11.282277263291618, 5.718066779587138, 41.242580644262254, 50.41685006357973, 58.28217232840865, 68.12104856288326, 75.74314195155203, 76.0495610559429, 65.51258277662807, 56.890319725920776, 48.43387766619581, 42.360110825097, 15.50576313499784, 16.96647940468431, 22.324683151367612, 29.986531548258476, 39.12472993597425, 33.49154443210598, 26.62996982293232, 19.740503461333326, 12.593842503337175, 10.3258821331862, 34.26222491782256, 35.59083296284443, 43.98473040633025, 52.9370230796217, 55.47477814259122, 55.27161558593769, 52.21998362038199, 45.445124836820135, 36.73853140364567, 31.357730406276357, 18.81503117876019, 15.721664620816966, 76.82167608490057, 68.71991092473847, 62.95339503233728, 59.94454581918953, 57.208323900033015, 55.12547564262195, 57.44129114858156, 70.41331231022568, 74.29091936709477, 78.41502764686969, 80.45216961926386, 81.4527555014734, 76.20400057210855, 67.96788882528129, 63.40670364031558, 60.768615530612884, 58.013279003923586, 66.9648050521629, 70.43970406301187, 73.42339712449527, 89.93929902863027, 95.67049486593507, 102.32646575949452, 106.16631821329793, 114.32038172085147, 116.66601133006866, 121.41213751078917, 107.61592525776473, 105.71240785410463, 101.76034462086143, 88.64728317373122, 77.44254295907214, 68.7820585475709, 59.156636208500515, 56.50375740954211], [56.2236020331906, 63.577334291613084, 70.9564652996023, 78.17848865882904, 71.5022441599458, 64.1037944982344, 56.88773770686906, 16.538899787445903, 9.419194255643102, 0.0, 8.656622384896547, 20.124301089162078, 11.46869468366021, 7.40844519691649, 10.728483002295619, 49.66475295030893, 58.977853314830064, 67.03425733444782, 76.95507577972792, 84.70696010097089, 85.15204521385543, 74.57537069019365, 65.94562299227668, 57.486350700624286, 51.339817330222566, 18.771332618228524, 14.962978631260052, 16.132892449830592, 22.18130041142766, 31.626035254426874, 25.219995522243636, 18.119767047759364, 12.640139504080999, 9.391832219456116, 13.84573817680986, 43.195617974691615, 44.016236110888606, 51.39106136343036, 60.70998544123842, 62.543649477636784, 60.88181806227986, 56.83360357550931, 49.21689155138526, 40.000652387772114, 36.52948409135925, 26.58470588906189, 23.99733804631247, 83.9927373255645, 75.33073393522706, 68.89380432254198, 64.83480460352322, 61.07635191919047, 57.858284246661604, 58.274947676897504, 72.48592887660135, 77.38810466756618, 82.437876576266, 85.62649010367421, 87.70293670516983, 83.19968570864523, 73.89787552012514, 68.13600791140594, 64.52071384061495, 59.33641640854982, 70.16730159958486, 74.79016890551887, 78.85307203134956, 98.46878033642051, 104.35627131716701, 110.7041413361331, 114.01178045105424, 121.70388324288648, 123.11290124890112, 126.78646715059425, 110.8488528790963, 106.71808131861208, 101.04871701446683, 86.29594057202225, 74.36108914920169, 64.39474205767817, 53.472435529104985, 49.919212459814595], [64.53990140522876, 71.8714484020277, 79.2291386027731, 86.19573487024313, 79.59077205350934, 72.20565923823247, 64.9338203970457, 24.292098862201883, 17.750966403144815, 8.656622384896547, 0.0, 12.589645396184041, 6.340448098329014, 10.49081131390566, 17.45693777152654, 58.28860947534023, 67.55004430247293, 75.52923199943531, 85.2689888136069, 92.84194906758627, 93.29024545898888, 82.99647712016952, 74.4487460771177, 66.03457537565673, 59.9397671546698, 26.379421437906213, 20.23164571359861, 16.563691627505534, 17.71634954247271, 25.22458284688696, 18.068342144059514, 13.12747070454267, 12.97063973106188, 15.382679961123873, 21.924765333065576, 51.809599158820376, 52.116723183560815, 58.59289287210302, 67.32610605848235, 68.5823307309842, 66.1549952681146, 61.28998668188692, 52.748964538932235, 43.28641909561025, 42.2389598750279, 34.18752458061218, 32.587991195824145, 89.29930056981162, 80.52060703102889, 73.78295482156298, 68.9177301689283, 64.3137142352554, 59.997465664064336, 58.10951452298646, 73.34090296222742, 79.29306141948273, 85.14248008016287, 89.28251347112337, 92.12165376043993, 88.3565989092198, 78.50446955897321, 71.91470494472144, 67.44590219192862, 59.658317554850214, 72.16321851311227, 77.83530487192087, 82.76549409090592, 105.92040272262307, 111.12937690204896, 116.7287894112231, 119.30357028819496, 126.46634386882229, 126.96848186776577, 129.58452797278727, 112.3326920733916, 105.64764194491873, 98.22308236579316, 82.0180710214167, 69.47237625987124, 58.49054341738393, 46.93301051916433, 44.02285851279324], [72.81970974931274, 79.99565656339068, 87.21308330605278, 93.29204277746217, 86.95451309432299, 79.69777819591611, 72.3522736607231, 32.66695623278799, 27.648637295874135, 20.124301089162078, 12.589645396184041, 0.0, 10.926613678021475, 18.565814587975424, 25.460004905415985, 68.73511994864339, 77.62032823495349, 85.05224380839537, 94.05738524555589, 100.83513193930759, 101.08331748176451, 91.79956344508278, 83.57694259052256, 75.37120566842182, 69.58502643888244, 38.540749719723614, 32.40899230130158, 26.749099960517196, 21.739942714848375, 20.806351372580394, 14.752728769730739, 18.844101602815723, 24.03475696277662, 27.765668354056274, 33.87873048801578, 61.668279471748626, 61.37810182113984, 66.85679314247118, 73.2583205613329, 73.95197855566647, 71.73968355481578, 66.11226595040296, 56.11787226587004, 46.615620904795264, 49.48517195284646, 42.996323568224874, 43.16608505256401, 92.030094758647, 84.00467388973533, 77.5774517653981, 72.09592991557126, 66.69647197302974, 60.97834310606159, 55.13186163761828, 71.44519381875976, 78.89219127269058, 85.55180551798901, 90.53241250530476, 93.72463456111336, 90.94097201587996, 81.39802730335956, 74.4276234775125, 69.05409123348812, 57.348107654298765, 71.78027508939431, 78.67744688578273, 84.3401025732438, 112.40180259074312, 115.23675342193748, 119.04714823449237, 120.29347843285207, 126.64686573951374, 126.07672457028985, 127.34950060326163, 110.31796107188204, 99.4330498262114, 89.47016384223747, 71.5504483389394, 58.14235322618215, 46.27908278577869, 35.39539121613012, 38.03896406629787], [64.96604306777775, 72.2480748840766, 79.56437397253747, 86.07176636372866, 79.32785756028579, 71.92793300188774, 64.71094472202671, 24.050257795960317, 18.918762236613578, 11.46869468366021, 6.340448098329014, 10.926613678021475, 0.0, 8.528329289173758, 16.688073976746086, 60.008247647376635, 69.30433478811118, 77.15470464975478, 86.81421404946758, 94.07531330317428, 94.23354200188425, 84.13358393026031, 75.56540851340587, 67.10802955742136, 61.033750190341316, 29.955260623910288, 25.185282790242418, 22.785417141419313, 23.40820687751689, 28.52987150978882, 21.423822268304065, 18.90599364422114, 19.009459005721578, 19.82862549247774, 25.018360788568586, 52.6022335710037, 51.48171179385078, 56.753589662121506, 64.48031543522232, 65.22710082867304, 62.5121503894247, 57.20249737986571, 48.03982693847881, 38.51486032594301, 39.390445694076895, 33.054162334673826, 33.61600536155794, 85.32643995217062, 76.41752471029915, 69.55738968810486, 64.29220908199152, 59.31661560785565, 54.53114387004899, 51.918267224708934, 67.33182454208853, 73.59115813274853, 79.707648240179, 84.24397232531182, 87.52574851443923, 84.26808963457442, 74.0362045512458, 67.07422275668691, 62.234258080993335, 53.55665998901, 66.49372672347884, 72.5563460637988, 77.87929759799259, 107.2681407654843, 110.80087873730126, 115.00575326128153, 116.54807749849164, 122.98050144281822, 122.55076732952843, 124.54119286005705, 106.42293584824864, 99.46424062267116, 92.32842948077312, 76.65684742813637, 64.76735737156396, 54.78390078479847, 46.00167068021488, 46.95876449130689], [56.68482545851199, 63.97467458579923, 71.30155609544171, 77.92300483902659, 71.06651210065414, 63.637519672462766, 56.473234497321194, 15.751419817717037, 11.282277263291618, 7.40844519691649, 10.49081131390566, 18.565814587975424, 8.528329289173758, 0.0, 8.51424102944972, 51.92091572003621, 61.232351204373614, 69.08328218899726, 78.86078585845078, 86.18815898554962, 86.263581458303, 75.9674520907106, 67.3299410576888, 58.831296419277564, 52.73195003203528, 24.06789782215907, 21.854665488435327, 23.140523599303492, 27.420022280383105, 34.49562395500709, 27.845356185404817, 23.069561138441383, 19.365499421863873, 16.1705473120921, 18.765412823724315, 44.20238796512344, 43.06284764910501, 48.88393960581608, 56.92501934411658, 58.149406506980505, 56.18675490799269, 51.592804289032586, 43.15592937691396, 33.7203532926576, 32.52660890937544, 24.68687503664498, 25.42889997948183, 78.94930418449043, 70.108051317357, 63.50991754307865, 58.983591157950926, 54.80639756105995, 51.08841813601178, 50.88503035263402, 65.25050967590089, 70.45271367083394, 75.78075043814798, 79.39097186035043, 81.95494791057888, 78.01695038477085, 68.24818360941529, 62.05915568779106, 58.032118038895035, 51.99572363192952, 63.220057758897134, 68.25388517979995, 72.7494177290307, 100.04189886394113, 103.8159177328225, 108.4458924154683, 110.50561541743357, 117.34139429931804, 117.66611524154504, 120.64177914487423, 103.76921601533212, 99.440125702441, 94.20602632514034, 80.17576434406402, 69.03493699280784, 60.255803099693274, 52.27543481753073, 52.733482374720275], [48.3066102317382, 55.57831145207492, 62.89152665745096, 69.48074312989482, 62.70081849095495, 55.29130215892772, 48.07452075877293, 7.400214914862136, 5.718066779587138, 10.728483002295619, 17.45693777152654, 25.460004905415985, 16.688073976746086, 8.51424102944972, 0.0, 44.46033266074284, 53.49097223467173, 61.06503256993113, 70.62301486155059, 77.78642169361845, 77.80740894389552, 67.68379896253946, 59.14421528158006, 50.73134781199731, 44.78807189338136, 20.973962819052247, 21.967520749345862, 26.01599062151036, 32.03103762958713, 39.49137022349675, 33.6873618693694, 28.389131767691065, 22.95824603335867, 16.977065175403432, 15.722260014133022, 36.51256693411052, 36.24073114169497, 43.33452577392905, 50.93185669959723, 52.992448153057786, 52.70862815780592, 49.15930067531322, 41.505286620549946, 32.49626718046005, 29.291631197731085, 18.38571573962782, 18.74825058172591, 73.54712734948386, 65.44700330913864, 59.624635516061225, 56.22389886209288, 53.104943689065195, 50.50834644012265, 51.969958586249525, 65.21205405192326, 69.47991771685474, 73.88412467499124, 76.27697577380383, 77.59211157397606, 72.81486790788458, 64.33294728586768, 59.4577096296748, 56.427539789701584, 52.63393091776668, 62.07552133794974, 65.97392686034486, 69.31983961346455, 91.72596954652823, 95.62120165175499, 100.84877713275651, 103.6714799945085, 111.18427775403713, 112.70851848946475, 116.85932480068118, 102.60779003785375, 100.04689119324206, 96.09666611801137, 83.29187885303958, 72.4971162971598, 64.54660879812226, 56.756079985803844, 56.89794997751067], [18.217654755466217, 23.07580289044838, 29.072433965666878, 39.02053058803604, 33.155677492465315, 27.750829213988926, 24.303645290568657, 37.49358751399051, 41.242580644262254, 49.66475295030893, 58.28860947534023, 68.73511994864339, 60.008247647376635, 51.92091572003621, 44.46033266074284, 0.0, 10.129564626567271, 19.386308571169288, 31.302663726146708, 41.04614794754465, 41.86154511625405, 28.420986620303154, 19.520929520320486, 12.038199063930659, 7.365896256322507, 35.03116925174632, 44.43336881778826, 54.3363283888182, 65.21070270323656, 76.20278033208412, 72.04223216653153, 63.319903285628456, 54.06628543330538, 45.703643408201074, 37.483956791135014, 10.820684787770967, 23.26893077298493, 35.99995211846819, 45.79239143773785, 51.95883884517885, 56.95342211002217, 59.91139602223967, 60.719496719312964, 57.288650311949056, 43.993294893992086, 33.08052727696989, 26.92993500222106, 72.23597758404733, 66.92778639861152, 64.66405446703071, 67.1817371700005, 69.54113635835996, 72.92616568344809, 83.02545026372675, 89.79359653060025, 88.60544624228531, 88.30582477231553, 85.14756895039602, 81.61429069797775, 72.76613968740958, 70.02367122426986, 71.27259888521627, 73.56231098832613, 81.88003538772841, 82.43140017493208, 80.3250764244235, 78.1565502450254, 60.32848219556359, 73.41787746277349, 86.41609446089753, 95.67463486126695, 106.88185532420773, 114.88415547963825, 125.08442430027893, 119.2444968135737, 127.94874270337147, 130.18259520315326, 121.98949150202488, 112.75002790741972, 106.40165690298676, 97.05434038963475, 90.87907647797444], [16.804506972404933, 18.500718597797466, 22.660634399557445, 32.79544055083196, 28.38967578121744, 24.9108429308731, 23.765580112637416, 46.37600957367063, 50.41685006357973, 58.977853314830064, 67.55004430247293, 77.62032823495349, 69.30433478811118, 61.232351204373614, 53.49097223467173, 10.129564626567271, 0.0, 9.46443255204426, 21.589820004694946, 31.734034500430276, 32.86533072147586, 19.197466597661894, 11.298643512419842, 8.240342186032448, 10.511748406576187, 44.524379257415966, 53.6850228711289, 63.251074744567376, 73.76841891779853, 84.28142231084844, 80.61163154716202, 72.23625812257877, 63.25155686735653, 55.13221700297323, 47.03900885137881, 19.12134357676084, 30.56980687585504, 42.149877624352946, 49.60696500578601, 56.32967771163676, 62.90467945889271, 66.75461572730656, 68.24377264593925, 65.47086200421879, 52.60946769233542, 42.25083461157242, 36.66136469439565, 73.89735201016386, 70.28017368231373, 69.36046751180497, 72.9989683752831, 76.17226935513492, 80.13577412293712, 90.4763413003461, 96.33901740148633, 94.54275366047165, 93.42262665181568, 89.12768484226505, 84.20004640064333, 74.7428623543935, 74.18505657535935, 76.88971987444462, 79.9487326532732, 89.17477128896458, 88.56004415371821, 85.57338039376297, 82.27556378386218, 51.684860404739005, 66.85533094533133, 81.79566257831497, 92.71280992441416, 104.87796895487021, 114.69684141933783, 126.22845385835679, 123.7247107972023, 133.48611696789214, 136.37900254066858, 128.89821851148497, 119.8112772709293, 113.81106606298087, 104.39354200119544, 98.00327243280418], [18.1979704886898, 16.148989457395096, 17.339598166671713, 26.766104221156294, 24.410412071154457, 23.35812057449394, 24.491782129251842, 53.84477524535134, 58.28217232840865, 67.03425733444782, 75.52923199943531, 85.05224380839537, 77.15470464975478, 69.08328218899726, 61.06503256993113, 19.386308571169288, 9.46443255204426, 0.0, 12.21779409992086, 22.48238053002991, 23.825001973168394, 10.41253087633948, 6.382451929448432, 11.790189859251843, 17.508401082676457, 53.30765283178242, 62.27934072223833, 71.4961615405035, 81.52522382785554, 91.33453680681491, 88.07981689778782, 80.23694159387307, 71.60060611537682, 63.6251298146043, 55.6169637863891, 27.019003400765357, 37.54338025425858, 48.089370604935, 52.955919270830584, 60.03721807937189, 68.10374359481817, 72.5720641548642, 74.37943876123946, 72.11925765956794, 60.00343999428491, 50.020620502910404, 45.12215418173493, 74.5076126563378, 72.68292187836735, 73.07816778661436, 77.64392442202427, 81.45492222129636, 85.79697306997329, 96.06512118562506, 101.1197538075915, 98.88821438643289, 97.07072326106017, 91.77792983144614, 85.51849886311379, 75.63165138468051, 77.24269771619744, 81.26106898552429, 84.9160961027464, 94.64680419384855, 93.05963840111957, 89.36934537066858, 85.08079051309402, 43.012906965175105, 59.478459565010056, 75.98861962170349, 88.33762375216054, 101.33785287379186, 112.83042781123424, 125.52595993789241, 126.47353883413781, 136.87418097235454, 140.3186882623678, 133.60534720871846, 124.76901745952014, 119.27612322952187, 110.1685489378573, 104.20450881294555], [25.288667909887742, 20.39116518942812, 17.338215216532582, 23.055025003118818, 24.613438988056384, 26.774708035790233, 29.826532357558982, 63.42444940659892, 68.12104856288326, 76.95507577972792, 85.2689888136069, 94.05738524555589, 86.81421404946758, 78.86078585845078, 70.62301486155059, 31.302663726146708, 21.589820004694946, 12.21779409992086, 0.0, 10.689680217522554, 13.061315791839998, 7.01268306994762, 14.106534524286715, 22.129515829886607, 28.49877108637306, 64.15483906048044, 72.78866054703013, 81.46295494364091, 90.77382243629796, 99.60838363640815, 96.9487185834043, 89.83994618548438, 81.72809801872066, 74.03571427595298, 66.23172407931978, 38.04523452919087, 47.99664290769451, 57.687266340746916, 59.73323437376645, 67.02803528464311, 76.59113053002648, 81.48279022614015, 83.28650819268125, 81.36180388654076, 70.28268965032998, 60.369672227820764, 55.93174838355552, 77.46023738085482, 77.91422489327569, 79.78378702609689, 85.18998211946413, 89.51587409927365, 94.04059847223299, 103.77656923898097, 108.14728307900849, 105.65645907351859, 103.18818547030935, 96.88576913322724, 89.09044997162322, 78.88718888115517, 83.07574678957897, 88.43446432510244, 92.56460440661749, 102.30809347598542, 99.95059275306933, 95.67620947536273, 90.39370721729463, 31.436504509132977, 50.31906892254909, 69.31684096810585, 83.71517066130401, 97.88278440080074, 111.62887882124238, 125.68686102117084, 131.2200089544777, 141.71301986254366, 145.4316535305348, 139.40358194714764, 130.72596459034298, 125.71167265424168, 116.78561714384287, 111.23248653684965], [31.54681701211469, 25.43944803750518, 20.1496634979977, 20.818411162183175, 25.678781506913037, 30.04493777391188, 34.261816084007336, 70.62774831300328, 75.74314195155203, 84.70696010097089, 92.84194906758627, 100.83513193930759, 94.07531330317428, 86.18815898554962, 77.78642169361845, 41.04614794754465, 31.734034500430276, 22.48238053002991, 10.689680217522554, 0.0, 4.370475459406446, 13.985531879952616, 22.619159274416987, 30.725144682205496, 37.252431184274755, 73.15740467371843, 81.61143359406593, 89.91185089887044, 98.58765037830369, 106.44787858534878, 104.128819454627, 97.77276558279527, 90.11435583459851, 82.51808774979294, 74.82564262712785, 46.548342263161445, 55.5584114052667, 64.28246283267627, 63.654303592423865, 70.97163310226273, 81.79463973990669, 86.98775582413298, 88.75667140788349, 87.2616427270827, 77.34147529224062, 67.86746480799138, 64.31262054102764, 77.53996967074455, 80.0402007665671, 83.21865229017993, 89.30886096166537, 94.06602866414332, 98.73682760757767, 107.98130577059285, 111.53407417578762, 108.78834514033126, 105.73484466197876, 98.58535574203356, 89.5049575993233, 79.20195363177304, 85.63959515151426, 92.15293996952092, 96.67810883615621, 106.44057520284358, 103.26316998619978, 98.47623906821443, 92.35156213024418, 22.202374903185312, 40.95784000207737, 61.41348491792971, 77.21226703021952, 92.14064062352429, 107.60282120902815, 122.69487764601166, 132.2501563321871, 142.8703207867665, 147.0673856066482, 142.02001418526407, 133.8170535190041, 129.60607835281183, 121.5676446888965, 117.2755806005267], [30.82131360517278, 24.205247971556165, 18.12810796436922, 17.155392787047372, 22.77520288354465, 27.901047560128074, 32.76111913523171, 70.60680779987769, 76.0495610559429, 85.15204521385543, 93.29024545898888, 101.08331748176451, 94.23354200188425, 86.263581458303, 77.80740894389552, 41.86154511625405, 32.86533072147586, 23.825001973168394, 13.061315791839998, 4.370475459406446, 0.0, 14.223587406058602, 22.804723284130983, 30.875119630570286, 37.45001056407335, 74.12083369803788, 82.69763702605549, 91.09435524861031, 99.75190217072632, 107.45342133557948, 104.97588760060819, 98.76136743469688, 91.10200471078215, 83.33629946809899, 75.55581752696929, 46.53099986082226, 54.65892465437975, 62.69183119754562, 61.06786935729095, 68.34075927035049, 79.53888666659915, 84.91486245764514, 86.88557208996002, 85.76311082560063, 76.22018712504878, 67.38019149932788, 64.55298940360402, 73.88420893098663, 76.82639160580798, 80.38886319357135, 86.74926086107617, 91.73153436990984, 96.58726214880194, 106.00038575839966, 109.01331114073167, 106.01214274637542, 102.69790886328097, 95.27295031446629, 85.92035655522582, 75.60147310964565, 82.56944008585921, 89.46708123643185, 94.20772296381926, 104.3635384005228, 100.6378337552696, 95.57042351405039, 89.15974734618283, 23.242135234151295, 38.50400266388495, 57.97942077548328, 73.45384387593116, 88.19437283514445, 103.60419398460783, 118.81503555909211, 128.83020738013715, 140.02321622435366, 144.79794315508605, 140.41495532410562, 132.6774868505814, 129.01100376429773, 121.84852434386553, 118.5509578262738], [20.584212379406065, 14.89003974949446, 11.3503776934184, 18.432555460470095, 18.681069083712636, 20.86951248686538, 24.72346393634571, 60.353665957213714, 65.51258277662807, 74.57537069019365, 82.99647712016952, 91.79956344508278, 84.13358393026031, 75.9674520907106, 67.68379896253946, 28.420986620303154, 19.197466597661894, 10.41253087633948, 7.01268306994762, 13.985531879952616, 14.223587406058602, 0.0, 9.259831547257598, 17.93966651967728, 24.59623465416211, 62.16478693405946, 71.14339556226112, 80.19091658833959, 89.76630097838857, 98.75232391618567, 95.63713857778244, 88.43986940531013, 80.1054078533828, 72.02608213883005, 63.9774888902835, 33.98846014474532, 42.63482039653182, 51.529277982639975, 53.16679542706129, 60.43106885974124, 70.08786709599565, 75.23099767323863, 77.4981111313989, 76.0820705823261, 65.03312279140884, 56.13852129689971, 52.729338091528135, 71.1748531848685, 71.30353182661726, 73.18672400549502, 78.78079589911715, 83.34444529544947, 88.18656408586992, 98.56329375488589, 102.33257582313527, 99.46865046445903, 96.79812472256297, 90.4025348114287, 82.77779490418027, 72.57810885727211, 76.52681230556075, 82.02078939597565, 86.38484307770597, 96.94168444465322, 93.94479919928393, 89.38203063518601, 83.98642199755731, 35.80203139405682, 50.69652122100456, 67.49967503597448, 80.64224420465692, 94.06524457061195, 106.856044366205, 120.60435473265083, 124.95765327358453, 136.48541645304456, 141.036919497561, 135.747002940615, 127.68577278799306, 123.28224373791278, 115.53653919629888, 111.22537956276206], [13.239281530144035, 10.109532853651649, 11.795551443627597, 21.77147695483733, 18.394307404855315, 17.092453821546663, 18.898204373942516, 51.794193784928176, 56.890319725920776, 65.94562299227668, 74.4487460771177, 83.57694259052256, 75.56540851340587, 67.3299410576888, 59.14421528158006, 19.520929520320486, 11.298643512419842, 6.382451929448432, 14.106534524286715, 22.619159274416987, 22.804723284130983, 9.259831547257598, 0.0, 8.745283571771985, 15.375735133216038, 53.3758375513464, 62.520076373985425, 71.817929213138, 81.698561705213, 91.1174840929674, 87.63323705042458, 80.12835623877145, 71.56892749082972, 63.31003121757491, 55.15488275322511, 24.779948246082636, 33.940567280628194, 43.767199492239, 47.253024599412406, 54.429943428979186, 63.15401596808213, 67.83256124128897, 69.77790607222637, 67.95874237400692, 56.40564077110503, 47.222309462551884, 43.67286458570918, 68.16551462703599, 66.63769141275505, 67.40531313814134, 72.27642524483021, 76.34758001306699, 80.89486873715619, 91.34492720610459, 95.81258053391609, 93.33935636269149, 91.27802460566426, 85.73121305741606, 79.23897582764373, 69.31295050933394, 71.33404121398709, 75.76434250326874, 79.65065375044487, 89.80671165210377, 87.61037607159281, 83.64025273783032, 79.07580712383125, 43.492308969029786, 56.620616933084406, 71.4964542069019, 83.01453212148431, 95.60162423177339, 106.66894439006269, 119.27926858772341, 120.41195489475174, 131.29352388653513, 135.37251170765754, 129.4539138840527, 121.21374545313333, 116.47582014425306, 108.67993068357269, 104.37615065557227], [8.752952440462245, 11.329761205516862, 17.04981622314153, 27.01801575091631, 21.55194583781692, 17.06678126546204, 15.58793253157278, 43.384921855463006, 48.43387766619581, 57.486350700624286, 66.03457537565673, 75.37120566842182, 67.10802955742136, 58.831296419277564, 50.73134781199731, 12.038199063930659, 8.240342186032448, 11.790189859251843, 22.129515829886607, 30.725144682205496, 30.875119630570286, 17.93966651967728, 8.745283571771985, 0.0, 6.676157453554032, 45.04789452171395, 54.2953664455314, 63.74528259299421, 73.79332879221045, 83.47748715894264, 79.67365301297717, 71.99528594580208, 63.31075636351303, 54.90095226050496, 46.67465785962097, 16.086815325502343, 26.291221688030706, 37.42213247261172, 42.73812458634276, 49.69955570832924, 57.41314889920749, 61.41803419220975, 62.7374760617888, 60.33898302403199, 48.47288311603626, 38.68639880575309, 34.95861935915819, 66.077191544809, 63.04513910723905, 62.683772141203505, 66.68102404339535, 70.11459738050699, 74.19253080799879, 84.40708458193497, 89.72301212207239, 87.80365476417715, 86.44901534661291, 81.83816018337461, 76.47079222336006, 66.95126633654598, 67.10319902311495, 70.36702465243766, 73.63301477387488, 83.00160194960603, 81.82132246609072, 78.59383187329787, 74.95485447187754, 50.52923863947876, 62.030874272664214, 75.19786995721458, 85.23670105596062, 97.0547620238344, 106.54627520449225, 118.00863789681148, 116.32039898346365, 126.14436379684044, 129.5576205151928, 122.93537974363221, 114.472154601198, 109.39510237492595, 101.56293260164388, 97.41143712222717], [11.039905180075555, 16.39569936732953, 22.9553403092262, 32.56300062240633, 26.306133722763388, 20.519637612629012, 16.993799367147247, 37.48677021295658, 42.360110825097, 51.339817330222566, 59.9397671546698, 69.58502643888244, 61.033750190341316, 52.73195003203528, 44.78807189338136, 7.365896256322507, 10.511748406576187, 17.508401082676457, 28.49877108637306, 37.252431184274755, 37.45001056407335, 24.59623465416211, 15.375735133216038, 6.676157453554032, 0.0, 38.74794889848324, 48.115275472182674, 57.76156937867146, 68.05495723689238, 78.11012337592236, 73.99898435122886, 66.04827167581374, 57.180843176106826, 48.635121627583175, 40.33501637620328, 9.58175623947301, 21.167067200644517, 33.44654308732793, 40.72652575632681, 47.32058160205481, 53.853562285660495, 57.241933186463065, 58.09865067892825, 55.19083307884205, 42.87363079186184, 32.55760872514925, 28.45266755277938, 65.90776818391932, 61.56144990128883, 60.16516651848498, 63.346964452740615, 66.1976061085195, 69.87662596057933, 79.96986880021026, 85.99773916091151, 84.51568487154618, 83.76167450620287, 79.97880245343973, 75.64633179332667, 66.5500679724913, 65.03501479460483, 67.2143017823434, 69.92971947208376, 78.67904844591293, 78.37398748561607, 75.78444331756323, 72.9751207651331, 56.53806701464785, 67.30632834272778, 79.37336415787462, 88.35417020262938, 99.53651040224211, 107.78744432412802, 118.32364684216644, 114.19715360791744, 123.2790998946135, 126.17032859397035, 118.94143520755627, 110.28381107311493, 104.85753365265295, 96.88928255899721, 92.65064438074607], [46.37335264868157, 53.50998638374079, 60.739737216237494, 69.42029826827434, 62.820273768680806, 55.70118020310677, 49.120193987458364, 19.502303370432173, 15.50576313499784, 18.771332618228524, 26.379421437906213, 38.540749719723614, 29.955260623910288, 24.06789782215907, 20.973962819052247, 35.03116925174632, 44.524379257415966, 53.30765283178242, 64.15483906048044, 73.15740467371843, 74.12083369803788, 62.16478693405946, 53.3758375513464, 45.04789452171395, 38.74794889848324, 0.0, 9.694224950013332, 20.230148288434098, 32.098419901125176, 45.035562601777784, 39.7564671711052, 29.49263184513946, 19.54200632614479, 11.479685330904067, 5.390315675641085, 31.36687899974215, 35.53287449238226, 45.690805708492654, 58.2882381135528, 61.499747061425886, 60.644574498693466, 58.745526456729365, 54.47405957459655, 46.87336395719881, 36.928848993160685, 24.231816878636195, 14.767728012896162, 85.21517664558095, 