{
	"dissimilarities": [[0.0, 7.313594467161685, 14.71927259654328, 22.314812145527547, 15.9971369573719, 9.010301626045823, 5.343071136865482, 40.95384971159916, 47.003395153789526, 56.377866234956194, 64.68348176903734, 72.61857274971035, 64.98034200893244, 56.737608300500604, 48.30527212190647, 19.540764388430514, 18.34107889546376, 19.502548205523656, 25.946144230370148, 31.688497060436575, 31.076492454539117, 21.234490193661017, 14.235318172652484, 9.685976561626916, 11.726311712055505, 46.96959788167314, 55.900031966964946, 64.76485885521119, 73.74421236184892, 81.82214973065105, 78.29978101143716, 71.85832281068427, 63.90966358459624, 55.47880827749988, 47.41879131856583, 17.860133341553812, 25.99541530893652, 36.42795599727795, 37.55286739411084, 44.07938260294068, 52.40393894778665, 56.87263459020002, 58.057270651012985, 56.11350400768963, 47.159132214489624, 37.07507768016144, 35.21236917680907, 57.20688809800219, 54.45890036810128, 56.114056190875125, 60.52747087693648, 64.07036522043414, 67.9662005224683, 77.21619438615198, 82.04161969518215, 81.250108016831, 79.75615882911788, 74.82278860334847, 68.56219856357647, 58.08543186812579, 59.496689820650296, 63.59486397587373, 66.91961885326167, 75.78046161551595, 75.11573856030014, 70.90086126014515, 67.83385160755034, 49.91301198234224, 56.44642078307432, 65.79556242393208, 74.79417780995607, 86.51408440648518, 97.97392742763459, 108.57743643597931, 109.08227371831296, 117.83157042615353, 121.09795842805224, 115.47793850173777, 107.33497103310502, 105.0867103220438, 99.09371706369346, 95.94741954696147], [7.313594467161685, 0.0, 7.458437554077126, 15.526523688597322, 9.73578825109256, 5.263548533713925, 9.029177643667612, 48.23068935798959, 54.31109683499521, 63.68505388218718, 71.99482543018466, 79.88679383889796, 72.26223627822756, 64.00358382324782, 55.57895591472468, 23.74457022635167, 19.52326059347895, 17.357155566985796, 21.261708522940623, 25.867501864210112, 24.78459098478304, 15.701040164284466, 11.06312715405233, 11.651039853147443, 16.48098592880845, 53.862393227921814, 62.894909679836815, 71.84908194852531, 80.90137618404235, 88.95779528500324, 85.53680045695654, 79.08470723158527, 71.07872309176017, 62.64346444922175, 54.53188662182467, 23.991450022475426, 31.06705957012831, 40.04967777187347, 39.71275290090178, 46.42546114354033, 55.65050821409758, 60.870266020523765, 62.93159110196479, 61.75466557925986, 52.76918416476307, 43.8018764298726, 42.23433962136405, 57.2549973819174, 55.81793881969205, 58.49911559475391, 63.82016370161251, 68.07837707521078, 72.5893815494972, 82.4293425360271, 86.17224416937717, 84.61749235569788, 82.3603470513951, 76.50559191382243, 69.27827407678463, 58.40047289276148, 61.48481084106891, 66.73009325125187, 70.76184473153306, 80.80224496074602, 78.83989676762822, 73.81687549393683, 69.79133665691498, 45.03501143024236, 51.74356353860159, 61.90302165771398, 71.94189178053745, 84.15817066791128, 96.8186028667778, 108.42022421671183, 111.0530366002505, 121.32251902131853, 125.57699326228143, 120.8904068756058, 113.2066900255795, 111.43131527717456, 105.78949177190471, 102.74324261606102], [14.71927259654328, 7.458437554077126, 0.0, 8.710472842779199, 5.270082969776092, 8.499573946311308, 15.226886560035672, 55.50827372979609, 61.67281968274318, 71.06730223044353, 79.35265719499579, 87.0942620489839, 79.5235288233057, 71.26218501188752, 62.838994013298574, 29.970469980838704, 24.113147990646013, 19.340910395519494, 19.43918321718662, 21.585661030434487, 19.597907296389504, 13.352763329009692, 13.359469059766186, 17.644029941210313, 23.2442453639474, 61.238485821540145, 70.31179349665902, 79.28668150018171, 88.30715621628266, 96.2091082968685, 92.86829366384173, 86.52142634393954, 78.53563941793767, 70.09571291298327, 61.96942981141253, 31.022652164252044, 36.981422366557794, 44.462661706227934, 42.4238260470807, 49.10180932724628, 59.13227641240839, 64.98550138402263, 67.77070735742659, 67.33222270718004, 58.62373740797505, 50.68749648268678, 49.564850241691374, 57.169346611863645, 57.23882607086192, 60.970772046518654, 67.12045718161636, 72.01613831893958, 77.0456077974663, 87.28830965613065, 89.94311265768407, 87.67475922845107, 84.67252515013023, 77.92815737864166, 69.73100512982074, 58.57708532611155, 63.42304584859745, 69.79313940638724, 74.4584799062833, 85.48390210558468, 82.27450685494408, 76.50966479748202, 71.54749602314732, 41.021067920738496, 47.01075532790955, 57.600370255973125, 68.53877864793016, 81.14938629125936, 94.96015415550504, 107.52956398350938, 112.4625083937035, 124.15435738820501, 129.4085753138479, 125.74015943164133, 118.59399453613005, 117.39868703956117, 112.31579468840027, 109.67172336053673], [22.314812145527547, 15.526523688597322, 8.710472842779199, 0.0, 8.29089922037109, 14.972128106702126, 21.693855925075948, 62.317359108313894, 68.63116572061577, 78.06410454349097, 86.20741633523791, 93.35441357744831, 86.15347734415809, 78.0007955472954, 69.55730245561739, 38.64366327665447, 32.46034886957486, 26.555117412382756, 23.11073074625495, 20.863151854753923, 17.34179701829205, 18.066222491676836, 21.267814416596593, 26.246552178608408, 31.817894616086306, 69.25771364174904, 78.17097472177149, 86.87777961174639, 95.43660591658254, 102.62606236825442, 99.4767805714259, 93.697303805705, 86.05670298613083, 77.70621967326902, 69.70369052661027, 39.29906382624306, 44.29690003150381, 50.442591963301936, 45.709744976663224, 52.00654677132795, 63.01954616939518, 69.2699338626974, 72.27437808367789, 72.49015377657304, 65.0080042364479, 57.77163347144237, 57.32763181248332, 55.7836520795658, 58.264381898801034, 63.31750386126796, 70.19406188402607, 75.5450183520373, 80.78571964513579, 90.64934043820037, 92.30856538075068, 89.5863308406497, 85.9023675926663, 78.28904516906907, 68.84022865837018, 57.488265536240235, 64.72784683656539, 72.3643165596435, 77.46833347947215, 88.72853145736607, 84.51657037397203, 78.20559873668243, 72.27422182244287, 37.236967200890746, 39.58510229059415, 49.86415001080339, 61.66203583328888, 74.83632141923736, 89.97622922480267, 103.60995312572695, 112.00056032326779, 124.35328764097778, 130.3859707054656, 127.84451984262154, 121.34387724254456, 120.95045309304854, 116.86927022500453, 115.43246368421451], [15.9971369573719, 9.73578825109256, 5.270082969776092, 8.29089922037109, 0.0, 7.479228475290344, 14.675312644916934, 55.47189844213347, 61.91020057846547, 71.35349634821915, 79.53830745243671, 86.99519682243402, 79.3602713461531, 71.0831312191903, 62.71915787192036, 32.586585943681946, 27.885350840647064, 24.095536824166462, 24.609313134920242, 25.89206445977566, 23.31672897569393, 18.43421830406535, 17.84691983911717, 20.72508711046566, 25.455650198381775, 62.56260474929814, 71.62045642294446, 80.5828979166632, 89.46738629080478, 97.09422024880622, 93.55137195547849, 87.45440554811361, 79.5679174461047, 71.01960213779498, 62.92584342660383, 32.045227508919446, 36.094507467540005, 42.240437051678526, 38.48358199797315, 45.01858678632955, 55.54244999716183, 61.64994413932381, 64.7149232442368, 64.83882166090261, 56.85281718418535, 50.025673358596954, 50.10362259268566, 52.01819074339946, 52.509125139505244, 56.69088835197188, 63.182438716975675, 68.35701161177367, 73.61805115808185, 84.0824493718155, 86.02108586008883, 83.41191927267894, 80.11515420598026, 73.08864510368902, 64.65159939454641, 53.46479127062138, 58.81381589225866, 65.66449730355406, 70.59531739465683, 82.14703216670905, 78.1970729366557, 72.11991944018514, 66.816555122958, 44.18701292837909, 46.811542093661856, 55.06965280472531, 64.84091832045954, 76.86333377082366, 90.19902938400169, 102.6316122062641, 107.5694354764569, 119.94765705061714, 125.91725082805497, 123.07795384821307, 116.56066405536802, 116.14111093117631, 112.24137318083692, 110.84831241180085], [9.010301626045823, 5.263548533713925, 8.499573946311308, 14.972128106702126, 7.479228475290344, 0.0, 7.332511106322104, 48.05921071261257, 54.464402481906816, 63.90259530093332, 72.11069031894932, 79.71130873198511, 71.99462580227065, 63.702113278877235, 55.330405055155076, 26.68695179928802, 23.721146932295373, 22.23323281402752, 25.848326712027493, 29.394693257173984, 27.65305809341359, 19.898649529632458, 15.794450566520828, 15.514226100171225, 19.116782559177324, 55.222800389122696, 64.23581835150132, 73.17958227318275, 82.09149086878485, 89.8632717814882, 86.21682001027584, 80.0237684937006, 72.11849521082279, 63.5607880933116, 55.48384468686998, 25.007919748115036, 29.732581540546175, 37.32805164069652, 35.26343663764162, 41.906367615219544, 51.6553192152733, 57.14590156690802, 59.49796605574555, 58.898565889220535, 50.62225125801125, 42.85884103848047, 42.69156908610928, 52.015525183030704, 50.822736925958736, 53.8824736200092, 59.53240547648595, 64.07324661725164, 68.83370478701308, 78.95661778241099, 81.99733797479345, 80.10937143594276, 77.58164796102595, 71.48091510422333, 64.07974403632562, 53.17412812349663, 56.599114799579304, 62.279264667748826, 66.57513453604585, 77.1895785176769, 74.48960409152188, 69.16118564561688, 64.83618718831592, 47.89353832809804, 51.5615495889019, 59.56536846697023, 68.43945029930666, 80.0427542474712, 92.15749049139919, 103.56599641004172, 106.05042197236381, 117.00020761641775, 121.97493056755627, 118.11797545538228, 111.07281756022627, 110.10190156677346, 105.70125859867616, 103.97347326837361], [5.343071136865482, 9.029177643667612, 15.226886560035672, 21.693855925075948, 14.675312644916934, 7.332511106322104, 0.0, 40.829591284906364, 47.257509645396595, 56.70572965931538, 64.87268804239079, 72.38485491533856, 64.73823304073937, 56.48350087001958, 48.087198887027185, 23.56432012508634, 23.207869212976252, 24.21868703350892, 29.837354333777466, 34.439002886497754, 33.180623873650624, 24.58778346215854, 18.432639304757988, 14.51927340484864, 15.725784035794627, 48.790601608370075, 57.61248967175219, 66.36442533239587, 75.06900128752768, 82.69832763292874, 78.98985888851081, 72.9429440648143, 65.19737959647259, 56.68650944745074, 48.723730571774766, 19.756539734263264, 25.057191422235775, 34.07526452386111, 33.18319848470608, 39.61120911509536, 48.5524810034245, 53.2477099272566, 54.584804674602346, 53.19344030053353, 45.20330910744635, 36.29342855567842, 36.07084686131533, 51.906742720511275, 49.504665603011446, 51.55892668331184, 56.27076398989593, 60.053265596044966, 64.12963978066401, 73.49371478067603, 77.68660042519666, 76.64791889783422, 74.9209509280787, 69.76768818432477, 63.295251880441775, 52.78961153820518, 54.5884768814359, 59.13117195972176, 62.668133821596896, 71.92938678496903, 70.6183441194392, 66.15496182700275, 62.80934471736919, 52.03093964588306, 55.60754898650839, 62.94892815902403, 70.84165660479444, 82.01377805105855, 92.95906604553838, 103.3757303024827, 103.94675462648206, 113.15210016329708, 117.0514287006934, 112.24409474784862, 104.73209000336624, 103.3283188866602, 98.66661225117821, 97.02880040017286], [40.95384971159916, 48.23068935798959, 55.50827372979609, 62.317359108313894, 55.47189844213347, 48.05921071261257, 40.829591284906364, 0.0, 7.003503642670074, 16.199944193165514, 24.157584853352972, 32.45847887587392, 24.051749594838583, 15.80057033973638, 7.3676996949130595, 37.43050675284167, 46.38916779953646, 53.90717070023855, 63.4595152227181, 70.693518283608, 70.84222100119824, 60.44050520240705, 51.839040752282294, 43.33978316286164, 37.33911920846122, 19.288847290022648, 23.583264012491064, 29.916679187198785, 37.275857552223684, 45.09937188645476, 40.014419180011124, 34.07468602395005, 27.37121019267661, 19.67966614311277, 14.85352188015765, 29.162211201573964, 30.0147581350108, 38.71271319205031, 46.14433334047353, 48.537303623138044, 48.38807821628297, 46.41022652111255, 40.76972745068969, 33.003896778236445, 28.56104148512937, 14.091169176632896, 12.833872153869267, 68.90841421672167, 60.26512637940566, 55.87230573414862, 53.53935701398862, 51.39224237648286, 49.96697394901398, 53.32551520036222, 65.20094532297067, 69.50802665400062, 73.01110559498022, 74.3101770036672, 74.52823709498323, 68.3000847586148, 60.56285926228933, 56.785492006425116, 54.70395330946543, 53.54304067338777, 62.10766261238668, 63.86164997368369, 67.13721333659296, 85.52438048667757, 89.87935847861719, 94.63860906290469, 98.08935966322373, 106.1674595656856, 110.57993034539008, 115.03562623533921, 102.89487729353058, 102.27201253902425, 99.42378972460847, 88.15695680125621, 77.56788033142583, 72.42919821461582, 65.1362080585628, 62.71699444083728], [47.003395153789526, 54.31109683499521, 61.67281968274318, 68.63116572061577, 61.91020057846547, 54.464402481906816, 47.257509645396595, 7.003503642670074, 0.0, 9.452764993087685, 17.706265621219224, 26.852908027126546, 18.48326432313267, 10.77726609279617, 4.351256354762495, 41.765348122650536, 50.928301876860836, 58.724956013065764, 68.41507632494812, 75.92710230946092, 76.33654525076037, 65.81223392472664, 57.19546366321627, 48.69117136098865, 42.58638982513287, 16.65712939111121, 18.24800416444892, 23.316808212692273, 30.378765753515808, 38.693300565155944, 33.417929344934606, 27.084318468473896, 20.594387000669602, 13.600841038134147, 11.311432379415571, 34.49796240559855, 35.88370976089465, 44.38752097536165, 52.671078992999796, 54.782402057946584, 53.68438185888727, 50.97647194184169, 44.688209708064, 36.27278901194967, 32.45261488349693, 19.26142701291423, 16.300867317362165, 75.38389387877862, 66.42692897650825, 61.52764344449904, 58.475594777786476, 55.60651269765503, 53.367112862994894, 55.35373277754682, 68.3492035593809, 73.41401714661184, 77.57605395612158, 79.63030518445436, 80.50041266662024, 74.68940719437362, 66.31636360484478, 61.700045830419356, 58.93442694760142, 55.96362322266211, 66.02240766890354, 68.60874594721497, 72.5849863066228, 90.32847851292551, 95.60169216067194, 100.84011189693538, 104.36277665563327, 112.41633806215386, 116.46414598413412, 120.39159824134302, 107.07243462058103, 104.75398964670612, 100.45807046879115, 87.70923264310937, 76.25212832518321, 69.75511278727473, 60.80423210893171, 56.89476936883075], [56.377866234956194, 63.68505388218718, 71.06730223044353, 78.06410454349097, 71.35349634821915, 63.90259530093332, 56.70572965931538, 16.199944193165514, 9.452764993087685, 0.0, 8.486130375651436, 19.000871884771946, 10.563428954200669, 6.299180577043811, 9.914035273963725, 50.0464999968254, 59.381989035201066, 67.40440413820525, 77.21727023969696, 84.90247516237837, 85.45464726502283, 74.84819572309044, 66.20709832847886, 57.70337201193789, 51.513700041342446, 19.55301522382154, 16.179263897064818, 17.305786723177018, 22.645744558738997, 31.12716106753626, 25.12599246454653, 18.682451869523874, 13.723062059218888, 10.426937699527025, 14.406300795329349, 43.33431334866193, 44.154003666324506, 51.613554697952, 60.41831646373971, 61.90070915732813, 59.40694785838143, 55.62865210164098, 48.444243838058966, 39.46870583541985, 37.28503074282383, 26.753864405399643, 24.258012858622156, 82.69532160809563, 73.18466119014367, 67.52431875538144, 63.39362860842191, 59.4898312195339, 56.10256243956658, 56.19602147498761, 70.4493311009691, 76.51761692531457, 81.61661034024023, 84.83555335556169, 86.81773049859785, 81.8235905161752, 72.3535438408226, 66.49028359935369, 62.73648293662654, 57.30969117316203, 69.23899193544277, 73.02047950787176, 78.05325038022312, 98.91270281447977, 104.40818795909233, 109.42734176046855, 112.42611219958427, 120.00040461476635, 123.03000612485954, 125.89603075230572, 110.35397396086887, 105.83436715028746, 99.82734992407201, 85.43909889956623, 73.2417447862911, 65.4010688624055, 55.233595820876566, 50.46130244798183], [64.68348176903734, 71.99482543018466, 79.35265719499579, 86.20741633523791, 79.53830745243671, 72.11069031894932, 64.87268804239079, 24.157584853352972, 17.706265621219224, 8.486130375651436, 0.0, 11.706089324274995, 5.262984720233282, 9.955667678899491, 17.182334427918487, 58.468157196726324, 67.81033203458237, 75.82726532719677, 85.55946209758956, 93.13606164006727, 93.67797435724076, 83.258494796764, 74.65915279620887, 66.16974985814643, 59.99712883036709, 26.63003046591004, 20.842333111002734, 17.6159739264513, 18.616708890447015, 25.310546762673837, 18.556582186686082, 14.079364981038388, 13.828937467674114, 15.727878505003078, 22.00535933925036, 51.78790459866548, 52.01441483593666, 58.51090855550876, 66.97195064067832, 67.84113023021729, 64.45538558552781, 59.84045022468894, 51.82542676549018, 42.66884160981335, 42.63605476180006, 34.17561576327704, 32.59088566330399, 88.15482267434533, 78.49762648249065, 72.39239083734026, 67.42605091261774, 62.667793176191594, 58.21742670816367, 56.143262192912516, 71.38561900476893, 78.4116949468475, 84.30540457652033, 88.51253611077149, 91.35250885024232, 87.13373793149209, 76.98916130721253, 70.23849814939035, 65.62830543750717, 57.72666067166357, 71.27275742140463, 76.13346145769285, 82.0083323916014, 106.59447873841317, 111.54476445084764, 115.93034138874486, 118.20335384245415, 125.21510457630616, 127.19800979128574, 129.02953317605946, 111.87047457800868, 105.0378271044225, 97.4041714441805, 81.63897374159367, 68.90950671574605, 60.0794743182228, 49.476508334567384, 45.26454130614147], [72.61857274971035, 79.88679383889796, 87.0942620489839, 93.35441357744831, 86.99519682243402, 79.71130873198511, 72.38485491533856, 32.45847887587392, 26.852908027126546, 19.000871884771946, 11.706089324274995, 0.0, 10.721221958165028, 18.40830588541121, 25.391144788147148, 68.43833320990633, 77.43958646631722, 84.98323279198587, 94.09429929876711, 100.92899495090099, 101.24434176907299, 91.77729730780256, 83.46972722752163, 75.11248052510193, 69.21822232504117, 37.909814661878734, 31.89094306119632, 26.491236329834457, 21.665881852446855, 20.78625460754722, 14.822304832793112, 18.505978469779244, 23.50872427343572, 27.060556207703584, 33.14203221156666, 61.300305194459824, 61.20650464656338, 66.90695737082231, 73.32506309974262, 73.48181085644117, 70.08204692895943, 64.85375140578789, 55.68122513425087, 46.70850813252675, 50.297711472379525, 43.108425097004165, 42.79169129927887, 91.50338765584623, 82.77022389209763, 76.84539528591212, 71.33112470633026, 65.8139483123027, 60.06491002363565, 54.13675688399263, 70.50128133953179, 78.86646427469299, 85.5040377336809, 90.54957587174688, 93.76646283164078, 90.37627471851478, 80.49029201824088, 73.43239712556178, 67.94409086688982, 56.33795470318144, 71.81460336352204, 77.89774582817229, 84.36737752291516, 112.87141578687545, 115.81777487500885, 118.83393757373697, 119.96489026684765, 126.27437424549436, 127.07169920432965, 127.76300370299803, 110.5970887374224, 99.92715748906382, 89.85681305169048, 72.33939977116195, 58.7404229785163, 48.8629643753749, 38.77328348232103, 39.05727037840824], [64.98034200893244, 72.26223627822756, 79.5235288233057, 86.15347734415809, 79.3602713461531, 71.99462580227065, 64.73823304073937, 24.051749594838583, 18.48326432313267, 10.563428954200669, 5.262984720233282, 10.721221958165028, 0.0, 8.528109136515612, 16.700590220459993, 59.88159635732762, 69.26297379119212, 77.18795004713095, 86.87685754994693, 94.21056282105538, 94.50779407678971, 84.22453109001951, 75.59933175683236, 67.06748142216554, 60.90448707897476, 29.589317333420652, 24.934279348503054, 22.74168494635991, 23.435663313480713, 28.345985123667198, 21.579934351456636, 18.922372949808516, 18.823868823693232, 19.456404709151094, 24.59828938432822, 52.43532107081552, 51.44366889543032, 56.91630804258536, 64.58693903003119, 64.98741281484686, 61.24456917005674, 56.27037183318537, 47.81401168544571, 38.66508261307018, 40.25550031768095, 33.234513840481604, 33.440789746800704, 84.90369840453032, 75.14676617804953, 68.87089775112972, 63.558105743303, 58.476996710175285, 53.63917797231466, 51.00320540301486, 66.38304129525575, 73.63762600373096, 79.75186017097458, 84.30405426556085, 87.54192388600865, 83.7831858080689, 73.2659492675268, 66.17931311084833, 61.24871825196844, 52.65298994570351, 66.54120326418962, 71.74439148699214, 77.93352840719668, 107.80254821723351, 111.39306265633529, 114.6246595590483, 116.03036417280748, 122.4197409918458, 123.62931569090148, 124.92522217927059, 106.94929447762051, 99.97792451170734, 92.6284752487273, 77.36183823838445, 65.20877640185962, 57.42114285493486, 49.12239541918464, 47.89164376198668], [56.737608300500604, 64.00358382324782, 71.26218501188752, 78.0007955472954, 71.0831312191903, 63.702113278877235, 56.48350087001958, 15.80057033973638, 10.77726609279617, 6.299180577043811, 9.955667678899491, 18.40830588541121, 8.528109136515612, 0.0, 8.509388992697007, 51.79596609284223, 61.197062220600216, 69.12288798148082, 78.9176152039459, 86.32801463282718, 86.56774638476986, 76.07308953550431, 67.37954695217061, 58.81717499216409, 52.62277583718693, 23.68757092599731, 21.628223054917687, 23.123965714760434, 27.449984905198782, 34.31539992087091, 27.984895229094768, 23.131497180069733, 19.252998502604026, 15.829542028637404, 18.321634167451684, 44.037333201143106, 43.02352462896586, 49.06316923122025, 57.02840125043369, 57.922226254455744, 54.8917593081906, 50.65154818989543, 42.94472678006982, 33.86826470427127, 33.48538945318633, 24.890558336442396, 25.238684137820297, 78.50623432603106, 68.71480652241257, 62.760773940299934, 58.183515893159786, 53.90428307106827, 50.13946315522217, 49.97010631844924, 64.26842783502235, 70.50397522685157, 75.83404408445284, 79.44942010623426, 81.95388478894083, 77.5026861199529, 67.44045381202379, 61.114003598336, 57.00677032007455, 51.090752188140996, 63.25810329846007, 67.37850284042452, 72.79786416763778, 100.6127408243947, 104.43880868572116, 108.00831849269893, 109.923589151945, 116.7183029667752, 118.79694024478638, 121.03017220278878, 104.35444606296599, 99.96470139120804, 94.4972353435964, 80.86312686692251, 69.45065728351815, 62.89835165067601, 55.29696452232299, 53.60847247040941], [48.30527212190647, 55.57895591472468, 62.838994013298574, 69.55730245561739, 62.71915787192036, 55.330405055155076, 48.087198887027185, 7.3676996949130595, 4.351256354762495, 9.914035273963725, 17.182334427918487, 25.391144788147148, 16.700590220459993, 8.509388992697007, 0.0, 44.24722170221696, 53.39822693636995, 61.071952997350095, 70.6743512341954, 77.92306281756507, 78.10353389506629, 67.76018442847968, 59.14817816586765, 50.63233433207665, 44.56541944464564, 20.42321682910662, 21.66958437113822, 25.979784642241146, 32.06640765792111, 39.378649695393236, 33.817411648416595, 28.422945737739948, 22.81494973449063, 16.542402650035722, 15.028120615584305, 36.227139941011764, 36.143380356905205, 43.50846140801136, 51.039202771757296, 52.66217135693358, 51.16307113936883, 48.04664281254109, 41.226172281808495, 32.650017075291004, 30.399374255424714, 18.657170747521043, 18.38672808580523, 73.01753777789318, 63.90271573226319, 58.77955193223219, 55.34129552735304, 52.126071783858826, 49.509215461330854, 51.042336424316154, 64.2118228241927, 69.5207024454547, 73.92029662290788, 76.32914836729398, 77.59834553238458, 72.21634900253036, 63.40454979949747, 58.408540567350116, 55.305835682161636, 51.699406098455896, 62.11722580754852, 65.04995128364895, 69.36626440420221, 92.32328057985987, 96.28791438480785, 100.41698168383009, 103.09513217372644, 110.57028569876933, 113.86771680776154, 117.26774570299834, 103.15256620247179, 100.57470148197388, 96.40965872719224, 83.97961102151177, 72.9304594887024, 67.12991755688626, 59.675657182635305, 57.72126573394865], [19.540764388430514, 23.74457022635167, 29.970469980838704, 38.64366327665447, 32.586585943681946, 26.68695179928802, 23.56432012508634, 37.43050675284167, 41.765348122650536, 50.0464999968254, 58.468157196726324, 68.43833320990633, 59.88159635732762, 51.79596609284223, 44.24722170221696, 0.0, 10.113150335307292, 19.29430635138501, 30.906624121069775, 40.83737032709459, 42.146468785921755, 28.471027107785623, 19.61093256641504, 12.495978766679464, 7.869974037663145, 35.086038887021544, 44.48414488601464, 54.31784533487816, 65.0848658847122, 75.79518882558136, 71.93993619892149, 63.32473649917939, 54.10603178771785, 45.77543940461742, 37.568962082410664, 10.87454688626308, 23.425441570494698, 36.39848554849569, 45.796574727965464, 52.057138607589984, 56.60844482082037, 59.781275521473994, 60.81321638956587, 57.30313207735118, 44.454485655459735, 33.04585232194702, 26.948535313519272, 71.46143386138442, 64.84348859526474, 63.71648870946014, 66.2795301420246, 68.66687419562118, 72.04969041977581, 82.21473179933594, 88.8021767397876, 88.64884293827274, 88.38507226405815, 85.14142003756483, 81.38514188573727, 71.90212537520655, 69.15172445539166, 70.36776499375405, 72.70336657866866, 81.09865955798118, 82.35822307846385, 79.26050072997478, 78.09623495008913, 60.729521134746406, 73.66481169213334, 85.0807359418426, 94.26497832829062, 105.53484733381423, 115.78990656975901, 125.12347566072492, 119.97070363420129, 128.20542229116444, 130.09767410645682, 122.18550954314468, 112.66347357679668, 108.19736921395635, 98.97853402348827, 91.20555136436388], [18.34107889546376, 19.52326059347895, 24.113147990646013, 32.46034886957486, 27.885350840647064, 23.721146932295373, 23.207869212976252, 46.38916779953646, 50.928301876860836, 59.381989035201066, 67.81033203458237, 77.43958646631722, 69.26297379119212, 61.197062220600216, 53.39822693636995, 10.113150335307292, 0.0, 9.380732011637788, 21.165751169342467, 31.550607515162522, 33.23817199109056, 19.293885752695385, 11.450790186537784, 8.715413755932993, 10.714428589749152, 44.58269397499099, 53.759881790016934, 63.28842260571215, 73.72330392290928, 84.00096694064162, 80.58640700976609, 72.29081539902985, 63.32583920655892, 55.218553647022965, 47.119350892927166, 19.13890257340791, 30.733504079891784, 42.53839834258784, 49.682499866662305, 56.389886356203284, 62.470113969303775, 66.57183099191617, 68.33695531069316, 65.5473710488264, 53.10588740974097, 42.32057935468806, 36.71366937904743, 73.10830288380069, 68.24519196703189, 68.45705193481827, 72.15596379614767, 75.36033442122447, 79.33594980180737, 89.73995962126756, 95.42886031989676, 94.61901281516332, 93.52490095941906, 89.1619452474524, 84.04340583719147, 73.87914553212012, 73.31370108703538, 76.01767586540319, 79.12566777632097, 88.4571367260641, 88.54565112678524, 84.58689685921773, 82.26786430724106, 52.195213158303176, 67.19818464832737, 80.52689831073022, 91.39411366094895, 103.62895450253245, 115.6324337904475, 126.32699400938957, 124.41317523294931, 133.78269000201044, 136.37045217320545, 129.15449176011109, 119.81219324538863, 115.59243399456979, 106.29333919991169, 98.3674100763507], [19.502548205523656, 17.357155566985796, 19.340910395519494, 26.555117412382756, 24.095536824166462, 22.23323281402752, 24.21868703350892, 53.90717070023855, 58.724956013065764, 67.40440413820525, 75.82726532719677, 84.98323279198587, 77.18795004713095, 69.12288798148082, 61.071952997350095, 19.29430635138501, 9.380732011637788, 0.0, 11.858981018754521, 22.404166613969416, 24.34174436911934, 10.589103363968832, 6.495543119018302, 11.801877379755137, 17.387758362685744, 53.33607175047082, 62.3543711018439, 71.57553203436983, 81.5543367559268, 91.18477933205332, 88.12648862903382, 80.32835841571911, 71.6904841665015, 63.69940959272421, 55.659411896905, 26.955704908235028, 37.69432515482575, 48.468126845997766, 53.10991307045024, 60.007070913667526, 67.46124628026512, 72.25606592898508, 74.4431539381842, 72.25699671377075, 60.5790189167817, 50.18175232215044, 45.17279059943757, 73.70255698847846, 70.72831657968592, 72.21956870771929, 76.85866507723011, 80.69706061065105, 85.0670478922212, 95.39571233594086, 100.29056275178165, 98.99102020270479, 97.18598434657208, 91.85271695030947, 85.45134551639332, 74.77097400187427, 76.35092087419568, 80.40378956794426, 84.10564514988526, 93.98198861105962, 93.1063264863101, 88.46931348378229, 85.12940030537281, 43.70640791478086, 59.988747720829934, 74.86633425297292, 87.1794221800295, 100.24715254392667, 113.80742481634906, 125.70572287060853, 127.0900253205777, 137.21549479541704, 140.40042896971752, 133.93386651421733, 124.87149143614161, 121.06368720994452, 112.06938388318996, 104.6098177021315], [25.946144230370148, 21.261708522940623, 19.43918321718662, 23.11073074625495, 24.609313134920242, 25.848326712027493, 29.837354333777466, 63.4595152227181, 68.41507632494812, 77.21727023969696, 85.55946209758956, 94.09429929876711, 86.87685754994693, 78.9176152039459, 70.6743512341954, 30.906624121069775, 21.165751169342467, 11.858981018754521, 0.0, 11.027582330316374, 13.927600341562108, 6.680116856243461, 13.663607284497237, 21.576364313204298, 27.94257279473084, 64.01352529430248, 72.75018699398728, 81.50780717217891, 90.8427971733046, 99.6128336538214, 97.05435141077142, 89.91295138521309, 81.74728470068248, 73.99002332976487, 66.1093059534154, 37.71215829851558, 47.9445648950392, 57.86627439796405, 59.861265636078464, 66.74793181792721, 75.51666392631054, 80.84377439487196, 83.19842738016648, 81.4795817100468, 70.8247177526411, 60.50990169573283, 55.84065838030525, 76.60209322066736, 76.00992612092105, 78.87990651689215, 84.36919915950362, 88.7176707655811, 93.30409034823575, 103.13956819454602, 107.37103473343736, 105.7299044686193, 103.25251181848708, 96.95579388526018, 89.11921212236055, 77.99979909011677, 82.07029145983223, 87.49325504261883, 91.6687852405087, 101.6516076700242, 100.02194193488677, 94.82724896764414, 90.45993474041884, 32.699241981707694, 51.327173761064365, 68.66359050358743, 82.99924417142134, 97.19172732476657, 112.72822620786383, 126.05448350545115, 131.69123777896925, 142.14079547248204, 145.690218029436, 139.88426317153122, 131.0250905273556, 127.53705118532784, 118.72088893673472, 111.71905228390276], [31.688497060436575, 25.867501864210112, 21.585661030434487, 20.863151854753923, 25.89206445977566, 29.394693257173984, 34.439002886497754, 70.693518283608, 75.92710230946092, 84.90247516237837, 93.13606164006727, 100.92899495090099, 94.21056282105538, 86.32801463282718, 77.92306281756507, 40.83737032709459, 31.550607515162522, 22.404166613969416, 11.027582330316374, 0.0, 4.524013855224696, 13.629882026446083, 22.26690558008211, 30.139072707340645, 36.70116605550545, 73.09754943765259, 81.65815010751088, 90.03989232197463, 98.7089158881401, 106.48469326574607, 104.23882965002558, 97.87813059320918, 90.19166122022425, 82.51946475145418, 74.73986719313083, 46.30739712454499, 55.71745777549044, 64.73200699046815, 63.99349851533929, 70.67711915613867, 80.60605912908191, 86.33077131580184, 88.73630221901416, 87.54492257547965, 78.1998351121811, 68.21019505822227, 64.32179720035046, 76.60633324125405, 78.35276940780575, 82.49906027028999, 88.69184079624127, 93.44956360427321, 98.16538324774383, 107.39404507096519, 110.86060567632894, 108.92989824964437, 105.85084791800074, 98.73331404786789, 89.62018774904246, 78.27766261615649, 84.66274737243275, 91.32414051597159, 95.87157386326118, 105.82532306922842, 103.43190272361565, 97.78580784712801, 92.50842164107125, 23.074494069030006, 41.57903971389761, 60.49413280208409, 76.31718050892393, 91.32553125847083, 108.42966483075979, 122.90586549407905, 132.5563244502732, 143.18323740381732, 147.2135367616768, 142.3480269256498, 133.98177751679412, 131.190658343584, 123.26209819528563, 117.60524545344431], [31.076492454539117, 24.78459098478304, 19.597907296389504, 17.34179701829205, 23.31672897569393, 27.65305809341359, 33.180623873650624, 70.84222100119824, 76.33654525076037, 85.45464726502283, 93.67797435724076, 101.24434176907299, 94.50779407678971, 86.56774638476986, 78.10353389506629, 42.146468785921755, 33.23817199109056, 24.34174436911934, 13.927600341562108, 4.524013855224696, 0.0, 14.537616889623179, 23.006164595268913, 30.73576698710759, 37.32351946821083, 74.35558384836438, 82.99778424841193, 91.41533300974204, 99.98363509597692, 107.49864292483743, 105.13781171182598, 99.00040476209038, 91.37559236769998, 83.56414783941439, 75.7243674799875, 46.69467938505659, 55.27568277546353, 63.64261145754222, 61.75977471967635, 68.33302789803038, 78.65848342842366, 84.57207068155091, 87.13262762946317, 86.30763692722782, 77.48335282417992, 68.03831088237155, 64.86863207485672, 73.0274175798996, 75.41331466693394, 79.98321757486801, 86.45114322956768, 91.41349325735858, 96.2709818675671, 105.52872842264397, 108.4810191767643, 106.31754429286293, 102.98160861366387, 95.58319610429308, 86.13398700687357, 74.76778682464875, 81.80967935011587, 88.90608756780031, 93.64640038079808, 103.87495231980897, 100.9607198080061, 95.08108065890178, 89.4798646983943, 23.30819402920925, 38.36448219110396, 56.41022962736481, 72.04178920968336, 86.96257574632696, 104.15616420953141, 118.78872866693665, 129.16702568033813, 140.22481971103412, 144.76459714499254, 140.55266915177, 132.6409973647565, 130.44011848457475, 123.3942264132251, 118.76635538949216], [21.234490193661017, 15.701040164284466, 13.352763329009692, 18.066222491676836, 18.43421830406535, 19.898649529632458, 24.58778346215854, 60.44050520240705, 65.81223392472664, 74.84819572309044, 83.258494796764, 91.77729730780256, 84.22453109001951, 76.07308953550431, 67.76018442847968, 28.471027107785623, 19.293885752695385, 10.589103363968832, 6.680116856243461, 13.629882026446083, 14.537616889623179, 0.0, 9.228378296702944, 17.75907713722647, 24.409091087104002, 62.25695844894124, 71.28519877227498, 80.33610220923939, 89.83925441370195, 98.63372458831918, 95.69080296091349, 88.55881004356898, 80.24191663628127, 72.13805546326974, 64.04846195841841, 33.98517578149576, 42.95718943681638, 52.133230003447835, 53.49358522154233, 60.38483357123266, 69.3424190867672, 74.89801034852869, 77.6145868772413, 76.34726505228475, 65.85596920463246, 56.46130516775689, 52.85733467414205, 70.30743045175322, 69.51446065367834, 72.4824988611228, 78.17236917512841, 82.75037036152176, 87.60899276690085, 97.95733197792555, 101.59616955195075, 99.62015577243125, 96.95017226107504, 90.53074409479095, 82.7595396624833, 71.68217530984793, 75.66402085899756, 81.26611206631117, 85.6642632232879, 96.33375053267719, 94.06029679943124, 88.61010273044579, 84.09724379269811, 36.21369730849556, 50.91341617805046, 66.07670269537996, 79.25560824028324, 92.80143922716697, 107.6494753174279, 120.65475931120365, 125.46200547023197, 136.73752463609733, 141.02709029554765, 135.9577847648501, 127.6835775960545, 124.93383865818595, 117.29232800288246, 111.51328224145], [14.235318172652484, 11.06312715405233, 13.359469059766186, 21.267814416596593, 17.84691983911717, 15.794450566520828, 18.432639304757988, 51.839040752282294, 57.19546366321627, 66.20709832847886, 74.65915279620887, 83.46972722752163, 75.59933175683236, 67.37954695217061, 59.14817816586765, 19.61093256641504, 11.450790186537784, 6.495543119018302, 13.663607284497237, 22.26690558008211, 23.006164595268913, 9.228378296702944, 0.0, 8.65022285857249, 15.242037068380005, 53.47673405197986, 62.65480619813315, 71.93027770926847, 81.71543110063553, 90.9009811087999, 87.6304602656717, 80.21527598526175, 71.68771703700949, 63.4198727064398, 55.23658276220717, 24.801529295341247, 34.29476924392834, 44.41227607755344, 47.52706887060393, 54.42896842122534, 62.496669961298885, 67.55744268256224, 69.90390559921592, 68.18196285211899, 57.2152983214668, 47.5002632130363, 43.79658924836112, 67.2895636642444, 64.73601839242589, 66.64200511856762, 71.60618566812968, 75.69634580759978, 80.25108117266112, 90.67517866692198, 94.9981531716345, 93.4631255275314, 91.41187027375588, 85.82019886327319, 79.13978230243276, 68.39086435669925, 70.45580088184411, 74.9725524608913, 78.8965999166214, 89.14415120471085, 87.6728870165916, 82.78175169754593, 79.1351603912722, 43.79242187492686, 56.73768094687341, 69.9727902927495, 81.497966527831, 94.20596368107375, 107.44934630072648, 119.2701638706855, 120.96997533795133, 131.51140234417383, 135.29196216030496, 129.61148378141286, 121.1335744118228, 118.14662059136003, 110.46053497108008, 104.63424350236849], [9.685976561626916, 11.651039853147443, 17.644029941210313, 26.246552178608408, 20.72508711046566, 15.514226100171225, 14.51927340484864, 43.33978316286164, 48.69117136098865, 57.70337201193789, 66.16974985814643, 75.11248052510193, 67.06748142216554, 58.81717499216409, 50.63233433207665, 12.495978766679464, 8.715413755932993, 11.801877379755137, 21.576364313204298, 30.139072707340645, 30.73576698710759, 17.75907713722647, 8.65022285857249, 0.0, 6.681772070246339, 45.24132486464387, 54.48537648025667, 63.84896576675917, 73.71976753100341, 83.05989572845868, 79.53579478239789, 72.0284926986035, 63.43334706486633, 55.04144735576293, 46.80829354924358, 16.29365548932228, 26.95016121754282, 38.40155286858236, 43.072787820719675, 49.803192870360135, 56.93139127709612, 61.30414737164051, 62.951978950914224, 60.60841542119254, 49.513896708246776, 39.04431543754787, 35.16516168726501, 65.11195074464615, 61.09900340952787, 61.95896375515337, 66.05547678611946, 69.4971019630762, 73.54161082725824, 83.62526816759693, 88.82137270019433, 87.92217387808253, 86.58581437663231, 81.90444562110842, 76.26501915860469, 65.93701574329916, 66.22779749301644, 69.60172365759611, 72.89021451895718, 82.24212062345052, 81.84585299021009, 77.68231056752673, 74.97466599179052, 50.37168451626507, 61.641886444821246, 73.23898196695427, 83.29772199268339, 95.27789952715581, 107.04970582163111, 117.7297836057942, 116.85295315130725, 126.17722862396752, 129.21519934056684, 122.8271902297767, 114.08863873468037, 110.83419509184131, 103.12150535189916, 97.44980102944098], [11.726311712055505, 16.48098592880845, 23.2442453639474, 31.817894616086306, 25.455650198381775, 19.116782559177324, 15.725784035794627, 37.33911920846122, 42.58638982513287, 51.513700041342446, 59.99712883036709, 69.21822232504117, 60.90448707897476, 52.62277583718693, 44.56541944464564, 7.869974037663145, 10.714428589749152, 17.387758362685744, 27.94257279473084, 36.70116605550545, 37.32351946821083, 24.409091087104002, 15.242037068380005, 6.681772070246339, 0.0, 38.90836852804291, 48.25997588155434, 57.79913219158929, 67.89968960524381, 77.58160690245722, 73.78325735922321, 66.02052441434573, 57.25141333407809, 48.73440931228125, 40.4361097839007, 9.772034845661263, 21.823779579476717, 34.40746911601396, 40.95790627157308, 47.42445512856475, 53.422949663332105, 57.14672850389021, 58.28737833735221, 55.38553091824848, 43.86967327792787, 32.817361839939586, 28.602292699182332, 64.93991864444048, 59.53656490049225, 59.36865876485239, 62.64036368692847, 65.50015223245707, 69.13746045507106, 79.10841594700317, 85.01226081819286, 84.58866691703456, 83.86080816345077, 79.99292184560906, 75.36710829188206, 65.51937641223655, 64.13252574175624, 66.3938043324847, 69.13176558924182, 77.8476835850173, 78.33159068595455, 74.7853095356257, 72.93148398336369, 56.388105770197626, 66.92597950423406, 77.43222339605097, 86.39748914878295, 97.72331624624462, 108.28790565003493, 118.01477447909127, 114.75376590364051, 123.28147438998326, 125.77297929969887, 118.7880398063138, 109.83355360513528, 106.2943128969284, 98.4491063537208, 92.65030364219024], [46.96959788167314, 53.862393227921814, 61.238485821540145, 69.25771364174904, 62.56260474929814, 55.222800389122696, 48.790601608370075, 19.288847290022648, 16.65712939111121, 19.55301522382154, 26.63003046591004, 37.909814661878734, 29.589317333420652, 23.68757092599731, 20.42321682910662, 35.086038887021544, 44.58269397499099, 53.33607175047082, 64.01352529430248, 73.09754943765259, 74.35558384836438, 62.25695844894124, 53.47673405197986, 45.24132486464387, 38.90836852804291, 0.0, 9.650938700603481, 20.018886385134937, 31.711765404480115, 44.241833684917154, 39.437280611887, 29.345145823684792, 19.461069273948286, 11.487597456318749, 5.522036335995442, 31.427424557224445, 35.67120772814042, 46.03944536729292, 58.3184851610156, 61.61434760748126, 60.33675023535653, 58.60686996325931, 54.55992150673645, 46.876735749676186, 37.49815891900341, 24.178240757512096, 14.752359543630808, 84.59264