{
	"dissimilarities": [[0.0, 7.36264190228657, 14.806807384982289, 23.80892662321061, 16.856233623274715, 10.557898883019009, 6.86310100956215, 40.96349727745934, 46.88237276286586, 56.21952554842855, 64.5189455276347, 72.6079814258087, 64.93913502314636, 56.67522732476866, 48.30209632008959, 18.214548107042816, 16.655924995803836, 18.107684933088827, 25.389278401745198, 32.280239685569796, 31.76657944768132, 20.57526133811724, 13.20119720168671, 8.576954055202465, 10.732458334590914, 46.57383953954344, 55.42467719591554, 64.30299011819199, 73.35178082755664, 81.19459446564083, 77.85911543395657, 71.5133850409518, 63.52997449848137, 55.146469800182324, 47.16468123349651, 16.872766310783835, 23.90351587549507, 33.91267899121579, 37.19111271568923, 44.455123114600745, 53.615865514294036, 58.64611042620022, 59.16008142469962, 56.613093692315495, 47.13405222058971, 37.33718875283886, 35.10743011634478, 60.32765519138278, 57.18926384467421, 58.457157285098795, 62.78744440695582, 65.41733297526129, 69.35283873514166, 78.48053678861619, 83.63378205776665, 82.91017907735143, 80.5136300873751, 75.63337180705477, 68.64160841790452, 61.27201548468864, 62.28326230024296, 66.08478040988891, 68.64863116569022, 77.95883125755535, 76.76179743843026, 72.5904645158442, 68.66145138046859, 51.67881279259953, 60.701340402444664, 69.17452122419465, 77.87451277872542, 90.60606582249386, 100.01754365076175, 112.54728459158841, 109.50644734352753, 117.14004239950621, 120.57580977150776, 114.56085169895177, 106.86499437654813, 103.71017612434856, 98.3158257968906, 95.25112137710697], [7.36264190228657, 0.0, 7.8015992425698215, 18.090777970940138, 11.880216861265327, 8.658922162918083, 10.718039330107485, 48.306230273004545, 54.17657331608282, 63.492913158871616, 71.81770368531603, 79.95029825839956, 72.2929238644686, 64.02570362074722, 55.66156395409385, 21.9741461336601, 16.942741924362565, 14.656334411441014, 19.747390422051748, 26.139087430252598, 25.372699077863377, 14.056609809246826, 8.623264495706543, 9.94296407950265, 15.262156039764367, 53.19801003530096, 62.166785611171726, 71.14966540091248, 80.31755267544119, 88.24312272313222, 85.02488024660597, 78.58396873213576, 70.51048939810326, 62.141590397328244, 54.092372840387505, 23.046745927058378, 29.544094504746916, 38.22216498237172, 40.20315142550376, 47.609628292439076, 57.46212370716149, 63.140483116456586, 64.54851338761671, 62.72306009858646, 53.07562123627293, 44.17003372078037, 42.02557800382706, 61.43711255070675, 59.43640564021459, 61.60750286716916, 66.75723925929768, 70.08201758219312, 74.59202259036569, 84.31392421072002, 88.51219550355513, 87.07925825935492, 84.00811356559687, 78.27147001803301, 70.3963502496117, 62.625688840172614, 65.11785727189638, 69.93913853454434, 73.17464848387155, 83.57909700289586, 81.25733694885392, 76.34034480433462, 71.55875526782776, 46.73502436078938, 56.711923474754016, 66.35144497262957, 76.17302724499785, 89.35296685706938, 99.9668967749998, 113.47398559630518, 112.46960310406787, 121.57944838132896, 125.89146513719962, 120.67390537210528, 113.31545761696952, 110.51997996708035, 105.20959123514733, 101.93684915643121], [14.806807384982289, 7.8015992425698215, 0.0, 11.16010432317248, 7.535062607701878, 10.380353639631357, 15.913841415751412, 55.63354687620638, 61.64143931053211, 70.97957773252504, 79.2433034157748, 87.0509649754411, 79.56686757352247, 71.30924019639079, 62.89605295815458, 29.1986975270393, 22.660169454549205, 17.31388523170585, 17.35398957919674, 20.921418234011796, 19.235660393065924, 11.271638505658528, 11.869802164841456, 17.04740544117098, 22.882624561776865, 60.98123365573922, 69.90621048476406, 78.7869311144391, 87.76745221337492, 95.39139625912368, 92.31639583370358, 86.11135226088977, 78.16952657496581, 69.84764737895743, 61.83997956432824, 30.749007693958806, 36.205596732320835, 43.396482784958145, 43.08308961038251, 50.54410029910207, 61.43098292898092, 67.71663925010344, 69.68217971220109, 68.51455681338075, 59.43195364396827, 51.38882182938173, 49.73809498086911, 61.19767111351676, 60.89878012316524, 64.21422410098, 70.21073682790319, 74.20296900595577, 79.1517792984008, 89.06587717561128, 92.21139754875126, 90.16409385681632, 86.41144638670906, 79.73262294592537, 70.7427395593335, 62.62976569949526, 67.08863988950003, 73.1001973532616, 77.0191620997915, 88.10391718463688, 84.65555336982375, 79.02812576776492, 73.32355093831004, 41.63061457558138, 50.923414878362834, 61.140579887816045, 71.93491624884928, 85.53375625270391, 97.43679496299022, 111.91422615610085, 113.857981182247, 124.12727898751058, 129.2717546574034, 125.06471632194513, 118.20064306246158, 116.04576612174812, 111.26011732704879, 108.54420268702425], [23.80892662321061, 18.090777970940138, 11.16010432317248, 0.0, 8.935833240155842, 15.945795284475121, 22.22382111313997, 62.83857550604975, 69.18660386297859, 78.52481748180018, 86.5295742395391, 93.34968033214552, 86.36468761093178, 78.20822853407265, 69.7454575695719, 40.023229813719254, 33.69246123737035, 27.570555150287614, 23.33073953802121, 20.872741104215038, 17.2744460503835, 19.069856087724652, 22.789284491681215, 27.880578484887593, 33.30678514226675, 70.25613749986643, 78.88525351634605, 87.32422838057487, 95.59887282296701, 102.25332122750109, 99.38369202870219, 93.98562074746748, 86.55942504207863, 78.37182943102265, 70.60351970405969, 40.34291103722423, 44.132381965980606, 49.53775974644326, 45.28547013441952, 52.64777744065389, 65.17394247284116, 71.99588494607862, 73.9682140003089, 73.41017848194065, 66.13112161397102, 59.058269191303275, 58.50279735862659, 57.87777786113956, 60.449523820191786, 65.38383145281472, 72.28621908704741, 76.90814878739971, 82.05646649936477, 91.4110254602975, 93.25597469651879, 90.75958785800665, 86.30700345225661, 78.51336830270557, 67.91820494472287, 59.55880489872984, 67.00182505918902, 74.54485187585756, 79.18049996965544, 90.18731646070871, 85.56416385104433, 79.28127534478602, 72.49992074026697, 37.30604827471232, 41.31048020235986, 50.50196740571666, 61.995820525868716, 76.08952264018063, 89.52664409318707, 104.9959459235402, 111.76469482040635, 122.54499877219588, 128.44052720068066, 125.69506188012996, 119.6664957669147, 118.70925321650944, 115.28807253616499, 114.49921985712587], [16.856233623274715, 11.880216861265327, 7.535062607701878, 8.935833240155842, 0.0, 7.589671406449355, 14.719896364397062, 55.617561033047515, 62.1448296628465, 71.54339360088574, 79.63276994428334, 86.82297616170823, 79.35388032069149, 71.084946741873, 62.713630959478735, 33.31317179346848, 28.424236616215147, 24.416268675221467, 24.592437024420622, 26.170627407394463, 23.50373283592583, 18.62530255541131, 18.484529661013504, 21.582626229007555, 26.2664196262728, 63.09897948985125, 71.94559254152247, 80.71935435297513, 89.39042579982191, 96.49477225133512, 93.20175849192485, 87.45927508966493, 79.74238834560987, 71.30830535868284, 63.38453437148299, 32.52508432823074, 35.388985738260004, 40.73289596068374, 37.75980730359955, 45.21037380653618, 57.0876168495762, 63.74412468502164, 65.85859491098445, 65.32756625018416, 57.454756517313, 50.79381069081666, 50.768067158816415, 53.94511822390036, 54.470708328464916, 58.47876358942096, 64.96184139875506, 69.36360738019054, 74.55758008684575, 84.55425538145737, 86.75960484583797, 84.33618344934028, 80.22165945963752, 73.09495981705733, 63.627754201417105, 55.43509865236454, 60.826355724124916, 67.55120839892044, 71.8961088136621, 83.3703919233312, 79.0314607732731, 73.00205015199445, 66.8233926810047, 44.88826359320839, 49.426381621406136, 56.47847015554024, 65.83761219388627, 78.83449516394913, 90.16084125701259, 104.59631705790353, 107.03104612255781, 117.9437685993864, 123.95046802577765, 120.88032277728244, 114.7641506352589, 113.7603635323047, 110.63543641904045, 109.87422945503053], [10.557898883019009, 8.658922162918083, 10.380353639631357, 15.945795284475121, 7.589671406449355, 0.0, 7.4064446926835945, 48.12069602772201, 54.686184597585715, 64.09091157113998, 72.1957274651118, 79.53710240112724, 71.90949510180144, 63.613927162843034, 55.272102616111724, 27.685226776692204, 24.732832521659237, 23.222080833721723, 26.80083294075968, 30.699249163212077, 28.78648381828328, 20.787185314222125, 17.00503783923796, 16.889583371249923, 20.254740752063796, 55.85807717305391, 64.68394235015587, 73.48904559792592, 82.22735067934734, 89.47035418733812, 86.00046850479671, 80.1648852776156, 72.40259583521159, 63.912626135210026, 55.994461269274325, 25.458548541697066, 28.235332845917593, 34.632358044996025, 33.367965610177215, 40.913267386151915, 52.06527751969884, 58.20750650736994, 59.7340367272854, 58.633639764910065, 50.481433838616766, 43.26503591294538, 43.28640445623929, 52.93996523540773, 51.71271993998228, 54.620709550288275, 60.324564204443824, 64.11363190484225, 68.90676776388658, 78.72630162832498, 81.88657021023334, 80.06139548608799, 76.60443602595583, 70.39179259839189, 62.017198202605975, 54.164996746338986, 57.569304422454415, 63.17915748112192, 66.89430224762376, 77.73385063006047, 74.41819526794677, 69.05864585216503, 63.769508960913306, 49.711474036753096, 54.78508382562737, 61.086830937622025, 69.27068488404278, 81.74263256170468, 91.61801500609883, 104.99957096436984, 104.4550436838234, 114.20317056755556, 119.46445776084258, 115.53290731196057, 109.0292572173426, 107.59272242676523, 104.26919628946972, 103.39041444778252], [6.86310100956215, 10.718039330107485, 15.913841415751412, 22.22382111313997, 14.719896364397062, 7.4064446926835945, 0.0, 40.92161806582807, 47.44447103195067, 56.83960810980053, 64.91342850634591, 72.21399092598664, 64.68104052252676, 56.41308665197718, 48.02327478535838, 24.02580305501371, 23.39609223128653, 24.240192578607232, 29.81665808461911, 34.85675947604118, 33.535510086400684, 24.58604458337837, 18.689019570217212, 15.192906879026244, 16.439155171654868, 49.213452285037974, 57.818506119026544, 66.41204419893896, 74.95612579275952, 82.08576615651448, 78.61700735906614, 72.89718037709895, 65.28431367666064, 56.87841146124461, 49.09701996515475, 19.99202419946267, 23.47519947551352, 31.65884246860792, 32.08657381417453, 39.52809706644036, 49.87895058804321, 55.240165401867976, 55.63682495113684, 53.547616530072546, 45.53218909913567, 36.996177781636796, 36.66468787837199, 53.88665525687518, 51.45664513854663, 53.315075877026736, 58.04163751122587, 60.973816075193504, 65.03754433684752, 74.02471532429456, 78.4659852798674, 77.55833457631367, 74.91549447421447, 69.68605180852443, 62.24531649931973, 54.83645730791917, 56.62730514647944, 61.04180718588146, 63.935595640238354, 73.31949259588168, 71.47191088461389, 67.02673840810563, 62.73354030121422, 53.07860678693865, 58.465013555096554, 64.56532385541536, 72.0926952942614, 84.36336169977832, 93.28847608153094, 105.69489676955452, 103.37282938264343, 111.19121426127003, 115.19770215540349, 110.12121353508611, 103.05961296237295, 100.97017485025995, 97.15201066968345, 96.12985720292689], [40.96349727745934, 48.306230273004545, 55.63354687620638, 62.83857550604975, 55.617561033047515, 48.12069602772201, 40.92161806582807, 0.0, 7.523232465951321, 16.451293040079616, 24.27550621162865, 32.542640207423766, 24.06130173192504, 15.738174390610938, 7.663133129594317, 37.12402787936834, 46.096972713445076, 53.715104148906526, 63.54699331217186, 71.21935091143897, 71.31464168009713, 60.36375408639586, 51.698118087287874, 43.217347680325695, 37.192074433088685, 19.27766158018267, 23.413078317105892, 29.780789245998083, 37.196746631459334, 44.44112782228608, 39.59854843568851, 33.98506025378535, 27.266006716026112, 19.592395713623947, 14.960184709165627, 28.75604439954406, 28.221710952865458, 36.11097191327414, 45.31212067832145, 48.10661600927059, 48.808106019434256, 47.6136697000107, 41.33961865502286, 32.9412566768574, 27.93298575261945, 14.299702112264791, 12.934590137035268, 70.48999957611487, 61.73425836728519, 57.206186700569305, 55.01556584316789, 52.04674355356819, 50.79430125878072, 54.07317231893629, 66.11782120013052, 70.36923363889953, 72.82551241973307, 74.16186687507208, 73.75887051065776, 70.01160323537601, 62.21430324079086, 58.45840213436355, 55.714519849614476, 55.430189535601166, 63.01330071119425, 64.68982191616641, 67.01783273726832, 86.81246873853665, 92.64458786534821, 96.22442497126427, 99.46777470074711, 108.90497516251462, 111.52472273755546, 117.95114698988301, 102.2422181995359, 100.42986555025553, 97.89054048873584, 86.2267465104367, 76.1851634685489, 69.98089712151368, 63.883451226822, 62.12869472754834], [46.88237276286586, 54.17657331608282, 61.64143931053211, 69.18660386297859, 62.1448296628465, 54.686184597585715, 47.44447103195067, 7.523232465951321, 0.0, 9.407483618798175, 17.700008304245085, 27.219992060403214, 18.875737763593005, 11.313648516927243, 5.936400079157905, 41.138437653277286, 50.315311114988894, 58.238581580151994, 68.22096432343379, 76.2178247699239, 76.63205112714158, 65.53777049885906, 56.86023864769675, 48.378572217775805, 42.24950585124211, 15.789063692912858, 17.15184237691759, 22.410759205752647, 29.76834599003319, 37.643213765489705, 32.70463096120335, 26.54047479218111, 19.836058864053236, 12.731760688601323, 10.61985228337179, 34.03145615121729, 34.66696511971456, 42.65596463415111, 52.62197482850284, 55.12931560887755, 54.79122106003364, 52.83353349106669, 46.083544684503494, 37.15114017774273, 32.56090971088512, 19.835090604111343, 16.17825720668299, 77.7013658250669, 68.67571346931815, 63.69592670351466, 60.83942000972068, 57.21068257433826, 55.19047360231431, 57.16338795272843, 70.30802133570145, 75.28141878722889, 78.3773216387415, 80.4294313382617, 80.62552686724409, 77.15346351197073, 68.79656755167296, 64.27013306275512, 60.87360077875503, 58.922539277443576, 67.94164148225055, 70.4074196580471, 73.40203121067185, 91.33843880007477, 98.28590069823572, 102.64229964380534, 106.15402458687333, 115.68786581010231, 118.17280766922872, 124.10628565014662, 107.4415738869815, 103.97059004966081, 99.90037216039468, 86.62401224301284, 75.70392258569835, 67.83853080015437, 59.72641534769375, 55.94528852570405], [56.21952554842855, 63.492913158871616, 70.97957773252504, 78.52481748180018, 71.54339360088574, 64.09091157113998, 56.83960810980053, 16.451293040079616, 9.407483618798175, 0.0, 8.509023536291636, 19.428145487578735, 11.356719849841284, 7.455271790719772, 10.818832769813662, 49.6164863844954, 58.91854432512542, 67.00941637447052, 77.04392231017813, 85.12954337270956, 85.67495271742608, 74.60119440246882, 65.92705649456944, 57.45520891402005, 51.2754995583912, 19.09003456763688, 15.26287120430157, 16.283719681481717, 21.840967212941027, 29.6609596292717, 24.07427876982571, 17.96508783803355, 12.841693225801844, 9.680798773970773, 14.144715346240979, 43.057301158594015, 43.363500947798144, 50.3675871956809, 60.48818611300949, 62.28961278025377, 60.52174190687259, 57.44486699376714, 49.825460134329305, 40.395394812805364, 37.614879208541836, 27.326648216946662, 24.336956769625203, 84.80118046031582, 75.30341649728143, 69.62281479354104, 65.71334123517234, 61.11153418944927, 57.938600948155496, 57.96995461635924, 72.37133647284696, 78.35675041060176, 82.40776629821667, 85.61076460294579, 86.91259049932856, 84.07843688825966, 74.69664441252617, 68.98619982786117, 64.63511718993084, 60.223903676631565, 71.11089934729534, 74.76619394160834, 78.83500726440285, 99.72123556773057, 106.71295398034782, 110.8344669458361, 113.8343087280917, 122.92882202110374, 124.49575791168775, 129.33891387756347, 110.6621523980776, 104.91626531270678, 99.07962508326067, 84.10730412053752, 72.45220404924137, 63.09627996590459, 53.775322329318165, 49.170006164862514], [64.5189455276347, 71.81770368531603, 79.2433034157748, 86.5295742395391, 79.63276994428334, 72.1957274651118, 64.91342850634591, 24.27550621162865, 17.700008304245085, 8.509023536291636, 0.0, 12.13881628764564, 6.363986574074305, 10.425734702279021, 17.499532317369944, 58.09159738835131, 67.37954247710931, 75.43482118985933, 85.3321168443383, 93.25026121687331, 93.7879102301256, 82.98390698875696, 74.37260738685369, 65.92509071375518, 59.7703491243347, 26.34752913776679, 20.18248776924022, 16.604252308662925, 17.561481667716482, 23.438225134538087, 17.08505745517263, 13.106770800388095, 12.979066465404975, 15.284501841365227, 21.88636221436879, 51.5310951161376, 51.29328498567136, 57.370669791999475, 66.96527839296841, 68.17784923084062, 65.55779020252352, 61.65429965507248, 53.212221537004176, 43.56495136769985, 42.97901436423413, 34.66880418320784, 32.67860864387545, 90.0583470527199, 80.4210447341782, 74.31194293743997, 69.58511525807538, 64.20559846973289, 59.98460713240936, 57.90644905356174, 73.24986210740957, 80.18757168127655, 85.06436125910668, 89.22331655711854, 91.39102837707291, 89.17335579096628, 79.15209709005481, 72.57846396335611, 67.46716617001996, 60.5774834309092, 73.05426707570645, 77.76310254530752, 82.71370795324556, 107.21652278110203, 113.5509096380151, 117.01950498539505, 119.31005065681649, 127.86911400790562, 128.49220605267672, 132.23887870326217, 112.18259108080174, 104.09897634341476, 96.57284376643436, 80.17722533174057, 67.98078530909754, 57.48644835969985, 47.674155053728846, 43.68670769711914], [72.6079814258087, 79.95029825839956, 87.0509649754411, 93.34968033214552, 86.82297616170823, 79.53710240112724, 72.21399092598664, 32.542640207423766, 27.219992060403214, 19.428145487578735, 12.13881628764564, 0.0, 10.303894105561499, 17.746321395020487, 24.936560156397114, 68.24919421431349, 77.18037508650454, 84.72645579679951, 93.89568705310397, 100.9625141169026, 101.26383625265152, 91.57110015310987, 83.29093608092568, 75.00890013068586, 69.11607634010281, 38.154129470538116, 31.97685212281722, 26.4923334354333, 21.73572559748142, 20.075158876367826, 14.681452322728052, 18.808443908196796, 23.65875284258515, 27.263539368465388, 33.48885538223337, 61.02501405833889, 59.99673367505652, 65.01990379688131, 72.3919097465735, 73.08638353163045, 70.68376659758609, 66.29301740385723, 56.58798743863129, 46.861758737328394, 50.05867036052263, 43.410922025764975, 43.01408646174344, 92.54660036251805, 83.688838051034, 77.68599686655439, 72.383515112809, 66.33012577764342, 60.80880635320811, 55.10019301364014, 71.33160743890757, 79.61400797332031, 85.33782600969369, 90.28801606543634, 92.91675953705112, 91.47305975731399, 81.66390771893896, 74.6987667170516, 68.96224821594485, 58.22746166211937, 72.51845130717955, 78.41867060263293, 84.11297217705345, 113.44235493284492, 117.42851654758009, 119.28334261482644, 120.30496430804874, 128.04098831357248, 127.53138310506407, 129.81330888500014, 110.17097102313652, 98.29861046007476, 88.23650684257622, 70.16154591633723, 57.25728518889951, 45.69247708382055, 36.67478616276488, 38.12080484815143], [64.93913502314636, 72.2929238644686, 79.56686757352247, 86.36468761093178, 79.35388032069149, 71.90949510180144, 64.68104052252676, 24.06130173192504, 18.875737763593005, 11.356719849841284, 6.363986574074305, 10.303894105561499, 0.0, 8.391757873032862, 16.682318979064778, 59.85207727026341, 69.15884354815037, 77.06921058301242, 86.85969006084262, 94.43649762993955, 94.67965093724364, 84.11440496124891, 75.49659027273518, 67.00969664411103, 60.881990400239765, 30.011782412130344, 25.227254764838705, 22.867592738215976, 23.287512748506096, 26.931937267589436, 20.58472694733865, 18.91799363536847, 19.082135046329537, 19.831294286579507, 25.06292217186396, 52.350309225079336, 50.66317063715268, 55.5135929064552, 64.0944745151871, 64.81039536216593, 61.9385797997984, 57.71256191167564, 48.67213314486774, 38.93918716172942, 40.3382536422716, 33.675035695359924, 33.783131838151135, 86.02605502646043, 76.33135321272833, 70.05593524574388, 64.95793665964982, 59.25719499720658, 54.57773986467507, 51.727059608309624, 67.25532918516501, 74.49720256187895, 79.65205917877982, 84.19028750018761, 86.81882547559312, 85.02404673756442, 74.64578536461157, 67.72352648534338, 62.32270897518938, 54.47775539181168, 67.3877864175941, 72.49539148162297, 77.83221492932309, 108.46649293404846, 113.16966110921504, 115.19340041956805, 116.45283726641338, 124.31584041119966, 124.02471373655366, 127.1680154813791, 106.2747624814262, 97.82306985547343, 90.5247146570672, 74.61536031359948, 62.88548118206435, 53.58721085725609, 46.573911172171286, 46.511471026205705], [56.67522732476866, 64.02570362074722, 71.30924019639079, 78.20822853407265, 71.084946741873, 63.613927162843034, 56.41308665197718, 15.738174390610938, 11.313648516927243, 7.455271790719772, 10.425734702279021, 17.746321395020487, 8.391757873032862, 0.0, 8.52574619085403, 51.938154440044784, 61.21334718447151, 69.07444595067422, 78.92535265089687, 86.54179473171908, 86.71037431056443, 75.98559615193034, 67.32557203551761, 58.82064675581366, 52.69849089648212, 24.480672765301875, 22.211816450102095, 23.339537850224907, 27.159969187922197, 32.68349523826758, 26.812057246705574, 22.999683074234326, 19.612679188109023, 16.49885334496419, 19.152063555989706, 44.11095315427955, 42.42676313018704, 47.84871016571099, 56.67687711532397, 57.891918965319064, 55.88982775515553, 52.45005033684167, 44.04015621373355, 34.366603480952726, 34.00395479088509, 25.720876842390464, 25.908006460520927, 79.68455799956212, 70.10652741863916, 64.22890376108849, 59.89864123748913, 54.93279136220934, 51.26917914538017, 50.58453006181593, 65.15316722825006, 71.4513573828122, 75.78652057397396, 79.38569143012259, 81.18120383888771, 78.82133434914941, 69.01810999769793, 62.922345615060564, 58.255496416603464, 52.8883022653211, 64.18189949272092, 68.25069224494601, 72.74023312422145, 101.1533221883441, 106.08019294294988, 108.41855581793546, 110.17028087000732, 118.45322767630645, 118.95945268266665, 123.13094653231094, 103.57986912260904, 97.50257728820868, 92.02069739041167, 77.71861069082715, 66.65017658026453, 58.70974899680449, 52.362438105777244, 51.86877094362574], [48.30209632008959, 55.66156395409385, 62.89605295815458, 69.7454575695719, 62.713630959478735, 55.272102616111724, 48.02327478535838, 7.663133129594317, 5.936400079157905, 10.818832769813662, 17.499532317369944, 24.936560156397114, 16.682318979064778, 8.52574619085403, 0.0, 44.50566580766478, 53.4786302432809, 61.05692466490513, 70.67292732003524, 78.11883512914997, 78.23101255392726, 67.69350008625369, 59.146367149413955, 50.7236220757491, 44.75015095847263, 21.554690802752543, 22.41521998769416, 26.27191409001287, 31.878959514775147, 38.030261582236925, 32.938194907526565, 28.411600616878044, 23.2487096171137, 17.391038761399678, 16.309930971096502, 36.398528185927674, 35.40797136586144, 42.082305404882774, 50.589901124076846, 52.67155923319039, 52.39552484677246, 50.162146024629735, 42.561532332615755, 33.30194309584523, 31.11226999683146, 20.014578873934123, 19.547004429801923, 74.33899727873575, 65.45637863790994, 60.414529579789516, 57.232649334923394, 53.27384922575703, 50.744638659225814, 51.74309555261813, 65.1485544040229, 70.53733358149444, 73.91409853800393, 76.27632441265543, 76.7525954399361, 73.66958215108787, 65.16060992790717, 60.390034905325635, 56.717626920489515, 53.57828748968847, 63.104492694231745, 65.98391232595499, 69.31781464063698, 92.84717286945198, 97.93543652019211, 100.84164804199344, 103.35029452950361, 112.2885804312305, 113.98534559378272, 119.32016497871433, 102.43576357774674, 98.17470187101132, 93.98143222735109, 80.9540967291011, 70.31719823128653, 63.259626434330755, 56.96331287423205, 56.09485828840581], [18.214548107042816, 21.9741461336601, 29.1986975270393, 40.023229813719254, 33.31317179346848, 27.685226776692204, 24.02580305501371, 37.12402787936834, 41.138437653277286, 49.6164863844954, 58.09159738835131, 68.24919421431349, 59.85207727026341, 51.938154440044784, 44.50566580766478, 0.0, 10.196726722225424, 19.501627296952865, 31.73816356625396, 42.24139053432321, 43.30802679494301, 28.667000438785553, 19.56829880472209, 12.176619490832133, 7.610271514502293, 35.01760144175116, 44.381160119854215, 54.1793782552561, 64.79832511848647, 74.78643513267858, 71.17567093824937, 63.003276554730334, 53.94092326356127, 45.62667182187459, 37.410694380571464, 10.933276765079944, 23.020144929118715, 35.37831511021996, 45.98991955590901, 52.00440090536485, 56.79769738514932, 60.21637041277819, 60.76581730337541, 57.178752169805385, 44.37286640817324, 32.967949530938284, 26.84154200529787, 73.36956384354784, 66.92065301360755, 65.69916180656878, 68.17819701805757, 69.5239260033491, 72.84121803603686, 82.47646704236631, 89.53622329208142, 89.47176181335001, 88.211838763484, 85.14975534022788, 80.65798978012383, 74.01203468294875, 71.12250043269529, 72.28103906309912, 73.47884588994259, 82.45139631060037, 83.23815522572298, 80.28693919848365, 78.13783501661877, 62.61950679596135, 76.90444403875806, 87.23180913434706, 95.99918926022303, 108.35751209436633, 116.50844940208742, 127.99174602009984, 118.9512425674421, 125.95338947920864, 128.21749573219583, 119.9766023520913, 111.03803309665578, 105.69664569362412, 97.57637793546907, 90.22561547343547], [16.655924995803836, 16.942741924362565, 22.660169454549205, 33.69246123737035, 28.424236616215147, 24.732832521659237, 23.39609223128653, 46.096972713445076, 50.315311114988894, 58.91854432512542, 67.37954247710931, 77.18037508650454, 69.15884354815037, 61.21334718447151, 53.4786302432809, 10.196726722225424, 0.0, 9.492916380982768, 21.961385609953805, 32.92532844710679, 34.321399161607935, 19.35773882336222, 11.23062921272348, 8.242560773099887, 10.539093872663866, 44.57660411956984, 53.68337635300818, 63.14237569023088, 73.41600172026743, 83.03283411255549, 79.86003616538218, 71.977136960976, 63.16791479771433, 55.09470438702575, 47.02400661644549, 19.11252967390892, 30.241085704231025, 41.51469252779524, 49.671929102495774, 56.30842620968749, 62.78465602985976, 67.15713747645742, 68.40845394635826, 65.46529460159186, 53.09754245998898, 42.32395722710397, 36.69000941078138, 74.98871062799557, 70.26675938406827, 70.37411470746456, 73.99301547685515, 76.19280025583004, 80.09890502751499, 90.00022317641924, 96.10947187843028, 95.4064127721131, 93.3464373602933, 89.11498157292291, 83.18498123181556, 75.92752350815034, 75.24299759602398, 77.87652855210408, 79.9267106572349, 89.74570739598458, 89.36038187710318, 85.53307150207092, 82.24183417340734, 53.97683149948624, 70.22234698061884, 82.53293776064766, 92.95991222107699, 106.17865037738966, 116.14191859780735, 128.89809863585705, 123.44100796177204, 131.5809202647325, 134.46749174265338, 126.95139826280821, 118.23794138326936, 113.18037872716289, 104.87459403027705, 97.3294867343771], [18.107684933088827, 14.656334411441014, 17.31388523170585, 27.570555150287614, 24.416268675221467, 23.222080833721723, 24.240192578607232, 53.715104148906526, 58.238581580151994, 67.00941637447052, 75.43482118985933, 84.72645579679951, 77.06921058301242, 69.07444595067422, 61.05692466490513, 19.501627296952865, 9.492916380982768, 0.0, 12.592545842087256, 23.73453902615636, 25.339894730030135, 10.537028717098668, 6.349486682484263, 11.794350735596517, 17.49431981511182, 53.445275651807655, 62.35317445056738, 71.47597602681418, 81.2944638575807, 90.3473000092925, 87.52003590579928, 80.0884748833535, 71.59498098016097, 63.6576017910421, 55.68948198389307, 26.9690831964569, 37.06468704283814, 47.31581454475712, 52.85212776664566, 59.91704198193073, 67.96704129208263, 73.09376460010455, 74.71668717358372, 72.26649196911546, 60.6504791551141, 50.33017905260331, 45.295351461552, 75.58614614400189, 72.68638918865162, 74.05454489057585, 78.63345549856722, 81.52368555720024, 85.83652186940849, 95.72574208165136, 100.96388254161268, 99.77754709936843, 97.03996288701968, 91.77355345546653, 84.49585258532142, 76.7759433647633, 78.2556912247617, 82.22243689762901, 84.98819686607685, 95.26833647364603, 93.89135204964936, 89.35308409608513, 85.06290936380707, 45.39232854508097, 62.842418433536224, 76.76122558834761, 88.61785495515997, 102.55882790160773, 114.1679103553893, 128.00772020101218, 126.2434776868342, 135.15712374339907, 138.56149286269041, 131.82793642859542, 123.42993240213295, 118.82789281319899, 110.71675216754352, 103.61213682543722], [25.389278401745198, 19.747390422051748, 17.35398957919674, 23.33073953802121, 24.592437024420622, 26.80083294075968, 29.81665808461911, 63.54699331217186, 68.22096432343379, 77.04392231017813, 85.3321168443383, 93.89568705310397, 86.85969006084262, 78.92535265089687, 70.67292732003524, 31.73816356625396, 21.961385609953805, 12.592545842087256, 0.0, 11.576176824777773, 14.118426468405179, 7.153296634115002, 14.481442324299815, 22.382207409748514, 28.689187560830735, 64.55565382344398, 73.08815868198965, 81.64904747627, 90.74608179064693, 98.95673424258985, 96.65824201521858, 89.89682141130947, 81.91850594409107, 74.26974939563708, 66.54423564765531, 38.16317279679838, 47.552128802043, 56.95819043069229, 59.517854325692696, 66.9029850728035, 76.62118486297477, 82.36697765383656, 84.01645981823452, 81.84679081989547, 71.34846138286372, 61.13390914650224, 56.4359437639712, 78.50924873001935, 78.03280929898321, 80.82712459290214, 86.31023211850037, 89.77925176624073, 94.29523487972814, 103.67400234402092, 108.14898036627307, 106.66388302014002, 103.30035815069685, 96.95438924999156, 88.08445321849757, 79.96132320706188, 84.10410303218256, 89.47609498479436, 92.88645698877745, 103.06061251314308, 100.89969577430068, 95.76465976903616, 90.45784798431845, 33.45324595382977, 53.08404841093744, 69.73905898368045, 83.72528037701294, 98.70501588706819, 112.59102575458493, 127.67091889491158, 131.09772676620943, 140.232479485639, 143.80512332406576, 137.7625119725891, 129.6296843155216, 125.38767333462661, 117.29237266421998, 110.66552470943682], [32.280239685569796, 26.139087430252598, 20.921418234011796, 20.872741104215038, 26.170627407394463, 30.699249163212077, 34.85675947604118, 71.21935091143897, 76.2178247699239, 85.12954337270956, 93.25026121687331, 100.9625141169026, 94.43649762993955, 86.54179473171908, 78.11883512914997, 42.24139053432321, 32.92532844710679, 23.73453902615636, 11.576176824777773, 0.0, 4.428913516948598, 15.162502238376787, 23.90575469306096, 31.731139569193562, 38.122305932217394, 74.11356551896509, 82.39791174085913, 90.51940994907275, 98.91667243019143, 106.19495692524755, 104.21347872481509, 98.20801869519212, 90.72231472947053, 83.20328087168046, 75.64996469432208, 47.26551044961653, 55.581479360861806, 64.0080736320481, 63.686164015905895, 71.1798403869535, 82.3500607073786, 88.58807751867299, 90.169616922478, 88.34607107254104, 79.17201299909678, 69.37154594870447, 65.4485226213342, 78.72167925288198, 80.5404065226902, 84.61334062174703, 90.840381314355, 94.7991158461861, 99.44929424632838, 108.26202215497827, 111.8589862746174, 110.10615791538444, 106.19835260035954, 98.93095086968394, 88.6960497744032, 80.37061554944422, 86.9265944831703, 93.53407413681703, 97.50510932471346, 107.47213625066377, 104.51198418125912, 98.88092707246861, 92.70639512302125, 23.174199191744552, 42.65997828629576, 61.114518643686765, 76.67770668436698, 92.36595492328644, 108.0818214826088, 124.10279032355665, 132.35728891984712, 141.61429852251302, 145.50318334461835, 140.4419735408233, 132.8305400179853, 129.34713808226195, 121.99786835992911, 116.74912384425409], [31.76657944768132, 25.372699077863377, 19.235660393065924, 17.2744460503835, 23.50373283592583, 28.78648381828328, 33.535510086400684, 71.31464168009713, 76.63205112714158, 85.67495271742608, 93.7879102301256, 101.26383625265152, 94.67965093724364, 86.71037431056443, 78.23101255392726, 43.30802679494301, 34.321399161607935, 25.339894730030135, 14.118426468405179, 4.428913516948598, 0.0, 15.764248423462279, 24.406336637965026, 32.146738815580115, 38.56503557469186, 75.23819287816468, 83.62292944318587, 91.81142885347333, 100.15474022158426, 107.2386623105827, 105.11577625801844, 99.28302710353871, 91.82325481729353, 84.1514848351311, 76.52736768837688, 47.47366643054091, 54.89969352331159, 62.631895461418814, 61.24872342164141, 68.71270715133129, 80.31151131771446, 86.76708864685415, 88.50632132111923, 87.02243532425906, 78.29577171619394, 69.08710582459588, 65.87062635710029, 75.11425164102315, 77.4702198297362, 81.92478574001282, 88.42881429170649, 92.6307486402213, 97.44588094185653, 106.36176561202174, 109.42320728389303, 107.42010165760182, 103.27499541707003, 95.7170408899818, 85.17969289359624, 76.81517254704708, 83.96391041503168, 90.97479083391651, 95.19636956876535, 105.44788003084913, 101.96581178544187, 96.08297237674381, 89.61505792892889, 23.787573014170402, 39.9968955106148, 57.37260041193821, 72.66464053947045, 88.21761794522746, 103.94522154425168, 120.11045119586547, 128.9886901374164, 138.7329889717791, 143.15448909342183, 138.75904788698045, 131.5563558019743, 128.69692525288096, 122.21810598132282, 117.99815088010168], [20.57526133811724, 14.056609809246826, 11.271638505658528, 19.069856087724652, 18.62530255541131, 20.787185314222125, 24.58604458337837, 60.36375408639586, 65.53777049885906, 74.60119440246882, 82.98390698875696, 91.57110015310987, 84.11440496124891, 75.98559615193034, 67.69350008625369, 28.667000438785553, 19.35773882336222, 10.537028717098668, 7.153296634115002, 15.162502238376787, 15.764248423462279, 0.0, 9.44589690855638, 18.041121857154394, 24.652757009099126, 62.423893667722766, 71.322618878305, 80.27386075559392, 89.65082446943136, 97.98641845153192, 95.24444274177354, 88.40326707258443, 80.19620881115718, 72.15430629738253, 64.16504185936165, 33.99232960387131, 42.10078020054551, 50.681024691123774, 52.93041581310101, 60.253786915342786, 70.00465844243917, 75.971271236079, 78.07383737290795, 76.42526812059239, 65.92546663768886, 56.70869963515288, 53.071594641142646, 72.21640402583562, 71.3564945097412, 74.14785574911284, 79.795270946162, 83.51243428387905, 88.34283268797064, 98.36038634829075, 102.26210243708074, 100.39167240483275, 96.84027862819241, 90.42578955819025, 81.76193831355292, 73.65948225220085, 77.50310976239108, 82.97739657995587, 86.59845852593178, 97.59273942343317, 94.80595760929272, 89.413120743301, 84.0022124550031, 38.04052251026567, 54.05352739118476, 68.1884768293811, 80.84165853685093, 95.12548799958512, 108.03155647646109, 122.87085175400931, 124.78395593889114, 134.8975704736743, 139.3556282070143, 134.05826337804993, 126.41827879646122, 122.95158076320406, 116.09358598428554, 110.67082225668422], [13.20119720168671, 8.623264495706543, 11.869802164841456, 22.789284491681215, 18.484529661013504, 17.00503783923796, 18.689019570217212, 51.698118087287874, 56.86023864769675, 65.92705649456944, 74.37260738685369, 83.29093608092568, 75.49659027273518, 67.32557203551761, 59.146367149413955, 19.56829880472209, 11.23062921272348, 6.349486682484263, 14.481442324299815, 23.90575469306096, 24.406336637965026, 9.44589690855638, 0.0, 8.71690419305897, 15.300635230494093, 53.50069922119038, 62.58646547018899, 71.80681865672442, 81.50145707937077, 90.20764033174282, 87.12884660746485, 80.00489964112099, 71.56863692313293, 63.34051062113097, 55.225064513777305, 24.65979686251047, 33.273095500584404, 42.7604733989971, 47.05309760724446, 54.22679508666129, 62.92898200760122, 68.37845631204259, 70.16262211884373, 68.13850173142136, 57.101644831344686, 47.58830652082982, 43.85804178772242, 69.2650414862564, 66.63410945450549, 68.33476024493103, 73.2279028461904, 76.40483308218425, 80.94052275870762, 91.03817803730344, 95.67471958372226, 94.2218246736083, 91.25065619520961, 85.72537528933546, 78.2341629358798, 70.47358254285744, 72.31774430959844, 76.68615620855854, 79.73526756714374, 90.42207877632075, 88.43787422587174, 83.62385683444708, 79.06117846915028, 45.93278839194692, 60.33593388948306, 72.43700320636067, 83.42779476323729, 96.97368211892834, 108.12899856782197, 121.89416058208847, 120.2003157728765, 129.613825271995, 133.66296751459143, 127.73288021974587, 119.85642985967098, 116.12084266354397, 109.31667938384062, 103.85661073023766], [8.576954055202465, 9.94296407950265, 17.04740544117098, 27.880578484887593, 21.582626229007555, 16.889583371249923, 15.192906879026244, 43.217347680325695, 48.378572217775805, 57.45520891402005, 65.92509071375518, 75.00890013068586, 67.00969664411103, 58.82064675581366, 50.7236220757491, 12.176619490832133, 8.242560773099887, 11.794350735596517, 22.382207409748514, 31.731139569193562, 32.146738815580115, 18.041121857154394, 8.71690419305897, 0.0, 6.625956038764215, 45.19122837426832, 54.366466458225666, 63.71449200833472, 73.53659574620146, 82.40124630101026, 79.05747616260085, 71.82658981293702, 63.296584673541986, 54.928338941159375, 46.746383572982715, 15.992487290278328, 25.607219035943533, 36.41745014799706, 42.61377906378918, 49.549477203362045, 57.232188169101576, 62.013211643207676, 63.12515653347437, 60.505481513896974, 49.24394645825581, 39.05590592354159, 35.156040229914815, 67.16624016624824, 63.04447724477981, 63.67380977645472, 67.69194659151755, 70.18479885860468, 74.23307752138507, 84.02916750078558, 89.55129245011693, 88.70477520371588, 86.41225280074343, 81.83143367130309, 75.44672493099704, 68.11860793401056, 68.13436513108722, 71.34484566269113, 73.71007010711476, 83.60964631085935, 82.66089405334483, 78.57296270224435, 74.93356737564018, 52.66084526813923, 65.49895677957983, 75.91187215373553, 85.46097216111355, 98.36551205410963, 107.98732264607283, 120.66183349256436, 116.07668458318763, 124.31278778448433, 127.68766395831696, 121.03616424745002, 112.88813615466067, 108.85181230475499, 102.09131134147775, 96.79254715687159], [10.732458334590914, 15.262156039764367, 22.882624561776865, 33.30678514226675, 26.2664196262728, 20.254740752063796, 16.439155171654868, 37.192074433088685, 42.24950585124211, 51.2754995583912, 59.7703491243347, 69.11607634010281, 60.881990400239765, 52.69849089648212, 44.75015095847263, 7.610271514502293, 10.539093872663866, 17.49431981511182, 28.689187560830735, 38.122305932217394, 38.56503557469186, 24.652757009099126, 15.300635230494093, 6.625956038764215, 0.0, 38.8817088600378, 48.16657948966612, 57.684058629857674, 67.70773259390279, 76.82796585434401, 73.23364345926358, 65.8043334081094, 57.1277042040413, 48.63479536275576, 40.37742952623478, 9.537613758823849, 20.564344681449807, 32.54620836023716, 40.708923924561326, 47.24438281680653, 53.732299369782226, 57.8453097502415, 58.43651556435053, 55.298650869220495, 43.65749585560572, 32.84473765076705, 28.608313541522595, 66.96139335411809, 61.552808797763284, 61.19853848966412, 64.3949856430014, 66.26643300513166, 69.890575861013, 79.49291130559925, 85.77383703644796, 85.41125440893505, 83.70232841509835, 79.96232693812189, 74.60433022414281, 67.70015809986958, 66.0953723137939, 68.23058328732084, 69.97435080498401, 79.25127052357836, 79.19836904008493, 75.7477651944229, 72.93611031493643, 58.463921786513026, 70.55796016893002, 79.8958338786712, 88.4107344504471, 100.76891260887669, 109.19053565805126, 120.99104050059789, 113.90914592571022, 121.28284073662344, 124.1304002420791, 116.85290698833954, 108.461587439965, 104.10675189005072, 97.28520467536651, 91.9107904155906], [46.57383953954344, 53.19801003530096, 60.98123365573922, 70.25613749986643, 63.09897948985125, 55.85807717305391, 49.213452285037974, 19.27766158018267, 15.789063692912858, 19.09003456763688, 26.34752913776679, 38.154129470538116, 30.011782412130344, 24.480672765301875, 21.554690802752543, 35.01760144175116, 44.57660411956984, 53.445275651807655, 64.55565382344398, 74.11356551896509, 75.23819287816468, 62.423893667722766, 53.50069922119038, 45.19122837426832, 38.8817088600378, 0.0, 9.695061988557525, 20.141317313150196, 31.70591203843955, 43.22640724232636, 38.704947004802705, 29.20646862553708, 19.5040926975512, 11.523651923373642, 5.399927514785917, 31.459056064222814, 35.32591749066185, 45.072250042315844, 58.49621401721661, 61.540635992029344, 60.344800617916974, 58.88697365924536, 54.475877550868894, 46.762317476604785, 37.21939131405099, 24.112583927736427, 14.703033