{
	"dissimilarities": [[0.0, 7.294831419488798, 14.6597470263759, 22.868589673684227, 16.12496335478717, 9.662252013929464, 6.352493639514565, 41.92510062865845, 46.921218066114065, 56.30381819122866, 64.58229706455627, 72.22245912259292, 64.88046313454315, 56.64804366058604, 48.22361958355669, 21.292004553473166, 20.209755872981173, 21.132134730141274, 27.48558166856765, 33.56311276391772, 32.545046548782594, 22.419083981236632, 15.954192237738456, 12.395730691445866, 14.121111163696185, 47.89864199416436, 56.58948168140101, 65.27106200740587, 74.07916215447437, 81.6234343596951, 78.15471982727883, 72.11455713382477, 64.33554078188764, 56.0116998808691, 48.16949011728787, 18.58008228306648, 23.40945556139207, 32.48543697191475, 34.26072821937825, 42.19830052440259, 53.13491979952494, 57.52505323508446, 57.59108874086268, 54.60177316971508, 45.53770929472349, 36.76642441320946, 35.89309149815497, 61.94335745741729, 59.64427840863136, 61.051066478088735, 64.99298336819918, 67.48812348965383, 71.7221939285571, 77.92960702701163, 82.79169802883094, 81.27773188021631, 78.79694435050301, 73.80141786875384, 67.45078228300737, 64.15212550913103, 65.44887575834073, 68.63163572197287, 71.84646277549015, 77.28544332563963, 75.29852496603898, 72.09144779145784, 67.98620388623821, 51.95949542912564, 56.06690319364338, 65.97972586418447, 74.62105426863204, 87.84092039164244, 94.67547248657313, 108.94775808654224, 107.70063150815832, 115.6130996483087, 116.02542175531231, 111.53297532511002, 105.19433916668176, 102.3935834421669, 97.61017580543007, 95.43239356851846], [7.294831419488798, 0.0, 7.4166349780269005, 16.425376701451203, 9.993101108040992, 6.331974485944886, 9.672706977538088, 49.172144759397, 54.19969483697391, 63.57366515713541, 71.86161758570074, 79.50750362679644, 72.13334703413764, 63.87942786726089, 55.47028071423487, 25.042715395049573, 21.139861117442706, 19.075140675441794, 23.118944098982745, 28.209583759367987, 26.701791598545913, 17.257053016991055, 13.105616842010106, 13.856135761127339, 18.118616324634335, 54.57423714446059, 63.424356968649505, 72.24521059598928, 81.17548848518707, 88.77137049420915, 85.38375842396265, 79.27443678213325, 71.39729137920435, 63.0384730135614, 55.09750804749196, 24.38110751966128, 28.75415015872197, 36.30911585641811, 36.50995857522613, 44.54913117506743, 56.20996913177912, 61.35213103513067, 62.40060319844571, 60.30468625148129, 51.1889860887346, 43.43206497213178, 42.69579040821917, 62.37157996146402, 60.9631342609862, 63.293572794586424, 67.98881865467813, 71.22541639037247, 76.15395210127717, 82.78721931492886, 86.84785087443444, 84.59736015003104, 81.38797065723203, 75.47338070866358, 68.51141516422287, 65.03411207629925, 67.54919524827865, 71.584791729346, 75.47621129800585, 81.7095819114695, 78.96526860744653, 74.91315044923279, 69.90501389099286, 47.463586255525335, 51.721552532463264, 62.43492469507714, 72.04973949831076, 85.666857068476, 93.6127013940057, 108.89331312272093, 109.69857716364132, 119.21331161943277, 120.73917873689348, 117.18075968468818, 111.3175341311094, 108.95128972650731, 104.46159211601297, 102.2965943437853], [14.6597470263759, 7.4166349780269005, 0.0, 10.224072135616217, 6.441674929295796, 9.679059202508942, 15.919130033703667, 56.5297570636109, 61.57675739280324, 70.9634976155001, 79.24055835855643, 86.78734228312504, 79.47994076680105, 71.2360394884649, 62.812856727419124, 30.74033059383619, 24.94080146464107, 20.143643092653573, 20.43021385773338, 23.38253741520868, 21.14737345248948, 14.34223496836905, 14.55524766030846, 18.937847852722125, 24.309716569113142, 61.73321357824447, 70.62464842188957, 79.45215828812385, 88.3559082767792, 95.86010117086674, 92.61050368869832, 86.55282494839588, 78.6899329295706, 70.36124836864433, 62.40009415774205, 31.34775286799218, 35.39784531401112, 41.728628352879866, 40.27922634458458, 48.29367100276339, 60.60820493248951, 66.31545415420277, 68.04754526531862, 66.59107181508041, 57.704148737319684, 50.64665275243778, 50.01316931953352, 63.68619078122658, 63.317036604930735, 66.5714449188633, 71.92491045933366, 75.78520976963596, 81.22261080537186, 88.07162423439728, 91.43614460362592, 88.57486903256694, 84.71496411064253, 77.96246599888441, 70.4130934569037, 66.78698151388791, 70.57927197325314, 75.39643526493451, 79.84235673910267, 86.65317481481519, 83.3050337985643, 78.52737985629285, 72.70057708377249, 42.876077009076305, 46.98182169963592, 58.55840738135341, 69.23436176687557, 83.31530143901013, 92.57752989641993, 108.80713722359138, 112.11441475866864, 122.90331572751026, 125.40032373631544, 122.66242065244957, 117.19154812335806, 115.23593821537018, 111.0086706279416, 108.97203185053323], [22.868589673684227, 16.425376701451203, 10.224072135616217, 0.0, 8.680097053409133, 15.73445321799321, 22.317710518630577, 63.57324281970588, 68.79510746955059, 78.28175181462524, 86.43566125758404, 93.29490972830263, 86.29748158806214, 78.17930211924161, 69.70488828154434, 40.811913331461405, 34.819764910367525, 28.896215094939578, 25.157697128435284, 23.011531673304624, 19.338464581592433, 20.725806748764015, 24.052582974214364, 29.012136914647975, 34.25194706699673, 70.68820003989212, 79.30344566031572, 87.71221763773404, 95.96828348425171, 102.62533616655638, 99.62316032266614, 94.25509050816713, 86.87273014195956, 78.72100995775746, 70.98654181570183, 40.767599948897114, 43.56828618072438, 48.33645418516134, 43.21098749168493, 51.35909959007822, 65.23444693225721, 71.27451815658107, 72.99661834855958, 71.87434436540401, 64.63100004725268, 58.42298344664261, 58.68636483649227, 62.14264736591672, 63.648007770993786, 68.27243579298288, 74.34898515519407, 78.79094103419152, 84.41454392166953, 90.89658592429348, 93.49604055640381, 90.15579984998492, 85.616750051004, 77.95486098820528, 69.57177448190984, 65.78054349716034, 71.58339808808546, 77.34887512385976, 82.22825691614965, 89.21332930594625, 85.43613084458161, 79.96283258847646, 73.21189864109631, 38.85726841952241, 38.05220538408176, 48.97560738970927, 60.365393942957816, 75.01588424530244, 86.01614593013409, 103.09061910075576, 110.83596221874896, 122.18627765645523, 125.7569502422599, 124.19309162497098, 119.41912685012136, 118.41913731706148, 115.34064715707213, 114.91762154456742], [16.12496335478717, 9.993101108040992, 6.441674929295796, 8.680097053409133, 0.0, 7.5793578573083, 14.728993386958258, 56.540954410294745, 61.91356271400174, 71.38188711041151, 79.60942870068602, 86.79822914934162, 79.33771905669448, 71.09434924336429, 62.713520892061304, 34.593394254626524, 30.102957750163124, 26.30065891414719, 26.655441755311298, 28.15047137726102, 25.261331307673768, 20.67496503141183, 20.41839371354752, 23.293136969486227, 27.696125740886973, 63.774719019080756, 72.57337671063868, 81.28981841856307, 89.91545100687254, 96.9737842168736, 93.54524978287807, 87.88297778933186, 80.22761592323522, 71.83070078542106, 63.966739486931324, 33.336772835931825, 35.110590195854776, 39.71869794852821, 35.79106200735186, 43.905408870634936, 57.182259761804914, 63.1069825009789, 64.94726071998682, 63.98049450947188, 56.17960546497801, 50.411987632345756, 51.201556141494514, 57.64223213111489, 57.811137336155376, 61.60186195007873, 67.30473556062256, 71.50215092313323, 77.16168596393558, 84.03106818219742, 86.85135682253694, 83.66422776677238, 79.48036683072041, 72.37586573759783, 64.56036417407277, 60.8817714543511, 65.33787119222117, 70.57628202669241, 75.2824619442879, 82.35560777036923, 78.65500780206672, 73.49882298114845, 67.28193329872671, 46.04152654222778, 45.84404308679987, 54.81217070224446, 64.33582104531861, 77.70498050210412, 86.34137266767095, 102.58433684466394, 106.24483856837668, 117.63965582846012, 120.93780639636381, 119.2035359303546, 114.5535911332193, 113.43567721152604, 110.65069523419005, 110.28350151870353], [9.662252013929464, 6.331974485944886, 9.679059202508942, 15.73445321799321, 7.5793578573083, 0.0, 7.300186884985961, 49.07994834273322, 54.4835394225046, 63.935129627163086, 72.17829716498278, 79.49685395545211, 71.89383448649289, 63.618001800963555, 55.26658251570014, 29.212262971028693, 26.640287171067975, 25.206962915549084, 28.722573907457285, 32.428280065276994, 30.24595200557334, 22.628468483847975, 19.06563811462134, 18.96047058686205, 22.018904691436784, 56.62352600619461, 65.3859717567319, 74.12387729908387, 82.81061834363307, 89.99608812301149, 86.37791711000024, 80.6376726947651, 72.94235634976947, 64.49128201704727, 56.6464800316173, 26.468599873484525, 27.919715445837944, 33.47808962995867, 31.222186150692732, 39.44289050110349, 52.08150361079321, 57.4857302330099, 58.72043117282144, 57.20062969639168, 49.102218542956344, 42.86383435424554, 43.79363569003675, 56.13321877909873, 55.059506519204845, 57.822079562340114, 62.851729001238155, 66.43410150155255, 71.64422277258079, 78.39919589485483, 81.9090427705148, 79.31153330297548, 75.79135297782963, 69.56436235844419, 62.399302176542875, 58.88059559457767, 61.88079131703526, 66.29841964937435, 70.4664784598166, 77.03579055181837, 73.90135825085511, 69.46897702773039, 64.10864152975506, 50.716837850130844, 51.24674465264406, 59.487754955985444, 67.87076631180983, 80.6544626032478, 87.76065132117874, 102.98050474168869, 103.69688816746182, 113.91545796903198, 116.27038450178146, 113.74988496159351, 108.75592265215312, 107.24868233962866, 104.27884165096837, 103.81497352732934], [6.352493639514565, 9.672706977538088, 15.919130033703667, 22.317710518630577, 14.728993386958258, 7.300186884985961, 0.0, 41.830022921521525, 47.26076685842601, 56.7268748764689, 64.94595431905785, 72.20311045614756, 64.62350627640446, 56.36783765270817, 47.99909205978927, 26.174356827428696, 25.995725638554624, 26.849617320997442, 32.33797867321149, 37.13227194606842, 35.458899653327585, 26.794496424959327, 21.184938543841593, 18.01127461515142, 18.972466748098572, 50.27897979515567, 58.823577704135765, 67.37018437839063, 75.87085173680973, 82.93379810825103, 79.2314735639595, 73.6217369282709, 66.07410835564052, 57.68043287701081, 49.98268338903828, 21.355380538184424, 22.50782441465103, 29.419087917923818, 28.617566383784524, 36.839025202462366, 48.852246918722074, 53.479303783850156, 53.65055114608834, 51.19941796167172, 43.27089700657386, 36.16541096932373, 37.26182857591417, 55.66265254530723, 53.6303370257897, 55.40943820207464, 59.65180737714353, 62.46052428381088, 66.94945276809099, 73.26166863780452, 77.61286118764606, 75.7876151529038, 73.03004968342174, 67.77213323219787, 61.24656260300298, 57.91596798087709, 59.61862632791125, 63.141376897261004, 66.60108221205003, 72.3443144465044, 69.99946896194074, 66.44990861446352, 62.040672354329274, 54.84887574437454, 55.487913077168606, 63.055876289003365, 70.45908604652405, 82.84489597938406, 88.80833006596724, 102.9532921170427, 101.57381726498109, 110.09754425351126, 111.31136509528379, 107.8585438250976, 102.40756792014805, 100.511314167053, 97.34653360892393, 97.01134681869632], [41.92510062865845, 49.172144759397, 56.5297570636109, 63.57324281970588, 56.540954410294745, 49.07994834273322, 41.830022921521525, 0.0, 6.077452852936171, 15.197179925170262, 23.250944662775016, 31.00397734120516, 22.969138481516236, 14.74477187700905, 6.3477217662462975, 39.362812212517674, 48.16723794354783, 55.56671788488133, 65.22386848989966, 72.72333778434982, 72.64446998991366, 61.920706248091925, 53.3651446295949, 45.00955833151659, 39.15830990111006, 21.72634248125809, 25.11522204217414, 30.700825543261228, 37.47260560339888, 44.186660362848436, 39.15575855829795, 34.1248065967496, 28.016017217998368, 21.000704721542014, 17.30577004102467, 30.75247229541049, 29.238200665805497, 36.29836101427009, 44.75518098024307, 47.652596899740956, 49.53778922518346, 47.45659724449032, 40.32416729536659, 30.76265435366638, 26.543257172805205, 14.47003532080143, 15.570135849462392, 71.17398134094954, 64.5083342905335, 60.22139931363452, 58.48927072547077, 55.47322398703126, 53.9306346095758, 56.14316324919181, 65.99888384841972, 69.61181291635002, 72.20747656315048, 73.64607412527482, 72.10372229707963, 70.49930891877119, 64.45224865849643, 61.621187795684115, 59.72902940632529, 58.743005712188, 62.32408221026929, 65.26605741005064, 67.54421127218971, 87.76419627297192, 90.06640574171594, 95.29054428183207, 98.58816777457287, 108.17168993603916, 108.22281878085553, 116.00997657060446, 101.62548074010208, 99.65613317981624, 92.9966898580707, 82.61573392891127, 73.67222631848001, 67.93625024552205, 62.26738163205864, 61.40786429245109], [46.921218066114065, 54.19969483697391, 61.57675739280324, 68.79510746955059, 61.91356271400174, 54.4835394225046, 47.26076685842601, 6.077452852936171, 0.0, 9.505818242406384, 17.70403413345608, 26.002365370064332, 18.434651459235404, 10.786413978286342, 4.348687790572807, 42.639915387750165, 51.63550574334287, 59.2836845794447, 69.05067606746104, 76.78390973867208, 76.95549957533615, 66.14711219341247, 57.57100803899973, 49.18126123856988, 43.21838201656835, 19.41305859242974, 20.63554242969852, 25.03035862392349, 31.433464945727298, 38.41323675461003, 33.27356751936379, 28.050424667038662, 22.257013257237663, 16.051902690536377, 14.44679142693467, 34.93008692850477, 34.43251278358027, 41.66238271410104, 50.71828074335927, 53.33718879245401, 54.279863325442356, 51.63496759381964, 44.09396602268276, 34.157422315451164, 30.44411042941871, 18.932362729465993, 17.87651955075943, 76.80428143309243, 69.957884320796, 65.30159853449148, 63.077572136782216, 59.52518699918354, 57.266333797243504, 58.753566705300976, 69.17724657392546, 73.42082823570557, 76.56307199815417, 78.5988503654042, 77.44949229424704, 75.97452094603901, 69.46989518882698, 66.11716183927554, 63.692535507496274, 61.836006468896, 66.12421082231731, 69.72314671366534, 72.56519352562856, 91.41013526670588, 94.66246299757219, 100.36617095430343, 103.77314703994325, 113.46659304403322, 113.47227898501745, 120.75606452030604, 105.63351581725601, 102.1813272609248, 94.21145250083073, 82.42358258726563, 72.50490377129408, 65.61140203281033, 58.33938731721122, 56.072299933530985], [56.30381819122866, 63.57366515713541, 70.9634976155001, 78.28175181462524, 71.38188711041151, 63.935129627163086, 56.7268748764689, 15.197179925170262, 9.505818242406384, 0.0, 8.358846136328744, 17.888722047343823, 10.543212799105405, 6.285791155399692, 9.99654558953977, 50.55017629895866, 59.82377264734809, 67.79128176989569, 77.77561323877578, 85.7405850665823, 86.07059466001222, 75.07962390070479, 66.41698822887783, 57.95364433095764, 51.83849919848882, 21.443447261983835, 18.345743361806683, 19.275631448827742, 24.038633625392873, 30.96549127604626, 25.024084246820962, 19.941799767138797, 15.727718981647751, 12.849019958644744, 16.398321918432053, 43.45308081297861, 42.78464351437788, 49.08306967808364, 58.683397066600726, 60.44274229640441, 59.53864338152552, 55.80793176451231, 47.547148059256756, 37.324839919983226, 35.18816109703144, 26.1381609255668, 24.916209444080497, 83.61785390727131, 76.26155634683103, 70.79879953339402, 67.59769121872803, 63.08689818992521, 59.63365907843822, 60.02613279039926, 71.16858528073118, 76.41448079880716, 80.53323316129163, 83.75418981795238, 83.52327613939413, 82.3759628717293, 74.80363880214753, 70.4263753786612, 67.0519763917932, 63.79519028309186, 69.18079834383155, 73.93789821430315, 77.89707327043408, 100.06903231726893, 103.68240446000512, 109.16289769858865, 112.06922968688778, 121.26938093374801, 120.34968651309295, 126.4988064950349, 108.96046779744498, 103.42415344302714, 93.70514169744558, 80.26155348805091, 69.51677534788604, 61.34198849394044, 52.953355456054275, 49.85054454086483], [64.58229706455627, 71.86161758570074, 79.24055835855643, 86.43566125758404, 79.60942870068602, 72.17829716498278, 64.94595431905785, 23.250944662775016, 17.70403413345608, 8.358846136328744, 0.0, 10.72442455946486, 6.327158029830297, 10.448928004633057, 17.462617940586256, 58.58803772694809, 67.88235201892473, 75.8850400046082, 85.80038024890735, 93.70501184273533, 94.09873117427188, 83.27513213226622, 74.6558543797368, 66.2154927847805, 60.09745323717534, 27.473232014459125, 21.77354150735194, 18.5960983295319, 19.52313825296704, 24.879354220123584, 18.239888845859262, 14.9811047128898, 14.933492124627948, 16.797181680775168, 22.924305325240127, 51.740144463145114, 50.882431738093075, 56.48745059912034, 65.81979319956935, 67.05328724326762, 65.19256553142046, 60.69866139713239, 51.79618300175874, 41.45719464114912, 41.188303771311254, 33.87587138974023, 32.93830258257541, 89.41235842564264, 81.88948243037564, 75.96631568310713, 72.06426112820408, 66.82968226197023, 62.30359687691841, 61.457038076105405, 73.13026322348304, 79.26506626647324, 84.16874290667093, 88.32209889158356, 88.75650071621065, 87.8683130736975, 79.68891797629054, 74.58697928506801, 70.42764032250192, 65.83987602938195, 72.19922922690876, 77.88920580754905, 82.68913988423091, 107.49875459494649, 110.92201065688499, 115.9711954171374, 118.32248774652145, 127.07214452410798, 125.43412641913045, 130.50035833980164, 111.5096817658304, 103.7596455867317, 92.37666162524516, 77.39606372290693, 65.872141982477, 56.59577666599673, 47.404475124012166, 44.3875107479327], [72.22245912259292, 79.50750362679644, 86.78734228312504, 93.29490972830263, 86.79822914934162, 79.49685395545211, 72.20311045614756, 31.00397734120516, 26.002365370064332, 17.888722047343823, 10.72442455946486, 0.0, 10.277193910584007, 17.827315083722112, 24.881246051145467, 68.03772137672084, 76.9979058773018, 84.55411955428094, 93.81210877876106, 101.00822753941037, 101.28938469269036, 91.4582665255584, 83.15849922489801, 74.92346102637606, 69.04697678646691, 37.83780708684089, 31.605740118014147, 26.03169387970829, 21.43542158955438, 20.46459005610623, 14.700676161793648, 18.324398548123266, 23.213275690419437, 27.050583707102994, 33.31908713420589, 60.88211602129089, 59.616814733338124, 64.52068348595176, 71.96620900217364, 73.01056931949763, 71.49696611095828, 66.47764370157772, 56.513152092461794, 45.79211779721242, 48.74111654620493, 42.6848876722355, 42.771613718087856, 93.113394745196, 86.0581309410252, 80.15313251540964, 75.78549262911456, 69.94703988545801, 64.09549309463688, 61.184536944501595, 73.42233726038813, 80.61620397435544, 86.22867311246952, 91.17065487365028, 92.00593041466354, 91.34740628474219, 83.23325746050382, 77.69080533861701, 72.72128646511763, 66.34590697340548, 73.89997771705788, 80.47607442538954, 85.9194508982264, 113.47315353694094, 115.29965606200298, 119.14063697918202, 120.47166925386169, 128.60153073671657, 126.35732610254824, 129.96607566913255, 111.24047485256348, 100.04754470720562, 86.5361781939269, 69.63040041825045, 56.93479818698835, 46.61959297818736, 37.43460542712249, 38.344871335880555], [64.88046313454315, 72.13334703413764, 79.47994076680105, 86.29748158806214, 79.33771905669448, 71.89383448649289, 64.62350627640446, 22.969138481516236, 18.434651459235404, 10.543212799105405, 6.327158029830297, 10.277193910584007, 0.0, 8.439520569052783, 16.67015401944214, 60.49401831129154, 69.79633604668616, 77.65474836028142, 87.47063209029477, 95.04681438791069, 95.15232901033583, 84.55093995251512, 75.93068411138985, 67.46952239309748, 61.387625024531985, 31.320203312214083, 26.90487166922589, 24.819717166208424, 25.33599500908462, 28.7681604988794, 22.24310325125478, 20.880857754754732, 21.013391501652727, 21.544547934140066, 26.387437293912214, 52.75736180724023, 50.42746365770034, 54.73715302360086, 63.048482168376694, 63.7927904705059, 61.70773378750242, 56.82584887663893, 47.31628046080219, 36.78815333204478, 38.58495857515093, 33.13576694278065, 34.33524656581126, 85.18319995902554, 77.60875665522008, 71.49089570627099, 67.25883558705102, 61.71319928066395, 56.7045126953615, 55.383282238195434, 67.18493279974778, 73.60337757925012, 78.78039893883587, 83.34131617787135, 84.13580302464786, 83.42290966488433, 74.9590046238253, 69.54429021493976, 65.0389597894611, 59.93127455289316, 66.62762933796577, 72.67945346763389, 77.8626248928807, 108.94290305363494, 110.66137046773588, 114.36986279942315, 115.78189340737634, 123.71062678254526, 121.10013767340062, 125.57288919809332, 105.60658913060895, 97.58281046761672, 86.38346916813069, 71.99422215957559, 61.313019494353114, 53.09093134591132, 46.82056214950655, 47.625440860969434], [56.64804366058604, 63.87942786726089, 71.2360394884649, 78.17930211924161, 71.09434924336429, 63.618001800963555, 56.36783765270817, 14.74477187700905, 10.786413978286342, 6.285791155399692, 10.448928004633057, 17.827315083722112, 8.439520569052783, 0.0, 8.54697389356151, 52.605033989570366, 61.886228655520036, 69.71069632914751, 79.61828421740601, 87.26174282266015, 87.28095866638279, 76.47191586231482, 67.79559887596439, 59.309178644521616, 53.229061014118045, 25.91595996107613, 23.964243785276828, 25.20125038955992, 28.999017631974088, 34.3713470792713, 28.216711514881215, 24.662701393701784, 21.413104412486994, 18.36406871108366, 20.692418402984753, 44.52195219263049, 42.05697491608411, 46.83379506272865, 55.48200275625784, 56.68078460069972, 55.44730748863011, 51.29595352442618, 42.3992688250077, 31.885217018393558, 31.774839969211335, 24.914275177012513, 26.493887522231898, 79.07536226108316, 71.57957462395504, 65.86208660653459, 62.317142018886116, 57.50249483690496, 53.65681279132678, 53.779940454131584, 65.00607417125364, 70.45863776600012, 74.81898474238702, 78.43141319380182, 78.57378479254686, 77.6014845974402, 69.6623370474604, 64.95701483213936, 61.27132373577513, 57.638299572466124, 63.26948592526725, 68.34928054273645, 72.69119568830408, 101.77075648652713, 103.62244541636784, 107.70219642549817, 109.63793980769272, 117.97898729977999, 116.01885025042412, 121.62417356387616, 102.9441090748663, 97.3928500885675, 88.0362550929876, 75.36748695412372, 65.58084044290915, 58.51290741124522, 52.84510737285786, 53.04908255676741], [48.22361958355669, 55.47028071423487, 62.812856727419124, 69.70488828154434, 62.713520892061304, 55.26658251570014, 47.99909205978927, 6.3477217662462975, 4.348687790572807, 9.99654558953977, 17.462617940586256, 24.881246051145467, 16.67015401944214, 8.54697389356151, 0.0, 45.27714304068151, 54.23796967099854, 61.74897095004239, 71.40114384397832, 78.85255646910858, 78.80600334605158, 68.21215889741791, 59.66277321741223, 51.28883975836448, 45.380400026262585, 23.14840848935773, 24.110784528516795, 27.85999448806913, 33.33990123601505, 39.34800581356852, 33.964482635133514, 29.663024844126973, 24.710880346930583, 19.124492097316256, 18.06651403883843, 36.89012910687727, 34.933933745573604, 40.90761387472686, 49.161906095495425, 51.34661973727459, 52.040130645618824, 49.016200326911076, 40.87989982679968, 30.583213377693557, 28.559349641764147, 18.833847504553393, 20.28842240845584, 74.19198549354394, 67.24136449658894, 62.36686105079147, 59.83888655560691, 56.00047764434031, 53.359595782106936, 54.529834973395594, 65.09150370151349, 69.57361667463, 72.95634663860419, 75.34837350575056, 74.50241498785485, 73.16839988628121, 66.36067670263091, 62.714079053997175, 59.992974482361525, 57.73830040998387, 62.30185640988171, 66.21535036163885, 69.40164342082232, 93.45947275458566, 95.37512602869583, 99.99836998729462, 102.6330527237194, 111.6859727743236, 110.90121144298534, 117.68513500193059, 101.72428920756602, 97.97191833795826, 90.05656148492712, 78.61069373389721, 69.20808368624742, 62.923496008558516, 57.25276305028288, 57.072848325230815], [21.292004553473166, 25.042715395049573, 30.74033059383619, 40.811913331461405, 34.593394254626524, 29.212262971028693, 26.174356827428696, 39.362812212517674, 42.639915387750165, 50.55017629895866, 58.58803772694809, 68.03772137672084, 60.49401831129154, 52.605033989570366, 45.27714304068151, 0.0, 10.199226399598208, 19.619811415033148, 32.013188879921756, 42.72941799101199, 43.638188399494545, 28.71009705801569, 19.5458646245906, 11.90456051234186, 7.271482425776262, 35.0007037428763, 44.362114692740484, 54.1985666257738, 64.9488537817993, 75.037445232039, 71.26842571696703, 63.08315027184728, 53.935322072346594, 45.58132389878668, 37.37150626406685, 10.877248784962903, 22.98568247460575, 35.258582666477, 46.18041137251825, 51.955580059875125, 57.25199808705377, 60.38767858433129, 60.761476053905554, 57.24712809745266, 44.06572771890141, 32.97086652980315, 26.824972919771398, 76.9167213750909, 71.98509332622803, 70.92664144777513, 73.19549992656866, 74.38173243259152, 78.01660583897905, 84.71488197842788, 90.82301586619721, 90.20157459442626, 89.01496193626845, 85.73965303039122, 81.11298339922631, 78.2834968618146, 76.28107648562768, 77.54298570261874, 79.78045016170877, 84.64918458571641, 83.55590257238444, 81.78450451228908, 79.49879031252972, 62.526206975439756, 74.18038118711723, 86.6834912855108, 95.89982952993822, 108.9602778091025, 114.54670925602588, 127.98006092949863, 120.5467008521733, 127.71262949484056, 126.12178554492631, 119.18777176520986, 111.23696787200537, 106.01240919744936, 97.69029366480915, 90.10357177602565], [20.209755872981173, 21.139861117442706, 24.94080146464107, 34.819764910367525, 30.102957750163124, 26.640287171067975, 25.995725638554624, 48.16723794354783, 51.63550574334287, 59.82377264734809, 67.88235201892473, 76.9979058773018, 69.79633604668616, 61.886228655520036, 54.23796967099854, 10.199226399598208, 0.0, 9.635769440419066, 22.27513391149196, 33.46312879015353, 34.677379232280124, 19.399902556185538, 11.197759617857542, 8.00828970077669, 10.447591598096663, 44.558790854116296, 53.65850476049337, 63.137542515737394, 73.51443688354298, 83.22375912639075, 79.91826678922503, 72.01921955549666, 63.14826622996312, 55.060185612912726, 47.00157206259673, 19.110946018649678, 30.173911108231444, 41.374099393673774, 49.75614648026114, 56.28727174926883, 63.3105134780831, 67.35310223998329, 68.41999108198311, 65.43733881596417, 52.75060892354503, 42.25703956166154, 36.677479271140406, 79.18963887094363, 75.47328551013796, 75.62395819162448, 78.84029994521808, 80.84233168148624, 85.10076628648551, 91.98132012130161, 97.45814977643484, 96.17039447046052, 94.17888326903118, 89.7962260283387, 84.25288895437653, 81.13714948970026, 80.77203373818269, 83.08957182293878, 86.03944277042041, 91.57407526343717, 89.82155382757483, 87.13830424316951, 83.75792609213055, 53.86233643950429, 67.60901627297446, 81.96350866865325, 92.71010366759928, 106.75335210023323, 114.2455758487371, 128.87232548776947, 124.9472738815019, 133.24342796968827, 132.52358378309918, 126.21327698732485, 118.36476319681717, 113.44534298916864, 104.9566851207973, 97.20395617391107], [21.132134730141274, 19.075140675441794, 20.143643092653573, 28.896215094939578, 26.30065891414719, 25.206962915549084, 26.849617320997442, 55.56671788488133, 59.2836845794447, 67.79128176989569, 75.8850400046082, 84.55411955428094, 77.65474836028142, 69.71069632914751, 61.74897095004239, 19.619811415033148, 9.635769440419066, 0.0, 12.751394940048916, 24.11053991695122, 25.518615078494463, 10.442873847530004, 6.302292563977097, 11.86527916478268, 17.648731351991675, 53.47901245594801, 62.36034914383243, 71.46150974844142, 81.32622275576018, 90.43609965108257, 87.5188649724506, 80.08946654237917, 71.58014111047513, 63.66648267933383, 55.725341962681654, 27.070076679955267, 37.03147247188689, 47.225771097762596, 52.811235640554386, 59.97826655768608, 68.72103756287287, 73.42700381785426, 74.81111905706538, 72.14123403239302, 60.2900100331793, 50.22844593971893, 45.33877327662166, 80.38776919136926, 77.9721134987123, 79.28493850069961, 83.3129971778832, 85.97955602042776, 90.64978718889004, 97.49621081839334, 102.42598499117904, 100.62093987705876, 97.94128783789849, 92.60032831345606, 86.21247379373273, 82.85690459550784, 84.10925618032583, 87.36528631144053, 90.87028310755758, 96.82939232772024, 94.58360107104265, 91.14668758188547, 86.81293087478586, 45.02959780826351, 60.10605458735718, 75.98008258912144, 88.04149907568318, 102.94691860399074, 112.2579418037697, 127.8600210442068, 127.61548759091272, 136.6525270512665, 136.71683665080783, 131.06428293014451, 123.4137485964257, 118.95155474650325, 110.67238691912252, 103.41030616303924], [27.48558166856765, 23.118944098982745, 20.43021385773338, 25.157697128435284, 26.655441755311298, 28.722573907457285, 32.33797867321149, 65.22386848989966, 69.05067606746104, 77.77561323877578, 85.80038024890735, 93.81210877876106, 87.47063209029477, 79.61828421740601, 71.40114384397832, 32.013188879921756, 22.27513391149196, 12.751394940048916, 0.0, 11.789330284668802, 14.127924998986298, 7.361794114656085, 14.785369707656482, 22.816574725529883, 29.131877522548027, 64.68977059015548, 73.17522357724509, 81.66934364626887, 90.75019192484568, 98.9869885582262, 96.64746276340864, 89.89777795169228, 81.95605072681421, 74.38154512227763, 66.70085692990759, 38.44115718451416, 47.597148715469025, 56.94043220985645, 59.353482534086275, 67.12123257775029, 77.69737558498458, 82.88738794326675, 84.24269865950163, 81.60673917508004, 70.9564288601214, 61.02217066672019, 56.59423187138129, 84.10552463881554, 83.370826744222, 85.98755605991651, 90.79011256179147, 94.02709544042608, 98.88805850752699, 105.3803131684629, 109.8594288803608, 107.67467583881425, 104.34854605380318, 98.05596748321251, 90.73809690425051, 87.14640567332778, 90.30978877371324, 94.51302878222735, 98.45920846631135, 104.56689466798082, 102.00396018343348, 97.9047157426979, 92.62505595522605, 32.85480423739643, 50.49052108034634, 68.83475191979551, 82.76488538946703, 98.9337642310405, 110.84528903525451, 127.45580002621678, 132.29807869263826, 141.5549776650284, 142.21954926875972, 137.06865581624754, 129.45895010461777, 125.42064640631007, 117.18673385008142, 110.461535811153], [33.56311276391772, 28.209583759367987, 23.38253741520868, 23.011531673304624, 28.15047137726102, 32.428280065276994, 37.13227194606842, 72.72333778434982, 76.78390973867208, 85.7405850665823, 93.70501184273533, 101.00822753941037, 95.04681438791069, 87.26174282266015, 78.85255646910858, 42.72941799101199, 33.46312879015353, 24.11053991695122, 11.789330284668802, 0.0, 4.393814568804082, 15.737209321101433, 24.49802287963028, 32.488425507037576, 38.86452296000523, 74.40026812232344, 82.61594644976098, 90.62713269959453, 98.94777533877645, 106.21853001666828, 104.24225651594598, 98.26135661768306, 90.86288137836002, 83.46603892511415, 75.97632066753715, 47.77478938569218, 55.77698876325276, 64.12784889921946, 63.4797884855781, 71.62308783958508, 83.82913976927333, 89.36059665114404, 90.58382687914742, 88.04962291046716, 78.8005472740718, 69.32033092989732, 65.77819719296394, 85.02558247351124, 85.8947784740207, 89.68393795422942, 95.12585539271498, 98.84334313169325, 103.8130037906084, 109.89204288332029, 113.8481176690021, 111.32899816018382, 107.43974294024252, 100.36011628504353, 92.2760263967471, 88.52665500719618, 93.43420076926927, 98.4567112803899, 102.74969030875188, 108.91930150973194, 106.07592905286651, 101.41184958012776, 95.33674202467414, 22.31284479784686, 40.079117137653554, 60.08930633616595, 75.38909268528205, 92.44925571489537, 106.52318828544168, 123.84035170013016, 133.41152690862032, 142.79040999121037, 144.18575492586686, 139.83811448700706, 132.61540844173052, 129.32588563181486, 121.8679773493033, 116.58144740886964], [32.545046548782594, 26.701791598545913, 21.14737345248948, 19.338464581592433, 25.261331307673768, 30.24595200557334, 35.458899653327585, 72.64446998991366, 76.95549957533615, 86.07059466001222, 94.09873117427188, 101.28938469269036, 95.15232901033583, 87.28095866638279, 78.80600334605158, 43.638188399494545, 34.677379232280124, 25.518615078494463, 14.127924998986298, 4.393814568804082, 0.0, 16.131988596299614, 24.82506522148044, 32.763291635042364, 39.17494609587047, 75.42830338515193, 83.75848188076945, 91.85562650662958, 100.14577828263677, 107.2491163399567, 105.11974936425685, 99.28878348682169, 91.89907608608299, 84.3405856426291, 76.76995332967705, 47.861871298377174, 54.967730974603036, 62.615855588522464, 60.92912499969361, 69.0855175399301, 81.73392217619309, 87.44955712176576, 88.84063821966774, 86.62609311995608, 77.79091889070507, 68.9296798366028, 66.10156876032127, 81.48045302241961, 82.71296389298696, 86.83499934469523, 92.50698319708819, 96.45946266420684, 101.61614179481023, 107.76764703295909, 111.36238403784087, 108.59586412857904, 104.46807970194148, 97.12439030625491, 88.86850463432096, 85.09008870019709, 90.43643195393699, 95.73878909669396, 100.22688944270467, 106.61696427402532, 103.51427573801305, 98.57833280166999, 92.22964386912207, 23.202694984861154, 37.328394674697115, 56.479183337469514, 71.5682719343157, 88.42081200358702, 102.43987717048283, 119.91924683146732, 129.9961722804473, 139.90953781784182, 141.88343536925882, 138.20260484527375, 131.49104718848082, 128.7204040331316, 122.13604334007742, 117.86003958366346], [22.419083981236632, 17.257053016991055, 14.34223496836905, 20.725806748764015, 20.67496503141183, 22.628468483847975, 26.794496424959327, 61.920706248091925, 66.14711219341247, 75.07962390070479, 83.27513213226622, 91.4582665255584, 84.55093995251512, 76.47191586231482, 68.21215889741791, 28.71009705801569, 19.399902556185538, 10.442873847530004, 7.361794114656085, 15.737209321101433, 16.131988596299614, 0.0, 9.509519054077288, 18.235260445249036, 24.865793223337196, 62.42763970140452, 71.30581346006235, 80.23504097772006, 89.65302834753608, 98.06168235481937, 95.24225746382005, 88.37999117880827, 80.16433233534434, 72.16292542214204, 64.19899952658338, 34.086848289663685, 41.98868216659355, 50.490900538663055, 52.7377305973201, 60.34374171539005, 70.87671919457823, 76.31195621716354, 78.16482397939373, 76.15507132595037, 65.41742001855259, 56.50964110078954, 53.09342366165878, 77.60388390242346, 76.61084595434313, 79.20411671900072, 84.12687292877125, 87.59131804551457, 92.8169188175094, 99.74333902761155, 103.79499813206817, 101.27971752112775, 97.77752189729652, 91.3830819333767, 84.1589416711955, 80.59511142421694, 83.6002521203577, 87.90995549093914, 92.08226863042655, 98.65069330165498, 95.69736109949208, 91.34706168794102, 85.9546218328498, 37.83663904565697, 51.37637048687718, 67.5383341881551, 80.35801221879096, 95.61846900590949, 106.28031658426053, 122.80516484196244, 126.04453282886745, 136.33133506683814, 137.72615272672545, 133.41914879999115, 126.5675127566571, 123.11382006663246, 116.10931596469146, 110.54033376585373], [15.954192237738456, 13.105616842010106, 14.55524766030846, 24.052582974214364, 20.41839371354752, 19.06563811462134, 21.184938543841593, 53.3651446295949, 57.57100803899973, 66.41698822887783, 74.6558543797368, 83.15849922489801, 75.93068411138985, 67.79559887596439, 59.66277321741223, 19.5458646245906, 11.197759617857542, 6.302292563977097, 14.785369707656482, 24.49802287963028, 24.82506522148044, 9.509519054077288, 0.0, 8.812670821207101, 15.431914190913616, 53.47213941382624, 62.54789132956502, 71.77036800259228, 81.54193943783201, 90.34328107185466, 87.15831171671176, 80.00370175648332, 71.53028010467965, 63.31947176509121, 55.22172234053761, 24.699126629908577, 33.12501894415917, 42.52688089693767, 46.94887693616462, 54.258547684687564, 63.681047998588696, 68.64431523288182, 70.20310404080402, 67.92967461705032, 56.58493382482809, 47.399140143353684, 43.8441102363324, 74.14009705714625, 71.90778455320259, 73.49103142987765, 77.7635063767234, 80.69084641834235, 85.60261225492292, 92.59031193071709, 97.12994506379863, 95.05808730249068, 92.14509790361235, 86.57304699621992, 80.0477011353398, 76.6637058192451, 78.21623522658804, 81.74153411687102, 85.46242685314557, 91.7050346248716, 89.15835447105665, 85.43523870839813, 80.84825296077196, 45.864950720166966, 57.61102444729812, 71.8975021676297, 83.2041806833371, 97.58368405692589, 106.31842706111465, 121.89406010113484, 121.57821482234671, 131.17984046867878, 131.90273247016168, 127.07720865699449, 120.11600011194002, 116.36761078726722, 109.39992628090624, 103.75735712845021], [12.395730691445866, 13.856135761127339, 18.937847852722125, 29.012136914647975, 23.293136969486227, 18.96047058686205, 18.01127461515142, 45.00955833151659, 49.18126123856988, 57.95364433095764, 66.2154927847805, 74.92346102637606, 67.46952239309748, 59.309178644521616, 51.28883975836448, 11.90456051234186, 8.00828970077669, 11.86527916478268, 22.816574725529883, 32.488425507037576, 32.763291635042364, 18.235260445249036, 8.812670821207101, 0.0, 6.645034970806549, 45.08551470117987, 54.27899306411149, 63.67559956653337, 73.63873282452371, 82.6583863969643, 79.16632226599394, 71.8609908270977, 63.24672371595902, 54.87042830243694, 46.68950716795864, 15.914040171404999, 25.306002037653975, 36.007918106460714, 42.54880331641068, 49.51024586841154, 57.83372704759235, 62.13435463650849, 63.072919364985395, 60.2809134745827, 48.570431990492615, 38.796326986235194, 35.06491659239959, 71.61152529536997, 68.27908536042062, 68.84403550448398, 72.36732555392844, 74.63061018907439, 79.03442366528579, 85.8640619825965, 91.00890863301463, 89.52243736796886, 87.28853159024801, 82.63285682000611, 76.82405532731242, 73.64593538692145, 73.79711110881718, 76.45942136391352, 79.59698502143718, 85.28352991161661, 83.30961750644903, 80.34491856787236, 76.65731859437774, 52.930348140656825, 63.06105087717991, 75.72667746848072, 85.65532147306887, 99.25998213135196, 106.3319955252398, 120.87076337098533, 117.5576181610478, 126.06960189898743, 125.96119513131106, 120.50511507801916, 113.35931830953282, 109.31231218333718, 102.38206900547117, 96.84268580461786], [14.121111163696185, 18.118616324634335, 24.309716569113142, 34.25194706699673, 27.696125740886973, 22.018904691436784, 18.972466748098572, 39.15830990111006, 43.21838201656835, 51.83849919848882, 60.09745323717534, 69.04697678646691, 61.387625024531985, 53.229061014118045, 45.380400026262585, 7.271482425776262, 10.447591598096663, 17.648731351991675, 29.131877522548027, 38.86452296000523, 39.17494609587047, 24.865793223337196, 15.431914190913616, 6.645034970806549, 0.0, 38.78260900860377, 48.09392046393271, 57.67879173966399, 67.87070303333226, 77.16140755276821, 73.39743948905938, 65.88676988760928, 57.104479004326635, 48.58753833697757, 40.326976055915836, 9.456233812011314, 20.26713576485629, 32.13574096584245, 40.750617354538306, 47.19744261773188, 54.27145936730593, 57.93708503078862, 58.37376605320299, 55.146797789279, 42.98763431077543, 32.62726976600398, 28.526385514001213, 70.96505957721743, 66.72149605960786, 66.38999073439797, 69.2282612562145, 70.89766162613209, 74.85519179594448, 81.56394797864161, 87.21241811586005, 86.21912099804456, 84.57145431083384, 80.71238250200894, 75.55863733054716, 72.58064776631076, 71.52277114350728, 73.41533384064098, 76.03871596047097, 81.24586780731904, 79.76210230070953, 77.46185129786994, 74.56726514591954, 58.76812334733131, 68.13569579624728, 79.76755054117308, 88.73260949153608, 101.7184529401679, 107.53207964080872, 121.2457661946604, 115.47240275884194, 123.13926614017349, 122.33729105548134, 116.32919240525939, 109.00692464738486, 104.64992153810896, 97.64893317936328, 92.00849488635832], [47.89864199416436, 54.57423714446059, 61.73321357824447, 70.68820003989212, 63.774719019080756, 56.62352600619461, 50.27897979515567, 21.72634248125809, 19.41305859242974, 21.443447261983835, 27.473232014459125, 37.83780708684089, 31.320203312214083, 25.91595996107613, 23.14840848935773, 35.0007037428763, 44.558790854116296, 53.47901245594801, 64.68977059015548, 74.40026812232344, 75.42830338515193, 62.42763970140452, 53.47213941382624, 45.08551470117987, 38.78260900860377, 0.0, 9.704642712968573, 20.252307972546266, 32.052360188969935, 43.69426574616922, 38.91995944924243, 29.424170986442096, 19.55351663323754, 11.437743793710062, 5.25838608122863, 31.420026157245733, 35.304252541050026, 44.97987250928481, 58.66951608928752, 61.48097931351996, 60.72822667859909, 59.04825151759647, 54.47258290461253, 46.86427931713664, 36.87450428090882, 24.14433071382425, 14.688995357135