{
	"dissimilarities": [[0.0, 7.654807222548785, 15.746439107955139, 24.01505717095342, 17.51791246452548, 10.365361786020692, 6.421118043851709, 41.024188362567955, 46.96982589141046, 55.488939112340674, 63.57467815011966, 70.19970114113427, 63.8676874356485, 55.76549118729982, 47.33720650981527, 19.764010686719864, 19.027624404453988, 22.25978948081042, 28.515900108839688, 34.73168089879972, 34.45333804830397, 25.336078678595708, 17.6887100032644, 12.892628273755433, 12.791466299555886, 46.55362223024149, 54.40712000365677, 62.167838417085164, 72.0661261527224, 79.33536532543984, 77.16969842729912, 69.91585503526895, 60.982372462226074, 53.51853069496154, 45.966516131678944, 18.24253837265053, 24.363026073325845, 32.185383631597055, 36.11916042456189, 44.59120158772626, 53.59903689931289, 57.75337460286596, 57.99548635579562, 53.84938550458387, 44.805067512206676, 36.66804187681053, 34.64325329057427, 63.04947685080773, 60.561996798347614, 60.58473034556787, 64.8031160691861, 67.97407696676001, 72.79263722587926, 78.28659190127425, 80.03473379100275, 79.15691957477486, 76.69526130427805, 71.72388200854145, 68.43646892463904, 63.272775215499806, 65.08130851902199, 68.09743009227748, 71.5832923661212, 75.68263288641009, 73.72260903360298, 71.10266940913185, 66.9691585893643, 54.53637173103127, 59.67336680405694, 67.18875706539863, 74.97100931628434, 87.14947770812829, 96.34505937758085, 107.34741596743089, 106.88339847278456, 117.05933952233535, 118.78627409778171, 111.91634384343514, 103.97655128196396, 100.99749147062559, 96.34072009760008, 94.40268661902006], [7.654807222548785, 0.0, 8.748047586909777, 18.675141692646676, 13.162452498896931, 9.53407653770259, 11.34574260892124, 48.46727271473328, 54.20211972454456, 62.546021245705006, 70.7890777511669, 77.65223857442203, 71.30065916805817, 63.18329095227576, 54.79566026426211, 20.984739237877985, 16.13296042693628, 16.965063471013746, 21.970036769620894, 28.415383410227044, 28.158539604373463, 18.182328540292442, 11.459517185210073, 9.763618785283299, 15.243258188017709, 52.520140370013074, 60.54425936566071, 68.49164716860336, 78.6743277799121, 86.23254692277764, 84.19787224160137, 76.6930510503382, 67.57859114811976, 60.15370094899769, 52.36678256572926, 23.529633294702617, 29.526727739228573, 36.51711131103972, 39.80278390648078, 48.324996457720445, 57.691135303893525, 62.48978688834208, 63.810928524751525, 60.481474008866186, 50.90576775785843, 43.38790462602598, 41.103684999812174, 65.43393075444017, 63.61171539284409, 64.2893665433081, 69.24230981028542, 73.05565104529641, 78.53430497108286, 84.46289728947558, 85.63246224402022, 84.11909439112891, 81.00554803867519, 75.19934616101943, 71.36859163862816, 66.24677207113906, 68.74785224253435, 72.49464016706273, 76.67984818113233, 81.43975223641658, 78.84804446250459, 75.53148668816912, 70.61452512105991, 49.67594371023138, 56.329690106977104, 65.36498679847047, 74.52198255582913, 87.08620531327952, 97.5385736637899, 109.5548839247785, 110.89568802324177, 122.55170284531195, 125.14113644730996, 118.96003970759443, 111.28440163880002, 108.49175988546128, 103.66124724213972, 101.09724626727532], [15.746439107955139, 8.748047586909777, 0.0, 10.977605564097031, 8.52635810285294, 11.91394401584517, 17.302825973658546, 56.74878581685169, 62.68937859745034, 71.13183927238066, 79.2761508575759, 85.8618899114819, 79.59902475963682, 71.4859678699248, 63.055043181342455, 28.413219678953766, 20.987773838555768, 18.130411149958537, 18.097839105619435, 22.32310112820318, 21.220880682616098, 13.163567248757877, 12.645424987286153, 15.847700264319387, 23.482222236612973, 61.24494539342133, 69.25364158896892, 77.14306778909413, 87.1485199997904, 94.47288187563791, 92.54425881581578, 85.26876365911153, 76.26342048658105, 68.86185860907116, 61.1082145870247, 32.075235357332545, 36.85694894595753, 42.42271123557827, 43.36888082307613, 51.82154164531767, 62.0929114620006, 67.65532453921932, 69.59163406154482, 67.17375524791636, 58.1743076975851, 51.50910780536529, 49.796606294776616, 65.76915461102446, 65.27956382953873, 67.06929953232155, 72.97237295691436, 77.47361383400339, 83.45929714155376, 89.53394906343526, 90.0990566009038, 87.92725656678263, 84.01511309442277, 77.17708166990107, 72.46162906883576, 67.5460956961818, 71.19386972183155, 75.9413791271869, 80.88631944847896, 86.19494342158804, 82.99684497977798, 78.87889588423906, 72.94053681728224, 44.081959664100474, 50.059025718641934, 59.77628413419905, 70.1414320468605, 83.06366245210916, 94.98859527646523, 108.13450416128694, 112.52270169545956, 125.53926255795248, 129.23601625829772, 124.28122440562755, 117.17882747825516, 115.09734944829715, 110.79682245093716, 108.71466130772292], [24.01505717095342, 18.675141692646676, 10.977605564097031, 0.0, 9.230738564076116, 17.234198208987646, 23.33700514967302, 63.69268260477376, 70.14182337181552, 78.89384022109567, 86.61363584875417, 92.31836173816104, 86.33529508796069, 78.33806109869161, 69.85841817985722, 39.22376227936971, 31.70694209263653, 27.493199340957265, 22.791706559559643, 21.434639985145214, 18.250064748066535, 18.31057614058927, 22.871634667552932, 26.7517978551822, 33.89781279781876, 70.49477566777635, 78.27455785006377, 85.80992168484028, 95.07817825011433, 101.54210562532515, 99.69491788030922, 93.22884229640175, 84.69983076435798, 77.33690415423285, 69.9334073355321, 41.5495023479808, 44.741794903246365, 48.77687667164741, 46.06845724211562, 54.255065047511366, 65.83992717893982, 72.03575801562359, 73.73156702194333, 72.0675035567592, 64.90473186036384, 59.098018037467234, 58.55752447229635, 63.14623701356802, 64.68103855273374, 67.93050498057447, 74.76502039304201, 79.76465932431529, 85.81936094497831, 91.50943677851984, 91.64362505363563, 89.02110112352008, 84.37364990238784, 76.56372392858316, 70.7039344755173, 66.21150808422904, 71.35438874017137, 77.16682207526874, 82.68006326220544, 88.14703188036148, 84.60998969461313, 79.8237415625737, 72.85783930923218, 39.80906095930296, 40.67408491017309, 49.328536796288624, 60.449236130356475, 73.80519604302573, 87.29589470338983, 101.46345809079594, 110.1157658779223, 123.72368230696725, 128.47494461709698, 125.1509282640769, 118.89056218762285, 118.00232484802838, 114.98339334072828, 114.67342936229961], [17.51791246452548, 13.162452498896931, 8.52635810285294, 9.230738564076116, 0.0, 8.72625408044053, 15.775492798220947, 56.57099393118662, 63.260222263802206, 72.05149520029293, 79.84667826311023, 85.77381910334437, 79.36526236109043, 71.13580439804261, 62.75466303637629, 33.60287069323503, 28.06447508091014, 26.453281108603125, 26.06754266240625, 28.1712944108392, 25.897128031848684, 20.993806831616435, 20.628017922235063, 22.06708512921924, 27.542739326514692, 63.72408714018487, 71.68382269923022, 79.5042765623659, 89.23832270531699, 96.0190709040364, 93.78778558834964, 86.94143254588897, 78.09129433082177, 70.51473361560058, 62.99556237017202, 33.98472622486681, 35.8695261811818, 39.56053744021339, 37.55053835253398, 45.86696585791988, 57.04973548440764, 63.11006201775744, 65.08585333135727, 63.609153964289774, 55.99083385533619, 50.75968700177063, 51.07899123047469, 57.65843551564585, 57.834729771945675, 60.29540741169196, 66.74261244857075, 71.62146656564896, 77.84162214944892, 83.95224933193381, 84.02678746962292, 81.44817178108195, 77.08827950289957, 69.76794421234118, 64.62254286941254, 59.83575168495338, 64.10296973458489, 69.418218985767, 74.77639222258068, 80.3820513930586, 76.80452232382206, 72.2279845441712, 65.7478228926522, 48.12723450349863, 48.876168473034994, 54.8325950685706, 63.53794719460288, 75.65832857528031, 86.84162751250756, 99.92664483341393, 104.67702484099914, 118.5648657346041, 123.30085109266425, 119.60788957194879, 113.42629395486425, 112.74053625337037, 110.27179137672123, 110.35770309380737], [10.365361786020692, 9.53407653770259, 11.91394401584517, 17.234198208987646, 8.72625408044053, 0.0, 7.439022861431735, 48.025945871309546, 54.75169882981032, 63.54061209500129, 71.35574182015198, 77.42757918755287, 70.86301412854161, 62.567699505119876, 54.222279645733494, 27.872281951694934, 25.051493549211056, 26.167273839462492, 29.373241301082402, 33.59893976875331, 32.108819020881874, 24.79593283898047, 20.242337942705777, 18.410985953019953, 21.029984505099904, 55.49362403994025, 63.43411298473573, 71.28655456707509, 81.13658651537001, 88.04018839103242, 85.62640765226587, 78.6326513941956, 69.70656737649286, 62.06764752048814, 54.587667439188614, 25.902732377720408, 27.64798570093064, 32.26558693559301, 32.11950878963472, 40.695623019404444, 51.20345876139148, 56.60855439346648, 57.98514428798393, 55.75960041900621, 47.76669428039194, 42.075109334964175, 42.537483307867326, 56.03540939719119, 54.72294404419658, 56.02286726555154, 61.55977394681366, 65.8027500181362, 71.58996962587833, 77.62541574159799, 78.24503590069062, 76.28032088801272, 72.69186025833423, 66.40123304260953, 62.18416373055693, 57.14169254466532, 60.20512913231657, 64.53269024448868, 69.17951762228921, 74.30745655278838, 71.27663261825371, 67.46022085439894, 61.98732444717362, 53.740230571471216, 55.23054484358767, 60.3873408443472, 67.62344749745571, 79.21143454339611, 88.63765437524378, 100.4565327722009, 101.83469832037356, 114.47470718596331, 118.23167582037765, 113.45069803482149, 106.82591022560925, 105.67220990048406, 103.02495103833975, 103.04798351100072], [6.421118043851709, 11.34574260892124, 17.302825973658546, 23.33700514967302, 15.775492798220947, 7.439022861431735, 0.0, 40.80569742871638, 47.51424161476777, 56.356251331449414, 64.08582033187605, 70.07950126114378, 63.62270152520267, 55.40704990428098, 47.00559629885065, 25.178103390256286, 24.961010551822998, 27.79944808783264, 32.76145102395694, 37.69243103240762, 36.67134397249184, 28.97288110174247, 22.61084048636472, 18.517168729838424, 17.87679144905802, 49.0025637381869, 56.72737146816208, 64.3558408991559, 73.93198639134677, 80.66812233901737, 78.24785192980717, 71.42541952980167, 62.68944841588225, 55.10845159451335, 47.84752053347819, 20.706577624630324, 23.300900916138097, 29.40868027044223, 30.876443426203704, 39.43872468293696, 49.28782160976865, 53.82654582140081, 53.96444860679308, 50.51346440954168, 42.723533699750874, 35.903910384986, 36.03401803872262, 56.76784774081696, 54.60533763066591, 55.015631228754856, 59.5884401200387, 63.00590500784201, 67.97637559247198, 73.49136848554382, 74.920508054788, 73.7896509680477, 71.0458633865747, 65.79905515667805, 62.26765733082425, 57.15674426805715, 59.315938033225216, 62.685018717948616, 66.43480207836798, 70.72640287017092, 68.52167817859807, 65.61011201428245, 61.14518532599606, 56.91208801669763, 58.76617177328808, 63.788473435719055, 70.27030770376297, 81.81306176902223, 90.29855471320373, 101.11571285513389, 100.70358809402958, 111.40926312794873, 113.87736042566954, 107.94943999385923, 100.72028256524077, 98.89290568484012, 95.79332359908207, 95.74302527525793], [41.024188362567955, 48.46727271473328, 56.74878581685169, 63.69268260477376, 56.57099393118662, 48.025945871309546, 40.80569742871638, 0.0, 8.222564981100057, 17.0987248832255, 23.729732087630275, 29.932388510638205, 22.936802771912348, 14.757629791672036, 6.336627702055487, 41.40933491692386, 50.699677637690485, 57.85009226563116, 66.96997878853549, 73.73912235261797, 73.96161435543601, 65.14990450554235, 55.648863359940734, 48.21382606720929, 39.095083047634034, 21.51401393049679, 24.73261861600985, 29.5940605536041, 37.245614047583494, 43.24680196717416, 39.61070375337875, 33.266663162430916, 25.981078142572393, 19.339377887179023, 16.986355754897073, 29.57157700832952, 29.963057176003968, 35.977996749982225, 44.48217453712323, 48.12698179478452, 49.54623975429281, 47.41028296641212, 40.69110798071506, 29.817967402092453, 25.938726665978614, 15.422601384911788, 15.17612439337201, 71.25064266553208, 64.52718458713514, 59.79772912034734, 57.712122506270084, 55.561638779767435, 54.92353207224654, 57.05737712639168, 62.9291533896248, 66.69620513728933, 69.34203924299656, 70.8736739164099, 72.11890640081542, 67.59902801467032, 64.01948414999354, 61.10734335563669, 58.924500537212495, 57.76114756157356, 60.66869687791377, 63.568768340489015, 65.80280625557215, 89.8092219482588, 92.56541668157911, 95.35452394396563, 97.37378737303112, 106.55905270031865, 108.72459741441246, 113.50002919047297, 100.08361917121171, 100.8493827967721, 96.19239436115544, 83.2043462396831, 72.7512452146807, 66.71186968974564, 61.58857234021826, 61.579635683370185], [46.96982589141046, 54.20211972454456, 62.68937859745034, 70.14182337181552, 63.260222263802206, 54.75169882981032, 47.51424161476777, 8.222564981100057, 0.0, 9.140988553021057, 16.667640082813794, 24.51887920355205, 17.916485957515526, 11.085747565492778, 6.445150623675137, 44.686873236276554, 54.484400016856654, 61.84396228986337, 71.41691094531292, 78.59537329917667, 79.19333633974856, 70.07357407160148, 60.33476229373195, 52.86301860090879, 43.57078061132083, 17.103925395157304, 17.87815273405745, 21.585040016799297, 29.19456932655154, 35.95705407631296, 32.296218451918904, 25.177236166674433, 17.88095448781563, 11.844679109999811, 12.401124804848305, 34.3167409639375, 36.1602046075018, 42.5999261147318, 52.25174034894119, 55.63467047294926, 55.9973398502711, 53.124852478704405, 46.29442548050862, 35.05066963659218, 31.00075153968079, 20.875872476821797, 17.350683443118598, 79.19524111886314, 72.16407104766212, 67.02220717874266, 64.30342075103944, 61.575122811079034, 60.25130460427791, 61.825697637021264, 68.24064473486993, 72.595608236409, 75.87230830430573, 78.08087438966574, 79.75514602632032, 75.30372153294594, 71.25396118255495, 67.73880127217842, 64.91804971153509, 63.067007659913386, 66.59421075717766, 70.13547603496261, 73.02854735330556, 94.21899234021714, 98.57185302426528, 102.45598555142075, 104.89911214751122, 114.33144330133725, 116.5012693837708, 120.89728308828526, 106.45596364550362, 105.63188649227503, 99.45370965635185, 84.79632416563746, 73.32203132909481, 65.29118481358611, 57.8235534128388, 55.304313103709276], [55.488939112340674, 62.546021245705006, 71.13183927238066, 78.89384022109567, 72.05149520029293, 63.54061209500129, 56.356251331449414, 17.0987248832255, 9.140988553021057, 0.0, 8.985595011439196, 19.029538443954362, 13.29327906456947, 10.656979353363738, 13.065614720171032, 51.3034829889187, 61.47930150215877, 69.03326554096513, 78.97395330850446, 86.47183211347158, 87.31033350422858, 77.91296359517727, 67.96863685941852, 60.473733787487085, 51.074376676816186, 17.826417355119258, 14.189518844517247, 14.604107756301342, 21.359839128229172, 28.839463860135954, 24.73520408801045, 16.568673737344128, 9.979621868299722, 7.51534438399186, 14.0793209809092, 41.89923076845139, 43.87086917345473, 49.93367738970367, 60.272864215748974, 63.03733741841461, 62.02526698496602, 58.22589527556997, 51.145080181559344, 39.79378887402942, 36.376997244074566, 27.845154397533012, 23.86549772538897, 86.90884247481014, 79.38288396614554, 73.66250566019353, 70.06773067166779, 66.59270382896379, 64.42673818946182, 65.37922859828993, 72.30085095255839, 77.3210755769014, 81.39429514566947, 84.55335649148446, 86.89244950643543, 82.58804814917501, 77.83006137551058, 73.48949149177784, 69.84925240502072, 67.18504161241245, 71.41665942116286, 75.7629899418475, 79.56887721535414, 101.81093157244769, 107.07538412925261, 111.30968633845191, 113.62748817058959, 122.89139412995321, 124.46440903485691, 128.11468252179714, 111.69607551560806, 109.21075299797064, 101.55264928001499, 85.2944212097807, 73.0805698325516, 63.38409550523471, 54.22557235685338, 49.708272367841204], [63.57467815011966, 70.7890777511669, 79.2761508575759, 86.61363584875417, 79.84667826311023, 71.35574182015198, 64.08582033187605, 23.729732087630275, 16.667640082813794, 8.985595011439196, 0.0, 10.797590098533838, 7.517131709002708, 11.828828161505939, 18.204291736440638, 60.2186949578427, 70.27629454034084, 77.68555252710779, 87.35051383397125, 94.50424630144, 95.24225931909497, 86.30843326669734, 76.57457060373065, 69.13226460343043, 59.803603832179455, 26.278140021446763, 20.92678144465974, 17.35000032572386, 18.113359455998907, 22.733372914438124, 17.800174667767, 12.665345484258298, 12.87935221059891, 15.31285556567249, 22.901037203671564, 50.56493676745459, 51.75188528290733, 56.92884642019936, 66.25546287965955, 68.30930410405567, 66.62699207853845, 62.086133312129085, 53.83487912637792, 42.306714272877606, 41.73918673117211, 34.98913339998556, 32.59767608994673, 90.96400615799483, 83.41004244562993, 77.42939823935768, 73.02364734246294, 68.66925540322441, 65.16051798575234, 64.77625339573083, 72.48330593273687, 78.42468057546306, 83.3544355060318, 87.5305504904209, 90.35870776654066, 86.38785696777215, 81.19082106859624, 76.12264257276875, 71.49851219580945, 67.55526616338629, 72.81639848442912, 78.085329296455, 82.78023179100755, 109.04581991961045, 113.32384650434211, 116.66234361597135, 118.06960866909317, 126.80888689058958, 127.35029657296208, 129.84449257068442, 112.03874920489706, 106.95958723412973, 97.60561644061632, 79.96123512286191, 67.15667645955298, 56.362977728398135, 46.96613286252203, 43.78281053147098], [70.19970114113427, 77.65223857442203, 85.8618899114819, 92.31836173816104, 85.77381910334437, 77.42757918755287, 70.07950126114378, 29.932388510638205, 24.51887920355205, 19.029538443954362, 10.797590098533838, 0.0, 8.562053434659116, 16.834542340353657, 23.860181684009472, 69.0402336875533, 78.64972970552802, 85.66834281323952, 94.62817589949165, 101.00810995277463, 101.46019242368676, 93.4940084785505, 84.28368167507958, 76.99908607403049, 67.92479289760608, 36.74265788525759, 31.5349491353432, 26.879729553316306, 22.53033683984554, 20.982029136954818, 16.1037203529708, 18.57467496790116, 23.093052617129743, 25.925024041399283, 33.09373537699884, 58.73439420294675, 59.05578193827386, 63.330316917947044, 70.63833941966357, 72.10816836538352, 70.52175978218085, 65.63385619284006, 55.8762387063976, 44.36272690121407, 47.46623938510341, 42.12189868388357, 41.50208834719806, 92.32018173111291, 85.25237839607574, 79.41932081023305, 74.4995454061315, 69.38642565962819, 64.36877397737715, 62.14961058372255, 70.75390907016426, 77.65800051995146, 83.29136180865082, 88.28260926244391, 91.28678276126777, 87.76810248755557, 82.53946384051484, 77.04855656366055, 71.5421108742019, 66.14663920785168, 72.51838277661739, 78.58333135776034, 83.89968235073071, 114.33485252910747, 116.54773802687453, 118.37255849245132, 118.52837511268848, 126.61122176744884, 126.0876105071144, 127.3109197583169, 109.22026081605239, 100.91672303363086, 89.70607278872669, 70.84931774586593, 57.3981658557769, 45.751706589052795, 37.278272683189435, 39.00593896879856], [63.8676874356485, 71.30065916805817, 79.59902475963682, 86.33529508796069, 79.36526236109043, 70.86301412854161, 63.62270152520267, 22.936802771912348, 17.916485957515526, 13.29327906456947, 7.517131709002708, 8.562053434659116, 0.0, 8.702353785619728, 16.664003491902267, 62.483005353647144, 72.36787750368543, 79.69604571472333, 89.01960298618711, 95.75621268721747, 96.13998819989536, 87.58683407836173, 78.02754120641319, 70.55773031833594, 61.2459305275608, 30.853628302104052, 26.928437540710547, 24.643049801503548, 24.97028618923706, 27.164173163646133, 22.0596990238547, 19.720033107762575, 19.892234891647064, 20.520749290064067, 26.789220705987905, 51.58669395409329, 51.12722086628258, 55.12364735857973, 63.04604369279597, 64.47698273959875, 62.620178583721746, 57.815406688446, 48.6318289487548, 37.058860885342476, 39.0371065193645, 33.91797067564764, 34.16072190117342, 85.95762061774268, 78.43440462563387, 72.39074379739021, 67.61365931126988, 62.85289728754614, 58.69757863546972, 57.72856682482736, 65.71551009084196, 72.00787863749365, 77.25390002322133, 81.88931258926964, 84.95529940709275, 81.22353208333998, 75.83164388163443, 70.454844004715, 65.39174189824362, 60.8795859862458, 66.57057574104131, 72.21985439628719, 77.3109281537417, 110.36059030371142, 112.65819738011413, 114.30203419246207, 114.53210542099163, 122.48888722740743, 121.97659256221762, 123.76763952315866, 105.08194462603049, 99.52656289903709, 90.32087300031097, 73.06364664816753, 60.77539055642851, 51.434265401058546, 45.1860742917253, 46.64826236570582], [55.76549118729982, 63.18329095227576, 71.4859678699248, 78.33806109869161, 71.13580439804261, 62.567699505119876, 55.40704990428098, 14.757629791672036, 11.085747565492778, 10.656979353363738, 11.828828161505939, 16.834542340353657, 8.702353785619728, 0.0, 8.52836756316102, 54.754019418975346, 64.62676666930481, 72.04565641214356, 81.45310850119982, 88.31667640541538, 88.60956670423113, 79.77700241020267, 70.09838207539222, 62.561490424494494, 53.19365555127049, 25.720495513807467, 24.14629704291892, 24.992941570451723, 29.286149547078136, 33.65888394153735, 28.94400370688454, 24.051705501191595, 20.04911049956648, 17.220115248597, 21.122849193002846, 43.30687151334066, 42.44510389671776, 46.595002596809096, 54.88304201507453, 56.720233685935575, 55.42790744400045, 51.215076989591466, 42.71415143321985, 31.01569794586854, 31.28797671860739, 25.315723127788015, 26.267579089412273, 79.16721633414163, 71.59441669385822, 65.7218760399961, 61.58813197429884, 57.56033906228159, 54.608909745474186, 54.965196610669935, 62.19656709921899, 67.63284365464072, 72.10821222092414, 75.88612211013347, 78.57970353360703, 74.57218613058465, 69.48940255867403, 64.69914888315101, 60.480327249029564, 57.14641651474115, 61.89155894363626, 66.73539857395276, 71.09433246491666, 103.78545308382044, 106.08051784788698, 107.78104329384313, 108.36577081491812, 116.49631356452741, 116.54368773032145, 119.24365924411711, 101.51628968250319, 98.67337973176711, 91.46038235270437, 75.98012354108985, 64.64900448866322, 57.12306373419168, 52.05048004600192, 53.271256080505836], [47.33720650981527, 54.79566026426211, 63.055043181342455, 69.85841817985722, 62.75466303637629, 54.222279645733494, 47.00559629885065, 6.336627702055487, 6.445150623675137, 13.065614720171032, 18.204291736440638, 23.860181684009472, 16.664003491902267, 8.52836756316102, 0.0, 47.310004698128516, 56.80630918954187, 64.01687380636186, 73.17374006553311, 79.89131209162443, 80.12488005031902, 71.43256150385437, 61.928283722296094, 54.477496898546875, 45.28916487208448, 22.83037804533782, 23.88948986673776, 27.083967527408443, 33.32935922118138, 38.57172800357264, 34.55422763115013, 28.897750642195856, 22.844054776395847, 17.46797278354217, 17.99997873291866, 35.64510003515998, 35.44186994176535, 40.55995306597715, 48.7630433361488, 51.59990755162145, 51.92220434236849, 48.865071286129876, 41.1183908462474, 29.599263502117502, 27.900797974512866, 19.411170565310016, 19.866632213132302, 74.26579648404851, 67.2357840710617, 62.036886087684294, 59.0495522983294, 56.037172304194776, 54.301781690129104, 55.5612673588601, 62.126239040621826, 66.68643846089644, 70.1482866848152, 72.67002525686428, 74.5117400870108, 70.22686844280939, 66.02590611016078, 62.29346560221444, 59.17909781187633, 56.98343608814644, 60.76953461583718, 64.5550215781019, 67.72174162044851, 95.52390579545124, 97.91551410455774, 100.14980861362565, 101.48309511168077, 110.22183313008651, 111.46792281252567, 115.31081292804097, 100.20864409698463, 99.22999701790796, 93.39228180693235, 79.31387842266389, 68.42062273711846, 61.747171020202906, 56.64013047735403, 57.32313687305192], [19.764010686719864, 20.984739237877985, 28.413219678953766, 39.22376227936971, 33.60287069323503, 27.872281951694934, 25.178103390256286, 41.40933491692386, 44.686873236276554, 51.3034829889187, 60.2186949578427, 69.0402336875533, 62.483005353647144, 54.754019418975346, 47.310004698128516, 0.0, 11.258223847222967, 20.076962747157374, 32.109340843888496, 42.21931961221395, 43.88386952702563, 30.894252890921138, 19.63855343095944, 12.798258902758182, 7.361493455094898, 37.11237571771919, 45.365966811991896, 53.94421458509146, 65.70553461954917, 75.22481231693135, 73.16923394578791, 63.86171647988056, 53.882847680852784, 46.849438408323, 38.528886226022394, 14.161865487131069, 25.80314371572538, 35.87928703430001, 46.87742110048932, 54.2529897185965, 59.5242215911005, 62.191193603025006, 63.56859682275207, 58.471971305989044, 45.44945527981627, 35.906684955448476, 29.149863691263466, 77.81790668868264, 73.02875095287462, 71.08747535546301, 73.73125842064975, 76.10131995270572, 80.8340252761356, 86.97069515747707, 89.10945772512461, 88.71548256692621, 87.27569812041429, 83.66675315479061, 81.99486183516743, 76.60110837566687, 76.36977738175393, 77.78297674799515, 80.41290795473489, 84.33964144396676, 82.76522042130767, 81.09556431487567, 78.5022487135608, 63.11432554211749, 75.29348253904666, 85.91237690910856, 94.58398233635496, 106.6847886941717, 115.23144559684384, 125.63482514439674, 120.52499455652581, 130.42654722654655, 130.7563020968663, 121.43842373025126, 112.1591289488625, 106.72585512547707, 98.9394192930741, 92.07991226089958], [19.027624404453988, 16.13296042693628, 20.987773838555768, 31.70694209263653, 28.06447508091014, 25.051493549211056, 24.961010551822998, 50.699677637690485, 54.484400016856654, 61.47930150215877, 70.27629454034084, 78.64972970552802, 72.36787750368543, 64.62676666930481, 56.80630918954187, 11.258223847222967, 0.0, 8.9254593983264, 21.16007011546413, 31.686645561513803, 33.64727483380413, 20.211685300188137, 9.509921573087182, 6.677451481377385, 12.500123938716806, 47.82425260780514, 55.8696089905296, 64.11974702549283, 75.31509256097249, 84.3758919359609, 82.6664968491497, 73.86895745206745, 64.24441827858847, 57.32484417466205, 49.163205816311795, 23.161165141078417, 33.32564908383382, 42.261468185960936, 50.54462650064326, 58.511831323822385, 65.43989120502059, 69.20736455698791, 71.13785804189592, 66.8368822598064, 54.55495585420092, 45.61518044738008, 39.706327247574784, 79.25373732176011, 75.92227106196282, 75.26744005988117, 79.14705864736624, 82.36718370640115, 87.69169120475946, 93.93914123384212, 95.56208504935218, 94.49493176990825, 92.12409136699179, 87.24046462659406, 84.44909884272008, 79.13891862693953, 80.2923616376445, 82.94137791800061, 86.48976737026156, 91.0201166572313, 88.81195821553906, 86.20487280177585, 82.33773732076405, 53.3017808536936, 67.1427108046326, 79.71583137799885, 90.14899735839809, 103.05963415509878, 113.59273282961666, 125.38267755773425, 124.134707439399, 135.24279796690567, 136.51972375233746, 128.31083944801966, 119.37138259691974, 114.39975480117315, 106.68569540900073, 99.94592087718488], [22.25978948081042, 16.965063471013746, 18.130411149958537, 27.493199340957265, 26.453281108603125, 26.167273839462492, 27.79944808783264, 57.85009226563116, 61.84396228986337, 69.03326554096513, 77.68555252710779, 85.66834281323952, 79.69604571472333, 72.04565641214356, 64.01687380636186, 20.076962747157374, 8.9254593983264, 0.0, 12.419715597910969, 23.281724460947885, 25.685167013394167, 12.448687820255355, 6.285718437659134, 11.345245704555103, 20.220194335696185, 55.894088653295924, 63.71709383578401, 71.63532605269205, 82.27132622944767, 90.8856001895873, 89.48314659167181, 81.17012185584557, 71.90700526302227, 65.12818572621902, 57.15658979442958, 31.15258481486904, 40.67958472737131, 48.96068784510967, 55.22047216822755, 63.46892253660138, 71.49857813179797, 75.86541474613344, 77.84295889826703, 73.85215760034934, 62.30871956881392, 53.5011754118572, 47.85895178561759, 81.72904252805031, 79.60541618581779, 79.89312837104286, 84.53633828485303, 88.20728228229481, 93.72749350728681, 99.83762857773763, 101.25303109032494, 99.86366622717259, 96.93966966758651, 91.25721559485353, 87.64453169060751, 82.46878895083057, 84.63851356151659, 88.08624403252452, 92.12995036129816, 96.87537019045129, 94.39557965013326, 91.2628452576497, 86.58801160192591, 45.089924926769505, 60.60433724600439, 75.09273161404197, 87.05505069649068, 100.70065290481773, 112.89821445368963, 125.67858296413964, 127.66433010549157, 139.1838779189776, 140.9015251764771, 133.3714898502986, 124.58001889911571, 119.79609784804917, 111.98642974469972, 105.29646017582142], [28.515900108839688, 21.970036769620894, 18.097839105619435, 22.791706559559643, 26.06754266240625, 29.373241301082402, 32.76145102395694, 66.96997878853549, 71.41691094531292, 78.97395330850446, 87.35051383397125, 94.62817589949165, 89.01960298618711, 81.45310850119982, 73.17374006553311, 32.109340843888496, 21.16007011546413, 12.419715597910969, 0.0, 11.129282786708854, 14.141886907912427, 5.580362458783032, 14.07376028129132, 21.446995855483372, 30.949686353966257, 66.95660365891429, 74.5524934256134, 82.06609296089756, 91.89926528052354, 99.72402121578132, 98.61472644865569, 91.08416062147921, 82.31641632922606, 75.61649258799608, 67.90989360347281, 41.683107384853884, 50.15733599154397, 57.49365065317758, 60.86238633903775, 69.29920623102986, 78.76302929104331, 83.85940360738206, 85.7174084630082, 82.19047478999744, 71.9195673111057, 63.44241800639291, 58.53042821725707, 83.70927911539079, 83.3401708318773, 84.93185740981953, 90.5368520546403, 94.74615026628193, 100.4240123456112, 106.23995731887496, 107.3669847152691, 105.57638877816233, 101.9370171361198, 95.24787932673802, 90.52830619826774, 85.63068219903563, 89.18744936623604, 93.67603731638565, 98.31805779627373, 103.26535616798441, 100.46916983352699, 96.67587805263643, 90.96670494798433, 33.564656518419625, 50.35248549012017, 67.12681220521387, 80.9966255622938, 95.49740540987192, 109.86088071523045, 123.86811906079468, 130.4548314340203, 142.40136649797293, 144.8193533408746, 138.46472965124397, 130.08722858943952, 125.89250692676138, 118.48068685936819, 112.61477964776407], [34.73168089879972, 28.415383410227044, 22.32310112820318, 21.434639985145214, 28.1712944108392, 33.59893976875331, 37.69243103240762, 73.73912235261797, 78.59537329917667, 86.47183211347158, 94.50424630144, 101.00810995277463, 95.75621268721747, 88.31667640541538, 79.89131209162443, 42.21931961221395, 31.686645561513803, 23.281724460947885, 11.129282786708854, 0.0, 4.581606672596306, 12.875571516979935, 23.74650469747957, 30.810182977690555, 40.05114842167175, 75.76974746201459, 83.13985203252888, 90.25931218832851, 99.28376489057696, 106.25238447068719, 105.34669604409883, 98.63816180416983, 90.37776072234355, 83.73834543838404, 76.33852224342824, 50.27846464917808, 57.871364929293335, 64.46697466773664, 65.34645368626396, 73.78926294306629, 84.38130063752051, 89.93826494868392, 91.38933543630127, 88.15272972538502, 79.27460952180441, 71.07114566611233, 66.89218666113045, 84.56933705830193, 85.77652661401217, 88.44723701472904, 94.71942143489915, 99.23022171571091, 104.82757156249363, 110.18741106268352, 111.17163565821684, 109.17841037006801, 105.05237826751562, 97.67503169587235, 92.05658006414855, 87.4854818257058, 92.18010869701341, 97.43478759823512, 102.41935777240546, 107.3372142797753, 104.42885850401089, 100.22022074397282, 93.77616728589867, 23.698559342875868, 40.157817044357486, 58.822810058512815, 74.23095341431409, 89.44719051650158, 105.60463382076748, 120.47742093432483, 131.2050663693727, 143.0685093374888, 145.96654530744243, 140.6911795605081, 132.75794315703828, 129.21261419913745, 122.43164324327984, 117.77059439116564], [34.45333804830397, 28.158539604373463, 21.220880682616098, 18.250064748066535, 25.897128031848684, 32.108819020881874, 36.67134397249184, 73.96161435543601, 79.19333633974856, 87.31033350422858, 95.24225931909497, 101.46019242368676, 96.13998819989536, 88.60956670423113, 80.12488005031902, 43.88386952702563, 33.64727483380413, 25.685167013394167, 14.141886907912427, 4.581606672596306, 0.0, 14.215120861548732, 25.07679660633503, 31.905780640717595, 41.01376485591782, 77.2052793084006, 84.64360174389806, 91.79367213884815, 100.73479877846192, 107.45591443281046, 106.42295504825468, 99.90660939070256, 91.67041598499097, 84.89098268961526, 77.51341598274684, 50.88093281101628, 57.61223073847897, 63.62222381703354, 63.383840399306266, 71.7524339458227, 82.74180865507007, 88.53502073145546, 90.00068051197543, 87.14052320285903, 78.8157318557024, 71.08965575936325, 67.6650524224246, 81.23488211721845, 82.92034069860493, 85.97286737357997, 92.5215423459702, 97.21538249214333, 102.9061003286524, 108.24014514309832, 109.0051224718179, 106.81662047265453, 102.4509931921763, 94.79881701648422, 88.90452522754, 84.44804541027096, 89.51740947340689, 95.07751081552061, 100.26587600988914, 105.30632031697795, 102.22751965410208, 97.78687043589777, 91.0480697782095, 23.966425801791264, 36.840042348994274, 54.585156715861736, 69.88279618324455, 85.00592048475971, 101.29020102506524, 116.33638268067232, 127.88601610549864, 140.1391214134336, 143.550764058318, 138.94075284696189, 131.43644498987553, 128.54255468027878, 122.59172120119207, 118.98296453568261], [25.336078678595708, 18.182328540292442, 13.163567248757877, 18.31057614058927, 20.993806831616435, 24.79593283898047, 28.97288110174247, 65.14990450554235, 70.07357407160148, 77.91296359517727, 86.30843326669734, 93.4940084785505, 87.58683407836173, 79.77700241020267, 71.43256150385437, 30.894252890921138, 20.211685300188137, 12.448687820255355, 5.580362458783032, 12.875571516979935, 14.215120861548732, 0.0, 11.476712720640267, 19.058380353131636, 28.79664724132853, 66.23357424931869, 74.07622330431573, 81.84200809358222, 91.92230328582451, 99.74039828647004, 98.33919918865884, 90.73540010953452, 81.75502849715393, 74.77517224279958, 66.93038229881643, 39.29370525814886, 46.631382778417056, 53.30067861731312, 56.01437577923841, 64.39478104380504, 74.04152005773075, 79.39873116003149, 81.6016785632454, 78.62672689599088, 68.50508890117074, 60.738488517918086, 56.8105903095191, 78.5239090649677, 78.16664005968731, 79.8939662210581, 85.7109128925671, 90.15327481069994, 96.11549787101538, 102.18016883736705, 102.9637351658904, 100.88373432051804, 97.01932852803374, 90.12710533194581, 85.35702850431302, 80.46692401983678, 84.12406432747203, 88.81203542265737, 93.70512442215586, 98.95406178420944, 95.85968767295007, 91.8104841454675, 85.89506278136622, 36.41849752891151, 49.955190516530365, 64.78577034541426, 77.8253720649836, 91.80486790962908, 105.58722483489277, 119.52876588892744, 125.58152239480147, 138.3558580879993, 141.4491175394538, 135.7059208266445, 127.81969641815434, 124.38030259477907, 117.98998102169172, 113.22821954119259], [17.6887100032644, 11.459517185210073, 12.645424987286153, 22.871634667552932, 20.628017922235063, 20.242337942705777, 22.61084048636472, 55.648863359940734, 60.33476229373195, 67.96863685941852, 76.57457060373065, 84.28368167507958, 78.02754120641319, 70.09838207539222, 61.928283722296094, 19.63855343095944, 9.509921573087182, 6.285718437659134, 14.07376028129132, 23.74650469747957, 25.07679660633503, 11.476712720640267, 0.0, 7.868291691541812, 17.73912652570898, 55.612243020062834, 63.67947902266598, 71.79637216676211, 82.51759682855091, 90.91532858394615, 89.20669258024685, 81.00364514400842, 71.61118151440584, 64.49587340701345, 56.42888194545168, 28.457172913733732, 36.554442778891556, 44.134627616795704, 49.438305080157654, 57.72302761064442, 66.16545431735358, 70.86273699638814, 73.05540914124101, 69.63177742742715, 58.47929581159183, 50.438700354605615, 46.14466586282004, 75.5287106061567, 73.51362243932441, 74.01196792494387, 78.9232227217951, 82.8411765946171, 88.61334555767245, 94.90069321326978, 95.98831978966632, 94.32222422012399, 91.14955650350731, 85.23091577208442, 81.49851957932277, 76.33987633876855, 78.69187467321628, 82.39430426806405, 86.70114571991522, 91.71761126880922, 88.9561519469323, 85.55074128532775, 80.6209753929646, 46.48343804583489, 58.86386164434627, 71.42545098165373, 82.50544762120094, 95.65092310497137, 107.285392258792, 119.97287904623012, 121.71452196850144, 133.93481399577422, 136.3472844041142, 129.55955845134224, 121.33523153478974, 117.46558540069248, 110.91026557378643, 105.74962000878908], [12.892628273755433, 9.763618785283299, 15.847700264319387, 26.7517978551822, 22.06708512921924, 18.410985953019953, 18.517168729838424, 48.21382606720929, 52.86301860090879, 60.473733787487085, 69.13226460343043, 76.99908607403049, 70.55773031833594, 62.561490424494494, 54.477496898546875, 12.798258902758182, 6.677451481377385, 11.345245704555103, 21.446995855483372, 30.810182977690555, 31.905780640717595, 19.058380353131636, 7.868291691541812, 0.0, 9.878734991728345, 48.16562428680266, 56.34873523970989, 64.6193166147313, 75.57948485624708, 84.13658819678267, 82.2003857462417, 73.79910970541857, 64.24081297553663, 56.998350071919056, 48.86081135911287, 20.61370090445501, 29.41754326124276, 37.840339978509576, 44.73069515623856, 52.89741177271392, 60.594528783128474, 64.72463061588589, 66.51715765332737, 62.609781559349926, 51.12082816101827, 42.73539495875916, 38.343347834362476, 72.82347997772692, 69.8170237733248, 69.50189066552598, 73.70109949716026, 77.12613169240393, 82.55681481759743, 88.78137095788479, 90.20747947173298, 88.96631801598332, 86.36096736144088, 81.21834169532127, 78.17366471154371, 72.89898063720477, 74.38600331647342, 77.34862077263011, 81.11331442445514, 85.77132812917452, 83.39793807109038, 80.55627476716657, 76.38837866373085, 52.768698765925734, 63.65268783591578, 74.55189807786635, 84.22497960481444, 96.81977481816428, 107.00111199252773, 118.72155481609398, 117.85857943795337, 129.2697172351155, 131.0866393155648, 123.62928324524033, 115.21070795205648, 111.14829095718935, 104.69488168826047, 99.72487879779696], [12.791466299555886, 15.243258188017709, 23.482222236612973, 33.89781279781876, 27.542739326514692, 21.029984505099904, 17.87679144905802, 39.095083047634034, 43.57078061132083, 51.074376676816186, 59.803603832179455, 67.92479289760608, 61.2459305275608, 53.19365555127049, 45.28916487208448, 7.361493455094898, 12.500123938716806, 20.220194335696185, 30.949686353966257, 40.05114842167175, 41.01376485591782, 28.79664724132853, 17.73912652570898, 9.878734991728345, 0.0, 38.81731848163909, 47.137418720119, 55.60126328105983, 66.87657689242167, 75.65906178152024, 73.41960896196996, 64.73516118325874, 54.95937180593942, 47.56193422383944, 39.33789590137453, 10.941554763251384, 21.605997222740935, 31.455700079817422, 40.77997818453514, 48.52280909403217, 54.906302673238336, 58.0649402280897, 59.15559102716352, 54.41683046456846, 42.43136797643218, 33.32851433924982, 28.53494061334828, 71.06509778480927, 66.75453736561808, 65.27840213089411, 68.35965106993152, 70.9882637964687, 75.82427552316298, 81.87711368105998, 83.84048339700226, 83.2646471351436, 81.52270880006861, 77.55115061728166, 75.49754884496014, 70.13850356605376, 70.3857106398261, 72.22650062533377, 75.1284714363159, 79.17875956711568, 77.43605581098961, 75.47356646594744, 72.46587387718964, 61.048341904414976, 70.52331211499173, 79.6450405019202, 87.65756719477534, 99.53021981340287, 107.89413056941171, 118.31073531513474, 114.08019599840658, 124.22547349011562, 125.12516525784885, 116.6706002994031, 107.93283159027918, 103.50051266707739, 97.07298451635144, 92.24571881468503], [46.55362223024149, 52.520140370013074, 61.24494539342133, 70.49477566777635, 63.72408714018487, 55.49362403994025, 49.0025637381869, 21.51401393049679, 17.103925395157304, 17.826417355119258, 26.278140021446763, 36.74265788525759, 30.853628302104052, 25.720495513807467, 22.83037804533782, 37.11237571771919, 47.82425260780514, 55.894088653295924, 66.95660365891429, 75.76974746201459, 77.2052793084006, 66.23357424931869, 55.612243020062834, 48.16562428680266, 38.81731848163909, 0.0, 8.623423157725997, 17.8245826634487, 30.847510251765264, 41.619690720469144, 38.745403418559114, 27.96644734694616, 17.326150689207484, 11.041904995188876, 4.848923733106452, 30.755837542914108, 36.018342542833935, 44.30635012749149, 57.6894736413841, 61.80122966783922, 61.48781602742355, 59.1391184354905, 55.487588678618074, 45.82456321170472, 35.99304930669395, 25.058632596902427, 14.719255425266761, 88.174406