{
	"dissimilarities": [[0.0, 7.4020167858580965, 14.664543681193834, 22.854645964523584, 15.76239950215223, 8.99764602204204, 5.299901147915591, 41.81871982724565, 47.93454902607382, 56.301944042125314, 64.54066831909508, 72.24010292877279, 64.7406217017731, 56.49583861374722, 48.08588067912064, 21.96939256457215, 21.02456542512751, 21.968379071606673, 28.259502688665794, 34.316281832829056, 33.1682487600315, 23.0493006806753, 16.740640916338712, 13.329775366614735, 14.922659133406318, 48.18046406648622, 56.86485260118097, 65.52429487841897, 74.28621197692905, 81.71698180194976, 78.22956098314843, 72.27013225243448, 64.52461687162993, 56.18779443200386, 48.39065112526632, 18.925283884401075, 22.917312114553532, 32.36148680039993, 33.57554092950773, 41.675412372276796, 52.93131477561231, 57.44753695621819, 57.20739104944994, 54.25052119350219, 45.705766272593, 36.78819020684387, 36.02517075489098, 59.825584237207956, 57.669900510233155, 59.48097765521782, 63.59586978249912, 66.20864018957255, 71.00215395686126, 77.07412581173902, 79.27989643443935, 77.77953340036481, 75.12858764463712, 70.15476818061204, 66.49193669954485, 61.068722384537395, 62.729088681075076, 66.31296650127736, 69.5696725168075, 75.01648640193942, 72.01656619957186, 67.8907368482458, 64.17972344427481, 52.15815942981897, 63.59002654121478, 78.15240641650782, 95.63324203078837, 85.09454731645191, 92.7196748350699, 107.29961921077064, 104.91924815963904, 114.11930846992274, 113.77084042737978, 108.3975485411329, 112.133079665174, 108.03194968331056, 99.5680290626416, 95.7934308392361], [7.4020167858580965, 0.0, 7.707366014002643, 17.121929813214194, 10.27887518710836, 6.422963227474839, 9.747653337158336, 49.0929523352395, 55.157975163639875, 63.47901039837381, 71.79121487198907, 79.59970483125262, 72.04250882874783, 63.769985667550365, 55.39021852310241, 24.58342958735223, 20.658908983761705, 18.757410405955532, 23.20578919056997, 28.753880497724584, 27.265939208337684, 17.170634545669706, 12.78186716815673, 13.509974344771646, 17.79323748732349, 54.313803478287554, 63.2154653669532, 72.09112624923493, 81.09627328058944, 88.73373992278039, 85.32770407711892, 79.16615306830118, 71.23364357210967, 62.84733273391107, 54.89876114047729, 24.038489902475117, 28.209276265011496, 36.30498016062262, 36.56950264651011, 44.669300967310015, 56.35763350256437, 61.595333715282344, 62.432195397212325, 60.3487711010647, 51.399479453967594, 43.356863301335935, 42.447328547248446, 61.30410448823744, 59.88981478515032, 62.49256303844174, 67.29777909175334, 70.6081260312444, 76.09864624312728, 82.68557504728449, 84.2374798007847, 81.97920518730055, 78.63060094138957, 72.86520860525536, 68.63494640864423, 63.08622224933425, 65.70101130006326, 70.04890958509063, 73.96922931549906, 80.16942728676862, 76.52553207811697, 71.59401280355073, 67.03307762839265, 47.64218826540474, 60.222715022863575, 76.01135559039746, 94.45605627761067, 84.13452716142183, 92.92281636973166, 108.53515773222053, 108.06284855525978, 118.78594091939487, 119.47821080799596, 114.93413993418292, 118.75647627087054, 115.01633248214681, 106.66183244167266, 102.56502029908792], [14.664543681193834, 7.707366014002643, 0.0, 10.123791785898309, 5.416413342552339, 9.0481377403442, 15.530441780626235, 56.451751769384686, 62.597846857359094, 70.9643529228925, 79.1979756703374, 86.78261469272238, 79.35624384664419, 71.10969762566715, 62.699892517155966, 31.277449003631197, 25.668888317452648, 21.066934750493676, 21.451776432808195, 24.37122873964284, 22.008936858358997, 15.33973109783392, 15.492089481615707, 19.641346845606364, 24.85525365349614, 61.977196223716625, 70.86222809753569, 79.66472323186883, 88.518723119178, 95.91413277451223, 92.6555680529193, 86.67697001453607, 78.85016779359854, 70.5139148635453, 62.59130217381946, 31.609218080261478, 35.12482602437305, 41.72360866577982, 39.77030759440275, 47.914353983757685, 60.51446189686308, 66.32653736488292, 67.77342348573697, 66.3410246716248, 57.905688279105966, 50.70575698794867, 50.13968026572916, 61.61446326339219, 61.50047208277883, 65.19881907230395, 70.72724719861108, 74.70460837918189, 80.61506904849698, 87.31096568333145, 88.28480703029453, 85.42017784120696, 81.3651926704998, 74.78282611618265, 69.74449163125225, 64.10015503235108, 68.12093752003003, 73.35816656580656, 77.85490372912588, 84.47710971607071, 80.4003711711904, 74.76702399054551, 69.21034485478266, 43.05221359447672, 54.8103946978687, 71.11708371566093, 90.27702530520797, 80.39596332608566, 90.55050199255923, 107.11185035791068, 109.56838567962262, 121.47118904263016, 123.28567797511154, 119.7834780534859, 123.5002579159784, 120.45917988560325, 112.80856779333733, 109.24151944825061], [22.854645964523584, 17.121929813214194, 10.123791785898309, 0.0, 8.37279739663878, 15.677011670744308, 22.244362278687227, 63.58842322113652, 69.90436958759695, 78.36466084505692, 86.30042426361057, 93.22298720475602, 86.19468310592015, 78.08718562431488, 69.64361640627439, 41.26426255777239, 35.3948957737995, 29.622424504887107, 26.106952750164833, 24.098064955789397, 20.4034103405976, 21.57110092333178, 24.781610755492757, 29.619950283698003, 34.75796814998341, 70.92117519331167, 79.53861802161802, 87.9312255635002, 96.15086691326661, 102.73570329306715, 99.71316790384317, 94.40114856794068, 87.04198142855827, 78.88307182256274, 71.19157093138695, 41.04286751817559, 43.353238747952666, 48.4672358425369, 43.002557431766625, 51.22398358694984, 65.2719201474766, 71.42256059871664, 72.85843026749816, 71.80181127163993, 64.96804115344013, 58.58307925105953, 58.8367115442376, 60.06722393452505, 62.04593509048652, 67.2108162373889, 73.45818950588502, 78.0212022847209, 83.94625721209214, 90.17425185326637, 90.67881079628897, 87.44622900947074, 82.71081962291936, 75.32548000947433, 69.16416555699755, 63.48150357300921, 69.50533805758002, 75.75489319037231, 80.67260537768873, 87.23019720469702, 83.034563764749, 76.88538247578761, 70.182271379523, 39.360178917389945, 46.27638172806933, 61.79776269459407, 81.3390171363711, 72.22616118309844, 84.11928099894287, 101.49647159725954, 108.39635869193395, 120.89989628546019, 123.92617853204356, 121.76460310441608, 125.0917062689576, 123.22749211364003, 117.11275555148593, 115.20461422272899], [15.76239950215223, 10.27887518710836, 5.416413342552339, 8.37279739663878, 0.0, 7.655801877972156, 14.748462519442693, 56.54537552076835, 62.955733084101084, 71.39069470762453, 79.4204361395684, 86.69788199427391, 79.2903839787792, 71.05608100822064, 62.684246301676275, 34.66225675467148, 30.123645663621026, 26.295800899339824, 26.63967714301519, 28.265764270475444, 25.371514983531004, 20.670946008992964, 20.505918786280095, 23.453271458715435, 27.868639476195348, 63.78869674288102, 72.57908681269917, 81.26673511561881, 89.86283156538188, 96.86377706319459, 93.46912468322547, 87.8402148693849, 80.2058773226936, 71.82762857572158, 64.00173557487736, 33.45549269127283, 35.08016304584055, 40.293180170344534, 36.22393325602295, 44.4592969822324, 57.87644978425233, 63.86097273159256, 65.3454707085072, 64.30367658090564, 56.831254723153954, 50.664614295312404, 51.26421556070363, 56.58797748872443, 57.0291529210393, 61.24850051826483, 67.07715305280095, 71.33535756957488, 77.33318615778968, 83.98284614894628, 84.62593936660329, 81.52779335479576, 77.19288209040361, 70.33166635508823, 64.95988053177406, 59.29260264577897, 63.93736754037226, 69.57330008818181, 74.27658941352807, 80.98553570069531, 76.76101299603764, 70.87322688555071, 64.88528744653512, 45.62365059820835, 53.796804707753736, 68.02322704824708, 86.39553076738355, 75.52300476245665, 85.23463872758724, 101.82037835328809, 104.70706127732743, 117.05813122663767, 119.54027653225094, 116.88802664567318, 121.06849270109603, 118.84281124360133, 112.50007154474525, 110.31059008784331], [8.99764602204204, 6.422963227474839, 9.0481377403442, 15.677011670744308, 7.655801877972156, 0.0, 7.29631823602411, 49.05039844989425, 55.488544163274305, 63.90472301915809, 71.96130624633801, 79.4003525163541, 71.8343422690557, 63.557363889566425, 55.21889066238326, 29.140631059415867, 26.531770117681894, 25.118911060724603, 28.722389872798992, 32.643318492900995, 30.459843809987508, 22.588581750785107, 19.035550500256644, 18.988698963596267, 22.062782141015894, 56.55734840342408, 65.32780744362358, 74.06007851609749, 82.74701444627561, 89.89920847799353, 86.30204184689754, 80.57254165668593, 72.87706461839002, 64.43154453439946, 56.612018416311216, 26.463076289158938, 27.72668625229616, 33.92256017028959, 31.538648145931518, 39.873802183190364, 52.638695650111956, 58.117840013080624, 59.02086746498575, 57.44372855729525, 49.65968498963195, 43.02945801184786, 43.76632164630746, 55.06688733389064, 54.1453086762379, 57.29604562173614, 62.45601547187798, 66.10763815474127, 71.74244105452803, 78.33561018589941, 79.48575419717687, 76.9371830244327, 73.26522286369838, 67.1894771708915, 62.621870002647924, 57.03318687332968, 60.270127505231024, 65.07018054488407, 69.24699477866872, 75.59726776324908, 71.74861817200419, 66.50204191160023, 61.461003975022145, 50.471376837881344, 59.262686031238516, 72.70520252550224, 90.17333719391422, 78.63988905531157, 86.74670789498384, 102.31782670295253, 102.06860192094052, 113.35021253267745, 114.83462822758945, 111.31303664340099, 115.77329631836255, 113.02894054326008, 106.29809150963754, 103.9179194141719], [5.299901147915591, 9.747653337158336, 15.530441780626235, 22.244362278687227, 14.748462519442693, 7.29631823602411, 0.0, 41.81748105143576, 48.282813992365575, 56.71726561399723, 64.71835038823865, 72.105111755701, 64.57076421926764, 56.31626732718078, 47.96034999885661, 26.139495471526818, 25.917349978529092, 26.782566306223362, 32.32941835744856, 37.29346450074123, 35.612426780042696, 26.760833079564133, 21.17696389618429, 18.078606214532968, 19.071402110257914, 50.237761548139645, 58.78778273664896, 67.32200774891506, 75.81498388486271, 82.8358033065967, 79.15976920142126, 73.56755960380991, 66.02504748130607, 57.640769633397554, 49.975583911936845, 21.40128202733626, 22.324848718908424, 29.989419556802666, 29.001373246224112, 37.34289231817468, 49.50007918271756, 54.21327145322906, 54.024405810934134, 51.513567816036705, 43.96252395497421, 36.40973363490766, 37.269342387067965, 54.58665718959626, 52.711841838171175, 54.89546356221189, 59.27453410836607, 62.155712477690265, 67.08511055173082, 73.20482860036064, 75.07413535239665, 73.33350500274803, 70.43624617220492, 65.24411112877914, 61.363123603144935, 55.9133569422978, 57.97505869877562, 61.891152310855766, 65.35083819992961, 70.94454049868142, 67.76237565555604, 63.38611706006613, 59.32863524702764, 54.577813032123984, 63.16095979180216, 75.80798327693896, 92.4291365019579, 80.83897795618431, 87.77522460879429, 102.26084770030585, 99.83250333011253, 109.51108731357745, 109.82287298969734, 105.3178858142706, 109.6735089063886, 106.43264841532857, 99.39416946125401, 97.11134029887889], [41.81871982724565, 49.0929523352395, 56.451751769384686, 63.58842322113652, 56.54537552076835, 49.05039844989425, 41.81748105143576, 0.0, 6.9825319253372555, 15.203540937357488, 22.947228385269714, 31.096552418708317, 22.96929759397072, 14.701971742887922, 6.385887197909464, 39.23174710791129, 48.04979999073248, 55.48907235099735, 65.21631886243274, 72.85731581306375, 72.76700635192906, 61.87855514096627, 53.30077979971124, 44.95040521027401, 39.10037195711891, 21.529451106703252, 24.985191375655422, 30.62475379980956, 37.46538869503384, 44.165677990045175, 39.15166477007038, 34.092409795512594, 27.925907477579706, 20.868571276570712, 17.18878105432628, 30.662333221670576, 28.980840917877902, 36.51887396532137, 44.82641302037397, 47.84316393059208, 49.93707285184644, 48.03111809698589, 40.63246824528405, 31.098197630262465, 27.32573194924945, 14.760738788803598, 15.411713824796257, 70.33488044647794, 63.608924680967014, 59.52652416759267, 57.87069154516745, 54.893886709932225, 54.004781108758664, 56.10433476562211, 62.83504496578442, 66.67820222492668, 69.32026221196915, 70.4413000626493, 71.50907019994659, 68.07506361879037, 62.69895810698262, 60.04838965246753, 58.0580184948478, 57.646875369190944, 59.506431932957526, 61.73582723878111, 64.79115256760949, 87.63664968616222, 96.45101411554346, 105.88381373805805, 118.09927980014288, 106.60995257800035, 107.38098239899308, 115.45806710322435, 99.44996572384302, 99.07260757023883, 91.28393347707659, 79.35906180338336, 83.39927446167101, 75.60478041506799, 64.98686778206148, 61.78222683036397], [47.93454902607382, 55.157975163639875, 62.597846857359094, 69.90436958759695, 62.955733084101084, 55.488544163274305, 48.282813992365575, 6.9825319253372555, 0.0, 8.480490553011956, 16.654249811857696, 25.447808832639677, 17.459600594927853, 9.829371957943652, 4.32970517672624, 43.38602981080645, 52.43926657114751, 60.16889049808136, 70.03567564548834, 77.93231278754375, 78.10538043216117, 67.1118328651847, 58.4982242423605, 50.09838932885448, 44.11249231421867, 19.256497324276136, 20.088719693536422, 24.268865677186934, 30.63623948599803, 37.598267608263136, 32.38720133906974, 27.14018467941493, 21.380478706502153, 15.329749252787211, 14.279520355072085, 35.768650333878874, 35.06728669496878, 42.53954312489631, 51.54035727594946, 54.144102739093626, 55.040215706316886, 52.41691472749193, 44.531368664764535, 34.55294415956256, 31.408303191730848, 19.761854045351644, 18.405745265013913, 76.6253917308339, 69.63769363149297, 65.04881361501337, 62.763314580411176, 59.11956207283938, 57.390114680046864, 58.663776756284314, 66.04683616128054, 70.64792546467203, 73.97560758722251, 75.80250220539872, 77.3397633386609, 74.13710762613958, 68.17741371853322, 64.84080562276841, 62.19377724652315, 60.86299552339714, 63.46105682249364, 66.51398758150813, 70.30354257772508, 92.28665129395061, 101.85592010946706, 111.6132297583098, 123.69843211651978, 112.7776225057189, 113.33644867316163, 120.75854804894975, 103.63989652974527, 101.60288097457202, 92.32203360684386, 78.7843718221588, 82.09698865483284, 72.9090230338905, 60.48776459622732, 55.84245525381296], [56.301944042125314, 63.47901039837381, 70.9643529228925, 78.36466084505692, 71.39069470762453, 63.90472301915809, 56.71726561399723, 15.203540937357488, 8.480490553011956, 0.0, 8.758599242589023, 18.70844987291515, 10.704696494185718, 6.339683075644554, 10.123226594271857, 50.38605804825025, 59.68666024305885, 67.70464820667493, 77.77369300026763, 85.89010432609581, 86.20836866368533, 75.03476906441819, 66.33662340781558, 57.86600047163262, 51.74143653663275, 21.139731075548216, 18.08241264346296, 19.15054924521224, 24.11826945394992, 31.08411838779781, 25.148595013980835, 19.952359468447185, 15.550331261534751, 12.548090905972314, 16.1647726064473, 43.32557017733964, 42.54064168417175, 49.11552615760322, 58.65307823084136, 60.48679260293197, 59.721711287134944, 56.134006977441096, 47.680262374331896, 37.47867197148188, 35.588940712756106, 26.162660545635227, 24.72007115845181, 82.8631536218672, 75.38377857005135, 70.03778921547456, 66.87663237994349, 62.38047836305346, 59.62678107407695, 59.9989207287202, 68.00496703623669, 73.46982962022163, 77.6817396389387, 80.49641651930494, 82.77719186173246, 79.96410972705476, 73.08210976178141, 68.79551607052743, 65.30664718935552, 62.89541561977999, 66.33613002851465, 70.43754086462086, 75.2518152987371, 100.00755182763041, 109.78763724259373, 119.25541240032467, 130.7732305754734, 119.89954330434024, 119.62073251708051, 126.04938018827606, 106.73362908073105, 102.90229568763087, 92.04273852843647, 76.93511597084026, 80.09419959632915, 69.66271459569118, 56.02012137360152, 50.50030687379199], [64.54066831909508, 71.79121487198907, 79.1979756703374, 86.30042426361057, 79.4204361395684, 71.96130624633801, 64.71835038823865, 22.947228385269714, 16.654249811857696, 8.758599242589023, 0.0, 10.604033572430914, 4.239616963649075, 9.352655237240976, 16.9287524931201, 59.1409849382822, 68.42202914988525, 76.37411968138602, 86.26757322139278, 94.13806871364497, 94.42247760028762, 83.59929743915748, 74.98042826927454, 66.54659024619522, 60.45629168294645, 28.699668175578026, 23.488162802127672, 20.694568418971727, 21.39503058265879, 25.84935031783663, 19.303328151961434, 16.904641417157684, 16.984957859480428, 18.341200108840862, 24.046882829961433, 52.00673980580605, 50.594627203068534, 56.094943772950835, 64.90086251881422, 66.10362449403713, 64.44619815525078, 59.99339476237655, 50.64705113753598, 40.21242700769619, 40.93873648871182, 33.75526956947059, 33.33617574713728, 87.25761026099819, 79.7040928226782, 73.90335949709994, 69.96232255126294, 64.65477151970958, 60.553031437928524, 59.39462542856282, 68.14412260196964, 74.68420276972614, 79.77980765841201, 83.57752271142785, 86.41145393438207, 84.03605824320165, 76.61722459852275, 71.54725575067903, 67.15156531420094, 63.21913812237557, 67.78685622832097, 73.03587561881378, 78.70671849936757, 107.67612393814466, 116.35162145520061, 124.6822275368604, 135.10515406443335, 124.33680209251598, 123.04026336526339, 128.14801655858568, 107.2239533710114, 100.99392925916996, 88.44572538051294, 71.82482300089754, 74.69088959615442, 63.411508010860445, 49.73138063980871, 45.62712725850088], [72.24010292877279, 79.59970483125262, 86.78261469272238, 93.22298720475602, 86.69788199427391, 79.4003525163541, 72.105111755701, 31.096552418708317, 25.447808832639677, 18.70844987291515, 10.604033572430914, 0.0, 9.75123241521742, 17.577420202092373, 24.807498015052584, 68.58794772188146, 77.5352567520415, 85.05362497524926, 94.30201900951675, 101.46062305347981, 101.64572163576118, 91.8173224163818, 83.52868975939919, 75.31265062190813, 69.46301665457463, 38.880844808830425, 33.00554874585881, 27.834092670760295, 23.524307850963115, 22.201798991004605, 16.657857542600638, 20.34579415044311, 24.867123737852957, 28.27014108357074, 34.3049074529692, 61.21225907377212, 59.4283122845717, 64.32454402291206, 71.32751209925176, 72.33517407732853, 70.97070682354997, 66.03181380527732, 55.68307741577975, 45.02120168459014, 48.81974064675336, 42.83122495842944, 43.22608888592668, 91.096915063489, 84.15031503946948, 78.46000486948058, 74.0842888986932, 68.22035442470853, 62.616303922895725, 59.202063791767884, 68.8166068531233, 76.57055291810205, 82.36127446049643, 86.88638465315906, 89.82030103418178, 87.81644037885054, 80.60338236900378, 75.18970114562701, 70.01101409078132, 64.20270314141287, 70.11794086130473, 76.39671477448834, 82.45921060539824, 113.7757774557226, 120.40708572138753, 127.1570847212489, 136.17923390752128, 126.18295521775521, 124.198578503362, 127.78826737023542, 106.95301068786121, 97.42686777122526, 82.84900661962875, 64.36038551804977, 65.75237911723295, 53.4855328601762, 40.16236964170652, 40.02431835933334], [64.7406217017731, 72.04250882874783, 79.35624384664419, 86.19468310592015, 79.2903839787792, 71.8343422690557, 64.57076421926764, 22.96929759397072, 17.459600594927853, 10.704696494185718, 4.239616963649075, 9.75123241521742, 0.0, 8.461534773824077, 16.659448114670578, 60.519849480201216, 69.78519501897344, 77.62276850454806, 87.42620107496886, 95.05670652931413, 95.14956742880305, 84.50605390221246, 75.90274717919354, 67.46961748687347, 61.41716043189726, 31.431959337102406, 27.037608629473304, 24.8884878279999, 25.29239694590392, 28.49581547381752, 22.0741502945278, 20.883393582126686, 21.10676053543094, 21.677266312315794, 26.550162388327667, 52.8076397593553, 50.42790555767744, 55.0826198833771, 63.15092547234217, 64.04215296654462, 62.28179183105333, 57.591101528500644, 47.81822457356615, 37.26563220734726, 39.4413595085415, 33.475114202563766, 34.45637300706117, 84.49310095376008, 76.94447365750175, 71.04891562001337, 66.89966154398162, 61.39270262637316, 56.900455618269994, 55.356746868949536, 64.24431650675123, 71.02600352048461, 76.31157440495245, 80.36635985989103, 83.35091503711332, 81.14489155577395, 73.59770822361352, 68.34366730319655, 63.707224296043194, 59.364384056550875, 64.21547262013588, 69.75937235107138, 75.63583734540147, 108.63616822172379, 116.15990498251621, 123.51017269883747, 133.29615210567113, 122.04371590130565, 120.10755148209334, 124.80604773020738, 103.28024264267707, 96.81823418969852, 84.33672596061099, 68.02296630658805, 71.6513010532752, 61.139940232375245, 49.37142221711898, 47.73558106549255], [56.49583861374722, 63.769985667550365, 71.10969762566715, 78.08718562431488, 71.05608100822064, 63.557363889566425, 56.31626732718078, 14.701971742887922, 9.829371957943652, 6.339683075644554, 9.352655237240976, 17.577420202092373, 8.461534773824077, 0.0, 8.522755865508, 52.6033285331689, 61.85590287978246, 69.67022390876915, 79.58153299900076, 87.30222891450856, 87.30762675520242, 76.42682041119664, 67.75742149090333, 59.29313609574, 53.238194596805556, 25.974948756232433, 24.035976369764406, 25.22040946141218, 28.9576204622682, 34.16959354725271, 28.09391550856498, 24.639973912996744, 21.444356682753927, 18.435246620688833, 20.81143279835468, 44.54722335075594, 42.0201349458977, 47.15986773337809, 55.555200378557416, 56.902405411918764, 55.9923588568335, 52.03174744354132, 42.85959929845212, 32.318913471812834, 32.6611687606266, 25.257245629644494, 26.58183285554935, 78.3464197226328, 70.83028981570814, 65.31849899670942, 61.85002458093658, 57.064865642554985, 53.80200296821437, 53.75249873195525, 61.919567670013855, 67.68428633701215, 72.14687501379709, 75.31796272233069, 77.82221972440158, 75.24315063562398, 68.1396560323666, 63.581574540722926, 59.75984751218559, 56.83953982937925, 60.63053613725926, 65.1299742809216, 70.24638757134228, 101.48591145173746, 109.43685179299636, 117.37846345416894, 127.93624890885756, 116.27280510245747, 115.01972034898324, 120.87996323056032, 100.66235001867513, 96.64044981553525, 86.007122267138, 71.49673228178202, 75.76845997618014, 66.48796167821455, 55.45500628167248, 53.231694634839585], [48.08588067912064, 55.39021852310241, 62.699892517155966, 69.64361640627439, 62.684246301676275, 55.21889066238326, 47.96034999885661, 6.385887197909464, 4.32970517672624, 10.123226594271857, 16.9287524931201, 24.807498015052584, 16.659448114670578, 8.522755865508, 0.0, 45.26269973178178, 54.195720874287076, 61.70342159684195, 71.36992028362617, 78.90833638388622, 78.84924614746231, 68.16958193881305, 59.62783256564651, 51.28024029845922, 45.39775547590399, 23.174952477552182, 24.151756117256276, 27.86374597827281, 33.312022356477804, 39.212553439704344, 33.890075226538094, 29.645728066639126, 24.718369720121714, 19.162152802512143, 18.17734219538561, 36.91653741544993, 34.85687517231076, 41.287603378749644, 49.292674326408026, 51.629535166649084, 52.62409895076828, 49.79606785198492, 41.37124822512317, 31.090088478494337, 29.57647110542487, 19.312125313703902, 20.379432452394745, 73.38890025065963, 66.44744056538856, 61.81612728070278, 59.37729435385419, 55.581958973405264, 53.528336809816615, 54.4966122638929, 61.983637876291205, 66.77444057053881, 70.22651914793896, 72.24129167949873, 73.86127246824215, 70.7908517755003, 64.77274700572288, 61.32039485641518, 58.482205668292686, 56.8143635393057, 59.640453637222635, 62.920644643215574, 66.84270802410107, 93.20504825060445, 101.35936628966412, 109.99987448212606, 121.40337466934581, 109.99708771207197, 109.93724200581065, 116.98355557206987, 99.47605307255733, 97.280748624081, 88.1776020033354, 75.07440270950553, 78.98558465604192, 70.56991906520706, 59.80782892537482, 57.27781749155229], [21.96939256457215, 24.58342958735223, 31.277449003631197, 41.26426255777239, 34.66225675467148, 29.140631059415867, 26.139495471526818, 39.23174710791129, 43.38602981080645, 50.38605804825025, 59.1409849382822, 68.58794772188146, 60.519849480201216, 52.6033285331689, 45.26269973178178, 0.0, 10.221748355328504, 19.669048426944094, 32.121078698849125, 43.066016542899824, 43.9272339917455, 28.756312213004797, 19.508817606606556, 11.795489649923862, 7.143229769765565, 34.97554964842102, 44.32691089720846, 54.15302205057317, 64.90021332241953, 74.88913172444836, 71.1662587657138, 63.025095814654314, 53.892964749396576, 45.544400154425155, 37.334944496254685, 10.844699530670505, 22.96094563121772, 35.37939250144175, 45.974762884960995, 51.88556479691987, 57.470069766439494, 60.64986343943183, 60.79110887096834, 57.131954590450356, 44.255148134878205, 32.93054251089898, 26.80092939403651, 76.00881605106152, 70.80678496652516, 69.8038815338387, 72.14288073708327, 73.34794157165294, 77.87999619693235, 84.69672136636737, 87.72857126357277, 86.92373979255096, 85.66572409853296, 82.35114531326185, 80.82466790130539, 75.88459074554395, 74.02653134559253, 75.38001293715536, 77.61253176098265, 82.98524239743573, 80.32262132255241, 77.42897326184978, 76.12508167048705, 62.16139668518387, 81.48183903685116, 99.10097642235803, 117.30338772599293, 106.93888780621332, 113.42268827238404, 127.22077000023123, 118.73865055440183, 126.964562133679, 124.27502366043814, 116.00816485052313, 119.8628138633038, 112.7681249284226, 99.77667148268233, 90.29545264879532], [21.02456542512751, 20.658908983761705, 25.668888317452648, 35.3948957737995, 30.123645663621026, 26.531770117681894, 25.917349978529092, 48.04979999073248, 52.43926657114751, 59.68666024305885, 68.42202914988525, 77.5352567520415, 69.78519501897344, 61.85590287978246, 54.195720874287076, 10.221748355328504, 0.0, 9.656950608577276, 22.351138664606914, 33.78251349567812, 34.94030897631663, 19.410816199631995, 11.114633457461608, 7.884128813518333, 10.408030968872835, 44.53775776410192, 53.625692169836626, 63.08562617229044, 73.44705137950872, 83.0622977689992, 79.80247459921159, 71.94946683573176, 63.09946859778476, 55.02111657831894, 46.97293273999482, 19.108188978055246, 30.142229804297443, 41.55046635053431, 49.62905687498525, 56.29203795843442, 63.580306638910265, 67.66512004850405, 68.49484581000245, 65.3872186655432, 52.99186169856254, 42.26682602206222, 36.66435508650366, 78.22308456652205, 74.3316416778827, 74.59462558616481, 77.89325523830156, 79.9246090091311, 85.00448703014341, 91.94232598427938, 94.49584815387014, 93.06439148737732, 90.981675294815, 86.64184546397523, 84.11889239875633, 78.89199465663145, 78.62395759630083, 81.08328819951586, 84.03833804995881, 89.92693377902003, 86.78886795026816, 83.02707262260691, 80.50621406193912, 53.398407189440334, 74.8327600023596, 94.35302053232694, 113.8627374880704, 104.71885355120925, 113.12237980271293, 128.09805564350572, 123.19622938058501, 132.5204526646783, 130.79135454431704, 123.279658866706, 126.4745098772628, 119.77725081101902, 106.85683957214742, 97.32270425444757], [21.968379071606673, 18.757410405955532, 21.066934750493676, 29.622424504887107, 26.295800899339824, 25.118911060724603, 26.782566306223362, 55.48907235099735, 60.16889049808136, 67.70464820667493, 76.37411968138602, 85.05362497524926, 77.62276850454806, 69.67022390876915, 61.70342159684195, 19.669048426944094, 9.656950608577276, 0.0, 12.807228679478598, 24.424479147453876, 25.76807423449477, 10.433185050993822, 6.280743184543212, 11.906973892466086, 17.718943138983235, 53.470681232191495, 62.34089683475022, 71.41772182504279, 81.25925336051824, 90.28781738692436, 87.41214392051813, 80.02542617549618, 71.5384644105274, 63.638223814825835, 55.7185850973444, 27.11228996650731, 36.99842799443035, 47.48499409004921, 52.81552837532782, 60.10387704166088, 69.07171184518604, 73.82462396187593, 74.96059070564925, 72.19253199546004, 60.62573635879342, 50.31148037369719, 45.35047128155095, 79.37590314573114, 76.910388477553, 78.40715230542058, 82.52745822684038, 85.23338207486334, 90.62238398334425, 97.44639608846524, 99.63054522377794, 97.75184454823585, 94.96823160204934, 89.75029783919602, 86.25258561307501, 80.80998176585058, 82.13506876633187, 85.59184162164357, 89.10486855437988, 95.24757733938631, 91.82289354864969, 87.38917237660972, 83.7644923666347, 44.50318123273603, 67.23529102570829, 88.24373666070345, 108.794417372154, 100.96440810358715, 111.18503705624093, 127.10928526168468, 125.92148324834301, 135.98880618595226, 135.14726437536515, 128.43423486183087, 130.9788958354417, 124.858175122222, 112.42977803706358, 103.48207153401746], [28.259502688665794, 23.20578919056997, 21.451776432808195, 26.106952750164833, 26.63967714301519, 28.722389872798992, 32.32941835744856, 65.21631886243274, 70.03567564548834, 77.77369300026763, 86.26757322139278, 94.30201900951675, 87.42620107496886, 79.58153299900076, 71.36992028362617, 32.121078698849125, 22.351138664606914, 12.807228679478598, 0.0, 12.055396185153517, 14.308417710975101, 7.409444327427128, 14.93947339727479, 22.999339533959454, 29.312892698669543, 64.71915720701804, 73.19315022907128, 81.65425222248376, 90.69938109286412, 98.87025852159823, 96.56759196811463, 89.85761247906125, 81.94168108201075, 74.38674400336505, 66.74332136729394, 38.55729841459827, 47.58823653102329, 57.32867495366372, 59.56802747293048, 67.4391903898919, 78.18186277796447, 83.42892784686181, 84.51880706652416, 81.82071784124821, 71.44762479730959, 61.22150086459197, 56.65967431697226, 83.04961240284128, 82.45846059381998, 85.35540159144465, 90.25720124278938, 93.54288317169144, 98.97941781251721, 105.32728872225171, 107.29504116878654, 105.1591785219771, 101.7261939637921, 95.65395531960402, 91.01392614366925, 85.3952270163704, 88.62075450053824, 93.09699326555891, 97.04551001045013, 103.12589381636735, 99.64032623129698, 94.68364782314765, 89.91455008861715, 32.222401461120974, 57.201279563331326, 80.53294181094236, 102.45311163300207, 97.10427674184956, 109.88801394043203, 126.76126241827106, 130.66342233656093, 140.99566729593235, 140.91104794244453, 134.90149998171674, 136.26136123068164, 130.70550150291928, 118.7319364516745, 110.4782926692133], [34.316281832829056, 28.753880497724584, 24.37122873964284, 24.098064955789397, 28.265764270475444, 32.643318492900995, 37.29346450074123, 72.85731581306375, 77.93231278754375, 85.89010432609581, 94.13806871364497, 101.46062305347981, 95.05670652931413, 87.30222891450856, 78.90833638388622, 43.066016542899824, 33.78251349567812, 24.424479147453876, 12.055396185153517, 0.0, 4.385520872180863, 16.098361505665668, 24.941157695448165, 32.943045902158204, 39.29903715322509, 74.58073356985228, 82.76999783479549, 90.72064161051811, 98.96928007670496, 106.16163939960704, 104.23143782765257, 98.30884247286228, 90.95803940164365, 83.59812395274659, 76.1708078243263, 48.108502782865344, 55.94277645768223, 64.80118764614805, 64.01389451015886, 72.25740894010704, 84.60370124462221, 90.19792645197727, 91.10623833404837, 88.52321543506872, 79.58445678769615, 69.74814881820626, 66.01654273013146, 84.00441816946942, 85.24322007014618, 89.42435927027473, 94.9726082682914, 98.74330890842293, 104.1123917734688, 109.89697457356188, 111.61391711666225, 109.28393343580109, 105.29011065578327, 98.51921773549019, 92.84613339802478, 87.15835190085477, 92.15687062232513, 97.52970796232827, 101.80945187691538, 107.70806955911958, 104.2322950361407, 98.87609925444242, 93.09716978072812, 21.36334867073271, 46.209599606319514, 71.00036508946899, 93.81933220746674, 90.6863044520692, 105.6351276204548, 123.14697950037724, 131.87339056312842, 142.33074833325745, 143.11446489396215, 138.08943571333108, 138.58354307452083, 133.97507063882054, 123.21678505871512, 116.5406686941641], [33.1682487600315, 27.265939208337684, 22.008936858358997, 20.4034103405976, 25.371514983531004, 30.459843809987508, 35.612426780042696, 72.76700635192906, 78.10538043216117, 86.20836866368533, 94.42247760028762, 101.64572163576118, 95.14956742880305, 87.30762675520242, 78.84924614746231, 43.9272339917455, 34.94030897631663, 25.76807423449477, 14.308417710975101, 4.385520872180863, 0.0, 16.43424234623818, 25.21997430662968, 33.17814967231715, 39.57166824314042, 75.58008158299789, 83.88805594399358, 91.9307229000089, 100.15672104948115, 107.19089936949251, 105.10315771464458, 99.32338456901674, 91.97548566016823, 84.45084860392754, 76.93977842357877, 48.16260809431092, 55.101045970462025, 63.27726380300827, 61.47655776271809, 69.73063855712785, 82.50409602536197, 88.28371110384424, 89.35623893760159, 87.09695533618282, 78.56431263185944, 69.33875495477574, 66.31246864749588, 80.45625996209486, 82.08111511187826, 86.61122740560891, 92.39036974077034, 96.3973352140178, 101.9134774206521, 107.76242114025385, 109.19509613896827, 106.62607999991751, 102.38925423437554, 95.37815889232877, 89.47280930680918, 83.78525465652679, 89.21236257035757, 94.87893367950228, 99.35326172192994, 105.40931872782302, 101.75845498999902, 96.16235021448101, 90.06116873541438, 22.374222603460193, 43.88006084716367, 67.74160245878839, 90.35898263136124, 86.64052379236188, 101.55730229524029, 119.23807051546756, 128.48976423058446, 139.45929790670573, 140.82630107671062, 136.47468345877073, 137.36127097748152, 133.3602169055009, 123.53561062237164, 117.82577008978376], [23.0493006806753, 17.170634545669706, 15.33973109783392, 21.57110092333178, 20.670946008992964, 22.588581750785107, 26.760833079564133, 61.87855514096627, 67.1118328651847, 75.03476906441819, 83.59929743915748, 91.8173224163818, 84.50605390221246, 76.42682041119664, 68.16958193881305, 28.756312213004797, 19.410816199631995, 10.433185050993822, 7.409444327427128, 16.098361505665668, 16.43424234623818, 0.0, 9.59297259585333, 18.34335036086336, 24.976706400197923, 62.42077741589677, 71.29083461107533, 80.19611720924877, 89.59048590361883, 97.9345495544701, 95.1499346763531, 88.32259057271555, 80.12637625758455, 72.13937718599983, 64.20317591671068, 34.14916743714646, 41.94584637312278, 50.81951238100204, 52.87080487180725, 60.588822476407124, 71.30435398018632, 76.79121998828866, 78.38072317314433, 76.29504382913181, 65.83146697739137, 56.64448844401725, 53.116554965211385, 76.57451014209425, 75.65125351720161, 78.50064787549805, 83.52422374840609, 87.03679017480725, 92.85440024683062, 99.6878220156571, 101.22525221794893, 98.69839789933852, 95.07754337955318, 88.89740579489093, 84.38646567583949, 78.79567152231805, 81.83965015765907, 86.40998245512763, 90.5915095313273, 97.13648387108161, 93.26556446189699, 88.01931539450415, 83.16508656417473, 37.302696285049926, 58.700584880937726, 79.9328876524734, 101.01425370167696, 93.66854437161369, 105.259102339893, 122.09017779093205, 124.44792210558032, 135.73082648884343, 136.3052724891516, 131.05585709749542, 133.57460763364665, 128.6671818103871, 117.81561829428044, 110.58806417342598], [16.740640916338712, 12.78186716815673, 15.492089481615707, 24.781610755492757, 20.505918786280095, 19.035550500256644, 21.17696389618429, 53.30077979971124, 58.4982242423605, 66.33662340781558, 74.98042826927454, 83.52868975939919, 75.90274717919354, 67.75742149090333, 59.62783256564651, 19.508817606606556, 11.114633457461608, 6.280743184543212, 14.93947339727479, 24.941157695448165, 25.21997430662968, 9.59297259585333, 0.0, 8.841016325736028, 15.46779507724837, 53.42560810996297, 62.501096447146104, 71.71542817521157, 81.48460026166605, 90.2282231107544, 87.07262065122784, 79.94185780016521, 71.47530427617235, 63.2705908898689, 55.1887470182212, 24.699287839569564, 33.029116399376925, 42.76050241487418, 46.966882045662345, 54.39064253510686, 64.00763831953219, 69.02341444384844, 70.33656544877097, 67.98060394583821, 56.904655657683875, 47.46270854126297, 43.82143680141761, 73.14272105883374, 70.85175504879655, 72.6322700414518, 77.00186026717245, 79.97542400997159, 85.572258394272, 92.54284499224505, 94.39699240177148, 92.24721030607924, 89.21791557534706, 83.77839540413359, 80.1148016753714, 74.65026599747583, 76.27017046985657, 80.01758352874805, 83.75313457210623, 90.12203667867304, 86.47136651404317, 81.76490445066032, 77.83627541269477, 45.52155954343026, 65.22169029423132, 84.63191845198952, 104.5540379025801, 95.6495346819111, 105.30226754348608, 121.21439815060293, 119.92496397742337, 130.55665916641448, 130.3695706277468, 124.47934384047446, 127.68041256575204, 122.37236665765369, 111.30393471124185, 103.8856002295852], [13.329775366614735, 13.509974344771646, 19.641346845606364, 29.619950283698003, 23.453271458715435, 18.988698963596267, 18.078606214532968, 44.95040521027401, 50.09838932885448, 57.86600047163262, 66.54659024619522, 75.31265062190813, 67.46961748687347, 59.29313609574, 51.28024029845922, 11.795489649923862, 7.884128813518333, 11.906973892466086, 22.999339533959454, 32.943045902158204, 33.17814967231715, 18.34335036086336, 8.841016325736028, 0.0, 6.649087946406933, 45.02221641218465, 54.22263795265917, 63.623614232292496, 73.60081334236035, 82.56837486045451, 79.10155818157511, 71.81111135462677, 63.19362479915512, 54.817485243826546, 46.64499637656192, 15.884161720452168, 25.173257519138858, 36.198372901387295, 42.51119918192087, 49.58761143168873, 58.11219007732547, 62.470683334008605, 63.17075542428416, 60.29332776254331, 48.859069315312674, 38.832195267096424, 35.0240815008788, 70.65088012512126, 67.17504968917542, 67.89675593125232, 71.5124361863159, 73.81939183722541, 78.97503049103732, 85.8338915328353, 88.14648571540641, 86.55176611671388, 84.21151609615684, 79.60948072296189, 76.76025782675177, 71.46856716507482, 71.7380771893354, 74.59365004495514, 77.74389654424361, 83.68361654999732, 80.4421771561021, 76.44310521972825, 73.5069129340956, 52.70809207633167, 70.74437516203437, 88.51824658417688, 107.31066045452914, 97.3716885295357, 105.34079929956248, 120.2297683637197, 115.84253136316987, 125.44376426169147, 124.35901764542727, 117.7403848830053, 121.38705336483957, 115.68521386886306, 104.45751838265898, 97.04691228080523], [14.922659133406318, 17.79323748732349, 24.85525365349614, 34.75796814998341, 27.868639476195348, 22.062782141015894, 19.071402110257914, 39.10037195711891, 44.11249231421867, 51.74143653663275, 60.45629168294645, 69.46301665457463, 61.41716043189726, 53.238194596805556, 45.39775547590399, 7.143229769765565, 10.408030968872835, 17.718943138983235, 29.312892698669543, 39.29903715322509, 39.57166824314042, 24.976706400197923, 15.46779507724837, 6.649087946406933, 0.0, 38.725927278168164, 48.04472338011929, 57.637810493957566, 67.84914180054207, 77.0811309408633, 73.34447502857718, 65.84970829730713, 57.06260274835018, 48.54426685283686, 40.287466434468435, 9.428857027576143, 20.144264386129592, 32.303724353520046, 40.65929201534643, 47.22695080046822, 54.525027703977464, 58.249804752683225, 58.44967492829908, 55.123228065646785, 43.257196620254476, 32.646044315833734, 28.490157495138618, 70.04585154699203, 65.59037044494968, 65.37446314423569, 68.29756690931134, 70.00380251631654, 74.77294527848015, 81.55181948525173, 84.24562518571643, 83.11614550163051, 81.37620939795106, 77.51035947730891, 75.38394755185752, 70.28544669080362, 69.38081923601615, 71.43056127670859, 74.06010969573873, 79.63338978540236, 76.7400149844626, 73.3672929175013, 71.31823362565895, 58.569965818388226, 75.76117832612127, 92.4781626314722, 110.4513834181627, 99.82731750950221, 106.528696329287, 120.60255222515394, 113.71203971565907, 122.49088653080754, 120.6504633270751, 113.38976700345115, 117.40188518002134, 111.30881594425558, 99.83554040793865, 92.25718623259921], [48.18046406648622, 54.313803478287554, 61.977196223716625, 70.92117519331167, 63.78869674288102, 56.55734840342408, 50.237761548139645, 21.529451106703252, 19.256497324276136, 21.139731075548216, 28.699668175578026, 38.880844808830425, 31.431959337102406, 25.974948756232433, 23.174952477552182, 34.97554964842102, 44.53775776410192, 53.470681232191495, 64.71915720701804, 74.58073356985228, 75.58008158299789, 62.42077741589677, 53.42560810996297, 45.02221641218465, 38.725927278168164, 0.0, 9.686759129748504, 20.226049378895226, 32.03217168620212, 43.51457823429773, 38.809767356577865, 29.382967102238347, 19.53470363137547, 11.418665287399135, 5.1909257233836446, 31.38565346144147, 35.27861883623774, 45.04155132641851, 58.46653941420144, 61.38384757209387, 60.90886016010697, 59.30007873409457, 54.50667597696874, 46.73531507124237, 37.09387967394516, 24.09226462476927, 14.66750495946