{
	"dissimilarities": [[0.0, 7.386544608033379, 14.801462977271498, 22.851748231536707, 16.5532537952312, 10.377137421182155, 6.434902582651038, 42.2173285473751, 47.00305507222203, 56.39498311207213, 64.7000794809367, 72.68594465550437, 65.082449198714, 56.82609308576412, 48.40695586790171, 19.448845834281713, 18.236503639240198, 19.3553594273511, 25.984460823809698, 32.200080336221, 31.553802672399204, 21.210134792021382, 14.199199355654038, 9.885642918753641, 11.822691234208099, 46.69568831421852, 55.62684576566226, 64.7402851498382, 73.74961822791693, 81.75133066193752, 78.24294483624863, 71.8455624501185, 63.89254039762453, 55.24711267289169, 47.49635415285566, 19.919309251601298, 24.58802905727462, 35.213651891132066, 37.389090577646776, 43.9091485290465, 52.87131371686938, 57.50407939824414, 58.19076297486446, 56.22285071875373, 47.088011689521, 37.26006933277179, 35.20886649563962, 60.585949696012584, 55.28278439829709, 56.844442685732204, 60.90179184513787, 65.60758771292188, 69.42392790972431, 78.94232126152905, 84.78715252009907, 84.99253247084732, 82.66974767802597, 78.9023973083175, 71.95991478427943, 61.66104811953651, 59.45410629694077, 65.15866302867568, 68.92944549988898, 76.91882097633993, 78.91056233959229, 74.71197901564612, 71.80307435889453, 50.922235154365055, 57.70483419879992, 67.74247067488204, 75.75893337770492, 88.13097302206359, 102.21605176421826, 105.08652191218349, 109.5161695953319, 117.10238719481697, 123.01833954217162, 116.93049212278703, 109.45882064689998, 105.33644528931642, 99.05849707229854, 95.91592077370542], [7.386544608033379, 0.0, 7.971346625346058, 16.866236018352588, 11.488115800552634, 8.439078220504891, 10.49481991393116, 49.5727576762433, 54.3253320284357, 63.63215362606874, 72.01780083935641, 80.0554266019705, 72.43754384028072, 64.16386677634438, 55.76525722429451, 22.79748871570625, 18.262743684912788, 15.973085049627388, 20.4494121065948, 26.08756456077603, 25.16474499349803, 14.840759819739787, 9.806048357745794, 10.818114955553899, 15.832743667340473, 53.25456948483864, 62.31255294912018, 71.51984774514793, 80.69525125226833, 88.81507463601876, 85.41632484553924, 78.88988740621215, 70.8110867588224, 62.21442918486297, 54.32552170389555, 25.816311140527066, 29.917716829316536, 39.18421868610558, 40.26362877686341, 47.00320453949064, 56.64368092532945, 61.973203100057916, 63.596688363399345, 62.306912074786474, 52.90721827284663, 44.012845327083745, 42.05319053007243, 61.97493181404639, 57.53546404273425, 59.98158263429639, 64.77384643003796, 70.21112054947609, 74.6367301179988, 84.71288510323859, 89.63705370425633, 89.08595022956223, 86.09256008169751, 81.46828825673992, 73.70362794247791, 63.52580488968106, 62.333095608387254, 69.0154121780362, 73.5287502197477, 82.46008864643784, 83.51126451926616, 78.3967382229915, 74.54121028736392, 46.05443664402827, 53.73382304335349, 64.95322373386784, 74.05491091260528, 86.99650632081213, 102.2342563595783, 106.15013895924707, 112.42957546710551, 121.61669444889337, 128.43141353510865, 123.0838122585151, 115.93043636269941, 112.19757701141218, 106.0363721917493, 102.65644762493326], [14.801462977271498, 7.971346625346058, 0.0, 9.293906661037546, 6.3352483165933595, 9.82733325193808, 15.571121249082289, 56.7152053926287, 61.69390153678739, 71.17040228372456, 79.38928414773955, 87.12864095034475, 79.63235600540902, 71.37073919731095, 62.934374982258994, 30.257031623672834, 24.38809005040382, 19.453239982193868, 19.43395537630891, 21.955733440836845, 19.925582045289822, 13.442635700656439, 13.658359522415168, 18.09889823778881, 23.607569025546233, 61.19105297297083, 70.22488524265106, 79.36021164701461, 88.33322334014358, 96.09110944987569, 92.80109813406858, 86.55689708912806, 78.62056860460945, 70.01184688300505, 62.185014618501185, 33.47157121149119, 36.28785749867971, 43.81855500980019, 42.50585226832343, 49.14777187734424, 59.86080375611804, 65.8393594031302, 68.08300390517581, 67.59918659833667, 58.85549458693403, 51.04711545567156, 49.73782141128396, 60.90041330583702, 58.08443462239592, 61.79219018815282, 67.40381453749664, 73.51577276476264, 78.41619466392977, 88.59781947742678, 92.42925015898506, 91.15985255611174, 87.44602241831036, 81.83015277854643, 72.96265978530728, 62.9467177943593, 63.495104948170535, 71.30253225589914, 76.5307610773319, 86.10393551277473, 86.05741741352118, 79.99848496458424, 74.99798060088884, 41.703621721070824, 47.83978543443169, 59.187010145453584, 69.04525374385383, 82.41344796225489, 98.73198577325961, 103.90268714327517, 112.76192443922069, 123.36137032233269, 131.10523374913592, 126.83365291910248, 120.25355863464709, 117.38490463093041, 112.05726255161711, 109.49212701462871], [22.851748231536707, 16.866236018352588, 9.293906661037546, 0.0, 9.058676692750272, 16.0296163594602, 22.15736923893169, 63.53745854261961, 68.73331477376858, 78.4415220447509, 86.31630598424411, 93.43867638992533, 86.34886227660354, 78.20824626151168, 69.72184378976665, 39.45114952822714, 33.27793885696469, 27.176856144090436, 23.296758917801725, 20.89841521626831, 17.32973682182329, 18.694647594822133, 22.142970923925482, 27.24492262206632, 32.69220909515743, 69.51828061712459, 78.34809970957538, 87.16871565371696, 95.57852462653062, 102.55678078347475, 99.50823055269902, 93.89321809580032, 86.36974275731552, 77.82854881214267, 70.24572238012975, 42.14910422974501, 44.074587549071836, 50.33177986223259, 46.22919103390526, 52.43628146180442, 64.31001961455533, 70.67443774816734, 72.97839355172214, 73.11932901146388, 65.70232555402643, 58.5515802157853, 57.819471660334926, 59.53754993316545, 59.19976934359064, 64.35846960734385, 70.66469945751565, 77.17107431015232, 82.20555434968395, 91.75883314016231, 94.6661041863697, 92.96715331825733, 88.65778948580025, 82.08251793674926, 71.87778219745039, 62.04300420872934, 65.06993694690216, 73.90433951790979, 79.59395456593747, 89.12090196219337, 88.14590142087515, 81.3830221031686, 75.21171174483729, 37.291275412680235, 39.583763904749205, 50.732258730191035, 61.43997957321056, 75.54223041350544, 93.11987974752707, 100.07063520982041, 112.41705015114727, 123.66166423193526, 131.84982159248096, 128.57147418962197, 122.58348529849572, 120.70379017296368, 116.40856344401978, 115.16256482655], [16.5532537952312, 11.488115800552634, 6.3352483165933595, 9.058676692750272, 0.0, 7.621956453999131, 14.716786383554977, 56.51181342300518, 61.94049187455561, 71.67634419775158, 79.5835163759339, 87.04579263168897, 79.40867956458227, 71.12749381381502, 62.751631215188596, 33.53462008099649, 29.015976295938916, 25.22583549984565, 25.657014950787026, 27.04576845162574, 24.336004045754, 19.56557710541501, 19.084170758493496, 21.902524466959694, 26.41112089709123, 62.77706462720184, 71.7909294382338, 80.9815217564644, 89.77051811964029, 97.17754916579207, 93.65591715380218, 87.72907326100419, 79.92796976634823, 71.10882840196766, 63.42427135806356, 34.60105947732672, 35.37919220720543, 41.27585273550022, 37.896449491343475, 44.342468230683664, 55.7344121061575, 62.014036608265144, 64.52681289724607, 64.711777759413, 56.87222577098503, 50.38793468040727, 50.373083470162975, 54.74419460792101, 52.40749163903318, 56.681125905077934, 62.67037006760705, 69.09784788650538, 74.25498235167066, 84.59283493302804, 87.64284985261547, 85.96731809822961, 81.94337280405954, 75.98174149815522, 66.840143412652, 56.898582576157594, 58.017311092188656, 66.30839939958052, 71.8861541315863, 81.90891764473108, 81.14556555127153, 74.62165808366329, 69.19502674064564, 45.3844449729765, 47.511871787056435, 55.998958756144866, 64.72585073570269, 77.24073196629422, 93.05158513352141, 97.81210693880469, 106.86708455965106, 118.23101639220106, 126.87127864482798, 123.61381016750452, 117.68446343506288, 115.78684540290897, 111.88372763304089, 110.90033188660165], [10.377137421182155, 8.439078220504891, 9.82733325193808, 16.0296163594602, 7.621956453999131, 0.0, 7.445486542246254, 49.0628139572261, 54.51825151340437, 64.23590477529683, 72.16702162296852, 79.80171269950361, 71.97416379671854, 63.65245893876025, 55.3129582084966, 27.94942451450545, 25.398403836222347, 24.082915055926392, 27.77586762741711, 31.470198242210508, 29.507979819180438, 21.67245868439432, 17.71609950753317, 17.352760642894232, 20.47810200707981, 55.50569342000703, 64.51113329042799, 73.77604847113999, 82.65791271350221, 90.24865945916973, 86.52523746116312, 80.47423556065169, 72.60867988023881, 63.709003202338224, 56.044689462764616, 27.41784210791495, 28.145682496126362, 35.11148807252461, 33.33120654582129, 39.931296160996645, 50.58792760979974, 56.3505100723825, 58.315759355216166, 57.939431357873886, 49.78918571146238, 42.79369216109153, 42.84708321466843, 53.590966368308784, 49.57195363222803, 52.68126530449456, 57.96684581226563, 63.83367155027403, 68.61349347455958, 78.94569351433411, 82.87271532465817, 81.81560247955746, 78.44197492168205, 73.41570073532831, 65.36187338225494, 55.22243118140441, 54.60421190645262, 61.89796960080298, 66.86944098210121, 76.42851938068003, 76.5598347705279, 70.85522846676024, 66.50419616672966, 50.20606454277333, 53.059974492005274, 60.81765189296792, 68.43364316222333, 80.23508695808897, 94.71192611087868, 98.00449422463413, 104.38755380109511, 114.52170748403317, 122.5181169222303, 118.51303588485287, 112.2296058285635, 109.82860523714129, 105.65395652287606, 104.5218914028479], [6.434902582651038, 10.49481991393116, 15.571121249082289, 22.15736923893169, 14.716786383554977, 7.445486542246254, 0.0, 41.82306019330739, 47.225560050508555, 56.98760277877618, 64.86790287907107, 72.43677454025473, 64.73897707536486, 56.46038572116778, 48.063861148026135, 24.426759008873937, 24.18232729003865, 25.098722284632302, 30.66745597197058, 35.44472781390321, 34.050211031792955, 25.319886492444017, 19.348822379519355, 15.734465457427683, 16.7674463395523, 48.85807138294696, 57.65950046530838, 66.72372759840685, 75.38001314832596, 82.83338464603048, 79.11254332308262, 73.19953734874272, 65.5066129094848, 56.658582098679105, 49.16749799640728, 21.942690595288624, 23.52798625025214, 32.39502482487478, 32.19139014393559, 38.57866786251274, 48.426574971498745, 53.34550325126108, 54.12828540530115, 52.82386863192735, 44.86794060368765, 36.48947917363655, 36.1979592821916, 54.182392212763034, 49.29031101000712, 51.35922879441483, 55.760975082575044, 60.733895567737804, 64.74353126482222, 74.30629917825836, 79.47649935797949, 79.39377140899688, 76.82825057523692, 72.79031738322855, 65.59916822027424, 55.270689450901536, 53.586419112928695, 59.7233166593873, 63.77851681479315, 72.09460550472961, 73.45679434234893, 68.88124970238722, 65.62566118661051, 53.37025029169234, 56.65096398314287, 64.22854455652475, 71.14357239865815, 82.72749816055054, 96.23854080681303, 98.71737560074584, 103.35986893409297, 111.44661367235494, 118.13684042070948, 113.02928354279207, 106.21054063613794, 103.14716074907605, 98.46573022633972, 97.21534643160012], [42.2173285473751, 49.5727576762433, 56.7152053926287, 63.53745854261961, 56.51181342300518, 49.0628139572261, 41.82306019330739, 0.0, 6.698319560943401, 16.503739547380192, 23.308575920574576, 31.387320503654976, 22.948730341522968, 14.682375706153042, 6.257278546233659, 39.48585984061653, 48.35711116132188, 55.734425903325764, 65.23336989120695, 72.48581318383651, 72.47643658997379, 62.03776242378437, 53.488151502859566, 45.06369547087008, 39.14465438112435, 20.5224192554262, 24.232835352790666, 30.785081895541953, 37.56590463102121, 44.63051706816344, 39.484325572608284, 34.20288239297405, 28.034669469057665, 19.86583561411644, 16.96245760259559, 29.103081334980818, 29.98673798734709, 37.98836163857337, 45.707312625020286, 47.7626044210972, 48.06664759845654, 46.09212107713758, 39.45419158344367, 31.556837558192218, 28.029012187180374, 15.07925943112423, 14.602419576924294, 69.32538729849719, 60.005134615731755, 55.49073752480791, 53.39586548468761, 51.595835511451064, 49.932223340849006, 54.00269479839077, 66.31133360845267, 71.71700189233286, 74.29101433623353, 76.69586915334257, 76.22154864911963, 67.6235893137327, 59.31344746786605, 56.96536611908245, 54.562744951722564, 54.18965850071068, 63.22125160521798, 66.17101421454667, 70.11896622735908, 87.44826419857313, 91.2007233142552, 95.83566721130023, 98.42757547830028, 106.62101723709335, 113.4870506474302, 109.87636912829606, 101.72808612793942, 98.94683070533861, 98.75925373200566, 87.58855206075665, 78.01083574855674, 70.6403947021965, 63.59627306870026, 62.319939493256214], [47.00305507222203, 54.3253320284357, 61.69390153678739, 68.73331477376858, 61.94049187455561, 54.51825151340437, 47.225560050508555, 6.698319560943401, 0.0, 10.132015925063085, 17.718540524216714, 26.602336834713697, 18.47934928406176, 10.805437667218204, 4.352580781206134, 42.3506984652561, 51.4284456239514, 59.105094420665516, 68.76103198030239, 76.34332450887807, 76.6446877166227, 66.0414386833641, 57.4627349473095, 49.00795498871807, 42.965142922479075, 17.29653813870247, 18.743522739443726, 24.272479880043857, 30.913320421825347, 38.55603121984873, 33.33552653309814, 27.575243402819765, 21.505780041590004, 13.873797327499274, 13.08726879301117, 33.08179533649892, 35.218925032964165, 43.5230753664116, 52.15201841342432, 54.147678344275086, 53.68021177476264, 51.17157522815343, 44.20356138897526, 35.7770101343799, 32.300792933116995, 19.693061819256293, 16.940339679300735, 75.86615669611597, 66.43792475650197, 61.568430996218076, 59.01974156705746, 56.63600074751146, 54.372529429059206, 57.42755279447877, 70.55488379297846, 76.55147135713719, 79.63191875558321, 82.56771601836454, 82.5282148126398, 74.0775252278901, 65.51418168283793, 62.56682283940877, 59.593779120977615, 58.04562455352682, 67.93977288360219, 71.65238131369235, 76.12769360132123, 90.90239326802403, 95.90966693577155, 101.39245466975726, 104.25362348212018, 112.70192132318503, 119.47899554262624, 115.79583352978666, 106.83043572776788, 102.57034657224425, 100.89709191319743, 88.28750703274171, 77.89794460140988, 68.98519641660872, 59.94273530289451, 56.71481572046406], [56.39498311207213, 63.63215362606874, 71.17040228372456, 78.4415220447509, 71.67634419775158, 64.23590477529683, 56.98760277877618, 16.503739547380192, 10.132015925063085, 0.0, 9.320890474095593, 19.89305888680856, 12.140140116136632, 8.458991503451578, 11.423459320813507, 49.687907208470456, 59.03865170456773, 67.11720782144675, 77.07072902143715, 85.06954533382422, 85.64024313748573, 74.69785608999412, 66.03204616806651, 57.54337206589322, 51.34460747583137, 18.12400637956942, 14.162770487005998, 16.22967294317954, 22.10937882945335, 30.7877073577921, 24.836175342057114, 18.10673353070009, 12.70007279304599, 8.222240240924734, 13.8896328081409, 41.30470694649227, 43.65674919177275, 51.210974232203434, 60.872606022232674, 62.433246651948586, 60.356552456878326, 56.83847924484663, 49.37697333484785, 40.417829480990115, 37.66656748031035, 27.206645810461204, 24.12041749501569, 84.60191780436153, 74.63783309952085, 68.93188862817617, 65.46697212368417, 62.04796064415634, 58.87198594686149, 60.692404342774545, 74.74813158052476, 81.53126938442277, 85.47060649566046, 89.44847860756954, 90.53086593628842, 82.5606787591793, 73.13025943844238, 68.94777774567748, 65.00924544503708, 61.898377807251066, 72.93123306305031, 77.87289819989711, 83.41358064001476, 99.42366570854941, 105.41858572340381, 111.20377158882803, 113.89057948462944, 122.06325043136535, 128.07019618538834, 123.54509830780064, 112.25499315831473, 106.04830244220348, 102.69553357000163, 88.48410218328769, 77.34497020300235, 66.64841536945843, 55.65905141055427, 50.27811056147175], [64.7000794809367, 72.01780083935641, 79.38928414773955, 86.31630598424411, 79.5835163759339, 72.16702162296852, 64.86790287907107, 23.308575920574576, 17.718540524216714, 9.320890474095593, 0.0, 11.116510644461465, 5.254590064847875, 9.994960062179535, 17.194552995367136, 58.902621409643814, 68.2017444729841, 76.13900121774265, 85.85821168070193, 93.50404666584005, 93.95569795707456, 83.45677687868665, 74.87951652328583, 66.41706634377508, 60.28165254228812, 27.053554498903782, 21.297461167804816, 18.880853146267413, 19.4840351142782, 25.130951263732534, 18.448633433329146, 15.026580710093597, 15.179166785644494, 15.97861945153842, 23.00018966766879, 50.14545661492289, 51.57538643317128, 57.87230260917029, 66.57890772800108, 67.34328654699831, 64.46168034190804, 60.019584251531334, 51.42214683061159, 42.265717904131684, 42.53202356979659, 34.44247518673445, 32.93563919761037, 88.17000100738062, 78.52336298907542, 72.4390523564205, 68.17591545949452, 63.590109980173125, 59.143173673893855, 58.505597575321694, 73.50051031850184, 81.36127482913096, 86.20894500913339, 91.176501709913, 93.16393398469499, 85.77232462770917, 76.31107904105683, 71.00974057987905, 65.9476375883085, 60.36563766970793, 72.54131328920685, 78.89385876663098, 85.39338738159086, 107.11031607415525, 111.83849831462646, 116.44232788385604, 118.14534852588194, 125.50289320889108, 130.15193117407907, 124.74067827365758, 111.81500893887991, 102.89429103408638, 97.66069291091432, 82.23321454992708, 70.70493973331192, 59.19897707268951, 48.432638381486065, 45.05293336760141], [72.68594465550437, 80.0554266019705, 87.12864095034475, 93.43867638992533, 87.04579263168897, 79.80171269950361, 72.43677454025473, 31.387320503654976, 26.602336834713697, 19.89305888680856, 11.116510644461465, 0.0, 10.875318304644011, 18.423806831769515, 25.31251279500311, 68.60765862148874, 77.5665365903972, 85.04441829440967, 94.12502096589986, 101.04294163867594, 101.34492981101633, 91.82987491509573, 83.56151895876037, 75.27861949467503, 69.39693724495861, 37.77564979001654, 31.619400585756036, 26.76124227484661, 21.739559412928244, 20.465556473648714, 14.737710030967666, 18.76478678406866, 23.876018557488894, 26.64512083441554, 33.699545259515965, 59.668642855533975, 60.714294612398305, 66.42431859294506, 73.39733212423135, 73.52968436266613, 70.8110254878173, 65.87990712830208, 56.16906322782359, 47.220403608669116, 50.608027834771576, 43.66285753736163, 42.963997581521646, 91.74781897067872, 83.281983399876, 77.4340301602048, 72.78336926578281, 67.29581734249571, 61.5884337121965, 57.47006408406423, 73.3529677041906, 82.4467324591387, 88.06981572213157, 93.70098286231504, 96.0097659285123, 89.07400309535264, 80.57412965588412, 74.67320732883361, 68.66642903966944, 60.05768760395695, 73.24229628275366, 80.91247655457919, 87.95257644342362, 113.16406301691325, 116.20097198705533, 119.61329209234668, 120.35763387203625, 127.11472999361263, 130.57107819835633, 124.92343625491048, 111.82308454821714, 99.27966696175618, 91.13110286369017, 73.8707866961349, 61.56081658600297, 48.80731552450621, 37.99936387185315, 38.62084980852332], [65.082449198714, 72.43754384028072, 79.63235600540902, 86.34886227660354, 79.40867956458227, 71.97416379671854, 64.73897707536486, 22.948730341522968, 18.47934928406176, 12.140140116136632, 5.254590064847875, 10.875318304644011, 0.0, 8.499877626243213, 16.70418098774019, 60.31978711632013, 69.66854426229763, 77.53230001460776, 87.23206541497206, 94.65981098063644, 94.87206653831151, 84.47473143551095, 75.86353445856936, 67.35989181536428, 61.227206708162385, 29.83337966778556, 25.177003351931898, 23.886997002547012, 24.40313703949568, 28.572326351144, 21.900986848110474, 19.9224323784759, 20.011818272094438, 19.52596474847929, 25.58682404020659, 50.73739657163966, 50.98474679776725, 56.201740994116484, 64.19125465385338, 64.47742899911962, 61.220496196535954, 56.4304198813779, 47.387640804073435, 38.25625182297473, 40.094059262866104, 33.55138291571696, 33.669376349096176, 84.79621455558411, 75.1247732044324, 68.83983894598727, 64.26098091453315, 59.27786522656292, 54.46378802973636, 53.40328751113974, 68.4780968959042, 76.5173346852285, 81.58829174273124, 86.87470165015219, 89.30212692617081, 82.23364702958924, 72.58546105605203, 66.8379362741693, 61.426736420524776, 55.34166626772116, 67.69528028956759, 74.39697301552957, 81.24460699189731, 108.4552019172724, 111.869114993291, 115.27986238800788, 116.25595094633535, 122.88644128415716, 126.76953730540951, 120.6866785897758, 106.92200762902576, 97.86067184933435, 93.06541714759871, 78.26454084814434, 67.25834481942348, 56.78992539453555, 48.38726879335441, 48.044294470046296], [56.82609308576412, 64.16386677634438, 71.37073919731095, 78.20824626151168, 71.12749381381502, 63.65245893876025, 56.46038572116778, 14.682375706153042, 10.805437667218204, 8.458991503451578, 9.994960062179535, 18.423806831769515, 8.499877626243213, 0.0, 8.550052291351497, 52.31306629040601, 61.66055328424339, 69.50731753506628, 79.30412400250006, 86.80874508786782, 86.95012211116051, 76.33876613108349, 67.66602486932575, 59.13275138555081, 52.985985111878975, 24.009857517384667, 21.91853322725273, 24.23681833238728, 28.240090201388913, 34.38032526450708, 28.1110872207315, 23.90178444368096, 20.393432265319074, 15.951119350237024, 19.585081137849752, 42.38587273060034, 42.56781137495128, 48.329163024548215, 56.59858103944367, 57.371509020073674, 54.86436707290153, 50.81130742460714, 42.463168825677975, 33.382700283543365, 33.348595387016125, 25.287333500894754, 25.53960389197532, 78.6250988583752, 68.7206968535882, 62.76050903805179, 58.83410175373073, 54.81192385298172, 51.06716928464498, 52.256940813390784, 66.45449073302626, 73.53214683209592, 77.78237719491423, 82.1960513537358, 83.85241992316088, 76.31189866580173, 66.70322021092542, 61.8808935230377, 57.41172592347526, 53.535583450439105, 64.83032311403767, 70.27545169427054, 76.30294287206905, 101.27134934534966, 104.88622210325805, 108.64315086505728, 110.11584076107651, 117.15922241553287, 121.9757374645581, 116.49624515345627, 104.18177764757121, 97.69563681541686, 94.95697920659616, 81.69738217064132, 71.32458842912695, 62.18466880994637, 54.49532057924531, 53.628904255254376], [48.40695586790171, 55.76525722429451, 62.934374982258994, 69.72184378976665, 62.751631215188596, 55.3129582084966, 48.063861148026135, 6.257278546233659, 4.352580781206134, 11.423459320813507, 17.194552995367136, 25.31251279500311, 16.70418098774019, 8.550052291351497, 0.0, 44.90364451077664, 53.962364821360275, 61.513901603990824, 71.07500804861344, 78.38757967582725, 78.46461281412535, 68.05358304568149, 59.487683452919576, 51.033740967430795, 45.03476340173987, 20.961214092022914, 22.101886938845855, 27.017200611590926, 32.72082936693465, 39.379045405484995, 33.89025302316094, 29.05935995040101, 23.84171698797899, 16.77667279455891, 16.70271045969094, 34.837677121557704, 35.585869248135914, 42.70803021532331, 50.58900879371671, 52.08296202031868, 51.2572856939412, 48.364678061841104, 40.81939393530322, 32.25016259934444, 30.38068199711629, 19.357176133870794, 18.973828147020463, 73.35099959282654, 63.902331201017915, 58.81425953728909, 55.93097818532587, 53.13250009674616, 50.49135830306682, 53.128730345271386, 66.40744082881149, 72.63283824076304, 75.95023598517052, 79.20903481090545, 79.57151999144794, 71.37784650254997, 62.635688735294366, 59.23139793729111, 55.8884408533699, 53.81518945155225, 63.9391306716997, 68.02223903741718, 72.85560292084809, 92.93998795317236, 96.64759113468342, 100.9747945357438, 103.11286118977766, 110.89792685238639, 116.93441767783133, 112.64564283702383, 102.93548313980614, 98.3468901900289, 96.85618314260527, 84.62422992968223, 74.58218692668497, 66.34759282589843, 58.81831222150155, 57.64051596408228], [19.448845834281713, 22.79748871570625, 30.257031623672834, 39.45114952822714, 33.53462008099649, 27.94942451450545, 24.426759008873937, 39.48585984061653, 42.3506984652561, 49.687907208470456, 58.902621409643814, 68.60765862148874, 60.31978711632013, 52.31306629040601, 44.90364451077664, 0.0, 10.122805774774108, 19.405722973445183, 31.32613696723721, 41.728961246547655, 42.88248422025597, 28.555257753560007, 19.594773874240882, 12.244539282661517, 7.701280635773119, 35.09781274720504, 44.44226646170424, 54.31695142955564, 65.14596331840555, 75.63142172655112, 71.78863925576162, 63.30836259829408, 54.092270786305775, 45.90017781419349, 37.51278959422765, 12.705304326358657, 23.135989134606845, 35.93653577203699, 45.80619764770516, 52.06916112711283, 56.768129779171176, 60.00120073249043, 60.8091457185508, 57.27542821582849, 44.44940536353973, 33.025236342366, 27.351438185982197, 74.85738028696588, 66.06314832673554, 64.76440146381815, 67.05059589246929, 70.6210603388158, 74.00087741149214, 84.5777562310412, 91.99789225313445, 92.8279212613517, 91.60077681702067, 89.56884407946684, 85.11911242575984, 75.36574223136226, 69.16643617260623, 72.49201724313764, 75.16164496157587, 82.99312999561873, 86.72271755003248, 83.94328548188713, 83.14623053583146, 61.834364709973734, 74.82912286266018, 86.96213042302425, 95.192419302236, 107.14868403660063, 120.22306550151862, 121.08155879770943, 120.19946180920103, 127.01679115937291, 131.9795298893437, 123.85136221390522, 115.12584810920559, 108.47512152756896, 98.9817069446238, 91.11167269604638], [18.236503639240198, 18.262743684912788, 24.38809005040382, 33.27793885696469, 29.015976295938916, 25.398403836222347, 24.18232729003865, 48.35711116132188, 51.4284456239514, 59.03865170456773, 68.2017444729841, 77.5665365903972, 69.66854426229763, 61.66055328424339, 53.962364821360275, 10.122805774774108, 0.0, 9.506552924353077, 21.641567763198903, 32.53823774112968, 34.03820746026985, 19.372063584273434, 11.411100017281285, 8.461025687315045, 10.643445904946105, 44.669224180244285, 53.787492022850756, 63.28425858687044, 73.76350836988063, 83.85088049498859, 80.45266371936835, 72.27254517914145, 63.31399859368912, 55.364825225839596, 47.09921794511448, 21.433264453157012, 30.369963005720408, 42.06060541515367, 49.67638445790307, 56.38390039810734, 62.66959105960225, 66.83709381832591, 68.35858135459239, 65.54666413179574, 53.1096410240163, 42.34235455595775, 37.11052446287771, 76.73966400402503, 69.40015368982891, 69.45461914399408, 72.76862983466397, 77.21183393916516, 81.16280407940098, 91.87937756779945, 98.4731123713908, 98.64945696894027, 96.64639876181336, 93.49761269987229, 87.70516064395116, 77.79241340409921, 73.32106811993242, 78.0230147475297, 81.53693549355404, 90.0628772922184, 92.84169704601759, 89.04118207041807, 86.98252209751735, 53.36561146645774, 68.38061220346641, 82.46551062742, 92.15570143554233, 105.1870292306245, 119.881173678752, 122.4612011362414, 124.62232577853815, 132.7297316610124, 138.23607183965697, 130.67428616073505, 122.1359091119638, 115.86643092230214, 106.31355972570086, 98.2668472272036], [19.3553594273511, 15.973085049627388, 19.453239982193868, 27.176856144090436, 25.22583549984565, 24.082915055926392, 25.098722284632302, 55.734425903325764, 59.105094420665516, 67.11720782144675, 76.13900121774265, 85.04441829440967, 77.53230001460776, 69.50731753506628, 61.513901603990824, 19.405722973445183, 9.506552924353077, 0.0, 12.221425297179454, 23.29646865431886, 25.020140721529003, 10.539187312878775, 6.417024338171938, 11.794431819631715, 17.45361133317068, 53.47529251567723, 62.42918703039929, 71.5826165949239, 81.56349720488066, 91.01741161393723, 87.9922961432326, 80.30861654725247, 71.69766128605184, 63.83934981981429, 55.71092212883135, 29.471127353696502, 37.257890761693474, 47.998550474410685, 53.11558455275086, 60.00623380689786, 67.7986095694798, 72.67517187012777, 74.54456221225635, 72.32981314338258, 60.659023379481155, 50.300852785440824, 45.576756337362106, 77.4190065452348, 71.7816610179631, 73.16801240947086, 77.35751785460998, 82.45646673156065, 86.76719238041395, 97.28876058783098, 103.15433221578726, 102.84987489417904, 100.1918980593934, 96.04285190211385, 88.949791613295, 78.94068222033987, 76.36311399420829, 82.26618891169346, 86.4300672658245, 95.29080111418526, 97.24163198602751, 92.61349371592195, 89.4000937542597, 44.72827967053682, 60.98254674365993, 76.66844088444486, 87.61291534614938, 101.60324376182456, 117.7242098166876, 122.02029139852154, 127.30968816053905, 136.29049369366894, 142.17247076961692, 135.22046938041908, 126.95410129078067, 121.24237253193239, 112.00741827981278, 104.44027585849659], [25.984460823809698, 20.4494121065948, 19.43395537630891, 23.296758917801725, 25.657014950787026, 27.77586762741711, 30.66745597197058, 65.23336989120695, 68.76103198030239, 77.07072902143715, 85.85821168070193, 94.12502096589986, 87.23206541497206, 79.30412400250006, 71.07500804861344, 31.32613696723721, 21.641567763198903, 12.221425297179454, 0.0, 11.548635466893273, 14.200671880652761, 6.918593991306688, 14.059247529215247, 22.02163067338722, 28.334271510713062, 64.35049256616097, 72.9987000176594, 81.61841300053315, 90.87788098901498, 99.46189528280496, 96.97050977333605, 89.96356890583665, 81.8686941557836, 74.23394678351188, 66.36204722342376, 40.53026981471569, 47.59307615446497, 57.56481582617445, 60.010176587779725, 66.87003352235013, 76.16335933871133, 81.59083551421648, 83.51030301442825, 81.75090300355198, 71.13152182568025, 60.87526034902334, 56.417233559608036, 80.33193277882386, 76.99351118439331, 79.85847106534962, 84.86423727976225, 90.4641046624954, 94.93828724493555, 104.814605474461, 110.06167353694362, 109.43074447060683, 106.16335242502994, 100.97968320882536, 92.3849149070414, 82.34369855425123, 82.1762592817037, 89.25024985533592, 93.92870321877105, 102.70689691608005, 103.93338138883608, 98.59847117096263, 94.1626015628997, 33.26593046098731, 51.82842104117599, 70.10385643660761, 82.790804814721, 98.14283616358617, 116.0552977784744, 122.70102185815844, 132.00564517324642, 141.43218557924928, 147.30517578109226, 140.8263757236608, 132.77838105900855, 127.58161578449663, 118.54491687951241, 111.46415790893495], [32.200080336221, 26.08756456077603, 21.955733440836845, 20.89841521626831, 27.04576845162574, 31.470198242210508, 35.44472781390321, 72.48581318383651, 76.34332450887807, 85.06954533382422, 93.50404666584005, 101.04294163867594, 94.65981098063644, 86.80874508786782, 78.38757967582725, 41.728961246547655, 32.53823774112968, 23.29646865431886, 11.548635466893273, 0.0, 4.460391111941303, 14.684990915344082, 23.290473326888453, 31.18234524673522, 37.60244910019252, 73.70718886772312, 82.1516947428847, 90.37685452623586, 98.88598679135465, 106.45400509073453, 104.31237040650186, 98.1147213982001, 90.54969623885668, 82.94667604353596, 75.32937529814747, 49.54145396878597, 55.60588532899248, 64.72777207440643, 64.45857565751287, 71.08068491957555, 81.72537966314323, 87.56625332242784, 89.39610457336182, 88.14964938632447, 78.87111248924667, 68.9721473621027, 65.17389751684236, 80.3649201260794, 79.3838228198468, 83.62939204994166, 89.31778159101789, 95.28264765877329, 99.82352114096274, 108.9158261542308, 113.44652994534577, 112.53972005289117, 108.74501913023738, 102.65443866560068, 92.71336324353304, 82.76929520195003, 84.9998428678015, 93.06813114088992, 98.14497443072038, 106.6994551155303, 107.1657032907604, 101.23564400534826, 95.6965224364281, 23.018768557135296, 41.494364489220615, 61.52050056799266, 75.50844057662232, 91.8887662241748, 111.19505244306691, 119.9524101146509, 133.06786933534357, 142.75078121836242, 148.71502752965782, 143.00936631086424, 135.43325568116967, 131.14034289124675, 123.01275882439921, 117.35434649646632], [31.553802672399204, 25.16474499349803, 19.925582045289822, 17.32973682182329, 24.336004045754, 29.507979819180438, 34.050211031792955, 72.47643658997379, 76.6446877166227, 85.64024313748573, 93.95569795707456, 101.34492981101633, 94.87206653831151, 86.95012211116051, 78.46461281412535, 42.88248422025597, 34.03820746026985, 25.020140721529003, 14.200671880652761, 4.460391111941303, 0.0, 15.398613597754153, 23.877606279216625, 31.66697616120155, 38.11086185601593, 74.81822005293594, 83.36411852086366, 91.69909322431441, 100.13477475632054, 107.48313574884352, 105.2108793449905, 99.20502275739098, 91.68022020200044, 83.8710010215507, 76.24632387367372, 49.77675375740682, 55.00041478943101, 63.467332843991684, 62.141781643856206, 68.65542563891694, 79.71527587405443, 85.75437351629434, 87.73487682914177, 86.85778733334539, 78.04904889150916, 68.72791827991914, 65.568133677995, 76.771380837374, 76.34035813370718, 80.9999905156451, 86.9404941371688, 93.10630661647895, 97.79455069650399, 106.90888994828995, 110.95472062404528, 109.79266328496728, 105.7693573214746, 99.38683425862239, 89.1440702089953, 79.28995017409622, 82.09747087489087, 90.50570134294907, 95.8048752339789, 104.5809454391483, 104.59284526083655, 98.3519191740375, 92.46228429876598, 23.512291735806738, 38.533124043482566, 57.611331801645036, 71.43787088113343, 87.65716566970382, 107.01257397739919, 115.90715420895103, 129.66711255015161, 139.83902046764453, 146.32428273724105, 141.26941817409497, 134.0953795617442, 130.4318327798528, 123.18373379523574, 118.5694062007444], [21.210134792021382, 14.840759819739787, 13.442635700656439, 18.694647594822133, 19.56557710541501, 21.67245868439432, 25.319886492444017, 62.03776242378437, 66.0414386833641, 74.69785608999412, 83.45677687868665, 91.82987491509573, 84.47473143551095, 76.33876613108349, 68.05358304568149, 28.555257753560007, 19.372063584273434, 10.539187312878775, 6.918593991306688, 14.684990915344082, 15.398613597754153, 0.0, 9.317576685986008, 17.93225245405172, 24.54093953540754, 62.31306164603289, 71.29578508762658, 80.35012274487588, 89.85218129190336, 98.52557830628882, 95.6109518201154, 88.55781779335929, 80.26075550948856, 72.18461556177014, 64.14030253333294, 36.51921204441663, 42.34373059112039, 51.512934837718355, 53.46971049990312, 60.348075501726626, 69.75399444670488, 75.41333129482734, 77.75578052258903, 76.46127870214353, 65.91623858294311, 56.62920480773087, 53.14530583822626, 74.12793610401371, 70.42214240105989, 73.30795236890296, 78.46715651031676, 84.31837532261568, 89.09955447900133, 99.53784400783992, 104.23196299969942, 103.2283846297688, 99.78271884159261, 94.51179568145936, 86.08225178669673, 76.14492616871998, 75.67263642935737, 82.89649627373483, 87.83607184324991, 97.25868478815701, 98.00428104013798, 92.35361336989577, 87.83562446679682, 37.36275896089657, 52.05532185961364, 68.00266869605645, 79.71179804640661, 94.18967274816204, 111.44126585753442, 117.23331287573178, 125.70894305021706, 136.00034491183087, 142.83107767763536, 137.1673928315606, 129.61863311173488, 125.12774634081546, 117.25391234071236, 111.40127133232771], [14.199199355654038, 9.806048357745794, 13.658359522415168, 22.142970923925482, 19.084170758493496, 17.71609950753317, 19.348822379519355, 53.488151502859566, 57.4627349473095, 66.03204616806651, 74.87951652328583, 83.56151895876037, 75.86353445856936, 67.66602486932575, 59.487683452919576, 19.594773874240882, 11.411100017281285, 6.417024338171938, 14.059247529215247, 23.290473326888453, 23.877606279216625, 9.317576685986008, 0.0, 8.712716617380252, 15.292431435911128, 53.44343767528636, 62.58775669010936, 71.92289709772484, 81.73995520911193, 90.80076367193811, 87.54524620392831, 80.20529130689987, 71.6803465875145, 63.424105211945474, 55.27015454276459, 27.260694245830074, 33.60670554806018, 43.692472508855126, 47.46733704777403, 54.36367153201944, 62.80557932941654, 67.96600161917385, 69.97729961472007, 68.23350937974512, 57.197493002265766, 47.594295845947435, 44.02392152779203, 71.0540057172923, 65.7260969941114, 67.49982475318242, 71.98377716504575, 77.33394582847575, 81.83324353432424, 92.4486856475984, 97.79060134901486, 97.23393657504062, 94.35835665939521, 89.95912051527526, 82.63779626789791, 72.62646248114208, 70.44704169169242, 76.71580068044733, 81.13352767166873, 90.30017910087703, 91.7560448220889, 86.8030267945889, 83.28711884294671, 45.03937694495874, 58.04378141481084, 72.01634534075343, 82.28703145272209, 95.78988428270938, 111.58361861753342, 115.65393381014806, 121.21792835943283, 130.65976144649778, 137.18012714445274, 131.02229861237504, 123.2676331601958, 118.40884991310405, 110.4732491014635, 104.57198467688518], [9.885642918753641, 10.818114955553899, 18.09889823778881, 27.24492262206632, 21.902524466959694, 17.352760642894232, 15.734465457427683, 45.06369547087008, 49.00795498871807, 57.54337206589322, 66.41706634377508, 75.27861949467503, 67.35989181536428, 59.13275138555081, 51.033740967430795, 12.244539282661517, 8.461025687315045, 11.794431819631715, 22.02163067338722, 31.18234524673522, 31.66697616120155, 17.93225245405172, 8.712716617380252, 0.0, 6.624533856588929, 45.08649392198302, 54.32179483614039, 63.827960905926865, 73.78159355903136, 83.03014477845826, 79.49733830097647, 72.03384460232424, 63.40826787384826, 54.98691760150995, 46.79516003426125, 18.648323883143412, 25.994024727154144, 37.43424176862116, 42.95268932477195, 49.683970712107076, 57.128245350281745, 61.61081128206729, 62.95723234794986, 60.60302986216272, 49.35998095013864, 39.06688426659747, 35.31701151525251, 68.74968145057146, 62.124854061534506, 62.804671168774036, 66.50075848856311, 71.16875295427629, 75.1877431975084, 85.6181456951906, 91.7626730039557, 91.83109456648971, 89.62010202905333, 86.15230997140938, 79.88662927290251, 69.83689533927657, 66.20395333768852, 71.40056207351766, 75.12868598598332, 83.66363666072434, 85.98288943136318, 81.89699143942796, 79.43104469494602, 51.789344354966424, 63.20461766313855, 75.49121368548012, 84.44870926578446, 97.10849740167004, 111.51724009498886, 114.13243518248383, 117.17404607239568, 125.34230653417605, 131.25640216110997, 124.49286904202988, 116.49699775460847, 111.26424704252602, 103.28425895131909, 97.51917328476458], [11.822691234208099, 15.832743667340473, 23.607569025546233, 32.69220909515743, 26.41112089709123, 20.47810200707981, 16.7674463395523, 39.14465438112435, 42.965142922479075, 51.34460747583137, 60.28165254228812, 69.39693724495861, 61.227206708162385, 52.985985111878975, 45.03476340173987, 7.701280635773119, 10.643445904946105, 17.45361133317068, 28.334271510713062, 37.60244910019252, 38.11086185601593, 24.54093953540754, 15.292431435911128, 6.624533856588929, 0.0, 38.748781994953454, 48.08873255421751, 57.79601275352372, 67.97056287308477, 77.5128339551332, 73.71467442044862, 66.02897135659823, 57.24217123013925, 48.69312696248252, 40.43265209894609, 12.198961031923087, 20.943331367923395, 33.538614979269646, 40.8936648984636, 47.35900729703852, 53.64862277243603, 57.47515640562107, 58.31115248068988, 55.39334315172709, 43.77677211888959, 32.86094656263039, 28.794712830893264, 68.39603785153317, 60.64030736140393, 60.29803766630307, 63.248160327155766, 67.29686389949458, 70.91288386108265, 81.27272342327593, 88.07914466763783, 88.63539194511354, 86.98932903850417, 84.33283307923875, 79.0433764711048, 69.08582418536172, 64.13134390208032, 68.32567117141704, 71.44558277546004, 79.4909026160522, 82.5450556133937, 79.20443637911825, 77.66602020286135, 57.62016314414524, 68.29867253484943, 79.49261889032881, 87.5153382631769, 99.47752626430513, 112.79036784925708, 114.2180379235892, 115.07422874605025, 122.30276134165754, 127.7630587014846, 120.48711320870058, 112.27791715461457, 106.65944975897301, 98.53435923292837, 92.66753541654685], [46.69568831421852, 53.25456948483864, 61.19105297297083, 69.51828061712459, 62.77706462720184, 55.50569342000703, 48.85807138294696, 20.5224192554262, 17.29653813870247, 18.12400637956942, 27.053554498903782, 37.77564979001654, 29.83337966778556, 24.009857517384667, 20.961214092022914, 35.09781274720504, 44.669224180244285, 53.47529251567723, 64.35049256616097, 73.70718886772312, 74.81822005293594, 62.31306164603289, 53.44343767528636, 45.08649392198302, 38.748781994953454, 0.0, 9.652820677332661, 20.2834877869201, 32.00969146555519, 44.05393646886867, 39.14588933983666, 29.360328416924464, 19.4810027410226, 11.647995622056571, 4.484947239450314, 29.411239518484713, 34.848418571092445, 44.89419295216155, 57.512235845891105, 60.7479847876697, 59.538922413205164, 57.84756472974791, 53.531618767897584, 45.81517338424015, 36.50674553355182, 23.22803270558979, 14.735885569290703, 85.79897884607949, 74.89122025157668, 69