{
	"dissimilarities": [[0.0, 7.679593789544079, 14.690692517045509, 22.27492299394953, 16.039570520117824, 9.667056796364129, 5.467049544151763, 42.261008579034524, 47.05260506246936, 56.45296925157927, 64.7338741011874, 72.90166285680925, 65.14483990477034, 56.9039511877929, 48.461222953023736, 18.661511706939102, 17.31641288888259, 18.60674951520792, 25.250318846687478, 31.140162893711903, 30.735047779286063, 20.67839666601753, 13.4393354725656, 8.520777015667882, 10.763636615198884, 46.31114484528791, 55.35592978061081, 64.54274401166424, 73.60340557328959, 81.89191373386905, 78.34520552795291, 71.75822849402209, 63.74147272961518, 55.084574583887694, 47.198092021418766, 20.188720411277316, 26.75164131923683, 37.49118494789469, 38.75231501833225, 44.88182375256876, 53.092829259406045, 57.42940936668735, 58.66103852959922, 56.65354747657479, 47.44024777383919, 37.450834252751996, 34.99101201277617, 58.6951085357599, 55.32256894700544, 57.788877210024474, 62.17867031896695, 65.52158572725395, 68.64997036819338, 78.99390568717611, 83.91024062345605, 83.18346220608893, 80.79274026517966, 76.92546193638518, 70.75449228958425, 59.40325980132974, 60.4339654309071, 64.42166042036935, 67.65852752888581, 77.58124529255609, 76.0890220073598, 72.86897304255307, 69.91740434183427, 49.771662519680284, 56.59875415486943, 65.520496005018, 72.8989819953894, 84.90553128065453, 102.97975379149858, 108.80683835610746, 112.37206245058368, 121.48443499434848, 126.80790737771947, 117.20075665273879, 109.70073889342233, 106.01806552833422, 99.55257457883475, 95.94642506414111], [7.679593789544079, 0.0, 7.631798483283019, 16.61681278851651, 11.514834324001754, 8.522144878782221, 10.686794090303136, 49.76000883034802, 54.41719603576051, 63.647794634381754, 72.05070503819967, 80.43428583280406, 72.6091308657922, 64.33216431003326, 55.93327565371806, 21.345700203655845, 16.226223186449367, 13.873438518610087, 18.729303961436496, 24.469922476084548, 24.05906822738672, 13.408616096886098, 7.559511445853366, 8.810071719878906, 14.544731616812395, 52.62837379527835, 61.798750594087146, 71.09300571634333, 80.41107832630435, 88.9550384368754, 85.52546608343515, 78.69408293989704, 70.48669603240688, 61.92256496492104, 53.88073578582377, 25.785330150753648, 31.740453930916413, 41.45569428310332, 42.2464143055712, 48.69584671838252, 57.47317056169595, 62.5051046696472, 64.64340408318758, 63.22902461059122, 53.48139067011173, 44.31450070319013, 41.799249577957426, 60.83458463865832, 58.50436209327584, 61.698388675738215, 66.83767746201589, 70.84033439849954, 74.59193919037607, 85.61581315536408, 89.63531157108126, 88.20029670740927, 85.16501288467786, 80.48660880598518, 73.6523222144431, 61.898616760745384, 64.20827130893049, 69.08232693333706, 72.98114860375466, 84.0442105535206, 81.467793028429, 77.48151256980319, 73.7366205254284, 44.80734160799821, 53.253084612104054, 63.69118880931513, 72.34083181963882, 84.95390764722123, 104.27310620331684, 111.11480333756948, 116.37006843625642, 126.98708558402052, 133.1206812357661, 124.19449901019182, 116.95193561867629, 113.44097293944185, 106.8493070202577, 102.70895812059143], [14.690692517045509, 7.631798483283019, 0.0, 9.672945558206395, 7.4376054105393345, 10.407270635824796, 15.956822518394853, 56.918512752042304, 61.73888424678013, 71.08612761693627, 79.40592847063054, 87.50267398419405, 79.82502126324842, 71.56853484623907, 63.13226246348871, 28.356679083298808, 21.75365833298818, 16.36064835599161, 16.35943433099415, 19.31775264886081, 17.97393624816373, 10.229696450947996, 10.583836741641523, 15.919484844908867, 22.012698687652886, 60.25945529858862, 69.41586156974044, 78.65229938332996, 87.82621903273383, 96.06519715208421, 92.76421126986554, 86.15663782935832, 78.05275857108168, 69.49350583747098, 61.48354683968298, 33.11981759272608, 37.89006315803612, 46.14411461756197, 45.004002720751124, 51.387147141199975, 61.089860808196754, 66.735729560982, 69.49190595779305, 68.79250898414288, 59.5238829620197, 51.28983305160036, 49.28442546976301, 60.42738243236851, 59.87776110287133, 64.14281832905733, 70.121866521235, 74.72930785911173, 79.00813181063234, 90.21272943640189, 93.24055678261473, 91.154062025664, 87.44236497753748, 81.83735878105934, 74.11008180713424, 61.90082918960399, 66.09305471297566, 72.1465159509178, 76.63795345794638, 88.47334960737716, 84.79607677488103, 80.06264286611567, 75.37728428090824, 40.00394406597635, 47.803715657291605, 58.78028376540123, 68.38643356300379, 81.52800799368278, 101.93627876112949, 109.91067908859937, 117.45154745923935, 129.4051868026256, 136.42336180936104, 128.5867491643738, 121.89018618150955, 118.96806961346401, 112.98740988569537, 109.39468832257057], [22.27492299394953, 16.61681278851651, 9.672945558206395, 0.0, 8.692033285763978, 15.480346993100182, 21.755248051243814, 63.45253603961529, 68.59827278812273, 78.24035527148374, 86.25176943773123, 93.53610181192342, 86.31121821419684, 78.19885618999525, 69.70125388953716, 37.85412296226133, 31.335250073542745, 25.123109012945545, 21.244804603699816, 18.800253800795723, 15.378693329561495, 16.32100735470801, 20.003132814394995, 25.311037056905388, 31.115926290638527, 68.55666539216391, 77.54661567146933, 86.52090770479485, 95.11969576521746, 102.45761745779592, 99.35457719712083, 93.46254259519463, 85.78508421976935, 77.20690647848289, 69.42401705986485, 41.56952492953164, 45.131767886744036, 51.871386071810925, 47.58829208533259, 53.432564065562126, 64.3317869177876, 70.39614158152548, 73.34152160567108, 73.38562711586549, 65.6273116589573, 58.25502001677848, 57.06030373062817, 57.571594412498364, 59.80305561657118, 65.48871829891975, 72.31272156363812, 77.36846364988523, 81.96693698313308, 92.6157623577228, 94.66837683053126, 92.09472622134155, 87.74472543335325, 81.14578261026328, 72.26228869203831, 59.53328184812554, 66.37082744219428, 73.85804670434942, 78.77201586687687, 90.73635590503758, 86.10730603144731, 80.74669267779169, 75.01190491516985, 35.83274253014483, 39.40878224677771, 49.80862225722468, 60.232950012630035, 74.04757903679538, 95.43627519973641, 104.79322807410139, 115.44986009232106, 128.2862423632252, 136.08180742428766, 129.7083802958518, 123.79568944024668, 121.8390416101306, 117.13428520153967, 115.11834591359808], [16.039570520117824, 11.514834324001754, 7.4376054105393345, 8.692033285763978, 0.0, 7.479419937805404, 14.683278791832734, 56.507648120735674, 61.87247116160963, 71.56130567781183, 79.61504261263481, 87.16114176671488, 79.44558811764685, 71.16982561598331, 62.77141801569785, 31.988827426276067, 27.100077167142498, 23.182389660429987, 23.613176051304364, 24.88669699643745, 22.453429343059163, 17.43186744809293, 16.90527002343757, 19.949424493586047, 24.851560468034094, 61.93513965430742, 71.08319179630563, 80.38002172200316, 89.30789580529009, 97.07884388158519, 93.5278655005986, 87.33421798560724, 79.40757399713502, 70.58039164137368, 62.72460697941899, 34.090679569785806, 36.64545140213254, 43.20713410973243, 39.62290000917482, 45.72563041573787, 56.179361014140994, 62.149152835938075, 65.21994148091648, 65.26703870018608, 57.088320148614244, 50.2776521524473, 49.76056922980882, 53.123847650052326, 53.26837795635732, 58.16064106482886, 64.62218318518534, 69.57122184197165, 74.1962077619715, 85.5462072201441, 87.66770322926276, 85.16105535414, 81.09241731653496, 75.07320396988818, 67.00805886062176, 54.6863317065303, 59.657950860939074, 66.41086774798508, 71.22957177570574, 83.6364421946545, 79.05853915151646, 73.89484313236883, 68.73804703663414, 43.67233575238335, 46.73188107655204, 54.41517374200244, 62.53554289989443, 74.91503301700334, 95.03407858242299, 102.7333830003447, 110.49159434726307, 123.31029117105021, 131.28963322803395, 124.54863524080439, 118.77936472209893, 116.84642605990724, 112.51760501455442, 110.74859118924354], [9.667056796364129, 8.522144878782221, 10.407270635824796, 15.480346993100182, 7.479419937805404, 0.0, 7.491909544893209, 49.09957633465644, 54.48080058274662, 64.16861856363464, 72.23139500559928, 79.91005659587739, 72.04925207677228, 63.739277540046594, 55.36050266780038, 26.444757233911396, 23.533791982442036, 22.15534067719678, 25.866706953660938, 29.383676371966562, 27.721496683653307, 19.88161343312386, 15.65459999276871, 15.249681172618988, 18.824658156877803, 54.741655573282216, 63.86791937375953, 73.20223416347464, 82.17261751028383, 90.0957872162232, 86.37422841847757, 80.087471811997, 72.12992369563268, 63.24072428358459, 55.416402309422736, 27.0691070089587, 29.962806576443615, 37.663367122340894, 35.48277718472681, 41.68080637652247, 51.41475813868195, 56.829980001988694, 59.297595441490564, 58.75088328842433, 50.33719561153607, 42.89351876714644, 42.34824441076047, 52.33148773501531, 50.598207805116196, 54.45789312561805, 60.13788305817735, 64.52273408734186, 68.66717766337831, 79.87079861886282, 82.89763177309729, 81.01859967738417, 77.60670388092039, 72.50396267971746, 65.32741481063552, 53.44548624861987, 56.48062855860821, 62.1203629200526, 66.37806127950711, 78.09830110589847, 74.52098483622527, 70.07275827720666, 65.83632444207167, 48.28349371038995, 51.83366454807831, 58.80264910132394, 65.76130336286516, 77.47987806363467, 96.35704843039859, 102.82238613967154, 108.22211338137079, 119.74116773105212, 126.94596289791855, 119.2575794305657, 113.08270323240899, 110.7406685775947, 106.12903729432284, 104.22325054028853], [5.467049544151763, 10.686794090303136, 15.956822518394853, 21.755248051243814, 14.683278791832734, 7.491909544893209, 0.0, 41.90468932107323, 47.2198345270011, 56.948371001436854, 64.95074740432135, 72.54874954381991, 64.8429788718689, 56.608855715327515, 48.16746996544888, 22.92982693462541, 22.444361087834178, 23.4488278612297, 29.074971519847256, 33.67655252824009, 32.56160239420062, 23.936516496352453, 17.683713205884622, 13.606606090382204, 14.951800127608116, 48.07768477491, 57.01298875284439, 66.14307643817575, 74.86888461968404, 82.62653526088283, 78.92640058429345, 72.79775897861538, 65.027716979847, 56.189905834950835, 48.51899871352517, 21.78955300968354, 26.058491916587286, 35.473057484490354, 34.62544546675074, 40.52825924340879, 49.41229307798978, 53.941992374037625, 55.26054497938936, 53.780318328389704, 45.63556569605699, 36.743627270580596, 35.716547531799876, 53.32463194488571, 50.38740670915551, 53.286934576752905, 57.991111302518995, 61.52471713006594, 64.84360991920143, 75.16280673869872, 79.52967173449285, 78.59328141142183, 76.00325276655032, 71.89757991502368, 65.49519689143011, 54.04665996995099, 55.55940514168115, 60.032138885972955, 63.43913306785581, 73.63148804387741, 71.59512580191154, 68.14133926836384, 64.90410276970019, 51.491047372799535, 55.352870881817594, 62.19716610934862, 68.536555636608, 80.02312867231656, 97.76021648482092, 103.37531048001594, 107.1167018403758, 116.63802428498384, 122.56052616788259, 113.73225358212909, 106.9002268976612, 103.9937957924136, 98.85998760904849, 96.82547579885168], [42.261008579034524, 49.76000883034802, 56.918512752042304, 63.45253603961529, 56.507648120735674, 49.09957633465644, 41.90468932107323, 0.0, 6.706648807417755, 16.505164775466223, 23.536368707827936, 31.578885428869793, 22.970563461973807, 14.75542295094485, 6.264535886733271, 38.92731246756167, 47.893863016265136, 55.3777623825366, 64.84650827117284, 71.91617943120235, 72.04678976415062, 61.7971071739417, 53.21479361198987, 44.70443077225063, 38.710439840581365, 19.13752355311214, 23.1575528206386, 30.013826957320408, 37.0053884035698, 44.67725251679805, 39.43161658685691, 33.705344580527715, 27.29674931947015, 18.88072017853125, 15.519047844577093, 28.985527088099914, 31.369644786680485, 39.756771923811954, 46.614563244383724, 48.49372171492523, 48.140791052581406, 45.81251878912344, 39.905913840916675, 32.01320546743636, 28.233594039824276, 14.940297176978074, 13.465665354858368, 69.82171094959514, 60.036687618765896, 56.31081692217812, 53.88305107832998, 51.4235060722034, 48.90702640993022, 53.34362554825202, 65.24114090132763, 69.70577670253982, 72.33620285200985, 74.80251713428864, 74.53378311293983, 68.38376447087354, 60.191615513380384, 56.168258933771064, 53.81235825014029, 53.60068525126579, 61.25215966014075, 64.21080243702818, 67.64779555627602, 86.76826607742487, 90.58067815606763, 94.29924605224139, 96.0200129045098, 103.81211903358495, 114.19744560011996, 113.54574794637138, 104.81091766716636, 104.02438871593577, 103.35222183544343, 87.90756992095186, 77.96948450832562, 71.65714943643391, 64.37206669709646, 62.25094932228176], [47.05260506246936, 54.41719603576051, 61.73888424678013, 68.59827278812273, 61.87247116160963, 54.48080058274662, 47.2198345270011, 6.706648807417755, 0.0, 10.104239967301893, 17.75908304758931, 27.01410296664779, 18.50138967326979, 10.875070111574086, 4.333577063562733, 41.919679189493515, 51.07037669490095, 58.840213783720024, 68.4591030365688, 75.8651868190848, 76.3057551429351, 65.887934388533, 57.288712018168304, 48.77449693544161, 42.67346916806641, 15.855238846738194, 17.532449723312737, 23.44502309595435, 30.37195227792848, 38.74794894097438, 33.420755915894254, 27.109109130999435, 20.71546853052583, 12.726033270753419, 11.492184700766817, 33.08600909322954, 36.46862191920586, 45.1149198722432, 53.012589453797986, 54.86858587429555, 53.82294529157421, 51.00582311154861, 44.70420475686668, 36.298976854959356, 32.575170709961455, 19.77840089537607, 16.21688205668688, 76.43763512064164, 66.47126887058488, 62.376528790485295, 59.43770013435361, 56.47604656594764, 53.34550589534074, 56.65244041641592, 69.48526925361513, 74.55087568283918, 77.69500721456824, 80.69987199926854, 80.83909352136682, 74.9539645970452, 66.38827793310757, 61.757903466507614, 58.91662082448049, 57.248368719101975, 66.12437566615716, 69.6984835676671, 73.63780464625431, 90.32501120111155, 95.35649985616202, 99.96850071389203, 102.07721643771167, 110.08403697364294, 120.23350368869185, 119.39963097278708, 109.89629382949542, 107.60186557745041, 105.50865681303327, 88.69971362625151, 77.71877815138136, 70.0801559970683, 60.81725464329405, 56.7538546239503], [56.45296925157927, 63.647794634381754, 71.08612761693627, 78.24035527148374, 71.56130567781183, 64.16861856363464, 56.948371001436854, 16.505164775466223, 10.104239967301893, 0.0, 8.943138056893734, 20.575387664312572, 12.157051362377846, 8.407757794448232, 11.302433214973046, 49.46063289756706, 58.83624452533, 66.95712661960164, 76.82337836116957, 84.61848579438775, 85.33068932751995, 74.62574450348042, 65.9710862276596, 57.476270135308106, 51.243392991420286, 17.17542498176243, 12.995734566776743, 15.258028899171675, 21.470166353711747, 31.1129072552495, 25.087757157980665, 17.611331537411193, 11.737638968667124, 6.994280159919389, 12.958119578192427, 41.4256092921698, 44.68112421027413, 52.60397303082181, 61.66808859377677, 63.16623561581836, 60.684672653821345, 56.93710501785354, 50.02553990727443, 41.10225288515799, 38.12335658062718, 27.515664234213865, 23.9280584643447, 85.38659843508904, 74.70533781844125, 69.76410413294309, 65.81723333535393, 61.98383892529738, 57.912197801711606, 59.75710423035914, 73.65900154930935, 79.57465948533728, 83.58964662361969, 87.63836034762386, 88.76306080337224, 83.70566020518987, 74.02740250033881, 68.17169409219142, 64.50311810024084, 60.81085508523753, 71.32679876264955, 75.90380565096415, 80.82249979388126, 98.86471529702742, 104.8243739463867, 109.77173416281921, 111.74294483648688, 119.4555310326309, 128.7417347769787, 127.06160997999235, 115.45106248345566, 111.13052396853286, 107.3225406893998, 88.81981694796534, 76.85194573480584, 67.70039361731365, 56.497718704635936, 50.295340184951925], [64.7338741011874, 72.05070503819967, 79.40592847063054, 86.25176943773123, 79.61504261263481, 72.23139500559928, 64.95074740432135, 23.536368707827936, 17.75908304758931, 8.943138056893734, 0.0, 12.477832511242687, 6.317626100427754, 10.655077936920874, 17.495247703864756, 58.374706847860956, 67.70203588840542, 75.71944736020102, 85.4051718428073, 92.94626687033369, 93.56627635583064, 83.20317943380861, 74.62305408716753, 66.13762428465813, 59.96538107378019, 25.65818211227666, 19.474934445502633, 16.753514318062912, 17.647996259350492, 24.86692833216258, 18.058348961842583, 13.15718729109824, 13.008525574560245, 14.347030283876766, 21.70023006814446, 50.106760034017064, 52.60958820784322, 59.43708633700674, 67.77383368849064, 68.53870925012342, 65.25317690003723, 60.61264793009302, 52.6718460322715, 43.525600217714185, 43.26217865753967, 34.764414753665754, 32.52848471393577, 89.98014371466469, 79.26226273438915, 73.87290611546922, 69.07587396496491, 64.31087628552382, 59.129569667932216, 58.453710970971464, 73.49045453756398, 80.45144413047532, 85.34941671212083, 90.35651935907, 92.26672122489155, 88.09594541781271, 77.84279774846392, 71.13361664654367, 66.51365943998151, 59.99309122312345, 72.33451883259451, 78.0284253764571, 83.80169858029055, 106.43684599754125, 111.44642959305456, 115.51433384645928, 116.6824464386032, 123.73616150955219, 131.60175845924024, 128.97700846728966, 115.74086025964168, 108.88844463663364, 103.32696789208612, 83.56784769791014, 70.98730959861132, 61.041808452166336, 49.65195730761399, 44.62962477893438], [72.90166285680925, 80.43428583280406, 87.50267398419405, 93.53610181192342, 87.16114176671488, 79.91005659587739, 72.54874954381991, 31.578885428869793, 27.01410296664779, 20.575387664312572, 12.477832511242687, 0.0, 11.13219387026416, 19.009460882019695, 25.70582967425763, 68.75151649363214, 77.73370445891466, 85.24745289525589, 94.29448862225075, 101.0273676139235, 101.34352482191287, 91.98418727433123, 83.69869095757915, 75.3229441315006, 69.44394957880226, 37.660982237648675, 31.629226107019907, 26.96017780831844, 21.88121943552173, 20.694789067987404, 14.795010289295373, 18.822475985270483, 23.978847064376154, 26.576124931215123, 33.491515164602895, 60.03151747127981, 61.92152794628512, 67.78097967765318, 73.88157416623442, 73.70220962488918, 70.40102484205616, 65.0550779672584, 55.834298214244136, 46.88688187253754, 50.64769318061984, 43.73267882031392, 42.86235101926225, 92.57991020663151, 82.81890423609573, 77.54423055302988, 72.1876342055506, 66.51088803537644, 60.06975221731187, 55.204200960191194, 71.62496137189314, 79.93922712517939, 85.73073241037146, 91.53321529837079, 93.8851116912797, 90.55450764979463, 80.60225047307519, 73.58885881746477, 67.94025195450315, 57.36400235657493, 71.94069637359235, 78.88360599845177, 85.2847672871334, 112.89352834027221, 115.65278553992101, 118.15164515366584, 118.18307239524867, 124.4453903571584, 130.37532399754605, 126.92597078164707, 112.98196316459048, 102.39479970002996, 94.26528177823208, 73.10410103305816, 59.605401011127384, 48.90941585122826, 38.41441459315564, 38.6671479816038], [65.14483990477034, 72.6091308657922, 79.82502126324842, 86.31121821419684, 79.44558811764685, 72.04925207677228, 64.8429788718689, 22.970563461973807, 18.50138967326979, 12.157051362377846, 6.317626100427754, 11.13219387026416, 0.0, 8.666649746808856, 16.73062123021148, 59.99549885964574, 69.38430628829478, 77.30374520911579, 86.95272921490155, 94.21444521002682, 94.54030268976524, 84.32297097455671, 75.7023165291271, 67.15741552775985, 60.9872151666966, 28.91458186032096, 24.1382502562282, 22.844850646271976, 23.438634298599414, 28.4775223628296, 21.623841344570092, 18.94502195935563, 18.912176584675755, 18.49136076458012, 24.653997942122025, 50.70233273991568, 51.83637177791712, 57.44910644764886, 64.86527590270548, 65.05258344811709, 61.32839851230911, 56.246330775413135, 47.78441571218559, 38.642773184229064, 40.28572408366484, 33.520517922692505, 33.21870592135887, 86.09004071629046, 75.18650365761394, 69.53219166071908, 64.32853547228618, 59.16661772662888, 53.57311858476998, 52.282362064095516, 67.46631285996285, 74.68188231472452, 79.86028545456283, 85.25211997606775, 87.60439760334818, 84.04901816749386, 73.32840176950046, 66.20999406574506, 61.19737762175499, 53.88996482870099, 66.6297579916274, 72.7037936213744, 78.84879154615292, 107.88779341740853, 111.33792427545862, 113.9572730916393, 114.12118071343905, 120.36431640322805, 127.37339035727977, 124.04694962632625, 109.85818062845061, 102.89976103964979, 97.79368291558589, 78.53058098060329, 66.76072292745121, 57.90898569773783, 49.255482944333636, 47.81875400574985], [56.9039511877929, 64.33216431003326, 71.56853484623907, 78.19885618999525, 71.16982561598331, 63.739277540046594, 56.608855715327515, 14.75542295094485, 10.875070111574086, 8.407757794448232, 10.655077936920874, 19.009460882019695, 8.666649746808856, 0.0, 8.56019661438737, 51.78878638525853, 61.22842833377631, 69.18147097182785, 78.97343753607691, 86.34791378015724, 86.63097998559836, 76.14916841990856, 67.44066515268993, 58.86108222134434, 52.636906261974126, 22.628509506402228, 20.496964818563086, 23.115801032921723, 27.531740056148013, 34.706069973759774, 28.24847548220911, 23.192297406353877, 19.212005476015097, 14.51042556116653, 18.183408700569508, 42.14758241311784, 43.23765673817999, 49.38274103847999, 57.18380593479061, 57.88467301372249, 54.79180352144938, 50.433087712218786, 42.775686560963074, 33.7049700780083, 33.21413095202875, 24.99201339854316, 24.767314447566594, 79.74541493542306, 68.72745558643548, 63.39650518938012, 58.90386960017254, 54.564207898137234, 50.009834053110175, 51.39786663838182, 65.39097168577781, 71.56418007280753, 75.89992416211764, 80.42325078539247, 82.11562150569992, 77.84303185741925, 67.46996928848809, 61.05707702555831, 56.90001618617081, 52.47188120591101, 63.34738799753712, 68.36434277764455, 73.75959902430903, 100.83342336891472, 104.57046430732584, 107.48625647341396, 108.06848624044589, 114.68809701564957, 122.86636160453929, 120.26570122278548, 107.43731554484285, 103.1587868680048, 100.08264748300438, 82.35196016759771, 71.49084137272457, 63.77304493704389, 55.8521097493694, 53.86895049219386], [48.461222953023736, 55.93327565371806, 63.13226246348871, 69.70125388953716, 62.77141801569785, 55.36050266780038, 48.16746996544888, 6.264535886733271, 4.333577063562733, 11.302433214973046, 17.495247703864756, 25.70582967425763, 16.73062123021148, 8.56019661438737, 0.0, 44.27548918737067, 53.45527088160793, 61.143808760747596, 70.72551427034222, 77.9151642745149, 78.1327299112092, 67.83026965096741, 59.210987859636, 50.67292048285243, 44.58287414116072, 19.302455445816342, 20.66144753878996, 26.012789310923537, 32.1089400312195, 39.61286349929491, 33.95491223868941, 28.458767799586052, 22.822644754896857, 15.352445550793721, 14.931338769259437, 34.569811319373684, 36.52034543475898, 44.01110160668634, 51.28446571999304, 52.64174697272009, 51.123372389786965, 47.87935707184758, 41.08613662929931, 32.516444478345626, 30.220499000755527, 18.935599590413027, 17.837284118601797, 74.14171092388943, 63.88335247814051, 59.480288666877236, 56.146597892532704, 52.834665108721424, 49.37748130365648, 52.38580084314278, 65.3417865498536, 70.609454143221, 73.99622118512939, 77.35032014728878, 77.8893532107147, 72.507253135788, 63.41816425939765, 58.364806024856875, 55.18729632233365, 53.0123810107057, 62.18965428408994, 66.08197095071445, 70.37180113206269, 92.46783904657903, 96.29948608031413, 99.75865177339358, 101.04560283314804, 108.4016154651386, 117.84949248633528, 116.41819220235354, 106.04736781199522, 103.61503265782785, 101.78078696372518, 85.25455685008899, 74.78519902029352, 67.77616776312027, 60.016574321921944, 57.83559954802566], [18.661511706939102, 21.345700203655845, 28.356679083298808, 37.85412296226133, 31.988827426276067, 26.444757233911396, 22.92982693462541, 38.92731246756167, 41.919679189493515, 49.46063289756706, 58.374706847860956, 68.75151649363214, 59.99549885964574, 51.78878638525853, 44.27548918737067, 0.0, 10.105052233631948, 19.24089459703418, 30.729063345172268, 40.53813930706895, 41.981120803696825, 28.439545313914675, 19.609289621723303, 12.607497337671223, 7.992540881187346, 35.15515529190385, 44.51174383880372, 54.3645206661111, 65.15593259896849, 76.02803611692104, 72.10041625507986, 63.40976277650363, 54.16706551528759, 46.00201138287989, 37.62589961463038, 12.684508409421785, 23.628123725581975, 36.7344615487997, 45.82653944297712, 52.12808137774702, 56.65231395594388, 59.79936532575471, 60.88857273765501, 57.38958781012126, 44.46248933658847, 33.06836736912987, 27.433069182402484, 72.34081250006815, 65.08966671128276, 64.84838025559057, 67.36148358965568, 69.74035090153266, 72.20661980659658, 83.5699456019946, 89.88247689150081, 89.81296551416565, 88.49393351203399, 86.32961508838137, 82.28736820661119, 72.43111191157188, 69.34526481725284, 70.47480974312246, 72.87541451047517, 82.47527015066294, 82.56947595068533, 80.43723551793765, 79.32818104865714, 60.82546979707317, 73.28698571936026, 84.04350439277881, 91.39087012685675, 102.73159443336529, 119.93064322010098, 124.10431118244861, 123.09984746083643, 131.24097629307482, 135.36500753727302, 123.31694512483432, 114.44205110645359, 108.73061069800045, 99.26009919823314, 91.3134654263983], [17.31641288888259, 16.226223186449367, 21.75365833298818, 31.335250073542745, 27.100077167142498, 23.533791982442036, 22.444361087834178, 47.893863016265136, 51.07037669490095, 58.83624452533, 67.70203588840542, 77.73370445891466, 69.38430628829478, 61.22842833377631, 53.45527088160793, 10.105052233631948, 0.0, 9.330190610134023, 20.97932307607264, 31.24096056804174, 33.08484579680622, 19.280090397319565, 11.476302228294402, 8.862198068899442, 10.79086331649183, 44.70294418016967, 53.85229494509645, 63.35367120009171, 73.8156546170302, 84.24137273937608, 80.75905485942609, 72.39104729317428, 63.399975344225524, 55.45889861038664, 47.178291452496204, 21.505973745254458, 30.9457044534504, 42.863613833634865, 49.761175545791644, 56.446638734624585, 62.501135749593224, 66.57274820202716, 68.39686704284205, 65.62195806149485, 53.10270936081289, 42.37891949002835, 37.153739643604986, 73.79069823859888, 68.44058352246411, 69.53084553874547, 73.18332546807115, 76.35526882835778, 79.46422715790273, 91.01342203789115, 96.48722791197368, 95.74935941477214, 93.63862586871842, 90.33793439713534, 85.10617771461813, 74.36456051462434, 73.47863662057561, 76.10807867549286, 79.26274899299537, 89.74720545518713, 88.74297065765397, 85.73078014884777, 83.47538241298274, 52.344847811981516, 66.7930735031917, 79.52781150719787, 88.52819039557224, 100.93028092038914, 119.66163815531068, 125.39262187862106, 127.28591666443391, 136.69840596941896, 141.4616505854806, 130.2505361783796, 121.55700769619244, 116.13361873937384, 106.60348459823807, 98.51353498889046], [18.60674951520792, 13.873438518610087, 16.36064835599161, 25.123109012945545, 23.182389660429987, 22.15534067719678, 23.4488278612297, 55.3777623825366, 58.840213783720024, 66.95712661960164, 75.71944736020102, 85.24745289525589, 77.30374520911579, 69.18147097182785, 61.143808760747596, 19.24089459703418, 9.330190610134023, 0.0, 11.718965797745163, 22.141590166410943, 24.25218224823616, 10.629869344958149, 6.544452589477137, 11.83634158019952, 17.372909390612048, 53.417223815873946, 62.437679071214994, 71.64676597231137, 81.6590464283987, 91.42749254948038, 88.30392543339916, 80.43274730890606, 71.76358630407174, 63.88444805231455, 55.700218156307464, 29.536928740498176, 37.921038876243266, 48.78885189791556, 53.245500215666766, 60.022290344468075, 67.4525084771508, 72.20664953203331, 74.45873786825037, 72.29408721124452, 60.53352331772516, 50.26290365361709, 45.515947481911944, 74.16138887793485, 70.82779763923004, 73.18256121972131, 77.79341464925706, 81.56698562648872, 85.1335275830084, 96.56227222900573, 101.31514806981166, 100.06643478175808, 97.29240372927774, 92.99342777316245, 86.6542903544187, 75.1777090929965, 76.4556613118162, 80.45013740458177, 84.17100067358004, 95.1575925047156, 93.26868007439032, 89.55560896242369, 86.28347809378482, 43.961795491615504, 59.624905131636226, 73.95997565987757, 84.39728284819745, 97.72561869400708, 117.70410679412728, 124.88683876458842, 129.63027283964323, 139.98871463474893, 145.29509566430482, 134.99795126201636, 126.59569092281362, 121.62020991956616, 112.4155479947838, 104.79851038490446], [25.250318846687478, 18.729303961436496, 16.35943433099415, 21.244804603699816, 23.613176051304364, 25.866706953660938, 29.074971519847256, 64.84650827117284, 68.4591030365688, 76.82337836116957, 85.4051718428073, 94.29448862225075, 86.95272921490155, 78.97343753607691, 70.72551427034222, 30.729063345172268, 20.97932307607264, 11.718965797745163, 0.0, 10.916735233881097, 13.998632225891004, 6.599919227002402, 13.518738308201875, 21.413939365371544, 27.775569683803663, 64.00843912621826, 72.78507076565448, 81.54847583484471, 90.93290855284968, 99.83806460204231, 97.21326908505056, 89.99039411903448, 81.78078056835874, 74.0760570810379, 66.08161549734162, 40.334167884089666, 48.12442849367017, 58.12263937554664, 60.02138926958084, 66.66177882244064, 75.4090515456821, 80.68264850086013, 83.11414591638732, 81.42694671917505, 70.67492851685093, 60.56759300067813, 56.04966246690473, 76.7329367405013, 75.9330764250465, 79.6466374328105, 85.14274699740648, 89.38767275186369, 93.24974957491669, 104.14584237374848, 108.33126692161562, 106.70432302796873, 103.31952166151343, 98.01209634205225, 90.45067143547193, 78.25093713919078, 82.05312504540301, 87.44130608802502, 91.5985614018093, 102.65447096748878, 100.10505117613721, 95.80347884712128, 91.50211392002802, 33.18828544748886, 51.06407903475594, 67.97218715926148, 80.44776249388012, 95.03257143951066, 116.38812700050804, 125.42645719237412, 133.73300376990602, 144.6970192929244, 150.2831229244125, 140.900732734957, 132.69339685176936, 128.11263379487394, 119.11196237192165, 111.95390977160108], [31.140162893711903, 24.469922476084548, 19.31775264886081, 18.800253800795723, 24.88669699643745, 29.383676371966562, 33.67655252824009, 71.91617943120235, 75.8651868190848, 84.61848579438775, 92.94626687033369, 101.0273676139235, 94.21444521002682, 86.34791378015724, 77.9151642745149, 40.53813930706895, 31.24096056804174, 22.141590166410943, 10.916735233881097, 0.0, 4.6007818678417065, 13.290607750977111, 21.942347757154515, 29.78863952412003, 36.37268450036365, 72.92912421931521, 81.56869200544449, 90.02546553389304, 98.75060169725558, 106.64785940428811, 104.33956711826744, 97.8980820388561, 90.16156705297664, 82.43245618669663, 74.6219741201669, 48.886722412815736, 55.85604285484444, 64.94632275361231, 64.16112998528149, 70.45831693891841, 80.38517290740621, 86.04027068286838, 88.52783998336805, 87.37792251135093, 77.93715504254348, 68.22487202406616, 64.32774104795826, 76.36022364858435, 78.04951316454863, 83.0215193382281, 89.2678773567377, 93.8771527233807, 97.95920016577034, 108.18825063438315, 111.71710370726669, 109.76610200026789, 105.85128817486093, 99.66246717371865, 91.01492132968494, 78.30881116875923, 84.48219632542144, 91.14475452658515, 95.63108765723318, 106.60400564447764, 103.40123638643949, 98.6101848585167, 93.3894821513159, 23.71773669477094, 41.392873245338535, 59.94255825483938, 73.95065233226036, 89.47377316413177, 111.78848535280397, 122.41587028678732, 134.03145665584302, 145.46955822160666, 151.4579333683274, 143.26641729479002, 135.56693765124913, 131.72695534670407, 123.63590759064542, 117.829319080565], [30.735047779286063, 24.05906822738672, 17.97393624816373, 15.378693329561495, 22.453429343059163, 27.721496683653307, 32.56160239420062, 72.04678976415062, 76.3057551429351, 85.33068932751995, 93.56627635583064, 101.34352482191287, 94.54030268976524, 86.63097998559836, 78.1327299112092, 41.981120803696825, 33.08484579680622, 24.25218224823616, 13.998632225891004, 4.6007818678417065, 0.0, 14.374452546042582, 22.822841392816564, 30.49086477623384, 37.09783322907274, 74.19782783668883, 82.91824571432903, 91.45153791971948, 100.05053398016337, 107.65150146032813, 105.2432591379056, 99.05145678973213, 91.39551864580359, 83.46988477906751, 75.66990556120174, 49.35728257495275, 55.55342520057415, 64.00928363071715, 62.04020324330931, 68.17287697360015, 78.5205876152346, 84.35338356882765, 86.97693833506085, 86.19162919398624, 77.31236419672682, 68.14147715808778, 64.87474684975697, 72.71087307215014, 75.11759284072191, 80.51424204822749, 87.04964938278856, 91.84393929212858, 96.09518184543475, 106.28524599587146, 109.33650985697639, 107.1601892918233, 103.01747192689835, 96.52335208120486, 87.57271081340704, 74.77360629780223, 81.64992344282824, 88.76972188770577, 93.43103566332995, 104.61724009938705, 100.94838169859725, 95.91160718023883, 90.3613913309063, 23.69371451084605, 38.0393965434558, 55.66693093887833, 69.51629103895388, 84.98395790298746, 107.41661829637722, 118.23550761317077, 130.53000046734223, 142.42928032093903, 148.91426292202524, 141.39912476466333, 134.19055323576833, 130.90733883927686, 123.70464793641122, 118.95141804974351], [20.67839666601753, 13.408616096886098, 10.229696450947996, 16.32100735470801, 17.43186744809293, 19.88161343312386, 23.936516496352453, 61.7971071739417, 65.887934388533, 74.62574450348042, 83.20317943380861, 91.98418727433123, 84.32297097455671, 76.14916841990856, 67.83026965096741, 28.439545313914675, 19.280090397319565, 10.629869344958149, 6.599919227002402, 13.290607750977111, 14.374452546042582, 0.0, 9.20327181096489, 17.700308836525114, 24.34843595182494, 62.235049381636536, 71.2962276996988, 80.416114202822, 89.93989609995255, 98.83797308999962, 95.8431412238926, 88.65697110604987, 80.31773361110656, 72.2022466290751, 64.08362894289316, 36.66646939382113, 43.26561800725137, 52.54149621048463, 53.7237749396926, 60.36690279129466, 69.3275382329322, 74.82547093295442, 77.5979229932292, 76.35663056433303, 65.81095688957508, 56.58668392964638, 53.041539773493724, 70.4805511663036, 69.49571896295242, 73.30788630434682, 79.00009719369004, 83.4703530347063, 87.61253689187103, 98.96369566524622, 102.55389012147953, 100.61670330164759, 97.04724453837807, 91.61145486680795, 84.07994937699074, 71.96537066135198, 75.69515275069564, 81.27256407714826, 85.65278990209023, 97.34359812018953, 94.17525582597088, 89.6116610620023, 85.16452438236928, 36.41542542512292, 50.5065812834136, 65.09299384832646, 76.41082699158815, 90.3035306808657, 111.34332733581232, 119.86321287747653, 127.59817662964969, 139.30388975026415, 145.66849559707885, 136.91981464338647, 129.36065026513498, 125.42608277759102, 117.59332551869356, 111.67918832780573], [13.4393354725656, 7.559511445853366, 10.583836741641523, 20.003132814394995, 16.90527002343757, 15.65459999276871, 17.683713205884622, 53.21479361198987, 57.288712018168304, 65.9710862276596, 74.62305408716753, 83.69869095757915, 75.7023165291271, 67.44066515268993, 59.210987859636, 19.609289621723303, 11.476302228294402, 6.544452589477137, 13.518738308201875, 21.942347757154515, 22.822841392816564, 9.20327181096489, 0.0, 8.633031818404358, 15.210626119254467, 53.4407034828594, 62.64258378076296, 72.00893175651612, 81.80958480561596, 91.10606606160309, 87.7812012045394, 80.31211902119361, 71.76606879565249, 63.488685903726555, 55.2841597534337, 27.49005779594865, 34.63556043576363, 44.8601786219345, 47.73305035266156, 54.44033293093919, 62.50871961659988, 67.51511325671305, 69.91461396277047, 68.21458312386432, 57.19549206686658, 47.62303364607549, 44.00044740222497, 67.68575024459227, 64.78931196930367, 67.56291033180686, 72.51283557640403, 76.51050108217319, 80.29444333283134, 91.7688750961431, 95.99155512477138, 94.512043300777, 91.5151721323255, 86.9433295664305, 80.34695837370853, 68.74905512673766, 70.53210856501208, 75.00909363802674, 78.93259978472747, 90.24751133020139, 87.81398900667796, 83.84117762694775, 80.26103167442443, 43.91467571336803, 56.335299533515844, 68.9122591347043, 78.56998967655082, 91.52880486383467, 111.31653684157672, 118.37486361587985, 123.4014364342587, 134.21779071983605, 140.1322454629585, 130.6119401564094, 122.8517527985379, 118.63513923845332, 110.74014634837623, 104.7727439039659], [8.520777015667882, 8.810071719878906, 15.919484844908867, 25.311037056905388, 19.949424493586047, 15.249681172618988, 13.606606090382204, 44.70443077225063, 48.77449693544161, 57.476270135308106, 66.13762428465813, 75.3229441315006, 67.15741552775985, 58.86108222134434, 50.67292048285243, 12.607497337671223, 8.862198068899442, 11.83634158019952, 21.413939365371544, 29.78863952412003, 30.49086477623384, 17.700308836525114, 8.633031818404358, 0.0, 6.687118752022879, 45.176522294701286, 54.44206418992805, 63.92785735090403, 73.79123206983923, 83.22406864567643, 79.65341939629978, 72.11088465153877, 63.5138683340047, 55.086955188767405, 46.870498218181766, 19.135031376720633, 27.440242829462807, 38.99313633813493, 43.30995489951118, 49.84667705071665, 56.99801992662496, 61.30865272464138, 62.98970663229784, 60.66184105023536, 49.552174401663144, 39.20600219318713, 35.38161715316079, 65.64557732761531, 61.18029419172116, 62.95040743808483, 67.03748090104892, 70.38465366129779, 73.60490856264887, 84.75980029646597, 89.83997228457861, 89.01028294695993, 86.69354115481894, 83.05184400068006, 77.34401752022585, 66.29546589713374, 66.3221850600985, 69.66304176610339, 72.94887730355062, 83.39119131712098, 81.99072996834246, 78.78264472731117, 76.1302913614792, 50.340961023774405, 61.1384784926665, 72.04893776522191, 80.27858528221657, 92.45744389256669, 110.93384826429154, 116.7157154897054, 119.43063256874586, 128.92009253611693, 134.11407091122757, 123.78589653098018, 115.75221602429411, 111.24711445082475, 103.31224275268153, 97.50899286505026], [10.763636615198884, 14.544731616812395, 22.012698687652886, 31.115926290638527, 24.851560468034094, 18.824658156877803, 14.951800127608116, 38.710439840581365, 42.67346916806641, 51.243392991420286, 59.96538107378019, 69.44394957880226, 60.9872151666966, 52.636906261974126, 44.58287414116072, 7.992540881187346, 10.79086331649183, 17.372909390612048, 27.775569683803663, 36.37268450036365, 37.09783322907274, 24.34843595182494, 15.210626119254467, 6.687118752022879, 0.0, 38.80366838320926, 48.17411453413152, 57.860973432393145, 67.95572817140086, 77.7451795220527, 73.89458058084116, 66.09053609391498, 57.31835688856951, 48.76989365152083, 40.48955735185816, 12.633296411138106, 22.319920729777895, 34.991632080727804, 41.14018336535598, 47.47298778073638, 53.48827097456627, 57.15502633339137, 58.330818363953426, 55.442055062085025, 43.904534086863414, 32.95073098191896, 28.82803295666407, 65.63582246323632, 59.66217958252945, 60.409389309138575, 63.66462264182364, 66.45034287641742, 69.22037729964029, 80.31350103652929, 86.05130444156242, 85.70498502742886, 83.9626525119856, 81.15272802037155, 76.33029530705176, 65.9236491671289, 64.25044479586074, 66.46429229383811, 69.21633403504599, 79.07092005153656, 78.48796045389577, 75.91423809401887, 74.11136566331663, 56.36312003881128, 66.46857210571972, 76.25782926801992, 83.40794542453092, 94.85547135971599, 112.27353545716224, 116.95478355239048, 117.5441385323077, 126.13046895050591, 130.82115422587165, 119.78819854900237, 111.53162953862478, 106.71691215454726, 98.63398180161907, 92.6930472446328], [46.31114484528791, 52.62837379527835, 60.25945529858862, 68.55666539216391, 61.93513965430742, 54.741655573282216, 48.07768477491, 19.13752355311214, 15.855238846738194, 17.17542498176243, 25.65818211227666, 37.660982237648675, 28.91458186032096, 22.628509506402228, 19.302455445816342, 35.15515529190385, 44.70294418016967, 53.417223815873946, 64.00843912621826, 72.92912421931521, 74.19782783668883, 62.235049381636536, 53.4407034828594, 45.176522294701286, 38.80366838320926, 0.0, 9.627118303819115, 20.12449427095908, 31.699599306456555, 44.29422911246369, 39.305853743141476, 29.24687840388025, 19.3841565631055, 11.61381333580366, 4.595921470466071, 29.440370546891018, 35.28758938304154, 45.69711417010505, 57.56731672844231, 60.82897132687365, 59.514454255917975, 57.700043002796846, 53.61188700559208, 45.908517116674744, 36.62950221417456, 23.268450446777866, 14.76755065992208, 84.88511