{
	"dissimilarities": [[0.0, 7.36204062564708, 14.835605166115407, 23.751749073428957, 16.883795211869458, 10.556265353942798, 6.868891966489646, 40.96361253168037, 46.87634540814004, 56.21608950416239, 64.51145043279666, 72.59679856912659, 64.93533520709458, 56.668440484032736, 48.299211834924115, 18.1490479456666, 16.636391069469546, 18.052917431883223, 25.40665353514223, 32.429574400564746, 31.920383485450767, 20.573558414818038, 13.182847636685786, 8.561303496678704, 10.73957151225378, 46.56936707498828, 55.434749279509596, 64.29802380432339, 73.33967375113646, 81.12490527333622, 77.82179431965454, 71.50470073625782, 63.531503580490906, 55.14984652618054, 47.16943613037965, 16.727414066269596, 23.53705927644989, 33.80577242113018, 37.12863757257778, 44.415737268522406, 54.10432517429995, 58.748896452741654, 59.17754268567694, 56.5674281559412, 47.21433010293092, 37.434226826862506, 35.16798102487924, 61.48079218409771, 58.16338462198613, 59.41075889382099, 63.719857047988754, 66.33367794550792, 70.18536791910459, 79.29517739443142, 84.5036361949983, 83.84693733518763, 80.50989716866786, 75.62481664262057, 69.65243262654116, 62.330901275044035, 63.20162829277462, 66.91055778376294, 69.44247349671163, 78.10378458498379, 76.75305571344764, 73.56557722381088, 68.65410079046259, 51.98539908639782, 61.484061756482056, 69.63970860280848, 78.00113822688444, 90.68406488358353, 99.90393696105302, 113.1930579949645, 109.5213329360349, 117.1916725375137, 119.95355922082128, 115.07434945887299, 108.75452530596748, 105.18820593739487, 98.47356230714433, 95.33986996854694], [7.36204062564708, 0.0, 7.834316013337859, 17.979871021525632, 11.896382248543798, 8.64144699951235, 10.704001957133418, 48.30865716628245, 54.17480756488044, 63.49277217945039, 71.81273517177405, 79.93496616818005, 72.29136708536538, 64.02235439985726, 55.65982807667992, 21.95844681783179, 16.9624778357533, 14.612384900097691, 19.759850898284757, 26.291765604925544, 25.530646234611527, 14.055906714035988, 8.628485887903274, 9.968902572155525, 15.30160261066876, 53.21090311796737, 62.187839772928484, 71.15179457965287, 80.3057814992502, 88.16898980775291, 84.9849524673079, 78.57788815338374, 70.51871930664558, 62.15435414546108, 54.10931364709581, 22.97076834213314, 29.28295034097968, 38.16219623889008, 40.16015671803931, 47.58976980160637, 57.941837906047134, 63.26170582445139, 64.58240145630388, 62.69680257752468, 53.173140131999816, 44.27027588780367, 42.09373978294543, 62.5826513297507, 60.40153999941139, 62.54501554980991, 67.66634544439607, 70.96701489602131, 75.39152825690434, 85.0883126437012, 89.34662647634386, 87.98982509650733, 84.01028409097617, 78.26726042376193, 71.49969140908401, 63.794291987813985, 66.02387932301768, 70.74996287281711, 73.94912339159356, 83.63706790862646, 81.2524576259668, 77.28678717829426, 71.55498249881246, 47.02542544142278, 57.48848209198069, 66.78232147938684, 76.23909488023877, 89.39207864839985, 99.82201105612245, 114.08610616438357, 112.4830051329401, 121.6154487911086, 125.26780569336486, 121.14437199492401, 115.14630573631023, 111.90808543258116, 105.33460855524622, 102.00307177514325], [14.835605166115407, 7.834316013337859, 0.0, 10.961890823467868, 7.5245931554431555, 10.389113856441222, 15.91230805234332, 55.653917203629696, 61.65183925628405, 70.99469050590695, 79.24873511754438, 87.03734934510838, 79.56916147453853, 71.31245268763183, 62.898458484290444, 29.235323381954597, 22.731915189242986, 17.30053971132118, 17.353723889744035, 21.0271297603681, 19.349870209725076, 11.288162579204377, 11.931229184468211, 17.117395499699278, 22.962413025437616, 61.02190932465386, 69.95131360897128, 78.80537183708441, 87.76443316551548, 95.32541529643161, 92.28550696860256, 86.11666654651546, 78.19631180347221, 69.88166806438282, 61.881314425917644, 30.71872041288289, 35.999531247562466, 43.386944665189624, 43.05536741699209, 50.54959139184817, 61.973266900421386, 67.88275710346892, 69.74839823779126, 68.50964215320855, 59.570115444660566, 51.522937031576156, 49.83768887160614, 62.29423482570869, 61.81688096244875, 65.12067479192609, 71.09114674471881, 75.06030892161182, 79.91607790628436, 89.77422663576122, 93.02035391519291, 91.04350626543393, 86.43263753322618, 79.73639479579468, 71.96337384943556, 63.89360474571832, 67.91933910887043, 73.85736345190813, 77.74290312829787, 88.06509117073084, 84.66347737656238, 79.94813201383731, 73.32756503801171, 41.85959440447588, 51.65130823912681, 61.50510852858383, 71.91038732216653, 85.5154121400807, 97.25240345579908, 112.46578773702083, 113.8681425381117, 124.14288179317299, 128.66535337486496, 125.47111137033596, 119.93443747399427, 117.28603758843191, 111.3436575871685, 108.58197010432943], [23.751749073428957, 17.979871021525632, 10.961890823467868, 0.0, 8.773833441702951, 15.880879890357656, 22.173175338575604, 62.82510783229871, 69.14907874625872, 78.50456738952019, 86.50027268333909, 93.32940329766134, 86.32124577550506, 78.16222510111193, 69.70140690795799, 39.89475331370172, 33.59599551307032, 27.39107624646564, 23.247473862324615, 20.9227966534188, 17.353862996861906, 18.949212196406982, 22.673265681152092, 27.792412663569138, 33.23989078234678, 70.20417933406557, 78.8601926173374, 87.29081853708578, 95.57509925659066, 102.21794096112836, 99.3608198262941, 93.95955057692069, 86.53682268415119, 78.34287138161604, 70.56882315548505, 40.15589028853119, 43.722052408819295, 49.34883856627446, 45.116163916788196, 52.53184711101672, 65.68834196339603, 72.05088955273686, 73.94185058954896, 73.30401419780799, 66.15052350977739, 59.11153359644518, 58.517307734208444, 58.83018236892048, 61.145116225689044, 66.09299781638882, 72.98447650992814, 77.60677449413915, 82.6674207025109, 91.9623427069458, 94.00304363908884, 91.521904848549, 86.29277508343586, 78.46586173928735, 69.28561674918959, 60.87476535521402, 67.5426653614338, 75.05689257057702, 79.67788286853896, 89.98435024758543, 85.5370079528283, 80.10099860749553, 72.45487877524498, 37.67783648427348, 42.33332564987653, 51.119441383921654, 62.13727198584258, 76.2374017339392, 89.47621232563407, 105.608704586138, 111.74783625648469, 122.59096172224581, 127.9870172464805, 126.1038674881767, 121.34287379445192, 119.79658892849152, 115.41773295026242, 114.56335940933626], [16.883795211869458, 11.896382248543798, 7.5245931554431555, 8.773833441702951, 0.0, 7.622107158744293, 14.728861450332406, 55.63910215832377, 62.15190732302389, 71.55753862204527, 79.63647465073171, 86.81236867153638, 79.35158379589198, 71.08347170243796, 62.71235133891213, 33.322743361257324, 28.463484159978623, 24.385744034261553, 24.591129244079152, 26.257647070595148, 23.60236681384288, 18.629228686161486, 18.51018579583333, 21.62434613888857, 26.322517079056727, 63.12712246706474, 71.98235681575144, 80.73253918645256, 89.38785493490376, 96.43914063336815, 93.17698793771937, 87.46313501814127, 79.76474231561559, 71.33568777819566, 63.41707688567253, 32.470077952214005, 35.13008174083763, 40.6918966150633, 37.704777561793335, 45.19878128421626, 57.689211101752754, 63.90919657335288, 65.9180520185438, 65.30700028769472, 57.5848024172591, 50.92605184582008, 50.85987641498385, 55.02229151638353, 55.33025546702479, 59.33039156135291, 65.7872081228861, 70.16800411026178, 75.26137018619178, 85.1939189644949, 87.54009512640015, 85.18010957873445, 80.2443366024064, 73.09392564970241, 64.89208773169817, 56.72181828568679, 61.56958788949474, 68.2258706411742, 72.53867713718307, 83.2352291397217, 79.03894232651861, 73.89457140497393, 66.82357342088495, 45.12346608570477, 50.19667876916895, 56.9023835998024, 65.94265057448247, 78.84658500337808, 89.9934005267327, 105.18466854035726, 107.038911433049, 117.96773264656387, 123.35945880228262, 121.2979503632493, 116.63253238426157, 114.93330468458689, 110.73046960039467, 109.91939158761379], [10.556265353942798, 8.64144699951235, 10.389113856441222, 15.880879890357656, 7.622107158744293, 0.0, 7.407326122181272, 48.123778634522104, 54.67854230292414, 64.08865284758691, 72.18764282407494, 79.52589735628173, 71.90067629099113, 63.60290100528628, 55.264040043525036, 27.6328448191236, 24.714699353898745, 23.16086171419764, 26.805894745575014, 30.830481655789047, 28.92978735628364, 20.775708445014068, 16.982616953482317, 16.87663853139025, 20.25688438176898, 55.85187114950419, 64.6923791241012, 73.48309152652045, 82.2158666424444, 89.41089811115532, 85.96910361377549, 80.15627558444768, 72.40390600181641, 63.91500282131069, 55.99761236993774, 25.34142486669357, 27.87871192857857, 34.51505831165883, 33.27941156023338, 40.8625729860089, 52.61771342576123, 58.32032932520661, 59.7536952283424, 58.581749623181494, 50.562306292165786, 43.359874083696944, 43.3415194785399, 54.071924873370634, 52.61612508839366, 55.49878059831755, 61.17248835784723, 64.9398416574881, 69.63747463178666, 79.42276211019056, 82.69387293242534, 80.9347689952048, 76.60596927246253, 70.37976601133342, 63.16544439118237, 55.351327328479094, 58.37741243609366, 63.89403620871724, 67.57335777738254, 77.6809734289584, 74.41106397246688, 69.97975181697993, 63.759079956077606, 50.011937529598576, 55.614988770982144, 61.59288926296331, 69.49050090807755, 81.82808196566673, 91.50268100386528, 105.66164333060532, 104.46595338572713, 114.25292651217488, 118.86412241671941, 116.0224052306628, 111.02391489821002, 108.90509890150992, 104.41179345399428, 103.46713833572373], [6.868891966489646, 10.704001957133418, 15.91230805234332, 22.173175338575604, 14.728861450332406, 7.407326122181272, 0.0, 40.93256150953621, 47.43951164965059, 56.84304933498094, 64.90823364082398, 72.2033080831225, 64.67161690764432, 56.40195627532431, 48.014625674738255, 23.975170309049382, 23.386181977905714, 24.182012266968417, 29.81747815813975, 34.96050663504793, 33.64612877808049, 24.575427615090447, 18.67311401554047, 15.18829969757698, 16.455228340435784, 49.2144028808854, 57.83616105693473, 66.4107934789775, 74.94737436532249, 82.02630798556699, 78.58785453402028, 72.89214670140771, 65.29253592577898, 56.88831892621688, 49.108622141882954, 19.846470717251215, 23.038098094575382, 31.539674138562308, 31.99470587000434, 39.479965758018, 50.484436008093994, 55.37332164293382, 55.66727205312556, 53.494176645664275, 45.63687805920025, 37.12403876802839, 36.743913357735735, 55.00875438604277, 52.38089541336064, 54.238754855905306, 58.94816724252582, 61.86955354714383, 65.83428693120737, 74.77212035160551, 79.32923725780584, 78.47581941370659, 74.92174977975966, 69.67479848734324, 63.29489410867247, 55.889117055930306, 57.45415801173037, 61.793564263234096, 64.6588323279274, 73.38344472456075, 71.46773533635024, 67.99652744085472, 62.72385412451032, 53.3444467637188, 59.22038915684909, 65.02507889010884, 72.26663991906344, 84.43374856741532, 93.16723190881115, 106.33719460929485, 103.38231176539377, 111.23745407579653, 114.58444686750553, 110.61678653844295, 105.0143624518383, 102.3424442121049, 97.29538025226798, 96.20586238947303], [40.96361253168037, 48.30865716628245, 55.653917203629696, 62.82510783229871, 55.63910215832377, 48.123778634522104, 40.93256150953621, 0.0, 7.515057162077545, 16.446716104185295, 24.27490512528257, 32.56587823788889, 24.081754754244987, 15.748143227312545, 7.7369808355624725, 37.05880989466572, 46.06464085253922, 53.69428620154619, 63.56398322533771, 71.32463753858605, 71.42111350300878, 60.36425907124396, 51.68428068273015, 43.19837156845422, 37.16823025639555, 19.20491191644893, 23.394961179413553, 29.761942458876334, 37.19435552604662, 44.36152365837171, 39.562434435707026, 33.97956066579309, 27.255939095805783, 19.568666654743677, 14.916321152392573, 28.65417278062337, 27.910934410466467, 35.96087754753286, 45.25707829830536, 48.050965154602956, 49.238075256118556, 47.671635899436744, 41.31946012588559, 32.837415559937526, 27.975552966232247, 14.42855172913228, 12.98658778089376, 71.44474993358736, 62.56306119146359, 58.066313773056315, 55.94936900121542, 53.05550687608393, 51.799014900941756, 55.17485647034538, 67.13020166521184, 71.38961221310322, 72.80960277731465, 74.15250127817183, 74.03682268887438, 70.27861531357283, 63.085098607577656, 59.30415363041016, 56.59207133546996, 56.30195414033642, 63.000814493085926, 65.6885831970519, 67.01120437212984, 87.06020513423164, 93.26389451358678, 96.64854340820945, 99.73246412882627, 109.03306758057502, 111.46854297296785, 118.65010093495225, 102.26982764977485, 100.53176093505219, 97.18184343178667, 86.97751996292541, 78.47366864519938, 72.15017857716684, 64.21626532787988, 62.336226363479504], [46.87634540814004, 54.17480756488044, 61.65183925628405, 69.14907874625872, 62.15190732302389, 54.67854230292414, 47.43951164965059, 7.515057162077545, 0.0, 9.410804085171096, 17.69536225859977, 27.202422133141017, 18.892239272564545, 11.323215865134472, 5.982811199893409, 41.11779497714722, 50.3089139128037, 58.23017975754546, 68.2290657261312, 76.29514695033376, 76.70870814139026, 65.53656370935225, 56.85462794916611, 48.373666447416234, 42.24851045174209, 15.80176648717538, 17.204496623971597, 22.41687307754681, 29.75183346719294, 37.49811363998018, 32.62474533430245, 26.533881459386716, 19.86081409563206, 12.773990012013629, 10.668842828895409, 33.982558946253505, 34.47314372210704, 42.58960159933241, 52.59508319527081, 55.10700281095035, 55.21611598953467, 52.94435032349073, 46.11123395082713, 37.10232581269225, 32.67866901725217, 19.999090605319257, 16.298903799953724, 78.61960410078886, 69.50119532324565, 64.5621532410399, 61.785225049580916, 58.233313229026166, 56.21712590934946, 58.27895409300778, 71.31710942365571, 76.30232732437653, 78.37029256366314, 80.4250986540901, 80.83507754999337, 77.35795736636366, 69.67187192350133, 65.13793996227241, 61.779563519117644, 59.91895535657452, 67.93287044580154, 71.39199898405151, 73.39823202207698, 91.52424777741437, 98.80397302994857, 102.96962770893269, 106.29450494292617, 115.74098750452355, 118.05859300123905, 124.72009324878448, 107.4618943284209, 104.02961548213366, 99.13612648560438, 87.30258236167352, 77.7374100622118, 70.05817147205674, 59.98445138306295, 56.098430321846706], [56.21608950416239, 63.49277217945039, 70.99469050590695, 78.50456738952019, 71.55753862204527, 64.08865284758691, 56.84304933498094, 16.446716104185295, 9.410804085171096, 0.0, 8.522944223083591, 19.46537261423292, 11.416919418523763, 7.4989061027871236, 10.880828485093264, 49.57317797775876, 58.89491900051445, 66.99562602505866, 77.05677541798798, 85.21868139928611, 85.76411251947705, 74.60029867600184, 65.91559640713882, 57.44057446604936, 51.258397264783596, 19.0341858003684, 15.254014052927154, 16.265759547479917, 21.842506625416302, 29.536434749960815, 24.013385772991796, 17.964768882164698, 12.839154310799058, 9.657989190753998, 14.115101826338558, 42.998402507596175, 43.18380010741265, 50.27063310865592, 60.453455143100044, 62.25096878093464, 60.84937897025527, 57.49506901583124, 49.81303799140613, 40.32154334133973, 37.65258830419723, 27.392615366632413, 24.366652768070445, 85.67220152397982, 76.06747398137149, 70.41196335007952, 66.58017385734105, 62.0588860682917, 58.91523293882982, 59.10178554890485, 73.36451280795463, 79.34444653913206, 82.39074058327279, 85.60284634210096, 87.00594631621172, 84.17255514964835, 75.5213687885755, 69.7995885654904, 65.49132961264772, 61.38095740454794, 71.09827895636381, 75.7003141215374, 78.82902308475383, 99.9342351557508, 107.2533799406534, 111.19864467488945, 114.0206812841957, 123.03067709440323, 124.42999171867731, 129.98296592928511, 110.68798661594319, 105.00886693349477, 98.35741724328297, 84.87387736331944, 74.49348630328008, 65.5810866870026, 54.15852834865044, 49.424051984182405], [64.51145043279666, 71.81273517177405, 79.24873511754438, 86.50027268333909, 79.63647465073171, 72.18764282407494, 64.90823364082398, 24.27490512528257, 17.69536225859977, 8.522944223083591, 0.0, 12.135128652164054, 6.3938492718626865, 10.423637296469021, 17.510221719529795, 58.06528100388906, 67.36598944325522, 75.42178734380664, 85.3361482103957, 93.31468389120819, 93.85205613889757, 82.97907023589751, 74.36257758565809, 65.91485347520667, 59.76179375970143, 26.336907108326862, 20.214167808525414, 16.605867157529172, 17.55017304098501, 23.253621507526542, 16.977508387153428, 13.105499634095109, 13.01365300690717, 15.30670069378287, 21.895867630243064, 51.48626662645787, 51.14254082339153, 57.304350610567035, 66.93485969221776, 68.14993979358267, 65.91002868246399, 61.73625983434455, 53.224871550313296, 43.507638843381336, 43.05266393039801, 34.75515778503634, 32.729260948663864, 90.8488386132166, 81.11833017471645, 75.04658713495938, 70.40469972297205, 65.11243945008208, 60.924621259806, 58.99585199834039, 74.22441380126014, 81.14237444734151, 85.05483908848167, 89.21526517017135, 91.37714999110901, 89.14212875080206, 79.89981281609167, 73.33239035611197, 68.26939793379708, 61.84582833675988, 73.04415920152348, 78.65367831658712, 82.70658883860344, 107.38348864604333, 114.01406834226665, 117.32115150469821, 119.44953656863498, 127.93018163332702, 128.398716396258, 132.82482547453992, 112.20072708498206, 104.16583474315858, 95.82218021633737, 80.90797916446269, 69.88606892824876, 60.04611493054055, 48.01947278623816, 43.90156922189341], [72.59679856912659, 79.93496616818005, 87.03734934510838, 93.32940329766134, 86.81236867153638, 79.52589735628173, 72.2033080831225, 32.56587823788889, 27.202422133141017, 19.46537261423292, 12.135128652164054, 0.0, 10.173460199745511, 17.67630980818635, 24.89492879151531, 68.21053336607935, 77.1603460687217, 84.69252221103282, 93.88350073670016, 100.98917113683142, 101.29172654008741, 91.55462394070032, 83.27231421182877, 74.99275722050729, 69.10470180850928, 38.13907593962626, 32.01063498082389, 26.493547088454786, 21.7452937310659, 19.99185784193445, 14.68141748462845, 18.82363646287109, 23.702228326643738, 27.286300361577492, 33.49835618750223, 60.95033137803431, 59.7788892840491, 64.93315210444017, 72.32756121539514, 73.03988586513553, 71.14374513410283, 66.39829971403323, 56.60830156168369, 46.76793588331461, 50.14719626002256, 43.528529920932556, 43.08246446552326, 93.18287972476696, 84.23239128797192, 78.30503415668328, 73.10118925264443, 67.1563839948715, 61.656576569585845, 56.0372186392483, 72.30594709448766, 80.49807352730559, 85.34103648327236, 90.26726781893777, 92.82577555122803, 91.27441226979481, 82.1860563495328, 75.26583886688398, 69.58387198190641, 59.57967430130012, 72.51154310865762, 79.24894893753851, 84.09407892260083, 113.56664386297315, 117.81345038431415, 119.53929328670837, 120.41457255696201, 128.09306357401042, 127.44926773168261, 130.3295382812151, 110.16974438031365, 98.35128253336444, 87.56450989724884, 70.84849206494617, 58.90669412577171, 48.30443818838763, 37.03716013484179, 38.30370272380165], [64.93533520709458, 72.29136708536538, 79.56916147453853, 86.32124577550506, 79.35158379589198, 71.90067629099113, 64.67161690764432, 24.081754754244987, 18.892239272564545, 11.416919418523763, 6.3938492718626865, 10.173460199745511, 0.0, 8.397233147958381, 16.681551887291484, 59.86556611735379, 69.17421370761025, 77.07028985680053, 86.86073834392757, 94.47883901658206, 94.72075423807432, 84.11391344047645, 75.50027273631129, 67.01866398564223, 60.90032271167135, 30.080268886893165, 25.333882849320474, 22.918313594185875, 23.268404950252133, 26.701136532821106, 20.44520916843146, 18.931760641288808, 19.174501611758124, 19.930360517111527, 25.145821266982335, 52.33852692343805, 50.549052299541344, 55.50705596191507, 64.08427684144765, 64.81387514844575, 62.40709313301613, 57.88626293442211, 48.75401353505853, 38.928708612131146, 40.51877350663676, 33.84407099001093, 33.900920131271455, 86.75682898753442, 76.98982578048907, 70.77698626461934, 65.78229653224403, 60.183577849867035, 55.53320638939085, 52.79588179232485, 68.23390816037323, 75.45383096777586, 79.66407521216784, 84.1918854324688, 86.73624003283435, 84.9033756176328, 75.34664954391884, 68.45402675346888, 63.11040162232903, 55.76603235881725, 67.39039238512439, 73.37981807392828, 77.83309996724834, 108.57823842333697, 113.55262344013089, 115.41686826489388, 116.56473116964676, 124.30470001868322, 123.86655055590445, 127.69426147602063, 106.28694131296605, 97.84222168465139, 89.66754608398878, 75.27418493262708, 64.93756903861997, 56.01099428198784, 46.763285883110015, 46.59267476494725], [56.668440484032736, 64.02235439985726, 71.31245268763183, 78.16222510111193, 71.08347170243796, 63.60290100528628, 56.40195627532431, 15.748143227312545, 11.323215865134472, 7.4989061027871236, 10.423637296469021, 17.67630980818635, 8.397233147958381, 0.0, 8.525747769514473, 51.943163738106705, 61.2225569840699, 69.07242173642649, 78.92698141523982, 86.59373478328313, 86.76117968038675, 75.98356521572522, 67.32560777664003, 58.824893284712495, 52.7111362261638, 24.538548986179723, 22.302894553252884, 23.370835606920558, 27.13661119342327, 32.489444666125536, 26.697452249263353, 22.998556317855325, 19.67534887974198, 16.584290841192363, 19.23027821891077, 44.08971801122703, 42.287119203237296, 47.825950809189386, 56.66126163051562, 57.88781706754641, 56.371515512766145, 52.61545156113512, 44.1105179505343, 34.34267799744913, 34.184507355628305, 25.90636569769708, 26.03184272138123, 80.48095298136474, 70.82376506219249, 65.00611146700115, 60.778697210957105, 55.91350004301313, 52.272254837075145, 51.69089037300348, 66.15289997470936, 72.44372568033809, 75.79176675457332, 79.38485040550032, 81.1930295755583, 78.80440729865154, 69.78542848766557, 63.70999740618344, 59.09806258078568, 54.05231718970571, 64.17947105017075, 69.18205979502946, 72.73883023295338, 101.2861632776408, 106.50910119564018, 108.67577199832421, 110.31125679595844, 118.45817996456124, 118.80747622056418, 123.6960941410995, 103.59446966183988, 97.53356276217559, 91.17283489859383, 78.39137923054747, 68.83123614856535, 61.01226860996513, 52.56725655641903, 51.967735925433836], [48.299211834924115, 55.65982807667992, 62.898458484290444, 69.70140690795799, 62.71235133891213, 55.264040043525036, 48.014625674738255, 7.7369808355624725, 5.982811199893409, 10.880828485093264, 17.510221719529795, 24.89492879151531, 16.681551887291484, 8.525747769514473, 0.0, 44.51296244310568, 53.49271244255666, 61.052368411576346, 70.67417358320498, 78.16906595304484, 78.2804557406708, 67.69220440785362, 59.148856889937186, 50.73259671647893, 44.77092607462315, 21.630094609830284, 22.520495550847947, 26.308603178574515, 31.86786856007402, 37.880213641197884, 32.86024838028039, 28.420031969662286, 23.316118450154374, 17.489267293228554, 16.41894520827118, 36.36699388786932, 35.214719504234445, 42.05396240703829, 50.56643663120588, 52.66632965289191, 52.95337070088745, 50.348668949155005, 42.64271486330773, 33.273669723398434, 31.32673756024644, 20.287973493161832, 19.73896532572906, 75.18884127143046, 66.22697487529939, 61.25851992903931, 58.17738955248274, 54.31649923020105, 51.78556369798479, 52.82928019186808, 66.1784340247295, 71.55890490521129, 73.92592346218646, 76.27573593962998, 76.91424629371808, 73.78171795579874, 65.95615823419797, 61.208480086520936, 57.585393307042835, 54.592634061759014, 63.106532313018484, 66.97090365151722, 69.3171342046827, 92.98366349340112, 98.38127980894804, 101.10786888015856, 103.46830455772337, 112.29352668815342, 113.83226589907682, 119.88500368189777, 102.44860252560478, 98.20406337127504, 93.17497617598781, 81.5825806506682, 72.40059282437042, 65.3711707906315, 57.1454939339734, 56.18228813266763], [18.1490479456666, 21.95844681783179, 29.235323381954597, 39.89475331370172, 33.322743361257324, 27.6328448191236, 23.975170309049382, 37.05880989466572, 41.11779497714722, 49.57317797775876, 58.06528100388906, 68.21053336607935, 59.86556611735379, 51.943163738106705, 44.51296244310568, 0.0, 10.178726082539852, 19.54119010634818, 31.763860447209154, 42.418317804321866, 43.47600604723193, 28.666810574696672, 19.550998394674707, 12.13646193505941, 7.5462427949213255, 35.01678319716661, 44.37092382427187, 54.16077253779416, 64.75572820466918, 74.6312949888509, 71.07378455610116, 62.97005269819548, 53.91525189039844, 45.60972769218146, 37.399032673905594, 10.966208151497442, 22.991678050487945, 35.360896965457805, 46.01126571650122, 52.00532940316575, 57.00601529496449, 60.27807777536592, 60.77219160594465, 57.17955584892748, 44.423175730088886, 32.968433681981374, 26.829297698683, 74.58957653635551, 68.02294956129343, 66.73092020066952, 69.18434654275842, 70.49410630751143, 73.76403176058359, 83.47600678191225, 90.39444721098663, 90.46416440441446, 88.17979225825627, 85.14999233966583, 81.39561090064768, 74.93149104537538, 72.3133292539255, 73.3293505425368, 74.48550450467735, 82.817587974034, 83.2130012438544, 81.26543333882633, 78.13539920761947, 62.8992501046604, 77.60670380254838, 87.62040075169851, 96.07895201388938, 108.38109519694603, 116.33912749372766, 128.64787941419382, 118.97942747960235, 125.99453716057812, 127.44305042952055, 120.55331468612243, 113.0321020801208, 107.50221710706232, 97.73559986816264, 90.31778874488606], [16.636391069469546, 16.9624778357533, 22.731915189242986, 33.59599551307032, 28.463484159978623, 24.714699353898745, 23.386181977905714, 46.06464085253922, 50.3089139128037, 58.89491900051445, 67.36598944325522, 77.1603460687217, 69.17421370761025, 61.2225569840699, 53.49271244255666, 10.178726082539852, 0.0, 9.573492879478257, 22.02814754557961, 33.16534081135531, 34.54864775558143, 19.388525230230016, 11.241984036387615, 8.237600797324243, 10.530937470857335, 44.57469920647521, 53.679425748153136, 63.13197059121206, 73.39052585341555, 82.91823091911311, 79.7886996965277, 71.95749985888844, 63.153480657718156, 55.08639556271845, 47.01948858657911, 19.107927829262387, 30.161936665749334, 41.478039276736666, 49.68153842464439, 56.30326491922157, 63.01064286295528, 67.21021089502807, 68.41177731277855, 65.45711587546037, 53.13759470100591, 42.3411752062921, 36.69645503057475, 76.21170628980047, 71.34552569283149, 71.37942250774923, 74.96369044500992, 77.12667529480757, 80.98142119914067, 90.94386640577353, 96.95968478252881, 96.37258479508124, 93.32248792430997, 89.11704802470376, 84.09265375351671, 77.00075492633242, 76.37139347482069, 78.86537133266667, 80.87175554668868, 90.01769126890159, 89.34289176594324, 86.49952359900078, 82.24305895952367, 54.32862863728791, 71.00486923121434, 82.97146280172659, 93.012839778703, 106.23792312309664, 116.00833933443478, 129.55337019027942, 123.47026723278184, 131.63372584760072, 133.77472190686677, 127.50210558209075, 120.08905298357965, 114.8793493707664, 105.04374195714529, 97.43297699437463], [18.052917431883223, 14.612384900097691, 17.30053971132118, 27.39107624646564, 24.385744034261553, 23.16086171419764, 24.182012266968417, 53.69428620154619, 58.23017975754546, 66.99562602505866, 75.42178734380664, 84.69252221103282, 77.07028985680053, 69.07242173642649, 61.052368411576346, 19.54119010634818, 9.573492879478257, 0.0, 12.560104080714702, 23.877901198407557, 25.468592145327136, 10.489557768945318, 6.329113695331837, 11.805974137576365, 17.528054373333568, 53.47399487763443, 62.377676339243905, 71.47777333039275, 81.26841330740406, 90.2327827433713, 87.45060923820417, 80.07313919369649, 71.59882779293683, 63.67072791696329, 55.71051551940683, 26.962498563766914, 36.96904839709144, 47.32116502963065, 52.85183376743953, 59.924086888255786, 68.30375276216853, 73.2086942284359, 74.75727054013367, 72.2702660128218, 60.74896960856401, 50.40226717634082, 45.34946881680694, 76.74777412195382, 73.71722021095047, 75.0421633444985, 79.5920951048737, 82.45043253156459, 86.69644987430931, 96.58940775938109, 101.80343332087438, 100.71826184757239, 97.03277036933798, 91.7730832301991, 85.53564302044231, 77.93685583142278, 79.28895058116551, 83.14942841127876, 85.87622388026803, 95.44034260785205, 93.88025994326723, 90.30605276941507, 85.05996884845415, 45.62662627814472, 63.50527189093332, 77.07558332637967, 88.49229060803184, 102.52397727608906, 113.9692801145707, 128.55553201698794, 126.25743102850382, 135.16832523737222, 137.88461287991208, 132.26819499692652, 125.05575235045579, 120.314840559453, 110.8031941153353, 103.65019761451731], [25.40665353514223, 19.759850898284757, 17.353723889744035, 23.247473862324615, 24.591129244079152, 26.805894745575014, 29.81747815813975, 63.56398322533771, 68.2290657261312, 77.05677541798798, 85.3361482103957, 93.88350073670016, 86.86073834392757, 78.92698141523982, 70.67417358320498, 31.763860447209154, 22.02814754557961, 12.560104080714702, 0.0, 11.76550054461445, 14.275943709141224, 7.176577450977103, 14.52683412173936, 22.431449706902583, 28.748666864455647, 64.59015158222245, 73.12865110397635, 81.66510739811382, 90.74316849661531, 98.89560122061998, 96.62983256927772, 89.90117302930557, 81.94237140622067, 74.2993580114234, 66.57969658494176, 38.13170604868858, 47.38723750121607, 56.943942438641116, 59.49495260361838, 66.90342884604196, 77.04479666640779, 82.49563129617347, 84.06597907080777, 81.8393373822302, 71.45695352030764, 61.24271227779846, 56.520621025882946, 79.59531222648513, 78.97488723850043, 81.7596225345241, 87.22321658307571, 90.67580230987593, 95.11767688956459, 104.45589392026164, 108.99656495871693, 107.56975194773841, 103.31408028687206, 96.95616050963737, 89.30963330485237, 81.22898366295964, 84.98098067388628, 90.29112905963304, 93.67478964749122, 103.15540088395156, 100.90379234302597, 96.70367768190259, 90.45978488182719, 33.746133407931936, 53.79166368155668, 70.07154235177634, 83.49699630412579, 98.69877846926636, 112.43662505924465, 128.17063643710344, 131.1077166516222, 140.25002320330276, 143.25228760130636, 138.143080733864, 130.99328025275787, 126.69346981716072, 117.37687516522308, 110.70580259969934], [32.429574400564746, 26.291765604925544, 21.0271297603681, 20.9227966534188, 26.257647070595148, 30.830481655789047, 34.96050663504793, 71.32463753858605, 76.29514695033376, 85.21868139928611, 93.31468389120819, 100.98917113683142, 94.47883901658206, 86.59373478328313, 78.16906595304484, 42.418317804321866, 33.16534081135531, 23.877901198407557, 11.76550054461445, 0.0, 4.427192998736107, 15.400828415733292, 24.134842716018763, 31.941717594718213, 38.335511516418315, 74.251931751869, 82.53626615256061, 90.61062046657733, 98.97008527535908, 106.18794997216024, 104.24237419015164, 98.27477748460545, 90.82870684631428, 83.32270926645445, 75.78410302465926, 47.34260367830069, 55.48536022123724, 64.11633978405375, 63.729284841108466, 71.26756952996448, 82.99948769877136, 88.85858183633475, 90.32649497033813, 88.4114875629431, 79.41793918832423, 69.61890731864625, 65.66310541007303, 79.72830214158483, 81.44105316229299, 85.5635803681635, 91.78710795002192, 95.74252159503368, 100.29636130016347, 108.9813122090178, 112.74469518190405, 111.02124036487106, 106.2889620535109, 98.98226337162386, 90.10085177871528, 81.72551028067964, 87.69083818118158, 94.30014226914973, 98.25747843527998, 107.51506301388358, 104.57814861942612, 99.84940749537286, 92.75968059991767, 23.24677764978817, 43.1562751298217, 61.26526797883651, 76.20530334245713, 92.25348888635281, 107.875157449791, 124.46464926793696, 132.38411141816277, 141.6110548753174, 145.01609850471826, 140.7088895616803, 133.93582356080597, 130.39830049340975, 122.01980646906983, 116.75339390488995], [31.920383485450767, 25.530646234611527, 19.349870209725076, 17.353862996861906, 23.60236681384288, 28.92978735628364, 33.64612877808049, 71.42111350300878, 76.70870814139026, 85.76411251947705, 93.85205613889757, 101.29172654008741, 94.72075423807432, 86.76117968038675, 78.2804557406708, 43.47600604723193, 34.54864775558143, 25.468592145327136, 14.275943709141224, 4.427192998736107, 0.0, 15.993886660164438, 24.629380225990946, 32.35335492023065, 38.774428014117355, 75.3722859381831, 83.75823286634403, 91.90073811104773, 100.20834813149692, 107.23554686415441, 105.14699238474887, 99.34937000171941, 91.92811706808973, 84.26877273118636, 76.65875709782065, 47.54456115363394, 54.79033137262392, 62.73577161826672, 61.28784464576951, 68.79938248974952, 80.98616138129273, 87.04161155476893, 88.66402137302121, 87.08470673698932, 78.54240293475264, 69.33627459192692, 66.08384040518706, 76.10085499338963, 78.34122898652477, 82.84932389052662, 89.3500678636147, 93.549244545451, 98.26440471772133, 107.04639070389587, 110.29182987774841, 108.31534864237967, 103.36847953762097, 95.76822450537753, 86.61319659655567, 78.18781548466711, 84.68635519880225, 91.70369526956682, 95.91220323329402, 105.43853736233036, 102.03342711179737, 97.03473156695988, 89.66870358003679, 23.87050973772971, 40.52859656751303, 57.53961993284959, 72.22742831855444, 88.10841661172972, 103.73973016576926, 120.47917169086469, 129.01432788926712, 138.7308937027965, 142.67411201873006, 139.0259095916248, 132.72653771782674, 129.7073534911495, 122.2430228992717, 118.00497843944736], [20.573558414818038, 14.055906714035988, 11.288162579204377, 18.949212196406982, 18.629228686161486, 20.775708445014068, 24.575427615090447, 60.36425907124396, 65.53656370935225, 74.60029867600184, 82.97907023589751, 91.55462394070032, 84.11391344047645, 75.98356521572522, 67.69220440785362, 28.666810574696672, 19.388525230230016, 10.489557768945318, 7.176577450977103, 15.400828415733292, 15.993886660164438, 0.0, 9.462417193852001, 18.06338581642171, 24.68476307037961, 62.43989223090057, 71.3439150030354, 80.27717849572714, 89.63878322309928, 97.91303178543792, 95.20420750083306, 88.39727554032915, 80.20440668520457, 72.16738160516759, 64.18247075712974, 33.95004720275537, 41.93227295152417, 50.646893711502635, 52.903707432978024, 60.24350808768194, 70.3938350143406, 76.07666667480484, 78.10551744016335, 76.409263721906, 66.0094557165032, 56.78869313312467, 53.12865783826714, 73.33358930082952, 72.30623356271407, 75.06381793366414, 80.68182352251027, 84.37302705930297, 89.13026414259765, 99.13172968658644, 103.07515250105456, 101.28112766019032, 96.84113020148277, 90.42317328149208, 82.9545991985297, 74.9328007766205, 78.40684179732777, 83.79086317748747, 87.37660066112704, 97.63190858581612, 94.80090693314463, 90.33009016559608, 83.99955099200446, 38.37094691973015, 54.84177517984761, 68.58763859361864, 80.76198186983551, 95.14667165400408, 107.88316937792437, 123.4341277922733, 124.79645986275902, 134.92550846305323, 138.7664228939506, 134.4854237386176, 128.0269435266311, 124.29966659771755, 116.20030664712105, 110.72639746759546], [13.182847636685786, 8.628485887903274, 11.931229184468211, 22.673265681152092, 18.51018579583333, 16.982616953482317, 18.67311401554047, 51.68428068273015, 56.85462794916611, 65.91559640713882, 74.36257758565809, 83.27231421182877, 75.50027273631129, 67.32560777664003, 59.148856889937186, 19.550998394674707, 11.241984036387615, 6.329113695331837, 14.52683412173936, 24.134842716018763, 24.629380225990946, 9.462417193852001, 0.0, 8.72283113846892, 15.315825669407477, 53.50572444772035, 62.59514975268587, 71.80231223916124, 81.48285877009926, 90.11779352018827, 87.07575573264461, 79.99189939375403, 71.5658349317217, 63.34265884292894, 55.23098416770203, 24.61476487242025, 33.10877999372354, 42.713710658223754, 47.03497137029254, 54.213318959067706, 63.273282008999246, 68.46351234862445, 70.1804813508529, 68.12046949827702, 57.167915229646404, 47.64557633049042, 43.89529324489843, 70.44180895222891, 67.64382294324919, 69.2905273976104, 74.14866989151444, 77.29295373072668, 81.7597488293963, 91.87108367206675, 96.50083761650819, 95.14282108370898, 91.23975937848232, 85.72297545279216, 79.30153162695498, 71.65951059083267, 73.31636018666116, 77.56644479590054, 80.57366628222519, 90.5352828070359, 88.42614889964548, 84.5642087312173, 79.05846816774195, 46.27249915710345, 61.136188293134225, 72.8719715872469, 83.45737752411848, 97.01916150835193, 107.98841906662672, 122.5155197156733, 120.21956222172795, 129.6546560118267, 133.02184798875606, 128.22278749339668, 121.6475608748202, 117.61000498764959, 109.45330330788981, 103.93354180058702], [8.561303496678704, 9.968902572155525, 17.117395499699278, 27.792412663569138, 21.62434613888857, 16.87663853139025, 15.18829969757698, 43.19837156845422, 48.373666447416234, 57.44057446604936, 65.91485347520667, 74.99275722050729, 67.01866398564223, 58.824893284712495, 50.73259671647893, 12.13646193505941, 8.237600797324243, 11.805974137576365, 22.431449706902583, 31.941717594718213, 32.35335492023065, 18.06338581642171, 8.72283113846892, 0.0, 6.635711857737195, 45.19048858021772, 54.36995172186377, 63.70752293615306, 73.51720507757817, 82.3046608560673, 78.99999234543027, 71.81220570953998, 63.28983466960781, 54.92630411913333, 46.747565955022154, 15.933498478347465, 25.417992184132462, 36.355922832349464, 42.6004967900741, 49.533845470665575, 57.568813019932975, 62.08957654586697, 63.13610469387742, 60.48474915437772, 49.303674461086466, 39.10726459410013, 35.18719697463657, 68.36991664676528, 64.08905068355183, 64.66214219038062, 68.64819111053028, 71.10966603003156, 75.09138870254365, 84.91683381291949, 90.4037499072803, 89.65782617079385, 86.39689629118938, 81.83064771177325, 76.39737398943676, 69.19550607399695, 69.18846512427947, 72.27177399599064, 74.59517361389523, 83.81141111094095, 82.6475585920567, 79.54152371593648, 74.93276697926521, 52.996452542169195, 66.29013267222014, 76.36541589071473, 85.56269084697472, 98.43149912087537, 107.85874733083936, 121.3201315893265, 116.10131600380527, 124.36553814352037, 127.01619154009953, 121.57559816338014, 114.80210209179246, 110.45490297317944, 102.25563287483011, 96.88959625672904], [10.73957151225378, 15.30160261066876, 22.962413025437616, 33.23989078234678, 26.322517079056727, 20.25688438176898, 16.455228340435784, 37.16823025639555, 42.24851045174209, 51.258397264783596, 59.76179375970143, 69.10470180850928, 60.90032271167135, 52.7111362261638, 44.77092607462315, 7.5462427949213255, 10.530937470857335, 17.528054373333568, 28.748666864455647, 38.335511516418315, 38.774428014117355, 24.68476307037961, 15.315825669407477, 6.635711857737195, 0.0, 38.875915826153005, 48.16448625654467, 57.67585638493516, 67.68892796760093, 76.7250499100455, 73.17218924291066, 65.78980732683937, 57.11718785504379, 48.628901037892774, 40.37414832560786, 9.479330310696582, 20.379012074429834, 32.476140937557545, 40.70803056116524, 47.23081795959436, 54.03686484732905, 57.907922628913234, 58.43971709885116, 55.27938097940642, 43.70580080861423, 32.882590567788995, 28.62814020039892, 68.1828361974908, 62.623928509199175, 62.20839526360737, 65.37635290155109, 67.21739969607955, 70.78144378699228, 80.4358599163869, 86.64328877240617, 86.38929740822746, 83.6826384984842, 79.96524004405542, 75.44725628142469, 68.68366143461016, 67.20441191261067, 69.2035309027292, 70.9060667346623, 79.53562671440115, 79.1844825537042, 76.73354220937344, 72.93940053551437, 58.80589755325649, 71.34856391935391, 80.36721280236416, 88.5728615094188, 100.85518479722194, 109.07514575691681, 121.68403922887599, 113.94103759237109, 121.34903199554667, 123.43208263701527, 117.44217243073828, 110.4932579866663, 105.82507240289844, 97.47971275476623, 92.03101249552853], [46.56936707498828, 53.21090311796737, 61.02190932465386, 70.20417933406557, 63.12712246706474, 55.85187114950419, 49.2144028808854, 19.20491191644893, 15.80176648717538, 19.0341858003684, 26.336907108326862, 38.13907593962626, 30.080268886893165, 24.538548986179723, 21.630094609830284, 35.01678319716661, 44.57469920647521, 53.47399487763443, 64.59015158222245, 74.251931751869, 75.3722859381831, 62.43989223090057, 53.50572444772035, 45.19048858021772, 38.875915826153005, 0.0, 9.676179975881029, 20.12910001102821, 31.668896734348053, 43.02435414119676, 38.57600704043549, 29.178879856842364, 19.470531762682036, 11.498626707345316, 5.374905606199051, 31.4825599568412, 35.31791521177267, 45.04514216271034, 58.52231406396983, 61.54237971498194, 60.50421988096638, 58.925660886475406, 54.47344449814669, 46.76390442071492, 37.25429206525554, 24.105953310511783, 14.681446290827516, 