{
	"dissimilarities": [[0.0, 8.398281499008588, 15.773570732093289, 22.498250391927655, 16.03801851464943, 9.010157419425092, 4.314017595396314, 40.843672594829194, 46.99041270464591, 55.37408875650599, 61.57769637515426, 68.09215725442628, 61.9930809143279, 55.8130242795242, 49.34148334639045, 19.339165988884577, 20.333062140364127, 22.59012572576266, 29.093185568164273, 34.8932283712474, 34.479752833387955, 26.452793016460493, 19.064134927906434, 13.500919441483456, 13.166882759489773, 45.59352704634317, 52.60619304293421, 61.355111042583275, 70.68551781088216, 77.50557936818595, 76.53596700599684, 69.1904461698056, 60.94565022544537, 52.68210124508634, 45.66361763575444, 18.060110621866325, 25.701165940836166, 35.12138459201204, 36.75176348718635, 46.49737142252373, 53.784445657701326, 56.70644919333202, 57.112145674181605, 54.574315901502686, 46.19131433276566, 38.360280620673265, 33.77124350267507, 63.07755459277863, 60.485104994487905, 58.85452783817341, 64.45283573747007, 66.75618181246756, 71.1963426340725, 77.76526127416228, 79.13209225554758, 79.2773638043575, 76.76297928117613, 72.121284159634, 68.64530493396508, 63.341783895163196, 64.24762673968662, 67.04054050942806, 70.11259912890051, 74.72581264377365, 71.68866282444588, 68.20704848939337, 65.16509222022951, 54.48451902292156, 59.334285233745874, 68.53608071503848, 73.38946254901332, 86.7038674030768, 94.34936305702672, 100.48396955954405, 106.7367066998267, 116.06236812377927, 117.93964972923752, 115.20747570951205, 106.86526906220925, 102.27698454586847, 96.002577051901, 94.9896830431223], [8.398281499008588, 0.0, 7.773749931731147, 15.473824936579224, 9.321502208279844, 5.502764544812997, 9.535101659836718, 49.114337572926146, 55.27383586324718, 63.60985663969587, 69.84562615138442, 76.43606828097282, 70.23420954460985, 64.01716345421863, 57.58731249128019, 22.095537432087184, 20.266967878602685, 19.001378196273922, 23.54131990781783, 28.88121849154583, 28.13371877655254, 20.146716208051103, 14.1188906644088, 13.011193373743623, 17.18299014853611, 53.00112892458924, 60.16615668448169, 69.13824113133334, 78.67604475528427, 85.70787088601467, 84.80737458925094, 77.29339011953917, 68.93312970568445, 60.59496180681537, 53.46972882173971, 24.457921232356988, 30.587895088470844, 38.46537443044644, 38.92864947574208, 49.05368697897305, 56.90993770734011, 60.67349850566515, 62.304144465710436, 60.79160938801895, 52.02051256413291, 44.940948311644284, 41.25739523778985, 63.595171853023324, 61.62327321505982, 60.89404076318283, 67.55053726455856, 70.7376948149675, 75.81322984410154, 82.98052043074019, 83.47883328098635, 82.95214258255054, 79.59399778323557, 73.98003054703678, 69.81656323262871, 64.48197142870676, 66.30924613068791, 70.18290058654529, 74.07866972217836, 79.30973569972615, 75.59329238006337, 71.20656640067747, 67.20705056677629, 49.914631771095586, 55.176613457069415, 65.28674611969677, 71.11247130110912, 84.77032480968768, 93.65483108674027, 100.96442842045742, 109.04626423877684, 120.35791011847255, 123.51019439593819, 121.80111557552638, 114.11009013631384, 110.15339768031248, 104.14053191800849, 103.04994147662022], [15.773570732093289, 7.773749931731147, 0.0, 8.271946266402063, 5.383791777049705, 9.436121376208604, 15.998861446097001, 56.494939487295774, 62.71345485719949, 71.11994682990878, 77.30563038825863, 83.69642814560193, 77.5430945857842, 71.34301292464748, 64.9314727639713, 28.595960442383987, 25.12974791595389, 20.571474200923326, 21.00299706592042, 24.073184402223877, 22.316894598426437, 17.004878610010746, 15.108653990396428, 18.54557787600904, 24.40749323188084, 60.7352050050214, 67.87728085780387, 76.78984269174221, 86.14075886863561, 92.99065171499758, 92.14146348845252, 84.85277438263681, 76.59078686885537, 68.29423279935678, 61.19908386159007, 32.15519674275075, 37.29381852789248, 43.83635012934266, 42.363107353490655, 52.518295984708, 61.07626512291118, 65.3995682588034, 67.59919598895833, 66.74304940120476, 58.54107767233382, 52.097097017215084, 48.99107591908666, 64.04659233684964, 63.0125445970135, 63.4946776394673, 71.0454883813101, 74.88709807281569, 80.20679610879836, 87.46331668607984, 87.35296680374832, 86.36034382969689, 82.2830093396614, 75.88329457986009, 70.92865116276687, 65.63667294209193, 68.5939917856819, 73.54003617895482, 78.00407979168602, 83.4513924782412, 79.37862913722293, 74.33041227394818, 69.42821020537217, 45.12942208935199, 49.424475658542434, 60.13563509683339, 66.94915094605435, 81.10206173162426, 91.4459722406343, 100.20228083279814, 110.45209321321181, 122.92062457506248, 127.04134830247314, 126.14768316811423, 119.04500782031411, 115.8723709929161, 110.30035886133848, 109.68143924679183], [22.498250391927655, 15.473824936579224, 8.271946266402063, 0.0, 8.435678061242678, 15.237921942488938, 21.826892114101582, 62.362649168758765, 68.67186484768985, 77.20802390299032, 83.24599455395519, 89.17076344997369, 83.1566422681667, 77.03146552836957, 70.67641613416107, 36.73549065682701, 32.93348945414048, 26.99435667388095, 23.746419153800115, 22.86125386665377, 19.21480482347484, 19.917807638136935, 21.76395123115426, 26.558332296151335, 32.43640479301801, 68.0270467324135, 75.03159776957874, 83.6740075690318, 92.54782031725529, 98.84392926815596, 97.98100741269509, 91.25783232002152, 83.25787076418497, 75.09045221360242, 68.13400421127413, 39.72131419917637, 44.03654455125595, 49.481104231966384, 45.47833155422618, 55.395251122368705, 64.78559931836122, 69.4159282257119, 71.62963924642409, 71.18564069487559, 64.37726538721685, 58.56936087711231, 56.04325852664866, 63.14006041068593, 63.304132349664776, 65.2400997722076, 73.50832614770289, 77.78993077452269, 83.00418308642494, 89.90257024410054, 89.38909293998259, 88.1145689246755, 83.44479816512367, 76.46595346971043, 70.65416052908375, 65.47237166111692, 69.7129471174917, 75.69619234131227, 80.48981709008316, 85.79303988827637, 81.65073860039537, 76.17177424972962, 70.44386574728816, 41.40400001298764, 42.08530975393657, 52.46981930238453, 60.05553281006917, 74.79574571220087, 86.65436275467702, 97.00484354906942, 109.63036948250935, 122.48797167285531, 127.36288235054185, 127.21973071141659, 120.79450002594903, 118.69325603565265, 113.94703572551879, 114.50117119871439], [16.03801851464943, 9.321502208279844, 5.383791777049705, 8.435678061242678, 0.0, 7.549880724548496, 14.809185791070519, 55.53348025060244, 61.925833493926895, 70.39512350429713, 76.47758241844836, 82.62622213758564, 76.27735911773233, 70.06323269653625, 63.79139836523916, 31.13464560819329, 28.810274904312056, 25.485225337633217, 26.34347101491195, 28.6144650757831, 26.119024302813212, 22.31822110986243, 20.018734508198914, 21.82762720490617, 26.268890024340216, 61.26351849547118, 68.39795138841362, 77.2553368869817, 86.60643124118491, 93.13432360201237, 92.04988335094836, 84.94436375904077, 76.67834294811651, 68.36249781486333, 61.31186210368964, 32.32079367232384, 35.679385154693584, 41.121981091917846, 38.035555328170055, 48.116486128184874, 57.09597023779787, 61.576309230150855, 63.877918737263606, 63.452372393507765, 56.07303696826957, 50.405028250145136, 48.62480219948849, 58.71816517697391, 57.855759848694234, 58.70604046707235, 66.50465382587362, 70.54385405903776, 75.88584119436509, 83.14947563417135, 82.75943826838359, 81.61354383297238, 77.33458339222476, 70.78954924777267, 65.67618815639092, 60.39441459179175, 63.619395185276815, 68.88901350058664, 73.50611690136435, 78.982060419659, 74.80498814252232, 69.57321588344992, 64.42739344161079, 48.590167754016605, 49.52353811586678, 57.708180950679804, 63.33450483475848, 76.81619572722913, 86.46214983518244, 94.89240208783974, 105.16743781520687, 118.07197562921718, 122.74761883841607, 122.57513745719673, 116.17553178759626, 113.81474471357511, 109.32859621444867, 109.93890594645234], [9.010157419425092, 5.502764544812997, 9.436121376208604, 15.237921942488938, 7.549880724548496, 0.0, 7.412388544506691, 48.07927527598849, 54.452571401357204, 62.89601624117301, 69.00642020108943, 75.27470006640183, 68.89921566586317, 62.67006696193724, 56.37198669384923, 25.788473854507426, 25.11733697543221, 24.495744500530314, 28.37874201622607, 32.49598162787943, 30.888244698810677, 24.799681612141434, 19.5460284832581, 17.802164601711922, 20.199893891817204, 53.87185980203087, 60.97917753469096, 69.81642484890516, 79.24282938321734, 85.83732214068236, 84.69591417571894, 77.47858741047708, 69.17346196341452, 60.84840167001908, 53.807607344709815, 25.140449847981717, 29.20490903908958, 35.973786734114995, 34.56055218656353, 44.67539088875795, 53.064697071086634, 56.94848295111302, 58.54021050314591, 57.38942087929327, 49.669459610253476, 43.38838892250663, 41.13996602783753, 58.290592822899235, 56.51270297172756, 56.17560448783402, 63.06308118783655, 66.40512967316569, 71.43343032840689, 78.51530577705157, 78.79918687847463, 78.17171660266816, 74.63979901667896, 68.9233733812085, 64.58563965428714, 59.25241185676936, 61.364671022947306, 65.55686869621624, 69.55794682680443, 74.74306092194236, 70.98571114154021, 66.4611240635202, 62.23245094039643, 52.54904664017635, 54.55863969309608, 62.39238861444525, 67.12939433957025, 80.2026475989614, 88.45824994853753, 95.50236493588493, 103.67272915503291, 115.21055089043807, 118.83920265130645, 117.79667769946171, 110.78727849365518, 107.69725398914828, 102.82819108912074, 103.12819954082842], [4.314017595396314, 9.535101659836718, 15.998861446097001, 21.826892114101582, 14.809185791070519, 7.412388544506691, 0.0, 40.80258823060079, 47.15315279643537, 55.631266505387764, 61.724371171837184, 67.95812456114842, 61.69310416818033, 55.493601118041006, 49.138738123214814, 23.043885141502223, 24.358660339536325, 26.274810066088794, 31.958833430097744, 36.86837883135598, 35.798870184438364, 28.99968035145843, 22.290122554915012, 17.40192197377775, 16.72022924740615, 47.22351336487768, 54.1769538907144, 62.807200222700494, 72.04169818486737, 78.4895886262266, 77.31783962688174, 70.22610686489054, 62.03090280848619, 53.78661142925076, 46.85101925349122, 19.60358433231377, 25.02435280774138, 33.383640805867266, 33.38035874737623, 43.15285527686016, 50.928253193032155, 54.00184205909325, 54.44033903529914, 52.267173418523505, 44.76643556496553, 37.69308220815737, 34.53516650543784, 58.91515939083051, 56.5045620181207, 55.22982341995607, 61.07573666447812, 63.55884412880015, 68.00241743411641, 74.54550225144997, 75.68414721366452, 75.70775542917085, 72.9994920443687, 68.22038587411043, 64.56833409107281, 59.26392247325624, 60.44215610581249, 63.553705476840086, 66.76184276616152, 71.3781723645132, 68.264219465605, 64.61502714820308, 61.334792335390034, 56.01626898490807, 58.46781736709386, 66.01057540906226, 70.0851304574924, 82.95123415170977, 90.17484695327929, 96.17092102068406, 102.61548660366711, 112.25681046256261, 114.61843888419826, 112.51509099621818, 104.78858247675834, 100.98791194777601, 95.71399356554429, 95.89393151365121], [40.843672594829194, 49.114337572926146, 56.494939487295774, 62.362649168758765, 55.53348025060244, 48.07927527598849, 40.80258823060079, 0.0, 6.602001396637008, 15.084433712405847, 20.961344513689834, 27.521225268110626, 21.255082826555228, 15.211572615106729, 8.599799001953768, 41.5440979927756, 48.81581988974994, 57.20957912571387, 66.5534021811362, 73.21415426748017, 73.49026438017984, 65.18468077834599, 56.44443736565325, 47.07858371395268, 38.87098392559661, 19.955667396803822, 22.66874468301353, 27.774290335076305, 35.61376940429534, 40.79869602086383, 38.58442674404443, 31.917159099943248, 24.612880607155958, 18.06915273784903, 14.758764604496172, 29.254195399692914, 31.63498966698213, 39.53612482016484, 46.39787089928146, 49.79906173285857, 50.82635191335564, 48.21932687459323, 41.67347814619171, 33.013459537957914, 29.653285870255544, 21.454845687297077, 15.183345815873327, 72.36912273253753, 66.96052766782928, 60.802142011708156, 59.393325641113805, 56.303949219994436, 56.51607631232604, 59.10735589614439, 65.21024398100691, 68.95009315243821, 71.50573691354839, 72.64589779573505, 73.57506436762132, 69.51618888813134, 65.20576442476899, 61.41455637717034, 59.3917201982506, 60.05671210231646, 61.16413596130588, 63.29121038756573, 66.07575443534778, 88.9841826505105, 92.05383599865092, 96.58146656412008, 96.7969598998848, 106.61938830785675, 107.34929286589787, 106.55712232708991, 101.90714915912343, 101.50893428542358, 96.69058237772272, 88.72058692686072, 77.28694912343819, 68.58567965771266, 61.558324868230926, 61.33760562260484], [46.99041270464591, 55.27383586324718, 62.71345485719949, 68.67186484768985, 61.925833493926895, 54.452571401357204, 47.15315279643537, 6.602001396637008, 0.0, 8.627183665277274, 14.597994334354496, 21.63534049157253, 15.888408252807139, 10.474320653803664, 4.690449172538383, 46.300898918544576, 53.664174339282965, 62.34605002624515, 71.87056148269996, 78.70735657440693, 79.20839404720013, 70.72138157223637, 61.940688139831714, 52.500893219519625, 44.20892990435237, 18.86171249160187, 19.308928726241934, 22.50912247035126, 29.5961031033174, 34.577590814624244, 32.208457020570826, 25.53890497582042, 18.725767008282702, 13.53455106439826, 13.000945449266528, 34.742870434764214, 37.22327907582137, 44.75695695515844, 52.23334333675952, 54.980653011612354, 55.10759827755765, 51.86095625974849, 44.681844496838096, 35.47244096591986, 32.894537190170745, 25.461674386263386, 19.12802588339291, 77.71551779283999, 72.1091769582771, 65.54839991219008, 63.28100351204631, 59.504907138242274, 59.05599910473345, 60.85894796594593, 67.64762978548545, 71.87401952906797, 75.13900667233534, 77.01307068468836, 78.4551002650765, 74.60455303263802, 69.77805950732748, 65.20141535862827, 62.49393839753985, 62.51737455595637, 64.2584476947197, 67.14680380316437, 70.62706276159322, 94.02847122653509, 97.73691043058525, 102.46904117610178, 102.59848390029407, 112.27265019682399, 112.53083265318129, 111.0997928694972, 105.12714898054838, 103.06776026198311, 96.88705484972596, 87.6185394600003, 75.26489941162365, 65.1463041152361, 57.05649761248219, 55.883042260984034], [55.37408875650599, 63.60985663969587, 71.11994682990878, 77.20802390299032, 70.39512350429713, 62.89601624117301, 55.631266505387764, 15.084433712405847, 8.627183665277274, 0.0, 6.438772765910985, 14.82680454935618, 9.917189207066336, 7.4419352124463565, 8.4060095787631, 53.3219017193694, 60.836444773759105, 69.88375997668724, 79.71463874579237, 86.81682564245673, 87.50511945282106, 78.7029889389523, 69.77433180037673, 60.21277036194117, 51.79693479395087, 20.937610336392094, 18.295467387339627, 17.955266173605644, 23.67376551496472, 28.19660497031364, 25.31066514455219, 18.480917281717, 12.907004852170386, 11.666617230903011, 15.525664842472768, 42.23189460202023, 44.05457218896029, 50.72947251917999, 58.92735328300686, 60.704352796878624, 59.55309722143509, 55.51726210243744, 47.77059721411071, 38.251925398854766, 36.585611881658735, 30.574383849390355, 25.468496335614674, 83.77592369531517, 77.80454608089839, 70.61962806837755, 67.1990860546114, 62.58926600198131, 61.39873016934448, 62.386244807503694, 69.85662949133891, 74.60348611400528, 78.76621561801396, 81.59582349102676, 83.80794223492762, 80.26552410264647, 74.65173117395273, 69.01035664053161, 65.47794810819967, 64.80679219724522, 67.24078700520889, 71.06021928551864, 75.47719968898552, 101.97286230794165, 106.1094028655598, 110.66733481762483, 110.41142254229949, 119.59494899352934, 118.90199081048024, 116.3395988770654, 108.32475077749802, 104.59409467454203, 97.00115168231784, 86.51076878887356, 73.45142519405815, 61.83317272739016, 53.01629454976116, 50.88933510377783], [61.57769637515426, 69.84562615138442, 77.30563038825863, 83.24599455395519, 76.47758241844836, 69.00642020108943, 61.724371171837184, 20.961344513689834, 14.597994334354496, 6.438772765910985, 0.0, 8.950714161249262, 6.402167766995489, 8.869612793549782, 13.207649653307055, 59.73538963705701, 67.23312956225251, 76.25128918749058, 85.98058654144296, 92.93657441272113, 93.57272802801288, 85.00055910455161, 76.149667961265, 66.62091688990216, 58.224996462007894, 26.404247359020555, 22.484544985467437, 19.333543376409455, 21.95833283038337, 24.462594259137052, 20.945031501016278, 15.98832873144698, 13.790054419702951, 16.185275707860217, 21.383656088177574, 48.63348018206927, 49.96212225105164, 55.93622702958308, 63.72960492200822, 64.7909306722268, 63.10052023344594, 58.54023609170358, 50.11832183305459, 40.412577477553235, 40.56161884309267, 35.77838900684776, 31.783656658714726, 87.27181176143222, 81.27503080408147, 73.97110005499879, 69.80745699166035, 64.59269663204282, 62.60446291326031, 62.53831662912723, 70.61674058993795, 75.83303584954842, 80.63722883087914, 84.19768097785126, 86.83052046523002, 83.55541320817456, 77.61471628538752, 71.38272360470982, 67.18438257025183, 65.7139833788966, 68.85019748952737, 73.39828245285577, 78.38811126591722, 107.60602723435146, 111.23633489661015, 115.20352392721232, 114.46308366164807, 123.18810936047258, 121.75329370263906, 118.44162232741274, 109.17212120900207, 103.61512604912953, 94.77471714944546, 83.26757758069934, 69.706327508371, 57.236565941616895, 48.45558565977786, 46.97487067624474], [68.09215725442628, 76.43606828097282, 83.69642814560193, 89.17076344997369, 82.62622213758564, 75.27470006640183, 67.95812456114842, 27.521225268110626, 21.63534049157253, 14.82680454935618, 8.950714161249262, 0.0, 8.296694220598468, 14.054778548058096, 19.39713998351133, 67.69036742409104, 75.02042981710414, 83.66252251463254, 92.87102845284298, 99.2416659800357, 99.61653983082526, 91.87650571413049, 83.36514599879416, 74.03668116087078, 65.80516498763355, 35.14843277213771, 30.908658787178602, 26.13528768384374, 24.567501081887347, 22.729605208770366, 18.595591737588993, 19.032734119079606, 20.855378807625073, 24.761049471273267, 30.05509487641225, 56.31023565704602, 57.27601548331086, 62.56820257087097, 68.87942669714397, 69.2415327134183, 67.54549818298777, 62.54896510691413, 53.11575272717589, 43.24912351523507, 46.476599942380965, 42.91584101120836, 39.94275796487385, 89.93804564096918, 84.28191539522022, 77.34909511498802, 72.60091172713582, 66.79827293913155, 63.643897012944116, 61.796328722270545, 70.68101494211442, 76.51171224841369, 81.93359410824561, 86.26568474827113, 89.09857461954559, 86.15408784628015, 80.26196403663876, 73.72168781299301, 68.77245977808316, 66.05905696048278, 70.20011697452536, 75.54259382993894, 80.9327676252114, 112.8131590649158, 114.95763435771762, 117.79488157333952, 116.3469198258173, 124.50540373375193, 122.32491169326488, 118.43229678381783, 108.31807370941127, 99.82184944707853, 89.20703673985683, 76.21924652970787, 61.888145382496276, 48.65325585829844, 40.60956333546886, 42.21960864929751], [61.9930809143279, 70.23420954460985, 77.5430945857842, 83.1566422681667, 76.27735911773233, 68.89921566586317, 61.69310416818033, 21.255082826555228, 15.888408252807139, 9.917189207066336, 6.402167766995489, 8.296694220598468, 0.0, 6.347117570948408, 12.676979587379243, 61.79870529971739, 69.33415898188056, 78.13591310590877, 87.64428858584391, 94.24431250437429, 94.49189386407667, 86.3882362414065, 77.59411741570364, 68.10743596110221, 59.72431577456178, 30.56396545425158, 27.68812789749919, 25.576336511445618, 28.02601353333734, 29.071024622453074, 25.198502590529937, 22.00277189508179, 20.03017434333134, 21.205950614649325, 25.17777202170625, 49.67551521976605, 49.563531495367044, 54.401297370053896, 61.01505327491968, 61.33582959394575, 59.511506178871706, 54.640984758872946, 45.55919992199939, 35.72079141089496, 38.18797612499524, 34.837677283195575, 33.1793620929713, 82.937963041336, 76.98470813401387, 69.7556007556167, 65.18231788595155, 59.64997019098798, 57.14082048608898, 56.496527583831906, 64.81710622948694, 70.25125280470185, 75.3184375152651, 79.28106817378348, 82.13529333056132, 79.07641075133087, 72.99870127948101, 66.52242797078472, 61.954738891999355, 59.99644274149769, 63.52059746644431, 68.45175508961651, 73.72076643099957, 108.98338711556765, 110.78525776238608, 113.21537663397372, 111.55669052569918, 119.47523341168146, 117.1163306313201, 113.1177308684646, 103.20146201758475, 97.30540846233926, 88.6652170792897, 77.80179022246124, 65.10319807588922, 54.01268541484879, 47.93107873490971, 49.91570619477847], [55.8130242795242, 64.01716345421863, 71.34301292464748, 77.03146552836957, 70.06323269653625, 62.67006696193724, 55.493601118041006, 15.211572615106729, 10.474320653803664, 7.4419352124463565, 8.869612793549782, 14.054778548058096, 6.347117570948408, 0.0, 6.642140614254262, 55.86970229045886, 63.41702873458291, 72.18068629228291, 81.73122738226395, 88.39307557318729, 88.60048299333067, 80.37416671085118, 71.5178054647595, 62.01688708492458, 53.627389081961056, 26.47696874152685, 25.01600652515275, 25.236411540751394, 30.062355195562006, 32.77906723022034, 29.34156182290142, 24.436117392306432, 20.017407748235005, 18.50938087260452, 20.840019274026933, 43.467266167417904, 43.352729492366, 48.57571464159008, 55.34996442258317, 56.234718250626514, 54.92788112700439, 50.51142694894075, 41.942976783543, 32.15123253891921, 33.2394280755223, 29.026475893830046, 27.218836083392453, 78.40284746002538, 72.45023913639476, 65.31616914093632, 61.42282580978334, 56.451415475065154, 54.71412442744714, 55.15819996451547, 62.86428368142827, 67.83725386154211, 72.2762258236762, 75.54800275420081, 78.01746225568812, 74.70766104781981, 68.91094044748934, 62.980462305143305, 59.0430198735566, 57.875499166042566, 60.70622015339822, 64.94211217216805, 69.68234211975805, 103.64296459238967, 105.55265236698088, 108.24855723219108, 106.88557166784081, 115.11711225844029, 113.33085364462772, 109.9661938607801, 101.2274161091992, 97.25860896381766, 90.01375176457968, 80.37008239438947, 68.36226602004783, 58.35766643501702, 52.453871561626464, 54.02720300365616], [49.34148334639045, 57.58731249128019, 64.9314727639713, 70.67641613416107, 63.79139836523916, 56.37198669384923, 49.138738123214814, 8.599799001953768, 4.690449172538383, 8.4060095787631, 13.207649653307055, 19.39713998351133, 12.676979587379243, 6.642140614254262, 0.0, 49.64809657368252, 57.077837217577546, 65.68224540669256, 75.12069254807136, 81.7571861952103, 81.99932181035537, 73.77979630979829, 64.9960860365832, 55.560478446582344, 47.2500753264391, 22.655522054162116, 22.75551858760307, 25.112109514222535, 31.428635872980646, 35.36279780335409, 32.508220930616275, 26.666106385456633, 20.651106963443215, 16.611074449952177, 16.826844864320762, 37.328739854465205, 38.241831194741536, 44.59735356609604, 51.41010838208714, 53.354878670719266, 53.0596390771565, 49.377852859906774, 41.547166718106745, 32.03747699992728, 31.273225441228316, 25.283866090728825, 21.685205027679057, 75.7373675335902, 70.02181600713153, 63.3015735500081, 60.46263913731535, 56.2696958472563, 55.3507463619869, 56.70286450606948, 63.77401811578516, 68.24837788244167, 71.88564768365431, 74.25001076338123, 76.04503243540559, 72.39950463145357, 67.24235895682293, 62.218998076369914, 59.08088536057047, 58.680267768162324, 60.79608937156304, 64.14667610860369, 68.05726041077082, 97.12510515444706, 99.53262851669851, 103.03192823677857, 102.35666187522872, 111.31168490477572, 110.64141711878041, 108.4246949543383, 101.50365238274284, 98.9765406066917, 92.71586207575194, 83.70450581539693, 71.82963639162469, 62.318236866535926, 55.728667549045056, 56.419076171607685], [19.339165988884577, 22.095537432087184, 28.595960442383987, 36.73549065682701, 31.13464560819329, 25.788473854507426, 23.043885141502223, 41.5440979927756, 46.300898918544576, 53.3219017193694, 59.73538963705701, 67.69036742409104, 61.79870529971739, 55.86970229045886, 49.64809657368252, 0.0, 8.133430141035143, 18.511226198451517, 30.657829440626514, 40.670796066177274, 42.91260813663221, 29.663932700302748, 19.584780485181852, 10.523429367220645, 6.475534858740472, 37.17169626959009, 44.39296916840717, 53.93326249816307, 64.61720311526047, 73.55524298463544, 73.07361593404852, 63.86679323086514, 55.07278265631003, 46.83521976599971, 39.69911770829672, 14.810966958570567, 26.561002635235614, 38.00238047300618, 46.92641400306575, 55.769881736311454, 60.06507975202068, 62.253464194729, 63.2397654967116, 60.000656321795255, 47.28460304290457, 37.70980652561418, 29.606118289438538, 77.39811542525052, 73.16227010216497, 69.11660908002274, 73.15488860958598, 74.66742406727569, 79.43754046130961, 86.82099311040692, 88.71134163576258, 89.14847044441271, 87.63463542488664, 83.87521431955571, 81.89758964292491, 76.72193039975136, 75.52157202166937, 76.36036933805171, 78.88633061006557, 83.91835124500683, 80.87100236247423, 78.13113451005573, 76.58655642050904, 61.74615149607704, 74.31891073810597, 86.71410135980254, 92.43525837123592, 105.66930611051494, 112.5910385484732, 117.21159549395394, 120.3184383555508, 129.67396916987587, 130.26999472104532, 125.90310154036216, 115.91969583565225, 108.39242630046635, 99.02862781905057, 93.1460846763952], [20.333062140364127, 20.266967878602685, 25.12974791595389, 32.93348945414048, 28.810274904312056, 25.11733697543221, 24.358660339536325, 48.81581988974994, 53.664174339282965, 60.836444773759105, 67.23312956225251, 75.02042981710414, 69.33415898188056, 63.41702873458291, 57.077837217577546, 8.133430141035143, 0.0, 10.68412878554171, 23.115133593329915, 33.640209172906545, 36.4237177889403, 22.482819755419825, 12.923719494209823, 7.336557484779154, 11.202134703686259, 44.700295004812226, 51.732726764937546, 61.04064007477213, 71.29264541157535, 80.11611029319812, 79.86851203597342, 70.944999734338, 62.39142140156161, 54.31193514040044, 47.287126897296744, 22.070801938038997, 33.04634105774704, 43.6859803644141, 51.09267185668325, 60.47319441935716, 65.58376654777383, 68.35145716540715, 69.83241750430737, 67.01539205717584, 54.63184872417871, 45.403573326827015, 37.55729452172219, 80.23193541375127, 76.67690398601385, 73.5447438310981, 78.46033775610432, 80.55994287427593, 85.60153169311691, 93.10482129420222, 94.59020565529863, 94.67906375746261, 92.55374104999159, 88.07164307145429, 85.38731543175918, 80.12773463928711, 79.85328876934275, 81.62135519986259, 84.66850568163666, 89.93280355779895, 86.57106902697, 83.23232881203732, 80.89017531973744, 55.14685704656082, 69.72300254645832, 83.93914080829995, 90.97697316711796, 105.01770338627271, 113.49052555929394, 119.52379229147559, 124.56238926923062, 134.70144587752324, 135.83457481151171, 131.7458933173315, 121.82484938355994, 114.55592458122811, 104.91069783984425, 98.74029701664534], [22.59012572576266, 19.001378196273922, 20.571474200923326, 26.99435667388095, 25.485225337633217, 24.495744500530314, 26.274810066088794, 57.20957912571387, 62.34605002624515, 69.88375997668724, 76.25128918749058, 83.66252251463254, 78.13591310590877, 72.18068629228291, 65.68224540669256, 18.511226198451517, 10.68412878554171, 0.0, 12.563750115653768, 23.412800059506186, 26.643387394327494, 12.223672895889884, 5.515032145390815, 11.16521233328171, 19.357714068711754, 54.671369233221085, 61.57713287245111, 70.59875593346925, 80.24180082889423, 88.59341261036481, 88.49341904137516, 80.14848962818594, 71.88303621563449, 63.897333102858646, 56.93312191591285, 30.828871686270332, 40.8486166287579, 50.46376711744335, 55.279747491441384, 65.17965118460937, 71.50967708651602, 74.94604501176134, 76.81340842765519, 74.5122965196792, 63.09002248689694, 54.36764973029415, 47.115762884786236, 81.85906155307559, 79.37806404110009, 77.65571913454404, 83.69748190508813, 86.51445351276834, 91.75546014961068, 99.21563744860832, 100.19097322963704, 99.86562058050507, 96.93629389053898, 91.55771376952096, 87.87106944290802, 82.55485929267962, 83.63834015061205, 86.69203094384541, 90.3499898725564, 95.75954147198436, 92.09135236235662, 88.02704392221402, 84.61138964926084, 45.59021237757027, 61.65062718781123, 77.77717915802867, 86.37141486359631, 101.35036157279056, 111.82495243488603, 119.7799496285387, 127.56322255070039, 138.519054592705, 140.44952063784586, 136.9393280345926, 127.37642316328171, 120.8863696356679, 111.46969688811389, 105.8452883702711], [29.093185568164273, 23.54131990781783, 21.00299706592042, 23.746419153800115, 26.34347101491195, 28.37874201622607, 31.958833430097744, 66.5534021811362, 71.87056148269996, 79.71463874579237, 85.98058654144296, 92.87102845284298, 87.64428858584391, 81.73122738226395, 75.12069254807136, 30.657829440626514, 23.115133593329915, 12.563750115653768, 0.0, 11.228289651871691, 15.48429359537725, 4.358737335915185, 12.539144131633789, 21.878993952540007, 30.349905248843218, 65.73877982543301, 72.43479444649634, 81.032798027062, 89.8501057098143, 97.52435210045563, 97.59300634301161, 90.04091074598277, 82.19740666237362, 74.39642831315795, 67.58241019505729, 41.59728448291329, 51.04226522928428, 59.84152864928097, 61.90520396096417, 72.06091047484412, 79.58451673548214, 83.49064895038268, 85.37495702680938, 83.36725717114403, 73.29610568103898, 64.95112010005914, 57.969259260859126, 85.01453203104398, 83.83718815901857, 83.70574685982623, 90.72998161031462, 94.10277979049711, 99.29807542458, 106.38981192804765, 107.01845646130883, 106.40825980067231, 102.76540871919033, 96.62085202862572, 91.8735136487684, 86.57704535853628, 89.1456673891242, 93.44946103405745, 97.54449264804622, 102.84390661323344, 99.07766973307842, 94.45749382070633, 90.02477192748943, 33.812818611090336, 51.838525501771144, 70.57885613649826, 81.16669533611143, 97.32350670837548, 110.23261175765992, 120.47680219047096, 131.38157460790785, 142.56730499905868, 145.0679962199032, 141.95915957378205, 132.69023242821646, 127.03245178675589, 117.85955402513545, 112.9781784624211], [34.8932283712474, 28.88121849154583, 24.073184402223877, 22.86125386665377, 28.6144650757831, 32.49598162787943, 36.86837883135598, 73.21415426748017, 78.70735657440693, 86.81682564245673, 92.93657441272113, 99.2416659800357, 94.24431250437429, 88.39307557318729, 81.7571861952103, 40.670796066177274, 33.640209172906545, 23.412800059506186, 11.228289651871691, 0.0, 5.920089013688225, 12.138305988492709, 22.080653026978183, 31.158502169566155, 39.311695506869476, 74.45748728598834, 80.99444625180887, 89.21109141711186, 97.29779667951308, 104.18209562205107, 104.28033441321374, 97.54453077885337, 90.07565767002627, 82.42135473756201, 75.74942588357364, 49.967896972798094, 58.77993817630816, 66.87953479798055, 66.42458524313513, 76.57089109425128, 85.08653390189936, 89.25847683852874, 90.93311404919243, 89.13551302083047, 80.60094212285978, 72.68749804368441, 66.16564711675832, 85.99497303860309, 86.02050624001221, 87.3134166244802, 95.02998555863614, 98.76128819566021, 103.74411175701937, 110.30642742620277, 110.69946683156138, 109.92270637642963, 105.75169373869038, 99.10135589641986, 93.478245919267, 88.27427496886561, 92.12091223001977, 97.42509365432392, 101.76319444319661, 106.79036464453499, 103.0774745392983, 98.1146363204183, 92.89718497376327, 23.83666613649703, 41.66709006019999, 62.32590766760151, 74.48073417346637, 91.55068422612946, 106.4440438735188, 118.61118229937387, 132.18144841933673, 143.19561460263665, 146.15942464762404, 143.51100164292018, 134.7155033233358, 130.09593596353096, 121.61402995204868, 118.05275938479564], [34.479752833387955, 28.13371877655254, 22.316894598426437, 19.21480482347484, 26.119024302813212, 30.888244698810677, 35.798870184438364, 73.49026438017984, 79.20839404720013, 87.50511945282106, 93.57272802801288, 99.61653983082526, 94.49189386407667, 88.60048299333067, 81.99932181035537, 42.91260813663221, 36.4237177889403, 26.643387394327494, 15.48429359537725, 5.920089013688225, 0.0, 14.879280523262208, 24.18225228777793, 32.85782140183617, 40.733969287018354, 76.22997345882736, 82.83932001968515, 91.05130275426897, 99.08345663704377, 105.60280718224587, 105.51818343129978, 99.04192730880277, 91.5695371841103, 83.83717186781196, 77.12955747100779, 50.769332566687275, 58.64139634569336, 66.04598261355842, 64.14266766953966, 74.19527629967828, 83.18332145086158, 87.53267772533198, 89.24965574169636, 87.78823321221527, 80.08437840249309, 72.6951319997891, 67.037720844992, 81.92900876278908, 82.45174273893817, 84.39677501979318, 92.45304197896427, 96.41850711668755, 101.36740965342196, 107.79776593498073, 107.91902716477252, 106.977054958011, 102.51342207355076, 95.61578911266677, 89.63609165492771, 84.49565340311287, 88.89319968532295, 94.68724504538635, 99.19953825172004, 104.17837375378369, 100.40198424012199, 95.2174491175565, 89.61967112857847, 23.811937394286254, 36.84129565073938, 56.594377457081904, 68.67980537410727, 85.73805438877177, 100.92201468110684, 113.53962736349591, 127.99381023921597, 139.3280281008053, 142.8652758464908, 140.90558926966295, 132.77145986177788, 129.0476688045357, 121.56929090407321, 119.31448069107383], [26.452793016460493, 20.146716208051103, 17.004878610010746, 19.917807638136935, 22.31822110986243, 24.799681612141434, 28.99968035145843, 65.18468077834599, 70.72138157223637, 78.7029889389523, 85.00055910455161, 91.87650571413049, 86.3882362414065, 80.37416671085118, 73.77979630979829, 29.663932700302748, 22.482819755419825, 12.223672895889884, 4.358737335915185, 12.138305988492709, 14.879280523262208, 0.0, 10.376567912514956, 20.12680504254923, 28.73160765860685, 65.1734845566115, 72.05217815650776, 80.83761109309604, 89.91596747917795, 97.53583454522276, 97.4051375617023, 89.7824441724063, 81.75665981062949, 73.77709247005485, 66.82651841867931, 39.696755316183385, 48.284442175112574, 56.566624923949576, 58.092117938443394, 68.25619565491904, 75.94046298836716, 80.02404597976603, 82.17260050499256, 80.51817729992187, 70.59188789900989, 62.65258245136539, 56.507841595996425, 80.88318960151376, 79.73953226078207, 79.74094433788335, 86.9512517088396, 90.51693334519683, 95.8531024475895, 103.11917468873217, 103.48129628015054, 102.70031712235395, 98.88459140439316, 92.5861560592372, 87.77488001535981, 82.48861919149931, 85.16008127911498, 89.65962948828111, 93.93012743803791, 99.37810399265521, 95.44085112831746, 90.6299339026071, 86.03386183026478, 35.71517403271907, 50.99330245089928, 68.33592933216372, 78.31633604006201, 94.0634765792387, 106.55993643113521, 116.57424944442965, 127.45690783887183, 139.26296217040812, 142.28287066547014, 139.7744012122228, 131.02700409462997, 125.91233680058241, 117.4936729830151, 113.42834332424734], [19.064134927906434, 14.1188906644088, 15.108653990396428, 21.76395123115426, 20.018734508198914, 19.5460284832581, 22.290122554915012, 56.44443736565325, 61.940688139831714, 69.77433180037673, 76.149667961265, 83.36514599879416, 77.59411741570364, 71.5178054647595, 64.9960860365832, 19.584780485181852, 12.923719494209823, 5.515032145390815, 12.539144131633789, 22.080653026978183, 24.18225228777793, 10.376567912514956, 0.0, 9.981656124571614, 18.720320015434215, 55.69550824345272, 62.76987107459327, 71.87690064736393, 81.56856838249924, 89.58672675276038, 89.2611546294942, 81.1084015676877, 72.75078628279391, 64.58882257053766, 57.494768204899046, 29.79408059658, 38.69380223098522, 47.65711321243473, 51.148744037768104, 61.17856564317606, 68.03495917928032, 71.73988748676693, 73.79121125479811, 71.89801347009261, 61.09319421715027, 52.90621995357923, 46.77220016405098, 76.83355260422046, 74.6349586772452, 73.37575816945836, 79.80831487167843, 82.91463689322546, 88.2461959629544, 95.75255499128191, 96.41577448896129, 95.89182188966717, 92.66007433851414, 87.005528790279, 83.03855575943749, 77.71993238825232, 79.20569549258754, 82.71395469605012, 86.61282449916396, 92.10416845679197, 88.27922524638348, 83.93306704016534, 80.15317979835993, 44.97692706326092, 58.29430876342159, 73.17442658455235, 81.32567334087747, 96.04839024966742, 106.42280537646558, 114.50255293082665, 122.81750625832764, 134.3057638174649, 136.85954718618873, 134.07605266423266, 125.17212354293297, 119.54318647827428, 111.15378630995342, 106.86265428992567], [13.500919441483456, 13.011193373743623, 18.54557787600904, 26.558332296151335, 21.82762720490617, 17.802164601711922, 17.40192197377775, 47.07858371395268, 52.500893219519625, 60.21277036194117, 66.62091688990216, 74.03668116087078, 68.10743596110221, 62.01688708492458, 55.560478446582344, 10.523429367220645, 7.336557484779154, 11.16521233328171, 21.878993952540007, 31.158502169566155, 32.85782140183617, 20.12680504254923, 9.981656124571614, 0.0, 8.74987143724872, 46.04430575955472, 53.24152293025357, 62.520798454683074, 72.58668760211525, 80.7755148302765, 80.26527278856204, 71.81408373131961, 63.25385181043719, 54.972637044059994, 47.79600405647353, 19.97501025959248, 30.02265567060264, 40.21477670455785, 45.64464460565925, 55.3360774522768, 61.33804256114895, 64.39615698263506, 65.8474589290324, 63.37052145936893, 52.098782458073025, 43.40055223016703, 36.84668566085281, 73.76282940204503, 70.63010869404988, 68.16192836340242, 73.58235059832775, 75.98190345868397, 81.01437000960622, 88.39856623209536, 89.62630766161345, 89.56394476370917, 87.0951775721272, 82.31182287593313, 79.20838952673876, 73.91120156106952, 74.21846072008024, 76.58515841322313, 79.8612674170472, 85.09323700527159, 81.6504646932504, 78.0248935456965, 75.21748755060071, 52.954821841036114, 64.47099042843354, 77.31275533761107, 83.8645006281229, 97.73702461002487, 106.20385067782401, 112.52528856340076, 118.38691266434368, 128.77805012087967, 130.4994512102393, 127.14721524137241, 117.93392946555024, 111.75926125859131, 103.37387494847802, 99.06432005663255], [13.166882759489773, 17.18299014853611, 24.40749323188084, 32.43640479301801, 26.268890024340216, 20.199893891817204, 16.72022924740615, 38.87098392559661, 44.20892990435237, 51.79693479395087, 58.224996462007894, 65.80516498763355, 59.72431577456178, 53.627389081961056, 47.2500753264391, 6.475534858740472, 11.202134703686259, 19.357714068711754, 30.349905248843218, 39.311695506869476, 40.733969287018354, 28.73160765860685, 18.720320015434215, 8.74987143724872, 0.0, 37.749213305168, 45.06091404799261, 54.476790068312035, 64.86726288366758, 73.1446638774617, 72.43239630588845, 63.74495655467727, 55.003963249258355, 46.60668839199757, 39.35284142264481, 11.506761663494641, 23.27947166168008, 34.75169155273098, 41.99931366767796, 51.102512366057084, 56.18039460810924, 58.50243991748434, 59.21946751309744, 56.0865638619369, 44.507081486907886, 35.226970945814486, 28.11138936926035, 71.81483957139145, 67.88808579893045, 64.33241152213854, 68.68456986941355, 70.33090209027247, 74.9786775648508, 82.13539172922621, 83.94863238774623, 84.3653397945055, 82.66448795518158, 78.77372339414559, 76.49673505314321, 71.28382575793812, 70.49649269351974, 71.73241095746711, 74.33523676250157, 79.22432988211645, 76.22333817375979, 73.3637414033404, 71.52924680962397, 60.18381631331388, 70.18067658819692, 81.29923489476084, 86.48911394883113, 99.55356396080032, 106.3459828443777, 111.10813537139582, 114.75586481220222, 123.98086548665923, 124.88244271748982, 120.98271516118842, 111.49889481498175, 104.84842273644655, 96.53739267264932, 92.33644479734457], [45.59352704634317, 53.00112892458924, 60.7352050050214, 68.0270467324135, 61.26351849547118, 53.87185980203087, 47.22351336487768, 19.955667396803822, 18.86171249160187, 20.937610336392094, 26.404247359020555, 35.14843277213771, 30.56396545425158, 26.47696874152685, 22.655522054162116, 37.17169626959009, 44.700295004812226, 54.671369233221085, 65.73877982543301, 74.45748728598834, 76.22997345882736, 65.1734845566115, 55.69550824345272, 46.04430575955472, 37.749213305168, 0.0, 7.57269447197766, 17.576668008091577, 29.721167622099976, 39.486682022636046, 38.491616477565344, 27.85149313034303, 18.568121556484947, 10.79609572348328, 5.887695910376658, 29.841736951783773, 35.45344845388715, 45.09697175728252, 57.03990162067731, 61.264123545532875, 60.77908262520681, 58.57482057061779, 54.407106858249726, 46.88060827646368, 37.17187010292652, 27.341437619432686, 15.44702655623059, 86.916371599908, 80.722