{
	"dissimilarities": [[0.0, 7.382334526808573, 14.827011241376594, 22.872223969395826, 16.538481399305105, 10.374767236498464, 6.40999631062187, 42.22198380454666, 47.0063071646359, 56.394799666589805, 64.70468587011281, 72.6594314102561, 65.08491946817753, 56.835058746676545, 48.41013528579149, 19.3974290182617, 18.18161624122842, 19.356185944255163, 25.99232447365191, 32.24290957591373, 31.608608206211052, 21.206950412122673, 14.177959290453616, 9.82151827832388, 11.786564395622715, 46.71309720857949, 55.63460715459351, 64.74833914692894, 73.74455803813406, 81.69384458516215, 78.20008904273584, 71.84829367854368, 63.906997555116554, 55.25834970210908, 47.50761093057921, 19.900194209904615, 24.5453267876748, 35.01273691834665, 37.2583840173341, 43.75213791668372, 52.549260981404466, 57.40847496594057, 58.21771867262109, 56.28092948970598, 47.16366759981752, 37.28668712679559, 35.236918120189145, 60.77836648775487, 55.25023602594134, 56.76670616296714, 62.0683149512134, 65.52429542705242, 69.36535330438281, 78.12123363174653, 84.79136680676015, 84.99573473366698, 82.66904400460571, 78.90918022594222, 71.97368549164189, 60.462709551799186, 59.42000404429193, 65.09034356722691, 68.140178766255, 76.75970470764032, 78.92088673757718, 74.71672602721466, 71.80181272846056, 51.12414868501512, 57.75421073508819, 66.96749605768508, 74.71592844562214, 86.82382973389561, 102.6406911435267, 106.05847732898965, 109.57190776061543, 116.85556890253828, 123.22798240015683, 115.9965985755604, 109.00150559739798, 105.15522727315243, 98.82479671447415, 95.8356886073266], [7.382334526808573, 0.0, 7.978064069223435, 16.821440051036685, 11.431300108344852, 8.424740278338438, 10.457044216047096, 49.58284439318771, 54.33581265219922, 63.64579660455961, 72.02937045746152, 80.02240046963912, 72.44545648381592, 64.18062258119136, 55.77440267506325, 22.839468598124448, 18.29405134041995, 16.029214858320447, 20.449023101483895, 26.08377952986425, 25.169491391464327, 14.847151155467502, 9.845832039334717, 10.846800374757894, 15.884237577910843, 53.308459729860495, 62.35021386842573, 71.54564447900474, 80.69182077090554, 88.74408035749906, 85.36706092317922, 78.8987745716417, 70.84317089832363, 62.2484365703709, 54.36696152347868, 25.87243629619586, 29.961860400128728, 39.091740522845974, 40.19199277146916, 46.90180673782479, 56.409154355177016, 61.94361335101278, 63.65962200887588, 62.39202430356388, 53.036276879533695, 44.081159156804965, 42.11860111755078, 62.029714010427575, 57.52620453862026, 59.945923287188606, 66.04435047118115, 70.17030071401325, 74.61043903133358, 83.92940791651665, 89.64422926873675, 89.10248533563612, 86.10682355912982, 81.48538066171253, 73.71013439313187, 62.20598360391241, 62.32374930089361, 68.9811313956163, 72.79094422882316, 82.39018167541131, 83.52592639352527, 78.40943529173347, 74.54045090089019, 46.18017407491329, 53.64329706572168, 64.01426512291764, 72.88335469186619, 85.58483582993765, 102.58986710752073, 107.07312944510896, 112.48360223421066, 121.34713705477252, 128.58859466744698, 122.13135263449368, 115.48500608969523, 111.97291759063756, 105.76410882922636, 102.54377280223048], [14.827011241376594, 7.978064069223435, 0.0, 9.222573782248048, 6.3257861837204885, 9.883932228001667, 15.591293136284945, 56.73786771808969, 61.712757240363516, 71.18888560690257, 79.40607257714304, 87.10934179222988, 79.65088706128937, 71.3998418033055, 62.95234767066183, 30.305014264916505, 24.42738831196952, 19.525474832250946, 19.439955935398412, 21.945894944598844, 19.921873330617803, 13.463992380756682, 13.711066434388394, 18.132495754696702, 23.66153345700673, 61.25207976161587, 70.26965329497531, 79.39348819005274, 88.3407044883321, 96.03585132926854, 92.76854979823523, 86.57658174473279, 78.661277297844, 70.05371200456949, 62.233985036200096, 33.53247302695876, 36.33982446307898, 43.737942426811735, 42.429230343594185, 49.034525462523575, 59.621395760599285, 65.81571381968448, 68.1559997616374, 67.6965157716327, 58.99217962325081, 51.123021256798545, 49.810515439598184, 60.79244445886871, 58.068461023224046, 61.75354433703772, 68.69224215097505, 73.47249539748772, 78.38392515406987, 87.88977760533848, 92.44196809969928, 91.17737002695233, 87.45904762781446, 81.84417018339367, 72.97074900673564, 61.560611233321694, 63.48024427466719, 71.26107399829677, 75.8871748170417, 86.16043672484159, 86.07405273446591, 80.0169090939168, 75.00595512027466, 41.81886843778934, 47.768648996580225, 58.202716471565786, 67.83602802390341, 80.9858358025164, 99.07458102370296, 104.7852834308288, 112.80995284266292, 123.11153940516311, 131.25020770138462, 125.93908996816174, 119.9420766700808, 117.1754155000649, 111.80772080136204, 109.39178236162168], [22.872223969395826, 16.821440051036685, 9.222573782248048, 0.0, 9.15892337801895, 16.116274578248508, 22.21815467325001, 63.565967932111484, 68.74897062778672, 78.44580867384106, 86.32582646511655, 93.44166711139682, 86.37329775838083, 78.24431598455844, 69.7387144710374, 39.4413742117912, 33.256683021103235, 27.205986860530647, 23.286154809814803, 20.907968343773625, 17.34755739550355, 18.67849355355407, 22.137564894680473, 27.222856790096756, 32.695828641764166, 69.55537871050439, 78.37282638592303, 87.19194033123834, 95.59612229302554, 102.5339181513172, 99.5046109227516, 93.91943123705839, 86.4032930852145, 77.85705014798762, 70.27521568855397, 42.16221288775409, 44.06975385581993, 50.17516999131968, 46.07454484385857, 52.233967115087, 63.97270717921174, 70.5937358043653, 73.02969351561482, 73.20820265112337, 65.8018309157113, 58.5998719512712, 57.86818000368225, 59.221145823197936, 59.13126367102135, 64.26107355788398, 71.86064839384333, 77.07221500539919, 82.11911167814826, 91.14237074551419, 94.67840045921245, 92.96387626249658, 88.64293795315639, 82.06808412757879, 71.88543901884142, 60.668220009139525, 65.0054293299523, 73.8032316059555, 79.07176172912847, 89.29718966912885, 88.15193554026375, 81.39557863448145, 75.22808539735881, 37.46095846095722, 39.68877293012188, 49.80841382525039, 60.325268680481884, 74.23894250659573, 93.491219340443, 100.8781231903525, 112.44420242780843, 123.4749760660131, 132.00888802549653, 127.8177837217661, 122.4475800322852, 120.55629300178741, 116.22934835517059, 115.10441868757641], [16.538481399305105, 11.431300108344852, 6.3257861837204885, 9.15892337801895, 0.0, 7.626514952328947, 14.71894920874466, 56.51105164661101, 61.9356529398508, 71.66381041842295, 79.57999089754176, 87.03054788207521, 79.40711921103096, 71.12990173991437, 62.74792718895128, 33.451107061864214, 28.926728731251348, 25.19003428772244, 25.65052508900629, 27.113130288191922, 24.426630644424044, 19.530561852970976, 19.02004594521309, 21.82123988860892, 26.34765243491431, 62.76460854439965, 71.77578037817449, 80.97490771816688, 89.76568335705069, 97.14195780041568, 93.62815424160334, 87.72741677121374, 79.92685475716357, 71.10098873588387, 63.41116837656166, 34.54344074624492, 35.29097032426692, 41.02334262819037, 37.69860988359395, 44.11745114654479, 55.34736439042071, 61.871587309639985, 64.52339811476338, 64.74273691251327, 56.894559453564746, 50.37695947338812, 50.365857864601196, 54.63407360350006, 52.33412925068331, 56.555324299737634, 63.8654051726437, 68.9763468083592, 74.1643278064095, 83.92957388107324, 87.64279821045832, 85.95367556298797, 81.92159382760403, 75.96832973415337, 66.85350615127818, 55.502949560722136, 57.94556343998113, 66.19904293084429, 71.24664808515628, 82.04203880885228, 81.14670628904038, 74.61701236225447, 69.19315464627255, 45.65699787258467, 47.82398712719613, 55.3127674098617, 63.64870829139842, 75.89578870363086, 93.54569962749585, 98.81862016777583, 106.9132137141269, 118.02131828824878, 127.10034632944541, 122.79356097692421, 117.63466356519746, 115.66159140416069, 111.71544527161146, 110.85607985892518], [10.374767236498464, 8.424740278338438, 9.883932228001667, 16.116274578248508, 7.626514952328947, 0.0, 7.443025767559726, 49.060776961665965, 54.51496280542525, 64.22597900762315, 72.16629818037127, 79.7831594195993, 71.9706976089308, 63.65157163293075, 55.310512913664745, 27.85441667899112, 25.305680211115035, 24.050199736906322, 27.78644268314629, 31.549554701389038, 29.607859280467558, 21.65906696354619, 17.662683857887114, 17.268343671813632, 20.40484269862517, 55.48915462252131, 64.49334834002124, 73.76826629399295, 82.65097131959418, 90.20853435111215, 86.49122399785173, 80.46990167860106, 72.60527075722354, 63.69911590153977, 56.0286490262672, 27.347554479261998, 28.037538455972626, 34.828081153225135, 33.13269418084755, 39.71269676229531, 50.1900274276462, 56.19928245544611, 58.30761772474795, 57.96525497761749, 49.80504859364908, 42.77702070042029, 42.835026051090594, 53.66904129414928, 49.51232329786133, 52.56035324024637, 59.15019610741981, 63.715150692564904, 68.53082933789074, 78.22771474814866, 82.87444374271158, 81.80690848322752, 78.42722132515554, 73.41208070738679, 65.38257670347896, 53.902181724873046, 54.54374780557987, 61.79792207124433, 66.1548819504758, 76.4706079612707, 76.56642384662406, 70.85262892551468, 66.50232119175377, 50.48197009847147, 53.36445673449048, 60.18894108741158, 67.38136231355416, 78.89176934666473, 95.22646544000746, 99.06848999135964, 104.44529188270153, 114.29700620395042, 122.76905024199557, 117.63776247863487, 112.11831304464849, 109.69881125970494, 105.47560318451607, 104.47725498218962], [6.40999631062187, 10.457044216047096, 15.591293136284945, 22.21815467325001, 14.71894920874466, 7.443025767559726, 0.0, 41.82002360959838, 47.21843380405684, 56.970389646519735, 64.86312771445355, 72.42033424634259, 64.73554759033868, 56.46037584519073, 48.058346583049506, 24.29994635990526, 24.06790820099597, 25.057662596912927, 30.67043405279009, 35.513013520184025, 34.13450591487407, 25.29913061848142, 19.285553112269767, 15.619588100546187, 16.658099699661392, 48.83304435485891, 57.633958792509304, 66.71179054097531, 75.37389905139393, 82.79573156726237, 79.08148256259163, 73.19583069569524, 65.5007174463007, 56.64333095466756, 49.14345881053977, 21.837446118071796, 23.37821030203839, 32.06121778891504, 31.961882248147354, 38.32726773578397, 47.98199721229343, 53.17024878164736, 54.11397914188168, 52.850828700594406, 44.87831825453044, 36.46212479733673, 36.176917634775826, 54.38298155488096, 49.21751413560407, 51.220197787449955, 56.85751195870488, 60.5941092110478, 64.64044236617804, 73.53392430755454, 79.4765894991549, 79.37891420461905, 76.80602541180438, 72.77964817184088, 65.61759933677484, 54.085284123645046, 53.51235702139338, 59.6043024994868, 63.02327202354531, 72.01836304991303, 73.45946848540102, 68.87555894623529, 65.62325491899576, 53.632035036964034, 56.92480205135685, 63.63052855894709, 70.15797838780095, 81.45340992229589, 96.74590678597801, 99.75758839421536, 103.41293874833772, 111.22749572139742, 118.3963987555886, 112.14263776669404, 105.98754288150462, 103.01998312135173, 98.28740682887083, 97.17416964403537], [42.22198380454666, 49.58284439318771, 56.73786771808969, 63.565967932111484, 56.51105164661101, 49.060776961665965, 41.82002360959838, 0.0, 6.695941039805832, 16.474906921633064, 23.312276571091484, 31.350202724030748, 22.946887567768094, 14.689221723935887, 6.260821620799143, 39.427756199235496, 48.31766154705918, 55.72439071909482, 65.24630594274741, 72.5298292418386, 72.52784250165604, 62.04133813569874, 53.47807021830335, 45.04136890681035, 39.114538271738574, 20.484312181083848, 24.19183245530233, 30.771769722242027, 37.55792951683171, 44.55973710538224, 39.42185909071689, 34.20056239236592, 28.032294372341717, 19.84183085320916, 16.918123202117812, 29.045559863159482, 29.895708164237053, 37.74695011002428, 45.58702019054556, 47.609828855954575, 47.67899165330087, 45.91806950984983, 39.444345658302375, 31.60421882879347, 28.05768914770753, 15.038987522095232, 14.573751083806597, 70.16315973386439, 59.97340095190395, 55.392379581246544, 53.78969479773178, 51.46235578226599, 49.83032489700194, 52.92782310971635, 66.31599143133697, 71.7123830434591, 74.28326452105641, 76.70257915281873, 76.24473499252696, 67.27727933503638, 59.27380859998933, 56.87353517101775, 53.649274551332574, 53.27773099190832, 63.23384800045321, 66.1713324741265, 70.11737269554553, 87.62390655428058, 91.37516383827007, 95.41305002385774, 97.64596633222958, 105.5416675822337, 113.94079862109884, 110.88582809896569, 101.79539044077833, 98.68648243966048, 99.0695621285825, 86.42689790815335, 77.11779667911897, 70.44842059086827, 63.31350612807381, 62.25279653677764], [47.0063071646359, 54.33581265219922, 61.712757240363516, 68.74897062778672, 61.9356529398508, 54.51496280542525, 47.21843380405684, 6.695941039805832, 0.0, 10.109702821464191, 17.722068540055165, 26.52876428800348, 18.475675254581468, 10.826578695229346, 4.351126354270812, 42.327013896802136, 51.41242426684407, 59.10649507651589, 68.77277366167777, 76.37392846221627, 76.68115595467512, 66.04801929599928, 57.462436374329585, 49.000677838407526, 42.95665285191225, 17.319649680655093, 18.745304887876404, 24.279533941872835, 30.89587572591104, 38.438496286291155, 33.23689048386046, 27.57411851020674, 21.53174958488058, 13.892789330232679, 13.100921432855516, 33.06624928078159, 35.18497289050338, 43.36543650240401, 52.07325558693215, 54.040415660674014, 53.380454938750255, 51.06091568888111, 44.22770972735624, 35.85177166331354, 32.38933153848818, 19.722987849104506, 16.976334795888715, 76.7022590559887, 66.42283425757265, 61.50462180795505, 59.39028475495282, 56.54262946570011, 54.30050704736282, 56.32883699729943, 70.55809457612492, 76.555167508992, 79.63415117493074, 82.58065380264772, 82.54496633681654, 73.76158490083532, 65.4931516670918, 62.504544091169954, 58.69393712104273, 57.01661891860941, 67.9520907760138, 71.6563892100637, 76.12469256892422, 91.04040844343677, 95.98315365008584, 100.89778165874114, 103.45881013114723, 111.6248197889062, 119.87329641090828, 116.73864399238337, 106.89355886199357, 102.28993257382834, 101.15700379494473, 87.07504878881437, 76.68789859129977, 68.72280304944456, 59.57338472921512, 56.58800833726954], [56.394799666589805, 63.64579660455961, 71.18888560690257, 78.44580867384106, 71.66381041842295, 64.22597900762315, 56.970389646519735, 16.474906921633064, 10.109702821464191, 0.0, 9.310654131225046, 19.71395114377313, 12.086817191851996, 8.427787377984863, 11.396014517514315, 49.69601356956107, 59.045768660202455, 67.12702900761248, 77.0824352629068, 85.08885645559168, 85.6644664573671, 74.70818641248769, 66.04082518799754, 57.55094924721999, 51.354045384172224, 18.197863921822723, 14.223369343723096, 16.257528167838124, 22.044455602662406, 30.56290445353847, 24.62715033700414, 18.071759101800826, 12.759354297409802, 8.308948938091872, 13.952988263096909, 41.32030942314612, 43.66689331449244, 51.13591328934381, 60.84279741129944, 62.384916832685285, 60.16135635665078, 56.79013873217414, 49.422690105784945, 40.49787523296373, 37.78721343324123, 27.263288648081197, 24.176587045764194, 85.4902948156578, 74.64707225754721, 68.9088962615227, 65.7545332498835, 62.0033526611344, 58.84366432518266, 59.57015048534447, 74.74737543604412, 81.54595855914691, 85.48736502935125, 89.47305289098456, 90.54264353245425, 82.32082488139187, 73.13544942792181, 68.92633207179686, 64.11162434077958, 60.707796750296026, 72.94477209386835, 77.87884185737376, 83.40548196410455, 99.52666717634777, 105.41250349086943, 110.66516530456592, 113.07742551545603, 120.97320092121642, 128.41439258129694, 124.45432877482388, 112.32100775422344, 105.72938305162985, 102.9118322980079, 87.16329226248516, 75.79389482095134, 66.28852830697788, 55.157605118481946, 50.05578419509501], [64.70468587011281, 72.02937045746152, 79.40607257714304, 86.32582646511655, 79.57999089754176, 72.16629818037127, 64.86312771445355, 23.312276571091484, 17.722068540055165, 9.310654131225046, 0.0, 10.906330603757981, 5.259414793765843, 10.041222693343725, 17.196417343957, 58.90316983433462, 68.20332005272148, 76.14854266452032, 85.87036920722925, 93.52599714744161, 93.98199209482945, 83.46675683897952, 74.88693543665063, 66.42120776071685, 60.28752702781685, 27.10108852161494, 21.333824648935455, 18.91263858584534, 19.454085366617107, 24.922042918148296, 18.254555790625226, 15.03539186329332, 15.249124326973668, 16.03025881222178, 23.038481138796502, 50.15356409276341, 51.57486992568039, 57.78232281340448, 66.53299783563477, 67.27266805689017, 64.23704802197082, 59.95193518038261, 51.464614730400235, 42.35275068268753, 42.63589475518172, 34.486504380019866, 32.97889070614428, 89.09962645629648, 78.51962159551276, 72.39967276084568, 68.24635092023516, 63.52188709021108, 59.085853973991625, 57.42637184507417, 73.5036191673153, 81.36946522845439, 86.21669679695682, 91.19279134620881, 93.17752780270577, 85.71165523572972, 76.30228472664756, 70.96622370964658, 65.15025039841221, 59.06217224175489, 72.55310767310044, 78.90103013785703, 85.39167810022995, 107.21350081714509, 111.87838830534596, 115.9831966354451, 117.40852862810019, 124.49980040986841, 130.49283437739047, 125.60524527219026, 111.87353397982245, 102.60204663962514, 97.89267355857048, 80.91292561054782, 69.03835037946837, 58.84642184333973, 47.925582786788304, 44.8508499865987], [72.6594314102561, 80.02240046963912, 87.10934179222988, 93.44166711139682, 87.03054788207521, 79.7831594195993, 72.42033424634259, 31.350202724030748, 26.52876428800348, 19.71395114377313, 10.906330603757981, 0.0, 10.806885364991848, 18.395275049592517, 25.24417900897997, 68.5104689424889, 77.48766007693233, 85.00180445975558, 94.10499186476669, 101.05684727475598, 101.36402017180572, 91.79965427596817, 83.51587969997176, 75.21680514167092, 69.32848345774359, 37.66907198507482, 31.484958154882374, 26.655383049972436, 21.721652803212052, 20.440354208861496, 14.729068725429352, 18.73892453612093, 23.792001490312497, 26.529512710937418, 33.587760071448436, 59.57523394383747, 60.59326484983013, 66.17709192364326, 73.2324413190977, 73.32287269958591, 70.39585084387465, 65.65191703659043, 56.10283741407367, 47.2140415771159, 50.551157695079944, 43.57594634536908, 42.886950060551435, 92.64486622972728, 83.19129082543706, 77.27833320845951, 72.53261212615477, 67.08368057537386, 61.38143351016675, 56.47661114180336, 73.33263390365038, 82.39174886553923, 88.00793512922773, 93.65631682906736, 96.00622821613818, 89.2008869880425, 80.4726963782523, 74.5042117779238, 67.97898036362362, 58.662755006953816, 73.21248786267772, 80.88190195136953, 87.93624502285239, 113.29824025636879, 116.35124949584575, 119.31780303491016, 119.82707473614603, 126.34249102906205, 130.96413417905418, 125.71160865603525, 111.8426188801442, 99.10365250176535, 91.46911015228724, 72.79440140874037, 59.85023976189719, 48.68538383868933, 37.74431020497241, 38.62174683746215], [65.08491946817753, 72.44545648381592, 79.65088706128937, 86.37329775838083, 79.40711921103096, 71.9706976089308, 64.73554759033868, 22.946887567768094, 18.475675254581468, 12.086817191851996, 5.259414793765843, 10.806885364991848, 0.0, 8.507836467172249, 16.703625817778903, 60.27357856893525, 69.63565673574413, 77.5212022803755, 87.2426874932309, 94.69828818512133, 94.91678283065156, 84.47704651287559, 75.85399265881053, 67.34179383770689, 61.202638592898765, 29.790358860614184, 25.120103409115355, 23.859341314627127, 24.397744057643628, 28.48767179583682, 21.813670535854026, 19.92142162314678, 19.996637494969676, 19.485241078044815, 25.541684009467367, 50.69501242615469, 50.919531482250534, 56.02573344195002, 64.10167732719, 64.36140370789839, 60.90670613354866, 56.27305099532021, 47.36650436789134, 38.2822803485941, 40.09260763573298, 33.51780254729373, 33.643317928171975, 85.77486889635354, 75.0983190182005, 68.75492137291798, 64.19829017269439, 59.15252405183871, 54.36194943161638, 52.34246547219803, 68.48255421912165, 76.50996433138718, 81.57860092923978, 86.88000496868246, 89.32392965708719, 82.25119678158954, 72.55088748055667, 66.75475016856879, 60.62718378871891, 54.029624869271025, 67.7065036725559, 74.395422159141, 81.24249241843312, 108.6109785592075, 112.03796661396046, 114.94943236688847, 115.59428595735237, 121.943343012552, 127.19678365498898, 121.63206541344411, 106.98778960784844, 97.61065726617711, 93.4095020366659, 77.01028086694099, 65.91982104056439, 56.58809587026301, 48.05832158598361, 47.98530290369795], [56.835058746676545, 64.18062258119136, 71.3998418033055, 78.24431598455844, 71.12990173991437, 63.65157163293075, 56.46037584519073, 14.689221723935887, 10.826578695229346, 8.427787377984863, 10.041222693343725, 18.395275049592517, 8.507836467172249, 0.0, 8.582634338099696, 52.25766584346826, 61.623342134444194, 69.49567493064583, 79.32168324921224, 86.86045457367136, 87.00935125169455, 76.34590090942899, 67.6581523560917, 59.11534402425561, 52.958636871949125, 23.94548990261519, 21.846675695319068, 24.209691034188044, 28.238946585782568, 34.31957643084146, 28.043056137622557, 23.899285707279834, 20.372118895885155, 15.89644162024058, 19.51949803448575, 42.332451602390066, 42.48463224335842, 48.12139230523084, 56.50400554370066, 57.252606669262434, 54.524783407956015, 50.63204440578258, 42.42919496279574, 33.39470526426214, 33.3226441298816, 25.23132715235142, 25.49603079854321, 79.59339389193812, 68.69990329290017, 62.672394048323326, 58.923969269750415, 54.684692361819, 50.97498484544835, 51.168807624167805, 66.46441882698574, 73.53033384185677, 77.77862093228133, 82.20906424589622, 83.88327988586819, 76.20988795369927, 66.67384186145719, 61.80187237172043, 56.52882803073889, 52.35122000550086, 64.85056178416963, 70.27736548488258, 76.3037122613267, 101.45705510970305, 105.08852769991267, 108.31065591067365, 109.42485427714159, 116.16985701651913, 122.44714128539877, 117.51667672037848, 104.26035884448412, 97.44534504692808, 95.32758356341928, 80.47885522574099, 70.23557512507844, 62.02449437765152, 54.223472416397314, 53.597763441347794], [48.41013528579149, 55.77440267506325, 62.95234767066183, 69.7387144710374, 62.74792718895128, 55.310512913664745, 48.058346583049506, 6.260821620799143, 4.351126354270812, 11.396014517514315, 17.196417343957, 25.24417900897997, 16.703625817778903, 8.582634338099696, 0.0, 44.876035365469235, 53.943326550268345, 61.513545283718734, 71.08617848185855, 78.41885520140927, 78.5017635379041, 68.05914105081288, 59.485640642476284, 51.024049455612854, 45.023263985459046, 20.97163948338103, 22.09583027594666, 27.020417927481155, 32.7075306809753, 39.272776104388505, 33.80149099140282, 29.060393583902577, 23.862314244034945, 16.785880365461473, 16.704657267089353, 34.816931960494294, 35.544166510668305, 42.535076300501565, 50.4993011277785, 51.96099224700911, 50.92702703167735, 48.23635585900447, 40.84024339354676, 32.33018200938457, 30.46543028846389, 19.378242853312734, 18.998140580168364, 74.22348070488665, 63.88096046425304, 58.73941849800651, 56.21295930955049, 53.022774394753334, 50.40320546311606, 52.03049495563075, 66.41066228530046, 72.6331923302844, 75.94829297000787, 79.21872839861193, 79.58871630444307, 71.13533012988515, 62.60752786863517, 59.156552401703706, 55.014659169321504, 52.768434674363256, 63.950415450209405, 68.02523748560881, 72.85304263467236, 93.0793644388504, 96.77479445956973, 100.53326464464018, 102.32430261159068, 109.82139359727445, 117.33963160353798, 113.6043092495797, 102.99785450245938, 98.06510029579864, 97.13059261251442, 83.38396411012687, 73.49788436242333, 66.08891701928789, 58.457477528567864, 57.52585658942791], [19.3974290182617, 22.839468598124448, 30.305014264916505, 39.4413742117912, 33.451107061864214, 27.85441667899112, 24.29994635990526, 39.427756199235496, 42.327013896802136, 49.69601356956107, 58.90316983433462, 68.5104689424889, 60.27357856893525, 52.25766584346826, 44.876035365469235, 0.0, 10.128679253139175, 19.379899131742196, 31.339595528112433, 41.76107902012787, 42.92746115586508, 28.563164064503308, 19.591584362099685, 12.257655134461933, 7.685788723499364, 35.09982322495755, 44.44213128498459, 54.30624673262388, 65.08626375312969, 75.48897640435824, 71.65361599627035, 63.2575638701053, 54.07409966238025, 45.89018406815207, 37.50751482125989, 12.703552322359128, 23.139859979608065, 35.882498110957926, 45.82768231445276, 52.09955263711625, 56.6807061367753, 59.984116752149035, 60.81848499640165, 57.27493604995306, 44.497409967870624, 33.027606292811186, 27.34390309763032, 75.3025900071377, 66.11249791412082, 64.78253087610655, 68.2999589283065, 70.63806036670267, 74.05003811800228, 83.58459289230021, 91.99016820133374, 92.85635439312527, 91.6392369977047, 89.61718145416748, 85.13116032741145, 74.18191601494962, 69.21195938953697, 72.5335470529253, 74.10429253671035, 82.562556859549, 86.743112361763, 83.94197942815909, 83.11763433315696, 62.01670074043541, 74.66994636470159, 86.09919329654308, 94.09273552057947, 105.7416834104905, 120.6373721447406, 122.17896094398608, 120.2935169258156, 126.67249417891753, 132.19247241828816, 122.71129994692713, 114.27810422007872, 108.2115796104868, 98.63798986280096, 90.95810192240178], [18.18161624122842, 18.29405134041995, 24.42738831196952, 33.256683021103235, 28.926728731251348, 25.305680211115035, 24.06790820099597, 48.31766154705918, 51.41242426684407, 59.045768660202455, 68.20332005272148, 77.48766007693233, 69.63565673574413, 61.623342134444194, 53.943326550268345, 10.128679253139175, 0.0, 9.462649614502801, 21.645540585172846, 32.56136981730898, 34.07541853320903, 19.370718958709332, 11.396610331968931, 8.4635716699068, 10.635478330452747, 44.680841986928726, 53.79425386975068, 63.28080234729103, 73.71776629131654, 83.72928738875629, 80.34188186033803, 72.23615796039013, 63.306522243556195, 55.363703083939264, 47.10301904925681, 21.440530735469213, 30.378502243201968, 42.00745559464019, 49.681415371085095, 56.391843492750276, 62.56892066383978, 66.82109948087027, 68.3758546369724, 65.560031959997, 53.165837499265294, 42.355547105939415, 37.11753666529907, 77.01485096208502, 69.43707767084872, 69.46364787022974, 74.08074523413035, 77.21974807621794, 81.19744997130682, 90.9397797853895, 98.46800872395048, 98.67480261308432, 96.67941151205328, 93.53867094179327, 87.71466023096599, 76.49802257602758, 73.35514275414354, 78.0507476893221, 80.55072771015605, 89.74181372057605, 92.85976219263092, 89.04178531910098, 86.9588936956155, 53.54783529018422, 68.13679743643013, 81.51407309925094, 91.05210379418068, 103.79879015872973, 120.2739582135004, 123.49760704541805, 124.70675943078338, 132.410485938778, 138.42949933796882, 129.61629013540124, 121.32604412351328, 115.62104329434084, 105.99790977090936, 98.12580169001902], [19.356185944255163, 16.029214858320447, 19.525474832250946, 27.205986860530647, 25.19003428772244, 24.050199736906322, 25.057662596912927, 55.72439071909482, 59.10649507651589, 67.12702900761248, 76.14854266452032, 85.00180445975558, 77.5212022803755, 69.49567493064583, 61.513545283718734, 19.379899131742196, 9.462649614502801, 0.0, 12.282787261275226, 23.385639714439932, 25.12285616900825, 10.581100019963948, 6.430853765606942, 11.793740929618092, 17.44856565623461, 53.484665799663674, 62.43457224158812, 71.58611915669528, 81.54385334950653, 90.94195900476129, 87.92534597769016, 80.29498119888406, 71.70063148793312, 63.84410633774512, 55.71676481771111, 29.466786524732385, 37.243729516253566, 47.89937439344148, 53.08131262045241, 59.96547073465564, 67.63670080515922, 72.62790527363248, 74.55818684894135, 72.35152070199968, 60.70102356584815, 50.31262428179584, 45.58788077412561, 77.54075178631007, 71.79722955557762, 73.14840723404694, 78.67345386827894, 82.4342873569865, 86.7714686683799, 96.41999554074387, 103.15833552922089, 102.86925768809515, 100.21456354926063, 96.07435676158204, 88.96958754031147, 77.59966694370051, 76.37574122664111, 82.2626647368369, 85.53123224505485, 95.08298784158254, 97.26181843117435, 92.6199585211258, 89.39230091246615, 44.99768821926176, 60.762258745121564, 75.72473673100968, 86.59628698347385, 100.31952379535933, 118.14212122357597, 123.00890906843173, 127.3869815248813, 136.02806658895, 142.38250946695376, 134.2946802492934, 126.25083672482701, 121.06090616564069, 111.76715003120351, 104.35093838712196], [25.99232447365191, 20.449023101483895, 19.439955935398412, 23.286154809814803, 25.65052508900629, 27.78644268314629, 30.67043405279009, 65.24630594274741, 68.77277366167777, 77.0824352629068, 85.87036920722925, 94.10499186476669, 87.2426874932309, 79.32168324921224, 71.08617848185855, 31.339595528112433, 21.645540585172846, 12.282787261275226, 0.0, 11.570647185969031, 14.235588502898676, 6.9233454996021955, 14.075786678455879, 22.02446096709715, 28.35406543590624, 64.39016131635962, 73.02696175166601, 81.64031138073369, 90.87984165504763, 99.40943501855212, 96.93601530404192, 89.97501979697535, 81.89634251955451, 74.26107374915793, 66.39287806628704, 40.55689417445927, 47.609616775375265, 57.48416177958926, 59.95263841219485, 66.78946229598395, 75.97473052323915, 81.55847085404584, 83.55461882977643, 81.81404900234216, 71.21932051363542, 60.92044960743277, 56.462612304227385, 80.22651314479148, 76.98495814166954, 79.8265815939088, 86.1729700534081, 90.42837438006684, 94.91623949113894, 104.01759532061908, 110.0720864022858, 109.44657797054855, 106.17687297061629, 100.99617272687155, 92.39706696244876, 80.97433852488938, 82.16782908693612, 89.22116483920907, 93.16502809351738, 102.6005207557626, 103.94965114903836, 98.61196432838655, 94.16740857675556, 33.466324481390686, 51.41724506045855, 69.01210799124608, 81.79602048899955, 96.93756496185054, 116.3912118744282, 123.51833014687632, 132.0588178202967, 141.20948088005036, 147.46242940946973, 140.00879762334034, 132.08645881771784, 127.40358507447822, 118.32197195589177, 111.37644638669187], [32.24290957591373, 26.08377952986425, 21.945894944598844, 20.907968343773625, 27.113130288191922, 31.549554701389038, 35.513013520184025, 72.5298292418386, 76.37392846221627, 85.08885645559168, 93.52599714744161, 101.05684727475598, 94.69828818512133, 86.86045457367136, 78.41885520140927, 41.76107902012787, 32.56136981730898, 23.385639714439932, 11.570647185969031, 0.0, 4.465478712220896, 14.715558928881531, 23.332212970066365, 31.200872297774453, 37.64386262164357, 73.7706842312038, 82.19930433102638, 90.41840416756342, 98.91723992371688, 106.43971584612302, 104.3213217482927, 98.15647401278325, 90.60252009197734, 82.9956923910074, 75.3822965179788, 49.5892171466305, 55.63953187375426, 64.64207451363296, 64.37212948047089, 70.95271722670385, 81.48668401195646, 87.53246766079987, 89.46596768209874, 88.25144835809763, 78.99152542760007, 69.04444146061971, 65.24806864046145, 80.06148415033523, 79.35118166999507, 83.57809992231122, 90.58116199849562, 95.22500054796177, 99.77057017544278, 108.21314092649344, 113.46970336312728, 112.55327682178402, 108.74969644846797, 102.65812323395964, 92.72932814581968, 81.43015610186869, 84.96926864965909, 93.00775607016543, 97.5330872632896, 106.71230019832329, 107.18388838079672, 101.26142920558603, 95.72332754351083, 23.197005872373847, 40.99611522197692, 60.36156691166897, 74.58938417644549, 90.81053372134109, 111.48250689515295, 120.61629090677434, 133.1013775130737, 142.586050088486, 148.84564455151224, 142.32252588991668, 134.84814099980167, 130.99397970619611, 122.83572117936214, 117.29334775830638], [31.608608206211052, 25.169491391464327, 19.921873330617803, 17.34755739550355, 24.426630644424044, 29.607859280467558, 34.13450591487407, 72.52784250165604, 76.68115595467512, 85.6644664573671, 93.98199209482945, 101.36402017180572, 94.91678283065156, 87.00935125169455, 78.5017635379041, 42.92746115586508, 34.07541853320903, 25.12285616900825, 14.235588502898676, 4.465478712220896, 0.0, 15.447202950683234, 23.935117019889603, 31.698138789059662, 38.16483266260804, 74.89067463878833, 83.41939049986432, 91.74701453878127, 100.17152328797975, 107.47329416205751, 105.22568912523928, 99.25294208779698, 91.7400349510609, 83.92737723352613, 76.3074711012219, 49.83642609482235, 55.046031191204484, 63.3880833796972, 62.05473424477701, 68.52234287482815, 79.47003251579682, 85.72663008340935, 87.81527516416142, 86.97177450911317, 78.18362804337819, 68.81112935798124, 65.65269950000109, 76.4257953091852, 76.30710133352483, 80.94955023096755, 88.20012956755627, 93.04910151170219, 97.74027207870053, 106.2422697529779, 110.98188473162986, 109.80877658581909, 105.77555780988884, 99.39109709877017, 89.16203713624633, 77.9476989104157, 82.06667659875379, 90.44350711396639, 95.24125595314722, 104.65191604244127, 104.61364269943637, 98.3824911644406, 92.4947579114738, 23.661788162173387, 38.09690730955858, 56.448239395124574, 70.47791921601286, 86.54691972927111, 107.29491670605594, 116.56395052990854, 129.69909305991115, 139.67720115716466, 146.44941122747628, 140.58548672759898, 133.61076657674053, 130.28394025202456, 123.00753895084046, 118.50953384241416], [21.206950412122673, 14.847151155467502, 13.463992380756682, 18.67849355355407, 19.530561852970976, 21.65906696354619, 25.29913061848142, 62.04133813569874, 66.04801929599928, 74.70818641248769, 83.46675683897952, 91.79965427596817, 84.47704651287559, 76.34590090942899, 68.05914105081288, 28.563164064503308, 19.370718958709332, 10.581100019963948, 6.9233454996021955, 14.715558928881531, 15.447202950683234, 0.0, 9.327747996018658, 17.931623749347075, 24.554742449467373, 62.345046864559805, 71.31818426507513, 80.36624671868285, 89.84549805509033, 98.462350224715, 95.56342308717312, 88.56005119538435, 80.28061236135353, 72.20515254624941, 64.16438498236083, 36.53994606241959, 42.35550616099118, 51.427344351603445, 53.415403355481544, 60.27458977159601, 69.56666882670181, 75.37839906743423, 77.79386204068939, 76.51469861151847, 65.99675316228382, 56.66689957216232, 53.181918781830454, 74.05622548587577, 70.41897846301943, 73.27833137215886, 79.79595999380699, 84.28605607092994, 89.08467341978914, 98.75293660839837, 104.23863081055008, 103.24457647967058, 99.79818632656634, 94.53157662704116, 86.0934367436875, 74.74040830098387, 75.66899369180442, 82.87352937070739, 87.06582549370266, 97.19670659748056, 98.02010718005516, 92.36359842586806, 87.83387259401262, 37.566595581678854, 51.79112760712248, 66.96952254808427, 78.63631336297902, 92.88252650326486, 111.80651857620201, 118.1288796400368, 125.76819955965492, 135.7546785149351, 142.9999183561259, 136.29634629279857, 129.06736073032175, 124.93923277584744, 117.01786735877567, 111.30768218600907], [14.177959290453616, 9.845832039334717, 13.711066434388394, 22.137564894680473, 19.02004594521309, 17.662683857887114, 19.285553112269767, 53.47807021830335, 57.462436374329585, 66.04082518799754, 74.88693543665063, 83.51587969997176, 75.85399265881053, 67.6581523560917, 59.485640642476284, 19.591584362099685, 11.396610331968931, 6.430853765606942, 14.075786678455879, 23.332212970066365, 23.935117019889603, 9.327747996018658, 0.0, 8.70775421646718, 15.297356468035153, 53.465443202257696, 62.60208148197179, 71.93115479188172, 81.72081741948544, 90.71989166850437, 87.47734949290295, 80.1945581893499, 71.68975641040926, 63.43568930088818, 55.28512063910232, 27.27216641791497, 33.60919596588246, 43.598021546961164, 47.42488027217554, 54.309500829222216, 62.627386132443924, 67.92689511446406, 70.00488934387835, 68.27165492412892, 57.266334268943844, 47.621082929925144, 44.04882602165985, 71.15099335194503, 65.73557947336083, 67.47754073920605, 73.30217885830541, 77.30892141005813, 81.83123551656364, 91.60974590210989, 97.79300665722081, 97.25213811252758, 94.37872740921985, 89.98633655115847, 82.65042712853423, 71.26884169424945, 70.45448958337815, 76.70589081596468, 80.2821637837826, 90.15300718274787, 91.77291235943989, 86.80907721127292, 83.2773799098708, 45.24790412547319, 57.87220282547718, 71.06768219763266, 81.19049651603189, 94.43131004205817, 111.98044835033241, 116.63529162453531, 121.28818591059084, 130.38531981337348, 137.36975339607125, 130.07039010983837, 122.68212311008212, 118.20430710885464, 110.21281486855875, 104.46744215207316], [9.82151827832388, 10.846800374757894, 18.132495754696702, 27.222856790096756, 21.82123988860892, 17.268343671813632, 15.619588100546187, 45.04136890681035, 49.000677838407526, 57.55094924721999, 66.42120776071685, 75.21680514167092, 67.34179383770689, 59.11534402425561, 51.024049455612854, 12.257655134461933, 8.4635716699068, 11.793740929618092, 22.02446096709715, 31.200872297774453, 31.698138789059662, 17.931623749347075, 8.70775421646718, 0.0, 6.640002613088868, 45.11279998625421, 54.338241866577405, 63.834442975537854, 73.7522408557441, 82.92838618593207, 79.41030696038771, 72.01476199958266, 63.415164831127264, 54.997785397016095, 46.81163923263515, 18.671134643002098, 26.008032050125017, 37.346748959764064, 42.92161624652186, 49.643316417230174, 56.95807721059999, 61.5799054942373, 62.988807280119715, 60.64265864436669, 49.44339916339637, 39.09938343077638, 35.34594097083005, 68.98989715358147, 62.142029219817935, 62.79092147404904, 67.78221435121347, 71.15138697620284, 75.19403846368768, 84.72687684474481, 91.76113755546739, 91.85108965813795, 89.64386531625722, 86.18294459135944, 79.89522037722388, 68.56067554613786, 66.21872596026914, 71.39981373830709, 74.2231963769398, 83.42043132294168, 85.99865042958447, 81.90058564204332, 79.41476081135703, 51.95695994542203, 63.059725458802696, 74.58313305933257, 83.32733117445656, 95.71199712124206, 111.90680207832659, 115.14229041113495, 117.24709003885887, 125.03988371798413, 131.443424507174, 123.46133787773518, 115.84417035910391, 111.02699639630575, 102.98446126220269, 97.39098972734949], [11.786564395622715, 15.884237577910843, 23.66153345700673, 32.695828641764166, 26.34765243491431, 20.40484269862517, 16.658099699661392, 39.114538271738574, 42.95665285191225, 51.354045384172224, 60.28752702781685, 69.32848345774359, 61.202638592898765, 52.958636871949125, 45.023263985459046, 7.685788723499364, 10.635478330452747, 17.44856565623461, 28.35406543590624, 37.64386262164357, 38.16483266260804, 24.554742449467373, 15.297356468035153, 6.640002613088868, 0.0, 38.76374872162172, 48.09694195841763, 57.796948411661276, 67.93525099091524, 77.40467506775964, 73.61698287742836, 66.00229824372673, 57.24111317348011, 48.69654660851919, 40.44017248991765, 12.205815903121351, 20.939318688015927, 33.43285083560223, 40.87136306913972, 47.332446180447505, 53.47931790396753, 57.43335222485769, 58.3310222931287, 55.41843152434234, 43.84284000422288, 32.880462670878906, 28.810622994457812, 68.76975641921827, 60.667232281762196, 60.28754814943864, 64.48730336925102, 67.28214232718405, 70.92789576471202, 80.3404860447363, 88.07767723571067, 88.65771209385039, 87.01714080521472, 84.37009175191179, 79.05845022829305, 67.89191852469682, 64.15441459059606, 68.3332775422799, 70.47847954895643, 79.1657988278791, 82.56463756903975, 79.20765827543043, 77.64852845886433, 57.81274192500771, 68.22109643724247, 78.66694293750136, 86.42644691872059, 98.09264448309011, 113.21201826924437, 115.2839659302057, 115.15743183581675, 121.99056772187814, 127.97730117985249, 119.41249506666341, 111.59447791206328, 106.42493627002767, 98.23041047475041, 92.5429820715323], [46.71309720857949, 53.308459729860495, 61.25207976161587, 69.55537871050439, 62.76460854439965, 55.48915462252131, 48.83304435485891, 20.484312181083848, 17.319649680655093, 18.197863921822723, 27.10108852161494, 37.66907198507482, 29.790358860614184, 23.94548990261519, 20.97163948338103, 35.09982322495755, 44.680841986928726, 53.484665799663674, 64.39016131635962, 73.7706842312038, 74.89067463878833, 62.345046864559805, 53.465443202257696, 45.11279998625421, 38.76374872162172, 0.0, 9.658429593096958, 20.28553983046966, 31.946677487072535, 43.890807360862006, 38.97320160221182, 29.30182888047492, 19.463279392088914, 11.647374580257775, 4.493224430703301, 29.4150819837797, 34.8409393002774, 44.82431227165014, 57.53337983214952, 60.77727975403444, 59.43343085818397, 57.80313163257594, 53.53319913623424, 45.812741730950044, 36.53154257767822, 23.228