{
	"dissimilarities": [[0.0, 8.648941155466893, 17.98768660688825, 25.100394316263202, 20.475409893929765, 10.481133073981741, 5.561786234638472, 40.76883466039424, 47.694091113552474, 56.006141347080394, 64.26113579040737, 72.78522132016799, 64.86438761703641, 56.5833188391205, 48.40995507811122, 20.33178930193071, 20.386979887300274, 21.779976441814025, 26.50922191733692, 31.86330822453617, 29.661430634417233, 23.176138594316416, 17.201745324745186, 13.752456424753142, 15.430230821639707, 45.50226106163716, 54.078790211948295, 60.85742115166861, 69.38427639463703, 75.65872371060814, 73.40381455427, 67.1773075056102, 60.400356080923146, 53.16854431318347, 47.859657228094264, 17.82346104136531, 22.650999080675096, 32.401539330731836, 36.449830666247685, 47.60131772589298, 53.3807627578657, 57.55864501683435, 57.907061375072644, 54.259819576863926, 44.34419241224973, 35.78308763866168, 34.06390614487765, 66.80852606451508, 66.20949528075558, 65.61697641016013, 69.02328915026786, 70.63642762990301, 74.72162294403505, 79.13385997534932, 84.89649714645019, 84.39955439869621, 82.15397784685074, 78.82919457497091, 74.62206615952466, 67.9988466362115, 67.56241348926325, 71.76393124459493, 74.4509859286883, 77.87114321793332, 75.3964580833684, 72.71340558421214, 68.5724982619715, 55.38152793450999, 60.04818463539072, 69.69888201652539, 77.42762067960183, 90.80294614573296, 98.23108371103484, 98.44304117114302, 103.87917960279569, 112.83352202300493, 118.16632208004908, 116.3668003097386, 106.95192655322711, 102.50740300660706, 96.1791428903202, 93.00964280514494], [8.648941155466893, 0.0, 10.877491928501255, 19.128796991809836, 14.961680970954097, 8.749848807348101, 11.516658403328416, 49.24990181647112, 56.01300784587544, 64.18459366283227, 72.57233852699034, 81.34207360828037, 73.36458656703151, 65.0510275179976, 56.91126607286943, 21.426004163785766, 18.42469769461255, 16.868895734818242, 19.66710532180496, 24.62900347275243, 22.06845594098323, 15.489982489646588, 12.049778933232508, 12.11280172764687, 17.065660420549246, 52.25419510426023, 61.10897632858855, 68.07953578699941, 76.95671194957701, 83.47149279725376, 81.38243131664208, 74.97505107686578, 68.00076557169177, 60.74418435724804, 55.13675685388353, 23.88055600694117, 28.824606569020382, 37.368293001800936, 40.711384591157554, 51.80764913126489, 57.85397225152972, 62.755183297257894, 64.35288908838227, 61.6914802990701, 51.002309807083186, 43.205081636035835, 41.49551052929729, 69.34218123505617, 69.36958433780052, 69.65768897350902, 73.6648901918946, 75.95070729830942, 80.72942039282081, 85.68338350922754, 90.62722475695446, 89.44251041293069, 86.61770327182604, 82.55523347566566, 77.74001584949087, 70.95044098480948, 71.27806391166698, 76.33314816719651, 79.93815460212345, 84.05690875647383, 80.8400924127412, 77.25419237454264, 72.26413477327655, 50.07223542890037, 56.25412157376419, 67.2825698526914, 76.70785265469638, 90.76534518547105, 99.57887032022799, 100.74410673869401, 108.21302139981294, 119.12456014099608, 125.42742124592843, 124.0836831852228, 115.0565448371663, 110.90364643828143, 104.38587991790808, 100.6832365639393], [17.98768660688825, 10.877491928501255, 0.0, 8.602950970768404, 5.767291483976684, 10.909301374414632, 18.211004127539947, 58.399244339048735, 65.52599008310852, 73.92123396908077, 82.06732127841103, 90.03994709930177, 82.39437069611996, 74.15686772849263, 65.90945741397776, 31.60603663723275, 27.1615620080888, 22.764220042105922, 20.342944312695423, 20.16041141187533, 16.359236184050587, 15.69861811778285, 19.09273249744148, 21.886389850765724, 27.606928636022857, 62.9736839425099, 71.70729059642763, 78.51581564130935, 87.03334650517132, 93.12068745952774, 91.11476306994808, 85.05323754128771, 78.29709556917192, 71.08537158469915, 65.65896847325905, 34.524624164300405, 37.57526455335918, 43.650876225544984, 43.94895733143203, 55.05050828311961, 62.285221144524165, 68.13592527626044, 70.13697429486457, 68.3551295096315, 59.114072170771855, 52.5772018309702, 51.857110396358316, 68.31738486415775, 69.57427337206586, 71.69206525869646, 76.56799316538576, 79.61662185550439, 84.83273277849754, 89.97665474526087, 93.92584858252445, 91.92410127123834, 88.48327027603138, 83.42606938546399, 77.81262805608925, 70.62794333505418, 72.59145610191291, 78.98974688873247, 83.58899697463225, 88.14645759567514, 84.42872297934254, 79.8400383698985, 73.52149219798612, 43.77493835051569, 47.58857185018758, 58.46949481822248, 69.05511187236668, 83.75435983880881, 94.34023096219617, 97.13633329122558, 108.45592428550235, 120.9688818201251, 128.5311841299022, 127.946317652194, 119.95071964962301, 117.27901123667523, 111.72810561079086, 109.26819222423784], [25.100394316263202, 19.128796991809836, 8.602950970768404, 0.0, 6.098281821667068, 16.818884819855626, 24.1360432112112, 64.24002437291485, 71.59479235263049, 80.1602169317602, 88.00273152135419, 95.11572758537797, 87.91632525370834, 79.84666159483479, 71.57315277296027, 40.05237261110825, 35.40547182682056, 30.275474881288453, 25.594527392289745, 21.365584735393742, 17.327816413981857, 21.69174256902209, 27.194715891704423, 30.326599246939182, 36.03654447449314, 70.50779300725107, 78.99070914761288, 85.53070277428361, 93.5429425612246, 99.1040240434223, 97.19661956818798, 91.57598655731809, 85.13090375286977, 78.02332791073425, 72.87316400988553, 42.38191578344567, 44.43883560964484, 49.13754594812091, 47.139155000685, 58.11607494551591, 66.24587308800609, 72.55442473255427, 74.27778598929392, 72.77125863659204, 65.1920217060669, 59.27549069705252, 59.07777702528135, 67.74532638358211, 69.97646571377729, 73.49563726204154, 78.87805910094933, 82.28920562540726, 87.50820126427847, 92.48148966339556, 95.89991918720499, 93.47902921809253, 89.75893769632388, 84.11500885323676, 78.03831428563753, 70.56814967431643, 73.82757186770645, 81.07629779096712, 86.1234932075967, 90.68158864406726, 86.9210978360839, 81.86555781142764, 74.7058671220807, 39.9093149300466, 40.050364635368176, 50.30236027710356, 61.696506672934234, 77.04024833392333, 89.14215110561807, 93.4200130463861, 107.94943693800278, 120.81491428314384, 128.97144612695936, 128.78845942383703, 121.49772334755436, 120.00903136120235, 115.30653398446772, 114.11164157736826], [20.475409893929765, 14.961680970954097, 5.767291483976684, 6.098281821667068, 0.0, 11.21290902076107, 19.087869532698956, 59.520785275680176, 67.0061850422374, 75.56668395094006, 83.46964200439257, 90.82693863456647, 83.28140459070977, 75.08155300776399, 66.78918838624577, 36.24361895266378, 32.398275974162004, 28.446523190585996, 25.922954062872098, 24.34154834509204, 20.314204575672168, 21.336184890406486, 24.54921351036603, 26.705006671405474, 31.938788869878408, 65.91932101037555, 74.54096759490231, 81.2621442657369, 89.48432973787912, 95.27020778539627, 93.0783833182336, 87.2264996393684, 80.64819566491522, 73.43155781384522, 68.23709837206515, 37.381355611258485, 38.60170408344068, 43.08112281461021, 41.541029740201104, 52.56355311760499, 60.44734932568442, 66.66660523057512, 68.5879228575041, 67.26117702861231, 59.2611783516696, 53.6853913699426, 54.090694943933876, 63.83977151078331, 65.5537978887992, 68.43629131872251, 73.63317917461701, 76.94528206072859, 82.24537321768017, 87.39817126229963, 90.89622966573604, 88.59020748644082, 84.96102899623799, 79.57340249624, 73.72039650179703, 66.38613647732895, 69.01356028945072, 75.92032050546975, 80.85009743917344, 85.50669962006572, 81.66006379323252, 76.73427324351275, 69.91664163617774, 45.30975967298767, 45.50701374920272, 54.35849167689852, 63.91728520077661, 78.20858710321872, 88.70023116911945, 91.69617982222653, 104.10517443050253, 117.20934894386406, 125.48089424488802, 125.4639889028394, 118.32090802043862, 116.76635660573318, 112.31004373483275, 111.14993075343564], [10.481133073981741, 8.749848807348101, 10.909301374414632, 16.818884819855626, 11.21290902076107, 0.0, 8.394232549778213, 48.78754038542018, 56.28304446813668, 64.78908391622448, 72.78809452464358, 80.58534682350572, 72.67023546720692, 64.3500648197421, 56.06798827275236, 28.39661324998694, 26.6521462657661, 25.557415114742607, 27.237309159433096, 29.76288033993303, 26.449428312301823, 22.67335605149103, 20.647363681566922, 19.968052026791646, 23.580851869489997, 55.25964316083484, 63.90722528418877, 70.73869608035145, 79.11964884804378, 85.15213725957744, 82.68015741919706, 76.5900237040483, 69.9053573562588, 62.615848765827536, 57.43195593111735, 26.7587791239709, 27.675928572337913, 33.55524791172155, 34.183037799660426, 45.53139189234728, 52.61722551724087, 58.07354210670282, 59.46958108301192, 57.4501582274703, 48.6736305974788, 42.51723099554977, 43.056851339346366, 61.17943647088837, 61.601182996334565, 62.69321537209196, 67.09264803831479, 69.68753972895878, 74.57705270678875, 79.56993513862572, 83.98925654472107, 82.4579628225906, 79.43419459136676, 75.02850221854615, 69.98165513151915, 62.98471918768411, 63.97411272271462, 69.62146770745711, 73.60962727477026, 77.85608165101296, 74.48399054476901, 70.50813333506744, 64.94207751615396, 52.80293586320581, 54.27583386381964, 62.36919466634777, 69.81545203144519, 82.9570752079829, 91.03000432860611, 92.002333107563, 100.20429575218714, 111.8307136946369, 119.12788317038451, 118.62530867688282, 110.86337179827913, 108.39489231812982, 103.66723933598752, 102.1114012894431], [5.561786234638472, 11.516658403328416, 18.211004127539947, 24.1360432112112, 19.087869532698956, 8.394232549778213, 0.0, 40.52702219534108, 47.98779346882982, 56.530998712892625, 64.4819364589638, 72.28028431606425, 64.43325426957387, 56.16015579533621, 47.88205239757465, 25.438980676806253, 25.75042919547886, 26.802793096276034, 30.577559441362585, 34.578061935695935, 31.91962287710031, 26.82281198244265, 22.024464127052557, 18.988306365475516, 20.464536793270888, 47.846387889855265, 56.20418495773157, 62.83452241613348, 70.95881724815163, 76.85695012511145, 74.3553957648556, 68.38895249977449, 61.85332777572959, 54.636689666819215, 49.67195303181861, 20.58770747211211, 22.111906974275783, 29.984643171716048, 32.19748912917331, 43.598371583086994, 50.0931212307573, 54.60648979111112, 54.70027404085629, 51.39320510036326, 42.910060192111786, 35.499451686493046, 35.465992756972994, 61.70471114111374, 61.3223685208587, 61.20417479593009, 64.83507967809906, 66.60633742526359, 70.71431909651193, 75.10996153653876, 80.59796958444664, 79.91889885240786, 77.58073690793711, 74.07458394811728, 69.75383380141353, 62.994881320812304, 62.94795707768325, 67.49129998182487, 70.36893400312633, 73.82027403972351, 71.30153159454674, 68.4213866007555, 63.94934250732582, 56.875168024242555, 58.76737747289074, 66.63541905296506, 73.09709246964997, 85.88687598345396, 92.81444124521383, 92.89208438261458, 98.75661998570602, 108.0263854812349, 113.95133448145388, 112.66869536913008, 104.05466410234847, 100.73778187882331, 95.62247400571125, 93.94511878482258], [40.76883466039424, 49.24990181647112, 58.399244339048735, 64.24002437291485, 59.520785275680176, 48.78754038542018, 40.52702219534108, 0.0, 8.407113731357867, 16.980102137112663, 24.187833046377204, 32.77681908004846, 24.124882731961065, 15.858222006466612, 7.901169710537105, 43.18654155806278, 49.74488665966307, 56.012823723789616, 63.76738825548617, 70.55411931028155, 69.24707975188443, 61.97692727650676, 53.11922356569468, 46.80411306926378, 41.65310788728009, 22.761700762030898, 25.427639461799615, 29.347768772170006, 34.75251357939069, 39.79542129555856, 35.87125100008252, 30.501962734197516, 25.630109516592103, 19.93156759229702, 19.297873275689085, 30.130641221805686, 29.60490717863123, 36.769992399888594, 44.124221679499904, 49.48248876460929, 50.20506515232112, 48.240992441705856, 41.42533349372118, 31.19702730272027, 28.17481969626418, 17.848305742237862, 15.655501805972047, 73.63199981187051, 69.60760954422231, 63.609628459014644, 62.56731691747136, 59.767902018361234, 59.071215118466995, 59.722554539247675, 70.06380867707001, 73.88264647252174, 75.27231250847504, 76.73634642280756, 76.53972406222033, 72.34213435404588, 67.25310644802379, 65.33197826668588, 62.00367634990069, 60.79851487811314, 63.051952677234326, 66.29242622595181, 68.1882030962058, 89.8708241822417, 92.16662801601035, 97.66848996230418, 99.19683045312925, 108.56012204041811, 109.12685413047087, 104.29470768338587, 96.90441300083222, 94.88448527002835, 93.70261250124285, 88.79213697891007, 76.43855690099473, 68.11420802029632, 61.71254240988327, 59.79483221302458], [47.694091113552474, 56.01300784587544, 65.52599008310852, 71.59479235263049, 67.0061850422374, 56.28304446813668, 47.98779346882982, 8.407113731357867, 0.0, 8.779093145464172, 16.580047261477546, 26.906102023358144, 18.323957528415395, 11.046037918412194, 7.340695585449856, 47.62954243466642, 54.48672750020541, 61.11618946847668, 69.1976683624197, 76.42891305342776, 75.44561714668146, 67.85179335946928, 58.72158516766049, 52.374277053835584, 46.83149388102029, 20.084337033918793, 19.59155910507959, 21.94654760666791, 26.494623674322646, 31.704589242214354, 27.626724691803936, 22.112832804300584, 17.751027231587948, 13.26337103551736, 15.111959211475027, 35.74504741826048, 36.58517158725246, 43.97345979113789, 52.028499700535946, 56.68961682479128, 56.45156509699318, 53.58689499639503, 46.415444759718234, 35.80107944221836, 33.08189917544024, 23.28387691371703, 18.86191157265408, 81.15266618589413, 76.80131218924188, 70.16056630069235, 68.49104860686877, 65.10298574916662, 63.68181903568438, 63.641838863363866, 74.56477695919764, 79.0594332790312, 80.98335134252564, 83.12328328468183, 83.43815552328675, 79.62317248241231, 73.99478297926179, 71.21474981666354, 67.04558123828335, 65.11589283173349, 68.07500792809027, 72.15655219456941, 74.90200598338456, 95.34284690515082, 98.8605517441759, 105.0099021382587, 106.79382186801492, 116.22368898475983, 116.54333024882838, 111.41481642262961, 102.4372958514168, 98.31764851390591, 95.28956559978229, 89.21183026073156, 75.47565910151954, 64.88769324879142, 56.709058393798244, 52.88954518364924], [56.006141347080394, 64.18459366283227, 73.92123396908077, 80.1602169317602, 75.56668395094006, 64.78908391622448, 56.530998712892625, 16.980102137112663, 8.779093145464172, 0.0, 8.972383927507616, 21.763885644865283, 13.41030024787585, 9.658419292508272, 12.810941682576305, 54.190952486864454, 61.28818007642812, 68.23090026376335, 76.62231108725157, 84.22789826232753, 83.41829170674568, 75.50905337048648, 66.13558234949133, 59.757981162961194, 53.92620412565143, 21.654675737435962, 17.23071156227702, 16.77463023066407, 19.377315461993234, 24.6975701060163, 19.84122251671709, 14.006939920415167, 11.221908378131099, 10.515094590703448, 15.83896463567682, 43.047781270301236, 44.048573873170426, 50.90725492671123, 59.42432223833043, 63.09514481720833, 61.78273621424738, 57.95575514336649, 50.48875824745749, 39.86072038659008, 37.821817266526395, 29.51864492729632, 25.11329436921866, 87.81177545553409, 83.02237034314413, 75.6123990323146, 73.22611486965647, 69.22203385909033, 67.07494756923789, 66.39613870864085, 77.742767808483, 82.90877310878072, 85.39990704039556, 88.31237868404116, 89.25040043751298, 85.9569153547203, 79.65317602158613, 75.87934932794536, 70.8320891829759, 68.20848214094445, 71.82796002763348, 76.79178459161467, 80.52070214041902, 103.0411635835958, 107.22309094621815, 113.50036625952359, 115.04111286879078, 124.11897467990983, 123.69875828353992, 117.90458711482006, 106.70380086188817, 100.76951607788689, 96.17017728791069, 89.25352702892512, 74.67833215072568, 62.221947820368044, 52.9436857605, 47.56749350427868], [64.26113579040737, 72.57233852699034, 82.06732127841103, 88.00273152135419, 83.46964200439257, 72.78809452464358, 64.4819364589638, 24.187833046377204, 16.580047261477546, 8.972383927507616, 0.0, 13.808909982005245, 7.591311264432122, 11.060591285527053, 18.113463494235386, 63.12755748834506, 70.16961680099904, 77.00871405997738, 85.21285602135016, 92.53278296105594, 91.7183047198524, 84.11783881699196, 74.89487675778467, 68.54776743275428, 62.80048094048244, 29.96445673902467, 23.884358058235645, 20.623007746312272, 18.08011047467274, 20.233978050493704, 14.4504725690904, 12.348931315986214, 14.96563099845008, 18.016873084615874, 24.167260646401072, 51.84465520207425, 52.10852585318404, 57.83838105862739, 65.47838972107641, 68.25620938812092, 66.56945561200384, 62.03304576733834, 53.42011632996652, 42.48004447420093, 43.57905546557558, 37.09519796991656, 33.9595599036889, 91.87219307328304, 86.8759631083949, 79.15857079675966, 76.14538002603082, 71.469016806048, 68.18726113796775, 66.32529010014207, 78.21780790612722, 84.15822978728491, 87.34704527566359, 91.02911394557525, 92.6118691051284, 89.76243217157777, 83.18785759075465, 78.6030829075403, 72.53842979474712, 68.7732175140664, 73.49252338823844, 79.45744081611481, 83.99602500404855, 110.3993043632504, 113.67752533847437, 119.09891548919612, 119.63436484397802, 127.98306324746405, 126.55878734862706, 120.21189682545945, 107.33851065182313, 98.45786132804601, 91.92763207325562, 84.06348746456446, 68.78264910437886, 55.16948380369595, 46.14388743086449, 42.117511655113496], [72.78522132016799, 81.34207360828037, 90.03994709930177, 95.11572758537797, 90.82693863456647, 80.58534682350572, 72.28028431606425, 32.77681908004846, 26.906102023358144, 21.763885644865283, 13.808909982005245, 0.0, 10.787742916184552, 18.78183095552436, 25.93119836986378, 74.36783465507128, 81.0350234791024, 87.32261119475724, 94.77269032326912, 101.08007681789842, 100.13897050556143, 93.56653687512105, 84.9704289044624, 78.78366177711194, 73.50438092150132, 43.2889561375909, 37.35688877733747, 33.1891271222255, 27.003107391726218, 23.490263903369353, 19.25003855563957, 23.22442023751123, 28.21204715508384, 31.55858287072485, 37.492520267164835, 62.45997914147933, 61.60739098244299, 65.87598086938911, 71.22218249309427, 73.33086977999616, 72.17603011845975, 67.39270952969873, 56.90890693512421, 45.57075759890218, 51.88447634668263, 47.106909059659074, 45.54975012255073, 93.94101871621933, 89.14215957801663, 81.8618337709955, 78.44344652394732, 73.13755924847888, 68.27818100662851, 64.49815139469409, 76.99208996952167, 83.76507016630656, 87.7597250971995, 92.10428734814181, 94.2761380448676, 91.73295408519009, 85.54596675524954, 80.53260588374661, 73.41544885861474, 67.98095370265501, 74.30939312509078, 81.28734248046777, 86.26675174592714, 116.78407735423686, 117.55899027435908, 121.11332718623332, 119.90197152283169, 127.1538511316429, 124.60857465294056, 118.07722244525728, 104.66505316889649, 90.96532722228767, 81.58453301844533, 72.21838930760617, 55.829434874211394, 41.53187186453759, 34.78570907754403, 37.47037055111338], [64.86438761703641, 73.36458656703151, 82.39437069611996, 87.91632525370834, 83.28140459070977, 72.67023546720692, 64.43325426957387, 24.124882731961065, 18.323957528415395, 13.41030024787585, 7.591311264432122, 10.787742916184552, 0.0, 8.666186687484355, 16.712895390903515, 65.791053907863, 72.73700665268137, 79.36658981436425, 87.31164983582437, 94.1490303399988, 93.03336523020737, 85.82764596678653, 76.81898122457034, 70.44955597738934, 64.9358408536397, 34.78561900384981, 30.07566370857109, 27.85829442886463, 25.51349000937796, 26.232811308799537, 20.60114121907595, 19.85887893245203, 21.943231606817946, 23.575427508120015, 28.979493793225686, 53.41965748368165, 51.913795775667786, 56.06774018255805, 62.448458805048006, 64.50217600029735, 62.894327119569475, 58.14153245556959, 48.525687769934486, 37.34556472132723, 41.5280020482413, 36.8296767745881, 36.08532703175069, 86.91032416184251, 81.84315126022078, 74.12711985130632, 70.85928365812042, 65.8836707111811, 62.004118657757076, 59.55988046342071, 71.66293000121985, 77.87797222105995, 81.36256633230997, 85.35621448396489, 87.25886004398888, 84.655644796093, 78.05776991539965, 73.17015710106966, 66.65124184048341, 62.311127354619614, 67.58684809837337, 73.98540598127856, 78.82520654928538, 111.8334775038669, 113.1854002779184, 117.08997725653376, 116.233566173492, 123.58698565160567, 121.09689359285822, 114.1916219310193, 100.5144625254843, 90.92160746015189, 84.55962002677141, 77.17778044765656, 62.85817903423412, 51.05841773704705, 45.18794902594214, 45.44546973476829], [56.5833188391205, 65.0510275179976, 74.15686772849263, 79.84666159483479, 75.08155300776399, 64.3500648197421, 56.16015579533621, 15.858222006466612, 11.046037918412194, 9.658419292508272, 11.060591285527053, 18.78183095552436, 8.666186687484355, 0.0, 8.296079348016084, 57.738912547355355, 64.68733749087335, 71.33041019110955, 79.36309223182161, 86.30874399818981, 85.07421438680008, 77.69541115088528, 68.6157947071151, 62.20598545334766, 56.71163733179007, 28.763105231589545, 26.173861616135184, 26.334061234725283, 27.533183361959477, 30.654338582104852, 25.299915181193732, 21.720867442220626, 20.464797906855885, 19.203288628644646, 23.213006337145234, 44.99473431136312, 43.2594616133829, 47.82945543563778, 54.71506034983748, 57.42763222320658, 56.195901914691916, 52.05121555078578, 43.199139340499535, 32.014506814065186, 34.06207443566334, 28.34958476508566, 27.95152782608904, 80.84655807340584, 75.92043785629608, 68.44261406209041, 65.7325755159182, 61.35195823730825, 58.533754295311155, 57.272602374914406, 68.8830630540148, 74.35088023771172, 77.17706923036044, 80.46270886280233, 81.79229045025369, 78.78980758566064, 72.39679217569072, 68.23311800072366, 62.63813603766176, 59.390441373488024, 63.62240130805993, 69.10662360623763, 73.22103025524531, 104.92593103980468, 106.51298144815665, 110.767269912148, 110.46528304612492, 118.25371136387585, 116.4411714813051, 109.88894048290372, 97.6497616989814, 91.16093656154591, 87.03895008527408, 80.8801740392603, 67.6513047013704, 57.5171425153597, 51.8190710636049, 51.21159318135156], [48.40995507811122, 56.91126607286943, 65.90945741397776, 71.57315277296027, 66.78918838624577, 56.06798827275236, 47.88205239757465, 7.901169710537105, 7.340695585449856, 12.810941682576305, 18.113463494235386, 25.93119836986378, 16.712895390903515, 8.296079348016084, 0.0, 50.65442877844367, 57.396817072803, 63.8138524596669, 71.65579924402995, 78.4141805134647, 77.06303053336171, 69.82199841901036, 60.902114358566216, 54.53833096717029, 49.26544648509499, 25.898153868841792, 26.060875561851407, 28.34798242800567, 31.88593745728698, 36.00607069867931, 31.331417937826085, 26.73783568418796, 23.354838956635817, 19.416077832431295, 21.148062530093437, 37.48988610235029, 35.68089214627882, 40.95631084431382, 47.81819617501148, 51.645510981952384, 51.3856191101656, 48.2573059553484, 40.1051995939035, 29.058711937392285, 29.29245352197868, 21.84875437860177, 21.638221302962613, 75.38152841985725, 70.85455033160879, 64.0635433294828, 62.14345346441852, 58.500458535180435, 56.69872996255788, 56.40220217200864, 67.43877057387888, 72.09239260333824, 74.21949844631169, 76.62715423561397, 77.23916360304389, 73.66444496430165, 67.87391294128183, 64.77771572651918, 60.25673122359491, 58.00171198648692, 61.28190408100479, 65.69713645175872, 68.75325117751561, 97.37540857531191, 98.84915204658857, 103.34778161255834, 103.6158207541228, 111.96224223162919, 111.09202091562271, 105.25147529255946, 95.30127754927969, 91.20141383700256, 88.84036180620657, 83.54377111848387, 71.06365456719077, 62.379956325031756, 56.87380120373553, 56.214201300614036], [20.33178930193071, 21.426004163785766, 31.60603663723275, 40.05237261110825, 36.24361895266378, 28.39661324998694, 25.438980676806253, 43.18654155806278, 47.62954243466642, 54.190952486864454, 63.12755748834506, 74.36783465507128, 65.791053907863, 57.738912547355355, 50.65442877844367, 0.0, 7.79971937977553, 15.997620734550562, 26.322619737517467, 36.76282302809247, 36.291942104680885, 25.349308660783215, 14.920024423315162, 9.772213386446797, 5.005750482646933, 36.947865405329615, 46.13630520229922, 53.6086901094682, 63.89146163793075, 71.91494119136308, 70.01899888021121, 62.497810680194334, 54.798971919656616, 47.78456138729842, 41.37349710134549, 14.83006274411848, 26.83436354164473, 39.44250457238112, 49.044464385302454, 58.40069531522536, 61.07446109636722, 63.757871367524324, 65.46624768800733, 61.55781614300745, 46.769072337901534, 36.40056675984947, 30.419335123913427, 81.97645285585381, 80.08999047164907, 77.21960087167211, 79.54242312224511, 80.53132088587647, 84.6577838948884, 89.41537280932897, 95.77543510648476, 95.89726642305708, 94.04217818182359, 91.6673103754283, 88.21578072564104, 82.46977658056315, 80.02829525109686, 82.55588123928776, 84.50152766416284, 88.0233722587631, 85.46194064770523, 83.56009699327588, 81.05133677775503, 62.95329068694588, 74.9829572124043, 87.88554064595085, 97.30390212326677, 110.9257854733391, 117.93250901289332, 117.00275488330219, 118.38463016558663, 127.22318153059278, 131.22261818356978, 128.3605995045316, 117.13214753114244, 109.28120018883276, 99.70043346610223, 91.47396915493337], [20.386979887300274, 18.42469769461255, 27.1615620080888, 35.40547182682056, 32.398275974162004, 26.6521462657661, 25.75042919547886, 49.74488665966307, 54.48672750020541, 61.28818007642812, 70.16961680099904, 81.0350234791024, 72.73700665268137, 64.68733749087335, 57.396817072803, 7.79971937977553, 0.0, 8.318271551351522, 18.803563529763558, 29.611436340566364, 29.389701141293617, 18.20495871482682, 8.481535420631632, 6.8749100657794795, 8.759980592392312, 44.40598095144827, 53.409369887387456, 60.66557187682537, 70.69403772121262, 78.44673836710032, 76.83966473404146, 69.58203208731807, 62.03567193998762, 55.105044900964174, 48.786321202811536, 21.241012516231915, 32.15922166341092, 43.887566616941086, 52.069510087130205, 61.96063686225597, 65.46514790101962, 68.89110148603193, 71.00370184761186, 67.51113269005025, 53.21985780245821, 43.34370117796947, 37.79916107360375, 83.76421229856203, 82.55919382923089, 80.70518852520712, 83.62789829625963, 85.13226586443521, 89.63723657266819, 94.5944675468343, 100.47740951734944, 100.10158901081272, 97.82432561921118, 94.78946619834447, 90.77511928101329, 84.68827840229406, 83.15303751388284, 86.56378638006211, 89.1900822586973, 93.0620128513484, 90.13059731951556, 87.54687186795722, 84.16605266028357, 56.40600547458946, 69.78277655041285, 83.87304076929232, 94.72854855005082, 109.1496175002571, 117.58126762142489, 117.77781342569946, 121.58294900269911, 131.35433928684841, 135.91065808892765, 133.24028048928471, 122.182422183, 114.77029761942154, 105.15075352387086, 97.03730301081526], [21.779976441814025, 16.868895734818242, 22.764220042105922, 30.275474881288453, 28.446523190585996, 25.557415114742607, 26.802793096276034, 56.012823723789616, 61.11618946847668, 68.23090026376335, 77.00871405997738, 87.32261119475724, 79.36658981436425, 71.33041019110955, 63.8138524596669, 15.997620734550562, 8.318271551351522, 0.0, 10.535089759061098, 21.55957101713098, 21.616788504920038, 10.542203814656258, 5.296318212955582, 10.297977943796349, 15.649205963330346, 52.13793343306851, 60.95354350608095, 67.96356316405874, 77.60994835196561, 84.95912657725236, 83.60486385024083, 76.70285039495857, 69.3697384331241, 62.49409162020946, 56.32995795289521, 28.046334065706713, 37.88762802359348, 48.67478562413556, 55.1292063954335, 65.51946153328635, 69.97141519383659, 74.0960727684617, 76.34072863770831, 73.13659914833916, 59.725939993476445, 50.244654803590166, 45.143532457584854, 85.12808326493766, 84.6910901867948, 83.9761692003659, 87.4947291035854, 89.46930029468518, 94.23658890986108, 99.27136190302875, 104.71803465834206, 103.88021307369918, 101.22279890341677, 97.5353799885803, 92.96655214941438, 86.51458780127982, 86.00875623925643, 90.32339431753421, 93.56068916034872, 97.66532571741425, 94.48099984404139, 91.27863023464532, 87.0055708961115, 48.864072044846864, 63.29103450343116, 78.51559084535194, 90.83134163108274, 106.0818315170618, 116.0507746569115, 117.5328296480986, 124.0713264351875, 134.5196786421513, 139.58060347719783, 137.099422199014, 126.28008645468455, 119.4869666946798, 110.03369323621767, 102.41064271757483], [26.50922191733692, 19.66710532180496, 20.342944312695423, 25.594527392289745, 25.922954062872098, 27.237309159433096, 30.577559441362585, 63.76738825548617, 69.1976683624197, 76.62231108725157, 85.21285602135016, 94.77269032326912, 87.31164983582437, 79.36309223182161, 71.65579924402995, 26.322619737517467, 18.803563529763558, 10.535089759061098, 0.0, 11.343870381092428, 12.276191832848369, 5.402131593746582, 12.905878606513433, 19.14302983321068, 25.307320797759214, 61.629031406181305, 70.1723510508947, 76.84425377317062, 85.94753901175334, 92.73460346146724, 91.68904585511324, 85.27787469963937, 78.25483459625151, 71.4800663113553, 65.54885191487287, 37.07947782257548, 45.89217186342324, 55.6514656841797, 60.024988146417606, 70.8525146465307, 76.37976683825993, 81.18154438627853, 83.32453674701281, 80.29731662707778, 68.15718752045254, 59.00226509503534, 54.260650000686994, 87.56646329861043, 88.07488485511227, 88.7288978142836, 92.8761417939174, 95.3072266968849, 100.22981770180542, 105.20861208558263, 110.22459507355028, 108.92686582239722, 105.90321468338901, 101.51673989346023, 96.35584750012717, 89.49743196407945, 90.25056896562717, 95.55336795368115, 99.3727579575419, 103.59916708250917, 100.26882116898106, 96.46942751918505, 91.2201549143599, 39.03993026964933, 54.85535393815428, 71.63818090514116, 85.8915714717762, 102.2184612577926, 114.1885570333711, 117.3810110189089, 127.36830044315934, 138.231426173292, 143.71552290757234, 141.3743728314414, 130.80756085610847, 124.77006712696813, 115.56125104909162, 108.66357885589257], [31.86330822453617, 24.62900347275243, 20.16041141187533, 21.365584735393742, 24.34154834509204, 29.76288033993303, 34.578061935695935, 70.55411931028155, 76.42891305342776, 84.22789826232753, 92.53278296105594, 101.08007681789842, 94.1490303399988, 86.30874399818981, 78.4141805134647, 36.76282302809247, 29.611436340566364, 21.55957101713098, 11.343870381092428, 0.0, 4.284500993150661, 12.631754290733538, 22.65491981334459, 28.552268334297825, 34.974972389575925, 70.90229989255212, 79.19343097399585, 85.53732211263267, 93.98416596032878, 100.07665923333886, 99.20437611452861, 93.36184136140982, 86.70961446865218, 79.99473368737124, 74.37847450790024, 45.69660559129005, 53.17385050635297, 61.71444125892891, 63.7272425253303, 74.84353276093506, 81.5180418865433, 86.941109958756, 88.74440639521639, 85.88603244083365, 75.4729140659514, 66.80734302248933, 62.752319612279685, 88.15257023406667, 89.67061099557631, 91.79697375941534, 96.54145636362477, 99.37777172699161, 104.32993909794506, 109.12867377874478, 113.6845605799721, 111.95285141452702, 108.61912548960042, 103.5719024388968, 97.87258058622334, 90.63179856390485, 92.74643180817016, 99.01999956533984, 103.34162078028028, 107.57159547924172, 104.20687065808629, 99.88449713100587, 93.67661327198307, 28.902673934188194, 44.456291041819064, 62.40164214638908, 78.38293393235527, 95.67149926580309, 109.6032331253863, 114.59682142001387, 128.25398497454796, 139.30276120982194, 145.2703569182458, 143.20416186272905, 133.1885413379715, 128.34274515967877, 119.90346878857282, 114.4382905386499], [29.661430634417233, 22.06845594098323, 16.359236184050587, 17.327816413981857, 20.314204575672168, 26.449428312301823, 31.91962287710031, 69.24707975188443, 75.44561714668146, 83.41829170674568, 91.7183047198524, 100.13897050556143, 93.03336523020737, 85.07421438680008, 77.06303053336171, 36.291942104680885, 29.389701141293617, 21.616788504920038, 12.276191832848369, 4.284500993150661, 0.0, 11.636144682938335, 21.72699248059064, 27.4689295239845, 34.03353784102395, 70.50557280254667, 78.96404793557258, 85.4564448715939, 93.9661506422664, 100.07647246201674, 98.95265004881077, 93.04003695154074, 86.33066124748191, 79.46893345559238, 73.85097055616602, 44.284307983811225, 50.821505405519396, 58.70369267703357, 60.18634614030884, 71.25161576223209, 78.11036084175237, 83.73672983241283, 85.72440042488192, 83.23198722535663, 73.05114054143009, 64.93443019060784, 61.647966009557095, 84.07009203041015, 85.67991354291185, 88.00650988242853, 92.88317515290214, 95.87559507305735, 100.97744161055262, 105.91605253480347, 110.18991582895424, 108.27555991664966, 104.8208063750213, 99.63517479482623, 93.84816341075523, 86.59896602792843, 88.86404159002963, 95.322579297146, 99.85389158352, 104.25033880322658, 100.70440150933898, 96.1750801921371, 89.78533606708073, 30.973208617625957, 43.62111542070919, 60.30800584876479, 75.52444262407995, 92.39856808086276, 105.9357953062076, 110.70721855826737, 124.37191744245712, 136.0684600956074, 142.58761136598457, 140.95856269038993, 131.50986196808924, 127.29025443527924, 119.55708570141077, 114.82056281132797], [23.176138594316416, 15.489982489646588, 15.69861811778285, 21.69174256902209, 21.336184890406486, 22.67335605149103, 26.82281198244265, 61.97692727650676, 67.85179335946928, 75.50905337048648, 84.11783881699196, 93.56653687512105, 85.82764596678653, 77.69541115088528, 69.82199841901036, 25.349308660783215, 18.20495871482682, 10.542203814656258, 5.402131593746582, 12.631754290733538, 11.636144682938335, 0.0, 10.609766116415857, 16.95297949340814, 23.541294608725046, 60.98784143091209, 69.7955947011657, 76.698102996291, 85.92109471066131, 92.76314378180646, 91.36527804903265, 84.82712077069954, 77.70104069017378, 70.70956837798556, 64.74995802113712, 34.801839085519255, 42.358533956293186, 51.34299629462979, 55.25826445656035, 66.02472931503648, 71.71301476746648, 76.77251379747973, 79.23870684963349, 76.71766956118091, 64.69269286867483, 56.26753860359972, 52.60483552665007, 82.42972726664702, 82.97190004890555, 83.76888599945, 88.05949370534765, 90.68570264160658, 95.83392525521268, 101.03686316309118, 105.6990300599908, 104.1751360761695, 100.99928296663816, 96.46558428583201, 91.22027361498928, 84.38092936037575, 85.21784256794317, 90.70547027930677, 94.79154347454084, 99.26589605351066, 95.67091804202845, 91.61098239155207, 86.18008609125586, 41.294996205545594, 54.35767710874762, 69.67715991758678, 82.90840180237086, 98.62416895959936, 109.96860292132163, 112.76172376920105, 122.51396550208325, 134.2573779848966, 140.45263017850365, 138.67545587314936, 128.82625871693517, 123.55750620976204, 115.24581091277038, 109.25934048562667], [17.201745324745186, 12.049778933232508, 19.09273249744148, 27.194715891704423, 24.54921351036603, 20.647363681566922, 22.024464127052557, 53.11922356569468, 58.72158516766049, 66.13558234949133, 74.89487675778467, 84.9704289044624, 76.81898122457034, 68.6157947071151, 60.902114358566216, 14.920024423315162, 8.481535420631632, 5.296318212955582, 12.905878606513433, 22.65491981334459, 21.72699248059064, 10.609766116415857, 0.0, 6.620113063411907, 13.051363712715577, 50.871794908337066, 59.89197572307533, 67.05849384940417, 76.6854438522095, 83.96447503674729, 82.28204834670663, 75.35544265210376, 67.99326735758198, 60.908820482408316, 54.78510551927139, 24.812050597506566, 33.519827630505155, 43.837020945830645, 49.906251189849655, 60.354469044684144, 65.0252374932209, 69.33418473832629, 71.6373614408212, 68.72926700538522, 55.62629241395196, 46.682104150648016, 42.641316045353804, 79.84955213151594, 79.39753607840352, 78.75636883286181, 82.35470616050095, 84.42148864390346, 89.28201123074109, 94.41548434084817, 99.66996551316899, 98.72067049743507, 96.00457466194476, 92.26176357721698, 87.67701206983072, 81.22056710359826, 80.74810617970455, 85.16322589242087, 88.52228062849268, 92.73237539847716, 89.43593696627522, 86.11356397041193, 81.74383170051875, 50.34991343420513, 62.329132186476805, 76.18591788545987, 87.44457002693603, 102.13510478650433, 111.4584107831935, 112.5564553969357, 118.81145101773969, 129.67867998997397, 135.22320377087644, 133.1716170963351, 122.95279784208104, 116.89420906782753, 108.33691899592431, 101.77287157958723], [13.752456424753142, 12.11280172764687, 21.886389850765724, 30.326599246939182, 26.705006671405474, 19.968052026791646, 18.988306365475516, 46.80411306926378, 52.374277053835584, 59.757981162961194, 68.54776743275428, 78.78366177711194, 70.44955597738934, 62.20598545334766, 54.53833096717029, 9.772213386446797, 6.8749100657794795, 10.297977943796349, 19.14302983321068, 28.552268334297825, 27.4689295239845, 16.95297949340814, 6.620113063411907, 0.0, 6.671851147750673, 44.63545686298948, 53.74839746025325, 61.02225277458889, 70.73213565251253, 78.11735050309373, 76.2133929458909, 69.16519343532035, 61.74166830946818, 54.57308897011707, 48.44353785210141, 18.211605721874633, 27.66096570045366, 38.896375924554896, 46.025616401813345, 56.29569778766088, 60.48765447439583, 64.29086352926987, 66.16778446366105, 62.868396469389445, 49.55456724918744, 40.200312680781025, 36.05789455333355, 77.3536736784119, 76.35240436300424, 74.92397815197275, 78.0796031746443, 79.73791677074308, 84.28323699044445, 89.23326803693728, 94.91772206078629, 94.37782358117579, 92.00610936354212, 88.78036534873483, 84.63117476498051, 78.38305792543345, 77.20525481802454, 80.96160747343698, 83.7767821028166, 87.68349404830927, 84.71345096836424, 81.93435622832799, 78.21742313829759, 55.36166754041432, 65.98701514520049, 78.70954804860645, 88.63088235647976, 102.66383549399112, 110.76770249439468, 110.93093430754145, 115.27275467362621, 125.27432320853559, 130.35387946097453, 128.13588223963805, 117.77682602631263, 111.45336512037727, 103.0103526383894, 96.55506162075777], [15.430230821639707, 17.065660420549246, 27.606928636022857, 36.03654447449314, 31.938788869878408, 23.580851869489997, 20.464536793270888, 41.65310788728009, 46.83149388102029, 53.92620412565143, 62.80048094048244, 73.50438092150132, 64.9358408536397, 56.71163733179007, 49.26544648509499, 5.005750482646933, 8.759980592392312, 15.649205963330346, 25.307320797759214, 34.974972389575925, 34.03353784102395, 23.541294608725046, 13.051363712715577, 6.671851147750673, 0.0, 38.18172453383672, 47.416941395659826, 54.853770068604014, 64.82712910693797, 72.50969685443515, 70.43671641979122, 63.12919938813923, 55.5556671577032, 48.358134689602146, 42.115190824221756, 12.57697092839015, 23.763716340288696, 36.15516573816193, 44.90123092779233, 54.648405951459424, 57.95040365733714, 61.00838922515233, 62.55304538582134, 58.79182192724646, 44.779576218065074, 34.76306441368123, 29.928970905325112, 77.54601831185511, 75.88054860767463, 73.43148162811339, 75.99672188569814, 77.15260563670331, 81.34719211928058, 86.11650984700083, 92.30193443644845, 92.25364797350358, 90.28431807465446, 87.69398246607531, 84.07804411987273, 78.16321569187423, 76.08275485130544, 78.9679155731177, 81.12380896156827, 84.7031091217341, 82.08216993507955, 79.96444210459214, 77.10644142226985, 61.16423033386954, 71.51670955937088, 83.61328988389386, 92.54088052081595, 105.98524264355368, 112.93420070873621, 112.1251511140378, 114.2045184709549, 123.2814296682362, 127.71187777249848, 125.18614816224353, 114.46569159121694, 107.46629269393459, 98.74036511183732, 91.78113263057644], [45.50226106163716, 52.25419510426023, 62.9736839425099, 70.50779300725107, 65.91932101037555, 55.25964316083484, 47.846387889855265, 22.761700762030898, 20.084337033918793, 21.654675737435962, 29.96445673902467, 43.2889561375909, 34.78561900384981, 28.763105231589545, 25.898153868841792, 36.947865405329615, 44.40598095144827, 52.13793343306851, 61.629031406181305, 70.90229989255212, 70.50557280254667, 60.98784143091209, 50.871794908337066, 44.63545686298948, 38.18172453383672, 0.0, 9.67116969927573, 17.840639787123244, 28.98667897703098, 38.21586632438079, 35.350399922497104, 26.75280784725749, 18.59258733861285, 12.175110033299454, 5.831614827269115, 29.401811375643813, 35.00588053463933, 45.50945813672425, 57.26277279312032, 62.6596853446168, 61.39188405694043, 59.1703966230415, 56.04255309907051, 48.04524683481279, 36.691725536414744, 24.910471928288693, 14.218079049072065, 89.9358121785168, 85.52504454733246, 78.58246438642993, 77.4758687