{
	"dissimilarities": [[0.0, 8.351016073203423, 17.983648324958118, 26.009691726329763, 20.18293226168727, 12.572249171992294, 7.681563286614516, 40.84333103309585, 47.600828152696145, 55.88740328285303, 64.14412080486596, 72.65926744196314, 64.91268297096045, 55.62091301891952, 48.33995796778543, 19.54065276992808, 19.721709829119938, 20.958633085773005, 25.72247466195494, 30.73578236228144, 29.143405149310574, 22.012855770187816, 15.972308615626169, 13.466050395394557, 13.659572160218598, 45.149167228197975, 53.79559161745338, 60.441351724336336, 69.00889421911337, 75.11960462682391, 73.11010777249146, 66.77108484674193, 60.187402829849816, 53.033533697870446, 47.33513480751255, 17.49561740817014, 20.686398474392636, 31.79386116418635, 36.09735117742465, 47.655881314667525, 54.19102973404019, 58.54482066879755, 58.40394383479891, 54.15947084443262, 43.69943327663083, 34.825299265319444, 34.06786653241195, 66.77355936552514, 64.14763683035255, 64.30125993676411, 67.01726230724675, 68.86055682794918, 72.75323709689373, 81.09366136505892, 83.30453028940126, 81.62530331714854, 79.76733636680648, 76.46499957676136, 72.2565153163699, 66.7605305470225, 66.22865460443838, 70.6014673850872, 73.51128620611554, 78.67515278426252, 74.38931554922961, 71.5110258913667, 67.1996563812357, 54.08450554454033, 59.69254671726453, 67.64079723918726, 77.47637211640476, 90.770958234932, 103.15426098279578, 106.24150536128938, 108.27421335037528, 116.47783512110242, 118.04457136224896, 116.15946047431301, 105.48079248971571, 102.26568243892076, 96.16427070216582, 92.72197167797445], [8.351016073203423, 0.0, 10.291611328260073, 19.68260725777551, 14.355485170119644, 10.540105697424245, 12.077383477794768, 49.17838377979443, 55.88424881701665, 64.10764592496845, 72.42955065653966, 80.99758326150923, 73.25561202258841, 63.94037767727745, 56.6717881145044, 21.922597790393226, 19.135545554455565, 17.267345669243927, 19.641613851340118, 23.630598363744262, 21.663667642754636, 14.851356525122178, 11.995353513990326, 13.167646044852436, 16.78659321445352, 52.42809316005485, 61.27080297284959, 68.07079655206138, 76.86222950979563, 83.11670683080415, 81.21062818734423, 74.80736528611423, 68.06204357263458, 60.88228934954235, 55.05767561533928, 24.152671796154475, 27.358341711248364, 36.55800324052159, 39.67152872643862, 51.198890628588984, 58.1283745003413, 63.24959343807006, 64.25903020721789, 61.08850682001769, 50.32498788177694, 42.45542557802869, 41.73878905746718, 68.31930086732147, 66.55107226187296, 67.63152660571942, 71.16201570015714, 73.6983806701659, 78.15599852407134, 86.99566234369512, 88.42189928618845, 86.06425053571122, 83.5054371216785, 79.3927190271655, 74.52791052699061, 68.66544492830921, 69.16795283711434, 74.61385236162656, 78.46164425361353, 84.30229567511873, 79.30030505176242, 75.49157754380634, 70.11566576027779, 48.49651189270963, 55.04552356670061, 64.13502267299721, 75.42267776294727, 89.37667234631232, 103.09544618713213, 107.17160822815337, 111.52070879833254, 121.65387546949509, 124.29047839983073, 122.92951669188841, 112.76283670178024, 110.07716085529303, 104.00756938857218, 100.37261712711206], [17.983648324958118, 10.291611328260073, 0.0, 10.332585871075738, 7.524669988580629, 12.750033243459253, 18.75183416254296, 58.364701160462694, 65.41122958340706, 73.77894023886013, 81.91646506652995, 89.87023351749296, 82.35091698989301, 73.10080765104921, 65.7677600183909, 31.115055705476106, 26.735167544313974, 22.02949225847927, 19.15800511920996, 18.242708150182693, 15.402051539627864, 13.9667573040805, 18.05947998446387, 21.8367803995702, 26.555224263389494, 62.69336202537861, 71.47322440275799, 78.14317186682456, 86.65853926613897, 92.59563856214345, 90.81514720487932, 84.67519679144786, 78.1054177045832, 70.96760248307623, 65.21298106126204, 34.32475117488689, 36.16098021879444, 43.16439892295678, 43.57984921754051, 55.15463598134356, 63.12326739043588, 69.11118324618565, 70.64583375614284, 68.2594117435463, 58.58836172571207, 51.80036252261775, 51.86279022414742, 68.14512070126372, 67.93376024355445, 70.47002470580742, 74.97703668949585, 78.25067516483212, 83.09667463038436, 91.94448849612732, 92.62192057905804, 89.54124536868335, 86.17770231237243, 81.12122573904635, 75.43658581504322, 69.04565408541005, 71.31252857132642, 78.0999822747857, 82.89325978920567, 89.13224223761, 83.65278148023066, 78.89895275365463, 72.18837177260434, 42.2428598108202, 47.075543705330794, 56.40000496878709, 68.9811426689969, 83.64223385734905, 98.93033499233688, 104.3424674923994, 112.37889579191588, 124.31660501460455, 128.33291925509604, 127.66310182019461, 118.39728829454295, 116.96631608163862, 111.59689059775972, 108.94224815614501], [26.009691726329763, 19.68260725777551, 10.332585871075738, 0.0, 7.874578130063986, 17.706393475438702, 24.38076123208878, 64.28107815958401, 71.81445604114282, 80.3868561101546, 88.10458628257935, 94.94768023262513, 87.83944812189308, 78.80086679817785, 71.43967469379895, 41.22889465549487, 36.96448820838315, 31.816842551049657, 26.704827777336238, 21.494302873263322, 18.586942454309614, 22.61038823957784, 28.31942847259904, 32.03901125634474, 36.4220489205524, 71.12660290343598, 79.61957997013806, 85.92956967832929, 93.76304942689946, 99.01983306540895, 97.33607978799691, 91.70725416862359, 85.60213358927186, 78.58586110455006, 73.0805893230182, 43.05407761001428, 43.095508541378756, 48.41784147340092, 45.77480504066793, 57.41188075080964, 66.6384207371626, 73.18471772957875, 74.33138806860127, 72.13601823001144, 64.58046408818339, 58.62110131194012, 59.800112644855616, 65.54525480692055, 67.05627622199788, 71.0122582825617, 76.22335818252039, 79.94033678901476, 84.77612791879714, 93.01248130466382, 93.3094830298482, 89.79106683109475, 85.87866816196178, 80.17093458520137, 73.86135912982856, 66.99018602721834, 71.11181562013128, 78.92244490233897, 84.22259322266008, 90.32904695779624, 84.88817826433153, 79.61976009563496, 71.88708668760445, 39.57090817468516, 38.71703286227277, 46.365270632195326, 59.36432429774695, 74.56485930589034, 91.03050175716864, 97.61007013970054, 109.38880072995734, 122.09800161352328, 127.25221936392357, 127.18278459598918, 118.94505712254268, 119.10741217840248, 114.95472556855887, 114.19739108336725], [20.18293226168727, 14.355485170119644, 7.524669988580629, 7.874578130063986, 0.0, 10.233055229064782, 17.899117716239676, 58.330780635677186, 66.00496436410342, 74.562871412432, 82.39196277932096, 89.62065152012467, 82.03542954804867, 72.79584073399953, 65.50202754470793, 35.98004004896506, 32.640631059014304, 28.94272123592773, 26.671798332554953, 24.644042687032055, 21.639359270771838, 21.345519605466485, 24.250243803342784, 26.9851041155272, 30.7496422003688, 65.07336225927868, 73.75075086227726, 80.34821282552087, 88.53066311292243, 94.07056844964836, 92.05100699485885, 86.03434714422646, 79.7487559180327, 72.57792083822774, 66.98469975485105, 36.47453579366022, 35.726619626911486, 40.69529483850488, 38.846527478350104, 50.45240258754435, 59.2709609377903, 65.69112849755535, 67.1291881352873, 65.273128009445, 57.047391708197146, 51.57450499688114, 53.35016402936796, 61.22648730699303, 61.64139596187501, 64.85044079802061, 69.7738239320981, 73.36937990014763, 78.33017299467464, 87.08389396462591, 87.32735597687622, 83.9162453736584, 80.2249664431929, 74.83847588016782, 68.88563577224538, 62.30753329786608, 65.33131425327987, 72.67357025335097, 77.85214597710824, 84.21389762872276, 78.55837789884947, 73.42074314848884, 66.1632917796371, 46.10650572726067, 46.15590882881787, 52.094593437430724, 63.246134223552794, 76.95259830813852, 91.7427569179507, 96.99685681674708, 105.5341138105897, 118.40725981602102, 123.36758413403302, 123.47130632953139, 115.27127010550849, 115.26989733141832, 111.36686256604266, 110.47756416672503], [12.572249171992294, 10.540105697424245, 12.750033243459253, 17.706393475438702, 10.233055229064782, 0.0, 8.63976283995047, 48.770168933686364, 56.537845610696266, 65.06291067088448, 72.93304230569991, 80.47235246861786, 72.51690109462514, 63.14569970805212, 55.92564878190819, 29.80003680659789, 28.493574401868557, 27.47037930689429, 29.070988944897817, 30.54256742705011, 27.932714110643406, 23.57645570872412, 21.704703781191647, 21.969900538836423, 23.934077243465854, 55.847039167712815, 64.5306683099056, 71.25451668119888, 79.58357946739685, 85.27750056717589, 82.9559339491152, 76.67381844063604, 70.33608994062273, 63.087861053394256, 57.510667875087, 27.331843706559184, 25.53101013870863, 31.280965878288665, 31.169100316347755, 43.042036714973996, 51.24703126995176, 57.07396878734283, 58.061473153312924, 55.79403936801817, 46.98949360165043, 41.380153446389315, 43.692510903127925, 57.982376343174074, 56.75657981606759, 58.59094761758732, 62.6868728515627, 65.69899680297893, 70.4115436995408, 79.32276770911841, 80.0883516196905, 77.24703107985917, 74.24428107741956, 69.71225652251897, 64.53853231838876, 58.47206319704587, 59.72835765902033, 65.89684092050013, 70.32421444355364, 76.4719926564271, 71.10120474614419, 66.71951383047788, 60.63666677636536, 53.539540102793765, 54.45078930448368, 59.273544382367795, 68.43698516896673, 80.81612595479123, 93.52077653485736, 97.125791661974, 101.51673122556832, 113.09160715764605, 117.08647714028211, 116.89485032194992, 108.28288289863956, 107.68493851975286, 103.8221408046174, 102.78109778852591], [7.681563286614516, 12.077383477794768, 18.75183416254296, 24.38076123208878, 17.899117716239676, 8.63976283995047, 0.0, 40.47562778820106, 48.159887008463514, 56.72384143749662, 64.55224924916858, 72.08827116936052, 64.29295072224528, 54.99478814205189, 47.70101771734194, 26.46876790491537, 27.015425532500906, 27.869737687685024, 31.33386842907939, 34.43382501861185, 32.37396644217687, 26.915950433009552, 22.41871953246782, 20.487478561457333, 20.379176328261625, 48.328109846382844, 56.706002104333216, 63.15098771832984, 71.17513521438663, 76.70973636500737, 74.44738905250865, 68.34415633715193, 62.192581929501465, 55.05576968523186, 49.63810168752231, 21.149950408257364, 19.635018746881244, 28.299685806006767, 29.990423695766435, 42.087686896262575, 49.75161005048428, 54.58508832555324, 54.09299172498505, 50.21265322556611, 41.620657194555754, 34.353504509908895, 36.14627725481801, 59.508703002529245, 57.335775043652404, 58.04517305855318, 61.11461595002024, 63.224963428186186, 67.18905852113045, 75.39045611449443, 77.28436838229565, 75.33815114850007, 73.22401919328242, 69.68259923303457, 65.27669149024415, 59.6027993956205, 59.67117629937888, 64.51333828387912, 67.7212380163098, 72.94333583410491, 68.55474004361893, 65.38061121709623, 60.61030652665348, 56.588504260306664, 58.26352921418514, 63.40785815880883, 71.76464287849505, 84.10195622908844, 95.81716342090016, 98.6351880764108, 100.95690478628366, 109.83003084307778, 112.27982875837445, 111.14593108149796, 101.53417524728216, 99.91521564845493, 95.4891404525908, 94.19477898484429], [40.84333103309585, 49.17838377979443, 58.364701160462694, 64.28107815958401, 58.330780635677186, 48.770168933686364, 40.47562778820106, 0.0, 9.009372485460407, 17.400576514235986, 24.35300077143977, 32.548129886590424, 24.093885705375815, 14.828765390934775, 7.552479024616354, 43.261519238575225, 49.852551921445226, 56.0004951850484, 63.67824629792407, 70.04798783402848, 69.05921640165768, 61.58486976236739, 52.824581261453005, 46.945335907208005, 41.20236067527482, 23.066521254200126, 25.845770460590067, 29.401809215763983, 34.69699002074839, 39.128106663677784, 35.76345057147358, 30.062792973795677, 25.96425776834888, 20.499298677619045, 18.62951611484705, 30.187439576694807, 28.197038106040075, 35.95167581440691, 43.24099927534049, 48.892321483090996, 50.544221945681834, 48.93955033543969, 41.497095888413845, 30.287563367858777, 26.947622742175827, 16.046870425917103, 16.64671494186123, 72.74060163250391, 66.34577227011084, 61.53822600611205, 59.03477119547729, 56.30645325043374, 55.8903092254963, 59.85480900409024, 66.7311499789868, 69.4111769268239, 71.89239173733814, 73.55817347223692, 73.51218523984566, 70.98059117338137, 65.16499669506511, 62.654170398628224, 59.4053081747208, 59.50624911602554, 60.37818087651444, 63.57343471592393, 66.05308981980345, 89.10517734413915, 91.63435371658143, 94.99674008219468, 98.55137955343189, 107.63832247657393, 112.97936444462837, 111.00909383391011, 100.35634477478843, 97.5431007197346, 92.56579225742699, 87.63494249613416, 74.1821186912435, 67.25348136520849, 61.51044178463209, 59.78955507068072], [47.600828152696145, 55.88424881701665, 65.41122958340706, 71.81445604114282, 66.00496436410342, 56.537845610696266, 48.159887008463514, 9.009372485460407, 0.0, 8.708906907875292, 16.566533044446356, 26.871641918994264, 18.816497651285427, 11.049117506035582, 7.503237255199983, 47.21602526825252, 54.126993365944685, 60.70664253656693, 68.80536608217096, 75.80657978609149, 75.0946093324439, 67.30042027433628, 58.21583600251055, 52.16029524837823, 46.186886012666044, 19.424228974892802, 19.035802639030827, 21.034465496171826, 25.752952400034562, 30.60935701557948, 27.12851925517537, 21.13867621722278, 17.36445052082979, 13.068061065959746, 13.550326037399875, 35.5269750291514, 35.52393040401745, 43.54790801025799, 51.78455309359924, 56.703945450057304, 57.18157415013888, 54.64218222797512, 47.07009688666908, 35.75143263242929, 32.33102379056282, 21.975730083580615, 18.974998285378607, 81.15010607882205, 74.36963736987968, 68.96709054104954, 65.81445160762176, 62.49150357234073, 61.460329578058726, 64.62250198987628, 72.16815566871436, 75.54475200708613, 78.65072896578528, 80.95398117700614, 81.40527860927456, 79.24228018843536, 72.81312672972733, 69.41616575306122, 65.34742832815546, 64.65927562919096, 66.31948216873582, 70.33007908807991, 73.68856004622033, 94.37711661070422, 98.48569500881757, 102.89536610947883, 106.74772580587644, 116.09053907392075, 121.21833574709397, 118.96912609848579, 106.94928300799914, 102.00041216676345, 95.2100267996591, 89.03083069202458, 74.19765992725162, 64.65249652564817, 56.82095474264814, 52.57674094415032], [55.88740328285303, 64.10764592496845, 73.77894023886013, 80.3868561101546, 74.562871412432, 65.06291067088448, 56.72384143749662, 17.400576514235986, 8.708906907875292, 0.0, 8.975315463656361, 21.605867857518845, 14.233844457994545, 10.720777412584406, 12.995372734701878, 53.89682876460547, 61.00418382842332, 67.88575342558596, 76.29408422967843, 83.6624754182649, 83.07282562047149, 75.03650963370141, 65.728926659128, 59.57838444784196, 53.484638068109874, 21.268854793156805, 16.825115931228858, 15.833026296321279, 18.541890102120338, 23.408612106729112, 19.20763384289749, 12.771821638319807, 10.852987082219075, 10.505749133198023, 14.83087613931318, 42.9508653751978, 43.373830156987445, 50.63152808983464, 59.26124149243377, 63.11626798979418, 62.44043298456014, 58.92231669658913, 51.04276934805479, 39.8322835944214, 37.33356707572413, 28.74042459844656, 25.24059789112621, 87.8655756176553, 80.61162825635576, 74.53410539945821, 70.63696699124918, 66.66672956488534, 64.94789973182253, 67.24063696052555, 75.35676226523766, 79.45414464327567, 83.24545641997648, 86.30381418241424, 87.39421533997498, 85.74904465906194, 78.58544924753475, 74.15154962211284, 69.18363717855574, 67.65150472532937, 70.13938636072609, 75.04424853327882, 79.43183908760102, 101.99442181456536, 106.73380995671279, 111.29918290195512, 114.85649880236237, 123.8622605770979, 128.22616647304346, 125.34402419304445, 111.25154860902224, 104.34554639096795, 95.97782334047112, 88.93070437425838, 73.32464442563575, 61.821011837140645, 52.932376189409034, 47.071283913903805], [64.14412080486596, 72.42955065653966, 81.91646506652995, 88.10458628257935, 82.39196277932096, 72.93304230569991, 64.55224924916858, 24.35300077143977, 16.566533044446356, 8.975315463656361, 0.0, 13.59678720813917, 8.643369283861185, 12.506619688299674, 18.103797722785956, 62.836127626843286, 69.89525916597005, 76.66749666123613, 84.85275690163147, 91.94903262166498, 91.36136573186899, 83.63530525253601, 74.48248193856001, 68.37686311390046, 62.32545642932026, 29.646867100337534, 23.5956553554241, 19.785113967063673, 17.00882898121787, 18.42560404001784, 13.513165855040185, 10.736329832070595, 14.738476944120688, 18.05832860997147, 23.338375653870045, 51.71226195777352, 51.37748546690523, 57.55835453876305, 65.28062282664828, 68.3026693390827, 67.27999329094386, 63.06775919535938, 54.0867825069447, 42.47863533044917, 43.10585423904217, 36.326445190370016, 34.08700852376113, 91.83981320549309, 84.52923568856363, 78.12512704818316, 73.54898201343103, 68.8874867685903, 66.14585008404066, 66.71447948587273, 75.71059865620217, 80.65982354503103, 85.18979636778926, 89.05162195622553, 90.7745400491082, 89.59312829004746, 82.14830346642162, 76.78109083741576, 70.75086896221939, 67.82163492774794, 71.64761636872018, 77.60640372274487, 82.9240483684698, 109.42690603423482, 113.18522428757281, 116.90101589010591, 119.42076638269528, 127.70026701696519, 130.88164225824048, 127.27082838940828, 111.57864533274747, 101.80863225072886, 91.7166406815933, 83.71550933586049, 67.48282300593861, 54.70743106809922, 46.05333542220074, 41.583011546057826], [72.65926744196314, 80.99758326150923, 89.87023351749296, 94.94768023262513, 89.62065152012467, 80.47235246861786, 72.08827116936052, 32.548129886590424, 26.871641918994264, 21.605867857518845, 13.59678720813917, 0.0, 10.580662062794273, 19.563596612862522, 25.51217153934339, 73.94752691493353, 80.68687550694773, 86.90772748923334, 94.26438432481245, 100.40549916967025, 99.74436997887186, 92.9879308335268, 84.45348695190673, 78.58184898341314, 72.77951955863958, 42.811444513803146, 36.997347265894035, 32.33756164497288, 25.79968827460948, 21.37666881422891, 18.341474327056726, 21.937522358908218, 27.98178172121826, 31.504449411871093, 36.42646836483234, 62.13919093581297, 60.38323631175647, 65.39076422905953, 70.81922481335289, 73.3763815302064, 73.01606354588964, 68.59647235131817, 57.865019086190216, 45.53816984803594, 51.13548024140453, 45.91556453445239, 45.604553737222304, 93.59663593007495, 86.89984497962045, 80.74692569030461, 75.7016245017337, 70.40683547175726, 66.28392021013472, 63.89275522051774, 74.15349606067993, 80.0660050844495, 85.32322359002696, 89.95364615158012, 92.21568987381721, 91.37391798309791, 84.38895739060266, 78.38082648918646, 71.21226181743386, 66.1764339896365, 71.98427880858657, 79.07357091551908, 85.03749209793187, 116.06350979471642, 117.19406265215132, 119.082837546643, 119.77617993857761, 126.96739109089559, 128.56811889959533, 124.24897295162755, 108.01773755177368, 93.8208399165198, 81.50403851399214, 72.04748483718369, 54.8761298423794, 41.264606116629885, 34.746654705182465, 37.191759882979476], [64.91268297096045, 73.25561202258841, 82.35091698989301, 87.83944812189308, 82.03542954804867, 72.51690109462514, 64.29295072224528, 24.093885705375815, 18.816497651285427, 14.233844457994545, 8.643369283861185, 10.580662062794273, 0.0, 9.704903247237967, 16.664448683646302, 65.80621891632691, 72.77440229249368, 79.31203458229682, 87.18723085510725, 93.67287232664114, 92.83211385761771, 85.45426229503603, 76.53035052688759, 70.50915111848381, 64.55194688282334, 35.01126585237905, 30.50452133479772, 27.968117349171735, 25.469568238783044, 25.157151142206718, 20.550827234594987, 19.1742232932795, 22.477324644999683, 24.176189070633217, 28.44260469277399, 53.41889545901268, 51.08324899867084, 55.55301136051581, 61.82837453933111, 64.09681860761019, 63.264655805104766, 58.85916016661629, 48.75782677414493, 36.70416300857822, 40.753221579103226, 35.98300698029554, 36.624694963343565, 86.12938221968005, 78.88137287801202, 72.41621532900346, 67.50463784071152, 62.492893079151145, 59.140173572889516, 58.73613291799031, 68.13692339405605, 73.44309629023007, 78.29922541184516, 82.57127390473586, 84.66224750674603, 83.80022727794284, 76.31168476513291, 70.48456600747, 63.90029557338322, 60.18846962136367, 64.7499110930829, 71.25154112939853, 77.02479060221182, 111.17660369324128, 112.7038868224631, 114.54181100240913, 115.66600950855268, 122.73919091362367, 124.69001258621603, 120.38596603947796, 103.6288444438491, 93.2606833241441, 83.34589383550022, 75.90538921662153, 60.61913408842664, 49.97742426815326, 44.92873626387055, 45.57661874540608], [55.62091301891952, 63.94037767727745, 73.10080765104921, 78.80086679817785, 72.79584073399953, 63.14569970805212, 54.99478814205189, 14.828765390934775, 11.049117506035582, 10.720777412584406, 12.506619688299674, 19.563596612862522, 9.704903247237967, 0.0, 7.414490191059462, 56.79533853861996, 63.75100978603997, 70.29356183557698, 78.28098053403349, 84.82232183678416, 83.87297486147091, 76.27843487212506, 67.27778977532932, 61.248809762878885, 55.29616722458329, 28.402403365231702, 26.303603139393264, 26.448267298392704, 27.92617358663947, 30.35927672489496, 25.883641147281672, 21.455990848202514, 20.985935509221363, 19.492005467596478, 21.97185683341827, 43.98576085202602, 41.38261958650705, 46.287082205859406, 53.12717632036653, 56.12047479592761, 55.767234664424294, 52.076358653298506, 42.754095315516786, 30.682819648478592, 32.34068375856338, 26.407186454848308, 27.673646309743805, 79.37037040019725, 72.13110105100841, 65.96921388725418, 61.732142151067286, 57.420252793965936, 55.158146529657834, 56.74810157320764, 65.16610440510878, 69.52303886143069, 73.58374080866624, 77.01936910780977, 78.47128468918773, 77.1472800382481, 69.902385515879, 65.01944919923197, 59.539987936729084, 57.38263139836724, 60.46005508833608, 65.86061184972523, 70.68932565400664, 103.3222179068249, 105.15008144797646, 107.29471492963255, 109.15425909928989, 116.69358918856973, 119.65682755125394, 115.98846300932207, 100.76977814501402, 93.83381077142023, 86.16280243600428, 80.09735230869126, 65.90131885235913, 57.25998750643416, 52.355745842078576, 51.97813491574452], [48.33995796778543, 56.6717881145044, 65.7677600183909, 71.43967469379895, 65.50202754470793, 55.92564878190819, 47.70101771734194, 7.552479024616354, 7.503237255199983, 12.995372734701878, 18.103797722785956, 25.51217153934339, 16.664448683646302, 7.414490191059462, 0.0, 50.4176694807194, 57.16351540239573, 63.45104711445838, 71.18984218239315, 77.53572602325896, 76.55768166680615, 69.13645646689137, 60.32862515127088, 54.40180423629431, 48.580573728293174, 25.70823833215551, 25.898412091544493, 27.71007979240987, 31.06333899073937, 34.41640525272208, 30.57565598889008, 25.562306841183428, 23.173965357512618, 19.48166955182399, 19.91601725873795, 37.40762362447475, 34.87370122794634, 40.940012401857636, 47.742039263115466, 52.02628519720305, 52.779577534903375, 50.10809167453897, 41.41309674040942, 29.349685129057463, 29.164091080168397, 21.025944892848194, 22.31854730921307, 75.37269469321087, 68.594241908537, 63.12156522819341, 59.70975037031524, 56.12970905547698, 54.698406188953655, 57.33955967709455, 65.11160841468836, 68.68111208142501, 71.99145300589615, 74.58343767578049, 75.30872505466927, 73.37971623912722, 66.88332602378506, 63.146671441214075, 58.693610385477825, 57.543035817326086, 59.64009566448778, 64.02329343558148, 67.71552962259014, 96.12118038941313, 98.0078638965521, 100.56445595913566, 103.09812555824594, 111.33847570078738, 115.39503436329605, 112.54336760101525, 99.67009399774714, 94.6032075607895, 88.26501204096525, 82.74469180847166, 68.89384321015555, 61.27950766051341, 56.08778953913266, 55.40250142368804], [19.54065276992808, 21.922597790393226, 31.115055705476106, 41.22889465549487, 35.98004004896506, 29.80003680659789, 26.46876790491537, 43.261519238575225, 47.21602526825252, 53.89682876460547, 62.836127626843286, 73.94752691493353, 65.80621891632691, 56.79533853861996, 50.4176694807194, 0.0, 7.6786482070951765, 15.887414579871107, 26.67276490308318, 36.59632380882803, 36.12887197652003, 25.179436996999463, 14.837585564168922, 9.351602578131194, 6.128791700856294, 36.87785717589407, 46.0315459997614, 53.521149606819414, 63.89552469225606, 71.7994656704761, 69.83921514504206, 62.38405653465434, 54.623455012451, 47.61969762409902, 41.451776963321464, 14.833127177107125, 26.034376727539804, 38.301113183859925, 48.09362804232613, 57.266053127060545, 60.29422600601342, 63.1454517693992, 64.46472336310985, 60.599647247721535, 45.71584322750333, 35.675929767783956, 29.935299492647836, 81.39586403743812, 76.85803658289103, 75.08027268374175, 76.67351786376739, 77.84140038833601, 81.72776709357439, 90.95523601931703, 93.40704522549863, 92.29662486578785, 91.15591189871967, 88.70804989247075, 85.39730256671426, 80.81115282163101, 77.93969456153756, 80.70705618235088, 82.91192406174159, 88.31393351912398, 83.89244417768377, 81.7214691860569, 78.99066147382803, 61.50632488488744, 74.34630297407281, 85.54834004187067, 96.62321856019814, 110.07929128091567, 122.16904889669227, 124.53439376040498, 122.68456869339745, 130.3758887358737, 130.31680428336628, 127.45601014133966, 115.16426307748044, 108.71560983365376, 99.70017217252494, 91.21887673032933], [19.721709829119938, 19.135545554455565, 26.735167544313974, 36.96448820838315, 32.640631059014304, 28.493574401868557, 27.015425532500906, 49.852551921445226, 54.126993365944685, 61.00418382842332, 69.89525916597005, 80.68687550694773, 72.77440229249368, 63.75100978603997, 57.16351540239573, 7.6786482070951765, 0.0, 8.397862210774422, 19.461585267015227, 29.76911901207379, 29.474635336401473, 18.364765911747124, 8.938324779348982, 6.6967574822349665, 9.586467312422284, 44.28748513425478, 53.28842749210468, 60.565068211802156, 70.70275590340239, 78.4188465113311, 76.71310276491764, 69.52181657812577, 61.877893420526405, 54.961095119977784, 48.8501418747065, 21.2075537312053, 31.185523634920806, 42.69490282925617, 51.08865041512713, 60.82663149828506, 64.6595473533626, 68.24173792307005, 70.04870489011589, 66.5927559510644, 52.1147481503777, 42.535190567469016, 37.33150078461081, 83.1370263416058, 79.44187325142363, 78.54201748026284, 80.82780276742488, 82.52322349858696, 86.75735238716568, 96.13993415426357, 98.17410749608692, 96.58130032513361, 94.89819661753896, 91.79073590547335, 87.89013540599801, 82.88112717757575, 81.03420587277006, 84.74532521237872, 87.63180153520753, 93.39238942542002, 88.58090195845766, 85.73211046682752, 82.0665748263798, 55.17120907180906, 69.4262289204267, 81.93769490156198, 94.2413062283494, 108.5066528507495, 121.84058199300566, 125.16509652728226, 125.73186033290236, 134.49753403950297, 135.14466389758417, 132.5008676619485, 120.42020796416551, 114.39731066926713, 105.30751987370982, 96.90573650372208], [20.958633085773005, 17.267345669243927, 22.02949225847927, 31.816842551049657, 28.94272123592773, 27.47037930689429, 27.869737687685024, 56.0004951850484, 60.70664253656693, 67.88575342558596, 76.66749666123613, 86.90772748923334, 79.31203458229682, 70.29356183557698, 63.45104711445838, 15.887414579871107, 8.397862210774422, 0.0, 11.155971734236916, 21.671552442660772, 21.598615924216837, 10.876770694160472, 6.312462469593067, 10.355609986340788, 15.980425988911936, 52.012033765636474, 60.84209590653678, 67.8233877335409, 77.53295802024563, 84.87228558403456, 83.43358623122234, 76.63262851566064, 69.22071444031768, 62.37114167219217, 56.348361160504474, 27.938998324075058, 36.63025523719638, 47.48016392357956, 54.05051448575551, 64.44906031919639, 69.33309923281406, 73.62336855011019, 75.54412749175599, 72.23916882841228, 58.635874816151045, 49.3081850553946, 44.70614920051689, 84.31922421999094, 81.6833592001559, 81.79872926918482, 84.7742097065742, 86.94858704003116, 91.4059773721011, 100.69556327451626, 102.42608758313386, 100.40342200699925, 98.20133826564413, 94.4462285050804, 89.9327215828898, 84.44683262319232, 83.84097727011667, 88.51947313179454, 92.0004637840821, 97.93760421609214, 92.90827657370941, 89.46507058313009, 84.83983231509848, 47.42697544401166, 62.73694737010485, 76.56773671077924, 90.10731709473252, 105.28336186317576, 119.95086474705253, 124.36458145710176, 127.83838902018356, 137.3879340540604, 138.7274994560673, 136.26791560081978, 124.44959842207732, 119.03696649161294, 110.05998029837049, 102.18976416079103], [25.72247466195494, 19.641613851340118, 19.15800511920996, 26.704827777336238, 26.671798332554953, 29.070988944897817, 31.33386842907939, 63.67824629792407, 68.80536608217096, 76.29408422967843, 84.85275690163147, 94.26438432481245, 87.18723085510725, 78.28098053403349, 71.18984218239315, 26.67276490308318, 19.461585267015227, 11.155971734236916, 0.0, 10.934985855014949, 11.682009048549741, 6.770708815779998, 14.118517907781824, 19.79220907772748, 25.741316718961855, 61.72745384283099, 70.26895056682065, 76.80037142371077, 85.83720874122915, 92.58529838466445, 91.50894224743703, 85.29731945698023, 78.26557416505045, 71.55159821920147, 65.69986487863187, 37.19787199353726, 44.54565035907847, 54.7280693288209, 58.98020514278601, 70.08734915775038, 76.26228398852648, 81.24683477797217, 82.94921707681335, 79.55640211290189, 67.33087856443942, 58.108831886278324, 54.07520163724039, 86.53669921305055, 85.32869098161642, 86.69464622962263, 90.39945315123849, 93.02959123361748, 97.58213637945221, 106.47447656692393, 108.00467446913605, 105.58184683958395, 102.84693747270332, 98.40539679160945, 93.20559634444528, 87.15511407741474, 88.15410432184864, 93.8890794415605, 97.90809356752158, 103.82145531772868, 98.75870914370553, 94.77308418543309, 89.0964948446912, 36.70293959829667, 53.38654382291595, 69.19478165098127, 84.36575510295934, 100.836127580512, 117.23719997231068, 123.11492224963071, 130.5258568503595, 140.54951659626204, 142.57911943308085, 140.22014851261986, 128.68551749350658, 124.02795104797661, 115.22636804955442, 108.21398715477952], [30.73578236228144, 23.630598363744262, 18.242708150182693, 21.494302873263322, 24.644042687032055, 30.54256742705011, 34.43382501861185, 70.04798783402848, 75.80657978609149, 83.6624754182649, 91.94903262166498, 100.40549916967025, 93.67287232664114, 84.82232183678416, 77.53572602325896, 36.59632380882803, 29.76911901207379, 21.671552442660772, 10.934985855014949, 0.0, 3.2711870016703424, 12.860611885253359, 22.926305378336412, 28.68916876388232, 34.59429895449191, 70.69996429085597, 79.09875761621778, 85.33735734880698, 93.76296994193989, 99.8826164630757, 98.94656674997726, 93.2066511635929, 86.55384001773226, 79.85932369271008, 74.14859024941033, 45.196863431761024, 50.763723039895225, 59.81798526579064, 61.62088009422944, 73.1502554615991, 80.56784447039833, 86.22376190538724, 87.71602450754051, 84.46072061767994, 73.80304118384518, 65.13186766720209, 62.22046019263262, 85.84500107347439, 86.08283796786303, 88.69932233976776, 93.11306083503457, 96.20974171181624, 100.8567675931562, 109.3470315279186, 110.54024462190928, 107.67587372300524, 104.39474722751831, 99.29325763542344, 93.46733235140891, 86.94023587310694, 89.54036779193002, 96.29061825030134, 100.86200396381648, 106.77066027370891, 101.64175244611896, 97.0993987906382, 90.41135776299944, 27.80712960532304, 43.316883473890385, 60.10743941457379, 76.45843202705785, 93.79297653169418, 111.58951347495987, 118.75175425043926, 129.8719138464506, 140.63132396208914, 143.6484616534537, 141.71939057740332, 130.9299160889695, 127.58052815185445, 119.65344270578545, 114.26923468350135], [29.143405149310574, 21.663667642754636, 15.402051539627864, 18.586942454309614, 21.639359270771838, 27.932714110643406, 32.37396644217687, 69.05921640165768, 75.0946093324439, 83.07282562047149, 91.36136573186899, 99.74436997887186, 92.83211385761771, 83.87297486147091, 76.55768166680615, 36.12887197652003, 29.474635336401473, 21.598615924216837, 11.682009048549741, 3.2711870016703424, 0.0, 11.76013893820617, 21.97041375935879, 27.766920279775867, 33.70173423638595, 70.33256485100193, 78.86529493521451, 85.23573379713241, 93.73537108036949, 99.85250187236518, 98.74868319801716, 92.89940307774799, 86.22302477615293, 79.41173723488654, 73.65564160421499, 44.056164226206235, 48.96383839618412, 57.48574882907719, 58.92028160821142, 70.39177055670478, 77.9331430616911, 83.74246949088956, 85.39884871010014, 82.45040818272109, 71.92643424951923, 63.707334435751946, 61.37663166420686, 82.77588459348303, 83.07383413483335, 85.80969458808976, 90.34986252717854, 93.57520020382884, 98.33637211380493, 106.96325642709395, 107.93598837396719, 104.92888776635199, 101.52781807673632, 96.31726006973967, 90.42867232839733, 83.8915727150345, 86.58797638989941, 93.48996499525977, 98.23521553355448, 104.30164790721095, 99.00412946254706, 94.29018001565592, 87.45308015508283, 29.784204944763356, 43.04744794111115, 58.64077291961743, 74.58037052298462, 91.50836584860858, 109.06388084335462, 116.07215747500598, 127.0107665845751, 138.32420292523213, 141.72183875595326, 140.1358144001542, 129.73918662926948, 126.86814801705744, 119.47498035937649, 114.63394714591695], [22.012855770187816, 14.851356525122178, 13.9667573040805, 22.61038823957784, 21.345519605466485, 23.57645570872412, 26.915950433009552, 61.58486976236739, 67.30042027433628, 75.03650963370141, 83.63530525253601, 92.9879308335268, 85.45426229503603, 76.27843487212506, 69.13645646689137, 25.179436996999463, 18.364765911747124, 10.876770694160472, 6.770708815779998, 12.860611885253359, 11.76013893820617, 0.0, 10.66108948109081, 16.899986023695796, 23.168650857765716, 60.77903872266271, 69.66581895171373, 76.5441693434337, 85.81623495937751, 92.61959400527138, 91.14879124110914, 84.63393864589862, 77.50127061362082, 70.50695612902496, 64.52331428509825, 34.282939337118826, 40.27480137187506, 49.35608128865762, 53.198570562688715, 64.11499456720871, 70.38833705684667, 75.67758400672898, 77.87126518405391, 75.2216258142561, 62.99645826998884, 54.7987254633938, 52.0486108337898, 80.44296608022559, 79.16495082767707, 80.6336568365606, 84.55609851627892, 87.44651643396166, 92.28396079223567, 101.58593097070386, 102.62670628000653, 99.90926293943353, 96.94847279797105, 92.3209528673871, 87.04903862113035, 81.04342828104646, 82.03755567696207, 88.00987759776181, 92.39328198878447, 98.71094428177031, 93.22945756735406, 88.88610665941265, 82.97804495754886, 40.458653435853954, 53.77257299099337, 67.34987827049711, 81.58597645986869, 97.09160360428825, 112.8441994154614, 118.28131084607561, 124.9321332277595, 136.1724190090102, 138.96835867259784, 137.33516944014923, 126.60303973192256, 122.88284364733153, 115.17556054053183, 109.21579821071747], [15.972308615626169, 11.995353513990326, 18.05947998446387, 28.31942847259904, 24.250243803342784, 21.704703781191647, 22.41871953246782, 52.824581261453005, 58.21583600251055, 65.728926659128, 74.48248193856001, 84.45348695190673, 76.53035052688759, 67.27778977532932, 60.32862515127088, 14.837585564168922, 8.938324779348982, 6.312462469593067, 14.118517907781824, 22.926305378336412, 21.97041375935879, 10.66108948109081, 0.0, 6.401443430279612, 12.76084479027564, 50.69898902705313, 59.78532018531889, 66.97417553297, 76.6913925378356, 83.89474657591303, 82.1244495394885, 75.18375039831702, 67.80464017197868, 60.702642902305385, 54.60744909351351, 24.27564553681413, 31.530229029351624, 41.71832074775919, 47.86294895493721, 58.297591555282494, 63.45761018104455, 67.99673932811616, 70.0391805256416, 67.14933621662061, 53.837031312811924, 45.26754883622109, 42.05751117648354, 78.06689629500598, 75.38298583702237, 75.57408303182616, 78.67970179315174, 81.00464507554896, 85.60494178017066, 95.07421810280567, 96.52447624843016, 94.3328182245817, 92.00845736778584, 88.16951855407748, 83.63306975823191, 78.16724288831045, 77.56884595806011, 82.38907657684358, 86.06661896050299, 92.20177356190003, 86.96212121763982, 83.32678309290365, 78.56513553677112, 49.63122023020919, 61.96822162172293, 73.86046619018926, 86.42279827037677, 100.7969752520281, 114.80989080689483, 118.81346726167276, 121.70336794320004, 131.9069101149421, 133.8033074793316, 131.90001584970383, 120.76721265456851, 116.27973788367362, 108.39936333964886, 101.83371026985981], [13.466050395394557, 13.167646044852436, 21.8367803995702, 32.03901125634474, 26.9851041155272, 21.969900538836423, 20.487478561457333, 46.945335907208005, 52.16029524837823, 59.57838444784196, 68.37686311390046, 78.58184898341314, 70.50915111848381, 61.248809762878885, 54.40180423629431, 9.351602578131194, 6.6967574822349665, 10.355609986340788, 19.79220907772748, 28.68916876388232, 27.766920279775867, 16.899986023695796, 6.401443430279612, 0.0, 6.360090891745255, 44.434628987547136, 53.589903071234815, 60.88483461380893, 70.73073059889853, 78.05305774497877, 76.12569627944231, 69.02568357061317, 61.58385810136755, 54.43020962875816, 48.306055199758774, 18.04094794746368, 26.320340150133962, 37.53493662780968, 44.96831568365536, 55.14051294970197, 59.71961414582853, 63.696074242385805, 65.29684279770362, 61.98189658317409, 48.312755514664715, 39.24828005041852, 35.70459130143937, 76.68310214773312, 73.24940130735467, 72.68476782539784, 75.21451598511182, 77.09502886963855, 81.4077342891813, 90.74912252868201, 92.60145705328137, 90.82953066070446, 88.97078009047469, 85.68931883766679, 81.63899227275954, 76.49635287650476, 75.0105328485146, 79.0479401732142, 82.14675389777481, 87.97504117220831, 83.0742847344584, 80.01528777684958, 76.0303945202257, 54.60871590748886, 66.05854876421778, 76.9828180441193, 88.52350788753009, 102.29976839273256, 115.28759144132535, 118.48654110203205, 119.34571784480245, 128.53130698282786, 129.7616009839488, 127.60043943186375, 116.18853388557062, 111.26577338897616, 103.33648530972083, 96.62896580937368], [13.659572160218598, 16.78659321445352, 26.555224263389494, 36.4220489205524, 30.7496422003688, 23.934077243465854, 20.379176328261625, 41.20236067527482, 46.186886012666044, 53.484638068109874, 62.32545642932026, 72.77951955863958, 64.55194688282334, 55.29616722458329, 48.580573728293174, 6.128791700856294, 9.586467312422284, 15.980425988911936, 25.741316718961855, 34.59429895449191, 33.70173423638595, 23.168650857765716, 12.76084479027564, 6.360090891745255, 0.0, 38.24708099581657, 47.47325093008384, 54.879514594772765, 64.85217773356729, 72.29227437281786, 70.19120844598652, 62.92186411919054, 55.41846963291897, 48.208365993883376, 42.05540221852999, 12.00440424626666, 21.767481445083654, 34.08033471704916, 42.8390119616962, 52.596607401300005, 56.50704204243717, 59.82314223095328, 60.887864056810415, 57.074347564126775, 43.0748262280352, 33.394224457790365, 29.394688751548994, 75.80048849719411, 71.62622433118307, 70.27442543695678, 72.16942975465366, 73.55299809196833, 77.52405202163794, 86.67796729763805, 88.97137534010929, 87.66090610661135, 86.30743470956347, 83.62928106599495, 80.10514060480892, 75.3230346505066, 72.93289532743384, 76.11437748572473, 78.56644131064004, 84.02662883549304, 79.52472970770754, 77.10820978952026, 73.9707237863073, 59.752413033665555, 70.37630138415467, 80.38524403098123, 90.92438513015415, 104.0878149846004, 116.0428294708562, 118.44331761329278, 117.26894022785609, 125.35082503676452, 125.87111945441006, 123.43127605591854, 111.73224778981881, 106.3476390222133, 98.3751244472263, 91.53595924455807], [45.149167228197975, 52.42809316005485, 62.69336202537861, 71.12660290343598, 65.07336225927868, 55.847039167712815, 48.328109846382844, 23.066521254200126, 19.424228974892802, 21.268854793156805, 29.646867100337534, 42.811444513803146, 35.01126585237905, 28.402403365231702, 25.70823833215551, 36.87785717589407, 44.28748513425478, 52.012033765636474, 61.72745384283099, 70.69996429085597, 70.33256485100193, 60.77903872266271, 50.69898902705313, 44.434628987547136, 38.24708099581657, 0.0, 9.573299742991756, 17.871724261308255, 29.230465346929616, 38.15906695730798, 35.22320968100147, 26.66121099910394, 18.36723713327829, 11.870735717182066, 6.575896714043646, 29.37712568131862, 34.570121341607845, 44.57832030192045, 56.50013294922614, 61.60920012675655, 60.59697190896921, 58.51140578848607, 54.91674354259279, 46.92500332812311, 35.463609155488705, 24.072644195089765, 13.41461