{
	"dissimilarities": [[0.0, 9.004046248992118, 17.93627567722826, 25.114951532476923, 20.838710083865607, 11.791961083120059, 6.433083836019082, 40.808147946287406, 47.740664669172304, 56.168105863512615, 64.32545089957412, 72.57955756503544, 64.9206452899951, 56.635084600909934, 47.26298957346636, 19.31418228167949, 20.241172203746846, 21.722139473600226, 27.280914766032407, 33.149272636628204, 29.591271469603935, 23.18010280956512, 16.18889933227945, 13.764689103254456, 14.417199691645324, 45.062584821736365, 54.05986338797731, 60.64647103412935, 70.29070255936742, 76.89852896383881, 73.62586115162414, 67.58764446910237, 60.37837462306501, 53.130264506933756, 47.44802676911961, 17.3138660669101, 23.943502214190307, 35.60780075604503, 38.50903730128716, 48.43292443306362, 54.286020734980745, 58.45835302148839, 59.42433140025117, 55.448495987908565, 46.416082640722315, 36.8802940533414, 34.18130298955443, 66.90381794753496, 63.35217123726875, 61.636779907506934, 66.01349167300546, 67.77765623653823, 73.28185550362501, 82.10125725899344, 81.34538478246378, 79.81817623658374, 77.25954317808339, 73.90705598395533, 71.33996532743143, 66.94607271582167, 65.59248877394516, 69.01990681209327, 72.6959747130434, 79.2499604220541, 74.33759481407799, 69.78946404232563, 66.5015569488944, 55.230290998789336, 59.5180524463866, 66.60051607512467, 73.38832136166661, 87.96497721017174, 99.84312733637763, 101.08821163054968, 105.74982077936251, 113.37995871620448, 118.57284491301269, 114.96014856367776, 104.22706602507601, 99.96675311447193, 93.69757973178717, 93.05721516793541], [9.004046248992118, 0.0, 10.569745511234837, 19.342651950903733, 16.3386629677615, 11.635417560805758, 12.891668723219857, 49.43345063743265, 56.03970230797143, 64.22654536293896, 72.66181993421816, 81.22917999370719, 73.58523391942806, 65.26603878285275, 55.951378240199546, 19.901444860186032, 17.329973082487033, 15.749303050585127, 19.734800598888555, 25.505465587891198, 21.538174873461603, 14.723940877805026, 9.809830962498538, 11.28550286697837, 15.757741283258495, 51.70718594780155, 60.861107343768786, 67.70012053755016, 77.5040725728602, 84.59339184197108, 81.4572074295251, 75.14823775689385, 67.86293182799845, 60.605440210222866, 54.71366844609532, 23.695836232600996, 30.244675995612074, 40.66518874477582, 43.34342852516036, 53.502958227363294, 59.60939153428725, 64.41466429625041, 66.51497428735915, 63.308269910027846, 53.18016902819504, 44.35900707736698, 41.616785877421606, 70.3754719769871, 67.4980354584415, 66.55626052556339, 71.51256869265004, 73.91914546916023, 80.10923410409018, 89.51230198806962, 88.0707129964985, 85.8834449406378, 82.80863004926702, 78.68838366766022, 75.47929394533844, 70.8550110023774, 70.3098104805643, 74.55006796323804, 79.09394379401422, 86.34600718796456, 80.71392473800641, 75.32981092644528, 71.22172913357184, 49.759288587845255, 55.995383538408845, 64.88738989983406, 73.54773865909631, 88.8413262592245, 102.24340901144814, 104.46190590325931, 111.02137418949101, 120.53230430920868, 126.60205881113468, 123.40359029860484, 112.97416909657738, 108.80719100609727, 102.16552566111348, 100.689100714809], [17.93627567722826, 10.569745511234837, 0.0, 9.36062967245329, 8.835466775191904, 13.55988146940282, 19.201059703198627, 58.63900184340647, 65.59992930668687, 73.99053705015099, 82.1192652960267, 90.07365950968665, 82.66238436073554, 74.44199569080338, 65.03297743528951, 29.76072885110978, 25.49518670647509, 20.78805791543931, 19.132401570994922, 19.364307587787927, 14.652989689152514, 13.553810655562698, 16.39029869175281, 20.67475872772976, 26.039965961500336, 62.1433494343096, 71.19235912101502, 77.87960948747914, 87.27982976963742, 93.97847745670906, 91.05295591084975, 85.07405426715573, 77.94452160416391, 70.74499179499323, 64.96820124754514, 33.96199682431907, 38.8911658532269, 47.25422999714793, 47.36689080950079, 57.26100418100137, 64.31315871682172, 70.04881641735822, 72.58931348540669, 70.4211823909891, 61.4635484056818, 53.72576984277533, 51.80227159723343, 70.0923808925133, 68.84706462097645, 69.90884017704627, 75.56859148587253, 78.70718565942413, 85.1052400961531, 94.41174118087697, 92.34849247302849, 89.48315363660589, 85.72055280600678, 80.68639960958173, 76.249276797499, 71.24139321718938, 72.55193798877525, 78.16845222649054, 83.5749298243704, 91.00342037288665, 85.00224214662654, 78.83412709192882, 73.36607111034162, 42.580193449803325, 47.367125207766, 56.66383167756615, 66.84847299125018, 82.92323810244463, 98.07627943606303, 101.84872781944499, 112.23149975437615, 123.27230235192266, 130.4148806203213, 128.01770510875673, 118.57797290824543, 115.55777547136374, 109.64663271484714, 108.9749269704903], [25.114951532476923, 19.342651950903733, 9.36062967245329, 0.0, 8.128376079917869, 18.69185536226543, 24.87738172803209, 64.59623551192415, 71.86627028851703, 80.46733831019796, 88.11055510126555, 95.2154548282812, 88.21324125168904, 80.22190050501048, 70.77642718536562, 38.847729127031, 34.462981986926856, 29.061721792139327, 24.64920239535592, 19.46518897922201, 15.522329940852597, 20.283813748230237, 25.389885670397707, 29.80011419485148, 35.02697777420229, 69.917508050667, 78.71210000299993, 85.07732643888639, 93.8417259950807, 99.87964970666678, 97.20979800298569, 91.76254283172607, 84.91037974726125, 77.84328837739622, 72.31342472106297, 42.015916486262086, 46.03781830357973, 53.259504479563326, 51.04258822451402, 60.38801229920701, 68.22377001193564, 74.4836883523152, 76.72661752356385, 75.11254735801687, 67.96776053182371, 60.746013925097586, 59.26809050266871, 69.40770361349342, 69.72133476705324, 72.57460726569796, 78.58552044755034, 82.07070824358937, 88.172268366886, 96.85854843870193, 94.6289357918986, 91.4908319289362, 87.3246468153571, 81.79812610985809, 76.3567625607164, 71.0707856267611, 74.05681447066266, 80.65546473132115, 86.385990610609, 93.44281964025652, 87.60145206763139, 81.17917921702903, 74.746298839201, 37.31309854093593, 38.63523716513857, 47.716925478627644, 59.07487505788042, 76.04651691498952, 92.5861887018507, 97.83552647819715, 111.82808555329035, 123.10323880557178, 130.67211707137275, 128.797824981987, 120.12770912402192, 118.17950607035368, 113.06517764485606, 113.5042126335463], [20.838710083865607, 16.3386629677615, 8.835466775191904, 8.128376079917869, 0.0, 11.705393668193395, 19.201850578444937, 59.66474344948825, 67.33722497605481, 76.07335728368658, 83.68759087099977, 90.88399695742622, 83.33999958101671, 75.15844123067322, 65.77392648422821, 36.04634273741654, 33.02369235600247, 29.256809338636963, 27.834522598229867, 25.870563416148116, 21.29073352098086, 22.264436012901044, 24.227784036310748, 27.392260320554453, 31.73091300599187, 65.7881996203638, 74.83754070469622, 81.34762765252357, 90.6759106416979, 96.68676550808647, 93.56444720416027, 87.94742060835162, 80.84945931252848, 73.6158818376635, 68.03583354388506, 36.9717506895139, 39.26941369619895, 45.49381365242755, 43.001423912601894, 52.39276134290264, 60.16585031651917, 66.50110735431466, 69.08518412143567, 67.90385546207197, 60.70392089252283, 54.400127654791135, 54.25842716601565, 62.52460347639424, 62.19824534041825, 64.6140951209887, 70.62634361339472, 74.17564550739162, 80.52164135844808, 89.62561556611503, 87.12339090774053, 83.86310782240882, 79.71560445769693, 74.2458040437986, 69.14556248743013, 63.96732834028082, 66.3692524681339, 72.80316065811246, 78.64925054879495, 86.05425119468632, 79.90518019321189, 73.36185894363147, 67.09888435951304, 45.350712179401924, 44.84438643408753, 50.4627951471964, 59.07913426275224, 74.43799922521113, 89.41834012963501, 93.29895231102331, 105.01715536018696, 117.01177917750495, 125.23325397574939, 123.75956155343515, 115.72659273424958, 114.233528252328, 110.02305573519806, 111.31198624623335], [11.791961083120059, 11.635417560805758, 13.55988146940282, 18.69185536226543, 11.705393668193395, 0.0, 8.64821694236483, 48.874660483423156, 56.658814124318596, 65.38210059528475, 73.11068622236154, 80.70866623379146, 72.68206573764549, 64.31530296641705, 55.006405048068, 28.44690926841589, 27.89973074058784, 27.160784168722248, 30.10154323717219, 32.65675227948776, 28.129398781859056, 24.387362145372446, 20.98684244751325, 21.29665906964625, 23.609785988246784, 55.18366751423603, 64.36799212076049, 70.97710309471992, 80.82158993463439, 86.96387787400073, 83.42931631355111, 77.56498806847783, 70.2594348526325, 62.91688744339825, 57.30324753709127, 26.100981632246803, 27.651960187944255, 34.93489527137915, 34.251088231408325, 44.15049595034317, 51.2129977850943, 56.83240061620897, 59.09522308877694, 57.23063613274176, 49.28492268286245, 42.704528435584876, 43.09335117226509, 58.98174331888567, 56.70382057892027, 57.00492147629898, 62.39925516270436, 65.30754931036083, 71.5671042715684, 80.95404562657826, 78.90975168174663, 76.23391606314162, 72.73106791628726, 68.16597160261348, 64.4021371664648, 59.6285101365923, 59.93485748941842, 65.02292653303321, 70.12356152363317, 77.5202913541865, 71.57655293230873, 65.7015165846072, 60.78007348454859, 54.20070063363103, 54.660978947080025, 58.96974498484567, 64.99740942186138, 78.82973094223591, 91.29745876028569, 93.04072169253617, 100.07541212185598, 110.8663547077079, 118.41562970115946, 116.43157410623614, 107.88290681189478, 105.74491407887164, 101.53835263992535, 102.85279872852348], [6.433083836019082, 12.891668723219857, 19.201059703198627, 24.87738172803209, 19.201850578444937, 8.64821694236483, 0.0, 40.572032793697, 48.2600998036177, 57.01100529300547, 64.6827502093278, 72.28329393685226, 64.43368705773345, 56.13974987333107, 46.76283670515463, 24.893612974715985, 26.27089418994508, 27.48441484738944, 32.19973824002961, 36.452341112030396, 32.54868916485876, 27.489759367169786, 21.579193920312736, 19.612381734039186, 19.884389874486118, 47.49178010167781, 56.417834615642484, 62.804066333241366, 72.37853388324991, 78.35952783796165, 74.8813608844986, 69.16615759225958, 61.995156227492146, 54.74103521298912, 49.28366873973199, 19.59798733858467, 22.671354379731397, 32.55136445667372, 33.44442765080473, 43.232467019891345, 49.66595786377681, 54.27049644160599, 55.18153794895772, 51.90538455464356, 44.34780113424846, 36.12885041600445, 35.44790302254175, 60.683280881288994, 57.43896817961428, 56.39164135884887, 60.97519015206601, 62.969710539418564, 68.4397092399362, 77.18264342930239, 76.15433086886073, 74.40981063939485, 71.64335172062627, 68.10246145887808, 65.25291944511639, 60.783023886111394, 59.87179332172951, 63.730268762939524, 67.64582433382854, 74.20476363107879, 69.19107336943773, 64.43747567301455, 60.74016516408187, 57.306277179021585, 58.596118879643214, 63.28381830464079, 68.61571067650321, 82.41107443581548, 93.72209359344025, 94.70515680304601, 99.6450247430144, 107.80529987652349, 113.76053338147189, 110.80298773030503, 101.11215396765898, 98.0458614504087, 93.2193568616604, 94.27039567788145], [40.808147946287406, 49.43345063743265, 58.63900184340647, 64.59623551192415, 59.66474344948825, 48.874660483423156, 40.572032793697, 0.0, 8.990934699681896, 17.861887603283954, 24.44073960549742, 32.7792389515706, 24.203635130172124, 15.856761734661493, 6.609011485080125, 42.39404440102196, 49.55515125041952, 55.935360047686224, 64.23312481076549, 71.91369694262582, 69.31408091404606, 61.997370500971655, 52.65771012181454, 46.70545173304933, 41.006521668764876, 21.05881611688739, 24.933943004437907, 28.394002081408004, 36.83062558752454, 41.092913815806796, 36.42447535781684, 31.53112812442736, 25.219037676134295, 19.362463332502454, 17.38126678170029, 29.21951029476305, 30.03566037629952, 39.01432318024651, 45.45943824510801, 49.96488730051328, 50.64252847766688, 48.70548025480809, 42.97161307344878, 32.786294985639856, 30.551749714858136, 19.005891564507994, 14.939657221009524, 74.29130876882424, 67.02022161253585, 59.69035905425333, 59.32436164036371, 56.47321949948943, 57.23553919522027, 61.99910893407248, 65.90891524267084, 68.84562482794176, 70.14342446510918, 71.92047202109904, 74.10010388614624, 72.00081013085732, 65.29777552358595, 62.34889517927266, 59.8554169455482, 61.657176463349295, 61.671980549712174, 63.12629601888583, 66.14112713240677, 90.01460100243656, 92.15827450356848, 95.14798739736437, 95.85413089067531, 106.3244012039019, 110.7949464011837, 106.94552318753881, 98.80699143057807, 95.6422533702473, 94.42166764877732, 87.26782857288742, 73.06546481137192, 65.1864709284947, 58.73817552447857, 59.93678841134223], [47.740664669172304, 56.03970230797143, 65.59992930668687, 71.86627028851703, 67.33722497605481, 56.658814124318596, 48.2600998036177, 8.990934699681896, 0.0, 9.050057254479722, 16.72101552149301, 26.8343460799432, 18.91949026702427, 11.782376981539718, 7.594658477456443, 46.67680012506265, 53.97361097130303, 60.7344064413858, 69.28331453653553, 77.60451650033389, 75.34726255263739, 67.66726867383889, 58.17653200091962, 52.06104656969106, 46.12339996718883, 17.623824391932303, 18.039699679481863, 19.996766844549498, 28.015368900750474, 32.648964279451455, 27.770975734967504, 22.54358865322001, 16.465035975138985, 11.596521389024298, 12.173348369933803, 35.17209845230273, 37.282369334089125, 46.35184630134933, 53.82329324339172, 57.974259908945434, 57.82517928203706, 55.02113115739795, 48.92904123794221, 38.20231296200204, 35.75986188485065, 24.683280342452786, 18.345238318272617, 82.7171259333285, 75.12039707695459, 67.09358103872353, 66.12304973613904, 62.68743555271681, 62.80878775850209, 66.75957156956619, 71.45790217624413, 75.06687679421111, 76.94683675637155, 79.35160607336107, 82.0980481909519, 80.25958673114171, 72.99925146239836, 69.22331179565529, 65.9137943347023, 66.95050071356411, 67.74971791084513, 70.01987171461323, 73.84124765693463, 95.40603269349621, 98.99659177178627, 103.02450485116958, 104.14098770126247, 114.82509528016843, 119.02259056967033, 114.92729861937967, 105.33021302750856, 100.15351414678871, 97.04915572640728, 88.6495075274865, 72.8143323866554, 62.63876996639501, 53.993683754782104, 52.91985928182478], [56.168105863512615, 64.22654536293896, 73.99053705015099, 80.46733831019796, 76.07335728368658, 65.38210059528475, 57.01100529300547, 17.861887603283954, 9.050057254479722, 0.0, 9.751199516625894, 21.887815772504894, 15.194642018436205, 11.757018475479319, 14.465392496212266, 53.31923060685296, 60.702054567154825, 67.74617001890928, 76.51856708422426, 85.30453422060425, 83.23448240362666, 75.26195279230197, 65.65191348755991, 59.439778437690734, 53.35025741301863, 19.40882824606712, 15.030230155182887, 13.652489940588456, 20.551639263463585, 25.205320797787362, 19.608161236303904, 13.958818078061373, 8.820066799026183, 8.32896416460156, 13.365849786202556, 42.86898846283193, 45.07662654622548, 53.4942588852998, 61.62576712117714, 65.16154260001655, 64.10644839760063, 60.40375739625393, 53.960291221885015, 43.007976867234014, 40.92060424461852, 31.247519583379876, 25.067696939503538, 90.24360390812866, 82.23248750999578, 73.45145823873821, 71.79615375507532, 67.75749430095456, 67.20008935387305, 70.34396644575529, 75.73914979851952, 80.00549523890484, 82.50572321216787, 85.6120736154426, 89.04402213958357, 87.55814772055811, 79.62532642940532, 74.92843840502114, 70.76691955934074, 71.04223536750992, 72.60407398596993, 75.73584244387409, 80.45813236533645, 102.96489709145615, 107.37551555265468, 111.7814099602563, 112.80978733622791, 123.26226465930256, 126.78585485955242, 122.13152452864682, 110.50117755881163, 103.50830178497596, 98.79021080877597, 89.40888649912324, 72.48391378425825, 60.41046192288877, 50.27105015451348, 47.32955844513516], [64.32545089957412, 72.66181993421816, 82.1192652960267, 88.11055510126555, 83.68759087099977, 73.11068622236154, 64.6827502093278, 24.44073960549742, 16.72101552149301, 9.751199516625894, 0.0, 12.568589655431389, 8.489869444021268, 11.878848157261084, 19.093815772268545, 62.74740095806192, 70.03958904463754, 76.8840500211058, 85.33707273149415, 93.61120841039839, 91.58784866217384, 84.05447317199213, 74.64027556537789, 68.52358580460871, 62.54895128409426, 29.047761294608815, 23.352743072243616, 19.173511450364746, 20.116278839149032, 20.201668841047887, 14.36969543615598, 13.446555259036272, 14.107135462859958, 17.49987990854423, 23.06158658777739, 51.77432676380731, 53.04328271500312, 60.225699894081515, 67.22517625595228, 69.65110523094204, 68.20592442316578, 63.82006703178729, 56.00883530323229, 44.92027449329077, 46.43240372619826, 38.63080710720798, 34.180807827856995, 93.49650652677919, 85.58043179038181, 76.82782218643324, 74.43306082451765, 69.69869891700246, 67.67318383296939, 68.88648566883226, 75.43798507787501, 80.64781974187089, 83.82861919614496, 87.80751496102948, 91.70829839469891, 90.59975080305138, 82.53992069997338, 77.13141851833923, 71.79172287517909, 70.3837783149981, 73.45204645471324, 77.82658009246339, 83.27287438241659, 110.05962120231007, 113.25776953804655, 116.62268963071381, 116.5338526611385, 126.18737989916697, 128.36994536869483, 123.11485654404704, 110.08831477812949, 99.93754726573314, 93.1481518364468, 82.76941385440318, 64.96908238221823, 51.84434479707436, 41.975999645941236, 41.05055120211096], [72.57955756503544, 81.22917999370719, 90.07365950968665, 95.2154548282812, 90.88399695742622, 80.70866623379146, 72.28329393685226, 32.7792389515706, 26.8343460799432, 21.887815772504894, 12.568589655431389, 0.0, 10.848538365838271, 18.983467523174735, 26.70967621440608, 73.25336060572313, 80.28082641588261, 86.65614047344401, 94.44651980141974, 101.73249650694078, 99.78604784645424, 93.0944504855543, 84.13119982020774, 78.26031142564983, 72.58600731077198, 41.26606430059114, 35.649783013417135, 30.715745691210902, 27.133228862582314, 21.348709453657147, 18.08188205217358, 22.78178183640044, 26.12509302426175, 29.894096564482105, 35.21918920662798, 61.61418357340721, 62.117273022849524, 68.2585773864413, 73.30676092393989, 74.63114743809345, 73.30430038274264, 68.6440152400535, 59.27241769480297, 48.48489635889682, 54.39196812317397, 48.05337256124539, 44.948219288703676, 96.01081652275155, 88.70353336099248, 80.7039996516006, 77.75014763343225, 72.48125808410622, 68.68679310650306, 67.22238236577003, 75.11519624574635, 81.2997654936641, 85.0502717388599, 89.80805585033642, 93.82883133281828, 93.02066242773685, 85.43492449843282, 79.72457785695775, 73.26785037239064, 69.68056216381285, 74.61431882507141, 80.22734505383319, 86.01128904148926, 116.188111526902, 117.41533375635387, 119.32457860038393, 117.86164392105779, 126.61843910457414, 127.34905497506774, 121.77203404979902, 108.4404267484277, 94.0831304054382, 84.5183968888247, 72.82087321286214, 53.71829779849673, 39.47741199541787, 30.705752654525213, 35.28956432886169], [64.9206452899951, 73.58523391942806, 82.66238436073554, 88.21324125168904, 83.33999958101671, 72.68206573764549, 64.43368705773345, 24.203635130172124, 18.91949026702427, 15.194642018436205, 8.489869444021268, 10.848538365838271, 0.0, 8.805777726600247, 17.76307595969935, 65.38594424012305, 72.74317809380162, 79.40945573623952, 87.7294860206246, 95.4094073644653, 93.08185439224259, 85.89926323817788, 76.5485149967595, 70.50016045861084, 64.60818857085476, 33.850532108554425, 29.91235996149468, 26.948633876296476, 28.480690050770555, 26.929511329100997, 21.58330385318661, 21.789140742664497, 21.616434512920463, 23.297737012728554, 27.804545385387687, 52.94313853506025, 52.34947359261656, 57.87686856681082, 63.578914369238966, 64.98274320632527, 63.33808024955991, 58.65225778735978, 49.91382260033453, 38.93143875087253, 43.60023768539108, 37.70011330731018, 35.94256573760676, 87.77274902096443, 79.90110444111782, 71.27562249734686, 68.46831930272747, 63.40201350850866, 60.567638543287295, 60.921131933727324, 67.88279449840799, 73.47159150340332, 76.94165332594801, 81.3667969298535, 85.54333470738241, 84.71772224576219, 76.5830046752197, 70.82725307890813, 64.90537710579338, 62.69498215219981, 66.44539775931986, 71.43869194269953, 77.24402860528788, 111.72214690461324, 112.91526345004544, 114.44002998983288, 112.89692251494456, 121.36541951641208, 122.32476019438934, 116.37373264790695, 102.3112703821306, 91.53655716156474, 85.02707165124717, 75.13096172380423, 58.42214318596655, 47.123161054210755, 40.999305078350346, 44.94022194051571], [56.635084600909934, 65.26603878285275, 74.44199569080338, 80.22190050501048, 75.15844123067322, 64.31530296641705, 56.13974987333107, 15.856761734661493, 11.782376981539718, 11.757018475479319, 11.878848157261084, 18.983467523174735, 8.805777726600247, 0.0, 9.451000624583939, 57.18443736386833, 64.61628082037068, 71.3254056534286, 79.81951000259976, 87.63660534034544, 85.12834239204417, 77.74894369990481, 68.27586493847792, 62.19110613981618, 56.26293741541397, 27.48115950845861, 25.832900693831405, 25.232634847935426, 30.457727351202127, 31.761162724093555, 26.170193427533338, 23.468049725201816, 20.06572034441241, 18.76003213580859, 21.67256032713027, 44.33954026844921, 43.56223605421528, 49.55394116083629, 55.74453566857817, 57.87632821002135, 56.617468795808996, 52.51280168793702, 44.63837453135852, 33.506007067341315, 36.08067960506145, 29.09357819637098, 27.556635767622666, 81.67781561271045, 73.70966670048946, 65.10025970053363, 62.9133397866902, 58.42249572891204, 56.837990493770995, 59.01520386950158, 64.8902462427421, 69.62082196892395, 72.46477389939375, 76.14077095644312, 79.90971538342548, 78.76965300972483, 70.73462209268108, 65.60162085440201, 60.68602047046886, 59.9978922421394, 62.38165589641958, 66.2995140222491, 71.4747892730968, 104.94557419822517, 106.37447373132885, 108.13277833746456, 107.10132791306366, 115.9641442119503, 117.85526703088921, 112.2951140342484, 99.45219476133177, 91.78485665087454, 87.60670169733166, 78.96482197848593, 63.56898687799999, 53.93623650661305, 48.15694045931683, 51.096613548950586], [47.26298957346636, 55.951378240199546, 65.03297743528951, 70.77642718536562, 65.77392648422821, 55.006405048068, 46.76283670515463, 6.609011485080125, 7.594658477456443, 14.465392496212266, 19.093815772268545, 26.70967621440608, 17.76307595969935, 9.451000624583939, 0.0, 48.83793503223712, 56.07407354694476, 62.514166150133406, 70.79141843876883, 78.3642962101062, 75.79640173415618, 68.58866869767729, 59.266455535267504, 53.30284258285509, 47.56035366556976, 23.737820912789303, 25.24554593520063, 27.050754659583216, 34.19487135571889, 37.14789496848194, 32.17657609691201, 28.215283475972434, 22.909467260358763, 18.612671088770604, 18.789683738630224, 35.657984447009916, 35.50543487948156, 42.96335781192854, 48.98611982576294, 52.35810941798331, 52.289003616379134, 49.43470087219876, 42.51126256188036, 31.6979254892068, 32.19234192196891, 22.743276823500725, 20.290389729834295, 76.30801951105579, 68.79778165483239, 61.01956488155147, 59.86877169039176, 56.28848042208186, 55.952338221980405, 59.53614524012422, 64.34082973642536, 68.07503671603514, 70.0242399461072, 72.63060385589262, 75.44786479855661, 73.74684387516835, 66.54166429764783, 62.691303977357514, 59.11453357734933, 59.76311392919128, 60.86639860303136, 63.41897363262791, 67.32998285560912, 95.89753750668055, 97.40936760981144, 99.6414795851662, 99.43170333628214, 109.15133278799838, 112.44371749024687, 107.87578048462802, 97.91954457823266, 92.73071567570184, 90.30244488970591, 82.56879189007421, 67.91918144659994, 59.565582048016594, 53.61882162029513, 55.95179472031414], [19.31418228167949, 19.901444860186032, 29.76072885110978, 38.847729127031, 36.04634273741654, 28.44690926841589, 24.893612974715985, 42.39404440102196, 46.67680012506265, 53.31923060685296, 62.74740095806192, 73.25336060572313, 65.38594424012305, 57.18443736386833, 48.83793503223712, 0.0, 8.106764922856096, 16.171537761719915, 26.903197654168267, 38.3457441032036, 35.80284686841791, 25.251216664390864, 15.040485486728347, 9.152199035603083, 5.024068449764393, 36.99337549379917, 46.20327789005922, 53.62432678505584, 64.50713560740247, 73.28962075559137, 69.89541742179587, 62.405633411738755, 54.8308054067955, 47.735980051176185, 41.477275990301735, 15.658087477366353, 26.932012086426553, 40.149713695363815, 48.79916684497, 58.480592299728364, 61.93662887910269, 64.57677979771117, 66.4670167015828, 61.34871286514548, 47.4438459290118, 36.55290316817844, 30.40233265387255, 81.2519096543889, 75.81180096655143, 71.20112395233532, 74.71391386500859, 75.80127823412477, 81.79507624990644, 91.54916367191218, 91.06473736235142, 89.97114380821868, 88.14497124875557, 85.55690278067466, 84.5520342070687, 80.75227215580782, 77.04034924385925, 78.64716562229363, 81.6986980984161, 88.82514262695032, 83.68625786265407, 79.66152172127822, 78.11560774225269, 63.371251475789634, 74.06479333138316, 84.32900368318113, 92.36109406843818, 106.8820694048075, 118.37745167544396, 118.5683068060215, 118.94216624188438, 126.45235058685485, 130.57079980126818, 125.78509038624486, 113.2165702044971, 106.09409734431199, 96.92365646445545, 91.923109345501], [20.241172203746846, 17.329973082487033, 25.49518670647509, 34.462981986926856, 33.02369235600247, 27.89973074058784, 26.27089418994508, 49.55515125041952, 53.97361097130303, 60.702054567154825, 70.03958904463754, 80.28082641588261, 72.74317809380162, 64.61628082037068, 56.07407354694476, 8.106764922856096, 0.0, 8.298183793483672, 19.213480770473033, 31.222332543469864, 28.978255716221394, 18.178079333467355, 9.223306713291608, 6.7592888089859, 9.54290111292913, 44.546334791128785, 53.471981782740585, 60.72244137499468, 71.07893147557505, 79.80901927445433, 76.78253765431299, 69.49390064464326, 62.13787748985485, 55.18530816227353, 49.02453462989732, 22.639150491119825, 33.208601365012015, 45.65005780196676, 53.021930735703215, 63.03069578408695, 67.19777703286026, 70.53887891858108, 72.83834733957143, 68.2256709153461, 54.675175334017986, 44.21583163348462, 38.25138672925117, 83.9705657692381, 79.39685476777335, 75.88809926656026, 79.9547176055069, 81.5536146212068, 87.83105241757951, 97.6787974145755, 96.83287566533627, 95.2999680436821, 93.01196069136402, 89.78299914544769, 88.00129398653834, 83.88502515573698, 81.22272864363636, 83.73122128965083, 87.41330821481381, 94.7835869549986, 89.32490583357931, 84.70369538635181, 82.26793507477839, 56.87294501515428, 69.2295675182793, 81.11457226256853, 90.71816768948878, 106.14144947798522, 119.04978675489025, 120.36110620574401, 123.21355610722355, 131.62571993942296, 136.17239252441445, 131.6074985913513, 119.15170941967939, 112.26599780526082, 102.83685838992929, 97.49748545149478], [21.722139473600226, 15.749303050585127, 20.78805791543931, 29.061721792139327, 29.256809338636963, 27.160784168722248, 27.48441484738944, 55.935360047686224, 60.7344064413858, 67.74617001890928, 76.8840500211058, 86.65614047344401, 79.40945573623952, 71.3254056534286, 62.514166150133406, 16.171537761719915, 8.298183793483672, 0.0, 11.006501776580329, 23.213896843390987, 21.212775192240755, 10.53760667624418, 6.3453357256464376, 10.337027885854475, 16.12614933028896, 52.2577882180217, 61.01643267100818, 68.063198615256, 77.8748790487982, 86.28941742463084, 83.57313566144896, 76.61546035918902, 69.4542722821573, 62.56195246707369, 56.508176208528745, 29.182571857387348, 38.96626719992497, 50.6391353353631, 56.338444923531895, 66.53351324625864, 71.51929138111333, 75.57746977177604, 78.07643883207605, 73.98345228800346, 61.252815179607786, 51.17932292760638, 45.61414287829623, 85.21101217497932, 81.66872896307828, 79.46710231004747, 84.07295100137956, 86.16186214824049, 92.58631629283711, 102.36201993100326, 101.19497850053902, 99.25202850256653, 96.49563609521283, 92.64246385733105, 90.00304294949133, 85.56250051411077, 84.11865701122616, 87.5915904759649, 91.85155372049492, 99.32275190053707, 93.65227452089171, 88.49517578661474, 85.11155117331501, 49.41174378951304, 62.80866769687019, 76.03558772815077, 87.07980970920482, 103.34259972686617, 117.61794839986891, 120.12748353547653, 125.77911085919516, 134.94516506932567, 139.96204188629667, 135.72537550811694, 123.59079492560784, 117.24962398596901, 107.94876086058738, 102.86622015648751], [27.280914766032407, 19.734800598888555, 19.132401570994922, 24.64920239535592, 27.834522598229867, 30.10154323717219, 32.19973824002961, 64.23312481076549, 69.28331453653553, 76.51856708422426, 85.33707273149415, 94.44651980141974, 87.7294860206246, 79.81951000259976, 70.79141843876883, 26.903197654168267, 19.213480770473033, 11.006501776580329, 0.0, 12.825595277565643, 12.207687059339495, 6.559441941521702, 14.078367719406783, 19.936332428220414, 26.204868315320663, 61.97642926747198, 70.4062025397318, 77.11170472767542, 86.08067028108387, 94.02153384106028, 91.776929721668, 85.31870360834225, 78.49574061223595, 71.7647138701962, 65.91539580383018, 38.62972050222209, 47.86363644246309, 58.87728903709601, 62.61127120871903, 72.81673627252187, 78.70134400443004, 83.42894007906075, 85.83585900036233, 82.12891733272758, 70.64148221920776, 60.71755347782502, 55.224284132126094, 88.53134949621821, 86.33944666584345, 85.73142355645676, 90.8408158306057, 93.3602091507344, 99.72008331334474, 109.13053018867355, 107.7883220677969, 105.52179282034486, 102.30716813826362, 97.84849537381612, 94.19889193192076, 89.39914878936077, 89.47453776301275, 93.98679783596876, 98.71593375910261, 106.03688055360502, 100.36546308285368, 94.78903570235933, 90.38435248290713, 39.10403645762513, 54.440590900833115, 69.94815175962277, 83.09649575935302, 100.59587738979972, 116.64530061814504, 120.82392636874751, 130.17383647398572, 139.6607590724089, 144.882193247662, 140.86784085274817, 128.93601468562886, 123.12060909813498, 113.82012653104115, 108.95443548979497], [33.149272636628204, 25.505465587891198, 19.364307587787927, 19.46518897922201, 25.870563416148116, 32.65675227948776, 36.452341112030396, 71.91369694262582, 77.60451650033389, 85.30453422060425, 93.61120841039839, 101.73249650694078, 95.4094073644653, 87.63660534034544, 78.3642962101062, 38.3457441032036, 31.222332543469864, 23.213896843390987, 12.825595277565643, 0.0, 5.132737937991674, 14.26585382162267, 24.197395337526913, 30.27413995562713, 36.63528602633474, 72.33477694346129, 80.6309222559394, 87.00903630359338, 95.26644975136855, 102.37806297288054, 100.42762181466604, 94.60369513120582, 88.03814551459745, 81.34806154602997, 75.71222588753814, 47.752267139528094, 55.70274787130304, 65.57269352620804, 66.68085326773827, 76.61354915734366, 83.54440989362347, 89.0552109876117, 91.28475109175734, 88.2669201972104, 78.66479436432677, 69.32143135677349, 64.63948588431889, 88.37533203208332, 87.86959823323994, 89.2695360773253, 94.91449861719163, 97.93637056927325, 104.12035087784393, 112.99001706603877, 111.37052703340892, 108.70153508699224, 104.94754331933565, 99.82114368921822, 94.98760830761711, 89.83303125126312, 91.77596402605052, 97.51282650894107, 102.76294788663621, 109.82122732923892, 104.1898668987169, 98.1679809067543, 92.56236156087765, 27.71085850642287, 42.701296896071206, 59.77286375581392, 74.78922498276323, 93.3119580014327, 111.07458637723553, 117.0608516976891, 130.70879004961316, 140.67166649905803, 146.4651314888681, 143.07147386645917, 132.00393493425076, 127.46618806398378, 119.07979580377936, 115.59720737367627], [29.591271469603935, 21.538174873461603, 14.652989689152514, 15.522329940852597, 21.29073352098086, 28.129398781859056, 32.54868916485876, 69.31408091404606, 75.34726255263739, 83.23448240362666, 91.58784866217384, 99.78604784645424, 93.08185439224259, 85.12834239204417, 75.79640173415618, 35.80284686841791, 28.978255716221394, 21.212775192240755, 12.207687059339495, 5.132737937991674, 0.0, 11.168598304293202, 21.081432631706075, 27.261898856422306, 33.69289659049495, 70.25632346681614, 78.8535963883116, 85.41076519131579, 94.12221710780516, 101.24847086062276, 98.99074797164154, 93.02053927530986, 86.22859509516333, 79.34957737626868, 73.60147597802656, 44.47396438252044, 51.66327750543038, 60.99711142772599, 61.92815603171867, 71.8524264711166, 78.7865246729382, 84.42665865878814, 86.95805041256993, 84.29009903052294, 74.59149215528808, 65.78245075670091, 61.8660387504225, 83.7281210029923, 83.08072678254057, 84.44107060676129, 90.16161804275038, 93.31229012697203, 99.69312345191216, 108.82985951090888, 106.95300601420438, 104.11310110411272, 100.28207396960983, 95.06689680171934, 90.28226791882004, 85.15807572825634, 86.99446634421714, 92.78545883172232, 98.21862262969631, 105.53094807375062, 99.64991126305523, 93.45090996453717, 87.79220786704357, 31.612767510427336, 43.67643465643424, 58.782982817591936, 72.75607968096453, 90.63214240958766, 107.88425241070537, 113.35321793031669, 126.25318163894627, 136.9374784173619, 143.31965427848786, 140.30138022262636, 129.76630651955253, 125.66821128480082, 117.94596157498349, 115.13637847792026], [23.18010280956512, 14.723940877805026, 13.553810655562698, 20.283813748230237, 22.264436012901044, 24.387362145372446, 27.489759367169786, 61.997370500971655, 67.66726867383889, 75.26195279230197, 84.05447317199213, 93.0944504855543, 85.89926323817788, 77.74894369990481, 68.58866869767729, 25.251216664390864, 18.178079333467355, 10.53760667624418, 6.559441941521702, 14.26585382162267, 11.168598304293202, 0.0, 10.562934529224771, 17.04630211499318, 23.634265080053517, 60.996471537690915, 69.85736358209545, 76.76339196549479, 86.25559327082698, 94.04638652479913, 91.41420298145799, 84.8681508708365, 77.7639568971025, 70.76127495305667, 64.78242942644181, 35.4605969349169, 43.3987261655951, 53.55093267771576, 56.751463826026146, 66.93651719694067, 72.96455338622921, 77.98547594663475, 80.79515311195232, 77.67457047434769, 66.28930181057193, 57.20612774558867, 52.995421755601846, 82.34688807568452, 80.16479041379169, 79.74552831370136, 85.03164676058393, 87.79750826886234, 94.41015922751997, 104.1150301915417, 102.38091098911939, 99.82561263912075, 96.43354227411604, 91.76989865564731, 88.0408017584159, 83.24428881321647, 83.40092740081438, 88.14322896300759, 93.19526216065158, 100.83110289891623, 94.82122260772424, 88.94062352597317, 84.31076191960531, 41.63063761352267, 53.82267333626203, 67.22619464868939, 79.27510455823852, 96.01936793973842, 111.59031867227621, 115.33683264453838, 124.28355831382912, 134.79211405413992, 140.89082809673857, 137.48625075329022, 126.42967507933041, 121.44272612484725, 113.23761937187811, 109.58629292472224], [16.18889933227945, 9.809830962498538, 16.39029869175281, 25.389885670397707, 24.227784036310748, 20.98684244751325, 21.579193920312736, 52.65771012181454, 58.17653200091962, 65.65191348755991, 74.64027556537789, 84.13119982020774, 76.5485149967595, 68.27586493847792, 59.266455535267504, 15.040485486728347, 9.223306713291608, 6.3453357256464376, 14.078367719406783, 24.197395337526913, 21.081432631706075, 10.562934529224771, 0.0, 6.5360681042698765, 13.130643305669151, 50.946869941358955, 60.05029212984595, 67.16217378693597, 77.2448102429946, 85.2822836265636, 82.27398766185031, 75.41489723724905, 68.07207968214699, 60.940160666422514, 54.8380715551382, 25.294809372277964, 33.98701503337841, 45.22428378667674, 50.23961542448005, 60.45325599193811, 65.69711901356781, 70.00394538875604, 72.56928468418215, 68.87395235975339, 56.6713912538729, 47.16364935527014, 42.80760629181105, 78.87863194954014, 75.38103085270068, 73.4109068685437, 78.13307589398343, 80.35884609999174, 86.8342854583691, 96.66564818918678, 95.2999451099281, 93.21537987146964, 90.3502526637516, 86.40471046311711, 83.68090433294361, 79.22639283021381, 77.89725250921659, 81.55771081223642, 85.97314276275452, 93.52609877045778, 87.7351613218876, 82.4387316194319, 78.87859179917062, 50.517967090518795, 61.12553723860761, 72.4943510148927, 82.44182368502064, 98.10484060691095, 111.8576467571372, 114.02297770210485, 119.48431544529859, 129.07383624306658, 134.65623489932818, 130.8868634562595, 119.48710296232244, 113.97137631690633, 105.75884539370338, 102.064366663952], [13.764689103254456, 11.28550286697837, 20.67475872772976, 29.80011419485148, 27.392260320554453, 21.29665906964625, 19.612381734039186, 46.70545173304933, 52.06104656969106, 59.439778437690734, 68.52358580460871, 78.26031142564983, 70.50016045861084, 62.19110613981618, 53.30284258285509, 9.152199035603083, 6.7592888089859, 10.337027885854475, 19.936332428220414, 30.27413995562713, 27.261898856422306, 17.04630211499318, 6.5360681042698765, 0.0, 6.597263641434229, 44.56144786636261, 53.78035401894649, 60.97969382034506, 71.36041293908116, 79.49881583626609, 76.28492068622042, 69.27600227058144, 61.818664513549955, 54.62709714598429, 48.47381287760791, 19.09203839185154, 28.730724580644395, 40.958036768009485, 47.19651826719371, 57.293205397109446, 61.97238297772804, 65.69498993347595, 67.88966591630422, 63.66518673269539, 51.09404988066156, 41.06738952498229, 36.37433977386381, 77.546470880341, 73.25301959932604, 70.280635396779, 74.54526839335414, 76.32163565615002, 82.56334727817304, 92.31850742814919, 91.3155667204276, 89.63760142196439, 87.17857323039422, 83.78911271482414, 81.73740976194978, 77.52818502424049, 75.25667742582483, 78.13590748876886, 81.99984407214843, 89.34054807835707, 83.84052620726538, 79.06032971812559, 76.27245447541439, 55.78166846080743, 65.58627842101878, 75.92325630243757, 84.6814224345732, 99.73408468990478, 112.35995116821522, 113.6100476447477, 116.96986803179652, 125.64120240092802, 130.69898795219814, 126.60333609993332, 114.88616476734462, 108.96585673262963, 100.68679396880502, 96.95444385018278], [14.417199691645324, 15.757741283258495, 26.039965961500336, 35.02697777420229, 31.73091300599187, 23.609785988246784, 19.884389874486118, 41.006521668764876, 46.12339996718883, 53.35025741301863, 62.54895128409426, 72.58600731077198, 64.60818857085476, 56.26293741541397, 47.56035366556976, 5.024068449764393, 9.54290111292913, 16.12614933028896, 26.204868315320663, 36.63528602633474, 33.69289659049495, 23.634265080053517, 13.130643305669151, 6.597263641434229, 0.0, 38.21485584854397, 47.58357510799255, 54.89702569921566, 65.65144583885773, 73.91584575952282, 70.45254489179676, 63.25378426697455, 55.65440521857703, 48.39380472621537, 42.173438687720655, 13.219260859838231, 24.061989696977637, 37.27570982517911, 44.890344758949325, 54.71683813607669, 58.69424442562154, 61.72533659354067, 63.525503738413626, 58.72609014490192, 45.69954575591899, 35.09451231747053, 29.98671732329501, 76.77929714760266, 71.66366662843778, 67.60933443233121, 71.34495650070262, 72.62145107907027, 78.60012313518818, 88.26867593494808, 87.64717585075337, 86.40573896677695, 84.39410131360474, 81.61250911635253, 80.29623746828231, 76.37765053250175, 73.10154066792201, 75.10906371807438, 78.36187486758567, 85.46858471525921, 80.2848208506778, 76.07910446718553, 74.14981821737906, 61.473446755671034, 70.57473908298967, 79.92948368700789, 87.52777833553314, 101.9032476511813, 113.36575830856144, 113.67343598577578, 114.8052611773403, 122.54631062975757, 127.06720526928825, 122.64309300282615, 110.6190454304213, 104.26572034920733, 95.93293401299378, 92.14946804697574], [45.062584821736365, 51.70718594780155, 62.1433494343096, 69.917508050667, 65.7881996203638, 55.18366751423603, 47.49178010167781, 21.05881611688739, 17.623824391932303, 19.40882824606712, 29.047761294608815, 41.26606430059114, 33.850532108554425, 27.48115950845861, 23.737820912789303, 36.99337549379917, 44.546334791128785, 52.2577882180217, 61.97642926747198, 72.33477694346129, 70.25632346681614, 60.996471537690915, 50.946869941358955, 44.56144786636261, 38.21485584854397, 0.0, 9.8874282549659, 17.6322111395874, 30.346639540677465, 39.581094297260215, 34.98759061690831, 26.539070520378704, 18.535028497716883, 11.827966213460115, 6.096856606695783, 29.759959889456976, 35.045237529449516, 46.04199973699123, 56.95938167770521, 62.754186963292305, 62.282507582315446, 60.068563994732024, 57.15219329453383, 47.69114484135814, 37.51184708199257, 25.047023284193756, 14.027987136949692, 89.73268075146748, 81.60369199521946, 72.80991783319733, 72.630833714458, 7