{
	"dissimilarities": [[0.0, 8.989266417823595, 17.89352779598003, 25.26520629009249, 20.855197170348067, 11.797364193632664, 6.479142857713436, 40.942080481315095, 47.727398155564586, 56.15063738756052, 64.30677876761305, 72.63909811620897, 64.91495061524577, 56.619677197373875, 47.25298398123005, 19.100243480055585, 20.195343341473077, 21.704090918887804, 26.52383555342406, 33.0989513237371, 29.57750794948278, 23.168807027891038, 16.123213565908532, 12.345525093126739, 14.118030644988446, 44.96796174817624, 53.70468659013261, 60.61290496995356, 70.28206366771705, 76.6574777291174, 73.47582709925301, 67.56189432965758, 60.354519112676705, 53.113079471709895, 47.4173084764924, 17.138607656321586, 24.844703546616504, 35.479510551867946, 38.47326771079381, 48.45701647521614, 54.41607185808955, 58.501409307325694, 59.39966503328728, 55.36060910706711, 46.12224607347787, 37.04304110430376, 34.0428060586746, 66.89187089031455, 63.31117276183712, 61.60363283560508, 65.9114515486125, 67.71585296654774, 73.22632577004853, 82.07932424727021, 81.31499300726094, 79.7842210373531, 77.22960351093157, 73.87777214597871, 71.31634752137202, 66.92797037096238, 65.58118901487371, 68.96637135428008, 72.67543436259352, 79.22812212960427, 74.30897691057218, 69.73993973683756, 66.48185289757298, 54.59989619790232, 59.67390714292814, 66.14835855606903, 72.42371607242917, 87.74017343132444, 99.76354766891401, 100.70918031346015, 105.71600688156317, 113.38120906983447, 118.76258664727689, 115.12269307075368, 104.85039609174898, 100.31238023210159, 93.91656570614622, 92.91424178457541], [8.989266417823595, 0.0, 10.440664989660046, 19.67346283301478, 16.337584057809433, 11.662824136666426, 12.919755745852472, 49.61585645313732, 56.027350434887936, 64.21363156027637, 72.64059874489662, 81.28356860294684, 73.58128697405598, 65.25664712351336, 55.94539656749373, 19.762071514364507, 17.326431970061293, 15.758816491578896, 18.808357954876257, 25.406833483453557, 21.495955397368732, 14.721210247862436, 9.767604286878843, 10.04703583716894, 15.567496758189417, 51.650958717335705, 60.62194976978089, 67.68095645037175, 77.50308842280265, 84.40224874966901, 81.3671728166038, 75.13214044704044, 67.84919780502477, 60.59850977447769, 54.70072850541357, 23.614341146824614, 31.064986499493607, 40.59702040899226, 43.333212712247416, 53.53690854054531, 59.739403561868485, 64.47337077346161, 66.50728436387377, 63.253289040324354, 52.97307430074307, 44.60456427960723, 41.53589946687346, 70.36829360280535, 67.47306085786175, 66.54476935214933, 71.4443352708653, 73.8831636906033, 80.07399712288885, 89.49286096058982, 88.0504452674571, 85.86217235303087, 82.79026159042314, 78.67095372314037, 75.46364065788131, 70.84374925612357, 70.30804830879512, 74.51846799709898, 79.08561528807127, 86.32852813638902, 80.69820273099029, 75.30058624282567, 71.21272442293534, 48.98369156804494, 56.10489074997521, 64.35445185664551, 72.50681739736171, 88.57190796426458, 102.12932202732667, 104.05435391074593, 110.98399772637815, 120.51629728882308, 126.76331631676092, 123.53426094604885, 113.53152283077875, 109.13055690650596, 102.34896348811553, 100.52609729301518], [17.89352779598003, 10.440664989660046, 0.0, 10.017569179059809, 8.926778585614073, 13.466405143015338, 19.165390513511927, 58.71334213494903, 65.5577226972084, 73.93913092881951, 82.08103461917969, 90.11132768769093, 82.6330176025004, 74.39625887744026, 64.99406734713722, 29.46484691612407, 25.32110496315785, 20.653197778232936, 18.157159494279547, 19.383531269510822, 14.69664636380671, 13.443679808190799, 16.16522312431935, 19.538116678299623, 25.70970094974932, 61.98973314442171, 70.86529021042261, 77.79926090192038, 87.24104324904759, 93.78760005006201, 90.91811777673055, 85.01329688607039, 77.87680696616395, 70.67782675314747, 64.8807801199769, 33.75097629906517, 39.40274072186565, 47.01920158971104, 47.249378657839074, 57.21021733255712, 64.34233721093558, 69.99275837220289, 72.49978346617844, 70.28088315006762, 61.11023661602697, 53.74844739993661, 51.616975899546794, 70.05481650437699, 68.75462208009637, 69.80046228073091, 75.39263230321089, 78.5752601396224, 84.99666383400101, 94.36390212556972, 92.27825454507506, 89.40242190823541, 85.64441631399664, 80.60974406573057, 76.19100440533536, 71.19225263867166, 72.48901562561373, 78.0506254669157, 83.49921694809744, 90.9491640993044, 84.92201543047338, 78.72323751264676, 73.29632155015173, 42.01224648809403, 47.76157323305106, 56.354534448560564, 66.0119530977349, 82.82093800643995, 98.09555157515238, 101.56064814707466, 112.19255703536238, 123.30367899917172, 130.63207470416165, 128.21560966953032, 119.05524825177788, 115.91775257674979, 109.87925558877265, 108.89407630736484], [25.26520629009249, 19.67346283301478, 10.017569179059809, 0.0, 7.509050974115637, 18.285029622935287, 24.68636906169998, 64.56536293742735, 71.90629849123616, 80.538059038283, 88.1387580077396, 95.18155718638226, 88.12230745965553, 80.12177013122069, 70.68436599093218, 39.16070054137197, 35.06255840539623, 29.827159865267106, 24.9451589980425, 20.503151551030513, 16.55503453837889, 21.134189374533577, 25.937693920144714, 29.240509325640428, 35.210079826431496, 70.06230787767001, 78.64172786636745, 85.28308396626156, 94.06025355202867, 99.85958216326311, 97.18244804983831, 91.90801513363026, 85.06448550745547, 77.99781443594713, 72.46671612494643, 42.021930750113825, 46.43248865517645, 52.76128573216711, 50.37053985919884, 59.73827785799157, 67.75568451711813, 73.96597566762684, 76.14390479153408, 74.54908410187096, 67.41253401306041, 60.62532793822764, 59.2267772378796, 68.39980983422772, 68.77201227003088, 71.78964797954345, 77.74246967992384, 81.32431983953826, 87.42200854585774, 96.14720987230922, 93.84702881600282, 90.66279835597342, 86.4645891875585, 80.89536010186455, 75.38787198282158, 70.08626395307728, 73.21780868963961, 79.82951618073122, 85.65568105946254, 92.71458110768364, 86.84026774216287, 80.34685932947662, 73.88317009481958, 37.31212911215583, 38.736725567805166, 46.58399295331959, 57.25191949832046, 74.86469473847536, 91.49536931463727, 96.50292755703214, 110.85831860882777, 122.27519674859643, 130.11894672406623, 128.33423123672216, 119.95890192029408, 118.18982987347822, 113.1683161492525, 113.60130611989813], [20.855197170348067, 16.337584057809433, 8.926778585614073, 7.509050974115637, 0.0, 11.624669334753309, 19.172841174285068, 59.61074220192127, 67.32936383208734, 76.06111489837191, 83.6744136221496, 90.89909768511127, 83.32150811487087, 75.13547320336063, 65.75372507644072, 35.923158304491935, 33.0196035981044, 29.268514915066294, 26.947133622997196, 25.832124234194715, 21.281283283594085, 22.26516275920073, 24.186845023956042, 26.244995440457785, 31.56278355765532, 65.7202648482555, 74.47022414758793, 81.32287316254305, 90.6508265742132, 96.41069182810872, 93.34200255160539, 87.91955376412047, 80.834353857807, 73.61132071221462, 68.02080247737094, 36.88079803560385, 39.75518748232247, 45.41511461265505, 42.99270141688805, 52.45900382044025, 60.35253058339687, 66.58400532911742, 69.08201752468355, 67.81793724657749, 60.4669899631011, 54.36428901530163, 54.15537220550838, 62.503475182908, 62.15577470379195, 64.60624073981445, 70.533480830646, 74.13117537542506, 80.47091638059672, 89.60941111951915, 87.09848084187932, 83.83864147621267, 79.69717982210234, 74.22875407051983, 69.12251460591602, 63.94291916651604, 66.38388495645901, 72.76269142161375, 78.64876648666417, 86.04293233469772, 79.89181081012529, 73.32445883326201, 67.09918899480223, 44.66130367230018, 44.958655364559526, 49.87738758501092, 57.97233381431637, 74.16443888481182, 89.30712950424301, 92.92786000853123, 104.98950497565875, 116.99415093180738, 125.36901868141543, 123.86798513112348, 115.87511212508272, 114.43212709380303, 110.16127097042985, 111.18173296494483], [11.797364193632664, 11.662824136666426, 13.466405143015338, 18.285029622935287, 11.624669334753309, 0.0, 8.64042531882783, 48.81623008812111, 56.66076556330407, 65.38703863680246, 73.09889266254623, 80.7400590865107, 72.67708000869872, 64.31216661028739, 55.00298207581133, 28.420553121140447, 27.970412362936575, 27.21667041047876, 29.132193485011317, 32.54171742702775, 28.0636052059921, 24.402834289551798, 21.018734992537702, 20.070921419214713, 23.540432675796147, 55.17460440581705, 63.987982238307545, 70.98592467269624, 80.8209138948058, 86.63267260169751, 83.19078473827766, 77.56228062000955, 70.27223364223254, 62.94304896713835, 57.32927960572802, 26.09183461171309, 28.282869487320642, 34.96759420697085, 34.31436669436413, 44.26926448691874, 51.46796346625105, 56.99091765542705, 59.14167196116722, 57.20024833456231, 49.13516112091859, 42.74435756687395, 43.05610350357494, 58.97812834109867, 56.703906053007785, 57.057204983006706, 62.37532153723896, 65.32300747244786, 71.56222602948866, 80.94955067603833, 78.91324088576457, 76.24389432454983, 72.74524582934988, 68.18227009267174, 64.40282194447764, 59.62622025794829, 59.98157151002519, 65.03590466063055, 70.1613930570158, 77.52574958728385, 71.60017688315313, 65.71439926438842, 60.813188180448854, 53.405679009974676, 54.617771178920336, 58.26003887194012, 63.73721586643481, 78.43570283597835, 91.09075701442119, 92.55379481567816, 100.03985266869284, 110.81334772559019, 118.52469770678583, 116.5033324279521, 108.05571696081456, 105.89966168080299, 101.65587207028094, 102.65540232752241], [6.479142857713436, 12.919755745852472, 19.165390513511927, 24.68636906169998, 19.172841174285068, 8.64042531882783, 0.0, 40.552562126730386, 48.26592965127349, 57.01695363370413, 64.67531810224725, 72.31742241214343, 64.42827289231342, 56.134268681613946, 46.75857590083508, 24.829373312359316, 26.328381431085088, 27.53150915504348, 31.390369088743206, 36.370850054351, 32.50783913286852, 27.503373539755557, 21.595287992991477, 18.31332837517105, 19.760414144941347, 47.46275587192789, 56.00620015531432, 62.80750408608501, 72.37311548390655, 78.03076719918604, 74.64109393437839, 69.15888686570733, 62.00587493310328, 54.76724238185556, 49.305667137673346, 19.551381828625672, 23.538178986374458, 32.55032104105214, 33.4920695805873, 43.34468435543503, 49.920161036360625, 54.42119247469891, 55.22024972262845, 51.85398851069866, 44.140677525013345, 36.20452797086753, 35.377208923703456, 60.67756745403984, 57.42911383566075, 56.42948944187234, 60.93032622863319, 62.969488140871064, 68.42252720095203, 77.17786146083299, 76.15210666367379, 74.41219541657574, 71.65049342066554, 68.11119876835674, 65.24904912409897, 60.7771246425546, 59.911937321047674, 63.729555266710506, 67.67693772203516, 74.20885370106633, 69.20736109844174, 64.43771593438562, 60.7662524347029, 56.60605312905202, 58.59635314791918, 62.674240248547065, 67.48166218239136, 82.06985000533605, 93.54884593343488, 94.25642335884855, 99.61316100448828, 107.76449009625853, 113.88736229986915, 110.89496392170359, 101.47514542417073, 98.25608944715069, 93.36054653315794, 94.08134913044665], [40.942080481315095, 49.61585645313732, 58.71334213494903, 64.56536293742735, 59.61074220192127, 48.81623008812111, 40.552562126730386, 0.0, 9.660796940121502, 18.403212424700342, 24.668561501426083, 32.877194672350576, 24.08672814067967, 15.683577095332812, 6.349493313460139, 42.84405198343603, 50.0507330428723, 56.38490661449515, 64.19761157904728, 72.17102835954735, 69.54962752154923, 62.31655533431862, 53.00180585482202, 46.602126609859866, 41.35172206541887, 21.866384748969935, 24.8913139845482, 29.19416201708528, 37.5535196215458, 41.01443460690298, 36.43988641615702, 32.13090276253494, 25.921347876573204, 20.192949233491277, 18.28678307415268, 29.44859794844559, 30.44627312495097, 38.52361141280051, 44.814067168921866, 49.2381554693455, 50.03874662081396, 48.00463953929842, 42.05409615834549, 31.74469718435047, 29.687192411089097, 18.89721584068936, 15.302996738413393, 73.42066022189148, 66.12941713157785, 58.83360853747788, 58.3567648297269, 55.51784109407812, 56.20946898794801, 60.95735211759547, 64.87559861223946, 67.83292280211826, 69.1515902189551, 70.96812404260052, 73.17303974944014, 71.10454173072416, 64.40497163455412, 61.3918691003643, 58.886286135013094, 60.62318913736118, 60.68029319381619, 62.16314428479922, 65.23222782552179, 89.82290433219406, 92.17569517183506, 94.44430922218208, 94.4973166588277, 105.39615505829735, 109.83936095694273, 105.61182150538146, 97.73576269909638, 94.59213160323286, 93.69242722631003, 86.60759179559408, 73.57675164095583, 65.16485177843522, 58.99282399991215, 60.082388000981815], [47.727398155564586, 56.027350434887936, 65.5577226972084, 71.90629849123616, 67.32936383208734, 56.66076556330407, 48.26592965127349, 9.660796940121502, 0.0, 9.040766875425007, 16.708886994330413, 27.038388044060795, 18.958326366179556, 11.792709573456856, 7.6376284874244815, 46.60113929996899, 53.95085741247539, 60.717258867074875, 68.93951456095564, 77.5564771995259, 75.32209994175257, 67.65128968893032, 58.15433132980006, 51.757768279504525, 46.04869805912705, 17.43919506283894, 17.016782082359228, 19.94912762242615, 28.037624389461833, 32.114700531330165, 27.417087162480954, 22.520319298311605, 16.44082622145764, 11.59025859647493, 12.118613841413136, 35.10246429165282, 37.82409267463061, 46.26501672021028, 53.79763708592527, 57.98650935306592, 57.93399554306193, 55.06845429182415, 48.91035593421787, 38.105237979823535, 35.421232596638326, 24.968850993502805, 18.144030666310012, 82.7081633988901, 75.09035218342845, 67.06604746924918, 66.0356547912848, 62.63265630030687, 62.75912071945794, 66.74301293619722, 71.43348738563472, 75.0384684648712, 76.92135263311953, 79.3261298552735, 82.07855985430864, 80.24609767971563, 72.98567273729296, 69.17840732101436, 65.89777870322655, 66.9331496195588, 67.72606857192866, 69.9784941634507, 73.82207317149809, 94.97369231064697, 99.077562984268, 102.68409471546242, 103.3853486905566, 114.62164711344812, 118.93799454428203, 114.55695153139287, 105.29506788557623, 100.15991300793846, 97.28893598281844, 88.86901481826179, 74.40744934641927, 63.20489369367796, 54.38863061409437, 52.693005125427085], [56.15063738756052, 64.21363156027637, 73.93913092881951, 80.538059038283, 76.06111489837191, 65.38703863680246, 57.01695363370413, 18.403212424700342, 9.040766875425007, 0.0, 9.710744087958346, 22.15973716695976, 15.25857405452033, 11.791642338776603, 14.501312998254123, 53.26847168621865, 60.685587173288496, 67.73070828439596, 76.2277867285586, 85.2485915242258, 83.20365780505747, 75.24565310931767, 65.63574938715554, 59.26786817810095, 53.30342322779228, 19.285113500845775, 14.085360022266169, 13.616023777667397, 20.610304297327072, 24.625915727460285, 19.304069305239242, 13.953588082533395, 8.807492170778866, 8.344126216680628, 13.343151338204406, 42.82739212754644, 45.57088294688258, 53.43516939421049, 61.607749241341764, 65.16974041570903, 64.1969560535735, 60.44958368130413, 53.9492478307938, 42.944890104144726, 40.66783776475257, 31.60980936669717, 24.95922761832477, 90.23701148420768, 82.21081575528456, 73.4319532377747, 71.730686125205, 67.71773830735374, 67.16459999643759, 70.3274876116433, 75.72040796817117, 79.98343031245821, 82.48503578206011, 85.59100980773616, 89.02797111384753, 87.54804103599923, 79.61196660195355, 74.89534159955093, 70.75478778329813, 71.02534345966549, 72.58591817643426, 75.70524710075608, 80.44103736033689, 102.52583046013551, 107.43634622795317, 111.43482776150884, 112.06138965392704, 123.04781226334418, 126.68795523013684, 121.75090069712061, 110.46223927786366, 103.50527307347215, 99.02100826336921, 89.61778416087569, 74.32119172109579, 61.03570536529399, 50.68857804929245, 47.04348297846439], [64.30677876761305, 72.64059874489662, 82.08103461917969, 88.1387580077396, 83.6744136221496, 73.09889266254623, 64.67531810224725, 24.668561501426083, 16.708886994330413, 9.710744087958346, 0.0, 12.958780008239122, 8.537557197473465, 11.845823138799306, 19.085925461043434, 62.66378567792739, 70.00281784453546, 76.85546029546472, 85.0558769181894, 93.56863608443004, 91.56157849381476, 84.02980352125024, 74.60622109803936, 68.25775445858206, 62.4666097137622, 28.885030744317618, 22.506800679352498, 19.08234820349199, 20.109975269798543, 19.368755719296942, 13.624096403650777, 13.35988938635429, 14.038694469613798, 17.462512497049357, 22.994868992157574, 51.698818380332256, 53.41978445573019, 60.12591574625818, 67.18444847040286, 69.645941525432, 68.28397190322384, 63.83915907786454, 55.972079513959144, 44.80205039409975, 46.11519860718543, 38.76663673828678, 34.02627504117267, 93.47802467004645, 85.53768203794688, 76.78326980833107, 74.32817896563238, 69.62523251054277, 67.60568381029972, 68.86489881147924, 75.40194208285686, 80.60670822060993, 83.79137235640263, 87.77041732148433, 91.6789571943016, 90.57624218045002, 82.51473171828988, 77.07039422006449, 71.76200701086378, 70.35966976300092, 73.41499525161503, 77.7696483137682, 83.2421986267285, 109.70071598315869, 113.34085715740702, 116.3410096249129, 115.88576210513048, 126.01855810688694, 128.30612392710736, 122.78834894741827, 110.05363958913064, 99.95631157454783, 93.40987638847282, 83.02364081577645, 67.05427052483014, 52.56522120489398, 42.504460840855316, 40.82699996228203], [72.63909811620897, 81.28356860294684, 90.11132768769093, 95.18155718638226, 90.89909768511127, 80.7400590865107, 72.31742241214343, 32.877194672350576, 27.038388044060795, 22.15973716695976, 12.958780008239122, 0.0, 11.03983140598664, 19.145685761790332, 26.818822999088717, 73.31656618013514, 80.38641198248398, 86.73979747047045, 94.2552492084325, 101.72120404818308, 99.79430103196685, 93.14464633459615, 84.19716966181086, 77.97054203194752, 72.61901606096765, 41.389859621905195, 35.179189966907764, 30.93173068036378, 27.18185384838446, 20.364567604916978, 17.150703094898883, 22.949677552337725, 26.40448158622178, 30.18615865163537, 35.45258912021028, 61.69093389414565, 62.66120664102173, 68.39573036394627, 73.43120725006656, 74.82127277744706, 73.65683121199707, 68.94549766547124, 59.454862616055394, 48.52629314700349, 54.35820506866304, 48.26871367642898, 45.00446991616492, 96.0419430334404, 88.7598335987716, 80.84534782185283, 77.81696416027727, 72.60211525646815, 68.7634198045284, 67.29828872862666, 75.1948905845201, 81.38910369276655, 85.14020311386287, 89.89306055889676, 93.87808502274356, 93.05894632969041, 85.55799512262553, 79.82467630470369, 73.41588676336838, 69.77800499740971, 74.73595739304723, 80.32463045845348, 86.11731653465871, 115.81752550693335, 117.32633353554677, 118.93000431002655, 117.1589904780002, 126.32683411456979, 127.15148296085071, 121.41446074133296, 108.44846099983683, 93.99690754082793, 84.54755227109685, 72.79652512775436, 55.71218301006189, 39.821880608289526, 30.762966432400844, 34.80314122810383], [64.91495061524577, 73.58128697405598, 82.6330176025004, 88.12230745965553, 83.32150811487087, 72.67708000869872, 64.42827289231342, 24.08672814067967, 18.958326366179556, 15.25857405452033, 8.537557197473465, 11.03983140598664, 0.0, 8.810560496614618, 17.76481688457399, 65.36445366071148, 72.75929359325455, 79.41761678658916, 87.37936716495773, 95.3578218320268, 93.0517094082223, 85.89363854133337, 76.54811559731436, 70.13919204898566, 64.57445402641032, 33.82233462681518, 29.06747618905675, 26.980868869418217, 28.471707348209836, 25.915427239102446, 20.628992364729232, 21.78985040336021, 21.681581033412073, 23.388919074805187, 27.862907360782096, 52.92875375077118, 52.67966842192645, 57.88218970383081, 63.60313623179603, 65.0552369801968, 63.53844654963169, 58.80030223730318, 49.96660099542067, 38.870274855588775, 43.40237224664936, 37.72643595212128, 35.881229457654335, 87.76601198066325, 79.89443553449496, 71.3083830020211, 68.4350509355949, 63.40941383675343, 60.555010998625654, 60.923421545297835, 67.8862058287945, 73.47876509810943, 76.95114389569565, 81.37474133612885, 85.53877846214392, 84.71148358347436, 76.61314949861614, 70.83137954941355, 64.9449453375966, 62.70763817817885, 66.4687247616372, 71.44330883631963, 77.26380301950883, 111.31121235113095, 112.89977740999741, 114.06229211809293, 112.14958483787248, 121.10507007709793, 122.173322893958, 115.98186240012534, 102.27940406112421, 91.48743493469298, 85.18275796035391, 75.25319552567811, 60.095805702557065, 47.50864505802148, 41.28925595058153, 44.579737103395544], [56.619677197373875, 65.25664712351336, 74.39625887744026, 80.12177013122069, 75.13547320336063, 64.31216661028739, 56.134268681613946, 15.683577095332812, 11.792709573456856, 11.791642338776603, 11.845823138799306, 19.145685761790332, 8.810560496614618, 0.0, 9.448307604331847, 57.161281753546504, 64.62696336427251, 71.32747886881126, 79.41104115453403, 87.5729911073046, 85.0904938667903, 77.73830733229816, 68.2723942466836, 61.81433872286081, 56.230952165898614, 27.445838409562512, 24.858749761260416, 25.251817834633147, 30.46358139210572, 30.878939416698774, 25.413469448982855, 23.465154142610082, 20.107879142181407, 18.835141400661154, 21.72288598800401, 44.32297200384742, 43.90285931127557, 49.553213464758365, 55.76294393185497, 57.93844928397851, 56.80746801930701, 52.65229573591249, 44.681503617132044, 33.446859024752754, 35.85873363876301, 29.13483467205992, 27.48822908843396, 81.67091898759895, 73.70167666903762, 65.12613119236275, 62.8776581707307, 58.42427112556374, 56.823655229821675, 59.00816762201098, 64.88877448169954, 69.62258185597393, 72.46823383407454, 76.1431063997856, 79.90256816244454, 78.76263408600943, 70.75537798682467, 65.60113889570644, 60.71534731156289, 59.999885258168696, 62.396808705470235, 66.29956081714019, 71.48674182452696, 104.4878021881035, 106.36533086221895, 107.72343923126029, 106.28565393667051, 115.68703023302234, 117.69782104784572, 111.8688235122979, 99.41273478477758, 91.73660298051455, 87.77623791372001, 79.09814507681598, 64.97659900048214, 54.28302070005419, 48.43796072705665, 50.75291297128625], [47.25298398123005, 55.94539656749373, 64.99406734713722, 70.68436599093218, 65.75372507644072, 55.00298207581133, 46.75857590083508, 6.349493313460139, 7.6376284874244815, 14.501312998254123, 19.085925461043434, 26.818822999088717, 17.76481688457399, 9.448307604331847, 0.0, 48.80503605994125, 56.08850667636688, 62.520621234612854, 70.3664568948819, 78.30423917383256, 75.76198234446507, 68.58111861084546, 59.26372442075932, 52.857696876732554, 47.514301135532925, 23.685005292793875, 24.27772995014472, 27.066087229704518, 34.194642468222426, 36.43603213058955, 31.592501255181713, 28.20951008156519, 22.9471756878478, 18.692595679816403, 18.8473681348419, 35.63179741449411, 35.98016379033029, 42.956295452042475, 49.007935806852366, 52.43266972076803, 52.50456880482778, 49.585443985011864, 42.55638720548711, 31.62277590489971, 31.918817825655587, 22.824399764421802, 20.17880913516246, 76.30104384698734, 68.78743159590992, 61.046469768349105, 59.82418272536964, 56.286141686785975, 55.93318376969272, 59.53125650168025, 64.33846692042843, 68.07585808266553, 70.02780443266013, 72.63341373480806, 75.44073109409517, 73.73947004102014, 66.5668789915066, 62.68787101278264, 59.145346936604035, 59.76727982738952, 60.88172957611948, 63.41648697061121, 67.34473468439624, 95.42584190288149, 97.40776862255869, 99.22024710250645, 98.58909248806513, 108.87325360517747, 112.29008430362785, 107.45270976248281, 97.88338903938855, 92.68823781871765, 90.46986609415352, 82.70126380126769, 69.15293508111125, 59.90744117373498, 53.875069362633894, 55.6536430284341], [19.100243480055585, 19.762071514364507, 29.46484691612407, 39.16070054137197, 35.923158304491935, 28.420553121140447, 24.829373312359316, 42.84405198343603, 46.60113929996899, 53.26847168621865, 62.66378567792739, 73.31656618013514, 65.36445366071148, 57.161281753546504, 48.80503605994125, 0.0, 8.048273272554615, 16.069097665308348, 26.235809756274993, 38.074842949203365, 35.61436691358942, 25.140683873149577, 14.971374977635787, 9.934257088784348, 5.077395583307352, 36.99357666987789, 46.19297384729127, 53.60761942656653, 64.51982219851212, 73.14079518229566, 69.95650283126024, 62.389861444940664, 54.802688785652705, 47.70575698072912, 41.460943732956245, 15.652718827656138, 27.963716050737265, 40.171302155817095, 48.793053711875714, 58.47678067862397, 62.007772382159075, 64.63709136717057, 66.4653668846107, 61.35481742254241, 47.39067580710059, 37.2560422642413, 30.406600970922447, 81.23336208487754, 75.8042787645218, 71.2085241176289, 74.7129723855806, 75.80547207604708, 81.79293689931168, 91.50675328269735, 91.0480851272297, 89.95855458721223, 88.12894043616996, 85.54036983218387, 84.53085455066949, 80.73452171763357, 77.01902925446656, 78.64646876093168, 81.68878540870156, 88.78695228200947, 83.67425960342845, 79.65898630105555, 78.09488573422523, 62.38821475390558, 73.97968262960772, 83.64774201759582, 91.17754072234999, 106.47333845200839, 118.14248046217863, 118.01417341025476, 118.86552189611696, 126.37095398090128, 130.67952956845235, 125.84810771937212, 114.07913940492578, 106.43781085355847, 97.06114338864823, 91.60058763240097], [20.195343341473077, 17.326431970061293, 25.32110496315785, 35.06255840539623, 33.0196035981044, 27.970412362936575, 26.328381431085088, 50.0507330428723, 53.95085741247539, 60.685587173288496, 70.00281784453546, 80.38641198248398, 72.75929359325455, 64.62696336427251, 56.08850667636688, 8.048273272554615, 0.0, 8.2788235384717, 18.681560252543875, 31.071996970736542, 28.91069292833778, 18.16904870097205, 9.26013958041681, 8.104550683983598, 9.56781994915665, 44.5277095363498, 53.51183412438105, 60.71356573588654, 71.11818924572269, 79.76760464431266, 76.91269498039468, 69.49775639512205, 62.12478050206701, 55.170588910496264, 49.014743877971576, 22.638979025803746, 34.160751354912406, 45.61420522380073, 53.01095180521799, 63.02190471934549, 67.2396441328701, 70.5572105845336, 72.82392394467995, 68.2217903767747, 54.561091977742805, 44.83608211239908, 38.24275987878617, 83.9770646264356, 79.3917873503766, 75.87299015002098, 79.92297165275225, 81.53136842807997, 87.81796424595606, 97.65431351118495, 96.81845826352908, 95.28298780817198, 92.9938491686334, 89.76540925080099, 87.99356551008786, 83.88720580315156, 81.20166327499543, 83.71241067751885, 87.39443407255645, 94.75748274356091, 89.30622842586536, 84.68604029510948, 82.24818375622921, 56.01536241766716, 69.33339216450211, 80.59971991732002, 89.7022009735541, 105.86710009677134, 118.92906684920547, 119.91374896616259, 123.16416005917233, 131.60903014032638, 136.35446122706801, 131.75513495405463, 120.09237783144476, 112.71773031964108, 103.06371263487414, 97.29195987270975], [21.704090918887804, 15.758816491578896, 20.653197778232936, 29.827159865267106, 29.268514915066294, 27.21667041047876, 27.53150915504348, 56.38490661449515, 60.717258867074875, 67.73070828439596, 76.85546029546472, 86.73979747047045, 79.41761678658916, 71.32747886881126, 62.520621234612854, 16.069097665308348, 8.2788235384717, 0.0, 10.451486510684017, 23.07979220530908, 21.16678883139436, 10.547796005140267, 6.354035637896991, 11.018910036789936, 16.049904564277917, 52.218766391765044, 61.04658068769072, 68.04696520644363, 77.89684021998595, 86.27307083677967, 83.6926734445321, 76.60975756256481, 69.43834731454692, 62.54716205896267, 56.49278323729765, 29.148669027446193, 39.86675993050345, 50.58425251351449, 56.321829242826325, 66.53099202350711, 71.57334044844232, 75.59488051173821, 78.0578185806541, 73.95784757342324, 61.10793338224661, 51.706936464131175, 45.57403321297451, 85.2121489607054, 81.65366733824168, 79.44572070614169, 84.02350889531496, 86.12836800947252, 92.56108678103061, 102.33800909286465, 101.17515569788425, 99.22935328347432, 96.4734052178699, 92.6210270175059, 89.99072649096449, 85.55879514631869, 84.0995098389749, 87.56275822011456, 91.83060744782112, 99.2974360240703, 93.6296734027973, 88.46819938368408, 85.0913087164714, 48.54605951412225, 62.94707778813264, 75.55074984614629, 86.11413366455949, 103.09718680018287, 117.51791684254724, 119.72225651546657, 125.73515757071263, 134.93455716057377, 140.13702378848, 135.86981532054597, 124.47458568746244, 117.69942106451187, 108.16065443173729, 102.69446012212262], [26.52383555342406, 18.808357954876257, 18.157159494279547, 24.9451589980425, 26.947133622997196, 29.132193485011317, 31.390369088743206, 64.19761157904728, 68.93951456095564, 76.2277867285586, 85.0558769181894, 94.2552492084325, 87.37936716495773, 79.41104115453403, 70.3664568948819, 26.235809756274993, 18.681560252543875, 10.451486510684017, 0.0, 12.945350460223386, 11.936383197991718, 5.371199269569227, 13.132486906527685, 19.308349881357856, 25.407914836788063, 61.62661267783465, 70.22183566727308, 76.94265562409676, 86.05837787234218, 94.00962853889733, 91.7764429077024, 85.16146875351053, 78.27448402069768, 71.49317794536185, 65.60173393845494, 37.88071764725068, 47.834629138891344, 57.778373207059865, 61.52983253645209, 71.76789179765626, 77.7220156711847, 82.43759847921949, 84.89551727728633, 81.25882561480265, 69.59886211927021, 60.43645808977951, 54.654357968104264, 87.47245420495882, 85.23422303806746, 84.6270118791515, 89.71882106160834, 92.30597038487997, 98.73208346882275, 108.23633431589134, 106.813891108323, 104.49048866623598, 101.25077992603978, 96.75997825407008, 93.12069778278028, 88.33376525312451, 88.39175547899465, 92.90231822261204, 97.7101287417795, 105.10393602302608, 99.35544712943732, 93.70978377618333, 89.29939330301241, 38.83858702433585, 54.69735354060452, 69.21291690326228, 81.71613690211367, 99.73706888259902, 115.81801534163881, 119.6262269248995, 129.1445171189095, 138.87348508644314, 144.42699381370616, 140.4948937669127, 129.39635283299137, 123.33499642772199, 113.95917953296043, 108.96094606956821], [33.0989513237371, 25.406833483453557, 19.383531269510822, 20.503151551030513, 25.832124234194715, 32.54171742702775, 36.370850054351, 72.17102835954735, 77.5564771995259, 85.2485915242258, 93.56863608443004, 101.72120404818308, 95.3578218320268, 87.5729911073046, 78.30423917383256, 38.074842949203365, 31.071996970736542, 23.07979220530908, 12.945350460223386, 0.0, 5.068329491217097, 14.098554616816603, 23.9981109382383, 29.845750502141197, 36.33420689025437, 72.18341329669119, 80.52202937736045, 86.9264129307457, 95.20020477745234, 102.35542088444961, 100.43645057442295, 94.53003653311289, 87.97012715544624, 81.28549301259703, 75.62963869722357, 47.567285979549375, 56.41884758861237, 65.39572435397012, 66.58770708317358, 76.58227892586406, 83.5950432567365, 89.0254642108301, 91.20878414146645, 88.12575997142926, 78.35946182505025, 69.54776047827144, 64.45609304433883, 88.31694754314425, 87.77498909114489, 89.18084713440061, 94.7577832568527, 97.82110521954074, 104.01414743167719, 112.93580687834839, 111.29737341240082, 108.62267950200673, 104.8738401018878, 99.74742090793757, 94.92016668761036, 89.7679722299138, 91.72245138138997, 97.4067964839962, 102.69667405408633, 109.76515795162429, 104.11593006905977, 98.06687514532405, 92.4994165445894, 26.945019365183644, 43.003865298225406, 59.455515048306495, 74.07742782956909, 93.18458672816446, 111.04819413920283, 116.80835322631164, 130.66021974974566, 140.66668091784172, 146.60740579247886, 143.197941710227, 132.7011890488273, 127.88309174947416, 119.23463000879973, 115.50926207792517], [29.57750794948278, 21.495955397368732, 14.69664636380671, 16.55503453837889, 21.281283283594085, 28.0636052059921, 32.50783913286852, 69.54962752154923, 75.32209994175257, 83.20365780505747, 91.56157849381476, 99.79430103196685, 93.0517094082223, 85.0904938667903, 75.76198234446507, 35.61436691358942, 28.91069292833778, 21.16678883139436, 11.936383197991718, 5.068329491217097, 0.0, 11.097877408461764, 20.9666410084712, 26.804690976323283, 33.47188601852737, 70.15556754415012, 78.73602477270185, 85.3621598148501, 94.08330683843553, 101.18798843111841, 98.98008803305618, 92.97518537838377, 86.19094201821724, 79.31929389566415, 73.55745184943248, 44.35026160050574, 52.382139936673504, 60.88162368607469, 61.880196196097124, 71.86016958032008, 78.88091492514667, 84.44396249111273, 86.91956069375101, 84.19021154780071, 74.34761563747581, 66.020887090566, 61.73663599021735, 83.69377052435695, 83.02017242976618, 84.39442897342141, 90.05002235540904, 93.2387838350334, 99.62228019439925, 108.79579755499228, 106.90736549081517, 104.06470901897667, 100.23840429942166, 95.02392823282686, 90.24131741671088, 85.11885883455822, 86.97247939566694, 92.7182646184591, 98.18504291804675, 105.49771894120035, 99.60791898047249, 93.38729727738827, 87.7606776236921, 30.761683957940633, 43.887162843127804, 58.35819790638679, 71.91643946689837, 90.44636128068137, 107.82023077031604, 113.05509431494384, 126.21491764460684, 136.92664272953465, 143.45582069046495, 140.416491862153, 130.35737214081473, 126.0381688427523, 118.09377797701302, 115.02643585952966], [23.168807027891038, 14.721210247862436, 13.443679808190799, 21.134189374533577, 22.26516275920073, 24.402834289551798, 27.503373539755557, 62.31655533431862, 67.65128968893032, 75.24565310931767, 84.02980352125024, 93.14464633459615, 85.89363854133337, 77.73830733229816, 68.58111861084546, 25.140683873149577, 18.16904870097205, 10.547796005140267, 5.371199269569227, 14.098554616816603, 11.097877408461764, 0.0, 10.522789182997068, 16.93575746262756, 23.51064611847097, 60.946281683729005, 69.80291906920365, 76.74253814013191, 86.25498836989136, 93.98619383058343, 91.45453645209443, 84.8514564843337, 77.74694111909837, 70.74920739007887, 64.76614152176184, 35.40403770703865, 44.19546994206114, 53.49287865055218, 56.736638974233394, 66.95259286700674, 73.0543751778436, 78.02159646498072, 80.7808189841213, 77.62894711350168, 66.12369477449656, 57.58211670494728, 52.9314360129465, 82.33831808452182, 80.14042888141044, 79.72838120424205, 84.97106072051648, 87.76146986780293, 94.37651485333521, 104.0916659502958, 102.35812994272565, 99.80152944459803, 96.41157791110487, 91.74891557306483, 88.02334503899559, 83.23177854643552, 83.39092760738994, 88.11112279191255, 93.1799508013637, 100.80873451794477, 94.8007566245059, 88.91049513320255, 84.29574111033234, 40.708678111208556, 53.94788889269457, 66.71261984472278, 78.2985929353707, 95.76786959533008, 111.48420320460936, 114.95369498817976, 124.24322538435072, 134.77452235619972, 141.0399959840214, 137.6065669993154, 127.10618627743808, 121.8250599954335, 113.40855247697779, 109.43063017343329], [16.123213565908532, 9.767604286878843, 16.16522312431935, 25.937693920144714, 24.186845023956042, 21.018734992537702, 21.595287992991477, 53.00180585482202, 58.15433132980006, 65.63574938715554, 74.60622109803936, 84.19716966181086, 76.54811559731436, 68.2723942466836, 59.26372442075932, 14.971374977635787, 9.26013958041681, 6.354035637896991, 13.132486906527685, 23.9981109382383, 20.9666410084712, 10.522789182997068, 0.0, 6.597600674609893, 13.0559752762092, 50.923843745498246, 59.984620537525736, 67.15307541876099, 77.25905543008979, 85.17565946781373, 82.3052697698435, 75.40851110399463, 68.0619359148213, 60.93383114813019, 54.83409438604178, 25.272261320801626, 34.879589467907124, 45.20340022781388, 50.240193694699094, 60.473380441240245, 65.79323081755324, 70.05883903652634, 72.56832812339354, 68.85522824055074, 56.54735523077229, 47.62393645263844, 42.777138018714865, 78.87514785838178, 75.37155777282712, 73.41112443876882, 78.10085631045904, 80.34458139013319, 86.81934629871397, 96.6427159134802, 95.2865675557822, 93.20255207359708, 90.33768511811012, 86.39280453913233, 83.67002284750181, 79.22060796842354, 77.89125654915559, 81.54450220823578, 85.96739832783379, 93.50533728130799, 87.72520907797012, 82.4261582514715, 78.86952806157394, 49.58696624943642, 61.168670384278116, 71.90738453181969, 81.36264077769864, 97.79124805932999, 111.70533591263829, 113.57058905475107, 119.4358625639077, 129.03924662053282, 134.80057713586868, 130.996079272099, 120.19972376364943, 114.33441706226454, 105.92991977599385, 101.85816636991656], [12.345525093126739, 10.04703583716894, 19.538116678299623, 29.240509325640428, 26.244995440457785, 20.070921419214713, 18.31332837517105, 46.602126609859866, 51.757768279504525, 59.26786817810095, 68.25775445858206, 77.97054203194752, 70.13919204898566, 61.81433872286081, 52.857696876732554, 9.934257088784348, 8.104550683983598, 11.018910036789936, 19.308349881357856, 29.845750502141197, 26.804690976323283, 16.93575746262756, 6.597600674609893, 0.0, 6.741633455329578, 44.711513026445466, 53.852802688407166, 61.10883955128245, 71.45628600107698, 79.29222117235871, 76.2249288600306, 69.29082623599815, 61.84000887722495, 54.62896290960308, 48.506078326390046, 18.726534807075577, 29.17020397041764, 40.368747982535616, 46.30465544554118, 56.43391047922508, 61.330472653949805, 65.09150601030498, 67.14997936527085, 62.96143228546017, 50.576788692819456, 41.21493911580181, 36.20274842335402, 76.44687533746365, 72.24557435221305, 69.43794619530036, 73.71082105470809, 75.53176170275422, 81.73025591112801, 91.4084388908353, 90.41346678296394, 88.72376286596894, 86.2318117452085, 82.81351323524713, 80.68359225695353, 76.44938668240312, 74.29876342805721, 77.26446533561109, 81.15420811292398, 88.43107478583246, 82.97075627011596, 78.17470625968906, 75.30202998780582, 54.473381219695895, 64.70862327921314, 74.176134734737, 82.3080634236902, 98.1125170821215, 110.88614449643225, 111.86376672598695, 115.85180857534222, 124.50680941087336, 129.80216494614794, 125.73684257135524, 114.76302982106583, 108.63678815271024, 100.3740395749109, 96.53967770115243], [14.118030644988446, 15.567496758189417, 25.70970094974932, 35.210079826431496, 31.56278355765532, 23.540432675796147, 19.760414144941347, 41.35172206541887, 46.04869805912705, 53.30342322779228, 62.4666097137622, 72.61901606096765, 64.57445402641032, 56.230952165898614, 47.514301135532925, 5.077395583307352, 9.56781994915665, 16.049904564277917, 25.407914836788063, 36.33420689025437, 33.47188601852737, 23.51064611847097, 13.0559752762092, 6.741633455329578, 0.0, 38.227965222586526, 47.48747358893738, 54.88924140565002, 65.64905610348352, 73.70312203253306, 70.43312117194455, 63.235372311722216, 55.63626450009082, 48.37966538814408, 42.17446624263569, 13.22412617883972, 25.169188148547857, 37.33882663982405, 44.905755437144144, 54.74551865310637, 58.82442674742467, 61.83340683205716, 63.545406049625, 58.73118803934625, 45.65943260254804, 35.721368538149, 29.99000531283216, 76.7533251471343, 71.65899115337203, 67.64105750389426, 71.35768747912498, 72.64464625857111, 78.60520834022526, 88.22842817586417, 87.63608334973333, 86.40264041051786, 84.38813257470589, 81.60604688748876, 80.27517203293621, 76.35524356125042, 73.09762804997055, 75.12328995540415, 78.37011772140785, 85.43693218952156, 80.28686414098333, 76.09027319910979, 74.14298973308932, 60.4453581700358, 70.41144014437653, 79.1715593504073, 86.2706365348744, 101.43996375809199, 113.08505271001528, 113.09265148476159, 114.7264426070982, 122.4405490171126, 127.13715162250423, 122.66446256470621, 111.33238548086925, 104.53270457757745, 96.0194028775923, 91.80723285478598], [44.96796174817624, 51.650958717335705, 61.98973314442171, 70.06230787767001, 65.7202648482555, 55.17460440581705, 47.46275587192789, 21.866384748969935, 17.43919506283894, 19.285113500845775, 28.885030744317618, 41.389859621905195, 33.82233462681518, 27.445838409562512, 23.685005292793875, 36.99357666987789, 44.5277095363498, 52.218766391765044, 61.62661267783465, 72.18341329669119, 70.15556754415012, 60.946281683729005, 50.923843745498246, 44.711513026445466, 38.227965222586526, 0.0, 9.62339606549403, 17.590753935710087, 30.384763359624223, 39.27135228200791, 35.058149926650835, 26.513369016826022, 18.463741569837545, 11.717296852186216, 5.992804682474643, 29.758249656529518, 35.75264906844768, 46.05305156399903, 56.94882731028514, 62.741759309900345, 62.33894773476699, 60.12336809699794, 57.14739558980007, 47.700667410911095, 37.440845249891396, 25.978584317094416, 14.044591495102377, 89.71742280543862, 81.59642928273307, 7