{
	"dissimilarities": [[0.0, 8.71698717295391, 17.862126127034735, 25.330161716901113, 19.60697062618754, 11.78403410597462, 7.5028539621226145, 40.75312653291538, 47.6673462418338, 55.986966052428755, 64.2069177275267, 72.75618496535698, 64.99215115646956, 56.715899562784216, 48.39089319671021, 19.197123387744348, 19.180127755130517, 20.183607629885817, 24.37601878490556, 30.39318422311336, 28.510414227343887, 21.559866562596113, 15.64577912484789, 13.017964107853537, 12.811614771294288, 45.1223490560966, 53.63214668173669, 60.20268124165304, 68.88592458027713, 75.46481968541748, 73.16873676915857, 66.85262853272337, 60.13547202019243, 52.988379981771565, 47.62924102679662, 17.47879663217677, 22.77437353178605, 33.39209347176875, 37.52650420795975, 48.322671146258934, 54.192557964097425, 58.070729728042394, 58.39111682011423, 54.869515047282235, 44.49516412744947, 35.39861848641523, 33.68216246314251, 66.78881953069613, 64.21812277368885, 64.61476115598502, 66.97612472176324, 68.70853017227346, 73.75889501984233, 80.54817512161961, 83.04034271116046, 81.61050288947776, 80.15967051885035, 76.82350870550533, 72.50866522721945, 66.85371761236128, 67.52963736809973, 70.63393548496386, 73.35385759546587, 78.26848261265816, 75.1991760948138, 71.568762016995, 68.54182983599736, 54.34236205747282, 58.924624679247145, 67.79193441184879, 76.41738015781392, 89.28165448355166, 98.47094263284374, 99.8200853480338, 105.54420934421755, 114.66569486549362, 118.9915303346382, 116.3581174695212, 105.20348177878378, 100.6268942760639, 94.56217697608467, 92.89053560459857], [8.71698717295391, 0.0, 10.767331129226497, 19.792934841637, 14.603942967261752, 10.674889125475453, 12.984062005637835, 49.2492583044953, 55.97945052753772, 64.12531323049781, 72.4565633154896, 81.3414379366234, 73.51402651473131, 65.18393040174004, 56.90186215367375, 20.272829374364054, 17.014610489772693, 14.861065176812259, 17.07842895696539, 23.181576689261234, 21.00863866380004, 13.345465437970343, 9.931265135043018, 11.231163695280555, 15.009681650722676, 51.86193535063782, 60.672871136140536, 67.51457616344982, 76.5777384597313, 83.41906132992594, 81.25083489076393, 74.69997164876297, 67.74110850479062, 60.55419691244839, 54.89259179454114, 23.552604191561684, 28.840567083501774, 38.075561744171104, 41.61896394593295, 52.41978605801083, 58.471067288445525, 63.104534474546135, 64.7529932554128, 62.20974623864927, 51.032318241241136, 42.876047738694076, 41.16563529669048, 69.33352528911368, 67.32806289689746, 68.59048327078858, 71.60736643015169, 74.02093641003385, 79.75784796368103, 87.14479254534412, 88.78844925056033, 86.65244388455973, 84.61163111061602, 80.51645741513606, 75.61553218281072, 69.6927088322209, 71.17227870307605, 75.16998336873426, 78.8355564980405, 84.5299948028062, 80.60171823318456, 76.07956387077614, 72.1602218661756, 49.245079805232336, 55.38636156081501, 65.62618385183775, 75.97120232340168, 89.46317241736952, 100.00982469330663, 102.26231660355802, 109.93792254277501, 121.02971318404921, 126.3569415535938, 124.22057367591026, 113.48727536129547, 109.21331194501411, 102.9711793634263, 100.706456061079], [17.862126127034735, 10.767331129226497, 0.0, 9.583993053141787, 6.528333855670527, 12.062454631522556, 18.7593488527947, 58.30088698166985, 65.42440768251437, 73.81927366421922, 81.98246241557946, 90.0231996854716, 82.42245774626964, 74.16873405352942, 65.81081813675604, 30.473206332335984, 25.87742787828939, 20.828778010479105, 17.161240449463204, 17.687950395202662, 14.079689074976763, 12.833570748898726, 17.288384153008774, 21.09058210322925, 25.647382480527966, 62.45877222239154, 71.16871427644358, 77.82358981183928, 86.50789650236369, 92.88586779604486, 90.8359264988276, 84.67177491261866, 77.94138867394717, 70.78365003232486, 65.28879649417945, 33.99577479241961, 37.260086209559766, 44.0653839478152, 44.65393640778421, 55.39419678195637, 62.66553977445143, 68.23513874610114, 70.28713857940905, 68.67357082918268, 58.88479946342144, 51.96930406005961, 51.32863023617695, 68.20177015283802, 67.64016128617492, 70.60936454392126, 74.5397530329793, 77.74078755387607, 83.8479114914804, 91.27537866451301, 92.16551014419909, 89.30887146879702, 86.52245725273077, 81.44646871142808, 75.68520849739552, 69.16022447956212, 72.40631723712974, 77.77093667512287, 82.43430642458738, 88.53931227830633, 84.06156365137772, 78.60487144820615, 73.34004636634863, 42.97184772164016, 46.891133859185544, 56.92664358769282, 68.48936624906611, 82.64271984007266, 94.91499558201451, 98.6802722217946, 109.94263202396509, 122.75171312949847, 129.4488648122911, 128.14618412333496, 118.4777978252006, 115.67910087995214, 110.34038128922099, 109.25490055579225], [25.330161716901113, 19.792934841637, 9.583993053141787, 0.0, 7.592289386108117, 17.420771821817247, 24.30495418884421, 64.15827177929059, 71.61338408201308, 80.25539868968674, 88.12965168262942, 95.05071152043007, 87.86374821172303, 79.81789432023074, 71.4472992509053, 39.870952718913976, 35.30576163387108, 29.695507503767804, 23.839879149824526, 19.268920532298118, 15.266961478704204, 20.494292562102185, 26.762505479371562, 30.555024062702156, 34.79857763558604, 70.44809815581242, 78.86555464348005, 85.1384301099938, 93.18241152084583, 98.88623611338859, 96.97449998762255, 91.40073057051755, 85.07690828722241, 78.03014573709011, 72.86537398262695, 42.28350241798563, 44.171432266002085, 49.424305998769896, 47.351234623894214, 57.84631243829558, 66.24496970291408, 72.2900894090268, 73.92517746108402, 72.68712895912833, 64.8533285628634, 58.614794805325566, 58.76291690459565, 66.64848523517325, 67.49991922903118, 71.88058766129173, 76.38732820074901, 79.99879561487232, 86.00687629106949, 92.99368070100303, 93.61746245798166, 90.43890711624148, 87.20739566316007, 81.53026109465166, 75.18041375531119, 68.1462017756686, 72.96342216401982, 79.27427177542981, 84.4008212191344, 90.38252230975596, 85.91128509867983, 80.0311183065874, 73.84150945623936, 39.27657893605611, 38.72315693027523, 47.61979156621866, 59.85732334014712, 74.73495837735702, 88.49002407808123, 93.68933674646229, 108.17297932690663, 121.4812999639436, 128.99629086140632, 128.25472403280602, 119.49189024398106, 118.08767821924143, 113.7315266442835, 114.14514954497757], [19.60697062618754, 14.603942967261752, 6.528333855670527, 7.592289386108117, 0.0, 10.185307202253545, 17.873344426790585, 58.33391838847653, 65.89424226071102, 74.48294363169519, 82.46280791907473, 89.81372821799083, 82.11764987142378, 73.88571710442642, 65.55396358833674, 34.626851653295915, 30.974634343754648, 26.857439583297623, 23.675991553868787, 22.86712490247066, 18.927554194946847, 19.270115550546215, 22.599526543995452, 25.446924578095288, 29.148998375325093, 64.4515290579247, 73.06545470099675, 79.63634825119051, 88.0110546037897, 94.07286816253452, 91.77188343433984, 85.82375175612289, 79.28023357870524, 72.08869061663394, 66.84567192373189, 35.8655793008707, 36.857534320249556, 41.953154166325184, 40.63412059080553, 51.25490293308929, 59.24238420622494, 65.15732228933219, 67.0964850640852, 66.01796726709463, 57.52225073303126, 51.68280693707039, 52.46613680667675, 62.32737238129071, 62.268583333896224, 65.87518171376485, 70.11986739360937, 73.58841578017545, 79.73996229988472, 87.09824333459323, 87.66868603810089, 84.57491544807523, 81.54743647654263, 76.19145242637258, 70.18974085167844, 63.4638203708207, 67.3395452110443, 73.17539499637569, 78.14950128141646, 84.32994597134683, 79.70835315754803, 73.97108776691651, 68.25067374864271, 45.796318272640434, 45.76573580436476, 53.07311125620082, 63.20871940018784, 76.61619817185746, 88.49447522967641, 92.21384258505525, 104.1094294717891, 117.58519890417236, 125.0586403047597, 124.39993156664383, 115.62960516850973, 114.05491607377935, 109.97750814397044, 110.40570093176909], [11.78403410597462, 10.674889125475453, 12.062454631522556, 17.420771821817247, 10.185307202253545, 0.0, 8.443394313154988, 48.8169146618039, 56.435761370433255, 64.960292072053, 72.99124185715354, 80.71635549122782, 72.60805728061973, 64.24444788854626, 55.964424320478464, 28.18554043296197, 26.610905302272773, 25.34525941520359, 26.209554794377873, 29.19570007193028, 25.924804059492214, 21.728441686635723, 19.834419633820023, 20.0981896924229, 21.99883611982664, 55.12960361439967, 63.773332623024785, 70.49441816392167, 79.03441377052354, 85.35309676679918, 82.68747370661848, 76.46991173823511, 69.81583722918126, 62.54354679708205, 57.33858899932278, 26.64084336001128, 26.774659981225348, 32.80839208528797, 33.20935061033865, 44.136994464435006, 51.43849916459393, 56.72521453351243, 58.27819771214792, 56.70553335249662, 47.589704007403796, 41.50947674930944, 42.75427604640728, 59.035384346127984, 57.580052573521336, 59.6980531664387, 63.2097601336841, 66.07260534054689, 71.97871436284802, 79.39423588569532, 80.48679282068521, 77.94827955931474, 75.53243295126104, 71.02049197098181, 65.78342387074257, 59.581833053820056, 61.84934253211718, 66.55099172374038, 70.74523820912059, 76.66721441557765, 72.42122849724468, 67.41365869771641, 62.81686169869684, 53.30988249151767, 53.970818899677965, 60.23736282781778, 68.16228134048443, 80.22257985321554, 89.79121978453765, 91.68898723916749, 99.8893542760691, 112.16368544553296, 118.81223194873452, 117.77741800432266, 108.54418062844563, 106.34706332622089, 102.31827005680172, 102.6917112882576], [7.5028539621226145, 12.984062005637835, 18.7593488527947, 24.30495418884421, 17.873344426790585, 8.443394313154988, 0.0, 40.52848709011392, 48.16329458087231, 56.76289174056662, 64.71810609926973, 72.3303121959261, 64.35831926286313, 56.06153617428753, 47.73773584687574, 25.535285191044533, 25.9978122796939, 26.77185212155248, 29.73448297220804, 33.9994107128953, 31.40287525746217, 26.156169700884895, 21.573359949826013, 19.44868686648402, 18.959785012818607, 47.910401953135285, 56.219796886313446, 62.653516232896024, 70.8840554035726, 77.02836808154332, 74.3588243451277, 68.32904538022086, 61.88141209373561, 54.705492198507876, 49.74666476716119, 20.691692451118566, 21.272730603255475, 29.471452920321216, 31.320460409380733, 42.29746751045597, 49.104042778231815, 53.41044691586845, 53.528951858793505, 50.644375254106556, 41.91829017310393, 34.441797974165766, 35.23490575237994, 59.55369167180698, 57.307797031595975, 58.224157913831036, 60.885051510107324, 62.887657954963366, 68.01849370153522, 74.80019395448046, 76.9667914225979, 75.29881359658965, 73.62381855194947, 70.05170151243618, 65.54918765466235, 59.71743408963056, 60.870499006416594, 64.40183410347065, 67.42859625698432, 72.45842603817034, 69.22137053155022, 65.30764392802406, 61.87289985200959, 57.03070957305499, 58.03844104793731, 64.21984017777298, 71.09017349500796, 82.91964682523191, 91.33166264760132, 92.37381766042826, 98.34433031945046, 108.18592826207217, 113.42645365133578, 111.57237600661887, 101.49321313837162, 98.4683007535093, 94.08436615050614, 94.4325482228283], [40.75312653291538, 49.2492583044953, 58.30088698166985, 64.15827177929059, 58.33391838847653, 48.8169146618039, 40.52848709011392, 0.0, 8.443290648938897, 17.125722662010762, 24.40797428884472, 32.7767163885434, 24.26999692477397, 16.113752228713523, 7.89998465706295, 42.54770407943786, 49.12776765458366, 55.25952778671142, 62.63557065666828, 69.60333667162956, 68.46109430639787, 61.108395486737614, 52.3546756189212, 46.41428564289071, 40.48514767648173, 21.88387997272709, 24.346332524303943, 27.759585380885394, 33.451958736749724, 39.03912238055212, 35.05941565424144, 29.565545035096292, 24.842541700558314, 19.244779164413213, 18.539287704806192, 29.924348765954893, 29.743706243310715, 37.72531914841597, 44.9911325217322, 50.21540116814682, 51.19088253163911, 48.9999668144785, 42.148810273154496, 32.22859149682858, 28.582793235012595, 17.140760543230105, 14.81656421042456, 73.63368161877885, 67.92889882717078, 62.780283042487454, 60.6189121522261, 57.806191497731376, 58.048991884883065, 60.824670416650534, 68.04849167523432, 71.01182318323582, 73.33048760257986, 74.8970461775571, 74.68773933828778, 71.962398125978, 67.31319354186657, 64.2996749732143, 60.88806098007539, 60.67659569214133, 62.93140663194915, 65.24220376376446, 68.24982977892323, 88.95381642150242, 91.14678714643219, 95.9199742568709, 98.11101405339845, 106.93775053421501, 109.07574419937106, 105.40111114638368, 98.58366382460943, 96.82035693333988, 94.48854849977259, 88.52069700178957, 74.24281592595526, 65.58548630094778, 59.48471947173367, 59.32556570996715], [47.6673462418338, 55.97945052753772, 65.42440768251437, 71.61338408201308, 65.89424226071102, 56.435761370433255, 48.16329458087231, 8.443290648938897, 0.0, 8.89518216186864, 16.585335774439603, 26.882144478285998, 18.794459065560705, 11.756088529531453, 7.3785498148596265, 47.11456287088847, 53.982418462760435, 60.51141402077791, 68.32547203577265, 75.75099187135714, 74.92015548050198, 67.21235507597906, 58.172027834714356, 52.09667271546182, 46.01280572295349, 19.24153078151998, 18.378459219216253, 20.08975951345732, 25.135066758411703, 31.157003783541292, 26.95638175000104, 21.139139218798572, 16.894466053623237, 12.575183476829668, 14.401119508791979, 35.58566941657741, 36.69703802033921, 44.71405610654263, 52.762246897896205, 57.32510252374897, 57.2577847288245, 54.19874781878453, 47.06832440857041, 36.747237315150265, 33.371172194899195, 22.80699030638021, 18.25314283099765, 81.14929142826668, 75.09811903968615, 69.26516459186512, 66.50751406481984, 63.08829701432737, 62.60806495680916, 64.64910183780032, 72.5033504285114, 76.13350612743346, 79.01092030904809, 81.25674335335884, 81.59568987564758, 79.30060896891304, 73.98237467732115, 70.13737868533174, 65.89136182241691, 64.88102771670755, 67.90562065536744, 71.06490630604863, 74.89104922892939, 94.6144423726671, 98.03004933640193, 103.5375472730656, 105.92194242409028, 114.83668899730031, 116.63314963503251, 112.5905544497618, 104.15065364382012, 100.36688680890192, 96.2568307249741, 89.15742892641843, 73.65394694178615, 62.686263320687814, 54.80695395531149, 52.627600164193026], [55.986966052428755, 64.12531323049781, 73.81927366421922, 80.25539868968674, 74.48294363169519, 64.960292072053, 56.76289174056662, 17.125722662010762, 8.89518216186864, 0.0, 8.664082137032521, 21.968889496120873, 14.406101121418626, 10.752245394576008, 13.003545537080072, 53.68605990338978, 60.79130209899414, 67.69347614526413, 75.90475523036993, 83.73813978991014, 83.0608698964882, 74.974335259227, 65.64448871745842, 59.47091358241316, 53.29697774331857, 20.742790972131473, 15.743352161165326, 14.48259784974543, 17.920431345736436, 24.542437839653868, 19.386124317630507, 12.678472856443001, 9.794131266334238, 9.538072457422931, 15.047719367194784, 42.87583849936711, 44.093219481438915, 51.41462305799141, 60.011179204505005, 63.627847226527756, 62.38717025591148, 58.394105120987646, 51.067555010182595, 40.712165010447215, 37.95607577494087, 29.181411470990447, 24.678364563365236, 87.82299842530968, 81.3107183669055, 74.66380811033783, 71.23696336333478, 67.18490720490799, 65.97387141635268, 67.3459858193137, 75.65873644219592, 79.94237689137668, 83.41482483939077, 86.4327194838657, 87.4452796109301, 85.73074156903242, 79.57019144704985, 74.77445061705627, 69.66436363042399, 67.89771235112718, 71.62209816219887, 75.67670202286305, 80.43854890805754, 102.50229917176, 106.60690032884602, 112.28413143502605, 114.40607300069077, 122.93941323178778, 123.93207075337409, 119.18054022549433, 108.51930485786517, 103.00839691652645, 97.37153806164154, 89.45676166250836, 73.2349211283572, 60.38977469563287, 51.4901441615633, 47.64891642531781], [64.2069177275267, 72.4565633154896, 81.98246241557946, 88.12965168262942, 82.46280791907473, 72.99124185715354, 64.71810609926973, 24.40797428884472, 16.585335774439603, 8.664082137032521, 0.0, 14.818538075880223, 9.903729414059583, 12.52155492429255, 18.583901405619464, 62.3079430580103, 69.37466794316117, 76.19212526271286, 84.25805638136231, 91.84821943666658, 91.19977522857437, 83.3961492347248, 74.19451303993456, 68.05111248021386, 61.89841675966659, 28.582441440267715, 21.829400572185236, 17.371477028999493, 14.94378129055518, 18.89630263729024, 12.62446137202538, 9.266279345091966, 12.745432101176878, 16.646157395270116, 22.951596461133267, 51.48118241942352, 52.164789028649835, 58.5548590076868, 66.46309452857423, 69.25152325315725, 67.63042887295713, 62.94862025750694, 54.59131232388103, 43.972724319056354, 43.94504949959569, 36.783197527552645, 33.294680327205626, 92.58042600309834, 86.0294193629538, 78.98923739393258, 75.00738289504791, 70.32123138377905, 67.99002582677949, 67.99268030360456, 77.12773717659687, 82.22646552556256, 86.29512947670077, 90.06278493544312, 91.664694287734, 90.37050996330132, 83.83918296778154, 78.30415927878195, 72.22115946278876, 69.18378990870677, 74.09069829929147, 79.15039656190585, 84.65384825350567, 109.74799351004921, 113.25461526286331, 118.33035264529885, 119.59574240085998, 127.57059113263396, 127.61805015597041, 122.3169724124172, 109.99783576360332, 101.74620459687634, 94.24806963170253, 85.35231200370383, 68.41427121608795, 54.12077786660766, 45.03173644915338, 41.83053914124843], [72.75618496535698, 81.3414379366234, 90.0231996854716, 95.05071152043007, 89.81372821799083, 80.71635549122782, 72.3303121959261, 32.7767163885434, 26.882144478285998, 21.968889496120873, 14.818538075880223, 0.0, 11.385492316818672, 19.35162848768514, 26.05365968675213, 73.82108359938465, 80.49437607727542, 86.61363557409298, 93.76296725011606, 100.14943902562827, 99.38018715462712, 92.84842780208417, 84.4023009851045, 78.49899537224367, 72.55156396626907, 42.630391018062234, 36.31273976251267, 30.95981287494453, 23.947336833356875, 20.211244925685154, 16.201272477035282, 21.43504676497791, 27.318410841370806, 31.05863362579825, 36.985370734455174, 62.25866166073232, 61.76412284218804, 66.86067924001986, 72.31446065551955, 74.36047506964144, 73.51990962704518, 68.56695837152027, 58.04554223105738, 46.998693292809264, 52.44404713470015, 46.72150661204362, 45.006035826341346, 94.59711022755866, 88.75512743323353, 82.05009849461146, 77.72326232572136, 72.43724058212109, 68.33711668666402, 65.66926485258618, 76.25249357681345, 82.43015531314715, 87.07824368676847, 91.54481536427332, 93.59894291859396, 92.49189909164892, 86.40278860862091, 80.50562074002926, 73.30808358472724, 68.10080248428528, 75.01830882324212, 81.2373288294202, 87.13295762935113, 115.83642111852788, 116.77699095850807, 120.00195101919695, 119.40523476889302, 126.45769956920513, 125.28728115692515, 119.73917368785362, 106.77772763454661, 93.66557959243599, 83.38635030059083, 72.91543868437832, 54.80032551261174, 39.34979038623446, 31.911917687875253, 35.7388366405516], [64.99215115646956, 73.51402651473131, 82.42245774626964, 87.86374821172303, 82.11764987142378, 72.60805728061973, 64.35831926286313, 24.26999692477397, 18.794459065560705, 14.406101121418626, 9.903729414059583, 11.385492316818672, 0.0, 8.765610515869046, 16.727488585744005, 65.59026440276217, 72.54535443999679, 79.05994488314352, 86.66025481499418, 93.58210381719469, 92.54670057024222, 85.31348175656838, 76.4019287796422, 70.34348287625356, 64.26815404532715, 34.60048312610695, 29.70177295367073, 26.794752608547068, 24.375510386179116, 25.627949214235013, 19.688004590405654, 19.033013790220426, 21.611553292181682, 23.439587331673074, 28.850101439025096, 53.4262616662367, 51.83726828315947, 56.32269650452113, 62.56362777893114, 64.40413614371117, 62.99548391387054, 58.01178789949591, 48.251174269239144, 37.33984680500199, 41.280128413736435, 36.22412542925433, 35.86108706504221, 86.19707142596918, 79.79438201414993, 72.69557277008131, 68.41127332991549, 63.3407236626956, 60.139701255478734, 59.13135235536297, 68.82230306502235, 74.38703223047058, 78.75714433600366, 82.95470784185808, 84.92863141451731, 83.92718901167412, 77.33538757353874, 71.44055788152443, 64.73392330100141, 60.759572826751416, 66.53644502154657, 72.22871407233603, 78.09842235926386, 111.39433635021364, 112.46433406007272, 115.50219692940871, 115.02067565484542, 121.68567470405097, 120.39318552488331, 114.41464903097652, 101.07946297423324, 91.90421492289292, 84.53529581743187, 76.1377028158196, 60.09354928488511, 47.975859520478956, 42.91984586495665, 45.52000991865742], [56.715899562784216, 65.18393040174004, 74.16873405352942, 79.81789432023074, 73.88571710442642, 64.24444788854626, 56.06153617428753, 16.113752228713523, 11.756088529531453, 10.752245394576008, 12.52155492429255, 19.35162848768514, 8.765610515869046, 0.0, 8.395096302111728, 57.40093569288508, 64.37278370009331, 70.93553166314638, 78.62466716443335, 85.71494680424372, 84.56142452466479, 77.0835709184595, 68.06198205432138, 61.9858288079412, 55.90756228727736, 28.294548650830215, 25.50212675175006, 25.139128993598444, 26.56933460275157, 30.37495873683382, 24.686452328955774, 20.843531051297735, 19.82454594570894, 18.713463461270894, 22.771816333515645, 44.92099413064281, 43.081068693471856, 47.970645255304156, 54.75589532302955, 57.25243482404651, 56.162478131910355, 51.7641220525514, 42.832296611184304, 31.931492023148326, 33.60286002788453, 27.535670516232212, 27.59880872219484, 80.08734463923604, 73.62613364092329, 66.8072391313961, 63.017302924148225, 58.53600737365555, 56.50285263515308, 57.062998602872156, 65.86471345137225, 70.58231777108628, 74.36339775645249, 77.84007533295652, 79.26835189936837, 77.89126415610563, 71.55161988138259, 66.31733506908913, 60.5544983967419, 57.95437685552292, 62.46667521875002, 67.16910891934977, 72.3720384960237, 104.53086048896212, 105.8496637395104, 109.1784252873203, 109.31541646832383, 116.34053011013154, 115.80568264144128, 110.23153473958718, 98.36893354835283, 92.33051898621595, 87.17874045736887, 80.03416703709122, 65.02527077907193, 54.714078848637165, 49.83515679737503, 51.46498372200211], [48.39089319671021, 56.90186215367375, 65.81081813675604, 71.4472992509053, 65.55396358833674, 55.964424320478464, 47.73773584687574, 7.89998465706295, 7.3785498148596265, 13.003545537080072, 18.583901405619464, 26.05365968675213, 16.727488585744005, 8.395096302111728, 0.0, 49.976611355201854, 56.739921365878025, 63.045212013285415, 70.50482443679954, 77.42807943957744, 76.22319670918729, 68.89933833131599, 60.061076930855634, 54.07152352278431, 48.085606099103465, 24.872454223960933, 24.74941071414223, 26.46280468210511, 30.25119575892718, 34.979379090087654, 30.182219139391623, 25.412574223299476, 22.199725818439674, 18.360548218928457, 20.139061898884318, 37.2387042324568, 35.71144458511544, 41.73838833029173, 48.54894269607618, 52.29137198705755, 52.29307474190954, 48.959062536152956, 40.7803242937687, 30.05987471386255, 29.588939366229166, 21.14425522825578, 20.897348926239086, 75.38466602866991, 69.29651842520406, 63.29346759375378, 60.29321455441527, 56.613531583305864, 55.69473384496795, 57.38121756908023, 65.44475963883282, 69.29011955357556, 72.34143665865807, 74.87245506628358, 75.49201213705581, 73.4397096085244, 67.93492949217156, 63.79163841392393, 59.16732394690412, 57.74717646641326, 61.16225811651852, 64.69180601646578, 68.81583457752048, 96.47786569305521, 97.87758831528129, 101.63410963418457, 102.55885048556881, 110.33444036355164, 110.99961169439678, 106.31252568629539, 96.97336148337052, 93.16894200347953, 89.62501449589313, 83.2113804853331, 68.71305284523545, 59.626327259800824, 54.460561827741664, 55.648018670403765], [19.197123387744348, 20.272829374364054, 30.473206332335984, 39.870952718913976, 34.626851653295915, 28.18554043296197, 25.535285191044533, 42.54770407943786, 47.11456287088847, 53.68605990338978, 62.3079430580103, 73.82108359938465, 65.59026440276217, 57.40093569288508, 49.976611355201854, 0.0, 7.703895803033231, 16.073321546330863, 26.279109949944385, 37.134066749250906, 36.712811241165525, 25.25840710225166, 14.800402601039782, 9.426085218251426, 6.57649336324785, 36.91539625018259, 46.09141117606192, 53.69313612141063, 64.21367678647103, 72.63293364059614, 70.35114590008993, 62.493922384139, 54.71272119434797, 47.70229341747017, 41.32220604029399, 14.176911698838328, 25.873176053007562, 38.411985114635435, 47.96504303237822, 57.34746659566478, 59.97026575934919, 62.599887661831815, 64.52604124607855, 60.76400145350909, 45.75869910918632, 35.705478179600405, 30.135370664301526, 80.11499702423129, 75.80147846092184, 74.1036477502324, 75.4836344823213, 76.58248830932389, 81.8261143684527, 89.40238129599484, 91.88682051374384, 90.79655481895793, 89.95259128635905, 87.4716911787197, 84.09904721288046, 79.51760702186631, 77.93087152873842, 79.50021174634234, 81.5934847016403, 86.84206885648952, 83.5151895647108, 80.50586921200242, 78.9512037923929, 62.7267686777684, 73.72052484189066, 85.43356540385851, 95.28086003196655, 108.0135376060514, 116.51316552154644, 116.66381513306139, 118.62091413915073, 127.66522816403196, 130.74590216566585, 127.18321653647673, 114.52487281626306, 106.91776418282988, 98.19306962612096, 91.95331433905528], [19.180127755130517, 17.014610489772693, 25.87742787828939, 35.30576163387108, 30.974634343754648, 26.610905302272773, 25.9978122796939, 49.12776765458366, 53.982418462760435, 60.79130209899414, 69.37466794316117, 80.49437607727542, 72.54535443999679, 64.37278370009331, 56.739921365878025, 7.703895803033231, 0.0, 8.591849064170587, 19.02938179132199, 30.310641878099165, 30.146247416796687, 18.40891840117528, 8.859240806885996, 6.729007870293734, 9.72373394393728, 44.34046702580258, 53.34507303024391, 60.703439882052436, 70.97129324270202, 79.11031440897806, 77.15053758581494, 69.58238425949847, 61.96120278682017, 55.035292010294754, 48.727979805735124, 20.61324967611546, 31.19315356148982, 42.85512571427666, 51.01632585652434, 60.86732796897453, 64.3135501490433, 67.67829866889488, 70.03231476309672, 66.7317743264642, 52.17590076993368, 42.57976210322841, 37.430848815328595, 81.8846799647626, 78.31277388030222, 77.60723522811341, 79.60624792462062, 81.24556557291872, 86.85714522807274, 94.59426112757413, 96.67103570778133, 95.10746135506619, 93.77870689420456, 90.63009913139528, 86.6574403764891, 81.63051526805906, 81.05558402992673, 83.51638826264289, 86.30630387825943, 91.9243591591613, 88.17905742578176, 84.4981369413084, 82.06563799048742, 56.40262951371486, 68.6716149747434, 81.59842305560271, 92.85069645127959, 106.42488445447877, 116.30430687135762, 117.50940979775623, 121.75725259337767, 131.81538834711367, 135.5357908394709, 132.22505548818114, 119.80030089655523, 112.62220815520742, 103.80132066357828, 97.563231377901], [20.183607629885817, 14.861065176812259, 20.828778010479105, 29.695507503767804, 26.857439583297623, 25.34525941520359, 26.77185212155248, 55.25952778671142, 60.51141402077791, 67.69347614526413, 76.19212526271286, 86.61363557409298, 79.05994488314352, 70.93553166314638, 63.045212013285415, 16.073321546330863, 8.591849064170587, 0.0, 10.491101602198023, 21.990688338471763, 22.159583073785168, 10.757246899730664, 6.372828234457994, 10.41998074432933, 15.942102231017182, 52.140855827582065, 60.926530914004005, 67.92334961160965, 77.72046305473118, 85.35856056100432, 83.74417837263476, 76.65270335338556, 69.31483452554933, 62.45710316299143, 56.317257367458275, 27.44174367099006, 36.97670592643022, 47.812603488429595, 54.11604481626541, 64.43467270046517, 68.95867378475803, 73.01112494811542, 75.37430778044464, 72.34809214159245, 58.78922353530321, 49.42061868965755, 44.68947253869481, 83.1356603646454, 80.52612792020854, 80.97367519651742, 83.59387921875012, 85.72027735372792, 91.52713339183019, 99.18703683314972, 101.01086677116551, 99.05987166638391, 97.26820347125171, 93.46143686843658, 88.85524790150197, 83.29735345136368, 83.95193045848933, 87.3486306629737, 90.7362925287629, 96.51759095515652, 92.55643877336696, 88.29651345175743, 84.94659719537546, 48.41127305614702, 61.61471455318954, 75.77793502344198, 88.50268062902096, 103.07622237945591, 114.52112689336747, 117.00744675701637, 123.99161327383828, 134.70270244763122, 138.98609183130182, 135.89785609440258, 123.7581720083027, 117.2026347399296, 108.46415788451215, 102.66937686245558], [24.37601878490556, 17.07842895696539, 17.161240449463204, 23.839879149824526, 23.675991553868787, 26.209554794377873, 29.73448297220804, 62.63557065666828, 68.32547203577265, 75.90475523036993, 84.25805638136231, 93.76296725011606, 86.66025481499418, 78.62466716443335, 70.50482443679954, 26.279109949944385, 19.02938179132199, 10.491101602198023, 0.0, 11.718036037330746, 12.525940713192604, 5.561126449916869, 13.391339278393811, 19.08187421598156, 24.894346281480882, 61.561758796843165, 70.11116739414408, 76.70807761016012, 85.91562207731414, 92.91830256546929, 91.63501463173826, 85.12133530962416, 78.13458528306029, 71.34607453195777, 65.43264366995712, 36.10182384800331, 44.36070003154217, 54.12425986115245, 58.18772810612856, 68.83372747759576, 74.56423524523672, 79.31266949666227, 81.54549106187727, 78.82179712158394, 66.60471873829466, 57.568255935644395, 53.42435210741381, 84.49280319172198, 83.08943051929084, 84.88893281461668, 88.18231223389783, 90.82143657695502, 96.75610841059036, 104.21755887196517, 105.7751681761837, 103.4186952875694, 101.11886495531772, 96.59541385411679, 91.29559674491165, 85.15534379071606, 87.27733146532911, 91.71419680355102, 95.71986882344751, 101.59118087400154, 97.4659660013841, 92.61283764537686, 88.24340608033445, 38.74296888405207, 52.65174819037185, 68.21904919923352, 82.67943714194163, 98.40194763924477, 111.7047578939401, 115.76341405680532, 126.05309771145743, 137.40295612612348, 142.35786828855652, 139.58707559310167, 127.9180335948602, 122.26854259917995, 113.85714297716562, 108.89021372983824], [30.39318422311336, 23.181576689261234, 17.687950395202662, 19.268920532298118, 22.86712490247066, 29.19570007193028, 33.9994107128953, 69.60333667162956, 75.75099187135714, 83.73813978991014, 91.84821943666658, 100.14943902562827, 93.58210381719469, 85.71494680424372, 77.42807943957744, 37.134066749250906, 30.310641878099165, 21.990688338471763, 11.718036037330746, 0.0, 4.302757418166866, 13.453764932853888, 23.618031273560565, 29.143218638823402, 34.67486745830607, 71.07894571406071, 79.33297708024598, 85.45859398090397, 93.90878983206645, 100.10433955914246, 99.1105386193298, 93.31191980722585, 86.78299310488232, 80.08318105966393, 74.49738201822632, 45.119145598609165, 52.01272858241611, 60.65542971391143, 62.24599210546817, 73.03299504628018, 80.03819618643354, 85.3571553604106, 87.12000733542921, 84.60063901234139, 74.20491667710137, 65.51609686888169, 62.09019814062545, 85.11348167718923, 85.08352393923477, 88.28886124403556, 92.18975943032837, 95.24883330712855, 101.11221497384281, 108.12679295008091, 109.53719960599959, 106.88122572703556, 104.13219148080483, 98.97351056167041, 93.03214077462343, 86.31562326507243, 90.01314199122105, 95.43469603577853, 99.91144417576454, 105.65111899494887, 101.5686678201797, 96.26983165432381, 90.9384242439498, 28.44910858513198, 41.67588561994126, 58.5649812214446, 74.76455100888546, 91.71975400581785, 106.96633818065132, 112.76739910635186, 126.64279359061187, 138.24084403386712, 143.81268501474557, 141.39559402735472, 130.37379795849628, 125.92153734568598, 118.17323946877603, 114.57000837797072], [28.510414227343887, 21.00863866380004, 14.079689074976763, 15.266961478704204, 18.927554194946847, 25.924804059492214, 31.40287525746217, 68.46109430639787, 74.92015548050198, 83.0608698964882, 91.19977522857437, 99.38018715462712, 92.54670057024222, 84.56142452466479, 76.22319670918729, 36.712811241165525, 30.146247416796687, 22.159583073785168, 12.525940713192604, 4.302757418166866, 0.0, 12.377549128079801, 22.61118702150024, 28.1398599718102, 33.688132807771595, 70.70140067516124, 79.12264529611808, 85.4112115467452, 93.93381793242702, 100.15888659594359, 98.90128342550616, 93.01711051984454, 86.42300413188534, 79.57705288827302, 73.9902644004872, 43.84577681995114, 49.7444066617375, 57.68888522715992, 58.72884545528113, 69.44740839765845, 76.63703808957418, 82.16038447172943, 84.12619361725969, 81.99287469690724, 71.82811587784347, 63.72713669299735, 61.09550681019712, 81.0359164942136, 81.11013423822962, 84.52088889026055, 88.574560911284, 91.80352109162733, 97.8110168001314, 104.96870907746337, 106.09527956665386, 103.25232042544967, 100.36195473115608, 95.05417027706285, 89.01949357188145, 82.2765366169467, 86.13678512314969, 91.76203066148072, 96.46413286861059, 102.39197990328496, 98.08911165381512, 92.58392091712196, 87.05241808922773, 30.88996111177057, 41.17757161149769, 56.528866785444514, 72.00494183769447, 88.43112771462069, 103.3239024473856, 108.92342094190545, 122.799587726463, 135.07455561356252, 141.18999188998325, 139.20710423342055, 128.7027325178716, 124.88992701561165, 117.87143033945594, 115.04438012813833], [21.559866562596113, 13.345465437970343, 12.833570748898726, 20.494292562102185, 19.270115550546215, 21.728441686635723, 26.156169700884895, 61.108395486737614, 67.21235507597906, 74.974335259227, 83.3961492347248, 92.84842780208417, 85.31348175656838, 77.0835709184595, 68.89933833131599, 25.25840710225166, 18.40891840117528, 10.757246899730664, 5.561126449916869, 13.453764932853888, 12.377549128079801, 0.0, 10.797649843617078, 16.912245036056124, 22.984447699694027, 60.87583730619157, 69.70899223251106, 76.59071071288045, 85.96873266154641, 93.0795140363381, 91.4044093624319, 84.70300341944737, 77.57596849245277, 70.56412495304656, 64.60888744334149, 33.95961861125949, 40.838984467296605, 49.72611623645566, 53.38162588512007, 63.93962922747464, 69.77017029053354, 74.78382990156503, 77.43711516339305, 75.27616027562132, 63.08909564012019, 54.89691199028248, 51.8901849543227, 79.38516401340203, 77.95430870899429, 79.88015916117956, 83.33869892371987, 86.19614163562213, 92.38276225904882, 100.13390753036624, 101.27853049396926, 98.66487606827138, 96.19691912364979, 91.51229444773882, 86.14236262412862, 80.03642573037237, 82.19761592353917, 86.8295371350775, 91.13783317632215, 97.33116606654887, 92.84898190626093, 87.71814591408308, 83.15549741489892, 41.715531152358245, 52.91723150738181, 66.70957476171489, 80.15379583572215, 95.05129738457411, 107.71988324814977, 111.36009075902913, 121.32448924591174, 133.64460964995823, 139.31075745310935, 137.1111143469683, 126.09820011700386, 121.22341544648705, 113.74734933449137, 109.72364444939771], [15.64577912484789, 9.931265135043018, 17.288384153008774, 26.762505479371562, 22.599526543995452, 19.834419633820023, 21.573359949826013, 52.3546756189212, 58.172027834714356, 65.64448871745842, 74.19451303993456, 84.4023009851045, 76.4019287796422, 68.06198205432138, 60.061076930855634, 14.800402601039782, 8.859240806885996, 6.372828234457994, 13.391339278393811, 23.618031273560565, 22.61118702150024, 10.797649843617078, 0.0, 6.354676746832134, 12.621493480088722, 50.73416840889652, 59.80688894307259, 67.0570520515554, 76.91657544800933, 84.55440481071125, 82.49820958051147, 75.29465269451198, 67.86974092953653, 60.75009421877172, 54.62490758351042, 23.88875754509376, 31.80147500623544, 41.9370602896109, 47.890184555518445, 58.195441877067495, 62.88432204714919, 67.16489288927932, 69.77610539826478, 67.23774274329776, 53.8541235754623, 45.306495686095964, 41.9968496576012, 76.8946156284677, 74.19808731199254, 74.69006317434652, 77.41742049251073, 79.6989303193229, 85.68644663203398, 93.56217621049171, 95.06849334530047, 92.9349894632931, 91.03400895076769, 87.14448579720654, 82.52519236814322, 77.01209257245766, 77.63248842346158, 81.14431919032022, 84.73972904658542, 90.75577736527399, 86.53582696665386, 82.08595009747576, 78.62448373148558, 51.031488646113424, 61.419463029729606, 73.67497532364511, 85.13542083181557, 98.80707654916276, 109.43700741600493, 111.40809123511258, 117.89170939019743, 129.32487701263324, 134.25150893579897, 131.72544280570088, 120.27856238072707, 114.62128786582234, 107.00590432019851, 102.49373952331854], [13.017964107853537, 11.231163695280555, 21.09058210322925, 30.555024062702156, 25.446924578095288, 20.0981896924229, 19.44868686648402, 46.41428564289071, 52.09667271546182, 59.47091358241316, 68.05111248021386, 78.49899537224367, 70.34348287625356, 61.9858288079412, 54.07152352278431, 9.426085218251426, 6.729007870293734, 10.41998074432933, 19.08187421598156, 29.143218638823402, 28.1398599718102, 16.912245036056124, 6.354676746832134, 0.0, 6.2773129873850495, 44.50438086975574, 53.63718388657492, 60.98565018422259, 70.95576295144417, 78.7437264451055, 76.50326173810906, 69.15192909270604, 61.65784533539228, 54.49199340367149, 48.350104914665955, 17.63627799558878, 26.571208689350396, 37.80232355257891, 44.961555591102034, 55.09509444761098, 59.22733192489961, 62.939356878301936, 65.10275582932945, 62.085524332480695, 48.38849565745851, 39.30918307626274, 35.691536104334894, 75.45253531007614, 72.12275895405153, 71.78848570834715, 74.00796772452227, 75.83124592290285, 81.5003834998059, 89.21103836110366, 91.13851639744546, 89.42988304746392, 87.94517720576378, 84.61413971354796, 80.47649410661911, 75.28299533848171, 75.07018943448325, 77.84951220455149, 80.84520148356614, 86.52068188358842, 82.6970381414148, 78.81778209919113, 76.0800302069606, 55.73746914883059, 65.33317241985657, 76.7272026920548, 87.04800795295985, 100.13642009329664, 109.66100818031325, 110.78329883382416, 115.40417102972228, 125.82530513124395, 130.12057552355455, 127.29468773230204, 115.54128722615931, 109.4534086522309, 101.80099265776182, 97.23277470112946], [12.811614771294288, 15.009681650722676, 25.647382480527966, 34.79857763558604, 29.148998375325093, 21.99883611982664, 18.959785012818607, 40.48514767648173, 46.01280572295349, 53.29697774331857, 61.89841675966659, 72.55156396626907, 64.26815404532715, 55.90756228727736, 48.085606099103465, 6.57649336324785, 9.72373394393728, 15.942102231017182, 24.894346281480882, 34.67486745830607, 33.688132807771595, 22.984447699694027, 12.621493480088722, 6.2773129873850495, 0.0, 38.401712775569585, 47.56834604676267, 54.98284688289864, 65.01766239030334, 72.91910657139118, 70.49652773590708, 63.029727997511785, 55.492802625137834, 48.28229318252306, 42.14815714857562, 11.540657414708573, 22.02804627563477, 34.47791370149576, 42.784929932571785, 52.63293811410512, 56.18811056614744, 59.23871726132328, 60.786731712414365, 57.175234010381885, 43.30091674729751, 33.50196273361431, 29.428652685472606, 74.47474652187853, 70.55875056703422, 69.39423908910895, 71.06095197028752, 72.36818102591924, 77.63018505169643, 85.08228637377165, 87.50426947472617, 86.277506003356, 85.2453676927778, 82.51557953772168, 78.88778205144664, 74.02786339028427, 72.99858294409678, 74.99927887892949, 77.31443608440202, 82.5529508676799, 79.2206259932467, 75.9901756920541, 74.02154333727876, 60.374798943398936, 69.19199761857601, 79.77495087782617, 89.0053324418832, 101.53791086261293, 110.00042315145957, 110.32688843236417, 113.13990355373218, 122.3893328305755, 125.9774112655779, 122.81032734886462, 110.72494697557673, 104.18707883676836, 96.49627264685628, 91.91870837952351], [45.1223490560966, 51.86193535063782, 62.45877222239154, 70.44809815581242, 64.4515290579247, 55.12960361439967, 47.910401953135285, 21.88387997272709, 19.24153078151998, 20.742790972131473, 28.582441440267715, 42.630391018062234, 34.60048312610695, 28.294548650830215, 24.872454223960933, 36.91539625018259, 44.34046702580258, 52.140855827582065, 61.561758796843165, 71.07894571406071, 70.70140067516124, 60.87583730619157, 50.73416840889652, 44.50438086975574, 38.401712775569585, 0.0, 9.67409059517317, 18.265334599593956, 29.82819110049971, 39.671470220934154, 36.13519687295297, 26.893843358562215, 18.505667460322986, 12.051668227822116, 5.7674892512484135, 29.180477469391278, 34.36883074311355, 44.64743111807743, 56.37246362334565, 61.732611669786095, 60.321090121045856, 57.96331304866436, 55.01954382555422, 47.1230605564249, 35.488475258792256, 24.087637230190634, 13.927634819836351, 88.31929107174197,