{
	"dissimilarities": [[0.0, 9.008906160974535, 17.75884231443221, 25.219687443736035, 19.9316363058477, 12.526067064912114, 7.493155286597831, 40.692522375710126, 47.595032536759554, 55.93059614270454, 64.15429829800637, 72.7459972914596, 64.89942556478245, 56.63307588946467, 48.31551481876462, 20.303917458383637, 20.81921648676902, 22.064215191912535, 25.7547060862076, 30.99780521621097, 28.884786642674392, 22.67912065654621, 16.848760658388493, 14.236482098268551, 14.449858820264298, 45.28973258695963, 54.07947601085743, 60.72864245061837, 69.25399136575477, 75.41194325177742, 73.30747589416359, 67.04933750715553, 60.55361398192222, 53.43330931228712, 47.73229145020728, 18.010503428526448, 22.244753453878555, 33.33269017286539, 36.87918833731358, 47.762584776346074, 54.12253993847205, 57.97178571772378, 57.97525875628776, 54.241181783231355, 43.989331286762436, 34.802732482924746, 33.79866613372595, 66.6959354061591, 63.31818708080627, 62.893096897787515, 66.24052479292688, 67.93616890849141, 72.81844142551356, 80.41985493049158, 83.74140416242943, 82.16885895691829, 79.7309526953672, 76.53554188218656, 73.29668720881921, 66.74691722965147, 66.24184776058875, 69.45094912367057, 73.09955704862536, 78.12569082022159, 73.9438970743642, 70.25522603969866, 67.17031405201305, 53.23881431359826, 57.58240181157878, 63.432078177370535, 72.26859404909888, 85.73483180242482, 98.39175297224281, 99.27457820758562, 106.86055724672799, 113.4746009704509, 117.40717593019826, 114.41835070881166, 103.76748233324408, 100.17836764764542, 94.25120728377813, 92.74677064014833], [9.008906160974535, 0.0, 10.618654127632986, 20.059690259489155, 15.89911646987502, 12.693233223534854, 13.738023025308918, 49.337803190876514, 55.876708523055306, 64.03429579964785, 72.51613881876554, 81.46163699520201, 73.57956895951916, 65.27517205825086, 57.00299206224186, 20.566026139105848, 17.81971186736424, 16.07865590038138, 17.87612275640302, 23.12549230688949, 20.77478378354042, 14.054033406258364, 10.581410621983679, 11.652076671186725, 15.66924482147525, 51.750159484822206, 60.77794812656808, 67.66685044822006, 76.63074231997003, 83.14195543799765, 81.18985451040936, 74.68841207413712, 67.86491427503259, 60.69157718468833, 54.78954190516465, 23.778460529933007, 28.80877689790073, 38.606477408758366, 41.83353104357963, 52.709324516318425, 59.11983402168488, 63.67536460487275, 65.00607521696396, 62.205105650092825, 51.04397582966726, 42.6658762756523, 41.187255411409325, 70.27751753510715, 67.53330592952119, 67.80133129807562, 71.74843291684302, 74.0961826616093, 79.67262986755154, 87.80610418027148, 90.3828200899924, 88.21202409597082, 85.25875818777101, 81.28053168442537, 77.4775285890103, 70.63055480772454, 70.93997812855189, 74.97042193870377, 79.49338729586854, 85.23963877416207, 80.32492838949901, 75.78386882431836, 71.87089659056386, 47.42827400251721, 53.920666979643826, 61.599728647207414, 72.35677876420891, 86.63704919148745, 100.755398751983, 102.5992871108173, 112.15015376355946, 120.71284265252363, 125.49760761911844, 122.90358770375934, 112.51894820646169, 109.00158121193776, 102.66580279042276, 100.30389899747104], [17.75884231443221, 10.618654127632986, 0.0, 10.16027185628559, 8.560546646772158, 13.375936790921227, 19.091195952909423, 58.28175928630008, 65.32715003764706, 73.67053841499867, 81.84139705123289, 90.05252471551808, 82.40353620641314, 74.1642632123668, 65.82264833011455, 30.518192006581977, 26.343752479074254, 21.832596652987753, 18.200947199171885, 18.246839786948975, 14.539703380972151, 13.829248695903802, 17.586422073831162, 21.20984679017783, 26.054716878480296, 62.2337846446311, 71.19494223759963, 77.94176566629322, 86.55511656567614, 92.65687383253693, 90.7947009235588, 84.6345452893504, 78.04242623308579, 70.9137775328751, 65.0953003251765, 34.06356975080356, 37.06858269187052, 44.4716802594337, 44.88104651721523, 55.670520591901784, 63.2441250001857, 68.71555431029608, 70.52332684376793, 68.64733000538617, 58.75443470569265, 51.62035442858498, 51.25641975570274, 69.08476503567086, 67.99124149341233, 69.8848616579919, 74.65358399933375, 77.77788309877103, 83.71264236187656, 91.85996005517003, 93.49963723886417, 90.52226444168856, 86.8620806638729, 81.99676518156376, 77.27379262341984, 69.98473578736916, 72.02188340886357, 77.45148535275632, 82.89452034092749, 89.09174099201175, 83.62943449916303, 78.15194230282283, 72.85893002206346, 41.39367421651461, 45.643731855123136, 53.09356036236495, 65.07434545638047, 80.03649718084678, 95.73409501965307, 99.05938386830438, 112.22088019784242, 122.70493241908365, 128.7411927176025, 127.03595701644049, 117.69888237294958, 115.56288389574053, 110.14205967617006, 108.9477818914799], [25.219687443736035, 20.059690259489155, 10.16027185628559, 0.0, 7.98761283458049, 17.548273570034315, 24.204505539932892, 64.04510464642229, 71.6386781804079, 80.17371784717552, 87.80591860279749, 94.92345177214487, 87.71265561095761, 79.68798150131919, 71.34825860162702, 40.44092712569855, 36.3968467056699, 31.45052946258325, 25.81628817816516, 21.424866834323357, 17.511638958605275, 22.2830890757231, 27.662477698554067, 31.211827800867763, 35.72294483500515, 70.46953971047313, 79.19012997468371, 85.5923244647892, 93.51282088194402, 98.91448477675198, 97.13969314775973, 91.5691169434294, 85.45221175159699, 78.46502724166616, 72.8698633032698, 42.62011566995273, 43.87370314645632, 49.587273564743015, 47.125635166356716, 57.613614792251965, 66.40703047298011, 72.37499042230576, 73.78683000961001, 72.30730056400051, 64.47678823330793, 58.12196140858671, 58.8507258312474, 66.49064775340909, 67.1559755827653, 70.59372128540657, 75.88236928741283, 79.4351190418541, 85.21534550400503, 92.87075182699039, 93.93443650011336, 90.43613856952634, 86.30555946974228, 80.95108216493708, 75.48897837978882, 67.89467659683548, 71.58247805521378, 78.1139291548262, 83.97601656301485, 90.10075845663503, 84.593503007863, 78.6572637492276, 72.28548415165312, 38.68893278841009, 37.4927150906489, 43.17600754890908, 55.705542131252336, 71.3094347759104, 88.25730069764793, 93.03393133653704, 109.6566117223996, 120.88972616014645, 127.69429012556728, 126.71249959077531, 118.40013080613025, 117.75624358542915, 113.53657068602243, 114.09496848416019], [19.9316363058477, 15.89911646987502, 8.560546646772158, 7.98761283458049, 0.0, 10.090471057776146, 17.834901126293726, 58.27476933370742, 66.04472477726463, 74.59156943491152, 82.28586821443893, 89.6889388770645, 81.96159080811042, 73.73534574917424, 65.43813430185105, 36.108210886679586, 33.10632143008095, 29.71384600440317, 26.75122037686776, 25.604464022648354, 21.61000913068435, 22.234935913389204, 24.717143270074356, 27.163870503013904, 30.89378337137266, 64.9435948403837, 73.79587137455367, 80.46484882583556, 88.69862515383416, 94.34594246233493, 92.20602014108222, 86.2889459040771, 80.02905995144737, 72.88027845219551, 67.24891504106877, 36.55642537902224, 36.49598389508046, 41.64236212343091, 39.57318643593859, 50.155166885377554, 58.650151463956966, 64.56210630675926, 66.29086321508554, 65.138829241606, 56.848048707033406, 51.18826774807408, 52.778185373308695, 61.19935174819104, 60.84775088485574, 63.59771671060642, 68.72663807547107, 72.20528927999281, 78.19887717154135, 86.26006889265632, 87.31784627579823, 83.93729035369721, 79.96582071224304, 74.79519239546606, 69.72238027156811, 62.2918073145759, 65.09758700202659, 71.18854418824306, 77.01307947359402, 83.37843558898841, 77.67704886681034, 71.80126007364218, 65.86903093772449, 45.85051442923537, 44.85431568883749, 48.20261104753093, 58.19266542947432, 72.22947561993307, 87.42503034375656, 90.59421644852294, 104.5063246322732, 115.99931457465121, 123.09072849298097, 122.27628917560546, 114.15742049956957, 113.62739314554224, 109.88992884219793, 110.66229934670253], [12.526067064912114, 12.693233223534854, 13.375936790921227, 17.548273570034315, 10.090471057776146, 0.0, 8.632275965918202, 48.821210762374605, 56.66557923189287, 65.19038774408854, 72.91195551567871, 80.60209707135144, 72.49573746266863, 64.13899928805152, 55.886685232054155, 30.293334760771057, 29.298319713944196, 28.465828948046813, 29.090145095745722, 31.279351653388854, 27.8193163551792, 24.5115572316606, 22.528162665784357, 22.572633526308998, 24.47222421583028, 55.927058553326056, 64.750797483606, 71.5194231436824, 79.8770678384118, 85.66988264853492, 83.23676782083461, 77.09589685660077, 70.80593140923503, 63.590083144142895, 58.00820149798898, 27.71766201544284, 26.544675379536777, 32.51761682492321, 31.94150507334603, 42.90174029209548, 50.81170243118852, 56.11429530739406, 57.38355877411346, 55.749057818890975, 46.95521922156826, 41.13061834067391, 43.26960874351708, 57.916237936413815, 55.91521074969811, 57.240078734157336, 61.72095793884223, 64.60141277651016, 70.36313569262923, 78.5175521393531, 80.24970379632441, 77.49448888876113, 74.10319448344106, 69.7142973730086, 65.48998468072192, 58.44739447404455, 59.60850122473514, 64.5288689318291, 69.64376768888312, 75.73737582461897, 70.38700101484602, 65.23541021472413, 60.46970323009687, 53.08556093289114, 52.94458566873148, 55.30343465342964, 63.03892323567446, 75.72433857018329, 88.76118203083477, 90.07839325022042, 100.17787590007852, 110.26520166951516, 116.68022379727637, 115.44273960959005, 106.90130026447257, 105.87024840271086, 102.20063644584883, 102.95283582679609], [7.493155286597831, 13.738023025308918, 19.091195952909423, 24.204505539932892, 17.834901126293726, 8.632275965918202, 0.0, 40.47282619879166, 48.27518056378873, 56.83573761571247, 64.50880623479485, 72.21489736964587, 64.26617212126033, 55.98522975815398, 47.67555096699557, 26.909245610595793, 27.77150371374287, 28.775943764820173, 31.38101176147401, 35.036042970769245, 32.288977245569455, 27.661509502630153, 23.10158211369821, 20.986723536567254, 20.871628033470724, 48.3451207677997, 56.90786998808338, 63.408692878862766, 71.45785689068725, 77.09313238353752, 74.70426221704984, 68.74015046326448, 62.646906921080316, 55.55376323617059, 50.11826091143787, 21.540114641388378, 21.074210235029565, 29.754594196713285, 30.89655118369005, 41.92976411198098, 49.27494195878669, 53.52530981267709, 53.3019480114046, 50.16491506248545, 41.58140961886677, 34.023947559302755, 35.574601921540214, 59.46458081632698, 56.49145127489848, 56.649314404885175, 60.2666230330356, 62.22030627386234, 67.1389989922303, 74.69527451013454, 77.59228071124826, 75.71702648119403, 73.05606968814325, 69.69263374364098, 66.24414800908814, 59.59485183375029, 59.53665915339342, 63.21721669292779, 67.13683629450078, 72.29676998196952, 67.9282375846713, 63.952798963621554, 60.42105981801872, 56.17600066042365, 56.859985859051264, 59.75202430925136, 66.78807183104544, 79.31665869984094, 91.27154356227295, 91.83371090347855, 99.70799905538382, 107.03479213772339, 111.87885600463154, 109.6787829575612, 100.12426540192018, 98.09642421618356, 93.86139589393765, 94.38051889536808], [40.692522375710126, 49.337803190876514, 58.28175928630008, 64.04510464642229, 58.27476933370742, 48.821210762374605, 40.47282619879166, 0.0, 9.099024592757345, 17.45981683130098, 24.15405990630259, 32.80478900738432, 24.243574005507085, 16.093001045957926, 7.894333054168288, 43.229337102034464, 49.918037641066874, 56.06659859216442, 63.263326994220755, 69.91968360620258, 68.66662413774124, 61.592447265565035, 52.8485154291942, 46.92178263959104, 41.20764402758022, 22.703790563485093, 25.810551374225188, 29.388788964320405, 34.681370493082085, 39.298080601327975, 35.84523048622811, 30.519131624152937, 26.578752753615618, 21.343457058707287, 19.404907245222713, 30.34199831157765, 29.455271635662875, 37.745669251335485, 44.519963761765865, 49.7443834274789, 51.18485794456419, 48.98070425769112, 41.751332702097315, 31.408884881243097, 27.967314747545302, 16.192540090323845, 15.453941560838448, 73.52796740156028, 66.51034727454683, 61.16335778011749, 59.89264031242622, 56.9975470612278, 56.98114772651585, 60.72796765204343, 68.82975717190257, 71.55449142208869, 72.83809763966724, 74.58686429108721, 75.36721015019273, 71.84453263974764, 66.08242376048376, 63.071309479946756, 60.584063030175805, 60.52306828189778, 61.5065648200816, 63.86674724561648, 66.93277490016446, 88.24280575095946, 90.28417519279368, 92.3032881621563, 94.81873181748696, 103.98990986700422, 109.41110798036253, 105.3030363170353, 99.93480867322845, 95.12626861713217, 92.71386921221894, 86.2430040790698, 72.50356731340594, 65.18029727375988, 59.296614724674235, 59.393905955460085], [47.595032536759554, 55.876708523055306, 65.32715003764706, 71.6386781804079, 66.04472477726463, 56.66557923189287, 48.27518056378873, 9.099024592757345, 0.0, 8.664012304996227, 16.702510248503042, 27.639161517003878, 19.385950671274802, 12.515123440388754, 8.461500486538839, 47.03647228777992, 54.05630509720384, 60.67521916053533, 68.45020558885045, 75.70734947920785, 74.81679337888119, 67.25703386797895, 58.152851560258334, 52.04665583784265, 46.06997392640472, 18.653814339157446, 18.65202894796405, 20.82006571140134, 25.75845635855033, 31.004658047561644, 27.363212486238275, 21.468928991648813, 17.735416520332556, 13.58050344893815, 13.81833112286871, 35.47511542037435, 36.38064812676175, 44.83773167958096, 52.75024831110608, 57.37853274591059, 57.61066683155878, 54.55436725061012, 47.2843622775525, 36.71317846852155, 33.00666501015215, 22.065203064836407, 18.017906280395096, 81.8713782815098, 74.39730776633904, 68.36010989918516, 66.49388487931925, 63.03621044802606, 62.433940214149594, 65.55755757709468, 74.29417715072117, 77.70274373967924, 79.54480214646648, 81.86821255235849, 83.16408375185453, 80.02375407329431, 73.62691698525944, 69.76630525583634, 66.5062118384441, 65.73151416359461, 67.44451284812585, 70.59134614186853, 74.48352563007866, 93.76496888834146, 97.41852463711328, 100.55979543726248, 103.514647851451, 112.84025338144723, 117.99643248900443, 113.57522660366807, 106.49657521020676, 99.77313402654084, 95.6314171299349, 87.9580033562902, 72.88318302980579, 63.03239653900028, 55.02114298764668, 52.536171936230126], [55.93059614270454, 64.03429579964785, 73.67053841499867, 80.17371784717552, 74.59156943491152, 65.19038774408854, 56.83573761571247, 17.45981683130098, 8.664012304996227, 0.0, 9.590511969196065, 22.62792098577777, 15.114404715798566, 11.682736418233446, 13.63928353383575, 53.79926539954325, 60.97499704840698, 67.86625996334995, 75.9687479534378, 83.5359925185197, 82.81040409282019, 74.98990015836446, 65.69458281065802, 59.518296891543585, 53.426615921952916, 20.773372512513852, 16.578587703694758, 15.69164291145672, 18.62666926369301, 23.950881954457895, 19.61483893594189, 13.29962790261325, 11.45265558077955, 11.118477996559827, 15.107926095319108, 42.94696718082305, 44.06539453442591, 51.752533844384224, 60.06886486931779, 63.80191654360426, 62.96204850238808, 59.02236361838147, 51.41906549603167, 40.77799081009988, 38.06207104816618, 28.98997939755443, 24.79247691382209, 88.51691961799976, 80.60971217807236, 73.91319382259609, 71.3687402639973, 67.28812208279288, 65.92406087131869, 68.24261558724605, 77.564425725557, 81.69556669318995, 84.15788199800815, 87.18161625087735, 89.08958840721358, 86.46736500339733, 79.39688682300029, 74.61297154095949, 70.45632285178897, 68.83035852643617, 71.3866047442998, 75.43697009686413, 80.23500250131109, 101.36480194118798, 105.61074659283038, 108.94989014322813, 111.6355749697246, 120.59625424836801, 124.96082812488386, 119.91510961583278, 110.66682532120701, 101.9761902330204, 96.30932727522804, 87.70990788272391, 71.82534278755332, 60.11519138266761, 51.009367469806215, 46.97554479727823], [64.15429829800637, 72.51613881876554, 81.84139705123289, 87.80591860279749, 82.28586821443893, 72.91195551567871, 64.50880623479485, 24.15405990630259, 16.702510248503042, 9.590511969196065, 0.0, 13.679012151265052, 8.506293279203874, 11.832571050315694, 18.098063043101217, 63.19509861662281, 70.29913757597842, 77.02386550645147, 84.82935244121637, 91.99475673714544, 91.22509941850521, 83.82715253054874, 74.73579672829679, 68.61535342692852, 62.59766973122704, 30.102030238430448, 24.522108460941975, 20.90168663423287, 18.044286295300317, 19.410111604822262, 14.419487521528946, 12.664944227026268, 16.563451204673076, 19.580988905188725, 24.442082395048853, 52.00114139404982, 52.08468660546029, 58.516424799730785, 65.72803494675681, 68.47868032467649, 67.39614048916023, 62.73321954386264, 53.75694004849592, 42.687301172483735, 43.60440074906886, 36.456454416745835, 33.96546447311713, 91.76290815614087, 83.93757931236898, 77.06125848330176, 73.83938198440089, 69.04041711686446, 66.29933641248282, 66.94378988720166, 77.08807447517528, 82.05405053376175, 85.2080179801682, 89.150606251171, 91.6226530133413, 89.57925531894558, 82.22217864312508, 76.6824555040401, 71.33115704400623, 68.20855003490927, 72.17820614460811, 77.39962079404447, 82.96487537694884, 108.85770226822066, 111.85007447452021, 114.19999445255716, 115.68867294609966, 123.79556462681965, 126.82929251461594, 121.18107905135425, 110.15939937147871, 98.34594924815504, 90.74326411245708, 81.169631550901, 64.62763637458463, 51.850277867583635, 43.28511041547215, 41.36066460615403], [72.7459972914596, 81.46163699520201, 90.05252471551808, 94.92345177214487, 89.6889388770645, 80.60209707135144, 72.21489736964587, 32.80478900738432, 27.639161517003878, 22.62792098577777, 13.679012151265052, 0.0, 11.09984728009138, 19.270516652018543, 26.07725488535833, 74.4447838695143, 81.25886903130936, 87.45569649079631, 94.45748933306, 100.65996022320812, 99.77797838283398, 93.38088801205228, 84.8751274848348, 78.96405547234754, 73.2197605810973, 43.34869532558533, 37.97008592015247, 33.45551969435641, 26.831874432956603, 22.37710214447655, 19.18866046278338, 23.65957532455904, 29.680303072408964, 33.13083345108699, 37.71423654280392, 62.67866564614455, 61.52985282261163, 66.75767847140901, 71.7584351029814, 73.6852758334712, 73.21657098180174, 68.22986614234729, 57.4081077892469, 46.00042454071295, 51.82670586726185, 46.152446017049556, 45.48720458945281, 93.7712621940885, 86.70478937238079, 80.30183511875363, 76.58708770835183, 71.1744139680608, 66.63078375731972, 64.70452227339787, 75.75728549384286, 81.54106461531094, 85.34020302665523, 90.25729774486766, 93.09788750068401, 91.59569174450925, 84.55488355865201, 78.66408936516221, 72.05816022809819, 66.90406551842891, 72.73554506115794, 79.16793744013101, 85.12646850570641, 115.6604071085742, 116.18338183960205, 116.89333617214142, 116.65375400178448, 123.66619455776079, 125.1231452366854, 119.18534724261593, 107.35153360487213, 91.01220207680599, 80.60373924087828, 69.61940635295319, 52.00881425664755, 38.27813763504089, 31.918511323807707, 36.981685767119565], [64.89942556478245, 73.57956895951916, 82.40353620641314, 87.71265561095761, 81.96159080811042, 72.49573746266863, 64.26617212126033, 24.243574005507085, 19.385950671274802, 15.114404715798566, 8.506293279203874, 11.09984728009138, 0.0, 8.816578676576302, 16.746854566831136, 66.13366811311649, 73.16874514213504, 79.69720627833556, 87.16339234293577, 93.84853109399776, 92.73214505460805, 85.7129078616808, 76.81052417224343, 70.76100340985103, 64.83227545598352, 35.35060723851764, 31.233178062443674, 28.86778768036321, 26.43375288323385, 26.298118477500037, 21.54432527453738, 20.971654233481225, 24.187056333389332, 25.76977684384133, 29.68870105781979, 53.72934045860766, 51.73884197310447, 56.437266562723664, 62.298653290157446, 64.12827522727859, 63.11888973180034, 58.14866485397454, 48.08500819353935, 36.816476844114426, 40.9994745006881, 35.88211609861801, 36.25890410891301, 86.07469716555022, 78.33246606891272, 71.45336435451577, 67.87272314184426, 62.71931845310864, 59.21134334339891, 59.06312963380912, 69.49489650706153, 74.76887865703554, 78.2174687472858, 82.63419287744073, 85.42379000637035, 83.79200179903573, 76.29098514290273, 70.38978373733609, 64.43331947352725, 60.591762343650515, 65.22098997176153, 71.02273344961563, 76.96132202323362, 110.77797397739225, 111.70639159932867, 112.1912649968559, 112.14416380405116, 119.06872672785016, 120.83730705121448, 114.49914848222959, 102.35809451961673, 89.92399813639838, 82.62171675405631, 73.59393721857553, 58.039661615612246, 47.47892593287858, 42.73528337293956, 45.72284398878051], [56.63307588946467, 65.27517205825086, 74.1642632123668, 79.68798150131919, 73.73534574917424, 64.13899928805152, 55.98522975815398, 16.093001045957926, 12.515123440388754, 11.682736418233446, 11.832571050315694, 19.270516652018543, 8.816578676576302, 0.0, 8.364705023218033, 58.0147898108833, 65.05579286148654, 71.61782570803116, 79.1763819406367, 85.99981343833676, 84.75400317290443, 77.52086520700297, 68.52525727492981, 62.4630991853475, 56.51929635648105, 29.22113936692853, 27.188560756421975, 27.211672337379675, 28.421508377500484, 30.870690413044294, 26.164024599742874, 22.581955181713806, 22.53578529916473, 21.43111702137621, 23.84411036790314, 45.222028608456675, 42.93056003005124, 47.98371709617376, 54.37143608717894, 56.840427899194864, 56.14433690125581, 51.74597287935619, 42.469802980222006, 31.196181917367742, 33.151473390576264, 27.094294509092315, 28.03265851088507, 79.9755902144058, 72.1153803615269, 65.3651221064462, 62.337723091663925, 57.77145167164731, 55.47125169424095, 56.963101912817926, 66.63499973724056, 71.11818268612132, 73.93263720381192, 77.5608883414499, 79.88247666557037, 77.77708414777842, 70.4623264486294, 65.18748221883682, 60.258076434281065, 57.812517206287396, 61.124702462978, 65.90950835446593, 71.21257770013138, 103.89002308223998, 105.10315152266637, 105.7511307481795, 106.26258045431933, 113.6056559222064, 116.2672887061309, 110.2771123608364, 99.60377441999505, 90.37656136127342, 85.35528586297814, 77.62287124725356, 63.17266271391496, 54.39985074816035, 49.78352683899059, 51.68338207201237], [48.31551481876462, 57.00299206224186, 65.82264833011455, 71.34825860162702, 65.43813430185105, 55.886685232054155, 47.67555096699557, 7.894333054168288, 8.461500486538839, 13.63928353383575, 18.098063043101217, 26.07725488535833, 16.746854566831136, 8.364705023218033, 0.0, 50.60205222398601, 57.46190232038507, 63.791876855740625, 71.11648770655668, 77.77620392393018, 76.4696575793622, 69.37903466371631, 60.54271483020023, 54.5637728101849, 48.74862571929488, 25.716127804997257, 26.317982621350293, 28.322251580966597, 31.81107953324315, 35.41830905363673, 31.338182112179148, 26.730953033239608, 24.444415709256173, 20.89675266252826, 21.11655997422807, 37.561175028063474, 35.45581643938109, 41.70365879129208, 48.1048273270131, 51.815072380642775, 52.22269519273456, 48.871571669115895, 40.35563600969586, 29.2226798619801, 28.93800853363474, 20.397007387258284, 21.367613665789587, 75.26983321902883, 67.80179441497381, 61.72569178818387, 59.545374045012096, 55.77737873097945, 54.59945090450699, 57.27859179022674, 66.18939310037719, 69.77796293672881, 71.82171354913277, 74.53530616857334, 76.10496313532889, 73.30833117206686, 66.72605535829953, 62.551447887425354, 58.81135880020254, 57.57145985560989, 59.70962961736874, 63.30746032371134, 67.52436104473969, 95.88326276736946, 97.17754230856916, 98.20477969913904, 99.47892595409715, 107.58050243566954, 111.48191560671594, 106.34966948724181, 98.29870302227813, 91.41667636590539, 87.92071911534838, 80.98248143993922, 67.05985347455102, 59.41797856782007, 54.497698498458895, 55.905575458623055], [20.303917458383637, 20.566026139105848, 30.518192006581977, 40.44092712569855, 36.108210886679586, 30.293334760771057, 26.909245610595793, 43.229337102034464, 47.03647228777992, 53.79926539954325, 63.19509861662281, 74.4447838695143, 66.13366811311649, 58.0147898108833, 50.60205222398601, 0.0, 7.587705219976002, 15.620424219540006, 25.771772225832105, 36.01683641922644, 35.57805645103438, 24.83553433842689, 14.709072678926974, 9.35374181549871, 6.060304033174078, 36.870067539557034, 46.02689634845539, 53.51016744385691, 63.9738577537507, 72.06642110794716, 70.07392414182623, 62.35214201178822, 54.54704802797447, 47.45992992910489, 41.30001584433578, 14.75113310824802, 26.784697821138806, 39.54643582707591, 48.759131973852135, 58.28187080695603, 61.234923885629954, 63.82878783027303, 65.33469801496804, 61.365285148980774, 46.597007300588615, 36.373481680025364, 30.41692178037899, 82.02986506413296, 76.62430581793215, 73.98053003961553, 76.39026830816408, 77.44477078432143, 82.61262693136436, 90.9408072826123, 94.8334584965105, 93.99237465045952, 92.23578442713288, 89.59035164328556, 87.38824201528045, 81.53869867115515, 78.95207739518195, 80.42803272147513, 83.48179258271573, 88.66889057899338, 84.48904759462759, 81.46926413060527, 80.03718090470528, 60.30712167194414, 72.19346083465928, 81.74738525518046, 92.09195741854026, 105.65544981024611, 117.98057327245941, 117.79337916919569, 121.4548228574704, 127.63809926234589, 130.35828682968446, 126.1413184567927, 113.73535535912828, 106.87466939582858, 97.81044458622088, 91.18717123609726], [20.81921648676902, 17.81971186736424, 26.343752479074254, 36.3968467056699, 33.10632143008095, 29.298319713944196, 27.77150371374287, 49.918037641066874, 54.05630509720384, 60.97499704840698, 70.29913757597842, 81.25886903130936, 73.16874514213504, 65.05579286148654, 57.46190232038507, 7.587705219976002, 0.0, 8.245113649385493, 18.71901528467371, 29.384097638366285, 29.19764873773472, 18.171968631066967, 8.973085190786218, 6.866363952062693, 9.626296128644547, 44.23254589484478, 53.2650093852467, 60.565068868600974, 70.81674852148917, 78.73357048000408, 76.97721636721917, 69.48613658913487, 61.782107276599284, 54.79203563744338, 48.672117707677856, 21.194340741086616, 32.004486357434345, 43.89657113920573, 51.86271773574579, 61.79316327526742, 65.47098105440108, 68.77622544180348, 70.80920955661121, 67.34146909705369, 52.873392767823155, 43.15635262610813, 37.74185170234335, 83.86506871039032, 79.26153852451736, 77.48805331786284, 80.47759514041137, 82.06755454066803, 87.61881925138296, 96.13307378573028, 99.5205544820787, 98.17376254673927, 95.9543512054646, 92.69084560989332, 89.90144115843198, 83.68241133206605, 82.03356040309411, 84.38461444304558, 88.1077606892077, 93.70063012835261, 89.08052180313379, 85.39059629254852, 83.09498140111761, 54.247020996440085, 67.53703030025319, 78.39059280775894, 90.08572081320628, 104.41254744527718, 117.98380282146448, 118.79789719429155, 124.69628029314701, 132.06137299010743, 135.3647531000231, 131.4551548053113, 119.29238510722507, 112.80758446147766, 103.67980940430554, 97.0509838688198], [22.064215191912535, 16.07865590038138, 21.832596652987753, 31.45052946258325, 29.71384600440317, 28.465828948046813, 28.775943764820173, 56.06659859216442, 60.67521916053533, 67.86625996334995, 77.02386550645147, 87.45569649079631, 79.69720627833556, 71.61782570803116, 63.791876855740625, 15.620424219540006, 8.245113649385493, 0.0, 10.577708076313083, 21.470596553145608, 21.60913619079349, 10.837247613025227, 6.3011836757977475, 10.256645196126117, 15.876332744144976, 51.84792520384862, 60.75715114033343, 67.7838849151354, 77.60949449580316, 85.14271549988183, 83.6400893061512, 76.54762586945733, 69.07733347500054, 62.17509022988455, 56.1193333768335, 27.896563291737476, 37.564267938199805, 48.711201408879546, 54.98953440170606, 65.32982480349285, 69.98803102656332, 73.95453074030152, 76.11415520972987, 72.93721690449307, 59.270251497718355, 49.78878430188237, 44.92835561970656, 85.13622426662263, 81.575617522433, 80.84916917763063, 84.40683702405113, 86.47413208022905, 92.22331036114393, 100.70228098803098, 103.67062573100107, 101.85047727373323, 99.18080403823015, 95.35527967868454, 91.92603924109252, 85.3132480192804, 84.78803030504112, 88.07699979767462, 92.36342097855163, 98.17803823760323, 93.28349642007305, 89.01617536396635, 85.80029601456312, 46.715067452919925, 61.06024361377919, 73.2573450976181, 86.36365465502675, 101.56019248692598, 116.47823735956376, 118.51035276757234, 127.09311628136157, 135.30499224841984, 139.07212879242473, 135.4530618970989, 123.57216494840291, 117.62538047974101, 108.60897538896332, 102.40627412878683], [25.7547060862076, 17.87612275640302, 18.200947199171885, 25.81628817816516, 26.75122037686776, 29.090145095745722, 31.38101176147401, 63.263326994220755, 68.45020558885045, 75.9687479534378, 84.82935244121637, 94.45748933306, 87.16339234293577, 79.1763819406367, 71.11648770655668, 25.771772225832105, 18.71901528467371, 10.577708076313083, 0.0, 11.054849721573742, 11.9109765350417, 5.529297631174325, 12.95827072059922, 18.691474023015893, 24.82863468497229, 61.15184713492303, 69.9004768732881, 76.56513435305585, 85.75996414847341, 92.7014601228463, 91.47998248473505, 84.9560102697829, 77.85190630114025, 71.05989665606363, 65.11639917841778, 36.45259167790718, 44.77453445684175, 55.03059461337075, 59.098764136700126, 69.77825244048024, 75.66615616490868, 80.30848559223341, 82.33609059364402, 79.3844527495463, 67.00974265264509, 57.74547535034355, 53.58612201938671, 86.39987824514718, 84.25015439462432, 84.85264559582237, 89.02420703330134, 91.58157718052188, 97.39918937264883, 105.64718743649358, 108.17454629881945, 105.83902216508348, 102.67224436766661, 98.26097615969722, 94.07449986909101, 87.0312219134747, 87.94148216292689, 92.32743093847994, 97.15967684715821, 103.0745002345743, 98.00186705467445, 93.16228295172307, 88.87193917965477, 36.812455107559174, 52.00363433996561, 65.87810624480086, 80.72387398659554, 96.99997062041524, 113.5580588128199, 117.200692565082, 129.24685230566345, 138.18684771967335, 142.42263576888308, 139.1647652390972, 127.71222612270695, 122.57241977135735, 113.9004273758555, 108.57805161090029], [30.99780521621097, 23.12549230688949, 18.246839786948975, 21.424866834323357, 25.604464022648354, 31.279351653388854, 35.036042970769245, 69.91968360620258, 75.70734947920785, 83.5359925185197, 91.99475673714544, 100.65996022320812, 93.84853109399776, 85.99981343833676, 77.77620392393018, 36.01683641922644, 29.384097638366285, 21.470596553145608, 11.054849721573742, 0.0, 4.312721325441397, 12.696388581367108, 22.476945366765126, 28.104920574323366, 34.13889425282802, 70.22745503469457, 78.8113473781438, 85.11662053140978, 93.60953087597986, 99.85996831628869, 98.8496990314025, 92.94189238705822, 86.27113466601557, 79.58414804572782, 73.7884273604387, 44.973671936767126, 51.859620207719594, 61.14591932271194, 62.91931649878344, 73.72926464365403, 80.82454827949455, 86.02013020899224, 87.70781346490814, 84.94060854908746, 74.14377246190432, 65.18201056177695, 61.87469813067514, 86.78720011800398, 86.1493975540207, 88.10038992489447, 92.79860614763732, 95.76428391098514, 101.5015475230511, 109.35584280530242, 111.46737418014735, 108.66733108133076, 105.0564470579768, 100.1624220519278, 95.26609705583417, 87.87380829168187, 90.24563665934693, 95.66067673471179, 100.91131961234467, 106.78469046352076, 101.66146092837336, 96.37008834056884, 91.0730660377605, 27.119202755835477, 41.826441985011186, 57.197346936738896, 73.68250322944232, 90.963993476157, 109.06491014689473, 114.37321478782825, 129.95434360204192, 139.39959763792857, 144.08901693859298, 141.2694471579167, 130.42874988966256, 126.34472465177573, 118.35046148729873, 114.35815675856186], [28.884786642674392, 20.77478378354042, 14.539703380972151, 17.511638958605275, 21.61000913068435, 27.8193163551792, 32.288977245569455, 68.66662413774124, 74.81679337888119, 82.81040409282019, 91.22509941850521, 99.77797838283398, 92.73214505460805, 84.75400317290443, 76.4696575793622, 35.57805645103438, 29.19764873773472, 21.60913619079349, 11.9109765350417, 4.312721325441397, 0.0, 11.55177381175705, 21.427964684266705, 27.071083981099385, 33.117579960238196, 69.8475574084931, 78.59077641243113, 85.0576574732965, 93.63454614711033, 99.87083977227898, 98.64445362677445, 92.64652924833473, 85.95649270081856, 79.1210476361818, 73.28028955318705, 43.57926374241344, 49.49342072687505, 58.103246727018224, 59.35770569734781, 70.10276782551661, 77.37362239676239, 82.76971458603515, 84.66711830915288, 82.2876170844464, 71.69280695717916, 63.321775493918246, 60.79662177921501, 82.70919488429473, 82.1775232958636, 84.31558274266403, 89.1508544712526, 92.28500688145787, 98.17365390011861, 106.16201593054238, 107.9873258993788, 105.00823177265622, 101.27097849001008, 96.22582728021895, 91.2409463215867, 83.82958550192885, 86.3499069950846, 91.95992587584466, 97.42383360273169, 103.49387401605196, 98.16025895359643, 92.65800847900812, 87.16978959261945, 29.55165603366711, 41.30785276557785, 54.976439663089096, 70.77949504440345, 87.63513160022578, 105.4672908176636, 110.54530522501345, 126.07979460720898, 136.21097875122976, 141.47265361675954, 139.076202802039, 128.7552478393321, 125.31687899954807, 118.0427543252647, 114.8115943288949], [22.67912065654621, 14.054033406258364, 13.829248695903802, 22.2830890757231, 22.234935913389204, 24.5115572316606, 27.661509502630153, 61.592447265565035, 67.25703386797895, 74.98990015836446, 83.82715253054874, 93.38088801205228, 85.7129078616808, 77.52086520700297, 69.37903466371631, 24.83553433842689, 18.171968631066967, 10.837247613025227, 5.529297631174325, 12.696388581367108, 11.55177381175705, 0.0, 10.439124335923823, 16.59882453843777, 22.944846697359885, 60.52429080794395, 69.52420301588853, 76.45260337520473, 85.81887399643243, 92.78877660778004, 91.25298841024176, 84.55402087370423, 77.38499872232242, 70.36825305806552, 64.34199622856234, 34.19480644725022, 41.21134225386765, 50.61428598878974, 54.27326428941886, 64.87656551384066, 70.87487071278409, 75.7770802300047, 78.1977046616703, 75.80306480482349, 63.47230359574212, 55.04609505320578, 51.97559617969341, 81.310216133494, 79.13607824038634, 79.85176188501792, 84.17836418803756, 86.95129650019491, 93.02398449191148, 101.5293872159815, 103.68126770841796, 101.12567588328798, 97.81366658855312, 93.21978137928552, 88.97544158438751, 81.94055758059781, 82.90077822108636, 87.46595429127655, 92.58449825323947, 98.80989625531691, 93.41864716423491, 88.30135244786581, 83.83434288146297, 39.630727278958, 52.070596293911, 63.97685934311746, 77.8472430160352, 93.4542460205342, 109.52922927723719, 112.74311068897984, 124.43947573552083, 134.3240208724172, 139.31853644519722, 136.6066359694152, 125.81482548966511, 121.47416361348175, 113.7253465946458, 109.34200266387938], [16.848760658388493, 10.581410621983679, 17.586422073831162, 27.662477698554067, 24.717143270074356, 22.528162665784357, 23.10158211369821, 52.8485154291942, 58.152851560258334, 65.69458281065802, 74.73579672829679, 84.8751274848348, 76.81052417224343, 68.52525727492981, 60.54271483020023, 14.709072678926974, 8.973085190786218, 6.3011836757977475, 12.95827072059922, 22.476945366765126, 21.427964684266705, 10.439124335923823, 0.0, 6.33536913221897, 12.718396391933613, 50.59295309614573, 59.74468024690924, 66.95315344394211, 76.74952688478452, 84.11755664984011, 82.3004268624526, 75.18190040229477, 67.77462091047889, 60.63681351814577, 54.528048245681, 24.290950336653747, 32.475933444912805, 43.07396785853317, 48.82424330202284, 59.22661941556001, 64.1927844188732, 68.38259407098677, 70.62289746914892, 67.82682609884402, 54.51058710911385, 45.69967077375049, 42.1841692812687, 78.84971938672211, 75.29153989831305, 74.69170118977941, 78.36253570229808, 80.56796701600639, 86.43373333769371, 95.02379683169279, 97.73721462151236, 95.7639702239638, 92.99764833797556, 89.09217209809538, 85.62755134016415, 79.01430081973491, 78.5376683028104, 81.97425190416516, 86.42772128828004, 92.40675577908917, 87.3336096899923, 82.89948922309522, 79.54446989318724, 48.50278588240163, 59.929954149909, 70.12487898618198, 82.09120610471946, 96.62935576309435, 110.96018207218255, 112.57743108740667, 120.85822594322599, 129.61152071191978, 133.98830843492817, 130.8715685327831, 119.6559548441708, 114.6368567963009, 106.71889240547019, 101.86725408870075], [14.236482098268551, 11.652076671186725, 21.20984679017783, 31.211827800867763, 27.163870503013904, 22.572633526308998, 20.986723536567254, 46.92178263959104, 52.04665583784265, 59.518296891543585, 68.61535342692852, 78.96405547234754, 70.76100340985103, 62.4630991853475, 54.5637728101849, 9.35374181549871, 6.866363952062693, 10.256645196126117, 18.691474023015893, 28.104920574323366, 27.071083981099385, 16.59882453843777, 6.33536913221897, 0.0, 6.387510753062027, 44.38324428288392, 53.58714522020528, 60.877980363498544, 70.77881140448756, 78.25255783446765, 76.29188691967698, 69.04030352902585, 61.58670898256526, 54.397028684424676, 48.2726559610332, 18.098357439434608, 27.35219100642391, 39.02109924015014, 45.905783092001485, 56.14876200296461, 60.59041076278683, 64.22154780958031, 65.98546615024526, 62.703779253852616, 49.11855301795905, 39.766323585285654, 35.887940977475, 77.4123589338717, 73.13457296235376, 71.7816789640478, 74.97878124408139, 76.7314233795326, 82.27979158504328, 90.7190201488229, 93.90751044571512, 92.37222993092021, 89.9981108474038, 86.62066065434826, 83.646316532413, 77.30763786028699, 76.01524734928645, 78.71992180900533, 82.60850437582211, 88.24098162622779, 83.54775425785255, 79.67891391232553, 77.0484106348948, 53.28489096929967, 63.81560393335111, 73.05812943607673, 83.91031972203243, 97.88004665818984, 111.18230618175392, 111.96144682315439, 118.36483673348252, 126.01293548136425, 129.81724980100756, 126.37296918803195, 114.85529875748911, 109.44198871880643, 101.46865988230002, 96.5446005455969], [14.449858820264298, 15.66924482147525, 26.054716878480296, 35.72294483500515, 30.89378337137266, 24.47222421583028, 20.871628033470724, 41.20764402758022, 46.06997392640472, 53.426615921952916, 62.59766973122704, 73.2197605810973, 64.83227545598352, 56.51929635648105, 48.74862571929488, 6.060304033174078, 9.626296128644547, 15.876332744144976, 24.82863468497229, 34.13889425282802, 33.117579960238196, 22.944846697359885, 12.718396391933613, 6.387510753062027, 0.0, 38.1846019074895, 47.45990427140048, 54.872361156945466, 64.92716408497218, 72.54816653520695, 70.4060604243445, 62.969201568296704, 55.440999796862094, 48.182749624683794, 42.03401615402988, 12.028081845751174, 22.803045722708315, 35.55567697765308, 43.709546149658685, 53.6097118404049, 57.372639838602865, 60.34703792945206, 61.619027908346474, 57.829857247337635, 43.90484777744263, 33.964489306256986, 29.609008231713435, 76.51050996110641, 71.47599703546888, 69.29929472353477, 71.95933811242159, 73.2128741747295, 78.41385265611832, 86.69239690036001, 90.37058580373917, 89.30795624848335, 87.36244828403848, 84.55447797385666, 82.12212551766861, 76.11888660541733, 73.94638331641995, 75.83492735395997, 79.1036521979891, 84.36346566552626, 80.07786198212754, 76.82981676675314, 75.00421519685358, 58.587328646660865, 68.329249914597, 76.6444663670706, 86.3787416657983, 99.70642744935276, 111.924023804489, 111.8251786755108, 116.20934912346925, 122.74235095411967, 125.9644127115225, 122.19071414208796, 110.37771234793337, 104.53885890322594, 96.51961972427327, 91.49056035101742], [45.28973258695963, 51.750159484822206, 62.2337846446311, 70.46953971047313, 64.9435948403837, 55.927058553326056, 48.3451207677997, 22.703790563485093, 18.653814339157446, 20.773372512513852, 30.102030238430448, 43.34869532558533, 35.35060723851764, 29.22113936692853, 25.716127804997257, 36.870067539557034, 44.23254589484478, 51.84792520384862, 61.15184713492303, 70.22745503469457, 69.8475574084931, 60.52429080794395, 50.59295309614573, 44.38324428288392, 38.1846019074895, 0.0, 9.498926429938122, 17.70355302257561, 29.18999262408461, 38.39389898013679, 35.451429312819165, 26.500509441216764, 18.13282680099926, 11.250191700144, 5.701120362883597, 29.26621063168032, 34.95591732007909, 45.574609761646606, 56.92011373313455, 62.531459888569586, 61.59622632925796, 59.34174299635242, 55.941553270822524, 47.81300473729396, 36.603419631760175, 24.97598084557718, 14.246377101725653, 89.92434869622974, 81.83029280575805, 75.47493083267064, 74.3473148837833, 71.9007737190