{
	"dissimilarities": [[0.0, 8.348064759267805, 18.022638813809372, 26.016419386727414, 20.200990867566375, 12.567112526380987, 7.672585408807715, 40.84172136183946, 47.599355148361894, 55.885275769563634, 64.1433554226391, 72.69485186497364, 64.91111011197187, 55.61879652878315, 48.337074701894686, 19.537315204820874, 19.717406775365998, 20.971876714854538, 25.72111524492239, 30.72265859862917, 29.148099630009106, 22.015250937326897, 15.94966941751364, 13.426754596141466, 13.598764521813369, 45.159779509527155, 53.79035170236749, 60.44634147904272, 69.00615791141654, 75.11102871097599, 73.10769053532502, 66.76979756653549, 60.18413424769284, 53.01982567348724, 47.33057127600426, 17.499123365133148, 20.729899007145526, 31.8552612154772, 36.12276884965118, 47.68718719249998, 54.174928950407725, 58.53256208293498, 58.388907905173774, 54.1762987268052, 43.85487073381945, 34.82236545130961, 34.07692678193069, 66.77475317925138, 64.16222643752394, 64.34668568669143, 67.05386863160321, 68.88008240099474, 72.77001251066916, 81.08154791018812, 83.29984981776839, 81.61580875003122, 79.75522335886374, 76.45427775382139, 72.25693689716499, 66.75817221061374, 66.24973857045677, 70.6083168020673, 73.51751500760588, 78.67350903177085, 74.39438247764623, 71.5147152199823, 67.21620131962949, 54.045826003511, 59.741602122407116, 67.21412683352388, 76.82261066637334, 90.11857722071888, 102.59775598064125, 106.59302622158225, 108.22514581160853, 116.35784685252275, 117.98240254113232, 116.0952499008468, 105.30562933283196, 102.30148236749359, 96.08450547956798, 92.73108124270786], [8.348064759267805, 0.0, 10.335937712466196, 19.649502689511785, 14.353284087438979, 10.522686328407351, 12.05401544781879, 49.177287464898555, 55.88574858166802, 64.1107856459614, 72.43105414752777, 81.0247250298579, 73.25367932228282, 63.940137536417424, 56.668982304251124, 21.966275632527378, 19.17729905528195, 17.315385857683538, 19.63916747371909, 23.588951447153004, 21.646613908167577, 14.867541459987454, 12.014534788238329, 13.180711078342059, 16.785084169050247, 52.459099520630986, 61.283879951217564, 68.08610880980426, 76.86218467254302, 83.1047721068439, 81.20830348227913, 74.81282336042031, 68.0711018482459, 60.885316048505835, 55.07103970139472, 24.189576154505684, 27.419099459478357, 36.644131821003114, 39.70844864475815, 51.2504622674854, 58.14775942529647, 63.27296417296886, 64.26791850793978, 61.1135890098461, 50.48623699992592, 42.47566875946356, 41.76764626000429, 68.32067894632155, 66.57297181146726, 67.68844718070234, 71.21166555444955, 73.73120736231256, 78.18136488082077, 86.98411764070707, 88.4248625838984, 86.06471602887206, 83.50387090305807, 79.3917550598985, 74.5339392528993, 68.66557179921405, 69.19919168735245, 74.63479153421184, 78.47926498397912, 84.30587260972365, 79.31656506711559, 75.50921841542402, 70.14231086085107, 48.40420903536068, 55.03485494236258, 63.606587141262295, 74.69251446438078, 88.66527406281816, 102.49691866680075, 107.49070649436833, 111.46289033835217, 121.51493745233539, 124.20577359838488, 122.83913451547478, 112.62533072405246, 110.08310881835193, 103.90472336230145, 100.36281087829063], [18.022638813809372, 10.335937712466196, 0.0, 10.211269120730389, 7.498491167002066, 12.797832159030452, 18.76694977803588, 58.379833059391444, 65.42756680149216, 73.79885042795962, 81.92900576724367, 89.88646818474356, 82.35876984768151, 73.1167172164735, 65.78073784121564, 31.219428282821337, 26.84205917836746, 22.14620534077696, 19.20844242125058, 18.191388794546143, 15.36905066174723, 14.064637726081854, 18.15188866079621, 21.916301024548325, 26.61579556219453, 62.76280347771589, 71.51811496245368, 78.18496931273208, 86.67564221751971, 92.59164084520715, 90.82287581839152, 84.69997534063023, 78.13938984512625, 70.9971327581401, 65.25817584772265, 34.41075589520249, 36.270885869783015, 43.30977573732228, 43.663697471771975, 55.25683660495351, 63.19888275688523, 69.19040368732166, 70.69321413895824, 68.31696157304529, 58.802086782356, 51.86010639157275, 51.9303197926098, 68.15405874639121, 67.99249745007313, 70.57362915555771, 75.06929458332476, 78.32019697727839, 83.15456112404735, 91.95377673680179, 92.63930323906352, 89.55679598440068, 86.19032788425953, 81.13399467103837, 75.46704877735188, 69.06172083675997, 71.38227388010326, 78.15442338213087, 82.94062034589281, 89.15491629134789, 83.6980211315082, 78.94862211490816, 72.25133792297788, 42.07463460286482, 46.959585063206404, 55.74908456575892, 68.15260998164155, 82.86619436507418, 98.29361188729482, 104.60019944106938, 112.32260921801968, 124.16364532957502, 128.22554522638112, 127.54484362389444, 118.36023373735414, 116.93779841242934, 111.47540761369262, 108.91491873096108], [26.016419386727414, 19.649502689511785, 10.211269120730389, 0.0, 7.837848115304734, 17.74358275781281, 24.39578293152947, 64.28527543798162, 71.81299785993949, 80.3858405204714, 88.1011453547095, 94.95260499188883, 87.83890219037318, 78.80580933990257, 71.44554096494893, 41.23604952281609, 36.970606754060405, 31.848553401712547, 26.739609471628583, 21.503168813499023, 18.58553235450922, 22.636387337781997, 28.300657810522956, 32.014179292862934, 36.386181242113196, 71.14413341110402, 79.61868433096737, 85.9424483812544, 93.76981878477979, 99.01874585109566, 97.33568704704675, 91.71027406108064, 85.60206429840837, 78.57225581482548, 73.08051791475988, 43.06521221461175, 43.14512540712076, 48.493938524043166, 45.83245133624835, 57.46568731847896, 66.62954796785691, 73.18061030382309, 74.31944900805749, 72.1720774346399, 64.74888197409581, 58.62466761346833, 59.816138616106414, 65.5399229848543, 67.10958101324714, 71.1007145013662, 76.28995489500012, 79.97903610463548, 84.81686192596803, 93.02796382823544, 93.29785087436603, 89.76933802850063, 85.84955262354231, 80.14230602391494, 73.88018387631493, 66.99455481575383, 71.16577889677625, 78.94173403334176, 84.24143526249392, 90.3362332173025, 84.90510179132468, 79.63362383296507, 71.93244224291891, 39.52729506388007, 38.75920575694528, 45.880652922182584, 58.666415118898655, 73.91699550763188, 90.51423365139173, 97.90511883786937, 109.36105432938179, 122.00432374704603, 127.20048442126959, 127.12813124588851, 119.12579724870943, 119.1269120132801, 114.89615534985106, 114.19917767005647], [20.200990867566375, 14.353284087438979, 7.498491167002066, 7.837848115304734, 0.0, 10.28190170238668, 17.914651803231035, 58.33813997240531, 66.01030210229298, 74.56926729854811, 82.39526346274734, 89.63752066536448, 82.03809396160271, 72.80332779055077, 65.50888509415701, 36.01426746769459, 32.67351608763601, 28.990330838369506, 26.6990371483988, 24.632596605781593, 21.636459822200514, 21.381121990212602, 24.263348972883154, 26.99218995230854, 30.74538656281736, 65.10559039544384, 73.76443763828739, 80.36841503366108, 88.53862162166067, 94.0672048206549, 92.05335448565626, 86.0438821804812, 79.75969909123938, 72.57993305702519, 66.99913512707714, 36.50843253033837, 35.79496693734656, 40.79600429730032, 38.91206628743159, 50.52251763687429, 59.29037158280968, 65.71452345247965, 67.13758423593856, 65.31300084438162, 57.22751931868857, 51.59640153786619, 53.381334765036605, 61.228734159595206, 61.6909382844743, 64.93915763162285, 69.84567518734501, 73.41616780608851, 78.3726838991958, 87.09105442458191, 87.32780437732927, 83.91045977451328, 80.21424110426778, 74.828371543909, 68.90567398181997, 62.31550845193979, 65.38647570027696, 72.70367175241937, 77.87906176185777, 84.22499332005073, 78.58342208162085, 73.44596120750377, 66.21098638487018, 46.02994449539392, 46.150481329830335, 51.657643641279606, 62.47056067045036, 76.21738509992015, 91.14479896854952, 97.31047631234873, 105.49009676454786, 118.28437147936027, 123.29373636059167, 123.39248393123775, 115.41860457911203, 115.27779338652844, 111.28376957293912, 110.47219752704962], [12.567112526380987, 10.522686328407351, 12.797832159030452, 17.74358275781281, 10.28190170238668, 0.0, 8.64265472152561, 48.76657065173709, 56.53257080384264, 65.0557534363321, 72.92906963879851, 80.50616835274734, 72.51413427896709, 63.14099243782702, 55.92159804313379, 29.771185174637385, 28.466086400405956, 27.46471523654174, 29.069358746523548, 30.541324158634264, 27.946509892354307, 23.571081737416485, 21.663965551382276, 21.918238837190405, 23.870522219430597, 55.83957654873977, 64.51280154494326, 71.24965401008848, 79.57758093815261, 85.27074925734779, 82.95208342807975, 76.66643744996432, 70.323485552179, 63.064365388351575, 57.493467650254885, 27.310172287999734, 25.54509872310164, 31.31838969383001, 31.18891238583667, 43.059916060999726, 51.20194533135753, 57.03393298561243, 58.0276957625805, 55.80280713621662, 47.117555339964035, 41.35953236944396, 43.683429551646476, 57.982040584412076, 56.77085402309365, 58.63450698008065, 62.71689040189804, 65.70934813336399, 70.42286272788891, 79.31186498741752, 80.07640350997052, 77.22758568188446, 74.2207062500981, 69.69012703521362, 64.53623844198793, 58.46755717766259, 59.74622524611438, 65.89341347433835, 70.32205174818652, 76.46630673258096, 71.09798625558582, 66.71268814570878, 60.64919984783804, 53.53041668527845, 54.54592224475039, 59.004018812492774, 67.75851711021038, 80.1397700136222, 92.95502711831973, 97.52086333338039, 101.47470379150005, 112.98744619925293, 117.04232355288039, 116.85183735496416, 108.40543991470199, 107.73670695779451, 103.766132857779, 102.79981712021944], [7.672585408807715, 12.05401544781879, 18.76694977803588, 24.39578293152947, 17.914651803231035, 8.64265472152561, 0.0, 40.473104568698965, 48.154765008714655, 56.71768866312365, 64.54804860016812, 72.11860029426578, 64.29030229212833, 54.992085175239005, 47.69869509677214, 26.44835737324052, 26.99637790743095, 27.872163188145286, 31.334929238196054, 34.428821875408076, 32.37978278269117, 26.914353618850033, 22.384589011143962, 20.43884511953792, 20.31134592064591, 48.329076873718435, 56.69185831945102, 63.151746104214574, 71.17227172239505, 76.70331752931853, 74.44407676785907, 68.339454070915, 62.18286542643239, 55.032372061841095, 49.62441571688571, 21.135169708071146, 19.672591020719317, 28.36075597766655, 30.022938186234022, 42.11809295067936, 49.71654476750117, 54.555047587367476, 54.063756494739565, 50.231506313154036, 41.78987841923359, 34.337709258635385, 36.145189233417554, 59.50681723803236, 57.357671963181524, 58.101000456521405, 61.156156562255624, 63.24435697835134, 67.2092487548114, 75.38443724641019, 77.27257750790021, 75.31844256363617, 73.19981062973994, 69.66004104384392, 65.2782117647556, 59.599368700240824, 59.69749610186687, 64.51636311007638, 67.72507605705547, 72.94062846936383, 68.55719453483091, 65.37958622066918, 60.63045371882091, 56.56785863828804, 58.332284135869536, 63.1011216886336, 71.11179425009934, 83.44854525729025, 95.26237811392488, 99.00524055900006, 100.91430128639425, 109.7196656051444, 112.22784270176209, 111.09343715541182, 101.52705160245397, 99.96066099483274, 95.42328654026707, 94.2093062660158], [40.84172136183946, 49.177287464898555, 58.379833059391444, 64.28527543798162, 58.33813997240531, 48.76657065173709, 40.473104568698965, 0.0, 9.003584739595448, 17.393708140872263, 24.35199924777319, 32.62316550319159, 24.095142546826033, 14.82886469681752, 7.550530072402931, 43.252548758056925, 49.84467757961537, 56.000157051989255, 63.67399923833747, 70.04094591485354, 69.06131119584572, 61.58215021439361, 52.81382452837815, 46.92950071210481, 41.17691645300369, 23.0778250687216, 25.826606063445677, 29.411164311970534, 34.696929254455775, 39.12010641771633, 35.762906653958105, 30.060744322108874, 25.95220919595536, 20.45320919866496, 18.607797148356763, 30.18138393440071, 28.22079867464383, 35.99655640797264, 43.257550979575285, 48.91646892415108, 50.51693084497297, 48.913914081813125, 41.46760371090899, 30.31850644070181, 27.194349373389613, 16.026891729367897, 16.653759043314185, 72.74137644274865, 66.35717181124275, 61.58254896733553, 59.07364818430754, 56.327886958095384, 55.912983944744454, 59.84488041523488, 66.72263628962729, 69.39633139455752, 71.87530771451483, 73.54417977693458, 73.51082953547179, 70.9772795596676, 65.18354301444273, 62.65843589159673, 59.41108156602374, 59.50474807611393, 60.382503112259506, 63.57410979590608, 66.06711086532817, 89.08484262017757, 91.67532298824803, 94.77340253693687, 98.03482134777929, 107.08511796086512, 112.4729535837467, 111.35508512735923, 100.3082722144057, 97.41388468498322, 92.5005578922384, 87.5661832771832, 73.55013803860398, 67.31960901063339, 61.40739868212433, 59.81333777179694], [47.599355148361894, 55.88574858166802, 65.42756680149216, 71.81299785993949, 66.01030210229298, 56.53257080384264, 48.154765008714655, 9.003584739595448, 0.0, 8.709664569834938, 16.56789074865651, 26.957402704328583, 18.81355844402292, 11.046180705964801, 7.488214096029642, 47.219516821859784, 54.12883323539301, 60.71069913758568, 68.80040316387645, 75.79569423185367, 75.09403724940896, 67.29932636543522, 58.21289778339087, 52.15484534366917, 46.175669808047374, 19.46527060848451, 19.03811062443227, 21.06190240161987, 25.752656676190536, 30.589924206359747, 27.124902009221803, 21.144634823829165, 17.36840303976062, 13.03296890643114, 13.55533391275102, 35.533752971209395, 35.550792054487374, 43.59543217971121, 51.80010467330878, 56.73235986541475, 57.17603425940247, 54.64013835951648, 47.060398341749774, 35.78121102883871, 32.54524572965833, 21.983014972981408, 19.003019240093423, 81.15176251839331, 74.37878884977042, 69.00752248478369, 65.8530477963027, 62.51643552543983, 61.482907917654934, 64.60812828265777, 72.1657041675083, 75.53849651469747, 78.64319636648268, 80.94868471079221, 81.40452157975237, 79.23972282623673, 72.83091759179402, 69.4263738457039, 65.3578461097958, 64.65940726594324, 66.32852415300681, 70.33723086942577, 73.70276934886132, 94.34427068973172, 98.50668479886644, 102.6143008877709, 106.23487035228821, 115.54191664997863, 120.71301483450992, 119.28843664952247, 106.89494299028846, 101.85743499383945, 95.1264823505662, 88.9391650627419, 73.27603436243804, 64.69588489121067, 56.67834661922877, 52.58421733187788], [55.885275769563634, 64.1107856459614, 73.79885042795962, 80.3858405204714, 74.56926729854811, 65.0557534363321, 56.71768866312365, 17.393708140872263, 8.709664569834938, 0.0, 8.98369855584825, 21.7313188124756, 14.229699252092434, 10.708813579419758, 12.978398387627767, 53.89816913254822, 61.00444514401102, 67.88684044131146, 76.2866937852534, 83.65089254736982, 83.07252969836479, 75.03376290781452, 65.72659103495559, 59.574256006255574, 53.47648995629943, 21.298754949686547, 16.8248092421366, 15.85960697239402, 18.533479691022432, 23.379550770595785, 19.201677063794477, 12.776472556034902, 10.85561770898414, 10.46775048006672, 14.832115710335328, 42.954133243223396, 43.389637868675294, 50.66498766529357, 59.268517485688754, 63.13624513860461, 62.43407284251846, 58.91859320180425, 51.033564293459825, 39.85036264584757, 37.496903461237835, 28.74340722430702, 25.256100268243493, 87.86798913598484, 80.61297777141885, 74.56189926340988, 70.66505591624366, 66.68454378242053, 64.96217305742935, 67.21962289296928, 75.35617913597929, 79.45109122961757, 83.24200274230645, 86.30226234807978, 87.39005439766986, 85.74540586002442, 78.59522515150815, 74.1580118242032, 69.18998956988958, 67.64924201772624, 70.14469725556755, 75.04844147613663, 79.43915542930745, 101.96314399378753, 106.75575918197087, 111.01979993688306, 114.3622579879293, 123.32872234175362, 127.73080920691116, 125.66186179396423, 111.19503515511907, 104.20119064729622, 95.89384332876804, 88.83841936604591, 72.20440512127955, 61.871174843015176, 52.77703453988102, 47.082892229635895], [64.1433554226391, 72.43105414752777, 81.92900576724367, 88.1011453547095, 82.39526346274734, 72.92906963879851, 64.54804860016812, 24.35199924777319, 16.56789074865651, 8.98369855584825, 0.0, 13.731055984858775, 8.633674526319023, 12.509803014461697, 18.100015212412643, 62.84388286262231, 69.90077599201648, 76.67333925664965, 84.84916956662964, 91.93864597315083, 91.35978269782277, 83.63555405434617, 74.48284110745968, 68.37589485065229, 62.32083666461062, 29.686498412249247, 23.61004816381883, 19.82851744720641, 17.017121430794372, 18.391742680326303, 13.505121995547503, 10.762558336426938, 14.757803923673062, 18.04298932383481, 23.35261081445597, 51.722059023982496, 51.401735715672295, 57.60192283510846, 65.29672592466994, 68.33233043252376, 67.28386658239165, 63.076022082164585, 54.08545171114896, 42.511363110139065, 43.283080280257664, 36.3387090330908, 34.11131759310228, 91.84139231625416, 84.54054809783487, 78.1666734635829, 73.59009565232344, 68.9163973679279, 66.17301448232112, 66.70429316220225, 75.70950180669908, 80.65540518797798, 85.18427684068907, 89.04830991957112, 90.77596391218776, 89.59177290208582, 82.16833326701382, 76.7951525913873, 70.76534493947625, 67.8244524762997, 71.66064648182045, 77.61744633217964, 82.94068578262599, 109.39255106783865, 113.19505330279574, 116.64446141003545, 118.95115006070907, 127.19116481924402, 130.40500018727948, 127.56094924942859, 111.52521272407364, 101.66068582404193, 91.6219399627997, 83.60760004299347, 66.18859281614077, 54.739537277861736, 45.86403309564091, 41.577680334029196], [72.69485186497364, 81.0247250298579, 89.88646818474356, 94.95260499188883, 89.63752066536448, 80.50616835274734, 72.11860029426578, 32.62316550319159, 26.957402704328583, 21.7313188124756, 13.731055984858775, 0.0, 10.739806603572339, 19.704761299459097, 25.610812023342074, 74.0232394485122, 80.75159490535057, 86.9653843940745, 94.29913973154142, 100.41636965377054, 99.75853037799428, 93.02731746033956, 84.4988085094063, 78.6302860866899, 72.82798449653299, 42.96604749756576, 37.13016234666437, 32.50246662584194, 25.930408721608632, 21.42585833714174, 18.438217696322035, 22.101336893041765, 28.1301342650912, 31.60763957953028, 36.554645988729035, 62.22184940223572, 60.491479656380875, 65.53223473080257, 70.90908994267329, 73.49235110754157, 73.11476192833476, 68.71233540048237, 57.95410910565705, 45.68491233361757, 51.4703400893936, 46.02554917687697, 45.72876871078364, 93.62002238202717, 86.9816164315449, 80.88354366080223, 75.83858247358201, 70.52554457300907, 66.40450977690031, 63.95558216678311, 74.18742987108627, 80.09332920755931, 85.34517195494367, 89.97672876171093, 92.26732221978823, 91.40768669259525, 84.48519587527441, 78.46662157188172, 71.30149106613165, 66.23649328020028, 72.06983403110077, 79.15279368687295, 85.12613673770942, 116.01316710212727, 117.1521698298859, 118.83735554176823, 119.31608629790306, 126.47547998830603, 128.10281117391324, 124.44378938464969, 107.98167372457142, 93.64424570509024, 81.34480439894851, 71.84399526434349, 53.294743696549645, 41.143557617862584, 34.390269280356776, 37.100619479036254], [64.91111011197187, 73.25367932228282, 82.35876984768151, 87.83890219037318, 82.03809396160271, 72.51413427896709, 64.29030229212833, 24.095142546826033, 18.81355844402292, 14.229699252092434, 8.633674526319023, 10.739806603572339, 0.0, 9.71675351066111, 16.668313341489444, 65.80495423550639, 72.77251051323343, 79.31404237122574, 87.18411546641865, 93.66535566217362, 92.83136305452425, 85.4527857026248, 76.52457327570114, 70.5006937067014, 64.53804617925884, 35.03125833018096, 30.49849293014586, 27.991024484410158, 25.47904814842197, 25.1461739955981, 20.550219059265206, 19.181352322130394, 22.47382880408708, 24.14276997989222, 28.437994313025243, 53.42030866430209, 51.103210911845615, 55.59188877912722, 61.84533938524246, 64.12326282926033, 63.25210438507485, 58.84911516221159, 48.7402675057614, 36.74281665141706, 40.9432046710116, 35.98216526710927, 36.636959023689414, 86.12896143223315, 78.89664476001225, 72.46389686796053, 67.54915213684613, 62.52163442774193, 59.17225806311337, 58.73472937168944, 68.128447371403, 73.4285359987935, 78.28267692997312, 82.55823281358276, 84.66407719763743, 83.79808631052427, 76.3343936791114, 70.4946402852948, 63.912531667418996, 60.191112975406845, 64.76045932736288, 71.2578427997702, 77.0430595490089, 111.1529483302708, 112.72646695717323, 114.37510841591538, 115.21700267854524, 122.24703023884676, 124.22669877764329, 120.68928345067717, 103.5826049048591, 93.12352128666836, 83.26580372682571, 75.81543312489309, 59.51926866658012, 50.041583590953856, 44.77693296871016, 45.592470012351605], [55.61879652878315, 63.940137536417424, 73.1167172164735, 78.80580933990257, 72.80332779055077, 63.14099243782702, 54.992085175239005, 14.82886469681752, 11.046180705964801, 10.708813579419758, 12.509803014461697, 19.704761299459097, 9.71675351066111, 0.0, 7.412887671545142, 56.78349968464968, 63.74072186052613, 70.28938362577526, 78.2747229051242, 84.81573999522358, 83.8752261234557, 76.27377898418156, 67.26721584630359, 61.23435819183711, 55.27495161944416, 28.40153406799946, 26.277226125869795, 26.45226541275046, 27.925001913249606, 30.353004123346132, 25.885996416075198, 21.450458930448697, 20.965107729902158, 19.438087732890242, 21.945357664994688, 43.97633749336857, 41.39129412393551, 46.312188409430455, 53.13453100154395, 56.13414151618583, 55.73482771180937, 52.043241177367165, 42.71938434144879, 30.70561043606712, 32.52601416185569, 26.38714613303265, 27.66935914092717, 79.37157048879456, 72.13601427210482, 66.00246648740955, 61.76193383945648, 57.43522490965726, 55.175683188521866, 56.73570534315281, 65.15708179666284, 69.5079367656652, 73.56713243667976, 77.00622746801852, 78.46707499562359, 77.1430769826579, 69.91380872514324, 65.01900874532402, 59.54159394911618, 57.379514124123745, 60.460435855868866, 65.85711000860023, 70.69711042299099, 103.30748093922475, 105.19334850230416, 107.13555446869803, 108.68284795168368, 116.17719892147339, 119.17473544194578, 116.33358067851367, 100.722788460712, 93.70559480902254, 86.10187125512269, 80.03354624678897, 65.06748041745803, 57.352593315631026, 52.24849795107995, 52.01595822601115], [48.337074701894686, 56.668982304251124, 65.78073784121564, 71.44554096494893, 65.50888509415701, 55.92159804313379, 47.69869509677214, 7.550530072402931, 7.488214096029642, 12.978398387627767, 18.100015212412643, 25.610812023342074, 16.668313341489444, 7.412887671545142, 0.0, 50.40187978792313, 57.15008063823657, 63.44632290207332, 71.18441994971569, 77.53007613128953, 76.56005314865503, 69.13149103996741, 60.3144023478553, 54.382326452181296, 48.551952945064784, 25.70359811144996, 25.865454436955442, 27.712134092116074, 31.062710060160462, 34.41198934064204, 30.5761769945681, 25.554670741120457, 23.149409523021383, 19.417055545469864, 19.879566010091143, 37.3940034725384, 34.88466025831173, 40.96923787737616, 47.75258071926774, 52.04136678474382, 52.74045041774491, 50.06838546770072, 41.371712613293376, 29.375955070385096, 29.3797394774009, 20.994571438574734, 22.30975633405811, 75.37247315446969, 68.60271547911536, 63.16045074707408, 59.74288285197414, 56.14549235460412, 54.71815024500984, 57.33099157614798, 65.09927107213993, 68.66156603122253, 71.96973057610552, 74.56545487076284, 75.30527506979054, 73.37509862031675, 66.89774456172697, 63.145316699200094, 58.694669609744516, 57.539546650871976, 59.639803763601755, 64.0184386811449, 67.72556162223006, 96.10864616449382, 98.05626675254103, 100.38709675144608, 102.61704285530475, 110.81569770348051, 114.91151179766462, 112.89195422212383, 99.62598066304221, 94.48166866968464, 88.20966024970402, 82.68763365386779, 68.18462212260505, 61.36832298773334, 55.99437126831553, 55.43937421621521], [19.537315204820874, 21.966275632527378, 31.219428282821337, 41.23604952281609, 36.01426746769459, 29.771185174637385, 26.44835737324052, 43.252548758056925, 47.219516821859784, 53.89816913254822, 62.84388286262231, 74.0232394485122, 65.80495423550639, 56.78349968464968, 50.40187978792313, 0.0, 7.679006354178123, 15.870133243301048, 26.633143723208228, 36.56507805936071, 36.13880191127075, 25.16486639316688, 14.853703145738873, 9.376481427225725, 6.167915359647616, 36.87761146802813, 46.03072574068971, 53.51322490477092, 63.87711181650384, 71.77936518842073, 69.83532138025575, 62.37925502641386, 54.622809660277795, 47.62432064619516, 41.45132681017882, 14.830947837602626, 26.02252540173494, 38.3073439781756, 48.07268182239739, 57.264756118113425, 60.28788967446525, 63.14001078592619, 64.46162488183037, 60.58195784237133, 45.75652801281114, 35.67507649596875, 29.932014490742223, 81.40566971632651, 76.82888709884561, 75.06533109340003, 76.6658599830148, 77.83451965105665, 81.70966949357515, 90.90795358050914, 93.41712337441592, 92.31042209408604, 91.173055957967, 88.7257714976439, 85.37986926293623, 80.80438358482519, 77.92100111934259, 80.70205011267561, 82.90424546497512, 88.3032303120954, 83.88497153354504, 81.7170931684587, 78.97352560572304, 61.45539809752644, 74.3937625928336, 85.03347914500578, 95.96517390426024, 109.4038787391603, 121.57815696658878, 124.91671368154614, 122.61321668080633, 130.23281920990178, 130.24295954662557, 127.38084381304515, 114.68051671641793, 108.7574094316381, 99.59827643226144, 91.23167452487985], [19.717406775365998, 19.17729905528195, 26.84205917836746, 36.970606754060405, 32.67351608763601, 28.466086400405956, 26.99637790743095, 49.84467757961537, 54.12883323539301, 61.00444514401102, 69.90077599201648, 80.75159490535057, 72.77251051323343, 63.74072186052613, 57.15008063823657, 7.679006354178123, 0.0, 8.374471669413243, 19.413961361788324, 29.73309611651188, 29.484483873951294, 18.3474224473569, 8.955625166104985, 6.716101228486434, 9.596827749568552, 44.288644909544615, 53.287120543160285, 60.55912872364699, 70.68706308729853, 78.40072485140044, 76.7090183546998, 69.51739118629334, 61.87675635296864, 54.96292510691495, 48.849135547328046, 21.20654956601262, 31.18030362016214, 42.70560809632781, 51.073236399535105, 60.82851724328629, 64.65324539457232, 68.23660439085471, 70.04487215630915, 66.57955069019732, 52.16150576500463, 42.5341618361845, 37.330045170263354, 83.14515164655654, 79.41805776991146, 78.53346862277829, 80.82461152934874, 82.51907960543875, 86.74329847071148, 96.09809271880096, 98.18202406277877, 96.59205949708068, 94.91162419689243, 91.80478036958073, 87.87487902608291, 82.87467883033187, 81.02006846287583, 84.74162079081063, 87.62567287485419, 93.3827614590244, 88.5748316363775, 85.7286421646503, 82.05332324816021, 55.115493217374805, 69.47363190625643, 81.37106847039509, 93.58321381106533, 107.83789226377147, 121.26130392345455, 125.53484102561077, 125.66428274371702, 134.3608428391623, 135.07364824133816, 132.42852543254702, 119.98545262984842, 114.43486404122321, 105.21181720980603, 96.91621331776977], [20.971876714854538, 17.315385857683538, 22.14620534077696, 31.848553401712547, 28.990330838369506, 27.46471523654174, 27.872163188145286, 56.000157051989255, 60.71069913758568, 67.88684044131146, 76.67333925664965, 86.9653843940745, 79.31404237122574, 70.28938362577526, 63.44632290207332, 15.870133243301048, 8.374471669413243, 0.0, 11.133977976906051, 21.664940063345128, 21.638980672183912, 10.881620848308074, 6.308500291247201, 10.33982687474631, 15.95884100913165, 52.00861336460473, 60.834558604111635, 67.81890150361123, 77.52424506369904, 84.86366455506717, 83.43365880531869, 76.62933947720776, 69.21654713226577, 62.365160607816684, 56.342122955549435, 27.933357677372065, 36.63121900813422, 47.49116513420611, 54.04513392875422, 64.45126215368796, 69.31251063018895, 73.60355552594567, 75.53063621072452, 72.23257523964564, 58.69100687133819, 49.30158439082601, 44.70258971819759, 84.32805644075141, 81.66997706627842, 81.79988121238117, 84.77583672110492, 86.9457246270336, 91.39766768517946, 100.66588925067472, 102.42918082875586, 100.40647046168709, 98.20545129385629, 94.45150407650411, 89.92238634814855, 84.44374436316232, 83.83395480628226, 88.51420435689714, 91.99437057174381, 97.93031103573982, 92.90206022511295, 89.45935342897629, 84.83242553716943, 47.40638887062643, 62.82459626121765, 75.98150417544092, 89.49329804298729, 104.66232290609723, 119.41931408080428, 124.73183850393087, 127.78531059652177, 137.2757374880441, 138.67687152530868, 136.21824339147815, 124.09824434068764, 119.08834244763585, 109.99216249623827, 102.2122982045805], [25.72111524492239, 19.63916747371909, 19.20844242125058, 26.739609471628583, 26.6990371483988, 29.069358746523548, 31.334929238196054, 63.67399923833747, 68.80040316387645, 76.2866937852534, 84.84916956662964, 94.29913973154142, 87.18411546641865, 78.2747229051242, 71.18441994971569, 26.633143723208228, 19.413961361788324, 11.133977976906051, 0.0, 10.950991380591987, 11.735898908673763, 6.75340252025851, 14.053603126370016, 19.732181417087187, 25.680041607939522, 61.71497698208313, 70.24895201089657, 76.79206043269346, 85.82930910640323, 92.57847421909284, 91.50487689453293, 85.28836466227176, 78.25151405850417, 71.52910559606184, 65.68124382694758, 37.17629209269626, 44.54506507366057, 54.73770211273057, 58.981319709312714, 70.08817957336677, 76.2246483203058, 81.21078550839121, 82.9208797466595, 79.55395102224092, 67.40137875899579, 58.08923996449544, 54.06238955829983, 86.53632327355422, 85.32672803038929, 86.7092013073841, 90.40759372704449, 93.02721935555647, 97.57967504802083, 106.45655319611397, 107.99516900573975, 105.56825007742742, 102.83163518245263, 98.39136124067917, 93.1971446119387, 87.14872582354208, 88.15486678882219, 93.87940818944924, 97.89931407132356, 103.81213514051234, 98.74943264531143, 94.76171527574797, 89.09470051866928, 36.70944975354887, 53.50302360089154, 68.54854693663056, 83.80604813247191, 100.27742624562299, 116.76649136578251, 123.45221364875903, 130.48575281551697, 140.4593485038966, 142.542182132652, 140.18525632319455, 128.41674774841826, 124.07965123639072, 115.17815336044902, 108.2364452551534], [30.72265859862917, 23.588951447153004, 18.191388794546143, 21.503168813499023, 24.632596605781593, 30.541324158634264, 34.428821875408076, 70.04094591485354, 75.79569423185367, 83.65089254736982, 91.93864597315083, 100.41636965377054, 93.66535566217362, 84.81573999522358, 77.53007613128953, 36.56507805936071, 29.73309611651188, 21.664940063345128, 10.950991380591987, 0.0, 3.252547820190504, 12.84414381667591, 22.863156878203085, 28.62737589743805, 34.52783165386684, 70.69265900368268, 79.07876123407362, 85.33269234711852, 93.7577775784495, 99.8753183369788, 98.93908983425155, 93.1970844195809, 86.53854307608512, 79.83139376759, 74.12949573087768, 45.177692767683006, 50.7736879205948, 59.84281488922767, 61.63576721368576, 73.1627811355694, 80.53256656178067, 86.19161010497947, 87.68620862458755, 84.46896807831507, 73.90466992746732, 65.11267810761676, 62.211369157883084, 85.8357608619734, 86.09848106358758, 88.73740446174595, 93.13837538598237, 96.21774955240707, 100.86747368250151, 109.34215924570718, 110.52306130424789, 107.65140745444165, 104.36579283250431, 99.26515944268813, 93.46514603700633, 86.93255776298435, 89.5569643649651, 96.28598415036062, 100.85860093109892, 106.7634281857638, 101.6373002617307, 97.09154807068902, 90.42293550459534, 27.79345765484476, 43.41596673567678, 59.39463126936741, 75.90958877519266, 93.26070415361019, 111.15011040051395, 119.04305469394637, 129.8397840815556, 140.54893642818473, 143.60991682462387, 141.68122876035187, 130.77936320638037, 127.61581219045127, 119.60620583431316, 114.27978239504336], [29.148099630009106, 21.646613908167577, 15.36905066174723, 18.58553235450922, 21.636459822200514, 27.946509892354307, 32.37978278269117, 69.06131119584572, 75.09403724940896, 83.07252969836479, 91.35978269782277, 99.75853037799428, 92.83136305452425, 83.8752261234557, 76.56005314865503, 36.13880191127075, 29.484483873951294, 21.638980672183912, 11.735898908673763, 3.252547820190504, 0.0, 11.79973130972727, 21.9551688588987, 27.747291178103332, 33.67332140604635, 70.34884777421604, 78.86588980539764, 85.24642443993017, 93.73885458596304, 99.84858971126252, 98.74780379402948, 92.9017526429435, 86.22384470844251, 79.4023742714736, 73.65686080915563, 44.06702254389157, 49.000057955724685, 57.54067322152309, 58.95405612027075, 70.42832873547566, 77.92857905337448, 83.74133092063859, 85.39166067514782, 82.47363815942892, 72.05547038284608, 63.7114015474936, 61.39066921465173, 82.77425464471347, 83.10294767910892, 85.86603794141143, 90.39401652591549, 93.60109276623005, 98.3614071956256, 106.96477420162167, 107.93039200128646, 104.91750817453689, 101.5123988942708, 96.30249387668792, 90.43762764152036, 83.89295648333074, 86.62034495836274, 93.50288096193978, 98.2472934283689, 104.3047359622861, 99.01491187887653, 94.29956058156773, 87.48009683639887, 29.712073657791624, 43.084728688858064, 57.9169465671283, 73.96433580162108, 90.92018135474287, 108.58089021148827, 116.35196138873022, 126.9753114359813, 138.2267748270277, 141.66765285995083, 140.07884419254745, 129.6197627236427, 126.88738167014264, 119.41029199884937, 114.63561758413067], [22.015250937326897, 14.867541459987454, 14.064637726081854, 22.636387337781997, 21.381121990212602, 23.571081737416485, 26.914353618850033, 61.58215021439361, 67.29932636543522, 75.03376290781452, 83.63555405434617, 93.02731746033956, 85.4527857026248, 76.27377898418156, 69.13149103996741, 25.16486639316688, 18.3474224473569, 10.881620848308074, 6.75340252025851, 12.84414381667591, 11.79973130972727, 0.0, 10.625437688891552, 16.86696197091263, 23.132729907077742, 60.7777845263134, 69.65686304252617, 76.54146266420823, 85.80928785150573, 92.61081473141066, 91.14607767223407, 84.62953080959042, 77.49513289488297, 70.4955298352227, 64.51525938603174, 34.27626759607467, 40.28348660928694, 49.37834470215293, 53.203363613211344, 64.1253821592092, 70.36724055740576, 75.65850897782336, 77.85527515699826, 75.22251124411204, 63.0747384934128, 54.79076884896424, 52.04630348889079, 80.44628734080759, 79.16378753264745, 80.65177864499202, 84.56986409531186, 87.45062677189638, 92.28472224220845, 101.56531093260921, 102.62408918025645, 99.90425539562922, 96.94259910456509, 92.31612164362332, 87.0428864699511, 81.03954409677391, 82.0416152075038, 88.00764349686641, 92.39052867183614, 98.70487589247875, 93.22618888311128, 88.8823156767201, 82.97990634106904, 40.42775865136509, 53.85489465904109, 66.75598741507682, 80.95398887266595, 96.46551791311384, 112.31850034199542, 118.62951522744606, 124.88416658456707, 136.06545946155762, 138.9175016107863, 137.2844627021498, 126.41895038423262, 122.92368528310786, 115.1107329782558, 109.23028731705242], [15.94966941751364, 12.014534788238329, 18.15188866079621, 28.300657810522956, 24.263348972883154, 21.663965551382276, 22.384589011143962, 52.81382452837815, 58.21289778339087, 65.72659103495559, 74.48284110745968, 84.4988085094063, 76.52457327570114, 67.26721584630359, 60.3144023478553, 14.853703145738873, 8.955625166104985, 6.308500291247201, 14.053603126370016, 22.863156878203085, 21.9551688588987, 10.625437688891552, 0.0, 6.3990725279296505, 12.754309200997282, 50.70928249845806, 59.787761443981516, 66.97364268016347, 76.67832116429621, 83.87504066188835, 82.11743360780538, 75.18022204283439, 67.80505830719524, 60.702894498897656, 54.609516049875246, 24.282459652727496, 31.540781998052886, 41.750572075554096, 47.85930339132472, 58.31376260789218, 63.461401953887176, 68.00318820039874, 70.03960124284427, 67.14620957145146, 53.91826957930495, 45.27125952797594, 42.063750868538236, 78.06949938555952, 75.37120157205038, 75.58487078639466, 78.69239261247186, 81.01146070088407, 85.60215709175945, 95.03986598207634, 96.5292261863345, 94.3390178910429, 92.01585966708831, 88.17732621665643, 83.62229643501135, 78.15979513129221, 77.5673974121115, 82.39245308978207, 86.06704288265162, 92.19446272494706, 86.96214217306859, 83.32926805915697, 78.5628692946902, 49.544133108725475, 61.983607973641014, 73.27819223419989, 85.72105963326865, 100.09806880733736, 114.21319963459709, 119.15975980591958, 121.63544204825484, 131.7648932516612, 133.72230742176254, 131.8156235404501, 120.47215709997491, 116.29829148482388, 108.29585978071239, 101.83033701084517], [13.426754596141466, 13.180711078342059, 21.916301024548325, 32.014179292862934, 26.99218995230854, 21.918238837190405, 20.43884511953792, 46.92950071210481, 52.15484534366917, 59.574256006255574, 68.37589485065229, 78.6302860866899, 70.5006937067014, 61.23435819183711, 54.382326452181296, 9.376481427225725, 6.716101228486434, 10.33982687474631, 19.732181417087187, 28.62737589743805, 27.747291178103332, 16.86696197091263, 6.3990725279296505, 0.0, 6.3560444209388605, 44.445755735599334, 53.59300065846408, 60.88263846617368, 70.7138479167271, 78.02863417496538, 76.11603326334121, 69.02047221114108, 61.58392790690381, 54.431348836784586, 48.30835617801518, 18.047603684948395, 26.327324416885837, 37.567447105637484, 44.95916727049163, 55.155568204396296, 59.726643081648206, 63.70606811498316, 65.29900686281535, 61.975287638915795, 48.39625785437624, 39.252350039759975, 35.710314372797264, 76.68466420214473, 73.23275095090585, 72.69144478564672, 75.22489836685264, 77.10056914933382, 81.40210799380361, 90.70917222518246, 92.60684973398352, 90.83727366351559, 88.98026589618702, 85.69908277983176, 81.6254171449335, 76.48672215676669, 75.00553596113684, 79.05076520496694, 82.14613935280191, 87.96585018979698, 83.07331892704937, 80.01742131936965, 76.02499850375804, 54.51815712858184, 66.06397570772491, 76.42923745894487, 87.8148760474411, 101.58918514756873, 114.6752420530151, 118.83598568054121, 119.27190943086188, 128.3790592606173, 129.67250802451017, 127.50708670886783, 115.83652277221329, 111.28032366331611, 103.22086471416765, 96.62127598587129], [13.598764521813369, 16.785084169050247, 26.61579556219453, 36.386181242113196, 30.74538656281736, 23.870522219430597, 20.31134592064591, 41.17691645300369, 46.175669808047374, 53.47648995629943, 62.32083666461062, 72.82798449653299, 64.53804617925884, 55.27495161944416, 48.551952945064784, 6.167915359647616, 9.596827749568552, 15.95884100913165, 25.680041607939522, 34.52783165386684, 33.67332140604635, 23.132729907077742, 12.754309200997282, 6.3560444209388605, 0.0, 38.26021758548444, 47.477416677929426, 54.87491962728258, 64.82932716381482, 72.25995286703947, 70.17642411336195, 62.9135893691148, 55.41762989899094, 48.21008451486352, 42.05788193636905, 12.009601637708178, 21.768880459469408, 34.11441178904572, 42.82333111813846, 52.611349650353965, 56.52025218516976, 59.8400375641778, 60.89304367861459, 57.06345776614667, 43.163794569902144, 33.39881054374986, 29.399649280126642, 75.79917796023979, 71.60446452459043, 70.27755606884959, 72.17822741793644, 73.55781640375696, 77.51558355569361, 86.63106884778205, 88.97673773712772, 87.66971826208925, 86.31850599672576, 83.64034992677702, 80.08814010019726, 75.30989111501421, 72.92447004233537, 76.1170810835122, 78.56491666553423, 84.01470523683014, 79.5228706083319, 77.11036213327692, 73.96225263778632, 59.651597161166706, 70.3639167491706, 79.85152892375457, 90.20496522953502, 103.36245685740808, 115.41171386554404, 118.78904771291481, 117.18716758596752, 125.18428243876214, 125.76913234502186, 123.32339099470543, 111.31370147169, 106.35219769762047, 98.24090038625569, 91.5189347841931], [45.159779509527155, 52.459099520630986, 62.76280347771589, 71.14413341110402, 65.10559039544384, 55.83957654873977, 48.329076873718435, 23.0778250687216, 19.46527060848451, 21.298754949686547, 29.686498412249247, 42.96604749756576, 35.03125833018096, 28.40153406799946, 25.70359811144996, 36.87761146802813, 44.288644909544615, 52.00861336460473, 61.71497698208313, 70.69265900368268, 70.34884777421604, 60.7777845263134, 50.70928249845806, 44.445755735599334, 38.26021758548444, 0.0, 9.582715386775817, 17.864997667381825, 29.212664392842395, 38.14716727380943, 35.238242358229016, 26.668476182761662, 18.38164815554266, 11.911243684323733, 6.600468401408571, 29.379718037413735, 34.56146771847486, 44.57686885254202, 56.48231612385021, 61.6037349560229, 60.58284910487854, 58.49573817382688, 54.91114779950099, 46.90617752147589, 35.501287258011516, 24.076069486141336, 13.41568997387365, 89.48