{
	"dissimilarities": [[0.0, 8.355267608470836, 17.96426844830554, 25.69821374642761, 19.692164650758453, 11.782153336450767, 6.558225284685028, 40.711587814795635, 47.62420224688756, 55.92041536318579, 64.17561208448386, 72.58920874271999, 64.78850874989244, 55.48181928656027, 48.18063888787767, 20.60014697405713, 20.96737540442153, 22.050055726101917, 26.468402709137568, 31.15063626521096, 29.46399252902344, 22.660622445130077, 16.936566361563287, 14.574689382177722, 14.628087665376531, 45.582993291519635, 54.22341585627174, 60.804364535110516, 69.28834813420153, 75.33037489738365, 73.28154067177451, 66.95919851251486, 60.44929483566816, 53.29227932556613, 47.58727723237746, 18.730627060704215, 20.923718577783685, 31.661100551196814, 35.44752718479996, 47.062558806440876, 53.79455806125205, 58.027487131177935, 57.70096384437751, 53.56809160794783, 43.17660817158172, 34.53894532632695, 34.27358606564386, 66.74582621688603, 63.274030918825495, 63.62045361592758, 66.9607857930481, 68.7109717226379, 72.83346379688948, 79.61632534447877, 82.0411861805669, 81.29987500296724, 78.88805782997798, 75.61195886762688, 72.31543920826249, 66.78262406731278, 66.31745480785447, 70.42650969553196, 73.2250235917553, 77.8708008836287, 74.10863619419244, 71.32943100597879, 67.27861808438534, 53.985933708322705, 59.16061892789941, 66.69332333572758, 74.52541439136165, 88.42209971674383, 100.15550199731591, 104.48235633205408, 108.71074731736987, 113.40430853480487, 116.93624234069985, 116.74924377793988, 107.60540692605028, 102.19120930597383, 96.16015622707933, 92.77987390459431], [8.355267608470836, 0.0, 10.239203057383031, 19.24672823956428, 13.558239929100642, 9.449250840218394, 11.287172903414481, 49.04839621152796, 55.88354804929956, 64.1444566611628, 72.46454530586603, 80.92836296546147, 73.13599757942197, 63.80726927863218, 56.51730415179222, 22.823506408485198, 20.355831933033564, 18.50604795737885, 20.541071573166597, 24.106898856640484, 22.026334129008962, 15.708770908541666, 13.157223011882445, 14.214564850900851, 17.52025488172375, 52.78600201478856, 61.632003760337376, 68.38169928466085, 77.10404343063496, 83.29942164474, 81.35809005996134, 74.96673308973854, 68.28212540705151, 61.0943827871734, 55.261711032962175, 24.959324749420023, 27.484464203394978, 36.405928120340526, 39.041928374716505, 50.62210421367565, 57.74005547255439, 62.758405368433195, 63.61167526091061, 60.55135900513321, 49.861108141166184, 42.206033709699895, 41.88643352556917, 68.28465852420253, 65.68674311133891, 66.96198843488447, 70.98439283160683, 73.43689264042544, 78.23371593855467, 85.49097175006169, 87.10895512070934, 85.65763897141147, 82.6505496186307, 78.54883113392505, 74.58319251272756, 68.68167169284791, 69.25390739593055, 74.33387155059316, 78.08135719542042, 83.5378123285165, 78.92561608825942, 75.20667392423174, 70.19269085470083, 48.34900422482008, 54.433350922584644, 63.087769955947046, 72.35435016566544, 86.96362666343443, 100.06646916458932, 105.4079062040365, 111.95725480383346, 118.66330281019414, 123.2250874181224, 123.50121021461064, 114.85582937247736, 110.00522706499348, 103.99718416118395, 100.41360556849436], [17.96426844830554, 10.239203057383031, 0.0, 9.892130119763339, 6.46158674924426, 12.159294655001416, 18.452559022402177, 58.317510945134565, 65.47587395446595, 73.80621801309977, 81.95075159284279, 89.84888713838997, 82.28342947130545, 73.02411607943684, 65.69625891524224, 31.80199200496807, 27.713041735102177, 23.14972804770419, 20.273950215328856, 19.094302410953325, 16.20000979454923, 15.112624791245333, 18.98496017350268, 22.58793413962636, 27.088467352182942, 63.01163034601528, 71.80887100711308, 78.4400324397086, 86.90587319616498, 92.80004394398992, 90.97919848974877, 84.84143767520537, 78.32299016567646, 71.17528598813234, 65.40092439519194, 35.097171590143745, 36.38996233063752, 43.11225137725444, 43.135718835302214, 54.67231729682457, 62.778852787535556, 68.64745990312879, 70.04769868566596, 67.80426627248353, 58.16753150120121, 51.594346041932525, 52.00547515193835, 68.17848089170379, 67.16449943205689, 69.89485389634122, 74.70683564718617, 77.9137450323118, 83.1622130691313, 90.52522693853822, 91.35822108800873, 89.04349125151464, 85.39240738846087, 80.38171599928792, 75.5073321756499, 69.10776052224861, 71.38838021442608, 77.71132322583766, 82.43771545726287, 88.45352509706598, 83.20541870522558, 78.50538954252883, 72.25333910040038, 42.31926066021838, 46.60129478189985, 55.42905544571558, 65.95398204719972, 81.3001253973189, 96.02298636151576, 102.6750944603915, 112.77056017242126, 121.61934256682837, 127.39122184852528, 128.23033208544788, 120.47520424094775, 116.96651197414607, 111.66407251514107, 109.05806599161465], [25.69821374642761, 19.24672823956428, 9.892130119763339, 0.0, 7.346468183195928, 17.373569138318505, 24.23636058773423, 64.24190321313549, 71.88488634989767, 80.28259924057869, 88.03977329879343, 94.95236777764904, 87.7675712719261, 78.7052399885052, 71.38773630088862, 41.559748689859255, 37.53949684590493, 32.52751488236335, 27.581492369465654, 22.479863767814187, 19.548757065360192, 23.344800942625792, 28.79249627473495, 32.415642649114105, 36.64278666643185, 71.27053214091168, 79.81876998293237, 86.1223175118323, 93.96128983699734, 99.22287605191838, 97.47160793404409, 91.80251112134088, 85.72147962773843, 78.68088473791715, 73.1238918499348, 43.77695220328901, 43.27239323426326, 48.25562275595604, 45.388719301488216, 56.842586335649834, 66.10671267150647, 72.49801518358798, 73.57047135339761, 71.614946179743, 63.950635056876756, 58.25114557980646, 59.785683278341786, 65.60456628933849, 66.29354839140251, 70.4134413872666, 75.76555201165039, 79.44196317817294, 84.68798162986509, 91.684961795207, 92.08004456678539, 89.11397305419564, 85.06191432268595, 79.4749696757508, 73.83943229674236, 67.02498022960414, 71.01685850675364, 78.31291102262952, 83.60518148641002, 89.64764292042358, 84.28542607909087, 79.00619077842306, 71.77993142495914, 40.275346692599655, 38.97505829361453, 46.00137554026302, 56.80132776086887, 72.61991889505558, 88.5187693735021, 96.2225320702496, 109.68347431565073, 119.8570648181823, 126.53331058383783, 127.84095373607494, 121.10411115311332, 119.28681752843613, 115.20912964583323, 114.46000745523673], [19.692164650758453, 13.558239929100642, 6.46158674924426, 7.346468183195928, 0.0, 10.282317991234612, 17.916051220735696, 58.35524377461249, 66.05074970448545, 74.43697863607474, 82.32059758232378, 89.66776147583435, 82.05602403217247, 72.8130379982339, 65.53028861535009, 36.055933203381024, 32.83188827041256, 29.102719518059217, 26.727389043088852, 24.638130643069925, 21.63049820996535, 21.44970409523101, 24.361993191002206, 27.09881900809216, 30.793167253356025, 65.11577272560237, 73.81919477287228, 80.38010881778003, 88.55207502568737, 94.09965444001625, 92.07556494094003, 86.05091072710036, 79.78369399097421, 72.6130950073559, 66.97886381056537, 37.234793768502385, 36.17453596902355, 41.13726005878527, 39.21142331840155, 50.73451685437247, 59.56510404826923, 65.7804919049164, 67.07503027716439, 65.29563664716892, 56.90571076640152, 51.46921432887588, 53.35696663489008, 62.27996041820268, 61.833061512547204, 65.1577154881251, 70.2457319459127, 73.72619713521175, 79.06714787417997, 86.39416769598624, 86.86008260420229, 84.18911997894133, 80.32945609354547, 75.06348402594207, 69.90526413578303, 63.356683669734984, 66.26478670250913, 73.03786874992447, 78.09835810162973, 84.27708582648064, 78.82229785605509, 73.78666150316492, 67.0899355234285, 45.72021102136479, 45.856003938033695, 51.84880923703627, 60.927887806915486, 75.49296335671382, 89.78653973074894, 96.34835432999955, 106.8760918219334, 116.57112715474317, 123.13983642664098, 124.6353573610033, 117.76479753646024, 115.5229288152936, 111.48348231863807, 110.40465778390055], [11.782153336450767, 9.449250840218394, 12.159294655001416, 17.373569138318505, 10.282317991234612, 0.0, 8.64641483561077, 48.777504885326906, 56.551682009886214, 64.90156374728917, 72.83703414000247, 80.54027062187811, 72.53595895792145, 63.155358717877974, 55.93200101115963, 29.811846412039912, 28.605311472835194, 27.547041645935956, 29.079522097656092, 30.54735437725438, 27.92024508203051, 23.60360189485285, 21.741430659174775, 22.013390854577175, 23.91679285211261, 55.84942707609927, 64.56214372094728, 71.26151113659321, 79.59616029290873, 85.31187335301145, 82.98297068905178, 76.67730611974969, 70.34485554762696, 63.093563177365986, 57.47657130716074, 28.177760017904102, 25.943160654991363, 31.680419556854435, 31.447360366681494, 43.25970750061186, 51.478559914014255, 57.10099395684758, 57.96874326242247, 55.790533641377095, 46.78917067447985, 41.237802031900536, 43.660990959002206, 58.99621585810911, 56.87247242487519, 58.82196106490224, 63.24735693074179, 66.12492520231037, 71.18410603445199, 78.57711759190204, 79.58766296567231, 77.62181954934427, 74.30242066335659, 69.84877854033675, 65.56790831723916, 59.50754122378488, 60.69334907119103, 66.36718698030455, 70.64490571300743, 76.49864142675032, 71.43793645592581, 67.19234931609614, 61.59687233163121, 53.21912826180013, 54.2690163174308, 59.18564080140539, 66.21245265315515, 79.39020590704361, 91.50955936016031, 96.47144432014726, 102.98678241277412, 111.01245100963604, 116.8612986398877, 118.2413908003134, 110.9577302568079, 108.01178472804979, 103.99116042416517, 102.71021697763234], [6.558225284685028, 11.287172903414481, 18.452559022402177, 24.23636058773423, 17.916051220735696, 8.64641483561077, 0.0, 40.485824121297, 48.1870020356502, 56.56678335979095, 64.46830580106244, 72.14898125539798, 64.30812552898193, 55.001657445409734, 47.713091477737315, 26.503474143175744, 27.163500895555327, 27.969255393430807, 31.35120449647122, 34.434340425482034, 32.36313939824163, 26.95469640417898, 22.475633494258336, 20.559518521502834, 20.37730323750238, 48.34091489730431, 56.753199668406225, 63.162627989172535, 71.18581473391357, 76.73920437004452, 74.46881072598423, 68.34547076041869, 62.207006733271264, 55.067986010141325, 49.59949880578641, 22.21249551914942, 20.25070621612762, 28.797213446791357, 30.33377517720506, 42.343475096579446, 50.02213540312925, 54.63371450492908, 53.99641249282734, 50.21274322725086, 41.39377961686131, 34.17334971743662, 36.11407466351102, 60.55463702928754, 57.47699083974089, 58.311544075401066, 61.892079251884766, 63.86721895787574, 68.03632003372738, 74.76433684848806, 76.91739197437305, 75.87082358084422, 73.29887240411212, 69.85128104897838, 66.33818159960822, 60.6720705705613, 60.68160769169475, 65.17372256700786, 68.23327284250936, 72.98386825327965, 69.0818251001535, 66.03991656273747, 61.61339731745942, 56.279777876686715, 58.072511465136806, 63.26054793754806, 69.66161229787926, 82.73664275113434, 93.87503019011343, 97.99089019247798, 102.42506295605293, 107.75917802879884, 112.040414187742, 112.50113740188361, 104.25145912713177, 100.23795921624085, 95.64988985798013, 94.11273757525039], [40.711587814795635, 49.04839621152796, 58.317510945134565, 64.24190321313549, 58.35524377461249, 48.777504885326906, 40.485824121297, 0.0, 9.049221596709133, 16.923864289303463, 24.156443939555878, 32.68543290209149, 24.117542625710627, 14.823753574966432, 7.5466563176724835, 43.25991463131219, 49.90319070682368, 56.02973711250275, 63.68324164546209, 70.06155074603305, 69.0621777155155, 61.59436576274376, 52.83655455404303, 46.95965555051975, 41.18773195218344, 23.030549467663594, 25.886366994807613, 29.38412949392869, 34.696474297954296, 39.1777803429534, 35.7928498234761, 30.03306803970092, 25.94863262795874, 20.470351458108063, 18.47244869539623, 30.805256927255076, 28.52295883162078, 36.260296860761564, 43.40583015230801, 49.05819428537983, 50.750206709931305, 48.94581931212026, 41.347182127861885, 30.25935445053516, 26.567358767101727, 15.64437500948267, 16.524257379557028, 73.57430308856478, 66.42165979529494, 61.730478043156324, 60.48578998371711, 57.703956831218086, 56.90535546458767, 59.70801807949603, 66.86729344281775, 70.57760069403257, 71.93977066405314, 73.659390175636, 74.45372176786411, 71.86657348050923, 66.09375435601986, 63.96712850140995, 60.64889996633877, 59.53102639945192, 61.6246497043286, 64.87716449027366, 66.97958125198585, 88.91374663017078, 91.54531763913174, 94.94193239433675, 96.96132293735569, 106.53776684842522, 111.26207744960021, 110.42999081544868, 101.89974074727513, 95.15690200840467, 92.29698906978508, 89.38642329227176, 77.35432241888962, 67.76310198365479, 61.790964846718396, 59.676151923651624], [47.62420224688756, 55.88354804929956, 65.47587395446595, 71.88488634989767, 66.05074970448545, 56.551682009886214, 48.1870020356502, 9.049221596709133, 0.0, 8.402781747907895, 16.65083343518639, 27.158831599923772, 18.905791977742957, 11.07898600073459, 7.537942857033674, 47.14376898668302, 54.11218604345359, 60.695587292635125, 68.80533340044687, 75.8430311649499, 75.11657716365829, 67.29435799595198, 58.19092613525942, 52.12754812761961, 46.121622119761454, 19.2027979355779, 18.92106991473606, 20.915421017868823, 25.754753160940997, 30.740011348466236, 27.209933228214915, 21.05986961489814, 17.221644495212356, 12.844025107762597, 13.155975254962476, 35.79014990541188, 35.672425493638094, 43.68358141841985, 51.852921748580634, 56.761873978361855, 57.2385097587074, 54.51929546156335, 46.85938242556586, 35.679427043433435, 31.89321654006466, 21.590022537182143, 18.7367968333154, 81.94257281330103, 74.38896008914053, 69.06279815167133, 67.22750259952954, 63.86783105901165, 62.43230106605539, 64.5466057872142, 72.32724224005469, 76.75572557405759, 78.6542302259363, 80.98739040060082, 82.29892860574125, 80.08263775420673, 73.68275746428641, 70.72602921302278, 66.60906612889565, 64.654498140895, 67.58282830326729, 71.6336573049096, 74.55955451912918, 94.26775633323767, 98.51685849019697, 102.9191607685236, 105.36048966346782, 115.15215987744763, 119.6694052232467, 118.50367671272679, 108.52709270564687, 99.71287431546052, 95.05713704525786, 90.94602411678437, 77.55980909783645, 65.37189100891577, 57.317934190019606, 52.57767440122436], [55.92041536318579, 64.1444566611628, 73.80621801309977, 80.28259924057869, 74.43697863607474, 64.90156374728917, 56.56678335979095, 16.923864289303463, 8.402781747907895, 0.0, 8.95912697339562, 21.23784494720257, 13.416907783976306, 9.660465350823788, 12.123273335370484, 54.24087107471341, 61.364468554599014, 68.19009793010446, 76.52970957769898, 83.81788927583284, 83.18178693444167, 75.20623657146649, 65.93890703372855, 59.799255624228074, 53.701184355273675, 21.99454820118979, 17.898039177954274, 16.922647773322147, 19.36032462010692, 23.933603648968095, 19.667308993869547, 13.428580190866569, 11.871130228040883, 11.395778785147334, 15.394373173924395, 43.30583452914305, 43.35213839201149, 50.435468621815204, 58.76564553104312, 62.58853272060187, 62.008152563959314, 58.330721775382614, 50.178231909815935, 38.944003084163846, 36.650567101833175, 28.32376589851415, 25.39915978577634, 87.79464334901729, 79.84718554670403, 73.85894660811248, 71.31158595776695, 67.28080887792447, 65.00247604181484, 66.21392773841279, 74.62218261172629, 79.81172584691035, 82.34872388965927, 85.46007741961397, 87.41960458157183, 85.72817740690147, 78.64090296381042, 74.70738447536178, 69.64104424456252, 66.65213740623278, 70.591181468295, 75.58715097935413, 79.48263751417551, 101.93249530857531, 106.46022573380768, 110.76727253496561, 112.7835887884988, 122.0889137340163, 125.7145648049872, 123.8301423037045, 111.74262699398393, 100.79922149197547, 94.60213808880455, 89.71658516395611, 75.58633040551933, 61.682166388891375, 52.901722641464225, 47.13243458996592], [64.17561208448386, 72.46454530586603, 81.95075159284279, 88.03977329879343, 82.32059758232378, 72.83703414000247, 64.46830580106244, 24.156443939555878, 16.65083343518639, 8.95912697339562, 0.0, 13.205508099547966, 7.601320998708646, 11.849566648820112, 17.699528256040324, 63.17311056887119, 70.25668711981558, 76.98317749310618, 85.10953949946445, 92.13382555269408, 91.50527079040293, 83.8313110427669, 74.71020792577986, 68.61424551032077, 62.554265570978295, 30.249318626771643, 24.48615790107997, 20.794281451379995, 18.051396294580567, 19.243133155672183, 14.336032091280034, 11.717534615329415, 15.672631425324116, 18.72781614531692, 23.78462637386743, 52.14209280027639, 51.45350624931463, 57.45592867966373, 64.91063109783698, 67.86961140978903, 66.91940014089685, 62.53902526543854, 53.29215465767819, 41.70466466315717, 42.532251335506295, 36.03266213219795, 34.270279876684654, 91.80989353683917, 83.8593563396064, 77.54467602447329, 74.34621031766369, 69.64750209927881, 66.20351899779376, 65.94601084718887, 75.20039701577886, 81.12762917553377, 84.3610156007131, 88.30512469893625, 90.81488258907092, 89.60234952784656, 82.20666430413061, 77.44290346302355, 71.34970298773852, 66.88469756475975, 72.2417716954311, 78.25419017848687, 82.97632217831688, 109.43066115027148, 112.98855966364881, 116.46690864756515, 117.53884355415052, 126.07145085923696, 128.5354174274935, 125.8532492902858, 112.03166299111483, 98.39440687884392, 90.35758248318805, 84.52060324121494, 69.73578697919864, 54.6175801419847, 46.11826098123433, 41.79093062959811], [72.58920874271999, 80.92836296546147, 89.84888713838997, 94.95236777764904, 89.66776147583435, 80.54027062187811, 72.14898125539798, 32.68543290209149, 27.158831599923772, 21.23784494720257, 13.205508099547966, 0.0, 10.738912309401817, 19.702881062876383, 25.714873650509833, 74.09862724033482, 80.87397715425595, 87.05233751879166, 94.34466810494327, 100.44633352202821, 99.78778688010888, 93.08487723634549, 84.57639812309196, 78.71966393853204, 72.90010802102498, 43.03516244902599, 37.31784809243488, 32.55358266185737, 25.916313948320003, 21.413739674251037, 18.39139142938576, 22.086221160229833, 28.244508937132434, 31.747848597063925, 36.54178971079453, 62.73778176106576, 60.81823201936631, 65.83770517286386, 71.15615354272046, 73.71382348067758, 73.42989190846751, 68.84954168713928, 57.9115497218454, 45.67622927486223, 51.09939071235442, 45.89097762043492, 45.73993535271284, 94.3782653584608, 87.14417685253625, 81.13788084922491, 77.49797641915903, 72.25069743491336, 67.25905560593323, 64.64720529071501, 75.05260108320095, 81.58216288137262, 85.52268474453624, 90.2695081925913, 93.0681800183123, 92.1828525139154, 85.21386650932354, 80.00320500633995, 72.91097620888551, 66.36095222728008, 73.68961750315732, 80.68445153612802, 85.85663481611503, 115.89510000279199, 117.02656266983706, 118.90769811931727, 118.49858592724128, 126.02419317614743, 127.14082422944308, 123.70612775423989, 109.25191637789332, 91.82892438871237, 81.09082070196953, 73.52662225535911, 57.6777418529437, 41.54001498230915, 34.73012000568375, 36.87338432536599], [64.78850874989244, 73.13599757942197, 82.28342947130545, 87.7675712719261, 82.05602403217247, 72.53595895792145, 64.30812552898193, 24.117542625710627, 18.905791977742957, 13.416907783976306, 7.601320998708646, 10.738912309401817, 0.0, 9.717213584546291, 16.700135999789012, 65.86594215032407, 72.86371806847964, 79.37278141534367, 87.21002724295751, 93.68419904688015, 92.83785527462645, 85.48686417523611, 76.57870942943954, 70.56483832546895, 64.59306184861497, 35.09223911956792, 30.65377454191138, 28.030261880025826, 25.48132232995191, 25.172897244784895, 20.55855557134153, 19.17764809920784, 22.562917416335637, 24.259314672804464, 28.42985187418568, 53.9141358434209, 51.3494057260414, 55.8498795926828, 62.00760120526058, 64.3018144179765, 63.539112507090444, 58.978367291104995, 48.70636985172599, 36.73978021673112, 40.59832372989491, 35.87178036548151, 36.648307046029316, 86.8234381023958, 78.99452412537481, 72.6533401357807, 69.16503781348163, 64.17570718085967, 60.09295334565031, 59.09596266037715, 68.71698539648884, 74.8677627864953, 78.3889296057813, 82.7204303083346, 85.4738646666897, 84.54181626238893, 77.10643636656287, 72.00976978991667, 65.4535312859484, 60.2549244260217, 66.30514909449288, 72.7674694384554, 77.81895930987422, 110.98276313055159, 112.56233770792035, 114.44794465793757, 114.2404541500466, 121.70516252775136, 123.08328629436748, 119.7954708281621, 105.03161786845415, 90.8375464748134, 82.96000528135498, 77.68250196784665, 63.71998189491394, 50.43869253861223, 45.102793921397335, 45.32436561231537], [55.48181928656027, 63.80726927863218, 73.02411607943684, 78.7052399885052, 72.8130379982339, 63.155358717877974, 55.001657445409734, 14.823753574966432, 11.07898600073459, 9.660465350823788, 11.849566648820112, 19.702881062876383, 9.717213584546291, 0.0, 7.372975978138409, 56.84259371599179, 63.82566873308157, 70.33914674270002, 78.29116214932981, 84.82691730991894, 83.86897510543656, 76.29786310027448, 67.31386186279587, 61.291736165393864, 55.32602406756861, 28.46704507789795, 26.428650932742993, 26.487735237155288, 27.933769795729056, 30.38677319132533, 25.90868196430758, 21.454199596502896, 21.042008743281926, 19.554435920870873, 21.939279309285343, 44.513531990723955, 41.63461437209061, 46.57942648508049, 53.2741302053857, 56.30808549128141, 56.03128133163497, 52.17883930250418, 42.68830442889674, 30.704917503589556, 32.14533108124729, 26.26416845943511, 27.681689002275007, 80.08505537042538, 72.21164110012083, 66.17448172617698, 63.336426589329605, 59.0192185078812, 56.16185196804291, 56.84108937885604, 65.53512774498333, 70.87196192416437, 73.64732116764361, 77.1219647740618, 79.32497522774558, 77.92089990983517, 70.75247412693572, 66.49391104612101, 60.99812053576099, 57.41870485893368, 61.917834840873006, 67.32532846330787, 71.53945767191065, 103.10327501804215, 104.99953304582425, 107.2056125819027, 107.59870009599621, 115.57650647751574, 117.92738367538844, 115.35644500857887, 102.26265710269286, 91.2613438122519, 85.78227490021939, 81.90067904611024, 69.05343686487552, 57.720178079070905, 52.545830690057336, 51.75114723624576], [48.18063888787767, 56.51730415179222, 65.69625891524224, 71.38773630088862, 65.53028861535009, 55.93200101115963, 47.713091477737315, 7.5466563176724835, 7.537942857033674, 12.123273335370484, 17.699528256040324, 25.714873650509833, 16.700135999789012, 7.372975978138409, 0.0, 50.38373869055393, 57.18233605510331, 63.46099266294222, 71.19145543918059, 77.5561712007638, 76.5672828639918, 69.13786933029945, 60.32211524525006, 54.39288968835271, 48.54172324262215, 25.60719184585358, 25.879314517779854, 27.64982047779529, 31.050595231922447, 34.48441580474986, 30.607723041182417, 25.49644272080756, 23.105777337247474, 19.385213886738033, 19.694014945509053, 37.93333415236142, 35.10598719240788, 41.16755816276808, 47.87443159744269, 52.149048675406206, 52.922366270279646, 50.048939544740215, 41.20812053276021, 29.28310522944816, 28.727612439309137, 20.64265549751945, 22.16264893600571, 76.1501913014451, 68.65606966871455, 63.28751687640315, 61.206070960856344, 57.59978047536436, 55.67278832622248, 57.33180142314054, 65.36557210205864, 69.92053588419465, 72.0257974909942, 74.6749455455094, 76.19050718417508, 74.20490187235197, 67.73700561231465, 64.50693730304016, 60.02057955311512, 57.56044151850618, 60.97001008768594, 65.37496468465471, 68.56886860926669, 95.97667667460652, 97.97491202357408, 100.58976797878258, 101.63797928679662, 110.32890045243876, 113.76846710023706, 112.01853952359794, 101.20760974813663, 92.22122300797066, 88.04011582410331, 84.63755563624495, 72.20490732481232, 61.906573403798994, 56.46842853802147, 55.33471770071463], [20.60014697405713, 22.823506408485198, 31.80199200496807, 41.559748689859255, 36.055933203381024, 29.811846412039912, 26.503474143175744, 43.25991463131219, 47.14376898668302, 54.24087107471341, 63.17311056887119, 74.09862724033482, 65.86594215032407, 56.84259371599179, 50.38373869055393, 0.0, 7.627981758925882, 15.804974105914221, 26.611617312701718, 36.61089987966069, 36.096997831343295, 25.121439751338574, 14.813287378042663, 9.319555150987574, 6.16043684451176, 36.88232525739898, 46.03501457832512, 53.53395782201724, 63.9387488331129, 71.88195165919826, 69.92679742320927, 62.425114220717084, 54.63415203764745, 47.62975042331064, 41.47296092058089, 13.928752660486367, 25.944416711004028, 38.35095706250393, 47.97191903995398, 57.27713876262393, 60.376263658845886, 63.158647572921744, 64.46300356400286, 60.619094662679856, 45.66824268179009, 35.709631191992464, 29.951086926024402, 82.22361336419219, 76.76298375320305, 75.049244455351, 77.41015961799279, 78.44920288203777, 82.68154459852335, 90.0923967017726, 92.7912907787923, 92.98089138816952, 91.10976456935995, 88.56258260989044, 86.39703910411268, 81.723903943371, 78.97497475694828, 81.46513045012325, 83.48093310747299, 88.2604391087619, 84.46140423986112, 82.48342854429863, 80.03152209834299, 61.105401203287705, 74.18408799951344, 85.25774749415784, 94.61641237256818, 108.74325530218543, 120.18445429091149, 123.86369261639582, 124.39017270321126, 127.87070318881236, 130.05472170240853, 129.03153132095477, 118.14373628261664, 109.13964316648466, 99.93329313119173, 91.09882257173403], [20.96737540442153, 20.355831933033564, 27.713041735102177, 37.53949684590493, 32.83188827041256, 28.605311472835194, 27.163500895555327, 49.90319070682368, 54.11218604345359, 61.364468554599014, 70.25668711981558, 80.87397715425595, 72.86371806847964, 63.82566873308157, 57.18233605510331, 7.627981758925882, 0.0, 8.400437037250443, 19.522985892289476, 29.92940905267221, 29.577661345166153, 18.40839521300333, 9.009546201647453, 6.757030815359732, 9.630401486475941, 44.272600022092774, 53.2850661663646, 60.58217800067645, 70.76763787607393, 78.53702909340359, 76.82407359104926, 69.57282392470002, 61.892009501221644, 54.97140072512585, 48.85968559559542, 20.551810239620014, 31.158634120299322, 42.73659822472521, 51.016152620920884, 60.833290696747305, 64.69367621120844, 68.19694095930804, 70.01689919798116, 66.6156162824051, 52.022848155940444, 42.542052719460315, 37.337119730774006, 84.0197759643292, 79.37383791761849, 78.52148083612522, 81.46577554620407, 83.04006967800288, 87.67968703413979, 95.29377975947817, 97.54423904914367, 97.18687025714998, 94.86420349597809, 91.67635855507925, 88.9031284421924, 83.83194440322264, 82.05645507243794, 85.40316289984465, 88.11769767638623, 93.35946784271508, 89.06907886224863, 86.39520887452144, 83.09431237837106, 54.917807914851814, 69.44419975374073, 81.77011399060987, 92.3950339449385, 107.3192145485682, 120.01245925858605, 124.6125651058951, 127.43496575151953, 132.19570091698023, 134.98161441662268, 134.09329640431196, 123.43459571380454, 114.89662688890533, 105.6303196760463, 96.88124594445944], [22.050055726101917, 18.50604795737885, 23.14972804770419, 32.52751488236335, 29.102719518059217, 27.547041645935956, 27.969255393430807, 56.02973711250275, 60.695587292635125, 68.19009793010446, 76.98317749310618, 87.05233751879166, 79.37278141534367, 70.33914674270002, 63.46099266294222, 15.804974105914221, 8.400437037250443, 0.0, 11.220568776107603, 21.839027659714613, 21.702982370938262, 10.9137184038395, 6.306539915926084, 10.332025664120467, 15.932517695428462, 51.97946884746203, 60.83075503042195, 67.82250951168697, 77.57227297131992, 84.95938109630143, 83.51047527281861, 76.65723973654059, 69.21857823186899, 62.3632915021526, 56.324538588555114, 27.49985080851729, 36.6784646013125, 47.558647849048306, 54.036982458121365, 64.47705979852275, 69.37822620351736, 73.57223731077364, 75.48458943820395, 72.24231419579425, 58.50506980896597, 49.25499740153714, 44.67681426421988, 85.23913821180854, 81.65009641262654, 81.81796064412363, 85.34290753052206, 87.40605626720654, 92.28415681509327, 99.88354420537144, 101.81370546409565, 100.92015169547412, 98.18128656497385, 94.38554690743739, 90.93922329473928, 85.41523650510752, 84.83380312759296, 89.08600400100953, 92.41729562626061, 97.91423639730071, 93.33039745521474, 90.03641301067042, 85.83592540086414, 47.15767999637193, 62.75068378279027, 76.34071389331335, 88.29381412369517, 104.13133733952724, 118.20307014434356, 123.84133370523107, 129.44949809430318, 135.28601096896148, 138.57502195867542, 137.73359720582087, 127.347911169055, 119.48489235973602, 110.34546398401424, 102.16559864076268], [26.468402709137568, 20.541071573166597, 20.273950215328856, 27.581492369465654, 26.727389043088852, 29.079522097656092, 31.35120449647122, 63.68324164546209, 68.80533340044687, 76.52970957769898, 85.10953949946445, 94.34466810494327, 87.21002724295751, 78.29116214932981, 71.19145543918059, 26.611617312701718, 19.522985892289476, 11.220568776107603, 0.0, 11.03520891820962, 11.718166326816243, 6.776153847133784, 14.087355434676796, 19.768346162496467, 25.669995636432038, 61.69475237062586, 70.26662125369128, 76.78835303433809, 85.8462284608233, 92.62734046441726, 91.53992332621277, 85.29370048022427, 78.25485233430466, 71.53506523274824, 65.64929772955978, 36.99590077976388, 44.714836187676696, 54.889754960935164, 59.073367405471785, 70.17179803248005, 76.35779322470641, 81.21842725537883, 82.86810659366117, 79.54343842936177, 67.16894416113456, 57.99578475145666, 54.02338946836794, 87.51276341018725, 85.36465399488492, 86.79607822476403, 90.92690585798184, 93.46083711867306, 98.41376589700671, 105.7518531757847, 107.4645993643472, 106.00811120099462, 102.86116313413986, 98.44510372016268, 94.20497228115671, 88.15035323459536, 89.1109756146937, 94.37338211123576, 98.27637311790461, 103.82175145993519, 99.13628429628153, 95.26028319270897, 90.05245646960687, 36.34056844747575, 53.317751419473076, 68.8023049750353, 82.5944029077188, 99.72067052832452, 115.61035781751481, 122.61681107293647, 131.97713053302715, 138.74888671686585, 142.42150105640778, 141.46854428850392, 131.37703251289307, 124.37583510432971, 115.43274508506256, 108.173314781501], [31.15063626521096, 24.106898856640484, 19.094302410953325, 22.479863767814187, 24.638130643069925, 30.54735437725438, 34.434340425482034, 70.06155074603305, 75.8430311649499, 83.81788927583284, 92.13382555269408, 100.44633352202821, 93.68419904688015, 84.82691730991894, 77.5561712007638, 36.61089987966069, 29.92940905267221, 21.839027659714613, 11.03520891820962, 0.0, 3.2945137639610786, 12.98568266018668, 22.985235440124452, 28.743906808248738, 34.577538245836784, 70.70427906670949, 79.13660290075687, 85.34507083092834, 93.76954045778373, 99.90434919287961, 98.95860496919184, 93.20405218797713, 86.56460619099572, 79.86688794539316, 74.11053892084693, 45.28652284188709, 51.075935428233265, 60.09855540236018, 61.851699024314414, 73.32544815973397, 80.74996493526794, 86.25140801687964, 87.64409459387197, 84.46113594090471, 73.64810579529284, 65.00693283663426, 62.19079152606461, 86.88441717618073, 86.21569118802762, 88.91281546446508, 93.61565003166385, 96.62715038317116, 101.65142893002792, 108.72348279059428, 110.08989266623713, 108.0208814008955, 104.46639600371535, 99.45891601059901, 94.46970118342246, 87.97048127177825, 90.47315158792642, 96.70753679942057, 101.19138394783926, 106.81522165000794, 101.98443630204103, 97.51708204782165, 91.33884071252609, 27.32168766153045, 43.11877924417984, 59.557442826805065, 74.68583578459828, 92.68753694671842, 110.05757860765277, 118.2700329682756, 131.16894389765756, 139.10973364613568, 143.48568082189132, 142.7693771211687, 133.41338108244136, 127.83813762516188, 119.78982614160364, 114.22210181459867], [29.46399252902344, 22.026334129008962, 16.20000979454923, 19.548757065360192, 21.63049820996535, 27.92024508203051, 32.36313939824163, 69.0621777155155, 75.11657716365829, 83.18178693444167, 91.50527079040293, 99.78778688010888, 92.83785527462645, 83.86897510543656, 76.5672828639918, 36.096997831343295, 29.577661345166153, 21.702982370938262, 11.718166326816243, 3.2945137639610786, 0.0, 11.820506286486548, 21.97446924157241, 27.773482306339496, 33.643681512886104, 70.3102784052568, 78.8790129397668, 85.22620088574143, 93.7332743797099, 99.87249680061946, 98.75640825031937, 92.8852893714668, 86.21612017801637, 79.39955033660202, 73.59748374240625, 44.1690766743376, 49.240926639360445, 57.73242682857476, 59.12561732220115, 70.5392201337373, 78.08074012812493, 83.73429361015509, 85.30195909091206, 82.43362537650918, 71.74119265757761, 63.55997810822424, 61.322225514110215, 83.79653006825635, 83.18668084539664, 85.9995268223533, 90.8020051537118, 93.93998056384754, 99.1009321082021, 106.30218078283526, 107.44849805647364, 105.23620190429818, 101.58214571769534, 96.46210516932628, 91.41230685328088, 84.90308514523458, 87.49565176743508, 93.8611802531523, 98.51646291378943, 104.33158888662898, 99.29921025546923, 94.66308714739631, 88.35630082477742, 29.381088929347598, 42.91750541143184, 58.19957244236754, 72.78408588220732, 90.39878780249792, 107.50638036869036, 115.59625128844989, 128.3232172147159, 136.76276050952032, 141.57056845635447, 141.23291676813517, 132.2577087097923, 127.15143869105468, 119.63341659718877, 114.59537368572529], [22.660622445130077, 15.708770908541666, 15.112624791245333, 23.344800942625792, 21.44970409523101, 23.60360189485285, 26.95469640417898, 61.59436576274376, 67.29435799595198, 75.20623657146649, 83.8313110427669, 93.08487723634549, 85.48686417523611, 76.29786310027448, 69.13786933029945, 25.121439751338574, 18.40839521300333, 10.9137184038395, 6.776153847133784, 12.98568266018668, 11.820506286486548, 0.0, 10.626974004449997, 16.87467039757971, 23.105110222089014, 60.749646252555586, 69.66201161244686, 76.53648720300934, 85.83358979115731, 92.6726478961733, 91.19226318727742, 84.63915134009552, 77.49397613780793, 70.49421450043424, 64.48373723449585, 34.194424664945515, 40.41327423383521, 49.50316637556517, 53.2633282679794, 64.18821863846277, 70.47662839264048, 75.64485939793224, 77.79579453264833, 75.21312366676882, 62.843406757228365, 54.70443743761039, 52.00559241203536, 81.38846133300781, 79.18108570695794, 80.71597046208343, 85.02067014942884, 87.80577347301136, 93.09432674967125, 100.78615843672291, 102.01977539988124, 100.2935006640844, 96.95274858545685, 92.33209524291718, 88.03835862048003, 82.017561531103, 82.98691053407079, 88.44520371996094, 92.69756093388828, 98.703172615004, 93.54301493200771, 89.32587854739688, 83.92806563719346, 40.11397845999776, 53.71290145391065, 67.07309688999801, 79.68700366468798, 95.89632418108525, 111.09839691929808, 117.74775903351502, 126.43151998624829, 134.23164785591308, 138.8037461606717, 138.66044337312027, 129.34233905562655, 123.2551702091458, 115.39779028389897, 109.17514656793199], [16.936566361563287, 13.157223011882445, 18.98496017350268, 28.79249627473495, 24.361993191002206, 21.741430659174775, 22.475633494258336, 52.83655455404303, 58.19092613525942, 65.93890703372855, 74.71020792577986, 84.57639812309196, 76.57870942943954, 67.31386186279587, 60.32211524525006, 14.813287378042663, 9.009546201647453, 6.306539915926084, 14.087355434676796, 22.985235440124452, 21.97446924157241, 10.626974004449997, 0.0, 6.402841944152691, 12.737316843994032, 50.690980225094734, 59.79189511558749, 66.98105144007079, 76.72411311911348, 83.9635930072091, 82.19005192228406, 75.20873022127161, 67.81089270958724, 60.70585029381674, 54.59851995746254, 24.05904045273556, 31.60258911519202, 41.84318587249291, 47.85286799216596, 58.353353430809605, 63.55437730349379, 67.99073366485524, 70.00010904345797, 67.15845103881843, 53.73151739447506, 45.228797808616946, 42.044762995148325, 78.96749845027377, 75.3526298124047, 75.61301053670962, 79.24519567923441, 81.44929119538399, 86.47648092294645, 94.22442524439053, 95.89430949101958, 94.83116237079773, 91.99419210913437, 88.11329987792064, 84.63808778342788, 79.12432570891944, 78.5679237464644, 82.94884217397046, 86.46341706255018, 92.17776981023756, 87.36469373425885, 83.89123642119391, 79.56695595602724, 49.25075724301104, 61.84914056788722, 73.59688449417551, 84.4202381891236, 99.50319268752288, 112.91237337408336, 118.2034569294577, 123.30817177918223, 129.68774984880525, 133.59379558838612, 133.34631985465614, 123.61877248995565, 116.67593478311595, 108.6269737441612, 101.76226745181663], [14.574689382177722, 14.214564850900851, 22.58793413962636, 32.415642649114105, 27.09881900809216, 22.013390854577175, 20.559518521502834, 46.95965555051975, 52.12754812761961, 59.799255624228074, 68.61424551032077, 78.71966393853204, 70.56483832546895, 61.291736165393864, 54.39288968835271, 9.319555150987574, 6.757030815359732, 10.332025664120467, 19.768346162496467, 28.743906808248738, 27.773482306339496, 16.87467039757971, 6.402841944152691, 0.0, 6.337250539461813, 44.42652736028969, 53.59519862569658, 60.893316275429, 70.76875502335552, 78.1305810851534, 76.20070955720401, 69.05582454589697, 61.59125903662046, 54.434673182215796, 48.301508550894, 17.74976758157619, 26.367639268151294, 37.651159757849946, 44.93203443133827, 55.18723359288032, 59.813196992707994, 63.68844043355737, 65.26084377540019, 61.9938022884112, 48.207103622759064, 39.2192783291272, 35.69541357546991, 77.57067943517528, 73.2037830260916, 72.70870669816205, 75.86042807952431, 77.61383872369136, 82.31068953858298, 89.90577629952236, 91.99121607935766, 91.40305721618147, 88.94924276755047, 85.61211021705687, 82.65114320049467, 77.44986167514058, 76.02889590643233, 79.69155352419398, 82.61597067870284, 87.94476339239958, 83.54789493305866, 80.66307446306556, 77.05197162885088, 54.25312218785667, 65.94763118384306, 76.75489755478536, 86.52749414767001, 100.99955341403663, 113.36034598500945, 117.8631843811311, 120.99351803728607, 126.21002978364923, 129.54302077012244, 129.11536304197406, 119.10686518388876, 111.68689202124462, 103.58014520329827, 96.55229800608096], [14.628087665376531, 17.52025488172375, 27.088467352182942, 36.64278666643185, 30.793167253356025, 23.91679285211261, 20.37730323750238, 41.18773195218344, 46.121622119761454, 53.701184355273675, 62.554265570978295, 72.90010802102498, 64.59306184861497, 55.32602406756861, 48.54172324262215, 6.16043684451176, 9.630401486475941, 15.932517695428462, 25.669995636432038, 34.577538245836784, 33.643681512886104, 23.105110222089014, 12.737316843994032, 6.337250539461813, 0.0, 38.256359322951276, 47.4880371545935, 54.88938408297118, 64.88084280634217, 72.35226459836298, 70.25595805939676, 62.94940741232646, 55.427674230084776, 48.21706468111195, 42.06173843596359, 11.59372881468538, 21.790710383935007, 34.21448449055724, 42.774052781101176, 52.65076445940883, 56.63666625984048, 59.85596416939182, 60.873272173560586, 57.0875315601894, 42.99773555123161, 33.384401135138205, 29.39733301890428, 76.65548156752739, 71.5652803027972, 70.29419201983725, 72.91348895713483, 74.16432988301607, 78.46120143318396, 85.83828988848934, 88.38755827747302, 88.31317800962694, 86.28004268366529, 83.53347647212499, 81.11429468198462, 76.25627726795872, 73.9681737159777, 76.85493334165918, 79.12040044450501, 83.98523659606856, 80.0812009441054, 77.85158039613842, 75.00911212842325, 59.32756584250176, 70.1665312257152, 80.0891143398902, 88.85121462088105, 102.70689007332332, 114.02600059602075, 117.74939042815802, 118.9270598326212, 122.8894700451214, 125.5911238451086, 124.95142263297816, 114.6479812193712, 106.73005091456598, 98.56992285606978, 91.40315003674132], [45.582993291519635, 52.78600201478856, 63.01163034601528, 71.27053214091168, 65.11577272560237, 55.84942707609927, 48.34091489730431, 23.030549467663594, 19.2027979355779, 21.99454820118979, 30.249318626771643, 43.03516244902599, 35.09223911956792, 28.46704507789795, 25.60719184585358, 36.88232525739898, 44.272600022092774, 51.97946884746203, 61.69475237062586, 70.70427906670949, 70.3102784052568, 60.749646252555586, 50.690980225094734, 44.42652736028969, 38.256359322951276, 0.0, 9.551669315874422, 17.878423704951786, 29.29127689669597, 38.277585260844575, 35.36090292160183, 26.725467226695155, 18.368076600162706, 11.873286823220052, 6.670970532946311, 28.960681268900583, 34.46587713845922, 44.60320157602136, 56.36884837783812, 61.60921248975411, 60.67777112577198, 58.53329428582287, 54.919008455866354, 46.94240669660338, 35.41625499245437, 24.13303959895276, 13.443819722833126,