{
	"dissimilarities": [[0.0, 9.001664442893988, 17.841591657217215, 24.833436919577984, 20.81224730884877, 11.78547008306826, 6.409108678692615, 40.94105014166234, 47.72297269932016, 56.07301808802521, 64.2884080486149, 72.52668510704038, 64.91411646080188, 56.61701769399122, 47.248588900662135, 20.784342243145584, 23.125561746977283, 23.71748305530302, 28.042941037188395, 33.78583678166604, 29.58372644876956, 23.852072191965497, 18.13566409745805, 15.774213964574527, 16.1467057796968, 46.168487599058764, 54.79105954699287, 61.46191143292823, 70.27386990333608, 75.71099001360025, 73.60631303325815, 67.57732134374977, 61.11111449748652, 53.72322658953858, 48.13968932985462, 16.857857051365222, 23.855954290472162, 35.2217596099055, 38.084832064361805, 48.410211623741205, 54.510259085561074, 58.46469913676433, 59.33696069406471, 55.22386255677111, 45.98685827985722, 36.29429803879032, 33.90959002255961, 67.93450559008203, 64.34108446936078, 62.52416903016434, 66.8008390182139, 67.6913183534545, 74.04653078246808, 82.07311357419047, 81.28546060593155, 80.7059368966294, 78.17394615328475, 74.86242353640878, 71.31443486847155, 67.96529243696983, 66.5764001858533, 69.89396211695818, 73.49857681577672, 79.22955616494134, 74.310980152382, 70.68264783720853, 67.48763832766065, 54.3815074015866, 58.818149243778585, 66.06001106606699, 73.98785341298151, 88.02174629557852, 99.1982666565626, 99.8156638207514, 105.593019205428, 112.85194558204937, 118.99806567066061, 115.21871375895066, 104.10350008638, 100.68910098463944, 96.09644890304965, 92.89431605815396], [9.001664442893988, 0.0, 10.335967644010937, 18.930117121733, 16.302759651738874, 11.602966689409953, 12.86431749162446, 49.60833701328092, 56.02335622901603, 64.21037012257288, 72.60364916299318, 81.17190066794026, 73.58184473863695, 65.24603495261587, 55.93581725286531, 21.02492359925163, 20.10533593780619, 17.976611546981708, 20.60581130269966, 26.225468412957852, 21.53543878562575, 15.50401073115631, 12.120571837155252, 13.099068343627115, 16.929581400601553, 52.45591596539715, 61.378211089628586, 68.2934444451881, 77.48967662014695, 83.37753226507216, 81.43638827471774, 75.12625693105235, 68.33331433839446, 60.966423556402404, 55.14547057962545, 23.412734737935295, 30.17766289070489, 40.35033208403629, 43.0184042476808, 53.4795087547402, 59.78921743067659, 64.41381548683343, 66.44124140554867, 63.144649071448875, 52.8303405333678, 43.92451546432326, 41.42367741760557, 71.40586155308483, 68.47462121886706, 67.42743849418905, 72.2917665790658, 73.84269037831383, 80.85942855901153, 89.47240796527463, 88.02554811611603, 86.74966185352096, 83.70629908967284, 79.62970746798878, 75.4549914686011, 71.86090924710332, 71.26938879594043, 75.40501357620155, 79.88071771048666, 86.31912746772727, 80.68560988909697, 76.20129861350566, 72.18371449212881, 48.78744121728251, 55.29479467119389, 64.36013153904878, 74.03194800031771, 88.90107725266938, 101.59325221361105, 103.17283965591362, 110.84527304942172, 120.00088818613568, 127.01739270298411, 123.65317590757871, 112.82864760737837, 109.50298183465448, 104.52031815454191, 100.52649149546565], [17.841591657217215, 10.335967644010937, 0.0, 9.267410154589252, 8.986181122141042, 13.48097853320114, 19.15727656830235, 58.68617909098209, 65.5169561621461, 73.84060599181443, 82.05290244643658, 90.04084988821805, 82.6146037212528, 74.36761352955084, 64.96896464012218, 30.355544575086657, 27.478459051114204, 22.61579294341777, 20.103213496477174, 20.523913471309246, 14.79144803265762, 14.521681295309333, 18.04230447593915, 21.73966202739134, 26.702726178352222, 62.74369947963596, 71.58854064491027, 78.35473672227886, 87.21268372645991, 92.82029179599179, 91.00163988710412, 84.99213127091944, 78.38696810644419, 71.07109041483945, 65.33197849598771, 33.4418698739263, 38.550194745959324, 46.62442589926569, 46.758408089107036, 57.056848755329725, 64.29497259422962, 69.82361177420093, 72.35037314445017, 70.0786129875486, 60.846223121623304, 53.053338705450535, 51.41326762268044, 71.04315953395894, 69.66126265861699, 70.5204089699087, 76.07811708770693, 78.45114148743193, 85.64018422649382, 94.33299805021234, 92.19275173497547, 90.17245131947533, 86.44171123120378, 81.45925139565323, 76.14997221739951, 72.15930105527433, 73.33158620927188, 78.7951333773308, 84.1429642818838, 90.90991885492136, 84.853157928178, 79.48897190530772, 74.15632287511234, 42.003622806590435, 47.09839232208475, 56.58046144412246, 67.60211751948776, 83.28305213697438, 97.69318759361215, 100.82339101578549, 112.08922022153413, 122.8915704232185, 130.92683656314085, 128.39488589791014, 118.49521257278074, 116.31333735272713, 111.98439481701762, 108.94322892099854], [24.833436919577984, 18.930117121733, 9.267410154589252, 0.0, 7.794755900281928, 18.427641717405347, 24.664818867754818, 64.48576171619631, 71.69534741548203, 80.15136693201701, 88.03404079402084, 95.1442999832541, 88.08155799679868, 80.07417771060456, 70.63005268099047, 39.28778524464011, 36.14792017721462, 30.61102471104842, 25.39850345783582, 20.46465232663133, 15.362792480478639, 21.034054900319646, 26.781718198370058, 30.709512716900296, 35.60908823382386, 70.56058939340213, 79.12174689513914, 85.51874635025565, 93.69820825565135, 98.75802042237413, 97.09597686681508, 91.63466686300059, 85.44349182215552, 78.26316314103306, 72.75767729665834, 41.311642561694235, 45.571725925852036, 52.466293906325085, 50.15260692534691, 60.07381482246196, 68.15705799755109, 74.16601055799437, 76.37587436806363, 74.5853109032498, 67.19917866665094, 59.87123642581603, 58.71601841832061, 70.21985574512952, 70.37746076754057, 73.00096800623211, 78.89852016241603, 81.7071205193387, 88.52567309745749, 96.74716629998491, 94.36073089459772, 92.03124011520289, 87.88842899849263, 82.41919051062995, 76.17045545472362, 71.87080075745983, 74.69193687825381, 81.11139516020425, 86.77549957345668, 93.29446903764311, 87.37385418854927, 81.67055838054202, 75.39522071487232, 36.87551555043043, 38.40115873864751, 47.761547378537074, 59.814490920921315, 76.43457976701707, 92.28040163676867, 96.99910054364646, 111.72148517066476, 122.79536849201094, 131.11388652111765, 129.1295172509497, 119.95540987895464, 118.80748081036256, 115.17918683914539, 113.46894386113753], [20.81224730884877, 16.302759651738874, 8.986181122141042, 7.794755900281928, 0.0, 11.757424114660918, 19.200931239512165, 59.5985522026139, 67.29647813007325, 75.84079583301975, 83.67708217456257, 90.84007660614938, 83.30468963259705, 75.12367523026687, 65.74148154245566, 37.21602271835975, 35.556306700317066, 31.377188757007747, 28.880404568147966, 26.914449575307557, 21.286946505525, 23.40962506751582, 26.33892179428653, 29.06844244522147, 33.046526013602836, 66.91216783656456, 75.58088785291353, 82.19304865237721, 90.63478117102498, 95.57616714772315, 93.52968735077116, 87.93072023658195, 81.71557466627046, 74.31195193787785, 68.79989869259308, 36.61698880938895, 39.152006370597334, 45.06927615137897, 42.415670541523994, 52.33790225927901, 60.38815719632317, 66.473644603567, 68.95850800112315, 67.60610660712307, 60.26350678834575, 53.842465134796015, 53.982512372175684, 63.47740256771177, 63.0572961993286, 65.30281328279648, 71.19557782534902, 74.04859491316681, 81.06576243751572, 89.60792836451613, 87.01397324576823, 84.58063972902944, 80.46449816523106, 75.06000913901882, 69.09965332707655, 64.90954455597776, 67.21256044230763, 73.48676095632642, 79.24090405182146, 86.02823256575151, 79.85704814680794, 74.07229385720262, 67.94893274799074, 44.535087631946745, 43.93316725572323, 49.82099251044183, 59.520620422517325, 74.54338601590392, 88.82016973915357, 92.15531413882792, 104.92367075460454, 116.5803646845543, 125.60753690072323, 123.98995685560361, 115.33188078883606, 114.81553659507435, 112.14665166995893, 111.19031461522695], [11.78547008306826, 11.602966689409953, 13.48097853320114, 18.427641717405347, 11.757424114660918, 0.0, 8.657730169404337, 48.79340704544923, 56.62673172919603, 65.14799942281849, 73.06131131549438, 80.6696427712674, 72.6707370880981, 64.28451525636054, 54.98328548059279, 29.95256730912856, 30.83049840641851, 29.32241001093425, 31.070454006082596, 33.617402954248256, 28.164304490488114, 25.35331084038223, 23.21741095371743, 23.32100554344814, 25.304490115514344, 56.48474191756284, 65.19404521337238, 72.00295995090204, 80.79442106596451, 85.8079005345396, 83.40472028574965, 77.52959516080087, 71.213197673256, 63.64014223684687, 58.117875817918375, 25.71402247547297, 27.461405692110556, 34.41375095562042, 33.69214283432706, 44.06166958772408, 51.370435612434704, 56.754838038473764, 58.95330679602265, 56.969466611016536, 48.779870751257064, 42.120676591564745, 42.81920988793181, 60.000384220208545, 57.62630647087174, 57.75213170660222, 63.032037948636415, 65.15816843216803, 72.19050353897443, 80.9138574775215, 78.82212671278157, 77.01838925785044, 73.55214678429793, 69.04348393371448, 64.35925572720896, 60.61980103599556, 60.830807277522226, 65.76862488027623, 70.7904755750476, 77.48069783164766, 71.51103037580161, 66.4730308154398, 61.68281847184732, 53.46284659259046, 53.90347157750741, 58.37992289493492, 65.6865393028181, 79.01553927882287, 90.70419918120739, 91.75577600956969, 99.92303815489416, 110.37435576381704, 118.90210481298573, 116.75367183457901, 107.58147955438535, 106.49716746381522, 103.91938448708976, 102.74435540372593], [6.409108678692615, 12.86431749162446, 19.15727656830235, 24.664818867754818, 19.200931239512165, 8.657730169404337, 0.0, 40.53251838414023, 48.229762090036125, 56.77410185439374, 64.65484582474546, 72.24156869138194, 64.41928012840776, 56.113381413121104, 46.74128986021119, 26.483197121486427, 29.20290063922175, 29.534270380176096, 33.047129061902815, 37.218315205457024, 32.55445485524445, 28.300311007657022, 23.65079063722027, 21.66959897071307, 21.74442348648998, 48.92555914390182, 57.332700511502516, 63.87167587534341, 72.35196278693881, 77.21619842013537, 74.8583192941315, 69.14845552897428, 63.02432869870162, 55.56225314408574, 50.214555666123374, 19.079300490938156, 22.494660890802866, 32.02745869540278, 32.85211297411638, 43.170947846708074, 49.886061128583144, 54.232956051356155, 55.04922171403953, 51.60539743425858, 43.81152203430223, 35.426157647748674, 35.115765793836204, 61.70377008821753, 58.397506809484234, 57.20988384602442, 61.67800570236039, 62.838212450637585, 69.1302255145671, 77.15601486763114, 76.06458279939899, 75.2520462528282, 72.51442625060238, 69.02188244111625, 65.21468624392958, 61.79440913046395, 60.822790523178895, 64.54331572985603, 68.37926658163107, 74.17713903399631, 69.14218077415448, 65.27550848597978, 61.69572365230271, 56.573621631819066, 57.86750197772247, 62.714920766676265, 69.32461929175898, 82.52963371796932, 93.1097619134624, 93.44664405118068, 99.50642768343727, 107.30342028443022, 114.22206397498726, 111.10017366968825, 100.89821200667649, 98.79472734376996, 95.62112276238204, 94.14043839026064], [40.94105014166234, 49.60833701328092, 58.68617909098209, 64.48576171619631, 59.5985522026139, 48.79340704544923, 40.53251838414023, 0.0, 9.634089445788534, 17.779441355672482, 24.64419863623981, 32.69154356925947, 24.104431719073776, 15.681846380128267, 6.3472038903542405, 43.86601709908144, 51.62663850265091, 57.36156337949939, 65.0500030922699, 72.61061078302312, 69.56122944038034, 62.643832685628844, 53.82253435894791, 47.94118341556951, 42.326592931459025, 24.943045032352906, 27.80831648355612, 31.50983462065122, 37.54614743159077, 40.49125037444068, 36.903787079615135, 32.16065376812029, 28.3147457135758, 22.290232952875236, 20.64484718117567, 29.259660177859775, 29.823392932940173, 38.224713952961075, 44.47970273437666, 49.15680956726826, 50.079874916548, 47.89660320310112, 41.92329073983799, 31.468984197909887, 29.378846742612716, 17.67292509824749, 14.928760571727144, 74.28161266611758, 66.99867925458231, 59.650147024808085, 59.20947038697356, 55.44526145750545, 57.13365325399973, 60.94670974559153, 64.82318804090579, 68.80016743849204, 70.09406005651125, 71.88402699384028, 73.1602597483487, 71.9806749322401, 65.29435267839393, 62.295388785751214, 59.76340377926519, 60.6143796757621, 60.65593927014749, 63.08540931586398, 66.13546882197366, 89.72359291893045, 91.5738289641406, 94.35179063852769, 96.26304529671583, 105.69902080298105, 109.36059377958154, 104.76784096220955, 97.60290399159048, 94.00893379843828, 94.04414836113968, 86.80284757740743, 72.6966494655072, 65.8981917042601, 61.738219288339415, 60.120952401468394], [47.72297269932016, 56.02335622901603, 65.5169561621461, 71.69534741548203, 67.29647813007325, 56.62673172919603, 48.229762090036125, 9.634089445788534, 0.0, 8.637265896999407, 16.622617983624178, 26.701296293550058, 18.94766657937647, 11.775277399680146, 7.579345423357745, 47.321321736790026, 55.094202807516275, 61.42139432810988, 69.55530321900615, 77.86460712257725, 75.31579901574932, 67.85167134620933, 58.68038787878108, 52.587351549597884, 46.6727804342324, 20.323697395749843, 20.18684786972253, 22.437455097803316, 28.016596842240673, 31.390943910518665, 27.756697684351803, 22.578245913765887, 19.02858241990656, 14.08392721283254, 14.642345209495812, 35.02196314991199, 37.26745356269723, 46.13141776459025, 53.60445581622073, 57.97565322709995, 58.04534768146867, 55.07141915398721, 48.87014799672416, 37.96055377849064, 35.3173146457555, 23.97420430349216, 17.9844047534872, 83.5546556366266, 75.96598479591336, 67.93957703995751, 66.9522202774539, 62.635679444608904, 63.739620301402425, 66.73297952445436, 71.42025943499148, 76.03562749172767, 77.88954750202379, 80.2605605784035, 82.07961100545216, 81.10663539779671, 73.89489078243801, 70.1255809584004, 66.83572149333985, 66.94014472574368, 67.74445886437317, 70.93757638198318, 74.73985765205833, 94.7965788612964, 98.46460648894028, 102.54893960267144, 104.99971618227343, 114.81548543678353, 118.39229231902574, 113.67710333342491, 105.14539741499362, 99.5216198985051, 97.53856950055355, 88.94797777025019, 73.29958152378522, 63.731981370772324, 57.10266537194187, 52.609308821242294], [56.07301808802521, 64.21037012257288, 73.84060599181443, 80.15136693201701, 75.84079583301975, 65.14799942281849, 56.77410185439374, 17.779441355672482, 8.637265896999407, 0.0, 8.946320065516378, 20.98840389533904, 14.268317669234623, 10.604375875540862, 13.575143664763367, 54.12185664532369, 61.893277983877226, 68.54521655574717, 76.95107752713594, 85.624851547873, 83.2759901843955, 75.53606995856252, 66.17933384450663, 59.998300207194326, 53.94039897598899, 22.22520465972109, 18.218994429343958, 17.634038380294882, 21.33261279179391, 24.167935480660525, 19.888901759359314, 14.732379894884227, 13.177119465661912, 11.763316494861389, 15.881455963022285, 42.83450668258223, 44.8967969367859, 52.988853461059975, 60.92296410848541, 64.50777832532472, 63.655029739369695, 59.797096636736484, 53.104124566103266, 41.986745084138505, 40.18038864227878, 30.521971351808077, 24.972845088001208, 90.23563986607464, 82.2622779583934, 73.54094035625425, 71.84790990164456, 66.91801951797618, 67.21985963399439, 69.2762217274122, 74.74639956927275, 80.0385479457553, 82.53400978920365, 85.64450393722068, 88.1850537933284, 87.54186482231881, 79.68327280153996, 74.99301704176236, 70.7967418512068, 70.03185457599541, 71.70014490716612, 75.80050267968214, 80.50893328842376, 102.38015134635178, 106.59011717020519, 110.80399621324702, 112.97761149327953, 122.42603353943657, 125.21084398750232, 119.88530569317703, 109.27693299684312, 101.70192162945554, 98.11944608114531, 88.57488738173673, 72.08768256896855, 60.69305419363921, 52.954807294221965, 46.97053109681674], [64.2884080486149, 72.60364916299318, 82.05290244643658, 88.03404079402084, 83.67708217456257, 73.06131131549438, 64.65484582474546, 24.64419863623981, 16.622617983624178, 8.946320065516378, 0.0, 12.938197813273458, 8.70612907382552, 11.796683179988603, 19.080257738223455, 63.03231678457349, 70.75497367203435, 77.32707600863561, 85.5244675512623, 93.87098448985199, 91.58407201510637, 84.15192778083534, 74.9378943288266, 68.80182792579068, 62.79791981320124, 30.410006221966626, 24.682771084820985, 21.346566055280036, 20.109073324560384, 19.47462560479998, 14.503968054640254, 13.301445028230052, 16.76235485489157, 18.962514467677668, 24.1608219402576, 51.46903262033645, 52.77326537168801, 59.72796871640087, 66.85374671142355, 69.46147343688462, 68.12657192610111, 63.544492380437546, 55.719607941426354, 44.465249673699866, 45.63022847052539, 37.77608790994565, 33.665583177109575, 94.20171957707065, 86.21272579980082, 77.35363503126821, 74.93428765299765, 69.41020383577433, 68.36050848479618, 68.82086719595644, 75.2862445265695, 81.4146393554722, 84.5654187851445, 88.50534066561553, 91.62051979098139, 91.30026267523917, 83.19538525927688, 77.7498655892255, 72.45803476483174, 70.29473583917807, 73.28772697504054, 78.47320126304595, 83.9409477966073, 109.75629666605403, 113.09358066793274, 116.51330802400014, 117.76574849812839, 126.45765079135532, 128.05568956881172, 122.16502090827733, 109.92955430901746, 99.54009411706824, 93.98975536179682, 83.5072242484348, 66.34591638156466, 53.714144846724935, 46.06233187635586, 41.26901734640261], [72.52668510704038, 81.17190066794026, 90.04084988821805, 95.1442999832541, 90.84007660614938, 80.6696427712674, 72.24156869138194, 32.69154356925947, 26.701296293550058, 20.98840389533904, 12.938197813273458, 0.0, 10.532962485221244, 18.854295452798706, 26.615423902128747, 73.71443541632087, 81.22303640266192, 87.29381481456979, 94.6875843636003, 101.94411623603808, 99.74135015532923, 93.29804100884054, 84.66237733324019, 78.75878692551858, 73.06139596421028, 42.91722585118786, 37.13573925909311, 32.616672625474074, 26.991268927343857, 21.306425898661676, 17.982795324438552, 22.828647455267824, 28.702627866329124, 31.658341775465328, 36.69284231588961, 61.314704582499004, 61.97084896859511, 67.880863402187, 72.87109453430008, 74.53434481885671, 73.44567881032168, 68.55550141943992, 59.05626850726956, 47.91502781679475, 53.76639498087785, 47.24897080641798, 44.490728320802496, 96.61644589720306, 89.28434478387715, 81.2221462380892, 78.22492358353307, 72.28705320184301, 69.28557358273646, 67.21852189317536, 74.92879098011365, 82.01903750154881, 85.72759737432092, 90.45825900806229, 93.7538606662302, 93.6566832521587, 86.07138797441382, 80.31937126301341, 73.86775123344806, 69.63913660479062, 74.52428621832983, 80.85106865537506, 86.65679893837047, 115.83900520119063, 117.07170011573392, 119.05412701501055, 118.91757130110203, 126.68348399930669, 126.9339580797677, 120.91659839733663, 108.37147291395152, 93.67726839575033, 85.05665335384434, 73.24452666927264, 54.95759012733762, 40.97312110385852, 34.379595643077295, 35.16484600159327], [64.91411646080188, 73.58184473863695, 82.6146037212528, 88.08155799679868, 83.30468963259705, 72.6707370880981, 64.41928012840776, 24.104431719073776, 18.94766657937647, 14.268317669234623, 8.70612907382552, 10.532962485221244, 0.0, 8.887708067965889, 17.783971734805302, 66.14653103892715, 73.98147595930763, 80.20217069491139, 88.05590249690378, 95.69426969994556, 93.04994366501178, 86.17232779832428, 77.21451184465083, 71.18617613612084, 65.32053807241391, 36.211465145207654, 31.966184029790995, 29.72770402974451, 28.481549551657224, 26.231826806130925, 21.572638586183775, 21.93988922637464, 24.963211979215995, 25.62162466177008, 29.801878985477828, 52.84096252715316, 52.3867349517468, 57.73381200448434, 63.364585133461446, 65.02764433066439, 63.63923780453572, 58.77924484219076, 49.89494099379794, 38.64002038607315, 43.27117191314629, 37.19818504342487, 35.751014097812174, 88.46512372908303, 80.61150577772041, 71.99511795914552, 69.17820902620181, 63.39444484929803, 61.40188980165722, 60.94326760747013, 67.84035483038375, 74.36513584140084, 77.78839425909705, 82.1683950942118, 85.54067233499752, 85.43479262578292, 77.36215180645127, 71.62374237013786, 65.72795679442034, 62.72385945093287, 66.48266409365637, 72.25411098859836, 78.0275174708592, 111.1833809078071, 112.32840401524778, 113.9004294943492, 113.7808234648608, 121.29772697774162, 121.69320849846447, 115.20170463302279, 102.17725361342913, 90.89270765009022, 85.46455875919085, 75.36723087591216, 58.95759040061033, 48.30537619918079, 44.19604818547393, 44.52549320470948], [56.61701769399122, 65.24603495261587, 74.36761352955084, 80.07417771060456, 75.12367523026687, 64.28451525636054, 56.113381413121104, 15.681846380128267, 11.775277399680146, 10.604375875540862, 11.796683179988603, 18.854295452798706, 8.887708067965889, 0.0, 9.450794031571633, 57.98859996625562, 65.93234738371223, 72.13886218691846, 80.15855049992273, 87.97011617587, 85.10071820077373, 78.01328331860402, 68.94585492164074, 62.894519498138706, 57.00140291115183, 30.131111323808174, 27.978095208929453, 28.1196578030076, 30.458352883861927, 30.79593608548967, 26.167613857806963, 23.49981318554554, 23.363617030839233, 21.228766950277898, 23.876911100930062, 44.1950127198552, 43.52012058946843, 49.30777218633615, 55.503679059612494, 57.859571324453995, 56.82269921844549, 52.53467303585481, 44.54769289990412, 33.18410197872279, 35.5794565757796, 28.429323528832832, 27.27339830023448, 82.41800370105742, 74.44581250306057, 65.82032787152366, 63.623511859155755, 58.34216856300996, 57.69429962656561, 58.99425680586233, 64.8346511065783, 70.5292353496688, 73.33438929716716, 76.96410894647359, 79.88644237686464, 79.52174540175746, 71.52752038534447, 66.40470988974282, 61.52583858754896, 59.986843166887724, 62.36415414285454, 67.1229537539376, 72.27379172954166, 104.40857803609684, 105.82236863123734, 107.6284438818535, 108.05240387384134, 115.98514516765648, 117.25643230981314, 111.06398056106597, 99.27684254666255, 91.14661868265412, 88.17491604977465, 79.33999134897122, 64.04948253277226, 55.23525846471554, 51.45768566449452, 50.82873949491789], [47.248588900662135, 55.93581725286531, 64.96896464012218, 70.63005268099047, 65.74148154245566, 54.98328548059279, 46.74128986021119, 6.3472038903542405, 7.579345423357745, 13.575143664763367, 19.080257738223455, 26.615423902128747, 17.783971734805302, 9.450794031571633, 0.0, 49.745001148554024, 57.555769227337805, 63.43912272323902, 71.17109139218594, 78.72005740167579, 75.77049676055749, 68.89481353481597, 60.039600545551664, 54.11240318669069, 48.41337399821331, 26.692808295099727, 27.401224736471377, 29.648101602091256, 34.18832219443028, 36.08492640627767, 32.16885677579483, 28.254224351916477, 25.77987087895754, 21.0906111968731, 21.284769815724314, 35.46134382086445, 35.464090850745826, 42.673947643950456, 48.68176764057527, 52.34885426302253, 52.54007443260085, 49.47219351116282, 42.41632441029234, 31.320117345933653, 31.61498879102667, 21.82783266392983, 19.87100074209819, 77.11328269254402, 69.60545669511929, 61.81013920254007, 60.63207862220852, 56.207942237268675, 56.834511773157146, 59.524334308881556, 64.27703927926271, 69.0187580389336, 70.93729320705118, 73.5091128344678, 75.42611750003942, 74.5694361446405, 67.40784634966272, 63.550761314805555, 59.99052308206183, 59.75781908237953, 60.85398041819448, 64.29944839186491, 68.20094721086043, 95.3345254697469, 96.83266965157367, 99.12583289196472, 100.34693023665191, 109.16738818122694, 111.8291727106382, 106.63701872180104, 97.75885045637774, 92.1119165355426, 90.8320656289475, 82.90811140708723, 68.24614174317442, 60.70448585201716, 56.71103603439667, 55.700541744121196], [20.784342243145584, 21.02492359925163, 30.355544575086657, 39.28778524464011, 37.21602271835975, 29.95256730912856, 26.483197121486427, 43.86601709908144, 47.321321736790026, 54.12185664532369, 63.03231678457349, 73.71443541632087, 66.14653103892715, 57.98859996625562, 49.745001148554024, 0.0, 8.431625240839455, 15.838576725440074, 26.532901860502502, 38.44227894594547, 35.888026340143846, 24.98635696322395, 14.581804035764886, 8.79520712591796, 4.775044797564313, 36.95554041783516, 46.16742141428336, 53.69055336785353, 64.35556480197066, 71.84867219073354, 69.97081822878341, 62.400033037738375, 54.63303194176976, 47.581979830570496, 41.383602480608666, 17.45167046627256, 28.835818531911503, 41.998647353501944, 50.9032715569833, 60.51219199456452, 63.98060434358739, 66.48317353444698, 68.29067845257566, 63.099700060485084, 48.90606873893951, 37.90168216538602, 31.34488476485345, 84.35019175346645, 78.90090884018565, 74.22947098541636, 77.67040758525233, 77.71555205488416, 84.63472236159758, 93.2737530762526, 93.01257622847862, 92.93513514541628, 91.17738016577526, 88.6326841950826, 86.60018295921279, 83.81037712887677, 80.10022001298198, 81.63993341211173, 84.6037581781561, 90.64513554795177, 85.60794743238152, 82.66000042783085, 81.17548301574145, 62.06195506482938, 73.99730506365337, 84.87952928719035, 94.24971827001407, 108.51609538096514, 119.4483040536695, 118.99187490859474, 120.66217072993088, 127.58075497167174, 132.61331227219333, 127.44657322152037, 114.46013914811658, 107.7530596770702, 99.98195105498259, 91.56132400939764], [23.125561746977283, 20.10533593780619, 27.478459051114204, 36.14792017721462, 35.556306700317066, 30.83049840641851, 29.20290063922175, 51.62663850265091, 55.094202807516275, 61.893277983877226, 70.75497367203435, 81.22303640266192, 73.98147595930763, 65.93234738371223, 57.555769227337805, 8.431625240839455, 0.0, 8.062989890790202, 19.14218548703481, 31.849359439014364, 29.890336459330044, 18.603569482986675, 9.60567358417545, 7.6686150739742445, 10.349533518474395, 44.52472460273933, 53.48082895983503, 60.73213587284908, 71.09033442537687, 78.65350825686481, 77.12019951126875, 69.72445775204407, 62.041507632527185, 55.25708119579552, 49.15671385723103, 24.913860291993352, 35.77140842831467, 48.214301305666446, 56.0362393026806, 65.98634241436355, 70.06758546495813, 73.19441281711354, 75.43619710699394, 70.67779411089974, 56.685195290432915, 46.05418458615677, 39.60124429556093, 88.16657942785235, 83.50060255353664, 79.79658810296303, 83.7432562846023, 84.28986285277134, 91.47812534984429, 100.28566521853763, 99.66116206219627, 99.1534581230529, 96.96871442922827, 93.82606186940885, 91.09656752647722, 88.01894340124079, 85.24849926080961, 87.59697381344257, 91.15204321916175, 97.4885014636409, 92.12415379617069, 88.58615103819754, 86.30050698320717, 55.99263026773166, 70.13993520046499, 82.85612431310847, 93.73083931486637, 108.99441746715857, 121.36737380154024, 122.0493766085577, 125.99437440779298, 133.81345524040893, 139.1427632195246, 134.14562587008754, 121.20060922608113, 114.52386216107331, 106.29219944062146, 97.43713448392924], [23.71748305530302, 17.976611546981708, 22.61579294341777, 30.61102471104842, 31.377188757007747, 29.32241001093425, 29.534270380176096, 57.36156337949939, 61.42139432810988, 68.54521655574717, 77.32707600863561, 87.29381481456979, 80.20217069491139, 72.13886218691846, 63.43912272323902, 15.838576725440074, 8.062989890790202, 0.0, 11.268633670479709, 24.13955980429275, 22.360020801258614, 11.115490718249466, 6.326486040456029, 10.303109706495313, 16.028840561967854, 52.07873678634707, 60.94222089429342, 67.97524659035297, 77.89982348595554, 85.17602193311335, 83.80835682102885, 76.74394342633025, 69.27318067701019, 62.5009973958471, 56.469724332923214, 30.243470849293175, 40.3185769442803, 51.96146385969652, 58.108859406994505, 68.3456194771877, 73.26843508764021, 77.11788425397819, 79.6175393103067, 75.41329186127476, 62.205585733044074, 52.01863462231062, 46.24919029602068, 88.35872839464278, 84.66039166600908, 82.20534986595212, 86.6920384080649, 87.79486966250964, 95.13693126721681, 104.01686440079057, 102.97342304846823, 102.00142956400312, 99.3334602561013, 95.56371087020716, 92.02563478496373, 88.63710853925768, 87.020335707069, 90.31156636604511, 94.47231936414528, 101.03249761463374, 95.38750420961233, 91.23875585181081, 88.02477972679019, 48.86923304036392, 63.8081045931578, 77.58433664396019, 89.56840051463251, 105.58286207123896, 119.22032383507415, 121.04746578483532, 127.57412651152931, 136.31863867385354, 142.17502836845514, 137.61676823363695, 125.10256613841798, 119.09033022918703, 111.13088938374669, 102.93273620712819], [28.042941037188395, 20.60581130269966, 20.103213496477174, 25.39850345783582, 28.880404568147966, 31.070454006082596, 33.047129061902815, 65.0500030922699, 69.55530321900615, 76.95107752713594, 85.5244675512623, 94.6875843636003, 88.05590249690378, 80.15855049992273, 71.17109139218594, 26.532901860502502, 19.14218548703481, 11.268633670479709, 0.0, 13.24946943125577, 12.982728895702358, 6.6669819589803145, 13.888952430013285, 19.646764564119582, 25.882878159528108, 61.81117864555576, 70.37261265426285, 76.93800959378858, 86.05854643136492, 92.87479938994721, 91.85034729483283, 85.37104494544623, 78.30148848663843, 71.7007499477117, 65.86901664826917, 38.88672764191409, 48.41958950147188, 59.3501259420195, 63.24043419735462, 73.66125680171785, 79.6349594509138, 84.17253185621685, 86.517913057413, 82.67126144884593, 70.9279536945367, 60.85799823362081, 55.371798525748346, 90.55462294988193, 88.25942689379185, 87.47899895578752, 92.48452596298895, 94.10380835960333, 101.3024240645724, 109.90031771589751, 108.5947642616368, 107.2663070626549, 104.10798565559438, 99.71795005567961, 95.15617409023628, 91.38183077701761, 91.34637529466826, 95.71525018343564, 100.35371275305438, 106.83493507831716, 101.18023268224222, 96.53706081819549, 92.26302157743612, 38.08353492311051, 54.738371691345755, 70.62506228521808, 84.3602996668817, 101.67053194289085, 117.12585609112764, 120.75957955518355, 130.98810536987645, 140.0886310412785, 146.0510257667897, 141.8079542734483, 129.61385472211393, 124.18792575953037, 116.30500721292935, 108.85659408205983], [33.78583678166604, 26.225468412957852, 20.523913471309246, 20.46465232663133, 26.914449575307557, 33.617402954248256, 37.218315205457024, 72.61061078302312, 77.86460712257725, 85.624851547873, 93.87098448985199, 101.94411623603808, 95.69426969994556, 87.97011617587, 78.72005740167579, 38.44227894594547, 31.849359439014364, 24.13955980429275, 13.24946943125577, 0.0, 6.191653003087789, 15.005371554385986, 24.924508940998642, 30.67156373824778, 36.86741441921991, 72.5491955972742, 80.86514436923773, 87.00302902973696, 95.24471801581367, 101.32232667506473, 100.49416456907684, 94.72275014967619, 88.16533951545597, 81.62027120781056, 76.01701464835664, 47.951804409956324, 56.32901875998059, 66.11147403967054, 67.20410593928145, 77.54006764902172, 84.66477337997388, 89.93153137118978, 92.00956055319301, 88.73576702034293, 79.01397579220048, 69.40979057638879, 64.76643112820489, 90.37050861079004, 89.79111678537272, 91.03487585190891, 96.55331632455253, 98.75241494389302, 105.65020464718376, 113.81009191365683, 112.16823933510456, 110.42627240002095, 106.72496796862004, 101.68625732938511, 95.98161172734254, 91.81810771401756, 93.67030927630219, 99.24334026527438, 104.36452367955052, 110.66261968263095, 105.06865458214502, 99.91975045092101, 94.46127705851477, 25.978323851681903, 42.61212641684637, 60.27999140143784, 75.68335554330734, 94.18385959371666, 111.47640544211447, 117.13235889659205, 131.62826835413887, 141.13009697485825, 147.4204988918034, 143.80794385895925, 132.41477319514416, 128.2242374352417, 121.13417998847882, 115.4089930909168], [29.58372644876956, 21.53543878562575, 14.79144803265762, 15.362792480478639, 21.286946505525, 28.164304490488114, 32.55445485524445, 69.56122944038034, 75.31579901574932, 83.2759901843955, 91.58407201510637, 99.74135015532923, 93.04994366501178, 85.10071820077373, 75.77049676055749, 35.888026340143846, 29.890336459330044, 22.360020801258614, 12.982728895702358, 6.191653003087789, 0.0, 11.755950350956827, 21.736595557960516, 27.542574702942165, 33.77991731030877, 70.46693018709192, 79.06356471015908, 85.50350168260732, 94.08709293271622, 100.11834276418051, 98.96003889420588, 93.01509466610445, 86.34432004240811, 79.501955136715, 73.77847629507295, 44.19440747014332, 51.59982561681806, 60.70727902101373, 61.53525195652327, 71.82521342603515, 78.97344562047569, 84.42406163129641, 86.86886805339216, 84.06065857757181, 74.25749888515777, 65.33627070526217, 61.63660592362293, 84.68550890271665, 83.97709088982946, 85.22417179336396, 90.84922684172378, 93.22435504743653, 100.34814012823682, 108.81026735176593, 106.86906700794047, 104.8946985531139, 101.08891013026975, 95.92509482581178, 90.24652193470443, 86.10754657150807, 87.88063798486233, 93.55352579894071, 98.91125083483136, 105.50841699595902, 99.61681289300776, 94.23769746011546, 88.681883887216, 30.425327903385543, 43.19121505027377, 58.55305071594909, 72.95028409763046, 90.67239469404362, 107.34207999711127, 112.35968945263879, 126.15440682848859, 136.5323255895569, 143.62774005373993, 140.47993856781918, 129.65683179226303, 126.17509512429596, 119.96697613460368, 115.00522909911041], [23.852072191965497, 15.50401073115631, 14.521681295309333, 21.034054900319646, 23.40962506751582, 25.35331084038223, 28.300311007657022, 62.643832685628844, 67.85167134620933, 75.53606995856252, 84.15192778083534, 93.29804100884054, 86.17232779832428, 78.01328331860402, 68.89481353481597, 24.98635696322395, 18.603569482986675, 11.115490718249466, 6.6669819589803145, 15.005371554385986, 11.755950350956827, 0.0, 10.611792793292421, 16.9065379971469, 23.409085890921585, 60.944989979677096, 69.83966109407541, 76.73323462277723, 86.1636318413137, 92.82772884293952, 91.42712877344638, 84.82076461604093, 77.67143992076333, 70.70446626474954, 64.74194216104644, 35.529175686858224, 43.77334231748064, 53.85361231659661, 57.31842875103095, 67.69991931793406, 73.77826047196176, 78.60258335270204, 81.39139558898081, 78.15293888478622, 66.4099883024938, 57.20755674570716, 52.998563643214766, 84.37417439696252, 82.04480121313071, 81.39893491512369, 86.57535197189877, 88.45359572768257, 95.91348389930744, 104.84422132965007, 103.1518519793259, 101.51038818579973, 98.18297991229775, 93.59316995516947, 88.98164398924948, 85.21350540141559, 85.21335743457581, 89.78920050585798, 94.75469516855335, 101.58589422533149, 95.5742364635373, 90.61069489113952, 86.13387823211842, 40.76219078740843, 54.15393470800567, 67.95678749859812, 80.74596847798692, 97.25820471716928, 112.16233027190566, 115.27160534575951, 125.07884233901407, 135.2332379009162, 142.1544560070139, 138.5149945006703, 127.07014070043323, 122.60539757371663, 115.84476822051792, 109.5094986107274], [18.13566409745805, 12.120571837155252, 18.04230447593915, 26.781718198370058, 26.33892179428653, 23.21741095371743, 23.65079063722027, 53.82253435894791, 58.68038787878108, 66.17933384450663, 74.9378943288266, 84.66237733324019, 77.21451184465083, 68.94585492164074, 60.039600545551664, 14.581804035764886, 9.60567358417545, 6.326486040456029, 13.888952430013285, 24.924508940998642, 21.736595557960516, 10.611792793292421, 0.0, 6.432712073866589, 12.952057365568646, 50.86146004496058, 59.95406776043503, 67.15286998987179, 77.10696361657402, 84.04034006292147, 82.36674797595511, 75.37291499153741, 67.97862723671443, 60.87325570597779, 54.787456729545546, 25.972529189100417, 35.11586719161083, 46.357553085241776, 51.93277531860351, 62.21410605193672, 67.37549378893496, 71.4435111158459, 74.0279404099943, 70.19978688490824, 57.41267776117158, 47.749901437077604, 43.15029597588155, 82.04407313697091, 78.36076855707043, 76.0866696378988, 80.67493772678866, 81.92216994812594, 89.31531545049175, 98.29422649287348, 97.0450312730508, 95.92538664287683, 93.15714512778793, 89.30427304924179, 85.70594185203124, 82.31192332548335, 80.77368126096688, 84.22208284901167, 88.53099579172014, 95.20680316895553, 89.42911194177267, 85.13211355767666, 81.76963715383931, 49.87036768721949, 61.984285572752725, 73.98917360347986, 85.03985280221356, 100.42787947481457, 113.51902006844533, 114.96861371159457, 121.29255829028207, 130.46727934179216, 136.9115383761784, 132.80918974808736, 120.91210850447672, 115.80689430285065, 108.92385185024348, 102.05851517707255], [15.774213964574527, 13.099068343627115, 21.73966202739134, 30.709512716900296, 29.06844244522147, 23.32100554344814, 21.66959897071307, 47.94118341556951, 52.587351549597884, 59.998300207194326, 68.80182792579068, 78.75878692551858, 71.18617613612084, 62.894519498138706, 54.11240318669069, 8.79520712591796, 7.6686150739742445, 10.303109706495313, 19.646764564119582, 30.67156373824778, 27.542574702942165, 16.9065379971469, 6.432712073866589, 0.0, 6.52624437014337, 44.56875124847348, 53.73405634458127, 61.044841494558106, 71.18445674748784, 78.17050482722725, 76.3469418485712, 69.21670156835835, 61.75541585717449, 54.57405217613123, 48.4536818052637, 20.061493694785792, 30.142581836115717, 42.34257416103223, 49.06436963005936, 59.18643703557133, 63.81363698321107, 67.31525772269514, 69.49376527615057, 65.14344620412606, 52.05263378682715, 41.85531599491812, 36.84103081078446, 80.72037920257863, 76.30777521183045, 73.11172496411066, 77.25672538415087, 78.0266321959178, 85.19201242972098, 94.00652715324239, 93.15224112565289, 92.46430424628437, 90.09391562041132, 86.78170047960268, 83.79854462540037, 80.63964737347938, 78.23428833461833, 80.94453111474158, 84.7039912998701, 91.09565365765786, 85.63870140690595, 81.89092107936807, 79.25940411750938, 54.84506000377482, 66.02294439575235, 77.02022802860127, 87.03821065115187, 101.81025393668237, 113.81826835923346, 114.3821502681588, 118.77292523565048, 126.96434992597881, 132.90399832099823, 128.45566772920387, 116.24693079684991, 110.7523936087775, 103.82350624306602, 96.81303859164895], [16.1467057796968, 16.929581400601553, 26.702726178352222, 35.60908823382386, 33.046526013602836, 25.304490115514344, 21.74442348648998, 42.326592931459025, 46.6727804342324, 53.94039897598899, 62.79791981320124, 73.06139596421028, 65.32053807241391, 57.00140291115183, 48.41337399821331, 4.775044797564313, 10.349533518474395, 16.028840561967854, 25.882878159528108, 36.86741441921991, 33.77991731030877, 23.409085890921585, 12.952057365568646, 6.52624437014337, 0.0, 38.283667332123215, 47.55496604929372, 55.03004879914365, 65.43080035947128, 72.49779372400047, 70.48225631926945, 63.16013359301461, 55.59675613721248, 48.31713040352262, 42.14238816223383, 14.625665934756954, 25.751833606779403, 38.86588254379687, 46.89727469286687, 56.69973604826814, 60.645534982070195, 63.482748200118294, 65.25338240393732, 60.35489383328987, 46.85130146673651, 36.097737312262346, 30.586489935317097, 79.94041010160248, 74.75818232023518, 70.5515218576485, 74.18836888409159, 74.43625402742457, 81.35782961620258, 90.00623801429765, 89.56268694720161, 89.32680266211779, 87.3934692827396, 84.66880262309051, 82.37382734255944, 79.48994662090251, 76.14377777728642, 78.02788166822577, 81.18892307629264, 87.28504679812553, 82.16345140785228, 79.01395363323823, 77.19762433276372, 60.3974182338759, 70.7453896427203, 80.74983080673161, 89.73205869833978, 103.80607187512523, 114.67647659802032, 114.30261055301791, 116.59527901953025, 123.8166917480964, 129.26229067526626, 124.4692109993813, 111.96209765748722, 106.05475721593116, 99.09813064471305, 91.90357727221603], [46.168487599058764, 52.45591596539715, 62.74369947963596, 70.56058939340213, 66.91216783656456, 56.48474191756284, 48.92555914390182, 24.943045032352906, 20.323697395749843, 22.22520465972109, 30.410006221966626, 42.91722585118786, 36.211465145207654, 30.131111323808174, 26.692808295099727, 36.95554041783516, 44.52472460273933, 52.07873678634707, 61.81117864555576, 72.5491955972742, 70.46693018709192, 60.944989979677096, 50.86146004496058, 44.56875124847348, 38.283667332123215, 0.0, 9.61375022827481, 17.974411516460755, 30.09524921930106, 38.206415827469996, 35.50408031697785, 26.759402732905922, 18.38477443076662, 11.844535382792102, 6.413332834489724, 31.158389849177862, 37.08894742293034, 48.28046418603384, 59.60123750301738, 65.49104779639997, 65.08380543656762, 62.897088520938595, 60.20434945452255, 50.93500916298598, 40.03057089844591, 27.77570524882868, 16.721652769450934, 93.48317534652156, 85.3731057880