{
	"dissimilarities": [[0.0, 8.3415356357835, 17.844392962654236, 25.545807798564567, 20.628500362568047, 13.451279098062054, 8.919935266496783, 40.697892049776804, 47.576926775366445, 55.84051443733803, 64.25674426172401, 73.07379963671664, 64.99539724446669, 56.48054277141395, 48.32869285540878, 17.346543895130317, 17.378075774118663, 19.026886155277797, 24.3343427514674, 31.15686570063411, 28.190869679262295, 21.42131826530863, 14.526592867387105, 12.07757952838672, 12.858609440699563, 44.28746943317494, 53.34144798412104, 59.997045849933265, 69.5586388616441, 75.31723055953731, 73.30342765492223, 66.80777330451969, 59.6801128338445, 52.676040248626485, 46.92294222675434, 17.427907142652558, 24.224940023863073, 34.648555642791706, 38.12621909294278, 48.43669048908135, 54.91332568039191, 58.279894306134295, 59.47374168519585, 55.40026050876733, 43.91471664090486, 35.5155465177204, 33.64203733597774, 66.75763217017601, 64.14378208584776, 62.723888076456426, 66.89413467617204, 68.6115776191035, 73.4813957673241, 81.92734611352081, 81.84240304498866, 81.14553654017216, 78.6799823586305, 75.42039397310658, 72.20409040879855, 66.7366604674834, 66.11967445472392, 70.11976273918175, 72.95089959587298, 79.52115888926886, 74.66893732262578, 70.97916770054556, 68.02236330437626, 53.03441992834244, 57.2235637857047, 63.83932156091995, 74.33340333919338, 87.27001074842777, 100.61462710062983, 101.79752793932353, 108.67064076841893, 116.35162588246048, 119.76017467316555, 117.7349644730339, 107.26963282584241, 102.39934317599341, 97.54048485167115, 93.61121411850802], [8.3415356357835, 0.0, 9.787390219468413, 18.75072224634107, 14.888300393475474, 11.612786740896736, 12.887189235034734, 49.03873766918109, 55.87753449597838, 64.09797403708009, 72.56470493559345, 81.33481774272238, 73.329744999944, 64.82016970771694, 56.66168954069505, 20.41300527003256, 17.15966252959947, 15.239124132057263, 17.931802723657317, 23.720555492378292, 20.337153673325524, 14.126071725773269, 10.435912657139479, 12.189221873158022, 16.507325301005913, 51.854813261876025, 60.98831540170587, 67.7676612835891, 77.35750925362525, 83.27875054863206, 81.39516939205163, 74.87853024160208, 67.71601661449144, 60.66664225892794, 54.816098126163645, 24.362801050505382, 30.355183402839213, 39.28933224170768, 41.464104007898456, 51.950937099767444, 59.072365250072195, 63.14893386205241, 65.4333001858501, 62.29787123835301, 50.55014295489743, 43.209466147145626, 41.55682976247195, 68.17803469846778, 66.6047092942171, 66.1984381349647, 71.02840508311132, 73.44367140326128, 78.91946635175239, 87.7952305732806, 86.9798091319963, 85.56392968528124, 82.51148812268241, 78.42531144540266, 74.51608910575649, 68.65828439929862, 69.14098072932768, 74.13793663441842, 77.90552580391723, 85.14634637564902, 79.54649155144573, 74.96695376475897, 70.99404050697423, 47.04529991942807, 51.985826454974585, 59.76590848545278, 72.02081083762039, 85.55100642807871, 100.32604949698761, 102.56551226412388, 111.85362618744803, 121.39421640494268, 125.78508479639386, 124.25394236600465, 114.32730050716715, 109.9691383873067, 105.13362817934444, 101.10412139439774], [17.844392962654236, 9.787390219468413, 0.0, 10.335028039306234, 9.680599330132921, 14.047751053853316, 19.513970437940536, 58.28208639954772, 65.32854718083503, 73.61912411665878, 81.89786684777617, 90.23921953290767, 82.45267320284253, 74.03690885407956, 65.82173595850253, 28.86140414509916, 23.893233104282853, 18.85120769270834, 16.21412398870201, 17.17228905910584, 12.897826516054788, 11.611436082976514, 15.405547153519802, 20.03673351881623, 25.472379868599166, 61.61959834405266, 70.71198366634172, 77.43208007319593, 86.78379241833478, 92.54222622050403, 90.76073663594471, 84.4484953602838, 77.38507007348932, 70.38976082910393, 64.57564606774885, 33.97080537831107, 38.64807566784917, 45.81564619808745, 45.590942404686075, 55.96062043946347, 64.01726392011192, 68.83553916086339, 71.79800299757969, 69.62673486163177, 58.641020770201315, 52.28398130995755, 51.29852564585412, 68.83991629889547, 68.80573966874752, 69.8748911897122, 75.36217034518677, 78.49230317360787, 84.34604698257955, 93.35602347990918, 91.82166079056574, 89.65086010271473, 85.95638770887872, 81.0111338425017, 76.25583357665312, 69.95619572745439, 71.9964240160596, 78.1388185207377, 82.84874784938101, 90.49632842494147, 84.33665290050462, 78.88818837602264, 73.70755473575346, 40.70145691726301, 44.692615749451605, 53.146461527411155, 67.16697397925925, 81.31260954535642, 97.68798154009065, 101.31088302908702, 113.82264579727769, 125.1615139151293, 130.67294717518627, 129.75770337065444, 120.67466158024425, 117.26138807242442, 112.89088526744513, 109.51479388988844], [25.545807798564567, 18.75072224634107, 10.335028039306234, 0.0, 8.343127384462498, 17.550077422259793, 24.142708853528287, 64.06139006295628, 71.57927288823552, 80.03681470667092, 87.71097145821356, 95.0111525454395, 87.69971488964623, 79.57816687091913, 71.32020622543962, 38.83018598822964, 34.12471619773718, 28.789304157320302, 24.162327730776397, 19.531573806936656, 15.62784784269651, 20.322217895391365, 25.672389155370446, 30.12136981915245, 35.169981575807086, 69.76448883133823, 78.62836845086251, 84.98999124741036, 93.69184036967532, 98.738508336611, 96.98245332456821, 91.23870009528636, 84.50730953040154, 77.74822641859295, 72.19983623610533, 42.43150269817931, 45.4566331736191, 51.06828672217546, 47.37844204753184, 57.33988795354513, 66.62436358987193, 71.97293048229477, 74.55675081218168, 73.0739404826175, 64.42312920417652, 58.71976398714731, 58.92262970095539, 66.03994274987, 67.8500743063778, 70.67050600130092, 76.54764807439489, 80.12057594864913, 85.73559478115358, 94.21625620913254, 92.30918685321693, 89.6567655922107, 85.49548937097924, 80.02349947798626, 74.47578635454609, 67.76704710272429, 71.6061625887175, 78.71013067739906, 83.96370293163876, 91.30208374834213, 85.21395739520952, 79.31792561232149, 73.06334382695827, 37.68404329275542, 36.005213279273846, 42.98236584266907, 57.734943079718015, 72.46677705240725, 90.05049451144131, 95.05070273732134, 110.94443684304575, 122.99110050823, 129.36498889741546, 129.0268624497498, 121.06075425585688, 119.09325202791943, 115.89632185244592, 114.40349134397633], [20.628500362568047, 14.888300393475474, 9.680599330132921, 8.343127384462498, 0.0, 9.957317577254475, 17.791618052219455, 58.3743005992541, 66.080219479065, 74.59824740284964, 82.31718718684314, 89.84888181773123, 82.00041104924006, 73.74306318418384, 65.4645250578386, 34.77529104442551, 31.269593386932772, 27.663164711312188, 25.879100113185117, 25.0129039894937, 20.62107099527883, 21.14262846865869, 23.39006229268169, 26.474152036160625, 30.618178972412675, 64.50249097290848, 73.60096770707815, 80.12345031676915, 89.33362031823185, 94.38656687813771, 92.27711578044027, 86.23966652405961, 79.30377709489971, 72.40866178968483, 66.81022040389087, 36.480558792003094, 37.89065630205163, 42.82541459713039, 39.31632247729598, 49.388680548687205, 58.427252859883026, 63.744908554332994, 66.68759069331307, 65.52031930894215, 56.53982016771583, 51.63447992999125, 52.99791025120793, 59.89998061815702, 60.73921755518516, 62.90426622771805, 68.70682760183514, 72.24105615984595, 78.10830802317895, 87.03442250038648, 84.96776638363974, 82.33255755703506, 78.28267712382853, 72.96854091781252, 67.78443208244434, 61.27863531419984, 64.27032892991669, 71.07488754420469, 76.29599806115068, 84.02450008092426, 77.62109561238715, 71.73442177144165, 65.8389021962918, 45.5438873057894, 43.304117669166956, 47.173581883251316, 59.18297568665841, 72.40669406825269, 88.2738945602686, 91.74184209224833, 105.05239666219379, 117.53198105032979, 124.22364418488104, 124.34287702166745, 116.72489293086632, 114.85742170939079, 112.42810766187309, 111.30547693428647], [13.451279098062054, 11.612786740896736, 14.047751053853316, 17.550077422259793, 9.957317577254475, 0.0, 8.64349389375061, 48.95607433306223, 56.71955987429887, 65.2414481843318, 72.99391045584096, 80.78247273353428, 72.5774979206571, 64.22586974321648, 55.958677970538304, 28.83133700074289, 27.393202500850663, 26.454117552526924, 28.22074333428989, 31.023143188054316, 26.876644605352446, 23.60922578401867, 21.343616706518766, 21.86703525335982, 24.181439654689896, 55.53272675021894, 64.66593755539151, 71.19652842946124, 80.66664050355351, 85.69193185111148, 83.33967149557455, 77.12655677614374, 70.10285354691327, 63.1759337610185, 57.61705940331897, 27.693294408887315, 28.29725628609704, 34.05865641450608, 32.11571686431667, 42.547436848353875, 50.91589023809006, 55.663334807858995, 58.06678852747121, 56.267481118997964, 46.87900565276709, 41.69344516616322, 43.59087850119038, 56.79986950599768, 55.9098881342511, 56.586092954446656, 61.82183158634698, 64.74425225214263, 70.36300473800297, 79.32933530185171, 77.81040892228302, 75.82316296356929, 72.35285115712234, 67.84963479894951, 63.52585048808066, 57.46473628029479, 58.78963782442635, 64.52663717700536, 68.94024978484272, 76.44972287808521, 70.41760519445312, 65.26968841241019, 60.522901884263284, 52.573229935409294, 51.18816066827612, 53.96029073247505, 63.527328580668055, 75.6674269290151, 89.4638487302268, 91.19987728044441, 100.84930777673718, 111.8972285657815, 117.80464615613592, 117.623418089853, 109.53645603328124, 107.10020513794507, 104.79057050939993, 103.60523848733428], [8.919935266496783, 12.887189235034734, 19.513970437940536, 24.142708853528287, 17.791618052219455, 8.64349389375061, 0.0, 40.5917837684513, 48.34440753780939, 56.88411165211813, 64.56932172306927, 72.35616763782387, 64.30280118583481, 55.98529318350113, 47.70633041133326, 25.44617947369911, 25.92055115379831, 26.948794629597685, 30.69344064158574, 35.128218520285785, 31.590174262053843, 26.957351657728772, 22.023090243454458, 20.371357501998954, 20.711333633551003, 47.92476496952867, 56.78394969697671, 63.068465509796994, 72.24358006502646, 77.11224705190362, 74.7919701767035, 68.73435056228513, 61.860820978298094, 55.076001835382286, 49.68357965327396, 21.675338860579807, 23.526806552344457, 31.553680844297453, 31.409272134396968, 41.76215440158624, 49.39974321474393, 53.23047005771884, 54.049195950045636, 50.77829293931957, 41.765228703258174, 34.834119299190824, 36.0106768304354, 58.4790967191222, 56.48540885249166, 55.97554958999668, 60.38226491000208, 62.38333028499485, 67.12969849290194, 75.40063204848124, 74.96428028923431, 73.95810302643392, 71.23273908591881, 67.7712600280718, 64.23651446773032, 58.58711657346919, 58.698308560812116, 63.21504522676865, 66.3845056853634, 72.87842711093361, 67.95831004055532, 63.99131217503912, 60.48134502275775, 55.70106918991082, 55.28969277046928, 58.56993431426105, 67.1314645393041, 79.25307021547411, 91.93207358659808, 92.89752321813211, 100.3304757038441, 108.63958979728997, 112.99682515243339, 111.84201516438456, 102.69299562764091, 99.37793185431353, 96.48805642326238, 95.03303537069218], [40.697892049776804, 49.03873766918109, 58.28208639954772, 64.06139006295628, 58.3743005992541, 48.95607433306223, 40.5917837684513, 0.0, 8.532728597284752, 16.955748703621435, 24.068588582564022, 33.186271891121685, 24.348395452454174, 15.829304731497874, 7.890461979686488, 41.81773232919203, 48.47434800091615, 54.79043375474239, 62.55615675251404, 70.37158210502339, 68.15760855748586, 61.02916266495921, 52.09641372148009, 46.25662539724071, 40.64098180534223, 20.64896188062027, 24.37175736435354, 27.693977895519687, 35.371625557780234, 38.82436943708765, 35.54161810827004, 29.81031495933265, 23.977585696212056, 19.11965149612058, 17.16457047639646, 29.97878411511184, 31.056303791829265, 39.23524541518897, 46.42255699741837, 51.222050189054656, 52.06830960803945, 50.226569696747326, 43.64761403983313, 33.2494931123837, 29.74350238617776, 17.724070728770297, 15.402031859524312, 74.1655567090964, 67.33742574095184, 61.22445128952537, 60.77191432070806, 57.954567836892465, 57.871458766061096, 61.929034074657444, 66.72902580910615, 70.55777526462894, 71.86354947385252, 73.62336881605415, 74.4460991820587, 71.87505318894506, 66.10586460997017, 63.909420310351855, 60.577115720402354, 61.55163986892802, 62.43609103654618, 64.75429335790649, 67.83586262710989, 87.7751658845894, 89.5109724307534, 92.03612295531417, 95.4231054349209, 104.83862988891165, 111.03299116142426, 107.37810349082147, 101.70356377242535, 98.1105095871099, 95.15566636101015, 89.95071715492848, 76.22284356489716, 67.73425964006951, 62.917999666442334, 60.147591349468925], [47.576926775366445, 55.87753449597838, 65.32854718083503, 71.57927288823552, 66.080219479065, 56.71955987429887, 48.34440753780939, 8.532728597284752, 0.0, 8.590704689485083, 16.917616967906504, 27.867283238232318, 19.097519653083904, 11.135191473227302, 7.5251141429270705, 46.39714088906999, 53.35338219768847, 60.070495842663135, 68.19712210016723, 76.56497905379229, 74.62208378154453, 67.09805955817829, 57.89109182194992, 51.855649048769656, 45.97546581848851, 17.527552063762183, 17.925198232562174, 19.81307989531052, 27.26376873432147, 31.045883484040846, 27.589759905131938, 21.33365643682988, 15.570893757929696, 11.79442605129368, 12.330151459989697, 35.52058878723827, 37.54291147513924, 45.61477300186814, 54.07053835770014, 58.29678318715939, 57.99804324522662, 55.37510377455564, 48.467226054503975, 37.62325157566876, 34.17075405503535, 23.094688346275756, 18.341399537533142, 81.73129475049109, 74.37598388538895, 67.53788898111205, 66.46093384060234, 63.040449525566025, 62.3588035800733, 65.66531569180971, 71.21695939943491, 75.71359232596689, 77.60533384527382, 80.0015849716498, 81.38806341761227, 79.22492410248346, 72.75652523703786, 69.68582338641873, 65.51821017096309, 65.70135167775159, 67.40109170634082, 70.5444596410185, 74.48104651487103, 93.62647435181646, 96.74326818250815, 100.09041908556459, 103.62170909454964, 113.04459080963613, 118.80076344987494, 114.73999392781636, 107.28914288072615, 101.78258716372312, 97.20475251800714, 90.92024437594422, 75.88717983612732, 65.46142859626164, 58.898778460092785, 53.9385704456156], [55.84051443733803, 64.09797403708009, 73.61912411665878, 80.03681470667092, 74.59824740284964, 65.2414481843318, 56.88411165211813, 16.955748703621435, 8.590704689485083, 0.0, 9.908470220497362, 22.56603398402566, 14.479111446579411, 9.748943474409572, 12.845430308749258, 53.44113717361495, 60.53353631965577, 67.46341348995375, 75.7703486325622, 84.41105988356671, 82.62157815892544, 74.90968637935323, 65.57970382796974, 59.45805734583169, 53.4565544867232, 20.19583428039181, 16.153008929608163, 14.71676877755049, 20.462709791218465, 23.797941247188362, 19.82251245993527, 13.257123623857627, 8.867195327255233, 9.686664333233297, 14.311324764124148, 43.13227244826168, 45.124146889422, 52.53869284895013, 61.506224721279295, 64.96459034733124, 63.64837949564844, 60.268285063665836, 52.79879981557264, 41.747618552670744, 39.472735307874444, 29.965477307246687, 25.158281664420766, 88.48530416167564, 80.66147742664174, 73.22128267416362, 71.45466329280038, 67.40247936058961, 65.94118155887007, 68.26471983903998, 74.59463115242822, 79.7939834282551, 82.31506100981248, 85.43558628892876, 87.4282761630569, 85.74104685782024, 78.62438226934319, 74.64081042097934, 69.57102432994309, 68.75639364847646, 71.42774130181675, 75.48559748367529, 80.29802775545026, 101.09110848722372, 104.78951667456923, 108.31403795910421, 111.48606051476926, 120.61031336091722, 125.57625298557234, 120.93526685856445, 111.45825350099595, 103.86017286418794, 97.68695293011525, 90.46616642967622, 74.45259783575013, 62.38801924055823, 54.7036428889754, 48.2683813735309], [64.25674426172401, 72.56470493559345, 81.89786684777617, 87.71097145821356, 82.31718718684314, 72.99391045584096, 64.56932172306927, 24.068588582564022, 16.917616967906504, 9.908470220497362, 0.0, 13.104885959175451, 7.4166558506890405, 10.539181061860264, 17.773813194760233, 63.00011941412954, 69.97805853582236, 76.69445446733756, 84.7172878328985, 92.85728646997016, 91.06333356008841, 83.79263692564079, 74.6792311589827, 68.67835201170338, 62.79875059250922, 29.956636867852605, 24.526917172833976, 20.360817887148492, 20.110291779033417, 19.074535554481585, 14.405685295261241, 12.51981401810023, 14.392985237248947, 18.814775477363668, 24.108750867169917, 52.363941043709666, 53.3810951060975, 59.656076370534194, 67.25015920412818, 69.69865272827019, 68.05194483335625, 64.08517348528584, 54.98944227073263, 43.70697167112222, 45.54717093175216, 37.60605238082555, 34.63868091159993, 91.87554657720757, 84.08096895675678, 76.65971370437747, 74.13035382650997, 69.37322819430622, 66.42457469774708, 66.77681694888273, 74.26716333612202, 80.36197019847924, 83.58666459911919, 87.62473015282308, 90.1444929355616, 88.94444303096718, 81.66687416196531, 76.85562379082813, 70.6696479488433, 67.93425002925821, 72.34330826243897, 77.59321950979589, 83.142821910195, 108.48163476541636, 110.87026062977215, 113.38442679815729, 115.16430897177332, 123.5751496513726, 127.17349870751913, 121.93937895918641, 110.77157549864107, 99.88386023708092, 91.75036940857935, 83.46061815596448, 66.66578498731555, 53.64982992648869, 46.43917876207475, 42.161171936052654], [73.07379963671664, 81.33481774272238, 90.23921953290767, 95.0111525454395, 89.84888181773123, 80.78247273353428, 72.35616763782387, 33.186271891121685, 27.867283238232318, 22.56603398402566, 13.104885959175451, 0.0, 11.266238291919892, 19.317411194958865, 26.368003028500073, 73.90812394242083, 80.56224545196531, 86.77376365882729, 94.1797113604698, 101.33792275558854, 99.54280988697612, 93.13386511922583, 84.51924738641495, 78.8222456980956, 73.2660329005228, 42.68609580531035, 37.27587791655797, 32.296294898047634, 27.63241396283504, 21.51843392351386, 18.235739030782877, 22.518042306848635, 26.94583849325951, 31.756209881535472, 36.83843729704742, 62.92072014416556, 63.10438414089597, 68.38679547830077, 73.57075246205441, 75.1169559250515, 73.82797187855222, 69.63263849104044, 58.64886878726972, 47.52283365262734, 54.25476918214666, 47.418431419570275, 46.09841712088693, 94.68335303068743, 87.51009661040683, 80.77314774841378, 77.63752282364288, 72.33815505784318, 67.57885394663715, 65.19849320462167, 74.0039868543458, 80.97349914232157, 84.81318720112918, 89.72106817836021, 92.53372930005031, 91.71147421574646, 84.88959601449265, 79.58694503643255, 72.39909055660225, 67.16058760150956, 73.74729525639162, 80.14404629630374, 86.05883126856531, 115.19180503409557, 115.3965938949968, 116.48780420817, 116.45899442761372, 124.06861036604154, 126.15135895665682, 120.60770249974199, 108.62232492951632, 93.28681165953229, 82.53464636525497, 72.61609898279578, 54.64943202959179, 40.70574466266133, 35.01441647871651, 36.84130674302938], [64.99539724446669, 73.329744999944, 82.45267320284253, 87.69971488964623, 82.00041104924006, 72.5774979206571, 64.30280118583481, 24.348395452454174, 19.097519653083904, 14.479111446579411, 7.4166558506890405, 11.266238291919892, 0.0, 8.8804298144118, 16.827496734317346, 65.26580843003866, 72.21191048618904, 78.78681954980006, 86.64355308092094, 94.36200937469852, 92.28444641298331, 85.30464755036624, 76.32147465528723, 70.38008739771689, 64.56609639434348, 34.21202470237922, 30.262716166834164, 27.135363673518544, 27.435965488146593, 25.2301806795022, 20.621915136043743, 19.758577549853204, 20.843256191352975, 23.897335114434938, 28.321835212075047, 53.6405583889778, 52.89705910937513, 57.80172675407011, 64.10600085480876, 65.70366057249596, 63.917898641696674, 59.71275019842407, 49.66061972667809, 38.40729569036258, 43.25440415000628, 36.80853491442096, 36.50179335544227, 86.94534215733522, 79.11847486683297, 71.76392266916399, 68.85145339230425, 63.797061305740684, 60.1609395444275, 59.795001686902026, 67.6224924825423, 74.01331319910658, 77.50408316601258, 81.95364584013966, 84.75639107902704, 83.88008096585706, 76.48776348855962, 71.28439239985703, 64.63309658567245, 61.14271159060589, 66.20514081413528, 71.95779056547919, 77.84407120880218, 110.19584702463746, 110.73104153617898, 111.60795850000052, 112.01902531905245, 119.47711693087149, 121.97236117130281, 116.12157099326724, 103.91123633905912, 92.60020000261119, 84.76208784553968, 77.11296199817943, 61.348499764574676, 49.84800575027897, 45.983895419796724, 45.94026609652859], [56.48054277141395, 64.82016970771694, 74.03690885407956, 79.57816687091913, 73.74306318418384, 64.22586974321648, 55.98529318350113, 15.829304731497874, 11.135191473227302, 9.748943474409572, 10.539181061860264, 19.317411194958865, 8.8804298144118, 0.0, 8.279471629449128, 56.61712287350064, 63.59961730723481, 70.24111643969513, 78.22154018787197, 86.15147618245517, 83.9805053935831, 76.7815400886795, 67.69551453548233, 61.69908957399313, 55.840263530965686, 27.09166911806993, 25.21888324877321, 24.36683943358937, 28.468968488026555, 29.09846094116997, 24.682625826106264, 20.689670838383606, 18.20097375047857, 18.386296483371222, 21.387796725164, 44.802156757023, 44.18579028058923, 49.752532648474826, 56.778452752895134, 59.19142641252346, 57.85984359742337, 54.20078032461429, 45.2623352098705, 33.9168361397669, 35.93153256583455, 28.239522411167528, 27.82475471279524, 81.54273666435282, 73.73046975076616, 66.43977040996639, 64.21916868860907, 59.79248163638737, 57.45976663563541, 58.95863118003648, 65.69855745347907, 71.25160505467763, 74.06652401138194, 77.68214661070321, 79.9758445520414, 78.63685090390918, 71.44305190638795, 67.0220154143815, 61.378676050227625, 59.64408256484147, 63.115665151932205, 67.7845549200674, 72.9661200580571, 102.89029078297246, 103.92225592946679, 105.2334103312294, 106.57074504531846, 114.532398981313, 118.14166078140056, 112.79697908695252, 102.2751625204261, 94.14134549966305, 88.37853242644725, 81.91658608717779, 67.12912913271411, 56.898979193252245, 52.82916705473607, 51.35676753365282], [48.32869285540878, 56.66168954069505, 65.82173595850253, 71.32020622543962, 65.4645250578386, 55.958677970538304, 47.70633041133326, 7.890461979686488, 7.5251141429270705, 12.845430308749258, 17.773813194760233, 26.368003028500073, 16.827496734317346, 8.279471629449128, 0.0, 49.344659478905506, 56.15647114524097, 62.59774199178832, 70.42149008536045, 78.17733487465294, 75.90994945142637, 68.82781534440694, 59.86217328406624, 53.96512238791353, 48.246746235187054, 23.926525472337538, 25.016939476514132, 26.469346030817064, 32.67101184116479, 34.708344618545226, 30.83279287896789, 25.863610784684145, 21.31635211728712, 18.526304497243103, 19.01870159607393, 37.24525975299525, 36.78966161568865, 43.18974169052277, 49.999941885093854, 53.39397805314895, 53.127117286577565, 50.313468590187945, 42.24966830168026, 31.113418858295546, 31.094269586180825, 21.595461929690366, 21.41438059173377, 76.00742705154666, 68.6362660620088, 61.90995994711737, 60.51039683178536, 56.83199211916268, 55.55709942814338, 58.37782887190384, 64.14918737321075, 68.85814746965681, 70.93333712713766, 73.67569900080328, 75.2775853215523, 73.36679371998973, 66.82781402447202, 63.45219642766893, 58.89892261817211, 58.50067701738555, 60.69951624967138, 64.25146740286776, 68.44417007250456, 95.29305055562082, 96.1962508042853, 97.68454636602709, 99.70919070729099, 108.187674712323, 112.87670472771968, 108.24747149734279, 100.0267840315681, 94.32213164644881, 90.22936413094469, 84.64030573880733, 70.68169489274823, 61.77956221078476, 57.90282960115931, 56.41830026056411], [17.346543895130317, 20.41300527003256, 28.86140414509916, 38.83018598822964, 34.77529104442551, 28.83133700074289, 25.44617947369911, 41.81773232919203, 46.39714088906999, 53.44113717361495, 63.00011941412954, 73.90812394242083, 65.26580843003866, 56.61712287350064, 49.344659478905506, 0.0, 7.699018923056691, 15.79547085294215, 25.58940815584005, 36.92316127699725, 35.09970264375226, 24.87879208083363, 14.898295308847283, 8.876168956117784, 4.815905374012555, 36.848559087137644, 46.14063945574855, 53.6267219127974, 64.56481334926981, 72.09043337122664, 70.2369223200163, 62.537049746717834, 54.83132449797021, 47.520343139526176, 41.267871164471494, 13.900001637952817, 25.947970408225917, 37.9465695517855, 47.743046602696566, 57.196080362542006, 60.8199660764604, 63.06099624767137, 65.41776097643398, 60.604949089999984, 44.600184968657125, 35.6525128930628, 29.574569894731976, 79.24157798721306, 74.66869829101184, 70.96880482594256, 74.4361204527256, 75.54527579941774, 80.83866559145166, 89.99346255346745, 90.23985325138159, 90.06138702763815, 88.21611635194922, 85.548441128266, 83.3789574781571, 78.65014781581475, 75.89308269984859, 78.48602380738764, 80.62068848552437, 87.70348505688325, 82.63119570692209, 79.52295552842743, 78.0489721160319, 60.1852189286506, 70.65399378874137, 79.95957666860609, 91.44208655831758, 104.1883005757463, 117.06089442749399, 117.22899369334809, 120.58582550196212, 127.94246682032067, 130.25007781098023, 127.41725616305325, 115.36507638571258, 108.00502092436292, 100.66586397197129, 92.4579381609663], [17.378075774118663, 17.15966252959947, 23.893233104282853, 34.12471619773718, 31.269593386932772, 27.393202500850663, 25.92055115379831, 48.47434800091615, 53.35338219768847, 60.53353631965577, 69.97805853582236, 80.56224545196531, 72.21191048618904, 63.59961730723481, 56.15647114524097, 7.699018923056691, 0.0, 8.240303783701545, 18.150972633580825, 29.87190686623688, 28.291349924498654, 17.852680465883076, 8.632551607858707, 5.663270417751037, 8.7432109751442, 44.19354167311374, 53.28285226914642, 60.621305965317156, 71.15176275225636, 78.60952967352992, 76.9829806313171, 69.53176032897606, 61.981685573224624, 54.77345807874352, 48.58924095559536, 20.567863385211552, 31.430403430152484, 42.546241032848805, 50.699037302202306, 60.58512299943786, 65.11191597879768, 68.00658385488161, 70.86799697121091, 66.6061074036128, 51.036849812599776, 42.571757819740355, 36.99148087587668, 80.89569004691838, 77.30012131291558, 74.58224643183092, 78.6179641662719, 80.27042516672925, 85.89749517002585, 95.21396103736129, 95.01550968425444, 94.32567965921213, 92.00235636709944, 88.68828196111743, 85.87705227613347, 80.73171731155229, 79.02318502380594, 82.50335378042787, 85.34528243682145, 92.7655170761373, 87.2773641196477, 83.50189811360734, 81.1254706200144, 53.676951076692454, 65.49895785853924, 76.18072722365795, 89.1514050476109, 102.61099954227755, 116.7773867194312, 117.98920619254505, 123.70565954576425, 132.14055181053303, 135.03005900700913, 132.3829795813075, 120.57463416108529, 113.6273093926237, 106.15187906153578, 97.99946713522593], [19.026886155277797, 15.239124132057263, 18.85120769270834, 28.789304157320302, 27.663164711312188, 26.454117552526924, 26.948794629597685, 54.79043375474239, 60.070495842663135, 67.46341348995375, 76.69445446733756, 86.77376365882729, 78.78681954980006, 70.24111643969513, 62.59774199178832, 15.79547085294215, 8.240303783701545, 0.0, 9.925299340416188, 21.84364646269835, 20.563864269859742, 10.281640177028422, 5.3118576554988755, 9.641665432216985, 15.598765390779809, 51.808071781848774, 60.71740016082135, 67.83905390167206, 77.84129772770943, 85.04409652862309, 83.62202993380663, 76.53305869689245, 69.1875121197834, 62.09962788767976, 56.015939104151656, 27.547459781027687, 37.37948140470931, 47.66130499946808, 53.718953143751534, 63.93653349248057, 69.50138108642946, 73.01458993641063, 76.06059032184888, 72.25700987041635, 57.595120995283985, 49.40346766382074, 44.372070402535535, 82.06208601117427, 79.63519238615719, 78.06785459399194, 82.6271659419152, 84.77185669282662, 90.55831099448018, 99.8381405001713, 99.27955866319861, 98.12863838407183, 95.34591990958083, 91.43375660601114, 87.9422118575615, 82.36286472240114, 81.87123528052636, 86.24789482313824, 89.71912171380337, 97.27210998314028, 91.54176673503828, 87.18568129162611, 83.87869166823099, 46.11928773487753, 58.94190884541031, 71.01124103114918, 85.47161772979344, 99.7044495879911, 115.20877223386273, 117.60960195429831, 126.00086347540761, 135.26542409417468, 138.68825798504935, 136.21065945921927, 124.72743445585222, 118.36276029786302, 110.93962575364195, 103.25171543757124], [24.3343427514674, 17.931802723657317, 16.21412398870201, 24.162327730776397, 25.879100113185117, 28.22074333428989, 30.69344064158574, 62.55615675251404, 68.19712210016723, 75.7703486325622, 84.7172878328985, 94.1797113604698, 86.64355308092094, 78.22154018787197, 70.42149008536045, 25.58940815584005, 18.150972633580825, 9.925299340416188, 0.0, 12.265212974330368, 11.890590621891835, 5.283353334281837, 12.21432235179472, 18.4625103118232, 24.830647105924527, 60.94588407571942, 69.64030350736186, 76.49849439697992, 85.88105899025153, 92.74518774653293, 91.54701229065358, 84.89429310211008, 77.80246442654277, 70.87301292758276, 64.92490426608998, 36.427686524527395, 45.31439148605442, 54.71599118143795, 58.455281645454825, 68.8445766210023, 75.48179313637493, 79.5884543940617, 82.68066502275096, 79.32008602917338, 65.80385717677615, 57.83901880913506, 53.30920896658538, 84.2373395817566, 83.20388925743183, 82.95364039318592, 88.01689811507885, 90.64466833222876, 96.49568481177761, 105.60711192701297, 104.70995281372153, 103.09500830317043, 99.8405599621777, 95.32330975014256, 91.09324426500335, 85.06943954941674, 85.98413430398104, 91.2949512185792, 95.37987876751325, 102.94728654700101, 97.06494655282098, 92.15326319830113, 87.85711554307926, 37.04919849009599, 51.18046694961431, 65.1259157864756, 81.40802232550224, 96.55608806254236, 113.62197868496379, 117.48596537986874, 129.04067178471064, 139.06106488062989, 143.01437719301157, 140.69417857718807, 129.60078987397637, 123.92629665595159, 116.60180942947552, 109.53741712702346], [31.15686570063411, 23.720555492378292, 17.17228905910584, 19.531573806936656, 25.0129039894937, 31.023143188054316, 35.128218520285785, 70.37158210502339, 76.56497905379229, 84.41105988356671, 92.85728646997016, 101.33792275558854, 94.36200937469852, 86.15147618245517, 78.17733487465294, 36.92316127699725, 29.87190686623688, 21.84364646269835, 12.265212974330368, 0.0, 4.664438409819556, 13.130987254117986, 22.68822697722804, 29.026017466460498, 35.382818944912096, 71.12942434908013, 79.62803661542813, 86.12683262362619, 94.73738352716518, 100.9416851558945, 99.89918966227555, 93.86247019345372, 87.1067953164715, 80.38013811190497, 74.63928539815468, 46.139110150803276, 53.73437270806776, 62.07892062713837, 62.76205979978966, 73.12184732028652, 81.06475787186673, 85.78368611739616, 88.5833350048864, 85.73421325827263, 74.1364746791576, 66.46346033138161, 62.87318071239271, 84.8161980382526, 85.56819901439623, 86.98977385868889, 92.5311052171667, 95.63640841181578, 101.33728403034796, 109.9967411412484, 108.77954939983255, 106.68915663356127, 102.93784954428531, 97.83097355617512, 92.76177928772718, 86.27044306663144, 88.94601485901299, 95.27882719049461, 99.95276523442887, 107.27795360114123, 101.43215867908918, 96.01445278816654, 90.60398730519293, 26.507777883455358, 40.07463303173594, 55.82204518017917, 73.96073277449172, 90.0905693465093, 108.82230722453559, 114.45440350950987, 129.87010828449493, 140.47570260595617, 145.07884525970394, 143.05784409484107, 132.72695062584322, 128.24135688549276, 121.56924178802255, 116.01871817380729], [28.190869679262295, 20.337153673325524, 12.897826516054788, 15.62784784269651, 20.62107099527883, 26.876644605352446, 31.590174262053843, 68.15760855748586, 74.62208378154453, 82.62157815892544, 91.06333356008841, 99.54280988697612, 92.28444641298331, 83.9805053935831, 75.90994945142637, 35.09970264375226, 28.291349924498654, 20.563864269859742, 11.890590621891835, 4.664438409819556, 0.0, 10.796755993085563, 20.409768807210877, 26.74220468633224, 33.10417962686268, 69.54460945399042, 78.28450025254783, 84.90767874556576, 93.81365534892501, 99.9363462739955, 98.66838031197997, 92.50330218341531, 85.61195886507132, 78.76290250850305, 72.95540294282723, 43.5307538670122, 50.25150287261722, 58.0756123252386, 58.39774485313293, 68.71336969549299, 76.72403364903973, 81.56757076116001, 84.61941792903843, 82.12509221523584, 70.60237134294836, 63.460854636360814, 60.66215273250192, 80.3582394209316, 81.05102816797269, 82.51978352874174, 88.14045597950113, 91.36711299630328, 97.22650779326725, 106.08168143924186, 104.63004597612729, 102.38490362208138, 98.55237616865786, 93.35221053563433, 88.27204126972171, 81.79877558483915, 84.45630674521293, 90.88096459606012, 95.72313117095844, 103.27593173481688, 97.19289491307545, 91.61592247025874, 86.11848613012715, 30.08773557429846, 40.46766836908993, 54.23808898474433, 71.5527380832258, 87.15810449895879, 105.45068536974642, 110.67127749185353, 125.62825761875365, 136.85848934562242, 141.94769938763775, 140.38115042872556, 130.54405027171376, 126.47424568467993, 120.53208870627991, 115.62498067889284], [21.42131826530863, 14.126071725773269, 11.611436082976514, 20.322217895391365, 21.14262846865869, 23.60922578401867, 26.957351657728772, 61.02916266495921, 67.09805955817829, 74.90968637935323, 83.79263692564079, 93.13386511922583, 85.30464755036624, 76.7815400886795, 68.82781534440694, 24.87879208083363, 17.852680465883076, 10.281640177028422, 5.283353334281837, 13.130987254117986, 10.796755993085563, 0.0, 10.162033722544868, 16.742899567126987, 23.27328612843466, 60.538916731521404, 69.5327970836123, 76.50635180273906, 86.16383087371291, 92.83204099826756, 91.36874269674453, 84.63312277406601, 77.40884024611717, 70.34299231121449, 64.32919681668699, 34.428335838647456, 42.016479203123936, 50.68743833958726, 53.75679348027672, 64.11890915111243, 70.96667009288801, 75.30362264034054, 78.71114913154015, 75.85321627801092, 62.568504396782515, 55.32080601428836, 51.96109630061323, 79.15890307381328, 78.20514925975478, 78.15832929712106, 83.37615059368551, 86.2100953425151, 92.2606593728176, 101.58519010532048, 100.35829189171244, 98.49810929677385, 95.08928846755153, 90.39383920608392, 86.0706720066131, 80.02834257129554, 81.07493720782394, 86.60226629148566, 90.96485875039275, 98.80712344929168, 92.62007761926523, 87.44962879703878, 82.93605227196215, 39.188369083808986, 50.353784440436435, 62.4549378529709, 77.956161937456, 92.55907596428119, 109.25785195729974, 112.82638651707121, 124.23949762556748, 135.08878680005452, 139.70806820548606, 137.97453262805845, 127.57442115023674, 122.55603711839606, 116.20927252936261, 110.14343185410536], [14.526592867387105, 10.435912657139479, 15.405547153519802, 25.672389155370446, 23.39006229268169, 21.343616706518766, 22.023090243454458, 52.09641372148009, 57.89109182194992, 65.57970382796974, 74.6792311589827, 84.51924738641495, 76.32147465528723, 67.69551453548233, 59.86217328406624, 14.898295308847283, 8.632551607858707, 5.3118576554988755, 12.21432235179472, 22.68822697722804, 20.409768807210877, 10.162033722544868, 0.0, 6.597671795475274, 13.138925872765622, 50.70969349494659, 59.88077971134641, 67.03600773146832, 77.1690705280631, 84.05451618117334, 82.38505360020467, 75.31685112621477, 67.89970355442142, 60.7118150397916, 54.603209896959314, 24.577420294148734, 33.26029521074834, 43.15308676692618, 48.536734477878184, 58.80359734196392, 64.64257086560133, 68.3197713540451, 71.39319560904471, 67.90849134794101, 53.700324579356746, 45.96971165064118, 42.14319067155815, 76.77117411191277, 74.37426220297617, 72.96112326498427, 77.59909129509964, 79.84720801395247, 85.68155003631125, 95.02557500773278, 94.29078587157225, 93.0176715496451, 90.15692137633262, 86.1873676625027, 82.65352834952334, 77.06192817830971, 76.64867009839426, 81.1464358330339, 84.74873790109338, 92.39186889018339, 86.54133231379066, 82.06944245359307, 78.64048227762983, 47.5617151308715, 57.720819921363734, 68.10354500497596, 81.64494644332409, 95.40140313277247, 110.44259782470374, 112.53543013750935, 120.71341383324626, 130.3560426229977, 134.231633419343, 132.19951458631516, 121.30587785405713, 115.57733835569306, 109.11586493949959, 102.57750395335708], [12.07757952838672, 12.189221873158022, 20.03673351881623, 30.12136981915245, 26.474152036160625, 21.86703525335982, 20.371357501998954, 46.25662539724071, 51.855649048769656, 59.45805734583169, 68.67835201170338, 78.8222456980956, 70.38008739771689, 61.69908957399313, 53.96512238791353, 8.876168956117784, 5.663270417751037, 9.641665432216985, 18.4625103118232, 29.026017466460498, 26.74220468633224, 16.742899567126987, 6.597671795475274, 0.0, 6.541659951825838, 44.350868020607074, 53.65438839334193, 60.92044780533476, 71.36720230049828, 78.34987384500495, 76.5206056599708, 69.24374486696688, 61.70283094738189, 54.435297277278266, 48.27103156730931, 18.176052883951844, 27.856466085402957, 38.69708440617284, 45.67651130645256, 55.7331164605523, 60.826299877452364, 63.98650484222394, 66.70963643277949, 62.747976827638844, 48.01565442914973, 39.870020713388726, 35.7081742649033, 75.5029569435432, 72.17469552513677, 69.84918294823109, 74.03385272536727, 75.83593516024227, 81.44485417859588, 90.7210283178281, 90.36045537405234, 89.5204576836883, 87.06148009705905, 83.63158334777523, 80.65458768195657, 75.40353539446632, 74.01985529631514, 77.76630892129425, 80.78869215302315, 88.20840633490423, 82.66440318078422, 78.73271590372669, 76.08081353795056, 53.17533516639586, 62.55197213009861, 71.84286090179879, 84.09468453019402, 97.26088902374222, 111.1819755541726, 112.33241888800573, 118.38993263555535, 127.12021168642492, 130.46845680788812, 128.2348899372458, 117.04600684642476, 110.88183496345852, 104.41512299898997, 97.67499298758126], [12.858609440699563, 16.507325301005913, 25.472379868599166, 35.169981575807086, 30.618178972412675, 24.181439654689896, 20.711333633551003, 40.64098180534223, 45.97546581848851, 53.4565544867232, 62.79875059250922, 73.2660329005228, 64.56609639434348, 55.840263530965686, 48.246746235187054, 4.815905374012555, 8.7432109751442, 15.598765390779809, 24.830647105924527, 35.382818944912096, 33.10417962686268, 23.27328612843466, 13.138925872765622, 6.541659951825838, 0.0, 38.10409340100401, 47.5534545020733, 54.934682984747504, 65.71910919319508, 72.79174658895991, 70.78517497377813, 63.28559392898708, 55.613990027991726, 48.2638385030918, 42.04325808229059, 12.019285546848451, 23.120828689690235, 34.96994374352068, 43.638798866307425, 53.31913030763176, 57.54847587696644, 60.103876842059705, 62.393415323226485, 57.89417479900883, 42.6415147401168, 33.98607028421218, 29.370451122976917, 74.78495487142648, 70.52901755277466, 67.26107938656627, 70.92608010792219, 72.2278898337761, 77.55293478152831, 86.70862752922868, 86.76243683243621, 86.39534990232774, 84.37646036243923, 81.53640777270506, 79.15498268854815, 74.28816253211848, 71.91014891327237, 74.83218628365428, 77.20584303837303, 84.33924181486269, 79.16214186627097, 75.83884808101143, 74.02852654382278, 58.8990290620433, 67.58002851328986, 75.88029449571188, 86.89395187625075, 99.45398806735864, 112.24713921908939, 112.47318182506163, 116.38302247812416, 124.12459657474155, 126.90481742442324, 124.45544308621906, 112.9695159261689, 106.35156953618873, 99.88985932556969, 92.95434589854797], [44.28746943317494, 51.854813261876025, 61.61959834405266, 69.76448883133823, 64.50249097290848, 55.53272675021894, 47.92476496952867, 20.64896188062027, 17.527552063762183, 20.19583428039181, 29.956636867852605, 42.68609580531035, 34.21202470237922, 27.09166911806993, 23.926525472337538, 36.848559087137644, 44.19354167311374, 51.808071781848774, 60.94588407571942, 71.12942434908013, 69.54460945399042, 60.538916731521404, 50.70969349494659, 44.350868020607074, 38.10409340100401, 0.0, 9.874217414318666, 17.689336548092527, 30.196310186993397, 38.17490181314449, 35.62268272278627, 26.843475742813723, 18.775039280308253, 11.615693668199112, 5.906040440565911, 29.20166402878851, 35.005518729414796, 45.1200657914783, 57.594219020568076, 63.11955880896774, 62.23748336421429, 60.22581653583978, 57.065924744421444, 47.84811451494722, 36.25904936709568, 24.897488909261373, 13.255335829404588, 88.75887325566927, 80.98857250135912, 73.599