{
	"dissimilarities": [[0.0, 8.620682975629256, 17.85527080072582, 25.634857918477923, 19.74922063934352, 11.796691742125457, 6.616775528993784, 40.709473202460785, 47.62062297049049, 55.91537492903813, 64.17440104324417, 72.5541963636675, 64.79017145766596, 55.479192471133345, 48.18203179041607, 20.699848035332266, 20.934311587278646, 21.975383408837374, 26.464915685751524, 31.192201318491488, 29.473962085565002, 22.657005139910748, 17.015238045480853, 14.68846974472501, 14.881214483364218, 45.673037002384305, 54.208859010741875, 60.78728474222014, 69.2859099809487, 75.33973311150143, 73.27480804402855, 66.96542163300906, 60.4682592095139, 53.358784664740966, 47.706812011749484, 18.946488808458575, 20.518565322335306, 31.49193031853751, 35.30880748018739, 47.18381968404489, 53.98895720573302, 58.22252039247331, 57.845871659605805, 53.560008609860716, 43.08972111097357, 34.51741847003629, 34.287025515903004, 66.78221057840629, 63.21698126596199, 63.45090159262159, 66.22133437698233, 68.06793335544067, 72.77602302861524, 80.26698518022292, 82.46352191961654, 81.63819756623688, 78.87573865752576, 75.54850132334404, 71.27528558021521, 65.7410060691478, 66.27298795824943, 69.76227975979563, 73.55368648116055, 77.85544221151564, 74.44858802562885, 70.65846964008851, 67.24091913502673, 54.130212389720626, 59.0133695021856, 67.18474180893911, 77.54815512105885, 89.83626090641042, 101.5556473740808, 104.9165983871904, 106.85966062996908, 114.68783069505092, 116.94782859655581, 115.84019710479336, 106.47612543983064, 102.02120845126645, 96.20147016235025, 92.7265540774488], [8.620682975629256, 0.0, 10.386097267356776, 19.946492724859425, 14.642923094207656, 10.637435693346918, 12.223813560661462, 49.178962813859435, 55.87372416807355, 64.0971582236192, 72.48205316522223, 81.07040412576525, 73.28359027951583, 63.94160183915661, 56.67693431148711, 21.802866279393292, 19.031503319069387, 17.13321257607869, 19.656135210365054, 23.817383717090294, 21.77278135569002, 14.816867786624739, 11.922026262332885, 13.097506812573684, 16.746686325053833, 52.39407775886926, 61.204383365281565, 68.00963362822769, 76.86230584335314, 83.18190511689721, 81.2352194462235, 74.78205189951645, 68.02633252171424, 60.868335182698765, 55.035131832897044, 24.59661273474602, 27.277228269138728, 36.56859339391044, 39.66703643015456, 51.350713311711864, 58.32634154718603, 63.28030123324656, 64.2014390613111, 61.02747241460084, 49.94498855695744, 42.21557957973803, 41.6165342713499, 69.36220556931829, 66.53495551093754, 67.58414547389835, 71.11373798122186, 73.63031600974904, 78.89539148006332, 86.98860913983819, 88.4035442268981, 86.91959761202887, 83.49146989910578, 79.38623573452732, 74.50792610540339, 68.64664760707936, 70.06509826440649, 74.56114126322065, 79.24076380144878, 84.28403612703082, 80.10015159456721, 75.43521411549524, 71.01754407271282, 48.52463714439377, 55.00227640928511, 64.69151319043556, 76.721121839797, 89.70441942895386, 102.79337357473003, 107.13746731773765, 111.19917761053058, 120.97359553192531, 124.19473859111679, 123.51677591656713, 114.53532653332871, 110.37696352713947, 104.35013178577537, 100.32816098548393], [17.85527080072582, 10.386097267356776, 0.0, 10.483849483176403, 7.642251734286959, 12.694647427406052, 18.737641571948885, 58.362499314408915, 65.41671865584509, 73.72753229099342, 81.92029380109751, 89.90402835415581, 82.35913737615122, 73.0945046204991, 65.76595785194961, 31.143328860265868, 26.777928959419786, 21.99062363933967, 19.116549964176613, 18.312187840557282, 15.420396861166546, 13.977338721688831, 18.142008453995462, 21.921083658269314, 26.651359269608914, 62.735044093926625, 71.46320009487805, 78.11172966199997, 86.65189274090744, 92.62799959150023, 90.82470010091842, 84.66901245872302, 78.1101178447587, 71.00783122827679, 65.25185193548049, 34.90053799219935, 36.17553487548242, 43.293469004171314, 43.645038734190265, 55.42621937775844, 63.45407954282445, 69.26155822584266, 70.66250439696313, 68.22654024513604, 58.29617123079938, 51.61689319397395, 51.80736098316458, 69.15315935157776, 67.9601463941714, 70.47510665632703, 74.9853209298566, 78.228874357743, 83.77315158922642, 91.94439954472085, 92.63728224721868, 90.32172491938029, 86.20725637058726, 81.16552130657486, 75.43628178100494, 69.0595575483666, 72.16962553642192, 78.09448231253221, 83.62334524595695, 89.12597708269135, 84.4100820137587, 78.88641048904734, 73.04925766402081, 42.109498326425644, 46.8061552297318, 56.77520154876798, 70.11255804664476, 83.81677215110794, 98.51524309357195, 104.2120711958273, 112.09162862763985, 123.64142934984963, 128.17517049052137, 128.11135643793128, 120.03135713800465, 117.15059457756527, 111.81681429475164, 108.85645691808331], [25.634857918477923, 19.946492724859425, 10.483849483176403, 0.0, 7.707893905632981, 17.645509434610418, 24.343489002527168, 64.3121899714153, 71.87375541182583, 80.26500926206394, 88.03885374141828, 94.96810365973872, 87.8460101447104, 78.80720840991155, 71.4614476161846, 41.38795460166348, 37.14243499079374, 31.896441169575187, 26.696305925197688, 21.487402251715913, 18.617758732650312, 22.75291155763249, 28.547648309310404, 32.26446612122389, 36.65548858971092, 71.26128099757774, 79.67688714675778, 85.93668119039128, 93.76166860110168, 99.03742402858214, 97.34773433996602, 91.73870596693473, 85.66675930552276, 78.70800273222606, 73.2052099814605, 43.93216236751716, 43.2232675242522, 48.699149331088876, 45.97033751736677, 57.88212376911969, 67.1551060106617, 73.4789458068664, 74.4403531440245, 72.14413677453372, 64.33009248974024, 58.466536064065046, 59.812775728002144, 66.53475451420076, 67.16871450541798, 71.0957437491723, 76.31125436672578, 79.97888945257773, 85.37902003533706, 93.04596131360321, 93.39230437040256, 90.47187505731812, 85.98983522889078, 80.31512125319038, 73.90992169917108, 67.09454260925278, 71.92028757108558, 78.98412177300807, 84.89956652856915, 90.3523634596684, 85.60617359320052, 79.66900224859238, 72.69784148822919, 39.35632222859933, 38.25074715080317, 46.60001620667926, 60.33351956172276, 74.60767346747939, 90.54546225322385, 97.41915370389482, 109.21121482311182, 121.49475144511769, 127.07156452053455, 127.5158592681071, 120.46386215097863, 119.21166414338782, 115.08786239579187, 114.11441755031754], [19.74922063934352, 14.642923094207656, 7.642251734286959, 7.707893905632981, 0.0, 10.285600876270236, 17.92388205670867, 58.378418138882324, 66.07232825504788, 74.45873704090974, 82.33600875368047, 89.64350772950361, 82.067931266986, 72.83276397040993, 65.54187020871883, 36.251585293648844, 32.922835262840124, 29.114528033123065, 26.721289411822344, 24.636930618578564, 21.62255889470206, 21.529217035232424, 24.572570181052754, 27.312920047699297, 31.082307646789307, 65.27078258736464, 73.86725238218644, 80.40753687224493, 88.56655478687365, 94.10767805111156, 92.08662156662344, 86.09723313946299, 79.85292636187536, 72.73651095329996, 67.15652814985607, 37.49028594339549, 35.95269554973798, 41.09531827197777, 39.09477268966685, 50.98044190317026, 59.89515263483608, 66.09958136813928, 67.31537276525837, 65.33820763907595, 56.9241096535822, 51.527994501275465, 53.443900537361905, 62.25858672938506, 61.77921926858296, 64.99393432464446, 69.92335762562698, 73.47165924783869, 79.03215597340474, 87.12593607107021, 87.42297797373897, 84.70854990403846, 80.35405701905515, 74.98954206204286, 68.96091925108583, 62.396370910907045, 66.25105855239919, 72.79319228131214, 78.62581657798464, 84.26801044911741, 79.36477471345961, 73.52826938666063, 67.08414137807317, 45.74011843176264, 45.490897670603, 52.2184772009917, 64.06846047785126, 76.84249259053782, 91.08055332151616, 96.6790406595197, 105.24068610880914, 117.63271464099869, 123.08862818569501, 123.76794394556177, 116.76579347685929, 115.31651970120217, 111.45279574018556, 110.32895644735284], [11.796691742125457, 10.637435693346918, 12.694647427406052, 17.645509434610418, 10.285600876270236, 0.0, 8.643158204048563, 48.784725995353725, 56.5629667354166, 64.9148408378926, 72.84466979583053, 80.49256278098791, 72.5398106658474, 63.16395425563964, 55.9391813215321, 29.9938950701973, 28.682251450762124, 27.554895247772183, 29.08181309580718, 30.54218329922609, 27.889839880706454, 23.63885103828528, 21.90139258703464, 22.199774381208677, 24.188896939602802, 55.99154103879861, 64.60345804545373, 71.28322020849014, 79.60691259343035, 85.31390342556735, 82.980830131521, 76.70681025169498, 70.39997710619743, 63.19696062895603, 57.631820167106135, 28.43283852966828, 25.70574698570625, 31.631524710539654, 31.34433112951587, 43.48944205388757, 51.807219179467666, 57.420523004647634, 58.19469034917066, 55.82428682868514, 46.80428204551759, 41.29121501854094, 43.739437137706865, 59.024178636833874, 56.836294909281634, 58.68211856611351, 62.78525759608064, 65.75809934760564, 71.15796019803408, 79.33590760186934, 80.13923763947537, 78.10028131241987, 74.3212759874941, 69.80101059175205, 64.57500081853736, 58.49743456352226, 60.683418592797494, 65.97030073546071, 71.1347732135127, 76.49944810533093, 71.938986782019, 66.78310392710321, 61.59326070296185, 53.24260454221085, 53.932792926301886, 59.545435316713714, 69.3576118886921, 80.78398354629564, 92.8855844191175, 96.83217773561127, 101.1416396982761, 112.23408088225543, 116.80142566070066, 117.26639466565652, 109.85933379543151, 107.77218442904703, 103.9534042280528, 102.61492103168382], [6.616775528993784, 12.223813560661462, 18.737641571948885, 24.343489002527168, 17.92388205670867, 8.643158204048563, 0.0, 40.4984034309046, 48.2001851924266, 56.58061414332429, 64.4762688827302, 72.1058354436647, 64.31275801546688, 55.01253661241129, 47.71877230343096, 26.707752099363024, 27.23606734688299, 27.966699224392748, 31.34899050491518, 34.43615614277315, 32.347365325078954, 26.989246343920776, 22.637939951301487, 20.765987906642653, 20.712677730415976, 48.50871800517545, 56.7940284754583, 63.18166227694758, 71.1942156587078, 76.7419198387854, 74.46966930205552, 68.3828711736562, 62.27127213563442, 55.1946762798257, 49.79233622270051, 22.548128872479886, 19.887395620662094, 28.71794985010791, 30.199713780401726, 42.58322925986394, 50.360050775024554, 54.96662888874741, 54.24646308145681, 50.24721054129522, 41.39434214977806, 34.22999018370109, 36.20584845085328, 60.565964529389355, 57.42790631269866, 58.1464610254024, 61.22453938907244, 63.291192758235404, 67.99544588338736, 75.40947372448258, 77.34789175523579, 76.22787255935843, 73.3144995620766, 69.78721428726914, 65.31999024037617, 59.643882593305996, 60.66253714968933, 64.59531649560941, 68.59140660246507, 72.97427877253081, 69.4549143440569, 65.45144249658262, 61.60170370563098, 56.31671031369779, 57.788774721871675, 63.61409413388296, 72.62528095671347, 84.07011267622839, 95.20722276826473, 98.35125807721829, 100.60508803235803, 108.97611631883615, 111.98917944132371, 111.51945376640987, 103.09778803412377, 99.99985299773778, 95.61976922512588, 94.02064477246202], [40.709473202460785, 49.178962813859435, 58.362499314408915, 64.3121899714153, 58.378418138882324, 48.784725995353725, 40.4984034309046, 0.0, 9.038873363914941, 16.911974438068818, 24.156686137729178, 32.623201009871195, 24.125570961226952, 14.821917048681998, 7.557357145117331, 43.30177068756679, 49.88821020751426, 56.00334454966013, 63.68695189348485, 70.08252655063842, 69.06516683236671, 61.59071427302264, 52.85460665343968, 46.988011081484615, 41.26750231395641, 23.214380227374864, 25.85844224290089, 29.350122332100035, 34.6911344076396, 39.19715430411122, 35.78699129536777, 30.060271180445547, 26.003874725448014, 20.660387645062933, 18.795073345735208, 30.92855826228583, 28.24007853535004, 36.11606132048005, 43.30050313975173, 49.17020394716291, 50.95371402651144, 49.17738621825651, 41.55456091466047, 30.247377687740887, 26.426249684434325, 15.598722075818294, 16.55391794512565, 73.61723812304459, 66.37167847598691, 61.55969850132052, 59.06288841017701, 56.29960013155239, 56.828659271319445, 59.855221535302626, 66.75350500163202, 70.3759389400891, 71.92669679386206, 73.597181137909, 73.51866650577414, 70.97718646174793, 66.05083238091204, 62.66535606668205, 60.3589282539103, 59.506958638713954, 61.35819225781062, 63.57694207759372, 66.94317899179147, 89.00602075587119, 91.44328838165605, 95.30128015608557, 99.38296539309601, 107.7511777530999, 112.55391605491363, 110.84831205445438, 99.98789345150368, 96.63928675536285, 92.31438367699643, 88.241413690891, 75.8889687036849, 67.52274368687543, 61.85756544675749, 59.602660463618285], [47.62062297049049, 55.87372416807355, 65.41671865584509, 71.87375541182583, 66.07232825504788, 56.5629667354166, 48.2001851924266, 9.038873363914941, 0.0, 8.401061354491706, 16.65362027682023, 27.050061546788648, 18.91150628776867, 11.076566200860313, 7.567558148948378, 47.1937706090982, 54.11306710748465, 60.68454361362591, 68.81600465642097, 75.86085011700246, 75.11547285040382, 67.29402640379381, 58.210431928249264, 52.157739829079226, 46.193322810671035, 19.444981835053742, 18.926136434319236, 20.89802218666422, 25.757078787981584, 30.75575680832273, 27.193082175536688, 21.098852169951943, 17.32197109792823, 13.149129458905408, 13.59867139345462, 35.900251416717374, 35.498783086734015, 43.59872043697416, 51.79449067583699, 56.862627135517826, 57.43247049992812, 54.743871417432274, 47.04503209222117, 35.68322270488183, 31.81994429263505, 21.590933632920418, 18.79308535716597, 82.00498080440838, 74.36564219106053, 68.9465906603694, 65.79357732693676, 62.44405885674666, 62.38629827583283, 64.62138248801627, 72.16423126771437, 76.50622666433583, 78.65154606728214, 80.95721179814365, 81.39662722797055, 79.22256477321454, 73.66121096738227, 69.38761859889077, 66.27412207127172, 64.64977794662829, 67.26717845531876, 70.29704259821689, 74.54241146255366, 94.34030972609123, 98.39013836690509, 103.23357216700911, 107.64266335179337, 116.28966817282368, 120.89213957817097, 118.88711865731108, 106.59673471709327, 101.17293892265309, 95.04689872544544, 89.75365510397711, 75.95779369885058, 65.07367158125655, 57.34781857699215, 52.45954195388192], [55.91537492903813, 64.0971582236192, 73.72753229099342, 80.26500926206394, 74.45873704090974, 64.9148408378926, 56.58061414332429, 16.911974438068818, 8.401061354491706, 0.0, 8.963286650871876, 21.078838001076196, 13.422387849209096, 9.651793523843589, 12.149373643742832, 54.2817771840778, 61.367496763543706, 68.1849494292375, 76.54383906816261, 83.83523239968791, 83.17965497911867, 75.20552400026506, 65.95238268072222, 59.82160834636063, 53.75411531769506, 22.19500868579776, 17.910792190384154, 16.909301959143495, 19.368262151319023, 23.951406685552147, 19.635282940891102, 13.47310569430842, 12.003977440882041, 11.705963954049663, 15.739549058984728, 43.38762862379554, 43.23399178086543, 50.37310804715534, 58.72889449370062, 62.672980151076835, 62.181698647665826, 58.5355974380579, 50.34109842320354, 38.94894065944023, 36.59768506651269, 28.328851899998245, 25.440382950401002, 87.86910850482214, 79.8363572733846, 73.76886138326907, 69.84358364767498, 65.81089276632817, 64.96919596592387, 66.19376976137895, 74.3773439905346, 79.48413815419615, 82.3484648012334, 85.44585722332876, 86.56184098975666, 84.91486112295861, 78.62753643609236, 73.31963136510177, 69.22086450508777, 66.65652986645281, 70.18862158437786, 74.2012876710646, 79.47259058497677, 101.99901905138185, 106.33335522372667, 111.06283054473722, 114.97350507951317, 123.18764688747964, 126.90689078057544, 124.20353172165873, 109.80515503419073, 102.28074663952182, 94.58550773966348, 88.47838980390881, 73.89920690579858, 61.35005413713777, 52.92404949558984, 46.98854737405204], [64.17440104324417, 72.48205316522223, 81.92029380109751, 88.03885374141828, 82.33600875368047, 72.84466979583053, 64.4762688827302, 24.156686137729178, 16.65362027682023, 8.963286650871876, 0.0, 12.998158236227852, 7.601914656597113, 11.852775350695676, 17.70203053668423, 63.21982354131306, 70.26274370589542, 76.97673214750692, 85.11780465407129, 92.14685631768306, 91.50363602079791, 83.8332348661548, 74.73121909424454, 68.64430145348351, 62.61803139608958, 30.43336482218675, 24.505126904513308, 20.7843670031089, 18.0459838656774, 19.254326981542878, 14.314739061818804, 11.836879811937266, 15.82243596494127, 18.989816244305054, 24.08135461754029, 52.23217639295137, 51.32570553775332, 57.395182681004144, 64.86003421152311, 67.96767226841747, 67.10443927684697, 62.75698455385572, 53.47965002204658, 41.71442523866508, 42.48530970186657, 36.04240675486861, 34.314475873633796, 91.85726200286885, 83.83574367465177, 77.43442827991394, 72.82806999111264, 68.09716988777359, 66.1543893144571, 65.71411717858194, 74.78959493188391, 80.666219533264, 84.36102835674052, 88.27093256834614, 90.01039933176163, 88.84685172203267, 82.18766092054388, 76.01503781413791, 70.7822269188824, 66.87232178121656, 71.69679247569363, 76.8268960602291, 82.96159632508116, 109.4864228057428, 112.86929135639923, 116.73275846329618, 119.56242890316219, 127.09282404370653, 129.65232873336126, 126.20019809955211, 110.21715087407061, 99.80395625602777, 90.33528012233488, 83.26771110978494, 67.98875856026913, 54.255663509053086, 46.130699241576224, 41.636055512842965], [72.5541963636675, 81.07040412576525, 89.90402835415581, 94.96810365973872, 89.64350772950361, 80.49256278098791, 72.1058354436647, 32.623201009871195, 27.050061546788648, 21.078838001076196, 12.998158236227852, 0.0, 10.538303810873076, 19.580912318304296, 25.579200838308633, 74.0698684763454, 80.7978601660491, 86.96792168794359, 94.29377639602217, 100.43215680226676, 99.76842693934671, 93.0440957817706, 84.5523766615857, 78.69785348376386, 72.9214167985794, 43.080942716180985, 37.1619002808415, 32.37549080458636, 25.759306288764318, 21.360812703140347, 18.33020148657174, 22.079724064849312, 28.21812544103858, 31.857289281104347, 36.721218498208266, 62.76770460081818, 60.507647033606126, 65.63146287546678, 70.96420066318605, 73.7571984424095, 73.51968846455979, 68.95743427978584, 58.0454540251707, 45.57877893540851, 50.87643633203965, 45.76680508601184, 45.66293730895858, 94.29817214047293, 87.00315433475868, 80.84890328213787, 75.82021852647922, 70.48119714214323, 67.05963125729983, 63.94796832572311, 74.27417825210445, 80.83896548699823, 85.4511445548447, 90.09274843892582, 92.27387973408871, 91.45422405406272, 85.0935938640614, 78.47157129927498, 72.02289642182623, 66.22074592522091, 72.83996588496987, 79.15177673419824, 85.7462568814524, 115.97377511798484, 117.00664583621867, 119.21203377766032, 120.29807448034512, 126.97827393691352, 128.17272006109502, 124.06770693010687, 107.8175610333193, 93.02999448124633, 81.1832111473886, 72.51066243646169, 56.1073393967111, 41.4023983852096, 34.992909383330066, 36.88831233105612], [64.79017145766596, 73.28359027951583, 82.35913737615122, 87.8460101447104, 82.067931266986, 72.5398106658474, 64.31275801546688, 24.125570961226952, 18.91150628776867, 13.422387849209096, 7.601914656597113, 10.538303810873076, 0.0, 9.733049897870707, 16.69180591920314, 65.91825622587116, 72.87084514955892, 79.36396155307523, 87.21409164553123, 93.69515136581012, 92.83703380616076, 85.49054401470636, 76.60596557509291, 70.6017035820856, 64.6684736899625, 35.2730872925837, 30.672148335287734, 28.022117702931986, 25.471563371619595, 25.178885574287754, 20.557292260739036, 19.280450132070413, 22.690142372913947, 24.501129603697994, 28.72169928150845, 54.017291751168365, 51.19504236978259, 55.778928182129484, 61.93641142402955, 64.42236505849031, 63.75300463542773, 59.230118324016495, 48.940593261987146, 36.75401468222485, 40.54389780238005, 35.883817206953914, 36.69758943169981, 86.84783336317524, 78.95425696455766, 72.50856888295091, 67.61454369458117, 62.56905584669569, 60.02087624858733, 58.75593374969914, 68.21164115534593, 74.33179727485464, 78.38780802449628, 82.66115308385156, 84.70410875114882, 83.82886342213479, 77.07807524493522, 70.56949498053291, 64.7946492457814, 60.22384174119269, 65.67536780019778, 71.32650577126965, 77.79634983521674, 111.03468815200367, 112.44711286441289, 114.70719508056239, 116.24070105162498, 122.7193387996129, 124.19758738415977, 120.1410844636497, 103.2751135394241, 92.26016789497412, 82.93609480980396, 76.37911946872487, 61.98323658825095, 50.064694963067005, 45.11360590613607, 45.19110405988694], [55.479192471133345, 63.94160183915661, 73.0945046204991, 78.80720840991155, 72.83276397040993, 63.16395425563964, 55.01253661241129, 14.821917048681998, 11.076566200860313, 9.651793523843589, 11.852775350695676, 19.580912318304296, 9.733049897870707, 0.0, 7.3923785020997155, 56.879011221885975, 63.82085611468432, 70.32523669408823, 78.29886156742626, 84.84402261442723, 83.86932713740372, 76.29606440437612, 67.32838735932565, 61.31462694846153, 55.384149388759326, 28.62629583861728, 26.41925526606965, 26.46359161647385, 27.93143590597408, 30.406620678830016, 25.897836045233394, 21.497560134302567, 21.121912715145566, 19.760969532246616, 22.214708834459614, 44.60005854811607, 41.46646395519316, 46.48528499177275, 53.20395200446469, 56.40919573884004, 56.225324869076736, 52.40867776497473, 42.89589258895389, 30.702913120026267, 32.05275521304453, 26.253009564107142, 27.71150253752898, 80.13630414198961, 72.1765411869865, 66.03314640494075, 61.81019368064473, 57.466861725036956, 56.095272486012746, 56.7480015031915, 65.20677117845837, 70.47336213174141, 73.63991051603436, 77.07484356846177, 78.49417153359366, 77.14652952804532, 70.721310890491, 65.07588011241907, 60.482511875890744, 57.40080647454083, 61.427767857767556, 65.9085899324623, 71.51362880178192, 103.17647906618521, 104.89245853808376, 107.51673073663264, 109.8216315364951, 116.70586747062586, 119.156875635556, 115.75149654729142, 100.36314743924011, 92.80290305557887, 85.78469929324234, 80.62859724403604, 67.43297686450633, 57.4124733875181, 52.59862374970591, 51.64903408851099], [48.18203179041607, 56.67693431148711, 65.76595785194961, 71.4614476161846, 65.54187020871883, 55.9391813215321, 47.71877230343096, 7.557357145117331, 7.567558148948378, 12.149373643742832, 17.70203053668423, 25.579200838308633, 16.69180591920314, 7.3923785020997155, 0.0, 50.47239726225231, 57.21089997394495, 63.46407352916059, 71.20079728334768, 77.5642257686088, 76.56113807526603, 69.14753714854066, 60.366692697171395, 54.45301857733351, 48.65340567924709, 25.882997251147728, 25.94484687942276, 27.673175589570075, 31.053834088368603, 34.477681416299404, 30.593912160918943, 25.572176888689416, 23.247629945453834, 19.69496477145438, 20.116223669986223, 38.09602149460729, 34.93125437117227, 41.11486868610278, 47.81108313575711, 52.31493576544215, 53.210308675399254, 50.3804719833854, 41.500396101340556, 29.324622123445565, 28.714792706484314, 20.7125709661338, 22.282315513739785, 76.19186107095081, 68.62964656690943, 63.1578954920936, 59.75531861480364, 56.139185461894634, 55.62459528640734, 57.34222596924096, 65.14488522168394, 69.62507797371785, 72.03736823524622, 74.63347719605729, 75.32155103821225, 73.38240462647155, 67.72400978892544, 63.17287528202554, 59.63197338770928, 57.54877520192993, 60.60708233895801, 64.04104517020454, 68.56121741406248, 96.012465743647, 97.80331387689519, 100.84604631564645, 103.86079423914715, 111.41912984276128, 114.9538458023236, 112.36247617345396, 99.30163336415296, 93.66382070390412, 87.97621881492992, 83.34002379911401, 70.5568323417376, 61.52604294077853, 56.41738365997001, 55.176633687619784], [20.699848035332266, 21.802866279393292, 31.143328860265868, 41.38795460166348, 36.251585293648844, 29.9938950701973, 26.707752099363024, 43.30177068756679, 47.1937706090982, 54.2817771840778, 63.21982354131306, 74.0698684763454, 65.91825622587116, 56.879011221885975, 50.47239726225231, 0.0, 7.672633114759888, 15.938496867683543, 26.826980538941463, 36.7986315936436, 36.206435901495226, 25.190972489726096, 14.805728401411734, 9.307608205449613, 6.060944121236394, 36.87805917629152, 46.03276588972272, 53.553598081053444, 63.998223440035005, 71.95202739999462, 69.93993011243471, 62.40688023182371, 54.62283782740679, 47.601473018291664, 41.44155917297835, 13.905989601679524, 26.034980182183318, 38.31318701913346, 48.060416791135566, 57.26964677311573, 60.41331459750574, 63.20206420351629, 64.46218154226744, 60.62982754631553, 45.62701271869491, 35.71696708463118, 29.953995796349528, 82.45229220289039, 76.83417318989297, 75.0782589783289, 76.67046866567968, 77.84456467464784, 82.72685662793054, 90.95667293658508, 93.3717272150255, 93.41043313022894, 91.12150264282566, 88.65294036580795, 85.40230717590764, 80.73761559546814, 79.0035953038637, 80.70743996239169, 83.91025540188444, 88.34160217532242, 84.88165675752094, 81.72443232646603, 80.05873390035775, 61.39642111195672, 74.14686683214507, 85.86050018782025, 97.73969151074819, 110.28823976898431, 121.74733591094066, 124.40757558270424, 122.18162976312074, 129.48428985127885, 130.12797398383162, 128.06551869731666, 116.8955923398768, 109.00744057285478, 100.06311481537098, 91.08380280308322], [20.934311587278646, 19.031503319069387, 26.777928959419786, 37.14243499079374, 32.922835262840124, 28.682251450762124, 27.23606734688299, 49.88821020751426, 54.11306710748465, 61.367496763543706, 70.26274370589542, 80.7978601660491, 72.87084514955892, 63.82085611468432, 57.21089997394495, 7.672633114759888, 0.0, 8.477452891170556, 19.657644937120672, 30.010365115963463, 29.57555432052779, 18.389831962004248, 8.913100769489708, 6.670074066594089, 9.571025816667722, 44.288617157960005, 53.28485400166469, 60.58623767863564, 70.78832986900598, 78.5537947718131, 76.80059878589249, 69.54020890058405, 61.876656718970665, 54.94977870484922, 48.844595834724764, 20.552112238701138, 31.18538671401514, 42.71162491822723, 51.06568875301556, 60.849065402960406, 64.78204994351019, 68.29430663732043, 70.04345072455793, 66.61394805628584, 52.00688571780999, 42.541951714449176, 37.334536027045864, 84.197424902501, 79.42268386578462, 78.53821939705995, 80.8228269343428, 82.52138182744577, 87.71190628536168, 96.14253693447645, 98.14411422352019, 97.65195464411859, 94.8694191314502, 91.74509661363992, 87.89485151410811, 82.81881873184655, 82.07508291079678, 84.7426815645735, 88.59217890690253, 93.4160637274152, 89.53596860975559, 85.73126211740616, 83.11164484634659, 55.07292250870953, 69.23959071346246, 82.22865444080263, 95.37231732404814, 108.72727904179388, 121.43991140646227, 125.05215454558912, 125.26443179804579, 133.65979073502072, 134.97419178303764, 133.08687200954242, 122.1338367903569, 114.67918099030437, 105.65396071626743, 96.79048018055126], [21.975383408837374, 17.13321257607869, 21.99062363933967, 31.896441169575187, 29.114528033123065, 27.554895247772183, 27.966699224392748, 56.00334454966013, 60.68454361362591, 68.1849494292375, 76.97673214750692, 86.96792168794359, 79.36396155307523, 70.32523669408823, 63.46407352916059, 15.938496867683543, 8.477452891170556, 0.0, 11.268711646090248, 21.821371475416587, 21.60325721604189, 10.831036946861225, 6.326745719392712, 10.395026732716905, 16.030449922050476, 52.04382203464036, 60.848315801604976, 67.82996360272831, 77.57791088448218, 84.95265372101628, 83.48098619718193, 76.63951893393046, 69.22516215878838, 62.38244998139183, 56.36625476155134, 27.58410315020884, 36.641206160675665, 47.54590078868934, 54.04806378241385, 64.54279382779355, 69.53199171831511, 73.73422947806885, 75.5635818103045, 72.2475538636648, 58.51382111189278, 49.27054054090405, 44.69996112773247, 85.35877946443753, 81.67566066358657, 81.80722647147049, 84.78510033024847, 86.95354942157282, 92.3031827482003, 100.689606189201, 102.40833274372739, 101.40562469260728, 98.1901036078244, 94.42457245312762, 89.93349410415193, 84.39585892270205, 84.84669008891903, 88.52672296486291, 92.91642100847959, 97.95082322934563, 93.82639347625799, 89.47148004988617, 85.84885670186553, 47.1979576350182, 62.4145157411527, 76.68489073639297, 91.1092665390735, 105.40716356033069, 119.49275139177718, 124.19509166403759, 127.40849280186674, 136.57717991351808, 138.51982149178406, 136.74716420862995, 126.05506293425101, 119.22963570395532, 110.30654300551747, 102.04207703178542], [26.464915685751524, 19.656135210365054, 19.116549964176613, 26.696305925197688, 26.721289411822344, 29.08181309580718, 31.34899050491518, 63.68695189348485, 68.81600465642097, 76.54383906816261, 85.11780465407129, 94.29377639602217, 87.21409164553123, 78.29886156742626, 71.20079728334768, 26.826980538941463, 19.657644937120672, 11.268711646090248, 0.0, 10.968460213724663, 11.592101099422228, 6.8797516128358165, 14.331043652523078, 19.97755254458997, 25.919041423998575, 61.82683406981059, 70.3143648843152, 76.8159028575517, 85.85967869420497, 92.62754382545543, 91.5353218038797, 85.31871246665254, 78.30628844179444, 71.62366832927215, 65.77969446705217, 37.189369636333815, 44.61785840027172, 54.88866267040899, 59.0484128703929, 70.31165806797624, 76.58357304296588, 81.44814866227104, 83.0207931780328, 79.57429752301826, 67.2007322245987, 58.04490843510555, 54.09429763093582, 87.56616477024416, 85.36651134522604, 86.7421591571681, 90.4521457554892, 93.0622252871877, 98.41921669706034, 106.48320710287888, 108.02838142167766, 106.50057577327414, 102.88485989842522, 98.44545466001627, 93.22660858917253, 87.15600811144638, 89.12310623567787, 93.92939536210487, 98.78076354507354, 103.84290533777143, 99.64515649036382, 94.80852191341161, 90.06735445283944, 36.32212752642098, 52.91803815575715, 69.08414116585737, 85.20569704599289, 100.86377089084002, 116.75011997725214, 122.90834488986243, 130.1915852720839, 139.82489740906632, 142.35936350897896, 140.58766279955606, 130.17180599834282, 124.14160554334191, 115.38194942242895, 108.06680539607204], [31.192201318491488, 23.817383717090294, 18.312187840557282, 21.487402251715913, 24.636930618578564, 30.54218329922609, 34.43615614277315, 70.08252655063842, 75.86085011700246, 83.83523239968791, 92.14685631768306, 100.43215680226676, 93.69515136581012, 84.84402261442723, 77.5642257686088, 36.7986315936436, 30.010365115963463, 21.821371475416587, 10.968460213724663, 0.0, 3.3339454463036713, 13.113018433491044, 23.21370719881124, 28.94833632100681, 34.845920863494264, 70.84628665172704, 79.1731783596084, 85.36407356602905, 93.77944093172283, 99.91272673833305, 98.97091971580619, 93.24809834779683, 86.6272132163718, 79.98210255840334, 74.27745473707631, 45.50136701847884, 50.8877622886452, 60.052163018995444, 61.762494035978825, 73.49333662256915, 80.98583017814462, 86.4861502577212, 87.82559982481075, 84.49061722626965, 73.64880379821055, 65.04566483452113, 62.25980786332021, 86.86437761076225, 86.17057971284234, 88.78120603191708, 93.20025497430586, 96.2635881781342, 101.61877221900968, 109.37990004285267, 110.60758300584241, 108.50160909972443, 104.48275935733815, 99.39780456833756, 93.5152403662943, 87.00536946427088, 90.45770744218513, 96.35858773917575, 101.67520831851876, 106.80564637566995, 102.48057735595702, 97.15890642999523, 91.32972293389494, 27.385622948941112, 42.79303779621385, 59.902956172798085, 77.2330509978404, 93.79687561411802, 111.12892228836081, 118.55770142643493, 129.65028385019042, 140.01951272194916, 143.45620228886648, 142.03155692380352, 132.36586774616293, 127.67015594973232, 119.77575199967123, 114.16174692319323], [29.473962085565002, 21.77278135569002, 15.420396861166546, 18.617758732650312, 21.62255889470206, 27.889839880706454, 32.347365325078954, 69.06516683236671, 75.11547285040382, 83.17965497911867, 91.50363602079791, 99.76842693934671, 92.83703380616076, 83.86932713740372, 76.56113807526603, 36.206435901495226, 29.57555432052779, 21.60325721604189, 11.592101099422228, 3.3339454463036713, 0.0, 11.846973102907809, 22.114115333965408, 27.899192928780383, 33.83869686401269, 70.40440312179854, 78.87851600510459, 85.2171917244297, 93.72767197286176, 99.8745885765064, 98.75570906503079, 92.90493455045643, 86.24721272927663, 79.47709290488994, 73.72095250644537, 44.32260935898496, 49.00851208807329, 57.63203899911428, 59.003271691683004, 70.66297332432482, 78.26187171059324, 83.91393975436775, 85.44132757123266, 82.43501735223182, 71.69358189838954, 63.55792326761646, 61.34804851968632, 83.77035924176707, 83.11803759328365, 85.83658606148191, 90.38043502108789, 93.57575498068091, 99.04449560701605, 106.97234469013787, 107.96754682843152, 105.71440113099762, 101.57490126039013, 96.38043836061476, 90.44172484523264, 83.92497400088153, 87.45298817762715, 93.50563243942207, 98.99271467903148, 104.30560363597957, 99.78748394252104, 94.29855480509627, 88.32052198588481, 29.547426659678955, 42.697024134862396, 58.65460925915054, 75.52020219997947, 91.61693124279428, 108.6682402566298, 115.93330936205638, 126.77740194060738, 137.7258890523234, 141.5658897978138, 140.5090116789234, 131.25320024078667, 127.00949658991287, 119.64869333012113, 114.54869951407782], [22.657005139910748, 14.816867786624739, 13.977338721688831, 22.75291155763249, 21.529217035232424, 23.63885103828528, 26.989246343920776, 61.59071427302264, 67.29402640379381, 75.20552400026506, 83.8332348661548, 93.0440957817706, 85.49054401470636, 76.29606440437612, 69.14753714854066, 25.190972489726096, 18.389831962004248, 10.831036946861225, 6.8797516128358165, 13.113018433491044, 11.846973102907809, 0.0, 10.713493597282305, 16.946647203683273, 23.22150848132733, 60.800895207553864, 69.65556154802437, 76.5295582872725, 85.83905173675984, 92.68335359494854, 91.18235758767607, 84.63357767709729, 77.50033221345933, 70.523038917729, 64.54062371521492, 34.28253003586016, 40.27661050801948, 49.42392984692286, 53.21559281713995, 64.25555163918737, 70.60485422378635, 75.77510648102997, 77.87568154313789, 75.20964076793861, 62.80027807287402, 54.69687538346174, 52.01303988081626, 81.46705044473916, 79.16657052788696, 80.63218200754874, 84.55604655271871, 87.43266124628474, 93.07633508034472, 101.58390171320401, 102.61915003009949, 100.80881873853426, 96.94845269099083, 92.32061663992661, 87.04801050131788, 81.01935974663206, 82.96980326761211, 88.00387716880748, 93.2171719726225, 98.7150169278372, 94.06502956871869, 88.87733809680587, 83.91414257865578, 40.31078498685236, 53.52482021280523, 67.57712248912371, 82.67821110663122, 97.27500714836026, 112.44477359747857, 118.15860614327002, 124.57538287999364, 135.454698978358, 138.80787510634482, 137.8142207039695, 128.23597003532316, 123.09137570040562, 115.42856646181092, 109.11776953395294], [17.015238045480853, 11.922026262332885, 18.142008453995462, 28.547648309310404, 24.572570181052754, 21.90139258703464, 22.637939951301487, 52.85460665343968, 58.210431928249264, 65.95238268072222, 74.73121909424454, 84.5523766615857, 76.60596557509291, 67.32838735932565, 60.366692697171395, 14.805728401411734, 8.913100769489708, 6.326745719392712, 14.331043652523078, 23.21370719881124, 22.114115333965408, 10.713493597282305, 0.0, 6.403690462116753, 12.770137884598196, 50.696001045848746, 59.76746435014798, 66.9726751635561, 76.74992426818935, 84.0058133672627, 82.19241001260598, 75.19213147158096, 67.7978286341817, 60.69751973605, 54.603865677631084, 24.08128667098669, 31.519752695118246, 41.74320015107315, 47.85424001186501, 58.36583324073074, 63.6085345568981, 68.04766264210416, 70.02374792137057, 67.150700352181, 53.65673333560638, 45.20582324117814, 42.02866209168828, 79.1243627564148, 75.37019518925406, 75.56251424050288, 78.66672350009306, 80.98750979699807, 86.4757769993904, 95.07762913324082, 96.50233084318052, 95.32413698872602, 91.98872519945697, 88.14068417534807, 83.63495656356453, 78.1232255753562, 78.560777271962, 82.37602995733808, 86.9560383933383, 92.21624962738296, 87.85456984423111, 83.31377033249649, 79.56150027835444, 49.57645029906634, 61.82313061139073, 74.24245092622863, 87.62218388984137, 101.05468019389853, 114.44009504067304, 118.72690799612806, 121.28680489003956, 131.12972580044598, 133.6606684847048, 132.47848988200062, 122.50259014414057, 116.56278243870045, 108.73747224048869, 101.74882918558635], [14.68846974472501, 13.097506812573684, 21.921083658269314, 32.26446612122389, 27.312920047699297, 22.199774381208677, 20.765987906642653, 46.988011081484615, 52.157739829079226, 59.82160834636063, 68.64430145348351, 78.69785348376386, 70.6017035820856, 61.31462694846153, 54.45301857733351, 9.307608205449613, 6.670074066594089, 10.395026732716905, 19.97755254458997, 28.94833632100681, 27.899192928780383, 16.946647203683273, 6.403690462116753, 0.0, 6.36689575208539, 44.43013205969649, 53.57389193079433, 60.89110737558244, 70.80468386050745, 78.18343206892374, 76.20826914769744, 69.04014462748336, 61.579126198447184, 54.423220703657826, 48.30124737293846, 17.769265914047036, 26.31273023125808, 37.5554478639469, 44.955974246472856, 55.19541651739982, 59.8640550576106, 63.743025802797796, 65.28048061974724, 61.99096075900944, 48.1324299124523, 39.20108331922048, 35.682211918395666, 77.75088114300497, 73.23531248693338, 72.67414536280371, 75.20184037661883, 77.08046058669319, 82.32037072264865, 90.75592315711276, 92.57754017519115, 91.86175342836938, 88.94824385943966, 85.65508928041686, 81.64390286565073, 76.44808411966892, 76.03025889790337, 79.03646575170316, 83.07298609765427, 87.99503920492468, 84.00090997909116, 80.00451728541177, 77.05443055692592, 54.56625991326543, 65.9293369470875, 77.39638783997216, 89.73038197702549, 102.56757462341426, 114.91917077617805, 118.40437988252253, 118.9088271184039, 127.7245789719096, 129.6185631894585, 128.2133793927029, 117.95555697025586, 111.57348901343661, 103.70467868527773, 96.54364140759333], [14.881214483364218, 16.746686325053833, 26.651359269608914, 36.65548858971092, 31.082307646789307, 24.188896939602802, 20.712677730415976, 41.26750231395641, 46.193322810671035, 53.75411531769506, 62.61803139608958, 72.9214167985794, 64.6684736899625, 55.384149388759326, 48.65340567924709, 6.060944121236394, 9.571025816667722, 16.030449922050476, 25.919041423998575, 34.845920863494264, 33.83869686401269, 23.22150848132733, 12.770137884598196, 6.36689575208539, 0.0, 38.238114372701865, 47.45785686186565, 54.89517956419052, 64.946741661066, 72.44962118467278, 70.29441100978264, 62.945264697126895, 55.416629817672074, 48.19945246680847, 42.048673599700095, 11.587667985585755, 21.76458372447697, 34.09155177300613, 42.8250552411356, 52.63527922906997, 56.63727798326453, 59.85810198924658, 60.86723690614471, 57.09259492062391, 42.88796966412559, 33.36334217443385, 29.37983389145223, 76.87526260906671, 71.61199101460443, 70.26359241818423, 72.15533099236481, 73.53951342366089, 78.47792641749614, 86.69109322327749, 88.94678181315177, 88.73217355018282, 86.28263052606889, 83.59067145388515, 80.11449119812573, 75.27398971334634, 73.97463457878008, 76.10318944027019, 79.52767537841652, 84.05376428300293, 80.48376619183884, 77.09848830792576, 75.01681196814548, 59.73859861669359, 70.28261683410766, 80.84424346159435, 92.15102923108245, 104.38026831194453, 115.6913016216881, 118.37793112697598, 116.81878340574089, 124.52551305102885, 125.73863342083398, 124.091291776769, 113.54284383250048, 106.6940409715558, 98.78817324643444, 91.46075640566298], [45.673037002384305, 52.39407775886926, 62.735044093926625, 71.26128099757774, 65.27078258736464, 55.99154103879861, 48.50871800517545, 23.214380227374864, 19.444981835053742, 22.19500868579776, 30.43336482218675, 43.080942716180985, 35.2730872925837, 28.62629583861728, 25.882997251147728, 36.87805917629152, 44.288617157960005, 52.04382203464036, 61.82683406981059, 70.84628665172704, 70.40440312179854, 60.800895207553864, 50.696001045848746, 44.43013205969649, 38.238114372701865, 0.0, 9.611096397605634, 18.011295240147167, 29.50342444272903, 38.500446913500234, 35.472041081233954, 26.756408972034162, 18.402497192636247, 11.837965638006473, 6.560288347978387, 28.948049723915425, 34.581561131700184, 44.57454512979625, 56.47533227110751, 61.58932600662386, 60.67968205678542, 58.542334262076125, 54.90706358725342, 46.98155596009845, 35.35726876374011, 24.173484021102713, 13.50031881207529, 90.42343700953272,