{
	"dissimilarities": [[0.0, 8.965108452590021, 17.96086878360326, 25.451127726157306, 21.020036903529878, 11.805908097447949, 6.520965062510074, 40.91732043693454, 47.69603619684244, 56.04447422927153, 64.26953887238278, 72.717950621447, 65.03059836317816, 56.74876178279964, 47.401157939477784, 20.563749375824706, 21.989745294384697, 23.420720410019033, 27.264612308779007, 32.10333966868108, 29.808252909016076, 23.1503887694813, 18.088762725981812, 14.535123330579001, 16.0293275234623, 45.629765703709936, 54.3876624798944, 61.36077807546913, 69.94662052547507, 75.47361022921308, 73.42486168247027, 67.3425108632228, 61.04851528098498, 53.40019304795467, 48.10924204762546, 16.314900451154486, 23.631759423719785, 33.97475688687491, 38.56264933943095, 48.19893976452692, 54.3172605783957, 58.49228397044681, 59.25106727574976, 55.74451326273334, 45.359932882887314, 36.636931566384895, 33.810219948929955, 68.92720905554815, 65.27970434047421, 63.15050098655655, 67.5380976717079, 69.20761131793358, 75.60137034348888, 83.74897442340861, 83.0678136839924, 81.54708507656052, 79.0489002256171, 76.7676592946523, 73.34450202734246, 69.02259724310395, 67.53174791443546, 70.84470670655266, 75.17796443647887, 80.9182954256124, 76.0438715853597, 71.6453049742789, 68.45327484570306, 54.87197621232294, 59.92818219780775, 69.80497664409202, 77.86362069814162, 90.32238241572301, 99.41017474937068, 99.94426338054151, 105.6418565627179, 113.24642683158764, 118.77504435470128, 116.02700709751201, 106.21445264517499, 100.62877604215662, 93.99517391314994, 92.9507238241077], [8.965108452590021, 0.0, 10.901078572849432, 19.87958060817305, 16.55090685913787, 11.68551489931197, 12.926340477250474, 49.60550308052404, 56.07910243981615, 64.18490859223299, 72.63940123031611, 81.37837705003264, 73.72235387198613, 65.42003324287332, 56.12695522912593, 20.941137015557917, 19.104889430129163, 17.730840055368752, 19.747717255013576, 24.393119465574905, 21.836882518186798, 14.715670776692884, 12.171188433222696, 12.066682551215598, 16.94309551307945, 52.11399587670199, 61.115923780007535, 68.23699660039144, 77.23244904354931, 83.18600087643779, 81.30825602852705, 74.97187126571984, 68.30328269128529, 60.77945990307174, 55.154774746717486, 23.153753884691138, 30.254594405730643, 39.447571170841854, 43.62378439022606, 53.35449337747375, 59.6905784633129, 64.49996901405721, 66.40695388687263, 63.70016858913091, 52.40452081769604, 44.335706625758554, 41.39440143619354, 72.50913581240606, 69.43556516538521, 68.13166670929347, 73.07742692410054, 75.38478642696458, 82.41693277554143, 91.1171826407271, 89.75029281735569, 87.6038180076233, 84.59626654394168, 81.5388096375449, 77.46457471870683, 73.01217718767836, 72.23514932850185, 76.35941547521121, 81.54955006743158, 87.97121355314377, 82.39589028811827, 77.16293482063834, 73.15574887439944, 49.21983653071858, 56.34567991879543, 67.92267267426855, 77.89935021535257, 91.13291384302453, 101.71917112716247, 103.24358281938946, 110.90342745269962, 120.35264985934688, 126.73300414763682, 124.36588531847073, 114.81793461085913, 109.36910507428587, 102.3766218811323, 100.52440364445006], [17.96086878360326, 10.901078572849432, 0.0, 9.51041286312918, 7.944190669726147, 12.815529890336059, 18.815336411807387, 58.58888676644397, 65.5422994641111, 73.93768011906906, 82.0750267549798, 90.06180153900482, 82.61679373503117, 74.3961581352013, 64.9945562706998, 31.183460475786728, 27.727965513191915, 23.51241987057521, 20.13795793584995, 19.46165464743042, 15.635698333263823, 14.616330666525235, 19.258630035537134, 21.87424633702067, 27.524189832588426, 62.83400527617037, 71.72984514603922, 78.65812670698506, 87.23110815738791, 92.78244798715315, 90.99989462263105, 85.04831895463622, 78.66546456729934, 71.14547636092136, 65.69524402140675, 33.478244747631514, 38.446580969067, 45.47823907855422, 46.533631599993164, 56.3064637942588, 63.72406606341739, 69.52515965516174, 71.84626345763202, 70.09645193533801, 60.3196652936538, 53.38763650466312, 51.609821653045735, 71.31601529881621, 69.72669864055135, 70.45519170025676, 76.16426035981455, 79.23483699471171, 86.37477295249036, 95.09976752054956, 93.10852211987807, 90.21232109462021, 86.48078186726424, 82.43293351773711, 77.2112667951372, 72.54272213642297, 73.48321076408713, 79.03696083922544, 84.99793029310474, 91.70955105829232, 85.75317844866083, 79.72612530652985, 74.30580705099001, 42.441480018823164, 47.45497169432811, 59.05724538796676, 70.27698406386742, 84.19918543116123, 96.54239832472706, 99.68308462457124, 111.16151019379608, 122.24596943438829, 129.7868863109098, 128.23724453320335, 119.73185338241451, 115.73442461089257, 109.72116018977802, 108.9729022836686], [25.451127726157306, 19.87958060817305, 9.51041286312918, 0.0, 7.423898418659904, 18.383388203239626, 24.784618663895834, 64.5409465207071, 71.80401642521873, 80.43859717594691, 88.14260712519147, 95.18264884315818, 88.18536308587967, 80.1980372144212, 70.76476402317076, 40.30976050079437, 36.62181095664005, 31.578241866646547, 25.61701896923077, 20.380089173338888, 16.437337575813487, 21.374342713460617, 28.16114525294076, 31.058475602056536, 36.66110577856752, 70.79087097043913, 79.40940286836027, 85.94796087391049, 93.8291890555561, 98.80596451176497, 97.18224119125387, 91.80290035141934, 85.87989030801754, 78.45727420070071, 73.32496293282547, 41.58340874517263, 45.62214121441831, 51.53479087422981, 49.954560915309315, 59.57491209035522, 67.86960713871181, 74.18211321256209, 76.1144894343879, 74.69716872112883, 66.89956593919435, 60.42545930453462, 59.14803869796215, 70.73464519106012, 70.57317497787311, 73.03062261360779, 79.12959598133503, 82.53402231083994, 89.254354915697, 97.4710028948058, 95.387514363749, 92.1664179415657, 88.02413676438732, 83.44072663074397, 77.3598364290897, 72.5529368554463, 75.02191298550899, 81.55526321274138, 87.67958102200168, 94.10874951499508, 88.34460387876842, 82.11093617917253, 75.72434095758852, 37.2995758346458, 38.543781501435234, 49.865876684584364, 62.18135569938304, 77.02617852408747, 91.01178377319209, 95.8142342100105, 110.83040727282201, 122.10758704170392, 130.00848193376842, 128.87122136392776, 121.04259067569112, 118.25951751632664, 113.09614158670537, 113.53172182352068], [21.020036903529878, 16.55090685913787, 7.944190669726147, 7.423898418659904, 0.0, 11.770868493688853, 19.263103176464814, 59.61026862603641, 67.19879413968607, 75.92493552606949, 83.60893343348097, 90.84291447124805, 83.33727275080696, 75.16812355802907, 65.7773297683899, 37.42637595351189, 34.90839584439164, 31.316550338610792, 27.862314951979098, 25.378790547878715, 21.301899508923075, 22.454887181857984, 26.676638470973906, 28.395217067592036, 33.34422564102312, 66.61398946440747, 75.36248565680391, 82.22491849459402, 90.35151507129441, 95.30799418882833, 93.32882865087572, 87.74787142704619, 81.80127175530549, 74.10835843838954, 68.97955502706013, 36.55482247016441, 39.05208136842743, 44.27996501656454, 42.728457740572125, 52.36253728810552, 60.52743580042918, 66.85663906775682, 69.09935587242698, 68.03269071625837, 60.04171109060622, 54.238096656971415, 54.133470550047655, 64.82741253504197, 64.03593702883794, 65.95932536048127, 72.00590447888763, 75.42139575123646, 82.39295900339998, 90.97718744964881, 88.66810341982328, 85.41232746690467, 81.33787789269556, 76.88080841103034, 71.12745970110822, 66.37369143043003, 68.25438530681708, 74.54509851455349, 80.760456356509, 87.47633961013474, 81.44712724427966, 75.13966884707156, 69.00005538082567, 44.56221860776474, 44.54524125674645, 53.36761201373985, 63.15473208916987, 76.49420926126676, 88.7019265300363, 92.07078328306768, 104.9476663321929, 116.77730793564612, 125.21444213733304, 124.4431805708861, 117.0928569274208, 114.5476224102302, 110.04906773260035, 111.08130753681328], [11.805908097447949, 11.68551489931197, 12.815529890336059, 18.383388203239626, 11.770868493688853, 0.0, 8.623277364044716, 48.796229962361174, 56.485073911510945, 65.17723487805966, 72.94780241184071, 80.67043544143588, 72.65440766654734, 64.29555244148386, 54.97130956728691, 30.125819547917366, 29.985823801246568, 29.27775374946789, 30.088466754791927, 31.742361105943633, 28.225959925807203, 24.415421486068613, 23.434879216968667, 22.406555452370384, 25.554639926680892, 56.094563569362364, 64.88333542554295, 72.0213143428335, 80.4202246354054, 85.46296750489611, 83.13741562140643, 77.27407395052498, 71.26915210542302, 63.3658729595598, 58.25912849919584, 25.644348437921405, 27.345452259053715, 33.57081711692203, 34.20157566381744, 44.073526073714376, 51.48930592493723, 57.10904762394594, 59.06557242965003, 57.46199802685362, 48.54190445489915, 42.49077731342868, 42.940657603165114, 61.15330994902315, 58.647967403981916, 58.50628001565471, 63.90779396341358, 66.68566428452806, 73.67849422896357, 82.44092998330123, 80.54260870688634, 77.90636497432519, 74.48155169410623, 70.98008667744533, 66.42045357461822, 61.86941135847995, 61.89569494536047, 66.84891255072475, 72.44404215960203, 79.05717959499563, 73.21943174691413, 67.55701408916052, 62.75127141561631, 53.507349965160266, 54.49720321094301, 62.094421402572344, 69.30831186613635, 81.09052513320034, 90.58656878423183, 91.66357429698225, 99.96688012732173, 110.62060554524226, 118.44896576229496, 117.2891042906511, 109.50895786755572, 106.18253032607805, 101.62852931198807, 102.61080140451546], [6.520965062510074, 12.926340477250474, 18.815336411807387, 24.784618663895834, 19.263103176464814, 8.623277364044716, 0.0, 40.51830621624695, 48.085679039901336, 56.802035352350146, 64.55083274395557, 72.28604542237741, 64.44165732431667, 56.152311081076846, 46.76968296822731, 26.5559509066925, 28.277024973212246, 29.401516010646883, 32.17734668023318, 35.449869399373775, 32.638937694521985, 27.5052325257658, 23.7951738872845, 20.658424033815624, 21.920577843547765, 48.43063838418669, 56.95677120969737, 63.84823465650569, 71.96514601847802, 76.88008125980026, 74.59433840679044, 68.87366543263401, 63.05034639869131, 55.22935437772005, 50.324416842576454, 18.818487470830753, 22.23617340578743, 30.882678353332913, 33.30564472333846, 43.0900932848059, 49.89479335145764, 54.50331477569225, 55.10281732830129, 52.125065985168916, 43.384082904230134, 35.83296798261561, 35.18750877650935, 62.725984664794915, 59.400573294475514, 57.91236273958275, 62.52352236517026, 64.40189965586784, 70.68026895170509, 78.77774132730386, 77.88443377374965, 76.14408113966591, 73.44232305774283, 70.97478875236393, 67.30158152121899, 62.92154894469509, 61.877979412026775, 65.62301054065095, 70.09459234700742, 75.84828592159703, 70.91995743685419, 66.36298487809222, 62.75801524145624, 56.75607698005106, 58.60027470777387, 66.37630186136404, 72.9222863600845, 84.62886738721448, 93.11311304814498, 93.43560956546469, 99.54415006162114, 107.59743048962618, 113.84719073806775, 111.73599359090808, 102.89051466036008, 98.56073362959853, 93.37403521194905, 94.06708259137501], [40.91732043693454, 49.60550308052404, 58.58888676644397, 64.5409465207071, 59.61026862603641, 48.796229962361174, 40.51830621624695, 0.0, 8.98478431709465, 17.893910156984916, 24.39482426731502, 32.759887999182794, 24.161859207253478, 15.85950637928372, 6.574548703816787, 43.955396451004944, 51.14927869938618, 57.33996758348474, 64.62289518287896, 71.02254336733695, 69.60396961981111, 62.30395087145566, 53.88527455849461, 47.53962800663332, 42.442238198608344, 24.098291394230774, 27.12569139742932, 31.533335577299876, 36.806354517953295, 39.83121473511119, 36.3684918536799, 31.60847543311947, 28.44353641880401, 21.564301519661726, 21.007071270476256, 29.18863167250274, 29.78142958896292, 37.4858024125273, 44.93812403728277, 49.15150541578001, 50.171900638514, 48.274875037754725, 42.055940743782074, 32.40020009263031, 28.945038007309044, 18.586270388703888, 15.217299827204892, 74.54942022953654, 67.89940521323, 60.41061204979556, 60.1573751083806, 57.29158755411905, 59.065808222285405, 63.02260617409884, 66.95723950456207, 69.81378536143187, 71.09011741056113, 73.7973117202389, 75.01475108058816, 72.33815267716217, 66.29655005423729, 63.440383436187005, 61.76965232255337, 62.67938634251072, 62.71485565209677, 64.23192049790202, 67.14134963730196, 89.77522766773282, 91.97971297414661, 97.38016505282478, 98.945130571825, 107.37826579680207, 109.28133649031454, 104.69892135676386, 97.65238654472681, 94.30779862999728, 93.5055975706715, 87.52531826423996, 74.75436225617476, 65.43857606729739, 58.82419382890381, 59.925876206598936], [47.69603619684244, 56.07910243981615, 65.5422994641111, 71.80401642521873, 67.19879413968607, 56.485073911510945, 48.085679039901336, 8.98478431709465, 0.0, 9.107170562738022, 16.603778540617675, 26.795814409120556, 18.84685971515971, 11.765479030093548, 7.5123852614623665, 47.75969134836051, 55.135084927481905, 61.75477670495014, 69.55904118509933, 76.57921830179154, 75.53883012312757, 67.8542204291095, 58.98041552313776, 52.59161173007198, 47.040205245065536, 20.367894979952375, 20.418146087836895, 23.356103680540254, 27.972603650797666, 31.241003456380156, 27.684089333492963, 22.634375742909125, 19.96538884283815, 14.16805121004251, 15.873485889674866, 35.02780606879646, 37.10736547454581, 45.02420530677359, 53.448073175382525, 57.18608560527571, 57.309719230254885, 54.534437614124194, 48.018884663129455, 37.91993980289625, 34.30852935236591, 24.406639534977955, 18.313645067429423, 82.91028452450384, 75.97593323687083, 67.83489738331183, 66.96621112381001, 63.52848543668031, 64.67569944184062, 67.79704537754093, 72.49384413068786, 76.03476768015346, 77.8888616276472, 81.19641202741805, 82.97428317649553, 80.50877093251017, 73.9557703195418, 70.27664607528683, 67.82949324890328, 67.9724355928695, 68.77690661182116, 71.08338913070408, 74.79813943660675, 95.08610968595752, 98.80454950730615, 105.08112865496336, 107.10417462114202, 115.78021436577319, 117.52678776712574, 112.7231697415594, 104.17890178994462, 98.79916755905171, 96.08085749610557, 88.83932113111655, 74.51537449560168, 62.797317420696345, 53.95700141433292, 52.771026451821406], [56.04447422927153, 64.18490859223299, 73.93768011906906, 80.43859717594691, 75.92493552606949, 65.17723487805966, 56.802035352350146, 17.893910156984916, 9.107170562738022, 0.0, 9.433901560325609, 21.99174387241951, 15.152430192270675, 11.740723685209572, 14.429432805232054, 54.01646532281628, 61.503002274325276, 68.46782469124503, 76.71671174356752, 84.2165456344185, 83.39487206238951, 75.35751393149793, 66.1273860747003, 59.73387775594833, 53.87229779349023, 21.256618216079175, 17.16447257439258, 17.42535840751742, 20.48748662176542, 23.687492680610728, 19.52244504879225, 13.97719828928534, 13.027133593796835, 10.603273551627394, 15.804170710304323, 42.67274637756391, 44.886281697535026, 52.284833165766244, 61.35074205220291, 64.35834560705676, 63.47286202693184, 59.77297288305829, 53.00490285583726, 42.78054952386878, 39.516564393804344, 30.954066256032775, 24.847516302881342, 90.34176506060281, 83.02323654075983, 74.13599042035608, 72.56356902683791, 68.53515096476477, 69.04117786568644, 71.38326867216155, 76.72006409964249, 80.93007570916937, 83.4032507521188, 87.3758331258592, 89.85000540366455, 87.67547510794195, 80.48345960977623, 75.86897421768555, 72.61352730959811, 72.03420558229004, 73.55581179455596, 76.68628976690664, 81.31818804222189, 102.68719849038817, 107.30096854714964, 113.88938216955006, 115.83752853926461, 124.30082035136803, 125.41566224951772, 120.02155925832714, 109.36316344330825, 102.21893923125326, 97.91951522273101, 89.74093082437294, 74.43241323019109, 60.73487117292054, 50.379380761080434, 47.2411055506742], [64.26953887238278, 72.63940123031611, 82.0750267549798, 88.14260712519147, 83.60893343348097, 72.94780241184071, 64.55083274395557, 24.39482426731502, 16.603778540617675, 9.433901560325609, 0.0, 13.27906424168876, 8.629242160231106, 11.79472268245129, 19.075162659779995, 63.31273844239633, 70.74525726161708, 77.56305445366327, 85.52122039370812, 92.63751664085969, 91.7784706964839, 84.14138208108508, 75.14635341229149, 68.77038114188775, 63.03094599991356, 30.3288122489584, 24.76942025708936, 22.229612393728008, 20.095074916452013, 19.35457070229007, 14.456407479348492, 13.368241543893234, 17.737810731418858, 18.907440480937943, 24.843171815099677, 51.423450232884896, 52.58590540838016, 58.777020123250026, 66.67716986927175, 68.75169747805658, 67.42391070784306, 62.9985554082957, 54.91737611132018, 44.372750847079686, 44.72163671655013, 37.974244110464774, 33.77759271226589, 93.44286472216062, 86.19387087098436, 77.19991443817962, 74.8846085409037, 70.14979851273341, 69.18255165742426, 69.82827283131856, 76.29124423933115, 81.37865519306057, 84.53186556560834, 89.32292038802755, 92.40967023060801, 90.57376818211132, 83.21606084919283, 77.8423886887937, 73.33015428514048, 71.25477018079306, 74.20348060241193, 78.56487695842824, 83.96201663565284, 110.07211017109545, 113.47901022361363, 118.99556160468659, 119.74132334735637, 127.41960600440493, 127.33329723655906, 121.33283852720334, 109.00332221358178, 98.86639464682152, 92.59744013638684, 83.49491840348907, 67.50641082842617, 52.80913375190372, 42.858899834146065, 41.65801702482962], [72.717950621447, 81.37837705003264, 90.06180153900482, 95.18264884315818, 90.84291447124805, 80.67043544143588, 72.28604542237741, 32.759887999182794, 26.795814409120556, 21.99174387241951, 13.27906424168876, 0.0, 11.042028299367152, 19.108971256877066, 26.80714197723536, 74.1975372846088, 81.34597513185487, 87.62602782010842, 94.72241003981593, 100.87205989651629, 99.95980795508538, 93.3413841090296, 85.0604528423564, 78.82397636545808, 73.51575309157752, 43.08327854025685, 37.51699462707814, 33.59224047144032, 27.293226212658954, 21.41920986420447, 18.234644890330877, 23.239521492741712, 29.843937056033695, 31.882637688317537, 37.680452782938396, 61.45218514053916, 61.89033865343098, 67.10181113447972, 72.67439523319207, 74.06992020279158, 73.07385000541463, 68.44419790532761, 58.62160673460081, 47.928113624610866, 53.24084837425694, 47.7583016122315, 44.96052829794962, 95.91106446200683, 89.3651913891263, 81.14515912908303, 78.33064454541416, 73.04043247892837, 70.04538672297741, 68.10707724206915, 76.08732311187048, 82.07565443968578, 85.78103781920376, 91.2783544155286, 94.61434862304137, 93.05001802130248, 86.25987068633636, 80.64522255872333, 74.76945181343592, 70.58493333639046, 75.50568986512174, 81.17712515779787, 86.84729490465367, 116.08535314380245, 117.2943622048711, 121.19435533640166, 120.41447244547884, 127.30480992764787, 126.12784009901367, 120.0469617422126, 107.45382586383701, 92.82404969362533, 83.51056874676507, 72.87692424546053, 55.52007196324152, 39.68082963042665, 30.8947131806777, 35.580872978028765], [65.03059836317816, 73.72235387198613, 82.61679373503117, 88.18536308587967, 83.33727275080696, 72.65440766654734, 64.44165732431667, 24.161859207253478, 18.84685971515971, 15.152430192270675, 8.629242160231106, 11.042028299367152, 0.0, 8.786234402302327, 17.756130041748253, 66.47705989547707, 73.91168658873482, 80.48332643557931, 88.02913796744943, 94.52387278353905, 93.32778156698308, 86.13180884961896, 77.49540378529964, 71.09713644600487, 65.62386321656729, 35.99887689616109, 31.908438234433643, 30.545690035013546, 28.47805147541975, 26.21173646670962, 21.566447952664273, 21.915101831524055, 25.863978867136858, 25.432384847099353, 30.54112073423346, 52.873808017237025, 52.070377804792535, 56.713907470260246, 63.063203549376546, 64.31915568438295, 62.913874853665384, 58.23562205374846, 49.08838824400765, 38.41787678490821, 42.30297832930633, 37.2993342661376, 36.00563425977543, 87.65865398534677, 80.54757876521592, 71.72145211579132, 69.03043052547883, 63.95842508381922, 62.07609819127557, 61.869711464111326, 68.81874106625015, 74.26598215487358, 77.69582524888811, 82.88912235143275, 86.27698259038223, 84.66992497879211, 77.3442427085482, 71.67609691307312, 66.48326415218018, 63.610487467513764, 67.30267925691804, 72.31181224968098, 78.01484937308311, 111.63842697666557, 112.87652814472568, 116.67935147800613, 115.84506296540586, 122.40020119626755, 121.09950735339002, 114.46181325938126, 101.24491996516187, 90.29198891981902, 84.19986293833684, 75.58267619578436, 60.61977099282681, 47.744516329214385, 41.480456720225796, 45.26071939260277], [56.74876178279964, 65.42003324287332, 74.3961581352013, 80.1980372144212, 75.16812355802907, 64.29555244148386, 56.152311081076846, 15.85950637928372, 11.765479030093548, 11.740723685209572, 11.79472268245129, 19.108971256877066, 8.786234402302327, 0.0, 9.438780842566798, 58.44154561054573, 65.92339706381539, 72.515816072077, 80.15789686464359, 86.74902632313682, 85.41637421871962, 78.00474420226278, 69.29708072797816, 62.86368756547285, 57.408009446876065, 30.054128646046987, 28.048284115965917, 29.0963872680429, 30.43192792557415, 30.705506502725306, 26.129894367707728, 23.526044771411744, 24.41873306444872, 21.183335073956133, 24.901553318056045, 44.34531654155159, 43.30329783868768, 48.344838495619705, 55.30010155378666, 57.162138307741685, 56.13601173317764, 52.0394949203735, 43.74103552201852, 33.07065202821511, 34.66963945407304, 28.685964064938275, 27.722706006988155, 81.66021158672987, 74.42852829205111, 65.64529848926911, 63.569976393838076, 59.08081797351399, 58.52587325516742, 60.02965049944871, 65.86948368708268, 70.49235537122327, 73.30026860798169, 77.79599546747306, 80.68757977378677, 78.8011471193346, 71.55607887027158, 66.5166760082736, 62.41730200987708, 60.97198232401879, 63.30560795527932, 67.23376463169448, 72.30279665703166, 104.82823303632767, 106.3222912269366, 110.47684379877914, 110.19957132016525, 117.10578960628091, 116.54832882522007, 110.23312600138223, 98.34233649609168, 90.51341597868668, 86.79201919752649, 79.45159178812264, 65.69808476642183, 54.51254762175236, 48.551428898360406, 51.311916732074366], [47.401157939477784, 56.12695522912593, 64.9945562706998, 70.76476402317076, 65.7773297683899, 54.97130956728691, 46.76968296822731, 6.574548703816787, 7.5123852614623665, 14.429432805232054, 19.075162659779995, 26.80714197723536, 17.756130041748253, 9.438780842566798, 0.0, 50.23491425982301, 57.529882711759406, 63.830894652099985, 71.1651994777679, 77.52072730833727, 76.10785985881336, 68.87803720408701, 60.4259081957007, 54.05758407301713, 48.862102969568866, 26.552084628717235, 27.439539052437016, 30.51317689845751, 34.175131156533496, 36.02891936706817, 32.14883173113627, 28.268228028605225, 26.680385091478517, 20.9972775860562, 22.359391504985688, 35.5800626664147, 35.135510017568194, 41.43503042571614, 48.39238762393201, 51.52702455195973, 51.740847994183795, 48.89844210842252, 41.518486521438106, 31.156379483476222, 30.45778382486149, 22.13474945182249, 20.401398411247623, 76.43878291924487, 69.5753709487211, 61.58269229283789, 60.545595536733536, 56.95494716052985, 57.661662476564764, 60.54467149326683, 65.34002662415791, 68.96252728396188, 70.88458999715988, 74.37687361561589, 76.29415744466833, 73.9480065843943, 67.43126592096134, 63.65949313906451, 60.89850214772857, 60.748451310870315, 61.81908345657949, 64.40930893281586, 68.22683795600938, 95.80717853691236, 97.39030567513096, 102.0370852532608, 102.62958165301494, 110.33260123294333, 111.10972241150465, 105.78472096506934, 96.79057906965744, 91.48361960228225, 89.52321960323034, 83.0309723594512, 69.92011727557225, 60.09118926621398, 53.98681886580937, 56.167105926809114], [20.563749375824706, 20.941137015557917, 31.183460475786728, 40.30976050079437, 37.42637595351189, 30.125819547917366, 26.5559509066925, 43.955396451004944, 47.75969134836051, 54.01646532281628, 63.31273844239633, 74.1975372846088, 66.47705989547707, 58.44154561054573, 50.23491425982301, 0.0, 7.999538176400244, 16.035163452317445, 26.539235164733192, 36.77745893476887, 36.24260069209319, 25.198851459545153, 14.484636701791798, 9.378241893744743, 4.696849176741467, 36.98003917950368, 46.14199914913195, 53.70073804771143, 64.2149572680773, 71.78006906336806, 70.003219841308, 62.42999299172598, 54.60621838567628, 47.71105171700923, 41.35944571734971, 17.559376877074254, 29.75571331548632, 41.711339964756554, 52.02199916195246, 60.50057373446329, 63.951609221615556, 66.52684875253561, 68.26972038911825, 63.98129870289506, 48.73004380812015, 38.64643780940325, 31.329701712882713, 85.21162679457548, 79.92930381073057, 75.20977375006723, 78.63594786092177, 79.62089245125637, 86.57040177091402, 95.27036573831907, 94.8345097279654, 93.92695944177822, 92.19171260470978, 90.69693881325153, 88.57366729576921, 84.65161899210888, 81.08804517420857, 82.61498080165875, 86.54048341529139, 92.56609524991096, 87.53501884337585, 83.62848685465929, 82.15700358671215, 62.40745241814591, 74.86871126010257, 88.07028588478792, 97.91384024273897, 110.68955955683114, 119.51369963854663, 119.02614655949778, 120.79225252654179, 127.9964754107312, 132.23297371052524, 128.23606448965415, 116.47521662453069, 107.53306464107615, 97.52540124177297, 91.52092924175265], [21.989745294384697, 19.104889430129163, 27.727965513191915, 36.62181095664005, 34.90839584439164, 29.985823801246568, 28.277024973212246, 51.14927869938618, 55.135084927481905, 61.503002274325276, 70.74525726161708, 81.34597513185487, 73.91168658873482, 65.92339706381539, 57.529882711759406, 7.999538176400244, 0.0, 8.336497837792804, 19.29428735152895, 30.111875530489005, 29.965713991784497, 18.709354498425274, 8.80305345986363, 7.747222257267052, 9.521619924593711, 44.50801981252486, 53.47303241650607, 60.72086625052045, 71.0001006570053, 78.55736784963568, 77.06372065215135, 69.68550813865873, 61.919432446944164, 55.25274775693925, 48.9602499293149, 24.178811046432386, 35.70994734587819, 46.98279642122355, 56.079157894697474, 64.96916659698513, 69.08931946599593, 72.34007650289294, 74.53329593177847, 70.69089667796526, 55.75383834612446, 46.07997620895799, 39.11189099737226, 88.08501940109555, 83.48926088536592, 79.75603031483816, 83.71843541936894, 85.20093933923165, 92.42565685489024, 101.31214330601851, 100.51184401495671, 99.14953173946245, 96.96671867781087, 94.84531838787879, 92.03755871163283, 87.92574992579513, 85.21494754778472, 87.58315191608068, 92.09104625209676, 98.43266699859937, 93.0561536593258, 88.56426693236303, 86.26049872949235, 56.30566702635221, 70.58426746152898, 85.17256890849688, 96.5789277614385, 110.20708108270519, 120.44534021238698, 121.05454725432811, 125.09280161589511, 133.2686983333006, 137.95444261657423, 134.14205061273967, 122.48353174995322, 113.84284763410302, 103.64199727255757, 97.35084601751511], [23.420720410019033, 17.730840055368752, 23.51241987057521, 31.578241866646547, 31.316550338610792, 29.27775374946789, 29.401516010646883, 57.33996758348474, 61.75477670495014, 68.46782469124503, 77.56305445366327, 87.62602782010842, 80.48332643557931, 72.515816072077, 63.830894652099985, 16.035163452317445, 8.336497837792804, 0.0, 11.09782792446963, 22.192703892675677, 22.40743413537509, 11.540920288559743, 6.340786643089404, 11.085354007102618, 16.185570841268223, 52.23218713155789, 61.05520928817316, 67.98484699723218, 77.81309960540808, 85.10082088032868, 83.83590899878325, 76.81900123930829, 69.28219410553177, 62.68365357000404, 56.533853073214175, 30.249551381837534, 41.08476179592031, 51.69690736961634, 59.07921918872928, 68.3726267872934, 73.35673596936725, 77.31753104901074, 79.66718660297217, 76.20259605483653, 62.14274432802351, 52.77498440714171, 46.29609545059839, 89.39614706734118, 85.68229177372109, 83.17056827786699, 87.67836008748571, 89.63198719086525, 96.94572826001124, 105.83506290418407, 104.75681215949066, 102.96565414414492, 100.32238206425576, 97.58188638929917, 94.0071381148168, 89.69206733171845, 88.0381200228039, 91.33952062713402, 96.33352846951493, 102.82911629405739, 97.25405018580585, 92.25921876814995, 89.036277056396, 48.776296655869004, 64.25218302612136, 79.99807608037824, 92.85887493560791, 107.34014694490858, 119.04030536682642, 120.90752822271395, 127.63740406176812, 136.54606547460352, 141.66268798631504, 138.09918252896242, 126.70020542850737, 118.68834134488417, 108.66441420715692, 102.70994297443374], [27.264612308779007, 19.747717255013576, 20.13795793584995, 25.61701896923077, 27.862314951979098, 30.088466754791927, 32.17734668023318, 64.62289518287896, 69.55904118509933, 76.71671174356752, 85.52122039370812, 94.72241003981593, 88.02913796744943, 80.15789686464359, 71.1651994777679, 26.539235164733192, 19.29428735152895, 11.09782792446963, 0.0, 11.346080707747857, 12.472193671924, 6.680495636160687, 13.731398158234322, 19.658143509382615, 25.762705290603353, 61.830732079045475, 70.44254284598158, 76.93289362398438, 86.0395026582899, 92.81832981057588, 91.82468549980511, 85.38381177362251, 78.257367609387, 71.72120813972326, 65.82933957241102, 38.32445838750733, 48.28679263339147, 58.10088164625433, 63.08884856747942, 72.7473968727872, 78.83317921190653, 83.56931646308684, 85.7892854408212, 82.65769331368587, 70.13011351938691, 61.03796384385126, 55.09601367273303, 90.73136968893701, 88.27112594639806, 87.39792860262511, 92.49743065794947, 94.93168401792113, 102.11530551841614, 110.7613555319576, 109.49270634232647, 107.268155267136, 104.10963096485467, 100.68981672946505, 96.16269207280766, 91.61694358260998, 91.40058666577094, 95.82701732663595, 101.23460740746073, 107.69118152966912, 102.08666385022369, 96.64493450330467, 92.31523088610041, 38.19080738695984, 54.86714840423196, 72.08037928472245, 86.81491720531821, 102.44422798936051, 116.05550218024734, 119.6748925796233, 130.0498305769855, 139.43246757485508, 144.90144779516783, 141.61157813251634, 130.58160239835274, 123.51130907940647, 113.90442911907027, 108.72348633782937], [32.10333966868108, 24.393119465574905, 19.46165464743042, 20.380089173338888, 25.378790547878715, 31.742361105943633, 35.449869399373775, 71.02254336733695, 76.57921830179154, 84.2165456344185, 92.63751664085969, 100.87205989651629, 94.52387278353905, 86.74902632313682, 77.52072730833727, 36.77745893476887, 30.111875530489005, 22.192703892675677, 11.346080707747857, 0.0, 4.359444954198299, 13.093923331883005, 23.29229258027636, 28.847886971706508, 35.20754309901557, 70.99783817998738, 79.45992814878598, 85.63312539855276, 94.02226591719631, 100.15621225583249, 99.29089457505903, 93.44088670045409, 86.78963754997575, 80.1929785366133, 74.5913874812198, 45.93629845172214, 54.62204016766951, 63.39744423413899, 65.83099802076677, 75.63169878929592, 82.7524603085463, 88.19786911464132, 90.20728149627608, 87.49941057970035, 76.76570300540749, 68.16547900737568, 63.12094608386149, 90.19114043421476, 89.06170091188064, 89.88562444463415, 95.50527266142305, 98.38390363522198, 105.32467939703683, 113.63326771346684, 112.16682478479844, 109.52131865800418, 105.87247028998723, 101.81988905782282, 96.38138272333832, 91.66062053375262, 92.92780524695961, 98.43902566863032, 104.17853468147159, 110.51604988891499, 104.94880722321031, 99.1374818325197, 93.74032690099565, 28.16945684501016, 44.38833544824548, 62.58226312087491, 78.88596670473142, 95.45331780930397, 110.79804659510343, 116.12556845636664, 130.1288777715519, 139.9636137635041, 145.9257731571566, 143.10039661465473, 132.774869462224, 127.01545659466998, 118.32880454937965, 114.52029541623651], [29.808252909016076, 21.836882518186798, 15.635698333263823, 16.437337575813487, 21.301899508923075, 28.225959925807203, 32.638937694521985, 69.60396961981111, 75.53883012312757, 83.39487206238951, 91.7784706964839, 99.95980795508538, 93.32778156698308, 85.41637421871962, 76.10785985881336, 36.24260069209319, 29.965713991784497, 22.40743413537509, 12.472193671924, 4.359444954198299, 0.0, 11.84287087946504, 22.325022010285007, 27.721360746481317, 34.20743841739871, 70.55199841738907, 79.18394090365013, 85.58401837506837, 94.06825648622264, 100.08840519660492, 99.00493371895546, 93.10621619894165, 86.47934818650133, 79.62948562133091, 74.01808596178807, 44.22739312693076, 52.01486032526989, 60.220152853730035, 62.151493916362554, 71.91492486174555, 79.16728513724969, 84.81308931505893, 87.04362568012935, 84.70190872632247, 74.17119424752592, 66.06321141888623, 61.84513995083758, 86.05885971253042, 85.00677571305941, 86.03958936217781, 91.78000146451322, 94.82147104755752, 101.88307515876063, 110.35337176273367, 108.63761339661328, 105.80898254225461, 102.03516055194268, 97.8284736679584, 92.29386543820706, 87.57077635733307, 88.96540073197168, 94.66389445711788, 100.59792250455328, 107.11841455953463, 101.35536573473287, 95.35153264753797, 89.77090105694809, 30.26586033226842, 43.60236181483351, 60.55332389705689, 76.09197439476583, 92.18894126061552, 107.17338351752412, 112.25066780602862, 126.19537966644614, 136.68822844752802, 143.23637612808136, 140.83984316976415, 131.07881803250584, 125.88449991408604, 117.90290709598152, 114.87155802325006], [23.1503887694813, 14.715670776692884, 14.616330666525235, 21.374342713460617, 22.454887181857984, 24.415421486068613, 27.5052325257658, 62.30395087145566, 67.8542204291095, 75.35751393149793, 84.14138208108508, 93.3413841090296, 86.13180884961896, 78.00474420226278, 68.87803720408701, 25.198851459545153, 18.709354498425274, 11.540920288559743, 6.680495636160687, 13.093923331883005, 11.84287087946504, 0.0, 10.860132471978183, 16.901296366152092, 23.484439946417154, 60.95311486670122, 69.88902208980286, 76.80377407194297, 86.12595139280609, 92.75859969785623, 91.39015087128581, 84.81838734489736, 77.69111060616824, 70.71489367125416, 64.76980562663337, 35.102314854269125, 43.637752959629125, 52.63977924721981, 57.182680951913596, 66.79413250725777, 72.9825475761866, 78.00588000995084, 80.67881034558359, 78.13860246355972, 65.65979068266633, 57.35968497754427, 52.80661080771515, 84.54474156053196, 82.04866750941767, 81.31581638213139, 86.57881640514863, 89.25796765535208, 96.71070006586464, 105.69628580317642, 104.01120564914315, 101.50761373921097, 98.18021287070238, 94.55494790698273, 89.96379567053042, 85.4340674466567, 85.25169359422259, 89.88185534422695, 95.61255710204824, 102.42126114097361, 96.45384048453197, 90.69854790195576, 86.16934944838708, 41.06458483827706, 54.47201658883382, 69.93014975045128, 83.42269285499734, 98.21713291747203, 111.11843339745269, 114.20136676085752, 124.15575481272585, 134.62092561743344, 141.01800221177518, 138.3915011154279, 128.22303009497793, 121.97477255289064, 113.44606228601285, 109.43851914257418], [18.088762725981812, 12.171188433222696, 19.258630035537134, 28.16114525294076, 26.676638470973906, 23.434879216968667, 23.7951738872845, 53.88527455849461, 58.98041552313776, 66.1273860747003, 75.14635341229149, 85.0604528423564, 77.49540378529964, 69.29708072797816, 60.4259081957007, 14.484636701791798, 8.80305345986363, 6.340786643089404, 13.731398158234322, 23.29229258027636, 22.325022010285007, 10.860132471978183, 0.0, 6.570980632173329, 12.92744304118912, 50.761018399974134, 59.86571989128544, 67.12663310836946, 76.98703919995869, 83.9911741431706, 82.38704394285772, 75.36912561033647, 67.94541369055786, 60.89563699090096, 54.764260449728525, 25.902135595026596, 35.63699437024579, 45.816014161244894, 52.824457064488044, 62.14043429255699, 67.28075878548123, 71.45469910785943, 73.98190839217055, 70.9062060158837, 57.10677406430248, 48.29255962504925, 43.118330274137655, 83.11864188024684, 79.35092166533077, 76.9178945255829, 81.52058152785122, 83.60672775708227, 91.03217872015004, 100.09387366656013, 98.77672980206496, 96.82992979231418, 94.09400427858107, 91.27207379568705, 87.6869769451466, 83.38334124093156, 81.72862914733311, 85.14627332838239, 90.2952519935308, 96.96493048147848, 91.20612865198723, 86.057899286862, 82.72531142184111, 50.45659183034095, 63.135925772737195, 77.30957859325983, 88.94916913620864, 102.70884485335397, 113.69104972933134, 115.07557706989773, 121.40007657642857, 130.88143243257193, 136.6446373603281, 133.59702237380827, 122.92291392670502, 115.70478485944776, 106.74371499367601, 102.09725846617334], [14.535123330579001, 12.066682551215598, 21.87424633702067, 31.058475602056536, 28.395217067592036, 22.406555452370384, 20.658424033815624, 47.53962800663332, 52.59161173007198, 59.73387775594833, 68.77038114188775, 78.82397636545808, 71.09713644600487, 62.86368756547285, 54.05758407301713, 9.378241893744743, 7.747222257267052, 11.085354007102618, 19.658143509382615, 28.847886971706508, 27.721360746481317, 16.901296366152092, 6.570980632173329, 0.0, 6.620126545727204, 44.57622739824636, 53.75796988651178, 61.15764209987188, 71.08785714100122, 78.04766982194187, 76.27016570263996, 69.17837492095407, 61.77261371137544, 54.57655505833432, 48.45606244670821, 19.48203967807891, 30.052522418561193, 41.067424944934764, 49.048655146940895, 58.19292333975649, 62.91051728693965, 66.58314455470024, 68.65729446542365, 65.14811711350023, 51.20647207797782, 41.96057842701132, 36.555300924592224, 80.63817340621269, 76.30018806850434, 73.06890191644067, 77.26050308109343, 78.93211641765156, 86.10708665718593, 94.98125842871352, 94.01720285510828, 92.46509240651226, 90.09492841723525, 87.79894427715247, 84.75334395505082, 80.57272764545922, 78.23028920059733, 80.98465311545962, 85.63883861356473, 92.01218567716295, 86.57584274366674, 81.92169227751172, 79.24837962472508, 55.1124481390082, 66.3843716744632, 79.45838507053863, 89.80890351171345, 102.95168694031258, 112.7975699489051, 113.3123018876639, 117.84545767157768, 126.3670568147119, 131.66010207376317, 128.3876881358695, 117.53448904252224, 110.03610290486903, 101.16243841174763, 96.72824525891686], [16.0293275234623, 16.94309551307945, 27.524189832588426, 36.66110577856752, 33.34422564102312, 25.554639926680892, 21.920577843547765, 42.442238198608344, 47.040205245065536, 53.87229779349023, 63.03094599991356, 73.51575309157752, 65.62386321656729, 57.408009446876065, 48.862102969568866, 4.696849176741467, 9.521619924593711, 16.185570841268223, 25.762705290603353, 35.20754309901557, 34.20743841739871, 23.484439946417154, 12.92744304118912, 6.620126545727204, 0.0, 38.15837483765872, 47.429493322770234, 55.03379138643331, 65.25815246373529, 72.41057445711482, 70.48280178990997, 63.13644948253978, 55.57568757302391, 48.34327225044139, 42.125450805180186, 14.686042341909985, 26.524813934585268, 38.408913695247826, 47.95272521535165, 56.662443931894764, 60.578669739080084, 63.50886569571787, 65.2227818838034, 61.186671788267184, 46.578599764405475, 36.76445810960975, 30.573758310661596, 80.84337494659107, 75.78564710578652, 71.4772017139607, 75.11387053850623, 76.27612379315762, 83.23645617139316, 91.96389186064336, 91.38135336468824, 90.29987718322319, 88.39289291045532, 86.71833816622126, 84.3704290038991, 80.3813046366928, 77.13272900343881, 78.99761037144793, 83.08673772829457, 89.17745112770014, 84.06168642237688, 79.98098108083562, 78.1833943044968, 60.86416796195156, 71.76119050297685, 84.18361369156443, 93.53676841636465, 106.09513087792327, 114.82462395598138, 114.39743718915304, 116.73075829124409, 124.27005529964222, 128.95227164971, 125.32199825487973, 114.08446894945106, 105.9187177108459, 96.75048531959288, 91.93412782630294], [45.629765703709936, 52.11399587670199, 62.83400527617037, 70.79087097043913, 66.61398946440747, 56.094563569362364, 48.43063838418669, 24.098291394230774, 20.367894979952375, 21.256618216079175, 30.3288122489584, 43.08327854025685, 35.99887689616109, 30.054128646046987, 26.552084628717235, 36.98003917950368, 44.50801981252486, 52.23218713155789, 61.830732079045475, 70.99783817998738, 70.55199841738907, 60.95311486670122, 50.761018399974134, 44.57622739824636, 38.15837483765872, 0.0, 9.553963066528466, 18.21549726620652, 29.799962715675502, 37.92319303949843, 35.3120508002801, 26.606893761061702, 18.221985372290607, 11.819885805101928, 5.530457257392556, 30.770459314753378, 37.096247225191675, 47.30489540302726, 59.70893691695418, 64.56542257759193, 64.13937222014923, 61.99730525304244, 59.1630679268144, 50.96748940884938, 38.93782044090334, 27.784966826710267, 15.8110269505342