{
	"dissimilarities": [[0.0, 8.602287779795498, 18.078371529489292, 26.19822278400966, 20.25624687017797, 12.565174540708218, 7.648131226539526, 40.83408022000013, 47.59082044846536, 55.86921278961848, 64.13498369298885, 72.71353494293616, 64.92124007482181, 55.611770561761446, 48.33403670146744, 19.461224027222183, 19.62375224282273, 20.90525031696605, 25.71744925643206, 30.8005007546873, 29.228280265302523, 21.987781180453045, 15.892836867853205, 13.251757573208394, 13.437836241641138, 45.13387627377062, 53.76446064023707, 60.220492002322146, 68.99334405421621, 75.07775650398514, 73.09174394107953, 66.90233320859645, 60.1568049237663, 52.99120030954417, 47.28370548523541, 18.57158547376376, 20.684267994168444, 31.807490157118483, 37.16403145524146, 47.6153024495313, 54.16758161879313, 58.5863186085244, 58.73114401817981, 54.21531455104947, 43.91854158071032, 35.03854115117846, 34.025587739296746, 66.76443717482454, 64.16017073434018, 63.48691741694633, 67.13373842965771, 68.95291181506994, 72.77040981646438, 80.17951832754198, 83.27692242038283, 81.58166212585674, 78.79430686429802, 76.39667579830196, 72.24481992111626, 66.7456407004404, 66.2669869363971, 70.6327313543733, 73.53115699192318, 78.65924063318073, 74.40083004390888, 71.52874711266529, 67.22214768627992, 54.24168347933132, 60.01019877872734, 66.31317233088792, 74.64260475910137, 88.56996033049529, 102.22176079801129, 106.98081413164081, 108.07045082730816, 115.63635416409743, 117.69846721686403, 115.56726981247522, 106.19864250145635, 102.13652774407474, 95.86467741667154, 92.74088596873813], [8.602287779795498, 0.0, 11.039802003007578, 20.766408691205708, 15.458604256545417, 11.674928477277838, 12.962612287878011, 49.329193521397656, 55.90342048309757, 64.05770268440783, 72.44242548636674, 81.23364003617532, 73.42877504551105, 64.09241006221092, 56.84803173285374, 20.83402682889827, 17.815561649327503, 15.96595150110854, 18.781953333583413, 23.397366643808997, 21.559880751039096, 14.014491133791555, 10.628619254115984, 11.82088429468206, 15.752156946847467, 52.005817246116855, 60.87404778676127, 67.57042120635614, 76.6206723639978, 82.95369313620209, 81.08960922315211, 74.73038451265872, 67.80350857880605, 60.61472568544467, 54.74528113601421, 24.926562383636096, 27.535439246017592, 36.96224566515988, 41.45472658859738, 51.85048678826605, 58.67678785722554, 63.773667580721394, 65.13513521595603, 61.63835571972046, 50.70974755264994, 42.68653696534762, 41.48629166964083, 69.35035386137115, 67.4785114264832, 67.62341663722803, 72.00538350776445, 74.48530840757456, 78.88724891301608, 86.88005079410293, 89.21078181816996, 86.86973938270278, 83.42738081435819, 80.26444896691218, 75.47439342168397, 69.65602557322975, 70.06287449557743, 75.4200090965646, 79.22279477325384, 85.05714615820155, 80.06251142719582, 76.29446454157238, 71.00432208321536, 48.66062886331078, 56.01829406000506, 63.725050614155734, 73.658597943991, 88.36565271930556, 103.42012046222796, 109.16535402800814, 112.38503461455139, 121.86286109273289, 124.88311955070115, 123.20735226871055, 114.22151474160482, 110.4558406356252, 104.00560807051197, 100.34847761752411], [18.078371529489292, 11.039802003007578, 0.0, 10.325668502287972, 7.487296815500637, 12.854085611928571, 18.793002074178947, 58.39438760464171, 65.43574749617882, 73.80485590404747, 81.9355347375157, 89.88288732814706, 82.36470362387487, 73.12294256059562, 65.78666049599157, 31.308640772770243, 26.90758248649828, 22.190715311477007, 19.242744957040845, 18.202915517011828, 15.385347602961785, 14.086789347888256, 18.250129751044653, 21.92373610847068, 26.64680172899737, 62.822665844663945, 71.56165275113169, 78.0566567451997, 86.68887194396352, 92.5685467876141, 90.82140100118856, 84.85423025251812, 78.16178670131795, 71.0270810670937, 65.28184226564524, 35.640583935967356, 36.343874291911696, 43.394336444516355, 44.604728400448415, 55.27664373450892, 63.19215404106391, 69.26578959072839, 70.97121590396911, 68.41631145859414, 58.9686777326341, 52.13049297422971, 51.96933546763355, 68.15801450950441, 68.0454159071156, 69.91155391682838, 75.23367606194687, 78.47082210022805, 83.20989923168882, 91.23890473666125, 92.63653451070702, 89.54832005647923, 85.38007328329296, 81.07292787521958, 75.49271086792938, 69.07668787896301, 71.46820075317096, 78.25065384931979, 83.01545954035522, 89.17089382967781, 83.76320671938127, 79.0312428570322, 72.32077367794801, 42.121433523147445, 47.053710135115914, 54.52757996414407, 65.63439228051422, 81.14708233039293, 97.79866553467266, 104.8590117282391, 112.17270749078413, 123.46576015841543, 127.90147305101775, 126.99682829151035, 119.03205634253975, 116.71487755380029, 111.21409023174543, 108.86963204354956], [26.19822278400966, 20.766408691205708, 10.325668502287972, 0.0, 7.992559092198941, 17.981818599056243, 24.575485679956074, 64.36226912092681, 71.86242114800075, 80.42800493008296, 88.14674230048382, 94.96412244327405, 87.86182302096043, 78.84766208819732, 71.49049916143731, 41.429883772811735, 37.141381960997585, 31.9947704480972, 26.878678330938612, 21.523972613483647, 18.60772062558351, 22.763775913012978, 28.511089209801384, 32.12539013589253, 36.517077429638356, 71.28083360691794, 79.72898340310165, 85.85399424866064, 93.83569541259664, 99.04320256323363, 97.37845496249419, 91.97788148255198, 85.67783105974235, 78.66240416055741, 73.1661779841844, 44.37798466147261, 43.3207718471804, 48.69050202768817, 46.77379980192975, 57.5683145114252, 66.44966226603873, 73.13478899159647, 74.45026421158654, 72.37582013653468, 65.02792955472154, 59.03981460007222, 59.93100311330263, 65.59830444860344, 67.25230106125329, 70.6787761442264, 76.58173713843365, 80.25030829916258, 84.94984777536256, 92.54147577947516, 93.31652128440281, 89.78433617774029, 85.21258040300212, 80.04665354313711, 73.97330579245524, 67.07664001463658, 71.35567437090397, 79.13757511345074, 84.40497586174993, 90.40337238585751, 85.05375917081479, 79.80942261405718, 72.09592376726043, 39.48176279985165, 38.85467066343775, 44.48284339274095, 56.011040988076864, 72.17220470291251, 89.97928778341047, 98.08200269456911, 109.26831026579174, 121.39123125466203, 126.88940506313185, 126.61096701124619, 119.6646216101415, 118.90502024831645, 114.65141856977259, 114.15206989980403], [20.25624687017797, 15.458604256545417, 7.487296815500637, 7.992559092198941, 0.0, 10.369281210704099, 17.962372749230376, 58.35419101848093, 66.01384759298038, 74.56813073476924, 82.39929870035705, 89.63599453216598, 82.03867094142402, 72.80491925127363, 65.51191366424618, 36.06911139540354, 32.70368178790212, 29.00440106195944, 26.72179994067325, 24.643500618032373, 21.64684378394767, 21.378807639917106, 24.31681067943379, 26.969509093161207, 30.746913106372467, 65.14976890186118, 73.7952596110065, 80.14810315313026, 88.55106154102381, 94.04963636127293, 92.05301873474924, 86.2826345208104, 79.7724369430396, 72.59905529817746, 67.00907363319966, 37.674922145509875, 35.8517528939647, 40.86291129261793, 39.781197937366684, 50.522203693621975, 59.075699414593906, 65.61418545178512, 67.26286101523384, 65.41998385516176, 57.38548652315227, 51.87564442888397, 53.40436394102637, 61.2353918957778, 61.7482355319413, 64.34716031754118, 70.0251851340414, 73.58018013117494, 78.42801695517157, 86.45736365856517, 87.31228643463075, 83.88676081483443, 79.44855932433533, 74.73011989224887, 68.9321015539648, 62.3342074250745, 65.48015987428035, 72.80456875855458, 77.95723579501096, 84.23883888548993, 78.65028040575642, 73.53101829733386, 66.28459769255593, 46.101854961358875, 46.46349357431692, 50.4333144715599, 59.96190647961162, 74.44949211686765, 90.65890654238642, 97.59905137492258, 105.35275088297995, 117.60227711309314, 122.98587216472501, 122.86425927333883, 116.04690022220292, 115.07602498900319, 111.04683686262418, 110.43872040667414], [12.565174540708218, 11.674928477277838, 12.854085611928571, 17.981818599056243, 10.369281210704099, 0.0, 8.629525137503512, 48.758088316537474, 56.52067055831041, 65.0370887217867, 72.91815770936758, 80.51893108561958, 72.51786474412017, 63.13037041430683, 55.914521531916634, 29.71680870155936, 28.395265610550467, 27.406675583648102, 29.061878912565444, 30.608035535469586, 28.016553545097924, 23.53569642601406, 21.61658127186087, 21.799435292733296, 23.7698511549484, 55.81553348825399, 64.48790037346562, 70.92030452010295, 79.5635884994844, 85.23876747270369, 82.93508354897592, 76.90681867789219, 70.2963927535946, 63.03666665026975, 57.45056435463277, 28.32389021189842, 25.50481301638804, 31.268797160292188, 32.102672819650486, 42.97693259793916, 50.9619092639537, 56.89003984481461, 58.17737854680247, 55.84704935920451, 47.18038422965206, 41.55375392479517, 43.6389824713339, 57.97284526150163, 56.7748028681775, 57.87667931792077, 62.81495279426667, 65.79716215217564, 70.42687620662171, 78.53724940962306, 80.04712640976867, 77.18557061292566, 73.33373563087356, 69.60684893937984, 64.5264074900457, 58.457643713322916, 59.77408836248601, 65.9269803910967, 70.3422087426577, 76.4521923564316, 71.10970870706106, 66.73394551683543, 60.66256148662805, 53.71990994384167, 55.016355798085385, 58.00533230086653, 65.48396833765355, 78.4496719041018, 92.55422189315203, 97.93154566481705, 101.32262605148325, 112.26699477987113, 116.76143681338556, 116.33465256890882, 109.1711434843512, 107.57875351292826, 103.56064774181176, 102.80448199755695], [7.648131226539526, 12.962612287878011, 18.793002074178947, 24.575485679956074, 17.962372749230376, 8.629525137503512, 0.0, 40.461343654542276, 48.13115826264992, 56.68333555174115, 64.53099271439537, 72.13723547713654, 64.28635013605216, 54.97109098820548, 47.683817928745114, 26.334992846136128, 26.873184571381245, 27.778274008161596, 31.316667606915285, 34.48766788232721, 32.43708827766485, 26.857604978723217, 22.29621535374188, 20.25124069856153, 20.13100684087214, 48.272768516485186, 56.64102759042359, 62.80997126974918, 71.15516837905987, 76.67641495462023, 74.42683216417683, 68.57363850377428, 62.13496203960972, 54.980403877363166, 49.54837553005, 22.03011179274608, 19.564180042941587, 28.250236932506564, 31.02778578181113, 41.99314012143492, 49.41656835808501, 54.35942633872061, 54.193415753003144, 50.27453207659816, 41.82512574725329, 34.566192170891064, 36.056838413332606, 59.49416632617918, 57.34937327277366, 57.29114682894484, 61.24428905768583, 63.3253598737431, 67.20086889584833, 74.56588860709657, 77.22562725678726, 75.2561474441291, 72.26831726762423, 69.54623047901524, 65.25859350058722, 59.584133267863024, 59.71224652164801, 64.53539224973656, 67.73409243037689, 72.91744821535796, 68.55680864000264, 65.3854448064063, 60.62965260361669, 56.77943964335606, 58.785346647523326, 62.24527563870235, 69.00252074879097, 81.90245059249746, 94.91828232559665, 99.43541763051229, 100.77831534734311, 109.02754084951756, 111.97242180692477, 110.59933272652233, 102.38605403537946, 99.82925538050382, 95.24051662926894, 94.23419913750925], [40.83408022000013, 49.329193521397656, 58.39438760464171, 64.36226912092681, 58.35419101848093, 48.758088316537474, 40.461343654542276, 0.0, 8.978346597791878, 17.34856102053179, 24.34801094017768, 32.683042146021855, 24.127389226225766, 14.817698666333413, 7.562880929443819, 43.20593598169055, 49.7969767696978, 55.96663913183229, 63.66455945233407, 70.07430763507497, 69.09477471849566, 61.56611037458939, 52.78650394239063, 46.87156602152987, 41.11434791209738, 23.021776235869247, 25.772879046300183, 28.74466580506599, 34.69191900361895, 39.08633642223648, 35.75388705560794, 30.59117037399377, 25.893337578320338, 20.381464064651638, 18.4831836081249, 29.42810385706172, 28.176224281622357, 35.94218885812172, 43.975758022115116, 48.83824233049185, 50.362066619446125, 48.82035141720299, 41.76020863442889, 30.404377820870813, 27.29120058880168, 16.503468944982874, 16.53743774573132, 72.72979939545102, 66.35132592312851, 60.787883786827635, 59.16549785915767, 56.42259880380815, 55.91810486420104, 58.77122976171075, 66.69078181426444, 69.35223165691404, 70.90373058825928, 73.47871172548625, 73.49642385906212, 70.9629979300753, 65.19786532374187, 62.68572476015182, 59.4322391920366, 59.49097879996912, 60.39403313818947, 63.58934516633904, 66.06997286278073, 89.20901944019994, 91.9338973535906, 94.11785600430805, 96.38075924006907, 105.76045953538485, 112.13238126973208, 111.73642251578791, 100.15246986154821, 96.60101921393084, 92.17451809384276, 86.92034525950994, 74.7297278895257, 67.11087375739602, 61.110724863306004, 59.85041302012253], [47.59082044846536, 55.90342048309757, 65.43574749617882, 71.86242114800075, 66.01384759298038, 56.52067055831041, 48.13115826264992, 8.978346597791878, 0.0, 8.696024795065274, 16.562943173734944, 26.963142903680684, 18.84389967255308, 11.047048863640732, 7.485316765834828, 47.23405792191371, 54.13025144020498, 60.70825876042241, 68.79526641213256, 75.81503156565066, 75.11572382042353, 67.29783430501827, 58.21655996931915, 52.14219637564061, 46.16730352716387, 19.543093074589834, 19.097269807099185, 20.455826176453765, 25.753691432274444, 30.50413017731617, 27.095609489259623, 21.67982239554303, 17.385731018569484, 13.073163476094571, 13.554359245412677, 34.72672987752947, 35.57236620590461, 43.623161858217664, 52.52242391345811, 56.72099407583292, 57.26355815899171, 54.78916919605769, 47.54312155913124, 35.884259363325775, 32.733717040283466, 22.39972835122277, 19.021060386840006, 81.13937282032711, 74.38998311427981, 68.24269220100089, 65.96738577051366, 62.632981316341194, 61.51594599331347, 63.49926823256909, 72.15903053152883, 75.52553497427365, 77.69532539394933, 80.92633755320585, 81.4030144576335, 79.22932673999503, 72.86601867318821, 69.48262902151198, 65.40491119425802, 64.6595847497123, 66.36680801668807, 70.38252064090119, 73.72816911233775, 94.40500401663503, 98.60659170593216, 101.89593199120468, 104.52178149442706, 114.18703918156046, 120.30208346817486, 119.58081553144432, 106.71162817946875, 100.98297730671055, 94.71315630432744, 88.18160205331021, 74.42221313654501, 64.3432109925568, 56.212527930190944, 52.52835198224494], [55.86921278961848, 64.05770268440783, 73.80485590404747, 80.42800493008296, 74.56813073476924, 65.0370887217867, 56.68333555174115, 17.34856102053179, 8.696024795065274, 0.0, 8.942086216425952, 21.701594463343245, 14.266729260967145, 10.700183169098931, 12.957472833969053, 53.92271637607167, 61.016102603626436, 67.89109472225581, 76.27925735419497, 83.66611551987491, 83.09121015350306, 75.0354529743161, 65.7343347856878, 59.57453534585512, 53.481191390297845, 21.397718452590336, 16.922273957933783, 15.15914781329996, 18.508628803996963, 23.21875775718712, 19.125227027200438, 13.456644593660076, 10.91657461323812, 10.555148468343633, 14.870693956414206, 42.073735043229476, 43.41594318088407, 50.70406438216911, 59.925651976054844, 63.14181838950821, 62.63240279792766, 59.17106746847338, 51.5943814461948, 39.92797191275823, 37.67416330617053, 29.031924054397034, 25.290863970435808, 87.85145833073798, 80.6206786123291, 73.81147841145902, 70.7647984276005, 66.78584201823128, 64.99310170672678, 66.07268198747056, 75.36015550077947, 79.4510496790833, 82.30743382339905, 86.30841780584123, 87.38695605243875, 85.730653161202, 78.62434726274633, 74.20987272787261, 69.23221447999619, 67.64806065759812, 70.17993141292781, 75.09139811451574, 79.4612797789986, 102.00299827969977, 106.80249383360172, 110.29642149474044, 112.67171023295423, 121.97862441468205, 127.2998276670312, 125.92667033690721, 110.99339802978919, 103.28425556505692, 95.4380240975644, 88.01757538335715, 73.36916469078277, 61.440366141386725, 52.20414807476155, 46.97565546358865], [64.13498369298885, 72.44242548636674, 81.9355347375157, 88.14674230048382, 82.39929870035705, 72.91815770936758, 64.53099271439537, 24.34801094017768, 16.562943173734944, 8.942086216425952, 0.0, 13.789308784590077, 8.69622978754328, 12.505291766341918, 18.10087998002564, 62.83842313549198, 69.88820177809927, 76.66204403216405, 84.84170594857135, 91.95695350595544, 91.3794851707784, 83.62919165528976, 74.47603144502192, 68.35463474789157, 62.30113298291681, 29.706652836342535, 23.624425682635568, 19.179428939832643, 17.030480732258177, 18.295032399360707, 13.478120011343906, 11.782376099727337, 14.739824351291709, 18.037012852535586, 23.31832089896262, 50.82636361802669, 51.401541029413906, 57.60251937648503, 65.86334745201609, 68.30565080009822, 67.31983016242579, 63.16169317807506, 54.46556879636342, 42.59298255210974, 43.39813337825327, 36.582315005595994, 34.097828468332985, 91.82889936333498, 84.54320694444486, 77.48316317537478, 73.6819175393541, 69.01309226718945, 66.19523960751506, 65.65093401828769, 75.69412210435648, 80.63311326484273, 84.30628330449933, 89.01665290831805, 90.76916118922244, 89.57958871422694, 82.19060181271186, 76.83535343858269, 70.80036595053663, 67.82059924044654, 71.68746691556674, 77.6478143498743, 82.95438691383262, 109.46090564313143, 113.30626586095674, 116.0345066450709, 117.44659801311958, 125.98200061198942, 130.0483146014904, 127.85577631530438, 111.36062375587466, 100.82748042571194, 91.23411959368009, 82.86035237873048, 67.48757114459728, 54.388842548486515, 45.3658603551094, 41.55417067179959], [72.71353494293616, 81.23364003617532, 89.88288732814706, 94.96412244327405, 89.63599453216598, 80.51893108561958, 72.13723547713654, 32.683042146021855, 26.963142903680684, 21.701594463343245, 13.789308784590077, 0.0, 10.632698393340327, 19.69959493618318, 25.620097625706233, 74.04511674498173, 80.75795996074915, 86.96506326308977, 94.30373945096665, 100.41775718364617, 99.75916819726349, 93.02288739156786, 84.51038459875537, 78.61457936811942, 72.82103152307683, 43.03671158068445, 37.19684617706343, 32.088684780176095, 26.04496672563415, 21.489807545895637, 18.53634770803175, 23.06396290288265, 28.1658094188479, 31.653032266055572, 36.56253517619814, 61.46555500371154, 60.523259563874234, 65.56951946876777, 71.42098203642158, 73.48245970611966, 72.85038471627315, 68.52481752854231, 57.98258686080377, 45.89444800945463, 51.66505390884017, 46.41305619108937, 45.75036066142371, 93.62625256293265, 87.02762632300252, 80.42738876581117, 76.03337555337986, 70.73445771744917, 66.48812173313982, 63.22978362385149, 74.14698551521982, 80.04794003055221, 84.64586063153862, 89.8565379530085, 92.28974385967955, 91.42405424332296, 84.56852732992621, 78.57583175501053, 71.40908843470207, 66.2630862177607, 72.16125491825765, 79.24437586254189, 85.19107939386471, 116.04684275925989, 117.2753369775015, 118.31450700764417, 118.02331816840302, 125.42967103782446, 127.7729187218688, 124.66844516568426, 107.88287476660642, 92.93555052989812, 80.9707874474716, 71.10290697383162, 54.567339515658766, 40.71695630236058, 33.8176298043204, 37.04484449516248], [64.92124007482181, 73.42877504551105, 82.36470362387487, 87.86182302096043, 82.03867094142402, 72.51786474412017, 64.28635013605216, 24.127389226225766, 18.84389967255308, 14.266729260967145, 8.69622978754328, 10.632698393340327, 0.0, 9.759036933292343, 16.686833727360444, 65.86153276461236, 72.81030078107801, 79.33717329136404, 87.19178710944229, 93.67422369644325, 92.84277554227047, 85.46515704295221, 76.55551727140143, 70.51937583927364, 64.56663343515176, 35.16662252668176, 30.630127273655855, 27.353241401510957, 25.539865125556442, 25.068130382960454, 20.552445850113656, 20.318705713109512, 22.57877687780211, 24.259447249621108, 28.519832687030373, 52.64089431341937, 51.168067362973424, 55.677184021432026, 62.367191050807996, 64.16028755631778, 63.1824734578998, 58.84962361013971, 49.0027648099391, 36.942542580058536, 41.210454806733864, 36.3755406627249, 36.71438766840041, 86.12930372754194, 78.94303584847546, 71.93418417463094, 67.73832425552015, 62.72106827953852, 59.26245242222393, 57.780038387314896, 68.12999382012227, 73.42756318342553, 77.50090216709538, 82.52321350252434, 84.68844586288833, 83.80774402505736, 76.41653260370927, 70.61003760472168, 64.02096563047697, 60.22087954719992, 64.85588192423471, 71.35853272467493, 77.11158424395134, 111.16441224086084, 112.83173651113114, 113.69236155129666, 113.69634984489608, 120.9578406551431, 123.78363247685073, 120.90456708903265, 103.40588323691776, 92.19349836213046, 82.75338865719513, 74.89219432906854, 60.60106211380603, 49.4866024667606, 44.097757789069696, 45.44580246509384], [55.611770561761446, 64.09241006221092, 73.12294256059562, 78.84766208819732, 72.80491925127363, 63.13037041430683, 54.97109098820548, 14.817698666333413, 11.047048863640732, 10.700183169098931, 12.505291766341918, 19.69959493618318, 9.759036933292343, 0.0, 7.406774041208629, 56.80140591001639, 63.74642910743137, 70.28998970279164, 78.2702797703626, 84.83133904876895, 83.89318452711632, 76.27353888631004, 67.27326609922166, 61.227185288844865, 55.272392895475235, 28.468275329585335, 26.332963258535568, 25.653361931859088, 27.93073207087874, 30.267000235826625, 25.857312935478234, 22.38029993819656, 20.99041373333692, 19.478409434298918, 21.957025295067684, 43.16403257524329, 41.416592118979636, 46.34776082761067, 53.68606416532801, 56.12927569536436, 55.66529568206052, 52.03299299893579, 43.04049426104897, 30.84326631591093, 32.73437727941172, 26.75792335830143, 27.691976774739, 79.36020694693035, 72.15304952775458, 65.34815549450803, 61.89771980771803, 57.577188475769994, 55.2218581964259, 55.65300973336457, 65.14886435962094, 69.4937076353819, 72.68348155815171, 76.97683368165004, 78.46932118512598, 77.13507738023785, 69.95840002783258, 65.08931480576615, 59.603765425871146, 57.38418869775445, 60.51207060747555, 65.91488064665093, 70.73070628046274, 103.3562259600456, 105.36247156065326, 106.43720577625731, 107.08665023811017, 114.82777417825163, 118.75229146179339, 116.61989894970917, 100.53361163743112, 92.76965761821707, 85.64379939906058, 79.19309176805045, 66.19080735256001, 56.94302074232638, 51.731713344980385, 51.947392856921304], [48.33403670146744, 56.84803173285374, 65.78666049599157, 71.49049916143731, 65.51191366424618, 55.914521531916634, 47.683817928745114, 7.562880929443819, 7.485316765834828, 12.957472833969053, 18.10087998002564, 25.620097625706233, 16.686833727360444, 7.406774041208629, 0.0, 50.41372048526832, 57.14885684770607, 63.441752447051115, 71.1804435357944, 77.5466780346523, 76.57829303175964, 69.1279198634172, 60.31737414537673, 54.36519741587356, 48.53966564044752, 25.76182910602314, 25.90801134215156, 26.999608834784752, 31.074828772260194, 34.35314745508951, 30.561946852822583, 26.305659827263884, 23.159597965728185, 19.44171742960485, 19.871139223542873, 36.65003484093779, 34.90692806163212, 40.99749430890205, 48.39619892590824, 52.02377603999145, 52.62310146417869, 50.02045713963783, 41.670347521898755, 29.531066499078932, 29.60005926763729, 21.487045206751187, 22.320680390986787, 75.36323991806664, 68.62206531507331, 62.46980541605623, 59.88814075959471, 56.29622823274488, 54.764110021053725, 56.2739514263851, 65.08276195576467, 68.63768327715269, 71.0601338638595, 74.51483982588518, 75.30819620184648, 73.36960757808048, 66.94652677331484, 63.21797646440243, 58.75869685022488, 57.54390338974822, 59.692168076286094, 64.07714225612774, 67.76131323774133, 96.16902527822151, 98.23938452513435, 99.68239712279959, 100.97035971151098, 109.45671114848845, 114.50064666517282, 113.19335239574242, 99.45040058152202, 93.59141213682747, 87.78935779168646, 81.91090086493718, 69.28854188822693, 61.01934311012411, 55.54975305082122, 55.39444807232327], [19.461224027222183, 20.83402682889827, 31.308640772770243, 41.429883772811735, 36.06911139540354, 29.71680870155936, 26.334992846136128, 43.20593598169055, 47.23405792191371, 53.92271637607167, 62.83842313549198, 74.04511674498173, 65.86153276461236, 56.80140591001639, 50.41372048526832, 0.0, 7.69016252547461, 15.897906451434512, 26.625938976548674, 36.686429101731676, 36.272693847405336, 25.213528847240426, 14.855099395106787, 9.448034284444251, 6.222720570102919, 36.875392962632276, 46.0259413102021, 53.43113224238412, 63.83140331954469, 71.68714113761531, 69.78961216156625, 62.25676038939541, 54.62096609230597, 47.62097714338095, 41.452105333962116, 15.404526782493678, 26.017554663732927, 38.30542447282571, 49.034879660908494, 57.25978308253304, 60.97972805903002, 63.78553804623451, 65.331699960109, 60.527489309648956, 45.78527504071302, 35.64272747840521, 29.93179911456772, 81.38086538662795, 76.79562936305177, 74.0103042863545, 76.64701935861179, 77.80907030989344, 81.68393840712501, 89.70148055620182, 93.45271257637003, 92.3420228863546, 90.08155855462537, 88.83990378200322, 85.35398328804177, 80.76884744132434, 77.8869306660323, 80.68036211933423, 82.87444281577935, 88.28483678017757, 83.85755123558967, 81.69633056946455, 78.94456853908464, 61.624038614804675, 74.39392020210978, 84.04557647048169, 93.67787725463245, 107.73595310144422, 121.12274593309222, 125.2890926185993, 122.37124521103539, 129.33924997475535, 129.87083531047406, 126.72831198567975, 115.68065495466543, 108.5085401366835, 99.27121001467607, 91.20931380575725], [19.62375224282273, 17.815561649327503, 26.90758248649828, 37.141381960997585, 32.70368178790212, 28.395265610550467, 26.873184571381245, 49.7969767696978, 54.13025144020498, 61.016102603626436, 69.88820177809927, 80.75795996074915, 72.81030078107801, 63.74642910743137, 57.14885684770607, 7.69016252547461, 0.0, 8.387640325831157, 19.378048952396263, 29.83844257431937, 29.60376891772669, 18.379721485722058, 8.936855678345934, 6.756054180936976, 9.604923715800664, 44.291696103959765, 53.28512896888645, 60.53145752335503, 70.64307369067544, 78.31117323885262, 76.66212743262342, 69.37731333448751, 61.87272776117531, 54.95861658326757, 48.84751061438609, 21.993133160393704, 31.17578301165366, 42.71029185763579, 52.03318507421926, 60.824224400324646, 65.29470872748213, 68.84136408798359, 70.84828336602662, 66.53883945593026, 52.202650687526024, 42.53642720087958, 37.328259580112395, 83.11619481238428, 79.3889221764323, 77.51665582501758, 80.82103509217316, 82.50850792017465, 86.72304753800347, 94.95381038107992, 98.20898664230883, 96.61575968219074, 93.85097609457624, 91.89655082184909, 87.84950401687756, 82.83810780435651, 80.99444629984573, 84.72922159903798, 87.60387102006143, 93.3635676034539, 88.55418513051087, 85.71578034948209, 82.03069328259198, 55.25854962128333, 69.39464742180556, 80.33471058084257, 91.22495027994695, 106.16325637821754, 120.79161177725807, 125.87448280441504, 125.42833725283846, 133.4980957921056, 134.7032462942704, 131.79098148242858, 120.92900985765768, 114.18070485389332, 104.88630500302412, 96.87696823675141], [20.90525031696605, 15.96595150110854, 22.190715311477007, 31.9947704480972, 29.00440106195944, 27.406675583648102, 27.778274008161596, 55.96663913183229, 60.70825876042241, 67.89109472225581, 76.66204403216405, 86.96506326308977, 79.33717329136404, 70.28998970279164, 63.441752447051115, 15.897906451434512, 8.387640325831157, 0.0, 11.076896124136262, 21.759386285746796, 21.7468393268798, 10.89910151897403, 6.311139652126626, 10.328435330450642, 15.953604648228723, 52.022133519425616, 60.84037987795651, 67.83921525188714, 77.493830389186, 84.79181923996214, 83.39705294773385, 76.50173871390089, 69.21504088861701, 62.36523785448081, 56.34156385215167, 28.88332778792503, 36.637603592948544, 47.50650643995641, 55.01042609196945, 64.44704757951781, 69.83097926568767, 74.10907926223551, 76.22132932931324, 72.22316943327249, 58.75447330301818, 49.36959203389257, 44.705099385798825, 84.3037299457047, 81.65563900214309, 80.85445682361362, 84.80508847986897, 86.96748285616094, 91.39167149331001, 99.62356170942657, 102.44500332236817, 100.41867847600327, 97.19932524071768, 94.50267751786392, 89.90542886060341, 84.41607758361572, 83.8294616539082, 88.52224628828256, 91.99140553310306, 97.91653022472354, 92.89780558180995, 89.46412216619535, 84.8266530388417, 47.534561337102645, 62.681702490552524, 74.92798721044794, 87.10353035836047, 103.02918787739722, 118.9578479515804, 125.04126103601774, 127.57437483467113, 136.47836649526332, 138.32775233240574, 135.62096092306916, 124.98709419989302, 118.84775125176067, 109.68996538059928, 102.169408672589], [25.71744925643206, 18.781953333583413, 19.242744957040845, 26.878678330938612, 26.72179994067325, 29.061878912565444, 31.316667606915285, 63.66455945233407, 68.79526641213256, 76.27925735419497, 84.84170594857135, 94.30373945096665, 87.19178710944229, 78.2702797703626, 71.1804435357944, 26.625938976548674, 19.378048952396263, 11.076896124136262, 0.0, 11.10511890728834, 11.88102177022713, 6.707041790246651, 14.043502525348083, 19.658578115732325, 25.633596465355424, 61.71736329888222, 70.24581679387688, 76.85843613241994, 85.8177699248014, 92.54092607204163, 91.48707780038252, 85.17756900333956, 78.24136256614463, 71.5206760773735, 65.6641486742797, 38.21449241458977, 44.54395325945932, 54.73604707437932, 59.93501819199549, 70.05996963332018, 76.51772029578629, 81.52881569855906, 83.42673539854883, 79.57988696318652, 67.46434981460361, 58.224879290602175, 54.04952947135265, 86.52418378967818, 85.32795076370357, 85.85967283519031, 90.46985128108646, 93.08233891877806, 97.58361428268066, 105.5634949161317, 107.98677728078712, 105.55322569755592, 101.90143797075464, 98.36819701652874, 93.1890497723071, 87.1364697609168, 88.17143973000123, 93.90326971821686, 97.91239728547968, 103.80197850120439, 98.7577628213359, 94.77838540627114, 89.10370179737893, 36.916251251867635, 53.36080481077724, 67.59203507558571, 81.49747539338973, 98.81351536463829, 116.38294286845833, 123.75841240624858, 130.3309853682246, 139.79778685849098, 142.26241263812503, 139.69078107092352, 129.276036192733, 123.90159458356551, 114.9522384020214, 108.22032747528675], [30.8005007546873, 23.397366643808997, 18.202915517011828, 21.523972613483647, 24.643500618032373, 30.608035535469586, 34.48766788232721, 70.07430763507497, 75.81503156565066, 83.66611551987491, 91.95695350595544, 100.41775718364617, 93.67422369644325, 84.83133904876895, 77.5466780346523, 36.686429101731676, 29.83844257431937, 21.759386285746796, 11.10511890728834, 0.0, 3.246056459055818, 12.920663749510002, 22.99966085135437, 28.663408616133196, 34.58391174052994, 70.77329520577818, 79.14126387209822, 85.44192479891635, 93.78974777672914, 99.87222305809722, 98.95367450618937, 93.18573742168518, 86.5758359705321, 79.8776784053295, 74.16946188690126, 46.384340577970214, 50.85757132010644, 59.935564812546, 62.61135452296323, 73.19783441493927, 80.68912092057143, 86.41662391780302, 88.06978997431287, 84.5826809422145, 74.07560087474751, 65.39028646024877, 62.26814272566226, 85.85337469907947, 86.16384316166358, 88.07128642706094, 93.3068112188866, 96.37494669655025, 100.93492004854828, 108.63614367159056, 110.52689691977086, 107.65089066267521, 103.57058900464678, 99.20576800132537, 93.50363930946052, 86.96219173675935, 89.65326333452661, 96.39138012599085, 100.94489708864543, 106.79116288818756, 101.71415447112915, 97.18410583088547, 90.50340773968917, 27.811136438408084, 43.072370854409186, 58.303417370480716, 73.49934622002134, 91.80232524372585, 110.71736873121422, 119.24683743653289, 129.72557121963055, 139.9560497749225, 143.3253178049166, 141.19846978276775, 131.49462918040268, 127.41398563189011, 119.3708939548017, 114.23682334547371], [29.228280265302523, 21.559880751039096, 15.385347602961785, 18.60772062558351, 21.64684378394767, 28.016553545097924, 32.43708827766485, 69.09477471849566, 75.11572382042353, 83.09121015350306, 91.3794851707784, 99.75916819726349, 92.84277554227047, 83.89318452711632, 76.57829303175964, 36.272693847405336, 29.60376891772669, 21.7468393268798, 11.88102177022713, 3.246056459055818, 0.0, 11.898261957564895, 22.108169240000155, 27.798639004890028, 33.74250741614228, 70.43616383823345, 78.93392945461497, 85.31744190355182, 93.77095933225223, 99.84291327728407, 98.76191784425897, 92.92628450791162, 86.2656599483677, 79.45367893077217, 73.70319883549402, 45.3008663836438, 49.09349705294316, 57.64559757985192, 59.91837339505705, 70.47263119584056, 78.07388491601404, 83.95605720112874, 85.76536237157174, 82.5903802662968, 72.23679916774053, 63.99293961996565, 61.45483003445044, 82.79251485518058, 83.17248425135622, 85.21545444476065, 90.56923410353183, 93.7640661793771, 98.43319625369354, 106.26662137008975, 107.93859375202092, 104.92187655234395, 100.72668695620641, 96.24980026642221, 90.47910178320623, 83.92402122338106, 86.72188844712048, 93.614261755326, 98.33820630756082, 104.33506909569991, 99.09635465689358, 94.39795653547388, 87.56568823487578, 29.70651191447484, 42.79362823821785, 56.757743714705626, 71.49634763796494, 89.39094241292759, 108.12148072758684, 116.55320701872287, 126.85342802506695, 137.61044414643874, 141.3692685405291, 139.5772672429266, 130.31027913625195, 126.674010085553, 119.16318299467657, 114.58742900678511], [21.987781180453045, 14.014491133791555, 14.086789347888256, 22.763775913012978, 21.378807639917106, 23.53569642601406, 26.857604978723217, 61.56611037458939, 67.29783430501827, 75.0354529743161, 83.62919165528976, 93.02288739156786, 85.46515704295221, 76.27353888631004, 69.1279198634172, 25.213528847240426, 18.379721485722058, 10.89910151897403, 6.707041790246651, 12.920663749510002, 11.898261957564895, 0.0, 10.67715322355847, 16.853346380310857, 23.13612793167269, 60.80691303928856, 69.67537426413605, 76.52382157331095, 85.7956411428306, 92.55937028095862, 91.12278692604413, 84.59623055621968, 77.50088452916384, 70.50502824130874, 64.52167715578886, 35.393019719495996, 40.309316524137024, 49.414200593153446, 54.13716397351605, 64.12720398621173, 70.69344017205738, 76.00327804293583, 78.3802087526009, 75.2514273345993, 63.17090013150598, 54.92935432875826, 52.059787296562675, 80.43019384476634, 79.17164096247849, 79.82023939907637, 84.64511868284116, 87.51660649640847, 92.29952461032342, 100.6652532494625, 102.63076851965428, 99.90672241597703, 96.0216084106152, 92.32284381781547, 87.03963713192007, 81.02550224275909, 82.0676858066633, 88.04555827659749, 92.41424363069072, 98.70060212844845, 93.24562582933444, 88.9133451328042, 82.99929225034855, 40.52636261675977, 53.739700757493985, 65.6315692902819, 78.50078176955394, 94.8176343571827, 111.84930894055246, 118.91167480233882, 124.69909021100165, 135.32453698174498, 138.58530851445747, 136.72104853936005, 127.20808661875004, 122.6953382217998, 114.83251796442777, 109.18495007875636], [15.892836867853205, 10.628619254115984, 18.250129751044653, 28.511089209801384, 24.31681067943379, 21.61658127186087, 22.29621535374188, 52.78650394239063, 58.21655996931915, 65.7343347856878, 74.47603144502192, 84.51038459875537, 76.55551727140143, 67.27326609922166, 60.31737414537673, 14.855099395106787, 8.936855678345934, 6.311139652126626, 14.043502525348083, 22.99966085135437, 22.108169240000155, 10.67715322355847, 0.0, 6.369557350428365, 12.734538605967868, 50.71168843948247, 59.785490855135656, 66.89290883451756, 76.65014860980611, 83.81023187715763, 82.08557423042362, 75.13565500588636, 67.79995765467122, 60.69817775142305, 54.60252006474398, 25.312687058838165, 31.54071008059192, 41.75273221908196, 48.81350404432554, 58.29899453480774, 63.90688347755889, 68.43517516811721, 70.68145701032427, 67.13365114052979, 53.970219938367684, 45.33477929647586, 42.058590421089924, 78.04982092948771, 75.35509304979274, 74.64146296928689, 78.71731754433662, 81.02894009761518, 85.59239150394349, 94.01053830341341, 96.54494223615566, 94.34961958432454, 91.01190043062888, 88.22902869932193, 83.6051902620864, 78.13446542308488, 77.55944703828831, 82.39553857926052, 86.05994949772494, 92.18057943228239, 86.95381130987914, 83.32905304067016, 78.55371720601566, 49.72135320027499, 62.007697777882456, 72.23746025973756, 83.3546626708508, 98.43367527080855, 113.76726779700049, 119.51204652308367, 121.42732117858581, 130.96056560794486, 133.38556686817617, 131.2274869611394, 121.36046715351677, 116.07952851610263, 108.0159528886902, 101.80801644463664], [13.251757573208394, 11.82088429468206, 21.92373610847068, 32.12539013589253, 26.969509093161207, 21.799435292733296, 20.25124069856153, 46.87156602152987, 52.14219637564061, 59.57453534585512, 68.35463474789157, 78.61457936811942, 70.51937583927364, 61.227185288844865, 54.36519741587356, 9.448034284444251, 6.756054180936976, 10.328435330450642, 19.658578115732325, 28.663408616133196, 27.798639004890028, 16.853346380310857, 6.369557350428365, 0.0, 6.3650548002739145, 44.46963874735274, 53.60491314729265, 60.77400135595479, 70.67080355178527, 77.93368508105706, 76.06430975586672, 68.98121738073125, 61.58383780866702, 54.43378226767278, 48.31337852286061, 19.066770287768012, 26.337411005416474, 37.60017808774343, 45.93831207605214, 55.16175720323046, 60.25662833094701, 64.21982796648643, 66.0152010279182, 61.95783619929396, 48.48447662741267, 39.32165991920499, 35.71917569072899, 76.64791586514033, 73.21314054752746, 71.72569310466295, 75.25807440978635, 77.12492534714087, 81.39605312692358, 89.61776566434395, 92.62613601014591, 90.85429422834586, 87.94892092025314, 85.76485754645688, 81.60288080878856, 76.44776401336297, 74.99883765143942, 79.0617006277769, 82.14345174814812, 87.94793244489858, 83.06951505235199, 80.0250303600289, 76.0176356875036, 54.57909814367505, 65.98907784826584, 75.29614070105731, 85.37965398414053, 99.8278823768105, 114.14811141781927, 119.13168421528327, 119.02869279567781, 127.49336045293443, 129.26856612217233, 126.83187022453131, 116.69051983699539, 110.98659853926364, 102.85996747442661, 96.54905304013403], [13.437836241641138, 15.752156946847467, 26.64680172899737, 36.517077429638356, 30.746913106372467, 23.7698511549484, 20.13100684087214, 41.11434791209738, 46.16730352716387, 53.481191390297845, 62.30113298291681, 72.82103152307683, 64.56663343515176, 55.272392895475235, 48.53966564044752, 6.222720570102919, 9.604923715800664, 15.953604648228723, 25.633596465355424, 34.58391174052994, 33.74250741614228, 23.13612793167269, 12.734538605967868, 6.3650548002739145, 0.0, 38.27594512629254, 47.48294328749313, 54.72397306938485, 64.78221553235396, 72.16075955548915, 70.12283320909874, 62.8841250820166, 55.414658634720745, 48.20842535449162, 42.058727395449054, 12.948875151160003, 21.770318163381557, 34.135509814253155, 43.81167034868637, 52.61144056165969, 57.080591985552815, 60.37810782899431, 61.65789227305853, 57.03384330439318, 43.24113013374425, 33.448069522036306, 29.402617706668853, 75.76421894145575, 71.57920132609394, 69.27550250516688, 72.19779377698447, 73.5692087031718, 77.50284904505429, 85.48544862704061, 88.999336842429, 87.68931787911082, 85.25737982928013, 83.7186333058458, 80.06304839647089, 75.2700489973277, 72.90877203901266, 76.11834784447431, 78.55384803041014, 83.99499146356791, 79.51149939205504, 77.10924699911588, 73.94738891460047, 59.741354197383814, 70.34880071030699, 78.7775259172185, 87.84654165019367, 101.62503462960734, 114.90253925931573, 119.11144682766682, 116.94025928529764, 124.27736962735153, 125.36495121273926, 122.63750845637067, 112.2185824775802, 106.06224764430063, 97.87791899632342, 91.45812025668098], [45.13387627377062, 52.005817246116855, 62.822665844663945, 71.28083360691794, 65.14976890186118, 55.81553348825399, 48.272768516485186, 23.021776235869247, 19.543093074589834, 21.397718452590336, 29.706652836342535, 43.03671158068445, 35.16662252668176, 28.468275329585335, 25.76182910602314, 36.875392962632276, 44.291696103959765, 52.022133519425616, 61.71736329888222, 70.77329520577818, 70.43616383823345, 60.80691303928856, 50.71168843948247, 44.46963874735274, 38.27594512629254, 0.0, 9.584576434953659, 17.519035090583444, 29.143922925753508, 38.00941045479682, 35.17987440540453, 26.4900827246401, 18.402427342494516, 11.930755653775833, 6.654388519657458, 28.347897580451093, 34.56041500937159, 44.570865004642044, 57.25667721466661, 61.599540816906064, 61.26733272329307, 59.17256123711596, 55.91124785007475, 46.83760722109157, 35.52581838317255, 24.004596126275903, 13.432383629096549, 89.4650499