{
	"dissimilarities": [[0.0, 8.565508962426518, 17.839605004403914, 25.07518739606325, 21.240601355093386, 12.629494309076511, 7.879110331108521, 39.6707982750737, 47.5987729394342, 55.91138497907049, 64.23700477902982, 72.89841062863965, 64.87308805373058, 56.49157700347885, 47.161832465367226, 17.564075300634528, 18.406076161492027, 19.94133228878314, 25.03269208090804, 31.01936873864729, 28.47374493836666, 22.00749227791343, 14.651667254907512, 12.08221417985102, 12.843656277833155, 44.35715419962692, 53.41709680434222, 60.066956017225216, 69.57660938809464, 75.29359366106908, 73.326699245166, 67.00168568592305, 59.91511697120977, 52.70755046649392, 46.96366624680829, 17.631911615673015, 22.13682879391059, 33.4099100850328, 37.41711215197326, 47.76747877988142, 54.602796886358576, 57.99960900559721, 58.84138565353147, 54.25843245413332, 44.19901412055831, 34.85542995787121, 33.6757560049504, 66.7796676736599, 63.07191062360261, 61.95600944383679, 66.17690130522786, 67.89639101618874, 73.54563466377533, 81.06820742850789, 80.97563666098502, 80.3175718996336, 77.81762242157086, 74.5399384001972, 71.1201212372048, 65.71644464656316, 66.2101801503727, 69.37369887205307, 72.97022238442287, 78.11210092528593, 73.8103509280637, 70.19009270764069, 67.14663663274776, 55.191726974774355, 60.317577247030165, 67.06903292431431, 74.52267773452843, 89.61770111471102, 97.97178767698409, 98.94761014579939, 106.72112494104134, 115.24892715777953, 117.51121214220288, 113.20630406290621, 103.29891797760015, 101.33301370752669, 95.4439118809173, 93.53077822428698], [8.565508962426518, 0.0, 10.188641067536144, 18.803973999980485, 16.062940756005855, 11.714013481861842, 13.051126155710701, 48.151936059229946, 55.867969652609666, 64.08675623225645, 72.57632281547578, 81.36159402089685, 73.37260875587016, 64.97518067335884, 55.668912021215945, 19.577399831618624, 16.869216648926944, 15.011999559228078, 17.895594566078685, 23.250093239213815, 20.440968610274904, 14.078812186774497, 9.283393313216134, 11.022728023127486, 15.619117780018883, 51.52604749809856, 60.68851847865253, 67.51997195073002, 77.14714661618557, 83.15978063441955, 81.34641193698864, 74.86764019293796, 67.6916247564741, 60.47480900857778, 54.586724093814986, 24.152131720318025, 28.47202348180076, 38.29360572267737, 41.510727769194744, 52.017997802363794, 59.28702114786666, 63.33719865273987, 65.42067260609825, 61.624656353597345, 50.964455474664064, 42.483580585752904, 41.384692763145964, 69.23668266820624, 66.32797261035809, 66.18272296791702, 71.03255436335687, 73.42672462313014, 79.70621829379854, 87.75605824673501, 86.97308845652128, 85.58581216155456, 82.53126873488398, 78.44796920742033, 74.29635081385035, 68.63946146297882, 70.08116275412851, 74.1761794235233, 78.67416857975908, 84.49996727205135, 79.49090055231935, 74.98116765685394, 71.0051733632819, 49.34380070279604, 55.901149798945674, 64.13786301733019, 73.17788722935357, 89.13424193277142, 98.96875232303768, 100.9689651392346, 110.90349110762013, 121.31724448486548, 124.58442305748699, 120.74232402998965, 111.19490186007772, 109.50030567355428, 103.41605816264793, 101.05015510991203], [17.839605004403914, 10.188641067536144, 0.0, 9.384572365037098, 8.916911811713177, 13.30853562063269, 19.096317835434768, 57.29241848958281, 65.38153673981424, 73.69748996420557, 81.90619171511976, 90.13071923614191, 82.3749790094326, 74.0733582531336, 64.70007744489281, 28.98290829694227, 24.649237000060143, 19.775280188644913, 17.224651988156538, 17.037586839605776, 13.60756863870603, 12.73179690054071, 15.52496535056739, 19.997819697466923, 25.427415713642983, 61.66772249859459, 70.77322445789589, 77.49733569241222, 86.81880524213115, 92.54967931006067, 90.79851369298385, 84.6213213330401, 77.58511073743061, 70.41475243030722, 64.60519818085778, 34.07539127575964, 36.752007274870444, 44.36140598148437, 45.04308305858781, 55.417376645551435, 63.78161464013144, 68.62141401595532, 71.29021686872393, 68.51802612582334, 58.8538673759603, 51.54230630761795, 51.31443174512502, 68.87024742287063, 67.54008043006412, 69.19562263961664, 74.73764614527867, 77.87669758383188, 84.40590186493226, 92.63841315730377, 91.03563121518215, 88.94015390699636, 85.20503500287599, 80.22708386221676, 74.99673224032003, 69.0301214980162, 72.08630464852035, 77.49319237668857, 82.854265391828, 89.092570393693, 83.57654424210831, 78.19793058292758, 72.92607631884533, 42.90646730280677, 48.045440620878345, 56.49916708570823, 66.8187403067132, 83.56957005205841, 95.1682131759171, 98.69041265077918, 111.90522544479175, 124.04211516407028, 128.69731259490314, 125.6521136612444, 116.95073292244935, 116.38902362380482, 110.98861229973718, 109.48507653961192], [25.07518739606325, 18.803973999980485, 9.384572365037098, 0.0, 6.986279699629986, 17.33347848276823, 23.996651604601794, 63.05241487549353, 71.59797534007392, 80.02012811282515, 87.69247972656893, 95.01149163610026, 87.67578038345991, 79.61460148202126, 70.22221449374489, 38.14731581268267, 33.9010873763568, 28.542102298533827, 23.859094915764537, 18.501380431093732, 15.559926464923604, 20.188505129479847, 24.807777232037058, 29.227851409180765, 34.387406849083895, 69.3698746337362, 78.2707489654281, 84.68494781895296, 93.41713857834944, 98.54050353150075, 96.81696213650666, 91.21083848717116, 84.48273202419801, 77.44108619340561, 71.86523611951206, 42.08647173903636, 43.398571323379, 49.47095915375833, 47.51510515214561, 57.50266515941078, 66.96263733061465, 72.26563715602734, 74.57340817901493, 72.48114455440839, 64.66338388153322, 58.083629078274036, 58.59967456168138, 66.97354807007439, 67.30750726796437, 70.68832818020708, 76.59664767492664, 80.13313430193722, 86.35468225412002, 94.2505750015469, 92.16992093680959, 89.79550396374998, 85.62518091833697, 80.14638629321033, 74.02244210904885, 67.84602593102737, 72.41630396710109, 78.82258032966237, 84.51542048595917, 90.6131224192279, 85.11796315447377, 79.38630282661434, 73.13659764233175, 39.08681257550999, 39.98162590348283, 47.38451899025189, 58.38122332276309, 75.86049399082764, 88.97342431220099, 93.99966613612827, 110.20671481782719, 122.79818996096083, 128.38461522236437, 125.97725749946446, 118.05884741216549, 118.7223060226409, 114.29787207752835, 114.24054678955889], [21.240601355093386, 16.062940756005855, 8.916911811713177, 6.986279699629986, 0.0, 11.209765425059484, 18.92875519219967, 58.45240789319904, 67.27689408782054, 75.77760562194455, 83.43703127153796, 90.85386151173705, 83.11266988139455, 74.88921107625865, 65.55622662669657, 35.27631707758, 32.22646184914487, 28.330019809602142, 26.030433031456603, 23.583912519497904, 20.22668836765045, 21.50933290713945, 23.389435769878116, 26.679049620882857, 31.06477416424082, 65.38034981313015, 74.46892707980487, 80.99155017679384, 90.1111483668618, 95.17633164409224, 93.15742144299247, 87.38874461068501, 80.51049553508227, 73.3273069951334, 67.72549148184014, 37.48690229279899, 37.40184594298872, 42.677240211355965, 40.59101325077852, 50.6188664259306, 59.98685490898383, 65.30795515447188, 67.88147019435068, 66.06880533978327, 58.22393311684577, 52.39156099723559, 53.98911262972243, 61.28433991727271, 60.95803258444509, 63.90569098765923, 69.78063606283885, 73.32428136702242, 79.74886706069391, 87.9394899316859, 85.74969891930542, 83.27989290488172, 79.16596266027263, 73.78079903653173, 67.95433636946193, 61.84896369695815, 65.91233814777702, 72.11505785075883, 77.86616391726723, 84.20974966546055, 78.49447154820898, 72.71268159951727, 66.66935658798776, 45.89031197537842, 45.614844608178615, 50.17006215043145, 59.018551185676046, 75.00208450876227, 86.34738850513138, 90.07366320285827, 104.57229706179531, 117.6819502745455, 123.55282774302252, 121.41420103772798, 113.96737330704151, 115.10550327916633, 111.40243506189933, 111.86689495518554], [12.629494309076511, 11.714013481861842, 13.30853562063269, 17.33347848276823, 11.209765425059484, 0.0, 8.65546056435017, 47.844749591064286, 56.758341595243394, 65.2761553867056, 73.0099138165768, 80.75276929123919, 72.60596523521745, 64.21938805969198, 54.9451304829373, 28.083737675827194, 27.44402670790686, 26.474752340519014, 28.211810017597667, 30.154938683160495, 26.851583643152985, 23.65717686674915, 20.399057685900615, 20.871317075879446, 23.300912334917594, 55.15148435736862, 64.31077672988471, 70.87336850350479, 80.32958097204018, 85.40780833922354, 83.13041308734417, 77.15704044039153, 70.15603420031627, 62.88334338274478, 57.2953929347011, 27.315098864907096, 26.42847005295889, 32.76245788061945, 32.404769467184316, 42.84999219511637, 51.466372353750224, 56.167819277837985, 58.20413314050797, 55.69331624040473, 47.34955391110325, 41.19481730427421, 43.29080137799259, 57.85431110951402, 55.66353510866704, 56.751757269076535, 62.00926939699346, 64.88978524651873, 71.16148994016196, 79.33538416604935, 77.81287435241643, 75.96430867244631, 72.49018006137932, 67.99500882692011, 63.315869393149455, 57.51127716826943, 59.803581719909324, 64.72981233858151, 69.71747641708664, 75.79736654825018, 70.44007754209964, 65.42994949406066, 60.658461008138374, 54.00023377046403, 54.572727902395414, 57.94765650728524, 64.54463126566537, 78.95803769523872, 87.67487417708637, 89.29933152536735, 99.8776783330664, 111.58008350540308, 116.40318438330239, 113.7517282265698, 105.90588199763219, 106.53853428098806, 102.89528160550188, 103.2879082729543], [7.879110331108521, 13.051126155710701, 19.096317835434768, 23.996651604601794, 18.92875519219967, 8.65546056435017, 0.0, 39.53868870698503, 48.413216296118954, 56.93638372222167, 64.5898590512409, 72.32082311166782, 64.32816725431107, 56.027454614174616, 46.6866826255178, 24.719629305096646, 26.00956136495589, 26.993053895681314, 30.687596664295963, 34.43547560928229, 31.575730355694766, 27.024924188778442, 21.238410647937712, 19.425119803910917, 19.802013120871475, 47.539545103475966, 56.4272654445585, 62.74633709862279, 71.89874553553531, 76.82238782338938, 74.57995136928267, 68.77553064587894, 61.9356970179631, 54.779498686113854, 49.35841913562619, 21.329778722380507, 21.561038753787216, 30.458880921123566, 31.762773070600876, 42.121532912950364, 50.02973094066752, 53.816356939484244, 54.22668566822566, 50.37697642523789, 42.38545123619118, 34.562229366754934, 35.71579937615702, 59.54583376811744, 56.40663296105909, 56.17552858877662, 60.60750717339645, 62.56328442589099, 68.00916556033305, 75.43165692736376, 74.95486089366257, 74.13882738303856, 71.40665689252451, 67.94993319866971, 64.17394146824695, 58.662326911944895, 59.76983144323128, 63.45767543670384, 67.22611482700874, 72.34022097241514, 67.99138224946833, 64.18543216324146, 60.64708809591664, 57.16575554680727, 58.489663594524416, 62.342186335187826, 68.26976402052848, 82.509097455267, 90.25396376327494, 91.13236829481863, 99.49661339062288, 108.42048611572055, 111.56499270753623, 107.97053127970959, 99.10677317232822, 98.74145520788426, 94.53718536137862, 94.6913563323342], [39.6707982750737, 48.151936059229946, 57.29241848958281, 63.05241487549353, 58.45240789319904, 47.844749591064286, 39.53868870698503, 0.0, 9.942622369076028, 18.262690487037993, 25.271165078085517, 34.191346577228614, 25.297668110461206, 16.842102526021538, 7.590121272276221, 40.763777350317355, 47.863208075380946, 54.16136639149413, 61.93333067118653, 69.39407519099471, 67.41183471304656, 60.29470218998009, 51.04654705533389, 45.14085654240568, 39.479802925350796, 20.29717464926954, 24.55311012472797, 28.222034293499735, 36.17355415860125, 39.78134116931187, 36.56823917518943, 31.187434342491628, 25.30349186875539, 19.390785877861838, 17.05360124317521, 28.84925357384314, 29.687507597919144, 38.03451389906313, 45.03575488717582, 49.897285122516216, 51.06853098839882, 49.32752846073701, 42.53359741794636, 32.56251694230759, 29.25256281662619, 17.87127103012363, 14.282387021163133, 73.60818418879333, 66.38808734965669, 59.88138182160985, 59.53396611684818, 56.775285528211825, 57.76290729306836, 60.99967189191452, 65.63247504684206, 69.45409414446664, 70.66389851561262, 72.33001304723459, 73.49852682124211, 70.43348840714289, 65.62734389832895, 62.709324575099885, 60.30039212199397, 60.508383912023916, 61.21775577408977, 63.52122274000617, 66.49064527030026, 88.99783985732729, 91.60065241974559, 94.35319550880469, 96.24122527561072, 106.84659942691819, 108.38469082267933, 104.4522899355429, 100.03213633556186, 97.69201560403324, 93.19931364065333, 85.63569178604158, 72.97419186321994, 67.579136260631, 61.83945465731524, 61.18210158198909], [47.5987729394342, 55.867969652609666, 65.38153673981424, 71.59797534007392, 67.27689408782054, 56.758341595243394, 48.413216296118954, 9.942622369076028, 0.0, 8.557622197208465, 17.00998140924128, 28.00770540022056, 19.287645333694442, 11.879811015070146, 7.848942012773633, 45.980653022818515, 53.25472947131663, 60.01614615310555, 68.20774542481996, 76.39682848004657, 74.66014433376053, 67.08784446920951, 57.66152196403253, 51.56499312453279, 45.62626681081543, 16.362514454034898, 16.717240513370143, 18.822720877874062, 26.60160130636329, 30.694131501120065, 27.38512537487028, 21.312700124571382, 15.470436594699484, 10.523425341857516, 11.036671831087123, 35.306079996762456, 37.63544813886047, 45.993841661704074, 54.07996239587666, 58.327646632731316, 58.17310745238061, 55.5491394948882, 48.43468540796183, 38.02673340418067, 34.67824743258537, 24.143704119527705, 17.81355832882375, 82.59839102103278, 74.89586618802593, 67.50216782082505, 66.44408320257317, 63.002594409363304, 63.31067894764803, 65.62391958663648, 71.2077496853034, 75.727801030123, 77.611778210996, 80.00488072573201, 81.89152299395668, 79.19150789984384, 73.61285982583739, 69.70689991457134, 66.39165515294296, 65.74836397430136, 67.32890054217485, 70.54296492877337, 74.47525032976706, 95.54420718382625, 99.68428501307488, 103.50642507558872, 105.6821586593511, 116.36335280155453, 117.55896038534199, 113.18717538667957, 106.82952441854418, 102.29415387682192, 95.74483774312186, 86.95368242719016, 72.89329194725063, 64.79984983855124, 56.98528755965592, 53.8510158431495], [55.91138497907049, 64.08675623225645, 73.69748996420557, 80.02012811282515, 75.77760562194455, 65.2761553867056, 56.93638372222167, 18.262690487037993, 8.557622197208465, 0.0, 9.981422617574161, 22.57999909548313, 14.663881061318179, 10.749253640418436, 13.674180655200663, 53.19307184002501, 60.50206054838201, 67.45116117388001, 75.79789430725958, 84.26427229903408, 82.64325409996395, 74.91413268049757, 65.44518570374998, 59.29382929333472, 53.26464713521595, 19.49754919433101, 15.154868979144986, 13.667813553301748, 19.660354886669623, 23.331553714743993, 19.58163367964816, 13.257452379188168, 8.85589296368209, 8.651855813987998, 13.594907450456402, 43.08376506617677, 45.531188641462144, 53.219136737514276, 61.547948510089405, 65.03466115302044, 63.88402560851718, 60.51761730740009, 52.8278894759592, 42.324639628340805, 40.10664694288628, 31.129225045252188, 24.994923456307863, 89.31599768365807, 81.27854376183409, 73.24571760922831, 71.49873738202318, 67.42874938718555, 66.91637484901867, 68.21189054998587, 74.62108470434283, 79.81835315246818, 82.3329003842405, 85.45445477582193, 88.0115045718851, 85.70615078218457, 79.48184665976595, 74.70095981357805, 70.48029427928283, 68.91955155380245, 71.40475577485898, 75.5238955592801, 80.31751814611714, 102.93994132197953, 107.53715300421504, 111.52654483123996, 113.44230001586601, 123.76073096376574, 124.26107290577967, 119.31752873510034, 111.02060859019109, 104.36147150440434, 96.07506821559078, 86.36983954765593, 71.45803818666302, 61.44393026058504, 52.55001994111891, 48.038671211038505], [64.23700477902982, 72.57632281547578, 81.90619171511976, 87.69247972656893, 83.43703127153796, 73.0099138165768, 64.5898590512409, 25.271165078085517, 17.00998140924128, 9.981422617574161, 0.0, 13.006642417408035, 7.47190684130664, 11.222761788247755, 18.71862571251482, 62.75708032339021, 69.96835948997557, 76.68976165870497, 84.72734990609652, 92.6852012570307, 91.07648344735426, 83.8048632851136, 74.52119401271351, 68.47965193369772, 62.575637114337326, 29.393165476071797, 23.762650108019308, 19.467165055057453, 19.081474897322877, 18.223177793612756, 13.649178346788867, 12.531572275348735, 14.472630535597492, 18.06543784733852, 23.531215574531675, 52.28038057026806, 53.76434546115049, 60.25281421537868, 67.3489364888057, 69.83534681591425, 68.38618956314475, 64.4389005071506, 55.07573026340008, 44.63949004338251, 46.106325305586935, 38.93022270280381, 34.41446273433665, 92.63376847396137, 84.78319764332844, 76.7324759431907, 74.23173002766518, 69.45210643200137, 67.35471398841365, 66.78431403235605, 74.23457012719211, 80.46927666374752, 83.6773641257168, 87.7061440327175, 90.81381065663389, 88.95749804006975, 82.47673642482947, 76.98127090053977, 71.50289274018292, 68.29572437237121, 72.32451658094796, 77.68631048643145, 83.21043938225195, 110.12023690270777, 113.3717095121422, 116.31263463565918, 117.1352672530825, 126.5396315829933, 125.96261774697122, 120.52689164682603, 110.57285516061303, 100.47295731044838, 90.12794774042726, 79.44704488676686, 63.74918465945018, 52.546406630319396, 44.1404062046024, 41.67862864082311], [72.89841062863965, 81.36159402089685, 90.13071923614191, 95.01149163610026, 90.85386151173705, 80.75276929123919, 72.32082311166782, 34.191346577228614, 28.00770540022056, 22.57999909548313, 13.006642417408035, 0.0, 10.955504109729546, 19.42941774395254, 27.09895531894266, 73.55770945407104, 80.50021589663416, 86.71961720129799, 94.12771196429881, 101.12758611789857, 99.54263221748052, 93.12395845579799, 84.26186957606166, 78.48816377673779, 72.89543500957073, 42.016701829122816, 36.48612782972356, 31.448483565086253, 26.61196159757347, 20.468325198240404, 17.10160725857859, 22.45171371331331, 26.944221610086064, 30.91882333390986, 36.130786510443635, 62.68937904083793, 63.20138662405172, 68.6121000794137, 73.69529187947923, 75.28482505843239, 74.20234280621813, 70.01560654252029, 58.72465505553249, 48.79615547914455, 54.56617399518139, 48.77049098076036, 45.65994705735697, 95.3280100363975, 88.22666138778473, 80.82992063965057, 77.73357568152, 72.40013084869011, 68.35176437176044, 65.3149096604022, 73.8001290432503, 81.18877961467987, 84.99256344983604, 89.86749727423565, 93.24372285646562, 91.78965010517256, 85.57695968301043, 79.74716390095985, 73.01431818721348, 67.75105080776169, 73.65427892840128, 80.25543630053858, 86.15422652175508, 116.56804708059111, 117.63866379006956, 119.09867821238996, 118.53619887792946, 126.8688282946358, 125.28661314009044, 119.72041945140481, 108.86463799525607, 94.12152311801357, 81.17313843512105, 69.17936058399647, 52.217139065475095, 39.68813277838912, 32.86699163877881, 36.163200379739], [64.87308805373058, 73.37260875587016, 82.3749790094326, 87.67578038345991, 83.11266988139455, 72.60596523521745, 64.32816725431107, 25.297668110461206, 19.287645333694442, 14.663881061318179, 7.47190684130664, 10.955504109729546, 0.0, 8.993733060935428, 17.836705863892973, 64.99191022285063, 72.26725941115404, 78.82803229665225, 86.67512055302305, 94.11382892472444, 92.30312090975136, 85.34848771976783, 76.11120679828342, 70.12734573369401, 64.29166695874187, 33.62934632811595, 29.529489192745697, 26.306716603539503, 26.43226631118425, 24.2334873923821, 19.679899717379786, 19.85904667097321, 21.04745183517007, 23.110851349553826, 27.684743650499367, 53.50088967189158, 53.33412237076257, 58.358874810432575, 64.2903373927725, 65.94226072829088, 64.41678264285594, 60.249530751635476, 49.86201471302788, 39.62047498387439, 43.84012233487533, 38.33196452678237, 36.18311334652397, 87.67167977655419, 79.90880923434142, 71.93099299299702, 69.05879749040652, 63.98107410485211, 61.12101178032711, 59.84994499427375, 67.59425285455471, 74.20664165823416, 77.67292475884501, 82.10783972450399, 85.50035266468672, 83.93692093239841, 77.31111109816835, 71.50907137223508, 65.47745964961251, 61.60260971997935, 66.2393290496733, 72.13946256308326, 77.98132732023095, 111.65070890211, 113.10138033659467, 114.36318422339814, 113.98932652764964, 122.28062904834292, 120.62989290972703, 114.62343085682278, 103.76696826831194, 93.08645190321428, 82.93487304658125, 72.64640773730994, 57.81304330785534, 48.60398080804619, 43.46845946225646, 45.15338228270779], [56.49157700347885, 64.97518067335884, 74.0733582531336, 79.61460148202126, 74.88921107625865, 64.21938805969198, 56.027454614174616, 16.842102526021538, 11.879811015070146, 10.749253640418436, 11.222761788247755, 19.42941774395254, 8.993733060935428, 0.0, 9.410633990550316, 56.54280303157488, 63.917551169698406, 70.56000171594505, 78.55439207165631, 86.15414690182368, 84.22489178588765, 77.04109328887043, 67.66871170274227, 61.624544184090226, 55.727711990325474, 26.861639064395174, 25.04089506600421, 24.27371130352633, 28.477878816313773, 29.144928950821633, 24.777730494531053, 21.57031239115176, 19.13997057181256, 18.094582427323296, 21.118567870939874, 44.71798346078007, 44.376497393681106, 49.79672518266462, 56.33668565879526, 58.64249485678716, 57.46206783789896, 53.7725128510856, 44.42488051372603, 33.87694936431151, 35.88849648806671, 29.41964983615184, 27.59347995771628, 81.5614110274172, 73.62390111107858, 65.6800369645906, 63.42624956617638, 58.92856170602855, 57.41223048682507, 57.90533449600576, 64.66017074152582, 70.35606844283966, 73.19348895466683, 76.8596903678275, 79.78796622932751, 77.8560557709849, 71.42588259578208, 66.23079210353376, 61.25676824758715, 58.861185505067844, 62.108547718648985, 66.95454070970162, 72.17810037461292, 104.8642903380132, 106.6783991569414, 108.16154518112126, 108.31959448982361, 117.08003428350894, 116.08898836675046, 110.37073061212057, 100.95190402332037, 93.66131116936346, 85.82705163635978, 76.76302319943541, 63.111547886636515, 55.80119707497678, 50.85541012282585, 51.541988469161616], [47.161832465367226, 55.668912021215945, 64.70007744489281, 70.22221449374489, 65.55622662669657, 54.9451304829373, 46.6866826255178, 7.590121272276221, 7.848942012773633, 13.674180655200663, 18.71862571251482, 27.09895531894266, 17.836705863892973, 9.410633990550316, 0.0, 48.119113689407854, 55.315475437984, 61.701715566151165, 69.48645573968882, 76.86821720870739, 74.90340625901489, 67.87820291168158, 58.63241513846508, 52.70272201237368, 46.97723678015833, 22.951061587183062, 24.377824760453322, 26.119973630222734, 32.50094673588549, 34.78008416356522, 31.099366655489483, 26.679224613757988, 22.07019255913364, 17.92014962373512, 18.112866180490457, 36.154507610503295, 36.15653185128877, 42.88588168063064, 49.39669583597321, 52.98780731881293, 53.17940907243075, 50.525171565730076, 42.199302926606556, 31.707295455416705, 31.472256879993296, 22.551036595931727, 20.243739557734216, 76.19060942461329, 68.69608081356718, 61.59032411643581, 60.342411584252304, 56.74132541149968, 56.4688324261272, 58.39156835572556, 64.03437182513264, 68.78836856150569, 70.74781187350061, 73.3676843078601, 75.32690830151628, 72.77764138105067, 67.26149557479677, 63.301854295032236, 59.63817995841128, 58.55863924249807, 60.519049008465366, 64.06058191338778, 68.06512518500791, 95.85520269518406, 97.7792736864149, 99.73139702326178, 100.6648194562444, 110.348598633362, 110.67397234284299, 105.9429242158923, 99.34058619690647, 94.60713214711882, 88.64456660098575, 80.42811314532575, 67.32512111154968, 61.32260031789746, 56.11709497091313, 56.4459406305056], [17.564075300634528, 19.577399831618624, 28.98290829694227, 38.14731581268267, 35.27631707758, 28.083737675827194, 24.719629305096646, 40.763777350317355, 45.980653022818515, 53.19307184002501, 62.75708032339021, 73.55770945407104, 64.99191022285063, 56.54280303157488, 48.119113689407854, 0.0, 8.027555038402975, 16.03636963822364, 25.892688088106187, 36.75333365960814, 34.96975771937171, 24.777303293458615, 14.909147054840828, 9.023041871680581, 4.975218583936487, 36.860650673940306, 46.15633614278392, 53.634488345898895, 64.55126944254829, 72.05364678134212, 70.29185797761546, 62.49004795656101, 54.755791755195524, 47.56490667977412, 41.29792337101982, 13.902785167924483, 24.509932601014246, 37.416505786953756, 46.6624749591374, 56.164054557265665, 59.99162548595734, 62.28275646259168, 64.511279055831, 59.01724849403517, 44.65975350748955, 34.21716723283226, 29.60218973951672, 79.27044096317763, 73.62337974078045, 69.97733168428896, 73.47064178676484, 74.60171949375423, 80.86274566198222, 88.92255860497727, 89.44686101531664, 88.95940782859242, 87.10223135312513, 84.43902258634485, 82.3210017055079, 77.45957579300462, 75.89946945739834, 77.47843282253245, 80.67683793021413, 86.16523193546637, 81.69655682410658, 78.51183604626551, 76.9778072301241, 62.83670622150232, 73.84798744989189, 83.38581184836846, 91.75887317053117, 106.73058164345773, 114.31511755047977, 113.9819240158322, 118.29922451266111, 126.89479010976034, 127.84256856365768, 122.56865442493397, 111.39219824225668, 106.76690184567451, 98.4052623887696, 92.45411242578272], [18.406076161492027, 16.869216648926944, 24.649237000060143, 33.9010873763568, 32.22646184914487, 27.44402670790686, 26.00956136495589, 47.863208075380946, 53.25472947131663, 60.50206054838201, 69.96835948997557, 80.50021589663416, 72.26725941115404, 63.917551169698406, 55.315475437984, 8.027555038402975, 0.0, 8.269272758971615, 18.309853649573746, 29.730157173799498, 28.226585117949817, 17.78450266066156, 9.210493529741715, 6.753743344285005, 9.529731874509691, 44.283883582032196, 53.30752517504244, 60.626180362091134, 71.1001767313401, 78.60058128389124, 77.10696392012544, 69.5257313985378, 61.97189023100032, 54.93644222119057, 48.7544463758737, 21.21144073345736, 30.688746888730535, 42.75541898822446, 50.67970134476242, 60.6012076434985, 65.28227422853818, 68.18342318419634, 70.88235299401892, 65.85539543059667, 51.840679507511226, 41.82448541759216, 37.365339102774456, 81.95712342975312, 77.19380864328956, 74.61431513175089, 78.65678121905464, 80.30118330368248, 86.83223769050434, 95.07305000128767, 95.15396954766304, 94.23956148819124, 91.92361616691515, 88.62923004815175, 85.77019238839982, 80.59988466123978, 80.04888976750605, 82.51484689288638, 86.32983129374736, 92.12812884945338, 87.30886769879422, 83.50839440287376, 81.09994926624364, 56.26992556063008, 68.960212111297, 80.15170889141864, 89.95719550393517, 105.94358642206626, 115.05117900237721, 115.87392277565091, 122.46183906753596, 131.97491292570172, 133.49743248161303, 128.4239981972337, 117.28297148448783, 112.80169279057752, 104.12637039896538, 97.94729311185966], [19.94133228878314, 15.011999559228078, 19.775280188644913, 28.542102298533827, 28.330019809602142, 26.474752340519014, 26.993053895681314, 54.16136639149413, 60.01614615310555, 67.45116117388001, 76.68976165870497, 86.71961720129799, 78.82803229665225, 70.56000171594505, 61.701715566151165, 16.03636963822364, 8.269272758971615, 0.0, 10.060675967686912, 21.709866197675556, 20.460577120910248, 10.193371429343188, 6.331551836674324, 10.303793935881675, 16.046175412231726, 51.90493009914212, 60.76008738611091, 67.86583006599663, 77.81080650749351, 85.04943473688094, 83.73931352053475, 76.53644088890199, 69.19648226848838, 62.24862851138432, 56.169606756085436, 28.078232649706717, 36.37319573220492, 47.58730872744998, 53.75802019079419, 64.00858566926122, 69.73744278876055, 73.24914267410057, 76.1037392432593, 71.5533551531529, 58.36120113271858, 48.7099215537522, 44.69423641844293, 83.11810280315491, 79.44084518189959, 78.12890473668078, 82.69844831623774, 84.82923104944922, 91.46321625463311, 99.74139790354255, 99.38111140201946, 98.09980987740664, 95.32108333826805, 91.42419052919601, 87.75875403011064, 82.27864601319985, 82.88956345540285, 86.30206808776764, 90.6557876795452, 96.62899064582504, 91.57282447935023, 87.2274157640921, 83.89077344950519, 48.70579482862373, 62.36610604779481, 74.91588918400713, 86.02366865392834, 102.96428912063489, 113.62015435300464, 115.72302519322417, 124.84160094697548, 135.0813208803589, 137.26230844453178, 132.4931631912912, 121.56252779347344, 117.56677653094953, 108.97537709454434, 103.19724266137648], [25.03269208090804, 17.895594566078685, 17.224651988156538, 23.859094915764537, 26.030433031456603, 28.211810017597667, 30.687596664295963, 61.93333067118653, 68.20774542481996, 75.79789430725958, 84.72734990609652, 94.12771196429881, 86.67512055302305, 78.55439207165631, 69.48645573968882, 25.892688088106187, 18.309853649573746, 10.060675967686912, 0.0, 12.09628476150462, 11.652390784354985, 5.378858602018368, 12.869586770201638, 18.884591564683227, 25.181122004895553, 61.09202470010504, 69.73577139006397, 76.57378086551554, 85.88065266061162, 92.76292131504155, 91.65776496464282, 84.92621135853155, 77.85898856746452, 71.03545866394624, 65.100985061906, 36.936780436502595, 44.1504640495599, 54.42731735416623, 58.6053430905456, 69.0273820941229, 75.85565061646386, 79.95206073693664, 82.79522266011736, 78.71916049132653, 66.59673584409826, 57.27094945863798, 53.6276184830837, 85.28410458962448, 82.94408566131867, 83.09295994455756, 88.17055060366843, 90.77473469715018, 97.39104326501334, 105.57856345018764, 104.78221660627199, 103.1636769106953, 99.90932467586839, 95.4036134292474, 90.84786356196936, 85.06412946021466, 87.0162428758722, 91.43830425418712, 96.28548556927052, 102.3274406549936, 97.1231012905369, 92.2730509538219, 87.94577916462914, 39.45354118122726, 54.370663804741675, 68.773012249102, 81.52856134562111, 99.61973142510561, 112.18286708624602, 115.89065226218459, 128.00851606163593, 138.83512472375736, 141.68710478204255, 137.2448621529496, 126.55795475296021, 123.12149320209278, 114.67091846772054, 109.44383284977562], [31.01936873864729, 23.250093239213815, 17.037586839605776, 18.501380431093732, 23.583912519497904, 30.154938683160495, 34.43547560928229, 69.39407519099471, 76.39682848004657, 84.26427229903408, 92.6852012570307, 101.12758611789857, 94.11382892472444, 86.15414690182368, 76.86821720870739, 36.75333365960814, 29.730157173799498, 21.709866197675556, 12.09628476150462, 0.0, 3.6816991496617413, 12.833209042733072, 22.487040681339415, 28.699536708822176, 35.072438934214055, 71.0171885971259, 79.55714151800468, 86.09298384423049, 94.73399774490174, 100.9496322827241, 99.90909598403984, 93.81547663924633, 87.05005831703652, 80.28625058736421, 74.53376008296432, 46.0200116787215, 51.5846823226173, 60.51889207431197, 62.05059970715367, 72.41811209283755, 80.57251495371837, 85.30764661558305, 87.91432846229682, 84.5277551926784, 74.12408970858282, 65.43260590172815, 62.7272999636398, 84.80681320360355, 84.18233074109128, 86.16431069982124, 91.75672718606236, 94.87310341612474, 101.30186799207988, 109.24900286295227, 107.90221275426639, 105.92335145659922, 102.13486762774346, 96.99129188976303, 91.41085253573976, 85.34434649580372, 88.9294901253174, 94.5179134060206, 99.84782880525252, 105.85240851641007, 100.56822015311809, 95.21671595857696, 89.7480793073673, 29.485896159901912, 43.3360067026773, 58.94953356052457, 73.21988396787117, 92.34700350085276, 106.91560370624698, 112.46794281350175, 128.1069111578342, 139.5342478317441, 143.3889693587199, 139.57594716590796, 129.58972023036674, 127.38045115981114, 119.80369960187775, 116.08752493296136], [28.47374493836666, 20.440968610274904, 13.60756863870603, 15.559926464923604, 20.22668836765045, 26.851583643152985, 31.575730355694766, 67.41183471304656, 74.66014433376053, 82.64325409996395, 91.07648344735426, 99.54263221748052, 92.30312090975136, 84.22489178588765, 74.90340625901489, 34.96975771937171, 28.226585117949817, 20.460577120910248, 11.652390784354985, 3.6816991496617413, 0.0, 10.82106670244602, 20.32949414192852, 26.567334379169992, 32.96055490269328, 69.47637809522593, 78.20831422461333, 84.84946539027382, 93.73916725144801, 99.91135884260618, 98.69855800102167, 92.51780434237006, 85.63807878023441, 78.7449172641229, 72.93270253902435, 43.688100152799095, 48.65292660961655, 57.18601008789752, 58.55060672895638, 68.88909543561559, 77.06378717391385, 81.87958301242323, 84.69071199161799, 81.53247436909226, 71.14234437091078, 62.84797660300714, 60.721590304797076, 81.36064232501803, 80.63135310222746, 82.60227429843619, 88.24306582384942, 91.4409855622548, 97.99376517972462, 106.10128562965852, 104.60535250888857, 102.4964845080238, 98.65991368007417, 93.46187452465699, 87.90389376576346, 81.85345503532255, 85.38430650163218, 91.0115283782454, 96.46135686653041, 102.62837326731982, 97.18293954095319, 91.71464298210324, 86.20832575054642, 32.3826881511524, 44.10933330841222, 58.158359826240705, 71.71248257706684, 90.33821617079383, 104.35393480772498, 109.51133964494588, 124.77021097779266, 136.68464597244966, 140.87973529943667, 137.31975063192732, 127.69715664297136, 125.91148190621115, 118.83671498643085, 115.57064600749382], [22.00749227791343, 14.078812186774497, 12.73179690054071, 20.188505129479847, 21.50933290713945, 23.65717686674915, 27.024924188778442, 60.29470218998009, 67.08784446920951, 74.91413268049757, 83.8048632851136, 93.12395845579799, 85.34848771976783, 77.04109328887043, 67.87820291168158, 24.777303293458615, 17.78450266066156, 10.193371429343188, 5.378858602018368, 12.833209042733072, 10.82106670244602, 0.0, 10.238001419621803, 16.733389160606226, 23.266365084087976, 60.50651238936367, 69.47852759163533, 76.46075475257327, 86.09727711530763, 92.81644424715388, 91.43642765169498, 84.64264981619579, 77.41954720469741, 70.3793943946225, 64.35807837379691, 34.68099647843825, 40.657653470159914, 50.13471252414338, 53.82814248919956, 64.21422187025401, 71.21160623857216, 75.53399168437505, 78.74903735073845, 75.14696889424526, 63.164956624802954, 54.59845587832793, 52.102413552374045, 80.20320763580776, 77.87894726889999, 78.20658659551003, 83.43783084272118, 86.2534691789501, 93.08491182785016, 101.53456730127704, 100.41013750571328, 98.51444380536475, 95.10680932765882, 90.42089347605605, 85.78118906588224, 79.99692868934241, 82.0406559434117, 86.66964218880872, 91.79739690356388, 98.1305148098662, 92.62480174963991, 87.49839047109025, 82.96812676714318, 41.76611611249837, 54.040482406212305, 66.5366256838304, 78.45195250300107, 95.87443157913772, 107.85331610141363, 111.1926214339116, 123.169951892042, 134.90624638768594, 138.45690525496312, 134.51414328969193, 124.51292795568132, 121.9279816712748, 114.4039165330916, 110.11133925917402], [14.651667254907512, 9.283393313216134, 15.52496535056739, 24.807777232037058, 23.389435769878116, 20.399057685900615, 21.238410647937712, 51.04654705533389, 57.66152196403253, 65.44518570374998, 74.52119401271351, 84.26186957606166, 76.11120679828342, 67.66871170274227, 58.63241513846508, 14.909147054840828, 9.210493529741715, 6.331551836674324, 12.869586770201638, 22.487040681339415, 20.32949414192852, 10.238001419621803, 0.0, 6.516719540505174, 13.05387688138838, 50.71373862633081, 59.89782225430826, 67.05596628525373, 77.17328918646011, 84.03963767164032, 82.42884922542086, 75.32826239236594, 67.90338416635679, 60.729017372449924, 54.61176601906114, 24.59050063995766, 31.43035706002835, 42.104123824789816, 47.61949376750319, 57.930294074047815, 64.01393333319949, 67.73651600999995, 70.63736440863141, 66.47877044391375, 53.79053496431697, 44.77762451641325, 42.136851261429015, 76.79625523054573, 73.16392641423299, 72.0672995792697, 76.74827243134077, 79.01910685275023, 85.70776226775091, 94.1019820226196, 93.4964075006503, 92.06451005837692, 89.17680245791158, 85.1904562467078, 81.45024827080181, 75.95635948231, 76.67315989166775, 80.26509272982241, 84.7711889656724, 90.87753248532114, 85.66809098626976, 81.16957433608675, 77.66405477116439, 50.22996976739419, 60.995872405156646, 71.51521080196225, 81.58715679395199, 97.84030234003671, 107.83225764269596, 109.57905296951378, 118.55407852137978, 129.28329309813176, 132.053145401734, 127.75406331462717, 117.51179586921657, 114.50239626163582, 107.0255622328213, 102.57811552355604], [12.08221417985102, 11.022728023127486, 19.997819697466923, 29.227851409180765, 26.679049620882857, 20.871317075879446, 19.425119803910917, 45.14085654240568, 51.56499312453279, 59.29382929333472, 68.47965193369772, 78.48816377673779, 70.12734573369401, 61.624544184090226, 52.70272201237368, 9.023041871680581, 6.753743344285005, 10.303793935881675, 18.884591564683227, 28.699536708822176, 26.567334379169992, 16.733389160606226, 6.516719540505174, 0.0, 6.537902922255579, 44.38963736243662, 53.69155187050371, 60.94118247744317, 71.33649127452827, 78.27858517273846, 76.52723450255844, 69.24748424337521, 61.71079580131998, 54.46474892423577, 48.29864315081559, 18.235623805982623, 26.12649366252269, 37.86442975016459, 44.705035050149284, 54.82759506878832, 60.205967945694795, 63.41925925602526, 65.92585194872159, 61.276870743952436, 48.1804313286834, 38.66242302381734, 35.730628591573726, 75.50027630883353, 71.03476960434891, 68.95305954417839, 73.17873887846831, 74.9999486589834, 81.48018063774174, 89.72711385022133, 89.5537399413257, 88.52000346705947, 86.03720342539117, 82.59881639995145, 79.50325223876548, 74.2438384136966, 74.05072758202795, 76.86409463058882, 80.83566290484517, 86.67326443393749, 81.77581521730006, 77.81261457489713, 75.07538781693562, 55.59825309932971, 65.59518802870787, 75.08154179428233, 84.06565591453702, 99.5984693400031, 108.36830601536879, 109.14733957935262, 116.15188224902514, 125.96595680811483, 128.0904836446329, 123.4884694118173, 113.0165064783952, 109.64265857395827, 102.14283057868886, 97.57027815401322], [12.843656277833155, 15.619117780018883, 25.427415713642983, 34.387406849083895, 31.06477416424082, 23.300912334917594, 19.802013120871475, 39.479802925350796, 45.62626681081543, 53.26464713521595, 62.575637114337326, 72.89543500957073, 64.29166695874187, 55.727711990325474, 46.97723678015833, 4.975218583936487, 9.529731874509691, 16.046175412231726, 25.181122004895553, 35.072438934214055, 32.96055490269328, 23.266365084087976, 13.05387688138838, 6.537902922255579, 0.0, 38.13620279790617, 47.58030145415792, 54.93931824350071, 65.66516140339041, 72.69286425919236, 70.77733932585741, 63.28473079422765, 55.616184836251804, 48.288554399697276, 42.064542242073124, 12.055789147753956, 21.488528542841223, 34.31654352531029, 42.59827732032648, 52.35154417296866, 56.86734691052588, 59.47881239528441, 61.547777375040575, 56.36163100633854, 42.80392797119178, 32.70113210265818, 29.387522719188937, 74.77147597154499, 69.4596163831698, 66.32604847900961, 70.02667754072901, 71.34568973890785, 77.57965294202064, 85.6487800193208, 85.94210924536557, 85.33486123735301, 83.29739511074482, 80.45754282547634, 78.06452895327804, 73.08927461243829, 71.92747914212391, 73.88040848784892, 77.25597319732323, 82.78886115210454, 78.24053172064714, 74.87312006633647, 72.9822950016226, 61.272484452773845, 70.59594954216085, 79.11797827475172, 87.05178405647436, 101.82032176134328, 109.35361655280828, 109.15160039661995, 114.09645134635007, 122.96092541684042, 124.41037295184486, 119.49997166386672, 108.80830683337194, 105.0458126528357, 97.53657831757717, 92.82288900090472], [44.35715419962692, 51.52604749809856, 61.66772249859459, 69.3698746337362, 65.38034981313015, 55.15148435736862, 47.539545103475966, 20.29717464926954, 16.362514454034898, 19.49754919433101, 29.393165476071797, 42.016701829122816, 33.62934632811595, 26.861639064395174, 22.951061587183062, 36.860650673940306, 44.283883582032196, 51.90493009914212, 61.09202470010504, 71.0171885971259, 69.47637809522593, 60.50651238936367, 50.71373862633081, 44.38963736243662, 38.13620279790617, 0.0, 9.8634525244211, 17.639148882580614, 30.085271751943804, 38.01863147097536, 35.636411917258854, 26.701382448502663, 18.542957025266766, 11.67960070076182, 5.953131530915219, 29.20466721122946, 35.112402488107776, 45.550811505254835, 56.71295508162964, 62.20147521418072, 61.46067526091094, 59.44898872166666, 56.04153498996367, 46.6575694295321, 36.35617522859495, 24.433692106403118, 13.280520366513844, 88.77481516236216, 80.509849654021, 