{
	"dissimilarities": [[0.0, 8.377730808752752, 17.850692217990428, 24.662996982189696, 19.525975778420374, 11.784096007878794, 6.5233751257300066, 40.595599966427905, 47.63973225522114, 55.92716288300981, 64.23635948208997, 72.71609516637666, 64.67330964846276, 56.24541485140755, 48.0348114721891, 20.64290581177788, 19.811094333432568, 21.128976327419437, 25.808650374206806, 30.77325375990054, 28.824817033535545, 22.662977468177893, 16.568055957653268, 14.497554187269312, 15.136778991014701, 45.36556493814844, 54.279990602374404, 60.52205147333896, 69.55594185659086, 75.57097110126988, 73.51487261598852, 67.24072574690089, 60.237354086431075, 53.32789619088211, 47.70367764623862, 19.366406940468153, 23.50304855186052, 33.116368563602286, 37.32816776764082, 47.513862768240585, 53.730392337663325, 57.74186430083976, 58.294878077035044, 54.29828515788955, 43.444755838458825, 35.51520160761366, 34.36158684453857, 64.66474563982536, 62.278396630514074, 61.06313091179052, 66.53842964577483, 67.51389685411068, 71.99245303667072, 80.26696635148062, 82.43281419253822, 80.69298373334803, 77.78929558890407, 74.50988992008986, 71.26272491643282, 64.71288881921402, 65.2529033667473, 68.85181596838942, 72.63843166625584, 77.85426707723708, 73.48571063656392, 69.6685485060282, 66.1980776930558, 53.70671316317195, 56.55731911763609, 63.231075915678886, 72.22026283563395, 85.82782947405697, 99.43274934945465, 103.14172327280772, 106.52123710160606, 114.12575547079071, 117.12819069554838, 114.39513169909455, 103.93959679189796, 100.21516866653266, 94.09220896458805, 93.37609265240545], [8.377730808752752, 0.0, 10.130727586307954, 17.86974853846693, 13.42214041324237, 9.494835457662445, 11.335804994703292, 48.924840459293094, 55.872849822744946, 64.12798566235153, 72.54050060892793, 81.0868643405, 73.02220655999291, 64.5679307824387, 56.365433273650126, 22.64619952302911, 19.01598542852431, 17.310186310043516, 19.686217708844477, 23.68532439781507, 21.29534442218641, 15.645795982817171, 12.496478101348435, 13.90516222299204, 17.710746273243853, 52.50673309537177, 61.599653420708115, 68.0935850599457, 77.31776497533293, 83.52294771697059, 81.57108959131769, 75.1770594402175, 68.06884369300703, 61.05499344750695, 55.26914713263857, 25.67665142254636, 29.290034931172954, 37.45549685457091, 40.63643236819854, 50.974971031878084, 57.617408717375746, 62.431187018689805, 64.1438884612218, 61.15354963419821, 49.940958549666036, 42.88886261525051, 41.84992909973983, 66.21199544541709, 64.6593021944281, 64.38212838482629, 70.5961270985426, 72.3160661279141, 77.38124425117127, 86.19991228562724, 87.5782587153316, 85.14431950337038, 81.57077207973039, 77.4449052101537, 73.52892762205384, 66.62301584920034, 68.16732639449317, 72.85859894619222, 77.58201787568048, 83.51706123172922, 78.39596689469826, 73.65610238829947, 69.09469076336164, 48.256459847183685, 51.87458625682312, 59.691985787282846, 70.21850719387392, 84.51449427167572, 99.5088271880263, 104.20514581243545, 109.81658925327616, 119.46034120057008, 123.52485009718266, 121.3648926794752, 111.43329677092278, 108.19523667914149, 102.09960909918496, 101.07141584720502], [17.850692217990428, 10.130727586307954, 0.0, 8.271217028339786, 6.446971462049062, 12.027178389004172, 18.415586063128835, 58.20419699946176, 65.43426785016008, 73.74016666660131, 81.92161926629969, 89.9657258136698, 82.17547703974944, 73.8220967620086, 65.5667800688543, 31.47331393252876, 26.363539013930655, 21.850730607910823, 19.436420101349658, 18.887198835509118, 15.257140361517061, 14.833534300698366, 18.13115189067948, 22.143691590268006, 27.087802913049554, 62.627649689453904, 71.6711854366145, 78.08211100191343, 87.07209982216261, 93.00203898406834, 91.13366820606491, 84.98336962053673, 77.99596241261756, 71.0527831469752, 65.32718064148507, 35.61768610102027, 37.84791656941282, 44.01211158711831, 44.66052459111365, 54.73057360042672, 62.22066045721101, 67.92340571904839, 70.18691124891629, 68.24929258085321, 58.12063224447833, 52.10155379488059, 51.87064217802264, 66.13244158624215, 66.12154878339759, 67.49099433872851, 74.42354171108546, 76.9653858337413, 82.3175167737905, 91.20721833139815, 91.73482534145533, 88.57279281188833, 84.22120969519246, 79.19883083693813, 74.38810631681186, 67.07030400081243, 70.25379541980533, 76.38323840346648, 81.97622466923711, 88.32033267442506, 82.70304945535923, 77.08316509418869, 71.10046519307183, 42.41961764345165, 44.12750934305109, 52.099857392235414, 64.00043314248448, 79.04180640466635, 95.62421402267262, 101.64528808679827, 110.85885112084596, 122.39844247620128, 127.74376124487698, 126.37698842701087, 117.35861791240968, 115.31198248415602, 109.94289530718743, 109.66319251416996], [24.662996982189696, 17.86974853846693, 8.271217028339786, 0.0, 7.368942573807246, 16.945915676724614, 23.863279152129977, 63.95930347956915, 71.49165273323965, 79.82888123199594, 87.63489590384691, 94.96793027427498, 87.61236936130754, 79.45048425351655, 71.18427918494297, 39.63546437155383, 34.37526371431803, 29.18903248192836, 24.687905524310416, 20.416532561661125, 16.374338711873925, 20.735299919759466, 26.013096881659248, 30.3198014674296, 35.24057105342611, 69.93743230767885, 78.78625493331691, 84.92478800273963, 93.45625714544957, 98.89865518188991, 97.1031107477839, 91.36948432386875, 84.63139580556015, 77.86726306268865, 72.32609861112164, 43.18411701935762, 44.496077385988634, 49.47826029468819, 47.931468020695846, 57.53559424424679, 65.74630575328861, 71.91874840916722, 73.95384667819067, 72.54531047205346, 63.983661176927214, 58.5246620349866, 58.96336194011459, 65.37368633975998, 66.77840786251451, 69.55449768275527, 76.79567761682398, 79.78189667527677, 84.99801663767703, 93.47320956779846, 93.55494097631873, 90.03101940160128, 85.22203143273354, 79.73675930770452, 74.290692811158, 66.72509204922767, 71.28498688732348, 78.39219395008246, 84.32173592484409, 90.56204940711804, 84.95916112436863, 78.97631732662599, 72.03501138478627, 39.211333292621696, 37.0438815348685, 44.26928507193497, 56.970597552917496, 72.7176631605918, 90.45416310330332, 97.55498129991572, 109.99007057039317, 122.20935312008938, 128.29816384424598, 127.45577209578106, 119.17081719889461, 118.22700444105048, 113.68489677177105, 114.49540240320124], [19.525975778420374, 13.42214041324237, 6.446971462049062, 7.368942573807246, 0.0, 10.008207416453462, 17.82580757622033, 58.33265349883204, 65.99744654636164, 74.35170443521379, 82.17902884495528, 89.76317500445114, 82.01143184467556, 73.76548093393428, 65.48623313272653, 35.71318208052817, 31.409883304836953, 27.773322424416133, 25.873427636632414, 24.539841391473786, 20.638172077017526, 21.18706087538194, 23.58617680374454, 26.658133079386282, 30.764409467276487, 64.6966609068314, 73.7259345767703, 79.92419612949132, 88.76935657036371, 94.35401491811037, 92.2697304817334, 86.30360128575015, 79.4076096193683, 72.54102674827364, 66.9678280890531, 37.343170636105896, 37.55696352246186, 42.12406750023897, 40.81407424974571, 50.57804927004557, 58.59939238942505, 64.67526854631541, 66.90008425060249, 65.64323172433203, 56.83498225510428, 51.870134717053546, 53.19651683106913, 60.2350460560178, 60.78404312994451, 62.89373232569244, 70.02656321537522, 72.88878571432669, 78.24226189823091, 87.06120814370618, 87.16573199913054, 83.72049378118385, 79.09317038397236, 73.82489868045938, 68.74077377972363, 61.31717405560224, 65.09861513400078, 71.77367425132975, 77.64101708819932, 84.08203693429503, 78.3143238733128, 72.4089006421931, 65.89929372837439, 45.8323602796941, 43.47685153399199, 48.3277345793693, 58.924747391634874, 73.17957458662022, 89.40473112498458, 95.32098484235279, 105.03054841374404, 117.35392281821998, 123.5052422514513, 122.81042053228842, 114.71338579754246, 113.8847518752652, 109.79639834157146, 110.98018221752442], [11.784096007878794, 9.494835457662445, 12.027178389004172, 16.945915676724614, 10.008207416453462, 0.0, 8.628106940211163, 48.86178391204007, 56.56923559761148, 64.9101713716713, 72.77123003811226, 80.65444757116529, 72.55520980270045, 64.23414430840991, 55.9657916239073, 29.849236324433495, 27.45207722221612, 26.48939115209759, 28.20621179683245, 30.199976150340948, 26.945357385761092, 23.6078359439046, 21.439726819888378, 21.965808291762652, 24.25197447141096, 55.67468591416399, 64.74575160158214, 70.90263698433019, 79.94111942881841, 85.62880315091216, 83.29642177747685, 77.15133057412714, 70.16421551527729, 63.26260479997232, 57.726095524394395, 28.308317748867026, 27.83195622238911, 33.19154831097958, 33.37378119986175, 43.52642866314282, 51.02059195449925, 56.4597298399278, 58.22529783659473, 56.34510890643165, 47.04869261365103, 41.87780123022561, 43.737074223097764, 56.93832282595852, 55.920438034041524, 56.53090770999201, 63.082580723036735, 65.28393811298724, 70.44903042538961, 79.33028477733346, 80.06275098065248, 77.19333049741448, 73.22408495656484, 68.75833830504656, 64.5215510619125, 57.47510262672774, 59.66438389494566, 65.08889086497048, 70.26663764019976, 76.46502345407535, 71.01519052080346, 65.81057334705434, 60.54595997135867, 52.93635281980151, 51.4655728670683, 55.17549281625937, 63.65278163605916, 76.55064612777214, 90.73014984434056, 95.05092739813766, 100.82613764094627, 111.73050211301377, 117.04768053127457, 115.93445283811035, 107.41837780010479, 106.06046006414785, 101.99267706288164, 103.25214821440116], [6.5233751257300066, 11.335804994703292, 18.415586063128835, 23.863279152129977, 17.82580757622033, 8.628106940211163, 0.0, 40.52267799422676, 48.20612583046231, 56.56038061196088, 64.39416916095917, 72.26771988168004, 64.28862480627089, 55.98439309933318, 47.704791317601504, 26.466664490546897, 25.927053066033807, 26.945470699521024, 30.6562896637583, 34.20071044284861, 31.645700907489505, 26.93256698275725, 22.080889167614536, 20.425098345789795, 20.726980143275117, 48.06466019561201, 56.853192088653074, 62.7595087635777, 71.52404872098305, 77.05943114155497, 74.75879554798613, 68.764274158018, 61.92418013854592, 55.16361602296619, 49.79304122609314, 22.121653060239506, 22.827210610684432, 30.469936510751754, 32.467846861409306, 42.5629679870527, 49.45659935824992, 53.860832651452, 54.20226245666495, 50.850444921985925, 41.63520416877219, 35.02195479228304, 36.16075624288589, 58.472213859538456, 56.47357234396671, 55.8756896295204, 61.52494014825904, 62.766259138969886, 67.20948618259398, 75.40099537581386, 77.2174424300221, 75.24640610241327, 72.11438319828316, 68.6804661749118, 65.23532336415656, 58.5918343366999, 59.574557413219864, 63.63180205309446, 67.6271712106163, 72.89787872006646, 68.42690907930384, 64.38762933136796, 60.48344831682485, 56.08786028316683, 55.62304367662045, 59.7493884733261, 67.37742102784239, 80.14634750303183, 93.19672797278452, 96.67954325558982, 100.3181475186946, 108.50508708163333, 112.27219080990187, 110.20383016408121, 100.68172155224829, 98.3140460500304, 93.66355108626003, 94.69760967485934], [40.595599966427905, 48.924840459293094, 58.20419699946176, 63.95930347956915, 58.33265349883204, 48.86178391204007, 40.52267799422676, 0.0, 8.57289179436064, 16.567867993937842, 23.919091526720884, 32.976514965580655, 24.128361136831366, 15.65793127593623, 7.53930995848254, 42.81384882063847, 48.90624552001809, 55.185865892739905, 62.91616666431722, 69.54249307488382, 68.44159962571955, 61.308358598783194, 52.4250929861638, 46.60480257097734, 40.99928893208941, 21.76736044874091, 25.351444535316148, 27.83974344568308, 34.695414897392695, 39.21969130002358, 35.89878167124678, 30.396219456249717, 24.739890207407992, 20.060938171400135, 18.24267803291734, 29.225544820020275, 30.412517393949454, 37.98953763036266, 45.46340420715948, 50.20254991892563, 51.31155493902143, 49.23543396952526, 42.85387213359295, 32.356593248787824, 27.63194739948448, 17.708664804126283, 16.194829757091025, 72.70881158443774, 66.44548514923859, 60.25697486733616, 60.369554718921435, 56.70686684034205, 56.937505190749825, 60.88835049248871, 67.73045602172297, 70.3777287673767, 71.81275952051749, 73.57381733532446, 74.44280068876168, 70.98948482178157, 66.03861424338083, 62.707508228286116, 60.33939790358194, 60.52204233069785, 61.28401037142809, 63.53620080194482, 66.91168181298517, 88.38344396548325, 89.75197243058803, 92.59554399836145, 95.57099856511317, 104.93391588743872, 111.3668827277855, 110.00581543802748, 100.65598703407034, 96.96060687332361, 93.38939147766581, 87.14214997083116, 73.53902553021413, 65.76602184129781, 59.24852035255434, 60.056549622373375], [47.63973225522114, 55.872849822744946, 65.43426785016008, 71.49165273323965, 65.99744654636164, 56.56923559761148, 48.20612583046231, 8.57289179436064, 0.0, 8.356520917075839, 16.93870660669164, 27.6628178575107, 18.573335988849554, 10.521181989177546, 6.588091161280176, 47.046252979165835, 53.625330223876226, 60.335680775799176, 68.46631115506442, 75.6300094119782, 74.84847976138511, 67.28217570317992, 58.084095939293235, 52.04703257555117, 46.15452702175423, 18.42908327752865, 18.8728670967188, 19.909449788665732, 26.453635799003415, 31.41229837589133, 27.88303318795665, 21.88418960836553, 16.336928572346704, 12.751388709522232, 13.276811766370608, 34.595117197423775, 36.87281756486854, 44.440138646583506, 52.90980167699775, 57.10211464415184, 57.17203757746987, 54.176145082381694, 47.59037592891423, 36.66063091229312, 31.979646647266403, 22.757550394395814, 18.636661013375356, 80.25282107986067, 73.49279173996635, 66.56605755747054, 65.95370916762323, 61.67663947035474, 61.376527840814354, 64.61060139432963, 72.12891783885209, 75.45836110009967, 77.57129413205479, 79.96295028414383, 81.38770391679581, 78.35978038299338, 72.69015083606375, 68.37349220471918, 65.18301127487008, 64.64468991027977, 66.13959864728214, 69.22300780838513, 73.55901616554027, 94.22263787166146, 97.00888767359456, 100.679079199104, 103.82002228431044, 113.20264582290658, 119.19759756424203, 117.39673100214486, 106.27352060092379, 100.6865762812756, 95.48143722234678, 88.15128159577654, 73.39021234259137, 63.35727425589661, 55.037385997475944, 53.82669643419038], [55.92716288300981, 64.12798566235153, 73.74016666660131, 79.82888123199594, 74.35170443521379, 64.9101713716713, 56.56038061196088, 16.567867993937842, 8.356520917075839, 0.0, 9.58290110311157, 21.682741900701092, 12.7402661752264, 7.7163342254076825, 11.373646123926134, 54.25430660441562, 61.04355175397894, 67.93878451426063, 76.22005971897406, 83.56672055510529, 82.91033484710242, 75.21419317461128, 65.90832590824792, 59.79373466938579, 53.79163810147184, 21.603098023641657, 18.097443423911486, 15.928650607740193, 20.22882109652416, 24.623374381978174, 20.486562377776263, 14.682572703320899, 10.953253175769198, 11.563977763820072, 15.707152813265017, 42.274923298350814, 44.38956452671452, 51.1731565437101, 59.71731580003229, 63.04212451023351, 62.21470624033133, 58.308504685175954, 51.10294291220945, 39.937912930363545, 36.91131645040568, 29.35175709744521, 25.482494091267657, 86.19694007846797, 79.041439650335, 71.54417533137054, 70.05766106673974, 65.12668704302767, 64.03258532314446, 66.17765917233682, 74.39912351349, 78.5018100756012, 81.37423357325649, 84.54079699494154, 86.59155927046739, 84.11034473090078, 77.76162191893783, 72.41891484980457, 68.22801441314374, 66.69239583131518, 69.16426986159688, 73.24691568886743, 78.59491534802119, 101.76782585364931, 104.84989827773329, 108.4493590336502, 111.11729799942746, 120.02997978495442, 125.09290320651444, 122.59811442169739, 109.42843989919236, 101.64869397935972, 94.84510599486809, 86.59843346025548, 71.07239945449805, 59.359245118490534, 50.23020140420925, 48.29991424571225], [64.23635948208997, 72.54050060892793, 81.92161926629969, 87.63489590384691, 82.17902884495528, 72.77123003811226, 64.39416916095917, 23.919091526720884, 16.93870660669164, 9.58290110311157, 0.0, 12.677793522711983, 5.36559651150932, 9.347348377395003, 17.102557994861733, 63.68583642979812, 70.3693576032538, 77.10109743037292, 85.1428192429065, 92.12968799377772, 91.3961824717757, 84.0863963513672, 74.96822934328215, 68.94789382955523, 63.03715045985037, 30.842177951557268, 25.790007462774724, 21.173557765107333, 20.17957912834824, 20.796595540367132, 16.09162335386244, 14.468566248765391, 15.957721750460527, 19.909083482246594, 24.957133466645683, 51.38387710004924, 52.57692090241087, 58.18216443293076, 65.55155173791029, 67.78552045834195, 66.54550443053121, 61.92124936078549, 53.32147922715484, 41.99990037933867, 42.76256329864839, 37.04773771626756, 34.84137871025172, 89.63977613282836, 82.49928798963235, 74.94136071056205, 72.48601424823472, 66.9026269666977, 64.52499445383856, 64.73403696263969, 73.83178620727784, 78.86989656404116, 82.56080572617577, 86.6558244782161, 89.28525247392214, 87.40804477258419, 80.72554015632869, 74.51859925659886, 69.07488443410712, 65.93041501122453, 69.92852045245242, 75.24204577484345, 81.46711371823605, 109.33421029832506, 111.23893039680421, 113.79786557217955, 115.26216184342302, 123.29085771501641, 126.94089942614937, 123.63136725533924, 108.84976373125859, 97.91924719568252, 89.24435329738948, 80.02155472903489, 63.85906461812629, 51.11285814472498, 42.62691822277963, 42.98766377737771], [72.71609516637666, 81.0868643405, 89.9657258136698, 94.96793027427498, 89.76317500445114, 80.65444757116529, 72.26771988168004, 32.976514965580655, 27.6628178575107, 21.682741900701092, 12.677793522711983, 0.0, 11.068961675495178, 18.894116008503097, 26.069199990983286, 74.37535446311884, 80.67426906713118, 86.9083590617286, 94.31770469554257, 100.50257230955147, 99.66626968057565, 93.22381564936995, 84.62330251239374, 78.90299189216076, 73.3094528424442, 43.054901582815646, 37.709956344725434, 32.20347519775971, 27.083707282905234, 22.54549115112767, 19.241574713992225, 23.304740669305097, 27.522692430294185, 32.18802281665965, 37.19339949796017, 61.866693676424205, 62.419452658680136, 67.20356513987855, 72.62786461871687, 73.99814305383543, 73.05962986518043, 68.21526183874562, 57.944418100204864, 46.77807374109467, 51.8615259129113, 47.23821287453891, 46.212919373472396, 93.17488188037836, 86.69046555589678, 79.80901105215, 76.60902449617929, 70.61466534566546, 66.69722623672624, 64.17112542254601, 74.1755571636661, 80.14406782382788, 84.50535288723874, 89.4417328676701, 92.36643596091308, 90.95017813746627, 84.59802586275971, 78.06291154747471, 71.42955911033498, 66.21791328735019, 72.13226887506298, 78.60190676152645, 85.19959816018887, 115.70606878314341, 115.72002962785963, 116.99339290568842, 117.01267895027269, 124.22904394845422, 126.45572477585358, 122.59154710108562, 107.66000715533622, 92.2946730726594, 81.01100889969311, 70.2321661357366, 52.77928502820633, 38.60393306602628, 31.408500665760442, 37.40842200601113], [64.67330964846276, 73.02220655999291, 82.17547703974944, 87.61236936130754, 82.01143184467556, 72.55520980270045, 64.28862480627089, 24.128361136831366, 18.573335988849554, 12.7402661752264, 5.36559651150932, 11.068961675495178, 0.0, 8.6884002957899, 16.737065234985195, 65.55019029883042, 72.10727980389161, 78.7097290621176, 86.5983278725799, 93.27608696585044, 92.31630748881818, 85.25428730373166, 76.25960568002725, 70.30016027169515, 64.45690772094184, 34.180447193819155, 30.16580987307964, 26.18133947615935, 25.468929546878194, 25.20050950894694, 20.6016388061636, 19.77181276371537, 20.83976125167196, 23.879200187790232, 28.294138964985326, 52.41468191619587, 52.4259338885776, 57.03192609305273, 63.45785407484602, 65.06861185266891, 63.7684663768194, 58.96401281764926, 49.67336585374414, 38.3635664086992, 41.29688953807341, 36.77191616462024, 36.45798313723897, 86.13841385415316, 79.03285907021412, 71.55408742749063, 68.75291741666548, 62.989419433340295, 60.14722786426372, 59.76878252740224, 69.05911082004894, 74.32670964539133, 78.2331023996972, 82.62876382007406, 85.45698846979074, 83.84358347625813, 77.06429087581421, 70.61107172600295, 64.768322412842, 61.12613205316646, 65.58476623485608, 71.28166766301786, 77.7615769691847, 110.51652395544113, 111.06750353962728, 112.44528500935658, 113.02357958909258, 120.27563201172724, 123.1369633033521, 119.385040679495, 103.93106794949315, 92.60821412889707, 84.08017676322616, 75.18954538409338, 59.63584170688727, 48.255575670186495, 42.1771599252814, 45.59230510698135], [56.24541485140755, 64.5679307824387, 73.8220967620086, 79.45048425351655, 73.76548093393428, 64.23414430840991, 55.98439309933318, 15.65793127593623, 10.521181989177546, 7.7163342254076825, 9.347348377395003, 18.894116008503097, 8.6884002957899, 0.0, 8.280206274903179, 57.09513927947778, 63.62960338990446, 70.25974040523398, 78.23457174485787, 85.03403070144533, 84.02976886971466, 76.79228095694704, 67.72452670120103, 61.73469425093623, 55.874380598276964, 27.375112053438357, 25.418310303599274, 23.585276139042126, 26.56240891534525, 28.91968462401361, 24.550119458110707, 20.789370344631557, 18.436687020477244, 18.67712939353864, 21.672297973193636, 43.746354317991965, 43.92991142094382, 49.2237870568944, 56.27145495095632, 58.74980894744358, 57.95360069743108, 53.82108216297468, 45.456900774434544, 34.037447951171096, 34.34236537968326, 28.49943651780254, 28.04181408094485, 80.81035710889387, 73.74378090146408, 66.4052592344154, 64.47236971313559, 59.29019388919718, 57.55896782184034, 58.95431304209444, 67.44480436795091, 71.83604641718328, 74.9649088337705, 78.52669877188157, 80.81034789596929, 78.64347995019509, 72.21415140530165, 66.58341093112496, 61.855222046656436, 59.65724337711468, 62.74430152272207, 67.33670768930847, 72.9873606775083, 103.10920974686748, 104.07791655383335, 105.92925294009736, 107.3006059391649, 115.16913008424608, 119.1715987012322, 116.11379029272756, 102.24849389037603, 93.9346229820324, 87.37932581915182, 79.58910319568697, 64.85639842498195, 54.93112026963574, 48.64111973379471, 50.663262480143274], [48.0348114721891, 56.365433273650126, 65.5667800688543, 71.18427918494297, 65.48623313272653, 55.9657916239073, 47.704791317601504, 7.53930995848254, 6.588091161280176, 11.373646123926134, 17.102557994861733, 26.069199990983286, 16.737065234985195, 8.280206274903179, 0.0, 49.89288877647214, 56.1871914572692, 62.61598045624399, 70.43097699941042, 77.06629211705427, 75.95839573138828, 68.83644025766104, 59.8941094386786, 54.00400957246886, 48.28295639698924, 24.247377884107344, 25.21694000798013, 25.752582953188405, 31.03282916518513, 34.56461395963605, 30.73285185022675, 25.947546464851815, 21.521080378044363, 18.817649119254536, 19.340056500168217, 36.202984476708, 36.462761846011446, 42.554133359326904, 49.61506431222806, 53.07509568771072, 53.22524761949041, 50.068828471450196, 42.460002409255495, 31.24639459012511, 29.497571473557024, 21.93542345050674, 21.69727659028872, 75.33749269661536, 68.64776424868182, 61.86651282841881, 60.910068838690876, 56.44614306295228, 55.66127368515775, 58.37500339339437, 66.05968426631537, 69.57792837253105, 71.86276833282325, 74.55762823895292, 76.15874949477094, 73.37363857396039, 67.64401409118751, 63.12137257366117, 59.529713204775554, 58.517346325380124, 60.44984977811212, 63.9095401109003, 68.46475903201055, 95.52459954572777, 96.36386557085288, 98.42302478856485, 100.39323161041196, 108.85413328951758, 113.94241424738823, 111.66373845212253, 100.00105141501346, 94.1213355326893, 89.25959413719725, 82.40177240960054, 68.40955387258971, 59.982458572268065, 53.957814645438205, 55.79580851371699], [20.64290581177788, 22.64619952302911, 31.47331393252876, 39.63546437155383, 35.71318208052817, 29.849236324433495, 26.466664490546897, 42.81384882063847, 47.046252979165835, 54.25430660441562, 63.68583642979812, 74.37535446311884, 65.55019029883042, 57.09513927947778, 49.89288877647214, 0.0, 7.580312359829576, 15.761168782938595, 25.740555050023957, 35.62077691446094, 35.63093406014552, 25.150030965691272, 15.164218209540804, 9.404210232596302, 5.862132713215985, 36.88096010956719, 46.09584917716966, 53.52566906058922, 64.04077703197729, 71.97257533113431, 70.17088745717093, 62.524063221590964, 54.86496083801656, 47.59611764241841, 41.365046505671366, 16.123939454677817, 26.806905531677764, 38.615302938475715, 48.70888911021759, 58.30678123027888, 61.77052717243008, 64.33709699850824, 66.30323590667432, 61.41726457490066, 45.727661427570744, 36.33634484012823, 29.938857646102583, 80.16338400277802, 75.72566062368222, 71.96978319697523, 76.66134976096008, 76.84822877265103, 81.73847928618237, 90.88617478277361, 93.65041732576677, 92.4679890089401, 90.3731345755738, 87.71428998992411, 85.53975267570499, 79.7017402450176, 78.01030795302967, 79.71678027259664, 82.97802215981856, 88.55211296380767, 83.982977718681, 80.7567104658269, 79.08677436972184, 60.78936613903004, 71.49772978835517, 81.89730765941971, 92.34012306176889, 106.08338749253426, 119.44361961779413, 122.40400013893006, 121.62463050518653, 128.7722194988928, 130.30274795557543, 126.35961795067804, 114.15276896521192, 107.06869434605595, 97.67488181252067, 91.99121965089232], [19.811094333432568, 19.01598542852431, 26.363539013930655, 34.37526371431803, 31.409883304836953, 27.45207722221612, 25.927053066033807, 48.90624552001809, 53.625330223876226, 61.04355175397894, 70.3693576032538, 80.67426906713118, 72.10727980389161, 63.62960338990446, 56.1871914572692, 7.580312359829576, 0.0, 8.251327826278326, 18.32083835913392, 28.41625978206134, 28.5983273346988, 17.927059844487687, 8.568154854293537, 5.629032824273989, 8.742820186535925, 44.20929269933102, 53.28019109231192, 60.58485699509932, 70.7725313452463, 78.45625932756687, 76.83452982940769, 69.45310649334016, 61.9370600757034, 54.7463610317512, 48.57631693193644, 22.01722180039764, 31.3232172999418, 42.254892614403765, 50.85194979997454, 60.84278909717267, 65.12675556017592, 68.47997276850275, 70.8633563146481, 66.580586733607, 51.45316413791663, 42.585372496661535, 36.988698510897166, 80.85338579824706, 77.30953236698696, 74.57629792199546, 79.91125351389131, 80.68718754646416, 85.86734535469249, 95.1769814978052, 97.44141518560832, 95.75635681066399, 93.09645345271565, 89.78440385171643, 86.96658017719743, 80.7205185019538, 80.077874837087, 82.82452785172717, 86.75695831873362, 92.68026317189029, 87.72052509839403, 83.81955538339488, 81.12749174204214, 54.26853444865253, 65.88398525069731, 77.39355953200649, 89.00092830351228, 103.52011048845883, 118.0854697328033, 121.99294945891187, 123.68650265265762, 131.98896883314512, 134.23334371291654, 130.64617196081647, 118.75978302030225, 112.24276798166788, 102.99556748994017, 97.53376613771489], [21.128976327419437, 17.310186310043516, 21.850730607910823, 29.18903248192836, 27.773322424416133, 26.48939115209759, 26.945470699521024, 55.185865892739905, 60.335680775799176, 67.93878451426063, 77.10109743037292, 86.9083590617286, 78.7097290621176, 70.25974040523398, 62.61598045624399, 15.761168782938595, 8.251327826278326, 0.0, 10.093421905798149, 20.367058035901252, 20.870695266743795, 10.340865749576093, 5.299447717601619, 9.660019851085869, 15.607173496874411, 51.854813602658304, 60.734378842190104, 67.84410582839824, 77.59044100764298, 84.9232018468148, 83.50998119350062, 76.4858694290988, 69.17258439335185, 62.10293789407713, 56.03452279886443, 28.987297110086864, 37.200673205839514, 47.28831860836637, 54.1433367005675, 64.38249766396527, 69.52645571856668, 73.57545697764519, 76.08606574477083, 72.25262702831674, 57.99145271179705, 49.44930611491857, 44.40465728567197, 82.12910930858729, 79.64060481797969, 78.04838725163042, 83.94102821003469, 85.23731862702924, 90.55185711919898, 99.8105054572078, 101.66822372534189, 99.55770998283603, 96.37588424672639, 92.47532194827005, 88.99986783839614, 82.35464407190825, 82.8757252261859, 86.650875121272, 91.12509227276836, 97.21304166168238, 92.03662825310685, 87.58169827619894, 83.88148235245015, 46.72135995480218, 59.31829307434742, 72.2034388141172, 85.11547695722976, 100.56921231697338, 116.44544452228476, 121.42863553182576, 125.98185561016415, 135.12077539681079, 137.94625718585655, 134.63816807532777, 123.02498330046923, 117.07049456413523, 107.9721384372405, 102.83637383340891], [25.808650374206806, 19.686217708844477, 19.436420101349658, 24.687905524310416, 25.873427636632414, 28.20621179683245, 30.6562896637583, 62.91616666431722, 68.46631115506442, 76.22005971897406, 85.1428192429065, 94.31770469554257, 86.5983278725799, 78.23457174485787, 70.43097699941042, 25.740555050023957, 18.32083835913392, 10.093421905798149, 0.0, 10.595099639133174, 12.010008949235965, 5.315691324002364, 12.403226053657292, 18.623248730270102, 24.95691906668387, 61.09034060033578, 69.73048098699617, 76.58138657638686, 85.77670404024542, 92.65131363301079, 91.47489687573304, 84.90145053106879, 77.85257755735074, 70.95080595840471, 65.02713475213272, 37.92003464837861, 45.1546804089951, 54.35304341169702, 59.22893920489991, 69.55254397213086, 75.60077377019354, 80.31817564892293, 82.79218006017997, 79.37638378811933, 66.24087563749455, 57.98535308428118, 53.43874697324028, 84.43444531358242, 83.23602949395736, 82.97322071155683, 89.38979615641286, 91.20531781555904, 96.55484298838877, 105.60119786368331, 107.05730465995649, 104.53017086975004, 100.80994559662149, 96.3159950392584, 92.11967934706179, 85.07683897210788, 86.95351297274601, 91.82858361666655, 96.79923613382867, 102.93734456369586, 97.64391081470924, 92.67327583387959, 87.89469952258149, 37.43025298357933, 51.30898815520468, 66.07915214662765, 80.61355724438349, 97.21773048683386, 114.64189702527585, 120.94444600243892, 129.0063389239197, 138.86932270747022, 142.27108972448528, 139.24743451396535, 127.95602963490245, 122.66525046257449, 113.7862574307882, 109.1210178294592], [30.77325375990054, 23.68532439781507, 18.887198835509118, 20.416532561661125, 24.539841391473786, 30.199976150340948, 34.20071044284861, 69.54249307488382, 75.6300094119782, 83.56672055510529, 92.12968799377772, 100.50257230955147, 93.27608696585044, 85.03403070144533, 77.06629211705427, 35.62077691446094, 28.41625978206134, 20.367058035901252, 10.595099639133174, 0.0, 4.1988452006550565, 11.603618202702721, 21.33270927141405, 27.65494926903354, 33.98695549507283, 69.93028024416786, 78.41107702843188, 84.94349636062014, 93.56801501682625, 99.83664951424049, 98.7827995754783, 92.72287033476832, 85.94833974413987, 79.20923570812029, 73.45689973249667, 46.12325806624438, 52.136064389817214, 60.32042486438507, 62.952911525482136, 73.1584977093221, 80.14488810284519, 85.48164425760217, 87.70985730285156, 84.76289796800548, 73.16399203615683, 65.34595916228933, 61.687492545147435, 84.72615967569367, 84.94450171925826, 86.12506935480714, 92.97164157443247, 95.27730616645798, 100.53402028702034, 109.19517679484346, 110.23244591503425, 107.31731163802642, 103.08500103747726, 98.06859861740102, 93.16879418750764, 85.79275290216675, 89.0991224102444, 95.06058335398359, 100.43574989504754, 106.49497979656984, 101.19593735743982, 95.79431763598859, 89.95405021773138, 28.442635122580985, 41.679703938056875, 57.82132500422682, 73.72143320593042, 91.3179209378019, 110.12363793346972, 117.71556379080026, 129.45304601027388, 139.91972332018517, 144.00808136328857, 141.42854438918036, 130.74908104781701, 126.54050532056624, 118.3991706267068, 114.89691671792602], [28.824817033535545, 21.29534442218641, 15.257140361517061, 16.374338711873925, 20.638172077017526, 26.945357385761092, 31.645700907489505, 68.44159962571955, 74.84847976138511, 82.91033484710242, 91.3961824717757, 99.66626968057565, 92.31630748881818, 84.02976886971466, 75.95839573138828, 35.63093406014552, 28.5983273346988, 20.870695266743795, 12.010008949235965, 4.1988452006550565, 0.0, 11.068233455744869, 20.79644757260747, 27.06786106989784, 33.36970403475375, 69.80622601618182, 78.46962922138368, 85.00460579144263, 93.73255176358003, 99.91813472552944, 98.68130785590395, 92.60112428676518, 85.75877023983996, 78.94459589251301, 73.16844835593665, 44.994481445459044, 50.106866536945624, 57.6774708748649, 59.640452955459466, 69.77151597610593, 76.95408107079062, 82.49710083251001, 84.85236844815971, 82.27802839040291, 71.0593365660482, 63.73895047199608, 60.918223867976856, 80.74274246776285, 81.14015095617535, 82.59021761818354, 89.56229234024816, 92.04631404570362, 97.38463364356484, 106.13126619518923, 106.91659434996933, 103.82765707371375, 99.4473338164268, 94.28533033599277, 89.27226475283318, 81.86279877359415, 85.37905488762875, 91.58545647758613, 97.15001944082327, 103.35335233751444, 97.8910198238916, 92.29922796727425, 86.22004210623956, 30.293680086146438, 40.423884156017735, 55.06268554475099, 70.48941820566219, 87.69537080167265, 106.32618500604607, 113.82110139795144, 125.61224687154659, 136.66660302690676, 141.2553788312703, 139.07933918624983, 128.91242603562375, 125.36650853524114, 117.94875156617131, 115.27883688872126], [22.662977468177893, 15.645795982817171, 14.833534300698366, 20.735299919759466, 21.18706087538194, 23.6078359439046, 26.93256698275725, 61.308358598783194, 67.28217570317992, 75.21419317461128, 84.0863963513672, 93.22381564936995, 85.25428730373166, 76.79228095694704, 68.83644025766104, 25.150030965691272, 17.927059844487687, 10.340865749576093, 5.315691324002364, 11.603618202702721, 11.068233455744869, 0.0, 10.276760546675836, 16.83254232533556, 23.33319255248992, 60.63766547021756, 69.58757133901399, 76.49149818153005, 85.91082174047234, 92.73948723898741, 91.29179101413871, 84.62338937196078, 77.43417903573808, 70.3902255418036, 64.39539566458214, 35.7894613401777, 41.80162299615872, 50.25059390420922, 54.532930060482244, 64.82432834556657, 71.03764537255486, 76.01616465175633, 78.79085636931778, 75.88543293163154, 62.99211391273927, 55.42471180390548, 52.04852339682878, 79.36140939293243, 78.218446530971, 78.14417108364711, 84.72736336529188, 86.76716433310546, 92.29551810436278, 101.57110016627612, 102.69092123958832, 99.93295782005215, 96.03913298011256, 91.36753895684878, 87.08424322778707, 80.02761347915308, 82.01680829156129, 87.1323634028719, 92.37383870448456, 98.78256054996157, 93.20430998701772, 87.9673961797426, 82.95314750952143, 39.69982302346495, 50.635504729705914, 63.58736996564048, 77.39183794136497, 93.34304918027986, 110.39870832073284, 116.45383250763707, 124.21333635671779, 134.926198357454, 138.9864519206247, 136.49000843101066, 125.84893580797001, 121.36707610278044, 113.40420402840218, 109.759122541377], [16.568055957653268, 12.496478101348435, 18.13115189067948, 26.013096881659248, 23.58617680374454, 21.439726819888378, 22.080889167614536, 52.4250929861638, 58.084095939293235, 65.90832590824792, 74.96822934328215, 84.62330251239374, 76.25960568002725, 67.72452670120103, 59.8941094386786, 15.164218209540804, 8.568154854293537, 5.299447717601619, 12.403226053657292, 21.33270927141405, 20.79644757260747, 10.276760546675836, 0.0, 6.5840229769978755, 13.103530190488895, 50.73852702374653, 59.884243879770224, 66.95611544905822, 76.79323123570165, 83.95511079957616, 82.2899780417008, 75.27532379208544, 67.88352963987832, 60.709589446533485, 54.612330011105236, 25.910786843935036, 33.003193465731236, 42.66959636962344, 48.99709784774124, 59.26823800382692, 64.6334264182924, 68.86763503320563, 71.40935195398275, 67.9000087742835, 54.04571595115961, 46.00025374147075, 42.16329789098141, 76.84335987795801, 74.37267355129275, 72.91460950664377, 78.88872977697268, 80.30303237282752, 85.66979732109212, 95.00391226819568, 96.67090859277832, 94.44259037530394, 91.17249956033585, 87.21604380436452, 83.70978806642191, 77.06006393136953, 77.6353768118785, 81.54751094322701, 86.14170365903102, 92.33718408232086, 87.03980491394462, 82.4639291267705, 78.6353306174116, 48.25423339534693, 58.22727523516704, 69.44222067677993, 81.51363648042486, 96.375885288942, 111.78383386573228, 116.47835886641163, 120.71246037904706, 130.25081648678832, 133.52793129739769, 130.6253799629468, 119.5582285206603, 114.37369592874607, 106.19188659247904, 102.2118581292427], [14.497554187269312, 13.90516222299204, 22.143691590268006, 30.3198014674296, 26.658133079386282, 21.965808291762652, 20.425098345789795, 46.60480257097734, 52.04703257555117, 59.79373466938579, 68.94789382955523, 78.90299189216076, 70.30016027169515, 61.73469425093623, 54.00400957246886, 9.404210232596302, 5.629032824273989, 9.660019851085869, 18.623248730270102, 27.65494926903354, 27.06786106989784, 16.83254232533556, 6.5840229769978755, 0.0, 6.520185967437279, 44.377834748410216, 53.657313542244374, 60.809183761883475, 70.89363620999367, 78.22750368614454, 76.40227861786789, 69.18726964789823, 61.67612176110863, 54.42462189190754, 48.27355599590967, 19.555073845819578, 27.635061336731948, 38.2543956591146, 45.950046080825516, 56.069680031164566, 60.827249859399124, 64.48011961071495, 66.71913085884219, 62.73372180880924, 48.352400663603625, 39.89826360470939, 35.7230400083885, 75.48028460896201, 72.1800369411088, 69.81932320854291, 75.30773679848889, 76.25212422810698, 81.42624005192265, 90.69438681289925, 92.76859066484782, 90.94018335956574, 88.1251230949565, 84.70175943448955, 81.7361348394405, 75.40021333873803, 75.04829734176501, 78.10631112876813, 82.18263493492594, 88.14045120337711, 83.1205534179698, 79.06749800798327, 76.08039468303309, 53.8022179950322, 63.006451402875065, 73.13533328381797, 84.08425014276067, 98.22819029554398, 112.53972095001888, 116.36711377327421, 118.3840513435947, 126.99686252922896, 129.71041151088426, 126.52947644259481, 115.2023081036635, 109.59387102811016, 101.33947422003587, 97.26198177660771], [15.136778991014701, 17.710746273243853, 27.087802913049554, 35.24057105342611, 30.764409467276487, 24.25197447141096, 20.726980143275117, 40.99928893208941, 46.15452702175423, 53.79163810147184, 63.03715045985037, 73.3094528424442, 64.45690772094184, 55.874380598276964, 48.28295639698924, 5.862132713215985, 8.742820186535925, 15.607173496874411, 24.95691906668387, 33.98695549507283, 33.36970403475375, 23.33319255248992, 13.103530190488895, 6.520185967437279, 0.0, 38.12738388267586, 47.55337688525014, 54.78188354314243, 65.12726395609862, 72.63450285190497, 70.63253949570326, 63.20619759493175, 55.57038319771131, 48.23899877186248, 42.03412405657115, 13.454985251400798, 22.949802767473557, 34.58442842946614, 43.70125106971757, 53.51237335690902, 57.5638725181917, 60.53675734437164, 62.39490454451255, 57.86986863785368, 42.96302890832631, 34.009434626086275, 29.373747699547465, 74.6595401574639, 70.53819408415664, 67.24877415501697, 72.17442079869394, 72.5974441022639, 77.52543504777005, 86.67164002095384, 89.1873936288322, 87.79952096922165, 85.48177015747375, 82.6402657603679, 80.25128254953272, 74.2778311782259, 72.9722068007062, 75.10363159374515, 78.59134468496742, 84.25330051894012, 79.56769868842521, 76.10634060102527, 74.03041555118632, 59.44619036455745, 67.96152316100859, 77.09935615429278, 86.97163188579962, 100.38993897491936, 113.59761083156485, 116.56657978027462, 116.36525695879477, 123.97073916914731, 126.07795222740168, 122.60177307693853, 111.01238817938646, 104.95919682175209, 96.64105668987148, 92.47641292484566], [45.36556493814844, 52.50673309537177, 62.627649689453904, 69.93743230767885, 64.6966609068314, 55.67468591416399, 48.06466019561201, 21.76736044874091, 18.42908327752865, 21.603098023641657, 30.842177951557268, 43.054901582815646, 34.180447193819155, 27.375112053438357, 24.247377884107344, 36.88096010956719, 44.20929269933102, 51.854813602658304, 61.09034060033578, 69.93028024416786, 69.80622601618182, 60.63766547021756, 50.73852702374653, 44.377834748410216, 38.12738388267586, 0.0, 9.897445025335832, 17.480639403224817, 29.230476319363955, 38.07771605448863, 35.49947027700681, 26.788710508756743, 18.750538941177027, 11.603262067843378, 5.902264136822496, 28.58889937932543, 34.94979411279434, 44.859736117722015, 56.8582306518166, 62.58673710907346, 62.185319593871235, 59.934105201030384, 57.03943079867023, 47.83990606645057, 35.606476185572554, 24.88891383598945, 13.257143898835864, 88.24681016334222, 81.01799772155569, 73.58248625039612, 74