{
	"dissimilarities": [[0.0, 9.035228185085643, 17.78723491345861, 24.617178495209277, 21.123507361288723, 11.872216396586651, 6.964938515164295, 39.68768175198171, 47.62139190428686, 56.01863008638141, 64.22724988463823, 72.91323528465361, 64.88957454008342, 56.5130772167894, 47.169403373267926, 17.777781241022712, 18.67704908175663, 20.08574066365931, 25.076669237155343, 31.425629889250747, 28.357286454827406, 22.07142892917307, 14.76702403432083, 12.264515934296346, 13.029924574828746, 44.41030654353422, 53.49911908946647, 60.11986413646067, 69.90227252482018, 76.67791045935358, 73.3787310998598, 67.20703832536522, 59.95468831213432, 52.74237098847452, 46.9809170870607, 17.077759116936715, 22.750284119224734, 34.09061900260378, 36.998519842189225, 47.366939460407295, 53.9395900666942, 57.701154785132374, 58.4795516721318, 54.28052533358304, 44.6366284876145, 34.909975611836884, 33.00173529166365, 65.71758644480524, 62.21946456846277, 62.087005765027484, 66.30147271710581, 67.14082505493424, 72.78426820374175, 81.0962048692482, 80.11022924753351, 79.43723217239311, 76.9948208688677, 74.60572507454005, 71.17935566438784, 65.75015987977785, 65.41022528111102, 68.65672824278914, 72.22237980209836, 78.15252614905579, 73.84790436562253, 69.43177047717721, 66.30234086533726, 54.9566185804712, 59.158441166078646, 65.08686129390209, 73.12779713417011, 87.14754457615673, 97.0264087851704, 98.44733158598079, 106.69499277996353, 113.46894769398664, 117.58690794421693, 112.85579806015258, 101.758062450313, 99.11190400839772, 93.11675319302397, 93.45306154998602], [9.035228185085643, 0.0, 10.71663790283487, 18.944080172759985, 17.013488067353176, 11.96976468816572, 13.439637781657252, 48.339277319323585, 55.90986477099976, 64.05771557791188, 72.5784150311024, 81.60170485665972, 73.58203086824355, 65.15662383692249, 55.86621141140331, 18.598315623012883, 15.706177687035954, 13.77916153834191, 17.04378454551415, 23.50825839734543, 20.16391939702353, 13.32900269880106, 7.942625886274955, 9.87982894699787, 14.78000611663974, 51.142430230972536, 60.36000529024488, 67.24213356638634, 77.20737887115654, 84.52653417286069, 81.36286707225129, 74.84703677728095, 67.50609965573832, 60.27363606704566, 54.32024777263891, 22.8150938424154, 28.91304854675455, 39.050371092973826, 41.67924300374445, 52.19418667242564, 59.01873851945663, 63.31057227107047, 65.48116258332979, 62.13031126039651, 51.17463828074469, 42.52182904830852, 40.357131021648854, 69.19722692639482, 66.32199505698951, 66.97110369791459, 71.78272230796111, 73.29994845111358, 79.65631943909928, 88.55723338029797, 86.9618221251265, 85.5256839276503, 82.52290883454639, 79.36491661037533, 75.28268224747318, 69.64866318168131, 70.07834214044772, 74.15918697389412, 78.64208955926838, 85.33002892674294, 80.26787798428957, 74.94960702164109, 70.98177264420636, 49.375423034534464, 55.615698739944115, 63.31337530053273, 73.19973731206588, 88.0451930899931, 99.41083010072234, 101.76181287658547, 111.9285214678207, 120.69614946085315, 125.71453963719316, 121.38421313264237, 110.57352058553948, 107.99777003747438, 101.60790650726445, 101.08848874456022], [17.78723491345861, 10.71663790283487, 0.0, 8.63716013845691, 8.891517698248482, 12.566271065651499, 18.73598584436373, 57.298030845256186, 65.37348096823213, 73.77308771717252, 81.90780468098502, 90.17744197392715, 82.39730339083425, 74.0853711394085, 64.71113626267103, 28.932006479303332, 24.681856004700684, 19.77663673201255, 17.280224737145232, 17.89770424094132, 13.555777214308701, 12.757501953932323, 15.442993156775342, 19.92930617995484, 25.35056303761061, 61.61510148353602, 70.7682433531999, 77.49154287303627, 87.06826748178716, 93.86823127296947, 90.84872204066659, 84.76346825982522, 77.57335563012651, 70.38540868441429, 64.54543139483752, 33.10297984888306, 37.01576813187312, 44.748794476816975, 44.123410019039376, 54.599305778381506, 62.745093952816525, 67.96366671523408, 70.67897359755185, 68.46667694119263, 58.79676115175618, 51.46181160879606, 50.45150817675762, 67.86709129014334, 66.72447156789752, 69.21923140352673, 74.75539868144735, 77.13452412529558, 83.70282264990175, 92.65369600301537, 90.23108900938733, 88.10221259018147, 84.43683914230961, 80.23813925565811, 75.04027918487627, 69.04490999773746, 71.31886100960773, 76.79559456947226, 82.1548487246852, 89.098133402747, 83.54949157317357, 77.46392359014862, 72.11382858442069, 42.89354201105257, 47.02716678716684, 54.56275918096204, 65.66550736835043, 81.28208229372244, 94.4074097890762, 98.3247343878934, 111.90296863295839, 122.51788322123457, 128.88218341014863, 125.47268518050986, 115.75737259261602, 114.4632801578687, 108.98604870453806, 109.51952707993296], [24.617178495209277, 18.944080172759985, 8.63716013845691, 0.0, 7.490839455249393, 16.990914705445764, 23.762776368240917, 62.99153904380132, 71.41618910070356, 80.01657417076085, 87.6636500849871, 95.07047956160724, 87.69617453245381, 79.61744922877332, 70.2290094199069, 37.409342092361435, 33.092969851394635, 27.560830489616112, 22.838300880907603, 18.443294608196876, 14.527133284607187, 19.142656885169153, 23.868114057511352, 28.44309948252003, 33.706198269694646, 68.93336261771717, 77.89900118270583, 84.33676520166523, 93.3426797729881, 99.47952426538819, 96.65270416241574, 91.12717457990266, 84.19219866965626, 77.12751951264013, 71.48632631519773, 40.86494926229295, 43.650153005810594, 50.10026006972371, 46.85502272117491, 57.06002945549173, 66.2236459659629, 71.96165680530437, 74.41626667397114, 72.74129907937828, 64.80641838452783, 57.9336324919858, 57.549447460668894, 67.0022015512847, 67.42184432891531, 71.34637140565617, 77.21871987964632, 80.03071401408918, 86.33849029295206, 94.89424834520347, 92.05815248234887, 89.72362667883961, 85.74182576226576, 80.94271674902072, 74.96765481166976, 68.7369152352793, 72.52917939313178, 78.90170313316723, 84.55311647721956, 91.22256316315564, 85.70847273618372, 79.43448263043851, 73.19759512558024, 38.606962962955336, 39.28480647654715, 46.295486147595085, 58.37156556387441, 74.83207509283216, 89.43158652147778, 94.80075646761932, 111.1489523924842, 122.27766978279999, 129.28546804120418, 126.4588620394564, 117.49889185053163, 117.20008068326331, 112.49331193830028, 114.10401465570119], [21.123507361288723, 17.013488067353176, 8.891517698248482, 7.490839455249393, 0.0, 11.01378792755508, 18.94628715719098, 58.44009894224418, 67.23853186132607, 75.97505586093904, 83.54506217363709, 90.97811724627758, 83.1235965749592, 74.89004127014672, 65.56256957766597, 35.183897204596654, 32.21422217865787, 28.295108672950203, 26.069390381980966, 24.576636751246358, 20.2312453396051, 21.501160356246288, 23.276852513593024, 26.572057151539283, 30.946059359463995, 65.29490449442821, 74.44044648025722, 80.96460262403062, 90.4209682844574, 96.39994875697934, 93.18779287559485, 87.60853191576183, 80.4752851663184, 73.26982641947946, 67.63139194570637, 36.75498990762076, 37.66197084471717, 43.08500303547285, 39.3945500766751, 49.592211696556966, 58.75287552934031, 64.55375886121128, 67.22649506632537, 65.97413671780423, 58.2007427951678, 52.263920897692905, 53.14562325809301, 60.334191941247546, 60.226104704123856, 63.90232397933544, 69.77048828715111, 72.62950287097519, 79.1103922865996, 87.94623511012671, 84.9592556726406, 82.47198236377743, 78.47983720538149, 73.77160683538368, 68.01322596402511, 61.85546079911741, 65.22716650923712, 71.49337796634347, 77.2398499904815, 84.1817715223574, 78.42961333551652, 72.04668504190212, 65.92436641470121, 45.92919545485017, 44.68661431128036, 48.34715893122014, 57.75718289826577, 72.66824516838173, 85.60694831262943, 89.73639535454527, 104.57334066446207, 116.23464235076305, 123.75339422693831, 121.26409704254169, 112.9000826548825, 113.16850526757261, 109.40403659224046, 111.91480771620733], [11.872216396586651, 11.96976468816572, 12.566271065651499, 16.990914705445764, 11.01378792755508, 0.0, 8.683738694641955, 47.78982296130927, 56.616584359082935, 65.34655300783614, 73.02507300342455, 80.8492854678406, 72.62364778655707, 64.2406779474794, 54.93814109258617, 27.458042991155104, 26.738546255450185, 25.617441763362983, 27.320573785360587, 30.111295423210755, 26.006091478292333, 22.826170996303368, 19.535776332403533, 20.107917301438306, 22.672392916594994, 54.829199653113164, 64.02054603393535, 70.57853299561904, 80.3789447142836, 86.44715799527472, 82.95371734069805, 77.19465801790687, 69.92277125942839, 62.64650437809577, 57.0138309149031, 26.57361998277333, 27.073318148028218, 33.97414289961854, 32.43281632729317, 43.019660659947064, 51.30288650876309, 56.38728026395647, 58.365693108279295, 56.216470805061824, 47.95409283879092, 41.29555208891588, 42.34597549184275, 57.866848762349846, 55.89033662534899, 57.7779451474509, 62.9840576419549, 65.03438692567374, 71.29024786964865, 80.11265707782226, 77.84584822826629, 76.0403989088376, 72.6911210162477, 69.03274695247435, 64.40957789687174, 58.57440873452022, 60.05830936792949, 65.00256552005884, 69.90440375040176, 76.60623666799432, 71.29797914487918, 65.6621500613843, 60.86165105904293, 53.16076960131004, 53.21661886437046, 56.24594681214985, 63.51560490848706, 77.09567447281162, 87.62339252888495, 89.7965908517633, 100.84656172597646, 110.70526133643138, 117.1466180634712, 113.9651559189764, 104.90309491905313, 104.46160515865931, 100.53209334688378, 102.9325815065019], [6.964938515164295, 13.439637781657252, 18.73598584436373, 23.762776368240917, 18.94628715719098, 8.683738694641955, 0.0, 39.54011841063733, 48.295466787102214, 57.057292808230606, 64.62259176513679, 72.39727877880334, 64.38140133722251, 56.103335057169865, 46.74313871827839, 24.203062086734317, 25.4514639998552, 26.310378602945, 29.993582432801755, 34.39816861026768, 30.952680448215094, 26.438896643704044, 20.59836882950808, 18.821040528326325, 19.282077801797218, 47.257083889432586, 56.1748140702935, 62.47353155597118, 71.94248324089035, 77.82069899045995, 74.39906721884546, 68.82798863350709, 61.726391417109575, 54.57241559161644, 49.10504492428226, 20.88861337820977, 22.611754781066907, 31.98066614476248, 32.13611279656882, 42.57253402095296, 50.11692199304425, 54.31984753160393, 54.66777791059452, 51.02868193430484, 43.46957656494437, 34.81318181349819, 34.9626142592657, 59.59579389629821, 56.695682303476524, 57.31099911141876, 61.697673972657356, 62.76985928232703, 68.1892450007344, 76.29366874274919, 74.99700394047139, 74.24942413031441, 71.66964901093407, 69.0551163891638, 65.32692050321387, 59.76919759556581, 60.091407415185884, 63.803605086291206, 67.47542488831516, 73.2249861918226, 68.93891194641641, 64.48453355397648, 60.909688295825, 56.348923189472025, 57.19323156945921, 60.70201047769215, 67.32286779368977, 80.74032629439662, 90.19952717984995, 91.63040706241999, 100.49575594849757, 107.52332784009604, 112.30858912175529, 108.17538336060095, 98.01714424052855, 96.6459624325627, 92.11172398608349, 94.28807003050777], [39.68768175198171, 48.339277319323585, 57.298030845256186, 62.99153904380132, 58.44009894224418, 47.78982296130927, 39.54011841063733, 0.0, 9.894601677509609, 18.82198282316241, 25.439645820660655, 34.379127904792604, 25.308564693506074, 16.84694491238186, 7.566206775256477, 40.79519192191635, 47.92452148534725, 54.195934830540466, 61.95139619341003, 69.68969237584282, 67.38388938781556, 60.31788311735903, 51.06523047187071, 45.161129218995626, 39.49383382912573, 20.235718258139144, 24.59169960436027, 28.2279270729812, 36.88565511338858, 41.26596627249731, 36.63698713057969, 31.726383396574533, 25.28284007445022, 19.33054771103514, 16.913817059531713, 29.99502168782861, 30.04057514345338, 38.51715478507511, 45.549126504919066, 50.267038853755786, 51.04435695129014, 49.66688221225932, 42.9029948868741, 32.50243968600015, 31.06603243846661, 17.779483231674476, 15.309501855326447, 72.71468773169583, 65.6254757163698, 59.95172664055173, 59.600684042926275, 55.88990433434012, 56.83761004143107, 61.01433279511673, 64.60857737470761, 68.47308307677295, 69.80205194709757, 72.36429460418911, 73.53632826436224, 70.45443016666525, 64.86079701164223, 61.94528696097892, 59.43620830663249, 60.52369779729699, 61.210271309875665, 62.71494367172642, 65.68073550072208, 88.94423194256753, 90.93716448893674, 93.10157945189458, 95.1802802976373, 104.83308227906318, 107.600691182418, 104.0297257319692, 100.01268334886007, 95.73796744767736, 93.36308185891194, 85.27514815134812, 71.02501766474285, 64.98472641457612, 59.01824183206506, 61.13931942932064], [47.62139190428686, 55.90986477099976, 65.37348096823213, 71.41618910070356, 67.23853186132607, 56.616584359082935, 48.295466787102214, 9.894601677509609, 0.0, 9.029854010299227, 16.83556408212095, 27.918224978622565, 19.21697491197004, 11.827582530966037, 7.674599180057351, 46.09083836534924, 53.36727096758805, 60.08158246897035, 68.2246145780856, 76.56911332564894, 74.60755797308727, 67.11993965989292, 57.7148382152301, 51.632189943168484, 45.70629785175889, 16.509779116757986, 16.94217494964413, 18.93092976941558, 27.355883616667203, 32.33069443993898, 27.415912213943454, 21.8603557265803, 15.541664995048441, 10.622603152881783, 11.084933991561071, 36.427438109154, 37.98672850139318, 46.48128450604946, 54.7675174622245, 58.892919752212265, 58.453333645760544, 56.13031086949411, 48.98137111056155, 38.05947466244501, 36.529520143109295, 24.25081655842578, 19.193914237393997, 81.71503378647029, 74.15588930038075, 67.635787791652, 66.5802973449061, 62.19419254405011, 62.41185588169384, 65.63662410049098, 70.2200050642654, 74.79113599741179, 76.76117361297709, 80.07222462756253, 81.93002754656054, 79.21949889328978, 72.87437648150775, 68.98250834016235, 65.55452986559669, 65.78857487413605, 67.37597590435965, 69.77919665626575, 73.70056415232088, 95.39153169987739, 98.91121624964752, 102.13246095216131, 104.57018693697974, 114.30827712440967, 116.69681873758715, 112.69907188243724, 106.78814322156465, 100.22675292381295, 95.77234389333796, 86.42370783750408, 70.61368526877726, 62.02813716079284, 53.8658339934552, 53.611778362856725], [56.01863008638141, 64.05771557791188, 73.77308771717252, 80.01657417076085, 75.97505586093904, 65.34655300783614, 57.057292808230606, 18.82198282316241, 9.029854010299227, 0.0, 10.138022446025557, 23.405861666192724, 15.741852342424798, 11.919358979600624, 14.533645465817719, 52.89608973288993, 60.22331529152603, 67.21192072878615, 75.59841772658079, 84.33017615429695, 82.55449901893367, 74.78562628825304, 65.29997660577891, 59.13094077273479, 53.07548726377141, 18.64243600657556, 14.004322092461308, 12.440057085538074, 19.95068054994912, 25.223566881802228, 19.67948211370251, 13.285684183540607, 7.636409525412515, 7.481884622907315, 12.721324565905665, 43.94077734190983, 45.839647273561845, 53.79749943831123, 62.81607621232935, 66.25915015333995, 64.75664493886467, 61.62956011585669, 54.16826894446089, 43.12746234874763, 41.9892900309951, 31.29473694077055, 26.002064001246534, 89.26234543840351, 81.2651562690091, 74.00156742456765, 72.29201155697233, 67.34072545536033, 66.89016164306665, 69.26117631387112, 74.64082447610897, 79.78393384965965, 82.32665065721042, 86.32349397773024, 88.84467015770734, 86.52635793255578, 79.48091864034963, 74.70651058615374, 70.47149707127083, 69.96584903172399, 72.31181428724891, 75.51549956099645, 80.30324361803194, 102.90969547566873, 107.27242723921316, 110.9106205808465, 113.27950451513914, 122.76889472977783, 124.51178168668046, 119.92459677459249, 112.041274871618, 103.60353312853995, 97.48670775223621, 87.21860640392622, 70.45594903156503, 59.8954662315159, 50.28276789148683, 48.067250738197224], [64.22724988463823, 72.5784150311024, 81.90780468098502, 87.6636500849871, 83.54506217363709, 73.02507300342455, 64.62259176513679, 25.439645820660655, 16.83556408212095, 10.138022446025557, 0.0, 13.717030273510375, 8.586177144223555, 11.883616955872819, 19.086241317039402, 62.486649521829364, 69.71363408989751, 76.44807153035428, 84.51203678903174, 92.70782004038388, 90.94259083114774, 83.649366797524, 74.3505284030483, 68.29957238362343, 62.378256814645354, 28.75068766340313, 22.95350314126438, 18.428583760775922, 19.060431503283603, 19.082077820421183, 13.064298004209066, 12.358906523297481, 13.423895125039266, 17.291347498632803, 22.85812893004117, 53.170280617730484, 54.06776651713536, 60.848771674891346, 68.52045149991908, 71.01722142127349, 69.27363115664356, 65.65631797904742, 56.56338067967427, 45.31575774265083, 48.163915329066725, 39.01399632594173, 35.41417189692947, 92.6119484769135, 84.84204914766741, 77.46798569047196, 75.0116747890614, 69.42841615846616, 67.3820414347841, 67.79266784820175, 74.20949245195648, 80.4559220062187, 83.76002991966749, 88.53662523386105, 91.62060788601613, 89.71455403564282, 82.55658155740751, 77.07733631382236, 71.57040355914637, 69.25846902764904, 73.17624574941718, 77.75767331925182, 83.26266705203147, 109.9569530856752, 112.99289909384427, 115.6447532973461, 116.87503261784845, 125.54947855764438, 126.13358291331417, 121.06612596909561, 111.5472929604377, 99.68494718759435, 91.40275165008235, 80.1588925984862, 62.521278000746044, 50.770885506539365, 41.43613603116121, 41.33257532758477], [72.91323528465361, 81.60170485665972, 90.17744197392715, 95.07047956160724, 90.97811724627758, 80.8492854678406, 72.39727877880334, 34.379127904792604, 27.918224978622565, 23.405861666192724, 13.717030273510375, 0.0, 11.5854621788693, 19.96602351817958, 27.491845778821727, 73.5522585031035, 80.48759768240173, 86.65508385103391, 94.04351788176798, 101.20938841665101, 99.47200345757575, 93.09056149460041, 84.24067344539536, 78.48887826826122, 72.9120428748621, 41.89082266967743, 36.33497080265063, 31.115585997722718, 26.613213773980586, 19.31324233315416, 16.219834315868614, 22.747879084430817, 26.65855048214942, 30.738098126056446, 35.9438600168375, 63.85786020524958, 63.83408094926264, 69.58655130822216, 74.88738081237437, 76.56865769621105, 75.30047150534314, 71.62532761537456, 60.64970541871771, 49.60188831019822, 57.23034886498971, 49.13741089216088, 46.99733772435232, 95.51906183942253, 88.61403184934605, 81.79406277554527, 78.75855751209332, 72.74788559966152, 68.72186344483079, 66.43632724181057, 73.87778317517159, 81.41462918059665, 85.44633664376764, 90.83890196770801, 94.20642395774688, 92.6310344676501, 86.01354598581159, 80.24220733798282, 73.46118691013251, 68.75271729105134, 74.63559345708728, 80.70032313979824, 86.53120369660027, 116.21952544454055, 117.0646468918725, 118.32206937469094, 118.12189987769598, 125.88530269641942, 125.34563461956903, 120.20640540081124, 109.86740672984676, 93.32434122122679, 82.09827229554197, 69.52633150861374, 50.45583959570431, 37.23348108790378, 28.980435556844355, 35.02398318120058], [64.88957454008342, 73.58203086824355, 82.39730339083425, 87.69617453245381, 83.1235965749592, 72.62364778655707, 64.38140133722251, 25.308564693506074, 19.21697491197004, 15.741852342424798, 8.586177144223555, 11.5854621788693, 0.0, 9.046426777204523, 17.883192556402143, 65.03179761306666, 72.33211769945402, 78.87259439432074, 86.71203700606404, 94.38351282202501, 92.30579250962263, 85.3856257980982, 76.14081829979273, 70.15839466362945, 64.31782166670449, 33.598320922422694, 29.582431710045558, 26.318933035122093, 27.434077626159567, 25.20607251998123, 19.716636129075514, 20.83494172926572, 21.00947112549114, 23.048293389058113, 27.582900179390023, 54.672592838432905, 53.588085166200024, 58.73782202294402, 65.00995012182346, 66.57989885909213, 64.75362712644284, 60.96319114377112, 50.748512982649444, 39.56021265304756, 45.78825858770904, 38.29786759965782, 37.36345244657198, 86.99944709278795, 79.36695219616517, 72.01102921134782, 69.13649621501138, 63.27113205663333, 60.33949629461669, 59.87753990033189, 66.62805433394927, 73.34831065110284, 76.99442557460266, 82.15238051516155, 85.56546322654752, 83.972389287688, 76.75528704103431, 70.93602324019086, 64.78274716372725, 61.59852962615797, 66.22886341946035, 71.52101298503938, 77.37740319599655, 111.61930251931851, 112.58879766717837, 113.39577976312438, 113.11466394451735, 120.59336739516158, 119.96302260657144, 114.2714724047898, 103.76115900070245, 91.16649538820089, 83.0896025048874, 72.24226476668326, 55.53196311756385, 45.72141353104628, 40.21258888987782, 45.08315860850925], [56.5130772167894, 65.15662383692249, 74.0853711394085, 79.61744922877332, 74.89004127014672, 64.2406779474794, 56.103335057169865, 16.84694491238186, 11.827582530966037, 11.919358979600624, 11.883616955872819, 19.96602351817958, 9.046426777204523, 0.0, 9.399389842575633, 56.54666927579603, 63.94825516865589, 70.579684245226, 78.56714037486982, 86.44264049647842, 84.20843182165193, 77.05831796898528, 67.67848771343088, 61.63087250105547, 55.72440783480506, 26.767609140753176, 25.03013386728177, 24.24237030055481, 29.48283761501701, 30.582038791841626, 24.886793178405146, 22.46681547614528, 19.070305761046125, 17.98070830555312, 20.95940820599401, 45.887843447868086, 44.577205148461026, 50.12034349706278, 57.04486631029511, 59.232222058126865, 57.70158496834437, 54.34717251434111, 45.12137152344472, 33.789843418677314, 37.75466478894931, 29.31941807998902, 28.693054928318404, 80.79145413680354, 72.96330560873575, 65.71832474410766, 63.460200788644734, 58.10082504788701, 56.518538095636416, 57.91620694744215, 63.663490404663406, 69.41981131443193, 72.3889365125316, 76.87950748003566, 79.81356115264134, 77.87166065922155, 70.74695549399534, 65.53056151693012, 60.437865620969404, 58.86909885653835, 62.08373898704031, 66.21457924204384, 71.45945543441968, 104.85455308245028, 106.14382502723286, 107.13302806419348, 107.37011496965737, 115.25701547445382, 115.38437101543808, 109.99152640469048, 100.93870747194494, 91.69912782506276, 86.0498397106246, 76.42080798943482, 60.99105985573665, 53.010639531519004, 47.79368567139597, 51.54713345235315], [47.169403373267926, 55.86621141140331, 64.71113626267103, 70.2290094199069, 65.56256957766597, 54.93814109258617, 46.74313871827839, 7.566206775256477, 7.674599180057351, 14.533645465817719, 19.086241317039402, 27.491845778821727, 17.883192556402143, 9.399389842575633, 0.0, 48.07391055875297, 55.314520816987226, 61.69869873681174, 69.4931671991578, 77.18070933035875, 74.89135211220805, 67.88392704952827, 58.61570802742953, 52.67552928350353, 46.92913369896262, 22.741031515667732, 24.29071645251502, 26.037501333403288, 33.34015456638679, 36.24823982804454, 31.197236127610292, 27.347280162089262, 21.952485956713215, 17.717573548637773, 17.82000752907571, 37.24955748457461, 36.35672423363004, 43.20920316054103, 49.945074819418245, 53.39727511261336, 53.17021662211666, 50.87645796501056, 42.67451941754881, 31.553829327875388, 33.25411178198722, 22.30814151842867, 21.213603154736276, 75.35863910199775, 67.96333719624857, 61.58819312342811, 60.332350775034364, 55.81657392146141, 55.51797280813731, 58.3975833529942, 62.98990486170721, 67.79216883502312, 69.89275076678257, 73.36507503306451, 75.34735799104917, 72.78446886056793, 66.50986303845828, 62.525352179893225, 58.75706549575619, 58.548299323322844, 60.46013731079283, 63.24436811468799, 67.27106968292665, 95.88604908640104, 97.27383124247457, 98.69277026297668, 99.75688803581454, 108.52149259657985, 110.00349138990885, 105.5949566746046, 99.33623973405966, 92.72000408674131, 88.92637305739818, 80.18596693822838, 65.44070949329591, 58.77631860797602, 53.32959186364871, 56.5280957631385], [17.777781241022712, 18.598315623012883, 28.932006479303332, 37.409342092361435, 35.183897204596654, 27.458042991155104, 24.203062086734317, 40.79519192191635, 46.09083836534924, 52.89608973288993, 62.486649521829364, 73.5522585031035, 65.03179761306666, 56.54666927579603, 48.07391055875297, 0.0, 7.994226050886288, 16.003094622820612, 25.75149076833118, 36.79681779774263, 34.76747619504546, 24.71620336186027, 14.929242488327596, 9.038342449793877, 5.0058834617287085, 36.872633281411154, 46.16800791929043, 53.656885611072084, 64.83491004762631, 73.88826727022656, 70.43321161968404, 62.52696044057403, 54.794146763459786, 47.60354260693232, 41.33752731184461, 12.473799716117622, 24.54005240490692, 37.56594670869942, 46.73919885434852, 56.09104962208132, 59.628499054754506, 61.95974524904471, 64.02805189957597, 59.05926349249073, 44.4612896413581, 34.22245677176823, 28.6106427992459, 78.06542752570465, 72.50221902644998, 69.99696318460862, 73.49192941117937, 73.65822901275538, 79.90395250248775, 88.92216643459967, 88.60108441407739, 87.98395210282821, 85.99744269827481, 84.4532525098828, 82.24608140498738, 77.44552598644466, 74.81910290847603, 76.4788702804362, 79.68300991102805, 86.26033102641426, 81.74057767519963, 77.50273760251608, 75.90277064996815, 62.75088977906782, 72.8617075976533, 81.51644327404136, 90.50858259480397, 104.27116002296808, 113.39098061078859, 113.45904902826193, 118.25890891124347, 124.98908692277851, 128.03813776591676, 122.27593895494398, 109.71632706607109, 104.53700719587417, 96.0603864653528, 92.45069171629358], [18.67704908175663, 15.706177687035954, 24.681856004700684, 33.092969851394635, 32.21422217865787, 26.738546255450185, 25.4514639998552, 47.92452148534725, 53.36727096758805, 60.22331529152603, 69.71363408989751, 80.48759768240173, 72.33211769945402, 63.94825516865589, 55.314520816987226, 7.994226050886288, 0.0, 8.297426959427545, 18.2215046750039, 29.76909117968041, 28.088982958986747, 17.785014794958254, 9.309291974342678, 6.82956503188168, 9.550524669669517, 44.28195500130006, 53.31682608375211, 60.65164353815829, 71.32552458819383, 80.37483632234404, 77.25947118775922, 69.52729265313432, 62.012272543231845, 54.972051765316586, 48.78262948895008, 19.76322244916636, 30.735549011741778, 42.8893994375929, 50.56628001685522, 60.378951849157055, 64.78090421789673, 67.75034193770115, 70.34756742670265, 65.8890746495192, 51.55177329337901, 41.81161815178741, 36.40825321483405, 80.78952701369435, 76.10737425609199, 74.62338829898579, 78.6654013932721, 79.3764021661637, 85.91113402945984, 95.08898285912622, 94.32740975448301, 93.28823824257357, 90.86292529848657, 88.64551597170369, 85.7191428229872, 80.604214259609, 79.00262097216566, 81.54444223712275, 85.37433785399475, 92.22251427546145, 87.34598431866576, 82.52812720499247, 80.05551499974075, 56.296861499049015, 68.0660205410965, 78.32084212422838, 88.87937574639635, 103.6197947307827, 114.22715390750805, 115.42706305929315, 122.44696832861224, 130.18888029909715, 133.74175117164324, 128.21504494123892, 115.75632934127728, 110.75964736616733, 101.97987451177573, 98.00866320122302], [20.08574066365931, 13.77916153834191, 19.77663673201255, 27.560830489616112, 28.295108672950203, 25.617441763362983, 26.310378602945, 54.195934830540466, 60.08158246897035, 67.21192072878615, 76.44807153035428, 86.65508385103391, 78.87259439432074, 70.579684245226, 61.69869873681174, 16.003094622820612, 8.297426959427545, 0.0, 9.935059393189652, 21.658328197829416, 20.283834069247234, 10.169653277530111, 6.346127619879859, 10.290726070706286, 16.018850696845174, 51.88925683753217, 60.766279482404634, 67.8803612108557, 77.96377467832913, 86.66502691233123, 83.85044289974242, 76.50933391919818, 69.21836046983154, 62.26212513611582, 56.16891128317006, 26.653574935759483, 36.48194883829133, 47.783993708975906, 53.410050142714574, 63.61525090546154, 69.10102961725747, 72.75326963933783, 75.54496391362123, 71.5649110227535, 58.11313481914928, 48.68309350413308, 43.770983291749125, 81.98699647940147, 78.41861600282465, 78.1463905643957, 82.71467837690228, 83.95108454938034, 90.59498191766612, 99.75528201439731, 98.55336447821509, 97.17688407538635, 94.33505807097109, 91.4403620429539, 87.73165073247043, 82.28349230407471, 81.91127340048158, 85.39962622317466, 89.764154463116, 96.6967366258665, 91.59513588630459, 86.3088600702037, 82.90305702879958, 48.68735295179929, 61.400444983295586, 72.99134575454872, 84.99952663273329, 100.69791994237339, 112.82104553471032, 115.299224199189, 124.82692014707939, 133.37435801722472, 137.47073380849375, 132.28408914761545, 120.11387188791488, 115.61986869383112, 106.92867228390851, 103.23505626818296], [25.076669237155343, 17.04378454551415, 17.280224737145232, 22.838300880907603, 26.069390381980966, 27.320573785360587, 29.993582432801755, 61.95139619341003, 68.2246145780856, 75.59841772658079, 84.51203678903174, 94.04351788176798, 86.71203700606404, 78.56714037486982, 69.4931671991578, 25.75149076833118, 18.2215046750039, 9.935059393189652, 0.0, 12.050602375198551, 11.612049822315136, 5.339613411702854, 12.72861075366114, 18.758609054902607, 25.05085320416235, 61.01029639564179, 69.69826244901223, 76.55125013649649, 85.9642949006826, 94.22050973926649, 91.7399417021292, 84.8649396458666, 77.84047979266269, 70.99842445548217, 65.0347950010082, 35.49539692806759, 44.24608180896811, 54.60094548111416, 57.971836697170865, 68.4057494613283, 74.99974554676804, 79.3165374159653, 82.1819012974713, 78.67403619782148, 66.32555812505412, 57.16937338187993, 52.70122185160867, 84.22091474265532, 81.9894887198105, 83.06789912401086, 88.14217806929634, 89.90396593277002, 96.5599848102451, 105.587242938137, 103.94262998608478, 102.25367388823618, 98.99629523066959, 95.39437896928959, 90.84097366450446, 85.06621873916262, 86.09915611957797, 90.58029362870195, 95.44141883442084, 102.35402158177645, 97.09828955458785, 91.39480112484328, 87.00778012678983, 39.628093034847616, 53.577829424962395, 66.96386641742647, 80.78630062649879, 97.61083840093491, 111.53796931474919, 115.57558318073772, 128.0106776205459, 137.29811232241872, 141.93520674841085, 137.12856830599878, 125.30826870769528, 121.3944685850773, 112.8502600311588, 109.53557554323547], [31.425629889250747, 23.50825839734543, 17.89770424094132, 18.443294608196876, 24.576636751246358, 30.111295423210755, 34.39816861026768, 69.68969237584282, 76.56911332564894, 84.33017615429695, 92.70782004038388, 101.20938841665101, 94.38351282202501, 86.44264049647842, 77.18070933035875, 36.79681779774263, 29.76909117968041, 21.658328197829416, 12.050602375198551, 0.0, 4.735783857545232, 13.11329583243625, 22.644759285358255, 28.862627611698468, 35.21965702526772, 71.0240803645665, 79.56674631402517, 86.08377770915249, 94.73823219058235, 102.17612174054935, 99.99044398257789, 93.81985473006452, 87.09392334966094, 80.34461814339082, 74.56798090996425, 45.053049709913054, 52.34276852187361, 61.52991203916177, 62.00081580095737, 72.47014794724873, 80.38507615534158, 85.41902463456744, 88.05579153600164, 85.10432702322669, 74.58195526962407, 65.77401323412127, 62.127667935164325, 84.85694290214829, 84.34752688355441, 87.06666653405816, 92.62380363644439, 94.92684085820594, 101.379145029684, 110.03447326537027, 107.90197932837053, 105.95787188951427, 102.29080546211479, 97.94204848162745, 92.44158832903601, 86.34255282137448, 89.10524536685212, 94.6894355353572, 99.96920483714129, 106.63825937982365, 101.36943836141177, 95.36052828525366, 89.88451320086281, 29.108339061240464, 42.672838575450186, 57.67837807076895, 73.37470584976238, 91.37504206152238, 107.28365806744198, 113.1959737894728, 129.07819948601983, 138.94616917078696, 144.2503184780825, 140.0339191452288, 128.91719429111947, 126.05550295164645, 118.20699112511353, 116.0521101762491], [28.357286454827406, 20.16391939702353, 13.555777214308701, 14.527133284607187, 20.2312453396051, 26.006091478292333, 30.952680448215094, 67.38388938781556, 74.60755797308727, 82.55449901893367, 90.94259083114774, 99.47200345757575, 92.30579250962263, 84.20843182165193, 74.89135211220805, 34.76747619504546, 28.088982958986747, 20.283834069247234, 11.612049822315136, 4.735783857545232, 0.0, 10.646871737568176, 20.080607084919045, 26.35415084535901, 32.751476459267145, 69.3394083279359, 78.13223598824626, 84.78659146293047, 93.81682069447889, 101.17386874212718, 98.72462628881388, 92.49124987317413, 85.57263718024687, 78.65378180088874, 72.80181331966487, 42.35080026678288, 48.75993100831986, 57.386113031124374, 57.574150414057755, 67.99729326780869, 75.96012719550872, 81.1133718509685, 84.01749529480894, 81.42246536139757, 70.90519617156168, 62.67957023795797, 59.78256011979124, 80.37249610097659, 79.7788586922449, 82.54329185812774, 88.18008406476397, 90.61776270725383, 97.23234550483714, 106.09080883254268, 103.76120945433344, 101.61788226009214, 97.85507486300754, 93.42197315894359, 87.913579614884, 81.83612856004036, 84.56716321370787, 90.24277226990921, 95.70221442632327, 102.59628440168841, 97.10315229022456, 90.91661805126702, 85.35235200011383, 32.613590090356794, 43.33601424803416, 56.3660905973978, 71.05610607447917, 88.44762717445367, 103.7844215933601, 109.25465830076129, 124.76938494485395, 135.28729230304648, 141.11337604337683, 137.2335567905796, 126.61581432834159, 124.26232946652608, 117.10047027949895, 115.6547708526244], [22.07142892917307, 13.32900269880106, 12.757501953932323, 19.142656885169153, 21.501160356246288, 22.826170996303368, 26.438896643704044, 60.31788311735903, 67.11993965989292, 74.78562628825304, 83.649366797524, 93.09056149460041, 85.3856257980982, 77.05831796898528, 67.88392704952827, 24.71620336186027, 17.785014794958254, 10.169653277530111, 5.339613411702854, 13.11329583243625, 10.646871737568176, 0.0, 10.167448920073362, 16.674427841742126, 23.201297640339043, 60.46664469058537, 69.47231454614077, 76.46170715381285, 86.25686933910474, 94.29709791763533, 91.52164607113065, 84.65831656628865, 77.42308871228138, 70.36972977282431, 64.32650252222403, 33.36767056366598, 40.799936732398514, 50.3690602424811, 53.19591354125694, 63.59817877430197, 70.3709410463992, 74.9176008939332, 78.12661758528442, 75.12902006741673, 62.906673708575035, 54.541177920626005, 51.17417738229216, 79.13190491792501, 76.9400950269222, 78.21533647011472, 83.44367435151362, 85.43279982818233, 92.29016688547969, 101.54880668755776, 99.60373903454719, 97.63428848846215, 94.2124893686965, 90.43011942977006, 85.77911636834237, 80.00490231821821, 81.1471710210694, 85.84879361455803, 90.98765169085259, 98.1718499615368, 92.62316241810102, 86.65515189384605, 82.05304256363709, 41.79595609700703, 53.071491554522225, 64.5990561553737, 77.4668414522211, 93.66246422364006, 107.10687561292644, 110.81562800643971, 123.16434036949713, 133.31667016914952, 138.667986615469, 134.34241940542677, 123.21759303903187, 120.05666819132294, 112.44733974211455, 110.16278088253503], [14.76702403432083, 7.942625886274955, 15.442993156775342, 23.868114057511352, 23.276852513593024, 19.535776332403533, 20.59836882950808, 51.06523047187071, 57.7148382152301, 65.29997660577891, 74.3505284030483, 84.24067344539536, 76.14081829979273, 67.67848771343088, 58.61570802742953, 14.929242488327596, 9.309291974342678, 6.346127619879859, 12.72861075366114, 22.644759285358255, 20.080607084919045, 10.167448920073362, 0.0, 6.521921037738805, 13.0524555681374, 50.71459031440267, 59.91772141561839, 67.07584607453359, 77.39603964343371, 85.62155184657034, 82.52232182594227, 75.3814817116312, 67.92698850428914, 60.74639349336225, 54.61724028225623, 23.297604614675777, 31.603170657200646, 42.384264099820854, 47.23198599767685, 57.510597493897585, 63.35152757337586, 67.25167688160103, 70.07428529150677, 66.49392850551499, 53.61222339169042, 44.76832812655432, 41.20675843822968, 75.65635934163555, 72.16041989143343, 72.10695624123706, 76.78680703028314, 78.17779951606165, 84.86860860537355, 94.11148922470665, 92.67636642405162, 91.1567262603682, 88.21559519756676, 85.21313891437781, 81.42663723025728, 75.95677033541955, 75.72112395235021, 79.40003639233954, 83.91162175596061, 90.94002299043282, 85.6946955434809, 80.2836242963258, 76.69743779044742, 50.104654904263, 59.89983433642659, 69.50504815924614, 80.35628562492529, 95.41433622852571, 106.94661542183283, 109.10154526417672, 118.52618321187377, 127.53380533509929, 132.21798871275743, 127.48979386034974, 116.02973627142771, 112.42075812523592, 104.85032388773364, 102.57085926690178], [12.264515934296346, 9.87982894699787, 19.92930617995484, 28.44309948252003, 26.572057151539283, 20.107917301438306, 18.821040528326325, 45.161129218995626, 51.632189943168484, 59.13094077273479, 68.29957238362343, 78.48887826826122, 70.15839466362945, 61.63087250105547, 52.67552928350353, 9.038342449793877, 6.82956503188168, 10.290726070706286, 18.758609054902607, 28.862627611698468, 26.35415084535901, 16.674427841742126, 6.521921037738805, 0.0, 6.5309098131385195, 44.38993066466372, 53.70773452295543, 60.95995174349843, 71.60246599802139, 79.93587898155826, 76.63334057247454, 69.3202781376368, 61.73631470020708, 54.485169610272436, 48.3092911914652, 16.8982652741116, 26.28055169337691, 38.127657880612226, 44.48287298832186, 54.52942060580636, 59.63445992511881, 62.994003929551695, 65.3958474647592, 61.29671965336745, 48.03731570476761, 38.652153395229654, 34.77815152959238, 74.33270805049294, 69.98793330397034, 68.98639159032288, 73.2116659781399, 74.11891155295869, 80.59726603868707, 89.73229248704311, 88.7163031287704, 87.5826355076101, 85.0260789282382, 82.61788966793699, 79.46313894794034, 74.23849439696752, 73.05269727766849, 75.95226935649693, 79.92857898741366, 86.74387159729574, 81.80545016117854, 76.88241768661084, 74.06800361345374, 55.4902652140342, 64.54982107086704, 73.14490107304641, 82.80164084673468, 97.14460525042158, 107.46130403584793, 108.64954922460683, 116.11877425482065, 124.15208109849914, 128.26536702974812, 123.21001640171482, 111.46222357590278, 107.4810757831723, 99.88016441138595, 97.5626056993209], [13.029924574828746, 14.78000611663974, 25.35056303761061, 33.706198269694646, 30.946059359463995, 22.672392916594994, 19.282077801797218, 39.49383382912573, 45.70629785175889, 53.07548726377141, 62.378256814645354, 72.9120428748621, 64.31782166670449, 55.72440783480506, 46.92913369896262, 5.0058834617287085, 9.550524669669517, 16.018850696845174, 25.05085320416235, 35.21965702526772, 32.751476459267145, 23.201297640339043, 13.0524555681374, 6.5309098131385195, 0.0, 38.14181935401239, 47.595124037871365, 54.95744608015416, 65.97732876312854, 74.42890503167678, 70.89193252837238, 63.37818382660206, 55.64401878262851, 48.31395088111584, 42.08486362902057, 10.654426883026275, 21.61738381457435, 34.564232350434374, 42.56947457310279, 52.19731953001302, 56.41576597197434, 59.135591458897416, 61.06107420388129, 56.38929526073212, 42.71400712262571, 32.69787636122942, 28.40590200605318, 73.57875184324143, 68.37449357536146, 66.35767550097549, 70.05907716807972, 70.43038129550068, 76.65294851195975, 85.64651181539655, 85.0885137522441, 84.37050571315626, 82.23708153478695, 80.4737723063641, 78.00531094155976, 73.07511530898292, 70.88778373901084, 72.92578485021671, 76.30214753836009, 82.86708211030819, 78.27554924003321, 73.90260592503903, 71.93872822934772, 61.150892930280165, 69.56579526659783, 77.22638665827758, 85.73276094806258, 99.32304917174307, 108.40891521752518, 108.62079133145616, 114.05294861935191, 121.06863007060198, 124.58011127460611, 119.18913600604967, 107.15829428840262, 102.77931284582635, 95.16068078869391, 92.79849549418157], [44.41030654353422, 51.142430230972536, 61.61510148353602, 68.93336261771717, 65.29490449442821, 54.829199653113164, 47.257083889432586, 20.235718258139144, 16.509779116757986, 18.64243600657556, 28.75068766340313, 41.89082266967743, 33.598320922422694, 26.767609140753176, 22.741031515667732, 36.872633281411154, 44.28195500130006, 51.88925683753217, 61.01029639564179, 71.0240803645665, 69.3394083279359, 60.46664469058537, 50.71459031440267, 44.38993066466372, 38.14181935401239, 0.0, 9.838236423059827, 17.618261131637563, 30.591871860294056, 40.2408678824151, 35.786300144131246, 26.725636316805744, 18.552488660985137, 11.705484571826407, 6.031459513369049, 29.883254425975107, 35.13878086650801, 45.697150427623015, 57.44982670265834, 62.75288515257374, 61.74794688619263, 59.77249344096051, 56.16462531899791, 46.69073997697665, 37.18530064321027, 24.44309861865868, 13.911261162252902, 87.6886262567593, 79.49069419622396, 72.69740662049072, 72.49763582584804, 68.9