{
	"dissimilarities": [[0.0, 8.352510187529978, 17.995723193178122, 26.143753644422695, 20.277429880388, 12.615573619583095, 7.783249740115114, 40.84577720800781, 47.59936615325063, 55.858912721531745, 64.13925152780118, 72.74001350479122, 64.92818293367198, 55.62225062170499, 48.34551569970645, 19.520210311329052, 19.70690338736495, 20.889412586924916, 25.725299233715667, 30.831976782249217, 29.191235911034546, 21.996306673145405, 15.9579672299505, 13.508740791336884, 13.73752854642872, 45.16120098109188, 53.75922835061769, 60.40136355800605, 69.0111296199825, 75.16169831597557, 73.12756599043539, 66.7627498032668, 60.17802103802004, 53.0481913801565, 47.341527522490466, 18.11714325021544, 20.61709139648818, 31.801333051634646, 36.118844351394685, 47.743759087147126, 54.26557847726756, 58.62249466125643, 58.404956687930536, 54.1203822504175, 43.36271357327417, 34.696858008848146, 33.983162031130206, 66.76573583853958, 64.13653940091854, 64.23969703893452, 66.94083215392023, 68.80076735948799, 73.55051784679857, 81.10292994525938, 83.30731574187863, 82.52434073234765, 79.77562603276964, 76.47995270221126, 72.2491115253491, 66.76067239365986, 67.15745919614429, 70.53953793893619, 74.3499173893059, 78.6686318071599, 75.25281586310791, 71.4541360290712, 68.1371866459094, 54.00952309335389, 59.53226883210031, 66.73237682566369, 77.60504087412117, 90.3952946432952, 103.16087004864127, 106.61617619157454, 108.11575643670687, 116.22830105202104, 118.04205157141574, 116.26301445737691, 106.17992315876347, 102.43449453833856, 96.29984653441625, 92.73208902527936], [8.352510187529978, 0.0, 10.33094377065256, 19.887705623370156, 14.512144014824138, 10.61216929250024, 12.162683853249414, 49.181948668328445, 55.880044523290195, 64.1062592542022, 72.42224438429236, 81.07909483168773, 73.27238294020431, 63.9425695816239, 56.67851440182499, 21.879138631668503, 19.095537202856796, 17.169817919892132, 19.649903145496772, 23.77352737573814, 21.74410275608743, 14.823655531384048, 11.951078601953633, 13.18103252285469, 16.821776530228192, 52.42490875432806, 61.23056435714005, 68.03217200289805, 76.86610146034528, 83.16039954811484, 81.22932563258082, 74.79706793028917, 68.04721288946341, 60.88528432762678, 55.0525559591075, 24.527623155414368, 27.29204781029704, 36.544990517271316, 39.68091815101102, 51.264238943050785, 58.176968487143505, 63.300218796687005, 64.24711620458157, 61.0504183424091, 50.02630152399939, 42.342967908919725, 41.66100350018499, 68.31085510923126, 66.53607116832364, 67.56724281311308, 71.08426957214402, 73.6368692051076, 78.91292306847626, 87.00539381176294, 88.41829910595119, 86.93440594191809, 83.50656883729646, 79.39972299747284, 74.51863169489266, 68.66497136902375, 70.07152008621107, 74.5502746459262, 79.25950613462544, 84.29598513868564, 80.12082505724852, 75.43278982837474, 71.0282260543433, 48.44019797392632, 54.90690819181756, 63.19016995935014, 75.58662063173477, 89.01914201064, 103.12359858902428, 107.56384370215427, 111.36678026886025, 121.42185701018973, 124.30107077581253, 123.04446139853911, 113.50751572930031, 110.25233326467806, 104.15041179876064, 100.3918463528193], [17.995723193178122, 10.33094377065256, 0.0, 10.512562456923146, 7.59574170442604, 12.694125545390753, 18.741173041020907, 58.362413158743124, 65.41772384783748, 73.72266737952087, 81.91955798689892, 89.9196842364647, 82.35699016144706, 73.09845772228296, 65.76698319591581, 31.133579720352397, 26.75705600141594, 21.96353961264595, 19.125788643687585, 18.316043962164592, 15.432218483969567, 13.930665017711823, 18.08079437800477, 21.90950642903669, 26.641066810659908, 62.722764182523676, 71.45546959762379, 78.11303527431343, 86.6550354368061, 92.61998939984038, 90.82350852243825, 84.6722654552124, 78.10757656033641, 70.99506437949296, 65.23429825680392, 34.77098134754712, 36.13390933268375, 43.20025685888325, 43.62304054412014, 55.270085448655045, 63.22511268161908, 69.213780834073, 70.66674333102989, 68.2281918891788, 58.3232808110119, 51.71216744812386, 51.81169580767689, 68.14600970333213, 67.92822919731907, 70.41301219778897, 74.90769596090979, 78.19956185601053, 83.76855801985937, 91.94846746895396, 92.63919143988642, 90.32121112585165, 86.20209312220494, 81.1581960683325, 75.42856716711972, 69.04510819422487, 72.14485707099837, 78.04259971740218, 83.61755240575795, 89.12226671112349, 84.40752838261491, 78.84637761134327, 73.0319864040735, 42.118037054581976, 46.83322457250986, 55.32197031625546, 69.06906850526343, 83.22385016456506, 98.90585451716831, 104.67331038842534, 112.24173193554749, 124.08050710208646, 128.31269089748272, 127.73244318781053, 119.15658594207619, 117.08759213544734, 111.68893615767405, 108.93803462471267], [26.143753644422695, 19.887705623370156, 10.512562456923146, 0.0, 7.852724406678294, 17.664964393013026, 24.387887723157018, 64.31609356319207, 71.88261435558199, 80.2570896706606, 88.16194086754103, 94.97561899759225, 87.86209805096466, 78.82963542165281, 71.4687604082, 41.40172213272547, 37.14507252547536, 31.888404487488955, 26.734624144124655, 21.491956558111454, 18.615898209380337, 22.713126548110676, 28.51025146112638, 32.27764420382562, 36.66805535669282, 71.2613038625961, 79.67952630814766, 85.94861117811553, 93.78019065194904, 99.04294913107009, 97.35895077237568, 91.75258304303621, 85.673044694962, 78.7014065952051, 73.19461998744116, 43.80111865838673, 43.189998390807034, 48.607523989074906, 45.95119473211108, 57.688873171120164, 66.90285387568905, 73.44452084909344, 74.46198984625492, 72.15786501091557, 64.38242904507553, 58.609738036648025, 59.83423389158698, 65.60761496574167, 67.11659339491088, 71.0137943977914, 76.21026743227718, 79.94757034610109, 85.38046918493416, 93.03777132639256, 93.40318785336663, 90.47752243576446, 85.98808266657691, 80.30888611607669, 73.89731078850451, 67.03294285056701, 71.88844753747222, 78.91638492182608, 84.90016556853345, 90.34568557600684, 85.61203643271755, 79.61846874750854, 72.67818849293828, 39.34299194627146, 38.24148926718011, 45.0728331566852, 59.26047334162283, 74.0135373580961, 90.89126698559149, 97.81959064936491, 109.30114258800178, 121.85311093533542, 127.18044532980683, 127.17657266471765, 119.69536149253362, 119.15044374811556, 114.97608495207768, 114.17036705400062], [20.277429880388, 14.512144014824138, 7.59574170442604, 7.852724406678294, 0.0, 10.215615521790017, 17.90958524158597, 58.357410227609265, 66.05109836482642, 74.42713166026549, 82.42800011105797, 89.65793230988653, 82.05734616883235, 72.82132116260362, 65.52551598536567, 36.15100122763132, 32.812912717673754, 29.013584146386137, 26.696251633472894, 24.652705567053587, 21.634186056839322, 21.423535670099486, 24.425492627841308, 27.208572836565708, 30.98271331720907, 65.2003138211448, 73.8111518208397, 80.37335163648343, 88.55334433922198, 94.09741984267563, 92.07522612508691, 86.07453719096426, 79.81279545002509, 72.67931664964529, 67.08856699270297, 37.2716427490178, 35.826028327585675, 40.892609535646976, 39.00407916198817, 50.71463759636014, 59.540159804060835, 65.95613821171423, 67.2578180201302, 65.30015441205747, 56.87900470507756, 51.57714878055248, 53.39104542059983, 61.25800689252942, 61.69524978858731, 64.86329708476984, 69.77448558155118, 73.38662824961796, 78.98912395831515, 87.10815414300093, 87.39789062717591, 84.67824441320339, 80.3129414936634, 74.94497599968108, 68.91900666374617, 62.339318730493325, 66.17525061655627, 72.67991303847298, 78.57850884160517, 84.23588809389467, 79.3221625517057, 73.43091632916754, 67.01947453002089, 45.840382420624934, 45.66616877975276, 50.85837344581253, 63.11020504271585, 76.33283254230224, 91.56922396182469, 97.2176793362527, 105.38705008146628, 118.10387299673258, 123.26953550936378, 123.44823943253073, 116.01445931067471, 115.30467713486199, 111.37707689558877, 110.42971366148053], [12.615573619583095, 10.61216929250024, 12.694125545390753, 17.664964393013026, 10.215615521790017, 0.0, 8.629637754154624, 48.785631838130975, 56.56421927206107, 64.91244072541421, 72.9499769782883, 80.51147829510094, 72.53417885879902, 63.16554146267242, 55.940393854520096, 29.98747066204904, 28.66786003063202, 27.539470939748465, 29.08425732537898, 30.54496080715099, 27.900101646469214, 23.62251278005145, 21.862436295043903, 22.192625930054653, 24.18159663996662, 55.98056144958456, 64.59699245256043, 71.28523655992534, 79.60815747836034, 85.3025784606613, 82.97767807115322, 76.71010634480324, 70.39840708760234, 63.18546338638142, 57.615445870358776, 28.295600766147267, 25.656725586712618, 31.517293219923612, 31.319598450225072, 43.3089892384403, 51.54375979659728, 57.36778885866117, 58.20077483537756, 55.82668041607276, 46.837381592066016, 41.39801735527827, 43.745277667272624, 57.98479644050915, 56.80548467718997, 58.61598991903285, 62.70163609978889, 65.72723540410684, 71.15382742856951, 79.34349088511779, 80.14146544358015, 78.10031488778186, 74.31677715329351, 69.79453192881941, 64.56899802897745, 58.49216618684227, 60.65861267476155, 65.91560180764412, 71.12938291590523, 76.49707780368477, 71.93697219781808, 66.74126912740705, 61.57629500519287, 53.247616979584805, 53.95380838273599, 58.09655785038241, 68.26174284930767, 80.14561408438355, 93.3082340957108, 97.33949394065826, 101.3160543215045, 112.72561126893102, 116.95284068121876, 116.84356009093332, 108.97400185396205, 107.69999358301443, 103.80977707519277, 102.70444985535525], [7.783249740115114, 12.162683853249414, 18.741173041020907, 24.387887723157018, 17.90958524158597, 8.629637754154624, 0.0, 40.490534793507734, 48.19161860404979, 56.56308816679434, 64.57290298667803, 72.13025249535923, 64.30725404399105, 55.010318041815815, 47.713939729675495, 26.6407618106102, 27.167789215758834, 27.913954421493795, 31.344708183903222, 34.45143395127594, 32.36556110081283, 26.950952193726973, 22.549888485787903, 20.701493722031774, 20.641282201299557, 48.45793390510267, 56.75665052309371, 63.16407572209204, 71.19040409006797, 76.73377157626311, 74.46490730176454, 68.37376970339147, 62.24769712575175, 55.15378324770746, 49.74064163626734, 22.293196857041412, 19.752032276516285, 28.517845393468704, 30.135937894639913, 42.34189774467257, 50.01990088629857, 54.85396760224958, 54.2157723282116, 50.22748658585449, 41.38352735030099, 34.331637813720256, 36.17451404580615, 59.51789946396537, 57.37406083373784, 58.045931710536216, 61.102221236860096, 63.22915378869694, 67.97109679239897, 75.40751250053106, 77.33738746521259, 76.21370988944544, 73.29255381266248, 69.76334526863161, 65.29934712296854, 59.62153266643427, 60.61331288556659, 64.50827880597012, 68.56413653263476, 72.95810894577973, 69.43197657397954, 65.37960844299404, 61.56204221647203, 56.36829020847115, 57.87845364002637, 62.35892169517527, 71.66874397374876, 83.52606334179247, 95.66200250533235, 98.88143487873198, 100.77833959360476, 109.49174128232929, 112.17337109982927, 111.12645645399193, 102.19136418521205, 99.96105302266845, 95.5049312524357, 94.13325893212117], [40.84577720800781, 49.181948668328445, 58.362413158743124, 64.31609356319207, 58.357410227609265, 48.785631838130975, 40.490534793507734, 0.0, 9.044506547426122, 16.89912091049641, 24.35707013280226, 32.65351552487899, 24.10728507860118, 14.828272675771444, 7.555667324052124, 43.30858901399928, 49.88990739335312, 56.00361519402948, 63.68755084775305, 70.08294356221312, 69.07059695442095, 61.59222864429912, 52.84876562412876, 46.99287004016861, 41.27295178455021, 23.205745250361904, 25.85480979131096, 29.36161667574422, 34.695858229945834, 39.169389253582914, 35.77831237643736, 30.07174917959554, 26.006932702459054, 20.636461179377537, 18.76090877629354, 30.827602220878305, 28.21254332384163, 36.03864773408298, 43.29263308851142, 49.035857755048845, 50.714403926655955, 49.135249698218594, 41.57548441612237, 30.25889225566093, 26.50389525132632, 15.887266710519906, 16.588419158287685, 72.73477457327967, 66.35685437285113, 61.511053095678975, 58.98877182447898, 56.27323284102317, 56.82876736643906, 59.865017177948125, 66.7588515108675, 70.37942484664661, 71.92717770843555, 73.59687685267751, 73.51961065745806, 70.9876862683617, 66.03752201343187, 62.619779453827405, 60.358610211598815, 59.50626198305725, 61.36149376189856, 63.54371990483262, 66.93575333037549, 89.00087102025468, 91.44354477292504, 94.32548042127178, 98.56127265811254, 107.23149571099033, 112.90778627769188, 111.30150241385226, 100.17068693583825, 97.19575070337923, 92.48733528388824, 87.67385028579848, 74.55593345190479, 67.39038399401338, 61.603686208017415, 59.73229782641685], [47.59936615325063, 55.880044523290195, 65.41772384783748, 71.88261435558199, 66.05109836482642, 56.56421927206107, 48.19161860404979, 9.044506547426122, 0.0, 8.38549350428566, 16.562166601456884, 27.10372165192723, 18.879900855255492, 11.066129583198544, 7.568963533885268, 47.19064129632507, 54.1080030477355, 60.68166917950326, 68.8144401041832, 75.86412075554797, 75.12387939025814, 67.29628399083816, 58.202968556624334, 52.15632073300542, 46.19087213183689, 19.4122562858114, 18.900563265697272, 20.89919699015704, 25.75507487632521, 30.72067550663888, 27.178793521027547, 21.10439009382107, 17.309812402884273, 13.092280568943597, 13.5309635790614, 35.81551611197355, 35.47210232168707, 43.53033257247675, 51.785855197079655, 56.75277645229883, 57.22178170764382, 54.69255116189118, 47.050427654458296, 35.68495116089654, 31.861113285835227, 21.757234562881795, 18.801717134149957, 81.14011242307521, 74.35610270556437, 68.90564144985872, 65.73063184888593, 62.41769004142727, 62.38259834912526, 64.636166833966, 72.16581763494224, 76.5069271839208, 78.64985945504712, 80.9556467072829, 81.39839742718169, 79.24305449119875, 73.64934719599987, 69.34821890146732, 66.2696632132312, 64.65021347853579, 67.26544876254734, 70.26732312419216, 74.53475242736756, 94.34558851417609, 98.40547082712284, 102.3145781655659, 106.87492970012366, 115.80593747644242, 121.24845556194535, 119.34011776123371, 106.78940094130878, 101.73934560284167, 95.23553046980153, 89.1980899925031, 74.55015133424475, 64.95446877028513, 57.089201598636926, 52.62886564844921], [55.858912721531745, 64.1062592542022, 73.72266737952087, 80.2570896706606, 74.42713166026549, 64.91244072541421, 56.56308816679434, 16.89912091049641, 8.38549350428566, 0.0, 8.55488787165355, 21.079128174338, 13.321034271235927, 9.600654070792208, 12.119065033043183, 54.30939700557337, 61.387323635876854, 68.19718914575587, 76.54163820212715, 83.82774895749608, 83.17906733917981, 75.21472313009363, 65.9627892666347, 59.83948748926366, 53.775499614749364, 22.242562065907176, 17.96364292577572, 16.959430545920696, 19.351954833242377, 23.854808410607646, 19.580235878151264, 13.504243022634034, 12.063222142012764, 11.740442269987488, 15.765574501045908, 43.35812959008317, 43.24271390926344, 50.358589862535204, 58.73907871349497, 62.61489174782449, 62.04998574036851, 58.54909046264204, 50.38735011394907, 38.971621144757144, 36.69058061152738, 28.485841738531985, 25.494183489265644, 87.0447812474956, 79.8439713852434, 73.75825190619081, 69.81686527840027, 65.8139403819214, 64.98319778045865, 66.20972649534326, 74.38801439329607, 79.49538149286795, 82.36074254509195, 85.4576074224555, 86.57323551101517, 84.94490131548667, 78.6351604146887, 73.30990409254557, 69.23600742075782, 66.66526635192388, 70.20559537461068, 74.19882254186895, 79.48271415922966, 101.96699035302728, 106.29464480119022, 110.12573881398767, 114.17353951259533, 122.66306514118634, 127.20332565422326, 124.60317342082475, 109.98727643555821, 102.80904024335229, 94.71909576446495, 87.83010987547596, 72.33169258265856, 61.12501736249037, 52.533580246724995, 47.10335202968801], [64.13925152780118, 72.42224438429236, 81.91955798689892, 88.16194086754103, 82.42800011105797, 72.9499769782883, 64.57290298667803, 24.35707013280226, 16.562166601456884, 8.55488787165355, 0.0, 14.034932880716775, 8.751631735525152, 12.497866077527393, 18.118755603697867, 62.803937347409445, 69.86948176003871, 76.63954947350611, 84.85638394942411, 91.99673537327452, 91.3849202245435, 83.62676810007817, 74.46399037680665, 68.36432945486578, 62.317815772688746, 29.615313134190732, 23.45341442602098, 19.60244399984086, 16.981726816933666, 18.597506273217387, 13.590873945452477, 10.631124534943849, 14.639358392719474, 18.052112561291768, 23.303141958804098, 51.903249916953726, 51.32808785304764, 57.52944552703191, 65.27361078910663, 68.33190943090489, 67.29604545043803, 63.091217891999754, 54.053101013079996, 42.40626729422703, 42.71991429546092, 36.169929045329106, 33.96753908445276, 91.82845601372074, 84.51020116222058, 78.05896047922639, 73.45984207589784, 68.80618216534523, 66.98695319945968, 66.72251236943778, 75.70533131701096, 81.54648791630507, 85.18356406788126, 89.04825163683313, 90.76242762395471, 89.58972963589113, 82.8795208518152, 76.70682243103163, 71.58930030685472, 67.80408275423282, 72.51182618801595, 77.53708519694662, 83.66635601261443, 109.40775272541782, 113.12858634284696, 116.40324182219383, 119.55163773988905, 127.45588515099703, 130.92433858547741, 127.63010671324085, 111.43282142461975, 101.56806229944637, 91.76283818608859, 83.91500510731905, 67.62527922384979, 55.088771986340575, 46.41261483982064, 41.67594927070723], [72.74001350479122, 81.07909483168773, 89.9196842364647, 94.97561899759225, 89.65793230988653, 80.51147829510094, 72.13025249535923, 32.65351552487899, 27.10372165192723, 21.079128174338, 14.034932880716775, 0.0, 10.738165072688437, 19.71518162499359, 25.624351016640166, 74.11003850175688, 80.82887659700874, 86.99035532666178, 94.31718101401053, 100.44238318845385, 99.78027352225982, 93.05764160642765, 84.56796998953759, 78.73027085600081, 72.9572287487617, 43.12902784557664, 37.21592032358832, 32.450636120161676, 25.863724957846056, 21.403110297211594, 18.42226005089533, 22.18583688457458, 28.28649592982208, 31.888517850019195, 36.74674962202944, 62.7188014713884, 60.51962471715643, 65.60768327617046, 70.98035851230088, 73.65218742095549, 73.34470420143248, 68.97145254714204, 58.114668208643366, 45.63361467795855, 50.99130640820974, 45.98741959243198, 45.73179017682536, 93.66194262267024, 86.99119859937247, 80.81096599397424, 75.75365502704985, 70.47671738105896, 67.08635880387902, 63.944574604798184, 74.30658656927807, 80.86428693106693, 85.47080653838267, 90.10896395670932, 92.28468693991078, 91.4381128539928, 85.09397269638863, 78.43485811139949, 72.04931908792194, 66.22814568394708, 72.87216380596126, 79.13101243619566, 85.75534990148076, 115.96095469692457, 116.98518898144832, 118.51381401730855, 119.67441285111971, 126.56599992284981, 128.4165562805152, 124.38806717279624, 107.9144010943827, 93.44900491888853, 81.3003732245517, 71.90293133394428, 54.46299224190381, 41.158597162952326, 34.57192008420583, 36.976708332489224], [64.92818293367198, 73.27238294020431, 82.35699016144706, 87.86209805096466, 82.05734616883235, 72.53417885879902, 64.30725404399105, 24.10728507860118, 18.879900855255492, 13.321034271235927, 8.751631735525152, 10.738165072688437, 0.0, 9.723871539126844, 16.674645751030095, 65.8733277113003, 72.83086303101867, 79.33582796471417, 87.20509030871439, 93.700858589935, 92.8442059643462, 85.47475772947759, 76.57122501006738, 70.56960320673669, 64.6305444471372, 35.171629199443025, 30.57087859499367, 27.959488385735998, 25.463917132686777, 25.179915160954515, 20.555508891295684, 19.231753675446086, 22.594121954631234, 24.374213959288106, 28.59972470188514, 53.899211476436335, 51.12693550655746, 55.656991023966604, 61.89453071608716, 64.25230671395491, 63.462001440029816, 59.092276156669485, 48.87976487419743, 36.70894351490473, 40.49843191242971, 35.95213130684863, 36.641637427487396, 86.13578603812928, 78.91025013405329, 72.41733549562177, 67.48996475383942, 62.48948837751803, 59.980093524774155, 58.748378410228575, 68.19137501778155, 74.3085424071167, 78.35757977703629, 82.63245384766388, 84.68281382074201, 83.81740045786476, 77.03012487575758, 70.47689283121609, 64.75203841813811, 60.196122994064496, 65.63759862385001, 71.24757243437314, 77.75532900645946, 111.07355519206789, 112.51490947177457, 113.9791474224461, 115.63019490680516, 122.34505128507497, 124.58611513719049, 120.61454908926936, 103.45397644684846, 92.8757703415277, 83.20797659768063, 75.87675684251562, 60.60132712669286, 50.05392814113926, 44.94965134906606, 45.445352382160664], [55.62225062170499, 63.9425695816239, 73.09845772228296, 78.82963542165281, 72.82132116260362, 63.16554146267242, 55.010318041815815, 14.828272675771444, 11.066129583198544, 9.600654070792208, 12.497866077527393, 19.71518162499359, 9.723871539126844, 0.0, 7.4127423577448734, 56.8435905850944, 63.790173447666206, 70.30611955444816, 78.294592011692, 84.85507346356374, 83.88338262431819, 76.289948522763, 67.30361126361093, 61.291409737702104, 55.35547935009956, 28.53648723612214, 26.337063563609117, 26.42308585119374, 27.92875099330419, 30.402590324208923, 25.899048390261928, 21.476251124041802, 21.05572977490184, 19.652646489058668, 22.10311542506137, 44.49225621054209, 41.408076883752294, 46.37072442053605, 53.1731976019883, 56.25282239588498, 55.94040724981235, 52.282774363782515, 42.848320279284366, 30.670963482728826, 32.020351371492254, 26.342859036814207, 27.664645579909134, 79.36285342721673, 72.14764637281678, 65.95825378731011, 61.70460804370527, 57.40297408622861, 56.06729812407712, 56.759091472450635, 65.1952101312594, 70.45962245737485, 73.62028473753927, 77.05660618721186, 78.48377788657045, 77.15624807651908, 70.68646055554689, 65.00079985994552, 60.45224050393086, 57.38805752507936, 61.40145545515769, 65.84579893582327, 71.48455392406831, 103.21610042979968, 104.95929018453711, 106.69935199756904, 109.14048043724937, 116.28757037837842, 119.56703672804426, 116.25584983383627, 100.57117341294261, 93.44802723044265, 86.05092435239534, 80.10654827388923, 66.0994747795116, 57.37966426845446, 52.42390721414322, 51.88269658348838], [48.34551569970645, 56.67851440182499, 65.76698319591581, 71.4687604082, 65.52551598536567, 55.940393854520096, 47.713939729675495, 7.555667324052124, 7.568963533885268, 12.119065033043183, 18.118755603697867, 25.624351016640166, 16.674645751030095, 7.4127423577448734, 0.0, 50.470408375305524, 57.20621060596008, 63.46057841766958, 71.20103699209102, 77.56692642101424, 76.56798380796218, 69.14726052329733, 60.35734110251694, 54.45208781562501, 48.65164586596251, 25.85804335109068, 25.925916303608055, 27.67609350085503, 31.059885543517655, 34.45318991427484, 30.587362208951166, 25.580358980859785, 23.238590426669276, 19.65210579544973, 20.065311649140884, 38.002651455564255, 34.89930137508371, 41.03355963645364, 47.798321076386806, 52.1761779677044, 52.96288022225221, 50.32228253185153, 41.509171413650996, 29.328370744053107, 28.76902737750908, 20.922235439607906, 22.29369156239955, 75.3695124188555, 68.61028156337089, 63.10203508104572, 59.671574841217975, 56.103831533966044, 55.618895489235676, 57.349358787064226, 65.14724298970488, 69.62509539266891, 72.03351732522263, 74.6291543003342, 75.31941334354347, 73.38900238188901, 67.7053777437238, 63.11888488674463, 59.62555422948098, 57.54404925567176, 60.604677465394126, 63.999988760225115, 68.54878153297592, 96.01621836514546, 97.81616566785732, 99.93900335286936, 103.0913471108439, 110.93137882394161, 115.3110729240899, 112.81736373562585, 99.48382129020372, 94.23769957723314, 88.1672968170188, 82.76458696284561, 69.18656452242995, 61.4023647777261, 56.16336261864863, 55.32560388082496], [19.520210311329052, 21.879138631668503, 31.133579720352397, 41.40172213272547, 36.15100122763132, 29.98747066204904, 26.6407618106102, 43.30858901399928, 47.19064129632507, 54.30939700557337, 62.803937347409445, 74.11003850175688, 65.8733277113003, 56.8435905850944, 50.470408375305524, 0.0, 7.6774222927694336, 15.953786987244317, 26.789340810551067, 36.7969073932367, 36.2267466142102, 25.231716036702736, 14.83731424603122, 9.308624368721837, 6.061928762277649, 36.87872871428549, 46.03516126180993, 53.55321497116085, 63.96987979128591, 71.90766410994742, 69.91213326347217, 62.4009112229821, 54.62578364637641, 47.60849878225966, 41.44730616609609, 13.939588331379158, 26.04771162500157, 38.30325289691531, 48.07256808392055, 57.26664587376678, 60.327184167025315, 63.18515844054837, 64.46534360940892, 60.629213153754314, 45.637118227810404, 35.694748884944474, 29.952403403902213, 81.36617182293968, 76.86863240959066, 75.09605790804267, 76.68441511957664, 77.85328109435542, 82.73293012325297, 91.00075999607921, 93.371579360412, 93.41523992163376, 91.13043674612675, 88.66454952551729, 85.42245774232377, 80.82901657459834, 79.02124382312793, 80.72435273080579, 83.91603098105156, 88.36189509836427, 84.88555762100863, 81.73955824760608, 80.07265412600307, 61.39242010433357, 74.15654553294503, 84.53023899675698, 96.73114687098688, 109.67444505471721, 122.1604498575489, 124.93063743962021, 122.44783878681164, 130.0706132768964, 130.30259602659862, 127.5613964083737, 115.69891110556331, 108.90610404026289, 99.85679283852302, 91.2230960062995], [19.70690338736495, 19.095537202856796, 26.75705600141594, 37.14507252547536, 32.812912717673754, 28.66786003063202, 27.167789215758834, 49.88990739335312, 54.1080030477355, 61.387323635876854, 69.86948176003871, 80.82887659700874, 72.83086303101867, 63.790173447666206, 57.20621060596008, 7.6774222927694336, 0.0, 8.487438240495715, 19.601582161453493, 29.995891762552063, 29.586032887539975, 18.42639388714897, 8.940159941191094, 6.663994540831273, 9.569281677318942, 44.29023013635592, 53.287532989133304, 60.58632730719958, 70.76355259340232, 78.51245730776346, 76.77491272849603, 69.53497527733681, 61.87920771450777, 54.95462603890633, 48.84812945122102, 20.55212219675961, 31.190816106265945, 42.697937690560025, 51.07381603689605, 60.835615494540505, 64.6940452814406, 68.28181016596741, 70.04948819204711, 66.61377583639664, 52.02185071271632, 42.53757207366573, 37.33526815849002, 83.11116526644086, 79.45032927906963, 78.55005927192525, 80.83034786521378, 82.52815494421371, 87.71747164009288, 96.17990663124567, 98.14419856339163, 97.65626978403952, 94.87729675881712, 91.75497309664294, 87.91151232064888, 82.89703449441532, 82.08915017795923, 84.75467795149464, 88.5977096311563, 93.4329661640597, 89.54012477513793, 85.74261096223411, 83.12299477916127, 55.05374554129845, 69.2338355213713, 80.86637814894233, 94.35234703267054, 108.10938396063037, 121.83457351096732, 125.55151908925444, 125.51077505659062, 134.2095914665548, 135.13284934935376, 132.6023842820618, 120.97299063269244, 114.57672792693869, 105.45455976473235, 96.91119121945084], [20.889412586924916, 17.169817919892132, 21.96353961264595, 31.888404487488955, 29.013584146386137, 27.539470939748465, 27.913954421493795, 56.00361519402948, 60.68166917950326, 68.19718914575587, 76.63954947350611, 86.99035532666178, 79.33582796471417, 70.30611955444816, 63.46057841766958, 15.953786987244317, 8.487438240495715, 0.0, 11.194234686567585, 21.79278932695927, 21.60179820116316, 10.854954995367965, 6.323832238380223, 10.402263892030238, 16.038394421233722, 52.048018410380806, 60.85311317233778, 67.83384406937672, 77.56294544097247, 84.92056071744544, 83.46282935294235, 76.6389175218014, 69.22966212142698, 62.38593567377197, 56.36815512448834, 27.547456910622476, 36.639602494171555, 47.522567259471, 54.052207171979916, 64.50408199589984, 69.42642104086619, 73.72452502615272, 75.57541215615281, 72.25102356200262, 58.53952401662778, 49.30136460900888, 44.70802329309319, 84.28757351892466, 81.69091196314926, 81.80600712023954, 84.77736980071334, 86.95607504861374, 92.30923907148706, 100.7175745562105, 102.4110012433515, 101.41088954014482, 98.19733890156682, 94.43259749059388, 89.94545974771435, 84.44974063744802, 84.8544917400459, 88.52769138534052, 92.92257735104141, 97.9635776426329, 93.83229491251755, 89.47460633556739, 85.85628692864799, 47.16250964887968, 62.39270277068642, 75.31336501087348, 90.09645729723108, 104.79952281068381, 119.86056175573303, 124.65782949964081, 127.62072686298565, 137.07399210476115, 138.65988351876672, 136.29539580610123, 124.9486650587575, 119.13091690273153, 110.121987623685, 102.14168627031073], [25.725299233715667, 19.649903145496772, 19.125788643687585, 26.734624144124655, 26.696251633472894, 29.08425732537898, 31.344708183903222, 63.68755084775305, 68.8144401041832, 76.54163820212715, 84.85638394942411, 94.31718101401053, 87.20509030871439, 78.294592011692, 71.20103699209102, 26.789340810551067, 19.601582161453493, 11.194234686567585, 0.0, 11.016437151448693, 11.652851476415934, 6.813375997377291, 14.24483237485896, 19.94185073454219, 25.887928513220903, 61.802357249831324, 70.29672347052039, 76.80915264366986, 85.85563458067979, 92.61637357589214, 91.52981215352906, 85.3155939706983, 78.29665175003373, 71.60512180212925, 65.75547062878891, 37.07669133810959, 44.579370435513006, 54.812527853103205, 59.030229918119275, 70.20396952410675, 76.40312406749631, 81.39332058490048, 83.01075206148533, 79.56839604697906, 67.20358576128345, 58.095893259626074, 54.084693977098226, 86.53290609067241, 85.34977452273733, 86.69902640977622, 90.3971749342906, 93.03626700458526, 98.4109548881681, 106.49469735280428, 108.02497848232458, 106.4965541241795, 102.87797666789663, 98.43823190749677, 93.22295571745782, 87.16734377749009, 89.10506948807523, 93.89212527843813, 98.77096509570168, 103.84162618192954, 99.63704972613539, 94.77842885665106, 90.05324264770051, 36.37912046311889, 52.99065899968354, 67.8395728638312, 84.32007836275064, 100.36011549175377, 117.13249825424822, 123.3585258440017, 130.3608569981586, 140.27250350935654, 142.5098708589165, 140.2302420506665, 129.19035738183013, 124.0938784009056, 115.2644081190059, 108.16901590981377], [30.831976782249217, 23.77352737573814, 18.316043962164592, 21.491956558111454, 24.652705567053587, 30.54496080715099, 34.45143395127594, 70.08294356221312, 75.86412075554797, 83.82774895749608, 91.99673537327452, 100.44238318845385, 93.700858589935, 84.85507346356374, 77.56692642101424, 36.7969073932367, 29.995891762552063, 21.79278932695927, 11.016437151448693, 0.0, 3.3216776855291066, 13.038062807588938, 23.15750644383175, 28.945416040853203, 34.843588818299686, 70.83790561055625, 79.1685024659399, 85.36879321463705, 93.78929971395343, 99.91134002234097, 98.97513371053445, 93.2550359102598, 86.62725242286409, 79.97086126802299, 74.26187087067606, 45.38209962768223, 50.85556697744836, 59.97873221208082, 61.746043138074164, 73.35862348820093, 80.79162864361585, 86.45047242906523, 87.83462298099312, 84.49581255112136, 73.67985523927948, 65.14609148185613, 62.26938848537882, 85.88504779327265, 86.1386889472342, 88.72473769968299, 93.12918485347097, 96.23862069112991, 101.61693496356698, 109.37951506598127, 110.6122821134431, 108.50336925242124, 104.47976687332351, 99.39229723001002, 93.50753459097332, 86.978890820255, 90.43546837202769, 96.31097200892196, 101.67250977433588, 106.80169231103973, 102.48124024764834, 97.12271796777361, 91.31500103334096, 27.383792515320057, 42.806785973658485, 58.63511506931405, 76.34383025228271, 93.2946290883058, 111.45062836225617, 118.93558598417106, 129.7629120710074, 140.3826828580385, 143.57034748525183, 141.70368313944803, 131.4641147408369, 127.61343005302692, 119.6633442372284, 114.22787790122891], [29.191235911034546, 21.74410275608743, 15.432218483969567, 18.615898209380337, 21.634186056839322, 27.900101646469214, 32.36556110081283, 69.07059695442095, 75.12387939025814, 83.17906733917981, 91.3849202245435, 99.78027352225982, 92.8442059643462, 83.88338262431819, 76.56798380796218, 36.2267466142102, 29.586032887539975, 21.60179820116316, 11.652851476415934, 3.3216776855291066, 0.0, 11.803017821028993, 22.08479391841855, 27.918751874039856, 33.856491911401406, 70.40932041083147, 78.88504127276809, 85.23001961607613, 93.74072343756147, 99.87336850991271, 98.76200605392641, 92.91768045103815, 86.25591049059888, 79.4762722830813, 73.71710151979148, 44.22378834660217, 48.99127908126431, 57.57497405817136, 58.997565613669416, 70.54205125122479, 78.08372619939144, 83.89509103859803, 85.46236945360829, 82.44822509805135, 71.73885230724592, 63.667095119221266, 61.36961139827928, 82.79504754702548, 83.09503230541347, 85.79102728960932, 90.32080545140553, 93.56099106518015, 99.05043021653819, 106.97740115331183, 107.97805593593564, 105.72243383682188, 101.57913884035884, 96.38223542073443, 90.44072776376532, 83.90694386059423, 87.43977524090077, 93.46848554957366, 98.99827093838486, 104.307840619188, 99.79619900556655, 94.27243019840277, 88.31442930203535, 29.514028351726925, 42.67613329143742, 57.30071620306404, 74.56856757091566, 91.07408046136258, 108.98672284528371, 116.31411936539851, 126.89686900479965, 138.09568995339558, 141.6754216832508, 140.16176142970698, 130.35137440202124, 126.94168158209672, 119.5239305932417, 114.61238548175137], [21.996306673145405, 14.823655531384048, 13.930665017711823, 22.713126548110676, 21.423535670099486, 23.62251278005145, 26.950952193726973, 61.59222864429912, 67.29628399083816, 75.21472313009363, 83.62676810007817, 93.05764160642765, 85.47475772947759, 76.289948522763, 69.14726052329733, 25.231716036702736, 18.42639388714897, 10.854954995367965, 6.813375997377291, 13.038062807588938, 11.803017821028993, 0.0, 10.719412120483522, 16.982741019073337, 23.253367196484746, 60.81788023374286, 69.6709084880883, 76.54304523011241, 85.83599254433169, 92.66034670198546, 91.17290941850025, 84.64162092274272, 77.51307295872044, 70.53295786548539, 64.54989120026251, 34.236009736203165, 40.28031778646909, 49.40262757918081, 53.22260555964708, 64.19634679133685, 70.48758009389292, 75.78122341305668, 77.90319821019278, 75.2225103709156, 62.84895966204437, 54.76849535473467, 52.03695645297302, 80.42864739060992, 79.17264846065336, 80.62259814371066, 84.53778786081969, 87.43722674649696, 93.08814581091147, 101.60442542100418, 102.6284046789415, 100.81909320971157, 96.95953455586033, 92.33099387447395, 87.0582924323233, 81.04957701550494, 82.97599475820512, 87.99868333986896, 93.229630491193, 98.72684167356361, 94.07840493870017, 88.87739860363969, 83.92248581056504, 40.23019177882552, 53.453774966186444, 66.11006213540682, 81.61021575279217, 96.63758795846924, 112.77994635747004, 118.58327822642012, 124.75278689602636, 135.89850560870119, 138.92263752204576, 137.3796269283142, 127.21329462071387, 122.98649324563935, 115.24984340320651, 109.19079760049564], [15.9579672299505, 11.951078601953633, 18.08079437800477, 28.51025146112638, 24.425492627841308, 21.862436295043903, 22.549888485787903, 52.84876562412876, 58.202968556624334, 65.9627892666347, 74.46399037680665, 84.56796998953759, 76.57122501006738, 67.30361126361093, 60.35734110251694, 14.83731424603122, 8.940159941191094, 6.323832238380223, 14.24483237485896, 23.15750644383175, 22.08479391841855, 10.719412120483522, 0.0, 6.42165827331173, 12.787457153607589, 50.70683249484359, 59.77683337443518, 66.97781409052352, 76.73125267424004, 83.96649114494797, 82.16916256325415, 75.19052434685143, 67.80416539191951, 60.704046182909465, 54.60989836439121, 24.05099471067666, 31.522001830186117, 41.72634467130494, 47.859072379359816, 58.33021259512037, 63.50651864449301, 68.05011019676725, 70.04268451726033, 67.15490046976974, 53.69295251949095, 45.24030838212286, 42.04064296294525, 78.04593696206655, 75.38677326130014, 75.564512971237, 78.66254719844876, 80.99373992529667, 86.48349522627174, 95.10440025924841, 96.50496256941214, 95.32970947943005, 91.99709132185957, 88.1495452947305, 83.6465611261057, 78.17854894829156, 78.57051402506949, 82.38028992293106, 86.96448802400388, 92.2287101972466, 87.86268681321172, 83.32010445305394, 79.57061970098552, 49.50925938988853, 61.76420738780783, 72.78279441895192, 86.53336259104654, 100.39320247993693, 114.801708230886, 119.19138121586752, 121.50152982051867, 131.63241776661135, 133.79049620143687, 131.99446393219233, 121.3994479312438, 116.44380541605096, 108.5313239690881, 101.83687395171573], [13.508740791336884, 13.18103252285469, 21.90950642903669, 32.27764420382562, 27.208572836565708, 22.192625930054653, 20.701493722031774, 46.99287004016861, 52.15632073300542, 59.83948748926366, 68.36432945486578, 78.73027085600081, 70.56960320673669, 61.291409737702104, 54.45208781562501, 9.308624368721837, 6.663994540831273, 10.402263892030238, 19.94185073454219, 28.945416040853203, 27.918751874039856, 16.982741019073337, 6.42165827331173, 0.0, 6.367111333761722, 44.42858973095116, 53.57469131098775, 60.892469891015764, 70.78675486291203, 78.15014220433952, 76.18883051185985, 69.03783362813188, 61.581543997209394, 54.42520407969723, 48.300846327377215, 17.729287328966777, 26.310333998925252, 37.52360437876523, 44.96142725507798, 55.15535375807978, 59.74067049615059, 63.720349602513664, 65.28586131530808, 61.99198955116608, 48.150478068674296, 39.21946950242424, 35.68502066647543, 76.66956958974018, 73.25547244934799, 72.67386629964811, 75.19428091687817, 77.08083264858412, 82.32466829778083, 90.7902662506797, 92.57851201249981, 91.86590528071086, 88.9545541938835, 85.66298363981515, 81.65827535215386, 76.51694405740189, 76.03889453276858, 79.0376191216278, 83.07687149979117, 88.00984909424189, 84.00418696765364, 80.00724829823397, 77.06194655453044, 54.56081648918473, 65.9377638096932, 76.0212356548905, 88.70016909776848, 101.94908410893774, 115.32750890296504, 118.91477369562476, 119.14829561551214, 128.27493589799286, 129.7822441746546, 127.73858006461022, 116.84524495530594, 111.48040546686074, 103.51847959353596, 96.66403109616135], [13.73752854642872, 16.821776530228192, 26.641066810659908, 36.66805535669282, 30.98271331720907, 24.18159663996662, 20.641282201299557, 41.27295178455021, 46.19087213183689, 53.775499614749364, 62.317815772688746, 72.9572287487617, 64.6305444471372, 55.35547935009956, 48.65164586596251, 6.061928762277649, 9.569281677318942, 16.038394421233722, 25.887928513220903, 34.843588818299686, 33.856491911401406, 23.253367196484746, 12.787457153607589, 6.367111333761722, 0.0, 38.236651659740424, 47.45880217591549, 54.895891290638396, 64.92484572304028, 72.41143213691636, 70.27143736688993, 62.941563788235904, 55.41901435642874, 48.20249475610193, 42.0494093497079, 11.554269451016753, 21.766227830586057, 34.062645808734615, 42.83263125333166, 52.603147163352276, 56.51651043288632, 59.835350692252774, 60.872160345259914, 57.092929154222986, 42.905553885121954, 33.372856065148184, 29.381530270350286, 75.79145182061406, 71.63658937336805, 70.26792365158846, 72.1527386723247, 73.54174240676566, 78.48257832116539, 86.72896795840313, 88.94724075009596, 88.73638041149869, 86.28959196645408, 83.59958154184979, 80.13065477909876, 75.35096067535954, 73.98580295272387, 76.10819615914997, 79.5319367651551, 84.07025185630388, 80.48707886955579, 77.10427155804598, 75.02610940473856, 59.7337054771152, 70.29093138562747, 79.4981034485071, 91.12793738144818, 103.7605518455139, 116.10438909734148, 118.89811076547636, 117.07007115736197, 125.09869832849827, 125.90921868213363, 123.5946062324109, 112.39097938271523, 106.59499182730868, 98.58939049819581, 91.58994992243005], [45.16120098109188, 52.42490875432806, 62.722764182523676, 71.2613038625961, 65.2003138211448, 55.98056144958456, 48.45793390510267, 23.205745250361904, 19.4122562858114, 22.242562065907176, 29.615313134190732, 43.12902784557664, 35.171629199443025, 28.53648723612214, 25.85804335109068, 36.87872871428549, 44.29023013635592, 52.048018410380806, 61.802357249831324, 70.83790561055625, 70.40932041083147, 60.81788023374286, 50.70683249484359, 44.42858973095116, 38.236651659740424, 0.0, 9.61059064066871, 17.994735145298723, 29.42454824628541, 38.39873236969228, 35.399990446198444, 26.727413075907833, 18.397250375419965, 11.850931741638462, 6.579502652209056, 28.977502117193147, 34.59234653432249, 44.57461379935285, 56.485308821407834, 61.59945800579457, 60.6111914549702, 58.53307321969804, 54.9118624585299, 46.97554892025266, 35.37098436851417, 24.121452080632917, 13.485248385730682, 89.4485