{
	"dissimilarities": [[0.0, 8.591611720327798, 17.91872943510373, 26.07655338142487, 20.18493504230999, 12.564838071782457, 7.653373430184302, 40.830567602695965, 47.588515837638305, 55.861631038174075, 64.14533748158053, 72.72874413419888, 64.90637210564081, 55.607284209404476, 48.32444858628352, 19.439756819827092, 19.580880283018175, 20.890139541119893, 25.714848838677625, 30.71384992443951, 29.149198145491766, 21.974902026863965, 15.803634268116555, 13.128436771401422, 13.498813677579447, 45.037043957591905, 53.70637142812021, 60.2108393971458, 69.23900040514197, 75.03639684195377, 73.09120675464776, 66.88618611461973, 60.114513872089546, 52.91206786627503, 47.193798257713155, 18.632175844717036, 21.902513551325793, 32.185581991121005, 37.310018358263456, 48.1109699974324, 54.16746288983948, 58.67473416497606, 59.202262268734856, 54.95190911802239, 43.8930296478626, 35.59677802444246, 34.07510350960056, 66.73345422583257, 63.204868816806965, 63.55003554313804, 67.23849075422643, 69.0473147347173, 72.7827594418204, 80.17095557743657, 83.2786169239468, 81.56454059660075, 78.76508397012418, 75.44752474762653, 72.24414527235999, 65.69396540293256, 66.25725636399518, 69.80306389418683, 73.55367727195798, 78.65501338376932, 74.41723052108374, 70.66340680560297, 67.22286548017844, 54.14189414972345, 59.393948609223735, 66.56169314992566, 74.44446537927637, 87.92418656697126, 102.54158273822057, 106.71737782561665, 108.17783043821751, 115.54590773538192, 117.59597974466459, 116.49388480859429, 106.0049225987279, 102.29175555149028, 95.89560858634009, 92.83314129790377], [8.591611720327798, 0.0, 10.478596092659883, 20.550519458183892, 15.31370652797656, 11.659689917824489, 12.94524470951357, 49.32315502795517, 55.900478845605484, 64.05991356844848, 72.46105773472586, 81.2399009545937, 73.40970679453456, 64.08658958801261, 56.833238231286536, 20.8671664319229, 17.823907155731703, 15.983647024888247, 18.758579972967304, 23.24027189443607, 21.409379987175548, 14.01191671381371, 10.566753513994826, 11.756340288210827, 15.8484015147871, 51.953568204559915, 60.847008869824045, 67.57528887280739, 76.82556193385247, 82.90492738970566, 81.08899875109095, 74.7283851186322, 67.78485837635337, 60.570759327045835, 54.695290065991585, 25.003679588615654, 28.512570867135288, 37.30068129174915, 41.58161985786357, 52.40850463659902, 58.79439769112086, 63.95874214626559, 65.64176229973971, 62.32421896658134, 50.72238835268398, 43.20037026923766, 41.54498196417471, 69.31033307913214, 66.5344161168484, 67.6940373510221, 72.11139977235334, 74.57970306532259, 78.90788701545824, 86.87080357949195, 89.21335232174012, 86.86695855051784, 83.41606456140771, 79.31787658750861, 75.47818864926727, 68.60289404882074, 70.06788369088738, 74.61792657646578, 79.25298207569811, 85.05906476260839, 80.08735923644863, 75.46083551839655, 71.01702207017229, 48.49010396836168, 55.27335669672008, 63.920921215784304, 73.39216042303798, 87.65645538866657, 103.69936951326798, 108.86450239425432, 112.48512303826769, 121.75005321279794, 124.75556976010313, 124.07244227580412, 114.00030576421737, 110.57269977693973, 104.00404825642828, 100.41657410408497], [17.91872943510373, 10.478596092659883, 0.0, 11.120372083363037, 8.58326476441144, 13.435998537771765, 19.116939255719835, 58.44419567823241, 65.38405055977012, 73.69638851454512, 81.88878067936334, 89.99037892297342, 82.43870819477357, 73.19502209431276, 65.86612720399418, 30.473404533698904, 25.872265389406213, 21.02425991656629, 18.15967517420741, 17.364923355283434, 14.601778069768969, 12.824444190023481, 17.094375583754353, 20.97656995546474, 26.010684781224906, 62.34494535360165, 71.14231721091706, 77.72225574361283, 86.61735591376298, 92.3715769700609, 90.66959778981064, 84.62524495742493, 77.86595974116398, 70.69830512261727, 64.91611446559803, 35.33209062673388, 37.18788531764326, 43.98410642794482, 45.40791892534844, 56.19866753001208, 63.5497091222969, 69.66152370985102, 71.76618373825649, 69.41264285902727, 59.07623092319932, 52.5288390895882, 51.76250266001431, 69.12759882438696, 68.03566247989602, 70.69634958423003, 76.01081061622259, 79.19957674117816, 83.8601616532976, 91.91210851099181, 93.37891971241051, 90.2922242067631, 86.13791921007525, 81.10536972633916, 76.39171189775792, 69.05543076686432, 72.24582845295699, 78.24156191653836, 83.70869160002003, 89.84968133069252, 84.45879985165442, 78.99182358420126, 73.12066821315251, 41.78785339845336, 46.883599624878904, 55.77709935247994, 66.56218211499755, 81.69684498491897, 99.3233192955866, 105.80816996727508, 113.26906258442854, 124.32681845239095, 128.63879902256278, 128.54425191223496, 119.46002070230718, 117.23417681514465, 111.41694040000554, 108.82928490164487], [26.07655338142487, 20.550519458183892, 11.120372083363037, 0.0, 7.976538977760904, 17.822371092804264, 24.46540029136286, 64.31579069484513, 71.81574980287655, 80.3375376634097, 88.06186168801605, 94.94852668027077, 87.83067112460863, 78.80745989923541, 71.46289519030853, 41.242011182256775, 36.92357040622939, 31.806670033047087, 26.902267225400855, 21.524897670225982, 18.610265747021185, 22.52564170394182, 28.203145471480887, 31.835372477554806, 36.39680051882705, 71.06648950491245, 79.56414722774859, 85.76345330466006, 93.98996990409142, 99.01550448322087, 97.33417824444766, 91.87563955915182, 85.53547494632323, 78.46657305556325, 72.95903326971018, 44.278592256638056, 43.93816272971836, 48.935799943930505, 46.9304098007723, 57.43769573091544, 65.84782780078964, 72.72396400668396, 74.44533831012586, 72.81506598436967, 64.86096876312833, 59.25634344577578, 59.871088354754704, 65.60984047947419, 66.48098322408755, 70.68340101217785, 76.64649456022487, 80.30569496999631, 84.89918565294677, 92.51047227934664, 93.29366923727797, 89.66531880359709, 85.06152265105128, 79.35574681561668, 73.92158853620842, 66.22959203550437, 71.2478794252267, 78.48384040231856, 84.36818064748218, 90.33895296435841, 85.00810033884171, 79.09985618686048, 72.01346705409935, 39.535861178501705, 38.39158907716352, 45.007868284858525, 56.01147838618718, 71.70502466076906, 90.3936313953387, 97.9553756703467, 109.32230141922733, 121.37115354876609, 126.86963988519203, 127.38130604032645, 119.59745335622789, 119.07364686341332, 114.72660367497367, 114.22976209521597], [20.18493504230999, 15.31370652797656, 8.58326476441144, 7.976538977760904, 0.0, 10.259498295857648, 17.912229387914753, 58.32684040600659, 65.98444081154486, 74.51242149844114, 82.35904664416799, 89.64527612541958, 82.01635688238002, 72.77850310147592, 65.49230897540775, 35.914285561747064, 32.5292401246192, 28.86961478207804, 26.73333754813405, 24.629800703061544, 21.636530780866902, 21.23977625150218, 24.077372084980578, 26.734230448876303, 30.65281082119827, 64.9740984437676, 73.66481973742673, 80.0805786931499, 88.7888852431142, 94.02007711587466, 92.02953961835344, 86.21459952870593, 79.66712208322355, 72.44985658864269, 66.84640753637782, 37.59673089160486, 36.39140265618246, 41.107710554584536, 39.91757084373439, 50.54749774653852, 58.60737573527343, 65.30258099062569, 67.36388661134772, 65.8683703855522, 57.24064518058386, 52.05116483687858, 53.359908164054346, 61.2287827000138, 60.90664209021634, 64.35571166116009, 70.08456021506679, 73.63013985784164, 78.38981919162535, 86.43284128631389, 87.29243389357232, 83.8047506892386, 79.34088768524423, 73.93845850930525, 68.89651543711733, 61.40200269236706, 65.39845083604952, 72.09822412906362, 77.9296977697184, 84.19546190702692, 78.61579707502973, 72.7768598720278, 66.22291855893282, 46.149312910712474, 45.9937415647192, 50.9469107598292, 59.9470067164829, 73.92611833829153, 91.1129193161483, 97.45107128205659, 105.45159810232012, 117.58182616518081, 122.96489327024135, 123.74741855272882, 115.96929993606639, 115.27525318919312, 111.1385214607744, 110.54537425580384], [12.564838071782457, 11.659689917824489, 13.435998537771765, 17.822371092804264, 10.259498295857648, 0.0, 8.631377911642437, 48.7558455139211, 56.519132454828444, 65.02801376211266, 72.92342608526853, 80.53096594466835, 72.5054234747248, 63.12720069679128, 55.90843595219209, 29.70257526378815, 28.364046347895176, 27.39415072809086, 29.07142118501354, 30.53160688969018, 27.945826451579293, 23.518740555858727, 21.54332673233115, 21.717398466879658, 23.80816068463433, 55.73387896523382, 64.43719315259204, 70.91134183909156, 79.89631228581233, 85.20282983487037, 82.93354435824263, 76.89055993992184, 70.25755352695458, 62.965725746607525, 57.37217245871542, 28.367318503130765, 26.18432427804754, 31.680708330186476, 32.29964794599313, 43.25700509928809, 50.72039124164383, 56.77850009338233, 58.463653623688565, 56.39859710633762, 47.15666401673711, 41.80869262675566, 43.68035805221067, 57.95237248363201, 55.8885803799401, 57.955645864396374, 62.939815705040786, 65.90774038696065, 70.44304050361319, 78.53229618103079, 80.05450450084382, 77.16237894917319, 73.29504191437744, 68.73871325910616, 64.52920766975268, 57.45069656594566, 59.763327655730635, 65.20239358465584, 70.37064684029457, 76.44783838474068, 71.13100395133803, 65.96555650727372, 60.66546242146982, 53.62072096408515, 54.35970154191525, 58.279400821875264, 65.26295362221855, 77.74209245566352, 92.89541206275364, 97.65274612004941, 101.4284634761073, 112.17608357081183, 116.65946802179019, 117.23804746386432, 108.98382315677252, 107.72278112156637, 103.58725259518123, 102.88554720550901], [7.653373430184302, 12.94524470951357, 19.116939255719835, 24.46540029136286, 17.912229387914753, 8.631377911642437, 0.0, 40.463830904701474, 48.13453018088926, 56.669142533392666, 64.52755928599704, 72.14766289599773, 64.27836174381908, 54.97310821657341, 47.68559118326695, 26.327439511700508, 26.845349518738267, 27.769839179542434, 31.339782238154672, 34.42768623617919, 32.3842301751291, 26.84046228031144, 22.22228331852357, 20.160596561278588, 20.191769690120996, 48.17493262793178, 56.58134447142055, 62.80262939634082, 71.48728036397326, 76.64537991010083, 74.42536534272749, 68.55120075292643, 62.08645780404423, 54.89008224493905, 49.450172396792524, 22.102821310932548, 20.643709209384077, 28.749923163126574, 31.265199966625307, 42.28917612629092, 49.160523007697606, 54.24734808013515, 54.51128081977858, 50.94598579902203, 41.805780691155064, 34.96951102701549, 36.120428742111834, 59.48488148693515, 56.452978234587306, 57.38339335673095, 61.38911740637039, 63.45681756727572, 67.2246297374771, 74.56684385680506, 77.24107369492877, 75.22894920302771, 72.2242965771489, 68.67415860692725, 65.2651951614497, 58.57949120983515, 59.70408434303532, 63.780738729469235, 67.77190508863767, 72.91442460224161, 68.58618711911777, 64.58354625108484, 60.63679719103087, 56.68043041703085, 58.17240231883216, 62.48367693312075, 68.78484028700491, 81.22723762265886, 95.23682421751772, 99.15918328153542, 100.87640137182201, 108.9329179253654, 111.86473603346377, 111.5136257745407, 102.18678892724999, 99.97293980456838, 95.26309733180543, 94.31406474638027], [40.830567602695965, 49.32315502795517, 58.44419567823241, 64.31579069484513, 58.32684040600659, 48.7558455139211, 40.463830904701474, 0.0, 8.977768372119042, 17.302846082293687, 24.354834324408078, 32.74084911515597, 24.113894162381367, 14.817173572737987, 7.551437605560746, 43.167963793195675, 49.758525175329495, 55.946705571393274, 63.65042549875868, 70.03221700279646, 69.05677336155172, 61.55618271288826, 52.7474799071095, 46.82095765274104, 41.10951481884987, 22.771810047865934, 25.603476759527034, 28.699221784699127, 35.34190957805063, 39.03867710267608, 35.759348200588455, 30.53219763658551, 25.754550646612394, 20.114354660116465, 18.186441028981147, 29.431473764508226, 28.82001584230812, 36.23611180896595, 44.078107928686336, 49.16580964826254, 50.187959909911, 48.73540562295325, 42.214627404299065, 31.48581887249034, 27.190010265423364, 17.245342306408705, 16.587093897225184, 72.69752322669352, 65.5140550557243, 60.834562432054604, 59.26680772464149, 56.52369936544588, 55.922114978112226, 58.76342582627937, 66.6918293906792, 69.31959171791598, 70.85761295271702, 72.57617168616872, 73.48817489290445, 70.06022838047647, 65.17305765588422, 61.84034628460784, 59.44738897330272, 59.47963230912259, 60.40157495131011, 62.70348211363696, 66.05655244765505, 89.16831086590646, 91.55234348936827, 94.33803540563453, 96.26425495110195, 105.24310926522074, 112.46384190059078, 111.51512295159073, 100.27560638386876, 96.527999580913, 92.08885875493162, 88.1418736132252, 74.52286574809163, 67.39009179830225, 61.212781703891366, 60.02308569934719], [47.588515837638305, 55.900478845605484, 65.38405055977012, 71.81574980287655, 65.98444081154486, 56.519132454828444, 48.13453018088926, 8.977768372119042, 0.0, 8.639285319915588, 16.60261235840393, 27.042712923183835, 18.824002214210743, 11.044052511491785, 7.456438661490349, 47.19993421755897, 54.09638382580051, 60.69076984038081, 68.77573126745608, 75.77075151297214, 75.07541787411986, 67.2912329910397, 58.185286107557225, 52.1011618869504, 46.16085935721941, 19.265389648681207, 18.883149917863545, 20.398031449683472, 26.436628337955238, 30.43964778348637, 27.10950404995093, 21.612218396622893, 17.199115589281384, 12.691439009376282, 13.179880666453169, 34.72636068636276, 36.18801821575492, 43.84265826368777, 52.58915825455437, 57.13609983664332, 57.25573726971334, 54.85066637304901, 48.08889684591173, 36.9375139475178, 32.65037156181389, 23.152504370033864, 19.057017936014862, 81.09966174232704, 73.55433666858869, 68.27587421428846, 66.04557944035274, 62.711427045217825, 61.516055202829264, 63.48787094499771, 72.15414416186147, 75.50145824613564, 77.66071685744032, 80.01169260274824, 81.39302847702665, 78.33308143864755, 72.84414223730174, 68.62664920198661, 65.41363618750123, 64.64994044505384, 66.36952876289762, 69.49335626229472, 73.7146825766459, 94.3655826526917, 98.24070723438186, 102.10623269188312, 104.41179942459564, 113.69329320865245, 120.62084538041002, 119.36765640573971, 106.8356993749994, 100.9117174304137, 94.62935503319851, 89.41275721748437, 74.21375839481121, 64.64368190978972, 56.330084536489, 52.73386923460227], [55.861631038174075, 64.05991356844848, 73.69638851454512, 80.3375376634097, 74.51242149844114, 65.02801376211266, 56.669142533392666, 17.302846082293687, 8.639285319915588, 0.0, 9.008415647886698, 21.63882043321791, 14.125637911531994, 10.633880551745772, 12.84872188113265, 53.964191664243316, 61.04259790427371, 67.90806352895555, 76.25315533504543, 83.59146057808151, 83.02305192537479, 75.04262419639615, 65.74529520184717, 59.585813798181185, 53.524684472195695, 21.35035206195238, 16.902732249385572, 15.234311344559853, 19.361606680656358, 23.012566974084525, 19.08413353159789, 13.44753545660029, 10.859758610942372, 10.386418902014931, 14.767881500764659, 42.142446926651395, 43.982244958752446, 50.95838761252012, 59.99998328720921, 63.66337425415543, 62.83116605588461, 59.44252890881348, 52.26665486221197, 40.967208150975445, 37.75364084278853, 29.76714349711477, 25.425605162089678, 87.79981147383121, 79.83344095952774, 73.88955566467993, 70.8870025973491, 66.90781404690131, 65.03392072819194, 66.05948566913241, 75.36751976413561, 79.46132740803976, 82.31458357859304, 85.41609870937901, 87.39337221848913, 84.86138906722732, 78.64565579174236, 73.4168078959691, 69.28276694363191, 67.65531634154917, 70.22404084961231, 74.26866827596498, 79.48641458425855, 101.87177565147672, 106.31855712637301, 110.36343127778323, 112.42346412114516, 121.37137846083255, 127.48852613561878, 125.6020850937838, 111.08275629357169, 103.10347802500802, 95.21185080768939, 89.1113710242637, 72.93903108631538, 61.53840982233344, 52.08869798389487, 47.02365892541435], [64.14533748158053, 72.46105773472586, 81.88878067936334, 88.06186168801605, 82.35904664416799, 72.92342608526853, 64.52755928599704, 24.354834324408078, 16.60261235840393, 9.008415647886698, 0.0, 13.565924901661115, 8.546732127708696, 12.540066534551203, 18.088873269597833, 62.93325984024891, 69.95899569576541, 76.71163939296282, 84.84423903637759, 91.89604084625007, 91.32595777452613, 83.65448705137895, 74.51694881620354, 68.40091109866624, 62.39185382426469, 29.770120525979365, 23.72226604647669, 19.366169455813477, 18.05294980247829, 18.063404515563285, 13.427708430255143, 11.846701285123974, 14.807278709649552, 18.01997463366663, 23.33637676746861, 50.95291341442499, 51.96608699597195, 57.93488947918846, 66.00035561731833, 68.75468123340265, 67.46933337152848, 63.40612412033369, 55.07095382491616, 43.60883440483154, 43.576840761096186, 37.25298969666029, 34.30267042127552, 91.80668239068191, 83.87537881865333, 77.62098425751743, 73.87645080666128, 69.21068418154744, 66.28826258079943, 65.66727106069985, 75.74079440096935, 80.66289941542259, 84.33318007544842, 88.2493730046204, 90.8035653694287, 88.81835328461729, 82.24981367991032, 76.17522161864949, 70.9059531230233, 67.85357698466916, 71.78372221036864, 76.95016756223242, 83.0188708945694, 109.29836976592264, 112.79646211345991, 116.01958071314208, 117.13580819615309, 125.34371171409072, 130.15271499177405, 127.48251273655508, 111.42035941998965, 100.58698987581725, 90.92009937633462, 83.83895584924022, 66.89951278971576, 54.329970431812626, 45.063102788890895, 41.4697905983653], [72.72874413419888, 81.2399009545937, 89.99037892297342, 94.94852668027077, 89.64527612541958, 80.53096594466835, 72.14766289599773, 32.74084911515597, 27.042712923183835, 21.63882043321791, 13.565924901661115, 0.0, 10.840011935769676, 19.822913034244642, 25.737759308857523, 74.07135460517375, 80.77048007363598, 86.9803225550651, 94.33963458758576, 100.41395081542952, 99.75909263571911, 93.02640863129345, 84.5009110682187, 78.60267071758079, 72.87183523644121, 42.92645940484098, 37.10995543081126, 32.12402677941242, 26.821225388952346, 21.57974652088743, 18.562749904345154, 22.95205005434824, 28.026275561822874, 31.434030588922067, 36.39791685965374, 61.536860074693195, 61.05452921823961, 65.89773699593695, 71.60985647984948, 73.54675514099102, 72.51560824972242, 68.3047146101516, 58.147550155720964, 46.74723287424134, 51.69888028725332, 46.870134783126055, 45.87356471444915, 93.66337892562517, 86.5138103483833, 80.55170156147578, 76.23478051623468, 70.94562264298578, 66.56238775949512, 63.28366954974752, 74.21949125502076, 80.01430608665122, 84.59626608299251, 89.3089209867328, 92.3186212808245, 90.84704444514368, 84.5838583188117, 78.0545873434077, 71.49997736449654, 66.2801834816476, 72.2389284215301, 78.66572015918331, 85.22323232735963, 115.98786207377374, 116.96406559752882, 118.40199625472182, 117.87291256748723, 124.99252140616511, 127.96119326483148, 124.44420015748986, 107.93734169561885, 92.82547626919072, 80.81928932089222, 72.18825701515547, 54.2089770760489, 40.911569260172094, 33.78841992583759, 37.132864920172345], [64.90637210564081, 73.40970679453456, 82.43870819477357, 87.83067112460863, 82.01635688238002, 72.5054234747248, 64.27836174381908, 24.113894162381367, 18.824002214210743, 14.125637911531994, 8.546732127708696, 10.840011935769676, 0.0, 9.739738605201016, 16.68689512859942, 65.80357877328382, 72.75510699724613, 79.30139716566494, 87.17248110449472, 93.64109572544731, 92.81203213915948, 85.44199757887677, 76.5041753621347, 70.45808772531748, 64.53712379999834, 34.92894423433228, 30.41133542143707, 27.250852095160234, 26.473047752626535, 25.03907500318732, 20.54744185768216, 20.14931985475475, 22.32596958537848, 23.931156270159555, 28.241040337971775, 52.61063747493601, 51.467874588087675, 55.84635391964802, 62.43099125472235, 64.28618827944501, 62.88556620549277, 58.6153736818725, 49.22711034800552, 37.739852180252996, 41.07924462982262, 36.613626570460866, 36.6977950626003, 86.10193356814727, 78.27731520572502, 71.95270259772714, 67.81011928801442, 62.7972506531443, 59.24508044704777, 57.76994986558921, 68.12524430194968, 73.36939711294598, 77.4288523967343, 81.77421396286005, 84.6678485995759, 83.0887943921447, 76.37074925149118, 69.8976318270405, 64.01518184654537, 60.19260493046787, 64.84244778991271, 70.60320491378111, 77.0780446458921, 111.14893571460854, 112.55379022496658, 113.9053195322686, 113.63509271358741, 120.54519972164485, 124.11206548827518, 120.73691189814173, 103.52167519878297, 92.15659489964774, 82.71258171760928, 76.28718587381098, 60.43983038451095, 49.92356675955617, 44.31569140867918, 45.70625503332483], [55.607284209404476, 64.08658958801261, 73.19502209431276, 78.80745989923541, 72.77850310147592, 63.12720069679128, 54.97310821657341, 14.817173572737987, 11.044052511491785, 10.633880551745772, 12.540066534551203, 19.822913034244642, 9.739738605201016, 0.0, 7.390939044080664, 56.76199477171451, 63.70854105968001, 70.2683681329329, 78.2493799798366, 84.79129018672892, 83.85647478986083, 76.2638733579012, 67.23955737560901, 61.18443681200091, 55.2579947239926, 28.254794284978416, 26.15547041042164, 25.59182512336078, 28.854327654040492, 30.21286885551564, 25.87282392638573, 22.299858086997705, 20.81296032073347, 19.194836639149447, 21.701023381112098, 43.15227394776494, 41.73780958404107, 46.54597398965514, 53.74980575753814, 56.37256678439159, 55.46696420150734, 51.89672602463335, 43.41334292270793, 31.79082553694729, 32.627720431570836, 27.06574393714514, 27.701041668029525, 79.32305522177856, 71.41400843367708, 65.37809692543475, 61.97822817024931, 57.66052927039065, 55.21773950723793, 55.6430557593672, 65.14509520764658, 69.46013813559213, 72.6377874939417, 76.13885035875299, 78.4569776653302, 76.33379567427515, 69.92925645237415, 64.3088231406012, 59.609497684606424, 57.37067025705596, 60.51096330741311, 65.09562374015655, 70.7113578406954, 103.32742618360972, 105.03197505830465, 106.65252160555443, 106.99540132299599, 114.35456399991172, 119.08688465232377, 116.41836147917125, 100.66518490379059, 92.70917095045552, 85.57265334197177, 80.55817668192174, 65.9885729457167, 57.30476129528512, 51.88548509953578, 52.17032261439793], [48.32444858628352, 56.833238231286536, 65.86612720399418, 71.46289519030853, 65.49230897540775, 55.90843595219209, 47.68559118326695, 7.551437605560746, 7.456438661490349, 12.84872188113265, 18.088873269597833, 25.737759308857523, 16.68689512859942, 7.390939044080664, 0.0, 50.33894801268459, 57.08147889316816, 63.40176109370203, 71.1609819798432, 77.51491098785509, 76.54910853241864, 69.1071578004607, 60.259060345904, 54.292481162621705, 48.50154829786903, 25.449406042442895, 25.66070882147198, 26.89803567902065, 31.846537038498397, 34.32350574435011, 30.57146066564903, 26.198764938554046, 22.93723722078869, 19.070191637479315, 19.499349609800372, 36.60486047259015, 35.33327461051933, 41.20265014546051, 48.46569764363282, 52.23491916466368, 52.33389133220083, 49.80438079559083, 42.00320165849745, 30.536419802248854, 29.409211887498806, 21.89085000339843, 22.283046323540237, 75.33115502697069, 67.82905473784957, 62.482952410440014, 59.95427357670041, 56.36417103462175, 54.74046563230752, 56.260792652846014, 65.07215854887669, 68.58410387995443, 70.99089787400594, 73.64749118347254, 75.28686703025564, 72.52359660055271, 66.89600110626813, 62.38634386428493, 58.745770076526014, 57.51799040777434, 59.67224621597986, 63.20413270037716, 67.72347775892871, 96.1679315331507, 97.93911190108815, 99.94984952365742, 100.92365086573665, 109.01611667551278, 114.87979380175295, 113.02852519709182, 99.58721412316933, 93.56636202950864, 87.76418285321289, 83.26183603638793, 69.16246164124945, 61.4137006072558, 55.75352155560781, 55.63950708000253], [19.439756819827092, 20.8671664319229, 30.473404533698904, 41.242011182256775, 35.914285561747064, 29.70257526378815, 26.327439511700508, 43.167963793195675, 47.19993421755897, 53.964191664243316, 62.93325984024891, 74.07135460517375, 65.80357877328382, 56.76199477171451, 50.33894801268459, 0.0, 7.700534269300672, 15.901871653576157, 26.430347336310696, 36.47616684675352, 36.07452784610971, 25.252758711279725, 14.91776447632211, 9.524126875910197, 6.163268969812692, 36.870398674172066, 46.0322688159392, 53.43219022535616, 63.970637537545166, 71.57310448119205, 69.7929013174795, 62.296815145223825, 54.650564266758806, 47.660497390540755, 41.477041378511366, 15.38795239847619, 26.838684565654074, 38.35773670734929, 48.94320314721862, 58.29919590166928, 61.71351851380203, 64.45992350930281, 66.24480144369426, 61.312864758451326, 45.781356332388114, 36.32277303439011, 29.918160685689788, 81.25540595490868, 75.67105986316645, 73.99748309839615, 76.6375913327637, 77.79358888471022, 81.66793562458119, 89.65403391537888, 93.40500554482877, 92.37599063665537, 90.1213099265772, 87.62567444484351, 85.33291412700122, 79.55173557143301, 77.88700047431334, 79.65224684846902, 82.85644800948393, 88.2831476250214, 83.84129760675734, 80.66876363997572, 78.93743855094341, 61.478800421159335, 73.72797957905004, 84.27314823144455, 93.45740981646246, 107.0466991580385, 121.4451981014021, 124.98821894414223, 122.52464155571, 129.22122087558657, 129.73964031343598, 127.77458328761269, 115.44196854379145, 108.68225927265493, 99.29618268270205, 91.33178506797722], [19.580880283018175, 17.823907155731703, 25.872265389406213, 36.92357040622939, 32.5292401246192, 28.364046347895176, 26.845349518738267, 49.758525175329495, 54.09638382580051, 61.04259790427371, 69.95899569576541, 80.77048007363598, 72.75510699724613, 63.70854105968001, 57.08147889316816, 7.700534269300672, 0.0, 8.372090786171093, 19.124889866481997, 29.57796991148207, 29.35926812406591, 18.40349314433681, 8.988387732717914, 6.801954666655826, 9.582552621208299, 44.280539971483584, 53.28558443555028, 60.531079253286194, 70.7237935840339, 78.2056961071884, 76.65834578312422, 69.40478759911369, 61.890734723680865, 54.97998242266804, 48.85685766210642, 21.99239988201313, 32.007119267398565, 42.794553543971794, 51.970011230028824, 61.79709239821224, 65.96463817750936, 69.46675665600797, 71.69567441724797, 67.29656340018609, 52.20599666965537, 43.18710994613964, 37.32627372842237, 83.00019831462146, 78.29049114557644, 77.51507820502935, 80.82690370338236, 82.50771508233294, 86.71177085181557, 94.90990526200336, 98.16734268621715, 96.642623857662, 93.88214442789757, 90.72562661118288, 87.8296245758198, 81.64233476554, 80.99459114928474, 83.74215484941881, 87.59244353332748, 93.35989864611918, 88.54347840670981, 84.72508523379207, 82.02555273268044, 55.07179943274238, 68.67060832245755, 80.53398210856055, 90.97622261160544, 105.45958596888924, 121.0854577727142, 125.5640568891292, 125.56406213910118, 133.37288698240667, 134.56381558037128, 132.76096593611666, 120.68539001240933, 114.3233339152679, 104.88998391189057, 96.97283554612845], [20.890139541119893, 15.983647024888247, 21.02425991656629, 31.806670033047087, 28.86961478207804, 27.39415072809086, 27.769839179542434, 55.946705571393274, 60.69076984038081, 67.90806352895555, 76.71163939296282, 86.9803225550651, 79.30139716566494, 70.2683681329329, 63.40176109370203, 15.901871653576157, 8.372090786171093, 0.0, 10.818063276532497, 21.502525118015047, 21.51091827520931, 10.934547697896015, 6.30607444827739, 10.308521908664405, 15.974430270873793, 51.990006922246664, 60.82576045681998, 67.83836486771436, 77.53515383070868, 84.71668267082241, 83.39720363765402, 76.51640535462194, 69.2161233717078, 62.358189307551456, 56.32447364416499, 28.902004600618415, 37.52499597862623, 47.644544129492914, 55.00654107650138, 65.28453390695482, 70.34489183386107, 74.61027076396948, 76.95707648242985, 72.96303021692773, 58.751367994436656, 50.00819296202036, 44.71996035666424, 84.22104861977937, 80.61477366539779, 80.87034801584004, 84.83581010965969, 86.99102460904432, 91.3883392193372, 99.59387941569307, 102.41878869285708, 100.43365135970899, 97.21401380031074, 93.41700317824221, 89.89374732675557, 83.28047234270873, 83.82845823020372, 87.5978709407132, 91.99036404714164, 97.91455793206704, 92.895737798397, 88.52807114499913, 84.82481422324331, 47.36445293698832, 61.966219693368075, 75.14977727052555, 86.88083379336977, 102.36762027246613, 119.25327620612411, 124.76100353313822, 127.6976217983771, 136.37285034172862, 138.21002838423252, 136.52583286307396, 124.7772913251889, 118.98879960718729, 109.70563391213513, 102.26224779005047], [25.714848838677625, 18.758579972967304, 18.15967517420741, 26.902267225400855, 26.73333754813405, 29.07142118501354, 31.339782238154672, 63.65042549875868, 68.77573126745608, 76.25315533504543, 84.84423903637759, 94.33963458758576, 87.17248110449472, 78.2493799798366, 71.1609819798432, 26.430347336310696, 19.124889866481997, 10.818063276532497, 0.0, 11.121947414074974, 11.901151164323599, 6.549407311233438, 13.75512437172547, 19.419330424461116, 25.52228190185231, 61.558497829688285, 70.12962656592337, 76.79674856359863, 85.78854965513975, 92.50863781559356, 91.48080577619454, 85.13514709260471, 78.16117419336742, 71.40917559426018, 65.53498303461697, 38.12976253799188, 45.40685472774517, 54.8264672581888, 59.95291628304668, 70.60570824175556, 76.68417002046786, 81.72715400593735, 83.92685912141907, 80.24999632036203, 67.33332548735392, 58.77174571960456, 53.99302511696177, 86.48303975687327, 84.3361285820818, 85.82940841218091, 90.463306213921, 93.07170837651505, 97.53747024844178, 105.53059696732926, 107.94876629965788, 105.5087098791315, 101.84464358868544, 97.37894996018272, 93.15520487504037, 86.08317247383665, 88.1105701660086, 93.00397148895925, 97.86864806854315, 103.76948166953908, 98.71173571839367, 93.85725876366062, 89.05083308431664, 37.07747896157735, 52.977882254838185, 68.09132922956861, 81.53732684703556, 98.40062662844554, 116.81999207014766, 123.64757302249447, 130.45584002618523, 139.7920777989009, 142.26078300420477, 140.60305646804895, 129.2260461863196, 124.14220797763028, 115.0851207429684, 108.37743581740408], [30.71384992443951, 23.24027189443607, 17.364923355283434, 21.524897670225982, 24.629800703061544, 30.53160688969018, 34.42768623617919, 70.03221700279646, 75.77075151297214, 83.59146057808151, 91.89604084625007, 100.41395081542952, 93.64109572544731, 84.79129018672892, 77.51491098785509, 36.47616684675352, 29.57796991148207, 21.502525118015047, 11.121947414074974, 0.0, 3.242217174808313, 12.568989392313886, 22.655541453723615, 28.366139027338814, 34.451573862258556, 70.56954772544275, 78.98439440301358, 85.35301721230978, 93.73158939457042, 99.83876475223005, 98.91618439704988, 93.0969619247354, 86.44765349356895, 79.70456942784772, 73.98279760104737, 46.28065918725614, 51.70623561005921, 60.077509741976236, 62.67839667046901, 73.47879900808681, 80.57175889283161, 86.39343090606191, 88.36978791194564, 85.18820739198675, 73.92256941438738, 65.87242118387627, 62.19989871703131, 85.8323755484676, 85.26187442384698, 88.04852703724855, 93.32362365164205, 96.3862418079513, 100.87921717901898, 108.59712293021498, 110.48948702675304, 107.56192026662372, 103.46101586314856, 98.35005550001559, 93.45360894740848, 86.00258963722301, 89.5640645829047, 95.5849442833266, 100.89706786739525, 106.7345542397577, 101.66098196470537, 96.34182290799431, 90.42981533677978, 27.9503370475593, 42.6562872796189, 58.77254507734863, 73.52078700244924, 91.40919281230786, 111.10084439963622, 119.13620163704185, 129.79607938628425, 139.93830655144285, 143.31023886452436, 141.97152271293479, 131.43666188157584, 127.598460522461, 119.46261381599972, 114.33729031034197], [29.149198145491766, 21.409379987175548, 14.601778069768969, 18.610265747021185, 21.636530780866902, 27.945826451579293, 32.3842301751291, 69.05677336155172, 75.07541787411986, 83.02305192537479, 91.32595777452613, 99.75909263571911, 92.81203213915948, 83.85647478986083, 76.54910853241864, 36.07452784610971, 29.35926812406591, 21.51091827520931, 11.901151164323599, 3.242217174808313, 0.0, 11.555330733004787, 21.776448754146692, 27.513516679907536, 33.618871249992445, 70.24247516316284, 78.78576656136175, 85.23452690122035, 93.75603985227825, 99.80990515363891, 98.72844782453579, 92.84440540335027, 86.14550228224506, 79.29032401366192, 73.526362242977, 45.204011213969075, 49.89794252078461, 57.79465895688581, 59.9893171948726, 70.74113194222797, 77.93774296818364, 83.91528003060439, 86.05244337465003, 83.17412422668515, 72.08922879044542, 64.43594356038176, 61.39202602841324, 82.77249471592918, 82.27878922394461, 85.19680770204617, 90.59009415450069, 93.77902235598833, 98.3811897568034, 106.23020862967367, 107.90383998475188, 104.83773088250825, 100.6220556805907, 95.39937720332797, 90.43262327436908, 82.9681828802615, 86.63675920171934, 92.82103410481957, 98.29401141461437, 104.28237352833283, 99.0468618017054, 93.56860702564127, 87.49604119674682, 29.830805823928088, 42.35647113584525, 57.24008503117002, 71.51313591922884, 88.97870342815243, 108.51570576568803, 116.4373391648535, 126.93036040498626, 137.59240660967174, 141.3533004517959, 140.36674086050058, 130.24921027477058, 126.86096186698082, 119.25514564054387, 114.69018385307646], [21.974902026863965, 14.01191671381371, 12.824444190023481, 22.52564170394182, 21.23977625150218, 23.518740555858727, 26.84046228031144, 61.55618271288826, 67.2912329910397, 75.04262419639615, 83.65448705137895, 93.02640863129345, 85.44199757887677, 76.2638733579012, 69.1071578004607, 25.252758711279725, 18.40349314433681, 10.934547697896015, 6.549407311233438, 12.568989392313886, 11.555330733004787, 0.0, 10.644600857845921, 16.829450411804814, 23.202894719058182, 60.77671691901283, 69.66265033166893, 76.53180964769713, 85.87526641055923, 92.50490906678903, 91.12156801835718, 84.60192242945494, 77.4948673986442, 70.48246394613007, 64.49423078796451, 35.44848374319222, 41.167634470064854, 49.64835016133536, 54.212298935228105, 64.78237007311222, 70.99852631346113, 76.34086699316211, 78.96530704190616, 75.93150907309517, 63.190723107739885, 55.48621896281676, 52.105545357372996, 80.37991956965757, 78.22596547424219, 79.8748163591756, 84.72536168320389, 87.58682350994101, 92.3158415750013, 100.65130501289327, 102.62643842266789, 99.91351970991536, 96.02367557899123, 91.36020170226176, 87.0407911024463, 79.97458929598632, 82.07593999734722, 87.2340072125577, 92.43750431394848, 98.70345316836385, 93.265268274194, 88.0786546171093, 83.01169000966235, 40.287031267406995, 52.913046123802346, 65.80112526987809, 78.22099716746683, 94.11792660143738, 112.10142394090427, 118.61169298774166, 124.79602162904406, 135.2091530640191, 138.45527908522263, 137.52824824034485, 126.98873172605458, 122.79544819081107, 114.82071415174983, 109.24416781389178], [15.803634268116555, 10.566753513994826, 17.094375583754353, 28.203145471480887, 24.077372084980578, 21.54332673233115, 22.22228331852357, 52.7474799071095, 58.185286107557225, 65.74529520184717, 74.51694881620354, 84.5009110682187, 76.5041753621347, 67.23955737560901, 60.259060345904, 14.91776447632211, 8.988387732717914, 6.30607444827739, 13.75512437172547, 22.655541453723615, 21.776448754146692, 10.644600857845921, 0.0, 6.370739955829699, 12.789485809377089, 50.70313726659412, 59.788044175110606, 66.90014922247866, 76.77028529777213, 83.71558703878883, 82.07366339310089, 75.15081312794284, 67.80899332339555, 60.70160158367591, 54.59935501511649, 25.35820239744665, 32.38492254254924, 41.94422244960548, 48.81568903931006, 59.13259865257411, 64.40213363268603, 68.92385578830985, 71.40239501152656, 67.8422707360032, 54.00405912021419, 45.91007761887938, 42.09096896905791, 77.95008183528294, 74.3192484946942, 74.67652846639871, 78.7708949312713, 81.07304969920663, 85.5989837064073, 93.9759082240236, 96.51988702418139, 94.36861454515002, 91.03214391935015, 87.14681309238199, 83.59274196006116, 76.98610598530934, 77.5680448037566, 81.4982919648597, 86.07112063931699, 92.17839231656991, 86.9631988078612, 82.41775383001713, 78.5609327997792, 49.44253781697314, 61.154326944782305, 72.3539354611709, 83.01791736249089, 97.65766801657385, 114.00112641619378, 119.15653709547104, 121.53284307477314, 130.80839181322142, 133.2149906143772, 132.10133926137635, 121.08245706610364, 116.16534419629743, 107.97329207069504, 101.85678068085004], [13.128436771401422, 11.756340288210827, 20.97656995546474, 31.835372477554806, 26.734230448876303, 21.717398466879658, 20.160596561278588, 46.82095765274104, 52.1011618869504, 59.585813798181185, 68.40091109866624, 78.60267071758079, 70.45808772531748, 61.18443681200091, 54.292481162621705, 9.524126875910197, 6.801954666655826, 10.308521908664405, 19.419330424461116, 28.366139027338814, 27.513516679907536, 16.829450411804814, 6.370739955829699, 0.0, 6.422324088757508, 44.460712888463696, 53.60721932457055, 60.77843009061132, 70.81856900452969, 77.82524462722236, 76.04879194314032, 68.99749619613549, 61.5941237372765, 54.440620715660735, 48.31228225267412, 19.108430786760014, 27.240507204050534, 37.78427412605095, 45.91835420686853, 56.0493419115368, 60.797699180325644, 64.74604256586355, 66.78540754444091, 62.696942082764174, 48.51749206319615, 39.933040101496374, 35.745735399983154, 76.53556173822616, 72.14663529417903, 71.75339027448456, 75.30314793209804, 77.16085248889654, 81.39802471465637, 89.57642808676192, 92.59426527384258, 90.87468481708152, 87.97176668597344, 84.64298307262655, 81.58584307229039, 75.27101588921236, 75.00511417219309, 78.12716928046189, 82.14939921376461, 87.94309781498994, 83.07412394248891, 79.07871980583887, 76.02129123952045, 54.31882240095724, 65.16986098285601, 75.41280781759427, 85.04588970873307, 99.04837591831986, 114.38654568802596, 118.76915735086062, 119.13909435336667, 127.33427758373942, 129.0900203469839, 127.74553818245137, 116.39782363567885, 111.07712294278946, 102.81416284837188, 96.60078870480126], [13.498813677579447, 15.8484015147871, 26.010684781224906, 36.39680051882705, 30.65281082119827, 23.80816068463433, 20.191769690120996, 41.10951481884987, 46.16085935721941, 53.524684472195695, 62.39185382426469, 72.87183523644121, 64.53712379999834, 55.2579947239926, 48.50154829786903, 6.163268969812692, 9.582552621208299, 15.974430270873793, 25.52228190185231, 34.451573862258556, 33.618871249992445, 23.202894719058182, 12.789485809377089, 6.422324088757508, 0.0, 38.23267194441818, 47.465075791476075, 54.72275990037211, 64.9922414312981, 72.08553665262778, 70.1415055829243, 62.916924655100146, 55.42669126353993, 48.21653392059507, 42.049736871675094, 12.949171382345707, 22.705907820908063, 34.24829559767299, 43.769739142513494, 53.5284288944493, 57.61440619331378, 60.877244121839496, 62.45625762217096, 57.80262948551796, 43.20769796445681, 34.07354253609861, 29.40200383696176, 75.67047329079791, 70.48845503886442, 69.27263614584945, 72.20581533057184, 73.57131221811424, 77.49101163234576, 85.45433882142699, 88.96582343314768, 87.71372979140578, 85.28232058171217, 82.56124884665245, 80.05123020364599, 74.09274155970903, 72.90462338053992, 75.12619911269614, 78.54127413386607, 83.9978714904233, 79.49926959673638, 76.10995109612271, 73.94038584103082, 59.6791846389463, 69.7727949679772, 79.09037444791821, 87.7023574965215, 100.99884643931142, 115.2833998394191, 118.86420824768689, 117.10500409133473, 124.20037034513385, 125.28017273576653, 123.71333479438532, 112.04059777516275, 106.28299280192532, 97.95530415882686, 91.61388496479731], [45.037043957591905, 51.953568204559915, 62.34494535360165, 71.06648950491245, 64.9740984437676, 55.73387896523382, 48.17493262793178, 22.771810047865934, 19.265389648681207, 21.35035206195238, 29.770120525979365, 42.92645940484098, 34.92894423433228, 28.254794284978416, 25.449406042442895, 36.870398674172066, 44.280539971483584, 51.990006922246664, 61.558497829688285, 70.56954772544275, 70.24247516316284, 60.77671691901283, 50.70313726659412, 44.460712888463696, 38.23267194441818, 0.0, 9.576697824170136, 17.442841164379416, 29.395564808649265, 37.65395799224928, 35.05872936580425, 26.485835063274592, 18.40946228258748, 11.992757168004072, 6.699993325299437, 28.30614900654414, 35.04644706892308, 44.61065947357167, 57.13511318556228, 62.5727387618345, 62.045704095130695, 59.94526482034323, 56.962519189133985, 47.772218208742885, 35.56902436542285, 24.88315289446621, 13.333450230587767, 89.29982403588637, 8