{
	"dissimilarities": [[0.0, 8.353909947897568, 18.031609954716465, 25.83064742320488, 19.749820352041713, 11.794571167388579, 6.600452998139899, 40.70774986042585, 47.619013749853266, 55.91383459782741, 64.17325674620066, 72.57008680216423, 64.79072442530067, 55.47721429198663, 48.18063711332536, 20.67259181828437, 20.90920106329522, 21.99704921129009, 26.464608299158122, 31.19199830137393, 29.491388188264093, 22.659947818521164, 16.992957979178463, 14.603479862231397, 14.81983087181797, 45.626364855375414, 54.221172469708335, 60.792742462724206, 69.28343180248302, 75.33712932595002, 73.2757453375703, 66.95605901611951, 60.46213045614431, 53.34084835730175, 47.669345289374185, 18.828818887051973, 20.633320807171152, 31.57173263190641, 35.31363341395019, 47.186663929032896, 53.86836897598974, 58.03522603404207, 57.78019327135321, 53.55210444575565, 43.07540915396685, 34.52345805695532, 34.21787507073463, 66.76204842329007, 63.239609362542375, 63.509562781450605, 67.18415588888506, 68.99334335697762, 72.78669145382159, 80.25309040856672, 82.4648480171941, 81.63247332533156, 78.86050264636701, 75.55630220102165, 72.30113105858835, 66.77975915709087, 66.29512688086552, 70.6823661409011, 73.57551395129477, 77.85444894010165, 74.46608036252523, 71.5952336206624, 67.2578709751665, 54.094556092844044, 58.86101549956707, 67.10153193244045, 77.22576796098241, 89.65784667459437, 101.26576247048821, 104.88802357341147, 108.80595907422797, 114.11426175662895, 117.37068135135775, 116.30235230144183, 105.98130755698133, 102.16511063172571, 96.1779524513492, 92.70142577807883], [8.353909947897568, 0.0, 10.360929593929784, 19.41946705873055, 13.641114351014476, 9.470110565995624, 11.312461361433328, 49.043746981221624, 55.8793580826247, 64.13922309250697, 72.46309629909418, 80.90751876042438, 73.13818431089634, 63.80291310814867, 56.518638465539325, 22.896757461536687, 20.30757352888508, 18.452853108983877, 20.539304123763955, 24.158056756349303, 22.06082754914205, 15.7123344572201, 13.238019881164742, 14.25411398225144, 17.684527405393986, 52.82546707827823, 61.63270281812471, 68.373343366454, 77.10099845164684, 83.30484076053932, 81.35174961646459, 74.96362399276695, 68.29343110811772, 61.13527786041073, 55.33044963857238, 25.037547505231675, 27.27939225507922, 36.337643708688624, 38.93036921370899, 50.73856723249913, 57.814325798381454, 62.77221798091958, 63.68442262387885, 60.53971260179913, 49.78189858464594, 42.19765320213792, 41.846812932952446, 68.30425135828827, 65.65774628685718, 66.86437120613239, 71.32216026383882, 73.82647512565661, 78.19536189810931, 86.19807447890778, 87.61803986048609, 86.08237393290464, 82.62800584368006, 78.50161410892346, 74.57200341030001, 68.68259539046815, 69.2358497125345, 74.69613328975409, 78.52777505873922, 83.52673126876341, 79.37710941960509, 75.57663729970822, 70.1759705972354, 48.4612871387035, 54.093778998204286, 63.50776927489919, 75.13089427527893, 88.21510597994862, 101.17607779773205, 105.80644588322981, 112.0496088853316, 119.35169908935656, 123.63938002425108, 123.06400892206489, 113.29742973981912, 109.97329452523563, 104.00700790377601, 100.33396841152407], [18.031609954716465, 10.360929593929784, 0.0, 9.889059889295996, 6.437305326964927, 12.193559483472574, 18.47112433734639, 58.34534404701768, 65.50477839308328, 73.83742052967072, 81.96978129737496, 89.82333426013788, 82.2972103228366, 73.0482417576492, 65.71353063653712, 32.05010975625085, 27.854593074723816, 23.251609892918424, 20.315472516518657, 19.06610757009941, 16.167830298471376, 15.269497098079558, 19.270848005499005, 22.81409689701922, 27.406280526483137, 63.15696962837451, 71.89650870020483, 78.49380981153355, 86.92757107615607, 92.80468208499987, 90.9905620009056, 84.88531938168467, 78.40331413937155, 71.29874454438425, 65.56334782662822, 35.32049530983193, 36.32431857220843, 43.203715965752416, 43.08543623734044, 54.9311225566894, 63.017269031829315, 68.81871729423169, 70.23584630349623, 67.85696251972392, 58.22086836403147, 51.69086657507012, 52.06642692285621, 68.18940991943087, 67.18355362557621, 69.86128175376929, 75.21585225120239, 78.44754221328552, 83.17270282772228, 91.2658883996266, 91.94254237776083, 89.56350746533141, 85.41346061677054, 80.36209382988605, 75.5307451706442, 69.11578025620017, 71.43538628333366, 78.2396924745934, 83.00846390213954, 88.46797946507954, 83.7827534110102, 79.04198644313516, 72.29962991858821, 42.22734664118096, 45.94651207216087, 55.59674971275331, 68.53556204741393, 82.34835555671978, 96.94211681705349, 102.92765194441704, 112.8160976402886, 122.16592100765492, 127.67686999259236, 127.7222705186164, 118.95696432741553, 116.83883487207798, 111.57766089814993, 108.93586026569496], [25.83064742320488, 19.41946705873055, 9.889059889295996, 0.0, 7.420898642875532, 17.44932937668204, 24.30408489297585, 64.30515780692687, 71.93703817383789, 80.33419243622498, 88.07346088684851, 94.95739180640427, 87.7961451845132, 78.7530718914868, 71.41811023696967, 41.817231229434796, 37.68406928014514, 32.63797071165493, 27.65721436920721, 22.50288071574795, 19.59105029794375, 23.541889335774112, 29.08190630635911, 32.64808520138302, 36.981298986353224, 71.44171554971425, 79.92512329538708, 86.19287200695845, 93.9940540514573, 99.24271503415984, 97.5045509716893, 91.87051164859706, 85.82958224287248, 78.84266244859842, 73.32957511677199, 44.026359717818956, 43.18884549231286, 48.358599752828866, 45.306319731170284, 57.17299374785485, 66.37992372555398, 72.69000899772664, 73.80373266555773, 71.687246961595, 64.00889677328537, 58.36903807689588, 59.85783621352005, 65.58827427950514, 66.313941741535, 70.35651861768692, 76.31213842865027, 79.98642205216407, 84.69261394502341, 92.38292954909484, 92.64020904826751, 89.63249773650277, 85.08367180383085, 79.42430887489363, 73.87022558759686, 67.01593431427175, 71.08071053008385, 78.8940068303052, 84.18900110443472, 89.6552946013396, 84.8816495840967, 79.60159667667693, 71.84340684929847, 40.2068268146686, 38.320619900182145, 46.179071528954275, 59.40296511526887, 73.64260468295876, 89.38562303276805, 96.45554545585092, 109.7221326540956, 120.31769142547512, 126.78621007799137, 127.39599868286466, 119.7834202249128, 119.18458608324802, 115.14403242864765, 114.37609528296385], [19.749820352041713, 13.641114351014476, 6.437305326964927, 7.420898642875532, 0.0, 10.29615856655146, 17.93203320095714, 58.379350991622296, 66.07098881771952, 74.45795527811082, 82.33232037428618, 89.65025658368843, 82.0652473606727, 72.83076254859041, 65.53943054831156, 36.232732966841425, 32.90271307880642, 29.143384753281374, 26.74640509984858, 24.636035624112925, 21.626703616068767, 21.540961740681755, 24.550590628436744, 27.24679254163589, 31.04217233984977, 65.22959822155227, 73.87985487924192, 80.41440337144701, 88.56401479291071, 94.10451616281146, 92.08407624797749, 86.08346593153004, 79.8467311574276, 72.71861944948165, 67.12093606430791, 37.41050684741206, 36.04762829919668, 41.176328776627635, 39.10408900645832, 50.98632171436934, 59.76816112069738, 65.90815088612038, 67.24494343719316, 65.3291504318112, 56.912265469827275, 51.53463303349799, 53.3836113584726, 62.27145438641243, 61.82644536975716, 65.0785468816829, 70.74323327212105, 74.24293844308774, 79.05054598475532, 87.12998611599427, 87.43118233198336, 84.69979101699117, 80.3284352483713, 75.00909520606079, 69.91191133218959, 63.34421757117097, 66.29020931225294, 73.56395766737718, 78.65985885895265, 84.27232138051747, 79.3928289136082, 74.32392450625738, 67.1155389429691, 45.70256878530958, 45.3131744808891, 52.11951136131031, 63.71255632834587, 76.65206188099087, 90.78747504686046, 96.6496036803892, 106.93001643750691, 117.13433575346752, 123.45356157763091, 124.16676837173027, 116.34542113096548, 115.4313754171191, 111.4315549798072, 110.30807197410671], [11.794571167388579, 9.470110565995624, 12.193559483472574, 17.44932937668204, 10.29615856655146, 0.0, 8.638509789862953, 48.7821255602273, 56.559480709525545, 64.91110254221616, 72.8418770700416, 80.50743632136601, 72.53915715014176, 63.16049300189354, 55.936544551453636, 29.96244685732315, 28.652097747456395, 27.566202261244804, 29.083609753735814, 30.546237949725104, 27.909666013554602, 23.63855457983326, 21.872655084504693, 22.128172341871387, 24.137187206591015, 55.94491140030755, 64.6079096723915, 71.28361854520234, 79.60265970452024, 85.31144280369368, 82.9803680086801, 76.695039253656, 70.38994457540618, 63.17592901088237, 57.59355212403976, 28.339170225849646, 25.792767147861785, 31.702315099938776, 31.344088468511906, 43.48401741468486, 51.665005880720756, 57.21270684741808, 58.11853747907617, 55.811712925825226, 46.78057000097144, 41.28881838951594, 43.675306594035696, 59.01000971385423, 56.863912057002466, 58.74647927886313, 63.66233389468015, 66.5843034151501, 71.16693250430255, 79.32463536847692, 80.13970543385322, 78.09085480802733, 74.29923274577276, 69.80931199962052, 65.57112041252357, 59.50889673085922, 60.70753252832062, 66.80634862307777, 71.15625963586157, 76.49748633246476, 71.95563197060305, 67.64032026829372, 61.611250645843015, 53.219334370670786, 53.78817935436016, 59.47262505133312, 69.02327926975806, 80.60563181421863, 92.58949751302548, 96.81241507406712, 103.05477422627769, 111.66906966844775, 117.22475142314147, 117.72580438187612, 109.39311073890023, 107.91494943872921, 103.93869624725113, 102.5961249116842], [6.600452998139899, 11.312461361433328, 18.47112433734639, 24.30408489297585, 17.93203320095714, 8.638509789862953, 0.0, 40.494547796783245, 48.19360487368433, 56.57388979468303, 64.47050823601329, 72.1219637639414, 64.31020959449631, 55.006652392586744, 47.71373822832937, 26.652255809205375, 27.18615052847177, 27.969068285642944, 31.35178070197993, 34.44233484909257, 32.36355766748317, 26.98296464005707, 22.592951611205894, 20.663862246962786, 20.6277314513013, 48.43962916721252, 56.79269392140143, 63.178260230932885, 71.18760826408845, 76.74012083190112, 74.467153693063, 68.36260572305106, 62.253299641149, 55.16083261746099, 49.734581833354625, 22.399569343754283, 19.99434630856628, 28.782984969951844, 30.18954832919275, 42.56475457607862, 50.190114958703624, 54.72289462036761, 54.14759629479824, 50.225284765676044, 41.35129763797117, 34.21568667372886, 36.10842853076768, 60.5579308398607, 57.455097750249536, 58.2102580684149, 62.15350326754406, 64.17929766169449, 68.00191678285215, 75.40230871035942, 77.34666371613122, 76.21276828419114, 73.28377048865555, 69.79316753853155, 66.33324128582656, 60.662964802110764, 60.684157316071754, 65.47109727511605, 68.611707452893, 72.9706786707609, 69.46959114995077, 66.34950972127831, 61.61672336000678, 56.308940925115984, 57.67730329130716, 63.56828227414658, 72.33233890719505, 83.91872436340755, 94.93789823356924, 98.34399788545481, 102.49760440083705, 108.42380868273871, 112.42532767262287, 111.99914771111231, 102.63041458456574, 100.15899033208078, 95.61553130380666, 94.00831898378932], [40.70774986042585, 49.043746981221624, 58.34534404701768, 64.30515780692687, 58.379350991622296, 48.7821255602273, 40.494547796783245, 0.0, 9.033502278948127, 16.9079909044005, 24.156757392159363, 32.6682211086986, 24.133101195940256, 14.819954278835748, 7.5606548854942455, 43.27661766686081, 49.86807968832039, 56.00274259998209, 63.680207711462984, 70.08335194880081, 69.07543102817417, 61.58648647809321, 52.84076326733724, 46.95558731859971, 41.236382728871284, 23.09990373418643, 25.87034241426549, 29.355455738503995, 34.688244559728965, 39.20105405008066, 35.792455314048254, 30.03211412069372, 25.979480183883666, 20.596768182216984, 18.677100615691884, 30.845195787330805, 28.304766872292394, 36.166143629286175, 43.296240430169156, 49.1603923934166, 50.808787542170904, 48.93530593761197, 41.44729756545102, 30.22495915370873, 26.378767881333165, 15.587196031953408, 16.387057195797574, 73.59368995288123, 66.38583192486142, 61.6103658533061, 60.042334584360596, 57.314013067517, 56.838253052173044, 59.8420744644708, 66.75358251114164, 70.36579281055576, 71.90554931364623, 73.60018198144495, 74.43786439533874, 71.86613150886485, 66.06580275566921, 63.59612399774152, 60.380822111680885, 59.505063706623595, 61.37466737950012, 64.52598815363446, 66.95342578522089, 88.99190500773572, 91.3546522593473, 95.25652201557448, 99.14118942919238, 107.6138674812566, 112.30125034815929, 110.83426779685873, 102.00729152676165, 95.99147601999256, 92.84818231161114, 88.84810583566802, 75.24376696060997, 67.75592287216028, 61.84830555749223, 59.583812059692704], [47.619013749853266, 55.8793580826247, 65.50477839308328, 71.93703817383789, 66.07098881771952, 56.559480709525545, 48.19360487368433, 9.033502278948127, 0.0, 8.402144963402204, 16.658338057821826, 27.099985018009217, 18.921993383106393, 11.076487593709254, 7.572057019621616, 47.1813360903925, 54.10296884238088, 60.68654850269412, 68.80704933345683, 75.85912410178256, 75.12470499486867, 67.29116924306396, 58.20378424075521, 52.13846005458756, 46.17581997331617, 19.343040182417884, 18.96087097560977, 20.9164802033311, 25.75612897960097, 30.755980026885833, 27.201904548082585, 21.075712452076157, 17.305920226046954, 13.084599949292638, 13.478946533048083, 35.84696173864216, 35.54980861921354, 43.64610159257568, 51.794798263193236, 56.8624833745799, 57.32580264668979, 54.55494315220017, 46.96985295634523, 35.673390620726735, 31.800269829697058, 21.597961685257452, 18.681740813971, 81.97401170983458, 74.37440241061906, 68.98871399874045, 66.75659612882126, 63.44582094794239, 62.39618516343462, 64.60110170573371, 72.16419718922437, 76.50138083816088, 78.64008347915896, 80.95935183432402, 82.29595129574913, 80.096369059803, 73.67357590377597, 70.31570499809483, 66.2936279129156, 64.64788394305215, 67.28254548793636, 71.23954040793083, 74.55122820915767, 94.31641116347473, 98.29012317910627, 103.17520014463776, 107.39513122756343, 116.14296448731903, 120.63443969644634, 118.86138277560208, 108.62171963733648, 100.51617984999392, 95.56883014719274, 90.34919207353296, 75.27546880919722, 65.30172369607291, 57.316027369554426, 52.42241692055782], [55.91383459782741, 64.13922309250697, 73.83742052967072, 80.33419243622498, 74.45795527811082, 64.91110254221616, 56.57388979468303, 16.9079909044005, 8.402144963402204, 0.0, 8.982020539469834, 21.155318898569238, 13.445800701077825, 9.654559946231934, 12.156340017898724, 54.269119737477986, 61.35723825652831, 68.18371930643627, 76.53259686297393, 83.83416967537782, 83.18995423351953, 75.2014766323589, 65.94585606488528, 59.80599401161261, 53.73896253070898, 22.10717227212522, 17.937468597148545, 16.924850428663557, 19.368466667399513, 23.956480662183022, 19.654079663086264, 13.446272703309903, 11.978046166658652, 11.634602133594772, 15.64093127252799, 43.3461648182584, 43.26632866939883, 50.40621307521073, 58.72679637705359, 62.66957724316558, 62.08427038995732, 58.36291755550199, 50.2728827270724, 38.93945087053462, 36.57643557903633, 28.32930144859873, 25.36404767338216, 87.83294416348647, 79.83807900867811, 73.7995765243193, 70.76073238611338, 66.77173928057881, 64.9745635126267, 66.16821921518688, 74.37439122538996, 79.47961558998541, 82.33938959964055, 85.44397809692252, 87.41970060997403, 85.74837911878925, 78.63370784299636, 74.213739351937, 69.23385519284153, 66.65243643435866, 70.19832825143483, 75.10835567405337, 79.47612169132387, 101.9785880773236, 106.24161550205132, 111.01126555722787, 114.74009092946635, 123.04953902520793, 126.65858738736678, 124.18177976474517, 111.83904458155828, 101.61661844268794, 95.12630936219662, 89.09965122610639, 73.19275278166964, 61.60497251574426, 52.89813129913953, 46.95306418861923], [64.17325674620066, 72.46309629909418, 81.96978129737496, 88.07346088684851, 82.33232037428618, 72.8418770700416, 64.47050823601329, 24.156757392159363, 16.658338057821826, 8.982020539469834, 0.0, 13.0499569828463, 7.603163985731794, 11.855505676671411, 17.701282975153017, 63.221063988418706, 70.26335652073004, 76.98440217690573, 85.11226183879054, 92.14219799171063, 91.5080672169879, 83.83355777097614, 74.73151239527152, 68.63536762545947, 62.6127147825307, 30.385971146981863, 24.56291234810038, 20.829524583049153, 18.04922101793122, 19.23996057287195, 14.317213163626608, 11.79681730717133, 15.831863659388116, 18.966044942668624, 24.02904632338325, 52.203711416049295, 51.37623801526792, 57.448888390357084, 64.8674353065425, 67.98015969878648, 67.02848670972867, 62.606631074554485, 53.42456961903946, 41.71477421597237, 42.4917940958109, 36.06364516979721, 34.262407330766194, 91.83419983822606, 83.85226518734379, 77.48623505435944, 73.69860755659894, 69.01644929656824, 66.17471269058639, 65.70323611569249, 74.7970950951327, 80.66554025567812, 84.35337545808194, 88.28035282617243, 90.81617307580352, 89.6132525464403, 82.20839138018933, 76.856132324371, 70.81327841998143, 66.87671403584517, 71.72316817471996, 77.68444405630535, 82.97847157445221, 109.45308527392305, 112.76374724458887, 116.66076258337819, 119.31877296475334, 126.93933895795028, 129.39585030810457, 126.15944793012828, 112.10836303454667, 99.14946163186004, 90.83949668309455, 83.85630567822906, 67.22099695987244, 54.477566958036626, 46.05062009516201, 41.562225948022416], [72.57008680216423, 80.90751876042438, 89.82333426013788, 94.95739180640427, 89.65025658368843, 80.50743632136601, 72.1219637639414, 32.6682211086986, 27.099985018009217, 21.155318898569238, 13.0499569828463, 0.0, 10.584966461681493, 19.64186117875684, 25.61635061726875, 74.09613696663098, 80.82004990922721, 87.00240056175932, 94.31520468998565, 100.43607243931025, 99.77444183977173, 93.06370228621552, 84.5701653221577, 78.70036675090846, 72.93427386746707, 43.06844647532526, 37.27104559374954, 32.475930101661284, 25.808970661339536, 21.379265107603395, 18.352940167997712, 22.066702449907595, 28.277120513399396, 31.87713241913615, 36.70309610773621, 62.75163745150365, 60.61514620070797, 65.73612560122793, 71.00009025209904, 73.80277760028957, 73.46008480717249, 68.81283507232763, 58.00071523304968, 45.60844112361989, 50.92547934526293, 45.83134578550463, 45.626469327360425, 94.3281963267231, 87.0693762970018, 80.96456621664298, 76.63863668155761, 71.35316972476969, 67.1267442044781, 64.00406090358909, 74.31966974083706, 80.8516826081755, 85.44478501586694, 90.13888140059773, 93.01816761347914, 92.12343350029548, 85.1594608423589, 79.22819017063794, 72.10902183507167, 66.2610359365692, 72.91679832904094, 79.9358331422379, 85.80440050726533, 115.9404580274898, 116.90435520424347, 119.13123744428493, 120.06643203260018, 126.82507720211272, 127.93250303405526, 124.01542786852353, 109.31124804065391, 92.48032332443644, 81.59880831039261, 73.02283836403862, 55.30561920557133, 41.571221716386965, 34.84922634180157, 36.80209024721595], [64.79072442530067, 73.13818431089634, 82.2972103228366, 87.7961451845132, 82.0652473606727, 72.53915715014176, 64.31020959449631, 24.133101195940256, 18.921993383106393, 13.445800701077825, 7.603163985731794, 10.584966461681493, 0.0, 9.747553751592498, 16.695511581428494, 65.92081262364809, 72.87251947744282, 79.37475662638928, 87.21284563055397, 93.69137472908538, 92.84056921363967, 85.49298444759808, 76.60702233035262, 70.59158409138037, 64.66319649991324, 35.22900474773423, 30.727481223601732, 28.064789920414047, 25.47811506453809, 25.17076222826822, 20.557545316293336, 19.248039811934873, 22.700427516308697, 24.481705097884603, 28.672753305232003, 53.986117074237235, 51.25756648462123, 55.84349145750036, 61.947621134738036, 64.43898122125611, 63.66742552658803, 59.05913188996501, 48.87379267339046, 36.75577736570595, 40.55382964846278, 35.91082882626683, 36.64190409852476, 86.83619729849138, 78.98231441745143, 72.5776946117798, 68.45067714702402, 63.46074683843789, 60.05145048132127, 58.75938521104297, 68.226535170649, 74.33087306410147, 78.37568010786075, 82.67796594402624, 85.47246712248638, 84.5430661071756, 77.10893649572448, 71.36652676087414, 64.83925486756988, 60.234764704386045, 65.71355257739008, 72.14509410075566, 77.8220244305567, 111.00266299109417, 112.34406001684833, 114.63512536816488, 115.99761854760187, 122.56501381821734, 123.9397577202046, 120.09892870097633, 105.10382516781114, 91.59687779469922, 83.45313931214653, 76.98811188846516, 61.17608295848382, 50.28951904819974, 45.032150207020614, 45.12563251356015], [55.47721429198663, 63.80291310814867, 73.0482417576492, 78.7530718914868, 72.83076254859041, 63.16049300189354, 55.006652392586744, 14.819954278835748, 11.076487593709254, 9.654559946231934, 11.855505676671411, 19.64186117875684, 9.747553751592498, 0.0, 7.394173027440595, 56.868658143182955, 63.81210836770523, 70.3271059599457, 78.2909070965558, 84.84153119269007, 83.87640268392424, 76.29324454960985, 67.32223120659212, 61.29723389375156, 55.36891319040519, 28.554857534868667, 26.44734849943786, 26.480819320276872, 27.930435655201332, 30.405836350755347, 25.9043888533767, 21.46963965299383, 21.108844598989638, 19.715939062115755, 22.13764913834136, 44.5551625286499, 41.514472805346244, 46.53359632213458, 53.20517708065697, 56.410458451869815, 56.11378360752906, 52.20557447873706, 42.80965388051258, 30.69130629832385, 32.034589352954754, 26.260782989288305, 27.631591266221946, 80.1099423400917, 72.1902159760442, 66.08377270242002, 62.702139989944314, 58.4126063791103, 56.11040166640909, 56.733075965933395, 65.21012192569685, 70.46769435342662, 73.62533918867673, 77.08024264478166, 79.31759440904811, 77.92819185428597, 70.73822129264205, 65.93275256310893, 60.50941542218106, 57.4015678766529, 61.44943492550477, 66.784189289289, 71.52632460767711, 103.15295757213688, 104.79711609859622, 107.45900272022176, 109.57947888756843, 116.55977090215481, 118.89834464447809, 115.7242674327495, 102.3613743180345, 92.1124792936609, 86.34256935073837, 81.27092304835679, 66.68162626484123, 57.661163126449885, 52.56201913987707, 51.610441947407736], [48.18063711332536, 56.518638465539325, 65.71353063653712, 71.41811023696967, 65.53943054831156, 55.936544551453636, 47.71373822832937, 7.5606548854942455, 7.572057019621616, 12.156340017898724, 17.701282975153017, 25.61635061726875, 16.695511581428494, 7.394173027440595, 0.0, 50.46433682480356, 57.20393708547279, 63.47028273407095, 71.19589469192326, 77.56115940633845, 76.56708152537466, 69.14667047614402, 60.3616136795985, 54.43348629418492, 48.63771969478379, 25.806285728213197, 25.983557296044822, 27.69669864905063, 31.05369144287413, 34.47455063321025, 30.596588712138566, 25.546213335097374, 23.240344568668515, 19.653028707055764, 20.031540328175115, 38.04270936317872, 35.00137106986452, 41.18068373208154, 47.81636402024121, 52.32160637640603, 53.093868672750204, 50.16790712050421, 41.41148659401598, 29.315197599526584, 28.70299926487645, 20.7324459871608, 22.180011078050185, 76.17166894877036, 68.65139709786867, 63.220952912912544, 60.70252315503372, 57.13370521058373, 55.6452599122164, 57.33366343792809, 65.15190385602857, 69.61999414165376, 72.02151410635715, 74.64369256431713, 76.19470060259923, 74.21363307120562, 67.7481374273931, 64.07244956841677, 59.666209166273326, 57.55257412020196, 60.635278438764836, 64.96027346224301, 68.58020322178425, 95.98482816264253, 97.69889950939762, 100.78012759006961, 103.60439773170903, 111.2638248139992, 114.6866288498377, 112.3300477506747, 101.27928981730123, 92.99131353935503, 88.50350348946036, 83.94349247789802, 69.84138689503826, 61.74398810562604, 56.37396119452708, 55.135014586508866], [20.67259181828437, 22.896757461536687, 32.05010975625085, 41.817231229434796, 36.232732966841425, 29.96244685732315, 26.652255809205375, 43.27661766686081, 47.1813360903925, 54.269119737477986, 63.221063988418706, 74.09613696663098, 65.92081262364809, 56.868658143182955, 50.46433682480356, 0.0, 7.673248252628218, 15.898401559846072, 26.739248234597376, 36.777239684820096, 36.23133359732911, 25.161161744006456, 14.807510711173197, 9.348033514397988, 6.082164310625864, 36.8762038088932, 46.029497645731055, 53.54209988264713, 63.98893517434061, 71.93990211631619, 69.94532369669639, 62.42309290401066, 54.621718110840135, 47.60535611078497, 41.44830086643817, 13.921316116713859, 26.004708163957236, 38.32519005948102, 48.05115630949666, 57.27035915453409, 60.37557796035686, 63.13133747854305, 64.45646319825772, 60.63023007130269, 45.62780632140012, 35.712753156994566, 29.967681119083338, 82.35679343096369, 76.7965455529899, 75.06117160142175, 77.66052564743127, 78.80395819975335, 82.71079089607728, 90.88658577053333, 93.3509786231919, 93.41378006585467, 91.13707601063803, 88.63074719213421, 86.4319994227594, 81.82169591631296, 78.98168587406448, 81.71360828841897, 83.89103496616137, 88.32191084797188, 84.8644775940301, 82.72785062339062, 80.03872632990682, 61.32320099381845, 73.9562495310509, 85.74729628314581, 97.39004550447189, 110.08059177607522, 121.41944739267514, 124.35823156350848, 124.55201517178159, 128.77711279605933, 130.60778502765393, 128.5754143324405, 116.30213107397465, 109.16368939926251, 100.01399805998062, 91.0320121297038], [20.90920106329522, 20.30757352888508, 27.854593074723816, 37.68406928014514, 32.90271307880642, 28.652097747456395, 27.18615052847177, 49.86807968832039, 54.10296884238088, 61.35723825652831, 70.26335652073004, 80.82004990922721, 72.87251947744282, 63.81210836770523, 57.20393708547279, 7.673248252628218, 0.0, 8.423384112759788, 19.55284538742914, 29.984832315504356, 29.60153205256662, 18.35477558481672, 8.913988567609508, 6.701774172392113, 9.576257942022082, 44.28371511804971, 53.28497524278056, 60.57837879343575, 70.78040092273685, 78.54281564494217, 76.8047133542432, 69.55260991462951, 61.87584627499125, 54.95186458436701, 48.846926933373695, 20.55118828982857, 31.17359642572384, 42.73009829606964, 51.05899344538003, 60.851382572067195, 64.7422388221482, 68.2214639577712, 70.03459117573219, 66.6141346960447, 52.00824877101693, 42.54067349763679, 37.338603942925104, 84.1121755363991, 79.39259857806034, 78.5295176319372, 81.79323561322107, 83.4574271656341, 87.69957990156537, 96.08114006684697, 98.12658037535243, 97.65467843173865, 94.88204447488063, 91.72692821692807, 88.92043489819444, 83.89628531252033, 82.0587200853553, 85.72478991336975, 88.57812793738776, 93.39924013914845, 89.52328096322725, 86.7127731970929, 83.09642446454862, 54.992956311575256, 69.04013219343223, 82.11197173108796, 95.02144515671877, 108.52044166171824, 121.11781492241512, 125.00314852111983, 127.54468121055665, 132.9894507900999, 135.4272739529952, 133.56832094279474, 121.57481672021325, 114.82362101551709, 105.60721893961161, 96.7422226183947], [21.99704921129009, 18.452853108983877, 23.251609892918424, 32.63797071165493, 29.143384753281374, 27.566202261244804, 27.969068285642944, 56.00274259998209, 60.68654850269412, 68.18371930643627, 76.98440217690573, 87.00240056175932, 79.37475662638928, 70.3271059599457, 63.47028273407095, 15.898401559846072, 8.423384112759788, 0.0, 11.223442519981962, 21.866893468141793, 21.698532392764285, 10.84569652718303, 6.318322213602358, 10.361385049160946, 16.001891047756168, 52.01475028625419, 60.8427764170057, 67.823859615424, 77.57811984751325, 84.9578654910808, 83.49270585172906, 76.64615576096533, 69.21926506143664, 62.373406724543266, 56.35002894719905, 27.54409002374936, 36.64901220988359, 47.55693555672903, 54.043714840397755, 64.5319199329081, 69.45177708747862, 73.6151647677061, 75.52863841460167, 72.24347199096154, 58.49309654924625, 49.26340149254009, 44.67741025253585, 85.30360399160718, 81.65943603879381, 81.80745858778043, 85.72258851557991, 87.85606151363169, 92.29312978417876, 100.6488723372618, 102.3953260699448, 101.40440288109431, 98.19196211084682, 94.41174978211595, 90.9498888523486, 85.45773534198352, 84.83677681669049, 89.46514971386735, 92.90649833946283, 97.93976447949343, 93.8164634272591, 90.41422461563572, 85.83880694362306, 47.199616005729844, 62.29911613647207, 76.6477556431487, 90.83767210094494, 105.26730788933158, 119.2356846087574, 124.19101592067885, 129.53917229575043, 135.99554557038044, 138.96922664206042, 137.231190826009, 125.58725446666745, 119.40109268784865, 110.30668370751593, 102.03169062659124], [26.464608299158122, 20.539304123763955, 20.315472516518657, 27.65721436920721, 26.74640509984858, 29.083609753735814, 31.35178070197993, 63.680207711462984, 68.80704933345683, 76.53259686297393, 85.11226183879054, 94.31520468998565, 87.21284563055397, 78.2909070965558, 71.19589469192326, 26.739248234597376, 19.55284538742914, 11.223442519981962, 0.0, 11.060053141260445, 11.711943442479816, 6.837634919801803, 14.232686867809115, 19.85620223832954, 25.830738123763634, 61.75963435844958, 70.2937278914409, 76.79909202264864, 85.85016181273942, 92.62807540659342, 91.53432388881761, 85.30066831768679, 78.28123687206681, 71.58774329615522, 65.72754907878748, 37.08841184312984, 44.63041443824033, 54.88735441350531, 59.02852698229565, 70.27879325854894, 76.4555709207262, 81.2739388935938, 82.94719679402004, 79.55084637192247, 67.15126033124213, 58.017325275294915, 54.02333782246642, 87.53862869646458, 85.36058170912014, 86.75234240829406, 91.3405193464724, 93.91736248481882, 98.40503845825758, 106.45796310274581, 108.01247914958006, 106.48317541944407, 102.86074731054094, 98.43181495400584, 94.20840584024427, 88.16317427139793, 89.11514168606092, 94.7986869528699, 98.77147626612417, 103.82799494172643, 99.63365961043638, 95.68948150217912, 90.05689557326038, 36.380645852950906, 52.85844471793038, 69.09643951083937, 84.99140623314543, 100.76836639966912, 116.54387512273459, 122.92592886577711, 132.0478063816331, 139.3450559023884, 142.76103861701247, 141.02860878621746, 129.78819911283765, 124.30459585889885, 115.4001816278978, 108.06952071822921], [31.19199830137393, 24.158056756349303, 19.06610757009941, 22.50288071574795, 24.636035624112925, 30.546237949725104, 34.44233484909257, 70.08335194880081, 75.85912410178256, 83.83416967537782, 92.14219799171063, 100.43607243931025, 93.69137472908538, 84.84153119269007, 77.56115940633845, 36.777239684820096, 29.984832315504356, 21.866893468141793, 11.060053141260445, 0.0, 3.3086248717461153, 13.13782440951979, 23.185909745538023, 28.87596522610051, 34.80458551387419, 70.80393754710757, 79.1858302286196, 85.37137507142874, 93.77668327360433, 99.90939873000319, 98.96709823972506, 93.2324068157295, 86.62032406136673, 79.963310609404, 74.24102009666005, 45.427378787257325, 50.96065089179924, 60.1096952895347, 61.76751343278682, 73.49603769499312, 80.88739153702033, 86.33428382114168, 87.7680351578208, 84.48183262258183, 73.63781113195631, 65.05037719232972, 62.20152994720209, 86.87496254364756, 86.20494781943697, 88.84393718078182, 94.06952723953287, 97.09848971876711, 101.63215752319111, 109.38265333587644, 110.61280555184442, 108.493109248741, 104.46101132714081, 99.41156325805281, 94.4713455900867, 87.95783168578905, 90.4860959790986, 97.18514895502152, 101.70084493350424, 106.80789689515056, 102.50144517173439, 98.0038343578164, 91.35225449970774, 27.331699696944366, 42.61566532530058, 59.820362389563286, 76.94554661572515, 93.64325261096658, 110.89015815331786, 118.53288993690835, 131.22017007488304, 139.5967465010983, 143.76951383775193, 142.3778300515068, 131.9983264974329, 127.77133281348229, 119.75631412858111, 114.1426193900324], [29.491388188264093, 22.06082754914205, 16.167830298471376, 19.59105029794375, 21.626703616068767, 27.909666013554602, 32.36355766748317, 69.07543102817417, 75.12470499486867, 83.18995423351953, 91.5080672169879, 99.77444183977173, 92.84056921363967, 83.87640268392424, 76.56708152537466, 36.23133359732911, 29.60153205256662, 21.698532392764285, 11.711943442479816, 3.3086248717461153, 0.0, 11.934959104547822, 22.140176888873537, 27.875240645964528, 33.840201779215, 70.39046592919773, 78.91287016819578, 85.24095399642441, 93.73458870009839, 99.87482598878059, 98.7592719169252, 92.90371154952426, 86.25825114327304, 79.47922550211857, 73.70871261243272, 44.28587715436765, 49.10979809598473, 57.72354256523793, 59.02989395430789, 70.69342044159426, 78.19837228860415, 83.7969381575659, 85.40980125791648, 82.44361696399478, 71.71317982269393, 63.58752771867022, 61.31780660507211, 83.78527182000123, 83.16689912128616, 85.91906831274177, 91.26045203267941, 94.41807878342016, 99.07312546887346, 106.98103991346926, 107.98465608100834, 105.71931187820198, 101.56866701272047, 96.40804108898, 91.40675637219694, 84.88646785513572, 87.49799361787686, 94.34345088707593, 99.03436068419444, 104.31874100215646, 99.82432864000664, 95.15431183302788, 88.35935107573643, 29.429239743550696, 42.4417709032729, 58.508510848595016, 75.16890786112586, 91.41647838465806, 108.38860794662962, 115.88307812903913, 128.37901176245236, 137.27437886617614, 141.87232203223513, 140.84360824241332, 130.85362287148462, 127.09406049700648, 119.60985679185463, 114.51865962740682], [22.659947818521164, 15.7123344572201, 15.269497098079558, 23.541889335774112, 21.540961740681755, 23.63855457983326, 26.98296464005707, 61.58648647809321, 67.29116924306396, 75.2014766323589, 83.83355777097614, 93.06370228621552, 85.49298444759808, 76.29324454960985, 69.14667047614402, 25.161161744006456, 18.35477558481672, 10.84569652718303, 6.837634919801803, 13.13782440951979, 11.934959104547822, 0.0, 10.677965704463237, 16.886513493343674, 23.18400630078842, 60.76787044188984, 69.6554965285877, 76.52645012775841, 85.8354283572263, 92.68181924885525, 91.18546895890596, 84.63047055745636, 77.49277903261145, 70.50956206893542, 64.51669455880285, 34.22738540996614, 40.308031471357445, 49.45332595333262, 53.21234311042878, 64.24921329504109, 70.51689061613033, 75.6430206575779, 77.83223099970215, 75.20237914853568, 62.78341188121, 54.69268762481095, 51.97641102674657, 81.42975209031924, 79.16649134868149, 80.65468295033544, 85.447134893623, 88.28405261743826, 93.07358705546343, 101.55563442581513, 102.61124033133176, 100.80407829157166, 96.94126412746054, 92.31590642623121, 88.03538197880239, 82.0379612331703, 82.97245237965038, 88.88222819800752, 93.21908035459136, 98.70701767526847, 94.0652393677819, 89.7656293165208, 83.91455797704252, 40.28368591168575, 53.37203397630498, 67.51166924682023, 82.37766776324072, 97.11560461370429, 112.17690219510801, 118.14121750890057, 126.52997079032129, 134.91267965212694, 139.21086717186796, 138.24909972559925, 127.79387527252078, 123.2318998431242, 115.41521818606883, 109.09887202678472], [16.992957979178463, 13.238019881164742, 19.270848005499005, 29.08190630635911, 24.550590628436744, 21.872655084504693, 22.592951611205894, 52.84076326733724, 58.20378424075521, 65.94585606488528, 74.73151239527152, 84.5701653221577, 76.60702233035262, 67.32223120659212, 60.3616136795985, 14.807510711173197, 8.913988567609508, 6.318322213602358, 14.232686867809115, 23.185909745538023, 22.140176888873537, 10.677965704463237, 0.0, 6.386428534170015, 12.762586016002164, 50.684991265275364, 59.77396040907826, 66.97098572200694, 76.74446428781147, 83.9969754322231, 82.19530034158736, 75.19921143975452, 67.7978582995631, 60.6969575326274, 54.59905777688632, 24.059799711532474, 31.539286402931584, 41.780555566130055, 47.85285857106254, 58.37235656885856, 63.55540981257732, 67.95466391490469, 70.00527135103994, 67.15086047542584, 53.659351400051655, 45.210063658819415, 42.018462729458165, 79.05654659678585, 75.35571696284201, 75.57391882585927, 79.60876426189132, 81.8892276875507, 86.47136593008709, 95.03039016538456, 96.49120966998444, 95.32588653275887, 91.99544451501845, 88.13107996680343, 84.65074856777835, 79.182799248818, 78.55662644573573, 83.31766192358867, 86.95342420788319, 92.20481886384454, 87.85182330034205, 84.25969941853923, 79.55676809507504, 49.494114046842355, 61.6136215898724, 74.11996708955152, 87.26144965946834, 100.84440667983498, 114.11829409227244, 118.67786718806968, 123.44695924083345, 130.4951133836863, 134.08971395012117, 132.93543857539356, 121.97495087212653, 116.69583070683461, 108.6939938163552, 101.70594065319649], [14.603479862231397, 14.25411398225144, 22.81409689701922, 32.64808520138302, 27.24679254163589, 22.128172341871387, 20.663862246962786, 46.95558731859971, 52.13846005458756, 59.80599401161261, 68.63536762545947, 78.70036675090846, 70.59158409138037, 61.29723389375156, 54.43348629418492, 9.348033514397988, 6.701774172392113, 10.361385049160946, 19.85620223832954, 28.87596522610051, 27.875240645964528, 16.886513493343674, 6.386428534170015, 0.0, 6.3761692752118035, 44.43181980315959, 53.58673535867078, 60.88884312953346, 70.79092431936122, 78.1594106492248, 76.20145687635595, 69.04622199433778, 61.581059685540666, 54.42726042720808, 48.30412360392519, 17.763080356763606, 26.329675834758092, 37.60809467068373, 44.95162241023304, 55.21285507831383, 59.83639248179459, 63.67596672559391, 65.27614159033529, 61.991684790469606, 48.15278865084319, 39.21048789128023, 35.68148331402163, 77.66590817630086, 73.21507996525477, 72.686271619202, 76.17707903492368, 78.01685564476365, 82.31604105536456, 90.69667341886948, 92.56385715011464, 91.86392823030943, 88.95839785424434, 85.64331271815932, 82.6682036518486, 77.51457860694018, 76.02475297269473, 80.01155426666732, 83.07088166173513, 87.9792889571294, 83.99900044674162, 80.98191467123225, 77.0485135234126, 54.42818736194691, 65.65918150693207, 77.21222031864274, 89.31052540345368, 102.30555062325959, 114.54943554884217, 118.31775140809239, 121.1269369820015, 127.0349696766164, 130.03685730152702, 128.65571529342213, 117.36176760231346, 111.67803701996486, 103.62126581258983, 96.46937513920162], [14.81983087181797, 17.684527405393986, 27.406280526483137, 36.981298986353224, 31.04217233984977, 24.137187206591015, 20.6277314513013, 41.236382728871284, 46.17581997331617, 53.73896253070898, 62.6127147825307, 72.93427386746707, 64.66319649991324, 55.36891319040519, 48.63771969478379, 6.082164310625864, 9.576257942022082, 16.001891047756168, 25.830738123763634, 34.80458551387419, 33.840201779215, 23.18400630078842, 12.762586016002164, 6.3761692752118035, 0.0, 38.23378496205331, 47.46412687242409, 54.888881263565146, 64.93435488021156, 72.43043223588127, 70.29224128204805, 62.95399675009784, 55.41609533709764, 48.201258724144786, 42.04944103578957, 11.575973434765562, 21.76515690232412, 34.13089592543649, 42.817826262404424, 52.64458474356314, 56.59709212670781, 59.77714987728272, 60.85736466355491, 57.09198957621291, 42.898324256967264, 33.36648357269891, 29.378815136275787, 76.7866174636963, 71.5854142705328, 70.26568221086028, 73.14786212340981, 74.49759488916806, 78.4688757657396, 86.62756217800893, 88.930174053103, 88.733972145993, 86.29338665257056, 83.57480062014943, 81.1448830179213, 76.34957319061103, 73.96292495449619, 77.09863616280612, 79.51921957275471, 84.03623406554664, 80.47602232300909, 78.09475579730206, 75.00542437510931, 59.63918609827506, 70.05837212494825, 80.69785298780029, 91.76631256870492, 104.14508305041426, 115.34046502970892, 118.30959783627756, 119.11245557754772, 123.82043985689532, 126.19245342704838, 124.57345443198024, 112.93961919333753, 106.82532533095406, 98.72024888202192, 91.396605784928], [45.626364855375414, 52.82546707827823, 63.15696962837451, 71.44171554971425, 65.22959822155227, 55.94491140030755, 48.43962916721252, 23.09990373418643, 19.343040182417884, 22.10717227212522, 30.385971146981863, 43.06844647532526, 35.22900474773423, 28.554857534868667, 25.806285728213197, 36.8762038088932, 44.28371511804971, 52.01475028625419, 61.75963435844958, 70.80393754710757, 70.39046592919773, 60.76787044188984, 50.684991265275364, 44.43181980315959, 38.23378496205331, 0.0, 9.573458291899746, 17.942339428372517, 29.436676008334533, 38.42286292214708, 35.433918802320655, 26.756628150668973, 18.36916093779887, 11.818753383877928, 6.564637410493439, 28.954251305218484, 34.53753834225666, 44.58472877157147, 56.455503701641646, 61.5932084480284, 60.66760330228311, 58.49713892211995, 54.91006650809308, 46.96950907023931, 35.370821338736846, 24.15269832392613, 13.516894648510396, 90.312862612926, 82.03968673377584, 76.52698982721533, 75.12945816134128, 72.822