{
	"dissimilarities": [[0.0, 8.370784420441488, 18.155398706169354, 25.85626168709013, 20.52621665707331, 13.351011501740643, 8.576783637537499, 40.90145926726743, 47.6564532779211, 55.95924679029829, 64.22287905472912, 72.88717734693084, 65.17182582399595, 56.88871715051901, 48.579429414577426, 18.35752741382276, 18.94613232077262, 20.310774930499203, 25.04227726246327, 30.979258742898057, 28.79328489310009, 21.52568703820333, 16.246714506252303, 12.234069388068878, 12.142641750033887, 45.1392239424042, 53.570589901893996, 60.162811411744535, 69.13691531064987, 75.5189318010298, 73.32678604330512, 66.81846909631179, 60.21085299408531, 53.126635247584375, 47.351200117304245, 16.857613558429023, 23.137172731505878, 34.996525720968705, 38.70559911108704, 49.065506234107616, 54.78261592713778, 58.68955970439222, 59.12409851575561, 55.65814420015338, 45.18843511048713, 35.616645772180895, 33.429099966319605, 66.77657534830773, 64.19874823139914, 64.65112103759523, 66.96381336915933, 68.72250429274376, 73.73857230242373, 80.53442778882442, 83.84245268501672, 82.34078221341498, 80.9096779482602, 77.6096423151342, 73.45618985827875, 66.83945474716282, 67.45643083952044, 70.51646164779636, 73.29565535430592, 78.23801039474995, 75.0841660782729, 71.42772711733959, 68.44975599288891, 53.331869565419254, 58.25109069124894, 67.68390029454315, 76.62328375445453, 90.09165950549554, 99.37841006493834, 100.76608513310127, 106.47450512428381, 114.91966526267846, 120.34057407119322, 117.05399849355213, 105.81284812870715, 101.15648342474641, 95.05813777626679, 92.7142022107826], [8.370784420441488, 0.0, 10.751280258713841, 19.562468464911195, 14.946980623225546, 11.549996675763374, 12.779938462022773, 49.249809720823094, 55.94713472917806, 64.17198302362348, 72.5143591211687, 81.24941258090473, 73.52451338736752, 65.20636809096104, 56.90756129467257, 20.829805541713203, 18.271831950896743, 16.43528622681361, 18.78317375133268, 24.00348144437952, 21.286026611447472, 14.140383336488478, 12.209209691425281, 11.88845700442383, 15.57496341744243, 52.381459191677834, 61.06486562063211, 67.8377231613193, 77.01282963322349, 83.53564823762872, 81.44728269421351, 74.8601348602572, 68.0747672481771, 60.94103861453509, 55.0469757579436, 23.691407261211943, 29.211924416631454, 39.302215907772556, 42.03733829692748, 52.53177715060237, 58.676047030594276, 63.386404867923446, 64.9555265844306, 62.43432665684948, 51.59044614249586, 43.11149532604858, 41.271318058110104, 68.30684652027898, 66.44445132709801, 67.91524764513929, 70.94627856696017, 73.41007152835134, 79.06826045601737, 86.36519740101514, 88.83396708315972, 86.63538656920333, 84.58661159413263, 80.48851612227837, 75.67611710030816, 68.71786142127455, 70.32329794792058, 74.37962899027264, 78.11604726048854, 83.77634053347008, 79.82562213201528, 75.26110585028911, 71.29225380988426, 47.81835785023774, 53.644624654549396, 64.18096167989982, 74.56568139688123, 88.80899158444342, 99.47397940993572, 101.8429466334064, 109.75705933968862, 120.11687192391771, 126.58017740018006, 123.86985134511248, 113.23175004789327, 109.0519709169875, 102.99160824880049, 100.46399052965369], [18.155398706169354, 10.751280258713841, 0.0, 9.325840436140917, 7.387645205702423, 12.933012261939096, 18.831642592196225, 58.35985571220388, 65.51271229883584, 73.94983966768962, 82.04072517309788, 89.99164147804528, 82.46938544297295, 74.23899688089683, 65.87213002513951, 30.93095510386684, 26.945056137273884, 22.399761520528454, 19.264185680991787, 19.292260712804445, 15.375936964856159, 14.162161051901755, 19.25384163437315, 21.589362346017445, 26.138953072879982, 63.018389936256455, 71.59851099482255, 78.19510198331338, 86.97364012144372, 93.06730831207658, 91.11974735929485, 84.88819635336401, 78.35024247115558, 71.27571942294348, 65.46917775674228, 34.11806945023985, 37.6274721771758, 45.36199700883778, 45.221388986638544, 55.51143083203871, 62.86827533883743, 68.51958277750981, 70.5187072879414, 68.99108757505499, 59.45634492190919, 52.218815667780696, 51.43928081370268, 67.27084650476596, 66.86589559056944, 70.07015070476045, 73.99960930021567, 77.25880150290762, 83.27770345533008, 90.61360389382136, 92.15960883021455, 89.21520228794694, 86.41741043544094, 81.32345272934954, 75.7388929313127, 68.28389788448851, 71.64494146014036, 77.06478926809788, 81.81769010088206, 87.88575094487163, 83.3648250868022, 77.86088783613386, 72.54894629507669, 41.586516115329225, 45.073802211615664, 55.44533169375091, 66.96156623252963, 82.02329579914358, 94.4260929440555, 98.31526097079467, 109.82406007208064, 121.9635481552547, 129.67919028283487, 127.86021511684643, 118.42425021699123, 115.58215213413814, 110.41971306904365, 109.08623530235023], [25.85626168709013, 19.562468464911195, 9.325840436140917, 0.0, 8.29801709456621, 17.96749753773402, 24.474209447367123, 64.22234913598265, 71.77811295821641, 80.42013033425755, 88.1269471351096, 95.06884960435741, 87.90776697796016, 79.88982393655661, 71.51691512059492, 40.11072187970619, 36.13347106658438, 31.067047815777702, 25.66102120983411, 21.376487253925255, 17.487709099480842, 21.613606134950686, 28.39252916504928, 30.824820059567728, 35.13240790698188, 70.97396120068265, 79.27027968447706, 85.51213395064052, 93.6520894608143, 99.12680838722098, 97.33492732102538, 91.62836070511285, 85.51305967412901, 78.5873697930734, 72.97156750141998, 42.244783813070946, 44.40863927179609, 50.72420048342007, 48.00301054024853, 57.83630592678065, 66.29131118490608, 72.43683638978607, 74.09656758380319, 73.06185474948892, 65.34263893384407, 58.77516475233388, 58.767804555432, 65.79742799002547, 66.78040845473251, 71.40244937343937, 75.8784518188474, 79.56187141103439, 85.48305383488417, 92.4032310994225, 93.45559251656539, 90.13886622579237, 86.88891065254995, 81.17058464168703, 75.13886947678967, 67.33641407418287, 72.20618851857932, 78.55043642504329, 83.7997253630045, 89.76091221319, 85.19486078303001, 79.2561911683875, 73.03955675770493, 38.3222557051218, 37.21425085644853, 46.415676371408246, 58.515578180012, 74.34546585827569, 88.18976385861264, 93.47463235224942, 108.13554035862907, 120.89892810228949, 129.2929945967706, 128.11264604210845, 119.69654047653432, 118.11339850215718, 113.93186633972938, 114.08182994261904], [20.52621665707331, 14.946980623225546, 7.387645205702423, 8.29801709456621, 0.0, 10.220016234782063, 17.89818971374594, 58.36777090187653, 66.12452465203137, 74.72853537597172, 82.53188254145752, 89.83491161958432, 82.0959443637117, 73.8546677415681, 65.53676003569402, 35.38154956411476, 32.39998903675831, 28.895855735074555, 26.617308410266975, 25.816666026890925, 21.709760399940624, 21.206445064271215, 25.067042972872983, 26.334205989336414, 29.94633716080272, 65.23702405884231, 73.65078272110198, 80.22890119570603, 88.82695801203408, 94.58199971873631, 92.36889460713292, 86.2066206773753, 79.91215053111529, 72.79311863528855, 67.1247140463276, 35.890697056233414, 36.71150476622996, 42.48862911927202, 40.2858017826294, 50.29427805910976, 58.36509641751947, 64.44557669382839, 66.51088744597664, 65.73611585621713, 57.44974590371019, 51.561876048492145, 52.49002077827359, 60.33992015641891, 60.41358641959624, 64.30196643637636, 68.58656027944878, 72.18959127098246, 78.33460402284531, 85.70868908563178, 86.70689540162219, 83.42390158870984, 80.33146048499889, 74.90284470790519, 69.10798964969904, 61.52064759666694, 65.49581318024444, 71.44006619351092, 76.61719552821981, 82.87694493065943, 78.07029071405786, 72.18901647039891, 66.36837373150674, 45.828113138473825, 44.933347070984205, 51.970350245931506, 61.772758012313986, 75.68820502858829, 87.44786049370803, 91.11788545923426, 103.07989029095809, 116.20432713967419, 124.90681073172873, 123.8850199533309, 115.6593749906791, 114.12310006872313, 110.42878889748549, 110.6822045837334], [13.351011501740643, 11.549996675763374, 12.933012261939096, 17.96749753773402, 10.220016234782063, 0.0, 8.652053799181326, 48.893586939283345, 56.73679173409772, 65.27715327221632, 73.12606521650025, 80.7653082504342, 72.61519816323073, 64.22912761371622, 55.970734889461525, 29.259370805403336, 28.308848728278694, 27.458645633190432, 29.084861198586633, 31.699597971245392, 28.075425808445097, 23.53886200917912, 22.681122115424667, 21.428344400522853, 23.201708388688214, 56.10545863614949, 64.45415132618787, 71.17904453802932, 80.02310680337565, 85.95472433061857, 83.40284626429103, 76.93020761086642, 70.57586666128456, 63.36839494347288, 57.734182672931716, 26.765702926872308, 26.579488573163932, 33.271385659765045, 32.665242213878614, 43.067742003909245, 50.44095465918782, 55.902338286651656, 57.60190578458468, 56.317380522379096, 47.44470293791614, 41.36795261340571, 42.83364152582736, 56.96254553002193, 55.58992417986897, 57.946108861571894, 61.50723256529224, 64.50639233217908, 70.43110596773845, 77.89087281002763, 79.5307212277789, 76.8140389413739, 74.33850437706938, 69.77662843715784, 64.68785826809811, 57.535778604200516, 59.87434128835608, 64.67698490594763, 69.07233029191399, 75.10143854885388, 70.66016329699066, 65.50126927157375, 60.81303594497236, 53.32038124139573, 53.27455120026016, 59.302482024645506, 67.06056657147067, 79.40281256246435, 88.81135623710523, 90.62298620214123, 98.81812487267048, 110.69529411984185, 118.73044215975033, 117.27996028012807, 108.56065697398229, 106.50465724275149, 102.88530133793054, 103.02103453539524], [8.576783637537499, 12.779938462022773, 18.831642592196225, 24.474209447367123, 17.89818971374594, 8.652053799181326, 0.0, 40.524260937493665, 48.311737228598545, 56.914264121827976, 64.70854142851813, 72.33474737166166, 64.36808756106194, 56.05838281783765, 47.73526811604519, 25.81281842627475, 26.81544668752035, 27.868038628025186, 31.339196476528336, 35.360641217058394, 32.4784887023776, 26.87761679493329, 23.292900951397577, 19.841231761806398, 19.415095781939193, 48.56173306516012, 56.59818513797326, 63.02573920072126, 71.56270715257222, 77.34906922922868, 74.84707743837171, 68.55921688040088, 62.40029332260151, 55.325820964533655, 49.830941331641135, 20.328983252582237, 21.23313331524992, 30.694054987155592, 31.714683915321643, 42.09979552625429, 48.89074503639609, 53.3069860700518, 53.52820465622529, 50.83520430204112, 42.20752010388643, 34.395629218504205, 35.056293243958095, 58.513088159835974, 56.31170372862683, 57.38959117139986, 60.032338437745956, 62.11125297870172, 67.20626398389732, 73.98890696311877, 76.8180649444659, 75.02035837773616, 73.33266474047362, 69.75554876851731, 65.45997065729522, 58.68912963249775, 59.83976674086327, 63.385424086044914, 66.53674691983514, 71.6091497876917, 68.24281718484305, 64.25436652150155, 60.813478648901324, 56.3915276088591, 57.169025691989766, 63.5219852131115, 70.58920062267353, 82.79301938430604, 91.20438014354006, 92.24884160399186, 98.25033200968178, 107.4998969492355, 113.96145357485472, 111.55551272383924, 101.70756399015835, 98.71719569622562, 94.53698041619757, 94.42426588044947], [40.90145926726743, 49.249809720823094, 58.35985571220388, 64.22234913598265, 58.36777090187653, 48.893586939283345, 40.524260937493665, 0.0, 9.039662528551606, 17.540452511837803, 24.390934847409415, 32.73643292028166, 24.28584300343494, 16.121087610000355, 7.902285561353374, 42.7672594869983, 49.5739404621412, 55.76163581860979, 63.376911692529326, 70.20527580316934, 68.85945222266615, 61.39714020469685, 53.02840508241889, 46.613107942399765, 40.723914725927244, 23.222424988369603, 25.219704413389028, 28.57137759742421, 34.740484496567234, 39.57846734740371, 35.94548794398774, 30.05262501931713, 26.010703627172408, 20.82535799865162, 18.796368503899522, 29.77689656828008, 29.802279153395823, 38.69613511390997, 45.262561622416804, 50.12222046160132, 51.08407753425862, 48.98619205942943, 42.21123147004294, 32.55156896995724, 29.11251511252111, 17.193829484624388, 14.557818974554017, 72.76617582478261, 67.08039788504118, 62.004901969749824, 59.77229462601135, 56.96664555895867, 57.09146474826931, 59.796138075513326, 67.93044735817956, 70.78776209475349, 73.11568938995195, 74.70751733423059, 74.65540742708839, 71.0905726953366, 66.39229065121832, 63.302822271678586, 59.90743757953928, 59.648774001890835, 61.870060404404335, 64.21214005259486, 67.30480515853563, 88.44137113018245, 90.46774078006891, 95.33106018777426, 98.06017456229249, 106.75136286539065, 108.89248212304706, 105.23088749866014, 98.46543998156056, 95.98592908582509, 95.04765512688853, 88.40554694647727, 73.77562384662431, 65.80272226206343, 60.036103689645756, 59.232851750712236], [47.6564532779211, 55.94713472917806, 65.51271229883584, 71.77811295821641, 66.12452465203137, 56.73679173409772, 48.311737228598545, 9.039662528551606, 0.0, 8.835415916532568, 16.580791716347292, 27.146356813457324, 19.345873743506907, 12.520987253311418, 8.436011362565486, 46.86792749555485, 53.945630639602875, 60.553508185667546, 68.60673460422294, 75.98660874564118, 75.0022629855944, 67.20764710670092, 58.3742199876287, 51.97215291784045, 45.89470611738258, 19.502181938884508, 18.355086907088562, 20.073588782079156, 25.84808708828814, 31.252535886785264, 27.409496373389057, 21.09024031371587, 17.344903640316367, 13.411313551402898, 13.649488382223197, 35.33549068258979, 36.96516404080268, 45.92567235137703, 53.59124577520361, 57.993897392959596, 57.884029014919705, 54.93308017373746, 48.013212362840754, 37.92991126296716, 34.36611004857387, 23.211797595076067, 17.85746764114344, 81.1393433544816, 75.1013289536759, 69.33288936709825, 66.54058429174744, 63.149985735453065, 62.62096422666867, 64.64479333947116, 73.43769455699031, 76.950013609037, 79.81321349445662, 82.050903746148, 82.4617623338408, 79.2965457497673, 73.95239587439255, 70.0680311106017, 65.86949751445682, 64.86893326073883, 67.8234216935287, 70.97293251349556, 74.84606684760493, 93.91848249613007, 97.48668674882104, 103.33318536495096, 106.44424859857772, 115.36838382682339, 117.31376910750419, 113.36032117784188, 105.06315543790109, 100.59763889631687, 97.81724232497713, 89.96046633993521, 73.7322202066002, 63.39757218500215, 55.51575819436096, 52.21090129339249], [55.95924679029829, 64.17198302362348, 73.94983966768962, 80.42013033425755, 74.72853537597172, 65.27715327221632, 56.914264121827976, 17.540452511837803, 8.835415916532568, 0.0, 9.102931498071927, 22.267798038125818, 15.241123987417039, 11.752173967052821, 13.76361719103118, 53.56545740626281, 60.802574528584515, 67.72785272810407, 76.15306058279145, 83.90871855555115, 83.070606254558, 74.97644602796008, 65.8076244498305, 59.43021174071684, 53.2598910668897, 21.064813954954978, 15.856790177615737, 14.543025048721706, 18.891417955823776, 24.592081032075058, 19.872039234484337, 12.673314177518877, 10.537092427734745, 10.492540696852881, 14.623563732348794, 42.80104993337816, 44.423530315848, 52.48665106736014, 60.75556689588206, 64.32945479567923, 63.087951142212866, 59.20458485947829, 52.02985584820412, 41.7989570060104, 38.94984792126343, 29.656884248264415, 24.600702851408048, 87.80862027952656, 81.32799580896365, 74.74693096930592, 71.30276616519396, 67.2716069271587, 66.00790936785079, 67.33696396706111, 76.66570401888106, 80.85067951872452, 84.30176815452019, 87.3065233946493, 88.32236808394524, 85.72976704542495, 79.57928513843294, 74.76269776480609, 69.68257687875584, 67.90826437666324, 71.59910350910057, 75.64857301488829, 80.43875270523701, 101.78151585834219, 106.00506298362323, 111.99440900760658, 114.85113348373129, 123.35927009009913, 124.50577067993443, 119.85687730130789, 109.37644607702296, 103.13200307881812, 98.86544138141173, 90.15859767050725, 73.02448380089218, 61.00550573469299, 52.10758296117449, 47.094125204247085], [64.22287905472912, 72.5143591211687, 82.04072517309788, 88.1269471351096, 82.53188254145752, 73.12606521650025, 64.70854142851813, 24.390934847409415, 16.580791716347292, 9.102931498071927, 0.0, 14.130821345458937, 9.725999024284805, 12.539787837368701, 18.558615149634118, 62.57867940480714, 69.76682436413184, 76.56774138467992, 84.72679629559087, 92.14674115806612, 91.33153777460731, 83.59202656334035, 74.62746607342055, 68.25069691315566, 62.12009894295656, 29.65259863672953, 22.985356619482523, 18.665968429353807, 17.00782550379498, 19.35304526370106, 13.915691745548365, 10.485401051067004, 14.613660814143557, 18.261165283984482, 23.35046486996439, 51.58315592523433, 52.40560144778457, 59.385325003057204, 66.74567126318207, 69.36641822498333, 67.83580700824575, 63.25354944920413, 54.843278170226064, 44.327258134930425, 44.62761316199701, 37.07811932945138, 33.43296174356777, 91.85823226907493, 85.3874166896852, 78.45252525359815, 74.42499396421233, 69.72661376082569, 67.21927142226338, 67.01804895812961, 77.14637531026267, 82.1909031053171, 86.27138997975769, 90.05961607272583, 91.74142580838435, 89.66612846132139, 83.16802248746859, 77.58888841518407, 71.47310841777781, 68.28523561167226, 73.27649044988586, 78.40582317237492, 83.96361094321156, 109.10566986879591, 112.39958314335001, 117.52766446680471, 119.38669354867146, 127.12158413291222, 127.20402974158046, 121.97117405660744, 109.82163836269831, 100.68022129108599, 94.459002805034, 84.78912697773038, 66.8144679014498, 53.67150219489994, 44.948491491046184, 41.15251040560032], [72.88717734693084, 81.24941258090473, 89.99164147804528, 95.06884960435741, 89.83491161958432, 80.7653082504342, 72.33474737166166, 32.73643292028166, 27.146356813457324, 22.267798038125818, 14.130821345458937, 0.0, 11.185622850172043, 19.321727153987915, 26.028236392398718, 73.83537106106851, 80.75200064306254, 86.99478715544744, 94.23456394256674, 100.59432658299814, 99.73213288091202, 93.04989527471163, 84.85487093415966, 78.52809121296856, 72.61423925755726, 43.24558788253218, 36.90350806154096, 31.70848971552904, 25.39900199384828, 21.23462347338398, 18.02088225657171, 22.029910606484655, 28.345965602428166, 32.2076567523086, 36.87834991845642, 62.08315539180942, 61.75917951685422, 67.61647322335781, 72.5996882578623, 74.20713653716713, 73.3515759157899, 68.48184427889399, 58.0623502528234, 47.420145993653136, 52.78811901802186, 46.68804966039162, 44.78421515000181, 93.94932245932301, 88.12023002869384, 81.49925853538907, 77.07671387629158, 71.80284329532556, 67.54343311901032, 64.74843153513451, 75.8911987734041, 81.9476588876866, 86.631292266207, 91.13051669721223, 93.48275202127151, 91.83341020746495, 85.65661188784736, 79.6542239290603, 72.47206935146804, 67.15736512045245, 74.04950131302583, 80.33683800338267, 86.34841730232407, 115.5556702190502, 116.3742870306321, 119.64613319604051, 119.75652746842518, 126.36860953122587, 125.19344497703555, 119.65030664007372, 106.73430940106086, 93.06331001685648, 83.93857926354893, 72.87570868940885, 53.64618720311352, 39.624222555847666, 32.84356608568822, 35.707819258486175], [65.17182582399595, 73.52451338736752, 82.46938544297295, 87.90776697796016, 82.0959443637117, 72.61519816323073, 64.36808756106194, 24.28584300343494, 19.345873743506907, 15.241123987417039, 9.725999024284805, 11.185622850172043, 0.0, 8.844164987646318, 16.756615823770918, 65.83184962918098, 72.9453581221288, 79.49961239906217, 87.31172075172687, 94.12707026812741, 92.94271017510752, 85.59168899958668, 77.0104166007359, 70.56175340362647, 64.5156574397553, 35.76491708187795, 30.64929940547653, 27.860551298868803, 26.38941555278233, 26.567375470440073, 21.605711848453456, 20.038518801958546, 23.383307484708276, 25.214515555466875, 29.196198435518895, 53.3772340955864, 51.9233983420614, 57.07733909734131, 62.81653272274736, 64.36538941429178, 62.965039705346854, 58.06849222397817, 48.36283437041839, 37.72088977132089, 41.757016708483256, 36.31596443567249, 35.794699015133105, 85.52499166829755, 79.15766776546786, 72.13689192877916, 67.77635953122305, 62.700962690212734, 59.33144430417479, 58.168303115876036, 68.67964495446937, 74.14867265093217, 78.54018521572524, 82.76983734799761, 84.91292190108445, 83.25396859226943, 76.62169926286207, 70.63918341782322, 63.91786333255894, 59.824763919374604, 65.6242722519063, 71.38925800748946, 77.35706350838038, 110.95877579900765, 111.87256477402816, 114.96634243170215, 115.1905639573128, 121.47489254780082, 120.1868164108799, 114.22981000383557, 100.96871399973286, 91.02984478565385, 85.05589903280095, 75.92284821233832, 59.12001921546045, 48.20056790105901, 43.61765371087452, 45.32615693863043], [56.88871715051901, 65.20636809096104, 74.23899688089683, 79.88982393655661, 73.8546677415681, 64.22912761371622, 56.05838281783765, 16.121087610000355, 12.520987253311418, 11.752173967052821, 12.539787837368701, 19.321727153987915, 8.844164987646318, 0.0, 8.397233858182407, 57.643296093805475, 64.76495151036917, 71.35912419344938, 79.33823945391828, 86.31433795926657, 84.97726787142076, 77.36216058479486, 68.68908945196338, 62.21392028725201, 56.158814400871826, 29.60406901238872, 26.450499380334826, 26.16358464258002, 28.507813435739664, 31.228751169589376, 26.27863599490329, 21.713333969351762, 21.639470513070577, 20.685614855045618, 23.161844509799323, 44.820697566323325, 43.0936821324157, 48.6463471096839, 54.93003350639474, 57.16120483814438, 56.03717181338698, 51.71208053325146, 42.86163241179984, 32.19405893982739, 33.97863556787307, 27.52941966879825, 27.450720422607457, 79.33792845308528, 72.88817292940824, 66.11305172889027, 62.24334032150761, 57.74871168485561, 55.57408424489766, 56.03511130151981, 65.75780618588912, 70.37741208979055, 74.17334484899794, 77.68593536966146, 79.24175399071574, 77.1333560558708, 70.73444398225033, 65.40204722656432, 59.62104248989356, 56.94506679149563, 61.4561851267808, 66.22244169089795, 71.53233490116298, 104.09307491265687, 105.27483990988776, 108.68043398399082, 109.4940709816913, 116.20139623466065, 115.66055471688331, 110.0882082999054, 98.2506307901345, 91.468774502167, 87.83175826486587, 79.95565696924551, 64.43426143793815, 55.12637435959362, 50.65429392147626, 51.40087242505378], [48.579429414577426, 56.90756129467257, 65.87213002513951, 71.51691512059492, 65.53676003569402, 55.970734889461525, 47.73526811604519, 7.902285561353374, 8.436011362565486, 13.76361719103118, 18.558615149634118, 26.028236392398718, 16.756615823770918, 8.397233858182407, 0.0, 50.215930501150275, 57.16776701675652, 63.521053508086915, 71.25879646540065, 78.06060887079519, 76.66676605437212, 69.19771093309959, 60.743096470075386, 54.29650130602116, 48.34393723077952, 26.266005072031852, 25.69624051425815, 27.407614954930427, 31.875862232555182, 35.68698908569378, 31.422426847455462, 26.088285567079375, 23.74511396857033, 20.290090478757776, 20.498032429212078, 37.104544808602604, 35.73257301360523, 42.57181748544347, 48.77716044601406, 52.184235318953846, 52.15717193529423, 48.90844608482864, 40.818363614469725, 30.380045430981188, 30.04740191930461, 21.14328407689262, 20.68448184975203, 74.57772004937735, 68.50145242208241, 62.556281153630906, 59.474891323135395, 55.791928643863706, 54.73958276332589, 56.34357753275271, 65.31223701746144, 69.05001526584881, 72.11477178066606, 74.67742944834538, 75.45337537768464, 72.62448111887207, 67.05730553436482, 62.820367354903176, 58.1958031159561, 56.714220588158675, 60.10702850288506, 63.686560185386575, 67.91339989505751, 96.01845509967185, 97.26838929954104, 101.10648547443121, 102.65260744942051, 110.18447590216816, 110.84611659710114, 106.16390665425695, 96.85907839355947, 92.32831142900466, 90.24468979406336, 83.1289641658941, 68.23994093189577, 59.9671989318123, 55.171329791299264, 55.58351871123667], [18.35752741382276, 20.829805541713203, 30.93095510386684, 40.11072187970619, 35.38154956411476, 29.259370805403336, 25.81281842627475, 42.7672594869983, 46.86792749555485, 53.56545740626281, 62.57867940480714, 73.83537106106851, 65.83184962918098, 57.643296093805475, 50.215930501150275, 0.0, 7.548490623934626, 15.520310372690261, 26.287712790461196, 36.73305698855942, 35.81626725163575, 24.86908269094453, 14.237806188036522, 9.397475546251451, 6.397729230528126, 36.91201556128884, 46.10006931399153, 53.62162153341128, 64.33682250533884, 72.46522102903052, 70.19002552547566, 62.42511434025579, 54.617921870648885, 47.510808507745324, 41.3528430750813, 14.89589566851621, 26.83028966106965, 39.75275145426352, 48.83833485937614, 58.40605967950543, 61.065565530256364, 63.694885474883144, 65.46514016795568, 61.42312837695482, 46.79539887465803, 36.40112170522618, 30.51826174385145, 79.95327146916304, 75.74218712898606, 74.12630236604194, 75.53405113800183, 76.62113858605179, 81.8035051458564, 89.2845717882295, 93.03186819495407, 91.98405676390902, 91.15495273528524, 88.71964388123226, 85.18965201534978, 79.40078603124061, 77.94731788658227, 79.55069981489545, 81.61703051071878, 86.81723861500221, 83.56320308826002, 80.56037535745706, 78.97849282025635, 61.01893567900313, 72.27094953638925, 84.53031082205791, 94.63385305597022, 108.12490383068254, 116.82284341263106, 117.12422591139013, 119.29962756354692, 127.40274137724393, 131.75234764508252, 127.41056208562772, 114.4077404150764, 107.00154364887861, 98.23277371740978, 91.45773267147032], [18.94613232077262, 18.271831950896743, 26.945056137273884, 36.13347106658438, 32.39998903675831, 28.308848728278694, 26.81544668752035, 49.5739404621412, 53.945630639602875, 60.802574528584515, 69.76682436413184, 80.75200064306254, 72.9453581221288, 64.76495151036917, 57.16776701675652, 7.548490623934626, 0.0, 8.226221028556793, 19.41258178344885, 30.30938299052112, 29.556489947334427, 18.34166804869039, 8.170273170268793, 7.045840860135077, 9.841267983055891, 44.24320494182753, 53.34908328777826, 60.69609295044033, 71.17085299695624, 79.15513579996197, 77.1309325055071, 69.60468765104049, 61.880757674272196, 54.870129006221134, 48.74629179728022, 21.289028165877017, 32.05918162284237, 44.06395719379694, 51.95297293137821, 61.87414821491321, 65.23158074312009, 68.57743611427824, 70.90826698986277, 67.4288119836178, 53.02989465735116, 43.21871800298206, 37.84553609531743, 81.83431684986459, 78.29567462748282, 77.61072318005756, 79.61793748679456, 81.25371460751083, 86.84776796105412, 94.56333049847144, 97.78931721317187, 96.24313286934726, 94.93219633557308, 91.84157168424973, 87.76469072077226, 81.59813179773579, 81.06916019956454, 83.52913669675833, 86.31505795833002, 91.94403103467198, 88.20476519704152, 84.51425441499944, 82.08683615262537, 55.23383462619899, 67.86019345925278, 81.31954877812636, 92.68099705739242, 107.03519057326272, 117.02299842028339, 118.29110084297928, 122.57946663406165, 131.85444127699063, 136.83067440776807, 132.81202655800286, 120.11304757296355, 113.06430607076366, 104.21672467194297, 97.44318170281537], [20.310774930499203, 16.43528622681361, 22.399761520528454, 31.067047815777702, 28.895855735074555, 27.458645633190432, 27.868038628025186, 55.76163581860979, 60.553508185667546, 67.72785272810407, 76.56774138467992, 86.99478715544744, 79.49961239906217, 71.35912419344938, 63.521053508086915, 15.520310372690261, 8.226221028556793, 0.0, 11.337248984058792, 22.446376277318016, 21.916117659418358, 11.015879748438799, 5.307317633981405, 10.241810475470972, 15.79223262118162, 51.89588752632418, 60.85819822903666, 67.8985709231851, 77.89121011816849, 85.50472742574689, 83.77670142939485, 76.67504598218399, 69.18431793748334, 62.272226817525, 56.207402868103244, 27.8396134699696, 37.630739375398406, 48.91015617541382, 55.06886559949665, 65.29600451083833, 69.6407471858219, 73.67462180473973, 76.13208414452846, 73.04485496276, 59.44659737263085, 49.90913259689985, 44.973081224980945, 83.14121049804781, 80.50079053758405, 80.928548075899, 83.5326312222621, 85.66760324459618, 91.48717711577358, 99.18636994799007, 102.00347957381912, 100.03380300695217, 98.26152714233471, 94.51495222661113, 89.89805457311535, 83.29504183260086, 83.9074024176681, 87.2705103441502, 90.68344774455946, 96.52216308798593, 92.50130585189011, 88.21639114634647, 84.90239839918597, 47.78922362286274, 61.43507470553683, 76.09674197493443, 88.75770605096862, 104.12957430498783, 115.59025057759465, 118.05386115955858, 124.91607326989916, 135.00203130917825, 140.46955448561442, 136.75197352628058, 124.40004820600744, 117.87751431906732, 109.12087992712091, 102.79830746025597], [25.04227726246327, 18.78317375133268, 19.264185680991787, 25.66102120983411, 26.617308410266975, 29.084861198586633, 31.339196476528336, 63.376911692529326, 68.60673460422294, 76.15306058279145, 84.72679629559087, 94.23456394256674, 87.31172075172687, 79.33823945391828, 71.25879646540065, 26.287712790461196, 19.41258178344885, 11.337248984058792, 0.0, 11.358118212008577, 11.807253962767676, 6.76664400315415, 13.844511241276738, 19.41283633436539, 25.275144564471137, 61.624153671084116, 70.29562635992903, 76.81107176652971, 85.97877998965713, 92.9454592891444, 91.65768178060975, 85.26382177946566, 78.20207167450609, 71.48743470154831, 65.56640850738378, 36.952966793729146, 45.82339270876911, 56.447372788547824, 60.26994246007437, 70.69915108121043, 76.34811024390291, 81.05454527946966, 83.20791275493312, 80.35647137691907, 68.19136113157357, 58.69410838166027, 54.06702843377622, 85.5245095210744, 84.16262853538643, 86.00763651148874, 89.24334957312499, 91.85251543649288, 97.6903834166965, 105.0593919624307, 107.5632838704817, 105.22729722277359, 102.98052767677127, 98.5232659803423, 93.33085432491879, 86.20330877409292, 88.32355115756963, 92.7076531396271, 96.68317323569401, 102.48162949993257, 98.40102425376152, 93.59170765366493, 89.279013897497, 36.84239654205725, 51.84759085826885, 68.37484058631998, 82.85653163597127, 99.76551493184539, 113.28624998220988, 117.48642141504484, 127.87956608003412, 138.36772585083142, 144.1295800547427, 140.66032337192112, 128.66917916130313, 122.81362922567676, 114.18960320370307, 108.66009569599241], [30.979258742898057, 24.00348144437952, 19.292260712804445, 21.376487253925255, 25.816666026890925, 31.699597971245392, 35.360641217058394, 70.20527580316934, 75.98660874564118, 83.90871855555115, 92.14674115806612, 100.59432658299814, 94.12707026812741, 86.31433795926657, 78.06060887079519, 36.73305698855942, 30.30938299052112, 22.446376277318016, 11.358118212008577, 0.0, 4.500637617493992, 13.863212520187702, 23.83574574554278, 28.940148639658677, 34.64620518242236, 70.99001619806748, 79.40104154455891, 85.4860169950701, 93.87464969855075, 100.12480690363012, 99.12002305652773, 93.37653595199681, 86.7735523891157, 80.18975721734247, 74.42007999028282, 45.51759558869055, 53.086201214335055, 62.801232893892404, 64.22930382441365, 74.60462595537714, 81.4887855108155, 86.78915194776461, 88.56813350401029, 86.05374257363286, 75.52928733689133, 66.35670112845126, 62.443608723197, 86.1405182804988, 86.09049080833348, 89.32328071174729, 93.13340669742715, 96.17757190905532, 101.957795246567, 108.9247646567592, 111.05453327705567, 108.36855441126598, 105.6718679258955, 100.56558054908346, 94.88372540363765, 87.33280275844218, 90.93417183025453, 96.27014871233743, 100.75215237060837, 106.44834845104988, 102.34723783220338, 97.07939330665525, 91.83619653314767, 26.655337171528128, 41.354229305045074, 59.242090360605815, 75.2489300371751, 93.43393660478807, 108.80897873623839, 114.67420660575151, 128.51515906865296, 139.4031778160936, 145.61005738884668, 142.58657320813987, 131.32155124609426, 126.52351030624237, 118.5666301516966, 114.42601170361279], [28.79328489310009, 21.286026611447472, 15.375936964856159, 17.487709099480842, 21.709760399940624, 28.075425808445097, 32.4784887023776, 68.85945222266615, 75.0022629855944, 83.070606254558, 91.33153777460731, 99.73213288091202, 92.94271017510752, 84.97726787142076, 76.66676605437212, 35.81626725163575, 29.556489947334427, 21.916117659418358, 11.807253962767676, 4.500637617493992, 0.0, 11.903878857171769, 22.34985537560731, 27.401079955666965, 33.19532061914947, 70.38454399179952, 78.9368223126403, 85.23783675240009, 93.83354913772476, 100.11678933771434, 98.86164800371616, 92.92480562158728, 86.26202372718626, 79.50285569037125, 73.66753654800654, 43.78388055416509, 50.40243832882125, 59.44722731518325, 60.45113826357636, 70.76307578506427, 77.76018881145443, 83.26380759920801, 85.32899987237826, 83.21936450065347, 72.78968906375042, 64.22613425294261, 61.11093065564912, 81.96922253139435, 81.96172301380788, 85.34903572844122, 89.30618090500613, 92.52616422348238, 98.49053394145008, 105.66193231910782, 107.47596847274684, 104.58928125155713, 101.75118233097177, 96.50385369069416, 90.73226828708127, 83.17853391763174, 86.88110591504484, 92.40161945247331, 97.12453396969273, 103.05954782785476, 98.69227453847788, 93.20124321053171, 87.77568914004975, 29.477252647026877, 41.227413505744316, 57.56459330385587, 72.86703649689481, 90.42925000499109, 105.37348335117443, 110.9571774758381, 124.6483799334253, 136.2872099579723, 143.111524898269, 140.52130265678488, 129.84350096843562, 125.62691433176552, 118.39243225591808, 114.91828534024738], [21.52568703820333, 14.140383336488478, 14.162161051901755, 21.613606134950686, 21.206445064271215, 23.53886200917912, 26.87761679493329, 61.39714020469685, 67.20764710670092, 74.97644602796008, 83.59202656334035, 93.04989527471163, 85.59168899958668, 77.36216058479486, 69.19771093309959, 24.86908269094453, 18.34166804869039, 11.015879748438799, 6.76664400315415, 13.863212520187702, 11.903878857171769, 0.0, 10.825334347793692, 16.600197168438058, 22.802610416228244, 60.799460675373574, 69.7078803833612, 76.58810441659814, 86.09794965338399, 93.11946852300785, 91.42279139868168, 84.70479854116533, 77.53964338450464, 70.53439575123592, 64.50277954196217, 34.09598336613369, 41.38431402847402, 50.98866327248718, 54.38770682709718, 64.75194320292367, 70.48199445533596, 75.49538560778215, 78.17253960206044, 75.96571922744599, 63.78954036374905, 55.29596176536195, 52.01996572975463, 79.37188744580796, 77.95851974645201, 79.93110277927356, 83.36505707535102, 86.23376766199762, 92.38867374155001, 100.12550683687115, 102.14572687552037, 99.50731093274841, 97.06270251549681, 92.42459143767428, 87.12544613962288, 80.03146432414835, 82.1840587230665, 86.79480965942639, 91.13191874480276, 97.33477398524599, 92.81666192944206, 87.67054797975946, 83.13295475095319, 40.423048890123646, 52.13072338461036, 66.55915870341755, 79.92380702782073, 95.79989324524537, 108.54988262870684, 112.22904787256589, 122.18467912167823, 133.82135595800318, 140.51911035185495, 137.70485747575444, 126.60453113350124, 121.626043746486, 114.12022386245154, 109.62153013996019], [16.246714506252303, 12.209209691425281, 19.25384163437315, 28.39252916504928, 25.067042972872983, 22.681122115424667, 23.292900951397577, 53.02840508241889, 58.3742199876287, 65.8076244498305, 74.62746607342055, 84.85487093415966, 77.0104166007359, 68.68908945196338, 60.743096470075386, 14.237806188036522, 8.170273170268793, 5.307317633981405, 13.844511241276738, 23.83574574554278, 22.34985537560731, 10.825334347793692, 0.0, 6.511515691696138, 12.756305690849569, 50.65743760327273, 59.74451708466185, 66.97796619418911, 77.0778721459725, 84.59420758910085, 82.57689545082569, 75.33838442827773, 67.8660639718676, 60.74142214001962, 54.61833595793533, 24.531550613161716, 33.15125601805811, 43.9835003833324, 49.825531971420894, 60.06115003832062, 64.55406668969268, 68.76015846652163, 71.3641903523662, 68.62345836665362, 55.2119300016912, 46.26118267490301, 42.43138274127041, 77.90507902135279, 75.20286242210692, 75.66822675706567, 78.35099498556617, 80.59803470227456, 86.54042042542855, 94.38609734688868, 96.97312750987946, 94.87532411487506, 93.02723880092918, 89.22914208978534, 84.60365103515214, 78.02533133386727, 78.61744174883215, 82.06516818723281, 85.62544723728713, 91.62716263943929, 87.42590156965802, 83.00604309981314, 79.61115306667715, 49.69583022038262, 60.962917329048764, 74.08542306352824, 85.79278923809949, 100.41102963197315, 111.2185232149523, 113.27471609518392, 119.74301990505388, 130.31867396992635, 136.31512969117242, 133.01609382031697, 121.28947526459486, 115.46431337502636, 107.62485024963857, 102.32075819324663], [12.234069388068878, 11.88845700442383, 21.589362346017445, 30.824820059567728, 26.334205989336414, 21.428344400522853, 19.841231761806398, 46.613107942399765, 51.97215291784045, 59.43021174071684, 68.25069691315566, 78.52809121296856, 70.56175340362647, 62.21392028725201, 54.29650130602116, 9.397475546251451, 7.045840860135077, 10.241810475470972, 19.41283633436539, 28.940148639658677, 27.401079955666965, 16.600197168438058, 6.511515691696138, 0.0, 6.307052490064912, 44.64022322031691, 53.72175972659189, 60.99610993895317, 71.13813721460195, 78.64730917915877, 76.46265850152737, 69.14308731523461, 61.69636829043982, 54.50693016865943, 48.383498052042306, 18.061042045565753, 27.481379640605436, 39.35400212644671, 45.997676169004954, 56.141527642805926, 60.28555323273252, 63.995692781641566, 66.02806221966884, 62.806540595568954, 49.40481588180457, 39.923158301336166, 35.94753244129122, 75.35188176629185, 72.12520674604106, 71.892886384588, 74.12090193605285, 75.93988417213389, 81.53538163426127, 89.15051103338556, 92.19791307199293, 90.51139318385074, 89.0482916628368, 85.763358644264, 81.56432281715549, 75.22536477605034, 75.12313354348223, 77.92399409221912, 80.90963829790384, 86.53347687421962, 82.7603502913677, 78.88650887763447, 76.13420911135137, 53.95243835863229, 63.8297325380816, 75.82571757368574, 86.37639431185345, 100.30351689724519, 110.031253765699, 111.30510418639078, 116.1358199125478, 125.65122385850377, 131.1181747665662, 127.5539891592637, 115.59251580741136, 109.57168909925869, 101.88072702824363, 96.79218205003207], [12.142641750033887, 15.57496341744243, 26.138953072879982, 35.13240790698188, 29.94633716080272, 23.201708388688214, 19.415095781939193, 40.723914725927244, 45.89470611738258, 53.2598910668897, 62.12009894295656, 72.61423925755726, 64.5156574397553, 56.158814400871826, 48.34393723077952, 6.397729230528126, 9.841267983055891, 15.79223262118162, 25.275144564471137, 34.64620518242236, 33.19532061914947, 22.802610416228244, 12.756305690849569, 6.307052490064912, 0.0, 38.5361721801478, 47.624891139362724, 54.97968052674411, 65.2539512180334, 72.85547807495156, 70.49478734887481, 63.02085224627817, 55.53814984898681, 48.292603496877504, 42.1591535973223, 12.047952604255462, 23.00381761604445, 36.03201058415051, 43.811963983204095, 53.67833558545667, 57.21549696270099, 60.267832152691085, 61.724290984813145, 57.91645230525424, 44.325612573826255, 34.14378290592161, 29.68024334142018, 74.38465691746285, 70.55018715955845, 69.4665242470803, 71.14053784448681, 72.44509153720578, 77.64702940589406, 85.02363325522585, 88.59332912538514, 87.38064821398689, 86.36632306647104, 83.6827216545783, 79.98168718167155, 73.9729461250918, 73.03320734591789, 75.04728617549846, 77.356347458524, 82.5614245576879, 79.26414674834827, 76.03409298589315, 74.05867337339431, 58.85468973456721, 67.9254909377564, 79.05628554712692, 88.58024384385513, 101.82374305929659, 110.46576392733236, 110.92070020109644, 113.90308414490536, 122.26521812933652, 127.08652147574408, 123.16642703556117, 110.83425241547327, 104.41348319954577, 96.68597640470011, 91.52168477865906], [45.1392239424042, 52.381459191677834, 63.018389936256455, 70.97396120068265, 65.23702405884231, 56.10545863614949, 48.56173306516012, 23.222424988369603, 19.502181938884508, 21.064813954954978, 29.65259863672953, 43.24558788253218, 35.76491708187795, 29.60406901238872, 26.266005072031852, 36.91201556128884, 44.24320494182753, 51.89588752632418, 61.624153671084116, 70.99001619806748, 70.38454399179952, 60.799460675373574, 50.65743760327273, 44.64022322031691, 38.5361721801478, 0.0, 9.410921990392916, 17.881943745150668, 30.141283867019084, 39.488052352687134, 36.079990511503865, 26.912732824977564, 18.444248752844803, 11.748597264682196, 6.570451469543094, 29.864670656186533, 35.694931252045045, 46.43563110006777, 57.89918434323082, 63.59693904277832, 62.242426988506445, 59.98518513518262, 57.07035908016371, 48.9450353439582, 37.604634280645314, 25.93738487360732, 15.41546584151585