{
	"dissimilarities": [[0.0, 8.34349957587953, 17.927870539752956, 25.466110389074927, 20.1569958409575, 12.545926954619256, 8.559370297872912, 40.823704412057566, 47.57349593883227, 55.82417427815951, 64.11475425166327, 72.7614448100028, 64.90089797737775, 56.607518237454855, 48.48493331875511, 19.14263432338373, 19.717836199920264, 21.112534586491265, 25.70787385591117, 31.230146880336648, 28.9922366411081, 22.04117280882394, 16.781897090630128, 12.944526409808624, 13.132847541108402, 45.19636832468448, 53.968668635197496, 60.628576237161525, 69.23597366336715, 75.48068825327373, 73.29235401143703, 67.00480503633078, 60.272196635712895, 53.090605979123666, 47.70739185794657, 17.399165982807595, 22.45685926009401, 34.19414242601492, 37.66330198302381, 48.358568496562015, 54.38213293093011, 58.4851361944853, 58.584519808612285, 54.93288621322381, 44.6519461457126, 35.15156496972519, 33.585173788458164, 67.72406259778741, 64.24236584329468, 63.7372108694518, 67.02912824492415, 68.7498190281966, 72.76645233530775, 80.37861405506924, 83.70083311819936, 82.1183283700152, 79.68103075492202, 77.43022776762977, 73.26679554351013, 67.75035276698917, 67.18745115904771, 70.30574566927548, 73.11272820389686, 78.95391413258149, 74.81481248002919, 71.15758030035255, 68.14894135143857, 53.22892518470386, 57.84097774576558, 67.26893109454127, 75.58228737094598, 88.83720110171528, 97.57182724665486, 101.62782679374693, 106.7507144512992, 111.46589993851859, 118.62502082913184, 115.02544579307762, 104.4264895751837, 100.31373182326044, 94.2907158559606, 92.5445453760706], [8.34349957587953, 0.0, 10.173197542125193, 18.85855893087709, 14.29695083769354, 10.495279011200894, 12.707771344347403, 49.156298615722946, 55.855455720403334, 64.07914910857355, 72.39959203902865, 81.08227127477289, 73.24025131217797, 64.9255033892226, 56.79824643887236, 21.6225381006537, 19.178493622380305, 17.48472158016238, 19.62569840602767, 24.20961894219017, 21.44241593439315, 14.912030915051982, 13.015505869205315, 12.705968845357091, 16.41942306096493, 52.47082949123324, 61.41835338892338, 68.22960611289756, 77.05954638215704, 83.4347166725269, 81.36491392836149, 74.99035092873517, 68.12928444572026, 60.92477933274517, 55.346512256756, 24.113825288660177, 28.744974771985795, 38.68423476003652, 41.11236603477327, 51.90017653726108, 58.36696841559138, 63.25703429726478, 64.47649799237186, 61.78787553199884, 51.18752113063518, 42.762772392793714, 41.40372811697218, 69.25583651069459, 66.63962350804373, 67.0751503871812, 71.05194528837579, 73.47438999847935, 78.16998684177601, 86.20612729626538, 88.7072314176048, 86.45313925489725, 83.4338656239192, 80.34209461903131, 75.52188616225526, 69.63775964352132, 70.11151977555696, 74.22766553122548, 77.98038992518293, 84.46874960237861, 79.6127175271359, 75.0540484400668, 71.05103149804651, 47.51987045016519, 52.98960224935163, 63.526869123251096, 73.2918814128227, 87.37039977977052, 97.43995991107818, 102.5302599111814, 109.98381084655549, 116.67142854962668, 124.81797485535081, 121.80298866304295, 111.72326022672704, 108.13412693554017, 102.1484102885302, 100.19645224355558], [17.927870539752956, 10.173197542125193, 0.0, 9.484900291640919, 7.562243371014716, 12.738998865248478, 19.125869421828934, 58.308223930642875, 65.35015942369057, 73.63473386656112, 81.85036041740042, 89.9230527176111, 82.30186694043293, 74.06493818445334, 65.84960041964976, 30.669046178787283, 26.59257821751351, 22.126206352145186, 19.197031485075215, 19.191449257364877, 15.319906876766224, 14.005584378729722, 18.741068858874993, 21.258795940734487, 26.071147299103604, 62.62814827274, 71.53100106482887, 78.22701395550004, 86.78339906519874, 92.84487373485987, 90.91750873116442, 84.82469837292497, 78.10986088793683, 70.94319587242877, 65.4455623710942, 34.147705297309756, 37.25046076248231, 45.024640167914214, 44.97271648293144, 55.61481013111161, 63.08607877163346, 68.85086707341893, 70.61229329889159, 68.8321536706197, 59.21888259054075, 51.91191422428422, 51.368497526965015, 69.10338009969574, 68.04526789189987, 70.00263251665089, 74.75309221684506, 77.92637447315454, 83.06850640076667, 91.15186106285314, 92.75347530910673, 89.72094238335451, 86.025144128513, 81.97395182270496, 76.38505077252331, 70.01550446074823, 72.13237004888023, 77.55475970184882, 82.2914215885637, 89.14411166454009, 83.75170727147284, 78.29023910625043, 72.99873018787149, 41.33896838974728, 45.11334777167437, 55.89066692211922, 66.92392558121708, 81.86975594324636, 93.60611793099271, 100.07061645382491, 111.14378121599566, 119.78640396712188, 128.9154872315329, 126.74339967396241, 117.56471144718776, 115.1860706390944, 109.887603751418, 108.79854752462288], [25.466110389074927, 18.85855893087709, 9.484900291640919, 0.0, 7.78145639781847, 17.65006487267925, 24.45342339301835, 64.09977120627349, 71.56562659124697, 79.89190226310515, 87.8667155979339, 94.91079662998105, 87.72017828921518, 79.70747797040246, 71.44567064016555, 39.96272223908002, 35.898771603050626, 30.894475223892957, 25.659286650743372, 21.38154961719054, 17.529592096566564, 21.553216230546983, 28.00180433708153, 30.606057265057274, 35.18779246397948, 70.60242233001044, 79.26345668487738, 85.61059915213153, 93.49830428761464, 98.92112775909575, 97.15122406568702, 91.62452951222143, 85.28776195032586, 78.24325316196385, 73.04686389098347, 42.40388895875381, 44.097556413990105, 50.489852909081065, 47.79775869628018, 58.12429640708438, 66.70339787230816, 72.97326409775712, 74.35800109006607, 72.96357503496674, 65.1985337736992, 58.50513608817255, 58.787268515722225, 67.46365793853951, 68.0586819671412, 71.45967809446047, 76.67907614152546, 80.26023570968528, 85.32153535128055, 92.93617520313126, 94.02673207156643, 90.50395764083815, 86.37606133940633, 81.72771752427103, 75.63071753992074, 68.86392172834879, 72.54988010779266, 78.97052688625129, 84.208813266496, 90.86423934022358, 85.46054677890447, 79.58196713726637, 73.31711458342542, 37.9702222298874, 36.92192094561022, 46.67805607818867, 58.310880971694594, 74.06970465184101, 87.27989011375955, 94.96257945704443, 109.61673049023342, 119.06689777899305, 128.53633277797934, 127.03934370307725, 118.71318036414533, 117.67069060066125, 113.35163399679158, 113.76698482586303], [20.1569958409575, 14.29695083769354, 7.562243371014716, 7.78145639781847, 0.0, 10.29578121162692, 17.92470033427848, 58.281917110596886, 65.95883694661674, 74.30679087007799, 82.3325188944773, 89.64940064462348, 81.98537822745347, 73.77990025198126, 65.4995725312941, 35.64529555987801, 32.59941242862487, 29.101548847329106, 26.74680155780203, 25.618635532846532, 21.591787422613653, 21.438799607386464, 25.156463557424484, 26.543631067765034, 30.366160650524144, 65.15869403135878, 73.94330861420937, 80.54370959191814, 88.7277637155091, 94.36545034255586, 92.21886862465996, 86.36974902005508, 79.8701993589511, 72.68498994015422, 67.4818605985686, 36.36919196440659, 36.813994788058054, 42.72053378205869, 40.40892676580224, 50.848733588611765, 59.146820384200915, 65.3348214626839, 66.9760850950256, 65.82491128499116, 57.67474863623384, 51.599498415969876, 52.73149910579804, 62.230848423093846, 61.859315873785235, 64.59592955089337, 69.65348375431546, 73.13809487819758, 78.35539030240156, 86.32763147658588, 87.43034055732683, 84.04030873917402, 80.07185380568572, 75.69429964883561, 69.86912956140925, 63.324838920603405, 66.15539861980754, 72.15385841528722, 77.28048484924287, 84.18161444506818, 78.6141976790308, 72.81945700537071, 66.9732212842115, 45.01104216009882, 43.898929417691825, 51.56457725841762, 60.95809821569187, 74.93126124488691, 86.16909400918944, 92.58203503104032, 104.41628172187026, 113.88257504182765, 123.8688501583538, 122.4677794767881, 114.34309554631905, 113.38527860135808, 109.56056249472543, 110.22522820735959], [12.545926954619256, 10.495279011200894, 12.738998865248478, 17.65006487267925, 10.29578121162692, 0.0, 8.40855682055756, 48.734738759134984, 56.49120816033607, 64.82074211876593, 72.88595818915259, 80.56869461339464, 72.49231393084338, 64.13069734301679, 55.867769349632795, 29.40346578705764, 28.37898752800896, 27.521829453579098, 29.058321723508996, 31.401056201115797, 27.83896891449274, 23.576627220655755, 22.65337428839346, 21.510031788990062, 23.495065510289198, 55.973307582648054, 64.75663643501288, 71.49813445849882, 79.87437559280272, 85.7017687980349, 83.21611563157082, 77.0938158676855, 70.49443508520218, 63.22995074671187, 58.08794735675307, 27.15442867452249, 26.588460742787994, 33.39760408373319, 32.70259558364854, 43.49741088894439, 51.11676621579338, 56.695695889668336, 57.9656904703901, 56.34181042101256, 47.58644498394611, 41.33950392534992, 42.99401219573243, 58.944222489391244, 56.87029054368509, 58.13495133742086, 62.54652866416387, 65.43608372911947, 70.39449026258151, 78.50731742119594, 80.26366755967548, 77.50100434312475, 74.11063495839214, 70.60721551027623, 65.51855142800592, 59.458709316076366, 60.590881807355444, 65.41141776920765, 69.75906229628556, 76.51101963497075, 71.25480683441666, 66.16814418094238, 61.48995955106068, 52.62259512579714, 52.47057185664768, 59.0854370110347, 66.4133228470769, 78.75885933143115, 87.66343636120415, 92.35257515673196, 100.05301405686505, 108.06059448914692, 117.6633151460062, 115.79153618261927, 107.26732331672416, 105.7393160351056, 101.97759235452719, 102.56136577621511], [8.559370297872912, 12.707771344347403, 19.125869421828934, 24.45342339301835, 17.92470033427848, 8.40855682055756, 0.0, 40.45752020894519, 48.23649679432759, 56.577752680557225, 64.595223524221, 72.21062669276905, 64.23140877616476, 55.931471831151775, 47.658314696989194, 26.684603932778167, 27.652058304634558, 28.73980272371787, 32.147601015004554, 35.852236473527284, 32.94668520440432, 27.606649805995456, 23.989333735992773, 20.684137495214877, 20.494752060415905, 48.75995178832519, 57.260234345759685, 63.739871036823324, 71.7892077176922, 77.43617769103977, 74.93901071938438, 68.99380814170351, 62.58732530407601, 55.419011887483556, 50.51331450531355, 21.24286776194556, 20.88848602581817, 30.071723392157107, 30.737758765362088, 41.5710573902952, 48.69561218575076, 53.32714639545455, 53.17615633229072, 50.24624242974319, 41.8530459216882, 34.1572772293611, 35.47657354009657, 59.44394663392773, 56.41112708960868, 56.56890022390188, 60.16199712799835, 62.191785839434615, 66.29948680404152, 73.8655873401203, 76.69562924625683, 74.75419025644227, 72.0587115251748, 69.55615130103153, 65.22508734189728, 59.562626480510055, 59.51456014756279, 63.155219000359864, 66.34353768944575, 72.27456133134518, 67.92905552922652, 63.943470519723384, 60.44075334942833, 56.47149370787986, 56.77594386165332, 63.24155920796636, 69.63014063293014, 81.58392553121726, 89.41746163605401, 93.1576551834603, 98.58998589903541, 104.0982485775924, 112.29408636067991, 109.587145155662, 100.23032574123482, 97.89673349309457, 93.79781456953833, 94.36210613519553], [40.823704412057566, 49.156298615722946, 58.308223930642875, 64.09977120627349, 58.281917110596886, 48.734738759134984, 40.45752020894519, 0.0, 9.024897940116885, 16.83490517818007, 24.34270142776321, 32.75035349562684, 24.106423878469638, 15.839904900398611, 7.892973534156375, 43.12253783649131, 49.8686768150334, 56.049344989342295, 63.63697025939092, 70.31533963984852, 68.94086040374398, 61.56949019629985, 53.19357018650539, 46.819138784086284, 41.06049342489158, 23.549885309588706, 26.566203972054986, 30.083498619500993, 35.33576821384141, 39.93372871182617, 36.30620927574387, 31.068445233560865, 26.5059745528335, 21.08120410253563, 20.364176615633987, 30.182434242544737, 29.36501880455366, 38.00332930869649, 44.43761882154584, 49.49524070543421, 50.697690754532616, 48.815392504319604, 41.63613675647775, 31.5599248310102, 28.40589343787367, 16.513015109334187, 15.318000960815645, 73.51962882748917, 66.45932762027596, 61.11136626428345, 59.81622803426282, 56.991033953400866, 55.971817057864634, 59.67942365304529, 67.79625245957331, 70.51650994906244, 71.81716470513784, 74.49583782898615, 74.4331253812607, 71.82461706404489, 66.07049752851668, 63.030535069641196, 59.674580460088855, 60.51154804845969, 61.522254721356944, 63.871103070336005, 66.94964130246129, 88.41643000773796, 90.21066412533456, 95.14287666395437, 97.36741880243636, 105.80655840557056, 107.76141544491904, 106.51613400697609, 98.78397675394206, 92.20787105205075, 93.19841931398952, 86.11017439345399, 72.6297162169854, 64.86990577240961, 59.18444989654844, 59.36496250588175], [47.57349593883227, 55.855455720403334, 65.35015942369057, 71.56562659124697, 65.95883694661674, 56.49120816033607, 48.23649679432759, 9.024897940116885, 0.0, 8.349549401261365, 16.57540781515951, 27.20563749754703, 18.876593512185217, 11.743872292622651, 8.397388582275383, 47.06057175802619, 54.1035738790999, 60.713246771910576, 68.74407323304847, 75.98393180495756, 74.97296455964873, 67.2616655866737, 58.422925534378, 52.03761433924721, 46.044794464800916, 19.668045601806146, 19.664505008551373, 21.70527845799846, 26.455368636444835, 31.55114054592201, 27.709951099868217, 22.06017226767481, 17.82846110511541, 13.507580085795125, 15.03648535112857, 35.47758156241923, 36.45268699114273, 45.19940002935972, 52.76911236387962, 57.294013724339834, 57.38366056133069, 54.60742650400836, 47.32188886860749, 36.90384789866514, 33.58169010805266, 22.469893522962522, 18.131243382253214, 81.87579301728168, 74.40833222468834, 68.40876200545456, 66.53261966330126, 63.12929422964437, 61.48971483676787, 64.5053401226898, 73.2908054672911, 76.71501959769721, 78.5785325893605, 81.85248041247704, 82.26768229707926, 80.02538784973186, 73.66942239899814, 69.81249995029204, 65.64867212870593, 65.74560633934483, 67.51668064593225, 70.6654447563482, 74.54071181697026, 93.81049764397515, 97.22681981774346, 103.09085959280041, 105.72775036206787, 114.41665880847464, 116.22951089336362, 114.64508398525815, 105.3252402097713, 96.79993942002976, 95.93578597378816, 87.60658841019082, 72.75483087004228, 62.427041885339726, 54.60291186091178, 52.28359473742767], [55.82417427815951, 64.07914910857355, 73.63473386656112, 79.89190226310515, 74.30679087007799, 64.82074211876593, 56.577752680557225, 16.83490517818007, 8.349549401261365, 0.0, 8.539935148623728, 21.03143943726033, 13.212363697221669, 9.441262210936946, 12.607669870196831, 54.27799791251775, 61.437262228772305, 68.24305654102253, 76.45996351457191, 83.88152156412666, 82.99907219964786, 75.18116176554169, 66.16674952114963, 59.7921328772808, 53.718021525720474, 22.629871670983864, 18.90905754017365, 18.01462078068933, 20.23340973497203, 24.78859819363935, 20.212153225994108, 14.890342034414017, 12.919798286896159, 12.369445484324224, 17.131804862237953, 43.19805705027758, 44.08588492718124, 51.86485155491202, 59.61658454572695, 63.21252093281443, 62.369322927902076, 58.66886714592777, 50.80233971232385, 40.14616066673669, 38.33054924374575, 29.169770592679214, 25.20347280883111, 87.72192895131134, 79.89635495310885, 73.29585019928494, 70.7205231449727, 66.64512328681381, 64.13573860837992, 66.17210904053687, 75.62209656831163, 79.81730938906368, 82.33435549561553, 86.35114599779516, 87.40699173595699, 85.6727093796157, 78.6821691420584, 73.90503599119378, 68.7770070472736, 67.87035574346552, 70.60400476370017, 74.73379927740045, 79.51678216896573, 101.37132136597191, 105.03818656483385, 110.77213192823204, 112.97142623495135, 121.16875484378285, 122.17511153420833, 119.87656249933622, 108.451538788304, 97.78985316196074, 95.2770594150103, 86.00473164020588, 70.37255930158375, 58.32062592225746, 49.7174270229709, 46.53918371555636], [64.11475425166327, 72.39959203902865, 81.85036041740042, 87.8667155979339, 82.3325188944773, 72.88595818915259, 64.595223524221, 24.34270142776321, 16.57540781515951, 8.539935148623728, 0.0, 14.01991049886204, 8.675730996383303, 11.766459134591722, 18.52329614672988, 62.7573004498883, 69.90869610395802, 76.68986647266564, 84.79703826801794, 92.06909960683278, 91.23766299124156, 83.60476149535054, 74.66221182309978, 68.30191229099466, 62.245309699419366, 29.895454647455303, 24.218682265822906, 20.576546150768916, 17.991476010074603, 19.77181211362062, 14.513222762792385, 12.514949059056773, 15.397591956489881, 18.486179063721902, 24.348140150480056, 51.71790859171242, 52.09302814479635, 58.91055505590245, 66.10888100285037, 68.83385863949249, 67.52109359452197, 63.11397357692524, 54.34216266474203, 43.51823002449409, 44.171623700515575, 36.70067086361548, 33.66232596558791, 92.4820837992523, 84.58996486623374, 77.68982911433642, 74.48533715512842, 69.7818193947841, 66.21700548872082, 66.90044853605465, 77.0328292284481, 81.9829563453741, 85.13686122888642, 89.88624842475076, 91.56348641605649, 90.29338945440438, 82.93428885820384, 77.40288471642445, 71.3161474188837, 69.1326045869615, 73.0273929632169, 78.16647184686002, 83.70643777368522, 108.86426489910934, 111.98660557245027, 117.11794728665393, 118.54558616917078, 126.07514763400405, 126.18905970750717, 123.17856183627715, 110.05446869446583, 96.859403823738, 92.36994948853118, 82.1370499867272, 65.80360280292308, 52.30188341782967, 43.563974743548805, 41.055910636107456], [72.7614448100028, 81.08227127477289, 89.9230527176111, 94.91079662998105, 89.64940064462348, 80.56869461339464, 72.21062669276905, 32.75035349562684, 27.20563749754703, 21.03143943726033, 14.01991049886204, 0.0, 10.906348524311792, 19.162123763252573, 26.146764379539967, 74.03710002845895, 80.90117195783857, 87.1397581786832, 94.37398504428855, 100.6413916772023, 99.7510583263242, 93.11972434845642, 84.88730670278107, 78.60891095431015, 72.82801200825261, 43.380012191423106, 37.92177355553826, 33.30321854996453, 26.588555177995175, 22.307587914039317, 19.179546886455505, 23.71744495231951, 28.905149903413303, 32.289998532721924, 37.88459958973315, 62.36963303249813, 61.51407982526391, 67.23466947724688, 72.06167499858084, 73.93091857027152, 73.28165741398126, 68.64174702869266, 57.941601775095776, 46.86598020154872, 52.494624641364126, 46.430964820781554, 45.19384835015425, 94.39133658634908, 87.29505429214362, 80.91777191332066, 77.21920118655018, 71.9352122674152, 66.66187402428686, 64.74806184124229, 75.80227760790024, 81.53778677210657, 85.33378837207819, 90.8529478573894, 93.13830555505105, 92.23306033203387, 85.25616092593087, 79.3743741659264, 72.23355508851205, 67.82458301984006, 73.61440836746559, 79.95262833880894, 85.88703108534168, 115.45675427414679, 116.0355440463967, 119.32643336807607, 119.05286998952465, 125.4524398782545, 124.47228639256663, 120.78021477192142, 107.29894836564928, 89.95074568706428, 81.99679521898082, 70.39102679048332, 52.91041128774311, 38.34837592914592, 31.57249206716926, 36.108471061215695], [64.90089797737775, 73.24025131217797, 82.30186694043293, 87.72017828921518, 81.98537822745347, 72.49231393084338, 64.23140877616476, 24.106423878469638, 18.876593512185217, 13.212363697221669, 8.675730996383303, 10.906348524311792, 0.0, 8.844575813558219, 16.75564647623344, 65.7535896066222, 72.82286137006989, 79.37259724452223, 87.15991432568812, 93.88773550837533, 92.7291063957591, 85.45159377289504, 76.85381029709077, 70.4438421828196, 64.48716625232805, 35.501448439374144, 31.32505416781719, 28.867958782803836, 26.400822356548023, 26.35188400026368, 21.52982231856178, 21.086193361037264, 23.336708684825673, 24.90065058108896, 29.952636909084333, 53.464075337379306, 51.792655854569894, 56.998297346207224, 62.71229313810528, 64.5512504543382, 63.39976534957402, 58.764275265982015, 48.820497016034714, 37.79709630185722, 41.821160875401546, 36.199943698638926, 35.97314998392899, 86.77149469177951, 79.03129073602405, 72.20059635646284, 68.65643824255058, 63.62051198583945, 59.28959638749438, 59.089022744360605, 69.54606199075512, 74.79856674762894, 78.24355112749087, 83.3948134071, 85.45684459041868, 84.50537696852979, 77.08084865874162, 71.2283748088577, 64.61123648371571, 61.58807418946539, 66.19533896437716, 71.9119108625926, 77.78655950716116, 110.52870798832504, 111.42903620196799, 114.81681722818792, 114.78847610747633, 121.02904216904506, 119.96852946924815, 116.2783897050173, 102.24405514119435, 88.24584565206352, 83.9179369740607, 74.11171964994892, 58.64206863630908, 47.187734969176624, 42.16695314292578, 44.81803631884799], [56.607518237454855, 64.9255033892226, 74.06493818445334, 79.70747797040246, 73.77990025198126, 64.13069734301679, 55.931471831151775, 15.839904900398611, 11.743872292622651, 9.441262210936946, 11.766459134591722, 19.162123763252573, 8.844575813558219, 0.0, 8.28209642191885, 57.56552988102381, 64.64726411623194, 71.23766922662377, 79.18518813899456, 86.06111493870527, 84.7548123236591, 77.22546691827654, 68.54629930707871, 62.102874998466575, 56.12381086977962, 29.33211310172293, 27.23563855768941, 27.18706958039086, 28.427562526027888, 30.96420746133603, 26.132756588752553, 22.623411185484542, 21.57990006452627, 20.378880725518, 24.063406114457823, 44.89589976455931, 42.96554860795186, 48.56398622458702, 54.829923940399055, 57.32143363931624, 56.460495221327825, 52.39626699350176, 43.2712115252721, 32.24677958869862, 34.03901373458036, 27.405755950750695, 27.625001491843452, 80.72528554202256, 72.86341274776059, 66.15498517455798, 63.16487161300563, 58.709238958850406, 55.51692317974517, 56.953556342702626, 66.65334963890663, 71.12636597528285, 73.93855181014267, 78.38966651865789, 79.88491494782131, 78.538785278264, 71.29004316613216, 66.06618635684704, 60.38574549670078, 58.827138902276985, 62.123238067805666, 66.83136664607383, 72.0672951444943, 103.65245455886084, 104.83457165972447, 108.56592597609576, 109.101970465689, 115.76107787240636, 115.34654660605837, 112.21481494486042, 99.46285390923313, 88.44798088555848, 86.67497768456313, 78.13981156281996, 63.779726921520506, 54.16209510668228, 49.33189217289425, 50.910274384868266], [48.48493331875511, 56.79824643887236, 65.84960041964976, 71.44567064016555, 65.4995725312941, 55.867769349632795, 47.658314696989194, 7.892973534156375, 8.397388582275383, 12.607669870196831, 18.52329614672988, 26.146764379539967, 16.75564647623344, 8.28209642191885, 0.0, 50.50586086925572, 57.41261680760908, 63.76982650839697, 71.49818569656202, 78.1792181423796, 76.75848848503351, 69.35544639059495, 60.887935214917086, 54.47481878298179, 48.62402165306738, 26.57417947553619, 27.169540552109765, 29.151298739522755, 32.629669450138934, 36.22254095483475, 31.971305630320213, 27.47258300214725, 24.36184932202804, 20.628650702315845, 22.130427017438432, 37.42912958412907, 35.373207071871285, 41.91909242750087, 48.02546638257821, 51.57644459476404, 51.74369399762616, 48.69754103463932, 40.231848501292724, 29.373919805052594, 29.339474372001572, 20.629433069450116, 21.261055447010147, 75.26263836381389, 67.75027657101391, 61.66967018417307, 59.46437607328358, 55.76537456095877, 53.602312857378706, 56.22351268981262, 65.16214587555982, 68.75884010481983, 70.83008375499467, 74.44744350330393, 75.21842021376851, 73.28848182053956, 66.7102310969072, 62.50666838667983, 57.923309583999846, 57.55869779622371, 59.72189167231195, 63.30712679594143, 67.5356284232527, 96.04974941992283, 97.07902264635139, 101.02800051059438, 102.09550018771866, 109.36625738728485, 109.89132305207225, 107.5701078007398, 97.16278619434807, 88.50374281874694, 88.4435120893794, 80.85502015394054, 67.21254617685203, 59.093709471290545, 54.39177460194633, 55.88617611509704], [19.14263432338373, 21.6225381006537, 30.669046178787283, 39.96272223908002, 35.64529555987801, 29.40346578705764, 26.684603932778167, 43.12253783649131, 47.06057175802619, 54.27799791251775, 62.7573004498883, 74.03710002845895, 65.7535896066222, 57.56552988102381, 50.50586086925572, 0.0, 7.558470267806908, 15.514803546726105, 26.118903301481055, 36.301506605539004, 35.477334320738734, 24.784046190512736, 14.344682985360425, 9.448473020267663, 6.193120989111547, 36.829955856869354, 46.031639799962036, 53.55416687354224, 64.08002101084332, 72.14213695125336, 69.94040596925343, 62.22310310927035, 54.53402952647602, 47.4764262217198, 41.15030860940147, 14.763740800703525, 26.78257375479655, 39.66187989168083, 48.75843054694855, 58.28151115985776, 61.12659575324111, 63.833370892487366, 65.33493018277535, 61.27961813819653, 46.7204449086852, 36.34171652511387, 30.403551606666877, 82.04063702178314, 76.62455903539664, 73.97924625286468, 76.39084777628402, 77.44318550552028, 81.63973358058898, 89.9225080257858, 93.79928961111959, 92.96250357091544, 91.18650537407193, 89.67762151187476, 86.24838604921884, 81.52554696024495, 78.92137191889223, 80.42136275435013, 82.45594892707291, 88.60908095596552, 84.45106015939189, 81.44917251456415, 79.97967139257062, 60.44955587737411, 72.16039835043422, 84.58713950778487, 94.27830397379289, 107.70277125783535, 115.90478376247094, 119.14237303522368, 120.2020766248321, 124.25761391231825, 130.6866497332964, 125.86703786771092, 113.67475348194957, 106.44630334361864, 97.54190067982672, 91.01503056993022], [19.717836199920264, 19.178493622380305, 26.59257821751351, 35.898771603050626, 32.59941242862487, 28.37898752800896, 27.652058304634558, 49.8686768150334, 54.1035738790999, 61.437262228772305, 69.90869610395802, 80.90117195783857, 72.82286137006989, 64.64726411623194, 57.41261680760908, 7.558470267806908, 0.0, 8.17421280612035, 19.141660222668957, 29.741245664024582, 29.100711530514594, 18.188886101785833, 8.262772627961267, 7.029315668699123, 9.705444718129563, 44.148843008431896, 53.226903056442865, 60.57392610768399, 70.89987355971768, 78.807654630017, 76.85788573721578, 69.35728030783532, 61.77587166971573, 54.803429525931215, 48.51147136595191, 21.201475066527827, 31.999304962790333, 43.99327665646695, 51.86287356266273, 61.77129910584784, 65.3223361679797, 68.74287767586593, 70.79667082798, 67.27888217453634, 52.97157174400165, 43.144178745737285, 37.73797292786364, 83.89261526282554, 79.26351880026269, 77.47707302044012, 80.46466125033459, 82.05747823763025, 86.67923984528854, 95.1643289260263, 98.52265854761959, 97.17156079659551, 94.92980006991677, 92.76820286240249, 88.78647367797262, 83.68416844031513, 82.00800442941177, 84.37190768769477, 87.11750948476731, 93.65474722925026, 89.04679906933401, 85.36972466687038, 83.04817345244427, 54.525302354837876, 67.67484666514953, 81.27384774728768, 92.22529294407902, 106.53092294957781, 115.98642534766826, 120.16487066066345, 123.48573749739563, 128.7971109116995, 135.73663526289718, 131.2602847602887, 119.30717324662294, 112.47758523682737, 103.50377420134716, 96.95315816058894], [21.112534586491265, 17.48472158016238, 22.126206352145186, 30.894475223892957, 29.101548847329106, 27.521829453579098, 28.73980272371787, 56.049344989342295, 60.713246771910576, 68.24305654102253, 76.68986647266564, 87.1397581786832, 79.37259724452223, 71.23766922662377, 63.76982650839697, 15.514803546726105, 8.17421280612035, 0.0, 11.102343046199799, 21.904848820153063, 21.50144895837062, 10.91935787822315, 5.280856902793523, 10.220177771241016, 15.80233985222704, 51.748242853195194, 60.693018616303874, 67.76264775562338, 77.65928709451703, 85.20306828770987, 83.53539970438652, 76.42736606720742, 69.06158051723273, 62.15334780609805, 55.974083319803256, 27.847929872043608, 37.53346728017469, 48.812635150080695, 54.96822220692631, 65.25076500828153, 69.76420485505398, 73.87534357798212, 76.07582046341297, 72.90650617703818, 59.368765607799226, 49.80312655966118, 44.90961195187566, 85.16237596146485, 81.56369086833054, 80.81993459257758, 84.37028764088781, 86.45314377746708, 91.31829000625746, 99.78419960039086, 102.71234333032335, 100.87435386217786, 98.17976423148453, 95.38898824009883, 90.84714828663188, 85.31575514187654, 84.76376312435359, 88.0507492325873, 91.42547871930392, 98.14171580781452, 93.25476825255521, 88.99367553898273, 85.7679430852562, 47.12905663074663, 61.36710722111442, 76.1201863633785, 88.36790252864394, 103.68456067890332, 114.57315066834657, 119.8313763552217, 125.93067567890739, 132.21680267055555, 139.46061337395034, 135.3239561871955, 123.64104649568091, 117.38018159558995, 108.50638808011816, 102.36391948953396], [25.70787385591117, 19.62569840602767, 19.197031485075215, 25.659286650743372, 26.74680155780203, 29.058321723508996, 32.147601015004554, 63.63697025939092, 68.74407323304847, 76.45996351457191, 84.79703826801794, 94.37398504428855, 87.15991432568812, 79.18518813899456, 71.49818569656202, 26.118903301481055, 19.141660222668957, 11.102343046199799, 0.0, 11.05471874327927, 11.640469809496611, 6.696711805165054, 13.449861100577397, 19.2140503479662, 25.260104313701518, 61.32525209971241, 70.01841548924509, 76.62416962073607, 85.78505612862678, 92.70785607539277, 91.45064391023709, 84.99047068981925, 78.00791641895736, 71.23628946471874, 65.28262031989026, 36.97784124268714, 45.58348729962271, 56.21755808818219, 60.090285382037926, 70.69639165580405, 76.46035414875644, 81.25444334983712, 83.19933232244527, 80.19519550915422, 68.00858627246014, 58.47300959883055, 54.001877538036524, 87.43015358370558, 85.28686812092067, 85.89327694724867, 90.02556230660807, 92.57316321981435, 97.48284276920577, 105.64464782099701, 108.21264394023612, 105.88568131989123, 102.71893894706957, 99.2682329558674, 94.10787258679875, 88.05814881509733, 88.98735007974993, 93.33741170351566, 97.28961661493469, 103.94243617388852, 98.96821619227954, 94.19048863330919, 89.92796954286713, 36.450586707656136, 52.14561130027509, 68.63547280800682, 82.69020763095573, 99.50664194905707, 112.40983599829232, 119.14360264076085, 129.09760721157625, 136.07525148852983, 143.30028025769502, 139.47656291592455, 128.05855178932435, 122.50193250814444, 113.76791396458333, 108.33850046918002], [31.230146880336648, 24.20961894219017, 19.191449257364877, 21.38154961719054, 25.618635532846532, 31.401056201115797, 35.852236473527284, 70.31533963984852, 75.98393180495756, 83.88152156412666, 92.06909960683278, 100.6413916772023, 93.88773550837533, 86.06111493870527, 78.1792181423796, 36.301506605539004, 29.741245664024582, 21.904848820153063, 11.05471874327927, 0.0, 4.4449469429686115, 13.41569766560029, 23.087419995752082, 28.44520204660944, 34.43273628785441, 70.47047285528588, 78.98441649648169, 85.21629430365954, 93.6482289630239, 99.88626876222321, 98.88217349361746, 93.04560420806673, 86.4400315764155, 79.74054960522655, 74.04742704823163, 45.41542201568245, 52.608179268436395, 62.35013595641511, 63.87791258054124, 74.56637100930776, 81.52085752870282, 86.92588721610329, 88.5411841771264, 85.79978022026492, 75.16645992097123, 65.93916902227174, 62.274978489869326, 87.82849557866489, 87.1837943225128, 89.1378855531918, 93.78590765534747, 96.76095797165584, 101.65274523195042, 109.4341505298426, 111.58195449725662, 108.77366938063332, 105.1645882719436, 101.10652767885793, 95.40478022468523, 88.91825344641144, 91.31810517330653, 96.6711415007321, 101.14994042129342, 107.67184553150949, 102.65342136358996, 97.4200902636205, 92.18026207616852, 26.610179231278508, 42.04664617798025, 59.76740498537679, 75.31752364983386, 93.35956543532716, 108.06798573048673, 116.17394443004595, 129.89738172879288, 137.57895288388255, 144.93553234291056, 141.6194613367021, 130.7889410027823, 126.33710733909514, 118.26707482893306, 114.16695555599077], [28.9922366411081, 21.44241593439315, 15.319906876766224, 17.529592096566564, 21.591787422613653, 27.83896891449274, 32.94668520440432, 68.94086040374398, 74.97296455964873, 82.99907219964786, 91.23766299124156, 99.7510583263242, 92.7291063957591, 84.7548123236591, 76.75848848503351, 35.477334320738734, 29.100711530514594, 21.50144895837062, 11.640469809496611, 4.4449469429686115, 0.0, 11.565879980286978, 21.718213428479128, 27.00134806086419, 33.05600742023686, 69.93250924253657, 78.62865680075478, 85.05509646696102, 93.6215332887644, 99.88214867173025, 98.63626194324519, 92.66938618548554, 85.9709848526929, 79.11022393534653, 73.39865542582574, 43.73830528014644, 49.99223557872356, 59.064169938859926, 60.15309304570219, 70.77208616868124, 77.85408134170233, 83.46063276448605, 85.33991508497989, 83.0041128824274, 72.48858261773539, 63.86778260189111, 60.98531763336594, 83.69355749388501, 83.1057577677138, 85.20896458067217, 89.9909046472419, 93.1375955727153, 98.22462135762423, 106.17672243955386, 108.02335949245897, 105.03346282573499, 101.29743956888366, 97.08368265184282, 91.29931993009001, 84.80380774657593, 87.30986738483553, 92.84091936387043, 97.5540843847028, 104.29045094328093, 99.03565927446932, 93.58252377855906, 88.16686395773446, 29.314247666710706, 41.710398621592496, 58.03898631155486, 72.87506767176457, 90.30890595924949, 104.56970562968854, 112.48729941003289, 125.99645921520039, 134.36218399789288, 142.40016919572105, 139.5014643240174, 129.19805947366368, 125.36900572003611, 118.01777926531521, 114.64033740408779], [22.04117280882394, 14.912030915051982, 14.005584378729722, 21.553216230546983, 21.438799607386464, 23.576627220655755, 27.606649805995456, 61.56949019629985, 67.2616655866737, 75.18116176554169, 83.60476149535054, 93.11972434845642, 85.45159377289504, 77.22546691827654, 69.35544639059495, 24.784046190512736, 18.188886101785833, 10.91935787822315, 6.696711805165054, 13.41569766560029, 11.565879980286978, 0.0, 10.560982052873115, 16.49031101230917, 22.83046927034241, 60.56726012448945, 69.56842820932668, 76.50470583474147, 85.89411093399194, 92.86052990383418, 91.20587708668943, 84.51968940642242, 77.37693607357792, 70.33758043287244, 64.34619371762378, 34.14390230260889, 41.209993652357994, 50.82646117104536, 54.25465053746247, 64.77337573250854, 70.64500263332849, 75.7431962386871, 78.17829708705118, 75.82881454819778, 63.66426592551811, 55.129014070197144, 51.971327078465805, 81.31528736173141, 79.12377005369522, 79.84813363844113, 84.16464881960457, 86.96663248151414, 92.21140688085052, 100.69170543485647, 102.801219909779, 100.211527104231, 96.86912988106933, 93.21058750558682, 87.95918288150905, 81.93419862585455, 82.90230504091298, 87.46260400911127, 91.76531098417095, 98.78984163981946, 93.42450642614934, 88.31404932833223, 83.84264508590006, 39.900163600187675, 52.16127491315764, 66.73479897232093, 79.65993681907614, 95.46222725363515, 107.56713803477035, 113.92619021886588, 123.31496272698762, 131.3351295152707, 139.61921502781337, 136.42546531012545, 125.80967758193053, 121.19097562298747, 113.56965886719615, 109.25516873960213], [16.781897090630128, 13.015505869205315, 18.741068858874993, 28.00180433708153, 25.156463557424484, 22.65337428839346, 23.989333735992773, 53.19357018650539, 58.422925534378, 66.16674952114963, 74.66221182309978, 84.88730670278107, 76.85381029709077, 68.54629930707871, 60.887935214917086, 14.344682985360425, 8.262772627961267, 5.280856902793523, 13.449861100577397, 23.087419995752082, 21.718213428479128, 10.560982052873115, 0.0, 6.509422417138482, 12.80687580168969, 50.559749751725285, 59.7045030669643, 66.93280325310504, 76.81941932969002, 84.2391882303695, 82.29965564275396, 75.15604261395605, 67.75880899188648, 60.64698860299843, 54.509679612176896, 24.58242379356301, 33.11146812531425, 43.983053939496806, 49.75505302481348, 60.06944670647596, 64.78955068089546, 69.08162656077373, 71.36080637473263, 68.50593068934839, 55.22343162731155, 46.197892939960916, 42.39121655496408, 79.91878536312204, 76.28426919580271, 75.60998337946599, 79.23773680439034, 81.42526253622965, 86.39916150679855, 94.96574487330385, 97.68729721012228, 95.73157060581686, 92.96685395900404, 90.12001505853138, 85.56758921788706, 80.04949418398522, 79.5004894614431, 82.88091612330324, 86.39275767289067, 93.23418052627714, 88.20229906550777, 83.81621933359199, 80.50262640717706, 48.7887967187167, 60.52445737856597, 73.86504680014632, 85.17088199841231, 99.77573399814047, 110.0418530017939, 114.98674724256679, 120.70282498947263, 127.38137889193769, 135.17987232873756, 131.4399048422136, 120.30448067461707, 114.78779184054244, 106.82144081602652, 101.7808906998403], [12.944526409808624, 12.705968845357091, 21.258795940734487, 30.606057265057274, 26.543631067765034, 21.510031788990062, 20.684137495214877, 46.819138784086284, 52.03761433924721, 59.7921328772808, 68.30191229099466, 78.60891095431015, 70.4438421828196, 62.102874998466575, 54.47481878298179, 9.448473020267663, 7.029315668699123, 10.220177771241016, 19.2140503479662, 28.44520204660944, 27.00134806086419, 16.49031101230917, 6.509422417138482, 0.0, 6.376259030264218, 44.51003853756881, 53.70957655130527, 60.99554341703566, 70.90251801055688, 78.33224167283248, 76.2169215915622, 69.00404791678521, 61.58988275345157, 54.4064538612575, 48.3035558884499, 18.115482572381172, 27.406259355557825, 39.29264555700105, 45.91759015123544, 56.132433921106255, 60.48378538214086, 64.28605089646324, 66.01370146964376, 62.688717933269764, 49.36968238062222, 39.84024843027811, 35.90592906874337, 77.40399027830884, 73.13976153250562, 71.814496659639, 75.010707866581, 76.77498789058417, 81.38842399574442, 89.76866601896444, 92.93901883813056, 91.39021962168403, 88.98947088516529, 86.67120367274812, 82.54718067066608, 77.28758702376898, 76.0151423307681, 78.74308668236444, 81.69006555782839, 88.20072233555906, 83.55023696766801, 79.70059302541878, 77.03534381150216, 53.285418184829346, 63.57149937849654, 75.79760612583826, 85.93352049148685, 99.8137125380516, 109.02156234111052, 113.18303089141669, 117.13383022635715, 122.7034452930647, 130.0533604015484, 126.03845183968298, 114.71339977620191, 108.96980561010703, 101.14327989135599, 96.32874859723023], [13.132847541108402, 16.41942306096493, 26.071147299103604, 35.18779246397948, 30.366160650524144, 23.495065510289198, 20.494752060415905, 41.06049342489158, 46.044794464800916, 53.718021525720474, 62.245309699419366, 72.82801200825261, 64.48716625232805, 56.12381086977962, 48.62402165306738, 6.193120989111547, 9.705444718129563, 15.80233985222704, 25.260104313701518, 34.43273628785441, 33.05600742023686, 22.83046927034241, 12.80687580168969, 6.376259030264218, 0.0, 38.34788135739051, 47.61315693762071, 55.0151664462932, 65.0704641415184, 72.63443023436939, 70.3217217969802, 62.93117145903523, 55.43658627789348, 48.19272744624269, 42.07498626462103, 12.046055047705202, 22.856754743763666, 35.83261800726669, 43.71704146436645, 53.605498401234485, 57.28562553100007, 60.42743612150245, 61.65048152350546, 57.79193432511441, 44.16986224993955, 34.02180101994011, 29.617354287983016, 76.49316462778087, 71.47774739526542, 69.33235334725953, 71.99415400386468, 73.25530059804314, 77.48413947893067, 85.69526677935987, 89.36476099809396, 88.29637803392437, 86.32743685419508, 84.61368721267958, 80.9987219805635, 76.08915662452853, 73.93775843367837, 75.85660124589275, 78.14353126702409, 84.31039305730926, 80.07158678880727, 76.8456263000276, 74.97764545328778, 58.54824458869065, 68.02751180506769, 79.38223486985486, 88.47612877376818, 101.61506047747612, 109.73171934524746, 113.05658091612801, 114.94578328880021, 119.34494022257375, 126.1864369401044, 121.81256368992669, 110.19782126650755, 104.00714216320485, 96.14107553635128, 91.23254586464735], [45.19636832468448, 52.47082949123324, 62.62814827274, 70.60242233001044, 65.15869403135878, 55.973307582648054, 48.75995178832519, 23.549885309588706, 19.668045601806146, 22.629871670983864, 29.895454647455303, 43.380012191423106, 35.501448439374144, 29.33211310172293, 26.57417947553619, 36.829955856869354, 44.148843008431896, 51.748242853195194, 61.32525209971241, 70.47047285528588, 69.93250924253657, 60.56726012448945, 50.559749751725285, 44.51003853756881, 38.34788135739051, 0.0, 9.514617661820575, 17.803047252966838, 29.50033377378966, 38.72850885381272, 35.48461715420244, 26.48213734528867, 18.289043516799534, 11.767439716731971, 5.5991891938456595, 29.652300839166777, 35.63242301755506, 46.41772077498151, 57.7784403396101, 63.443518168747815, 62.36842498022285, 60.23518371098968, 56.946147174298446, 48.75845971502219, 37.65532246519666, 25.877698450854417, 15.06692177279158, 90.88963375974501, 82.78268034571678, 76.42357985027188,