{
	"dissimilarities": [[0.0, 8.471680967060788, 17.763744538925174, 24.47633867950848, 18.59903324988409, 10.394798689022409, 4.2557867306538055, 40.5301839177023, 47.67042746089875, 55.95735346483243, 64.25035112481079, 72.45108971366805, 64.54525795389318, 55.142769273459045, 47.937328318913124, 22.687930152987207, 23.295734984409723, 24.23524368290556, 28.066788969724428, 31.92217171240575, 30.14038180095504, 24.077693763053905, 19.848942685824575, 16.561188379847657, 16.615496326318095, 46.43227652649054, 55.389770391234315, 61.57539784247196, 69.87556784292047, 75.78540019987778, 73.65707535116789, 67.55608951462126, 61.228982656858676, 54.156629876329674, 48.56569899974262, 19.97010297585669, 21.235232753808802, 31.50463022860058, 34.17909543067489, 45.59962381207912, 52.63855204043063, 56.656845604976404, 56.25848192453518, 52.41366512277376, 42.55001731954879, 34.32298984290094, 34.76277716397356, 64.68858354747867, 61.378538020714316, 61.21567648664063, 63.71410778615712, 65.54558485307524, 71.22510792148921, 78.82837444762559, 81.16941046508903, 79.51659562563697, 76.95030122713601, 74.62199297735975, 70.32919262370409, 64.75566820764479, 64.35532900399716, 67.66884711732902, 70.64200624185588, 77.06591491383654, 72.28377900632019, 68.47768417588323, 65.28934220480257, 54.087376777544556, 56.82797830859827, 62.07021688684513, 68.35586014760189, 82.33347766759613, 95.02871697471795, 98.41826464218458, 105.17002397591268, 109.91371444061917, 114.88140992076592, 113.20131214521429, 103.11631521059913, 99.26540201363363, 93.86992434115547, 93.22588766955757], [8.471680967060788, 0.0, 10.127837021448064, 17.927534352976572, 11.996581311228711, 7.394400141300038, 10.045782715125045, 48.82636529392433, 55.91362422542629, 64.13755518481017, 72.53293852392439, 80.88359493189593, 72.87630420183248, 63.41950688844671, 56.23488440687423, 23.99931076184677, 22.017338356139486, 20.481458532042534, 22.37065224911113, 25.23600839069194, 23.04196290524594, 17.310650105531362, 15.919106290473376, 15.440584664635244, 18.462805125482696, 53.15975378393252, 62.34708250575182, 68.86073755601863, 77.54910128839259, 83.73562841798902, 81.67749366592324, 75.35572052358101, 68.74645166459591, 61.57013230564359, 55.78396637441767, 25.2721273481023, 27.10471491516393, 35.616153709774295, 37.501802199409624, 48.8412738353709, 56.10749482546637, 60.9611392583169, 61.96483397424138, 59.31735903326663, 48.833895404566135, 41.649456856555055, 41.91977786046297, 66.2153820659708, 63.6630160325639, 64.3384630148146, 67.56676095621067, 70.14499849300421, 76.54247835959801, 84.68703152876839, 86.1734078259419, 83.80612012707698, 80.65794923393413, 77.45806146347516, 72.52925659984946, 66.62102123695034, 67.17364578729556, 71.4594206021211, 75.4278777283388, 82.69932864157143, 77.02086082486767, 72.25948436852477, 68.09728801025956, 49.03977163997343, 52.68463131459246, 58.954072956807074, 66.66338002445521, 81.30730217823583, 95.3711969272399, 99.70620562588242, 108.5233312368025, 115.49556274832558, 121.58478233187249, 120.48786949039787, 110.99192565016413, 107.53676905752587, 102.11350688797192, 101.05279238203966], [17.763744538925174, 10.127837021448064, 0.0, 8.354871665184154, 4.270336456175088, 10.925054492652292, 17.947673298191138, 58.160819329141006, 65.37971629277332, 73.69474694163466, 81.9231570148538, 89.84080921603308, 82.09285160940387, 72.73468699748355, 65.49963171241467, 32.601375446731815, 28.941378697609085, 24.81905822993576, 22.332652119400528, 20.88797892173089, 17.959434031037, 16.941091669654142, 21.18736279168776, 23.337089063504923, 27.674292304409413, 63.2735415067487, 72.42318617780344, 78.84581954142125, 87.31140492174917, 93.21397304096618, 91.26855725002537, 85.20479381858843, 78.73982209671304, 71.6119797670658, 65.86744756386695, 35.29295135842161, 36.152147898656835, 42.4686042977727, 41.839782978301756, 52.98145981417157, 61.181390196435274, 66.8739332575808, 68.46523280559283, 66.68522102625744, 57.21302151683431, 51.099846733813294, 51.9888784261013, 66.12986088708568, 65.1786536812538, 67.43644328983414, 71.52675291427907, 74.8667366980878, 81.543400701123, 89.74465348726612, 90.38576393666378, 87.2538372069518, 83.39995068835742, 79.222833081116, 73.46643055487026, 67.07127435139543, 69.30984207051107, 74.93437252649672, 79.9122589360355, 87.60335395804842, 81.3223052065338, 75.6352561422802, 70.14997354413572, 43.46136706967348, 45.16217808457995, 51.340282232529276, 60.33862762776438, 75.78583924090032, 91.52832356958044, 97.27983880262633, 109.64952641627563, 118.7444901106311, 125.93545100218381, 125.5594239192525, 117.08981925732837, 114.74834036969239, 110.00003656151888, 109.72746520373776], [24.47633867950848, 17.927534352976572, 8.354871665184154, 0.0, 7.218441251045065, 16.715156965276424, 23.882437146799116, 63.99376466358638, 71.32005149738535, 79.7240745130098, 87.66575909571449, 94.93690118799164, 87.62236732302695, 78.46288079311341, 71.20687917091087, 40.783111497377064, 36.883138259732405, 32.00305063464384, 27.286226992326846, 22.403837942620214, 19.418864331962595, 22.776875510685617, 28.941744583060544, 31.501973738924395, 35.85885434532483, 70.70320840487828, 79.67579264336683, 85.7925948601911, 93.74772176393915, 99.13232608512807, 97.30328521345554, 91.70160583026002, 85.58407703816846, 78.59179680320543, 73.00839081097186, 43.14955354692879, 43.05130766469359, 48.184601218076786, 45.360304231671314, 56.28845083179808, 65.38898266168346, 71.4640492686089, 72.78402938829704, 71.21237668043216, 63.26910749411021, 57.675045266991496, 59.19173256040184, 65.37952089684866, 65.92674286258494, 69.52856802075071, 74.1221693154173, 77.83186558676701, 84.29801260949925, 92.12986060693999, 92.3646187538158, 88.82857874974685, 84.54060031047449, 79.80913158148853, 73.5016700129959, 66.75362872297738, 70.41840102872601, 76.96570993190419, 82.43144759668358, 89.97644357699257, 83.64622571189092, 77.54683251986688, 71.15683677280317, 40.51604306271235, 38.28891503312689, 43.403106745492906, 53.190685491260275, 69.4050070161494, 86.42650912873872, 93.38819893534827, 108.8933316584283, 118.91116867184533, 126.57770249697498, 126.63708846214924, 119.00164992528886, 117.72827286237072, 113.77309709475283, 114.67445034177902], [18.59903324988409, 11.996581311228711, 4.270336456175088, 7.218441251045065, 0.0, 9.879838328986967, 17.780519131652294, 58.23107349171154, 65.58815447218454, 73.95959503709634, 82.03198011249899, 89.75898672888262, 81.97960538640362, 72.68712062273838, 65.43465083873447, 35.447334935546195, 32.3476256649967, 28.76037565490305, 26.599093250929982, 24.646668752085787, 21.645131125304044, 21.138272903692986, 24.839644678723992, 26.39044293630577, 30.18397133848752, 64.67889856536262, 73.82241121048655, 80.1507296777125, 88.43074672726723, 94.10965541463469, 92.02213207706413, 86.07702492468026, 79.7778051113418, 72.64427343831576, 66.99643998708925, 36.75108534416558, 36.05810434376851, 41.17229203808546, 39.25162768640319, 50.31127755547407, 58.977791318825105, 64.88760089551154, 66.43787207621678, 65.01351964140576, 56.35276395050539, 51.02958036914884, 52.905859229977025, 62.17542115353168, 61.58734714098649, 64.29170221254608, 68.59173666375517, 72.11912654317045, 78.79118760467571, 86.96220108680207, 87.32946407741676, 83.99783893749245, 79.97511678014943, 75.60758774440042, 69.69650001926833, 63.210057741004874, 65.83451137931404, 71.79131206886346, 77.01247524940442, 84.77311073423517, 78.34932983146611, 72.45116471896621, 66.64502004510432, 45.88503014944336, 45.02678807925964, 49.09278478882954, 57.01645845503561, 71.92873848159996, 87.4051761075147, 93.08110463904224, 105.78013865662172, 115.43563829791344, 123.16713869157057, 123.24667434053087, 115.48052211777186, 113.87246770623904, 109.97495554037732, 110.67820061657642], [10.394798689022409, 7.394400141300038, 10.925054492652292, 16.715156965276424, 9.879838328986967, 0.0, 8.619808302991492, 48.777133964119315, 56.16148886249674, 64.5029150733177, 72.61058810965766, 80.63796080477886, 72.52054311233131, 63.16391266650413, 55.928444810294465, 29.782925994488018, 28.692417511229287, 27.65987775468236, 29.101467719358503, 30.37743872534296, 27.792177968369913, 23.647364837429755, 22.88377311900975, 21.901996870414422, 23.866584182563624, 55.774201374939814, 64.9276209269903, 71.25760229696506, 79.59599693585119, 85.3681687245547, 83.02524090883858, 76.91176327441093, 70.61716557341516, 63.43272045648288, 57.84648274613974, 28.210651487602306, 26.388937818326944, 32.38632217044243, 31.86362985182638, 43.30236050456568, 51.47887167159376, 56.76626971806728, 57.7238326682045, 55.76232781403317, 46.71926773418492, 41.17723089016085, 43.574385445315706, 58.99797879474865, 56.87331397047038, 58.202852001917314, 61.78602698011688, 64.6970225444071, 71.15031227376471, 79.32427550337117, 80.33483014081345, 77.62330457578473, 74.19564195955492, 70.70314497965356, 65.54893937110471, 59.50437477532439, 60.56146206826321, 65.37396984928324, 69.77053698689214, 77.2343377703455, 71.25464456865504, 66.11516459462828, 61.4483894219206, 52.77991024356516, 52.59813168259958, 55.63913427398507, 61.46348129022518, 75.03386652397356, 88.4307550068901, 92.47802588169138, 101.53495599024842, 109.47197682230714, 116.55694271634292, 116.28860228902148, 108.05332967423864, 105.92533386613955, 102.08372990754818, 102.82708868483617], [4.2557867306538055, 10.045782715125045, 17.947673298191138, 23.882437146799116, 17.780519131652294, 8.619808302991492, 0.0, 40.46619562533875, 47.81350403400351, 56.18126970137561, 64.28046407047458, 72.2571076487987, 64.29357525378758, 54.954727194703764, 47.70680881006778, 26.354530980672354, 27.163757938518856, 28.025546311092757, 31.372196237897118, 34.33247346296024, 32.29447528837614, 26.96592981234903, 23.431208558431724, 20.319272722352984, 20.19423526729381, 48.17598665605507, 57.075517277203964, 63.11973067625918, 71.1672441818748, 76.79307249348857, 74.4932576623146, 68.54581715947636, 62.43912215614622, 55.38117804569473, 49.939295398367825, 22.137034950793772, 20.747562615074205, 29.498063721776212, 30.74570195422791, 42.30825273641598, 49.915265412516085, 54.16136498534846, 53.64107251501843, 50.13316973754028, 41.21026510774441, 34.012442877387116, 35.92253688153038, 60.54456431070424, 57.44176863889293, 57.61727545502216, 60.28755163042018, 62.27826583469422, 67.9578681307132, 75.55956755333521, 77.66746046634024, 75.84402769017208, 73.13743795999508, 70.68371986749116, 66.28983037081308, 60.649923071861984, 60.491429673743966, 64.06714215240878, 67.24420644602017, 73.74432005195378, 68.82516865774856, 64.84171522536859, 61.40498888835405, 55.96959899112865, 56.65101305130687, 60.16361888017919, 65.38699639996008, 78.75307413659169, 91.0247280124706, 94.22736822046588, 101.07504197865134, 106.28115449331564, 111.79546442292069, 110.58619602084599, 101.23476635760872, 98.19515289573354, 93.77879302756197, 94.27510195270472], [40.5301839177023, 48.82636529392433, 58.160819329141006, 63.99376466358638, 58.23107349171154, 48.777133964119315, 40.46619562533875, 0.0, 7.561382973850418, 15.94211616193374, 23.840795412235913, 32.84967553914909, 24.075945093804002, 14.643052999360924, 7.537970664823789, 43.297986160642786, 49.990970586391114, 56.10037966760252, 63.67898955178202, 69.94461102151793, 68.97473478383645, 61.61299902666809, 53.26735927487284, 46.95269744519649, 41.207788245822776, 22.956726814550326, 26.750438749796178, 29.429665036695287, 34.70137092596053, 39.25510099054869, 35.85128355868868, 30.539601001677298, 26.61606152397039, 21.439675701300754, 19.53739772944762, 30.901499098322684, 28.969549116001787, 36.92573310268373, 43.70701714392364, 49.15058380849761, 50.8390400831309, 48.66143928325575, 41.08042401252939, 30.25668760351113, 26.56966923810204, 15.61934237039098, 16.420754873712323, 73.58224786877847, 66.44606184790406, 61.110252709529185, 58.88234681678521, 55.98954532693019, 56.896622679551044, 60.7501375378144, 67.82674762030793, 70.60146979330567, 71.86681589433162, 74.55627079340819, 74.45896316754677, 71.87616995924284, 66.01839631993435, 62.93192589003273, 59.61326329360354, 60.54196525108745, 61.45459358991958, 63.76170405104947, 66.89088407741286, 88.57210592370205, 90.36985080145989, 92.5426953371748, 93.50374636865756, 103.06432311708883, 108.54454476976922, 106.73123912295718, 100.34934246456133, 93.32846447516535, 91.84694243913196, 86.76873661464155, 72.9682298233761, 65.16337237659405, 59.373193934980115, 59.79188559934959], [47.67042746089875, 55.91362422542629, 65.37971629277332, 71.32005149738535, 65.58815447218454, 56.16148886249674, 47.81350403400351, 7.561382973850418, 0.0, 8.443658428079502, 16.64888977933285, 26.45481986341281, 17.51393123958074, 8.35290595201155, 4.2046584585865, 48.47901530771937, 55.421901104909296, 61.85566774425141, 69.72790273642943, 76.36400665455967, 75.55329123155296, 68.0065765268998, 59.35235576220427, 52.99518950010548, 47.06819056106556, 21.85344226488827, 22.832675046186637, 23.83084807669794, 27.904152095811547, 32.25590123661743, 28.540235978900068, 23.352502894546316, 20.415415744455412, 16.707565631567064, 17.00271848907033, 36.64627763720753, 35.608969345572405, 43.04859749357001, 50.30583153890996, 54.81938493253284, 55.43751088326644, 52.32169934118884, 44.177462074661626, 32.907024774203016, 30.419867833934664, 20.902016844439387, 19.910145915947176, 79.4366816288833, 71.92880364603883, 65.9468690547673, 63.05753237072673, 59.47867387643488, 59.527932283770134, 62.5006431750816, 70.3146571213634, 73.84657276697004, 75.75433208182024, 79.1578702299694, 79.67066738301833, 77.5457957491076, 71.0578933039934, 67.05619686696475, 62.76946029300204, 62.63502254012879, 64.60110188020799, 67.87742782317153, 71.90603715683189, 94.56875499134662, 97.02181223736414, 99.5259289820656, 100.36700038890531, 109.66299022505756, 114.44123089149659, 112.06342305646375, 103.80708482333085, 94.62951980813769, 91.53530434237402, 85.47641161401712, 70.50191214805176, 61.06441155776518, 54.23914183605566, 53.71988451601889], [55.95735346483243, 64.13755518481017, 73.69474694163466, 79.7240745130098, 73.95959503709634, 64.5029150733177, 56.18126970137561, 15.94211616193374, 8.443658428079502, 0.0, 8.985230709711242, 20.27181628574058, 11.008507684992095, 5.484036178112066, 9.955058384830748, 55.27654712574088, 62.406513549754386, 69.12895639026108, 77.29132016602956, 84.24051501055747, 83.52799147362212, 75.77325814927244, 66.84753598442124, 60.46081455700358, 54.40095319392103, 24.04992328072555, 21.613415983751896, 20.10723744423301, 21.93776811266593, 25.763159055489023, 21.33564677135615, 16.428429848056634, 15.699869368525713, 15.09249421410063, 18.342226133385335, 43.85908625020508, 43.11261345817116, 49.68814483960591, 57.262365981875895, 60.704809103514016, 60.18641254446801, 56.11834427172759, 47.54443594522041, 36.266816124267386, 35.14722146217278, 27.572162112219235, 26.03877916861737, 85.41640849172465, 77.4851004007589, 70.81004086994923, 67.22850994539766, 62.96023783082808, 62.123829428020535, 64.17195817881235, 72.63649377192121, 76.94184131238704, 79.53635445718227, 83.6959009728344, 84.8959997756548, 83.31361191186096, 76.12469049249134, 71.14239426311651, 65.86986422795208, 64.65496415913549, 67.67493459157129, 71.95024327654656, 76.94273036106338, 102.22099518885359, 105.08330188032805, 107.61094201349881, 108.09591539711036, 116.88174267613428, 120.72207175485958, 117.60052640682993, 107.04703221169217, 95.73612190522879, 91.11321954506175, 84.19779887460537, 68.3165189304586, 57.30033822409742, 49.77354718277934, 48.44464641263033], [64.25035112481079, 72.53293852392439, 81.9231570148538, 87.66575909571449, 82.03198011249899, 72.61058810965766, 64.28046407047458, 23.840795412235913, 16.64888977933285, 8.985230709711242, 0.0, 12.11747400002711, 4.265031881554461, 9.932123702189978, 16.87678749048008, 64.22254699176123, 71.3191342513599, 77.95612488627259, 85.92252344211657, 92.63824740909207, 91.93748634517301, 84.46413196309692, 75.68989938253489, 69.32847613950868, 63.310917061075685, 32.06551866451717, 27.755057560479713, 23.86261350774521, 21.204691064554233, 21.79778640882464, 16.943995632796003, 15.753451578832685, 19.34504107455412, 21.780913651692828, 26.282840952823307, 52.795920767913074, 51.488487943086355, 57.03313554553596, 63.75549475667463, 66.29038603930873, 65.39473679348163, 60.62330345171952, 50.96668798108325, 39.43919103610753, 41.476793569344494, 35.70408063373801, 35.00511156096015, 89.63411642202992, 81.72821913430364, 74.84522043369184, 70.67304260267844, 65.72473513247277, 63.51250966021237, 63.98885343845618, 73.27207546423296, 78.42287371813603, 81.68521416091062, 86.64150954647843, 88.48119301301271, 87.39279859935206, 79.8910137661892, 74.14483674705848, 67.82620494017523, 64.95519076275673, 69.47466560256314, 74.86270203105124, 80.62706946809246, 109.78837818346703, 111.81820946866344, 113.6081549749025, 113.22424522458797, 121.21067588610799, 123.81206409831451, 119.95786419619164, 107.61329202450194, 93.42103036689315, 86.78999689572797, 78.86754771187928, 62.16818035242056, 50.07262124820555, 43.00802015143604, 43.40882338691099], [72.45108971366805, 80.88359493189593, 89.84080921603308, 94.93690118799164, 89.75898672888262, 80.63796080477886, 72.2571076487987, 32.84967553914909, 26.45481986341281, 20.27181628574058, 12.11747400002711, 0.0, 11.461257097302763, 19.91834121160286, 26.084911418717947, 74.31404610715931, 81.12596464065993, 87.27620287129459, 94.48577676188349, 100.48509311281333, 99.84045473688411, 93.23246042703212, 85.05638560719468, 78.85304804025623, 73.08017769316871, 43.26594774860333, 38.302005116074056, 32.93461640044671, 26.148466872432138, 21.441425254368355, 18.360644987306983, 23.09524066990589, 29.26525139007627, 32.906474176322476, 37.55113335296538, 63.01384552950948, 61.3853857267889, 66.62152129776624, 71.6802878847541, 74.0038832375343, 73.7719156346316, 68.86259377550041, 57.85272036783627, 45.880882136463, 51.396791214249994, 46.12647687024368, 45.92072283383746, 94.46321948567537, 87.3050422734555, 81.00115981645443, 76.60374730118077, 71.23109321794814, 67.396321736575, 65.69386878101578, 75.8683273559519, 81.75123323397908, 85.45372421156132, 90.99739903602133, 93.15675225215952, 92.27593066237135, 85.21203927910125, 79.30264768380893, 72.19774638672698, 67.25336272239299, 73.54816007132285, 79.8529153782664, 85.8202340279417, 115.63774049069471, 116.15763865075421, 117.15210420873723, 115.96135237454214, 123.39768746139927, 125.01327142937868, 120.91914352886283, 108.47837396185228, 90.39119380056046, 80.502061229195, 70.70291660261516, 52.1734118296915, 38.39452741588224, 31.666544724093878, 36.76184236171856], [64.54525795389318, 72.87630420183248, 82.09285160940387, 87.62236732302695, 81.97960538640362, 72.52054311233131, 64.29357525378758, 24.075945093804002, 17.51393123958074, 11.008507684992095, 4.265031881554461, 11.461257097302763, 0.0, 9.655895421569147, 16.692092060148987, 65.76853646811017, 72.8232921864072, 79.3540609605863, 87.18315517763446, 93.61162815575403, 92.78301681429686, 85.46135828679957, 76.84905737898248, 70.47221532311787, 64.50492430942792, 34.802064471170254, 31.25703062802873, 27.891738580925285, 25.418065183005844, 25.33165136571905, 20.598810558221707, 19.940831746472412, 23.233565636641526, 25.005091516218112, 29.04228534408651, 53.84083571559664, 51.48567552822417, 56.13721152208547, 62.1484985184649, 64.2341782808183, 63.39350554380487, 58.47759759535127, 48.259592054890604, 36.594678810124634, 40.34318337939837, 35.668098182059076, 36.41168443761906, 86.80835281899289, 78.94538659165845, 72.07568904063776, 67.74955065118084, 62.62265612694359, 59.9767909489558, 60.0535418640059, 69.50019867062797, 74.82116264947379, 78.22655769678187, 83.39372187141359, 85.42487887130828, 84.51597524636672, 76.94490200296705, 71.01302791676174, 64.42574358955244, 61.116752927298926, 66.01029916469771, 71.69000800125376, 77.64587213024154, 110.81787618707801, 111.81169627756192, 112.65911722324499, 111.53667110015017, 118.88282159216811, 120.83690822626934, 116.6171887340388, 103.69838438013684, 89.18915587041123, 82.71752319934744, 75.11726368852084, 59.0585368697105, 47.995754999300324, 42.90347288509452, 45.721212482027525], [55.142769273459045, 63.41950688844671, 72.73468699748355, 78.46288079311341, 72.68712062273838, 63.16391266650413, 54.954727194703764, 14.643052999360924, 8.35290595201155, 5.484036178112066, 9.932123702189978, 19.91834121160286, 9.655895421569147, 0.0, 7.25808526161418, 56.45298766809605, 63.48371511608598, 70.00547513418513, 77.92148784214695, 84.42757181534206, 83.53277239800619, 76.02746444413799, 67.37247784262878, 60.97480120751294, 55.01141113192834, 27.640536150773105, 26.46951209746538, 25.544957458614256, 27.006161622793456, 29.716537673488816, 25.253942285124715, 21.42609194777503, 21.057133172253863, 19.80657901847088, 22.160191578449272, 44.28643133805995, 41.94469773143548, 47.38457735926953, 53.97760725179832, 57.00649754546365, 56.739664123260965, 52.59772193332351, 43.261111951446516, 31.575642238918988, 32.56872037734312, 26.294274098884454, 27.195390047591413, 80.85625512314114, 73.00818971686579, 66.4231653557869, 62.737348295936016, 58.33249844739025, 57.12592517470217, 58.90771484671299, 67.4774600977283, 71.86408988336946, 74.52332101520712, 78.83370000573254, 80.16456143533351, 78.71268680057516, 71.51243628729094, 66.43174972068873, 60.967716188128634, 59.43365992874144, 62.712949684774756, 67.19621850719699, 72.29582442384925, 102.46644227078656, 103.89979547139625, 105.19921231698007, 104.78151140561665, 112.84771987910487, 116.02577556947323, 112.56278411943927, 101.66781397400068, 90.34881461189906, 86.20380366507577, 79.8224340954195, 64.8407926151851, 55.23387030917415, 49.848794110742105, 51.27045037637011], [47.937328318913124, 56.23488440687423, 65.49963171241467, 71.20687917091087, 65.43465083873447, 55.928444810294465, 47.70680881006778, 7.537970664823789, 4.2046584585865, 9.955058384830748, 16.87678749048008, 26.084911418717947, 16.692092060148987, 7.25808526161418, 0.0, 50.28387712921873, 57.150652516220575, 63.45221168323964, 71.16772837671228, 77.47298084498378, 76.50691621862926, 69.11971267095218, 60.66005106863683, 54.29952065996164, 48.45189500396939, 25.271714541256237, 26.591887921543385, 27.543238581193553, 31.027731993795403, 34.64355855138096, 30.700424127896035, 26.081287845537098, 23.75893895024508, 20.27172320172831, 20.539072082574346, 37.85867506357619, 35.306844851386764, 41.553199698846306, 48.048357701425786, 52.088439584090935, 52.77800882300337, 49.51102492639846, 40.742530083645235, 29.1436994735713, 28.421265827012316, 20.355286005638217, 21.840525573084616, 76.14666136058348, 68.61562300344717, 62.602389642160645, 59.564796366080245, 55.82795215712461, 55.573695230080226, 58.354756591576994, 66.2523818289799, 69.88395100562438, 71.8904253215826, 75.47098975573708, 76.15444317980868, 74.1909494154246, 67.58707339168639, 63.40818743840372, 58.90966174534933, 58.52274784917694, 60.702375507488874, 64.19981027516141, 68.40945698030772, 95.7842656433741, 97.08584950802548, 98.52315372713153, 98.5454261439483, 107.16213950868662, 111.28826337452087, 108.5303483160089, 99.71405463018718, 90.49383693657273, 87.78404157366484, 82.16269014706565, 67.93356920588202, 59.52053966320216, 54.29548185155468, 55.66916608626399], [22.687930152987207, 23.99931076184677, 32.601375446731815, 40.783111497377064, 35.447334935546195, 29.782925994488018, 26.354530980672354, 43.297986160642786, 48.47901530771937, 55.27654712574088, 64.22254699176123, 74.31404610715931, 65.76853646811017, 56.45298766809605, 50.28387712921873, 0.0, 7.57809963491039, 15.653377085989268, 26.309016891677057, 36.109989556211524, 35.697478793551035, 24.978242449650633, 14.42734735719671, 9.405528759216516, 6.185205245606487, 36.880957132427056, 46.04767619687268, 53.53237885756572, 63.96233959949718, 72.04193736942516, 70.1151912316882, 62.3881173941679, 54.57094571441969, 47.47197501780715, 41.30862980988279, 13.913991324003119, 25.874781698500453, 38.46787256870363, 47.821451759942185, 57.28145150700137, 60.3891062562419, 63.039174607076795, 64.44919332846432, 60.636872271907684, 45.659211890709834, 35.72049056880055, 29.973661896533446, 82.2403361315518, 76.75776945139359, 74.00347487355664, 75.4099027416864, 76.49648746736298, 82.70390283939928, 91.03102757170019, 93.9083603582733, 92.9738721587324, 91.25736329517947, 89.72955963150594, 86.44188441248072, 81.7484741575539, 79.05518732835912, 80.48988504736009, 82.53930996026075, 89.3292193657065, 84.5614799422713, 81.53779164998379, 80.13590522034406, 60.49596832005844, 72.1167900288244, 81.993005151528, 90.25782716294057, 104.55224983729573, 117.05700098720396, 119.58573912208769, 122.15731423489866, 125.91323398100856, 129.6695074283831, 126.72168892359491, 114.25459760310432, 106.83408401544766, 97.74334981992378, 91.26462333990669], [23.295734984409723, 22.017338356139486, 28.941378697609085, 36.883138259732405, 32.3476256649967, 28.692417511229287, 27.163757938518856, 49.990970586391114, 55.421901104909296, 62.406513549754386, 71.3191342513599, 81.12596464065993, 72.8232921864072, 63.48371511608598, 57.150652516220575, 7.57809963491039, 0.0, 8.317309327470088, 19.31012262796821, 29.525918022919814, 29.28520557128177, 18.366029353428086, 8.320524965633236, 6.941446298338553, 9.68430679070841, 44.24633010815558, 53.24570258083962, 60.58861651044651, 70.81943352811835, 78.72925938702161, 77.02757775293843, 69.52527830005886, 61.806519246691366, 54.80620953709624, 48.68289861181039, 20.54940151431304, 31.140492000388193, 42.84411043347931, 50.91970882540569, 60.81956949286115, 64.64718150128412, 68.01143937637718, 69.96693188205612, 66.63757787934226, 51.97353537519722, 42.54466487849932, 37.347035243951964, 84.06504511193549, 79.37610853316232, 77.49960025160043, 79.50935127170997, 81.13867999740913, 87.69647454980955, 96.22123864364603, 98.61993287067196, 97.18403321352594, 94.9931976234301, 92.81469276041813, 88.95552286141096, 83.87792025184052, 82.12075533886602, 84.42867299979791, 87.18975995229094, 94.3959016078053, 89.14226441072618, 85.44333653932928, 83.18036979390031, 54.46111988678105, 67.46684254073448, 78.64214801803769, 88.2095807994448, 103.31464513261187, 117.07030861210404, 120.55912453035417, 125.3685502411625, 130.4109177344557, 134.70893386305053, 132.00973046186186, 119.80997046756477, 112.77550903432663, 103.62511849648172, 97.12810783342921], [24.23524368290556, 20.481458532042534, 24.81905822993576, 32.00305063464384, 28.76037565490305, 27.65987775468236, 28.025546311092757, 56.10037966760252, 61.85566774425141, 69.12895639026108, 77.95612488627259, 87.27620287129459, 79.3540609605863, 70.00547513418513, 63.45221168323964, 15.653377085989268, 8.317309327470088, 0.0, 11.09443693936709, 21.52176701523688, 21.504018746568047, 10.949766976127531, 5.290377540151648, 10.258105968113751, 15.860226461685848, 51.89414214558589, 60.742840944006375, 67.80638374740778, 77.60913586561088, 85.12389256576908, 83.66841205961236, 76.57569744879186, 69.10043945804271, 62.19689914597901, 56.14256244622323, 27.451740522729665, 36.718581965558116, 47.70356726297314, 54.02074819904279, 64.43384718271521, 69.27613712840498, 73.30342571078535, 75.35856314244839, 72.23447520727353, 58.40016154865375, 49.20733783093859, 44.621770443737404, 85.27883569323026, 81.63766041209556, 80.85196345977393, 83.46342417413172, 85.57805580727633, 92.26977285713421, 100.76803964488099, 102.79301761254037, 100.90432423338305, 98.23797740101914, 95.4360104474022, 90.9663005817958, 85.44908506226638, 84.83491549573155, 88.08652661577412, 91.48040894602882, 98.86850295716067, 93.32308855761508, 89.03771546750241, 85.85046307160059, 46.813978299713504, 60.824147808502026, 73.34342464306597, 84.31093668387798, 100.35949075948086, 115.47851375546209, 120.10251480131461, 127.66043863027568, 133.70685803678563, 138.3744981369027, 135.87084979415167, 123.97993513237556, 117.5130559344762, 108.48520227398134, 102.426497580641], [28.066788969724428, 22.37065224911113, 22.332652119400528, 27.286226992326846, 26.599093250929982, 29.101467719358503, 31.372196237897118, 63.67898955178202, 69.72790273642943, 77.29132016602956, 85.92252344211657, 94.48577676188349, 87.18315517763446, 77.92148784214695, 71.16772837671228, 26.309016891677057, 19.31012262796821, 11.09443693936709, 0.0, 10.848913162412678, 11.65079987951364, 6.674532599526952, 13.541032173466172, 19.417132801391197, 25.414770984999826, 61.496851290708285, 70.09114289125051, 76.70791845062533, 85.82494284447976, 92.71163777485299, 91.59447796455305, 85.13436728144748, 78.06429121957, 71.33853374608387, 65.42957410078127, 36.839178711308705, 44.781917324921345, 55.06416846298767, 59.141689279203646, 70.0590161501921, 76.16218566945321, 80.81213668430298, 82.60344495392587, 79.45937896107512, 66.9618112268246, 57.84140067948666, 53.842043690100255, 87.5054447536611, 85.29950829540124, 85.90123354410164, 89.14443593710058, 91.71584490529445, 98.32682499332964, 106.55022720666688, 108.27246744228594, 105.94881848760531, 102.77441983501781, 99.32382563047683, 94.16055662964767, 88.12889226775869, 88.98210019884145, 93.30819190795144, 97.29510789649166, 104.62782919377898, 98.9763796155878, 94.1593566158661, 89.92266289584573, 36.141987969030964, 51.45599239118325, 66.04425838539794, 78.98294887169294, 96.3529922019005, 113.23070735278613, 119.3928838830146, 130.62588007506596, 137.4598422011798, 142.28788834013164, 139.8923129331207, 128.32580203116896, 122.58047906852141, 113.7378529545912, 108.40697572463905], [31.92217171240575, 25.23600839069194, 20.88797892173089, 22.403837942620214, 24.646668752085787, 30.37743872534296, 34.33247346296024, 69.94461102151793, 76.36400665455967, 84.24051501055747, 92.63824740909207, 100.48509311281333, 93.61162815575403, 84.42757181534206, 77.47298084498378, 36.109989556211524, 29.525918022919814, 21.52176701523688, 10.848913162412678, 0.0, 3.250620158963517, 12.56309461418241, 22.59395061004129, 28.138373351468154, 34.10555713492718, 70.352116940744, 78.88623133136495, 85.15994679722554, 93.65719191083963, 99.88550172864552, 98.88738220579755, 92.98010005571032, 86.31187236798588, 79.64211416657241, 73.85596747745518, 44.960377287756096, 51.08068390878517, 60.225927661338595, 61.93392225635663, 73.08289683283756, 80.39831567778707, 85.64558627328938, 87.19190043563901, 84.25766948404434, 73.28334784952395, 64.69684745640481, 61.841169346211714, 86.79027324593173, 86.05046921218981, 88.05490821743122, 91.91019523593619, 94.94679243908816, 101.4512147127987, 109.38786703477031, 110.67817112726156, 107.87995848031113, 104.1959568037213, 100.11053447939607, 94.31212354993579, 87.8524336598548, 90.16652524573057, 95.54295152493958, 100.13658192302486, 107.42527141848687, 101.63012210281089, 96.28032404804846, 91.01746717662087, 27.349648609407325, 41.43782430005651, 57.048994165496424, 71.43437855344547, 89.70719623397808, 108.00751805301412, 115.52880243306231, 130.22566478682367, 138.08082124349022, 143.41261755849828, 141.45466511275083, 130.73114743602716, 126.19574352483643, 118.24107292728496, 114.41400233142306], [30.14038180095504, 23.04196290524594, 17.959434031037, 19.418864331962595, 21.645131125304044, 27.792177968369913, 32.29447528837614, 68.97473478383645, 75.55329123155296, 83.52799147362212, 91.93748634517301, 99.84045473688411, 92.78301681429686, 83.53277239800619, 76.50691621862926, 35.697478793551035, 29.28520557128177, 21.504018746568047, 11.65079987951364, 3.250620158963517, 0.0, 11.520165317566368, 21.831569467229173, 27.269189311640144, 33.261521113205184, 70.02009487507213, 78.72150292343473, 85.08223547336655, 93.64829454988678, 99.87198538214649, 98.71108787098778, 92.73051716987844, 86.04272349596242, 79.25726915265234, 73.43366854649916, 43.91647171932952, 49.30578241379171, 57.92865916528285, 59.25241223141217, 70.35000850021825, 77.7951667697535, 83.1930877006514, 84.90143966114438, 82.26913739625671, 71.43816124951147, 63.3052068493209, 61.03261402877477, 83.72616910069776, 83.05679155819159, 85.19347701912396, 89.16134292321728, 92.32631616876057, 98.93712188139754, 106.97823553444461, 108.06220537075302, 105.12630243882342, 101.34851977465254, 97.14566273050083, 91.28545397342742, 84.8118894951925, 87.22863539724594, 92.7476657183453, 97.51215482231004, 104.96092461996788, 98.9860907821209, 93.47740524064322, 88.07444175442924, 29.279932096786634, 41.13959250896433, 55.46816744916386, 69.29632131341526, 87.22540685227926, 105.32639309697652, 112.71074656413379, 127.32892895598498, 135.68183743497863, 141.46764296159088, 139.84898691967535, 129.57208564130994, 125.4531898166907, 118.03714259059673, 114.77503917957321], [24.077693763053905, 17.310650105531362, 16.941091669654142, 22.776875510685617, 21.138272903692986, 23.647364837429755, 26.96592981234903, 61.61299902666809, 68.0065765268998, 75.77325814927244, 84.46413196309692, 93.23246042703212, 85.46135828679957, 76.02746444413799, 69.11971267095218, 24.978242449650633, 18.366029353428086, 10.949766976127531, 6.674532599526952, 12.56309461418241, 11.520165317566368, 0.0, 10.676077561147542, 16.682996929184817, 22.98164619725613, 60.64146548574031, 69.64627826534132, 76.50403773015945, 85.83691411690367, 92.76966098194852, 91.27612444994085, 84.59521758063462, 77.43654861034675, 70.4307092099054, 64.41375869081519, 34.13583690580287, 40.53454697787085, 49.75501894696902, 53.3504680886625, 64.14564924882029, 70.38069377770935, 75.34388655225607, 77.61400008441457, 75.17727600739927, 62.7272381367208, 54.625313097537514, 51.90892220630211, 81.40047254608638, 79.15527576252106, 79.87053598587305, 83.31286700883778, 86.14479648596044, 93.05513422443133, 101.58597349831014, 102.86950128265401, 100.26902824593073, 96.92806671906884, 93.26645626316268, 88.03117413690272, 82.02233858031985, 82.92010538094196, 87.45533811105638, 91.7893868607131, 99.53451497500005, 93.45334074231808, 88.30689089658836, 83.86307181477571, 39.69309847217236, 51.672347294944714, 63.899163777089676, 75.59920282930665, 92.11088470562476, 108.41766204033769, 114.1653716393142, 124.89572377259165, 132.78764061546386, 138.5914453810147, 136.90855810236678, 126.25101734324407, 121.31839469689078, 113.57950382295982, 109.36520198953352], [19.848942685824575, 15.919106290473376, 21.18736279168776, 28.941744583060544, 24.839644678723992, 22.88377311900975, 23.431208558431724, 53.26735927487284, 59.35235576220427, 66.84753598442124, 75.68989938253489, 85.05638560719468, 76.84905737898248, 67.37247784262878, 60.66005106863683, 14.42734735719671, 8.320524965633236, 5.290377540151648, 13.541032173466172, 22.59395061004129, 21.831569467229173, 10.676077561147542, 0.0, 6.5359537000834065, 12.844355315464805, 50.57731321570699, 59.73526678387476, 66.8891633857354, 76.70700195322877, 84.11759495238526, 82.38521026783343, 75.23686558231289, 67.78949069738188, 60.67798035549641, 54.568093365272404, 24.31915516514562, 32.32042891075409, 42.82188353167196, 48.798970228035735, 59.24232546196506, 64.2939462183717, 68.49230779897856, 70.64299935261708, 67.85666197535146, 54.233512532492156, 45.65130368178277, 42.19432264212101, 80.04874279478817, 76.35087201945464, 75.61688580687736, 78.30978545349727, 80.5336864737301, 87.32596842144619, 95.9407012782084, 97.76263281812501, 95.75370063767198, 93.01856432735696, 90.16059011610162, 85.68713375011781, 80.19221934483134, 79.56024134092803, 82.89512970988496, 86.4308675550316, 93.9800428081382, 88.25631559078744, 83.8405018546918, 80.57511312653682, 48.73220104106985, 60.306120750022785, 71.11289687309907, 81.05822956750944, 96.4725757988464, 111.05216464105864, 115.32390191346714, 122.46407976336408, 128.94529884326224, 134.15583204745582, 132.10133448020986, 120.84733806151273, 115.03559696147968, 106.91842256902055, 101.95067295377306], [16.561188379847657, 15.440584664635244, 23.337089063504923, 31.501973738924395, 26.39044293630577, 21.901996870414422, 20.319272722352984, 46.95269744519649, 52.99518950010548, 60.46081455700358, 69.32847613950868, 78.85304804025623, 70.47221532311787, 60.97480120751294, 54.29952065996164, 9.405528759216516, 6.941446298338553, 10.258105968113751, 19.417132801391197, 28.138373351468154, 27.269189311640144, 16.682996929184817, 6.5359537000834065, 0.0, 6.362587558611906, 44.430356658000406, 53.705425128557295, 60.89851270528932, 70.77017054403767, 78.22209084260652, 76.31495338509542, 69.06554426669288, 61.60799019591615, 54.41662566801258, 48.29415070748419, 17.8012088689316, 26.480802668637764, 37.963834581515606, 44.913405610835774, 55.23160019273606, 59.88497295039991, 63.58225337974603, 65.21995701446396, 62.00388146885194, 48.22959922148782, 39.228818777336, 35.698688759163275, 77.56677416790947, 73.20414807183742, 71.7834235311245, 74.01456806339081, 75.81596208007544, 82.32821562763704, 90.78486763081943, 93.01242316064194, 91.40342479664974, 89.03677175554463, 86.70724699689424, 82.67729457866328, 77.45593870496651, 76.06651853702418, 78.7297827047415, 81.70669883170073, 88.9202385138484, 83.58816086700224, 79.70142749536298, 77.10241406882444, 53.503020531256226, 63.69805960707341, 73.24701928950375, 81.96532083419886, 96.69677665530695, 110.19181122953783, 113.64328134172939, 118.96634414313593, 124.34748333905966, 129.11648588090304, 126.86688148879612, 115.4172529960723, 109.37875246662763, 101.39898619029334, 96.63376504425715], [16.615496326318095, 18.462805125482696, 27.674292304409413, 35.85885434532483, 30.18397133848752, 23.866584182563624, 20.19423526729381, 41.207788245822776, 47.06819056106556, 54.40095319392103, 63.310917061075685, 73.08017769316871, 64.50492430942792, 55.01141113192834, 48.45189500396939, 6.185205245606487, 9.68430679070841, 15.860226461685848, 25.414770984999826, 34.10555713492718, 33.261521113205184, 22.98164619725613, 12.844355315464805, 6.362587558611906, 0.0, 38.24205850934792, 47.6176342734396, 54.889700259729175, 64.8942056889996, 72.47959401646239, 70.40431595727077, 62.98367903741582, 55.46026762614557, 48.201813715252264, 42.0575285972727, 11.619979110745852, 21.858705935136186, 34.48177325363745, 42.71540140195614, 52.67243756306045, 56.66744989574334, 59.707181131295435, 60.819298171096584, 57.09753342758338, 42.989669226139526, 33.38430863255702, 29.394185496294345, 76.66468817001383, 71.56245954248622, 69.31928186822557, 70.98988072418702, 72.28396993065572, 78.47551863569417, 86.75290226235875, 89.44808408648596, 88.30933989422107, 86.3814961291154, 84.65436041119466, 81.14711355833182, 76.27271297178542, 74.01308281400077, 75.86627998096881, 78.17891608851099, 85.00480930173549, 80.12972119293119, 76.87089098143022, 75.07052236679891, 58.71291443552543, 68.13342316246606, 76.76012515439817, 84.41544344813539, 98.4730355289085, 110.88418826527479, 113.49858729922173, 116.82553139411982, 120.98303359146655, 125.19649550225117, 122.66333867340902, 110.8824991047875, 104.42051429309558, 96.38996980892337, 91.53928829908602], [46.43227652649054, 53.15975378393252, 63.2735415067487, 70.70320840487828, 64.67889856536262, 55.774201374939814, 48.17598665605507, 22.956726814550326, 21.85344226488827, 24.04992328072555, 32.06551866451717, 43.26594774860333, 34.802064471170254, 27.640536150773105, 25.271714541256237, 36.880957132427056, 44.24633010815558, 51.89414214558589, 61.496851290708285, 70.352116940744, 70.02009487507213, 60.64146548574031, 50.57731321570699, 44.430356658000406, 38.24205850934792, 0.0, 9.79162814987196, 17.79657326214108, 29.234766054099232, 38.442866124398414, 35.6083216762717, 26.628911423858035, 18.224756489258805, 11.32060664179336, 5.784143750835467, 28.93097736618775, 34.36431930125318, 44.687647143070365, 56.19049539756069, 61.620149853390664, 60.73689948079549, 58.468086794626736, 54.92413149476601, 46.93843735367932, 35.43752659354986, 24.127816426856302, 13.45402999666572, 90.16186225781276, 81.9827547