{
	"dissimilarities": [[0.0, 8.358867079233942, 18.13752641073564, 25.83588017486267, 20.56452044053972, 13.35331056643333, 8.60412438801776, 40.88716744520307, 47.643445787974464, 55.931144379185646, 64.21280308139148, 72.89163054970052, 65.16238727969102, 56.87309395335535, 48.5656343871534, 18.081325357135743, 18.730467028867967, 20.37176130486034, 25.036397011829376, 30.909548632054943, 28.786553442035416, 21.513692636688518, 16.0147536371238, 11.768857622093915, 11.917373817698849, 44.91638233353508, 53.76601404469179, 60.40481928651295, 69.09840831052219, 75.73977717031897, 73.29315103347223, 66.7918824211923, 60.163968231881555, 52.950309381926886, 47.137293155195245, 16.81370401488896, 23.05257139850186, 35.0742097438292, 38.72398017870463, 49.03079431409893, 54.56377261851931, 58.68230872473446, 59.17007492702574, 55.64308285697428, 45.33633578259785, 35.67474597110732, 33.39504237864648, 67.82278283362831, 64.16236089841722, 64.6234269926622, 66.99519042295331, 68.76125877093322, 73.72544796255275, 80.50913794011572, 83.82565066015015, 82.31496444584444, 80.87130675525418, 77.57218147409174, 73.42651845193883, 66.81892873878816, 67.40849524356243, 70.5246321533966, 74.15079109873273, 78.22139957527719, 75.05312054383904, 71.43177449011046, 68.40099175056672, 53.20246140725213, 55.03798333647212, 65.00421857410636, 75.01961498662742, 88.80465793857964, 99.57420842918619, 101.14764220301495, 106.2586796550598, 114.40014224091718, 119.17964752541592, 117.96027986714891, 108.02742309673769, 101.34147811296721, 94.65676350518854, 92.74443952505146], [8.358867079233942, 0.0, 10.65233441295418, 19.438096679958175, 14.944682130418865, 11.540602791590784, 12.767197121386785, 49.23246892319117, 55.937247332598034, 64.16193011721512, 72.50866520072663, 81.23229322486442, 73.51172953272462, 65.19394595268557, 56.893293892397864, 20.705801833833462, 18.171891953454573, 16.59376143205488, 18.77342941813578, 23.849494594955985, 21.22077467431484, 14.159159009310507, 12.036343366990282, 11.560699962583799, 15.512191771514722, 52.24913257390347, 61.25953360172958, 68.0589455131098, 76.97133111649022, 83.70808639844682, 81.40741548617406, 74.85055581906602, 68.06060101016763, 60.83108357032301, 54.91305170568364, 23.735935072879858, 29.22683297422656, 39.45862516497176, 42.097701984694154, 52.546503287086445, 58.54817754536188, 63.45007316820964, 65.0336453381877, 62.44688526553057, 51.78674846516382, 43.20799501822695, 41.286043798574006, 69.35469073503995, 66.43468840215772, 67.92973365973285, 71.01547980970471, 73.48256828073278, 79.08061401872664, 86.3451534568016, 88.83131218113327, 86.63183411080203, 84.57336586921234, 80.47450070595019, 75.66734492238018, 68.71031586929763, 70.31015753437933, 74.42282180035825, 78.96519002353, 83.773372014129, 79.82700128831681, 75.29949769680674, 71.27781016422831, 47.55366155984678, 50.16681616195571, 61.372436731550174, 72.92671386449129, 87.390564911364, 99.58964991958992, 102.16646407165256, 109.52503975945801, 119.56167901723191, 125.39185527513682, 124.67351985737514, 115.2721387291466, 109.1630146327429, 102.5534168037667, 100.4433772989734], [18.13752641073564, 10.65233441295418, 0.0, 9.342548080285649, 7.41864617189666, 12.889979040120153, 18.809355334508908, 58.34248228838063, 65.49025573789942, 73.89574387470145, 82.01161793428226, 89.98516652732205, 82.44659648560823, 74.21371290162253, 65.84990431012518, 30.68452886385693, 26.70820715154821, 22.450611292527782, 19.313098224871688, 19.2476531317757, 15.383992295341871, 14.106599589661394, 18.929248254989812, 21.173375576646936, 25.958921582837004, 62.79866674634974, 71.74375292131403, 78.38920599148625, 86.94632157894814, 93.2546659903973, 91.08608495347215, 84.84271101563837, 78.28511794003842, 71.08430485317943, 65.24927825778455, 34.05737447602207, 37.5285239087168, 45.3971162906254, 45.222803661428266, 55.452379026297386, 62.61834804383125, 68.48342286004014, 70.54802612379595, 68.95968922053406, 59.55539855577456, 52.24252113600488, 51.386521645044425, 68.23310068574861, 66.80606765951934, 70.02205784936922, 74.01813339656245, 77.28529713767054, 83.25176750164627, 90.58568420698718, 92.13821503627746, 89.17548757573921, 86.35810950788603, 81.2629050859481, 75.68990442739765, 68.2463846268697, 71.57231749593423, 77.06025947080484, 82.53190897375366, 87.8627487389083, 83.31595034272756, 77.85222064751373, 72.47523586874061, 41.48666932740522, 41.64228641476158, 52.79396460165658, 65.61601104869068, 80.7552080214331, 94.64196036934753, 98.68480524694257, 109.65107238827319, 121.51732903014071, 128.66898974918053, 128.66540700711698, 120.33030629986268, 115.73742656684256, 110.08201435908252, 109.11151540562052], [25.83588017486267, 19.438096679958175, 9.342548080285649, 0.0, 8.149815031524948, 17.888388727496782, 24.413948687315248, 64.21277590487941, 71.75638423063047, 80.33249936849322, 88.0791277398755, 95.04775762611867, 87.87368229054073, 79.86390249107323, 71.49436308617337, 39.86016625085382, 35.897453267311185, 31.138860314320194, 25.773877430563466, 21.386455468461666, 17.475174685055457, 21.556550229095798, 28.068855726319338, 30.389637068509426, 34.94472419225572, 70.71758757159631, 79.44240870059258, 85.7386932720647, 93.65951743435117, 99.32364090805231, 97.30884840999516, 91.56590914452532, 85.4336677735793, 78.33703310875302, 72.69395742266877, 42.1861002473996, 44.307121894402606, 50.7819385706119, 48.02255559557568, 57.773365388403406, 66.00827689467442, 72.41086685495168, 74.1527088106427, 73.03258555450415, 65.47278568660067, 58.818652478594885, 58.71133480389342, 66.64337869702437, 66.70147065114813, 71.354286596989, 75.92168976518776, 79.61601388010034, 85.46456130866163, 92.38623017835621, 93.44909067216847, 90.09712736572065, 86.81249360854143, 81.08778710441241, 75.07445703043626, 67.28280446560495, 72.11620697989201, 78.56319775297807, 84.43083708692026, 89.74928313520284, 85.14288646982057, 79.26330715521891, 72.94749874155953, 38.22227516891853, 33.6326055819535, 43.71941044146974, 57.30443167244262, 73.12417814116468, 88.3754821803095, 93.78041074981304, 108.03008323451492, 120.52018713468263, 128.40365271705926, 128.80852769605067, 121.35108656848833, 118.22220256658794, 113.60103004731505, 114.08805221525284], [20.56452044053972, 14.944682130418865, 7.41864617189666, 8.149815031524948, 0.0, 10.249096562973538, 17.90437840312503, 58.37520592704647, 66.12909018436555, 74.70093541258201, 82.52136038622608, 89.82006573417262, 82.08612919205616, 73.8542643853338, 65.53741453282308, 35.27616413638433, 32.31564544227093, 29.044630744807566, 26.70638153719015, 25.754532627511335, 21.689149663237814, 21.24882411193848, 24.925197619609158, 26.0882250332873, 29.892066136224006, 65.09066411387745, 73.95606404582003, 80.55807274141306, 88.82534534965737, 94.8433000068029, 92.34782093269854, 86.19155615794396, 79.8932854615819, 72.64925865167307, 66.96009774733056, 35.93325059134113, 36.72689225536451, 42.6730415121976, 40.38766675582462, 50.31965432675693, 58.20371058179702, 64.52369775433561, 66.62358633020675, 65.7610600729371, 57.67164974335447, 51.67642089657493, 52.507353562431945, 61.29830085014863, 60.40097473472365, 64.32852243384053, 68.6919326506427, 72.29923241017615, 78.36383976891129, 85.70962743565289, 86.7281087199879, 83.42888738083018, 80.31307211676051, 74.88030030412612, 69.09886422188164, 61.51522971556857, 65.47841488023194, 71.51160508252997, 77.34007109051947, 82.89498900844605, 78.07831692720505, 72.25416648813876, 66.34860130505727, 45.59610383973447, 41.15149590836075, 48.68300501201712, 59.93139957734561, 74.20543498347365, 87.5661991938913, 91.42759658573368, 102.91026951458228, 115.7087538536034, 123.82356448111796, 124.61712579491042, 117.42369688381599, 114.14221745987551, 109.95989322842824, 110.66271533845597], [13.35331056643333, 11.540602791590784, 12.889979040120153, 17.888388727496782, 10.249096562973538, 0.0, 8.653738881578644, 48.881128889426655, 56.726964865943366, 65.2560162086181, 73.11634399708653, 80.75573998473611, 72.60307789363962, 64.21665370851949, 55.9583975452885, 29.125895990552532, 28.202230538073653, 27.53829702149516, 29.08928807124112, 31.61154045682851, 28.04709244381772, 23.541859174918915, 22.54355606049272, 21.18967581019545, 23.119489414959798, 55.94933166487988, 64.80284605982354, 71.54619794061773, 79.9882036054107, 86.26524042837724, 83.36782165538635, 76.91193443203858, 70.54778053138756, 63.2341589085584, 57.57476661259657, 26.77661838166756, 26.55704597002359, 33.42290300716769, 32.73089018890114, 43.06525297552015, 50.246354749992854, 55.945673116059176, 57.682975773601314, 56.3224695931626, 47.63804666136459, 41.453394134935614, 42.82941542608531, 57.99242970748719, 55.56661943362248, 57.94752460909927, 61.578712906278355, 64.58278433644288, 70.43905079852553, 77.87391166149833, 79.52981937101877, 76.80402889103583, 74.31237826314495, 69.74917776407594, 64.66966131769763, 57.52320664142515, 59.84326130253734, 64.71850985683277, 69.84622362247227, 75.09921792542065, 70.65021320144511, 65.53730981603955, 60.78045135963802, 53.13286317665672, 49.665069602809126, 55.97272592787061, 64.99900903015973, 77.9163530948757, 88.97678286870263, 90.99835421432955, 98.59768470002332, 110.14485645264392, 117.53715893978216, 118.13338605680018, 110.5604447345005, 106.53419225116691, 102.36426964181115, 103.01874447688463], [8.60412438801776, 12.767197121386785, 18.809355334508908, 24.413948687315248, 17.90437840312503, 8.653738881578644, 0.0, 40.522357026785045, 48.309941196077375, 56.88485391061024, 64.69809669192038, 72.32463283862883, 64.35751678031403, 56.05239225995392, 47.72968058974729, 25.659243839501784, 26.70215069260857, 27.967040190326383, 31.361724898918382, 35.28810412036169, 32.45347248904772, 26.885491634515517, 23.148365785034766, 19.554875670139815, 19.31688042707896, 48.37093724063368, 56.963989776356996, 63.41594928577301, 71.54556733886794, 77.66330606358888, 74.81820286150226, 68.54010475994788, 62.37153524350131, 55.15322235124591, 49.62685993883025, 20.361497394556697, 21.219862476139053, 30.885916784527687, 31.800322638259523, 42.10594023516826, 48.68895621255009, 53.36743775480189, 53.6349462034586, 50.85105422525438, 42.455124242386056, 34.52386777212725, 35.06220247495072, 59.5407865191505, 56.289966888359054, 57.39875217478155, 60.12083146303465, 62.2072758407495, 67.22393647693383, 73.97965442631782, 76.8267761516687, 75.01510667273578, 73.3072052031211, 69.72780076811652, 65.44318571121647, 58.6773635791886, 59.81088616714186, 63.43993890947303, 67.37491636627836, 71.61622797950024, 68.23859283640357, 64.3026221539665, 60.78277807204121, 56.2084319151974, 53.74938099367479, 60.40501412844872, 68.60864069803424, 81.38284243243291, 91.35101783007896, 92.59861663209857, 98.04491899709936, 106.95159233022717, 112.75477773161208, 112.4161782312478, 103.79309629853934, 98.77148773058937, 94.01008789901587, 94.41875240793108], [40.88716744520307, 49.23246892319117, 58.34248228838063, 64.21277590487941, 58.37520592704647, 48.881128889426655, 40.522357026785045, 0.0, 9.024992265798016, 17.428164041714833, 24.38108576788649, 32.80387776378747, 24.299408109966592, 16.10944366128657, 7.897972286082296, 42.605964777505235, 49.45457368488123, 55.74938073424163, 63.3504415825915, 70.16409575520701, 68.84800126906516, 61.37053741665897, 52.9300341046311, 46.46512865741806, 40.62098445854794, 22.69756318299409, 25.83952290907622, 29.292172209512373, 34.722679974044944, 40.19445083146182, 35.926525127097094, 29.98994090187445, 25.875477500499926, 20.27370089848691, 18.142186108873013, 29.705681233704908, 29.68081037042339, 38.708028148125784, 45.24727772756281, 50.05536930211693, 50.79408222914028, 48.92716345567473, 42.25647478304011, 32.51034380357652, 29.285944680047646, 17.255664619385975, 14.413515141960998, 73.63068629794422, 67.02701863944122, 61.94861569322973, 59.78359548133191, 56.99450840289244, 57.06421648794978, 59.77424436640056, 67.91085309204053, 70.74725693821284, 73.0580894000574, 74.6532674866348, 74.6114874437765, 71.05999681890967, 66.32092924406685, 63.29072818238304, 60.82284508237931, 59.62948580860522, 61.8142387321528, 64.19603180499296, 67.23288389826149, 88.37958224230725, 87.84080005214173, 92.8134399721369, 96.22349774140628, 105.6896623510143, 109.11027813832233, 105.62577937801015, 98.2589122955608, 95.44105099269731, 93.71586919620465, 89.61407569780077, 76.78526622101022, 66.08201321173532, 59.421429079412064, 59.346253283479705], [47.643445787974464, 55.937247332598034, 65.49025573789942, 71.75638423063047, 66.12909018436555, 56.726964865943366, 48.309941196077375, 9.024992265798016, 0.0, 8.719939917189336, 16.594707322823172, 27.2109166632476, 19.36852857042042, 12.517726212075177, 8.434724384353885, 46.755498090521264, 53.863367273393344, 60.548460748850474, 68.57503353015538, 75.93517076513716, 74.98461691066427, 67.18774178086545, 58.308468282501416, 51.872681096853796, 45.829044077899916, 18.988389858441263, 18.988896499502044, 20.86996366528205, 25.8093529425875, 31.854788040026097, 27.376974642674178, 21.04180986031401, 17.21113720570509, 12.707992167334893, 12.905368826289505, 35.301036159845935, 36.90025841480611, 45.962262970149304, 53.588262968652316, 57.954877779558764, 57.67295621328955, 54.91359164214902, 48.065454480333926, 37.912804964252885, 34.543944931332106, 23.28875456979963, 17.793043073758493, 81.99734732377041, 75.06546137418573, 69.29879243042699, 66.5616925798181, 63.18499715175885, 62.60663941334811, 64.62232515151265, 73.42117858652628, 76.92197021388223, 79.77369532721399, 82.014062567599, 82.43116466470659, 79.27468263710864, 73.90425278887925, 70.06790259074812, 66.80336564467376, 64.85393364391331, 67.78797257200235, 70.96908235668386, 74.79734335753652, 93.83055496906442, 94.93186628304336, 100.93548955801575, 104.6815092968328, 114.31165177505048, 117.49114240655685, 113.71986460030625, 104.83947351430346, 100.02805798301927, 96.44651060374795, 91.13718727420407, 76.82907660209648, 63.7251079524529, 54.8842495678784, 52.30691017801775], [55.931144379185646, 64.16193011721512, 73.89574387470145, 80.33249936849322, 74.70093541258201, 65.2560162086181, 56.88485391061024, 17.428164041714833, 8.719939917189336, 0.0, 9.031333052152215, 22.07423343018257, 15.119733217268355, 11.657689665775889, 13.649073880482513, 53.581360091201276, 60.822417860882354, 67.76436782424763, 76.10960285705754, 83.80454558486595, 83.01202162870258, 74.97142271514791, 65.81550768747518, 59.423179223597764, 53.2810223646304, 20.931470587779614, 16.774586134658616, 15.657863310356781, 18.70712324134788, 25.075119445971257, 19.65558844620229, 12.690509894697533, 10.646015772659274, 10.139826894603527, 14.355225810557108, 42.864379685984005, 44.49413211688234, 52.672146656665426, 60.81750591161885, 64.38378736472264, 63.07204265426252, 59.3677639926714, 52.175573979529204, 41.85886354283802, 39.309190632489816, 29.865435357065383, 24.699406217263302, 88.64656356986072, 81.3427169477234, 74.80199184549618, 71.4112573182633, 67.39200115441764, 66.05523679795297, 67.31031362068448, 76.67572452208749, 80.87090515773781, 84.31667365638036, 87.31840601268063, 88.33236425935303, 85.7294414364305, 79.60284182333206, 74.84181436696637, 70.67836236806534, 67.91809946337365, 71.6410481636575, 75.72213240497936, 80.4610631983848, 101.54560507575027, 103.31136436898325, 109.43645475719374, 112.87540096044715, 122.12556398385505, 124.50671974613266, 120.08192494432639, 109.08880180289295, 102.39043695291883, 97.22836110475413, 91.10439557497581, 75.94640700586623, 61.026342297162465, 51.051525495343306, 46.89089887379726], [64.21280308139148, 72.50866520072663, 82.01161793428226, 88.0791277398755, 82.52136038622608, 73.11634399708653, 64.69809669192038, 24.38108576788649, 16.594707322823172, 9.031333052152215, 0.0, 14.05057017166559, 9.694357137240662, 12.55306564907939, 18.552990804049386, 62.548079562412724, 69.74840495285478, 76.59358518089823, 84.70392285624611, 92.08199503459937, 91.29926472236932, 83.58668018882352, 74.6061758701783, 68.20591367109164, 62.11003972686598, 29.42932675763267, 23.63739410807355, 19.637060676763774, 16.992095779276937, 20.184951892304994, 13.802487319892672, 10.476277852853514, 14.605342866991007, 17.854626407353084, 23.01847922912042, 51.611568199411735, 52.42599519907568, 59.50484554007967, 66.78779871639989, 69.38683780903185, 67.74379627360487, 63.343490083370575, 54.96467594268748, 44.36886978384707, 44.89556542797529, 37.221579920592866, 33.47381565202614, 92.62065698570082, 85.38376189921878, 78.47544744432665, 74.50668641380037, 69.82422126303514, 67.25229811730776, 67.00974625148014, 77.1597125938857, 82.19752651175476, 86.26541913931953, 90.0521419777836, 91.73734108704359, 89.66038868287185, 83.16421806968847, 77.64406630087863, 72.38308816332314, 68.2996985807937, 73.29232407864359, 78.45603611424949, 83.95858942141507, 108.95348554866642, 109.91682182959029, 115.14892598876145, 117.54212766040567, 126.05423155500318, 127.27394684668843, 122.23174287725516, 109.59341559728395, 100.04376215868547, 92.9517763394758, 85.85272209776326, 69.96053021194102, 53.85313577529759, 43.95767853216533, 41.087124087122646], [72.89163054970052, 81.23229322486442, 89.98516652732205, 95.04775762611867, 89.82006573417262, 80.75573998473611, 72.32463283862883, 32.80387776378747, 27.2109166632476, 22.07423343018257, 14.05057017166559, 0.0, 11.194983089525675, 19.404249325721462, 26.0851940489212, 73.75124557679364, 80.68947441925089, 87.03601496949828, 94.25520514207076, 100.57159924502187, 99.71627160213396, 93.04443732508994, 84.78301144987444, 78.40343910619356, 72.56522538215697, 42.91920281581037, 37.43560108160664, 32.502783807919485, 25.66986675010359, 22.26272106681068, 18.12576376528716, 21.94266547481089, 28.26199176797371, 31.676139424817425, 36.41011770915951, 62.09554501816472, 61.74841473555353, 67.72988017933585, 72.65341082458258, 74.2097130643584, 73.17430111983273, 68.54703740202697, 58.2252996379708, 47.46610035399118, 53.06606557100977, 46.8413492362484, 44.79759135586167, 94.55783529536195, 88.09378025602949, 81.50892121147467, 77.18146091035422, 71.93566688253404, 67.5890673477561, 64.78372665606813, 75.93987476290907, 81.95023907940453, 86.59675605359487, 91.09229290705383, 93.46083963412552, 91.81624064749428, 85.62381373233093, 79.7241741150133, 73.24721646095126, 67.20519411650139, 74.05164893845382, 80.40015686949226, 86.3132541441334, 115.46203769206119, 114.17031813272347, 117.5021433149151, 118.07961087389137, 125.51357790356427, 125.27557732766168, 119.8662804322488, 106.63702806432843, 92.59515582780044, 82.66582945624658, 73.91582314689313, 56.85328248829805, 39.8877165375964, 31.740660966029083, 35.712694368883085], [65.16238727969102, 73.51172953272462, 82.44659648560823, 87.87368229054073, 82.08612919205616, 72.60307789363962, 64.35751678031403, 24.299408109966592, 19.36852857042042, 15.119733217268355, 9.694357137240662, 11.194983089525675, 0.0, 8.890527965684269, 16.772205757648038, 65.76545640786993, 72.89663059913747, 79.51542688989987, 87.29521492942389, 94.07699531316084, 92.9172956318973, 85.57922387313752, 76.96211434417332, 70.48143201013619, 64.47832835180783, 35.49007312302824, 31.394482373261784, 28.83148959622886, 26.435750567385938, 27.562460864514943, 21.582020035774526, 19.98881490041528, 23.315565090632184, 24.790270445093757, 28.815934330716907, 53.380356015239784, 51.909377959575295, 57.169988821039226, 62.84842952165852, 64.36178479250987, 62.80276355093494, 58.12091358768074, 48.488086463641, 37.74924218755797, 42.01171994135386, 36.43937983918468, 35.79892614478246, 86.20618528906788, 79.13588017567298, 72.1382921987148, 67.85178854415834, 62.798225270760014, 59.356316067072, 58.16929880609417, 68.69664748914974, 74.14332908890178, 78.51346179792395, 82.74232275288755, 84.8942155848728, 83.23882286553304, 76.59376792852571, 70.6852239068472, 64.75505184054141, 59.84240734187442, 65.61988911209735, 71.42983878049714, 77.32767769528407, 110.84431654508224, 109.4009953599279, 112.49194568122822, 113.23539778650398, 120.45933920663433, 120.2967370499883, 114.51789664210588, 100.77290108348326, 90.42336160623273, 83.54604018573167, 77.11834609299903, 62.436548166134656, 48.31388064490532, 42.528168005710945, 45.339741799356084], [56.87309395335535, 65.19394595268557, 74.21371290162253, 79.86390249107323, 73.8542643853338, 64.21665370851949, 56.05239225995392, 16.10944366128657, 12.517726212075177, 11.657689665775889, 12.55306564907939, 19.404249325721462, 8.890527965684269, 0.0, 8.393831228900543, 57.55185810053521, 64.69571025347267, 71.35055068012954, 79.30381405387281, 86.26111429654442, 84.95539658150186, 77.34068588302098, 68.63213650166558, 62.13063261739473, 56.10378769466371, 29.27019301869615, 27.25568470201094, 27.14235542667458, 28.474668200743764, 32.132536219548896, 26.24403247344373, 21.665422787871137, 21.53432160181379, 20.23358250485907, 22.730021572966994, 44.792712918846675, 43.03983033688394, 48.68691574107136, 54.930198115041314, 57.125705072521406, 55.823725236811335, 51.70160548651584, 42.9320618584622, 32.18191390399931, 34.17195995281174, 27.600922830571392, 27.40983331327808, 80.09086196684325, 72.85337975615937, 66.0827357739585, 62.2749554172009, 57.79778350959759, 55.5661731797417, 56.016957464784845, 65.74790043534277, 70.35234686955832, 74.13412376895968, 77.64931381205672, 79.2122934292865, 77.11223956663272, 70.6873691859033, 65.40996010402839, 60.49610504979357, 56.93626344780263, 61.42349170236529, 66.22616083863772, 71.48452814153158, 104.002332908613, 102.70440027341253, 106.10923980396939, 107.49807383939189, 115.14771441657581, 115.83323723726754, 110.4497974654614, 98.02398663616314, 90.85722633761726, 86.33164192715337, 81.2488771053036, 67.75640222027317, 55.31242522178158, 49.75572249912359, 51.48801546605667], [48.5656343871534, 56.893293892397864, 65.84990431012518, 71.49436308617337, 65.53741453282308, 55.9583975452885, 47.72968058974729, 7.897972286082296, 8.434724384353885, 13.649073880482513, 18.552990804049386, 26.0851940489212, 16.772205757648038, 8.393831228900543, 0.0, 50.102587446500536, 57.083441428753495, 63.51816522882156, 71.23137791389937, 78.01125882770283, 76.64759755220759, 69.1765587436053, 60.67135899142971, 54.1871014613423, 48.27467317928805, 25.857900559704706, 26.47311392971388, 28.30164533215666, 31.858756041700094, 36.44376491647237, 31.39546895406296, 26.035671763415014, 23.63461467810351, 19.778430381304098, 19.95875753659994, 37.070296637790264, 35.66359878532677, 42.62150483802502, 48.7813614060175, 52.14353672258193, 51.91421444391988, 48.89452257854821, 40.89717141188658, 30.36499257540983, 30.274017716189224, 21.244049780403007, 20.624828345255217, 75.3829720862758, 68.46171987874101, 62.522789042279435, 59.51118433019263, 55.84655441664745, 54.7310987932956, 56.32725993984846, 65.30411509556195, 69.02284701506719, 72.07032895569732, 74.63524411752071, 75.42035673920613, 72.60098489946992, 67.00388374697901, 62.830373228401456, 59.10474288078672, 56.706613032608495, 60.07067443045263, 63.691918970600305, 67.85911944278591, 95.93035181670332, 94.64849925484444, 98.52078181988539, 100.69150492306416, 109.10779720480897, 111.02706460800121, 106.53146236057987, 96.64294579650165, 91.73788833839556, 88.80943464152837, 84.36126132846725, 71.37145004710834, 60.16176688296787, 54.38316656842257, 55.66411309204441], [18.081325357135743, 20.705801833833462, 30.68452886385693, 39.86016625085382, 35.27616413638433, 29.125895990552532, 25.659243839501784, 42.605964777505235, 46.755498090521264, 53.581360091201276, 62.548079562412724, 73.75124557679364, 65.76545640786993, 57.55185810053521, 50.102587446500536, 0.0, 7.542060726096418, 15.345791209940955, 25.939346777667534, 36.37476760631185, 35.600371581793546, 24.730056475973242, 14.259357204755414, 9.541497748795312, 6.342402030428693, 36.90650563578831, 46.11147469268943, 53.634772585974346, 64.12002103207531, 72.46363579024019, 70.0467010579691, 62.40818754575131, 54.60861915269941, 47.55722745387391, 41.38709375679882, 14.839573804124868, 26.83310446075262, 39.8409432355058, 48.807193416602196, 58.40386618600069, 61.051701628253845, 63.76137024018071, 65.461813254232, 61.39186740574577, 46.910307602277754, 36.394558724788546, 30.486961175418877, 81.05321185873673, 75.72935989808136, 74.12662203119315, 75.54077298811956, 76.62299167074057, 81.77675362705209, 89.19752641651957, 92.96943137881713, 91.95971151750322, 91.1490615348156, 88.71590246537343, 85.17263817721727, 79.37059859550546, 77.94308729098104, 79.54532744677049, 82.5829592571251, 86.75600778589028, 83.55430884391441, 80.55294786738696, 78.97486580948836, 60.58151432963935, 68.90509286001016, 81.74581213846211, 92.80483069226293, 106.55569098963723, 116.84721528915485, 117.41975299449602, 118.90329025213184, 126.64935486926632, 130.2573258818016, 128.26552526634828, 116.77067358199601, 107.09464995121783, 97.66745695754932, 91.34584323327284], [18.730467028867967, 18.171891953454573, 26.70820715154821, 35.897453267311185, 32.31564544227093, 28.202230538073653, 26.70215069260857, 49.45457368488123, 53.863367273393344, 60.822417860882354, 69.74840495285478, 80.68947441925089, 72.89663059913747, 64.69571025347267, 57.083441428753495, 7.542060726096418, 0.0, 7.994006963686924, 19.011159243738113, 29.93015985207496, 29.33954976116575, 18.197101449366595, 8.217929976328106, 7.215014371260393, 9.828361693463973, 44.2299876449033, 53.32049155607648, 60.679240960799184, 70.99150067511813, 79.13849315900563, 77.0140575799485, 69.59544860522209, 61.87601340770933, 54.90369756507354, 48.76705883997276, 21.268236305446933, 32.066771577460585, 44.14618173833679, 51.9333472712186, 61.87464381893842, 65.20832222333873, 68.63466227631002, 70.91032832766328, 67.40608043716553, 53.13460795562791, 43.22347254369771, 37.82971691512365, 82.93712935659248, 78.2865999427312, 77.61212896142858, 79.62742792789975, 81.25903819584637, 86.8261903712212, 94.48905840656744, 97.73560354812881, 96.22283185430742, 94.92801361702, 91.83981142219166, 87.75175778801342, 81.5750428481201, 81.06614096103692, 83.52683622756906, 87.25372540841393, 91.89235739870662, 88.1976441704936, 84.50993049596417, 82.08427266635363, 54.80092531318809, 64.53139862948483, 78.68125789807765, 91.03034155923281, 105.5033228863062, 117.0691370384922, 118.59609405392213, 122.21026309397682, 131.14906409512474, 135.4205766323261, 133.64803913085797, 122.39496382246799, 113.19637874954701, 103.73493658721462, 97.35845612343168], [20.37176130486034, 16.59376143205488, 22.450611292527782, 31.138860314320194, 29.044630744807566, 27.53829702149516, 27.967040190326383, 55.74938073424163, 60.548460748850474, 67.76436782424763, 76.59358518089823, 87.03601496949828, 79.51542688989987, 71.35055068012954, 63.51816522882156, 15.345791209940955, 7.994006963686924, 0.0, 11.225253871319527, 22.403766669282977, 22.027770844954468, 11.119367205644163, 5.29058076267502, 10.232353892087053, 15.755994449554274, 51.787926162088525, 60.76893437349333, 67.86691448290797, 77.80291743143583, 85.56090174573995, 83.74350042213389, 76.67968665826155, 69.16326617681753, 62.2384914675759, 56.15032125463986, 27.812115657901614, 37.577614366194794, 48.887027129372534, 55.044502261814245, 65.25611327968114, 69.48989763116087, 73.61592721375278, 76.10537112745395, 73.0177137750321, 59.45779508794597, 49.889961239641835, 44.94919753540153, 84.25593385672452, 80.4831079706851, 80.88563921002113, 83.50125255590333, 85.63723306522382, 91.45066910087336, 99.14600794781143, 101.95876026158692, 100.00186732614263, 98.2384795433436, 94.49982896355463, 89.88235838625859, 83.2930203058551, 83.87406189873013, 87.23345300982182, 91.55175714993452, 96.48333186710887, 92.46244489058842, 88.1785628140961, 84.86956842633822, 47.760501712533475, 58.57580471510991, 74.0156425587235, 87.65811886025888, 102.92597584345827, 115.86035436254942, 118.50916065705161, 124.65071223042779, 134.48800802330416, 139.33352157846488, 137.72441318335038, 126.75081095986239, 118.22675959109915, 108.91285894678511, 102.88854965581177], [25.036397011829376, 18.77342941813578, 19.313098224871688, 25.773877430563466, 26.70638153719015, 29.08928807124112, 31.361724898918382, 63.3504415825915, 68.57503353015538, 76.10960285705754, 84.70392285624611, 94.25520514207076, 87.29521492942389, 79.30381405387281, 71.23137791389937, 25.939346777667534, 19.011159243738113, 11.225253871319527, 0.0, 11.436934424067879, 12.001996717604698, 6.627354119037929, 13.390967219032872, 18.998650555162413, 25.050221647697274, 61.38281767498541, 70.12565193084582, 76.72293456312414, 85.92007502625134, 92.95173143183555, 91.62108123277173, 85.21222792802541, 78.11521367520777, 71.3105965162643, 65.3579321505136, 36.833273110513844, 45.67617455590379, 56.36284939134603, 60.20608233969879, 70.59800326835739, 76.08769609088576, 80.93082708372695, 83.15763153787425, 80.28857552875692, 68.1640825376055, 58.63717423169211, 53.97379794073311, 86.53873099015088, 84.08957736220376, 85.91312199301306, 89.18304331407289, 91.79877421885689, 97.62158010563228, 105.00728882729639, 107.5029735161833, 105.15844345893177, 102.90565004343755, 98.45335161779673, 93.26797153751346, 86.1590684598487, 88.23041872533959, 92.63850042121234, 97.45100352952058, 102.42401921103652, 98.31596031532582, 93.52121724563723, 89.18602027009511, 36.95388556109166, 49.280565874998416, 66.78679559381673, 82.2346899295421, 98.73950542768812, 113.58168960258972, 117.90886699847405, 127.68091232201472, 137.9578855162686, 143.18132041186342, 141.54575676248234, 130.80476884436428, 123.1994839416239, 114.08934904016554, 108.7542160908595], [30.909548632054943, 23.849494594955985, 19.2476531317757, 21.386455468461666, 25.754532627511335, 31.61154045682851, 35.28810412036169, 70.16409575520701, 75.93517076513716, 83.80454558486595, 92.08199503459937, 100.57159924502187, 94.07699531316084, 86.26111429654442, 78.01125882770283, 36.37476760631185, 29.93015985207496, 22.403766669282977, 11.436934424067879, 0.0, 4.423483066955382, 13.641885640657303, 23.361663780291156, 28.419718620505055, 34.379313253255916, 70.69082530981248, 79.24893749561734, 85.41603060740145, 93.84666485523802, 100.098157044371, 99.07426583818655, 93.2891720908186, 86.65828349415825, 79.92181403120043, 74.12122196446968, 45.38694725866408, 52.925395292114715, 62.748747819072726, 64.17257036602484, 74.4929815879728, 81.19628883360399, 86.68406309444566, 88.54441373199393, 85.97906875530347, 75.5474632664763, 66.32066986894242, 62.33419953903552, 87.03522878904967, 85.98780481673082, 89.22485711672718, 93.09695558572054, 96.15127595096698, 101.890823394149, 108.87228813683558, 111.00177562352708, 108.29039453290383, 105.5716750442277, 100.46392923460897, 94.79481585203662, 87.25785516250401, 90.81656030321854, 96.21575451160146, 101.44652198510032, 106.39357579470996, 102.25416450182908, 97.02184063211041, 91.71772752502048, 26.674997051580085, 38.821980099539104, 57.9499475562985, 74.92962980044662, 92.46206481818395, 109.02358422043618, 114.98487749825749, 128.3742410924437, 139.0466743781572, 144.7780166872756, 143.30024537356337, 133.13253636917162, 126.83890103857881, 118.46018190863605, 114.46008216145235], [28.786553442035416, 21.22077467431484, 15.383992295341871, 17.475174685055457, 21.689149663237814, 28.04709244381772, 32.45347248904772, 68.84800126906516, 74.98461691066427, 83.01202162870258, 91.29926472236932, 99.71627160213396, 92.9172956318973, 84.95539658150186, 76.64759755220759, 35.600371581793546, 29.33954976116575, 22.027770844954468, 12.001996717604698, 4.423483066955382, 0.0, 11.862676419075802, 22.04392662711353, 27.02754808701354, 33.051188665644524, 70.17628286709329, 78.90994047441971, 85.27032497202234, 93.82430910013198, 100.14743841525298, 98.83285432906078, 92.88008082526436, 86.20309997327264, 79.31020483755097, 73.45063512747909, 43.749519426299734, 50.33818344400835, 59.50012658507397, 60.4656623362969, 70.7233552002467, 77.5594014423764, 83.25052968995901, 85.3679999491037, 83.19780345808236, 72.89844660314944, 64.26487421036282, 61.0736421059096, 82.89930493257489, 81.91071366031052, 85.31598382312428, 89.33495743102945, 92.5619120614842, 98.47328654510358, 105.6383257824586, 107.46098488219799, 104.55623835707274, 101.6983913341903, 96.4488530433578, 90.6887793631376, 83.14326726801339, 86.82103788056018, 92.40784069059244, 97.86067118988448, 103.04263329810112, 98.65398544627543, 93.20330644714032, 87.71422214763132, 29.30468391571315, 38.24277031818052, 55.8176560507738, 72.21738108021356, 89.296525790935, 105.52853506427172, 111.24506578307525, 124.5006501493119, 135.88380038204738, 142.1994062131513, 141.20861894203344, 131.61682886415582, 125.85745196439933, 118.18768791627852, 114.92468830164893], [21.513692636688518, 14.159159009310507, 14.106599589661394, 21.556550229095798, 21.24882411193848, 23.541859174918915, 26.885491634515517, 61.37053741665897, 67.18774178086545, 74.97142271514791, 83.58668018882352, 93.04443732508994, 85.57922387313752, 77.34068588302098, 69.1765587436053, 24.730056475973242, 18.197101449366595, 11.119367205644163, 6.627354119037929, 13.641885640657303, 11.862676419075802, 0.0, 10.620753120036067, 16.39373403539468, 22.731873498497784, 60.678607722617606, 69.71463215439482, 76.63525018324107, 86.03326892481527, 93.1808890297665, 91.37813398959226, 84.69012944766499, 77.51316007909284, 70.45097136322191, 64.39833308887765, 34.085493973272484, 41.35441005999604, 51.04243153161202, 54.39496126440769, 64.73264611704067, 70.34789518103548, 75.49686543421602, 78.19255861202156, 75.9509845675398, 63.88072750641232, 55.32261807308958, 52.00394533322644, 80.4145067504518, 77.93658526924976, 79.91285431463224, 83.38064600640014, 86.25136247815918, 92.37217937590245, 100.0901588691906, 102.11849743981156, 99.48477677264957, 97.03830448699334, 92.40250818324552, 87.1057358219981, 80.01713843338035, 82.15470773135353, 86.79478146943698, 91.94660165473839, 97.30924491969489, 92.79374909702219, 87.6677483171104, 83.1031722957695, 40.205813543632495, 48.9501512226211, 64.29895469031989, 78.76774633149077, 94.49120014944054, 108.71629333781851, 112.58391873384775, 121.94440141433168, 133.3042410421317, 139.40826072322724, 138.5172712810864, 128.64896207258903, 121.84039100454945, 113.82392414256707, 109.6319722695217], [16.0147536371238, 12.036343366990282, 18.929248254989812, 28.068855726319338, 24.925197619609158, 22.54355606049272, 23.148365785034766, 52.9300341046311, 58.308468282501416, 65.81550768747518, 74.6061758701783, 84.78301144987444, 76.96211434417332, 68.63213650166558, 60.67135899142971, 14.259357204755414, 8.217929976328106, 5.29058076267502, 13.390967219032872, 23.361663780291156, 22.04392662711353, 10.620753120036067, 0.0, 6.513974609748955, 12.769364621651231, 50.63900249232094, 59.81081993774598, 67.04581843127389, 76.94074402499733, 84.61385015836082, 82.47481048676038, 75.33121243784227, 67.87059463585321, 60.74615114742351, 54.6108690432755, 24.563005886513057, 33.198131636380054, 44.13651042207275, 49.84534159395605, 60.08865762518635, 64.54696977420102, 68.8645471081759, 71.40960072441365, 68.62269920084034, 55.38361764305438, 46.31841840450499, 42.44368782167205, 78.9831766733918, 75.20224822548627, 75.69568423215063, 78.40149161203522, 80.64503760731606, 86.54181378836435, 94.32662553423826, 96.9405233162336, 94.8698606173774, 93.03065311297186, 89.2320029086474, 84.59812383160171, 78.00583616673434, 78.62686670848173, 82.09669208885626, 86.53645082784116, 91.59487381042382, 87.43785140161579, 83.03408883445786, 79.62026521957337, 49.16508853528396, 57.411711654003426, 71.29157733309141, 84.07892746086118, 98.80931531858474, 111.21307954737274, 113.53145609114569, 119.39883160110556, 129.62393361239043, 134.937530334299, 133.76728864086712, 123.38339166163095, 115.524420982897, 107.1080510438085, 102.21044449489813], [11.768857622093915, 11.560699962583799, 21.173375576646936, 30.389637068509426, 26.0882250332873, 21.18967581019545, 19.554875670139815, 46.46512865741806, 51.872681096853796, 59.423179223597764, 68.20591367109164, 78.40343910619356, 70.48143201013619, 62.13063261739473, 54.1871014613423, 9.541497748795312, 7.215014371260393, 10.232353892087053, 18.998650555162413, 28.419718620505055, 27.02754808701354, 16.39373403539468, 6.513974609748955, 0.0, 6.370052540097609, 44.65229986773588, 53.86114928438588, 61.113250366327655, 70.97353634876946, 78.65377272251143, 76.3256755084706, 69.12825936718471, 61.709637234593124, 54.52127598911706, 48.38929968249615, 18.13321347561951, 27.582911649798106, 39.597233235562975, 46.036561648728494, 56.196977974619216, 60.33576299903338, 64.17229750264265, 66.10622218934407, 62.81554732870093, 49.66252079462002, 40.022610795011836, 35.976793482005895, 76.4192973282328, 72.12966258623662, 71.94844365930751, 74.2060440245799, 76.02015434593335, 81.55115469263725, 89.08001398912934, 92.16831139299873, 90.51479866437278, 89.06028889075402, 85.77138417952101, 81.56099406558316, 75.19679177364866, 75.14823503919493, 77.9835359436451, 81.86557305057505, 86.5016537287584, 82.79171075531038, 78.94124944165354, 76.15860087456976, 53.293489476580476, 60.10137583659137, 72.76712704084987, 84.38240304076017, 98.56835410763927, 109.918095556816, 111.48279772884905, 115.75631884462626, 124.87169189818839, 129.61483573779387, 128.23279221180098, 117.6475981277593, 109.51816731228313, 101.21794157335027, 96.59619664741797], [11.917373817698849, 15.512191771514722, 25.958921582837004, 34.94472419225572, 29.892066136224006, 23.119489414959798, 19.31688042707896, 40.62098445854794, 45.829044077899916, 53.2810223646304, 62.11003972686598, 72.56522538215697, 64.47832835180783, 56.10378769466371, 48.27467317928805, 6.342402030428693, 9.828361693463973, 15.755994449554274, 25.050221647697274, 34.379313253255916, 33.051188665644524, 22.731873498497784, 12.769364621651231, 6.370052540097609, 0.0, 38.48738773157297, 47.75357206234112, 55.11373455469005, 65.10380351810326, 72.95425182850815, 70.3954324228331, 63.016648701279, 55.53614922323717, 48.29226696752469, 42.140485526328504, 12.066891186036319, 23.02863542824429, 36.15549769169177, 43.81553654913867, 53.687516363171284, 57.16580173194593, 60.336647199872296, 61.75246129631801, 57.906434341118974, 44.482390603830204, 34.187781732052436, 29.68140233415271, 75.48598893374837, 70.54483165041627, 69.47514784483054, 71.17009025740875, 72.47274494944429, 77.63695888411571, 84.96266089863855, 88.55343817085677, 87.3670784419873, 86.36317995264632, 83.68160871897533, 79.97306133373648, 73.95695905643187, 73.03145589044716, 75.06026977042661, 78.3079325037982, 82.52307489756062, 79.26254489694817, 76.04415507935683, 74.05692918533138, 58.504637613686064, 64.55303654775513, 76.22872134640923, 86.7488538967699, 100.31087073514273, 110.53612592857225, 111.24504630110337, 113.55693304977663, 121.57020767395811, 125.66997564132942, 124.04455334548486, 113.16486310977173, 104.51959633713994, 96.14905663597195, 91.45666982413444], [44.91638233353508, 52.24913257390347, 62.79866674634974, 70.71758757159631, 65.09066411387745, 55.94933166487988, 48.37093724063368, 22.69756318299409, 18.988389858441263, 20.931470587779614, 29.42932675763267, 42.91920281581037, 35.49007312302824, 29.27019301869615, 25.857900559704706, 36.90650563578831, 44.2299876449033, 51.787926162088525, 61.38281767498541, 70.69082530981248, 70.17628286709329, 60.678607722617606, 50.63900249232094, 44.65229986773588, 38.48738773157297, 0.0, 9.505603175652874, 17.85744602368127, 29.51187644416954, 39.32698738529226, 35.637792324465195, 26.74804832981747, 18.311931457371855, 11.84387273294804, 6.683598216324349, 29.779139688307534, 35.68030440171774, 46.532783600906846, 57.84385037834339, 63.58927723995888, 62.280743446502285, 60.10518584335088, 57.057358945367156, 48.86757202404479, 37.77915575480312, 25.882361119115313, 15.234405530876156, 90.06770501372822, 82.46895303353274, 76.57165240536132, 74.4