{
	"dissimilarities": [[0.0, 8.5674308697124, 17.83723485235864, 25.008056653168335, 21.213893210501013, 12.618516854763756, 7.853745665563343, 39.67351085520347, 47.602087988729174, 55.9147006011278, 64.24888086997154, 72.94053514554324, 64.87595404793966, 56.49380218003612, 47.1623965579042, 17.60200237636233, 18.44886326312887, 19.961449963491205, 25.0400172417473, 31.538607141071687, 28.445294971796198, 22.019875143335778, 14.661765957672968, 12.109272811021064, 12.88316732398229, 44.37400951671166, 53.425937247954074, 60.073465870087155, 69.58297700864988, 75.30983975068321, 73.34455480076221, 67.00653262115434, 59.9176156674864, 52.707325051230185, 46.968130431081775, 17.723130670581227, 22.31794450545545, 33.52191766910682, 37.52459433868883, 47.81135316999923, 54.617404976885744, 57.992934552981, 58.82809516659833, 54.26712803692871, 44.256169973314236, 34.87794441008355, 33.684138362034574, 66.7786474776193, 63.079719166111595, 61.96433828997615, 66.20617035229289, 67.91767819718063, 73.55549530230466, 81.07391247784072, 80.98203192928307, 80.32223493904719, 77.83230193876247, 74.55412074201327, 71.1303548726062, 65.72149571418605, 66.2174755473585, 69.38950221304111, 72.9849346232842, 78.11872444669235, 73.82250988708029, 70.20556900217234, 67.15943649083046, 55.103394227851176, 56.74194689621056, 65.72911892162566, 75.20254687211332, 88.73893585642624, 97.56103415181563, 98.83319778985711, 106.73089563661756, 115.50330311139606, 117.49386733493465, 113.36676330297506, 102.16716160720975, 101.39973794770535, 95.48331276393418, 93.5477618696706], [8.5674308697124, 0.0, 10.186646813253168, 18.715560498310545, 16.028563944836478, 11.699306853940108, 13.036563351456623, 48.154696407274905, 55.87198495771077, 64.09097235829496, 72.59007643818515, 81.40541332047333, 73.37634976988382, 64.97635494344043, 55.669052366555164, 19.600318547947943, 16.903423232046553, 15.029030690722342, 17.899603402105004, 23.853889124423148, 20.400019611311432, 14.09027139588326, 9.287339290651389, 11.039274086656379, 15.640360565590745, 51.536730935882595, 60.693939746199675, 67.52457632704741, 77.1541405128286, 83.17783112152955, 81.3661267062484, 74.87328612050098, 67.69371583605984, 60.474122880047844, 54.58873029079432, 24.207920185323314, 28.597952936969673, 38.38013825406789, 41.59608667304263, 52.05224107299806, 59.294943737626305, 63.326524932049196, 65.40816579158871, 61.63035448682339, 51.00634491139656, 42.49696663896437, 41.38827261526929, 69.23456680756111, 66.33355336895588, 66.18714624618113, 71.05520634240507, 73.44257277312705, 79.71358665487593, 87.76154898561713, 86.98061798378843, 85.5896401096079, 82.54233091989022, 78.45876436017768, 74.30268142973799, 68.64172956319737, 70.08608261002456, 74.18779092061476, 78.6852194644567, 84.50723555206001, 79.49999954047158, 74.9926457066286, 71.0147134506723, 49.252845623745586, 52.21390739228059, 62.69997510604178, 73.91098317470774, 88.24787887935493, 98.56164164921337, 100.85822276073382, 110.91440613063409, 121.57114485879328, 124.57314135717895, 120.90318572967554, 110.11293170498782, 109.57054211910331, 103.46014513660987, 101.07149813264093], [17.83723485235864, 10.186646813253168, 0.0, 9.274611176604822, 8.891616559629695, 13.315591330928754, 19.096921487179152, 57.29607581704395, 65.38322386422308, 73.69877617739066, 81.91469446406285, 90.16523725135701, 82.37974389573735, 74.07839644994785, 64.70419643706458, 28.99945128113125, 24.676961434119598, 19.791907035665893, 17.250397306991918, 17.937959250229834, 13.583508999299044, 12.763734231510973, 15.524669422422559, 20.007652468685922, 25.442092885774997, 61.67745143180221, 70.7777846603975, 77.50132574208502, 86.82474677685842, 92.56437193356827, 90.81300216522078, 84.62420682605129, 77.58537934558657, 70.41190206458037, 64.60588838318095, 34.124891946326805, 36.872694177002266, 44.447060184256074, 45.14955051052076, 55.45655516374075, 63.787044007687975, 68.60697757445175, 71.27257224073868, 68.52306650330576, 58.89342421013139, 51.554039600466744, 51.31658956121978, 68.87337524351629, 67.54519074195437, 69.19801613661944, 74.76171174872053, 77.89290140879403, 84.41335242874477, 92.64405301033804, 91.03773653466939, 88.94137772309752, 85.21971747578836, 80.24064178728094, 75.01242073069066, 69.04014909288652, 72.08992716491628, 77.50504693139132, 82.86658250590018, 89.09618819270946, 83.58639810769019, 78.20994170359329, 72.93690926227512, 42.817959230265124, 44.20499738963459, 54.99216996317292, 67.59053735575294, 82.69536163389175, 94.78137836202193, 98.59118364358991, 111.91558865598513, 124.27445808284924, 128.69010834619203, 125.8013110618823, 115.9795988010235, 116.45497363618817, 111.03087615472437, 109.50642048733161], [25.008056653168335, 18.715560498310545, 9.274611176604822, 0.0, 6.9452302444801655, 17.293729505393976, 23.966404602753123, 63.02947186827193, 71.56628378538149, 79.98731731861376, 87.67271103519509, 95.02820283867915, 87.66490012134157, 79.60194929745508, 70.2083817436162, 38.0724568787677, 33.83550235710351, 28.470308555479164, 23.83544802477136, 19.477096324468516, 15.552348549163016, 20.138506308270582, 24.706703949825787, 29.142783574034326, 34.3129415767872, 69.32694375763327, 78.22950364327177, 84.65137449803096, 93.40045906920331, 98.53930873519471, 96.8085095490243, 91.18205674113904, 84.44481441330952, 77.39413740220283, 71.81836657983278, 42.064705320028885, 43.45638445943848, 49.47951400578798, 47.600838629213925, 57.49181593313712, 66.89130133993838, 72.17212800332975, 74.49593711762252, 72.44135933605935, 64.63159757125034, 58.03114908121277, 58.54461798637911, 66.96374415670383, 67.27031690242859, 70.63063439736844, 76.57028295968992, 80.09994014897075, 86.32557433328081, 94.23435806463885, 92.13489438924219, 89.75743487173084, 85.61214822841649, 80.12787269190952, 74.02474673869123, 67.84118944898981, 72.3740783096079, 78.78794005924432, 84.49091980423414, 90.58378570439038, 85.09134801425026, 79.35430540880247, 73.10830754072799, 39.10357581666261, 36.152315606269454, 45.98475777693606, 59.2893107271071, 75.11170566069093, 88.67957060820923, 93.94806084635519, 110.20880116033145, 123.02109071993402, 128.41319791329536, 126.14564297416369, 117.24992233045263, 118.81778977824742, 114.37079982447753, 114.28062252008286], [21.213893210501013, 16.028563944836478, 8.891616559629695, 6.9452302444801655, 0.0, 11.206068296644368, 18.92404916018678, 58.44665591531805, 67.26536714425643, 75.76501927690744, 83.43481055647558, 90.88370165991569, 83.11273541923514, 74.88845505455053, 65.55489568726733, 35.250028176177224, 32.210436963759726, 28.309069577904005, 26.03706629006227, 24.586021964132076, 20.2269641559169, 21.50689511959525, 23.347818956798452, 26.646303888921985, 31.03805663434562, 65.36618838758422, 74.45314208124401, 80.97943733809403, 90.10884289062426, 95.18645949239269, 93.16386410772695, 87.37878916858685, 80.49448158408497, 73.30525433421153, 67.70515445635162, 37.503150558081806, 37.49919718011739, 42.73143070028483, 40.70444715481888, 50.638574834692676, 59.95380125485546, 65.25227757552295, 67.83350184270203, 66.0534548668238, 58.230109031408325, 52.373076150679815, 53.965339202848796, 61.28477085118615, 60.944322796011285, 63.87877424934258, 69.78232566214385, 73.31791587078382, 79.74009249065746, 87.9366491970464, 85.73483107647591, 83.26286620603138, 79.16984548572812, 73.78133066526497, 67.96776304994494, 61.85578981183097, 65.89477080292471, 72.10574104720547, 77.86248633927644, 84.19885446492879, 78.48834252418033, 72.70490247800285, 66.66333653743948, 45.86181927763001, 41.68967014969005, 48.79742939661305, 59.7953688086953, 74.13802218550444, 85.98636132088085, 89.99573264883867, 104.58123011825914, 117.92210040806282, 123.56643077223448, 121.58123351734433, 113.11206166902852, 115.19123079084892, 111.46422575239663, 111.9010164115316], [12.618516854763756, 11.699306853940108, 13.315591330928754, 17.293729505393976, 11.206068296644368, 0.0, 8.65909544670677, 47.84401088939445, 56.754093577155366, 65.27097533531443, 73.01780948892281, 80.79782870577986, 72.60972499952116, 64.21941852107645, 54.945256180063105, 28.06320197745521, 27.434512846086424, 26.4630436118001, 28.21509507169627, 31.015315230936007, 26.84229252606195, 23.657850115850255, 20.371678835605945, 20.84656254874719, 23.27955512310753, 55.141188625387244, 64.2991924929771, 70.86555930755897, 80.33263109412884, 85.42596577825027, 83.1467626646532, 77.15398595284208, 70.14569976444622, 62.867230994823956, 57.27991038822977, 27.337182717279077, 26.543828342005945, 32.8280123366798, 32.514530886518244, 42.87175738805619, 51.4381630961885, 56.11648822527855, 58.16334365242338, 55.6822396929097, 47.36109371840804, 41.18000191909447, 43.27143326707034, 57.85358132735712, 55.65536316539543, 56.73056071851105, 62.01395257513187, 64.88687475882588, 71.1563474269678, 79.3363407997623, 77.80775085982988, 75.953654704013, 72.49431986661311, 67.99695902047698, 63.32344980245641, 57.51423263660258, 59.79180328429643, 64.72425778138658, 69.716393579968, 75.79439580113491, 70.43701494752038, 65.4256894058982, 60.655723964957915, 53.96654101904492, 50.77634883034271, 56.68880106562598, 65.23847164713625, 78.05659170280181, 87.27869635395739, 89.20681821915419, 99.89078264693332, 111.85509569743542, 116.41574601846636, 113.93929900533064, 104.95184857571928, 106.63466027140034, 102.96435455342122, 103.32674511118384], [7.853745665563343, 13.036563351456623, 19.096921487179152, 23.966404602753123, 18.92404916018678, 8.65909544670677, 0.0, 39.53720866250106, 48.40651388255144, 56.92863473757927, 64.5938920886239, 72.36167034105038, 64.33100764041606, 56.029429628876045, 46.68799777201088, 24.708602927000182, 26.010755695595176, 26.988307647877885, 30.695579041555366, 35.11786083242003, 31.568749772953392, 27.030655086873825, 21.217863359068954, 19.408029886823364, 19.78906691227431, 47.534105467560344, 56.418197979575886, 62.73983333703957, 71.90058390228499, 76.83766318527455, 74.59278360090859, 68.77042728207398, 61.92459001193872, 54.762110532900294, 49.34375100723974, 21.37690372724848, 21.733512779260376, 30.55082667498166, 31.89785742334405, 42.154872277338626, 50.01066840282096, 53.77114153156217, 54.184522125137995, 50.36882143995062, 42.412540236397554, 34.554190743698584, 35.698029612735745, 59.546926144843354, 56.40181147776478, 56.160222454992585, 60.620538160143255, 62.56728569284848, 68.00727298697889, 75.43288557108316, 74.94771473539976, 74.12941461860609, 71.41573837657367, 67.95655100902803, 64.1872000200871, 58.669553417436454, 59.76164271747146, 63.45777135066378, 67.22984157613448, 72.33591454046355, 67.99238594364064, 64.18656207481651, 60.648907148535, 57.12346697110971, 54.90063786912925, 61.14023490024036, 68.94189942112513, 81.65211060407307, 89.86922155916639, 91.03891868540401, 99.50769161938736, 108.68598593857139, 111.57021679882072, 108.15254975738928, 98.07959518044416, 98.83208848131234, 94.60045437527553, 94.72529685707853], [39.67351085520347, 48.154696407274905, 57.29607581704395, 63.02947186827193, 58.44665591531805, 47.84401088939445, 39.53720866250106, 0.0, 9.932553831890415, 18.252541883051197, 25.28564943061556, 34.2708692509496, 25.299116607687335, 16.842665475284875, 7.584106025627345, 40.77246313081281, 47.87447293348242, 54.167027497754354, 61.9361761793665, 69.7172166210931, 67.4020643819471, 60.299219240667504, 51.04851173121231, 45.144902969244725, 39.48676920170277, 20.31066955561618, 24.552277930150368, 28.220017297303574, 36.177530783367956, 39.80544916672256, 36.592855554567095, 31.182975997256037, 25.290627078903203, 19.36577038932265, 17.03990480371146, 28.893456339218158, 29.808423058526426, 38.11806804306739, 45.11649875130548, 49.93114294150896, 51.07052465598131, 49.30348308322326, 42.501374983678176, 32.564147479761864, 29.31645044511961, 17.889199930637393, 14.275490660515946, 73.60726811212703, 66.39192558374941, 59.88142972900275, 59.55730126429569, 56.79094801153647, 57.76819971520648, 61.003162389767375, 65.6336767675095, 69.45324523192106, 70.67577599072034, 72.34034442565212, 73.5059671419931, 70.43658042577795, 65.62961837575119, 62.719167520425955, 60.311359732112564, 60.51054192560856, 61.225815474881614, 63.53121361523059, 66.49882743004777, 88.9538298128523, 88.68305102823165, 93.45960236864747, 96.72771187771376, 106.10601769087974, 108.01829905944955, 104.35047648818475, 100.04310633691934, 97.98753732970499, 93.18721462320923, 85.8483331158012, 71.49781369261291, 67.68634023670444, 61.90981222542321, 61.214534035006274], [47.602087988729174, 55.87198495771077, 65.38322386422308, 71.56628378538149, 67.26536714425643, 56.754093577155366, 48.40651388255144, 9.932553831890415, 0.0, 8.556498401649417, 17.03051810580882, 28.0883491705419, 19.272607584766778, 11.861232891330141, 7.810274325500353, 46.00355021125882, 53.27558278859091, 60.027764133752186, 68.20922258349692, 76.62047299937652, 74.64453660673061, 67.09297876689445, 57.67061511983025, 51.577739961035554, 45.644350302070784, 16.41803645361628, 16.749907980507654, 18.839583530367864, 26.602786982835028, 30.71172776026085, 27.410976491448036, 21.314196369201092, 15.473227229094421, 10.523065301809973, 11.063167797792005, 35.35426601222607, 37.7372234397461, 46.07943651588021, 54.143908566585104, 58.36563381795994, 58.19806343484348, 55.555601496905744, 48.426855847993004, 38.04194663245106, 34.76215881379275, 24.187000740132955, 17.840003620819054, 82.5955058706762, 74.90646152532635, 67.51744621357703, 66.4780167613331, 63.03045010441138, 63.323715495943404, 65.62794671663991, 71.2167556613396, 75.73599390465135, 77.62665309058934, 80.01949579309175, 81.89669301857194, 79.19276055168704, 73.62427090811728, 69.72705039598219, 66.40970627905926, 65.75630816359784, 67.34410638503877, 70.56222401980448, 74.48965487434339, 95.48125251881542, 96.86072268538088, 102.58206770477761, 106.15283314640742, 115.62694294772581, 117.18285119823898, 113.07234195623101, 106.83736609009074, 102.57181195231409, 95.70591897711456, 87.13945215674326, 71.26440724033903, 64.87341757826711, 57.0188708194233, 53.85303079817776], [55.9147006011278, 64.09097235829496, 73.69877617739066, 79.98731731861376, 75.76501927690744, 65.27097533531443, 56.92863473757927, 18.252541883051197, 8.556498401649417, 0.0, 10.009926033429169, 22.669802641590618, 14.630665038578558, 10.713403782477023, 13.64007049275989, 53.21729233954984, 60.52351548386714, 67.46351927419107, 75.79838852794883, 84.44332394916881, 82.62639615817585, 74.91883890559252, 65.45570970408404, 59.307740524035125, 53.28359004432797, 19.553047626789844, 15.200296646938012, 13.695783541117061, 19.655821539530166, 23.344641767303518, 19.61038495259249, 13.259200157031794, 8.868631113736212, 8.66557940131818, 13.626687036009779, 43.12546669803797, 45.61469035156229, 53.29684829544581, 61.60051708052669, 65.07076150813471, 63.91419315263724, 60.532739491645884, 52.827519982973755, 42.34181624307579, 40.187153626052314, 31.16992540139756, 25.020558552123454, 89.31225580401264, 81.29071130483284, 73.26482614604133, 71.53402708027771, 67.4588079879439, 66.93090994965597, 68.21534667052525, 74.63245711164467, 79.82911677381531, 82.34765138819232, 85.46948829223601, 88.01485524172514, 85.70609467739969, 79.49555155545679, 74.72319086185932, 70.49940645693366, 68.92896115641504, 71.42121225932085, 75.54495097493073, 80.332978119925, 102.87374226776177, 104.801949270159, 110.6238855433297, 113.89252787279169, 123.0425901359009, 123.88872678448747, 119.20026007472728, 111.02729266815186, 104.63290826060667, 96.02557591171107, 86.54754403564507, 69.73376609819981, 61.50521802035318, 52.56760377102854, 48.02447553358114], [64.24888086997154, 72.59007643818515, 81.91469446406285, 87.67271103519509, 83.43481055647558, 73.01780948892281, 64.5938920886239, 25.28564943061556, 17.03051810580882, 10.009926033429169, 0.0, 13.06686616836745, 7.445549985214388, 11.263115073942997, 18.73310671867803, 62.80198778867654, 70.00894217181147, 76.71731061733057, 84.74310493717907, 92.87960217336447, 91.07264620902671, 83.82382500265591, 74.5451315876781, 68.5098678290276, 62.61367808633868, 29.477625092418066, 23.84093787124735, 19.534243880070864, 19.089509856286544, 18.21559939663175, 13.65355948845432, 12.552267096596497, 14.524721988501023, 18.111870195822657, 23.592265300775296, 52.3490179806126, 53.88336672632942, 60.36275997283901, 67.44031015641777, 69.89771895200482, 68.44251384292197, 64.47998818080687, 55.08883858083421, 44.68078751203799, 46.224216928062084, 39.00116004903442, 34.46659366312832, 92.64214313826722, 84.8085863013882, 76.77057470974424, 74.29241741431792, 69.50680055986922, 67.38695016624291, 66.79663668782723, 74.24740397702229, 80.49026375577823, 83.7112528063714, 87.73852759978486, 90.83769954738312, 88.97462851712179, 82.50457841970243, 77.02361453999222, 71.54235056692917, 68.30919098001901, 72.35947031180862, 77.72694316595641, 83.24244997497122, 110.05384967970083, 110.78686328064236, 115.50269723537265, 117.5237911459303, 125.87051276252566, 125.61197982691978, 120.41539829636766, 110.57992756446554, 100.70596173187518, 90.05547779883119, 79.59017061415686, 61.93995757771671, 52.56374409466725, 44.106888823586345, 41.62499948987707], [72.94053514554324, 81.40541332047333, 90.16523725135701, 95.02820283867915, 90.88370165991569, 80.79782870577986, 72.36167034105038, 34.2708692509496, 28.0883491705419, 22.669802641590618, 13.06686616836745, 0.0, 11.117718780478935, 19.604088617422587, 27.211187141709747, 73.64764712273404, 80.58367558572083, 86.78395978315542, 94.18154328588007, 101.36520883348147, 99.57388410636206, 93.17903429070223, 84.31983034308615, 78.55735725815819, 72.97704492450632, 42.16151571013647, 36.625188407840604, 31.580434024283676, 26.685611241990074, 20.494817766425466, 17.13238003490265, 22.537419758936753, 27.058351535971497, 31.02393300999312, 36.251241744257996, 62.817150859997305, 63.3977855643158, 68.78963581073373, 73.87092927465606, 75.40584583480373, 74.31118521589441, 70.10747302602418, 58.774517832568066, 48.8976981751935, 54.75561077876729, 48.90348391357268, 45.76852476804461, 95.37171603041547, 88.28698465165463, 80.91090244903222, 77.85002188928469, 72.51006999409931, 68.43121650404227, 65.3633971692073, 73.82965915153126, 81.24041360540697, 85.07440504854456, 89.9430534053805, 93.31834092464334, 91.85143175761792, 85.64100390086197, 79.8365954172649, 73.10441501926825, 67.78840902573513, 73.73660840134526, 80.34261584098981, 86.22757975333653, 116.5167181918943, 115.30640813680213, 118.43812196376561, 118.858526418209, 126.29793403701981, 124.99177998622942, 119.63606374894694, 108.88515399236402, 94.29073474423767, 81.08232205025989, 69.2704650306916, 50.34470096837695, 39.63945757579231, 32.760035803730474, 36.08176359689618], [64.87595404793966, 73.37634976988382, 82.37974389573735, 87.66490012134157, 83.11273541923514, 72.60972499952116, 64.33100764041606, 25.299116607687335, 19.272607584766778, 14.630665038578558, 7.445549985214388, 11.117718780478935, 0.0, 9.021511038583833, 17.84558935479571, 65.0004392777527, 72.27834065476442, 78.83495962244812, 86.68176171978743, 94.38613616349383, 92.30081484615613, 85.35561639177487, 76.11465902970878, 70.13259630529187, 64.29898432967042, 33.6407139495776, 29.52887546950337, 26.302626805123133, 26.429862172156724, 24.253505322139496, 19.693028530710073, 19.833407411545522, 21.02181404442911, 23.08093822231797, 27.6743190360237, 53.53240041177889, 53.417143202308914, 58.42322355437466, 64.36411499546291, 65.97495013318407, 64.41971998325673, 60.22811899265058, 49.827178135509364, 39.62257390399705, 43.8904711162154, 38.34385764883051, 36.181326281839844, 87.6751275591832, 79.91348471796182, 71.93178288335194, 69.08350639280278, 63.998312047608486, 61.12736581016541, 59.85315672902136, 67.58810760428264, 74.20377551736273, 77.68878440230407, 82.12082796956521, 85.51446374720003, 83.9456433200248, 77.31386428456652, 71.52017311065863, 65.49089872725442, 61.599184751630375, 66.24923098738795, 72.15088527173664, 77.99112139695067, 111.61948324413204, 110.53341543886384, 113.67651471093559, 114.37169472753635, 121.65865317316747, 120.31776727199828, 114.53873852684508, 103.77680032050702, 93.36673242579735, 82.92167586352909, 72.8736036986186, 56.10016090717652, 48.73638378671697, 43.55622458332421, 45.189904631757265], [56.49380218003612, 64.97635494344043, 74.07839644994785, 79.60194929745508, 74.88845505455053, 64.21941852107645, 56.029429628876045, 16.842665475284875, 11.861232891330141, 10.713403782477023, 11.263115073942997, 19.604088617422587, 9.021511038583833, 0.0, 9.411984031822092, 56.53304640377395, 63.91331691807666, 70.55671976214502, 78.55348301893774, 86.46018832753629, 84.2189831574451, 77.04073578476, 67.66336766766888, 61.61789887398272, 55.71966619371557, 26.838387222796474, 25.00844877225315, 24.247720978758725, 28.48327336756295, 29.192617003263496, 24.823915736995986, 21.552947775380076, 19.09740343246539, 18.035784911628795, 21.07509977067093, 44.72751813681974, 44.43330971956119, 49.83261905240283, 56.38458464720204, 58.65423362198065, 57.436471429696496, 53.71948481980142, 44.37382251028494, 33.85832675663684, 35.89916220732212, 29.397634290786666, 27.56362113908521, 81.5596332661786, 73.61912906686497, 65.66257653076933, 63.4286092011368, 58.92385352150595, 57.405442419288285, 57.90683541754196, 64.65616013189295, 70.34591957435202, 73.1957726369349, 76.86010210651307, 79.78887696454909, 77.85475992497862, 71.4174324993284, 66.22469337172005, 61.25451453610458, 58.85867095727482, 62.10445114655426, 66.94968708868731, 72.17549026957795, 104.84599988361948, 103.96360128189616, 107.43094894366656, 108.75231318495987, 116.4204658477342, 115.76522560689214, 110.28951058894339, 100.9669209601706, 93.99101481341516, 85.8466277315866, 77.03630486634188, 61.51437896867286, 55.98170406820656, 50.99404312319691, 51.618968308020904], [47.1623965579042, 55.669052366555164, 64.70419643706458, 70.2083817436162, 65.55489568726733, 54.945256180063105, 46.68799777201088, 7.584106025627345, 7.810274325500353, 13.64007049275989, 18.73310671867803, 27.211187141709747, 17.84558935479571, 9.411984031822092, 0.0, 48.110747527184245, 55.31333156073963, 61.69921076601591, 69.4870210742102, 77.19100989553053, 74.89758787951526, 67.87897814926895, 58.626600045741625, 52.69627733708481, 46.970024157747126, 22.93035816907854, 24.34886848918742, 26.097981934696595, 32.50300105784838, 34.813808620880344, 31.129276334414858, 26.662443617644406, 22.03337972456947, 17.861405190019205, 18.065714161862463, 36.17278044248942, 36.238650459637554, 42.93709354920403, 49.462364358142054, 53.006199988029756, 53.156664257897766, 50.473187099769206, 42.145749216295634, 31.690101887556278, 31.495059568051634, 22.529596675817654, 20.20713191244539, 76.18952554099393, 68.69191817062783, 61.57432579018323, 60.34949621073993, 56.74052519839049, 56.46377440596712, 58.3925507436197, 64.0283910360716, 68.77827917352828, 70.75283874262944, 73.37045981413665, 75.33132906327228, 72.77862806486135, 67.25373866753641, 63.29842620079119, 59.638565808588766, 58.55459756154518, 60.51706147705703, 64.05830090252961, 68.064371785304, 95.83193039483967, 94.98300431188382, 98.93920155111617, 101.13337375384347, 109.66173709387483, 110.3391983188775, 105.85802220418793, 99.3540360591585, 94.92224319127386, 88.65683017057033, 80.67802015760316, 65.81628867624417, 61.474993189726725, 56.2308961480768, 56.50757919388813], [17.60200237636233, 19.600318547947943, 28.99945128113125, 38.0724568787677, 35.250028176177224, 28.06320197745521, 24.708602927000182, 40.77246313081281, 46.00355021125882, 53.21729233954984, 62.80198778867654, 73.64764712273404, 65.0004392777527, 56.53304640377395, 48.110747527184245, 0.0, 8.02326845198807, 16.035651240513495, 25.85842538143893, 36.95704841926374, 34.91651966416383, 24.759279878120566, 14.922721116973305, 9.029576521519216, 4.976403160238327, 36.86202431403584, 46.159443433451074, 53.64045948473509, 64.56989977240016, 72.09608236461084, 70.34265058700795, 62.51346152934731, 54.76842104115843, 47.576475880413824, 41.30357443938872, 13.894974340976667, 24.516955980170213, 37.4393531171516, 46.63830417522458, 56.16380540190423, 59.990810089306116, 62.27339519133692, 64.51844614739552, 59.02122281619384, 44.67244331955822, 34.21842309113293, 29.6059425888377, 79.2576719112821, 73.62820459511121, 69.97961261589727, 73.47430559244974, 74.60457402612815, 80.86613653873732, 88.93048512884887, 89.47551327427625, 88.97066078091802, 87.09695720898182, 84.43666742817692, 82.29727406146225, 77.43984814164746, 75.90485202791598, 77.48089342458793, 80.67751128586207, 86.18782750245718, 81.6982976940495, 78.51398519328974, 76.97875123218515, 62.76558785203035, 70.41880757375941, 82.00194246158676, 92.48214832366664, 105.83271929979365, 113.88272968309022, 113.85927395042764, 118.31802409215966, 127.21786477712817, 127.84143614637199, 122.77681641953441, 110.09311161337104, 106.87105379707894, 98.4787146780177, 92.49662111093203], [18.44886326312887, 16.903423232046553, 24.676961434119598, 33.83550235710351, 32.210436963759726, 27.434512846086424, 26.010755695595176, 47.87447293348242, 53.27558278859091, 60.52351548386714, 70.00894217181147, 80.58367558572083, 72.27834065476442, 63.91331691807666, 55.31333156073963, 8.02326845198807, 0.0, 8.277262773672767, 18.279343707277516, 29.868344816681255, 28.178548273612325, 17.772817479421345, 9.235276770044413, 6.766647858975964, 9.531683937417407, 44.284183656351495, 53.309368992252104, 60.63154864248037, 71.1188710833797, 78.6416583428623, 77.15406587530687, 69.54675155658596, 61.98252037418279, 54.94514898953127, 48.758241761059125, 21.21318718497159, 30.706265631301424, 42.77755408814303, 50.669137373401455, 60.60300380727617, 65.27744784383798, 68.16930358000735, 70.88524517565364, 65.8587962707251, 51.849752841274956, 41.82420349209844, 37.36724820218086, 81.94872718838096, 77.19853132458852, 74.61420411472744, 78.65965543604014, 80.30293891204207, 86.83551424185981, 95.0819681601086, 95.17967756628748, 94.2492318595297, 91.9202771417946, 88.62817877448126, 85.75196516420921, 80.58527951015249, 80.05332184860244, 82.51650947052073, 86.33087298370876, 92.14891465126246, 87.31078727123138, 83.51006267750581, 81.10138843176154, 56.208837408606776, 65.57608947769701, 78.71180474423646, 90.74385608895449, 105.07483680129245, 114.64233040537286, 115.7637258292386, 122.48199006285891, 132.28509437301636, 133.5039208205403, 128.6273989710238, 116.04380274496035, 112.90758969371979, 104.20383241568655, 97.9943616368181], [19.961449963491205, 15.029030690722342, 19.791907035665893, 28.470308555479164, 28.309069577904005, 26.4630436118001, 26.988307647877885, 54.167027497754354, 60.027764133752186, 67.46351927419107, 76.71731061733057, 86.78395978315542, 78.83495962244812, 70.55671976214502, 61.69921076601591, 16.035651240513495, 8.277262773672767, 0.0, 10.01898284351366, 21.79042235259549, 20.400903115145397, 10.175879099421042, 6.334735656448579, 10.30221445469822, 16.04565002585866, 51.9061562943475, 60.76079866098645, 67.86871405353997, 77.82307419567488, 85.07942567233722, 83.77326207379569, 76.54938795449429, 69.2016412968384, 62.25132535613257, 56.17008043713334, 28.091953981428738, 36.41504340707261, 47.62200818492395, 53.77330007769794, 64.01765923715502, 69.73474392535167, 73.23532895052621, 76.1003504886453, 71.55564167324833, 58.376746446328546, 48.7111268465119, 44.69345892613739, 83.11128576801975, 79.44423559530046, 78.12858362469967, 82.70549875523125, 84.83367552334576, 91.46646724337775, 99.74803393460029, 99.39901609122072, 98.1062547707287, 95.32128265505894, 91.42568613257944, 87.74803548409413, 82.26905126584607, 82.89258692277197, 86.30528916753083, 90.65865143457457, 96.64358783443726, 91.57570716697533, 87.23065017249675, 83.89330831893407, 48.62850869360492, 59.00118014206818, 73.41055672693957, 86.84537256173526, 102.11793597518228, 113.22766742071283, 115.61754740317362, 124.85777124696101, 135.36062091108357, 137.26343297626522, 132.67434990646157, 120.38876947127319, 117.65659947512351, 109.03867861881508, 103.23361880324153], [25.0400172417473, 17.899603402105004, 17.250397306991918, 23.83544802477136, 26.03706629006227, 28.21509507169627, 30.695579041555366, 61.9361761793665, 68.20922258349692, 75.79838852794883, 84.74310493717907, 94.18154328588007, 86.68176171978743, 78.55348301893774, 69.4870210742102, 25.85842538143893, 18.279343707277516, 10.01898284351366, 0.0, 12.08795889148933, 11.63785409304164, 5.37070755698083, 12.826882359355919, 18.8516263703524, 25.153149460429347, 61.077120509874554, 69.72193476326545, 76.56546169458286, 85.88727879104508, 92.78792169618166, 91.68179843563834, 84.927712491951, 77.85115598852464, 71.02249507210404, 65.08603582835919, 36.938462164291856, 44.19291975389118, 54.44696962320667, 58.638777903881945, 69.02962095624258, 75.82910731110864, 79.91127972422076, 82.77039610674748, 78.70974515344987, 66.59168477042752, 57.25391161013771, 53.60933709174003, 85.28178858074541, 82.93805839525973, 83.0751865975731, 88.16537117893466, 90.766213109457, 97.38532836172098, 105.5812313426533, 104.78639037729761, 103.15801930638263, 99.90637512547264, 95.40011812884639, 90.84354087818834, 85.05989542850321, 87.00740316400257, 91.42969821940062, 96.28034951226286, 102.33120024375931, 97.11767839844138, 92.26552747944048, 87.94047369383917, 39.43565411115624, 51.164580827944455, 67.26637442567318, 82.45065161317922, 98.86391028030495, 111.85278115731484, 115.81633013640023, 128.02446358604251, 139.0959102478666, 141.70817815456, 137.42757647337007, 125.49827398083676, 123.22418587700719, 114.75029339258931, 109.49320062232042], [31.538607141071687, 23.853889124423148, 17.937959250229834, 19.477096324468516, 24.586021964132076, 31.015315230936007, 35.11786083242003, 69.7172166210931, 76.62047299937652, 84.44332394916881, 92.87960217336447, 101.36520883348147, 94.38613616349383, 86.46018832753629, 77.19100989553053, 36.95704841926374, 29.868344816681255, 21.79042235259549, 12.08795889148933, 0.0, 4.738957314782861, 13.252265250318642, 22.827547958763247, 29.02803653834709, 35.39075524822087, 71.14511787051406, 79.62308016520429, 86.13406550280365, 94.71991142429792, 100.97395975277296, 99.98095944333829, 93.8860344487911, 87.1454225993135, 80.41625797174106, 74.68219405348323, 46.44723879628391, 52.28822437562401, 61.34836624299928, 63.03699368263434, 73.35764033078914, 81.43443338915537, 86.10802108444835, 88.65586288000797, 85.20174417773332, 74.7721992363521, 65.91994983739777, 63.00918394592392, 85.83062554281997, 85.17422165149125, 87.0946012155214, 92.67721064492082, 95.74519475750199, 102.13561067583915, 110.04168734264994, 108.75123570854798, 106.82519571039597, 103.08477885909994, 97.97732756086768, 92.43096475394022, 86.36189654176395, 89.89582425257623, 95.44228128351922, 100.72167098816992, 106.66803265512345, 101.44321143756265, 96.14476817198666, 90.72456252922248, 28.865117564950435, 40.320545782828454, 57.93196968501853, 74.87466267086022, 92.47098192146525, 107.53708119497402, 113.37586023137551, 129.0871342861826, 140.53132569580393, 144.05030117835955, 140.27223534573608, 129.0610224138044, 127.70543015402261, 119.92990095416901, 116.01231197265803], [28.445294971796198, 20.400019611311432, 13.583508999299044, 15.552348549163016, 20.2269641559169, 26.84229252606195, 31.568749772953392, 67.4020643819471, 74.64453660673061, 82.62639615817585, 91.07264620902671, 99.57388410636206, 92.30081484615613, 84.2189831574451, 74.89758787951526, 34.91651966416383, 28.178548273612325, 20.400903115145397, 11.63785409304164, 4.738957314782861, 0.0, 10.778530660216404, 20.252726765981073, 26.508515395333102, 32.91118290695837, 69.44848419187372, 78.18126608312403, 84.82863069692809, 93.73323832872899, 99.92119373866761, 98.70397994206293, 92.50320566858589, 85.61498317072662, 78.71497960572037, 72.90235835905074, 43.68078160266946, 48.703604312733276, 57.20183075456091, 58.608347075705524, 68.88715890554873, 77.01940053100522, 81.81748386106058, 84.64285640278335, 81.50992387663322, 71.12647054636649, 62.81601158785196, 60.68647191381622, 81.35604479930575, 80.61233012116756, 82.56814210844584, 88.22951366007135, 91.42237115733059, 97.97792064636079, 106.09505520707117, 104.5905772764107, 102.4761607285916, 98.65330976963735, 93.45252508730556, 87.90433580436417, 81.85055127646157, 85.36138136867667, 90.99219866049569, 96.44819961435192, 102.61620108075044, 97.16856241613522, 91.69703781751541, 86.19369044530906, 32.38627628363823, 40.75869917585227, 56.64221525371203, 72.66875385450794, 89.62466136652938, 104.05866131585087, 109.45199106812088, 124.778713073613, 136.91357767271649, 140.90311891144097, 137.48627167617542, 126.7692655877446, 126.00547647208215, 118.90910047834772, 115.61316231820612], [22.019875143335778, 14.09027139588326, 12.763734231510973, 20.138506308270582, 21.50689511959525, 23.657850115850255, 27.030655086873825, 60.299219240667504, 67.09297876689445, 74.91883890559252, 83.82382500265591, 93.17903429070223, 85.35561639177487, 77.04073578476, 67.87897814926895, 24.759279878120566, 17.772817479421345, 10.175879099421042, 5.37070755698083, 13.252265250318642, 10.778530660216404, 0.0, 10.210455762368055, 16.714462898877873, 23.251499598645285, 60.49957802746901, 69.47162812265371, 76.45769799914044, 86.10600438931063, 92.84211180175991, 91.46270680940147, 84.64828129489412, 77.41710244723514, 70.3728991992841, 64.35007631223675, 34.69133737252148, 40.70829962119904, 50.165803610271944, 53.86456788980263, 64.22252547506427, 71.19488671329016, 75.50326852638425, 78.73136067121946, 75.14281083111467, 63.17039761390049, 54.58999053449312, 52.0920982744426, 80.20057302463371, 77.87709658212907, 78.19586673600068, 83.43937037800114, 86.25139792404711, 93.08347080283453, 101.53920635716489, 100.41862885747304, 98.51331756560978, 95.10691191525432, 90.42091117808879, 85.77735059868026, 79.99291010090059, 82.03674568460146, 86.66673700128771, 91.79665798484986, 98.13795846813994, 92.62365278527723, 87.49619489752467, 82.96702968259645, 41.720963627870454, 50.58114567220539, 65.02106707432843, 79.31897641124682, 95.05796781874493, 107.49145375543901, 111.10551575422008, 123.18607195352863, 135.17243035571929, 138.47002144557374, 134.69410282539963, 123.45954336195352, 122.02332551836066, 114.47471104266215, 110.15395598559753], [14.661765957672968, 9.287339290651389, 15.524669422422559, 24.706703949825787, 23.347818956798452, 20.371678835605945, 21.217863359068954, 51.04851173121231, 57.67061511983025, 65.45570970408404, 74.5451315876781, 84.31983034308615, 76.11465902970878, 67.66336766766888, 58.626600045741625, 14.922721116973305, 9.235276770044413, 6.334735656448579, 12.826882359355919, 22.827547958763247, 20.252726765981073, 10.210455762368055, 0.0, 6.52210506717501, 13.062695648788305, 50.71991480144835, 59.90178233291073, 67.06022109871752, 77.1829785032636, 84.06457616366762, 82.45846178000778, 75.33978169413619, 67.90892059838814, 60.73266761828597, 54.61452107960163, 24.615428951287623, 31.49189781824584, 42.15604480237402, 47.64570459252781, 57.946114410559275, 64.019321928642, 67.72955926539522, 70.63535711763289, 66.48308824124545, 53.81794506552769, 44.78498623921679, 42.139342053584706, 76.78696122778459, 73.16831841799474, 72.07129754901462, 76.76162354383739, 79.02881474611817, 85.71286248608678, 94.10742623502092, 93.51322715623489, 92.0717540411143, 89.17922895755298, 85.19415487978408, 81.44047261432434, 75.94618743444418, 76.67796419373943, 80.27225970077777, 84.77685448574117, 90.89106930168863, 85.67326763036769, 81.1763926694863, 77.66874840677404, 50.12988373131813, 57.42330161896888, 70.01935478010698, 82.34733322124868, 96.94412851681571, 107.41199434613183, 109.4603151937691, 118.56703924775584, 129.5586544021937, 132.04293963551788, 127.92622514308269, 116.35184663869904, 114.57970943684694, 107.07541383084632, 102.60339173506836], [12.109272811021064, 11.039274086656379, 20.007652468685922, 29.142783574034326, 26.646303888921985, 20.84656254874719, 19.408029886823364, 45.144902969244725, 51.577739961035554, 59.307740524035125, 68.5098678290276, 78.55735725815819, 70.13259630529187, 61.61789887398272, 52.69627733708481, 9.029576521519216, 6.766647858975964, 10.30221445469822, 18.8516263703524, 29.02803653834709, 26.508515395333102, 16.714462898877873, 6.52210506717501, 0.0, 6.541260887433632, 44.392623209585636, 53.69363548448146, 60.94480896884012, 71.34872878845033, 78.30937679432685, 76.56346416647368, 69.26183877062788, 61.717216676594, 54.46909348503099, 48.30048287587819, 18.253793223247243, 26.177930567751822, 37.90836199095041, 44.71668223039473, 54.83768112874283, 60.206513224118844, 63.40777366773714, 65.9242030839608, 61.2798376661382, 48.20198733514722, 38.66589572167871, 35.731285448233244, 75.48999397308206, 71.03847601776855, 68.95457638307018, 73.1877923657945, 75.00612172584228, 81.48381265275759, 89.73311277215953, 89.57354174384379, 88.52745100674868, 86.03667678806843, 82.59995233586596, 79.48890257706444, 74.23050835609027, 74.05459143097205, 76.86850416660863, 80.83887393087086, 86.68907330807599, 81.77901713368331, 77.81680233610572, 75.07805352870287, 55.51675737326113, 62.05691506644501, 73.65489196732223, 84.80307614815908, 98.70016843654514, 107.94363052926138, 109.0283587238955, 116.1671384847976, 126.26148367369439, 128.08537518904524, 123.67687998016909, 111.81097082105771, 109.73230865760053, 102.20358776131182, 97.60329892178648], [12.88316732398229, 15.640360565590745, 25.442092885774997, 34.3129415767872, 31.03805663434562, 23.27955512310753, 19.78906691227431, 39.48676920170277, 45.644350302070784, 53.28359004432797, 62.61367808633868, 72.97704492450632, 64.29898432967042, 55.71966619371557, 46.970024157747126, 4.976403160238327, 9.531683937417407, 16.04565002585866, 25.153149460429347, 35.39075524822087, 32.91118290695837, 23.251499598645285, 13.062695648788305, 6.541260887433632, 0.0, 38.13765729145515, 47.582092503016526, 54.943602121997614, 65.68070600742058, 72.73015156046542, 70.82134613732802, 63.303290875156605, 55.62503803428188, 48.2955165521185, 42.067306902332064, 12.065851922563198, 21.52673179276952, 34.35332968527216, 42.59416299747176, 52.35686418643777, 56.8655537201706, 59.46558234772078, 61.548634836865595, 56.36454243403648, 42.821648831008545, 32.70259157487206, 29.388528409784726, 74.76016242720185, 69.46358215479383, 66.32687982200225, 70.03283585425068, 71.34974899844715, 77.58278858147881, 85.6557607082093, 85.96593710616983, 85.34359841653514, 83.29452344036565, 80.45685830038492, 78.04575072296792, 73.07290258206663, 71.93157478047799, 73.8833571745442, 77.25767398998914, 82.80784056321868, 78.24270183164167, 74.87587546518296, 72.98386420748827, 61.20227141993194, 67.0960026743699, 77.75557882050498, 87.75942519492374, 100.91854753749641, 108.92255772994386, 109.03065988455491, 114.1138356959766, 123.27595855767882, 124.4084811801593, 119.70331022249911, 107.55217273145894, 105.14617732508424, 97.60650816198753, 92.86239370625044], [44.37400951671166, 51.536730935882595, 61.67745143180221, 69.32694375763327, 65.36618838758422, 55.141188625387244, 47.534105467560344, 20.31066955561618, 16.41803645361628, 19.553047626789844, 29.477625092418066, 42.16151571013647, 33.6407139495776, 26.838387222796474, 22.93035816907854, 36.86202431403584, 44.284183656351495, 51.9061562943475, 61.077120509874554, 71.14511787051406, 69.44848419187372, 60.49957802746901, 50.71991480144835, 44.392623209585636, 38.13765729145515, 0.0, 9.86813815305253, 17.64950106115391, 30.11751611715657, 38.08942540305122, 35.72486553228396, 26.745877520003567, 18.57009801037081, 11.713634768684999, 5.976456571217516, 29.200359354309086, 35.115000138223806, 45.56894213376857, 56.68989212884605, 62.20090440564582, 61.46042936593793, 59.439391303516345, 56.04839574718173, 46.6612663352357, 36.37181879888821, 24.434702824881764, 13.286268977924916, 88.7631178