{
	"dissimilarities": [[0.0, 9.010066517452852, 17.922783666745772, 25.076064214334473, 20.848244053976224, 11.791667770956828, 6.416998721102878, 40.81177175070187, 47.74516265837178, 56.17214888218973, 64.3264528212059, 72.58003058398789, 64.92192040635759, 56.639118863911946, 47.26534014510846, 19.342329931755273, 20.260259624956586, 21.744071783074233, 27.2823715246924, 33.14528933469416, 29.580416090375422, 23.18464037807669, 16.23258008368149, 13.77798676983125, 14.428564108091075, 45.07273471231882, 54.07305692849129, 60.658040127183824, 70.29478671789462, 76.90001622236926, 73.62826590794859, 67.59176733580365, 60.37876160692846, 53.14050700318831, 47.46162183539605, 17.369960266851965, 24.091188640313785, 35.65260374864694, 38.49534464205607, 48.42686610020389, 54.274198706094545, 58.420626403652356, 59.4490429963941, 55.453905220996695, 46.53941372526065, 36.898485862885224, 34.24294562563075, 66.90723296959544, 63.36202522805784, 61.651394385320124, 66.01633731259679, 67.7950884498686, 73.28873682598677, 82.10605235011106, 81.3577864108629, 79.83634552158492, 77.27089662047595, 73.92292619359883, 71.34905459797513, 66.95084294192797, 65.60142915547699, 69.00343503156435, 72.70509921935222, 79.2604128298064, 74.34989987609954, 69.78289068453937, 66.51366266771437, 55.10047258763462, 59.42996210429115, 66.23326435680009, 74.25908949132729, 88.03598059688873, 99.59361708720431, 101.15796095124776, 105.77256417699404, 113.47850859464823, 118.61064203701194, 115.20385714804749, 104.14431393508833, 100.07916361772477, 93.69035902891547, 93.05222504539363], [9.010066517452852, 0.0, 10.54674150971332, 19.30276735487995, 16.366401227869552, 11.632339974810701, 12.881591117560475, 49.434355479788486, 56.041725992862226, 64.22884762297261, 72.65999835975774, 81.23294239599646, 73.58597847973259, 65.26769015398177, 55.951691666145344, 19.906869538886646, 17.33124256200983, 15.761146218231403, 19.73253542721021, 25.51098928927346, 21.529781105508576, 14.72468851260783, 9.848062913908096, 11.278987536888941, 15.748564855543473, 51.707617497467446, 60.865767811428725, 67.70515442312812, 77.50742451592527, 84.59720160827342, 81.4597039425929, 75.15105677014706, 67.86135272505359, 60.60915467858804, 54.71852554260457, 23.718477105027738, 30.334499357884464, 40.68576200442771, 43.32514019360388, 53.49122971143941, 59.58965908357142, 64.37307061450797, 66.5280611509691, 63.307996898456445, 53.26614480800834, 44.36221644440013, 41.652133949441165, 70.37776430884222, 67.50229973711376, 66.56083215223447, 71.50748336024425, 73.92637483699399, 80.11072732358588, 89.51340708170503, 88.07690702175545, 85.8935744964913, 82.81408304331356, 78.6969273788701, 75.48264660897382, 70.8562483979135, 70.31269253100585, 74.53146174592361, 79.09666957397553, 86.35017099731597, 80.7194710783864, 75.3196410753466, 71.22721777046121, 49.631891811747295, 55.9251867485863, 64.52352650047914, 74.46350384639342, 88.93088055213379, 102.00574270056664, 104.54281855714545, 111.04719440994275, 120.63806710121068, 126.64928286331818, 123.65263955910697, 112.90642448153204, 108.92741677414041, 102.16991299996758, 100.69324320209789], [17.922783666745772, 10.54674150971332, 0.0, 9.35144861457566, 8.870179023779508, 13.55357312545917, 19.200273693379923, 58.637872111695955, 65.59769787600258, 73.98494128194581, 82.11870383231455, 90.07912714234745, 82.66224698600257, 74.44093325872744, 65.03228113328406, 29.73590726318269, 25.46613680659701, 20.777314166028003, 19.129812750669725, 19.38576386407807, 14.660236881106936, 13.535819872200907, 16.401025609090855, 20.63877889632926, 26.003350718242697, 62.12759945494808, 71.18449607658317, 77.875748494838, 87.27925646853355, 93.98287006119719, 91.05378632808458, 85.06858674322626, 77.93114850172184, 70.73867899844699, 64.9610691213847, 33.96241198728278, 38.95667041313496, 47.24645388905638, 47.3236094883847, 57.22789221277152, 64.26874596516603, 69.98053708809343, 72.5904010759628, 70.40752845466409, 61.5271667477213, 53.70837235055726, 51.825719071845725, 70.09131212709173, 68.8422039528059, 69.89647232487718, 75.54454087738843, 78.69904852577943, 85.09443456140328, 94.41153605211534, 92.3501167998216, 89.4875797273387, 85.71740748843315, 80.68836381191333, 76.2525797700943, 71.24149844405915, 72.54272934604019, 78.12868194683453, 83.56507973741715, 91.00641867073679, 84.99739250155056, 78.80565100811516, 73.3616881651489, 42.49024464999613, 47.341349661070595, 56.329095982724745, 67.80274862956955, 83.0393340724224, 97.87361633541623, 101.93858365065228, 112.2489626535675, 123.37374259543805, 130.4714008947789, 128.25607309762879, 118.53553164139194, 115.67726829572601, 109.66568687281485, 108.99018360700963], [25.076064214334473, 19.30276735487995, 9.35144861457566, 0.0, 8.056594956557827, 18.668772411671746, 24.86987223337728, 64.59100959111878, 71.85832826944674, 80.45275090113982, 88.11085740693028, 95.21583561157094, 88.20959346831373, 80.21701805213625, 70.77254115806629, 38.81302429615036, 34.42312443756647, 29.04139739956762, 24.6374587700607, 19.461897042869538, 15.512312941293732, 20.247267025926092, 25.39396816396577, 29.752019154477082, 34.97820227473551, 69.89296934856196, 78.69770213740075, 85.06844109724558, 93.83511911041678, 99.87902668376024, 97.20595808444625, 91.74779376703326, 84.88546667095305, 77.83053033254211, 72.29972901163491, 42.01029384455113, 46.10805389513153, 53.243270971493914, 50.977770908673534, 60.33741525840318, 68.16291272612908, 74.39523389524258, 76.72407752096584, 75.08885521687577, 68.03457901343397, 60.71938938930194, 59.29406178599218, 69.39999617249674, 69.70967557980677, 72.55339154514911, 78.5493628599888, 82.05561757879516, 88.1526403162951, 96.85843241710056, 94.63003514150738, 91.49550470670034, 87.31654729559722, 81.79851809890836, 76.36338923914555, 71.07003375997094, 74.0388280819888, 80.59565344649448, 86.36802986926455, 93.44867498618987, 87.59082995868148, 81.13446176353317, 74.73588701065175, 37.24108343455456, 38.620027702469066, 47.391679888682546, 59.9978101245542, 76.15945728959032, 92.40900588094587, 97.91329100030624, 111.82933998192695, 123.18382697787698, 130.7221243259555, 129.00360486286536, 120.09461198646537, 118.27963594763582, 113.08249526833448, 113.51698674474581], [20.848244053976224, 16.366401227869552, 8.870179023779508, 8.056594956557827, 0.0, 11.744570074897807, 19.226040554662813, 59.67903401409678, 67.35033333279567, 76.08366579442722, 83.69996921379517, 90.8880227534168, 83.34900769586794, 75.17139213934149, 65.78661446952422, 36.084650812532175, 33.057307720041585, 29.298905920840284, 27.856378989211212, 25.865221007272776, 21.288484765778847, 22.288673296974025, 24.2964474492946, 27.4197111597222, 31.755505932289427, 65.808847527838, 74.86024432700462, 81.36821379115915, 90.68586446235568, 96.69226848952863, 93.57280759356591, 87.95686844476838, 80.85627225291442, 73.6351711152456, 68.05897675090024, 37.0257165989498, 39.40756548024395, 45.55647062366032, 42.99641531305023, 52.39573672058926, 60.16578813336649, 66.47380031663154, 69.12395388490002, 67.9186405244363, 60.83451892667521, 54.43038382563406, 54.32519165718, 62.53509585594829, 62.220306786427926, 64.64313936740243, 70.64017960043573, 74.20651650337533, 80.53727964762369, 89.6411768557966, 87.1481684077, 83.89590162046943, 79.73800138870396, 74.27665657556446, 69.17194885482243, 63.985292677305, 66.3890663768293, 72.78944765922573, 78.66835230971483, 86.07886153925907, 79.92849038952063, 73.36038120514078, 67.12372607957394, 45.19879977972412, 44.71402747012285, 50.010057043625416, 60.00691780709129, 74.49389378538335, 89.15995688171932, 93.35449223263531, 105.0331358507331, 117.09023453038805, 125.25995607903381, 123.95946158739038, 115.65230525101302, 114.31751704673663, 110.01306852857668, 111.30624470465028], [11.791667770956828, 11.632339974810701, 13.55357312545917, 18.668772411671746, 11.744570074897807, 0.0, 8.645215580249804, 48.87578118155523, 56.65990580492496, 65.38162160898254, 73.11023892547551, 80.71403010198028, 72.68318234673737, 64.31661596678032, 55.00727141654464, 28.44068517402677, 27.891729570963758, 27.163761058773236, 30.1021386149564, 32.66708309992177, 28.129620816788787, 24.386421647046415, 21.00328860505123, 21.283445014059613, 23.592365418265377, 55.177663142298606, 64.36791682564858, 70.97901975921327, 80.82403359293622, 86.96874847947939, 83.43184454221375, 77.56487072598152, 70.25322631721818, 62.916968609933704, 57.3036325760866, 26.115349660229285, 27.749800791632897, 34.94586196092376, 34.21308751462014, 44.12444099112065, 51.17630436015052, 56.76921238056035, 59.105254306530036, 57.22385918055237, 49.373820367549, 42.69850468028426, 43.12631845443984, 58.98319473791739, 56.70483376591473, 57.00213910793193, 62.38368481774626, 65.30867881240499, 71.56278162336787, 80.95548519118464, 78.9154123007073, 76.24371762326605, 72.73355017770902, 68.17351567277152, 64.40730071490034, 59.630304425237924, 59.93246541617853, 64.98958439555176, 70.12062353520479, 77.52566906219657, 71.57817796415314, 65.67987152012408, 60.782131378446266, 54.10326800438179, 54.61070359453416, 58.60310772392387, 66.00613367613194, 78.93905923128902, 91.05475150863485, 93.13319876480509, 100.09849487318931, 110.97751650797835, 118.47020362022894, 116.69091312234312, 107.82319148536445, 105.8707150866385, 101.55001502771114, 102.86255577618253], [6.416998721102878, 12.881591117560475, 19.200273693379923, 24.86987223337728, 19.226040554662813, 8.645215580249804, 0.0, 40.57174042043199, 48.25871990031168, 57.00593976953441, 64.68250189096769, 72.28996615332993, 64.4341820289985, 56.1395008660178, 46.76284700821455, 24.872058670301012, 26.250274075849838, 27.480472033638524, 32.19953063903328, 36.46529663381526, 32.5522976297531, 27.48522382147768, 21.5892728766933, 19.584249184782674, 19.847191250857282, 47.47563358029744, 56.41107297999788, 62.80154374920427, 72.37899136772585, 78.36493753793299, 74.88303523821865, 69.16140608993392, 61.98133974292422, 54.73558468639477, 49.277505463366744, 19.604580295215804, 22.78336828545691, 32.5472808651678, 33.39170065551695, 43.19483845471647, 49.615028580564115, 54.18944482345585, 55.18597361264797, 51.8903997471396, 44.43878013351963, 36.10908525147925, 35.48359188434964, 60.68338306197329, 57.43558488191781, 56.38038666829235, 60.94985850811253, 62.96311233753061, 68.42905515762848, 77.18328026987949, 76.15775333475942, 74.41677733961167, 71.6416873207074, 68.10649724552238, 65.2571065646216, 60.783808120319925, 59.86366824109584, 63.68637857934337, 67.63655496337923, 74.20943777481844, 69.18758877708531, 64.40685812415916, 60.73737564274025, 57.229784137130885, 58.56744859863205, 62.96567491089438, 69.57028595396422, 82.52652523467583, 93.50079538404341, 94.80132497447764, 99.66579631576836, 107.91962248162076, 113.82246232849783, 111.07417250464407, 101.05928746411367, 98.183588774564, 93.2390085500822, 94.28608109035143], [40.81177175070187, 49.434355479788486, 58.637872111695955, 64.59100959111878, 59.67903401409678, 48.87578118155523, 40.57174042043199, 0.0, 8.98892986513478, 17.85206079200679, 24.43782793046426, 32.79283393779835, 24.20472853524222, 15.856821908541479, 6.608407931354269, 42.38632512925001, 49.548854815557796, 55.9352628316032, 64.23358166165539, 71.92279184625058, 69.31653140932374, 61.99824230428204, 52.66092024109941, 46.69904512401141, 40.995108773436094, 21.03129557551624, 24.923682134255266, 28.39122763178577, 36.83257375820221, 41.10250166492705, 36.42793356064445, 31.524082582365278, 25.19221407243875, 19.352366564178784, 17.3703327226398, 29.225442236652693, 30.109850847821928, 39.015262721713626, 45.43113161820881, 49.94073801693429, 50.601755799947576, 48.62762986767071, 42.97888358450271, 32.76872251454604, 30.67770941749824, 18.978845485504067, 15.015475263202129, 74.293110123002, 67.01941713094351, 59.68356066585418, 59.3041498351763, 56.46912422938656, 57.22651652975656, 61.99917072962364, 65.91260658672894, 68.85257441616011, 70.1433243415673, 71.92425324899695, 74.10131391896728, 72.00072982173154, 65.29360994218113, 62.313358595349264, 59.848351481609406, 61.66104163147876, 61.670271964702636, 63.102352941006735, 66.14051936891747, 89.95689832378375, 92.13476478932742, 94.91302562938876, 96.59569777829508, 106.41867485936446, 110.58987952702132, 107.03636807167592, 98.83345457428436, 95.77483861235089, 94.4944599036334, 87.61199994878787, 72.98721549412095, 65.3901972773876, 58.76498501127664, 59.95805494945444], [47.74516265837178, 56.041725992862226, 65.59769787600258, 71.85832826944674, 67.35033333279567, 56.65990580492496, 48.25871990031168, 8.98892986513478, 0.0, 9.040965439860836, 16.71162040685089, 26.84403983700745, 18.917488278741793, 11.781709875929765, 7.588907415177892, 46.67571885755534, 53.972479755953785, 60.7366714476796, 69.28382630290085, 77.61159939965769, 75.3482235252145, 67.66933246919518, 58.1808316087932, 52.059391277914436, 46.118759168873794, 17.606944321557588, 18.03800070307114, 20.000356276055985, 28.017811332937733, 32.65620574454814, 27.77314418832772, 22.538531483843443, 16.436106992409396, 11.59351659423063, 12.173496731064704, 35.18183572102927, 37.344629358604635, 46.36153460087378, 53.80691679508615, 57.96055403203239, 57.79903995784476, 54.964545411789274, 48.940442411050356, 38.19420293749952, 35.87476888915244, 24.675917035440648, 18.412191838622444, 82.7195981390093, 75.12240597756593, 67.0933707397792, 66.1121441090616, 62.689815465857, 62.80552346622514, 66.75948869012085, 71.46269927725221, 75.07509435584451, 76.94965526827943, 79.35710076207386, 82.0990102992487, 80.25971406992271, 72.99943462606765, 69.19934751789835, 65.9122540469371, 66.9539799069949, 67.75203722090815, 70.00510277799317, 73.84384678133974, 95.34270709815364, 98.96506202618237, 102.7919296665244, 104.83511305229213, 114.90718320971914, 118.81812313506822, 115.00955036722968, 105.35768936728915, 100.27961366592184, 97.11330878408482, 88.98548032073784, 72.72196967276888, 62.841896184007915, 54.009217434438476, 52.93271652524735], [56.17214888218973, 64.22884762297261, 73.98494128194581, 80.45275090113982, 76.08366579442722, 65.38162160898254, 57.00593976953441, 17.85206079200679, 9.040965439860836, 0.0, 9.702508371284665, 21.874552309365534, 15.174256867545676, 11.744213533491079, 14.44803369975389, 53.32785995288917, 60.70847473380244, 67.75146748912599, 76.51794405383464, 85.30676788708121, 83.23146693156339, 75.26485899587013, 65.65726452973021, 59.44434562557385, 53.35463193859335, 19.42001390816214, 15.053975081017537, 13.673659495769007, 20.548625998767655, 25.195588655477152, 19.597178504068843, 13.959400387399524, 8.803211696962931, 8.353606985636144, 13.389371107966237, 42.88358416930769, 45.13215721942368, 53.518150752679425, 61.62324834960191, 65.16083084092438, 64.09945385391369, 60.37376856911416, 53.979115754359675, 43.011407946317235, 41.03458987356484, 31.261741875188175, 25.12194988045954, 90.2462363143173, 82.2385381682872, 73.46158208482244, 71.798841331548, 67.77061339500798, 67.2052650283386, 70.34238368608753, 75.7456372354346, 80.01640394286035, 82.51313077645472, 85.6207004109056, 89.0443998200524, 87.5578907153341, 79.63187850204561, 74.91970202307888, 70.77374885270831, 71.044630757184, 72.61274847907985, 75.7335588650477, 80.46565196197474, 102.88749118328084, 107.32580506477262, 111.53741924478744, 113.46108091050748, 123.32518443615291, 126.56863296167799, 122.20088048525565, 110.52990036877364, 103.62499795100607, 98.83619805203668, 89.7309996305241, 72.35827688447817, 60.5975588598365, 50.25194417378714, 47.31283436296839], [64.3264528212059, 72.65999835975774, 82.11870383231455, 88.11085740693028, 83.69996921379517, 73.11023892547551, 64.68250189096769, 24.43782793046426, 16.71162040685089, 9.702508371284665, 0.0, 12.63454304315039, 8.499871037478274, 11.871532443870844, 19.0924757552655, 62.7300492738991, 70.02556703479468, 76.87773037787179, 85.33567750693621, 93.6216326255128, 91.59159700096845, 84.05231421092473, 74.63652417981227, 68.51149321248502, 62.531426446625275, 29.000619557368942, 23.31260776891423, 19.143175341947924, 20.114748484967862, 20.23545139721385, 14.38240192586513, 13.40275824026342, 14.018967165469146, 17.459575578778026, 23.02769521459888, 51.766007940106604, 53.07054886056375, 60.20664940702984, 67.19473290865649, 69.62187863324245, 68.1582287686274, 63.73950687555044, 56.00014767185177, 44.89260430588336, 46.49040524431581, 38.59409249045576, 34.19771997204416, 93.49606686152431, 85.5731240079813, 76.80927588622623, 74.40217440953404, 69.68045647007054, 67.654316233391, 68.88387298268488, 75.43480389317321, 80.64574554339728, 83.82068550948765, 87.8031014724594, 91.70502638063998, 90.59668211256025, 82.52807640671853, 77.09017103518428, 71.77451885152833, 70.38274394256248, 73.44055751912, 77.79554897675608, 83.26436648704467, 110.02612602394599, 113.25749100180352, 116.448028344794, 117.17233709937159, 126.28577309851715, 128.20779151742477, 123.20737879742799, 110.11226330527525, 100.0744551200453, 93.24153835310362, 83.14773104736614, 64.91814685084965, 52.12723519783793, 42.055986363530295, 41.11562090393136], [72.58003058398789, 81.23294239599646, 90.07912714234745, 95.21583561157094, 90.8880227534168, 80.71403010198028, 72.28996615332993, 32.79283393779835, 26.84403983700745, 21.874552309365534, 12.63454304315039, 0.0, 10.872042887868771, 19.004648703034373, 26.726608735675406, 73.25945528853036, 80.28511953099883, 86.66506650028097, 94.45287291095026, 101.73721958721808, 99.78985109399473, 93.09909040627286, 84.14618051786105, 78.26205222406773, 72.5856777976355, 41.26530102784903, 35.661440641002656, 30.73453769520516, 27.133915092987095, 21.34963842227685, 18.087199329878047, 22.758452189686558, 26.085425086561234, 29.904652600417045, 35.23217280425118, 61.63432828012851, 62.19375325980737, 68.27933937779478, 73.28858493040872, 74.61682392754112, 73.28054009649527, 68.58503133152573, 59.299116935536546, 48.47917689843706, 54.51826108903822, 48.05916271712216, 45.015787921100475, 96.01568343978197, 88.71117223976819, 80.7109189774003, 77.74210781648216, 72.49289658048978, 68.68559393376682, 67.23735661941355, 75.13495280684991, 81.32420235941805, 85.06039439223358, 89.82518658415522, 93.84487064430974, 93.03032833562585, 85.43922652562469, 79.69050101341932, 73.27064247889211, 69.70599968046254, 74.62420940630932, 80.2069240454998, 86.0208140975757, 116.1453095084158, 117.38884486903542, 119.15279092722594, 118.36647218773504, 126.67545482751453, 127.18799287688304, 121.82879160074896, 108.44884012760603, 94.17087213830985, 84.56618719337989, 73.12230808044244, 53.6098565716413, 39.69302351952295, 30.70495318059186, 35.28946627612961], [64.92192040635759, 73.58597847973259, 82.66224698600257, 88.20959346831373, 83.34900769586794, 72.68318234673737, 64.4341820289985, 24.20472853524222, 18.917488278741793, 15.174256867545676, 8.499871037478274, 10.872042887868771, 0.0, 8.807195497459906, 17.764584012778375, 65.38241170280823, 72.74000235901642, 79.41066857928432, 87.73054605357574, 95.41576925690188, 93.0837319517911, 85.90035689303089, 76.5526794435984, 70.4964918819411, 64.60150111612894, 33.834005025478994, 29.90549073687998, 26.947713045800402, 28.479315981416566, 26.93760938911599, 21.584611222085677, 21.769861726476467, 21.57516232807587, 23.290118714009253, 27.79952477315262, 52.94925507920169, 52.400663454728644, 57.88102402736024, 63.55738642587535, 64.96331418879643, 63.30490157916915, 58.58429033966866, 49.923933578271885, 38.915493597352764, 43.70214363713296, 37.688500627273264, 35.98376857783951, 87.77435382446956, 79.90141772093361, 71.27152373806939, 68.45101415040696, 63.40044678450638, 60.55879109365313, 60.92389481472146, 67.88939768896923, 73.48164069739093, 76.94286431941089, 81.37251287923993, 85.5470520019726, 84.7190835868666, 76.58013173587463, 70.79264130618922, 64.89932787164209, 62.703474516179796, 66.44513821998562, 71.41550383488332, 77.24482424373993, 111.67487900667649, 112.8939444833019, 114.2453711401372, 113.51209526242198, 121.44386192363883, 122.14173381798089, 116.45206475893177, 102.33181979956298, 91.66113648425417, 85.0986610527594, 75.49830970630019, 58.325652118450144, 47.37518042880248, 41.0276314642778, 44.960818973514115], [56.639118863911946, 65.26769015398177, 74.44093325872744, 80.21701805213625, 75.17139213934149, 64.31661596678032, 56.1395008660178, 15.856821908541479, 11.781709875929765, 11.744213533491079, 11.871532443870844, 19.004648703034373, 8.807195497459906, 0.0, 9.44998093040843, 57.18028082614912, 64.61293233651534, 71.32604225651745, 79.8201427914137, 87.64474260498844, 85.13055742192475, 77.75054260899616, 68.27834820507987, 62.1878656704351, 56.256474705876066, 27.46271276442289, 25.82496707255469, 25.23077311491166, 30.46008593008242, 31.772449651726166, 26.174377479077606, 23.459437401715093, 20.034365207905893, 18.75160298786933, 21.665885532268696, 44.34417986027851, 43.61205229071691, 49.556419949516545, 55.72415609547246, 57.857769447590115, 56.58368022453839, 52.444035999400825, 44.64637233171517, 33.49061764746266, 36.1875551916954, 29.078677325917646, 27.597290451226296, 81.67990403780891, 73.70966512088847, 65.09541534908874, 62.89610598327952, 58.41985892821308, 56.83001504308625, 59.015240791324715, 64.89425028904962, 69.62797350499739, 72.46531315258959, 76.14465373316312, 79.91046425254386, 78.7695218633882, 70.73182732417767, 65.57020447135314, 60.680161984524844, 60.00181745602253, 62.38080525666698, 66.27863952253958, 71.47497394294626, 104.89313154713835, 106.3521160072752, 107.91905374104788, 107.77952730549688, 116.0511592034106, 117.65755196737295, 112.38228058036722, 99.47922298827986, 91.92188650010803, 87.68294045734874, 79.3407429159292, 63.476663599877284, 54.177862857912125, 48.18638035880496, 51.11912090345656], [47.26534014510846, 55.951691666145344, 65.03228113328406, 70.77254115806629, 65.78661446952422, 55.00727141654464, 46.76284700821455, 6.608407931354269, 7.588907415177892, 14.44803369975389, 19.0924757552655, 26.726608735675406, 17.764584012778375, 9.44998093040843, 0.0, 48.82948211304569, 56.0671260476561, 62.51340722878249, 70.7917796396902, 78.37297608673128, 75.79896681376202, 68.58905962808382, 59.268973659694815, 53.29591990332834, 47.5487274792824, 23.708894324187348, 25.232091431087376, 27.04568977043407, 34.195776748037204, 37.158450694382196, 32.17998348125713, 28.20395598689329, 22.87423915108603, 18.598519157675348, 18.77576390796393, 35.66157752218072, 35.56882240743049, 42.9615473447191, 48.95683908206805, 52.332229740539034, 52.24579951276782, 49.352644307072026, 42.517177552527876, 31.67626197740593, 32.31192348973793, 22.71581005470089, 20.346912433438764, 76.3094088543743, 68.7960866352705, 61.010960784976106, 59.846010350957364, 56.28232880537316, 55.94097906101033, 59.53656793443839, 64.34447421416694, 68.08186464771212, 70.02317637762634, 72.63387113422654, 75.44936598518578, 73.74678759061003, 66.53618183425202, 62.652338764662716, 59.10547503317088, 59.76781460840052, 60.86329857503231, 63.39218569709842, 67.32835909123853, 95.84565209154631, 97.3897221209381, 99.42133599067361, 100.14320773532376, 109.24455803441336, 112.2460684596961, 107.96598269955636, 97.94442181206232, 92.86490414782801, 90.37907618056562, 82.92701986761482, 67.8402485869956, 59.786189766390244, 53.65096014001937, 55.97656643517662], [19.342329931755273, 19.906869538886646, 29.73590726318269, 38.81302429615036, 36.084650812532175, 28.44068517402677, 24.872058670301012, 42.38632512925001, 46.67571885755534, 53.32785995288917, 62.7300492738991, 73.25945528853036, 65.38241170280823, 57.18028082614912, 48.82948211304569, 0.0, 8.108858437330499, 16.162834938569073, 26.888974169659708, 38.358077847851796, 35.79481042322885, 25.253286080685257, 15.012246873960638, 9.16264087348691, 5.0377239325951555, 36.994494521398316, 46.204583099442154, 53.624244235809414, 64.51210373595892, 73.29542618371006, 69.89733417599817, 62.41666303450575, 54.841626010764024, 47.737072399603704, 41.4779090258133, 15.651374002043783, 26.94653777047782, 40.1572001813435, 48.80350585203415, 58.48351203482456, 61.930916267743456, 64.56002908695434, 66.46883867896365, 61.352557083434704, 47.48733612181584, 36.55385311531562, 30.39648588945946, 81.25404010547076, 75.81301690327714, 71.2035376539162, 74.71449854666048, 75.80427344288191, 81.7990328852518, 91.54020201480397, 91.06007723159372, 89.96778855298938, 88.14613327148794, 85.55469075016754, 84.53921558018936, 80.74433775229036, 77.04340629708348, 78.65079957492495, 81.70185355335187, 88.81295986120514, 83.68826935931084, 79.66623126294498, 78.11677840899415, 63.2451859011541, 74.00536888894598, 83.9878334276928, 93.26969681252753, 106.97934714099792, 118.12661434833193, 118.6640269972619, 118.98675018565622, 126.58740862872938, 130.6294880719236, 126.08558021160766, 113.13646829943598, 106.249797302908, 96.93173610673497, 91.93034133131145], [20.260259624956586, 17.33124256200983, 25.46613680659701, 34.42312443756647, 33.057307720041585, 27.891729570963758, 26.250274075849838, 49.548854815557796, 53.972479755953785, 60.70847473380244, 70.02556703479468, 80.28511953099883, 72.74000235901642, 64.61293233651534, 56.0671260476561, 8.108858437330499, 0.0, 8.283476984996762, 19.192582698862726, 31.231149450743825, 28.96497743252625, 18.176646821538508, 9.188620431865111, 6.764471722880732, 9.544450448823861, 44.54768988168776, 53.47410760636132, 60.72333772114261, 71.08272433786799, 79.81317575484833, 76.78377670884295, 69.50250584323219, 62.14564398786359, 55.18678748266699, 49.026016566777336, 22.639124267531862, 33.232850839769704, 45.660048885030115, 53.02329498791075, 63.03200585673322, 67.1918225183332, 70.52153843770222, 72.84223973278904, 68.22902192085414, 54.72171763807026, 44.217934321803355, 38.25408833274956, 83.9722192792396, 79.39856210582663, 75.89150006886483, 79.95550503583137, 81.55791046798959, 87.83500124534358, 97.67170233589233, 96.8301973631934, 95.29899254364284, 93.01401557363397, 89.78266081141652, 87.99120589405278, 83.87846647945751, 81.22596834984087, 83.73247828121829, 87.41683441796958, 94.77443106969626, 89.32779826913534, 84.70685316271853, 82.26994363545198, 56.733369141851824, 69.16254594262297, 80.76721810706822, 91.60854527319907, 106.23268088522649, 118.80486357527501, 120.4500453658314, 123.25374889492188, 131.75024299389057, 136.2255029732821, 131.88631518927872, 119.07495062914333, 112.4069978446111, 102.84176997480188, 97.50191146088838], [21.744071783074233, 15.761146218231403, 20.777314166028003, 29.04139739956762, 29.298905920840284, 27.163761058773236, 27.480472033638524, 55.9352628316032, 60.7366714476796, 67.75146748912599, 76.87773037787179, 86.66506650028097, 79.41066857928432, 71.32604225651745, 62.51340722878249, 16.162834938569073, 8.283476984996762, 0.0, 11.00265216114905, 23.244614688827927, 21.218114421637654, 10.550805456249911, 6.34229149395816, 10.331728078354274, 16.116225292493557, 52.25405876544452, 61.01614036312373, 68.06404287509324, 77.88028159090986, 86.29767922605208, 83.57753878946703, 76.62177291783713, 69.456993148756, 62.56264645439802, 56.50830637315712, 29.18575758662566, 38.99942545659417, 50.64173264143275, 56.330385359841365, 66.52709728301015, 71.50321227581803, 75.54705558055798, 78.07925883106387, 73.98309397334639, 61.2978409845242, 51.17545075996611, 45.62452788266317, 85.2145997551233, 81.66997369546979, 79.46588511729126, 84.06686746371716, 86.16201490530422, 92.58672520755582, 102.35857183849751, 101.19419881830298, 99.25262599792565, 96.49684460702183, 92.64316481036028, 89.99806475246139, 85.55997025519218, 84.11940369989803, 87.58298894465443, 91.85170909189712, 99.31813858454588, 93.6533461904353, 88.49070017191956, 85.11261420962292, 49.291330597323785, 62.765835795952725, 75.71229292347451, 87.96692361203647, 103.44617319760961, 117.39893157390803, 120.22014108632578, 125.81491721658766, 135.06489959263374, 140.02062813722526, 135.9920690079229, 123.53300580409478, 117.38792294756861, 107.9651064937368, 102.8805502469651], [27.2823715246924, 19.73253542721021, 19.129812750669725, 24.6374587700607, 27.856378989211212, 30.1021386149564, 32.19953063903328, 64.23358166165539, 69.28382630290085, 76.51794405383464, 85.33567750693621, 94.45287291095026, 87.73054605357574, 79.8201427914137, 70.7917796396902, 26.888974169659708, 19.192582698862726, 11.00265216114905, 0.0, 12.86158732956633, 12.215413259994852, 6.549876015428919, 14.094353716289584, 19.91606268320448, 26.183528378368656, 61.96776222973517, 70.40326916379013, 77.1113121546826, 86.08278757932055, 94.02717476053456, 91.77949083526084, 85.31826281573495, 78.48943076056598, 71.76281383072967, 65.91314780247524, 38.63464301109431, 47.911884440193695, 58.87810347140897, 62.590433587546045, 72.8006631409467, 78.67616972989562, 83.38594844149799, 85.83956209981876, 82.1234279908621, 70.69468037223047, 60.7096699694797, 55.244837707439366, 88.5330320896191, 86.33909815009078, 85.72718237279891, 90.82880992004586, 93.35836492971158, 99.71640495810337, 109.13006038923479, 107.79013995430668, 105.52573528786667, 102.30755617848828, 97.8512577889371, 94.19973732709245, 89.39924233585482, 89.47202316794348, 93.96568571946547, 98.71277782887125, 106.0378075050438, 100.36508260566454, 94.77503975662448, 90.38425636959143, 38.98305763201128, 54.402881649385236, 69.64460352894181, 83.91997087976618, 100.69273429616565, 116.45233975407078, 120.90516657638155, 130.19781870656635, 139.76110616735747, 144.93438580005903, 141.0999736349172, 128.88879525349125, 123.23850763438523, 113.83565293157785, 108.96761095034968], [33.14528933469416, 25.51098928927346, 19.38576386407807, 19.461897042869538, 25.865221007272776, 32.66708309992177, 36.46529663381526, 71.92279184625058, 77.61159939965769, 85.30676788708121, 93.6216326255128, 101.73721958721808, 95.41576925690188, 87.64474260498844, 78.37297608673128, 38.358077847851796, 31.231149450743825, 23.244614688827927, 12.86158732956633, 0.0, 5.151852050983123, 14.278858438795805, 24.25256345216475, 30.275007863568284, 36.63340770316562, 72.33917023073825, 80.64070180141762, 87.01990722492424, 95.2715204519845, 102.38292758128362, 100.43310091636904, 94.60481419761688, 88.03363021725296, 81.35648987416606, 75.72257829609828, 47.78134142826874, 55.79305091095233, 65.59808245080819, 66.66216700847149, 76.60217298261978, 83.52772278126264, 89.01613125716993, 91.3053057295729, 88.26892289561376, 78.75425339071566, 69.32991922445007, 64.68905752278954, 88.38115373864946, 87.87910744759111, 89.27897004194877, 94.91215349056993, 97.94888801462982, 104.12431561569163, 113.00064208500253, 111.38585110496157, 108.72168765806732, 104.95854726057897, 99.83868998875352, 95.00512578015864, 89.84440692169757, 91.78243752741066, 97.49014606436047, 102.76911277015722, 109.83815364857934, 104.20047711978772, 98.15589110871376, 92.5735515641626, 27.54018445729973, 42.62061245921646, 59.45354670164495, 75.51110327686362, 93.3779593400386, 110.89409137158017, 117.1169300468887, 130.7209344740109, 140.74335432745795, 146.49976955018695, 143.25274238473122, 131.95563136800573, 127.5495296976613, 119.0828943121522, 115.60061750841167], [29.580416090375422, 21.529781105508576, 14.660236881106936, 15.512312941293732, 21.288484765778847, 28.129620816788787, 32.5522976297531, 69.31653140932374, 75.3482235252145, 83.23146693156339, 91.59159700096845, 99.78985109399473, 93.0837319517911, 85.13055742192475, 75.79896681376202, 35.79481042322885, 28.96497743252625, 21.218114421637654, 12.215413259994852, 5.151852050983123, 0.0, 11.15437865527619, 21.111697857846917, 27.243251327012825, 33.673101864116546, 70.24932623237324, 78.85309379703506, 85.41283923263629, 94.12314592415173, 101.25187214818337, 98.99267686406318, 93.01707522922747, 86.21846267031039, 79.34923482284417, 73.60162295729059, 44.48660908635277, 51.7341796536377, 61.00490295954439, 61.89881308544636, 71.83083137687707, 78.75722519084407, 84.37548016518612, 86.96741308358078, 84.28359604616686, 74.66265183154124, 65.77730401057671, 61.899648426645705, 83.72917449877454, 83.0819367536317, 84.43890188954266, 90.14835268232711, 93.31355676408022, 99.68897872875814, 108.83394510401381, 106.96020922061943, 104.12394752824626, 100.28491352202508, 95.07529473147089, 90.29133036433711, 85.16255254765875, 86.99222945947973, 92.75498507452073, 98.21599540288545, 105.5395837968528, 99.65176672608662, 93.43078233630719, 87.79450599380944, 31.478487655999558, 43.62335399478271, 58.46150168347324, 73.56197702385245, 90.71881607331855, 107.6992520569704, 113.42212133152827, 126.2664439312204, 137.0199534015614, 143.36298288151724, 140.5031826891368, 129.72197707073778, 125.76531998141307, 117.95602571272758, 115.1447941803029], [23.18464037807669, 14.72468851260783, 13.535819872200907, 20.247267025926092, 22.288673296974025, 24.386421647046415, 27.48522382147768, 61.99824230428204, 67.66933246919518, 75.26485899587013, 84.05231421092473, 93.09909040627286, 85.90035689303089, 77.75054260899616, 68.58905962808382, 25.253286080685257, 18.176646821538508, 10.550805456249911, 6.549876015428919, 14.278858438795805, 11.15437865527619, 0.0, 10.592563094056368, 17.040740337652853, 23.627202529020778, 60.99646679457978, 69.8609475249463, 76.76746384672316, 86.2592422134517, 94.05089182097075, 91.4170977353382, 84.87168141893088, 77.76373395596892, 70.7643292555798, 64.78612576045714, 35.47381807451541, 43.456250521151496, 53.564634469415935, 56.7389368615093, 66.92824238380925, 72.9492187084463, 77.95304376444417, 80.80487242890965, 77.67500304995231, 66.35355383171932, 57.20797793103812, 53.02021803479764, 82.34950429078987, 80.16836906566976, 79.74896557027975, 85.02778614097225, 87.80308143314731, 94.41200735537213, 104.11541724830798, 102.38538345474953, 99.83305821629092, 96.43806998267613, 91.77633415475614, 88.04240786608884, 83.24495384176349, 83.40356669495664, 88.12987623568246, 93.19784647125431, 100.8332341828168, 94.82582126388787, 88.93369300928671, 84.31519252284397, 41.48145163725568, 53.753552658785914, 66.87485044816074, 80.14294994421704, 96.10702561445315, 111.36983792355625, 115.41498590409297, 124.31043749307469, 134.89377429104252, 140.93733143479088, 137.72099586432526, 126.36946573602727, 121.55693647679952, 113.24401377152223, 109.59207602347456], [16.23258008368149, 9.848062913908096, 16.401025609090855, 25.39396816396577, 24.2964474492946, 21.00328860505123, 21.5892728766933, 52.66092024109941, 58.1808316087932, 65.65726452973021, 74.63652417981227, 84.14618051786105, 76.5526794435984, 68.27834820507987, 59.268973659694815, 15.012246873960638, 9.188620431865111, 6.34229149395816, 14.094353716289584, 24.25256345216475, 21.111697857846917, 10.592563094056368, 0.0, 6.512841594144604, 13.104136397540547, 50.935733969826146, 60.04485048042912, 67.16021544846988, 77.25199046850098, 85.29563176723777, 82.2812784909251, 75.42062658591786, 68.07204918611698, 60.937925826342486, 54.833937661209305, 25.29152484863459, 34.01678747157675, 45.212734797983465, 50.22280761037497, 60.43872221310832, 65.66822791317053, 69.9580800780595, 72.5667352847647, 68.86886335154058, 56.70858466286985, 47.149514098677095, 42.81417232243544, 78.88408458736546, 75.37985777950936, 73.40184295572372, 78.11786103866196, 80.3514592902935, 86.8298683908703, 96.66247729055992, 95.29738251792581, 93.21323305946396, 90.34827560151182, 86.40271232996736, 83.67606017040923, 79.22490011771299, 77.89385541926839, 81.54055987285554, 85.96807315147876, 93.52096805592636, 87.73198346952437, 82.42703876430049, 78.87624660555718, 50.434606098799904, 61.11683913905496, 72.18981655086986, 83.39297822632386, 98.23408845637083, 111.64932877527538, 114.13194893443757, 119.52208047083656, 129.20492898112474, 134.72857041401278, 131.17277093155514, 119.44370638963835, 114.1261823884239, 105.79036256499231, 102.09139818875313], [13.77798676983125, 11.278987536888941, 20.63877889632926, 29.752019154477082, 27.4197111597222, 21.283445014059613, 19.584249184782674, 46.69904512401141, 52.059391277914436, 59.44434562557385, 68.51149321248502, 78.26205222406773, 70.4964918819411, 62.1878656704351, 53.29591990332834, 9.16264087348691, 6.764471722880732, 10.331728078354274, 19.91606268320448, 30.275007863568284, 27.243251327012825, 17.040740337652853, 6.512841594144604, 0.0, 6.595746338054167, 44.5641112146126, 53.78435001420707, 60.98222313034816, 71.36297698500132, 79.50077656726971, 76.28508022114072, 69.28249078283339, 61.82375226275251, 54.629565354863686, 48.4770771551584, 19.10122581561081, 28.780531030935283, 40.97569189420427, 47.193793550008564, 57.29219957331045, 61.964693477849735, 65.67259887673383, 67.89757974756557, 63.66822053765839, 51.159088451811904, 41.072315075786285, 36.38903730068072, 77.5472095051143, 73.25559037128752, 70.28615994276166, 74.54621880567802, 76.32862320097101, 82.56745083944034, 92.31300462074705, 91.31549341831906, 89.64027977279255, 87.18207572371733, 83.79164576151095, 81.73024437168709, 77.52267942247727, 75.26048718380925, 78.13279592590533, 82.00415130082432, 89.33473535483498, 83.8449845307455, 79.06088867278665, 76.27593507978663, 55.63787149645828, 65.5084931750831, 75.56003932600422, 85.5814227480809, 99.8193619536764, 112.10748452534207, 113.69388823463144, 117.00564125191684, 125.7594982972144, 130.74705464779305, 126.87399149950083, 114.80521241989192, 109.09854758223123, 100.68647303875385, 96.95442241694073], [14.428564108091075, 15.748564855543473, 26.003350718242697, 34.97820227473551, 31.755505932289427, 23.592365418265377, 19.847191250857282, 40.995108773436094, 46.118759168873794, 53.35463193859335, 62.531426446625275, 72.5856777976355, 64.60150111612894, 56.256474705876066, 47.5487274792824, 5.0377239325951555, 9.544450448823861, 16.116225292493557, 26.183528378368656, 36.63340770316562, 33.673101864116546, 23.627202529020778, 13.104136397540547, 6.595746338054167, 0.0, 38.21772985453707, 47.58679867175819, 54.897940778692536, 65.6526891386299, 73.9159185684852, 70.45069343188779, 63.26075424976364, 55.6610182447602, 48.3949740938776, 42.17537968510593, 13.221856992848394, 24.10504953422693, 37.29392797095444, 44.89082383628873, 54.717994339640086, 58.68902277865949, 61.70645510583733, 63.53194356879134, 58.72942531660084, 45.764617996403565, 35.09988843760716, 29.9944539916973, 76.77876611291116, 71.6652219746902, 67.61500545822274, 71.34718503694884, 72.62837832824479, 78.60449899005826, 88.26028188286402, 87.64479075228732, 86.40605334809187, 84.39665293001227, 81.61302434061051, 80.28537157852269, 76.36936661414374, 73.10515731372911, 75.10932678736066, 78.36624967494537, 85.45909578331488, 80.28862867689647, 76.08195345787334, 74.15231449240201, 61.332291074872174, 70.49516192463518, 79.56716825991116, 88.4265468647283, 101.9864902528399, 113.10391889029356, 113.75823983257101, 114.84366492083296, 122.67008184224852, 127.11531000246002, 122.92694187856621, 110.52931240750222, 104.40534855533669, 95.9292098458655, 92.14638645053334], [45.07273471231882, 51.707617497467446, 62.12759945494808, 69.89296934856196, 65.808847527838, 55.177663142298606, 47.47563358029744, 21.03129557551624, 17.606944321557588, 19.42001390816214, 29.000619557368942, 41.26530102784903, 33.834005025478994, 27.46271276442289, 23.708894324187348, 36.994494521398316, 44.54768988168776, 52.25405876544452, 61.96776222973517, 72.33917023073825, 70.24932623237324, 60.99646679457978, 50.935733969826146, 44.5641112146126, 38.21772985453707, 0.0, 9.88401651141569, 17.623167987927395, 30.34655728061127, 39.58023722757576, 34.980893071725156, 26.554452655687804, 18.55606326276956, 11.819877930516286, 6.08338478520486, 29.753837658204127, 35.05172742618917, 46.05103028296412, 56.96565544232424, 62.75889209584871, 62.28012191951041, 60.05458605327189, 57.15381047770846, 47.69459226581913, 37.56768861882287, 25.049269336263784, 14.005943897679085, 89.73328956803643, 81.60443466462704, 72.81358164961422, 72.63325856567421, 70.12275257728137,