{
	"dissimilarities": [[0.0, 8.595303200005977, 17.761799468709633, 25.277860851806146, 19.891497050081824, 12.518989727768806, 7.449761441200246, 40.69232003989118, 47.59923950174672, 55.87808988121319, 64.13078312703286, 72.57230544587182, 64.88714861714305, 56.636560142531906, 48.31627432574288, 20.359747164494557, 20.909952851994934, 22.15478391783531, 26.46339804560212, 30.949026248076787, 29.27994757895504, 22.70518236294712, 16.91404640611856, 14.246070166313029, 14.423689586789267, 45.3259953291547, 54.41308250211854, 60.769552609888734, 69.25521507462972, 75.68228567791935, 73.29066052132761, 67.06458560282852, 60.58242427274123, 53.44592846280303, 47.74244833455207, 18.091993071039937, 22.32638316557642, 33.56706389057302, 36.90141896254639, 47.77607642020617, 54.083136634906985, 58.04376092867731, 58.020749550544565, 54.2993756596529, 44.17146966453158, 34.87499554204555, 33.83103439462952, 66.695469368314, 63.34066498952677, 62.93631140632948, 66.27747700011652, 67.99217267861322, 72.85247103753137, 80.42493250637739, 82.86187478219699, 82.16970037661851, 79.73483684689664, 76.53703161334055, 73.31187358943623, 66.75345636721872, 66.26093778559245, 69.47824158848344, 73.13674761172663, 78.13821509169348, 73.98230864927368, 70.29127217155566, 67.19960795531819, 53.167731679558855, 57.61232930561752, 64.24872922773875, 72.59189157285468, 86.21590340810684, 98.87800645378938, 99.63741731829364, 106.9329866977832, 111.94371572159187, 117.48865577103363, 114.11413199064012, 104.16705647514961, 99.90785680807807, 94.11327461683479, 92.67174250199753], [8.595303200005977, 0.0, 10.11716792643025, 19.351679913429866, 14.845562333209914, 11.529668808817881, 12.762221477690197, 49.16285950473246, 55.85406461596207, 64.07784691049638, 72.40403372448634, 81.06938315417142, 73.38390706222087, 65.09674430549701, 56.80256735432352, 21.608223524531976, 19.11003032333319, 17.408366468494997, 19.62533478993826, 23.411128346419126, 21.427243601271023, 14.900411813094763, 11.906178712848257, 12.773169542970805, 16.484943836008604, 52.1634024971138, 61.38883947791482, 68.01101796188487, 76.83815248964768, 83.47635108127793, 81.25711855101017, 74.85999508149139, 68.12340907622908, 60.942846159542974, 55.07361081709821, 24.160350121250232, 28.69768200152258, 38.41959546323212, 41.10112998191545, 52.01022714196839, 58.55705275320834, 63.2653228096373, 64.48043913765558, 61.7159298835463, 50.947602264527305, 42.593158372625176, 41.37038464017097, 69.24793755798407, 66.64326922935447, 67.05583512802973, 71.04173508711817, 73.43551796045126, 78.96595650584521, 87.0271166102869, 88.70425959172398, 87.35498442559751, 84.37009123903383, 80.36741795321068, 76.52067062720455, 69.63583205852032, 70.07413992071304, 74.20170725076181, 78.75632831553419, 84.46417472220968, 79.57799374964812, 75.00718622496483, 71.00232912377388, 47.37691517683292, 53.36880836950742, 61.502193484850686, 71.52496871265154, 85.91659357132444, 100.01026391877284, 101.7596700228044, 111.19841535448768, 118.14185064675588, 124.65704603644217, 121.774667425809, 112.19706282616144, 108.24685457132276, 102.25483895053472, 100.26508799002039], [17.761799468709633, 10.11716792643025, 0.0, 10.255304710969247, 8.518734507796564, 13.422393165181573, 19.09994700693978, 58.290430996633155, 65.33448731582757, 73.61695749309926, 81.83703424276452, 89.91993592810388, 82.40112542298553, 74.17635922099727, 65.83216988638459, 30.56870600358802, 26.43598954790581, 21.955752234665887, 19.12212409545101, 18.192058736376048, 15.33968169431951, 13.904903206659336, 17.673881002356048, 21.22519546284929, 26.044539853107544, 62.26859592050795, 71.45788680877536, 77.9829295000316, 86.56326601926516, 92.87437479866944, 90.78753462089803, 84.65373887416821, 78.07235494452118, 70.9290597450261, 65.10855102088426, 34.120860535066186, 37.13173045292565, 44.673167961148096, 44.90734373226343, 55.68845602104789, 63.21416446776026, 68.7870940030102, 70.56970459780756, 68.70612731718124, 58.9092577747547, 51.681601278431174, 51.2864365390642, 69.09218719697508, 68.02005817023651, 69.93304869732978, 74.69449302673195, 77.83689023965208, 83.75095181037163, 91.86782649135098, 92.72679166590373, 90.52366722679093, 86.86746249488372, 81.99934888944475, 77.29857128718669, 69.99985254013272, 72.04596366790882, 77.48309292046777, 82.93631050887572, 89.11015408350076, 83.67290001453766, 78.1929586257061, 72.89525512057756, 41.30087049779053, 45.667596015661545, 54.02897959794659, 65.40494559869404, 80.51766290111213, 96.2040785809999, 99.39837126081963, 112.2827835292866, 121.17270783393187, 128.81233337101014, 126.76552196224532, 118.04259439062483, 115.3317328655321, 110.02545795827709, 108.88587336810855], [25.277860851806146, 19.351679913429866, 10.255304710969247, 0.0, 8.216699301040535, 17.77736575929429, 24.320966131344534, 64.10191365037343, 71.67680625865461, 80.00447365013245, 87.94204200133206, 94.89645966918135, 87.75231881063328, 79.75306211212354, 71.40717039011513, 40.57506878739626, 36.57813398573778, 31.670236833365045, 26.599910843867278, 21.479684965096116, 18.59758512258, 22.465931168602587, 27.842812081499346, 31.311277480096816, 35.789212859802255, 70.56252273043351, 79.55698247880761, 85.68863157453006, 93.56382063358068, 99.15686121501227, 97.17065257444918, 91.63254201877491, 85.53082476736998, 78.5243773231126, 72.93009971082138, 42.75809575766373, 44.02352901440649, 49.90800782787345, 47.22392940602246, 57.69787972298116, 66.44281629586122, 72.52991720212506, 73.89864618828227, 72.43932060643883, 64.72826898180381, 58.256464052658906, 58.94041475997334, 66.54585450505822, 67.2437953976054, 70.71181872343494, 75.98781890042639, 79.56363270762361, 85.31178011857028, 92.90519747343242, 93.30206857068532, 90.4584655385278, 86.33831625394235, 80.9821727447621, 75.57438610369604, 67.96382682310174, 71.66003223703068, 78.20279172678444, 84.07827102293767, 90.16687199631764, 84.6989599566621, 78.76007059177924, 72.38452779820054, 38.544160203704166, 37.24345574273647, 43.99618565999958, 55.93837126727215, 71.69507694127194, 88.63467166598973, 93.29002064381756, 109.694836173856, 119.46763844819327, 127.72768920276697, 126.44720471403676, 118.66032786850029, 117.53605220741262, 113.41575030784422, 114.03647488214492], [19.891497050081824, 14.845562333209914, 8.518734507796564, 8.216699301040535, 0.0, 10.125584011866628, 17.834700144131833, 58.26995254390122, 66.02890537890625, 74.37458553179954, 82.3851803807604, 89.66902046671734, 81.95268426596145, 73.73411470405433, 65.43455436427149, 36.05069489545119, 33.08310912480913, 29.728997092831506, 27.63219013221051, 25.59827005208079, 22.576001135481654, 22.22241525213551, 24.6838663518019, 27.073732780530396, 30.783142358095336, 64.91556822585932, 74.11594805512286, 80.46955208428274, 88.6919746572717, 94.64438851606268, 92.19384430289087, 86.28353018022402, 80.02030467497141, 72.84774793140487, 67.20786074350545, 36.52334139770967, 36.46380052607679, 41.75542341600182, 39.52363097869759, 50.09073627176967, 58.506369625849594, 64.53949406663021, 66.27632006804731, 65.1637188740234, 56.926894957501005, 51.186050992155224, 52.74707350146997, 61.194025576948874, 60.83542026556883, 63.58650869461758, 68.70602303397064, 72.21183635331852, 78.20100033297527, 86.24743624447272, 86.5738248346523, 83.90101332489454, 79.93506416471034, 74.75609533610087, 69.72632180222263, 62.28879382446538, 65.07725414812785, 71.16795755298789, 77.01619805059521, 83.37479325469023, 77.68466286070489, 71.79613200825324, 65.86823953998632, 45.887981962925544, 44.8594020759894, 49.20357516752933, 58.70122368707158, 72.86057743111864, 88.00989777338377, 91.00352010382616, 104.56291102073877, 114.48069776091185, 123.21814234759991, 122.069926794968, 114.56402978694716, 113.46108323843013, 109.83427866990647, 110.63981266610978], [12.518989727768806, 11.529668808817881, 13.422393165181573, 17.77736575929429, 10.125584011866628, 0.0, 8.643799291993592, 48.813302736740425, 56.651972135033624, 64.97647113337938, 73.01353760353597, 80.5924780677004, 72.48194993418812, 64.12709263491458, 55.87675827274651, 30.193376742397344, 29.235038520372672, 28.445089689922387, 30.024412457992465, 31.286590441663808, 28.626968200220333, 24.488197749852358, 22.464520448685054, 22.452618026126682, 24.32400981537489, 55.87351644439911, 65.10990660512384, 71.50630968738024, 79.86243225169555, 86.03887859356107, 83.22043836203258, 77.08012025800178, 70.78189181408197, 63.542470874731855, 57.94910619332519, 27.641559212610705, 26.459017587644343, 32.581193646961644, 31.860076318598875, 42.80365131346234, 50.6167017011102, 56.04377080280135, 57.34043261847471, 55.75072009554024, 46.99320431357478, 41.09754454397685, 43.21428279771157, 57.90695105649505, 55.886814428602825, 57.20086384819358, 61.67287860241799, 64.58039502646453, 70.34637998995173, 78.50532433491688, 79.42433684489717, 77.45792144850255, 74.06994797950829, 69.67210771672784, 65.47875215751205, 58.43551344672367, 59.57282463732363, 64.48693878910856, 69.62651147413933, 75.72247611364358, 70.37409180963242, 65.20836896340741, 60.45028417350417, 53.175329799032426, 53.02256950308438, 56.28643060996093, 63.62138487989677, 76.43650006486081, 89.43328482271818, 90.56914472872137, 100.2653060319386, 108.69218970532073, 116.85760140523371, 115.24793627257809, 107.40295750817872, 105.71539793308136, 102.1712377429496, 102.95066781279392], [7.449761441200246, 12.762221477690197, 19.09994700693978, 24.320966131344534, 17.834700144131833, 8.643799291993592, 0.0, 40.46862927995189, 48.261734990055416, 56.602946066387055, 64.61018812972415, 72.1745717365072, 64.25617940903905, 55.982800631304066, 47.671684388828034, 26.836887083777548, 27.742543649026143, 28.78375894705137, 32.15850022600084, 35.02855099539471, 32.9081169336701, 27.65109577134405, 23.06794321295815, 20.885855371977225, 20.728578412467627, 48.31013016203615, 57.303442397812404, 63.41395736382786, 71.45077802806883, 77.45741239066511, 74.6910262766554, 68.73490614633046, 62.63738801546489, 55.51616847719462, 50.06910459313643, 21.487544369401938, 21.020259977792236, 29.891714672695194, 30.839222488828476, 41.85791322804386, 49.11157791953453, 53.49540728939953, 53.28363058137891, 50.19159858568617, 41.677071047696586, 34.01935061555966, 35.53344261003579, 59.45816204636474, 56.478019211948265, 56.63506024457221, 60.24276475866873, 62.22471671869996, 67.13965610110081, 74.6854561223318, 76.72953382641509, 75.68476911766375, 73.02874877764576, 69.65783382066796, 66.2436305557759, 59.58956758298825, 59.515824052023966, 63.1945540551497, 67.13811008969596, 72.29193516681521, 67.93383696337817, 63.94543106646105, 60.41773256902021, 56.21418978795589, 56.90196793865732, 60.622616035274504, 67.26634579071926, 79.9331328495778, 91.87015118234427, 92.27167590779513, 99.78249757504334, 105.52222568789081, 112.02965475376776, 109.45031315149926, 100.60700069362429, 97.90689407477626, 93.80242020275472, 94.35990816276886], [40.69232003989118, 49.16285950473246, 58.290430996633155, 64.10191365037343, 58.26995254390122, 48.813302736740425, 40.46862927995189, 0.0, 9.06572565692234, 16.862864818670225, 24.346523348043842, 32.665100709956505, 24.23285603382948, 16.09960378909183, 7.895687588000744, 43.18526352237644, 49.89877703538412, 56.06325480172862, 63.647856798267036, 69.90961437465054, 68.92276086980577, 61.58389284391377, 52.831614922389356, 46.88119034372388, 41.1432658177119, 22.636818308911348, 26.596545370449807, 29.40841171235912, 34.6786486195435, 39.962139631099056, 35.83166495706676, 30.519454550161953, 26.566856092933357, 21.25891683596448, 19.291838597656444, 30.305174759623114, 29.416218638817618, 37.83796986490081, 44.48229192838151, 49.68675837521065, 51.03397017224535, 48.94629583615392, 41.72896665065923, 31.449019906120526, 28.098485017178245, 16.183221700036245, 15.369671227114912, 73.51964226801746, 66.49726293708676, 61.14803239476862, 59.868156934009455, 57.00016004727275, 56.981693331650746, 60.72104655596274, 67.81743066860702, 71.52673861933697, 72.81551453247916, 74.55947250875357, 75.36115763946083, 71.83629561288073, 66.06366834319289, 63.04874198204267, 60.58421516260926, 60.51841399693221, 61.51085205212113, 63.8577275766106, 66.92653000057277, 88.2672359726741, 90.34281603805223, 92.92066689518897, 95.17979721160218, 104.49381838277729, 109.94341275199577, 105.71417999833024, 100.0210049796387, 93.86136424496439, 92.90361744077931, 85.96367618677105, 73.17511836000874, 64.9123521973308, 59.21889007955493, 59.37471123284219], [47.59923950174672, 55.85406461596207, 65.33448731582757, 71.67680625865461, 66.02890537890625, 56.651972135033624, 48.261734990055416, 9.06572565692234, 0.0, 8.346934951996811, 16.59056833052828, 27.186014076785163, 19.335148320347635, 12.500422627593034, 8.425757434498632, 47.04736494592773, 54.07718373725934, 60.69353104807743, 68.75151574680369, 75.6831277634708, 74.96676836207898, 67.25900174548622, 58.16263962959492, 52.04506735188849, 46.058139971895955, 18.70007033455233, 19.555789050659016, 20.906611541669232, 25.750101352546285, 31.65396857326629, 27.314494680038248, 21.495605521265436, 17.797535768333944, 13.585396050757964, 13.809824800602616, 35.4981583827898, 36.409987703848806, 44.97598322360286, 52.75625839418929, 57.37873058460584, 57.559807448902504, 54.60567199766334, 47.32029192787845, 36.77513533398431, 33.20508198799531, 22.142030056531134, 18.045714967277302, 81.86499606509099, 74.40719094707688, 68.38541495616916, 66.51610235544467, 63.07909113596124, 62.45995409133249, 65.55954591092792, 73.28543784998416, 77.70126073529792, 79.5456936876888, 81.86753496586208, 83.16646710283815, 80.02123601250933, 73.6354650100779, 69.78152675398186, 66.53321987266604, 65.7371175210955, 67.47255931468027, 70.61403897674059, 74.49839513410217, 93.73608338049361, 97.4598087124322, 101.12196332096114, 103.78156507542444, 113.255368336004, 118.44861483523493, 113.93098738334287, 106.57984616281222, 98.53063094040144, 95.74622144080026, 87.58321720202512, 73.46644804634234, 62.630241450592735, 54.81111516269083, 52.42154944446111], [55.87808988121319, 64.07784691049638, 73.61695749309926, 80.00447365013245, 74.37458553179954, 64.97647113337938, 56.602946066387055, 16.862864818670225, 8.346934951996811, 0.0, 8.574639814677116, 20.987794175939147, 13.924051383845221, 10.463303403371519, 12.63335250447208, 54.27399644339888, 61.42160152409365, 68.2317735136609, 76.47036719280118, 83.61218487981058, 82.9906785578695, 75.18101033130667, 65.96470840596213, 59.800939939748616, 53.73259075609314, 21.873700137739522, 18.820545690689226, 17.116891554385013, 19.345670471779982, 24.914637232970065, 19.71795286671859, 14.135639066468734, 12.897946858670569, 12.469358372092284, 16.181995251375675, 43.21986206478435, 44.06120928992881, 51.691274265658336, 59.611069500553604, 63.28966732027607, 62.53591315836097, 58.680308817783306, 50.80948076793521, 40.045861774565886, 38.030204279623405, 28.947460130120948, 25.15764662435964, 87.71014797686884, 79.89798499069637, 73.28173570325887, 70.71275696619671, 66.60754097369434, 65.09116702454229, 67.22451351467873, 75.6201234858087, 80.78766091938382, 83.27869256217846, 86.36119719819064, 88.27423056512859, 85.66918161541216, 78.6588318307724, 73.88362481114463, 69.65202321727746, 67.86741282349026, 70.57079547950241, 74.69481616592459, 79.48733515890261, 101.29074865265895, 105.24660920173223, 108.83147169511099, 111.03475738569654, 120.03514534032358, 124.31701892131495, 119.16682242264163, 109.6913902686291, 99.521292907696, 95.06990682483297, 85.96402392113599, 71.09474425877693, 58.517982202876944, 49.92374300293356, 46.67717365902579], [64.13078312703286, 72.40403372448634, 81.83703424276452, 87.94204200133206, 82.3851803807604, 73.01353760353597, 64.61018812972415, 24.346523348043842, 16.59056833052828, 8.574639814677116, 0.0, 13.858145420103552, 9.61390830352391, 12.545565217337959, 18.52525163231261, 62.78817986712621, 69.92192371079672, 76.69683278337641, 84.80900529029296, 91.81406047822463, 91.22702031869602, 83.61439094439609, 74.47981095171937, 68.33505415922166, 62.288389973938806, 29.339181071857954, 24.217719558511593, 19.819826555195203, 16.98517776855179, 19.840533264405522, 13.689727287547912, 11.52404683689723, 15.4615112656447, 18.651213162435358, 23.66299824342898, 51.7748513182439, 52.109111156814805, 58.79429364250026, 66.13040768397633, 68.9512801375785, 67.74439413280851, 63.189624989245786, 54.39519337889209, 43.432644073490124, 43.95607754732592, 36.5444994514762, 33.66907080199714, 92.47923831379134, 84.61253945322571, 77.7079406107825, 74.51384378276167, 69.7777185694689, 67.14587798276183, 67.91414065012349, 77.04602800060611, 82.91926518813656, 86.04426214462985, 89.9248062762451, 92.3831766356114, 90.30006709966929, 82.92696677933517, 77.408919127932, 72.15265824950325, 69.13611983911942, 73.01225136525116, 78.14989325961966, 83.68897068540653, 108.7564068392189, 112.12511497063159, 115.16585780348711, 116.59186732356443, 124.95967424589648, 128.1718035210092, 122.47550339722423, 111.23558630627922, 98.5176466794836, 92.0991069556573, 82.01583950379316, 66.44135351605553, 52.39675182498656, 43.657779549220244, 41.10323122912432], [72.57230544587182, 81.06938315417142, 89.91993592810388, 94.89645966918135, 89.66902046671734, 80.5924780677004, 72.1745717365072, 32.665100709956505, 27.186014076785163, 20.987794175939147, 13.858145420103552, 0.0, 11.212084993839504, 19.32618893092896, 26.04648414937314, 74.00546282559849, 80.85120233452389, 87.09069120808005, 94.3439918388993, 100.3918005366714, 99.74317664254187, 93.09869271574853, 84.55865432017444, 78.61077568294151, 72.83428678814245, 42.664651463764955, 37.783211189281495, 32.59560323118973, 25.808919458785272, 22.266966570216994, 18.14672619678958, 22.723680779661912, 28.828591906964675, 32.33571560771212, 36.99389267947695, 62.377930121312446, 61.447004941241154, 66.97162196489595, 72.02705238630502, 74.04002898386459, 73.46768830553951, 68.61608001594485, 57.91998888076071, 46.588639535076965, 52.086412892403054, 46.09027566515732, 45.09718071279886, 94.3898469919359, 87.28648590673485, 80.86638470992524, 77.178287800436, 71.83689920133698, 67.39756520467007, 65.56603447540012, 75.77518525734226, 82.29733833339704, 86.07473869667692, 90.92857789528023, 93.78676895159244, 92.22457743282513, 85.1651298971556, 79.30497772062688, 72.80602444134547, 67.75451846558695, 73.50127700590434, 79.84076128051129, 85.76837253101768, 115.41532021712834, 116.20094731368738, 117.55051090788957, 117.32089825934537, 124.59285897863836, 126.24221900968561, 120.27531212611262, 108.3041409058159, 91.47064144600013, 81.8471279549379, 70.39072837531288, 53.67218494609745, 38.62094507843858, 31.864019934860607, 36.249239047633836], [64.88714861714305, 73.38390706222087, 82.40112542298553, 87.75231881063328, 81.95268426596145, 72.48194993418812, 64.25617940903905, 24.23285603382948, 19.335148320347635, 13.924051383845221, 9.61390830352391, 11.212084993839504, 0.0, 8.828926692024917, 16.73852833265365, 66.07567911711958, 73.13076163483278, 79.67604319177525, 87.47849685394105, 93.83700391134406, 92.96425736651067, 85.692942838851, 76.7791067393892, 70.71101025895842, 64.76431808336092, 35.25873096951934, 31.97620840678527, 28.85846595659366, 26.427815342475473, 27.407735636045896, 21.539817239222202, 20.948854094430203, 24.13048044024039, 25.642570171573404, 29.560444183799287, 53.67825374634803, 51.682731538812796, 56.464294411892915, 62.24520829176987, 64.05106484339497, 62.947729743294836, 58.07150352484703, 48.028213295026916, 36.829676198468114, 41.04448918889733, 35.83796733020909, 36.18238957202078, 86.05944506711242, 78.30311365242281, 71.41337190490825, 67.8212574591002, 62.69420695814941, 59.192413472231976, 59.04338927720647, 68.55476198635833, 74.72123607910235, 78.17776298475577, 82.58987476827613, 85.40764658241334, 83.77500539196711, 76.25460004201734, 70.34409867655324, 64.41339428385844, 60.5767654096716, 65.20681192756632, 70.99203907054788, 76.9384679935805, 110.8114438819364, 111.73815073958404, 112.68551687382376, 112.47692752524104, 119.53265421071256, 121.33882119619271, 114.88678335489841, 102.43332621033696, 88.97385285373655, 82.86675950317446, 73.33921108352867, 58.89813557304451, 47.21112476349258, 42.7134959286829, 45.75139109598794], [56.636560142531906, 65.09674430549701, 74.17635922099727, 79.75306211212354, 73.73411470405433, 64.12709263491458, 55.982800631304066, 16.09960378909183, 12.500422627593034, 10.463303403371519, 12.545565217337959, 19.32618893092896, 8.828926692024917, 0.0, 8.370506276659075, 57.952492759034136, 65.01437260375947, 71.59452434961597, 79.55105940545819, 85.9945621821576, 85.0152109436418, 77.50402195024417, 68.4944754918941, 62.41572058850198, 56.453112080757776, 29.113135724302936, 28.032646454751198, 27.19138163071095, 28.415833088873285, 31.90161064484999, 26.16395983677765, 22.561891363062298, 22.476228174233196, 21.29721668711144, 23.702472222087614, 45.165509579045, 42.86513232974512, 47.99686128916492, 54.31687063872994, 56.75810649425199, 55.956338969579875, 51.649204430794505, 42.40240033861482, 31.19662880053659, 33.178009364228735, 27.033011524109554, 27.9439122895888, 79.96377456000332, 72.08580450972552, 65.31919549246409, 62.279904268019365, 57.73750798445992, 55.4471669234804, 56.95526005825873, 65.63508402197584, 71.0820796668033, 73.90122938282522, 77.52386775705368, 79.86408937792135, 77.76152313700122, 70.42620435280084, 65.13863357084514, 60.23270026963117, 57.796609816515016, 61.1043537966093, 65.87441755784813, 71.1873056252062, 103.94320045479921, 105.16313572207541, 106.31331467841675, 106.65121121554715, 114.13395744217814, 116.83237172737523, 110.72157330300132, 99.70694835444048, 89.24280265560772, 85.62980234531834, 77.38812343679015, 64.0473083609705, 54.17622847150998, 49.793107338772515, 51.73247461256356], [48.31627432574288, 56.80256735432352, 65.83216988638459, 71.40717039011513, 65.43455436427149, 55.87675827274651, 47.671684388828034, 7.895687588000744, 8.425757434498632, 12.63335250447208, 18.52525163231261, 26.04648414937314, 16.73852833265365, 8.370506276659075, 0.0, 50.550805694539896, 57.433049875153756, 63.779517763429986, 71.50949069095999, 77.76796224351936, 76.74298624643436, 69.36669678754903, 60.519756147187536, 54.52087437891666, 48.68495830123642, 25.631115060970032, 27.184411143091438, 28.326233489998522, 31.80629727823424, 36.25944068249279, 31.32768117832871, 26.72343706463699, 24.413899636655366, 20.788715204513313, 20.989068892605452, 37.5158880499461, 35.4046170664705, 41.76083356871262, 48.059087030483276, 51.74573327047627, 52.053150101276344, 48.81063109319348, 40.31364462070013, 29.249422919108504, 29.02771575311342, 20.359924341288032, 21.283688714432206, 75.25988596756842, 67.7815953153843, 61.6974546301345, 59.50667161450644, 55.7654462660842, 54.59033994641989, 57.27042183271264, 65.17923715608092, 69.74546967121391, 71.7945797128908, 74.5030491085076, 76.09393917807786, 73.29694091021743, 66.69967571044663, 62.51758714856431, 58.80143232524852, 57.56225659520389, 59.70439762938252, 63.28768697252062, 67.51022536810804, 95.91886284790617, 97.21868560179782, 98.77757603680988, 99.84977243285664, 108.09390252617553, 112.02873349177175, 106.77587333020657, 98.39151555243916, 90.19719505851037, 88.14516625119177, 80.71367878080116, 67.82032571241903, 59.158667906267446, 54.448427154898184, 55.90964561214611], [20.359747164494557, 21.608223524531976, 30.56870600358802, 40.57506878739626, 36.05069489545119, 30.193376742397344, 26.836887083777548, 43.18526352237644, 47.04736494592773, 54.27399644339888, 62.78817986712621, 74.00546282559849, 66.07567911711958, 57.952492759034136, 50.550805694539896, 0.0, 7.574460053958894, 15.566201831875558, 26.222563058561953, 35.93123227559169, 35.43748626523619, 24.801141669229605, 14.69032496462281, 9.38618777177753, 6.120544084471984, 36.87019915765752, 46.03521110579368, 53.48768886779777, 63.9266005195943, 72.2373326286032, 70.0133158925884, 62.32522431706136, 54.53629698414803, 47.46262673977683, 41.3032850139326, 14.745327272263745, 26.78382577114371, 39.58823862762802, 48.7601218393163, 58.281688397538275, 61.206654412244774, 63.841828953276945, 65.33523898057912, 61.33588809218879, 46.63682833321907, 36.367266986599816, 30.415471654200285, 82.00429107822926, 76.61670309146781, 73.97978103363695, 76.3907118293283, 77.44385900125259, 82.5990993891763, 90.94577815897782, 93.80243922623592, 94.01524828261992, 92.25025419517239, 89.60558093346611, 87.35638873564545, 81.5121308725126, 78.94898109372006, 80.42633504077372, 83.47039143648158, 88.64395625511804, 84.47407454462989, 81.46362778503439, 80.02389041419121, 60.274234111603, 72.50244103299119, 82.72116813586508, 92.47378608241168, 106.20564651324354, 118.54576747850945, 118.24764828288299, 121.59003069181584, 125.95570795568466, 130.48494443847125, 125.82316675061435, 114.24212920194363, 106.58041108582152, 97.67324418569211, 91.10913202635253], [20.909952851994934, 19.11003032333319, 26.43598954790581, 36.57813398573778, 33.08310912480913, 29.235038520372672, 27.742543649026143, 49.89877703538412, 54.07718373725934, 61.42160152409365, 69.92192371079672, 80.85120233452389, 73.13076163483278, 65.01437260375947, 57.433049875153756, 7.574460053958894, 0.0, 8.203740555747787, 19.21426193670215, 29.332005644192847, 29.00067062098124, 18.165626368971207, 8.982159354253914, 6.92777390023527, 9.659922223205006, 44.228605152171575, 53.23135731282892, 60.55056012875046, 70.7860279073957, 78.87181529250064, 76.93658834801414, 69.46974058554275, 61.77574472149367, 54.793917330366256, 48.67284242873318, 21.194043570169093, 32.002026918967694, 43.93037902910604, 51.86356753249187, 61.78648348977621, 65.42553705224535, 68.77279837837789, 70.80507800322026, 67.32046463258872, 52.902574145757306, 43.152845353572935, 37.74245044022407, 83.84964413872353, 79.25607745861619, 77.48342297362589, 80.47243930773732, 82.0632019476426, 87.60696341504132, 96.14240006049411, 98.5237688881577, 98.19471404325637, 95.96824090031447, 92.70453637564295, 89.87672013871355, 83.66461845479058, 82.03072554462204, 84.37981071394367, 88.09707680999777, 93.68178041013905, 89.06721514835814, 85.38371039049716, 83.08433235965661, 54.26689575374962, 67.95596210332295, 79.47347076979386, 90.51340203595907, 104.99620242179122, 118.57051982695006, 119.26310620406622, 124.83233546452138, 130.41802031413283, 135.511148441436, 131.18207469604923, 119.80145298830287, 112.56358256398057, 103.58467882721875, 97.00584333050304], [22.15478391783531, 17.408366468494997, 21.955752234665887, 31.670236833365045, 29.728997092831506, 28.445089689922387, 28.78375894705137, 56.06325480172862, 60.69353104807743, 68.2317735136609, 76.69683278337641, 87.09069120808005, 79.67604319177525, 71.59452434961597, 63.779517763429986, 15.566201831875558, 8.203740555747787, 0.0, 11.142803899176906, 21.473735411441204, 21.355149753170387, 10.869572776939535, 6.302699366663937, 10.237142185342057, 15.837756837230296, 51.82888563239888, 60.702032512765996, 67.77366389341158, 77.59197631250822, 85.24620177323882, 83.61675199523613, 76.5369980328211, 69.06866656622982, 62.1642637963884, 56.10387148675388, 27.880369725829336, 37.54648871582148, 48.73936646230028, 54.978185033435, 65.30460685714947, 69.90905223444855, 73.92742319522554, 76.09892573813684, 72.92429287309815, 59.2910198804192, 49.77993722785583, 44.916823573813794, 85.1284480203305, 81.56690393894688, 80.83491146288551, 84.38946645050619, 86.46285867929737, 92.21030238921537, 100.7091052804618, 102.71769981053903, 101.85857312884986, 99.18474742530461, 95.35715081757739, 91.90792132858923, 85.30203813463345, 84.77888950403371, 88.06263286651684, 92.35061631922594, 98.16289868229386, 93.2699136734239, 89.003647169671, 85.78889330884412, 46.80654651876213, 61.60308922619003, 74.45597312979808, 86.83564704761122, 102.16794993507419, 117.0734819876096, 118.96980519713406, 127.21629958517806, 133.7434089796438, 139.23367180801085, 135.23114693226984, 124.07065857014979, 117.43613817363081, 108.55623691863494, 102.39235989547224], [26.46339804560212, 19.62533478993826, 19.12212409545101, 26.599910843867278, 27.63219013221051, 30.024412457992465, 32.15850022600084, 63.647856798267036, 68.75151574680369, 76.47036719280118, 84.80900529029296, 94.3439918388993, 87.47849685394105, 79.55105940545819, 71.50949069095999, 26.222563058561953, 19.21426193670215, 11.142803899176906, 0.0, 10.751768794120155, 11.48099256656327, 6.7611493300995065, 13.838565370456216, 19.356997140447326, 25.390330328853526, 61.404649577559866, 70.04210118351652, 76.6863235104684, 85.79302201128692, 92.7360056112613, 91.54537729218076, 85.10133219727231, 78.03614551282271, 71.28889453979234, 65.36922961359777, 37.07726247932316, 45.62380387983464, 56.12819492610064, 60.12740871333758, 70.8231381785318, 76.67643585068895, 81.34097434150081, 83.2516368772524, 80.18236770312211, 67.91289705486395, 58.411062694946914, 54.02646575538522, 87.42722336624121, 85.3179645210494, 85.92728344849138, 90.06754075955524, 92.59255784448861, 98.3341309396823, 106.50228033445869, 108.2328366260991, 106.81724704097199, 103.67812269851947, 99.30229826537237, 95.12137826105733, 88.0676553730216, 88.99585075375046, 93.36052277111801, 98.13681758547118, 103.961980579929, 98.9793305691198, 94.1977153717931, 89.92868732103557, 36.062439797035644, 52.33278883101754, 67.2817400727854, 81.5287505280951, 98.09012688163398, 114.75538351800547, 118.38929684205651, 130.28750228812623, 137.46596671350773, 143.0923512659957, 139.3826969191609, 128.41151853872935, 122.53513064580969, 113.79497391274263, 108.35191203178198], [30.949026248076787, 23.411128346419126, 18.192058736376048, 21.479684965096116, 25.59827005208079, 31.286590441663808, 35.02855099539471, 69.90961437465054, 75.6831277634708, 83.61218487981058, 91.81406047822463, 100.3918005366714, 93.83700391134406, 85.9945621821576, 77.76796224351936, 35.93123227559169, 29.332005644192847, 21.473735411441204, 10.751768794120155, 0.0, 3.291925418207556, 12.64248726854795, 22.41028073354258, 27.981995284003926, 34.00430631781585, 70.18639671546266, 78.78533778518866, 85.114608762215, 93.60000281375885, 99.87521485661574, 98.83634539885244, 92.93074794829215, 86.253773145526, 79.54058244132543, 73.73538841198365, 44.926907726669604, 51.81777361235538, 61.20897521351023, 62.87094678657811, 73.66744518827682, 80.69773613152591, 85.98415759328681, 87.68236857161119, 84.95064442768255, 74.19104527875047, 65.16673281596066, 61.83245533529293, 86.77518916072917, 86.12851486088715, 88.0777858927104, 92.76853302648767, 95.75574774697169, 101.4919979077194, 109.33696744709826, 110.65098213544988, 108.6282438034759, 105.02193127192159, 100.12123100001698, 95.2596139973023, 87.8627337264523, 90.21835012958378, 95.63178973840509, 100.90204123437151, 106.77262830714749, 101.65597905863942, 96.35350387073704, 91.06093790731792, 27.211137002668522, 42.470334217078566, 58.491166090817316, 74.08910744909481, 91.46723310810908, 109.53735824098655, 114.69862566499316, 129.99552439747734, 138.06843438670205, 144.201481411369, 141.09619889541446, 130.7860986898973, 126.20415602252488, 118.306749466957, 114.34137661345099], [29.27994757895504, 21.427243601271023, 15.33968169431951, 18.59758512258, 22.576001135481654, 28.626968200220333, 32.9081169336701, 68.92276086980577, 74.96676836207898, 82.9906785578695, 91.22702031869602, 99.74317664254187, 92.96425736651067, 85.0152109436418, 76.74298624643436, 35.43748626523619, 29.00067062098124, 21.355149753170387, 11.48099256656327, 3.291925418207556, 0.0, 11.476753674247004, 21.409388090872916, 27.03003056667057, 33.085294059986445, 69.81051417545737, 78.580945499112, 85.00428676044113, 93.57541823820335, 99.89898348870737, 98.64916510612312, 92.6577843427144, 85.95272662988447, 79.12159013341773, 73.27530550379872, 43.75796029675453, 49.93269445648156, 58.81637529027362, 60.12617138371224, 70.87025107237412, 78.00978612630563, 83.44775525313932, 85.32985813235607, 82.90131875157694, 72.25260806045975, 63.683227349223394, 60.93476947915118, 83.69170491614877, 83.10175246718426, 85.17371390199835, 89.96587683343412, 93.0817257087341, 98.94506271641818, 106.91052046572281, 108.0104843856986, 105.84603170367203, 102.14499445343044, 97.12845342677588, 92.20539486895639, 84.79880076744236, 87.2471679828587, 92.7982054703766, 98.23412934235157, 104.26641143163184, 98.97924868862232, 93.51383606892678, 88.08577148257447, 29.173479770844217, 42.16490588712852, 56.94186067592301, 72.04205384088655, 89.08205046920163, 106.92814890269455, 111.88572669224254, 127.08649204454666, 135.66138546847904, 142.28018915804887, 139.4893656516063, 129.58483977698228, 125.46712710425638, 118.11011026052412, 114.6973340672063], [22.70518236294712, 14.900411813094763, 13.904903206659336, 22.465931168602587, 22.22241525213551, 24.488197749852358, 27.65109577134405, 61.58389284391377, 67.25900174548622, 75.18101033130667, 83.61439094439609, 93.09869271574853, 85.692942838851, 77.50402195024417, 69.36669678754903, 24.801141669229605, 18.165626368971207, 10.869572776939535, 6.7611493300995065, 12.64248726854795, 11.476753674247004, 0.0, 10.4240440404049, 16.546827161233384, 22.883423985345594, 60.51181432334319, 69.56044275771067, 76.45227554641875, 85.80429985194203, 92.90420975548894, 91.23045830925693, 84.54630181376302, 77.38050346931527, 70.3548412068911, 64.32383676136116, 34.183452376393554, 41.20161396363423, 50.68198578042197, 54.258737426230894, 64.8517132888053, 70.7987399831732, 75.77009980795447, 78.19230965299904, 75.80611695208671, 63.52444000839165, 55.04764954171462, 51.96376375394355, 81.30090533868814, 79.1303378045596, 79.84756084040663, 84.16998238771608, 86.9540328432899, 93.02045298582114, 101.52914265712883, 102.8046534284458, 101.12246966457403, 97.80934806529659, 93.2125033637833, 88.96530161503188, 81.93118166660483, 82.89314546348353, 87.45730192347334, 92.58200791277258, 98.79980772984797, 93.41658992596612, 88.29771154216144, 83.83028383132158, 39.662430336679535, 52.51014641784143, 65.1463510886835, 78.2769815953871, 94.01778083421895, 110.07505256131864, 113.15138332192319, 124.53298068526476, 132.7801260593803, 139.44425717509125, 136.37728238252785, 126.24053200352702, 121.27887067097066, 113.65212693523229, 109.30904140320848], [16.91404640611856, 11.906178712848257, 17.673881002356048, 27.842812081499346, 24.6838663518019, 22.464520448685054, 23.06794321295815, 52.831614922389356, 58.16263962959492, 65.96470840596213, 74.47981095171937, 84.55865432017444, 76.7791067393892, 68.4944754918941, 60.519756147187536, 14.69032496462281, 8.982159354253914, 6.302699366663937, 13.838565370456216, 22.41028073354258, 21.409388090872916, 10.4240440404049, 0.0, 6.316845356415022, 12.687859617290108, 50.58864488383165, 59.80780936642661, 66.94774451302304, 76.72583964495254, 84.28260611256383, 82.26649900247762, 75.17005263781267, 67.77099221880142, 60.63287315173335, 54.52139994296891, 24.28888447552347, 32.4747764810035, 43.13845152337023, 48.82002993171338, 59.21468570232891, 64.13665307257159, 68.38574297723567, 70.6224324349864, 67.81976092866248, 54.5619382259146, 45.70275477521653, 42.18072120766383, 78.8356526340188, 75.28754474134767, 74.69132417674727, 78.36002912471339, 80.57144359371328, 86.428232460536, 95.02844704703233, 96.7989200789912, 95.77449438332549, 93.00395650203168, 89.09722822482397, 85.60986304402357, 78.99968066042611, 78.53446637126203, 81.97074303476624, 86.42365081855597, 92.39260587855242, 87.32824128709137, 82.89721563019745, 79.53875501669289, 48.50654814252939, 60.2799057561251, 71.19910132923226, 82.51374553136029, 97.20419637227613, 111.53039585118972, 113.01909701342386, 120.97439187309045, 127.98236760487688, 134.11915649518397, 130.60546565116556, 120.12353119065054, 114.40316457172895, 106.62333817689003, 101.8200290950645], [14.246070166313029, 12.773169542970805, 21.22519546284929, 31.311277480096816, 27.073732780530396, 22.452618026126682, 20.885855371977225, 46.88119034372388, 52.04506735188849, 59.800939939748616, 68.33505415922166, 78.61077568294151, 70.71101025895842, 62.41572058850198, 54.52087437891666, 9.38618777177753, 6.92777390023527, 10.237142185342057, 19.356997140447326, 27.981995284003926, 27.03003056667057, 16.546827161233384, 6.316845356415022, 0.0, 6.377506844749681, 44.39527180023505, 53.68885267580146, 60.87386253289328, 70.74235148761075, 78.42741191517398, 76.23942725937525, 69.02292993263848, 61.586205778318536, 54.40051628442709, 48.27611157666415, 18.113789458978953, 27.371125045497198, 39.11941421437419, 45.909514415400146, 56.15386629221045, 60.56809222075946, 64.25979327259799, 66.00040364051078, 62.696893730122184, 49.201328950801816, 39.780412473635174, 35.89276944249465, 77.38739849734476, 73.13331512414412, 71.79495880694085, 74.9919762445899, 76.74844541683315, 82.27914059118795, 90.71959791843643, 92.93955674311745, 92.38667285774885, 90.00731619972433, 86.63010372707436, 83.62441264025348, 77.28513230808686, 76.01707344351829, 78.72734376192827, 82.6107162952831, 88.22398988499519, 83.54754588399395, 79.68550377442035, 77.04551973711985, 53.20165212152207, 64.032441447262, 73.99738640840297, 84.25242406688987, 98.39140148519826, 111.70524715406343, 112.37231790115966, 118.47422365292091, 124.34369830612583, 129.91126552716935, 126.04852976890072, 115.29479338480637, 109.14550054694051, 101.31622226128903, 96.45378735303791], [14.423689586789267, 16.484943836008604, 26.044539853107544, 35.789212859802255, 30.783142358095336, 24.32400981537489, 20.728578412467627, 41.1432658177119, 46.058139971895955, 53.73259075609314, 62.288389973938806, 72.83428678814245, 64.76431808336092, 56.453112080757776, 48.68495830123642, 6.120544084471984, 9.659922223205006, 15.837756837230296, 25.390330328853526, 34.00430631781585, 33.085294059986445, 22.883423985345594, 12.687859617290108, 6.377506844749681, 0.0, 38.20079899395305, 47.59620216402224, 54.861711210699255, 64.87651492768308, 72.74587341717883, 70.33629755935247, 62.94258148925515, 55.4366050157561, 48.18643636527895, 42.03919627749554, 12.043902175515457, 22.825606692753666, 35.662786849025665, 43.71297596445754, 53.620022996934914, 57.36479796025366, 60.39901717947869, 61.63749775877767, 57.81506181434393, 43.999050594220215, 33.97719652050122, 29.612086121824515, 76.47671605609355, 71.4722678728602, 69.31500349836637, 71.97649990346932, 73.23193569377962, 78.41091968032424, 86.68875048301668, 89.36798222747981, 89.32376839177594, 87.37184147116537, 84.5650176597112, 82.09340942991898, 76.08847466844698, 73.94737238889023, 75.84422935160588, 79.10435816689905, 84.34049313291393, 80.0752976132605, 76.8365962676041, 74.99824935478463, 58.4748540942208, 68.4773003814398, 77.50040671451087, 86.68615139286602, 100.19215565936963, 112.43102885593713, 112.22875501496887, 116.3187156184775, 121.04150198290289, 126.04277902234251, 121.82842445394854, 110.81709695806582, 104.19974183886488, 96.33196269076844, 91.37253348410381], [45.3259953291547, 52.1634024971138, 62.26859592050795, 70.56252273043351, 64.91556822585932, 55.87351644439911, 48.31013016203615, 22.636818308911348, 18.70007033455233, 21.873700137739522, 29.339181071857954, 42.664651463764955, 35.25873096951934, 29.113135724302936, 25.631115060970032, 36.87019915765752, 44.228605152171575, 51.82888563239888, 61.404649577559866, 70.18639671546266, 69.81051417545737, 60.51181432334319, 50.58864488383165, 44.39527180023505, 38.20079899395305, 0.0, 9.76493347438778, 17.64829518307808, 29.103921840679245, 38.773485294810605, 35.350644272537686, 26.451114602434373, 18.11052754045321, 11.269691813459941, 5.737049576458183, 29.264072925749588, 34.95413710349418, 45.60036549454514, 56.92222856102515, 62.53076947049347, 61.56462529636515, 59.34863051422113, 55.94034695842558, 47.77734149885522, 36.645765926521364, 24.966846434928463, 14.24952905652464, 89.90255099973916, 81.82308266284561, 75.471819031487