{
	"dissimilarities": [[0.0, 8.353750287327118, 17.984710594314215, 26.118480919546506, 20.230097339356256, 12.597189394771275, 7.74665487980341, 40.84463285714294, 47.60098638717527, 55.85894687998801, 64.14253316820229, 72.70606404107562, 64.92487884409641, 55.62286470382583, 48.34478092607484, 19.531996298540786, 19.703244177204628, 20.909679806737568, 25.72468413257286, 30.80377830255978, 29.17645192337413, 22.003116146159865, 15.971157412891712, 13.500118338946738, 13.759955617510762, 45.15626003304885, 53.778501171384505, 60.41400085990154, 69.01128358223687, 75.1453293944296, 73.12178087338432, 66.76740832968615, 60.18343628940861, 53.04829170608465, 47.33987113376772, 17.485913906061587, 20.624123388982913, 31.80373511182089, 36.11081917783691, 47.67169202711845, 54.19760829503887, 58.595615589805945, 58.42411063585538, 54.121704424902305, 43.42547840956951, 34.76479620630526, 34.025167914610286, 66.77195966719012, 64.1343217394285, 64.24764197506758, 66.95808670919398, 68.81967924854676, 72.72321056222347, 81.10160952212435, 83.30996113363179, 81.63262575544627, 79.77862970730357, 76.48106836576768, 72.25232041448902, 66.76306533780296, 67.16949424219219, 70.56150192686242, 73.48418957802431, 78.67229840626666, 75.26662745605871, 71.47536830068904, 68.15402707658195, 54.00770760620927, 59.54462480147891, 67.1920875347357, 76.92416265227115, 90.25877006908415, 103.3578178170849, 106.52878860124733, 108.18468115282748, 116.16723721056833, 118.05679596929262, 115.9949021540929, 105.55041354249286, 102.35069310050181, 96.27515098153222, 92.74354379127563], [8.353750287327118, 0.0, 10.317324251060061, 19.865247563304845, 14.450086122341936, 10.5879083282519, 12.140691439234171, 49.179770606404226, 55.880622799504025, 64.10721484396458, 72.4256905339824, 81.0485368676224, 73.26904852875161, 63.94209676463283, 56.677446840113795, 21.876559356939403, 19.079187466872536, 17.18434733826435, 19.647959935663245, 23.742517908802952, 21.729874114633386, 14.828868041429226, 11.95438587463137, 13.158238042999606, 16.82659351657227, 52.4150730478272, 61.2419713679232, 68.0395031463299, 76.86417958887783, 83.14521666274108, 81.2231212501318, 74.79902135913622, 68.0487434790134, 60.881885131920185, 55.046916990285375, 24.11724789518684, 27.289399077690476, 36.53777514017492, 39.67018035806162, 51.193502225941224, 58.10593698681213, 63.26661904670038, 64.25794661317029, 61.048827161523114, 50.07083727122315, 42.38967800106732, 41.68763483438662, 68.31762348192856, 66.53204329083319, 67.57037580972212, 71.09536076476597, 73.64949798599137, 78.12149138926871, 87.00326191912846, 88.41911321300562, 86.06266908064141, 83.50705411035824, 79.39873425025351, 74.51987449458362, 68.66687329775999, 70.07919844101393, 74.56598818909077, 78.42810275991837, 84.29690442317624, 80.12974788206071, 75.4479509578138, 71.04018068677179, 48.45149424453847, 54.93786798463387, 63.70986202297378, 74.89963565075361, 88.89254004861033, 103.3327574478725, 107.48540805845722, 111.43831285487347, 121.36837377526344, 124.32241823673702, 122.79442324894433, 112.91429316719737, 110.18080557955189, 104.13501085583539, 100.40819871308007], [17.984710594314215, 10.317324251060061, 0.0, 10.510170355322362, 7.565614459296414, 12.70973962025525, 18.742831147084104, 58.36269622396755, 65.41543340784817, 73.713333094901, 81.91696808854529, 89.90055299568142, 82.35491460256837, 73.0973299142127, 65.76580095390865, 31.111414601123254, 26.720850043541017, 21.963458901208643, 19.128833465087723, 18.303042423541854, 15.430476072326025, 13.93101230102813, 18.061620331333014, 21.868841179310948, 26.626212639028783, 62.70114830388615, 71.45898005216952, 78.11591161460478, 86.65465982676447, 92.6110191955392, 90.8199893008452, 84.67086587289019, 78.1024328615648, 70.98285556902532, 65.21863604044181, 34.32078894352223, 36.11689525761463, 43.175743010995525, 43.59765076348548, 55.17339015022718, 63.132308699952084, 69.16168125359522, 70.6672307459893, 68.21861961019714, 58.35495208181463, 51.75153681324622, 51.82933096514194, 68.14503558410567, 67.91355219526024, 70.40796046501833, 74.91227163217405, 78.20675307079014, 83.06114921067955, 91.94646709599868, 92.63459271754884, 89.55375169806602, 86.1962966159369, 81.14946033123594, 75.42630136525058, 69.04174464858231, 72.14905186024946, 78.05476569277786, 82.86203048117403, 89.12367552189733, 84.41313070942215, 78.85826010527083, 73.04338417856832, 42.15264778596264, 46.8985029951359, 55.89774506314337, 68.39797627962854, 83.11968577080789, 99.12646548778834, 104.61305136537996, 112.3037937005864, 124.04098866959357, 128.34196788261906, 127.51736008846767, 118.63236485712152, 117.0356333226334, 111.68622889228917, 108.95823615259529], [26.118480919546506, 19.865247563304845, 10.510170355322362, 0.0, 7.9319125136106985, 17.716759115226157, 24.40344492743967, 64.3205435775859, 71.87724131385308, 80.23181887686721, 88.14998335238697, 94.96899918499417, 87.86157222421036, 78.82877267611319, 71.46724103728151, 41.375784761613595, 37.10418293711396, 31.886400507726204, 26.740956854091312, 21.49820165878416, 18.616272945376178, 22.71169238754334, 28.487869529199216, 32.23184861871632, 36.64956789278767, 71.23310037483316, 79.68350533878392, 85.95303769381991, 93.78505182105758, 99.04124024736163, 97.3598704331559, 91.75060235163014, 85.66490275831474, 78.68329336260155, 73.17250373012787, 43.180113085194264, 43.16649019807706, 48.57561105931957, 45.908936446809754, 57.55533800283628, 66.78954578488023, 73.38149279549644, 74.46172070686426, 72.1417230339288, 64.41975828085185, 58.66084361908357, 59.85631685794101, 65.59037024686826, 67.08783268618306, 71.00560139887496, 76.2166185044189, 79.95805784971293, 84.78387704850718, 93.03723649869075, 93.39363550271261, 89.87566005503885, 85.97734637899838, 80.29176565978933, 73.89297460595914, 67.02058703751989, 71.89585687460661, 78.93502790248722, 84.24340037029604, 90.3529005178809, 85.621729493279, 79.63695375755387, 72.69859185276691, 39.371742786083985, 38.31020963687077, 45.635937170655104, 58.59354282005173, 73.91532885489192, 91.09855815118078, 97.76640559362347, 109.33822439528333, 121.82036626102898, 127.20572166872228, 126.99087715995435, 119.24069352475257, 119.10760503130719, 114.97408808180349, 114.18467518488796], [20.230097339356256, 14.450086122341936, 7.565614459296414, 7.9319125136106985, 0.0, 10.208535270820446, 17.897767004712993, 58.34595082055229, 66.03314751770823, 74.39781522161475, 82.41083708612733, 89.64355340097715, 82.04743394182115, 72.80750340163397, 65.51291289318914, 36.0674065643967, 32.71776979333012, 28.961089116489145, 26.675421489925945, 24.65675396791682, 21.63957379978619, 21.379571779899475, 24.34493689861309, 27.107116150379206, 30.90709168152945, 65.13830529522872, 73.7826606776541, 80.35264475084091, 88.54160543704393, 94.08697750432412, 92.06464437498342, 86.05506100048983, 79.78190553712155, 72.6368142623726, 67.03853934984822, 36.548705379698816, 35.75341542618888, 40.80079866687404, 38.929363790581796, 50.54691544332095, 59.37181481401407, 65.83671499399497, 67.21612421111703, 65.26129374242066, 56.862994730998636, 51.58050097610523, 53.37120094522069, 61.24182655776606, 61.64979502591504, 64.82292652477426, 69.74562645581602, 73.36333562263181, 78.32171307595806, 87.09656696475616, 87.37337667101153, 83.96464078254381, 80.28314790851759, 74.9107636266809, 68.89723254862989, 62.318947599441636, 66.15305762440622, 72.6639000575827, 77.85239201797141, 84.22337232874403, 79.30361707035044, 73.41537745389526, 67.00777646322551, 45.93401214643639, 45.8323087855195, 51.42449555733707, 62.4981010104122, 76.29808870671259, 91.85715610500831, 97.20410872221224, 105.45191090722696, 118.09265018237443, 123.33007246611359, 123.2724685385288, 115.58966597474561, 115.28792871068158, 111.40609872022681, 110.46606924535251], [12.597189394771275, 10.5879083282519, 12.70973962025525, 17.716759115226157, 10.208535270820446, 0.0, 8.6356949597528, 48.78030194740403, 56.55547317782771, 64.89813489715779, 72.94423381732744, 80.49493462254081, 72.5298650705902, 63.15867913519558, 55.93570687369041, 29.916021422338584, 28.591651778114358, 27.5061178740588, 29.0787510447516, 30.552708140452115, 27.916433310840056, 23.604465840183785, 21.80615048572168, 22.10978012996068, 24.117041218606772, 55.92762642225705, 64.57543685747987, 71.27060203456263, 79.59982115747522, 85.29347337271622, 82.9705115656052, 76.69727699192504, 70.37547912320196, 63.15217074324502, 57.57477048296302, 27.436091079550998, 25.588693522415987, 31.429433821700012, 31.25966853615393, 43.15671139976387, 51.38282666082053, 57.255379008433906, 58.166750354337175, 55.79763318908341, 46.82912395640671, 41.407453083289106, 43.73213484988288, 57.98544744513458, 56.77509968952908, 58.58523012123981, 62.680207995590074, 65.71048845864416, 70.41826044463431, 79.33728929982358, 80.12567451898947, 77.29150992858776, 74.29625559619625, 69.77161583122717, 64.55599947911601, 58.484593287850544, 60.64340451827552, 65.90511060972504, 70.33862166986523, 76.48835427923933, 71.92403196167606, 66.73110579061398, 61.569029283440884, 53.33193492628766, 54.09537288975431, 58.57675094327352, 67.63786906716668, 80.09981424439543, 93.60422304130925, 97.31888121224712, 101.40046514228771, 112.71100403200549, 117.01892258894738, 116.64295672958926, 108.52208292863216, 107.67831317871726, 103.84127745436776, 102.74860477235175], [7.74665487980341, 12.140691439234171, 18.742831147084104, 24.40344492743967, 17.897767004712993, 8.6356949597528, 0.0, 40.48772626403085, 48.18416486213956, 56.54587746955923, 64.56634052639927, 72.11154120793303, 64.30384101185543, 55.00557546327613, 47.710082084824336, 26.584778018724567, 27.106812157238444, 27.894913227921553, 31.34077949790078, 34.44920786631392, 32.369936612230426, 26.940377771536372, 22.51163264797593, 20.6317183400187, 20.590484658646137, 48.411562821656574, 56.746452401002855, 63.157805355651156, 71.18655432430482, 76.72478638437579, 74.45975895310141, 68.36564574705832, 62.23083867720797, 55.125487728751224, 49.705194011951, 21.270413712373486, 19.688616868893405, 28.4478124956022, 30.083213046371363, 42.196244918276946, 49.8748069345776, 54.75988104818959, 54.19709662801804, 50.203341942815996, 41.40140833055418, 34.36824606228471, 36.17919631979523, 59.51591091082993, 57.34847038754234, 58.02619597727462, 61.0934980062503, 63.224717918073715, 67.18521470161032, 75.40306744691098, 77.32549591531621, 75.38384190648084, 73.27770624635258, 69.7454433717906, 65.2906611012093, 59.61445532242012, 60.60758506462989, 64.51026225607386, 67.7263241005288, 72.95493638853999, 69.42871799205716, 65.38159056855186, 61.56500382669408, 56.42020421732708, 57.97028527209199, 62.80167375809625, 71.04764066607976, 83.45182186988156, 95.91938742992049, 98.83958163956358, 100.85247874669962, 109.46304455508384, 112.22403810448388, 110.90355816033069, 101.67113019563747, 99.92111358000085, 95.52103588162794, 94.1684270112687], [40.84463285714294, 49.179770606404226, 58.36269622396755, 64.3205435775859, 58.34595082055229, 48.78030194740403, 40.48772626403085, 0.0, 9.033161865255819, 16.868473334678125, 24.35454918638473, 32.61635203320114, 24.107828174597977, 14.826085131213702, 7.5583025434001385, 43.280767275134, 49.86347037835442, 55.99557474892933, 63.68455126095302, 70.07798111331772, 69.07140642934945, 61.58792652018593, 52.83607457842091, 46.969375165628854, 41.2530459424223, 23.12681861125918, 25.843310255194435, 29.357389816395408, 34.694695903151825, 39.15720895402588, 35.77454178509498, 30.063523694691913, 25.979761257278984, 20.57920134624111, 18.687563740897982, 30.208419655648235, 28.17844815524746, 35.99304879789307, 43.26583705309764, 48.93078310538567, 50.58733153985637, 49.042235766127185, 41.55780420139285, 30.230155745083767, 26.535893282283567, 15.963210048835478, 16.605026109775196, 72.73972842690625, 66.34168810095717, 61.496420194167435, 58.98248423803447, 56.27093835158878, 55.85890549921088, 59.86237076808194, 66.74992188929261, 69.4312314731077, 71.91624694927644, 73.58490740506141, 73.5140048840067, 70.98598067026258, 66.03317536350688, 62.62246645028212, 59.38221223126637, 59.50407347443775, 61.35991352047928, 63.546307523202636, 66.93713407289775, 89.03345366659815, 91.50121094858198, 94.6322075653222, 98.06976062900584, 107.16382199700732, 113.13609137591034, 111.25810283881405, 100.25439323246344, 97.16194391169044, 92.54948778960248, 87.38911111916768, 73.82489489687174, 67.33206589781292, 61.62995729578532, 59.79062096113494], [47.60098638717527, 55.880622799504025, 65.41543340784817, 71.87724131385308, 66.03314751770823, 56.55547317782771, 48.18416486213956, 9.033161865255819, 0.0, 8.369245173300335, 16.56805826468295, 27.02640690807492, 18.870139788843005, 11.063547057236391, 7.5616539983171, 47.18693130995439, 54.10140837772645, 60.68370113046636, 68.81237242293311, 75.8527345918482, 75.11973897293201, 67.29621286315454, 58.202598722909, 52.1504551965714, 46.19038384673357, 19.375787531697288, 18.930427755545676, 20.920011480809684, 25.753415610245487, 30.68779221788125, 27.16554782309127, 21.108895184992654, 17.307953835163246, 13.06348729739391, 13.495548773722136, 35.49580804307815, 35.46740668208496, 43.52080780633264, 51.777903279390806, 56.69098753762258, 57.14696498803774, 54.6483603514597, 47.06067910067802, 35.67890201945958, 31.923555377458605, 21.83979628498961, 18.85246864359456, 81.14808572838781, 74.352904882907, 68.90645056205955, 65.73959083027533, 62.429701103176434, 61.41280616755938, 64.63333847641499, 72.16532326718273, 75.5411343320597, 78.64906724994539, 80.95405405826676, 81.39858917701237, 79.24535332741321, 73.65418060407927, 69.36206958766978, 65.30385963819613, 64.65099918709454, 67.27398883506788, 70.2806302297118, 74.5429822215729, 94.35630117165209, 98.42985001768453, 102.62293726495928, 106.37007362988594, 115.7091286656209, 121.43886272322091, 119.2713687681873, 106.86644324209415, 101.68055782286365, 95.26664527040232, 88.8718393285561, 73.69147816200827, 64.84557761458964, 57.06916037303294, 52.66213914007787], [55.85894687998801, 64.10721484396458, 73.713333094901, 80.23181887686721, 74.39781522161475, 64.89813489715779, 56.54587746955923, 16.868473334678125, 8.369245173300335, 0.0, 8.540164706713215, 20.884845978825197, 13.252679191770207, 9.5678106981969, 12.076133784709988, 54.342458868506796, 61.41043555732145, 68.21482941996798, 76.5394659016167, 83.80333859114212, 83.16375199270084, 75.22006038072561, 65.98027034392504, 59.857731568698945, 53.802822210415776, 22.301853457022332, 18.08608755418443, 17.042049491498545, 19.338344923500017, 23.754591541690587, 19.523668738520225, 13.541532788426759, 12.151447157389649, 11.82113404064039, 15.832202461634767, 43.177157731887355, 43.272010083035454, 50.397679877608915, 58.752341276377116, 62.600660290209426, 62.0457285368143, 58.58034686337985, 50.446374209387514, 38.99286821855138, 36.81346348508824, 28.597971989003362, 25.58624824734261, 87.05307756377455, 79.85605944282256, 73.78468138200815, 69.85439077642428, 65.85396189766394, 64.05000122276999, 66.20346202346795, 74.39924431101113, 78.54820386852008, 82.37561270457587, 85.47091533609078, 86.58221441229949, 84.95059552776186, 78.65729097234006, 73.34770272452757, 68.3146167122483, 66.6718754989482, 70.23444038614107, 74.23526115366391, 79.50655904142249, 101.93276812711409, 106.25382135302647, 110.35672676728245, 113.6160064456155, 122.50343562718231, 127.32621178459026, 124.47956177301907, 110.04605110896708, 102.69332589061737, 94.6792118700788, 87.40506932572333, 71.31875003964232, 60.89264858550584, 52.386733910516455, 47.04635308421364], [64.14253316820229, 72.4256905339824, 81.91696808854529, 88.14998335238697, 82.41083708612733, 72.94423381732744, 64.56634052639927, 24.35454918638473, 16.56805826468295, 8.540164706713215, 0.0, 13.839319800357131, 8.712227516855206, 12.500489714790257, 18.113221981859326, 62.821485889799554, 69.8809014602285, 76.65199125915717, 84.85751555349452, 91.98321588716975, 91.37836268044782, 83.63223234368138, 74.4752005467554, 68.37360159500328, 62.33389945590529, 29.632892533090406, 23.526404549919544, 19.665050644183808, 16.991475927598195, 18.52204091486605, 13.556864432674317, 10.680502939449761, 14.689528521017515, 18.078022641951996, 23.32368001941619, 51.69741163185118, 51.34365747759712, 57.547963226279215, 65.27916448815262, 68.30021558287652, 67.26505665826166, 63.09118540311515, 54.0915489999083, 42.41778819191506, 42.80677796539218, 36.25189732384887, 34.027186803383685, 91.83697636355407, 84.51645919453739, 78.07558182320619, 73.48653741056158, 68.83616895646684, 66.10326532188456, 66.72142460910042, 75.71296138030638, 80.66112735234881, 85.19300831801071, 89.05610339876185, 90.76950821353358, 89.59529232638491, 82.89618655920191, 76.73642052550586, 70.71375209546503, 67.81266004711956, 72.53472939349673, 77.56576312397681, 83.68597952703108, 109.39624899465578, 113.11869950725138, 116.64149730558776, 119.06226121958899, 127.33432795069776, 131.0685876325062, 127.53730994936699, 111.49560584097067, 101.48062848012586, 91.75503195511841, 83.52717300353012, 66.62242141016796, 54.89655573313796, 46.31394561701648, 41.660182442165976], [72.70606404107562, 81.0485368676224, 89.90055299568142, 94.96899918499417, 89.64355340097715, 80.49493462254081, 72.11154120793303, 32.61635203320114, 27.02640690807492, 20.884845978825197, 13.839319800357131, 0.0, 10.64285422218852, 19.63549460037195, 25.56656244468538, 74.04222687994883, 80.76475697896949, 86.95163095859843, 94.2939291027519, 100.4292117759023, 99.76657205470048, 93.02854808075737, 84.52226677023454, 78.67024552858925, 72.89974335307683, 42.99195126186384, 37.130375122423985, 32.3774856514328, 25.8275757506785, 21.390981170592642, 18.383011196322624, 22.08032250151872, 28.158082270290954, 31.74351861737605, 36.61010553563479, 62.23707125236863, 60.447488778654595, 65.51898313587054, 70.9124279657924, 73.4976803089598, 73.1668108483177, 68.81747595472072, 58.03849269191237, 45.545225928903335, 50.948182411306355, 45.97476738895415, 45.68512408860464, 93.6332755687259, 86.93665502336836, 80.75633408605889, 75.70661262375903, 70.4337490590473, 66.29470756442191, 63.919560708884994, 74.25880939410902, 80.16175802168335, 85.42363156838682, 90.06033652439577, 92.25155495725859, 91.40659512083425, 85.05890674271801, 78.40350066275282, 71.24061990844636, 66.20420380839955, 72.83686193956926, 79.10044174321915, 85.73077447981413, 115.99275686488687, 117.05030332406511, 118.7691209983289, 119.35726345959442, 126.54874478080777, 128.6235954462176, 124.38298022375508, 107.95856308474542, 93.45258315645563, 81.401577430983, 71.68724146341619, 53.61543230996481, 41.18173942555221, 34.710278403141935, 37.090124739845045], [64.92487884409641, 73.26904852875161, 82.35491460256837, 87.86157222421036, 82.04743394182115, 72.5298650705902, 64.30384101185543, 24.107828174597977, 18.870139788843005, 13.252679191770207, 8.712227516855206, 10.64285422218852, 0.0, 9.719288995738317, 16.672029403889884, 65.85676703208208, 72.81354881512837, 79.33049949970822, 87.20163615880419, 93.69446866187415, 92.84209907826174, 85.47083825789711, 76.56261763495755, 70.5539995034652, 64.61888133846584, 35.12187565660183, 30.569306133155095, 27.962404231199308, 25.469746604876146, 25.165790619643424, 20.55420957078221, 19.222814618715596, 22.566254301454503, 24.32647269579394, 28.55274875547293, 53.46951924325166, 51.10908068692402, 55.63020988397419, 61.87461323934504, 64.16894282943932, 63.36196593561323, 59.01955855446904, 48.870807484778084, 36.68487752947872, 40.530531966493285, 35.996874095838734, 36.65630748350357, 86.1369386485467, 78.89629055664999, 72.4069174234686, 67.48837842958129, 62.49217590261585, 59.13222309524934, 58.74601512446902, 68.18224940781572, 73.48853781965228, 78.34790826944887, 82.62137316517416, 84.67797962038418, 83.81420325738152, 77.02863295687808, 70.48393595616747, 63.90404766647453, 60.197438407055806, 65.64025399194567, 71.25445585780855, 77.75971270593509, 111.09298968874685, 112.5525819053709, 114.1933628910455, 115.20509625054932, 122.27705748296856, 124.78117344091453, 120.56758144851571, 103.52529337537314, 92.83550196121188, 83.26442948010082, 75.55457459691362, 59.755778896859894, 49.966341076938036, 44.96863233414503, 45.50564482756126], [55.62286470382583, 63.94209676463283, 73.0973299142127, 78.82877267611319, 72.80750340163397, 63.15867913519558, 55.00557546327613, 14.826085131213702, 11.063547057236391, 9.5678106981969, 12.500489714790257, 19.63549460037195, 9.719288995738317, 0.0, 7.413750843212967, 56.83161316671251, 63.77736428693389, 70.30353964261288, 78.29201346280072, 84.84720624214918, 83.88153577359132, 76.28790103846116, 67.29849456417551, 61.28029469664578, 55.34792758610451, 28.492763015501748, 26.342828440379026, 26.429918009124528, 27.928738615717684, 30.38001232691516, 25.891441037026173, 21.474188653466424, 21.039307401714396, 19.614047309016875, 22.062106747399557, 44.02207318457979, 41.39476688512906, 46.34880781136002, 53.158844701309725, 56.176519175989, 55.84482179556964, 52.21607823354854, 42.84581963903599, 30.653790230043082, 32.06499303206327, 26.39983688572439, 27.686884982250785, 79.36946103240763, 72.1392216091821, 65.95201822486544, 61.706673605810586, 57.40885931421342, 55.144819282222585, 56.75684876513574, 65.19057846849677, 69.55121862495452, 73.61468902829861, 77.05016669303004, 78.4813836555793, 77.15681705185025, 70.68710456995423, 65.00987831306742, 59.53550159996192, 57.38831664297159, 61.40593487048238, 65.8545514519251, 71.48965971171711, 103.23525791324262, 104.99621759718104, 106.92519125201967, 108.66743567232854, 116.20764708335031, 119.77212440500413, 116.19992552065956, 100.6529235743794, 93.3996820818951, 86.10168521201577, 79.77391113511163, 65.30063028049831, 57.286042353497635, 52.42958013152066, 51.93370124804221], [48.34478092607484, 56.677446840113795, 65.76580095390865, 71.46724103728151, 65.51291289318914, 55.93570687369041, 47.710082084824336, 7.5583025434001385, 7.5616539983171, 12.076133784709988, 18.113221981859326, 25.56656244468538, 16.672029403889884, 7.413750843212967, 0.0, 50.45798541713299, 57.19204150953668, 63.45899937269724, 71.19913513971892, 77.55923015750415, 76.5659631449427, 69.14576591648292, 60.352181839777586, 54.43918442854996, 48.64409803434614, 25.810043219936947, 25.936375686317987, 27.68618556972834, 31.062788380998718, 34.434879569182925, 30.582426130167203, 25.579767476425015, 23.2248207759606, 19.6130230775705, 20.019773019828822, 37.45053469182491, 34.88412514262908, 41.010030870834136, 47.78067039358075, 52.08803631029852, 52.86000671627356, 50.25392866125189, 41.50987287250618, 29.30978017965976, 28.82758255259447, 21.007257521901543, 22.32920912064449, 75.37400403086643, 68.59998556167548, 63.096707347049204, 59.67620871076628, 56.112761468571264, 54.67932976454561, 57.34754985770413, 65.14228620171819, 68.71372626871113, 72.02788398074786, 74.6219547789026, 75.31734105024087, 73.38851954402828, 67.70806718482311, 63.13151153982186, 58.6847955874754, 57.54643658758242, 60.611732120825494, 64.01222593834763, 68.55719589129264, 96.03399798409436, 97.85156665317997, 100.18611919910862, 102.60108514470973, 110.84679234347685, 115.51519601779815, 112.75861947325706, 99.56059109632241, 94.18817446921184, 88.21219110928625, 82.44429537890869, 68.40641618369415, 61.31148392479753, 56.16321028472465, 55.36812011682515], [19.531996298540786, 21.876559356939403, 31.111414601123254, 41.375784761613595, 36.0674065643967, 29.916021422338584, 26.584778018724567, 43.280767275134, 47.18693130995439, 54.342458868506796, 62.821485889799554, 74.04222687994883, 65.85676703208208, 56.83161316671251, 50.45798541713299, 0.0, 7.6832632942006525, 15.937813631159639, 26.75794301432225, 36.742667452595626, 36.20018717418176, 25.213447079061165, 14.833648137564438, 9.322450507885842, 6.055782949834727, 36.8786882102542, 46.033826867647555, 53.545412531814186, 63.94417117978286, 71.86514337681831, 69.88554786610467, 62.39477808595753, 54.62547835575793, 47.61142684478181, 41.44986441754569, 14.833708319626249, 26.048595122840137, 38.3031391664484, 48.0822070826121, 57.26649284544059, 60.299209483434694, 63.17047793616389, 64.46795963332924, 60.63245353658416, 45.650411605314446, 35.68481243592229, 29.94426271742141, 81.38834194079718, 76.87929081704672, 75.0962277300638, 76.68341737905756, 77.85097992482669, 81.75341949604856, 90.98944976239275, 93.37483770950568, 92.27856957963425, 91.13267482130037, 88.67050136643631, 85.41979326687498, 80.83669556434772, 79.0152125513934, 80.71969747205213, 82.9289068554086, 88.34522897936229, 84.8792436834669, 81.73433812829316, 80.06112280502374, 61.401639777197005, 74.18260647989221, 85.0873178308279, 96.06152419935309, 109.54390389983296, 122.37722826779846, 124.84291105056366, 122.55136425849449, 130.00378201506487, 130.3260794249115, 127.26192139858995, 114.96007489885282, 108.81240228722861, 99.8334222681281, 91.2451242910713], [19.703244177204628, 19.079187466872536, 26.720850043541017, 37.10418293711396, 32.71776979333012, 28.591651778114358, 27.106812157238444, 49.86347037835442, 54.10140837772645, 61.41043555732145, 69.8809014602285, 80.76475697896949, 72.81354881512837, 63.77736428693389, 57.19204150953668, 7.6832632942006525, 0.0, 8.454186170159547, 19.550354391895354, 29.920104655266975, 29.541927099020977, 18.393969823302225, 8.925735468924112, 6.666444167952957, 9.565097298738682, 44.291206898778285, 53.28955098410289, 60.58093858903684, 70.74014254693725, 78.47158935333223, 76.7493072080059, 69.52896833680724, 61.87912601124571, 54.95673541532588, 48.85007983559608, 21.207415296738027, 31.190917569234863, 42.700426733063935, 51.07959197539134, 60.830437127780115, 64.66935601048654, 68.27275646087841, 70.05574776787722, 66.6158659357872, 52.04141835856893, 42.537033037299025, 37.33399671729215, 83.12805970832295, 79.45841832668226, 78.55168970091583, 80.83228507335534, 82.52898718478531, 86.77686397237994, 96.1681923304514, 98.14670064900531, 96.5665279463634, 94.87935541959912, 91.75981615398776, 87.90832265775907, 82.90159891780655, 82.08506173196601, 84.75362370462283, 87.64453843106132, 93.41804973103184, 89.53638703963881, 85.74093399038057, 83.11459664714623, 55.04521294511822, 69.24131917058286, 81.45697985091446, 93.66778442420389, 107.9664937726156, 122.0346411962738, 125.45614744632077, 125.60372586657826, 134.13870804514363, 135.14656869187613, 132.30956586745083, 120.24046489856768, 114.47913776308218, 105.4222754097975, 96.92285937610744], [20.909679806737568, 17.18434733826435, 21.963458901208643, 31.886400507726204, 28.961089116489145, 27.5061178740588, 27.894913227921553, 55.99557474892933, 60.68370113046636, 68.21482941996798, 76.65199125915717, 86.95163095859843, 79.33049949970822, 70.30353964261288, 63.45899937269724, 15.937813631159639, 8.454186170159547, 0.0, 11.180667750317465, 21.756543687447227, 21.597482539162314, 10.85441612009628, 6.32145052088688, 10.389236916210017, 16.032594830787215, 52.03764205650006, 60.853500261085834, 67.83218978305598, 77.55239407638689, 84.89894467453946, 83.4510865304289, 76.63731235043446, 69.22842713067976, 62.38321655362743, 56.36331115132646, 27.957229486982484, 36.63577729089073, 47.5124999300129, 54.052856044609015, 64.47428285462566, 69.37632109894656, 73.69357767406471, 75.57457904445059, 72.25095482939005, 58.55387474236173, 49.31111682038891, 44.71231323509666, 84.30528490499799, 81.69475597998691, 81.80397828903227, 84.77685559427903, 86.95573457630339, 91.41974508208871, 100.71269368570094, 102.41259326859218, 100.40098322976523, 98.19748454910342, 94.43458119545608, 89.94480454935042, 84.456738919825, 84.85217824174161, 88.52744517094477, 92.01195347760039, 97.9552976596014, 93.82978803060385, 89.47400018072916, 85.85260590675597, 47.2057577168607, 62.45471322153691, 76.00737575722538, 89.46991709425444, 104.69825422703944, 120.08306403729064, 124.59455009840512, 127.71124347051419, 137.0283350899409, 138.6939529141067, 136.05110242225027, 124.26810395052777, 119.06862406100964, 110.11940982444989, 102.17190383249327], [25.72468413257286, 19.647959935663245, 19.128833465087723, 26.740956854091312, 26.675421489925945, 29.0787510447516, 31.34077949790078, 63.68455126095302, 68.81237242293311, 76.5394659016167, 84.85751555349452, 94.2939291027519, 87.20163615880419, 78.29201346280072, 71.19913513971892, 26.75794301432225, 19.550354391895354, 11.180667750317465, 0.0, 10.994287502671963, 11.660456873363325, 6.805620145873925, 14.216089470140306, 19.899018931299956, 25.867559768601986, 61.77909048971829, 70.2947674393985, 76.80759265568446, 85.85116552927124, 92.6043107151062, 91.52349735059015, 85.3121071329497, 78.28959933056409, 71.59242073622906, 65.7392595433088, 37.24882467389475, 44.56360599663203, 54.78997744217164, 59.01474154349127, 70.14029295193812, 76.3301491537113, 81.34709715972829, 83.00533052845212, 79.5600314663139, 67.21918668487906, 58.116815400177416, 54.09218014074065, 86.53821463570775, 85.34124500315887, 86.69171834227409, 90.39502250966679, 93.03575437613854, 97.5896154151189, 106.49063339413772, 108.02085593702729, 105.604290874036, 102.8723034279426, 98.43191992594578, 93.21945885785205, 87.1669567414974, 89.10302374123155, 93.894266029873, 97.91838581343153, 103.83724775216396, 99.63564505235298, 94.78037313307189, 90.05434185911665, 36.44130654723292, 53.07046506618614, 68.62894931492701, 83.74122220537191, 100.27672760473727, 117.3434983868333, 123.30889733959641, 130.43022408352581, 140.2375696840153, 142.54390168506347, 140.02336837900654, 128.54489883536465, 124.04684244312644, 115.26791181693561, 108.19613929188203], [30.80377830255978, 23.742517908802952, 18.303042423541854, 21.49820165878416, 24.65675396791682, 30.552708140452115, 34.44920786631392, 70.07798111331772, 75.8527345918482, 83.80333859114212, 91.98321588716975, 100.4292117759023, 93.69446866187415, 84.84720624214918, 77.55923015750415, 36.742667452595626, 29.920104655266975, 21.756543687447227, 10.994287502671963, 0.0, 3.3074211637257496, 12.997615517467116, 23.101417768950476, 28.873104361142968, 34.800748895799764, 70.79624278928807, 79.15733700343854, 85.36095304301203, 93.7849660806332, 99.90360439630481, 98.96908388930598, 93.24448852282202, 86.60902796335272, 79.94305860956028, 74.2289872988372, 45.302783454987164, 50.82005698260084, 59.93528544545414, 61.707273543789185, 73.25345567797343, 80.68694876695393, 86.38074572415672, 87.817955364338, 84.47367861401506, 73.68862481286814, 65.16799806618931, 62.27062366117641, 85.87304914480652, 86.11186123534496, 88.70590947032933, 93.11934405854296, 96.23210921570103, 100.87305293322387, 109.37218409750292, 110.59794312552813, 107.73643779788702, 104.46325995333426, 99.37243944266297, 93.49612201993563, 86.96607614795043, 90.42798918689094, 96.30980821168097, 100.88653907815616, 106.79656877665552, 102.47566819573066, 97.12159539618185, 91.31535987147316, 27.47289207750109, 42.91677420353061, 59.49545385509354, 75.81127839538995, 93.23206687955535, 111.65503620372942, 118.90054121747457, 129.80953967637805, 140.3576828213012, 143.60485584388, 141.5315694044573, 130.8785684109975, 127.58057583358143, 119.67232025320344, 114.25059370180516], [29.17645192337413, 21.729874114633386, 15.430476072326025, 18.616272945376178, 21.63957379978619, 27.916433310840056, 32.369936612230426, 69.07140642934945, 75.11973897293201, 83.16375199270084, 91.37836268044782, 99.76657205470048, 92.84209907826174, 83.88153577359132, 76.5659631449427, 36.20018717418176, 29.541927099020977, 21.597482539162314, 11.660456873363325, 3.3074211637257496, 0.0, 11.798687737857083, 22.06005717432718, 27.87474161658917, 33.83852635121202, 70.3844108692721, 78.88696933965961, 85.23215138993984, 93.7416736017933, 99.86723959022521, 98.75972785017545, 92.9151045419068, 86.2485882619877, 79.46112396998383, 73.698389664199, 44.10757552734417, 48.9732989608597, 57.55079127908753, 58.97189297844844, 70.45278086303416, 77.99851452091816, 83.8452862097059, 85.46035476287767, 82.43667217259272, 71.76491577384958, 63.70277274812911, 61.385272958433546, 82.78925329287091, 83.0780065826065, 85.78415100285524, 90.32308893433954, 93.56596306432233, 98.32702649559563, 106.97495660475904, 107.97155423907081, 104.96550680106371, 101.57152150808734, 96.37138489052079, 90.43696442697362, 83.90082403704491, 87.44230666021991, 93.47838890626201, 98.23240605785624, 104.30912557720292, 99.80024629927911, 94.28215427534221, 88.32435485397706, 29.562976629670175, 42.74824741291064, 58.09151157354598, 73.98467097074638, 90.98651722950586, 109.18084371342191, 116.2638472131362, 126.94611248531892, 138.0622105443426, 141.70183887972345, 139.97365193874498, 129.77323866639222, 126.89722440682738, 119.52271029488264, 114.63026307324212], [22.003116146159865, 14.828868041429226, 13.93101230102813, 22.71169238754334, 21.379571779899475, 23.604465840183785, 26.940377771536372, 61.58792652018593, 67.29621286315454, 75.22006038072561, 83.63223234368138, 93.02854808075737, 85.47083825789711, 76.28790103846116, 69.14576591648292, 25.213447079061165, 18.393969823302225, 10.85441612009628, 6.805620145873925, 12.997615517467116, 11.798687737857083, 0.0, 10.703661332341706, 16.954573283013495, 23.243138686413953, 60.802910279507095, 69.67225162744542, 76.54311735924297, 85.83003217716762, 92.6448490643849, 91.16494863651802, 84.63993222635096, 77.50996443070385, 70.52608552663493, 64.54042040958275, 34.30244152849078, 40.27136210223882, 49.38743301984558, 53.213789976964165, 64.14337628617905, 70.42340635721415, 75.7432540932945, 77.90249841114445, 75.21856552253303, 62.86859008104409, 54.788907226557285, 52.04615749993555, 80.43885549607386, 79.16938381159514, 80.61924505426474, 84.53885065421093, 87.43936839766145, 92.28341364316455, 101.60063290154078, 102.62740457715087, 99.91653803801557, 96.95723856661307, 92.32873179475357, 87.05688971209824, 81.0524225667427, 82.97590593080314, 88.00272810905723, 92.39304373797462, 98.72227929917048, 94.07872143880954, 88.88113168956416, 83.92423073327498, 40.27528116129225, 53.52028187761987, 66.80807040356129, 80.97392647205626, 96.53711308258983, 112.99838712425944, 118.52272084675664, 124.83026772434735, 135.85654907951002, 138.9540076303498, 137.154163354088, 126.59959831316469, 122.93062125952295, 115.24746901090528, 109.21583137897105], [15.971157412891712, 11.95438587463137, 18.061620331333014, 28.487869529199216, 24.34493689861309, 21.80615048572168, 22.51163264797593, 52.83607457842091, 58.202598722909, 65.98027034392504, 74.4752005467554, 84.52226677023454, 76.56261763495755, 67.29849456417551, 60.352181839777586, 14.833648137564438, 8.925735468924112, 6.32145052088688, 14.216089470140306, 23.101417768950476, 22.06005717432718, 10.703661332341706, 0.0, 6.412831226352366, 12.788098831587511, 50.7018270506334, 59.780586768693816, 66.97724218793668, 76.71849260991598, 83.94003684207915, 82.15421237043165, 75.18873003037906, 67.80468411482016, 60.70391749985737, 54.60842858071978, 24.273950501913152, 31.52128899938316, 41.72232865211961, 47.8610872734105, 58.30300192680998, 63.46177123194909, 68.02697710106635, 70.04722005617265, 67.15618623316475, 53.71544665344903, 45.25363565634797, 42.04803515404562, 78.06266225523233, 75.39170409473131, 75.56536873301064, 78.6655820770396, 80.99668235875818, 85.61039133089646, 95.09786881165563, 96.50732476494072, 94.32468917759141, 91.99856776900808, 88.15271196058666, 83.64578708304042, 78.18454936507925, 78.56976324540716, 82.38307813625916, 86.06779678693273, 92.21990584900168, 87.8622059310113, 83.3223868753256, 79.56828132598619, 49.52669415188602, 61.800597221081624, 73.3850487529129, 85.8565444322621, 100.26881407809893, 115.01807260410303, 119.1120304791114, 121.59147515682932, 131.57568945068695, 133.81525874763432, 131.73018076228442, 120.74141818074449, 116.3674244850082, 108.5160817728277, 101.85803232886312], [13.500118338946738, 13.158238042999606, 21.868841179310948, 32.23184861871632, 27.107116150379206, 22.10978012996068, 20.6317183400187, 46.969375165628854, 52.1504551965714, 59.857731568698945, 68.37360159500328, 78.67024552858925, 70.5539995034652, 61.28029469664578, 54.43918442854996, 9.322450507885842, 6.666444167952957, 10.389236916210017, 19.899018931299956, 28.873104361142968, 27.87474161658917, 16.954573283013495, 6.412831226352366, 0.0, 6.375684868548786, 44.429705352722074, 53.58125269561296, 60.89117402101659, 70.76778428219883, 78.11324273314978, 76.16650480259254, 69.03392348445811, 61.58299957899585, 54.42749957400624, 48.30287713999709, 18.03384631164306, 26.31235349052855, 37.52795105143589, 44.965097589805985, 55.13817671487813, 59.70846112880212, 63.70976491428018, 65.29607023747658, 61.99411763259585, 48.181031939382045, 39.23271449827912, 35.693311869097954, 76.68409764000087, 73.26175104907885, 72.67732136240811, 75.20000278318574, 77.08590244505909, 81.4156252966461, 90.77978762683975, 92.58104227003416, 90.81839826312365, 88.95694853883167, 85.66723092690235, 81.65597946060589, 76.52058320926976, 76.03804665585535, 79.04166950920803, 82.14856131367362, 87.99804854403033, 84.0041868225242, 80.0106092981817, 77.05843426953383, 54.54836698018138, 65.940197549076, 76.55489165826933, 87.9958319119606, 101.79977066027418, 115.5267017065844, 118.81571669324488, 119.23665174612617, 128.2024909602189, 129.79349192531632, 127.44464782789389, 116.15008936319465, 111.3818226039549, 103.48442320687985, 96.67320353381261], [13.759955617510762, 16.82659351657227, 26.626212639028783, 36.64956789278767, 30.90709168152945, 24.117041218606772, 20.590484658646137, 41.2530459424223, 46.19038384673357, 53.802822210415776, 62.33389945590529, 72.89974335307683, 64.61888133846584, 55.34792758610451, 48.64409803434614, 6.055782949834727, 9.565097298738682, 16.032594830787215, 25.867559768601986, 34.800748895799764, 33.83852635121202, 23.243138686413953, 12.788098831587511, 6.375684868548786, 0.0, 38.232208617585215, 47.46064567293164, 54.8925041546493, 64.90646929510547, 72.37756196103894, 70.25146990667531, 62.93832258116815, 55.419365754073965, 48.20361568704751, 42.04924958284445, 11.996324568103601, 21.766543403732207, 34.05881922709419, 42.839197858779414, 52.58532910805371, 56.47310476730464, 59.81154185608213, 60.875513211639, 57.095431515198364, 42.926487456280945, 33.37836753399859, 29.38382670641149, 75.81249976349767, 71.64471998286857, 70.26825092902041, 72.15380995979919, 73.5422955498501, 77.53559992221939, 86.72061892165327, 88.9502875552497, 87.64865342893125, 86.29151625679478, 83.60426803153904, 80.12938265605747, 75.35882816766176, 73.98262755211357, 76.10762547087192, 78.56953215818602, 84.057868568453, 80.4839563825783, 77.10316034315842, 75.01951125046386, 59.75120040610485, 70.32688440674012, 80.02663759502116, 90.45843219212698, 103.63653349260719, 116.328345446078, 118.81636250041385, 117.17045863419352, 125.03762008137582, 125.93718099266366, 123.30578612159422, 111.69617599042978, 106.51007705544322, 98.57311771096278, 91.61534301630032], [45.15626003304885, 52.4150730478272, 62.70114830388615, 71.23310037483316, 65.13830529522872, 55.92762642225705, 48.411562821656574, 23.12681861125918, 19.375787531697288, 22.301853457022332, 29.632892533090406, 42.99195126186384, 35.12187565660183, 28.492763015501748, 25.810043219936947, 36.8786882102542, 44.291206898778285, 52.03764205650006, 61.77909048971829, 70.79624278928807, 70.3844108692721, 60.802910279507095, 50.7018270506334, 44.429705352722074, 38.232208617585215, 0.0, 9.591463520480595, 17.956288190191454, 29.35070786152593, 38.29896883064849, 35.32938079273684, 26.69807262181864, 18.38302058644112, 11.847161677003653, 6.576607576572362, 29.381755349838084, 34.58938835816044, 44.57713058040577, 56.491865599778954, 61.606961247129234, 60.59425635878822, 58.52744833479728, 54.916636115384975, 46.97490825952826, 35.38919553530617, 24.095276586909684, 13.450107621917976, 89.46554377903455, 82.13212277598277, 76.5726831