{
	"dissimilarities": [[0.0, 8.584983825420874, 17.92921069073898, 25.477344134427412, 20.128270397530784, 12.534664693615303, 7.617468426175783, 40.67512742004395, 47.57816152693197, 55.851266729590535, 64.12138494994706, 72.79139605844631, 64.89625884435411, 56.61168080426948, 48.30562814008233, 19.15394066958562, 19.75338394938976, 21.163118333098506, 25.711875227853607, 31.23155683587928, 28.989726817229897, 22.632217463050193, 16.788233880948795, 12.926988420310781, 14.384744450752645, 45.19613483093802, 53.993214003253954, 60.64957440006769, 69.23555905923355, 75.76504630919925, 73.28726029942257, 67.01398537383264, 60.49751920568533, 53.39912128143568, 47.701404790806365, 17.372259858260353, 22.552100708231794, 34.21920445901345, 37.6999760161178, 48.30473836613673, 54.32350002325852, 58.50283508024664, 58.57222562495441, 54.95570729486866, 44.82892642262911, 35.26818086930657, 33.636899153026356, 67.73560427587242, 64.25498192683708, 63.746213534684735, 66.14219065770779, 67.9054762928548, 72.7881597025266, 80.38879217934483, 83.70612705070893, 82.11503747164606, 79.69349256033288, 76.4797525785923, 73.28044426297302, 66.72119675195482, 66.28906945976331, 70.3523724065733, 73.13293326281787, 78.10519484872626, 73.97630876062283, 71.2138931281968, 67.21879099373054, 53.235480237932954, 57.551256808346864, 66.71632323223031, 75.80752040029653, 89.24448683103418, 97.89511241974058, 102.2858526468844, 106.9165055459443, 111.74206115527386, 118.35158258402844, 115.18766481090773, 104.67033258390111, 100.33296798902606, 94.2417715080101, 92.47243813918483], [8.584983825420874, 0.0, 10.682924770054077, 19.613696162234515, 15.212670068475095, 11.590233144099562, 12.902518751344214, 49.147131315302026, 55.888744083317754, 64.04768457815636, 72.4307322831858, 81.29667307446168, 73.39792033374758, 65.08453826481724, 56.80658390696279, 20.646537306081473, 18.023146760622545, 16.31547546653269, 18.743393096023087, 23.818679554408845, 21.15598480928359, 14.833557601052892, 11.785158614624201, 11.585320115616872, 16.48258358591653, 52.067597029989265, 61.06813506773762, 67.91966175529086, 76.83244361780024, 83.55643435536618, 81.25445921383816, 74.81912463897092, 68.05742505855726, 60.906926308091315, 55.04441850956135, 23.776712795714847, 28.98299534464333, 39.06993909895722, 41.89457165033482, 52.57848299701383, 58.86114820614536, 63.750987876633026, 65.03372402354947, 62.329194120435666, 51.566788108354146, 42.966092449572045, 41.28328085327131, 70.29503320401152, 67.56073626925367, 67.86711332924358, 70.93267634826805, 73.36727679309777, 78.91367242585125, 86.99225929656265, 89.52848323014382, 87.31000408346769, 84.33328377207796, 80.32052974807051, 76.49056012280322, 69.60661178522486, 70.09713853894128, 75.05980702791983, 78.75206848125987, 84.42963810391875, 79.57125693035701, 75.90592488031805, 71.01691374591313, 47.48698548688466, 53.30477845923254, 63.9032989976625, 74.65999627774033, 88.99079786360991, 98.99423663471502, 104.40161677157377, 111.17870554080265, 117.92773219221371, 125.4707677397772, 122.7894966608496, 112.65925807621326, 108.6412415833613, 102.37458446475532, 100.08747132169663], [17.92921069073898, 10.682924770054077, 0.0, 9.503032132241897, 7.534513272520331, 12.773834271277323, 18.73747866891461, 58.23783455087171, 65.35437797382903, 73.69728948161539, 81.85839500753941, 89.94761166658368, 82.30562037773744, 74.07471389448091, 65.72615422601412, 30.678032086406734, 26.625427528599573, 22.192465099773774, 19.219349843678504, 19.1923317573279, 15.31721293442528, 15.042506248142463, 18.747302560977566, 21.24380188670488, 26.855991944892335, 62.62961785345467, 71.55485909656974, 78.24963209921155, 86.79272692488858, 93.08129695640885, 90.92005748490146, 84.83639685592807, 78.30789564153764, 71.21696622653842, 65.44192055873542, 34.13160693148983, 37.321792906535535, 45.046819599844085, 45.01244325614686, 55.557171427518114, 63.02907628688726, 68.86784930004463, 70.6007505350632, 68.85670809178015, 59.37101420705249, 52.00964445893276, 51.41276790744916, 69.1091146701614, 68.06024135797264, 70.0118469532214, 73.98003496017749, 77.20408098714498, 83.09310014417078, 91.15868479805708, 92.75689369238991, 89.71056635810093, 86.04078437883179, 81.12521007868457, 76.40579389656328, 69.06402673400724, 71.3444667927277, 77.60675473944154, 82.31382349796571, 88.42218329992629, 83.03541686506568, 78.35414282737318, 72.17086810351793, 41.34612007700685, 44.77217953527273, 55.27337789371021, 67.16189360713518, 82.28294069740018, 93.92006008493952, 100.68875678975112, 111.27521636036701, 120.0273194790405, 128.6775182242824, 126.88849571618306, 117.77669788733941, 115.20599815587629, 109.85137987518746, 108.74466499781106], [25.477344134427412, 19.613696162234515, 9.503032132241897, 0.0, 7.8704720545378315, 17.757304328713435, 24.265334980958947, 64.13800223261767, 71.56982390188882, 80.07378023262353, 87.87831154013685, 94.92703366684144, 87.7399412015925, 79.73131261452056, 71.370859260802, 39.98724761520344, 35.94953690255402, 30.98514538081267, 25.71484018379152, 21.38711926959966, 17.54176258834878, 22.524412829958806, 28.024941871381678, 30.605025994811598, 36.057616037167456, 70.61235655679062, 79.30105371608873, 85.64814596114522, 93.53064647568551, 99.16038800819047, 97.16784683383932, 91.64559581441154, 85.54740223231553, 78.61768681770522, 73.04852283233528, 42.39708636712606, 44.195985404176405, 50.529833370528635, 47.863848600337406, 58.05486024560512, 66.64696341815463, 73.00479719945204, 74.34945969331622, 73.00513808778717, 65.38835538336957, 58.639446106374166, 58.85384831021395, 67.46026001840221, 68.08676480929549, 71.47897849240748, 76.00562083406928, 79.63827839505856, 85.36270457603098, 92.93638259621957, 94.0279681358774, 90.47766639608886, 86.40476680200321, 81.01659476808607, 75.67358672486354, 68.02803998267864, 71.9088084109159, 79.05074910675349, 84.24592322087464, 90.24886811334132, 84.86090248854501, 79.68087421908227, 72.61551069696037, 37.96354211987255, 36.55222748129575, 46.02591666471412, 58.52828761164175, 74.44961166156716, 87.5551716138854, 95.49196861165163, 109.67904132389177, 119.2546613312126, 128.32748998547686, 127.16102301765089, 118.8904283632208, 117.6842269478197, 113.31946683464264, 113.72691283682512], [20.128270397530784, 15.212670068475095, 7.534513272520331, 7.8704720545378315, 0.0, 10.322361224261918, 17.89255459812022, 58.33879586986726, 65.94745398455177, 74.47570229008743, 82.32938443997818, 89.67378587684034, 81.98505997916672, 73.77995824243146, 65.47144974246415, 35.5943202439748, 32.56899912182873, 29.107304381351327, 26.744841130450226, 25.630577993803612, 21.596888002449475, 22.448653469834714, 25.101086437007723, 26.470504245594473, 31.27389459520578, 65.12301140280304, 73.9372811947417, 80.54532889725071, 88.73119169319588, 94.67008722553454, 92.21778876350429, 86.36561410608161, 80.14046705284235, 73.0466332250124, 67.44524661242082, 36.29954948580919, 36.83581572744379, 42.677026317348144, 40.41239526200324, 50.72966777233333, 59.021043401233655, 65.29556899009482, 66.92253256023177, 65.82518569995077, 57.789440871547214, 51.667698983576706, 52.743631698387354, 62.21980739988006, 61.84902161874338, 64.56637482763877, 68.89741720691501, 72.44032531860776, 78.35789653770762, 86.3166766142599, 87.411706946848, 84.00055707557105, 80.06977926153012, 74.88140394162964, 69.87652860087027, 62.39771316193616, 65.40672481194206, 72.18318097367975, 77.27738874875786, 83.50319959380822, 77.93503679558259, 72.8654564669491, 66.1744250834925, 45.083181920479646, 43.66593176032282, 51.02307816002515, 61.297820784064534, 75.43197991770472, 86.54177746349751, 93.24629426654685, 104.52798160279895, 114.13234535883572, 123.66408477094912, 122.64526383075433, 114.58783213178022, 113.43644382574291, 109.5566119408229, 110.19445511192274], [12.534664693615303, 11.590233144099562, 12.773834271277323, 17.757304328713435, 10.322361224261918, 0.0, 8.665886525418909, 48.80938819039838, 56.485878100455324, 64.9868125342383, 72.88605386662208, 80.61246234046573, 72.48881302828437, 64.12728210664753, 55.87982719627844, 29.325124604101756, 28.32362762008742, 27.504429423339186, 29.0539653522656, 31.439487832908824, 27.869189078821474, 24.508422882744497, 22.586139338953238, 21.420163567814345, 24.554296914047633, 55.92224960297898, 64.73605137732768, 71.48891120912349, 79.8676291325968, 86.07709890475473, 83.21262753858332, 77.08514824210269, 70.79657566653009, 63.61025754177625, 58.04059687495273, 27.056895169351453, 26.577539821402976, 33.31138781124332, 32.68279878202291, 43.36555025213272, 50.96016711441324, 56.62492936140345, 57.89730736447893, 56.32893948440745, 47.67317610162899, 41.382635517810456, 42.986729243914816, 58.94760483187269, 56.851324907456465, 58.09027863226336, 61.69841955726516, 64.64892498443372, 70.38445154191704, 78.50369801307073, 80.24619681925576, 77.46972613184437, 74.10108536020314, 69.69343389032046, 65.51492989553132, 58.448437288718, 59.73218642600512, 65.4202101685054, 69.74312889574807, 75.75059592374659, 70.48324747149793, 66.19103073847519, 60.59239870505185, 52.73077727531528, 52.3057288618133, 58.61978256761546, 66.80339624245671, 79.31859503386997, 88.09696242218479, 93.11718810402829, 100.22112194318805, 108.37173311934232, 117.45212749951982, 116.01599679338408, 107.57270105173643, 105.82092699353777, 101.99439434796213, 102.53843772158058], [7.617468426175783, 12.902518751344214, 18.73747866891461, 24.265334980958947, 17.89255459812022, 8.665886525418909, 0.0, 40.487287991764305, 48.114904140204644, 56.64949373673644, 64.50732812411893, 72.20656808166478, 64.2633335764453, 55.98866079721676, 47.67396456054571, 26.010941414828395, 26.930977202897893, 27.988306053256938, 31.343890643586175, 35.122121606954366, 32.29640254343922, 27.702597105821305, 23.264943202525085, 19.931279960039845, 21.11483363792379, 48.421361095794836, 56.95705898274251, 63.41616973658552, 71.45642143418766, 77.48582767502151, 74.6873829611248, 68.7626375258753, 62.68597029874219, 55.642556262896264, 50.23189384202375, 20.895992697059043, 21.375384931858093, 30.871665281382715, 31.812777758793256, 42.51106678131125, 49.55818639930107, 54.2115715149179, 53.961711506560015, 50.92772240878241, 42.599711010907164, 34.52311090083344, 35.374053151927534, 60.50691896366618, 57.49510963329964, 57.61329660404318, 60.31548623249856, 62.344712425319926, 67.21474582858158, 74.70379238930985, 77.62272859505362, 75.71932293482757, 73.0893973957155, 69.70575110778721, 66.31020644927703, 59.62589626186763, 59.73019883569544, 64.22322057418718, 67.30823831367725, 72.35387720109377, 68.09463053824166, 65.02743444854407, 60.612107441633704, 55.75797520375225, 56.1901214163621, 62.75932576356729, 70.21642766481497, 82.6023715946729, 90.53887777278005, 94.7060488520263, 99.73746032823178, 105.18168444718741, 112.6281651846412, 110.22106931299206, 100.76427251439918, 97.99716014698275, 93.59114731490378, 93.90841892087401], [40.67512742004395, 49.147131315302026, 58.23783455087171, 64.13800223261767, 58.33879586986726, 48.80938819039838, 40.487287991764305, 0.0, 8.416099067288894, 16.89883311804543, 24.14023600612896, 32.93228188353812, 24.272463940034637, 16.06834430944511, 7.887242982718422, 42.573972907280016, 49.36689753107095, 55.60645140364773, 63.2450375801323, 70.02344258962535, 68.69913312635137, 61.55925255502501, 52.8132646041851, 46.42525865104769, 41.17414885211759, 22.54793622011678, 25.6643354011951, 29.25369124606124, 34.662792522685734, 40.0927640572477, 35.84504652565403, 30.48765940274958, 26.493484609198127, 21.31131790610691, 19.378539244698143, 29.790678593701944, 29.508960961223256, 38.39405226359074, 45.08323060465096, 50.163225034943565, 51.29914159975102, 49.5118808087464, 42.46100993109289, 32.50200100561677, 29.126164819512386, 16.899611816503036, 14.763930243617995, 74.3985615915402, 67.32357865406601, 61.95820474659357, 59.791402950956424, 56.97459681100042, 56.95985732783713, 60.70464084219829, 68.80094477085731, 71.49858640081855, 72.80366474002446, 74.5321628242539, 75.35000907119507, 71.81659318045658, 66.13207089562104, 63.986616918144136, 60.64442620079908, 60.52152092754519, 61.56575872333129, 64.84663867019799, 66.98369091264445, 88.16879425071723, 90.10834036141628, 95.09364368808428, 98.1100556433833, 106.89116425077603, 108.94255597824812, 108.11068044136967, 99.99522343649093, 93.58787689612575, 93.85040124358753, 87.20540244425307, 73.70588369389549, 65.3665237207822, 59.21678062850929, 58.9005616482231], [47.57816152693197, 55.888744083317754, 65.35437797382903, 71.56982390188882, 65.94745398455177, 56.485878100455324, 48.114904140204644, 8.416099067288894, 0.0, 8.648138289901823, 16.573806894845557, 27.241423555160033, 18.8353936472297, 11.73866187308954, 7.4024029679580385, 47.08382938192627, 54.13128449750086, 60.73871810099528, 68.74832933645249, 75.98604915850525, 74.9738534591395, 67.47299381644048, 58.43784711956772, 52.04853106981439, 46.42326390448924, 19.69667998464089, 19.752662928697717, 21.770548791931567, 26.445072221551314, 32.21515425515668, 27.67696340348502, 22.080981460305157, 18.644687005557884, 14.766851874842994, 15.044604522311747, 35.48543168826433, 36.52640535421345, 45.24275071683529, 52.8049566472984, 57.27002507130206, 57.35527842555379, 54.65147405234418, 47.32285041885102, 36.945404694847184, 33.83904624353562, 22.666300476418424, 18.245237745515322, 81.89182059901485, 74.42677173452259, 68.43072141265571, 65.66696274910836, 62.236821472509455, 61.521709138958435, 64.51670380790557, 73.30039112130012, 76.71864939086977, 78.59531044576217, 80.95747028680758, 82.28228761408288, 79.15977082213632, 72.85944907942648, 69.86708846700333, 65.67916763908451, 64.74031398205672, 66.60537550038582, 70.72791010255274, 73.70314528873976, 93.80358575334382, 97.02284870712559, 102.6855131362108, 105.8766178875291, 114.73208481896043, 116.49932345684594, 115.24442912525517, 105.49997312321646, 97.09828091230182, 95.57466114003155, 87.77899552513047, 73.05287480553505, 62.41053115662085, 54.47098729380714, 52.12119311837642], [55.851266729590535, 64.04768457815636, 73.69728948161539, 80.07378023262353, 74.47570229008743, 64.9868125342383, 56.64949373673644, 16.89883311804543, 8.648138289901823, 0.0, 8.93726045845325, 21.956927742326563, 14.173727047011555, 10.568176578903854, 12.796875643446876, 53.859662162095134, 61.050472792720974, 67.91976082764731, 76.21720837443864, 83.76382241473284, 82.91672729902554, 75.14801764605522, 65.90832756200506, 59.53827275628547, 53.68672394695505, 21.630304686069014, 17.700666851185836, 16.807237928911253, 19.427651757758554, 25.310213016762106, 19.863338940122905, 14.057055399754317, 12.62903816018532, 12.340585258144042, 16.088345446866718, 42.979509793801206, 44.19577729313498, 52.10304288666153, 60.12648479360254, 63.746020118006115, 62.78883990562387, 59.14953747863694, 51.47947119189041, 40.95747877194954, 38.76927470145798, 29.414647061744258, 24.963192594419752, 88.53967052711023, 80.64484049923372, 73.99222676656935, 70.58284532332604, 66.51268256457986, 65.0242394437263, 67.1973486171294, 76.57831293525071, 80.7385053154999, 83.23192669498822, 86.30641249555312, 88.22599778900623, 85.62904112907866, 78.64087289289247, 74.71191053433873, 69.63093223543895, 67.83107003135734, 70.54797310074058, 75.55999380168174, 79.46389473677348, 101.37544950300678, 105.21213930924799, 110.99252406348491, 113.91657029293974, 122.40192534237337, 123.46838823063209, 121.54803826941415, 109.68343920623349, 99.32001124348679, 96.20508070686098, 87.46943093965645, 71.9351247713006, 59.3668365831233, 50.31140306767523, 46.422384384076025], [64.12138494994706, 72.4307322831858, 81.85839500753941, 87.87831154013685, 82.32938443997818, 72.88605386662208, 64.50732812411893, 24.14023600612896, 16.573806894845557, 8.93726045845325, 0.0, 14.112343061178253, 8.62948554349441, 11.776124913016337, 18.080128122394377, 62.7676102191715, 69.92495614892466, 76.70802016251709, 84.80285061466557, 92.07728999029358, 91.24412583367028, 83.77614062371988, 74.67135698782727, 68.30693382405656, 62.52702069920445, 29.893878600263083, 24.271334663127305, 20.635059722651278, 17.997914789896384, 20.799285478483675, 14.477198119665935, 12.541967906170944, 16.33192664772154, 19.448814717720307, 24.33080463220025, 51.71571204179239, 52.137573324376554, 58.930659603448845, 66.13324550201892, 68.80381538948839, 67.47985914366993, 63.133898262872535, 54.32937860765586, 43.54764763512285, 44.35493398238913, 36.815846824911965, 33.71670780660367, 92.49717076095067, 84.60310432217786, 77.70104629782463, 73.70490155618208, 68.96756966866795, 66.24171772954296, 66.90779724001435, 77.03704670068892, 81.97976916150203, 85.15000245121553, 89.07565660525657, 91.57595699670244, 89.53031129760681, 82.21651999330436, 77.44690032910616, 71.33807630397094, 68.18215843070692, 72.18576914581078, 78.21900237131133, 82.96120216314287, 108.8743914254638, 111.8306222284701, 116.78362833570486, 118.70231516497114, 126.38298910084441, 126.45505432083986, 123.74805208687154, 110.21731795394003, 97.15879376127108, 92.0280196447874, 82.34117404735946, 66.15425582961804, 52.31866643968536, 43.445781125734044, 40.890329072428386], [72.79139605844631, 81.29667307446168, 89.94761166658368, 94.92703366684144, 89.67378587684034, 80.61246234046573, 72.20656808166478, 32.93228188353812, 27.241423555160033, 21.956927742326563, 14.112343061178253, 0.0, 11.12611113757026, 19.30997270809179, 26.023879444510147, 74.09338073480035, 80.96288391776592, 87.20360490072544, 94.41226756472176, 100.66080500427874, 99.77242258012727, 93.39462716106893, 84.93049238072165, 78.64605320950967, 73.3074347613726, 43.45043129584894, 38.06001710571634, 33.454390606937935, 26.755666581720007, 23.317691443946504, 19.290630153372415, 23.842121966436626, 29.812557029482374, 33.366173153572134, 37.93879309900044, 62.40885836510556, 61.63096575382885, 67.31847734590895, 72.1430106750841, 73.91998791621428, 73.28468440881991, 68.73407262634638, 57.97489083376706, 46.97548315125332, 52.80112540544016, 46.659657485961745, 45.33284220372079, 94.41161823026388, 87.34708912928313, 80.97415491145435, 76.62043709967462, 71.31414488272263, 66.7496520976202, 64.75867624091904, 75.82343422309499, 81.52853953987257, 85.38845543504827, 90.26200565372127, 93.19704545152574, 91.64985057213566, 84.76532395950794, 79.4915593198716, 72.31200743210647, 67.06838257293501, 72.9888862132329, 80.08779409136781, 85.34287115760783, 115.45207185272771, 115.88870051712577, 119.0249609715428, 119.14569433101666, 125.67527464136222, 124.6621460714154, 121.20632966656204, 107.36076067924473, 90.14488128115435, 81.6524074690831, 70.5151591979519, 53.1654278771114, 38.26607460672711, 31.34279598843592, 35.93274557138909], [64.89625884435411, 73.39792033374758, 82.30562037773744, 87.7399412015925, 81.98505997916672, 72.48881302828437, 64.2633335764453, 24.272463940034637, 18.8353936472297, 14.173727047011555, 8.62948554349441, 11.12611113757026, 0.0, 8.827446059369322, 16.72401026416747, 65.71852349166899, 72.80114055317632, 79.36513545416217, 87.1560028205912, 93.8988684267022, 92.73629328597903, 85.7095157938925, 76.83368406415691, 70.4160239020792, 64.8812506279753, 35.41625751454588, 31.285771863779836, 28.852430505238164, 26.409843537598555, 27.451673996430472, 21.52917012626367, 21.05117712319197, 24.263325049896892, 25.93614214028179, 29.85074875128398, 53.412672560935135, 51.78864936912789, 56.949033536195856, 62.70192255574753, 64.45996297104176, 63.2722747527287, 58.69812221503938, 48.734232302259414, 37.78075079193178, 41.93710621302458, 36.26281829402832, 35.96908475861027, 86.77223376503913, 79.0170590955298, 72.1646067269801, 67.88733611334445, 62.81506652729427, 59.280264192185015, 59.07234094960282, 69.51956537929328, 74.75697477427074, 78.23444907592136, 82.63033258050828, 85.45359962050964, 83.79646275020721, 76.41355127545283, 71.24024808733076, 64.59533960180626, 60.6594040333392, 65.37890665177967, 71.93818846251625, 77.0830515990325, 110.57667452237064, 111.33797314079385, 114.55645288435464, 115.01387928825065, 121.39872501829367, 120.286798328914, 116.88820160147081, 102.38931088973966, 88.58518696921269, 83.64642230301911, 74.42618845147095, 59.140431697769365, 47.34727051050251, 42.20163444703555, 44.77603065362374], [56.61168080426948, 65.08453826481724, 74.07471389448091, 79.73131261452056, 73.77995824243146, 64.12728210664753, 55.98866079721676, 16.06834430944511, 11.73866187308954, 10.568176578903854, 11.776124913016337, 19.30997270809179, 8.827446059369322, 0.0, 8.38495033459495, 57.54494426188312, 64.63770451159239, 71.23795893779491, 79.18524743982219, 86.07598510902884, 84.76570580309094, 77.51190050122145, 68.53719618115987, 62.08785150402553, 56.55528295915264, 29.270766399743668, 27.221566054943512, 27.189440762831314, 28.423120671359275, 31.95657162749318, 26.12599150441757, 22.613999890329133, 22.582165360540802, 21.568209134800366, 23.986790471293926, 44.86065710420098, 42.97658241846722, 48.533756809153004, 54.83050038397703, 57.25024043685772, 56.354494135553956, 52.354029632236674, 43.207947395402506, 32.246111495735555, 34.19211580024626, 27.493845960126425, 27.638856456095375, 80.73735886757822, 72.8589196806869, 66.13444360218529, 62.34193253373829, 57.84792574392007, 55.51845021656565, 56.95527471607443, 66.64288347546291, 71.1066556026479, 73.93719249959561, 77.5533451199729, 79.88557973982945, 77.76271539657324, 70.55191654924595, 66.08656950620542, 60.38229499980499, 57.83993552154647, 61.24337084532412, 66.86303771203079, 71.29859896091845, 103.69575131385837, 104.71515373225323, 108.25810047894757, 109.32853243501677, 116.14583565965293, 115.67889162987404, 112.8726849376429, 99.64704928880894, 88.81108529234922, 86.36943510373371, 78.43095180239344, 64.23762637670845, 54.276211840835714, 49.32628618245035, 50.84234221475283], [48.30562814008233, 56.80658390696279, 65.72615422601412, 71.370859260802, 65.47144974246415, 55.87982719627844, 47.67396456054571, 7.887242982718422, 7.4024029679580385, 12.796875643446876, 18.080128122394377, 26.023879444510147, 16.72401026416747, 8.38495033459495, 0.0, 50.13771552440847, 57.05508629740794, 63.419017140039294, 71.12669304587979, 77.83847356328519, 76.4722910097256, 69.38867182760904, 60.595951309439045, 54.18176897299841, 48.8470823815082, 25.890399664293998, 26.456373787953346, 28.363405659942547, 31.812482629165224, 36.27939230558122, 31.291847709441555, 26.80017062652016, 24.56870183840076, 21.154450461936513, 21.404932973384824, 37.20858797308049, 35.62333397319562, 42.47446004257987, 48.69283359224039, 52.32751116246418, 52.54593635990354, 49.64355536999609, 41.23165759060563, 30.46295207907574, 30.334923833242403, 21.137832200295094, 21.008226372229643, 76.09394937524127, 68.63699999231669, 62.61132479477666, 59.61197890241495, 55.92451769827547, 54.69587448755227, 57.28551650507988, 66.22446371424266, 69.7893363482057, 71.85451940994227, 74.55443112922, 76.13913030716839, 73.31459581602724, 66.87300519344035, 63.55767066094738, 58.99676826882642, 57.632188869253284, 59.88717794643342, 64.3713290028436, 67.66623644496264, 95.62124142797279, 96.70473522722601, 100.67731724764502, 102.48956957984723, 110.13415003318825, 110.80747399328261, 108.93847904481642, 98.32759216500855, 89.74706882963171, 88.82223565223866, 81.65801664379877, 67.94067757956016, 59.18885075007099, 53.961476074981384, 55.05314035552763], [19.15394066958562, 20.646537306081473, 30.678032086406734, 39.98724761520344, 35.5943202439748, 29.325124604101756, 26.010941414828395, 42.573972907280016, 47.08382938192627, 53.859662162095134, 62.7676102191715, 74.09338073480035, 65.71852349166899, 57.54494426188312, 50.13771552440847, 0.0, 7.552015865289285, 15.478077071821163, 26.07562204291598, 36.30894576537104, 35.474735970222476, 24.631472950708734, 14.347413446260097, 9.470352360457824, 4.923225066468219, 36.832807620348966, 46.033916348528734, 53.546457582038656, 64.0251831945661, 72.33038161269192, 69.90762265353548, 62.22052365756949, 54.46588564830587, 47.32244264405596, 41.156811065204494, 14.773789133721449, 26.78340922184756, 39.66901287263705, 48.7542511499988, 58.28794171169555, 61.10718177695143, 63.841499372143545, 65.34024457703713, 61.27581322513555, 46.7785495809279, 36.33620057829682, 30.39218653960358, 82.07561979321912, 76.62658587330792, 73.98579005806282, 75.40388114181535, 76.48160211087306, 81.63847856548847, 89.95708359094652, 93.82112402588902, 93.00415618064558, 91.1849224384522, 88.55527639345596, 86.23343258028697, 80.39668995808063, 77.84445989217885, 80.42123222746275, 82.45864841245759, 87.61512986380201, 83.45430309609753, 81.44364300655177, 78.91269407050763, 60.467053236169996, 71.87071155707648, 84.04249155027976, 94.51561287186944, 108.13450142478553, 116.26375107690299, 119.89660875599151, 120.48767725482844, 124.61479734834012, 130.3742728622859, 126.05944398725772, 113.964589471961, 106.4747250906374, 97.48473179957014, 90.91371079798414], [19.75338394938976, 18.023146760622545, 26.625427528599573, 35.94953690255402, 32.56899912182873, 28.32362762008742, 26.930977202897893, 49.36689753107095, 54.13128449750086, 61.050472792720974, 69.92495614892466, 80.96288391776592, 72.80114055317632, 64.63770451159239, 57.05508629740794, 7.552015865289285, 0.0, 8.140714045977106, 19.11259040929672, 29.77617717355612, 29.122694369527984, 17.896071130924156, 8.284364767265622, 7.070906704944283, 8.822195207945132, 44.148669915665046, 53.22949667703047, 60.57113341800873, 70.86022703364644, 78.95812815944622, 76.83773950292236, 69.35993808750787, 61.686437453150866, 54.64453154446905, 48.51605417174985, 21.207546614066253, 32.00363601067082, 43.992741248346746, 51.862036222471765, 61.771268001092444, 65.29332109255789, 68.7415104125978, 70.79793112105865, 67.27815685336532, 53.02239946341265, 43.14629055381872, 37.73466389769436, 83.93013431777464, 79.26708454966658, 77.48072845010793, 79.49994141778504, 81.1234819287433, 86.67929058149588, 95.19933040145546, 98.54412409090423, 97.21007027616396, 94.93044152350367, 91.67141817045976, 88.77607174638695, 82.57034208494771, 80.9552376036746, 84.37269736245686, 87.12018366204575, 92.69862297655624, 88.08269509331785, 85.3666046446887, 82.00227193497062, 54.57629720017129, 67.40775975353702, 80.75076896076176, 92.49223929616514, 106.98357417554622, 116.3579886014578, 120.91496564425154, 123.76145709832619, 129.14811610117926, 135.45544203606258, 131.4613542869558, 119.60065990867038, 112.52379774723512, 103.47098925214095, 96.87669584519536], [21.163118333098506, 16.31547546653269, 22.192465099773774, 30.98514538081267, 29.107304381351327, 27.504429423339186, 27.988306053256938, 55.60645140364773, 60.73871810099528, 67.91976082764731, 76.70802016251709, 87.20360490072544, 79.36513545416217, 71.23795893779491, 63.419017140039294, 15.478077071821163, 8.140714045977106, 0.0, 11.117441560678696, 21.99394228753117, 21.57186139698622, 10.417486465236998, 5.27966205938685, 10.2147100569487, 15.372064447566858, 51.733726929559445, 60.690047280146985, 67.76175062131409, 77.6381252654889, 85.3206430406914, 83.52891873822834, 76.43165775699339, 68.97302999985368, 62.02987307983718, 55.96566410898177, 27.831274460377518, 37.536787056141726, 48.7926332195119, 54.96742644144632, 65.22727392787206, 69.70827997159617, 73.85343072190383, 76.06214754341153, 72.90570381427173, 59.416389998427896, 49.8163501748233, 44.91013787864438, 85.19645471126906, 81.56496393599464, 80.81304071197181, 83.43204784829547, 85.55066017816354, 91.31702398741307, 99.81269008416429, 102.7266135189439, 100.8983555952705, 98.18033367093881, 94.34242877015326, 90.84189370190744, 84.23679404203108, 83.75890494795644, 88.05215912843956, 91.4242835584305, 97.23429546972613, 92.3361004770747, 88.99517694500408, 84.76105866485304, 47.24217515775577, 61.15408071662415, 75.65099050634045, 88.67958960782975, 104.16339720717964, 114.95779120925845, 120.5600285313744, 126.17513384680363, 132.5504806323214, 139.22521057084967, 135.53647559701668, 123.93949140557035, 117.45036688309438, 108.50628116690363, 102.3204671518548], [25.711875227853607, 18.743393096023087, 19.219349843678504, 25.71484018379152, 26.744841130450226, 29.0539653522656, 31.343890643586175, 63.2450375801323, 68.74832933645249, 76.21720837443864, 84.80285061466557, 94.41226756472176, 87.1560028205912, 79.18524743982219, 71.12669304587979, 26.07562204291598, 19.11259040929672, 11.117441560678696, 0.0, 11.13023028990209, 11.68908193242267, 5.791436507409366, 13.395885836318588, 19.159597334555986, 25.15009311254022, 61.30171209973271, 70.01619640845392, 76.62624214871234, 85.77843120877316, 92.75764724174667, 91.44677616236385, 84.99062286489453, 77.92945546739658, 71.17755133349763, 65.26081918976168, 36.9375753393319, 45.59775875860638, 56.19663324511081, 60.093278630672046, 70.64483365394288, 76.3904238375646, 81.23343481187202, 83.17410565724074, 80.19655511937881, 68.08371701329622, 58.51325219877546, 54.01088020690443, 87.44277259974902, 85.2851396748206, 85.88159576332805, 89.14040069216175, 91.72706629649193, 97.48490459247951, 105.65455796178809, 108.21346264695259, 105.88349311263465, 102.71951355773794, 98.31250022853754, 94.10876793526039, 87.04099091883226, 88.07313865411137, 93.3514744075847, 97.28977111982965, 103.10300052029683, 98.12428633247201, 94.21077565576181, 88.99466462351872, 36.54921762597824, 51.912034727265656, 68.16531216048207, 82.96954277598118, 99.93566860777842, 112.74365790904132, 119.76818662407797, 129.2668702488509, 136.3435442577062, 143.09071984971484, 139.65372643903015, 128.30697759695371, 122.5539398170896, 113.76069012227656, 108.29904136084077], [31.23155683587928, 23.818679554408845, 19.1923317573279, 21.38711926959966, 25.630577993803612, 31.439487832908824, 35.122121606954366, 70.02344258962535, 75.98604915850525, 83.76382241473284, 92.07728999029358, 100.66080500427874, 93.8988684267022, 86.07598510902884, 77.83847356328519, 36.30894576537104, 29.77617717355612, 21.99394228753117, 11.13023028990209, 0.0, 4.4512775947303025, 13.310696277275651, 23.091648944205023, 28.42811210453506, 34.62677656149756, 70.4707475687869, 79.010393108252, 85.2431703216068, 93.66892783337374, 99.91351046734039, 98.89157524930029, 93.05950817860943, 86.43041596006704, 79.80382984582114, 74.04196498202496, 45.399206976654575, 52.670917762775815, 62.36918951827253, 63.914436376292514, 74.51569671007468, 81.47197491554871, 86.94166345113052, 88.53107564496473, 85.8258354537738, 75.30493341612105, 66.03515366921798, 62.32182014372158, 87.83140205218852, 87.20000175999581, 89.14757869364126, 92.99260250699825, 96.00847886168862, 101.67889812530541, 109.43881543099262, 111.58503032079585, 108.76072661354473, 105.18256881339552, 100.27566330469799, 95.42958273903254, 87.99669553785729, 90.5337565688642, 96.72248695687607, 101.17328656420298, 106.92832635707218, 101.91765261271803, 97.48356514664344, 91.35786949702707, 26.62060147259562, 41.7227254770803, 59.24368909057968, 75.51847863537385, 93.70309530143538, 108.32674479588628, 116.6744289787025, 129.992578336143, 137.77709698761095, 144.73869425092562, 141.74713556582233, 130.97254725969952, 126.35774614689836, 118.23964939943956, 114.1250159836757], [28.989726817229897, 21.15598480928359, 15.31721293442528, 17.54176258834878, 21.596888002449475, 27.869189078821474, 32.29640254343922, 68.69913312635137, 74.9738534591395, 82.91672729902554, 91.24412583367028, 99.77242258012727, 92.73629328597903, 84.76570580309094, 76.4722910097256, 35.474735970222476, 29.122694369527984, 21.57186139698622, 11.68908193242267, 4.4512775947303025, 0.0, 11.776612288863554, 21.710555080934277, 26.975327872406535, 33.34461295033615, 69.92755211675028, 78.6482925940077, 85.07614744040495, 93.63592858861719, 99.96032017423926, 98.64206011096805, 92.6796431966535, 86.00369031716068, 79.21050007108335, 73.38923868414646, 43.715679105351555, 50.04630123026509, 59.07485975523537, 60.183272379993724, 70.71633903144469, 77.79750537824495, 83.46874068863913, 85.32500996390547, 83.02485256633932, 72.61759128111548, 63.953834861292144, 61.023995864910596, 83.69586445918915, 83.11751589642422, 85.21327304592819, 89.20452926303702, 92.39453220553786, 98.24580856038251, 106.18053576174209, 108.02425084628999, 105.01963416952569, 101.31136780165733, 96.2481889823271, 91.31936190910204, 83.87743200468249, 86.52406018215434, 92.88615888657104, 97.57250017064496, 103.55556624806847, 98.30592564351508, 93.63947446985543, 87.3439926440565, 29.339687674873364, 41.38680411898359, 57.4952582847572, 73.09885493092779, 90.68066323035958, 104.84927607489244, 113.02287273928215, 126.10296634836048, 134.57375284812522, 142.1977051406999, 139.63783357841157, 129.39308539261148, 125.39399399247876, 117.99277420397571, 114.59806812265352], [22.632217463050193, 14.833557601052892, 15.042506248142463, 22.524412829958806, 22.448653469834714, 24.508422882744497, 27.702597105821305, 61.55925255502501, 67.47299381644048, 75.14801764605522, 83.77614062371988, 93.39462716106893, 85.7095157938925, 77.51190050122145, 69.38867182760904, 24.631472950708734, 17.896071130924156, 10.417486465236998, 5.791436507409366, 13.310696277275651, 11.776612288863554, 0.0, 10.506848120322717, 16.569487329691913, 22.996067374631536, 60.513757970649955, 69.5070908052655, 76.42969480570989, 85.82505761099519, 92.96541805624328, 91.22215336439788, 84.53354703185732, 77.36997190536805, 70.36880039976278, 64.3513289348749, 34.37899111312475, 41.772140883473774, 51.50384978530398, 55.13150812962177, 65.59871521881706, 71.3679704577507, 76.45492250429092, 78.87554966961108, 76.47227533922626, 64.27095434735416, 55.57394880743767, 52.17438862451336, 82.34862918767814, 80.09045290688927, 80.74106883541187, 84.15602008801777, 86.96148680991637, 93.01573352551912, 101.50031254203793, 103.6583183588549, 101.1113924268118, 97.79513447065968, 93.20319345605115, 88.94452404542606, 81.90722733309995, 82.92456263550817, 88.36215084822301, 92.60390436992162, 98.77314094245936, 93.43386289896878, 89.22309289787772, 83.85285676292708, 39.81047625799752, 52.31774513051029, 66.91244339673169, 80.78664216369494, 96.85649583384642, 108.92901232037673, 115.6230924421684, 124.48877054305206, 132.49203470480418, 140.14236563642717, 137.26499395413492, 126.60104672504154, 121.6041740692073, 113.73507337543761, 109.1563039055335], [16.788233880948795, 11.785158614624201, 18.747302560977566, 28.024941871381678, 25.101086437007723, 22.586139338953238, 23.264943202525085, 52.8132646041851, 58.43784711956772, 65.90832756200506, 74.67135698782727, 84.93049238072165, 76.83368406415691, 68.53719618115987, 60.595951309439045, 14.347413446260097, 8.284364767265622, 5.27966205938685, 13.395885836318588, 23.091648944205023, 21.710555080934277, 10.506848120322717, 0.0, 6.508185069152687, 12.719574503851849, 50.56188580480538, 59.71422216166352, 66.93621305999618, 76.78976749078365, 84.40373352636854, 82.28070981281493, 75.15864977829662, 67.75287138267991, 60.61675673507554, 54.5121480337581, 24.578822370247543, 33.135170900299, 43.99408363594283, 49.76244434723043, 60.058132114013226, 64.76059480751243, 69.09219792937334, 71.36140008275206, 68.51084070200305, 55.30577178958125, 46.2267540471384, 42.40098443855626, 79.94530872833829, 76.28952864713354, 75.61709941029524, 78.32278892556315, 80.54836965954428, 86.40535977378512, 94.99161462449449, 97.70368034052724, 95.75811829616097, 92.97007222048255, 89.07818121152066, 85.56226235091067, 78.96390036723402, 78.50614370733926, 82.89501124985512, 86.40099132288911, 92.33879705841669, 87.30187220163181, 83.82973384558977, 79.50456212765252, 48.80306232432683, 60.20587877682911, 73.28882461592255, 85.40904151199082, 100.20211299744477, 110.38612554192423, 115.6961975077961, 120.94130450940506, 127.69690743489319, 134.89810631014072, 131.61268367142418, 120.56084271486218, 114.81273814836618, 106.77348096669206, 101.69951825198926], [12.926988420310781, 11.585320115616872, 21.24380188670488, 30.605025994811598, 26.470504245594473, 21.420163567814345, 19.931279960039845, 46.42525865104769, 52.04853106981439, 59.53827275628547, 68.30693382405656, 78.64605320950967, 70.4160239020792, 62.08785150402553, 54.18176897299841, 9.470352360457824, 7.070906704944283, 10.2147100569487, 19.159597334555986, 28.42811210453506, 26.975327872406535, 16.569487329691913, 6.508185069152687, 0.0, 6.511224503139639, 44.51702017682601, 53.72327752908367, 60.99925240042588, 70.8661899483505, 78.52830793075057, 76.1907843416704, 69.004729096222, 61.61845368456024, 54.4130615619254, 48.30873712028641, 18.115548514872, 27.43976893712664, 39.315513222351825, 45.92687477768659, 56.12501211501875, 60.46294010571953, 64.30797461111166, 66.01843575688108, 62.69456955564828, 49.47065587804515, 39.876478748553026, 35.91859778235955, 77.42794506722869, 73.14564032051403, 71.82598622679845, 74.07675263799777, 75.87650448082589, 81.39631619861885, 89.79347933033316, 92.95568340366891, 91.41776010525483, 88.99267124794181, 85.61186567374132, 82.54057882246181, 76.1873814839541, 75.00360860740878, 78.76080595297518, 81.70081707514525, 87.27765848563348, 82.62682340781065, 79.71732037185899, 76.02040015663681, 53.27110941443485, 63.23442227755002, 75.20289430273924, 86.14391501181248, 100.21959806913816, 109.35250149655785, 113.8908184238587, 117.37441457078697, 123.01943003479924, 129.74688334533215, 126.201524917913, 114.96327469185526, 108.97875328740521, 101.07512849302537, 96.22890972050342], [14.384744450752645, 16.48258358591653, 26.855991944892335, 36.057616037167456, 31.27389459520578, 24.554296914047633, 21.11483363792379, 41.17414885211759, 46.42326390448924, 53.68672394695505, 62.52702069920445, 73.3074347613726, 64.8812506279753, 56.55528295915264, 48.8470823815082, 4.923225066468219, 8.822195207945132, 15.372064447566858, 25.15009311254022, 34.62677656149756, 33.34461295033615, 22.996067374631536, 12.719574503851849, 6.511224503139639, 0.0, 38.15711842169382, 47.43582767872246, 54.871859391284865, 65.00074199443533, 72.951612116096, 70.3980738528703, 62.95365140915828, 55.42777600230839, 48.164521775612904, 42.01883407460271, 12.552280569803521, 23.663909501959434, 36.57983756238249, 44.72668243577993, 54.53556327414621, 58.01480260042784, 61.12570086582957, 62.44842448396796, 58.583780458440486, 44.80408457673591, 34.58145834259083, 29.869190923783826, 77.6341134375474, 72.5110195899041, 70.27413053636079, 71.92301972935492, 73.1908187531524, 78.38481006785032, 86.6643221434768, 90.33875048273674, 89.31454978741868, 87.33748984584143, 84.54973068050286, 82.0441973253803, 76.06371435846427, 73.89496913990295, 76.80334315856805, 79.06343656564027, 84.28462890595539, 80.03169095162794, 77.79859079410733, 74.94215157103211, 58.84759113966971, 68.51628645270901, 79.85242105379226, 89.88165798945745, 103.27535793614543, 111.34633753606971, 115.05370439193686, 116.31242865427211, 120.78776295937162, 126.93584025385516, 122.98750854833365, 111.36930527344863, 104.72769728555099, 96.57711600979223, 91.2977590154711], [45.19613483093802, 52.067597029989265, 62.62961785345467, 70.61235655679062, 65.12301140280304, 55.92224960297898, 48.421361095794836, 22.54793622011678, 19.69667998464089, 21.630304686069014, 29.893878600263083, 43.45043129584894, 35.41625751454588, 29.270766399743668, 25.890399664293998, 36.832807620348966, 44.148669915665046, 51.733726929559445, 61.30171209973271, 70.4707475687869, 69.92755211675028, 60.513757970649955, 50.56188580480538, 44.51702017682601, 38.15711842169382, 0.0, 9.50141682078299, 17.758152746319592, 29.360447453097166, 39.0740789515574, 35.398576183207595, 26.45547607088553, 18.123945709411792, 11.18895627240508, 5.612453968583973, 29.65922502924163, 35.62848708597678, 46.42830287764037, 57.77227541641036, 63.4560706262215, 62.35816412159298, 60.24952923792982, 56.95301243693665, 48.74780768840058, 37.723993019675696, 25.856592763162958, 15.025281557686766, 90.9216423922607, 82.78362254286692,