{
	"dissimilarities": [[0.0, 8.444365613719544, 17.729591625540785, 24.675241603111672, 19.33111090727457, 11.046743080249307, 6.32205239787563, 40.59542799825914, 47.63728562873047, 55.917145240219526, 64.189976350662, 72.58820865646268, 64.76453188395693, 56.50992955286818, 48.17672037061364, 22.37034815598508, 22.008138046311394, 23.211495721665464, 27.270875457710225, 31.387520047570757, 29.696040878949145, 23.985277477091945, 18.70508787229854, 15.19424462961542, 16.550922993183104, 46.224726811738016, 54.869929807911056, 61.162179580597645, 69.83182060090441, 75.86982877917278, 73.65577899865154, 67.27992792597064, 60.84807093739165, 53.70206061585345, 48.02282653597876, 19.055531554123835, 21.514402954208585, 32.210873471851116, 35.15615977609059, 46.242710494254595, 52.96406051331813, 56.856884935567635, 56.6956695940694, 52.97769793807135, 42.97463484372713, 34.40856012488709, 34.30693004771457, 65.70443753303444, 62.30648458385683, 62.02643082701323, 64.5154128317053, 66.28347549091731, 71.98844278436292, 79.62609025410669, 81.99486320046408, 81.25256498495948, 78.77771673779934, 75.55443402661612, 71.29268106191391, 65.75007830278894, 64.35130987512672, 68.44719873376091, 71.39328200823918, 77.8605740121461, 72.20993077394866, 69.27771296679794, 65.24776921527395, 53.85731822832021, 57.2748944159894, 63.19930529704896, 71.0988581418546, 83.5879764845208, 95.60235473654045, 99.24476384799395, 106.19666754257574, 111.13899182417862, 115.61473328248464, 113.45712055728603, 102.76923544455788, 99.51818646168141, 94.06247108466152, 93.20233405122686], [8.444365613719544, 0.0, 9.935794235656598, 18.18141373488085, 13.264961079362461, 8.459316775710024, 11.247939307070162, 48.91597747674567, 55.88319763772569, 64.10298523033514, 72.46321242474188, 81.01245030968305, 73.10592932487599, 64.79027095891723, 56.47426621250219, 23.803768961658534, 20.834505117405936, 19.40857545316361, 21.439593232072685, 24.590111441986775, 22.50417293661515, 17.249969803051222, 14.696144313341817, 14.217365187156519, 18.485896707363754, 53.02769363145324, 61.94610400954588, 68.5321227653995, 77.53188652099193, 83.82189292227892, 81.68301014221336, 75.14713355348317, 68.45808035599585, 61.23690939388501, 55.38923950165038, 24.71422812906772, 27.427189452051447, 36.334882065602514, 38.44941603508211, 49.52647767140099, 56.5167384359704, 61.25004987731632, 62.43608150719346, 59.85574396145266, 49.27584350700218, 41.790763666082135, 41.63164818122298, 67.2358614471952, 64.60105304579554, 65.16804574286488, 68.37672430188957, 70.88780151970887, 77.29103798717513, 85.45902794569562, 86.98271342118677, 85.52765623648527, 82.46885508341003, 78.39090618757321, 73.49722113410476, 67.61835438031271, 67.18212527694052, 72.2507301861323, 76.17933308037512, 83.47121308764476, 76.97272778299286, 73.06899813555833, 68.07457096529866, 48.746042582416734, 53.09500055211165, 60.077953402312126, 69.45080682888346, 82.5280067735933, 95.88327508133808, 100.48005961347516, 109.52199225061815, 116.65711378079429, 122.23846556565995, 120.66821785316955, 110.58986138957572, 107.72472562288887, 102.24458332166952, 101.01922029127509], [17.729591625540785, 9.935794235656598, 0.0, 9.184635758333862, 7.405564944312488, 12.007405095306897, 18.743661809438326, 58.22557362803089, 65.3476973063109, 73.64184065416629, 81.87665012824077, 89.96484252223395, 82.31486920013201, 74.07464163697475, 65.73309207164507, 31.826061606976456, 27.168623638841424, 22.91159530203661, 20.25467614388406, 19.05185105785236, 16.208949605006765, 15.821777301416047, 19.28227976652009, 21.72523839963707, 27.199714322701205, 62.86429955345091, 71.75109991432329, 78.2546606734367, 87.02013808543, 93.05848098955913, 91.09326586644133, 84.80498552067212, 78.23956439205112, 71.07303170541435, 65.255385127092, 34.55304171294431, 36.51867789429674, 43.504676300399254, 43.40352943334911, 54.299002958180495, 62.14273156086437, 67.66461844315619, 69.41219340425758, 67.61140156428844, 57.88304051939136, 51.288076775988, 51.54907959686997, 68.10241010562738, 66.98565604323771, 69.02912454529627, 73.05168648609337, 76.27099003900486, 82.94387086864897, 91.15352049360047, 91.91690771345225, 89.6524387658307, 85.9445895281256, 81.03194758198045, 75.3464206846357, 68.99849597989373, 70.24194368660926, 76.47367371354753, 81.34812427344309, 89.02940074551339, 82.05512206835331, 77.2027756661111, 71.04505119804116, 42.42197376978272, 45.55677102570191, 53.02968642133984, 63.98367396943526, 77.93422763761933, 93.04828874404653, 99.07607206828733, 111.57491565360888, 120.63907602702764, 127.21721846903702, 126.28354898489907, 117.10630490160626, 115.10703621554734, 110.09774315380672, 109.42087654504125], [24.675241603111672, 18.18141373488085, 9.184635758333862, 0.0, 8.003143908232255, 17.00042235140613, 24.14625060919314, 63.97858768807343, 71.36722011524255, 79.77079588633546, 87.70840130325566, 94.93677823135285, 87.687567237522, 79.6326228152804, 71.30981577963698, 40.866454000533274, 36.16493233613035, 31.335284722188227, 26.499211220324785, 21.404246160804565, 18.435631925544996, 22.8681790651089, 28.185879148916065, 30.795667008577333, 36.15128339447365, 70.71792413259814, 79.37446745142994, 85.53889755113697, 93.7068690657275, 99.13421997325312, 97.290197895234, 91.47861747811248, 85.32602448673397, 78.28375523066136, 72.65392022169561, 42.775862915520996, 43.37766026388259, 48.928642630965406, 46.30530333774933, 56.92220081279709, 65.81776004303849, 71.7707032279682, 73.18962720439042, 71.6922898017832, 63.757129962797926, 57.82938389079296, 58.95756811036989, 66.34840729758609, 66.8479981188823, 70.35774890565428, 74.9459979299941, 78.56303733700037, 85.00115992841768, 92.78297768709749, 93.11055973052578, 90.25298648091523, 86.0979259240029, 80.72689594726032, 74.44270297159939, 67.70795591711733, 70.62104301619206, 77.70997420046879, 83.12453720810053, 90.64778595490682, 83.71624985874159, 78.30977662807778, 71.28642661608487, 39.65615884564156, 38.13129812889895, 44.18676970759806, 55.77116988556699, 70.40749576481676, 86.82637935361336, 94.07128343505372, 109.81935154889572, 119.84088856817466, 127.04588921655053, 126.67757407041665, 118.54829292320194, 117.7341477797032, 113.74050689386084, 114.46395234255397], [19.33111090727457, 13.264961079362461, 7.405564944312488, 8.003143908232255, 0.0, 9.804919306010937, 17.8060477748085, 58.24313400343534, 65.7379600466222, 74.11854846430836, 82.18079649187872, 89.78661442014139, 81.95061972421351, 73.70512737861003, 65.41562186825594, 36.68129690120938, 32.901231334009815, 29.6170489772175, 27.643551266404035, 25.618316322594154, 22.611337195085763, 23.05947179470523, 25.453556299480475, 26.810768091284537, 31.479830278207743, 65.25753144963969, 74.04994396318402, 80.418674279243, 88.97386867354896, 94.64936140818781, 92.4280070431363, 86.23039877291484, 79.92972270677377, 72.73307909322527, 67.06905740663163, 36.83122439009242, 36.08449996840788, 40.98297196406393, 38.72684575042765, 49.41850845091229, 58.02449901030209, 63.93234941678658, 65.68288046192595, 64.56424012996999, 56.16846939298148, 50.969766750034765, 52.958698706006466, 61.1447319111036, 60.60783550653456, 63.38408096867298, 67.77648056414941, 71.32538602131312, 78.02753323639496, 86.21881126599548, 86.49238017016158, 83.81056533164991, 79.82303204637563, 74.63092272219289, 68.68460396882648, 62.19125165483841, 64.11799790112453, 70.84590754782961, 76.15816936197015, 84.0036319751993, 76.80201559344846, 71.51068925899091, 64.86166941050602, 46.78309069876571, 45.54510410901046, 49.384714703690214, 58.436859651116784, 71.4058424277535, 85.97782903606804, 91.84357625329979, 104.81151830526868, 114.9002041335654, 122.45650860360293, 122.3320542560871, 114.38854973599106, 113.71260662719631, 110.18659250417106, 111.10275353243671], [11.046743080249307, 8.459316775710024, 12.007405095306897, 17.00042235140613, 9.804919306010937, 0.0, 8.386229822403683, 48.76220638218527, 56.250264567105866, 64.5955965474607, 72.73350527359031, 80.66314183096668, 72.51456125677183, 64.17419931577761, 55.898198385465356, 30.5308728065638, 28.508218035228005, 27.63302419678878, 29.103369214868888, 30.353847398242948, 27.788967680137002, 24.550284244494815, 22.715913832558314, 21.652527806029788, 24.773460187989667, 56.10290295235977, 64.8464808596363, 71.2232710279132, 79.91152711310028, 85.71654559432837, 83.26518165983093, 76.86690160015519, 70.53996684106004, 63.30150527258051, 57.67851671545281, 27.962903355271408, 26.501248356857662, 32.631412920318944, 32.0343648343145, 43.15878246815412, 51.17613769168885, 56.39884586891081, 57.537465493171844, 55.752514300619566, 46.82433993699433, 41.16946764788884, 43.43351666357801, 58.98351518249628, 56.841231812455945, 58.15129867702925, 61.76996677036611, 64.6504722432172, 71.11283770385973, 79.30182904898656, 80.29504163988844, 78.38684182760028, 75.02701398636046, 70.67110457106955, 65.5182940551286, 59.482332618870245, 59.67530008190177, 65.27809106958574, 69.69321042484728, 77.20054778666898, 70.42071047342768, 66.03116781863818, 60.511629629922204, 52.8846964585065, 52.83787046838964, 56.18775342756818, 63.42036721896634, 75.31791001225625, 87.88951586472882, 92.18353652597524, 101.52777379540588, 109.74748614204667, 116.44946915229421, 115.81358558451228, 107.1683653451052, 105.89499613120705, 102.22459829955281, 102.97464014678481], [6.32205239787563, 11.247939307070162, 18.743661809438326, 24.14625060919314, 17.8060477748085, 8.386229822403683, 0.0, 40.4668458592058, 47.962674394654655, 56.33590706704518, 64.42137887935313, 72.32250259907002, 64.26947635933226, 55.979148986571474, 47.67398928553257, 27.766195630679295, 27.667287056620605, 28.768423314707167, 32.18273909999773, 35.03120279206452, 32.94535444048763, 28.369916751239455, 23.949274177754635, 20.71858358214784, 21.80400590597916, 48.82303541472753, 57.289396949986916, 63.401930782745744, 71.8145438190255, 77.45881423741139, 74.98041022388884, 68.71030362263673, 62.581227399668165, 55.437681431111265, 49.96708521531151, 22.09863997201973, 20.53519087862789, 28.9777770878037, 29.89384466871913, 41.11381720175674, 48.62667535403413, 52.86538283810701, 52.608344499932954, 49.475829885333816, 40.7835427243929, 33.787539335480666, 35.89821400131633, 59.46733473934132, 56.325449261791725, 56.50392845420355, 59.2541033725024, 61.2646995216148, 67.01210802283738, 74.6880076306696, 76.68872408397645, 75.63864692444551, 72.96735411412953, 69.58808097796573, 65.18470325553717, 59.5579883639163, 58.508352757771846, 62.9355188691464, 66.20277114220816, 72.8337969758999, 66.97489574422723, 63.72230482220486, 59.36805676068446, 56.83188911569662, 57.2617818982674, 60.61998435906791, 66.88941937434502, 78.4370698699797, 89.75124072034338, 93.08295379156351, 100.0767184903543, 105.77399535971908, 111.10765082847193, 109.67247209915972, 100.09481296750614, 98.1108793566489, 94.12118733068327, 94.8474062510532], [40.59542799825914, 48.91597747674567, 58.22557362803089, 63.97858768807343, 58.24313400343534, 48.76220638218527, 40.4668458592058, 0.0, 7.966940384928208, 16.246067662961675, 24.006977842759508, 32.87236999358583, 24.2304602183688, 16.09961729140038, 7.909563028935101, 43.82276877587963, 49.95471953337467, 56.11947553688005, 63.66762788355399, 69.89725985748268, 68.94198113675209, 61.91860015431914, 53.24121586284866, 46.89707747978301, 41.7150340693768, 23.803554140591128, 26.720099989696035, 29.47503162117878, 35.357455127089914, 39.89721043784793, 36.32955231908066, 30.499777255081632, 26.537972841192147, 21.21083234879494, 19.224415814050083, 30.792828167385682, 29.180723814020737, 37.26173507670417, 43.877936110008164, 49.11617773498425, 50.67644081226994, 48.391787065195956, 40.93900402672279, 30.338716086872527, 26.95959490883214, 15.828479790037512, 16.261835612743138, 73.57274932766607, 66.45214307771299, 61.13109015221648, 58.945230083998496, 56.02019319390411, 56.90998094408324, 60.74433856272582, 67.8179857200513, 71.52844514030618, 72.81052025767012, 74.55656455356383, 74.45248488077748, 71.86701954761214, 65.18792348506989, 62.896678591574975, 59.58620636968232, 60.53074064897125, 60.48946775517723, 63.73453403799406, 66.01480622547487, 88.54386407941449, 90.38336820965739, 92.75367590482587, 94.74886067846923, 103.15898521775485, 107.97218134626088, 106.37566936087407, 100.32406657596918, 93.5842260134158, 91.6190360263383, 86.03679474896477, 71.5688600020041, 64.92576609866616, 59.42806443615707, 59.94923652149758], [47.63728562873047, 55.88319763772569, 65.3476973063109, 71.36722011524255, 65.7379600466222, 56.250264567105866, 47.962674394654655, 7.966940384928208, 0.0, 8.440343503098259, 16.622776457922967, 26.843070613561817, 18.311246518727476, 11.02438650220093, 6.278565371928925, 48.36502250907714, 54.9106743735107, 61.449632635704134, 69.36963888771561, 76.09440915250545, 75.33521918402744, 67.96594165678512, 58.98581946357975, 52.60276119153179, 47.049980339381854, 21.564178182297162, 21.6598397824447, 22.84053128226909, 27.892045222645848, 32.51077737315141, 28.621081096563408, 22.63141526071834, 19.36691929418461, 15.332984881082547, 15.548938533238433, 36.20161293399366, 35.780234888511465, 43.577842525600666, 50.95291109826533, 55.38667229178595, 55.80985780320071, 52.61626482675628, 44.79477191049783, 33.83457701930104, 31.069992711495633, 21.10119352139679, 19.202941326212006, 80.25548182735304, 72.72349716315074, 66.72016163954535, 63.89101081575702, 60.322878254280475, 60.46505304383523, 63.522840910561825, 71.28518248632982, 75.73814320256741, 77.62734881563419, 80.04169909818299, 80.52104101346076, 78.37010125956951, 71.05554854596215, 67.86863272931089, 63.64356812451774, 63.63046850126232, 64.5537370287105, 68.70889100646777, 71.87675593325936, 94.37628656328056, 97.2109407057586, 100.17456019908121, 102.22660432477225, 110.5484164888382, 114.82402489785926, 112.7206885482454, 104.83565085143536, 96.03007010311474, 92.42093584697534, 85.78193892177212, 69.9659909753757, 61.44802626832199, 54.54971144952601, 53.655149617807034], [55.917145240219526, 64.10298523033514, 73.64184065416629, 79.77079588633546, 74.11854846430836, 64.5955965474607, 56.33590706704518, 16.246067662961675, 8.440343503098259, 0.0, 8.851409985673639, 20.876938878739598, 12.477258182290614, 8.443643339973391, 11.187344978022892, 55.17817971689952, 61.97980968337052, 68.78129120732362, 76.97549530761023, 84.00601115645335, 83.34284155960958, 75.73645142808742, 66.54750280812574, 60.149488516964574, 54.3747018831136, 23.806741731063532, 20.458763535430847, 19.00701859348609, 21.985737384299714, 26.142198733828547, 21.49195304345508, 15.529046989029235, 14.45516662497285, 13.728290481158279, 17.145368367235683, 43.53310854671678, 43.26950141100008, 50.15233649978851, 57.83271186005824, 61.242417317459704, 60.5599097328476, 56.4306986510224, 48.16078969024769, 37.14092535613852, 35.729797775971825, 27.76510755275511, 25.578605463813503, 86.19377846546377, 78.23721221958336, 71.5466472860955, 68.02458682229235, 63.77716161820715, 63.04310376733042, 65.19840993321391, 73.5974982531311, 78.81891472898988, 81.3722758314188, 84.54548513601672, 85.70868955889931, 84.09609728390616, 76.10723744150252, 71.93171917153548, 66.72827586034934, 65.64739070932504, 67.62777749778773, 72.7572225748608, 76.90656199008438, 102.05768869507091, 105.27456891856654, 108.23398045492328, 109.87720443857087, 117.7300423586957, 121.07863876695684, 118.22652267124833, 108.0574631066101, 97.1510693368296, 92.0198471624196, 84.51658822791555, 67.76022497509614, 57.73130803393231, 50.13446196237233, 48.428021953041046], [64.189976350662, 72.46321242474188, 81.87665012824077, 87.70840130325566, 82.18079649187872, 72.73350527359031, 64.42137887935313, 24.006977842759508, 16.622776457922967, 8.851409985673639, 0.0, 12.982777052157601, 7.409996758947808, 11.153596496607092, 17.72731711864311, 63.861729019654554, 70.63656238673813, 77.35318109376807, 85.35116988911787, 92.17643165633004, 91.55377990595085, 84.22683611528245, 75.18271898654771, 68.81980393209625, 63.101014356654055, 31.3908532689256, 26.09173016026419, 21.978467368856112, 20.105088666421867, 21.172256079966157, 16.119851852493838, 13.60460894061836, 17.378182734316898, 20.096226795455458, 24.841406549477124, 52.34593378758573, 51.750583915009315, 57.82294233338891, 64.76595616534964, 67.38336189200449, 66.37374158237512, 61.59206741220605, 52.3039457511978, 41.026194383428034, 42.4662659827606, 36.02230773361468, 34.42186926462811, 91.07825255381228, 83.17366079580748, 76.30724090424505, 72.24664380505052, 67.36069008272729, 65.33196458504334, 65.96596669991175, 75.17322526313025, 81.11104098469768, 84.30140799040564, 88.29988368518924, 90.04089735869931, 88.86356648172652, 80.69488587892648, 75.73161487796058, 69.5471004589369, 66.88509017434474, 70.3691054738357, 76.47399974516824, 81.40903763669269, 109.29149638818883, 111.86867139077434, 114.2887991740193, 115.16021590285735, 122.47017146579762, 124.7964723787174, 121.31042499583403, 109.54948484431372, 95.76698055014239, 88.57201721824758, 79.95309921717275, 62.15694329558384, 50.79586724491776, 43.16879660577094, 42.546687876702045], [72.58820865646268, 81.01245030968305, 89.96484252223395, 94.93677823135285, 89.78661442014139, 80.66314183096668, 72.32250259907002, 32.87236999358583, 26.843070613561817, 20.876938878739598, 12.982777052157601, 0.0, 11.758002933432996, 19.63329229780578, 26.378377856830603, 74.679694902258, 81.10844773406579, 87.3226302217658, 94.52716842167554, 100.47944429842921, 99.83759609872422, 93.47258893581419, 85.0401584137621, 78.80474809943594, 73.47098941592282, 43.809311427766076, 38.314542296827014, 33.0741278518267, 26.91472117959008, 22.401092592596058, 19.302480306991875, 22.975728076471505, 29.169121539058764, 32.665295207654225, 37.29501324487343, 62.94564278478984, 61.58664729419554, 66.93501791910155, 71.9052010631096, 73.9954009324113, 73.65599094486903, 68.6452316720044, 57.72692713730934, 46.036063798503385, 51.745918684200156, 46.29144159255858, 45.85115130729497, 94.46546500393013, 87.34122803888054, 81.0551884749964, 76.7129773155195, 71.30334148177167, 67.45177848337246, 65.66564028335462, 75.87613372756485, 82.39445972289666, 86.14585564480886, 91.02783336891218, 93.17162415099448, 92.28543731520624, 84.6937231511158, 79.27792142916277, 72.18223362400016, 67.23789222076195, 72.8270424866447, 79.83784080252104, 85.23046250031253, 115.60421091076172, 116.14047358117934, 117.26453005021125, 116.82678140412007, 123.43809412360928, 124.57731975515802, 120.65181237438757, 108.46319917314553, 90.55455525593747, 80.27340359234901, 69.96106000717064, 50.61204490190692, 37.94082464200085, 31.767853750327088, 36.88448840756316], [64.76453188395693, 73.10592932487599, 82.31486920013201, 87.687567237522, 81.95061972421351, 72.51456125677183, 64.26947635933226, 24.2304602183688, 18.311246518727476, 12.477258182290614, 7.409996758947808, 11.758002933432996, 0.0, 8.752331123632091, 16.748086446603146, 66.54240094306462, 73.15441451813822, 79.71015412172812, 87.50092433822907, 93.84588087972459, 92.9951672120855, 85.98736203214092, 77.11309357059181, 70.7113261597837, 65.18803828124871, 36.10456069711648, 32.02699699898042, 28.881850148747397, 27.430728772226303, 27.35908855367446, 22.53116227029174, 20.84324022573875, 24.021197414353203, 25.528278958282346, 29.45070967189548, 54.01923761377658, 51.59860015629684, 56.1087305964356, 61.867106932231714, 63.65632974974309, 62.68719694501548, 57.62408325385931, 47.395150260011775, 35.94445844244596, 40.2845308281178, 35.75086933299963, 36.66823591601677, 86.09813453158233, 78.24066333525393, 71.36572129460009, 67.0346860964036, 61.831555723311034, 59.076259088134975, 59.04525142516389, 68.525663592327, 74.69663890896364, 78.1469837387803, 82.56590185336628, 84.64595963858575, 83.7888278585701, 75.53835462163038, 70.16027530083794, 63.51127624149363, 60.125200073916815, 64.27697966493912, 70.83714119434613, 76.1846638371796, 111.11761884349639, 111.9140166476684, 112.69269310742463, 112.21874793583387, 118.46976969130439, 119.66162205683503, 115.52573470608229, 102.71131326870017, 88.44445415446093, 81.56559478485123, 73.51078969407803, 56.810528145074066, 47.47305646374486, 43.314292476935314, 46.648621945929314], [56.50992955286818, 64.79027095891723, 74.07464163697475, 79.6326228152804, 73.70512737861003, 64.17419931577761, 55.979148986571474, 16.09961729140038, 11.02438650220093, 8.443643339973391, 11.153596496607092, 19.63329229780578, 8.752331123632091, 0.0, 8.35128004369983, 58.520141869777945, 65.08174268759659, 71.65437936675822, 79.56458306851701, 85.98249911159984, 85.03634844762487, 77.8408151947823, 68.88541055193268, 62.45336581378541, 56.951166550202686, 30.193094435906154, 28.182136247286618, 27.28246422375331, 29.390808772529464, 31.776580342937688, 26.98487434215926, 22.553123285302302, 22.47872608850177, 21.297974703548366, 23.699750289010073, 45.60465092285507, 42.848906502262054, 47.685367741645, 53.923599861198866, 56.34939626790072, 55.732009343024565, 51.2464782002548, 41.75369415521895, 30.264477357383424, 32.44125567923082, 27.03273785780845, 28.609218883316846, 80.0339751136569, 72.07620141394673, 65.33341379643394, 61.492070515545386, 56.87609109721656, 55.402165019338916, 56.98555842058647, 65.65043704694214, 71.10045377354848, 73.91721958833274, 77.54242606506855, 79.0785681542187, 77.81537661026856, 69.68173442529313, 65.03273199208695, 59.321960041441656, 57.56246378925941, 60.16990167110162, 65.79303219003033, 70.41101309258045, 104.20014636648455, 105.25243766769881, 106.23330963784778, 106.27628660591384, 112.89614072478972, 114.94798310592404, 111.35276459653637, 100.02322600755947, 88.79867063038067, 84.22880809304093, 77.47424490871919, 62.06962267340107, 54.28527186462157, 50.13833227136693, 52.419642092356874], [48.17672037061364, 56.47426621250219, 65.73309207164507, 71.30981577963698, 65.41562186825594, 55.898198385465356, 47.67398928553257, 7.909563028935101, 6.278565371928925, 11.187344978022892, 17.72731711864311, 26.378377856830603, 16.748086446603146, 8.35128004369983, 0.0, 51.10746456536534, 57.444072643529054, 63.80380454396782, 71.5174726851359, 77.7681201638719, 76.77310570438132, 69.70235492109722, 60.90316929306593, 54.50828655311324, 49.187339641141214, 26.68226992762715, 27.21586508138467, 28.33453246425923, 32.64029043989125, 36.21680434706543, 32.013244605717404, 26.671706178258077, 24.31694287159636, 20.653433938413464, 20.83543744602724, 37.93612654799667, 35.24159269599023, 41.23923328629101, 47.5258461519216, 51.198606301600385, 51.66795038625892, 48.216945146898034, 39.49905545271798, 28.11833883199285, 27.92970337735045, 20.13966736846776, 21.985415173698268, 75.315124390852, 67.71899946308324, 61.635541606549175, 58.57986416916375, 54.76882670909803, 54.48311221439111, 57.287331675010094, 65.16015252544953, 69.7288716196027, 71.77372987330952, 74.48176897508893, 75.22491825100953, 73.32601659352036, 65.85056400704562, 62.330661433750876, 57.79061222110627, 57.4367176071836, 58.67207301820959, 63.13192093222605, 66.628476818037, 96.26038287793472, 97.4037878183773, 98.7778363077341, 99.5592136151334, 106.90206454431642, 110.17987994980417, 107.49460182719565, 98.71835548153982, 89.9143410049109, 86.90936806046203, 80.93267750948097, 66.23617879783143, 59.40891503626525, 54.91892778960175, 56.66141469294809], [22.37034815598508, 23.803768961658534, 31.826061606976456, 40.866454000533274, 36.68129690120938, 30.5308728065638, 27.766195630679295, 43.82276877587963, 48.36502250907714, 55.17817971689952, 63.861729019654554, 74.679694902258, 66.54240094306462, 58.520141869777945, 51.10746456536534, 0.0, 7.422678122463478, 15.462622406624467, 26.00385358265788, 35.9912592224968, 35.728391093676606, 24.965864285498093, 14.71898739855466, 10.111530699142437, 5.985761240393739, 36.870787419228066, 46.03088392866647, 53.48846780196796, 64.08678337144708, 72.25178595087431, 70.17735770128465, 62.5232577316218, 54.666358785159005, 47.63616786384392, 41.48596916910102, 14.744679036683369, 26.802291502638163, 39.5081789201784, 48.77997678409363, 58.28320434130702, 61.270116512408165, 63.842965634472414, 65.33487698048627, 61.434110746661915, 46.50192987822208, 36.39798014221494, 30.407991060161308, 83.26788512060709, 77.76836900479526, 75.0036049528642, 76.38922999188219, 77.44868807658791, 83.62684267085028, 91.98867918284216, 94.86392543994742, 95.11154202415247, 93.3904616641327, 90.73177064359925, 87.45936171765518, 82.76787040404058, 78.97022782196743, 81.48969246295924, 83.50568789779405, 90.27963085816712, 84.52429083078866, 82.53941456101909, 80.07236062949993, 60.39261035985712, 72.47866680407041, 82.90486083304879, 92.76900050867002, 105.55287147415234, 117.34384032814518, 120.16891869805957, 123.14970748472874, 127.13284284615017, 130.27360423958112, 126.7883336483138, 113.65735597119307, 106.93126461565076, 97.77564583661992, 91.39621455897766], [22.008138046311394, 20.834505117405936, 27.168623638841424, 36.16493233613035, 32.901231334009815, 28.508218035228005, 27.667287056620605, 49.95471953337467, 54.9106743735107, 61.97980968337052, 70.63656238673813, 81.10844773406579, 73.15441451813822, 65.08174268759659, 57.444072643529054, 7.422678122463478, 0.0, 8.156596695223877, 18.9513573118221, 29.22773480384197, 29.060144634253287, 18.005080505635547, 8.32500481673356, 7.0110936019022025, 8.815480627316354, 44.169153114843844, 53.24551168805057, 60.56537316249228, 70.88883927801207, 78.82575099277445, 76.95054685560704, 69.54345190969809, 61.813297649326785, 54.82345179759115, 48.695755455088545, 20.5519140114528, 31.143272276456692, 42.9533175060979, 50.867109867730065, 60.82100849588256, 64.6137864077267, 67.94541129180216, 69.9612607086697, 66.59780572394706, 52.050591029757655, 42.53403619817297, 37.350836511732986, 84.03464601559651, 79.34970192326999, 77.49997818893354, 79.5160497361616, 81.139982754625, 87.67744306760724, 96.23881604609383, 98.6071796922267, 98.28132616232801, 96.07536751505748, 92.78633335572599, 88.9276001816647, 83.84299297048781, 81.03470661598399, 84.42972864323636, 87.18941461359357, 94.3980784135451, 88.16780172028764, 85.44312588375435, 82.10762295889042, 54.31346253903183, 67.38830259715468, 78.8525349747547, 89.89645336824522, 103.36041314616155, 116.34370618353775, 120.09507530068302, 125.31423239134857, 130.64087352548125, 134.4450661317912, 131.3154966417302, 118.61679572664734, 112.37231925410688, 103.35204108789918, 97.21897636687764], [23.211495721665464, 19.40857545316361, 22.91159530203661, 31.335284722188227, 29.6170489772175, 27.63302419678878, 28.768423314707167, 56.11947553688005, 61.449632635704134, 68.78129120732362, 77.35318109376807, 87.3226302217658, 79.71015412172812, 71.65437936675822, 63.80380454396782, 15.462622406624467, 8.156596695223877, 0.0, 10.91202497778226, 21.430471957307287, 21.483646818837833, 10.507909974000825, 5.281780992476497, 10.223363836126202, 15.391602453883515, 51.7733605565088, 60.71107109543691, 67.78736614470907, 77.66465124737805, 85.23203309137234, 83.61852248280019, 76.59216193534968, 69.08797605324361, 62.17234228015091, 56.101315237995955, 27.384675578420335, 36.73889953274334, 47.78582858158161, 54.0142915821256, 64.38896386181558, 69.1414316325081, 73.12925080430736, 75.29653687339484, 72.20968845895032, 58.43951525968505, 49.196885939157674, 44.588435428525756, 85.27945441974155, 81.61593685021495, 80.82495201192192, 83.44343371813859, 85.55059187087117, 92.24467898256138, 100.79015529935816, 102.77862627095227, 101.92093017668034, 99.26005671102642, 95.41124563116709, 90.94999332589208, 85.4393617590785, 83.79782459295848, 88.05750639476544, 91.4569741830868, 98.87315401403148, 92.37857816840217, 89.01216660111939, 84.81531166865904, 46.93219219928448, 61.02797222205582, 73.80063537087445, 86.23798227629963, 100.5799144178494, 114.93281725014212, 119.78325626152228, 127.64910591771118, 133.992484952996, 138.23941324161711, 135.3546227173338, 123.0231389082207, 117.247587603872, 108.35201357800764, 102.61069523880063], [27.270875457710225, 21.439593232072685, 20.25467614388406, 26.499211220324785, 27.643551266404035, 29.103369214868888, 32.18273909999773, 63.66762788355399, 69.36963888771561, 76.97549530761023, 85.35116988911787, 94.52716842167554, 87.50092433822907, 79.56458306851701, 71.5174726851359, 26.00385358265788, 18.9513573118221, 10.91202497778226, 0.0, 10.947326369223768, 11.790499637629315, 5.591928854094086, 13.19761656827497, 19.09983883419054, 25.068298297768376, 61.29062590677524, 69.97863250221239, 76.64563790313053, 85.79667375159522, 92.75343816006976, 91.5094975400027, 85.08737742278429, 77.97495105385694, 71.2054868356341, 65.26330652837973, 36.60855441353656, 44.76427437096606, 55.10027574050182, 59.15264675388262, 69.92018651286355, 75.89297419762507, 80.4962049912594, 82.43773573542605, 79.40898520250025, 66.9458212815855, 57.77942556874598, 53.69717214732637, 87.48585201494016, 85.24180034271987, 85.81336564938378, 89.07174978889392, 91.6296355812247, 98.26105072165473, 106.52686096789877, 108.21797509621297, 106.80009021449335, 103.65993932473131, 99.26728045532, 94.114152303234, 88.09680211989303, 87.99333330126417, 93.20712150460044, 97.20787360057398, 104.58862854719378, 98.04380140716353, 94.06699883777972, 88.9142472688393, 36.500443509423214, 51.89859542302656, 66.67796810555575, 81.05993809803056, 96.68040033842817, 112.84093772253523, 119.18731566514943, 130.6191278759446, 137.73414930635442, 142.23386247543309, 139.51799119084225, 127.58357572828588, 122.38013952302096, 113.67113721745224, 108.60441659260273], [31.387520047570757, 24.590111441986775, 19.05185105785236, 21.404246160804565, 25.618316322594154, 30.353847398242948, 35.03120279206452, 69.89725985748268, 76.09440915250545, 84.00601115645335, 92.17643165633004, 100.47944429842921, 93.84588087972459, 85.98249911159984, 77.7681201638719, 35.9912592224968, 29.22773480384197, 21.430471957307287, 10.947326369223768, 0.0, 3.2255117388698182, 12.220310398249874, 22.277505131527146, 27.795657973883422, 34.02930565419784, 70.21763750849539, 78.77290472429188, 85.10267044606807, 93.60668776206363, 99.8836609780276, 98.80252273588219, 92.89762169979629, 86.19909571328424, 79.46956490905438, 73.64660966751586, 44.70645244198579, 51.121894290910184, 60.34643810049891, 62.02421431221895, 72.93939159753722, 80.13086831541928, 85.32377722379086, 87.00533272367264, 84.22386278352018, 73.3270893611691, 64.65939985603171, 61.67280319640505, 86.74735262026695, 85.99477455431345, 87.9796938231259, 91.8638405633585, 94.87551412822343, 101.3901086447925, 109.33162551129861, 110.61330422256792, 108.58461926397025, 104.96167782461927, 100.05550946427375, 94.25727875775846, 87.80503098354755, 89.28834613998531, 95.42863945318793, 100.03769517291066, 107.36212836218876, 100.7716038548742, 96.17606276756334, 90.09331269122721, 27.584634533994194, 41.76635388860911, 57.56663152393567, 73.3962135813892, 89.9409850740844, 107.60822002743764, 115.31238117159955, 130.19831726535725, 138.27112422007716, 143.325140826613, 141.08358577558712, 130.04814806234546, 125.95759957290656, 118.14165548973051, 114.52512847697746], [29.696040878949145, 22.50417293661515, 16.208949605006765, 18.435631925544996, 22.611337195085763, 27.788967680137002, 32.94535444048763, 68.94198113675209, 75.33521918402744, 83.34284155960958, 91.55377990595085, 99.83759609872422, 92.9951672120855, 85.03634844762487, 76.77310570438132, 35.728391093676606, 29.060144634253287, 21.483646818837833, 11.790499637629315, 3.2255117388698182, 0.0, 11.525316509255829, 21.587924599739207, 26.989267093454576, 33.32758685852791, 69.96650845063407, 78.63937321998554, 85.04756679146396, 93.65052501228907, 99.91294960508765, 98.6699918347086, 92.66787863239053, 85.95570415799483, 79.11573748590722, 73.25900094030426, 43.71007714317317, 49.38717755329248, 58.09626136744696, 59.373881300342035, 70.24052158647943, 77.56951427681294, 82.91242809877427, 84.7461451751433, 82.25684276817965, 71.5204980331742, 63.299242643176605, 60.899973792956644, 83.69570085224326, 83.02245061205603, 85.14733171159139, 89.14465697356604, 92.28318905185206, 98.8971877547468, 106.93670577637242, 108.0147769859904, 105.84497960682145, 102.12819881098075, 97.1093253768177, 91.24749135895263, 84.77883411541002, 86.37861216138687, 92.6587975479772, 97.43677393698964, 104.91382500449902, 98.1602134964891, 93.39763953668839, 87.17766176052714, 29.42245104539997, 41.38504597841226, 55.937431025386545, 71.22817495021174, 87.42601654940219, 104.88017005609947, 112.46458010979393, 127.30450922495929, 135.8691630082594, 141.35903928142017, 139.44587695579202, 128.84844256286985, 125.2194782135124, 117.94486843857645, 114.87567232753388], [23.985277477091945, 17.249969803051222, 15.821777301416047, 22.8681790651089, 23.05947179470523, 24.550284244494815, 28.369916751239455, 61.91860015431914, 67.96594165678512, 75.73645142808742, 84.22683611528245, 93.47258893581419, 85.98736203214092, 77.8408151947823, 69.70235492109722, 24.965864285498093, 18.005080505635547, 10.507909974000825, 5.591928854094086, 12.220310398249874, 11.525316509255829, 0.0, 10.57081460181315, 16.684796795120313, 23.093482985694756, 60.60878662962245, 69.5632549514844, 76.43383970427594, 85.8546338272675, 92.85558193762662, 91.28588050316937, 84.61444044851937, 77.42008770356752, 70.41905902426447, 64.38466376380536, 34.28555490146113, 41.158436505504056, 50.62383156874964, 54.293163438979704, 64.97105867950276, 71.03885713380244, 75.90243199616704, 78.25765085938833, 75.81159554500772, 63.36304761578037, 55.04603234141581, 52.038975491639974, 82.40466148256279, 80.11442719052572, 80.7704501635021, 84.19006256767207, 86.9658661378418, 93.8522573574477, 102.38783427723045, 103.7077087675221, 102.07021919711049, 98.78956080336816, 94.2130011158732, 89.00467073610747, 83.01034398808564, 82.92704749828427, 88.3188328618307, 92.60779016518201, 100.33907843844018, 93.4385655557474, 89.17973494763146, 83.85522524466408, 39.46961943829569, 52.11523857206824, 64.95750399282642, 78.31431243780098, 93.19748115929067, 108.83010187477015, 114.83795515310635, 125.8511954672203, 133.87008853504372, 139.16389561506253, 137.02774632807547, 125.8312951557595, 121.38596539390218, 113.59669488397307, 109.40909072537957], [18.70508787229854, 14.696144313341817, 19.28227976652009, 28.185879148916065, 25.453556299480475, 22.715913832558314, 23.949274177754635, 53.24121586284866, 58.98581946357975, 66.54750280812574, 75.18271898654771, 85.0401584137621, 77.11309357059181, 68.88541055193268, 60.90316929306593, 14.71898739855466, 8.32500481673356, 5.281780992476497, 13.19761656827497, 22.277505131527146, 21.587924599739207, 10.57081460181315, 0.0, 6.523587718552039, 12.752757025722513, 50.609811855505534, 59.7407556439071, 66.88376898212863, 76.81230200933526, 84.24116906110893, 82.36458420895327, 75.24771129894397, 67.79168749840278, 60.67570879741531, 54.55570729108003, 24.301466653269404, 32.39765992778708, 43.00640293228949, 48.818007396880084, 59.24787906020935, 64.25198552124374, 68.40980736459738, 70.62686604111872, 67.84280026933908, 54.35596610239924, 45.67541413554256, 42.190739969602724, 80.02414443197135, 76.33874801863827, 75.63194437871655, 78.33814076082368, 80.54953239349082, 87.31928011236742, 95.9536117860215, 97.75455193066463, 96.77399582207572, 94.04439902533088, 90.14420736895384, 85.66823476334316, 80.1657405778248, 78.54263891226134, 82.89581294340749, 86.43164989262002, 93.98149851525383, 87.34173037009144, 83.84144379539205, 79.55564749903903, 48.57460335170556, 60.21610536353831, 71.3222927133268, 82.76296592247678, 96.51294539309542, 110.33322764392516, 114.87194170528443, 122.41461561582352, 129.1570977708623, 133.90345291910847, 131.44152488501877, 119.72629634975017, 114.67691880623721, 106.69765028974764, 102.02767948003468], [15.19424462961542, 14.217365187156519, 21.72523839963707, 30.795667008577333, 26.810768091284537, 21.652527806029788, 20.71858358214784, 46.89707747978301, 52.60276119153179, 60.149488516964574, 68.81980393209625, 78.80474809943594, 70.7113261597837, 62.45336581378541, 54.50828655311324, 10.111530699142437, 7.0110936019022025, 10.223363836126202, 19.09983883419054, 27.795657973883422, 26.989267093454576, 16.684796795120313, 6.523587718552039, 0.0, 6.491627272630181, 44.53400091805902, 53.72532832731869, 60.89496805535625, 70.9037811285013, 78.35910408586433, 76.30292419935984, 69.07249050821468, 61.61464486869201, 54.42301867773654, 48.2930263269822, 17.805399926365876, 26.58578075900495, 38.20062630616112, 44.932223248565045, 55.25786412090392, 59.88343471538756, 63.538252693452385, 65.22278090361542, 61.9888189931354, 48.395269663616865, 39.26568670209119, 35.70637478823968, 77.52727799463939, 73.19174712479675, 71.8138879913126, 74.06107233119033, 75.84823951994312, 82.32598115852537, 90.79190236804104, 93.00409523299022, 92.45313005254188, 90.08709683413281, 86.69053223460679, 82.65338253746823, 77.41790489917284, 75.03047201075758, 78.74159648033726, 81.7159255691011, 88.91781261802201, 82.65335522945855, 79.71185833670705, 76.06508258951878, 53.254640875884895, 63.49581332241397, 73.34730751709597, 83.54084038888809, 96.65892073093988, 109.3955813513568, 113.12831364485571, 118.8968175688458, 124.53051302338969, 128.8034301766805, 126.1214228590488, 114.17890862363961, 108.96130521577585, 101.12658244111616, 96.6667001961762], [16.550922993183104, 18.485896707363754, 27.199714322701205, 36.15128339447365, 31.479830278207743, 24.773460187989667, 21.80400590597916, 41.7150340693768, 47.049980339381854, 54.3747018831136, 63.101014356654055, 73.47098941592282, 65.18803828124871, 56.951166550202686, 49.187339641141214, 5.985761240393739, 8.815480627316354, 15.391602453883515, 25.068298297768376, 34.02930565419784, 33.32758685852791, 23.093482985694756, 12.752757025722513, 6.491627272630181, 0.0, 38.17771153855703, 47.44538449964217, 54.75079749231083, 65.03558851731755, 72.74235917783137, 70.51890625734168, 63.039998395227165, 55.43812235316564, 48.206504853700245, 42.04020835964893, 12.018225090940094, 22.72658636849102, 35.447206401818306, 43.710777502603875, 53.60430294880119, 57.380209580789156, 60.32294429925997, 61.602479924515, 57.87037719478439, 43.71016041332663, 33.94528145149109, 29.605364179829674, 77.74127683179181, 72.58100291411111, 70.27860589864375, 71.92339721501742, 73.1847721463166, 79.37703303358488, 87.71289159819392, 90.396515111342, 90.3900613323121, 88.47999695148575, 85.66241363377553, 82.18452134490059, 77.33147863858267, 73.95367619556069, 76.82564112133781, 79.10869386725342, 85.95304139663645, 80.09155461263784, 77.83873923463855, 75.02439223378337, 58.77344148795125, 68.73367426525967, 77.92463215123158, 87.16461542295559, 99.68821884282433, 111.35997887656184, 114.24221134962266, 117.87671524204923, 122.29617876792157, 125.93972918821353, 122.8919680494407, 110.4654010334483, 104.69762981505605, 96.60731635713493, 91.74444941572602], [46.224726811738016, 53.02769363145324, 62.86429955345091, 70.71792413259814, 65.25753144963969, 56.10290295235977, 48.82303541472753, 23.803554140591128, 21.564178182297162, 23.806741731063532, 31.3908532689256, 43.809311427766076, 36.10456069711648, 30.193094435906154, 26.68226992762715, 36.870787419228066, 44.169153114843844, 51.7733605565088, 61.29062590677524, 70.21763750849539, 69.96650845063407, 60.60878662962245, 50.609811855505534, 44.53400091805902, 38.17771153855703, 0.0, 9.533067115927226, 17.552915755783143, 29.48353353971976, 38.79785108524493, 35.70825623161084, 26.85431298860699, 18.3983083776179, 11.825101406357453, 6.663755347671913, 29.271482902216928, 34.98901446825303, 45.53283544529338, 56.9482227680322, 62.52412820310836, 61.602691338849816, 59.3271723014997, 55.9352642983566, 47.915732559049474, 36.470812002436155, 25.02990191615726, 14.25443217650882, 91.062582382872, 82.8964018596733, 76.45047995588605, 74.34200855563493, 71.90117265003711, 74.52