{
	"dissimilarities": [[0.0, 8.364059617278025, 17.986852395007723, 25.57322718110638, 19.879424101787276, 11.896236891374938, 6.864607743528395, 40.89310358293029, 47.65130226598842, 55.95848906063112, 64.21161071555989, 72.89258915470208, 64.99570391709995, 56.70542381746645, 48.38979318297519, 18.699811014116293, 18.3240307709063, 19.83110151198027, 25.04041799008517, 30.96065240922274, 28.95848234572161, 21.42491140207093, 14.777108682556477, 12.108946973879522, 12.428956611635028, 44.79701967103192, 53.34767194908781, 60.15035717980672, 69.09743599995826, 75.30018477938768, 73.14444252771032, 66.804905753058, 60.14531775509528, 52.76740034139632, 47.3593464361365, 17.672067105798067, 22.594939508013493, 32.65851961221476, 37.29386901945746, 48.40128680599338, 54.10278806905205, 58.1440413963564, 58.46501888478045, 54.774121175955514, 44.132433929544035, 35.58436604358973, 33.82082896369387, 67.81175097997227, 67.12333839946108, 66.35450446321279, 69.69877461762816, 71.28774726248801, 75.44837580409893, 79.91171864108657, 85.67366922740159, 84.3306330381773, 82.07523033642447, 78.7511377387318, 75.51880897254534, 67.86112739725878, 68.412385719167, 71.5564413699662, 75.17819397097843, 79.12560092112122, 76.13649702286894, 72.5074334952347, 69.44069176974517, 55.020810693708555, 63.67902738177969, 70.31485370555698, 79.32853764863549, 91.62748412475865, 99.40311808662909, 100.07985474394789, 105.12907204922709, 114.2969011773627, 119.64390418566494, 117.4947802258259, 106.48772997937512, 100.82792839209895, 94.36812307957443, 93.06936862457978], [8.364059617278025, 0.0, 10.306894755613158, 19.07267319676434, 13.87665314417702, 9.646237847471781, 11.528461678667586, 49.239188365523745, 55.93913573650936, 64.1743322643823, 72.50313667165541, 81.24333794612646, 73.34904614851813, 65.03548196743832, 56.729372619147604, 21.179561670340256, 17.717564251805662, 15.921398969049266, 18.783554195925646, 23.944163192352722, 21.486677037278962, 14.030955357031178, 10.423708042841234, 11.835031462775039, 15.842845520695993, 52.13984388039327, 60.90532835438341, 67.8401658055612, 76.96496008295833, 83.31015204507949, 81.2858613004375, 74.85704933122784, 68.03720505149772, 60.68261833301844, 55.074067640268545, 24.244999804862264, 28.79120003825301, 37.30767588031296, 40.766592394173124, 51.90340922987404, 58.057416547597796, 62.89625766422948, 64.35372843813332, 61.66473967608344, 50.703947796904515, 43.07329623730258, 41.56371357069495, 69.33798397505727, 69.35069273631461, 69.60398748496604, 73.60293338175698, 75.88789138256921, 80.70885581230682, 85.67435683419762, 90.59221862416909, 88.55133264207451, 85.70519963658137, 81.59695134922475, 77.71437864355227, 69.73835896095115, 71.27504227963614, 75.39489853099752, 79.92248842450927, 84.61799629127951, 80.8342659325528, 76.31214623244357, 72.2755299676505, 49.61730471749328, 59.27247690344186, 66.87272854849422, 77.41880218278271, 90.31193319262152, 99.45134168514211, 101.12526830308728, 108.42001619780243, 119.49259133222142, 125.87594914768997, 124.26020129280043, 113.83505544719615, 108.70216597560102, 102.30096304572675, 100.75791556666903], [17.986852395007723, 10.306894755613158, 0.0, 9.506241104640518, 6.629265017080099, 11.99489012731409, 18.42671429115178, 58.41218082816067, 65.47482484442523, 73.86889513695833, 81.99678693979476, 90.07179188425211, 82.43897196840202, 74.19205630603695, 65.8323163053026, 30.509376326386125, 25.512455175346375, 20.70712150448625, 18.13851914752497, 18.46056204839086, 14.77206227477616, 12.613701151097167, 16.66163873009846, 20.789044217994274, 25.777938241316992, 62.408926969299884, 71.09141509735748, 77.89711003248638, 86.73065518375711, 92.75502808413056, 90.83129743190118, 84.69967452012511, 78.06468102260015, 70.72827345771557, 65.23808530421563, 34.429273481046174, 37.45637048203953, 43.772280184572196, 44.60602721737427, 55.719074601392066, 62.898976756493916, 68.61758515506381, 70.55752352238588, 68.70273258563785, 58.871322144316466, 52.358187617181066, 51.64697720593507, 69.23876842524099, 70.39287454238656, 72.31798912917863, 77.13135140713223, 80.14725790490036, 85.43179201764296, 90.60439706174026, 94.5689903304869, 91.86343153939337, 88.41184460462587, 83.35428734225917, 78.62431006873038, 70.17278985934747, 73.3482330516872, 78.77884163853331, 84.20124958700679, 89.38923720718566, 85.05760749997476, 79.6301155077377, 74.30326187240648, 43.23942692466718, 51.4047564154317, 59.1138678961253, 71.02734393592897, 84.59266336598202, 95.49830987907777, 98.70172481008527, 109.57244187159894, 122.25733325743221, 129.81085862025645, 128.8996470961162, 119.50003802135113, 115.62243599800026, 109.96139711077915, 109.2468713301095], [25.57322718110638, 19.07267319676434, 9.506241104640518, 0.0, 7.301309654849808, 17.139182462384312, 24.087593107540698, 64.21944985732598, 71.72280318040335, 80.32220577795634, 88.05544950356222, 95.07467416306187, 87.89156451524528, 79.83085115801653, 71.46546915038174, 39.844308380671144, 34.84597726728043, 29.48876100605242, 24.619982433655082, 20.33143161427778, 16.33008658618716, 20.113337085378575, 26.02837841362093, 30.16068267437576, 34.882835743118854, 70.34182547159902, 78.72217730484704, 85.2160022850072, 93.4546814383442, 98.87463980608999, 97.00940831678618, 91.41258784958714, 85.1971291793659, 77.91048035278881, 72.75665803094907, 42.743876015889974, 44.346741235662364, 49.00784534019224, 47.22578931944989, 58.23800700764775, 66.4664691520016, 72.68677923304813, 74.25052270887241, 72.6932335973558, 64.78215765398281, 59.06141040932045, 59.13983425879263, 67.68610086598943, 69.908123470999, 73.370309422521, 78.74569348838946, 82.15517557511079, 87.45223740682299, 92.40144626645305, 95.75778022978714, 92.76540110684485, 89.00696886818119, 83.31071608646751, 77.95171487692518, 69.09422224031326, 73.80718559557361, 80.23435359651492, 86.07694670625936, 91.22802124517992, 86.89377012915611, 81.0167849124989, 74.71889853746119, 39.57009684642048, 43.34722102584102, 49.94904649670488, 62.48217488869012, 76.66324841479346, 89.06722396731452, 93.7375506961987, 107.99563503975706, 121.09428829817215, 129.340791631368, 128.9499450278784, 120.54933798394119, 118.0715867290764, 113.45228395766334, 114.16135734391183], [19.879424101787276, 13.87665314417702, 6.629265017080099, 7.301309654849808, 0.0, 10.144616678925868, 17.90593720694622, 58.382499981919466, 66.01042619065633, 74.59345103438605, 82.42474176163526, 89.78973118305487, 82.16482887262289, 73.94682207485879, 65.61312235165474, 34.84664874125054, 30.81453381336524, 26.900608511619676, 24.72472640159551, 23.744284419430983, 19.789620549952673, 19.20547045040173, 22.231432943934923, 25.34541394852215, 29.453541213027087, 64.50767000319476, 73.06812243773145, 79.78608874791574, 88.34839559098941, 93.98397459478242, 91.80159727464559, 85.9015641903996, 79.54755194510031, 72.10058270699335, 66.88187734126117, 36.48514222837857, 37.24719224284303, 41.791522083383235, 40.686006547420455, 51.7773623837497, 59.67012919028569, 65.74518654476279, 67.51821834441506, 66.12148756510852, 57.65394135545451, 52.24518260912128, 52.928836243825174, 63.41165002183994, 64.96448285615668, 67.59478654057285, 72.71019065810006, 75.96490900598062, 81.32194790803904, 86.4817711842406, 90.00342431687795, 87.09966059293171, 83.48308708482335, 78.13301655080889, 73.14544154663932, 64.51221793945574, 68.3400421078327, 74.27429161285468, 79.95882040243295, 85.22591620742631, 80.79098818036616, 75.09023724980976, 69.27815699324812, 45.83382775797259, 49.927067371524124, 55.03225861539183, 65.51178777741087, 78.42166079952095, 88.93598905471522, 92.13291123990152, 103.78171147511723, 117.02920975042267, 125.32180537929132, 125.03624187075964, 116.64466201845339, 113.9080391223486, 109.52884577491105, 110.34429692746433], [11.896236891374938, 9.646237847471781, 11.99489012731409, 17.139182462384312, 10.144616678925868, 0.0, 8.632288290288392, 48.79109318114426, 56.4944548160679, 65.04503724891086, 72.92820883242744, 80.6268715616091, 72.62273301457508, 64.28810602430575, 55.99738094393621, 28.462411599579177, 26.527741535405138, 25.42043921539174, 27.19871249896401, 29.80210331358077, 26.471704250213776, 21.73149386600698, 19.602862868295183, 20.06612651553354, 22.35562689272578, 55.217681063948355, 63.80454281379596, 70.63561106508972, 79.38676682600862, 85.15998584166856, 82.66928457051812, 76.54214834300107, 70.14055619796117, 62.57938017327495, 57.400931450577396, 27.329431010119077, 27.25899016615086, 32.699921512350976, 33.292736498978286, 44.66288655815191, 51.919923518195986, 57.36843510456413, 58.699688283704695, 56.8120943786162, 47.7741328342887, 42.10433876264198, 43.21843013694669, 60.105335007596466, 60.507239086559764, 61.58194043668977, 66.01250290329912, 68.6629450520055, 73.67916605212032, 78.74290573831719, 83.01762894954433, 80.65691041083281, 77.5612537028211, 73.06461619224216, 68.8718649593917, 60.66094076506168, 62.92007490963388, 67.71083464179857, 72.66284203386533, 77.58067971571957, 73.5460725156801, 68.58945572011433, 63.90857654156801, 53.278794897079216, 57.912504757356345, 62.019834603975085, 70.31209397935368, 82.00406093154959, 90.1998551888236, 91.54928198670741, 99.4130926398101, 111.48223646198485, 119.05385762804065, 118.43012455113299, 109.5434507060226, 106.12103560004942, 101.74123952592775, 102.57356029897741], [6.864607743528395, 11.528461678667586, 18.42671429115178, 24.087593107540698, 17.90593720694622, 8.632288290288392, 0.0, 40.52603943120326, 48.131158882692375, 56.72189097811444, 64.5572190686796, 72.2660028115104, 64.42292591082442, 56.15820549560515, 47.813446621371995, 25.03202195200198, 24.99266377566203, 25.94278185661931, 29.76399565943543, 33.871687022885524, 31.28953887809688, 25.45026900245318, 20.495745175812615, 18.539686418170835, 18.598400724188465, 47.60916459955384, 55.86602994745547, 62.45581029619322, 70.93615723674267, 76.57544391928171, 74.13850562509238, 68.17075741839709, 61.93906316162305, 54.46899070496659, 49.495730006181184, 21.17821217591485, 22.09602554957744, 29.928271593110317, 32.32642965257192, 43.77062078995884, 50.39910644405276, 54.825224486911374, 54.72534740378902, 51.3616609236493, 42.51522167641492, 35.32221203613027, 35.59853988711801, 61.692258828732086, 61.30152139125396, 61.1420614323184, 64.76459492455369, 66.53173769419064, 70.69936668016632, 75.08332504829696, 80.52915570015634, 79.06942948680869, 76.70718489325058, 73.15477132690098, 69.72128750336891, 61.85449196289816, 62.963992878891894, 66.55576624632324, 70.36564927018435, 74.29977919721931, 71.31413146767002, 67.48132815034923, 63.98951565467891, 56.47861953864767, 61.7605941258719, 66.20756420906267, 73.76651755408463, 85.40695371709594, 92.66573090402682, 93.25199261077948, 98.920387839256, 108.37956981439199, 114.39065613072225, 112.83213578290389, 102.8258143882179, 98.43987221931438, 93.44433877932876, 94.00495039223023], [40.89310358293029, 49.239188365523745, 58.41218082816067, 64.21944985732598, 58.382499981919466, 48.79109318114426, 40.52603943120326, 0.0, 9.071272132009875, 17.544871521820927, 24.385813932768436, 32.79427022027846, 24.120979601879252, 15.85734632130247, 7.547914761941273, 42.86779768844769, 49.312218857250265, 55.58052420355625, 63.367651418249814, 70.19984697814733, 68.94214239059261, 61.363522514853955, 52.46629603887367, 46.55117505609041, 40.77197069599597, 22.17001082415444, 24.626329217224843, 28.51372182924532, 34.72895562870242, 39.280894310019946, 35.445273706317266, 30.002324365289866, 25.792376927145604, 19.404703056470975, 18.752099808418496, 30.417334440947812, 29.54300134033157, 36.678001659032816, 44.16772327593727, 49.574512855555945, 50.429837023717646, 48.41361358834906, 41.418266488404896, 31.131648384735207, 27.550262413245708, 17.456736234398516, 15.841243101775254, 73.62219147733612, 69.58001592397734, 63.53396139270948, 62.47547033350378, 59.66842228984927, 59.03756571693394, 59.69584903208391, 69.99252144612275, 72.92438333270741, 74.33181944733917, 75.80843457615202, 76.50346529372688, 71.94985966411342, 67.24185242804602, 64.33842311498992, 61.97644019322047, 60.713387964874286, 63.04000611152168, 65.29569938261955, 68.19453314672766, 89.61674281445532, 94.74138203918918, 97.40181997874353, 99.77921579818876, 108.19974599847235, 109.03076119209011, 104.67363789536707, 97.11222276120785, 95.33745187446038, 94.29608576298871, 89.06581070165848, 74.83093333227669, 65.41572573719336, 59.09747671400158, 59.94850459036066], [47.65130226598842, 55.93913573650936, 65.47482484442523, 71.72280318040335, 66.01042619065633, 56.4944548160679, 48.131158882692375, 9.071272132009875, 0.0, 8.789627123881194, 16.58648578874561, 27.315084850041234, 18.88906349426112, 11.789456399037828, 7.514143123087822, 46.88701196561118, 53.69533565369389, 60.40040577776124, 68.59916579312193, 75.99991756595706, 75.11087536190018, 67.19609695956582, 57.981657829409144, 51.890319594545815, 45.883522545477966, 18.410296874795417, 17.48706941311748, 19.93123011069859, 25.800315266565814, 30.879158121452694, 26.971870460259534, 21.00996382858764, 16.974064800340134, 11.575054664318653, 13.433741203696382, 35.614879426043956, 36.539754108979196, 44.155789385119554, 52.59524000315478, 57.34015558125504, 57.116269648713434, 54.21042006798556, 47.12041697073202, 36.59975518914537, 32.83063770845988, 23.008592996163866, 18.425203535121586, 81.97092153300771, 77.58224388066019, 70.85044447816394, 69.17578203997276, 65.81801869026805, 64.54437876941101, 64.62415881951722, 75.4632625414764, 78.99500778988559, 80.90675930745137, 83.04420052732279, 84.23636409441455, 80.13838320802893, 74.76162874677848, 71.02049704821906, 67.85882435840233, 65.89030819817346, 68.89935516665265, 71.96373099430619, 75.68485107806332, 95.07381432484937, 101.69666754980376, 105.36899372521322, 108.18025809168424, 116.8231143970353, 117.50724242888445, 112.86860908171498, 103.72004876014752, 100.00558756036996, 97.12909455342704, 90.70205334165163, 74.89478715855324, 63.126029879421644, 54.62226512057304, 53.043990961356535], [55.95848906063112, 64.1743322643823, 73.86889513695833, 80.32220577795634, 74.59345103438605, 65.04503724891086, 56.72189097811444, 17.544871521820927, 8.789627123881194, 0.0, 9.107052639148192, 22.4142771231812, 14.475625227318647, 10.862442572996091, 13.102971807796429, 53.60458071920677, 60.660678880243786, 67.66650239580345, 76.15549024812795, 83.90679148214961, 83.18067551433444, 75.01311953967762, 65.58445813992948, 59.394456286475055, 53.26613900762105, 20.32872846431311, 15.151184661441395, 14.467267273992626, 18.726751061317845, 23.941182628367503, 19.299714552933185, 12.648471081970541, 10.192310929898966, 8.84790598658242, 14.561565147957207, 42.960457161173466, 44.07609500445944, 51.11747055936395, 59.95453926022182, 63.70145195918437, 62.39689960821313, 58.54586372394268, 51.18654613632918, 40.671256256068034, 37.71373542792928, 29.4324394328541, 24.884476660657764, 88.61102793046979, 83.78428461898369, 76.29390385104011, 73.90830995578565, 69.94200673830362, 67.94017820306611, 67.40609481738429, 78.66777935235639, 82.83078843758436, 85.31251494090797, 88.22441239190026, 90.03469711936394, 86.56256888127959, 80.39487356142074, 75.70125233618309, 71.63904754219583, 68.906545841358, 72.64274493204321, 76.61490198751564, 81.2735339270638, 102.83225607438594, 110.03757848559042, 113.88347331067816, 116.41466654007218, 124.72253602339039, 124.65511520900728, 119.34884010311883, 108.00827596197311, 102.50241819570013, 98.0923638108381, 90.84047210015405, 74.1280994169378, 60.588674699461826, 50.97226225306439, 47.89123087715013], [64.21161071555989, 72.50313667165541, 81.99678693979476, 88.05544950356222, 82.42474176163526, 72.92820883242744, 64.5572190686796, 24.385813932768436, 16.58648578874561, 9.107052639148192, 0.0, 14.29604304021515, 8.717700163893229, 11.761947081739402, 18.121177868444757, 62.62663753258804, 69.59549248301832, 76.45851026100866, 84.71653795878773, 92.1369270367468, 91.40380907313005, 83.58416261311804, 74.33295706127207, 68.20426116443107, 62.13396741287759, 29.018020719847076, 22.345348498757524, 18.575936134760745, 16.989601773772364, 18.759882810909293, 13.01908007162353, 10.353051953679987, 14.228485801546768, 16.974680384045207, 23.303472532068735, 51.81278209587801, 52.14451078975614, 58.05887972824472, 65.96115270519283, 68.85861543389369, 67.24312419968867, 62.700829661934485, 54.11463142909736, 43.195507903210455, 43.51527468902045, 37.02024335164453, 33.807858987696115, 92.59260183914179, 87.58367358385505, 79.81921076831657, 76.8220532985787, 72.1804279947878, 69.03584566543998, 67.27394553289847, 79.09491144594762, 84.13873741811068, 87.31885156883205, 90.99051755888406, 93.35309322506666, 90.41415675999173, 83.90926128659419, 78.48582181575104, 73.34610388152984, 69.2795085486202, 74.31359459487346, 79.3404200076593, 84.73414193955162, 110.05013818057388, 116.16425860631045, 119.24977826315359, 120.70835031917129, 128.37084923773156, 127.314121127027, 121.4597428193771, 108.52985537458908, 100.01963864306528, 93.6547428422493, 85.43205482859729, 67.91644356471494, 53.22119083533146, 43.719977438730105, 42.063901403733034], [72.89258915470208, 81.24333794612646, 90.07179188425211, 95.07467416306187, 89.78973118305487, 80.6268715616091, 72.2660028115104, 32.79427022027846, 27.315084850041234, 22.4142771231812, 14.29604304021515, 0.0, 11.098023112530448, 19.042639984021598, 25.904155214538537, 73.9964310452386, 80.52191980883597, 86.77732000324208, 94.22698410733071, 100.58693460990413, 99.73262585513075, 92.9525827635718, 84.35444587603152, 78.50319498266646, 72.72185353742535, 42.68518479730167, 36.314767966049416, 31.72063750846149, 25.8333803993946, 21.427253593676678, 17.30044852677586, 21.95464600167748, 28.061779486036983, 30.936895607158796, 36.957350122502746, 62.62243695452962, 61.70699284250732, 66.16242089407365, 71.74891125833872, 74.0374928108979, 73.0448711542823, 68.26361167864194, 57.67781777416218, 46.21895671523373, 51.84738353414432, 47.06030565287124, 45.569754393973525, 94.60456537463998, 89.83194165255793, 82.53989298003269, 79.15526526155791, 73.8750453101547, 69.163341447772, 65.38109317723007, 77.79911129299545, 83.97261918674783, 87.94390452519146, 92.25495764670563, 95.00484039322443, 92.45142197246068, 86.31379254537137, 80.58220411280674, 74.28957550930768, 68.23887771067498, 75.21142091556717, 81.33483892530815, 87.06857128363337, 116.29204401673405, 119.5733653745504, 120.98852777016764, 120.57103578927232, 127.29592214203365, 125.13136897058622, 119.05901188433818, 105.66192936796169, 92.25704065235249, 82.98419228187744, 73.2355699387261, 54.49969665936413, 38.98686025366641, 31.405798559812318, 36.68491317099625], [64.99570391709995, 73.34904614851813, 82.43897196840202, 87.89156451524528, 82.16482887262289, 72.62273301457508, 64.42292591082442, 24.120979601879252, 18.88906349426112, 14.475625227318647, 8.717700163893229, 11.098023112530448, 0.0, 8.692438478133164, 16.710260611266, 65.53552138235678, 72.39268252332991, 79.01391736363416, 86.9740669706378, 93.83932588595563, 92.76208445435347, 85.30200761174541, 76.27780852917905, 70.2356757861338, 64.25943248390877, 34.32548667971666, 29.29623347759546, 26.84778441442917, 25.41958401752407, 25.301732383052315, 19.65890345903802, 18.946949562144322, 22.190099488308338, 23.025505563920657, 28.531706637772334, 53.59500013217999, 51.87300563234591, 56.00202357703125, 62.48070903323021, 64.57857143563204, 63.08703219000852, 58.29804231779317, 48.52266002622011, 37.28097608105283, 41.0771173420646, 36.622169099206744, 36.17687780580227, 86.89412812990291, 81.81352999222045, 74.0553368634438, 70.77144402083799, 65.78519462907467, 61.969914803386025, 59.51721617888676, 71.57227955331847, 77.0295914040029, 80.54597827365144, 84.56977817865338, 87.22023367519093, 84.63761528280683, 78.0471660676858, 72.32763064303401, 66.62597569962713, 61.79987513621242, 67.5780170888853, 73.1362781149189, 78.83206043497299, 111.61703045219986, 115.52896739056281, 116.85391258229257, 116.71426166122872, 123.26015699035466, 121.00084475636332, 114.52054297499444, 100.68602873340801, 91.36184545546037, 85.1775949531878, 77.47145573266704, 61.0097664404142, 48.048076402873335, 42.22856329798523, 45.62702232257163], [56.70542381746645, 65.03548196743832, 74.19205630603695, 79.83085115801653, 73.94682207485879, 64.28810602430575, 56.15820549560515, 15.85734632130247, 11.789456399037828, 10.862442572996091, 11.761947081739402, 19.042639984021598, 8.692438478133164, 0.0, 8.389657148125066, 57.40793384309774, 64.28145393842375, 70.93071862201734, 78.99300523099133, 85.97742732214344, 84.78145707519327, 77.10771040902247, 67.99732511884476, 61.932649738193895, 55.94425240440745, 28.132068853021277, 25.23105442354316, 25.2540317026689, 27.517185608245384, 29.899013098555976, 24.57999161061779, 20.844116759528358, 20.625739121013044, 18.43184091634851, 22.566110450289475, 45.1412894291238, 43.18984175750124, 47.729979439612364, 54.72638100184724, 57.47610420694522, 56.35234953358624, 52.165502508237, 43.164244424824915, 31.936764509080145, 33.518955817772635, 28.076664224114605, 28.01241394180546, 80.83579660848896, 75.88747717521044, 68.35806364140556, 65.62844673516543, 61.23928869379955, 58.48713076697128, 57.245324115919445, 68.80895285307726, 73.42381307889818, 76.28229205303093, 79.59942014166685, 81.75119004672518, 78.6772019801545, 72.37016911727609, 67.31139613025535, 62.593975505037854, 59.034482727840654, 63.59234976671404, 68.17977383751325, 73.20903008511267, 104.71484354692181, 109.00954826727025, 110.55629772248605, 111.03623889758234, 117.94607104487525, 116.37642388799206, 110.27962949197575, 97.8722152086734, 91.66567383169227, 87.72190068012536, 81.23362026858682, 65.94372355417816, 54.60302792056724, 49.00787907054215, 51.44010400233283], [48.38979318297519, 56.729372619147604, 65.8323163053026, 71.46546915038174, 65.61312235165474, 55.99738094393621, 47.813446621371995, 7.547914761941273, 7.514143123087822, 13.102971807796429, 18.121177868444757, 25.904155214538537, 16.710260611266, 8.389657148125066, 0.0, 49.95986387077453, 56.59982388268704, 63.018873188619615, 70.88696045323034, 77.71144439415255, 76.45883390777307, 68.90535781780994, 59.948937104276766, 53.97871698475655, 48.11305930078657, 24.6302520377135, 24.411306708115916, 26.56188831388684, 31.060709831801287, 34.61872264465889, 30.11961688147193, 25.40107964586972, 22.83193287466889, 18.00606080199745, 19.84222678900395, 37.50832470002462, 35.82348643568063, 41.4078033662514, 48.490547083149686, 52.53532784379709, 52.473383771016785, 49.36459119529717, 41.128265256693666, 30.045663694583702, 29.439558863557657, 21.854467765251776, 21.456068524573766, 76.19683669037177, 71.70620408882469, 64.93639989915944, 63.05314004419832, 59.439840781787595, 57.734818256679034, 57.43872217891262, 68.43167204847005, 72.20859914466048, 74.33637571829917, 76.71602488647358, 78.12638047002606, 74.28034718789439, 68.79658193182514, 64.83273622287572, 61.28644779307653, 58.856377846121205, 62.328422163923186, 65.75009847311638, 69.69730278428496, 96.6871440024905, 101.1576958314084, 103.1036022223304, 104.39942867432278, 112.01486066488029, 111.60523357109463, 106.37999347413088, 96.5053538257443, 92.54774295928932, 90.18024267812261, 84.39301728580054, 69.70646645775331, 59.574678118605036, 53.76691770236417, 55.661165877939766], [18.699811014116293, 21.179561670340256, 30.509376326386125, 39.844308380671144, 34.84664874125054, 28.462411599579177, 25.03202195200198, 42.86779768844769, 46.88701196561118, 53.60458071920677, 62.62663753258804, 73.9964310452386, 65.53552138235678, 57.40793384309774, 49.95986387077453, 0.0, 7.918234336939015, 16.210780832719102, 26.584759668749577, 36.97583894171696, 36.454470420293376, 25.53233584364219, 15.250232867781165, 9.729928025868482, 6.460369550577969, 36.92050346374012, 46.12902780141603, 53.65645421601887, 64.17962584046629, 72.0889715338702, 70.1841222880065, 62.50873377013149, 54.69354735930339, 47.77050881521185, 41.35473106428479, 13.997512207462904, 25.869351832999413, 38.36768288296207, 48.01231278201117, 57.3409671083007, 60.04930777830231, 62.7488801473818, 64.51760742075442, 60.7767786299894, 45.75544840207336, 35.67850896212479, 30.013996774339883, 81.05464758918426, 79.10311932747751, 76.17946583949467, 78.49694353781983, 79.52155805076713, 83.70867877063631, 88.60832298316181, 94.90803139801284, 93.82725917265057, 91.95018454712341, 89.54506286813117, 87.22059432379005, 80.56676116015899, 78.98073561419973, 80.50494066402761, 83.49956068638781, 87.65714046688367, 84.4528534070495, 81.50805044510008, 79.99316329273998, 63.0544784809975, 78.01519675055854, 87.47068009534057, 97.75005376562846, 110.05151492685722, 117.19481442116661, 116.70789582059552, 117.82948789898894, 126.98763665902159, 131.23106329429675, 128.1779649852669, 115.42791630929273, 106.84089292383561, 97.61020427917462, 91.93078385996589], [18.3240307709063, 17.717564251805662, 25.512455175346375, 34.84597726728043, 30.81453381336524, 26.527741535405138, 24.99266377566203, 49.312218857250265, 53.69533565369389, 60.660678880243786, 69.59549248301832, 80.52191980883597, 72.39268252332991, 64.28145393842375, 56.59982388268704, 7.918234336939015, 0.0, 8.38782763213843, 18.8880289037399, 29.602012706288683, 29.332099605547793, 18.354571152034463, 9.020003950584774, 6.686841423242589, 9.57839900232158, 44.40263152341963, 53.391773863369046, 60.668190266612754, 70.83484039048463, 78.50437212496576, 76.9019992119142, 69.54736587891537, 61.892950148637915, 55.074887078317154, 48.768635566414304, 20.59728487295423, 31.27209312222209, 42.89053575128794, 51.03111200546402, 60.94794399356323, 64.55362941145634, 68.00573993739205, 70.10780704026207, 66.72613557803363, 52.29994609955527, 42.66310287384361, 37.40056419077607, 82.77398045511946, 81.53868990932996, 79.6772341643738, 82.61225240077522, 84.15132622901845, 88.70318267272434, 93.76011806679274, 99.59261271118987, 98.08364325064575, 95.78011104443618, 92.69550807447126, 89.75532056471151, 82.63013355764409, 82.11279264545588, 84.56793482193535, 88.21880705598241, 92.72606555369624, 89.1555012069027, 85.54870588512277, 83.11978251012704, 56.181156008743834, 72.42179696693194, 83.11035535256201, 94.85234573837712, 108.00894143979106, 116.62714382739296, 117.2928726911519, 120.93422430223252, 130.96071704610185, 135.72587701300554, 132.85866580976557, 120.33371561406209, 112.24173858855852, 102.94617390328945, 97.27507608053678], [19.83110151198027, 15.921398969049266, 20.70712150448625, 29.48876100605242, 26.900608511619676, 25.42043921539174, 25.94278185661931, 55.58052420355625, 60.40040577776124, 67.66650239580345, 76.45851026100866, 86.77732000324208, 79.01391736363416, 70.93071862201734, 63.018873188619615, 16.210780832719102, 8.38782763213843, 0.0, 10.541035553825772, 21.452791144697414, 21.465403113297082, 10.879685564865783, 6.317988124541705, 10.376672669824178, 16.038352598003016, 52.1688769891672, 60.94257848031939, 67.95080520743615, 77.67057927131702, 84.97663814473418, 83.62826109396501, 76.67108578891425, 69.25044847351235, 62.48598707385437, 56.3421165004477, 27.640200226338234, 37.10428329231992, 47.75665083838097, 54.14496345670246, 64.5766965158983, 69.15905268944904, 73.3055922482012, 75.50139001018539, 72.37825577340446, 58.85426254344025, 49.60747316786488, 44.8094853362218, 84.11095085245374, 83.66549776823162, 82.96427539184059, 86.50409584674587, 88.51344844034556, 93.33041024627622, 98.43518581051876, 103.82343419929175, 101.94300397204296, 99.25169902137851, 95.5014274863841, 91.94063258948881, 84.3381432187129, 84.9929325442829, 88.3899536450994, 92.62479665101097, 97.3635885763436, 93.54483090600479, 89.34139676153072, 85.98989118433614, 48.50570977187175, 65.71653590659854, 77.59150517681122, 90.79645098337289, 104.83196015836437, 115.00828815050087, 116.9469762339736, 123.35538382625559, 134.0489939502892, 139.30679075646958, 136.64479476943166, 124.44739350201819, 117.0273888622607, 107.87487149746829, 102.56123644861279], [25.04041799008517, 18.783554195925646, 18.13851914752497, 24.619982433655082, 24.72472640159551, 27.19871249896401, 29.76399565943543, 63.367651418249814, 68.59916579312193, 76.15549024812795, 84.71653795878773, 94.22698410733071, 86.9740669706378, 78.99300523099133, 70.88696045323034, 26.584759668749577, 18.8880289037399, 10.541035553825772, 0.0, 11.222146121740659, 12.126486859484203, 6.476375647681811, 13.526738569692588, 19.389764500129527, 25.45472903620129, 61.68811755028046, 70.16387387894129, 76.81653376647905, 85.93365720257995, 92.73591254158102, 91.69041805398163, 85.26341641560674, 78.17409009946304, 71.50233195316036, 65.59371765058789, 36.88245999264718, 45.20667611854586, 54.80853655289845, 59.132549557261015, 69.99755299719843, 75.66454029637761, 80.47386507669323, 82.54068169624742, 79.57125934667333, 67.29924909250431, 58.39042834555109, 53.99287080388872, 86.5391146533424, 87.0563147208135, 87.73195305270684, 91.90460548279005, 94.36984886343195, 99.35445533754931, 104.3741767546909, 109.31301329443758, 107.09842825296178, 104.03153059890086, 99.57359115504887, 95.32919262809082, 87.21095733832219, 89.26909187690859, 93.69318840174485, 98.47283762102167, 103.31949712937704, 99.37321903720373, 94.60368724023107, 90.2474343867268, 38.65721828967549, 57.089585713691854, 70.63894454392667, 85.75467821897058, 100.93986033970664, 113.11883097490673, 116.7196452395528, 126.57745372840058, 137.70613945931288, 143.38577223830063, 140.89720968750885, 129.07943865697376, 122.48878450594678, 113.55008537207954, 108.77318601915796], [30.96065240922274, 23.944163192352722, 18.46056204839086, 20.33143161427778, 23.744284419430983, 29.80210331358077, 33.871687022885524, 70.19984697814733, 75.99991756595706, 83.90679148214961, 92.1369270367468, 100.58693460990413, 93.83932588595563, 85.97742732214344, 77.71144439415255, 36.97583894171696, 29.602012706288683, 21.452791144697414, 11.222146121740659, 0.0, 4.298267975283997, 13.005949602763845, 22.87984573252665, 28.80223657729441, 34.80172037305457, 70.93457326651817, 79.14014166853, 85.45605031962029, 93.90598006553675, 100.05296543434496, 99.16799371127235, 93.33929328197105, 86.67216469242821, 80.00911156047302, 74.41000609276524, 45.658889139137365, 52.53470371414175, 60.893395496573504, 62.91103379834305, 74.04922454615749, 80.85900942799918, 86.26951877626061, 87.98261193337517, 85.17059398995019, 74.56567396398889, 66.18108616989096, 62.535512819269435, 87.10218324727917, 88.63805461635016, 90.77823533838735, 95.54877964792595, 98.42005729421525, 103.45933364125719, 108.27611570831415, 112.7240616786876, 110.23166204748138, 106.84220806248099, 101.71834515264909, 96.81965627677624, 88.23212232012162, 91.77400106718774, 97.21100938092518, 102.44720223609984, 107.27682637236498, 103.32237311422884, 98.06808673934552, 92.72400972967374, 28.79190507911705, 46.71676837098074, 61.46903166548213, 78.24671145898881, 94.45955150549901, 108.57127420631117, 113.88735895271374, 127.366984025944, 138.74394065515364, 144.92312456944285, 142.75843459365038, 131.6557785039636, 126.29876827527524, 118.0980151742871, 114.56035649216552], [28.95848234572161, 21.486677037278962, 14.77206227477616, 16.33008658618716, 19.789620549952673, 26.471704250213776, 31.28953887809688, 68.94214239059261, 75.11087536190018, 83.18067551433444, 91.40380907313005, 99.73262585513075, 92.76208445435347, 84.78145707519327, 76.45883390777307, 36.454470420293376, 29.332099605547793, 21.465403113297082, 12.126486859484203, 4.298267975283997, 0.0, 11.60437095500989, 21.710921991235985, 27.671770377707247, 33.70417861768096, 70.51018740078892, 78.89061898692894, 85.36157424695351, 93.93315780130997, 100.05168431685689, 98.91316378479291, 93.00426583373581, 86.32325304816334, 79.46282949604819, 73.85834296477462, 44.29900867426688, 50.2115073636142, 57.88757842275359, 59.37362501258391, 70.45350927180426, 77.4452987200107, 83.05974213701872, 84.96756342993342, 82.53511904032855, 72.15412748180832, 64.33885820949584, 61.472191430900104, 83.01722132256845, 84.64146996174406, 86.97893217209881, 91.88260228696532, 94.91391430850297, 100.10925004305098, 105.07440888381178, 109.23307075671629, 106.56150265358433, 103.04700668490354, 97.78107027477832, 92.78790132931971, 84.186018693152, 87.8835567802441, 93.51844071367822, 98.95708499780041, 103.98355232341079, 99.81703249252627, 94.36301234017716, 88.82456278865848, 31.06730519045297, 46.2454375586056, 59.47794341618429, 75.50505479667599, 91.232618945593, 104.94165459300729, 110.03853630926939, 123.49970634270876, 135.5478578777204, 142.2893227208498, 140.56260791211452, 130.04398174724992, 125.23040713771611, 117.74789985156497, 114.99510388711911], [21.42491140207093, 14.030955357031178, 12.613701151097167, 20.113337085378575, 19.20547045040173, 21.73149386600698, 25.45026900245318, 61.363522514853955, 67.19609695956582, 75.01311953967762, 83.58416261311804, 92.9525827635718, 85.30200761174541, 77.10771040902247, 68.90535781780994, 25.53233584364219, 18.354571152034463, 10.879685564865783, 6.476375647681811, 13.005949602763845, 11.60437095500989, 0.0, 10.569587433664049, 16.919869307208167, 23.249114167300455, 60.96998094739316, 69.76327867925656, 76.69213446992978, 86.03371048776961, 92.80999054354518, 91.34450034828716, 84.75963885065669, 77.62744686719994, 70.62007307139757, 64.68147556322268, 34.37356991600926, 41.112848126082994, 49.71935586574783, 53.451407258363986, 64.23798510014791, 70.10972335985805, 75.23573977313204, 77.69676183878197, 75.355669765581, 63.24663206607392, 55.255140340447916, 52.1760751901767, 80.39138048311307, 80.9500650980422, 81.80528316880091, 86.1548469900651, 88.86098462220171, 94.11940331825201, 99.41704330572018, 103.92249769239007, 101.42685880429163, 98.17215829680929, 93.52903876540445, 89.18274783571295, 81.08109652297061, 83.24822438560753, 87.91601966896675, 93.0096099982133, 98.20216246649697, 93.8884994470204, 88.81283344305612, 84.21608425369163, 41.58168131753123, 56.88883460882508, 68.37774314718135, 82.29209075521624, 96.64878260297577, 108.07724790863664, 111.22356143593528, 120.79242460303252, 132.99176954102222, 139.5346451507559, 137.71825760597747, 126.78186163190063, 120.99108196219366, 113.15637560830292, 109.58103411760047], [14.777108682556477, 10.423708042841234, 16.66163873009846, 26.02837841362093, 22.231432943934923, 19.602862868295183, 20.495745175812615, 52.46629603887367, 57.981657829409144, 65.58445813992948, 74.33295706127207, 84.35444587603152, 76.27780852917905, 67.99732511884476, 59.948937104276766, 15.250232867781165, 9.020003950584774, 6.317988124541705, 13.526738569692588, 22.87984573252665, 21.710921991235985, 10.569587433664049, 0.0, 6.461587097157014, 12.86092481465738, 50.88561685438498, 59.906480485833065, 67.10900243979866, 76.90221973186547, 84.0491184873268, 82.30066597642391, 75.30276194770143, 67.93488956555805, 60.82808569097957, 54.73037910122459, 24.211363191995982, 32.08216052791771, 42.05549245197438, 47.95391575727508, 58.44387682961657, 63.29841020359215, 67.68675829148626, 69.99757851039442, 67.28611357911798, 54.10432567034066, 45.602985287609556, 42.17919715618003, 77.81158246583537, 77.35149076728541, 76.74880530049113, 80.39890120978737, 82.54188384057807, 87.50164046613841, 92.75278678071842, 97.87207817167364, 95.84314181347307, 93.06040509396887, 89.22219760632582, 85.6260331796475, 78.02461392794058, 78.7248386783075, 82.26773764120895, 86.67348297969917, 91.59176024895278, 87.58404159000851, 83.21198011416074, 79.72025818469538, 50.52529010418628, 64.94374932084838, 74.95520705390103, 86.90816440716928, 100.19101849472305, 109.58818411632913, 111.07448960084704, 117.13188700607529, 128.4245427748481, 134.3152813755857, 132.19445577046608, 120.7700836706137, 114.14425337786935, 106.10367139010712, 102.14568199322648], [12.108946973879522, 11.835031462775039, 20.789044217994274, 30.16068267437576, 25.34541394852215, 20.06612651553354, 18.539686418170835, 46.55117505609041, 51.890319594545815, 59.394456286475055, 68.20426116443107, 78.50319498266646, 70.2356757861338, 61.932649738193895, 53.97871698475655, 9.729928025868482, 6.686841423242589, 10.376672669824178, 19.389764500129527, 28.80223657729441, 27.671770377707247, 16.919869307208167, 6.461587097157014, 0.0, 6.400754130811305, 44.5706193897076, 53.679717019306615, 60.99548907184441, 70.96186025126002, 78.23664987471733, 76.31483533564662, 69.14743192678098, 61.706573492997265, 54.5338137209245, 48.39672334319315, 17.84535461696203, 26.742899153273918, 37.801807564593126, 44.990815265221514, 55.24890349169229, 59.50371099897976, 63.32080593446301, 65.24102305357832, 62.10365397570517, 48.51744365702741, 39.50905894114156, 35.78545193451551, 76.38037435398779, 75.32060563731736, 73.83932122932633, 76.99884118355294, 78.7004965577988, 83.33250100955951, 88.40947734798081, 94.00653982352652, 92.37373106856919, 89.96117269548577, 86.68574183852482, 83.58835085047905, 76.30527351337194, 76.13521460765155, 78.9243918451952, 82.7707134786035, 87.34906064039194, 83.70491562047407, 79.89459781121043, 77.14577440800312, 55.62180013414236, 69.22232961983386, 78.35817613534869, 89.13041928467757, 101.81508562593906, 110.04074614989163, 110.60758150726288, 114.64538435578223, 125.01671182535837, 130.35261494433485, 127.9740633263134, 116.22714242757677, 109.13354694069119, 101.02755201276852, 97.00892973320184], [12.428956611635028, 15.842845520695993, 25.777938241316992, 34.882835743118854, 29.453541213027087, 22.35562689272578, 18.598400724188465, 40.77197069599597, 45.883522545477966, 53.26613900762105, 62.13396741287759, 72.72185353742535, 64.25943248390877, 55.94425240440745, 48.11305930078657, 6.460369550577969, 9.57839900232158, 16.038352598003016, 25.45472903620129, 34.80172037305457, 33.70417861768096, 23.249114167300455, 12.86092481465738, 6.400754130811305, 0.0, 38.34743784437694, 47.54479078197045, 54.976340916695804, 65.11361265728495, 72.5099472814766, 70.39805004139785, 63.05698977205609, 55.547758801031144, 48.30222669662642, 42.13064664166365, 11.630581827331511, 22.05741477236997, 34.29546346855359, 42.807805284932435, 52.68343471157205, 56.25595654960439, 59.40244277025017, 60.83110273716075, 57.191338059144854, 43.235372210294905, 33.59328126541985, 29.44934785538563, 75.46057354558671, 73.7994798753984, 71.41726801578761, 74.03453665632665, 75.24447996426551, 79.48628702756557, 84.3385946029605, 90.44623425285683, 89.25243660976035, 87.24737087998061, 84.57879888082013, 82.01323705012946, 75.09404034669211, 74.03377231704954, 76.01004131039912, 79.2261626721021, 83.39975735362154, 80.18300626348929, 77.00296555748814, 75.05450746196202, 60.82658190869613, 73.64997128888388, 81.97065004021427, 91.60912690224885, 103.69250566751163, 110.77039309266519, 110.44360246290235, 112.45480400134879, 121.80189473721586, 126.52736850811414, 123.86844281520419, 111.78741506432056, 104.20539725791663, 96.03923655756599, 91.97665444493931], [44.79701967103192, 52.13984388039327, 62.408926969299884, 70.34182547159902, 64.50767000319476, 55.217681063948355, 47.60916459955384, 22.17001082415444, 18.410296874795417, 20.32872846431311, 29.018020719847076, 42.68518479730167, 34.32548667971666, 28.132068853021277, 24.6302520377135, 36.92050346374012, 44.40263152341963, 52.1688769891672, 61.68811755028046, 70.93457326651817, 70.51018740078892, 60.96998094739316, 50.88561685438498, 44.5706193897076, 38.34743784437694, 0.0, 9.740196739076424, 18.011082036281884, 29.65766587522412, 38.48899917173456, 35.63720544594356, 26.779771113823454, 18.429741721139393, 12.156798092419935, 5.806987607507528, 29.017514276276025, 34.34603287653239, 44.65676267648327, 56.39957937740517, 61.71090552303268, 60.440746112458186, 58.168778621733885, 54.99598095875847, 47.089841616347734, 35.52830062495641, 23.982724548319965, 13.492178085262696, 89.10264830307723, 84.6201292770983, 77.6