{
	"dissimilarities": [[0.0, 8.728855578553297, 17.872371313562954, 25.364824983303116, 19.636264918398386, 11.791022654815784, 7.538502889306405, 40.751229997698395, 47.66318027478283, 55.986082807475405, 64.20079045062718, 72.74287340270058, 64.99372512426729, 56.71209742124575, 48.38984197470724, 19.192271669217533, 18.941697273687513, 19.434712694629834, 24.36787915933574, 30.391503833371857, 28.514706784765085, 21.535156333516277, 15.53341253453413, 12.975383074366746, 12.864831635074825, 45.131435174834984, 53.56631168381509, 60.172062766238284, 68.88189588658179, 75.45916848286096, 73.16836009846651, 66.84468964408852, 60.11337344331108, 53.0020001204266, 47.66840391318313, 17.520700176553586, 22.613615501819847, 33.100391722704686, 37.47911260377445, 48.325816751961405, 54.125737456117434, 58.159138502405014, 58.4077265924091, 54.81769652168544, 44.361641101758146, 35.41829907811302, 33.682071376687475, 66.7808136068167, 65.18105357322887, 64.59056058340826, 67.90577298547099, 69.57876515255322, 73.75054553546829, 80.53875975599361, 83.90837525726266, 82.49181804877144, 80.20645691252278, 76.86322322132555, 73.52010764877014, 66.84718452810776, 67.51024807926404, 70.6479319161134, 74.25983291445309, 78.2617981127591, 75.1942247060396, 71.5783197823526, 68.5209933342445, 54.660204162467906, 58.9705304771416, 68.12898008991849, 76.66443491898029, 89.873612964912, 98.32196837128402, 99.9719521782098, 105.46953939200101, 114.63077449406676, 118.78856959991433, 116.20672874162027, 105.28596126425818, 100.68280549447643, 94.56925285443803, 93.05562501205988], [8.728855578553297, 0.0, 10.82345374663785, 19.882162229418434, 14.686050252326593, 10.72123308305971, 13.042312271964509, 49.25080347152307, 55.97439609802947, 64.11624839337873, 72.44633802256344, 81.3340134766887, 73.51905775507616, 65.18257804216739, 56.90555771196373, 20.229582174862113, 16.746654014232814, 13.943597098885961, 17.091386238566958, 23.207067401264666, 21.04405284707689, 13.324153222326178, 9.748641286804897, 11.146843210032605, 15.01083426534145, 51.84920577222752, 60.60988212833239, 67.48545870682027, 76.57451496927791, 83.41800071868161, 81.25314920583509, 74.68862553377734, 67.71555596614252, 60.550393959830224, 54.90454568817086, 23.551606994227292, 28.704949754850887, 37.82037517706399, 41.571545303725124, 52.404997578788425, 58.38931703289746, 63.1529908372223, 64.74994716209314, 62.16896369401918, 50.903293347617904, 42.87034302538486, 41.14927520204217, 69.32199576434486, 68.28961818577562, 68.55709379170766, 72.49296698721577, 74.84809879600931, 79.7410613744608, 87.12998458297638, 89.63312898046718, 87.51382576297948, 84.63302005496092, 80.53305038565524, 76.6093563890487, 69.68410058114033, 71.14576375323738, 75.1664708209218, 79.692895199172, 84.51754376405279, 80.58524730914283, 76.07276168946414, 72.1326533272397, 49.65590495227621, 55.490957528139674, 66.03534592489842, 76.27293897571569, 90.10929558337791, 99.88641695390898, 102.43859530084839, 109.8633540221253, 121.01098349046269, 126.17608792931958, 124.09459285193387, 113.59119561688891, 109.2892014986874, 102.99963835072515, 100.88584942532233], [17.872371313562954, 10.82345374663785, 0.0, 9.598196610587742, 6.543789609097393, 12.04894936992977, 18.75545124473098, 58.29948385543589, 65.42465994837052, 73.82688372147892, 81.98228863415265, 90.00712136980417, 82.42191686962839, 74.16624199737191, 65.80849178892245, 30.509902891767286, 25.705002390409785, 20.103723934455374, 17.132420310098304, 17.66585508983599, 14.06408234353895, 12.78674074688675, 17.201898578295186, 21.099920585434507, 25.716968768326215, 62.487358532381414, 71.12827060119982, 77.80536051092245, 86.50591450461633, 92.8771175293453, 90.8339680311108, 84.67099090246347, 77.93282450420442, 70.8098393191883, 65.33929411087773, 34.051079015038994, 37.17594747546745, 43.848699462958585, 44.62413620870165, 55.420879654992476, 62.632982875925606, 68.34785479174197, 70.32180081912578, 68.6320096897777, 58.801421863735456, 52.006915053057256, 51.347226000450014, 68.20303476419491, 68.52816172312829, 70.60235216969059, 75.3804855627498, 78.51102382275049, 83.85224739931763, 91.27385430898453, 92.93259152253626, 90.10019484751759, 86.59284717175133, 81.5112935794648, 76.64914643166071, 69.16029782440707, 72.4006320218882, 77.80465556323767, 83.24490002098543, 88.54153280301931, 84.07208570189353, 78.63363721325017, 73.33253370947803, 43.286802514915955, 46.879371106931906, 57.24268118488824, 68.69591301118858, 83.2040008433187, 94.73728406542867, 98.80076525046552, 109.87477387501627, 122.70216582375761, 129.24531332634567, 127.98650519997696, 118.5220054526776, 115.70204260751056, 110.32227911519655, 109.37262832663451], [25.364824983303116, 19.882162229418434, 9.598196610587742, 0.0, 7.567769583463081, 17.391213438036605, 24.285632661175967, 64.159744290525, 71.62243828084976, 80.280095206557, 88.1424477250527, 95.0438980108342, 87.86187290264921, 79.81443281430697, 71.44161801901396, 39.92237774901007, 35.13268363690068, 29.096039677326875, 23.788081942741684, 19.275934406939392, 15.277952802547006, 20.440955383901894, 26.685308582866604, 30.577566748716432, 34.8887192371111, 70.49130811840286, 78.81832431136453, 85.11472470712744, 93.1816949216339, 98.88334083228463, 96.97437107382895, 91.40517214777941, 85.06960341324599, 78.07418871773227, 72.93928842368548, 42.36036811115697, 44.080183865421034, 49.17528376987539, 47.3147466241156, 57.89231774944508, 66.21589664944254, 72.43504554844735, 73.98094028376686, 72.62270447043808, 64.76331308669599, 58.671739221519076, 58.795554596490824, 66.67156515483512, 68.27345564003431, 71.87809227770552, 77.1648416515762, 80.69567701778726, 86.02058063454578, 93.00928205702671, 94.29031818857234, 91.13537221124285, 87.32996337033114, 81.6472736629754, 76.09705448490054, 68.15376652924277, 72.96160235964291, 79.33042475053125, 85.15896660406328, 90.39457371852035, 85.93417158993222, 80.08030464245753, 73.83674288303625, 39.532255534058415, 38.69308885344074, 47.92567625944827, 60.04716316872214, 75.25912788347095, 88.32073511488531, 93.78653832974703, 108.13472334208663, 121.43622245899874, 128.8156072934458, 128.10982611012537, 119.52415599976557, 118.10189378440154, 113.71198693725978, 114.23158567094545], [19.636264918398386, 14.686050252326593, 6.543789609097393, 7.567769583463081, 0.0, 10.177520200209482, 17.87018357207049, 58.337979097339776, 65.90239812414474, 74.5024539327997, 82.47142094354493, 89.79859739175988, 82.11974535364317, 73.88784469538054, 65.55507641598054, 34.693090886575455, 30.844265739353204, 26.087884033281217, 23.658429512709542, 22.84718019791543, 18.913053467033052, 19.251118158440484, 22.55525127021885, 25.487049832828983, 29.24727490428879, 64.50088893624994, 73.03643763301406, 79.6261244754043, 88.01402245244718, 94.06556106122541, 91.77274914877668, 85.8314380647765, 79.282211831615, 72.13200121634773, 66.91736245248282, 35.95003485052155, 36.79050193350078, 41.73406003381164, 40.6161289820341, 51.309102049214786, 59.2325764707725, 65.31129282258239, 67.15514148015588, 65.97706958714373, 57.454485395141404, 51.745662301807144, 52.5043875466232, 62.34086284911129, 63.12200703533103, 65.88406285606541, 70.94104998586211, 74.32914267424643, 79.75813980274904, 87.10728674858885, 88.39720064000879, 85.33156125687695, 81.65084499577473, 76.2891077982381, 71.14711291202798, 63.473393119144085, 67.34749629804584, 73.23314789950523, 78.93965990475076, 84.34311195521359, 79.73578293598922, 74.02264433034269, 68.25619452720642, 46.04188803736516, 45.70424840107704, 53.35023778167122, 63.38058816538936, 77.16273554786925, 88.28787041015954, 92.31787308768455, 104.04633983604734, 117.52409443784752, 124.84208790520383, 124.22447157668375, 115.65475864136494, 114.06136481006325, 109.94490871097115, 110.50602179750446], [11.791022654815784, 10.72123308305971, 12.04894936992977, 17.391213438036605, 10.177520200209482, 0.0, 8.444284458157126, 48.8181851024696, 56.43880225774664, 64.97226987272013, 72.99295821898066, 80.6903310949428, 72.60980206928434, 64.24715171792342, 55.96681175171979, 28.260863253150088, 26.50558683756792, 24.45349249397094, 26.207866535165472, 29.15755140527207, 25.893086638153957, 21.724782020452338, 19.80921929845033, 20.145443049534254, 22.104729151153265, 55.182610650185815, 63.7525328650219, 70.49027914985801, 79.03689577390337, 85.33876852060072, 82.68583784917934, 76.4768014906945, 69.82120485616392, 62.5845666140823, 57.40874789312348, 26.73573033622657, 26.712809151875657, 32.58770416607144, 33.20006482289361, 44.19372824670872, 51.4386014567749, 56.88876545746962, 58.337206959941824, 56.677533233877334, 47.529436685300794, 41.57777973854771, 42.79494546877041, 59.03582521011675, 58.51912913545576, 59.71132618811323, 64.10143132370324, 66.88557900323956, 71.99682353939288, 79.39436021366527, 81.29006030850903, 78.78064998113499, 75.61711363328952, 71.09804453204504, 66.78859752728748, 59.58819861182561, 61.860450805389014, 66.6063753016577, 71.59666852630083, 76.67770207036114, 72.44867794402376, 67.46335693420554, 62.82599006864649, 53.53878807731592, 53.89638909216577, 60.485946834048576, 68.31825290172688, 80.77316579533277, 89.55954081487258, 91.79737264054334, 99.80320888948846, 112.08759054531838, 118.56121026104786, 117.57223388231387, 108.56390339085878, 106.34655037176442, 102.27267548771381, 102.80558629124701], [7.538502889306405, 13.042312271964509, 18.75545124473098, 24.285632661175967, 17.87018357207049, 8.444284458157126, 0.0, 40.532082609717214, 48.17075406374737, 56.78330834952449, 64.72501717570114, 72.30477014553664, 64.3603373516852, 56.064859564396784, 47.74014479792543, 25.627500955441814, 25.88124533530502, 25.983585521720997, 29.731408249162097, 33.97097639134397, 31.380716430952, 26.152898482065826, 21.54891826932194, 19.50529739607879, 19.098727279430666, 47.97804972448534, 56.19296276822696, 62.64680769113448, 70.88759592757607, 77.01484498182157, 74.3580189498206, 68.33888911730045, 61.88800038276741, 54.759867959080374, 49.83793816542772, 20.82911630712172, 21.189305850166164, 29.209849673854503, 31.31029131814155, 42.36314487887533, 49.105689826001644, 53.59530655438339, 53.600526239297956, 50.60597585191417, 41.846134942200635, 34.533799902142555, 35.29132960698368, 59.55918924905404, 58.260431085103875, 58.23975538445872, 61.831547796346925, 63.759289413910345, 68.04076440643244, 74.805490024465, 77.81173623323086, 76.1661192133803, 73.72314824166703, 70.14196897364715, 66.57580416660039, 59.726286901775595, 60.88359698101949, 64.46525524815505, 68.34207203683144, 72.47270386555091, 69.25387951426856, 65.36459932945446, 61.88372153186699, 57.2369768163144, 57.968385141753885, 64.44652561475905, 71.2348069864959, 83.44134013842066, 91.10718188461195, 92.47731836108976, 98.26357410303471, 108.10882223820516, 113.17074218699923, 111.3609135853264, 101.51161485860119, 98.46591229912697, 94.03506543977471, 94.54794975518114], [40.751229997698395, 49.25080347152307, 58.29948385543589, 64.159744290525, 58.337979097339776, 48.8181851024696, 40.532082609717214, 0.0, 8.451882821623713, 17.163021777537544, 24.413866519957956, 32.73770248155073, 24.27336797745684, 16.110873232977195, 7.899279323389256, 42.570323936759394, 49.05856386806455, 54.89827362856453, 62.635746513782216, 69.59125609173206, 68.4528869204126, 61.10487840701186, 52.335438977260196, 46.41753661312242, 40.519376626203986, 21.966501890216676, 24.239897703198686, 27.71573504552888, 33.45117304623252, 39.022425893852024, 35.05846455406319, 29.56904693424577, 24.822903956475884, 19.343796285319694, 18.712735857050113, 29.977396183681346, 29.656764327204762, 37.50517030412659, 44.9692092401567, 50.24174164468451, 51.15700839201311, 49.15022418043297, 42.20492830399783, 32.153650606187796, 28.42755402993574, 17.248893928209306, 14.879345358429111, 73.62803428604076, 68.77230757784842, 62.774834741169656, 61.57999836827425, 58.76834510696116, 58.056665236452034, 60.82256445935782, 69.0301411667763, 71.95629745576167, 73.40156037859234, 74.95306862522487, 75.60844841707787, 71.96152068443422, 67.30908860367596, 64.33716783986546, 61.910762405123236, 60.68095853632032, 62.945966004044536, 65.27421871331174, 68.24413836537346, 89.1284607143027, 91.13639632922694, 96.12325243292325, 98.26421412681292, 107.40545868092019, 108.90677020346874, 105.52180907386523, 98.50091412618919, 96.75714812234236, 94.21382280751963, 88.29389053893289, 74.3114147285497, 65.62482825028047, 59.45224626256553, 59.53553512713709], [47.66318027478283, 55.97439609802947, 65.42465994837052, 71.62243828084976, 65.90239812414474, 56.43880225774664, 48.17075406374737, 8.451882821623713, 0.0, 8.926821377025865, 16.584407621843056, 26.856553454422645, 18.811467550302744, 11.757284396306359, 7.397533722924349, 47.11355299299566, 53.912530906979065, 60.24026651070008, 68.32653370782057, 75.74370068486793, 74.91621768596154, 67.2075805498005, 58.14805791304447, 52.08678673389368, 46.024211462076416, 19.280319529471626, 18.206144125816014, 20.013050091878146, 25.135340541633983, 31.152323307169578, 26.965369410490656, 21.13144272336508, 16.836837904843595, 12.662318894079947, 14.552219367019347, 35.60531011067126, 36.6110675993495, 44.51851317042528, 52.73473002491778, 57.32912761322539, 57.20304930271828, 54.296909005520995, 47.09418372241479, 36.680102456645635, 33.209553372316556, 22.84583212580601, 18.26396194895527, 81.13846130839467, 75.92336161043612, 69.24675037443917, 67.43131666794622, 64.02403062973642, 62.60284225887133, 64.64083607030162, 73.48762621874234, 77.07214386652385, 79.05449424424191, 81.28776235102623, 82.48474076098083, 79.29495552645422, 73.96794130144121, 70.15303405080012, 66.88594421589136, 64.87690357689281, 67.9041891885367, 71.07637366900403, 74.87545231937379, 94.80668312355029, 98.04831826986876, 103.7621004007591, 106.09960875041844, 115.31416598342645, 116.49299007050277, 112.72682636406077, 104.07054904950448, 100.32512280842649, 96.00886121646366, 88.96208025576126, 73.76584051686994, 62.7714572935771, 54.817456302117805, 52.906373384601544], [55.986082807475405, 64.11624839337873, 73.82688372147892, 80.280095206557, 74.5024539327997, 64.97226987272013, 56.78330834952449, 17.163021777537544, 8.926821377025865, 0.0, 8.672859633808446, 22.001711540239246, 14.49112382795327, 10.808533075544014, 13.071262920258812, 53.659397008176356, 60.72783881015195, 67.46676533719486, 75.91295559641419, 83.74150548018997, 83.06703894294476, 74.9732882083591, 65.61995173213786, 59.44935441995683, 53.284962982200426, 20.70759664320032, 15.517417519321604, 14.37743078088662, 17.95124249882144, 24.589239793562403, 19.44769800840884, 12.664919523640922, 9.659756497290086, 9.540699749939103, 15.091475743945159, 42.86402834613458, 44.0108766444982, 51.24163942952766, 59.98093436406688, 63.60762210048945, 62.30518114223959, 58.429840647984335, 51.059465479807734, 40.66385375532561, 37.7846766977129, 29.16623502424905, 24.650277768190566, 87.80792752305005, 82.11312691410005, 74.63064411229466, 72.10754515370589, 68.07899215310637, 65.95490614293855, 67.33309866198744, 76.64368695926719, 80.87180892990307, 83.42270830261661, 86.4317366443798, 88.29289111535806, 85.72223879059253, 79.54470226418297, 74.76360442618581, 70.6151752623289, 67.88621659137132, 71.60182914519116, 75.66322528988073, 80.41237509730779, 102.72990245561982, 106.67132868434857, 112.55280279476261, 114.63128865496071, 123.45655307472518, 123.83200432036803, 119.35060211848725, 108.44272220977219, 103.00397419975633, 97.16609417875009, 89.31668911283909, 73.42913537968896, 60.565982001843224, 51.594220924620544, 48.05518104380678], [64.20079045062718, 72.44633802256344, 81.98228863415265, 88.1424477250527, 82.47142094354493, 72.99295821898066, 64.72501717570114, 24.413866519957956, 16.584407621843056, 8.672859633808446, 0.0, 14.832694432087006, 9.96301033339718, 12.525988678052082, 18.597039904097343, 62.2874211126755, 69.30963989961204, 75.97835920808674, 84.25716984023681, 91.84443614717394, 91.19840173654495, 83.38835355934206, 74.16681754797938, 68.03060384460981, 61.890617957400025, 28.56845500617002, 21.64512596907777, 17.253384034766807, 14.948716659849735, 18.927768929148964, 12.674204791463213, 9.223181571817234, 12.62194634658641, 16.66713182741674, 23.004345818116303, 51.47527091975972, 52.08702500905526, 58.388352735221524, 66.4302980856562, 69.23667332376802, 67.55780458200951, 62.99944361567275, 54.59205543723187, 43.906884556049626, 43.79108613209296, 36.779036320970725, 33.27617423241762, 92.56567023896712, 86.76054674277441, 78.95807452162889, 75.82429042489524, 71.16067134345937, 67.97266392434565, 67.98142345606033, 78.06232857768622, 83.1020741075318, 86.3181210404363, 90.07454120353339, 92.46021540840779, 90.35982742000326, 83.81421828190848, 78.30049151095697, 73.12905594894579, 69.17222583838576, 74.07435083254269, 79.14347805519465, 84.62796416725547, 109.93885191357928, 113.29704611474644, 118.56072747885146, 119.78728888351874, 128.03837858433377, 127.51031776171773, 122.46398834681825, 109.92472459740648, 101.7294519382785, 94.0298754456457, 85.19238383252825, 68.58762954338184, 54.2793402596189, 45.11310079330022, 42.23266219805887], [72.74287340270058, 81.3340134766887, 90.00712136980417, 95.0438980108342, 89.79859739175988, 80.6903310949428, 72.30477014553664, 32.73770248155073, 26.856553454422645, 22.001711540239246, 14.832694432087006, 0.0, 11.266963505941158, 19.255619005493017, 25.980125845008484, 73.79871312246254, 80.38278437372483, 86.35820492474697, 93.73171918978831, 100.13813410783354, 99.36881616372641, 92.81464804239401, 84.34607303231236, 78.46819184888257, 72.54979964309705, 42.62524421147316, 36.10872234932462, 30.799124137165993, 23.883376196553826, 20.204277851224578, 16.1513432565221, 21.36904470344142, 27.194394716045156, 31.096135874385244, 37.06223966589828, 62.26008576112868, 61.64468156949125, 66.61925023182913, 72.2507031506843, 74.34763852882523, 73.42879760763194, 68.65155544789954, 58.06232287906245, 46.83292066190122, 52.24794726847845, 46.7273078282535, 44.98678264321503, 94.58956822173529, 89.30687210506503, 82.00385545795395, 78.42641590500224, 73.14155778177086, 68.31303843197763, 65.67233975236296, 77.01544112502988, 83.1355767527997, 87.16693045725054, 91.61239358428566, 94.29509994619809, 92.47193726895858, 86.36285229270389, 80.51620044552232, 74.12295655404439, 68.08501855579482, 75.00139534998682, 81.24151820051397, 87.09073673104832, 115.95956684458706, 116.79997245387403, 120.17642991448437, 119.55243102056944, 126.83352681912841, 125.19214041928717, 119.84224488581214, 106.73932180941826, 93.64544815743336, 83.1904827876431, 72.75983248664097, 54.953147777231635, 39.494795599758746, 31.97701774573955, 36.02212175989045], [64.99372512426729, 73.51905775507616, 82.42191686962839, 87.86187290264921, 82.11974535364317, 72.60980206928434, 64.3603373516852, 24.27336797745684, 18.811467550302744, 14.49112382795327, 9.96301033339718, 11.266963505941158, 0.0, 8.764954605674694, 16.725332465040626, 65.6170279764215, 72.50489148647407, 78.7598511762588, 86.66226102827979, 93.57146536066818, 92.53932188343174, 85.31392075804752, 76.39444101387662, 70.35357330013115, 64.30027459179935, 34.68019837216417, 29.62531603144807, 26.75610403138695, 24.378504045438188, 25.599601657499083, 19.684617028989564, 19.057565353566282, 21.60774653941084, 23.55836479114905, 28.99883536132129, 53.4698258107038, 51.796530595175135, 56.181564672313286, 62.55457402804352, 64.43805189604407, 62.984363728850575, 58.167243330633305, 48.32137218558087, 37.27220998526063, 41.18812437881797, 36.29922799114652, 35.905918825812506, 86.19671984835031, 80.45812172177122, 72.7009145608318, 69.21546014034196, 64.16379266864934, 60.158494159097806, 59.13921541767551, 69.72349092461471, 75.22778713893769, 78.84337795204065, 83.0217073876246, 85.69468900204355, 83.93068263079758, 77.34001147554187, 71.48937908384019, 65.64536783809564, 60.772995174394126, 66.5631105440485, 72.27204684610824, 78.10143260719897, 111.52320613921454, 112.44015631984855, 115.65345858707126, 115.13201655885283, 122.07719703166457, 120.22754448287903, 114.51179824859221, 101.00340330973876, 91.82670499545607, 84.22368046411015, 75.86141540425973, 60.141875451883685, 47.99121790330266, 42.840948558699, 45.746501848343605], [56.71209742124575, 65.18257804216739, 74.16624199737191, 79.81443281430697, 73.88784469538054, 64.24715171792342, 56.064859564396784, 16.110873232977195, 11.757284396306359, 10.808533075544014, 12.525988678052082, 19.255619005493017, 8.764954605674694, 0.0, 8.39753760836151, 57.426789071406986, 64.33705979419076, 70.59342711968701, 78.62928461931527, 85.69969028315646, 84.55028807937175, 77.0856466724955, 68.05663489640817, 61.99481667719386, 55.93622747286431, 28.377425416819865, 25.431200128780237, 25.110565914337357, 26.569354929230965, 30.33903681596256, 24.677907706630762, 20.856630173449734, 19.82260894937639, 18.829530302778483, 22.925332087967757, 44.96230658003411, 43.04141735685698, 47.82853647045146, 54.748695494123744, 57.284352011277306, 56.152294724218535, 51.92135918075459, 42.897993928372394, 31.876612141675377, 33.505206101607925, 27.61721849152273, 27.644905949681668, 80.0800903336541, 74.36245463716884, 66.81256549552123, 63.88533585028963, 59.42663002274793, 56.51823262180004, 57.05944832124679, 66.82691821665837, 71.48731235091319, 74.4324789351913, 77.89228873333745, 80.08776462574602, 77.89244310564169, 71.5560233915934, 66.36104340011623, 61.52021153139818, 57.96264622491376, 62.4897397294555, 67.20778462215395, 72.37511303546684, 104.67537664789755, 105.82142479585035, 109.34345171988174, 109.43564878599004, 116.7648323472566, 115.62424083071953, 110.33753534280952, 98.27672344628793, 92.2464431149933, 86.85548397076579, 79.75363953325014, 65.07114616343347, 54.7268201403177, 49.759798308046605, 51.68656356870924], [48.38984197470724, 56.90555771196373, 65.80849178892245, 71.44161801901396, 65.55507641598054, 55.96681175171979, 47.74014479792543, 7.899279323389256, 7.397533722924349, 13.071262920258812, 18.597039904097343, 25.980125845008484, 16.725332465040626, 8.39753760836151, 0.0, 50.01506436764312, 56.697737496914584, 62.685037596287124, 70.50869765911511, 77.4118004528484, 76.21123190703649, 68.90155092499842, 60.05601344666562, 54.087118600750365, 48.12834964389763, 24.9856377626035, 24.68123495767426, 26.438787349195177, 30.252856372857053, 34.94675375351332, 30.17473896763831, 25.42980302609369, 22.20648630104954, 18.5018359721389, 20.3394219098202, 37.30066778732518, 35.66608617758024, 41.571243232209376, 48.543253246979134, 52.33520338618186, 52.2904897151406, 49.14319707774325, 40.86192849465493, 29.99795141416937, 29.485230436376465, 21.27185096467256, 20.974935841118107, 75.38117929663777, 70.08739380870637, 63.304232786802544, 61.22476678169085, 57.557844383870574, 55.71614353719067, 57.38244177581991, 66.42480874613415, 70.22324646775617, 72.42542972738511, 74.93888740008003, 76.36893661364122, 73.44358482809066, 67.94370953168753, 63.846056146587806, 60.18085832583709, 57.75995568052612, 61.19259057615886, 64.74041815681208, 68.82299079190335, 96.62159573724315, 97.839133229939, 101.7968527689436, 102.67364146917943, 110.76167043113253, 110.80737588997535, 106.41309663356057, 96.88338849669083, 93.08036909196619, 89.30587600451408, 82.93379795728215, 68.7426349187199, 59.62440866231089, 54.378967465176935, 55.83853341538179], [19.192271669217533, 20.229582174862113, 30.509902891767286, 39.92237774901007, 34.693090886575455, 28.260863253150088, 25.627500955441814, 42.570323936759394, 47.11355299299566, 53.659397008176356, 62.2874211126755, 73.79871312246254, 65.6170279764215, 57.426789071406986, 50.01506436764312, 0.0, 7.806319504170646, 15.85123890079681, 26.38275057428552, 37.13042438109312, 36.72251155678999, 25.336279527361434, 14.87956996276364, 9.450633754912367, 6.5320875891376415, 36.91314265833126, 46.09910416666499, 53.71775633431272, 64.23018207241567, 72.62761326818143, 70.36528385233107, 62.49711116369154, 54.722020117023966, 47.68810645885377, 41.30991888521178, 14.159946380198866, 25.88165425581265, 38.36710137668434, 47.98280493431218, 57.341766797027745, 59.94699587225426, 62.628170302976756, 64.51750453228809, 60.81070873404232, 45.72308631565641, 35.69937089839089, 30.13107616608162, 80.08752949384602, 76.90711628053465, 74.10105181937581, 76.47624641693027, 77.55172700172736, 81.82057942925982, 89.37266402650697, 92.90873767480582, 91.82954119648515, 89.90682937413436, 87.42456659480474, 85.13694580766123, 79.51772119382466, 77.93113492490977, 79.49003265464366, 82.55011896608346, 86.8337582074068, 83.50734134677019, 80.49603022510921, 78.9521540530264, 63.11356921937172, 73.76414750122117, 85.77157004227992, 95.52715031013007, 108.63183748020055, 116.34635732738359, 116.84191909869716, 118.50177533212238, 127.62207554958826, 130.50590008723583, 127.00612200034352, 114.62058063419762, 106.98620709386151, 98.2019141891966, 92.1926760818662], [18.941697273687513, 16.746654014232814, 25.705002390409785, 35.13268363690068, 30.844265739353204, 26.50558683756792, 25.88124533530502, 49.05856386806455, 53.912530906979065, 60.72783881015195, 69.30963989961204, 80.38278437372483, 72.50489148647407, 64.33705979419076, 56.697737496914584, 7.806319504170646, 0.0, 8.267595294401936, 18.933992441979473, 30.062533160753386, 29.922919790948487, 18.312875561573748, 8.790125286387045, 6.611411389954341, 9.640195216675075, 44.375166831981915, 53.35785703665797, 60.704898345894144, 70.93445342864848, 79.02145163771627, 77.09803404983549, 69.55487686869046, 61.95899351069489, 55.02456491737189, 48.73725133657381, 20.5954209230486, 31.204053032235446, 42.84551119813022, 51.01477794399131, 60.883983104692, 64.36133025103155, 67.790982046545, 70.0484228036699, 66.749945087222, 52.198766198046144, 42.59270431772251, 37.41910230849173, 81.82018275596724, 79.38560455368379, 77.62310380122008, 80.60226592928207, 82.20745933747698, 86.85586374805342, 94.53992815682551, 97.65153600233951, 96.11349789232226, 93.7559284864986, 90.60094593635303, 87.6812824578768, 81.60148428743803, 81.06271803544585, 83.53362398089749, 87.25261924538228, 91.90443535732643, 88.18800374327374, 84.51453487917641, 82.07362098523036, 56.51784741263549, 68.40709183544955, 81.65727915409603, 92.83606475440608, 106.8163366497699, 115.96665875853385, 117.54296192750584, 121.58845641325343, 131.65573200745817, 135.16897995222553, 131.899997591088, 119.71819145215605, 112.5204180425823, 103.63750358973765, 97.63706484625452], [19.434712694629834, 13.943597098885961, 20.103723934455374, 29.096039677326875, 26.087884033281217, 24.45349249397094, 25.983585521720997, 54.89827362856453, 60.24026651070008, 67.46676533719486, 75.97835920808674, 86.35820492474697, 78.7598511762588, 70.59342711968701, 62.685037596287124, 15.85123890079681, 8.267595294401936, 0.0, 10.753546883869568, 22.004336751157716, 21.985418832606438, 10.433548769574807, 5.318152691784056, 9.688679804630402, 15.41596975749583, 52.027736098183915, 60.845550834873485, 67.9091595956237, 77.72573974730189, 85.35187274078187, 83.67736366175168, 76.55887954221431, 69.20179798493726, 62.298118900505784, 56.16663576133572, 26.935945559747054, 36.16592006824006, 46.80404362741522, 53.12987972672713, 63.452384431083296, 67.98351334683846, 72.16427608379271, 74.53706114288866, 71.60922783886005, 58.01483741338249, 48.84912456794321, 44.34942172036292, 82.09430235295866, 80.53994117699658, 79.97109463948603, 83.56506332511955, 85.68798947789314, 90.6331598091356, 98.31967567635368, 101.02593119890383, 99.05065073610909, 96.27705825519955, 92.43967318653627, 88.84672040745707, 82.2723044310259, 82.93803251839184, 86.37701405880858, 90.71426666238796, 95.63723269301349, 91.62382085997214, 87.32191652881458, 83.93163461049546, 49.11799307111437, 61.48867296511272, 75.65962913115044, 88.10618880293578, 102.89671482086807, 113.49064848911942, 116.22680060784755, 122.92245771024567, 133.83954108814063, 138.07652819439613, 135.14536468337107, 123.36501784347759, 116.94680142577165, 108.34899092961331, 102.95587744316276], [24.36787915933574, 17.091386238566958, 17.132420310098304, 23.788081942741684, 23.658429512709542, 26.207866535165472, 29.731408249162097, 62.635746513782216, 68.32653370782057, 75.91295559641419, 84.25716984023681, 93.73171918978831, 86.66226102827979, 78.62928461931527, 70.50869765911511, 26.38275057428552, 18.933992441979473, 10.753546883869568, 0.0, 11.557508026851684, 12.40599197966954, 5.572420693056205, 13.393880309257696, 19.15225307176098, 24.997651077340862, 61.620004975378535, 70.10866717099383, 76.71463843348884, 85.91931764527018, 92.89901772949837, 91.63200607659361, 85.13074578948122, 78.1482274118404, 71.3856847312128, 65.49792584636349, 36.18003338831986, 44.34874117170635, 54.03030755995692, 58.1962504654774, 68.87815587007296, 74.58624943388801, 79.4378504498086, 81.59231882325611, 78.81970092657033, 66.58795242105761, 57.624852065122916, 53.46434852728972, 84.48779471493684, 84.06661475001704, 84.90983557366525, 89.11062425710627, 91.69757276516361, 96.77517538299881, 104.21350233643113, 106.64611603455013, 104.31265465736507, 101.16975508469774, 96.64095170610238, 92.29917225426578, 85.16155991724376, 87.29477584254278, 91.75835351540509, 96.61203907285952, 101.60126301641375, 97.49255349152911, 92.65363553510589, 88.25989402403707, 39.01097030322985, 52.51902284128921, 68.40136366391667, 82.77490596379477, 98.84410340671405, 111.48367115409195, 115.8421013917963, 125.96605644423275, 137.3229328938115, 142.11648482746807, 139.38427120860962, 127.91696496489952, 122.2505987727364, 113.79561291509513, 108.99061085029504], [30.391503833371857, 23.207067401264666, 17.66585508983599, 19.275934406939392, 22.84718019791543, 29.15755140527207, 33.97097639134397, 69.59125609173206, 75.74370068486793, 83.74150548018997, 91.84443614717394, 100.13813410783354, 93.57146536066818, 85.69969028315646, 77.4118004528484, 37.13042438109312, 30.062533160753386, 22.004336751157716, 11.557508026851684, 0.0, 4.2976676319203655, 13.308419829560007, 23.474771067657088, 29.10927335483047, 34.70888275336511, 71.08610343571316, 79.26291443091726, 85.41704272186225, 93.89609883588223, 100.09606518876078, 99.10200088878933, 93.29947803971666, 86.75510996722664, 80.09753699951207, 74.53514112863326, 45.14472897468405, 51.9030403263934, 60.42917551106566, 62.194045323213224, 73.03520023295233, 79.97800546722802, 85.4322009894432, 87.13519396401308, 84.53411676000542, 74.09569901766103, 65.53051515721987, 62.088515251173455, 85.11257883610075, 85.92594431794917, 88.26122240258161, 93.01591748827622, 96.01434870547727, 101.1016611500967, 108.12227816120017, 110.28904067738318, 107.64918923017427, 104.19582174849621, 99.03188601375227, 93.96506029353458, 86.30477120729041, 89.98891343435892, 95.44980769978375, 100.71990131515916, 105.64282068730388, 101.5625691276026, 96.28017305706467, 90.9122889784804, 28.899516773765086, 41.72805314124844, 58.89195648289872, 74.97915291636393, 92.21538896467801, 106.8446538079445, 112.87536462869, 126.59510401204086, 138.21024380711367, 143.65593348121547, 141.27692013060778, 130.4279796283617, 125.95541934842647, 118.17280962244563, 114.67418967132078], [28.514706784765085, 21.04405284707689, 14.06408234353895, 15.277952802547006, 18.913053467033052, 25.893086638153957, 31.380716430952, 68.4528869204126, 74.91621768596154, 83.06703894294476, 91.19840173654495, 99.36881616372641, 92.53932188343174, 84.55028807937175, 76.21123190703649, 36.72251155678999, 29.922919790948487, 21.985418832606438, 12.40599197966954, 4.2976676319203655, 0.0, 12.251198613982629, 22.48553544119299, 28.120122022415384, 33.73322391838399, 70.71591113144028, 79.06204667509643, 85.37691352021618, 93.92480856899269, 100.15138769603276, 98.89521518689578, 93.00889267917867, 86.40148522730065, 79.59615339332231, 74.03298610233787, 43.88062762208135, 49.64426800427718, 57.469059993491115, 58.68357201500621, 69.45747741831042, 76.58564521630665, 82.24633633648287, 84.14800419601626, 81.9330655420113, 71.72800742040899, 63.749090843644616, 61.100871904461805, 81.03777952934655, 81.9503063689929, 84.4997443097424, 89.39263481960211, 92.55814658472819, 97.80561373023143, 104.96667695054296, 106.8385384981165, 104.01404437200252, 100.43062606558367, 95.11768632856764, 89.95110715528747, 82.26971659432512, 86.11842006209108, 91.78374430377391, 97.26204355019549, 102.38769688663075, 98.08874021113763, 92.60075685289917, 87.03211409873381, 31.301799012039325, 41.21074853457236, 56.856684158893096, 72.21718034221304, 88.94139680911798, 103.18918379092824, 109.03278308250779, 122.74959161036197, 135.0398833719063, 141.02411461167418, 139.07990629129176, 128.75296849854934, 124.92000051804627, 117.86622895129635, 115.14894232201357], [21.535156333516277, 13.324153222326178, 12.78674074688675, 20.440955383901894, 19.251118158440484, 21.724782020452338, 26.152898482065826, 61.10487840701186, 67.2075805498005, 74.9732882083591, 83.38835355934206, 92.81464804239401, 85.31392075804752, 77.0856466724955, 68.90155092499842, 25.336279527361434, 18.312875561573748, 10.433548769574807, 5.572420693056205, 13.308419829560007, 12.251198613982629, 0.0, 10.784223200718822, 16.961302042385338, 23.06251437893349, 60.91954342033447, 69.7028395649909, 76.59445843780391, 85.96944946530212, 93.05831763681311, 91.39936203894273, 84.70694485922517, 77.58398795495741, 70.59119348178794, 64.65781820996837, 34.018778780710825, 40.81971013207553, 49.62564051271402, 53.384728540057175, 63.97406951031712, 69.78167980188155, 74.89590169815621, 77.47339687741578, 75.27461751854938, 63.064169959346614, 54.94012535476525, 51.91775414127559, 79.3724714630545, 78.93110454768033, 79.89391515489477, 84.24582432757808, 87.0490837957376, 92.39496982357382, 100.12280167136288, 102.13740181200322, 99.54907966477492, 96.23378829049376, 91.54412253595603, 87.13700665876634, 80.03752085613331, 82.20875613730091, 86.86397810797668, 92.00547884788399, 97.33518384707023, 92.86774063197572, 87.74957927784473, 83.16587247869042, 42.00561629276427, 52.8075867182682, 66.92622189161975, 80.27580631903515, 95.53805661225402, 107.4958225519345, 111.452861134504, 121.22838628873923, 133.56574092973906, 139.06496725575295, 136.9082000598656, 126.10711898537186, 121.21385759229157, 113.69263106470589, 109.8360909108693], [15.53341253453413, 9.748641286804897, 17.201898578295186, 26.685308582866604, 22.55525127021885, 19.80921929845033, 21.54891826932194, 52.335438977260196, 58.14805791304447, 65.61995173213786, 74.16681754797938, 84.34607303231236, 76.39444101387662, 68.05663489640817, 60.05601344666562, 14.87956996276364, 8.790125286387045, 5.318152691784056, 13.393880309257696, 23.474771067657088, 22.48553544119299, 10.784223200718822, 0.0, 6.383535111311361, 12.661266566089978, 50.76792382070365, 59.809044207523485, 67.06398883793193, 76.90884582193056, 84.51542151861007, 82.48214816809292, 75.28897595648024, 67.87506159271983, 60.7589271343162, 54.65211278871018, 23.92036482014463, 31.79524019346539, 41.87004945450255, 47.894790057123885, 58.21738814027816, 62.901345606324085, 67.26536182410904, 69.79830591481272, 67.25152194100804, 53.84149821705713, 45.333568932285424, 42.00849668153444, 76.86009027002189, 75.24021134616083, 74.70149095070998, 78.36999638314016, 80.60556298547753, 85.69085458824456, 93.53270812397307, 95.99404000453916, 93.88594702137176, 91.0354095775293, 87.14062196626219, 83.54375018344108, 77.00240266942885, 77.64019546133346, 81.16509009895636, 85.64596104470267, 90.74936843784636, 86.54641547334255, 82.10497311139936, 78.63222738240422, 51.284020615110215, 61.29017731199313, 73.86937118855815, 85.24100646994096, 99.30248819705045, 109.1805260845335, 111.50103827202292, 117.76417535042366, 129.22491028976307, 133.96344873701267, 131.4850633909261, 120.27514888505696, 114.59726412360423, 106.92867747189202, 102.61825494748277], [12.975383074366746, 11.146843210032605, 21.099920585434507, 30.577566748716432, 25.487049832828983, 20.145443049534254, 19.50529739607879, 46.41753661312242, 52.08678673389368, 59.44935441995683, 68.03060384460981, 78.46819184888257, 70.35357330013115, 61.99481667719386, 54.087118600750365, 9.450633754912367, 6.611411389954341, 9.688679804630402, 19.15225307176098, 29.10927335483047, 28.120122022415384, 16.961302042385338, 6.383535111311361, 0.0, 6.289231946440281, 44.51349083417743, 53.62590644130397, 60.99134918408377, 70.959323685667, 78.72776128770602, 76.50426401043623, 69.14881799484559, 61.6577390046777, 54.48908056047789, 48.358878739346366, 17.645843823551825, 26.541619545912415, 37.701823066180154, 44.96288713798443, 55.097589148742436, 59.20540801198199, 62.99848686979233, 65.10654137203373, 62.10250994441892, 48.33938784986803, 39.31630655768709, 35.69108944933412, 75.42605631429825, 73.18535394839022, 71.78461444100782, 74.96975184410262, 76.7529079092022, 81.49612147690209, 89.18458503957424, 92.092559018564, 90.40216262178609, 87.92961276011573, 84.5949131252057, 81.5044274710501, 75.27855105663993, 75.06784402954862, 77.85163730901384, 81.76685363748324, 86.51234625323822, 82.69392568303752, 78.81874912330898, 76.07778398496639, 56.09116395161228, 65.33596235895956, 77.03625438992361, 87.26222114083073, 100.72540825301832, 109.47273086976975, 110.9347439784101, 115.29092539780036, 125.76807036123455, 129.87571927468773, 127.10626337128349, 115.6055863499588, 109.49217663453557, 101.78471267187264, 97.41937992293357], [12.864831635074825, 15.01083426534145, 25.716968768326215, 34.8887192371111, 29.24727490428879, 22.104729151153265, 19.098727279430666, 40.519376626203986, 46.024211462076416, 53.284962982200426, 61.890617957400025, 72.54979964309705, 64.30027459179935, 55.93622747286431, 48.12834964389763, 6.5320875891376415, 9.640195216675075, 15.41596975749583, 24.997651077340862, 34.70888275336511, 33.73322391838399, 23.06251437893349, 12.661266566089978, 6.289231946440281, 0.0, 38.392717432536614, 47.547539300155115, 54.99188970210885, 65.03702082270716, 72.92972618092638, 70.51859629452191, 63.03427289194532, 55.49239333050405, 48.27472627424957, 42.146551008403655, 11.538968391494146, 21.978589099017274, 34.34652563043472, 42.78809028429759, 52.62325297693418, 56.13449428693507, 59.26602726939607, 60.77894464786989, 57.198488683657274, 43.21828875631951, 33.496725047676435, 29.424249909809667, 74.45921747173966, 71.63508084737784, 69.38048020563281, 72.03446175029049, 73.3080580087936, 77.62210155232319, 85.06288016910936, 88.4869801183746, 87.2704585893777, 85.22068253335934, 82.48857260411084, 79.92332756458312, 74.0313947579571, 72.99088398182684, 74.98938445663563, 78.25583354620969, 82.5468431125476, 79.20924357125757, 75.97951017492947, 74.01390855220052, 60.794912793040844, 69.29351352789523, 80.16971827889829, 89.30517828755093, 102.19913697376789, 109.87125474386889, 110.52796970213213, 113.0427356695195, 122.37210144462006, 125.7735021420974, 122.67064640106926, 110.85301762216467, 104.28617095810137, 96.53917511117268, 92.1660402226443], [45.131435174834984, 51.84920577222752, 62.487358532381414, 70.49130811840286, 64.50088893624994, 55.182610650185815, 47.97804972448534, 21.966501890216676, 19.280319529471626, 20.70759664320032, 28.56845500617002, 42.62524421147316, 34.68019837216417, 28.377425416819865, 24.9856377626035, 36.91314265833126, 44.375166831981915, 52.027736098183915, 61.620004975378535, 71.08610343571316, 70.71591113144028, 60.91954342033447, 50.76792382070365, 44.51349083417743, 38.392717432536614, 0.0, 9.749103687533022, 18.367896513053118, 29.893795055183343, 39.69530896884953, 36.19312585980742, 26.928165316033212, 18.55993678421678, 12.024832138746426, 5.70651194216905, 29.17241606275531, 34.3876046452662, 44.623317836560894, 56.395289911700516, 61.725712146451386, 60.29429847339924, 57.9821667268281, 55.00981703538736, 47.19742863543687, 35.44567594273717, 24.08210875593757, 13.936741800827445, 88.296