{
	"dissimilarities": [[0.0, 8.390708052305657, 18.107931716601897, 25.762151325838083, 20.542257750523284, 12.573338356307682, 8.60405019871165, 40.90189209303918, 47.65441851639427, 55.979607939819964, 64.21314766885163, 72.9537360261486, 65.1725210429255, 56.886798637176184, 48.578264535298935, 18.75859796469182, 18.304045344411765, 19.462597522131546, 24.356523811260796, 30.541522616934508, 28.527146658296566, 21.52130909509389, 15.625737681234446, 11.483076376418563, 12.81694523617461, 44.931930733402076, 53.5567599235139, 60.13183168272522, 68.89262761440213, 75.58649953981853, 73.19603291890499, 66.68877875304423, 60.066892573596846, 52.95831016554608, 47.13331431731426, 17.09128904917716, 23.079588082951112, 34.434564558811374, 38.59504726609487, 49.10190540214156, 54.83419238188654, 58.64270726843383, 59.094288519293755, 55.54186933500623, 45.150481522980094, 35.552987921106805, 33.455681098955466, 67.83630749332613, 64.17953852225787, 64.59578024417264, 67.81618124474764, 69.52677674480323, 73.71273489122476, 80.53980690093306, 83.84201544257516, 82.37237746150947, 80.955482235582, 77.63559784085773, 73.45538357032984, 67.86938632228238, 67.46640854751898, 70.51119100517232, 74.16301543985992, 78.22788098179278, 75.08344634210782, 71.43051395256111, 68.4536110501469, 53.61680666446879, 58.85641826573954, 67.96970356843083, 76.14086556982744, 89.69625265917341, 99.40505653709445, 101.29271584787622, 106.55485593938828, 115.5440694737576, 120.02608766848371, 117.4341589548541, 106.17764331429377, 101.25409343144032, 94.80912819600292, 92.63355176160302], [8.390708052305657, 0.0, 10.762730000918635, 19.573712857099597, 15.062819282483378, 10.595656051913398, 12.856599956549516, 49.25192777805784, 55.9353948750417, 64.16043913557414, 72.49455617969427, 81.34139882187452, 73.52838000260606, 65.1975887398522, 56.90475303999254, 21.010274633911735, 17.493106568521238, 15.33133949173437, 17.91987363659468, 23.584489389712072, 21.07881751064433, 14.096743583873403, 11.288198030609886, 11.038448517995679, 15.92015162710016, 52.145988210980306, 60.994971272549435, 67.77872655228168, 76.79726272797099, 83.62310568670729, 81.34804654332333, 74.74068233572902, 67.92266831910261, 60.76701618849698, 54.82862184991494, 23.737387032904948, 29.056302055186375, 38.70042646395384, 41.88163310403707, 52.49678741957462, 58.62087173818194, 63.24364177879308, 64.87196574481926, 62.30710462631315, 51.45528933883592, 42.98733952410157, 41.22873640459985, 69.361053227022, 66.3945316391721, 67.80866136875404, 71.71271048062961, 74.12896369676024, 79.00890479826309, 86.36418790405527, 88.80814610083523, 86.62686438878963, 84.58916413862364, 80.47799647169114, 75.647726057597, 69.7256985914662, 70.28678059729988, 74.32118064671062, 78.90220971966845, 83.74728785679262, 79.78004848123716, 75.21106406602468, 71.25126372568437, 48.31220701980896, 54.52111288482217, 64.68537024233176, 74.37489678433224, 88.55089895693587, 99.6151830374641, 102.45679694597698, 109.85946697526951, 120.79600013513924, 126.3566740878865, 124.33113610441143, 113.61973530402408, 109.23896851295466, 102.85534423357747, 100.45049690267575], [18.107931716601897, 10.762730000918635, 0.0, 9.319484429487611, 7.427189795850449, 12.147763697710168, 18.79923184032489, 58.33825409100577, 65.49295067312642, 73.9568212865643, 82.02227420075869, 90.0423325567698, 82.45620841654208, 74.21563238947937, 65.85136584135319, 31.10989435942226, 26.31017222351342, 21.384498931200092, 18.226030986073436, 18.48308043882586, 14.666757486128418, 14.04574377448848, 18.478361361542124, 20.923069529228187, 26.4576438811754, 62.77004945706773, 71.52658456809488, 78.12038034531685, 86.74581989453402, 93.1121465068165, 90.98120217658747, 84.72587642505475, 78.17009843468479, 71.05999408165208, 65.2065178542605, 34.17594046167763, 37.47950269959101, 44.734652855778464, 45.020096719941, 55.48049146907822, 62.82227764109993, 68.3776553758286, 70.42602201607875, 68.81195070796532, 59.327187354608505, 52.08966123300572, 51.39814208411064, 68.23759315053294, 66.7938576211411, 69.94274050714355, 74.66146736671482, 77.8670613017985, 83.20210575309883, 90.58665695843612, 92.13073256874883, 89.22511224257981, 86.44706690182511, 81.33044602620396, 75.70365111520947, 69.2094937120115, 71.60692868568265, 77.0012125601337, 82.50925407612014, 87.8375409908699, 83.31524544037426, 77.80807600930984, 72.50385973724896, 42.055855858923145, 45.98331457838833, 55.95089022233183, 66.8636022850773, 81.74915628058368, 94.5467687512675, 98.86920404715136, 109.89510575875543, 122.55616446397806, 129.4632894114194, 128.2621157669426, 118.61288253129784, 115.71913065915801, 110.25938886832891, 109.06183099655944], [25.762151325838083, 19.573712857099597, 9.319484429487611, 0.0, 8.09451276349176, 17.444071688542014, 24.354638222467706, 64.17106935063599, 71.74672067876268, 80.45096457402565, 88.10993602616382, 95.07468257413585, 87.87322707937987, 79.84567319277458, 71.47259878604484, 40.296610025066734, 35.53068093157502, 30.110174784165302, 24.688331899591336, 20.30499109321186, 16.354400773897467, 21.45528526752497, 27.665369854898, 30.141945255670862, 35.48016736202728, 70.67906297598691, 79.17883407299746, 85.40442801454137, 93.3965230116867, 99.1234157447403, 97.14259072173884, 91.40054484286378, 85.28223300314977, 78.29809553160038, 72.62555614491083, 42.30985591639019, 44.230817289234054, 49.99500487619359, 47.7190866406165, 57.79573778758924, 66.23521650213901, 72.26811841045674, 73.97398968535111, 72.79064337696065, 65.19017385092616, 58.61158511278982, 58.71352351321711, 66.63183558332496, 66.66596775742478, 71.22851632332754, 76.40941367418519, 80.03598448836375, 85.37268360497804, 92.33542481154481, 93.41659826508523, 90.17023466488519, 86.95300516447736, 81.19726927749414, 75.08609472866986, 68.14268561363353, 72.15494623603792, 78.46579133408666, 84.38363476095107, 89.67821280574749, 85.1283293992765, 79.18643132954954, 72.97741087380344, 38.719197771811935, 38.144962986575784, 46.94065747289688, 58.488117950156514, 74.08792523515103, 88.30180995090618, 93.9479248770601, 108.16357511053212, 121.38997852996151, 129.10223494317546, 128.46371429017734, 119.71897914447422, 118.21637335021936, 113.75630214630917, 114.05672771290722], [20.542257750523284, 15.062819282483378, 7.427189795850449, 8.09451276349176, 0.0, 10.061908897191726, 17.891738891777344, 58.36935524851883, 66.13629606479861, 74.78145422813029, 82.54154442353409, 89.8706060586633, 82.09757225565474, 73.85827383834942, 65.53992769108596, 35.69606549907474, 31.789345398674477, 27.964211263293283, 25.63227369157633, 24.851619222320267, 20.78765949549273, 21.220922626647813, 24.315242943433322, 25.6334961261888, 30.385935441065445, 64.9738373310992, 73.65594166715563, 80.20647391731774, 88.54292123254544, 94.6180660312946, 92.16005294956528, 85.99431225656352, 79.69803506564483, 72.54155561019222, 66.82565864859791, 36.076542782758835, 36.697790596416354, 41.955031039633106, 40.15525936868538, 50.370676745797766, 58.458609051729766, 64.42783940070481, 66.49661812438967, 65.59511234763141, 57.445439896623355, 51.52733374830103, 52.53451168447378, 61.304397190769684, 60.39422297344488, 64.24796102908296, 69.27252816846617, 72.8108737946415, 78.31231989135541, 85.70309096058476, 86.72227421723096, 83.49875255343278, 80.43321783155822, 74.97493595066503, 69.12361382357746, 62.4544966915727, 65.5321088093065, 71.45429696954737, 77.323317424075, 82.86495409611607, 78.08769902682684, 72.21404958909172, 66.39472376640437, 46.06915954963747, 45.56674552028703, 52.24305860042259, 61.43380158799917, 75.22191107854444, 87.44305002573307, 91.6007259893098, 103.13637109497505, 116.73828565142217, 124.60657194500212, 124.19572045691334, 115.61008613752658, 114.10982971436549, 110.11922848684281, 110.60740312591821], [12.573338356307682, 10.595656051913398, 12.147763697710168, 17.444071688542014, 10.061908897191726, 0.0, 8.430403691886884, 48.82367831715047, 56.59061191990419, 65.15400793987244, 73.00632407404993, 80.75951682999198, 72.625347533074, 64.25245316943824, 55.97059626544628, 28.896947201559716, 26.765521192944103, 25.563449008156333, 27.16423120457286, 30.02003160201678, 26.565352018055645, 22.670510827210514, 20.96057463201975, 19.75359374598126, 22.97498620482234, 55.47166930759562, 64.16380056017718, 70.84623572879974, 79.36589776867598, 85.70568056652544, 82.92430393960794, 76.47428042528988, 70.08704120285006, 62.859216397765735, 57.15411617147863, 26.64503945676532, 26.81073856828008, 33.36693851518832, 33.47602148480553, 44.082811598931684, 51.408868220705166, 56.68447039359714, 58.30542797781081, 56.76267915869686, 47.892441533932406, 41.491961450576355, 42.70621771834235, 59.04680497861934, 56.61798497101203, 58.887963752909485, 63.21651715448274, 66.09124830020444, 71.2335987235532, 78.65591167499495, 80.40524884074105, 77.79667873177986, 75.3857649552015, 70.84276075900651, 65.74073049051789, 59.585337016005376, 60.91983754923814, 65.64263762456595, 70.72779140702082, 75.89472298865059, 71.55830813372549, 66.47957154743243, 61.85232571162085, 52.757929257266504, 53.48347211360151, 59.61471966245435, 66.93089506839145, 79.5189029588324, 89.5806522623462, 92.03866369108914, 99.85040530002634, 112.04248287359944, 118.95367265616099, 118.04997909774079, 108.84661361669315, 106.52443487093694, 102.35655375593734, 102.55913420869902], [8.60405019871165, 12.856599956549516, 18.79923184032489, 24.354638222467706, 17.891738891777344, 8.430403691886884, 0.0, 40.527765249557156, 48.32375704710695, 56.9685798454307, 64.71430884693083, 72.38051846615562, 64.36960640387538, 56.06401656523794, 47.7395500582702, 26.20888279548203, 26.11375379595465, 26.968498794421258, 30.527289480879922, 34.69529786247344, 31.92846043510744, 26.893809637364377, 22.53959833857059, 18.989385898084382, 19.99584977382569, 48.23852268594085, 56.61711578839206, 63.01027688516153, 71.21854620754213, 77.39711789625504, 74.60213662970072, 68.31504616770096, 62.148237687494394, 55.02953178056336, 49.471569742327624, 20.63110603810433, 21.245953335264414, 30.06161808243738, 31.59624093588586, 42.19545183271517, 49.01649394160817, 53.31089164837255, 53.52713343724305, 50.69534753020214, 42.22731351579774, 34.37048676596498, 35.12848120769063, 59.554259707585544, 56.30513314223708, 57.35176737380474, 60.860062706941235, 62.87803307012465, 67.19418755638786, 73.99229755533645, 76.83675275969925, 75.09350806014622, 73.4282150256229, 69.82143671915969, 65.4792911767277, 59.7077985547521, 59.88379863552985, 63.41216259693731, 67.38160512348723, 71.60552468823111, 68.27042933597562, 64.29109153870041, 60.84819462674596, 56.585205724252354, 57.672591348252745, 63.72557734595456, 69.98091600945817, 82.31243067786625, 91.1775050527968, 92.74712056065721, 98.31596313605179, 108.09283438103725, 113.6045080656752, 111.89063390191552, 101.84747705088434, 98.68923714064738, 94.16005490726477, 94.3202710360948], [40.90189209303918, 49.25192777805784, 58.33825409100577, 64.17106935063599, 58.36935524851883, 48.82367831715047, 40.527765249557156, 0.0, 9.067949763946093, 17.687059874675693, 24.397177510687154, 32.84191079075256, 24.28473281435859, 16.124142530083606, 7.903362952601443, 42.96023697721917, 49.214909248691626, 55.3519502105303, 63.00342634029775, 69.91400935848823, 68.6527714994446, 61.39914078872887, 52.72824654638677, 46.294034050696126, 40.94381282633157, 22.58611471416102, 25.225829916506395, 28.51367277497485, 34.0861078119613, 39.67097886841489, 35.49316243918128, 29.54800240712568, 25.457217658580465, 20.096514517805467, 17.905326088855514, 29.93738659161427, 29.786290207128143, 38.21020671603902, 45.18100958422008, 50.17835724212371, 51.17204429782047, 48.96210370423343, 42.18975740264578, 32.332796130899304, 29.099173960883544, 17.103112994659742, 14.67392811919511, 73.65166642682381, 67.07031207857514, 61.96100653357507, 60.631421841277096, 57.8313425301291, 57.066681279329096, 59.79792939858417, 67.94130175611105, 70.84571847654246, 73.18745498529738, 74.74845003313379, 74.6627158266972, 71.97198737641938, 66.41635452304266, 63.31374028068002, 60.86948925233912, 59.63798460479896, 61.88530990291297, 64.23233920588595, 67.32199597585061, 88.59860301467454, 90.83959589451118, 95.50586559925878, 97.19923456513638, 106.38242013930189, 108.89113605510401, 105.71368330756385, 98.54103230125212, 96.67197811595966, 94.6435358824183, 88.84874224414872, 74.64110163480647, 65.83006983202897, 59.51851111704363, 59.0907198316105], [47.65441851639427, 55.9353948750417, 65.49295067312642, 71.74672067876268, 66.13629606479861, 56.59061191990419, 48.32375704710695, 9.067949763946093, 0.0, 8.9714927038183, 16.569424214902128, 27.36230090026183, 19.373257450767667, 12.523489066455124, 8.455935221898816, 46.97236370749597, 53.66779358812973, 60.24441825750998, 68.33288550426764, 75.80902362250133, 74.9071989364639, 67.19872955627726, 58.16471493921246, 51.7626731586114, 46.018811513245474, 18.880592059007284, 18.24498700871976, 19.939370563033776, 25.167264315271634, 31.437680537331836, 27.043673681075745, 20.606322110263463, 16.73036174772802, 12.562215950406914, 12.703656314541885, 35.40012850014081, 36.89293273641609, 45.481925647014215, 53.50115489399318, 57.994124452485536, 57.885751833222834, 54.835317480335036, 47.94664480833422, 37.74166976754149, 34.25357190896636, 23.06262132425516, 17.849012708159098, 82.01154145261766, 75.07464266344174, 69.26143577678505, 67.36150156382162, 63.986098430848955, 62.57368567548941, 64.64941213403573, 73.42715954544501, 76.96602660966992, 79.83780447688376, 82.0552006925813, 82.44846059634703, 80.15588666691208, 73.94068197315487, 70.03895196884635, 66.79808913619493, 64.84806854365564, 67.80191316264747, 70.95199328644293, 74.8299128391208, 94.13042712861494, 97.92343385106744, 103.5826922212676, 105.66179275181808, 115.08850842587304, 117.3773610204892, 113.88336515737619, 105.15835357585239, 101.34015566046227, 97.49157428173237, 90.50423967466159, 74.97541737910747, 63.62446965736931, 55.17170147630883, 52.14059604305396], [55.979607939819964, 64.16043913557414, 73.9568212865643, 80.45096457402565, 74.78145422813029, 65.15400793987244, 56.9685798454307, 17.687059874675693, 8.9714927038183, 0.0, 9.21608911650316, 22.883301435270877, 15.489082573160685, 11.89959560124595, 13.931060973019175, 53.532336666139564, 60.505562376378066, 67.44854454576777, 75.93629947999817, 83.8338315514475, 83.0714588715336, 74.96122944822498, 65.60628739344233, 59.239647473124606, 53.25644842383499, 20.32420115566656, 15.462094419239135, 14.268248546695736, 18.14339165401282, 25.118239745925152, 19.672964508702037, 12.061912574203562, 9.449804082732825, 9.336658855245219, 13.701543252863194, 42.74760131699416, 44.26132721337286, 52.00777514100708, 60.63576980760189, 64.24070777763136, 62.92973934937993, 58.94497637430334, 51.87592977261584, 41.62901673111502, 38.64658103017275, 29.412538794203602, 24.46479230960872, 88.66494165885834, 81.27219373045185, 74.61194591305727, 72.02770111004959, 68.02209012504045, 65.9175079619116, 67.36406167183141, 76.62637466812373, 80.80458024525547, 84.25734374423843, 87.25731319510881, 88.27767904202221, 86.55517368158807, 79.50648192307199, 74.6570894797172, 70.53371752566895, 67.87738007930984, 71.5109318351034, 75.55099942834957, 80.36448425106859, 102.14209554434377, 106.6323641672963, 112.44929989866101, 114.27236047209612, 123.27865374297673, 124.74121104984869, 120.52447945757072, 109.53379859174942, 104.06671682683954, 98.75506820288034, 90.99898916296436, 74.80466854736672, 61.62398927416555, 52.15974579167278, 47.33388270337616], [64.21314766885163, 72.49455617969427, 82.02227420075869, 88.10993602616382, 82.54154442353409, 73.00632407404993, 64.71430884693083, 24.397177510687154, 16.569424214902128, 9.21608911650316, 0.0, 14.631848385243407, 9.813062585620761, 12.526663091088542, 18.563288251094576, 62.61493490589744, 69.51551608962293, 76.2980482992986, 84.49473192208822, 92.0062101676961, 91.2577321030483, 83.57014374881122, 74.43628615680537, 68.06267792271683, 62.17875575076057, 29.162093455337494, 22.797597377040105, 18.43336843500018, 15.9754842009566, 19.696868987878403, 13.228251271245568, 9.382167807150006, 13.772428492687624, 17.535024063910402, 22.713657903692063, 51.58832110494337, 52.305791230855924, 58.97947166235643, 66.63980601872804, 69.32827338150094, 67.77632990281892, 63.09901966649075, 54.73680212173343, 44.11779578582718, 44.45914375238691, 36.92067580921481, 33.37497786863042, 92.62063833648182, 85.34079922342393, 78.351567235693, 75.11790506774085, 70.4411253765223, 67.14310953061681, 67.0107855140621, 77.11821351439004, 82.18479951022094, 86.27265507798181, 90.04274173360062, 91.70959972899519, 90.41306004690468, 83.12816971669845, 77.52573135802635, 72.29423749221264, 68.24491130502824, 73.22332330275981, 78.35103973401235, 83.9200919919689, 109.3284331022379, 112.83785614221064, 117.80929355573151, 118.60314031231762, 126.92308675988393, 127.31333474278333, 122.4970954556165, 109.92152644196885, 101.45880919753061, 94.20534085270528, 85.44765871175458, 68.54894618549453, 54.076561542368715, 44.68575670531672, 41.18297101226492], [72.9537360261486, 81.34139882187452, 90.0423325567698, 95.07468257413585, 89.8706060586633, 80.75951682999198, 72.38051846615562, 32.84191079075256, 27.36230090026183, 22.883301435270877, 14.631848385243407, 0.0, 11.43323420454265, 19.53798969593786, 26.17595666378213, 74.13685763840172, 80.64979773558983, 86.79277457718823, 94.0414692635144, 100.393524688859, 99.57871940002245, 93.11506835665594, 84.75020676579729, 78.41170434567023, 72.95028012735663, 43.123932571118466, 37.12281404686269, 31.78851736659744, 24.7552694397954, 21.23456135122141, 17.204457936696233, 21.465667288283164, 28.08415201114511, 31.884329656524297, 36.53698108002506, 62.3440157788123, 61.88038827675335, 67.36164146018696, 72.60681728783663, 74.38615808129131, 73.5942131188471, 68.63100212184604, 58.17922757077212, 47.23500586275207, 52.9748695973187, 46.7986852732626, 45.01145219569376, 94.62207709793246, 88.1800194396829, 81.55157623265966, 77.80622743146671, 72.53984140436451, 67.60629361984716, 64.77416686814698, 76.00162480112631, 82.15429104890048, 86.85772375315487, 91.29503573353855, 93.57060401658694, 92.52826694650098, 85.78587233824116, 79.77969858968227, 73.33844582283463, 67.20698627799608, 74.18156962040683, 80.47359614860234, 86.46667929426677, 115.60583984290737, 116.53723056133495, 119.67295549138626, 118.66783550924521, 126.00985088932273, 125.11453752230882, 119.93190826342978, 106.7737341491002, 93.51057341520742, 83.45012537965206, 73.13187255585616, 55.092174922365324, 39.498237352594586, 31.7830112974623, 35.39794431723369], [65.1725210429255, 73.52838000260606, 82.45620841654208, 87.87322707937987, 82.09757225565474, 72.625347533074, 64.36960640387538, 24.28473281435859, 19.373257450767667, 15.489082573160685, 9.813062585620761, 11.43323420454265, 0.0, 8.853545443046306, 16.75939236627999, 65.96228790141993, 72.64184750938728, 79.15504799378031, 86.99119111969823, 93.86376572126228, 92.7419574109178, 85.59237730387342, 76.74602975132211, 70.28675115666113, 64.66478430903646, 35.23435134867256, 30.646605046994978, 27.780322654670574, 25.38251735367554, 26.672318114270045, 20.641193972505903, 19.029012504980862, 22.57954539533748, 24.41995007451004, 28.455592084302953, 53.472738664616536, 51.908606303668726, 56.721474647093885, 62.747484273140984, 64.40946280128702, 63.03436714175852, 58.039117691097886, 48.33589839303494, 37.486119796224976, 41.73800309557363, 36.2613367789139, 35.843618667959575, 86.22084008477492, 79.14492963394915, 72.09097581095136, 68.4596691738497, 63.40286943494999, 59.29856615216613, 58.158701469906646, 68.6925233911222, 74.21578030295157, 78.62019933673233, 82.81393478858602, 84.91893709714758, 83.949204207679, 76.6422868003592, 70.64597153074895, 64.74417302772534, 59.80560761858585, 65.63694913855788, 71.405626832153, 77.37099861055853, 111.08839602120504, 112.17909414068775, 115.11766219666272, 114.23986953481112, 121.16030407831555, 120.19139935111686, 114.66706361886324, 101.03597864609561, 91.71454135097137, 84.63665964375328, 76.42082225987957, 60.46265134453141, 48.18201005411234, 42.852395143000024, 45.165467817335724], [56.886798637176184, 65.1975887398522, 74.21563238947937, 79.84567319277458, 73.85827383834942, 64.25245316943824, 56.06401656523794, 16.124142530083606, 12.523489066455124, 11.89959560124595, 12.526663091088542, 19.53798969593786, 8.853545443046306, 0.0, 8.397603489019113, 57.756718508599796, 64.40715211296092, 70.97596979265366, 78.97857000501776, 86.03283422777595, 84.76966635260585, 77.36062588501893, 68.38566150612901, 61.90032834212469, 56.28087432737705, 28.929168978426844, 26.43524324213549, 26.096051641688266, 27.536139322899388, 31.369549858491528, 25.49049940456432, 20.798375129149054, 20.73860366109575, 19.72021600334512, 22.244428500191702, 44.90116003158267, 43.07099165135469, 48.275224417489994, 54.865514232111714, 57.194445063923354, 56.0947122197782, 51.670214558289516, 42.828519841992275, 31.991905960151517, 33.9424408116744, 27.459808961637663, 27.489500389995193, 80.10726264764992, 72.87619937773762, 66.06664780328042, 62.99713917839764, 58.526455917455635, 55.54368615192185, 56.04045729333117, 65.76195116553862, 70.41995807066954, 74.22554911086722, 77.71075414019553, 79.24233610289832, 77.8963230855168, 70.74639689147733, 65.40178837220259, 60.511144841676455, 56.93247261101915, 61.461022417450685, 66.23052514604673, 71.53892273925871, 104.24818243573571, 105.62774643375755, 108.85933734857882, 108.58802430789437, 115.86870572713839, 115.67538783642708, 110.58042767303517, 98.33555985559597, 92.21786814486958, 87.41111320642827, 80.4762975748013, 65.57541999814917, 55.105902174982845, 49.97504599481087, 51.25642208129171], [48.578264535298935, 56.90475303999254, 65.85136584135319, 71.47259878604484, 65.53992769108596, 55.97059626544628, 47.7395500582702, 7.903362952601443, 8.455935221898816, 13.931060973019175, 18.563288251094576, 26.17595666378213, 16.75939236627999, 8.397603489019113, 0.0, 50.36286490145578, 56.787908249104845, 63.10536516365101, 70.87738435307537, 77.76034503054248, 76.443530889761, 69.19652845045705, 60.4201093785145, 53.956101654450535, 48.51081546561015, 25.554011096437204, 25.681877312997933, 27.336566606589404, 31.05405875394075, 35.79903472467086, 30.801382029474098, 25.370411402831486, 22.979722049881413, 19.354326903093344, 19.4986825065202, 37.21670421786165, 35.70474186951841, 42.12091157579491, 48.69537811042263, 52.22615314799638, 52.224756530604694, 48.86468852972883, 40.78259089641856, 30.138393613615012, 30.007774235357978, 21.047521378788, 20.744871871103566, 75.39989550022021, 68.48664593151607, 62.50387078432813, 60.2752166369794, 56.60786112865459, 54.70601505283275, 56.34383841921245, 65.31871183089137, 69.10244258560019, 72.17991647849948, 74.7115980979118, 75.45567144323327, 73.44209528054442, 67.07301565785947, 62.82150659932392, 59.1224767133316, 56.69846477963059, 60.11376198328005, 63.69718918797155, 67.92263865846184, 96.1782047442791, 97.63632801498989, 101.29139603927048, 101.7720550658784, 109.84059430511358, 110.85952308194436, 106.6574854221713, 96.93972774177786, 93.05296401101214, 89.83884839754782, 83.62056668367336, 69.21415708147057, 59.96789777275074, 54.57327139045964, 55.450640924157234], [18.75859796469182, 21.010274633911735, 31.10989435942226, 40.296610025066734, 35.69606549907474, 28.896947201559716, 26.20888279548203, 42.96023697721917, 46.97236370749597, 53.532336666139564, 62.61493490589744, 74.13685763840172, 65.96228790141993, 57.756718508599796, 50.36286490145578, 0.0, 7.390180958805136, 15.590829465301997, 26.337005750799808, 37.10969974348979, 36.42205030854854, 25.11335570384928, 14.592257172146128, 10.209328775900302, 6.227932486554668, 36.92526558115576, 46.09111300422037, 53.692369443816396, 64.31538806830171, 72.77532078893513, 70.36057149779734, 62.59309146035866, 54.705570347302846, 47.667746710170185, 41.52607843078772, 14.923495269464825, 26.82512386768007, 39.52394067575783, 48.897212005709946, 58.385901276960396, 60.97935326972115, 63.56395083698535, 65.44566198654601, 61.54674631086929, 46.68395747151205, 36.40730152518006, 30.559914899610078, 81.18467970996039, 75.78389939230793, 74.1058969144976, 76.50123472134155, 77.57039523156553, 81.82247774476994, 89.39900653901813, 93.04019022252014, 91.93715477558474, 91.09407767150839, 88.68155696232115, 85.2073290570002, 80.56446876884476, 77.93596955999256, 79.52379320854867, 82.58412948531317, 86.8787001019982, 83.54800292779238, 80.53372837838201, 78.97030993246496, 61.77845697781777, 73.3470069348688, 85.23457402133575, 94.58074047530266, 108.03727384580323, 117.12196042856095, 117.95301494853587, 119.52706060320365, 128.34958265955513, 131.619224035748, 128.1042383343673, 115.36327296323779, 107.4480150191231, 98.3356271688306, 91.58588149190076], [18.304045344411765, 17.493106568521238, 26.31017222351342, 35.53068093157502, 31.789345398674477, 26.765521192944103, 26.11375379595465, 49.214909248691626, 53.66779358812973, 60.505562376378066, 69.51551608962293, 80.64979773558983, 72.64184750938728, 64.40715211296092, 56.787908249104845, 7.390180958805136, 0.0, 8.406926244281497, 19.447103860187564, 30.56413070174276, 29.945399057373486, 18.260689989477754, 8.243762700490963, 7.200252881958382, 8.942880936257676, 44.22970475247473, 53.307648562239905, 60.73481734405768, 71.13017242322455, 79.33563886004693, 77.16422483089045, 69.64170282962516, 61.87621839380463, 54.87801690751546, 48.75176995122563, 20.632465268278075, 31.182238443513654, 42.93109805211409, 50.97020542817615, 60.860108744463496, 64.24846284431199, 67.60325123628495, 70.02366092895166, 66.71571713532232, 52.21929631340712, 42.57517629491085, 37.461510801129656, 81.98124886699718, 77.28847069805558, 76.59423289590957, 79.59395080680189, 81.23560708434199, 85.94632026218233, 93.75608353645443, 96.84859129103907, 95.22764725646654, 93.88110086234963, 90.78205541391948, 86.73681797486387, 81.6868473249076, 80.04156222954772, 82.5307764425714, 86.3127467003063, 91.07901173099683, 87.24921324429033, 83.51436446241503, 81.0609892919777, 55.93006921905044, 68.44554520299694, 81.26272359846205, 91.7868054177254, 105.94166423150669, 116.24713287014524, 118.00622133759552, 121.74339819049784, 131.77687967223525, 135.81546458496132, 132.66525676522116, 120.29206073328253, 112.97630021970595, 103.99339269731135, 97.48586190818041], [19.462597522131546, 15.33133949173437, 21.384498931200092, 30.110174784165302, 27.964211263293283, 25.563449008156333, 26.968498794421258, 55.3519502105303, 60.24441825750998, 67.44854454576777, 76.2980482992986, 86.79277457718823, 79.15504799378031, 70.97596979265366, 63.10536516365101, 15.590829465301997, 8.406926244281497, 0.0, 11.128645572334985, 22.45661721710911, 22.081655342380788, 10.50861011376319, 5.327715021993855, 10.245577791212119, 15.39088804295392, 51.93292996368045, 60.824997195628285, 67.89995546830542, 77.8296027662825, 85.56829969889027, 83.75622383165445, 76.68233267856124, 69.1872855874827, 62.27720923018889, 56.20645512368921, 27.359624114282088, 36.877320852151314, 47.85503462743774, 54.094317964794044, 64.35114388147836, 68.78513967694144, 72.8251481619281, 75.31240719441492, 72.3232869342494, 58.76992563711291, 49.338177633837205, 44.6352786726059, 83.219181192047, 79.49449980522809, 79.95292927782417, 83.52128671892666, 85.65610906590398, 90.61870586342374, 98.36940568917944, 101.08966618032571, 99.07103366121552, 97.26746524093598, 93.49326098364008, 88.8777905480714, 83.33646725700483, 82.9183030101324, 86.32729898961301, 90.68789475589844, 95.66858969880644, 91.59620675770346, 87.27191452116952, 83.9119292653752, 48.208608319771294, 61.68248497429877, 75.70836966249865, 87.63690020545734, 102.80402463267205, 114.61957383953745, 117.58040928951662, 124.01749082831289, 134.76093934456068, 139.3559681403467, 136.4311704782119, 124.34454348977236, 117.65116859584727, 108.769747805497, 102.70886445543915], [24.356523811260796, 17.91987363659468, 18.226030986073436, 24.688331899591336, 25.63227369157633, 27.16423120457286, 30.527289480879922, 63.00342634029775, 68.33288550426764, 75.93629947999817, 84.49473192208822, 94.0414692635144, 86.99119111969823, 78.97857000501776, 70.87738435307537, 26.337005750799808, 19.447103860187564, 11.128645572334985, 0.0, 11.60076491463895, 12.13851481776848, 5.732287902124683, 13.777253137011455, 19.30497589243178, 25.16530100913504, 61.61100696941059, 70.19729294530106, 76.74726567798494, 85.95550195458677, 92.98678063124525, 91.65445977643137, 85.24616812321325, 78.18307522005897, 71.43515884412757, 65.48897208714992, 36.5787279651654, 45.09370537067187, 55.28215901548121, 59.26168131486224, 69.77282071999487, 75.47721487064229, 80.16737725987015, 82.38206041656568, 79.57444665033188, 67.49031278372628, 58.111763682223334, 53.73697612443711, 85.54152533597248, 83.14038706860887, 85.00022272946005, 89.14412337262807, 91.75020250925202, 96.81299823053563, 104.24467971503258, 106.66894181080285, 104.30701042255873, 102.03789622382502, 97.53827396279922, 92.31367584162142, 86.19125577499659, 87.3380211746409, 91.75630184575908, 96.6255076946644, 101.62864504740071, 97.49777980054654, 92.64315298380875, 88.2881257887463, 37.55390499156929, 52.286078093729245, 68.11956997411637, 81.9606457461791, 98.57994974932677, 112.40239973070577, 117.0019575646479, 126.98323009671297, 138.09908551646163, 143.15780524260362, 140.39921859388127, 128.63303126621935, 122.7183806554835, 113.99556863581913, 108.65859534980537], [30.541522616934508, 23.584489389712072, 18.48308043882586, 20.30499109321186, 24.851619222320267, 30.02003160201678, 34.69529786247344, 69.91400935848823, 75.80902362250133, 83.8338315514475, 92.0062101676961, 100.393524688859, 93.86376572126228, 86.03283422777595, 77.76034503054248, 37.10969974348979, 30.56413070174276, 22.45661721710911, 11.60076491463895, 0.0, 4.424063812349344, 13.690253988186234, 23.982882846923676, 28.980857692044836, 34.97006150760775, 71.08801959064633, 79.41306494550001, 85.48416766559431, 93.90688043289828, 100.14405662990602, 99.13044050544183, 93.38671412836237, 86.82334391696705, 80.19086404200249, 74.3930613964185, 45.43846099999437, 52.5889373578137, 61.7676110701007, 63.33196589877034, 73.85219267505462, 80.82334844645902, 86.08386733937809, 87.87462556159892, 85.31299029982668, 75.02488842917943, 65.93644933069548, 62.28275386667541, 86.1128245400333, 85.14566811157786, 88.42092808068631, 93.0721871751673, 96.103923082379, 101.17056453995019, 108.1556972714777, 110.25200026622224, 107.58262556803399, 104.87683201752084, 99.70694374067577, 93.95075337497782, 87.30578904943702, 90.06851964514522, 95.44159750916333, 100.73356568149266, 105.66407993204018, 101.55890405457436, 96.25542699473755, 90.95911481413778, 27.239520704301732, 41.47724676533621, 58.67597910079758, 74.19145616348845, 92.0899575593625, 107.7833861891873, 114.01215615347084, 127.59465915772103, 138.98481207062682, 144.6239282480038, 142.20661890520037, 131.07961817074505, 126.37060155554447, 118.33829821949367, 114.40534946282673], [28.527146658296566, 21.07881751064433, 14.666757486128418, 16.354400773897467, 20.78765949549273, 26.565352018055645, 31.92846043510744, 68.6527714994446, 74.9071989364639, 83.0714588715336, 91.2577321030483, 99.57871940002245, 92.7419574109178, 84.76966635260585, 76.443530889761, 36.42205030854854, 29.945399057373486, 22.081655342380788, 12.13851481776848, 4.424063812349344, 0.0, 12.238444899512436, 22.650324910883747, 27.570601486834942, 33.73380357210835, 70.55377223526247, 79.06710457736719, 85.33752903564196, 93.88281645792794, 100.1904445120274, 98.88609287424924, 92.9712609686795, 86.35831616805103, 79.56243429186084, 73.70715839655837, 43.87789953821292, 50.06059773594971, 58.555859608113934, 59.64800064810681, 70.09823250089174, 77.20811612363572, 82.67345615140285, 84.7239111988216, 82.56864540870426, 72.41767867290072, 63.93652458585395, 61.080689488176645, 81.97507619759354, 81.0721724061983, 84.52244683875772, 89.31099106929196, 92.51633407457969, 97.7697147127666, 104.94063205513811, 106.72233144733343, 103.85283978574718, 101.00384162668117, 95.6905003082407, 89.84493007097547, 83.189630492408, 86.07774978550206, 91.64468452800294, 97.16053196570148, 102.33006966849648, 97.97035587391359, 92.44720369440932, 86.96014880999026, 29.980352461214196, 41.27279707674517, 56.89497229351623, 71.68879327240109, 88.97038093459426, 104.27786519930865, 110.27503429975881, 123.73913839138167, 135.8709182218057, 142.08247687927476, 140.11583595799615, 129.50641656416585, 125.41319136759009, 118.1012135524937, 114.8993340314678], [21.52130909509389, 14.096743583873403, 14.04574377448848, 21.45528526752497, 21.220922626647813, 22.670510827210514, 26.893809637364377, 61.39914078872887, 67.19872955627726, 74.96122944822498, 83.57014374881122, 93.11506835665594, 85.59237730387342, 77.36062588501893, 69.19652845045705, 25.11335570384928, 18.260689989477754, 10.50861011376319, 5.732287902124683, 13.690253988186234, 12.238444899512436, 0.0, 10.915847242300018, 16.74143647984166, 23.067179427351405, 60.82030508783214, 69.70418859344407, 76.57863766849906, 86.01232352125518, 93.19090233642129, 91.43495236714907, 84.73822619443102, 77.5652773673729, 70.57414582227833, 64.53133305842371, 34.18278668894881, 41.36706974442458, 50.68386086497913, 54.34054855250622, 64.77552069518168, 70.52301967437391, 75.47290629329633, 78.16054422612667, 75.92933259995202, 63.77524194118336, 55.27153836791273, 52.033972917257096, 80.42862570969365, 77.95327259017712, 79.90361789945929, 84.20249798709563, 87.02686367615598, 92.3804552649775, 100.14399916045525, 102.1422066484886, 99.51263196462934, 97.07376937075134, 92.4279750293929, 87.12439223662561, 81.04825433243691, 82.19083465871348, 86.79496663196474, 91.96258745974157, 97.33774224645431, 92.81812922075541, 87.67489165394556, 83.13668987551553, 40.798790997045316, 52.81501792534054, 66.84117355279194, 79.69230861026321, 95.39056292875759, 108.56296767462703, 112.73605029920427, 122.26875735277358, 134.4117768492621, 140.2146389014916, 138.04545836515015, 126.93827823822681, 121.7746200454973, 113.9771010802843, 109.53644134949919], [15.625737681234446, 11.288198030609886, 18.478361361542124, 27.665369854898, 24.315242943433322, 20.96057463201975, 22.53959833857059, 52.72824654638677, 58.16471493921246, 65.60628739344233, 74.43628615680537, 84.75020676579729, 76.74602975132211, 68.38566150612901, 60.4201093785145, 14.592257172146128, 8.243762700490963, 5.327715021993855, 13.777253137011455, 23.982882846923676, 22.650324910883747, 10.915847242300018, 0.0, 6.511020905364694, 12.623584844820154, 50.66353402044705, 59.77928975803545, 67.05556010912727, 77.0282158783351, 84.75733315707325, 82.57740487676458, 75.3501716333104, 67.85967997649068, 60.734537528664625, 54.602925115711635, 24.17891282701828, 32.42640484439385, 42.88644712932973, 48.84641912729443, 59.10052549460788, 63.66321899592623, 67.87591834729385, 70.5437871782299, 67.93103247904085, 54.531855198634005, 45.74010779013839, 42.187367923464016, 78.00335081234294, 74.19275998813812, 74.67434333653048, 78.3156599150428, 80.56438052771755, 85.67367212087113, 93.59255508899962, 96.06416815836342, 93.90768461775596, 92.02514969499221, 88.20045482580902, 83.58021460918845, 78.07724755372715, 77.6160139151716, 81.10640883567679, 85.61440860035998, 90.78614071969245, 86.51366462071078, 82.04648773286857, 78.60865474141562, 50.37062605476708, 61.477911853300135, 73.91765810467132, 84.82563722872263, 99.20510370158976, 110.35096569095246, 112.90029589802657, 118.87624381178114, 130.1672345019658, 135.27758572872324, 132.80612214387173, 121.27844065218322, 115.31010189867594, 107.3461149477738, 102.34622321717592], [11.483076376418563, 11.038448517995679, 20.923069529228187, 30.141945255670862, 25.6334961261888, 19.75359374598126, 18.989385898084382, 46.294034050696126, 51.7626731586114, 59.239647473124606, 68.06267792271683, 78.41170434567023, 70.28675115666113, 61.90032834212469, 53.956101654450535, 10.209328775900302, 7.200252881958382, 10.245577791212119, 19.30497589243178, 28.980857692044836, 27.570601486834942, 16.74143647984166, 6.511020905364694, 0.0, 6.415440617393396, 44.671254482089886, 53.81597973672075, 61.11882399585923, 71.07351488673854, 78.82251301811233, 76.44569855707715, 69.15137164404638, 61.69564419001025, 54.50776311746174, 48.37692804165346, 17.721144540418962, 26.709845314303127, 38.21761143602821, 44.990267426877416, 55.16787333710528, 59.404365067672565, 63.117035111163226, 65.1886562747434, 62.08362604116732, 48.72520043518419, 39.389662880119175, 35.728635252505576, 75.44125515057624, 71.10403817926269, 70.89112878409136, 74.09962345163314, 75.91854013243302, 80.648280573888, 88.3267768641253, 91.26713410541545, 89.5283573230916, 88.03372364691852, 84.7231623332799, 80.53049454971124, 75.27238799232468, 74.11329897804983, 76.95652684394351, 80.90844503293, 85.66669721707362, 81.8337295714518, 77.91836617735616, 75.12336568458691, 54.5133506305985, 64.24274572521101, 75.58429464905127, 85.26366113299409, 99.03648387675804, 109.10835809458077, 110.8910667846848, 115.2402732412668, 125.46301677438831, 130.00735503339462, 127.29082052384517, 115.5535917057091, 109.35122053210088, 101.52788272386321, 96.79492746884995], [12.81694523617461, 15.92015162710016, 26.4576438811754, 35.48016736202728, 30.385935441065445, 22.97498620482234, 19.99584977382569, 40.94381282633157, 46.018811513245474, 53.25644842383499, 62.17875575076057, 72.95028012735663, 64.66478430903646, 56.28087432737705, 48.51081546561015, 6.227932486554668, 8.942880936257676, 15.39088804295392, 25.16530100913504, 34.97006150760775, 33.73380357210835, 23.067179427351405, 12.623584844820154, 6.415440617393396, 0.0, 38.3267698056213, 47.54308838505714, 54.997208993397464, 65.17509418982307, 73.18136839809846, 70.6093959035229, 63.080417976213845, 55.49417656097414, 48.270025353681156, 42.112684152587725, 12.012162586146093, 22.84996153116044, 35.53686197555911, 43.78946051499733, 53.60702201866316, 57.02586530576498, 60.01241346998244, 61.63858666648752, 57.957701892534054, 44.079747135985855, 34.044980480834774, 29.663299286818873, 75.60875215254289, 70.56006035263508, 69.3763598671247, 72.01473566311603, 73.29636692881785, 77.62261845345704, 85.12782469878114, 88.58897472422845, 87.32883142374484, 86.306045033423, 83.64134595445182, 79.98348527130437, 75.1208474152373, 72.98768169117494, 74.96798668983473, 78.25423757890609, 82.59994589521752, 79.20835848598165, 75.95916694154596, 74.01499516258238, 59.78845712118598, 69.23553954960006, 79.99026831576917, 88.72750396207073, 101.91324824409475, 110.90814560415602, 111.8453852642925, 114.15516488511348, 123.27731884931342, 127.07621265283782, 123.97788465041342, 111.82070459031924, 104.95218385912493, 96.87894609034944, 91.75135295519395], [44.931930733402076, 52.145988210980306, 62.77004945706773, 70.67906297598691, 64.9738373310992, 55.47166930759562, 48.23852268594085, 22.58611471416102, 18.880592059007284, 20.32420115566656, 29.162093455337494, 43.123932571118466, 35.23435134867256, 28.929168978426844, 25.554011096437204, 36.92526558115576, 44.22970475247473, 51.93292996368045, 61.61100696941059, 71.08801959064633, 70.55377223526247, 60.82030508783214, 50.66353402044705, 44.671254482089886, 38.3267698056213, 0.0, 9.615121360893058, 18.24143569363407, 30.03614211920805, 39.926937797216425, 36.14749532825589, 27.028681397787537, 18.45905682200101, 11.869111844954324, 6.793545099998453, 29.480633217989553, 35.025827169517996, 45.52252247273244, 57.10641394896643, 62.66674771111409, 61.28212338442898, 58.95669670475489, 56.047779851485515, 48.07270662510117, 36.58233032205337, 25.023686564903063, 14.683484910482388, 89.27703827069662, 81.59491372960905, 75.60361353173045, 74.44836696945, 72.0121900170545, 72.