{
	"dissimilarities": [[0.0, 8.719855968083762, 17.89615467244106, 25.477815630729097, 19.727429122535963, 11.828931652356523, 7.6224757900737865, 40.7456956251914, 47.65460411141856, 55.97718107647257, 64.20932737659443, 72.91379084130854, 64.99510464701213, 56.70491809034028, 48.388447816397985, 19.091569633506563, 17.7567761934361, 19.2036697975532, 24.357212099255058, 30.39153840765687, 28.536213964117543, 21.48334373130761, 15.246026583162875, 11.387067797031289, 13.008913920335777, 45.0405806618042, 53.411300011831635, 60.12711515665175, 68.86829072827172, 75.40800972724685, 73.15406656689747, 66.69233923038759, 60.04734012782308, 52.94491882076522, 47.22455456888972, 17.75796986710609, 22.51500363953977, 32.83836208058601, 37.361005793256076, 48.410037564012555, 54.174801208076694, 58.17951556196639, 58.46727791590249, 54.784563262641974, 44.109361153017154, 35.50693098477386, 33.81241231557495, 66.76393627449184, 66.13659304530616, 66.39512709745317, 68.81718009326576, 70.43547230523498, 74.5802958699825, 80.52074782225732, 84.78357498110348, 83.4154789918015, 81.15005210590299, 78.6957125179376, 74.51560205226315, 67.86563070562079, 68.46223326785733, 71.58863938607499, 74.24272144355132, 78.24987611190696, 76.13324402769928, 72.53717366704835, 69.49661033193655, 54.902223532212176, 59.280602009375826, 68.58611196175822, 77.81557055884714, 90.76495477280018, 98.61614842543167, 99.9764185609921, 105.34524758699686, 114.0329583614406, 119.45619242139576, 116.73810890166367, 106.99782365771023, 101.30414915440382, 94.51783124232016, 93.09909665742619], [8.719855968083762, 0.0, 10.877020329037633, 20.032654210319656, 14.838061857890535, 10.836431985482584, 13.12433239799522, 49.24718039530174, 55.95494025648586, 64.10571220906236, 72.50868472695122, 81.52085972375184, 73.52352808278238, 65.18438462177814, 56.91267414507835, 20.16784300823958, 15.629073640065462, 13.713440284420354, 17.111609110364665, 23.19707074368557, 21.06967980158168, 13.300376703159802, 9.413809191166933, 9.744160703892824, 15.13191817798517, 51.788123427360986, 60.50181715722325, 67.45703868685781, 76.56015210213782, 83.35847053976397, 81.23625208857052, 74.59499085323347, 67.67321630189906, 60.51328057194243, 54.611217389602494, 23.711085599369298, 28.650945417032176, 37.63088409402709, 41.493359813104725, 52.47723932129031, 58.44194271158982, 63.18127359683172, 64.79837770548993, 62.148176045947835, 50.71808906237069, 42.93830368052313, 41.2397451954505, 69.30028865381887, 69.25861111205245, 70.34853776882932, 73.38465848566689, 75.68393008947729, 80.54648020866702, 87.10924832808907, 90.48940978299535, 88.41450047572114, 85.55963153535025, 82.3863803255296, 77.60134625521172, 70.70740904572182, 72.09081946259244, 76.08397305861688, 79.68136355467065, 84.50444673122809, 81.48351039938284, 77.00531872152824, 73.09577980387958, 49.911414079645475, 55.842376177975105, 66.49383506776651, 77.44885390790915, 91.00446378199065, 100.17040510967645, 102.43117396654868, 109.7267828946728, 120.40088871283257, 126.82194736046772, 124.59977538040188, 115.2362684830528, 109.8846589317396, 102.9345991084373, 100.91758949972505], [17.89615467244106, 10.877020329037633, 0.0, 9.693632832390858, 6.607328373000544, 11.996630592970844, 18.74862159833733, 58.297298984927814, 65.43443351783735, 73.8351163402521, 81.96464818594504, 90.11057748101435, 82.41920602952528, 74.15991660228313, 65.8033588693661, 30.52464350028062, 24.826203566377863, 19.880146180630387, 17.094909883625505, 17.62180351302366, 14.043992755277861, 12.676169132389248, 16.956123078608535, 20.030770226513038, 25.889762929087933, 62.45956438807861, 71.02823387313447, 77.78596503416753, 86.50145778973906, 92.83117748038204, 90.82138604307474, 84.54265708460842, 77.89656396074281, 70.78986778048875, 64.99976176647303, 34.266632246334886, 37.1738540197384, 43.69678900405952, 44.5411324523345, 55.56140088986052, 62.74990154278172, 68.4351394710797, 70.42178641732913, 68.62411712995986, 58.651303455236054, 52.12738880108504, 51.49327521874262, 68.2061148330997, 69.41736883645872, 72.24012413676944, 76.2274166693878, 79.29010129427547, 84.58925786146861, 91.2702343370545, 93.72159203175218, 90.9588614565559, 87.48207549606367, 83.18649535058806, 77.60785915999742, 70.12650127591517, 73.3001210647582, 78.68643444766096, 83.26178130281122, 88.55142149995305, 84.9419548193873, 79.53649275676585, 74.2622801354836, 43.45216911214114, 47.075024441169006, 57.617257686193696, 69.81220062408262, 84.01620438914019, 94.95298533793863, 98.75446964448945, 109.76076891845258, 122.13086286858156, 129.78849034648064, 128.39810690796685, 119.94378520058005, 116.16968504183505, 110.22628992866319, 109.36914609497624], [25.477815630729097, 20.032654210319656, 9.693632832390858, 0.0, 7.512128778340797, 17.289213415481974, 24.2785568987654, 64.18614567713807, 71.6933213268163, 80.3315942822624, 88.04386401224258, 95.07616426965929, 87.87014576559008, 79.81719512802283, 71.44432033383691, 40.0180521490681, 34.356417679552955, 28.915596486198947, 23.765405582292445, 19.30123295916556, 15.311806463655195, 20.363480850601793, 26.51430799686065, 29.52912827094608, 35.16041592713001, 70.50757756721559, 78.72579150218189, 85.11755514463265, 93.2080632861924, 98.87590808020363, 96.9869596858334, 91.24177025272655, 85.04879986736447, 78.08509814666276, 72.52302724668388, 42.68689732634228, 44.14819875778518, 49.06575349676722, 47.2431877120407, 58.14487518296161, 66.42671405054479, 72.60610856383863, 74.16748866226816, 72.64684516791355, 64.64578774320451, 58.881927130829524, 59.0411086367076, 66.73555182568313, 69.0724126741639, 73.35665724492347, 77.9907680657771, 81.44155213119791, 86.71239702183634, 93.04650007997193, 95.0283886894066, 91.97521187198315, 88.20168478148382, 83.10320147735634, 77.03295195106396, 69.06109255217153, 73.82831660407574, 80.2028807073496, 85.22607849799229, 90.45158234571214, 86.81425847406686, 80.98248958889707, 74.75159982738727, 39.59523274722311, 38.65484382628782, 48.19488976652295, 61.08919423996337, 75.9604853079927, 88.46513507834649, 93.71465014452536, 108.07475904695198, 120.94181327185395, 129.25416595999923, 128.43333394563425, 120.72963823942453, 118.45580894871195, 113.60479119632816, 114.211343878032], [19.727429122535963, 14.838061857890535, 6.607328373000544, 7.512128778340797, 0.0, 10.134100044398117, 17.88085616995811, 58.3596936019347, 65.94942400576686, 74.54739884793302, 82.38008260574101, 89.8161990926274, 82.12984764765062, 73.90013835762933, 65.56641750036938, 34.82573807791476, 29.988126920571265, 25.986757286100723, 23.667592158631027, 22.796032994226408, 18.878615969833305, 19.235918233340826, 22.458904683191673, 24.37916932994172, 29.533059852815487, 64.54328278438368, 72.98338921149235, 79.6454746769016, 88.03408235503326, 94.0299440180244, 91.77504296678224, 85.65273881615033, 79.28479701851371, 72.16142430348948, 66.51954547843677, 36.28078007761873, 36.89556018641139, 41.67376513876332, 40.58513278291146, 51.56535506555457, 59.47268934672943, 65.51298261751286, 67.34217536682559, 66.01374038112166, 57.381737012484685, 51.96174213171261, 52.7371970045633, 62.38147493348531, 64.00596883955609, 67.48758625943331, 71.8190484944632, 75.12601534729329, 80.49421486142016, 87.13395685498435, 89.18174820133562, 86.20870658811023, 82.56518275354064, 77.90444600348093, 72.12848040151073, 64.4418394622222, 68.27162176609272, 74.15085095906132, 79.01579792208668, 84.39505902792457, 80.64016467573762, 74.96549043159206, 69.21914582496701, 46.05668860830714, 45.55612941653855, 53.54919831903554, 64.300273856608, 77.86904046995649, 88.41198466644654, 92.20638008338847, 103.93918771585967, 116.91944887743472, 125.31803038018371, 124.56274579656399, 116.93840568484133, 114.40431725419816, 109.79539878274555, 110.46485382122512], [11.828931652356523, 10.836431985482584, 11.996630592970844, 17.289213415481974, 10.134100044398117, 0.0, 8.423032323513963, 48.826668969103494, 56.46085206459875, 65.01099850476494, 72.90061656038206, 80.68883107102842, 72.61364823973955, 64.26148383647637, 55.97742228804498, 28.45331790885309, 25.558560670939066, 24.4228117667458, 26.221015448068314, 29.04214521648421, 25.799368070075072, 21.740662337719108, 19.78749583469786, 18.909022464467302, 22.446053299803154, 55.25949133392097, 63.73336113552346, 70.52492320029116, 79.04782855858394, 85.26770259472863, 82.67196690596018, 76.27543974535857, 69.84459362530407, 62.63459228866382, 57.002881842635155, 27.12949055583731, 26.888698062224826, 32.5890222868228, 33.2095425681657, 44.47234542833079, 51.73395210214268, 57.146169383281425, 58.54237784452436, 56.727202889998736, 47.5063224723558, 41.83170076159948, 43.04504317718895, 59.04906787400242, 59.49604415741878, 61.49275182524076, 65.06979501080122, 67.77269988685254, 72.81182564492565, 79.40866509759704, 82.14623154811265, 79.72273398667527, 76.59917310336475, 72.89216988710544, 67.82545026075908, 60.61925090884414, 62.86505521591183, 67.60564223658263, 71.68705290634728, 76.72589743998779, 73.41868328714452, 68.48327952979832, 63.86104976914346, 53.48373253505347, 53.652564099748254, 60.5794161761868, 69.08357918662632, 81.42474859053232, 89.63407921391256, 91.63009460138981, 99.64634746904656, 111.36192049231784, 119.05317005941785, 117.90386802776413, 109.93062271898832, 106.6727008835697, 102.05626252430994, 102.72530228623795], [7.6224757900737865, 13.12433239799522, 18.74862159833733, 24.2785568987654, 17.88085616995811, 8.423032323513963, 0.0, 40.54084546483493, 48.19996157377606, 56.81638895865647, 64.61198656728172, 72.32906397206587, 64.3627541718214, 56.06960999139902, 47.744237223756805, 25.744372716510707, 24.850565492973516, 25.88573760381527, 29.73165849878523, 33.915981678541314, 31.344199795825773, 26.13804965040129, 21.44424802163853, 18.13106839917863, 19.419746172531426, 48.00369145012115, 56.112979230703054, 62.653877415218204, 70.89522649225091, 76.95624612813873, 74.34735647242886, 68.10445576975273, 61.876121464138855, 54.775539091984975, 49.312627665520374, 21.268217025398457, 21.301376425133046, 29.09294968434548, 31.255656949161903, 42.60707150923575, 49.33791019307631, 53.789791979924864, 53.7852437432104, 50.6303331727566, 41.721804140187004, 34.78602285660976, 35.560628746279384, 59.57252256704584, 59.22459772051641, 60.04599435965731, 62.80692952935832, 64.66176176618401, 68.88546889828967, 74.81636848063985, 78.69311219122464, 77.12688320424368, 74.7131922315813, 71.93436896321482, 67.60795007335408, 60.754290232686785, 61.884423826073025, 65.47359431650051, 68.4024408196274, 72.50915840984396, 70.2554833588894, 66.3953914454066, 62.91768379506578, 57.282378651849385, 57.89552993174954, 64.667436823777, 72.11024017341207, 84.16908207053423, 91.26134719822876, 92.37528571549544, 98.12888611086592, 107.42966348169224, 113.7281066454449, 111.7665144173517, 103.02045177039459, 98.88521788106004, 93.8693285589809, 94.50637982806514], [40.7456956251914, 49.24718039530174, 58.297298984927814, 64.18614567713807, 58.3596936019347, 48.826668969103494, 40.54084546483493, 0.0, 8.50832967856406, 17.197571550442753, 24.18447291021183, 32.91124184304082, 24.281892543958964, 16.099378449819298, 7.900180929725977, 42.55837468509941, 48.531092713115335, 54.8354716431438, 62.632435112443865, 69.5715426147607, 68.44492852532893, 61.09235799480668, 52.27028858123072, 45.913932549892, 40.58671251647915, 21.86169702214373, 23.93957054507741, 27.656443635263173, 33.448847150332654, 38.93837601869007, 35.04330288781039, 29.051891593509172, 24.702431765138147, 19.256299479862502, 17.268932152808432, 30.156082363106286, 29.62983849903305, 37.32399002320332, 44.89345803762609, 50.356595638317515, 51.26326168096145, 49.23731667223178, 42.34169701612874, 32.1304405909832, 28.1036491785951, 17.536109537113468, 15.282925434378424, 73.6144053537174, 69.6133028597088, 64.48612748428286, 62.52949229574347, 59.721613549874405, 59.03812811618875, 60.815965790846455, 70.02666765933817, 72.96117503844843, 74.38111787828446, 76.69977113551093, 76.51912180552878, 72.84069110255916, 68.20538828373284, 65.31732584617434, 61.92070996679282, 60.689110307657245, 64.01620424178473, 66.2743788803705, 69.16693181159894, 89.23703059247917, 91.22040185878399, 96.39360194927251, 99.05192192532827, 108.11110926014356, 109.12938731424755, 105.49093865770745, 98.36697198347768, 96.05060875968101, 94.97471099193301, 88.9115396181086, 76.50604020265236, 66.40625438332864, 59.32141681989798, 59.56218875218741], [47.65460411141856, 55.95494025648586, 65.43443351783735, 71.6933213268163, 65.94942400576686, 56.46085206459875, 48.19996157377606, 8.50832967856406, 0.0, 8.867907695755182, 16.57513891827365, 27.39661733046934, 18.892561491347962, 11.779276359966346, 7.5032084061551965, 46.997929652162384, 53.451591054582586, 60.149351582718374, 68.32039682259186, 75.75383196215446, 74.93553828825002, 67.18499967178309, 58.0502388861912, 51.696775609723716, 45.9941601441733, 18.905041255306852, 17.614305482577393, 19.81835713749757, 25.13318955281126, 31.1352241828616, 27.00025938165791, 20.576563906420066, 16.512220745418045, 12.276659769747345, 12.784489225870113, 35.62621591747804, 36.467748308276136, 44.24440499636298, 52.61936217093809, 57.325676906944324, 57.14493667829878, 54.20608070680391, 47.095363526205304, 36.5956693196429, 32.750010787342426, 22.847591724386138, 18.360798084811154, 81.10791770705661, 76.72105156412098, 70.86715066799316, 68.27722978704479, 64.885541638891, 63.528595479690374, 64.61780628753287, 74.45154921040533, 78.01358386587911, 79.96086161930906, 82.99566705941943, 83.33588275653763, 80.13701934720501, 74.7859610800636, 71.03090579597958, 66.82166344463934, 64.84412660970774, 68.87794970351378, 71.97214719610362, 75.7138078515005, 95.0309269429846, 98.33470060603521, 104.18976116816441, 107.05710232854118, 116.15099932346334, 116.84079451599064, 112.79830530098079, 103.96039044875131, 99.73139622033406, 96.93972531462578, 89.78578549417874, 76.30517556166568, 63.910129074299654, 54.92996557234017, 53.13724682599935], [55.97718107647257, 64.10571220906236, 73.8351163402521, 80.3315942822624, 74.54739884793302, 65.01099850476494, 56.81638895865647, 17.197571550442753, 8.867907695755182, 0.0, 9.155306414752154, 22.71987774531749, 14.604756484830753, 10.9113018201079, 13.180320791870203, 53.614834815570426, 60.42199493516732, 67.4337907709253, 75.92398056155078, 83.73422199349058, 83.07279423297383, 74.977695972033, 65.58192533286486, 59.23595272841855, 53.28517934654268, 20.532300670797373, 15.094080490598758, 14.267885764781935, 17.957249487512808, 24.48182039965725, 19.46423114408658, 12.066383543598926, 9.386689696144538, 9.311257490767453, 13.949281832901974, 42.905308439460335, 43.957813644393504, 51.09555303192546, 59.932175711147146, 63.631747934522316, 62.317117378956134, 58.42459059437502, 51.09705216684979, 40.635375730914596, 37.52211665906977, 29.22615563197801, 24.75336223950567, 87.77733891373464, 82.9237255992273, 76.25796940764101, 72.97381064983004, 68.97081460064241, 66.90901381254292, 67.31322594289693, 77.63303605511805, 81.82602202968762, 84.34113749654583, 88.17592961047355, 89.13878485290226, 86.55382643073729, 80.37064976215868, 75.65458178957932, 70.59144076758089, 67.86947370073563, 72.57894978481899, 76.56743713746721, 81.25161330061074, 102.88806409902506, 106.88536161912354, 112.87741771348807, 115.46669037821059, 124.19445671707315, 124.10537815323359, 119.36524502415891, 108.30304219186726, 102.32072607561133, 98.04256146349887, 90.06596441467543, 75.96845740333019, 61.682833017843855, 51.56610214790391, 48.20435892114534], [64.20932737659443, 72.50868472695122, 81.96464818594504, 88.04386401224258, 82.38008260574101, 72.90061656038206, 64.61198656728172, 24.18447291021183, 16.57513891827365, 9.155306414752154, 0.0, 14.559586421753163, 8.771725237954161, 11.75980985003958, 18.12411594441108, 62.671204022954, 69.37721968321529, 76.24025656208818, 84.48394568725358, 91.94156876484726, 91.26607918782547, 83.56455772467807, 74.36580030874457, 68.03198864076589, 62.18720295587736, 29.268921741188315, 22.364684769238444, 18.365309472110756, 15.961517585332324, 19.186732574757276, 13.10967026647757, 9.38478445067147, 13.59817508811826, 17.421295781924915, 22.84984704673156, 51.780977502106694, 52.0473957054416, 58.076958650873316, 65.95516453461092, 68.80746579248347, 67.2073854366319, 62.62795036439408, 54.0445386808175, 43.161362436602126, 43.37699445532347, 36.853242050725605, 33.714818728911254, 91.82266826911462, 86.80635794170163, 79.80301269405791, 75.97787379729193, 71.29587800645182, 68.05940094537856, 66.99011842434201, 78.11674366219684, 83.19566570015766, 86.41857204684962, 90.92032713684075, 92.52355540380282, 90.40219527551363, 83.90537219876985, 78.4600468839463, 72.35117928277408, 68.26264342657318, 74.25899111982255, 79.3131779018738, 84.73439467486074, 110.05633078401473, 113.12339782121414, 118.26988789524724, 119.76956282553026, 127.82171250592027, 126.75348629491019, 121.43615854062381, 108.76231154575505, 99.80387287123258, 93.54107728454478, 84.57948496537281, 69.84314436050158, 54.263674850515606, 44.23602470075209, 42.28993162444225], [72.91379084130854, 81.52085972375184, 90.11057748101435, 95.07616426965929, 89.8161990926274, 80.68883107102842, 72.32906397206587, 32.91124184304082, 27.39661733046934, 22.71987774531749, 14.559586421753163, 0.0, 11.22114016707273, 19.22288083118082, 25.995116690442053, 74.19680333318605, 80.37168715637519, 86.61934042702765, 94.01692474577308, 100.36752997289692, 99.56029971362652, 93.03861021188027, 84.55600335821454, 78.3228513026598, 72.94289090380822, 43.19330468041061, 36.558764798033444, 31.635371303388336, 25.029405168666678, 21.332361104087727, 17.31434006994783, 21.404698535049402, 27.82254483215069, 31.689691876141175, 36.64749544267782, 62.70545094244636, 61.69873397525208, 66.3462460999593, 71.8532392647374, 74.0833087949016, 73.16933352693685, 68.35864231864151, 57.72243505012415, 46.28463529804842, 51.8728750081818, 47.00551073556143, 45.60424434857122, 93.99323155405791, 89.27176999393362, 82.63082786042779, 78.5511528914333, 73.23593606493311, 68.36645749512215, 64.82921418584992, 77.02604710680853, 83.22254219860062, 87.24985302594547, 92.15025216914222, 94.3444915313154, 92.48269879762988, 86.42207370414903, 80.6651143157511, 73.44160299628814, 67.31251096556743, 75.23254447817762, 81.41376906800188, 87.18681242375904, 116.23661810712126, 116.77636157056283, 120.08158991497699, 119.66922945770342, 126.72516646999146, 124.58180033009197, 118.97779019417771, 105.74526885301034, 92.00856537943926, 82.74152093093848, 72.26002277154637, 56.40048173611337, 39.7625965322892, 31.613579756039112, 36.67571659626088], [64.99510464701213, 73.52352808278238, 82.41920602952528, 87.87014576559008, 82.12984764765062, 72.61364823973955, 64.3627541718214, 24.281892543958964, 18.892561491347962, 14.604756484830753, 8.771725237954161, 11.22114016707273, 0.0, 8.738166801685235, 16.71698114592614, 65.63827671582057, 72.10625710148054, 78.72715944687785, 86.66303885096015, 93.55012987588022, 92.52751678337049, 85.31041727609554, 76.36216255928278, 69.96654380310981, 64.36955884108258, 34.66727844179652, 29.405587092180564, 26.727891237899502, 24.4021543195305, 25.482729459170223, 19.66772514471976, 18.010427752284315, 21.503894706819647, 23.539461317342607, 27.927671192670918, 53.60981430337018, 51.81470786858489, 56.09345088256715, 62.515127818487215, 64.56765277038265, 63.12540361036999, 58.30284703304108, 48.498503199533545, 37.280076011399075, 41.010744641843374, 36.50218719990091, 36.14044126791101, 86.19466964032142, 81.12945177084936, 74.08205264627273, 70.03278463880541, 65.00255202037525, 61.05578701787447, 59.1504127336821, 70.65803585020934, 76.155377411113, 79.72502120997723, 84.48924827614478, 86.46279650249083, 84.63783112029216, 78.08614487036354, 72.34656273495119, 65.68666649444181, 60.80642043360119, 67.55323897790345, 73.15264427522703, 78.87750734850697, 111.5771882043506, 112.42187810238366, 115.82717659920296, 115.71011982420563, 122.64427262229312, 120.38404594748052, 114.45156019985431, 100.87783077089586, 91.08704189798492, 84.97073783486466, 76.4708477286724, 62.57213885187762, 48.82872459907969, 42.57095385611477, 45.71121109520082], [56.70491809034028, 65.18438462177814, 74.15991660228313, 79.81719512802283, 73.90013835762933, 64.26148383647637, 56.06960999139902, 16.099378449819298, 11.779276359966346, 10.9113018201079, 11.75980985003958, 19.22288083118082, 8.738166801685235, 0.0, 8.397565023326703, 57.46839222223776, 63.91927243878381, 70.5797856463634, 78.6364133235947, 85.66557539118212, 84.5293154441392, 77.09234720581527, 68.04290520013538, 61.6091548543903, 56.0142668252099, 28.407897220993004, 25.26433002740532, 25.114441475007343, 26.567210352730545, 30.169539863716647, 24.624143665147137, 19.95529117314676, 19.77446802470256, 18.855190100405643, 21.723712112916314, 45.11642790100209, 43.08509131250917, 47.769652471224376, 54.729977633365195, 57.42661333408996, 56.328443559812236, 52.098252906970096, 43.09091600259929, 31.90194542505345, 33.362243338516116, 27.87505443560909, 27.916377560355663, 80.06847258058455, 75.11614804609918, 68.35061013942341, 64.7849029680992, 60.35062559177311, 57.4908465876159, 57.05791628323956, 67.82065295933286, 72.47131201191112, 75.37669709893817, 79.51891659510663, 80.91862119611521, 78.66816326107188, 72.37703300228169, 67.29321268551928, 61.57323863416013, 57.9914966807681, 63.53800302154481, 68.15972005684462, 73.22116609408886, 104.71238249251573, 105.77146063792028, 109.49761176586343, 110.0137576212405, 117.34437222799387, 115.76348558311055, 110.24688447260898, 98.11720182365893, 91.42319066844034, 87.58446586712114, 80.31773744418834, 67.36547034789334, 55.43114291161523, 49.4424691456155, 51.60513068722443], [48.388447816397985, 56.91267414507835, 65.8033588693661, 71.44432033383691, 65.56641750036938, 55.97742228804498, 47.744237223756805, 7.900180929725977, 7.5032084061551965, 13.180320791870203, 18.12411594441108, 25.995116690442053, 16.71698114592614, 8.397565023326703, 0.0, 50.06461849476884, 56.23214540538828, 62.661130690575, 70.51438070560398, 77.3788101479897, 76.19114131372608, 68.9050333803617, 60.03276049064335, 53.638491483245, 48.2298088701385, 25.01867092692931, 24.49211584113692, 26.441190343317544, 30.259855008054963, 34.814634727447306, 30.140265798823773, 24.733969792507004, 22.156824118594074, 18.527203102821186, 18.98081684040945, 37.505602594655315, 35.7204620978277, 41.494695972611694, 48.51563779589004, 52.503286156899655, 52.48640855441077, 49.33527186400011, 41.077869750405256, 30.02693390969096, 29.308975153641846, 21.629883207717928, 21.36580959203346, 75.37598587848674, 70.89214838630262, 64.94866577351169, 62.18230435616781, 58.53008704450377, 56.72054225776107, 57.38735933617154, 67.43757378840718, 71.24174170494081, 73.41148767340509, 76.63170951568037, 77.25375698901269, 74.27572364074747, 68.8229211394376, 64.83495971392725, 60.23855381866887, 57.79492425184325, 62.288967918465, 65.74991818295246, 69.72996268784607, 96.6607387298855, 97.79686503666497, 101.9594002727773, 103.29675801907439, 111.35920786678935, 110.95042908525409, 106.32318406617065, 96.73198342932115, 92.28420757103363, 90.0076070252169, 83.47296773154417, 70.91691117217702, 60.28897902527858, 54.09823870991033, 55.76824595901407], [19.091569633506563, 20.16784300823958, 30.52464350028062, 40.0180521490681, 34.82573807791476, 28.45331790885309, 25.744372716510707, 42.55837468509941, 46.997929652162384, 53.614834815570426, 62.671204022954, 74.19680333318605, 65.63827671582057, 57.46839222223776, 50.06461849476884, 0.0, 7.760892892027369, 16.04911598204403, 26.4921834105685, 37.059015529868425, 36.70119530481225, 25.46796723513893, 15.0512383833277, 10.518918441260437, 6.347150061382195, 36.90799820337936, 46.123300745838655, 53.73659459989597, 64.19428374457792, 72.48959714261203, 70.32300164771421, 62.62710946569676, 54.75161367651586, 47.696782796668465, 41.51256790611568, 14.058966192902735, 25.880910546254913, 38.34042319708614, 48.022997986689276, 57.32526644416584, 59.97669113169939, 62.653637702805824, 64.500433932519, 60.81439690084667, 45.6753840378978, 35.68081543121023, 30.05934066946434, 80.0183071331674, 78.02223464713367, 76.16244299971488, 77.46843227892654, 78.5206934421209, 82.77117858767326, 89.32213078614204, 93.90072037998549, 92.809326479501, 90.9080853046863, 89.63359217236884, 86.17626730746059, 80.6138822080142, 78.96101552224553, 80.48115730061909, 82.53683131340358, 86.79529450450458, 84.44575481221221, 81.48466305730936, 79.9692152508879, 63.311252090087656, 74.1548956092804, 86.13306921373376, 96.60166193330352, 109.4825090272626, 116.60347525337853, 116.79593451094017, 118.28249095182407, 126.84406315166945, 131.23670490684037, 127.56196577875518, 116.55058348054534, 107.7349649479154, 98.07313820988927, 92.20527854654709], [17.7567761934361, 15.629073640065462, 24.826203566377863, 34.356417679552955, 29.988126920571265, 25.558560670939066, 24.850565492973516, 48.531092713115335, 53.451591054582586, 60.42199493516732, 69.37721968321529, 80.37168715637519, 72.10625710148054, 63.91927243878381, 56.23214540538828, 7.760892892027369, 0.0, 8.326272269758784, 18.86687707607356, 29.652940241482227, 29.43385399641682, 18.01220838222046, 8.1956342140436, 6.8632439488233254, 8.780714330337194, 44.33035974533399, 53.34646169587746, 60.70838999040812, 70.85243229686539, 78.7930876818549, 76.90571990877221, 69.55668275146175, 61.872630659749404, 54.88230554760136, 48.757126078484816, 19.980137036274876, 30.382848967276225, 41.931404848881535, 50.01480868973266, 59.92238032373785, 63.54815817434615, 67.02997078961972, 69.21486368276719, 65.95011753962788, 51.47436024824942, 42.00777460229905, 37.0359622778464, 80.68380074019134, 79.43281831971983, 78.65156532267756, 80.63227948818329, 82.23245399227979, 86.86706177722391, 93.58706072370681, 97.67284368278285, 96.11597670801027, 93.76596136152055, 91.72943570353192, 87.67865495774818, 81.6210499211914, 81.07462572469946, 83.55962313470813, 86.3247360109305, 90.96207353948219, 88.19283964870931, 84.53925072606017, 82.0790918484744, 56.510274480124814, 68.19705324590113, 81.14746619718895, 92.93048259647533, 106.56876878984603, 115.07971868164972, 116.35643030202725, 120.32096696772295, 129.9062948433506, 134.9221864997457, 131.56314662203363, 120.79058126089171, 112.65615843156777, 103.13068642498398, 97.53578202663155], [19.2036697975532, 13.713440284420354, 19.880146180630387, 28.915596486198947, 25.986757286100723, 24.4228117667458, 25.88573760381527, 54.8354716431438, 60.149351582718374, 67.4337907709253, 76.24025656208818, 86.61934042702765, 78.72715944687785, 70.5797856463634, 62.661130690575, 16.04911598204403, 8.326272269758784, 0.0, 10.594022057713298, 21.592118405717994, 21.65162102766543, 10.35236788186369, 5.325282605615218, 10.296519183573936, 15.564478618297919, 52.08958259225907, 60.86126042860665, 67.92555548301915, 77.67842251853835, 85.19133389407104, 83.60445303983956, 76.66488650808557, 69.22362489816126, 62.326231978072045, 56.29128039665762, 27.077382100263332, 36.24090748859022, 46.837910522214266, 53.14837853816194, 63.54682215164782, 68.15570344187391, 72.33074992590406, 74.61624659811861, 71.6204065576269, 58.03883243959825, 48.9500739012684, 44.42498932174107, 82.02841074829942, 81.5917887780699, 81.94029128588845, 84.56378420894556, 86.64168012407352, 91.53504890269046, 98.2774751968389, 101.95840640156726, 100.01508562418017, 97.27366670582039, 94.49114494613063, 89.87686775884916, 83.31897775047204, 83.9609916851205, 87.38268050910752, 90.75317286270429, 95.62598264372043, 92.57927777460577, 88.33213539845718, 84.95709517203372, 48.947060388302845, 61.568958931794924, 75.6670805881952, 88.9343056193405, 103.44213036467015, 113.5195688780915, 116.0288046592244, 122.69664477789372, 133.0466401485644, 138.55150190836312, 135.4484082882302, 124.88191547771079, 117.44034363236008, 108.0581344064641, 102.81495511302843], [24.357212099255058, 17.111609110364665, 17.094909883625505, 23.765405582292445, 23.667592158631027, 26.221015448068314, 29.73165849878523, 62.632435112443865, 68.32039682259186, 75.92398056155078, 84.48394568725358, 94.01692474577308, 86.66303885096015, 78.6364133235947, 70.51438070560398, 26.4921834105685, 18.86687707607356, 10.594022057713298, 0.0, 11.307513067650463, 12.249011978236613, 5.547056028836467, 13.283696448660963, 19.1916469775958, 25.200201606868323, 61.64600966653056, 70.0699219666749, 76.72551923271443, 85.91531558600046, 92.82729641634546, 91.61218964218529, 85.23472268493188, 78.15044318688766, 71.40215856317599, 65.51808852661188, 36.38699382285606, 44.40201320250885, 53.99191674313012, 58.18581109049708, 69.00006173916792, 74.72677389404483, 79.56134791951241, 81.6890870731478, 78.83592489196658, 66.53691071340212, 57.74966071541893, 53.60283845604839, 84.4768767680808, 85.04917332539895, 86.73857479783881, 90.05060807743192, 92.58621333870188, 97.62153075145463, 104.20667222159997, 107.52637762794414, 105.23973354440395, 102.12517585339498, 98.51492179645952, 93.30447047166122, 86.17913144418303, 88.26966367781499, 92.71697468658775, 96.64859203271212, 101.61388525725162, 98.42467552269274, 93.62406052144874, 89.2501507174554, 39.052345934683686, 52.88798776084954, 68.59983848046213, 83.82711518454666, 99.48804590949936, 111.61238984847458, 115.74546482912596, 125.82330507230942, 136.70693553641064, 142.60825096357064, 139.73699296789727, 129.3913987610986, 122.80470711655005, 113.63759609738418, 108.9448541535098], [30.39153840765687, 23.19707074368557, 17.62180351302366, 19.30123295916556, 22.796032994226408, 29.04214521648421, 33.915981678541314, 69.5715426147607, 75.75383196215446, 83.73422199349058, 91.94156876484726, 100.36752997289692, 93.55012987588022, 85.66557539118212, 77.3788101479897, 37.059015529868425, 29.652940241482227, 21.592118405717994, 11.307513067650463, 0.0, 4.280751807310253, 12.982281286740053, 23.10907726383487, 28.596842507908455, 34.80885114382951, 71.00353832798011, 79.09977879782394, 85.35866397236133, 93.88010910250325, 100.06586774340174, 99.08423231701681, 93.30699882484797, 86.673953694048, 80.03514198051728, 74.33271317763638, 45.30039994087958, 51.83876121251342, 60.22904478634827, 62.06679401407555, 73.1221525392776, 80.02404104163226, 85.45208656063024, 87.19532655770045, 84.49308775701104, 73.89333719173065, 65.60440800962333, 62.20713829305931, 85.10987708328199, 86.7525718812857, 89.84772660840488, 93.82639173794288, 96.76785618839376, 101.82572122846105, 108.10776738249282, 111.05494054788821, 108.47975121778013, 105.04793855610704, 100.6205971497257, 94.87699519632906, 87.21546969070478, 90.8410462407147, 96.29461792638324, 100.70250016821838, 105.63376148263532, 102.41404577125007, 97.1463375859029, 91.79670335511956, 29.230334262882625, 42.42997582702383, 59.323875157163066, 76.2677898569067, 92.95619872829589, 107.06491661243899, 112.86639009974802, 126.5133517098025, 137.76533517365678, 144.13891646966132, 141.6582601911111, 131.81184243775337, 126.52119761289937, 118.12197006824536, 114.68950012927795], [28.536213964117543, 21.06967980158168, 14.043992755277861, 15.311806463655195, 18.878615969833305, 25.799368070075072, 31.344199795825773, 68.44492852532893, 74.93553828825002, 83.07279423297383, 91.26607918782547, 99.56029971362652, 92.52751678337049, 84.5293154441392, 76.19114131372608, 36.70119530481225, 29.43385399641682, 21.65162102766543, 12.249011978236613, 4.280751807310253, 0.0, 11.99203868043174, 22.180444998601626, 27.517471811125496, 33.8744058237362, 70.66407408138494, 78.92876040882985, 85.33887526326879, 93.91870024473467, 100.12162535003766, 98.8838452326023, 92.98679662564042, 86.34242749168747, 79.55690016354643, 73.80768915073051, 44.069487809465876, 49.615048112336545, 57.30205965567383, 58.579967429280266, 69.5740081702232, 76.66807515295959, 82.30169068226058, 84.2322504950529, 81.91051296246557, 71.55806273081208, 63.85034397129674, 61.241558318125676, 81.04568547804995, 82.78691733575604, 86.08312464968475, 90.21238514122587, 93.3172081600481, 98.52976453071456, 104.96245007842104, 107.60607663217684, 104.85035716359724, 101.29161369670466, 96.7092954879895, 90.87373404089246, 83.18930131214118, 86.98123273067145, 92.63832672483927, 97.26500131338754, 102.39259575628334, 98.94510609256268, 93.4769726288701, 87.9276837864706, 31.54932252388203, 41.743877023686025, 57.24934156383477, 73.44685264246807, 89.67878327575986, 103.39301392006674, 109.00683611896966, 122.66509930639182, 134.56735586525687, 141.50517267597294, 139.45210281591469, 130.1103448378664, 125.44032059710496, 117.79650845050907, 115.15354639534546], [21.48334373130761, 13.300376703159802, 12.676169132389248, 20.363480850601793, 19.235918233340826, 21.740662337719108, 26.13804965040129, 61.09235799480668, 67.18499967178309, 74.977695972033, 83.56455772467807, 93.03861021188027, 85.31041727609554, 77.09234720581527, 68.9050333803617, 25.46796723513893, 18.01220838222046, 10.35236788186369, 5.547056028836467, 12.982281286740053, 11.99203868043174, 0.0, 10.721267730145113, 16.81687672734795, 23.263151690808318, 60.96026209462728, 69.68588533085781, 76.61203655431872, 85.9586959176217, 92.96841777970252, 91.37012945796464, 84.75397879421031, 77.59689838042532, 70.61606589209497, 64.6328170300283, 34.218530979238686, 40.88913435305464, 49.611810274754546, 53.387536769395965, 64.1015370734644, 69.94300897440631, 75.04090831070187, 77.57358076009912, 75.29465406079127, 63.037868533326126, 55.06620349041428, 52.044788989079194, 79.34994751718217, 79.92273782600572, 81.72188479327819, 85.18366759651715, 87.93209596003881, 93.22974669975659, 100.10991131203998, 103.01042725783111, 100.46990619239149, 97.18718051129184, 93.43655378376998, 88.14282400674392, 81.0571241944473, 83.18528239931757, 87.81954190262545, 92.04811970641032, 97.34563171425461, 93.78670823789315, 88.71603049778813, 84.15566128138417, 41.982688397001695, 53.00022360419659, 67.07558366144274, 81.24472782330041, 96.17908563915562, 107.6002428115125, 111.3246656214442, 121.06205018605583, 132.89244966420605, 139.5585639103516, 137.2513266627762, 127.5591070335031, 121.7084763734252, 113.50315692054902, 109.76931712837468], [15.246026583162875, 9.413809191166933, 16.956123078608535, 26.51430799686065, 22.458904683191673, 19.78749583469786, 21.44424802163853, 52.27028858123072, 58.0502388861912, 65.58192533286486, 74.36580030874457, 84.55600335821454, 76.36216255928278, 68.04290520013538, 60.03276049064335, 15.0512383833277, 8.1956342140436, 5.325282605615218, 13.283696448660963, 23.10907726383487, 22.180444998601626, 10.721267730145113, 0.0, 6.536586271559342, 12.796660954840878, 50.818520191121934, 59.819759766322306, 67.07614120136019, 76.85955673882293, 84.35517559728638, 82.40902980844889, 75.32396971835652, 67.89283438675814, 60.780532807351754, 54.681373247302, 24.048927310674323, 31.862325748672056, 41.89161259801611, 47.90861059420868, 58.3052474599973, 63.06711264426032, 67.42369921262856, 69.86986849754459, 67.25746940319897, 53.85233213276983, 45.42479426627209, 42.07009442747421, 76.78714689736857, 76.29069751227158, 76.65793974938008, 79.35545308813656, 81.54281673600185, 86.57519356213204, 93.4853257403719, 96.9142181186323, 94.8388986154821, 92.02231647947825, 89.18934425403702, 84.56913100917716, 78.04835223030238, 78.65559016517433, 82.15849413339241, 85.67794844827894, 90.73214171339927, 87.48600604290164, 83.10321842854388, 79.64982385870611, 51.15952759744669, 61.32025261707272, 73.91584726766618, 86.065105343119, 99.89732980816007, 109.23128137557293, 111.3088759703601, 117.53087340315065, 128.414071031469, 134.46848711288072, 131.81452431208606, 121.80723266169309, 115.07099317424367, 106.65047798468727, 102.49062045411624], [11.387067797031289, 9.744160703892824, 20.030770226513038, 29.52912827094608, 24.37916932994172, 18.909022464467302, 18.13106839917863, 45.913932549892, 51.696775609723716, 59.23595272841855, 68.03198864076589, 78.3228513026598, 69.96654380310981, 61.6091548543903, 53.638491483245, 10.518918441260437, 6.8632439488233254, 10.296519183573936, 19.1916469775958, 28.596842507908455, 27.517471811125496, 16.81687672734795, 6.536586271559342, 0.0, 6.529036303664189, 44.7379818420096, 53.79099940063052, 61.12234963686443, 70.9363653588271, 78.4947735372579, 76.33371306615892, 69.13464992854621, 61.70252023298583, 54.51430095598974, 48.40591576141251, 17.543988299685875, 25.97647508256742, 36.98966255003208, 43.98865093971618, 54.27335263172004, 58.63191006953573, 62.48829674964052, 64.41680446913827, 61.36414334180499, 47.8439185370729, 38.987895104647095, 35.59403587824564, 74.25367628963048, 73.22250020160904, 72.85448809843008, 75.09216726086173, 76.85738251481945, 81.54344209815933, 88.23589211562346, 92.12554345808967, 90.44874194563447, 87.99325192093002, 85.70336734459671, 81.51772767263961, 75.26554411177392, 75.12838836950255, 77.96731137838088, 80.92228376689249, 85.60478557278725, 82.7809444181055, 78.93510113367435, 76.139323245146, 55.734593725414285, 64.591895511352, 76.08148480619477, 86.89830746554445, 100.11360193572698, 108.28149787653211, 109.50987748709618, 113.95044798623142, 123.84353289399792, 129.40235117013918, 126.52297797897621, 116.37297251656516, 109.3501459062876, 101.0718221311253, 97.17151328924582], [13.008913920335777, 15.13191817798517, 25.889762929087933, 35.16041592713001, 29.533059852815487, 22.446053299803154, 19.419746172531426, 40.58671251647915, 45.9941601441733, 53.28517934654268, 62.18720295587736, 72.94289090380822, 64.36955884108258, 56.0142668252099, 48.2298088701385, 6.347150061382195, 8.780714330337194, 15.564478618297919, 25.200201606868323, 34.80885114382951, 33.8744058237362, 23.263151690808318, 12.796660954840878, 6.529036303664189, 0.0, 38.329426316552535, 47.5069320407815, 55.0041257061278, 65.04724558055723, 72.88218204917506, 70.53585990498455, 63.08024260682777, 55.50105584982233, 48.26528518837925, 42.10492573781634, 11.55126665374919, 21.929013639567767, 34.207904078718194, 42.8049051503504, 52.61211375075701, 56.10717797092622, 59.221843153822384, 60.762326529466044, 57.206634747882596, 43.055414209083494, 33.490570093716435, 29.41485721999291, 74.43405005487863, 72.72830479145249, 71.37229834084243, 72.9876082736284, 74.23171338949798, 78.54006447158082, 85.04381161875257, 89.45475698581912, 88.23268250697804, 86.20077027511762, 84.6093499439932, 80.96185557794657, 75.13804227389709, 73.99940397285683, 75.9512373008011, 78.22920239017574, 82.52521561719671, 80.13591379670098, 76.94448246935771, 75.01773142007447, 61.208076308240244, 69.86847130045639, 80.77344276387056, 90.59056003315908, 103.24217589168713, 110.28044289203835, 110.60414478384004, 112.8913618971678, 121.72572971404533, 126.61108540497125, 123.35503978996701, 112.87098764749621, 105.12475124428626, 96.5684833426952, 92.30206066723608], [45.0405806618042, 51.788123427360986, 62.45956438807861, 70.50757756721559, 64.54328278438368, 55.25949133392097, 48.00369145012115, 21.86169702214373, 18.905041255306852, 20.532300670797373, 29.268921741188315, 43.19330468041061, 34.66727844179652, 28.407897220993004, 25.01867092692931, 36.90799820337936, 44.33035974533399, 52.08958259225907, 61.64600966653056, 71.00353832798011, 70.66407408138494, 60.96026209462728, 50.818520191121934, 44.7379818420096, 38.329426316552535, 0.0, 9.866030716418127, 18.388148414129493, 29.767353051328584, 39.38326126863917, 36.05839168898496, 27.1093895851386, 18.620050769558876, 12.02885923735834, 6.75853099663063, 29.080195990265505, 34.38141418087373, 44.61906387034548, 56.42790867381036, 61.699254030274744, 60.336803414175954, 58.03004228949272, 54.98594462531545, 47.187721195963256, 35.41343139343626, 24.03224711454203, 13.707623207964355, 88.21057276475729, 83.64667098055759, 77.58809634586984, 75.42107618354123, 73.01803634881121, 73.58993628247032, 77.031