{
	"dissimilarities": [[0.0, 7.362269481178073, 14.820552761374925, 24.174130337665698, 17.473860036239675, 11.278375096391768, 7.629495097958251, 42.914235074724296, 49.90345449806428, 59.301791057460456, 66.46341355086834, 74.68347095070656, 67.01598133827707, 59.7835929826887, 51.41964038193963, 18.961294575595677, 17.780036718841107, 19.30856888862375, 25.155896481271068, 32.42271510674801, 28.946282293377546, 21.681938128621088, 14.132768111924642, 10.72385833471568, 13.995689803745867, 48.51212907936777, 56.241992047960046, 62.8854548652591, 72.08652083221952, 78.31726743429424, 77.78837226004187, 70.50580239689234, 62.625222532376526, 54.17222513099571, 47.49229015329114, 20.570287104952158, 26.236895171453156, 35.20165387281187, 38.25637515115879, 46.82954478694323, 54.726175221497684, 58.61835748418814, 58.758012911687075, 56.44853551953969, 47.89908438721213, 37.429371573373615, 35.380816831310014, 64.89866553754395, 60.870019229767564, 62.96070447236217, 67.02238916300783, 69.45279476054553, 73.95510280660235, 80.77240409378363, 82.1811643672932, 82.5489909924656, 79.09928362831106, 75.4900729120382, 69.79474497602592, 66.37652249388029, 66.88910897826416, 70.2689342692409, 73.40713566736336, 78.5836994052756, 74.21970787765477, 71.06033190512873, 67.76671721880653, 55.102032578646146, 56.68164363063409, 68.38544162585573, 76.48618095791494, 86.04225150968588, 96.48639526885712, 106.88110863963827, 107.9560908225426, 121.14621319892652, 120.50582520254842, 114.22646186447294, 106.46280694790622, 104.67809942032426, 100.6322998243986, 97.85373652391792], [7.362269481178073, 0.0, 8.170199731638876, 18.916631865202092, 13.027609807276392, 9.752512354587306, 11.399718090939487, 50.232171369477925, 57.12193435029238, 66.46542015190765, 73.72786996064254, 82.03438863520243, 74.34862632494712, 67.09092812915496, 58.73775114484674, 21.895325851505294, 18.144017261782135, 16.737500313035067, 19.850539535700886, 26.55834956972635, 22.683709877406258, 15.533797763015292, 10.335091682305775, 12.029844931464284, 18.160134731201254, 55.01960007303621, 62.7157874084364, 69.51592804455552, 78.86291939838394, 85.3664870615037, 84.93751766374612, 77.49264055894174, 69.47836761816085, 61.033077611637744, 54.2079569457989, 26.486448831938667, 31.41390278307412, 39.24203506295871, 41.4033376705276, 50.087309787662925, 58.362564998561, 63.18604785871908, 64.08482152810234, 62.560085238216466, 53.324179873882464, 43.82735144876269, 42.029277320462626, 66.53818425936399, 63.169089772997445, 66.13224504850282, 70.85205702339621, 73.96079630274448, 79.01712961843543, 86.24955464927021, 86.91942263609148, 86.69871095206958, 82.60758376542451, 78.29876377212061, 72.08036937646956, 68.52406226678859, 69.8833324540864, 74.00774662692291, 77.77801278580337, 83.73686397531613, 78.56415742269064, 74.78114924975664, 70.7451707308388, 50.76082791137656, 53.23299047898178, 66.3629108210767, 75.55627135630773, 85.48025263503442, 96.86900255464612, 108.28495629187198, 111.03021615047017, 125.82363432531034, 126.2595266305015, 120.45463277259958, 113.05384765031091, 111.58687425039786, 107.70165177587481, 104.72509938098345], [14.820552761374925, 8.170199731638876, 0.0, 11.36045618057035, 7.670231483612736, 10.364147205072204, 15.8828045223598, 57.44875175172022, 64.65645558321165, 74.08708740296977, 81.1463708340078, 88.99006815315644, 81.47515751972087, 74.27007435942264, 65.89389176724794, 29.6023920077062, 24.83845287021267, 21.1879545735376, 19.163323013149466, 21.858185785612672, 17.284338719577157, 14.165413865354267, 14.946053078540501, 19.635775442248693, 26.235586024902165, 63.097206575108935, 70.77222277964358, 77.47368459489583, 86.57350942814382, 92.80504740762359, 92.3056085103268, 85.213225826294, 77.3675702481692, 68.94962026916627, 62.21184072171713, 34.43076566525974, 38.030753002462944, 44.35425685424646, 44.00573092402686, 52.929153550555725, 62.05317551841959, 67.7562783799691, 68.9719216552485, 68.00674418146365, 59.512821926310124, 51.07188008781992, 49.98349291332791, 66.15557593173916, 64.03018639164084, 68.25369121129589, 73.69492265179146, 77.44999684963801, 82.8548114809898, 90.12332562605859, 90.08522401318528, 89.24309895306558, 84.4887559350285, 79.42740857847834, 72.51776581259267, 68.79002459574302, 71.50985465660291, 76.54862560170137, 80.89058568867895, 87.36418246310774, 81.60262399776337, 77.2411049401341, 72.29607131400407, 45.54093942662037, 46.775929268287435, 60.56175021307124, 70.7378750849499, 81.14420428802633, 93.54374789783745, 106.07351557444355, 111.44008544242881, 127.41488270631218, 129.23852378194, 124.19591432945593, 117.34680312620421, 116.53139529176704, 113.42013829663323, 111.12775748737599], [24.174130337665698, 18.916631865202092, 11.36045618057035, 0.0, 8.734642410521625, 16.139203839356174, 22.52361010050312, 64.68302600777504, 72.43258358113486, 81.97872756822684, 88.50091454366695, 95.2768211663569, 88.23939074796357, 81.2493073822122, 72.90772585533055, 40.70203617910253, 35.97844607231184, 31.60801190178481, 25.932426081383497, 21.872425942722746, 17.42022835641465, 21.70306199205679, 25.810994831347227, 30.71318154314082, 37.01659517226593, 72.46894187955535, 80.07178529862242, 86.396282724374, 94.79647551174425, 100.21063228800777, 99.49918561514004, 93.31549637273636, 85.9841830845535, 77.6863012738144, 71.28981909301977, 44.2988752913573, 46.53053157910891, 51.31623601781341, 47.181759345587245, 56.33785040306598, 66.63994316696801, 72.97530333962997, 73.93882762688317, 73.18541030503131, 66.91768265462663, 59.43027315252107, 59.20219236078327, 64.40227712426048, 64.26606073986176, 70.09489207685436, 76.20713569606306, 80.45456325472789, 85.85682627482501, 92.60306383483956, 92.00184948473604, 90.57958359016112, 85.23821175890824, 79.46148254831056, 71.73168392387177, 67.823900012091, 72.4687383355239, 78.5041880601841, 83.23689004039696, 89.75803873535286, 83.81735217163535, 79.03852115923505, 73.10120606273806, 39.88522506934043, 36.32346312791713, 49.93650115119273, 61.25925644612551, 72.54470690850263, 86.14879188879182, 99.94451300077445, 109.26971189496103, 125.5652630633063, 129.00871050349096, 125.0345616247204, 118.88693891198331, 119.00073932974115, 117.21344214419166, 116.43942033864273], [17.473860036239675, 13.027609807276392, 7.670231483612736, 8.734642410521625, 0.0, 7.800257722750063, 14.863304550225061, 57.61751000092747, 65.4764211086918, 75.05910360607812, 81.67852292999184, 88.8354013520225, 81.30452985948415, 74.14051348081688, 65.82397909641008, 34.622416160662965, 30.995476607917297, 28.42119817032064, 26.61618130032774, 26.998251767158923, 22.293211231373515, 21.680942970669403, 21.96809592522998, 24.95932435355927, 30.372158299103177, 65.53413197052484, 73.36677294395676, 79.87338361310812, 88.72888430970987, 94.1990084412366, 93.36777701477997, 86.835688040771, 79.26682390910631, 70.77073195598565, 64.27126839765485, 36.60830032370458, 37.933014844941866, 42.61801700637237, 39.40815365572828, 48.53809063865267, 58.48719788258834, 64.63548922080533, 65.75746211916686, 65.18742887385083, 58.2607073959545, 51.149299312447134, 51.68745967586647, 59.38861275878155, 58.024669617061285, 63.0196505227518, 68.83325719888744, 72.90733905892438, 78.40341463709082, 85.54454031082453, 85.02446160076654, 83.81964999683966, 78.74679544803952, 73.35900067331636, 66.10344352695677, 62.29550750218329, 65.83934339358053, 71.38943858136504, 75.98028724695428, 82.63342352009919, 76.62208603820099, 72.00041876510987, 66.55383801817791, 47.5958549357913, 43.8675118612255, 54.651263337925485, 63.72866594931641, 73.6844220924034, 85.91893072130897, 98.49297579415736, 104.62081950547545, 121.24443928357451, 124.14425315717313, 119.7768245093469, 113.72259362929917, 113.90359594915847, 112.36538427892884, 111.86772617429791], [11.278375096391768, 9.752512354587306, 10.364147205072204, 16.139203839356174, 7.800257722750063, 0.0, 7.3599257087547425, 50.08423551400711, 57.950836320703104, 67.53320707581334, 74.19992922252638, 81.5973410450174, 73.8360189834265, 66.59740978894665, 58.29244207173226, 29.1201358686569, 26.95873216440666, 26.450031196609412, 28.217393477800993, 31.605441948164334, 27.18187507856929, 23.465200763935112, 19.99240729341357, 20.200540641353662, 24.22750515672561, 58.15649550678708, 66.0738297961277, 72.60255203161303, 81.6254750094703, 87.08637101871135, 86.19644147831835, 79.50181058139736, 71.85891920478335, 63.29393183871691, 56.80362659273231, 29.23592492605854, 30.483251049917, 35.9870157441135, 34.323410593875856, 43.463779844451146, 52.92034283634301, 58.37545605623776, 59.16784991945312, 58.18715476122092, 50.99080970967691, 43.38661867275168, 44.073540455103355, 57.43239463074868, 54.82566430604507, 58.683759030627655, 63.885973456816764, 67.41418466530638, 72.63387681429016, 79.77902740987021, 79.83087241585216, 79.16223743339155, 74.67157669869832, 69.97452377357146, 63.34877818707373, 59.687444282263364, 61.953949766667414, 66.70497897307973, 70.80517147914072, 77.04565369226295, 71.51092494862074, 67.38586773625669, 62.739149178771186, 53.010715341402495, 49.872463422709515, 59.368200888876245, 67.02472324866648, 76.25346771238044, 87.27087984602619, 98.60478117618376, 102.00030462451114, 117.66880516211826, 119.45158032146784, 114.48351141929638, 108.1138333337715, 107.96817628543276, 106.188620730747, 105.62944807710365], [7.629495097958251, 11.399718090939487, 15.8828045223598, 22.52361010050312, 14.863304550225061, 7.3599257087547425, 0.0, 42.7914672730996, 50.65717874341655, 60.248709188190695, 66.87672192030527, 74.29583196645521, 66.57580774432594, 59.3620563313814, 51.033163839134176, 25.523496378149076, 25.101913484577807, 26.511134259247335, 30.77559303127498, 35.748136114219555, 31.802167943206065, 26.69420009112732, 20.75378741101838, 17.984483709494526, 20.005703446669624, 51.32460206228866, 59.1944027812748, 65.56755812751835, 74.44471146728854, 79.76752936013975, 78.8481918241828, 72.23415522476779, 64.70407003584562, 56.18443486615683, 49.837040326996565, 23.39298963850012, 25.493628625380204, 32.50597534118676, 32.42202685251045, 41.44261889057625, 50.330294706140855, 54.68410574184277, 54.66048809727864, 52.726168026398916, 45.97561342629397, 37.108134634787234, 37.328729355206896, 57.759154040764024, 54.25938305788304, 56.984857428536806, 61.38944745329057, 64.10914077309168, 68.7105883236698, 75.43572196336478, 76.40719846648761, 76.4621517746692, 72.73628434850852, 68.87213230907713, 62.88861388400661, 59.393839658826245, 60.55086552707687, 64.37815021307634, 67.73629869538833, 73.0866402676443, 68.4874113792015, 65.09738598564353, 61.369878286008614, 56.641157319486794, 54.14534950617674, 63.08362485544631, 69.9388404410994, 78.94048072549727, 89.01814249256674, 99.27348458628506, 100.78045687559865, 114.54607511786014, 114.92741649036624, 109.29573142169174, 102.33641907415749, 101.62310403296595, 99.31273317186768, 98.55443893021837], [42.914235074724296, 50.232171369477925, 57.44875175172022, 64.68302600777504, 57.61751000092747, 50.08423551400711, 42.7914672730996, 0.0, 9.169018461410905, 18.403345189681467, 24.226546283997827, 32.57115293763291, 24.137052635737216, 16.906356807662643, 8.560694857484059, 40.864417642099696, 47.637684148619826, 54.57558040855731, 64.58881880433418, 72.99612597155345, 70.48442799022136, 62.824208044253055, 53.256148933234314, 44.91156119059526, 38.234813782122146, 20.33591593913618, 25.574549332611433, 29.025593472337444, 36.17149944474907, 39.38626132625977, 37.737782254916716, 31.758288326420207, 25.831469905786662, 18.71103496485916, 16.861556882256483, 28.754016886191188, 30.807771243908913, 38.138800182100354, 45.84967738891545, 48.99346013122463, 50.511682798146474, 46.24695065535587, 40.66531950094913, 31.95574421751133, 31.91541297155971, 19.110889368502605, 16.278009549017316, 72.00006931107242, 64.6600066770151, 60.41265649712158, 58.882537799203675, 55.80897173308738, 55.26183610763425, 58.08656461985457, 65.04244476639089, 69.7139305402947, 71.34104925072577, 73.01709454531881, 71.91455854852988, 70.1354635991931, 64.80523968129533, 62.2302337176757, 60.229248479331815, 58.77512232238176, 61.13216770910468, 63.0454768067666, 65.63883721918113, 90.74385519100898, 89.71749800135798, 94.73876031504658, 96.91292765194387, 103.22995240558214, 107.58315450735344, 111.17725344679339, 100.5828858246742, 102.9192741812618, 94.23379477847708, 84.23903829794418, 73.93317336646949, 69.27028282552116, 63.608387380996284, 62.20877804313466], [49.90345449806428, 57.12193435029238, 64.65645558321165, 72.43258358113486, 65.4764211086918, 57.950836320703104, 50.65717874341655, 9.169018461410905, 0.0, 9.622287594826608, 16.751331782228686, 27.146335038322153, 18.938421887808207, 12.583641135922662, 7.646161459538373, 45.03986074447675, 52.14465377353016, 59.38529910551289, 69.95737306632682, 79.0771166808032, 76.8845927228829, 68.68703961537253, 58.9308126689075, 50.47437186134069, 43.443867446929204, 15.267543986303856, 18.10487240422064, 20.319708592485767, 27.400000141570946, 31.2463874496728, 29.908436495536524, 22.795986656705388, 16.748382593058174, 10.555731413996666, 11.96531228058846, 34.239952395782765, 37.465436293469224, 44.93256745946392, 54.16961746011219, 56.65217916488937, 56.87620503369556, 51.62205367192184, 45.98332415940216, 37.081141012246924, 36.443179244892974, 24.273449456317206, 19.0073441912097, 80.38454891569147, 72.6342569264227, 67.61330201451155, 65.3747251037985, 61.63209088432986, 60.40910300350128, 62.6143516219511, 70.34647145029983, 75.6086918111371, 77.95694314721068, 80.28433242713794, 79.79932063817327, 78.2310544297387, 72.1493008102041, 68.7862980100487, 66.15056946921257, 63.812298017092544, 67.07196310323647, 69.62742583605419, 72.99466679164006, 96.81143217986482, 97.49940950977651, 103.39119112209394, 105.80928707124302, 112.18711518172113, 116.2499357265748, 119.28129979783863, 107.21029553282521, 107.7113126553267, 97.08834461289825, 86.09487900562917, 74.81521027940981, 68.47371591786022, 60.368694917051684, 56.523727893208346], [59.301791057460456, 66.46542015190765, 74.08708740296977, 81.97872756822684, 75.05910360607812, 67.53320707581334, 60.248709188190695, 18.403345189681467, 9.622287594826608, 0.0, 8.569862317496177, 20.86261819477759, 13.617541863707597, 10.723357015010597, 12.926983162228607, 53.19232820980391, 60.42551851531173, 67.7923516255395, 78.59871870257837, 87.98970271929595, 85.96678328891325, 77.58150085391291, 67.77384018166687, 59.3054865072228, 52.14124913544344, 18.21060538554029, 16.623805352065816, 15.182572685782668, 20.0946565427743, 23.08984800631251, 21.67058296078504, 14.092328685306555, 10.13446058672202, 9.87631827950406, 16.093435567503757, 43.00958283784696, 46.02798449221157, 52.76522200980049, 62.44106372003226, 64.06506660612357, 63.06037541274421, 56.68981281808675, 50.66593404083338, 41.55169712466889, 42.02370426141158, 31.874517221134973, 26.988996973872204, 87.78730819418784, 79.73552356096117, 73.88344864883551, 70.77013672642713, 66.18734087419793, 63.995612066500165, 65.1870745245505, 73.80206631285448, 79.75188260694509, 83.0129335103484, 86.1925894405878, 86.49945574931894, 85.23366679090167, 78.37850949909523, 74.08878357624178, 70.61325086287592, 67.0248989174316, 71.51759461580112, 74.9140225225543, 79.19760131820449, 105.36254569973634, 106.57683382192606, 112.29511622748211, 114.30260693886025, 120.34505675633001, 123.64810875335381, 125.67256201919656, 111.6797319111271, 109.85711490311586, 97.20764754081023, 85.28164262044083, 73.29432208891107, 65.57021920924635, 55.778178243978765, 50.6365666346917], [66.46341355086834, 73.72786996064254, 81.1463708340078, 88.50091454366695, 81.67852292999184, 74.19992922252638, 66.87672192030527, 24.226546283997827, 16.751331782228686, 8.569862317496177, 0.0, 12.747249209674143, 7.485491844618763, 10.349569933466702, 16.78025300367205, 61.43115675007401, 68.57855466661833, 75.80575994504696, 86.27941985999381, 95.15732335061851, 93.1304930681149, 85.20402615212392, 75.56369564132537, 67.15356129118543, 60.11514786147616, 26.66920178494298, 23.94961764242747, 20.198460198304545, 20.14243837933176, 18.61792315770932, 15.948864672658994, 13.019109235523336, 15.053098966036757, 18.15811145427511, 24.660794354984873, 50.84332931510269, 52.96227862268247, 58.70796667727222, 67.14981393777232, 68.21040934440289, 66.82598212096573, 59.66659360064305, 52.73931737787, 43.09259643077388, 46.79376923243892, 38.47031302211643, 35.06363731349476, 90.52996288025491, 82.68189502642994, 76.45146723117057, 72.65073037127404, 67.29191262991496, 63.94017409170477, 63.60453745967665, 73.17149092593326, 79.75126488387058, 83.84784909768642, 87.78550796681776, 88.67950837667613, 87.67503785192278, 80.57542312572377, 75.63571719954722, 71.32097998166948, 66.17880491107876, 72.14880925747224, 76.37115892110353, 81.30770297699762, 111.4438573688123, 111.56668935749012, 116.01659296396011, 117.11340102063674, 122.66769405900098, 125.0043525841769, 125.90638105795091, 110.83369443973584, 106.16022778197681, 91.87274928887724, 79.34595263790688, 66.83954861485545, 58.362556095125534, 48.40697770117878, 44.82955655770708], [74.68347095070656, 82.03438863520243, 88.99006815315644, 95.2768211663569, 88.8354013520225, 81.5973410450174, 74.29583196645521, 32.57115293763291, 27.146335038322153, 20.86261819477759, 12.747249209674143, 0.0, 10.684923834242337, 17.765619645468828, 24.712979545074912, 71.86794748209219, 78.69095753308578, 85.48547717794708, 95.10228182921438, 102.84263718953797, 100.85434663614258, 93.95090469703842, 84.79802751239562, 76.63922127173906, 70.01166096433269, 38.915390451520054, 36.10744290868398, 31.364166309301908, 26.86006041396335, 19.303492147726093, 15.15339710452511, 21.163607694931486, 26.755159456978664, 30.48928840592389, 36.71691394871266, 60.9106005842391, 62.30385387523662, 67.15921270523695, 73.14901923620408, 73.97513013285314, 72.93672803868962, 65.34903451637922, 57.233125568582, 46.993291739470045, 55.141979310620876, 48.21664213305197, 46.022538428099274, 93.33786521043845, 86.30908485574112, 80.19691547509159, 75.88270226496593, 69.79316573978032, 64.96354726571957, 62.19049571576079, 72.942677951307, 80.17051432923974, 85.13456726102085, 89.79262006056379, 91.0923324043361, 90.32034098471522, 83.57907380995813, 78.25174720469626, 73.04067822838518, 65.78753340477475, 73.71424101765771, 78.81132050500185, 84.15325813394519, 116.9436262029854, 115.25295036468268, 117.88223011212524, 117.87111367489473, 123.00691020665553, 124.22016732160961, 123.81417777786211, 108.73453640188866, 99.36789385929362, 82.86510124630186, 69.65851810220056, 56.02081256815844, 46.22193431706075, 36.13739718750892, 36.815011182080895], [67.01598133827707, 74.34862632494712, 81.47515751972087, 88.23939074796357, 81.30452985948415, 73.8360189834265, 66.57580774432594, 24.137052635737216, 18.938421887808207, 13.617541863707597, 7.485491844618763, 10.684923834242337, 0.0, 7.6561930340369555, 15.695893289724768, 63.76311887869261, 70.85629461296062, 78.00976577403976, 88.19416224410367, 96.51324084530727, 94.21959551026148, 86.72130198036969, 77.15059608224736, 68.74410196712621, 61.81857749151375, 31.376591556422223, 30.096562745258154, 27.31272344273557, 27.41680227556658, 24.125127102819476, 20.663810266925168, 20.354262430609346, 22.038549123975542, 23.382562337502815, 28.824093495674035, 52.03786779181647, 52.53837822061318, 57.03013183321123, 64.01912627483628, 64.58644950135684, 63.13740959988521, 55.6305237446684, 48.00298469812687, 38.01513412166213, 44.610791693150134, 38.04309995917182, 36.96534624470662, 85.62690921924985, 77.95656521933277, 71.56585794371942, 67.41678920717405, 61.68112026048954, 57.734518123167234, 56.68154155680183, 66.59735161898051, 73.40703596414085, 77.85730783607309, 82.16406337028937, 83.38983976860284, 82.56450854592137, 75.3793586879727, 70.14296511077185, 65.4137730881806, 59.53346088283401, 66.18666612964127, 70.80918061747577, 76.04608905522211, 112.49826495880755, 110.62144145605603, 113.30556204204632, 113.2651116570832, 118.07580035583662, 119.59735318989406, 119.7625015776589, 103.95193635731783, 98.79447062821471, 84.68662623173516, 72.3353779231514, 60.39182782496084, 53.08053862858449, 46.04180137246566, 46.70846139584597], [59.7835929826887, 67.09092812915496, 74.27007435942264, 81.2493073822122, 74.14051348081688, 66.59740978894665, 59.3620563313814, 16.906356807662643, 12.583641135922662, 10.723357015010597, 10.349569933466702, 17.765619645468828, 7.6561930340369555, 0.0, 8.393079460156862, 56.60685557847331, 63.73041453446122, 70.95535590725524, 81.27315355103624, 89.76869000007491, 87.33924776896046, 79.64189601909219, 69.95310616000499, 61.490157002818314, 54.516605629942056, 26.084473674357433, 26.62762959091599, 25.881410021812737, 29.161248830393546, 28.616611214515025, 25.802194260715616, 22.410011291388564, 20.71569935463292, 19.090813765942116, 23.12554807973134, 44.53983764858967, 44.90252721961892, 49.7152579314765, 57.20290958043276, 58.14012177515324, 57.09871687013162, 50.174760942758205, 43.01254604924655, 33.149287299081344, 38.05102113619224, 30.50750375680742, 29.71088831639697, 80.1893860449865, 72.3515984011811, 66.25821370036691, 62.662379315093126, 57.54836068956666, 54.58558767710204, 54.940930647003, 63.99892940099443, 70.25062945657817, 73.9617327612954, 77.6329416911971, 78.37014514563997, 77.33633924110579, 70.34684585100842, 65.65016727981155, 61.61401210820221, 57.09064388988071, 62.452005330403104, 66.38548602567644, 71.07991431963443, 106.62881553697709, 104.82498665125435, 107.9409612923516, 108.30467712304123, 113.30798274567016, 115.48264910029431, 116.51449472893606, 101.56450459807562, 99.25524756240262, 87.03095608286569, 75.45135629414423, 64.31829875404051, 58.25480811343079, 52.210686855848444, 52.392089086888575], [51.41964038193963, 58.73775114484674, 65.89389176724794, 72.90772585533055, 65.82397909641008, 58.29244207173226, 51.033163839134176, 8.560694857484059, 7.646161459538373, 12.926983162228607, 16.78025300367205, 24.712979545074912, 15.695893289724768, 8.393079460156862, 0.0, 48.93882694385987, 55.895396515275934, 62.97031722904459, 73.09631999173075, 81.47097961287882, 78.9892916973693, 71.37805331865246, 61.77121623032275, 53.37440307575643, 46.55514464970045, 22.427598013509716, 25.327425252058333, 26.73579345445468, 32.16247779347129, 33.59913016004248, 31.36993720863491, 26.539147651117506, 22.37647474674543, 17.533070263201196, 19.001809421447025, 36.75284868046468, 37.66370179138063, 43.484569714312016, 50.933330066101355, 52.87034184198792, 53.061845709857415, 47.31500055875224, 40.714798366240494, 31.092808285402764, 34.09080407063515, 24.17049188779773, 22.807439690619134, 75.35326106322371, 67.75019670854462, 62.51050726206242, 59.87056436465509, 55.68426797714394, 53.849292690054014, 55.401958519703044, 63.50511717915674, 69.02599798604186, 71.74650985526938, 74.48183409969505, 74.3393263546612, 72.94946346041586, 66.73863492729895, 63.032400952975294, 59.93558747618222, 56.84669778840587, 60.807658437189794, 63.80472032415347, 67.51791728708456, 98.6480292612579, 97.02164284886929, 100.87764748021858, 102.00943006761686, 107.6080495243014, 110.78004322012643, 113.01351741328915, 100.18652906461867, 100.12878187349094, 89.7026917540363, 78.93429361314723, 68.21688789762678, 62.958533614394014, 57.271345400519365, 56.854462493085755], [18.961294575595677, 21.895325851505294, 29.6023920077062, 40.70203617910253, 34.622416160662965, 29.1201358686569, 25.523496378149076, 40.864417642099696, 45.03986074447675, 53.19232820980391, 61.43115675007401, 71.86794748209219, 63.76311887869261, 56.60685557847331, 48.93882694385987, 0.0, 7.794726730318385, 16.13018696367407, 28.96027313624656, 41.42006342175641, 39.197738228044315, 27.819611894283984, 17.37469669240847, 10.011258615099555, 5.892030481344271, 38.04821990936493, 45.345567208226974, 52.80278040770699, 63.43204997644413, 71.79865246071057, 72.01014795024528, 62.673814006953535, 53.76370376672586, 45.61154395018407, 38.318522178077146, 14.68730434899478, 25.93743482639492, 37.30103867537676, 47.7608065793502, 54.32234579455491, 58.83286781421325, 61.03204844300068, 61.74233765498472, 59.12757023921157, 46.11251120236887, 33.795882576406036, 27.71416414262119, 77.77572068387258, 71.56204704702326, 71.17820223646655, 73.8666188016537, 75.32053873766122, 79.54463792314318, 86.87155348805733, 89.15100478483767, 90.39243317506737, 87.96595287696358, 85.50539039458441, 81.23472735427691, 78.2728416551501, 76.15265508307962, 77.80134017010145, 80.144847766292, 84.96904433795774, 81.12708086830189, 78.79815277210176, 77.19771733303699, 66.24089821062061, 73.61215115270038, 87.2169503095886, 95.34138143699262, 104.35974102834298, 113.96166584494475, 123.21664783864686, 119.82210108777754, 132.35768153985362, 129.21928219758786, 121.3267256453916, 112.38352342473954, 108.66977480342464, 101.60800580259165, 94.99533513924483], [17.780036718841107, 18.144017261782135, 24.83845287021267, 35.97844607231184, 30.995476607917297, 26.95873216440666, 25.101913484577807, 47.637684148619826, 52.14465377353016, 60.42551851531173, 68.57855466661833, 78.69095753308578, 70.85629461296062, 63.73041453446122, 55.895396515275934, 7.794726730318385, 0.0, 8.40032951307489, 21.44168464046387, 34.36905059871593, 32.33253384642711, 20.566909249466804, 10.756489157099821, 7.117430045983243, 10.262714192450744, 45.43475366406717, 52.51859862481215, 59.82313054427708, 70.09074371968833, 78.45247285709434, 78.75094174238349, 69.68166457426594, 60.94921996911367, 52.932695373737026, 45.73404984636351, 21.384620046977428, 31.39597902666684, 41.927674276131235, 50.680036512538834, 57.85997966833436, 63.29591644093187, 66.4287200780166, 67.50324934825476, 65.28857254430498, 52.549274470085116, 40.88257564382412, 35.27537694179006, 79.52950433457606, 74.1307917037786, 74.78371928357676, 78.17589121578267, 80.23569713423582, 84.85435890899271, 92.32257918667713, 94.09392667621628, 94.84897568547662, 91.82284517461534, 88.67681322153825, 83.74493960817288, 80.57133967659031, 79.50233262688819, 81.96680880394328, 84.86139536380621, 90.20575522014465, 85.80452545705185, 82.9235784948694, 80.51590722959911, 59.96075103185131, 68.83391528533025, 84.08424543546047, 93.45668758619402, 103.16145984434849, 113.7936831417216, 124.11943461258247, 122.95876864364267, 136.38325853432406, 134.13954174240354, 126.69247776177835, 117.87834899197628, 114.36331922642526, 107.33584276010143, 100.56181556332746], [19.30856888862375, 16.737500313035067, 21.1879545735376, 31.60801190178481, 28.42119817032064, 26.450031196609412, 26.511134259247335, 54.57558040855731, 59.38529910551289, 67.7923516255395, 75.80575994504696, 85.48547717794708, 78.00976577403976, 70.95535590725524, 62.97031722904459, 16.13018696367407, 8.40032951307489, 0.0, 13.192165536674146, 26.58232523072955, 24.93026277352907, 13.029054603340718, 6.57406042972066, 11.038897985513495, 17.493444818643038, 53.15621330943645, 60.0359692105016, 67.11759961284288, 76.90060788437492, 85.13701470582932, 85.50380689203458, 76.82695682808071, 68.35234509098915, 60.48503683031828, 53.42584277791139, 28.960462943423263, 38.1331904021285, 47.92487687002267, 54.72694353725003, 62.47904481682956, 68.85237498576377, 72.74115815718069, 73.95533115134117, 71.93751058619739, 59.85202505994568, 48.54553390830722, 43.16632020730202, 81.96382838628371, 77.53340054123633, 79.24710118700666, 83.27159173445784, 85.83063948592323, 90.69748263050998, 98.12565082820367, 99.5156614580683, 99.85452834578591, 96.30276536635104, 92.52959298902691, 86.93958294798121, 83.56259410063758, 83.62923967874087, 86.86729186858622, 90.20898508946351, 95.87551074503672, 91.1026210875696, 87.76764964678996, 84.59349526102802, 52.72493155519604, 63.393854737404425, 80.53090128245697, 91.31596793592996, 101.84248511977647, 113.56227279485383, 124.9851911544988, 126.3774508484126, 140.3110901891389, 138.8801100856343, 131.8813154155472, 123.13367091229739, 119.77023840244289, 112.75225887091553, 105.88068289620905], [25.155896481271068, 19.850539535700886, 19.163323013149466, 25.932426081383497, 26.61618130032774, 28.217393477800993, 30.77559303127498, 64.58881880433418, 69.95737306632682, 78.59871870257837, 86.27941985999381, 95.10228182921438, 88.19416224410367, 81.27315355103624, 73.09631999173075, 28.96027313624656, 21.44168464046387, 13.192165536674146, 0.0, 13.895279088951897, 13.296486623458474, 5.421236823579192, 13.46038128765356, 21.679229141654666, 29.185450302076102, 64.9408576254581, 71.64718749411989, 78.34432621877285, 87.31422128120508, 95.06098875893986, 95.41432932548656, 87.5339372322113, 79.53548315756487, 71.82672080862532, 65.01787637654505, 40.45006163748022, 48.525866462278195, 57.2983864197897, 60.950366402303814, 69.42063545272205, 77.18046028024128, 81.98211452893923, 83.1465781024385, 81.26676922094647, 70.65896919701501, 59.78166486759994, 54.873123162913025, 85.07743553415997, 82.28852161514763, 85.58218957725036, 90.44037927516538, 93.61590830944242, 98.67819943807231, 105.82552363265972, 106.7379756757181, 106.51558211301818, 102.27468602374212, 97.66043529051035, 91.13320949403682, 87.48932500452933, 89.33625800154252, 93.65893307427359, 97.53545448112435, 103.4540825599832, 98.33657655667244, 94.44894059453986, 90.19876065638353, 40.63980453804336, 53.73771752911569, 73.65327696297274, 86.56171275633713, 98.35637272059131, 111.64732471996024, 124.64585519022023, 130.2018183556326, 144.4847045453062, 144.32633705385004, 138.11471333771235, 129.5673052830726, 126.58541610226423, 119.92302027291072, 113.44103693697068], [32.42271510674801, 26.55834956972635, 21.858185785612672, 21.872425942722746, 26.998251767158923, 31.605441948164334, 35.748136114219555, 72.99612597155345, 79.0771166808032, 87.98970271929595, 95.15732335061851, 102.84263718953797, 96.51324084530727, 89.76869000007491, 81.47097961287882, 41.42006342175641, 34.36905059871593, 26.58232523072955, 13.895279088951897, 0.0, 4.938879633837411, 14.794165507250582, 24.906524733163593, 32.87442877161981, 40.47505663988242, 75.89289027632526, 82.57796764393106, 88.8462284164212, 96.94834977927778, 103.81660260105073, 103.98500795013801, 97.14748194233874, 89.72522995812119, 82.09800238531157, 75.6048242502907, 51.004073396815514, 57.828521091092824, 65.53461769507591, 65.74789311269072, 74.75604140139657, 83.86979210084196, 89.34941548624151, 90.19244681690526, 88.34020973479825, 79.84401418637127, 69.49345579201676, 65.38864353582443, 85.96198627140375, 85.00623265965221, 89.83500578991989, 95.37779693520143, 99.01709791189622, 104.06713930727189, 110.6669135932346, 111.17430289962806, 110.45348616245204, 105.65382886519156, 100.34289565343403, 92.97536126132249, 89.12638976153414, 92.80807990448137, 98.10775696190312, 102.35428541204251, 108.25738405061742, 103.037606772288, 98.7542678572705, 93.53410100467262, 27.83816399259142, 41.61260283256529, 63.880628701720006, 78.71648667028947, 91.7309409197839, 106.39194553633271, 120.76732285807519, 130.72508152049608, 144.87457667566412, 146.1180616173108, 140.886071449426, 132.77074255195186, 130.47623870861537, 124.78760689385639, 119.56937529110549], [28.946282293377546, 22.683709877406258, 17.284338719577157, 17.42022835641465, 22.293211231373515, 27.18187507856929, 31.802167943206065, 70.48442799022136, 76.8845927228829, 85.96678328891325, 93.1304930681149, 100.85434663614258, 94.21959551026148, 87.33924776896046, 78.9892916973693, 39.197738228044315, 32.33253384642711, 24.93026277352907, 13.296486623458474, 4.938879633837411, 0.0, 12.323033649489282, 22.195288806816063, 30.12993287300231, 37.78721262159635, 74.05134702341215, 81.01570183269136, 87.43279410933013, 95.8208676270106, 102.55836524014174, 102.5618806568268, 95.64523950302119, 88.08432627583808, 80.2262798194333, 73.62886493382635, 48.01232023840966, 54.04786580963391, 61.27929014782839, 61.12957663925614, 70.10692811614003, 79.2976859132041, 84.98594745199738, 86.02001582175635, 84.49670520565888, 75.97317151759275, 66.1965824851349, 62.845641800497084, 81.25323936969625, 80.23565428413382, 85.12401644519969, 90.76685330918434, 94.55818931065832, 99.77831950263608, 106.58426772666888, 106.81430332890534, 105.94059780027902, 101.0218583909112, 95.62569117962177, 88.25412936761472, 84.41174642130999, 88.08973975228163, 93.48400581274686, 97.86805732654729, 104.03418495424735, 98.54782387448182, 94.13084410755627, 88.81895809340848, 31.103659802479754, 41.21503780544283, 61.84941813412152, 75.89258540368931, 88.40159338163024, 102.77073552454728, 116.96100551481332, 126.30733575475728, 141.2206157915685, 142.88287909115834, 137.82888038643043, 130.12063235627969, 128.2946704504412, 123.34366393840784, 118.90900062157023], [21.681938128621088, 15.533797763015292, 14.165413865354267, 21.70306199205679, 21.680942970669403, 23.465200763935112, 26.69420009112732, 62.824208044253055, 68.68703961537253, 77.58150085391291, 85.20402615212392, 93.95090469703842, 86.72130198036969, 79.64189601909219, 71.37805331865246, 27.819611894283984, 20.566909249466804, 13.029054603340718, 5.421236823579192, 14.794165507250582, 12.323033649489282, 0.0, 10.776207861198902, 19.420139994235104, 27.20578813182086, 64.32205444238876, 71.39555361119513, 78.23505168353203, 87.46190661248482, 94.93538240015995, 95.06150770275576, 87.20571612756365, 79.09761291620862, 71.09789512449595, 64.18160371539771, 38.09550770604641, 45.02166378464193, 53.13528323553657, 56.12846396718467, 64.61622953217883, 72.59263911034283, 77.74082754164749, 79.13804110636833, 77.68475080511122, 67.17091862127485, 57.066364769513974, 53.24310702952791, 79.89719360500354, 77.16919674825103, 80.65847056249025, 85.70817291945679, 89.12402476561479, 94.41119771429307, 101.77725120371359, 102.3045516713151, 101.84367469863872, 97.39921365670484, 92.61371257624855, 86.01105547228532, 82.36014867071756, 84.34767413199818, 88.87583985150701, 92.96548746845646, 99.22366604240746, 93.7530498294099, 89.65562276088508, 85.20434070270905, 42.236983605897876, 52.22317722410956, 70.61790308719854, 82.79482002924638, 94.09246702504853, 107.1488604981267, 120.04992879218467, 125.32311656149885, 140.5094503556249, 141.0036543754904, 135.11376620298867, 127.10294608918454, 124.75979150973008, 119.09607527599566, 113.71213141503205], [14.132768111924642, 10.335091682305775, 14.946053078540501, 25.810994831347227, 21.96809592522998, 19.99240729341357, 20.75378741101838, 53.256148933234314, 58.9308126689075, 67.77384018166687, 75.56369564132537, 84.79802751239562, 77.15059608224736, 69.95310616000499, 61.77121623032275, 17.37469669240847, 10.756489157099821, 6.57406042972066, 13.46038128765356, 24.906524733163593, 22.195288806816063, 10.776207861198902, 0.0, 8.776915026426591, 16.526225458865614, 54.1978141294073, 61.498981280052064, 68.56213964564158, 78.29478096385179, 85.91477813820305, 85.96662534316852, 77.68420802848777, 69.29967038164527, 61.117971582207346, 54.05060122882057, 27.519307518327036, 35.14532220696692, 44.20272251653833, 49.429203981098645, 57.509869987473714, 64.58887521318046, 68.97253313124695, 70.22547525281699, 68.53589747821104, 57.24896635241486, 46.71331508675616, 42.79300146046846, 75.87592996674034, 71.8440295994603, 74.07886610708965, 78.44360050188821, 81.31016896431335, 86.3606565085746, 93.83645013862692, 94.83277108799075, 94.87643935637873, 91.03295111137237, 86.97252305935838, 81.10896015839747, 77.65795034598109, 78.2420759377493, 81.88875156529497, 85.48927522125197, 91.42177947493418, 86.34493496306895, 82.74697738082784, 79.17342169453345, 51.23566975449156, 58.997588953935086, 74.83512335993358, 85.12042023568719, 95.39961598739632, 107.07304479398181, 118.59002408402273, 120.5557303989866, 135.14321826923734, 134.58227160505723, 128.09258981886313, 119.93077878462236, 117.36271905428941, 111.61366802569334, 106.2708454341915], [10.72385833471568, 12.029844931464284, 19.635775442248693, 30.71318154314082, 24.95932435355927, 20.200540641353662, 17.984483709494526, 44.91156119059526, 50.47437186134069, 59.3054865072228, 67.15356129118543, 76.63922127173906, 68.74410196712621, 61.490157002818314, 53.37440307575643, 10.011258615099555, 7.117430045983243, 11.038897985513495, 21.679229141654666, 32.87442877161981, 30.12993287300231, 19.420139994235104, 8.776915026426591, 0.0, 7.805319389562162, 45.80236992280809, 53.30678911694711, 60.45658593353297, 70.44942533481485, 78.01130778072663, 77.96171180041343, 69.49965472016291, 60.996196060614096, 52.67282248080155, 45.5492933205623, 18.835033788619285, 27.61202371131151, 37.828263914904156, 44.83483160857159, 52.51096118411847, 58.82595668472417, 62.30004609273462, 63.11647319479571, 60.9435285105592, 49.493972108376006, 38.2077767090549, 34.03775967954115, 73.13941343188245, 68.14576967696209, 69.27809110573794, 72.93163072578054, 75.16367249579493, 79.8070619186099, 87.13242571585874, 88.71553814967463, 89.3030421836022, 86.09702438924899, 82.76900985321319, 77.57539161502525, 74.31800729944928, 73.75560993080552, 76.55424680637759, 79.5758986456152, 84.94882396282529, 80.47767653364413, 77.45958564377952, 74.72888146620161, 57.94571296693099, 64.01605554607367, 77.88415092076438, 86.69857533584309, 96.24807007747427, 106.75322903034224, 117.06326932827513, 116.5491953239543, 130.07151544956983, 128.48562735958131, 121.4859929959981, 113.12303991096258, 110.32100981871464, 104.51267990812529, 99.35488573252653], [13.995689803745867, 18.160134731201254, 26.235586024902165, 37.01659517226593, 30.372158299103177, 24.22750515672561, 20.005703446669624, 38.234813782122146, 43.443867446929204, 52.14124913544344, 60.11514786147616, 70.01166096433269, 61.81857749151375, 54.516605629942056, 46.55514464970045, 5.892030481344271, 10.262714192450744, 17.493444818643038, 29.185450302076102, 40.47505663988242, 37.78721262159635, 27.20578813182086, 16.526225458865614, 7.805319389562162, 0.0, 38.41852008879702, 46.10666064085541, 53.40284261838475, 63.76962104120697, 71.40805271967366, 71.30271862373372, 62.51090680596816, 53.81164513584369, 45.36675520993437, 38.14308824826362, 11.485415618419955, 22.086733741086615, 33.45902026152103, 42.64144100530042, 49.60312396963947, 54.83064327305689, 57.285271604818846, 57.749408673748, 55.13714766273702, 43.197432749026845, 31.08827675602128, 26.411588720099783, 72.38913001537448, 66.43978505235654, 66.3846950983948, 69.25988004767821, 70.83247837381784, 75.0727873815254, 82.29532767308194, 84.44083921709209, 85.56565332846834, 83.01271409913477, 80.43385426719296, 75.98022730780347, 72.95927227775341, 71.1854139734989, 73.07108156364369, 75.49947438856384, 80.33812312977807, 76.45130869258345, 74.0292057597222, 72.20107725112435, 64.8084679571038, 69.97681784829112, 82.35329899659826, 89.92882495457859, 98.75897104260828, 108.18549141870767, 117.36440002092387, 114.38142864276406, 126.98373583647647, 124.36810795312131, 116.8317967002283, 108.26382860980426, 105.15925993512326, 99.15442018449671, 93.95682933485516], [48.51212907936777, 55.01960007303621, 63.097206575108935, 72.46894187955535, 65.53413197052484, 58.15649550678708, 51.32460206228866, 20.33591593913618, 15.267543986303856, 18.21060538554029, 26.66920178494298, 38.915390451520054, 31.376591556422223, 26.084473674357433, 22.427598013509716, 38.04821990936493, 45.43475366406717, 53.15621330943645, 64.9408576254581, 75.89289027632526, 74.05134702341215, 64.32205444238876, 54.1978141294073, 45.80236992280809, 38.41852008879702, 0.0, 8.324940641125377, 15.809432158925224, 27.643777309091085, 36.20906391558723, 36.493304120717134, 25.670859288964227, 16.16727737117877, 8.609020645678287, 3.5416738512164003, 30.59443894113355, 36.91665545212586, 46.160472439249176, 58.944260440834036, 61.74091081629254, 61.38138425319829, 57.107154975762704, 53.69874110758632, 46.752235042118386, 39.32188900249057, 25.807103683400214, 15.464629051025376, 87.99677064063916, 79.642985451