{
	"dissimilarities": [[0.0, 7.336759317790999, 16.58013031207204, 25.903575760805175, 18.770393279046395, 12.904553480379942, 9.733454316792164, 43.08676828922487, 49.93843022963986, 59.25141785021978, 67.6231791087859, 74.80627265753559, 67.33699994151193, 60.15377543591465, 50.77098100866925, 19.122734077934307, 19.048196067807496, 19.89278219584966, 26.097663781937133, 33.50819709570017, 30.19285403293499, 21.893084961635676, 14.528670258475486, 11.233100754034972, 13.420407711018733, 49.10134380608675, 56.45207661542612, 63.41240841246031, 72.42709357672648, 78.83703839713336, 77.92929683690026, 70.91733924075547, 62.79424901355438, 54.34589001910246, 47.75155178444131, 19.864752579968393, 25.827219939070584, 37.10254740765687, 39.79947831796295, 47.99954039631353, 56.30164486889146, 59.80606749617273, 59.89941202997046, 57.32765854857681, 48.57087352407245, 37.49616381782666, 35.13937044294121, 67.05345974197061, 60.82780474019186, 61.24270266359321, 65.23132369563942, 69.06497356779803, 74.1562195555438, 83.28619197506696, 87.57353628129306, 86.8340317844833, 84.89012180525846, 81.22216852463325, 75.7033240929911, 67.29522975552001, 65.21623188649644, 69.14049126370101, 72.7134427384858, 81.67372638748684, 79.65197955004791, 76.10810752453624, 73.24842102873026, 53.483471619183945, 61.30499122726117, 71.42190785229702, 79.83004094693673, 90.81300123062113, 106.72841891010421, 116.16129673972468, 116.12577382453301, 129.89802415950408, 123.28411176463601, 117.41692132682587, 109.59984046689851, 106.28414632712814, 100.57368688985225, 95.87328362783163], [7.336759317790999, 0.0, 9.574963561128943, 19.908170429616735, 13.558566660419714, 10.536786054802338, 12.650465101063638, 50.3432013082887, 57.26882955314774, 66.58181467026125, 74.9185916543124, 81.98815987397842, 74.56508135106674, 67.38111200788198, 57.97873382457121, 23.344166416262265, 20.81351102007472, 18.803296788364428, 21.71159940533783, 27.70371389548409, 24.02395070607391, 16.4484482372353, 12.23780736697081, 13.821516870018353, 18.83100818698675, 56.10499294795108, 63.46187164448012, 70.45140264522654, 79.47793558487952, 85.94858462592535, 85.12059349213081, 78.11665058797414, 69.9981772911352, 61.57257334389946, 54.90921148303281, 26.613449057914718, 31.430509920952638, 41.164219445332044, 42.38832632147297, 50.837171681619665, 59.75418981204117, 64.2240082739921, 64.92563611394668, 63.079486675604365, 54.165895003668965, 44.18112802778336, 42.30921780614812, 67.70574655139785, 62.295143915513755, 63.85757682441927, 68.58374311372984, 73.15497490573466, 78.70214457353913, 87.969394478193, 91.56569582881241, 90.06502050672805, 87.50619509816906, 83.04045832023381, 76.80234609527226, 68.40150400621269, 67.63764754817235, 72.28464763807389, 76.58029079917914, 86.09405438953364, 83.23710227800433, 79.01115206923821, 75.34077392541897, 48.424463016625154, 56.75061574213505, 68.0157766639584, 77.32101934524023, 88.7740526137051, 105.53215250035265, 115.97214972456267, 117.97003570350404, 133.11193914548633, 127.85310865850316, 122.53100369171074, 115.18704306100318, 112.31566068228992, 107.07749651762241, 102.53910810530822], [16.58013031207204, 9.574963561128943, 0.0, 11.221322703975012, 8.491182160510867, 12.287658787448242, 18.482581173474177, 58.838735165657106, 66.06161472942861, 75.37964734382317, 83.46003954915497, 90.06980140208651, 82.86745619466114, 75.76407547536023, 66.31280790052195, 32.22363621131315, 28.30017300324468, 23.91776481946043, 21.21648206191802, 22.14921566277057, 18.08196884778895, 15.053459572344359, 17.50591123420058, 22.41909434042198, 28.26433102164601, 65.53795970634738, 72.80784428357745, 79.64222947422387, 88.34027679614226, 94.49330332088802, 93.65233174854453, 87.05010454265768, 79.15295795978635, 70.81697010259782, 64.28374276605366, 36.01552009024328, 39.50559835525316, 47.528901072958604, 46.172779389380075, 54.78967825387138, 64.68114330988273, 70.06509638530397, 71.06827570760571, 69.77641037033517, 61.7615383284947, 52.84479651434071, 51.65469181718197, 67.64548202170101, 63.834530792035636, 67.08431705231057, 72.60585826591429, 77.90073216594723, 83.67754968021029, 92.59137513027525, 95.38842273489439, 93.15196945662046, 89.8730055683275, 84.4689081112242, 77.21807939777072, 68.91083938555683, 70.33761306918896, 75.8259173777859, 80.83254962455715, 90.40337506114993, 86.78109550005232, 81.84200123120553, 77.15636575059484, 41.60990976847825, 48.99214561825792, 61.29944905116722, 71.69118402248043, 83.87675810022388, 101.53172786842696, 113.2503007476685, 118.45582112388928, 134.71101577051917, 131.30075455302403, 126.75582256341565, 120.05184064840803, 117.87825084686884, 113.58132985450673, 109.78658560005995], [25.903575760805175, 19.908170429616735, 11.221322703975012, 0.0, 9.906893215257503, 17.558351113960253, 24.437036636563473, 65.34577333731158, 73.08838775254281, 82.34302294362493, 89.8538865484402, 95.53257677802125, 88.71896688145883, 81.82616457045005, 72.40641988050129, 43.0846084859446, 39.35134852682345, 34.59726607540108, 29.185382365485772, 24.002837394724693, 20.56503163612492, 23.553108060544602, 28.423976739093867, 33.334685666974245, 38.67037690520224, 74.5054092945688, 81.6014205744171, 88.08087154962487, 96.06593899639738, 101.36160658820936, 100.29960484355132, 94.61169896511855, 87.19015676244837, 79.01404054401996, 72.87775761031668, 45.130002133162044, 47.00427737321778, 53.41118373747919, 48.66915224129221, 57.250973401474496, 68.32977904513751, 74.23155725719958, 74.98948944099584, 73.91955030809974, 68.13756759257546, 60.247555183346606, 60.117504259012776, 64.605136747445, 63.082925530399166, 68.24212794891635, 74.34218778456987, 80.07697055271025, 85.64039351328391, 93.52537944910803, 95.56825880072232, 92.89067082824218, 88.99792612964092, 82.81272473621117, 74.48388427982513, 66.38517654150324, 70.6043218470268, 76.79656489205217, 82.23275692777148, 91.04272324037821, 87.00388240565185, 81.5680073314333, 75.9289305236903, 36.868304715057384, 38.90492897739828, 50.534800824471056, 61.63892917603066, 74.61444192555311, 92.83225896348877, 105.65412296136299, 114.56054824707716, 131.13658809224927, 129.7840646397157, 126.19503261894687, 120.34369987115917, 119.18563853814445, 116.54992814555172, 114.4610515521702], [18.770393279046395, 13.558566660419714, 8.491182160510867, 9.906893215257503, 0.0, 8.114403145046097, 16.018805199916564, 57.8465072722305, 65.7453643378181, 75.09264289054207, 82.87082842922284, 88.83335279579622, 81.42825284512857, 74.2994143706853, 64.91165084232448, 36.521491358247324, 34.10649694330558, 31.08165689119705, 29.6929271768276, 29.427215266934745, 25.440986976282822, 23.495249298476153, 24.422472646565375, 27.225092197768678, 31.436560359798097, 67.17372566389551, 74.53316976311557, 81.33927402133516, 89.85030797032977, 95.35200667985974, 94.04989587665163, 87.98697880006713, 80.1916235118023, 71.7333037895314, 65.41305687130345, 36.68404529941627, 37.45017995065982, 43.59449576476973, 39.82113766008024, 48.454379323649206, 59.09359672201182, 64.90811048358265, 65.96068769247968, 65.2241118937857, 58.50439372556196, 51.18832214280907, 51.9674101339506, 59.343125569260025, 56.09817792567785, 60.127517422835936, 65.98651215295963, 71.6306993860057, 77.4959727414128, 86.24396554111986, 88.44976159098168, 85.80217717745313, 82.22527809546472, 76.5211009579285, 68.99376791141648, 60.72220811631346, 63.01291954755441, 68.85865370672705, 74.19391874255683, 83.83747926210981, 79.6898469510287, 74.42259923328675, 69.34565662333405, 45.80971806327762, 47.82040856326774, 56.185286888380254, 65.21184184061556, 76.4360624068445, 93.86790761870598, 105.27432969167246, 110.24680710281311, 127.4822656574143, 125.1334043066987, 121.2300073386493, 115.51134217896639, 114.33374598210548, 111.85758274815691, 109.95722150016579], [12.904553480379942, 10.536786054802338, 12.287658787448242, 17.558351113960253, 8.114403145046097, 0.0, 8.399200292300332, 50.20028391842689, 58.12473673270055, 67.48986059515093, 75.39293956199583, 81.54986307128976, 73.87138477259818, 66.64195626514889, 57.281809167930916, 31.01216813817709, 30.19922504699942, 29.12524221859851, 31.235447473477837, 34.14393094135266, 30.212613973374072, 25.35985886486252, 22.573040925790664, 22.62541069032399, 25.217401880029374, 59.736108806770545, 67.17124435257392, 74.07439982628132, 82.77644846102294, 88.33276397457132, 86.90029386074525, 80.67553794559899, 72.74008712340618, 64.17934749634834, 57.84322936219128, 29.002294151389798, 29.465431714587197, 36.484559592692854, 34.23994475063067, 42.91678813950701, 53.02562352610668, 58.19226235395459, 58.994098381835116, 57.92771221418728, 50.77365705395039, 43.07618038885938, 44.124058075243056, 57.39572729144927, 52.667071583064164, 55.28880292987006, 60.54324637109451, 65.6621345586517, 71.392063326911, 80.48659259410144, 83.28143698795733, 81.19460023537808, 78.19946193471145, 73.28480424766668, 66.63695464084616, 58.24074808427022, 58.61407373702847, 63.80294219695022, 68.60518144551094, 78.29268913928296, 74.68489428880555, 69.96740943307341, 65.7294959559215, 51.802869402584506, 54.29200675860163, 61.2927748230555, 69.04861376952968, 79.36724193940876, 95.86449201688605, 106.00272133692891, 107.94162350646292, 124.4189741732257, 120.65217332825327, 116.20513068711061, 110.15994345748678, 108.62968924932564, 105.82805555220718, 103.8203810534446], [9.733454316792164, 12.650465101063638, 18.482581173474177, 24.437036636563473, 16.018805199916564, 8.399200292300332, 0.0, 41.878754867233646, 49.82330956282728, 59.17505837339627, 67.01814425300178, 73.1968686149802, 65.57910377995151, 58.385429551258156, 48.993192920434836, 27.353334886220257, 28.47222309074135, 29.378596434100608, 34.025905845086754, 38.64015461251222, 35.068022450736436, 28.957600687066083, 23.530006439465463, 20.59102691888496, 20.81967591140158, 52.177583258570586, 59.4825177605786, 66.21172183484761, 74.69996652361522, 80.05987063806263, 78.5551159649644, 72.47805621870633, 64.67553299489875, 56.186600852309304, 50.0653984523529, 22.385661494329824, 23.616971353432962, 32.700128907115605, 32.09389601849216, 40.58700801628662, 50.10198054772921, 53.97512293018877, 53.81892165113459, 51.6296851698073, 45.06276260930035, 35.877822966003514, 36.48704471537247, 57.701156589850555, 52.08441197010172, 53.29272326100934, 57.58366089108699, 61.71008565774828, 66.75644542489881, 75.50463812055222, 79.27934952850786, 78.27956196883719, 76.08732109257133, 72.20185032041661, 66.39324914935236, 57.95265928453367, 56.80944322223541, 61.072414895566446, 64.89247864866995, 73.6470200959668, 71.25058165926215, 67.45076031867988, 64.24177077437619, 55.97341132710068, 58.78186173069429, 65.2062743963536, 72.16028725636633, 82.2207510867937, 97.67636402800801, 106.68315208601994, 106.55464227668683, 120.94166011551364, 115.44073222942852, 110.2726913241869, 103.50199748211666, 101.36420203251639, 97.90971554237068, 95.70039271648628], [43.08676828922487, 50.3432013082887, 58.838735165657106, 65.34577333731158, 57.8465072722305, 50.20028391842689, 41.878754867233646, 0.0, 9.066358984846397, 17.805932636450862, 25.41223029021855, 32.467438772353496, 24.299200521540808, 17.135883002584865, 7.923939930686249, 41.51081727994593, 48.824304281765784, 55.37134745818054, 65.55937947296106, 73.99454244563715, 71.53079207575038, 63.35686851028589, 53.87702155765846, 45.506671081149285, 38.36123171471168, 22.83081828405193, 26.91276431067349, 31.189877808819016, 37.6589166511998, 41.20370611728037, 38.59772278801299, 33.51171470653493, 26.993408753378464, 20.056676626341087, 18.466203819245713, 28.197036444173648, 29.920822959190595, 38.86629399633062, 46.17950334450462, 49.07361569828361, 51.07852397229006, 46.53680750747411, 41.01777158300266, 32.1450208834354, 31.792560534241495, 18.30778306725795, 15.570997122948803, 72.97260903463999, 64.35899803261904, 58.49271999036227, 56.679615404481616, 54.273505885101045, 54.381695509486306, 60.17555583830483, 69.01348511018404, 73.85475067916796, 76.22097629517333, 78.06429110883948, 77.4885512526062, 70.71263592635621, 62.203243145335605, 60.657818820832155, 58.33858695633748, 60.78810048366369, 65.40886582613041, 67.18691797698672, 69.88499511542643, 89.46626688757094, 92.84257866909599, 96.118940970595, 99.19288312679116, 106.55954137941528, 116.59414852980949, 119.67820818378999, 107.986479723741, 111.88101120160624, 96.78289681186045, 87.55250054416655, 77.03415606172649, 71.01700392752312, 63.315841360225306, 59.907888365239266], [49.93843022963986, 57.26882955314774, 66.06161472942861, 73.08838775254281, 65.7453643378181, 58.12473673270055, 49.82330956282728, 9.066358984846397, 0.0, 9.38600085479311, 18.13041380495652, 26.973824784853598, 19.32970292491662, 13.26761345944394, 8.562521737231679, 45.56266822529009, 53.05667579369296, 60.028936038614745, 70.73043179021637, 79.90973808770016, 77.68952698778062, 69.16124463009862, 59.39830936899559, 50.879209282449295, 43.57630547075034, 17.87850546517535, 19.725251845946246, 22.80652670180608, 28.950816560519513, 32.905193261039464, 30.464676163875268, 24.573169978242873, 18.11893739448023, 12.25101858072699, 13.692739347383998, 34.015347518656775, 37.04908815464572, 45.89802025854428, 54.4988673434245, 56.869449620498074, 57.58664273648046, 52.12912624129698, 46.470558649272824, 37.36278303718583, 36.69784805823877, 24.039786352711374, 18.783789312555466, 81.40472857537038, 72.47803062025713, 65.87214015563363, 63.38540815087375, 60.17214057521154, 59.604844192867326, 64.81167282228581, 74.29383488720319, 79.90221704378447, 82.8879890175657, 85.42801788623544, 85.49579395204546, 78.9825163038857, 69.67083548175677, 67.44140141834514, 64.37419519388328, 65.91894489915676, 71.5071136412839, 74.01817318839073, 77.41263123989928, 95.5056745341509, 100.35765164502031, 104.52938258501867, 107.78101247842986, 115.260501870472, 124.90293438727694, 127.48503445371495, 114.5428513895152, 116.51853690588781, 99.4977181932419, 89.32334914825813, 77.67284795094542, 70.15341267257082, 59.838894321674665, 54.035375967349076], [59.25141785021978, 66.58181467026125, 75.37964734382317, 82.34302294362493, 75.09264289054207, 67.48986059515093, 59.17505837339627, 17.805932636450862, 9.38600085479311, 0.0, 9.486978698734127, 19.612095990525773, 13.112236553966646, 10.4804111700544, 13.389440167958256, 54.02810279041941, 61.546115693872515, 68.65056773899397, 79.45526979949159, 88.74549666177074, 86.65640442226862, 78.14242288933426, 68.35453718957791, 59.831767418469774, 52.511185105553146, 21.266105060993326, 19.521555540148455, 19.32327601142485, 22.68702254800568, 25.155878376290463, 22.122438395247915, 17.142617935921336, 13.242302884209339, 12.554372574564646, 18.143167047322606, 43.0814876558469, 45.76391513897067, 53.549527488697876, 62.26833950963076, 63.82565862330928, 63.39565298878594, 56.826721720005146, 50.58647729157343, 41.110547427341174, 42.22724149809288, 31.785680914767095, 27.24009315972854, 87.99601222859333, 79.04217222845311, 71.7541025653742, 68.38040393379292, 64.09292724532892, 62.40059925170675, 66.36820978184215, 76.53842713276556, 83.1943404947013, 86.96677565493154, 90.45241663336137, 91.34863608740712, 85.30200505385834, 75.34729787189349, 72.24392984171104, 68.14568239558429, 68.03650715297474, 74.9311044710489, 78.436042382822, 82.71184510380996, 103.8599256542845, 108.68146371893711, 112.45232481287864, 115.18755266074488, 122.25559485764909, 130.94005697641055, 132.5105086108893, 117.7913916390238, 117.29111336764441, 98.2655245104528, 87.2253716090239, 74.72401990359944, 66.03313129435764, 54.09095594156029, 47.489094285586546], [67.6231791087859, 74.9185916543124, 83.46003954915497, 89.8538865484402, 82.87082842922284, 75.39293956199583, 67.01814425300178, 25.41223029021855, 18.13041380495652, 9.486978698734127, 0.0, 10.726395994546815, 8.506263340783425, 12.269012806631103, 19.25293289383052, 63.23210418808801, 70.61926944807344, 77.5338928708694, 87.94476114450998, 96.65997907517537, 94.67503326617701, 86.62593558163246, 77.11609269396149, 68.74671864997956, 61.56206918780265, 29.98006302537073, 26.643066894589634, 23.70704644928862, 22.124295865242107, 20.208021086386097, 15.792595807200028, 16.095106156294186, 17.737171254694026, 20.866737788936103, 27.298184114765327, 52.135200739219464, 54.20471082603653, 61.10385025463584, 68.761090628028, 69.74974755525503, 68.98983454637684, 61.631246980724136, 54.5233288092682, 44.5414489742014, 48.78151407403843, 40.02316259321028, 36.55767444286134, 92.22485425116275, 83.83567724480157, 76.42569998640704, 72.36452423061269, 67.13429166130118, 64.08268788327193, 66.04191772571355, 76.85205151810818, 84.67379233513192, 89.12980937773857, 93.43749791910858, 94.87801764048423, 89.3058261946944, 79.50735758624188, 75.74587461847914, 70.67946748660208, 68.20528297252267, 76.58362467210625, 81.04666011472884, 85.9865012656038, 110.51719356208655, 114.24669496495916, 117.01609582191463, 119.00066249578359, 125.64604299673616, 133.12486741333117, 133.6497614375233, 117.99234924848291, 114.31898794965271, 93.52279549980099, 81.73021614112433, 68.33584409673087, 58.62863255702504, 45.68159668689687, 40.00005706465251], [74.80627265753559, 81.98815987397842, 90.06980140208651, 95.53257677802125, 88.83335279579622, 81.54986307128976, 73.1968686149802, 32.467438772353496, 26.973824784853598, 19.612095990525773, 10.726395994546815, 0.0, 10.315305700113688, 17.455827017025175, 25.35090897083817, 72.28825686652371, 79.52813069888353, 86.10905987791523, 95.9013217150597, 103.63320322042414, 101.65654363514753, 94.29656661202347, 85.20945199228277, 77.05306655317167, 70.04779793297506, 40.5771592888093, 37.28117322440486, 33.69614356954252, 29.450965118016708, 23.39877236802587, 18.198615565349634, 24.11249157892475, 28.055530435436825, 31.518829221628934, 37.69604499855169, 60.39624119166125, 61.334154155011845, 67.0913268979548, 72.94535390397957, 73.36077679352096, 72.65691423323356, 64.74693864713339, 56.69259310088645, 46.33757025240534, 54.37606526200355, 47.366168750307914, 45.54653464936531, 93.15226748797767, 85.70179597417147, 78.49726544657466, 73.85905497110062, 67.79563727494873, 63.269529053397235, 62.72263529357137, 74.02621814966598, 83.015952973528, 88.07186917864799, 93.13450281127987, 95.01858632242642, 90.02619156648805, 80.84391637741807, 76.53952398496794, 70.56862417090964, 65.31509357282384, 75.20061829404997, 80.58354592109825, 86.06539197720821, 115.9245182221372, 117.515757128844, 118.45848947461896, 119.29934112832422, 125.21958462495839, 131.2075423776155, 130.52584410554698, 114.19037164362382, 107.19415858426873, 84.97304496528318, 72.62330447437843, 58.568094551540305, 48.30752002882273, 36.06314952900277, 34.90253579437631], [67.33699994151193, 74.56508135106674, 82.86745619466114, 88.71896688145883, 81.42825284512857, 73.87138477259818, 65.57910377995151, 24.299200521540808, 19.32970292491662, 13.112236553966646, 8.506263340783425, 10.315305700113688, 0.0, 7.64848957899885, 16.69413058409527, 64.65106662190198, 72.17821050254175, 79.02017008442783, 89.32962547747765, 97.5892437009276, 95.32838557289756, 87.42384310360617, 77.95406123676473, 69.51993329696182, 62.23069892863004, 34.049912178566764, 32.26063911978636, 30.83833626417593, 30.551422384261606, 28.194845311358687, 23.36517414167016, 24.35126040767769, 24.549086311529482, 25.495119936104754, 30.65621517682367, 51.90702995181865, 51.93814165155124, 57.19198588269399, 63.84269605508825, 64.11861192785166, 63.034161893851966, 55.24361082323315, 47.60475251238771, 37.45417723055023, 44.15274422491605, 37.56328088333081, 36.9324745678887, 85.69875088226053, 77.39997011401424, 69.76648777474037, 65.28276371413152, 59.606436295876485, 56.04503029475836, 57.62919662126379, 68.49667241057405, 76.54142550426005, 81.22901477667216, 85.91208708450267, 87.80332652201626, 82.59806462579034, 72.56043437528288, 68.40382535841742, 62.916732318192025, 59.87518016691287, 68.53687421848412, 73.34684515503108, 78.65959247430031, 111.39882998098473, 113.10482746225908, 113.87225981460094, 114.76686555291575, 120.3472082739992, 127.15259328235604, 126.95245582481705, 109.91377345536573, 106.83954652110079, 86.48240078334261, 75.09939847845534, 62.82014390551861, 54.56490666767776, 45.43762449873781, 44.483991378487445], [60.15377543591465, 67.38111200788198, 75.76407547536023, 81.82616457045005, 74.2994143706853, 66.64195626514889, 58.385429551258156, 17.135883002584865, 13.26761345944394, 10.4804111700544, 12.269012806631103, 17.455827017025175, 7.64848957899885, 0.0, 9.464574992577797, 57.65393835081091, 65.23958223417387, 72.10693455452369, 82.5457149231903, 90.97658836842531, 88.58109943430698, 80.47045957855904, 70.89067941061163, 62.387450027729045, 55.03318811614197, 29.27400640708096, 29.144097721841792, 29.68896279611361, 32.199132761512146, 32.21690028283027, 28.021431416703784, 26.204175196430835, 23.4922071480641, 21.699660823878425, 25.40008482090294, 44.46894460752106, 44.29675587350381, 49.89316729730358, 56.955257983828275, 57.61974905906534, 56.95491929089625, 49.73785577769397, 42.538945678091956, 32.47675483866861, 37.54194674693486, 29.996398326726595, 29.75833006771968, 80.32840917899858, 71.65400353910245, 64.16262355346741, 60.211787139258455, 55.27325229755481, 52.77944717972433, 56.01860897202874, 66.35792518689333, 73.44837742688426, 77.55322401162316, 81.55672071678094, 82.97420087110129, 77.38214614551005, 67.2985095682025, 63.674090430949676, 58.950983185243885, 57.7998195359187, 65.24367049526988, 69.26637245179761, 74.02958041365201, 105.54561781504287, 107.5169433534676, 108.62488498459561, 109.91338665846966, 115.70189150377979, 123.38596249134675, 123.97782036930604, 107.77737678436596, 107.40306801758805, 88.7586516215802, 78.14792289968051, 66.78050555234547, 59.608783718912946, 51.61606933697765, 50.19917168421644], [50.77098100866925, 57.97873382457121, 66.31280790052195, 72.40641988050129, 64.91165084232448, 57.281809167930916, 48.993192920434836, 7.923939930686249, 8.562521737231679, 13.389440167958256, 19.25293289383052, 25.35090897083817, 16.69413058409527, 9.464574992577797, 0.0, 49.2476573925773, 56.66049827569293, 63.28142950465371, 73.45512258042203, 81.6781492802733, 79.22564984859258, 71.2178523539159, 61.78315633156217, 53.400269798075904, 46.19775902011482, 25.888299054841053, 28.05966782514335, 30.685697553388174, 35.38395671222773, 37.23553921816442, 33.85547445594902, 30.3175442080091, 25.349822021975797, 20.441669282074322, 21.514599814712078, 35.74233647886177, 36.06959319514079, 43.086098373606, 49.92494891970892, 51.687727325709105, 52.54766337161239, 46.651773049030695, 40.067592975154724, 30.244463377491453, 33.26318810282866, 22.887477261790586, 22.18437705214595, 74.80320435436423, 66.24277890198042, 59.63671042102224, 56.7735495007656, 53.121502638153096, 51.93390213795827, 56.483254565613045, 66.08134721223814, 72.02535468693226, 75.20484293640344, 78.07358132495374, 78.41080821851571, 72.18646667210831, 63.006651018269565, 60.46237890541477, 56.96068077500877, 57.60443329064483, 63.61546123683282, 66.47225233135794, 70.15262911121626, 96.49112592866204, 98.7510086972605, 100.64606150896813, 102.7057834488972, 109.23929773254703, 118.07703999919357, 119.9381758222924, 106.2006810787415, 108.12664817026597, 91.54086986384526, 81.76151414949962, 70.94960717174777, 64.62062207230824, 57.22890895237314, 55.213627797542976], [19.122734077934307, 23.344166416262265, 32.22363621131315, 43.0846084859446, 36.521491358247324, 31.01216813817709, 27.353334886220257, 41.51081727994593, 45.56266822529009, 54.02810279041941, 63.23210418808801, 72.28825686652371, 64.65106662190198, 57.65393835081091, 49.2476573925773, 0.0, 8.16584319350421, 16.26105897976743, 29.344381209558076, 42.413115261165444, 39.97821360059359, 28.62126438594078, 17.69725279979766, 9.844393458509725, 6.821660631322918, 38.08673179391608, 45.40044764275662, 52.96897820114657, 63.448968320057844, 71.90442902927138, 71.78500198768721, 62.727215595779874, 53.81952754641037, 45.61289721188042, 38.324532436860814, 16.379079344437802, 27.806408607504082, 40.70885262630419, 49.850512319292775, 56.56098168905563, 61.41428739433923, 63.35439888929066, 63.83301523320161, 60.859564568080486, 48.112698754181096, 35.303577904228504, 28.593216744928892, 81.17808056832658, 72.64088745162131, 70.24568143565497, 72.88142768562128, 75.56022976046714, 80.55720391246973, 90.75760014372817, 96.1236685083389, 96.1561712373669, 95.23105635374706, 92.82522661242922, 88.97356935281049, 80.85701533917805, 75.22630879149696, 77.71940244234497, 80.26938367867201, 89.7721894032987, 88.64086881640148, 86.10538107523065, 84.78649676892061, 64.99620266689365, 78.23116439926466, 90.38679949341608, 98.91229215894029, 109.51045054484514, 124.97999633354667, 133.43352673847997, 129.3880422901284, 142.22216136971633, 132.61759744373734, 125.29335515148644, 116.04751583780727, 110.81112630795761, 101.66553329017583, 93.07588547651882], [19.048196067807496, 20.81351102007472, 28.30017300324468, 39.35134852682345, 34.10649694330558, 30.19922504699942, 28.47222309074135, 48.824304281765784, 53.05667579369296, 61.546115693872515, 70.61926944807344, 79.52813069888353, 72.17821050254175, 65.23958223417387, 56.66049827569293, 8.16584319350421, 0.0, 8.313260107685787, 21.690742660611, 35.48958076098609, 33.2657524105764, 21.688143394227847, 11.50772188137917, 7.888721171380187, 11.837087126101679, 45.547040132829416, 52.587086422927314, 59.905084307318575, 70.06787418367614, 78.54493088943501, 78.66416492338487, 69.7522503086582, 61.082533139161, 53.110382787119974, 45.95990127166552, 23.491009799497384, 33.96761368226998, 46.17103297426564, 53.882078398124605, 61.115063505381954, 66.81624079171687, 69.6055568947773, 70.4352437071196, 67.80913434198966, 55.24338560925341, 42.95477626126068, 36.56055546649943, 83.9510662432023, 76.1816851800499, 74.85867090669666, 78.17574460040962, 81.48237539616697, 86.7961537360803, 96.96050604922132, 101.90238744374781, 101.41894561135747, 99.97483888555612, 96.86002375536256, 92.25645541502651, 84.02177763267817, 79.67148855334473, 82.83977116625077, 85.98767059194262, 95.7609303916069, 94.08911250570236, 90.99239284081025, 88.93746207078111, 58.89109914174994, 74.11567161618369, 88.22194027546689, 97.88757776551897, 109.31157182658922, 125.60259547366361, 135.11790525288131, 133.37923773309805, 146.92227199075148, 138.29662946635722, 131.29639380251973, 122.11990339239071, 117.01302014503256, 107.79864291151428, 98.88012143220233], [19.89278219584966, 18.803296788364428, 23.91776481946043, 34.59726607540108, 31.08165689119705, 29.12524221859851, 29.378596434100608, 55.37134745818054, 60.028936038614745, 68.65056773899397, 77.5338928708694, 86.10905987791523, 79.02017008442783, 72.10693455452369, 63.28142950465371, 16.26105897976743, 8.313260107685787, 0.0, 13.462641182719315, 27.65455842741486, 25.604058544233204, 14.094955780861929, 6.6901969681916675, 11.08943001797991, 18.15537607519156, 53.28569428637292, 60.16885234314204, 67.2335382865319, 76.95719880192004, 85.17598181539108, 85.3856714825301, 76.85318752422981, 68.45874584726555, 60.60609503219014, 53.61055787760793, 30.176197700560184, 39.67846806819051, 51.205514229099755, 57.06261189060818, 64.7905026578497, 71.50796019419201, 75.0728594610224, 76.07090860037852, 73.69419511326403, 61.7842860752643, 49.916827248313325, 44.0493230724975, 85.29385160592614, 78.53159773927601, 78.42074335797525, 82.40061194386372, 86.29262789232621, 91.81220417272513, 101.74728190954824, 106.24272747071333, 105.29089519994383, 103.32069008308649, 99.49539080385922, 94.07816031114689, 85.76041961200569, 82.9401082554546, 86.78915396729141, 90.49123606334724, 100.31668204331788, 98.16276858598488, 94.52929830476269, 91.7096615601262, 51.670680275015904, 68.36547124537856, 84.1894902403884, 94.91260274107074, 107.1455346795557, 124.15963943415652, 134.7240222865542, 135.56957756483578, 149.68034502317082, 142.2221780314287, 135.65737811543858, 126.67972879549853, 121.88412202902707, 112.99174903677986, 104.2696419625061], [26.097663781937133, 21.71159940533783, 21.21648206191802, 29.185382365485772, 29.6929271768276, 31.235447473477837, 34.025905845086754, 65.55937947296106, 70.73043179021637, 79.45526979949159, 87.94476114450998, 95.9013217150597, 89.32962547747765, 82.5457149231903, 73.45512258042203, 29.344381209558076, 21.690742660611, 13.462641182719315, 0.0, 14.878031606490893, 13.667458852224545, 6.326719943408509, 13.502657138330994, 22.126907783937046, 29.90094065487068, 65.32284490536789, 71.93912536936415, 78.554109338245, 87.47459376756302, 95.13569908320369, 95.45194069358922, 87.64865655561798, 79.76561577687355, 72.14332001593858, 65.45993491658277, 41.55709460933204, 49.94243406653088, 60.6055140548267, 63.61811850812925, 71.8946801868209, 80.05105546811703, 84.46827776808624, 85.43190732444467, 83.1756937109749, 72.69050856711534, 61.18004880768065, 55.83681765070294, 88.30747123512617, 83.35623115734253, 85.0695857328592, 89.86638596779503, 94.41970515946437, 99.99589333352515, 109.25947354357206, 113.19176437399915, 111.74421389000963, 109.0818104241328, 104.30913963726215, 97.68559243308465, 89.34067541427164, 89.00730754145228, 93.74152559547485, 98.07055368475359, 107.53578822132405, 104.91964276963817, 100.64713207233305, 96.77177759004516, 39.464685892972554, 58.7678684097095, 77.60862520782966, 90.0612524259965, 103.69142029922946, 121.63347909710826, 133.7961692062601, 138.98700458298475, 153.36909742396946, 147.63846012756773, 141.72475636158384, 132.9907396291996, 128.6447661177045, 120.26946513529103, 111.99367367260798], [33.50819709570017, 27.70371389548409, 22.14921566277057, 24.002837394724693, 29.427215266934745, 34.14393094135266, 38.64015461251222, 73.99454244563715, 79.90973808770016, 88.74549666177074, 96.65997907517537, 103.63320322042414, 97.5892437009276, 90.97658836842531, 81.6781492802733, 42.413115261165444, 35.48958076098609, 27.65455842741486, 14.878031606490893, 0.0, 4.2875977430982255, 14.853153820865957, 25.44405405719291, 33.89433085277961, 41.4385447748814, 76.84494029290113, 83.30484969722858, 89.47270979807396, 97.44825108163904, 104.11181128211588, 104.27748764973144, 97.57042438170946, 90.27228444221679, 82.78665854141828, 76.50143413781734, 52.01794077643401, 58.94499223502752, 68.60422027472511, 68.28666993656385, 76.91293226582056, 86.59442605357867, 91.6484181419705, 92.28762426621262, 90.04985892580568, 81.78499653772502, 70.79573246042438, 66.43396521200604, 88.21388031960065, 85.52454562921716, 89.19428624229947, 94.67125877039003, 99.72620347329618, 105.09796106057688, 113.26022955655078, 116.56928705287646, 114.76056220733629, 111.45600673487151, 105.83379907810779, 97.99938758698856, 89.77840963358382, 92.3045464567146, 97.83190457409219, 102.62818857695397, 111.23954128675491, 108.3188513891624, 103.53030449320919, 98.63731448649345, 25.3326402479587, 45.53388758749446, 66.96074326455633, 80.9507141618034, 95.94424015973755, 114.48282947876798, 128.1154715348698, 138.07651022083672, 152.2891509323968, 148.6336390890676, 143.61153614085336, 135.4411736864406, 131.9285916070059, 124.88898259312903, 118.10406354409614], [30.19285403293499, 24.02395070607391, 18.08196884778895, 20.56503163612492, 25.440986976282822, 30.212613973374072, 35.068022450736436, 71.53079207575038, 77.68952698778062, 86.65640442226862, 94.67503326617701, 101.65654363514753, 95.32838557289756, 88.58109943430698, 79.22564984859258, 39.97821360059359, 33.2657524105764, 25.604058544233204, 13.667458852224545, 4.2875977430982255, 0.0, 11.965498198161917, 22.62406439288472, 31.073538134052086, 38.61857611164034, 74.89556149550808, 81.56775502309539, 87.9386099787927, 96.16721289438082, 102.83259646192359, 102.81635278467466, 96.0262214548252, 88.5331006114069, 80.83238057715688, 74.42251519029476, 48.990127348969416, 55.3671686348882, 64.66890904599883, 64.24746256967245, 72.85085135626144, 82.52151360896531, 87.72961494976279, 88.55335778559018, 86.59314826344074, 78.16273605237483, 67.61591139729114, 63.8116273026073, 84.40659402793995, 81.50718700987531, 85.13685122324387, 90.68019453114367, 95.8549241584075, 101.38967422747722, 109.80023056724013, 112.94105005169612, 110.94620366165269, 107.58810559205529, 101.93282440769853, 94.1785507174798, 85.95805222013792, 88.29685819384478, 93.8678092313714, 98.78188135662967, 107.72659590729565, 104.55702083082403, 99.66722594040803, 94.75486156271778, 28.26067437365938, 45.84849158272, 65.73639179313591, 79.1759565959287, 93.64863902906158, 112.15495252985463, 125.52838160695673, 134.64618244780723, 149.5313987045352, 146.03025616409244, 141.13456098263458, 133.2913466149474, 130.057560809577, 123.54121907740853, 117.2704638904116], [21.893084961635676, 16.4484482372353, 15.053459572344359, 23.553108060544602, 23.495249298476153, 25.35985886486252, 28.957600687066083, 63.35686851028589, 69.16124463009862, 78.14242288933426, 86.62593558163246, 94.29656661202347, 87.42384310360617, 80.47045957855904, 71.2178523539159, 28.62126438594078, 21.688143394227847, 14.094955780861929, 6.326719943408509, 14.853153820865957, 11.965498198161917, 0.0, 11.08927468761695, 20.017677484222215, 27.862156149388245, 64.98080549488331, 71.90950373239889, 78.71593626313789, 87.74096095818157, 95.06864585363581, 95.03166168620076, 87.44970849505002, 79.4346148066404, 71.49300285584651, 64.72829138245267, 38.9220607191697, 46.05906741582451, 56.025339131227845, 58.097770433069705, 66.45478761723453, 75.00036204511622, 79.77829900231754, 80.89565095994855, 79.0269271659662, 68.90060379797444, 58.15845618143385, 54.01390652146856, 82.15212967972255, 77.38773090133218, 79.4631256202687, 84.49755089306542, 89.32441520749472, 95.0676771811824, 104.40119017439541, 107.96062664220736, 106.19507703295594, 103.32789202716425, 98.34490512340588, 91.58109774521995, 83.25997584038461, 83.27986704500306, 88.24339281967686, 92.82904768686656, 102.5322507844515, 99.51799731790766, 95.00380394453862, 90.89172389535628, 39.60630866191799, 55.83158689822967, 72.99502619694337, 84.90581698929982, 98.05567310096058, 115.97848876133138, 128.03140015320164, 133.06804320420633, 148.27028530128172, 143.2456616121077, 137.73797514752354, 129.63467445580883, 125.93376923464601, 118.74979665441327, 111.75082477834792], [14.528670258475486, 12.23780736697081, 17.50591123420058, 28.423976739093867, 24.422472646565375, 22.573040925790664, 23.530006439465463, 53.87702155765846, 59.39830936899559, 68.35453718957791, 77.11609269396149, 85.20945199228277, 77.95406123676473, 70.89067941061163, 61.78315633156217, 17.69725279979766, 11.50772188137917, 6.6901969681916675, 13.502657138330994, 25.44405405719291, 22.62406439288472, 11.08927468761695, 0.0, 9.071332413660684, 16.98979733169355, 54.558890393679874, 61.70401446864678, 68.81499214616525, 78.36390181215383, 86.00851990040547, 85.85272014414426, 77.81219014553864, 69.4487657849879, 61.30963210259337, 54.33868741294345, 28.43876073008912, 36.566362199586564, 47.56199911319935, 51.933264575700775, 59.939707560194776, 67.43313285979522, 71.42799275967114, 72.42230620741486, 70.30331966765873, 59.233162894660836, 47.986428198815645, 43.48406009125342, 79.17268051630974, 72.89019738251572, 73.41475317934317, 77.72797732712706, 81.94069920039955, 87.55202965893862, 97.33307220715137, 101.45789149412596, 100.22650708817756, 97.99011057699411, 93.86158807884303, 88.10643624653494, 79.7616027674611, 77.7015949543121, 81.893629434566, 85.88465431815816, 95.72313184394768, 93.22733614271083, 89.31392406047637, 86.12941121057824, 49.20867900656344, 63.46977070930877, 78.08109071778021, 88.47910919145312, 100.50982296392684, 117.54431661214055, 128.18769403483526, 129.62309498799948, 144.27750652703057, 137.70836970883764, 131.61701371884482, 123.23637522157999, 119.13684981096802, 111.53286034850728, 104.2644452786109], [11.233100754034972, 13.821516870018353, 22.41909434042198, 33.334685666974245, 27.225092197768678, 22.62541069032399, 20.59102691888496, 45.506671081149285, 50.879209282449295, 59.831767418469774, 68.74671864997956, 77.05306655317167, 69.51993329696182, 62.387450027729045, 53.400269798075904, 9.844393458509725, 7.888721171380187, 11.08943001797991, 22.126907783937046, 33.89433085277961, 31.073538134052086, 20.017677484222215, 9.071332413660684, 0.0, 7.921347888813753, 46.012845537533636, 53.35789830797503, 60.67298873033616, 70.52574621230787, 78.22551469394229, 77.88629343895832, 69.64755364842155, 61.06427629978191, 52.738553103254326, 45.65784988339608, 19.592246116576735, 28.872628165035863, 40.992313631939574, 47.15991607399515, 54.75374032774022, 61.37828023723263, 64.49815742022466, 65.14356489198418, 62.6207909917551, 51.200635257807505, 39.29828706581821, 34.50639680299833, 76.50276550942752, 69.17236183294524, 68.41346692795695, 71.99791058870558, 75.5454241399889, 80.85982808647618, 90.76937927620376, 95.43066832996684, 94.79228574115413, 93.14938531376684, 89.82320333515842, 84.92257072730857, 76.62646803325242, 72.97545768181278, 76.4284656704264, 79.77641267330124, 89.40212817518875, 87.51917545467553, 84.22461591633633, 81.88001727182252, 56.5463297386194, 68.9203113638664, 81.40779690763358, 90.52373261379802, 101.66243999353941, 117.80036372194496, 127.23033313754375, 125.91786792244943, 139.74180905326332, 131.91363328153062, 125.36815075074666, 116.78001099173544, 112.4127192416363, 104.64575900508042, 97.46290555391576], [13.420407711018733, 18.83100818698675, 28.26433102164601, 38.67037690520224, 31.436560359798097, 25.217401880029374, 20.81967591140158, 38.36123171471168, 43.57630547075034, 52.511185105553146, 61.56206918780265, 70.04779793297506, 62.23069892863004, 55.03318811614197, 46.19775902011482, 6.821660631322918, 11.837087126101679, 18.15537607519156, 29.90094065487068, 41.4385447748814, 38.61857611164034, 27.862156149388245, 16.98979733169355, 7.921347888813753, 0.0, 38.821791342942184, 46.37381455430607, 53.87993413352462, 64.0010715963068, 71.6951851075682, 71.14720492504667, 62.75476199264246, 53.966925526966754, 45.446565509584175, 38.26922586672254, 12.02828474558621, 22.821840065966946, 35.987434996148096, 43.87348044807415, 50.901002864998965, 56.57700701989468, 58.762082202112865, 59.020492597006, 56.07885927652597, 44.39880757035977, 31.785277812888502, 26.694710177418912, 74.72924509144855, 66.52381796981123, 64.55238556750034, 67.38541112748176, 70.24269330817361, 75.22183847528595, 85.19881503215409, 90.35820189596879, 90.29485615929862, 89.22385001955047, 86.6727765027039, 82.59678921377626, 74.42232881860171, 69.32450228093046, 72.03166038608066, 74.72240109706352, 84.07204657752737, 82.79694563652646, 80.11993475944769, 78.58956447942954, 63.22954835240363, 74.06574536685366, 84.74578030593266, 92.72328749482367, 103.0279165187447, 118.30223834729122, 126.62805481896862, 122.87129360553755, 135.89164535024548, 126.93829904259718, 119.99494837097292, 111.25093927931239, 106.66437553970297, 98.81581595702485, 91.80850681428151], [49.10134380608675, 56.10499294795108, 65.53795970634738, 74.5054092945688, 67.17372566389551, 59.736108806770545, 52.177583258570586, 22.83081828405193, 17.87850546517535, 21.266105060993326, 29.98006302537073, 40.5771592888093, 34.049912178566764, 29.27400640708096, 25.888299054841053, 38.08673179391608, 45.547040132829416, 53.28569428637292, 65.32284490536789, 76.84494029290113, 74.89556149550808, 64.98080549488331, 54.558890393679874, 46.012845537533636, 38.821791342942184, 0.0, 7.963950897287163, 16.121297662831026, 27.73100854219864, 36.78634135707339, 36.560291734505036, 26.051693488865745, 16.491857406882616, 9.17284530909777, 4.458532615027616, 31.85471803127312, 38.8030510911777, 49.439464552836185, 61.404833482582895, 64.46926968852236, 64.46179280082481, 60.21877430699847, 56.88060845718795, 49.85814538926972, 42.15652086708307, 28.39910518649447, 17.549596466012545, 92.01871852947563, 81.99314504622518, 75.19