{
	"dissimilarities": [[0.0, 7.357204078751111, 16.214037889293774, 25.1595584647828, 18.03835364068401, 12.054794698665676, 8.638148214353006, 42.980481960201296, 49.9660508653405, 59.31648019624107, 67.62250643740356, 74.78305459759612, 67.22761729556551, 60.02860739232965, 50.62738403928043, 19.93723926106661, 20.08066271948747, 21.821273132890138, 26.85434956755712, 34.46084940601304, 30.584873171832353, 23.135187898010383, 16.36410357807069, 13.33913959877765, 15.084571777405346, 49.43651317533042, 57.177860920582944, 63.81277683421753, 73.08843833592815, 79.06991194079099, 78.26049707056723, 71.17889927813543, 63.32181266621221, 54.57244604515836, 47.98391818575889, 19.916801409618834, 26.123469563520956, 37.2304155809594, 38.85292903336896, 46.99858381037635, 54.98940408561839, 58.847774135484755, 59.07957908300438, 56.847458045092864, 48.46309428520595, 37.53496486796935, 35.289666915082606, 66.02598899821301, 59.9905797284285, 60.59703744675725, 64.66286444940849, 68.46640093099239, 73.42916162447278, 82.51495023251844, 86.74403811732715, 86.91624530214108, 84.09670119795948, 81.27730724902042, 74.718594306828, 66.21536529656188, 64.25759584234018, 67.68514209754737, 71.32893925951201, 81.1438347262365, 78.73586779200903, 75.11136861738652, 72.26635853492402, 53.98633633248564, 56.80364821847163, 70.30328656680693, 77.68710141506979, 90.44724620469992, 106.16813831570597, 113.33827783539799, 114.31050892252794, 128.15564493808245, 122.59478860093768, 117.03496458480981, 109.53690035180338, 106.28118868608531, 100.47514330204845, 96.04230210908959], [7.357204078751111, 0.0, 9.59240120286167, 19.974874615061392, 13.689436796618555, 10.650403497037566, 12.724070520897545, 50.3202994376094, 57.249092418604704, 66.5727765972652, 74.92880022680674, 82.12481723628666, 74.57813240778341, 67.36283155641544, 57.968305728729156, 22.886712284926727, 20.453028871166392, 19.544379206171296, 21.810572460573404, 28.73010653915319, 24.452681490920096, 17.345647732491923, 13.107670222843646, 14.37439128856711, 19.11455783527063, 55.894353270223945, 63.61177851649741, 70.39123135388698, 79.77392846406373, 86.0249616386687, 85.32922295400616, 78.11230157003816, 70.13670769841559, 61.441955409274854, 54.70567927492123, 26.20260934827161, 31.560974194112227, 41.323196716182125, 42.06969524702841, 50.39989938135121, 58.81170320973353, 63.591067501549084, 64.52078649898367, 63.01311965329866, 54.04380857327752, 44.09464820854977, 42.10100624837762, 67.576388448556, 62.267162576383456, 63.83567752311757, 68.59013574018965, 73.11287133389668, 78.59758413116046, 87.9606358833677, 91.54271651418883, 90.91783139375266, 87.5407196296699, 83.95737369686422, 76.79490477647401, 68.20499747491709, 67.41772521981443, 71.51629524449741, 75.8687440538212, 86.26933063089118, 83.11765754324621, 78.83585453491308, 75.24509065110936, 49.43172441580208, 53.193056148255316, 68.20169658520014, 76.54824011590844, 89.76135831080552, 106.34349784992472, 114.51180870238191, 117.26384083568006, 132.5589112164747, 128.17543209800712, 123.06720734113495, 115.8986777678269, 113.01932482190911, 107.46309108973371, 102.8766977609127], [16.214037889293774, 9.59240120286167, 0.0, 11.270183169613793, 8.509629758702904, 12.100046791129609, 18.402015588129196, 58.76390260135402, 65.94330390115802, 75.32880018102551, 83.47422350825552, 90.14292774362508, 82.84491958339231, 75.71234639969617, 66.27135606114103, 31.79810968767788, 27.941485227840268, 24.461281309611582, 21.17312575586139, 23.339401450032838, 18.42863734573835, 16.012405796932452, 18.168462968750934, 22.81219708809097, 28.50751257162907, 65.3108893615164, 72.93675144751856, 79.56654618975442, 88.59056047373853, 94.53329350811205, 93.83072044671904, 87.01174804814144, 79.27992176077466, 70.65656456329823, 64.05528119165561, 35.62081635329405, 39.656770737003164, 47.715031497314854, 45.80087203697732, 54.3017792434541, 63.69690532851991, 69.41441668982023, 70.63476052408717, 69.70862526419762, 61.65852470625725, 52.77100863146211, 51.44020205464696, 67.34117158601404, 63.809286242934974, 67.07468995508601, 72.62902926265917, 77.86651971846887, 83.55735377865362, 92.58586443873244, 95.3357948064317, 93.9328635832398, 89.9377996644394, 85.30548708966948, 77.15293083030924, 68.51561617963137, 70.07197946492482, 75.16551639654521, 80.23243729273757, 90.41113688503356, 86.59647762505034, 81.58640321996472, 76.99650720085425, 42.61682868812677, 45.33524079721237, 61.45856506244554, 70.95955522988403, 84.80432934040125, 102.29005891229635, 111.86428082725102, 117.89917941795957, 134.1951784242771, 131.57852647480166, 127.21992839093937, 120.62179019970873, 118.50683005436726, 113.8880561506264, 110.06066076248523], [25.1595584647828, 19.974874615061392, 11.270183169613793, 0.0, 9.711638614575703, 17.111152652494624, 24.2303958167734, 65.19746761964265, 72.78434652110074, 82.20276458710524, 89.86181772455677, 95.516165077308, 88.64578841291905, 81.72568450997765, 72.32438087141728, 42.65691263315515, 38.993200689075394, 35.02238287171809, 28.99520335915751, 25.11805161302359, 20.564139739978867, 24.30647001914161, 29.009226322831946, 33.76393550763302, 39.00962166036745, 74.23879840124289, 81.7537356919721, 87.98352397117311, 96.30163771597891, 101.35481928627917, 100.47868823802655, 94.52428999821086, 87.35102665652171, 78.80065448337338, 72.59614359609361, 44.69861885421305, 47.22320755475344, 53.672088912046604, 48.193138825357835, 56.65072093138634, 67.20517270158223, 73.49993724444523, 74.47298184716297, 73.8529566198318, 68.06262154065354, 60.19442188814176, 59.87629272604892, 64.12374173356278, 63.074320374177574, 68.26510507011301, 74.40726254307519, 80.06358967972277, 85.4911344826335, 93.53533388706337, 95.46529177350254, 93.57189293794238, 89.13300003651025, 83.52047140191054, 74.31546950887629, 65.7606364375001, 70.24926023283982, 76.32172654429036, 81.82148666381313, 90.85064493125445, 86.69431024361819, 81.15585512957955, 75.64974104265792, 37.70412411858007, 35.091368314197425, 50.64263293376918, 60.97056977222665, 75.4298923297884, 93.5013115909481, 104.39757373435634, 114.28631155661607, 130.68007677028444, 130.00144454853944, 126.56058277230824, 120.72429640558768, 119.69724295074379, 116.70980766446046, 114.65579692274665], [18.03835364068401, 13.689436796618555, 8.509629758702904, 9.711638614575703, 0.0, 7.920888373299173, 15.978572419418764, 57.81085141206453, 65.5341565198821, 74.97137016782239, 82.81500103874481, 88.90554793135412, 81.43351006672874, 74.28656251976238, 64.9081280936623, 36.29653338711021, 33.9495362660297, 31.885336444938744, 29.680808715453306, 30.514771080837374, 25.588472686145494, 24.515177644404005, 25.36358334330349, 28.004951060211415, 32.079829621579506, 67.04500211258255, 74.8567473389622, 81.32741787063978, 90.2213121104769, 95.39589234510808, 94.32756520786555, 87.98469113991503, 80.48575170252636, 71.64439971666543, 65.27385909217509, 36.43924239289693, 37.80709357757907, 44.025131783558, 39.53097285908341, 48.04674378643513, 58.181471187885336, 64.36272794183381, 65.61445366054984, 65.25125370989086, 58.57952350154021, 51.25702233179001, 51.86555339109211, 59.04381966879539, 56.17433378009881, 60.257605245770094, 66.1503783519484, 71.71587399363267, 77.45214073802232, 86.28059022325583, 88.43459147552512, 86.612801135599, 82.37860941188715, 77.38863526364815, 68.95162969771042, 60.317608807735226, 62.815056220894604, 68.38673058289143, 73.7743740559314, 83.78443984485536, 79.53744681068181, 74.19444648180468, 69.21886981098255, 46.47427073485114, 43.76117187171199, 56.09391207142826, 64.0784557525351, 77.26618100513468, 94.51333045989549, 103.69152715161292, 109.68605685103418, 126.86316721558929, 125.3387911060878, 121.62728886542743, 115.72805457641725, 114.7396654075889, 111.92222966822335, 110.1570008960889], [12.054794698665676, 10.650403497037566, 12.100046791129609, 17.111152652494624, 7.920888373299173, 0.0, 8.399871178625538, 50.2296205194618, 57.977634196527546, 67.40175704481356, 75.31531302566984, 81.64018114743237, 73.91783366086152, 66.68616765466287, 57.32534396051414, 31.007990443326214, 30.243295601267103, 30.15130557866231, 31.248499272094406, 34.962804871686835, 30.237433876736173, 26.326714395119154, 23.699406003613674, 23.72410010142214, 26.201226046030516, 59.7440390999731, 67.64929662330921, 74.14358200074662, 83.22344200062535, 88.37874189021663, 87.20716373874704, 80.72595852940948, 73.14254025656818, 64.19623341301674, 57.834055433479335, 28.968602756602277, 30.134649660325273, 37.26600413988474, 34.17410170411929, 42.743382338897284, 52.379450607802724, 57.887766183164004, 58.84084378621396, 58.084374128665374, 51.11649640720136, 43.349191077928424, 44.18149521292454, 57.271698564306256, 52.85920174140319, 55.594766742137594, 60.879406885714495, 65.90468220981667, 71.47058019413876, 80.55130068491752, 83.3337553333435, 82.14381885304243, 78.41337333704001, 74.29312965091539, 66.67034743181316, 58.03416336440459, 58.5817206154102, 63.401076340034926, 68.23754680821511, 78.39233119939259, 74.65010425493517, 69.87838930861783, 65.71732502821006, 52.115871486159044, 49.90451630501589, 60.83700583146934, 67.51992239842212, 79.98718175207665, 96.30249406546888, 104.12549295965103, 107.20425641005866, 123.59824842116284, 120.74403334169703, 116.51588637828164, 110.26762744640604, 108.89421018993549, 105.74594886792978, 103.92126600948022], [8.638148214353006, 12.724070520897545, 18.402015588129196, 24.2303958167734, 15.978572419418764, 8.399871178625538, 0.0, 41.87609410708474, 49.62847371261954, 59.05778494999095, 66.93665789901006, 73.29256574024733, 65.60594996386601, 58.40025139137848, 49.01279886221995, 27.219262308581875, 28.416810062538794, 30.298693374048078, 34.04710724745086, 39.42046510812008, 35.1640479375527, 29.77815187711256, 24.515184255110626, 21.645673311887204, 21.825784031116317, 52.10081937937662, 59.933196228026304, 66.23745471316747, 75.15464229567662, 80.10767655507617, 78.87415824691864, 72.50199881861478, 65.06123206967291, 56.14061462367256, 49.97315382107894, 22.18488721075915, 24.266034277279136, 33.38348179891634, 31.90158074045762, 40.27595616017979, 49.25686468790595, 53.49884509449753, 53.53461574891881, 51.72474673058183, 45.28964002552767, 36.073984483668966, 36.449528844542314, 57.712450570976166, 52.21253361054055, 53.51075886649825, 57.83809377256879, 61.87689186029955, 66.77075748396972, 75.5501011702509, 79.30006960331313, 79.22900709487706, 76.26144294462517, 73.19609987737768, 66.40373331782907, 57.87405010898387, 56.695752311951054, 60.55256380461829, 64.41486467396534, 73.857242006311, 71.16320260792467, 67.30257805362112, 64.18491658134721, 56.43002637933827, 54.79112976613617, 64.96102759325055, 70.87235252656546, 82.94623743795592, 98.22887367134437, 104.92173152411252, 105.83505747850137, 120.17915657314612, 115.60232380140647, 110.65997447574014, 103.83410007818229, 101.75106819995688, 97.92145785067747, 95.86955043096346], [42.980481960201296, 50.3202994376094, 58.76390260135402, 65.19746761964265, 57.81085141206453, 50.2296205194618, 41.87609410708474, 0.0, 8.45932212700078, 17.527248427218144, 25.14889921496452, 32.585048131216425, 24.30944964066784, 17.152003807096854, 7.920791156025451, 41.537116464641606, 48.873430262630805, 55.870774277096864, 65.58677607265415, 74.34319803397851, 71.57142852998001, 63.69272331482545, 54.27167326370475, 45.951729651116935, 38.87135187616789, 22.804580629383672, 27.856322899371104, 31.261862104381578, 38.43166094044653, 41.197064781215346, 39.06422839728687, 33.534293584060556, 27.797476110290788, 20.027712581646586, 18.387447525136434, 28.193277102321222, 30.477694876970126, 39.52909473735484, 46.17470508114626, 48.98194116554166, 50.51824687188426, 46.21352791730016, 40.829202083909856, 32.35920959027802, 32.29288170135532, 18.83660460908409, 15.679366401352096, 73.5972373074902, 64.49350329617303, 58.75251714205096, 56.99896798013453, 54.53077946724556, 54.46354248666066, 60.20330460397473, 69.06061353061509, 74.94540097728154, 76.38567097908498, 79.08430025540899, 77.5475398745799, 71.31254723901995, 62.20496399913522, 60.09511372144854, 57.75097890362453, 61.81338229510597, 65.39918153122147, 67.14902025521513, 69.91137691505008, 89.68792714121761, 89.4829209875295, 95.80352915912405, 98.00255812106643, 107.08332050392828, 116.98707073502092, 117.85748746718657, 107.08278351624419, 110.88833367285736, 96.84393682950446, 87.90826762752938, 78.01218560419225, 71.452199784497, 63.216352475865456, 59.97966306434423], [49.9660508653405, 57.249092418604704, 65.94330390115802, 72.78434652110074, 65.5341565198821, 57.977634196527546, 49.62847371261954, 8.45932212700078, 0.0, 9.43966313856771, 17.804917643643456, 26.725671725595937, 18.79072313114631, 12.541445905715497, 7.421950973076149, 46.00892053531761, 53.51178187051911, 60.779216749493884, 71.04158360345994, 80.33154251127081, 77.85496913248105, 69.60201980021381, 59.91796947473651, 51.43909793513908, 44.17857950460223, 18.889136888193228, 21.80452405563795, 23.864415779585176, 30.50611747653861, 33.29487708220571, 31.171236772816748, 25.21640938186109, 19.873747417700923, 13.262175578293254, 14.607131356071562, 34.15928767230279, 37.28857661948316, 46.06979811765009, 53.91272948631955, 56.155034187767036, 56.50891734669191, 51.19649329439776, 45.53609140456038, 36.6533244984522, 36.68519081546201, 24.18734385532006, 19.17919363399499, 81.22701151910076, 71.80618809270095, 65.3230545624507, 62.84889666559012, 59.53404125941089, 58.73766027148278, 63.7835417734819, 73.32091156927623, 80.00570726983287, 82.07013657835607, 85.51461048223578, 84.66808873013144, 78.77242246010555, 68.85732554418587, 65.97959127648811, 62.82525716722284, 66.02807204517491, 70.54100864328066, 73.07328916858182, 76.54537164179156, 95.75418177389967, 96.7979558152405, 103.65853760007738, 105.95806589021058, 114.95453215853799, 124.37400615104636, 124.71597004372353, 112.55828627927282, 114.43299978520257, 98.50661036007257, 88.6730098555622, 78.02172670163665, 69.90632740544709, 59.392091096206634, 54.095591742927155], [59.31648019624107, 66.5727765972652, 75.32880018102551, 82.20276458710524, 74.97137016782239, 67.40175704481356, 59.05778494999095, 17.527248427218144, 9.43966313856771, 0.0, 9.090263599869148, 19.67503932545879, 12.422350021823767, 9.483923922705726, 12.720543718362906, 54.24248667433089, 61.82163956166661, 69.23652821925417, 79.77166697882873, 89.26222252499834, 86.93169718604256, 78.55112194156281, 68.75330208667846, 60.207060937564336, 52.857436310681344, 21.691823032112218, 21.1724565283225, 20.290240149402127, 24.663634357132977, 25.95007848436357, 23.331757425128888, 18.03737619187131, 15.169813865999215, 13.095665751235256, 18.422464660412274, 43.00750766551825, 45.660205373488736, 53.31521780417157, 61.589703412775755, 62.966447222994965, 62.06236283291259, 55.57301525979047, 49.40622876368325, 40.20697735609682, 41.69105128352781, 31.483690917122487, 27.190257800076115, 87.93432074106583, 78.29389829498504, 71.01559274089361, 67.6188616512223, 63.22939860612792, 61.3830438708219, 65.32981833723906, 75.53765967494961, 83.19319005846404, 86.06228190623628, 90.45868597327214, 90.55097892974526, 85.21206650944893, 74.43150009950038, 70.63759339266804, 66.44454484620042, 68.27913140755194, 73.92086560888394, 77.4493093874866, 81.82994868537705, 104.42584029251101, 105.65147572278231, 112.02679383467363, 113.82590756347945, 122.29174684434574, 130.78236690318244, 130.1266829026281, 115.91162021754943, 115.53507724378927, 97.62226806509817, 86.94980900340342, 75.73208191430481, 66.33933146826263, 54.276641891097846, 48.190941761437536], [67.62250643740356, 74.92880022680674, 83.47422350825552, 89.86181772455677, 82.81500103874481, 75.31531302566984, 66.93665789901006, 25.14889921496452, 17.804917643643456, 9.090263599869148, 0.0, 11.383804082291295, 7.429175014062934, 11.241590640250429, 18.768057934715998, 63.21252682543525, 70.70944233450182, 77.98873895153918, 88.24392372029013, 97.2825792299488, 95.02699828138313, 87.03190438588103, 77.44786974197076, 69.01240655694102, 61.75785838748965, 29.844630044860835, 27.55076287980832, 24.216174235114963, 24.22735061872916, 21.54551161615247, 17.930795505177038, 16.933072074685857, 19.00815231073331, 20.755987357662704, 27.05288340758783, 51.83970524274054, 53.86738597086296, 60.54945368715243, 67.92106273319474, 68.6615490138168, 67.27168085010348, 59.962738547882275, 52.99809418329181, 43.434031160906564, 47.79693654074933, 39.413249645632156, 36.19472458284547, 92.22352584264267, 82.98928949747621, 75.48839595394844, 71.37549981053562, 66.02804779115404, 62.85591766521686, 64.97923742606534, 75.75949832916179, 84.4986349630692, 88.14369664998189, 93.28714534985035, 94.03905959862374, 89.2554694471566, 78.41132627809336, 74.04089657459545, 68.88602512282823, 68.47931391411373, 75.41660092957379, 79.8967453338903, 85.0011650789379, 111.36802652663334, 111.7986501097473, 117.0215300612161, 118.12864743333492, 125.97838265895282, 133.31051925155882, 131.71494221072493, 116.34103708502545, 112.95524772162607, 93.25793926980494, 81.85737997470063, 70.12399814821455, 59.635222534328435, 46.69222212826322, 41.63792183744557], [74.78305459759612, 82.12481723628666, 90.14292774362508, 95.516165077308, 88.90554793135412, 81.64018114743237, 73.29256574024733, 32.585048131216425, 26.725671725595937, 19.67503932545879, 11.383804082291295, 0.0, 10.612531561217477, 17.71366139262005, 25.576368941478933, 72.43180013240107, 79.68319463202987, 86.5534627394851, 95.99362138637876, 103.931335485014, 101.71984257439995, 94.63235332292946, 85.61351365093475, 77.49842173886611, 70.54321131458904, 40.731362985996796, 38.23053857779385, 33.99116150221704, 30.529505473890467, 23.419409233851844, 19.26819164209836, 24.258838233741244, 29.16082139898456, 31.652232044427734, 37.80169459332278, 60.52678883051902, 61.91647041775541, 67.80059868203202, 73.05793468378052, 73.40605710697834, 72.32483903160116, 64.63690290462867, 56.66776091932394, 46.756555842120214, 54.99796740144754, 47.882910799967405, 45.78371839109246, 94.0657588514327, 85.97801900528292, 78.91669364648787, 74.35818498957836, 68.2458165281253, 63.500500710081205, 62.93338471780979, 74.1458882225467, 84.07689882756534, 88.4358698777044, 94.04976705348477, 95.11547469260468, 90.89732261853034, 80.94664709631083, 76.41215203224058, 70.4378411035611, 66.78163402197652, 75.19987541328472, 80.55045607424918, 86.13170206478041, 116.03111673845382, 114.75709853911988, 118.16065712183355, 118.41039786755445, 125.55243776151924, 131.4424078100003, 129.01622439336387, 113.70505796959097, 106.24097201065327, 84.90289103576006, 72.81304216434648, 60.45470918940653, 48.82520814004346, 35.62051858859938, 34.716822330190574], [67.22761729556551, 74.57813240778341, 82.84491958339231, 88.64578841291905, 81.43351006672874, 73.91783366086152, 65.60594996386601, 24.30944964066784, 18.79072313114631, 12.422350021823767, 7.429175014062934, 10.612531561217477, 0.0, 7.661613118781253, 16.718815874137288, 64.67694255439311, 72.22551885041781, 79.44515077276556, 89.37737043271599, 97.93639685420924, 95.3941326720473, 87.74524739275843, 78.30589210469861, 69.89442812838003, 62.63355663771481, 34.01047205178045, 33.16604883358548, 30.90367970081574, 31.619688802801164, 28.193630515103127, 24.30562674050011, 24.360947843055637, 25.592940030855637, 25.443272232512097, 30.584197175678195, 51.909660777361296, 52.27514228810459, 57.64701929014219, 63.83930895078445, 64.03674900633803, 62.538780796431155, 54.92620398039061, 47.40102482164042, 37.63714949683742, 44.49672641656367, 37.826604218345715, 36.97590949730904, 86.53258327632261, 77.52116869606263, 69.9858414033703, 65.5602430042501, 59.8362212556485, 56.11113679408155, 57.675242438148416, 68.53661406216524, 77.53290413561304, 81.3983392415839, 86.78832084997292, 87.8612251390108, 83.41825607860933, 72.55326876926978, 67.98041314475715, 62.459234235549516, 61.24293620380817, 68.50424765982157, 73.29109450409253, 78.67839231764974, 111.6299564371171, 110.17745855336005, 113.66055784167898, 113.75436864933907, 120.8538850284268, 127.55444996639564, 125.30005211002234, 109.09960477433144, 105.86773204072263, 86.57251698638142, 75.51656336143954, 64.25223654906226, 55.048288584111106, 45.17593161914372, 44.613620908812166], [60.02860739232965, 67.36283155641544, 75.71234639969617, 81.72568450997765, 74.28656251976238, 66.68616765466287, 58.40025139137848, 17.152003807096854, 12.541445905715497, 9.483923922705726, 11.241590640250429, 17.71366139262005, 7.661613118781253, 0.0, 9.450331053370883, 57.672289448435166, 65.27832106858338, 72.56312878047672, 82.5878719901886, 91.3452627261366, 88.6479083932625, 80.8061562049449, 71.25582242722999, 62.77837234784398, 55.45556640738508, 29.225542422387132, 30.128373594626943, 29.734302985629814, 33.234834208377904, 32.22266241039773, 28.82894971443079, 26.22307026895104, 24.554796924597646, 21.64797742526137, 25.320939520714646, 44.463828134984155, 44.62193523829411, 50.34712309806092, 56.945801095972165, 57.530766823261374, 56.43563123847796, 49.39774103710871, 42.323970734772196, 32.63792655044704, 37.88757192425213, 30.26011446369159, 29.78844401285663, 81.1153464061089, 71.75415116180201, 64.36181030483037, 60.46692355598671, 55.4803206122397, 52.83286112196035, 56.03035194330428, 66.39619437528495, 74.46912990131179, 77.68536135896883, 82.47481583567323, 83.03665201601652, 78.16382499819774, 67.28826928595589, 63.158802015161626, 58.39228932780047, 59.08960976573832, 65.23111713566475, 69.2323758433977, 74.05698941934021, 105.79909384112318, 104.43808851182962, 108.39852883626921, 108.80348328234848, 116.24986245314577, 123.81742037078591, 122.22538130981106, 106.844645115233, 106.39787132776993, 88.8637681841455, 78.58840115000949, 67.94427229943, 60.02983390934196, 51.38130500690748, 50.346469311027526], [50.62738403928043, 57.968305728729156, 66.27135606114103, 72.32438087141728, 64.9081280936623, 57.32534396051414, 49.01279886221995, 7.920791156025451, 7.421950973076149, 12.720543718362906, 18.768057934715998, 25.576368941478933, 16.718815874137288, 9.450331053370883, 0.0, 49.21710542672324, 56.66711211122005, 63.756043379318854, 73.49794522388659, 82.09052370093961, 79.31077427074842, 71.57921047589807, 62.17293446757232, 53.81722114514776, 46.65055623113506, 25.74544914508166, 28.982840871760104, 30.69932728600622, 36.301394539914696, 37.282880050817276, 34.534070030392435, 30.330244222037745, 26.26667644968834, 20.310909888662152, 21.32385905271185, 35.669666271975814, 36.42601637131159, 43.54746307565047, 49.85533130579558, 51.51147448862821, 51.858426311576125, 46.168774774228375, 39.737630753112164, 30.365499574816383, 33.540749296464476, 23.14265362346304, 22.135375711378245, 75.51042776299465, 66.32846263291401, 59.808655138160084, 56.99898896475797, 53.28866738544912, 51.94616750941651, 56.502657815690995, 66.10529073549712, 73.05605780865132, 75.33382462214277, 79.01842808612432, 78.45813564710765, 72.87186534555252, 62.94422972325658, 59.87626912611099, 56.34403389435483, 58.74377713654459, 63.562371614670454, 66.38837796540551, 70.1479391816031, 96.81496576846797, 95.64483943192961, 100.48249782904188, 101.65040390535667, 109.86136870502638, 118.58244004455295, 118.23343603299595, 105.32587747455491, 107.21592137705319, 91.71814793160742, 82.25795137997461, 72.0931325398002, 65.1659704148312, 57.1862938079279, 55.45395181423342], [19.93723926106661, 22.886712284926727, 31.79810968767788, 42.65691263315515, 36.29653338711021, 31.007990443326214, 27.219262308581875, 41.537116464641606, 46.00892053531761, 54.24248667433089, 63.21252682543525, 72.43180013240107, 64.67694255439311, 57.672289448435166, 49.21710542672324, 0.0, 8.137108441138654, 16.56372342872233, 29.276616541021724, 42.45498565415055, 39.98013846867535, 28.472737053624368, 17.39054411967199, 9.175320199035777, 5.630691179868951, 38.111582695011215, 45.51171465321598, 52.97856627028337, 63.63699593095122, 71.90786908148348, 71.77815268246258, 62.76806090558036, 53.81777083922751, 45.65321941949234, 38.35602120590188, 16.392337577290526, 28.003873998042376, 41.0630958231997, 49.88328573601271, 56.566865861077105, 61.174402424156305, 63.253375408462915, 63.82523033070233, 60.90025359135637, 48.32767427142024, 35.408077774267966, 28.613241255527907, 81.28506780294664, 72.6634650302749, 70.35338322328195, 73.01225676058132, 75.6624876213864, 80.61029456245389, 90.69669419469743, 96.18343221475183, 97.20622004300027, 95.2211620400095, 93.92916603288259, 89.06759677285726, 80.98835918586843, 75.27619832731176, 76.83350511894228, 79.38880413035699, 90.33451735766458, 88.75833822306856, 86.2252274057742, 84.88568068362358, 65.29576886211298, 74.19709034473598, 89.97140408213376, 97.60369147087546, 110.104166057111, 125.4046495877664, 131.48029982842306, 128.19242497761505, 141.26858605431272, 132.70040379988288, 125.6446377062617, 116.87853928952897, 111.38475022084529, 101.97363252149319, 93.16196056798606], [20.08066271948747, 20.453028871166392, 27.941485227840268, 38.993200689075394, 33.9495362660297, 30.243295601267103, 28.416810062538794, 48.873430262630805, 53.51178187051911, 61.82163956166661, 70.70944233450182, 79.68319463202987, 72.22551885041781, 65.27832106858338, 56.66711211122005, 8.137108441138654, 0.0, 8.565505726821335, 21.677874518754486, 35.52441227558079, 33.34204096658833, 21.42930783834112, 10.887800850068212, 6.7771653638784715, 11.023369929328412, 45.5620119713287, 52.62650980555049, 59.93109219437273, 70.20984408450221, 78.5824563783204, 78.64601760462573, 69.80801364521582, 61.04604119811576, 53.14893858156298, 45.98139910764217, 23.492253038710718, 34.177826789874715, 46.49964044651336, 53.9004996735727, 61.093323108561364, 66.5305257596803, 69.46836509718135, 70.40124340710746, 67.85906398499816, 55.41994978249555, 43.05698526504716, 36.58312323824331, 83.98068714330947, 76.219955053196, 74.96695535867545, 78.30497771947009, 81.58147779705645, 86.84704694376966, 96.9304685808069, 101.9673910930989, 102.45155040540604, 99.98967236574086, 97.95217215955259, 92.35158659109078, 84.06293573566445, 79.70681021830863, 81.99145106001252, 85.15397059494718, 96.25577064512223, 94.18951496316967, 91.08807146527265, 89.02655390545704, 59.303346285919154, 70.19884167476462, 87.89330353155108, 96.7477944538662, 109.94649599724603, 126.0734508353595, 133.29863895163, 132.30511261868048, 146.07015024607855, 138.4232862757831, 131.67307570272717, 123.04037976540326, 117.68509485035557, 108.221929623255, 99.01806534279613], [21.821273132890138, 19.544379206171296, 24.461281309611582, 35.02238287171809, 31.885336444938744, 30.15130557866231, 30.298693374048078, 55.870774277096864, 60.779216749493884, 69.23652821925417, 77.98873895153918, 86.5534627394851, 79.44515077276556, 72.56312878047672, 63.756043379318854, 16.56372342872233, 8.565505726821335, 0.0, 13.330768085410755, 27.65384059207693, 25.881832137658822, 13.945241774532308, 6.560597896021138, 11.149870639319682, 18.28332717529359, 53.40154303706118, 60.21483432609805, 67.27242906799347, 77.02618226998125, 85.25185406957765, 85.44331988756836, 76.96852900764777, 68.503172157913, 60.79454641214741, 53.802146812166136, 30.805135204044507, 40.785703515089345, 52.483738230366654, 58.06971501185025, 65.73345903836847, 72.11531007910945, 75.79273536706123, 76.86387820245476, 74.55054154693084, 62.73332973322195, 50.6910185467184, 44.50141832097918, 86.27235720284561, 79.63515911111061, 79.55907038883058, 83.52776213715597, 87.33819703781708, 92.75737272450756, 102.6118758188227, 107.22456890761033, 107.27426908862412, 104.38082061932175, 101.58949434040716, 95.19126006917854, 86.72476997151607, 83.96860680298582, 87.00145480710864, 90.68497251995714, 101.61523228579985, 99.17940496205762, 95.56689743202229, 92.78872142285788, 52.09589897677787, 64.94217426125526, 84.56100836116956, 94.70482148995994, 108.63026932136093, 125.50756111201163, 133.95819415001546, 135.65032112546916, 149.7590296589459, 143.0965754181192, 136.69406869469745, 128.22684561817144, 123.07628817431299, 113.73570532023813, 104.45482979372329], [26.85434956755712, 21.810572460573404, 21.17312575586139, 28.99520335915751, 29.680808715453306, 31.248499272094406, 34.04710724745086, 65.58677607265415, 71.04158360345994, 79.77166697882873, 88.24392372029013, 95.99362138637876, 89.37737043271599, 82.5878719901886, 73.49794522388659, 29.276616541021724, 21.677874518754486, 13.330768085410755, 0.0, 14.726977086696984, 13.761156017432588, 5.297237504143928, 13.12655985446838, 21.86774155231054, 29.7033131423757, 65.30377686108748, 71.94232336245821, 78.60834309629166, 87.54101563799865, 95.18746727205111, 95.41571546137186, 87.69208256405521, 79.74151090820945, 72.14322721021834, 65.4295139056145, 41.50303410079114, 50.330216681070716, 61.05842283938708, 63.57874690081208, 71.78468623815127, 79.60830292800844, 84.24417358081777, 85.32124436510188, 83.28489709803492, 72.90681558194957, 61.35901933189752, 55.86359410218912, 88.12658475116355, 83.48226944476042, 85.26284338696479, 90.08552724682333, 94.58365563634253, 100.05754992578181, 109.32036944635733, 113.24961467761698, 112.7198236459397, 109.2356843967521, 105.32780305765391, 97.73271887144281, 89.10949520580806, 88.99266656525442, 93.13565024414143, 97.4954646782488, 107.8156431429351, 104.91737279598557, 100.60786702319466, 96.78390700133852, 39.94250603858081, 55.1332177995247, 77.33721014415812, 89.33073509754081, 104.24009467176057, 122.0546096587981, 132.33551476869098, 138.38383304482272, 152.73181274155544, 147.76730829652035, 142.03732405151706, 133.9831392687044, 129.40592673951576, 120.77029073670624, 112.12184364047384], [34.46084940601304, 28.73010653915319, 23.339401450032838, 25.11805161302359, 30.514771080837374, 34.962804871686835, 39.42046510812008, 74.34319803397851, 80.33154251127081, 89.26222252499834, 97.2825792299488, 103.931335485014, 97.93639685420924, 91.3452627261366, 82.09052370093961, 42.45498565415055, 35.52441227558079, 27.65384059207693, 14.726977086696984, 0.0, 5.127087793569461, 15.071857764245614, 25.774091344418657, 34.215051543227474, 41.780525323823355, 76.87629551530527, 83.37497653272152, 89.54039784266305, 97.48847297628028, 104.18783281458563, 104.34282462769929, 97.64631587456435, 90.37706894054928, 82.87403726822127, 76.56347521693047, 52.30856894871568, 60.031405074867244, 69.86088412911086, 69.05123465235592, 77.57642315471915, 86.79862192339952, 92.07992609727714, 92.8208976662664, 90.85605527975306, 82.63046577311245, 71.49374478685858, 66.74467885070405, 88.93834670151689, 86.68884353420167, 90.35735919574171, 95.82790011613999, 100.76088938292844, 105.95503820900039, 114.17635669447962, 117.46404021917029, 116.5880977316053, 112.67155982773174, 107.75162014474341, 99.00116399356422, 90.37891702565885, 93.16291294773629, 98.32197512375967, 103.11569162131688, 112.1866342079785, 109.09466657452435, 104.28007127731632, 99.53227753437801, 25.76631550354909, 42.821892377737086, 67.58161237575962, 81.50133430994826, 97.37137234508336, 115.81359914187342, 127.94406836785713, 138.87268828162743, 152.65792663756397, 149.4715369443937, 144.51232710404585, 136.98730580312525, 133.14542112658037, 125.6179381276488, 118.25066108444217], [30.584873171832353, 24.452681490920096, 18.42863734573835, 20.564139739978867, 25.588472686145494, 30.237433876736173, 35.1640479375527, 71.57142852998001, 77.85496913248105, 86.93169718604256, 95.02699828138313, 101.71984257439995, 95.3941326720473, 88.6479083932625, 79.31077427074842, 39.98013846867535, 33.34204096658833, 25.881832137658822, 13.761156017432588, 5.127087793569461, 0.0, 12.31120921689263, 22.9626796074014, 31.324897691760246, 38.8437088265683, 74.90717797753298, 81.7091851378354, 88.04211940164907, 96.31003161176184, 102.89971476647132, 102.8655154468982, 96.08489850741535, 88.64967121081796, 80.84910361999377, 74.4094752474166, 48.9740260515132, 55.94872083216733, 65.31119490262057, 64.21801106416169, 72.72812097925372, 82.00835885324369, 87.49472922925705, 88.43439642108899, 86.78577655623482, 78.49051762099363, 67.90725910959848, 63.894048450808796, 84.13873466512209, 81.74313036837343, 85.45330586989199, 91.02672598551297, 96.1199789013439, 101.49664510348282, 109.94295257994803, 113.01489140704211, 111.89890846059204, 107.88185247632192, 102.9105275166613, 94.20857427681663, 85.59110967901789, 88.28507488327588, 93.51495199180545, 98.46329494240948, 107.86659954724675, 104.5049609829725, 99.55434602304905, 94.73526619899164, 28.62869958735578, 42.11056395452515, 65.40147896667793, 78.569795954707, 94.08946563514779, 112.49164120682055, 124.23317146514964, 134.37099170515918, 148.98627082405295, 146.13109662721556, 141.38241840718672, 134.11976795969338, 130.73749806395946, 123.9242799022167, 117.36581822753277], [23.135187898010383, 17.345647732491923, 16.012405796932452, 24.30647001914161, 24.515177644404005, 26.326714395119154, 29.77815187711256, 63.69272331482545, 69.60201980021381, 78.55112194156281, 87.03190438588103, 94.63235332292946, 87.74524739275843, 80.8061562049449, 71.57921047589807, 28.472737053624368, 21.42930783834112, 13.945241774532308, 5.297237504143928, 15.071857764245614, 12.31120921689263, 0.0, 11.19486351618822, 20.12856882710438, 27.998896970430923, 64.92251947483055, 71.90803078153111, 78.67206020978513, 87.78280201042955, 95.10337127090935, 95.09429646829271, 87.47648758901285, 79.46558189340098, 71.52440152620291, 64.72932566893168, 39.16902734598899, 46.983384072569265, 57.137136054552826, 58.899568278118736, 67.16177977409531, 75.27186116233783, 80.22351578250708, 81.45217085155333, 79.75842935839839, 69.63415857789397, 58.732857074219716, 54.23533770715225, 82.96322244201059, 78.46100076497338, 80.52464561939146, 85.54338347325569, 90.26953663935488, 95.89258045015922, 105.23779194277627, 108.85561316500286, 108.04096144703064, 104.40064133201338, 100.31288421759241, 92.62160363584677, 84.00398269376868, 84.15823465215452, 88.51245477014123, 93.09089558726757, 103.57101917367297, 100.372886039708, 95.85877614619814, 91.84555011130672, 40.189359067318364, 52.61439180903096, 73.58498587074952, 85.012136191167, 99.64243267710542, 117.4303505761956, 127.53210901368338, 133.42753873006524, 148.5006525813969, 144.1395880148138, 138.75034104764157, 131.05942001608457, 127.09853831556647, 119.44097320505894, 111.94353606606879], [16.36410357807069, 13.107670222843646, 18.168462968750934, 29.009226322831946, 25.36358334330349, 23.699406003613674, 24.515184255110626, 54.27167326370475, 59.91796947473651, 68.75330208667846, 77.44786974197076, 85.61351365093475, 78.30589210469861, 71.25582242722999, 62.17293446757232, 17.39054411967199, 10.887800850068212, 6.560597896021138, 13.12655985446838, 25.774091344418657, 22.9626796074014, 11.19486351618822, 0.0, 9.087683093474048, 17.033085293536104, 54.46125452070128, 61.68075389110135, 68.72326640789557, 78.43593664374593, 86.05040871918284, 85.94584310413647, 77.83627199193864, 69.46137702905503, 61.33376439862003, 54.3268122876995, 28.743845194088017, 37.48498440949947, 48.647933423393795, 52.80804302790828, 60.711729971319016, 67.76225760842293, 71.90499421830116, 73.02854771145446, 71.0449554227047, 59.946663959150236, 48.549756769743354, 43.699570006233266, 80.12850893315093, 73.94270118128102, 74.45196115174178, 78.74718471714016, 82.87356926731343, 88.39844246326645, 98.1704116644893, 102.39123361377675, 102.13050679630837, 99.01642511410726, 95.89236350939338, 89.19660885319094, 80.68287565074495, 78.62283485085014, 82.05649712580156, 86.03925317090541, 96.9178497316188, 94.16171060898755, 90.25991044233135, 87.14794546525803, 49.90258232842494, 60.20822724208263, 78.71379609091473, 88.44370029786012, 102.20133886371843, 119.09127213487278, 127.57094123518334, 129.78621833140622, 144.4768649400902, 138.68224787915022, 132.74386671563067, 124.72432635678804, 120.35126355572191, 112.27039217750595, 104.5290127614823], [13.33913959877765, 14.37439128856711, 22.81219708809097, 33.76393550763302, 28.004951060211415, 23.72410010142214, 21.645673311887204, 45.951729651116935, 51.43909793513908, 60.207060937564336, 69.01240655694102, 77.49842173886611, 69.89442812838003, 62.77837234784398, 53.81722114514776, 9.175320199035777, 6.7771653638784715, 11.149870639319682, 21.86774155231054, 34.215051543227474, 31.324897691760246, 20.12856882710438, 9.087683093474048, 0.0, 7.947926722140429, 45.87209633791128, 53.340836505744186, 60.53536550501118, 70.62789205335824, 78.25568282757119, 78.00549864585558, 69.65761689815317, 61.08169539082182, 52.748067669405046, 45.62547559695272, 19.986575253823975, 29.869784138094737, 42.12550385364273, 48.103084046322685, 55.590078510979474, 61.76117441471665, 65.02069137635168, 65.80830423122876, 63.402601343586596, 51.951693628907904, 39.8996696897883, 34.72806512680195, 77.58618651595309, 70.22953731107067, 69.46616854021983, 73.03568503396224, 76.50479370928119, 81.74596741660586, 91.626421926457, 96.40485917508184, 96.7559133612888, 94.17047259243961, 91.90461244673213, 86.04773247666586, 77.69609979645853, 73.94194277049412, 76.5559585869014, 79.89362288892086, 90.73724054790154, 88.51840084160021, 85.23999631167341, 82.9495628390143, 57.19592180198565, 65.59668552580617, 82.0078644815433, 90.3598900677235, 103.37382817804202, 119.3696973885759, 126.52277017786264, 125.97196446567126, 139.90804117505115, 132.92922914050675, 126.56072829937547, 118.29767314110043, 113.63507727131052, 105.3724958823512, 97.74802283966744], [15.084571777405346, 19.11455783527063, 28.50751257162907, 39.00962166036745, 32.079829621579506, 26.201226046030516, 21.825784031116317, 38.87135187616789, 44.17857950460223, 52.857436310681344, 61.75785838748965, 70.54321131458904, 62.63355663771481, 55.45556640738508, 46.65055623113506, 5.630691179868951, 11.023369929328412, 18.28332717529359, 29.7033131423757, 41.780525323823355, 38.8437088265683, 27.998896970430923, 17.033085293536104, 7.947926722140429, 0.0, 38.622263541168714, 46.36562723350386, 53.69125425536653, 64.14280175724284, 71.72056421179975, 71.30423622943908, 62.752290950280376, 53.994494114064054, 45.43643795578771, 38.206322193378114, 12.582428755177, 23.88854685148844, 37.13718420158021, 44.86157327378295, 51.78190052874947, 56.993848123313526, 59.31359200074484, 59.734136598563765, 56.89827991918596, 45.17335386423672, 32.4252938605545, 26.917664555186175, 75.92464634280542, 67.57373394190466, 65.60542224624264, 68.42860114416673, 71.21833145861818, 76.14139032216121, 86.07619226995675, 91.36999928953826, 92.30543752334134, 90.23555979766807, 88.7878669910563, 83.74891117532293, 75.62381039229052, 70.32252701249968, 72.12242448855518, 74.80173504529567, 85.5409734498298, 83.85346371375618, 81.19422658476371, 79.70002674707428, 63.87508190534444, 70.75360672237511, 85.34435838251132, 92.47878604449265, 104.76840850983791, 119.9057554741812, 125.86280422752137, 122.83597511726617, 136.04362374119523, 128.00670530344016, 121.26309806935272, 112.8047461104397, 107.90630982449731, 99.54393366439362, 92.1303491680707], [49.43651317533042, 55.894353270223945, 65.3108893615164, 74.23879840124289, 67.04500211258255, 59.7440390999731, 52.10081937937662, 22.804580629383672, 18.889136888193228, 21.691823032112218, 29.844630044860835, 40.731362985996796, 34.01047205178045, 29.225542422387132, 25.74544914508166, 38.111582695011215, 45.5620119713287, 53.40154303706118, 65.30377686108748, 76.87629551530527, 74.90717797753298, 64.92251947483055, 54.46125452070128, 45.87209633791128, 38.622263541168714, 0.0, 8.401362800592414, 16.020602563507033, 28.042413383818626, 36.68245313575063, 36.435627138336855, 26.03267434046825, 16.35165024311253, 9.194694222583262, 4.497854252799773, 31.87754661833732, 38.92253100437229, 49.7259433684963, 61.452508493992944, 64.50267969957021, 64.28305807099999, 60.140184774098714, 56.8808553794095, 49.88641680312947, 42.40607037923458, 28.50719838096913, 17.55156045694348, 92.54520