{
	"dissimilarities": [[0.0, 8.574902055877317, 14.869083439353282, 26.1029064171007, 18.008498516143455, 12.706142877775344, 8.576145817924623, 42.19268733810759, 48.817765761742, 58.229207683651225, 66.4181190087305, 73.34001349868396, 66.98978194668976, 58.8851767293757, 50.526554443560606, 16.689956312185544, 16.616363844532774, 18.882324010170173, 27.125585790191263, 35.03594282445903, 30.89309593026443, 23.040157011035188, 14.424861819597826, 9.560045333092566, 11.174045730166576, 47.410682477887335, 54.76904851891492, 62.618405520880536, 71.02356524214768, 77.75825834433793, 76.67635789297593, 69.47480636473519, 61.47566470990212, 53.03424218238682, 47.34041793406235, 18.659656820706697, 27.24461552356144, 35.915728050333215, 38.29596392212973, 47.180305548217106, 54.178969153224514, 59.66959017478212, 60.09168674278399, 57.4883804608883, 51.09662569841594, 39.65236262421608, 35.24779218089428, 65.88327317225882, 62.53422448771512, 62.2669272694635, 67.70279929341872, 69.36032063380752, 73.9009943317716, 80.93331587145576, 81.6267809453572, 81.24385648537354, 79.01222883475084, 74.16834668405572, 69.53369318655562, 66.08500667315164, 66.13962971810489, 69.9106060125742, 73.50571478063796, 79.38491714302022, 74.272128837334, 70.67058871188749, 67.01656980146441, 55.800868227034684, 60.70409897360084, 72.57119003396745, 82.78906496645418, 91.47394047604368, 100.51971123927112, 106.60897251233808, 107.39175783712292, 115.00531708366454, 120.11660026153325, 114.49485086685833, 107.39796032230292, 104.46548423681547, 98.19667226073463, 95.75286663965899], [8.574902055877317, 0.0, 7.433880357976243, 20.555778589730476, 14.117074992192892, 11.74555144306839, 13.557860156193268, 50.697294666736504, 57.15657510736488, 66.42265166608706, 74.72780723147639, 81.79757258945024, 75.4902047059963, 67.38121474134768, 59.04326571893256, 20.019151824311066, 16.350684160719055, 14.33592978798871, 20.24356423458095, 28.260485484026574, 23.643969295266007, 15.165634891937394, 8.195289704988227, 10.571975590718607, 16.50691622433442, 54.75946654916774, 62.109029456012, 70.08488849653295, 78.55861524540826, 85.55660562072136, 84.68091175034105, 77.3284629527235, 69.22909709870046, 60.839376702894356, 55.00023300383017, 25.944314416366048, 33.59335497357979, 41.10853243170431, 42.68034642754272, 51.70988228904618, 59.15200411285069, 65.48983976258636, 66.68362188147464, 64.81859438811092, 57.51130288196455, 47.21722752326462, 43.06916779716336, 68.58731998731498, 65.95970519029103, 66.77732428007667, 72.76940242402866, 75.16364484224279, 80.21248050665186, 87.77582823979081, 87.74919008615514, 86.75742700694823, 83.89739153023037, 78.22386169582975, 72.99129344625857, 69.26239990879598, 70.27849275672986, 74.93815271398901, 79.28214493007233, 85.96128380976577, 80.02757918838839, 75.68486835073728, 71.14259218885282, 50.56658591848014, 57.24833163257727, 70.91680055563847, 82.39406442027524, 91.44571090787794, 101.57909504670353, 108.95718707817, 111.70661776827247, 121.13887289716772, 127.26972046320031, 122.09922694548312, 115.33087603200629, 112.64889324809357, 106.40189649190569, 103.49770275942379], [14.869083439353282, 7.433880357976243, 0.0, 13.545954773076163, 9.615345759115009, 11.381510638058243, 16.856900441749247, 56.80235512999554, 63.58280644386903, 73.02959459211861, 81.1379504829008, 87.76881612529995, 81.5619625644963, 73.4956341826483, 65.10128404118082, 27.341428162771418, 22.89183415290732, 18.333462229973613, 18.724137324971263, 23.579852092094637, 18.36989062104211, 12.665082258379691, 12.183644320341966, 17.84308453856572, 23.91463006684573, 61.94567578976884, 69.25981409882878, 77.10408965226829, 85.32383060355772, 92.01833687099708, 91.15125046351933, 84.10431912568728, 76.16500859148837, 67.79337043258104, 62.0574033036549, 32.876721869690996, 39.2681250109527, 45.26790337421129, 44.49027063523685, 53.72579843297283, 62.090266278601, 69.22591200503535, 70.626043846222, 69.37200049758894, 62.84449256900366, 53.416223448021384, 49.965981098849106, 67.88816405180421, 66.35761317777009, 68.68380381124797, 75.09992986557499, 78.1370145735925, 83.33761905132846, 90.90469428944546, 90.29604400258343, 88.84547086016481, 85.38618955946517, 79.01449771115568, 73.03742620524739, 69.0489429282004, 71.36975109489173, 77.01301965777803, 81.9189604796465, 88.89547635843651, 82.58522308866628, 77.67342698396325, 72.15155575997392, 45.519439913501515, 51.10123522168499, 65.28440174373719, 77.52249250450167, 86.91804297778266, 97.89757352556339, 106.4389417067818, 111.76335024245586, 122.46798173633235, 129.46423917278818, 124.92511108027598, 118.65248228575298, 116.55976949887078, 111.13596748681655, 108.91556063360598], [26.1029064171007, 20.555778589730476, 13.545954773076163, 0.0, 11.879934378791575, 18.162225982471746, 24.901867952981735, 65.47019097484923, 72.69571312482772, 82.43459884842532, 89.95965990468996, 95.47376602552563, 89.66706417097296, 81.88512802510107, 73.47787575896305, 40.496848393275975, 36.112080410780834, 30.386675169142542, 24.63088320716419, 21.074039258761594, 16.425376740550032, 19.89610121323253, 24.988127924720448, 31.01733698241301, 36.520278459627995, 73.09877519575447, 80.2236606575806, 87.59247601161516, 95.05135729302246, 100.85993575153103, 99.98593645186793, 93.81034994210889, 86.39603067181821, 78.17125631278392, 72.81149494844524, 44.374557728520124, 49.47202943766956, 53.49904590342019, 48.48875748020418, 57.81050631059072, 67.68808682047715, 75.69105010309555, 76.79591264865749, 76.15720820880611, 72.09083386160466, 63.39314240146437, 60.74580221173286, 66.67338724500154, 67.31788079007256, 72.24433275167344, 79.02339904678655, 82.79192496680729, 87.75692383823719, 94.64236529705889, 93.43706058365176, 91.54189202070359, 87.30175062109245, 80.12512363346494, 72.92338743489935, 68.60827214516402, 73.26461268786915, 80.33671078466817, 85.75666511935744, 92.48838402895026, 86.24567159381782, 80.79172130293637, 73.83902266099379, 37.67039652646956, 38.22275223374739, 52.84807297145777, 66.48764987258697, 76.8463269271229, 89.22208726220961, 99.79128393732195, 110.28765699665306, 122.04958294044243, 129.82945570377606, 126.33440539615638, 120.75255417833019, 119.67875618709296, 115.81216683243312, 115.17739316997276], [18.008498516143455, 14.117074992192892, 9.615345759115009, 11.879934378791575, 0.0, 6.907127704623821, 14.91697298608283, 56.594662035250145, 64.3386784660701, 74.14980096246298, 81.84940986189574, 87.7248539788236, 81.26423090683011, 73.09238830663367, 64.75323709953302, 32.96849491062528, 30.262408949769103, 27.425720040165473, 27.827855332833412, 29.731726191781377, 24.434410466619077, 21.732804080136805, 21.00540910274813, 24.093611327027002, 28.29064404188029, 64.69903412628112, 72.13503060128889, 79.88594291862229, 88.06178851706585, 94.13857576535135, 92.79292310105969, 86.12981957528704, 78.34518358149201, 69.81974225729311, 64.30015885036619, 34.65575887264789, 38.094567110766306, 41.68248578259479, 37.743888423000314, 47.05922266016375, 56.41794459192035, 64.28460819200986, 65.73238078985737, 65.3180521682259, 60.43551346347604, 52.592282836993355, 51.2366925261159, 58.96462747649352, 58.17487342757128, 61.767985413403075, 68.45297843131813, 72.04501609736214, 77.29268488790014, 84.83178877371925, 83.57331911344225, 81.71320725991245, 77.77885090735359, 70.96442305210742, 64.49281459959651, 60.373017478085124, 63.629654342219666, 70.05361624814206, 75.3897758567632, 82.59760422121181, 75.96329861628465, 70.61272502433984, 64.32448299218153, 48.86186659821002, 48.16108105901841, 58.64432568547478, 69.39725359512245, 78.06115498121856, 88.66715831466168, 97.04415032204943, 103.01692720242923, 114.82035497358119, 123.13432437345608, 119.42572341607104, 114.2986310610173, 113.32400244301638, 110.10134839338897, 110.17142613137386], [12.706142877775344, 11.74555144306839, 11.381510638058243, 18.162225982471746, 6.907127704623821, 0.0, 8.384512365629083, 50.035679702262165, 57.851043994309705, 67.64199570181724, 75.41306196662376, 81.49154741132976, 74.83814091227234, 66.55942009531205, 58.24720660666557, 27.921459742636582, 26.63990561523882, 26.006499846404935, 29.791144771175528, 34.008847993562156, 28.88994872415909, 23.91591913594677, 19.68104010594181, 19.876969105124303, 22.69498092654649, 58.21235827740157, 65.71037755206306, 73.53913354274397, 81.92559638240022, 88.0950498063883, 86.59806300577394, 79.76480894133692, 71.88131974393669, 63.28722291783638, 57.748829182542856, 28.004367289224895, 31.375277038551108, 35.74193360363842, 33.31314949564795, 42.668633927432985, 51.45566745674033, 58.766367345429394, 60.00082287540327, 59.17336744598875, 53.992315329195264, 45.71037543017743, 44.459657466011286, 57.335734271718096, 55.43927149129668, 57.67716775052007, 64.02882520336895, 67.09393824298292, 72.22507669244003, 79.79460842934066, 78.99240250891458, 77.52133582022552, 74.10221952308575, 67.91593278215908, 62.12170963785216, 58.24116498108376, 60.25788746764063, 65.83979877642707, 70.71064391483479, 77.6970323644277, 71.34955888320414, 66.47143069053928, 61.02939284965298, 53.79084472002541, 53.58152079256457, 63.04283174072984, 72.67700543352183, 80.81375060376175, 90.3831137136531, 97.43252317652403, 100.74315768017865, 111.43801426297762, 119.16377854176622, 114.98753749783786, 109.61586013356597, 108.32351816167483, 104.85013892015881, 104.87898333969538], [8.576145817924623, 13.557860156193268, 16.856900441749247, 24.901867952981735, 14.91697298608283, 8.384512365629083, 0.0, 41.72805514461378, 49.50486145101547, 59.325911474563874, 67.04587088826969, 73.13700216890749, 66.51849376468162, 58.28184859806818, 49.941144057407556, 23.81453153695953, 24.707725215127553, 26.653888210787912, 33.044505694939666, 38.64333609209166, 34.0782553853983, 28.087787580529476, 21.25878531587515, 17.578245457025254, 17.695727995579663, 50.441596816807696, 57.85370876909439, 65.5241778479246, 73.8011949311098, 79.83738540546054, 78.2671320789909, 71.52018156439597, 63.74010649733944, 55.183859844506685, 49.78689086589712, 21.01027948023867, 25.530799066773508, 31.70738212588075, 30.994647008163554, 40.23110942618255, 48.291040204525, 54.49127682456345, 54.85989251983525, 52.99943976646853, 48.40528588885999, 38.53162113031959, 36.65544254376212, 57.62080189193056, 54.71609041652075, 55.39047480512998, 61.06497487364348, 63.171649618586606, 67.74340117107113, 74.75325969674992, 74.91860296703308, 74.22766589670529, 71.62331990510563, 66.46664418883263, 61.4629860262274, 57.92857007225525, 58.61765673569047, 63.00843849169774, 66.9454076852827, 73.00269829359468, 67.63402308994162, 63.68364012732033, 59.428283297417615, 57.940796715298944, 58.18084501963706, 67.0343454854224, 75.84285248112792, 83.85030813282219, 92.39392269998373, 98.14732402698625, 99.22767246611905, 107.64372177560536, 113.89622945299419, 108.99816014071244, 102.93687440350368, 101.06881826240408, 96.9624212215151, 96.83524844203038], [42.19268733810759, 50.697294666736504, 56.80235512999554, 65.47019097484923, 56.594662035250145, 50.035679702262165, 41.72805514461378, 0.0, 9.589515246325282, 19.16603656726424, 25.955652535271195, 32.42874737269404, 25.082255069973392, 16.70807745442081, 8.412570267686506, 40.40692860662964, 47.79030687779935, 55.75109120195422, 66.69521999511961, 74.74448668210114, 71.6657058343334, 64.29682679536926, 54.43876629081634, 45.04332469396623, 37.73147533849893, 20.974948286810076, 25.335370937660176, 30.27512611692528, 37.5368491583005, 42.02945041737588, 39.0068955640195, 32.89017898619156, 26.44923781575038, 19.24638810301907, 17.544024368104626, 27.806429018816367, 29.496570278090466, 37.29764435613827, 44.50841999572944, 47.653966031567165, 48.159634231666864, 45.72655180534436, 40.8371057567297, 32.43502214401484, 33.87485541392485, 18.429446987137027, 14.444407734240436, 71.10732748614015, 64.32661160111826, 57.26100614861225, 57.81276160631852, 54.05770336645034, 54.38775239610079, 56.99295709235754, 62.8300557860439, 66.56734114320058, 68.86784957288873, 69.90823925949829, 69.91632894843542, 68.77572565124747, 62.947259526887116, 60.07231785735936, 57.98943568183893, 57.66011961687466, 58.84499825435015, 60.85424992929093, 63.774624082491265, 91.2357612720873, 91.85643600890654, 96.85077296386308, 101.13329920533927, 107.17212431649142, 110.45879006811582, 109.54581271082168, 98.2474621161086, 94.61050474064355, 92.76702193854818, 83.87429881190556, 74.48514139726854, 69.1218814545429, 61.76259090818974, 61.72217406681578], [48.817765761742, 57.15657510736488, 63.58280644386903, 72.69571312482772, 64.3386784660701, 57.851043994309705, 49.50486145101547, 9.589515246325282, 0.0, 10.039293316732458, 17.692656164267788, 25.79748583261799, 19.32366012947912, 12.520102694967003, 7.466826769392069, 44.80717484107377, 52.20449547591174, 60.38269399499715, 71.53787745357954, 80.07333567750673, 77.43059100189737, 69.86144007519555, 59.96691574479219, 50.50581620667462, 43.19693629415956, 16.22116185073702, 17.939318699691274, 21.231172722214332, 27.97009327851536, 32.73132050820373, 29.883241963332846, 23.39847754938573, 17.287143790890532, 11.330706041330123, 12.459274821460916, 34.025579116718994, 37.30018964006785, 45.76482227193771, 53.98479386252836, 56.838508769463154, 56.49613179050751, 53.041064038613946, 47.89567329186907, 38.938959557307506, 39.903160535054894, 24.965297367516552, 18.406543972335328, 80.42233618641947, 73.46387199950138, 65.77805360013497, 65.75650915600808, 61.31669035785917, 61.003018671772445, 62.63964120391012, 69.40816583928887, 73.76774776071991, 76.72316725148141, 78.45373932814563, 78.92585460021473, 77.96678173583364, 71.68976046437753, 68.05702083068772, 65.21809861005462, 63.80996976378583, 66.08367268227414, 68.84957484572647, 72.51416305353726, 96.11575562931642, 98.63218365111277, 104.74539180826662, 109.48746188147837, 115.88326863527374, 119.07437978888132, 117.88293049937586, 105.769008810839, 99.85803152739163, 95.61382415801084, 85.61671072333816, 74.72470938835684, 67.64050911038721, 57.08217041722384, 54.28197663170208], [58.229207683651225, 66.42265166608706, 73.02959459211861, 82.43459884842532, 74.14980096246298, 67.64199570181724, 59.325911474563874, 19.16603656726424, 10.039293316732458, 0.0, 9.155492779590292, 19.5302007493099, 14.261628701367947, 11.648918621488994, 13.690044862695995, 52.720486331383256, 60.162224858907294, 68.57163385357967, 80.0141930276154, 88.93697581689575, 86.49530899114507, 78.69424492281664, 68.68581232869528, 59.17325065538085, 51.85210590107952, 17.997167134253797, 15.238950282631741, 14.42955072144386, 19.847432691462362, 24.350908248695674, 20.97549828571684, 13.963437099756097, 9.526410710960034, 9.494180766208215, 14.994524945056012, 42.84450346607015, 45.78461037457012, 53.83151332031589, 62.88760867192338, 64.93260608389096, 63.348379663804415, 58.59329266926926, 53.15147162526481, 43.874878983610046, 44.991120339173484, 31.984608540962544, 26.16011835364609, 88.62493144651891, 81.26314481908292, 72.62683220872813, 71.78082762436877, 66.51943341724501, 65.46607120862879, 66.14856960047771, 73.78109439641239, 78.79180759298683, 82.55910067955175, 85.24304365472085, 86.50912778545379, 85.89928384368542, 78.81330635444937, 74.10511179580492, 70.33953138396623, 67.81688846245969, 71.21248537557803, 74.9058532742042, 79.63092091062886, 104.76658501245045, 108.11182860244236, 114.29781897002404, 118.74976601895948, 124.94483195532227, 127.52473667071604, 125.44613800411462, 111.29146716655644, 103.13164305510463, 96.8602956713359, 85.91698405307933, 74.14062728930452, 65.70487213340633, 52.98297656930265, 48.345537101960936], [66.4181190087305, 74.72780723147639, 81.1379504829008, 89.95965990468996, 81.84940986189574, 75.41306196662376, 67.04587088826969, 25.955652535271195, 17.692656164267788, 9.155492779590292, 0.0, 11.06746559932711, 8.553723161496286, 12.610126226829415, 18.58130389132972, 61.68458860847799, 69.05698613433307, 77.29124838243828, 88.34275354362988, 96.7641412232613, 94.43867409529066, 87.06858602306966, 77.28385786648215, 67.85888732339959, 60.584643084743405, 26.853217289333376, 22.7667025822603, 18.565559810351555, 18.940131242265267, 19.42516684627736, 14.709860414591498, 12.112937640972275, 14.226575526787816, 18.18830069673063, 24.065842229190004, 51.48517004034863, 53.68695010454438, 60.72551128146375, 68.80495990057074, 70.17975344553685, 68.18074842247648, 62.570130900716876, 56.27298877941649, 46.75363101285227, 50.53367059135657, 39.20689284961579, 34.89318644509838, 92.73504438401194, 85.48167325417488, 76.64773881034411, 75.01935284943985, 69.07258740739874, 66.91218577748485, 65.89540113149522, 74.48252642092473, 80.22998411579307, 84.68950230050532, 88.3067357163065, 90.0825689104227, 89.81127573004196, 82.47822034802634, 77.06399197815956, 72.34565094333708, 68.12762415991548, 73.13343257914035, 77.7708305238324, 83.2035882974548, 111.57653498547408, 113.8744532760292, 118.97190934158479, 122.55714192820895, 128.42732830583583, 130.1163390247802, 127.05774428839506, 111.85274720522585, 100.87907176593181, 92.34208405861168, 80.65982495593786, 68.0677481317063, 58.715890144935635, 45.17319040050056, 41.56757362035133], [73.34001349868396, 81.79757258945024, 87.76881612529995, 95.47376602552563, 87.7248539788236, 81.49154741132976, 73.13700216890749, 32.42874737269404, 25.79748583261799, 19.5302007493099, 11.06746559932711, 0.0, 9.044264510202527, 17.52621168075822, 24.337182293164673, 70.44633279865654, 77.64442153922575, 85.44880082430176, 95.68320313156447, 103.07662524470145, 100.85395307784009, 94.32451702942036, 85.01542753584002, 75.82331395202272, 68.69784717526613, 37.47900282667539, 33.6565605666425, 28.766850348753717, 25.75354740540623, 21.290811265649083, 16.366360687667708, 20.326859968099303, 24.968658482605967, 28.900559895672277, 34.457984761249946, 59.57354098688858, 61.10059703946714, 66.97748306203297, 73.01918975234062, 73.91598603276933, 72.15112899352431, 66.17913355012325, 58.84900130848398, 49.328738110101554, 56.78041793003895, 46.69951842593841, 43.757259166453764, 94.34969495057842, 87.64893677487758, 79.28104977197063, 77.01846390682663, 70.62574230497836, 67.2147257629855, 64.01444524550826, 73.50924634820396, 79.96186774381067, 84.92228982489158, 89.33096910475693, 91.31934803869495, 91.33664043435705, 84.28402168732454, 78.57382990328674, 73.02766141697255, 66.81996690199962, 73.66005960595184, 79.11451271854051, 84.85757249920908, 116.31832512038308, 116.55055113243384, 119.94593580416148, 122.38744501389318, 127.91353997746418, 128.61388577950078, 124.65091499708171, 109.46233096728862, 95.30423960660802, 84.17660342340676, 71.85873699605213, 58.24992191775912, 48.11653961484237, 34.589651396427094, 35.18499191217848], [66.98978194668976, 75.4902047059963, 81.5619625644963, 89.66706417097296, 81.26423090683011, 74.83814091227234, 66.51849376468162, 25.082255069973392, 19.32366012947912, 14.261628701367947, 8.553723161496286, 9.044264510202527, 0.0, 8.912727455872359, 16.713295631552295, 63.98013911820514, 71.44716270737536, 79.57017109375825, 90.37350872932029, 98.17721790153482, 95.57571932189283, 88.575702321512, 78.87179885336587, 69.45827617761148, 62.122776612065415, 31.7782915009196, 29.26563637790598, 26.5792337349604, 27.376609061563688, 26.32177470751623, 21.227130179225593, 20.578314980314424, 21.806617842395138, 23.551380088741592, 28.44391819009612, 52.36823689462582, 52.816469979467165, 58.318150629220476, 65.03122472398523, 65.70674529803269, 63.58025466535865, 57.60815316389781, 50.592656282593424, 41.03137072084647, 47.74190745388401, 38.000015404815876, 36.242628647254676, 87.08009931671866, 79.94887766773668, 71.1622307405754, 69.06459847308021, 62.816655237178466, 59.9937671038235, 58.08155914010479, 67.02434608116482, 73.08881161209031, 77.8265900373071, 81.94355235796317, 84.02062929804981, 84.0065989281686, 76.57614001677379, 70.8416170566629, 65.63453619422242, 60.52166766151706, 66.34771250178804, 71.46193301087152, 77.22128758730554, 112.72381856731586, 112.61877845627873, 115.7469535953702, 118.04110849945916, 123.17481607068731, 123.99989994068018, 120.0865850696894, 104.04097348724079, 92.37696350350434, 84.05026017380146, 72.58790661225228, 60.71223179927251, 52.337738681992036, 42.292203137056, 43.8677185553944], [58.8851767293757, 67.38121474134768, 73.4956341826483, 81.88512802510107, 73.09238830663367, 66.55942009531205, 58.28184859806818, 16.70807745442081, 12.520102694967003, 11.648918621488994, 12.610126226829415, 17.52621168075822, 8.912727455872359, 0.0, 8.434173583701133, 56.015321046657384, 63.59083328152445, 71.82896467645803, 82.91481673265952, 90.94817108964136, 88.08343833847941, 80.80053552553599, 70.89512313231364, 61.396265935761605, 53.97661009180395, 26.143458114083337, 25.698888753243494, 25.923412774047133, 30.067469267006327, 31.721400008904308, 27.20281423442297, 23.377378508183593, 20.81923702255453, 19.085576018437877, 22.483238626492536, 43.8838733741264, 43.90599821040794, 49.60188663859666, 56.81259144657895, 57.82916703122005, 55.99827123178584, 50.67259217299946, 44.17068000397029, 34.61547225835178, 39.96702467430753, 29.231273923900222, 27.924468477955998, 80.18680456786916, 72.88619709593584, 64.18629111698581, 62.70837367072013, 57.012225119131664, 55.161346269892775, 54.920024177347855, 62.94133181162214, 68.33197175894375, 72.45255191640793, 75.7878020354699, 77.48563884773158, 77.22458168362552, 69.90038438137361, 64.71512597248262, 60.314101334421196, 56.78602515586606, 61.105712183253154, 65.41489301166493, 70.62284353475691, 106.4530561838258, 106.34747344233317, 109.73233141978142, 112.3693433748584, 117.51650217554185, 118.91931833948438, 115.67009246280176, 100.25359527343329, 91.52155899949673, 85.92625652646453, 75.43875658704832, 64.86187703173266, 57.91659547829242, 49.690423447106916, 51.09015728477972], [50.526554443560606, 59.04326571893256, 65.10128404118082, 73.47787575896305, 64.75323709953302, 58.24720660666557, 49.941144057407556, 8.412570267686506, 7.466826769392069, 13.690044862695995, 18.58130389132972, 24.337182293164673, 16.713295631552295, 8.434173583701133, 0.0, 48.36049080475737, 55.80339825378158, 63.834804603198435, 74.7150999525002, 82.62282324758677, 79.70170114369863, 72.50532480309288, 62.711611285822826, 53.3070823334146, 45.97577888785718, 22.72852619140735, 24.587127149516654, 27.212489656651854, 32.973565122603134, 36.08376281850137, 32.416191209123184, 27.393281182122998, 22.618263160792765, 17.721783974774464, 18.89683978682896, 36.04938848085496, 36.92096090088914, 43.559539056568056, 50.504852637257315, 52.5741264999076, 51.99238101298774, 48.0650933943387, 42.13921487387975, 32.90809450911745, 36.89200238807486, 23.694130381491973, 21.151957891168134, 75.34722371193102, 68.37445813027733, 60.55611497996292, 60.061296810188004, 55.278058724559656, 54.411526028989314, 55.4373464668242, 62.48409110291338, 67.12562298515768, 70.35712668280775, 72.58209476085196, 73.3966861373507, 72.69723588071356, 66.17974002096764, 62.15397942777545, 58.84151349985369, 56.740521268312726, 59.65553198338805, 62.88082555143268, 66.94140915373836, 98.37101934342604, 98.49664151625792, 102.61374665640338, 106.04857364366549, 111.70114054998108, 114.0291705463847, 111.96139187333162, 98.83544777274098, 92.4389154003574, 88.56433791521137, 78.84455615579107, 68.72085325076176, 62.55649322674821, 54.699772533940056, 55.410706115751395], [16.689956312185544, 20.019151824311066, 27.341428162771418, 40.496848393275975, 32.96849491062528, 27.921459742636582, 23.81453153695953, 40.40692860662964, 44.80717484107377, 52.720486331383256, 61.68458860847799, 70.44633279865654, 63.98013911820514, 56.015321046657384, 48.36049080475737, 0.0, 8.077894032138204, 17.591251343360057, 31.629941653569777, 43.654193775539525, 40.29213725131866, 29.553790457227816, 18.37150628548223, 9.533632701810419, 6.425378609331127, 38.04614619582203, 45.33283068072539, 53.82892268022854, 63.28156408446368, 71.6050847669567, 70.87839657527213, 62.295692898323054, 53.612010621967435, 45.44045069325578, 39.205361975156436, 14.74025496144317, 26.482614385962332, 38.08275695875427, 46.87852256248904, 54.227205020145725, 58.19133998540733, 61.78309595502577, 62.64030881770277, 59.10416443670237, 48.63603118502916, 36.21731553418926, 29.06594039840834, 76.84325795500027, 71.61792266397981, 68.37797748046411, 72.96572021279333, 73.53325374433038, 78.13309789644931, 85.69501653971479, 87.18190967969092, 87.3632279606916, 86.1592362538185, 82.41157113783977, 79.31079732386537, 76.36883774249448, 74.00282871003043, 75.82809351566927, 78.56384718713859, 84.4460041032956, 79.52500915967869, 76.8072509692818, 75.06300915949885, 65.93357327493857, 75.86646456421035, 89.18580228376402, 99.3700051685268, 107.63724998465985, 116.0182285326539, 120.83617799558975, 117.20192741715974, 123.57345671147145, 127.41697223622467, 120.543698214533, 112.4359566431092, 107.94008848707115, 98.89827887333554, 93.19374364892924], [16.616363844532774, 16.350684160719055, 22.89183415290732, 36.112080410780834, 30.262408949769103, 26.63990561523882, 24.707725215127553, 47.79030687779935, 52.20449547591174, 60.162224858907294, 69.05698613433307, 77.64442153922575, 71.44716270737536, 63.59083328152445, 55.80339825378158, 8.077894032138204, 0.0, 9.704615739494738, 24.129532151155562, 36.81099860741414, 33.61212778362936, 22.45368395429948, 11.860211214575019, 7.145301924210411, 11.166485904976282, 45.480255244055584, 52.52434627078156, 60.806509081041824, 69.87722701152023, 78.16832693588199, 77.7539790544711, 69.37391735641359, 60.86997071321823, 52.894378338951796, 46.75219983732415, 21.98330873382053, 32.92202735447811, 43.507719298694155, 50.74174098042338, 58.646600908928264, 63.498215971959354, 67.96275895092083, 69.18691444849398, 66.12938041385776, 55.74168732566649, 43.96171754634926, 37.01906228286103, 79.62664628906495, 75.19044249312043, 73.1483859290896, 78.2691586751482, 79.46107752924249, 84.35636644908676, 92.10475363061315, 93.11843834614078, 92.8749894246458, 91.11346590961321, 86.63357348989499, 82.83397990931545, 79.58745495156039, 78.27751545802896, 81.01651592633328, 84.35725226907203, 90.67661715519583, 85.27820720883032, 81.95613691359522, 79.30449357662168, 59.760663889642096, 71.73604503485329, 86.87198799993652, 98.33495190402172, 107.2152932260357, 116.63420009064198, 122.72612619345058, 121.43587257414555, 128.96389473829248, 133.31889409345072, 126.77049384071213, 118.69241486409834, 114.34016124056689, 105.13328877896352, 98.95558352916557], [18.882324010170173, 14.33592978798871, 18.333462229973613, 30.386675169142542, 27.425720040165473, 26.006499846404935, 26.653888210787912, 55.75109120195422, 60.38269399499715, 68.57163385357967, 77.29124838243828, 85.44880082430176, 79.57017109375825, 71.82896467645803, 63.834804603198435, 17.591251343360057, 9.704615739494738, 0.0, 14.612741167800758, 27.77440216182499, 24.832042045948736, 13.575200483572276, 6.50129209462596, 11.800094793070858, 18.874023061469668, 54.42933208061766, 61.280157710850865, 69.25524519372111, 77.77087479844722, 85.76333216030366, 85.61547709942666, 77.66032124435121, 69.44178879559361, 61.604625459098585, 55.61637016212526, 30.32374705244675, 40.62436051212548, 50.09143203375996, 55.017926962609856, 63.51784848791748, 69.53751575550619, 74.94035447199937, 76.3234360297288, 73.71079971623996, 64.08106084816079, 52.69617578204243, 45.99821014405675, 82.13234687378711, 78.81036919793178, 78.3359850479944, 83.99901509756084, 85.85173917134074, 90.92247226693722, 98.6446555078241, 99.19093856086944, 98.53127709114743, 96.1430805613376, 90.87702223534554, 86.2039600020458, 82.61842038434246, 82.6972022564591, 86.52052820198467, 90.46304056805955, 97.0496368558664, 91.31306648692545, 87.38266749554887, 83.65343958568931, 51.26812503008604, 65.26859555077263, 82.43059832954218, 95.36805177699873, 105.02869935357145, 115.6475753592783, 123.28483730256463, 125.1748046815771, 133.79775202387762, 138.64023037184504, 132.5441560823726, 124.54302002702434, 120.48379188173217, 111.38889914281116, 105.1389930981871], [27.125585790191263, 20.24356423458095, 18.724137324971263, 24.63088320716419, 27.827855332833412, 29.791144771175528, 33.044505694939666, 66.69521999511961, 71.53787745357954, 80.0141930276154, 88.34275354362988, 95.68320313156447, 90.37350872932029, 82.91481673265952, 74.7150999525002, 31.629941653569777, 24.129532151155562, 14.612741167800758, 0.0, 13.824339664177016, 12.300756506370202, 6.733236233962537, 15.244941869686254, 24.18574589981961, 31.54539456940658, 67.06379608832971, 73.62022675031041, 81.04870275570431, 88.61710109449142, 95.93897243763125, 96.12766269144068, 88.97899638344265, 81.29510553698013, 73.69043502309935, 68.01465891766021, 42.83065971382769, 52.66419242845624, 60.92471037420503, 62.562942400266266, 71.66746529055537, 79.21530686362364, 85.58842411004183, 86.80387888491317, 84.53706462396578, 76.58299736498793, 65.26113903398863, 58.66395663914344, 86.59026879150066, 84.98483464099431, 86.67631482764173, 92.86306395700781, 95.40073169941999, 100.41746527650209, 107.69496669520687, 107.83780348872267, 106.80691877833418, 103.70217333778176, 97.58481480149528, 91.7474775537351, 87.7718546572383, 89.82124034482327, 94.97888932579232, 99.47999109209414, 105.98526311582039, 100.2082222268316, 95.7006063426961, 90.6404523726254, 37.52957319120015, 54.83143067519605, 75.1959214861145, 90.35393436533818, 101.31905130842897, 113.60336861302419, 123.47104246262323, 130.33103717436362, 139.79916602750794, 144.86823516731738, 139.38195375821746, 131.3819459809307, 127.72635340657756, 118.86501634523023, 112.78087476751587], [35.03594282445903, 28.260485484026574, 23.579852092094637, 21.074039258761594, 29.731726191781377, 34.008847993562156, 38.64333609209166, 74.74448668210114, 80.07333567750673, 88.93697581689575, 96.7641412232613, 103.07662524470145, 98.17721790153482, 90.94817108964136, 82.62282324758677, 43.654193775539525, 36.81099860741414, 27.77440216182499, 13.824339664177016, 0.0, 5.726735740649032, 15.815835192329489, 26.528444799098736, 35.23153598894733, 42.23922975517467, 77.64352119509884, 84.08165629421539, 91.05966040151901, 97.84467605712122, 104.2831757589864, 104.51527903703217, 98.23328247428493, 91.05010952994388, 83.52827048055738, 78.17120014349794, 52.7861749058646, 61.76826120699018, 68.73892018236035, 67.12089173989423, 76.52367289783622, 85.41998923283465, 92.54995101014535, 93.43312469173776, 91.53566283959826, 85.67602280639386, 74.60089066658175, 68.606614024309, 87.59437100160984, 87.67787267925812, 91.39346144801804, 97.90218142620567, 100.99060014197032, 105.78631298863836, 112.42987771016658, 112.20317760879054, 110.88584876671229, 107.17978763322151, 100.44179563964349, 93.60696942354514, 89.36756298774844, 93.2499291396058, 99.54628368907994, 104.42721890004077, 110.63743552902467, 105.01492880465433, 100.10521270267635, 93.90764669961563, 24.576392004008948, 42.670040060173676, 65.31550454223316, 82.13999717546653, 94.17301783480923, 107.72232652277252, 119.44859701337096, 130.9952255261746, 141.01135991297747, 146.39327276705527, 141.69467015205498, 134.0455292759556, 131.12697898551713, 123.34358060185917, 118.48661053196595], [30.89309593026443, 23.643969295266007, 18.36989062104211, 16.425376740550032, 24.434410466619077, 28.88994872415909, 34.0782553853983, 71.6657058343334, 77.43059100189737, 86.49530899114507, 94.43867409529066, 100.85395307784009, 95.57571932189283, 88.08343833847941, 79.70170114369863, 40.29213725131866, 33.61212778362936, 24.832042045948736, 12.300756506370202, 5.726735740649032, 0.0, 11.807505169984848, 22.55405268520781, 31.441451660956556, 38.54104876251102, 75.12053015914758, 81.83811759741796, 89.10793091595487, 96.33059044760044, 102.88612554248576, 102.83097632670375, 96.3030416755089, 88.86811303503222, 81.07670645264355, 75.56936492907454, 48.92367485816269, 57.14517829158059, 63.637138887472844, 61.95992780423318, 71.3026456982919, 80.17004194111584, 87.48112356416047, 88.63775162343093, 87.0741354050328, 80.95614863847187, 70.51847933535828, 65.2550102607702, 82.54257999171801, 82.45038058357282, 86.11900087324342, 92.7153769496579, 95.96454268945257, 100.96133302350012, 107.94320891889886, 107.43336335737528, 105.93115718625035, 102.12906473849051, 95.28888598965928, 88.52016621386753, 84.28591907593929, 88.04574708405133, 94.3964590909818, 99.45336400526693, 106.02856303555124, 100.05044435970802, 94.97063521871733, 88.72340415567405, 29.19088262825309, 43.30572012334437, 64.0855571697062, 80.02799900228634, 91.44318296265712, 104.61386434422292, 115.85561834822234, 126.34861933949776, 137.03974664255006, 143.16994224824393, 138.66638881140958, 131.52107967395781, 128.94459460358266, 121.92637345626895, 117.82612099915474], [23.040157011035188, 15.165634891937394, 12.665082258379691, 19.89610121323253, 21.732804080136805, 23.91591913594677, 28.087787580529476, 64.29682679536926, 69.86144007519555, 78.69424492281664, 87.06858602306966, 94.32451702942036, 88.575702321512, 80.80053552553599, 72.50532480309288, 29.553790457227816, 22.45368395429948, 13.575200483572276, 6.733236233962537, 15.815835192329489, 11.807505169984848, 0.0, 11.444641391541674, 21.082570643166715, 28.638413928545027, 66.00467788170961, 72.93607928771661, 80.67410901312954, 88.67882664547439, 95.94999034608408, 95.74135955191831, 88.44908628439389, 80.52835317466118, 72.5633248006197, 66.74484309022884, 39.58926201363751, 48.15344950538137, 55.548431039979825, 56.64017176346161, 65.70811436269432, 73.42989633780881, 80.18383692791696, 81.71871377052481, 79.97624311026324, 72.0214147994537, 61.63969464803768, 56.237659524601504, 80.2890137864766, 78.69972350068545, 80.63103644152191, 86.9868661615364, 89.83117018680684, 95.08163733282576, 102.70142058106028, 102.40208199796345, 101.07851173637, 97.75001082122445, 91.40655681727921, 85.511763137879, 81.51230865719764, 83.66985898670134, 89.0755862798862, 93.87301270172787, 100.8141155130138, 94.59010301826189, 89.79109556538567, 84.48992914816102, 40.225850528514464, 53.61373274274884, 72.06111927633408, 86.31865692708145, 96.64383404290305, 108.60174683871116, 118.12862102231524, 124.4105667737397, 134.83029408872738, 140.92883538517657, 135.8554399792098, 128.6012074022241, 125.5543792625134, 117.96171717191686, 113.19065840418193], [14.424861819597826, 8.195289704988227, 12.183644320341966, 24.988127924720448, 21.00540910274813, 19.68104010594181, 21.25878531587515, 54.43876629081634, 59.96691574479219, 68.68581232869528, 77.28385786648215, 85.01542753584002, 78.87179885336587, 70.89512313231364, 62.711611285822826, 18.37150628548223, 11.860211214575019, 6.50129209462596, 15.244941869686254, 26.528444799098736, 22.55405268520781, 11.444641391541674, 0.0, 9.88532167945131, 17.56413509709046, 55.46832311437512, 62.62764156695449, 70.69955214982754, 79.30122411794554, 86.91511743849551, 86.42246419482233, 78.65901351729872, 70.41383083382391, 62.25764025186129, 56.25990586141356, 28.657865778057676, 37.675254269779124, 46.156959636578435, 49.67109875221377, 58.38879855402597, 65.04486496591544, 71.01089985180622, 72.4933943691974, 70.36736305127066, 61.4882040779982, 50.81861502622827, 45.394799391401335, 76.06663278941397, 73.10255225981761, 73.30409779586309, 79.20955943281459, 81.43489235228057, 86.62185714359113, 94.43355579718475, 94.57206142937825, 93.64141449572683, 90.93839444891495, 85.35445236309374, 80.37640284218551, 76.69511716270594, 77.27530469217898, 81.5893215999666, 85.85262415473927, 92.67966214069432, 86.65844556296689, 82.40546198648184, 78.19604092886127, 50.200661274194005, 61.20496414797056, 77.03398225015609, 89.44924885985246, 98.81378944374329, 109.34547144349169, 117.01426830001638, 119.42967188699348, 128.8109865887088, 134.49860027183118, 128.90820643469087, 121.57337448114258, 118.20896445388071, 110.48626014806045, 105.76758126138185], [9.560045333092566, 10.571975590718607, 17.84308453856572, 31.01733698241301, 24.093611327027002, 19.876969105124303, 17.578245457025254, 45.04332469396623, 50.50581620667462, 59.17325065538085, 67.85888732339959, 75.82331395202272, 69.45827617761148, 61.396265935761605, 53.3070823334146, 9.533632701810419, 7.145301924210411, 11.800094793070858, 24.18574589981961, 35.23153598894733, 31.441451660956556, 21.082570643166715, 9.88532167945131, 0.0, 7.691081125687658, 45.94027409859528, 53.2610667364064, 61.4876484706673, 70.413141826829, 78.10850716418463, 77.3653235970493, 69.39205669878245, 60.9965123697899, 52.7005576716956, 46.64120226225385, 18.960237475641833, 29.22298935264156, 39.174890315228055, 44.718133338170425, 53.01968239314514, 58.71655162961281, 63.69096345615821, 64.71532659110142, 61.93225191648646, 52.91295407023548, 41.33221329675126, 35.532027652517684, 73.20386711412444, 69.1550992124404, 67.80616949009472, 73.11371550388995, 74.56114412542505, 79.40756979852338, 86.99983929447016, 87.7936392505239, 87.42563488542895, 85.4274612527697, 80.7386817482029, 76.60424667842813, 73.26702178386384, 72.4791599561497, 75.67086168904004, 79.19535013644128, 85.48136610087992, 80.06049644808078, 76.54751270170048, 73.45621341633016, 57.78489299839712, 66.85739617802867, 80.64539689136429, 91.56916362621186, 100.29056284117537, 109.55502616666183, 115.63365817590123, 115.0761550793793, 122.86548424519546, 127.71726525024629, 121.59900104729488, 114.0199626232756, 110.31346506705651, 102.43136291778416, 97.89722310511554], [11.174045730166576, 16.50691622433442, 23.91463006684573, 36.520278459627995, 28.29064404188029, 22.69498092654649, 17.695727995579663, 37.73147533849893, 43.19693629415956, 51.85210590107952, 60.584643084743405, 68.69784717526613, 62.122776612065415, 53.97661009180395, 45.97577888785718, 6.425378609331127, 11.166485904976282, 18.874023061469668, 31.54539456940658, 42.23922975517467, 38.54104876251102, 28.638413928545027, 17.56413509709046, 7.691081125687658, 0.0, 38.791593391230606, 46.27283861485878, 54.612782846901204, 63.800055620502484, 71.49046802752892, 70.48806799886087, 62.37596975397833, 53.86937398026977, 45.428323836843326, 39.33434807433638, 11.482809853746776, 23.223845809396536, 34.46185289813196, 41.64013283037354, 49.405808636644544, 54.21223387557767, 58.248006109916474, 58.80108058685933, 55.41822209396449, 46.47004939148642, 33.98489122759302, 27.852205841734012, 71.36513674806932, 66.49887141075308, 63.887286630218426, 68.62487605703173, 69.38030783781102, 73.87639968330427, 81.20924940463603, 82.5709770307604, 82.69394146752462, 81.30268050122518, 77.40284869747738, 73.98914869178196, 70.96825472725992, 69.07794816448968, 71.2984305211315, 74.15126235265151, 79.90374976796659, 75.05822642904215, 72.21482805198468, 70.08810015817637, 63.931828676266576, 71.48288474302667, 83.64225369650299, 93.35673251660896, 101.53245189330794, 109.7665527109064, 114.5763120191751, 111.69923008810511, 118.13801872026578, 122.29824071002184, 115.77600559789413, 108.03751600868017, 104.09204231097898, 96.19329412183755, 91.97088369427186], [47.410682477887335, 54.75946654916774, 61.94567578976884, 73.09877519575447, 64.69903412628112, 58.21235827740157, 50.441596816807696, 20.974948286810076, 16.22116185073702, 17.997167134253797, 26.853217289333376, 37.47900282667539, 31.7782915009196, 26.143458114083337, 22.72852619140735, 38.04614619582203, 45.480255244055584, 54.42933208061766, 67.06379608832971, 77.64352119509884, 75.12053015914758, 66.00467788170961, 55.46832311437512, 45.94027409859528, 38.791593391230606, 0.0, 7.864324708776526, 16.78398159078596, 27.626406546324407, 36.49660650361858, 35.05741149385038, 25.2755732832728, 16.081668274488223, 8.674310098468755, 3.8361978579351197, 31.07243538566596, 36.702516736376694, 47.312193005131036, 59.155468018741445, 62.532072705499104, 61.47472129200852, 58.55382832648989, 55.55881346167669, 47.70223957055327, 41.677211555834745, 26.675190848394152, 16.064321709163632, 88.21