{
	"dissimilarities": [[0.0, 7.3743626194265035, 16.10156496142452, 24.217524168056812, 17.864509420209217, 11.984105888448624, 7.578591770673495, 43.004371594352655, 50.002799606413014, 59.365877423510945, 67.64795407162728, 74.77761084096727, 67.10673544721242, 59.90517151884105, 50.66119826644773, 20.919532262344585, 21.19085550363505, 22.88815798949251, 27.59780615708348, 34.81992834425559, 30.84544528302285, 23.787499094561976, 17.32247421329626, 14.389194218855653, 15.866880521417626, 49.83425139217096, 57.27123528419129, 64.20087059188387, 73.4341240026507, 79.28730953292565, 78.42513694802516, 71.4341514084882, 63.354988636687445, 54.852960844473394, 48.2860326414743, 20.3602645939725, 26.183653473450548, 37.23058597313248, 38.26547991132207, 46.190915374754034, 54.427559744861625, 58.10103569637094, 58.34915489977932, 56.22243223941519, 48.24014403397216, 37.37949537734909, 35.461794183175236, 65.00201120027313, 59.95658845348942, 59.79656598234378, 64.83328617621376, 67.75610363268217, 72.68477411893166, 82.55164451350547, 86.78461520637808, 86.0512007739962, 84.07819090133985, 80.3388888333325, 73.70873954292331, 66.26655518356775, 63.34142162901292, 66.85005263834161, 69.94961194988751, 80.31373658052718, 77.8167548956014, 75.21292215984991, 71.28361017201368, 54.058133874313796, 55.64467415211711, 68.52183165990792, 76.49650947366013, 89.20280518261357, 104.98531496838159, 111.42891262714093, 113.11834592497087, 127.19500058931627, 121.92857767211899, 116.37623018869611, 109.83536140337193, 107.28819230520033, 102.37481550848332, 96.1654443535848], [7.3743626194265035, 0.0, 9.561019574434146, 18.93953122687008, 13.58231814905788, 10.616533706107754, 11.997614993572805, 50.323581364802706, 57.23159206743763, 66.5833585804554, 74.93918856909275, 82.14529444727125, 74.4417497161743, 67.21366571513514, 57.97515431720003, 23.501268590264036, 21.3103675718939, 20.56321766147363, 22.713148493883278, 29.31486507941145, 24.91711429887574, 18.18846845746491, 14.097350400845295, 15.100060059003937, 19.492046622302674, 56.13158933458355, 63.615454463205666, 70.67429172458414, 80.06868194541266, 86.23310747104114, 85.48558349184827, 78.30934160338659, 70.11974757028203, 61.60944135436058, 54.86692416586588, 26.322879982674635, 31.352226540258346, 41.04881134653492, 41.360996142989904, 49.48056532519181, 58.07596642776691, 62.710824236983335, 63.70978915755445, 62.34371695819996, 53.61920001704591, 43.78285220039897, 42.102252133378784, 66.54653718765547, 62.15604362605212, 62.92807359313446, 68.61955306827141, 72.31458170128174, 77.80700043337016, 87.9779046274333, 91.54746961268984, 90.01845539884314, 87.46604148836177, 82.98055691478014, 75.77493631345989, 68.2499194719694, 66.43402675151688, 70.59883652994648, 74.43116333244215, 85.45454852764568, 82.19129605928623, 78.87152047084021, 74.2425962459493, 49.79949118884556, 52.265380459634514, 66.62948693100407, 75.55067257812733, 88.6863766922233, 105.33834402775155, 112.75124307131793, 116.10545467655204, 131.73720220523455, 127.64450391274086, 122.54502305540585, 116.36705553781776, 114.16161724157921, 109.44889233947374, 103.09923264688516], [16.10156496142452, 9.561019574434146, 0.0, 10.046876096579178, 8.495214544626757, 12.129004553962412, 17.97563277103184, 58.74604725334678, 65.96573672394537, 75.33646583766446, 83.47345627075141, 90.1588391759212, 82.74914319946792, 75.59454319157427, 66.28520531748909, 32.27242006362699, 28.617568730785113, 25.349439138290496, 22.22131756677333, 24.18538160061954, 19.212772516711716, 17.0413794590017, 18.967012243518113, 23.317051114820348, 28.774377242359666, 65.5205285395944, 72.92301993731786, 79.82760469375839, 88.8733094378456, 94.74336978972265, 93.99322212183274, 87.21063968922827, 79.23773636542752, 70.81668422650093, 64.19916583618857, 35.76673105750283, 39.54276385619752, 47.527800108663335, 45.22519467086058, 53.44695338529615, 63.019794333921475, 68.57849296021892, 69.87083039968957, 69.09097228359786, 61.28951198751317, 52.511130196926764, 51.44936060305073, 66.32062165916523, 63.63203216111195, 66.21431124658599, 72.63581330924033, 77.12039456857501, 82.81606104790734, 92.55652911787352, 95.32534189371736, 93.07671726473612, 89.80661374947442, 84.36464325894465, 76.15284939735713, 68.4615808108544, 69.12013475515505, 74.28802621087145, 78.95953121066972, 89.64705400139871, 85.68049160970453, 81.62619208062814, 76.00681774958103, 43.14787815152401, 44.43490111946442, 59.889702933582114, 69.92151075059505, 83.7403592049214, 101.30280282927573, 110.17328661662887, 116.80517389487163, 133.41406587981115, 131.08044898416003, 126.73993195853842, 121.1035930029701, 119.64537412631435, 115.80280479977483, 110.29742309102443], [24.217524168056812, 18.93953122687008, 10.046876096579178, 0.0, 9.497443380943736, 16.80329996719159, 23.74097216774325, 64.91154298345313, 72.59613829995223, 81.91955067404062, 89.62870849632911, 95.44575711074286, 88.49421849796545, 81.50643644829788, 72.17720254396046, 42.07179663040308, 38.42702970519751, 34.53429943818397, 28.720105229538888, 25.243012126507846, 20.58457332417704, 23.91078061809014, 28.42786629359527, 33.13708230326184, 38.33868585558903, 73.84128568815002, 81.10722994506577, 87.70688332739365, 96.1454502196815, 101.27561972503057, 100.39154243816832, 94.35419933780219, 86.78502609459936, 78.50108765191257, 72.20778022618981, 44.2860067203664, 46.806512934980866, 53.36190299970856, 47.96975061412665, 56.05118071660779, 66.66093588449938, 72.72959712397204, 73.84044698386732, 73.36225618903813, 67.52224031022918, 59.632097901897275, 59.40153743510571, 63.89151964813648, 63.2973878433561, 67.78829099289753, 74.67839059525322, 79.65329201179384, 85.13878900744527, 93.90919119126903, 95.985807359706, 93.33827493794598, 89.50174281610514, 83.29698805180456, 74.10140684291324, 66.28390649917144, 69.77942725212257, 75.85084215735392, 81.12270067226115, 90.66625190034281, 86.29735441622317, 81.7723385184311, 75.29481204526435, 38.502409256542805, 35.31582835261167, 50.45142086201457, 61.247115478058866, 75.70764901398198, 93.84908768547339, 104.04171839294732, 114.19133674012059, 130.90932091001355, 130.322434386845, 126.81503700716442, 121.81092017543168, 121.30350676010671, 118.79467284172483, 114.88288977974841], [17.864509420209217, 13.58231814905788, 8.495214544626757, 9.497443380943736, 0.0, 7.8834820171648134, 15.99475544726508, 57.75861558750425, 65.65842351937184, 74.9452514949593, 82.78942881632966, 88.91830990338822, 81.42235960963649, 74.25313013922326, 64.89395937812287, 36.84394082687448, 34.66300546110397, 32.76654232499239, 30.712711442208857, 31.52529011380333, 26.56215302961281, 25.52469066211293, 26.201078408336365, 28.627581219508315, 32.48115306826595, 67.31157849409874, 74.7852744436708, 81.64535350191196, 90.57581487123886, 95.69204298089569, 94.57658207182165, 88.25476944858868, 80.39960632132052, 71.8730325686228, 65.48548351966812, 36.71852843564751, 37.78544387962649, 43.86844958894063, 38.98554638472711, 47.14618617392063, 57.45684245201094, 63.46892773171309, 64.82494153435843, 64.64892490587131, 58.20899810775502, 51.05537650095569, 51.96106863501656, 57.99828220503543, 55.88719931755733, 59.343560797790055, 66.06229027088239, 70.93947354389138, 76.69879468483873, 86.20962401583172, 88.38685727942772, 85.73645794027996, 82.16982065180224, 76.41816868879438, 67.92776891906293, 60.20586043723579, 61.80963325338695, 67.4605045773915, 72.56155870576846, 83.03610725223157, 78.59453559677816, 74.1915544478375, 68.19138068199432, 47.32618634228498, 43.26468252936737, 54.74117553869861, 63.35424415572951, 76.3389966017882, 93.65600592454793, 102.05886908633606, 108.60560366143675, 126.16788834377918, 124.93980829312666, 121.25160436257956, 116.55719890901167, 116.17806561701947, 114.06170307517347, 110.52419657290642], [11.984105888448624, 10.616533706107754, 12.129004553962412, 16.80329996719159, 7.8834820171648134, 0.0, 8.604745851085028, 50.20763266467315, 58.13408095317797, 67.39226219992688, 75.30979899826175, 81.66575683736868, 73.91974441387791, 66.67722428385748, 57.322090409313034, 31.719266138552527, 31.106316145331792, 31.129263045747503, 32.24338751589352, 35.836248717131916, 31.051680363942623, 27.301776201194272, 24.659806936437498, 24.54025559059738, 26.788453196873412, 60.089547507905316, 67.60616406582497, 74.52386798397467, 83.62624829931433, 88.70960248441233, 87.48853067037206, 81.03727988485986, 73.08751104644311, 64.48580453124205, 58.11986261612543, 29.369852357998685, 30.16477296866015, 37.12968772858309, 33.56067738676152, 41.80688420512002, 51.64192830798456, 56.981279155628876, 58.036377872541166, 57.471171776378526, 50.7605439130798, 43.184319990669245, 44.354934245986044, 56.22600913465121, 52.63892612408933, 54.66031384695515, 60.83212645918282, 65.10786657084603, 70.6959505447056, 80.52542112926113, 83.30996193727925, 81.24474141170306, 78.25889029415742, 73.3043167929211, 65.63738083730092, 58.01506173370848, 57.56054805090606, 62.45724316390404, 66.9261687217446, 77.61528459361645, 73.70451292048753, 69.89105281426933, 64.68486531992446, 52.830231017784065, 49.357080370838595, 59.46852220644855, 66.8336922468095, 79.04230790806079, 95.41991711258613, 102.4220322545977, 106.07499734709928, 122.86756247483429, 120.32242708990714, 116.11294652772534, 111.14532945539972, 110.391363687785, 107.98558423151557, 104.30136957663936], [7.578591770673495, 11.997614993572805, 17.97563277103184, 23.74097216774325, 15.99475544726508, 8.604745851085028, 0.0, 41.82063563568934, 49.67204684940862, 58.95687331253979, 66.86449335252028, 73.29445636600224, 65.62449188106102, 58.41863721697295, 49.06044950849498, 27.294929452011342, 28.490392151966528, 30.354585212870063, 34.04123113429176, 39.355982325117154, 35.0806347147498, 29.780536928944898, 24.545526647467845, 21.676408292938042, 21.81334415072412, 52.123167101815, 59.516301382879035, 66.26168692776656, 75.17352022202094, 80.12115573638256, 78.88754342632745, 72.52648454443693, 64.69819475897222, 56.17570654325426, 49.9852754901031, 22.434539340004424, 24.682759892330093, 33.985289680233784, 32.282399812487625, 40.30797862693892, 49.42642040696103, 53.37423802103396, 53.43565121725537, 51.67526956222352, 45.46655903871745, 36.09785078991432, 36.47042631523593, 57.728383399092806, 53.100970883727996, 53.59289278143102, 58.81459542897891, 61.959605878635045, 66.80750472561209, 76.33974284635494, 80.1932150975481, 79.2920765600612, 77.15106614781594, 73.26027952336663, 66.42588282067642, 58.91994535571175, 56.70117959100609, 60.580150457916304, 63.956939626752515, 73.87974978113857, 71.120247674969, 68.35092530067597, 64.17716405360463, 56.35620880413931, 54.03304762967514, 63.90274239393016, 70.66041086265096, 82.67229328802729, 98.05408485558084, 104.04268900879731, 105.68418986146087, 120.15609897787792, 115.73476890577597, 110.71696028598699, 104.9441403641609, 103.38217901335909, 100.1224821927233, 95.932258826891], [43.004371594352655, 50.323581364802706, 58.74604725334678, 64.91154298345313, 57.75861558750425, 50.20763266467315, 41.82063563568934, 0.0, 9.085552906921738, 17.572450274501247, 25.151411988660197, 32.563719302315285, 24.13561928986994, 16.93498866926246, 7.930544331171284, 42.090268167701254, 49.411602597397966, 56.373391667916195, 65.9843811027189, 74.62721021691566, 71.79251511608685, 64.03020787319755, 54.660586347713185, 46.362184961606204, 39.28256242866958, 23.743253851032975, 27.925256372458605, 32.127022195324905, 39.1863220754813, 41.73422196472953, 39.51789946868682, 34.174558468955965, 27.7778790029276, 20.905416296983187, 19.292266560774763, 28.592174818610967, 30.561744657981002, 39.50394180482497, 45.70649102642792, 48.24487875206588, 49.891673016557334, 45.255887509044236, 39.79284389779318, 31.317604613196423, 31.93316573953322, 18.61403472519553, 16.223224867569705, 72.75257802168395, 64.44203570605933, 57.94324033532, 57.102683034488486, 53.645309172012894, 53.48449910046452, 60.22710720106624, 69.07767036210653, 73.96692713493073, 76.33828186991663, 78.1515158449482, 76.63338949110654, 71.39442095498613, 61.29545293570344, 59.172519656893925, 56.13025104945984, 60.781143239068264, 64.34576709769924, 67.21247621580844, 68.95445596810627, 89.8894777063958, 88.88698514380819, 94.62286330640596, 97.30851841808105, 106.16123702724575, 116.04611494863848, 116.10709463602527, 105.85401793578636, 109.88722308950285, 96.11461487070086, 87.1529671697892, 78.167198222271, 72.58507691804674, 65.71550864239636, 60.34064582458379], [50.002799606413014, 57.23159206743763, 65.96573672394537, 72.59613829995223, 65.65842351937184, 58.13408095317797, 49.67204684940862, 9.085552906921738, 0.0, 9.3729175647915, 17.93995906624065, 27.11382145229615, 18.802969063223127, 12.552772313436503, 8.451004206572081, 45.96130644028684, 53.48431685544376, 60.771479689339905, 71.04790050872238, 80.374211169807, 77.87267970860347, 69.62169131405457, 59.91700825012715, 51.417102913761894, 44.12005567442476, 18.700097849363303, 20.765117168408608, 23.792694670221042, 30.543368467136773, 33.393953535861236, 31.267977521942377, 25.222209718021894, 18.939495832263805, 13.139563440831129, 14.385426562301513, 34.16056431054383, 37.334541221579, 46.23079127104437, 53.976887373220265, 56.06806302391506, 56.455376274101944, 50.8953926649648, 45.29011589842355, 36.48131791784932, 36.59940855235174, 23.97614004220256, 19.003070477354495, 81.24432658566526, 72.55153196125195, 65.26911183753971, 63.72084267695951, 59.479164115336765, 58.682567659342176, 64.8629830259166, 74.35707472083689, 79.99596303158091, 82.98520877474364, 85.50741973807963, 84.67289625494426, 79.74401769601523, 68.79197245331953, 65.89987170646359, 62.031405805745635, 66.03369682761097, 70.50106693931562, 74.0562542085237, 76.53006514056575, 95.88460828425052, 96.50172500791983, 103.10283644230863, 105.98773490260976, 114.89232530029359, 124.39286344251423, 124.0224595915963, 112.38519934500302, 114.55003313304833, 98.82790971897214, 88.91323763598028, 78.86810693232682, 71.63081706676986, 62.331460016977566, 54.44498735132631], [59.365877423510945, 66.5833585804554, 75.33646583766446, 81.91955067404062, 74.9452514949593, 67.39226219992688, 58.95687331253979, 17.572450274501247, 9.3729175647915, 0.0, 9.17773655852569, 19.808809010412357, 11.651063316624496, 8.488351371206248, 12.699670895237956, 54.510201228278675, 62.118470303525974, 69.54329563932137, 80.041940638537, 89.49340501191243, 87.09512491416518, 78.77043780239413, 68.9736512485047, 60.40856323196693, 53.023549222146386, 22.294846475051294, 21.117592981988714, 21.262086762425746, 25.644347334999697, 26.702481369025197, 23.972563042706323, 18.90525966736847, 15.06792868245271, 13.872463360253255, 18.913621230502503, 43.059988701665866, 45.46886299687171, 53.02431166065314, 61.05882990156568, 62.2326306728891, 61.32664178685235, 54.5541084947295, 48.34888445671486, 39.16999139823486, 41.08119670083028, 31.038813572394258, 27.205583094394925, 87.17328520274371, 78.23685770091667, 70.18725100016928, 67.60649910349642, 62.284290004733165, 60.36322276520548, 65.37990533835816, 75.53994989055109, 82.202430752217, 86.01221536526113, 89.54654929953186, 89.70474075179837, 85.33698837539654, 73.5502486400177, 69.70327684617705, 64.74734518662183, 67.26370382484168, 72.91820141542607, 77.45400281240087, 80.94024673083534, 104.6746193729287, 105.21135189989452, 111.07647622817392, 113.29966839367655, 121.55283627337717, 130.02719477017754, 128.56696485516795, 114.72603241531566, 114.65229007983814, 96.99342904313143, 86.28105026900141, 75.6604212632291, 67.34610153005625, 56.99458288736631, 48.77205274813598], [67.64795407162728, 74.93918856909275, 83.47345627075141, 89.62870849632911, 82.78942881632966, 75.30979899826175, 66.86449335252028, 25.151411988660197, 17.93995906624065, 9.17773655852569, 0.0, 11.375786493852676, 6.381616104886441, 10.586815651152143, 18.79109017886373, 63.518139970503675, 71.03247506736409, 78.30894716939027, 88.51191529852059, 97.4856990858155, 95.17610493314648, 87.25120791785575, 77.68249325140793, 69.23892290084535, 61.960203271331984, 30.429446282096823, 27.59030566140252, 25.165707760503842, 25.27585645886519, 22.428989206279383, 18.745148027855475, 17.98499484877241, 18.932620879733108, 21.424170956720587, 27.527614368452273, 51.98607189194178, 53.836737892416274, 60.452464059483844, 67.5447224087538, 68.07470873523621, 66.72516227849067, 59.13716662854511, 52.11054384009885, 42.56104074158852, 47.445916173928204, 39.1954125635825, 36.32319547590961, 91.5203835391864, 82.9448128439554, 74.79991189751158, 71.43829736772888, 65.22732305171424, 61.94038988452167, 64.9912962787602, 75.77137292401609, 83.58539565636721, 88.09380048815406, 92.45772638043812, 93.2540424213932, 89.33041585452119, 77.63891539450373, 73.23235550477494, 67.42403407005673, 67.50044852819404, 74.45177624326229, 79.94506764732476, 84.17485406382383, 111.53830138464171, 111.32708871637318, 116.06059403154909, 117.54349269835072, 125.20261077300547, 132.49764618586687, 130.15136300151403, 115.19226517604051, 111.97595231225809, 92.49548747529812, 81.04046183260328, 69.67603788867648, 60.34469146801215, 49.30403921213266, 42.13175561191413], [74.77761084096727, 82.14529444727125, 90.1588391759212, 95.44575711074286, 88.91830990338822, 81.66575683736868, 73.29445636600224, 32.563719302315285, 27.11382145229615, 19.808809010412357, 11.375786493852676, 0.0, 10.617024932942604, 17.603538593803147, 25.703923881727082, 72.78152322763786, 80.0488746591039, 86.9193610145006, 96.31778491102025, 104.18910243584465, 101.9337036809636, 94.90223311298482, 85.8949136218169, 77.77096346295242, 70.78641729532299, 41.285729131259544, 38.27347291974588, 34.82844691743148, 31.549565537802735, 24.469398012765335, 20.311165771989184, 25.277633870574217, 29.043666901616415, 32.275065728271116, 38.268578502945324, 60.784662238424275, 62.03102663731224, 67.86604239411132, 72.85593208082655, 72.92177788798621, 71.9047628990513, 63.90294919920088, 55.8717655405455, 46.001433952589224, 54.81034015764381, 47.80459074938997, 45.994501338789846, 93.42678091139551, 85.87398386312606, 78.32987590660622, 74.43503749048465, 67.55654974092704, 62.67240295648191, 62.838982663946275, 74.15118577456997, 83.24160684255635, 88.30482333520972, 93.30597925598056, 94.39723586445362, 90.85062000489701, 80.24711164217096, 75.68713063322612, 69.29185474386448, 65.8600078198178, 74.22061108613042, 80.64397378611262, 85.34300914310089, 116.25293803065547, 114.41046692740908, 117.3490349495056, 117.86639045600266, 124.84761633035272, 130.67783831055414, 127.58149779119715, 112.66460929178902, 105.25301957163153, 84.09326526279614, 71.95041917319048, 59.58925497061345, 49.34068131786903, 38.446531829551795, 35.43741618592431], [67.10673544721242, 74.4417497161743, 82.74914319946792, 88.49421849796545, 81.42235960963649, 73.91974441387791, 65.62449188106102, 24.13561928986994, 18.802969063223127, 11.651063316624496, 6.381616104886441, 10.617024932942604, 0.0, 7.584188929792691, 16.697240089560577, 64.65155640663573, 72.2114680951526, 79.44166717519907, 89.37803247645941, 97.95568604548079, 95.3961502148995, 87.75478646613881, 78.30348660078552, 69.87837118330174, 62.59226275731693, 33.9126523415755, 32.235101082445794, 30.842611168470885, 31.627581121257105, 28.25655986576641, 24.36968271070828, 24.356434184984426, 24.48522743905329, 25.38178691950234, 30.477774800325665, 51.93005117266739, 52.34249119038245, 57.828366069020745, 63.92710882531486, 63.97317168331354, 62.525754034602514, 54.65942904288079, 47.164020572362084, 37.456859079458624, 44.473263046427796, 37.70784370223698, 36.89017749623395, 86.54183343077518, 78.08837566508073, 69.95450570414827, 66.29369060644825, 59.80458285905575, 56.06252505338383, 58.66914953545454, 69.51482401586834, 77.53630087988414, 82.19258888877633, 86.79326999192702, 87.86357775677597, 84.18852243455773, 72.49610230940125, 67.91552044432343, 61.866576934609604, 61.24234090058666, 68.43347448709166, 74.17554975535326, 78.65254767286886, 111.70723342179576, 109.88863629459767, 113.13143359586937, 113.80627446456714, 120.76499384874619, 127.53716799296204, 124.61220517996125, 108.94278134553059, 105.95198056751698, 86.87121104612648, 75.73264995977976, 65.11987085652001, 56.947714151446924, 48.49476599595955, 44.936022453544005], [59.90517151884105, 67.21366571513514, 75.59454319157427, 81.50643644829788, 74.25313013922326, 66.67722428385748, 58.41863721697295, 16.93498866926246, 12.552772313436503, 8.488351371206248, 10.586815651152143, 17.603538593803147, 7.584188929792691, 0.0, 9.360331673445817, 57.696075288891436, 65.30136596516658, 72.57995945077965, 82.58076248413258, 91.3286802985418, 88.61744801331312, 80.81295678490221, 71.27043432074593, 62.79232279555856, 55.45862414389072, 29.224267705479296, 29.195224573691434, 29.74058774426106, 33.239318452026076, 32.22259008310339, 28.82640102748864, 26.222562669586395, 23.499338661974768, 21.67096138444167, 25.307020447953885, 44.53765961479506, 44.778291492311475, 50.65306705763194, 57.081623442492734, 57.54105858144406, 56.53823963048665, 49.25566926927216, 42.19679856980347, 32.554075177710295, 38.02847660020393, 30.25424084237317, 29.787100910369173, 81.13389660899543, 72.42809044583501, 64.40509361888655, 61.343668499444306, 55.535047711922125, 52.85113190798863, 57.09705717650602, 67.42789413451796, 74.50647271559896, 78.5795091015933, 82.50531484998466, 83.05061286337795, 79.02491257098214, 67.2893458692398, 63.168427197568136, 57.796118062178564, 59.0991905787096, 65.2138959551989, 70.19050870848997, 74.06672910428452, 105.79097060481672, 104.01562321975733, 107.71229307942671, 108.76904078463598, 116.05850786997964, 123.694635183049, 121.40361707072051, 106.64328441558557, 106.3827654444538, 89.05163585536454, 78.67824029724069, 68.88709657344533, 61.86854587904198, 54.4239781702943, 50.47320102494136], [50.66119826644773, 57.97515431720003, 66.28520531748909, 72.17720254396046, 64.89395937812287, 57.322090409313034, 49.06044950849498, 7.930544331171284, 8.451004206572081, 12.699670895237956, 18.79109017886373, 25.703923881727082, 16.697240089560577, 9.360331673445817, 0.0, 49.65313624278984, 57.1186147898987, 64.21177172211655, 73.91429879576293, 82.46738312398159, 79.61836854086656, 71.94069375605899, 62.54197444030582, 54.17902019408668, 46.98509037207256, 26.512782272112467, 28.889893047030775, 31.587258080323434, 37.20650764559966, 38.059032657282394, 35.236395398101166, 31.130849610231923, 26.146591099875355, 21.17635656466629, 22.065985209230725, 35.948550488638205, 36.38577079069263, 43.34881805967082, 49.36850406271246, 50.72705945029894, 51.07813148049644, 45.02407545083515, 38.53993273545324, 29.180017206623866, 32.94265792138365, 22.804719237288364, 22.45871510862135, 74.7260185779111, 66.2026439588787, 58.922373738833144, 56.93934729516684, 52.27728219470432, 50.86257947246478, 56.50966152014958, 66.08838607420135, 72.02768631482242, 75.21724082605007, 78.07115838838162, 77.58028971464023, 72.95253107209275, 61.99405138546705, 58.866197293066676, 54.65476607206964, 57.69905637804598, 62.476031475125, 66.38780822799073, 69.19717638421548, 97.21966046924678, 95.32872865568552, 99.60514981522665, 101.26003460023237, 109.17489661140527, 117.87831108348034, 116.68151970091664, 104.14281772337596, 106.390767022269, 91.18430931895028, 81.70671332476182, 72.58363180886225, 66.71586340630502, 60.218784731708325, 56.182816406591144], [20.919532262344585, 23.501268590264036, 32.27242006362699, 42.07179663040308, 36.84394082687448, 31.719266138552527, 27.294929452011342, 42.090268167701254, 45.96130644028684, 54.510201228278675, 63.518139970503675, 72.78152322763786, 64.65155640663573, 57.696075288891436, 49.65313624278984, 0.0, 8.130739773624047, 16.539291908220438, 29.201774262376784, 42.41568893510874, 39.89061692569626, 28.464624898371433, 17.40745449294428, 9.217678649298042, 5.703472583068141, 38.11579087174801, 45.43499610591788, 52.994025335347885, 63.65901806202458, 71.9364900855969, 71.80481789305816, 62.759212211782845, 53.867545691414634, 45.661316828347594, 38.366626995078015, 16.38720398729564, 28.07998422854064, 41.25524008522749, 49.89909328393534, 56.567654072064194, 61.21361829142857, 63.17582980276013, 63.791864331975695, 60.90878840726452, 48.371961940079004, 35.398559850500384, 28.616826143775498, 81.31409454268778, 73.7351797837272, 70.36658534838291, 74.02984229661584, 75.677986257309, 80.62207022231765, 91.73880947877984, 97.16361375276594, 97.20836939429525, 96.29724094144386, 93.92285511502826, 89.07892551748964, 82.27963693272743, 75.28625597411225, 76.83889085914187, 78.47914411797184, 90.34679740727037, 88.83569659372033, 87.22168138389895, 84.93463743412096, 65.31975504824605, 73.57065590030992, 89.08092742829362, 97.41054221470714, 109.90614298078735, 125.30364168447063, 130.6123186947465, 127.93102889483882, 141.2927611309568, 132.90300675387195, 125.76135670253454, 117.75166945312317, 112.83419665900674, 104.234965880973, 93.30281075529425], [21.19085550363505, 21.3103675718939, 28.617568730785113, 38.42702970519751, 34.66300546110397, 31.106316145331792, 28.490392151966528, 49.411602597397966, 53.48431685544376, 62.118470303525974, 71.03247506736409, 80.0488746591039, 72.2114680951526, 65.30136596516658, 57.1186147898987, 8.130739773624047, 0.0, 8.546519248730561, 21.606743413289728, 35.499360512808984, 33.26174202560174, 21.434494054115177, 10.92134309323693, 6.820707946488328, 11.02889086990918, 45.56054057045206, 52.6227452979501, 59.944037230696445, 70.23329834856435, 78.61418302490591, 78.6757875376203, 69.80655478443029, 61.136958918270864, 53.156944281270604, 45.98495746649538, 23.511386528354173, 34.2574502844103, 46.686567544649336, 53.937284409514405, 61.08793751831064, 66.56348202930278, 69.38110689366646, 70.35700139602129, 67.85666801430754, 55.455040279598705, 43.04095319018312, 36.57974575270699, 84.00930821313156, 77.26816197005299, 74.97694107789911, 79.29598357535043, 81.59422012327619, 86.85617553053731, 97.92945256668482, 102.92557468186871, 102.4568906760686, 101.03279716073868, 97.95108610772121, 92.36477094475562, 85.31914323507135, 79.71073754658454, 81.99160004385105, 84.28799407300704, 96.27002818541504, 94.24989861952913, 92.07682384447355, 89.06653129069619, 59.35083684464697, 69.58380155294303, 87.03172238577216, 96.5123238554943, 109.76862170351873, 125.98950492341844, 132.4787560588392, 132.07064983539922, 146.10370877194248, 138.62406666748254, 131.79302130210536, 123.81207628920151, 119.0385979750221, 110.36630237265047, 99.15970454939061], [22.88815798949251, 20.56321766147363, 25.349439138290496, 34.53429943818397, 32.76654232499239, 31.129263045747503, 30.354585212870063, 56.373391667916195, 60.771479689339905, 69.54329563932137, 78.30894716939027, 86.9193610145006, 79.44166717519907, 72.57995945077965, 64.21177172211655, 16.539291908220438, 8.546519248730561, 0.0, 13.27825734794461, 27.656111536314608, 25.825122541435906, 13.972511928005106, 6.587716669101214, 11.132793570066186, 18.233212749251518, 53.38567808806923, 60.24369011385119, 67.2764036545637, 77.04658233389287, 85.28315249168759, 85.47266486633232, 76.97253783460813, 68.59778693143193, 60.796859500027765, 53.789358559389896, 30.84474807310042, 40.87643452258317, 52.6787573719191, 58.14109164122135, 65.71355008283194, 72.1391328391018, 75.67951388941232, 76.79311933703057, 74.52405213131648, 62.756824302529594, 50.65827285497892, 44.481241323925694, 86.29566187184055, 80.63014680152864, 79.56150465199177, 84.48277779091435, 87.34460751691073, 92.75867051242393, 103.54941313649375, 108.15440793252841, 107.28283372414923, 105.36770278400755, 101.59503213980098, 95.20363657213507, 87.9079139117315, 83.95796302458163, 86.9893295955785, 89.88604007223756, 101.62861555489035, 99.2058830501678, 96.54829867288873, 92.8088321818645, 52.179758828956516, 64.35935527639765, 83.75312143459281, 94.41748196995322, 108.48112029048251, 125.44642718148152, 133.20872898671774, 135.45712991436864, 149.80294182519927, 143.29257931766824, 136.81585456979826, 128.87008234474936, 124.31839331487564, 115.74659092615889, 104.59471493857752], [27.59780615708348, 22.713148493883278, 22.22131756677333, 28.720105229538888, 30.712711442208857, 32.24338751589352, 34.04123113429176, 65.9843811027189, 71.04790050872238, 80.041940638537, 88.51191529852059, 96.31778491102025, 89.37803247645941, 82.58076248413258, 73.91429879576293, 29.201774262376784, 21.606743413289728, 13.27825734794461, 0.0, 14.795806187204159, 13.76058892212139, 5.282702682978477, 13.032411305382018, 21.765443360449844, 29.569047185376625, 65.24855019722096, 71.94393566216884, 78.58337002410079, 87.54341670850643, 95.20628805392019, 95.43256528440492, 87.69168984431062, 79.77550371575686, 72.1208304068581, 65.37441067358273, 41.54440896049515, 50.42233784539967, 61.26094249114862, 63.697636322054294, 71.72238841777522, 79.60358425145344, 84.06573385986587, 85.18622884758265, 83.20093922513631, 72.89825865180502, 61.2806378415558, 55.79858386767548, 88.1270797759865, 84.34681723036417, 85.23832691400477, 90.95918487813613, 94.56674408263997, 100.03260227405502, 110.1330766545356, 114.1157235359384, 112.72463874802499, 110.09989000851625, 105.33579398790746, 97.73210318124697, 90.12520771407274, 88.94118907837012, 93.08780518321181, 96.81592102640063, 107.81654214354779, 104.86818353708941, 101.56180143523706, 96.75393988616716, 40.10711477246626, 54.62511335077057, 76.63702163075203, 88.96326342879425, 104.1406825472008, 122.0317428468758, 131.71044536745717, 138.26107895820425, 152.78865578384102, 147.9499136894736, 142.15653777565436, 134.44882533360934, 130.49728887575412, 122.5837927852584, 112.25101361879695], [34.81992834425559, 29.31486507941145, 24.18538160061954, 25.243012126507846, 31.52529011380333, 35.836248717131916, 39.355982325117154, 74.62721021691566, 80.374211169807, 89.49340501191243, 97.4856990858155, 104.18910243584465, 97.95568604548079, 91.3286802985418, 82.46738312398159, 42.41568893510874, 35.499360512808984, 27.656111536314608, 14.795806187204159, 0.0, 5.17339700503905, 15.034777826780578, 25.703486298269343, 34.125207438778695, 41.64300221001697, 76.82390940221849, 83.34935341661513, 89.51329641922632, 97.48233369675717, 104.19201611732332, 104.34632157952369, 97.6580000164642, 90.33854266695116, 82.85816921561263, 76.5031721415535, 52.413336735636804, 60.2024395588224, 70.16621635006052, 69.28481188997765, 77.51918478426563, 86.83583522388552, 91.88720901710018, 92.65772579323303, 90.74165925866025, 82.6649429508142, 71.42366859146995, 66.68142890230105, 88.92241968106137, 87.40599213440612, 90.35490598602365, 96.65616361794305, 100.7674916598031, 105.93619584439415, 114.84837234259933, 118.2730936828497, 116.62096984716938, 113.40196606364626, 107.79403355466471, 99.00126188481214, 91.16465981689163, 93.1018329315008, 98.27823180811512, 102.64183817500627, 112.18888272564088, 108.97109024121673, 105.23112669279064, 99.46139299051632, 25.856539253786558, 42.29470718611663, 66.94221044169541, 80.93916359623252, 97.26908765774543, 115.77051911817492, 127.43930626253014, 138.84811438158252, 152.6910774754136, 149.59893932073123, 144.5906926883739, 137.19522416044111, 134.0193121901414, 127.16123365621426, 118.32611942893296], [30.84544528302285, 24.91711429887574, 19.212772516711716, 20.58457332417704, 26.56215302961281, 31.051680363942623, 35.0806347147498, 71.79251511608685, 77.87267970860347, 87.09512491416518, 95.17610493314648, 101.9337036809636, 95.3961502148995, 88.61744801331312, 79.61836854086656, 39.89061692569626, 33.26174202560174, 25.825122541435906, 13.76058892212139, 5.17339700503905, 0.0, 12.207212715049, 22.835076916059005, 31.186227174523722, 38.66385679210067, 74.82849854953156, 81.60269171594578, 87.9963403157753, 96.29327693932859, 102.8990940552049, 102.86344750992554, 96.0795733927704, 88.54943185137252, 80.81041272027782, 74.32569206529863, 49.03156235920052, 56.07006740475325, 65.56541097806038, 64.40883313896492, 72.63476220909064, 82.00157167570534, 87.26387561281484, 88.24293832586885, 86.65001951545919, 78.47938089337566, 67.80119731218134, 63.80032679455188, 84.11017709080966, 82.44267708016528, 85.4163266431712, 91.812702613986, 96.09458105105695, 101.45346401392952, 110.60304592173314, 113.80087565493012, 111.90820502030083, 108.6006610194316, 102.92873318149624, 94.19307066870722, 86.39276068076059, 88.19780953928407, 93.44153026521725, 97.95631401386171, 107.85450703843877, 104.37419071096674, 100.47352323606128, 94.65109244129825, 28.801810097949712, 41.5929218379712, 64.73924059352696, 78.11499006803172, 94.00262814860109, 112.47154031928739, 123.6989618849829, 134.3200523208219, 149.0340390249623, 146.2804032896057, 141.47825959962734, 134.51907223781797, 131.76591673796912, 125.59449108964064, 117.46024310874681], [23.787499094561976, 18.18846845746491, 17.0413794590017, 23.91078061809014, 25.52469066211293, 27.301776201194272, 29.780536928944898, 64.03020787319755, 69.62169131405457, 78.77043780239413, 87.25120791785575, 94.90223311298482, 87.75478646613881, 80.81295678490221, 71.94069375605899, 28.464624898371433, 21.434494054115177, 13.972511928005106, 5.282702682978477, 15.034777826780578, 12.207212715049, 0.0, 11.166172059299507, 20.084952566381478, 27.91945885708068, 64.90319869664319, 71.864056442511, 78.67065674569193, 87.79470235399525, 95.12272411864276, 95.11260504738901, 87.48803232237017, 79.4543222983243, 71.52757173596773, 64.7066793489081, 39.258733025779684, 47.13588828319046, 57.4142124353246, 59.06269376017939, 67.13826671491142, 75.32145301533488, 80.08974235037556, 81.35264166761179, 79.70312216965404, 69.6833222436435, 58.69867747213943, 54.20877890930082, 82.97350168641337, 79.3408460354666, 80.53844088918856, 86.4396773910746, 90.28884837524707, 95.89459149722809, 106.04370183146364, 109.72119165943842, 108.06729506566484, 105.27611480369497, 100.34087238876226, 92.63269691852568, 85.02850136904766, 84.13533216889321, 88.49807593458151, 92.46859555878314, 103.58360945717443, 100.34174833455948, 96.82311967989348, 91.83300891236209, 40.23470071384861, 51.970798872333425, 72.76234822468672, 84.63192154775228, 99.485799130933, 117.35544928403156, 126.84441794614553, 133.2991856486483, 148.5302242452164, 144.29961538408116, 138.8455220126376, 131.64351107960502, 128.2749569325659, 121.29975396932606, 112.04472756565562], [17.32247421329626, 14.097350400845295, 18.967012243518113, 28.42786629359527, 26.201078408336365, 24.659806936437498, 24.545526647467845, 54.660586347713185, 59.91700825012715, 68.9736512485047, 77.68249325140793, 85.8949136218169, 78.30348660078552, 71.27043432074593, 62.54197444030582, 17.40745449294428, 10.92134309323693, 6.587716669101214, 13.032411305382018, 25.703486298269343, 22.835076916059005, 11.166172059299507, 0.0, 9.07335342177549, 16.98821802052393, 54.45951885467245, 61.617883882209696, 68.73308077518261, 78.45170522550828, 86.0701937751468, 85.9646150819106, 77.84224982844515, 69.46023326353134, 61.34479920631522, 54.323360703490074, 28.826703050683513, 37.63656503947517, 48.924399965050085, 52.928642757941994, 60.709301283569175, 67.82634763426837, 71.80710540638125, 72.96480289884082, 71.0211966656484, 60.01397899532362, 48.537690381156416, 43.69306739289121, 80.14737260020786, 74.91924284126328, 74.47734727947034, 79.7060827355128, 82.90262291267489, 88.41192776773201, 99.06785968446914, 103.30408614309609, 102.15275839547309, 99.98186548668677, 95.91112015374611, 89.20940427947467, 81.8338821728149, 78.62116972315336, 82.0600097380446, 85.31720844100126, 96.932164017729, 94.1782225955131, 91.24607473824243, 87.16444737388522, 49.89873215233847, 59.52057941927237, 77.80935307257587, 88.13147681678385, 102.00286840190371, 118.9840836590872, 126.78047653351948, 129.5983543861216, 144.49235796907396, 138.84878045528964, 132.8364714598046, 125.45286447765746, 121.65459729268197, 114.29166865646164, 104.63183950246554], [14.389194218855653, 15.100060059003937, 23.317051114820348, 33.13708230326184, 28.627581219508315, 24.54025559059738, 21.676408292938042, 46.362184961606204, 51.417102913761894, 60.40856323196693, 69.23892290084535, 77.77096346295242, 69.87837118330174, 62.79232279555856, 54.17902019408668, 9.217678649298042, 6.820707946488328, 11.132793570066186, 21.765443360449844, 34.125207438778695, 31.186227174523722, 20.084952566381478, 9.07335342177549, 0.0, 7.917926053857476, 45.878411196841846, 53.22694557528226, 60.54815398630762, 70.64033535629332, 78.26904436793355, 78.01797012196471, 69.6547497789708, 61.05489055322306, 52.75999297436801, 45.63023050566057, 20.06757224131377, 30.03227301669865, 42.418008980057536, 48.19892309553905, 55.59888704661436, 61.83815317935, 64.94151678859951, 65.76214924962979, 63.393833066946385, 52.03692647299103, 39.8998924584405, 34.73077686802188, 77.60515832436221, 71.25439237049463, 69.49849617211396, 74.03940537306968, 76.5400883758022, 81.7645741898042, 92.58212844519241, 97.35001104830609, 96.77461644586946, 95.18738769703631, 91.91654587299335, 86.05773908084277, 78.90848149613832, 73.95043599438311, 76.56897704137198, 79.11046900702912, 90.748727323337, 88.55811823250258, 86.24293812513362, 82.97889651843894, 57.156311059966335, 64.88831575412786, 81.05771445350364, 90.08624640645614, 103.14330923916398, 119.23497509078439, 125.6652416201642, 125.74670867983087, 139.90752873991727, 133.09307067526984, 126.64438430613413, 119.11596359834525, 115.02447172141362, 107.50943630038894, 97.84341613846085], [15.866880521417626, 19.492046622302674, 28.774377242359666, 38.33868585558903, 32.48115306826595, 26.788453196873412, 21.81334415072412, 39.28256242866958, 44.12005567442476, 53.023549222146386, 61.960203271331984, 70.78641729532299, 62.59226275731693, 55.45862414389072, 46.98509037207256, 5.703472583068141, 11.02889086990918, 18.233212749251518, 29.569047185376625, 41.64300221001697, 38.66385679210067, 27.91945885708068, 16.98821802052393, 7.917926053857476, 0.0, 38.638589546126276, 46.18669372136424, 53.702843910842965, 64.14059471813601, 71.712084435846, 71.2954487415044, 62.73109216087089, 53.928177306562, 45.44487391895861, 38.21847395715432, 12.654421243528917, 24.074667938487146, 37.464193606843224, 44.934001874516305, 51.808199130991355, 57.09972590051945, 59.26864196647594, 59.71376136518512, 56.9065214578969, 45.29833064006021, 32.44877603891009, 26.931740610731325, 75.9355798882617, 68.63108428191593, 65.651812769612, 69.47670124743466, 71.26721293447115, 76.16754851823342, 87.07837383071009, 92.33865834243024, 92.32152420028443, 91.29488010041132, 88.79301465098996, 83.75070077506994, 76.87088817365638, 70.34345565271029, 72.15072168888273, 73.97119334702204, 85.54399398136688, 83.91257859787196, 82.20618005406295, 79.73798475709243, 63.76356876003087, 69.98856319844391, 84.3227796478837, 92.20336610086045, 104.4808544631346, 119.71737931813149, 124.92473255348663, 122.56949733007384, 136.00612784518503, 128.14475253368934, 121.31465626344423, 113.68469220289388, 109.35116388463716, 101.76016783176989, 92.1895206806706], [49.83425139217096, 56.13158933458355, 65.5205285395944, 73.84128568815002, 67.31157849409874, 60.089547507905316, 52.123167101815, 23.743253851032975, 18.700097849363303, 22.294846475051294, 30.429446282096823, 41.285729131259544, 33.9126523415755, 29.224267705479296, 26.512782272112467, 38.11579087174801, 45.56054057045206, 53.38567808806923, 65.24855019722096, 76.82390940221849, 74.82849854953156, 64.90319869664319, 54.45951885467245, 45.878411196841846, 38.638589546126276, 0.0, 7.92221537629898, 16.017861833739577, 28.025603894567713, 36.66594761981674, 36.41723115571811, 25.951485814283892, 16.45410551529526, 9.158683741508385, 4.513913595441102, 31.86292805208729, 38.980072674340846, 49.89753095771307, 61.45482936058913, 64.51857197120712, 64.345583803583, 60.091842159085004, 56.862501166453306, 49.90096691410392, 42.490053211534416, 28.51338179135167, 17.55583015567797, 92.56576734