{
	"dissimilarities": [[0.0, 7.376540090857297, 16.4076200801672, 25.465214831524715, 18.276468548504027, 12.08973088476803, 9.664645672263262, 43.07647134023615, 49.91725218135449, 59.23411890372793, 67.60722432043693, 74.74637964201348, 67.1795017717722, 59.96475833760307, 50.759961934401, 19.272243462089673, 19.193143059106998, 20.8777910807772, 26.056638021090247, 33.97735694596228, 30.077913125316268, 22.426604564791006, 15.52063111918175, 12.44422778418593, 14.503743649225537, 49.13049682524875, 56.495433847042776, 63.43736558570458, 72.703654829677, 78.7227642730899, 77.88066031879866, 70.90171620748843, 62.798955977884106, 54.35182506527366, 47.77897436693199, 19.823060692934305, 26.74456628567136, 36.995537422382974, 40.44264524687633, 48.21428616874398, 55.8537484110087, 59.989410124276134, 60.20493614768972, 57.33608336734125, 48.56193682546459, 38.417090462010655, 35.17450107402468, 67.05225908555059, 61.668028396595155, 61.972942257354326, 65.95864950438535, 69.81483096640859, 74.85197836005278, 83.2825544022688, 87.54700569473918, 86.75586203705603, 83.90845466033102, 81.12639439773572, 74.65301822196582, 67.2870414807182, 65.19563396519094, 69.66139471736926, 73.31722812608449, 81.65765914438451, 78.65787488843023, 75.0275735224282, 72.16555988591456, 53.58414834516299, 60.57024921803923, 71.14810893270638, 80.13591169912492, 90.35275533937197, 105.94234059809241, 113.35675994054489, 114.61757885097369, 129.0355291495673, 122.25493566878147, 116.63415603097228, 108.93245479742707, 106.41107979761028, 100.25086084060712, 95.81995148254988], [7.376540090857297, 0.0, 9.612691511063641, 19.959365181467, 13.752149417944963, 10.585854318643205, 13.44502546117485, 50.45119492090292, 57.246136309409515, 66.54381857223393, 74.92866717288402, 82.04369591524446, 74.54580818902848, 67.33972235603534, 58.127274412833614, 22.71456022110578, 19.97400223084833, 18.759076812963613, 20.80006506718883, 27.85291998120251, 23.548171921330873, 16.399289366512132, 12.363407164202998, 13.974182801747304, 19.060614486897354, 55.8038446867868, 63.16502875860238, 70.15401503695189, 79.44563543515942, 85.67962839612613, 84.97190137987823, 77.90357061955199, 69.77658970064205, 61.368135786379625, 54.68821243462621, 26.457034527134823, 32.48880086226942, 41.52067338177629, 43.7899696713201, 51.79641806972891, 59.95032026528848, 64.96494416832546, 65.79225442644844, 63.6195707771677, 54.48178488430601, 45.15445523971938, 42.25185630659309, 68.72395211724458, 64.04271429001975, 65.37657882542418, 70.04730252175186, 74.59135241577619, 80.08345345607937, 88.72817095912937, 92.36864060702673, 90.85703572990425, 87.46136493902101, 83.89337508184886, 76.7653782489243, 69.39678448348522, 68.4857863658179, 73.59751290042549, 77.93098501330813, 86.87167374202089, 83.12488175528051, 78.8489347303398, 75.22394932333566, 48.4719081343673, 56.48917666477557, 68.59247075238176, 78.62127842774802, 89.34646456245973, 105.8079542543303, 114.28350068576745, 117.52006480927047, 133.21331473832208, 127.65952921209912, 122.4949004605112, 115.15310493974367, 112.9171025668109, 107.02267780067105, 102.4680926458644], [16.4076200801672, 9.612691511063641, 0.0, 11.220678879473828, 8.51777824252563, 12.190910302757295, 18.934317164473267, 58.87574344072348, 65.98052573397051, 75.2977874673879, 83.43024222231921, 90.080126558201, 82.81987194184373, 75.70591429864199, 66.39888380050509, 31.73613833592944, 27.65058901811701, 23.900601183514905, 20.169862506833056, 22.239221448853037, 17.27011414556635, 15.125068760722412, 17.7289386214844, 22.61278979943928, 28.525472817240352, 65.25732310083228, 72.53403528184027, 79.36500469163674, 88.30215927370001, 94.2384126031413, 93.48689244828155, 86.84035340446755, 78.93324458940758, 70.61078143861212, 64.07021968601099, 35.831574949905, 40.32860476675638, 47.80443238979914, 47.28947026913942, 55.455805090360776, 64.79760029307911, 70.63354790492751, 71.73685924876045, 70.2449678352916, 62.02775517020164, 53.696458381228624, 51.53761898985859, 68.59252044053285, 65.40827948722536, 68.43827507636868, 73.91458628804973, 79.19202960885688, 84.8965049008611, 93.24641733059826, 96.12142910254181, 93.86573012352999, 89.84490774385927, 85.22423910246056, 77.12855385246827, 69.82589655552817, 71.1326104809978, 76.92546996398313, 81.99006808949817, 91.10164466943439, 86.64059523716612, 81.63484256224136, 76.9914613540097, 41.5863129775467, 48.6374229937459, 61.81805788480602, 72.96208382476283, 84.38290520997053, 101.75427871275095, 111.6312870326555, 118.08381745673347, 134.77331541560972, 131.09887564492217, 126.6950582174527, 119.98959729751527, 118.38342017537296, 113.49341851343462, 109.69563984980694], [25.465214831524715, 19.959365181467, 11.220678879473828, 0.0, 9.564408012965835, 17.328033914458217, 24.542391812936106, 65.24407320805825, 72.87012639086416, 82.14842490069968, 89.73262084207818, 95.48229792923802, 88.62116395945493, 81.73081263879703, 72.37340123248936, 42.56690445752031, 38.72658030498223, 34.57729284969519, 28.20159771970379, 24.01495567356319, 19.523244318425277, 23.745904380281686, 28.685261731506046, 33.55132167801781, 38.96544088637888, 74.1588502007547, 81.27806673273763, 87.76329499242523, 96.01567645364794, 101.0944135886752, 100.07773627877526, 94.35733931784424, 86.90832202501544, 78.73150023028147, 72.58915572629947, 44.78494412315654, 47.49777318980061, 53.483098350542384, 49.277553279706446, 57.34966531724967, 68.22086791010958, 74.44265956750185, 75.29075181878156, 74.26458732432167, 68.26110772726872, 60.92765729682774, 59.78779676790411, 65.41368971170618, 64.31719454586876, 69.28422631906115, 75.37193460369407, 81.12426287818433, 86.59591312161079, 94.01750149833828, 96.1917048593456, 93.4600937153788, 88.97778488757926, 83.37430324522899, 74.2818294672768, 67.15030566877032, 71.28595436506973, 77.49692884806511, 83.04976808285112, 91.62357556177378, 86.78323626087526, 81.2426630562346, 75.64714286319894, 36.84341754107134, 38.536106788820376, 51.05529896734544, 62.9216190542719, 75.0732112022655, 93.03472726238348, 104.20898605197827, 114.34433481942285, 131.1827577574696, 129.6073835306801, 126.13538622406587, 120.28279391839543, 119.59165080007504, 116.43358589998576, 114.37904845470766], [18.276468548504027, 13.752149417944963, 8.51777824252563, 9.564408012965835, 0.0, 8.156629996231104, 16.108301117954436, 57.79924875151923, 65.59940441909828, 74.95901735698953, 82.7759639763592, 88.84858462571547, 81.4235344468684, 74.30207224760963, 64.92568777937305, 36.07409385151413, 33.517963924026084, 31.231583023599256, 28.685729255895186, 29.343746416500025, 24.384257884984727, 23.609358511526107, 24.760581962103196, 27.596294794443224, 31.896375033087274, 66.90767103166988, 74.2678456601754, 81.05201318616756, 89.85660201033694, 95.0217313184867, 93.80672537032038, 87.73738276774108, 79.95341405395943, 71.51347920191652, 65.19928154640606, 36.477089780503825, 38.137700231800586, 44.00176764084923, 40.87936458213422, 49.036081740885486, 59.332243347787404, 65.48240646710063, 66.59026858273565, 65.73725240394275, 58.896193591371414, 51.955416627504135, 51.6795091185297, 60.32484923449451, 57.703636954494485, 61.53195235544233, 67.34479640907962, 72.96027060113097, 78.70796797788476, 86.89317729219998, 89.21087264396915, 86.56784317710297, 82.30478733240189, 77.32309284010815, 68.94799012890246, 61.67232575808002, 63.92394418505199, 69.94813479985837, 75.34195800166445, 84.54288974413598, 79.6268443128261, 74.29128851012076, 69.248078305815, 45.44582829184349, 47.03410613195596, 56.38042989639836, 66.15958170202404, 76.75500409082024, 93.89008635186566, 103.40500585833443, 109.86217116315323, 127.42486689908503, 124.82331279567057, 121.06817306134224, 115.3310261403541, 114.65319954382389, 111.57631719433566, 109.7716601113766], [12.08973088476803, 10.585854318643205, 12.190910302757295, 17.328033914458217, 8.156629996231104, 0.0, 8.33039914815617, 50.12430058540753, 57.95142897988409, 67.32836274430295, 75.27330057084774, 81.57970074866135, 73.86680693255829, 66.63420364374619, 57.273460337831395, 30.38530950973934, 29.431531294420836, 29.20566251505146, 30.22333893479772, 34.07981652763302, 29.29813433261416, 25.331902828212076, 22.765960006604487, 22.901616532549337, 25.607573931246282, 59.389684810385056, 66.82963378322752, 73.71683501749783, 82.76569698087948, 87.94143036785108, 86.62002447920435, 80.37065663486031, 72.44370738600792, 63.89727414001151, 57.55473397137745, 28.676050190681092, 30.171333059345773, 36.89687019593105, 35.49924617118776, 43.67986611002041, 53.27943446937354, 58.84268564169781, 59.72347364913814, 58.45760501989641, 51.15459824124598, 43.81655155605384, 43.72198796700357, 58.41934302817499, 54.40420411404921, 56.80607954932293, 62.00259058973342, 67.08204951214636, 72.7061471609706, 81.19836156267763, 84.08049843869377, 82.00586333460096, 78.24290103580583, 74.15016105897338, 66.61262851829805, 59.241298128062404, 59.54849155285314, 65.03910582968354, 69.88291118703617, 79.04102099262418, 74.62187295790376, 69.84734912347676, 65.64606891129287, 51.513790543419624, 53.62443270010943, 61.560645692451644, 70.01930039378281, 79.75123794710791, 95.93534772502768, 104.04377972355145, 107.46805440976777, 124.38584740825495, 120.3329716001305, 116.0486647926714, 109.9861482779102, 108.99793387707324, 105.53202813608615, 103.63033045876173], [9.664645672263262, 13.44502546117485, 18.934317164473267, 24.542391812936106, 16.108301117954436, 8.33039914815617, 0.0, 41.8331240892248, 49.752386463934556, 59.116371568215136, 66.9888623792419, 73.27078440299539, 65.53896392777558, 58.321680865507744, 48.9563036953605, 27.309944515782252, 28.453978710291363, 30.308642796561664, 34.01214431902759, 39.40387813578712, 35.06974390249857, 29.740063799500593, 24.53589037628482, 21.65639545606401, 21.885780871224153, 52.11213156511109, 59.45157268591418, 66.18872534598198, 75.08367689722243, 79.97392844604826, 78.51963111257066, 72.44468944517988, 64.6315614220889, 56.126331958530116, 50.00664738523462, 22.151675161484018, 24.03732567539272, 32.32223866643556, 32.37652250530971, 40.33213314565074, 49.3624415430454, 53.770465589986166, 53.788416475467585, 51.548167408283476, 44.852065644613994, 36.486494805779586, 36.13254802712195, 57.66262463335052, 52.75041496199451, 53.79623584597305, 58.0946628855026, 62.26894533914748, 67.2774249320777, 75.4499060219049, 79.20590004796907, 78.11336458713201, 75.07256309343967, 72.00078848985872, 65.28666881283112, 57.89824370526706, 56.68853696773488, 61.32664371733064, 65.27367539518714, 73.5954326081685, 70.19840514687428, 66.27690033807234, 63.07374918457392, 56.466764558181886, 58.47130156083858, 65.2846733819223, 72.69334226321175, 81.97537083096232, 97.07557926775338, 103.9605465883584, 105.10305096529989, 120.20462790194756, 114.54302457531124, 109.63292502159315, 103.0103538414657, 101.6009590701845, 97.70210649228042, 95.85306511810803], [43.07647134023615, 50.45119492090292, 58.87574344072348, 65.24407320805825, 57.79924875151923, 50.12430058540753, 41.8331240892248, 0.0, 9.031508790127429, 17.793537869744902, 25.399342761222663, 32.54620112295812, 24.16507078983058, 16.90242312653831, 7.918419668632624, 41.5711178041325, 48.86475583212814, 55.833616316709545, 65.51635138363108, 74.27571221725975, 71.44966457912481, 63.59903274019818, 54.22971731761032, 45.926543227291674, 38.88041655256062, 22.92807071500533, 27.03392728493613, 31.267299992870154, 38.37960424566449, 41.00640504199831, 38.51908935773473, 33.50580897850952, 27.03787015326727, 20.113737958079916, 18.575962292682927, 28.184894239625685, 30.48540133500553, 38.79653365688431, 46.6449471112245, 49.239205053209034, 50.63698012309797, 46.69522141047494, 41.36408998408042, 32.19070876408182, 31.82409581215771, 19.766181925600858, 15.259730188575059, 72.98382823260758, 65.09055912032474, 59.18135119452948, 57.43413907872598, 55.135539691932955, 55.23782376589754, 60.187214916630104, 68.9950365172118, 73.78360894737067, 75.22108741005343, 77.99379567924223, 76.56963543497835, 70.71957656821894, 62.19458809475606, 61.19843692969016, 59.019697981452204, 60.78128831170544, 64.31847102226268, 66.08800447823218, 68.87039035280522, 89.56018087152542, 92.37476210334972, 95.97142455253426, 99.42351240114532, 106.23031532482449, 115.91758772157112, 116.93530261795743, 106.40585467576636, 110.93132870504087, 95.54151940763558, 86.57780289427298, 76.16818684308586, 71.19501930516492, 62.806351605326235, 59.93457081554526], [49.91725218135449, 57.246136309409515, 65.98052573397051, 72.87012639086416, 65.59940441909828, 57.95142897988409, 49.752386463934556, 9.031508790127429, 0.0, 9.387037262447455, 18.062524450920503, 26.80197162369457, 18.860971136592784, 12.543858801067955, 8.498391033966195, 45.65418917455034, 53.11530962804578, 60.371892700465075, 70.66864906675592, 80.05375330418244, 77.56875697282699, 69.2730384933775, 59.6123885149503, 51.14710436222909, 43.91585175889336, 18.115335055958916, 19.97078034482892, 22.944243236036247, 29.674095210755677, 32.56745952866625, 30.29008651068851, 24.54197278255581, 18.225819288440505, 12.440327536807139, 13.95728059171424, 34.062166741176256, 37.69954767503236, 45.94409313169448, 55.06518738065191, 57.22773865653638, 57.32190782072584, 52.517581462224825, 47.01930938072038, 37.45770643473251, 36.866666915162824, 25.420984248755538, 18.910568646709283, 81.42299367163123, 73.25666430637325, 66.63905398732186, 64.22147896453423, 61.10963397088712, 60.53912167815286, 64.84264996298035, 74.29357238557307, 79.87713984969643, 81.9221942111736, 85.40863249730215, 84.62074423120177, 79.00088144962447, 69.70467239900721, 68.10477240930598, 65.15991272554334, 65.92022368771204, 70.4729045842598, 72.9974180463225, 76.46468499645296, 95.43318383275961, 99.74066340835391, 104.23542016470823, 107.8941051128237, 114.83247580921605, 124.13527424528938, 124.71610900535237, 112.93264523159996, 115.46961578884691, 98.1277824464451, 88.19938547722766, 76.6107188451163, 70.20199479350875, 59.13023842549006, 53.804445767448215], [59.23411890372793, 66.54381857223393, 75.2977874673879, 82.14842490069968, 74.95901735698953, 67.32836274430295, 59.116371568215136, 17.793537869744902, 9.387037262447455, 0.0, 9.400041655395789, 19.3724062763587, 12.349090578484596, 9.439555006072002, 13.358141487061214, 54.082181427716634, 61.57857962695266, 68.92452097553956, 79.40077106706104, 88.87798401336681, 86.55847200060465, 78.22314256205864, 68.51270713630406, 60.02520717652857, 52.74916404093644, 21.41439568756109, 19.721434830318255, 19.45733008547313, 23.57006412085648, 24.75581541065846, 21.92577609607165, 17.103476111602898, 13.354385228217172, 12.687758674172953, 18.29308343564239, 43.09571547410803, 46.27607801316577, 53.547834435289474, 62.76975773034729, 64.15161422848398, 63.11724152549847, 57.16317273159328, 51.08333173989404, 41.168509997614244, 42.314871125685116, 32.816055192487745, 27.328152113589553, 88.0145130183898, 79.76343921069483, 72.4525793271972, 69.14631076891183, 64.96348494789098, 63.29366763675221, 66.40004567635353, 76.53323140939118, 83.16065266012588, 86.0198790780266, 90.43010678454003, 90.51942076974831, 85.31997333467062, 75.35804635145222, 72.86718933325324, 68.89053671219774, 68.03690746403105, 73.92182569452325, 77.45198880563214, 81.80787164279418, 103.81721109633406, 108.14162643423563, 112.21667264677596, 115.33894951888857, 121.88353951562517, 130.23942721446554, 129.85591663281465, 116.21791765078716, 116.2793216334955, 96.91009341746688, 86.10831884028309, 73.66402410326293, 66.15145143082034, 53.3882495714572, 47.282847681695955], [67.60722432043693, 74.92866717288402, 83.43024222231921, 89.73262084207818, 82.7759639763592, 75.27330057084774, 66.9888623792419, 25.399342761222663, 18.062524450920503, 9.400041655395789, 0.0, 10.47963765145198, 7.43172519154503, 11.511323787993932, 19.250530318522607, 63.256111457860214, 70.6347992500853, 77.79786868062675, 87.90880601730923, 96.83110275943037, 94.61545603849872, 86.75309335300844, 77.30492347842764, 68.9589211160743, 61.81681898202383, 30.033722416674543, 26.764110372560978, 23.834318442989847, 23.16328320107998, 19.969836772930794, 15.702805036859464, 16.16066971726961, 17.813798094214526, 20.906372226719654, 27.35548369758316, 52.10245300635872, 54.58920818121454, 61.01876648869966, 69.09356486924298, 69.85553519490632, 68.60349622185272, 61.742187717709044, 54.779719759881125, 44.55380716891135, 48.75661524801676, 40.85127653335795, 36.52518284120617, 92.21721284399116, 84.41456344998001, 76.96987172207137, 72.97558976453261, 67.86048728932538, 64.83246623568725, 66.01715604880667, 76.81697298367476, 84.58021536880389, 88.21525097088669, 93.344977704132, 94.0595935902273, 89.2927808793466, 79.47818938720424, 76.16924406670205, 71.2399732500451, 68.1828248335315, 75.56379087454235, 80.04491570366544, 85.08159954192564, 110.57055627969049, 113.85200723423564, 116.87492052724149, 119.21150462637735, 125.34240954830513, 132.5157322197251, 131.21157191356252, 116.54487620287937, 113.37305864608344, 92.23965281920968, 80.67330194823784, 67.34938490833756, 58.88218677047496, 45.098388043523336, 40.03203865971446], [74.74637964201348, 82.04369591524446, 90.080126558201, 95.48229792923802, 88.84858462571547, 81.57970074866135, 73.27078440299539, 32.54620112295812, 26.80197162369457, 19.3724062763587, 10.47963765145198, 0.0, 10.407650371567396, 17.628331814437374, 25.606553109851006, 72.1724586259301, 79.36713770119854, 86.20712488789248, 95.62982276999718, 103.59483535475013, 101.4053056245013, 94.33099360606319, 85.33782992591843, 77.23611773423966, 70.32658666534495, 40.357966275300996, 37.00064806445381, 33.26841074419285, 29.593149198915683, 22.381601289542107, 17.21458482288716, 23.525567502499257, 27.659477591538582, 31.270536028854398, 37.55220803661886, 60.39783989503046, 61.945395499270425, 67.51741044581541, 73.66775680165271, 73.89041573188494, 73.00821174537015, 65.5079097906669, 57.587290260953395, 47.24533863508921, 55.01446254322965, 48.4889928001516, 45.45212593080479, 93.83764466089771, 86.87740673461249, 79.72354483043942, 75.23193806103097, 69.36832764970806, 64.8882078274707, 63.66131893943974, 75.01288412677413, 83.88638704115863, 88.21643594669015, 93.86732367534471, 95.02290052769769, 90.73005353357985, 81.6663290624034, 77.63833711242873, 71.88931875075315, 66.29534613602176, 75.18604561433676, 80.51448438781556, 86.03598079085285, 115.70519711023357, 117.08943252552558, 118.46958648930183, 119.75841123872306, 125.35678549308957, 131.14326894538476, 128.92281399882776, 113.84555076388594, 107.04295102991617, 84.47494931825923, 72.28328156845785, 58.11375741096893, 48.915112679257135, 35.18853728778411, 34.22853976062533], [67.1795017717722, 74.54580818902848, 82.81987194184373, 88.62116395945493, 81.4235344468684, 73.86680693255829, 65.53896392777558, 24.16507078983058, 18.860971136592784, 12.349090578484596, 7.43172519154503, 10.407650371567396, 0.0, 7.7072814256380955, 16.69873013619955, 64.37820621765171, 71.87114118191583, 79.04997280204609, 88.95353947232032, 97.52502563432321, 94.99277866837049, 87.36564747370328, 77.97711065648382, 69.59401393685822, 62.378872963383856, 33.5319090666904, 31.638442407916244, 30.05196617672862, 30.54782964421248, 26.957912194333115, 22.29225280440929, 23.387999686836885, 23.752193403472994, 24.873735442702248, 30.19846643882515, 51.77440311089809, 52.37387937490896, 57.55180366826995, 64.61548837062006, 64.78083578259458, 63.38126701940128, 56.07918676612569, 48.63842540130962, 38.34898168474434, 44.72556505557555, 38.45174330469584, 36.52084712248425, 86.40678991655258, 78.66562488060484, 71.05969509530931, 66.7247866489477, 61.24960840944873, 57.78209231614138, 58.64095356244524, 69.49303443267635, 77.45020632096566, 81.2965371081021, 86.71156148229228, 87.82068537469507, 83.33029831662071, 73.36331727151696, 69.67163531576146, 64.40013547617247, 60.869274398635, 68.51587038977779, 73.29306183815838, 78.64105602536097, 111.16449463725357, 112.64712423615845, 113.93223603460152, 115.26915318739438, 120.54727263071742, 127.12053967670475, 125.11761357620657, 109.37868302288736, 106.71178183941295, 85.95251172647548, 74.7612641104865, 62.39051004886411, 55.133661391344305, 44.606616330885956, 43.90771878269526], [59.96475833760307, 67.33972235603534, 75.70591429864199, 81.73081263879703, 74.30207224760963, 66.63420364374619, 58.321680865507744, 16.90242312653831, 12.543858801067955, 9.439555006072002, 11.511323787993932, 17.628331814437374, 7.7072814256380955, 0.0, 9.37783720439468, 57.28961389254661, 64.85193687631198, 72.10824017313288, 82.12751814611167, 90.92502604609656, 88.2270266042321, 80.38342640491055, 70.87459282891416, 62.41772423849298, 55.12768148593493, 28.55744123197798, 28.33622828186936, 28.769434771472326, 32.17103528384731, 31.09194102574807, 27.125537015997082, 25.233467568980526, 22.5553150827094, 20.850521786876893, 24.726813020725597, 44.25847575090285, 44.694750841826405, 50.217044792397395, 57.80570925804673, 58.37167561591875, 57.275576381486744, 50.61455687124903, 43.67161969747022, 33.408844984232466, 38.0761499335148, 30.88119079374487, 29.14003119627215, 81.08364276901386, 73.01344257787783, 65.52905186241125, 61.72357011349785, 56.98273852524041, 54.59625283152566, 57.076530621426, 67.37134814645945, 74.38162149264073, 77.58049961707982, 82.40072335506068, 82.99790068207746, 78.16343642986445, 68.11196179282389, 65.04688237878598, 60.53573754638569, 58.82102786640619, 65.21095556243357, 69.20615717427388, 74.00816041067894, 105.3492916364545, 107.09615748316948, 108.76866924557774, 110.51593993948516, 115.98228624971529, 123.42239847728835, 122.09057236240872, 107.190062548088, 107.34388484727863, 88.29316968495635, 77.89079134813792, 66.46347882025302, 60.25318543131358, 50.96892777842462, 49.77405195470292], [50.759961934401, 58.127274412833614, 66.39888380050509, 72.37340123248936, 64.92568777937305, 57.273460337831395, 48.9563036953605, 7.918419668632624, 8.498391033966195, 13.358141487061214, 19.250530318522607, 25.606553109851006, 16.69873013619955, 9.37783720439468, 0.0, 49.2740194681785, 56.676481526149004, 63.726035154421794, 73.41614414037913, 81.98654417959385, 79.16202687657295, 71.47734594804572, 62.13415038526962, 53.80493165052411, 46.67977496038808, 25.932004261137642, 28.143595782248898, 30.747629604256616, 36.245779966050776, 37.04797491400847, 33.79169805444102, 30.314420457814215, 25.378480282889377, 20.464101718150662, 21.56631852426774, 35.70281564648453, 36.41149625065145, 42.972066643294276, 50.26360989238735, 51.74342637104753, 52.06436951132522, 46.67959079599209, 40.286673157284284, 30.258508305704595, 33.22212242466766, 23.885597657705656, 21.77079874809955, 74.81083405621837, 66.88573867308217, 60.22676971434232, 57.43574026957356, 53.90794217464085, 52.73972293183936, 56.48737290708002, 66.05392866364356, 71.935067229526, 74.22304465689236, 77.98733233000634, 77.53835056649899, 72.18857527908506, 62.97545869393868, 60.91648558687735, 57.568129850983425, 57.593167057613535, 62.529160507147076, 65.3917348747961, 69.17504762357494, 96.64696390373233, 98.38884375515714, 100.58399847648776, 102.9716756272782, 108.98502043670891, 117.47717787495318, 117.27578397612575, 104.64791412153967, 107.21528575559319, 90.31401542842052, 80.80782678998949, 70.11715912347135, 64.8755521323314, 56.74042695906947, 55.367264854411886], [19.272243462089673, 22.71456022110578, 31.73613833592944, 42.56690445752031, 36.07409385151413, 30.38530950973934, 27.309944515782252, 41.5711178041325, 45.65418917455034, 54.082181427716634, 63.256111457860214, 72.1724586259301, 64.37820621765171, 57.28961389254661, 49.2740194681785, 0.0, 8.148422100902787, 16.573251355388358, 29.32906798344734, 42.59828321720378, 39.96067408639149, 28.37535104121482, 17.389867969955695, 9.250358268285664, 5.656594942756642, 38.06902178390699, 45.37961972995807, 52.932957278549196, 63.57014814493409, 71.71428611949439, 71.74685316951557, 62.67257674123426, 53.80125164583979, 45.60365865876106, 38.31023626573063, 16.385413482547367, 28.819923932061776, 40.582016369919934, 50.86833697696315, 57.40915038138569, 61.11163119406431, 63.91840695915903, 64.55353040659966, 60.83284789044098, 48.02184793060198, 36.169162516488825, 29.047852963916995, 81.28121515444367, 73.71437893789322, 71.1724730131641, 73.77920746516956, 76.44878509797687, 81.46994478528234, 90.88871713702729, 96.14854220152738, 96.17614194032441, 94.1700381762995, 92.90418241445506, 88.06250526322813, 80.96034962010098, 75.18940539373439, 78.64874469675456, 81.2079510422641, 89.81582961297966, 87.69076800708153, 85.13705285701775, 83.82864197401253, 65.00330343546233, 77.56729468415686, 90.2439447804398, 99.3673758808003, 109.21728938448122, 124.34425870064182, 130.61111815642985, 127.71235392779226, 141.43489756676485, 131.57963877084632, 124.51253870355106, 115.37166020662977, 111.07944165413919, 101.38266455751183, 92.93492832266408], [19.193143059106998, 19.97400223084833, 27.65058901811701, 38.72658030498223, 33.517963924026084, 29.431531294420836, 28.453978710291363, 48.86475583212814, 53.11530962804578, 61.57857962695266, 70.6347992500853, 79.36713770119854, 71.87114118191583, 64.85193687631198, 56.676481526149004, 8.148422100902787, 0.0, 8.554780812591929, 21.707404235760134, 35.641337993995236, 33.28342731559876, 21.290694325813284, 10.857352529324356, 6.804010614122673, 11.011909074307738, 45.51769989896693, 52.56212762178518, 59.871994673373386, 70.12660210172189, 78.38666148564559, 78.63255032930957, 69.70511864090452, 61.05970055590082, 53.09110639996611, 45.93565152798592, 23.457190012199973, 34.906328546577654, 46.020620045066366, 54.83011798622393, 61.86530039805533, 66.4840771499783, 70.10470957887296, 71.07777830211721, 67.77133199650294, 55.13349508344812, 43.78029487847839, 36.9908440459511, 84.03326564693344, 77.20780946181168, 75.73519039263365, 79.02200749246329, 82.32063737058608, 87.6507467212961, 97.05979758625627, 101.91083109164357, 101.41301000782013, 98.9242441885238, 96.90176848282893, 91.31676787645301, 84.10170172741678, 79.62104984218847, 83.69078696904829, 86.85375248015356, 95.78808237600272, 93.13389308400406, 90.00674644607237, 87.95716567171065, 58.88719181855381, 73.42153758039727, 88.05118720937641, 98.3603624542326, 108.98715290570082, 124.95435823621952, 132.3750224367926, 131.76078485416002, 146.14418753529787, 137.29111251291988, 130.53513881037685, 121.46230082214097, 117.27295014944724, 107.55380527538004, 98.73031350770033], [20.8777910807772, 18.759076812963613, 23.900601183514905, 34.57729284969519, 31.231583023599256, 29.20566251505146, 30.308642796561664, 55.833616316709545, 60.371892700465075, 68.92452097553956, 77.79786868062675, 86.20712488789248, 79.04997280204609, 72.10824017313288, 63.726035154421794, 16.573251355388358, 8.554780812591929, 0.0, 13.375909526395501, 27.79136781310663, 25.8325730410563, 13.816871097214337, 6.545647635581142, 11.127199726871494, 18.26226191713267, 53.35257515849601, 60.18104867877723, 67.20126636932639, 76.9396744955052, 85.07859112174569, 85.44766397501756, 76.87139347633372, 68.51955318170711, 60.73237697713536, 53.75944457048979, 30.740301862046593, 41.37786008497116, 51.932822205205866, 58.89321651602243, 66.3628306088044, 72.06559391346404, 76.35128730407416, 77.44714646873554, 74.42458556718964, 62.41521614439273, 51.377623065096486, 44.857497650994254, 86.36809303983812, 80.50232663195416, 80.21704690289705, 84.13905129177411, 87.98807828578536, 93.47450204825084, 102.6538546925085, 107.14008835088404, 106.20972902507387, 103.28012988198508, 100.49506365159954, 94.12291171528842, 86.82459568088831, 83.87849714426936, 88.48953459853472, 92.18365751688778, 101.19764457572468, 98.13687598117848, 94.491923644665, 91.70198482147792, 51.627678724706044, 68.02525116403903, 84.63800462969262, 96.1574418137255, 107.63602250200292, 124.36869774662546, 133.0074294232996, 135.01984371007816, 149.74555441012325, 141.98598069691008, 135.58648737498655, 126.60666523830507, 122.58614674275357, 113.04230533710505, 104.15838023756949], [26.056638021090247, 20.80006506718883, 20.169862506833056, 28.20159771970379, 28.685729255895186, 30.22333893479772, 34.01214431902759, 65.51635138363108, 70.66864906675592, 79.40077106706104, 87.90880601730923, 95.62982276999718, 88.95353947232032, 82.12751814611167, 73.41614414037913, 29.32906798344734, 21.707404235760134, 13.375909526395501, 0.0, 14.818790592852881, 13.664665000207831, 5.337187401841815, 13.177982165317838, 21.84789282929155, 29.708543117811622, 65.27342652405332, 71.91603038569454, 78.53441632160157, 87.4555306673173, 95.0510398305497, 95.40869437423348, 87.61372694765728, 79.72584759033414, 72.09311116412276, 65.41499820038933, 41.43093880143153, 50.73058294476643, 60.40590191724488, 64.21386630453442, 72.16088876421504, 79.59633856866758, 84.68962029823918, 85.7589079261823, 83.11406177431607, 72.56291564570785, 62.0164981714962, 56.13249878369027, 88.26751506412259, 84.1205037852954, 85.72617839828246, 90.51593212876155, 95.08883238748612, 100.63345500921564, 109.21404883638618, 113.12700976076317, 111.62294573021083, 108.08641682837187, 104.16909711774237, 96.62108143132487, 89.29169303779047, 88.91993792615045, 94.22917410142192, 98.6276022441002, 107.48532606476118, 103.91804162614669, 99.56630888967302, 95.68634870947342, 39.35329960781288, 57.88624500437583, 77.22454221587503, 90.44491737756321, 103.16358685561434, 120.85816477256613, 131.31858599004167, 137.5938331286146, 152.5524788385363, 146.68349680720385, 140.97314364350774, 132.33881058981592, 128.80139016106492, 120.06422666375788, 111.82459445613219], [33.97735694596228, 27.85291998120251, 22.239221448853037, 24.01495567356319, 29.343746416500025, 34.07981652763302, 39.40387813578712, 74.27571221725975, 80.05375330418244, 88.87798401336681, 96.83110275943037, 103.59483535475013, 97.52502563432321, 90.92502604609656, 81.98654417959385, 42.59828321720378, 35.641337993995236, 27.79136781310663, 14.818790592852881, 0.0, 5.26262151452924, 15.413689956222232, 25.93432789878516, 34.268660357385876, 41.86564019242287, 76.9035103755113, 83.35408827428817, 89.49655001382472, 97.43545548293352, 104.12330141018751, 104.32517335787763, 97.62121590764937, 90.32637980751, 82.87313943454916, 76.6179787621083, 52.27857789537522, 60.264728251728066, 69.11078229016955, 69.47628928150701, 77.65543805907046, 86.86746207975993, 92.41218143159885, 93.10713954841664, 90.66028746938605, 82.27721306786067, 72.165949429145, 66.94816670202097, 89.10433292346453, 87.03919216792008, 90.5884936387759, 96.04716688025299, 101.10699658242007, 106.37881562089761, 113.9033327581554, 117.31750782756451, 115.4691096843597, 111.48062715794767, 106.53534147694138, 97.86897041769438, 90.63906625093746, 93.14463632039846, 98.91623510609777, 103.79416298552488, 111.95860964809228, 108.17729885375165, 103.31122369464244, 98.45353416881913, 25.105251359569657, 45.071247218800785, 67.22113763507349, 82.13561416326954, 96.22048603041303, 114.56971724977348, 126.8635252136533, 137.88615636653503, 152.28335877750712, 148.44149485902685, 143.52428678133305, 135.3477055156594, 132.44395181621883, 124.95299010120611, 118.00238551773954], [30.077913125316268, 23.548171921330873, 17.27011414556635, 19.523244318425277, 24.384257884984727, 29.29813433261416, 35.06974390249857, 71.44966457912481, 77.56875697282699, 86.55847200060465, 94.61545603849872, 101.4053056245013, 94.99277866837049, 88.2270266042321, 79.16202687657295, 39.96067408639149, 33.28342731559876, 25.8325730410563, 13.664665000207831, 5.26262151452924, 0.0, 12.434858933441662, 22.938070341477065, 31.219093232790183, 38.77972632962931, 74.83531819563838, 81.54582068165872, 87.92729052365469, 96.20827053237352, 102.79286210195649, 102.77192838701419, 96.00103510998022, 88.4861209560032, 80.76729222399703, 74.36738328768239, 48.82005958901345, 56.01173689546091, 64.42251846681219, 64.54422682292582, 72.71315635467388, 81.95042447109758, 87.69936332691547, 88.61823883766412, 86.51696235251967, 78.01301411405578, 68.40971077783917, 63.93669984763569, 84.28099875045098, 82.04606542066713, 85.60063286666477, 91.15964131130728, 96.38018140635731, 101.85269123912214, 109.6608799933934, 112.82820033497167, 110.7401740034169, 106.64786060739353, 101.65544790883774, 93.04326187655005, 85.81870468272439, 88.18166068324565, 94.05730520868204, 99.09063379135024, 107.62778392443437, 103.53682368420668, 98.52941976589737, 93.60892289881194, 28.382061959320474, 44.96237206055972, 65.29705903907931, 79.52848389442647, 93.03577760143504, 111.33626567523957, 123.22879278324396, 133.42446465993916, 148.72046979100446, 145.1400551924285, 140.43014894431323, 132.6951338958177, 130.16850255602336, 123.36815554133281, 117.17873337597187], [22.426604564791006, 16.399289366512132, 15.125068760722412, 23.745904380281686, 23.609358511526107, 25.331902828212076, 29.740063799500593, 63.59903274019818, 69.2730384933775, 78.22314256205864, 86.75309335300844, 94.33099360606319, 87.36564747370328, 80.38342640491055, 71.47734594804572, 28.37535104121482, 21.290694325813284, 13.816871097214337, 5.337187401841815, 15.413689956222232, 12.434858933441662, 0.0, 11.08900278986456, 19.973593689948686, 27.878073491471877, 64.8139845163878, 71.7384937223171, 78.54890309887995, 87.67757651945601, 94.9634164679757, 95.02783466942762, 87.36927270297522, 79.33722508415909, 71.41822294716192, 64.64350799409765, 38.99322887274402, 47.18838212022709, 56.32140016957197, 59.430792264369295, 67.41715705379364, 75.14311703424126, 80.5224751366845, 81.77081448609172, 79.52369396646439, 69.15718775785948, 59.22158855218819, 54.331295098538796, 83.10799685704649, 79.03397925772825, 80.88218460142005, 85.86474754543588, 90.67318582482608, 96.39044653303867, 105.11798007039128, 108.70618847071054, 106.91374062299705, 103.21487119594057, 99.1231863156741, 91.49710770415473, 84.18734161880427, 84.02101440778894, 89.49531200761454, 94.11812761461898, 103.26514411179456, 99.34962875132574, 94.78642986603326, 90.7212463153203, 40.01339785620354, 55.88537488985827, 73.74973044755201, 86.43079634101669, 98.70379353997853, 116.36206083620544, 126.62212782099895, 132.6715685347065, 148.4364053531493, 143.136708022591, 137.76831711005556, 129.6815790057585, 126.65804817845373, 118.90062889477713, 111.76274708795401], [15.52063111918175, 12.363407164202998, 17.7289386214844, 28.685261731506046, 24.760581962103196, 22.765960006604487, 24.53589037628482, 54.22971731761032, 59.6123885149503, 68.51270713630406, 77.30492347842764, 85.33782992591843, 77.97711065648382, 70.87459282891416, 62.13415038526962, 17.389867969955695, 10.857352529324356, 6.545647635581142, 13.177982165317838, 25.93432789878516, 22.938070341477065, 11.08900278986456, 0.0, 9.037442876229205, 17.00134949068206, 54.406692025148836, 61.53484699816041, 68.64592732890085, 78.34960001591729, 85.88825387258606, 85.87653751563626, 77.74225703734491, 69.37349980466315, 61.26888838942096, 54.28324003997975, 28.659064484788647, 37.92518938211078, 47.99014274201983, 53.5603622826291, 61.23073675784606, 67.71001560936025, 72.3811916459557, 73.52753374940686, 70.89813358774134, 59.582113343717985, 49.15079001164147, 43.90369255797032, 80.23739600944947, 74.7421632998439, 75.02619848330646, 79.27446185140364, 83.45362578428139, 89.05600257216119, 98.1831175728683, 102.29982053078744, 101.05884817702923, 97.90030966346914, 94.77981673876884, 88.12215146354538, 80.80607399909083, 78.53318319948959, 83.39517754857056, 87.39709774587702, 96.55904326451405, 93.13682709032878, 89.19555251408217, 86.05911767452633, 49.595185115870336, 63.53012363381942, 78.88225951693803, 90.01064434850647, 101.2364195341392, 117.97742531713718, 126.64257651778001, 129.14420912852887, 144.48877999985595, 137.60938098128204, 131.68055756093952, 123.31953474435085, 119.95194971480387, 111.69884171873751, 104.31060431266002], [12.44422778418593, 13.974182801747304, 22.61278979943928, 33.55132167801781, 27.596294794443224, 22.901616532549337, 21.65639545606401, 45.926543227291674, 51.14710436222909, 60.02520717652857, 68.9589211160743, 77.23611773423966, 69.59401393685822, 62.41772423849298, 53.80493165052411, 9.250358268285664, 6.804010614122673, 11.127199726871494, 21.84789282929155, 34.268660357385876, 31.219093232790183, 19.973593689948686, 9.037442876229205, 0.0, 7.966181599455352, 45.843895779606186, 53.16480543757368, 60.476475137975704, 70.54041520218084, 78.0641989642098, 77.900920963331, 69.56002539776962, 60.981113762488675, 52.69883923467459, 45.59983407512033, 19.946485518646487, 30.469774873859144, 41.536465450362364, 48.97299750465621, 56.25056515225486, 61.756574965215066, 65.60354774889406, 66.4153194519161, 63.29929003297842, 51.64197267372873, 40.59104632996667, 34.978924994633694, 77.61919730525669, 71.14168013974522, 70.155557034333, 73.67602003554158, 77.18659951198046, 82.4975427193971, 91.70766367947762, 96.3397601467844, 95.70175963837885, 93.08085615052073, 90.82508447871628, 84.99314914760002, 77.73152372700817, 73.87435107305254, 78.09115437779086, 81.44110812546411, 90.3086151613785, 87.47830161709956, 84.16759167743933, 81.86967369075568, 56.83650094143791, 68.91009071060722, 82.16421469442678, 91.98511118749511, 102.38768103232246, 118.22086364772643, 125.57305333086869, 125.38321379378512, 139.95566655713986, 131.79624641452526, 125.42921929865831, 116.85905461531323, 113.25859536701928, 104.78138959104307, 97.50277169227665], [14.503743649225537, 19.060614486897354, 28.525472817240352, 38.96544088637888, 31.896375033087274, 25.607573931246282, 21.885780871224153, 38.88041655256062, 43.91585175889336, 52.74916404093644, 61.81681898202383, 70.32658666534495, 62.378872963383856, 55.12768148593493, 46.67977496038808, 5.656594942756642, 11.011909074307738, 18.26226191713267, 29.708543117811622, 41.86564019242287, 38.77972632962931, 27.878073491471877, 17.00134949068206, 7.966181599455352, 0.0, 38.58684224302674, 46.12018069554529, 53.638518871509355, 64.06461482476055, 71.52337757362689, 71.18224555997037, 62.6545350771367, 53.86298881892852, 45.38681028316188, 38.171049750464206, 12.546860723268308, 24.590912886698188, 36.54311144050584, 45.79701794337034, 52.529732519011226, 56.96436804844096, 59.931569519322835, 60.401467085047344, 56.81197782897679, 44.8382395635878, 33.155624063850766, 27.175566013880502, 75.89468476292618, 68.56141645179204, 66.3575566502314, 69.1300144220438, 71.95553651503236, 76.956503602236, 86.22501894519412, 91.32462013544146, 91.25715887309427, 89.15940298175552, 87.73453075131573, 82.72334259226427, 75.58266103697865, 70.2472885480134, 73.8022905630678, 76.49503070963956, 85.0479089362352, 82.79231901352868, 80.10709187559888, 78.62861677264107, 63.6162690270395, 74.17317025332169, 85.61084598146168, 94.24911844665925, 103.85619847814246, 118.81638263056996, 124.96763923673726, 122.31678249296296, 136.18513968479547, 126.87798485679487, 120.1286720633773, 111.41332482317667, 107.6277171330546, 99.01381244144953, 91.93274315982283], [49.13049682524875, 55.8038446867868, 65.25732310083228, 74.1588502007547, 66.90767103166988, 59.389684810385056, 52.11213156511109, 22.92807071500533, 18.115335055958916, 21.41439568756109, 30.033722416674543, 40.357966275300996, 33.5319090666904, 28.55744123197798, 25.932004261137642, 38.06902178390699, 45.51769989896693, 53.35257515849601, 65.27342652405332, 76.9035103755113, 74.83531819563838, 64.8139845163878, 54.406692025148836, 45.843895779606186, 38.58684224302674, 0.0, 7.936908358372862, 16.04335008814459, 28.014733507607332, 36.41891643926546, 36.48503279430676, 25.939219989755205, 16.4703517944625, 9.18678742145218, 4.452806987771759, 31.859201466202823, 39.519735109773166, 49.361400003170594, 62.26162298989391, 65.2736669564238, 64.21872177326729, 60.86294923456728, 57.72952536948813, 49.840516719360636, 42.09404679914226, 29.449680166915446, 18.29301088448061, 92.10843111197917, 82.96773135663041, 76.0844474155789