{
	"dissimilarities": [[0.0, 9.864270028957083, 15.779236092085984, 25.77141636227245, 18.369596184641864, 13.261361893972273, 8.40083248892876, 41.13712498412461, 47.77293885392846, 58.199630783101924, 65.36138024086806, 72.47163831769276, 65.88031087587808, 59.02401309631983, 49.49656431186107, 21.960443970434593, 22.678255530543037, 24.184170743841808, 31.008360304435524, 37.94269662277635, 33.223328275176236, 27.458852387340006, 18.93248932748649, 14.921334251409991, 16.403980046288307, 48.78436839894527, 55.976476832494214, 63.68355457436177, 71.88737219832488, 78.06428089801392, 76.8706605899897, 69.68046059356334, 61.63626009264976, 53.29389121336957, 47.914302858777255, 17.767914715097604, 28.236434679906953, 39.682809658618815, 41.64065699673434, 48.01303023183742, 54.596806829260125, 58.606440073523096, 59.2325911203489, 57.04978488888682, 49.9003218517463, 38.16728900156141, 32.17063380042765, 67.95526825509377, 64.12922818771443, 60.68547732036515, 66.14877696721189, 67.09362060812879, 73.9765939294529, 81.47194801452815, 84.00801323594695, 86.6488496909576, 84.97506704781433, 81.56844624955971, 74.33825764681885, 68.2909618006636, 64.87670681539687, 68.05897670151205, 70.8898276083534, 77.93950358282183, 77.91890405810726, 75.59018018586704, 72.284608744622, 54.39484770631119, 61.27696319815761, 71.4961362442137, 78.25141263080651, 90.382966171507, 99.1602752008069, 101.70999769033183, 108.34473778876894, 115.94372395115998, 121.82663534464466, 116.6616025322331, 107.93169434290317, 104.54137941523297, 98.51114170359676, 93.87695966035255], [9.864270028957083, 0.0, 6.662232028299226, 19.458678896296046, 14.358736280277173, 12.587384596905942, 14.876929059169775, 50.8366138110001, 57.10308206314568, 67.3580442601167, 74.70366973287726, 82.09386220881778, 75.54782087215892, 68.70008547490599, 59.16620150255956, 23.529815438235975, 20.860872806264002, 18.71744734885954, 22.976502566755062, 29.53429141387653, 24.495623298307798, 18.830204963995826, 12.11370465108197, 13.19261052810497, 18.895021280174944, 56.12860270308696, 63.41427399223228, 71.35998451757402, 79.74268614634359, 86.40284859179792, 85.52535115719692, 78.05942771305037, 69.83371475911858, 61.469327337759495, 55.81243574199732, 25.689690717555848, 34.71764858750035, 45.05883785544094, 46.74367788082853, 53.40477909858417, 60.4880146745462, 65.59366003835655, 67.05148445180943, 65.62860339232958, 57.353445318962436, 46.59482394986908, 41.05004939515804, 71.69701023447941, 68.49539967397415, 66.09391788906179, 72.32289400495802, 74.0087914601567, 81.54526104398087, 89.53021123762214, 91.5334928635265, 93.19923406595117, 90.83407287605677, 86.53933046539431, 78.5176393226061, 72.93217985328754, 70.18731471722361, 74.2545897511709, 77.86811232721118, 85.4616971885573, 84.87996816924621, 81.70166998494643, 77.55336765060494, 47.698435441370464, 57.13324938077516, 69.726119411705, 77.98070079522657, 90.88346838483322, 100.96985865543226, 105.04237362918894, 113.81819921987582, 123.43579858123923, 130.31556683561539, 125.56319860072243, 117.10326700844688, 113.92842360559959, 107.74644680240006, 102.43217258031868], [15.779236092085984, 6.662232028299226, 0.0, 13.749747782027605, 11.563454739332705, 13.13760505562262, 18.780250043056675, 56.903703418991896, 63.446792137427394, 73.76206909086372, 80.9645910934868, 88.05833241367799, 81.62687117645685, 74.79098469060413, 65.2679656726237, 29.320565006298363, 25.455238571609048, 21.083683949529338, 21.57383927740795, 25.568713937514747, 20.250876334608925, 16.575603957813815, 14.261912647324307, 18.55983347328295, 25.09076376322363, 62.75029216143489, 69.99529126024805, 77.86979643372644, 86.12480146305427, 92.62986816834949, 91.74398526765083, 84.4700949224671, 76.3678660779868, 68.0664585905228, 62.44651644916988, 31.96720485101722, 39.7101111166297, 48.88538908961905, 49.07678512056488, 55.69577268150628, 63.46558517805621, 69.27098809045874, 71.04971283067812, 70.15167134237505, 62.296118969332, 52.36849504914027, 47.47792948532995, 71.78569768547791, 69.36616918570161, 68.30258851327837, 75.01783205191401, 77.24472940113992, 84.86308299192676, 92.88848881670522, 94.40753321511362, 95.47245221380628, 92.60953513541776, 87.63696691686009, 78.85110239595768, 73.67824018674052, 71.9113982008233, 76.74380356942221, 80.83799601587602, 88.3869040950963, 87.34191038005767, 83.60699286738762, 78.73060929746927, 43.15743481189801, 52.24292460204475, 65.53661378272491, 74.53852445005415, 87.86743919317917, 98.79328564176375, 104.14809953000291, 114.9481184080127, 125.66978392346533, 133.30436776788292, 129.04135352465258, 121.02252657678892, 118.41327312720576, 112.81736628396537, 108.0080569190074], [25.77141636227245, 19.458678896296046, 13.749747782027605, 0.0, 11.654311292771663, 17.4501809758714, 25.141749345548835, 64.82405917819572, 72.32048320219192, 82.8332121144237, 89.31755673827669, 95.12708613261611, 89.1561251468279, 82.50508887118602, 73.1592995577595, 42.84323465188488, 38.98562116635268, 33.66629756300431, 29.983800223967222, 27.170104199063054, 22.56346830734453, 24.588570853775867, 27.13044173543155, 32.133971975926684, 38.35239134311404, 74.27123257668754, 81.27192451445879, 88.6399614119188, 96.2510393462447, 101.7064301051198, 100.47777405284796, 94.16569452382532, 86.707339728261, 78.69215253808478, 73.4874392544546, 42.55467312325473, 48.37548814598692, 55.434800174511494, 51.320162532288506, 57.32139669570823, 66.63781695068452, 73.22408755814244, 74.92696544054259, 74.73308171379138, 69.63178607742007, 61.0761695839036, 57.40901292969283, 67.66277113724463, 67.26848737944431, 69.49541573599872, 76.74372438853631, 79.75172971335824, 86.638860609196, 93.98401501198086, 94.58155997991031, 94.99201499562936, 91.4079205818844, 85.34745141664811, 74.9421617053355, 70.62643225535702, 71.49599010730203, 77.70786210247468, 82.30532349949408, 88.80068345768201, 86.95448804259858, 82.53362072834568, 76.28982075996286, 37.684688567688426, 40.10409135892529, 52.44739862744817, 62.27834470665188, 76.37228158171756, 88.63275542632095, 96.72550760247692, 111.86988585597493, 123.28169625440943, 131.86457499030345, 128.68236727433592, 121.74036198124341, 120.66432411925967, 117.07900393159315, 114.62712487361789], [18.369596184641864, 14.358736280277173, 11.563454739332705, 11.654311292771663, 0.0, 6.578843393490151, 15.71211064360616, 56.258240819101886, 64.21678326901015, 74.92129388620111, 81.67889899145743, 87.68355330810041, 81.00862312543487, 73.84398772190104, 64.54003717111354, 36.81380681406523, 34.801781307148126, 32.01551579444549, 32.90611971508658, 34.73513347413746, 29.487690302713162, 27.734524763532423, 25.210952148568865, 27.10546164910434, 31.651662549160665, 66.78449360694215, 74.10389998268373, 81.84216922242354, 89.95383881372082, 95.63943895426041, 94.13637187241466, 87.40851154627296, 79.50724125907226, 71.09357032486533, 65.75572270198312, 32.93752867077764, 37.05147743623955, 43.78723274212945, 40.560212342108834, 46.86659976839183, 55.665407610652494, 62.20275863894267, 64.23592885328232, 64.2767960663453, 58.214478352077066, 50.36267422974349, 48.14961700110641, 60.63549560733153, 58.79750182656663, 59.26461354400296, 66.38739083842657, 69.23111733875837, 76.72067424548409, 84.78397204986418, 85.60421790223742, 85.93663618950949, 82.60936581890768, 77.10356201274652, 67.80210466012848, 62.901811546008695, 62.09614967042536, 67.72402089476078, 72.29329706774837, 79.68411259901995, 78.06019172873634, 73.74740826467408, 68.2439513283018, 48.55050476857321, 50.25949031859728, 58.58355144396203, 65.5552845901942, 77.73862635523923, 87.9979608279371, 92.77197534127606, 104.30948380340136, 116.42644089047148, 125.92238029815155, 122.64390353057053, 116.0077076194631, 115.05401372855113, 111.91588396643238, 109.88462442838548], [13.261361893972273, 12.587384596905942, 13.13760505562262, 17.4501809758714, 6.578843393490151, 0.0, 9.401991096684199, 49.86143819051023, 57.86950855568174, 68.59760522025226, 75.42193216891194, 81.54609197630181, 74.69452232758088, 67.43369455362786, 58.12773198326549, 32.76794711976667, 32.08294356411989, 31.04753996615336, 34.39198944603328, 38.18780371331779, 32.925122950518755, 29.593753101571217, 24.479370024053765, 24.0893831333893, 27.261423307114924, 60.82184477877433, 68.16169039816764, 75.91743838605069, 84.10765296722235, 89.80195645140766, 88.20896570384629, 81.3898920383312, 73.41715278485444, 64.94174382841845, 59.6411186175158, 26.629355178526684, 31.024359445096817, 38.65754535646425, 36.52184255575281, 42.96612176515812, 51.242910392438375, 57.178667951050954, 58.92016887553035, 58.540995120451534, 52.26809158488587, 43.88686289666289, 41.657880019682544, 59.284757781359396, 56.54732390270538, 55.60876598256507, 62.296367877534834, 64.6391610549456, 72.08954403517878, 80.17888054194775, 81.44827921037918, 82.3571156050082, 79.51821039800298, 74.70074645485919, 66.20052781455169, 60.81239153806919, 58.94240382140425, 63.83118058434869, 67.95858409307458, 75.44523615817701, 74.25630650686982, 70.47471621852365, 65.70981223107893, 52.92251812453088, 55.06017918769943, 62.538525504903625, 68.55131417057854, 80.13483820570289, 89.36943228873446, 92.6255620027748, 101.95986357758436, 113.06546541257146, 122.00353010246968, 118.31784693340515, 111.37908940489886, 110.05413740477795, 106.65138130826934, 104.510196921547], [8.40083248892876, 14.876929059169775, 18.780250043056675, 25.141749345548835, 15.71211064360616, 9.401991096684199, 0.0, 40.55646330652035, 48.57136478610295, 59.31059403167196, 66.04290728177786, 72.17518918435412, 65.36305683897868, 58.197194554001406, 48.85444801620851, 29.13130769443854, 30.494438650197925, 31.82976273621032, 37.63905835889041, 42.987520105295225, 38.003236078181004, 33.46416344233815, 26.057002583043833, 22.64042712910002, 23.36443266441918, 52.58558995311711, 59.74129974905421, 67.24472623121564, 75.2511124459871, 80.68814406967282, 78.97514398127959, 72.3008209516659, 64.49711221177483, 56.140837569988754, 51.084668639302116, 19.174170003045475, 25.59950839422806, 35.183615641500886, 34.43414108370804, 40.66576790818473, 48.08337526469087, 52.58992970078063, 53.33615540054716, 51.83359883760873, 46.24701589155251, 36.23588869871273, 32.97759196185769, 59.595326026172046, 55.98989125814761, 53.39875905712074, 59.12051876977162, 60.45530234954431, 67.24972611639596, 74.81405302637009, 76.88787640751072, 79.10242082681651, 77.1612476669481, 73.47772044128186, 65.99461943068322, 60.005200143950425, 57.09362077215283, 60.7576779971605, 63.88079587208168, 70.83547638550985, 70.44057155823165, 67.77014902199902, 64.12094658892279, 57.66033261991601, 60.113635431729875, 67.01597353840366, 72.21740070540407, 83.4077000346194, 91.50988096946519, 93.40046524392325, 100.24944885072101, 108.73072710918727, 116.00015144233028, 111.55539588286013, 103.87532289322994, 101.80091576002964, 97.78325419573677, 95.46918434127247], [41.13712498412461, 50.8366138110001, 56.903703418991896, 64.82405917819572, 56.258240819101886, 49.86143819051023, 40.55646330652035, 0.0, 10.354023308711547, 20.505518992188833, 26.423078251176868, 32.8053180893337, 25.071112686782552, 17.89339195297222, 8.383816461823756, 43.79435830320744, 50.90088786150345, 58.06199996947652, 68.33871575615059, 76.68583589106484, 72.75050573156925, 66.3164426689075, 56.183963604390755, 47.95001204876399, 41.55594387557012, 27.611313219248576, 31.404470181248925, 35.84656838753262, 42.108507529563546, 45.419971904973224, 42.448677493997074, 36.806879997761804, 30.652317665992015, 24.373382996265352, 23.267532255249954, 28.766990655537832, 32.894745215345765, 41.57846326516888, 46.85937190536964, 49.26984587071678, 49.566417640937196, 45.7166954493848, 41.29335324715663, 33.774902634873214, 33.914153484119666, 20.707959179833658, 14.76163720751208, 72.89808182465124, 66.40808918697401, 57.331614752549186, 57.19581353936348, 53.405909269893776, 55.77075682071824, 59.760273026272586, 65.70808988882774, 73.43997705050151, 75.85406902892252, 77.71863178178938, 76.12334512965847, 69.04198579086703, 61.92322943547348, 59.13614504472865, 56.88297741896041, 60.49948122928256, 64.1298729417044, 66.95114636764134, 69.11526110718056, 90.43252794893715, 93.09787049514117, 96.81525215397149, 98.36645649543303, 106.5236994710556, 109.47402777640653, 104.81547617959158, 99.31774443377638, 96.41662187074786, 96.09417727106096, 88.0822425717784, 77.33637460828132, 71.27290132720522, 64.28592864977273, 61.55341727929997], [47.77293885392846, 57.10308206314568, 63.446792137427394, 72.32048320219192, 64.21678326901015, 57.86950855568174, 48.57136478610295, 10.354023308711547, 0.0, 10.805260032335132, 18.166721954381483, 27.191006379949297, 19.942752180435406, 14.676970386699056, 8.412411367482036, 46.40247180501942, 53.764156165028204, 61.529419400982036, 72.27857066418241, 81.34723157971243, 77.80213529802475, 70.94167748046992, 60.7058224527373, 52.24321204815192, 45.376863198744466, 20.825303248647806, 22.627235116098234, 25.876425413008597, 31.925633840436433, 35.76504420116275, 33.10170193741712, 26.617756800467355, 20.422142137238737, 15.185996631871777, 16.200815400144183, 34.95997329556384, 40.40372681848172, 49.53692746202574, 56.546022530972, 58.947564171671225, 58.341175787501015, 53.767011917114836, 49.203353666115355, 41.28129655655927, 40.29145663960282, 27.34060777059137, 19.365042435435377, 83.03866127512508, 76.3298240840151, 66.52082472528939, 65.82799550343759, 61.50181227179847, 63.423725922643, 66.74067186242348, 73.25879678390878, 81.6083761646778, 84.57008001592088, 87.05426821831419, 86.06567312145019, 78.98435049523798, 71.4145488358029, 67.94647605372714, 65.14197854038886, 68.38176459252652, 72.55215346055009, 75.9887712128043, 78.75334262356628, 95.41994787782644, 100.32865172573555, 105.59256091557111, 107.80035867218848, 116.35099940212696, 119.3489202862344, 114.61551809388644, 107.82380063691102, 102.91991573671591, 100.17891476186036, 91.04845389287055, 78.93358505870962, 70.67280060924753, 60.5072332189977, 54.358011778551734], [58.199630783101924, 67.3580442601167, 73.76206909086372, 82.8332121144237, 74.92129388620111, 68.59760522025226, 59.31059403167196, 20.505518992188833, 10.805260032335132, 0.0, 8.948164393299948, 20.26644078383395, 14.372183141296174, 13.55613535165351, 14.787228574031781, 54.994091643179935, 62.40612825840926, 70.43332740924608, 81.32708098640738, 90.64039743329559, 87.34452214059192, 80.36450699669237, 70.18405603382708, 61.69383861918073, 54.66086632384062, 22.69331744370915, 20.668604158606115, 20.125986750031167, 23.973206610627184, 26.72517317672673, 23.74705334208796, 17.605602951510892, 13.862176241486074, 13.8973172362796, 18.716568510026246, 45.209013369735224, 50.17045515796519, 58.5256023595411, 66.0778219392445, 67.96100702621573, 66.31697138381539, 60.627985801121795, 55.51735494791606, 47.18706054814276, 47.14822070573049, 36.020401539647864, 29.280659558262105, 91.78464779174232, 84.88489558077458, 74.47612289867202, 72.82964146337271, 67.77842335099538, 68.62370353475288, 70.78025915036137, 77.89933415770648, 87.10725352249622, 90.85708425510347, 94.2901496181628, 94.28495472387948, 87.26421942618926, 79.3327717536743, 74.92238066636767, 71.23480120361265, 73.53919087051227, 78.37948787973107, 82.75131982672316, 86.4206729003747, 104.4691468522725, 109.95714569878966, 115.29298281402971, 117.28351840191907, 125.5364483528599, 127.8787852613359, 122.34749616169059, 113.45414065070999, 105.84227190769951, 100.60354794302137, 90.45455540065122, 77.37042024076997, 67.30550675206176, 54.930726520672465, 46.80918104272633], [65.36138024086806, 74.70366973287726, 80.9645910934868, 89.31755673827669, 81.67889899145743, 75.42193216891194, 66.04290728177786, 26.423078251176868, 18.166721954381483, 8.948164393299948, 0.0, 11.91525953250524, 9.414901519259827, 14.259456190766429, 19.47009768714279, 63.4112737522174, 70.6417069747026, 78.40180710801181, 88.88091130643167, 97.59936651149982, 94.4008889661575, 87.80458851108196, 77.95768619007168, 69.68853607925587, 62.90158959834813, 30.979209027223714, 27.623972696256075, 24.275166360360647, 24.208106560160505, 22.878592204436902, 18.62330200147691, 16.935936219578593, 18.48668370819975, 21.836682506862832, 27.291395446096725, 53.126513564552205, 57.65600533506158, 65.23477940799951, 71.53649142697715, 72.80230852039742, 71.00160003597158, 64.54740564174017, 58.57674666383825, 49.87742401589879, 52.82507752795778, 43.018984561033115, 37.3350232328065, 95.04007662887358, 88.47092405889437, 78.50826098290516, 76.13834138842908, 70.61163023004733, 69.9038191269088, 70.43051155152638, 77.9037363015522, 88.09483886733891, 92.47218399750466, 96.57313036188322, 97.01502705519147, 90.15342063212945, 82.71046855032523, 77.83852101006417, 73.35582899886101, 74.04067878772196, 79.3474258894668, 84.60177436894232, 88.78573373447978, 110.19771303750075, 114.38789280380054, 118.72410730318803, 120.1042859407249, 127.89624109049278, 129.5084047781391, 123.66098874913865, 113.93908308191472, 103.17742668968457, 95.4836247653397, 84.62608081868883, 70.81192635550757, 59.71759068470123, 46.64632757543996, 39.69625755793839], [72.47163831769276, 82.09386220881778, 88.05833241367799, 95.12708613261611, 87.68355330810041, 81.54609197630181, 72.17518918435412, 32.8053180893337, 27.191006379949297, 20.26644078383395, 11.91525953250524, 0.0, 9.691131961048415, 18.12590580242505, 25.456057563679302, 73.17823641615587, 80.21068885556308, 87.51903218365524, 97.39381490463369, 105.13607445936721, 101.8908243526115, 95.91288190527415, 86.46625473678557, 78.49514705932454, 72.08403954404213, 42.69566167763603, 39.44983950596472, 35.367712419012776, 32.96186813476098, 27.538428263126022, 22.31764932327406, 25.959538160075752, 29.985673480910595, 33.63998705467614, 38.83370160045074, 61.215101951630096, 64.69877047922876, 70.98119223088754, 75.08512151159094, 75.44283495255868, 73.65354630620284, 66.44066399333016, 59.42776566467937, 50.55734529219424, 57.77412987845004, 49.81452786015259, 45.898624962657244, 94.97969419650028, 89.00456808510187, 80.00258460416848, 76.79159268807409, 70.83512685270406, 68.01977675419296, 66.33524672794901, 74.05001897825389, 85.36936978201467, 90.43641369028242, 95.2737032638974, 96.21059121962351, 89.66582704877175, 83.12690522038486, 77.85042325347413, 72.45419364944092, 70.86775734607883, 76.62049876947644, 82.9097567528035, 87.62798561192629, 116.07409026959301, 117.51825962335059, 119.67955797521475, 119.81507122426953, 126.62938858036337, 127.05973563232472, 120.66596725199915, 110.15465295435526, 95.59234520077254, 85.32236958534111, 73.88699941486473, 59.594683539626615, 48.07565409906692, 36.37680723930693, 35.42850681158682], [65.88031087587808, 75.54782087215892, 81.62687117645685, 89.1561251468279, 81.00862312543487, 74.69452232758088, 65.36305683897868, 25.071112686782552, 19.942752180435406, 14.372183141296174, 9.414901519259827, 9.691131961048415, 0.0, 8.650718526859718, 17.023222521160733, 66.31050006762949, 73.66161676237398, 81.26848264168139, 91.65835107241035, 99.97033909939363, 96.43175388458103, 90.07429881924577, 80.11869996272397, 71.8145171738676, 65.08796627182178, 36.81552628588827, 34.90313062266742, 32.956339605632664, 33.5600519156629, 31.463274428327324, 26.73152187417845, 26.261214716884687, 26.865129365715195, 28.22593280610687, 32.61277704821894, 53.37324233524338, 55.82367122495429, 61.7787432177908, 66.80203573603826, 67.29553650092488, 65.07753805985672, 57.96749674689872, 51.39685136864734, 42.580497560492326, 48.29843799383725, 40.53296849202587, 37.68732200865729, 88.43727267596269, 81.85745288280464, 71.98132719671608, 68.97494775218645, 63.126938804911724, 61.50718114822897, 61.414203183222675, 69.00923619435824, 79.51981947042391, 84.23061980881377, 88.8119885237489, 89.90262822927193, 83.17076721196234, 75.74805309374044, 70.41661212491555, 65.41731573298757, 65.37595011737092, 70.91560392359541, 76.63550635103721, 81.328745072254, 112.27206690098748, 114.02080673183606, 116.09460391399607, 116.1046053909069, 122.74384763751367, 123.27989410470647, 116.18266957143024, 105.19141694422578, 94.08638133698665, 87.31864163190865, 76.90967124714172, 64.14297762710439, 54.71323088190207, 45.520162390484984, 44.223286977276054], [59.02401309631983, 68.70008547490599, 74.79098469060413, 82.50508887118602, 73.84398772190104, 67.43369455362786, 58.197194554001406, 17.89339195297222, 14.676970386699056, 13.55613535165351, 14.259456190766429, 18.12590580242505, 8.650718526859718, 0.0, 9.53778572551617, 59.83984224011806, 67.33735592255424, 75.01598786795333, 85.6442147966481, 94.21250946617288, 90.42130864664776, 83.88567223398593, 73.63320662060985, 65.17216148392252, 58.33298112121085, 33.14799028922399, 33.07925493372313, 33.56613635650684, 36.75241779336686, 37.06587134227072, 32.87633766907849, 29.7938461989362, 27.284731130194135, 25.740162089243615, 28.65330211344658, 45.75851090564305, 47.339362542627654, 53.1493766833082, 58.65538951302498, 59.37372803238186, 57.137081062061455, 50.41582320069688, 44.32147003261149, 35.623799126401224, 39.95390458888049, 31.927569563211637, 30.117466904058215, 81.73264797124963, 74.78852652124466, 64.46382294181781, 61.89972625147347, 56.35576011495362, 55.98242748650188, 57.44688357646489, 64.72231260303133, 74.35912021297969, 78.5514709155389, 82.63969134818313, 83.52071338298167, 76.6413270803625, 68.70575340394856, 63.62871759825602, 59.20370231487039, 60.593919246291044, 65.744169541536, 70.74680522412767, 75.12764774428912, 107.40929643074372, 109.1405555931418, 111.09322177208207, 111.06813719168073, 117.66133338030949, 118.464631062812, 111.16836507110615, 100.57286066669994, 92.68055019814612, 88.96527811526794, 79.56666612588631, 68.05953279019606, 60.405252350846844, 53.0588339316647, 51.92475934978994], [49.49656431186107, 59.16620150255956, 65.2679656726237, 73.1592995577595, 64.54003717111354, 58.12773198326549, 48.85444801620851, 8.383816461823756, 8.412411367482036, 14.787228574031781, 19.47009768714279, 25.456057563679302, 17.023222521160733, 9.53778572551617, 0.0, 50.92882278069821, 58.28572519727905, 65.77176929494699, 76.28272756521316, 84.80793903719378, 80.95677884891307, 74.43026416739905, 64.20578534453749, 55.81944429201726, 49.13761435953888, 28.509536049546718, 30.452183640065055, 33.18197599048607, 38.29176427968386, 40.4752519470153, 36.97147249672819, 32.14587596520078, 27.278890454836187, 22.89113491287695, 23.866499306142785, 36.52204709988297, 39.2915287905341, 46.56183685262029, 52.16482324255625, 53.74923944035573, 52.71635341024188, 47.37898247286603, 42.091715392913486, 33.80228581972664, 35.82964239554993, 24.976501918459316, 21.273470570305026, 77.0044925402511, 70.22401516136532, 60.39629986082492, 59.06839919374045, 54.37924319940425, 55.5231445210527, 58.42761668085431, 65.05807866692864, 73.72365597608282, 76.99480404119626, 79.93789560978216, 79.55187654705938, 72.52401959810705, 64.90294199258679, 60.954697285902995, 57.64001798314221, 60.30126482044326, 64.68906562975101, 68.565493830914, 71.82798910768466, 98.35119137555961, 100.70053338480808, 103.64707361456277, 104.47082087733791, 111.90708287712607, 113.84674170548331, 107.9053615134668, 99.92750528132842, 94.73902646264077, 92.85573472771446, 84.16573982933599, 72.99460817908307, 66.12604404055398, 58.785013465513344, 56.487106287796564], [21.960443970434593, 23.529815438235975, 29.320565006298363, 42.84323465188488, 36.81380681406523, 32.76794711976667, 29.13130769443854, 43.79435830320744, 46.40247180501942, 54.994091643179935, 63.4112737522174, 73.17823641615587, 66.31050006762949, 59.83984224011806, 50.92882278069821, 0.0, 8.208036001933774, 17.369648017077747, 30.211924392315463, 42.83587853473586, 39.3618543501678, 30.301655051788522, 19.125255929721018, 10.913023927317207, 5.78639966428936, 37.943343584902074, 45.34222921448467, 54.09163737170413, 63.55424778424173, 72.31770434198576, 72.3234330141759, 63.08350400362788, 53.84499867958422, 45.42563155227889, 39.13007986493055, 20.446273443521854, 32.7074594503086, 45.67377459926952, 54.80031409217358, 61.168686012335115, 64.61709614658143, 67.27794015323448, 68.29860834516184, 65.28564650280431, 52.961401720929885, 39.87746683734002, 30.929019362059623, 85.62301662026756, 80.01667904951974, 72.92298075408885, 77.43121414627153, 77.3818339134096, 85.18794057027671, 93.42954579613362, 97.02011086135056, 100.04362313194376, 99.13233975159199, 96.89667287016557, 91.6389625902931, 85.2146290215252, 79.0051953644491, 80.3705869553745, 82.5710385664988, 90.96121471587358, 91.87770024363054, 90.25739841132186, 88.53547269671463, 63.72591291593901, 78.7006628459205, 92.3916426115016, 100.01655687468143, 112.15905351325596, 120.6206154556935, 121.42161493861403, 123.88214854120298, 131.19483862309878, 135.63371183224015, 129.0389018632964, 118.75409617895436, 112.73102386242563, 102.7439948624048, 92.75956802528636], [22.678255530543037, 20.860872806264002, 25.455238571609048, 38.98562116635268, 34.801781307148126, 32.08294356411989, 30.494438650197925, 50.90088786150345, 53.764156165028204, 62.40612825840926, 70.6417069747026, 80.21068885556308, 73.66161676237398, 67.33735592255424, 58.28572519727905, 8.208036001933774, 0.0, 9.372832526905938, 22.33091811429425, 35.4507979081028, 32.26937518004972, 23.004925555839165, 12.741443998589954, 8.078377061760422, 10.330465022367626, 45.29359686440089, 52.39072215130906, 60.85373934868113, 69.97679209255796, 78.65315991207007, 78.8564786277832, 69.866500967268, 60.92505676589936, 52.80002957872537, 46.64146685137077, 26.665187519837584, 38.4921291021013, 50.89621581088869, 58.743922701576025, 65.37167680271625, 69.71424977895897, 73.19130161632731, 74.51514284301517, 71.89168989403593, 59.87197091693664, 47.24244285191887, 38.571463052943145, 88.28004144995494, 83.35976038067432, 77.46362272667449, 82.58409690916227, 83.0722812749176, 91.04664646513413, 99.35140307862773, 102.56186367671437, 105.1354018174471, 103.74000071212194, 100.80156815103693, 94.65660443605319, 88.51105203149729, 83.19220313469633, 85.36797637908715, 88.07216267670843, 96.46093824212392, 96.96504194087518, 94.81393263887988, 92.32484337086085, 57.124716057222145, 74.20914739910366, 89.77132978827791, 98.61432721859055, 111.55553290624427, 121.09817402376854, 123.46762461500252, 128.12770191995972, 136.26582535079066, 140.9990780397068, 134.6630342991732, 124.42198082106472, 118.57794045420745, 108.53800788607099, 98.32873259299528], [24.184170743841808, 18.71744734885954, 21.083683949529338, 33.66629756300431, 32.01551579444549, 31.04753996615336, 31.82976273621032, 58.06199996947652, 61.529419400982036, 70.43332740924608, 78.40180710801181, 87.51903218365524, 81.26848264168139, 75.01598786795333, 65.77176929494699, 17.369648017077747, 9.372832526905938, 0.0, 13.017771888039558, 26.399346305094035, 23.41739304348827, 14.08482426576569, 6.870506976124688, 11.052977688257723, 17.74107360821799, 54.04514111264464, 60.94188239828364, 69.08726405675101, 77.79504705660486, 86.09182970467785, 86.32535532655297, 77.77956081967486, 69.19893152241069, 61.27556731832408, 55.28028739908835, 33.253288567996194, 44.47352733189031, 56.13811489122499, 62.073020932734934, 68.8625585071094, 74.30281346224162, 78.64755592273474, 80.20897605667992, 78.03286182399428, 66.79929345332198, 54.67268743104281, 46.45117252665915, 89.55669939019026, 85.55595171016738, 81.24877679184834, 87.01824297610762, 88.11482204972336, 96.12528445213727, 104.3875563083768, 107.10889756907969, 109.18751991927965, 107.23958930549958, 103.49253534032455, 96.28817633893009, 90.51565345212796, 86.40429944824469, 89.53522578245547, 92.77372064403946, 100.99219426214054, 100.9966102727789, 98.26135269739487, 94.86517927902273, 48.793471218591215, 67.56903334728136, 84.8976894646716, 94.98541450557043, 108.73121174461988, 119.43854474150687, 123.65813601922493, 131.01640439084332, 140.00417573760413, 145.1888930055787, 139.2847673755994, 129.28582615224488, 123.92312235820964, 114.2995926040984, 104.51627270922017], [31.008360304435524, 22.976502566755062, 21.57383927740795, 29.983800223967222, 32.90611971508658, 34.39198944603328, 37.63905835889041, 68.33871575615059, 72.27857066418241, 81.32708098640738, 88.88091130643167, 97.39381490463369, 91.65835107241035, 85.6442147966481, 76.28272756521316, 30.211924392315463, 22.33091811429425, 13.017771888039558, 0.0, 13.967913268752673, 12.181351993797485, 5.419973385479026, 13.461962255272411, 22.17323560487504, 29.85166154406019, 65.86969489082932, 72.43513038444604, 80.08871318873697, 88.16720289237708, 95.90177504740632, 96.20089326744427, 88.30507023378318, 80.27896165393406, 72.71314659641953, 66.985617397709, 44.072062229757805, 54.75934952004552, 65.57631390397732, 69.07964497910234, 75.86837133902827, 82.5511359413435, 87.69915893378314, 89.33738924112741, 87.5299956451192, 77.58327591946593, 65.84688570297985, 57.82928619115492, 93.32155894892044, 90.63805304728002, 88.42992906296433, 94.82500149536823, 96.54054617472832, 104.33421507948013, 112.29242189699855, 114.46781439122836, 116.11569778014345, 113.5783743723927, 108.91420653906967, 100.38965053317395, 95.15248695629089, 92.72716078172031, 96.94005889908786, 100.67082173445924, 108.39423377219066, 107.854394413424, 104.55041182579829, 100.08177169061373, 37.17809681703686, 59.03634615755671, 79.22214132857347, 91.19585936752695, 106.1064952696494, 118.41352106031353, 125.34420834805061, 136.33881277626818, 145.84677657908813, 151.17816176542297, 145.74832061503358, 135.946991910758, 131.07421038648627, 121.841716353112, 112.52093768718731], [37.94269662277635, 29.53429141387653, 25.568713937514747, 27.170104199063054, 34.73513347413746, 38.18780371331779, 42.987520105295225, 76.68583589106484, 81.34723157971243, 90.64039743329559, 97.59936651149982, 105.13607445936721, 99.97033909939363, 94.21250946617288, 84.80793903719378, 42.83587853473586, 35.4507979081028, 26.399346305094035, 13.967913268752673, 0.0, 5.409710304290703, 13.108778144642315, 24.6410999746252, 33.599871187640304, 41.51194822007371, 77.09343094419378, 83.39573323207013, 90.49873702988658, 97.84915216831044, 104.62543418915544, 104.75974298752992, 97.78705084210145, 90.43167370572172, 83.18005751459903, 77.80737161614445, 53.77943130654865, 63.96678989415455, 73.95591026422797, 74.51630038682748, 81.05993124608958, 89.02830430195763, 94.74191036647646, 96.18643425055943, 94.65973824689002, 86.78210256103965, 75.40973074842685, 67.71768194606456, 94.56641172043219, 93.43449362061762, 93.61966720568988, 100.45064890993304, 102.67991053741032, 109.8653998212329, 117.17585727836439, 118.7766562910711, 120.17720592001068, 117.14987596419073, 111.67108725672584, 101.80683163029433, 97.17803935475628, 96.76451115437257, 102.0028076734721, 106.04399540329652, 112.83750109226081, 111.77833220885611, 108.07150613919394, 102.56270751979544, 23.71338447344628, 47.4515111628954, 70.18151659451826, 83.92977825975609, 99.94340969722005, 113.73061658469295, 123.58820405800323, 138.48323692651266, 147.87899094251478, 153.18768383296452, 148.37861545602328, 138.99217859601353, 134.94247531641625, 126.72179500706771, 118.79867107338349], [33.223328275176236, 24.495623298307798, 20.250876334608925, 22.56346830734453, 29.487690302713162, 32.925122950518755, 38.003236078181004, 72.75050573156925, 77.80213529802475, 87.34452214059192, 94.4008889661575, 101.8908243526115, 96.43175388458103, 90.42130864664776, 80.95677884891307, 39.3618543501678, 32.26937518004972, 23.41739304348827, 12.181351993797485, 5.409710304290703, 0.0, 9.40243936839398, 20.59835977909952, 29.566177938451332, 37.55817691348194, 74.1380890779842, 80.69080480616657, 88.02293230367901, 95.62856745354885, 102.41406411589492, 102.34348504117513, 95.24941875421892, 87.67740918599834, 80.1558358312424, 74.67816473780844, 49.21907508692501, 58.92923686502127, 68.68990906229739, 69.16923343401618, 75.73169807430209, 83.68300128210261, 89.49355842602762, 91.0702499665599, 89.72804739056927, 81.76172970991277, 70.72614349483128, 63.58325923883634, 89.5798371612766, 88.24975238803377, 88.27699443049649, 95.13972836807731, 97.42832192503079, 104.75543573398438, 112.25862017852525, 113.79524084272494, 115.03547363595787, 111.98002850001032, 106.52711470884215, 96.81858514762521, 92.12733736054278, 91.50164807539132, 96.7277421745376, 100.84329771201418, 107.83920211151538, 106.73398702585477, 102.94725282449737, 97.4965393313546, 27.08833565409854, 47.38785686432867, 68.40096632748761, 81.32754292440701, 96.87491609182206, 110.19927895990158, 119.24631456241299, 133.47794383788602, 143.3663341269742, 149.29667165061164, 144.64734285987367, 135.5848941673327, 131.87598020672084, 124.22462460466089, 116.93730077925181], [27.458852387340006, 18.830204963995826, 16.575603957813815, 24.588570853775867, 27.734524763532423, 29.593753101571217, 33.46416344233815, 66.3164426689075, 70.94167748046992, 80.36450699669237, 87.80458851108196, 95.91288190527415, 90.07429881924577, 83.88567223398593, 74.43026416739905, 30.301655051788522, 23.004925555839165, 14.08482426576569, 5.419973385479026, 13.108778144642315, 9.40243936839398, 0.0, 11.713619835719017, 20.89429070151933, 28.906441358496846, 66.0358335480378, 72.78227137548848, 80.472490008267, 88.54721583266706, 95.91341358161436, 95.92059603254202, 88.24718799396081, 80.24213266790963, 72.49445385194362, 66.78756304647516, 41.81323040636279, 51.986606905079654, 62.42345734008338, 64.89517196791817, 71.63609858867328, 78.72627287229697, 84.11051893206874, 85.76726706943559, 84.19019826978969, 74.90588812891188, 63.54038288802117, 56.146266430908426, 88.29043576554123, 85.87215129563397, 84.22570393579751, 90.76478669419025, 92.66786520081216, 100.36575091879776, 108.27034342757663, 110.22614453945988, 111.7040915392465, 109.02060735967933, 104.16692782997083, 95.39404246900342, 90.25365362995387, 88.23502945710989, 92.72876343649892, 96.59250355119131, 104.17487893844113, 103.4521271618433, 99.98901042061388, 95.28249023644268, 35.845771167827806, 55.16794529177184, 74.36413753408745, 86.00533154576088, 100.77039336958212, 113.01344779976328, 120.0140888810249, 131.51252881171368, 141.310583434556, 147.16516522832336, 142.07325730983374, 132.7097726735008, 128.44162511919163, 120.13574097046104, 111.99549677747746], [18.93248932748649, 12.11370465108197, 14.261912647324307, 27.13044173543155, 25.210952148568865, 24.479370024053765, 26.057002583043833, 56.183963604390755, 60.7058224527373, 70.18405603382708, 77.95768619007168, 86.46625473678557, 80.11869996272397, 73.63320662060985, 64.20578534453749, 19.125255929721018, 12.741443998589954, 6.870506976124688, 13.461962255272411, 24.6410999746252, 20.59835977909952, 11.713619835719017, 0.0, 9.260134246159776, 17.301735497363058, 55.54289379784767, 62.64128619591674, 70.75378722744722, 79.35762162347773, 87.0675980598842, 86.91034392892249, 78.75469425907914, 70.28106313756423, 62.14915595252375, 56.222553851171455, 30.74748857250715, 41.38952254832841, 52.621152250796264, 57.0089085153209, 63.796003069741396, 69.91763217296445, 74.66043702889739, 76.24745640686677, 74.39079380983107, 64.1445159938196, 52.468329708563815, 45.10615488207437, 83.39168460464663, 79.78856890229845, 76.32688623760238, 82.35715551334833, 83.74766226090773, 91.6377995546315, 99.82660119755325, 102.23233822644833, 104.07946870516992, 101.89972499772911, 97.8392739825708, 90.20835494779239, 84.56367860237192, 81.06836787964735, 84.6532986731511, 88.10957943049641, 96.12535379877085, 95.8555471496856, 92.8725539981727, 89.08875925754275, 46.29112762819417, 62.36922090158651, 78.55126309630819, 88.28285647513123, 101.89149142527059, 112.59600402758733, 117.06625346672232, 125.32012506951337, 134.69915416198896, 140.554227645726, 135.11057651606833, 125.67200304357131, 121.12670890668313, 112.73682737524817, 104.55252840154094], [14.921334251409991, 13.19261052810497, 18.55983347328295, 32.133971975926684, 27.10546164910434, 24.0893831333893, 22.64042712910002, 47.95001204876399, 52.24321204815192, 61.69383861918073, 69.68853607925587, 78.49514705932454, 71.8145171738676, 65.17216148392252, 55.81944429201726, 10.913023927317207, 8.078377061760422, 11.052977688257723, 22.17323560487504, 33.599871187640304, 29.566177938451332, 20.89429070151933, 9.260134246159776, 0.0, 8.066019085823806, 46.964609575360406, 54.30161332049744, 62.67699192335213, 71.62294987542073, 79.51719817196718, 79.22190094868634, 70.75398468112074, 61.97643370909447, 53.58676754656206, 47.533414759722874, 22.304299109482386, 33.93568922133094, 46.125818694281115, 52.21908614994815, 58.89017857220244, 64.05309317190324, 67.97324688327016, 69.28440393593098, 66.98681919253266, 56.180258414840225, 43.911603792640285, 36.21328130496728, 80.78067099258398, 76.25270889765372, 71.24611781781475, 76.66081162144512, 77.46035625302144, 85.2887880592986, 93.50831456249672, 96.3843062370981, 98.75292493903744, 97.11972882030008, 93.85713991419512, 87.24625962024062, 81.19390719694714, 76.52358375162837, 79.19299014321717, 82.12315395193134, 90.27048237761646, 90.48379457722278, 88.08415208542657, 85.18408809993451, 54.34832548578816, 68.41821446432661, 82.51994057557049, 90.84306355215912, 103.56857214822793, 113.02045679442617, 115.58314958605075, 121.17358177398597, 129.66019294739098, 135.12593959042778, 129.3019429053447, 119.68734856174258, 114.79721494396924, 106.22648764705633, 97.9767495411267], [16.403980046288307, 18.895021280174944, 25.09076376322363, 38.35239134311404, 31.651662549160665, 27.261423307114924, 23.36443266441918, 41.55594387557012, 45.376863198744466, 54.66086632384062, 62.90158959834813, 72.08403954404213, 65.08796627182178, 58.33298112121085, 49.13761435953888, 5.78639966428936, 10.330465022367626, 17.74107360821799, 29.85166154406019, 41.51194822007371, 37.55817691348194, 28.906441358496846, 17.301735497363058, 8.066019085823806, 0.0, 39.58753414467556, 47.14858365732463, 55.795938200093694, 65.09446848851904, 73.24040821076433, 72.8612927025668, 64.03504289458157, 54.93805396608746, 46.31514716367477, 40.11680235439863, 16.342231174265617, 28.89588813426009, 41.89794332324843, 49.8430694348573, 56.271719436684755, 60.314367174596505, 63.31796961145461, 64.3457734144758, 61.577193564862775, 50.087579747195235, 37.19383275562347, 29.003956369295327, 80.13656628212256, 74.77059423261097, 68.26057191063873, 72.99628194515648, 73.17789289369121, 80.91785512711941, 89.13858364883487, 92.48693332009067, 95.35348373543994, 94.26503369230471, 91.79535016057388, 86.21723601848979, 79.8412139634109, 74.04973918288964, 75.76697167690799, 78.14408301155073, 86.40136224170752, 87.10506472499134, 85.29606295560419, 83.28623386550514, 61.782516754660215, 74.71557611504788, 87.3204190165564, 94.52922546970814, 106.47627225476144, 114.84190912024904, 115.73179683875559, 118.82189390431122, 126.43953586934038, 131.45963549535455, 125.245236399753, 115.4278205903734, 110.12326354511436, 101.2450685541333, 92.74209963682527], [48.78436839894527, 56.12860270308696, 62.75029216143489, 74.27123257668754, 66.78449360694215, 60.82184477877433, 52.58558995311711, 27.611313219248576, 20.825303248647806, 22.69331744370915, 30.979209027223714, 42.69566167763603, 36.81552628588827, 33.14799028922399, 28.509536049546718, 37.943343584902074, 45.29359686440089, 54.04514111264464, 65.86969489082932, 77.09343094419378, 74.1380890779842, 66.0358335480378, 55.54289379784767, 46.964609575360406, 39.58753414467556, 0.0, 8.034091385332758, 17.387542427021994, 27.83836227114794, 37.49962424394418, 37.64164002516332, 27.013043602604967, 16.95288338755827, 9.239007479317138, 4.652915792999698, 35.7396218657807, 44.031706551055656, 55.18662091469414, 66.30523805686852, 70.10232819016264, 69.25154404373873, 66.15103410864675, 63.65830734228501, 57.01031891247784, 48.80697700510821, 34.9754920473262, 23.860030830803428, 96.7855543791111, 89.54119648378779, 78.70800390897213