{
	"dissimilarities": [[0.0, 8.61106093160128, 15.899359958845167, 25.574005320044392, 18.695721101945708, 12.637402592821157, 8.47664753007992, 41.05274714700289, 49.090682211321095, 59.50625346051639, 66.69623166183447, 73.71101356646781, 67.35905598687657, 60.3745157590555, 50.78538985598644, 20.816542595848595, 21.259044653649443, 23.572340334205023, 30.77509556893965, 37.68899997247219, 34.070728855669024, 26.18750945444736, 18.311121957202868, 14.438550258140566, 15.15648537482084, 49.392061427463716, 56.7260103678513, 64.55632937321674, 72.91423633021999, 78.73057008510128, 77.81058567592436, 70.7770441271924, 62.69889568892825, 54.23123620187334, 48.69239741664725, 16.587432582418415, 26.48226771322662, 38.93099873845998, 39.00088267258978, 47.20431330602055, 54.411269850734605, 58.32032959146273, 58.54750357730929, 56.36815104531414, 49.13265666113564, 37.44266700417802, 33.490064345489934, 66.16212785819265, 60.649356407419084, 59.04685825981527, 64.33783361966444, 66.75840788563038, 72.26334315349173, 80.80401213302858, 85.87779445062944, 87.31373351971816, 85.63818029075588, 82.15877236740633, 75.82622627553194, 67.41937557624418, 62.84886635841634, 66.41732439876387, 69.5561326294044, 78.4282297996481, 78.65451843890014, 76.73895248891688, 73.85256616282017, 61.21207282733626, 64.34766218676289, 77.16848344214041, 87.42783748172091, 95.37132567496847, 112.15600944272458, 116.721415994088, 114.89035620789444, 129.32181587587803, 124.03043556833398, 117.94052674963628, 109.15906718461609, 106.63414537295573, 102.06911771469011, 95.31762984127107], [8.61106093160128, 0.0, 7.980467053278342, 19.832403436192525, 14.340945539786494, 11.628304912555611, 13.50483085289875, 49.538410687154204, 57.38203584291072, 67.72729873552909, 75.04443844523196, 82.22274782940855, 75.8940987786326, 68.87924551853214, 59.29308983525626, 23.086647591431646, 20.499016195638532, 19.5111208847425, 24.41334504345644, 30.88067696857893, 26.89697544254978, 18.99185224980465, 13.078955805662202, 13.733638704492883, 18.349553774291184, 56.291469827712696, 63.68916194629596, 71.70712175133879, 80.20903571243558, 86.47064928169917, 85.73163166111678, 78.44440440494438, 70.22830582136979, 61.756841335679965, 56.01426484447405, 23.746581556559796, 32.39094507213991, 43.447909654892236, 42.88559089035516, 51.50293221532998, 59.172531399647404, 63.933213539715496, 65.123282400185, 63.530874491025806, 55.416974626867834, 44.72579952648944, 41.16804483660945, 68.6263895259191, 63.71040958540279, 63.15388398365386, 69.2813695000162, 72.45381436832652, 78.5656772677821, 87.56078044442569, 91.98818744795196, 92.48515056083048, 90.16708613414264, 85.86696676510265, 78.98720674887156, 70.6160419335009, 66.92447704077718, 71.33156198588101, 75.18142159090472, 84.955652207855, 84.14073597507041, 81.52926873591431, 77.75328562938903, 56.33824176615432, 60.8909608702669, 75.78945076071686, 86.97484957335118, 95.4593027513346, 113.21826467318586, 118.91431566961795, 119.14611277616291, 135.1442937347558, 131.06185053240128, 125.43111421050476, 116.99561922304758, 114.7540807588081, 110.26998613614259, 103.18769546529576], [15.899359958845167, 7.980467053278342, 0.0, 12.925403669629274, 10.610273133452644, 12.943012541888617, 18.370057895607328, 56.90473129340374, 64.94848027030204, 75.3207440883967, 82.46982592989144, 89.31112636580855, 83.13083870727314, 76.17814867332125, 66.59942319351538, 30.135913008199406, 26.11490696240532, 22.337102034813874, 22.576264004309525, 25.73403320304747, 21.434707389497643, 16.35076648365186, 15.762380722314383, 20.093801190270646, 25.89703705811916, 64.1557266358638, 71.47982661672069, 79.37455839199238, 87.65110829390015, 93.74041974021942, 93.02513465654059, 86.00840996067092, 77.95495271939264, 69.56935863709978, 63.888891183266544, 31.581638352078397, 39.0145752172375, 48.67941847232522, 45.900457034375805, 54.864971409203214, 63.32558404358742, 68.88746757996637, 70.45141569048774, 69.43320408977493, 61.81794349441373, 52.041860934667454, 49.043556369552334, 68.91307800175244, 65.14996325969562, 66.12096696308998, 73.00004977541963, 76.81234251992885, 83.13182335697736, 91.89448330439443, 95.68137635768721, 95.4756818621499, 92.57590145765863, 87.47252260407517, 79.89482497998259, 71.5044219342002, 69.49178560824582, 74.82000488424387, 79.24962964755345, 89.10454879152175, 87.47798169133179, 84.27410695622592, 79.54718328742877, 50.533367981845586, 54.89136632508509, 71.01570644699484, 82.95142765358437, 92.00272866603645, 110.49689504153466, 117.40443274324299, 120.56601297413117, 137.29575149751432, 134.54006303914534, 129.51841266209416, 121.5720673696543, 119.85343354055566, 116.01188603496169, 109.48902906997657], [25.574005320044392, 19.832403436192525, 12.925403669629274, 0.0, 11.104610154768375, 18.11173052267795, 24.76250638847282, 64.51677576366907, 73.10888370296998, 83.50614437992084, 90.01438925727322, 95.73137348266485, 89.97380658358534, 83.30260904182789, 73.87191664971205, 42.60022145356523, 38.62650167753758, 33.88148593674247, 29.689004013223446, 25.583535154067466, 21.905856715779574, 24.02623114317127, 27.678560530640787, 32.62158308692899, 38.08278804222717, 74.56664863325997, 81.63397629186426, 88.98904202469711, 96.50327063177208, 101.56262390305754, 100.68009265334639, 94.70530224991488, 87.26317070240333, 79.13352622591698, 73.85710863227644, 41.84639426011359, 47.86507337843286, 55.923209899546606, 48.54185506249542, 57.74287402566309, 67.54512304766426, 73.9595104429094, 75.17851161884052, 74.86843604226024, 69.63908542533518, 60.92295945700086, 58.76947417437181, 65.8891378840179, 64.52730311656362, 68.12486507285924, 75.75089852170011, 80.15928527181302, 86.11285537931981, 93.50285252938413, 96.46105510226704, 95.74221274956585, 92.22842208803422, 86.17438666218521, 77.49834646645749, 69.02264962141435, 70.4255734131284, 76.98077813625555, 81.90229963095479, 90.56857889617561, 88.27536151483402, 84.50736747424314, 78.51315820867191, 42.42694563041404, 42.67533881899228, 58.87295751695551, 71.64895416050736, 81.60846246254776, 100.70342774289222, 109.34929672539452, 117.72800072134324, 133.9252811669492, 133.03230333451808, 129.0353643542525, 121.96633187676974, 121.26961894199819, 119.06761877597773, 114.53402633694407], [18.695721101945708, 14.340945539786494, 10.610273133452644, 11.104610154768375, 0.0, 7.921574746106298, 15.947514662883561, 56.871189660732966, 65.79604549383285, 76.35626145478413, 83.09983547143568, 89.0620367657014, 82.56016644195722, 75.46300215106749, 66.09063390086813, 36.92593883578719, 34.61295446344875, 32.40100061719158, 32.9569171800382, 33.54808502241636, 29.352618881533175, 26.692525548483903, 25.73949974605511, 27.950489532802482, 31.7895964222254, 67.81222241429617, 75.20260459088807, 82.96295813576802, 91.08277024581122, 96.19880795506242, 95.03965388510188, 88.6556464953238, 80.7912248397793, 72.30144349491256, 66.87959117910623, 33.43267222856375, 37.43670965032383, 44.851328544481646, 38.28987604760966, 47.46216037441289, 56.89212715955694, 63.25287380892999, 64.93492484896844, 64.80000447026485, 58.91640072303282, 51.1197315053592, 50.55072450050933, 58.801996106710746, 55.84629818135434, 58.184699448126786, 65.63289056365589, 70.00176757872208, 76.35297166847334, 84.78117730553612, 87.788998030444, 86.93900361804255, 83.61796036121768, 78.01673039119132, 70.02667051003337, 61.627513608150785, 60.99445805186927, 67.11003667012463, 72.0083356567079, 81.77008510207298, 79.28967694337314, 75.61890283459655, 70.2153612279927, 53.284089615190595, 51.83817536636117, 63.712873965412115, 74.21122452816383, 82.38622545249956, 100.75664904732692, 107.22096830285425, 110.80965747193093, 128.64363761730857, 127.48559605530343, 123.33183833657742, 116.44329196011974, 116.11270466051539, 114.5719144569344, 110.54911151715729], [12.637402592821157, 11.628304912555611, 12.943012541888617, 18.11173052267795, 7.921574746106298, 0.0, 8.41555380825772, 49.27093458991206, 58.236558885336606, 68.81976789134268, 75.6554170523123, 81.79806145065515, 75.05827706395307, 67.83997589325375, 58.471817605142135, 31.762440237633502, 31.038798564389406, 31.037442977064043, 34.773737162198, 38.021617509746555, 33.87735400992913, 28.801903750539424, 24.578923264833346, 24.094077948298665, 26.20263933524867, 60.60748426807355, 68.04942778997857, 75.87591534831635, 84.16724217496531, 89.26746195919878, 88.0036799200624, 81.47400722718248, 73.49919292141693, 64.923120804139, 59.51650095722136, 25.93639601675751, 29.856201702928754, 38.30584749912205, 33.3518386871583, 42.3834094504265, 51.23931064972223, 56.94280935640222, 58.26914533793263, 57.68794456469726, 51.557550831769376, 43.24353617797594, 42.83902784271373, 57.197411393539994, 52.9176362519774, 53.66628516952718, 60.43654723449528, 64.23105666826983, 70.43086033368111, 79.15220433961463, 82.76314318218057, 82.58513130464796, 79.83627259489721, 75.04936284695219, 67.77667378132381, 59.35225506026689, 56.89767363906167, 62.13994551219836, 66.514872980087, 76.28427270111179, 74.54634925758685, 71.44422408173135, 66.99962367955813, 58.98139546464286, 57.81708888114608, 68.24869261238689, 77.78471849434247, 85.22912828093239, 102.73359620220369, 107.80145673739823, 108.15726921832476, 125.40615171988358, 123.03012721736955, 118.33548600630385, 111.0640413206435, 110.39461325658374, 108.54495807619526, 104.34946290021495], [8.47664753007992, 13.50483085289875, 18.370057895607328, 24.76250638847282, 15.947514662883561, 8.41555380825772, 0.0, 40.941346380970245, 49.922119235461075, 60.498293206950635, 67.26644627525968, 73.41777379087245, 66.74484487402135, 59.599723083306806, 50.189780071956264, 28.15130810962597, 29.31815573486902, 31.477825978997103, 37.44515138944733, 42.23981681934895, 38.4190193209275, 32.18790481896813, 25.711845174967223, 22.475697389735007, 22.282489451806004, 53.10025753786364, 60.401280161157885, 68.0185227103839, 76.15254399074068, 81.01545617435636, 79.681937514448, 73.29232993100214, 65.45631591992499, 56.9628867787325, 51.747479098443876, 19.141818318005264, 24.514942561528034, 35.02260538984623, 31.703982307115517, 40.24174155706167, 48.370113623746605, 52.94671505929879, 53.17105712722904, 51.73172801812197, 46.162165736692444, 36.35528357977301, 35.16314725237867, 57.803979810373725, 52.680256963987006, 51.9143656906698, 57.620640256686194, 60.4513302337147, 65.98603927277044, 74.29558404899458, 78.82360078574665, 79.84678261981253, 77.90437301608408, 74.13567254916327, 67.55289443851147, 59.077966466655795, 55.3224625920967, 59.444032967451236, 62.923169557848375, 71.72521991480319, 71.35287862984288, 69.1318556605223, 65.82985034111522, 62.97771792192871, 62.21936345015652, 71.83157016312845, 80.85359537761438, 88.0205894674535, 104.52739796346634, 108.57322805822486, 106.73042171092828, 121.97036130586348, 117.88456327770385, 112.4729280946788, 104.5473842513246, 103.22248904311174, 100.7061124124778, 96.23488796631649], [41.05274714700289, 49.538410687154204, 56.90473129340374, 64.51677576366907, 56.871189660732966, 49.27093458991206, 40.941346380970245, 0.0, 9.910306312927617, 20.14493053224133, 26.66531835119476, 33.706671479999606, 26.46034516126048, 19.461140678421035, 9.884452762603704, 41.11568109309932, 48.42966439176952, 56.370795428866224, 67.19140743157938, 75.71662885814457, 72.9822364249816, 64.63712054906418, 54.70301589561624, 46.29811750113441, 39.16940377177817, 24.54259847296229, 28.855496927216763, 33.867115990047175, 40.79602497866989, 43.615105650624734, 41.38632283966139, 35.70313510226064, 29.07021778813105, 22.088670497649467, 20.345421348873707, 28.27125722803841, 30.92426968815867, 40.8756107833427, 47.23539620622335, 49.25495926597529, 50.04831535968068, 46.9107628417935, 41.15242517611416, 34.40391901733318, 33.934712701495705, 20.30871441802186, 14.655458069464562, 73.73522125363299, 65.73015801892838, 58.124911430033904, 56.993823220712315, 53.974352467216896, 54.77915205987465, 60.15072539469303, 69.12887933963803, 76.00582834006417, 78.38694029899054, 80.1261447231993, 78.10836846542702, 71.34415816941546, 61.7265476687623, 59.154499795636745, 57.11783847196764, 59.777754449752116, 66.67035348885202, 69.29374608769136, 72.28226789468548, 94.82646457099555, 95.11126324777382, 100.64044769377571, 106.51345047975732, 111.41229576052038, 122.8237750835102, 121.50510369650583, 107.32162189545046, 113.18088009356262, 100.19139483139344, 90.8961987311529, 79.7008829505475, 74.45137935206363, 67.83571585229583, 61.61475973845897], [49.090682211321095, 57.38203584291072, 64.94848027030204, 73.10888370296998, 65.79604549383285, 58.236558885336606, 49.922119235461075, 9.910306312927617, 0.0, 10.593876727974608, 18.096971871908544, 27.00771610661157, 20.37922407232174, 14.746487506549247, 8.477628813076745, 45.93635181235904, 53.467515445232955, 61.8020532936725, 73.0472585104841, 82.31986018904486, 79.8491095526325, 71.14906257149032, 61.02307480502081, 52.43159732108392, 45.09198624846277, 19.38632161197286, 21.376819775934983, 24.92513647123534, 31.51936082742001, 34.49328800244988, 32.30621628754133, 26.018181333676054, 19.62727068038544, 13.923240119009261, 14.773662443720479, 35.65120664383248, 38.927035242826776, 48.470813226124946, 56.52974477869244, 57.92214177144501, 57.516272395650574, 53.240515547636974, 47.14065099707276, 39.815736577291155, 39.19852387116562, 26.508895408468604, 19.413213325396207, 82.85172918088323, 74.57560114727772, 66.19248401029986, 64.12601588741846, 60.2625617756512, 60.25828416956708, 64.93397191722698, 74.53287996119984, 82.27684661584645, 85.3429109959491, 87.89998493061526, 86.58083718200393, 80.1687418332327, 69.86279844827074, 66.3557044220333, 63.49795265678481, 65.09384630968155, 73.10679362359288, 76.45342566294444, 80.32321080441466, 101.68320872095387, 103.40081368736776, 109.63549616221184, 115.64382548680506, 120.59443942685074, 131.45802563439435, 129.67467958103936, 113.8721192367973, 117.64380136558445, 102.50338238397363, 92.18722595498308, 80.00070108996036, 73.04251878748059, 63.76941769373889, 55.03010413033815], [59.50625346051639, 67.72729873552909, 75.3207440883967, 83.50614437992084, 76.35626145478413, 68.81976789134268, 60.498293206950635, 20.14493053224133, 10.593876727974608, 0.0, 8.61808747701629, 19.34021188898224, 14.19977510138101, 12.56830036906928, 14.073407226782184, 55.04356955278965, 62.59617952330236, 71.05206951146074, 82.3824380871272, 91.87272793632823, 89.58708987013125, 80.85718389899881, 70.73738657625414, 62.134114150791234, 54.76792233669367, 22.33180865597899, 20.438825288077222, 20.081101460028684, 24.40879707723314, 25.83377550580083, 23.21618077589165, 17.60035914622463, 13.910519078579851, 13.646750487969324, 18.39122078927712, 45.929636683415325, 48.72424107901468, 57.18645062169293, 65.82504171891989, 66.37089808578162, 64.86035960354977, 59.46711394963001, 52.72046560065717, 45.09145733089039, 45.78202526676813, 35.169478836388436, 29.051393093013953, 91.05407037863439, 82.69638638650619, 73.702758978684, 70.54954386194879, 65.74928607400275, 64.57794358157756, 67.9838346818194, 78.13899648791282, 86.91453450008126, 90.79133515363075, 94.33196376600037, 93.84394974542955, 87.91581453353706, 77.19199921790536, 72.69071792428716, 68.87211693025912, 68.75898475669462, 78.0498978164576, 82.25900565400804, 87.13387744382727, 110.73928536769543, 112.7927279464367, 118.63337706214168, 124.23951375917494, 128.88912491247578, 138.771793688309, 136.13073380474495, 118.34144367906035, 119.49605595049704, 102.13481301411429, 90.86263794946157, 77.89268320972228, 69.44557559486857, 58.11868792122312, 47.94179567730489], [66.69623166183447, 75.04443844523196, 82.46982592989144, 90.01438925727322, 83.09983547143568, 75.6554170523123, 67.26644627525968, 26.66531835119476, 18.096971871908544, 8.61808747701629, 0.0, 11.214213809065484, 9.4553540653167, 13.333097424013296, 18.903714566679746, 63.255884415377146, 70.66540461643818, 78.89424882292559, 89.7850133068668, 98.693481150705, 96.52622962586119, 88.2781294117052, 78.44685622520542, 70.01769986411333, 62.81174495961441, 30.282887431275427, 27.03570412570466, 23.862874435185823, 24.266722859604798, 21.654306393312115, 18.08529777422849, 16.988271138929942, 18.246500155360287, 21.232521246123788, 26.638321014125008, 53.73854691909436, 56.13787994404193, 63.854325923164595, 71.33435405555156, 71.36822537288353, 69.61648475689049, 63.71976005980874, 56.0326060958072, 48.39704270677282, 51.61428112942802, 42.40078059454563, 37.2439147497057, 94.6345954229947, 86.74407905612274, 77.89852225205148, 74.07173954924492, 68.65213365018543, 66.23390196523589, 67.717241296408, 78.26074300695937, 88.04180325871863, 92.52755385192219, 96.7389371426103, 96.67465189998785, 91.06492891894035, 80.88957420577948, 75.91289213857789, 71.39168527957702, 69.00705076129715, 79.46908053749462, 84.36488382403566, 89.82699531426721, 116.00349534874958, 117.2477716133944, 121.92112360341869, 126.92099200595548, 131.26631630453602, 140.0485750129284, 136.78275834169222, 118.47401640824081, 116.5667866496467, 97.52151285407159, 85.61153299618557, 72.0609069817094, 62.61540650091019, 50.38127526839521, 40.94364093566409], [73.71101356646781, 82.22274782940855, 89.31112636580855, 95.73137348266485, 89.0620367657014, 81.79806145065515, 73.41777379087245, 33.706671479999606, 27.00771610661157, 19.34021188898224, 11.214213809065484, 0.0, 9.898843028252443, 17.75374044764238, 25.106081933838162, 72.52343118082868, 79.73577729671854, 87.57743923260566, 97.7616447980626, 105.5919574105688, 103.4827735971092, 96.02767982998765, 86.64644694709509, 78.4978632636719, 71.54177850215643, 41.27781332136794, 38.00670598337355, 33.86913007913864, 31.448660727578797, 24.526243553588902, 20.322733181264695, 24.948257767889668, 28.81529942199685, 32.282729085060716, 37.50377528627763, 61.7937219974261, 63.43942003647872, 70.14983834357594, 75.43750923251406, 74.90283476444115, 73.20062367549986, 67.02817789518267, 58.188455671328185, 50.85124823666215, 57.54583995448346, 49.955176574169066, 46.22587361265413, 95.64765413160426, 88.63069994028494, 80.36786259986327, 75.91492862364407, 69.94194601982456, 65.97321597653877, 64.70230220373006, 75.52582792207794, 86.45509953342909, 91.56664531198618, 96.44688903181374, 96.76042110650344, 91.559955517174, 82.56018628023908, 77.26254479544289, 72.03971058056503, 66.57300489552401, 78.32604064556837, 83.95125408292513, 89.92367260628029, 120.57188481927385, 119.97113620305126, 122.49794697977984, 126.4394020783525, 130.23284039212788, 137.49187886658513, 133.4329301372469, 115.06564403121301, 109.28302965800101, 88.57068767886679, 76.10172535153187, 62.02550742114678, 51.81756383576563, 39.91234914477568, 34.65808125484442], [67.35905598687657, 75.8940987786326, 83.13083870727314, 89.97380658358534, 82.56016644195722, 75.05827706395307, 66.74484487402135, 26.46034516126048, 20.37922407232174, 14.19977510138101, 9.4553540653167, 9.898843028252443, 0.0, 8.224127915708205, 16.938807369944346, 66.18538468312006, 73.71088628137878, 81.89301151501806, 92.68190265395351, 100.98152251688236, 98.54879474588941, 90.56108547509942, 80.73819536165136, 72.28927139112324, 65.01999298022685, 36.2727459840384, 34.49157712129425, 32.72238711449313, 33.69687802030997, 30.018073045144707, 26.05731799786918, 26.358403728581308, 26.754469964392456, 27.80573416139792, 32.10504302655723, 54.526524750399595, 54.7593110640361, 60.74403032380834, 66.96546747932685, 66.12612521406831, 63.9492631682488, 57.649660225680776, 49.19401196545729, 41.70815912626728, 47.71537801491661, 40.79847301842565, 38.61677663740694, 88.2819395270782, 80.54273996837827, 71.64880904008089, 67.18841666905553, 61.320771940703054, 58.076819733187065, 58.700193602430396, 69.34119552950546, 79.50934863951606, 84.33445710230184, 89.03415819230575, 89.4860032561702, 84.32486075437875, 74.21968704900382, 68.7796055818746, 63.75314166849606, 60.18909971290986, 71.14486928689116, 76.45124547143575, 82.42197672472305, 117.60727320788584, 116.55717027394164, 118.83480169043474, 122.52771555542569, 125.89108508592567, 133.83336124663404, 129.50576563167772, 109.61207993598627, 107.7868607899778, 89.16386183011925, 77.57520242246179, 64.72552280772648, 56.786738362840495, 48.327366968818176, 44.303452504229796], [60.3745157590555, 68.87924551853214, 76.17814867332125, 83.30260904182789, 75.46300215106749, 67.83997589325375, 59.599723083306806, 19.461140678421035, 14.746487506549247, 12.56830036906928, 13.333097424013296, 17.75374044764238, 8.224127915708205, 0.0, 9.604530702462771, 59.42617325953617, 67.07050873580117, 75.37347967833894, 86.44602375546401, 94.97548970533838, 92.3341001446478, 84.05350052617291, 74.0169159546733, 65.44532930171647, 58.05085462996029, 32.03153139091806, 31.98932270628489, 32.57538432323624, 36.14738891781798, 34.91729410372396, 31.37863864932209, 28.911605378401696, 26.341772057048647, 24.66373758185065, 27.581032881061216, 47.09188008113581, 46.62597922381926, 52.599574569826665, 59.39357498135782, 58.729020640097964, 56.663820119700475, 50.68336307103225, 42.74223111316082, 35.12800955099486, 39.92950266318964, 32.607438500120935, 31.291761506832046, 82.06475184828854, 73.87149285223508, 64.76853961472982, 60.76150586584424, 55.34450612369401, 53.142565566896835, 55.638631570556235, 65.93198650594282, 75.17681697288816, 79.46892514886648, 83.62250549759483, 83.77765611637865, 78.3930265207694, 67.71194448833293, 62.58611822451862, 58.09881658283785, 56.601354747308136, 66.49402630012062, 71.22139582182967, 76.75558092573547, 112.71461961274944, 111.56263135517473, 114.11075224134404, 117.96153675572536, 121.31187672694683, 130.1068316513742, 126.09193126277216, 106.31093325763126, 107.74306620593948, 91.11851925236572, 80.3732136825925, 68.41435553733841, 61.98899465853986, 55.25741964799816, 51.29577265004328], [50.78538985598644, 59.29308983525626, 66.59942319351538, 73.87191664971205, 66.09063390086813, 58.471817605142135, 50.189780071956264, 9.884452762603704, 8.477628813076745, 14.073407226782184, 18.903714566679746, 25.106081933838162, 16.938807369944346, 9.604530702462771, 0.0, 50.43856792540777, 57.94789462125524, 66.08243818380006, 77.01817992610827, 85.48651117667116, 82.79195850967811, 74.5186007651348, 64.54378141291421, 56.05426588403949, 48.77611571856708, 27.34719282675754, 29.402838512994354, 32.27696096795987, 37.73286930121941, 38.61096146462243, 35.69926550689319, 31.40494134935106, 26.468849740961602, 21.828588930885523, 22.720573993304264, 37.74015353974684, 38.339319520212996, 45.96334715742588, 52.51393079299934, 53.01365870011196, 52.2557420118079, 47.52917754779707, 40.41527801602916, 32.98356622778762, 35.5960001024271, 25.370006413908865, 22.67675429964319, 77.01066600983899, 68.86796023963414, 60.402677932200966, 57.707810639725835, 53.37643581425836, 52.61742395069296, 56.59219210325383, 66.32874508530702, 74.47327508282953, 77.85326445370292, 80.86017888612321, 79.97151754311398, 73.90019750316516, 63.66126838113882, 59.70186960240375, 56.34578580835797, 56.87462311730533, 65.3807839674477, 69.12235187974028, 73.47165871177253, 103.7671127301562, 103.12312936232198, 106.9097660582435, 111.64867875385518, 115.69549942963476, 125.72745199926655, 122.96922581568835, 105.8564794285675, 109.5353976344937, 94.76890955137118, 84.77033761797668, 73.20205499821596, 67.46519379395694, 60.94030687845124, 55.93844758447921], [20.816542595848595, 23.086647591431646, 30.135913008199406, 42.60022145356523, 36.92593883578719, 31.762440237633502, 28.15130810962597, 41.11568109309932, 45.93635181235904, 55.04356955278965, 63.255884415377146, 72.52343118082868, 66.18538468312006, 59.42617325953617, 50.43856792540777, 0.0, 8.232389806781383, 17.763697405757334, 31.525471578272413, 44.60081886840264, 41.75559388729851, 30.09042153781174, 18.825295719948993, 10.36772585034172, 5.883142376399962, 38.179283289758736, 45.59271145690321, 54.34085833201571, 64.00457550775948, 72.39323308066729, 72.22744493973407, 63.02516435642453, 53.97832988837945, 45.635025312129756, 39.34675062353906, 17.402940651918428, 29.833340255452896, 43.451835668457306, 52.009786404715115, 58.51244704166892, 62.53334914394458, 64.4155083107723, 65.18381313671567, 61.6698190278713, 50.079267658649115, 36.56582352504473, 28.72732591714772, 82.62052554715387, 74.96196392054499, 70.18009241988942, 73.9118171868989, 75.16741642915859, 80.81407521536006, 90.85218211721083, 96.97831200287602, 99.08544411210717, 98.26772349139708, 96.04934857698348, 91.23938218134218, 83.43236100232303, 75.165692089616, 76.74022707808764, 78.88571206536044, 88.89142414958457, 90.16660838589051, 89.11111640102499, 87.92261610812832, 73.04970846961456, 82.00258330775985, 97.55819412396438, 108.23348692362181, 116.05129434530933, 132.61900920435377, 136.20819599279065, 129.57912183558466, 144.0615375639304, 136.0994697834022, 128.51069139925568, 118.31802602905621, 113.67665872187133, 105.40802016675892, 94.02179195734344], [21.259044653649443, 20.499016195638532, 26.11490696240532, 38.62650167753758, 34.61295446344875, 31.038798564389406, 29.31815573486902, 48.42966439176952, 53.467515445232955, 62.59617952330236, 70.66540461643818, 79.73577729671854, 73.71088628137878, 67.07050873580117, 57.94789462125524, 8.232389806781383, 0.0, 9.653187632579817, 23.688916435809297, 37.43482625145207, 34.733852668315514, 22.756412966567048, 12.102218744865171, 7.025485423848091, 10.394964532809288, 45.58878725940148, 52.71318782028897, 61.1797235782159, 70.46340886568396, 78.92164724181198, 78.95147860644589, 69.96514342485635, 61.1802486718833, 53.09633686852144, 46.93085752839253, 23.701052644070582, 35.80677591833264, 48.805223018751114, 55.69964586319099, 62.89229269599155, 67.7939783544716, 70.50042200371676, 71.66248653348607, 68.57098903746267, 57.12266480691871, 44.16452747383647, 36.67245538467537, 85.19892533951052, 78.28531628316219, 74.65277044927265, 79.16844416031694, 81.03147886478943, 86.98548856274192, 96.9557831116463, 102.68087487889998, 104.25796019314164, 102.93931004391939, 100.00409020147069, 94.52463247193158, 86.53740788096471, 79.46093255423706, 81.8787608558862, 84.58866502975053, 94.82444027980712, 95.47971335948202, 93.90580934493279, 91.88822932881388, 67.08036104650377, 77.83679516300174, 95.43480980998842, 107.12734544241358, 115.6915103437914, 133.02548383499212, 137.83503505281863, 133.80825840201524, 148.772765196972, 141.61927395483318, 134.35464795690277, 124.28921392581485, 119.74992067479296, 111.40508033033073, 99.77341805907666], [23.572340334205023, 19.5111208847425, 22.337102034813874, 33.88148593674247, 32.40100061719158, 31.037442977064043, 31.477825978997103, 56.370795428866224, 61.8020532936725, 71.05206951146074, 78.89424882292559, 87.57743923260566, 81.89301151501806, 75.37347967833894, 66.08243818380006, 17.763697405757334, 9.653187632579817, 0.0, 14.19543776871386, 28.489136391231764, 25.99341290362343, 13.959410915121778, 6.670526544042981, 11.174386856851429, 18.39392524656798, 54.50624774259272, 61.37921742655477, 69.48531480731715, 78.25203418977674, 86.50576442262738, 86.66160710668665, 78.10964051691859, 69.67699180702472, 61.81574072033126, 55.81790561883544, 31.21899473194582, 42.911060875108625, 55.24051462123213, 59.8112398315918, 67.69609455486778, 73.6507484877334, 77.23366904683976, 78.62612097694829, 75.986984038386, 65.12841522206224, 52.64525097636922, 45.50693332849803, 87.48124932360699, 81.62499862419172, 79.4492273756661, 84.79410531181519, 87.28690957525167, 93.44138728680709, 103.10094152715828, 108.3674518216566, 109.42305268217426, 107.56105043994442, 103.82536380010399, 97.55012888521074, 89.37284732530465, 83.9241442978704, 87.30134852019138, 90.58824796055394, 100.79592143661677, 100.82978872874594, 98.71141691578661, 95.74417598960311, 59.21489202381345, 71.84412748133309, 91.66957010505149, 104.49323144704151, 113.9307133279941, 132.03226575080592, 138.30077672248424, 137.61772275599301, 152.82933366890617, 146.67590736183715, 139.85485966000127, 130.01234016936243, 125.7042593561938, 117.53659950658566, 106.04376920842633], [30.77509556893965, 24.41334504345644, 22.576264004309525, 29.689004013223446, 32.9569171800382, 34.773737162198, 37.44515138944733, 67.19140743157938, 73.0472585104841, 82.3824380871272, 89.7850133068668, 97.7616447980626, 92.68190265395351, 86.44602375546401, 77.01817992610827, 31.525471578272413, 23.688916435809297, 14.19543776871386, 0.0, 15.13578613731781, 13.654528158084592, 6.421804213643472, 14.626547808949656, 23.28302605241969, 31.156086608208852, 66.94159447778677, 73.43960967207222, 80.93214626872411, 88.81991527010489, 96.52254537901904, 96.80691801424085, 89.0778364997491, 81.26560127695676, 73.76176946060767, 68.082099207018, 42.76518106823729, 54.158188627029745, 65.83576960943402, 67.05815862932147, 75.65477864949912, 82.95506337939736, 87.46509013460344, 88.75966171111256, 86.56889953259382, 77.0415585012994, 64.8486900669608, 57.83889769079837, 91.48085843506864, 87.3545655266889, 87.2283768284822, 93.46489941108108, 96.59318670559782, 102.7010018183461, 111.4919298782591, 116.24641978747654, 116.87243030003833, 114.41112973866971, 109.72334695111287, 102.38098240857255, 93.9783374852509, 91.07365051667477, 95.61219198611637, 99.46588325076387, 109.04125928458693, 108.54401903691765, 105.8646881429384, 101.72061393442809, 46.75459578248129, 62.46511827924847, 85.64152872438488, 100.14344891096276, 110.95671064638366, 129.86529426012655, 138.30943932296117, 142.83792796133056, 157.48670863353374, 152.52864579494823, 146.30069094632796, 136.7332652224873, 132.68285873182867, 124.7824165058938, 113.72282467429648], [37.68899997247219, 30.88067696857893, 25.73403320304747, 25.583535154067466, 33.54808502241636, 38.021617509746555, 42.23981681934895, 75.71662885814457, 82.31986018904486, 91.87272793632823, 98.693481150705, 105.5919574105688, 100.98152251688236, 94.97548970533838, 85.48651117667116, 44.60081886840264, 37.43482625145207, 28.489136391231764, 15.13578613731781, 0.0, 4.533602398070986, 15.596594085261147, 26.584719103045977, 35.23507821710577, 42.96110454991581, 78.65672000043324, 84.97471755081861, 91.91722207928944, 98.95360704799938, 105.57623728289988, 105.72893755511883, 99.1122316867769, 91.92903306771714, 84.6084172683305, 79.2777118054122, 52.56527717999506, 63.156134027499114, 73.98842555618073, 71.26628136167024, 80.34165064973712, 89.01522370560134, 94.39753015941942, 95.36017519156958, 93.73004343084799, 86.22486599482151, 74.59596802650748, 68.28057605929973, 91.37543706405435, 89.31540111831939, 91.45045815753433, 98.45142916700468, 102.14799768796571, 107.97937408876149, 115.51594720536303, 119.61918932983473, 119.86247240247879, 116.84160881696764, 111.26296814994417, 102.87529876722886, 94.35043240064526, 94.42633112418585, 100.1072809149091, 104.4387214649439, 112.93581391335013, 111.92747814322348, 108.7449632701815, 103.43855458893805, 32.23510098601627, 49.28914562457535, 75.01458913530999, 90.88159717724702, 102.92611186141997, 122.3043429015947, 132.8276961841577, 142.95901505099837, 156.67014615349675, 153.30111002278886, 147.95940557596327, 139.04559612293502, 135.7492102503246, 129.0894927690091, 119.73111579284306], [34.070728855669024, 26.89697544254978, 21.434707389497643, 21.905856715779574, 29.352618881533175, 33.87735400992913, 38.4190193209275, 72.9822364249816, 79.8491095526325, 89.58708987013125, 96.52622962586119, 103.4827735971092, 98.54879474588941, 92.3341001446478, 82.79195850967811, 41.75559388729851, 34.733852668315514, 25.99341290362343, 13.654528158084592, 4.533602398070986, 0.0, 12.39113764544741, 23.345216290699064, 32.04745970931101, 39.80164481954832, 76.49287237006173, 83.04459217580627, 90.23716845849393, 97.58208958323746, 104.20616392768795, 104.21532698331724, 97.43846172126571, 90.02632285373498, 82.46461546520756, 77.00971176292825, 49.14739989680518, 59.21756825695458, 69.74640119917169, 67.04621092610314, 76.10910721238646, 84.75288149709118, 90.24267214134004, 91.43185253664338, 89.9634063456318, 82.28697525821099, 71.04430802223757, 65.29800134859012, 87.46274869537642, 85.16882839126652, 87.19942788159295, 94.25959017314634, 98.05743537950937, 104.05682309798824, 111.90158175061997, 115.87219607287618, 115.90833508128866, 112.82915191264028, 107.2373435456921, 98.94257503140028, 90.46395736053074, 90.24862576329235, 95.94771618242808, 100.37531549449743, 109.25444743138665, 108.00373344638315, 104.73307128789612, 99.43146359795111, 35.062758399694744, 49.61761748847045, 73.94603095958469, 89.2433160516277, 100.80978179675172, 120.19781012257108, 130.20069724593407, 139.2703209040788, 153.8189570756021, 150.72770788573328, 145.49690044781545, 136.7994191761099, 133.83212070297247, 127.70159356134323, 118.80392491563572], [26.18750945444736, 18.99185224980465, 16.35076648365186, 24.02623114317127, 26.692525548483903, 28.801903750539424, 32.18790481896813, 64.63712054906418, 71.14906257149032, 80.85718389899881, 88.2781294117052, 96.02767982998765, 90.56108547509942, 84.05350052617291, 74.5186007651348, 30.09042153781174, 22.756412966567048, 13.959410915121778, 6.421804213643472, 15.596594085261147, 12.39113764544741, 0.0, 11.497948594134215, 20.643380711686465, 28.668230303169565, 66.33749301652489, 73.17785703598565, 80.9114109114043, 89.03836618609868, 96.38463262670855, 96.38584164551963, 88.74675965251718, 80.75509275471161, 72.90296243793247, 67.12446957790131, 39.33746873955448, 49.76466239518555, 60.871142577021615, 61.222376907771505, 69.91713891232493, 77.50173976404051, 82.36718879007495, 83.88638786793408, 82.06364010752189, 72.80877424132439, 61.30993095512215, 55.41041890594391, 85.22879076160268, 81.19620447303261, 81.38839686157891, 87.8677813913301, 91.2586865027052, 97.53004251717825, 106.45216603263948, 110.87394079468224, 111.14440038081496, 108.49343768565564, 103.61640882363865, 96.19383235420638, 87.82962088904621, 85.14314815811181, 89.94731649220813, 94.03357019785362, 103.8775859226617, 102.93928380944996, 100.04018421789911, 95.67041185057158, 46.89158372479885, 59.694068066113445, 81.31038048213857, 95.21759913379799, 105.57882725995006, 124.49992641068317, 132.61084664095816, 136.83891759349916, 152.38139444255256, 148.18738793717336, 142.34102902448336, 133.26544147520463, 129.91314617744987, 123.18168111070447, 113.36680730338483], [18.311121957202868, 13.078955805662202, 15.762380722314383, 27.678560530640787, 25.73949974605511, 24.578923264833346, 25.711845174967223, 54.70301589561624, 61.02307480502081, 70.73738657625414, 78.44685622520542, 86.64644694709509, 80.73819536165136, 74.0169159546733, 64.54378141291421, 18.825295719948993, 12.102218744865171, 6.670526544042981, 14.626547808949656, 26.584719103045977, 23.345216290699064, 11.497948594134215, 0.0, 9.237880824826545, 17.306142547462876, 55.77231324418065, 62.90053952801653, 71.03427115370249, 79.73959224572802, 87.34635421613078, 87.20928564179361, 79.06850464636565, 70.66773812345292, 62.53289723784143, 56.555223818436204, 28.68618006480739, 39.65502485167667, 51.6046458058869, 54.46918868727738, 62.661273555890176, 69.26043799130245, 73.34730978317259, 74.76707669365891, 72.5228371197212, 62.45737397512538, 50.53067003235372, 44.51630083537316, 81.32658906968045, 75.88452847941686, 74.38705010398411, 80.10467792993266, 82.91697876071719, 89.12957935075924, 98.60311070159581, 103.52494565812547, 104.29279079797556, 102.1948103184564, 98.15632781222142, 91.59044413811257, 83.34541253976974, 78.62346004260772, 82.45618941255874, 86.01976528182708, 96.16943447290285, 95.81047755148548, 93.44218625412363, 90.08249062770896, 56.510497794389394, 66.89473970509415, 85.60624167980488, 98.09866769727716, 107.35485350507601, 125.48462544818275, 131.78062374037694, 131.82552345881973, 147.43537812774397, 142.13104405643656, 135.76685031645133, 126.42156820252293, 122.83337519939089, 115.909987289472, 105.88692904226026], [14.438550258140566, 13.733638704492883, 20.093801190270646, 32.62158308692899, 27.950489532802482, 24.094077948298665, 22.475697389735007, 46.29811750113441, 52.43159732108392, 62.134114150791234, 70.01769986411333, 78.4978632636719, 72.28927139112324, 65.44532930171647, 56.05426588403949, 10.36772585034172, 7.025485423848091, 11.174386856851429, 23.28302605241969, 35.23507821710577, 32.04745970931101, 20.643380711686465, 9.237880824826545, 0.0, 8.070751651358691, 47.12987937604656, 54.479500060565144, 62.86839835000117, 71.9527320591017, 79.61354110291693, 79.33104846779605, 70.90463201597696, 62.24260191627344, 53.893567261543296, 47.80403938691854, 20.15716135112985, 32.0651787405912, 45.01941262888456, 49.965200138085116, 57.562208577597275, 63.248892668605116, 66.49101847224195, 67.55508580034824, 64.83181635503921, 54.40754315865251, 41.823533955826, 35.46220779661102, 78.7777327690813, 72.31267629853734, 69.39795613286374, 74.30446205722149, 76.47571871760256, 82.43725381039613, 92.11087711459383, 97.53673346278194, 98.90638039618054, 97.36967906321716, 94.13586436550025, 88.31822770480102, 80.20409420599923, 73.93723720293978, 76.8380396244321, 79.81191023102089, 89.85420009256205, 90.19272996947124, 88.39403202070075, 85.97623273214354, 63.79862223388149, 72.43808657595515, 88.89977959100193, 100.2735532278129, 108.70057407612003, 126.01409752610803, 130.88707576002622, 127.77362371398883, 142.90342451914205, 136.54982649441652, 129.733025167922, 120.13409610986115, 116.30564924875156, 109.22700965229822, 99.16413570230887], [15.15648537482084, 18.349553774291184, 25.89703705811916, 38.08278804222717, 31.7895964222254, 26.20263933524867, 22.282489451806004, 39.16940377177817, 45.09198624846277, 54.76792233669367, 62.81174495961441, 71.54177850215643, 65.01999298022685, 58.05085462996029, 48.77611571856708, 5.883142376399962, 10.394964532809288, 18.39392524656798, 31.156086608208852, 42.96110454991581, 39.80164481954832, 28.668230303169565, 17.306142547462876, 8.070751651358691, 0.0, 39.87564944959188, 47.454911238262774, 56.08398963407515, 65.52584150935155, 73.17564237786384, 72.7283724020177, 64.05378521277922, 55.14452012966584, 46.57416939705886, 40.382586446849515, 13.310390772930823, 26.134587226159837, 39.96020141516974, 46.927666044651296, 53.7833180793109, 58.485887126299474, 60.83627554625094, 61.51236207174696, 58.309361594214614, 47.60009599929288, 34.33225977455936, 27.6015957109332, 77.12681583143068, 69.79593062678474, 65.56905099878136, 69.63255731172163, 71.15117254333029, 76.82130883848346, 86.63596277730669, 92.52070974046907, 94.45910993149587, 93.4609705558832, 90.99965949011126, 85.9142797456822, 77.99161495411585, 70.34594977012635, 72.3196243632771, 74.69155832658561, 84.56080197343539, 85.57136920758104, 84.32934470506008, 82.81768833322509, 70.45490376168351, 77.68097949359165, 92.20411177440863, 102.56247971188228, 110.23111184145618, 126.75576686456067, 130.363066898929, 124.43563743513697, 139.0831758935014, 131.7990444536636, 124.58938897460514, 114.79358543408738, 110.77473970563453, 103.6208435370848, 93.62049429468809], [49.392061427463716, 56.291469827712696, 64.1557266358638, 74.56664863325997, 67.81222241429617, 60.60748426807355, 53.10025753786364, 24.54259847296229, 19.38632161197286, 22.33180865597899, 30.282887431275427, 41.27781332136794, 36.2727459840384, 32.03153139091806, 27.34719282675754, 38.179283289758736, 45.58878725940148, 54.50624774259272, 66.94159447778677, 78.65672000043324, 76.49287237006173, 66.33749301652489, 55.77231324418065, 47.12987937604656, 39.87564944959188, 0.0, 8.025210361696136, 17.404682842531606, 28.345713545392805, 37.342435414321294, 37.146438791418014, 26.380954774744204, 16.627569043131952, 9.145617001248029, 4.634224942481429, 35.33980479890291, 41.94303232019943, 53.262910157763564, 65.33487032065412, 67.77257949419996, 67.18719214752547, 63.614163711548315, 60.09390321419032, 53.3125048280787, 46.17216494884168, 32.06128469458705, 20.580816178590705, 95.07577407513864, 85.96466402652