{
	"dissimilarities": [[0.0, 7.330134106420832, 16.56700202425107, 25.81452782306682, 18.744604766763175, 12.88578486118944, 9.702107360923245, 43.09140427854698, 49.93997537145426, 59.258070947065754, 67.62750868789082, 74.82261177638983, 67.34046941896277, 60.16212777395677, 50.77651648184142, 19.10552049848486, 19.073934349724233, 20.816313984940397, 26.104036519943826, 34.16538125862395, 30.2266297889786, 21.89910730219579, 14.534826399370342, 12.462376333768534, 14.437075036491434, 49.12741736562636, 56.482183683606976, 63.43417015228671, 72.74173690041297, 78.81475597768592, 78.04101051980096, 70.92445261951245, 62.812983638498395, 54.35345100851108, 47.76223745312422, 19.84546186517404, 25.78645179386953, 37.14279602622692, 39.75457091411398, 47.91565363122374, 56.11869069343541, 59.80502922105689, 59.89283138997088, 57.385665241733726, 48.77028284891898, 37.635435360091236, 35.20204455715118, 67.04702336313417, 60.84139536730146, 61.24511801575033, 65.2656034580904, 69.10753734837252, 74.20092373407078, 83.29505982457691, 87.58621738384615, 86.84937047791567, 84.91200899259005, 81.23550588313095, 75.71118806226133, 67.30261771450134, 65.16362368260701, 69.1250110552962, 72.71545773874992, 81.68185012733309, 79.66207867289351, 76.11309183940138, 73.2570306739648, 53.92292952749764, 62.013451849306804, 71.43250945203698, 79.85909390820493, 91.08450129725603, 106.82229157287851, 115.94713760614827, 116.17452810214893, 129.86725071872118, 123.18366310252479, 117.54454117959469, 109.38253175331671, 106.24275247565866, 100.36501990704683, 95.81720143941071], [7.330134106420832, 0.0, 9.581054221635169, 19.835091260640397, 13.547623037570059, 10.53015378494412, 12.642312082785294, 50.34439087291529, 57.26518121217002, 66.5840114198184, 74.92247606665862, 82.00655778037176, 74.56778570973411, 67.38628601506532, 57.98173100060952, 23.298002954661776, 20.810295549606447, 19.75594293527011, 21.723233139894738, 28.509306168299553, 24.08938578299071, 16.460024865852333, 12.226594404990339, 14.846833578089166, 19.567504298839697, 56.114437796667424, 63.47825394345681, 70.4645302385712, 79.76215087705964, 85.93273153922921, 85.22707921721167, 78.12102674417935, 70.00895866234336, 61.56998373900277, 54.906026404051005, 26.57208230466214, 31.364822188460575, 41.16748913366337, 42.32336479696118, 50.73202544057468, 59.54803906820284, 64.19646138747167, 64.89959595410298, 63.121443170177166, 54.32009529195304, 44.28195398147897, 42.346613216033234, 67.58002847080417, 62.29667077927777, 63.84105582956026, 68.59875806543424, 73.17963345715555, 78.73413987817491, 87.9746308615357, 91.5740593424629, 90.07166455857956, 87.5199374099337, 83.04580716638309, 76.80643371072401, 68.40510064917041, 67.56894178202299, 72.25337148373235, 76.56843081423426, 86.09880901900972, 83.23889951394125, 79.00631532966501, 75.34152396062449, 48.94186389813664, 57.548110982591496, 68.0680905821867, 77.3862647657808, 89.07319548086583, 105.65224234760439, 115.78407071884591, 118.02233353814107, 133.10014565868272, 127.7736595509029, 122.66880190580656, 114.93883961853602, 112.29890874159078, 106.90363237107898, 102.50476053355463], [16.56700202425107, 9.581054221635169, 0.0, 11.129270679351093, 8.49014172630952, 12.312793303755246, 18.500279695426503, 58.838724881059974, 66.05235053720372, 75.38201983144133, 83.46578128883071, 90.08251678014749, 82.87517531125985, 75.77469815744021, 66.31703361271646, 32.18602091499939, 28.303630761993784, 24.74792515178309, 21.21240207606451, 23.158841463421822, 18.131564992877305, 15.043515583538111, 17.49566233959681, 23.273615121475846, 28.930479663960973, 65.55240680131219, 72.83027463746788, 79.66189932446864, 88.60796169993797, 94.48725306627206, 93.78255960012969, 87.05838762725058, 79.16967395576954, 70.81605030474688, 64.28353287963695, 35.980642492812635, 39.44722615630835, 47.540055151909584, 46.09900212542191, 54.67403253186479, 64.46881969408534, 70.0422325096254, 71.0443087109744, 69.8299034324292, 61.92440312552051, 52.955225063058776, 51.699924205005075, 67.36276506040616, 63.838851591157216, 67.06906494526243, 72.62739088285257, 77.93304456115531, 83.72001887550954, 92.59564912748861, 95.40508198587857, 93.16214002836865, 89.89407359565335, 84.47727884038056, 77.22285738568156, 68.91083782439607, 70.25394353468748, 75.79143993965594, 80.82080593681235, 90.40936247260903, 86.7839479887873, 81.83576842388524, 77.15719947638993, 42.13343180155791, 49.820017510352955, 61.342965387432045, 71.74761162389534, 84.15743913514113, 101.6411985186753, 113.0689571928772, 118.49865010845868, 134.69782519000807, 131.22787333136216, 126.87607518597352, 119.76140116903035, 117.87397583622092, 113.42231178176343, 109.75628067689662], [25.81452782306682, 19.835091260640397, 11.129270679351093, 0.0, 9.841192923433317, 17.530853957389066, 24.422537384962236, 65.30827502163099, 73.03337506847335, 82.31237071752547, 89.83858301687054, 95.52307113084939, 88.70912378314267, 81.81431065285136, 72.38051760512333, 42.96620863762557, 39.27826600917903, 35.27276498537871, 29.11937468459915, 25.093368776581553, 20.560553699735667, 23.465597312377753, 28.335392005758628, 34.166495610358766, 39.37170505795108, 74.4731065032298, 81.58610678156359, 88.07256308329443, 96.33351528860003, 101.35740867859403, 100.4907281056003, 94.59833481565167, 87.1786621859646, 78.9700139726951, 72.82865842280353, 45.015711770193995, 46.85363441300747, 53.33145169013693, 48.49334639042471, 57.02564548811482, 67.99616497511812, 74.12785118121613, 74.89557339440123, 73.94158432640542, 68.24242138822538, 60.31229766078988, 60.11536233319079, 64.13653600680793, 63.03342385642782, 68.15565539134654, 74.30641098906999, 80.06077242235635, 85.65313199337191, 93.49916353657379, 95.56819543731862, 92.86541166322966, 88.99052767708393, 82.78407796777734, 74.45660969410157, 66.34410004038511, 70.4262892261007, 76.69148708910375, 82.16379462214736, 91.02177100305222, 86.96677805391799, 81.51244004719082, 75.88658836513046, 37.42634856364189, 39.89093408528889, 50.676411895510306, 61.771715307867765, 74.92447973620096, 92.98639200357545, 105.53440951438274, 114.58610054928309, 131.15368011896226, 129.74703523727578, 126.31513920766051, 120.0243416041267, 119.21584770948705, 116.413740101651, 114.4578842138112], [18.744604766763175, 13.547623037570059, 8.49014172630952, 9.841192923433317, 0.0, 8.134142015849118, 16.030643259766588, 57.83926431169367, 65.72806422522088, 75.08800476916046, 82.87239274385838, 88.8447090990283, 81.43148409167739, 74.30396711348223, 64.90962016435746, 36.46625933797699, 34.089313549862, 31.985247202316973, 29.68694946906189, 30.50324459511558, 25.48879872293506, 23.483772775248656, 24.398925952217525, 28.229201126496847, 32.291518523516494, 67.17420796580143, 74.54349829446689, 81.3497735527982, 90.20671316813409, 95.34537823150431, 94.27280401232288, 87.98974262400007, 80.19961323957955, 71.72173560077935, 65.39988809007723, 36.62763894400369, 37.36044722568001, 43.57516430416669, 39.70975033294309, 48.29620126042211, 58.8287791328858, 64.85748916238899, 65.91411352123814, 65.26809865613748, 58.65228407171785, 51.28338037605416, 51.99644947623245, 59.02695840615027, 56.087369568314344, 60.08936154924464, 65.99084075759777, 71.64874128919811, 77.52968505012336, 86.24155847892027, 88.46116754900437, 85.80244263256154, 82.23822054995492, 76.51950764866147, 68.99135812734578, 60.71384629135611, 62.898685595544926, 68.80186815416448, 74.16502395850695, 83.83722044081703, 79.68197808287242, 74.40289524952169, 69.3352939824611, 46.319315640726096, 48.70540128164096, 56.2685615856908, 65.30347826193193, 76.7607020432317, 94.00548432615697, 105.10047123451449, 110.29211762863214, 127.48059407294632, 125.06893072165524, 121.36313645956317, 115.00940129195406, 114.26687699453085, 111.62927388267842, 109.93698518300656], [12.88578486118944, 10.53015378494412, 12.312793303755246, 17.530853957389066, 8.134142015849118, 0.0, 8.398690752332179, 50.19333783514208, 58.11035941261521, 67.4834569875881, 75.39344551947431, 81.56916805550203, 73.87044067162908, 66.64077798494577, 57.278311866469885, 30.941364750578764, 30.167888082340152, 30.0940729239586, 31.245374004825194, 35.140204752485516, 30.288405711094036, 25.36789722765042, 22.54864202736045, 23.723619854107614, 26.178388974588543, 59.72466012461135, 67.17031400267737, 74.07561412233203, 83.1750352708662, 88.32081616312058, 87.1347479011254, 80.67409986447828, 72.73960256813075, 64.16146050465997, 57.82071067770306, 28.92586262108866, 29.343590286464572, 36.43352358441254, 34.11584511499655, 42.74521944101036, 52.73604467838354, 58.11855265602909, 58.93163292312113, 57.95519503480158, 50.90021575837213, 43.15155669923657, 44.13659402146761, 57.22980608704207, 52.64678551078951, 55.236644385182466, 60.530495453021004, 65.6637863416063, 71.41064686973822, 80.4839838138024, 83.28354531179524, 81.18721932851173, 78.20172075564041, 73.27651066632109, 66.63306103645844, 58.23551418408063, 58.50112641913861, 63.73800787630167, 68.56737884503828, 78.29032022991034, 74.67178097325818, 69.94357428488763, 65.7152684960858, 52.334295778094614, 55.176652155517516, 61.41003303071483, 69.1723700502507, 79.73054086989656, 96.03100664635949, 105.83618491074392, 108.00070036308799, 124.43054536261695, 120.59226785762242, 116.36621899286169, 109.64670571590386, 108.54399395971991, 105.57667289393441, 103.80796142232447], [9.702107360923245, 12.642312082785294, 18.500279695426503, 24.422537384962236, 16.030643259766588, 8.398690752332179, 0.0, 41.867542121385505, 49.80231053154527, 59.16514987602463, 67.01757945773693, 73.21681100472132, 65.57746046912442, 58.38298441904584, 48.987074908231314, 27.264936455125767, 28.433212722359972, 30.298796285633955, 34.034426122093116, 39.4975982508511, 35.13592517915081, 28.963797684205055, 23.50268495028562, 21.743993707619836, 21.92651221349554, 52.160449843153124, 59.47867330987204, 66.21143894524965, 75.12165234827275, 80.0484254009684, 78.80241910243217, 72.47530264930768, 64.67325397421362, 56.162317797794465, 50.03485377299661, 22.2764537133989, 23.45242644823759, 32.63311794820254, 31.95285585288022, 40.3963471812866, 49.783965574910184, 53.88769005491612, 53.743714517129526, 51.65828782504941, 45.20045004546547, 35.964907521321955, 36.498277880423856, 57.683332788110754, 52.06019719713452, 53.23284955593319, 57.56527258495673, 61.70765420887015, 66.77410080780541, 75.49988540327817, 79.2807398480459, 78.26940576557375, 76.08759534564383, 72.19104713072441, 66.38785326872704, 57.94568451187957, 56.686509991495456, 60.99907246754852, 64.8478798505441, 73.64291201175267, 71.23402916953503, 67.42264852803667, 64.22456171032665, 56.47272267052296, 59.60894077313105, 65.32506563315513, 72.28626467839987, 82.57702898707709, 97.84531585453546, 106.52324602152108, 106.61451516565384, 120.95735867357166, 115.3828184027247, 110.44279322948125, 103.10027987623891, 101.2965122176572, 97.6611578941786, 95.69091864379986], [43.09140427854698, 50.34439087291529, 58.838724881059974, 65.30827502163099, 57.83926431169367, 50.19333783514208, 41.867542121385505, 0.0, 9.052232798522306, 17.808533374497603, 25.407904055179323, 32.49051989266563, 24.29225008349753, 17.143008944830367, 7.922870306959783, 41.50715616711771, 48.83551643621592, 55.83536209769769, 65.56919299711748, 74.40852923515199, 71.55538130685885, 63.366353005742, 53.882632456315214, 45.937105643347195, 38.86175489678988, 22.87312300477014, 26.961938564233748, 31.221397082400415, 38.421680981670896, 41.152130166607066, 38.98366175155416, 33.51453525550127, 27.02232657768398, 20.0619880669071, 18.47963717628923, 28.186175736554155, 29.888970034575163, 38.9003512182241, 46.14756734921881, 48.99941953904062, 50.884773945918134, 46.53052560560978, 41.00233172164098, 32.23430031617651, 32.07662457701225, 18.56162546576342, 15.68880278081798, 73.58213281435829, 64.37059696102251, 58.493890491448106, 56.71374836047588, 54.320577920881405, 54.43442531361474, 60.1818910419595, 69.0236916079789, 73.86846768890868, 76.2406520703674, 78.07577817706745, 77.49550415648831, 70.72091780335532, 62.15390886368062, 60.639312812634856, 58.337169749637646, 60.7934392725961, 65.41706191011627, 67.19050992358173, 69.8926187906399, 89.76142125214425, 93.35227377440924, 96.13342497644895, 99.22275367390222, 106.80900675009947, 116.68699695491554, 119.46493258914784, 108.0390270731971, 111.84285070338608, 96.65273048491504, 87.71429243716568, 77.08113621217676, 70.86868165943737, 62.88246094118745, 59.81253295654551], [49.93997537145426, 57.26518121217002, 66.05235053720372, 73.03337506847335, 65.72806422522088, 58.11035941261521, 49.80231053154527, 9.052232798522306, 0.0, 9.388640945896057, 18.097189322778632, 26.96754010354504, 19.29676499962968, 13.259436957708157, 8.534945417023708, 45.58153890593867, 53.08027074339535, 60.37554422501677, 70.73531729311689, 80.21421052497756, 77.69877346752261, 69.16640013146478, 59.40663673067205, 51.14705894720421, 43.88550405449546, 17.978928405543254, 19.824184334488923, 22.86037934600137, 29.75203605001708, 32.80109904545249, 30.73269060066445, 24.56642319124087, 18.172702080031495, 12.30322160486789, 13.765414760341804, 34.03409942067492, 37.06283621062558, 45.97066073029034, 54.4989818658248, 56.84263297767614, 57.47296798838621, 52.173134899421974, 46.49760518747426, 37.45721278821271, 36.9917986302947, 24.268370039208776, 18.91556773342923, 82.05398902927526, 72.50249955711624, 65.90064839812051, 63.44303263408256, 60.24006240925676, 59.66745590385624, 64.81964477642398, 74.30488194732739, 79.92633716415223, 82.91522887670232, 85.44835122842217, 85.50548152546789, 78.99339277412373, 69.65559190580375, 67.45177368964808, 64.39643206838319, 65.9250036641766, 71.52597239281424, 74.0358037848598, 77.42928480295387, 95.75369486628637, 100.79860979531462, 104.49742928022722, 107.7658293953273, 115.46523023841479, 124.95434608239516, 127.24131837375387, 114.58465411796546, 116.44337850738563, 99.32659440926467, 89.44446085836, 77.93580966209947, 70.00379600139688, 59.3890118880847, 53.85987552488313], [59.258070947065754, 66.5840114198184, 75.38201983144133, 82.31237071752547, 75.08800476916046, 67.4834569875881, 59.16514987602463, 17.808533374497603, 9.388640945896057, 0.0, 9.465216519735245, 19.656254556578016, 13.085352287213249, 10.473497258532747, 13.386174745365683, 54.02719469712564, 61.55451288138633, 68.93432259359034, 79.46733252650013, 89.03117438801982, 86.68318855202762, 78.1542326714013, 68.3607120287695, 60.02896445081425, 52.72884853918156, 21.300739770123617, 19.573897163187713, 19.358291676018574, 23.667326973535477, 25.060519085655592, 22.482873820275582, 17.136872471194533, 13.280477182041503, 12.555324696950692, 18.150479029830148, 43.0768953525307, 45.74641456202455, 53.57074179918488, 62.25172897302073, 63.77813030141969, 63.2517740938363, 56.819823959008495, 50.57396094157215, 41.16818323111665, 42.42135600721864, 31.912037111988607, 27.294786960588738, 88.71016913428336, 79.05171088753934, 71.75575071747934, 68.40515914718075, 64.12746038353012, 62.43877003719175, 66.37526948118634, 76.54308345437444, 83.20518062461015, 86.98068887155698, 90.46197012157059, 91.35580750549704, 85.31229908306729, 75.31691715685335, 72.23186725788455, 68.14539332566214, 68.04129810172155, 74.93851954602427, 78.44112728409253, 82.71962083385755, 104.13550473273474, 109.14665090264484, 112.47234339578058, 115.22139321712699, 122.49175309484546, 131.03286716206122, 132.31391271970662, 117.84667058413183, 117.25775797475445, 98.13692031168613, 87.39733500782873, 75.23624314632605, 65.96104181043054, 53.69724384168147, 47.370037328012835], [67.62750868789082, 74.92247606665862, 83.46578128883071, 89.83858301687054, 82.87239274385838, 75.39344551947431, 67.01757945773693, 25.407904055179323, 18.097189322778632, 9.465216519735245, 0.0, 10.802896740514788, 8.514154968373784, 12.287133639604072, 19.25165008307275, 63.21870737543875, 70.62095022673633, 77.80571956207004, 87.95508073876921, 96.938749072814, 94.70201788873285, 86.63566571363359, 77.11904308285924, 68.97800616615758, 61.814060628445276, 29.991541587363276, 26.676496862401873, 23.74175072839632, 23.164593708120094, 20.15224814962135, 16.51143887514053, 16.10273687582313, 17.772139390072372, 20.84385758763173, 27.283045040626476, 52.116107971842176, 54.16844643602829, 61.105115060259, 68.72579586283933, 69.67734730159863, 68.81260275198666, 61.59884513367355, 54.487303611910214, 44.600365233424725, 48.950167866118946, 40.132355775497665, 36.598650505897204, 92.98297335301424, 83.83788734426, 76.41199404456013, 72.37697078144585, 67.15887781704106, 64.12122497061597, 66.04420179367852, 76.86178939815849, 84.67927090747112, 89.14233355600072, 93.44231416417627, 94.88285856753235, 89.31148422718474, 79.45196556279686, 75.71506056200982, 70.66369924461544, 68.20839389211753, 76.58354758156294, 81.04117515491212, 85.98776328228281, 110.77546789546618, 114.68460326437506, 117.05535963766242, 119.05190815855293, 125.87755725071715, 133.2294529500527, 133.48493285062975, 118.04511977498781, 114.30622450071203, 93.42055979567294, 81.91797438514207, 69.12787326217848, 58.625596209325614, 45.292978673701924, 39.91575509055323], [74.82261177638983, 82.00655778037176, 90.08251678014749, 95.52307113084939, 88.8447090990283, 81.56916805550203, 73.21681100472132, 32.49051989266563, 26.96754010354504, 19.656254556578016, 10.802896740514788, 0.0, 10.451854884657795, 17.564334013251145, 25.390552567429207, 72.30755607324045, 79.56090843700525, 86.44668764008847, 95.91686872755976, 103.93113976882836, 101.67372393897162, 94.31213397602474, 85.23068114706997, 77.41618283906558, 70.44715221728224, 40.656147151998454, 37.384238797882276, 33.79762816092795, 30.4163695631936, 23.400174877701023, 19.253001635224702, 24.17878825204797, 28.16257441502401, 31.562690821405802, 37.74525618760198, 60.41345430244508, 61.341409301269515, 67.15504715243439, 72.93445147045702, 73.31406514221523, 72.51703972242804, 64.78184556331296, 56.712667115934316, 46.479193396521545, 54.644605434599825, 47.55862884801252, 45.65262008465734, 93.96120522839497, 85.73524703047109, 78.52471144516085, 73.9259654453935, 67.88127022160756, 63.372574598376545, 62.74014545171307, 74.0739798565669, 83.0542163145982, 88.1217303483032, 93.16678082061966, 95.04023556574103, 90.04311819475224, 80.80072905237051, 76.54014361529532, 70.58976337392215, 65.33844865621776, 75.22846800536976, 80.60254367395315, 86.08954222483835, 116.10984572338084, 117.85554645134904, 118.45147942977766, 119.30393234125259, 125.39116016515854, 131.2636417235234, 130.33890608581547, 114.2252543361897, 107.13918611413058, 84.8288803274026, 72.74560305269284, 59.4857635433023, 48.21733497584723, 35.41439330393091, 34.72586230741536], [67.34046941896277, 74.56778570973411, 82.87517531125985, 88.70912378314267, 81.43148409167739, 73.87044067162908, 65.57746046912442, 24.29225008349753, 19.29676499962968, 13.085352287213249, 8.514154968373784, 10.451854884657795, 0.0, 7.648181357509117, 16.68837836135012, 64.6265825999506, 72.17000438806333, 79.39269376757328, 89.34105247455939, 97.96856464278608, 95.36259484632757, 87.43439057099663, 77.95293754034734, 69.85701086998283, 62.598232494224725, 34.03475222007043, 32.26274401667597, 30.845150378916994, 31.60760311658277, 28.16350735795251, 24.23061409108671, 24.349488104633128, 24.552350654290482, 25.45629675392477, 30.620474842890154, 51.874740110892084, 51.88188384673678, 57.16568287635871, 63.79195873867137, 64.02343759936736, 62.81462692453237, 55.174622457708274, 47.53596489830839, 37.49645701088764, 44.293800985309765, 37.64434318938357, 36.948076189596094, 86.50070543111417, 77.39068147023151, 69.73274643373948, 65.27436375096137, 59.61062028026733, 56.06912171249042, 57.62796316802829, 68.4993569913715, 76.53606814527637, 81.231457774579, 85.90784898063367, 87.80391611897814, 82.60081022992307, 72.48715412978227, 68.3528606104333, 62.881812399037685, 59.874242343410764, 68.52637453045718, 73.33006361361025, 78.65254707817422, 111.68165581725967, 113.5800805279308, 113.93876345703637, 114.84565429017302, 120.61173767754754, 127.2859157938791, 126.80027508909366, 109.97706179529484, 106.85072128752935, 86.39878481265698, 75.33748911088482, 63.24420185942384, 54.42573108988234, 44.88125449150994, 44.45371406047084], [60.16212777395677, 67.38628601506532, 75.77469815744021, 81.81431065285136, 74.30396711348223, 66.64077798494577, 58.38298441904584, 17.143008944830367, 13.259436957708157, 10.473497258532747, 12.287133639604072, 17.564334013251145, 7.648181357509117, 0.0, 9.475530349741328, 57.63251522024413, 65.23318456213246, 72.52004246447643, 82.56176153385067, 91.39325640234847, 88.62219607995571, 80.48572076434502, 70.89257155745541, 62.7459181068482, 55.42815838982862, 29.260019409185272, 29.146170416742454, 29.69379078416296, 33.23477232825435, 32.17999102876962, 28.732891314343533, 26.20479765814119, 23.494510658959594, 21.666984168494263, 25.366634206252844, 44.439563374382494, 44.240840737335795, 49.86636978958081, 56.90913844751488, 57.52821960603799, 56.732236549911065, 49.66815471850395, 42.47138069301828, 32.51668745069883, 37.69382305479806, 30.083811179789755, 29.774202604195796, 81.10231316413653, 71.64654515378207, 64.13097711991051, 60.20405060092031, 55.2774459378002, 52.80044997655125, 56.02294481106508, 66.35790582287508, 73.44446380509635, 77.55492552742747, 81.55397300262152, 82.97710998043948, 77.3892788890926, 67.23351187443593, 63.62767982936592, 58.920051074055706, 57.8021700719335, 65.23644574766934, 69.25385523844575, 74.02558060390857, 105.85602474771112, 108.03305588928941, 108.69667312013249, 109.99820904239616, 115.98700695229863, 123.52763201718088, 123.8161914709218, 107.8483173380226, 107.41439899604651, 88.67212478206423, 78.39063902642796, 66.96263621478263, 59.43691193291867, 51.08613965207367, 50.169663458807534], [50.77651648184142, 57.98173100060952, 66.31703361271646, 72.38051760512333, 64.90962016435746, 57.278311866469885, 48.987074908231314, 7.922870306959783, 8.534945417023708, 13.386174745365683, 19.25165008307275, 25.390552567429207, 16.68837836135012, 9.475530349741328, 0.0, 49.23667604287809, 56.66486436338019, 63.73727728009144, 73.46677670003729, 82.10323410367293, 79.25522334121003, 71.22898161038707, 61.78723338868862, 53.82494965528533, 46.678815029605694, 25.90858258951049, 28.093368671880523, 30.710289956852836, 36.28297776064729, 37.1892560550548, 34.40238452796325, 30.320015733604706, 25.37257300489095, 20.431722568457758, 21.50806909860934, 35.723169103799215, 36.02719295209641, 43.09660636540293, 49.88510454197362, 51.60291711909482, 52.33605079029124, 46.62181346351685, 40.031285613160655, 30.326078660762814, 33.50771973661954, 23.068771382884396, 22.250200245009054, 75.49664687366939, 66.24748541213818, 59.62531947356068, 56.79397642305832, 53.155974399149564, 51.9799578132213, 56.48772894350484, 66.08968606795175, 72.03329473477872, 75.21950660408189, 78.08021452687746, 78.41612262584532, 72.19351712995818, 62.947017924313144, 60.43168099569638, 56.947671225315, 57.608248032724944, 63.61784675834752, 66.46911835724934, 70.15565909974876, 96.78361249768902, 99.25280802203909, 100.68054141770232, 102.75445443873834, 109.4986433720412, 118.18587618427951, 119.74262360467604, 106.25804557614346, 108.10359937047113, 91.42223665449507, 81.9496413384296, 71.01542981531642, 64.44120685887104, 56.72622740849402, 55.135922037849966], [19.10552049848486, 23.298002954661776, 32.18602091499939, 42.96620863762557, 36.46625933797699, 30.941364750578764, 27.264936455125767, 41.50715616711771, 45.58153890593867, 54.02719469712564, 63.21870737543875, 72.30755607324045, 64.6265825999506, 57.63251522024413, 49.23667604287809, 0.0, 8.144555441096161, 16.577609600777972, 29.34470132968063, 42.681221973079566, 40.007755611873726, 28.622047946574934, 17.673487170934887, 9.090739356519526, 5.590245180599238, 38.093797052978836, 45.40278757903136, 52.95808458249668, 63.631265258274354, 71.8332794606785, 71.6568561997625, 62.71090797220852, 53.808311478214016, 45.615447553120866, 38.32804596884387, 16.38148382082008, 27.804648810032358, 40.73875472646675, 49.85618946369448, 56.55009429446075, 61.33473561144635, 63.36628023917157, 63.840588341080675, 60.86666355279523, 48.23425466409432, 35.350091475272805, 28.598016780356566, 81.32490410060056, 72.64746003859055, 70.25625878935035, 72.90188601252116, 75.58177795385652, 80.56602046126773, 90.76553821330955, 96.1091698095254, 96.16264810951448, 95.2320085324455, 92.83025308923551, 88.97489247046069, 80.86657496150559, 75.23480414632678, 77.72739776288545, 80.28016852685276, 89.77260436859689, 88.64880363663846, 86.11693140000766, 84.79387950170273, 65.43818450385153, 78.89540317206404, 90.37793075793488, 98.92416337459346, 109.78090700179631, 125.06437278417424, 133.19137982294782, 129.4474767439391, 142.17549380068823, 132.48769756468008, 125.4323036914279, 115.99876864617345, 110.77094603521073, 101.48574615366606, 92.98270671180005], [19.073934349724233, 20.810295549606447, 28.303630761993784, 39.27826600917903, 34.089313549862, 30.167888082340152, 28.433212722359972, 48.83551643621592, 53.08027074339535, 61.55451288138633, 70.62095022673633, 79.56090843700525, 72.17000438806333, 65.23318456213246, 56.66486436338019, 8.144555441096161, 0.0, 8.568335709406986, 21.73663655831382, 35.747042912824895, 33.34884214005039, 21.732728523454643, 11.52326670100666, 6.698084577709809, 11.017171643735342, 45.552029299570684, 52.591838222636525, 59.9031257488971, 70.18952609109701, 78.50206285195391, 78.52712553895657, 69.74906755315507, 61.08052345631129, 53.11488659827428, 45.96235587081972, 23.48662647262031, 33.94892212207102, 46.176918483374415, 53.876101976465414, 61.08567963282979, 66.70905033111534, 69.59475802149275, 70.4284880567933, 67.81830675360303, 55.33833920676331, 42.99651641907663, 36.57041697664304, 84.00197822363677, 76.18649265400268, 74.85775292282104, 78.18565045797489, 81.49529474756683, 86.80414059565139, 96.9728495245646, 101.89429637025151, 101.42418362412775, 99.97657955232062, 96.8650987113115, 92.2631359800797, 84.03682105827377, 79.66596709126681, 82.8366945275544, 85.99049152721301, 95.76711574965228, 94.0963127055231, 91.00089054592921, 88.94533643416365, 59.42144135653982, 74.8533800901794, 88.26653289440316, 97.94660401852616, 109.61110440659391, 125.7216389912248, 134.91881591994772, 133.44742558674272, 146.90632746358844, 138.20254992920462, 131.45327420349145, 122.1585422622438, 117.05198734643211, 107.70930805782322, 98.82962506727586], [20.816313984940397, 19.75594293527011, 24.74792515178309, 35.27276498537871, 31.985247202316973, 30.0940729239586, 30.298796285633955, 55.83536209769769, 60.37554422501677, 68.93432259359034, 77.80571956207004, 86.44668764008847, 79.39269376757328, 72.52004246447643, 63.73727728009144, 16.577609600777972, 8.568335709406986, 0.0, 13.39049685923439, 27.884780343129865, 25.883402301477638, 14.490189953651957, 7.651170287093471, 11.173759576569966, 18.308628391679946, 53.40547950395237, 60.22233703893971, 67.2388215756767, 76.99616623797029, 85.17683638413978, 85.34034178869153, 76.9162081252798, 68.55701416210708, 60.77142766202436, 53.80010621796774, 30.810300264048156, 40.48083687381164, 52.119984185998376, 58.050039028309236, 65.73824316372604, 72.32673783407462, 75.94290723021659, 76.91163696686843, 74.4971886790888, 62.64824440151202, 50.616228323607764, 44.49496420946952, 86.27047884692361, 79.57017833211376, 79.41729444412256, 83.37931939624697, 87.23262921687504, 92.7166547783149, 102.61829234280825, 107.15862257651986, 106.26593295622023, 104.323817194614, 100.5245173532443, 95.11707327338549, 86.8016955592354, 83.92708007477187, 87.75791434918118, 91.4289942016588, 101.20654473415807, 99.1187390981239, 95.52065121819082, 92.73041656690539, 52.210813491515474, 69.51003745858893, 84.91339553963705, 95.75328845067578, 108.3054028694929, 125.16563865786169, 135.46344984709086, 136.62046040890448, 150.5171769231593, 142.8831147951336, 136.48254059554174, 127.36211727934291, 122.44358512149482, 113.22506050701504, 104.27604285338491], [26.104036519943826, 21.723233139894738, 21.21240207606451, 29.11937468459915, 29.68694946906189, 31.245374004825194, 34.034426122093116, 65.56919299711748, 70.73531729311689, 79.46733252650013, 87.95508073876921, 95.91686872755976, 89.34105247455939, 82.56176153385067, 73.46677670003729, 29.34470132968063, 21.73663655831382, 13.39049685923439, 0.0, 14.902948008125701, 13.700171264330308, 6.327446882510668, 13.527083404487163, 22.002017371960896, 29.79879271666054, 65.35594840726675, 71.97650659605317, 78.58404846695686, 87.50540247370756, 95.12604545965266, 95.34410469490984, 87.66282411532276, 79.79197281008666, 72.15787524453398, 65.47836461637606, 41.55798949775455, 49.93163401919775, 60.64830212927548, 63.59560831488319, 71.84343157989113, 79.9275168469667, 84.4818157661995, 85.43898150939182, 83.23187793517974, 72.85026914840203, 61.29104475220316, 55.89583395464992, 88.09080576139776, 83.37668417329782, 85.08276955646055, 89.90524309729223, 94.46498331152385, 100.04274337861978, 109.2734949634888, 113.21163851861985, 111.76600203832021, 109.10973263194586, 104.32894104161852, 97.69911523178457, 89.3521434543149, 88.97299432640013, 93.73922415458934, 98.08216958689778, 107.54982028141985, 104.93638843925824, 100.65944879742051, 96.78675004662622, 39.976410952388726, 59.43766909939839, 77.60447845665686, 90.0755903116343, 103.9118931419383, 121.70719765257772, 133.61100266039838, 139.0300948769049, 153.34232436050087, 147.55531124354658, 141.82893906931469, 133.1472533590097, 128.77758595727852, 120.27401951630611, 111.94605262784299], [34.16538125862395, 28.509306168299553, 23.158841463421822, 25.093368776581553, 30.50324459511558, 35.140204752485516, 39.4975982508511, 74.40852923515199, 80.21421052497756, 89.03117438801982, 96.938749072814, 103.93113976882836, 97.96856464278608, 91.39325640234847, 82.10323410367293, 42.681221973079566, 35.747042912824895, 27.884780343129865, 14.902948008125701, 0.0, 5.295125351843525, 15.333029631438457, 25.88973227885205, 34.54727239941681, 42.04736619856788, 77.05369367207697, 83.46700169163337, 89.58567980451672, 97.49527258100797, 104.18349420022477, 104.34953442528267, 97.69451705962116, 90.4502831217973, 82.99531634645541, 76.739347262363, 52.50960746635784, 59.61154393481176, 69.47161075438947, 69.19163286170796, 77.77857486659956, 87.33674655916344, 92.50651502693697, 93.09657832427263, 90.86479710374665, 82.68277875423254, 71.50986123169884, 66.89855063938477, 88.90643164160166, 86.59007524297802, 90.19026345650153, 95.66642323818371, 100.68352928763957, 106.02958984669938, 114.10382169883695, 117.50880859857634, 115.7526239743215, 112.49974259717597, 106.89724812883146, 99.07215045341827, 90.83345070383794, 93.23325053648358, 98.78052883366762, 103.55232006331389, 112.11299704809043, 109.27124466829447, 104.51687338396033, 99.67075846797515, 25.59141348756808, 46.59798950765169, 67.69936675897384, 81.7960761379722, 97.04436186401036, 115.4582756282309, 128.90135769150055, 139.100609197091, 153.08617216642838, 149.27273435802493, 144.32045614297547, 136.20368774093785, 132.54286869386706, 125.16807894408785, 118.09539414398468], [30.2266297889786, 24.08938578299071, 18.131564992877305, 20.560553699735667, 25.48879872293506, 30.288405711094036, 35.13592517915081, 71.55538130685885, 77.69877346752261, 86.68318855202762, 94.70201788873285, 101.67372393897162, 95.36259484632757, 88.62219607995571, 79.25522334121003, 40.007755611873726, 33.34884214005039, 25.883402301477638, 13.700171264330308, 5.295125351843525, 0.0, 12.003606737570914, 22.691580691113916, 31.450875096801788, 38.922228100464146, 74.95664222645985, 81.63496359320601, 87.99771134383049, 96.25974409697318, 102.8523555682326, 102.82250479533765, 96.06152909706178, 88.58695508409029, 80.86532729786313, 74.46298318668805, 49.013424252819306, 55.375521970555916, 64.74835213515169, 64.22606312010436, 72.79205450986152, 82.38527895838656, 87.76696053244497, 88.578079046598, 86.69240095983119, 78.38205377619614, 67.7843295035675, 63.912264248871836, 84.05342389210337, 81.55069671205857, 85.169530724342, 90.74961968301245, 95.93289656575651, 101.47381291768242, 109.82440761723498, 112.98942518485018, 110.9882167864382, 107.64414996414547, 101.97264150418316, 94.20748359582387, 85.97831900611357, 88.24846084381457, 93.87371008123162, 98.80793554041811, 107.75522933065807, 104.58935080524809, 99.69111494812186, 94.78486433419118, 28.749835035613913, 46.498292513924866, 65.70520080737982, 79.16763369469408, 93.82725335470207, 112.20640439850875, 125.35527072808155, 134.6793373957779, 149.50353145141054, 145.95939299752018, 141.21539936190152, 133.3850816273752, 130.1995831213308, 123.54103007768121, 117.23442093383481], [21.89910730219579, 16.460024865852333, 15.043515583538111, 23.465597312377753, 23.483772775248656, 25.36789722765042, 28.963797684205055, 63.366353005742, 69.16640013146478, 78.1542326714013, 86.63566571363359, 94.31213397602474, 87.43439057099663, 80.48572076434502, 71.22898161038707, 28.622047946574934, 21.732728523454643, 14.490189953651957, 6.327446882510668, 15.333029631438457, 12.003606737570914, 0.0, 11.11664329343899, 20.190692789679733, 27.975652806202778, 65.0133477089307, 71.94589844177845, 78.74471706990549, 87.8489856756361, 95.05742094209783, 94.9916080808133, 87.46315823108291, 79.46005438349479, 71.50744564179959, 64.74657834848568, 38.922849843042556, 46.04713948910964, 56.070408498950215, 58.07251600993308, 66.39898529495247, 74.86862187864412, 79.79178636207794, 80.90228938227932, 79.08429277601456, 69.06676062060711, 58.27241490109708, 54.07298344562609, 81.91819458774913, 77.40826555669385, 79.47603378947827, 84.53755695966339, 89.37095277956571, 95.1155229863063, 104.41466103047853, 107.98011940669288, 106.21669459787857, 103.35599872904234, 98.36447334917744, 91.59397037860245, 83.27075058407989, 83.24230844377985, 88.23985647475241, 92.84018132778002, 102.54568402657297, 99.5343573082631, 95.01554219014206, 90.90623203692775, 40.12260841679515, 56.54015331744648, 72.988686642624, 84.91913685470296, 98.2871306148008, 116.05387846404197, 127.83646849969698, 133.1112616212728, 148.24113486627763, 143.15863328853672, 137.84404394901637, 129.6331921985934, 126.01211551387155, 118.69329998114843, 111.70190521133969], [14.534826399370342, 12.226594404990339, 17.49566233959681, 28.335392005758628, 24.398925952217525, 22.54864202736045, 23.50268495028562, 53.882632456315214, 59.40663673067205, 68.3607120287695, 77.11904308285924, 85.23068114706997, 77.95293754034734, 70.89257155745541, 61.78723338868862, 17.673487170934887, 11.52326670100666, 7.651170287093471, 13.527083404487163, 25.88973227885205, 22.691580691113916, 11.11664329343899, 0.0, 9.122282292956571, 16.98604523037417, 54.5736145343163, 61.721555642922844, 68.82601889518284, 78.51656768482907, 85.98087754606529, 85.80424106210823, 77.81482127480012, 69.45793063486364, 61.31435641173379, 54.34396703413913, 28.424947865634618, 36.53861585366728, 47.58128510122769, 51.907568468571746, 59.88495579332581, 67.29649362088543, 71.4221865943511, 72.4156748470778, 70.3351078465459, 59.36655712965233, 48.06684420681353, 43.51716072819572, 79.08039938969766, 72.89836958375875, 73.41468428257699, 77.74869900384215, 81.96701200302171, 87.57776046901603, 97.34291175813424, 101.46129061537818, 100.2366151085536, 98.00215994510263, 93.87045855437847, 88.11310644507653, 79.77122827750489, 77.67155162993636, 81.88391035632493, 85.88652094615709, 95.73004159495204, 93.2354336703519, 89.31973961143851, 86.13679745784425, 49.736906417494055, 64.21427182578518, 78.10703529359039, 88.52106616454361, 100.78569956914984, 117.64666156074772, 127.9886285093147, 129.67818846611073, 144.2555062621534, 137.61723473291056, 131.75014799144589, 123.18605444879073, 119.17289082013554, 111.43226971459264, 104.21515749928756], [12.462376333768534, 14.846833578089166, 23.273615121475846, 34.166495610358766, 28.229201126496847, 23.723619854107614, 21.743993707619836, 45.937105643347195, 51.14705894720421, 60.02896445081425, 68.97800616615758, 77.41618283906558, 69.85701086998283, 62.7459181068482, 53.82494965528533, 9.090739356519526, 6.698084577709809, 11.173759576569966, 22.002017371960896, 34.54727239941681, 31.450875096801788, 20.190692789679733, 9.122282292956571, 0.0, 7.924628444920684, 45.8458667170833, 53.16739809795816, 60.496278348014165, 70.61869379396717, 78.20913806484441, 77.92405131812352, 69.61289576262993, 61.00099695809137, 52.71222916666122, 45.6001346954239, 19.953049797388342, 29.443147448191354, 41.622179684087946, 48.05668698119009, 55.55659737153103, 61.92911143901866, 65.12468627170365, 65.82006080339971, 63.32770677004938, 51.779059257610264, 39.76843253236197, 34.691133430009586, 77.60963780237483, 70.15429549242005, 69.28168342308047, 72.84010856428344, 76.35938883348756, 81.6844471389468, 91.65265288144252, 96.3366753522933, 95.72280067024283, 94.10940317813304, 90.817954351549, 85.97519719669887, 77.69800978961212, 73.87685616055036, 77.29345597727851, 80.62429083152057, 90.30572204273848, 88.4430738489938, 85.1754182297927, 82.88100760874183, 57.47299043362316, 70.51252828900984, 82.52639744825251, 91.72909918972614, 103.1336528885844, 119.11118066653698, 128.22509365029066, 127.06944085721446, 140.8020090762358, 132.77498347581724, 126.40858942971093, 117.51800804607878, 113.1171778988663, 104.99654198233077, 97.64063734601088], [14.437075036491434, 19.567504298839697, 28.930479663960973, 39.37170505795108, 32.291518523516494, 26.178388974588543, 21.92651221349554, 38.86175489678988, 43.88550405449546, 52.72884853918156, 61.814060628445276, 70.44715221728224, 62.598232494224725, 55.42815838982862, 46.678815029605694, 5.590245180599238, 11.017171643735342, 18.308628391679946, 29.79879271666054, 42.04736619856788, 38.922228100464146, 27.975652806202778, 16.98604523037417, 7.924628444920684, 0.0, 38.60500121882425, 46.137518287224566, 53.6670365369065, 64.14455991481925, 71.66893225021443, 71.20995630312304, 62.70837184323397, 53.88241062736598, 45.40564482754634, 38.185700889114266, 12.569123088161916, 23.517852512404122, 36.67617330537108, 44.82890490955192, 51.76003496327552, 57.17307820401198, 59.43387194578728, 59.75469643897417, 56.84629083168918, 45.026499298214965, 32.32136165988231, 26.896994786675123, 75.96625286883169, 67.53203249526118, 65.45969397168797, 68.26895398396711, 71.10164357562788, 76.09174201162787, 86.13392916618871, 91.30359206685294, 91.26180668521641, 90.21378974365456, 87.69348065703707, 83.67044772944504, 75.5186008627897, 70.27188250824058, 72.94123254563914, 75.61801387169673, 85.02551160450716, 83.7647522330119, 81.11135185968223, 79.623380717891, 64.08884457407427, 75.58596399926155, 85.82570810675593, 93.90528254203133, 104.49418487628064, 119.61374608566834, 127.6212947105868, 124.05206663814015, 136.98272758328395, 127.83157580954602, 121.08923538229139, 111.99120342812738, 107.36942890665382, 99.15118307363191, 91.99810933898539], [49.12741736562636, 56.114437796667424, 65.55240680131219, 74.4731065032298, 67.17420796580143, 59.72466012461135, 52.160449843153124, 22.87312300477014, 17.978928405543254, 21.300739770123617, 29.991541587363276, 40.656147151998454, 34.03475222007043, 29.260019409185272, 25.90858258951049, 38.093797052978836, 45.552029299570684, 53.40547950395237, 65.35594840726675, 77.05369367207697, 74.95664222645985, 65.0133477089307, 54.5736145343163, 45.8458667170833, 38.60500121882425, 0.0, 7.955683133881213, 16.099029644651818, 28.183832691811062, 36.69930932567285, 36.35873018309156, 26.045060729023096, 16.47324853010641, 9.205331479063316, 4.481567103184109, 31.863985444784916, 38.795301213191856, 49.43586983194452, 61.41231071877927, 64.45529220354136, 64.36390315112888, 60.198056009426324, 56.868798480375695, 49.85634443776723, 42.243760820161604, 28.42559578922982, 17.54530546194973, 