{
	"dissimilarities": [[0.0, 7.327551760348403, 16.56796159133697, 25.791106636000425, 18.721855830194453, 12.881463143945025, 9.693631347206525, 43.09303927196342, 49.93863802588648, 59.259358517434535, 67.62503385411945, 74.86167336875697, 67.33991814310939, 60.1631728562002, 50.77750895268125, 19.08289410799958, 19.070832432245165, 20.8122732801176, 26.103419090086227, 34.191161537015404, 30.2713043745471, 21.91271915726047, 15.47940622146357, 12.40682389039814, 14.395405384156469, 49.10408245109682, 56.79399330383303, 63.43862734909631, 72.74273429998978, 78.8079291507494, 78.04746574396424, 70.9257016367744, 63.055428223183554, 54.34932606999098, 47.75334095672149, 19.836275208440345, 25.685622275568328, 37.133827302379345, 39.738532395927926, 47.8875732977438, 55.97189201652381, 59.808821165015864, 59.849334108084655, 57.38792040196108, 48.74858063424327, 37.656589696287924, 35.22080080502302, 67.05069479163086, 60.847996961865995, 61.236349463254356, 65.27519438109924, 69.12869903357856, 74.21182410503977, 83.29627051117802, 87.58743114462148, 86.85068844407068, 84.91634014513757, 81.23438446318113, 75.71245794579188, 67.3055803659483, 65.15815445747819, 69.13132210894226, 72.71567896732927, 81.68333149816792, 79.65954582421705, 76.10595177207223, 73.25760305488778, 54.22416128184511, 57.9496013389664, 71.27127451822565, 79.29048461668012, 91.55112616246524, 106.64747240974386, 115.94360419164174, 116.14990285509994, 129.968090524338, 123.18395278419699, 117.59091413894876, 110.2221759583293, 107.11971504236946, 100.35319624441718, 95.83851126399918], [7.327551760348403, 0.0, 9.592193737523658, 19.820043475508886, 13.528670835823416, 10.529256479487003, 12.64048344444966, 50.344913786795445, 57.26166078344995, 66.58344737682079, 74.92020496068515, 82.04209068199924, 74.56682317470869, 67.38566240556412, 57.98170631578617, 23.266193851013316, 20.79606630342529, 19.743799839168496, 21.725066767351603, 28.54940839098164, 24.15154321027717, 16.47517219577231, 13.360566305200765, 14.782744974399339, 19.522393031360576, 56.08727199039598, 63.750980164912434, 70.46553622737525, 79.762464855832, 85.92770933608506, 85.23357561069889, 78.12071278346947, 70.22534488151693, 61.562157770641015, 54.89265503480815, 26.554632295513787, 31.266206346617505, 41.14588035727573, 42.299708438785665, 50.69582290821058, 59.39493747983527, 64.18977098639975, 64.85047155577917, 63.11819006930122, 54.28862437096207, 44.291710683128265, 42.355969684287324, 67.58182996601197, 62.29877851414452, 63.82499955493719, 68.60089752924719, 73.19365692687252, 78.74003670119305, 87.97444447042788, 91.57296864781061, 90.06943684319941, 87.52090445161059, 83.04112345498434, 76.80604625473178, 68.40493040504307, 67.55771400856638, 72.25362441334121, 76.56327025518911, 86.09869427077005, 83.23285749346974, 78.99500496286927, 75.3389329826133, 49.28282268652303, 53.39416730217223, 67.91819531403512, 76.82443424216345, 89.5513498479377, 105.48864418078749, 115.78930678249736, 118.00085438417163, 133.20435508634307, 127.78002720042086, 122.7190099996646, 115.74304490253189, 113.13339025617799, 106.89965299337611, 102.53094210045106], [16.56796159133697, 9.592193737523658, 0.0, 11.095469308029564, 8.488159716498448, 12.322448100690828, 18.507828176536385, 58.844187043422515, 66.04835384200994, 75.38441817900032, 83.46866309709297, 90.10234209857033, 82.87855471280928, 75.77642052655011, 66.32074457495888, 32.16817722594723, 28.301661102244815, 24.741778186237827, 21.213509335031887, 23.182899640399185, 18.173789637756375, 15.03066097522278, 18.5441479501962, 23.22316002756096, 28.900099313732888, 65.52928236022316, 73.10224512360996, 79.66821209674421, 88.6097026229075, 94.48490429946062, 93.78652039074962, 87.05921450861322, 79.40605545869694, 70.81165332991284, 64.27487098767294, 35.9746811475447, 39.36192615224271, 47.533056463916154, 46.080395110315706, 54.643001110306386, 64.31885648450007, 70.04726803603563, 70.99954102178125, 69.83317003127766, 61.90562850518626, 52.97586833811655, 51.718802420993576, 67.36056190997995, 63.848711444023174, 67.05943186105105, 72.6390696319127, 77.95768275679185, 83.73392053963059, 92.59791589433725, 95.40606934650799, 93.16392213497991, 89.90073745612435, 84.47461765346108, 77.22431114439826, 68.90271070843708, 70.24728799382494, 75.79963762322639, 80.82155446906965, 90.41068939394955, 86.77940276174466, 81.82457559401152, 77.15765004101286, 42.4649450184678, 45.54958644828813, 61.17352549642064, 71.18054010422571, 84.60437123420245, 101.47413353600463, 113.06499729160969, 118.48007096973201, 134.78666526340012, 131.22807860632966, 126.91511350193878, 120.48885549243623, 118.61058594011539, 113.41284458930456, 109.77307413889895], [25.791106636000425, 19.820043475508886, 11.095469308029564, 0.0, 9.864483481315032, 17.52128149772468, 24.419613961918817, 65.30653148762555, 73.0123681019255, 82.30462564586918, 89.84000618685995, 95.51538760026769, 88.70866839042725, 81.80554347476682, 72.37657864111578, 42.918313488827316, 39.24777964498032, 35.23960453459287, 29.106384683307184, 25.10501471874165, 20.55953892036208, 23.407197517818428, 29.319916821357086, 34.08173789599661, 39.309441218879094, 74.42513201154988, 81.89246027913312, 88.06818354844401, 96.32766824447418, 101.35523268113845, 100.48614178295381, 94.5883339896953, 87.48029754724683, 78.9481441944804, 72.79936206001555, 44.98178120110366, 46.72461054147004, 53.28946388120558, 48.440541153892475, 56.957876789085056, 67.78875133651626, 74.10555380715788, 74.8160329984695, 73.92695871794045, 68.19169897814453, 60.311916264038054, 60.117220292407275, 64.11360888513148, 63.02828698356787, 68.11862856215673, 74.29819514934977, 80.0715802155613, 85.65533992470911, 93.49296220814605, 95.55708424183192, 92.85316632027991, 88.98621173935783, 82.76372653473054, 74.44652974884508, 66.30596133170367, 70.39579576593374, 76.68183482330838, 82.14577613620135, 91.01242908659007, 86.94383920835936, 81.47769613450484, 75.87167165064126, 37.75619814963401, 35.553877681354216, 50.54245701508718, 61.254989154942876, 75.35419867850854, 92.85223900582129, 105.54668621450642, 114.57569853641411, 131.2407793613705, 129.75574286224898, 126.35524008212106, 120.66293892497785, 119.83111405642501, 116.4150435787386, 114.47764681423911], [18.721855830194453, 13.528670835823416, 8.488159716498448, 9.864483481315032, 0.0, 8.11335003822958, 16.022306487302913, 57.83318911193015, 65.71134419502393, 75.07865341479764, 82.86825364066917, 88.86247514804023, 81.42678343956476, 74.29449754938491, 64.90292715790721, 36.412256336570586, 34.05208546676127, 31.95313283302845, 29.681635283857496, 30.5476011603474, 25.540632311586453, 23.466334708971445, 25.481926683384856, 28.151747834302544, 32.22641502713516, 67.12755861178186, 74.90548556444915, 81.34016603705821, 90.20110165315116, 95.3411350804269, 94.2740037810478, 87.98078655938765, 80.52704988890648, 71.6989865198286, 65.36886418390093, 36.58442844256079, 37.22299521494914, 43.513541433803866, 39.64903071028358, 48.22052606761177, 58.614791841741734, 64.82019001229482, 65.83137646826717, 65.24658039571088, 58.58688675128694, 51.269169035986415, 51.986658421383574, 59.01413729675121, 56.073418634086245, 60.044380524399536, 65.9708970429641, 71.6462790137526, 77.52233578879807, 86.23409060427349, 88.44947909699142, 85.78667552331471, 82.22782657008408, 76.49872769147812, 68.98138681496859, 60.69186841384108, 62.863429972210824, 68.78285795800448, 74.14068075489337, 83.82829616104003, 79.65948485142566, 74.37056910681451, 69.31848048132937, 46.680928051460654, 44.402486632068985, 56.14942519198344, 64.74138435924777, 77.28293648925482, 93.86575540259705, 105.12766967603234, 110.27778878167162, 127.59445721018811, 125.0879330832243, 121.42149125666323, 115.70366637762416, 114.96276767268323, 111.63955219603629, 109.97052972032336], [12.881463143945025, 10.529256479487003, 12.322448100690828, 17.52128149772468, 8.11335003822958, 0.0, 8.398297568989149, 50.193395860401694, 58.10468904697546, 67.48174220604119, 75.39145286973373, 81.60173913367161, 73.86940218900916, 66.63895150714343, 57.27769282507176, 30.91166943219549, 30.153637057913297, 30.08277922113755, 31.246676295100475, 35.17495278974614, 30.3381990073406, 25.374773923138978, 23.663517906100967, 23.67601027630648, 26.137860738893135, 59.69502835249868, 67.58693458423978, 74.07507391330964, 83.17469740336557, 88.3164627433492, 87.14063225313674, 80.67261247908266, 73.09871772661363, 64.15136776295311, 57.80469917117734, 28.90421055056005, 29.226058192250456, 36.40121180341652, 34.07958161895552, 42.69469570349795, 52.54958902452763, 58.10571782170781, 58.87027214641738, 57.948611364136234, 50.85969170515348, 43.1578465017027, 44.1428948736578, 57.22891977006544, 52.647114361594056, 55.21293948617015, 60.52941105729549, 65.67729407922646, 71.41549573491413, 80.48287127033032, 83.2805901568749, 81.18256763644156, 78.20135227744271, 73.26834437555443, 66.63125309738055, 58.23028202208662, 58.483936205775706, 63.735293307652064, 68.55837230724538, 78.28881926029061, 74.6619317679951, 69.92660237321917, 65.71002021810281, 52.654814944630864, 50.91688375394512, 61.2555806306471, 68.56690597059915, 80.25280225696049, 95.8613495934302, 105.84596088363219, 107.98015749669409, 124.5413512885639, 120.60155972022234, 116.42009667556724, 110.38152278547616, 109.29426145199686, 105.575704414583, 103.83586179276939], [9.693631347206525, 12.64048344444966, 18.507828176536385, 24.419613961918817, 16.022306487302913, 8.398297568989149, 0.0, 41.86703686454519, 49.79364852713364, 59.162098030703966, 67.01571754235965, 73.25015748439357, 65.57626865372077, 58.3797951354178, 48.985750291256615, 27.22578754358573, 28.41395304740463, 30.284881508080726, 34.035694484196604, 39.53125007963562, 35.18101985855855, 28.969264698923666, 24.531773909511603, 21.68652380867886, 21.871878057223114, 52.12232538005723, 59.92800061235607, 66.20942211814386, 75.12072023625208, 80.04443410630059, 78.8084592838887, 72.47248337739848, 65.06168235769384, 56.148178170286506, 50.012984625079724, 22.242137089881133, 23.295079884241755, 32.58940664087674, 31.90893979077108, 40.33741076671632, 49.578201470815834, 53.86850643799475, 53.670923893522165, 51.64789302907717, 45.14820759249192, 35.96801617121363, 36.50270125385907, 57.681508036451596, 52.05806373679849, 53.20414592789274, 57.5604745041407, 61.7191089520406, 66.77716482386974, 75.49789396206691, 79.27630573578072, 78.26272231993447, 76.08554326246804, 72.18086384461135, 66.38505957646497, 57.93888697749312, 56.66555158791081, 60.993192297853554, 64.83546665583896, 73.64030651177873, 71.22158343694707, 67.40252327492652, 64.21744076904895, 56.77565055875566, 55.53622013277218, 65.18663504834619, 71.7135546936985, 83.08563531442908, 97.68355219166403, 106.53679190965636, 106.59497384419515, 121.0730894697344, 115.3951915505435, 110.50132694489523, 103.89007282002635, 102.10498422739205, 97.66335375242258, 95.72325144762921], [43.09303927196342, 50.344913786795445, 58.844187043422515, 65.30653148762555, 57.83318911193015, 50.193395860401694, 41.86703686454519, 0.0, 9.037391281763007, 17.805366944836155, 25.40297355099212, 32.58729879563297, 24.2904900083572, 17.14062832380348, 7.923233961165225, 41.48772250411519, 48.82718354407627, 55.83158470964886, 65.57174306272019, 74.43311956640673, 71.58801008384194, 63.37875342404118, 54.23910575324579, 45.92232239347602, 38.840711784308404, 22.802546036315988, 27.826717319619807, 31.218711721520542, 38.42388514951701, 41.146499436970295, 39.00262215923913, 33.51411660485583, 27.802970967316494, 20.032907070245447, 18.4331115856249, 28.16517572802524, 29.79054876959605, 38.866580265004266, 46.1241064153692, 48.959250574236336, 50.70740410405111, 46.50853330728136, 40.9195343320214, 32.22015844313851, 32.008583732629766, 18.563685375345298, 15.694592934647936, 73.5876039723369, 64.36798686213425, 58.47135612436907, 56.70801872047845, 54.32990605739197, 54.43644271955938, 60.181221324376274, 69.02109923170246, 73.86286375612653, 76.2381812242666, 78.06959656241614, 77.494947553314, 70.72681569557594, 62.13835977903804, 60.63318681390191, 58.325131650525655, 60.793178967255876, 65.40792079853743, 67.1766949179512, 69.8882938746417, 89.98043422854025, 90.05068557834397, 96.03018703675157, 98.76153220682345, 107.25012351887828, 116.5397533084468, 119.47957533528444, 108.01702948294236, 111.9768131446954, 96.67088140216069, 87.79392320932763, 78.19455606894986, 72.09100627258069, 62.89056128283293, 59.870478590826465], [49.93863802588648, 57.26166078344995, 66.04835384200994, 73.0123681019255, 65.71134419502393, 58.10468904697546, 49.79364852713364, 9.037391281763007, 0.0, 9.390464744055748, 18.066953585097433, 27.060759001055274, 19.279596310274627, 13.2581241607029, 8.517712510393501, 45.58762842504697, 53.08861438717293, 60.37994856819229, 70.73219814953363, 80.21853032021856, 77.71465552260808, 69.17514051833386, 59.6298545140598, 51.148073893367766, 43.88742302170824, 17.956392640284516, 20.771370372585842, 22.880644445196776, 29.74560687755108, 32.76408429053339, 30.73124111058232, 24.56612661729421, 19.03966146825269, 12.313743885349654, 13.772829734494975, 34.045225041278876, 37.02854699046252, 45.99081315891152, 54.50303556679244, 56.84016195881236, 57.372348229082704, 52.204746126308386, 46.47049248932709, 37.475703730076454, 37.002462794685776, 24.3272572024571, 18.970025821010392, 82.06111333300385, 72.51462347397636, 65.90929761742356, 63.468105712929344, 60.277279629500626, 59.69016795521204, 64.82078247078228, 74.30952363404074, 79.93462459621067, 82.92514768018137, 85.45461384584681, 85.50863033346162, 79.00418941989588, 69.66319993077799, 67.470343321625, 64.4090674105362, 65.92739444650603, 71.53092011234105, 74.03887649704137, 77.4353919072723, 95.92358812583178, 97.53823798999083, 104.34951511545052, 107.27843317552369, 115.85016578398039, 124.77013028550155, 127.2167032728286, 114.54914123999858, 116.53649118999915, 99.30272174154436, 89.47977123790339, 79.06854401165401, 71.27945959865718, 59.32867243261115, 53.85839674925026], [59.259358517434535, 66.58344737682079, 75.38441817900032, 82.30462564586918, 75.07865341479764, 67.48174220604119, 59.162098030703966, 17.805366944836155, 9.390464744055748, 0.0, 9.433014434536023, 19.81893898128207, 13.073194968798138, 10.474095421533546, 13.382981397968765, 54.021199444975615, 61.553677544471, 68.9348730433232, 79.46829989608027, 89.04785630400795, 86.70878720652175, 78.16643575725614, 68.53213670033436, 60.0255207523633, 52.72211006782166, 21.25159934271889, 20.451319566426445, 19.364175859321772, 23.66840351384001, 25.0375034591334, 22.50694613219721, 17.139408694748045, 14.344650443639122, 12.534621648058069, 18.126475827208193, 43.07262578067822, 45.70149699246287, 53.561952141471124, 62.24383011087478, 63.76010589849394, 63.13550327353759, 56.81859516106034, 50.52617427567599, 41.16755514958091, 42.39324297357044, 31.927597683482876, 27.309043263300183, 88.71774607608276, 79.05393301185829, 71.74794146759488, 68.40998819501911, 64.14346917417393, 62.44669103391015, 66.37563933581296, 76.54394179260684, 83.20522781428731, 86.98234572519691, 90.46176031443842, 91.35710880415829, 85.32292589840182, 75.31233965715478, 72.23454623539543, 68.14351469985236, 68.04280546585647, 74.9365961594567, 78.43681362445311, 82.71998964145654, 104.32152522818848, 106.04244256267629, 112.36336730117762, 114.7878572371528, 122.88561700039718, 130.88126126939346, 132.31471593604886, 117.81992065022214, 117.37668678800819, 98.14073084480552, 87.46398130854281, 76.45897181760274, 67.37137337536724, 53.68088640579181, 47.41893012957874], [67.62503385411945, 74.92020496068515, 83.46866309709297, 89.84000618685995, 82.86825364066917, 75.39145286973373, 67.01571754235965, 25.40297355099212, 18.066953585097433, 9.433014434536023, 0.0, 11.025935481339395, 8.510985111517584, 12.263694813652329, 19.24505111720234, 63.194337574723534, 70.60642996263707, 77.79672585327393, 87.95523646888007, 96.9601207100669, 94.7275976809027, 86.64161184148756, 77.31446021154493, 68.95875221425551, 61.78968500114411, 29.907484353786646, 27.36813532725958, 23.722662867182954, 23.163237397526167, 20.156821465945466, 16.552909616115773, 16.084011309128144, 18.72537993411832, 20.787321236024063, 27.225653528748467, 52.091988021637775, 54.09399684928842, 61.06489321661976, 68.69811962823469, 69.63412444610447, 68.65511942903647, 61.56155954909928, 54.40165150363406, 44.5748284797256, 48.87896978690412, 40.11529705688225, 36.58649070049395, 92.98310042178238, 83.8280025455975, 76.3813388530432, 72.35912141209147, 67.1542001959502, 64.1129495164201, 66.03946948859185, 76.85328802833016, 84.66642017133678, 89.13326726371146, 93.42977160079855, 94.87814382541592, 89.3101949075835, 79.42881036568214, 75.69875215943111, 70.64178704600617, 68.20324105459443, 76.56675156592723, 81.01990145936443, 85.97751223713679, 110.96175340395945, 111.80752627429058, 116.98548826212188, 118.68570072049299, 126.25918988932514, 133.11462610309576, 133.509750756639, 118.02906544894704, 114.44563447928361, 93.45377279709774, 82.01488629439238, 70.42353272568744, 60.14044382719808, 45.33577985108065, 40.02697941358335], [74.86167336875697, 82.04209068199924, 90.10234209857033, 95.51538760026769, 88.86247514804023, 81.60173913367161, 73.25015748439357, 32.58729879563297, 27.060759001055274, 19.81893898128207, 11.025935481339395, 0.0, 10.702872300900214, 17.730649984868236, 25.50395161822058, 72.38418572714805, 79.63155808767674, 86.4989301388766, 95.94243770313155, 103.92957266799544, 101.6832000681419, 94.33866351950343, 85.57271047661631, 77.46486444017485, 70.512336451427, 40.75632457524562, 38.226861621925345, 33.947448413878675, 30.485585055229627, 23.409031163868935, 19.271722645293053, 24.2858932843832, 29.238397917244473, 31.69673028245421, 37.86981580344405, 60.5052990220705, 61.39816046552689, 67.28830261187468, 73.01162590225314, 73.39609465316596, 72.52286662412415, 64.94854429108611, 56.79396020213167, 46.61503256762146, 54.803680036410704, 47.732495605843, 45.804503704090635, 93.99386284152654, 85.81550450376362, 78.61952985016973, 74.05274669965146, 68.0321346316145, 63.49759438024466, 62.793200770105926, 74.13026956296005, 83.12630367203037, 88.19654403615688, 93.22451916777932, 95.08287425916147, 90.07486902860455, 80.88145412134095, 76.64829334660305, 70.69059136825551, 65.38802253223153, 75.29078230644281, 80.65964442640254, 86.14924079515778, 116.17297149944221, 115.0881354248441, 118.26860381963135, 118.8620449354353, 125.62871340648888, 131.0472553669149, 130.2547201474383, 114.19854896778652, 107.14419302880238, 84.72140551317268, 72.68135198909351, 60.60827662721921, 49.51243364616119, 35.13588618824352, 34.549043204855245], [67.33991814310939, 74.56682317470869, 82.87855471280928, 88.70866839042725, 81.42678343956476, 73.86940218900916, 65.57626865372077, 24.2904900083572, 19.279596310274627, 13.073194968798138, 8.510985111517584, 10.702872300900214, 0.0, 7.629217720165611, 16.68592660908806, 64.6093111145634, 72.16064533210826, 79.3874016971936, 89.34202296809195, 97.98851137696322, 95.38800141017177, 87.44250131423448, 78.25423704902546, 69.84368085569422, 62.580608935572506, 33.97529565741041, 33.11193139565903, 30.837606835563438, 31.60864140232751, 28.16136751509816, 24.258906986532555, 24.343352603171326, 25.590661922299333, 25.42288183408704, 30.58215626694072, 51.85782361960503, 51.81622107877235, 57.13420673903736, 63.76951141443364, 63.985653325822845, 62.657675632634145, 55.14641532852863, 47.452064147003604, 37.476737108074566, 44.23184754480498, 37.63742534369249, 36.94448850191798, 86.50338942360408, 77.38501595719242, 69.70756539884862, 65.26335559328399, 59.61400270191033, 56.066978374348736, 57.625553485859044, 68.49380205980975, 76.52703556982043, 81.22622801544554, 85.89877679673, 87.80153995176344, 82.60286213853144, 72.46866467408849, 68.34229717662579, 62.86500973192012, 59.87161362354451, 68.51309431466906, 73.31239435878275, 78.64562598934198, 111.86379844684548, 110.64282749653536, 113.85737284607187, 114.4534856856211, 121.00660888038242, 127.15737432644887, 126.8193758612282, 109.95821552999955, 106.99264733817799, 86.42588171623412, 75.43398176839054, 64.51261733412548, 55.89319025706178, 44.90674218934661, 44.54002134503944], [60.1631728562002, 67.38566240556412, 75.77642052655011, 81.80554347476682, 74.29449754938491, 66.63895150714343, 58.3797951354178, 17.14062832380348, 13.2581241607029, 10.474095421533546, 12.263694813652329, 17.730649984868236, 7.629217720165611, 0.0, 9.471501311791918, 57.6280429110995, 65.23342031834862, 72.52101417033873, 82.56242297887117, 91.4079303761306, 88.64557616515826, 80.49674802503125, 71.21502039247507, 62.742595977037574, 55.422324796414976, 29.225640225945675, 30.107653282221, 29.699647365471026, 33.23492785114437, 32.1606119038229, 28.7484988675686, 26.2059520651643, 24.56665170275685, 21.656499226487416, 25.35133043252699, 44.43681910073518, 44.194122570939285, 49.85999287660367, 56.901083304801595, 57.50888687468226, 56.60066376096932, 49.67081613148854, 42.41439945499452, 32.5183895627285, 37.66625856839871, 30.105004559288826, 29.790874058808832, 81.10918417255172, 71.65049596602408, 64.12357700471391, 60.212332690726676, 55.29989928268218, 52.81269230435652, 56.023368436374966, 66.35878204948895, 73.44524749870709, 77.5581246085468, 81.55375280592553, 82.97848998297387, 77.39849979115293, 67.22917164329547, 63.6328709845925, 58.91939583740361, 57.80347248856326, 65.23388346464075, 69.24818713470357, 74.02629527822519, 106.0343390132232, 104.91952557171614, 108.58198963262846, 109.54891209644217, 116.39025506915245, 123.36698410627633, 123.81376693183482, 107.81964681403784, 107.53702314639834, 88.67230242152579, 78.45862337972852, 68.15262128215979, 60.78989083063672, 51.062786131997356, 50.20950112069804], [50.77750895268125, 57.98170631578617, 66.32074457495888, 72.37657864111578, 64.90292715790721, 57.27769282507176, 48.985750291256615, 7.923233961165225, 8.517712510393501, 13.382981397968765, 19.24505111720234, 25.50395161822058, 16.68592660908806, 9.471501311791918, 0.0, 49.22275556607557, 56.65943455396691, 63.73480358741451, 73.46837749924474, 82.12329173296503, 79.28292672799573, 71.2395787090064, 62.151074196190834, 53.813607418792465, 46.66328000488185, 25.85031414566148, 29.040683224334526, 30.710269185917177, 36.284496368176534, 37.180905985696626, 34.420336484501036, 30.31923593494402, 26.333426807905614, 20.406534659505468, 21.472570612062096, 35.709666983412795, 35.94949926782209, 43.07217254939473, 49.86604712980091, 51.568272038219945, 52.16820868482284, 46.60675890507421, 39.950843215558336, 30.315610558022378, 33.4511821674231, 23.07847904642801, 22.260245400286156, 75.50171870187667, 66.24699255003848, 59.60664623055292, 56.79250896276582, 53.17022861657612, 51.98561449652796, 56.4873246901999, 66.08768779587086, 72.02923974625918, 75.2188226720156, 78.07525507812588, 78.41594032655806, 72.19895124023233, 62.93416135751162, 60.42889462379306, 56.93839258035725, 57.6081088718888, 63.60962670205533, 66.4563811736053, 70.15250676175546, 96.98261466307035, 96.05877017149196, 100.57564171780601, 102.30328280859622, 109.92340733177276, 118.03561972580891, 119.75227151048462, 106.23457944923916, 108.23555980636392, 91.43595897882275, 82.02788708815433, 72.16247324532561, 65.71244815478708, 56.72692154066164, 55.19041574946185], [19.08289410799958, 23.266193851013316, 32.16817722594723, 42.918313488827316, 36.412256336570586, 30.91166943219549, 27.22578754358573, 41.48772250411519, 45.58762842504697, 54.021199444975615, 63.194337574723534, 72.38418572714805, 64.6093111145634, 57.6280429110995, 49.22275556607557, 0.0, 8.136526743422834, 16.570543831727008, 29.322182304654252, 42.69288796086668, 40.04937496125585, 28.651342670834065, 17.340572447546766, 9.123889530570775, 5.600450905441989, 38.09465820752424, 45.48757119144962, 52.953990136582284, 63.62486613240318, 71.80664144945999, 71.66243766098935, 62.710725316254006, 53.768254654275566, 45.61757034634601, 38.33018029231495, 16.381644284389218, 27.788657173574993, 40.74686337868338, 49.85860915311138, 56.549312654111276, 61.272933386704516, 63.379508651239085, 63.83262926990017, 60.869704328614134, 48.235294486545484, 35.362642512021935, 28.60039991374493, 81.33627153187045, 72.64819779525162, 70.2599875339699, 72.91128443601912, 75.59358310181956, 80.56959463942574, 90.76260019488619, 96.11133904402845, 96.16541072456488, 95.23241610868843, 92.83475045339499, 88.97412605929836, 80.889291776959, 75.23862809048939, 77.73336279454224, 80.28462099898042, 89.77311811587299, 88.654326040136, 86.1241702883462, 84.79563569193154, 65.72713216022214, 74.94100340656195, 90.19500941541114, 98.33226725926839, 110.2499019221989, 124.8634291386794, 133.17160743445226, 129.40609385477617, 142.2754370436759, 132.47449379517744, 125.47345742682246, 116.96416305802003, 111.83658508362069, 101.45312932911183, 92.99331745896396], [19.070832432245165, 20.79606630342529, 28.301661102244815, 39.24777964498032, 34.05208546676127, 30.153637057913297, 28.41395304740463, 48.82718354407627, 53.08861438717293, 61.553677544471, 70.60642996263707, 79.63155808767674, 72.16064533210826, 65.23342031834862, 56.65943455396691, 8.136526743422834, 0.0, 8.573996403371826, 21.72848315577836, 35.78083436828756, 33.41381243656426, 21.782267622652096, 10.827666305105502, 6.733896145282015, 11.01744329521877, 45.54785773477757, 52.60243848478276, 59.90234304898286, 70.18897684080859, 78.48608728211809, 78.53786041643295, 69.75241400575041, 61.00212156128898, 53.117065173193794, 45.962710130935996, 23.486508896299615, 33.92245497206589, 46.17555244360121, 53.87532508541461, 61.07895718539666, 66.63554285059004, 69.59944805174838, 70.41349846255915, 67.8201996591766, 55.32935830871656, 43.005627165331305, 36.57501003171299, 84.01472913467244, 76.18770954840136, 74.85696276792841, 78.19122652196525, 81.50452274056116, 86.80715931668335, 96.97266318776039, 101.89727697039912, 101.4263066724358, 99.97719169729358, 96.86879510703312, 92.26462704752322, 84.05829103715513, 79.6670564858664, 82.84022973978126, 85.99250971782561, 95.7697487255106, 94.10074299524604, 91.00584499208465, 88.94755048150134, 59.75062704822717, 70.94670273623427, 88.10633036239552, 97.3870730503221, 110.0798152237134, 125.54196290240372, 134.91263619700788, 133.4142926012597, 147.01172938845116, 138.20071758608984, 131.50230843477286, 123.10775233384535, 118.08951906570488, 107.69277160624084, 98.8524267754353], [20.8122732801176, 19.743799839168496, 24.741778186237827, 35.23960453459287, 31.95313283302845, 30.08277922113755, 30.284881508080726, 55.83158470964886, 60.37994856819229, 68.9348730433232, 77.79672585327393, 86.4989301388766, 79.3874016971936, 72.52101417033873, 63.73480358741451, 16.570543831727008, 8.573996403371826, 0.0, 13.374277923548956, 27.91223059495061, 25.94312378880564, 14.532687659338825, 6.525890315899892, 11.162042058161804, 18.29887323420341, 53.39737657474039, 60.1957514373728, 67.2415816481532, 76.99610025136958, 85.16440446120107, 85.34779703241013, 76.91885020932415, 68.47186249490343, 60.772815362409055, 53.799487366177495, 30.81148468932742, 40.445900239479464, 52.122456093331316, 58.04805771013126, 65.73001536026622, 72.2464998600888, 75.95178468209076, 76.89406543129877, 74.50142942599425, 62.642486815138454, 50.63127363270718, 44.5064592631006, 86.27939368553177, 79.57484254403973, 79.41758265812138, 83.38887533076516, 87.24750568693119, 92.72401307066644, 102.619232744936, 107.16193422951736, 106.26939988850253, 104.32719795616524, 100.52800274453352, 95.1189881966783, 86.81587862293448, 83.92867158421818, 87.76472401963308, 91.43287627973335, 101.20929237304011, 99.12230407936921, 95.52334740141269, 92.73328917225265, 52.543075581467, 65.67121137967241, 84.75114801416647, 95.21337855789417, 108.74218180899447, 124.99141059723082, 135.45382321520242, 136.59096995156858, 150.61150887968722, 142.87885709694822, 136.524188746282, 128.2711413677557, 123.42166121630561, 113.20704605635618, 104.29271695412756], [26.103419090086227, 21.725066767351603, 21.213509335031887, 29.106384683307184, 29.681635283857496, 31.246676295100475, 34.035694484196604, 65.57174306272019, 70.73219814953363, 79.46829989608027, 87.95523646888007, 95.94243770313155, 89.34202296809195, 82.56242297887117, 73.46837749924474, 29.322182304654252, 21.72848315577836, 13.374277923548956, 0.0, 14.953308066387851, 13.774709331809804, 6.319962220114137, 13.228744063351627, 21.952079453776488, 29.768923738721373, 65.33280588489298, 71.94700729635974, 78.58789696778491, 87.50630941430906, 95.12236926115179, 95.34880653639273, 87.66308809031207, 79.74404964997333, 72.152577338833, 65.46875765684085, 41.55024155993253, 49.86827873470202, 60.63938852619441, 63.58212787394962, 71.82045626623444, 79.81410016543096, 84.48238114961859, 85.40388992361677, 83.23256734209907, 72.83188950426562, 61.30399955801691, 55.90852876209885, 88.09187879618712, 83.38147606316329, 85.0741800566409, 89.9113127834612, 94.48052071622693, 100.05086999076033, 109.2746146855771, 113.21227958690265, 111.76649103596367, 109.11302284697773, 104.32704083096147, 97.69997284318424, 89.35109346234229, 88.9672182641005, 93.74313955890591, 98.08125770978313, 107.55085333054326, 104.93332769645937, 100.6521413380973, 96.78658003738708, 40.35042063296293, 55.79290288549906, 77.46900571645625, 89.60078755246387, 104.30572157789507, 121.56199388570458, 133.61085778329817, 139.01132810470153, 153.42934239634383, 147.5577684094305, 141.86903405932648, 133.9890414970806, 129.65398166135168, 120.2669264264786, 111.9655741066401], [34.191161537015404, 28.54940839098164, 23.182899640399185, 25.10501471874165, 30.5476011603474, 35.17495278974614, 39.53125007963562, 74.43311956640673, 80.21853032021856, 89.04785630400795, 96.9601207100669, 103.92957266799544, 97.98851137696322, 91.4079303761306, 82.12329173296503, 42.69288796086668, 35.78083436828756, 27.91223059495061, 14.953308066387851, 0.0, 5.266979445217152, 15.301344393324984, 26.123330694533358, 34.51814758819216, 42.043212349227275, 77.04243152548732, 83.49753355673083, 89.61114178001667, 97.50798958274302, 104.19466070558728, 104.35648286636493, 97.70528999659443, 90.49663631968836, 83.00494157911258, 76.74651652473355, 52.53040767670193, 59.5564032334012, 69.49565500337904, 69.19556589454241, 77.77127399630865, 87.22138686540632, 92.53768449770956, 93.07122969413756, 90.88702749963865, 82.69251962095852, 71.55700916524422, 66.94466799608277, 88.90854578655146, 86.61972242104696, 90.20174934586937, 95.70015350253061, 100.73044245269739, 106.06317924945786, 114.11794218818441, 117.52103518517087, 115.7687971056771, 112.52287789799264, 106.90710811615864, 99.08549473656794, 90.82464097345583, 93.24440989621196, 98.80884019594994, 103.57094076599122, 112.1247134331912, 109.27816946256473, 104.51648989790793, 99.68511019687566, 25.92319232299256, 43.23514196950347, 67.55287995450523, 81.38099187898317, 97.33722359111033, 115.32270808806807, 128.88789772307013, 139.09600684549366, 153.1454289690346, 149.26827499792074, 144.34354758511535, 136.9428665815423, 133.27053961349978, 125.15587218309535, 118.1021846363368], [30.2713043745471, 24.15154321027717, 18.173789637756375, 20.55953892036208, 25.540632311586453, 30.3381990073406, 35.18101985855855, 71.58801008384194, 77.71465552260808, 86.70878720652175, 94.7275976809027, 101.6832000681419, 95.38800141017177, 88.64557616515826, 79.28292672799573, 40.04937496125585, 33.41381243656426, 25.94312378880564, 13.774709331809804, 5.266979445217152, 0.0, 12.012806548175247, 23.116234343596904, 31.45436608113265, 38.94697923518189, 74.96501689888584, 81.73531332616885, 88.03387225516065, 96.27890272403978, 102.86502983625627, 102.8344967471688, 96.08084649646464, 88.68593167563658, 80.88916860072631, 74.48712551181468, 49.05805556571733, 55.34795808174587, 64.80048982251596, 64.25070648128732, 72.80670191394516, 82.29678047805041, 87.82171726924284, 88.57374964262426, 86.72977473735226, 78.41758324089027, 67.85187773298354, 63.97573930086481, 84.06497983086835, 81.59459735558993, 85.2002500304895, 90.8016628458466, 95.9961241425651, 101.5204192585661, 109.84583370263125, 113.01075104274557, 111.01576131710742, 107.67818714588535, 101.99432520693857, 94.22927199274986, 85.98128065013344, 88.27598474135618, 93.91808397760433, 98.84162730437471, 107.77486713282578, 104.60824401881118, 99.70426341938814, 94.81047475728192, 29.03317972778635, 42.76793733597519, 65.51393686777946, 78.6832820056763, 94.1368650787774, 112.04151855989046, 125.32688316957253, 134.67174575002727, 149.55846617056324, 145.9466173492963, 141.23326298215088, 134.1092705194844, 130.91753094735486, 123.51878563875978, 117.23466399431506], [21.91271915726047, 16.47517219577231, 15.03066097522278, 23.407197517818428, 23.466334708971445, 25.374773923138978, 28.969264698923666, 63.37875342404118, 69.17514051833386, 78.16643575725614, 86.64161184148756, 94.33866351950343, 87.44250131423448, 80.49674802503125, 71.2395787090064, 28.651342670834065, 21.782267622652096, 14.532687659338825, 6.319962220114137, 15.301344393324984, 12.012806548175247, 0.0, 11.384937883235505, 20.188096126419595, 27.9902396928188, 65.01788317401879, 72.03075094863877, 78.76554177169427, 87.85637087254686, 95.05336256717268, 94.99737272749486, 87.47300731530548, 79.50932213450704, 71.52194111284025, 64.76172445968601, 38.95250547945445, 46.021649524442665, 56.10953269462339, 58.08767088404282, 66.40776929848616, 74.79185322899656, 79.83369145468653, 80.8973995116901, 79.1086190341828, 69.09273687467284, 58.3214073530717, 54.11592280335289, 81.92617905729001, 77.4346047287774, 79.49694647150665, 84.5744666545665, 89.4156518080485, 95.14582129839513, 104.42492059480165, 107.99263570930916, 106.23398652381478, 103.3762994934848, 98.37824142946786, 91.60441935920691, 83.27813669064868, 83.26035908732295, 88.26993110391562, 92.86278025884837, 102.55600586289171, 99.54694232779218, 95.02522131592524, 90.9210298903041, 40.40679018751297, 52.58214617616914, 72.78009346775683, 84.36091359689779, 98.66270626672906, 115.86249446561762, 127.80350823106676, 133.0868344010264, 148.30695720865793, 143.14007913656354, 137.8644117630023, 130.42341991443516, 126.8307870670935, 118.66115435653711, 111.6988830566285], [15.47940622146357, 13.360566305200765, 18.5441479501962, 29.319916821357086, 25.481926683384856, 23.663517906100967, 24.531773909511603, 54.23910575324579, 59.6298545140598, 68.53213670033436, 77.31446021154493, 85.57271047661631, 78.25423704902546, 71.21502039247507, 62.151074196190834, 17.340572447546766, 10.827666305105502, 6.525890315899892, 13.228744063351627, 26.123330694533358, 23.116234343596904, 11.384937883235505, 0.0, 9.082580090131716, 17.017232075192315, 54.43672968814349, 61.64379061153272, 68.68027491510004, 78.40658998911937, 85.97884908095983, 85.86631115954832, 77.7884301654071, 69.42467221548881, 61.302649711965, 54.310864131438045, 28.724349849543856, 37.01364218829, 48.16810486122288, 52.765431615577924, 60.6857468789355, 67.8747911087153, 72.05011440045963, 73.04196502304181, 70.97032765064948, 59.79615955832739, 48.4461099899192, 43.685030706911874, 80.13097112380734, 73.85053503101642, 74.25506084958121, 78.55557069509925, 82.7436720716964, 88.35150039319082, 98.16333998964733, 102.32810308484386, 101.12837606600431, 98.92775823232844, 94.8334849140457, 89.13123289993301, 80.80672857536956, 78.5629626705212, 82.73240011624594, 86.69944941321698, 96.57667973095644, 94.11247103516786, 90.22715936316915, 87.09774121868729, 50.46563176013202, 61.0738206924938, 79.00062206467258, 89.08657273404683, 102.37830846703562, 118.62621578047883, 129.13289068659378, 130.69952046964568, 145.36660880975163, 138.5023558603386, 132.61181092144705, 124.8065732811825, 120.73301092341934, 111.84381132230227, 104.41154172749498], [12.40682389039814, 14.782744974399339, 23.22316002756096, 34.08173789599661, 28.151747834302544, 23.67601027630648, 21.68652380867886, 45.92232239347602, 51.148073893367766, 60.0255207523633, 68.95875221425551, 77.46486444017485, 69.84368085569422, 62.742595977037574, 53.813607418792465, 9.123889530570775, 6.733896145282015, 11.162042058161804, 21.952079453776488, 34.51814758819216, 31.45436608113265, 20.188096126419595, 9.082580090131716, 0.0, 7.937321866530362, 45.850855952448356, 53.30916982986025, 60.501389432348454, 70.61147485838853, 78.18191925090547, 77.92099322768489, 69.61202786866784, 61.0442343603911, 52.71879380871313, 45.60911934728526, 19.972517729686988, 29.42683545173721, 41.658607860284405, 48.06683580181609, 55.56546315844606, 61.869848659956475, 65.16268320417588, 65.81986079950114, 63.34208928090917, 51.80519166817532, 39.8062681230509, 34.716420821587384, 77.61500156029253, 70.16562144942594, 69.29797267343412, 72.8672880146854, 76.39064415232298, 81.70151576152772, 91.65153033867176, 96.34140821854733, 95.73215017441821, 94.11817865213636, 90.8261747760424, 85.9751792434957, 77.71169525624036, 73.88933413390595, 77.31343936625275, 80.63953981156531, 90.30683665263481, 88.45153263827935, 85.18443445132147, 82.88683366584021, 57.719361389987995, 66.4406544474962, 82.29833447821842, 91.1025475729182, 103.56121847171345, 118.88603170774819, 128.18050872750032, 127.02519146202339, 140.8754122131861, 132.74365830426427, 126.42682775319477, 118.40005869052763, 114.07034813729669, 104.94365202377132, 97.62690818304857], [14.395405384156469, 19.522393031360576, 28.900099313732888, 39.309441218879094, 32.22641502713516, 26.137860738893135, 21.871878057223114, 38.840711784308404, 43.88742302170824, 52.72211006782166, 61.78968500114411, 70.512336451427, 62.580608935572506, 55.422324796414976, 46.66328000488185, 5.600450905441989, 11.01744329521877, 18.29887323420341, 29.768923738721373, 42.043212349227275, 38.94697923518189, 27.9902396928188, 17.017232075192315, 7.937321866530362, 0.0, 38.605278119558186, 46.339818534714304, 53.66578503090741, 64.13631641644402, 71.64013507097958, 71.21040896864139, 62.706429347245454, 53.95491636418823, 45.40806346626031, 38.18904794082279, 12.576243036975232, 23.49310128475253, 36.69632811671681, 44.83283063198388, 51.761279665564004, 57.10388814555367, 59.45792802706645, 59.74704240728756, 56.85330419740566, 45.03737831449612, 32.34674980523346, 26.90980319981168, 75.97410436270978, 67.53635737790607, 65.46761190304291, 68.28572925649213, 71.12213657590048, 76.10069385190761, 86.13053076139099, 91.30578868702962, 91.26646803356739, 90.21697728159727, 87.69852487322277, 83.66889915135964, 75.53664632350639, 70.27823623670409, 72.95262977585091, 75.62622269937614, 85.02507235186499, 83.7703694066038, 81.1180544777376, 79.62578934769274, 64.3521562352914, 71.5590558449975, 85.62205191731442, 93.28888575577362, 104.95357549515032, 119.39844360262033, 127.5899987673286, 124.00785922898586, 137.0726664658245, 127.80921248383535, 121.12052025365263, 112.91823498111224, 108.3834049576177, 99.10760735633683, 91.99716606836272], [49.10408245109682, 56.08727199039598, 65.52928236022316, 74.42513201154988, 67.12755861178186, 59.69502835249868, 52.12232538005723, 22.802546036315988, 17.956392640284516, 21.25159934271889, 29.907484353786646, 40.75632457524562, 33.97529565741041, 29.225640225945675, 25.85031414566148, 38.09465820752424, 45.54785773477757, 53.39737657474039, 65.33280588489298, 77.04243152548732, 74.96501689888584, 65.01788317401879, 54.43672968814349, 45.850855952448356, 38.605278119558186, 0.0, 8.405683158510854, 16.05809249736151, 28.134729799446625, 36.61028342086372, 36.33280817416778, 26.013148412808835, 16.311628451388966, 9.178163212143593, 4.461155091721987, 31.861744954804, 38.79570557510172, 49.45693507264393, 61.41762635227377, 64.46281941093922, 64.3275699037304, 60.22757486574911, 56.87037297515189, 49.85986560851789, 42.26549686662322, 28.445748966423736, 17.540231411257974, 92.60428741815096, 81.9985859551099, 75.20