{
	"dissimilarities": [[0.0, 7.372469025804112, 16.39115645944462, 25.68585258116732, 18.317400646791043, 12.092233577276408, 9.676311350705598, 43.08099635663542, 49.92087218267462, 59.238337791565876, 67.60878414639178, 74.72060242861902, 67.17854370573133, 59.96787251780681, 50.76286324209516, 19.265655460995795, 19.206574773867153, 20.879638165037512, 26.071661044530842, 33.9930623020737, 30.10733908315993, 21.85095843949462, 15.542108885702289, 12.520575998099291, 14.518771366941834, 49.129923683471254, 56.50961591251289, 63.4370519641425, 72.3979482229122, 78.73013021042925, 77.88413721271392, 70.90603057323844, 62.80525459536251, 54.36515061624866, 47.77518747539941, 19.877795978349134, 26.58107908087196, 36.565303758095446, 40.21720937417854, 48.27495014909675, 55.83423459773551, 60.23596651071329, 60.31973830248305, 57.373908399034306, 48.576022391441576, 38.44594797971465, 35.18806872143262, 67.04287154424816, 62.62928493185692, 62.79735345424456, 67.16234110106383, 70.59125477065449, 74.88959780356404, 83.2881412728655, 87.5555302640274, 85.85486772001624, 83.89320270997978, 80.13963737520133, 74.65416033041886, 68.53974028085412, 66.78000574946695, 70.8403600162953, 74.12143032708975, 81.06556929570009, 77.32323689824256, 75.04906776412753, 71.15953919544046, 53.64432346342092, 61.72162738338978, 71.51113808694947, 79.17558236564787, 91.19187029691582, 106.31452559440257, 114.22446367080029, 114.63841640138469, 129.26109879417993, 122.106827915122, 116.72151947497005, 108.83650947423162, 106.25281130684529, 100.29849676911661, 95.892243763252], [7.372469025804112, 0.0, 9.612146721879045, 20.2582210970254, 13.820626071306323, 10.595308799851471, 13.456351889099402, 50.4528181621258, 57.24555399981537, 66.54393498966905, 74.92947742357363, 82.02397320715086, 74.54406954250923, 67.33933104667908, 58.12725014582098, 22.678731074411107, 19.959337687100167, 18.742824362973845, 20.821074408884524, 27.898541867186054, 23.609230983904713, 15.660798014832642, 12.3741042102433, 14.018330697954623, 19.043647054921625, 55.789503427950415, 63.16658453033809, 70.14597924443758, 79.17913719508643, 85.68884615850227, 84.97742332414374, 77.90440747801229, 69.77534321575548, 61.37101673587758, 54.67240179798808, 26.47566878495136, 32.32216281869754, 41.09910285424763, 43.556940867942835, 51.83663132880309, 59.905802389088436, 65.17206622006967, 65.88188375656885, 63.64190353897803, 54.46732586221003, 45.1573088215167, 42.24680169777946, 68.7160880642081, 64.97262612129097, 66.15601459789009, 71.2838009799289, 75.31669686541525, 80.10879545151836, 88.73094247481691, 92.37269151196385, 89.97872752710785, 87.43761603963004, 82.92126449117067, 76.76498446746139, 70.84684964617811, 70.00265636214208, 74.81329040645387, 78.68863531473771, 86.22752863906311, 81.75256034974538, 78.86220999499768, 74.23787127649274, 48.58001684285913, 57.74979597756736, 69.00318799483112, 77.68840264545213, 90.21045078187362, 106.20235813923952, 115.15697835028044, 117.54416706016944, 133.4482103912844, 127.53270060631668, 122.59317132854287, 115.07964168250552, 112.7857715811049, 107.08507572822862, 102.5516506722248], [16.39115645944462, 9.612146721879045, 0.0, 11.560965782699858, 8.53643984594948, 12.175527830406121, 18.916862857153905, 58.88007355097075, 65.97773470458763, 75.29634116572028, 83.43127849512922, 90.0696102667474, 82.82273533635032, 75.70013565436334, 66.39223785419279, 31.701004069254246, 27.63482283695318, 23.877872946028464, 20.157324677637806, 22.279762844677254, 17.32236219265941, 14.024763163411212, 17.74298800531644, 22.65507982931133, 28.508733435211415, 65.24069749959895, 72.53547127114119, 79.35320694104944, 88.05590331574189, 94.24393681711031, 93.49035626908925, 86.83823875118681, 78.93081378404126, 70.61405881232183, 64.05129645490591, 35.849788996437375, 40.15951892444124, 47.369327487188244, 46.99179008402718, 55.503305652989575, 64.7490866070996, 70.85436409568499, 71.83740290848027, 70.27156917715318, 62.01234997998748, 53.698869637222906, 51.53163050068637, 68.60960143467788, 66.25158869522424, 69.11689956108637, 75.15007487546424, 79.8265663465472, 84.9288599870595, 93.24578029866967, 96.13388924194012, 93.0595811806475, 89.80713385208482, 84.30998577137856, 77.14005569335093, 71.55946192059166, 72.40700844502221, 78.12766709426175, 82.64926144479966, 90.44528742067608, 85.27382172500835, 81.65479024935657, 76.05000902515006, 41.69892082468568, 49.965417110815984, 62.23425794514301, 72.04747230702306, 85.21212825263542, 102.13201504387128, 112.44935055715028, 118.10296086646747, 134.9883619130735, 130.98629145208886, 126.7823669933653, 119.9256187674956, 118.26914434959531, 113.54776695244938, 109.76659444707505], [25.68585258116732, 20.2582210970254, 11.560965782699858, 0.0, 9.78980777278701, 17.590596197604757, 24.714331725858134, 65.37383834469175, 72.98251976963488, 82.25444257167722, 89.81707407168057, 95.53362495958285, 88.71889175526948, 81.82134435657719, 72.46483435282973, 42.81416981336895, 38.994924969864606, 34.81109406980497, 28.32134769085629, 23.985879492908573, 19.5437123519083, 22.840690137386066, 28.98752994514272, 33.88789636758056, 39.22965023974216, 74.31885982246136, 81.44134676026133, 87.87713560757213, 95.83845933542175, 101.14636590134491, 100.1318692464083, 94.44714636398625, 87.03299144697931, 78.88549586904595, 72.7377514126402, 45.07198383786129, 47.60198913227926, 53.30723539025831, 49.09416863200176, 57.66305422609119, 68.45490962373151, 74.97383213690321, 75.63796859523363, 74.48384196805118, 68.52811923442358, 61.180925815210486, 59.992389936772085, 65.58882066233849, 65.18489794411326, 70.01576652488922, 76.74142386104154, 81.82105600951648, 86.80471927333119, 94.10091215628476, 96.32764668585357, 92.89677400638692, 89.0523088779806, 82.68753623456996, 74.42577949317563, 69.28460164235472, 72.32229983248301, 78.77377044834658, 83.72178591161052, 91.11489703516077, 85.61601506951777, 81.42210639752032, 74.9023016886713, 36.59795729908652, 39.456854254815845, 51.115045479429426, 61.77148118149146, 75.62526080340149, 93.18711366922423, 104.78829981488012, 114.37224003584053, 131.26750966495752, 129.43887278454682, 126.13349466713525, 120.14458123574742, 119.41146500210353, 116.39566033054105, 114.37046748142129], [18.317400646791043, 13.820626071306323, 8.53643984594948, 9.78980777278701, 0.0, 8.20917405925334, 16.12666286799997, 57.831815279487635, 65.62469106797111, 74.98400891017951, 82.79404173078656, 88.84324146418341, 81.44592167352586, 74.3198125531798, 64.94183054090453, 36.13149549951726, 33.58890668243641, 31.279968617089917, 28.692197120012366, 29.317901365298454, 24.3730607268697, 22.546090853595754, 24.843295863884585, 27.7174666623633, 31.9687496000114, 66.94561845681513, 74.31700467218394, 81.07639582399227, 89.53835531712969, 95.0329335640518, 93.81665745423726, 87.75800038643965, 79.98605164768061, 71.55930814410716, 65.23129213183708, 36.581227929503186, 38.056426153169525, 43.62905138844935, 40.589485429335575, 49.1740558476169, 59.37973419383796, 65.82168741395321, 66.77527148604858, 65.82346847765727, 58.979451504157765, 52.0416282409039, 51.73889609182664, 60.37432877892515, 58.54759100794114, 62.20516066948112, 68.61804835508708, 73.58667510968249, 78.79412419890647, 86.91182531504171, 89.25474997362592, 85.84107743540433, 82.29831908765978, 76.47170884452882, 68.98912649443804, 63.50786222495703, 65.0858916775394, 71.17094093259419, 75.98221447506236, 83.89117196881597, 78.31006374825083, 74.35661874842258, 68.36255611503823, 45.41607820494245, 48.2162606782971, 56.68381682195973, 65.0576598171212, 77.54783105846509, 94.20249293096198, 104.19272544775848, 109.87515377926478, 127.59561993420814, 124.66844937067515, 121.11652315552895, 115.22071366550107, 114.49205540276142, 111.58632219520432, 109.80433947741871], [12.092233577276408, 10.595308799851471, 12.175527830406121, 17.590596197604757, 8.20917405925334, 0.0, 8.330007932630375, 50.13341560702104, 57.95703604647641, 67.3346330144984, 75.27732218444905, 81.56100174786224, 73.87059964195362, 66.63739933633117, 57.275873873220746, 30.386176949824833, 29.446994208618392, 29.21071865631286, 30.22998488354852, 34.08997598289543, 29.320224865321993, 24.38874394013062, 22.791244506638705, 22.95958770431984, 25.623390924209485, 59.39274844898021, 66.8464713248269, 73.71860838464885, 82.38712915233569, 87.94863260263901, 86.6242678265397, 80.37622122135097, 72.45245074558257, 63.91343787815551, 57.55438111084099, 28.72589631927947, 30.014833511671092, 36.431059123887984, 35.19217222130866, 43.76029235779151, 53.26229186648395, 59.12019272927515, 59.85641757226684, 58.50352724702232, 51.17480883873214, 43.84971699651867, 43.73869282850389, 58.427373882365764, 55.2949131186441, 57.517300140270024, 63.23588421147084, 67.73695562268355, 72.75415495492209, 81.20401760865302, 84.09722574135868, 81.18953358664989, 78.21974473198355, 73.21773360991402, 66.62395796607291, 60.802166290891115, 60.878409336444804, 66.2408065624148, 70.56897698973523, 78.36931754233231, 73.26464373158154, 69.87841667713177, 64.68905402289727, 51.56584009876231, 54.85364355026678, 61.95095405563583, 68.96630926682589, 80.64189529993092, 96.319978784858, 104.93299543434604, 107.48667712548922, 124.60559603470533, 120.18701196676213, 116.1299075084538, 109.89242688185347, 108.84686063477174, 105.57343076686514, 103.69324068610797], [9.676311350705598, 13.456351889099402, 18.916862857153905, 24.714331725858134, 16.12666286799997, 8.330007932630375, 0.0, 41.847838243849, 49.76316740808715, 59.12745247850227, 66.994484310468, 73.24778083432102, 65.54516321236213, 58.32832830018973, 48.961682473100474, 27.334186264439282, 28.48887267251023, 30.325405010226216, 34.01828582808118, 39.39856766283224, 35.076493315779004, 28.945413343785592, 24.570023211519317, 21.73549783721206, 21.92810265070738, 52.12870047875229, 59.48140558432148, 66.19776129035425, 74.66990300661313, 79.97961162034153, 78.52233019826318, 72.45381265332807, 64.64819928138115, 56.153966154349504, 50.018213894404376, 22.24234636167428, 23.8758089241921, 31.826352793023915, 32.0621325531676, 40.43914053641201, 49.37142632219719, 54.09897073714977, 53.95471161132396, 51.61403802628558, 44.903765437497505, 36.55056331991491, 36.170311604646855, 57.67195346675867, 53.68031212550099, 54.56416894586308, 59.28246150748716, 62.98887571808094, 67.34052242262244, 75.45839981202263, 79.22873210006367, 77.26421038609844, 75.05671604342767, 71.0469368756294, 65.30119565929046, 59.20385234209709, 58.09916194316741, 62.47560036173046, 66.01830031304334, 72.99796586871284, 68.88687335873782, 66.31801962064831, 62.08407058035097, 56.48502519319036, 59.57382027896009, 65.62166552292676, 71.6421335809573, 82.82473508654344, 97.43456041855478, 104.83498932929355, 105.11833481446938, 120.41501760841295, 114.37658630680995, 109.70360852716806, 102.89463815892024, 101.42350921195695, 97.72969642691558, 95.9057161149045], [43.08099635663542, 50.4528181621258, 58.88007355097075, 65.37383834469175, 57.831815279487635, 50.13341560702104, 41.847838243849, 0.0, 9.020781076958524, 17.78800825805312, 25.40302567500348, 32.50708160711904, 24.159814078164384, 16.898129348155493, 7.925445705838253, 41.545100299940295, 48.85322229594112, 55.82802505426522, 65.5350560707202, 74.30697341362861, 71.48481237015682, 63.32092271235647, 54.22813899617273, 45.9291702941945, 38.865301077975786, 22.873341089808985, 27.019293702980242, 31.23970219072253, 37.619501012773114, 41.03107778035387, 38.53691812202533, 33.50447118567999, 27.02359617514312, 20.10355944202849, 18.509716112724174, 28.183967901470137, 30.310322665131444, 38.36446721019893, 46.46162922304432, 49.26241439112044, 50.56515597764628, 46.94354676017704, 41.47823156985845, 32.21449992257297, 31.766437978961584, 19.736178473284767, 15.216456888063165, 72.96279221572341, 65.90237572550255, 59.92063471016657, 57.93102069901777, 55.97213929230795, 55.26140052307498, 60.190182084030575, 68.99497137938833, 72.7910764020212, 75.19254154247686, 77.03341035036959, 76.56171791042657, 70.54440485348341, 63.677489542582215, 61.720233463189075, 59.892652356885534, 60.70045188271996, 63.45694486006945, 66.09441261736839, 67.90320476656704, 89.64482027038538, 93.24239465184165, 96.31132344795914, 98.65569418601858, 107.02889416198323, 116.31622555727154, 117.84474667133313, 106.43810860750126, 111.22914169707457, 95.39188073288071, 86.73123697460433, 76.08128363257151, 71.0151963088172, 62.93510503718786, 60.097115493692044], [49.92087218267462, 57.24555399981537, 65.97773470458763, 72.98251976963488, 65.62469106797111, 57.95703604647641, 49.76316740808715, 9.020781076958524, 0.0, 9.38758577100561, 18.054023854121468, 26.71895163623311, 18.838588408090164, 12.548264854227657, 8.512341566425128, 45.651206700420765, 53.11869916143823, 60.37448108791242, 70.68556341193442, 80.06942258094492, 77.5911080338779, 69.1043919358595, 59.61460326853688, 51.15647476055195, 43.918637696349315, 18.099189552107713, 19.990232884073386, 22.932613226230913, 28.85586870108183, 32.5804126689521, 30.292993218950766, 24.544082579475813, 18.22942510215528, 12.467466390895384, 13.929594733328459, 34.082178587792676, 37.60217757677531, 45.64270439789235, 54.95157273615779, 57.26495723512664, 57.298391972290865, 52.762729503625984, 47.140255257644775, 37.49866732982078, 36.871740493119496, 25.44716349662952, 18.920355205650342, 81.39619232588669, 74.07493474697421, 67.41072919704706, 64.6686267657089, 61.986088591868366, 60.572747811983845, 64.84777331186818, 74.29435155431418, 78.89328747123807, 81.91267653049118, 84.46926651112149, 84.61138270752559, 78.69700694052649, 71.24860020622602, 68.58080070370741, 66.06590749538236, 65.93457479374452, 69.71394618799685, 73.01005832760143, 75.53221479351937, 95.48192378981271, 100.52986521181488, 104.5188790413828, 107.1249766718655, 115.56712708996139, 124.4861637348021, 125.56987378510917, 112.95713034333536, 115.7323203667232, 97.94440624931386, 88.31867437909774, 76.47760749443698, 69.96586397198887, 59.215176885615804, 53.93687358341909], [59.238337791565876, 66.54393498966905, 75.29634116572028, 82.25444257167722, 74.98400891017951, 67.3346330144984, 59.12745247850227, 17.78800825805312, 9.38758577100561, 0.0, 9.385470153300579, 19.26058079258969, 12.315318350870918, 9.446709590402257, 13.36953411039704, 54.079221916491264, 61.581105163405994, 68.92715493193161, 79.41803348369075, 88.89461329141085, 86.58115804175713, 78.09289101122015, 68.51441446294035, 60.032029069393936, 52.7510327752853, 21.39765921460565, 19.737239138746787, 19.441466420843003, 22.579606040564503, 24.774863178433925, 21.932031936090233, 17.10598354634176, 13.35614793376586, 12.70992260776536, 18.269325997969904, 43.10977878072525, 46.19821020749019, 53.29408546251001, 62.67728721794036, 64.18220922232601, 63.09371373267665, 57.381586867139696, 51.189942524148165, 41.20296164963759, 42.31533925095507, 32.832902747999015, 27.332656948837066, 87.98707556005604, 80.53249298157769, 73.1802788448176, 69.44122329628802, 65.80556861101843, 63.32353025254003, 66.40534849556232, 76.53278230687062, 82.1998259492959, 86.01173915717942, 89.5287119270009, 90.50930232421774, 84.81496419844719, 76.83052935616696, 73.20058305115538, 69.76625484673637, 68.18714201745992, 73.31138889989474, 77.46236313696076, 80.92392189302365, 103.86646183160526, 108.88577446922662, 112.48821020199624, 114.61276209081541, 122.59034401215014, 130.5818311169636, 130.68951293095205, 116.24319929626591, 116.5444516328061, 96.72729651312005, 86.23388585502265, 73.52985570097243, 65.90589870426899, 53.487458880368685, 47.438278511167525], [67.60878414639178, 74.92947742357363, 83.43127849512922, 89.81707407168057, 82.79404173078656, 75.27732218444905, 66.994484310468, 25.40302567500348, 18.054023854121468, 9.385470153300579, 0.0, 10.372520097105957, 7.438853503882033, 11.48169591357017, 19.238208100760477, 63.244158762332674, 70.63135413007832, 77.79581737349021, 87.91987803282646, 96.84889356284954, 94.63646878491654, 86.59403161272627, 77.30632196226817, 68.96606760933106, 61.81201501555846, 30.00080771326289, 26.76413769899232, 23.797263338195634, 22.13564496990284, 19.993088602166928, 15.719029849530092, 16.146975753272034, 17.79982467558706, 20.911779924764726, 27.31644649121527, 52.11076445918586, 54.492149750720266, 60.738140552623186, 68.95760585511262, 69.88326536342689, 68.56295449423385, 61.96220867826629, 54.89071447867321, 44.586710064795334, 48.73715952472186, 40.8521387490126, 36.517096317191196, 92.20605513674226, 85.08995972980388, 77.59323675056456, 73.07784173726587, 68.6034942905735, 64.86581020833685, 66.01778266033885, 76.82483902304831, 83.67852554479556, 88.18999166277224, 92.50551873283133, 94.05719860927395, 88.63991589807898, 80.71812602727415, 76.2995381629524, 72.01410978446613, 68.52884032434292, 75.13480169998924, 80.05771521917538, 84.24981789547743, 110.62526753537328, 114.53336967804215, 117.13528836719645, 118.56425202347782, 125.99904046386037, 132.84615791998303, 131.9957060242409, 116.56896965932151, 113.63791224601196, 92.07878453440365, 80.81004538950937, 67.23618375060254, 58.65519383861536, 45.23255712625988, 40.22282684295408], [74.72060242861902, 82.02397320715086, 90.0696102667474, 95.53362495958285, 88.84324146418341, 81.56100174786224, 73.24778083432102, 32.50708160711904, 26.71895163623311, 19.26058079258969, 10.372520097105957, 0.0, 10.35210179084233, 17.473101924833408, 25.507835010513787, 72.1058472560363, 79.31954872674041, 86.16979916069288, 95.61537745993094, 103.61127679007996, 101.417904225454, 94.0805916765202, 85.31227673400248, 77.21172736524186, 70.27335847001959, 40.234111013062645, 36.91091283676356, 33.141251481350984, 28.652964794737628, 22.368193287346163, 17.195377946057043, 23.424358141032336, 27.551579010283255, 31.18563850155154, 37.42185715023219, 60.35285356602209, 61.75711005754622, 67.11086780394112, 73.41323317005944, 73.87027649542175, 72.87617896892469, 65.67642439252398, 57.64881296006871, 47.21554719163331, 54.88713106168571, 48.39998427441003, 45.366522552750546, 93.83317935160626, 87.39330769735791, 80.15438435897684, 75.0695695829374, 69.91119175667322, 64.882065681896, 63.626417475577746, 75.00655947907423, 83.0392393921039, 88.12819726958465, 93.0807569827357, 95.01196894737862, 89.94465425865256, 82.52269851915705, 77.48644798066348, 72.4641799935093, 66.84433905279451, 74.92390975962891, 80.49841471778963, 85.23490300714495, 115.78937627022735, 117.73139953117985, 118.7527251760567, 119.24186079869459, 125.97715584191617, 131.49126391452654, 129.66685685352195, 113.8635758978216, 107.34060448856735, 84.38882869079855, 72.47745259674076, 58.09782714813058, 48.801003796607105, 35.474712368055364, 34.53060345376304], [67.17854370573133, 74.54406954250923, 82.82273533635032, 88.71889175526948, 81.44592167352586, 73.87059964195362, 65.54516321236213, 24.159814078164384, 18.838588408090164, 12.315318350870918, 7.438853503882033, 10.35210179084233, 0.0, 7.641595431795902, 16.679171498061468, 64.34793084867249, 71.85296118967462, 79.03885097550177, 88.96514193712565, 97.55319170733601, 95.02207481184996, 87.1214551620514, 77.97043389018566, 69.5883553254253, 62.35796225240303, 33.46754856523582, 31.60344659530074, 29.99915434956902, 29.503506055752272, 26.996648953327874, 22.327550040270292, 23.37005985206091, 23.713413588059186, 24.843643146591784, 30.129783863367905, 51.7605922221836, 52.24573910177194, 57.22231940111783, 64.4558733571152, 64.78557707660947, 63.29693919611642, 56.27386058126225, 48.72394932919466, 38.353524690940645, 44.65057822039599, 38.40977434051884, 36.48134878208739, 86.39043457303192, 79.28103144079635, 71.60584391067232, 66.71272702211276, 61.922216234220194, 57.795960131855054, 58.637569726891925, 69.49236701779125, 76.54884264960062, 81.2550156980482, 85.88429177601955, 87.81247060862785, 82.55652345438537, 74.48739230228455, 69.70173999624281, 65.1198626671829, 61.22841591632643, 68.12317718998538, 73.29252871353236, 77.82818547773952, 111.24746622083815, 113.37747458448025, 114.23717161940023, 114.63222255465216, 121.26131288025451, 127.49814025057536, 125.96828497686565, 109.41135181928743, 107.02861804285908, 85.81853669830814, 74.95304268584789, 62.32368187058194, 54.95364132979752, 44.81940451623842, 44.15157923229543], [59.96787251780681, 67.33933104667908, 75.70013565436334, 81.82134435657719, 74.3198125531798, 66.63739933633117, 58.32832830018973, 16.898129348155493, 12.548264854227657, 9.446709590402257, 11.48169591357017, 17.473101924833408, 7.641595431795902, 0.0, 9.379368646559, 57.3012446811732, 64.86541903654638, 72.11665747361991, 82.1412503041603, 90.92950286539092, 88.23921998722217, 80.12852976820935, 70.8811489996509, 62.433520699490224, 55.14155083062352, 28.57383699953407, 28.37487048889376, 28.774337764856764, 31.1427485587849, 31.08661107170216, 27.108357188946176, 25.235852559205306, 22.574727548288905, 20.891415219326934, 24.73673474975695, 44.29024775277155, 44.63334842942247, 49.964101111518886, 57.703088057128205, 58.42730819074426, 57.28235950164423, 50.91051313396703, 43.83519510754992, 33.48076640470271, 38.124640577041994, 30.938430365095044, 29.171414035987986, 81.06069579760576, 73.72112460871504, 66.19499871801041, 61.9108593276485, 57.78699700168278, 54.651677267442786, 57.0811200259475, 67.3796060302703, 73.45772892871626, 77.57580343210742, 81.54383234194647, 82.9923616532004, 77.50753724540951, 69.43241180626201, 65.27034640101974, 61.37287443977632, 59.02420626635001, 64.69012672587901, 69.23004063268073, 73.16835445902466, 105.37023999290096, 107.80203785644258, 109.00882812126645, 109.7405563811277, 116.67744682707769, 123.74367436132158, 122.92402673223052, 107.20688514434089, 107.59003073893338, 88.06361287517146, 77.98692461238682, 66.27050483748927, 59.93618748907923, 51.01114879098401, 49.86626019845584], [50.76286324209516, 58.12725014582098, 66.39223785419279, 72.46483435282973, 64.94183054090453, 57.275873873220746, 48.961682473100474, 7.925445705838253, 8.512341566425128, 13.36953411039704, 19.238208100760477, 25.507835010513787, 16.679171498061468, 9.379368646559, 0.0, 49.287946238266905, 56.692761774439866, 63.73534158513019, 73.42838434330035, 81.9890544899204, 79.17257801788742, 71.18107945664244, 62.14309482414873, 53.826675242201794, 46.69725169027267, 25.953271668607837, 28.188049599451713, 30.754126699947438, 35.34857646652302, 37.04423664179427, 33.77947122561284, 30.31864819445816, 25.400256633674708, 20.513158858641617, 21.580382747422092, 35.74670914735102, 36.32891941514618, 42.6581890638991, 50.12506754989337, 51.81200220288722, 52.07342741378486, 47.01706118106028, 40.47674120696562, 30.34657941443529, 33.28289787910928, 23.96650945941092, 21.817868312465386, 74.79350784709995, 67.64888371816035, 60.94181594733577, 57.79631272907149, 54.75222725925182, 52.80340029621104, 56.49250851838673, 66.06708261943322, 70.98818684511788, 74.21513755497811, 77.08805717843127, 77.53671061162733, 71.77086134490666, 64.36253797044368, 61.297752950720984, 58.437487016049815, 57.655716642516715, 61.84200497850117, 65.42124471440547, 68.27520105716005, 96.66543354530016, 99.13048549541233, 100.83243393290498, 102.15814360162592, 109.70023377077511, 117.80335423105434, 118.11945618931475, 104.66375307819708, 107.45562671574042, 90.09146836499917, 80.89728761483538, 69.93482353096438, 64.58315469107907, 56.77541702333834, 55.446723358714394], [19.265655460995795, 22.678731074411107, 31.701004069254246, 42.81416981336895, 36.13149549951726, 30.386176949824833, 27.334186264439282, 41.545100299940295, 45.651206700420765, 54.079221916491264, 63.244158762332674, 72.1058472560363, 64.34793084867249, 57.3012446811732, 49.287946238266905, 0.0, 8.138797628470744, 16.568576017774795, 29.37720668081488, 42.61215298721924, 39.99621516253005, 28.585341355322416, 17.346301892585547, 9.171309129914935, 5.6431640060378365, 38.07175158123359, 45.381308530651374, 52.93952743615471, 63.3542176033623, 71.72210041292404, 71.74523501045338, 62.677076303103725, 53.80072177973857, 45.60017002986157, 38.313574593747816, 16.38128980454824, 28.785121688378492, 40.409601094811045, 50.89366569195598, 57.421635710930865, 61.1078324226515, 64.0428552007856, 64.59090652280898, 60.83595908458034, 48.034740259326, 36.182148711090086, 29.04987675360489, 81.20397664634045, 74.7881479339207, 72.17461959438553, 75.00357627855234, 77.39866380627988, 81.47038755467958, 90.89643726014712, 96.12332883479527, 95.1508184250996, 94.19164389133131, 91.8394493206227, 88.02532971397959, 81.78414868232768, 77.27326918881113, 79.89714613077665, 82.20303649261453, 89.18829263641761, 86.33869667875445, 85.12823599595407, 82.80576210881644, 65.05823705839224, 78.6782638135277, 90.59154420076459, 98.3967635164201, 110.08800384043163, 124.72839191664217, 131.54706846729155, 127.73875521923487, 141.68496314648436, 131.39989397073535, 124.61166218196531, 115.25070571343255, 110.88132091856217, 101.43534055203644, 93.02430587412306], [19.206574773867153, 19.959337687100167, 27.63482283695318, 38.994924969864606, 33.58890668243641, 29.446994208618392, 28.48887267251023, 48.85322229594112, 53.11869916143823, 61.581105163405994, 70.63135413007832, 79.31954872674041, 71.85296118967462, 64.86541903654638, 56.692761774439866, 8.138797628470744, 0.0, 8.566145766678327, 21.783444773973034, 35.681447964114994, 33.34547857527802, 21.70053194764674, 10.826245263107888, 6.759548458821048, 11.012378482007783, 45.51742096540793, 52.564747029918735, 59.87784049640767, 69.99560798098769, 78.40095104608159, 78.63879279111708, 69.71294816501178, 61.06189173635948, 53.09159080105501, 45.93658598765183, 23.46198530490497, 34.85551261770102, 45.827364361407135, 54.82171190842294, 61.87924995733078, 66.46935477030705, 70.22451282820234, 71.11655919640778, 67.77690439524238, 55.13480800796915, 43.78772850154026, 36.992799429654234, 83.9726808182369, 78.26333985250247, 76.7034613906262, 80.28613005458533, 83.23053625820758, 87.6540302586013, 97.06952898037851, 101.89254240594236, 100.41677695036631, 98.93946579222639, 95.85479095580298, 91.28911209242278, 85.14357154190482, 81.62095756532993, 84.97177548277405, 87.80713507338962, 95.14591004256617, 91.7561990606167, 90.00210745814711, 86.94464188119468, 58.97530300704485, 74.58012013186607, 88.42019605194488, 97.43484110958275, 109.8484641589025, 125.34340558883616, 133.2870726369099, 131.79081101026895, 146.39403692834094, 137.135898623033, 130.64031337067368, 121.36534594330799, 117.10592497129538, 107.61830410676279, 98.82751794617361], [20.879638165037512, 18.742824362973845, 23.877872946028464, 34.81109406980497, 31.279968617089917, 29.21071865631286, 30.325405010226216, 55.82802505426522, 60.37448108791242, 68.92715493193161, 77.79581737349021, 86.16979916069288, 79.03885097550177, 72.11665747361991, 63.73534158513019, 16.568576017774795, 8.566145766678327, 0.0, 13.443851611599262, 27.81699433669618, 25.881418907912337, 14.459618159270942, 6.525998560682113, 11.144928593804943, 18.26751581712689, 53.353750800087795, 60.18895725871567, 67.20483427683614, 76.87133767742615, 85.08792475628343, 85.45113348211257, 76.87705715723096, 68.52349281492697, 60.73810622457138, 53.75981048289075, 30.75823193758884, 41.313001681650654, 51.71342704356495, 58.83047364787604, 66.39001869378184, 72.05592498537767, 76.49637242727667, 77.50530449249709, 74.44046771924391, 62.42473637688606, 51.392954748454294, 44.86431092764985, 86.32803476732057, 81.52096058915774, 81.13822605456176, 85.42848152675563, 88.85302754043713, 93.48907565785389, 102.66190643928758, 107.1319103008782, 105.25721730935958, 103.2869516045664, 99.47900445064337, 94.10633279458317, 88.09017752138912, 85.73870246356528, 89.77999834227094, 93.08287370591381, 100.56065612758935, 96.75292938178603, 94.49649544443892, 90.70412922003466, 51.69949331482028, 69.16838556029045, 84.98149732240336, 95.26137400479321, 108.43900854909319, 124.72710030480937, 133.85224173184324, 135.04451943188175, 149.97004832238193, 141.83957836764634, 135.67594283653543, 126.51300458420906, 122.42956722237776, 113.09248071847722, 104.23666885692327], [26.071661044530842, 20.821074408884524, 20.157324677637806, 28.32134769085629, 28.692197120012366, 30.22998488354852, 34.01828582808118, 65.5350560707202, 70.68556341193442, 79.41803348369075, 87.91987803282646, 95.61537745993094, 88.96514193712565, 82.1412503041603, 73.42838434330035, 29.37720668081488, 21.783444773973034, 13.443851611599262, 0.0, 14.762020419415597, 13.642996105075676, 6.3374653373501, 13.277748571450852, 21.958847991252252, 29.763826912342257, 65.30190314613607, 71.95476297635129, 78.55254672408331, 87.44950413857568, 95.05928763196339, 95.41484254835657, 87.62894544818562, 79.75010607637587, 72.12741531014154, 65.43814285303316, 41.50176600921452, 50.67467898759564, 60.16502674282333, 64.07318300500269, 72.23831825894091, 79.62567460377912, 84.91693695037354, 85.87885087299456, 83.169351760965, 72.61894104019402, 62.07511107528191, 56.17447699393601, 88.27883122435766, 85.07051361223421, 86.57032965934253, 91.83270143892784, 95.88828288989657, 100.6875550351639, 109.22957010238265, 113.15026971093891, 110.7707388748707, 108.09149663925291, 103.23428901497543, 96.63768472172008, 90.89985462326968, 90.5104656324581, 95.51442133622979, 99.43970827895357, 106.88908466787497, 102.56688802763138, 99.60433151018543, 94.73792213469495, 39.332792265825454, 58.935423333069025, 77.48214232180266, 89.58441391904267, 103.8323384220108, 121.1394365295414, 132.02413993512482, 137.6112246319967, 152.72208239816547, 146.54385142852007, 141.02786984060003, 132.24040956746924, 128.65123472055492, 120.08055081111391, 111.86317858978242], [33.9930623020737, 27.898541867186054, 22.279762844677254, 23.985879492908573, 29.317901365298454, 34.08997598289543, 39.39856766283224, 74.30697341362861, 80.06942258094492, 88.89461329141085, 96.84889356284954, 103.61127679007996, 97.55319170733601, 90.92950286539092, 81.9890544899204, 42.61215298721924, 35.681447964114994, 27.81699433669618, 14.762020419415597, 0.0, 5.242392719259118, 15.300101041165094, 26.019011538815654, 34.376976641158485, 41.89859816951925, 76.91501662078959, 83.38664959734194, 89.50148804036118, 97.45422577794193, 104.1326299030575, 104.33595757611724, 97.6319806456002, 90.34625508570124, 82.90597336361493, 76.62404304686895, 52.3439950331995, 60.146864097181336, 68.75562565471176, 69.19131148109524, 77.74226001879542, 86.86572165742763, 92.67367994490098, 93.2508625045915, 90.72248970326335, 82.30806378099464, 72.2101535622852, 66.97830336546014, 89.17448004262188, 87.85054290403077, 91.2744291900065, 97.29209513303628, 101.77380120290536, 106.44607619483655, 113.91408177645718, 117.36120615108295, 114.71741439220523, 111.45093311261347, 105.68741944051737, 97.91547168020267, 92.55717252115777, 94.32480324038774, 100.09862444099647, 104.45493838885905, 111.43389027131839, 106.88127589881978, 103.36293652729302, 97.55003985689886, 25.15178851426824, 46.1249122360402, 67.48230684262528, 81.45199693338205, 96.7763277056435, 114.82481135903197, 127.44073612597447, 137.90080163345425, 152.431547825152, 148.3517967044681, 143.57762892632792, 135.29153474962055, 132.35120790323575, 124.98011781628001, 118.04161971608634], [30.10733908315993, 23.609230983904713, 17.32236219265941, 19.5437123519083, 24.3730607268697, 29.320224865321993, 35.076493315779004, 71.48481237015682, 77.5911080338779, 86.58115804175713, 94.63646878491654, 101.417904225454, 95.02207481184996, 88.23921998722217, 79.17257801788742, 39.99621516253005, 33.34547857527802, 25.881418907912337, 13.642996105075676, 5.242392719259118, 0.0, 12.043765634287482, 23.044484265361795, 31.344548576630118, 38.83189856879117, 74.85958562214921, 81.58760041309736, 87.94223461070618, 96.17118043627711, 102.80556947685022, 102.78527671835343, 96.01821577294453, 88.51361720838892, 80.80788758654994, 74.38594326661139, 48.90019684332568, 55.91586627032444, 64.09102929430411, 64.28547437488263, 72.81186227543276, 81.9669959033348, 87.97268381726752, 88.77012276750847, 86.58713780240251, 78.06195799437876, 68.46884629749019, 63.97969993566392, 84.34600613578166, 82.87662859211376, 86.3025885672268, 92.43201904559966, 97.05513724669555, 101.92593102726873, 109.67718466690782, 112.87347663183658, 109.99205758780899, 106.6305046615325, 100.80790072305271, 93.08984708331202, 87.72914374646615, 89.40015540613312, 95.27215876075238, 99.7641212821628, 107.0676884708601, 102.22980675635266, 98.58618602650853, 92.71515415758245, 28.39325907959558, 46.07328948721671, 65.5635862003958, 78.75305745311546, 93.63996097799026, 111.60101542492696, 123.85054683412301, 133.44125299310022, 148.87334433426585, 145.03518160517754, 140.48267524399958, 132.62604657991187, 130.05905695904, 123.39104511774013, 117.21681177351275], [21.85095843949462, 15.660798014832642, 14.024763163411212, 22.840690137386066, 22.546090853595754, 24.38874394013062, 28.945413343785592, 63.32092271235647, 69.1043919358595, 78.09289101122015, 86.59403161272627, 94.0805916765202, 87.1214551620514, 80.12852976820935, 71.18107945664244, 28.585341355322416, 21.70053194764674, 14.459618159270942, 6.3374653373501, 15.300101041165094, 12.043765634287482, 0.0, 11.302844257964585, 20.08193964019305, 27.880973053120744, 64.92449857809201, 71.89287087587611, 78.6902591567756, 87.70341349428303, 94.98832521827457, 94.99311602662416, 87.41599396336316, 79.39750387749656, 71.45120137253434, 64.67453056445885, 38.81669940778482, 46.65708315081338, 55.49507688709902, 58.46132224065195, 66.69874518866345, 74.49556806295926, 80.12480360805839, 81.25323164363368, 78.99140640278536, 68.76899383669885, 58.93320545849951, 54.203662101545184, 82.11622835120714, 79.047664383841, 80.87602578526429, 86.4026838630168, 90.70104409935138, 95.70334916105391, 104.3632112788045, 107.90534455163898, 105.21435282116524, 102.32765534761991, 97.25601247834982, 90.52821639073304, 84.84375155793342, 84.7086215415885, 89.95677811009497, 94.11422434886344, 101.84316407340773, 97.1524666055765, 93.95058290526113, 88.85751125039992, 39.77112082538903, 56.252590923193495, 73.0489243969471, 84.47187833801149, 98.33590469514473, 115.57703767603368, 126.2808253122611, 131.69191772690712, 147.68254636144297, 142.1956447638522, 137.1007536378537, 128.95167075826032, 125.97570055964653, 118.5915125951988, 111.71121642125713], [15.542108885702289, 12.3741042102433, 17.74298800531644, 28.98752994514272, 24.843295863884585, 22.791244506638705, 24.570023211519317, 54.22813899617273, 59.61460326853688, 68.51441446294035, 77.30632196226817, 85.31227673400248, 77.97043389018566, 70.8811489996509, 62.14309482414873, 17.346301892585547, 10.826245263107888, 6.525998560682113, 13.277748571450852, 26.019011538815654, 23.044484265361795, 11.302844257964585, 0.0, 9.05501260789547, 16.980857476977597, 54.39200001901891, 61.5315609074529, 68.64118516435745, 78.20947419677569, 85.90389861730185, 85.88663051954947, 77.74656418794359, 69.37162322291933, 61.26735355114321, 54.26966133100155, 28.66180357933019, 37.8134895198529, 47.69176397419809, 53.44778264889098, 61.24752766636697, 67.66749196878231, 72.52083571420485, 73.57860557077312, 70.90562951241085, 59.559980782780784, 49.144165683256794, 43.894839765194455, 80.2058841024297, 75.73097432953465, 75.89472386202284, 80.54816859405706, 84.26290517844232, 89.06436633443137, 98.18947081210607, 102.29163827892947, 100.12372001411958, 97.89300887498966, 93.77235520625611, 88.1089776286606, 82.14358591870916, 80.29128953339477, 84.66828780650863, 88.24513795057803, 95.90305892754891, 91.74101826309708, 89.19634970929286, 85.06383243766606, 49.73812610995354, 64.78178064106714, 79.2937780087872, 89.1325732279089, 102.09558511033434, 118.37844557336156, 127.52597334754034, 129.1748704498819, 144.73712451864458, 137.48584001857986, 131.79110823022674, 123.2523743168394, 119.82420704289179, 111.77524418498962, 104.41196438792306], [12.520575998099291, 14.018330697954623, 22.65507982931133, 33.88789636758056, 27.7174666623633, 22.95958770431984, 21.73549783721206, 45.9291702941945, 51.15647476055195, 60.032029069393936, 68.96606760933106, 77.21172736524186, 69.5883553254253, 62.433520699490224, 53.826675242201794, 9.171309129914935, 6.759548458821048, 11.144928593804943, 21.958847991252252, 34.376976641158485, 31.344548576630118, 20.08193964019305, 9.05501260789547, 0.0, 7.928226718961689, 45.82447592567991, 53.15648323261379, 60.47429972655167, 70.34260627572272, 78.09226417151586, 77.92163643112245, 69.5704872869448, 60.97987768185991, 52.69465504834754, 45.584551866733776, 19.937223085892803, 30.347576764806856, 41.22557471403072, 48.89765288375222, 56.25418711841085, 61.697325971942426, 65.7202825003626, 66.44905089133412, 63.29778963151096, 51.59914278417412, 40.57007852532259, 34.96324235955179, 77.576365409271, 72.16755149029169, 71.06656416658276, 74.90791694170291, 78.03861412044326, 82.4962562050459, 91.71880832572958, 96.32580022853297, 94.72173657514519, 93.07900462090016, 89.78639592177987, 84.97496696330225, 78.83174736910956, 75.75583730713699, 79.3363659399302, 82.34100587534182, 89.67071566404364, 86.09843331554752, 84.16178863893465, 80.85384791885073, 57.013207366103025, 70.17569876546898, 82.61759231814814, 91.1107622493653, 103.31047135970742, 118.66499447988832, 126.52791020358077, 125.42443872926171, 140.24024990251453, 131.6782035734382, 125.5675436874477, 116.80448283507155, 113.1375683348054, 104.88789788830134, 97.63757745197151], [14.518771366941834, 19.043647054921625, 28.508733435211415, 39.22965023974216, 31.9687496000114, 25.623390924209485, 21.92810265070738, 38.865301077975786, 43.918637696349315, 52.7510327752853, 61.81201501555846, 70.27335847001959, 62.35796225240303, 55.14155083062352, 46.69725169027267, 5.6431640060378365, 11.012378482007783, 18.26751581712689, 29.763826912342257, 41.89859816951925, 38.83189856879117, 27.880973053120744, 16.980857476977597, 7.928226718961689, 0.0, 38.58591119317031, 46.12309654909716, 53.64403373337633, 63.78700767979091, 71.53751963458488, 71.18782052108654, 62.66209099946049, 53.86483438432724, 45.38715432486506, 38.17116906781771, 12.556422863859952, 24.514410328748006, 36.29112339063702, 45.77742006534275, 52.547514510162905, 56.946648281251576, 60.07792674867177, 60.450884956856505, 56.81967479269185, 44.840135650547566, 33.16574142472646, 27.177782715682508, 75.83019380786139, 69.61886897669818, 67.32763986808743, 70.34097320354766, 72.87261066832038, 76.96191436543798, 86.23438005351869, 91.3057593937865, 90.24884313644633, 89.17288677504168, 86.6792831697775, 82.69404110335459, 76.44196374496408, 72.24723424786545, 75.03010110668856, 77.45707637086907, 84.42508101717003, 81.44234769693638, 80.10288593458026, 77.60429856796925, 63.69607584593913, 75.31733881513216, 85.98647230017623, 93.286847464731, 104.74980973914602, 119.21929406457329, 125.91836094360275, 122.34695184548421, 136.446172335727, 126.71182440119962, 120.23862886790579, 111.30761369046552, 107.44689065539157, 99.08072131413103, 92.03385779152082], [49.129923683471254, 55.789503427950415, 65.24069749959895, 74.31885982246136, 66.94561845681513, 59.39274844898021, 52.12870047875229, 22.873341089808985, 18.099189552107713, 21.39765921460565, 30.00080771326289, 40.234111013062645, 33.46754856523582, 28.57383699953407, 25.953271668607837, 38.07175158123359, 45.51742096540793, 53.353750800087795, 65.30190314613607, 76.91501662078959, 74.85958562214921, 64.92449857809201, 54.39200001901891, 45.82447592567991, 38.58591119317031, 0.0, 7.926024394713155, 16.05294287891183, 27.517254866231134, 36.4255639312153, 36.473669415052555, 25.940232482224925, 16.456550389438185, 9.150803230399013, 4.459203657502202, 31.853767971971212, 39.50542476773727, 49.2423577666702, 62.30605838804951, 65.28109347778478, 64.21676913967079, 60.984421762959634, 57.76544535208088, 49.84050906046183, 42.10776842418459, 29.462617590924825, 18.291862907499087, 92.03199044020876, 83.933868188