{
	"dissimilarities": [[0.0, 8.542420059811851, 15.787786187545546, 24.55765783947486, 18.588073526425834, 12.63197423064194, 7.778485384667443, 40.84466541595312, 47.620707236587066, 58.06390629475986, 65.24301915063846, 72.2934501156499, 65.70784250867425, 58.68792076722393, 49.17906070568027, 16.330613461932955, 16.57928706515648, 18.935862961862203, 26.723556204605064, 33.34261236818776, 30.06672284525744, 23.196826071106557, 14.754183252957954, 9.313540089895461, 10.545937510333257, 46.35950456805256, 53.378136313975006, 61.18059202522227, 69.8095406138309, 76.6688139355248, 75.54389338224264, 68.2227963234478, 60.276727085139484, 51.618393027064506, 45.903707645019416, 18.545498471196375, 28.09712197744456, 35.88834155406984, 39.22687416189049, 47.99469724110731, 53.726025722106876, 59.244098735729466, 59.9589420267772, 56.56347667626073, 47.757761198382006, 37.85636829956283, 33.86373044449883, 66.75766381145094, 64.01698813175891, 62.45760085432266, 67.69890489833176, 68.720263618988, 73.07533281709667, 81.65424472413282, 81.54890497309188, 79.91161350810866, 78.19856865653622, 74.51301802551019, 70.1816979389964, 66.78497046962707, 65.61070031440066, 69.93852091989021, 73.32443578324747, 79.27350337384232, 74.12794463744487, 70.72511198419426, 67.38506109814062, 52.505526239288685, 58.164394493775355, 68.17690013176853, 75.69762547463883, 89.50191790947714, 94.11423340942848, 100.03697245856696, 104.27230050895767, 111.00063064177769, 120.0567352942342, 115.17769702389123, 105.89045891882573, 102.9699153991732, 96.07158121316945, 93.647955943358], [8.542420059811851, 0.0, 8.14108799330446, 18.356837845986032, 14.224255836953475, 11.641252039118386, 12.871499948001588, 49.33460138451163, 55.946460280227946, 66.21355069278259, 73.54882740179745, 80.71260969322216, 74.17810828803749, 67.1729248638413, 57.66798534326956, 19.441076483218048, 15.981231909668322, 14.01669379545123, 19.369972854442057, 25.83224078259359, 22.226799570827332, 14.997333263061842, 8.087866937898339, 9.775209882683539, 15.712433058500709, 53.68276521756358, 60.767752701646266, 68.68638108994435, 77.31960790751361, 84.42822987696076, 83.51963203370725, 76.06170134044466, 68.01465967289718, 59.487412321254936, 53.642657474043304, 25.524805800534722, 34.115377607383415, 40.90684255839988, 43.35874672244654, 52.23874126549763, 58.519754639624765, 64.9486095545363, 66.53615356249766, 63.92617133429296, 54.668261802667054, 45.62599979273749, 41.74801340254696, 69.33697164804238, 67.32288637589147, 66.88038299598038, 72.69728700202333, 74.38958997933474, 79.27517736392087, 88.39527402379329, 87.61075378620012, 85.31860194405007, 83.03905304543933, 78.48208466403082, 73.52430062130112, 69.72448875217037, 69.66389414940562, 74.89491779168199, 79.04703203156345, 85.78591301846195, 79.82590784685291, 75.66570822185264, 71.41093971552895, 46.44018927062892, 53.90545106865673, 65.72936789648676, 74.68546465086948, 89.12636347774075, 94.88797651119667, 102.29008362653161, 108.53085352749375, 117.13906028582565, 127.13069398111035, 122.66703566284596, 113.68369243316332, 111.03791112240796, 104.10784541143278, 101.1929137407317], [15.787786187545546, 8.14108799330446, 0.0, 10.739928585188126, 9.48581688121181, 11.939902580702155, 17.197509103150633, 56.407031751822664, 63.33464358097055, 73.7929594110342, 80.86165561561856, 87.63542479143122, 81.2147782753092, 74.23252164055145, 64.72757871198888, 27.233097425715165, 22.759984546391262, 17.9400741852734, 17.52249923152043, 20.55091616664603, 16.18084817106711, 11.849057919206025, 11.739213744013224, 17.52969418412392, 23.756342778001628, 61.7298221914458, 68.78328796526444, 76.6095650698947, 85.02149599022538, 91.8367322412826, 90.93595174563681, 83.78331577881517, 75.87786864451947, 67.31584697403481, 61.54929570028698, 33.20058544678363, 40.177033549492876, 45.418274424245205, 45.44310314532486, 54.15717041491519, 61.550366248487435, 68.82254918218584, 70.76825471651465, 68.96240176169741, 60.52006899827795, 52.42098754503433, 49.46938353239315, 68.6284125219391, 67.68388892486158, 68.94849899627577, 75.25583139076537, 77.61729948415216, 82.72624672401541, 91.9260422573019, 90.5175052171775, 87.68046075928987, 84.77973222778188, 79.37734997021293, 73.64419927934628, 69.40329715921797, 70.96661009851975, 77.19357861233313, 81.99703989342589, 89.14637758433886, 82.69684299068905, 77.87880542778493, 72.54873058012454, 41.43904217085401, 47.492262683382556, 59.71679362474832, 69.58515766956862, 84.46666388946421, 91.30462960985196, 100.21760338471704, 109.07913528984852, 119.2132087729073, 130.0771553334578, 126.2621152135296, 117.86628214738508, 115.97822924363356, 109.93827678314236, 107.7779940525495], [24.55765783947486, 18.356837845986032, 10.739928585188126, 0.0, 10.449111670664164, 16.97581999904697, 23.414872835006815, 63.42335819980587, 70.7455455454242, 81.47810401913777, 87.91953922729354, 93.88551734067129, 87.81197823767155, 81.04819292520688, 71.60331015591575, 37.769293423720534, 33.36869696878372, 27.645263492435664, 22.513263415405525, 19.013412548073692, 14.68833259637849, 17.6500902953726, 22.01491016454244, 28.058698664012006, 33.80533056280342, 70.78145895669422, 77.65389700585001, 85.13192267555374, 92.95023049227268, 99.0233218983484, 98.10653802922013, 91.70481546600985, 84.22684802821978, 75.65606012068261, 70.16905914351345, 42.508367951566974, 48.20712961493033, 51.8886801549816, 48.45261505689753, 56.63362005078971, 65.56822834800228, 73.4560658109409, 75.15121808859418, 73.99111580060699, 67.45152970774882, 60.06866275831432, 58.07829960389324, 67.17960382579604, 67.81425237987504, 71.43131206189703, 78.06371650319612, 81.0071030844414, 85.92780712488268, 94.5507372237667, 92.71052551666108, 89.54397945878087, 86.01119464908741, 79.84134021539542, 73.14976973720796, 68.4063263673599, 72.25927436789429, 79.50876922160177, 84.74252966599997, 91.72916255439623, 85.30447539072273, 80.03107338955247, 73.50834434929362, 36.549501583373775, 37.584279337058604, 49.6852584032124, 60.58848998563052, 76.3003899917396, 84.70051568075537, 95.63617202631406, 108.28479599535466, 119.23585125390794, 130.40384224007386, 127.35183228521484, 119.67630723907573, 118.75676228070255, 114.04451963904856, 113.33173861181729], [18.588073526425834, 14.224255836953475, 9.48581688121181, 10.449111670664164, 0.0, 7.614345881447004, 15.756338549554648, 56.25871150275395, 63.99658629075845, 74.92277978840889, 81.47199930815916, 87.55676226297697, 80.96182074183552, 73.74610820454085, 64.44778675015998, 32.25686200000138, 29.52682109098008, 26.567338074253392, 26.710924788537906, 27.406707487176313, 22.718778046530513, 20.78076616867867, 20.007933228896132, 23.13857845083269, 27.513408385484794, 64.29066566091426, 71.3563824043139, 79.13932835419308, 87.67439248517829, 93.90955208007043, 92.51761187419417, 85.70868941056457, 77.92588732986214, 69.04633537436675, 63.46015130949321, 34.71640916770924, 38.48498352593576, 41.52007715099254, 38.49210557152832, 46.88199269372587, 55.35231865017925, 63.231896023985435, 65.31367976185781, 64.48636618512616, 57.51888235277687, 51.04790037324531, 50.50286580355471, 59.5814688199502, 59.18650461878804, 61.69086953882953, 68.27040351871376, 71.1368724506531, 76.32763688558457, 85.57580635056772, 83.55648475468398, 80.3008584981475, 76.96774274868466, 71.08752522280558, 64.93989106458844, 60.50741497065001, 63.041222407219685, 69.92364152263768, 75.16217757741634, 82.62226849154598, 75.78131418689286, 70.52040351386331, 64.47078928497226, 46.56989327608306, 46.14898544819243, 54.04212098287677, 62.337408178401915, 76.12852213364208, 82.24180119960742, 90.92232733876696, 100.44082320340257, 111.76873250459414, 124.11292993117843, 121.13532157297593, 113.72380019710809, 113.2195064490281, 109.40198837878376, 109.54123974994376], [12.63197423064194, 11.641252039118386, 11.939902580702155, 16.97581999904697, 7.614345881447004, 0.0, 8.614239228411236, 48.82790956117545, 56.609017488636724, 67.55157567378366, 74.15762407762116, 80.37456967524214, 73.62329206312829, 66.3048280155399, 57.027063331452474, 26.917310578073508, 25.833943390221535, 25.313425594283423, 28.950735027060816, 32.03075703149086, 27.64731670951747, 23.43633314111909, 18.960838070720428, 18.704484011431003, 21.436540358873774, 57.08629406423544, 64.1498091134746, 71.95764500270217, 80.6766631602336, 86.95704692327291, 85.41253232029388, 78.47280333688789, 70.63436694712885, 61.68737413233687, 56.11813333297295, 27.53794600776313, 31.46514258037878, 35.37503912504666, 33.88120423843637, 42.58379975848469, 50.32207041393087, 57.54287252109771, 59.21797948804429, 57.785461282972705, 50.48918550868796, 43.50688448771143, 43.01125753414932, 57.99082895945732, 56.52240255205358, 57.48381254274989, 63.64732652202891, 65.93070789541125, 70.90205696007378, 80.07859562983843, 78.58532315438244, 75.82058019919694, 73.03767536285622, 67.95124024872383, 62.517519399581815, 58.50894012381537, 59.49830829557074, 65.50459433710726, 70.16272159643965, 77.25400943253615, 70.8463804456488, 66.17064820469658, 61.07410603314313, 51.42861081109507, 51.72262116448764, 58.75609781819199, 65.80078015915727, 78.93312716708229, 83.75596077173728, 90.75795969425843, 97.67907715337586, 107.5867548450833, 119.33398920788778, 115.88189151062059, 108.09018773994998, 107.18399941527365, 103.09271902400849, 103.19032855752278], [7.778485384667443, 12.871499948001588, 17.197509103150633, 23.414872835006815, 15.756338549554648, 8.614239228411236, 0.0, 40.574209789006986, 48.250491267562005, 59.20046224538551, 65.72310972447926, 71.96330443490092, 65.32952318242553, 58.170184864055, 48.798357706804765, 22.988365451761613, 23.954328683740314, 25.800685523587312, 31.763730362754956, 36.24325068687805, 32.50343369336555, 27.369621302704388, 20.57695558567423, 16.527425961851076, 16.60115147548612, 49.33895342386055, 56.22636106117477, 63.801167790763905, 72.27704671294151, 78.39266835984073, 76.86001924583563, 70.0895620003735, 62.43174389362335, 53.539894471255096, 48.13333768719104, 21.230832677494448, 27.157014759819035, 32.949762810402156, 33.25965021921044, 41.930671900674454, 48.83484943435778, 54.807345283229445, 55.29841828110464, 52.55238576179805, 45.507822458986205, 36.881937269225446, 35.40215433575485, 59.527823703364845, 57.21454506084148, 56.68389010921083, 62.10266236951986, 63.44861541018949, 67.71042726728263, 76.10859900005966, 75.65757258916122, 73.82347103854076, 71.80544795852343, 67.8431919851528, 63.162895008714464, 59.62342267785624, 59.243384394512354, 64.05723565960933, 67.67206200395063, 73.63187283213368, 68.39946788950436, 64.75520997702048, 60.86580852369622, 54.63933552529783, 55.79759623352947, 62.94658527379041, 69.27197507774544, 82.39371315178259, 86.52338403335159, 92.27934439432234, 97.23011095429575, 104.43998443688349, 114.3675027906724, 110.1267641439403, 101.58300921926535, 99.82651204042125, 94.88064161898079, 94.64707419338126], [40.84466541595312, 49.33460138451163, 56.407031751822664, 63.42335819980587, 56.25871150275395, 48.82790956117545, 40.574209789006986, 0.0, 8.961453778361467, 20.081997412321638, 25.722538472798632, 32.47043974888079, 25.099242734501072, 17.853608640276732, 8.34347997477012, 39.93931957271242, 47.18390638309958, 54.923092122628944, 65.35673209251263, 72.57181576744351, 70.06174216069189, 63.31514258293483, 53.751806117155155, 44.45167292574086, 37.25992210834098, 20.791112885933572, 24.08530122483213, 28.933885297629384, 36.72276232800732, 41.45437553438598, 38.53370867025034, 32.270818971878256, 25.987860477269017, 17.830840130586697, 16.041810866015627, 28.30985195364388, 31.312789497761376, 38.67659261634516, 46.11763094734864, 50.363353541158936, 50.10071428548896, 47.94791596492841, 42.756341516908506, 33.529799677654054, 30.283120157405495, 17.70728574476899, 14.099771597438165, 72.71617745775532, 66.71555788240198, 58.920872063552224, 59.48416788691546, 55.93043562203157, 56.08379908393968, 59.91266466216216, 64.60483824616249, 67.42139768871994, 69.5846488033261, 71.56435392055167, 71.58849714671524, 70.97667778526589, 63.778819769250774, 61.73479065464572, 59.628624550075344, 59.49938368651249, 60.51029642718645, 62.52999156723133, 65.43091720855477, 87.90711209216931, 89.85260681007267, 94.0469541478594, 95.95526392525656, 105.92809958757267, 105.23463064018566, 103.6375409454957, 96.27945759032887, 91.51120392599779, 93.85689111136554, 85.98867408288902, 74.48210699689196, 68.7265630429307, 60.78771207355423, 60.50846135385691], [47.620707236587066, 55.946460280227946, 63.33464358097055, 70.7455455454242, 63.99658629075845, 56.609017488636724, 48.250491267562005, 8.961453778361467, 0.0, 11.274609045606415, 17.9165448252768, 26.228545025584495, 19.16152606810105, 13.273639421259304, 6.454094219347049, 44.67034245948032, 51.97160179884742, 59.981680265136966, 70.70820288650124, 78.45592711944761, 76.28943662371726, 69.27094601896187, 59.62332692437745, 50.24817875067969, 43.03076591202409, 16.535335334754784, 17.24836157123363, 20.47465392634965, 27.90493499704386, 32.95518683130026, 30.077357542676168, 23.31996536577173, 17.358630551238885, 10.296676877201792, 11.47659448115189, 34.32602535584793, 38.30196791577412, 46.07793690760132, 54.666740528633014, 58.62073126205262, 57.378856748199716, 54.234367723603725, 48.740097817823276, 38.989067451176034, 35.69718307939171, 23.943443317640885, 18.024665008078372, 81.12779363609692, 74.85597015005364, 66.29786792689778, 66.24779465789997, 62.08666613695134, 61.66006018561504, 64.53005542019336, 70.08279313697885, 73.58632524094361, 76.3463453943315, 79.0417190423689, 79.60417291985094, 79.26830721407643, 71.43763215146222, 68.56230006930375, 65.7004988906279, 64.57148506128001, 66.59602277370938, 69.37407985899554, 73.09736474248965, 93.18319629161321, 96.7969503130122, 101.99460708207579, 104.1449512420598, 114.31880009054154, 113.58054991210237, 111.52305841946081, 102.7945370935018, 95.89782152517245, 95.93429386337411, 87.02911570575705, 74.54250105992008, 66.8900626427395, 56.22446987793743, 53.52822045329033], [58.06390629475986, 66.21355069278259, 73.7929594110342, 81.47810401913777, 74.92277978840889, 67.55157567378366, 59.20046224538551, 20.081997412321638, 11.274609045606415, 0.0, 9.381690975436515, 19.81021658516052, 14.090879530500217, 12.664668179888844, 14.282232622630502, 53.48406467022584, 60.78034861675628, 69.00579456885947, 79.98480035002545, 88.16791131640935, 86.25591617970173, 78.9995346350137, 69.28997066454423, 59.90615360976562, 52.70949417682913, 18.66702060017983, 14.52425049515441, 12.559546422001514, 18.403008709339815, 23.388479568408588, 20.077386487346033, 12.46256313507695, 8.716893034029384, 9.197879881410065, 15.19807828693832, 44.08902462646504, 47.88414230036046, 55.43110851174443, 64.88394763811772, 68.24233885816828, 65.79293532492827, 61.40327396922732, 55.537273395792006, 45.50764239976302, 42.79757239567102, 32.883983176443664, 27.095042468002166, 90.7630960425549, 84.09612141406855, 74.58563678915175, 73.69545797813225, 68.80637062918993, 67.62456417873823, 69.2870275582827, 75.78138703198579, 80.10465730017805, 83.6178455234681, 87.27264450371003, 88.61455027752848, 88.71224801150888, 80.00880824488262, 76.03441625107097, 72.21810008112273, 69.87123523014161, 73.11447872490498, 76.85093243153871, 81.65206161068397, 102.36392260695905, 107.1388408672701, 112.74738265269723, 114.73960042312734, 124.69561345039332, 123.49199671149951, 120.45984284031417, 109.55768600492495, 100.12685916979925, 97.66898083516047, 87.68602213109224, 74.3803792015816, 64.76771987688775, 51.46369125989874, 46.235159283656124], [65.24301915063846, 73.54882740179745, 80.86165561561856, 87.91953922729354, 81.47199930815916, 74.15762407762116, 65.72310972447926, 25.722538472798632, 17.9165448252768, 9.381690975436515, 0.0, 10.596854877032245, 7.3867253410033475, 12.231903549148104, 18.215624447353647, 61.999305851817745, 69.20505714684184, 77.15269625500669, 87.62817050738673, 95.18790776559283, 93.31106825085934, 86.58657428618005, 77.13706872060617, 67.86700339594016, 60.74376399200427, 28.037348110949168, 23.404789264357113, 18.83699692568059, 19.024219353491326, 19.1241841037541, 14.474293135402435, 12.729192878124364, 15.570615918113608, 18.578789466523673, 24.46674275659866, 52.13306384963253, 55.09466404111789, 61.656007071553155, 69.63587937984289, 72.19928991370216, 69.78619088434202, 64.58683323537686, 57.49484329557429, 47.21892834644414, 47.7307655441632, 39.26409596702897, 35.30712272927974, 93.34916344287926, 86.85577618286881, 77.55115430117827, 75.9424095917452, 70.5402142477071, 68.16747014927391, 67.78233722028524, 75.29620289912243, 80.54594297628013, 84.56261479156619, 89.0294356601795, 90.76200352990465, 91.17017499459917, 82.5476545168222, 77.91539415852553, 73.16128177736185, 68.98089329800752, 73.95297147080085, 78.61202769235226, 83.9591157940571, 108.42481642919951, 111.57725142947602, 115.97485182376936, 117.02051994140315, 126.36504629414728, 124.59774104884964, 120.70692295378157, 109.04506636514382, 96.55519328659457, 91.43047632215197, 80.74585348092087, 66.91336356144029, 56.33595051487548, 42.72844265324313, 39.61588203217233], [72.2934501156499, 80.71260969322216, 87.63542479143122, 93.88551734067129, 87.55676226297697, 80.37456967524214, 71.96330443490092, 32.47043974888079, 26.228545025584495, 19.81021658516052, 10.596854877032245, 0.0, 8.739245313629603, 17.181798116807858, 24.576650354173694, 70.72722499460143, 77.8122660573412, 85.40159598501549, 95.24892836540462, 101.99552222665098, 100.10515366259658, 94.04610135756094, 84.93695463556887, 75.84780307883642, 68.84969415237549, 38.40398463108498, 33.98629061410259, 28.913666632075326, 26.02317314947464, 21.259746203485996, 16.354089594280264, 20.94875443496701, 25.957210543400866, 28.939050904798677, 34.525803680072606, 60.30479741829745, 62.378860501608216, 67.83143955048477, 73.89464145635021, 75.60246850371877, 73.50171676418697, 67.7008629565715, 59.38823736237635, 49.18994134842173, 53.19485977827566, 46.15968708618516, 43.979824673013354, 94.8295027288951, 88.70016792089027, 79.9615560150665, 77.6872879273022, 71.90545525520895, 68.26708195774032, 65.52796077961868, 74.02550191135775, 80.19227201406014, 84.61883889043249, 89.83117628629132, 91.86044226738376, 92.55612786732084, 84.31565379022486, 79.17897145697442, 73.54950854348948, 67.3822462278785, 74.19711730253803, 79.71719413969467, 85.42989768748565, 114.22153120386797, 115.15826604754662, 117.92225131168775, 117.80184303520709, 126.33855598995278, 123.95125195208597, 119.19598657722861, 107.13189504322048, 91.32988141458755, 83.21199129625099, 71.85638338026547, 57.514399314117185, 46.078125223447344, 33.13294713220115, 35.04206898519921], [65.70784250867425, 74.17810828803749, 81.2147782753092, 87.81197823767155, 80.96182074183552, 73.62329206312829, 65.32952318242553, 25.099242734501072, 19.16152606810105, 14.090879530500217, 7.3867253410033475, 8.739245313629603, 0.0, 8.550892173739594, 16.85067293980929, 63.75928672556388, 71.0901489017459, 78.99487859102095, 89.34531441749826, 96.44938921099444, 94.29452493273216, 87.81964053872406, 78.37712634634102, 69.07594224042334, 61.8655312173667, 31.959843398699032, 28.484976527933195, 25.345400198620915, 26.37900333918662, 25.289951912576782, 20.255883470823857, 19.861509875550674, 21.644524424508848, 22.60151891717878, 27.70930671475514, 52.778727003132644, 54.0540170375324, 59.40653921154832, 66.2135157694216, 68.04464825337698, 65.5572806338431, 59.897270834583885, 52.10949998426921, 41.83451654976014, 44.630019264206354, 37.65337205103126, 36.22565234481683, 88.31508121421358, 81.81873545996119, 72.57576198429345, 70.5507858788756, 64.92384645979183, 61.982711765138326, 60.82863198526308, 68.64304480328194, 74.23231744571802, 78.45753776028504, 83.33469914445965, 85.36630536728609, 86.02766100678947, 77.3141612029057, 72.30590155485812, 67.11670285008755, 62.21164547683616, 67.85253950073617, 72.93466119395713, 78.59502145805968, 109.94613957976928, 111.03632148965553, 113.68709812100724, 113.69235529294309, 122.07986548723659, 119.49863819917687, 114.75323600201591, 102.31412544100115, 89.22349544053692, 84.5320437667777, 74.14839626326237, 60.793488847197395, 51.43626968573344, 41.21026894285192, 42.818570677787335], [58.68792076722393, 67.1729248638413, 74.23252164055145, 81.04819292520688, 73.74610820454085, 66.3048280155399, 58.170184864055, 17.853608640276732, 13.273639421259304, 12.664668179888844, 12.231903549148104, 17.181798116807858, 8.550892173739594, 0.0, 9.576192356851966, 56.70608214622933, 64.20263488426531, 72.29341197549138, 82.97206942753402, 90.2675272509883, 87.85521584450568, 81.09900657249851, 71.43129676612521, 62.00629351797312, 54.657594295316954, 26.98166502550858, 25.264346042606054, 24.97850784763954, 29.64780289424041, 31.30065697855077, 26.690022627655114, 22.89522993853702, 20.89965908408453, 18.49785630883668, 22.262572479458008, 45.12185882580045, 45.606556868398414, 50.895744577534266, 58.234966067822555, 60.31789774285468, 57.741774876092215, 52.5104734568919, 45.33233441706634, 35.04619598443531, 36.41498142193527, 29.12207025542578, 28.680500838033772, 81.51994090777178, 74.80048467023016, 65.32940789357994, 63.74425448742458, 58.447129607686236, 56.35842287132965, 56.962425093360885, 63.88624853682338, 68.73328286683444, 72.58012776957241, 76.91106363656502, 78.74842688535489, 79.27051877227349, 70.35411022749977, 65.73826158166753, 61.202141573307415, 57.77592843806956, 62.017756389673956, 66.44903224650096, 71.79032376542253, 104.85600210863329, 105.89077505269097, 108.40733725782577, 108.5838219708118, 116.91348272420241, 114.31759395657376, 109.85115543351795, 97.68459462378198, 87.49816864118102, 86.07017117449446, 76.72073664527656, 64.3501968272002, 56.89147829770238, 48.747988708077365, 50.38845360962496], [49.17906070568027, 57.66798534326956, 64.72757871198888, 71.60331015591575, 64.44778675015998, 57.027063331452474, 48.798357706804765, 8.34347997477012, 6.454094219347049, 14.282232622630502, 18.215624447353647, 24.576650354173694, 16.85067293980929, 9.576192356851966, 0.0, 47.74983690903728, 55.104044790378204, 62.98875703733973, 73.48511648068487, 80.70169846696088, 78.27929137446348, 71.58030100350594, 62.005404751544155, 52.66218285155142, 45.41089971615029, 22.195644088693555, 22.92760518156116, 25.47365839314864, 32.02866035813109, 35.518759893407946, 31.92341087752538, 26.57330949314022, 21.86516936269145, 15.745846880626113, 17.03972869304535, 36.221987137033686, 38.049795702547435, 44.42948848288998, 51.773227618993324, 54.97457646779164, 53.64892751637906, 49.97598738173117, 43.66454501566991, 33.65893291490623, 32.771757140927086, 22.563210371569934, 20.514416376415245, 76.80371736856416, 70.47887907753423, 61.90266985497732, 61.43736108167273, 57.013796954775, 56.05600934547202, 58.31334471666874, 64.13602576135092, 67.9642829079363, 70.93359053504919, 74.04565083683295, 74.9033037017549, 74.81760235656249, 66.83070995184362, 63.55872230635768, 60.25833605862985, 58.48917074900811, 61.10985655079176, 64.31141234550168, 68.37369065406445, 95.51514619559525, 97.0329260556628, 100.4791634625434, 101.57755442984876, 110.85076573210834, 109.31884714337217, 106.42364244614514, 96.94239649911408, 89.47095965770468, 89.87469172476081, 81.25207399164044, 69.21596557678063, 62.56773310619072, 54.28016968045939, 54.70644737091842], [16.330613461932955, 19.441076483218048, 27.233097425715165, 37.769293423720534, 32.25686200000138, 26.917310578073508, 22.988365451761613, 39.93931957271242, 44.67034245948032, 53.48406467022584, 61.999305851817745, 70.72722499460143, 63.75928672556388, 56.70608214622933, 47.74983690903728, 0.0, 7.983339710976288, 17.34255642080287, 30.544296739677314, 41.149250051211446, 38.64204554013702, 28.883382942653185, 18.309788289634948, 9.725470915865102, 6.638176320189453, 37.89822621328405, 45.163058187081944, 53.68554627186088, 63.48921653896678, 72.09173848082278, 71.24668367172109, 62.28456066254464, 53.48645895168341, 45.39945008158812, 39.12957248013561, 13.867232642765645, 26.51305464079554, 36.93830964825811, 46.6508493019619, 55.012248989167254, 57.436918634074765, 61.570769317750376, 63.11539836050448, 58.94853227069462, 46.31248554912023, 35.701831563425735, 28.596467638160572, 77.1046373692835, 72.68864894229759, 68.00035404481187, 72.53905125981191, 72.74294715937435, 77.42179734515273, 86.83542274580545, 87.18393953742712, 85.87367727739463, 85.02612137993606, 82.32063049903603, 79.37813464563153, 76.7072101361443, 72.73289349081493, 75.48086691758552, 78.26461766772829, 84.54828822039751, 79.25593391911895, 76.49199210145359, 74.90308516190517, 61.14358856900142, 72.50212694612853, 84.20723757024938, 91.87135211923724, 105.12752614503245, 108.72211080598936, 112.97717125441244, 112.91943042420598, 119.1800179824409, 127.88091619922047, 122.0088427484501, 111.81430706004946, 107.24663773471676, 97.7688834110263, 91.94059331936928], [16.57928706515648, 15.981231909668322, 22.759984546391262, 33.36869696878372, 29.52682109098008, 25.833943390221535, 23.954328683740314, 47.18390638309958, 51.97160179884742, 60.78034861675628, 69.20505714684184, 77.8122660573412, 71.0901489017459, 64.20263488426531, 55.104044790378204, 7.983339710976288, 0.0, 9.565906680174548, 23.08383007521259, 34.276912422227795, 32.012626991700806, 21.882779462988292, 11.97073999786388, 7.467601347961808, 11.253414864663037, 45.18488987268953, 52.28160736103114, 60.604743417735015, 69.96496896340538, 78.530846647906, 77.99545893338737, 69.25297043590942, 60.63154969808267, 52.758962891787505, 46.57313705329273, 21.22360939935453, 32.86480172241459, 42.31560194708563, 50.51493763149207, 59.174969346001106, 62.54170453371614, 67.53103423695785, 69.48835812988631, 65.82343043636422, 53.460936095184685, 43.302413147026215, 36.41075602514798, 79.82174071063903, 76.15333754138817, 72.68115513633713, 77.74920410700682, 78.51088527877927, 83.48860710881675, 93.09800746668613, 93.01197966971843, 91.25438929658813, 89.90382298483762, 86.45075880711106, 82.83143807972755, 79.74035508740376, 76.95721790880286, 80.57632479831625, 83.957573410974, 90.66772667648205, 84.90978264455522, 81.54891245238481, 79.06228220088329, 54.673689956974975, 68.0931314824344, 81.60097797433747, 90.54595758489484, 104.61928019762236, 109.40087720444683, 115.11820447062844, 117.2522012150161, 124.67341832781722, 133.7056307842808, 128.0923318181062, 118.00480613913159, 113.55629217227781, 103.87487994402879, 97.59582595429474], [18.935862961862203, 14.01669379545123, 17.9400741852734, 27.645263492435664, 26.567338074253392, 25.313425594283423, 25.800685523587312, 54.923092122628944, 59.981680265136966, 69.00579456885947, 77.15269625500669, 85.40159598501549, 78.99487859102095, 72.29341197549138, 62.98875703733973, 17.34255642080287, 9.565906680174548, 0.0, 13.631260016150563, 25.230296558544417, 23.31604406160365, 13.144798161954943, 6.6046806005397425, 11.69737367751894, 18.688303592246008, 53.96540610222116, 60.895688661850485, 68.92605652497006, 77.6661898830888, 85.9028884236617, 85.63290731762663, 77.36938038730247, 69.04972371621996, 61.274862671103314, 55.230962806793045, 29.61839530844009, 40.49555053646186, 48.86273650665714, 54.76490670640992, 63.61801097046812, 68.28953803392348, 74.15753752659826, 76.2683475817885, 73.08004675052011, 61.55363272357339, 51.69303437128261, 45.16061778487342, 82.12873520196547, 79.50584213187808, 77.69361062676757, 83.29827824067587, 84.65259610310738, 89.78512851507206, 99.34283878432798, 98.84700842982343, 96.67707447600398, 94.74869906317491, 90.48172394089796, 86.01642500941082, 82.42634390064549, 81.26391014008813, 85.88981170941662, 89.85205319354412, 96.79889876137281, 90.73459214215934, 86.78437538734927, 83.22374999931831, 45.9709235032335, 61.27378824544892, 76.78445380291922, 87.18304113370753, 102.2410130138787, 108.51810670519771, 116.05929715884206, 121.14781246043512, 129.5945834286464, 138.81030240794885, 133.5624644674864, 123.67781683359327, 119.52239662014048, 109.94264647281884, 103.689312695856], [26.723556204605064, 19.369972854442057, 17.52249923152043, 22.513263415405525, 26.710924788537906, 28.950735027060816, 31.763730362754956, 65.35673209251263, 70.70820288650124, 79.98480035002545, 87.62817050738673, 95.24892836540462, 89.34531441749826, 82.97206942753402, 73.48511648068487, 30.544296739677314, 23.08383007521259, 13.631260016150563, 0.0, 12.281099662437605, 11.847093839152027, 6.482545700024721, 14.187972067913405, 23.112316545629565, 30.55177011377191, 66.01268994203177, 72.69267493122776, 80.2613017840207, 88.07895441805351, 95.67539716030005, 95.71544744848303, 88.25347569354109, 80.43368060353957, 72.78422902796385, 66.99558665136928, 41.66028920813946, 51.91105730415818, 59.11331065142363, 61.950751960396985, 70.7869900192397, 77.11895093982912, 83.84463921114568, 85.81501366059916, 83.0621483358717, 72.9772183028897, 63.28572504404331, 57.10632260974892, 86.0634720623153, 84.94527873081313, 85.38305376647038, 91.50678965853224, 93.48825755354034, 98.58018774316874, 107.72311223917414, 106.86750933103362, 104.33988670419424, 101.74090064738648, 96.5731084348187, 91.03800540885184, 86.84469966692818, 87.91916730400963, 93.70761188942981, 98.21543234938521, 105.12303627976911, 98.9875101344981, 94.4720446667536, 89.62037314098598, 33.0746003048613, 51.145131649590944, 69.7243442097422, 82.17519182518959, 98.64534382391341, 107.11878883084852, 117.2133025972249, 126.52073454969326, 135.77353402667634, 144.80522151196544, 140.03015464304795, 130.43144302433788, 126.67696125697475, 117.36311417980676, 111.43374599429985], [33.34261236818776, 25.83224078259359, 20.55091616664603, 19.013412548073692, 27.406707487176313, 32.03075703149086, 36.24325068687805, 72.57181576744351, 78.45592711944761, 88.16791131640935, 95.18790776559283, 101.99552222665098, 96.44938921099444, 90.2675272509883, 80.70169846696088, 41.149250051211446, 34.276912422227795, 25.230296558544417, 12.281099662437605, 0.0, 4.993944637399279, 13.581775081374234, 23.708770993483196, 32.574822064287154, 39.815014873533094, 75.63044521616158, 82.18920017047863, 89.4190009918643, 96.58227215497041, 103.36176375130026, 103.41234419593339, 96.77051510930636, 89.38663543952782, 81.63348687009437, 76.08553388697301, 50.57936860511413, 59.832027414404315, 65.80655236394773, 65.59161602511824, 74.14965197891549, 81.99085468868311, 89.356966474343, 91.03411485417439, 88.77832926472318, 80.4311534315433, 71.16488358759217, 65.90698210233886, 86.1062546364473, 86.41104374148127, 88.97243356256833, 95.43651848670872, 97.94276456051989, 102.85313223015049, 111.42859398272172, 110.23510651036977, 107.44039023704539, 104.26007469397041, 98.3893514834742, 91.95229283180377, 87.29160894998651, 90.44588935728227, 97.1933454357554, 102.09109191939639, 108.80156190599865, 102.73885509547753, 97.81055091755877, 91.85096352474075, 22.76039411344158, 39.97746027595423, 60.38636942409612, 74.25037781881291, 91.6796611245337, 101.90339145195642, 114.08278582601052, 127.18346634023005, 137.01054573968136, 146.05434533063166, 141.94097919975258, 132.9290244315742, 130.0005587015884, 121.82012443417588, 117.2718207140647], [30.06672284525744, 22.226799570827332, 16.18084817106711, 14.68833259637849, 22.718778046530513, 27.64731670951747, 32.50343369336555, 70.06174216069189, 76.28943662371726, 86.25591617970173, 93.31106825085934, 100.10515366259658, 94.29452493273216, 87.85521584450568, 78.27929137446348, 38.64204554013702, 32.012626991700806, 23.31604406160365, 11.847093839152027, 4.993944637399279, 0.0, 10.633810646503582, 20.69762814082234, 29.64529532269594, 36.90131735236394, 73.73899229374764, 80.48139933366699, 87.92934586697164, 95.48377310654986, 102.30247848194128, 102.09033299063518, 95.27973874730684, 87.70957090870117, 79.69689486130723, 74.04818336903028, 47.47432682660527, 55.9171704320727, 61.431126523039524, 60.95218866130733, 69.48149861945144, 77.34787147891639, 84.88586293097485, 86.80884459630381, 84.88272301087835, 76.5175723702684, 67.77241276171989, 63.2537986943805, 81.47117505837782, 81.68490901203985, 84.25251830679673, 90.79518277256496, 93.43588282419839, 98.50488313181073, 107.35092777364063, 105.90984087369947, 102.93338032793656, 99.67260559215144, 93.70402366588628, 87.29164827536171, 82.64810151397273, 85.72530311998037, 92.56232296169823, 97.61984404908904, 104.62466248304575, 98.26834676942352, 93.1847968871647, 87.15023659519505, 26.991217542591688, 40.39273287280891, 58.83535626247291, 71.98052862912334, 88.82102762522311, 98.42803300163845, 110.1317357512055, 122.68741031671648, 133.13678267162248, 143.0115222821264, 139.14670814220028, 130.44893469652473, 127.97908146145112, 120.55663402248227, 116.75612622750235], [23.196826071106557, 14.997333263061842, 11.849057919206025, 17.6500902953726, 20.78076616867867, 23.43633314111909, 27.369621302704388, 63.31514258293483, 69.27094601896187, 78.9995346350137, 86.58657428618005, 94.04610135756094, 87.81964053872406, 81.09900657249851, 71.58030100350594, 28.883382942653185, 21.882779462988292, 13.144798161954943, 6.482545700024721, 13.581775081374234, 10.633810646503582, 0.0, 10.791586977903016, 20.38791051033536, 27.985698683166035, 65.30319283898282, 72.24036911480857, 80.07252394358432, 88.34308160855987, 95.84024588915207, 95.50173385729758, 87.94438158693463, 79.92980433334124, 71.87600255904037, 65.97451540089347, 38.84176823481967, 47.72793626412627, 54.11023248470161, 56.22712025099032, 65.00935545801418, 71.57226138534568, 78.65582697560701, 80.95817802056347, 78.75721723358218, 68.85605975988632, 59.98924596549667, 55.07544266098454, 79.93157456353565, 78.863306510045, 79.57879412242606, 85.87151423043952, 88.12445982542239, 93.43038030712181, 102.89028966048245, 101.62869870898088, 98.79921943592088, 96.00146038638617, 90.59503500742268, 84.97732597571543, 80.75153064879893, 81.98081573626467, 88.03108914077936, 92.83033831704373, 100.14204867565667, 93.58699190410553, 88.78426027419289, 83.6735918908495, 36.056765736085175, 50.01693576102615, 66.4543900563961, 78.13549906486993, 93.90573858667273, 101.79626501434603, 111.5342945216189, 120.64124343312508, 130.85388254899837, 141.0411675342089, 136.72246957662307, 127.66244253360327, 124.68928641057906, 116.63938909904648, 112.01820537781985], [14.754183252957954, 8.087866937898339, 11.739213744013224, 22.01491016454244, 20.007933228896132, 18.960838070720428, 20.57695558567423, 53.751806117155155, 59.62332692437745, 69.28997066454423, 77.13706872060617, 84.93695463556887, 78.37712634634102, 71.43129676612521, 62.005404751544155, 18.309788289634948, 11.97073999786388, 6.6046806005397425, 14.187972067913405, 23.708770993483196, 20.69762814082234, 10.791586977903016, 0.0, 9.75700944095951, 17.41286126032138, 55.182189991025645, 62.28510672580548, 70.38414958145579, 79.22508249783372, 87.02335482615382, 86.42271566547886, 78.42469944153305, 70.12662197541759, 61.923474001195906, 55.88426943075996, 28.28282104624873, 37.766800444604584, 45.17477119412628, 49.497711352383895, 58.378826820023306, 63.80493947722468, 70.1678489822852, 72.34577937245726, 69.67762332128316, 58.95198988443088, 49.771117572546444, 44.70426591121959, 76.01141968910045, 73.74417534467237, 72.70206049338648, 78.54655201260499, 80.23186854745477, 85.44221118834372, 95.04534870159921, 94.19266100896907, 91.76379808832067, 89.54090643497919, 84.93679791834644, 80.15772949360915, 76.41428330792515, 75.88518881296045, 80.97626454612133, 85.24079255125378, 92.38638717983, 86.07683563398234, 81.82008986027755, 77.7622652491619, 45.32830500913375, 57.262593322583406, 71.2270131843218, 81.1411304281067, 95.85874947716997, 101.9861071981142, 109.63849258440608, 115.46463973381739, 124.61340691876941, 134.64771507195317, 129.91278684166235, 120.58668888655804, 117.29787404423087, 109.11773942672872, 104.48121985337228], [9.313540089895461, 9.775209882683539, 17.52969418412392, 28.058698664012006, 23.13857845083269, 18.704484011431003, 16.527425961851076, 44.45167292574086, 50.24817875067969, 59.90615360976562, 67.86700339594016, 75.84780307883642, 69.07594224042334, 62.00629351797312, 52.66218285155142, 9.725470915865102, 7.467601347961808, 11.69737367751894, 23.112316545629565, 32.574822064287154, 29.64529532269594, 20.38791051033536, 9.75700944095951, 0.0, 7.663469620303981, 45.81559247913503, 53.02091144836161, 61.25536247928559, 70.45814934328479, 78.33780771283435, 77.48856333463901, 69.27045037319888, 60.83039995620073, 52.47478993450864, 46.382108972396175, 18.649345716909778, 29.512409283042818, 38.27782221787486, 44.57426542901685, 53.36071200052179, 57.739685280903814, 63.139046520522704, 64.78784213932013, 61.40910197556421, 50.31796729035902, 40.416322394330635, 34.97080752270229, 73.24260388057182, 69.96232996047529, 67.33304610294476, 72.5819296077515, 73.56684969517838, 78.42568776410185, 87.7976014062311, 87.54954290894167, 85.70707895370154, 84.12118577136616, 80.44599930824262, 76.4827911767957, 73.2332827804538, 71.15040527966757, 75.18596558096662, 78.7159050009934, 85.3229682770102, 79.60951469183976, 76.0883286113204, 73.13722529027646, 53.1150629305818, 63.186534426809594, 75.16522250259482, 83.53229681971834, 97.40235115036734, 102.083032120545, 107.91359591319073, 110.96783760895529, 118.50353477721242, 127.89693045773228, 122.70725070652858, 113.07290082698043, 109.42649655070879, 101.1264269336537, 96.65212238597161], [10.545937510333257, 15.712433058500709, 23.756342778001628, 33.80533056280342, 27.513408385484794, 21.436540358873774, 16.60115147548612, 37.25992210834098, 43.03076591202409, 52.70949417682913, 60.74376399200427, 68.84969415237549, 61.8655312173667, 54.657594295316954, 45.41089971615029, 6.638176320189453, 11.253414864663037, 18.688303592246008, 30.55177011377191, 39.815014873533094, 36.90131735236394, 27.985698683166035, 17.41286126032138, 7.663469620303981, 0.0, 38.766261036883016, 46.065703760876346, 54.41626203659148, 63.957445497919416, 71.85535606151203, 70.74195871742094, 62.3487471362697, 53.78858560859816, 45.259806401141574, 39.127401142769834, 11.123937544349706, 23.568327706443533, 33.52597995642738, 41.4814833346487, 49.98182588777758, 53.3715026142396, 57.841422365762185, 58.98406325880741, 54.981486829274935, 43.64315683983172, 33.07405748670891, 27.35255052905072, 71.47541508988941, 67.39522539678731, 63.45120701620528, 68.13100162189622, 68.49662278861621, 73.01300579063826, 82.14146898387729, 82.40782308730832, 81.07536061456378, 80.03973450641428, 77.17665966450974, 73.93073386023741, 71.12610783659275, 67.76591245978402, 70.86003138177182, 73.72771946961063, 79.83364163880466, 74.66476557451655, 71.80435678559802, 69.82359487134201, 59.65292515697172, 68.26628632167252, 78.65045628309119, 85.77199276380144, 98.8622212641816, 102.37293903312886, 106.71702282136256, 107.50487532438194, 113.70314031608878, 122.59700660305009, 117.06601355369321, 107.22897221901005, 103.3452852563154, 95.07285286688541, 90.88587851756766], [46.35950456805256, 53.68276521756358, 61.7298221914458, 70.78145895669422, 64.29066566091426, 57.08629406423544, 49.33895342386055, 20.791112885933572, 16.535335334754784, 18.66702060017983, 28.037348110949168, 38.40398463108498, 31.959843398699032, 26.98166502550858, 22.195644088693555, 37.89822621328405, 45.18488987268953, 53.96540610222116, 66.01268994203177, 75.63044521616158, 73.73899229374764, 65.30319283898282, 55.182189991025645, 45.81559247913503, 38.766261036883016, 0.0, 7.514607263717313, 16.490141146276372, 27.93311648113882, 37.30764220236543, 35.84623641847502, 25.442176031401107, 16.08755593754036, 9.494306769641794, 5.160129855679604, 30.878643801354894, 37.39846747383376, 47.23520371154626, 59.66183748455401, 64.72868044063833, 62.44937728397691, 60.18274523347416, 57.29171687515895, 48.70498436546712, 39.373583303222915, 27.213411318365253, 16.11601919000263, 89.23430399863742, 82.489