{
	"dissimilarities": [[0.0, 7.371351677927797, 16.283621760671913, 25.281283019980147, 18.146147459373132, 12.049308572713784, 8.671426417564817, 43.092857771612515, 49.94120754374056, 59.28422797016957, 67.63504306918577, 74.75274142288346, 67.1898726490812, 59.994090827495754, 50.59604801234581, 19.3537721482316, 20.238789722441066, 20.956000108676392, 26.00674429163579, 33.64442919075199, 30.34514050233931, 22.419912249892214, 15.550991573274418, 12.454453755642437, 14.524680214599428, 49.16128421063201, 56.86574601908802, 63.48222332650141, 72.72745247814208, 78.76456017793633, 78.03911852377846, 70.92913998215013, 63.067413489646, 54.37473616796769, 47.777304925878724, 20.003788381189455, 26.35645857338277, 36.44276685935486, 39.847938376894895, 47.748862787460325, 55.92116653567697, 59.5999112774825, 59.67762122828273, 57.37200838877958, 48.71442212763319, 37.710718866085884, 35.252424465720644, 66.00557915750215, 60.85090550245449, 61.227700700105316, 65.29046547975003, 69.109069604037, 74.13638014136124, 82.47157574221872, 87.58689492411854, 85.9276724694951, 83.94741699814156, 80.22115450797409, 74.67423464591079, 67.3103864037476, 64.38305951166177, 68.94651900215194, 72.56679602695803, 80.82802940709064, 78.724667267602, 75.13253846343937, 72.23539650088192, 52.98188462830766, 60.46850251661109, 69.70149194611517, 77.99127774767364, 90.37339444758503, 105.76355961525695, 113.96264973129419, 114.85906992107851, 129.04790694357348, 122.52799069692438, 116.65921382185923, 109.05420618254551, 106.35880096388479, 100.37422150134509, 95.86929237145115], [7.371351677927797, 0.0, 9.466618232909417, 19.79330696015817, 13.631082367500937, 10.56597159559749, 12.670712988546539, 50.463844974960594, 57.26416047603493, 66.5698910491068, 74.95634161346132, 82.06004400065602, 74.55738753094164, 67.364661944146, 57.964886172364906, 22.732653798646826, 20.88564737225162, 18.818919616190616, 20.75919484177828, 27.512037948100353, 23.896234021933097, 16.399253054344214, 12.366516368357786, 13.930238515847781, 19.025719867194226, 55.809103916062845, 63.462372810551805, 70.18428181678537, 79.46854325335961, 85.72627984221886, 85.11223540758519, 77.92650478645892, 69.99392877164445, 61.37516326421197, 54.667093851243216, 26.556132222617716, 32.08773074447024, 40.94795192729803, 43.197504452299576, 51.320694606255245, 59.967634653331245, 64.55101052343359, 65.26682850356195, 63.6325363048862, 54.57183787920897, 44.48704861507652, 42.264778460486674, 67.69113839578985, 63.22883804289763, 64.62848072068785, 69.37723704459567, 73.89224821258227, 79.38579123723183, 87.95445879555999, 92.40128924366935, 90.04485070379955, 87.48557205279515, 82.99873262710364, 76.78649814271706, 69.41697474400503, 67.67649118642521, 72.88863913587772, 77.19458447403451, 86.07792680493232, 83.17874559684195, 78.9389097535066, 75.28369739621255, 47.895246255434415, 56.46570708190645, 67.18286549600953, 76.5233874358157, 89.41537376327064, 105.67780570012431, 114.917879114523, 117.76253081452047, 133.25855764059074, 127.95226688428659, 122.54966642471177, 115.30400160293873, 112.90450363802303, 107.17488408870403, 102.5473193893158], [16.283621760671913, 9.466618232909417, 0.0, 11.259108352879675, 8.517383026096335, 12.15430023206544, 18.410001007679195, 58.838922452832705, 65.95408193062143, 75.33251480706235, 83.42648601103414, 90.099480483937, 82.82179983777898, 75.70538999816304, 66.25233910346071, 31.576759716080893, 28.24719141439187, 23.831172642776455, 20.175282423817592, 22.087208605418134, 18.069583744903973, 15.075881184496085, 17.566889252658257, 22.397327585875775, 28.323793422732276, 65.16414182882819, 72.74663058267112, 79.33546014152081, 88.29854179578126, 94.27031811926403, 93.63229822259503, 86.82016016963121, 79.10549030625856, 70.54227705380072, 63.95335562598212, 35.77908002934075, 39.889548835712965, 47.16164323063149, 46.75048913617299, 55.013237508317836, 64.64347560922832, 70.16771624572335, 71.1963393556257, 70.1644370365749, 61.946808553667445, 52.962701886235436, 51.48200195166271, 67.61503020027172, 64.62959632549205, 67.66973542200637, 73.22683569346455, 78.47250455295323, 84.20640290306748, 92.53898055507032, 96.12275401550933, 93.08096772050168, 89.80082999509612, 84.36345954830878, 77.15858781164637, 69.81247787417632, 70.3134637989199, 76.22771444534794, 81.25916294461229, 90.35686370326417, 86.65158729902734, 81.6910041106778, 77.0224241498036, 41.26303229273781, 48.91350585956424, 60.63306059270217, 71.09929098403872, 84.60258835229897, 101.7769127761837, 112.34228665516162, 118.29486734592037, 134.9051346260724, 131.44100538869202, 126.82087265417155, 120.21285204703811, 118.46453356030398, 113.71457578926929, 109.84091282882814], [25.281283019980147, 19.79330696015817, 11.259108352879675, 0.0, 9.608638513185355, 17.26480649474262, 24.263055702634155, 65.17228726005796, 72.82821760536834, 82.28864059669019, 89.69959826042118, 95.48511637609946, 88.63840104719209, 81.74084369019322, 72.30599887490906, 42.425503105647316, 39.32476097497083, 34.5230527008176, 28.241694177846025, 23.977549854790833, 20.559507020612994, 23.647372561282022, 28.52810398240698, 33.342553636857524, 38.77013224976573, 74.05937904805754, 81.54545493472592, 87.73235369151064, 95.99880907756935, 101.09170723112337, 100.25929930680037, 94.31266902667528, 87.14587759153459, 78.6476934342623, 72.45207070171487, 44.75250572214781, 47.25753101206065, 53.033963597935575, 49.03802127490595, 57.19602814700222, 68.07013979523843, 74.1571432813053, 74.90898183470442, 74.17143334985782, 68.2009483960692, 60.24944700457101, 59.83867769686828, 64.58137204973812, 63.74608709413572, 68.67202172252173, 74.84457160321517, 80.53187218620137, 86.02787429033681, 93.44669302608672, 96.20597166989977, 92.81317008332589, 88.91744386428711, 82.66692054949664, 74.38626182141725, 67.11457185656917, 70.60714251196552, 76.97063919183235, 82.45165945579754, 90.98521606713965, 86.81774251463807, 81.35538288646173, 75.72227953103571, 36.52115622567157, 38.77055890156885, 49.82770133432793, 61.110959953199426, 75.2506592195306, 93.03341549468706, 104.82243510576586, 114.45387357699491, 131.28484002854842, 129.88204127972097, 126.22930685005618, 120.4549857171875, 119.64732355676628, 116.59881795887716, 114.48109467128086], [18.146147459373132, 13.631082367500937, 8.517383026096335, 9.608638513185355, 0.0, 8.083826112182898, 16.02051424416835, 57.75460628239326, 65.5683536832695, 75.11219204896946, 82.76710431672468, 88.86553948013317, 81.42567546960039, 74.30063236049021, 64.90644785838275, 35.926063917531, 34.26336693669065, 31.17367982039764, 28.690352752526294, 29.237063369275596, 25.312438730667292, 23.569774722777584, 24.63438109719979, 27.40769095733703, 31.70505628974669, 66.81146507182766, 74.5894041871689, 81.0202424073121, 89.85040369287536, 95.04932334214504, 94.04292753787861, 87.71298054287814, 80.23095701979733, 71.4405378319062, 65.0773792266842, 36.42070736813073, 37.894860875471416, 43.493350989136914, 40.486334031467266, 48.73230044303497, 59.15498826392578, 65.11572591270976, 66.14028014861373, 65.64385789829768, 58.80539735678534, 51.34185298775273, 51.7871481565463, 59.37193048292677, 56.98747631615919, 60.821170357163545, 66.72311354706626, 72.29788210931666, 78.07582300056087, 86.24371735437995, 89.21162091413764, 85.82714468747898, 82.2496848015108, 76.5006011414424, 68.99125824845403, 61.650661056437954, 63.15121859472462, 69.3142648201655, 74.66536657838594, 83.84736521703597, 79.63917676144179, 74.3587068309569, 69.28621423217679, 45.158974705863834, 47.318999285799585, 55.11100933215521, 64.15423613144782, 76.99190455365037, 93.9162072464818, 104.15011470055717, 110.06709515217098, 127.5611601172835, 125.17187254500392, 121.19651335663873, 115.5578282534083, 114.73598911855454, 111.79709263520759, 109.91464792559499], [12.049308572713784, 10.56597159559749, 12.15430023206544, 17.26480649474262, 8.083826112182898, 0.0, 8.397412136274541, 50.11764138413268, 57.95136781981428, 67.50835235071789, 75.29069745242819, 81.60286994876155, 73.87578786677159, 66.64910861077395, 57.28527038108427, 30.322433769748184, 30.36091714212688, 29.208783586282276, 30.21799215573955, 33.892144785644405, 30.024066381419356, 25.337684600323076, 22.72613377084677, 22.805629814890487, 25.501316973089956, 59.347672341122, 67.23614358397067, 73.71977536490876, 82.77997975321455, 87.98780691635965, 86.88714629048263, 80.37697798868992, 72.78078526996846, 63.869340255984554, 57.48810477993618, 28.696562417533322, 29.995416018572765, 36.42681891038495, 35.04579122430979, 43.33441575124142, 53.19615008229978, 58.49695480744066, 59.27220146419754, 58.41893768721906, 51.154455979295975, 43.265930346346686, 43.92606930128113, 57.40670552562958, 53.63513673236814, 56.08350222521327, 61.37011871513117, 66.41369215926744, 72.05384085433455, 80.49217416130931, 84.09958876290838, 81.22676920379271, 78.23101426703985, 73.28175175361307, 66.64220890068141, 59.24756391560066, 58.75755654850995, 64.37457295670137, 69.1833514590067, 78.30168829141131, 74.65848221603488, 69.93071229275222, 65.69856650506611, 51.11533456555195, 53.752242769208614, 60.17327414887405, 67.85674132596269, 79.91253043052005, 95.88016450567638, 104.77541943034485, 107.71384935806545, 124.48329275408679, 120.6753881242927, 116.14866995337462, 110.19044152854161, 109.03945526839392, 105.73410177935098, 103.75303770406786], [8.671426417564817, 12.670712988546539, 18.410001007679195, 24.263055702634155, 16.02051424416835, 8.397412136274541, 0.0, 41.79406371250546, 49.6288509211015, 59.18933924928007, 66.9134303474286, 73.2529836593049, 65.5781823873779, 58.385395105638096, 48.98911456025157, 26.57051584123842, 28.61477369573698, 29.442830205835207, 33.13134942654788, 38.4441856159078, 34.928756289189266, 28.941697131322794, 23.663279048378588, 20.76167938196968, 21.129688500963873, 51.72902195816241, 59.53878514997014, 65.82093365215593, 74.69923122389253, 79.69978254143753, 78.54313143264388, 72.1551592951028, 64.7110542300109, 55.833504740041725, 49.652498373220354, 21.990519899977194, 24.270683990343638, 32.57329130623413, 32.948186604558465, 41.01004190539924, 50.24948511754054, 54.27440798197268, 54.102230281807294, 52.17696933847142, 45.466217183982316, 36.09856936012477, 36.247283431067686, 57.70818319997399, 53.062785223279164, 54.10443459580556, 58.44009979406926, 62.49818492780037, 67.45685111952895, 75.50372248163475, 80.14244886098486, 78.29902578775604, 76.1057589856162, 72.18452141252297, 66.3912605664265, 58.97493303999528, 56.93495332469668, 61.65507326721283, 65.49070521375266, 73.65082255029765, 71.20671757479559, 67.39478004856365, 64.19515104934366, 55.38990829043519, 58.34722355465071, 64.212760639906, 71.0880211561225, 82.7865748864086, 97.73022453712707, 105.49975983222029, 106.33473918530746, 121.03210527344774, 115.48726384820704, 110.23632941109878, 103.55955322381655, 101.83823578775538, 97.8486578387195, 95.65098020524422], [43.092857771612515, 50.463844974960594, 58.838922452832705, 65.17228726005796, 57.75460628239326, 50.11764138413268, 41.79406371250546, 0.0, 9.055523744279455, 18.24960648854342, 25.411802276984393, 32.50440660028738, 24.132618235480315, 16.928193069225934, 7.5647747362882525, 41.619668458595726, 49.422602403183234, 55.86976070638073, 65.49328890876684, 74.10762160775593, 71.65566795273733, 63.610280923703975, 54.253735502935356, 45.94755771927027, 38.90363038732582, 22.969011068635695, 28.001959917552504, 31.322705834631673, 38.38599233338835, 41.040046138447, 38.96056132409596, 33.51911541188714, 27.848311439253784, 20.13256021657926, 18.54385671700302, 28.304315545623265, 30.36182370196311, 38.44143240543601, 46.23479014782801, 48.87615646042274, 50.713269091447714, 46.31360022677665, 40.72965271659546, 32.2324940873075, 32.044994111204, 18.752941569216308, 15.831426479679523, 72.09051809722183, 64.3901871636514, 58.49797600321407, 56.76296003804698, 54.34397128343045, 54.36480658507015, 59.147623676164315, 69.02853626434107, 72.8789601604394, 75.25886000457011, 77.11394694200837, 76.57012158555375, 70.74093920753656, 61.43500149852699, 60.46947263746161, 58.17914861531985, 59.75039733175285, 64.38434222074605, 66.18901527633558, 68.92862693802003, 89.1814902517246, 92.31380542621005, 94.84251456543788, 97.60544652533567, 106.2516074901415, 115.74564845619958, 117.53854925167754, 106.66561777536364, 110.92410199936944, 95.8544911005036, 86.57756622205049, 76.29982718423864, 71.07647247767835, 62.95173423837938, 59.96740708017185], [49.94120754374056, 57.26416047603493, 65.95408193062143, 72.82821760536834, 65.5683536832695, 57.95136781981428, 49.6288509211015, 9.055523744279455, 0.0, 9.581002983966293, 18.10397008462006, 26.792751700711314, 18.803103830137513, 12.535336297812755, 7.4819683992402695, 45.66592711924374, 53.50063892982175, 60.391200173626274, 70.64680877015904, 79.91261584321775, 77.70515110001496, 69.28969188199794, 59.629099606117315, 51.15474633943548, 43.91429016584565, 18.077486315353692, 20.925630469945894, 22.966661838187456, 29.682043557731568, 32.643940855724914, 30.700203134173314, 24.55502168687108, 19.06121893376313, 12.388687183052488, 13.829874473445482, 34.11387793760882, 37.39858152144156, 45.458822549927106, 54.56005179128818, 56.74741995008606, 57.32692542338451, 51.98708347362861, 46.275355115982734, 37.45327366926066, 36.95808806110465, 24.393438659297097, 19.01171145881725, 80.53609243444603, 72.516556792252, 65.90220629169184, 63.4801332232669, 60.25643970770349, 59.612449204864994, 63.77021855504916, 74.3106966509273, 78.93672567080516, 81.94229260712797, 84.5062431021331, 84.6012479531889, 79.02137591263995, 68.9089700523617, 67.31878024497338, 64.27308425377026, 64.87211693147411, 70.50967981953895, 73.05666969114753, 76.49429914797258, 95.12557091353612, 99.7574978439159, 103.23369590934102, 106.22880633238967, 114.91338646551144, 124.03259716620255, 125.35928880615052, 113.21658611858386, 115.52066277078349, 98.5024846726933, 88.2625232754979, 76.82362635112896, 70.16406786896128, 59.382745656673045, 53.93035102986822], [59.28422797016957, 66.5698910491068, 75.33251480706235, 82.28864059669019, 75.11219204896946, 67.50835235071789, 59.18933924928007, 18.24960648854342, 9.581002983966293, 0.0, 9.965854967141606, 20.031217948154076, 13.189454305665379, 10.49647106261476, 13.434159719502855, 53.75889328578163, 61.543571888278834, 68.63649056300713, 79.15924536134763, 88.64490064656786, 86.58781923738835, 78.08294781462365, 68.33036354243998, 59.82466492363204, 52.53212229210607, 20.51805561003993, 19.540431874787494, 18.347961969934943, 22.719094039949415, 24.431914828165002, 22.160000557842636, 16.328457745915443, 13.264737052241216, 11.65778037048657, 17.47348762324019, 43.05491890573783, 46.16064160619435, 53.404165981573676, 62.83174550394813, 64.28647990917177, 63.66981105121008, 57.24762395910414, 51.09836749658598, 41.974505577901894, 42.751629000549265, 32.19535324614974, 27.183069439755766, 87.96707930639886, 79.78921722905356, 72.46222084603858, 69.18182330585942, 64.94369642235878, 63.291357833586204, 66.36636635558439, 77.55066331238632, 83.17462077570397, 86.94638949170532, 90.42775996677828, 91.34350846736568, 86.16113273338678, 75.36019644955581, 72.92070711902424, 68.9008052926878, 68.0247733429309, 74.8948688064607, 78.39174807185653, 82.68978365768707, 103.55904084487052, 108.5047986229971, 111.87312692241761, 114.49612810813596, 122.78797626347466, 131.07164178772473, 131.4940393284741, 117.55071739240566, 117.47973551870051, 98.41935981698805, 87.27743746434139, 74.93797162009847, 67.06870876972513, 54.32683111154169, 47.555081866661496], [67.63504306918577, 74.95634161346132, 83.42648601103414, 89.69959826042118, 82.76710431672468, 75.29069745242819, 66.9134303474286, 25.411802276984393, 18.10397008462006, 9.965854967141606, 0.0, 10.35275699773403, 7.493890385170176, 11.648040658512745, 18.89775071859511, 63.31053399872688, 70.98480881974288, 77.8460635905904, 87.91381648290486, 96.72324990678092, 94.74322518889147, 86.7799971830543, 77.34135952406687, 68.99178085760606, 61.85141151388732, 30.084769475623077, 27.613048650227924, 23.93281371805994, 23.1772593030985, 19.99522430679111, 16.46981308271047, 16.16569864716589, 18.8397783774606, 20.93845486945503, 27.34205596092615, 52.19791897407522, 54.468619210434554, 60.750961048213185, 68.79793043102812, 69.58756335334766, 68.68389790968054, 61.428968464972314, 54.26410259956991, 44.60330989735327, 48.93490836041316, 40.2401542859753, 36.67830007501811, 91.49250149120496, 83.85986591863163, 76.42061214906106, 72.42442960648923, 67.18456587842543, 64.0540109691206, 65.0450603146863, 76.86753050986978, 83.77538022548183, 88.26216733562069, 92.59699057455441, 94.08764665039516, 89.32658304856814, 78.85968277197624, 75.56597301652084, 70.51621228060343, 67.2286042667755, 75.64476140550329, 80.15968914819366, 85.15541119169549, 110.27866920422946, 113.8113866487704, 115.96777155447252, 117.72534903615228, 125.36860771117074, 132.373297690034, 131.74531648689762, 116.77406934676902, 113.36278445365487, 92.53609723734505, 80.66188161932386, 67.47142630167951, 58.727211549644714, 45.253831292214464, 40.04399417230327], [74.75274142288346, 82.06004400065602, 90.099480483937, 95.48511637609946, 88.86553948013317, 81.60286994876155, 73.2529836593049, 32.50440660028738, 26.792751700711314, 20.031217948154076, 10.35275699773403, 0.0, 10.643597931460064, 17.771468530688423, 25.518139610925733, 72.17880452433114, 79.72649849195835, 86.23956584312393, 95.65520309857463, 103.55107880316977, 101.61185103281649, 94.35333021064245, 85.35160982752616, 77.23033768648595, 70.31262991972666, 40.30888642069206, 37.70175851738872, 33.29099286932159, 29.590916987065015, 22.376057508965538, 18.243000401475356, 23.443403311449, 28.501030422772207, 31.197888454955823, 37.433760591086084, 60.45315196283619, 61.869224618000274, 67.28236653568158, 73.50749393407251, 73.76449569307115, 72.99544090015611, 65.26828208349647, 57.16997389100514, 47.21530582196129, 55.08162087855332, 47.86805217994184, 45.634768895303836, 93.23638738967131, 86.44589966123453, 79.2475165332018, 74.76024627910431, 68.75291402971037, 64.18750738830373, 62.816828076510845, 75.06649158609429, 83.17893507587821, 88.22303711906612, 93.22973310244306, 95.09344744180112, 90.75077435206232, 81.12281785653545, 77.13988545029261, 71.2475834501059, 65.43025722072912, 75.26720378278891, 80.6506939042888, 86.12418848113658, 115.52207371868455, 117.12700072664617, 117.75001393938558, 118.52438446428168, 125.43957630907582, 131.08185022464926, 129.45756926572406, 114.01733978329347, 107.10261466341055, 84.82165013368129, 72.35521924272143, 58.34338936570144, 48.894652908041905, 35.52512441484272, 34.39115599055344], [67.1898726490812, 74.55738753094164, 82.82179983777898, 88.63840104719209, 81.42567546960039, 73.87578786677159, 65.5781823873779, 24.132618235480315, 18.803103830137513, 13.189454305665379, 7.493890385170176, 10.643597931460064, 0.0, 7.679237417464966, 16.695858064889325, 64.31522228218452, 72.22754538205109, 79.03723520367984, 88.94941172137824, 97.46927742767394, 95.24242705291064, 87.3822733221979, 77.96613435600305, 69.55611106892593, 62.31481001077175, 33.36071295236401, 32.38739618032849, 29.971277386820535, 30.551447541944555, 27.103162486326536, 23.307063066706476, 23.336214765663367, 24.662499652916164, 24.69916456942933, 29.98064106246074, 51.734733510385865, 52.206231402344585, 57.16435447989788, 64.28119588966771, 64.44162547830709, 63.217695645326245, 55.586738554700766, 47.97511623889086, 38.20701904630705, 44.58790245821848, 37.766085750321785, 36.6885671827725, 85.68962035902672, 78.0652137597847, 70.40824417234079, 66.0500548254413, 60.4335704027792, 56.890753758746854, 57.633532454510025, 69.48750849874602, 76.57103663945995, 81.25470450803259, 85.91397384740752, 87.80840385076496, 83.33522492252374, 72.65936924474488, 68.97373373450212, 63.5725376416036, 59.88147217514183, 68.51484340326299, 73.32207160491114, 78.64728827857006, 111.03358561454948, 112.81698112165745, 113.20529682830251, 113.92413864417473, 120.75055887181463, 127.16584503406014, 125.85205615170764, 109.66499773534784, 106.9096902048658, 86.50638456765704, 75.00600647395477, 62.86011491781708, 55.3537270354563, 45.21861149684437, 44.31903164527795], [59.994090827495754, 67.364661944146, 75.70538999816304, 81.74084369019322, 74.30063236049021, 66.64910861077395, 58.385395105638096, 16.928193069225934, 12.535336297812755, 10.49647106261476, 11.648040658512745, 17.771468530688423, 7.679237417464966, 0.0, 9.475569884978317, 57.249912120225865, 65.2662496104454, 72.10805299571666, 82.12151389718444, 90.84750708246463, 88.4877643422989, 80.40945653010331, 70.87952759556363, 62.40142276785668, 55.087802854318106, 28.427417258923647, 29.223721379477908, 28.729580437675974, 32.19899800071835, 31.246310761493394, 27.982096904015666, 25.24236335330119, 23.549312426208328, 20.72823674991568, 24.55103374525914, 44.24067317951536, 44.542912503389424, 49.82340323800349, 57.42422679212225, 57.98305684848633, 57.14886860887573, 50.09628545356042, 42.95803790657182, 33.30524670512582, 37.982911083795166, 30.176312251378135, 29.40710278322346, 80.30491889715127, 72.35685729866739, 64.83915987177693, 61.00936802942298, 56.131459236653306, 53.666831076843685, 56.018310840168596, 67.37288695441039, 73.45824851757526, 77.56065397483673, 81.54956660068684, 82.97460397666285, 78.18022639514115, 67.36688420297506, 64.29942208677889, 59.66557953642972, 57.793511100999815, 65.21886623485008, 69.23648202395478, 74.01650236611165, 105.17619555015216, 107.24498301270766, 107.94235533462444, 109.02359878300211, 116.17139395545564, 123.43751081781141, 122.84376715088766, 107.50793329765044, 107.51562539338092, 88.82716146396722, 78.09982193467702, 66.88040687246001, 60.408916392622615, 51.47819684359012, 50.1084433675986], [50.59604801234581, 57.964886172364906, 66.25233910346071, 72.30599887490906, 64.90644785838275, 57.28527038108427, 48.98911456025157, 7.5647747362882525, 7.4819683992402695, 13.434159719502855, 18.89775071859511, 25.518139610925733, 16.695858064889325, 9.475569884978317, 0.0, 48.821255882781514, 56.71627703745365, 63.29792086894505, 73.00415765069076, 81.53376590715769, 79.12081285823334, 71.16313005097464, 61.792261814308574, 53.439934682888136, 46.29922781256708, 25.00945179630865, 28.186119933465303, 29.82905026215548, 35.38121502128614, 36.4249247755279, 33.80872631607554, 29.534976837587042, 25.437277028239915, 19.491129862956093, 20.590131850759214, 35.51482714922017, 36.46406869544234, 43.04372363458544, 50.50105636628955, 52.114333274731486, 52.794806434608596, 47.08516641447479, 40.54883582803128, 31.199254978031032, 33.85754635684402, 23.24213445958417, 21.810318601099457, 74.78783847899878, 67.03167419608714, 60.40172421342568, 57.66698144725173, 54.06265536149178, 52.868745854280554, 56.485584387957736, 67.12241888941358, 72.05135766156057, 75.22765175999344, 78.073990071367, 78.41441436649572, 73.0460342568578, 63.110811237931735, 61.135006156435196, 57.71627101290589, 57.605019683265354, 63.594232196266624, 66.44636232280934, 70.139933848634, 96.07144656782367, 98.42400366952522, 99.892920264337, 101.77341603614914, 109.68695932711755, 118.09400205433982, 118.76482707399738, 105.93243446577543, 108.20155884105004, 91.56884964029214, 81.67711590581575, 70.99262904619975, 65.3187003966169, 57.07056915848654, 55.08096521153845], [19.3537721482316, 22.732653798646826, 31.576759716080893, 42.425503105647316, 35.926063917531, 30.322433769748184, 26.57051584123842, 41.619668458595726, 45.66592711924374, 53.75889328578163, 63.31053399872688, 72.17880452433114, 64.31522228218452, 57.249912120225865, 48.821255882781514, 0.0, 8.567165300663751, 16.52092070355137, 29.14506120479074, 42.195090788607885, 39.75557301067705, 28.36866890608183, 17.405300057666487, 9.313786144828162, 5.698700131753293, 38.07886367024086, 45.47374522775674, 52.9405897669587, 63.58645231867405, 71.79723861373574, 71.7327986290155, 62.72047983799424, 53.78621927983053, 45.62555064095448, 38.3282259489135, 16.381326920793533, 27.872051417009928, 39.64347600084314, 49.83999230722025, 56.4668135448996, 61.123804434165336, 63.15352752167814, 63.71003776747301, 60.85038517647353, 48.07305431028933, 35.31157456625571, 28.588724078826846, 80.09925664493775, 72.6393128301065, 70.20356173894713, 72.85238027113715, 75.53150318874071, 80.54949783606385, 89.86327377380832, 96.13725877183094, 95.1448702695025, 94.19912541558412, 91.8006516444471, 87.95434556393828, 80.97854015601884, 74.19000008172776, 77.67202864413413, 80.24978149083277, 88.82817629039737, 87.68259232806574, 85.11179159184408, 83.79466729241666, 64.45412204988035, 77.5694586249139, 88.9150772459345, 97.28671373207378, 109.3045817519931, 124.22033089367501, 131.321858375965, 128.0704625381323, 141.4911136440533, 131.93893171375797, 124.58009666324551, 115.56194071113306, 111.06231981626225, 101.58429097061612, 93.04224446579498], [20.238789722441066, 20.88564737225162, 28.24719141439187, 39.32476097497083, 34.26336693669065, 30.36091714212688, 28.61477369573698, 49.422602403183234, 53.50063892982175, 61.543571888278834, 70.98480881974288, 79.72649849195835, 72.22754538205109, 65.2662496104454, 56.71627703745365, 8.567165300663751, 0.0, 8.35848607687164, 21.495764287367805, 35.33752298072202, 33.190714300355545, 21.53310118205441, 11.383319978267938, 7.863758173569049, 11.823685725749733, 45.59711707241051, 52.56870900075315, 59.85738295943221, 70.10561896550531, 78.51970817116518, 78.69317262250033, 69.81263487706805, 61.065834526326704, 53.26130369774231, 46.11451245506951, 24.21102921358029, 34.898701560229064, 46.01271414614961, 54.86603627456894, 61.966481152676515, 67.4039174475436, 70.23722287825427, 71.13159275449095, 68.59260119303305, 55.91962726171931, 43.61471226683521, 36.991037946307394, 83.92143268165549, 77.19620098410098, 75.78212974669317, 79.08532449436471, 82.35598173194603, 87.66692895715886, 96.97380435488247, 102.84603842103907, 101.39343886999043, 99.95066711926115, 96.85580934697161, 92.27404382849969, 85.16553145391, 79.64871622047252, 83.729288558301, 86.87510949217383, 95.75172119122116, 94.09707762510804, 90.99090855736104, 88.95997321785661, 58.46677583861356, 73.96861472627907, 87.53559184232233, 97.23258806800258, 110.02941777464454, 125.81830264159385, 134.0721078232163, 133.12085023925064, 147.13525223636154, 138.4606490760983, 131.36972963882783, 122.31590337500059, 117.83613063369155, 108.11549313680501, 98.95960291242717], [20.956000108676392, 18.818919616190616, 23.831172642776455, 34.5230527008176, 31.17367982039764, 29.208783586282276, 29.442830205835207, 55.86976070638073, 60.391200173626274, 68.63649056300713, 77.8460635905904, 86.23956584312393, 79.03723520367984, 72.10805299571666, 63.29792086894505, 16.52092070355137, 8.35848607687164, 0.0, 13.233805319657154, 27.42496249796615, 25.461878054314937, 13.885610564913952, 6.591621768538072, 11.100642071310519, 18.213792766883046, 53.33540928649065, 60.15555497566991, 67.21075818073153, 76.96657389021149, 85.15715950582963, 85.38870159454878, 76.90735205234259, 68.4420801711484, 60.73417212514568, 53.738088162813334, 30.751914444728467, 40.56022818895211, 51.055270789846, 57.99871344349726, 65.55377214415897, 72.0312164673768, 75.65063103040191, 76.68659196879344, 74.42251258826948, 62.421656274738396, 50.5229213271244, 44.424245096292026, 85.26253102156676, 79.5184511829336, 79.30466384917285, 83.28009358078512, 87.13068122567415, 92.62898343065665, 101.74453540773773, 107.14623382366351, 105.2657498716634, 103.29615912852746, 99.4771475687408, 94.07828780033432, 86.84914867532252, 82.93533323111826, 87.59983816172935, 91.30048142641817, 100.29927503411864, 98.1471980815586, 94.50434721338, 91.7031467030278, 51.14750686374769, 68.14184532381083, 83.4575886335549, 94.30167816140086, 107.78333591984675, 124.32177670714832, 133.70062921045744, 135.3279527631495, 149.84513392191053, 142.3404404606228, 135.69204771946187, 126.82081954608755, 122.62975986807467, 113.26579044446295, 104.3013175320504], [26.00674429163579, 20.75919484177828, 20.175282423817592, 28.241694177846025, 28.690352752526294, 30.21799215573955, 33.13134942654788, 65.49328890876684, 70.64680877015904, 79.15924536134763, 87.91381648290486, 95.65520309857463, 88.94941172137824, 82.12151389718444, 73.00415765069076, 29.14506120479074, 21.495764287367805, 13.233805319657154, 0.0, 14.598164901589717, 13.186646605616339, 5.2859168860015195, 12.975321129078349, 21.63451706875148, 29.51597506024619, 65.17527278559281, 71.83480257992325, 78.49950352158722, 87.45416237547168, 95.09361380105071, 95.33861004740102, 87.59874851416525, 79.6287110782982, 72.02599494034241, 65.30199321787674, 41.37013808542154, 49.958656114418424, 59.53811260902634, 63.445781062360396, 71.47753580143103, 79.45827179499898, 84.0228249894424, 85.04115431567334, 83.04474984188177, 72.47391416942583, 61.076454457267644, 55.7040763218567, 87.24327271151299, 83.22718955415819, 84.84660876481806, 89.69757981714014, 94.25438862011859, 99.82812085501439, 108.39503200397297, 113.12104045215037, 110.7467661004845, 108.0514921554056, 103.22939968369482, 96.61993647877094, 89.28714881819081, 88.01019439048146, 93.40575034802663, 97.78858487643282, 106.64728112440442, 103.91523297568688, 99.58882031421355, 95.6936632908521, 39.050017307760605, 58.17831673144252, 76.25916183557923, 88.87834731079533, 103.38049795586092, 120.90138540152378, 131.9904934856354, 137.82250348313966, 152.6924539511441, 147.02793078673224, 141.10806619111966, 132.57106130190013, 128.89619176006698, 120.30201493883672, 111.98971255744202], [33.64442919075199, 27.512037948100353, 22.087208605418134, 23.977549854790833, 29.237063369275596, 33.892144785644405, 38.4441856159078, 74.10762160775593, 79.91261584321775, 88.64490064656786, 96.72324990678092, 103.55107880316977, 97.46927742767394, 90.84750708246463, 81.53376590715769, 42.195090788607885, 35.33752298072202, 27.42496249796615, 14.598164901589717, 0.0, 4.220084336189859, 14.897976926369902, 25.450888735903998, 33.79006373848544, 41.434775187306144, 76.64784074151842, 83.18419090528178, 89.34865825902898, 97.3395673772327, 104.06391965291014, 104.20922393817025, 97.4865099285342, 90.17590151689593, 82.6615427420413, 76.33323298359227, 52.0489974003835, 59.45768509644414, 68.18871588795078, 68.80702616737486, 77.07835100742855, 86.54862532562493, 91.74120529208301, 92.38747847578243, 90.44953852731864, 82.02277124999908, 71.04643272690453, 66.4592366133833, 88.1447725115318, 86.22029373346338, 89.70325703057422, 95.23299834737992, 100.25080588002055, 105.57231280972263, 113.14694465292722, 117.24851558027515, 114.63680597938277, 111.32996148412798, 105.65778840262792, 97.87130840770553, 90.53232575726202, 92.23006525603854, 98.13120250428553, 102.96120882229836, 111.14374439892171, 108.10811397403009, 103.29732793218915, 98.4150354431903, 25.05145973975842, 45.554789665311056, 66.52517428254379, 80.94592273821121, 96.47046600395275, 114.68347777483332, 127.4524297225105, 137.96113742155782, 152.43164639102076, 148.7286237374955, 143.6492148041316, 135.55321966496788, 132.54998800504112, 125.15463158065569, 118.13647470123254], [30.34514050233931, 23.896234021933097, 18.069583744903973, 20.559507020612994, 25.312438730667292, 30.024066381419356, 34.928756289189266, 71.65566795273733, 77.70515110001496, 86.58781923738835, 94.74322518889147, 101.61185103281649, 95.24242705291064, 88.4877643422989, 79.12081285823334, 39.75557301067705, 33.190714300355545, 25.461878054314937, 13.186646605616339, 4.220084336189859, 0.0, 12.094115498565941, 22.703919599658335, 31.038301824489654, 38.673969177449756, 74.70806167480723, 81.48889565250883, 87.80899646391715, 96.09055721151253, 102.76417250606404, 102.76999838685782, 95.93826832983655, 88.47044701097916, 80.71559284490812, 74.26644391789763, 49.037062034599515, 55.90633886893149, 64.31937530939518, 64.8190314127103, 73.07871687767111, 82.53658625941576, 87.87672239149116, 88.70542762262684, 87.0231054190546, 78.44189281989614, 67.88837426136449, 63.84808396980706, 84.36286199546365, 82.25122718852037, 85.69831908587261, 91.28839188158028, 96.42184862232162, 101.90429505665853, 109.71745411647045, 113.64890791505444, 110.85614396329025, 107.49626833750457, 101.79585257368682, 94.08440967401961, 86.76174134542218, 88.26143104178712, 94.22677151979482, 99.16943005727593, 107.65828908480603, 104.38862485805386, 99.4786913959327, 94.57690416530994, 27.878438643018836, 45.787398401079656, 65.20707334586157, 79.01600885773999, 94.19778340289203, 112.34302039698623, 124.79363892377229, 134.52312544018332, 149.6735806170038, 146.12597354197527, 141.16986536175443, 133.4032940410695, 130.66227677534846, 123.77135647703771, 117.29979658160136], [22.419912249892214, 16.399253054344214, 15.075881184496085, 23.647372561282022, 23.569774722777584, 25.337684600323076, 28.941697131322794, 63.610280923703975, 69.28969188199794, 78.08294781462365, 86.7799971830543, 94.35333021064245, 87.3822733221979, 80.40945653010331, 71.16313005097464, 28.36866890608183, 21.53310118205441, 13.885610564913952, 5.2859168860015195, 14.897976926369902, 12.094115498565941, 0.0, 11.064192818857553, 19.916554230144808, 27.833479758437306, 64.80967415881356, 71.81338019091865, 78.57360829442112, 87.70028515767973, 95.00942478637602, 95.01918916386914, 87.38929755618125, 79.36326773711477, 71.41940726278055, 64.6164529192111, 39.0550150687924, 46.62272689565797, 55.65358362539025, 58.78219720233181, 66.8641640683307, 75.14403427894271, 80.02104148820968, 81.18569550551092, 79.53120948182821, 69.21575064489198, 58.466829055989145, 54.09306318130679, 82.10643386488285, 78.21521784723541, 80.1142976107339, 85.16402404239045, 89.95132645342544, 95.67533552916262, 104.34544150569751, 108.73770772154022, 106.10306515307988, 103.23589517632536, 98.23822935713294, 91.52276236955409, 84.2088045861718, 83.20555140196994, 88.76735407745653, 93.36964050855703, 102.47528179627966, 99.39712435000446, 94.86416770022953, 90.774914345605, 39.38718695588801, 55.904686285460016, 72.50580813385821, 84.59275255957479, 98.79160604062642, 116.27093277102985, 127.21569648116144, 132.89836146168685, 148.49787885422438, 143.41895397192, 137.83621630676478, 129.83635666645839, 126.6675512595237, 119.05649926850704, 111.85167630331381], [15.550991573274418, 12.366516368357786, 17.566889252658257, 28.52810398240698, 24.63438109719979, 22.72613377084677, 23.663279048378588, 54.253735502935356, 59.629099606117315, 68.33036354243998, 77.34135952406687, 85.35160982752616, 77.96613435600305, 70.87952759556363, 61.792261814308574, 17.405300057666487, 11.383319978267938, 6.591621768538072, 12.975321129078349, 25.450888735903998, 22.703919599658335, 11.064192818857553, 0.0, 9.010996281320729, 16.981772703178546, 54.41580020518434, 61.639767002147344, 68.66979276370473, 78.37056720857007, 85.9451247051137, 85.87708777914477, 77.77359770865141, 69.4058911316132, 61.282461805222226, 54.278010033097154, 28.719156780015982, 37.25950470379538, 47.24272710613371, 52.761392357310136, 60.53423398776468, 67.73042476827935, 71.8031764776259, 72.86406932156228, 70.91641827152016, 59.655422981992494, 48.39451833197584, 43.640181617936314, 79.14642109813248, 73.81455377608823, 74.18365139420189, 78.49535814051005, 82.66782913945231, 88.27184717493732, 97.31710755472183, 102.31715575811448, 100.16452737523268, 97.92927588106426, 93.80402971761579, 88.09327943813109, 80.82670015816545, 77.64647152948332, 82.57560599625099, 86.57470786755168, 95.69599247353638, 93.16675271241115, 89.23765016419524, 86.081130191237, 48.96577615053767, 63.50848615575948, 77.54271949264373, 88.00014279897476, 101.30724447507642, 117.85289275005196, 127.27955491164163, 129.42408785584624, 144.53701457759112, 137.91368669480906, 131.73840890295142, 123.47698812987451, 119.9387918540341, 111.8599219933222, 104.39488127815346], [12.454453755642437, 13.930238515847781, 22.397327585875775, 33.342553636857524, 27.40769095733703, 22.805629814890487, 20.76167938196968, 45.94755771927027, 51.15474633943548, 59.82466492363204, 68.99178085760606, 77.23033768648595, 69.55611106892593, 62.40142276785668, 53.439934682888136, 9.313786144828162, 7.863758173569049, 11.100642071310519, 21.63451706875148, 33.79006373848544, 31.038301824489654, 19.916554230144808, 9.010996281320729, 0.0, 7.973721788854437, 45.86560023474504, 53.32790403060263, 60.49848849911769, 70.55157136587434, 78.11567272733848, 77.91442322399394, 69.59176826514327, 61.04289125363307, 52.718856652031874, 45.609255978084654, 20.017164645349503, 29.728837053911242, 40.7513772533557, 48.09309478321183, 55.482068131934604, 61.80682713949485, 64.99612756875807, 65.70726134942528, 63.3272468873792, 51.748546121017334, 39.813721258208474, 34.71613983893052, 76.4786640013304, 70.15963192955397, 69.2778175349747, 72.85820332192874, 76.36494307958674, 81.66858717702961, 90.77390377636773, 96.34728808789727, 94.75743488062373, 93.1156471888132, 89.79959365803057, 84.93053967795886, 77.74533977763093, 72.95138181312102, 77.222251752897, 80.57406668761378, 89.38980443300261, 87.49906229565606, 84.1920749563311, 81.87363310472149, 56.17833743890757, 68.81913119496332, 80.74679682811029, 89.8572769704476, 102.41745252966598, 118.04744414789775, 126.20888416334218, 125.68266136891461, 139.9733360030805, 132.0940807861289, 125.45894990335418, 116.99420243356028, 113.20419308744742, 104.92030673078251, 97.55847377322992], [14.524680214599428, 19.025719867194226, 28.323793422732276, 38.77013224976573, 31.70505628974669, 25.501316973089956, 21.129688500963873, 38.90363038732582, 43.91429016584565, 52.53212229210607, 61.85141151388732, 70.31262991972666, 62.31481001077175, 55.087802854318106, 46.29922781256708, 5.698700131753293, 11.823685725749733, 18.213792766883046, 29.51597506024619, 41.434775187306144, 38.673969177449756, 27.833479758437306, 16.981772703178546, 7.973721788854437, 0.0, 38.60277427598996, 46.33933520804984, 53.6495881255988, 64.06915614148922, 71.58034521327299, 71.22373038508599, 62.68748561297887, 53.954778186307486, 45.4038004523532, 38.18185007814581, 12.588459073409023, 23.731740330190494, 35.687479416464825, 44.835422158248456, 51.676464230621406, 57.00672756666372, 59.262082510679804, 59.6265067659924, 56.83437861560383, 44.93686150258661, 32.327647342162614, 26.896714571887827, 74.72141960209399, 67.52715723974042, 65.43277096549652, 68.25719011858351, 71.08192260231884, 76.07314429193175, 85.22688300555805, 91.31808821644263, 90.2592627668061, 89.19028055103693, 86.66087724309514, 82.62818312579387, 75.59172459030964, 69.28105701010408, 72.8743320904655, 75.5740498004544, 84.07727148690043, 82.79584055870264, 80.10451170170448, 78.60882562830885, 63.00574309730801, 74.09761347936742, 84.19631118415772, 92.08322493496635, 103.8930300292354, 118.64209640884474, 125.63620069152712, 122.64435305761323, 136.20406144267236, 127.1979505867079, 120.15968782158058, 111.56015475033722, 107.56792025807839, 99.16686046183641, 91.99430488043565], [49.16128421063201, 55.809103916062845, 65.16414182882819, 74.05937904805754, 66.81146507182766, 59.347672341122, 51.72902195816241, 22.969011068635695, 18.077486315353692, 20.51805561003993, 30.084769475623077, 40.30888642069206, 33.36071295236401, 28.427417258923647, 25.00945179630865, 38.07886367024086, 45.59711707241051, 53.33540928649065, 65.17527278559281, 76.64784074151842, 74.70806167480723, 64.80967415881356, 54.41580020518434, 45.86560023474504, 38.60277427598996, 0.0, 8.38216473622274, 16.00306893674885, 27.985787990092433, 36.51121548810346, 36.390173340906316, 25.988046876685228, 16.35383958978142, 9.205402012976565, 4.508981178236497, 31.85250456669651, 38.845586065697226, 48.61254630902254, 61.40484748070857, 64.42737618871689, 64.25063197865862, 60.06590294693162, 56.78435910478288, 49.857274686971834, 42.1703541524945, 28.429660388890017, 17.543740872817605, 9