{
	"dissimilarities": [[0.0, 8.404021553082432, 15.947241924964649, 25.431881072789054, 18.646401584654615, 12.610656841917356, 7.403512678349043, 42.0676323701878, 49.04407155715967, 59.46320756070391, 66.67963135342606, 73.5838510590759, 67.33301371886122, 60.37664989263065, 50.77558619534512, 21.680629746876566, 22.265209075366933, 23.56676492328928, 29.925981911845266, 38.326216398113374, 34.500848477556936, 26.217604468117162, 18.265496948440383, 14.253740461486379, 14.720593398612227, 49.50036983825532, 56.796710597166246, 64.61572568002592, 72.86811547005652, 78.55377710130892, 77.65238872805881, 70.7627768193647, 62.71867233472059, 54.25536034855712, 48.75122366680214, 17.9279874134504, 26.830895475964677, 36.58177472965217, 38.20291492624119, 46.05090449773429, 53.50096543831748, 58.228877604812105, 58.50022611193814, 56.291773292755565, 49.147980341961365, 37.65098511454713, 33.832010009228604, 66.1420461039757, 59.80727286453226, 59.43358959692498, 64.78209445507788, 66.36793389049086, 72.71478943860897, 81.40403218676691, 85.88796820578291, 86.76061369358519, 84.63565030530145, 81.08577117606384, 74.76399977483787, 66.26770177378003, 62.99835879024168, 66.76745454284256, 69.92502136441205, 78.98643157049617, 79.13236394745645, 75.76035993611649, 73.07137313786424, 58.8393933472934, 67.15817994428046, 76.25042888055798, 84.25081596659071, 95.23703572512092, 106.65738590494935, 111.67396433394929, 114.19205329609103, 128.35477629087845, 122.5226421217213, 116.69989989526769, 109.3685432736415, 106.78694888897033, 101.03681189737354, 94.95671106531977], [8.404021553082432, 0.0, 8.025218736324513, 19.05535473296821, 13.332537073032798, 10.514728783750297, 11.880156246052533, 50.43628312059228, 57.36959736899863, 67.74340010099195, 75.02613118674886, 81.97919008798542, 75.7213238846029, 68.72183824979065, 59.132762887898636, 24.607354491238983, 22.467047887486025, 20.611494593643858, 24.2762478677759, 32.0561658781159, 27.818763524237237, 19.80567418113246, 14.11415222555804, 14.529918274144215, 18.687263437865106, 56.74909681604742, 64.11733796015875, 72.09414646668247, 80.46097594250408, 86.47727248832926, 85.70788933192385, 78.64561713167238, 70.49640132128467, 62.02066531867669, 56.34282035249047, 25.064109177747735, 32.65006931492211, 40.90697528642462, 41.49081379187759, 49.62449943705868, 57.645653087079566, 63.38073071023774, 64.59191819293832, 63.05842581462149, 55.25711494016563, 44.92212895852015, 41.506236999795355, 67.7025856800353, 62.06899687139203, 62.84289080005545, 69.06521810010555, 71.48732934505489, 78.37848693936431, 87.44041578671757, 91.1501326096533, 91.15889644772112, 88.27957648266971, 83.8602310517223, 76.93454813237867, 68.33376930881506, 66.32658664351824, 70.98908936877115, 74.88876389993001, 84.78135443819713, 83.83333952434414, 79.69068609809084, 76.14103411687184, 53.8447550299467, 63.300849778048516, 73.90384873044485, 82.79786644878321, 94.2449350229375, 106.69121372115401, 112.85582037619557, 117.5302523610639, 133.23799369103037, 128.7811996986509, 123.49499488199007, 116.60607637045777, 114.43584854817222, 108.99562881036888, 102.81210954309712], [15.947241924964649, 8.025218736324513, 0.0, 11.878770295349764, 9.499169732701379, 12.291129501080242, 17.451832950163517, 57.86674735625098, 64.93275474580332, 75.36124658803735, 82.49270009245477, 89.13967399618086, 83.03091214508768, 76.08912449918313, 66.50332628428505, 31.489687508786957, 27.879792327647245, 23.440044829677053, 22.529860230490996, 26.99307145353066, 22.476607730663762, 17.36937726407815, 16.759902633580513, 20.746679150114943, 26.195087430486847, 64.64251746673057, 71.93483635922398, 79.79674115904997, 87.94776721688652, 93.80633997453752, 93.06153681773888, 86.24822112006912, 78.25471386376675, 69.86675784570332, 64.25258103645561, 33.03388220764012, 39.591099123552816, 46.40275092920348, 44.87886620470279, 53.17101214248785, 61.99718462306776, 68.5985223005565, 70.16212991729493, 69.17242790535707, 61.89714173655893, 52.430278369272465, 49.47811412919911, 68.13639681998531, 63.77440849020386, 66.03333448453974, 72.97849185951678, 76.0776186973091, 83.08232011756985, 91.88989068547242, 94.94708474472658, 94.33635577144439, 90.79461879623811, 85.54200278337643, 77.90309794805772, 69.22576790565698, 69.07400024959986, 74.65921343783798, 79.11472264575103, 89.0489375783388, 87.33715840833294, 82.56047595402732, 78.15578265783023, 48.048966494621645, 57.29791153591219, 68.9574087209046, 78.68897984510743, 90.67139410161187, 104.05564267963354, 111.52539446918874, 119.03745175374266, 135.41584277856018, 132.35017267380843, 127.66894458758891, 121.24066176256983, 119.61516220897789, 114.84066257515993, 109.16664128325012], [25.431881072789054, 19.05535473296821, 11.878770295349764, 0.0, 11.049404258388682, 18.256663310470753, 24.61159201022089, 65.42383844179345, 72.7988735634585, 83.32582606587182, 89.94698338411847, 95.70164835122497, 89.97934946015928, 83.27018722921329, 73.7907768138008, 43.02122397997808, 39.21786882365637, 33.722475331455634, 28.691799723644383, 25.91720025753168, 22.013806150188703, 23.81859346813533, 27.377383239796224, 32.224202274999605, 37.52732644986303, 74.59068694478344, 81.63855914923961, 89.04277070006577, 96.53026078211401, 101.5244466548063, 100.64741883182775, 94.70508028656698, 87.23655268931576, 79.08456791630935, 73.8327131040909, 43.117916878553416, 48.532429917145706, 53.66999346945056, 48.33819555267058, 56.618024238411905, 66.70046407454798, 74.16157228585955, 75.4222865115961, 74.99369316063377, 69.83622598491247, 61.238071878469164, 59.07565049536695, 66.12589604659654, 64.1977418540156, 68.73597743374306, 76.3306823736798, 80.04431214010755, 86.58389747049128, 94.18152766280029, 96.54277242355788, 95.49543709020418, 91.27628296380885, 85.06929197324358, 76.40885609033847, 67.70045053753385, 70.71156048095456, 77.45319308023569, 82.32748812853401, 91.19910321652883, 88.96738332143467, 83.60889376543916, 78.16812424172055, 40.70511529249981, 46.15938725153361, 57.98832572662906, 68.64613097735308, 81.44656054551085, 95.8491167187493, 105.14848592007611, 117.1675956130518, 133.0870952052195, 131.8629533362365, 128.10122274520575, 122.38268734623593, 121.72692083410378, 118.44514314307936, 114.420034058299], [18.646401584654615, 13.332537073032798, 9.499169732701379, 11.049404258388682, 0.0, 8.04524596455876, 16.04615356794696, 57.84986804362545, 65.53501285853847, 76.15327037553793, 82.95962626475722, 88.97739704509411, 82.53769920777748, 75.4406003652179, 66.04806472724373, 37.59369107607904, 35.44666105021651, 32.32929269986611, 31.895142513014576, 34.18673741557925, 29.784716783522217, 26.677149135123656, 25.607802824840338, 27.717152328134, 31.40996448650351, 67.84278721422868, 75.21323163582383, 82.98971611483746, 91.05117440894645, 96.07914417195413, 94.93275288782729, 88.63397219736709, 80.77372750278269, 72.27492080504905, 66.87320785329499, 34.85942481871682, 38.26385198512678, 42.689764064194506, 38.0716198978474, 46.377965968667255, 56.06998637541767, 63.483657428432565, 65.21900719829179, 65.03058731904378, 59.223631903681465, 51.63034056512421, 50.94094480784183, 59.02718125165348, 55.393712306082236, 58.7939645831278, 66.23772271329162, 69.91103818107042, 76.90313520581053, 85.50937993715165, 87.81733398279417, 86.65591087333797, 82.6659343309476, 76.94851373454894, 68.97266360660541, 60.28878458005015, 61.321674549374315, 67.61639566121774, 72.49637315015347, 82.45983788491668, 79.95567400472342, 74.7142222144919, 69.76940166678922, 51.45371364517205, 55.22963507427201, 63.08230360444733, 71.3230966730495, 82.40623021944067, 95.4132712497298, 102.45132479576348, 110.28621559568953, 127.80924416663808, 126.20217067267549, 122.31627821599957, 116.9844711267785, 116.62739568369084, 113.84104687470871, 110.39823738292661], [12.610656841917356, 10.514728783750297, 12.291129501080242, 18.256663310470753, 8.04524596455876, 0.0, 8.620770216563363, 50.24177264664588, 57.968921404533454, 68.58046534846935, 75.47993482680508, 81.69694012938217, 75.00495997016587, 67.78539484240999, 58.410238702406424, 32.419147437172064, 31.863306237990138, 30.923199444317028, 33.77937055551984, 38.852536795915775, 34.49004204166616, 28.866649025412524, 24.452522592490407, 23.810894063266353, 25.732298216866152, 60.555148877971035, 67.99143773225444, 75.84578135092488, 84.0954607610516, 89.12028919824061, 87.8709902096044, 81.41964379955769, 73.43689123982561, 64.84157690959057, 59.438668439572275, 27.289187492577515, 30.434668007165268, 35.75680113872796, 32.77171299484302, 41.100668557583305, 50.185994471626856, 56.90332818478517, 58.3446442684456, 57.75235412991453, 51.60847440196608, 43.5911681209056, 43.16121882799495, 57.304751570396604, 52.19295104662335, 54.05045913098231, 60.84720984872039, 63.91619045238354, 70.87154322625084, 79.83123438787487, 82.72915111427967, 82.13775496458166, 78.79126203394223, 73.91876251737172, 66.69118015334043, 58.05521468702743, 57.05381436538052, 62.471462646625675, 66.86019813862279, 76.91991914381435, 75.08226127056484, 70.43282570687799, 66.34843948105679, 57.298341927358116, 61.34602588223845, 67.9454356311468, 75.127449108045, 85.48740978627895, 97.38729265172492, 102.9066919667117, 107.5871600533982, 124.64903681093423, 121.7643194173, 117.3480114605235, 111.70090557758093, 110.98355614461366, 107.8394434184942, 104.2557503027714], [7.403512678349043, 11.880156246052533, 17.451832950163517, 24.61159201022089, 16.04615356794696, 8.620770216563363, 0.0, 41.86683153829526, 49.512965975669054, 60.12736155104087, 67.00711858777652, 73.28868782971577, 66.74168701668474, 59.62784525348299, 50.166730440237714, 28.094168602207223, 29.289582443438164, 30.444869077326658, 35.65300006392097, 42.19011754883184, 38.19459989492684, 31.39743508899836, 24.688310094218476, 21.27750620472326, 20.955595689615244, 52.65518322128915, 59.93677578920606, 67.58605170696565, 75.66304286018904, 80.52668078170595, 79.2599321698144, 72.9135846748841, 65.06471138521599, 56.56443849979249, 51.33309522834361, 20.198674769760792, 25.228614885972895, 32.90496816121056, 31.83092446720159, 39.886277677758734, 48.179990947072504, 53.57609661778389, 53.86031377305745, 52.28075801967942, 46.57328899679435, 36.73986498249422, 35.3719912844492, 58.820451843615324, 52.856794307494766, 53.19348944477507, 58.895188432553425, 60.875244557399526, 67.2007231152623, 75.72515492270173, 79.71404608956912, 80.25935841438991, 77.85825157121475, 74.04208525614493, 67.51162035298843, 58.970065113904184, 56.3841605997458, 60.65087206091775, 64.09717123040741, 73.13447294108374, 72.77108138107207, 69.09677207627259, 66.08186343607076, 60.61418804053016, 65.3471951409012, 71.77989182606272, 78.63055533063037, 88.9088555659877, 99.91009052741349, 104.48723299211139, 107.06641367745831, 121.9611179165873, 117.18179708822362, 111.9609909045, 105.48636902374571, 103.96108508768027, 99.92565755363158, 95.8419220824329], [42.0676323701878, 50.43628312059228, 57.86674735625098, 65.42383844179345, 57.84986804362545, 50.24177264664588, 41.86683153829526, 0.0, 8.416134974579423, 18.811339567709737, 25.384408328061717, 32.38346948961342, 25.35731992472099, 18.494952731143652, 8.915421468849862, 42.55628622505909, 49.869553121841236, 57.28807161697853, 67.6245081683232, 77.03747409517683, 74.18971206132724, 65.62366455752561, 55.66918486036199, 47.23348020628729, 40.01862039688921, 24.637567017496714, 28.631458802204158, 33.38884122537312, 39.978253827537905, 42.40614684690497, 40.15532149588885, 34.858819604415494, 28.444750944569492, 21.675661907573755, 20.291189097511534, 28.70481910698134, 30.928374737402724, 39.766724486123685, 46.57021204394201, 48.96524235777641, 49.69634511366348, 46.339601794161204, 40.36275336096228, 33.31759449508092, 33.27786084345179, 19.586111585378116, 16.36552432573775, 73.72881015820332, 64.9456383645654, 58.28500491033105, 57.11174077422475, 53.03807012689185, 54.684888929781785, 60.1443034147504, 69.10400924920008, 75.00595167610693, 77.6093934334962, 79.48501080164702, 77.63394655171307, 71.43933052903881, 61.687317703818294, 59.18299474232723, 57.05488618193139, 59.77037348706948, 66.72798662129436, 68.56523966357618, 71.34179438513277, 93.58122270792573, 97.97843216335988, 100.7697097494291, 104.2643951307523, 111.98022298267128, 117.80854448449983, 116.55001706449802, 106.3730826110694, 111.94296311722643, 97.94330511495338, 88.81268335356592, 78.96784087003184, 73.49070184088326, 65.48101079766515, 60.26642167983783], [49.04407155715967, 57.36959736899863, 64.93275474580332, 72.7988735634585, 65.53501285853847, 57.968921404533454, 49.512965975669054, 8.416134974579423, 0.0, 10.642714404178145, 17.844329949294423, 26.09350707854665, 19.677136726447856, 14.068437886670326, 7.409451136011763, 46.869651613018675, 54.35727944225109, 62.195225222314896, 72.91372584999051, 82.77190937572873, 80.16108145774527, 71.36797047983771, 61.294093538143684, 52.733138883883875, 45.38422323834765, 20.905277278294324, 22.805653110241, 26.087999298440554, 32.101198319656696, 34.36984925476635, 32.10361263483214, 26.607870058487826, 20.68382459463172, 15.281434643554217, 16.2353996467646, 34.982087122998045, 37.86159321262986, 46.71951837223122, 54.55024579383523, 56.47851078264417, 56.20661164635023, 51.72943568527292, 45.3596539574188, 37.82513492375853, 37.88610300675208, 25.067921950466257, 20.379920744642284, 81.37950482506581, 72.43458762950038, 65.1202807946745, 63.12644684256951, 58.31986492327916, 59.183151737626716, 63.88328300329307, 73.50373733223208, 80.14238100375661, 83.44759532889478, 86.04809230361926, 84.78188561417365, 78.9242698932396, 68.56419509737493, 65.23972332163144, 62.37972451666254, 63.993054567377214, 71.98493646513012, 74.59410537141925, 78.05937213594312, 99.34552634048778, 104.79710497529774, 108.16237675239219, 111.7783271660658, 119.52343537823448, 124.95867387625819, 123.273594318736, 111.6832159733818, 115.30631422369169, 99.38798834466759, 89.34855478620929, 78.46932535808327, 71.4710756937287, 61.2578546513953, 54.057470134498615], [59.46320756070391, 67.74340010099195, 75.36124658803735, 83.32582606587182, 76.15327037553793, 68.58046534846935, 60.12736155104087, 18.811339567709737, 10.642714404178145, 0.0, 8.32693879005118, 18.305965299871765, 13.139241480810606, 11.515023816955397, 13.30383626489792, 55.60854127089213, 63.19102601342951, 71.32527699009874, 82.30626232649117, 92.42129988632053, 89.98038370716476, 81.06920612561557, 70.92968540066107, 62.30696883902911, 54.887397186833056, 23.226670964473016, 21.5186127678411, 21.23472063066397, 25.145618193925138, 25.867850490061404, 23.141679873147908, 18.38231673967359, 15.012301280078848, 14.56134860878751, 19.13950957764856, 44.93901726263638, 47.30095936664542, 55.359062588773135, 63.778635263271454, 64.89134550046762, 63.359549415256176, 57.52333597692236, 50.582217989394515, 42.75096468193996, 43.87922147894826, 33.30854463121265, 29.288864330664616, 89.57481811513343, 80.48120669907128, 72.36634206847745, 69.23204890131214, 63.506557839018136, 63.21060322735711, 66.77826236168943, 77.0750645809261, 84.62199030173595, 88.86981423502228, 92.49464473051654, 92.12295058500558, 86.848923425679, 75.71511681482716, 71.30416539268047, 67.46746466124033, 67.5062122211077, 76.73503787394041, 80.38308444661443, 84.80104703700937, 108.74554926741527, 114.46252680795436, 117.58925953279059, 120.81974571040962, 128.16777779377674, 132.74696731416054, 130.09865086666204, 116.14579063232824, 117.43333860217288, 99.29189010591435, 88.28811987708055, 76.52905322378513, 68.0355561786778, 55.86157070614919, 47.31766419089738], [66.67963135342606, 75.02613118674886, 82.49270009245477, 89.94698338411847, 82.95962626475722, 75.47993482680508, 67.00711858777652, 25.384408328061717, 17.844329949294423, 8.32693879005118, 0.0, 10.389134046453444, 8.403089279145915, 12.441310281010155, 18.366165886316338, 63.69159263942604, 71.162190874467, 79.10952154812391, 89.73793404957114, 99.26763442207756, 96.94688903787647, 88.49127426981386, 78.59613238800024, 70.11075603697068, 62.80867490925617, 30.809151048258776, 27.74338116262401, 24.875616242884455, 25.281041504639713, 22.257614637295816, 18.629337370188665, 18.0222977761253, 19.06568786754168, 21.71422330909565, 27.02591983988604, 52.75822962568327, 54.64668841630393, 61.87677673415145, 69.27730146188229, 69.86283590663147, 68.03062070791141, 61.59014757324575, 53.74741938128424, 45.875473556727776, 49.47937206846082, 40.43583388651024, 37.41083913600999, 93.1197216103897, 84.52319930356849, 76.40875395276599, 72.55243605835841, 66.23718040517744, 64.6190088458298, 66.37174619816591, 77.2262129700656, 85.65516158118491, 90.59185470718414, 94.89237630372106, 94.99435625826378, 90.1727288018998, 79.25989332212728, 74.33422217335153, 69.75943716048238, 67.60805623731231, 78.04338540921937, 82.49071645646478, 87.48011124923367, 114.37340774076475, 119.04626488095411, 121.2203888229006, 123.85762481207266, 130.77701944650448, 134.47038422054072, 131.14579459280887, 116.22595951600064, 114.7072204422727, 94.93848969342777, 83.2937422424585, 70.8578520895415, 61.45007039878572, 48.55970875220841, 40.97458172537015], [73.5838510590759, 81.97919008798542, 89.13967399618086, 95.70164835122497, 88.97739704509411, 81.69694012938217, 73.28868782971577, 32.38346948961342, 26.09350707854665, 18.305965299871765, 10.389134046453444, 0.0, 9.717539214827744, 17.34887038435532, 24.720826850407775, 72.58279056792571, 79.85643946675413, 87.39460954333013, 97.35761422830979, 105.8340353852946, 103.61469587308345, 95.94093869634027, 86.46967175431139, 78.23895136410428, 71.15591638867963, 41.0029135215785, 37.72366829560637, 33.7639118322895, 31.440994628229273, 24.486042565818817, 20.296420388338184, 24.825526369082873, 28.498076293429357, 31.893937251992124, 37.16125135897359, 60.80868043183636, 62.099747146076595, 68.30737218100337, 73.81905363575584, 73.89518438498787, 72.15111204635645, 65.43406895675129, 56.517938688632405, 48.85550678993922, 55.70829418307907, 48.11730012769686, 46.29338521526601, 94.70668309569335, 87.06648901515912, 79.39187488535521, 74.92754214712119, 68.15222271408976, 64.92010464759569, 64.09901660595325, 75.47212841101405, 84.88523284223739, 90.4773368269092, 95.3782322451773, 95.84150052737735, 91.53937762517087, 81.44453488223392, 76.23236221999132, 70.9550943263838, 65.88388637526849, 77.66287339445263, 82.90513237721811, 88.34824905854903, 119.06993076675468, 121.78185613598845, 122.36990021578345, 124.12544612300101, 130.4374805630527, 133.00817239528675, 128.98974805189133, 113.66006631601702, 108.50832503482054, 87.12039324063161, 74.87800568249216, 61.71504859799672, 51.53549845410487, 38.79184875237283, 34.98852114330438], [67.33301371886122, 75.7213238846029, 83.03091214508768, 89.97934946015928, 82.53769920777748, 75.00495997016587, 66.74168701668474, 25.35731992472099, 19.677136726447856, 13.139241480810606, 8.403089279145915, 9.717539214827744, 0.0, 8.040120576225336, 16.81747231688939, 66.44486292604199, 74.00515355380047, 81.80998956039917, 92.26989438202882, 101.36501387590617, 98.80644611286273, 90.56885626084485, 80.67603503767522, 72.17345827077335, 64.81809393240086, 36.15454061127092, 34.374575210487855, 32.70723567721815, 33.6556736995907, 29.830636859249385, 25.888649914265997, 26.334013128048714, 26.642289284612367, 27.629337946663725, 31.942977831497096, 53.67962339867948, 53.571655191495246, 59.17611365857455, 65.4564523966517, 65.27564597807955, 63.03107863888214, 56.17280734451125, 47.635136454181506, 39.87016070459283, 46.04435983469448, 39.19823067225156, 38.904157309149134, 87.44875558760043, 79.02570569578225, 70.78071486651015, 66.34185136393909, 59.661807287466736, 57.25394609644099, 58.314918170951046, 69.29706400968725, 78.03445539782233, 83.31733510191704, 88.06569268015278, 88.65659496946348, 84.30497363653078, 73.25532625262217, 67.90187135171995, 62.86136503961607, 59.71920740066176, 70.58810599379817, 75.47557643554644, 80.89170470480704, 115.99432148995862, 118.56199951501179, 118.7412795970163, 120.21066739423132, 126.16900896157851, 128.99715719149242, 124.68094305672429, 108.35182737458791, 107.00636634244479, 87.58679982513797, 76.26035873683445, 64.72920471977534, 56.73649225736366, 47.11227482672587, 44.40654561392476], [60.37664989263065, 68.72183824979065, 76.08912449918313, 83.27018722921329, 75.4406003652179, 67.78539484240999, 59.62784525348299, 18.494952731143652, 14.068437886670326, 11.515023816955397, 12.441310281010155, 17.34887038435532, 8.040120576225336, 0.0, 9.628080900527735, 59.84166161228421, 67.49219972474434, 75.34351825582128, 85.99015939955963, 95.38447153590374, 92.6133107926618, 84.08693722398955, 74.00833291588035, 65.40921880776473, 57.960720689849424, 32.0564610053162, 32.001159105397605, 32.60072599624987, 36.026247435853726, 34.558154866616675, 31.03475635259057, 28.86588773396976, 26.332408435384124, 24.63329715958978, 27.56626828074908, 46.36551205003647, 45.595790180980096, 51.1983111554521, 57.957273654618724, 57.970290661487184, 55.86913478973035, 49.4063242455787, 41.35584501615419, 33.48314317473218, 38.50827557388326, 31.225150380261056, 31.799774657778375, 81.30307777128498, 72.39900369481732, 64.05851225648829, 60.115754833137466, 53.86068957129785, 52.574816225423795, 55.43263951153255, 65.88554958927234, 73.80768091954235, 78.48936294197266, 82.69659344350433, 82.96282263676235, 78.29228113910021, 66.90634334033537, 61.90116304274437, 57.434087675101, 56.31529288569104, 66.07009207561453, 70.27757256102818, 75.26953104926876, 110.90545010981242, 113.57415721106977, 113.86892598094298, 115.4681041247431, 121.49778785521767, 124.90677405309845, 120.9234454703308, 105.1286964359882, 106.82829154131052, 89.33737934228338, 78.86307819936336, 68.4022281598103, 61.854478797591156, 53.78883296346966, 51.06588891653171], [50.77558619534512, 59.132762887898636, 66.50332628428505, 73.7907768138008, 66.04806472724373, 58.410238702406424, 50.166730440237714, 8.915421468849862, 7.409451136011763, 13.30383626489792, 18.366165886316338, 24.720826850407775, 16.81747231688939, 9.628080900527735, 0.0, 50.948490839867596, 58.445629095537534, 66.06789186729482, 76.52655833286161, 85.85747537267267, 83.03503306154134, 74.53689569851267, 64.53824386508859, 56.02875678227266, 48.694461795321445, 27.499832447460133, 29.51156657010961, 32.3585306419144, 37.61105905950145, 38.226619282155426, 35.33398338004876, 31.360683331786266, 26.508872335696854, 21.88012893262014, 22.81830051093083, 37.11647172006243, 37.41478702635837, 44.39313573252712, 51.08643339880428, 52.195444510456525, 51.47787620603993, 46.48814980494196, 39.26339672217111, 31.57549507024802, 34.42533636845696, 24.04343714737188, 23.43566375490148, 76.32104251880237, 67.44981368259177, 59.897091184360846, 57.300152328115054, 52.08327142104664, 52.29294467894549, 56.556562996920114, 66.31048103201677, 73.2340534159792, 76.86297083602409, 79.89840894058506, 79.0917840009168, 73.6400666714171, 63.01281769768012, 59.230639256387725, 55.91042443707583, 56.76043428758469, 65.14337244393553, 68.15877344416764, 72.05799012298544, 101.7847064914343, 105.09385685352997, 106.4458901137636, 108.90081237394868, 115.72566569345894, 120.31303252261412, 117.6635799645379, 104.71512364862015, 108.49361101639768, 92.89632688386949, 83.1637469366628, 73.07161846955758, 67.21506851613132, 59.36620276220996, 55.498403703225314], [21.680629746876566, 24.607354491238983, 31.489687508786957, 43.02122397997808, 37.59369107607904, 32.419147437172064, 28.094168602207223, 42.55628622505909, 46.869651613018675, 55.60854127089213, 63.69159263942604, 72.58279056792571, 66.44486292604199, 59.84166161228421, 50.948490839867596, 0.0, 8.214296556915693, 17.53252045845346, 30.9442474412457, 45.54040415122911, 42.5050781871447, 30.268416737293183, 19.08851184012756, 11.001528445496882, 7.16929092743913, 38.15809792226012, 45.485945453637406, 54.14002337833966, 63.64179849543814, 71.9890177148188, 71.9184451606325, 62.89303776773122, 53.945809828501496, 45.69570963913406, 39.42417269442742, 17.76090005939139, 30.168342474540705, 42.67582133996234, 52.00699003485615, 58.46489674069223, 62.47336807651632, 64.80539348293482, 65.63614748594475, 62.17615909537478, 50.472879380907685, 37.100635533361, 28.721934869741727, 83.5910543311784, 74.88465857265268, 71.32121395904518, 75.13487408456793, 75.47281192344064, 82.14707097307549, 92.26647184173171, 97.7860054270984, 99.31050484603628, 98.23802396166465, 96.05983848098259, 91.27253705453931, 83.31321195432638, 76.27603103363862, 77.94048528573562, 80.14357334667665, 90.30047294673363, 91.39166136525681, 89.08048402403058, 87.92734036481068, 70.41056151429282, 85.21819846276979, 97.26434959300269, 105.88011646709539, 116.85785891766929, 127.96644222564807, 131.89781899179656, 129.91056732296593, 144.01541491648325, 135.2648392996423, 127.88095949176912, 118.99693501984375, 114.0603724845355, 104.39383278670348, 93.44691270882646], [22.265209075366933, 22.467047887486025, 27.879792327647245, 39.21786882365637, 35.44666105021651, 31.863306237990138, 29.289582443438164, 49.869553121841236, 54.35727944225109, 63.19102601342951, 71.162190874467, 79.85643946675413, 74.00515355380047, 67.49219972474434, 58.445629095537534, 8.214296556915693, 0.0, 9.567252968031736, 23.262348866304325, 38.573226347896934, 35.67733393363112, 23.125844027936388, 12.727624882162777, 8.205139661670119, 11.293591608537115, 45.648911609748254, 52.68790812716954, 61.073779442010725, 70.21070158721413, 78.62863374276218, 78.74359205800091, 69.9088442015015, 61.20902200282632, 53.20880672293755, 47.06634086474076, 24.33534755542123, 36.28906901429936, 47.974323740715555, 55.82121710291582, 62.81376214348275, 67.71512132968627, 70.95182595990991, 72.16975619101726, 69.10714494200202, 57.5621309167764, 44.7227120799551, 36.69950237145254, 86.26246817943677, 78.3194701400616, 75.8685372519327, 80.43700056466955, 81.38972490222447, 88.32488234180397, 98.3852351671322, 103.49351337157356, 104.54300478400278, 102.90466668459875, 99.99912366141689, 94.5467679171643, 86.35289613727362, 80.62755040023822, 83.12149390086263, 85.86767951524044, 96.24880361462709, 96.75688476876192, 93.87208271809298, 91.98570705522451, 64.46439476352475, 81.19219721943692, 95.11990767791497, 104.80249460467495, 116.49753264504179, 128.55199859650915, 133.73245511770418, 134.17258025202113, 148.74093687776858, 140.85126138262336, 133.78189774582268, 124.96751163222291, 120.16282006392623, 110.49318491601845, 99.26887944086276], [23.56676492328928, 20.611494593643858, 23.440044829677053, 33.722475331455634, 32.32929269986611, 30.923199444317028, 30.444869077326658, 57.28807161697853, 62.195225222314896, 71.32527699009874, 79.10952154812391, 87.39460954333013, 81.80998956039917, 75.34351825582128, 66.06789186729482, 17.53252045845346, 9.567252968031736, 0.0, 13.799889837534717, 29.567741436444383, 26.75831824096227, 14.117164134268219, 6.747853413861107, 11.12847398999989, 18.24345006235575, 54.5553678875548, 61.40316390743033, 69.47446966587057, 78.12616125258025, 86.25049011348558, 86.43003363386416, 78.04388839712686, 69.66360439952612, 61.8135349673766, 55.83538237271046, 31.41768868388332, 42.79416592003338, 53.491413003840385, 59.083322949431555, 66.62681470178205, 72.69255814901356, 76.9691665635387, 78.40790020306028, 75.804196501111, 64.97115318566797, 52.632440466058554, 45.1738774517682, 87.58182928922173, 80.78631056589758, 79.80697494337265, 85.21331478834132, 86.84786287726033, 93.92190055331383, 103.67056862231634, 108.28589298229598, 108.83783932270272, 106.55021498472229, 102.79102195415969, 96.51841108111387, 88.08667056876797, 84.16687653928301, 87.6672662395654, 90.9939520446466, 101.34079050074459, 101.23812096935315, 97.71410933044731, 94.95367639714517, 56.30609609949861, 74.62011779001419, 90.41457661600482, 101.22162239366061, 113.69009790340685, 126.75988149697659, 133.4211816643114, 136.99050437951738, 151.84952920655556, 145.141509511541, 138.56331829942653, 129.97879227057462, 125.55629587817981, 116.32908799343453, 105.43156321343193], [29.925981911845266, 24.2762478677759, 22.529860230490996, 28.691799723644383, 31.895142513014576, 33.77937055551984, 35.65300006392097, 67.6245081683232, 72.91372584999051, 82.30626232649117, 89.73793404957114, 97.35761422830979, 92.26989438202882, 85.99015939955963, 76.52655833286161, 30.9442474412457, 23.262348866304325, 13.799889837534717, 0.0, 16.37518018718353, 14.153899862143938, 5.286675187799132, 13.7057876601612, 22.44812933806588, 30.263638332562362, 66.83047554506373, 73.3698554773808, 80.92428004250242, 88.79681356292325, 96.35199775231148, 96.60117131693238, 88.96941068353546, 81.12788739389293, 73.55315506426608, 67.87388664635486, 42.60993283398432, 53.43800107600534, 63.02496541925657, 65.50207049278853, 73.55812496520885, 81.05547123955573, 86.4255187933666, 87.80285533851138, 85.63800822077931, 76.17472716167858, 64.1905747987969, 57.15526990633085, 90.61797012595082, 85.66889307250844, 86.68476847173726, 92.97917087185424, 95.31741271000833, 102.27843142414113, 111.22885338559654, 115.32439209541266, 115.42825435364577, 112.41016528953728, 107.62526110556027, 100.28254228776447, 91.62710507364282, 90.33936759937353, 95.04925830060877, 98.9431229822981, 108.72451585342941, 108.10374825456687, 103.90289538939973, 100.0796903553215, 43.96991327590941, 64.84515906359866, 83.59723930379752, 96.11584718205681, 109.76399211100629, 124.17031381734799, 133.01681137587005, 141.22527853907243, 155.7064956670313, 150.44387750066878, 144.49710459800764, 136.14078191413685, 132.1650716378692, 123.52566370590758, 113.1878995508733], [38.326216398113374, 32.0561658781159, 26.99307145353066, 25.91720025753168, 34.18673741557925, 38.852536795915775, 42.19011754883184, 77.03747409517683, 82.77190937572873, 92.42129988632053, 99.26763442207756, 105.8340353852946, 101.36501387590617, 95.38447153590374, 85.85747537267267, 45.54040415122911, 38.573226347896934, 29.567741436444383, 16.37518018718353, 0.0, 4.775752531005137, 16.571057682318862, 27.451780444474984, 35.914349309575385, 43.41497952982028, 79.39034081506105, 85.61379089686629, 92.50794385782972, 99.38110983494123, 105.82122132334278, 105.9820677439978, 99.52198752736473, 92.41477080097673, 85.14156903044625, 79.91264241611003, 54.15161209434078, 64.33961401828982, 72.81717965782606, 71.56446277105599, 79.9128793364546, 88.91190387860698, 95.19577714419823, 96.04543527063943, 94.26259329755217, 87.0830639226786, 75.39891355237478, 68.97763717100354, 91.96926784697366, 89.44943952731394, 92.69821566036588, 99.67178676067104, 102.54797124742593, 108.96355080689823, 116.46452824184892, 120.08737233771014, 119.96834249180259, 116.33625656189743, 110.61178572846964, 102.16564985475742, 93.41566103976756, 95.30446336583172, 101.18463169853088, 105.44107764713016, 113.85875441325801, 113.01033137716318, 108.30012988508241, 103.46363553232295, 27.965619235683842, 50.80388524433338, 72.66597512350864, 87.00908545132454, 101.96289642844913, 117.56729181342418, 128.8460523250438, 142.5500572184694, 155.58498795915838, 151.93334316657237, 146.79964845986166, 138.83332130615665, 135.5744927345769, 128.13131563508827, 119.28333050518387], [34.500848477556936, 27.818763524237237, 22.476607730663762, 22.013806150188703, 29.784716783522217, 34.49004204166616, 38.19459989492684, 74.18971206132724, 80.16108145774527, 89.98038370716476, 96.94688903787647, 103.61469587308345, 98.80644611286273, 92.6133107926618, 83.03503306154134, 42.5050781871447, 35.67733393363112, 26.75831824096227, 14.153899862143938, 4.775752531005137, 0.0, 13.047912555688331, 23.92939127214233, 32.47444616539513, 40.03039341124439, 77.03694743812102, 83.51023637632552, 90.66677967997201, 97.86942487758456, 104.331237136962, 104.35006509249688, 97.71637884586873, 90.36589816199965, 82.83928108163968, 77.46831318715192, 50.57458267374502, 60.22876329834763, 68.39113089386862, 67.1859776492917, 75.51832442183374, 84.4657012566275, 90.86989442598313, 91.97399161192489, 90.37604370688182, 82.97650508446112, 71.71419319174777, 65.82190628930574, 87.95283319253971, 85.14431143861259, 88.28176034651818, 95.32190778421264, 98.3139512821321, 104.92307919176683, 112.7655833087517, 116.2105576428812, 115.89630112778057, 112.2000081094955, 106.47287817723313, 98.12932508823953, 89.39598063813057, 90.99073978572187, 96.87919577606063, 101.24538642825236, 110.09134688233125, 108.96032934777497, 104.15822619618119, 99.32171126896628, 31.199717657507957, 51.50798481919859, 71.81241552393587, 85.48383275904366, 99.97091020874248, 115.33980812935084, 126.05985372792861, 138.81254583055266, 152.74771062742775, 149.3392515696613, 144.32374853636708, 136.66749203016178, 133.7209579411685, 126.73014960611579, 118.35061526840785], [26.217604468117162, 19.80567418113246, 17.36937726407815, 23.81859346813533, 26.677149135123656, 28.866649025412524, 31.39743508899836, 65.62366455752561, 71.36797047983771, 81.06920612561557, 88.49127426981386, 95.94093869634027, 90.56885626084485, 84.08693722398955, 74.53689569851267, 30.268416737293183, 23.125844027936388, 14.117164134268219, 5.286675187799132, 16.571057682318862, 13.047912555688331, 0.0, 11.507139301375648, 20.58203442973053, 28.48515435710561, 66.50323630961297, 73.30374559119646, 81.01924189110309, 89.04106287041608, 96.26078285714193, 96.27729540804422, 88.77013548593993, 80.81754832953885, 72.97628374872895, 67.23790067745271, 40.13548936357085, 50.140715649589396, 59.13528676102109, 60.831545605461095, 68.9460847627537, 76.7335335131099, 82.44513788151353, 83.9658068511923, 82.1041439489002, 72.97084980612078, 61.55808928226531, 55.41267754860295, 85.46581114376158, 80.670318626506, 82.00480370896439, 88.50552549456835, 91.0777526997143, 98.12082173893985, 107.11718763485688, 110.91692927486268, 110.77833572436909, 107.58018453407665, 102.62472761924718, 95.18679419564384, 86.53422399322191, 85.54505447133312, 90.49975754998759, 94.58053783017301, 104.51451539776548, 103.5491587801605, 99.15675554168023, 95.14508333088122, 43.781413217231865, 62.322344123198384, 79.78757841854434, 91.81252759726769, 105.13712566573142, 119.42214811243271, 128.06326101392565, 136.26964523714938, 151.37697624954947, 146.7400750379028, 141.12424833692373, 133.2460532125356, 129.8454564116322, 122.11958499860732, 112.85326800659467], [18.265496948440383, 14.11415222555804, 16.759902633580513, 27.377383239796224, 25.607802824840338, 24.452522592490407, 24.688310094218476, 55.66918486036199, 61.294093538143684, 70.92968540066107, 78.59613238800024, 86.46967175431139, 80.67603503767522, 74.00833291588035, 64.53824386508859, 19.08851184012756, 12.727624882162777, 6.747853413861107, 13.7057876601612, 27.451780444474984, 23.92939127214233, 11.507139301375648, 0.0, 9.183439527034137, 17.15001363942842, 55.88837827308703, 62.978237060489626, 71.0688229927021, 79.64307445402673, 87.10593108920034, 86.99135189609784, 79.02594452169103, 70.68676137212361, 62.56982557793435, 56.62646951934809, 29.28822109494636, 39.839401676767125, 49.85639336951558, 53.858297671339045, 61.64515013744274, 68.41657203630179, 73.27431147630323, 74.71024499550718, 72.47715866519447, 62.51468306090567, 50.721575807895356, 44.4210830691863, 81.44632203823622, 75.14194159950993, 74.86467215260727, 80.63803960679355, 82.60884188127642, 89.67829365247071, 99.21649839255832, 103.48807605889431, 103.79291175110153, 101.22803212012512, 97.14340252061923, 90.56388105776799, 82.05646005681538, 78.93448090606441, 82.91615831879488, 86.50501287025817, 96.75768540351373, 96.30129538124254, 92.49443488187842, 89.37278675864947, 53.484322321463786, 69.55785645987001, 84.24482692545133, 94.71237699338084, 107.01604553065351, 120.07899656612578, 126.8336252845096, 131.20731936849216, 146.4057056642603, 140.56309460397406, 134.44700309133927, 126.40616033026677, 122.71992872444883, 114.70057488980878, 105.28673250525428], [14.253740461486379, 14.529918274144215, 20.746679150114943, 32.224202274999605, 27.717152328134, 23.810894063266353, 21.27750620472326, 47.23348020628729, 52.733138883883875, 62.30696883902911, 70.11075603697068, 78.23895136410428, 72.17345827077335, 65.40921880776473, 56.02875678227266, 11.001528445496882, 8.205139661670119, 11.12847398999989, 22.44812933806588, 35.914349309575385, 32.47444616539513, 20.58203442973053, 9.183439527034137, 0.0, 7.9710899444798615, 47.245100657452824, 54.548461479349854, 62.864395236828294, 71.7816131797158, 79.27215414329909, 79.01800228375615, 70.81427844846262, 62.241421845316886, 53.92121176014619, 47.870863859983416, 20.55695342696651, 32.093228819532044, 43.291000981618986, 49.17279216673601, 56.544120477071274, 62.40119169154169, 66.33583484047782, 67.40731448671947, 64.72046851564006, 54.41928678964759, 41.977663925519415, 35.339417416287255, 78.78144827822223, 71.41470667935081, 69.7849448674774, 74.77765881374854, 76.08448208672388, 82.95767185491569, 92.67212804778406, 97.45851486900644, 98.30867016759025, 96.38207284666731, 93.12035377382779, 87.282450960931, 78.95748604846429, 74.17617811750051, 77.23886525935039, 80.25806573545033, 90.39171608645984, 90.59812934588632, 87.41763405350214, 85.12928278643294, 60.732124676593195, 74.93830361661824, 87.5487151303247, 96.82008917603798, 108.34912747376974, 120.3479405679371, 125.63987595581546, 127.09422159132419, 141.80798651242537, 134.84735144910528, 128.2892396066571, 120.05231202536046, 116.0919033268878, 107.85089560715348, 98.45129816653292], [14.720593398612227, 18.687263437865106, 26.195087430486847, 37.52732644986303, 31.40996448650351, 25.732298216866152, 20.955595689615244, 40.01862039688921, 45.38422323834765, 54.887397186833056, 62.80867490925617, 71.15591638867963, 64.81809393240086, 57.960720689849424, 48.694461795321445, 7.16929092743913, 11.293591608537115, 18.24345006235575, 30.263638332562362, 43.41497952982028, 40.03039341124439, 28.48515435710561, 17.15001363942842, 7.9710899444798615, 0.0, 39.991528292616394, 47.51036334103694, 56.02432002299767, 65.24799553643685, 72.69009797378375, 72.27725744317631, 63.88692828541667, 55.105267748127446, 46.57863195900782, 40.43779778133055, 13.298595672398273, 25.999355956838127, 38.33349474804827, 45.9687146435005, 52.789878521505706, 57.68117306501836, 60.64177428617455, 61.29274361123885, 58.14307830571296, 47.62026152010534, 34.47029712582394, 27.450261888401922, 77.00000963547006, 68.76169567094946, 65.88407063938301, 70.06729162927125, 70.70293859667244, 77.32007219417795, 87.12836936070309, 92.39547215947916, 93.77350084740348, 92.46104702233752, 89.98497391569911, 84.8620372002726, 76.77452660957908, 70.52003756395433, 72.6770495416068, 75.11134373961738, 85.03200245792863, 85.89222169661365, 83.33252335398507, 81.84307499938943, 67.24102678394719, 79.89964419646643, 90.74859828558316, 98.96586982160628, 109.77743517732432, 120.80193885477955, 124.8049677774905, 123.6822480080337, 137.8690482329795, 129.91008765827837, 122.96622260270198, 114.57659493523606, 110.38978693588392, 102.00702620094552, 92.7236527945776], [49.50036983825532, 56.74909681604742, 64.64251746673057, 74.59068694478344, 67.84278721422868, 60.555148877971035, 52.65518322128915, 24.637567017496714, 20.905277278294324, 23.226670964473016, 30.809151048258776, 41.0029135215785, 36.15454061127092, 32.0564610053162, 27.499832447460133, 38.15809792226012, 45.648911609748254, 54.5553678875548, 66.83047554506373, 79.39034081506105, 77.03694743812102, 66.50323630961297, 55.88837827308703, 47.245100657452824, 39.991528292616394, 0.0, 8.025690803567379, 17.281444201608096, 28.018944172314935, 36.8328428038611, 36.69654064124472, 26.27473152035556, 16.661043686067718, 9.243212819597417, 4.693029874763318, 33.888271180010776, 40.45677873463552, 51.80893401539998, 63.87323731860181, 66.81609390684697, 66.126672604704, 62.335541514479154, 58.8728960595392, 52.115576697620725, 44.71447349428317, 30.49191960204108, 19.778254426380755, 94.63