{
	"dissimilarities": [[0.0, 7.3655271758677285, 16.13880674395508, 23.635707805620815, 16.685730720492796, 11.122344912908877, 7.431929942696985, 42.93356869928831, 50.03496730878737, 59.361991930781144, 67.7092752016695, 74.67195102954607, 67.13796320605407, 59.98770707569347, 50.739420186922956, 21.696149624559887, 21.923742404208575, 23.307610316399188, 27.494475759936613, 33.96586421540505, 30.331695968357618, 23.70461316705396, 17.719116671079828, 15.220598319713813, 16.69088684433925, 50.16134041407583, 57.51276545375914, 64.33788238981762, 73.46537942980214, 79.26598538296685, 78.29610230874701, 71.49044886520576, 63.509528068447125, 55.06198333795482, 48.5882199720815, 21.12560014815392, 27.768613750980567, 36.91787420217581, 38.97665928568478, 46.83688515319127, 54.50319397712588, 58.59826461204375, 58.846935526276866, 56.24128047418142, 48.188956938838935, 38.344974851276646, 35.590295385136045, 64.0090991821852, 61.02255800355218, 62.23958731651788, 66.37710388713768, 69.71614291219426, 73.36767595547916, 80.15409039834303, 82.36885134935203, 82.69703134015704, 79.26789517016145, 75.61147296125002, 69.95928372017244, 65.50377471818985, 66.13996522771983, 70.29769253156758, 73.54124680215043, 77.94001159176969, 74.36965218506438, 71.11439079901118, 67.89784501852597, 56.57494003040923, 59.03229059092274, 67.35545604214812, 78.4012434231799, 86.1753505704837, 97.94100834060812, 108.9696308753407, 107.74237799698521, 121.65043680513878, 121.5455977600301, 116.17427981615688, 108.17655084586265, 105.1654723974921, 100.41775045808564, 98.35070995725863], [7.3655271758677285, 0.0, 9.45985477025223, 17.84031329798557, 11.658052603489013, 9.453242328879334, 11.840839906470068, 50.265206899997914, 57.297315550339434, 66.62947936270338, 75.02516335168131, 82.01300849968176, 74.4850918447585, 67.31038866452015, 58.063929043115245, 24.36656471755389, 22.19141054154992, 21.118524962835874, 22.537148266741287, 28.103357206509454, 24.094299511786843, 18.026244715929103, 14.665196831040795, 16.03996612824544, 20.330615365233076, 56.511182029026465, 63.90886071336686, 70.85266302195613, 80.1125627338367, 86.20190771871172, 85.37476924346122, 78.38413030579511, 70.30695279476399, 61.85664728550832, 55.21184469429832, 27.072518604615293, 32.90891855323023, 40.99974938262028, 42.177744869359195, 50.246387141794266, 58.326958725721276, 63.35832830384748, 64.31326402945338, 62.454237552289094, 53.769140890840035, 44.77197610416586, 42.34986434756888, 65.68758580158271, 63.39907085010201, 65.54900771927548, 70.35154906861659, 74.32429998564987, 78.54828026444761, 85.71995226108562, 87.17241935250648, 86.92208767579743, 82.85063758653656, 78.49418965895347, 72.29495151883114, 67.71121292214247, 69.24646856574991, 74.1495903018327, 78.00845688495069, 83.18968664882932, 78.80591280555119, 74.9418864579234, 70.96322957256662, 52.04512133672178, 55.380627461770544, 65.12846665008661, 77.17515366321685, 85.4299414104181, 98.1727111136604, 110.16259434133977, 110.80421976067753, 126.23158271859046, 127.1816431828266, 122.25842041949048, 114.65723198605546, 111.90525165658032, 107.39974200168992, 105.11418410157442], [16.13880674395508, 9.45985477025223, 0.0, 8.818970607907081, 6.422669500232204, 11.728952197009072, 18.18873846561047, 58.77250275820223, 66.0237829833472, 75.32448906949655, 83.5218730820991, 90.10760332070198, 82.83606766219349, 75.74307921221406, 66.43477035728117, 32.99176130786694, 29.414684245793577, 25.993403054642187, 22.37691333036494, 23.257495237816713, 18.62822085781431, 17.290306027234738, 19.665140065448526, 24.142287081828364, 29.46309671055429, 65.87427997356913, 73.20174626395368, 80.00852814363, 88.94413310858175, 94.7630636581818, 93.89824153882581, 87.31948820911579, 79.44125278321637, 71.06864063439689, 64.53203110769994, 36.39559635331369, 40.80433362104531, 47.32701604407098, 45.80012231510876, 53.98587889938457, 63.15749242265133, 69.01844620380488, 70.28573655640484, 69.14846093204754, 61.3144506913907, 53.33636047156088, 51.605164202253185, 65.6825060902263, 64.86318771586714, 68.53441972397026, 74.14135328805787, 78.74773032712207, 83.39887453293416, 90.503077459884, 91.1581620541694, 90.20712229848064, 85.41509835649386, 80.197852540355, 73.23224898803336, 68.49978756257941, 71.64687593799664, 77.46804870657384, 81.96883245341975, 87.75828101299119, 82.68275277603671, 78.16764282944848, 73.18303165767196, 45.70549370180059, 47.861970300557566, 58.4913405502628, 71.61172014932576, 80.59668011032392, 94.47912953168553, 107.63681729969842, 111.74079465338896, 128.22966481746465, 130.66894187063303, 126.50075696889141, 119.60107970263262, 117.44758139743584, 113.97158477502718, 112.32218817722409], [23.635707805620815, 17.84031329798557, 8.818970607907081, 0.0, 9.806708510566013, 17.42730285979517, 24.287249241889885, 64.96724091439052, 72.42494149497948, 81.62209556619855, 89.48907040635041, 95.4849453015497, 88.66639186608694, 81.76049656131535, 72.44732712959897, 41.57923870671069, 37.75405777239355, 33.50029701921012, 27.125733592773138, 22.951603010502904, 18.485368777517884, 22.490647472085477, 27.555611921821182, 32.6983995755376, 38.02140445800715, 73.53527998786089, 80.70557379329351, 87.21737320773883, 95.57676594150772, 100.84988427139467, 99.8782790248466, 93.99270827298459, 86.48603882655637, 78.27049968425415, 72.00440024869764, 44.44440142374157, 48.038151381447115, 53.55777983239847, 49.414029595333595, 57.527850452791554, 67.73877129286593, 73.87957628587222, 74.95380197359596, 74.11629280549299, 67.85933203588723, 60.42895419426273, 59.09493631185961, 65.36000450972547, 66.08177491664912, 71.05320966262374, 77.15619719229807, 82.04577239973372, 86.73867498784621, 93.33061867524454, 93.59369661506082, 92.19637299537374, 86.99566708541857, 81.21079631381494, 73.66124919586753, 68.84985868221881, 73.50347028184403, 79.91604758874341, 84.73203153343468, 90.6077230056278, 85.35315693586672, 80.50280297179913, 74.80871443726159, 40.31363886644921, 39.63717406055597, 50.706885626407086, 64.83706893398279, 74.7114786087889, 89.48133563982758, 103.54033630825704, 111.29875040512219, 127.6763704217986, 131.21533656910296, 127.69383457904365, 121.3563023486004, 119.7561507279756, 117.36158038710761, 116.58950730030917], [16.685730720492796, 11.658052603489013, 6.422669500232204, 9.806708510566013, 0.0, 8.048491991376586, 15.936131164932382, 57.67542526349397, 65.3293637739765, 74.58380417664664, 82.60227353681111, 88.9891399985044, 81.42767352073636, 74.29214508404092, 64.93378508547197, 35.70801245496771, 33.29471410637601, 31.068985678325244, 28.671555047670658, 29.2137114437092, 24.52445467685112, 23.52474974711393, 24.526139642620116, 27.39287835975909, 31.49075955481738, 66.66459963436067, 74.08352199664233, 80.90758917072485, 89.84111288527588, 95.14080816429797, 93.9246308393122, 87.68927528808925, 79.84435193429853, 71.35516124840495, 64.9499954196564, 36.35113808429868, 38.54865050414063, 43.76730186389663, 40.45779327441215, 48.625426611715504, 58.35664639286818, 64.49176709350172, 65.87134787167099, 65.29821869832011, 58.283157645418974, 51.447900885015216, 51.23484267553307, 59.30677211959053, 58.714828203733965, 62.783796117740486, 68.6352757783651, 73.47122200991548, 78.33179673446148, 85.53673035893321, 85.71201068068802, 84.47847636226275, 79.46455634258014, 74.0509584156315, 66.95885127685035, 62.21141746514909, 65.69422230827975, 71.76779391096478, 76.49200997259024, 82.60843917832383, 77.17230291066545, 72.43312006356274, 67.1736533614289, 49.538805947190816, 47.99230819112833, 55.3688168331108, 67.1944048266912, 75.3873265334912, 88.8877269700376, 101.82298377888083, 105.50588952975251, 122.87320698903297, 126.11499907073299, 122.41869071464372, 116.32396358427768, 114.79760693044553, 112.67003004762356, 112.4673887544043], [11.122344912908877, 9.453242328879334, 11.728952197009072, 17.42730285979517, 8.048491991376586, 0.0, 8.399884735938109, 50.18105868826636, 57.916335501680564, 67.16337769183565, 75.22968666579321, 81.8171335151082, 73.89554425971829, 66.66593402788801, 57.3105558450466, 31.031011170010782, 30.337100128882867, 30.214756286569216, 31.21472268197614, 34.57485055984958, 30.104930023528173, 26.30833317508903, 23.73482630422369, 23.804664070007647, 26.150061076938442, 59.692658675951925, 67.17804607442278, 74.07975660718525, 83.21698754645595, 88.42020725664935, 87.04334787502714, 80.70112561302233, 72.74973861937347, 64.16215066706917, 57.785930741786146, 29.10092398159682, 30.747102006712517, 36.50850288502452, 34.45027603452837, 42.64702456323002, 51.84805414806396, 57.43816464333543, 58.589103710697884, 57.692418512319, 50.447023805901544, 43.42941490664121, 43.67564786789441, 56.376029613442434, 54.53096366433792, 57.432053545044546, 62.72118440306822, 67.13512346674068, 71.74469358378892, 79.07675475686722, 79.7185524209106, 78.96200521826206, 74.46540350945736, 69.71349469915272, 63.2301827673811, 58.592195247120294, 60.78492928299098, 66.18767459388694, 70.47262027871977, 76.23548570302403, 71.21255561039072, 66.92094219353316, 62.40594184094335, 55.77820820011835, 54.14868370312086, 59.75289289851953, 70.09673683843565, 77.3089660846425, 89.59248544633294, 101.37738835765259, 101.86077331645421, 118.6870515526059, 121.031242242324, 116.91640739338045, 110.61235023773257, 108.8976875359084, 106.6078385737658, 106.63811701423184], [7.431929942696985, 11.840839906470068, 18.18873846561047, 24.287249241889885, 15.936131164932382, 8.399884735938109, 0.0, 41.83129514233922, 49.57188664934819, 58.80792235644879, 66.8513278025089, 73.4572366022358, 65.59598271650864, 58.40092279198318, 49.04391412832974, 27.338182549447392, 28.59267037749019, 30.408163341837763, 34.012248904349825, 39.018472292527306, 34.99768537781998, 29.760006431490844, 24.59235501705461, 21.81030841176738, 21.85923286469324, 52.09869336175402, 59.466852700564424, 66.19816960992078, 75.15470665613381, 80.14692750718842, 78.69703313600442, 72.49322133504234, 64.66761884234265, 56.14353288394957, 49.97014402104723, 22.471299391092472, 25.214327518903907, 32.67208073888172, 32.30639134678681, 40.2751750473373, 48.79440943403753, 53.11771213893477, 53.33649941289881, 51.32937376178397, 44.64092926941075, 36.300527932100515, 35.93195252975557, 56.66212465693946, 53.8240051891778, 55.375461458945274, 59.73839204802688, 63.28074339203978, 67.1134858102232, 73.9563716108235, 75.71371890267449, 75.78073257290933, 72.16575639786839, 68.3695098804505, 62.628402742817656, 58.15829601286587, 59.068624823527834, 63.43753510823213, 66.87459008702334, 71.56007645064585, 67.6674550079483, 64.21572278486218, 60.76577343699306, 59.828531510157774, 58.66748606728373, 63.77729174700573, 73.347398982114, 80.24284700084334, 91.43066233328119, 102.08864409367277, 100.36358313947154, 115.02582277505923, 115.807571881459, 110.98470759068566, 103.93780412038905, 101.71740998981758, 98.74059854692804, 98.61718696330077], [42.93356869928831, 50.265206899997914, 58.77250275820223, 64.96724091439052, 57.67542526349397, 50.18105868826636, 41.83129514233922, 0.0, 8.450532656966068, 17.1551704353236, 25.15407549585654, 32.73710890511002, 24.275359822205562, 17.221182043744847, 8.466799130972932, 41.770217291618906, 49.06495331706732, 55.95622549458147, 65.49177729119515, 73.92384215944192, 71.34046455556098, 63.62135200105827, 54.319720600424766, 46.08595397486612, 39.03138943447355, 23.151690179269803, 27.23459677409796, 31.35758852695757, 38.44048035450057, 41.17253383510699, 38.7048431936613, 33.55258920341244, 27.17133502223514, 20.30399635387105, 18.748971476484837, 28.606003477672584, 31.582604315906785, 39.40571889863867, 46.78237401013781, 49.40560567853987, 50.46981836518639, 46.344277560937606, 41.10084914330532, 32.09563278234215, 32.00890083528758, 19.937214257266007, 15.26108550510549, 72.15252700089141, 65.50024678407935, 60.305856347122045, 58.76349877104434, 56.68211079364073, 55.20569953353798, 58.16285964537801, 66.06101049315836, 70.6754551398942, 72.30402357501602, 73.9372917006821, 72.90066734576845, 70.21717698019876, 64.77729746745733, 62.913361380528265, 61.055226288948624, 58.7850505125685, 61.992378407864834, 63.777393652607365, 66.48508746518296, 92.12006889618279, 92.20278645449935, 94.5721296323495, 100.09006583901427, 104.57726536721522, 110.2550860754731, 115.0084096350706, 101.38318539438532, 104.82940117892184, 96.79492134997949, 87.99284634484566, 77.0018862801291, 71.55904636456562, 63.94071226820141, 63.14376967748957], [50.03496730878737, 57.297315550339434, 66.0237829833472, 72.42494149497948, 65.3293637739765, 57.916335501680564, 49.57188664934819, 8.450532656966068, 0.0, 9.345825803294378, 18.101638221164073, 26.7217039785349, 18.690305382542736, 12.565434226801953, 8.376937877013651, 46.22152813835376, 53.68052310942007, 60.8451260768302, 70.92791711949454, 79.89701877675732, 77.60974225597232, 69.51410788794844, 59.94835930337762, 51.54785476973922, 44.3212798519241, 19.323235180696166, 21.219040887330628, 23.9911803423645, 30.49611415890198, 33.222982185682696, 30.833078542711803, 25.206640001867783, 19.213124212582397, 13.664940120932142, 15.068992196386127, 34.49237472267588, 38.30056495815149, 46.02671188499579, 54.552741144220725, 56.667365798282226, 56.52034708131136, 51.48672210842557, 45.96147951677759, 36.48203109101924, 36.52077271512562, 25.245006136730826, 19.120631906238895, 79.76884824187596, 72.78555448680436, 66.89906559317727, 64.62990235762477, 61.81464888438408, 59.55715331814032, 61.738202992463926, 70.48672975293904, 75.73123113433802, 78.10394742286505, 80.42409672598443, 79.97860548775407, 77.53587649660071, 71.42403963213266, 68.79940963326128, 66.2332905507002, 62.914682934628026, 67.17106435493943, 69.66527107555413, 73.11927894697013, 98.01424865805473, 99.3164873740219, 102.37609184887278, 107.96413212000787, 112.4732693214617, 117.73194758517569, 121.87918125144226, 106.89141418329852, 108.29586296224986, 98.36349552852184, 88.64752713723809, 76.51382832887835, 69.91867882140501, 59.88609630885142, 57.25449751622583], [59.361991930781144, 66.62947936270338, 75.32448906949655, 81.62209556619855, 74.58380417664664, 67.16337769183565, 58.80792235644879, 17.1551704353236, 9.345825803294378, 0.0, 9.115259418238576, 18.632994627313426, 11.193560524463743, 8.435425947069003, 12.55422166558887, 54.925887202937716, 62.429656620284305, 69.67738275157461, 79.88988951757345, 88.88129892166292, 86.70877106379288, 78.6354651806717, 69.04282022611751, 60.61448017385992, 53.34287768097211, 23.279701045649553, 21.99356536917618, 21.731796443508625, 25.434719332571785, 26.06356393308799, 22.942761485775684, 18.823981204710815, 15.68909100263986, 14.797065820416083, 19.87550546973095, 43.5541216075887, 46.61973476191001, 53.32269367640871, 61.78946265260806, 63.05194611741649, 61.83851592842881, 55.58909471965692, 49.35644748595543, 39.46102304200073, 41.65296327149475, 32.50283515369043, 27.65415662951242, 85.69459637629292, 78.48254912654826, 71.85477562787135, 68.6391614529211, 64.82314680450516, 61.42916975778906, 62.2910597006839, 72.06823527590326, 78.07689057263121, 81.4522432776161, 84.70964799843765, 85.08865411316982, 83.03228875570834, 76.21419124906535, 72.57841250037006, 69.04634313628078, 64.22782160457093, 69.94596614271886, 73.39964424706963, 77.8062362937347, 106.33473571061522, 107.4718377230104, 109.93741453757431, 114.80696775673195, 118.86758909369001, 123.12496956548432, 126.14248834207503, 109.27189010216972, 107.97675847081736, 96.02937507017774, 85.47191264199063, 72.51960782221826, 65.06510620560593, 53.60928939362509, 50.88388603757949], [67.7092752016695, 75.02516335168131, 83.5218730820991, 89.48907040635041, 82.60227353681111, 75.22968666579321, 66.8513278025089, 25.15407549585654, 18.101638221164073, 9.115259418238576, 0.0, 10.073229877176233, 6.576745757479911, 11.207036324550664, 19.074388488101054, 63.95952921581241, 71.3926806393527, 78.518222247683, 88.47655640283587, 97.05691756323192, 94.93342757280415, 87.23082635308234, 77.83881319953159, 69.52008972246144, 62.3281417159163, 31.310347773153882, 28.427986156591764, 25.746900793744107, 25.276566400783434, 21.977803568624093, 17.575089732207314, 18.244251215413502, 19.72333442572214, 22.277375739074767, 28.38225544209371, 52.497913024165314, 54.8691188094485, 60.67190576034141, 68.1609164947541, 68.76316576004997, 67.17257796826551, 59.99678580058067, 52.951055530524464, 42.84565863324411, 47.89676085198401, 40.43006481345511, 36.68421455540349, 90.10948730858597, 83.03828718379665, 76.06937101004289, 72.12747916486533, 67.4381359847105, 62.89728418706408, 62.06011708288035, 72.84259671550141, 79.50554875921698, 83.79071231570549, 87.8409771736193, 88.8710456846994, 87.1571599097721, 80.06541215233082, 75.62619453990429, 71.23196442824282, 64.8463102897256, 72.05655777796193, 76.36137258870434, 81.4855414158906, 113.29940205821293, 113.62303032339018, 115.13200744380721, 119.14660850041277, 122.79114779401039, 125.99685938364067, 127.88011242719259, 109.97580923033713, 105.43573111089698, 91.5551341639313, 80.25286479299355, 66.51693697921651, 58.3336393191997, 46.02549375263, 44.52586827673564], [74.67195102954607, 82.01300849968176, 90.10760332070198, 95.4849453015497, 88.9891399985044, 81.8171335151082, 73.4572366022358, 32.73710890511002, 26.7217039785349, 18.632994627313426, 10.073229877176233, 0.0, 11.885491542664356, 18.75101607648348, 26.446671195002402, 72.56809911679724, 79.7695857456553, 86.5303062612545, 95.8203126507039, 103.52782111114371, 101.46453459048163, 94.52376298815935, 85.61732363049113, 77.60404113796186, 70.66959357990714, 40.86846308823709, 37.54669839899504, 33.66969560885588, 29.72403408280898, 22.41898658370672, 17.234689581688063, 23.890704569018993, 28.226918066847468, 31.817758639341722, 38.00003404026804, 60.97912347884599, 63.0425554795523, 68.2897664224278, 74.00119617542663, 74.26828307393974, 73.13198817304482, 65.45413889347574, 57.543659292339186, 47.3574638707347, 55.50840164714059, 48.90812953193005, 45.72267946525261, 93.40864775711339, 86.9705092673076, 80.20825733230095, 75.89176014787681, 70.57092241593318, 64.96937574912945, 62.043288188273465, 73.79315199237965, 80.92996900956125, 85.92649159964628, 90.50143594858416, 91.87153255483943, 90.39630071696163, 83.63875400124903, 78.74423312232828, 73.69732926786008, 65.76203158898204, 74.40950243810707, 79.35089713152853, 84.81841873393815, 117.79340341997461, 116.89256241536998, 117.36661987696377, 120.57163882878496, 124.02507673988282, 126.25736777428904, 127.1319333330219, 109.7070091959676, 101.04710451639001, 85.20580260134227, 73.16704673245849, 58.299292840728434, 49.251578554208365, 36.18380700526516, 37.43980212305633], [67.13796320605407, 74.4850918447585, 82.83606766219349, 88.66639186608694, 81.42767352073636, 73.89554425971829, 65.59598271650864, 24.275359822205562, 18.690305382542736, 11.193560524463743, 6.576745757479911, 11.885491542664356, 0.0, 7.691235887384031, 16.722038427603373, 64.68681382790501, 72.24632463715902, 79.44092072299419, 89.31491620550216, 97.70797324566651, 95.29916903806414, 87.69756862450855, 78.29182773234403, 69.90095528789641, 62.61711282716001, 33.97739910861115, 32.25866528257564, 30.813904456816584, 31.639314284142255, 28.346524589971693, 23.718598293879282, 24.35309552227127, 24.527597950355556, 25.428920202225356, 30.551966525768286, 51.97631534014816, 52.605223404332364, 57.24057530894713, 64.05617679383384, 64.08313824159598, 62.166027430774136, 54.57058992617399, 47.20602075329898, 37.12474127486558, 43.82975103079271, 37.955488611808796, 36.4403078681093, 85.04816328711945, 77.80926067978035, 70.54447061962246, 66.28000269133696, 61.31649427326004, 56.53848871429759, 55.63645224078104, 66.42251594703546, 73.17988221107217, 77.66972786772489, 81.9943768518231, 83.3700566155944, 81.85610515485831, 74.43495859650935, 69.66009422994242, 65.02405159992432, 58.428465564825565, 65.83538617189618, 70.37643537720963, 75.8085236912756, 114.17760433170024, 113.03815355387607, 113.02547308211182, 116.09049157752007, 118.98021593165298, 121.59856351794532, 123.00056371813545, 103.79697655288298, 100.07096841775721, 86.9037545540173, 76.0423306119035, 63.42871665826883, 56.3121582703414, 47.03084381448151, 48.87944166724341], [59.98770707569347, 67.31038866452015, 75.74307921221406, 81.76049656131535, 74.29214508404092, 66.66593402788801, 58.40092279198318, 17.221182043744847, 12.565434226801953, 8.435425947069003, 11.207036324550664, 18.75101607648348, 7.691235887384031, 0.0, 9.359627141162196, 57.66310941753511, 65.27964255753675, 72.54338309078719, 82.51214290383633, 91.09475727471758, 88.55174136501213, 80.74954312670805, 71.23116911978073, 62.76861216268136, 55.427079295704125, 29.16093248818751, 29.104107218383096, 29.65301016842919, 33.31027701530637, 32.43005289955972, 28.46317047507057, 26.220731941543605, 23.456375529701642, 21.607866531448884, 25.259035423937668, 44.50442413795725, 44.93197808304635, 49.886472431551105, 57.21882498196114, 57.638406549122465, 56.01798551445093, 49.0585412915079, 42.20372094626953, 32.13359250405551, 37.11425347006627, 30.361604252426766, 29.150868973257126, 79.63565450620341, 72.23487332381978, 65.18498437526806, 61.468401721278724, 57.193903713097704, 53.370580073338935, 53.99200073119337, 63.88737048258815, 70.08612780643693, 73.81762172212817, 77.51307620434119, 78.39641865697862, 76.62738636858045, 69.36517199687928, 65.20568563765038, 61.265328204212366, 56.01174985066325, 62.14195121462346, 65.99306123806734, 70.87634163817414, 108.49555714644511, 107.49589553072039, 107.77811074791752, 111.27200193428087, 114.31303280097993, 117.66321523166405, 119.9133511956858, 101.37388636958504, 100.6305961844351, 89.35608393005124, 79.27994028201363, 67.59710204502197, 61.33041482533289, 53.22233043288629, 54.546618478277274], [50.739420186922956, 58.063929043115245, 66.43477035728117, 72.44732712959897, 64.93378508547197, 57.3105558450466, 49.04391412832974, 8.466799130972932, 8.376937877013651, 12.55422166558887, 19.074388488101054, 26.446671195002402, 16.722038427603373, 9.359627141162196, 0.0, 49.636923165865504, 57.115720746406836, 64.18757433098288, 73.84942406784927, 82.22080535342728, 79.54806321564904, 71.8814035254938, 62.51278553657399, 54.17288378842916, 46.967975898762994, 26.467740722608003, 28.81369838591837, 31.507290802456957, 37.252662384698525, 38.20748857629192, 34.90414265368099, 31.120501432376134, 26.114436590914192, 21.12712618777076, 22.036671354183554, 35.93340182306312, 36.62110703484102, 42.452385230142404, 49.50991096848805, 50.82373757457537, 50.517391459256544, 44.81147808079861, 38.5360175981489, 28.7023898674932, 31.90007662776029, 23.001500217744997, 21.61624904334471, 73.23165873666817, 66.12193593604074, 59.897710612057196, 57.20896157859076, 54.00317221714054, 51.38415792276117, 53.36264342081792, 62.1930385926309, 67.57245211075339, 70.22541222862225, 72.91058171624195, 72.8814120978443, 70.68221802683934, 64.22867563904407, 61.16336992255428, 58.25676329523136, 54.58013633921849, 59.17209383778714, 61.99288714718842, 65.83980572717743, 100.00227455725118, 98.9240059028035, 99.63727470844555, 103.7973863775093, 107.31269391239104, 111.67290748351694, 115.08938461331023, 98.74938043569684, 100.62227087103604, 91.43092457341278, 82.23227215786319, 71.30588313260087, 65.85881605698174, 58.91758631440532, 59.973364130523876], [21.696149624559887, 24.36656471755389, 32.99176130786694, 41.57923870671069, 35.70801245496771, 31.031011170010782, 27.338182549447392, 41.770217291618906, 46.22152813835376, 54.925887202937716, 63.95952921581241, 72.56809911679724, 64.68681382790501, 57.66310941753511, 49.636923165865504, 0.0, 8.082539036606937, 16.46740542767081, 29.049639084267362, 41.85959268286591, 39.80143128178928, 28.33025851160279, 17.33281695501724, 9.085087267299807, 5.702025008068713, 38.09613084276571, 45.41867393277184, 53.00942123624779, 63.792411656099056, 72.10058158873498, 72.1550214814697, 62.783289287214714, 53.85790852907766, 45.65300983695075, 38.35114411068224, 16.379676603318728, 29.0984330445901, 40.720332230736545, 50.91093332944653, 57.44307188511042, 60.921368028000494, 63.700568609316235, 64.50416363691033, 60.89568281394085, 47.943402052969134, 36.13791667789969, 29.078849426315443, 80.21778110099686, 74.85052653701027, 73.34024623729067, 75.98054958191821, 78.35068496575481, 81.56684469883264, 89.0654683631385, 92.2623179030721, 93.61357265490476, 91.2269274893298, 88.84884429379332, 84.59215201423056, 80.5901553242966, 78.35645228323287, 80.95563864052991, 83.24300792382886, 87.05006665241633, 84.23774747217652, 81.97340039596115, 80.46503949081831, 68.3303813934461, 77.47587224436525, 88.70047081340402, 100.08918779891182, 107.50468820694593, 118.67779030909198, 128.796085782561, 122.41047644441832, 135.88616168675347, 133.05678923925478, 126.09089953799901, 116.3038778853074, 111.42441829266953, 102.47568306002591, 95.98162115101188], [21.923742404208575, 22.19141054154992, 29.414684245793577, 37.75405777239355, 33.29471410637601, 30.337100128882867, 28.59267037749019, 49.06495331706732, 53.68052310942007, 62.429656620284305, 71.3926806393527, 79.7695857456553, 72.24632463715902, 65.27964255753675, 57.115720746406836, 8.082539036606937, 0.0, 8.5446230821148, 21.537779913090045, 35.014002447362195, 33.282884296663184, 21.385339039632015, 10.932462216506494, 6.788409349763906, 11.028741317917383, 45.517752487358756, 52.58429383332885, 59.94044378853187, 70.35220630735049, 78.77709257281802, 79.03958252244746, 69.82900083156089, 61.12065754016867, 53.136691883103985, 45.95377811355221, 23.482128668638623, 35.16305905955445, 46.080423636019326, 54.84925469531816, 61.863365546230284, 66.2087461272165, 69.80885630345381, 70.96724614933999, 67.7931927609714, 54.97361382050278, 43.693709042772674, 36.974295030067, 83.00272901636782, 78.41432552437202, 77.88399487926962, 81.1839470996725, 84.09332134010127, 87.70919778956593, 95.3146570844753, 98.04913892785721, 98.94684397887886, 96.00765626930574, 92.97758893859276, 88.11148268394798, 83.91368465183096, 82.6741132609829, 85.99348067043151, 88.803790910448, 93.12931992356535, 89.76629213749455, 86.97839913678527, 84.72915761778118, 62.46158119185664, 73.48634382231106, 86.64692404075018, 99.22214429584565, 107.4017393000258, 119.55990754795883, 130.64140892261818, 126.62605029873575, 140.82540380054962, 138.73787449816976, 132.06994609489703, 122.36296245947968, 117.59081809761848, 108.64607340547411, 101.71068700046312], [23.307610316399188, 21.118524962835874, 25.993403054642187, 33.50029701921012, 31.068985678325244, 30.214756286569216, 30.408163341837763, 55.95622549458147, 60.8451260768302, 69.67738275157461, 78.518222247683, 86.5303062612545, 79.44092072299419, 72.54338309078719, 64.18757433098288, 16.46740542767081, 8.5446230821148, 0.0, 13.205274497037536, 27.14131323942983, 25.847780379116, 13.923966641804844, 6.590654781924556, 11.134843206904934, 18.187668688601654, 53.319721702914066, 60.17610832672341, 67.2317125525046, 77.1030998229117, 85.38831912475581, 85.76883297295888, 76.96149070540525, 68.55693349976397, 60.74940498241054, 53.73566718531174, 30.788821962470877, 41.70731846940444, 51.990948310883404, 58.87612767209947, 66.33053710321852, 71.73439220675787, 75.99255503096346, 77.26392328562112, 74.3820464917109, 62.227980210710705, 51.250487833108416, 44.76724086394807, 85.35113308393717, 81.74100958171884, 82.29075552606365, 86.22071845380921, 89.58747659862432, 93.4735122118081, 100.97154986923626, 103.34880779866674, 103.82885483305314, 100.38869719864608, 96.72918013380676, 91.23130795343602, 86.84174554148768, 86.74999765043275, 90.76326287959232, 94.02750596593717, 98.700430039832, 94.9442970587108, 91.6951515018843, 88.70861735844755, 55.235369688564546, 68.04383413708298, 83.21570238442311, 97.01681479089336, 106.07091560647166, 119.20254439413537, 131.2449926491388, 130.09124867929143, 144.60239981522378, 143.2618221034536, 136.93455047760997, 127.32988404476492, 122.72993246314371, 113.9942048476699, 106.91712247693972], [27.494475759936613, 22.537148266741287, 22.37691333036494, 27.125733592773138, 28.671555047670658, 31.21472268197614, 34.012248904349825, 65.49177729119515, 70.92791711949454, 79.88988951757345, 88.47655640283587, 95.8203126507039, 89.31491620550216, 82.51214290383633, 73.84942406784927, 29.049639084267362, 21.537779913090045, 13.205274497037536, 0.0, 14.325003940100645, 13.85784076122987, 5.275819249107194, 12.959151771292476, 21.738927266586195, 29.438863273997843, 65.11895563390361, 71.80651747611306, 78.45657870363625, 87.49579744312626, 95.22212388976017, 95.58249266252852, 87.6190421502614, 79.6802089351005, 72.01191914043419, 65.26188210930675, 41.41495981516144, 51.084422869536866, 60.35233341101502, 64.06115024610685, 71.99753670406365, 79.04936952531237, 84.10729720211064, 85.36284782218041, 82.89630696235649, 72.21329644353047, 61.72779740735392, 55.85541882432541, 87.26804761845388, 85.30747889916135, 87.52456258409615, 92.32657841009994, 96.28813307995334, 100.46724037771568, 107.62237192370719, 109.47538460686971, 109.33565024019106, 105.20442629406921, 100.65501607716509, 94.25304268657847, 89.62845207555466, 91.36118573772592, 96.34671072666306, 100.21412947850901, 105.2735720703705, 101.04399059384735, 97.17476064134782, 93.12171938998434, 43.2558959893082, 58.027329029733586, 75.93490180883387, 91.40870768664904, 101.73654294908953, 116.1938399646432, 129.58026495447984, 133.06064663962897, 147.77211425843242, 147.72074637652506, 142.0609613193538, 132.84986610831803, 128.7304853471405, 120.86502813623088, 114.2937178307552], [33.96586421540505, 28.103357206509454, 23.257495237816713, 22.951603010502904, 29.2137114437092, 34.57485055984958, 39.018472292527306, 73.92384215944192, 79.89701877675732, 88.88129892166292, 97.05691756323192, 103.52782111114371, 97.70797324566651, 91.09475727471758, 82.22080535342728, 41.85959268286591, 35.014002447362195, 27.14131323942983, 14.325003940100645, 0.0, 4.812163355486906, 14.524473943731419, 25.18070557622359, 33.71904143873823, 41.124024814909596, 76.42182988376923, 82.95013561365822, 89.13777166780642, 97.20822313311662, 104.02937803664852, 104.22296199255256, 97.39477374041932, 90.03069498457138, 82.51033420657397, 76.13264637422297, 51.93560758401501, 60.40573760695858, 68.68879393803344, 68.94684648886928, 77.12842342110372, 85.83419685376903, 91.34308326916924, 92.26036122595752, 90.05624025096853, 81.51277754069369, 71.47251385587876, 66.2527746186838, 88.00931074328378, 87.91654863350254, 91.78167214528101, 97.28062416278628, 101.62766783385206, 105.85062211541518, 112.30302122931245, 113.78795891633426, 113.12375060243205, 108.47332929121916, 103.18812988415493, 95.98800539708104, 91.2072804995677, 94.84118209531765, 100.6217820899282, 104.90211364998548, 110.02260941081596, 105.62197342156823, 101.31403276147624, 96.3318735816397, 29.730556360593827, 45.55805456351262, 66.2312616818338, 83.31284950241583, 95.0216628284686, 110.61047504042858, 125.17156351186183, 133.8140719303132, 147.94670219564662, 149.16777692276196, 144.2767285554512, 135.60395119078174, 132.12442887017892, 125.57484316064365, 120.12232517596533], [30.331695968357618, 24.094299511786843, 18.62822085781431, 18.485368777517884, 24.52445467685112, 30.104930023528173, 34.99768537781998, 71.34046455556098, 77.60974225597232, 86.70877106379288, 94.93342757280415, 101.46453459048163, 95.29916903806414, 88.55174136501213, 79.54806321564904, 39.80143128178928, 33.282884296663184, 25.847780379116, 13.85784076122987, 4.812163355486906, 0.0, 12.300554004218752, 22.842311468711237, 31.247144925689014, 38.57837547948264, 74.71319740765635, 81.46492520583907, 87.8431232383718, 96.17265992699846, 102.83759407403758, 102.8121450152597, 95.97952537394411, 88.44980372420159, 80.69964623455935, 74.22544608644735, 48.934828746773654, 56.633715986888916, 64.51066840426384, 64.38524668614778, 72.56251755849796, 81.37349771119962, 87.05831949791602, 88.13535118433958, 86.23047540709211, 77.7197064411996, 68.14619417809885, 63.63837899502917, 83.35990006177481, 83.21929514744171, 87.15383890579668, 92.74802577152732, 97.22350431657941, 101.60681715861477, 108.25045382396252, 109.46163368850185, 108.66113950890066, 103.8986457407075, 98.53869125142549, 91.32498090602226, 86.5484371058451, 90.19471423181086, 96.07012161123008, 100.4707429919591, 105.83078983165028, 101.18538692981697, 96.76046933503542, 91.6871116079088, 32.25891949768704, 44.89362125582317, 63.82495331723, 80.30968545552774, 91.54519934957393, 106.94812022803784, 121.37258808741714, 129.34748198692452, 144.2186363450213, 145.86258194452793, 141.19079481624465, 132.9553883244766, 129.79854905565438, 123.95156621331907, 119.31419049616913], [23.70461316705396, 18.026244715929103, 17.290306027234738, 22.490647472085477, 23.52474974711393, 26.30833317508903, 29.760006431490844, 63.62135200105827, 69.51410788794844, 78.6354651806717, 87.23082635308234, 94.52376298815935, 87.69756862450855, 80.74954312670805, 71.8814035254938, 28.33025851160279, 21.385339039632015, 13.923966641804844, 5.275819249107194, 14.524473943731419, 12.300554004218752, 0.0, 11.106635912031104, 20.074023347128872, 27.802182239030827, 64.7844735876622, 71.73716066140464, 78.55352804301317, 87.75462901899112, 95.14322605887544, 95.21226079192608, 87.42136602164751, 79.366388497784, 71.427284636603, 64.60380410175415, 39.14010997636534, 47.747272635686855, 56.47709708484559, 59.389191053827915, 67.37674045292503, 74.75985693542954, 80.0905733067234, 81.493009871687, 79.40293750686266, 68.9932635847282, 59.088683928895676, 54.186193207609705, 82.13878781611727, 80.31142955402781, 82.78181812048977, 87.777125580018, 91.93540966490485, 96.30849867732056, 103.60377906072269, 105.10519657820245, 104.75077372951021, 100.43201634770755, 95.71556565920835, 89.21006932037125, 84.57182906020056, 86.51899601024557, 91.70456899368837, 95.75970302386327, 101.10289999156956, 96.57189201323617, 92.51611243394689, 88.25414862404386, 43.64509168294997, 55.758730564429044, 72.17391894592612, 87.12937887828964, 97.07800688233667, 111.4204269521314, 124.76661265029456, 128.1227796955751, 143.56370812652202, 144.14392025254497, 138.83121619250883, 130.18522090650836, 126.52065369831627, 119.65057304200248, 114.19891123352689], [17.719116671079828, 14.665196831040795, 19.665140065448526, 27.555611921821182, 24.526139642620116, 23.73482630422369, 24.59235501705461, 54.319720600424766, 59.94835930337762, 69.04282022611751, 77.83881319953159, 85.61732363049113, 78.29182773234403, 71.23116911978073, 62.51278553657399, 17.33281695501724, 10.932462216506494, 6.590654781924556, 12.959151771292476, 25.18070557622359, 22.842311468711237, 11.106635912031104, 0.0, 9.102947400522316, 16.931247880025445, 54.388850443216896, 61.542539761610826, 68.67496987460315, 78.48525774353374, 86.15399767785924, 86.1528968306294, 77.8199212932749, 69.41261125293468, 61.290064864863915, 54.26500243143907, 28.76381761212315, 38.3952933160518, 48.11971157085239, 53.54315951403746, 61.20704451535536, 67.36931178463348, 72.0029173639053, 73.31943302133988, 70.83729499170265, 59.422339911698074, 49.03467278721739, 43.80388309851631, 79.21998881011359, 75.99117481360123, 77.05254963775866, 81.3113215032381, 84.9469028200723, 89.0364498313317, 96.55866549236892, 98.55328649192747, 98.74717649505575, 95.03796384569748, 91.09728277812413, 85.35214010895017, 80.89783091387099, 81.30894367042644, 85.66209198992347, 89.18550288103059, 94.14697270236523, 90.06960128844202, 86.55801986808535, 83.20774340417805, 53.19691122011568, 63.502811673005795, 77.35369369520477, 90.75401663337425, 99.58797239040219, 112.70335371491113, 124.82675993034913, 124.27241643143913, 139.358792322915, 138.84540626220092, 132.98911039470445, 124.04361143706157, 120.0350431065464, 112.62235017053953, 107.02285379705701], [15.220598319713813, 16.03996612824544, 24.142287081828364, 32.6983995755376, 27.39287835975909, 23.804664070007647, 21.81030841176738, 46.08595397486612, 51.54785476973922, 60.61448017385992, 69.52008972246144, 77.60404113796186, 69.90095528789641, 62.76861216268136, 54.17288378842916, 9.085087267299807, 6.788409349763906, 11.134843206904934, 21.738927266586195, 33.71904143873823, 31.247144925689014, 20.074023347128872, 9.102947400522316, 0.0, 7.838644205616816, 45.80755222071503, 53.15935066187247, 60.51401532961338, 70.72848788972125, 78.4134246790549, 78.26456844875538, 69.66137273379269, 61.02183263703975, 52.7180343792288, 45.57581022256237, 19.992457663445236, 30.856142178761367, 41.588210814057355, 48.9503545582173, 56.207038788293, 61.3713821228951, 65.18882275937473, 66.20524617051917, 63.251066966678835, 51.40956276676364, 40.431136566441424, 34.878291102030026, 76.59094370439503, 72.31568230670183, 72.18558647461262, 75.72416626961623, 78.79362013473272, 82.4937167280983, 90.00379473025478, 92.52784268969262, 93.2460224905115, 90.14567746646479, 86.93940314663683, 81.88289972445642, 77.62216211337741, 76.79263280971848, 80.34614696589892, 83.31017296004265, 87.75472354577354, 84.24352342687158, 81.29583195783275, 78.7892446382583, 60.52323091367193, 69.08763312659143, 80.80649867976797, 92.87071302745038, 100.82313208361539, 112.82643151144208, 123.85341024886955, 120.33309816225344, 134.69984836997918, 133.24041624867223, 126.96196283310171, 117.80688447673053, 113.57329432867408, 105.90739067559737, 100.4900034075451], [16.69088684433925, 20.330615365233076, 29.46309671055429, 38.02140445800715, 31.49075955481738, 26.150061076938442, 21.85923286469324, 39.03138943447355, 44.3212798519241, 53.34287768097211, 62.3281417159163, 70.66959357990714, 62.61711282716001, 55.427079295704125, 46.967975898762994, 5.702025008068713, 11.028741317917383, 18.187668688601654, 29.438863273997843, 41.124024814909596, 38.57837547948264, 27.802182239030827, 16.931247880025445, 7.838644205616816, 0.0, 38.611311595692676, 46.15786923757535, 53.69868760011146, 64.2452105080371, 71.85383296834152, 71.53291733474838, 62.74345412276819, 53.91163111643065, 45.427855501057444, 38.19760712224081, 12.643044425677303, 25.087712364947148, 36.756710941991685, 45.830079463435304, 52.5616157903665, 56.736674312207455, 59.660597730439356, 60.2984564334114, 56.83481781318541, 44.764015376045364, 33.109886413204336, 27.15915312790568, 74.82602483254536, 69.67892649352751, 68.4541497339626, 71.26829618325, 73.74948525153492, 77.0177943888195, 84.42952873780465, 87.4816830693708, 88.7050850983919, 86.20656718491179, 83.70979943390843, 79.31731669614476, 75.2679454939146, 73.33021119911017, 76.09442086682482, 78.48782587787807, 82.36844391067845, 79.46031087443278, 77.08432896382125, 75.39305726222523, 66.91034537334212, 74.06161423197864, 84.0133206829822, 94.90386924880582, 102.09303612841057, 113.08117648125345, 123.10763852046227, 117.0658026452297, 130.63301484331862, 128.30773746754747, 121.66004409754915, 112.33333209815206, 107.91405438865876, 100.0797612569611, 94.9300601374762], [50.16134041407583, 56.511182029026465, 65.87427997356913, 73.53527998786089, 66.66459963436067, 59.692658675951925, 52.09869336175402, 23.151690179269803, 19.323235180696166, 23.279701045649553, 31.310347773153882, 40.86846308823709, 33.97739910861115, 29.16093248818751, 26.467740722608003, 38.09613084276571, 45.517752487358756, 53.319721702914066, 65.11895563390361, 76.42182988376923, 74.71319740765635, 64.7844735876622, 54.388850443216896, 45.80755222071503, 38.611311595692676, 0.0, 7.9361157409794, 16.10441805025146, 28.312685964008818, 36.95828732097552, 37.06647402417998, 26.01554145065939, 16.45735503611045, 9.173576018012334, 4.498219452289317, 31.84616700538132, 39.7154281185116, 49.52702600685402, 62.32115881925665, 65.33486777142959, 64.11619100919388, 60.70111821371528, 57.704946617878306, 49.9114945146575, 42.07523780739396, 29.448443656273056, 18.33750826557177, 91.1552047765752, 83.53278243786484, 77.67207941041518, 76.1527232108