{
	"dissimilarities": [[0.0, 7.359495313740745, 16.20235908955591, 24.754558852535, 17.497797762867474, 11.990105065096214, 8.612905090503375, 43.133161116603304, 49.98651921198855, 59.31846695428734, 67.66550797466793, 74.87640559159266, 67.23677241629794, 60.06317513309127, 50.649054107065105, 20.508591180894825, 20.58927049741552, 21.133872473215245, 26.77132809540701, 33.29879261076236, 30.21910854377925, 22.42445645590058, 15.67326060616418, 12.806376694515277, 14.835115144255843, 49.284074247726316, 56.9673526432217, 63.55027501450801, 72.79803830251271, 78.85400137167916, 78.15742071143616, 70.99475983468994, 63.154529800568724, 54.46160176970176, 47.865590338881994, 20.482112388777725, 27.142639719191962, 36.38676181264439, 39.601736488625725, 47.836217595694016, 55.49305068429562, 59.693521764736424, 59.67576603849608, 57.32929780953147, 48.76593542027965, 37.95570499283778, 35.32735314438417, 66.0652667377241, 62.928605874351625, 63.92495687374951, 67.90847399461686, 71.23214661951249, 74.890686330953, 81.7253275719836, 84.04511053978459, 84.45827801350143, 81.07607360412716, 77.53079560508135, 71.9338424669842, 67.49900823116732, 67.90855043424057, 71.93193440000323, 75.14933280809858, 79.5311818019518, 75.99869434626659, 72.78308277737332, 69.7141157222844, 56.821564728881754, 61.6742874507764, 71.74165144865381, 79.84931965592106, 88.89572330956011, 103.03963228946711, 114.07866984831499, 113.45419287054185, 128.57882118019353, 123.60421141741391, 117.23206977572565, 108.58060818225763, 105.58584686484107, 100.82601938578598, 96.74653904721063], [7.359495313740745, 0.0, 9.535462344942639, 19.358167893867307, 12.853222755085747, 10.565004044843617, 12.699106939944516, 50.48153880134269, 57.2760903792966, 66.58834354607438, 74.98016892005971, 82.21372035526494, 74.5899058908497, 67.39914399378817, 57.993394580862336, 23.42138423518467, 20.985038467627383, 18.85310232192795, 21.698689543532552, 27.331923367688816, 23.9585523548489, 16.441739732335297, 12.344837278486501, 13.995261016418235, 19.012348885959383, 55.798323216846335, 63.455798449229, 70.18178339111181, 79.52734750862818, 85.83894346285973, 85.2506371720206, 77.964440250282, 70.01266108488758, 61.375327769403775, 54.63999782439279, 26.704795596031172, 32.480335489998886, 40.61590504006242, 42.814398337917886, 51.231528669083595, 59.33955024491182, 64.42470046451218, 65.112850549956, 63.490809892821915, 54.37717679549932, 44.5084562772518, 42.18317751713849, 67.72975668543863, 65.28692111142563, 67.21080513328744, 71.85683244289358, 75.80113091899123, 80.01623005668604, 87.22021229896647, 88.79287815079519, 88.63621023446117, 84.6230397108341, 80.38530487420041, 74.2470564103468, 69.6834471928424, 70.98977190456063, 75.75238490050462, 79.57316883163526, 84.7170881303789, 80.39082039661257, 76.57713307865984, 72.75179530096595, 52.275725994417435, 58.15816593406964, 69.62869773454582, 78.59724965693006, 88.15012126889735, 103.16365651982635, 115.21307089341187, 116.42506093681712, 132.95268367023488, 129.13634372455445, 123.24048854951376, 115.0067810865562, 112.31940007539919, 107.75236698911267, 103.51553414743367], [16.20235908955591, 9.535462344942639, 0.0, 10.576704348632422, 7.471074814136517, 12.207078966233528, 18.417093478674314, 58.852734998487776, 65.96504478421124, 75.30843378206484, 83.48155189846565, 90.21181684940755, 82.87802178707362, 75.76875859180679, 66.30779672850156, 32.25061076541804, 28.42955308595585, 23.940899402401783, 21.226595411242236, 21.866928609483157, 18.06367331136065, 15.057088732579418, 17.610148083577407, 22.54090886852726, 28.391314154452484, 65.19697055928347, 72.77571610511971, 79.3523647234677, 88.3485412634435, 94.359852651703, 93.73561720238307, 86.86865068811159, 79.14958129527797, 70.57120002206288, 63.96214550802412, 35.998761903773975, 40.36292931651847, 46.91466801058358, 46.3349157404623, 54.96817412407275, 64.04655442135076, 70.10493481374678, 71.07793253154483, 70.03015132591472, 61.82926725747807, 53.05003391862807, 51.44732079457908, 67.63229195909324, 66.66142006398488, 70.08554681455976, 75.52559471100072, 80.10654396065407, 84.74826119961972, 91.86093892521264, 92.66916873273146, 91.82428066683183, 87.0888380026545, 82.01886683498644, 75.10186262954446, 70.38183344740945, 73.27990913752495, 78.94802564009959, 83.41291986305339, 89.15652638331167, 84.14901353331189, 79.6838022193177, 74.86763447484974, 45.6156628373388, 50.556983161140536, 62.99981015734756, 72.94788287400647, 83.254293235145, 99.19172919091967, 112.50911494538676, 116.87984272888733, 134.50184677345408, 132.4465624496247, 127.37959619760453, 119.88120848792121, 117.89217206323671, 114.2052232653124, 110.67265995920042], [24.754558852535, 19.358167893867307, 10.576704348632422, 0.0, 9.573951441908662, 17.444208345398224, 24.256067018013454, 65.10818942549854, 72.68400268132444, 82.00552515299688, 89.71137574911717, 95.52925027814014, 88.72002061398139, 81.82607947782414, 72.37229193825708, 42.519636051354794, 38.76388635450354, 33.76958964676613, 28.183367527287686, 22.9283099629242, 19.530806674739754, 22.56508927665366, 27.751073617011883, 32.85285231139243, 38.33235023141328, 73.73926130581116, 81.19788447100397, 87.37953966828971, 95.6827860175631, 100.90371712871881, 100.10672912726868, 94.09289716673979, 86.8976618900788, 78.40306954320837, 72.15642434653911, 44.75650439896271, 47.81659688430558, 52.96938898792429, 48.99118331472703, 57.69043715116602, 67.82906847858429, 74.49687002818533, 75.16994335071965, 74.32240787866512, 68.2393631663071, 60.344825431872714, 59.57568666981295, 65.46333653193456, 66.3477799646495, 71.30645941966307, 77.31885549813623, 82.25397555126918, 86.95971205254585, 93.42449559775085, 93.75955322789414, 92.3789502853544, 87.14461965443058, 81.45638933578681, 73.83066316942013, 69.01131009290427, 73.67997122971352, 80.03089828344191, 84.88650515415954, 90.74752517702656, 85.51066822951394, 80.6346205420189, 74.9951893783075, 40.14289463925949, 40.795537165046916, 53.023345307833644, 63.78017066246653, 74.94799603433593, 91.50590757257874, 105.89988251095163, 113.83549053504109, 131.6110818967548, 131.3452160860264, 127.22157918892331, 120.58189670826181, 119.49227067605413, 117.1660576948282, 115.0686286565958], [17.497797762867474, 12.853222755085747, 7.471074814136517, 9.573951441908662, 0.0, 8.187262239420823, 15.96328535969501, 57.698401003700724, 65.43007270164912, 74.82057238140263, 82.72807982515846, 88.95134281818724, 81.47784944409385, 74.35636659605692, 64.93937704905396, 36.03137390671848, 33.54589431620831, 30.275923491463264, 28.691947339517842, 28.208676508590894, 24.428368154961106, 22.51062969669718, 23.69183980566347, 26.72960752553666, 31.135867238500026, 66.45515808194477, 74.21204646875402, 80.65237103303274, 89.53578241639946, 94.86953358325209, 93.91890794744927, 87.47536639964908, 79.95677713549965, 71.17177366878673, 64.75614321179262, 36.33149951429275, 38.43318284078227, 43.491206789505505, 40.62977659233245, 49.332875983304945, 59.035733938398536, 65.52769716033794, 66.48251940634405, 65.88650647711829, 58.88871386147795, 51.42966841290359, 51.50428473732029, 60.36129155042463, 59.829979721531004, 63.80691856340999, 69.52940888710995, 74.35313361565198, 79.17518354934009, 86.26315527734961, 86.58855762868626, 85.43057308181785, 80.44602010684291, 75.14653464203411, 68.02787063116484, 63.27554410576515, 66.69845840059176, 72.66605177545287, 77.37196151066303, 83.40303991255219, 78.06170887259854, 73.35248185939331, 68.19747696980802, 48.878567859148006, 49.18393792132522, 58.331441817518254, 67.02890521664328, 76.60579697167378, 92.31262822315433, 105.38153061228074, 109.63277321180774, 128.06481472242788, 126.91216123209314, 122.39155265828978, 115.784708838269, 114.66806604936471, 112.50960848800838, 110.64255911853661], [11.990105065096214, 10.565004044843617, 12.207078966233528, 17.444208345398224, 8.187262239420823, 0.0, 8.409717168506736, 50.1200631350879, 57.94830243989435, 67.34487839759885, 75.31763973458503, 81.74474096303432, 73.9071868266248, 66.68085636652758, 57.31149464650145, 31.183664763054214, 30.423627853769723, 29.228401556271173, 31.229312176957006, 33.78089810912626, 30.090898996648107, 25.35879981181091, 22.70556729979011, 22.838392093642277, 25.47258722483503, 59.32423895763253, 67.21862668381958, 73.70694693062755, 82.82951999013657, 88.09274388344781, 87.01357513375174, 80.40830749563452, 72.79084199667977, 63.858155189934145, 57.447260285320105, 28.82556944557061, 30.413072185291917, 35.99004866824892, 34.48058075087204, 43.18581639349637, 52.406560609037086, 58.31593110809831, 59.060276406927954, 58.22091970018818, 50.90264110193754, 43.26514237330927, 43.82287543213674, 57.41985593115056, 55.59113959986959, 58.391362416937284, 63.55623820475705, 67.96158849045047, 72.54408833286553, 79.802318886362, 80.56790480341975, 79.88067396119347, 75.4146807507321, 70.75907796476574, 64.26641101688197, 59.62876877459881, 61.74345932557279, 67.04529017404361, 71.31383637090448, 77.01113924568793, 72.06445628345882, 67.80062637960617, 63.3868400147425, 55.40295537028195, 55.52247321553658, 62.84338114232395, 70.14313981729339, 78.67267611031802, 93.38869640318211, 105.16526119313254, 106.3868842141172, 124.28940688884347, 121.9539394662958, 116.92770261896254, 110.07114976601376, 108.74134582846807, 106.52127756324008, 104.8093561381151], [8.612905090503375, 12.699106939944516, 18.417093478674314, 24.256067018013454, 15.96328535969501, 8.409717168506736, 0.0, 41.80432303125121, 49.63646419253308, 59.02842123726771, 66.95017063351325, 73.38122412683651, 65.62114833979615, 58.43925533623842, 49.033703805726226, 27.62616701395664, 28.778643146686917, 29.52580296373892, 34.02406175896096, 38.28305278689949, 34.92959965396356, 28.96257604403148, 23.70215012443641, 20.89623857324114, 21.214993578762872, 51.762363331486895, 59.566647868731515, 65.83527291703267, 74.75166251267935, 79.7945626933943, 78.65941507925523, 72.19897999641206, 64.7516390978192, 55.859214765956786, 49.657835028527636, 22.297451008767904, 24.96526205270968, 32.24885162135376, 32.43318859441157, 40.955026584515124, 49.530869929705545, 54.196432320302534, 53.95173725703573, 52.00616267229346, 45.31533175257815, 36.20974146163223, 36.20012227211103, 57.73417005879919, 54.969359738470004, 56.46221164250958, 60.70476618673113, 64.23994044172186, 68.03481527038845, 74.76242399508233, 76.65646203316322, 76.79031850110884, 73.20060653980835, 69.49321241780908, 63.722286154100445, 59.248237696181526, 60.12919533947158, 64.40570592098466, 67.82866278682235, 72.43145674513208, 68.6296661774915, 65.20336035361545, 61.84150597764852, 59.35311330040742, 59.80305566549124, 66.55804246666428, 73.25511869459437, 81.46398865285563, 95.15368482470188, 105.77702126926718, 104.93234775964632, 120.71554612081519, 116.70373059429762, 110.94604152582856, 103.31132079639241, 101.3871005424368, 98.5704600174402, 96.68689258345368], [43.133161116603304, 50.48153880134269, 58.852734998487776, 65.10818942549854, 57.698401003700724, 50.1200631350879, 41.80432303125121, 0.0, 9.053770094334126, 17.833822561755994, 25.359960476695186, 32.67337646606628, 24.120273203513495, 16.984068537742953, 7.577468657300404, 42.30194601861463, 49.558881344510496, 55.94596787704378, 65.93744611876494, 73.97442728858651, 71.6464998457966, 63.655896014369844, 54.30874600355602, 46.04212409990238, 39.012292126393575, 23.11480029631446, 28.099932838572, 31.356724984030045, 38.42990919745911, 41.120274626051234, 39.096922619962385, 33.54959419002068, 27.924057702161914, 20.22196992275295, 18.63531674018196, 28.584990171631073, 30.95575655283175, 38.36401000745948, 46.055222019851655, 48.93897728900575, 50.22879511949824, 46.37106650882352, 40.661532996651985, 32.08113746631142, 32.0383785587476, 19.11299985197112, 15.890686144786482, 72.1575356148245, 65.51423187675795, 60.30110641727285, 58.69701245076121, 56.66261107180652, 55.22542128967855, 58.1636461680815, 66.06444917056582, 70.68157811383966, 72.2910082644573, 73.95626354541157, 72.89883287617148, 70.21460133879182, 64.75307101228088, 62.84819108491316, 61.023453970785845, 58.781185385438945, 61.96634310559016, 63.728389146076424, 66.47343887138574, 92.31692596785858, 93.24048547912567, 96.51337770501354, 99.68836077100491, 105.08081699684024, 113.38915229112871, 117.77373740479021, 105.29267850565903, 110.48548680065967, 97.22946042105592, 87.35570662953393, 75.74706205149967, 70.14982139208014, 63.808621299459034, 61.39821628385625], [49.98651921198855, 57.2760903792966, 65.96504478421124, 72.68400268132444, 65.43007270164912, 57.94830243989435, 49.63646419253308, 9.053770094334126, 0.0, 9.401506753888869, 17.952027549805873, 26.98255975559897, 18.730764802237626, 12.544359328133622, 7.3873400877872815, 46.172053864662516, 53.626111204362054, 60.46098354424847, 70.98058224319331, 79.76947428010469, 77.68934781216903, 69.33574847181562, 59.681450999765225, 51.238396988792736, 44.01655940721525, 18.27190416608789, 21.059134088013636, 23.010216972924027, 29.72174758760573, 32.71700092447561, 30.855063086612695, 24.56964064554071, 19.154489165087202, 12.52880988582483, 13.968649192926742, 34.34135116781054, 37.87104432391635, 45.44188633786032, 54.46576527683174, 56.829557883083034, 56.971050465033926, 52.0778936003249, 46.257083998205516, 37.371437191395906, 37.00417141702358, 24.691432695201204, 19.09375856286944, 80.61426290319868, 73.6095263405629, 67.71803596300349, 65.436397985589, 62.7050243089533, 60.537551215512266, 62.78421529741278, 71.49215421865291, 76.718952929085, 79.0447975507487, 81.34832348427717, 80.85762220844587, 78.39331131785795, 72.26735716011245, 69.6509002791004, 67.15195090350721, 63.92625085645404, 68.09947425974325, 70.53717084454308, 73.98771669554037, 98.14362391811656, 100.62297885593446, 104.80605388513573, 108.24682919105207, 113.74964747099294, 121.70096687652565, 125.55968516313615, 111.87707332002473, 115.02622396486893, 99.82708307821517, 88.98420295627155, 76.11199323740112, 68.95205705364698, 60.08087922782865, 55.39394926761307], [59.31846695428734, 66.58834354607438, 75.30843378206484, 82.00552515299688, 74.82057238140263, 67.34487839759885, 59.02842123726771, 17.833822561755994, 9.401506753888869, 0.0, 9.204635660977626, 19.68471315425341, 12.152354101305228, 9.416323473154955, 12.607686049982885, 54.482570840582, 61.9911521511006, 69.00365352034261, 79.68303827438763, 88.65069269625845, 86.68731658362319, 78.30143043718527, 68.58182576862289, 60.1031079459313, 52.825962171418155, 21.480031714438365, 20.70142072944903, 19.483801608935845, 23.633489952221215, 24.98775769409224, 22.689942851991788, 17.12640481578326, 14.455882920209092, 12.701140708359778, 18.24259209491757, 43.291151037860544, 46.34796501221939, 53.056011824173424, 62.21755233704611, 63.74680536545018, 62.761529798582615, 56.6795142871091, 50.31743877986131, 41.065776112246375, 42.361672853109624, 32.17622698947969, 27.378608692558757, 87.26173589445715, 79.9767855647106, 73.33727736773503, 70.15653103891431, 66.48462728296809, 63.27543087822322, 64.35664586565842, 74.01028118679851, 79.96305345085233, 83.23848931481774, 86.42823173492594, 86.72990037231709, 84.62694578348281, 77.77800103487992, 74.20141034382733, 70.79382143903511, 66.19379714618269, 71.71136072064775, 75.05306386442699, 79.4163544269339, 106.49988685322849, 109.05483920183526, 112.83896770086467, 115.82820204650362, 120.91557781650822, 127.96162467562603, 130.74283942716872, 115.21846184782771, 115.88968103352695, 98.68866369138262, 86.96723402844943, 73.19644856594502, 64.86139356065797, 54.49680897120061, 49.155212332347915], [67.66550797466793, 74.98016892005971, 83.48155189846565, 89.71137574911717, 82.72807982515846, 75.31763973458503, 66.95017063351325, 25.359960476695186, 17.952027549805873, 9.204635660977626, 0.0, 11.177911755951559, 7.4689720482819455, 11.589973406432646, 18.87530846143151, 63.560442430065, 70.98105665278426, 77.8485676871571, 88.21795280508054, 96.73323373473889, 94.82998731998345, 86.83161408376242, 77.34532020952622, 68.9873233153612, 61.81127428409098, 29.867251651935252, 27.371922042763515, 23.67273381243007, 23.173992060632845, 20.296051951998177, 16.901184105424687, 16.06506864378217, 18.621860932217974, 20.68602150809703, 27.08737388319026, 52.20375318606855, 54.59684522548097, 60.41339763107446, 68.52380473433311, 69.44747393926765, 68.00787016653162, 61.13462671934788, 53.92823448847809, 44.24812472373988, 48.51958449802249, 40.112429436548695, 36.452391367017135, 91.53137955438892, 84.41560981098564, 77.44518890293486, 73.54066499589662, 69.00570662471527, 64.6610810564484, 64.03531433628537, 74.71545690184952, 81.31998125334152, 85.48551009784394, 89.47101087618682, 90.39486738321287, 88.62219221716605, 81.51572817401416, 77.13996986535746, 72.88243169720049, 66.72510221661223, 73.7269651309598, 77.90801040526568, 82.98433172190819, 113.28750923061091, 114.89230080601085, 117.65832812718736, 119.98277214303535, 124.61127166436778, 130.5407573630669, 132.17770274169115, 115.50042604620836, 113.09904833636193, 94.12073491990984, 81.68597120652927, 67.09713256058295, 57.82808448315862, 46.73434982740868, 42.48437682998343], [74.87640559159266, 82.21372035526494, 90.21181684940755, 95.52925027814014, 88.95134281818724, 81.74474096303432, 73.38122412683651, 32.67337646606628, 26.98255975559897, 19.68471315425341, 11.177911755951559, 0.0, 11.418005451142202, 18.396050505412948, 25.906379183492472, 72.84071136458385, 80.03360788686328, 86.46848053942857, 96.08107369845607, 103.54718174187028, 101.67503459868755, 94.4851218122119, 85.54399518350404, 77.48951006870952, 70.58908986779817, 40.721087082239706, 38.089716871694215, 33.5678089284722, 29.70171098388876, 22.415413847237197, 18.26621227551952, 23.73959016037676, 28.914756727859395, 31.58640014589363, 37.782858676880366, 60.887388194077595, 62.55155191034828, 67.48042890060603, 73.47276086715499, 74.0217935887221, 72.8037631355938, 65.60322727893563, 57.342488367577616, 47.24709719284731, 55.40152329162822, 48.36981411622247, 45.91743913670074, 93.36781666345082, 86.94663089284653, 80.13438248150531, 75.73439188857077, 70.46878320202744, 64.93483106812938, 61.978387022631, 73.75660791028349, 80.89703798922402, 85.85226672905337, 90.49848299698132, 91.83522041633658, 90.35957353710148, 83.54587840562715, 78.58702282400779, 73.58357087646301, 65.70374485941073, 74.30537499940085, 79.21648098859248, 84.74660247311225, 117.97170838954541, 117.6637503426177, 118.82413673443295, 120.28670212024122, 124.43345819547488, 129.002026824778, 129.43756989852554, 112.53426186596297, 106.24299550896036, 85.68137032936328, 72.66246770400369, 57.13095503660475, 47.048309163861035, 36.16796383215264, 35.9756759422182], [67.23677241629794, 74.5899058908497, 82.87802178707362, 88.72002061398139, 81.47784944409385, 73.9071868266248, 65.62114833979615, 24.120273203513495, 18.730764802237626, 12.152354101305228, 7.4689720482819455, 11.418005451142202, 0.0, 7.680989439431419, 16.69953717544127, 64.72339275288405, 72.25927491014359, 79.0642483560407, 89.3439045536857, 97.45784504254063, 95.31677597967268, 87.44372245602716, 77.99176910399498, 69.58011742926638, 62.31615525729421, 33.26078766068182, 32.276810375491166, 29.84932318439983, 30.586615831001037, 27.321032988980082, 23.62147931497579, 23.316336512107256, 24.582404892066904, 24.58367714174944, 29.84614081364941, 51.788367343749066, 52.39941627373054, 56.90124133017191, 64.05014707125245, 64.35234438564608, 62.58948456720367, 55.36762962133796, 47.690335697382345, 37.88368482005177, 44.26392644924421, 37.72578686797839, 36.549288199448675, 85.7433635038784, 78.52520310877544, 71.29031191834221, 67.03509983463405, 62.17663160133492, 57.506485130449754, 56.645309646150096, 67.41045846898852, 74.14048806257468, 78.5570576655374, 82.85180800045187, 84.14070289564668, 82.58648379704857, 75.19480998017812, 70.45024296410097, 65.90212790580782, 59.409928332128445, 66.72385125208551, 71.1875123030993, 76.59292397544715, 114.06155785848189, 113.8444684955735, 114.8775559411436, 116.18480410314545, 119.96081933856647, 125.30714927957986, 126.30517560056842, 108.4377931436566, 106.70866575174696, 88.22577206190732, 76.13911315643314, 62.605512010340256, 54.71145596362291, 46.92442716789634, 46.625103099101565], [60.06317513309127, 67.39914399378817, 75.76875859180679, 81.82607947782414, 74.35636659605692, 66.68085636652758, 58.43925533623842, 16.984068537742953, 12.544359328133622, 9.416323473154955, 11.589973406432646, 18.396050505412948, 7.680989439431419, 0.0, 9.483221858199249, 57.70114951705437, 65.29478561015911, 72.13413498899936, 82.55038072258544, 90.82436524237518, 88.5675677038638, 80.4822318919267, 70.90855809874166, 62.42364742827975, 55.091012878572876, 28.3333596259274, 29.1298484925755, 28.64848859004548, 32.29196685467818, 31.502020175166873, 28.343164886867026, 25.265719589035356, 23.49892822767698, 20.631879319553054, 24.42438848211021, 44.2892799970563, 44.73513139302752, 49.550894798238396, 57.21967607739094, 57.89825876308075, 56.5158366514313, 49.87456302266272, 42.68138544978044, 33.010424233670314, 37.6359478136776, 30.13109201140991, 29.267598512686707, 80.37795733172318, 72.99926964209077, 65.99350965621068, 62.29384560433466, 58.11991661648968, 54.38872587129382, 55.032224972290166, 64.90785013483202, 71.0828905686226, 74.7530278848983, 78.40915051027585, 79.21125248315714, 77.40305761192003, 70.18474629797159, 66.06223341109981, 62.2032772187373, 57.032080287220325, 63.087967980372085, 66.86753729582169, 71.71647978232733, 108.36605087910532, 108.35594288869609, 109.74919958115588, 111.35879950600125, 115.33636725101184, 121.50048663675952, 123.35286827432367, 106.32815892144866, 107.39684121455112, 90.64594779187264, 79.30972823906897, 66.71542097335193, 59.88663780952594, 53.09635218220771, 52.28147870749397], [50.649054107065105, 57.993394580862336, 66.30779672850156, 72.37229193825708, 64.93937704905396, 57.31149464650145, 49.033703805726226, 7.577468657300404, 7.3873400877872815, 12.607686049982885, 18.87530846143151, 25.906379183492472, 16.69953717544127, 9.483221858199249, 0.0, 49.330125963171874, 56.749412718940206, 63.322257289015326, 73.45608239277588, 81.50198095286486, 79.19298166384593, 71.22568354085712, 61.81451623177929, 53.462132328063994, 46.295920735781145, 24.897961193736908, 28.0834692964429, 29.737252759924786, 35.44302913782418, 36.61844389230991, 34.071940348934284, 29.543668087932634, 25.384737393292173, 19.375772753643997, 20.423379369450053, 35.585428935802966, 36.730604250413414, 42.710906440268964, 50.22135433786657, 52.010738832164385, 52.07337967326113, 46.848391738730925, 40.24060455047297, 30.846864320281313, 33.462223672406054, 23.190060049979305, 21.59801476672819, 74.84676413823452, 67.86241794176175, 61.788373497983336, 59.179434566964375, 56.11803122702643, 53.588465307384176, 55.472988459717925, 64.34848337212203, 69.70412816036801, 72.27075069834301, 74.87497917247043, 74.68064972273505, 72.40242388303948, 66.11133670694475, 63.147920220832965, 60.35679808885169, 56.727698893939966, 61.27681091665941, 63.99375318007586, 67.74109387638204, 99.33509410610053, 99.57137738614041, 101.75879105259699, 104.10381614813535, 108.78435423878862, 116.04726802327512, 119.22872020070334, 104.66269087643663, 108.01175390827224, 93.25579411073323, 82.76587739735558, 70.76414508390674, 64.74567970523783, 58.4421868216986, 56.98868531066886], [20.508591180894825, 23.42138423518467, 32.25061076541804, 42.519636051354794, 36.03137390671848, 31.183664763054214, 27.62616701395664, 42.30194601861463, 46.172053864662516, 54.482570840582, 63.560442430065, 72.84071136458385, 64.72339275288405, 57.70114951705437, 49.330125963171874, 0.0, 8.112747690774567, 16.26316895311446, 29.334144702638152, 42.033812093179336, 39.976370172323165, 28.64549198300801, 17.6183931592664, 9.743631307813583, 6.739330508863471, 38.10410652163592, 45.416653798351575, 52.92176090399972, 63.66784713313418, 72.04987760274965, 72.11885149108716, 62.83006351133725, 53.85237674781203, 45.78308660690104, 38.48676951517929, 17.247734794278664, 28.932906541218216, 40.429782204814074, 50.91181778829498, 57.48035857616934, 61.76910189638053, 63.98832038299423, 64.57104748772977, 61.74365662323637, 48.74270740712428, 36.04241062036186, 29.071434242231753, 81.29054935329312, 75.87457350740308, 74.3526096026862, 76.95936451508373, 79.30986929663983, 82.49353189864503, 90.00228501991623, 93.21302338112305, 94.59252612636169, 92.24672126409043, 89.85436685575189, 85.62580021927542, 81.62834406026732, 79.38429081921396, 81.96020683004332, 84.22271257357401, 87.98699149623974, 85.21977320542544, 82.98159559645696, 81.49443947897124, 68.7167180944674, 79.63621219867541, 92.01802645122278, 100.34177493345202, 109.01595185661465, 122.7237964969807, 132.77654172093773, 128.02988869524287, 142.2761684052329, 134.28483664144267, 126.27627855275189, 115.89135080873652, 110.80887424049858, 102.51643987880456, 94.32789118698604], [20.58927049741552, 20.985038467627383, 28.42955308595585, 38.76388635450354, 33.54589431620831, 30.423627853769723, 28.778643146686917, 49.558881344510496, 53.626111204362054, 61.9911521511006, 70.98105665278426, 80.03360788686328, 72.25927491014359, 65.29478561015911, 56.749412718940206, 8.112747690774567, 0.0, 8.413879603441325, 21.795176816803615, 35.21184859150994, 33.39339732582686, 21.826675309919466, 11.525738621835087, 7.893947989310862, 11.836919154894064, 45.59658561797237, 52.58188977151403, 59.910680198656586, 70.26855008671868, 78.7490183880498, 78.9829769525739, 69.8994599789018, 61.11077643950928, 53.29720084173811, 46.128315856305164, 24.225848518709494, 35.007828970056345, 45.81655466241643, 54.84702210756345, 61.940786165711074, 67.05506662879542, 70.13887603279005, 71.07019169354524, 68.60613192410831, 55.76509608304098, 43.60490493202005, 36.9809237635189, 84.0631410447279, 79.43816047982493, 78.88974558348225, 82.14813077174041, 85.03552261729077, 88.615393167633, 96.21376138715338, 98.9785169569898, 99.9097649557956, 97.01161248618357, 93.98052076706, 89.13762375141192, 84.94330142067295, 83.69047321189913, 86.97856628669217, 89.762249815236, 94.03723954994052, 90.72740608930903, 87.96794915478988, 85.74770064780635, 62.815806956197406, 75.70277036267096, 89.97066332273539, 99.39609133614195, 108.8668460545035, 123.4073675157606, 134.51824541224755, 132.0130546073332, 146.95823292936683, 139.88712206574155, 132.2378251474696, 121.96802946299657, 117.00995839205717, 108.62746880548437, 100.07149795749386], [21.133872473215245, 18.85310232192795, 23.940899402401783, 33.76958964676613, 30.275923491463264, 29.228401556271173, 29.52580296373892, 55.94596787704378, 60.46098354424847, 69.00365352034261, 77.8485676871571, 86.46848053942857, 79.0642483560407, 72.13413498899936, 63.322257289015326, 16.26316895311446, 8.413879603441325, 0.0, 13.447096591775786, 27.21231595568545, 25.599875564823456, 14.120314114153766, 6.638910930020452, 11.108684446848825, 18.197787764258432, 53.33036373509903, 60.15911690746636, 67.2370080218812, 77.07658678247395, 85.32571749148366, 85.60217777489294, 76.96762479520626, 68.47247772363478, 60.75232420751523, 53.733916783305624, 30.804933769757746, 40.74069649660764, 50.855178174743465, 57.886492147485285, 65.51954267777413, 71.64710849678838, 75.56577436871423, 76.61198088756223, 74.39247921584686, 62.283382368255516, 50.5293388938008, 44.38908615820746, 85.36283208471647, 81.74940677119012, 82.30724805367805, 86.21577232006128, 89.59896787493484, 93.48671405594617, 100.983155209697, 103.35022034933348, 103.83262863664545, 100.39649284356837, 96.73093944955716, 91.22947257403735, 86.83879205150193, 86.7561811990039, 90.75962649072902, 94.03342730641563, 98.7037348786057, 94.95120708886076, 91.69627542993182, 88.71660969244645, 55.46705314920112, 69.80354197974333, 85.76806763570802, 96.26068933854336, 106.55648447970212, 121.84848547569399, 134.0140184889703, 134.10956342733962, 149.53605923726343, 143.56705885366225, 136.40128874046363, 126.38096862881574, 121.72970717431176, 113.6289580146708, 105.23146773221315], [26.77132809540701, 21.698689543532552, 21.226595411242236, 28.183367527287686, 28.691947339517842, 31.229312176957006, 34.02406175896096, 65.93744611876494, 70.98058224319331, 79.68303827438763, 88.21795280508054, 96.08107369845607, 89.3439045536857, 82.55038072258544, 73.45608239277588, 29.334144702638152, 21.795176816803615, 13.447096591775786, 0.0, 14.427282915732299, 13.679851426025982, 6.322479754965293, 13.572979593786213, 22.199635331989597, 29.97652658456916, 65.31069628184567, 71.89654526694895, 78.53493759036826, 87.49691591665386, 95.24618080758901, 95.55746824777252, 87.72293244661726, 79.75562054932433, 72.20979209657848, 65.48399755875491, 42.039688868941795, 50.97721719244645, 60.14435421749427, 64.1395370451949, 72.37850376680615, 79.88951740315599, 84.78037347978537, 85.74188326566146, 83.68185097209114, 73.04265997231214, 61.69025466824874, 56.03795094512108, 88.3188977957239, 86.38588649379724, 88.55995136058665, 93.28533447507887, 97.2362235834788, 101.38505238903338, 108.46660270656533, 110.40711862137262, 110.31485242180472, 106.20850576099122, 101.71813634133363, 95.30507929217302, 90.67797978957584, 92.38349576946113, 97.30710148852151, 101.15925732728398, 106.15884382681759, 101.99411421219409, 98.14680399594566, 94.15337404622254, 43.30070502771185, 60.20029588360168, 79.08337170394046, 91.34471567589553, 103.02120313530294, 119.31202694815414, 133.0421547873069, 137.4034352916874, 153.01410150085513, 148.65882505517175, 142.23456214202747, 132.56742828531117, 128.36914389430174, 120.73386200023398, 112.72219779940976], [33.29879261076236, 27.331923367688816, 21.866928609483157, 22.9283099629242, 28.208676508590894, 33.78089810912626, 38.28305278689949, 73.97442728858651, 79.76947428010469, 88.65069269625845, 96.73323373473889, 103.54718174187028, 97.45784504254063, 90.82436524237518, 81.50198095286486, 42.033812093179336, 35.21184859150994, 27.21231595568545, 14.427282915732299, 0.0, 3.9389969894994827, 14.325516588096812, 25.132718704185823, 33.631713123537104, 41.206785438334435, 76.48263124666582, 83.03057919276047, 89.19890981426701, 97.25747296620224, 104.05430307075162, 104.18886273489476, 97.42150037979891, 90.07728062886602, 82.52542531198813, 76.1474680292989, 52.02431997098512, 59.636758547141284, 67.67719685383314, 68.16881467299142, 76.81735085412751, 85.72660545057207, 91.43923791082449, 92.0619560527258, 90.1167346317891, 81.64586676539807, 70.90555643746815, 66.19669581803282, 88.0288509818801, 88.02028865720405, 91.85689092998619, 97.2870015233357, 101.68225605992703, 105.93744900322406, 112.32549163881218, 113.84972334529492, 113.19330661615358, 108.50869121304804, 103.298064107942, 96.04549589947993, 91.25952817314248, 94.8739183701339, 100.60691044464137, 104.92843395847868, 110.0664643986635, 105.65314745734861, 101.3160833547831, 96.37956318136763, 29.891280989598442, 47.36603741831547, 68.5705071607453, 82.37980999913076, 95.33870534314225, 112.33040290266493, 127.44000664460398, 136.31702716338953, 151.78416461513555, 149.3602522214198, 143.92839220243485, 134.99467113962436, 131.64803128193023, 125.27605888820206, 118.68230433602716], [30.21910854377925, 23.9585523548489, 18.06367331136065, 19.530806674739754, 24.428368154961106, 30.090898996648107, 34.92959965396356, 71.6464998457966, 77.68934781216903, 86.68731658362319, 94.82998731998345, 101.67503459868755, 95.31677597967268, 88.5675677038638, 79.19298166384593, 39.976370172323165, 33.39339732582686, 25.599875564823456, 13.679851426025982, 3.9389969894994827, 0.0, 11.92619674217464, 22.73496591274625, 31.183296754079226, 38.7291449483482, 74.73008083017837, 81.50513686602427, 87.80434369760955, 96.10807128050914, 102.82168350548034, 102.82380854818001, 95.97725416008804, 88.50754668817386, 80.73343140885977, 74.25938806302706, 49.25294234895135, 56.340047821751355, 64.08414073506776, 64.39686062069303, 73.02819787310374, 81.96462443917555, 87.80882224218257, 88.57742694910138, 86.86271764824833, 78.31930798491847, 67.9680308084841, 63.794587764763385, 84.35393390715267, 84.23038696217348, 88.06497614205614, 93.55168023690261, 98.03854542279853, 102.42361255089384, 109.00209421992703, 110.31508937356266, 109.56672676237262, 104.80999767213534, 99.55754939076435, 92.32321192636405, 87.54479686910622, 91.10063721778744, 96.88645823305384, 101.2916173966835, 106.62428313979387, 102.01654408785643, 97.59923613117687, 92.61840385224022, 32.34349821803169, 47.30928040306784, 67.13761376224981, 80.37264308583296, 92.90837707110992, 109.83000147188658, 124.73329921555582, 132.95043114603746, 149.01982732863252, 146.78535149898988, 141.46323084186952, 132.83678233752548, 129.7693650922554, 123.90892436989334, 117.85861922468813], [22.42445645590058, 16.441739732335297, 15.057088732579418, 22.56508927665366, 22.51062969669718, 25.35879981181091, 28.96257604403148, 63.655896014369844, 69.33574847181562, 78.30143043718527, 86.83161408376242, 94.4851218122119, 87.44372245602716, 80.4822318919267, 71.22568354085712, 28.64549198300801, 21.826675309919466, 14.120314114153766, 6.322479754965293, 14.325516588096812, 11.92619674217464, 0.0, 11.204483866002802, 20.12466960421535, 27.96842242693531, 64.88938717179197, 71.88423264213623, 78.62689891170128, 87.77319986643293, 95.11136584846452, 95.14303062022532, 87.45723569787883, 79.4363964970866, 71.48509486267784, 64.67257511753802, 39.294642761637355, 47.06010146606932, 55.56265833262592, 58.580462700045764, 66.90497345243509, 74.77488462254257, 80.05656584839124, 81.16628285692856, 79.49437127027633, 69.20977714921209, 58.60620299838486, 54.12442175680133, 82.16771568671822, 80.41050061280745, 82.89485351539601, 87.84876788120262, 92.0324952880559, 96.40608209155059, 103.63982416819947, 105.16982524338388, 104.82405238722689, 100.49526704230317, 95.80701668144711, 89.26427728117162, 84.61882075153619, 86.59262892118178, 91.75412786753351, 95.8286237026781, 101.15662965525033, 96.64185219735333, 92.57363099588032, 88.33043619538333, 43.57099189957472, 57.291427980516964, 74.52288861407796, 86.14981472290242, 97.38857867349701, 113.63527185426494, 127.27275614622302, 131.50631820636391, 147.97370999137013, 144.32632730435705, 138.29675165465886, 129.29044841457875, 125.74607912260996, 119.26524178980696, 112.53557937598781], [15.67326060616418, 12.344837278486501, 17.610148083577407, 27.751073617011883, 23.69183980566347, 22.70556729979011, 23.70215012443641, 54.30874600355602, 59.681450999765225, 68.58182576862289, 77.34532020952622, 85.54399518350404, 77.99176910399498, 70.90855809874166, 61.81451623177929, 17.6183931592664, 11.525738621835087, 6.638910930020452, 13.572979593786213, 25.132718704185823, 22.73496591274625, 11.204483866002802, 0.0, 9.0784032805701, 17.00255025753804, 54.43238728824631, 61.659357134429044, 68.69827975929574, 78.46107809138253, 86.0840402137355, 86.05572387420698, 77.8275353526681, 69.44236778360897, 61.30807611674905, 54.285878779579306, 28.832660662965633, 37.54322149166324, 47.057184155424366, 52.60170294122343, 60.51435936738181, 67.32247138345276, 71.75042149596149, 72.79740302085992, 70.87438134269257, 59.55074586939953, 48.43991466931445, 43.61626287981023, 79.22816603615776, 76.02558215933148, 77.10358687483412, 81.3347506114778, 84.98957164725789, 89.07724257874224, 96.57198219293497, 98.5721899761219, 98.77139067125981, 95.0623784290471, 91.12485501249058, 85.36217894128417, 80.90323130596072, 81.33699451494232, 85.67676337245025, 89.21254004843884, 94.16255171082554, 90.09734254112294, 86.57818149107982, 83.2368659508136, 53.28245429585703, 65.09429200255765, 79.82489824855115, 89.91903366850016, 100.00628898468456, 115.30786320545653, 127.54470435445975, 128.16458487449205, 144.19913886820132, 139.09687026081244, 132.41196041145702, 123.05035441756986, 119.10996869638576, 112.25617697764844, 105.29861868939025], [12.806376694515277, 13.995261016418235, 22.54090886852726, 32.85285231139243, 26.72960752553666, 22.838392093642277, 20.89623857324114, 46.04212409990238, 51.238396988792736, 60.1031079459313, 68.9873233153612, 77.48951006870952, 69.58011742926638, 62.42364742827975, 53.462132328063994, 9.743631307813583, 7.893947989310862, 11.108684446848825, 22.199635331989597, 33.631713123537104, 31.183296754079226, 20.12466960421535, 9.0784032805701, 0.0, 7.927025265102729, 45.85226224943699, 53.326419044579715, 60.52604198214954, 70.67524070053305, 78.3037134759476, 78.15392062715159, 69.65637903800705, 61.07213359755033, 52.734788413159436, 45.59934084462767, 20.068574898814163, 29.934907375192214, 40.48974946077197, 47.965294303224596, 55.43054408851706, 61.35238786090063, 64.88015949781551, 65.60840513219355, 63.28589906812119, 51.56517020902288, 39.804293762724285, 34.666492959565986, 76.58926136916472, 72.33593138263181, 72.2379313145312, 75.75800300967414, 78.84023299750235, 82.52794813126155, 90.00965255208291, 92.53737388115736, 93.26162098666181, 90.16875503971157, 86.95080281543525, 81.8801616803145, 77.61331038941186, 76.82244809354019, 80.37049449433428, 83.34043788218294, 87.76215980741016, 84.27330958282494, 81.32293196650645, 78.81624843075244, 60.543111019659136, 70.52436760683436, 83.18937138517552, 92.03581918776105, 101.22350539619985, 115.60430272291119, 126.62651066377711, 124.51063488857423, 139.77405062786937, 133.4826762841785, 126.29922232559387, 116.67857644673738, 112.477789422443, 105.49722776463517, 98.66306742126281], [14.835115144255843, 19.012348885959383, 28.391314154452484, 38.33235023141328, 31.135867238500026, 25.47258722483503, 21.214993578762872, 39.012292126393575, 44.01655940721525, 52.825962171418155, 61.81127428409098, 70.58908986779817, 62.31615525729421, 55.091012878572876, 46.295920735781145, 6.739330508863471, 11.836919154894064, 18.197787764258432, 29.97652658456916, 41.206785438334435, 38.7291449483482, 27.96842242693531, 17.00255025753804, 7.927025265102729, 0.0, 38.61388480387838, 46.35883722284041, 53.69586476259875, 64.20507788915585, 71.77253046069887, 71.48110629686956, 62.75268474565346, 53.99185505243425, 45.43426557897538, 38.19641983870065, 12.649004050781114, 23.970351150129073, 35.49515398089623, 44.79343296394941, 51.66516114707036, 56.62839959669992, 59.198463868953944, 59.571385909077605, 56.83791173391196, 44.80965953505331, 32.353103218756466, 26.884263000364715, 74.84357048224578, 69.6730237647721, 68.46135264323705, 71.25814235435199, 73.75323273579437, 77.01984336033219, 84.44428393188656, 87.47405317026625, 88.69891823802728, 86.21112386566877, 83.69449957213317, 79.30797326866842, 75.25883797098423, 73.33278508598484, 76.0912297592753, 78.49036570144814, 82.36690409108944, 79.46349516732538, 77.08476501060085, 75.39584360884663, 67.15356566828804, 75.64381077418768, 86.54568854297291, 94.28586031066489, 102.64785484270708, 116.15296675926302, 126.06204317982541, 121.51525109295191, 136.02620458584843, 128.67316222035305, 121.05371543124515, 111.23414831688214, 106.82226247799728, 99.79243901390171, 93.16942650847625], [49.284074247726316, 55.798323216846335, 65.19697055928347, 73.73926130581116, 66.45515808194477, 59.32423895763253, 51.762363331486895, 23.11480029631446, 18.27190416608789, 21.480031714438365, 29.867251651935252, 40.721087082239706, 33.26078766068182, 28.3333596259274, 24.897961193736908, 38.10410652163592, 45.59658561797237, 53.33036373509903, 65.31069628184567, 76.48263124666582, 74.73008083017837, 64.88938717179197, 54.43238728824631, 45.85226224943699, 38.61388480387838, 0.0, 8.394752867540413, 16.081526536546242, 28.209897662644348, 36.790606128663846, 36.809744698470396, 26.04242424662086, 16.36689025891122, 9.237146116573127, 4.556608777133825, 31.846157800542628, 38.94713216288662, 48.55954394618174, 61.48367854283989, 64.4614022388389, 64.04138869549803, 60.05791522879029, 56.77707037325967, 49.91155269195349, 42.10883292680224, 28.468213005011236, 17.56507