{
	"dissimilarities": [[0.0, 8.399559141609396, 16.01044197476216, 25.42158774706494, 18.249112344655533, 11.863436337723106, 6.369409338634, 42.03291836763511, 49.00699458607693, 59.419532114919456, 66.65056123464896, 73.58706525969018, 67.17503216258415, 60.13920316051909, 50.74272445425898, 21.43623682404393, 23.10521960569321, 24.430801153336784, 30.804146933187113, 38.574225748169326, 34.688834159953466, 26.260746897810215, 19.103129014709946, 15.156388712064825, 15.485679058455847, 49.77606361909588, 57.111286151531694, 64.92307539529942, 73.19612246702147, 78.79106284038885, 77.63606387076771, 70.98183216062678, 62.965090200542846, 54.47438799703663, 48.96794399167113, 17.768578412673843, 25.585082553555463, 37.200341540648736, 37.09995226073899, 45.683254224153536, 53.53994292612637, 57.548924040280326, 57.75615911446142, 55.744147562694145, 48.3457365197096, 37.24778430889679, 34.561632981703255, 65.05653218481427, 59.6326089789314, 58.71372741339036, 63.724925852985535, 66.25504076812044, 72.28267403796653, 81.36022633251484, 85.43015648051393, 85.76181770645245, 83.90503285550716, 80.23559915413348, 73.68035149287915, 66.25630283917522, 62.056527900802024, 65.88027334478613, 69.56041827183401, 78.93746447539962, 77.98159994713339, 74.94082822974003, 71.92795194222411, 59.51380818586598, 61.068131872964166, 71.07094264013168, 78.77959582402822, 90.21467259947256, 105.84769270890052, 110.49235592673033, 114.68717279774492, 125.016932745284, 121.59128885590205, 115.74914084473848, 107.66907176371107, 105.80200856475683, 100.9799610368497, 95.06750550261756], [8.399559141609396, 0.0, 8.158919653848663, 18.984092481243923, 12.689070519393805, 9.496818100299542, 11.162683320975558, 50.402384896186696, 57.332732425244586, 67.7000681154627, 74.99517453630276, 81.96860908634928, 75.56609970369364, 68.49618457428899, 59.098326652461445, 24.397011889724958, 23.257444209572945, 21.54902169916245, 25.310705142465647, 32.3524032759119, 28.05289069643021, 19.868124597432413, 15.116338326095807, 15.348917707145805, 19.23951701724687, 56.967828346148266, 64.37520446265768, 72.35030340656276, 80.74077552067813, 86.67394702419165, 85.68657141298243, 78.82216406233594, 70.6931333257838, 62.189106995526394, 56.507253738197974, 24.907974316188, 31.609070740148784, 41.63318930806135, 40.45227160504806, 49.42986807325795, 57.80435444405129, 62.7375053537759, 63.89854927073256, 62.70279410642697, 54.52772441304051, 44.559378572183995, 42.283179728314046, 66.62471820225734, 61.903530951280075, 62.28221419838702, 68.05983997457083, 71.38191872435401, 78.07483145259815, 87.39663819197591, 90.80442773620746, 90.19385431632224, 87.66263368498856, 83.12584803584379, 75.86793202054167, 68.3243088348463, 65.41377968129025, 70.13731185524918, 74.64442511431257, 84.73308938354077, 82.74170999113898, 79.0106374706288, 75.03272489307246, 54.555887831099625, 56.925234163616174, 68.51313735521053, 77.30697909480534, 89.23739372291867, 105.86672046571782, 111.67162734495756, 118.02334144227773, 129.9814397679787, 127.8756437173269, 122.5743745451608, 114.974377795192, 113.48751455049585, 108.923907186243, 102.89350549116087], [16.01044197476216, 8.158919653848663, 0.0, 11.502300895203973, 8.463064448137978, 11.44645368091187, 17.0622918348335, 57.85828986016677, 64.92415726334565, 75.34851122195828, 82.47383126761633, 89.10316645527992, 82.89091343891756, 75.90668243695161, 66.50277923728636, 31.443654852941776, 28.68890489255151, 24.391052401595754, 23.578925301896078, 27.1059870609472, 22.5406522121016, 17.36660717924687, 17.78735633810542, 21.520393830678284, 26.786075346889586, 64.92851735513202, 72.24671410278734, 80.08421265331332, 88.22188655682912, 93.98773462681928, 93.03285391638109, 86.44697161454944, 78.49965038030359, 70.09480692478289, 64.48477716605193, 33.04182413121953, 38.85034858013994, 47.51411487666933, 44.03243871643911, 53.333833781957004, 62.49659109426472, 68.18229276322651, 69.65401231262234, 68.961891045733, 61.41177805492616, 52.26520338851959, 50.362412111235045, 67.10963562109198, 63.646262895123364, 65.75044831678127, 72.14398515092613, 76.08007546535502, 82.9515854258995, 91.86421355624421, 94.70577135441641, 93.475408244204, 90.35425090958826, 84.99795042929829, 76.86939202517182, 69.19166305341747, 68.32364994072513, 73.98165401224873, 79.10083653732481, 89.02235415235592, 86.2878583379995, 82.02271201137283, 77.0946598876817, 48.55726500915473, 50.48047528513287, 63.22218657514135, 73.07801663820159, 85.62282916826472, 103.06191298883373, 110.24405165907345, 119.40787836204294, 132.2394106081773, 131.39967784124298, 126.71800428623722, 119.62822226363652, 118.65040879485898, 114.67934362632683, 109.17145059730363], [25.42158774706494, 18.984092481243923, 11.502300895203973, 0.0, 10.944131416214496, 18.1655889348014, 24.747215773049703, 65.44864394641358, 72.76240089737786, 83.26149368843004, 89.89718651671133, 95.67230335167665, 89.91011520279943, 83.20195472383212, 73.88109476469629, 42.48148996685765, 39.32235287343305, 33.77134955661992, 28.60230463512332, 24.946573671404355, 20.99511100376497, 22.840863163762727, 27.570085353584258, 32.41871309774992, 37.75587389615855, 74.63148535666734, 81.69057885540563, 89.06001145073739, 96.50958176519848, 101.50951601953584, 100.44016780025056, 94.72730468265355, 87.31729455181998, 79.16413964651481, 73.89054014978613, 43.105035075345825, 48.06705267260091, 55.508637445603135, 48.34967399466737, 57.87199465424374, 68.16072554995824, 74.471312164599, 75.5984298444139, 75.17205892280484, 69.77886320677281, 61.316887382815175, 59.85127911938045, 66.1893225326064, 64.90127270145486, 69.4485203791867, 76.32564826508404, 80.73239508971085, 87.21547235717952, 94.83823898975082, 97.11418380528315, 95.56691745459872, 91.88782288982821, 85.67806004319861, 76.36364457932024, 68.54311799183802, 70.96831027501054, 77.69477024735822, 83.23330317216514, 91.87635633187288, 88.638358721928, 83.96837217414274, 77.99037176784725, 40.799411286345986, 39.44574242031187, 52.89656616635429, 64.08803470940968, 77.62037016975526, 95.77163868243208, 104.88751481610298, 118.20516221925509, 131.03377832381008, 131.63160049967462, 127.80777452700366, 121.41026167771375, 121.2180124056073, 118.4037416190684, 114.32592761164716], [18.249112344655533, 12.689070519393805, 8.463064448137978, 10.944131416214496, 0.0, 8.04501793887931, 16.129417913647625, 57.8055077504968, 65.43052523920117, 76.03363090120351, 82.8606446429078, 89.00706137436, 82.5260782921377, 75.42231629349712, 66.0719322021068, 36.92745378977075, 35.57476089141307, 32.395079368885405, 31.89746430703428, 33.302106924406544, 28.855705107108644, 25.63682816446929, 25.739393276760392, 27.895792098991222, 31.636389767275798, 67.91118708053509, 75.28056867782955, 83.0196523902717, 91.04820983882448, 96.05701917810289, 94.6570217832697, 88.64637395440316, 80.84056160508672, 72.35450275279295, 66.94873746140597, 34.90889742567565, 37.915385570068764, 44.62310691203116, 38.14252168265316, 47.606196554335874, 57.55262997150287, 63.84666735607415, 65.42477119559481, 65.41325176701584, 59.25128818381306, 51.7640068523401, 51.81659707580084, 59.054175188328664, 56.23534863372294, 59.52654762304521, 66.29198465501356, 70.67380313939395, 77.60471391254862, 86.19611263466635, 88.45997206159208, 86.73069826156076, 83.2512572475663, 77.48000804406796, 68.96554933833183, 61.25320046349365, 61.57451136720565, 67.87342826492194, 73.41002389328139, 83.17303909272084, 79.7653341497646, 75.14799649005774, 69.68326210943371, 51.43389531399536, 48.491426016658096, 57.60561336473599, 66.12196338338829, 77.9527644003973, 95.25516032662041, 102.08147378028187, 111.6033557060313, 125.42090583129388, 125.8836556519178, 121.91569572762259, 115.85870475774271, 115.95220841949795, 113.75656913044175, 110.24893678722071], [11.863436337723106, 9.496818100299542, 11.44645368091187, 18.1655889348014, 8.04501793887931, 0.0, 8.600246713556245, 50.17457462124231, 57.83604306887066, 68.43649927202962, 75.36353061926131, 81.74847293977918, 75.0077128242795, 67.77449517017945, 58.41626286976741, 31.632969131521563, 31.970210302409264, 30.964692870108095, 33.79996144939644, 38.07816118179824, 33.684489915804186, 27.890143924974033, 24.520263529088222, 23.949496998447902, 25.9363894105725, 60.616877144129894, 68.04932973955083, 75.86706963449947, 84.08986367238312, 89.0882253147655, 87.56350021475087, 81.41682230448629, 73.48527679233322, 64.90677669612381, 59.50488327037327, 27.33775695342466, 30.061316078547947, 37.68394592198308, 32.83639490966846, 42.1878633452909, 51.58587291594802, 57.26632673942485, 58.54227019846665, 58.149680044941526, 51.637331439132716, 43.72682225333875, 44.03597677922052, 57.29758414476256, 53.105373976965545, 54.67761890447077, 60.89847737436552, 64.73435574875745, 71.53594166183873, 80.56009149852069, 83.34410834078514, 82.19548997819378, 79.28522485954082, 74.32572718590352, 66.6873785665333, 59.08235793724696, 57.27541394398508, 62.70879314444018, 67.69940310844706, 77.67774668751274, 74.93757786145547, 70.81788240541528, 66.28805018196017, 57.278911231872776, 54.78343161850709, 62.56358459180609, 69.79747716402133, 80.855355705246, 97.22252083267746, 102.50953024059459, 109.0433043581357, 122.0896593177041, 121.41373443743127, 116.90282854267315, 110.47366036600587, 110.22855972676588, 107.74513345808747, 104.08557271319673], [6.369409338634, 11.162683320975558, 17.0622918348335, 24.747215773049703, 16.129417913647625, 8.600246713556245, 0.0, 41.79700346509452, 49.35914659622918, 59.953146641892914, 66.88818450585727, 73.35853844805895, 66.71614913494632, 59.56313641991276, 50.17524004023161, 27.040905312312514, 29.237120663013656, 30.393300297612893, 35.70569006893625, 41.71141662237552, 37.686305847317115, 30.608910316286806, 24.685029887939145, 21.28252101147771, 21.00010076288488, 52.59557750391938, 59.89864233340334, 67.54193968492105, 75.63509505825805, 80.50988613598345, 78.964114215074, 72.8819344475474, 65.05574667677107, 56.55089883920225, 51.29412677800127, 20.010754960218694, 24.40780101760538, 34.42390117331146, 31.710709259206958, 40.61072207124567, 49.228989116144675, 53.71869971761135, 53.89834135558544, 52.381046468236406, 46.30867329739059, 36.658130710445754, 36.014090012838224, 58.79422882086626, 53.68769562467984, 53.48939058202574, 58.76310679070481, 61.59680332543942, 67.65056532462309, 76.48798281889071, 80.18886212400425, 80.23760849231057, 78.16575672712499, 74.26229714107981, 67.47220598665277, 59.99527465529966, 56.474610890995486, 60.73761715390247, 64.69833030316926, 73.92025364890577, 72.53265943404118, 69.2729118020118, 65.94633514756609, 60.920081090408274, 59.44249404253068, 67.03636145707289, 73.7153377907992, 84.58418911447295, 99.9771805281354, 104.26079944452174, 108.5507559496093, 119.47990820740307, 116.96433914463005, 111.64199955125045, 104.3387067770545, 103.33425092735727, 99.98612246178699, 95.79734454633208], [42.03291836763511, 50.402384896186696, 57.85828986016677, 65.44864394641358, 57.8055077504968, 50.17457462124231, 41.79700346509452, 0.0, 8.415327245249648, 18.806357551346192, 25.38218646054216, 32.587691196074175, 25.25576288552759, 18.185944949826116, 8.924569247625906, 42.51477220568465, 50.39731720465814, 57.75735069051394, 68.09650270247471, 77.09941465186401, 74.22128648720765, 65.61930039427783, 56.03285451021878, 47.636958802757604, 40.469447121860576, 25.5768986733916, 29.57638757157136, 34.241341629729185, 40.75738022517527, 42.97816523994113, 40.132067409017544, 35.51595655347286, 29.2727908618877, 22.60870603513799, 21.24855895770497, 28.90553069243957, 30.285304963607828, 39.4684557508643, 45.86771244150657, 47.87304440928798, 49.06670633028412, 45.760337467363954, 39.55877570122827, 31.502330365966486, 32.52706140008917, 19.37085941102524, 15.907530696592131, 72.82475039450176, 64.86372517599426, 56.99503207368518, 56.13343994483745, 53.025381153323636, 53.53596509946608, 60.1288890713345, 68.05259322890971, 73.97810047962047, 76.37181286896212, 78.15963892557369, 76.6933938029263, 71.46789199225009, 60.86658303714915, 58.359305388793814, 56.03754432013717, 59.752641930476166, 65.55335636130685, 67.19566114296764, 70.32309145787072, 93.93540002933406, 93.06427830782062, 96.61562788939757, 99.17486282604375, 107.09643637105488, 117.00338244457556, 115.3615490512912, 106.9738456954107, 108.09224129028068, 96.74708611719389, 87.53536380059361, 76.63290698379403, 72.0118125901541, 65.35653863501712, 60.42528477937244], [49.00699458607693, 57.332732425244586, 64.92415726334565, 72.76240089737786, 65.43052523920117, 57.83604306887066, 49.35914659622918, 8.415327245249648, 0.0, 10.637647716512001, 17.850897921423474, 26.20313841402016, 19.342297666308934, 13.354484710093047, 7.409854342976724, 46.826905539929, 54.755120526662985, 62.55385405709853, 73.2957033605611, 82.83511599675923, 80.194073264294, 71.3639481508132, 61.546365937267325, 53.003848515175335, 45.67521504151739, 21.795068409222715, 23.790568872572884, 27.008193733969065, 32.941060041098694, 34.95766584676238, 32.08545002988783, 27.305387339829938, 21.59943737026002, 16.299489171370553, 17.151757683867068, 35.0171945965164, 37.227016389711785, 46.16838541796694, 53.86425906491938, 55.29114747084678, 55.403731145117476, 51.10476307478801, 44.53117770857862, 35.940604665257666, 37.09802270062789, 24.70616763249829, 19.415961916618397, 80.49864339165308, 72.36279012154948, 63.770316977593154, 62.164415966125716, 58.29716872278005, 57.91907528029923, 63.86800059476514, 72.35966213154697, 79.11725669534921, 82.14409906117959, 84.67079057245479, 83.86958936145628, 78.95666821551282, 67.74562683694552, 64.40914352067985, 61.241715330854944, 63.97523239992951, 70.8516923023736, 73.18257365388509, 77.07914970268494, 99.64370654147113, 99.9854624177328, 104.15990446126281, 106.83037429054156, 114.75765022997463, 124.16951482950809, 122.11185957684101, 112.29259637902103, 111.46431041274441, 98.16883608937276, 88.03257421091752, 76.00259984054922, 69.89129304826278, 61.06975410591227, 54.16935257735649], [59.419532114919456, 67.7000681154627, 75.34851122195828, 83.26149368843004, 76.03363090120351, 68.43649927202962, 59.953146641892914, 18.806357551346192, 10.637647716512001, 0.0, 8.350469411290002, 18.37593515651669, 12.508609669513117, 10.473532580303457, 13.290612074289957, 55.575323690232196, 63.495279760559676, 71.60415146526086, 82.62082300590444, 92.47408374306777, 90.00510745276084, 81.06180837986065, 71.10702366616641, 62.49216854759899, 55.0783390655584, 23.94553579336292, 22.465880109872323, 22.262691293231576, 26.133220525079878, 26.55887525603854, 23.113180298872678, 19.259789673342752, 16.102707775649286, 15.478112812428295, 19.814182586042655, 44.92077896561668, 46.776655815613296, 54.62496206183514, 63.159646455071204, 63.632367802742046, 62.417350454054, 56.91966039985542, 49.79352849035019, 40.84738633301188, 43.16678134412918, 32.975491426604954, 28.199218016400113, 88.74095860908442, 80.42709632539592, 70.97149309906226, 68.33036143214579, 63.488857901244856, 61.835237947504616, 66.76510783219273, 75.830818632719, 83.62219422259022, 87.495579970455, 91.06078032689123, 91.26344677966463, 86.88849658695794, 74.93420556654671, 70.5064209367585, 66.21613539409731, 67.49094821455851, 75.67431575780789, 78.93055546054596, 83.88854154025312, 108.98800338559172, 109.80874097564373, 113.77288687919595, 116.01790840884088, 123.51289325997801, 131.97574172187814, 128.96369468089554, 116.77867618027706, 113.57176035220158, 98.03474067556434, 86.91302241480629, 73.90792253572799, 66.3110345699371, 55.60361404791737, 47.383869962994574], [66.65056123464896, 74.99517453630276, 82.47383126761633, 89.89718651671133, 82.8606446429078, 75.36353061926131, 66.88818450585727, 25.38218646054216, 17.850897921423474, 8.350469411290002, 0.0, 10.40694549487668, 7.353382056606946, 11.541311555701371, 18.38970332872583, 63.663543501622954, 71.47191890423147, 79.38943199388325, 90.03141989483731, 99.29573204488676, 96.95275140037796, 88.47580446647355, 78.79294135211553, 70.31908345489514, 63.030544253600006, 31.45052101961929, 28.597622250830202, 25.86566343816777, 26.32383214016466, 23.138412252457645, 18.58567274110534, 19.07734958459455, 20.129734305861216, 22.49705564963457, 27.62159479893002, 52.78305450511066, 54.19659603180542, 61.239647548369014, 68.74191475449966, 68.68517212146925, 67.164498866044, 61.11312841717921, 53.087672494568515, 43.83445039713622, 48.90869303581249, 40.243112663934745, 36.384458401809866, 92.35112536789845, 84.4538589444058, 75.0408545145655, 71.73234941964148, 66.23959441824171, 63.1729938036039, 66.35422691071805, 75.87066348957954, 84.71149869244353, 89.2015057107355, 93.46698078673937, 94.17160238257266, 90.18195469167212, 78.57681465546545, 73.63660635734347, 68.51333507621148, 67.58887641208231, 76.95926555198486, 80.97195968931948, 86.58954885581561, 114.59269071301502, 114.68179605128118, 117.67496172310118, 119.26710703227835, 126.30154538128376, 133.7010287200291, 130.03270770175652, 116.73459393494699, 110.91018747077409, 93.64549251571262, 81.87529172209172, 68.13939655246755, 59.630634177999625, 48.258190615185995, 41.078506151606845], [73.58706525969018, 81.96860908634928, 89.10316645527992, 95.67230335167665, 89.00706137436, 81.74847293977918, 73.35853844805895, 32.587691196074175, 26.20313841402016, 18.37593515651669, 10.40694549487668, 0.0, 9.821919196083165, 17.545362356826665, 25.196612625650612, 72.43392092408934, 80.0348318188069, 87.50216190272499, 97.39055266759823, 105.54422671284142, 103.35928986762406, 95.72168027308807, 86.57677465545187, 78.40103229862872, 71.38560665490934, 41.406575362102586, 38.164345122648506, 34.113606322893226, 31.576006601647176, 24.48369948274431, 19.272809643166354, 25.170688190828592, 29.058636304608687, 32.41105543099516, 37.59634752690466, 60.994085112296666, 62.09337637993725, 68.4969323579462, 73.99986933950846, 73.63128681926777, 72.340185425597, 66.0945434831265, 57.03623667156088, 47.612385692878256, 56.08006594169266, 48.55719809804579, 45.49285314449577, 94.77825123627976, 87.76063451385174, 78.98574534272149, 75.19090356438817, 69.21713290538258, 64.52693271496602, 65.1609033118273, 75.07219350254438, 85.1042967810845, 90.13312658475958, 94.95804573849094, 95.90300875936609, 92.26880168148989, 81.79968276819159, 76.67081034618967, 70.838102829023, 66.92616076327693, 77.54907218434579, 82.29755726621106, 88.37457564125141, 118.90876556387074, 117.68978734138113, 119.2981482131458, 120.09697888889781, 126.6330818948028, 132.72534452061387, 128.5700235402226, 114.92010650599155, 105.67459956604878, 86.51693805383792, 74.09810767135438, 59.402809728914036, 49.8751402355315, 38.138258539029096, 34.21583038232697], [67.17503216258415, 75.56609970369364, 82.89091343891756, 89.91011520279943, 82.5260782921377, 75.0077128242795, 66.71614913494632, 25.25576288552759, 19.342297666308934, 12.508609669513117, 7.353382056606946, 9.821919196083165, 0.0, 8.118258375151719, 16.912797000240584, 66.13533500967797, 74.09365124125976, 81.84558645840968, 92.27778071771182, 101.01299815026181, 98.47783614145588, 90.24826868551283, 80.69368216394561, 72.23581182498569, 64.93197385676862, 36.40011641187157, 34.62619128670183, 32.8590123811222, 33.65553591264316, 29.675024363657613, 24.763756282672727, 26.387158482313037, 26.90406150173495, 27.918916324573235, 32.20323073643334, 53.774661939790235, 53.517636880370404, 59.172884470787515, 65.55549284197197, 64.83373828019886, 63.05635606435041, 56.71382270449909, 48.02600560581229, 38.67240856607255, 46.31472283946238, 39.520327984662806, 38.020839493900546, 87.43318148375373, 79.70240845713752, 70.27390952266599, 66.51680475098298, 60.67175727503314, 56.844081709176784, 59.33265930360173, 68.95430300752852, 78.15258964399219, 82.9079585355486, 87.55122726655834, 88.67604206939185, 85.04199960291982, 73.48700301102024, 68.21691993872177, 62.642338779337464, 60.721335826807056, 70.51417408743905, 74.88554726799764, 80.90394994521166, 115.84513712462899, 114.11090882162256, 115.3150582558994, 115.845631179997, 122.04687920596002, 128.7162093481883, 124.21360706412084, 109.82634671131973, 103.89712551839122, 86.94216003174807, 75.41472126734773, 62.410885395788746, 55.04716835292284, 46.58894642924719, 43.75153990635833], [60.13920316051909, 68.49618457428899, 75.90668243695161, 83.20195472383212, 75.42231629349712, 67.77449517017945, 59.56313641991276, 18.185944949826116, 13.354484710093047, 10.473532580303457, 11.541311555701371, 17.545362356826665, 8.118258375151719, 0.0, 9.40847720490335, 59.42085585813505, 67.53203558197538, 75.34493538506482, 85.99869948532582, 95.0190001191096, 92.2626075279016, 83.71630030990235, 73.98488057465677, 65.42209833057662, 58.014072266132715, 32.2044027812868, 32.14276538162062, 32.657182872190354, 35.99752853843244, 34.41133498110473, 30.044758729357074, 28.82109408407651, 26.439305280920188, 24.791774501407538, 27.722623383146736, 46.40909443108006, 45.483190911388014, 51.12320609149596, 58.00649893695582, 57.45758904817877, 55.839423051826294, 49.85543312850475, 41.65470757591557, 32.35786814221095, 38.67335752901955, 31.466521920832164, 30.88675750518479, 81.24869406487905, 73.09344810179886, 63.51989936073838, 60.219762058749495, 54.85303489326963, 52.21776169902648, 56.44927765262587, 65.64519416773585, 73.8665598130658, 78.08767979001637, 82.17001083028055, 82.96622900387297, 79.07351663956686, 67.06351112541643, 62.13410701338795, 57.20549342178861, 57.321742656361806, 66.01629152908808, 69.74302407168982, 75.27435535698645, 110.80891294742108, 108.90973881740445, 110.22973860250424, 110.92186539649374, 117.21526790519583, 124.67534085300841, 120.46987235286304, 106.74488774558732, 103.64190762439294, 88.74618850683768, 78.07486261825153, 66.23129194248293, 60.31610591818521, 53.439808019156466, 50.56964298580734], [50.74272445425898, 59.098326652461445, 66.50277923728636, 73.88109476469629, 66.0719322021068, 58.41626286976741, 50.17524004023161, 8.924569247625906, 7.409854342976724, 13.290612074289957, 18.38970332872583, 25.196612625650612, 16.912797000240584, 9.40847720490335, 0.0, 50.88494864710757, 58.92659705764334, 66.51230837047582, 76.99911129440875, 85.94310050168126, 83.08743204954504, 74.5389954672682, 64.8904402994305, 56.40711360765538, 49.10173617781982, 28.403687739485818, 30.49043744438759, 33.313942816959404, 38.53646931461197, 38.980645186599794, 35.34442245952493, 32.19175807077138, 27.482129485491587, 22.898616559299494, 23.75492494665075, 37.330726603393856, 36.93399851839902, 43.897950340175306, 50.48445284116096, 51.00684402795022, 50.677984645182974, 45.895540742284965, 38.453502715458704, 29.46866045786917, 33.69257236182137, 23.908688512045682, 22.844942333377404, 75.48776106075125, 67.35870355271068, 58.50559201439962, 56.335184042088095, 52.01915866673856, 50.95926482464248, 56.542750835687585, 65.13565591078736, 72.20556307119344, 75.52194298555851, 78.49074296159053, 78.21164964078801, 73.6778862448576, 62.22281157330328, 58.414081185773185, 54.727330895719085, 56.74153686306849, 63.99281148579994, 66.69480406507776, 71.09351489149239, 102.2051977832322, 100.49294498178412, 102.59395094390517, 104.02369069344046, 110.99348598927098, 119.61504101605551, 116.56071052533538, 105.36083565753121, 104.62136744509475, 91.73907712041745, 81.91100038847988, 70.72063962442606, 65.73710331304774, 59.39158115268733, 55.822534310125306], [21.43623682404393, 24.397011889724958, 31.443654852941776, 42.48148996685765, 36.92745378977075, 31.632969131521563, 27.040905312312514, 42.51477220568465, 46.826905539929, 55.575323690232196, 63.663543501622954, 72.43392092408934, 66.13533500967797, 59.42085585813505, 50.88494864710757, 0.0, 8.606718616788342, 17.760112399184273, 31.302348660082966, 45.6235726180262, 42.5336551686221, 30.247808132243335, 18.816755508771585, 10.44659667817902, 6.056288830304991, 38.16987080488129, 45.555787057680966, 54.2234767980062, 63.770340630315005, 71.96020201168562, 71.85211587978648, 62.829374669624876, 53.87258219231552, 45.576334752043515, 39.314588466704414, 16.85106448623855, 29.059594853620055, 42.39176920253442, 50.95791079356756, 57.59056092822207, 61.985109924904705, 63.995895994791674, 64.75353308512938, 61.818833701823024, 49.62176845774946, 36.37919899512122, 29.109351076957747, 82.46338761672024, 74.89675346811964, 70.44568828351994, 74.12771974854381, 75.47258530905604, 81.62507419625827, 92.24984821504636, 97.28844716273267, 98.27121540236833, 97.36636025409753, 95.02590045972691, 90.25059750065066, 83.41380784184301, 75.23718059567362, 76.96446604979882, 79.52452997852471, 90.28538765457837, 90.48890334780795, 88.3087123941884, 86.94636718485947, 70.47166339766804, 78.64716023303943, 91.81496183311789, 100.1784070084309, 111.56356247567, 126.97056456522377, 130.56406244880685, 130.74126947754453, 140.27201854666384, 134.10345244767947, 126.65661171636951, 116.80963035363696, 112.65608765619166, 104.01285694975526, 93.19313809466752], [23.10521960569321, 23.257444209572945, 28.68890489255151, 39.32235287343305, 35.57476089141307, 31.970210302409264, 29.237120663013656, 50.39731720465814, 54.755120526662985, 63.495279760559676, 71.47191890423147, 80.0348318188069, 74.09365124125976, 67.53203558197538, 58.92659705764334, 8.606718616788342, 0.0, 9.611260653273323, 23.575672531016565, 38.85683605996784, 35.989488069485354, 23.389705811007392, 12.63460847082445, 8.135096862340976, 11.27044600505171, 45.631273679346435, 52.6706902270136, 61.05485547836111, 70.22914450764534, 78.61865683236938, 78.81089208780732, 69.86676527675363, 61.16902958344881, 53.18563203719371, 47.05090024999967, 24.32592502167778, 36.073739028229966, 48.73191224697165, 55.80043487959442, 63.09048531209621, 68.27013285001033, 71.02266359383054, 72.17402786638316, 69.58582208168824, 57.456749429866115, 44.70455618669674, 37.553204270937975, 86.19485277630237, 79.34533851350766, 76.0770749390614, 80.38885290324431, 82.29255585294527, 88.76594359556621, 99.27337083447716, 103.98806721392023, 104.49970661610774, 103.11413855532513, 100.08423705484114, 94.56455115242075, 87.48598699512, 80.6161500924185, 83.13033305269104, 86.26903205522328, 97.15559688544994, 96.8044544755475, 94.15584027446654, 92.01732205949018, 64.73048416021413, 75.12618047247032, 90.46886751169586, 100.12956810656868, 112.30509399686456, 128.55200348707336, 133.45347891197943, 135.95463979975716, 146.08734870615433, 140.5776520774687, 133.39580438511743, 123.56429685358374, 119.42932887358894, 110.51956219776041, 99.17869626789867], [24.430801153336784, 21.54902169916245, 24.391052401595754, 33.77134955661992, 32.395079368885405, 30.964692870108095, 30.393300297612893, 57.75735069051394, 62.55385405709853, 71.60415146526086, 79.38943199388325, 87.50216190272499, 81.84558645840968, 75.34493538506482, 66.51230837047582, 17.760112399184273, 9.611260653273323, 0.0, 14.087189812313492, 29.851377214569265, 27.105361854467997, 14.512945702609414, 6.664141090715968, 11.151632477186556, 18.30393233051111, 54.54913150806853, 61.399271889023225, 69.45701515664213, 78.12116707196611, 86.22397579205833, 86.49043630912821, 78.00801247782944, 69.64772664572111, 61.810175582680834, 55.83309815645643, 31.391376994872797, 42.53593566021312, 54.49294426554122, 59.06197877478137, 67.11108901615496, 73.43674675454258, 77.08595209508154, 78.44402765427412, 76.24038994105649, 64.89041471400303, 52.636874103302084, 46.01393420882715, 87.52657295324607, 81.76676081235942, 80.14072068497585, 85.1769042137871, 87.72467523294408, 94.41251235368924, 104.5171235257085, 108.7995075328024, 108.81216486699714, 106.85162182292103, 102.99284682222076, 96.51603947852364, 89.16667515197057, 84.19792534483635, 87.7156877941141, 91.50531158962954, 102.20633686703198, 101.21366198169163, 98.03286076423086, 94.94290377078883, 56.50402838215669, 68.46689503389577, 85.74888536246294, 96.68596271913277, 109.65873165530381, 126.71832462132953, 133.131609133502, 138.61161766000802, 149.3340752825749, 144.8627898887703, 138.18585822985708, 128.6367573229095, 124.86767971972876, 116.31361721010744, 105.31721123609405], [30.804146933187113, 25.310705142465647, 23.578925301896078, 28.60230463512332, 31.89746430703428, 33.79996144939644, 35.70569006893625, 68.09650270247471, 73.2957033605611, 82.62082300590444, 90.03141989483731, 97.39055266759823, 92.27778071771182, 85.99869948532582, 76.99911129440875, 31.302348660082966, 23.575672531016565, 14.087189812313492, 0.0, 16.46088964281621, 14.474139316070087, 6.370853692501029, 14.060101931850284, 22.761311438158103, 30.58322689706776, 66.95422079718907, 73.48612143342996, 80.98971389163192, 88.81081926872515, 96.33402096799752, 96.68057750653448, 89.00304258182848, 81.22842193658752, 73.6717541796632, 67.99639365782089, 42.71407489763426, 53.27225664118306, 64.4795373384572, 65.58780244731754, 74.42529967074688, 82.18204776234556, 86.75161873573785, 88.00026099955217, 86.05055975574933, 76.27756689558214, 64.36371050044312, 58.068560165457896, 90.63729883253575, 86.63790491974983, 87.27726288690572, 93.07042101675147, 96.26507454416736, 102.89305228432241, 112.06799909951522, 115.88675475331017, 115.50377679840192, 112.89823415962914, 108.05289402674339, 100.29643872690713, 92.64655612302165, 90.53752593726358, 95.26727419374686, 99.68918128493743, 109.5850702004541, 108.0193787353849, 104.302371972223, 100.05899479561144, 43.780352297561876, 58.52310887167811, 78.92094238308874, 91.80814048339923, 105.99944913847479, 123.97703216841661, 132.66879220944062, 142.57537492034297, 153.40330143510334, 150.12473675403353, 144.10421128093904, 134.85378514298375, 131.5068925950661, 123.40281393033807, 113.00445336251599], [38.574225748169326, 32.3524032759119, 27.1059870609472, 24.946573671404355, 33.302106924406544, 38.07816118179824, 41.71141662237552, 77.09941465186401, 82.83511599675923, 92.47408374306777, 99.29573204488676, 105.54422671284142, 101.01299815026181, 95.0190001191096, 85.94310050168126, 45.6235726180262, 38.85683605996784, 29.851377214569265, 16.46088964281621, 0.0, 4.832369212950312, 16.710605480326556, 27.68938111196027, 36.07269479450313, 43.56575756703004, 79.47869570465211, 85.75238951787948, 92.62088476386354, 99.45119785044785, 105.82951248279286, 106.00141269790656, 99.57856785583158, 92.53420842996155, 85.21754663237184, 79.96145249908581, 53.87398908624037, 63.512579609330636, 73.87201548403691, 70.82969254391614, 80.23782826084981, 89.50763128262207, 94.86156375625005, 95.60090919706386, 93.82404383480157, 86.59756044901822, 75.14125849351613, 69.52644943775533, 91.07964354113244, 89.3398309218691, 92.55049665535523, 98.93286534471325, 102.63930947185551, 108.81320691009688, 116.47340389754132, 119.78578725031457, 119.2073526826748, 116.02586429247697, 110.26810034304712, 101.17882003765087, 93.32862850224785, 94.7110988865039, 100.63715653739686, 105.51391717777047, 113.8683306684085, 111.88750211759788, 107.76841117345694, 102.40987018566628, 27.799456102192174, 44.271014600945904, 67.66459506197299, 82.4761753759956, 97.89380115833077, 116.44181729906481, 127.59390030711644, 142.53964680190504, 152.85122956485415, 150.98506726579018, 145.87660523740442, 137.2387441428166, 134.68331701328228, 127.79257627577965, 119.1240546115518], [34.688834159953466, 28.05289069643021, 22.5406522121016, 20.99511100376497, 28.855705107108644, 33.684489915804186, 37.686305847317115, 74.22128648720765, 80.194073264294, 90.00510745276084, 96.95275140037796, 103.35928986762406, 98.47783614145588, 92.2626075279016, 83.08743204954504, 42.5336551686221, 35.989488069485354, 27.105361854467997, 14.474139316070087, 4.832369212950312, 0.0, 13.11692219464055, 24.21130127391475, 32.649359549841535, 40.18233753480074, 77.12674425902865, 83.64881952215437, 90.7848158325954, 97.95645854177621, 104.35344459918824, 104.34905271094598, 97.77514327450403, 90.4790022425999, 82.91111989094279, 77.51646596066561, 50.29598223630885, 59.39142731808868, 69.40872632608371, 66.41351550463988, 75.79383434045297, 85.01479387883222, 90.49162423248738, 91.49404216636385, 89.981060837372, 82.46277530706305, 71.43744012776634, 66.40707726930933, 87.0253076515744, 85.01742825735136, 88.10060415422339, 94.54822072102364, 98.36887535947976, 104.77026652112336, 112.75588837121747, 115.92058089782712, 115.10336026633902, 111.86111539249966, 106.08793018530845, 97.12452919743819, 89.30809616926418, 90.34840465614216, 96.28661717909544, 101.28891239271363, 110.08164954121365, 107.84853601771441, 103.628221229929, 98.25947241112915, 31.237061719547597, 44.77352728347823, 66.60937019892809, 80.73475246362597, 95.71259536523017, 114.24210431408329, 124.80196020424046, 138.87735190485978, 149.9291856315375, 148.3913279269172, 143.39465915690332, 135.06756042374988, 132.81258458912978, 126.42157293280262, 118.21424251322638], [26.260746897810215, 19.868124597432413, 17.36660717924687, 22.840863163762727, 25.63682816446929, 27.890143924974033, 30.608910316286806, 65.61930039427783, 71.3639481508132, 81.06180837986065, 88.47580446647355, 95.72168027308807, 90.24826868551283, 83.71630030990235, 74.5389954672682, 30.247808132243335, 23.389705811007392, 14.512945702609414, 6.370853692501029, 16.710605480326556, 13.11692219464055, 0.0, 11.555613253681953, 20.549814765486452, 28.442746227858287, 66.53299774883092, 73.38393978947201, 81.09485803566729, 89.11747314255595, 96.25289773718708, 96.24944693855919, 88.76932359621904, 80.8459587736172, 72.96442974461414, 67.21172229760074, 39.71819760782477, 49.226905935949794, 59.804495224244185, 59.926524799231274, 68.8800424966072, 76.97060099761951, 81.89935022808967, 83.34018182411376, 81.7897411159246, 72.34179000309344, 61.14897898678892, 55.982261056089136, 84.43349816987548, 80.57852466533717, 81.62367538600527, 87.63159231481234, 91.08855065434894, 97.88589313969575, 107.09464193161905, 110.60004952837082, 109.88547437549815, 107.08377185771782, 102.03477747895421, 94.15679537246173, 86.51144015216941, 84.73403314906412, 89.75057573945416, 94.4315815332401, 104.4918679239252, 102.51395379362674, 98.58829890484269, 94.09904720550152, 43.87438989751508, 55.49126526886722, 74.3209804801433, 86.6013124715333, 100.4157080832777, 118.37473957374631, 126.77737462971523, 136.63456013870177, 148.23113716694334, 145.73481952883657, 140.1099317062237, 131.47267693270027, 128.7883496505434, 121.80240806622382, 112.68428575822597], [19.103129014709946, 15.116338326095807, 17.78735633810542, 27.570085353584258, 25.739393276760392, 24.520263529088222, 24.685029887939145, 56.03285451021878, 61.546365937267325, 71.10702366616641, 78.79294135211553, 86.57677465545187, 80.69368216394561, 73.98488057465677, 64.8904402994305, 18.816755508771585, 12.63460847082445, 6.664141090715968, 14.060101931850284, 27.68938111196027, 24.21130127391475, 11.555613253681953, 0.0, 9.176258263931928, 17.163954615069713, 55.82927084602722, 62.93484024010107, 71.02723616553658, 79.63245843930449, 87.0975550867843, 86.99325672729383, 78.98906570757184, 70.65747925836975, 62.54111568884176, 56.58317849199517, 29.1851487113602, 39.4121258751664, 50.912622571815255, 53.78669063886493, 62.176044263676864, 69.18629436284564, 73.32273871786067, 74.69729058330064, 72.83017560198442, 62.31342712640245, 50.64640177323852, 45.216616877230265, 81.40051950871846, 76.05985539475017, 75.18154811071916, 80.5309553656312, 83.39292842712129, 90.1487319079032, 100.02621335652437, 103.99875836881752, 103.74503691434074, 101.53641330422667, 97.3655281678048, 90.54721910028847, 83.11656539280915, 78.94307678656912, 82.92731205616836, 87.02003624682322, 97.58515943349973, 96.2066469210016, 92.78833855755833, 89.31644382358999, 53.911015608609596, 63.4964817529695, 79.65763603444773, 90.25068630093493, 103.06665449388375, 120.14977068218467, 126.62521471421948, 132.77924208965104, 143.98894773836213, 140.3576109787342, 134.14488538817312, 125.1913510446452, 122.12827666371162, 114.76876750860197, 105.25306127495821], [15.156388712064825, 15.348917707145805, 21.520393830678284, 32.41871309774992, 27.895792098991222, 23.949496998447902, 21.28252101147771, 47.636958802757604, 53.003848515175335, 62.49216854759899, 70.31908345489514, 78.40103229862872, 72.23581182498569, 65.42209833057662, 56.40711360765538, 10.44659667817902, 8.135096862340976, 11.151632477186556, 22.761311438158103, 36.07269479450313, 32.649359549841535, 20.549814765486452, 9.176258263931928, 0.0, 7.991046286495278, 47.197855455877935, 54.514153618398126, 62.835077050816416, 71.79399379231371, 79.27805481043684, 79.00537086330486, 70.78247894828687, 62.2108622825207, 53.89655167224139, 47.83755468097868, 20.4798857653202, 31.682816688028765, 44.22287438570024, 49.12084801317512, 56.92408673155874, 63.05896904590982, 66.38675491848923, 67.39682918865115, 65.09725008920849, 54.223994269556, 41.911222212224445, 36.16981394109173, 78.7325123068998, 72.38882858809735, 70.00819952226848, 74.68358659133911, 76.92106790719356, 83.39550933233934, 93.53062085952385, 97.95224676371251, 98.26235567442723, 96.61905162271104, 93.24765170145875, 87.28869969800833, 80.07107180172447, 74.17510021131582, 77.24592784245684, 80.70175458198676, 91.26897064987845, 90.56433965115495, 87.67727590264523, 85.11461593733043, 61.124818018255226, 68.93030711015992, 82.9437315139432, 92.18393542233946, 104.21369072597365, 120.42152013593926, 125.41902737909275, 128.7952858187127, 139.25417657895562, 134.62942205301158, 127.9634498036373, 118.76597510636803, 115.4411232375322, 107.9344946945543, 98.42059214492511], [15.485679058455847, 19.23951701724687, 26.786075346889586, 37.75587389615855, 31.636389767275798, 25.9363894105725, 21.00010076288488, 40.469447121860576, 45.67521504151739, 55.0783390655584, 63.030544253600006, 71.38560665490934, 64.93197385676862, 58.014072266132715, 49.10173617781982, 6.056288830304991, 11.27044600505171, 18.30393233051111, 30.58322689706776, 43.56575756703004, 40.18233753480074, 28.442746227858287, 17.163954615069713, 7.991046286495278, 0.0, 39.94474907759996, 47.477287922005125, 56.005593833632496, 65.28970732039421, 72.72287425683447, 72.2573503365086, 63.864860999534045, 55.072006459839656, 46.55381501199117, 40.40677624744009, 13.25112267196727, 25.57891298268357, 39.07885464283131, 45.92760603324028, 53.00111876382733, 58.196476420945835, 60.6682037206751, 61.26803503810806, 58.522501950686156, 47.394164570790885, 34.38779219743591, 28.30751663395445, 76.95393586840635, 69.76869846043432, 65.99631468909037, 69.96747548289282, 71.56777807519944, 77.71126673030652, 88.03146571318615, 92.86766333556673, 93.72296456736608, 92.62344748429919, 90.01992198434372, 84.89021519007515, 77.92914714317467, 70.50028777836003, 72.66591264773784, 75.469084247214, 85.95357131748521, 85.90814974307625, 83.5492446699755, 81.86231984412865, 67.66803008490507, 74.04011336712155, 86.21934713664801, 94.26447006404855, 105.54937836165772, 120.91473800022169, 124.60248960804238, 125.49631330904094, 135.22338031630792, 129.7078927794908, 122.64622627064402, 113.25833848942878, 109.71739521487545, 102.13873396135664, 92.7276865461758], [49.77606361909588, 56.967828346148266, 64.92851735513202, 74.63148535666734, 67.91118708053509, 60.616877144129894, 52.59557750391938, 25.5768986733916, 21.795068409222715, 23.94553579336292, 31.45052101961929, 41.406575362102586, 36.40011641187157, 32.2044027812868, 28.403687739485818, 38.16987080488129, 45.631273679346435, 54.54913150806853, 66.95422079718907, 79.47869570465211, 77.12674425902865, 66.53299774883092, 55.82927084602722, 47.197855455877935, 39.94474907759996, 0.0, 8.006571641030385, 17.27564288135738, 28.11728865015368, 36.84157075156543, 36.77856652692028, 26.194046313853935, 16.534272164463754, 9.148599097048248, 4.662806004285508, 33.89793593176191, 40.35591008214019, 51.512113883218234, 63.86036148578008, 66.30980554609626, 65.93118014185929, 62.40862820084523, 58.87851956654584, 51.98928461585455, 44.62067284137358, 30.485009236834784, 19.116133328702485