{
	"dissimilarities": [[0.0, 8.593483074481384, 15.88900749227525, 25.274659276444876, 19.19623272598322, 13.437480426647886, 9.542851221763335, 41.132491527676486, 49.043328730882514, 59.474102374704145, 66.66939796256163, 73.74914849092397, 67.33401951302186, 60.300939998669605, 50.72279213046077, 20.862758272002246, 22.201470011589368, 23.550662911647752, 30.677676319432766, 37.74945523882396, 33.707122777548165, 26.804356974867687, 18.320442307753332, 14.511083647489222, 15.302538278146507, 49.25531798728893, 56.58387359111058, 64.45050084116534, 72.88304156500283, 78.8392004820667, 77.90402047838269, 70.72553364622617, 62.592538759534925, 54.14094868388753, 48.58937924111497, 16.88419382573764, 27.81726075372696, 39.05380981059793, 40.12525285447859, 48.24781491218408, 55.10040749882623, 58.3010643350437, 58.91889244088569, 55.81959063416122, 47.89418492648314, 37.101690907628736, 33.158681661395015, 67.1512610817978, 61.579056828528195, 59.882690004025555, 65.07258128186105, 66.51594630596337, 72.83032704432242, 81.57925678429577, 85.78940986881629, 88.12894703250362, 86.49304425459452, 83.06387937497723, 76.80120809396807, 68.40884945738522, 63.73754867183136, 67.17116740156082, 70.18186727490969, 78.66183100704488, 79.41820326365499, 77.54437459459113, 73.67594386397398, 59.47490264917997, 63.414020704751465, 74.83616020106248, 82.00048359071431, 94.31048193852746, 110.96396289266109, 115.01275067630576, 115.69420951837927, 129.20181458808167, 124.7603416395797, 118.51072159745254, 109.72015250945306, 106.94319106213018, 100.41116772566804, 95.43686069398726], [8.593483074481384, 0.0, 7.855982844880265, 19.24006841711289, 15.04995904466544, 12.643947966234478, 14.319138491210078, 49.667646904756396, 57.36109573592794, 67.68956479762613, 74.99528615511082, 82.2333421175604, 75.87953471155375, 68.83545997479357, 59.25711812681505, 23.30379174647847, 21.529065498457427, 19.584127417266334, 24.244512615552864, 30.71916481655851, 26.28149374922107, 19.681643016549, 13.183854642648408, 13.973041248096742, 18.639940915755417, 56.250475462892624, 63.625672595245845, 71.6486996975414, 80.18352507748808, 86.54875380199509, 85.79704941614719, 78.41028718767804, 70.17042458373565, 61.72780594926747, 55.99192166061879, 24.076929994667612, 33.725528014010635, 43.76270991247238, 44.047872050945934, 52.60546616542739, 59.938410965581035, 64.10329359032856, 65.59637595083754, 63.1493669761588, 54.516175386524424, 44.64203805712321, 41.05504012795878, 69.74480386333869, 64.68895421278641, 64.07499827826871, 70.10320452797681, 72.33549243022672, 79.1928419325535, 88.31832365649649, 91.9353055181797, 93.32658477906072, 91.05310395501878, 86.80256742750896, 79.97158392989299, 71.59642847200027, 67.87102297837929, 72.15870807453358, 75.87948363080626, 85.11319984297943, 84.93038132694083, 82.36806593631596, 77.63186475670523, 54.16476339340172, 59.61496730058869, 72.971627869345, 81.34364687835422, 94.22371465480988, 111.86018735998296, 117.09447416969533, 119.8644463424488, 134.92756582409737, 131.65613219475955, 125.87030330488982, 117.4144413944654, 114.92415291354001, 108.51414728938929, 103.18932137186447], [15.88900749227525, 7.855982844880265, 0.0, 12.475351377650007, 11.626721014542062, 13.791558910576205, 18.90373252133813, 56.936359861459636, 64.88908072447472, 75.24505747861144, 82.39648496707515, 89.3041099782011, 83.06600199151951, 76.08555002375168, 66.51794366740988, 30.173085123557538, 26.85641584959871, 22.32287654474114, 22.522219908084747, 25.91659515255376, 20.991796462215927, 17.347931027738177, 15.809355812084215, 20.169789115626816, 26.00107622509499, 64.02175120066187, 71.33522250244275, 79.25473351812492, 87.58907529079109, 93.78688212320958, 93.05911300384088, 85.92781872791772, 77.83514324240373, 69.47177461529999, 63.7835774747914, 31.765425801630332, 40.024777629585365, 48.7856095898502, 46.91119227807762, 55.79900384838477, 63.96988251247124, 68.82671322731758, 70.73182844556129, 68.92223727179825, 60.75687560538279, 51.752395378933656, 48.7888089612111, 70.10049425696747, 66.02049517812107, 66.87399565221875, 73.64631961377864, 76.57525977651855, 83.60052589003243, 92.56127669402937, 95.55922311996075, 96.20634729354109, 93.35650132048421, 88.31525440049676, 80.81138422032977, 72.44614964514503, 70.30184054131468, 75.48531924462631, 79.78227060199465, 89.1256897387216, 88.13623514002241, 84.98709631100016, 79.31695599818892, 48.55422309727529, 53.8540820172486, 68.27151070469347, 77.58827274455157, 90.95333425546549, 109.32744302964564, 115.77374244233185, 121.17886080980082, 137.16488528494187, 135.16953957537672, 129.9965186892351, 122.03326196587729, 120.09149023007633, 114.3946685810464, 109.55895625908319], [25.274659276444876, 19.24006841711289, 12.475351377650007, 0.0, 11.25412946776382, 17.957460863903222, 24.542408194470624, 64.18409248169016, 72.8848997616627, 83.30705233389848, 89.83564391571082, 95.58789720865099, 89.69588720859042, 83.01529126605627, 73.59444965143508, 42.28209761547309, 38.96196536499021, 33.54417240594303, 29.628312949850432, 26.49122897563303, 21.862196406393597, 24.91461683762913, 27.401690788997726, 32.35041423265637, 37.84566663316573, 74.17178312432915, 81.24509576515055, 88.6579017109189, 96.27282695746338, 101.43832238512837, 100.54438107995526, 94.43400909488477, 86.92953881638836, 78.82098244278795, 73.51047237468579, 41.761834159058694, 48.3824765172632, 55.6129707803601, 49.17492652628587, 58.28058950437169, 68.01363914068793, 73.26787294330465, 74.9502356448382, 73.9168619137684, 68.04429262657351, 60.04461925179274, 58.04601490785211, 66.97887495580883, 65.05117465047503, 68.44571403566826, 75.9626399598408, 79.58756550150653, 86.15616654196121, 93.91134385538209, 96.07487926259402, 96.1622574610052, 92.70807194798512, 86.72981714972406, 78.15845727525976, 69.78200545567496, 70.86687179526572, 77.23295202590229, 82.00241744326833, 90.31216905731907, 88.55029012166077, 84.85274568966567, 77.87397933573322, 41.06965940752335, 42.17619441138336, 56.47625246662903, 66.82408235892096, 80.92285532854963, 99.89345034503124, 108.1054205232937, 118.103928890112, 133.9089823944717, 133.65360662403967, 129.511664268239, 122.42891514501237, 121.56053433776943, 117.64585222782677, 114.64549790963963], [19.19623272598322, 15.04995904466544, 11.626721014542062, 11.25412946776382, 0.0, 7.809867320735865, 15.865273972226168, 56.7347258013964, 65.86348644070507, 76.56813777588658, 83.2722872448171, 89.08819246925265, 82.47037055951677, 75.32740151726587, 65.99922335205886, 37.577783242512396, 36.26754372799312, 33.306911249751394, 33.96215431774829, 35.02921904661994, 30.033720962855085, 28.750558309394048, 26.6909184794667, 28.75471824948264, 32.44987259479633, 68.02904969168551, 75.42019772644264, 83.2061167194477, 91.38961280875212, 96.53439564734563, 95.31967887185593, 88.86191353269221, 80.96290752255507, 72.48214284962256, 67.07020985278287, 33.84401007852259, 38.0227970351197, 44.4872005541507, 38.42133699060764, 47.51175776989357, 56.921258666487795, 62.30380097223841, 64.43358224743191, 63.71466320376444, 57.36972378283853, 50.43240825487669, 50.204309637187535, 58.98623093820277, 55.6744363032222, 57.96941359092863, 65.35789673119622, 68.97954490671081, 75.97222432117219, 84.65822220801209, 86.83752941227935, 86.71292227151723, 83.40404333513024, 77.82655676371573, 69.8986071732671, 61.55184087947259, 60.81926133929521, 66.83557470630669, 71.63703837258305, 80.91991915428162, 79.00192090216454, 75.3423636105073, 68.94077542395407, 52.11122896648212, 50.88138746753339, 60.69079857562242, 68.00417899636162, 80.49170051332057, 98.73067518392624, 104.62176130249506, 110.39277308782462, 127.75561047677458, 127.54668008028096, 123.32320239698636, 116.53191912295298, 116.12110265728587, 112.95263643813574, 110.84859442913093], [13.437480426647886, 12.643947966234478, 13.791558910576205, 17.957460863903222, 7.809867320735865, 0.0, 8.4151153491875, 49.20271239434286, 58.37127372153186, 69.12684719798412, 75.90250950389947, 81.85995948983735, 75.0293447440276, 67.76020939300528, 58.43878648106654, 32.64970424191648, 32.98140789680988, 32.057075025974314, 35.67532958588121, 39.15332935394602, 34.30651573018165, 30.673283074348934, 25.627558807132825, 25.118042251716833, 27.116634500888456, 60.9591405563188, 68.3881794914769, 76.21968654745088, 84.55050822897363, 89.6701280420186, 88.34802100425371, 81.76108176803194, 73.76788583175494, 65.20897175822691, 59.82958122259511, 26.561614049904765, 30.693798195772402, 38.09840526695875, 33.59142059473713, 42.553983791515925, 51.35861436590315, 56.13360166634076, 57.88658911975485, 56.668093743215806, 50.08873924065714, 42.6730372240221, 42.59907121889327, 57.293780240743715, 52.83384939854523, 53.574447463683015, 60.284759688393315, 63.268090486430445, 70.15457794603417, 79.08186901483047, 81.84513657003963, 82.43837868432227, 79.70099493266372, 74.9337483346133, 67.70791590773503, 59.30381915399235, 56.822589754149725, 61.979124534199336, 66.25551528150032, 75.52083797265685, 74.35307975677291, 71.2607670326937, 65.80630004995196, 57.590044287696635, 56.65460002427525, 65.23857440485929, 71.35789317438628, 83.18187736300958, 100.54087856349601, 105.01202353254683, 107.83919772893837, 124.42597579838404, 123.06013145033573, 118.29087837367494, 111.11699760814703, 110.34627584256954, 106.80496957601626, 104.61762471687156], [9.542851221763335, 14.319138491210078, 18.90373252133813, 24.542408194470624, 15.865273972226168, 8.4151153491875, 0.0, 40.87910785463144, 50.08980742147819, 60.834647397845494, 67.52358151548457, 73.47018586415598, 66.70318701652313, 59.51391596782183, 50.15399249719592, 29.18709275025274, 31.354386236903665, 32.48052251351528, 38.247663144379416, 43.16460579294499, 38.728424742133036, 33.80218126431402, 26.70204053449983, 23.580365853735245, 23.384072650002974, 53.530210934473054, 60.804693973374576, 68.41313593837498, 76.57250310561824, 81.4380274536901, 80.04230124448557, 73.6101308640067, 65.76941549441487, 57.309353869074585, 52.13361817975026, 20.03235079070325, 25.673524779833294, 34.88888323948036, 32.02810115322634, 40.494320174900324, 48.57571480645272, 52.141272657997916, 52.80380392367627, 50.61045190958137, 44.568583725037094, 35.74703942094835, 34.92636505557156, 57.75475531770524, 52.62867204666419, 51.87926721883342, 57.521952398751864, 59.46575969128033, 65.72858956927405, 74.23551027533976, 77.85420108334232, 79.71915438662101, 77.79121638782296, 74.04047293640025, 67.49314046019161, 59.03603141032895, 55.291558564684266, 59.32845770200554, 62.695286051789104, 71.05751176661826, 71.1706148984466, 68.96668647276616, 64.60700411786388, 61.55647391432106, 61.00306854365643, 68.94964894937968, 74.43350227562127, 85.949271738316, 102.28706804204919, 105.74469791700167, 106.48657469206186, 120.91665627183872, 117.85393557212589, 112.3672845579197, 104.54184100372396, 103.11281029035155, 98.88460443587562, 96.48014858028172], [41.132491527676486, 49.667646904756396, 56.936359861459636, 64.18409248169016, 56.7347258013964, 49.20271239434286, 40.87910785463144, 0.0, 10.593156024063367, 21.00079862771554, 27.155904546214035, 33.7105199807525, 26.35213006868361, 19.210737180992354, 9.61840819282957, 41.82119061811998, 49.58577423190684, 56.86719864622565, 67.47325428081908, 75.9209204663501, 72.89871093357515, 65.2430600105997, 55.07186800101804, 46.76294942242118, 39.74793927357736, 25.600457240447113, 29.810249326329764, 34.713164691577546, 41.553886886322736, 44.323439436304135, 42.004186459350805, 36.357985359004424, 29.83654923800814, 23.05006608492761, 21.425928528727663, 28.778981617065796, 31.90949413158388, 40.91913607872748, 47.466315399330654, 49.539663079319716, 50.26558255473881, 46.37579469794968, 40.965022227370994, 32.98772183173377, 32.2355556229625, 19.811732947358873, 14.575269381401773, 73.1075313482831, 65.7467470454301, 58.231934442240316, 57.0727241438974, 53.020877271075975, 54.664499241007555, 60.13214584441406, 68.0721587528555, 75.97104824005855, 78.36285678649942, 80.10526103406478, 78.08547887768873, 71.28423505019035, 61.797136550585684, 59.19678540328299, 57.05634189169269, 59.71699859737793, 66.60313578347142, 69.24254878001744, 71.26736071567117, 93.43813031881322, 93.90970281316964, 98.5255148631147, 100.61392862277997, 109.41751116777318, 120.5561087295438, 118.60831144438612, 107.48849354096343, 111.84989145551528, 99.97681472541925, 90.57297798485139, 79.47208577784215, 74.03871794458748, 65.44016540463002, 61.734926399619425], [49.043328730882514, 57.36109573592794, 64.88908072447472, 72.8848997616627, 65.86348644070507, 58.37127372153186, 50.08980742147819, 10.593156024063367, 0.0, 10.84459457532724, 18.278643116700486, 27.29437875664533, 20.585842490555518, 14.746336828834679, 8.511335320493782, 45.92901889547186, 53.812546536127634, 61.752194395442864, 72.90603719666066, 82.19088944324119, 79.55473461561347, 71.28345568647593, 60.9658259507307, 52.39725203780881, 45.09033662626746, 19.231589523606285, 21.212087777953162, 24.85101424198107, 31.611046516963192, 34.91387839388882, 32.713597838766944, 26.09111070599797, 19.53984298115402, 13.83403681303046, 14.661218167914082, 35.71113097922574, 39.71486063149216, 48.57009684466558, 57.24366688979921, 58.740323047004395, 58.06961624078921, 53.39231280831623, 47.736185720245494, 39.26346122532863, 37.923426562734555, 26.288482277323713, 19.071759938051496, 83.02335222014595, 75.3382555617227, 66.95984708712349, 64.90846885564234, 60.07067610620005, 61.04044274169163, 65.95600601557696, 74.52289975909828, 83.1966387153411, 86.24177371601088, 88.77471284569953, 87.45592362342222, 80.98482073730673, 70.67640114319894, 67.15587403357303, 64.26286968412143, 66.17109068862544, 74.01532725203141, 77.32670358469628, 80.27669537117308, 100.40747060243872, 102.65752735174397, 108.28988869475954, 110.73754535588797, 119.59335276815072, 130.28887018860286, 127.94023082740298, 115.16412751320547, 117.50502823388419, 103.43236286012947, 92.96280407481798, 80.81680964505098, 73.53631887573216, 61.93916512499863, 55.29333488034699], [59.474102374704145, 67.68956479762613, 75.24505747861144, 83.30705233389848, 76.56813777588658, 69.12684719798412, 60.834647397845494, 21.00079862771554, 10.84459457532724, 0.0, 8.69411007132225, 19.928559170648157, 15.202582326788823, 13.609247162472911, 14.85353953180413, 54.86541608203504, 62.617063617375315, 70.74879138053447, 81.9438998585456, 91.41602621923718, 89.06815978766313, 80.70497331519678, 70.50359017988592, 61.95875718073734, 54.667322045457304, 21.741883824816334, 19.558491203760966, 19.036369411684074, 23.493586917183038, 25.535361334717116, 23.030813413527234, 16.77537586779703, 12.881644840640929, 12.981003925027258, 17.935977477764656, 46.09266526384097, 49.881347017021035, 57.968792576529395, 67.15852153938665, 67.92811224241576, 66.25934754596518, 60.65501605208787, 54.337512739243586, 45.65686427156305, 45.61156506765702, 35.726816552855, 29.13334323243611, 91.9015227420336, 84.24254959631547, 75.33382620535018, 72.28894388271213, 66.62185237474237, 66.42374742945626, 70.02578872967345, 79.16715814899456, 88.85383725240095, 92.67430951135361, 96.12699778757288, 95.54953982034185, 89.50089657314606, 78.87352212062972, 74.44905677487638, 70.6579831030441, 70.99156697347182, 79.95736250134321, 84.09443403410731, 88.01646506675867, 109.20973484043257, 112.00749476077343, 117.58239240684722, 119.83672903699984, 128.39697555339941, 138.1735714862908, 135.13425057214593, 120.67471108343396, 120.15449243015476, 103.75491088888761, 92.2854301477713, 79.25521268907727, 70.30303602750244, 56.263927895328415, 47.68684915035932], [66.66939796256163, 74.99528615511082, 82.39648496707515, 89.83564391571082, 83.2722872448171, 75.90250950389947, 67.52358151548457, 27.155904546214035, 18.278643116700486, 8.69411007132225, 0.0, 11.861953167941692, 10.50558717039857, 14.229290305591002, 19.44164817544673, 63.13912438195682, 70.74164455410919, 78.63205217144058, 89.39722883769043, 98.3070258926239, 96.05802349282557, 88.17754613289232, 78.25043774831853, 69.8883313914321, 62.76504358116516, 29.872321431577845, 26.369532061834242, 22.934311926504922, 23.215700083693726, 20.993721751313583, 17.502538258512935, 15.939974415191887, 17.404240575059514, 20.834405082324427, 26.356442347752665, 53.947802242437085, 57.24965133250397, 64.64103056122326, 72.6042853360673, 72.8574074222529, 71.0790702066097, 64.76087146732928, 57.499591947939315, 48.8318216195286, 51.38896564088681, 42.765874526825066, 37.21621479415976, 95.34566298389537, 88.20993344810786, 79.45383416722049, 75.73779693106037, 69.50884260462766, 67.98357694888831, 69.71898001926279, 79.22934595061636, 89.92543147516814, 94.35430473051177, 98.46918870294375, 98.29787025132896, 92.57949555136759, 82.50010092374363, 77.59726815782511, 73.09021754771092, 71.33313481182421, 81.27740033172317, 86.11177260661276, 90.6110891985413, 114.55058176662314, 116.45971379593345, 120.99839026598866, 122.68655446986921, 130.78342897062294, 139.45307589389026, 135.8527387497908, 120.81861789737158, 117.20005958288415, 99.06866217722776, 86.97345739328743, 73.36344297144225, 63.41124379570049, 48.40375699015778, 40.4715771948397], [73.74914849092397, 82.2333421175604, 89.3041099782011, 95.58789720865099, 89.08819246925265, 81.85995948983735, 73.47018586415598, 33.7105199807525, 27.29437875664533, 19.928559170648157, 11.861953167941692, 0.0, 9.687217436169012, 17.905910437795725, 25.24724910200739, 72.72536878213836, 80.21253283083188, 87.64467379926155, 97.73102328029941, 105.59654425097763, 103.29921985433359, 96.27348302127305, 86.70977821109842, 78.62538279696217, 71.74433041440584, 41.46467211623112, 38.12757469902446, 33.93102130990115, 31.451009283076736, 24.549995784858314, 20.334730329784094, 24.926876115686493, 28.895493309958315, 32.52715971760888, 37.73983379315953, 62.112272328295134, 64.31721629026195, 70.60445970347415, 76.16504313040167, 75.7504778877476, 74.19894762956066, 67.14887018818078, 58.68548015424951, 50.37552951869752, 56.74127679395825, 49.80838347393518, 46.05378562149528, 95.51181250867856, 89.3267330076244, 81.14594207633738, 76.73059458621904, 69.98841087956063, 66.67977951392717, 65.66587386207752, 75.43562581530085, 87.3273543893018, 92.42549323879062, 97.2577415273396, 97.50522442580211, 92.27341736138146, 83.36156730333043, 78.07085371830715, 72.77533297515484, 68.05641705612632, 79.08083466101, 84.71388305309374, 89.76667894337756, 119.43629936919733, 119.15666574626546, 121.51440879087669, 122.02965628556461, 129.22762850728475, 136.27175329114723, 131.84286104820467, 116.44671288625653, 108.9471475151214, 89.11608111904582, 76.50279934018796, 62.43887373683793, 51.87347105579944, 37.47515698641769, 34.40573970856114], [67.33401951302186, 75.87953471155375, 83.06600199151951, 89.69588720859042, 82.47037055951677, 75.0293447440276, 66.70318701652313, 26.35213006868361, 20.585842490555518, 15.202582326788823, 10.50558717039857, 9.687217436169012, 0.0, 8.488679324461316, 17.066405787551282, 66.38291125899325, 74.24376631120231, 81.93380323737931, 92.55908996196601, 100.86672208877934, 98.22234271309173, 90.77409267765009, 80.75552257539384, 72.37944325703747, 65.1932912426041, 36.52178724482954, 34.67494135842648, 32.81860510747258, 33.68819417298781, 30.07227053553878, 26.09793656591689, 26.37138620961763, 26.876715220510913, 28.07019842865755, 32.383856057583095, 54.792177737541365, 55.58805726820304, 61.30247418444608, 67.66581311791141, 67.0018113384299, 64.97826223096322, 57.98532781132939, 49.882040941400724, 41.423585401646704, 47.11723439986725, 40.768606551803096, 38.43212595567249, 88.15053808759573, 81.27687465424532, 72.51337777296452, 68.12427914674038, 61.470621664800575, 58.94795341199941, 59.70712719220805, 69.33643716273778, 80.46912182868122, 85.2681623627011, 89.90384387369059, 90.26498930132858, 85.01798091270327, 75.0849186695068, 69.69839433629369, 64.63242386559011, 61.60545003753512, 72.02840485163266, 77.31702174379501, 82.38780114042949, 116.17396503656293, 115.49517281913634, 117.54232036618846, 117.65082831034981, 124.61846804327641, 132.33176524284443, 127.55735177443968, 110.98354402798589, 107.28689291661182, 89.65534114774796, 77.8888788655129, 65.01590602471587, 56.628788083708265, 45.58646426946765, 43.825063664444365], [60.300939998669605, 68.83545997479357, 76.08555002375168, 83.01529126605627, 75.32740151726587, 67.76020939300528, 59.51391596782183, 19.210737180992354, 14.746336828834679, 13.609247162472911, 14.229290305591002, 17.905910437795725, 8.488679324461316, 0.0, 9.592892789418896, 59.478628285888284, 67.54219501705214, 75.33646363700923, 86.27742135691913, 94.87578722854896, 91.98819639528699, 84.25489723440337, 73.96108452067163, 65.43231190603441, 58.08906549203713, 32.062085146622216, 31.980602237522138, 32.556120969812696, 36.1645342555375, 35.16919753428825, 31.624743362583626, 28.931681963353565, 26.323726377361282, 24.70681709012907, 27.636379485017173, 47.189120361668934, 47.20428750298123, 52.899640290931075, 59.9672422789865, 59.467208475000916, 57.425631707389705, 50.8372904900803, 43.3127435483046, 34.66375220881829, 38.96228123652727, 32.30127611785301, 30.842512526416098, 81.97015002366743, 74.55070510668536, 65.51177713507523, 61.56044707509546, 55.294843799030254, 53.9401456589294, 56.64494132115067, 65.93225506329132, 76.09827231617139, 80.35862800830938, 84.46006760961167, 84.56354558456972, 79.08442305652102, 68.48621222074335, 63.391091963943616, 58.8780340668355, 57.86310075009717, 67.37741617886061, 72.06387903505131, 76.7293764939917, 111.34235137482443, 110.63999823457826, 112.88535676153388, 113.04119872369836, 120.13028077368614, 128.72541267261465, 124.16017900537913, 107.67012539104871, 107.42216716268051, 91.91957584648536, 81.00518908757336, 69.0682546316625, 62.23596935797782, 52.99080591823482, 51.239316957768054], [50.72279213046077, 59.25711812681505, 66.51794366740988, 73.59444965143508, 65.99922335205886, 58.43878648106654, 50.15399249719592, 9.61840819282957, 8.511335320493782, 14.85353953180413, 19.44164817544673, 25.24724910200739, 17.066405787551282, 9.592892789418896, 0.0, 50.500075048783366, 58.4608455951143, 66.05143522265755, 76.86134460190907, 85.40418288438023, 82.45465261377537, 74.74670263140167, 64.49742301434864, 56.05211115086562, 48.830102574548356, 27.351157541086444, 29.36442981188259, 32.24217438371886, 37.754548755148136, 38.856477541107225, 35.933962975832465, 31.420969350170516, 26.432502784547573, 21.85662235286415, 22.760841563236387, 37.876747155766694, 39.10123571940494, 46.26987104639716, 53.20914969681722, 53.86273010387552, 53.07143372272821, 47.66639075943264, 41.01907914306963, 32.41552090244138, 34.39411332882274, 24.973842052721523, 22.10402482882597, 77.07249186080307, 69.62086808597103, 61.21158186631309, 58.553763965091825, 53.286215144162014, 53.42859392527406, 57.61689131871043, 66.3154113906547, 75.41640053689825, 78.77491732107248, 81.7431313482963, 80.8206276120088, 74.67361125043104, 64.50316789176067, 60.55352443350887, 57.152900439544815, 58.00325119887408, 66.29136274749773, 70.00307956553861, 73.42051996396826, 102.3694467611624, 102.20824788527798, 105.55499487557006, 106.61436340617296, 114.53057447404208, 124.37301011609024, 121.0634874132457, 107.15322126855578, 109.26294681326422, 95.58323682034819, 85.41726490169562, 73.8687411821479, 67.7580460232068, 58.80926886286905, 55.95497961855082], [20.862758272002246, 23.30379174647847, 30.173085123557538, 42.28209761547309, 37.577783242512396, 32.64970424191648, 29.18709275025274, 41.82119061811998, 45.92901889547186, 54.86541608203504, 63.13912438195682, 72.72536878213836, 66.38291125899325, 59.478628285888284, 50.500075048783366, 0.0, 8.685546844562296, 17.793240986441706, 31.28669372425562, 44.032119604384846, 41.25133568486216, 29.957934535663405, 18.792526738293184, 10.321111996041273, 5.818725714869967, 38.14149999337816, 45.57509897571012, 54.379998377182154, 64.14505360758262, 72.76065152198589, 72.56769597810171, 63.158661478095006, 54.016417507798735, 45.62564539040225, 39.3258465861173, 17.32675456862424, 31.010155424928428, 43.44885150705437, 52.98700689238284, 59.50062992867423, 62.76047281934927, 64.95170430079243, 65.95845893085455, 61.532128595075534, 49.369513911535826, 37.07907596819655, 29.262324046328274, 83.55680960395864, 75.95226463810927, 71.11371005346693, 74.79490833284659, 75.03252477902545, 81.67351195876509, 91.79688010702993, 97.08937144735712, 100.05429958755172, 99.24188396169363, 97.05024661886532, 92.30222121824112, 84.42367730339595, 76.1224190017696, 77.64183894207403, 79.74903764741694, 89.3397518616716, 91.1882226522986, 90.11488144301194, 88.07360859647531, 71.28768598651743, 81.15768034595709, 95.20448188095314, 102.85093982315605, 114.99285738787489, 131.43044121746965, 134.39017624021267, 130.57033431686324, 143.9637523231758, 136.98315092505783, 129.22709218935378, 119.03476484670352, 114.10464309084465, 103.75775631413885, 94.25999378510599], [22.201470011589368, 21.529065498457427, 26.85641584959871, 38.96196536499021, 36.26754372799312, 32.98140789680988, 31.354386236903665, 49.58577423190684, 53.812546536127634, 62.617063617375315, 70.74164455410919, 80.21253283083188, 74.24376631120231, 67.54219501705214, 58.4608455951143, 8.685546844562296, 0.0, 9.508010504898538, 23.241183903075115, 36.70352243654718, 34.28311142385312, 22.534950420209267, 12.450706852373083, 7.919358109877655, 11.236597370131983, 45.58372196958767, 52.65124319318514, 61.131185046872645, 70.47844676818356, 79.22360350263375, 79.28477554433613, 70.07949857926137, 61.23712546071503, 53.192125286138605, 47.03385622428247, 24.50881354102387, 37.85891860434085, 49.73637524564074, 57.718835817580576, 64.88642443126548, 69.01250225809824, 71.90318994208681, 73.2667617314891, 69.2202625628289, 57.218737551249845, 45.321537765226076, 37.65163589231565, 87.25440998264037, 80.29933007614524, 76.57497312540497, 81.00012308179278, 81.8276203271023, 88.7101184292372, 98.7523020673182, 103.68855923481154, 106.173951403879, 104.8906313464703, 102.00844640730142, 96.59894921277127, 88.55404014744366, 81.41650557788203, 83.73555465611875, 86.36403592602467, 96.11418121904418, 97.41935044164116, 95.86709330386239, 93.00288486488927, 65.3120763855191, 77.4173074825028, 93.5967392843054, 102.62344595028506, 115.53669811261769, 132.76236651506045, 137.04792143272502, 135.7266841138854, 149.56011964356057, 143.2071942114889, 135.72235881636485, 125.57507379347811, 120.65263209747391, 110.10779095117405, 100.06390774444], [23.550662911647752, 19.584127417266334, 22.32287654474114, 33.54417240594303, 33.306911249751394, 32.057075025974314, 32.48052251351528, 56.86719864622565, 61.752194395442864, 70.74879138053447, 78.63205217144058, 87.64467379926155, 81.93380323737931, 75.33646363700923, 66.05143522265755, 17.793240986441706, 9.508010504898538, 0.0, 13.843811215004523, 27.598619693655284, 25.354242267683908, 13.41145641374698, 6.621793362921031, 11.190284794796689, 18.43846356777359, 54.414588235620066, 61.28910233281852, 69.43033353660955, 78.2691811395188, 86.67846152976222, 86.81492856857083, 78.11449580446104, 69.62148655849242, 61.75189366203776, 55.7465771801446, 31.26427701869765, 44.0518401543589, 55.28039167064454, 60.81413020498848, 68.67197686671426, 73.99159852758903, 77.61583538774725, 79.2419658978826, 75.71170609929516, 64.38315952112214, 52.9415369494892, 45.82867922028495, 88.57521668666995, 82.57218564300801, 80.32757184770284, 85.60257849702187, 87.12132797697578, 94.16100922520066, 103.92775351840676, 108.3622413602338, 110.29240926624527, 108.45379465821186, 104.75798634526633, 98.54353636936061, 90.33573959466085, 84.82906607927252, 88.12342286157381, 91.3381105446461, 101.06363531158843, 101.70165306422179, 99.59696672364069, 95.72763047436837, 57.22427944068481, 70.9077517778036, 88.92499947909077, 99.26679328634057, 112.90601303962862, 130.8813023167913, 136.63134307426918, 138.4042908803613, 152.68761809817548, 147.36323759660473, 140.38983534650515, 130.5365321792089, 125.98559884087963, 115.91034563158145, 106.1609000783891], [30.677676319432766, 24.244512615552864, 22.522219908084747, 29.628312949850432, 33.96215431774829, 35.67532958588121, 38.247663144379416, 67.47325428081908, 72.90603719666066, 81.9438998585456, 89.39722883769043, 97.73102328029941, 92.55908996196601, 86.27742135691913, 76.86134460190907, 31.28669372425562, 23.241183903075115, 13.843811215004523, 0.0, 14.409776393669544, 13.404441257506187, 5.362459498767892, 14.42694478888638, 23.10490751664544, 31.006241467184136, 66.65436339438224, 73.16179284670717, 80.71461338815764, 88.70784698506436, 96.55026175223028, 96.81877246799074, 88.93371255258438, 81.04878944642573, 73.54827412733901, 67.83948936660052, 42.717201435422396, 55.07004068026515, 65.63145067339728, 67.92492794173086, 76.44729582442814, 83.2153376938822, 87.44956620015557, 89.05883164434626, 85.98740430482805, 75.92263362274241, 64.74066481944926, 57.838184122518804, 92.59909533068155, 88.13098675199109, 87.87245829630446, 94.0212062654927, 96.21874214395582, 103.15350536293921, 112.16475169036781, 116.05966673575331, 117.54814859681369, 115.12158265647531, 110.48939357209538, 103.23518111560423, 94.86559960647202, 91.78238218166447, 96.19501436779764, 99.95269470326784, 109.13602535624311, 109.17376970445157, 106.52731290879181, 101.4406969145998, 45.17246744379563, 61.95560930497194, 83.03368166899413, 95.50704101877929, 110.24877400199277, 129.0305701823304, 137.0072093940109, 143.4402693964903, 157.43732205863012, 153.17698712903882, 146.8107063069541, 137.23756187832652, 133.0018922459594, 123.36268307350801, 113.89428884791695], [37.74945523882396, 30.71916481655851, 25.91659515255376, 26.49122897563303, 35.02921904661994, 39.15332935394602, 43.16460579294499, 75.9209204663501, 82.19088944324119, 91.41602621923718, 98.3070258926239, 105.59654425097763, 100.86672208877934, 94.87578722854896, 85.40418288438023, 44.032119604384846, 36.70352243654718, 27.598619693655284, 14.409776393669544, 0.0, 5.216816356920572, 15.039141348252505, 26.07730224584261, 34.82909736120836, 42.640644037508785, 78.07346806380582, 84.36996600963066, 91.37494224882354, 98.52945230790954, 105.3438931791264, 105.52757614503182, 98.71661483887979, 91.46088274236332, 84.19406340937982, 78.81576733325312, 52.618148157926626, 64.21567822576971, 74.03981987837129, 72.63869667859905, 81.60114254400665, 89.86324638440665, 94.49988036641878, 95.86031970911634, 93.3107944594512, 85.09831801552666, 74.32796244327145, 68.03530107775927, 93.32624263398674, 90.68265036401942, 92.54529343880144, 99.41140619531446, 102.19925616500039, 108.77091051226449, 116.67569500829262, 119.9508593647813, 121.089538884942, 118.14541314207874, 112.6688228907103, 104.413562217281, 95.98190492909019, 95.66214203266259, 101.12724438877302, 105.3032563418046, 113.52739712474136, 113.01601167445212, 109.92019137931632, 103.66317004211047, 31.338871717835218, 49.9542965937612, 73.49177501318736, 87.8507778204439, 103.51228362313897, 122.75869671200336, 132.89250614920167, 144.24577444086927, 157.52438328928537, 154.57344012534412, 149.0368950147736, 140.0362576745885, 136.50060795799558, 128.08261544325038, 119.93323397589172], [33.707122777548165, 26.28149374922107, 20.991796462215927, 21.862196406393597, 30.033720962855085, 34.30651573018165, 38.728424742133036, 72.89871093357515, 79.55473461561347, 89.06815978766313, 96.05802349282557, 103.29921985433359, 98.22234271309173, 91.98819639528699, 82.45465261377537, 41.25133568486216, 34.28311142385312, 25.354242267683908, 13.404441257506187, 5.216816356920572, 0.0, 12.15459191072173, 22.814285377281532, 31.58722643642302, 39.40128112696872, 75.99082019276484, 82.55789401245003, 89.82575157787318, 97.29485007938666, 104.0418424864268, 104.03876523269444, 97.10620060514394, 89.61539020814526, 82.0651818133522, 76.56564178749169, 48.92294523100876, 59.82645183263629, 69.29784842898214, 67.67865249966069, 76.64628668687624, 84.94708285585733, 89.75639594035451, 91.34403259744157, 89.0395236598708, 80.75948895301559, 70.43896019733418, 64.84688095570692, 88.50313940603175, 85.69527307774405, 87.54717006961414, 94.50987233373773, 97.44530702082199, 104.18111608984997, 112.35172926593425, 115.46463868048592, 116.33853881676193, 113.30528692775235, 107.77938278841636, 99.58661922443298, 91.19257075435986, 90.69665044125102, 96.23477917761626, 100.54070977215032, 109.09630971276839, 108.32977102596969, 105.1112265687476, 98.83107072427013, 33.75746452856604, 49.392974313495046, 71.44349435687782, 84.9991086516538, 100.29260530202798, 119.55609903652551, 129.1370875489107, 139.64453723610185, 153.79716025380762, 151.295526300588, 145.93289083142207, 137.2280170949209, 134.11503556519708, 126.35550554881301, 118.93225221056376], [26.804356974867687, 19.681643016549, 17.347931027738177, 24.91461683762913, 28.750558309394048, 30.673283074348934, 33.80218126431402, 65.2430600105997, 71.28345568647593, 80.70497331519678, 88.17754613289232, 96.27348302127305, 90.77409267765009, 84.25489723440337, 74.74670263140167, 29.957934535663405, 22.534950420209267, 13.41145641374698, 5.362459498767892, 15.039141348252505, 12.15459191072173, 0.0, 11.575236822901289, 20.747972150204486, 28.809333444571067, 66.09491804984577, 72.89685470263214, 80.66118617446408, 88.86596535506152, 96.42537276229068, 96.45712423197372, 88.63264065713076, 80.58675207517516, 72.78541037914192, 66.98744908805403, 39.780925742284886, 51.293159873740436, 61.42801766948789, 63.019290346644624, 71.61850128314609, 78.64029049147469, 83.11578185115908, 84.92992504464262, 82.1936063435496, 72.31274193751192, 61.66257875910527, 55.67107621331312, 87.40118285681581, 82.97837640972152, 82.9611698348096, 89.30596713552669, 91.73653425867555, 98.79782521051096, 107.9369749000284, 111.5781166451666, 112.75193920437944, 110.16985872555517, 105.38586558918028, 98.0755274109125, 89.73766231928816, 86.80689375476852, 91.42971582225735, 95.37842558300615, 104.7777063340432, 104.47880521096533, 101.65033735789174, 96.39587318202307, 45.28097571276722, 59.66092199404711, 79.48824619008087, 91.33404950458684, 105.77168431967144, 124.56645199283945, 132.23604270162107, 138.4339086100603, 153.20528371469175, 149.6029774256367, 143.5472406314187, 134.38210915692613, 130.71846854692214, 122.01356379261627, 113.60357371218132], [18.320442307753332, 13.183854642648408, 15.809355812084215, 27.401690788997726, 26.6909184794667, 25.627558807132825, 26.70204053449983, 55.07186800101804, 60.9658259507307, 70.50359017988592, 78.25043774831853, 86.70977821109842, 80.75552257539384, 73.96108452067163, 64.49742301434864, 18.792526738293184, 12.450706852373083, 6.621793362921031, 14.42694478888638, 26.07730224584261, 22.814285377281532, 11.575236822901289, 0.0, 9.243509519366063, 17.32832948498502, 55.638857439531044, 62.77205903117088, 70.9499286806561, 79.7391726657206, 87.50263064213047, 87.347199535803, 79.05041835239882, 70.58316013616142, 62.442020017780415, 56.44994976433922, 28.741628976730343, 40.739058617624025, 51.593564625185934, 55.459546699743285, 63.60337019871594, 69.63151255083632, 73.56783291293877, 75.26813568288944, 72.15407944541859, 61.54970045677075, 50.61593837027435, 44.63447825399193, 82.44041703756778, 76.80235254855577, 75.20671124755431, 80.84136056645363, 82.69646076669528, 89.76542047148364, 99.3902041528575, 103.48657862060477, 105.11679080575566, 103.04821286991458, 99.05810762608638, 92.56684109118703, 84.30920095747138, 79.48564669301238, 83.2129901706541, 86.69022310309205, 96.37203973501214, 96.62162156273781, 94.27514688908852, 90.00894838610485, 54.63715989445154, 66.0521680217394, 82.97819455958876, 92.90239120209797, 106.38725818578543, 124.39185651745927, 130.16015186362208, 132.5800089285491, 147.3361508385248, 142.85551424004177, 136.3374268052101, 126.98337887465368, 123.15775675196254, 114.3269780131819, 106.0413167681045], [14.511083647489222, 13.973041248096742, 20.169789115626816, 32.35041423265637, 28.75471824948264, 25.118042251716833, 23.580365853735245, 46.76294942242118, 52.39725203780881, 61.95875718073734, 69.8883313914321, 78.62538279696217, 72.37944325703747, 65.43231190603441, 56.05211115086562, 10.321111996041273, 7.919358109877655, 11.190284794796689, 23.10490751664544, 34.82909736120836, 31.58722643642302, 20.747972150204486, 9.243509519366063, 0.0, 8.087104429980982, 47.01973692009413, 54.382915266252816, 62.82654837848752, 72.00898434409912, 79.85961204999643, 79.55537179201947, 70.94521594891259, 62.20035723990557, 53.82860586042423, 47.72187680119634, 20.186241501641412, 33.22188220087214, 44.995922326690646, 50.97130864133384, 58.53364586295482, 63.57954329038674, 66.79097195938012, 68.14158467441406, 64.523255651325, 53.49786926280779, 41.99110350847836, 35.64896036704578, 79.81312508946252, 73.26700700031546, 70.26139809927557, 75.09198628876291, 76.27291662398292, 83.151287011014, 92.96593835225262, 97.55763729971662, 99.78967295491792, 98.27392284601643, 95.08228013676171, 89.3401202067935, 81.19368078029078, 74.84042328227464, 77.64777106968732, 80.54958026095373, 90.15891877050969, 91.08839605616038, 89.29702035422036, 85.98979475024134, 62.04188653254622, 71.63345640511923, 86.47534290326364, 94.9790349286622, 107.70876776665283, 124.89507223354295, 129.18497000462298, 128.6413186216151, 142.82409644784448, 137.37142344303356, 130.3930641312591, 120.79076047396576, 116.70127771759829, 107.62805077161778, 99.37608273214418], [15.302538278146507, 18.639940915755417, 26.00107622509499, 37.84566663316573, 32.44987259479633, 27.116634500888456, 23.384072650002974, 39.74793927357736, 45.09033662626746, 54.667322045457304, 62.76504358116516, 71.74433041440584, 65.1932912426041, 58.08906549203713, 48.830102574548356, 5.818725714869967, 11.236597370131983, 18.43846356777359, 31.006241467184136, 42.640644037508785, 39.40128112696872, 28.809333444571067, 17.32832948498502, 8.087104429980982, 0.0, 39.79266151264589, 47.39491633097639, 56.09091253071921, 65.64688271730584, 73.52126294507902, 73.04919753914115, 64.16127599219274, 55.15145905683901, 46.54091208791122, 40.32874134260722, 13.297134389121664, 27.34218186655112, 39.91070906125828, 47.92617377173197, 54.765365300347064, 58.766315125869625, 61.20291149331585, 62.1769703194605, 58.06137226393582, 46.676433979534444, 34.58710890150077, 27.872097581343123, 78.08337644980917, 70.77294908340635, 66.46055283672574, 70.45742868217685, 70.96156527311119, 77.6053525321589, 87.55582932637728, 92.60004244376589, 95.39328730460757, 94.40693283811403, 91.98107862078648, 86.9722991212322, 78.99972267920253, 71.27682458884848, 73.16974273400768, 75.4858323864325, 84.96510989535167, 86.54245702946018, 85.29202818790499, 82.91293910604617, 68.81731497455087, 76.9378500322954, 89.98840881248759, 97.24063252335397, 109.24199926675928, 125.63653766686255, 128.60996036427767, 125.40712702162604, 139.03474222198906, 132.72333768225096, 125.34625169437311, 115.55409034371354, 111.25382126395803, 102.027604124163, 93.90401229462853], [49.25531798728893, 56.250475462892624, 64.02175120066187, 74.17178312432915, 68.02904969168551, 60.9591405563188, 53.530210934473054, 25.600457240447113, 19.231589523606285, 21.741883824816334, 29.872321431577845, 41.46467211623112, 36.52178724482954, 32.062085146622216, 27.351157541086444, 38.14149999337816, 45.58372196958767, 54.414588235620066, 66.65436339438224, 78.07346806380582, 75.99082019276484, 66.09491804984577, 55.638857439531044, 47.01973692009413, 39.79266151264589, 0.0, 8.05121866943738, 17.483267157358235, 28.516810113510942, 37.84242910844321, 37.60420827769379, 26.578761460053798, 16.706240903467695, 9.101820002690946, 4.594705687069958, 35.2276774757351, 42.8420417148129, 53.38095637288244, 66.10662536949876, 68.66131364093174, 67.47519786217647, 64.30905782153687, 61.028345919454026, 53.22490996147997, 45.60953941210222, 32.80510023723823, 21.3936715455476