{
	"dissimilarities": [[0.0, 8.551199066001509, 15.761580864749098, 24.485440141887366, 18.63523165156202, 12.627305637713535, 7.772077257823997, 40.849039092794015, 47.62967877630747, 58.074305290587716, 65.22711635816505, 72.23463956581625, 65.71127623502852, 58.69456923620091, 49.184504590642625, 16.832082142683866, 17.197169873067782, 18.941951856948297, 26.660775518070025, 33.21740229304618, 30.53798099446568, 23.727887068749908, 14.462559244857255, 8.570482878366716, 9.851040827591214, 46.58151258944636, 53.561603127540856, 61.40969468528395, 70.10042957457206, 76.6264603515461, 75.76788744141034, 68.39643896771999, 60.17586132495197, 51.73503975964177, 46.057943219213335, 18.347753936336787, 28.08829141323, 36.19829437049924, 39.30374081999475, 48.05434257781257, 53.944528301682055, 59.258230933228816, 60.045756852326015, 56.602248724985394, 47.714238396703735, 37.887378330146, 33.75563904882981, 66.77391034138253, 64.04767406327463, 62.486193996594686, 67.6637454298402, 68.69187340040028, 73.09738070556661, 81.66565071235948, 81.53316861908337, 79.8916016081121, 78.21963634160095, 74.52042725561587, 70.19013609694036, 66.79425355316519, 65.66881877751545, 69.88845743469756, 73.31098881477607, 79.28062195023284, 74.1024606309988, 70.66422418685681, 67.4027182543124, 52.404367792983386, 58.19128078905782, 70.32703852881356, 77.3511414905152, 89.93547989483804, 93.95472550738174, 99.00011739315521, 104.19656946136169, 110.69715800134196, 120.23040595352467, 115.413837420283, 106.3509162857451, 103.24429646470416, 98.21090570438187, 93.54591128643678], [8.551199066001509, 0.0, 8.155167083570264, 18.369311106785087, 14.347865121934829, 11.66662225936732, 12.912397031258994, 49.33374092382003, 55.94319995883226, 66.20763879715392, 73.52816932811386, 80.6696058754377, 74.1832079150862, 67.17092847195819, 57.668252319752725, 19.640206291271742, 16.375009086555067, 13.939673017924417, 19.29417200582235, 25.754624825417356, 22.847442609260803, 15.69289462850197, 7.49883405753741, 8.99368818848808, 15.186526950762312, 53.78689294032695, 60.8571969417092, 68.83461095211642, 77.54484859803308, 84.39646215124597, 83.71081167579335, 76.18653443165869, 67.91173106963191, 59.52489757831506, 53.69612731419872, 25.302392892043414, 34.00385576767169, 41.071344823678416, 43.38073854767419, 52.24907815947498, 58.643332598105424, 64.89251129767268, 66.56574865596764, 63.923360061601485, 54.55226400349086, 45.58896708137352, 41.61418542840926, 69.35331193286325, 67.32742808417112, 66.85500093506971, 72.61657678527408, 74.31651122389323, 79.26031533202661, 88.39841785151759, 87.5862141822641, 85.27727299531892, 83.03322272712842, 78.46617440263496, 73.5276366690652, 69.72947529642047, 69.68063878718235, 74.8102448591244, 79.00058875549607, 85.77987531173669, 79.77157384303929, 75.57478870785945, 71.3980301587959, 46.45547594538902, 54.13842053678749, 68.13982103764285, 76.54856592038952, 89.66907971531158, 94.80708730300132, 101.30974239155636, 108.44887954602967, 116.86970237032145, 127.35961190229963, 122.95601948265896, 114.18815318861088, 111.36420136948783, 106.27914760676634, 101.14710211283874], [15.761580864749098, 8.155167083570264, 0.0, 10.728543880017742, 9.536821448478417, 11.929948957988922, 17.197614965830642, 56.39794940959959, 63.33374643487143, 73.78793961390593, 80.8543506468202, 87.60243195013912, 81.21587396116496, 74.22719457327281, 64.72249357182633, 27.43755467915109, 23.091542698679202, 17.868100049048472, 17.54345872305923, 20.462644228255353, 17.03239446474835, 12.670360991663735, 10.993528531373489, 16.895852331299945, 23.287320499881254, 61.852669786901096, 68.88087557512824, 76.76089705176062, 85.25672990721448, 91.81261292454404, 91.11290045374963, 83.89362977557326, 75.74961971703074, 67.37314128322316, 61.630096566724774, 33.00029513701944, 40.087038891000695, 45.60848223414276, 45.48323713439954, 54.181402384232115, 61.70174005020797, 68.77673431780315, 70.81332408541223, 68.96792640990485, 60.416881868504994, 52.394823418174035, 49.33585701505813, 68.6297051495978, 67.70102724914418, 68.93089026335473, 75.17380444808464, 77.54446071279949, 82.71665731749347, 91.92134654495118, 90.4670842046521, 87.62789712414676, 84.77938554160579, 79.35968088333992, 73.61545909030936, 69.39942771933944, 70.99853992963749, 77.10051687034283, 81.94808451654944, 89.13446351923776, 82.63595081590597, 77.77506868158183, 72.53915330680658, 41.428673842158815, 47.671793391552946, 62.17098326539447, 71.4710414469135, 84.98339644035038, 91.21189769339502, 99.3012799390823, 109.02471483975846, 118.97023572885522, 130.27816590389546, 126.51692602402892, 118.31460061876106, 116.2618262590945, 111.97714352008822, 107.72907169916786], [24.485440141887366, 18.369311106785087, 10.728543880017742, 0.0, 10.220062739424355, 16.910468727764027, 23.365369033343864, 63.39007326891779, 70.74248237462037, 81.46475439543227, 87.93939376322108, 93.87776565849444, 87.80282950370075, 81.02799971505961, 71.58077465143592, 37.96123991803443, 33.6170774428598, 27.54929942184538, 22.7307243716569, 18.999725318425053, 15.643262197888456, 18.07691957678924, 21.150585729553427, 27.31160795807662, 33.2265478833211, 70.91873740555054, 77.74358004791787, 85.27883328205577, 93.21925600908202, 99.0180985609791, 98.25809877642219, 91.77091062871591, 84.00678885785463, 75.72861377554938, 70.27929795951141, 42.25875566814901, 48.095274926473486, 52.099519783574536, 48.50938971456346, 56.665964072602904, 65.75202515832287, 73.39201114182285, 75.21021268930984, 73.9955832147732, 67.32155488537933, 60.02865311590715, 57.89294009649458, 67.1389258006207, 67.84786633446751, 71.40108083573865, 77.94489675542378, 80.90154094339641, 85.90915822552567, 94.51875293216285, 92.5805210907743, 89.4441335878353, 86.00846238426688, 79.80331463282084, 73.03109842488627, 68.3744931029661, 72.30723860532761, 79.3660024427875, 84.66259425163803, 91.69171768228674, 85.20326090719797, 79.8679439235111, 73.4879783886115, 36.549599114017894, 37.70031320259576, 52.18500090935156, 62.5537790786368, 76.78836910789387, 84.62480787433212, 94.9234784790363, 108.29743470288545, 119.06628714648022, 130.5767313486901, 127.56788480978503, 120.04857744521301, 118.99045590219053, 115.8755998950672, 113.2966786309597], [18.63523165156202, 14.347865121934829, 9.536821448478417, 10.220062739424355, 0.0, 7.693930567195091, 15.778859392671386, 56.285889640245756, 64.03947106704396, 74.96554964837351, 81.49566494463544, 87.52603290750221, 80.98113352276236, 73.77715169775264, 64.47591818394541, 32.89910535690741, 30.26846660737106, 26.655070285219356, 26.78245486597039, 27.253861800731762, 23.64796301051454, 21.72134526494531, 19.64388898901358, 22.755610783488933, 27.2189466684398, 64.65920504648835, 71.6690151488586, 79.47191400834357, 88.04947922571051, 93.8928965212833, 92.79742687620626, 85.96039498421288, 77.84972262640355, 69.31229500765926, 63.7780881635979, 34.67184188347363, 38.59864110838553, 41.96272475739017, 38.677693180931165, 47.03285415901622, 55.700378177950086, 63.33491001461563, 65.47771891098232, 64.58410911440316, 57.57257749158453, 51.15494642622003, 50.473313878498715, 59.5988463754416, 59.28291351531491, 61.79727784858237, 68.29228108061345, 71.16621677242433, 76.40362634497966, 85.6016415596373, 83.5345481277626, 80.30238810412128, 77.0365867854263, 71.13191284606201, 64.92810853094568, 60.530403352454506, 63.178460952556456, 69.91224600729478, 75.19215089827297, 82.65067116144981, 75.7911483690215, 70.48855912981278, 64.54102970297902, 46.35372503269375, 45.79122253011865, 56.205607743518584, 63.846502502162885, 76.47212051460937, 81.99215596985152, 89.88895088425849, 100.41986488028917, 111.49016774836916, 124.21430916282537, 121.29027454340272, 114.06734846183363, 113.39874171946477, 111.2326874504477, 109.42664542583545], [12.627305637713535, 11.66662225936732, 11.929948957988922, 16.910468727764027, 7.693930567195091, 0.0, 8.617945336617137, 48.82897671711233, 56.61794833408733, 67.55907170862167, 74.15111578433702, 80.3317530568697, 73.62799885179615, 66.3091306358391, 57.030667677309005, 27.549410904814735, 26.567704110615395, 25.30510260363856, 28.934666104000822, 31.932119876847278, 28.498198406978137, 24.31989782969972, 18.626293273055754, 18.237443774165857, 21.02062683956578, 57.4235033440259, 64.43884637107271, 72.27796423627653, 81.05192068849435, 86.92712440306416, 85.72165099915199, 78.73545934383621, 70.52808666566787, 61.93286530203145, 56.408217548016246, 27.367440479132902, 31.427260282146744, 35.68371843429382, 33.97001544539905, 42.64728955938478, 50.55389738432333, 57.5377776339614, 59.30292308708616, 57.81825662250541, 50.42302549309084, 43.51979397775142, 42.902780112410014, 57.99940711256667, 56.55986139317688, 57.50118911927549, 63.58870207502812, 65.88176164826744, 70.91652161712462, 80.08307258576265, 78.54433749741307, 75.78145623018534, 73.05607814910277, 67.94998290436274, 62.499612973159905, 58.51279693997116, 59.56177803002457, 65.4281552874111, 70.13328115645882, 77.25332771759433, 70.80205075464391, 66.08034497167402, 61.08596073184838, 51.35663469173247, 51.59778941333469, 61.03239324065589, 67.41530237137366, 79.42829173599776, 83.60471926329647, 89.7043708116472, 97.62059291113577, 107.30242777069466, 119.51801726885724, 116.12468010880256, 108.5441498966817, 107.45686790397468, 105.07074384899299, 103.1127990672195], [7.772077257823997, 12.912397031258994, 17.197614965830642, 23.365369033343864, 15.778859392671386, 8.617945336617137, 0.0, 40.574275156094515, 48.26615933130372, 59.21233176819628, 65.72673640932129, 71.92259519777804, 65.3347008929188, 58.17562926570578, 48.80251245523995, 23.640408711544858, 24.655523820794986, 25.800098384549738, 31.772427810636394, 36.1587548907644, 33.14875033015408, 28.028773144527577, 20.217163157162805, 15.932554196725834, 16.00812823421133, 49.68876426379828, 56.51324779201547, 64.12477337557236, 72.6716861166847, 78.36548948339826, 77.1598037273344, 70.33380855994213, 62.28908330676126, 53.78095513541129, 48.430942309269156, 21.004091877523745, 27.12916328748834, 33.3149673673842, 33.368152827777735, 42.00901540406643, 49.09798758923137, 54.81273199341062, 55.40435783477506, 52.59820011850361, 45.44306720233754, 36.9088436009008, 35.26407715416924, 59.53390536692739, 57.261243298807734, 56.71117045646197, 62.046560652386916, 63.40176499197353, 67.73225522375144, 76.1115002010815, 75.6042876624623, 73.78116223176929, 71.83047161995383, 67.84535789142399, 63.13653722485982, 59.62731768190672, 59.319058440309746, 63.97930779378964, 67.64391707198939, 73.63071078298894, 68.35366998463105, 64.66092268557468, 60.883937738325976, 54.56139348750233, 55.70553064443444, 65.06724020648875, 70.85173734141823, 82.84790936068619, 86.37002839909084, 91.26712292746242, 97.18401534828844, 104.15882282839439, 114.54506273181283, 110.36503875007267, 102.03959070675455, 100.09902717992038, 96.90518037811819, 94.56004947220003], [40.849039092794015, 49.33374092382003, 56.39794940959959, 63.39007326891779, 56.285889640245756, 48.82897671711233, 40.574275156094515, 0.0, 8.983955497633211, 20.10122792180107, 25.67510479451893, 32.32836799731963, 25.089351636584478, 17.857506001485934, 8.342947039089127, 40.32653302171429, 47.56355453823175, 54.933808165352715, 65.30658122059414, 72.50273144527146, 70.3762780435132, 63.64903983519684, 53.72708001747875, 44.356492894306655, 37.118030088965185, 21.592263576076547, 24.755580139429007, 29.62952391801409, 37.44083263452198, 41.367387338068404, 39.109419526051624, 32.810646295119916, 25.73795303301049, 18.517181778324286, 16.870784711794347, 28.20817633658819, 31.32352120146718, 38.96608576951812, 46.181849695570854, 50.4211989457727, 50.33667901930568, 47.97621922363072, 42.88107275835862, 33.596628897031565, 30.23224867454346, 17.787249153911937, 13.868258710087504, 72.73584201114002, 66.74293983979886, 58.95779614048212, 59.452993637252625, 55.902735341851034, 56.114787563487845, 59.92275258540702, 64.58285917669706, 67.40031244796619, 69.609163119424, 71.57520545377632, 71.60859329732143, 70.98800708403925, 63.83867401794901, 61.68636597219441, 59.615930172010145, 59.50558791154536, 60.482833084888846, 62.46970835249176, 65.4519361826816, 87.83672023432305, 89.78089199695134, 95.59678066655042, 97.12078721924746, 106.3001369375613, 105.07676537123295, 102.59085618675775, 96.19173072271848, 91.14124223174342, 94.05272751938294, 86.27303561653689, 75.09086470793554, 69.09651182767456, 63.251795234707615, 60.33217362864661], [47.62967877630747, 55.94319995883226, 63.33374643487143, 70.74248237462037, 64.03947106704396, 56.61794833408733, 48.26615933130372, 8.983955497633211, 0.0, 11.263397428323701, 17.85334243833689, 26.10827286349586, 19.186390486593826, 13.278042133724915, 6.485638017458733, 44.85216302038807, 52.18327689625523, 59.972519959303504, 70.65354633581646, 78.41469343800297, 76.5379032709575, 69.51554194854698, 59.615683672671764, 50.17159722209054, 42.90396409227077, 17.094432341976493, 17.77416900231642, 21.134845285907225, 28.648132837901215, 32.88401363247601, 30.68978477090731, 23.84596047659985, 16.95700125476483, 10.852725511025744, 12.03483893182131, 34.19598379556678, 38.22362386465818, 46.22132046345899, 54.68231954512685, 58.631214405089494, 57.503236647147396, 54.18208719904609, 48.78702175098949, 38.994193217112546, 35.5445085596405, 23.894935520162697, 17.762112353105135, 81.15156719234567, 74.85752079847002, 66.28118771525467, 66.17389055699915, 62.01282960836615, 61.64899056709667, 64.53840402551445, 70.06249499629622, 73.54942954305452, 76.34405360695426, 79.03292088135332, 79.62932806058014, 79.27928103676157, 71.45379250890238, 68.4855098602213, 65.6554114231106, 64.56893323740334, 66.54256379948596, 69.29197899033821, 73.09022889038664, 93.17967191731177, 96.87891987146547, 103.60947887458597, 105.42709653522007, 114.75890209007817, 113.49775055252137, 110.5537655707269, 102.69850272707528, 95.56951375546686, 96.22153174853746, 87.41492192976477, 75.27574029158141, 67.40026852042061, 59.00766774471027, 53.43768539031356], [58.074305290587716, 66.20763879715392, 73.78793961390593, 81.46475439543227, 74.96554964837351, 67.55907170862167, 59.21233176819628, 20.10122792180107, 11.263397428323701, 0.0, 9.161623737928885, 19.5837296103937, 14.107330879049622, 12.67830598865168, 14.301424711711242, 53.5810342284024, 60.916417770973055, 69.00715716779072, 79.91537025913863, 88.11566409643682, 86.43157636153506, 79.18347107487564, 69.32908912859077, 59.89340600120442, 52.657416218787546, 18.998517127717967, 14.959252632905795, 13.370917814122784, 19.26936478687227, 23.240729711395318, 20.802873105126103, 13.218544410074548, 8.17266867251628, 9.465782366533578, 15.397036652202818, 44.024664118255906, 47.852493637110896, 55.55938802466615, 64.8993149373303, 68.25653969787602, 65.90694767890328, 61.384694084392876, 55.58510283397969, 45.52222319347273, 42.71445495132911, 32.87776925822064, 26.978705698852735, 90.79221943469777, 84.09670989179752, 74.5869796922654, 73.65456319926041, 68.7655942471356, 67.6270148707876, 69.30402674147632, 75.79316328930413, 80.09225944024897, 83.62145619471711, 87.27472611897998, 88.66059698486889, 88.72767082636867, 80.02602582135601, 75.99164597172869, 72.19725811501579, 69.87941189998763, 73.08830669557388, 76.80528677114981, 81.65432728829947, 102.33839591113113, 107.22516900143611, 114.27266864007402, 115.9617213984131, 125.09058308836626, 123.38855757236793, 119.48230075289341, 109.44512516350453, 99.7731872911896, 97.9283426033341, 88.04650048787862, 75.10065248775716, 65.26605103265734, 54.38879807434492, 46.07542955059308], [65.22711635816505, 73.52816932811386, 80.8543506468202, 87.93939376322108, 81.49566494463544, 74.15111578433702, 65.72673640932129, 25.67510479451893, 17.85334243833689, 9.161623737928885, 0.0, 10.618692031520125, 7.462427126930552, 12.118919864664548, 18.163279316721663, 62.0169716712165, 69.26499226228141, 77.09580059504694, 87.586882954524, 95.18030371010501, 93.50772902230852, 86.73575493227167, 77.06085191792349, 67.72102275405862, 60.55182699636597, 28.12864495030959, 23.48773010204164, 19.248194831028858, 20.025017841442516, 19.14726623834758, 15.557977176003087, 13.220747447904564, 14.659124919523984, 18.60200755110921, 24.50595688736702, 51.93255327327846, 54.90100893840959, 61.64366458819652, 69.58963462018409, 72.1438633923213, 69.78541950643908, 64.4042804499954, 57.44452589587234, 47.132781515181655, 47.42776990829501, 39.086100286206786, 35.00793921497447, 93.34739211327175, 86.81899005137147, 77.44479649301469, 75.77172485013784, 70.36353022190409, 68.07756690655188, 67.75170230548214, 75.20011603310051, 80.43864506000179, 84.5099710671991, 88.9701392419988, 90.73679215775839, 91.1551614080014, 82.50363952033268, 77.75193371812745, 73.03331592139565, 68.93098046996704, 73.81782999862685, 78.44535071076758, 83.8961590748187, 108.5022000513015, 111.77915606945292, 117.50194180461905, 118.30548991445684, 126.86690207679625, 124.6182123448322, 119.92895204860794, 108.9675162334844, 96.3248152388246, 91.86563831561485, 81.30357294286418, 67.86878276920707, 57.12840438697194, 46.01929530199503, 39.75273009042345], [72.23463956581625, 80.6696058754377, 87.60243195013912, 93.87776565849444, 87.52603290750221, 80.3317530568697, 71.92259519777804, 32.32836799731963, 26.10827286349586, 19.5837296103937, 10.618692031520125, 0.0, 8.470896929190912, 16.925133383774146, 24.410991230024358, 70.76668731439567, 77.87610621873422, 85.31626086590931, 95.22718262882314, 101.97473018017543, 100.28516066105591, 94.15957955821088, 84.74557907402517, 75.58461717309814, 68.5516888547632, 38.52475408522326, 34.05199348031002, 29.207744395183088, 26.919328138753873, 21.250962625519673, 17.20098171607202, 21.088352697577637, 25.034735923951786, 29.001750537727983, 34.626291210489725, 60.050029276847276, 62.16563546899567, 67.8364900842172, 73.84187199833706, 75.53707312325125, 73.52210922004699, 67.49466958359541, 59.339008415520006, 49.078578920773744, 52.86450189559504, 45.96102484268041, 43.62178241158692, 94.78180095214753, 88.65759581305407, 79.8349012995303, 77.47206068936033, 71.68202996486217, 68.14884793325805, 65.43363317648902, 73.8144290809684, 80.01892248899705, 84.54772524521655, 89.74025621912027, 91.75427530827498, 92.5034159907112, 84.26969073902734, 78.95684846338796, 73.3720826049314, 67.27496451491201, 74.00192219417374, 79.48226360954571, 85.34343383027874, 114.2661836428711, 115.26999297128637, 119.21875924692513, 118.92516861171671, 126.76419042716012, 123.9546624720087, 118.55234314536392, 107.09740185123599, 91.14645499997965, 83.6006273302567, 72.36516503466997, 58.41759022126594, 46.853110767890875, 36.35191626667563, 35.136067389243046], [65.71127623502852, 74.1832079150862, 81.21587396116496, 87.80282950370075, 80.98113352276236, 73.62799885179615, 65.3347008929188, 25.089351636584478, 19.186390486593826, 14.107330879049622, 7.462427126930552, 8.470896929190912, 0.0, 8.532505534946344, 16.84304011968261, 63.99716698230703, 71.33646103985319, 78.99588195898347, 89.32649414778183, 96.41476593895116, 94.54334807678443, 88.06030857857172, 78.3270165335868, 68.97229066808852, 61.734381171007854, 32.47209944702175, 29.00894078718994, 26.10507093539485, 27.436212023528213, 25.224845931317677, 21.28234758956192, 20.60139196746001, 21.134352370736178, 23.131253066971645, 28.19876171595707, 52.68914656432497, 54.02847145085239, 59.58557896688771, 66.25681524649063, 68.08261673585514, 65.73175170170559, 59.88591694327479, 52.206984682771576, 41.877516510935465, 44.542136164729634, 37.66115119183402, 36.078492157603286, 88.3265550855091, 81.84296508945168, 72.58705982276852, 70.4929468943988, 64.86632242775597, 61.9951136706999, 60.8234447813984, 68.5751127400448, 74.1843932411658, 78.47357549595776, 83.3335540315168, 85.36037377854565, 86.0338539160604, 77.36104126295777, 72.23169186728938, 67.07878474686981, 62.20189767382373, 67.79777993321468, 72.84748533376482, 78.60360364265871, 109.91835681009321, 111.0073561898727, 114.97305350710195, 114.69397022508933, 122.4289740448501, 119.39530304565594, 113.89244290697225, 102.26239069626482, 88.91269200469911, 84.77394887825388, 74.49612112984362, 61.525189047127114, 51.94525487126218, 43.982416853400096, 42.654465362963215], [58.69456923620091, 67.17092847195819, 74.22719457327281, 81.02799971505961, 73.77715169775264, 66.3091306358391, 58.17562926570578, 17.857506001485934, 13.278042133724915, 12.67830598865168, 12.118919864664548, 16.925133383774146, 8.532505534946344, 0.0, 9.577972113430066, 57.03206362303603, 64.53355091376865, 72.29996198805743, 82.92028162406505, 90.21392785616561, 88.15961495177143, 81.41910003498101, 71.43898688909354, 61.96238079315512, 54.579801002169674, 27.701544520480624, 26.01584204160607, 25.89548785540541, 30.632845082220324, 31.190795557473713, 27.647760500136318, 23.79398376834712, 20.59605336550976, 19.314751674506745, 22.989037071536906, 45.05752408557306, 45.59720729557246, 51.08615177824966, 58.2735215850062, 60.35426259105065, 57.91997278280964, 52.51582195302309, 45.42898038074161, 35.09235827593886, 36.34697955381406, 29.147343534067097, 28.56342307937216, 81.54209947021, 74.81667980410437, 65.34960102133205, 63.70470005368882, 58.40836334260697, 56.37705629693357, 56.97193605278287, 63.86647230243133, 68.70939379549016, 72.59594427892127, 76.91688838407865, 78.7753643817425, 79.2825982842423, 70.39605526178528, 65.6866793216592, 61.18118256964042, 57.77941784856545, 61.98441010379094, 66.38839549523443, 71.80253159834228, 104.8114671485281, 105.81978181512713, 109.7849841718746, 109.58311919418617, 117.28364836576125, 114.18668211176289, 108.84453189263938, 97.59019109561564, 87.11716170962102, 86.30782803123732, 77.06546093861014, 65.08469976482351, 57.371513234287534, 51.39780266910579, 50.20371666092172], [49.184504590642625, 57.668252319752725, 64.72249357182633, 71.58077465143592, 64.47591818394541, 57.030667677309005, 48.80251245523995, 8.342947039089127, 6.485638017458733, 14.301424711711242, 18.163279316721663, 24.410991230024358, 16.84304011968261, 9.577972113430066, 0.0, 48.087497798940355, 55.44265172331682, 62.99518671079413, 73.44081127998379, 80.645611890538, 78.58215535413781, 71.89462980563138, 61.984881566316105, 52.57957555359196, 45.2889752843122, 22.971015318701568, 23.650727620542124, 26.284230196666616, 32.88444330475725, 35.430116922435666, 32.64580877143916, 27.246176623865487, 21.533827969670092, 16.560789165922653, 17.860398339558895, 36.130594271489976, 38.03990687120496, 44.66414529842523, 51.82417724814691, 55.02064168579298, 53.85525004915782, 49.98497167580866, 43.775603403701126, 33.71457110632152, 32.69686031319473, 22.602220679977158, 20.332244430040234, 76.82304016080657, 70.50161159038453, 61.927013197640896, 61.39472507843347, 56.97314324582211, 56.07804212370111, 58.32064611231618, 64.10553656918725, 67.93569118126253, 70.95287308463608, 74.0516649044765, 74.9204883741076, 74.82834100117664, 66.88160751774129, 63.50104839097467, 60.23590938959295, 58.49126240955361, 61.072974940016316, 64.24258623801231, 68.3884098003539, 95.46454120830633, 96.97511865922691, 101.94657616709347, 102.67920004406153, 111.22647694669512, 109.18230866575907, 105.41729138527016, 96.85841713064629, 89.10795697595579, 90.09610396067673, 81.5699242898753, 69.88558443102168, 62.993813309908816, 56.852196275375846, 54.53640932271538], [16.832082142683866, 19.640206291271742, 27.43755467915109, 37.96123991803443, 32.89910535690741, 27.549410904814735, 23.640408711544858, 40.32653302171429, 44.85216302038807, 53.5810342284024, 62.0169716712165, 70.76668731439567, 63.99716698230703, 57.03206362303603, 48.087497798940355, 0.0, 8.014218176762785, 17.004468723066594, 29.868378328107287, 40.756560765649134, 38.777239158529405, 29.15774051060212, 18.861913599758033, 10.67616310307856, 7.923201401560357, 37.90800228729468, 45.17950914750099, 53.71023711495401, 63.41741531147703, 71.85583468824694, 71.39146390902324, 62.421500900446716, 53.579777933547305, 45.412718982084805, 39.129509806253296, 14.66709600604963, 27.47411457275981, 38.07484590221983, 47.655779604828886, 56.03143294358627, 58.53531837019824, 62.554807961259485, 64.0446295807113, 59.77992150959472, 47.13656158110998, 36.414566262295004, 29.00402146901476, 78.14885245681054, 73.68130287319087, 69.03996575131278, 73.55102428220937, 73.72447281541814, 78.3687789941599, 87.74878489574989, 88.22548685227986, 86.89316699999357, 86.02482668768421, 83.35367709837661, 80.50693942028211, 77.73245437943777, 73.75249255876463, 76.50183172115139, 79.25083192619152, 85.47894381724622, 80.24889729073595, 77.5196062993539, 75.9293774984547, 60.70131413969054, 72.7701956618124, 86.82438470169366, 94.08137826094298, 106.28928583877995, 109.36504510732249, 112.62342207332873, 113.72098473698867, 119.62518188041773, 128.75417795049773, 122.8813435981233, 112.8642782915627, 107.93588176546125, 100.32672517207918, 91.63681188036716], [17.197169873067782, 16.375009086555067, 23.091542698679202, 33.6170774428598, 30.26846660737106, 26.567704110615395, 24.655523820794986, 47.56355453823175, 52.18327689625523, 60.916417770973055, 69.26499226228141, 77.87610621873422, 71.33646103985319, 64.53355091376865, 55.44265172331682, 8.014218176762785, 0.0, 9.257305759920914, 22.325854366722314, 33.839829933514515, 32.07690732428757, 22.12318349902425, 12.83969461004778, 8.78422657396831, 12.18965068811289, 45.208400701681626, 52.3003339169269, 60.626391221167005, 69.89638543105649, 78.34282830713761, 78.1007103047335, 69.35610688836177, 60.74891909166118, 52.77092136750395, 46.58255828491456, 21.899968007870836, 33.78296147730282, 43.447662188349845, 51.52442827962742, 60.19443568294021, 63.64733699932071, 68.50968785589149, 70.40413011112554, 66.63236331149258, 54.271461295794765, 43.99060069913469, 36.81876160462269, 80.85812609392096, 77.15246792039683, 73.72125976044282, 78.75362893059385, 79.48064029232583, 84.42086062481653, 93.98182591183053, 94.01701350511588, 92.2533680656435, 90.89445500649738, 87.47753538769315, 83.93791158650725, 80.75890209482185, 77.98086769571202, 81.5841409355192, 84.92749489403349, 91.57150737121106, 85.88381998465793, 82.56034391266446, 80.08526707590018, 54.14590932552405, 68.3755125775098, 84.24171935422847, 92.80936657807902, 105.73783098867258, 110.02146073656887, 114.80208066999771, 118.05961605896732, 125.11398444786293, 134.51940059975547, 128.90048254482446, 118.97093788113345, 114.18129138374104, 106.3435286337628, 97.3017134144096], [18.941951856948297, 13.939673017924417, 17.868100049048472, 27.54929942184538, 26.655070285219356, 25.30510260363856, 25.800098384549738, 54.933808165352715, 59.972519959303504, 69.00715716779072, 77.09580059504694, 85.31626086590931, 78.99588195898347, 72.29996198805743, 62.99518671079413, 17.004468723066594, 9.257305759920914, 0.0, 13.159619115363066, 24.984722428009686, 23.376310519619135, 13.27608467775564, 7.038474242463136, 11.729248818073815, 18.625789481170937, 53.889621684206396, 60.84958142888877, 68.93913900679014, 77.71057281222994, 85.83477567018163, 85.70612442328535, 77.40605057410394, 69.06362809121103, 61.14772624367284, 55.089103424067474, 29.567056782249345, 40.4910036731723, 49.01538720938768, 54.78124272216563, 63.63487551874636, 68.40051919620126, 74.16678538779581, 76.30190987462326, 73.0924367851947, 61.53193339371642, 51.70649039561701, 45.13364426800986, 82.16204536578958, 79.50231939400784, 77.70916143274795, 83.2877351701635, 84.64526649798616, 89.7966288058898, 99.3678166698558, 98.89859081783206, 96.6918996093703, 94.75488015773645, 90.49166752940512, 86.08324698653324, 82.44324126561305, 81.28037377846618, 85.87969582219971, 89.85603273390116, 96.81762833387076, 90.738051039927, 86.77456777348793, 83.23196109201409, 45.84142378559205, 61.55232964043521, 79.09068607773942, 89.00984595973394, 102.67949583453124, 108.36325068737949, 114.96848356102865, 121.01318492903667, 129.25926844170144, 138.9906241175882, 133.8055950926531, 124.14515817015538, 119.80519561132108, 112.22050235979069, 103.58155267990286], [26.660775518070025, 19.29417200582235, 17.54345872305923, 22.7307243716569, 26.78245486597039, 28.934666104000822, 31.772427810636394, 65.30658122059414, 70.65354633581646, 79.91537025913863, 87.586882954524, 95.22718262882314, 89.32649414778183, 82.92028162406505, 73.44081127998379, 29.868378328107287, 22.325854366722314, 13.159619115363066, 0.0, 12.600000975408657, 11.973433076580045, 5.226247102635026, 13.38573335682046, 22.457714548229276, 30.014208294860033, 65.71155865526701, 72.41627135528535, 80.09205223830995, 88.06307386498993, 95.65511213840206, 95.70546112082579, 88.11288331571055, 80.23091671166132, 72.49622300943099, 66.68376664555814, 41.30245277478889, 51.58941492691739, 58.994441979250375, 61.84519534860193, 70.67415765372682, 77.0294397435916, 83.61168235682894, 85.70869282909034, 82.95062051309006, 72.67678971707181, 63.090079370333505, 56.84485732391708, 86.04334268069016, 84.87241435005058, 85.21467175832221, 91.2935791000792, 93.28423779546056, 98.45845579278122, 107.67490900796713, 106.77209626403635, 104.21283740574745, 101.65128545385245, 96.47642117408695, 90.98030944332783, 86.80815515295338, 87.82530570170424, 93.5099513705103, 98.0630907918124, 105.05551902917514, 98.8331326087148, 94.27517335868833, 89.51387062509892, 33.60521326508304, 52.17493578400726, 72.53283904850979, 84.56265325717581, 99.38288091235117, 107.23568024612058, 116.48998622418856, 126.42755490945275, 135.59340166952143, 145.14195002950038, 140.41977261840387, 131.01148689112117, 127.10548403896745, 119.66341872341133, 111.51014282550614], [33.21740229304618, 25.754624825417356, 20.462644228255353, 18.999725318425053, 27.253861800731762, 31.932119876847278, 36.1587548907644, 72.50273144527146, 78.41469343800297, 88.11566409643682, 95.18030371010501, 101.97473018017543, 96.41476593895116, 90.21392785616561, 80.645611890538, 40.756560765649134, 33.839829933514515, 24.984722428009686, 12.600000975408657, 0.0, 3.750940058971083, 12.497419567570821, 22.715175577445557, 31.78607016357993, 39.20312813547013, 75.4454461356089, 81.98366325182725, 89.29824271213113, 96.6176281411852, 103.3417801098313, 103.34948065326127, 96.59582730298065, 89.12102240179533, 81.41816293583787, 75.88271983486207, 50.27297172544004, 59.642614935738315, 65.87883714795254, 65.56933647742888, 74.1129395570836, 82.05949641012576, 89.22753500238771, 91.02306109833118, 88.72854266319764, 80.23776621020268, 71.05738391973584, 65.66876129014545, 86.04473619782847, 86.39164729599486, 88.88253112956883, 95.27612342055026, 97.79365875654338, 102.78627421802827, 111.37057491555592, 110.09061334591338, 107.31395194575316, 104.21373107883937, 98.31470736086237, 91.82351292233322, 87.23425165682114, 90.42994192720158, 97.02010814048562, 101.97289707568297, 108.73497445673081, 102.6049536055388, 97.62307633369096, 91.78522944734675, 22.922008648550193, 40.71902398550572, 62.85647020381588, 76.46244124710823, 92.15577593661396, 101.88512567354276, 113.49357894649118, 127.16579463088559, 136.85869050408846, 146.2414258316304, 142.16735194011005, 133.29771198730108, 130.24519563436323, 123.76899239416365, 117.25807510028486], [30.53798099446568, 22.847442609260803, 17.03239446474835, 15.643262197888456, 23.64796301051454, 28.498198406978137, 33.14875033015408, 70.3762780435132, 76.5379032709575, 86.43157636153506, 93.50772902230852, 100.28516066105591, 94.54334807678443, 88.15961495177143, 78.58215535413781, 38.777239158529405, 32.07690732428757, 23.376310519619135, 11.973433076580045, 3.750940058971083, 0.0, 10.358880779863338, 20.28849010351892, 29.41317117507465, 36.834404794027854, 73.84708921699794, 80.51857916425003, 87.98286122874366, 95.56912549398159, 102.27356145518947, 102.13580841040633, 95.27503777722806, 87.63836445951047, 79.76978508941903, 74.16510504004916, 47.75658931848691, 56.56285415435848, 62.48582667106817, 61.982597636905325, 70.5098940203576, 78.47755596443828, 85.75573055972148, 87.70118133294099, 85.62779841762313, 77.14820457668492, 68.32172967625675, 63.46748831164828, 82.5034966385277, 82.7674191115412, 85.25141672828661, 91.69308176035368, 94.29365044267219, 99.38393723875967, 108.14746827161217, 106.71243012841654, 103.81644560719064, 100.6644914502927, 94.71455171645403, 88.25723157695177, 83.67814853093367, 86.79943023609536, 93.44446870595968, 98.49426936451235, 105.44593924483026, 99.12778323056438, 94.05181284282268, 88.17058942665209, 26.044800925716974, 40.84038782589237, 61.6653203529533, 74.64072365285577, 89.97233594334644, 99.20575753706966, 110.39249977438921, 123.68412984642747, 133.76664486666184, 143.74178383768228, 139.8401356128113, 131.19849105708695, 128.46622919265565, 122.5457470596819, 116.57869760601042], [23.727887068749908, 15.69289462850197, 12.670360991663735, 18.07691957678924, 21.72134526494531, 24.31989782969972, 28.028773144527577, 63.64903983519684, 69.51554194854698, 79.18347107487564, 86.73575493227167, 94.15957955821088, 88.06030857857172, 81.41910003498101, 71.89462980563138, 29.15774051060212, 22.12318349902425, 13.27608467775564, 5.226247102635026, 12.497419567570821, 10.358880779863338, 0.0, 10.860069401938691, 20.513234549123062, 28.198572687649424, 65.4692666139944, 72.34738794100227, 80.17001878290029, 88.39300582684349, 95.74336753002838, 95.56312120153898, 88.00772391526026, 79.97301660686236, 71.98462068626044, 66.12451700453546, 39.309984670825166, 48.581183442879954, 55.3278881200804, 57.32389948475377, 66.10477495204155, 72.80305676158773, 79.66897918080367, 81.9199557849337, 79.5679461461187, 69.655423551726, 60.65482547163913, 55.41308642677065, 80.9798635195626, 79.95815157362637, 80.6790457300572, 86.89106058571862, 89.10011843052212, 94.38020105776626, 103.72978490570699, 102.53599491521639, 99.76956955404572, 97.03393417131434, 91.65563431128378, 86.0253816841641, 81.79544835486215, 83.09724312436435, 89.02944002547532, 93.79663260159303, 101.01284345310597, 94.5425374031635, 89.77043521305889, 84.74753145738994, 34.95843500831463, 50.030084921353414, 68.97755611307744, 80.41000838929901, 94.86377016268557, 102.36953102861737, 111.46050519006565, 121.56542219288355, 131.35605667541478, 141.69306312335664, 137.34775016302385, 128.37598523823985, 125.11139745012014, 118.68853185851945, 111.71647419515688], [14.462559244857255, 7.49883405753741, 10.993528531373489, 21.150585729553427, 19.64388898901358, 18.626293273055754, 20.217163157162805, 53.72708001747875, 59.615683672671764, 69.32908912859077, 77.06085191792349, 84.74557907402517, 78.3270165335868, 71.43898688909354, 61.984881566316105, 18.861913599758033, 12.83969461004778, 7.038474242463136, 13.38573335682046, 22.715175577445557, 20.28849010351892, 10.860069401938691, 0.0, 9.778972322663819, 17.483445113243814, 55.44380047619032, 62.514160250081005, 70.59563912201924, 79.35695045356502, 86.86845906313756, 86.47359266652363, 78.5488978653556, 70.2085273011315, 62.01305539000907, 56.0208005433527, 28.527215302078016, 38.22739188372935, 45.83733641669842, 49.69138475150338, 58.57412221363064, 64.28659898067582, 70.51367433135285, 72.5979771988772, 69.845458445979, 59.30845642554096, 50.05949250374971, 44.86730194165446, 75.99934618051552, 73.82753969244796, 72.95952111327341, 78.76413805574647, 80.44931127343926, 85.61346451156153, 95.08790992849909, 94.28908696399613, 91.88007185585543, 89.65390089019826, 85.03734727379613, 80.21908844821104, 76.41017385549527, 76.06513442064175, 81.14232368572583, 85.40180737086649, 92.4489597636846, 86.2215777802555, 81.96692887404404, 77.89114548121441, 44.295210688627236, 56.44907088487464, 72.68415781665536, 82.1748438707931, 95.67962484027856, 101.35614546714662, 108.2581398531517, 115.33664445265025, 124.1140538030969, 134.46042500095047, 129.78066205076334, 120.65194314538816, 117.17796397258488, 110.90977145230974, 104.05411366322443], [8.570482878366716, 8.99368818848808, 16.895852331299945, 27.31160795807662, 22.755610783488933, 18.237443774165857, 15.932554196725834, 44.356492894306655, 50.17159722209054, 59.89340600120442, 67.72102275405862, 75.58461717309814, 68.97229066808852, 61.96238079315512, 52.57957555359196, 10.67616310307856, 8.78422657396831, 11.729248818073815, 22.457714548229276, 31.78607016357993, 29.41317117507465, 20.513234549123062, 9.778972322663819, 0.0, 7.7119520783153215, 46.103436555240116, 53.27464560651107, 61.483530972665314, 70.5844064764757, 78.1189648866272, 77.5466922383897, 69.41412416778192, 60.89594047935382, 52.56217560182583, 46.51944135643945, 18.887153186106925, 29.98213466629908, 38.934586990359946, 44.70533474118096, 53.50386346882517, 58.18602805011778, 63.458905414393186, 65.00155374081264, 61.53577913383004, 50.660206607173386, 40.68012733846916, 35.103309132830844, 73.1996297882716, 69.99697798391773, 67.55411385313148, 72.76993640220967, 73.75539380138454, 78.56241716820337, 87.80832284485416, 87.62924707855088, 85.79763660487478, 84.19690669228083, 80.51205154627242, 76.52666324439015, 73.19373954628102, 71.28501528008076, 75.32433782685948, 78.84672704306071, 85.35308234347542, 79.72593435750774, 76.20947549077371, 73.22679705615685, 52.22166648661325, 62.41358301052291, 76.59139516759865, 84.49476676378195, 97.24509395798707, 101.44144310401438, 106.4395900362907, 110.78922720029402, 117.9404247041447, 127.69243441557572, 122.56082054725744, 113.14193189822079, 109.29118606889853, 102.95777277561515, 96.16454765571731], [9.851040827591214, 15.186526950762312, 23.287320499881254, 33.2265478833211, 27.2189466684398, 21.02062683956578, 16.00812823421133, 37.118030088965185, 42.90396409227077, 52.657416218787546, 60.55182699636597, 68.5516888547632, 61.734381171007854, 54.579801002169674, 45.2889752843122, 7.923201401560357, 12.18965068811289, 18.625789481170937, 30.014208294860033, 39.20312813547013, 36.834404794027854, 28.198572687649424, 17.483445113243814, 7.7119520783153215, 0.0, 39.078904101425195, 46.34463775201611, 54.66866897499393, 64.10161702566216, 71.60692323277426, 70.84087627559384, 62.530379662146636, 53.83961186245847, 45.356908225284606, 39.27333147248333, 11.326981952384715, 23.985424554274395, 34.11345745506864, 41.54983351871549, 50.069979229570535, 53.7488642136431, 58.101259150938276, 59.14603655860721, 55.0619473905713, 43.92719086577094, 33.28748508580614, 27.438275842187917, 71.42458253691201, 67.3912150818733, 63.619126533143735, 68.27153261604536, 68.63845244611971, 73.10865413960938, 82.13252631088733, 82.4746743938822, 81.13888414186049, 80.08042687942554, 77.21219370337087, 73.969542653361, 71.07205028812602, 67.85295216158168, 70.95946027012303, 73.8206589737976, 79.84003595679637, 74.74668950163479, 71.89058751536903, 69.87539209007167, 58.94839641008958, 67.63462173341554, 80.14747279752949, 86.76505346473495, 98.80556231659263, 101.79117550322609, 105.219452025831, 107.29524380555495, 113.11966423545445, 122.4366218611461, 116.96790978653036, 107.36631490325423, 103.26316467189646, 96.99987407348222, 90.40526769059896], [46.58151258944636, 53.78689294032695, 61.852669786901096, 70.91873740555054, 64.65920504648835, 57.4235033440259, 49.68876426379828, 21.592263576076547, 17.094432341976493, 18.998517127717967, 28.12864495030959, 38.52475408522326, 32.47209944702175, 27.701544520480624, 22.971015318701568, 37.90800228729468, 45.208400701681626, 53.889621684206396, 65.71155865526701, 75.4454461356089, 73.84708921699794, 65.4692666139944, 55.44380047619032, 46.103436555240116, 39.078904101425195, 0.0, 7.554830105523618, 16.544164965115495, 27.775016675738613, 36.89757393135619, 36.12599520779609, 25.750171210557923, 16.42265257845358, 9.534459232555822, 5.114383590742291, 31.29431222889345, 38.10415731142362, 48.12650635493481, 60.46425395299684, 65.60892068949724, 63.457865164434224, 61.192459655989566, 58.320836642746535, 49.722367959081254, 40.34677538673956, 28.16594750145127, 16.89653980226644, 90.16256229495795, 83.37564141728959, 74.00411836528876, 7