{
	"dissimilarities": [[0.0, 8.546053626453437, 15.769304766667586, 24.512131083085578, 18.57383092460772, 12.616420114943464, 7.72752832023507, 40.851521080155955, 47.629475866656044, 58.07565678132267, 65.25163014198549, 72.29371414192732, 65.70795186818961, 58.6957812670626, 49.1842942480102, 16.426171324328166, 16.65594239551908, 18.971238685394212, 26.71419329907542, 33.29535642275461, 30.036121837686668, 23.19609888312776, 14.807254630875295, 7.811044001724797, 9.159410638476093, 46.40616914157234, 53.40952922074005, 61.20155216359033, 69.81623281039, 76.66320403396425, 75.54033601901565, 68.23486864012159, 60.07790719627459, 51.641987313853775, 45.94140690791994, 18.62554511985923, 28.147617081631868, 35.96167193276326, 39.286518516247284, 47.97408714788659, 53.78467383703111, 59.253913288885265, 59.99121038173473, 56.586115552584765, 47.78242591216979, 37.88832987901858, 33.91536306821152, 66.76525629199645, 64.03524308906184, 62.49673804183217, 67.72013413162473, 68.74870052265537, 73.10481805585329, 81.66205316452525, 81.56422753386597, 79.93325347296026, 78.21639324002042, 74.52770474183198, 70.1906054380337, 66.79103627356011, 65.62846406060508, 69.9552086878634, 73.35605115301311, 79.28677139267626, 74.15794012008911, 70.7437272986597, 67.3976942198746, 52.47759056737741, 58.41888018057225, 68.24676730869427, 76.63255199994161, 89.5632340662211, 94.11270494803433, 100.15137802277954, 104.27840777766795, 110.94417252651749, 119.85763725259885, 115.15635768778684, 105.9771600522671, 102.23037805593768, 96.02306664614028, 93.64634920845677], [8.546053626453437, 0.0, 8.1278405589579, 18.337734853726893, 14.225464231072534, 11.632727075274396, 12.854429325674827, 49.33688184107143, 55.94999046811675, 66.21820137963073, 73.55785266716443, 80.71961229289653, 74.17908711325364, 67.17613911026177, 57.66982773201939, 19.471274111578854, 16.00744618664164, 14.027592872664718, 19.363505244269437, 25.80367279589208, 22.215002323520654, 14.996963551613806, 8.13713760100651, 8.603679343055795, 14.959429479778802, 53.70261374714811, 60.77850869516746, 68.69365449121939, 77.32312188849106, 84.42761045210455, 83.51900047700005, 76.06682816007766, 67.86450616507898, 59.49560733309687, 53.65863422501699, 25.54719515773005, 34.11516215072275, 40.93063098778922, 43.39333789763665, 52.20543044822762, 58.54492220158948, 64.93099291390517, 66.54743355644709, 63.9324326407181, 54.658677145807594, 45.62806694047524, 41.76796614451113, 69.34412899415669, 67.3309969482309, 66.89605633142786, 72.69739768249244, 74.3964819767529, 79.28826733174822, 88.39804431363595, 87.61739603384174, 85.32797924271496, 83.04604337853452, 78.48678235888906, 73.52860411616795, 69.72826651142854, 69.6669557374558, 74.89435029803634, 79.06156349862485, 85.79163901343557, 79.83979333118653, 75.6679354245583, 71.41171276871306, 46.459145089228414, 54.24443944127342, 65.85875292740224, 75.71466930693599, 89.22956425531119, 94.91787544007295, 102.42485166764028, 108.53665286743815, 117.09607016775215, 126.96381850028219, 122.67205297739436, 113.79301250618391, 110.35050637855676, 104.08848786680826, 101.21283356971433], [15.769304766667586, 8.1278405589579, 0.0, 10.741942940981627, 9.490825428111982, 11.941973387600436, 17.19801354751665, 56.41158307677006, 63.33730883477902, 73.79487833003492, 80.86601415747516, 87.64302060100538, 81.21652116059435, 74.23554214173686, 64.73058377985214, 27.239924784913526, 22.762258518312393, 17.93434168692174, 17.52324722683062, 20.539550774075607, 16.183956482449183, 11.846131154180505, 11.775906307247059, 16.53736500954049, 22.97965674985913, 61.74094894324816, 68.78630348674476, 76.61141179276133, 85.02368719571923, 91.83841653637307, 90.93713412912318, 83.78641046033138, 75.6953865368317, 67.31844463153132, 61.55884477808912, 33.20651942553885, 40.15746844675938, 45.42338834657219, 45.47681803568434, 54.103963744417236, 61.563282078305036, 68.78942161658397, 70.77130966142671, 68.96152642803077, 60.49481556242054, 52.410804034688134, 49.47999351193027, 68.63084699590681, 67.68953581655452, 68.95517707798142, 75.2446760591674, 77.61428958948622, 82.73388829953544, 91.92919810046453, 90.52135307410953, 87.68563552987435, 84.78212917146561, 79.37635910349412, 73.6435507433911, 69.40474706721122, 70.96136115941749, 77.18289013980404, 82.00609083598394, 89.15205901926981, 82.70572444871662, 77.87195163112548, 72.54111827218392, 41.48281325983446, 47.88203621818648, 59.87749951299998, 70.66302706107588, 84.58792444784015, 91.34761961794176, 100.3523362950518, 109.08380329809194, 119.18017938095757, 129.93305894938948, 126.27743323023218, 117.97710141486563, 115.36860719090193, 109.93184625589114, 107.80405253113555], [24.512131083085578, 18.337734853726893, 10.741942940981627, 0.0, 10.427455066028623, 16.987337676653393, 23.429672294124156, 63.43643839668332, 70.7510393475276, 81.48074103655077, 87.91406674287738, 93.8889704132433, 87.8152000654018, 81.05530008424952, 71.61198019647354, 37.77839201695979, 33.37291643923153, 27.64005377902912, 22.520645768654816, 19.011760338216682, 14.688427818585689, 17.64150473738255, 22.05717479503348, 26.938336751753685, 32.80864577173641, 70.79667315303412, 77.6583895667702, 85.13454123526965, 92.95290911162276, 99.02600762589103, 98.10956890413716, 91.71021569715998, 83.97385555382678, 75.66004942584868, 70.18306907465698, 42.516838998363816, 48.18646308635111, 51.89610338507239, 48.50595122730151, 56.55030223674304, 65.58546443632636, 73.41560714631633, 75.15576291647388, 73.98965931307556, 67.4227384291611, 60.05652524908445, 58.09320637322239, 67.17095278037, 67.82492204631451, 71.44095636931456, 78.04858175359668, 81.00319709036333, 85.93937761164858, 94.56030732631648, 92.71709697522431, 89.55223658150913, 86.01442590209204, 79.83785662738104, 73.14249301353338, 68.4048070394535, 72.25032999151959, 79.49289556779193, 84.75619542817255, 91.74265945752914, 85.31814009662655, 80.0204469502491, 73.49400511598829, 36.584744496730394, 37.98469828153656, 49.84401902553698, 61.69435841366195, 76.4116758831377, 84.73729704282636, 95.74317284680629, 108.28744237417511, 119.21342716476282, 130.28223617003508, 127.36469304985309, 119.76747329925006, 118.24862440872027, 114.03969842233832, 113.35160225737337], [18.57383092460772, 14.225464231072534, 9.490825428111982, 10.427455066028623, 0.0, 7.631917757909998, 15.763285030409527, 56.26899638536604, 64.00413445183479, 74.9297949119553, 81.4771325929516, 87.56323456669244, 80.96575952281155, 73.75381999367963, 64.45549000880673, 32.28270196685669, 29.548103551444786, 26.578282738762148, 26.715119597382714, 27.389188040451454, 22.71249385634946, 20.784716083697006, 20.048952193991834, 21.91042662372436, 26.43714015300088, 64.31315912054836, 71.36916462702348, 79.14858637621514, 87.68010801535343, 93.9116775506969, 92.52014377156665, 85.7168527002194, 77.6238989191263, 69.05695032674404, 63.47965915361242, 34.73992241051649, 38.48559682282407, 41.54883564359506, 38.54996414994812, 46.82445973812776, 55.384574754494686, 63.20938816952298, 65.32818971534046, 64.49424886774548, 57.50827146164407, 51.05068112310842, 50.52619550636846, 59.58370911304845, 59.20086187023183, 61.71179162271238, 68.26911342574175, 71.14496945253735, 76.34550684051112, 85.5842250236625, 83.56657866021882, 80.3142144588038, 76.97712512920657, 71.09230976593732, 64.94164882380485, 60.511266191185214, 63.043596954553195, 69.92079070838102, 75.18218495412049, 82.63479593623182, 75.80074038797973, 70.5215706210161, 64.46849131063574, 46.58599434966845, 46.50544255401136, 54.18286307775678, 63.33888734052983, 76.23615814014288, 82.27101731696692, 91.05183719639626, 100.44641524839386, 111.73145340353507, 123.95663809779259, 121.14003382623612, 113.82374110802708, 112.6844411943053, 109.38591224464597, 109.55902123236004], [12.616420114943464, 11.632727075274396, 11.941973387600436, 16.987337676653393, 7.631917757909998, 0.0, 8.611644379238907, 48.830111040594026, 56.609660621310695, 67.55127753881273, 74.1625650080021, 80.38378780170268, 73.62429565605746, 66.30588246351994, 57.028122890657116, 26.91366013596358, 25.826690639769744, 25.304195273464085, 28.951094044295214, 32.028530483403586, 27.65498598438614, 23.435464482120487, 18.973701782097766, 17.298715216639735, 20.16375924755454, 57.09203159685058, 64.14809192958974, 71.95602847230485, 80.67752004253913, 86.9589651909172, 85.41338323074585, 78.47365243148222, 70.30157773137981, 61.68619739665093, 56.12315635412793, 27.535000280295083, 31.42847742336931, 35.368469448525495, 33.91628081371808, 42.513759810531006, 50.328129280861305, 57.49541822343772, 59.21544437165775, 57.77951146474793, 50.450092004783194, 43.48752401193099, 43.01633287697181, 57.99349887404282, 56.525100479385166, 57.484583772805294, 63.62778612189474, 65.92074848581561, 70.90585329094826, 80.07981770128772, 78.58654299729305, 75.82242801240331, 73.03667261599551, 67.94659124109812, 62.514955880639306, 58.50929372288541, 59.48731359959388, 65.4866637960531, 70.16794409731654, 77.25752357986198, 70.8516263888358, 66.1574449302318, 61.061230883410154, 51.476947210834254, 52.10764906472809, 58.93829193673108, 66.8058117002316, 79.07572042365014, 83.81151191240652, 90.91348390294924, 97.68338270089858, 107.55230589163453, 119.18229368062833, 115.90407980602365, 108.21730297535642, 106.62247517705157, 103.09119081002392, 103.22228762618214], [7.72752832023507, 12.854429325674827, 17.19801354751665, 23.429672294124156, 15.763285030409527, 8.611644379238907, 0.0, 40.575996732592, 48.24861779422963, 59.196562212026166, 65.72416751626596, 71.97287922524224, 65.32962164067301, 58.169566638762696, 48.79834874893619, 22.969110666693343, 23.93328531900468, 25.78256354574465, 31.763540427132632, 36.24675178477067, 32.513542048277436, 27.365848050180688, 20.58310523855108, 14.958741829620765, 14.943991929798747, 49.33856251494855, 56.217600187232236, 63.79415020690064, 72.27565229025281, 78.39488947805353, 76.86072446758374, 70.08773758215332, 62.07406974119382, 53.5329502753808, 48.13338183989092, 21.211572716324525, 27.09468366207513, 32.92629456630105, 33.290589453554375, 41.84564361709967, 48.83056786453325, 54.74449353305979, 55.28822231229134, 52.5389249772441, 45.449703149062614, 36.84660601715468, 35.39983355356114, 59.527507757458785, 57.2136751869507, 56.676779353569444, 62.073683264242646, 63.430045596955445, 67.7092644566758, 76.10874407093247, 75.6557280670816, 73.82124532408812, 71.80019089491505, 67.83387692816123, 63.15669367220201, 59.6214316566897, 59.22567664429976, 64.03098040808597, 67.6722730536382, 73.63401743781928, 68.40002676565464, 64.7344796897681, 60.84657338843886, 54.69494150332873, 56.16503773498025, 63.13011286413641, 70.26976878612696, 82.54046391197934, 86.58541191488875, 92.43441615286689, 97.23327335242752, 104.40949116922324, 114.22111755895791, 110.15653888496952, 101.7210375690642, 99.22098331721179, 94.88618984685121, 94.68548768499822], [40.851521080155955, 49.33688184107143, 56.41158307677006, 63.43643839668332, 56.26899638536604, 48.830111040594026, 40.575996732592, 0.0, 8.956606273604306, 20.072584849996225, 25.74270247257706, 32.50645775681495, 25.10712114043976, 17.852195648025397, 8.34405819860582, 39.92222045451296, 47.16980244441115, 54.9152388084404, 65.3587624156173, 72.57842012999733, 70.07302254491194, 63.317868087229506, 53.74950915935573, 44.04602835390279, 36.74418724816402, 20.773630603355134, 24.055580518051336, 28.914501688744856, 36.723079722671365, 41.46626616861849, 38.541405977939235, 32.26629363451548, 25.197464336887137, 17.80382442333248, 16.025680203666365, 28.28785044752581, 31.251804914486428, 38.64416290443651, 46.12573137772084, 50.309594966325406, 50.08513994082501, 47.8732009039709, 42.736552915671275, 33.50559344408716, 30.1872247352863, 17.626349601015463, 14.074390522460003, 72.72422348406921, 66.7117352768074, 58.90693789968936, 59.45104317516476, 55.904123372441724, 56.07626190169864, 59.91050189851916, 64.60055558355667, 67.41520369623441, 69.5773793212046, 71.55597029719928, 71.58772779406729, 70.9786158873635, 63.762166145515394, 61.70676344307295, 59.62227520999752, 59.49775040395612, 60.50466698754507, 62.507260428445214, 65.41539465352427, 87.95770608198913, 90.12470360124293, 94.19881625378426, 96.7301990467923, 106.0676016266645, 105.30243382798548, 103.80310542637734, 96.28572601096415, 91.47962421467682, 93.68563058569589, 86.04320380944135, 74.69409189702428, 67.82972629869883, 60.81571804087748, 60.586630902168935], [47.629475866656044, 55.94999046811675, 63.33730883477902, 70.7510393475276, 64.00413445183479, 56.609660621310695, 48.24861779422963, 8.956606273604306, 0.0, 11.271357484556418, 17.94519541028676, 26.25865758754082, 19.16402111335377, 13.273258720988792, 6.448714964601941, 44.668405776143715, 51.96919641012472, 59.9805008648952, 70.70916073887861, 78.45547322229923, 76.29508507808428, 69.2742042975698, 59.62434271943366, 50.03248838387649, 42.756391352922414, 16.54846012882253, 17.2395432183903, 20.467257595033804, 27.906330037349967, 32.9593677878388, 30.078392177753155, 23.320145193709884, 16.524280752542634, 10.286831356559999, 11.491904837980169, 34.32368453507511, 38.276541310622804, 46.072801348374846, 54.679461445064845, 58.589108354095124, 57.382408986009295, 54.190687569470015, 48.73685957124602, 38.981653623644355, 35.647447140122125, 23.91335184439141, 18.03182352526976, 81.13724533867072, 74.85687359757856, 66.29794879404238, 66.23254801881112, 62.07748762691996, 61.66275667483084, 64.5289343496652, 70.08341201353608, 73.58734252658083, 76.34595206981865, 79.04040263238993, 79.60729637133146, 79.27181692410797, 71.43195703581962, 68.54934290075549, 65.70413103083553, 64.57221742318377, 66.59960119597923, 69.36478527080656, 73.09178355904282, 93.21656649981398, 97.03394235187832, 102.11528335265201, 104.8970518427839, 114.43126912067443, 113.62862167215648, 111.67064154271254, 102.80072227588701, 95.85569680297382, 95.74110676516013, 87.0600055284731, 74.73109585202928, 65.84470202647522, 56.22230740035821, 53.590391608469474], [58.07565678132267, 66.21820137963073, 73.79487833003492, 81.48074103655077, 74.9297949119553, 67.55127753881273, 59.196562212026166, 20.072584849996225, 11.271357484556418, 0.0, 9.450495251776543, 19.84341891654059, 14.086144177017392, 12.658329727058819, 14.271739829955035, 53.486966061260304, 60.78214998535499, 69.00747536301218, 79.98502893823982, 88.16452069168632, 86.25940426808674, 79.00329236528485, 69.29054538141506, 59.847995964775386, 52.63090001016096, 18.6878427620788, 14.5283067549943, 12.559334618704648, 18.403745131002687, 23.385389913164243, 20.0698332314732, 12.46285186064193, 7.623284433293633, 9.201207680220682, 15.216540103865858, 44.09205868426914, 47.87378287894533, 55.434722403888244, 64.89339685216363, 68.22725010670312, 65.80185121728458, 61.3762364455243, 55.53962295232542, 45.50669052174408, 42.77010626760248, 32.87309105120518, 27.10512903346837, 90.77467151459389, 84.09795570565664, 74.59023373224217, 73.68885465288601, 68.80440558529926, 67.62989242684688, 69.28451617346153, 75.78320709353824, 80.1077194258038, 83.62002682826048, 87.27476210497616, 88.6204235202163, 88.71689493415406, 80.00846125325143, 76.02919738223322, 72.22413295878599, 69.87067730262096, 73.12015219145088, 76.84820623361378, 81.6520640017454, 102.38986048091083, 107.35499603207592, 112.85271266575381, 115.46283569109647, 124.79555871166174, 123.53194277902074, 120.60063356571312, 109.5642482578695, 100.07872362455278, 97.46207233418832, 87.70679441547243, 74.56390084420043, 63.58255360539202, 51.44416065901863, 46.29472815441539], [65.25163014198549, 73.55785266716443, 80.86601415747516, 87.91406674287738, 81.4771325929516, 74.1625650080021, 65.72416751626596, 25.74270247257706, 17.94519541028676, 9.450495251776543, 0.0, 10.55249865925687, 7.369467295917528, 12.273989102360082, 18.237429656043364, 62.0339600651538, 69.23273375132077, 77.17041437583032, 87.63304368734266, 95.17800057070669, 93.30884934239481, 86.59505378792409, 77.15512705877201, 67.69657935785627, 60.53110477284975, 28.12480145651425, 23.48244740939926, 18.905399253413773, 19.040323342784337, 19.086871766129384, 14.440354456602684, 12.789700207136402, 14.69770214974225, 18.64976489446264, 24.547819387677208, 52.17093153016459, 55.130021490532776, 61.70839806336676, 69.67715363212977, 72.19238124996461, 69.8395311472115, 64.6012660706462, 57.534044695637995, 47.25002785681886, 47.761952655793905, 39.30214998837347, 35.36653501744282, 93.3606234727666, 86.87525474606889, 77.58959566771564, 75.96680887238199, 70.57304473298169, 68.20393023520381, 67.79509108388055, 75.3158926538957, 80.57168581750476, 84.58344741040335, 89.04678741947188, 90.77423829180135, 91.18018633618688, 82.56771803741172, 77.93521096100154, 73.1982846027439, 69.00054834010507, 73.98823665120041, 78.63362718675954, 83.97477209975239, 108.41788330831025, 111.72332356595253, 116.0231530205072, 117.63716116526648, 126.41412810570316, 124.60006525290764, 120.80573032504354, 109.05301606345152, 96.49231878737363, 91.17782770602761, 80.70425177204885, 67.02136842569406, 55.023370502014664, 42.60392319330457, 39.5862526696613], [72.29371414192732, 80.71961229289653, 87.64302060100538, 93.8889704132433, 87.56323456669244, 80.38378780170268, 71.97287922524224, 32.50645775681495, 26.25865758754082, 19.84341891654059, 10.55249865925687, 0.0, 8.782868756575953, 17.23575565644135, 24.61513245865238, 70.74910013314667, 77.82964223757533, 85.41317447357855, 95.25722397169478, 101.99655180422322, 100.10983312737379, 94.05421718448056, 84.95575361259156, 75.51370583729651, 68.44497415026257, 38.457710834341846, 34.023789050364456, 28.945853554175564, 26.04250878229642, 21.264128336857382, 16.36897396379972, 20.992683665214816, 25.099824944631944, 28.974756169595235, 34.578324423681075, 60.328919132036944, 62.388463377704895, 67.86075330461959, 73.93802396536287, 75.56616775307535, 73.53758032756178, 67.68368222273492, 59.41310831163382, 49.20666434423104, 53.189290348638856, 46.17006641368367, 44.02060235091659, 94.83482580571523, 88.71780327395975, 79.98722132773989, 77.69194560760579, 71.92044094293831, 68.29651283963699, 65.54871127300376, 74.04348664362031, 80.213175076168, 84.63358827292141, 89.8404212157185, 91.86601852792711, 92.56396533304954, 84.32351020854946, 79.18106812325884, 73.57966498741564, 67.4088988149079, 74.2265627117709, 79.72338204262674, 85.43284601368667, 114.23123852373148, 115.30451056384884, 117.9880571924516, 118.37362197712595, 126.40382493756226, 123.97101808641975, 119.29026002475524, 107.13944593811199, 91.2932532096372, 83.00655255051657, 71.84992644634096, 57.657797643259066, 44.78464400683425, 33.06387163958324, 35.05997293035264], [65.70795186818961, 74.17908711325364, 81.21652116059435, 87.8152000654018, 80.96575952281155, 73.62429565605746, 65.32962164067301, 25.10712114043976, 19.16402111335377, 14.086144177017392, 7.369467295917528, 8.782868756575953, 0.0, 8.564183281466015, 16.857867049036365, 63.76019141012021, 71.0899042239294, 78.99428373842748, 89.34652873016974, 96.44883766885964, 94.29809173667667, 87.82159127491158, 78.38091387661524, 68.76283249587974, 61.48889828529073, 31.974266930231348, 28.48284258165835, 25.340221598915747, 26.377956839957374, 25.29107208182874, 20.255292424390547, 19.864933120551377, 20.578364654436417, 22.599240038772567, 27.723629280157333, 52.77964708605895, 54.03602158479025, 59.406048204170375, 66.23239961818942, 68.0044896585591, 65.56490456115357, 59.85344030174366, 52.108627177853094, 41.82703932195412, 44.587661883783454, 37.63269020523613, 36.23484191862138, 88.31918615784913, 81.82183613155361, 72.57872263208547, 70.53509151518847, 64.91554103528556, 61.98916334520209, 60.832317307655835, 68.64548528103349, 74.23566713407949, 78.45782201710747, 83.33241455649399, 85.36614974780501, 86.02934547151015, 77.30769709598921, 72.291213664656, 67.12431870046811, 62.218562841747044, 67.86010310096505, 72.9242205043641, 78.58691684251667, 109.97030221418906, 111.22767483087786, 113.78563441417258, 114.30574296892327, 122.17550078715671, 119.53820156763722, 114.88002524091075, 102.31833507811727, 89.18406821183885, 84.33019329717965, 74.17533666554341, 60.99270781024002, 50.27384510946285, 41.19901108388769, 42.87870765712477], [58.6957812670626, 67.17613911026177, 74.23554214173686, 81.05530008424952, 73.75381999367963, 66.30588246351994, 58.169566638762696, 17.852195648025397, 13.273258720988792, 12.658329727058819, 12.273989102360082, 17.23575565644135, 8.564183281466015, 0.0, 9.575019416717023, 56.70095038111014, 64.19792574655038, 72.29108963589786, 82.97329848238776, 90.26922077100245, 87.86199886784621, 81.10208467502827, 71.43084634105011, 61.696037659141105, 54.28633439330408, 26.98207423791292, 25.250696644090397, 24.96699617157022, 29.649229600713337, 31.30962203688063, 26.69533609945713, 22.89358103570538, 19.769052184336758, 18.485552709778332, 22.26363061662812, 45.11594703125578, 45.578377873964, 50.88399272252752, 58.24431698041913, 60.28329723897288, 57.73912967345471, 52.45718337714015, 45.3234550562681, 35.03270467095606, 36.35542065441639, 29.08911055696528, 28.67897447593601, 81.52898335112225, 74.79981816502521, 65.32494272082363, 63.72302761941698, 58.43181648265395, 56.35770961318292, 56.96117695698379, 63.88521953958955, 68.73185102267516, 72.57737759640592, 76.90746457027036, 78.750423643708, 79.27358567649895, 70.34512967176794, 65.72017091094799, 61.202487129819374, 57.776221568413604, 62.01832310381823, 66.4351491792055, 71.78177820212542, 104.89130072781887, 106.1170253370567, 108.52931912150373, 109.2309549223627, 117.03060308015228, 114.37112684502604, 110.00392070468219, 97.69092298843738, 87.45771446615343, 85.86822222088382, 76.76502840316748, 64.57596542859835, 55.84384842487538, 48.759538856502374, 50.464553600811634], [49.1842942480102, 57.66982773201939, 64.73058377985214, 71.61198019647354, 64.45549000880673, 57.028122890657116, 48.79834874893619, 8.34405819860582, 6.448714964601941, 14.271739829955035, 18.237429656043364, 24.61513245865238, 16.857867049036365, 9.575019416717023, 0.0, 47.7402631062112, 55.09557520304575, 62.983794401499274, 73.4862951542886, 80.70480186730563, 78.28714479345743, 71.58256982065532, 62.00460837195178, 52.301716216382744, 44.966095424556336, 22.190148342585726, 22.90567709577244, 25.457327474375745, 32.028653044367196, 35.52808039769333, 31.92903279266685, 26.569904151920483, 20.865284978367153, 15.723955019831399, 17.035286235621548, 36.21043398564935, 38.00842853584235, 44.410170733496784, 51.7839788184881, 54.92828708399677, 53.641796388249766, 49.91218853672282, 43.65110657562814, 33.64002028173452, 32.69501865264252, 22.510467240093377, 20.506605688782066, 76.81106513477276, 70.47707794935276, 61.89464056372947, 61.410555097395104, 56.99367102366096, 56.05281818482613, 58.31214768364442, 64.13365137592673, 67.9610208968966, 70.92881051886077, 74.03956230197173, 74.90320271782123, 74.81953752046472, 66.81794613895235, 63.535677274443735, 60.256369314489554, 58.489333457308106, 61.10831148661667, 64.29320869284308, 68.36129358440122, 95.5555330541195, 97.27680172409727, 100.61212513659724, 102.2896698756315, 110.97568250535251, 109.37701573346575, 106.57911878649925, 96.94813979619697, 89.43486764093954, 89.68884291177396, 81.29889810299687, 69.42927045294019, 61.59488411922075, 54.2977149504319, 54.78079362625454], [16.426171324328166, 19.471274111578854, 27.239924784913526, 37.77839201695979, 32.28270196685669, 26.91366013596358, 22.969110666693343, 39.92222045451296, 44.668405776143715, 53.486966061260304, 62.0339600651538, 70.74910013314667, 63.76019141012021, 56.70095038111014, 47.7402631062112, 0.0, 7.985200461388615, 17.351270987799168, 30.54209321042356, 41.14064584519112, 38.65294956433427, 28.897867172291175, 18.288580998773714, 10.88671365543909, 8.36106156489605, 37.89898034312468, 45.16389261395565, 53.68750783548934, 63.49288430076968, 72.09387230068461, 71.24587444368132, 62.28379683119019, 53.52214420146897, 45.400710286726785, 39.12797343416356, 13.867405999749808, 26.502297231423412, 36.93817010493359, 46.6416870208303, 55.02872147093979, 57.440269152231984, 61.55673431236148, 63.11642428364004, 58.9510841452636, 46.29817419516059, 35.70050789621365, 28.595670229962945, 77.12882998952281, 72.68662843796686, 68.00170186417229, 72.53786642688483, 72.74299596697257, 77.42205887352748, 86.8267238319052, 87.18360431298491, 85.87375762519704, 85.0282772976153, 82.32617313672868, 79.39190735740357, 76.71633798872367, 72.73691492204655, 75.4826441299105, 78.26487245548506, 84.53903561237838, 79.25576502884401, 76.49451303229705, 74.91080190661668, 61.19742254614631, 72.86123819055442, 84.36852913444399, 92.8790578324728, 105.26355484826516, 108.77737163446047, 113.15812299319172, 112.92953986904003, 119.12872207058098, 127.69408201916703, 122.0328838555364, 111.97192007941264, 106.39315523241821, 97.76266405777083, 91.98655590168129], [16.65594239551908, 16.00744618664164, 22.762258518312393, 33.37291643923153, 29.548103551444786, 25.826690639769744, 23.93328531900468, 47.16980244441115, 51.96919641012472, 60.78214998535499, 69.23273375132077, 77.82964223757533, 71.0899042239294, 64.19792574655038, 55.09557520304575, 7.985200461388615, 0.0, 9.573271579232362, 23.076403735946943, 34.261788191765724, 32.01941478742683, 21.89489129884506, 11.94059973475361, 9.048657802718644, 12.421860736320422, 45.18725430375031, 52.28284959068811, 60.60639039442752, 69.96734033609121, 78.53134509604158, 77.99363314595169, 69.25209937084968, 60.70678109157173, 52.759983420110494, 46.57301724188099, 21.224404177626326, 32.85608255337866, 42.3176933033728, 50.51002227578128, 59.18433957635641, 62.54691443232647, 67.5177978542294, 69.49003290641836, 65.82560101811319, 53.448667852408676, 43.300832382943426, 36.411542805616676, 79.842254872969, 76.15178092405456, 72.68363059701932, 77.74811565227522, 78.51153084207455, 83.4898658546588, 93.09040283152596, 93.01194095261474, 91.2550690815666, 89.90596852132205, 86.4554834616301, 82.84289906946549, 79.74767731363654, 76.96047947033588, 80.57755656046713, 83.9589831460797, 90.66000200858963, 84.91074738195324, 81.55101457338934, 79.06839352842061, 54.724820553322495, 68.45671094471854, 81.75682200805197, 91.59208514105208, 104.7480884981263, 109.45077865872231, 115.28820041465795, 117.26101016831967, 124.62405528790998, 133.526773596265, 128.11196786531062, 118.14854509899446, 112.72452587571657, 103.86582256567316, 97.63508989850862], [18.971238685394212, 14.027592872664718, 17.93434168692174, 27.64005377902912, 26.578282738762148, 25.304195273464085, 25.78256354574465, 54.9152388084404, 59.9805008648952, 69.00747536301218, 77.17041437583032, 85.41317447357855, 78.99428373842748, 72.29108963589786, 62.983794401499274, 17.351270987799168, 9.573271579232362, 0.0, 13.61309686748522, 25.20279716174712, 23.31290860216129, 13.148787006965659, 6.583986243572961, 12.49599777866822, 19.20767694251382, 53.972935456883675, 60.89925908157075, 68.92866281317842, 77.66788771624435, 85.90209647789933, 85.63083767033658, 77.36994034157347, 69.12336924072878, 61.27728767854989, 55.23562990169742, 29.62356078472097, 40.48916757669468, 48.87015697779157, 54.77167618251348, 63.61175826977715, 68.29994300632832, 74.14357002757232, 76.27238355060322, 73.08262350047076, 61.54279863630156, 51.691540986806096, 45.16657508800633, 82.14266696713256, 79.5068610845716, 77.69954045605037, 83.29718842032383, 84.65477749578083, 89.78972076467957, 99.33879314441326, 98.84877522278795, 96.68015866964546, 94.75184493310958, 90.48559086906765, 86.02408427997486, 82.43127512446111, 81.26622492865735, 85.88988488756834, 89.85719727401415, 96.79574346389873, 90.7392650715981, 86.78587748317875, 83.2270389398029, 46.012362846692724, 61.63204533663385, 76.92690777127639, 88.2643037987497, 102.35579218719482, 108.55855571028569, 116.20886783937065, 121.15487425402884, 129.54961994984055, 138.64393172613464, 133.57565218023657, 123.80131990242131, 118.73310987784053, 109.92972367559202, 103.71882947127965], [26.71419329907542, 19.363505244269437, 17.52324722683062, 22.520645768654816, 26.715119597382714, 28.951094044295214, 31.763540427132632, 65.3587624156173, 70.70916073887861, 79.98502893823982, 87.63304368734266, 95.25722397169478, 89.34652873016974, 82.97329848238776, 73.4862951542886, 30.54209321042356, 23.076403735946943, 13.61309686748522, 0.0, 12.273585432688892, 11.861022657817243, 6.47368578926758, 14.208438074189509, 23.15673078145223, 30.54883446165685, 66.01848658673364, 72.6917940334182, 80.26034705832052, 88.07999640683406, 95.67727584344794, 95.71642278604548, 88.25464827545866, 80.47882769244865, 72.7838172624428, 67.00052499319862, 41.65930657139749, 51.89010984503448, 59.110724894818716, 61.970056252144836, 70.7482543302647, 77.12392959431776, 83.81454340535105, 85.81434303372025, 83.05918673163917, 72.95193108626557, 63.27355098228218, 57.11100323915427, 86.0672216779758, 84.94759643161733, 85.38458081846238, 91.49515409005386, 93.48275694103748, 98.58354023362732, 107.72388101181349, 106.86903448034882, 104.34190119695633, 101.74121371932813, 96.57131665806979, 91.03800427066662, 86.846124331706, 87.91337503617447, 93.69714371770374, 98.21970547087061, 105.12532427327108, 98.99175488984378, 94.46463757354664, 89.61358220511697, 33.143989864273564, 51.526237682489985, 69.87629315522118, 83.32474937267772, 98.76051217240038, 107.16307365033977, 117.33958100296178, 126.52546001291735, 135.7440986796683, 144.67465622254778, 140.04909687778985, 130.54022257458564, 125.97107376220139, 117.3614249833943, 111.46306749728224], [33.29535642275461, 25.80367279589208, 20.539550774075607, 19.011760338216682, 27.389188040451454, 32.028530483403586, 36.24675178477067, 72.57842012999733, 78.45547322229923, 88.16452069168632, 95.17800057070669, 101.99655180422322, 96.44883766885964, 90.26922077100245, 80.70480186730563, 41.14064584519112, 34.261788191765724, 25.20279716174712, 12.273585432688892, 0.0, 4.977501117525239, 13.544842125600061, 23.731292197750403, 32.136167055362186, 39.392525398039645, 75.63499748370421, 82.18430326234243, 89.41392657109594, 96.58005833999674, 103.36203722719138, 103.41246726250611, 96.77024737551754, 89.34451522400249, 81.62935986373951, 76.0899558810623, 50.57313247683978, 59.800119736690704, 65.79796220643942, 65.62254034285684, 74.07635173931538, 81.99317087447308, 89.3122973405564, 91.02934252760147, 88.7694628137698, 80.394179844109, 71.14337422181332, 65.91007471556442, 86.09577917633374, 86.41328610771136, 88.97078875324141, 95.41504873228587, 97.93064007905235, 102.85560167946514, 111.43248810079142, 110.23544311916382, 107.44108276464003, 104.25682704926193, 98.38063332517768, 91.94187432125823, 87.28631164579726, 90.43126034995667, 97.17231454796172, 102.09503586203586, 108.8080731123918, 102.74305006012735, 97.7941401273031, 91.8327345542244, 22.83733563058791, 40.36656876412237, 60.5329459037968, 75.42719385763814, 91.78399918673826, 101.94228515963692, 114.17851302192597, 127.1834824836626, 136.99169516202167, 145.9499036659217, 141.958239903484, 133.0171678617587, 129.39331685512906, 121.82082333377609, 117.29377236941127], [30.036121837686668, 22.215002323520654, 16.183956482449183, 14.688427818585689, 22.71249385634946, 27.65498598438614, 32.513542048277436, 70.07302254491194, 76.29508507808428, 86.25940426808674, 93.30884934239481, 100.10983312737379, 94.29809173667667, 87.86199886784621, 78.28714479345743, 38.65294956433427, 32.01941478742683, 23.31290860216129, 11.861022657817243, 4.977501117525239, 0.0, 10.624173479086316, 20.741726735515492, 29.13685047381143, 36.43612555973298, 73.7543338292268, 80.48698954964308, 87.93303203922703, 95.48711913285362, 102.30538191293425, 102.09350689164664, 95.28549137129322, 87.63708742827832, 79.70181692241405, 74.06201391289507, 47.4836642017887, 55.902977561542876, 61.439765785358944, 60.992676138276835, 69.4223473914561, 77.3639539579625, 84.85557309211745, 86.81446506454728, 84.88346788822396, 76.49608218977323, 67.76449403827782, 63.26833680389564, 81.46784343745534, 81.69435625111309, 84.26223179895456, 90.78548219837157, 93.43495224585594, 98.51580507601716, 107.3589790623071, 105.91642633193244, 102.9414876598772, 99.67690433046577, 93.70340755945075, 87.28861041073577, 82.64890192837377, 85.72062131144565, 92.5521318704905, 97.63240621552265, 104.63586004495669, 98.2808233368194, 93.1786846676232, 87.1416160997836, 27.036824139504123, 40.77515377190034, 58.9724715965218, 73.12592815573262, 88.92008476234521, 98.46115171051522, 110.23366986950191, 122.69153244994162, 133.11382306303327, 142.8932391235154, 139.1588502557128, 130.53736303864275, 127.378278781609, 120.55122845437583, 116.77604998734563], [23.19609888312776, 14.996963551613806, 11.846131154180505, 17.64150473738255, 20.784716083697006, 23.435464482120487, 27.365848050180688, 63.317868087229506, 69.2742042975698, 79.00329236528485, 86.59505378792409, 94.05421718448056, 87.82159127491158, 81.10208467502827, 71.58256982065532, 28.897867172291175, 21.89489129884506, 13.148787006965659, 6.47368578926758, 13.544842125600061, 10.624173479086316, 0.0, 10.82899141459753, 20.2298636499497, 27.841583839515707, 65.31700613884408, 72.24718132479344, 80.07741560674883, 88.34644921814483, 95.84139216444449, 95.50255083486823, 87.94862775659917, 79.90816615848995, 71.88148114671714, 65.98581728917935, 38.85272559016282, 47.72180485905022, 54.12258732061026, 56.252799263543764, 64.97943379762238, 71.58880342759268, 78.63706354267782, 80.9652379773398, 78.76081578889463, 68.84363918327163, 59.987492517971454, 55.088289072420146, 79.93820526911321, 78.86960489923665, 79.589118959474, 85.86874944062714, 88.12758599813729, 93.43984535009618, 102.89276632738502, 101.633931587572, 98.80619870483018, 96.00657531759828, 90.59818505027754, 84.9809441012226, 80.75521077466068, 81.98165238762529, 88.0283830561933, 92.84093649872133, 100.14668109914408, 93.59720876389447, 88.78415197284018, 83.67286587405896, 36.09371781062835, 50.38844104141415, 66.59267847106416, 79.24230066464001, 94.0117761617978, 101.83098053131026, 111.66256698408901, 120.64734235509705, 130.8180350990251, 140.89480380356977, 136.7329661319955, 127.76693087822655, 124.00828707153214, 116.62798688212601, 112.04111821298288], [14.807254630875295, 8.13713760100651, 11.775906307247059, 22.05717479503348, 20.048952193991834, 18.973701782097766, 20.58310523855108, 53.74950915935573, 59.62434271943366, 69.29054538141506, 77.15512705877201, 84.95575361259156, 78.38091387661524, 71.43084634105011, 62.00460837195178, 18.288580998773714, 11.94059973475361, 6.583986243572961, 14.208438074189509, 23.731292197750403, 20.741726735515492, 10.82899141459753, 0.0, 9.82676015172137, 17.438314142255525, 55.17822952328587, 62.27824882227021, 70.3803246443053, 79.2278963329108, 87.02988469651807, 86.42653982232557, 78.42425233544733, 70.09009793370733, 61.919734023716124, 55.88144780415824, 28.270500843407316, 37.73029310635503, 45.1555892204497, 49.502073084529755, 58.35362985623144, 63.79716246062322, 70.12972348553919, 72.3384465921278, 69.67150465435195, 58.91528260335942, 49.75250070453374, 44.699866423256815, 76.02636092455883, 73.74246004550305, 72.69482828981062, 78.52959303206273, 80.21963882506662, 85.4388325403119, 95.04185532403781, 94.19105463183644, 91.76099836003343, 89.53844472176526, 84.934774058315, 80.16326088109687, 76.42030654020625, 75.87778551289632, 80.96308470102993, 85.23769125699434, 92.38266042374597, 86.07397743515277, 81.80980688613117, 77.75693649207766, 45.425036125103006, 57.693140108468135, 71.42783754774484, 82.25561109259318, 96.01483265970883, 102.05666555189495, 109.80812998775403, 115.47289132598725, 124.58158442799173, 134.5055412465465, 129.94881348897923, 120.73252112285482, 116.58966690618057, 109.12998094844971, 104.53020950581802], [7.811044001724797, 8.603679343055795, 16.53736500954049, 26.938336751753685, 21.91042662372436, 17.298715216639735, 14.958741829620765, 44.04602835390279, 50.03248838387649, 59.847995964775386, 67.69657935785627, 75.51370583729651, 68.76283249587974, 61.696037659141105, 52.301716216382744, 10.88671365543909, 9.048657802718644, 12.49599777866822, 23.15673078145223, 32.136167055362186, 29.13685047381143, 20.2298636499497, 9.82676015172137, 0.0, 7.640092824279426, 46.15033833839871, 53.33159625344591, 61.49897519826691, 70.59827156303956, 78.30260284078946, 77.41365462657255, 69.35450726711835, 60.90751441253361, 52.576855392835, 46.54034975487998, 18.672495834415837, 29.34097838989206, 37.9479824209599, 43.696220315974855, 52.47747833985415, 57.16226194780327, 62.60132468628804, 64.14485903847972, 60.78956052139457, 50.05867128084957, 40.1754436886316, 34.98663223687299, 72.13648793144847, 68.97246984162095, 66.59057622668644, 71.86043551633479, 72.8878927837051, 77.6868810013937, 86.93432511772178, 86.68875498360383, 84.85533568229775, 83.21912051625898, 79.49977854499268, 75.44135998701724, 72.14168854412304, 70.26902690801774, 74.39982837137572, 77.94955492696238, 84.46703407037546, 78.82584385591431, 75.28325282946119, 72.21851303071965, 52.60370631302766, 62.31227534661836, 73.84792001737601, 83.01506022470124, 96.01208556816141, 100.66252035264147, 106.69691182069845, 109.91466026506292, 117.33200434850679, 126.57070306008121, 121.64135393046159, 112.19436168862097, 107.79315289251986, 100.48207839142943, 96.39575661468972], [9.159410638476093, 14.959429479778802, 22.97965674985913, 32.80864577173641, 26.43714015300088, 20.16375924755454, 14.943991929798747, 36.74418724816402, 42.756391352922414, 52.63090001016096, 60.53110477284975, 68.44497415026257, 61.48889828529073, 54.28633439330408, 44.966095424556336, 8.36106156489605, 12.421860736320422, 19.20767694251382, 30.54883446165685, 39.392525398039645, 36.43612555973298, 27.841583839515707, 17.438314142255525, 7.640092824279426, 0.0, 39.18262666164919, 46.438322655322544, 54.693642120963, 64.09481842674431, 71.78427759240714, 70.63093543402472, 62.431478356217134, 53.84664387576347, 45.38060693427333, 39.32400178402451, 11.229842835040076, 23.435100352262737, 33.21793046716101, 40.545473557727625, 49.05937065546296, 52.78859909268972, 57.299325315397724, 58.296823735405795, 54.29874449017136, 43.399891656472576, 32.81439097597225, 27.39325448615383, 70.33088966280025, 66.36911871586247, 62.68970729183135, 67.38993548238764, 67.79315177375447, 72.23130737193192, 81.20858438814656, 81.4926027318352, 80.18169778604174, 79.09707894778398, 76.19581961053444, 72.84922093305914, 69.9921641825047, 66.85422114655236, 70.04633815491009, 72.92306558984835, 78.91269097238478, 73.84095952332035, 70.96904353130289, 68.87095120333015, 59.10674769712583, 67.35356388134458, 77.28903109233143, 85.1485311191797, 97.41108256065218, 100.88936446139789, 105.44083471155959, 106.40709485875546, 112.44217746832524, 121.14425584411836, 115.88063667993522, 106.2322958463522, 101.55467696000201, 94.31126405618318, 90.54855431290748], [46.40616914157234, 53.70261374714811, 61.74094894324816, 70.79667315303412, 64.31315912054836, 57.09203159685058, 49.33856251494855, 20.773630603355134, 16.54846012882253, 18.6878427620788, 28.12480145651425, 38.457710834341846, 31.974266930231348, 26.98207423791292, 22.190148342585726, 37.89898034312468, 45.18725430375031, 53.972935456883675, 66.01848658673364, 75.63499748370421, 73.7543338292268, 65.31700613884408, 55.17822952328587, 46.15033833839871, 39.18262666164919, 0.0, 7.51902074449313, 16.501312257358503, 27.95213314618181, 37.32576363456117, 35.85776630641751, 25.4491996276291, 16.26887705600353, 9.511414036636666, 5.15908190367327, 30.880184765615265, 37.387990632898195, 47.22995077604009, 59.65333677897625, 64.74867081934276, 62.44799265916586, 60.16465599284484, 57.29152159199043, 48.708926555745094, 39.3505524603929, 27.2108076448163, 16.116561632707178, 89.26129079702889, 82.48853962168975, 73.02656824834489, 73.7200158608576, 70.14547996762191,