{
	"dissimilarities": [[0.0, 7.324994121535657, 16.580697081926743, 25.694690481863393, 18.7146742092057, 12.881385319349041, 9.694622075562307, 43.09338580823215, 49.93850215105871, 59.26150393891334, 67.62616816214957, 74.86643535755285, 67.34118095664627, 60.16419707981133, 50.77877292871349, 19.0417151882107, 19.03866399559772, 20.809449632686444, 26.104836194130044, 34.230885496863415, 30.361926434669144, 22.51487354948701, 15.444105413286586, 12.323048979606224, 14.303874577167896, 49.44021952054892, 56.78055327016102, 63.72961140403197, 72.74237195143004, 79.07373107324119, 78.06171617342527, 71.13566099599701, 63.04563303839375, 54.6051162483747, 48.05013282654774, 19.747746908045865, 25.597899863369907, 37.06302706263003, 39.650826377060845, 47.803373349198125, 55.86969292833548, 59.75898581440259, 59.822731717648, 57.39139112915904, 48.77275357998335, 37.71479556981068, 35.189944874038225, 67.0534911552693, 60.85040758147131, 61.23999691684451, 65.29176248154967, 69.1294324451193, 74.19888858542213, 83.29724310445042, 87.58974427672543, 86.85805250197319, 84.92525726855622, 81.23547640369024, 75.71399593606803, 67.31031472635156, 65.16199087914283, 68.51863274187245, 72.7109100634937, 81.0938272751568, 79.657557844687, 76.09616532665105, 73.25290800783638, 54.384897700280405, 62.47036691985842, 71.60916788712503, 79.96613399191968, 91.62764600354784, 106.72310265016941, 115.53229704733485, 116.0947761158184, 129.9063437272745, 123.16824012714069, 117.68180190665979, 110.58193912121295, 107.83968569833095, 102.57556169744275, 95.85154872362833], [7.324994121535657, 0.0, 9.620514703090373, 19.717214937926837, 13.5277649068328, 10.53110757021924, 12.643061438316591, 50.3434987120465, 57.25944653577184, 66.58376932241788, 74.92084619479154, 82.04771798083029, 74.56726850024124, 67.38488762478595, 57.981778933365554, 23.21782674482498, 20.752470350419706, 19.732918348123828, 21.728822087237173, 28.605620214959405, 24.267472331161752, 17.277790766166778, 13.301363014131146, 14.691921634271196, 19.43732001370832, 56.377458432019964, 63.73359745799828, 70.72270978313739, 79.76181216551745, 86.1708866228458, 85.24712277963587, 78.30984231894794, 70.21268852081015, 61.787615934541854, 55.149286666061215, 26.473897470459672, 31.17873098524834, 41.066308186571305, 42.20438632753866, 50.604069360896716, 59.28476311373805, 64.13162649298908, 64.81727622351501, 63.115951809704605, 54.29897677620906, 44.33386242272968, 42.3217466550322, 67.58330476583662, 62.296255297952804, 63.821131045636136, 68.60965676770107, 73.18747726464434, 78.72226922433589, 87.9743740850715, 91.57307623452486, 90.07340684431871, 87.52657082208947, 83.03873719916582, 76.80673626831343, 68.40592380208926, 67.55579281767479, 71.67362165762808, 76.55299936498214, 85.45183874386363, 83.22729605634485, 78.98082343901557, 75.33033177361112, 49.473641734087394, 58.06924999953109, 68.28235054218088, 77.53818359054512, 89.63919699470408, 105.57448664051128, 115.392613146096, 117.95026995400988, 133.15161990554023, 127.77136167323266, 122.81194798018183, 116.15272401066173, 113.88833555997184, 109.06179668981909, 102.54979021393625], [16.580697081926743, 9.620514703090373, 0.0, 10.937845477266404, 8.487498581750751, 12.334558345187762, 18.514694590229304, 58.84800637895746, 66.05240601293121, 75.39383319297379, 83.4742282622928, 90.10646215308226, 82.8847687418033, 75.78173982654783, 66.32820794434022, 32.1538458684256, 28.288410149859555, 24.75318798002653, 21.217200309311874, 23.204439140862895, 18.246127565621233, 16.086297437794876, 18.488779057228466, 23.164901528057612, 28.850280528910844, 65.8382469395152, 73.09749335552571, 79.9211452405914, 88.61596709386714, 94.7113187236069, 93.79553123571431, 87.25850898624667, 79.39971017273172, 71.07666004846328, 64.56716664395316, 35.9225741681074, 39.30737019968679, 47.489613323002686, 45.98911389685622, 54.563503236023884, 64.23384972368962, 70.01620604491082, 70.98646288830845, 69.84843577622699, 61.94900061711744, 53.046287840667134, 51.703586207602925, 67.36448116705613, 63.86243935351641, 67.07815517841756, 72.67230565985685, 77.97173300832532, 83.72787479099263, 92.6073673640182, 95.41489526640369, 93.18238248696774, 89.92201537949586, 84.48273541605553, 77.23651694545373, 68.8962190718667, 70.2637226998752, 75.37108223590799, 80.82656721667323, 89.71993902425774, 86.78251125630673, 81.81677023136109, 77.15444672516097, 42.610306806361336, 50.2890559160453, 61.49642410636735, 71.8938662988957, 84.66002195408079, 101.52921962932815, 112.67021327844465, 118.43668050717494, 134.72276878073518, 131.20675071269056, 126.98389281741105, 120.90218399781524, 119.38071368617507, 115.42429827987591, 109.7759230517458], [25.694690481863393, 19.717214937926837, 10.937845477266404, 0.0, 9.738591258669093, 17.40101008838706, 24.331792702850347, 65.2538518270839, 72.96030449560617, 82.26667856136106, 89.81018110767816, 95.49884290219181, 88.6766440258904, 81.76108690357013, 72.33710787163677, 42.76923553397897, 39.10051489831437, 35.133123349055566, 29.04137534995822, 25.137047712238065, 20.560821451471583, 24.334645530765904, 29.124290479951974, 33.88271935224033, 39.1213554165412, 74.72000844052079, 81.80923538957278, 88.29214232038828, 96.30204972417147, 101.58037109457808, 100.46527608167655, 94.79692459128927, 87.40672707462865, 79.24358020290971, 73.10653604684347, 44.79487070488632, 46.51889575566435, 53.08061934278172, 48.18865932999765, 56.72700412175729, 67.54613779345992, 73.93703317482732, 74.6909187076141, 73.85892748247265, 68.10229095239333, 60.2779947727192, 59.996946695852074, 64.06626641357839, 62.95458336531545, 68.03076246380502, 74.2318990613298, 79.98939209994137, 85.56458367548821, 93.46594427095485, 95.51806573443491, 92.81439952976997, 88.95068270927848, 82.7069958523419, 74.41767635073143, 66.22439037278917, 70.32233597591797, 76.38500584773676, 82.06443843229087, 90.24900852852127, 86.88065340548529, 81.39044874595297, 75.79434857540782, 38.05684189562224, 40.645822856381606, 51.03850381474324, 62.13517090302324, 75.50404675502942, 92.99598988724055, 105.26511620765486, 114.55029171106096, 131.23452956800452, 129.77760750423545, 126.45002185503436, 121.15429817977618, 120.71149691758535, 118.2978615112278, 114.51248705489], [18.7146742092057, 13.5277649068328, 8.487498581750751, 9.738591258669093, 0.0, 8.103080607601905, 16.016276134163935, 57.82754280904252, 65.70542819278099, 75.07875176140159, 82.86804782829545, 88.86562279101982, 81.42640316801518, 74.29085744031504, 64.90207530725786, 36.36940789923052, 34.01309183757898, 31.940617231402197, 29.680018609216216, 30.585805732820752, 25.61099996964144, 24.51327048048079, 25.419179253267345, 28.075814850351236, 32.15187894839798, 67.53974115861158, 74.8845688077806, 81.68298018613966, 90.20151232611181, 95.65682799909582, 94.28089594312647, 88.2702183193504, 80.50845023467447, 72.06808747347542, 65.77180110024524, 36.503126940022575, 37.127714252727436, 43.421993924165335, 39.50928431570358, 48.0963230907724, 58.48221210498309, 64.75129854351248, 65.78978628282218, 65.24270277471217, 58.59649110071239, 51.31366007897162, 51.948382210172646, 59.010401967619686, 56.06823942726197, 60.037885973433326, 65.98105382891444, 71.63718972377644, 77.49651181206075, 86.23644439941829, 88.4486679729678, 85.79272454898025, 82.23696444295189, 76.49321324044692, 68.9861538138839, 60.673404195817305, 62.85954054794799, 68.4250114720828, 74.12543576780782, 83.08981363691711, 79.64847444133036, 74.34530483119121, 69.29991859098581, 46.86232301873572, 49.31737139015061, 56.5490601150764, 65.42812189489703, 77.37519741264624, 93.9543713661989, 104.73462872713765, 110.23670826043517, 127.54535412323473, 125.0806527915394, 121.50660497705209, 116.36058713610346, 115.9158308867441, 113.68171738941666, 109.98699837901306], [12.881385319349041, 10.53110757021924, 12.334558345187762, 17.40101008838706, 8.103080607601905, 0.0, 8.39868056651978, 50.192806000072004, 58.103825651456695, 67.48420781523798, 75.39287597707863, 81.60615983001209, 73.87090789642693, 66.63941714187457, 57.27923130659161, 30.88217032965528, 30.129336163041696, 30.0798339035308, 31.247903474701097, 35.21071100552985, 30.41785964711268, 26.328072593098362, 23.629426137911032, 23.621360693825597, 26.07845706965972, 60.15623843578954, 67.5740826287658, 74.46735604374948, 83.1753369306512, 88.67356661830335, 87.15249730778949, 80.99253462564593, 73.0883354565771, 64.54625577712737, 58.24561483516701, 28.833997817699334, 29.13901672062422, 36.32131857787474, 33.959339815130285, 42.58728043145343, 52.430868951906504, 58.049179226839605, 58.83934742950269, 57.95161740035535, 50.8828358965245, 43.21252333698223, 44.11465157682606, 57.23010491106786, 52.64902234833084, 55.21593365609631, 60.54779779463179, 65.67685267781253, 71.39870838540264, 80.48531941102506, 83.28285575887806, 81.19147103997976, 78.2126454296257, 73.26832307436653, 66.63521078443935, 58.226977913217375, 58.48749659233372, 63.285095331145655, 68.55130047942771, 77.58457820619167, 74.65762015738531, 69.91136169798183, 65.70068170605789, 52.81537166095159, 55.70026708392761, 61.63339674510121, 69.1903414211757, 80.33672180551076, 95.94262889539057, 105.41742500582849, 107.92759805646848, 124.48036901597409, 120.5869366350565, 116.50903966622325, 111.0741795375168, 110.2584270782438, 107.73172992645577, 103.84870818409446], [9.694622075562307, 12.643061438316591, 18.514694590229304, 24.331792702850347, 16.016276134163935, 8.39868056651978, 0.0, 41.866124772521324, 49.792550235610165, 59.16554092893485, 67.01733286476382, 73.25415040082363, 65.57809675796709, 58.380297545609935, 48.9878847535821, 27.19446969812491, 28.39001069462562, 30.28343288160439, 34.036717703745964, 39.56091686096785, 35.24747388729555, 29.771730881544695, 24.49899765319994, 21.627357564986482, 21.80183454737922, 52.6328580948708, 59.91379799335709, 66.62941725244495, 75.12191564360145, 80.4189561104384, 78.81988629959538, 72.81302694801686, 65.04932757927676, 56.586128674948974, 50.50648098403792, 22.151424098693134, 23.187865018522615, 32.50366507206499, 31.780664867628616, 40.224729867426696, 49.454415715256516, 53.809955539907875, 53.63867402170061, 51.65307547171748, 45.17859254468668, 36.03845486935225, 36.469382847503965, 57.68290958899867, 52.061728443305576, 53.20978918396438, 57.58262343747864, 61.720775650679485, 66.75996556570529, 75.50138207678984, 79.27936548787747, 78.2734088614026, 76.09869687501448, 72.18186412462852, 66.38992977573837, 57.9351092372088, 56.67119845795965, 60.515653980248345, 64.82943638265486, 73.01243354089368, 71.21769735180202, 67.38716912076828, 64.20840182848953, 56.92029751500413, 60.096131174625356, 65.53712117316925, 72.3218913052655, 83.16346572895789, 97.76013038461625, 106.10974906508542, 106.54207134942136, 121.00887316585442, 115.37808634687106, 110.59117463950193, 104.48112287307028, 103.01191900331432, 99.87158986934719, 95.73466036349066], [43.09338580823215, 50.3434987120465, 58.84800637895746, 65.2538518270839, 57.82754280904252, 50.192806000072004, 41.866124772521324, 0.0, 9.037587922710903, 17.811002344248372, 25.399461952018314, 32.58581335274549, 24.288535661153684, 17.141942677943767, 7.921666840109474, 41.481861936231915, 48.825085116089504, 55.83526788389599, 65.57225807300674, 74.44999492600104, 71.63223863638025, 63.685973571104945, 54.24057286038211, 45.91372483156319, 38.823070722633595, 23.801195062914257, 27.811080905428128, 32.01844126624288, 38.419434736489045, 41.79962624765991, 39.021312611487026, 34.14725986520797, 27.786526988109074, 21.026773099422435, 19.524091635967622, 28.12541202804956, 29.739845111039447, 38.823165576667215, 46.069688233299516, 48.89712898639719, 50.61812857698818, 46.46544003797616, 40.89685134280271, 32.23669794825112, 32.06883407340234, 18.69790989183708, 15.653830257306513, 73.59168331873428, 64.37598994705682, 58.48512394239807, 56.736961784622, 54.34153353970222, 54.426966996839504, 60.182008063688315, 69.0255033204073, 73.87502735627488, 76.25119707077056, 78.07483768614772, 77.49596422888168, 70.73784596000384, 62.149586831057434, 60.023307423471586, 58.327547502480165, 60.728054052077155, 65.40982421639447, 67.1721547410328, 69.88889351104996, 90.07284947830236, 93.68642543245781, 96.28123685410081, 99.2140781644122, 107.30615010353986, 116.59817016719926, 119.05319393883796, 107.9507803164511, 111.89142950794331, 96.63626259100697, 87.89687728853191, 78.32302557133924, 72.67227638405973, 65.62032077580261, 59.86987922525037], [49.93850215105871, 57.25944653577184, 66.05240601293121, 72.96030449560617, 65.70542819278099, 58.103825651456695, 49.792550235610165, 9.037587922710903, 0.0, 9.39251061686283, 18.057905519029163, 27.05710775124455, 19.27349231467126, 13.258462846291948, 8.508891884929081, 45.584290740760615, 53.08836214024902, 60.38346312623786, 70.73246243685834, 80.23537311933981, 77.75939093696587, 69.37391312363287, 59.6350517755042, 51.14466258999336, 43.87628990024334, 18.9117142263477, 20.753132083654865, 23.74201696191773, 29.735705057324687, 33.427438134474755, 30.755890439151166, 25.20617517394611, 19.0203053020966, 13.430985610171765, 14.80698026860781, 34.01885160066461, 36.99388111668584, 45.958617081786414, 54.466010934745626, 56.79428627218179, 57.30034815236052, 52.17042789326346, 46.453714328457934, 37.48936271600112, 37.05342818790533, 24.421974722124112, 18.9420353816129, 82.06568979224657, 72.52187178716875, 65.9217386256938, 63.492999287517364, 60.28818993040377, 59.68406399983636, 64.81947174410773, 74.31324537931135, 79.94461408010366, 82.93553680470467, 85.45990937765335, 85.50788400484912, 79.01901410161275, 69.67325330421089, 66.80826940682441, 64.41239638391488, 65.97241621351807, 71.5339695846658, 74.0377690370927, 77.43835189183763, 96.01309225773002, 101.06610163655596, 104.58829859441542, 107.74362488207498, 115.90392134483956, 124.8263961345471, 126.80192641399411, 114.48164917194767, 116.45138182796684, 99.26724415954254, 89.58304269460162, 78.93051595262357, 71.62407836828183, 62.136085714297664, 53.85559326813741], [59.26150393891334, 66.58376932241788, 75.39383319297379, 82.26667856136106, 75.07875176140159, 67.48420781523798, 59.16554092893485, 17.811002344248372, 9.39251061686283, 0.0, 9.439683366014611, 19.84586259274958, 13.07653341362951, 10.477457761410687, 13.384787091365071, 54.008790463871655, 61.54691744005102, 68.93497842191037, 79.47212433618691, 89.07518152246631, 86.7606849459117, 78.33008632182417, 68.53679167232401, 60.01971115754698, 52.706514571672614, 21.985251247111165, 20.40806816319389, 20.308980499481603, 23.664058395190164, 25.881343566501833, 22.56499368304013, 17.987135540108603, 14.301270470469012, 13.516703168307794, 18.832865047246525, 43.04203663118187, 45.658180335365074, 53.51178743519073, 62.20383201053197, 63.70678838428931, 63.047361566027384, 56.760587539882245, 50.4898631107435, 41.16404087113258, 42.40277961468236, 31.971645608859642, 27.270492342221214, 88.72270622137235, 79.0526904407339, 71.7447090847696, 68.41601647156956, 64.13692412821085, 62.42927816440038, 66.37332265810923, 76.5441173218616, 83.20718406321909, 86.98474228947836, 90.46109170743105, 91.35423131823954, 85.33813087731221, 75.31074388207699, 71.57663388907518, 68.13432675948206, 68.22511362683962, 74.93359526701856, 78.42967912654727, 82.71865807313817, 104.43003965850245, 109.45918118731309, 112.61693179997877, 115.25704413510964, 122.96008882860241, 130.95977546072282, 131.93285072944548, 117.76036891238961, 117.31542386366823, 98.1303109598817, 87.59784696054167, 76.17775646539619, 67.59431786022498, 56.63644549515412, 47.46205533923626], [67.62616816214957, 74.92084619479154, 83.4742282622928, 89.81018110767816, 82.86804782829545, 75.39287597707863, 67.01733286476382, 25.399461952018314, 18.057905519029163, 9.439683366014611, 0.0, 11.046588387598684, 8.511253235346484, 12.254350930084218, 19.245624436785516, 63.18168791498333, 70.59853258602014, 77.79674286061284, 87.9575930926365, 96.97971420282889, 94.76543977476035, 86.81943478601033, 77.31164005418798, 68.94648030873017, 61.76947243476599, 30.52964567462331, 27.32719141016385, 24.545488725552662, 23.163534904478137, 21.197501096310035, 16.593053036635244, 17.097625245174633, 18.66661869345565, 21.58219052785608, 27.835703558897748, 52.05725549721116, 54.05032807580144, 61.018599514271, 68.64836464693, 69.57500770333006, 68.56714640458812, 61.506499245822326, 54.365820374549685, 44.5752901459298, 48.897509958487916, 40.167625324297035, 36.550730922306585, 92.98604713380688, 83.82868605509478, 76.38177997344374, 72.37119249097898, 67.15123351627436, 64.09250802037258, 66.0412100745728, 76.85449778495727, 84.67283245280885, 89.14068124004848, 93.42972916727307, 94.8788200149281, 89.31565941480403, 79.43008623386953, 75.17292472420147, 70.63344715205835, 68.53355610103604, 76.56210185053122, 81.00838442897272, 85.97271448357068, 111.05185614633352, 114.98832732462847, 117.20878654941131, 119.1204073584452, 126.32218584306594, 133.18205499235893, 133.15010976901166, 117.97740389309516, 114.38200687342604, 93.43766410949344, 82.13722794065353, 69.88704334828478, 60.192596081712225, 48.34365303373769, 40.0598007855466], [74.86643535755285, 82.04771798083029, 90.10646215308226, 95.49884290219181, 88.86562279101982, 81.60615983001209, 73.25415040082363, 32.58581335274549, 27.05710775124455, 19.84586259274958, 11.046588387598684, 0.0, 10.728268948073866, 17.73052371768544, 25.517336898798156, 72.37629215574516, 79.62698010529002, 86.50361244322565, 95.94660283883914, 103.9414739999279, 101.70534234007387, 94.58406970421235, 85.56381736631319, 77.44814747926289, 70.49030005057821, 41.41584908542011, 38.199089112225714, 34.67996427858998, 30.50277366039677, 24.45304769084216, 19.26735275360406, 25.23014006709644, 29.188140734378234, 32.53509208763702, 38.56091131150607, 60.46870937090291, 61.356526717707965, 67.25035032465509, 72.94855219372029, 73.32932393980249, 72.4356536864615, 64.90227273318717, 56.76485757142207, 46.63092599269811, 54.845725854288744, 47.81099158796949, 45.7762631768773, 93.99741623505203, 85.82435146870316, 78.63191791909492, 74.08192606143172, 68.04187045811922, 63.47795751328473, 62.80791115155362, 74.1384530157484, 83.14577815811211, 88.21773354690434, 93.22992771128936, 95.0935754256075, 90.06832743946934, 80.89304099117304, 76.34601877161691, 70.68957920812903, 65.87728442033547, 75.28842829267595, 80.64514127990199, 86.14290240682057, 116.23973738403956, 117.98437907375718, 118.4534844057881, 119.23905971799964, 125.67541135406435, 131.09813593336435, 129.92160139246587, 114.16150604861542, 107.07476054826947, 84.69418877418924, 72.78144426652219, 59.82934237067462, 49.469060730804856, 38.21401812916891, 34.55423600312306], [67.34118095664627, 74.56726850024124, 82.8847687418033, 88.6766440258904, 81.42640316801518, 73.87090789642693, 65.57809675796709, 24.288535661153684, 19.27349231467126, 13.07653341362951, 8.511253235346484, 10.728268948073866, 0.0, 7.6181966765688065, 16.686239909224128, 64.59812206402262, 72.15399750147081, 79.38769573536565, 89.34459485471261, 98.00914191966152, 95.42820183685946, 87.71752655389037, 78.25376612093385, 69.83403862598782, 62.56311138640808, 34.7694635528812, 33.08119948137058, 31.761889379544872, 31.607482489831884, 29.239943820425527, 24.29261701720212, 25.37556031221539, 25.55375119811649, 26.389380212163548, 31.391214675963546, 51.826061394486935, 51.77306855477111, 57.08596274216752, 63.71903826397742, 63.923663878260435, 62.563116038526644, 55.085767320339855, 47.41177965667095, 37.476623443918236, 44.25078478065555, 37.689395097776526, 36.911697065972284, 86.50661693421517, 77.38538362480732, 69.70751034388259, 65.27570660450192, 59.610153420015905, 56.04417088750118, 57.626585644631675, 68.49476247545921, 76.53334250755411, 81.23352275758408, 85.89845953810297, 87.80159479673343, 82.6099467569383, 72.46956396985102, 67.87486149353622, 62.85550591659237, 60.2255237777415, 68.50796058470175, 73.30017802248757, 78.64071527662071, 111.95574390651888, 113.88318648691858, 114.09008405732095, 114.82391865629005, 121.07317542809665, 127.2286616516075, 126.43919344075299, 109.90207927733782, 106.92447148156761, 86.40863029984877, 75.56923271751972, 64.40202982172859, 56.31651283263779, 48.026483988245886, 44.57161861095291], [60.16419707981133, 67.38488762478595, 75.78173982654783, 81.76108690357013, 74.29085744031504, 66.63941714187457, 58.380297545609935, 17.141942677943767, 13.258462846291948, 10.477457761410687, 12.254350930084218, 17.73052371768544, 7.6181966765688065, 0.0, 9.466965791019845, 57.62466442126918, 65.23305902865884, 72.5242951862507, 82.56410701048014, 91.42590276900026, 88.68824307681557, 80.79085636124107, 71.22052495065371, 62.74030039591272, 55.41324318693628, 30.14564474118213, 30.092205428157257, 30.686197785640193, 33.228071954354036, 33.13485119168585, 28.776818447296954, 27.171900603506653, 24.548857929382297, 22.7479520086685, 26.301878634937943, 44.415205347783825, 44.16201774949339, 49.82548740179478, 56.86241028599166, 57.459169096993534, 56.52104030219332, 49.6277853075894, 42.390025394219876, 32.53049559663624, 37.709899178073826, 30.17818547028845, 29.76996980560006, 81.11369424079926, 71.65631175146282, 64.13341736880294, 60.23550514388726, 55.3079564042407, 52.801507730946426, 56.022324254543214, 66.36196175080262, 73.45500419025659, 77.56835459236846, 81.55783807166517, 82.97788246312452, 77.41219169264106, 67.23739689308212, 63.094553018051, 58.91968173786999, 58.02627368282712, 65.23494626929607, 69.24410250648482, 74.0274379263414, 106.1213506495254, 108.3179087611794, 108.81710977261501, 109.91668149674308, 116.44784030348583, 123.42789072617714, 123.39679291456439, 107.75184398702538, 107.45071982417461, 88.63772160670146, 78.57796909754366, 68.25351247976991, 61.34618507200425, 54.08202658716911, 50.21410676700713], [50.77877292871349, 57.981778933365554, 66.32820794434022, 72.33710787163677, 64.90207530725786, 57.27923130659161, 48.9878847535821, 7.921666840109474, 8.508891884929081, 13.384787091365071, 19.245624436785516, 25.517336898798156, 16.686239909224128, 9.466965791019845, 0.0, 49.207906281116315, 56.65065407916803, 63.73465251373593, 73.47111653676193, 82.14763802739861, 79.33086977394672, 71.56094015059293, 62.150382823306394, 53.801336667498646, 46.64035570678208, 26.838459820296286, 29.008425318339032, 31.613888299034286, 36.28224703713546, 37.993981301616145, 34.44966827784322, 31.12143157414371, 26.303377564747837, 21.52505425302164, 22.5449919272479, 35.66520653036184, 35.888621802521385, 43.00854867715945, 49.803533643837746, 51.49316672869422, 52.05635041062646, 46.53600962139407, 39.904258261627795, 30.314674114996425, 33.47390328992538, 23.15743588939607, 22.2082934513291, 75.50534209334019, 66.24687188086048, 59.60583977884847, 56.80537404907034, 53.16541232211225, 51.96246854433775, 56.4870685041052, 66.08845372503637, 72.03490354997484, 75.22556362397955, 78.07467834856016, 78.41523363190733, 72.20814174035509, 62.93455897513141, 59.8646862058901, 56.928030507364745, 57.67118875396427, 63.6046469939069, 66.44398510628005, 70.14754629753392, 97.08845220011773, 99.5858132618081, 100.83903659325662, 102.72897788489506, 109.99708113160291, 118.1130699881294, 119.34728493878686, 106.174443474147, 108.16720635850017, 91.41988817226054, 82.15786080831552, 72.33202827151676, 66.34825489856084, 59.60978707619529, 55.21832619325077], [19.0417151882107, 23.21782674482498, 32.1538458684256, 42.76923553397897, 36.36940789923052, 30.88217032965528, 27.19446969812491, 41.481861936231915, 45.584290740760615, 54.008790463871655, 63.18168791498333, 72.37629215574516, 64.59812206402262, 57.62466442126918, 49.207906281116315, 0.0, 8.136579380348293, 16.550159992692638, 29.291043426317984, 42.70401395568923, 40.13745477858133, 28.531787635861026, 17.38296278244253, 9.169410832142272, 5.629044220890967, 38.11610982387613, 45.49172669259711, 53.0910185702973, 63.603777357160375, 71.95692360468509, 71.67931208509991, 62.72290775985002, 53.77834019534442, 45.50021589449835, 38.22521726683334, 16.386130640767547, 27.78080907401041, 40.73746757388466, 49.86192823079979, 56.540058149049834, 61.24278958626379, 63.374067422099884, 63.83587089244449, 60.87490834187692, 48.27221236759825, 35.39186761424931, 28.602546656879507, 81.33716355984758, 72.65146830878369, 70.27119299461694, 72.92791530980195, 75.60452975350675, 80.57657175555853, 90.74935995618657, 96.11016832964961, 96.16587008550468, 95.23155724635758, 92.83842208357522, 88.95975440267998, 80.91953804919918, 75.2454188618141, 76.80153592119875, 80.29187902500432, 89.27076162848783, 88.66068285982179, 86.13462519931906, 84.80534762965237, 65.84242818501248, 79.254684641981, 90.47923383984865, 98.9591222129972, 110.29566318902344, 124.90975043431902, 132.70130641826378, 129.3165497485075, 142.18080250667995, 132.431597712367, 125.55592279353387, 117.14136911588888, 112.32325447781822, 103.85511266560475, 92.9784448688935], [19.03866399559772, 20.752470350419706, 28.288410149859555, 39.10051489831437, 34.01309183757898, 30.129336163041696, 28.39001069462562, 48.825085116089504, 53.08836214024902, 61.54691744005102, 70.59853258602014, 79.62698010529002, 72.15399750147081, 65.23305902865884, 56.65065407916803, 8.136579380348293, 0.0, 8.548368897583972, 21.693179562255988, 35.79371623106482, 33.51013024176131, 21.493854231217746, 10.877214724511097, 6.76865496449782, 11.018852656375843, 45.504883257663096, 52.60653986312387, 59.9638633453603, 70.17423284381975, 78.57420346066755, 78.55394402249402, 69.71801229443652, 61.010571374382565, 52.97390450519827, 45.82327415507338, 23.482587906859116, 33.91185169486046, 46.165346600869626, 53.87082602144583, 61.06512385650169, 66.60373201530159, 69.59356822965918, 70.41654971891035, 67.82786069895194, 55.36563487146103, 43.03937064800988, 36.57632157158576, 84.0170048112987, 76.19319703021021, 74.8697987000831, 78.21004149328797, 81.51668286582324, 86.81397139750766, 96.9638033017148, 101.89848416583654, 101.42977315630793, 99.97974635881268, 96.87398817524232, 92.25454318233041, 84.08486972649938, 79.67586344194437, 81.95875001844851, 86.0006452663387, 95.22862482091338, 94.10785557484246, 91.01541678660004, 88.95689035696707, 59.872969067854015, 75.24428558271208, 88.38880025246198, 98.06245209818614, 110.1255398582777, 125.58823045451163, 134.4626632927047, 133.33300389108982, 146.9240448198764, 138.1625405058957, 131.58106761849066, 123.22303459157196, 118.54262885515988, 109.99259292332393, 98.84107222483561], [20.809449632686444, 19.732918348123828, 24.75318798002653, 35.133123349055566, 31.940617231402197, 30.0798339035308, 30.28343288160439, 55.83526788389599, 60.38346312623786, 68.93497842191037, 77.79674286061284, 86.50361244322565, 79.38769573536565, 72.5242951862507, 63.73465251373593, 16.550159992692638, 8.548368897583972, 0.0, 13.369430294862154, 27.964965393900847, 26.079307666593394, 14.028804628769052, 6.5620745210735, 11.143395027458912, 18.271407051632504, 53.32809759267951, 60.192481971187675, 67.24906727426959, 76.99171863667003, 85.20844269223794, 85.36710933783246, 76.86090636982854, 68.4740413346257, 60.6400862098853, 53.66450021440569, 30.786412123078275, 40.41543973483267, 52.09083838578438, 58.02093169844898, 65.6955787796662, 72.19166907405905, 75.92734841332393, 76.88455557611309, 74.50587476490814, 62.66275820244999, 50.66325357965022, 44.49677556482403, 86.28477392791767, 79.57845579539733, 79.42327831554965, 83.40139496001842, 87.25185346513267, 92.7229808403367, 102.61611360669667, 107.16435436837955, 106.2731861460104, 104.33094112881429, 100.5315716689966, 95.11531003035667, 86.83608360600407, 83.93352517754644, 86.96158057393224, 91.4345567041347, 100.63761261562173, 99.12622754834125, 95.52619285319528, 92.73825980193205, 52.71633630434225, 69.93504844711583, 85.05908647349057, 95.96970758595661, 108.80942536706058, 125.05835130179769, 135.05246485433582, 136.5275897189794, 150.54736962502065, 142.86000965797604, 136.61150702895637, 128.3249734511314, 123.85874400577885, 115.39921026922399, 104.302064464708], [26.104836194130044, 21.728822087237173, 21.217200309311874, 29.04137534995822, 29.680018609216216, 31.247903474701097, 34.036717703745964, 65.57225807300674, 70.73246243685834, 79.47212433618691, 87.9575930926365, 95.94660283883914, 89.34459485471261, 82.56410701048014, 73.47111653676193, 29.291043426317984, 21.693179562255988, 13.369430294862154, 0.0, 15.016999178721763, 13.912441829333739, 5.2850457804577236, 13.148691183832323, 21.88448266724507, 29.712748754892065, 65.29489332627165, 71.93538792470899, 78.5654498853044, 87.50844995510457, 95.12305676517582, 95.35887809718133, 87.6073263059624, 79.73422075397943, 72.0903460532538, 65.4027045935369, 41.49977398771185, 49.81833731451752, 60.59482826538603, 63.519107303088965, 71.75950562228245, 79.74012763682165, 84.44773691885362, 85.38611214722187, 83.23754009701739, 72.85279560766857, 61.347957257523944, 55.88712674158845, 88.0944741230911, 83.38548467329346, 85.07959802088932, 89.92707969698598, 94.4836028629647, 100.04219413718118, 109.27781939514225, 113.21598065335814, 111.77497239780106, 109.1230122207568, 104.32958247910592, 97.70416404897796, 89.35155048029739, 88.97258507808947, 93.10980294443098, 98.07951333009888, 106.93751491301109, 104.93306540114071, 100.64487663891357, 96.7831599703109, 40.540350926590115, 59.884353300544866, 77.75974863022786, 90.43159112782185, 104.36837386249776, 121.62487287214302, 133.2624937852527, 138.96786854064555, 153.3773071645732, 147.54476747405175, 141.94328037998494, 133.94886609574695, 130.06821738402817, 122.24907720954148, 111.97570741150346], [34.230885496863415, 28.605620214959405, 23.204439140862895, 25.137047712238065, 30.585805732820752, 35.21071100552985, 39.56091686096785, 74.44999492600104, 80.23537311933981, 89.07518152246631, 96.97971420282889, 103.9414739999279, 98.00914191966152, 91.42590276900026, 82.14763802739861, 42.70401395568923, 35.79371623106482, 27.964965393900847, 15.016999178721763, 0.0, 5.1970107207121465, 15.29697061341245, 26.069364131112327, 34.47395012343512, 42.01165079046685, 77.10834920796731, 83.50486372305093, 89.61478567278108, 97.53234148018416, 104.18359902307262, 104.36516538061566, 97.69968203700992, 90.49569250493573, 83.07998167720639, 76.81945704897728, 52.49607245785964, 59.52783393270267, 69.48271099446771, 69.12183823669899, 77.7123825088927, 87.16467330441549, 92.53060614263464, 93.07683295448518, 90.92127277665517, 82.75996245104793, 71.65516631853875, 66.9453838045901, 88.92312639753962, 86.65184115193318, 90.24070587174099, 95.75428034568348, 100.7635850073361, 106.07026590654046, 114.14528149345466, 117.54417197821572, 115.8056805906249, 112.56374666571507, 106.92984746970338, 99.11801338705433, 90.8144208748266, 93.27968248776556, 98.4367354624914, 103.59231575044386, 111.5096328578556, 109.29348392197754, 104.51816249812481, 99.69148155991239, 26.046425083484483, 46.91745958501286, 67.76331538010638, 82.25920988780221, 97.3653205313519, 115.35290152456885, 128.59417249342533, 139.08310344601654, 153.09520761209797, 149.25145493842845, 144.39038810512486, 136.7730518753745, 133.64958196298454, 126.86547959098957, 118.10222566180342], [30.361926434669144, 24.267472331161752, 18.246127565621233, 20.560821451471583, 25.61099996964144, 30.41785964711268, 35.24747388729555, 71.63223863638025, 77.75939093696587, 86.7606849459117, 94.76543977476035, 101.70534234007387, 95.42820183685946, 88.68824307681557, 79.33086977394672, 40.13745477858133, 33.51013024176131, 26.079307666593394, 13.912441829333739, 5.1970107207121465, 0.0, 12.422436618209693, 23.153958454925085, 31.49117631337053, 38.98965164849867, 75.12856482703609, 81.7839299983364, 88.12804056919462, 96.32041493094796, 102.92074354736339, 102.8573837899518, 96.14480717761974, 88.71925598787269, 81.03976198431921, 74.6481045618508, 49.0884361622465, 55.386159283294795, 64.8595677855522, 64.23221294926168, 72.80441499608436, 82.30516896269424, 87.8761150908747, 88.62994110139869, 86.80395166376769, 78.54983872720469, 68.00326412674043, 64.0285884547454, 84.10125446150633, 81.6656829757735, 85.2878826840437, 90.90364966631748, 96.07448004092967, 101.56562285886588, 109.89249930855492, 113.05746562892196, 111.08171914135869, 107.74827053392636, 102.04704694811691, 94.2831172154419, 85.99816429154997, 88.35256016605088, 93.57814118007674, 98.9026991104489, 107.15817732543508, 104.65377527861234, 99.73968059096738, 94.84805269551974, 29.03416980482057, 46.69921002561638, 65.67558077864973, 79.46708601993394, 94.12566611241414, 112.03323220490847, 124.97357705865173, 134.65425410814154, 149.4813608263502, 145.90962331324138, 141.26674606229815, 134.0675503083745, 131.37213264958794, 125.28060392298279, 117.21714152929549], [22.51487354948701, 17.277790766166778, 16.086297437794876, 24.334645530765904, 24.51327048048079, 26.328072593098362, 29.771730881544695, 63.685973571104945, 69.37391312363287, 78.33008632182417, 86.81943478601033, 94.58406970421235, 87.71752655389037, 80.79085636124107, 71.56094015059293, 28.531787635861026, 21.493854231217746, 14.028804628769052, 5.2850457804577236, 15.29697061341245, 12.422436618209693, 0.0, 11.2687405923245, 20.188119765456115, 28.047753066688426, 65.01724913089316, 71.9201208786002, 78.71494325875527, 87.75508013112159, 95.09760181644467, 95.03590656856178, 87.4611066723351, 79.47085817157124, 71.55898039461005, 64.80177493825369, 39.199010113467466, 46.48857999395089, 56.695317437435484, 58.86511863269083, 67.16693131003453, 75.44967263859907, 80.47259426966767, 81.54857707994441, 79.73271121532498, 69.61985619945052, 58.754068840374735, 54.28497683865341, 82.94038070273285, 78.38220391894075, 80.36311598557141, 85.40866878557246, 90.19385542879311, 95.89806587072358, 105.20630768671505, 108.83347139395151, 107.12394354194294, 104.30311498342772, 99.33636406353453, 92.60226661083232, 84.27088718070934, 84.16138743561645, 88.51270931922929, 93.67292718578798, 102.72003218085251, 100.40414835414306, 95.91365820494832, 91.85983312790705, 40.71165413658056, 57.554081337888896, 73.98000578306036, 86.13446312016632, 99.74525317650442, 116.951652762966, 128.47178837525172, 134.03572699329607, 149.14842118583553, 143.89505343319496, 138.6378669271497, 131.1432288390853, 127.84849612763267, 120.97098491560921, 111.77522241541081], [15.444105413286586, 13.301363014131146, 18.488779057228466, 29.124290479951974, 25.419179253267345, 23.629426137911032, 24.49899765319994, 54.24057286038211, 59.6350517755042, 68.53679167232401, 77.31164005418798, 85.56381736631319, 78.25376612093385, 71.22052495065371, 62.150382823306394, 17.38296278244253, 10.877214724511097, 6.5620745210735, 13.148691183832323, 26.069364131112327, 23.153958454925085, 11.2687405923245, 0.0, 9.08501707472859, 17.025204396199012, 54.52113618172771, 61.661380082562395, 68.78970494959395, 78.40091295454538, 86.07810112819973, 85.87273809146839, 77.81639841363071, 69.43680758965115, 61.306312435210934, 54.33227725471905, 28.72819096755205, 37.0221764823406, 48.1913175913523, 52.75401045422336, 60.677290562180154, 67.86492875793768, 72.07373645184744, 73.06690132951235, 70.99933238766795, 59.8777269765511, 48.52635834795901, 43.70322814981155, 80.13389539391022, 73.87383478815849, 74.29483799473896, 78.60529566623403, 82.78060429192931, 88.37096326476545, 98.16539263451517, 102.33921759622326, 101.14948438464866, 98.94910230807245, 94.85044032449052, 89.13275911494748, 80.82348143912002, 78.59318292304985, 82.02149579261004, 86.72544445246572, 95.97734047347222, 94.12901659461424, 90.24286461987828, 87.1121047668591, 50.51279050913685, 65.37522495655584, 79.22289225967603, 89.74157885406257, 102.38049106905845, 118.6308644618274, 128.67298333966664, 130.62370627233042, 145.26018590173447, 138.44462369004572, 132.65874228258417, 124.94196790423369, 121.23048267626281, 113.9810963940231, 104.37515276765416], [12.323048979606224, 14.691921634271196, 23.164901528057612, 33.88271935224033, 28.075814850351236, 23.621360693825597, 21.627357564986482, 45.91372483156319, 51.14466258999336, 60.01971115754698, 68.94648030873017, 77.44814747926289, 69.83403862598782, 62.74030039591272, 53.801336667498646, 9.169410832142272, 6.76865496449782, 11.143395027458912, 21.88448266724507, 34.47395012343512, 31.49117631337053, 20.188119765456115, 9.08501707472859, 0.0, 7.942773246176554, 45.97557413532932, 53.322422148990505, 60.66423102122124, 70.59481487971203, 78.3277716115034, 77.92406742182241, 69.66827898180995, 61.053561886147925, 52.72958626804, 45.64659478449525, 19.97444518339303, 29.433100495123295, 41.6792274201047, 48.06041074458318, 55.558684350390884, 61.8589789575714, 65.18380297241785, 65.841618278963, 63.36437389336551, 51.884588750509124, 39.87922705138199, 34.7304118833221, 77.6126534520492, 70.18178646904163, 69.33153316936395, 72.91025979870692, 76.42244640514959, 81.71786929790723, 91.6449143208794, 96.34640768000591, 95.74606787507064, 94.13165001898811, 90.83780901359958, 85.96752393995204, 77.73019691967133, 73.9129536133232, 76.52286990224978, 80.66093522462481, 89.74478462036193, 88.46385516778676, 85.19802809904174, 82.89833420872799, 57.767644336985775, 70.76093100609886, 82.52631062753612, 91.70700239068563, 103.56426567496966, 118.89131186405092, 127.69428105860355, 126.93659656490439, 140.759301922644, 132.67853466275884, 126.47612966849523, 118.58283404933552, 114.58602882301463, 107.19513508521625, 97.58330201973813], [14.303874577167896, 19.43732001370832, 28.850280528910844, 39.1213554165412, 32.15187894839798, 26.07845706965972, 21.80183454737922, 38.823070722633595, 43.87628990024334, 52.706514571672614, 61.76947243476599, 70.49030005057821, 62.56311138640808, 55.41324318693628, 46.64035570678208, 5.629044220890967, 11.018852656375843, 18.271407051632504, 29.712748754892065, 42.01165079046685, 38.98965164849867, 28.047753066688426, 17.025204396199012, 7.942773246176554, 0.0, 38.786301431364734, 46.34824954220905, 53.89272482575641, 64.11032021689888, 71.84008629173447, 71.21252776533593, 62.79907310189555, 53.96194627601484, 45.435256925059036, 38.25503242397472, 12.57559594706052, 23.494760059229055, 36.710517302326394, 44.83099934331401, 51.754845144885834, 57.08893843824382, 59.473462681044474, 59.76386190283123, 56.86819195357424, 45.11102260734852, 32.409661965096284, 26.918196383200176, 75.9684949131292, 67.54576172057617, 65.49381440301424, 68.32059011088623, 71.1475544434061, 76.11338636022693, 86.11652575730345, 91.30547086860462, 91.27353588697761, 90.22306373796529, 87.70533802607152, 83.65397896129645, 75.55776469350018, 70.29493678294423, 72.09235909712436, 75.64238014001207, 84.50270578666446, 83.77875336414468, 81.1295501371268, 79.63489178853635, 64.4094822932961, 75.8696966398731, 85.86047493545595, 93.85258849566848, 104.96288850859423, 119.40956745306869, 127.08722317332628, 123.91004307607128, 136.951991493287, 127.74124581197138, 121.17598150581685, 113.15519678625157, 108.92465468506208, 101.46907875621665, 91.95166472544551], [49.44021952054892, 56.377458432019964, 65.8382469395152, 74.72000844052079, 67.53974115861158, 60.15623843578954, 52.6328580948708, 23.801195062914257, 18.9117142263477, 21.985251247111165, 30.52964567462331, 41.41584908542011, 34.7694635528812, 30.14564474118213, 26.838459820296286, 38.11610982387613, 45.504883257663096, 53.32809759267951, 65.29489332627165, 77.10834920796731, 75.12856482703609, 65.01724913089316, 54.52113618172771, 45.97557413532932, 38.786301431364734, 0.0, 7.986945495309896, 16.20108299370493, 27.931028433773598, 36.96741053916356, 36.57652225228263, 26.103981188745696, 16.43847852988354, 9.05328080588253, 4.38490571056243, 32.33336672493635, 39.47599652464521, 50.2030478625351, 62.26625343783666, 65.33827115759328, 65.17311832893118, 61.13298012100274, 57.85419090491206, 50.89130592676865, 43.16050484120825, 29.34900235091055, 18.30052273975137, 93.53283901237333,