{
	"dissimilarities": [[0.0, 7.326995843590131, 16.570960355420233, 25.682680484301695, 18.663266928539525, 12.879376468444114, 9.681526490304615, 43.10051712597557, 49.94833576812198, 59.27878840626882, 67.62164156875292, 74.90397170738987, 67.35917767908373, 60.179958695832255, 50.79133525440792, 18.95786647201425, 19.89510085279381, 20.808794349880554, 26.095122614380433, 34.094073744853574, 30.72286747086401, 22.551528674505196, 15.389023415833186, 12.200196735013536, 14.073246372793944, 49.366150686030174, 56.751644120284176, 63.749897838299404, 72.75310627075737, 79.0952167658003, 78.12569328497658, 71.15471506952179, 63.02616987410247, 54.54459706403681, 47.98002841886183, 19.662318998423455, 25.87019903735209, 37.43120902035431, 39.67487198887675, 47.705729145617575, 55.56093684575606, 59.58055874520696, 59.80076834098516, 57.44207321983706, 48.93206883410915, 37.832865306437704, 35.09845038082735, 67.06537298805483, 60.87787134962042, 61.35452684545122, 65.4272847713954, 69.20174204817617, 74.2086027458021, 83.31353291019873, 87.60766204745404, 87.80509504320962, 84.98454697467643, 82.24777640183328, 75.73352238131417, 67.24124723211445, 65.17553857186513, 68.54958251139352, 72.72180627238308, 81.98493300579516, 79.63461108082085, 76.07383102348726, 73.24581009327376, 54.11181500151959, 61.35328620125865, 71.2615992576585, 79.65694052141592, 92.11100777467132, 106.98754501742071, 114.53743151765268, 115.48702269694618, 129.63416465108295, 123.19243841293867, 117.91281569061724, 109.38936347906466, 106.15549137010272, 100.3454380793619, 95.96611819907324], [7.326995843590131, 0.0, 9.60223664670362, 19.698733641590266, 13.46591527323583, 10.530216304575466, 12.63890119209281, 50.35105420057547, 57.27099988744364, 66.60333280304278, 74.92291981384878, 82.08455513451908, 74.58654769074272, 67.40291724118198, 57.99676973935512, 23.147191552673103, 21.53727730803144, 19.731351939296253, 21.719448297898683, 28.448311178861932, 24.71953037826878, 17.310591761869063, 13.218817879277896, 14.57801567442826, 19.256952001140807, 56.31290899946122, 63.709674595927055, 70.74481803225554, 79.77567752562153, 86.19370008771111, 85.30750646591376, 78.3291572057936, 70.19640108982529, 61.733864743744384, 55.0883915389903, 26.409649796613415, 31.416165301292043, 41.41190125168277, 42.22973124925724, 50.509357699564276, 58.98860264647531, 63.96422576980549, 64.79902654513589, 63.16669861521304, 54.44878133171903, 44.441576087328514, 42.24522039370403, 67.59693968408604, 62.3252396658757, 63.936872307177644, 68.74487497467858, 73.26010088836061, 78.73365145742879, 87.99398543244547, 91.59124393710887, 90.98727337494728, 87.58905895805403, 84.02796235747203, 76.82353753858656, 68.22551363723178, 67.5704183468133, 71.70587026878565, 76.565384555937, 86.29638561041801, 83.20302959128482, 78.95738601329721, 75.32101777231304, 49.17683340564853, 56.89177479393054, 67.9218986745505, 77.22318100553143, 90.12226997389811, 105.83645846952513, 114.41127626581776, 117.37210416231737, 132.88946051537218, 127.79631366179721, 123.03394454468469, 115.02350829163456, 112.23335523751005, 106.90231020021116, 102.6588254143866], [16.570960355420233, 9.60223664670362, 0.0, 10.944459684883583, 8.488527687481028, 12.335454670498411, 18.524089505195363, 58.83985304005458, 66.05626874148315, 75.41408466527479, 83.50111451900929, 90.13709555935408, 82.89822504215017, 75.79977560320894, 66.34383254644061, 32.063629939759764, 28.904629622807796, 24.73117860933263, 21.22708160916752, 23.087521905152332, 19.013756347928805, 16.05401377960655, 18.345228329987854, 23.029262033641505, 28.65613083298586, 65.75232403251015, 73.05661511311483, 79.93886694419359, 88.63576562016144, 94.7344986146183, 93.83782695713496, 87.26157729325142, 79.36173479727016, 70.99563062394732, 64.48372376239489, 35.83955179403773, 39.522895648388015, 47.81568385038376, 46.00058106029205, 54.43316581677083, 63.89365819747476, 69.81756966213597, 70.94887165582146, 69.89474475982514, 62.07833192839735, 53.140341385201914, 51.60544062060248, 67.38191538119617, 63.884625727605204, 67.19569178050594, 72.80952001010965, 78.03858401655779, 83.72670027373982, 92.63771926961253, 95.41972770363867, 94.0245473172059, 89.99650786428876, 85.40668331809684, 77.22986186316277, 68.57228721212442, 70.26479170927381, 75.39171849292572, 80.82568667558141, 90.46863063289645, 86.72291256555985, 81.76287504499261, 77.11572265255268, 42.33946961803, 49.07186678082599, 61.163150851148906, 71.61086540654065, 85.14414140727098, 101.7992737763986, 111.76767581300685, 117.9925880251332, 134.49833656755214, 131.24306390289345, 127.19469129303505, 119.90009620423382, 117.81151817689134, 113.4162734134664, 109.88298529831222], [25.682680484301695, 19.698733641590266, 10.944459684883583, 0.0, 9.859485057653977, 17.405088111710413, 24.35392773895474, 65.22631270610192, 72.95837352662868, 82.29470151848923, 89.87818998018493, 95.51668714284254, 88.68374174278294, 81.78491714508617, 72.35828859797884, 42.67698523435765, 39.6901905827546, 35.11109688167902, 29.07126537539111, 25.10694510293757, 21.60106875184487, 24.239428353557702, 28.960495698404284, 33.73781913032133, 38.910026722412425, 74.61255780054745, 81.75411393161895, 88.31410833735143, 96.33353931576971, 101.60107486014392, 100.4787316378232, 94.77875526599472, 87.34198079942833, 79.12700485372234, 72.99824724551269, 44.70183400502914, 46.77043593669217, 53.45299733140275, 48.204892062058335, 56.55827294704177, 67.14684811519302, 73.70601039489402, 74.64413879109851, 73.92019191040747, 68.25129154314573, 60.39188084907826, 59.87715616776344, 64.09481009637088, 62.984196043030195, 68.18492725229002, 74.40805946024393, 80.07485264188986, 85.55835138668552, 93.52111473460822, 95.5066280609729, 93.5680412196101, 89.06330895574014, 83.5416027549234, 74.37434241038078, 65.77463374078651, 70.32048488453825, 76.41047586476486, 82.05941845121002, 90.86672100480268, 86.7663492362208, 81.2927895172402, 75.71242769057724, 37.810675519505516, 39.254066987637714, 50.69566952853091, 61.85801327262082, 75.94859999624069, 93.24329856091, 104.45499650893949, 114.32848614982419, 131.04173679315295, 129.81094913186902, 126.62761887259768, 120.30188080487248, 119.22010905619882, 116.46264984586615, 114.59952341384152], [18.663266928539525, 13.46591527323583, 8.488527687481028, 9.859485057653977, 0.0, 8.0355900561988, 15.993832497792173, 57.796939083039376, 65.68601515770209, 75.0768089418654, 82.88110228265856, 88.89412394754181, 81.42387111766388, 74.28779826483434, 64.89767168981238, 36.22030458180962, 34.717982056540755, 31.875063667097074, 29.67805873411046, 30.548072631742006, 26.54593512307018, 24.48073574554942, 25.265941234554255, 27.901298988835016, 31.910345593541212, 67.41243868765137, 74.80745907874122, 81.67175465419297, 90.2074645638134, 95.67736299338222, 94.31904874129033, 88.25610351183961, 80.44323721875924, 71.95422608465532, 65.64833669259033, 36.35238260765752, 37.26933347836792, 43.677391561840174, 39.448740781732134, 47.86999564273552, 58.014814631550756, 64.45179881685073, 65.68411462421572, 65.24389770956479, 58.6470360873693, 51.34253082116575, 51.79725536678268, 59.01055645434898, 56.04278198376798, 60.10463395956054, 66.06932506120992, 71.65205086016194, 77.44962092459994, 86.24942675932935, 88.42645381578151, 86.56830643958905, 82.2842544665062, 77.36184862393645, 68.95153387710532, 60.298801094083686, 62.806009208113714, 68.38863260239926, 74.07443711312293, 83.76695613865003, 79.54530421650819, 74.244643757533, 69.21910582712655, 46.731652769956014, 48.028812878048164, 56.30829714142594, 65.21708624050376, 77.97428213676051, 94.31262932718806, 103.83291654611334, 109.78839422298623, 127.35139429537203, 125.15213601521667, 121.75776089922962, 115.44301839021931, 114.27687853726313, 111.69601574766851, 110.12635611082243], [12.879376468444114, 10.530216304575466, 12.335454670498411, 17.405088111710413, 8.0355900561988, 0.0, 8.399250967973156, 50.19375810413826, 58.11072774416422, 67.5012223613101, 75.39950269868353, 81.64280479781205, 73.88691536108144, 66.65478980243616, 57.292174876016084, 30.811988077331556, 31.015846760166795, 30.073071453390874, 31.249240551294317, 35.10689735237698, 31.158833895304074, 26.348720988140016, 23.569831686537647, 23.532838767503144, 25.91990978316803, 60.083006421004875, 67.54232750425628, 74.48445698798918, 83.18958572111633, 88.69779289846196, 87.20986526936395, 81.00683638240453, 73.06424657425711, 64.48268759729582, 58.17500085905715, 28.753934872878528, 29.38306969222625, 36.69896644276863, 33.97109933174199, 42.44339616551307, 52.05360495874526, 57.83139946780532, 58.79855847509417, 57.99694017075592, 51.02446811837305, 43.31071644793106, 44.02363975505832, 57.24204879537124, 52.67014228222576, 55.33885731729562, 60.691324524834435, 65.74510161894406, 71.39689062809744, 80.50583532035573, 83.290833826322, 82.05530666183978, 78.279866684489, 74.22288620386064, 66.63872698802318, 58.0018855594613, 58.48784307109586, 63.305412133497285, 68.5495697800217, 78.35495910826602, 74.60757787250225, 69.86340010610449, 65.66990211505421, 52.572713786188785, 54.324095866469264, 61.27119226049715, 68.86929566260908, 80.87589492093498, 96.23802376597705, 104.39076971586132, 107.35488093724376, 124.21854714072666, 120.62094228613701, 116.74414331981214, 110.0253419777191, 108.48565374628946, 105.58389988697488, 103.96568245054722], [9.681526490304615, 12.63890119209281, 18.524089505195363, 24.35392773895474, 15.993832497792173, 8.399250967973156, 0.0, 41.856608558378255, 49.79107362644266, 59.17760519043846, 67.02486616835846, 73.29113281196102, 65.5889106528936, 58.39067764476095, 48.99625488563016, 27.091390992664255, 29.274420142447966, 30.26672772145461, 34.040429307113875, 39.48366902039629, 35.87140211633984, 29.790988313140637, 24.430425345608253, 21.510763371077584, 21.58394726153652, 52.52950681641378, 59.8619399121016, 66.63856426124303, 75.13355788122807, 80.44279281394135, 78.87614325955415, 72.8185039685831, 65.00737994169778, 56.49520502289089, 50.40560476702267, 22.01750428760739, 23.468093907296794, 32.89878733968129, 31.774003268754868, 40.04950547288239, 49.02404259417573, 53.54721484719391, 53.57352288389207, 51.690334292276304, 45.31290557130843, 36.13504114263846, 36.33558728595906, 57.693105384187824, 52.07246243518555, 53.32260061846876, 57.71894385316871, 61.778684521781884, 66.74500315180657, 75.51997997123807, 79.27996485836759, 79.17289481125592, 76.16141482776369, 73.15708291733503, 66.3885606469606, 57.85461519912427, 56.65840864866699, 60.52191257492517, 64.814099954151, 73.8353176700327, 71.15295292989133, 67.32594423885689, 64.16775855763835, 56.72329875100126, 58.8760420359095, 65.22696438468402, 72.0411223767118, 83.70556955677074, 98.06972733062591, 105.10914633223062, 105.97580209969303, 120.75403378236143, 115.42280667586684, 110.84401234921773, 103.37717173335317, 101.24644791490772, 97.67966156149056, 95.86689207990152], [43.10051712597557, 50.35105420057547, 58.83985304005458, 65.22631270610192, 57.796939083039376, 50.19375810413826, 41.856608558378255, 0.0, 9.058754843554714, 17.843488007096983, 25.34076261734506, 32.58842191258113, 24.290736728301198, 17.162596574790367, 7.919127637245974, 41.504989088969026, 49.3470732586505, 55.863715733063735, 65.56770473697789, 74.35088699654203, 71.85462287566456, 63.71536321734834, 54.261263256448586, 45.926880226824906, 38.80513182239826, 23.726456343697386, 27.800549511259632, 32.07241069136882, 38.409861693693884, 41.77858802947759, 39.082802072510695, 34.16208382223909, 27.75553844578076, 20.917579516010285, 19.43347573235758, 28.141182199140072, 30.03734016044432, 39.25395256278035, 46.138332453628806, 48.87384817819317, 50.38724458309293, 46.34080830903276, 40.939733365295425, 32.37438541534915, 32.433385673512994, 19.0519663215676, 15.576235465201275, 73.6035412457756, 64.43298882100686, 58.65161974691312, 56.94346620775158, 54.48504077618913, 54.474597104186174, 60.19725752921357, 69.05287039852094, 74.92074694181012, 76.33359593893239, 79.07019561622403, 77.53034186491243, 71.30532583626396, 62.204436552691405, 60.10782024983249, 58.38079503344093, 61.80478374862608, 65.40408590131126, 67.17542940164144, 69.90683116323439, 89.82676954648068, 92.72316612701488, 95.92321983621471, 98.87123750660199, 107.6731456038419, 116.77647326974275, 117.98590182564594, 107.24825730140267, 111.49761312129652, 96.57906920062786, 88.10335623324272, 76.6254455228335, 70.62354873341755, 62.72302429482517, 59.92462081458868], [49.94833576812198, 57.27099988744364, 66.05626874148315, 72.95837352662868, 65.68601515770209, 58.11072774416422, 49.79107362644266, 9.058754843554714, 0.0, 9.401334868479795, 17.941956783904786, 27.100093279941674, 19.280961560700465, 13.258349644036167, 8.487843689911413, 45.582314372072524, 53.451779930393194, 60.4013547962096, 70.73242456445261, 80.16147519965996, 77.91079900883273, 69.4128352025619, 59.65649810658112, 51.15077070771244, 43.85128249074777, 18.76019461473665, 20.685508290113734, 23.77022464337544, 29.71502408392315, 33.4247618243706, 30.869268933297267, 25.227649933506214, 18.951692359173997, 13.225350558413904, 14.629314397360014, 34.005055710029794, 37.16897576184861, 46.2453102729058, 54.49827970321265, 56.75102890822963, 57.06273942494508, 52.012346301983776, 46.44634139820303, 37.561771230935285, 37.27529341372779, 24.602614678920002, 18.83003046240324, 82.07576253909288, 72.55429459707925, 66.02827017027137, 63.62990896141621, 60.37478697173432, 59.70234037170601, 64.82235021417048, 74.33572645921495, 80.97010357460033, 82.9870322946953, 86.4291991324056, 85.5445824236681, 79.62726336496468, 69.69976572316467, 66.85155320049606, 64.4346000053448, 67.05954687629934, 71.53090638658793, 74.03765569101355, 77.45491904800153, 95.82841237488499, 100.26306382166078, 104.31093001160933, 107.47609675664559, 116.30999713354329, 125.05330632136199, 125.81133310435227, 113.77340630340278, 116.10966731924394, 99.26065704139286, 89.8469347445969, 77.21016773804372, 69.75686375259903, 59.223460137194564, 53.99357370096932], [59.27878840626882, 66.60333280304278, 75.41408466527479, 82.29470151848923, 75.0768089418654, 67.5012223613101, 59.17760519043846, 17.843488007096983, 9.401334868479795, 0.0, 9.256611699272526, 19.988671815254907, 13.121261358909475, 10.480670853427846, 13.391341143753786, 53.98466925984456, 61.82866245742213, 68.94549590271424, 79.48279296343422, 89.03766584449721, 86.91015611564735, 78.37890213593128, 68.55810650000701, 60.019059634530855, 52.67331516322574, 21.790726399534872, 20.27698039391413, 20.30167256958803, 23.65609346453913, 25.938585753917536, 22.78518560091012, 18.028426796386142, 14.169299461181913, 13.25446350151001, 18.632027199546297, 43.00573545505655, 45.75007819839963, 53.68904260977178, 62.205946924257404, 63.63550774526781, 62.77654184756801, 56.549453386487954, 50.42870055915541, 41.186814322482164, 42.50308509016752, 32.03741601906331, 27.148136426985776, 88.73396297545118, 79.06288634454393, 71.80175389124359, 68.4959803524418, 64.17275930764214, 62.41608011019767, 66.3721841249578, 76.55941920630165, 84.19009058089566, 87.01263756413144, 91.37871228572321, 91.38969112231787, 86.01764657452438, 75.30867868926615, 71.5794760024926, 68.12368893634286, 69.29628350558778, 74.92108646110268, 78.41714452707531, 82.72723861743846, 104.32338313789647, 108.79056751480394, 112.43063888386835, 115.07359360341317, 123.4134281363113, 131.24531796062502, 131.02463251088915, 117.06872244771289, 117.03606487712747, 98.19110579324601, 87.94312243254244, 74.46690534326444, 65.87985879285628, 53.730667085254794, 47.739911057052375], [67.62164156875292, 74.92291981384878, 83.50111451900929, 89.87818998018493, 82.88110228265856, 75.39950269868353, 67.02486616835846, 25.34076261734506, 17.941956783904786, 9.256611699272526, 0.0, 11.486952794173526, 8.459282388828617, 12.132950882755479, 19.1964306633936, 63.05357435857035, 70.7908344231718, 77.75520624741017, 87.96706411728435, 97.00480347635893, 94.96917143827602, 86.84923761505053, 77.27917759637174, 68.87256266916634, 61.63620967763817, 30.134176180216528, 26.984014406123546, 24.379154198200197, 23.16097126293899, 21.38379548694583, 16.929018680792662, 16.98526940229171, 18.273477076722674, 21.10707066022436, 27.44136888259924, 51.903579171360434, 54.009489634522325, 61.01784282654746, 68.55005469075665, 69.36356781516457, 68.08641520604057, 61.067244465583585, 54.11642827333355, 44.45715714690341, 48.743234302201465, 40.03591580588476, 36.26115843579067, 92.97906857073632, 83.76060908765425, 76.32239086432766, 72.32231645028156, 67.04848340905046, 63.95794214029687, 66.02252124629426, 76.80941380755857, 85.5271946226085, 89.11182565639461, 94.22079266216565, 94.86693698481236, 90.0280886955257, 79.32517473801603, 75.04868720488038, 70.50290424357522, 69.49803136834223, 76.44923967391829, 80.90138855953408, 85.90554433643904, 111.10448159066479, 114.55439679999266, 117.2150361854463, 119.11830951327237, 126.88301722221253, 133.60395894660076, 132.4464964962964, 117.42955346120917, 114.27782147056162, 93.67537181870095, 82.67276646964716, 68.39603181404912, 58.869482606238606, 45.7388939206748, 40.71448265325238], [74.90397170738987, 82.08455513451908, 90.13709555935408, 95.51668714284254, 88.89412394754181, 81.64280479781205, 73.29113281196102, 32.58842191258113, 27.100093279941674, 19.988671815254907, 11.486952794173526, 0.0, 10.786392535661449, 17.865932717531262, 25.60200345873793, 72.40184746373983, 79.99091402373233, 86.54878245512703, 95.98241559190173, 103.92403298893872, 101.9281524653146, 94.61819199079629, 85.58311317358896, 77.46272845009182, 70.46987911871537, 41.32757917603471, 38.165744078123566, 34.77785894888817, 30.584183239575463, 24.46154832244488, 19.26209820270232, 25.18136328256189, 29.071130239404283, 32.36021927327939, 38.46333150043284, 60.48519264129229, 61.587269837755834, 67.5907310972658, 73.02300442523699, 73.30150056296168, 72.21283334176479, 64.77133527509905, 56.798160466164155, 46.78686473696046, 55.121820803559324, 48.024210420499806, 45.72683492030869, 94.04222017638953, 85.89707121225818, 78.81217160423753, 74.30555682474258, 68.20199949108331, 63.53038513066415, 62.89325509208532, 74.16025213541789, 84.04160948503056, 88.35052491397083, 94.03503600980964, 95.11802184833955, 90.88394960363078, 80.95452602457117, 76.43722564750583, 70.74744478912882, 66.77500719113519, 75.23227141680113, 80.62120475201985, 86.14152077954067, 116.10799367605419, 117.3356964002795, 118.22973367879027, 119.02051816312857, 125.97490649302657, 131.2637124488318, 129.10449826079466, 113.78297047156596, 106.7519153357491, 84.65487012291715, 72.9854996294358, 57.936962253984575, 47.73575659524634, 34.92735722104524, 34.63300278102767], [67.35917767908373, 74.58654769074272, 82.89822504215017, 88.68374174278294, 81.42387111766388, 73.88691536108144, 65.5889106528936, 24.290736728301198, 19.280961560700465, 13.121261358909475, 8.459282388828617, 10.786392535661449, 0.0, 7.668203899059737, 16.70092836325256, 64.60609391635818, 72.56684254072992, 79.41291148026667, 89.35695040462893, 97.96149216412825, 95.66740934131012, 87.75516056638375, 78.27606124075481, 69.84495438683238, 62.54767839647653, 34.67841187320966, 33.035301034181735, 31.799150131253384, 31.60849488530765, 29.234858943603626, 24.389760481196138, 25.371293631261317, 25.474347065482974, 26.251500059120314, 31.29488927462652, 51.824158378226294, 51.93067240003262, 57.353304657274464, 63.758145383437636, 63.882953792157466, 62.32861166542057, 54.92564967982628, 47.40715213900635, 37.57090464355753, 44.46717354322439, 37.83831707157929, 36.8509620962988, 86.52424143537435, 77.42507921293036, 69.82914450868931, 65.43361428623925, 59.71476896245595, 56.06514237556254, 57.647624476486364, 68.51109880769381, 77.47043610511601, 81.30546797502281, 86.74429964075145, 87.83192891941506, 83.39860809317142, 72.5011522293385, 67.92647545565174, 62.88165773438888, 61.22227170649026, 68.48100171868798, 73.28677608511381, 78.64780131880657, 111.8066772641042, 113.10432541847013, 113.84460648040022, 114.58180993829178, 121.44693973213236, 127.44084415035094, 125.48902429534249, 109.26434048528219, 106.56798748050035, 86.39051517231222, 75.84432992977703, 62.519980061696906, 54.23285913254041, 44.79883906790501, 44.71090346818256], [60.179958695832255, 67.40291724118198, 75.79977560320894, 81.78491714508617, 74.28779826483434, 66.65478980243616, 58.39067764476095, 17.162596574790367, 13.258349644036167, 10.480670853427846, 12.132950882755479, 17.865932717531262, 7.668203899059737, 0.0, 9.46953871572111, 57.605043561279025, 65.6672556739433, 72.536091351833, 82.57445039206962, 91.38731574052134, 88.9568039372015, 80.83601011960252, 71.23997604688701, 62.739633170836655, 55.38098043398859, 30.006670515034518, 30.00752606105685, 30.687371185496797, 33.22383846502753, 33.172686380604475, 28.934903438467074, 27.193349610810248, 24.468566300073284, 22.58732615533669, 26.158480781806674, 44.381439315214195, 44.269816612174274, 50.03337034461167, 56.86692129181271, 57.37709512257021, 56.21261006952346, 49.38472470148961, 42.31934016996292, 32.566785077043235, 37.840662904981144, 30.262430970188202, 29.65772310683536, 81.12403937259576, 71.66848325714044, 64.20603654911966, 60.337497783318476, 55.35695212168679, 52.78496667972161, 56.02327706227697, 66.37205675679863, 74.41437502657189, 77.60625078787643, 82.43560599205092, 83.00833475184577, 78.15402973678958, 67.23536906699454, 63.10085480037846, 58.90730663234877, 59.078605361257274, 65.20597640125347, 69.21978263455063, 74.0277278591563, 106.00931549469475, 107.53590012051282, 108.61596325745197, 109.71666214420326, 116.90448346650385, 123.7122007288414, 122.44071916237895, 107.04328910073349, 107.14206636387685, 88.6895020609388, 78.93713788958581, 66.51675300933489, 59.289579627870346, 51.05526122124711, 50.45694948917665], [50.79133525440792, 57.99676973935512, 66.34383254644061, 72.35828859797884, 64.89767168981238, 57.292174876016084, 48.99625488563016, 7.919127637245974, 8.487843689911413, 13.391341143753786, 19.1964306633936, 25.60200345873793, 16.70092836325256, 9.46953871572111, 0.0, 49.17613413697725, 57.12298564189752, 63.74277037754026, 73.48004356465587, 82.1052585609474, 79.6146402671118, 71.60076939288751, 62.15990167207603, 53.78844232809337, 46.58488853914878, 26.6632413616737, 28.90921847900813, 31.615971056990265, 36.281811195397594, 38.024094346188086, 34.56804200066219, 31.128084283809706, 26.20955766919547, 21.32354865702616, 22.353426055235964, 35.611619292260905, 36.03632643881671, 43.26797720340015, 49.80702973061899, 51.39027303352098, 51.702252436530934, 46.26487347695188, 39.82557036202372, 30.359973981459948, 33.6333663096549, 23.27963544589844, 22.03433943679095, 75.51555444263181, 66.2595258292639, 59.6915341302021, 56.92334468924764, 53.221861870551635, 51.944238870180094, 56.49377709393476, 66.09425539220982, 73.02263425639836, 75.2718572589983, 78.99762766169518, 78.43857622162398, 72.86317805458003, 62.93057964321328, 59.87211035144322, 56.91392153702617, 58.733875142661155, 63.561344209780934, 66.40799371053251, 70.1375623398681, 96.965483821409, 98.76984641514069, 100.62305076344609, 102.51640069920175, 110.46028700785995, 118.39757984658486, 118.38194171982782, 105.49740755058063, 107.86432071242699, 91.46697614549704, 82.4922984800016, 70.69554498797274, 64.34856900334532, 56.743392144324666, 55.4307772454216], [18.95786647201425, 23.147191552673103, 32.063629939759764, 42.67698523435765, 36.22030458180962, 30.811988077331556, 27.091390992664255, 41.504989088969026, 45.582314372072524, 53.98466925984456, 63.05357435857035, 72.40184746373983, 64.60609391635818, 57.605043561279025, 49.17613413697725, 0.0, 8.59350119772477, 16.508017442708592, 29.165756117761273, 42.42173761052173, 39.925128399403654, 28.579080760749783, 17.449687764794135, 9.219702718896365, 5.721360746411992, 38.12608873910682, 45.510659287984105, 53.091558602530974, 63.55831454086482, 71.94549007274846, 71.77208151819605, 62.77441190855448, 53.82422932908837, 45.54331067108377, 38.2436451148458, 16.392801742006704, 27.873146392319235, 40.95529570694813, 49.88121098530238, 56.547890434583415, 61.14057933289132, 63.33133271392771, 63.862871399465064, 60.89869161485634, 48.41650293283196, 35.46012962837745, 28.61190445902932, 81.31795228190019, 72.6700156408899, 70.33363504694454, 73.00615689806799, 75.65909256658931, 80.60606217587065, 90.71381639372663, 96.14976031769265, 97.20540634967568, 95.23406120534501, 93.92050882077496, 89.01635656127935, 80.97746656614079, 75.27417786717427, 76.84170710083536, 80.32315771890333, 90.31562662397076, 88.7284878896636, 86.1847824656266, 84.85911655773143, 65.43907332920135, 78.20226491494958, 90.04535634037072, 98.56617168479741, 110.72771691692535, 125.11810712632413, 131.57080002376097, 128.40505227070562, 141.82016973523412, 132.40541955848363, 125.7719679526299, 115.67355970754689, 110.55208365230637, 101.33818439467288, 93.05541788577669], [19.89510085279381, 21.53727730803144, 28.904629622807796, 39.6901905827546, 34.717982056540755, 31.015846760166795, 29.274420142447966, 49.3470732586505, 53.451779930393194, 61.82866245742213, 70.7908344231718, 79.99091402373233, 72.56684254072992, 65.6672556739433, 57.12298564189752, 8.59350119772477, 0.0, 8.293513369016898, 21.465074901811406, 35.523335175308596, 33.31636970843085, 21.716109445571533, 11.386077890881522, 7.771885582592812, 11.83278347556943, 45.56929023206823, 52.61452668115626, 59.929915096500224, 70.0903450285221, 78.59076924972659, 78.72765948205145, 69.80369035456961, 61.110593593948344, 53.13603746989038, 45.98779766494225, 24.23854279454912, 34.91798711437872, 47.31862033710959, 54.920670084890276, 62.07509206718988, 67.44724426477248, 70.4438922574038, 71.31743389141988, 68.67664514287652, 56.28537472247828, 43.800237405001376, 37.03616736781112, 85.04409526964578, 77.25386226143641, 75.9479245695737, 79.2733610244492, 82.51488933110828, 87.75511820031394, 97.83062471329916, 102.87693221497854, 103.43131179113203, 101.00084158688522, 98.97244263672762, 93.34465007374953, 85.088733207615, 80.72352569577802, 82.98776605531874, 86.98821335467395, 97.15567100446017, 95.13355821600715, 92.05862190680259, 90.02882259323613, 59.50639263414247, 74.69522985941518, 88.66918149671486, 98.50284618184867, 111.43489495813421, 126.71172267132536, 134.3463222693193, 133.51018997524938, 147.48053399329802, 138.93345604696472, 132.5133584695742, 122.45454429658595, 117.40125839213306, 107.92119981574662, 98.99843316793152], [20.808794349880554, 19.731351939296253, 24.73117860933263, 35.11109688167902, 31.875063667097074, 30.073071453390874, 30.26672772145461, 55.863715733063735, 60.4013547962096, 68.94549590271424, 77.75520624741017, 86.54878245512703, 79.41291148026667, 72.536091351833, 63.74277037754026, 16.508017442708592, 8.293513369016898, 0.0, 13.284322554663222, 27.721576914255447, 25.686462075544362, 14.147787663678624, 6.63471071459133, 11.120976259522633, 18.205027206612435, 53.301605313147206, 60.19152520178907, 67.2671012740993, 76.99071046856963, 85.22991555359157, 85.45235058990872, 76.90298889729682, 68.49233926140174, 60.63738301352012, 53.646029092916294, 30.76993173920165, 40.53850976669389, 52.30330905749712, 58.04343882021915, 65.6669632521969, 72.02766566630325, 75.83798712088029, 76.88956902418767, 74.54056679192283, 62.774953398852674, 50.73389169633604, 44.47055768308647, 86.29205467345263, 79.60330806816712, 79.49536240764535, 83.4877177638003, 87.30505026031133, 92.74555640312629, 102.61573337526485, 107.20038532377752, 107.25688959121909, 104.35955840181411, 101.57378102082404, 95.16142273161427, 86.71909205608942, 83.95625890824724, 86.99370141963907, 91.45740291513454, 101.60140832320441, 99.15969456342393, 95.55004028191107, 92.77066251676926, 52.378197318937126, 69.0906016250819, 84.72311264952118, 95.67358146055312, 109.2636794735056, 125.30629011631967, 134.08771397852067, 135.82559357396133, 150.27833728936483, 142.8826485493971, 136.83971843012796, 127.05497601830363, 122.34339272192697, 113.18945437124086, 104.41646899924142], [26.095122614380433, 21.719448297898683, 21.22708160916752, 29.07126537539111, 29.67805873411046, 31.249240551294317, 34.040429307113875, 65.56770473697789, 70.73242456445261, 79.48279296343422, 87.96706411728435, 95.98241559190173, 89.35695040462893, 82.57445039206962, 73.48004356465587, 29.165756117761273, 21.465074901811406, 13.284322554663222, 0.0, 14.859320873452155, 13.358917693002416, 5.260536320541756, 12.950622626104852, 21.731066528557083, 29.520209172567746, 65.19986351194733, 71.88379630477435, 78.57022181775169, 87.52031959502145, 95.14763804562644, 95.4094251966473, 87.6111707391683, 79.69526765416093, 72.01143118130437, 65.31506821915505, 41.4146413238955, 49.94532162924097, 60.799930413041174, 63.513336051143035, 71.65863059952919, 79.4695757715112, 84.27681180669875, 85.34352897440723, 83.26001960891251, 72.92717914945148, 61.3992915106858, 55.78967446511952, 88.1067086880924, 83.39298466820797, 85.14628631441997, 90.00958865338613, 94.51887291246264, 100.03486936552575, 109.29362932133857, 113.22505578549064, 112.67603603797214, 109.16539708046925, 105.29464861243706, 97.71183257522063, 89.08821522848253, 88.96517129995792, 93.11294504018402, 98.0711648371509, 107.79122671579636, 104.90075274856248, 100.61233399584555, 96.76418469526723, 40.306964182604915, 59.25303889987648, 77.52838682587917, 90.23169112115627, 104.82459079766285, 121.89877346307067, 132.46485486856858, 138.49367076930037, 153.18438429219174, 147.59806169112215, 142.16599425284193, 132.85827344067624, 128.74581713987484, 120.29693396545659, 112.10265050201502], [34.094073744853574, 28.448311178861932, 23.087521905152332, 25.10694510293757, 30.548072631742006, 35.10689735237698, 39.48366902039629, 74.35088699654203, 80.16147519965996, 89.03766584449721, 97.00480347635893, 103.92403298893872, 97.96149216412825, 91.38731574052134, 82.1052585609474, 42.42173761052173, 35.523335175308596, 27.721576914255447, 14.859320873452155, 0.0, 4.272015437318781, 14.854887451595578, 25.644670686497804, 34.128552263561794, 41.622771088640526, 76.88156949921448, 83.34471042108254, 89.55674587024451, 97.5143976314854, 104.16971584173173, 104.33276745095601, 97.61377873817528, 90.34207245155939, 82.86168857444248, 76.59877795910538, 52.266215434897234, 59.59808448492824, 69.63155751323475, 69.02203114065934, 77.46566236346152, 86.7064070981744, 92.20839979613153, 92.92920693106167, 90.88379323188981, 82.74715503133896, 71.63214411141563, 66.70768582595332, 88.89643929624376, 86.58908373016149, 90.25754252200885, 95.79240086933363, 100.73639000840483, 105.98404823881084, 114.14556396915594, 117.48040267588307, 116.56143102766234, 112.5895481157389, 107.74559706988752, 99.03003562598064, 90.37110256881057, 93.18812991952481, 98.36046264424499, 103.50259115757984, 112.1832241488716, 109.13252663770048, 104.36823811419043, 99.55987459018718, 25.98974069889538, 46.597029216645524, 67.66255384935778, 82.17090441074325, 97.78539598459052, 115.63407488736475, 128.00738591654311, 138.89890215561599, 152.97762991445802, 149.31774846098227, 144.57904367813558, 135.88014902633472, 132.53466285863027, 125.19859468099894, 118.21027014936962], [30.72286747086401, 24.71953037826878, 19.013756347928805, 21.60106875184487, 26.54593512307018, 31.158833895304074, 35.87140211633984, 71.85462287566456, 77.91079900883273, 86.91015611564735, 94.96917143827602, 101.9281524653146, 95.66740934131012, 88.9568039372015, 79.6146402671118, 39.925128399403654, 33.31636970843085, 25.686462075544362, 13.358917693002416, 4.272015437318781, 0.0, 11.988657754496868, 22.835143043307916, 31.313522866784645, 38.80942533963815, 74.942020093738, 81.6164973970053, 88.02527947128803, 96.2346235965581, 102.89242968334086, 102.87555388984202, 96.07620420274753, 88.60687186545628, 80.91184684007449, 74.52397754132137, 49.20612293573687, 56.00102983113481, 65.69068915101288, 64.99297977951916, 73.41957200047969, 82.65094816041977, 88.29579248458158, 89.19602697845131, 87.40768706474154, 79.1099458443049, 68.41515585718486, 64.05171162917703, 85.09808534712627, 82.5747797891405, 86.20198241195503, 91.7975850666162, 96.85967093188201, 102.26987940871918, 110.66905018562414, 113.84705546987331, 112.7476948864942, 108.71148834054347, 103.85455598994483, 95.21438070018894, 86.56192954113749, 89.19012356949425, 94.3827293663233, 99.65775356992049, 108.65046760851814, 105.38048407347868, 100.51736873879803, 95.68807431026835, 28.763144875979687, 46.70346144126555, 66.36151777020346, 80.2636856842404, 95.53910193276134, 113.28952753556156, 125.30736755023396, 135.39106528873336, 150.18488266505773, 146.68558640104635, 142.1030456899254, 133.68878237443198, 130.5811261799241, 123.7664690502085, 117.3421530537966], [22.551528674505196, 17.310591761869063, 16.05401377960655, 24.239428353557702, 24.48073574554942, 26.348720988140016, 29.790988313140637, 63.71536321734834, 69.4128352025619, 78.37890213593128, 86.84923761505053, 94.61819199079629, 87.75516056638375, 80.83601011960252, 71.60076939288751, 28.579080760749783, 21.716109445571533, 14.147787663678624, 5.260536320541756, 14.854887451595578, 11.988657754496868, 0.0, 11.241628090753583, 20.18893970909986, 27.99782783973132, 65.01514562399831, 71.94746237232397, 78.77671509811206, 87.78906205910828, 95.12088352737196, 95.09011490345074, 87.4977356946482, 79.48851245323073, 71.54940548048805, 64.79931789839023, 39.234582806152, 46.76097496199181, 57.07407017026165, 58.95513486648831, 67.16812204266118, 75.30682213870915, 80.42992137496337, 81.60907751648135, 79.83464608928256, 69.84778334497898, 58.92688411370663, 54.28681838514364, 82.97521342601455, 78.46018519556806, 80.5333361920781, 85.59705533880532, 90.32503627870352, 95.9622735446009, 105.25329662713715, 108.88151220273987, 108.06774120100515, 104.40403210207518, 100.34554053957497, 92.64103373618416, 84.01767682468811, 84.23331115174796, 88.6077289517365, 93.74187610175925, 103.58572879070663, 100.42111531901195, 95.93543822014561, 91.88787583415348, 40.16092806198903, 56.50671830158556, 73.52263787233565, 85.75105682363038, 100.08389051166563, 117.10421750648072, 127.54095649049347, 133.53685356782125, 148.8711732779935, 143.87892806941144, 138.7944248704658, 129.9895598550762, 126.37040884488735, 118.90425342800846, 111.82655584610403], [15.389023415833186, 13.218817879277896, 18.345228329987854, 28.960495698404284, 25.265941234554255, 23.569831686537647, 24.430425345608253, 54.261263256448586, 59.65649810658112, 68.55810650000701, 77.27917759637174, 85.58311317358896, 78.27606124075481, 71.23997604688701, 62.15990167207603, 17.449687764794135, 11.386077890881522, 6.63471071459133, 12.950622626104852, 25.644670686497804, 22.835143043307916, 11.241628090753583, 0.0, 9.103360557637659, 17.003461210140188, 54.53498032627027, 61.694733092379096, 68.83371528801194, 78.4012443191328, 86.07743916594475, 85.93064291551737, 77.8555826509484, 69.46744440329385, 61.32017943998934, 54.34611455088182, 28.77020813449451, 37.26674893682304, 48.55427228263987, 52.82960472199588, 60.697391038988705, 67.7626864313622, 72.05747917124832, 73.13342688360912, 71.08312041873664, 60.10875776771816, 48.68556964588393, 43.71925041461715, 80.1403342462929, 73.93564091493043, 74.44074631076418, 78.77000934489725, 82.89892344675225, 88.43199576498365, 98.1787182765281, 102.38590446022197, 102.1393961063477, 99.01671638893217, 95.90086419489349, 89.1778621701236, 80.67689711899561, 78.65935689076571, 82.11055004074653, 86.79145873875578, 96.9111099156773, 94.17118011167979, 90.28190282946612, 87.15402292135036, 49.94906890258054, 64.20342879052399, 78.70254044489496, 89.2916820992352, 102.72405837227244, 118.76888501810988, 127.60733749283698, 129.93368782973735, 144.9179656027567, 138.39811813061186, 132.81355522819055, 123.63753480469899, 119.58111025867112, 111.69609534906756, 104.4059013211667], [12.200196735013536, 14.57801567442826, 23.029262033641505, 33.73781913032133, 27.901298988835016, 23.532838767503144, 21.510763371077584, 45.926880226824906, 51.15077070771244, 60.019059634530855, 68.87256266916634, 77.46272845009182, 69.84495438683238, 62.739633170836655, 53.78844232809337, 9.219702718896365, 7.771885582592812, 11.120976259522633, 21.731066528557083, 34.128552263561794, 31.313522866784645, 20.18893970909986, 9.103360557637659, 0.0, 7.90483682022374, 45.981843562636726, 53.34596590444699, 60.688981173138245, 70.57290222021884, 78.31632817779982, 77.98872247945971, 69.70626210804252, 61.08376694274102, 52.746406478379, 45.65507562778428, 19.99852902716085, 29.646589407111133, 42.014432424137034, 48.11242763118824, 55.569330630219525, 61.746166801674164, 65.15221719875953, 65.89204637048012, 63.42528640815438, 52.096305937337355, 40.01461300714164, 34.73624808232108, 77.60321318470847, 70.22413377998056, 69.4482223938379, 73.0461571575549, 76.51812650148646, 81.76463906613948, 91.6351537728471, 96.3864584051374, 96.75902308758869, 94.1727505007908, 91.9043788373598, 86.01294306926624, 77.68456781273645, 73.96269386096921, 76.59286453241053, 80.71181737618952, 90.7228370837376, 88.51116431615932, 85.23708237662927, 82.94066274722138, 57.275610862671776, 69.58946879638104, 82.02583608036446, 91.26394981265638, 103.94147293846005, 119.05193236703731, 126.577218679698, 126.14427369078176, 140.39619225466066, 132.6312257749293, 126.6497076841543, 117.19713797070212, 112.83954639080243, 104.78117351168, 97.62318952139539], [14.073246372793944, 19.256952001140807, 28.65613083298586, 38.910026722412425, 31.910345593541212, 25.91990978316803, 21.58394726153652, 38.80513182239826, 43.85128249074777, 52.67331516322574, 61.63620967763817, 70.46987911871537, 62.54767839647653, 55.38098043398859, 46.58488853914878, 5.721360746411992, 11.83278347556943, 18.205027206612435, 29.520209172567746, 41.622771088640526, 38.80942533963815, 27.99782783973132, 17.003461210140188, 7.90483682022374, 0.0, 38.80874067319949, 46.3779147666959, 53.90191772607466, 64.0504450912334, 71.78895902905086, 71.25662677924686, 62.82529280061617, 53.99440581814949, 45.46393477434189, 38.276204445046965, 12.611114141064542, 23.723810209898474, 37.08615141053517, 44.881671406392556, 51.7899138797862, 57.02509875479188, 59.48478497785058, 59.836658397923536, 56.92680903016759, 45.37546919642632, 32.56695615412537, 26.939385434692788, 75.9340643053865, 67.58395006104735, 65.61559466146934, 68.46490933992139, 71.25417652979478, 76.16595317456495, 86.08141667989932, 91.34101624450511, 92.31459698931724, 90.2521706333901, 88.7875515589067, 83.69473321078598, 75.59710455466686, 70.3504178579715, 72.1741531410278, 75.70137293469314, 85.51403397912054, 83.83770965652405, 81.17787881106455, 79.681578152442, 63.8462089924694, 74.57837088077922, 85.26972917884052, 93.32209222701206, 105.28490068338468, 119.5106303328945, 125.86415243631322, 123.01013097779628, 136.51418808207643, 127.6383574950413, 121.30961403616652, 111.63260503225756, 107.02059672954839, 98.86638863382228, 91.93190930275046], [49.366150686030174, 56.31290899946122, 65.75232403251015, 74.61255780054745, 67.41243868765137, 60.083006421004875, 52.52950681641378, 23.726456343697386, 18.76019461473665, 21.790726399534872, 30.134176180216528, 41.32757917603471, 34.67841187320966, 30.006670515034518, 26.6632413616737, 38.12608873910682, 45.56929023206823, 53.301605313147206, 65.19986351194733, 76.88156949921448, 74.942020093738, 65.01514562399831, 54.53498032627027, 45.981843562636726, 38.80874067319949, 0.0, 7.969168910350816, 16.07476548629662, 27.685123664513565, 36.79414399384899, 36.6090590866225, 26.09369265061137, 16.461661726068115, 9.122367378872934, 4.39304488100008, 32.33720092744822, 39.540844678440585, 50.40985377791802, 62.28918291914231, 65.37616185402773, 65.14555917175873, 61.149038669782584, 57.910559048222154, 50.91260366139616, 43.37785361429653, 29.441367801484567, 18.307882