{
	"dissimilarities": [[0.0, 7.414456156139167, 14.75183909058369, 23.4136543786642, 16.253211005658237, 9.675547765910824, 5.3453283726367085, 42.78444154761835, 50.00942894708864, 59.349742216792194, 66.53990300105174, 74.47715772185327, 66.84115189214994, 59.62458237676589, 51.24777576640825, 21.723274764663202, 20.918854766330803, 22.35008353910562, 27.47122101609262, 33.87986797836541, 30.06354024162507, 22.986294469837222, 16.840707634895008, 13.87734510594494, 16.613191920665606, 49.681311015826, 57.449867672117236, 63.975851989883544, 73.05111525362787, 78.89361960997286, 78.17577022584709, 71.19333978564688, 63.45762226513005, 54.9826295285653, 48.47955268835935, 21.306176209466962, 26.11648903503465, 34.80423724172139, 36.622628867851574, 45.17772487107235, 53.278027888180894, 57.55921265324617, 57.54658104183567, 55.51068574505196, 47.714838682200636, 37.48351513778569, 35.9115427738635, 62.891950177771314, 58.93727313448281, 61.172262589551394, 65.37883898817056, 67.95375061247414, 72.42975988881814, 78.47937291283338, 80.54059996871173, 80.82041669409044, 77.30461934193377, 73.59464364339101, 67.81995978631709, 63.3943721300643, 65.05033725443789, 68.57316705669463, 71.77762238808481, 77.01579718847006, 72.57068575388351, 69.33862566035326, 65.91699490481852, 55.87362006803266, 57.53331099000156, 67.49684295231259, 77.06925456555481, 84.38451523202579, 94.77008434789458, 104.8797575997016, 105.70392871364106, 119.1219892931492, 118.58825224946742, 112.92217991100202, 105.35110002964385, 102.81799760623181, 100.18693249760226, 98.01042789978632], [7.414456156139167, 0.0, 8.141193510665685, 18.035394399688112, 11.239274971295703, 7.586725887959046, 9.824204902336318, 50.06009465311308, 57.170174742505495, 66.50696569331076, 73.76488454730706, 81.849232532623, 74.14635608546098, 66.8923702987412, 58.52780178197453, 23.940290288556756, 20.827379494766134, 19.83104258819717, 22.57198228863183, 28.37570630203499, 24.111016476307466, 17.169627494935675, 13.37234597569869, 14.434028515746945, 19.83187473818401, 55.88174510473736, 63.65631868301836, 70.3937146528639, 79.69345964157863, 85.87868836013708, 85.2744128214892, 78.05140398554487, 70.12381387663561, 61.6229308430899, 54.91119095604995, 26.76615246298776, 30.984554815573727, 38.55343105229476, 39.709023324208275, 48.34600645948028, 56.76589469630168, 61.97407053450978, 62.80644426226736, 61.57753243102013, 52.884495271871984, 43.64001913981822, 42.28684019740834, 64.53297194088778, 61.19567657974198, 64.28353805639745, 69.1484293317546, 72.41489282790104, 77.49080277702583, 84.04283377381714, 85.29585347227598, 84.96937475187913, 80.79561538079379, 76.37965832565543, 70.09840816238031, 65.54523554677351, 68.00422431247424, 72.26672916757379, 76.12612114070713, 82.20207789920305, 76.89705949552146, 73.02088070791592, 68.85989950612534, 51.877690113373916, 54.47612181978393, 65.87521389372168, 76.31247058484603, 84.00054361202726, 95.32135588800354, 106.4457953213253, 108.82440584629786, 123.98020295965266, 124.53833452726379, 119.33037560449105, 112.11914305655283, 109.90436343763055, 107.42104986645943, 104.98820699968056], [14.75183909058369, 8.141193510665685, 0.0, 10.406417686925993, 5.442479406281388, 9.047552706923849, 15.208346139254258, 57.3987586586496, 64.74009893434895, 74.07809592872448, 81.23035260284186, 88.90506387195097, 81.38128672387649, 74.17477742763992, 65.80518718923709, 31.36513336044985, 27.12115939608703, 24.002955523622777, 22.294287465642224, 24.335810463165284, 19.5248608271032, 16.179335630334453, 17.591514886567953, 21.551591890383158, 27.704792159877687, 63.96994130053935, 71.70977455217417, 78.35923600086372, 87.42576604569994, 93.37418814148653, 92.71886519118928, 85.81784710921514, 78.04770293504708, 69.58725305066432, 62.95562711746917, 34.774234760689254, 37.79328433418523, 43.85331250000019, 42.510617975615574, 51.32563806411651, 60.570024086920235, 66.66684816878562, 67.82556999055858, 67.18960946956699, 59.196841723770774, 51.00946703399883, 50.2924656177138, 64.16161806339939, 62.11338106421422, 66.48731563423955, 72.08680413774889, 76.01414504968923, 81.43008954802225, 88.07973117493589, 88.54770832354936, 87.59002101656174, 82.74879329613869, 77.55939255235936, 70.5682721004925, 65.91138465289094, 69.70336489218425, 74.89648491790126, 79.33406054322106, 85.92466570442545, 80.02829214898203, 75.56650627375804, 70.4812698713002, 46.919902460881254, 48.22890917499988, 60.22629555854996, 71.43209261619556, 79.65663031918335, 91.99645002850124, 104.2601692538019, 109.34479154507146, 125.67032783930517, 127.6444637051916, 123.17015717552104, 116.53870949100494, 114.93407605734023, 113.2396045659823, 111.45928027417878], [23.4136543786642, 18.035394399688112, 10.406417686925993, 0.0, 9.116525170637939, 16.288784254082724, 22.655240339815823, 64.74891967502184, 72.3717936300459, 81.65452274336704, 88.53268127297599, 95.33817684737512, 88.35530702332316, 81.34520022071412, 73.01156852077179, 41.320360740397255, 36.71774060761346, 32.43980765032773, 26.899297253412517, 22.95053293476247, 18.45858660127072, 21.521881403521906, 26.54279840609407, 31.40743803187489, 37.67616650645183, 72.89136519012234, 80.47406032783506, 86.77079847496265, 95.15438875828241, 100.48606433398743, 99.73072094163929, 93.60650291449008, 86.30649935397416, 78.02694110847627, 71.70564798011165, 44.377377238044446, 46.72463660697569, 51.722967433521795, 47.242088880049735, 56.19395761398709, 66.423751096183, 73.0483531512327, 73.91256159185792, 73.40805403982296, 67.30606535861008, 59.66629274135866, 59.28839810146182, 64.2951442604629, 64.13164246920162, 69.95026369921193, 76.13967580848549, 80.4802061433986, 85.80816288407249, 91.9971032794772, 91.97814601425146, 90.55011610934234, 85.2256283360142, 79.38469509392434, 71.61677214696108, 66.93179989311334, 72.38087253029887, 78.45716279614157, 83.20198947759378, 89.73106495034989, 83.77676772817031, 78.98098085238315, 73.01847447663762, 40.431959007375, 38.410884156245054, 51.13064953687766, 63.57491334587218, 72.9467328115614, 86.5598080621804, 100.13784698432762, 109.2679140802343, 125.5267796586734, 128.84557176585886, 125.19358011072855, 119.14169089788336, 118.08380679346234, 117.27834837331244, 116.51953301489063], [16.253211005658237, 11.239274971295703, 5.442479406281388, 9.116525170637939, 0.0, 7.702044528694316, 14.825742126662695, 57.59822796403026, 65.29989212264768, 74.58828065172315, 81.59893065471019, 88.86262376673173, 81.32468802101154, 74.1432163062263, 65.82845455201206, 35.09273347304147, 31.610667520360035, 29.18045088214317, 27.60020049675018, 28.19813058064272, 23.372382053583927, 21.51354804147194, 22.671831943691913, 25.56280589808822, 30.883097733052963, 65.82982765895487, 73.66554438327657, 80.17361061228995, 89.06865690951507, 94.48257454301657, 93.5960180190463, 87.08409000318814, 79.51240486869888, 71.01099785405754, 64.55906184905785, 36.41215827248923, 37.79021806491044, 42.65699547385498, 39.2297907192838, 48.15069864595266, 57.973697162359834, 64.42234909022388, 65.52231579936915, 65.2163149835013, 58.32897277470855, 51.11914469635597, 51.56594186912193, 59.28017644023684, 57.77192320067978, 62.700077796079746, 68.57949502826668, 72.75307619967286, 78.2351161156932, 84.85157911150286, 84.91668790618952, 83.691691719983, 78.61959980695575, 73.18355489628492, 65.93910709250373, 61.26368957776278, 65.61110893564968, 71.1788654240065, 75.80326798044634, 82.53626904899863, 76.44661579036492, 71.78976148700087, 66.33871983845442, 48.55292403494242, 46.40817799938289, 56.12154184517795, 66.5801678739031, 74.4167090607477, 86.61533023693588, 98.89357884390179, 104.50404443959998, 121.3114961369158, 124.067557679475, 120.07247330250816, 113.96107532257479, 113.08401643221883, 112.57352530069213, 112.06903719909553], [9.675547765910824, 7.586725887959046, 9.047552706923849, 16.288784254082724, 7.702044528694316, 0.0, 7.362734310483634, 50.102847464391296, 57.80950577902531, 67.08656471883249, 74.13904816968812, 81.6151277681724, 73.86790066580062, 66.63102653755715, 58.32449548937764, 29.850801115315228, 27.828137447331557, 27.400982396948503, 29.212645098255805, 32.621036378408704, 28.055597756428398, 23.444496866458937, 20.921520580908187, 21.09579275802149, 25.012166534562994, 58.57301058911602, 66.4826496628908, 72.99231461573443, 82.02141822219974, 87.39527104234148, 86.44058130891821, 79.80626217794095, 72.1845375978383, 63.623933860867986, 57.1999609347909, 29.17212442160018, 30.510934069308806, 36.22764432405555, 34.2679746885987, 43.21501419607797, 52.56039534860615, 58.30603635830377, 59.04340598614599, 58.291328999305314, 51.22561681899467, 43.484553431000904, 44.05228638332487, 57.41167069223554, 54.681798102544114, 58.482864420975446, 63.743469685230856, 67.35734521059494, 72.54859913124042, 79.08944626907336, 79.79344965534183, 79.11079166706385, 74.62424237055372, 69.8885530972347, 63.275162771660845, 58.679898562714854, 61.828462490062584, 66.59589552507836, 70.7184955976977, 77.01553078767287, 71.42423293493053, 67.2744384194671, 62.62368925468226, 53.738252200932756, 52.024508769521184, 60.43399958063849, 69.77029554695453, 76.85870182492432, 87.87551407104898, 98.92297250585992, 101.8346755016367, 117.65796328298356, 119.28062948573469, 114.72774090446512, 108.24010921674248, 107.0749539365936, 106.32232060896597, 105.77126881564641], [5.3453283726367085, 9.824204902336318, 15.208346139254258, 22.655240339815823, 14.825742126662695, 7.362734310483634, 0.0, 42.79987074725507, 50.49983289502056, 59.78001211634204, 66.81446742917684, 74.3119187466864, 66.60423067692565, 59.38815360069216, 51.05900072697579, 26.280856260720924, 25.965316441958993, 27.40382245477435, 31.657156696295857, 36.6372219932769, 32.53465868346458, 26.675446233622296, 21.58386676165566, 18.901201761889666, 20.86573862431987, 51.75389991956704, 59.61199838599949, 65.96516489916318, 74.8524564913841, 80.08387534627228, 79.09557528788011, 72.54142828681641, 65.0324012543075, 56.51938493811876, 50.24775631141591, 23.27422724804884, 25.483721029939844, 32.73292692223867, 32.33973345095455, 41.153572050770734, 49.917121606191216, 54.5783162067663, 54.498494685320644, 52.82357562597223, 46.20243810026563, 37.19169298239243, 37.27516818810554, 57.732959900987254, 54.099346255798125, 56.756705485072814, 61.21898941494964, 64.0286165487091, 68.60126623127779, 74.67861572130562, 76.35297214500027, 76.39398841839426, 72.67366770540912, 68.77161897330649, 62.80455944721907, 58.35433923489754, 60.40561534060516, 64.24565922785419, 67.62690523666828, 73.0394939147211, 68.37857120067272, 64.96322668074284, 61.23576017999742, 57.35963287299004, 56.18115872495462, 64.02430760922212, 72.73529667596173, 79.55364314679292, 89.63420713324247, 99.60794695487438, 100.61658553281818, 114.54673023863921, 114.76308409374677, 109.55774656150894, 102.51464141824394, 100.7774247528707, 99.46475707934844, 98.71236301387813], [42.78444154761835, 50.06009465311308, 57.3987586586496, 64.74891967502184, 57.59822796403026, 50.102847464391296, 42.79987074725507, 0.0, 8.554899837603477, 17.261435466873113, 24.080065008363682, 32.49525079991599, 24.114884698046392, 16.92474825607202, 8.570601964983206, 41.36176403403315, 48.11508457413993, 55.031252535157975, 65.02702761884711, 73.44604809484919, 70.81615569714725, 62.892821480541315, 53.60047543418148, 45.28111350689907, 38.67548765068539, 21.337728111248417, 26.477862491121936, 29.84346629821256, 36.899867789907454, 39.888605612910226, 38.104851246328856, 32.34201950373164, 26.55405708527663, 19.585994965547446, 17.934500875478104, 28.757527632747486, 30.900702047670467, 38.411332604261275, 45.86317446778084, 48.86664260570728, 50.24420818867414, 46.22997874728658, 40.54713178231819, 32.130937413288954, 32.33378979696412, 19.373922398967483, 16.281368556261693, 72.06586177370757, 64.61716824859373, 60.297830053946605, 58.79257436675996, 55.783082030929634, 55.18823857750165, 57.0816239057906, 65.02558141661484, 69.69357976222871, 71.33417566684957, 72.99586633736234, 71.92503473547309, 69.27402277436593, 64.75205768113048, 62.17016411337146, 60.17323633660614, 58.760492180238415, 61.07652653012224, 62.983499351968284, 65.59350086196716, 91.20327391652215, 91.04237432147609, 94.90574561337439, 99.49586688221963, 103.69981882452099, 108.09556664956798, 111.4507553302605, 100.35167998704799, 102.84289310825685, 93.93070136316983, 84.48528281294345, 74.0914195238789, 68.58085407427923, 63.69667122231224, 62.321898631132285], [50.00942894708864, 57.170174742505495, 64.74009893434895, 72.3717936300459, 65.29989212264768, 57.80950577902531, 50.49983289502056, 8.554899837603477, 0.0, 9.342259217617386, 16.711116487858288, 26.67998183044773, 18.360078954316187, 11.881601564237416, 6.5109702986779165, 45.76384387357506, 52.84877798904987, 60.06342550826274, 70.57342250533551, 79.60883100662616, 77.25303511495225, 68.96618242536496, 59.38707139896812, 50.92838220994923, 43.96120895801181, 17.201074874462147, 20.113164913632712, 22.159886747419105, 28.87326522861829, 32.07179514070968, 30.41861174475979, 23.92836010112465, 18.352582031060642, 12.539761952324373, 13.911075512099162, 34.38456948163084, 37.356778999089116, 44.77121618470042, 53.570503483483854, 55.89454125949894, 56.01221074912225, 50.91478786195964, 45.07478048718012, 36.301967691566794, 36.32023678500603, 24.212963075090624, 19.30791520972254, 79.65065927978729, 71.819083072289, 66.71719586011926, 64.45667983497732, 60.72022925618632, 59.40136993244673, 60.582702142104665, 69.35608219478719, 74.63620760635325, 77.02682319631946, 79.38713702532945, 78.96909504984818, 76.55324957627629, 71.2665048293136, 67.86372074875955, 65.18566172084046, 62.814781306234536, 66.10224360666399, 68.69583522916874, 72.11080604278241, 97.34941084243664, 98.53384412973764, 103.02138791735055, 107.67842085601613, 111.86529860977247, 115.86739716687813, 118.57735041744401, 105.9156704795272, 106.55247475785359, 95.75212552882302, 85.36455386888204, 74.13955492459144, 67.18544018260214, 60.04880284086098, 56.71358125624571], [59.349742216792194, 66.50696569331076, 74.07809592872448, 81.65452274336704, 74.58828065172315, 67.08656471883249, 59.78001211634204, 17.261435466873113, 9.342259217617386, 0.0, 7.66063023782378, 19.0420151689165, 10.840750821769173, 7.428360214832478, 10.579173099496435, 54.36812394969373, 61.58355536235326, 68.91350428256906, 79.57645393269357, 88.71137265430666, 86.4564420642903, 78.14036588787751, 68.49341776633133, 59.99874806688303, 52.90453015674159, 21.174387507821375, 20.581413827343955, 19.472601510415448, 23.57023230541322, 24.8915848057465, 22.72511093080571, 17.103770632419536, 14.372397891937828, 13.398443136111931, 18.65288928789312, 43.26786420784564, 45.574276382234444, 51.91959876585749, 60.78636531157524, 62.15350058778106, 61.05538846025398, 54.70505551518939, 48.260325455206136, 39.09070339701685, 41.01877383240247, 31.33817116039538, 27.491057029062922, 85.5554713175528, 77.47895386194558, 71.51049089827794, 68.27753511843207, 63.586047337023125, 61.13917842622724, 61.12224018114737, 70.87835077980128, 76.91379552715148, 80.31026893339437, 83.62372660898959, 84.0774942816392, 82.05676730833379, 75.93186403658869, 71.52305754906983, 67.88898418394761, 64.06336197038985, 68.77504369612464, 72.32136435184016, 76.73190899793657, 105.97845472118595, 107.05719278294387, 110.86611764302437, 114.84777139920286, 118.54765583113233, 121.57964395767992, 123.09916325656995, 108.35883748773898, 106.51164640039106, 93.71472090202712, 82.45868658150816, 70.63383988234153, 62.67728152915017, 54.41336986963401, 50.878165405004665], [66.53990300105174, 73.76488454730706, 81.23035260284186, 88.53268127297599, 81.59893065471019, 74.13904816968812, 66.81446742917684, 24.080065008363682, 16.711116487858288, 7.66063023782378, 0.0, 12.221791930413398, 6.383293471616436, 9.646679526090312, 16.425794270965316, 61.93737765266505, 69.10534392044677, 76.34974695485292, 86.8298531053683, 95.69354977492759, 93.52123082098655, 85.45795149439188, 75.94179237772481, 67.50955100325825, 60.487949363748854, 27.7597218991947, 25.430841500003044, 22.024105102364587, 22.230906849756288, 20.254603469412032, 17.248179135544746, 15.043471112635574, 16.816289971143426, 19.36748761737477, 25.633269590200037, 50.88577662547642, 52.7953201909564, 58.46891771086389, 66.62846707807252, 67.49597600937385, 65.93689513450401, 58.891135025004886, 51.818205277207596, 42.36818217779343, 46.52035184149408, 38.31708124748492, 35.14228706108614, 89.87602889123353, 81.92386041601507, 75.57784676017916, 71.730348033225, 66.36680967824864, 62.911914783351634, 61.60551378691699, 72.17021686682746, 78.77586698314025, 82.93390737266049, 86.92017890137834, 87.908578982883, 86.18541092221433, 79.72622457992846, 74.71749326550527, 70.34998248007349, 65.17447224133954, 71.17449955808264, 75.44675131070694, 80.45941577405789, 112.08563600874767, 112.66173190535713, 115.72375300121891, 119.12817212032857, 122.53550617122734, 124.79918673258545, 125.38605646083633, 109.65134955941681, 105.15813870761437, 90.68345599249092, 78.75792512556245, 66.3987352258319, 57.5002529326589, 48.39694100609619, 45.432271894933116], [74.47715772185327, 81.849232532623, 88.90506387195097, 95.33817684737512, 88.86262376673173, 81.6151277681724, 74.3119187466864, 32.49525079991599, 26.67998183044773, 19.0420151689165, 12.221791930413398, 0.0, 10.841003410862896, 17.695445062807547, 24.698108822485192, 72.101097864584, 78.94413866959115, 85.75022105750591, 95.39159236063664, 103.17231967914388, 101.10574651702305, 93.9472586297119, 84.9910765390906, 76.84386491478575, 70.24239180164537, 39.3748888242372, 36.63729778149228, 32.00064686334787, 27.75231065487, 20.32399026863908, 16.176844318060336, 21.934803291950146, 27.340052205209723, 30.970894552382095, 37.19348984586305, 60.82003500347765, 62.258526103204105, 67.24195018625572, 73.0824254903962, 73.74204901037955, 72.54457515729513, 65.16801057391434, 56.956793705176075, 47.073667283952425, 55.28278032095962, 48.22874212119933, 45.89623553998788, 93.2790129359329, 86.1537432121318, 79.95530259291543, 75.65828310144661, 69.63583146331813, 64.72156670420404, 61.13629426806094, 72.7756244700053, 80.0148090808434, 85.0155189700907, 89.6525897009368, 90.97731987698592, 89.60433887377823, 83.40822340405289, 78.06341668441377, 72.844579393216, 65.60631860031523, 73.51752288139974, 78.61973862363192, 83.99112070297721, 117.35294464118456, 116.27401249210209, 117.78324009158328, 120.26769433290528, 123.44994899150791, 124.69660677784802, 124.11484814777181, 108.66703740657411, 99.40454278186145, 82.71445984610239, 70.00935002382802, 56.742484097848205, 46.2617861300809, 36.51200649572039, 37.16456501076037], [66.84115189214994, 74.14635608546098, 81.38128672387649, 88.35530702332316, 81.32468802101154, 73.86790066580062, 66.60423067692565, 24.114884698046392, 18.360078954316187, 10.840750821769173, 6.383293471616436, 10.841003410862896, 0.0, 7.553886740636306, 15.672071921956011, 64.03631517313508, 71.15205305595916, 78.33122399390334, 88.56707976101278, 96.96196041746113, 94.56399122321758, 86.77888435035453, 77.4034795403455, 68.98658258193079, 62.069151964452566, 31.934330525163876, 30.764268794841428, 28.123139918951743, 28.458282161362128, 25.17337411872252, 21.624461874011615, 21.31948469159257, 22.834777226151562, 24.03063177398909, 29.391523539362993, 51.92042038498721, 52.426953533034954, 57.01305558634601, 63.937729878065646, 64.34620639132842, 62.69268921833746, 55.357781175932665, 47.680927682037, 38.004698404907934, 44.61519370869607, 37.95422718482833, 36.791675746528576, 85.65887677061241, 77.84099168078968, 71.33489914150427, 67.18197885319742, 61.49918487920591, 57.5248779297857, 55.645675150072805, 66.48422382291137, 73.28874873111697, 77.75811426714513, 82.06253278349466, 83.34625987558725, 81.83369416020454, 75.22912111349537, 69.954205024402, 65.22771344947334, 59.427156636316134, 66.00593037871977, 70.62480749890334, 75.90780921526644, 113.06013997770717, 111.92751716915481, 113.42069322870479, 115.89867743385884, 118.67353534230851, 120.23315254115214, 120.18271004749062, 103.77711798452238, 98.90963344213075, 84.60204793270448, 72.8569894917096, 60.86273298887774, 53.01269989043639, 46.592797487889236, 47.22190829181664], [59.62458237676589, 66.8923702987412, 74.17477742763992, 81.34520022071412, 74.1432163062263, 66.63102653755715, 59.38815360069216, 16.92474825607202, 11.881601564237416, 7.428360214832478, 9.646679526090312, 17.695445062807547, 7.553886740636306, 0.0, 8.390197965650692, 57.00000602716432, 64.1250907554147, 71.3533583941038, 81.68773071690805, 90.22444159479932, 87.68772816499609, 79.72722160285495, 70.26926780377124, 61.80646758453233, 54.86271028469447, 26.914672916961706, 27.54326772219148, 26.86457027968964, 30.169419356986687, 29.45129298147122, 26.497528160240023, 23.34916736986163, 21.69997644788761, 20.03451246989282, 23.972838406852325, 44.51232912610718, 44.910078920968054, 49.84483875735685, 57.19363817953376, 58.00360494246938, 56.80039815460794, 50.07167019164979, 42.8359265251414, 33.24806509730226, 38.27622942690317, 30.580796232695754, 29.657642656782855, 80.27029636509866, 72.30903432467201, 66.12761494143983, 62.53864953631587, 57.47722538626503, 54.48071871006887, 53.93078310946052, 63.965048089926626, 70.21170130985651, 73.93654439027296, 77.60371227484525, 78.38779619512144, 76.59866211020909, 70.28036370430894, 65.5607568998411, 61.52722354749407, 57.063560724926035, 62.36801136375581, 66.29744940862471, 71.02245554076248, 107.11979084151794, 106.10081786993945, 108.00514991664879, 110.88053611709064, 113.82754879597267, 116.04628130238571, 116.84839778483934, 101.33190273776329, 99.2415165852186, 86.77940834445134, 75.809428867818, 64.48440595514946, 57.79920977931627, 52.451964953806645, 52.64333630534935], [51.24777576640825, 58.52780178197453, 65.80518718923709, 73.01156852077179, 65.82845455201206, 58.32449548937764, 51.05900072697579, 8.570601964983206, 6.5109702986779165, 10.579173099496435, 16.425794270965316, 24.698108822485192, 15.672071921956011, 8.390197965650692, 0.0, 49.343272403916785, 56.302548066929155, 63.38192560842753, 73.5286214075696, 81.95149627950308, 79.35462137741004, 71.45261137359319, 62.093060699898615, 53.701177770113844, 46.917935133408925, 23.304206375815525, 26.212960995653624, 27.626399469449957, 33.04618596656676, 34.29797131048629, 31.932261628113096, 27.29309481234178, 23.22187314561334, 18.467352379191606, 19.938566558166688, 36.68306740724048, 37.63289195828923, 43.59631789627019, 50.89652044738023, 52.67925963231672, 52.68698098884006, 47.157879354805715, 40.48292493003938, 31.177353847159093, 34.29302658073739, 24.213775413812733, 22.686848648217694, 75.41549866561364, 67.67554480775065, 62.33653311515194, 59.706697386586995, 55.580946150025, 53.714830789564495, 54.367586863173145, 63.45051999167024, 68.96453553919544, 71.69881163125042, 74.42654845481901, 74.33265923526619, 72.13584563463849, 66.6396394713512, 62.90921977359313, 59.81835313960467, 56.79919128086913, 60.69396174205829, 63.68363461665546, 67.42951037533547, 99.18521653978502, 98.3912400886632, 101.05954579402899, 104.66464403412839, 108.16574650911002, 111.37721501270289, 113.37337789685165, 99.96862402971927, 100.1443409441886, 89.4971225338775, 79.31054715891815, 68.46547478172111, 62.469259048334486, 57.54594910326406, 57.133051825409176], [21.723274764663202, 23.940290288556756, 31.36513336044985, 41.320360740397255, 35.09273347304147, 29.850801115315228, 26.280856260720924, 41.36176403403315, 45.76384387357506, 54.36812394969373, 61.93737765266505, 72.101097864584, 64.03631517313508, 57.00000602716432, 49.343272403916785, 0.0, 7.8005881849709295, 16.1790985962764, 29.12358658562273, 41.78195348732892, 39.390894368914616, 28.14239408058018, 17.448958571541116, 9.953977156433554, 5.771000474772464, 38.066996639482035, 45.36908480340984, 52.833418325618126, 63.48632987618844, 71.83986136233987, 71.99835724318388, 62.706360140998754, 53.78821294377144, 45.61848222969661, 38.32112237471229, 15.515893261966097, 26.92169432492283, 38.397022851094704, 48.828926273405955, 55.34653280221064, 59.7052936667766, 61.96413791707041, 62.65021045353029, 59.98515503153097, 47.07783496960888, 34.55021317761513, 28.134343017652444, 79.03136721856272, 72.68753992578614, 72.22520878419519, 74.88493553229505, 76.32245710938753, 80.54524632552146, 86.98666748109498, 90.21216569879586, 91.47121869630038, 89.05668560796798, 86.6323389636357, 82.43109237534763, 78.35279391647084, 77.24139564814159, 78.84486066893538, 81.17391491480294, 86.02071821244563, 82.16337557678975, 79.84952878111041, 78.293812456936, 66.90885546755146, 75.86618707061461, 88.81081440813034, 98.79120007715186, 105.78774742813778, 115.48663682890498, 124.49643005256564, 120.46248972489109, 133.20133194108584, 129.74571901960638, 122.30859078028374, 113.22022987535632, 108.50683110060571, 101.98953090366956, 95.13299390208356], [20.918854766330803, 20.827379494766134, 27.12115939608703, 36.71774060761346, 31.610667520360035, 27.828137447331557, 25.965316441958993, 48.11508457413993, 52.84877798904987, 61.58355536235326, 69.10534392044677, 78.94413866959115, 71.15205305595916, 64.1250907554147, 56.302548066929155, 7.8005881849709295, 0.0, 8.451049214395864, 21.617688014538, 34.754976306253425, 32.5336511760416, 21.026979735749354, 10.834290942957642, 7.06458286024143, 10.253232751135812, 45.46644286081511, 52.54780910316161, 59.85669056800328, 70.14378635024616, 78.49591380371155, 78.74991907584813, 69.71792902969163, 60.97938385127441, 52.95285253879601, 45.75823842429177, 22.06014218751586, 32.295078045637574, 42.983070480977105, 51.73014285996143, 58.84606559460384, 64.12840597747015, 67.32281966399604, 68.36389253743477, 66.11897438942675, 53.46496957781994, 41.581617473207096, 35.67239520807322, 80.76073011108346, 75.23060927976421, 75.79706555258755, 79.16034448504702, 81.20463997617014, 85.81223365983392, 92.42792582565052, 95.11673416574357, 95.89442609319273, 92.88742590001483, 89.77718908028827, 84.91255344608581, 80.64486787641617, 80.5627423561781, 82.97900542574924, 85.85482224003667, 91.21340273215525, 86.80489482300172, 83.94294967020717, 81.5840556501817, 60.687478689910016, 71.18393636772844, 85.84628205805329, 96.88398371859694, 104.60551900457591, 115.3201088038344, 125.39993089409609, 123.63235788755537, 137.22572968310973, 134.67594550953692, 127.65028685073977, 118.76849948979523, 114.194851364299, 107.72019487596747, 100.71481758330489], [22.35008353910562, 19.83104258819717, 24.002955523622777, 32.43980765032773, 29.18045088214317, 27.400982396948503, 27.40382245477435, 55.031252535157975, 60.06342550826274, 68.91350428256906, 76.34974695485292, 85.75022105750591, 78.33122399390334, 71.3533583941038, 63.38192560842753, 16.1790985962764, 8.451049214395864, 0.0, 13.318184104884157, 26.918746197986454, 25.070075756356424, 13.670686351897956, 6.588213277908588, 11.053704911045617, 17.572965712564542, 53.218637645795425, 60.08369985409438, 67.16048567180829, 76.94763575884954, 85.17279261183242, 85.50562537755337, 76.86643477466879, 68.3943639244769, 60.529024265820944, 53.48871094482003, 29.556855730349533, 38.98059731431171, 48.96970741456626, 55.750614188824464, 63.42208116862256, 69.65481960280768, 73.62118634510553, 74.78178407140271, 72.762910202293, 60.76530344472469, 49.23201809697677, 43.561982134887614, 83.14152256832196, 78.59253441089574, 80.22270620658523, 84.22600966514922, 86.77559960322435, 91.61329604990875, 98.21684784608182, 100.49669538215916, 100.86396059630196, 97.33929522369948, 93.59466490572596, 88.05859491954904, 83.6274268646375, 84.65539416181917, 87.85015284522304, 91.16895450429776, 96.83389719731152, 92.06812678244458, 88.75541104733165, 85.62716023222463, 53.430879446467294, 65.74640201749244, 82.40264596340454, 94.63882821188527, 103.24966728628443, 115.04163296137489, 126.23037284424643, 127.10042171510916, 141.1322268494533, 139.40869527101512, 132.7879043922826, 124.0773476976004, 119.57505494670733, 113.10449932198131, 106.01279528700445], [27.47122101609262, 22.57198228863183, 22.294287465642224, 26.899297253412517, 27.60020049675018, 29.212645098255805, 31.657156696295857, 65.02702761884711, 70.57342250533551, 79.57645393269357, 86.8298531053683, 95.39159236063664, 88.56707976101278, 81.68773071690805, 73.5286214075696, 29.12358658562273, 21.617688014538, 13.318184104884157, 0.0, 14.10408039347355, 13.30419200162449, 6.385863442083459, 13.542527562763825, 21.855264756959613, 29.4245935453472, 65.08837743522274, 71.75791338450453, 78.43382294162785, 87.38107149371177, 95.11197495065248, 95.44878867158522, 87.60808291573011, 79.62812766078774, 71.94333172041539, 65.179117911163, 40.993956487338, 49.34204886026289, 58.362906329567764, 61.94531093073869, 70.30300849800605, 77.94203948364006, 82.8608559865753, 83.93797525317657, 82.11656867282589, 71.6075689239951, 60.485365261494366, 55.2804079782785, 86.15937848873035, 83.2819570457723, 86.50272785437562, 91.35818335492013, 94.54010957434899, 99.53958983030898, 105.91213626124657, 107.66283067866401, 107.47708620133785, 103.27656215027345, 98.6726788923292, 92.17079443140354, 87.56330393359674, 90.3135775882864, 94.60614803913458, 98.45473329924401, 104.3448959930857, 99.25843621327822, 95.39646845980161, 91.18309814417572, 41.23116945655879, 56.02199664149449, 75.65554828782268, 89.66809382534956, 99.68763269925255, 113.0382481848777, 125.83297344676936, 131.04064891922684, 145.28321054620912, 144.85521952020008, 138.9458310148176, 130.59911256612864, 126.34427715943141, 120.2231285606563, 113.53396168350758], [33.87986797836541, 28.37570630203499, 24.335810463165284, 22.95053293476247, 28.19813058064272, 32.621036378408704, 36.6372219932769, 73.44604809484919, 79.60883100662616, 88.71137265430666, 95.69354977492759, 103.17231967914388, 96.96196041746113, 90.22444159479932, 81.95149627950308, 41.78195348732892, 34.754976306253425, 26.918746197986454, 14.10408039347355, 0.0, 5.07123972325446, 14.946314686053782, 25.206769569722116, 33.28904394587853, 40.953110664907946, 76.19396016768687, 82.81544499841293, 89.04219590038832, 97.08889227912975, 103.93213737884585, 104.10255340862413, 97.31120218886858, 89.92827770917305, 82.3522146571489, 75.93398019226457, 51.56202525745157, 58.683250013222896, 66.68911005357434, 66.76251585587417, 75.61504165519821, 84.62524353430432, 90.27483701782546, 90.98892265924741, 89.26764460739973, 80.89175924816516, 70.26817310161357, 65.84009032486263, 86.95733244800228, 85.95776838722253, 90.72989551822731, 96.29391436351766, 99.96067652818702, 104.90377058394611, 110.79013976068265, 112.06934049158033, 111.39459760322298, 106.65217698016568, 101.32679806343323, 93.94730041198831, 89.26450431775818, 93.76598427343215, 99.05342681474579, 103.26579115706703, 109.10585670875676, 103.94760960529781, 99.69405346120611, 94.49804775388658, 28.081725109948813, 43.72645110932391, 65.9491147007816, 81.54872473580495, 92.97038904717051, 107.6830177450152, 121.89921611169329, 131.74346176703182, 145.66624118470062, 146.66306003797393, 141.64733490211586, 133.8820088880257, 130.17274564446376, 125.03118690057937, 119.61574253183994], [30.06354024162507, 24.111016476307466, 19.5248608271032, 18.45858660127072, 23.372382053583927, 28.055597756428398, 32.53465868346458, 70.81615569714725, 77.25303511495225, 86.4564420642903, 93.52123082098655, 101.10574651702305, 94.56399122321758, 87.68772816499609, 79.35462137741004, 39.390894368914616, 32.5336511760416, 25.070075756356424, 13.30419200162449, 5.07123972325446, 0.0, 11.945029718077935, 22.309403162805882, 30.37653289477043, 38.103707038692775, 74.24530569121185, 81.15846367940183, 87.55001734064464, 95.91062164652406, 102.63874699922603, 102.64055414805115, 95.74953176844267, 88.209979085235, 80.3903571525392, 73.85220102921961, 48.36047953348567, 54.712110141074064, 62.25757870726532, 62.02745993789429, 70.84529814145226, 79.91078187560187, 85.76922368052351, 86.69603083698856, 85.30378139178346, 76.85029141322629, 66.79806783766844, 63.12287544688513, 82.20752023633543, 81.11032312193385, 85.92217925884404, 91.5815254458577, 95.4007013056682, 100.530675990049, 106.65688168233692, 107.640584434071, 106.81066402771499, 101.94615639164633, 96.54070560538094, 89.17129815993763, 84.48533048172432, 88.96396893416562, 94.33695828897342, 98.69164723752435, 104.81559987184343, 99.3724697756304, 94.9813122954169, 89.70198300303899, 31.44858770387118, 43.54946131108841, 63.984686077636695, 78.88322236631797, 89.72139462373477, 104.13178463618483, 118.13565237383996, 127.26176440991394, 142.01765588045365, 143.42317369739496, 138.60044687542975, 131.1364286702435, 127.94225205145608, 123.59047230677216, 118.94870069638144], [22.986294469837222, 17.169627494935675, 16.179335630334453, 21.521881403521906, 21.51354804147194, 23.444496866458937, 26.675446233622296, 62.892821480541315, 68.96618242536496, 78.14036588787751, 85.45795149439188, 93.9472586297119, 86.77888435035453, 79.72722160285495, 71.45261137359319, 28.14239408058018, 21.026979735749354, 13.670686351897956, 6.385863442083459, 14.946314686053782, 11.945029718077935, 0.0, 10.8580036690446, 19.513736904571076, 27.376477964885297, 64.5252035298127, 71.61837518758692, 78.43022504837414, 87.62283660693004, 94.98310005999667, 95.04295667613313, 87.29296924416097, 79.22186817395344, 71.20494442195854, 64.33753028184381, 38.304626494219534, 45.33392983050247, 53.60937874310548, 56.27881138881249, 64.69357027352149, 72.64548988674125, 77.97198626125501, 79.2680757904299, 77.90232268169484, 67.63861162116211, 57.37111238227889, 53.42311423221287, 79.98509865316561, 77.23369357539575, 80.72460135146176, 85.81375933264424, 89.27089311928457, 94.50858119206508, 101.11810399697855, 102.41053314585574, 101.94989836767891, 97.51126375131645, 92.70183256358153, 86.08864449766628, 81.46767987323838, 84.43316014590354, 88.98485475272216, 93.07406231988017, 99.32584053038767, 93.85784780710668, 89.75745914733018, 85.29068437311328, 42.529411131858396, 53.772327056745105, 71.57403762430798, 84.87468615468049, 94.33894080008963, 107.45114931405865, 120.14593879285803, 125.14448588729388, 140.36318993798042, 140.70106631056342, 135.20269602107174, 127.36006175142887, 123.89472992500403, 119.03546336689021, 113.67984764318126], [16.840707634895008, 13.37234597569869, 17.591514886567953, 26.54279840609407, 22.671831943691913, 20.921520580908187, 21.58386676165566, 53.60047543418148, 59.38707139896812, 68.49341776633133, 75.94179237772481, 84.9910765390906, 77.4034795403455, 70.26926780377124, 62.093060699898615, 17.448958571541116, 10.834290942957642, 6.588213277908588, 13.542527562763825, 25.206769569722116, 22.309403162805882, 10.8580036690446, 0.0, 8.84613968927809, 16.66110703191736, 54.27635482309354, 61.5568243686245, 68.61133917997935, 78.34236768198932, 85.9500399274642, 85.9714502531644, 77.72729853052564, 69.34887667041039, 61.17460375222825, 54.133511649262154, 27.925679618742514, 35.90480734766299, 45.22531081213781, 50.43135707646523, 58.40975673114524, 65.33658103258628, 69.81644162309344, 71.00126704404387, 69.32561422360033, 58.124259571895045, 47.31316693749872, 43.051127677477474, 77.02744824178554, 72.87495808003332, 75.01967886522084, 79.36605080972889, 82.22640989056782, 87.2348792986946, 93.91901902489299, 95.77888855229389, 95.85663031318977, 92.04733836581958, 88.01272771670833, 82.19992070471415, 77.71660086290373, 79.24108958898196, 82.84341507791613, 86.4169526902866, 92.33885478567855, 87.27790873640818, 83.70577013932282, 80.18059241034405, 51.77137174239667, 61.301933736352794, 76.6260355775251, 88.42840185163793, 96.78760518056896, 108.5367826741503, 119.81759234796169, 121.28953634066788, 135.93713532468425, 135.07581047497456, 128.95401020382957, 120.75895080982865, 117.0380302465398, 111.89473476504295, 106.32655813151379], [13.87734510594494, 14.434028515746945, 21.551591890383158, 31.40743803187489, 25.56280589808822, 21.09579275802149, 18.901201761889666, 45.28111350689907, 50.92838220994923, 59.99874806688303, 67.50955100325825, 76.84386491478575, 68.98658258193079, 61.80646758453233, 53.701177770113844, 9.953977156433554, 7.06458286024143, 11.053704911045617, 21.855264756959613, 33.28904394587853, 30.37653289477043, 19.513736904571076, 8.84613968927809, 0.0, 7.866157628512731, 45.83193361058495, 53.32517112394222, 60.48321819229773, 70.50600417374748, 78.0703485659852, 77.98401759943634, 69.54012819014586, 61.02431763025434, 52.69808045616828, 45.58679012173423, 19.216788601314057, 28.372053978791826, 38.818474683534106, 45.85233877981852, 53.40905855974963, 59.52962444636152, 63.10293032017148, 63.88629047500771, 61.73835409186115, 50.324787782593084, 38.78073938040043, 34.23422973591043, 74.33344177264966, 69.19230043363424, 70.21855901841992, 73.84812320728743, 76.07727164605488, 80.69991880616269, 87.21772486870661, 89.68797223009683, 90.30090899201122, 87.12179976680575, 83.82294334588418, 78.69727749537545, 74.37655470139627, 74.76206143934505, 77.50877889352499, 80.51199815308004, 85.9021452238287, 81.42118395098966, 78.42154237660176, 75.74548731022996, 58.62071679839487, 66.3973766633196, 79.6410128628514, 90.20152459878105, 97.74016566090795, 108.32196426305943, 118.38291893003294, 117.27451806203635, 130.94300527951705, 129.04862834326462, 122.44906531936263, 113.98789252947573, 110.0910905644727, 104.88491290946705, 99.48014753250591], [16.613191920665606, 19.83187473818401, 27.704792159877687, 37.67616650645183, 30.883097733052963, 25.012166534562994, 20.86573862431987, 38.67548765068539, 43.96120895801181, 52.90453015674159, 60.487949363748854, 70.24239180164537, 62.069151964452566, 54.86271028469447, 46.917935133408925, 5.771000474772464, 10.253232751135812, 17.572965712564542, 29.4245935453472, 40.953110664907946, 38.103707038692775, 27.376477964885297, 16.66110703191736, 7.866157628512731, 0.0, 38.42610952361054, 46.11422628228848, 53.432241064860754, 63.852766675068494, 71.50085057869869, 71.34970635072192, 62.56687548125681, 53.84192201267081, 45.38342962614511, 38.156360376179734, 12.011959456873175, 22.924335035734888, 34.452933063540016, 43.687495790227786, 50.53842689375484, 55.54815694440918, 58.094408143558624, 58.55847488377329, 55.96248547002541, 44.032248734776935, 31.697270917643902, 26.613715733028048, 73.63528988099317, 67.52380867962194, 67.35840786827944, 70.20441435206298, 71.77380301070536, 76.01569966587803, 82.40465008869897, 85.46357892345122, 86.60447053807515, 84.06862454694095, 81.52276815163893, 77.14995589371497, 73.03752337455452, 72.22473527439118, 74.0548484874016, 76.47301464644052, 81.35286701345511, 77.43381600925186, 75.02306305602647, 73.2513494216428, 65.56620415321272, 72.37562116190128, 84.04897090432335, 93.54175119050932, 100.31140585183648, 109.822238397104, 118.74550195327255, 115.08520305797698, 127.91270765594788, 124.98147240262625, 117.8846325310767, 109.14558333574178, 105.01954354385207, 99.60870494399956, 94.14898509704007], [49.681311015826, 55.88174510473736, 63.96994130053935, 72.89136519012234, 65.82982765895487, 58.57301058911602, 51.75389991956704, 21.337728111248417, 17.201074874462147, 21.174387507821375, 27.7597218991947, 39.3748888242372, 31.934330525163876, 26.914672916961706, 23.304206375815525, 38.066996639482035, 45.46644286081511, 53.218637645795425, 65.08837743522274, 76.19396016768687, 74.24530569121185, 64.5252035298127, 54.27635482309354, 45.83193361058495, 38.42610952361054, 0.0, 8.341461619491094, 15.872613307315717, 27.786172847959662, 36.3323633769404, 36.519432921908866, 25.75562377381955, 16.220761728677754, 8.613312445211017, 3.4721558130922077, 30.979830201920574, 37.56811045668359, 46.986827203631954, 59.807332325794114, 62.62176591475788, 62.16041469172027, 58.02844540191934, 54.68369322549355, 47.796050075869545, 40.347798210714494, 26.704684632526387, 16.121457164902125, 89.13494845408727, 80.65737256668478