{
	"dissimilarities": [[0.0, 7.371781773326036, 16.315647969040338, 25.211331356409026, 18.178638657027015, 12.053679283782401, 8.693260287737507, 43.085784932894924, 49.92868271241503, 59.27037250205402, 67.61649099815934, 74.74422519940312, 67.18515432672967, 59.97854155937501, 50.58491381511944, 19.349961879275007, 20.216691526590225, 20.924333751421212, 26.033842273326098, 33.78948797860571, 30.378522010489732, 22.419341790283983, 15.557955780525056, 12.532666506353705, 14.619137046267607, 49.16232061073523, 56.52674001577435, 63.46738940700123, 72.71288527031365, 78.73333458920915, 78.01072792111026, 70.91475411515962, 62.81538723543526, 54.367238793734636, 47.77806515663054, 19.888356709143896, 25.968405099393934, 37.33823431142172, 39.65437813404175, 47.792058834903166, 55.90163109323873, 59.711420029366735, 59.78175419940373, 57.38347443937174, 48.63286332008534, 37.7906098781559, 35.24385299290514, 67.06532302172077, 61.736782859378394, 61.18954714316863, 66.10947616983673, 69.05855720137131, 74.86923369062282, 83.29573445838608, 87.56575990954578, 85.89333831500336, 83.94311153536458, 80.19537664125748, 74.66187656559052, 67.3024435324128, 65.10010785552336, 68.97642537216893, 73.24486919988652, 80.81081427185421, 78.68379878221714, 75.0740672325565, 72.1997614500426, 53.33741122712075, 60.54101743374035, 70.47312951115047, 79.19661707532444, 90.2398728713474, 105.80485305690901, 113.68899092325645, 114.70263648028646, 128.67658172692617, 122.44802420052694, 116.53000679150979, 108.61082524823765, 105.71128305382315, 100.23655319907742, 95.94891068547588], [7.371781773326036, 0.0, 9.506537596416589, 19.695042201644227, 13.662202240205678, 10.566321333551475, 12.677518558176514, 50.4571054019992, 57.25246934819281, 66.55702002392484, 74.93755544274562, 82.0481169477108, 74.55102235759236, 67.3496010719631, 57.95325646551887, 22.74271693867472, 20.87629945614023, 18.790359976272963, 20.78457811612228, 27.670588053045673, 23.92672785236998, 16.39767570531104, 12.388249698656908, 14.019060367226112, 19.113995370869322, 55.81459806598865, 63.17907594935559, 70.17230217950399, 79.45360986064485, 85.69406321359651, 85.08274758846201, 77.91260524378619, 69.78321826376138, 61.370641628039785, 54.67154064912767, 26.4759604902798, 31.774243337015545, 41.789642126950234, 43.02074240506326, 51.37012481814296, 59.96043494107138, 64.66503294341594, 65.36994396448098, 63.64707946014124, 54.5094923648346, 44.56410076852896, 42.263354441495686, 68.7345742253779, 64.09836837685809, 64.59879740088951, 70.16973478323274, 73.85037387126316, 80.0863250334279, 88.73835764961584, 92.38152157289171, 90.0141360255747, 87.48466506299654, 82.97595018455122, 76.77241774759752, 69.4079505627169, 68.37431005346495, 72.92290348294334, 77.84660011938716, 86.0617731248864, 83.14111214255973, 78.8843681389939, 75.25023863391799, 48.2623872940761, 56.49764415625421, 67.95522334574332, 77.72172944733266, 89.26963450160744, 105.70653008336664, 114.63825921137972, 117.60828211155595, 132.88984928463043, 127.86640189648142, 122.4172817522102, 114.87352565675823, 112.28267468253809, 107.03487692431295, 102.61194243232457], [16.315647969040338, 9.506537596416589, 0.0, 11.082536800062202, 8.51630030683436, 12.170659306417013, 18.410955816263154, 58.85041907773407, 65.9526971375775, 75.33061178029422, 83.42003074925489, 90.08555298097865, 82.81009468548272, 75.69328095503606, 66.2414513732899, 31.635711271422778, 28.28636457910428, 23.836197593853665, 20.160124694934083, 22.185278246108382, 18.05831127038265, 15.087943917622239, 17.643232269457968, 22.530687882971307, 28.453441213588103, 65.19812639960678, 72.48858785501636, 79.34092139694914, 88.29125226970204, 94.24584822406874, 93.61014852954396, 86.8211482758911, 78.89561331302048, 70.55919116202818, 63.98454990838752, 35.74188606772688, 39.62805417166719, 47.936879950891885, 46.574747878222475, 55.110934425114635, 64.68502862749868, 70.33340804247743, 71.34579012261413, 70.20974559044556, 61.932360644321825, 53.081418211595796, 51.5127531656019, 68.57401004153608, 65.42548947703042, 67.67125557556759, 73.97098966032475, 78.45729941150067, 84.83979252643303, 93.2328039978694, 96.10816975006749, 93.06191019548855, 89.82639138221037, 84.35374093093552, 77.12582755182278, 69.79750267328463, 70.91741546898866, 76.30062096840771, 81.81791184974496, 90.35762311961628, 86.61745448500439, 81.6360916497262, 76.99050533086914, 41.5655789573951, 48.882296157117786, 61.347218352809186, 72.22138597176705, 84.41848880994027, 101.7622458707214, 112.0452290682208, 118.16341503147754, 134.54014965984203, 131.33913300569276, 126.67942960939108, 119.80468089071812, 117.89016733988822, 113.56544946455806, 109.87094484447674], [25.211331356409026, 19.695042201644227, 11.082536800062202, 0.0, 9.424012306002894, 17.153805648610863, 24.15901883397223, 65.14490355534544, 72.7709534315729, 82.2342917835265, 89.66919659969919, 95.4530759228996, 88.56652130953124, 81.66689091332552, 72.2320690695029, 42.34054983045777, 39.22079255555433, 34.39320253806014, 28.098511733472396, 24.01810808003072, 20.54886142881386, 23.566880011932234, 28.46947578678087, 33.341905884403324, 38.76876317397439, 74.01005249986272, 81.15292228413688, 87.67550520640421, 95.95623893379391, 101.05957046310228, 100.22707041144184, 94.28011380917977, 86.79935095221302, 78.5981843956877, 72.40565452806517, 44.57032979765142, 46.796625553101734, 53.49938846863053, 48.658882316416985, 57.192122003870594, 67.96791233669069, 74.21407277570339, 74.9863235305988, 74.1435358549628, 68.03586544949863, 60.265713911818246, 59.768324922072274, 65.31145259528827, 64.27499929788195, 68.5572258841029, 75.35934901788859, 80.40783238817338, 86.44975670360148, 93.94858230615873, 96.12886445218949, 92.7157896807782, 88.89443235310438, 82.58400875752584, 74.2451498003076, 67.02226265899351, 70.89535641108094, 76.97679576901983, 82.72910481765206, 90.95611691240475, 86.6938464553989, 81.19112867978447, 75.59617633387518, 36.96781487315241, 39.102552781282526, 50.730269865497995, 62.32623826595767, 75.1889590584397, 93.12217368836194, 104.63409538341266, 114.37293410559046, 131.02134824339814, 129.8381223563518, 126.15083641236022, 120.16588377547075, 119.22582106098527, 116.52211628808799, 114.53486897629514], [18.178638657027015, 13.662202240205678, 8.51630030683436, 9.424012306002894, 0.0, 8.115801474550494, 16.022570077283508, 57.76918208778035, 65.56734378530885, 75.11067815950183, 82.76273073994436, 88.85230390976055, 81.41185409895228, 74.28735247602414, 64.8943375283008, 35.9779245737663, 34.29484593507389, 31.17560694881619, 28.67485497737982, 29.30633040782406, 25.30437533415733, 23.577826644509308, 24.69080406910589, 27.52101613960911, 31.82473084333888, 66.84516279963675, 74.21942194485949, 81.02555097183922, 89.84346892712476, 95.0266590081069, 94.02250444680331, 87.71525247817623, 79.91239489634134, 71.45790852784015, 65.10890488800169, 36.38121600023328, 37.60717229901485, 44.146372502592, 40.27145099515112, 48.84860955972836, 59.20188725561335, 65.30058808955351, 66.30924139752844, 65.69610419249312, 58.78907406844055, 51.46877532728077, 51.81840298539026, 60.29768633529085, 57.72483781005911, 60.82371335323597, 67.40868442028423, 72.281238180373, 78.64156515337554, 86.8755708016361, 89.1955431752159, 85.80611460276575, 82.28300337787341, 76.49075454513721, 68.94715343536575, 61.63153591392402, 63.66688900178837, 69.40091086618246, 75.13933095495254, 83.85291039055001, 79.59924955423455, 74.29345925791988, 69.24795820358709, 45.43197842502618, 47.47928944498906, 55.88184249530187, 65.36785841156609, 76.79799222359247, 93.90330849484387, 103.84176476030012, 109.93982439274332, 127.18909735660898, 125.06982296019167, 121.05468547774628, 115.14672052027589, 114.15999359178419, 111.64978018144869, 109.94430120795398], [12.053679283782401, 10.566321333551475, 12.170659306417013, 17.153805648610863, 8.115801474550494, 0.0, 8.397595778121556, 50.115691193238774, 57.94075518207636, 67.49690364922549, 75.27490437361139, 81.59001802512418, 73.86568762336647, 66.63251684454711, 57.27139485806875, 30.336987524845657, 30.358402415729756, 29.189376490470092, 30.223391178180783, 34.002169045695084, 30.03778884640922, 25.333401414717862, 22.743130857002342, 22.87306327387132, 25.58136051471018, 59.35791624151054, 66.80807435309261, 73.71031098855097, 82.76569398548115, 87.95729753756098, 86.85924739993901, 80.3660130715745, 72.42569817491719, 63.86860937825993, 57.49739255948157, 28.62278011158431, 29.64481460358749, 37.11051946624627, 34.813321865174856, 43.41114911324206, 53.20120541688331, 58.64308802339882, 59.40611987557853, 58.4455887545271, 51.09639199351615, 43.360761431790756, 43.930882043891465, 58.41758279393862, 54.44179581798776, 56.0574664280329, 62.09473289510883, 66.37295719277509, 72.6697069849443, 81.19663061391356, 84.07881131111402, 81.19521817274021, 78.24143300893937, 73.26001651640894, 66.61524527784536, 59.23372138576889, 59.35137455774107, 64.42900161497563, 69.73048715144638, 78.29211336676336, 74.61472122199146, 69.86443698104215, 65.65814883245825, 51.43549016573071, 53.974631169994126, 60.99527421107358, 69.1488117002875, 79.74919721056291, 95.90446705930373, 104.47685128081244, 107.56349406716706, 124.10145021418988, 120.58476932125154, 116.01146558978564, 109.75258184224666, 108.41365986013761, 105.59113089903879, 103.80916609086796], [8.693260287737507, 12.677518558176514, 18.410955816263154, 24.15901883397223, 16.022570077283508, 8.397595778121556, 0.0, 41.80248256278627, 49.626101634708746, 59.18600246998585, 66.9028264617328, 73.23908199041577, 65.57024894676216, 58.37355676663173, 48.97913470745519, 26.619197783292005, 28.63687530897132, 29.438618695178775, 33.13402662057326, 38.521770767205105, 34.92386710157801, 28.937551611966793, 23.694810016837636, 20.863450469001382, 21.261958776067647, 51.76212900684459, 59.09041021346122, 65.82385952927821, 74.68987835912934, 79.6696075171677, 78.51588585743644, 72.15257261050061, 64.33877156961397, 55.84882130571747, 49.683389066772776, 21.92904425007627, 23.873519315670137, 33.41713696915626, 32.72359827942109, 41.120484330530616, 50.28991681645653, 54.467273238718874, 54.27817410673999, 52.22810807586877, 45.438001557756344, 36.24787126243457, 36.27956569323006, 58.73279958309318, 53.909793748522915, 54.100256887083056, 59.240814849184964, 62.47595939665873, 68.1423508894152, 76.26844709318598, 80.12762957877467, 78.27724675381975, 76.12899190290587, 72.1724429435294, 66.36757624334655, 58.964190633314736, 57.57885910982174, 61.73220035387022, 66.09339010626044, 73.64868030944287, 71.17005278915424, 67.33590194617602, 64.16232153666728, 55.64726785387707, 58.4858472526303, 64.94177401445398, 72.28585625754809, 82.5993194799809, 97.72566121750563, 105.1810011967388, 106.18093789861295, 120.62635292802017, 115.37873717941193, 110.07976945583732, 103.08516354876367, 101.16410272570862, 97.68090929777763, 95.69628549140441], [43.085784932894924, 50.4571054019992, 58.85041907773407, 65.14490355534544, 57.76918208778035, 50.115691193238774, 41.80248256278627, 0.0, 9.031084266063903, 18.230155339398674, 25.402891713385642, 32.53776002640785, 24.15709615616057, 16.909396068317164, 7.575210587874504, 41.58640677210296, 49.38948460938735, 55.8441768058598, 65.50988658496675, 74.19510521662029, 71.67712085016763, 63.6034114907783, 54.237151068683715, 45.939481071129165, 38.90295258221783, 22.93946580234939, 27.05099718777831, 31.291648648279878, 38.3813526402653, 41.020449394079314, 38.94543709452361, 33.50957762328666, 27.037105321668903, 20.102706160278494, 18.51625692872558, 28.199625357901017, 30.013858981776306, 39.05678117608881, 46.065300737292425, 48.8811527578839, 50.645606819222934, 46.404116634037806, 40.841484469812926, 32.23063995120706, 31.86130968848608, 18.837151223815905, 15.76213590394633, 72.99817234201076, 65.13296448763478, 58.43280098143116, 57.56784221659698, 54.2570317064827, 55.23523176818684, 60.193935994443066, 69.00455243188676, 72.83229206559504, 75.24210607911996, 77.07949176659795, 76.56726657798376, 70.73816348820993, 62.08899747535766, 60.478725082945374, 58.91464592327489, 59.732838161537735, 64.33271353209479, 66.1204083625952, 68.889758897625, 89.44144720032106, 92.48820447945174, 95.48702925011803, 98.66701410332992, 106.16450875669366, 115.82222412863759, 117.29857942789066, 106.50530200643847, 110.53877485716787, 95.80468873617383, 86.46154169104864, 75.74425263228532, 70.19860163931736, 62.81407129039775, 60.162730780101406], [49.92868271241503, 57.25246934819281, 65.9526971375775, 72.7709534315729, 65.56734378530885, 57.94075518207636, 49.626101634708746, 9.031084266063903, 0.0, 9.580390157805317, 18.063590044022092, 26.784406871043196, 18.84040411939518, 12.538153724379479, 7.509595096590827, 45.670000125125725, 53.495128083136066, 60.38126749532435, 70.66015032281236, 79.97111970165155, 77.70158207200883, 69.27708569589669, 59.61920785676573, 51.15871362480182, 43.935713032203516, 18.133573398941365, 19.9948376337669, 22.973022354106458, 29.671683819151266, 32.58125891658444, 30.642793260506444, 24.545196642996224, 18.226057533530557, 12.429045046084271, 13.8934086195167, 34.07698388152075, 37.20034676370296, 46.15505646696849, 54.465671745572855, 56.787886920184285, 57.335742717004116, 52.133797318577926, 46.41999884683162, 37.49233278824124, 36.90526726857083, 24.537098181195713, 19.03661077257317, 81.4399030924548, 73.2891934297746, 65.88557972560011, 64.33450618822725, 60.22643058923334, 60.541281432904235, 64.84978260288239, 74.30093244612475, 78.91651235304836, 81.94113855244623, 84.4914846339983, 84.61370854769743, 79.02452337204284, 69.62960155531024, 67.35441609881563, 65.08387247039842, 64.85553769847122, 70.48618658838987, 73.02272451006505, 76.47816422242879, 95.31398378374548, 99.79011113994825, 103.77055350121337, 107.16936585754749, 114.76648758595556, 124.04012251584129, 125.066597270371, 113.03386862674022, 115.07723011527446, 98.38761573027972, 88.07697486247551, 76.17129539188655, 69.15748028807602, 59.130093664627864, 54.055955324356134], [59.27037250205402, 66.55702002392484, 75.33061178029422, 82.2342917835265, 75.11067815950183, 67.49690364922549, 59.18600246998585, 18.230155339398674, 9.580390157805317, 0.0, 9.892045997152106, 20.029201919225564, 13.258700755582879, 10.509905234597788, 13.457243399081774, 53.75662797590389, 61.53443588101199, 68.62532233992978, 79.17262320180394, 88.70136167405097, 86.58442707007062, 78.06940722562514, 68.31709207722848, 59.820804824813926, 52.54176556782738, 20.557137951883988, 18.6520973560995, 18.35271382998858, 22.708812773369683, 24.352593704506674, 22.085301503290957, 16.3124247478667, 12.221201621183779, 11.690001377773271, 17.512639684406402, 43.02381519306204, 46.00612252982466, 54.022548727415085, 62.75455546779058, 64.31339306192956, 63.67013951495437, 57.36821340577998, 51.216144409582334, 42.00150323019435, 42.69889268194072, 32.28980376874906, 27.192393818730853, 88.83173485652185, 80.52558914165645, 72.44269082151665, 69.99489302374954, 64.91233313560699, 64.20400232815342, 67.44656168933547, 77.54146767092962, 83.15433532006601, 86.93982428898936, 90.41192105605886, 91.35967771476878, 86.1651560276447, 76.06001523664983, 72.94552007273825, 69.70125509911989, 68.00551676175168, 74.87390296632854, 78.36237655794353, 82.67568499858885, 103.74005721856977, 108.52103860010867, 112.38466735736155, 115.39473036797101, 122.64958580350273, 131.08219623335353, 131.21168175574095, 117.36746928675593, 117.04164813581305, 98.30851923251753, 87.09365707328652, 74.26944719929165, 66.01333167261463, 54.05944823376174, 47.71084898639129], [67.61649099815934, 74.93755544274562, 83.42003074925489, 89.66919659969919, 82.76273073994436, 75.27490437361139, 66.9028264617328, 25.402891713385642, 18.063590044022092, 9.892045997152106, 0.0, 10.450983026866803, 7.442812952490812, 11.554294045033862, 18.858667706668648, 63.27271404884429, 70.9459826589597, 77.8119132342093, 87.9102531150714, 96.77639518482971, 94.74711302607636, 86.76147330876836, 77.31621255429184, 68.97437925146669, 61.83878846413779, 30.047944045415854, 26.787668873289835, 23.87858391779774, 23.167165483096394, 19.98298800598972, 16.463584433484495, 16.160631727729488, 17.80951295933867, 20.8940710941027, 27.30867476854754, 52.11724633485646, 54.237464589231095, 61.20344034846018, 68.6554962446132, 69.57817280691049, 68.61602918759648, 61.488619677209186, 54.346254640882, 44.59208879935846, 48.78910986675656, 40.26952750895499, 36.62890288855566, 92.23152836248921, 84.45751043708351, 76.35384260723613, 73.09603126378029, 67.09609225753452, 64.83205253790085, 66.02509537189117, 76.83191191834231, 83.72002155734943, 88.23970560257881, 92.55464998911498, 94.06597804181833, 89.3084626284676, 79.38848803941526, 75.5646993557336, 71.13991140675228, 67.20888599672685, 75.58155209201725, 80.08172364132132, 85.10631261632427, 110.47873521882191, 113.90470260349733, 116.48400701862695, 118.59080839134083, 125.28973808487991, 132.43513322486146, 131.53129644253613, 116.63168341208464, 113.00441362095943, 92.4936720627096, 80.55387052992582, 66.89794298429914, 57.755985989442564, 45.09964583185937, 40.33222781086959], [74.74422519940312, 82.0481169477108, 90.08555298097865, 95.4530759228996, 88.85230390976055, 81.59001802512418, 73.23908199041577, 32.53776002640785, 26.784406871043196, 20.029201919225564, 10.450983026866803, 0.0, 10.46328593086536, 17.68707193358553, 25.466410049069047, 72.1794429276938, 79.7161971023109, 86.21962097874808, 95.63805207100164, 103.56726207290586, 101.59965864685928, 94.33838172867723, 85.34687082112268, 77.24830832746031, 70.34396274611427, 40.34998542250785, 37.002475677938676, 33.301037319374856, 29.595841899073204, 22.37954789960966, 18.252641938526295, 23.50406936907962, 27.62978076600735, 31.232512477736496, 37.476365686404264, 60.401094115407616, 61.652630150674845, 67.70873450764716, 73.35991955637667, 73.81545487095401, 72.99853191510583, 65.42833014809163, 57.356619565326554, 47.27656210857961, 55.021140121790694, 47.98486726590482, 45.64688747534593, 93.8398922071102, 86.93548276542823, 79.2221576093358, 75.37082976240156, 68.70702427217206, 64.8672552526729, 63.66263383242906, 75.0332473309119, 83.13842173653993, 88.24195365231009, 93.20407574813093, 95.04595361670312, 90.72365714786575, 81.51455635137397, 77.2006414257018, 71.71560730490647, 65.44189638669481, 75.2018751203994, 80.56533971131174, 86.074058736047, 115.64330407198851, 117.18972481207996, 118.14520252885058, 119.2296324211197, 125.32470644305712, 131.08633077775443, 129.22075712034172, 113.90783905489393, 106.72286045702829, 84.72392819867441, 72.19212047642685, 57.70475827017958, 47.821434084604846, 35.22874329108676, 34.54161745890702], [67.18515432672967, 74.55102235759236, 82.81009468548272, 88.56652130953124, 81.41185409895228, 73.86568762336647, 65.57024894676216, 24.15709615616057, 18.84040411939518, 13.258700755582879, 7.442812952490812, 10.46328593086536, 0.0, 7.715642439203618, 16.705014880295618, 64.36712140065164, 72.25999107108723, 79.04965372523073, 88.95299992611686, 97.48194374137348, 95.21410786410833, 87.37159003629498, 77.97684118463035, 69.59185618501276, 62.3764389640859, 33.49374367321433, 31.609247282978917, 30.048689037795974, 30.548845502643072, 26.996957598378046, 23.197872038844682, 23.374496574101826, 23.709641049952673, 24.81720489247399, 30.10992606521899, 51.758337292675606, 52.11549640403355, 57.68918173606102, 64.23341090729012, 64.55459325391035, 63.336193420053114, 55.8636559300813, 48.244695218527745, 38.345293806623474, 44.68374554684982, 37.9845109358827, 36.78623437840663, 86.41611609694732, 78.68875581807877, 70.46019257893502, 66.81294131786159, 60.48149156954319, 57.74851482549452, 58.6419775621985, 69.49505419875058, 76.58580270065481, 81.30067794691475, 85.92962919488973, 87.81804171402204, 83.3402178991889, 73.23761821525905, 69.08271605408684, 64.25993688844662, 59.891709046884564, 68.51461768270833, 73.31099166964337, 78.65057015015402, 111.11035459215532, 112.82201325204512, 113.57856983585494, 114.67270907962158, 120.53292373984061, 127.08144775519725, 125.49228671378333, 109.47943137590983, 106.36798452421884, 86.27971279570994, 74.69094171481805, 61.9764319279635, 54.00620295921411, 44.71292044673069, 44.280882345816615], [59.97854155937501, 67.3496010719631, 75.69328095503606, 81.66689091332552, 74.28735247602414, 66.63251684454711, 58.37355676663173, 16.909396068317164, 12.538153724379479, 10.509905234597788, 11.554294045033862, 17.68707193358553, 7.715642439203618, 0.0, 9.474801059017016, 57.275214566724365, 65.27727650788297, 72.10676556202822, 82.12694490257276, 90.8771375881222, 88.46503527811626, 80.3924665662521, 70.87453755958303, 62.41409097354356, 55.12191375378857, 28.511995718687967, 28.302434524978203, 28.761928937543672, 32.18001896217173, 31.146768354978946, 27.88317372218772, 25.235080327520457, 22.52105880052865, 20.794226906279995, 24.633854791063495, 44.238588902311, 44.417046677361135, 50.347306526388806, 57.35924861482889, 58.060350794379815, 57.21900706865302, 50.32050811052468, 43.1756169027132, 33.39727245930303, 38.01599571704691, 30.357187943493464, 29.466886671405344, 81.0995050769454, 73.02767687998575, 64.85857264210158, 61.798765708533125, 56.14203545860675, 54.56308523838454, 57.08259017215369, 67.37063342639158, 73.45524724940189, 77.58039293261994, 81.54915300017899, 82.98874620762135, 78.18370043937485, 67.99721502918057, 64.37157795413508, 60.4122499897093, 57.782776734554076, 65.20759079462044, 69.21572221585345, 74.01067210113496, 105.29806247811617, 107.29878603411154, 108.39524408344633, 109.88046591543366, 115.97575345833476, 123.39046464737666, 122.49929608866707, 107.30814984817593, 106.99457511980441, 88.64296976435364, 77.83082788237863, 66.06404748047396, 59.16882096339438, 51.08807960777985, 50.14823397518945], [50.58491381511944, 57.95325646551887, 66.2414513732899, 72.2320690695029, 64.8943375283008, 57.27139485806875, 48.97913470745519, 7.575210587874504, 7.509595096590827, 13.457243399081774, 18.858667706668648, 25.466410049069047, 16.705014880295618, 9.474801059017016, 0.0, 48.857328329686645, 56.73375895809991, 63.29933507351919, 73.00891757900462, 81.56455699064632, 79.09889339780014, 71.14870972434353, 61.793764305434735, 53.46585687179773, 46.351975219485965, 25.117005985504736, 27.273507742029842, 29.866610042748977, 35.36988668214573, 36.34973539638398, 33.737183913321424, 29.540078959889968, 24.528149643108488, 19.574453854346405, 20.703223152028137, 35.5117323170277, 36.29101795984023, 43.69210199514895, 50.41410978689155, 52.21003745149154, 52.874239940243775, 47.33613228418873, 40.79693812552488, 31.30932249031034, 33.894770539791075, 23.498998362963068, 21.902198925434085, 75.63601175462274, 67.75744042808607, 60.42434899453262, 58.51782598754264, 54.07377218978949, 53.78886637023114, 57.54414308473913, 67.11955533987944, 72.04772213139822, 75.2541812565479, 78.07457642096075, 78.42155239913065, 73.04777546249186, 63.77604503542938, 61.219911870091835, 58.48096461770655, 57.601183585873606, 63.579015030655306, 66.41868944816028, 70.13075533818827, 96.2007843180999, 98.46998913162874, 100.36760655683115, 102.66202932379149, 109.48842859483457, 118.0478746396271, 118.4201690380748, 105.74234280238487, 107.69623094169523, 91.39523584018178, 81.42699889864213, 70.2426000636207, 64.20041802625467, 56.728965777686284, 55.117882525303216], [19.349961879275007, 22.74271693867472, 31.635711271422778, 42.34054983045777, 35.9779245737663, 30.336987524845657, 26.619197783292005, 41.58640677210296, 45.670000125125725, 53.75662797590389, 63.27271404884429, 72.1794429276938, 64.36712140065164, 57.275214566724365, 48.857328329686645, 0.0, 8.574683777914904, 16.5575175634416, 29.281994896963717, 42.40552930859201, 39.80793656141425, 28.38343645084002, 17.382900670746558, 9.232908266408154, 5.637147452053565, 38.07154323190104, 45.38319303107177, 52.931367333604776, 63.57573803601599, 71.74530138270657, 71.68670509212689, 62.688378189064075, 53.81247617246798, 45.61402631045727, 38.31860069062033, 16.387196402733476, 27.777598890383036, 40.69688936352662, 49.83081697596784, 56.465525728701984, 61.10732224025834, 63.201624936771324, 63.73252136012653, 60.836915282820556, 48.02509509792028, 35.328606631380666, 28.582860061956307, 81.31458326010771, 73.70188421308606, 70.18361076958269, 73.81244683843298, 75.50716441661531, 81.47836550618055, 90.90190237793361, 96.14287688844385, 95.13742943071986, 94.17057704842233, 91.79225513566543, 88.02591343428954, 81.01426255071898, 75.19551755289, 77.65968075245371, 81.22626213693677, 88.79140792968703, 87.69307527480527, 85.12533299456753, 83.81017822049306, 64.83472273041205, 77.49047276568025, 89.66851748758857, 98.49998673596424, 109.16164683074001, 124.26111710287465, 131.02327074540864, 127.84920731314104, 141.07050254566843, 131.84745544217142, 124.42808348073618, 115.03330588456191, 110.27799916174551, 101.4156996631643, 93.15718042266428], [20.216691526590225, 20.87629945614023, 28.28636457910428, 39.22079255555433, 34.29484593507389, 30.358402415729756, 28.63687530897132, 49.38948460938735, 53.495128083136066, 61.53443588101199, 70.9459826589597, 79.7161971023109, 72.25999107108723, 65.27727650788297, 56.73375895809991, 8.574683777914904, 0.0, 8.390245520373167, 21.634383647284018, 35.54420487142776, 33.22549944509946, 21.531147521928713, 11.340469393108474, 7.793659113325976, 11.817247087757917, 45.59330982747527, 52.569991908775506, 59.84603396487815, 70.08889281759528, 78.46572599921399, 78.64441598967265, 69.78063109302825, 61.14959329919345, 53.24962414532659, 46.10735563056456, 24.198968909938376, 34.79410955094727, 47.03853888165147, 54.838521224146334, 61.97308914041917, 67.3968102174504, 70.29491940918133, 71.16403470902121, 68.58327030421616, 55.883007836095175, 43.64045024782779, 36.98629368238878, 85.10642489033562, 78.23465527721108, 75.76469456047809, 80.02309714463894, 82.33356631835329, 88.56042925024713, 97.96309700810174, 102.84530408331811, 101.38270804115416, 99.9256611071633, 96.84459812470372, 92.32771258495562, 85.18893377609872, 80.6159298507275, 83.72385345009522, 87.80499166988533, 95.71554882443705, 94.09934383218729, 90.99429207034527, 88.96638768729257, 58.83845409682395, 73.78451521000078, 88.25115638287292, 98.38648825549149, 109.87318402166714, 125.83906897215671, 133.7708795444202, 132.9092359316141, 146.72377965176662, 138.36027479018873, 131.21368319525635, 121.81116264219665, 117.09733707467097, 107.94293457367066, 99.04630369174949], [20.924333751421212, 18.790359976272963, 23.836197593853665, 34.39320253806014, 31.17560694881619, 29.189376490470092, 29.438618695178775, 55.8441768058598, 60.38126749532435, 68.62532233992978, 77.8119132342093, 86.21962097874808, 79.04965372523073, 72.10676556202822, 63.29933507351919, 16.5575175634416, 8.390245520373167, 0.0, 13.343446891362072, 27.598156427221674, 25.45487469853392, 13.848450992768724, 6.552454669476168, 11.126416913783386, 18.264212933720657, 53.346265435628204, 60.179361503625856, 67.20387734540981, 76.9476266306414, 85.10541910380469, 85.34137320335512, 76.88220244832347, 68.52263805028731, 60.73082044282014, 53.74405264825694, 30.73229438135887, 40.428740350322634, 52.05698951085184, 57.94265808957053, 65.58397417576401, 72.04588510155207, 75.73975595750699, 76.75000691151824, 74.42845632855888, 62.40401764004969, 50.57743311502402, 44.43196675032045, 86.39145693307093, 80.51024477512959, 79.29675971030592, 84.18770750734983, 87.11560271926504, 93.47278560771156, 102.66509312566912, 107.14032512024386, 105.25403361903302, 103.28382490916013, 99.46628482506033, 94.10676439848453, 86.85805009442834, 83.83248175208577, 87.61496532531667, 92.15465150622337, 100.27017444791494, 98.14032186105499, 94.4943006421067, 91.69919583500511, 51.47926529826541, 67.85171729441467, 84.11390019093191, 95.37313462448975, 107.6051465837746, 124.31229512134453, 133.39273496809474, 135.1347563564883, 149.4425947092126, 142.2278374869811, 135.52986680033285, 126.34127070683022, 121.94111636036634, 113.08643439565559, 104.35212737187518], [26.033842273326098, 20.78457811612228, 20.160124694934083, 28.098511733472396, 28.67485497737982, 30.223391178180783, 33.13402662057326, 65.50988658496675, 70.66015032281236, 79.17262320180394, 87.9102531150714, 95.63805207100164, 88.95299992611686, 82.12694490257276, 73.00891757900462, 29.281994896963717, 21.634383647284018, 13.343446891362072, 0.0, 14.64914496738294, 13.061948177836799, 5.318879276054403, 13.137810435111783, 21.820556957665612, 29.689785296333167, 65.2464124350199, 71.8977561713011, 78.53002555479416, 87.45538180048982, 95.06449701800959, 95.31280789715797, 87.60948950673568, 79.71013667842847, 72.06851804274218, 65.36486028420464, 41.39654768294204, 49.8342636232892, 60.542378382972466, 63.376831875884186, 71.58684129442291, 79.54952423905051, 84.20565147489515, 85.19359179210113, 83.10811455321857, 72.52709491563347, 61.21914280365139, 55.77301373064072, 88.26875972283592, 84.14466380497839, 84.88801491085839, 90.57921860345358, 94.28196156802629, 100.61102337558154, 109.21465399836454, 113.12630436888688, 110.7559893555089, 108.08659007626342, 103.2423830038137, 96.62119026593581, 89.2905449926313, 88.79776179476997, 93.48795098852551, 98.53009916565755, 106.65215544087741, 103.9146045611565, 99.57781883698854, 95.6940219379646, 39.24286055140487, 57.65921544804551, 76.76695206057303, 89.76046830989574, 103.15607185128995, 120.82723407277342, 131.6688529629345, 137.67633040575265, 152.30629729452576, 146.8956048221996, 140.9378527201197, 132.1351991102872, 128.29226483184652, 120.11282353016587, 111.98565513424161], [33.78948797860571, 27.670588053045673, 22.185278246108382, 24.01810808003072, 29.30633040782406, 34.002169045695084, 38.521770767205105, 74.19510521662029, 79.97111970165155, 88.70136167405097, 96.77639518482971, 103.56726207290586, 97.48194374137348, 90.8771375881222, 81.56455699064632, 42.40552930859201, 35.54420487142776, 27.598156427221674, 14.64914496738294, 0.0, 4.375533376633868, 15.14794546735081, 25.72497160257653, 34.09455351950167, 41.714264946627665, 76.78036276162179, 83.2506511202106, 89.42661010097508, 97.38354017640863, 104.08901157279605, 104.23563878169188, 97.55378131069088, 90.23332027943839, 82.76002647404071, 76.45851146138921, 52.1197574021328, 59.31944506762424, 69.16658823815254, 68.71566319677093, 77.27233459071759, 86.69891049969874, 92.00921842381365, 92.63453860191095, 90.57852246328237, 82.1220597244996, 71.27554988909093, 66.59082753002652, 89.03094635253409, 87.02439744165255, 89.79109304140167, 96.06170098798943, 100.314916477272, 106.27323844941903, 113.85082249009034, 117.27326889253968, 114.66978890978447, 111.42566893499853, 105.70282047714383, 97.84754633863332, 90.54567935194873, 92.85636057234642, 98.28973610405683, 103.54747808215348, 111.20289953893084, 108.11569662250074, 103.28312731412471, 98.42496971840181, 25.19251772011892, 44.89037962520131, 66.93213639748477, 81.65007059708459, 96.2739676086406, 114.60461217364265, 127.18325927479174, 137.90506468819822, 152.12107948944896, 148.6231484724173, 143.51990792841596, 135.22660140588303, 132.1043446261381, 125.01441667795332, 118.1286996293904], [30.378522010489732, 23.92672785236998, 18.05831127038265, 20.54886142881386, 25.30437533415733, 30.03778884640922, 34.92386710157801, 71.67712085016763, 77.70158207200883, 86.58442707007062, 94.74711302607636, 101.59965864685928, 95.21410786410833, 88.46503527811626, 79.09889339780014, 39.80793656141425, 33.22549944509946, 25.45487469853392, 13.061948177836799, 4.375533376633868, 0.0, 12.139093288978428, 22.796482809095576, 31.179159003073593, 38.80212524631726, 74.74229364802139, 81.4285300644796, 87.81389996440741, 96.0861546346885, 102.75369393205085, 102.76031680019346, 95.94844972856625, 88.42683458448865, 80.73359607252563, 74.29859615236839, 48.98541202322279, 55.64520683993036, 65.1399643865637, 64.63261118867729, 73.16294109324112, 82.56180490074011, 88.02281578085766, 88.84736303889655, 87.06554346030205, 78.41410580431035, 67.99898428257778, 63.87335811144067, 85.2267122462178, 82.99221073582592, 85.68917169349113, 92.02103526043332, 96.39615037275853, 102.5329662434323, 110.3845281116829, 113.62422035432193, 110.8269334476657, 107.52309692180688, 101.77830018095615, 94.02013190899604, 86.72997638433304, 88.82027447643823, 94.29607149151956, 99.6943113920435, 107.66481490321976, 104.33881660185182, 99.40433818641685, 94.52897134538053, 28.254375502797345, 45.40613482157128, 65.78662342431376, 79.89161574310718, 94.06087830894914, 112.33585969377587, 124.56011858098255, 134.43797942736572, 149.3795628493159, 146.0445708515717, 141.0586324949426, 133.08482391068551, 130.21435285176412, 123.65588255735618, 117.3224580820598], [22.419341790283983, 16.39767570531104, 15.087943917622239, 23.566880011932234, 23.577826644509308, 25.333401414717862, 28.937551611966793, 63.6034114907783, 69.27708569589669, 78.06940722562514, 86.76147330876836, 94.33838172867723, 87.37159003629498, 80.3924665662521, 71.14870972434353, 28.38343645084002, 21.531147521928713, 13.848450992768724, 5.318879276054403, 15.14794546735081, 12.139093288978428, 0.0, 11.105851340496727, 19.99555027901483, 27.905552739278427, 64.8162288941985, 71.74532271871065, 78.56251281341345, 87.68492556038984, 94.97828629718144, 94.99036402409476, 87.37611592988922, 79.33951078404324, 71.41545403397308, 64.62136194911794, 38.99692299312704, 46.39629827791615, 56.513603556443414, 58.643871809869374, 66.90350537130078, 75.13946379878878, 80.11567929556357, 81.2700662732955, 79.54173030644728, 69.16703507224312, 58.529353551101856, 54.09267463434498, 83.11712766968216, 79.07812850550452, 80.0889916737128, 85.9600124125479, 89.91509180753685, 96.38917453855308, 105.12741683005186, 108.71691644071431, 106.07377729023271, 103.23246884904293, 98.21573121546231, 91.50480689743338, 84.19587714761826, 83.92165915010234, 88.7946827684127, 94.04245811645788, 102.45768276763822, 99.3617347293591, 94.81459237500789, 90.74279648642839, 39.8023729228843, 55.66949410083793, 73.19502208172717, 85.64878890837748, 98.65214809757852, 116.28725708172239, 126.95505555010268, 132.754852098908, 148.1560418545149, 143.33346519330485, 137.70966186853641, 129.4449899715263, 126.10557619717973, 118.92337781924681, 111.90305569774732], [15.557955780525056, 12.388249698656908, 17.643232269457968, 28.46947578678087, 24.69080406910589, 22.743130857002342, 23.694810016837636, 54.237151068683715, 59.61920785676573, 68.31709207722848, 77.31621255429184, 85.34687082112268, 77.97684118463035, 70.87453755958303, 61.793764305434735, 17.382900670746558, 11.340469393108474, 6.552454669476168, 13.137810435111783, 25.72497160257653, 22.796482809095576, 11.105851340496727, 0.0, 9.043286765335766, 17.01282869865858, 54.403416180791126, 61.53598246367491, 68.65134574375449, 78.35611570387069, 85.9102995288005, 85.84549504473001, 77.751216907933, 69.37614007478955, 61.26688296388359, 54.2658868347213, 28.65395902394205, 37.041005595519, 48.14969684155093, 52.65434866331466, 60.54180044604033, 67.69597008817102, 71.85794889937165, 72.90936093085416, 70.90651254513881, 59.57909037758321, 48.42270051808017, 43.62203244435864, 80.25666244396815, 74.7603424206564, 74.1442446208737, 79.34069705810145, 82.62050071603934, 89.05434442111141, 98.19314797325805, 102.30229696919127, 100.13577829242361, 97.90796241634216, 93.78032729408002, 88.11036733870371, 80.83323905355708, 78.4692033749713, 82.57506615617203, 87.35290060795316, 95.66792914813416, 93.14243423237079, 89.2050463561027, 86.06227958810918, 49.42374707131612, 63.4183289335806, 78.32081291087465, 89.18651977734574, 101.19264129238194, 117.90820379585053, 127.02219202136123, 129.2521925708803, 144.17858055220543, 137.84210497644574, 131.61750096606045, 123.04903557134581, 119.30813672169984, 111.73331564504556, 104.48891766930284], [12.532666506353705, 14.019060367226112, 22.530687882971307, 33.341905884403324, 27.52101613960911, 22.87306327387132, 20.863450469001382, 45.939481071129165, 51.15871362480182, 59.820804824813926, 68.97437925146669, 77.24830832746031, 69.59185618501276, 62.41409097354356, 53.46585687179773, 9.232908266408154, 7.793659113325976, 11.126416913783386, 21.820556957665612, 34.09455351950167, 31.179159003073593, 19.99555027901483, 9.043286765335766, 0.0, 7.971823290855986, 45.839118853787205, 53.16447135485462, 60.47905271886234, 70.54856459821535, 78.09306152461987, 77.8953671098807, 69.57244625893277, 60.98603638019489, 52.699413137984635, 45.586952809032155, 19.93844380730565, 29.486988979037054, 41.68579923096615, 47.99977358861736, 55.46539124879428, 61.73731569216092, 65.01468489495753, 65.72442876823366, 63.30398586779487, 51.63218242448419, 39.81402021794576, 34.683893163659185, 77.64579520209075, 71.14779926465285, 69.22295614167083, 73.72949983770154, 76.30315368943367, 82.49672614384173, 91.71956820936822, 96.33906675693214, 94.72815130321857, 93.08455508948617, 89.77605779658245, 84.97245814548363, 77.77070343717227, 73.82950465382334, 77.20254022536399, 81.41374547079391, 89.36169037531354, 87.48179012431697, 84.16861380115778, 81.86451897247419, 56.68932641082561, 68.87136320155828, 81.60638915958326, 91.14447126921046, 102.34947490495351, 118.15571869116881, 125.98025884690296, 125.5062707642348, 139.62670955677544, 132.05365347620756, 125.36385493035077, 116.56524737083167, 112.55005329528244, 104.8250138632776, 97.70917603299142], [14.619137046267607, 19.113995370869322, 28.453441213588103, 38.76876317397439, 31.82473084333888, 25.58136051471018, 21.261958776067647, 38.90295258221783, 43.935713032203516, 52.54176556782738, 61.83878846413779, 70.34396274611427, 62.3764389640859, 55.12191375378857, 46.351975219485965, 5.637147452053565, 11.817247087757917, 18.264212933720657, 29.689785296333167, 41.714264946627665, 38.80212524631726, 27.905552739278427, 17.01282869865858, 7.971823290855986, 0.0, 38.582659599983074, 46.12018299512023, 53.63968537203093, 64.07629791213472, 71.56119366043868, 71.20907437657988, 62.672549195667166, 53.8724826076514, 45.392769508000654, 38.166630489705184, 12.540330508563603, 23.51601074371644, 36.67898787491135, 44.7799653506571, 51.66025086685636, 56.94093996878861, 59.2799641833291, 59.63983924362328, 56.81413862240577, 44.82207095921254, 32.32850930308959, 26.874639988466505, 75.9293774675611, 68.5569505269195, 65.38600978883693, 69.17108702396902, 71.0285715532874, 76.95777972647761, 86.24007858781705, 91.32186448298206, 90.24048477763964, 89.16020900633092, 86.6464327489299, 82.69547046813068, 75.63442010555052, 70.22328108259343, 72.85372037699723, 76.48634575423473, 84.05165870237121, 82.79482083193675, 80.10078830590176, 78.6165235824654, 63.48902760107428, 74.19604419047012, 85.06123681347556, 93.40052593292194, 103.82457602113527, 118.75652676452243, 125.4000884907455, 122.45482895256349, 135.8402812016943, 127.16023782982454, 120.06259736913515, 111.09871816327039, 106.85810328028607, 99.06827498423604, 92.16848965467653], [49.16232061073523, 55.81459806598865, 65.19812639960678, 74.01005249986272, 66.84516279963675, 59.35791624151054, 51.76212900684459, 22.93946580234939, 18.133573398941365, 20.557137951883988, 30.047944045415854, 40.34998542250785, 33.49374367321433, 28.511995718687967, 25.117005985504736, 38.07154323190104, 45.59330982747527, 53.346265435628204, 65.2464124350199, 76.78036276162179, 74.74229364802139, 64.8162288941985, 54.403416180791126, 45.839118853787205, 38.582659599983074, 0.0, 7.934433993927671, 16.018187473972983, 28.005920225285028, 36.45628537993221, 36.34579818955062, 25.95604891383947, 16.485359102656577, 9.211902413591561, 4.506456168128012, 31.861140372469674, 38.79173913006981, 49.4508721317941, 61.40774372775129, 64.41543506962078, 64.22276956649006, 60.10169630269663, 56.80152129567892, 49.84361134717826, 42.10596634789747, 28.441336861816396, 17.541889158264713, 92.139