{
	"dissimilarities": [[0.0, 7.282646387867668, 16.305045999536002, 24.929251599643543, 17.995104550401173, 12.05667471621342, 8.681124596140814, 43.12204904164207, 49.97645434017728, 59.32815776945747, 67.62615879573185, 74.78924251957748, 67.23189879555851, 60.03242745585976, 50.63128097626743, 19.96111638337498, 20.106830342633447, 21.840541727266334, 26.84264601958609, 34.39972287393122, 30.47714807504839, 23.126640167732514, 16.371779450852188, 13.372484758467515, 15.058356822784814, 49.43656842355069, 56.86010962144538, 63.80764663607863, 73.10207918129996, 79.09472515295855, 78.27140333494779, 71.18493112326317, 63.073299005836255, 54.58749914462803, 47.96940352641911, 20.048786586444926, 26.29754558242516, 37.49621181749529, 39.074778383140945, 47.044331298720635, 55.09776718677346, 58.7138911028851, 58.98398950547323, 56.77989097358199, 48.436131943524316, 37.42992528498182, 35.27761539785456, 66.03319542288374, 60.913786501103786, 60.60798336189457, 65.57987230100662, 68.48038760387357, 73.42773157942936, 83.35258534384633, 87.64430153387143, 86.93901460587611, 84.99891354625308, 81.29896836116608, 74.72520019320704, 67.29678870787272, 64.24668518496092, 67.6672766357515, 71.31845691369817, 81.15107855412418, 78.71802303927072, 76.14592492559927, 72.25951666886101, 53.940550731316016, 61.71676851268226, 72.37355701460882, 79.15405190421079, 90.17989352880151, 106.18202391183304, 112.87211974802587, 114.17231247770835, 128.29119396117494, 122.72668287088848, 117.12628196354444, 110.21407545116307, 107.74887165187783, 102.75490920896608, 96.1487787813984], [7.282646387867668, 0.0, 9.520040791602366, 19.183933025719988, 12.79484169065866, 9.597663614107864, 11.979275885660659, 50.32980171237958, 57.238663897629145, 66.58687739078361, 74.90095501407865, 82.02402524053437, 74.44680042246075, 67.22111324743103, 57.81825551504526, 23.601599955925256, 21.394597036847244, 20.607671620815925, 22.697551636605986, 29.192497906024634, 24.780332448085677, 18.15694981859489, 14.15564609070091, 15.236845809645645, 19.633105351807135, 56.1879131282496, 63.65260731436002, 70.69219214969365, 80.07435773225275, 86.2307388618021, 85.47219854514302, 78.3150441664655, 70.14195640280032, 61.64497447493292, 54.91034577086158, 26.375974732336548, 31.375358717371487, 41.021701464479186, 41.41691782515166, 49.609612322735686, 58.190692298653865, 62.816291792850436, 63.79216151050567, 62.38471327067449, 53.6129911789526, 43.79580422931107, 42.1676648132539, 66.54767325278706, 62.2019801689413, 62.97352462560548, 68.64252135088272, 72.35262672453811, 77.83793073721095, 87.98348519953382, 91.55742158047146, 90.03740946736063, 87.48291578880065, 82.99542824046694, 75.78079813956205, 68.24661826837966, 66.48831642857719, 70.64384480257762, 75.0507387335943, 85.46003897515965, 82.22669365750278, 78.91132138515138, 74.26723113254066, 49.59539518079251, 57.91675181957022, 69.61333231477528, 77.1618830385504, 88.53039689764398, 105.3741566314368, 113.02673884458655, 116.12026323643592, 131.80109823889518, 127.55606660185317, 122.49053047617163, 116.04790784157933, 114.05665730868773, 109.48998015923777, 103.0487538916142], [16.305045999536002, 9.520040791602366, 0.0, 10.3962965857121, 7.460033774291239, 11.383758147291475, 17.97821974903772, 58.75329361987909, 65.9641387172656, 75.32360274250735, 83.47365837882023, 90.0826190023847, 82.7492918174629, 75.59912734992143, 66.16001701820218, 32.32501080427727, 28.662228636560766, 25.377026191979013, 22.22281864367502, 24.11977588620064, 19.1351076840456, 17.05521661732486, 19.02049783052423, 23.415418873719965, 28.868204356306524, 65.558129404859, 72.94407798662753, 79.8339177162262, 88.873984969168, 94.74487667266548, 93.98797694377417, 87.21419285117611, 79.25273788519509, 70.84254287026396, 64.22615881348425, 35.778382033290896, 39.51397956763016, 47.44203973699546, 45.25320939696094, 53.555896434097534, 63.09337272686033, 68.64588293309266, 69.92802988218507, 69.11367302740204, 61.23431336098437, 52.48602011386983, 51.48993968444913, 66.32569149762017, 63.66952696000086, 66.2309405213666, 72.62641035039594, 77.13141617498238, 82.82985953525673, 92.55879676748324, 95.32911630126227, 93.0830756300057, 89.80984572063146, 84.36712854208089, 76.15682734100665, 68.46636640878953, 69.16014461446757, 74.3093152205319, 79.43767870164022, 89.64976874807482, 85.72364699906274, 81.66503227392515, 76.03275012690484, 43.01464020258098, 50.33313229010881, 63.00855908202816, 71.65693700479235, 83.63423029391531, 101.37973266949747, 110.4625777460693, 116.81926330474977, 133.49701234387638, 131.0245097706585, 126.71459315604292, 120.84724019226327, 119.5804221403867, 115.86657131379232, 110.27762573206635], [24.929251599643543, 19.183933025719988, 10.3962965857121, 0.0, 9.476826718705953, 16.820036046648717, 23.94960754323396, 65.04040757384476, 72.70603824420715, 82.00226863656718, 89.79680102140998, 95.48204038352202, 88.57607210622636, 81.61844471019111, 72.21692030072761, 42.40797241646709, 38.75312759302775, 34.81629139695048, 28.878432075103056, 25.15515631526286, 20.56231388923508, 24.151529081494797, 28.762029249329018, 33.527382465647, 38.71916429546503, 74.06573618631614, 81.29227370489936, 87.84394908548022, 96.21896579760407, 101.31924871312634, 100.4395024721469, 94.45402797490807, 86.93262110005448, 78.68233349716417, 72.41115968768678, 44.56243346511281, 47.08462294823065, 53.61159764680087, 48.27440219865797, 56.45498331431497, 67.04378632726467, 73.07950883184192, 74.13267801900002, 73.5732579463744, 67.75220733624093, 59.846082217962454, 59.65958868407224, 64.01405758734812, 63.543160966210785, 68.04687457982644, 74.89453858194096, 79.87660854343864, 85.3229383885481, 94.00592282865227, 96.09699070001751, 93.48368263714273, 89.64499778169848, 83.43721717730054, 74.21748639050332, 66.40291339715209, 70.03241678049365, 76.0874153218058, 81.61691431312711, 90.76620220314511, 86.5017313907836, 81.9797491776135, 75.47668000097298, 38.01186103050584, 40.80174377528093, 53.219008254300206, 62.759636264119194, 75.39674253370077, 93.71269554711634, 104.15506720574257, 114.22594062077442, 130.88120493549323, 130.18541986068186, 126.7089576578136, 121.4919286284249, 121.14402507535158, 118.74473150420386, 114.79435215703174], [17.995104550401173, 12.79484169065866, 7.460033774291239, 9.476826718705953, 0.0, 7.855932484803128, 15.914344792748517, 57.71511891453515, 65.53052820382365, 74.8228772113055, 82.80950265157735, 88.91158676038833, 81.42654309018319, 74.26564222957472, 64.88886431058032, 36.24005570388592, 33.90257749170257, 31.85593858777699, 29.676861914496524, 30.52048590030948, 25.555830776161454, 24.5077188687244, 25.318270622620908, 27.962888157331765, 31.988808033121536, 66.999247483585, 74.44627391941184, 81.28962932792112, 90.21342172505925, 95.41078718596727, 94.33375388574643, 87.97782156028758, 80.12792928355879, 71.62637149127401, 65.21631525188799, 36.4676518244023, 37.86474679891476, 44.18288532210266, 39.75259919509714, 48.02462576847517, 58.2095324001019, 64.13399535172789, 65.44165754068511, 65.12056894305942, 58.462897431625706, 51.08897998398318, 51.7990887752196, 59.026566476499596, 56.88707084471463, 60.20069447072559, 66.84029843536598, 71.67103110650416, 77.40350074889126, 86.90626386833573, 89.1810400554531, 86.61127500547893, 83.09088913637308, 77.39085536240532, 68.9369390483946, 61.215172273483354, 62.74261719254116, 68.30228505115186, 73.70604586239884, 83.77250380796407, 79.46509152461324, 75.12006895583554, 69.16338020231032, 46.549380719153866, 49.067458462009725, 58.4371766837393, 65.70873225141281, 77.07085862448596, 94.6056986821954, 103.29615193224943, 109.5910863967281, 127.03104777241909, 125.49711432313103, 121.74732607775915, 116.68128713961899, 116.35083402927155, 114.1393026273922, 110.27971041411188], [12.05667471621342, 9.597663614107864, 11.383758147291475, 16.820036046648717, 7.855932484803128, 0.0, 8.403560504822517, 50.15160824496031, 57.992361500874125, 67.26571517930499, 75.32245613199451, 81.6468928330608, 73.92435421446186, 66.68939296896342, 57.32885790464666, 31.029223459503285, 30.266907077681342, 30.171666666646676, 31.244919627327146, 34.90780340996922, 30.142324126563732, 26.32564324727696, 23.70904578977893, 23.750544570491137, 26.187378145107424, 59.74680111530107, 67.2388039424458, 74.140046423096, 83.23499283876302, 88.40063631313367, 87.21794221309266, 80.73483318532615, 72.79058909205467, 64.21309932602377, 57.822873677931625, 29.075984216346757, 30.304539232240256, 37.55470057926195, 34.46488543840032, 42.80074319415617, 52.50378194026382, 57.74399761906771, 58.736921400345956, 58.00978386196695, 51.09255928212659, 43.252478844366095, 44.17355182656297, 57.276321473543334, 53.700602246410625, 55.60861228251585, 61.69884737574248, 65.92153271213076, 71.46876979494564, 81.26844559319058, 84.15209891381927, 82.17280762705612, 79.23163408002635, 74.32274418403962, 66.67686681381723, 59.04870050064181, 58.567317802467315, 63.37990496044128, 68.22533421486513, 78.39967665476348, 74.62066460177623, 70.87140078431469, 65.70224473541656, 52.066539157292844, 54.91680705538941, 62.97997406768874, 69.01408557443592, 79.69569826643122, 96.31302615267164, 103.64002173514328, 107.07836469141088, 123.73082482454167, 120.8711796863659, 116.60283216920017, 111.23095875886806, 110.53990546230976, 108.04248313887835, 104.01705396825102], [8.681124596140814, 11.979275885660659, 17.97821974903772, 23.94960754323396, 15.914344792748517, 8.403560504822517, 0.0, 41.82499861970481, 49.667823106780205, 58.941518536633325, 66.95716293276463, 73.29035184087887, 65.6236106446195, 58.42061678287013, 49.032066207985956, 27.33797409762852, 28.519192463689187, 30.366624373574897, 34.04052157549846, 39.312704735976, 35.030317173943295, 29.77687522646421, 24.569468803473203, 21.75199320856135, 21.906413374655948, 52.159052811081075, 59.53386491073075, 66.26434112145547, 75.17389385987521, 80.1233758993676, 78.88008960719985, 72.52728352361704, 64.71007117258128, 56.199318788345785, 50.009963919025296, 22.438005496591067, 24.624125264454207, 33.85599983063577, 32.306945424852316, 40.42973745448945, 49.50242804879293, 53.44473379784139, 53.49667051411279, 51.69619288211929, 45.38226854433293, 36.053074167953866, 36.512802525001995, 57.72923064671392, 53.13453894569228, 53.60306508040677, 58.794980746420535, 61.96444176948293, 66.81748837652853, 76.33966612871382, 80.19420165227433, 79.29460024431917, 77.15027636412894, 73.25897635835878, 66.42674398866218, 58.91940827956222, 56.7386879139178, 60.59673594273669, 64.46097066151228, 73.87999016853138, 71.1609095698237, 68.38714419023759, 64.19875671444935, 56.260475767390076, 59.43031869062271, 66.85814761992415, 72.2003965391781, 82.57001454480165, 98.14652760494707, 104.36746270677365, 105.70163339493038, 120.25575285150799, 115.6764748905825, 110.6933842502096, 104.65090631854434, 103.31299330961662, 100.2045911423766, 95.91465823346475], [43.12204904164207, 50.32980171237958, 58.75329361987909, 65.04040757384476, 57.71511891453515, 50.15160824496031, 41.82499861970481, 0.0, 9.065853278025186, 17.5374385713203, 25.29439747656615, 32.5008962957308, 24.141931562269036, 16.932616986391942, 7.567577059703389, 42.09110740755616, 49.4084365610276, 56.36855631575688, 65.98583372331795, 74.60885158733225, 71.76701761110711, 64.02130531582263, 54.65724542686151, 46.37004884073392, 39.30000419731695, 23.773250665091577, 27.929576853232167, 32.11646752046982, 39.19389390398632, 41.75414823755759, 39.514400014942616, 34.17211502276587, 27.78336110744409, 20.92839460630196, 19.30766214714692, 28.568419569054676, 30.485806721399992, 39.36495627807721, 45.698580913439784, 48.30055751226048, 49.91935124057145, 45.28869732452126, 39.829592843723724, 31.318197819568766, 31.76913882299539, 18.483779777614238, 16.250337145214342, 72.74641841503417, 64.44715071839556, 57.927026120040765, 57.0597744365886, 53.62419371326668, 53.47633154563859, 60.223550855836436, 69.07219377679814, 73.95767292170486, 76.32700175525808, 78.14156886327852, 76.62858430645755, 71.3849151768678, 61.30434360370365, 59.16424293715144, 56.783378498023545, 60.77735978404711, 64.362165371545, 67.22498731052713, 68.95535901039345, 89.85154389063503, 93.1516127122361, 96.8818524614833, 98.51335664605905, 106.10138705248998, 116.16228311879253, 116.4517081949625, 105.88114123556545, 110.02906719366544, 96.07219098332358, 87.15425954765537, 77.80101944553384, 72.52729044455303, 65.88990750458888, 60.353385472440245], [49.97645434017728, 57.238663897629145, 65.9641387172656, 72.70603824420715, 65.53052820382365, 57.992361500874125, 49.667823106780205, 9.065853278025186, 0.0, 9.360486612798557, 17.808112787017606, 26.787251206751915, 18.804629295252113, 12.54874232952486, 7.461036234421931, 45.98561760301602, 53.498020421463345, 60.77474743976644, 71.0436418063509, 80.332470427259, 77.8268303867832, 69.60574525068742, 59.91653710902827, 51.43101197872099, 44.14994415676131, 18.795982949368543, 20.82092629165326, 23.808056679004377, 30.547987147340887, 33.38919518616867, 31.230419933267836, 25.2175714582067, 18.97270086551203, 13.22282920699307, 14.468806349455303, 34.174099269054715, 37.325454038095785, 46.1787564995123, 53.99611081587802, 56.14201053712931, 56.53033969623875, 50.97883955581511, 45.36351395176172, 36.515501573170724, 36.54411928755817, 23.95395688194769, 19.079843901288108, 81.23745243277386, 72.56975564201443, 65.28804225966057, 63.721665565482645, 59.49747982688148, 58.700208842887776, 64.86143389142742, 74.3586231835763, 80.00286204262534, 82.99030275048649, 85.51140321979923, 84.67105683422325, 79.7314193496021, 68.81999785109822, 65.92290182814955, 62.77417878148797, 66.03175114996891, 70.51699365200315, 74.07582384840227, 76.53549100811253, 95.79731953199419, 100.63691040073866, 105.2424390853983, 107.14974513263344, 114.78802877219682, 124.45549620838942, 124.31723008740276, 112.40529200439731, 114.64624884675955, 98.73500746572115, 88.86084155575006, 78.42680759513647, 71.49635979968967, 62.4376479441654, 54.3814743538312], [59.32815776945747, 66.58687739078361, 75.32360274250735, 82.00226863656718, 74.8228772113055, 67.26571517930499, 58.941518536633325, 17.5374385713203, 9.360486612798557, 0.0, 8.838851597044325, 19.26397315290314, 11.606483275406854, 8.449721467835138, 12.05636131879988, 54.55418328597903, 62.14683275003843, 69.55305880108018, 80.02981056924789, 89.42683423933441, 87.02839145841175, 78.74690184346127, 68.97513101555828, 60.42781558363463, 53.06342225754681, 22.43097155285856, 21.225299509292984, 21.307812859170976, 25.625365764596783, 26.633234738286564, 23.854771607805137, 18.881146267204546, 15.135706015039206, 13.99643634890203, 19.02902166938072, 43.10011733774873, 45.51137191465305, 53.04686600451605, 61.10360514250348, 62.33204253879567, 61.45550298372294, 54.696754894009544, 48.46687586809306, 39.238401338713594, 41.12347010322998, 31.089347153066694, 27.30266336287275, 87.16497230417104, 78.27078347991748, 70.24293725388387, 67.65121268787343, 62.344793606926686, 60.409089203260564, 65.37729597371005, 75.54740753221137, 82.22650796535166, 86.03418839973013, 89.56450033541937, 89.70504019516261, 85.32080107095331, 73.60104548329362, 69.76059851663331, 65.51257260324518, 67.26090346741303, 72.93995970359384, 77.48529033782849, 80.95259724648504, 104.53312544626569, 109.12010276805675, 113.03829290158954, 114.32329684905856, 121.39545318907635, 130.02733962437185, 128.80616900476858, 114.73498535487313, 114.69067076926817, 96.82929376962848, 86.15212002958721, 75.10145045973306, 67.09524948289786, 56.98939569553831, 48.580846473168066], [67.62615879573185, 74.90095501407865, 83.47365837882023, 89.79680102140998, 82.80950265157735, 75.32245613199451, 66.95716293276463, 25.29439747656615, 17.808112787017606, 8.838851597044325, 0.0, 11.474447525699702, 7.434132128165198, 11.206913428164821, 18.760536291109403, 63.197787142718944, 70.70049944013756, 77.98536304969367, 88.2432306423095, 97.27768103147892, 95.00018595324445, 87.03250741124754, 77.44551965847332, 69.0068020595724, 61.73664410385626, 29.786449455577564, 26.74242320108157, 24.146258088426144, 24.246371747457886, 21.646847987751407, 17.99640953172785, 16.93124932529673, 17.96530037970033, 20.734301509387215, 26.971828541747442, 51.85722493953665, 53.90483846420012, 60.650519153627116, 68.00337646854794, 68.65751093310263, 67.30343607108456, 59.776694423002375, 52.84421142293082, 43.304394616199794, 47.69760715070362, 39.26431818562529, 36.1413359829883, 92.2296151842276, 83.63016131912735, 75.4631078851366, 72.13745409359682, 66.00095424518223, 62.82155612119841, 65.99149943055994, 76.74701177053691, 84.50081800919533, 88.97274480309966, 93.28816994936888, 94.04016754438891, 90.06884172482997, 78.37942963954987, 73.99232632938875, 68.84097190752756, 68.47926150173059, 75.38405734351454, 80.81642805747234, 84.9878549835772, 111.3925531252834, 115.24811333976548, 118.38838606057439, 119.16727300481801, 125.81763041580125, 133.37267081954576, 131.33579545871007, 116.20386222044415, 113.15047119494749, 93.47331279511663, 82.03476890393638, 70.19031790463274, 61.049207602415784, 49.94001983073044, 41.95801454264028], [74.78924251957748, 82.02402524053437, 90.0826190023847, 95.48204038352202, 88.91158676038833, 81.6468928330608, 73.29035184087887, 32.5008962957308, 26.787251206751915, 19.26397315290314, 11.474447525699702, 0.0, 10.656745214967561, 17.664203975264126, 25.55713017400406, 72.44610919770564, 79.69871961421582, 86.56851339478985, 96.00217616234733, 103.92373999840903, 101.70431553754663, 94.64147534086428, 85.62314802773415, 77.51403644344225, 70.53931002463695, 40.72448177610663, 37.55410809719323, 33.94405136648053, 30.491665505424265, 23.420911572636044, 19.268030785405266, 24.3006521681881, 28.25697329118646, 31.6901206696537, 37.76085763972389, 60.59704703347468, 62.01932419335188, 67.98565472551752, 73.23202866465172, 73.44763700092928, 72.42803710917127, 64.4783196394513, 56.52210857415622, 46.612305318118324, 54.96545105422235, 47.7633161648219, 45.76746694099555, 94.07115499046976, 86.50308367874027, 78.92822270645587, 75.06343844176988, 68.26168989798147, 63.48936959943011, 63.79140121734359, 75.08619801666296, 84.11587656399834, 89.13705094111981, 94.08413429815738, 95.1237229065197, 91.52827804012655, 80.93298098039654, 76.38763405418656, 70.41719700719857, 66.7865580261519, 75.13990389298722, 81.48256506320435, 86.11124103365809, 116.02025484607704, 117.76898937642812, 119.29071680831218, 119.2861115971692, 125.38227482580683, 131.45842730979885, 128.6557243942098, 113.63180016439665, 106.3737770985438, 85.04774847799, 72.91981011189135, 60.08522385530734, 49.98096904903874, 38.90225686763489, 34.9155871303513], [67.23189879555851, 74.44680042246075, 82.7492918174629, 88.57607210622636, 81.42654309018319, 73.92435421446186, 65.6236106446195, 24.141931562269036, 18.804629295252113, 11.606483275406854, 7.434132128165198, 10.656745214967561, 0.0, 7.614736816917903, 16.709801212184452, 64.67520119418323, 72.22669796354705, 79.44798562063511, 89.37668402058164, 97.92416041099733, 95.3623583848112, 87.7461517612766, 78.30805140976416, 69.89661376385358, 62.62257593907552, 33.982369332355695, 32.284806253260705, 30.862916834498503, 31.629635846476162, 28.250778723413287, 24.333978681694386, 24.364565778109053, 24.530493666105887, 25.447252572632138, 30.532845477892003, 51.94369430349337, 52.33798991433638, 57.78584979757462, 63.94908008281422, 64.05192818591851, 62.6040526707693, 54.749618623219, 47.24952874314467, 37.501910040040976, 44.42731241605426, 37.69485169315389, 36.943240385034024, 86.53979792721901, 78.1129953465455, 69.97720443302683, 66.29671063820827, 59.82813113568985, 56.087698385198756, 58.67167468729199, 69.52046682693279, 77.54717230438783, 82.20034392177047, 86.79946792098582, 87.86511759836077, 84.18268423061325, 72.5311871827126, 67.94400515352862, 62.426122842192036, 61.244782069274514, 68.47029408190066, 74.20789941474611, 78.66748113385678, 111.63330884537902, 113.54000010524103, 114.95554522253845, 114.72893603890645, 120.66791155227831, 127.5938085223502, 124.88957699261768, 108.96019292375198, 106.04620692078605, 86.76981188608956, 75.6719646192354, 64.61914777008026, 56.78500072859985, 48.614652973591966, 44.85984672884597], [60.03242745585976, 67.22111324743103, 75.59912734992143, 81.61844471019111, 74.26564222957472, 66.68939296896342, 58.42061678287013, 16.932616986391942, 12.54874232952486, 8.449721467835138, 11.206913428164821, 17.664203975264126, 7.614736816917903, 0.0, 9.44881732671809, 57.698480594122735, 65.3000358811651, 72.57626817300766, 82.58062459174309, 91.30675266548016, 88.58944384560587, 80.80194122418159, 71.26584793731786, 62.7949408648723, 55.46904761203795, 29.25361834840569, 29.205990188880687, 29.735413710659383, 33.25085026686754, 32.24543327577274, 28.816496734353844, 26.220845550092122, 23.50969287245467, 21.696622656388943, 25.324331023760077, 44.52777422372321, 44.737581733299024, 50.56066996115122, 57.07941087469332, 57.588357986232296, 56.57085452052073, 49.29537166418635, 42.23843343921137, 32.562038776679984, 37.911527272516, 30.190507154688508, 29.806223175551477, 81.12706248152823, 72.43338067892647, 64.39716649256592, 61.31306933543912, 55.523142204748346, 52.84884358407168, 57.09464870601148, 67.42440175012379, 74.50102687119127, 78.57233359987919, 82.49902839677007, 83.04642427208806, 79.01383048401537, 67.299924436484, 63.16679627800653, 58.40349848623527, 59.09634486861466, 65.22687241780143, 70.20183281415493, 74.06633465241258, 105.74686602705103, 107.92161655670344, 109.71955963537167, 109.77634274772615, 115.99203479242719, 123.79643747086106, 121.7339727388412, 106.67044878070786, 106.5223369810942, 88.99575292531325, 78.66920372132441, 68.45463312975843, 61.78525652050178, 54.619557904178265, 50.47388608682417], [50.63128097626743, 57.81825551504526, 66.16001701820218, 72.21692030072761, 64.88886431058032, 57.32885790464666, 49.032066207985956, 7.567577059703389, 7.461036234421931, 12.05636131879988, 18.760536291109403, 25.55713017400406, 16.709801212184452, 9.44881732671809, 0.0, 49.241804601809115, 56.687884422228194, 63.76915113871473, 73.49184756873248, 82.05393670927526, 79.2536018287239, 71.57593157900384, 62.18225268359313, 53.833862246374935, 46.65927731354416, 25.766243153318918, 28.05509038015944, 30.69366448125883, 36.315860901801365, 37.30914228209649, 34.532848783699876, 30.334486905400958, 25.322918677566573, 20.35980658397152, 21.313476932346088, 35.749432006667476, 36.564401434225644, 43.790540904274145, 50.01778564225607, 51.569282492701845, 51.99649941196393, 46.03622711762733, 39.62560759359136, 30.262803490866915, 33.54544839605284, 23.021618320375612, 22.144576348687952, 75.52109402114654, 67.06283349814757, 59.83810939555579, 57.906271229470434, 53.324522380351375, 51.95539443799434, 57.56409356806757, 67.15244644445956, 73.08774199149273, 76.24505706555112, 79.04361416984598, 78.46731229844936, 73.77412401791875, 62.9486350137006, 59.87462399462439, 56.34654014151269, 58.75094729052986, 63.548798580947775, 67.42308107995797, 70.1512596150052, 96.76893236719782, 99.27570070931202, 101.89891203471696, 102.69816432645771, 109.6061655462909, 118.57198803868809, 117.74755884092015, 105.16240236821365, 107.34915705622704, 91.85780713536455, 82.34888773230408, 72.64770597485551, 66.89070593273281, 60.2447116139192, 55.586957685660835], [19.96111638337498, 23.601599955925256, 32.32501080427727, 42.40797241646709, 36.24005570388592, 31.029223459503285, 27.33797409762852, 42.09110740755616, 45.98561760301602, 54.55418328597903, 63.197787142718944, 72.44610919770564, 64.67520119418323, 57.698480594122735, 49.241804601809115, 0.0, 8.133899683261534, 16.55147242397706, 29.240509373879934, 42.39031476996166, 39.84176650423346, 28.446800780643475, 17.396246973973295, 9.162963167711796, 5.663930082853866, 38.11301421328027, 45.431028452676095, 52.99519062289624, 63.68949646470809, 71.96489152965167, 71.80263809380803, 62.758832400124064, 53.86041143370258, 45.652843138560605, 38.36262879105313, 16.387494626177944, 28.046781933422807, 41.174761477944436, 49.894046731540406, 56.576207761689325, 61.21873548107789, 63.18078657931369, 63.79327295374008, 60.90351970476433, 48.30221956561762, 35.37329821142968, 28.61441319992566, 81.30666094183363, 73.72621064601479, 70.3557674186517, 74.01044501213883, 75.66609776056346, 80.61532809892405, 91.73891615163697, 97.16126316577342, 97.20334773925279, 96.29396469030573, 93.92162854824518, 89.0774132830844, 82.2621786445534, 75.27986272605891, 76.83047735065935, 79.38925568617337, 90.34568329877835, 88.79913716868137, 87.2027997961443, 84.91491759106046, 65.27732468679186, 79.11906432788146, 92.06418859647086, 99.09036389513926, 109.84633331227857, 125.43868947264436, 130.99122763700205, 127.9734031025007, 141.43516243597526, 132.86656617454855, 125.76540541497086, 117.44409038471002, 112.79054761467525, 104.38064141177989, 93.31866372383253], [20.106830342633447, 21.394597036847244, 28.662228636560766, 38.75312759302775, 33.90257749170257, 30.266907077681342, 28.519192463689187, 49.4084365610276, 53.498020421463345, 62.14683275003843, 70.70049944013756, 79.69871961421582, 72.22669796354705, 65.3000358811651, 56.687884422228194, 8.133899683261534, 0.0, 8.555974178095967, 21.643778247920903, 35.46253660326494, 33.200086697239946, 21.40731001711579, 10.901259182540196, 6.773248135077069, 11.025331530462884, 45.560419923426146, 52.61909421709037, 59.94210544951718, 70.25416317174896, 78.6339378396044, 78.66987535054848, 69.8032366737712, 61.12992790767873, 53.15043601388393, 45.98184253859171, 23.50491579747243, 34.22347819285325, 46.60933478625509, 53.93213909461024, 61.10275140339781, 66.57285407589225, 69.38990010622443, 70.36152743258268, 67.85176677372031, 55.39071663335308, 43.014062454335004, 36.57925279772765, 84.00062735438678, 77.26134362226769, 74.96695894043664, 79.27647878310337, 81.58307115298446, 86.84945598413108, 97.92710247672441, 102.92152298831103, 102.45103035581644, 101.02812409945699, 97.94801668166049, 92.36130417041723, 85.30184755740758, 79.7066136122578, 81.98423920521927, 85.15088624021233, 96.26667404766081, 94.2205801876004, 92.06204204274981, 89.04960804836614, 59.294866577034306, 75.18393123654262, 90.03337126981597, 98.26728129220058, 109.70357045602043, 126.11296968590925, 132.83560659466, 132.10672380030215, 146.23259917086875, 138.58403628195364, 131.7907706559515, 123.51973281244875, 118.99108981704137, 110.4928498508358, 99.16701167525244], [21.840541727266334, 20.607671620815925, 25.377026191979013, 34.81629139695048, 31.85593858777699, 30.171666666646676, 30.366624373574897, 56.36855631575688, 60.77474743976644, 69.55305880108018, 77.98536304969367, 86.56851339478985, 79.44798562063511, 72.57626817300766, 63.76915113871473, 16.55147242397706, 8.555974178095967, 0.0, 13.306145688621818, 27.60249934251391, 25.747701258484998, 13.93423297426669, 6.572289799092704, 11.148912002450375, 18.258987054661986, 53.39252220647844, 60.24308227823586, 67.27244225445006, 77.05660200173968, 85.29370855357679, 85.46417594140001, 76.96767148135665, 68.59361378726189, 60.79610698504213, 53.79051518229564, 30.834503144090355, 40.839111048287535, 52.59998409185166, 58.137765788230055, 65.74219702781346, 72.15707314537745, 75.69635281800792, 76.80513803597505, 74.52173098330849, 62.693986252309614, 50.627181535589955, 44.48685887339704, 86.28721035074116, 80.6291126520778, 79.55360668169062, 84.46266387323107, 87.3351413111688, 92.75336076952175, 103.54520796083378, 108.14934446860694, 107.27685986371887, 105.36185657146082, 101.59013934356774, 95.19885939255556, 87.8933244093565, 83.9596072905989, 86.98473869153815, 90.67367336843402, 101.62376475305435, 99.19136731015813, 96.54281946538019, 92.7988968943813, 52.104258038051945, 69.93364120228665, 86.72616715322984, 96.24535154308917, 108.4104348652225, 125.55386210149285, 133.533620039195, 135.48460556536926, 149.91472496029027, 143.24917300540602, 136.806787001344, 128.5978885761549, 124.26722456108419, 115.85092589625089, 104.59285100508801], [26.84264601958609, 22.697551636605986, 22.22281864367502, 28.878432075103056, 29.676861914496524, 31.244919627327146, 34.04052157549846, 65.98583372331795, 71.0436418063509, 80.02981056924789, 88.2432306423095, 96.00217616234733, 89.37668402058164, 82.58062459174309, 73.49184756873248, 29.240509373879934, 21.643778247920903, 13.306145688621818, 0.0, 14.701985454618226, 13.656438110360218, 5.294872170108926, 13.083634650158766, 21.84589868492544, 29.639340694400833, 65.275458216002, 71.95661865241144, 78.58396083834458, 87.54279030326917, 95.207954038841, 95.42591436282422, 87.69124712157415, 79.78360820643087, 72.13756302991159, 65.39137333919564, 41.54286208263455, 50.38925432955757, 61.18489871017675, 63.70687185115881, 71.78587510745547, 79.64562329330363, 84.10533074166804, 85.21973209215143, 83.21067601896529, 72.84212421392118, 61.25087046857873, 55.8239706651298, 88.12559140113093, 84.3642007210631, 85.24132994145812, 90.94397364614514, 94.5667327386365, 100.03619595713401, 110.13116831816899, 114.11429161106335, 112.72400078021205, 110.09735820832482, 105.33309682609104, 97.73081446341541, 90.12221460083984, 88.96093890515988, 93.09506414852582, 97.46312087736469, 107.81471379902321, 104.88784036837139, 101.58046999828133, 96.7637891613572, 39.98685459789046, 60.05935873573513, 79.50406802139409, 90.87865535142205, 104.06128865290974, 122.11057807310968, 131.97851690457756, 138.27637191142028, 152.8729053153038, 147.90303660897894, 142.1384793795968, 134.21174270136697, 130.4423137325926, 122.65458151179011, 112.23756566291577], [34.39972287393122, 29.192497906024634, 24.11977588620064, 25.15515631526286, 30.52048590030948, 34.90780340996922, 39.312704735976, 74.60885158733225, 80.332470427259, 89.42683423933441, 97.27768103147892, 103.92373999840903, 97.92416041099733, 91.30675266548016, 82.05393670927526, 42.39031476996166, 35.46253660326494, 27.60249934251391, 14.701985454618226, 0.0, 5.195082595406254, 15.0304025480971, 25.691471859814587, 34.16443924380503, 41.67309830276195, 76.8210283509528, 83.33042789755308, 89.48205147027963, 97.44992563740999, 104.1752751703556, 104.33239081125461, 97.63847375734511, 90.32581990609965, 82.85398676485904, 76.48955056273682, 52.351129511631356, 60.094063296010674, 70.00249321930536, 69.24988887047525, 77.56478866334861, 86.83167552850576, 91.88363929934116, 92.66062734987831, 90.71950560897565, 82.5334253673832, 71.32809425222989, 66.67113134433252, 88.90786399303205, 87.40382500451648, 90.31240564917944, 96.58725883790746, 100.72393287624811, 105.90756383996158, 114.8263159358141, 118.24935226226384, 116.59130764103162, 113.36737493705718, 107.75934606916537, 98.97992580598627, 91.1568150806498, 93.09715634012562, 98.24707803846519, 103.05273886002138, 112.16768284361063, 109.00482678069645, 105.24614836611694, 99.46578133845053, 25.842724662799895, 47.50181749515765, 69.66290798096115, 83.00251916618302, 97.23816076530183, 115.86852820485447, 127.66946829555731, 138.83955473485202, 152.7705434697787, 149.576580175781, 144.58948141412353, 137.03528272052822, 133.9957801871111, 127.22971872331637, 118.32918096525063], [30.47714807504839, 24.780332448085677, 19.1351076840456, 20.56231388923508, 25.555830776161454, 30.142324126563732, 35.030317173943295, 71.76701761110711, 77.8268303867832, 87.02839145841175, 95.00018595324445, 101.70431553754663, 95.3623583848112, 88.58944384560587, 79.2536018287239, 39.84176650423346, 33.200086697239946, 25.747701258484998, 13.656438110360218, 5.195082595406254, 0.0, 12.170760684579616, 22.79532550029378, 31.198568813437646, 38.66947300175897, 74.81061361028641, 81.571685923336, 87.95712469675784, 96.25986737382682, 102.88272205352587, 102.84683910798366, 96.0541760852053, 88.52686348027018, 80.7939641369948, 74.29892727294914, 48.95204080597081, 55.94197869983051, 65.37885125973858, 64.35789503206037, 72.66191979114112, 81.97722044582086, 87.24135028226054, 88.22988080486176, 86.61576447531166, 78.32903473614233, 67.6913402084293, 63.774067294346615, 84.08937551162053, 82.4278005298801, 85.35892839696142, 91.72993015749459, 96.03765733456535, 101.4142068507049, 110.57601344895333, 113.77112430467382, 111.87034093996274, 108.5581703184915, 102.8866141735807, 94.16602770827515, 86.37795362613063, 88.17973310474062, 93.39689989350119, 98.36067548926911, 107.82809617014021, 104.39422811288574, 100.47637319640697, 94.64482756791246, 28.82721936940781, 47.17465582172583, 67.63130249072191, 80.15654282478353, 93.98305370688759, 112.59288724717746, 123.96206559704846, 134.31404931918894, 149.12855153985697, 146.26379043293554, 141.48443980221657, 134.35339463613502, 131.74928320539428, 125.67828438075746, 117.47091028456838], [23.126640167732514, 18.15694981859489, 17.05521661732486, 24.151529081494797, 24.5077188687244, 26.32564324727696, 29.77687522646421, 64.02130531582263, 69.60574525068742, 78.74690184346127, 87.03250741124754, 94.64147534086428, 87.7461517612766, 80.80194122418159, 71.57593157900384, 28.446800780643475, 21.40731001711579, 13.93423297426669, 5.294872170108926, 15.0304025480971, 12.170760684579616, 0.0, 11.15979444102682, 20.115250264212506, 27.942716619609648, 64.90024711795661, 71.85108911918817, 78.65272459617697, 87.7880239914733, 95.12550458422153, 95.10552837159601, 87.47734802888687, 79.44465565679143, 71.52257179593141, 64.69715289324799, 39.216325350312175, 47.053067237587875, 57.27919788754854, 59.03951780267871, 67.16919660378394, 75.31878091878092, 80.08729558173384, 81.35372852041944, 79.68772988769486, 69.5760142532665, 58.629786901058196, 54.201752354787885, 82.96416579828873, 79.33641815214499, 80.50803941144679, 86.39011166891747, 90.25750418011442, 95.87489085582094, 106.03211087480243, 109.70735093108605, 108.04836532705032, 105.25524782610916, 100.32119549274508, 92.62163129393772, 85.01848608517501, 84.12992160160394, 88.47566476102921, 93.06240515682745, 103.57208218083966, 100.34610944411493, 96.82410170109159, 91.82798170540693, 40.216644777791664, 57.68762672093805, 75.78234988816304, 86.56597623555477, 99.44690110649928, 117.48137018858606, 127.15528160858881, 133.31552713874893, 148.641925902433, 144.27536357877406, 138.85057564106643, 131.42835798934246, 128.2481786274635, 121.40255544060551, 112.05712052292145], [16.371779450852188, 14.15564609070091, 19.02049783052423, 28.762029249329018, 25.318270622620908, 23.70904578977893, 24.569468803473203, 54.65724542686151, 59.91653710902827, 68.97513101555828, 77.44551965847332, 85.62314802773415, 78.30805140976416, 71.26584793731786, 62.18225268359313, 17.396246973973295, 10.901259182540196, 6.572289799092704, 13.083634650158766, 25.691471859814587, 22.79532550029378, 11.15979444102682, 0.0, 9.100242515939232, 17.01040328922398, 54.45816024742315, 61.60937603999159, 68.72320924449298, 78.45979743660244, 86.0839337901451, 85.9610284353487, 77.83676199003294, 69.45295426677367, 61.34027849419722, 54.31732701137368, 28.797187715670706, 37.568788230719214, 48.80582652357566, 52.91357781547354, 60.733646538415265, 67.8273083374003, 71.8080480463431, 72.96696367000075, 71.01065381286304, 59.9194619989488, 48.48388190609791, 43.689473769645645, 80.14038096232566, 74.9141965272533, 74.45513805976259, 79.66843643913116, 82.8792803139179, 88.39806433848305, 99.06208840213925, 103.29587223658916, 102.1402244089593, 99.96894002703405, 95.89993120437079, 89.2036671279862, 81.82220420776082, 78.61641341669657, 82.04372981476699, 86.03201149646506, 96.92599384337377, 94.16736685440888, 91.24016090829839, 87.15460019103435, 49.87219441246456, 65.26153487541232, 80.8711976185099, 89.96591601611753, 101.95662457978965, 119.11854988971828, 127.127239720519, 129.6270739083714, 144.61953140946625, 138.82136788413686, 132.84310585915367, 125.20209985340749, 121.62330126179721, 114.4134748002028, 104.64775761869555], [13.372484758467515, 15.236845809645645, 23.415418873719965, 33.527382465647, 27.962888157331765, 23.750544570491137, 21.75199320856135, 46.37004884073392, 51.43101197872099, 60.42781558363463, 69.0068020595724, 77.51403644344225, 69.89661376385358, 62.7949408648723, 53.833862246374935, 9.162963167711796, 6.773248135077069, 11.148912002450375, 21.84589868492544, 34.16443924380503, 31.198568813437646, 20.115250264212506, 9.100242515939232, 0.0, 7.91425108221656, 45.86490376434525, 53.21087817090702, 60.53880098174483, 70.66392837814453, 78.30221988536772, 78.02794761137348, 69.65538204841052, 61.04591556103497, 52.74998901747096, 45.61639252632278, 20.023335874999944, 29.937916797816424, 42.265441549397565, 48.17356979380778, 55.601148151099366, 61.81063947591617, 64.9159579846398, 65.74606690452543, 63.374711137272016, 51.909859868910424, 39.82907726544607, 34.71436891803812, 77.6032327346976, 71.2407205514984, 69.46201946077402, 73.9881598674527, 76.50305031404149, 81.74297069203539, 92.58049699040976, 97.34291837391548, 96.75835442103488, 95.17170746511948, 91.9043952733292, 86.05607096485524, 78.90038657250292, 73.9341604219038, 76.53981238005147, 79.88308339787164, 90.74655459776702, 88.5348740334386, 86.2271467848573, 82.96328484380838, 57.196194352597594, 70.6199225652287, 84.15317581992616, 91.88123619904827, 103.13386872420914, 119.41411690025257, 126.06440939737452, 125.78938885527803, 140.07177249892183, 133.09064915780493, 126.67955730550605, 118.8721394629504, 115.02370370356601, 107.68060027235046, 97.89440214412024], [15.058356822784814, 19.633105351807135, 28.868204356306524, 38.71916429546503, 31.988808033121536, 26.187378145107424, 21.906413374655948, 39.30000419731695, 44.14994415676131, 53.06342225754681, 61.73664410385626, 70.53931002463695, 62.62257593907552, 55.46904761203795, 46.65927731354416, 5.663930082853866, 11.025331530462884, 18.258987054661986, 29.639340694400833, 41.67309830276195, 38.66947300175897, 27.942716619609648, 17.01040328922398, 7.91425108221656, 0.0, 38.62900120884169, 46.1761439158729, 53.701410461772156, 64.17679161918852, 71.75557135580208, 71.31081047256454, 62.73805582756873, 53.92370796703666, 45.43837352715984, 38.21012655826471, 12.623715930290016, 23.987854516834325, 37.31856735844963, 44.91611671234512, 51.81007597176717, 57.07630234453952, 59.24693802300214, 59.700716801866406, 56.89251784212547, 45.17381640879133, 32.38581815730217, 26.92095776844845, 75.93671596077657, 68.61953928438051, 65.62151735673167, 69.43291406951239, 71.23591570460725, 76.15096735379818, 87.08201742687258, 92.33641049342543, 92.3102515863858, 91.28486203449141, 88.78675265175885, 83.75343972811925, 76.86402720782212, 70.32989523919144, 72.12664483938386, 74.80877994327116, 85.54683486147789, 83.88409311126415, 82.18931454402994, 79.72224359824568, 63.7941279009795, 75.60846076139038, 87.37103858400573, 93.90956292429324, 104.467854969249, 119.89951682026697, 125.34053610625335, 122.61946480283186, 136.1803662332772, 128.1421888023428, 121.35278673185327, 113.42015240252181, 109.34989731280017, 101.94690490177622, 92.24572244258115], [49.43656842355069, 56.1879131282496, 65.558129404859, 74.06573618631614, 66.999247483585, 59.74680111530107, 52.159052811081075, 23.773250665091577, 18.795982949368543, 22.43097155285856, 29.786449455577564, 40.72448177610663, 33.982369332355695, 29.25361834840569, 25.766243153318918, 38.11301421328027, 45.560419923426146, 53.39252220647844, 65.275458216002, 76.8210283509528, 74.81061361028641, 64.90024711795661, 54.45816024742315, 45.86490376434525, 38.62900120884169, 0.0, 7.928434810527801, 16.05013277506607, 28.126261321028377, 36.755773820027976, 36.44812336889465, 25.98168713400918, 16.462074002316477, 9.15613393253135, 4.526892922164053, 31.86588574545856, 38.953325295688586, 49.82295988597479, 61.447584126310666, 64.51556366893355, 64.3360619581142, 60.08364744215492, 56.85708802344637, 49.895186759795145, 42.39791707435886, 28.48080191042201, 17.55454876505916, 92.56215815612003, 82.9674692288572, 75.30356394