[[0.0, 27.595710267883778, 53.286935680944715, 72.79791617836622, 92.20377651783382, 109.12063026591785, 123.83084970840483, 144.45611755644796, 152.69957862012257, 155.50071665336307, 145.22990011414828, 139.70765145503358, 136.94206124383697, 126.29442669485732, 122.55017738371275], [27.595710267883778, 0.0, 26.270761608077315, 46.37482106156795, 66.08523827284556, 83.44830062451183, 99.57243870088237, 126.02698699986156, 135.12830491234098, 139.70767638120734, 132.79038877819343, 129.86412248586495, 130.15799620015494, 124.52683961724487, 126.49989779724413], [53.286935680944715, 26.270761608077315, 0.0, 20.722813278295227, 40.26718588477663, 58.00324012827849, 75.34624964249481, 106.92273124000238, 118.64729560272578, 126.03682335845747, 122.76676756689656, 123.05812556761984, 126.76452737633436, 126.50600973365633, 133.68023959424568], [72.79791617836622, 46.37482106156795, 20.722813278295227, 0.0, 19.782676899791625, 37.3188899771524, 54.983473681378214, 90.09193461613151, 102.90643626108842, 112.3430551989657, 111.98135090862232, 114.8437017512203, 121.17236984361033, 125.17689172441402, 136.2221217868303], [92.20377651783382, 66.08523827284556, 40.26718588477663, 19.782676899791625, 0.0, 18.02850282040438, 37.126701596393474, 77.43475085538431, 93.02515640557445, 105.26850689535755, 108.36172499826273, 114.06857698611864, 122.96428110651667, 130.89384996506215, 144.99785233917203], [109.12063026591785, 83.44830062451183, 58.00324012827849, 37.3188899771524, 18.02850282040438, 0.0, 20.34752844212016, 65.49626462039706, 81.8519147469383, 96.2199599748173, 102.45697307366716, 110.59138457531596, 121.60477276547273, 132.97176261566696, 149.7130429462428], [123.83084970840483, 99.57243870088237, 75.34624964249481, 54.983473681378214, 37.126701596393474, 20.34752844212016, 0.0, 47.948605852377014, 65.79407600547914, 82.92499245285391, 91.56370587420005, 102.14377888462691, 115.14274138093187, 129.80627651342715, 148.91035409789677], [144.45611755644796, 126.02698699986156, 106.92273124000238, 90.09193461613151, 77.43475085538431, 65.49626462039706, 47.948605852377014, 0.0, 43.66711590287829, 66.3102010302964, 72.80842957869405, 86.22080608818726, 100.84109132856757, 118.82962626957853, 139.47353139540715], [152.69957862012257, 135.12830491234098, 118.64729560272578, 102.90643626108842, 93.02515640557445, 81.8519147469383, 65.79407600547914, 43.66711590287829, 0.0, 23.547914410275602, 37.450005361225486, 53.79174306470608, 70.73698839355805, 93.99738459980703, 118.71310472881603], [155.50071665336307, 139.70767638120734, 126.03682335845747, 112.3430551989657, 105.26850689535755, 96.2199599748173, 82.92499245285391, 66.3102010302964, 23.547914410275602, 0.0, 22.016645599968147, 37.52449572086907, 54.34790402066326, 79.45713541514772, 105.4265605082314], [145.22990011414828, 132.79038877819343, 122.76676756689656, 111.98135090862232, 108.36172499826273, 102.45697307366716, 91.56370587420005, 72.80842957869405, 37.450005361225486, 22.016645599968147, 0.0, 16.91976176174571, 34.0146116819601, 58.929906040666026, 84.65175497832712], [139.70765145503358, 129.86412248586495, 123.05812556761984, 114.8437017512203, 114.06857698611864, 110.59138457531596, 102.14377888462691, 86.22080608818726, 53.79174306470608, 37.52449572086907, 16.91976176174571, 0.0, 17.14483326323053, 42.37782919066716, 68.39190580723472], [136.94206124383697, 130.15799620015494, 126.76452737633436, 121.17236984361033, 122.96428110651667, 121.60477276547273, 115.14274138093187, 100.84109132856757, 70.73698839355805, 54.34790402066326, 34.0146116819601, 17.14483326323053, 0.0, 26.146578856078474, 52.29947781812985], [126.29442669485732, 124.52683961724487, 126.50600973365633, 125.17689172441402, 130.89384996506215, 132.97176261566696, 129.80627651342715, 118.82962626957853, 93.99738459980703, 79.45713541514772, 58.929906040666026, 42.37782919066716, 26.146578856078474, 0.0, 26.286841632421968], [122.55017738371275, 126.49989779724413, 133.68023959424568, 136.2221217868303, 144.99785233917203, 149.7130429462428, 148.91035409789677, 139.47353139540715, 118.71310472881603, 105.4265605082314, 84.65175497832712, 68.39190580723472, 52.29947781812985, 26.286841632421968, 0.0]]