[[0.0, 32.743525297404275, 59.608280471638906, 79.30736420196183, 95.43100348176357, 112.5116781477077, 129.1304922701523, 147.35536488060777, 159.45437883749116, 154.56777804072547, 154.96700853219448, 146.1152711245753, 142.14873100762384, 133.50357154134673, 125.32495012706232], [32.743525297404275, 0.0, 28.07949221978633, 48.510275770797115, 65.711909590311, 82.63204369373793, 100.29392348820376, 127.60830067270362, 138.68669155792958, 138.05308188777408, 139.22437478645352, 133.80212216032297, 133.6987317666024, 131.42370644909596, 132.07421184193038], [59.608280471638906, 28.07949221978633, 0.0, 20.562793152285927, 38.02336326642656, 54.82327583823733, 73.03944568558151, 106.3472916309018, 118.93778327464877, 122.26044824444034, 125.9064596574168, 124.25084170854973, 127.55173343715666, 131.32007498988457, 138.48067296343467], [79.30736420196183, 48.510275770797115, 20.562793152285927, 0.0, 18.064362140430912, 34.279119620221934, 52.74234822818636, 91.03240792859789, 104.46736777330021, 111.00108127233568, 116.76162254563657, 118.17648701401698, 123.98188652400104, 132.15110357666123, 143.66851832547405], [95.43100348176357, 65.711909590311, 38.02336326642656, 18.064362140430912, 0.0, 17.976248297930425, 36.73428901645288, 77.84768870536415, 95.93077516106324, 105.36778151467362, 114.28650223299091, 118.46325803770938, 126.00267059005462, 137.42324519023367, 151.2576793397593], [112.5116781477077, 82.63204369373793, 54.82327583823733, 34.279119620221934, 17.976248297930425, 0.0, 19.700413217534802, 70.08675452549491, 85.49790749057297, 98.40574623783444, 108.35330836882099, 115.35270665908682, 125.05273860290843, 139.89385529874252, 157.31547192353867], [129.1304922701523, 100.29392348820376, 73.03944568558151, 52.74234822818636, 36.73428901645288, 19.700413217534802, 0.0, 58.066743530006434, 71.57545324949167, 87.64466351066186, 99.86889389927087, 109.77474204095066, 121.25816653305408, 139.43178162093588, 159.8326426938393], [147.35536488060777, 127.60830067270362, 106.3472916309018, 91.03240792859789, 77.84768870536415, 70.08675452549491, 58.066743530006434, 0.0, 58.344664973427015, 66.99240105291612, 91.26757068492674, 101.49727581980947, 110.24010052054665, 129.2279608121085, 146.60489530656795], [159.45437883749116, 138.68669155792958, 118.93778327464877, 104.46736777330021, 95.93077516106324, 85.49790749057297, 71.57545324949167, 58.344664973427015, 0.0, 24.008372340654294, 40.96015975652749, 57.91198016330793, 72.6676250936804, 99.07647279911954, 127.91193717149022], [154.56777804072547, 138.05308188777408, 122.26044824444034, 111.00108127233568, 105.36778151467362, 98.40574623783444, 87.64466351066186, 66.99240105291612, 24.008372340654294, 0.0, 26.897331353726706, 40.05671338437122, 52.32031890029129, 78.4326689066165, 106.813438655895], [154.96700853219448, 139.22437478645352, 125.9064596574168, 116.76162254563657, 114.28650223299091, 108.35330836882099, 99.86889389927087, 91.26757068492674, 40.96015975652749, 26.897331353726706, 0.0, 19.527019048537056, 36.31563615893399, 64.49173604066081, 97.88057577416966], [146.1152711245753, 133.80212216032297, 124.25084170854973, 118.17648701401698, 118.46325803770938, 115.35270665908682, 109.77474204095066, 101.49727581980947, 57.91198016330793, 40.05671338437122, 19.527019048537056, 0.0, 17.41528337460482, 45.18794379096553, 79.32747059729184], [142.14873100762384, 133.6987317666024, 127.55173343715666, 123.98188652400104, 126.00267059005462, 125.05273860290843, 121.25816653305408, 110.24010052054665, 72.6676250936804, 52.32031890029129, 36.31563615893399, 17.41528337460482, 0.0, 28.443906652796812, 62.61653042615289], [133.50357154134673, 131.42370644909596, 131.32007498988457, 132.15110357666123, 137.42324519023367, 139.89385529874252, 139.43178162093588, 129.2279608121085, 99.07647279911954, 78.4326689066165, 64.49173604066081, 45.18794379096553, 28.443906652796812, 0.0, 35.914619166274754], [125.32495012706232, 132.07421184193038, 138.48067296343467, 143.66851832547405, 151.2576793397593, 157.31547192353867, 159.8326426938393, 146.60489530656795, 127.91193717149022, 106.813438655895, 97.88057577416966, 79.32747059729184, 62.61653042615289, 35.914619166274754, 0.0]]