[[0.0, 30.966208750724956, 60.2783253727884, 77.48952688632752, 93.28425907006365, 106.60290490860832, 123.79573371211987, 140.52476106154273, 158.32336144881108, 153.7330237287089, 152.61441356681414, 143.26875398476895, 140.14666090229602, 131.38736314171635, 124.81093178761218], [30.966208750724956, 0.0, 29.699961536214172, 47.54909087046015, 63.70686861653165, 77.54862403793577, 95.51493886200647, 119.64683470823954, 136.67538527697008, 136.12423463328426, 136.89259939635662, 130.75140557585618, 131.45533488862003, 128.65046248176628, 129.50882263027367], [60.2783253727884, 29.699961536214172, 0.0, 18.649170763384866, 34.66211993958991, 48.96190475904577, 67.80312110786595, 99.24918730032407, 117.40247097593723, 121.33520728597696, 125.02573733171766, 122.88952579699007, 127.64135528989598, 131.14608307721426, 138.33670824249128], [77.48952688632752, 47.54909087046015, 18.649170763384866, 0.0, 16.459710007816085, 30.451404269382326, 49.21529168791917, 84.46472156873133, 102.6037292063642, 108.99820858359696, 114.65027485934249, 115.08548381210548, 122.21111072580295, 129.58653834694516, 140.36240539016478], [93.28425907006365, 63.70686861653165, 34.66211993958991, 16.459710007816085, 0.0, 14.596955727330739, 34.40078720950755, 74.1631133073504, 94.90898260568268, 104.12279895454367, 112.17941554341002, 115.27364698416851, 124.46237617211438, 135.02939932872454, 148.17894054443258], [106.60290490860832, 77.54862403793577, 48.96190475904577, 30.451404269382326, 14.596955727330739, 0.0, 20.103955003862428, 64.10661990553899, 84.97017462006043, 96.37819639874257, 106.30323068891647, 111.64433919105578, 122.51930541522162, 135.8425171524912, 151.21413309301593], [123.79573371211987, 95.51493886200647, 67.80312110786595, 49.21529168791917, 34.40078720950755, 20.103955003862428, 0.0, 53.28371856125453, 69.67539282589998, 84.20658560988646, 96.27671398529402, 104.67108644929793, 117.70911527424327, 134.61335617288475, 153.06488258742425], [140.52476106154273, 119.64683470823954, 99.24918730032407, 84.46472156873133, 74.1631133073504, 64.10661990553899, 53.28371856125453, 0.0, 64.73113801398158, 69.00506045344585, 87.6030129807546, 96.5517635742827, 108.03264594891746, 126.26262784964104, 142.01324387819858], [158.32336144881108, 136.67538527697008, 117.40247097593723, 102.6037292063642, 94.90898260568268, 84.97017462006043, 69.67539282589998, 64.73113801398158, 0.0, 24.83558423092003, 38.55529533108684, 55.60297840304818, 73.26082914935202, 99.14275488599205, 126.19705637805868], [153.7330237287089, 136.12423463328426, 121.33520728597696, 108.99820858359696, 104.12279895454367, 96.37819639874257, 84.20658560988646, 69.00506045344585, 24.83558423092003, 0.0, 20.92973382868464, 36.32726182340484, 52.61198593225306, 78.8455264868295, 105.26064519999979], [152.61441356681414, 136.89259939635662, 125.02573733171766, 114.65027485934249, 112.17941554341002, 106.30323068891647, 96.27671398529402, 87.6030129807546, 38.55529533108684, 20.92973382868464, 0.0, 18.932512049929556, 36.655381636556086, 63.92976048560348, 93.17061225322628], [143.26875398476895, 130.75140557585618, 122.88952579699007, 115.08548381210548, 115.27364698416851, 111.64433919105578, 104.67108644929793, 96.5517635742827, 55.60297840304818, 36.32726182340484, 18.932512049929556, 0.0, 18.11276931186796, 45.05710443330136, 74.73310874296277], [140.14666090229602, 131.45533488862003, 127.64135528989598, 122.21111072580295, 124.46237617211438, 122.51930541522162, 117.70911527424327, 108.03264594891746, 73.26082914935202, 52.61198593225306, 36.655381636556086, 18.11276931186796, 0.0, 27.59953861405913, 57.606995884136424], [131.38736314171635, 128.65046248176628, 131.14608307721426, 129.58653834694516, 135.02939932872454, 135.8425171524912, 134.61335617288475, 126.26262784964104, 99.14275488599205, 78.8455264868295, 63.92976048560348, 45.05710443330136, 27.59953861405913, 0.0, 31.66319790788323], [124.81093178761218, 129.50882263027367, 138.33670824249128, 140.36240539016478, 148.17894054443258, 151.21413309301593, 153.06488258742425, 142.01324387819858, 126.19705637805868, 105.26064519999979, 93.17061225322628, 74.73310874296277, 57.606995884136424, 31.66319790788323, 0.0]]