[[0.0, 32.87748896000747, 64.78281098645586, 83.6250045928103, 95.16780074054648, 108.81099161961367, 121.07185144389861, 142.3734391680865, 153.72237400033802, 156.41359550258085, 158.13011250187105, 153.7617003006826, 146.27923586815908, 136.87526189214014, 123.76883231375199], [32.87748896000747, 0.0, 33.075806161761975, 52.591244990831136, 66.61680884989428, 80.77027477513823, 97.29032623336276, 125.88882914974798, 135.92008401899852, 140.25512161404785, 142.83780534130213, 140.3986064448036, 136.99271787696117, 134.43698831060559, 130.930195240956], [64.78281098645586, 33.075806161761975, 0.0, 19.765649443950533, 35.575831536644365, 49.768139028055465, 70.12037192266142, 105.32357431768341, 115.8206233228269, 123.22256726037953, 128.724100507873, 129.54124925299897, 130.6863332516975, 136.00966652013932, 140.66391345996357], [83.6250045928103, 52.591244990831136, 19.765649443950533, 0.0, 18.783261671416547, 31.614503147522484, 54.71531481837042, 93.54185099766572, 103.4493364320136, 112.72684044752462, 120.16905643283219, 123.15975637979133, 127.0850386123152, 137.04686747144487, 146.16347686114057], [95.16780074054648, 66.61680884989428, 35.575831536644365, 18.783261671416547, 0.0, 14.803903981693924, 36.96995069586661, 77.43574912845817, 92.61561914201941, 105.2848484162398, 116.75578854421317, 122.11030287977121, 127.18836348544586, 139.91353634857867, 149.64042061413952], [108.81099161961367, 80.77027477513823, 49.768139028055465, 31.614503147522484, 14.803903981693924, 0.0, 25.932471509159345, 68.49888907643744, 82.97611908183971, 97.35896421257905, 110.71902673569801, 117.86145683743227, 124.80721404863552, 140.63939779557754, 153.12330202040974], [121.07185144389861, 97.29032623336276, 70.12037192266142, 54.71531481837042, 36.96995069586661, 25.932471509159345, 0.0, 43.23417808967188, 66.36697972694878, 85.03596317440318, 103.8250331163625, 113.4265865318479, 120.45944500886702, 138.296262603335, 150.25396082630746], [142.3734391680865, 125.88882914974798, 105.32357431768341, 93.54185099766572, 77.43574912845817, 68.49888907643744, 43.23417808967188, 0.0, 49.49549118723508, 71.78867177941079, 97.29601687796061, 109.21237012723799, 114.55580426590674, 133.27209106800154, 142.99725963026907], [153.72237400033802, 135.92008401899852, 115.8206233228269, 103.4493364320136, 92.61561914201941, 82.97611908183971, 66.36697972694878, 49.49549118723508, 0.0, 24.050516196022674, 50.7677717903112, 65.30487438173104, 75.37669609496413, 101.5170301290915, 123.29398708842379], [156.41359550258085, 140.25512161404785, 123.22256726037953, 112.72684044752462, 105.2848484162398, 97.35896421257905, 85.03596317440318, 71.78867177941079, 24.050516196022674, 0.0, 27.66517885593985, 42.67146070489994, 53.959275322399975, 82.67879459906766, 109.42362053155576], [158.13011250187105, 142.83780534130213, 128.724100507873, 120.16905643283219, 116.75578854421317, 110.71902673569801, 103.8250331163625, 97.29601687796061, 50.7677717903112, 27.66517885593985, 0.0, 16.770195603117042, 33.69288495321625, 65.63351823656035, 99.58830626466245], [153.7617003006826, 140.3986064448036, 129.54124925299897, 123.15975637979133, 122.11030287977121, 117.86145683743227, 113.4265865318479, 109.21237012723799, 65.30487438173104, 42.67146070489994, 16.770195603117042, 0.0, 19.909638831564674, 51.52236812971208, 88.21734474110046], [146.27923586815908, 136.99271787696117, 130.6863332516975, 127.0850386123152, 127.18836348544586, 124.80721404863552, 120.45944500886702, 114.55580426590674, 75.37669609496413, 53.959275322399975, 33.69288495321625, 19.909638831564674, 0.0, 32.1637605086739, 68.78789379285256], [136.87526189214014, 134.43698831060559, 136.00966652013932, 137.04686747144487, 139.91353634857867, 140.63939779557754, 138.296262603335, 133.27209106800154, 101.5170301290915, 82.67879459906766, 65.63351823656035, 51.52236812971208, 32.1637605086739, 0.0, 40.3633299749293], [123.76883231375199, 130.930195240956, 140.66391345996357, 146.16347686114057, 149.64042061413952, 153.12330202040974, 150.25396082630746, 142.99725963026907, 123.29398708842379, 109.42362053155576, 99.58830626466245, 88.21734474110046, 68.78789379285256, 40.3633299749293, 0.0]]