[[0.0, 31.735491268547797, 60.010504540296836, 76.78240080093191, 94.44374355799329, 108.14226928295112, 122.17104367839231, 142.421764719565, 156.07638579675935, 155.77597720668246, 155.20435701209334, 144.7864340692411, 140.71289317057835, 131.6894803347783, 123.61907200308873], [31.735491268547797, 0.0, 28.787525502294304, 45.91201230843265, 64.19182099907378, 78.28670712001687, 94.39226830738673, 121.56461649995636, 134.91868021356908, 137.5881915061134, 139.02346043760707, 131.71834213207416, 131.2509189256395, 128.67843150128516, 128.97784381676158], [60.010504540296836, 28.787525502294304, 0.0, 17.66478517938559, 35.907383994081954, 50.36108749737885, 68.16192527660704, 101.68385073179734, 116.63669943408014, 122.91756417338063, 127.39799082398088, 123.87126177664476, 126.92206897737994, 130.81032771526122, 137.8678627918506], [76.78240080093191, 45.91201230843265, 17.66478517938559, 0.0, 18.844458787369458, 32.98249070875094, 51.77364806644441, 89.23890776247701, 103.4017743795931, 111.698673184172, 117.88047250221962, 116.7686910617046, 121.94497621862197, 129.72484792930902, 140.82612002295426], [94.44374355799329, 64.19182099907378, 35.907383994081954, 18.844458787369458, 0.0, 14.779866156579294, 34.61278247200623, 76.59250732659757, 93.5722423669038, 104.91520120935441, 113.990387105862, 115.8598007462593, 123.06356166550145, 134.67474316867236, 148.82749439215584], [108.14226928295112, 78.28670712001687, 50.36108749737885, 32.98249070875094, 14.779866156579294, 0.0, 21.8428569719747, 67.66672331204097, 83.64422357949834, 97.01539045278354, 107.84854285887582, 112.03752058234349, 120.86776932795732, 135.44651185773324, 152.3297853229248], [122.17104367839231, 94.39226830738673, 68.16192527660704, 51.77364806644441, 34.61278247200623, 21.8428569719747, 0.0, 47.68671072499933, 68.9820188288158, 84.94166703827236, 99.37390791834154, 106.04949540417408, 115.82411938093058, 133.34070246669145, 151.959062260371], [142.421764719565, 121.56461649995636, 101.68385073179734, 89.23890776247701, 76.59250732659757, 67.66672331204097, 47.68671072499933, 0.0, 54.678166881274855, 69.79339154304081, 89.70107460568654, 97.7677848432577, 105.75534784784004, 124.9104312959529, 142.61002685729378], [156.07638579675935, 134.91868021356908, 116.63669943408014, 103.4017743795931, 93.5722423669038, 83.64422357949834, 68.9820188288158, 54.678166881274855, 0.0, 21.062516506450716, 41.52794064795056, 56.33000277814249, 70.03758533866633, 96.77963703445455, 124.81302756118731], [155.77597720668246, 137.5881915061134, 122.91756417338063, 111.698673184172, 104.91520120935441, 97.01539045278354, 84.94166703827236, 69.79339154304081, 21.062516506450716, 0.0, 22.131802178057562, 37.221226754752806, 50.93791509907792, 78.8588818324111, 108.59365127824702], [155.20435701209334, 139.02346043760707, 127.39799082398088, 117.88047250221962, 113.990387105862, 107.84854285887582, 99.37390791834154, 89.70107460568654, 41.52794064795056, 22.131802178057562, 0.0, 19.02413032620616, 35.03586738799942, 63.95167675985387, 96.62253984664143], [144.7864340692411, 131.71834213207416, 123.87126177664476, 116.7686910617046, 115.8598007462593, 112.03752058234349, 106.04949540417408, 97.7677848432577, 56.33000277814249, 37.221226754752806, 19.02413032620616, 0.0, 16.81867113661885, 45.18491009156493, 78.2833896048327], [140.71289317057835, 131.2509189256395, 126.92206897737994, 121.94497621862197, 123.06356166550145, 120.86776932795732, 115.82411938093058, 105.75534784784004, 70.03758533866633, 50.93791509907792, 35.03586738799942, 16.81867113661885, 0.0, 29.073625556145938, 62.12999803405522], [131.6894803347783, 128.67843150128516, 130.81032771526122, 129.72484792930902, 134.67474316867236, 135.44651185773324, 133.34070246669145, 124.9104312959529, 96.77963703445455, 78.8588818324111, 63.95167675985387, 45.18491009156493, 29.073625556145938, 0.0, 34.46488790407978], [123.61907200308873, 128.97784381676158, 137.8678627918506, 140.82612002295426, 148.82749439215584, 152.3297853229248, 151.959062260371, 142.61002685729378, 124.81302756118731, 108.59365127824702, 96.62253984664143, 78.2833896048327, 62.12999803405522, 34.46488790407978, 0.0]]