[[0.0, 30.64608438138672, 58.68524767004708, 76.10758637842052, 94.2765711020746, 110.11068092276027, 123.95386086219993, 147.10950887087938, 155.83333325259832, 155.9838735971044, 154.4292198869733, 145.66113603398915, 141.92406419395604, 132.38476747090832, 122.73541744644582], [30.64608438138672, 0.0, 28.736750826183826, 46.870862855116556, 65.2770503012356, 81.76146570434896, 97.55810670389637, 127.36208494446572, 136.26097848939136, 138.92015729758072, 139.21111872275281, 133.06557563145304, 132.87325783326406, 129.43014792373796, 127.73984741394365], [58.68524767004708, 28.736750826183826, 0.0, 18.76431193736712, 36.82569707238643, 53.795269134850265, 71.09489122120299, 106.69196650353756, 117.7314235752333, 123.74829956664269, 127.04766948097726, 124.16896513935055, 127.58635986638126, 130.49724963096307, 135.53892861900474], [76.10758637842052, 46.870862855116556, 18.76431193736712, 0.0, 18.663173594403773, 35.122553792167835, 52.814925970855334, 91.55409008029154, 103.12398049027213, 111.20910094468024, 116.5438556289413, 115.88436196119558, 121.54153043681787, 128.52487464946984, 137.70645804562156], [94.2765711020746, 65.2770503012356, 36.82569707238643, 18.663173594403773, 0.0, 17.663963158561025, 37.23634643497326, 81.1122871065613, 95.6435136627873, 106.78402562373476, 114.82749726415304, 116.82865626730661, 124.7512725467108, 135.52256483771285, 147.88461382306645], [110.11068092276027, 81.76146570434896, 53.795269134850265, 35.122553792167835, 17.663963158561025, 0.0, 21.004981872585894, 68.5913341152955, 83.35197324602558, 96.78349398544496, 107.05202250983793, 111.40741213470424, 121.24895399767605, 135.48355544817483, 151.03395172132954], [123.95386086219993, 97.55810670389637, 71.09489122120299, 52.814925970855334, 37.23634643497326, 21.004981872585894, 0.0, 49.1626608534483, 67.98527052493422, 84.25549146292303, 97.81817536514973, 104.3379923274642, 115.3728945244637, 132.52161104179999, 150.09179813667478], [147.10950887087938, 127.36208494446572, 106.69196650353756, 91.55409008029154, 81.1122871065613, 68.5913341152955, 49.1626608534483, 0.0, 48.92983039174876, 67.18729993921384, 86.58562696356758, 94.81420813794684, 104.75134050326685, 124.0512796628513, 141.61953474598337], [155.83333325259832, 136.26097848939136, 117.7314235752333, 103.12398049027213, 95.6435136627873, 83.35197324602558, 67.98527052493422, 48.92983039174876, 0.0, 21.46436173709559, 41.87992723563696, 54.7363380936918, 69.07254033348977, 94.94193957622693, 121.54802493284878], [155.9838735971044, 138.92015729758072, 123.74829956664269, 111.20910094468024, 106.78402562373476, 96.78349398544496, 84.25549146292303, 67.18729993921384, 21.46436173709559, 0.0, 21.347381712586188, 34.90966359031827, 49.7109150258618, 77.15091462518434, 106.16290814957073], [154.4292198869733, 139.21111872275281, 127.04766948097726, 116.5438556289413, 114.82749726415304, 107.05202250983793, 97.81817536514973, 86.58562696356758, 41.87992723563696, 21.347381712586188, 0.0, 16.634690366510394, 33.32895678265437, 61.99207750931228, 93.91465466253136], [145.66113603398915, 133.06557563145304, 124.16896513935055, 115.88436196119558, 116.82865626730661, 111.40741213470424, 104.3379923274642, 94.81420813794684, 54.7363380936918, 34.90966359031827, 16.634690366510394, 0.0, 17.272936740368305, 45.55479972298909, 77.90493988820711], [141.92406419395604, 132.87325783326406, 127.58635986638126, 121.54153043681787, 124.7512725467108, 121.24895399767605, 115.3728945244637, 104.75134050326685, 69.07254033348977, 49.7109150258618, 33.32895678265437, 17.272936740368305, 0.0, 28.870564537062467, 61.575144934097565], [132.38476747090832, 129.43014792373796, 130.49724963096307, 128.52487464946984, 135.52256483771285, 135.48355544817483, 132.52161104179999, 124.0512796628513, 94.94193957622693, 77.15091462518434, 61.99207750931228, 45.55479972298909, 28.870564537062467, 0.0, 34.06090095696977], [122.73541744644582, 127.73984741394365, 135.53892861900474, 137.70645804562156, 147.88461382306645, 151.03395172132954, 150.09179813667478, 141.61953474598337, 121.54802493284878, 106.16290814957073, 93.91465466253136, 77.90493988820711, 61.575144934097565, 34.06090095696977, 0.0]]