[[0.0, 27.713148701549038, 52.302709402426714, 69.55862007639003, 90.27463760455342, 109.20388265117357, 123.85919603712124, 145.32132221977378, 152.72127774902563, 155.41414636605455, 147.90711390948866, 141.14509923437126, 139.04962694126388, 127.98697581506262, 122.59057475794009], [27.713148701549038, 0.0, 25.194619835556416, 43.0065761349891, 64.00950786771244, 83.50396081749167, 99.65814001944608, 126.83669717590266, 135.3237564358076, 139.7306066763317, 134.8528334205138, 130.74954400796477, 131.34088631768697, 125.76172901919078, 126.67108688988752], [52.302709402426714, 25.194619835556416, 0.0, 18.322634719929855, 39.239000308813196, 59.091154077924, 76.4360184325198, 108.33526350600035, 119.51924590554616, 126.57528003690817, 124.74955864847635, 123.67300074881037, 127.12097493136126, 127.10278812713287, 133.46941816848587], [69.55862007639003, 43.0065761349891, 18.322634719929855, 0.0, 21.02024990633958, 40.78501253574803, 58.45198728162296, 93.26109807325336, 105.66679814556466, 114.51715917700646, 114.92169254617883, 116.08266516552783, 121.55198587983533, 125.58272603739844, 135.73390091024052], [90.27463760455342, 64.00950786771244, 39.239000308813196, 21.02024990633958, 0.0, 20.085260170390942, 39.22287434926514, 79.35012012708297, 94.2419357479371, 105.77582245385767, 109.40912162000905, 113.55563940180517, 121.43122950741375, 130.08332970855096, 144.02989769743317], [109.20388265117357, 83.50396081749167, 59.091154077924, 40.78501253574803, 20.085260170390942, 0.0, 20.577660589166324, 65.56405590664639, 82.19594342101189, 96.26208639334195, 102.9937864432873, 109.92870150484893, 119.89562982013157, 132.67588758344723, 149.8602455512497], [123.85919603712124, 99.65814001944608, 76.4360184325198, 58.45198728162296, 39.22287434926514, 20.577660589166324, 0.0, 47.33992004854784, 65.92344120376292, 82.84076674839095, 92.06518078346166, 101.31054651385902, 112.96054270370936, 129.17232491686474, 148.9197652367763], [145.32132221977378, 126.83669717590266, 108.33526350600035, 93.26109807325336, 79.35012012708297, 65.56405590664639, 47.33992004854784, 0.0, 42.395632008745494, 65.34864630009533, 75.71312899915259, 86.70823487630756, 99.46336423810943, 118.74413822707675, 140.07221961899205], [152.72127774902563, 135.3237564358076, 119.51924590554616, 105.66679814556466, 94.2419357479371, 82.19594342101189, 65.92344120376292, 42.395632008745494, 0.0, 23.653356898847164, 37.906685786234846, 52.69314096847189, 67.47860708458747, 92.47144157265772, 118.62866209378933], [155.41414636605455, 139.7306066763317, 126.57528003690817, 114.51715917700646, 105.77582245385767, 96.26208639334195, 82.84076674839095, 65.34864630009533, 23.653356898847164, 0.0, 18.267753308286103, 34.85681679690403, 49.892130669707726, 77.29746671802145, 105.32971100016329], [147.90711390948866, 134.8528334205138, 124.74955864847635, 114.92169254617883, 109.40912162000905, 102.9937864432873, 92.06518078346166, 75.71312899915259, 37.906685786234846, 18.267753308286103, 0.0, 16.637053089603853, 31.638189188850177, 59.23576310996748, 87.48700545150896], [141.14509923437126, 130.74954400796477, 123.67300074881037, 116.08266516552783, 113.55563940180517, 109.92870150484893, 101.31054651385902, 86.70823487630756, 52.69314096847189, 34.85681679690403, 16.637053089603853, 0.0, 15.127780292949689, 42.66111990957609, 71.0885237958899], [139.04962694126388, 131.34088631768697, 127.12097493136126, 121.55198587983533, 121.43122950741375, 119.89562982013157, 112.96054270370936, 99.46336423810943, 67.47860708458747, 49.892130669707726, 31.638189188850177, 15.127780292949689, 0.0, 28.4365520930776, 57.19273312435859], [127.98697581506262, 125.76172901919078, 127.10278812713287, 125.58272603739844, 130.08332970855096, 132.67588758344723, 129.17232491686474, 118.74413822707675, 92.47144157265772, 77.29746671802145, 59.23576310996748, 42.66111990957609, 28.4365520930776, 0.0, 28.885562487523504], [122.59057475794009, 126.67108688988752, 133.46941816848587, 135.73390091024052, 144.02989769743317, 149.8602455512497, 148.9197652367763, 140.07221961899205, 118.62866209378933, 105.32971100016329, 87.48700545150896, 71.0885237958899, 57.19273312435859, 28.885562487523504, 0.0]]