[[0.0, 33.18190042963273, 61.41725164123153, 78.1223803876172, 94.6828081251527, 107.55245453483384, 122.16959920249649, 143.07126415847625, 156.0864749282883, 155.42501898245627, 155.48262957320725, 145.598357564799, 140.57970613839558, 131.98681057571193, 124.73708089031511], [33.18190042963273, 0.0, 29.69312985143045, 46.864782135244006, 64.1200669592407, 78.08309053256869, 94.86463154089525, 123.5245679420626, 135.68136461360737, 138.21627825965427, 139.86806523530714, 132.93872034474907, 132.04009616967238, 129.71760023861958, 131.1326931706807], [61.41725164123153, 29.69312985143045, 0.0, 17.63835273062697, 34.63826702148066, 49.1275490687164, 67.21531629499579, 101.56269296983588, 115.99514207162325, 122.26745201662195, 126.98708734911348, 123.86945904895983, 126.73957075567782, 130.7628865748132, 138.8727139808174], [78.1223803876172, 46.864782135244006, 17.63835273062697, 0.0, 17.629011425651136, 32.07263510006015, 50.87227040555133, 89.00583032699059, 102.86250358066354, 111.23042754328704, 117.52633429659585, 116.77705632914038, 121.94504227519381, 129.6896695236278, 141.74422857100842], [94.6828081251527, 64.1200669592407, 34.63826702148066, 17.629011425651136, 0.0, 15.331578498042845, 35.42029967176531, 77.81013693674865, 94.59553697854359, 105.85084283892124, 114.6787769590361, 116.76263644312148, 123.98652170711362, 135.14825641114007, 149.9778627417864], [107.55245453483384, 78.08309053256869, 49.1275490687164, 32.07263510006015, 15.331578498042845, 0.0, 20.510574943458803, 65.5539894467755, 83.54043646435728, 96.82550228885391, 107.70398314448528, 112.06142767279937, 120.77498985622192, 134.70616354371356, 151.85956804931644], [122.16959920249649, 94.86463154089525, 67.21531629499579, 50.87227040555133, 35.42029967176531, 20.510574943458803, 0.0, 47.36460111031492, 68.95946720980753, 84.6000799667441, 98.56404458723658, 105.6751147908642, 115.63073161925387, 132.56648979422977, 151.82345701330044], [143.07126415847625, 123.5245679420626, 101.56269296983588, 89.00583032699059, 77.81013693674865, 65.5539894467755, 47.36460111031492, 0.0, 54.13614729315888, 68.34601311549575, 87.97794323696391, 97.51775906832869, 105.63183568114457, 124.51748961186348, 143.0928617512039], [156.0864749282883, 135.68136461360737, 115.99514207162325, 102.86250358066354, 94.59553697854359, 83.54043646435728, 68.95946720980753, 54.13614729315888, 0.0, 20.86618603494354, 40.053220519424805, 55.486303923952214, 69.91353797053421, 95.70764935764029, 123.96584467406329], [155.42501898245627, 138.21627825965427, 122.26745201662195, 111.23042754328704, 105.85084283892124, 96.82550228885391, 84.6000799667441, 68.34601311549575, 20.86618603494354, 0.0, 21.430178156002015, 36.93811419691014, 50.95946046104427, 77.70841932055755, 107.22095208856535], [155.48262957320725, 139.86806523530714, 126.98708734911348, 117.52633429659585, 114.6787769590361, 107.70398314448528, 98.56404458723658, 87.97794323696391, 40.053220519424805, 21.430178156002015, 0.0, 18.87009478396392, 35.827902951788296, 63.57596075468789, 95.90114828076665], [145.598357564799, 132.93872034474907, 123.86945904895983, 116.77705632914038, 116.76263644312148, 112.06142767279937, 105.6751147908642, 97.51775906832869, 55.486303923952214, 36.93811419691014, 18.87009478396392, 0.0, 18.29612313303422, 45.34032326726824, 78.31173891433795], [140.57970613839558, 132.04009616967238, 126.73957075567782, 121.94504227519381, 123.98652170711362, 120.77498985622192, 115.63073161925387, 105.63183568114457, 69.91353797053421, 50.95946046104427, 35.827902951788296, 18.29612313303422, 0.0, 27.872331263630493, 60.588272706551344], [131.98681057571193, 129.71760023861958, 130.7628865748132, 129.6896695236278, 135.14825641114007, 134.70616354371356, 132.56648979422977, 124.51748961186348, 95.70764935764029, 77.70841932055755, 63.57596075468789, 45.34032326726824, 27.872331263630493, 0.0, 34.012062704095385], [124.73708089031511, 131.1326931706807, 138.8727139808174, 141.74422857100842, 149.9778627417864, 151.85956804931644, 151.82345701330044, 143.0928617512039, 123.96584467406329, 107.22095208856535, 95.90114828076665, 78.31173891433795, 60.588272706551344, 34.012062704095385, 0.0]]