[[0.0, 32.54633908886259, 59.040641523902565, 76.61050149357385, 94.79327965240839, 112.33207750679037, 125.78998563799259, 151.21109176764304, 159.00477837686273, 157.56344143841176, 158.2786559398231, 149.84742234872192, 143.94925596755985, 135.70503952820104, 124.78345649012199], [32.54633908886259, 0.0, 27.923086031931604, 46.2690912518643, 64.97408594151938, 82.86116456911766, 99.78312274329734, 131.59330460925264, 139.1524568290897, 140.28459493567723, 141.82424255353953, 136.26313354297957, 134.3557903815217, 132.83362629224305, 131.27737955771065], [59.040641523902565, 27.923086031931604, 0.0, 18.628517086792957, 37.19662736573887, 55.27936181052228, 73.86684135603915, 110.06292179325965, 120.01234566825983, 124.40055687948274, 128.70258922171388, 126.33620905284606, 127.8984036278631, 132.5932914556879, 137.65084571600653], [76.61050149357385, 46.2690912518643, 18.628517086792957, 0.0, 18.883915283311687, 36.674686060834986, 56.292232285986834, 95.21002549332187, 106.0764567563675, 112.6777434746465, 118.94490959475846, 118.86408069219753, 122.75204867191799, 131.54135867284532, 140.84200584259958], [94.79327965240839, 64.97408594151938, 37.19662736573887, 18.883915283311687, 0.0, 18.532650497391707, 40.12242301473794, 83.03109266509553, 97.19829431766928, 106.94049060868818, 115.95493053673253, 118.54915383229671, 124.7623710258684, 137.35875115433237, 149.90199777108575], [112.33207750679037, 82.86116456911766, 55.27936181052228, 36.674686060834986, 18.532650497391707, 0.0, 26.333055252720367, 71.79956421927506, 85.79979197863244, 98.08391123070552, 108.9967828797094, 114.170619580834, 122.71396397077578, 138.98712451035559, 155.26736555857124], [125.78998563799259, 99.78312274329734, 73.86684135603915, 56.292232285986834, 40.12242301473794, 26.333055252720367, 0.0, 46.27046492315568, 69.88448823391704, 85.47469627838652, 102.08949234656454, 108.93349963927564, 117.69603519371823, 136.01903204060704, 152.70243925666364], [151.21109176764304, 131.59330460925264, 110.06292179325965, 95.21002549332187, 83.03109266509553, 71.79956421927506, 46.27046492315568, 0.0, 50.81490163159011, 68.42791267767763, 93.27455647338142, 101.41135256120297, 108.91154295657154, 128.8401007138018, 145.42827075494395], [159.00477837686273, 139.1524568290897, 120.01234566825983, 106.0764567563675, 97.19829431766928, 85.79979197863244, 69.88448823391704, 50.81490163159011, 0.0, 21.3093015079072, 45.499680947188935, 57.77228001318784, 70.40973407282443, 97.14247469304112, 124.95852071166365], [157.56344143841176, 140.28459493567723, 124.40055687948274, 112.6777434746465, 106.94049060868818, 98.08391123070552, 85.47469627838652, 68.42791267767763, 21.3093015079072, 0.0, 26.83702102359551, 37.93444682643108, 50.48585033720111, 78.36504932665429, 108.87045086715675], [158.2786559398231, 141.82424255353953, 128.70258922171388, 118.94490959475846, 115.95493053673253, 108.9967828797094, 102.08949234656454, 93.27455647338142, 45.499680947188935, 26.83702102359551, 0.0, 17.24994341243498, 35.49020495946382, 65.45291047378035, 101.5841249960177], [149.84742234872192, 136.26313354297957, 126.33620905284606, 118.86408069219753, 118.54915383229671, 114.170619580834, 108.93349963927564, 101.41135256120297, 57.77228001318784, 37.93444682643108, 17.24994341243498, 0.0, 18.917646546436455, 48.49459938799421, 85.40206605673816], [143.94925596755985, 134.3557903815217, 127.8984036278631, 122.75204867191799, 124.7623710258684, 122.71396397077578, 117.69603519371823, 108.91154295657154, 70.40973407282443, 50.48585033720111, 35.49020495946382, 18.917646546436455, 0.0, 30.069550780046097, 67.01362273389923], [135.70503952820104, 132.83362629224305, 132.5932914556879, 131.54135867284532, 137.35875115433237, 138.98712451035559, 136.01903204060704, 128.8401007138018, 97.14247469304112, 78.36504932665429, 65.45291047378035, 48.49459938799421, 30.069550780046097, 0.0, 39.243744906563784], [124.78345649012199, 131.27737955771065, 137.65084571600653, 140.84200584259958, 149.90199777108575, 155.26736555857124, 152.70243925666364, 145.42827075494395, 124.95852071166365, 108.87045086715675, 101.5841249960177, 85.40206605673816, 67.01362273389923, 39.243744906563784, 0.0]]