[[0.0, 31.313187292114886, 58.99272844436063, 77.49359047276286, 94.75582262644815, 111.49761097178482, 125.40917314436099, 149.9354725106167, 158.51033299545884, 156.86909115120216, 155.8997144132513, 146.8615315862099, 143.4131188635038, 134.2573240173531, 124.2178064671875], [31.313187292114886, 0.0, 28.759901385602454, 48.06763417790217, 65.63010897510213, 82.47221481624686, 99.07275435441629, 129.86590256821486, 138.47387493720097, 139.5947625991473, 140.2517060424543, 133.9119964194829, 133.8884486360351, 131.11151328114008, 129.65909749161813], [58.99272844436063, 28.759901385602454, 0.0, 19.86389327225177, 37.16822824952476, 54.29322424781418, 72.38664986976441, 108.1087683632677, 119.55355193064175, 124.23297325698555, 127.99634091595146, 124.93872196518248, 128.26163762055435, 131.85163846602723, 137.236199122678], [77.49359047276286, 48.06763417790217, 19.86389327225177, 0.0, 17.661519231789857, 34.51580518632107, 53.04826752160324, 91.64313782249083, 104.20502562714587, 111.2660270698693, 117.26828137456478, 116.58921426320127, 122.12185313146954, 130.00782527210563, 139.86894734553508], [94.75582262644815, 65.63010897510213, 37.16822824952476, 17.661519231789857, 0.0, 17.76020485189456, 37.72352153460162, 80.55035177143031, 96.06712251902502, 106.09609667672393, 114.63505194458595, 116.47933912653397, 124.02629271365237, 135.53780603215225, 148.61960036577233], [111.49761097178482, 82.47221481624686, 54.29322424781418, 34.51580518632107, 17.76020485189456, 0.0, 24.624192658184956, 70.98494958007312, 85.15601862671411, 97.56085166216228, 107.77929136131785, 112.09293962999774, 121.65700517548271, 136.78068421454287, 153.62572683191067], [125.40917314436099, 99.07275435441629, 72.38664986976441, 53.04826752160324, 37.72352153460162, 24.624192658184956, 0.0, 47.2669428960412, 69.658846840293, 85.00175431593956, 99.4979651225434, 105.8597874173286, 116.21148689635741, 133.8501968094535, 152.11877823380763], [149.9354725106167, 129.86590256821486, 108.1087683632677, 91.64313782249083, 80.55035177143031, 70.98494958007312, 47.2669428960412, 0.0, 51.86838916876013, 68.1259889229563, 88.91315975577464, 97.04048455744719, 106.5078077380927, 126.02320312282926, 144.71606119035604], [158.51033299545884, 138.47387493720097, 119.55355193064175, 104.20502562714587, 96.06712251902502, 85.15601862671411, 69.658846840293, 51.86838916876013, 0.0, 21.016833140661536, 41.7251910082171, 54.86563390075202, 68.70122484451718, 95.3295983225479, 124.1316142090524], [156.86909115120216, 139.5947625991473, 124.23297325698555, 111.2660270698693, 106.09609667672393, 97.56085166216228, 85.00175431593956, 68.1259889229563, 21.016833140661536, 0.0, 22.42945138337365, 35.305815621543246, 48.99054049199112, 76.70026327641204, 107.48021225701558], [155.8997144132513, 140.2517060424543, 127.99634091595146, 117.26828137456478, 114.63505194458595, 107.77929136131785, 99.4979651225434, 88.91315975577464, 41.7251910082171, 22.42945138337365, 0.0, 16.8601933764548, 32.783734711854606, 62.17559184165429, 96.42423286179677], [146.8615315862099, 133.9119964194829, 124.93872196518248, 116.58921426320127, 116.47933912653397, 112.09293962999774, 105.8597874173286, 97.04048455744719, 54.86563390075202, 35.305815621543246, 16.8601933764548, 0.0, 16.491581660458067, 45.54586412061983, 80.20181952931239], [143.4131188635038, 133.8884486360351, 128.26163762055435, 122.12185313146954, 124.02629271365237, 121.65700517548271, 116.21148689635741, 106.5078077380927, 68.70122484451718, 48.99054049199112, 32.783734711854606, 16.491581660458067, 0.0, 29.52030356894038, 64.63908013492724], [134.2573240173531, 131.11151328114008, 131.85163846602723, 130.00782527210563, 135.53780603215225, 136.78068421454287, 133.8501968094535, 126.02320312282926, 95.3295983225479, 76.70026327641204, 62.17559184165429, 45.54586412061983, 29.52030356894038, 0.0, 36.45204716790636], [124.2178064671875, 129.65909749161813, 137.236199122678, 139.86894734553508, 148.61960036577233, 153.62572683191067, 152.11877823380763, 144.71606119035604, 124.1316142090524, 107.48021225701558, 96.42423286179677, 80.20181952931239, 64.63908013492724, 36.45204716790636, 0.0]]