[[0.0, 31.58528428365584, 61.41748382753906, 78.07997508599662, 94.91091309226313, 107.68263123637519, 122.11736891659928, 143.08349528802592, 156.04196633338026, 155.51744204642574, 156.0719561331443, 145.59401332448869, 141.78646308392788, 131.7470388908007, 124.75893161178895], [31.58528428365584, 0.0, 30.15548560444753, 47.213075503468836, 64.40975138575521, 78.0332193595239, 94.30708433623936, 121.78646087866767, 134.8669866149366, 137.40064523488397, 139.7254192542224, 132.30747552231594, 132.43761614468738, 128.68465503047995, 129.68856391668967], [61.41748382753906, 30.15548560444753, 0.0, 17.611854258204694, 34.718021629268286, 49.14977436918511, 67.28012456743618, 101.47396256499044, 115.9947766965663, 122.31791576771815, 127.38449136679954, 123.87918747876898, 128.19215967128676, 131.0071474912436, 138.9045710141986], [78.07997508599662, 47.213075503468836, 17.611854258204694, 0.0, 17.59010026080619, 32.015381785771986, 50.9585108233905, 88.80265349504467, 102.86425543019044, 111.26147754208293, 117.89393915208211, 116.7975718361869, 123.4688603508866, 130.06580311391463, 141.75078749942296], [94.91091309226313, 64.40975138575521, 34.718021629268286, 17.59010026080619, 0.0, 15.392891055993708, 35.84136173142941, 78.14758495485259, 94.64154549094651, 105.92068863174941, 114.97869345905909, 116.71048194021319, 125.64694665011277, 135.69689089683231, 150.15261094108902], [107.68263123637519, 78.0332193595239, 49.14977436918511, 32.015381785771986, 15.392891055993708, 0.0, 20.93457701004735, 65.71814593495641, 83.54337421510486, 96.87305842898822, 108.06492323234016, 112.01402615317528, 122.56209811964509, 135.34061821264578, 151.97275111285563], [122.11736891659928, 94.30708433623936, 67.28012456743618, 50.9585108233905, 35.84136173142941, 20.93457701004735, 0.0, 46.77188287044649, 68.97217084051512, 84.724669432193, 99.28512459472297, 105.78009724589505, 117.74470800094498, 133.33551158666955, 151.79854377974348], [143.08349528802592, 121.78646087866767, 101.47396256499044, 88.80265349504467, 78.14758495485259, 65.71814593495641, 46.77188287044649, 0.0, 53.603130397895924, 68.37202036026612, 89.10598511904168, 97.31190230582101, 108.27429520043162, 125.31894789159773, 143.0691635497048], [156.04196633338026, 134.8669866149366, 115.9947766965663, 102.86425543019044, 94.64154549094651, 83.54337421510486, 68.97217084051512, 53.603130397895924, 0.0, 20.917345861701698, 40.99498764088442, 55.56675411213383, 71.8141666338676, 96.76120397711338, 123.92968850193921], [155.51744204642574, 137.40064523488397, 122.31791576771815, 111.26147754208293, 105.92068863174941, 96.87305842898822, 84.724669432193, 68.37202036026612, 20.917345861701698, 0.0, 22.516549091614575, 36.80424777560819, 52.721271075686985, 78.80582441426273, 107.31100411276915], [156.0719561331443, 139.7254192542224, 127.38449136679954, 117.89393915208211, 114.97869345905909, 108.06492323234016, 99.28512459472297, 89.10598511904168, 40.99498764088442, 22.516549091614575, 0.0, 19.015126560648206, 36.99235715625629, 65.0950065464426, 96.62613750001756], [145.59401332448869, 132.30747552231594, 123.87918747876898, 116.7975718361869, 116.71048194021319, 112.01402615317528, 105.78009724589505, 97.31190230582101, 55.56675411213383, 36.80424777560819, 19.015126560648206, 0.0, 18.58562095946264, 46.35277334212554, 78.31187843906658], [141.78646308392788, 132.43761614468738, 128.19215967128676, 123.4688603508866, 125.64694665011277, 122.56209811964509, 117.74470800094498, 108.27429520043162, 71.8141666338676, 52.721271075686985, 36.99235715625629, 18.58562095946264, 0.0, 28.36485180870397, 60.68741720036105], [131.7470388908007, 128.68465503047995, 131.0071474912436, 130.06580311391463, 135.69689089683231, 135.34061821264578, 133.33551158666955, 125.31894789159773, 96.76120397711338, 78.80582441426273, 65.0950065464426, 46.35277334212554, 28.36485180870397, 0.0, 33.15629594006226], [124.75893161178895, 129.68856391668967, 138.9045710141986, 141.75078749942296, 150.15261094108902, 151.97275111285563, 151.79854377974348, 143.0691635497048, 123.92968850193921, 107.31100411276915, 96.62613750001756, 78.31187843906658, 60.68741720036105, 33.15629594006226, 0.0]]