[[0.0, 32.476964143310084, 59.43410625600285, 78.02720773559865, 96.16199227057653, 112.26296685282936, 128.94561672492182, 147.29028471147126, 159.69729064355116, 154.77107271892353, 155.0193979064417, 147.17918145530192, 142.41067593607858, 133.65105018874172, 124.23503576402295], [32.476964143310084, 0.0, 28.075083216994713, 47.372572487334914, 65.93974855585792, 82.53341073316462, 100.2150618701966, 127.30163304137284, 138.80086975243822, 138.04490746282886, 139.28566250754324, 134.15597105985347, 133.8054801718135, 131.41825735242804, 130.96426251724515], [59.43410625600285, 28.075083216994713, 0.0, 19.45098191671898, 37.9868158545527, 54.747246538530476, 72.97861566685653, 105.98256550883362, 118.99905119457135, 122.17499298748697, 125.94927855335146, 123.85371974424082, 127.59871328897985, 131.26890330404171, 137.45339342319147], [78.02720773559865, 47.372572487334914, 19.45098191671898, 0.0, 18.834780685126166, 35.31566113744997, 53.73314019527214, 91.21170084971604, 105.03183325160849, 111.17658719735759, 116.99406011607498, 117.24686330659662, 123.86086847011006, 131.7045010041831, 142.11389629194366], [96.16199227057653, 65.93974855585792, 37.9868158545527, 18.834780685126166, 0.0, 17.466193377491397, 36.88492449616041, 80.05066251077278, 97.07764540105332, 106.74415181567721, 115.22772467134367, 118.01340492826922, 127.26016282843985, 138.70558256337932, 152.0994982492896], [112.26296685282936, 82.53341073316462, 54.747246538530476, 35.31566113744997, 17.466193377491397, 0.0, 19.68571995168848, 69.21838671255323, 85.44277638137666, 98.11601414284588, 108.38761438926298, 113.41683038158847, 124.99522653385614, 139.7421212483976, 156.37060180104655], [128.94561672492182, 100.2150618701966, 72.97861566685653, 53.73314019527214, 36.88492449616041, 19.68571995168848, 0.0, 57.186266562103086, 71.51841322258325, 87.34859192296837, 99.90546870439258, 107.38253963592692, 121.21217358967827, 139.30396874867986, 159.03449194676654], [147.29028471147126, 127.30163304137284, 105.98256550883362, 91.21170084971604, 80.05066251077278, 69.21838671255323, 57.186266562103086, 0.0, 59.00984052975122, 67.59806239853224, 91.19060480391194, 99.15341487420241, 110.65178237642746, 129.44152191206075, 145.96850167811243], [159.69729064355116, 138.80086975243822, 118.99905119457135, 105.03183325160849, 97.07764540105332, 85.44277638137666, 71.51841322258325, 59.00984052975122, 0.0, 23.91674025476528, 40.73821575192008, 54.46768034204106, 72.73205305863233, 99.17387418560135, 128.13679624669695], [154.77107271892353, 138.04490746282886, 122.17499298748697, 111.17658719735759, 106.74415181567721, 98.11601414284588, 87.34859192296837, 67.59806239853224, 23.91674025476528, 0.0, 25.952443508311646, 36.65172057522552, 52.337310191403276, 78.48676006327312, 107.10193989022923], [155.0193979064417, 139.28566250754324, 125.94927855335146, 116.99406011607498, 115.22772467134367, 108.38761438926298, 99.90546870439258, 91.19060480391194, 40.73821575192008, 25.952443508311646, 0.0, 15.993031627397919, 36.00874022535204, 64.31280251912868, 98.1661625820903], [147.17918145530192, 134.15597105985347, 123.85371974424082, 117.24686330659662, 118.01340492826922, 113.41683038158847, 107.38253963592692, 99.15341487420241, 54.46768034204106, 36.65172057522552, 15.993031627397919, 0.0, 20.438996112503514, 48.48679996468457, 82.99051811039264], [142.41067593607858, 133.8054801718135, 127.59871328897985, 123.86086847011006, 127.26016282843985, 124.99522653385614, 121.21217358967827, 110.65178237642746, 72.73205305863233, 52.337310191403276, 36.00874022535204, 20.438996112503514, 0.0, 28.544956540777616, 63.59376553849656], [133.65105018874172, 131.41825735242804, 131.26890330404171, 131.7045010041831, 138.70558256337932, 139.7421212483976, 139.30396874867986, 129.44152191206075, 99.17387418560135, 78.48676006327312, 64.31280251912868, 48.48679996468457, 28.544956540777616, 0.0, 37.07051166318104], [124.23503576402295, 130.96426251724515, 137.45339342319147, 142.11389629194366, 152.0994982492896, 156.37060180104655, 159.03449194676654, 145.96850167811243, 128.13679624669695, 107.10193989022923, 98.1661625820903, 82.99051811039264, 63.59376553849656, 37.07051166318104, 0.0]]