[[0.0, 32.218270954341186, 61.63905007420625, 75.56995770126852, 93.98759504803517, 109.25896512636915, 123.87927132196332, 145.45595968800907, 152.7299202740112, 155.40876771169795, 147.17447900088956, 141.7236370493027, 139.5410382721295, 129.46806507351943, 122.61031245374198], [32.218270954341186, 0.0, 29.841896141308546, 44.54089596707723, 62.99095067309778, 79.27939031608402, 95.6785052529585, 124.02522621729602, 132.6294935063769, 137.2953749126184, 132.415742838423, 129.68694668086414, 130.63691113795835, 126.83577342674029, 127.7192082691629], [61.63905007420625, 29.841896141308546, 0.0, 15.713843367326945, 33.52857134401711, 50.656192549721275, 68.7422366766157, 103.55776780258665, 114.67618780724628, 122.21369250490409, 121.32725535637043, 121.7880571256467, 126.0996819444533, 128.8483919365659, 136.46051712274527], [75.56995770126852, 44.54089596707723, 15.713843367326945, 0.0, 18.650218807602826, 35.12518305774895, 53.20037439722117, 90.14564772808129, 101.94399761479428, 110.92096312302357, 111.99119734903068, 114.07563910875626, 120.05471983316505, 126.16088431615913, 137.03440304397304], [93.98759504803517, 62.99095067309778, 33.52857134401711, 18.650218807602826, 0.0, 18.09490975159384, 38.245828448649654, 80.7476762257917, 95.18159567163053, 106.64509182350525, 110.9289191340403, 115.33677531293782, 123.40388254595376, 133.36704289593914, 147.4478464927301], [109.25896512636915, 79.27939031608402, 50.656192549721275, 35.12518305774895, 18.09490975159384, 0.0, 20.69001787205912, 66.1741519428099, 82.44284224366277, 96.2999049384739, 103.2313419509074, 109.65684308407397, 119.51916976179469, 132.99833156194254, 149.94010386820474], [123.87927132196332, 95.6785052529585, 68.7422366766157, 53.20037439722117, 38.245828448649654, 20.69001787205912, 0.0, 47.81970999104774, 66.04141457707877, 82.82975508494954, 92.36984581222966, 100.82675328069504, 112.40119362946989, 129.36219380916341, 148.94118961898283], [145.45595968800907, 124.02522621729602, 103.55776780258665, 90.14564772808129, 80.7476762257917, 66.1741519428099, 47.81970999104774, 0.0, 42.20155906944511, 65.55631685171173, 76.05255619886202, 86.19758647089027, 98.92940684751697, 119.31900889810011, 140.12827318388085], [152.7299202740112, 132.6294935063769, 114.67618780724628, 101.94399761479428, 95.18159567163053, 82.44284224366277, 66.04141457707877, 42.20155906944511, 0.0, 24.016246760103584, 38.700971189632675, 51.89557508140798, 66.6557275276654, 92.15288811482503, 118.59680532437798], [155.40876771169795, 137.2953749126184, 122.21369250490409, 110.92096312302357, 106.64509182350525, 96.2999049384739, 82.82975508494954, 65.55631685171173, 24.016246760103584, 0.0, 19.369812422990634, 33.80151654088114, 48.84177635045509, 76.36103390569343, 105.31536739077437], [147.17447900088956, 132.415742838423, 121.32725535637043, 111.99119734903068, 110.9289191340403, 103.2313419509074, 92.36984581222966, 76.05255619886202, 38.700971189632675, 19.369812422990634, 0.0, 14.48479627205861, 29.542499527763486, 57.15462815985473, 86.29123607304967], [141.7236370493027, 129.68694668086414, 121.7880571256467, 114.07563910875626, 115.33677531293782, 109.65684308407397, 100.82675328069504, 86.19758647089027, 51.89557508140798, 33.80151654088114, 14.48479627205861, 0.0, 15.1317694797739, 42.72712596822304, 72.15334175489333], [139.5410382721295, 130.63691113795835, 126.0996819444533, 120.05471983316505, 123.40388254595376, 119.51916976179469, 112.40119362946989, 98.92940684751697, 66.6557275276654, 48.84177635045509, 29.542499527763486, 15.1317694797739, 0.0, 28.27975505324544, 58.283285835539075], [129.46806507351943, 126.83577342674029, 128.8483919365659, 126.16088431615913, 133.36704289593914, 132.99833156194254, 129.36219380916341, 119.31900889810011, 92.15288811482503, 76.36103390569343, 57.15462815985473, 42.72712596822304, 28.27975505324544, 0.0, 30.614571222749124], [122.61031245374198, 127.7192082691629, 136.46051712274527, 137.03440304397304, 147.4478464927301, 149.94010386820474, 148.94118961898283, 140.12827318388085, 118.59680532437798, 105.31536739077437, 86.29123607304967, 72.15334175489333, 58.283285835539075, 30.614571222749124, 0.0]]