[[0.0, 29.51561186970748, 58.458738955657935, 77.03498358321622, 93.57967576270028, 110.84283514053718, 126.2725149449655, 151.68351599120103, 159.58191780864047, 157.87337732509602, 154.75416556503356, 147.06878881768347, 143.17104814051552, 134.2429700287581, 125.53258401266277], [29.51561186970748, 0.0, 29.33694928221387, 48.43094466060195, 65.85571443544454, 82.77672450829458, 100.25029199053365, 130.6094031949807, 139.26564025024874, 140.17101756430017, 138.92250119846057, 133.79696654926497, 133.33662700730338, 130.609048817709, 129.8823371219577], [58.458738955657935, 29.33694928221387, 0.0, 19.394229355164235, 37.44819027069465, 53.93214684144759, 73.18677015911861, 108.42481142578849, 119.2821278693646, 123.62057806309578, 125.34441300699862, 123.4442481878781, 126.75005013060871, 130.68932202116403, 137.14792982150865], [77.03498358321622, 48.43094466060195, 19.394229355164235, 0.0, 18.564661119182972, 34.54743953303331, 54.55203699102125, 92.70056733361291, 105.5164780317278, 112.41964355651177, 116.60653895457536, 117.04807754299156, 122.78955241420259, 131.01677175136888, 141.60209991055763], [93.57967576270028, 65.85571443544454, 37.44819027069465, 18.564661119182972, 0.0, 18.416725454624917, 37.17084063992057, 77.83892799869935, 95.73453202758732, 105.66156275605267, 113.03741099900758, 115.71725479633325, 123.37009526548044, 134.9682509679908, 147.99860185782615], [110.84283514053718, 82.77672450829458, 53.93214684144759, 34.54743953303331, 18.416725454624917, 0.0, 24.65460717963414, 69.50873865873582, 85.77616617233316, 98.11222381870927, 107.157919321699, 112.27421603882716, 122.30024518719463, 137.68385434588672, 154.72410441082215], [126.2725149449655, 100.25029199053365, 73.18677015911861, 54.55203699102125, 37.17084063992057, 24.65460717963414, 0.0, 45.88516766521999, 70.12418251840559, 85.5275579833785, 98.76688308800563, 105.82725380833215, 116.96166993177688, 135.02766915177918, 153.54848548625955], [151.68351599120103, 130.6094031949807, 108.42481142578849, 92.70056733361291, 77.83892799869935, 69.50873865873582, 45.88516766521999, 0.0, 50.209359026237536, 67.04426071435891, 86.36857416375808, 94.97798612712488, 105.81923418657757, 126.18560057168813, 145.47730788886471], [159.58191780864047, 139.26564025024874, 119.2821278693646, 105.5164780317278, 95.73453202758732, 85.77616617233316, 70.12418251840559, 50.209359026237536, 0.0, 21.119205571817655, 41.19291536002062, 54.37880327087356, 69.69807156914689, 96.90721727249802, 125.97953844386666], [157.87337732509602, 140.17101756430017, 123.62057806309578, 112.41964355651177, 105.66156275605267, 98.11222381870927, 85.5275579833785, 67.04426071435891, 21.119205571817655, 0.0, 21.525390302794285, 34.596557049374084, 50.01278640453403, 78.38903390172426, 109.55569424517628], [154.75416556503356, 138.92250119846057, 125.34441300699862, 116.60653895457536, 113.03741099900758, 107.157919321699, 98.76688308800563, 86.36857416375808, 41.19291536002062, 21.525390302794285, 0.0, 16.079355577208972, 33.535122993089544, 63.29718714013091, 97.6397759234816], [147.06878881768347, 133.79696654926497, 123.4442481878781, 117.04807754299156, 115.71725479633325, 112.27421603882716, 105.82725380833215, 94.97798612712488, 54.37880327087356, 34.596557049374084, 16.079355577208972, 0.0, 17.764634925040752, 47.34562480039129, 82.20161170426191], [143.17104814051552, 133.33662700730338, 126.75005013060871, 122.78955241420259, 123.37009526548044, 122.30024518719463, 116.96166993177688, 105.81923418657757, 69.69807156914689, 50.01278640453403, 33.535122993089544, 17.764634925040752, 0.0, 29.963394044859974, 65.35572454794654], [134.2429700287581, 130.609048817709, 130.68932202116403, 131.01677175136888, 134.9682509679908, 137.68385434588672, 135.02766915177918, 126.18560057168813, 96.90721727249802, 78.38903390172426, 63.29718714013091, 47.34562480039129, 29.963394044859974, 0.0, 36.862460010897834], [125.53258401266277, 129.8823371219577, 137.14792982150865, 141.60209991055763, 147.99860185782615, 154.72410441082215, 153.54848548625955, 145.47730788886471, 125.97953844386666, 109.55569424517628, 97.6397759234816, 82.20161170426191, 65.35572454794654, 36.862460010897834, 0.0]]