[[0.0, 31.225159402706733, 59.58413754228939, 77.74529169942652, 93.7887181720417, 107.16444586600849, 122.05849804574773, 143.0530107125957, 156.04853309988175, 155.20373586438276, 155.81731701237004, 145.2173995922814, 141.26241890057767, 131.84338240186722, 124.73609826753302], [31.225159402706733, 0.0, 28.72983654772209, 47.61849783036186, 63.905727451057146, 77.7844759129726, 94.202581897336, 121.55686047431573, 134.8554373535053, 137.18755374166406, 139.62559708976164, 132.11202329861806, 132.11280904965363, 128.7508330464957, 129.5207496141427], [59.58413754228939, 28.72983654772209, 0.0, 19.686015663026897, 35.767257997804386, 50.072892220251624, 67.90255506709654, 101.35045282620477, 116.5360101660841, 122.57170379130447, 127.78092367894254, 124.00903130041641, 127.9881419938289, 130.78109433199108, 138.04014779403704], [77.74529169942652, 47.61849783036186, 19.686015663026897, 0.0, 16.413607386690995, 30.43716046700788, 48.48177884288951, 85.10530089885232, 101.20610333843169, 109.61555913630626, 117.00053823483113, 115.88967453992439, 122.37464588184432, 129.27642632016853, 140.46464167928931], [93.7887181720417, 63.905727451057146, 35.767257997804386, 16.413607386690995, 0.0, 14.622689815608096, 33.94105587107921, 75.03168589092117, 93.48237783384171, 104.61272297925942, 114.2509531164067, 115.80128846541396, 124.43020529649044, 134.59506746442605, 148.45576540979368], [107.16444586600849, 77.7844759129726, 50.072892220251624, 30.43716046700788, 14.622689815608096, 0.0, 20.07953781107757, 64.67520590353227, 83.5236030958266, 96.72153568411073, 108.17559972003596, 111.9818344574339, 122.33488093202236, 135.30120045186706, 151.55710932166252], [122.05849804574773, 94.202581897336, 67.90255506709654, 48.48177884288951, 33.94105587107921, 20.07953781107757, 0.0, 47.25302296910201, 69.00762120420667, 84.48047627497, 99.03068598566365, 105.42572632069403, 117.31096702231248, 133.3665006496714, 151.73550079292065], [143.0530107125957, 121.55686047431573, 101.35045282620477, 85.10530089885232, 75.03168589092117, 64.67520590353227, 47.25302296910201, 0.0, 54.476704649605516, 68.0061566153266, 89.0868549196774, 97.00185977229498, 107.62589113093851, 125.75295216949992, 143.20609670693955], [156.04853309988175, 134.8554373535053, 116.5360101660841, 101.20610333843169, 93.48237783384171, 83.5236030958266, 69.00762120420667, 54.476704649605516, 0.0, 20.827105168024744, 40.53526702610617, 55.13694543949459, 71.47296114491235, 96.7618132105469, 123.90562687950609], [155.20373586438276, 137.18755374166406, 122.57170379130447, 109.61555913630626, 104.61272297925942, 96.72153568411073, 84.48047627497, 68.0061566153266, 20.827105168024744, 0.0, 22.877597193235065, 36.792524171031104, 52.54293801661345, 78.7942039555232, 106.97932964097222], [155.81731701237004, 139.62559708976164, 127.78092367894254, 117.00053823483113, 114.2509531164067, 108.17559972003596, 99.03068598566365, 89.0868549196774, 40.53526702610617, 22.877597193235065, 0.0, 19.049856679471397, 37.18888406440381, 64.78550895317689, 96.20980278896153], [145.2173995922814, 132.11202329861806, 124.00903130041641, 115.88967453992439, 115.80128846541396, 111.9818344574339, 105.42572632069403, 97.00185977229498, 55.13694543949459, 36.792524171031104, 19.049856679471397, 0.0, 18.768055848293564, 45.89496058695091, 77.67928548266465], [141.26241890057767, 132.11280904965363, 127.9881419938289, 122.37464588184432, 124.43020529649044, 122.33488093202236, 117.31096702231248, 107.62589113093851, 71.47296114491235, 52.54293801661345, 37.18888406440381, 18.768055848293564, 0.0, 27.851791239465314, 59.7565748843969], [131.84338240186722, 128.7508330464957, 130.78109433199108, 129.27642632016853, 134.59506746442605, 135.30120045186706, 133.3665006496714, 125.75295216949992, 96.7618132105469, 78.7942039555232, 64.78550895317689, 45.89496058695091, 27.851791239465314, 0.0, 33.26072383061922], [124.73609826753302, 129.5207496141427, 138.04014779403704, 140.46464167928931, 148.45576540979368, 151.55710932166252, 151.73550079292065, 143.20609670693955, 123.90562687950609, 106.97932964097222, 96.20980278896153, 77.67928548266465, 59.7565748843969, 33.26072383061922, 0.0]]