[[0.0, 32.665038204887026, 60.30399598570647, 75.53570357144595, 94.77845088637261, 109.32628245848979, 123.87244848006209, 145.4685287439387, 153.65613318709907, 155.46280715073965, 151.96138864582684, 144.59204544712068, 142.10665844910534, 132.51766410884534, 122.59178104904343], [32.665038204887026, 0.0, 27.935822663001627, 43.75141311675802, 63.23888185639008, 79.33671560352751, 95.8251850676655, 124.5818809061919, 133.3089229805789, 137.40950603372892, 136.0873913273952, 131.61252773972697, 132.37996819547092, 129.2418835459182, 127.93641844568025], [60.30399598570647, 27.935822663001627, 0.0, 16.758681428911434, 35.80650398648548, 53.35052640630497, 71.70793674320964, 107.07667366890057, 117.42461654533663, 124.40929702657327, 125.99099007434383, 124.67403971647379, 128.6333849500919, 131.6256987413195, 137.14049447736906], [75.53570357144595, 43.75141311675802, 16.758681428911434, 0.0, 19.790317794382034, 37.13728475546703, 55.84606582807458, 94.17711194149321, 104.42265089547283, 112.86876426980305, 116.17477729775634, 116.69835189384897, 122.45001118659982, 129.01562718365568, 138.39739251995348], [94.77845088637261, 63.23888185639008, 35.80650398648548, 19.790317794382034, 0.0, 19.794593710043, 40.380568019640116, 84.13775430526837, 96.87560622853364, 108.23286784591986, 114.47379211989701, 117.62616316463682, 125.60120179912758, 136.2047075659563, 149.14844690931616], [109.32628245848979, 79.33671560352751, 53.35052640630497, 37.13728475546703, 19.794593710043, 0.0, 20.861391800802842, 66.6981248032754, 82.13666873816095, 96.33361177920547, 105.64863064153872, 110.82101679693525, 120.48604220413394, 134.41758564602085, 150.01949952653555], [123.87244848006209, 95.8251850676655, 71.70793674320964, 55.84606582807458, 40.380568019640116, 20.861391800802842, 0.0, 48.090186653260865, 65.71827310166962, 82.87681835116032, 95.43272383001526, 102.57528930443335, 113.74655016180088, 130.83144154740174, 148.93884707913378], [145.4685287439387, 124.5818809061919, 107.07667366890057, 94.17711194149321, 84.13775430526837, 66.6981248032754, 48.090186653260865, 0.0, 44.521444393910514, 66.11975468650441, 84.25403404663807, 92.0157022191312, 103.18539608346545, 122.18529102037958, 140.13710360874177], [153.65613318709907, 133.3089229805789, 117.42461654533663, 104.42265089547283, 96.87560622853364, 82.13666873816095, 65.71827310166962, 44.521444393910514, 0.0, 23.080878722510743, 43.20913603640615, 54.81912864903137, 68.7045454420642, 93.66581635460359, 119.82145862308688], [155.46280715073965, 137.40950603372892, 124.40929702657327, 112.86876426980305, 108.23286784591986, 96.33361177920547, 82.87681835116032, 66.11975468650441, 23.080878722510743, 0.0, 21.032729951802672, 34.192343181289964, 48.80183216058497, 75.97757749459794, 105.4162321684356], [151.96138864582684, 136.0873913273952, 125.99099007434383, 116.17477729775634, 114.47379211989701, 105.64863064153872, 95.43272383001526, 84.25403404663807, 43.20913603640615, 21.032729951802672, 0.0, 15.687498890478965, 30.805058174202816, 59.16838287343582, 91.25431706541582], [144.59204544712068, 131.61252773972697, 124.67403971647379, 116.69835189384897, 117.62616316463682, 110.82101679693525, 102.57528930443335, 92.0157022191312, 54.81912864903137, 34.192343181289964, 15.687498890478965, 0.0, 15.316668630418663, 43.48216090370724, 75.81536318566673], [142.10665844910534, 132.37996819547092, 128.6333849500919, 122.45001118659982, 125.60120179912758, 120.48604220413394, 113.74655016180088, 103.18539608346545, 68.7045454420642, 48.80183216058497, 30.805058174202816, 15.316668630418663, 0.0, 28.700652018361687, 61.9084530215482], [132.51766410884534, 129.2418835459182, 131.6256987413195, 129.01562718365568, 136.2047075659563, 134.41758564602085, 130.83144154740174, 122.18529102037958, 93.66581635460359, 75.97757749459794, 59.16838287343582, 43.48216090370724, 28.700652018361687, 0.0, 34.50274885019462], [122.59178104904343, 127.93641844568025, 137.14049447736906, 138.39739251995348, 149.14844690931616, 150.01949952653555, 148.93884707913378, 140.13710360874177, 119.82145862308688, 105.4162321684356, 91.25431706541582, 75.81536318566673, 61.9084530215482, 34.50274885019462, 0.0]]