[[0.0, 30.887760347212968, 60.24971966229288, 75.41831606380036, 93.3876191423713, 107.84566757071252, 124.38184466642588, 140.5679158968344, 158.58181532434728, 152.71217752184288, 153.1455750612216, 144.8318731946773, 140.52766409558404, 130.18744757474448, 123.60094975910651], [30.887760347212968, 0.0, 29.70952616665581, 45.33758212708978, 63.74766755748563, 78.6820720972125, 95.68961447718831, 119.04733419500434, 136.88321448656401, 135.06529985577973, 137.3228098897946, 131.91940324839916, 131.21497926542173, 127.29513855875015, 128.3536124800013], [60.24971966229288, 29.70952616665581, 0.0, 16.261015840131417, 34.64397306223975, 49.98899374157963, 67.66895722568665, 98.12183906060115, 117.57573613782287, 120.21806416764703, 125.39053712475057, 123.70247499579067, 126.80512270352904, 129.60623909521385, 137.27905256695377], [75.41831606380036, 45.33758212708978, 16.261015840131417, 0.0, 18.712959394575964, 33.86045574126709, 51.44407336292304, 85.29758133283634, 104.74343998547346, 109.59014917169438, 116.4015922753665, 116.80564737220197, 121.87806926492689, 128.26953344007418, 139.30141417452612], [93.3876191423713, 63.74766755748563, 34.64397306223975, 18.712959394575964, 0.0, 15.578984647045079, 34.236095098184755, 72.7131759486706, 95.03670250800644, 102.95203429644161, 112.49611335882761, 115.73861674100007, 123.03777606546815, 133.30100099542753, 147.32483501884838], [107.84566757071252, 78.6820720972125, 49.98899374157963, 33.86045574126709, 15.578984647045079, 0.0, 19.227595461454296, 62.255451577011776, 84.7838398525999, 95.17087900736065, 106.68170933987524, 112.21569192299796, 121.26409041896484, 134.65290577116718, 151.20257035602546], [124.38184466642588, 95.68961447718831, 67.66895722568665, 51.44407336292304, 34.236095098184755, 19.227595461454296, 0.0, 54.63220045206764, 70.39569191178124, 84.38956939373331, 97.2116219258943, 105.4163481840843, 116.63840190799841, 133.77203597185357, 153.63198765599103], [140.5679158968344, 119.04733419500434, 98.12183906060115, 85.29758133283634, 72.7131759486706, 62.255451577011776, 54.63220045206764, 0.0, 63.9060612528802, 66.61366872805074, 88.24358534841616, 97.818647904975, 106.86785671125128, 124.36408841079715, 142.08554143807925], [158.58181532434728, 136.88321448656401, 117.57573613782287, 104.74343998547346, 95.03670250800644, 84.7838398525999, 70.39569191178124, 63.9060612528802, 0.0, 25.459052627710303, 38.667450364587246, 54.831914228488955, 70.85162701467866, 97.88761174021528, 126.2807289840522], [152.71217752184288, 135.06529985577973, 120.21806416764703, 109.59014917169438, 102.95203429644161, 95.17087900736065, 84.38956939373331, 66.61366872805074, 25.459052627710303, 0.0, 23.733085418073003, 37.740090143564395, 51.17386378674021, 77.60175721759573, 105.08797038865423], [153.1455750612216, 137.3228098897946, 125.39053712475057, 116.4015922753665, 112.49611335882761, 106.68170933987524, 97.2116219258943, 88.24358534841616, 38.667450364587246, 23.733085418073003, 0.0, 17.82250364803518, 34.38091073854688, 63.27600766653421, 93.91503733075041], [144.8318731946773, 131.91940324839916, 123.70247499579067, 116.80564737220197, 115.73861674100007, 112.21569192299796, 105.4163481840843, 97.818647904975, 54.831914228488955, 37.740090143564395, 17.82250364803518, 0.0, 17.302789865762424, 46.00334700937421, 77.25922074615936], [140.52766409558404, 131.21497926542173, 126.80512270352904, 121.87806926492689, 123.03777606546815, 121.26409041896484, 116.63840190799841, 106.86785671125128, 70.85162701467866, 51.17386378674021, 34.38091073854688, 17.302789865762424, 0.0, 29.213602971420148, 60.587457928526085], [130.18744757474448, 127.29513855875015, 129.60623909521385, 128.26953344007418, 133.30100099542753, 134.65290577116718, 133.77203597185357, 124.36408841079715, 97.88761174021528, 77.60175721759573, 63.27600766653421, 46.00334700937421, 29.213602971420148, 0.0, 32.09609670348695], [123.60094975910651, 128.3536124800013, 137.27905256695377, 139.30141417452612, 147.32483501884838, 151.20257035602546, 153.63198765599103, 142.08554143807925, 126.2807289840522, 105.08797038865423, 93.91503733075041, 77.25922074615936, 60.587457928526085, 32.09609670348695, 0.0]]