[[0.0, 32.906272628551065, 65.4717926486959, 84.2556394607048, 95.41441652819057, 108.74134733737421, 121.15246544562441, 142.47158022359446, 153.74789975515966, 156.51662092739033, 158.64119442630016, 154.13639251846254, 146.68613829959165, 136.7344075954464, 123.80831598200626], [32.906272628551065, 0.0, 33.512323326143424, 53.006283429369084, 66.70095928898876, 80.7714635128604, 97.31614925418354, 126.03449894745724, 135.98666576421692, 140.3358240889123, 143.20884701573178, 140.6813414700237, 137.27206319953342, 134.39116918626488, 131.02238915852405], [65.4717926486959, 33.512323326143424, 0.0, 19.792577346509823, 35.754217300546976, 50.04300586031135, 70.60313015295799, 106.26633027827084, 116.18493850289512, 123.40692791102708, 128.90429154067186, 129.61029503804144, 130.84488758425078, 136.06082007798173, 141.13103386293477], [84.2556394607048, 53.006283429369084, 19.792577346509823, 0.0, 19.182974214086332, 32.24835909047489, 55.36570260526696, 94.63424175179505, 103.89762790125667, 112.94863510686072, 120.34253613788088, 123.2396864083698, 127.2517383133106, 137.16379068341203, 146.66580048230296], [95.41441652819057, 66.70095928898876, 35.754217300546976, 19.182974214086332, 0.0, 14.747738163368815, 37.23643698377702, 78.08832962887001, 92.79393306522051, 105.3590642344694, 117.00767320888954, 122.25023725888987, 127.38083046510874, 139.8752318287514, 149.88451462406738], [108.74134733737421, 80.7714635128604, 50.04300586031135, 32.24835909047489, 14.747738163368815, 0.0, 25.43659254861291, 68.35666101094337, 82.96877653319073, 97.40335529393104, 111.16923558500864, 118.23308399814428, 125.11032951366862, 140.62018007257947, 153.12188220103593], [121.15246544562441, 97.31614925418354, 70.60313015295799, 55.36570260526696, 37.23643698377702, 25.43659254861291, 0.0, 43.591860087029225, 66.33289531893702, 85.06223829784712, 104.32635355463974, 113.7398719210541, 120.80437540168852, 138.146644197532, 150.3336290585836], [142.47158022359446, 126.03449894745724, 106.26633027827084, 94.63424175179505, 78.08832962887001, 68.35666101094337, 43.591860087029225, 0.0, 49.44443042125932, 72.07876033253268, 98.44349848925218, 109.98835479506755, 115.35410618624489, 133.0918378190522, 143.02066075981233], [153.74789975515966, 135.98666576421692, 116.18493850289512, 103.89762790125667, 92.79393306522051, 82.96877653319073, 66.33289531893702, 49.44443042125932, 0.0, 24.30497969103003, 51.85397418161472, 66.00744826811638, 75.9447496714872, 101.44777051746914, 123.3162915563876], [156.51662092739033, 140.3358240889123, 123.40692791102708, 112.94863510686072, 105.3590642344694, 97.40335529393104, 85.06223829784712, 72.07876033253268, 24.30497969103003, 0.0, 28.535190681282007, 43.10190562654743, 54.27208560769029, 82.62099988966689, 109.55943273094366], [158.64119442630016, 143.20884701573178, 128.90429154067186, 120.34253613788088, 117.00767320888954, 111.16923558500864, 104.32635355463974, 98.44349848925218, 51.85397418161472, 28.535190681282007, 0.0, 16.657819476652644, 33.776879126627485, 66.0872247371063, 100.35685637853611], [154.13639251846254, 140.6813414700237, 129.61029503804144, 123.2396864083698, 122.25023725888987, 118.23308399814428, 113.7398719210541, 109.98835479506755, 66.00744826811638, 43.10190562654743, 16.657819476652644, 0.0, 19.814412101058753, 52.083160221647944, 88.87724261811417], [146.68613829959165, 137.27206319953342, 130.84488758425078, 127.2517383133106, 127.38083046510874, 125.11032951366862, 120.80437540168852, 115.35410618624489, 75.9447496714872, 54.27208560769029, 33.776879126627485, 19.814412101058753, 0.0, 32.63442097099851, 69.58056594008958], [136.7344075954464, 134.39116918626488, 136.06082007798173, 137.16379068341203, 139.8752318287514, 140.62018007257947, 138.146644197532, 133.0918378190522, 101.44777051746914, 82.62099988966689, 66.0872247371063, 52.083160221647944, 32.63442097099851, 0.0, 40.06922099344863], [123.80831598200626, 131.02238915852405, 141.13103386293477, 146.66580048230296, 149.88451462406738, 153.12188220103593, 150.3336290585836, 143.02066075981233, 123.3162915563876, 109.55943273094366, 100.35685637853611, 88.87724261811417, 69.58056594008958, 40.06922099344863, 0.0]]