[[0.0, 27.51512068785062, 51.845919575460094, 73.44622005059021, 93.26099664841067, 113.14634735344738, 123.19351087537407, 143.60833026443655, 151.1753181229598, 154.98761598129158, 150.3598201679324, 139.3297684892551, 136.0399791253281, 128.74267599443465, 125.39378004101265], [27.51512068785062, 0.0, 25.150981169424163, 47.485692501090284, 67.82717708866211, 89.11558584337469, 102.18695861723437, 126.58642964109785, 134.67453422635518, 140.49328146964947, 138.03145727251237, 130.10748797006556, 130.85148678976947, 127.63352667173716, 129.7519153512928], [51.845919575460094, 25.150981169424163, 0.0, 22.71987775062685, 42.972132807434704, 65.1212749586231, 80.38385849373913, 108.12891771824559, 118.2399178992893, 127.01957979328388, 127.19512423132105, 123.01120107562122, 127.89591520899612, 129.05474159823734, 135.77259806641112], [73.44622005059021, 47.485692501090284, 22.71987775062685, 0.0, 20.67755611312732, 42.85676562922305, 60.18525340281378, 90.40923810917099, 101.63511629113934, 113.01656087126756, 115.69300566589179, 115.17601246115572, 123.74792232244681, 128.8745112689561, 139.447603608122], [93.26099664841067, 67.82717708866211, 42.972132807434704, 20.67755611312732, 0.0, 23.856773891113836, 44.17054995805998, 77.64667861044435, 92.33363236154453, 107.29139079002736, 112.83915792496114, 116.18484026190474, 127.93223806040251, 136.3691611459891, 149.5349846505216], [113.14634735344738, 89.11558584337469, 65.1212749586231, 42.85676562922305, 23.856773891113836, 0.0, 23.556781516433645, 57.90002682877056, 74.86472904233631, 93.32771867523189, 101.75300393040958, 109.17502032057476, 124.0170158706792, 136.05058070324807, 151.91703525418092], [123.19351087537407, 102.18695861723437, 80.38385849373913, 60.18525340281378, 44.17054995805998, 23.556781516433645, 0.0, 35.40302415888443, 60.66901543534555, 82.90626496092533, 92.82217386250106, 102.29555990526764, 118.153380259598, 132.14887954206924, 148.43339629698553], [143.60833026443655, 126.58642964109785, 108.12891771824559, 90.40923810917099, 77.64667861044435, 57.90002682877056, 35.40302415888443, 0.0, 40.04302785460253, 65.29498066749858, 76.92654086247249, 89.7186220301383, 106.81957515602677, 123.92368809369519, 141.37119014992723], [151.1753181229598, 134.67453422635518, 118.2399178992893, 101.63511629113934, 92.33363236154453, 74.86472904233631, 60.66901543534555, 40.04302785460253, 0.0, 26.269017544415792, 40.558299499092264, 58.2005591306137, 78.61660244141649, 99.1191416989648, 120.87167645120202], [154.98761598129158, 140.49328146964947, 127.01957979328388, 113.01656087126756, 107.29139079002736, 93.32771867523189, 82.90626496092533, 65.29498066749858, 26.269017544415792, 0.0, 16.452492344772843, 37.46712772085765, 58.91412745047091, 80.92137845704981, 104.69723916308706], [150.3598201679324, 138.03145727251237, 127.19512423132105, 115.69300566589179, 112.83915792496114, 101.75300393040958, 92.82217386250106, 76.92654086247249, 40.558299499092264, 16.452492344772843, 0.0, 21.650841209270048, 42.92774389851252, 65.19749479971455, 89.3949100731483], [139.3297684892551, 130.10748797006556, 123.01120107562122, 115.17601246115572, 116.18484026190474, 109.17502032057476, 102.29555990526764, 89.7186220301383, 58.2005591306137, 37.46712772085765, 21.650841209270048, 0.0, 21.68483141794637, 43.59988402282008, 67.9977710839953], [136.0399791253281, 130.85148678976947, 127.89591520899612, 123.74792232244681, 127.93223806040251, 124.0170158706792, 118.153380259598, 106.81957515602677, 78.61660244141649, 58.91412745047091, 42.92774389851252, 21.68483141794637, 0.0, 22.676247988835414, 47.14103211665341], [128.74267599443465, 127.63352667173716, 129.05474159823734, 128.8745112689561, 136.3691611459891, 136.05058070324807, 132.14887954206924, 123.92368809369519, 99.1191416989648, 80.92137845704981, 65.19749479971455, 43.59988402282008, 22.676247988835414, 0.0, 25.508065007610924], [125.39378004101265, 129.7519153512928, 135.77259806641112, 139.447603608122, 149.5349846505216, 151.91703525418092, 148.43339629698553, 141.37119014992723, 120.87167645120202, 104.69723916308706, 89.3949100731483, 67.9977710839953, 47.14103211665341, 25.508065007610924, 0.0]]