[[0.0, 30.793031430800234, 59.02681527604905, 76.11529998178716, 92.15618837211119, 106.48697391853807, 123.82897476275025, 140.72155393854388, 158.1551246149404, 154.81135448177108, 154.52967819785533, 145.35286697635374, 141.16293016599272, 131.5430192976638, 124.8392493586853], [30.793031430800234, 0.0, 28.572474508220264, 46.35715774016734, 62.6196471694069, 77.50600985954492, 95.54217890171996, 120.14344946295006, 136.58326617089085, 136.9609331659587, 138.76902915550642, 132.74674955863514, 132.15449362926006, 128.63012773583134, 129.48444080410107], [59.02681527604905, 28.572474508220264, 0.0, 18.626842221158313, 34.642547526579854, 49.98089478174793, 68.80709804328578, 100.84690735476767, 117.96653445944578, 122.38141262000482, 127.24950340939267, 125.01907945020744, 128.05623919000234, 130.67699837495152, 137.85099782259323], [76.11529998178716, 46.35715774016734, 18.626842221158313, 0.0, 16.385783310518605, 31.444600483269035, 50.20979965730295, 85.83521612914053, 103.13645635020157, 109.78453374647773, 116.88084096340316, 117.16378151477461, 122.3507291266475, 128.82270088721262, 139.6654529804467], [92.15618837211119, 62.6196471694069, 34.642547526579854, 16.385783310518605, 0.0, 15.592890161810189, 35.32779949640132, 76.35659383055699, 95.19952361549812, 104.63714269030532, 114.19503243640798, 117.11642876186082, 124.28299592881285, 134.01582944307657, 147.52548759136585], [106.48697391853807, 77.50600985954492, 49.98089478174793, 31.444600483269035, 15.592890161810189, 0.0, 20.208755701252866, 65.7958202420465, 84.92576001974912, 96.58912991208247, 108.39931343468342, 113.69978763814382, 122.53415499776985, 135.20630300704482, 151.15145412842037], [123.82897476275025, 95.54217890171996, 68.80709804328578, 50.20979965730295, 35.32779949640132, 20.208755701252866, 0.0, 55.90770022314, 69.50707481323758, 84.17457224260102, 98.1732790806868, 106.49406058415545, 117.47080371433839, 133.84348844775866, 153.09878723215297], [140.72155393854388, 120.14344946295006, 100.84690735476767, 85.83521612914053, 76.35659383055699, 65.7958202420465, 55.90770022314, 0.0, 64.35064610722539, 69.24356755018367, 90.53241115548636, 99.1725754747397, 107.46461191756788, 123.90403690241922, 140.51165341082435], [158.1551246149404, 136.58326617089085, 117.96653445944578, 103.13645635020157, 95.19952361549812, 84.92576001974912, 69.50707481323758, 64.35064610722539, 0.0, 23.110401560071963, 39.90540964595099, 56.55726815251282, 72.28958855660055, 98.0513710551286, 126.02711402360441], [154.81135448177108, 136.9609331659587, 122.38141262000482, 109.78453374647773, 104.63714269030532, 96.58912991208247, 84.17457224260102, 69.24356755018367, 23.110401560071963, 0.0, 23.64514433326578, 38.67321529474393, 52.78893117936247, 78.73856814059502, 106.58255766021621], [154.52967819785533, 138.76902915550642, 127.24950340939267, 116.88084096340316, 114.19503243640798, 108.39931343468342, 98.1732790806868, 90.53241115548636, 39.90540964595099, 23.64514433326578, 0.0, 18.97613167594668, 35.73882562501107, 63.4918434214687, 94.29672739144372], [145.35286697635374, 132.74674955863514, 125.01907945020744, 117.16378151477461, 117.11642876186082, 113.69978763814382, 106.49406058415545, 99.1725754747397, 56.55726815251282, 38.67321529474393, 18.97613167594668, 0.0, 17.366347398878403, 44.82613084145242, 76.15371788718227], [141.16293016599272, 132.15449362926006, 128.05623919000234, 122.3507291266475, 124.28299592881285, 122.53415499776985, 117.47080371433839, 107.46461191756788, 72.28958855660055, 52.78893117936247, 35.73882562501107, 17.366347398878403, 0.0, 28.001335320302623, 59.40665262864171], [131.5430192976638, 128.63012773583134, 130.67699837495152, 128.82270088721262, 134.01582944307657, 135.20630300704482, 133.84348844775866, 123.90403690241922, 98.0513710551286, 78.73856814059502, 63.4918434214687, 44.82613084145242, 28.001335320302623, 0.0, 32.24884703756631], [124.8392493586853, 129.48444080410107, 137.85099782259323, 139.6654529804467, 147.52548759136585, 151.15145412842037, 153.09878723215297, 140.51165341082435, 126.02711402360441, 106.58255766021621, 94.29672739144372, 76.15371788718227, 59.40665262864171, 32.24884703756631, 0.0]]