[[0.0, 32.405643723624316, 60.20419106426669, 77.2254853986466, 94.54330421594278, 112.4912111306596, 128.79173360531155, 147.6710279309575, 164.95541249265315, 157.60743004006542, 153.0305334866898, 144.9336538622754, 141.14052666660737, 131.71505299799443, 123.70381011037088], [32.405643723624316, 0.0, 28.31575199340715, 46.14086839891243, 63.78210405262211, 81.90033886735645, 99.68970654715758, 126.64179426050535, 142.63964473032613, 138.98114193732374, 137.11367676610817, 132.0016756793804, 132.08439606067486, 129.18449491548625, 129.7811751405084], [60.20419106426669, 28.31575199340715, 0.0, 18.284854449787403, 35.89745274703677, 54.032308651511364, 72.78492170932928, 106.62228415947864, 122.86724943557586, 123.10813710333508, 124.43704074939892, 122.65909350193522, 126.42261198167938, 129.718796835033, 137.17647790659356], [77.2254853986466, 46.14086839891243, 18.284854449787403, 0.0, 17.765751947347173, 35.870466106645836, 54.62224945777887, 91.97245086607717, 109.49219305424772, 112.33365555186319, 116.04222767401437, 116.6104137408415, 122.62313577745402, 129.78035638937067, 141.00009512569255], [94.54330421594278, 63.78210405262211, 35.89745274703677, 17.765751947347173, 0.0, 18.917261672230612, 38.14640322680995, 81.27811958464736, 100.78173862841993, 106.97169574857787, 113.39031466171303, 116.5195671774409, 124.72492874324621, 135.41136749460537, 149.70108497959947], [112.4912111306596, 81.90033886735645, 54.032308651511364, 35.870466106645836, 18.917261672230612, 0.0, 21.138559537056672, 72.08121709091347, 88.39192572350464, 98.08064878144175, 106.97390447493783, 112.73050242591802, 123.24027383290351, 137.6366632903005, 155.61453855309088], [128.79173360531155, 99.68970654715758, 72.78492170932928, 54.62224945777887, 38.14640322680995, 21.138559537056672, 0.0, 55.57166471741723, 75.45689942736021, 88.09870895757058, 99.9568298741122, 108.26392760365106, 120.38416652397707, 137.8839726019917, 158.20978080222784], [147.6710279309575, 126.64179426050535, 106.62228415947864, 91.97245086607717, 81.27811958464736, 72.08121709091347, 55.57166471741723, 0.0, 65.13928363038116, 72.19810398785903, 85.98188077211329, 95.11766698651392, 105.48582743719332, 123.92675013408592, 143.06492503117434], [164.95541249265315, 142.63964473032613, 122.86724943557586, 109.49219305424772, 100.78173862841993, 88.39192572350464, 75.45689942736021, 65.13928363038116, 0.0, 23.45705166477714, 40.93017136572935, 57.00738247826192, 74.04708024278293, 101.17630589147277, 132.09209469839598], [157.60743004006542, 138.98114193732374, 123.10813710333508, 112.33365555186319, 106.97169574857787, 98.08064878144175, 88.09870895757058, 72.19810398785903, 23.45705166477714, 0.0, 18.544974900904727, 34.678983394472496, 51.31661959809232, 78.87279596093477, 110.37602632427433], [153.0305334866898, 137.11367676610817, 124.43704074939892, 116.04222767401437, 113.39031466171303, 106.97390447493783, 99.9568298741122, 85.98188077211329, 40.93017136572935, 18.544974900904727, 0.0, 16.930025815266344, 34.105579437585526, 62.280145624014764, 95.24993578177947], [144.9336538622754, 132.0016756793804, 122.65909350193522, 116.6104137408415, 116.5195671774409, 112.73050242591802, 108.26392760365106, 95.11766698651392, 57.00738247826192, 34.678983394472496, 16.930025815266344, 0.0, 17.62305845928413, 45.58508232827499, 79.07384485375437], [141.14052666660737, 132.08439606067486, 126.42261198167938, 122.62313577745402, 124.72492874324621, 123.24027383290351, 120.38416652397707, 105.48582743719332, 74.04708024278293, 51.31661959809232, 34.105579437585526, 17.62305845928413, 0.0, 28.45427256316508, 62.31833326153736], [131.71505299799443, 129.18449491548625, 129.718796835033, 129.78035638937067, 135.41136749460537, 137.6366632903005, 137.8839726019917, 123.92675013408592, 101.17630589147277, 78.87279596093477, 62.280145624014764, 45.58508232827499, 28.45427256316508, 0.0, 34.82339502937491], [123.70381011037088, 129.7811751405084, 137.17647790659356, 141.00009512569255, 149.70108497959947, 155.61453855309088, 158.20978080222784, 143.06492503117434, 132.09209469839598, 110.37602632427433, 95.24993578177947, 79.07384485375437, 62.31833326153736, 34.82339502937491, 0.0]]