[[0.0, 31.011643991756536, 57.829610170649254, 76.54609899081663, 94.36315734869528, 110.51811845393293, 127.37133603479009, 147.66395442651617, 158.6559088771565, 154.2554541194652, 154.261016165989, 146.6620933178206, 142.17447157087153, 133.35268280792803, 125.51335150035833], [31.011643991756536, 0.0, 27.759839909732154, 46.95868475644463, 65.45587728579227, 81.15915560512556, 98.94469273593775, 126.37394023974964, 137.5141606483689, 136.91161871577245, 138.075736614746, 133.0764215611742, 132.7213144140347, 130.12538067726388, 130.61267071975047], [57.829610170649254, 27.759839909732154, 0.0, 19.329510914504926, 37.89057190811786, 53.54928154847557, 71.88527886396875, 104.02095980999268, 117.67641745798798, 120.83384091019698, 124.80462423482626, 122.62513627542303, 126.23552654922715, 129.62489125835802, 136.5558173352905], [76.54609899081663, 46.95868475644463, 19.329510914504926, 0.0, 18.96156079000803, 34.24918842401602, 52.726311503758225, 88.65523744841975, 103.68290018112285, 109.74122224481579, 115.85362633418163, 115.86538718170699, 122.30762582588666, 129.87335296755037, 141.02599667389114], [94.36315734869528, 65.45587728579227, 37.89057190811786, 18.96156079000803, 0.0, 17.3605166836759, 35.97147000401109, 74.83187127610847, 94.60752250463992, 103.87699593705914, 113.22611741820229, 115.48694905508692, 124.41582674059526, 135.51617592308966, 149.47802216493028], [110.51811845393293, 81.15915560512556, 53.54928154847557, 34.24918842401602, 17.3605166836759, 0.0, 20.353351426239513, 68.79203718653267, 85.5582952113833, 98.18100205687715, 108.05924359414499, 112.52774781370623, 123.97004735443745, 138.41102604535385, 156.01644574729008], [127.37133603479009, 98.94469273593775, 71.88527886396875, 52.726311503758225, 35.97147000401109, 20.353351426239513, 0.0, 55.29060337128146, 70.35955387387276, 86.10173643390588, 98.37531388163278, 105.14082190523077, 118.89549471122874, 136.81152316682997, 157.6386490353377], [147.66395442651617, 126.37394023974964, 104.02095980999268, 88.65523744841975, 74.83187127610847, 68.79203718653267, 55.29060337128146, 0.0, 55.60485189836554, 65.84264815082551, 90.13763072427633, 96.70773544706701, 108.81132111959846, 127.59273248107672, 146.46855276666807], [158.6559088771565, 137.5141606483689, 117.67641745798798, 103.68290018112285, 94.60752250463992, 85.5582952113833, 70.35955387387276, 55.60485189836554, 0.0, 23.391753738141354, 41.36676971746689, 53.471364006377435, 71.50690574424615, 97.69916488610264, 127.0411786634246], [154.2554541194652, 136.91161871577245, 120.83384091019698, 109.74122224481579, 103.87699593705914, 98.18100205687715, 86.10173643390588, 65.84264815082551, 23.391753738141354, 0.0, 27.18545075507415, 35.65179122257358, 51.32851599505692, 77.20872169642313, 106.41858834896793], [154.261016165989, 138.075736614746, 124.80462423482626, 115.85362633418163, 113.22611741820229, 108.05924359414499, 98.37531388163278, 90.13763072427633, 41.36676971746689, 27.18545075507415, 0.0, 15.258594688156697, 35.178660109914475, 63.49859814205851, 97.3689630779365], [146.6620933178206, 133.0764215611742, 122.62513627542303, 115.86538718170699, 115.48694905508692, 112.52774781370623, 105.14082190523077, 96.70773544706701, 53.471364006377435, 35.65179122257358, 15.258594688156697, 0.0, 20.1057368246177, 48.25468035460115, 82.33795352998193], [142.17447157087153, 132.7213144140347, 126.23552654922715, 122.30762582588666, 124.41582674059526, 123.97004735443745, 118.89549471122874, 108.81132111959846, 71.50690574424615, 51.32851599505692, 35.178660109914475, 20.1057368246177, 0.0, 28.586412477163854, 63.180027443021], [133.35268280792803, 130.12538067726388, 129.62489125835802, 129.87335296755037, 135.51617592308966, 138.41102604535385, 136.81152316682997, 127.59273248107672, 97.69916488610264, 77.20872169642313, 63.49859814205851, 48.25468035460115, 28.586412477163854, 0.0, 35.8187764554116], [125.51335150035833, 130.61267071975047, 136.5558173352905, 141.02599667389114, 149.47802216493028, 156.01644574729008, 157.6386490353377, 146.46855276666807, 127.0411786634246, 106.41858834896793, 97.3689630779365, 82.33795352998193, 63.180027443021, 35.8187764554116, 0.0]]