[[0.0, 30.780985729583957, 60.26632869118593, 77.1978528618721, 93.28512321635287, 106.28830688827695, 123.74625044870953, 140.38929225583303, 158.52615025614412, 152.707380498473, 153.41831958437314, 143.97796024171285, 140.1178230778917, 130.0574946991906, 123.6127517246626], [30.780985729583957, 0.0, 29.765687559165357, 47.4359801162442, 63.71670298156283, 77.4195134112992, 95.48694401225401, 119.22183370529935, 136.87078653616837, 135.0691316053251, 137.58751602912508, 131.35179151474705, 130.94647927440968, 127.23391376566728, 128.3554628275117], [60.26632869118593, 29.765687559165357, 0.0, 18.64284203465233, 34.653556802697324, 49.006296294432495, 67.78398839823755, 98.93928166951841, 117.53947214863368, 120.23670044623705, 125.59368281774474, 123.36028608791632, 126.5716388958207, 129.56339344959144, 137.32272432247856], [77.1978528618721, 47.4359801162442, 18.64284203465233, 0.0, 16.380482619199537, 30.4493747382249, 49.18694219623485, 83.40645034509676, 102.87183166511208, 107.81545179436809, 115.3832153901404, 115.69033239806159, 120.88599851719468, 127.89339144182728, 139.2527705233025], [93.28512321635287, 63.71670298156283, 34.653556802697324, 16.380482619199537, 0.0, 14.79218992544041, 34.38363234798933, 73.81601014510002, 95.06482186806065, 102.94249404398478, 112.7940487059742, 115.77110169627822, 122.8268041895641, 133.25105486256086, 147.28297017596284], [106.28830688827695, 77.4195134112992, 49.006296294432495, 30.4493747382249, 14.79218992544041, 0.0, 20.328316479510676, 62.40974742554885, 85.46001986721566, 95.15860215082944, 107.2630602293851, 112.41737765045956, 120.79439594846431, 134.01648418745606, 150.15518265265192], [123.74625044870953, 95.48694401225401, 67.78398839823755, 49.18694219623485, 34.38363234798933, 20.328316479510676, 0.0, 52.56839916560421, 69.8967160647725, 83.04947871727593, 96.94701235668012, 105.18938282704576, 115.63605957857621, 132.77945357269436, 152.30754298091244], [140.38929225583303, 119.22183370529935, 98.93928166951841, 83.40645034509676, 73.81601014510002, 62.40974742554885, 52.56839916560421, 0.0, 64.94739035602572, 66.77840657363565, 89.28522169050706, 97.8540901069401, 105.6855427914697, 123.47251762638734, 141.03899156082494], [158.52615025614412, 136.87078653616837, 117.53947214863368, 102.87183166511208, 95.06482186806065, 85.46001986721566, 69.8967160647725, 64.94739035602572, 0.0, 25.404007542714456, 38.82328337855315, 55.74841863724996, 70.8583547677048, 97.89909136405848, 126.25573779585412], [152.707380498473, 135.0691316053251, 120.23670044623705, 107.81545179436809, 102.94249404398478, 95.15860215082944, 83.04947871727593, 66.77840657363565, 25.404007542714456, 0.0, 24.594708412739248, 38.29730838986264, 50.80531758380252, 77.5536594839102, 105.08969584746144], [153.41831958437314, 137.58751602912508, 125.59368281774474, 115.3832153901404, 112.7940487059742, 107.2630602293851, 96.94701235668012, 89.28522169050706, 38.82328337855315, 24.594708412739248, 0.0, 19.005104582817122, 34.91354579635545, 63.6171766425242, 94.28866438769109], [143.97796024171285, 131.35179151474705, 123.36028608791632, 115.69033239806159, 115.77110169627822, 112.41737765045956, 105.18938282704576, 97.8540901069401, 55.74841863724996, 38.29730838986264, 19.005104582817122, 0.0, 16.58514890053751, 44.84440623430246, 75.91666972972303], [140.1178230778917, 130.94647927440968, 126.5716388958207, 120.88599851719468, 122.8268041895641, 120.79439594846431, 115.63605957857621, 105.6855427914697, 70.8583547677048, 50.80531758380252, 34.91354579635545, 16.58514890053751, 0.0, 28.985616872387745, 60.005091007495324], [130.0574946991906, 127.23391376566728, 129.56339344959144, 127.89339144182728, 133.25105486256086, 134.01648418745606, 132.77945357269436, 123.47251762638734, 97.89909136405848, 77.5536594839102, 63.6171766425242, 44.84440623430246, 28.985616872387745, 0.0, 31.84111585210357], [123.6127517246626, 128.3554628275117, 137.32272432247856, 139.2527705233025, 147.28297017596284, 150.15518265265192, 152.30754298091244, 141.03899156082494, 126.25573779585412, 105.08969584746144, 94.28866438769109, 75.91666972972303, 60.005091007495324, 31.84111585210357, 0.0]]