[[0.0, 31.54364128659738, 60.74588328085321, 77.21144029175542, 93.89276628479485, 109.5793160423331, 123.85619545325497, 146.31104005888335, 155.7738193442973, 155.71409126795086, 154.41901699101, 146.4477764192937, 142.36917030453287, 132.63665102314633, 122.6665080695328], [31.54364128659738, 0.0, 29.824629986006215, 46.89660505608406, 64.03478072992172, 80.48186106490527, 96.96000258939975, 125.88969579391227, 135.39833151297847, 138.13061703387933, 138.66893420525122, 133.1687390562564, 132.81020991365455, 129.35459700272096, 127.78860284335275], [60.74588328085321, 29.824629986006215, 0.0, 17.74680902963336, 34.64263860284573, 51.680521823327055, 70.06425111412351, 104.93719253818485, 116.41756516929294, 122.75214790245722, 126.38448689403728, 124.05591308664071, 127.47837483160022, 130.61798184820512, 136.25554104704256], [77.21144029175542, 46.89660505608406, 17.74680902963336, 0.0, 17.681848324782475, 34.20903948783368, 53.21555130443979, 91.06699559041192, 102.58399987268577, 110.86554190489267, 116.33167043977916, 115.94995582623706, 121.50272007961195, 128.48823746977058, 138.21544532275874], [93.89276628479485, 64.03478072992172, 34.64263860284573, 17.681848324782475, 0.0, 17.683953159991944, 38.406459444420044, 80.32898590602973, 95.31546888598326, 106.56926822055053, 114.83797793365196, 116.78357744762913, 124.34456322190994, 134.8286066801133, 147.41534834293515], [109.5793160423331, 80.48186106490527, 51.680521823327055, 34.20903948783368, 17.683953159991944, 0.0, 22.103212249837448, 67.22125744732514, 82.8717142629109, 96.49401847849984, 107.14080113891099, 111.27006272896615, 120.6746268684362, 134.59433166528618, 150.3692169325277], [123.85619545325497, 96.96000258939975, 70.06425111412351, 53.21555130443979, 38.406459444420044, 22.103212249837448, 0.0, 46.48098442917798, 66.85756489880305, 83.12566281725772, 97.43056742791015, 103.6685568915045, 114.08669978590555, 130.96348619866723, 148.85805765823872], [146.31104005888335, 125.88969579391227, 104.93719253818485, 91.06699559041192, 80.32898590602973, 67.22125744732514, 46.48098442917798, 0.0, 49.958926589077635, 66.70915548963987, 87.17084679929481, 95.12012868278124, 104.00317302358307, 122.85600880760569, 140.86327175615932], [155.7738193442973, 135.39833151297847, 116.41756516929294, 102.58399987268577, 95.31546888598326, 82.8717142629109, 66.85756489880305, 49.958926589077635, 0.0, 21.04002753632466, 41.90002939877744, 54.173205081771414, 68.081913199653, 93.89023966763654, 121.50533560969916], [155.71409126795086, 138.13061703387933, 122.75214790245722, 110.86554190489267, 106.56926822055053, 96.49401847849984, 83.12566281725772, 66.70915548963987, 21.04002753632466, 0.0, 22.458031795379885, 34.924716927012085, 48.83995281319185, 76.03552610832655, 105.77277596407265], [154.41901699101, 138.66893420525122, 126.38448689403728, 116.33167043977916, 114.83797793365196, 107.14080113891099, 97.43056742791015, 87.17084679929481, 41.90002939877744, 22.458031795379885, 0.0, 15.478540671531476, 32.28898049765963, 60.91163295721084, 93.8756036481684], [146.4477764192937, 133.1687390562564, 124.05591308664071, 115.94995582623706, 116.78357744762913, 111.27006272896615, 103.6685568915045, 95.12012868278124, 54.173205081771414, 34.924716927012085, 15.478540671531476, 0.0, 17.678688906589365, 45.812432309676005, 79.282037572299], [142.36917030453287, 132.81020991365455, 127.47837483160022, 121.50272007961195, 124.34456322190994, 120.6746268684362, 114.08669978590555, 104.00317302358307, 68.081913199653, 48.83995281319185, 32.28898049765963, 17.678688906589365, 0.0, 28.85107431272232, 62.52620596732966], [132.63665102314633, 129.35459700272096, 130.61798184820512, 128.48823746977058, 134.8286066801133, 134.59433166528618, 130.96348619866723, 122.85600880760569, 93.89023966763654, 76.03552610832655, 60.91163295721084, 45.812432309676005, 28.85107431272232, 0.0, 34.94905334012665], [122.6665080695328, 127.78860284335275, 136.25554104704256, 138.21544532275874, 147.41534834293515, 150.3692169325277, 148.85805765823872, 140.86327175615932, 121.50533560969916, 105.77277596407265, 93.8756036481684, 79.282037572299, 62.52620596732966, 34.94905334012665, 0.0]]