[[0.0, 30.96171858198488, 59.47141399732427, 76.27687298226073, 92.47120311607003, 105.3869479169247, 122.10809737252612, 143.05975352064573, 157.7673312794755, 155.0056630174245, 155.5943339623807, 145.9077466678529, 142.1851194034761, 131.97884569584022, 124.77972942121676], [30.96171858198488, 0.0, 28.775935091780443, 46.394973006764175, 62.73934988524458, 76.4100959532534, 94.18643370204681, 121.32420610933262, 136.24753700549525, 137.06699758234546, 139.5390809835054, 132.69170662714484, 132.77356457135653, 128.7287611406196, 129.46382892935904], [59.47141399732427, 28.775935091780443, 0.0, 18.666698828350757, 34.67730231646336, 49.0310022431945, 67.8473035603247, 101.19531849375663, 117.62455107217875, 122.47581935994702, 127.66302907157505, 124.30027914115772, 128.3130656526564, 130.5126284306933, 137.988663623301], [76.27687298226073, 46.394973006764175, 18.666698828350757, 0.0, 16.40706453010201, 30.433887644846973, 49.23009113976372, 84.96990873515153, 102.79827535745726, 109.86461810121412, 117.25760915503892, 116.21465414625507, 122.50912652807926, 128.51202112297005, 139.6996868290501], [92.47120311607003, 62.73934988524458, 34.67730231646336, 16.40706453010201, 0.0, 14.844540340559611, 34.576555018638054, 74.9513557394111, 94.76567122850587, 104.71258920048537, 114.28313041136083, 115.74436045771525, 124.2310700546985, 133.5783340143432, 147.66966838650987], [105.3869479169247, 76.4100959532534, 49.0310022431945, 30.433887644846973, 14.844540340559611, 0.0, 20.02368502724199, 62.73563995473147, 84.8600196753442, 96.75541188151233, 108.537656437007, 112.0554241350718, 122.12007216189888, 134.11223589714697, 150.3753634931065], [122.10809737252612, 94.18643370204681, 67.8473035603247, 49.23009113976372, 34.576555018638054, 20.02368502724199, 0.0, 47.512039119589424, 69.8748898767263, 84.29940103976847, 98.72644027925082, 105.01794524476956, 117.08066592343924, 132.55063935060505, 151.78576581449468], [143.05975352064573, 121.32420610933262, 101.19531849375663, 84.96990873515153, 74.9513557394111, 62.73563995473147, 47.512039119589424, 0.0, 57.69890501883965, 67.34738995034668, 88.57831461980132, 96.63361605009831, 107.82002522013008, 124.66395421193035, 143.3167509584436], [157.7673312794755, 136.24753700549525, 117.62455107217875, 102.79827535745726, 94.76567122850587, 84.8600196753442, 69.8748898767263, 57.69890501883965, 0.0, 22.237951867310763, 39.751220143689515, 54.45797016646387, 71.44374449574464, 96.87327055617958, 125.67576901464139], [155.0056630174245, 137.06699758234546, 122.47581935994702, 109.86461810121412, 104.71258920048537, 96.75541188151233, 84.29940103976847, 67.34738995034668, 22.237951867310763, 0.0, 23.061016771826008, 36.341763167609315, 51.99159015698074, 77.68735415766281, 106.76326990379651], [155.5943339623807, 139.5390809835054, 127.66302907157505, 117.25760915503892, 114.28313041136083, 108.537656437007, 98.72644027925082, 88.57831461980132, 39.751220143689515, 23.061016771826008, 0.0, 17.8185858127662, 35.63700589350663, 63.65383259679711, 95.82993152485952], [145.9077466678529, 132.69170662714484, 124.30027914115772, 116.21465414625507, 115.74436045771525, 112.0554241350718, 105.01794524476956, 96.63361605009831, 54.45797016646387, 36.341763167609315, 17.8185858127662, 0.0, 18.39263745570986, 46.12496284884971, 78.70511133291573], [142.1851194034761, 132.77356457135653, 128.3130656526564, 122.50912652807926, 124.2310700546985, 122.12007216189888, 117.08066592343924, 107.82002522013008, 71.44374449574464, 51.99159015698074, 35.63700589350663, 18.39263745570986, 0.0, 28.329150428901286, 61.31830228401299], [131.97884569584022, 128.7287611406196, 130.5126284306933, 128.51202112297005, 133.5783340143432, 134.11223589714697, 132.55063935060505, 124.66395421193035, 96.87327055617958, 77.68735415766281, 63.65383259679711, 46.12496284884971, 28.329150428901286, 0.0, 33.65790969962563], [124.77972942121676, 129.46382892935904, 137.988663623301, 139.6996868290501, 147.66966838650987, 150.3753634931065, 151.78576581449468, 143.3167509584436, 125.67576901464139, 106.76326990379651, 95.82993152485952, 78.70511133291573, 61.31830228401299, 33.65790969962563, 0.0]]