[[0.0, 31.591886233861707, 57.37934330274619, 73.85885492313626, 93.82061551697163, 111.05997990641313, 126.12860070454711, 150.68170476795177, 161.39515310447945, 157.2269311109839, 153.7993829420621, 146.12380058644183, 142.2148652929116, 133.11865760556475, 123.84972640932851], [31.591886233861707, 0.0, 26.80557934294562, 43.86900125083776, 64.74254857280903, 81.67264590781991, 98.7990269752815, 129.89708264411362, 140.41846534285875, 139.50404634114776, 138.13264962324513, 133.18982372374742, 132.95411659213053, 130.47413122740844, 129.89073347677353], [57.37934330274619, 26.80557934294562, 0.0, 17.23831888135598, 38.23533232118057, 55.109495246980245, 73.15707712503638, 108.73737043476726, 121.48468270504354, 123.91707769577515, 125.49415924070033, 123.47105419644014, 126.59098337708076, 130.1381057181237, 135.91810460122386], [73.85885492313626, 43.86900125083776, 17.23831888135598, 0.0, 21.33629795821772, 37.87629595547503, 56.319949936870685, 94.78084440588324, 108.6418785298383, 113.35922211381167, 117.01154007422126, 117.03111751642714, 122.3292376383509, 129.7407372493102, 139.39828831508032], [93.82061551697163, 64.74254857280903, 38.23533232118057, 21.33629795821772, 0.0, 18.225533419986753, 36.24363757133692, 78.71746192037598, 97.46109865583145, 105.67671909839197, 112.75126898925465, 115.5270432100195, 123.31148207636559, 134.95788086510228, 148.00179736796701], [111.05997990641313, 81.67264590781991, 55.109495246980245, 37.87629595547503, 18.225533419986753, 0.0, 22.353781652848102, 70.43057343869039, 86.85749535276712, 98.04932245630484, 106.99343326954457, 112.16619182711953, 122.24479469927063, 137.62029548021346, 154.5935829771391], [126.12860070454711, 98.7990269752815, 73.15707712503638, 56.319949936870685, 36.24363757133692, 22.353781652848102, 0.0, 49.72835769664949, 72.86332997783411, 86.53849521111282, 99.04336551589255, 106.3081826982676, 117.76935589462973, 136.0007402776759, 154.81183722142006], [150.68170476795177, 129.89708264411362, 108.73737043476726, 94.78084440588324, 78.71746192037598, 70.43057343869039, 49.72835769664949, 0.0, 56.1574853184128, 68.33028391984804, 86.33049151315463, 95.08577746001275, 106.1500052897599, 126.44370708637673, 145.44005540760392], [161.39515310447945, 140.41846534285875, 121.48468270504354, 108.6418785298383, 97.46109865583145, 86.85749535276712, 72.86332997783411, 56.1574853184128, 0.0, 21.44983496702375, 39.756587273016954, 54.098718427303794, 70.35958268472083, 98.29536423150653, 128.40976995100652], [157.2269311109839, 139.50404634114776, 123.91707769577515, 113.35922211381167, 105.67671909839197, 98.04932245630484, 86.53849521111282, 68.33028391984804, 21.44983496702375, 0.0, 20.38575812971627, 34.17402857877959, 49.98182241205631, 78.45718450595466, 109.68738099947946], [153.7993829420621, 138.13264962324513, 125.49415924070033, 117.01154007422126, 112.75126898925465, 106.99343326954457, 99.04336551589255, 86.33049151315463, 39.756587273016954, 20.38575812971627, 0.0, 15.98643974252095, 33.17991378200907, 62.80906735097069, 96.81851004010318], [146.12380058644183, 133.18982372374742, 123.47105419644014, 117.03111751642714, 115.5270432100195, 112.16619182711953, 106.3081826982676, 95.08577746001275, 54.098718427303794, 34.17402857877959, 15.98643974252095, 0.0, 17.473244300139857, 46.9471233033342, 81.49444018925527], [142.2148652929116, 132.95411659213053, 126.59098337708076, 122.3292376383509, 123.31148207636559, 122.24479469927063, 117.76935589462973, 106.1500052897599, 70.35958268472083, 49.98182241205631, 33.17991378200907, 17.473244300139857, 0.0, 29.83716873223857, 65.00615741772148], [133.11865760556475, 130.47413122740844, 130.1381057181237, 129.7407372493102, 134.95788086510228, 137.62029548021346, 136.0007402776759, 126.44370708637673, 98.29536423150653, 78.45718450595466, 62.80906735097069, 46.9471233033342, 29.83716873223857, 0.0, 36.674877716666224], [123.84972640932851, 129.89073347677353, 135.91810460122386, 139.39828831508032, 148.00179736796701, 154.5935829771391, 154.81183722142006, 145.44005540760392, 128.40976995100652, 109.68738099947946, 96.81851004010318, 81.49444018925527, 65.00615741772148, 36.674877716666224, 0.0]]