[[0.0, 32.61235084864562, 59.201516686674985, 79.26035623022372, 94.71997730567223, 113.3090499423874, 125.82770172832926, 151.2894647389011, 160.19298250382008, 157.7621530370633, 157.68416362527117, 149.4665007534936, 143.15152669461807, 135.9753910913339, 125.72244258427087], [32.61235084864562, 0.0, 28.134157939886915, 48.75064285949695, 65.27279066080733, 83.48840065940517, 98.95635971203603, 130.05521891704694, 139.8935515705971, 140.82715032388202, 141.6423179503178, 136.26670669731092, 133.82348956226028, 133.44182090351507, 132.716273215906], [59.201516686674985, 28.134157939886915, 0.0, 20.673508426552687, 37.332428545010416, 55.49711947659719, 72.1061434519745, 106.81940517872329, 119.62874533013836, 123.97128020996503, 127.49127033716373, 125.28547118109053, 126.07085187828973, 131.9509507456783, 138.08735603114422], [79.26035623022372, 48.75064285949695, 20.673508426552687, 0.0, 17.20423045237157, 34.83854048690795, 52.70735102408806, 90.59159130127318, 105.4677157609496, 112.69597923560526, 118.36088964290116, 118.82946889843791, 122.19411508637926, 132.68761547026202, 143.66556648209328], [94.71997730567223, 65.27279066080733, 37.332428545010416, 17.20423045237157, 0.0, 19.3846973966709, 36.644157404510004, 77.01742806330007, 96.24910356174315, 106.15711634135991, 114.75960751955574, 117.53539769306782, 122.54077017639894, 136.25534183705597, 149.7697959471581], [113.3090499423874, 83.48840065940517, 55.49711947659719, 34.83854048690795, 19.3846973966709, 0.0, 23.914483526937097, 67.48018818253554, 86.2027411303761, 99.13992792185095, 108.84240829858051, 114.30791602886427, 121.97606696501774, 139.51221918547466, 157.41794541357208], [125.82770172832926, 98.95635971203603, 72.1061434519745, 52.70735102408806, 36.644157404510004, 23.914483526937097, 0.0, 44.19145311620486, 70.37655511369282, 85.22655366402023, 99.80887869417592, 107.15557297889251, 115.15584895755943, 134.96969907268792, 153.96325541968397], [151.2894647389011, 130.05521891704694, 106.81940517872329, 90.59159130127318, 77.01742806330007, 67.48018818253554, 44.19145311620486, 0.0, 47.0099394841504, 62.27730322380669, 85.31646138092097, 95.14963408123721, 102.75490521659977, 125.3419501427398, 146.01472843296875], [160.19298250382008, 139.8935515705971, 119.62874533013836, 105.4677157609496, 96.24910356174315, 86.2027411303761, 70.37655511369282, 47.0099394841504, 0.0, 21.313345980567338, 41.900186228349206, 55.76642262612131, 68.40041040484229, 96.60273057490677, 127.12501684390219], [157.7621530370633, 140.82715032388202, 123.97128020996503, 112.69597923560526, 106.15711634135991, 99.13992792185095, 85.22655366402023, 62.27730322380669, 21.313345980567338, 0.0, 26.06042450754575, 37.84761509086127, 48.97570461888467, 77.39596464862662, 109.17551848962663], [157.68416362527117, 141.6423179503178, 127.49127033716373, 118.36088964290116, 114.75960751955574, 108.84240829858051, 99.80887869417592, 85.31646138092097, 41.900186228349206, 26.06042450754575, 0.0, 17.135226052230568, 34.42317680891702, 64.45393086330243, 101.49669598998031], [149.4665007534936, 136.26670669731092, 125.28547118109053, 118.82946889843791, 117.53539769306782, 114.30791602886427, 107.15557297889251, 95.14963408123721, 55.76642262612131, 37.84761509086127, 17.135226052230568, 0.0, 18.416171765622376, 47.818988047000246, 85.70003531922053], [143.15152669461807, 133.82348956226028, 126.07085187828973, 122.19411508637926, 122.54077017639894, 121.97606696501774, 115.15584895755943, 102.75490521659977, 68.40041040484229, 48.97570461888467, 34.42317680891702, 18.416171765622376, 0.0, 30.138784531118205, 67.6482714306435], [135.9753910913339, 133.44182090351507, 131.9509507456783, 132.68761547026202, 136.25534183705597, 139.51221918547466, 134.96969907268792, 125.3419501427398, 96.60273057490677, 77.39596464862662, 64.45393086330243, 47.818988047000246, 30.138784531118205, 0.0, 39.874494538781384], [125.72244258427087, 132.716273215906, 138.08735603114422, 143.66556648209328, 149.7697959471581, 157.41794541357208, 153.96325541968397, 146.01472843296875, 127.12501684390219, 109.17551848962663, 101.49669598998031, 85.70003531922053, 67.6482714306435, 39.874494538781384, 0.0]]