[[0.0, 30.756278111175302, 60.338415147475146, 75.08377877571672, 93.1906327571516, 107.52549890614692, 125.8922198932563, 140.45261372324666, 158.64500855131922, 152.86621791738, 153.3531571885687, 143.8237584956794, 139.76920096730169, 130.36420178409918, 123.62324087915117], [30.756278111175302, 0.0, 29.822526430609148, 45.17999674516767, 63.66024728827818, 78.52795984383964, 97.08273741091911, 118.73930453814333, 136.96089407271265, 135.13916214251842, 137.52850485576366, 131.2201549207933, 130.75692290335004, 127.41249699181533, 128.29308890788425], [60.338415147475146, 29.822526430609148, 0.0, 16.214900556922473, 34.655728194232395, 49.99232666163572, 68.90443865454493, 98.05695744535468, 117.58692855656014, 120.27079383567143, 125.49614883506338, 123.20330741751002, 126.58345983018012, 129.67379453523688, 137.28108882253196], [75.08377877571672, 45.17999674516767, 16.214900556922473, 0.0, 18.660977836668557, 33.818804165058665, 52.86732406103571, 84.3295559657879, 104.91926089830174, 109.56823820226384, 116.70046348591214, 116.6122029631943, 121.87324304463617, 128.32919334723974, 139.07967746967822], [93.1906327571516, 63.66024728827818, 34.655728194232395, 18.660977836668557, 0.0, 15.57270588102383, 35.80095851642174, 71.88663013072679, 95.20929554121015, 102.9735254001357, 112.77403858608668, 115.67221074751424, 123.17474920951811, 133.37311701111253, 147.17557413896714], [107.52549890614692, 78.52795984383964, 49.99232666163572, 33.818804165058665, 15.57270588102383, 0.0, 21.48215369784589, 60.79602537151307, 85.11162942870321, 95.1912503289821, 107.09345209869845, 112.38775754600627, 121.57928952859166, 134.72947094203624, 150.96543747399693], [125.8922198932563, 97.08273741091911, 68.90443865454493, 52.86732406103571, 35.80095851642174, 21.48215369784589, 0.0, 55.91460825375692, 70.17717140325593, 84.71565788013558, 97.44328703511559, 105.97558261290133, 117.64095693463373, 134.6295259711346, 154.75398146508635], [140.45261372324666, 118.73930453814333, 98.05695744535468, 84.3295559657879, 71.88663013072679, 60.79602537151307, 55.91460825375692, 0.0, 63.79405342914141, 67.01764111653337, 88.479012222191, 97.20608577563262, 106.75601179728109, 124.55727261388618, 142.1249755565195], [158.64500855131922, 136.96089407271265, 117.58692855656014, 104.91926089830174, 95.20929554121015, 85.11162942870321, 70.17717140325593, 63.79405342914141, 0.0, 25.059886200629563, 38.72420637627357, 55.67822388498481, 71.86039274858412, 97.8732385409983, 126.26375386526679], [152.86621791738, 135.13916214251842, 120.27079383567143, 109.56823820226384, 102.9735254001357, 95.1912503289821, 84.71565788013558, 67.01764111653337, 25.059886200629563, 0.0, 23.522439429900185, 37.54785221092409, 51.71904523080021, 77.63421697146045, 105.19284920275896], [153.3531571885687, 137.52850485576366, 125.49614883506338, 116.70046348591214, 112.77403858608668, 107.09345209869845, 97.44328703511559, 88.479012222191, 38.72420637627357, 23.522439429900185, 0.0, 19.028775006132424, 35.777306460703905, 63.29148504048383, 94.02647507641764], [143.8237584956794, 131.2201549207933, 123.20330741751002, 116.6122029631943, 115.67221074751424, 112.38775754600627, 105.97558261290133, 97.20608577563262, 55.67822388498481, 37.54785221092409, 19.028775006132424, 0.0, 17.15287698913873, 44.36399972770753, 75.49294654456595], [139.76920096730169, 130.75692290335004, 126.58345983018012, 121.87324304463617, 123.17474920951811, 121.57928952859166, 117.64095693463373, 106.75601179728109, 71.86039274858412, 51.71904523080021, 35.777306460703905, 17.15287698913873, 0.0, 27.769959133750664, 58.972923015503724], [130.36420178409918, 127.41249699181533, 129.67379453523688, 128.32919334723974, 133.37311701111253, 134.72947094203624, 134.6295259711346, 124.55727261388618, 97.8732385409983, 77.63421697146045, 63.29148504048383, 44.36399972770753, 27.769959133750664, 0.0, 32.28280607035422], [123.62324087915117, 128.29308890788425, 137.28108882253196, 139.07967746967822, 147.17557413896714, 150.96543747399693, 154.75398146508635, 142.1249755565195, 126.26375386526679, 105.19284920275896, 94.02647507641764, 75.49294654456595, 58.972923015503724, 32.28280607035422, 0.0]]