[[0.0, 32.87453534303783, 61.398170064107624, 79.14356746383028, 94.75815786978633, 113.12368690867706, 126.86870996795088, 151.46344358003435, 159.91147736017982, 157.65026472722798, 157.66797341242804, 149.25752241934148, 143.37532725989257, 135.77877099932135, 125.59674699846788], [32.87453534303783, 0.0, 29.42602549050824, 47.74067835709849, 64.17890978974346, 82.40628101579765, 98.75723202869749, 129.53039606434737, 138.88719183148004, 139.97039870139383, 141.15518974390164, 135.75699146959914, 134.02690512210157, 133.13837464130148, 132.2493043735214], [61.398170064107624, 29.42602549050824, 0.0, 18.440939907614034, 35.13965222144245, 53.22515556055567, 71.08270454781994, 106.59001563026362, 118.3288322161729, 123.01112231278513, 126.78381964399217, 124.7767235994984, 127.0055651951382, 132.48519238861286, 138.7994643181821], [79.14356746383028, 47.74067835709849, 18.440939907614034, 0.0, 17.074957877296363, 34.786088731692764, 53.559546541968174, 92.17686257001206, 105.43752885931141, 112.62592154713182, 118.34388373810503, 118.71888057625938, 123.4880498830738, 132.89447670312848, 143.33896410157942], [94.75815786978633, 64.17890978974346, 35.13965222144245, 17.074957877296363, 0.0, 19.052499014443356, 37.573533992008734, 79.06361142246608, 96.25494358957226, 106.164017199537, 114.72143868220606, 117.39755019452303, 124.19338766501451, 136.70490163355225, 149.66745830628938], [113.12368690867706, 82.40628101579765, 53.22515556055567, 34.786088731692764, 19.052499014443356, 0.0, 24.07792597182121, 69.81053928040359, 86.22589147048411, 99.03741512064617, 108.81694273940816, 114.20410868900326, 123.71406823313107, 139.8921879109653, 157.00795090316993], [126.86870996795088, 98.75723202869749, 71.08270454781994, 53.559546541968174, 37.573533992008734, 24.07792597182121, 0.0, 46.56994967130578, 70.19019402872146, 85.34689254744845, 100.0942464196811, 107.42455702963257, 117.93627519013438, 136.42124396798468, 154.6867654371694], [151.46344358003435, 129.53039606434737, 106.59001563026362, 92.17686257001206, 79.06361142246608, 69.81053928040359, 46.56994967130578, 0.0, 48.839709937879704, 63.948445401643816, 87.75155263020064, 96.75010245905933, 106.8384556411625, 127.1822787980948, 145.71173909565158], [159.91147736017982, 138.88719183148004, 118.3288322161729, 105.43752885931141, 96.25494358957226, 86.22589147048411, 70.19019402872146, 48.839709937879704, 0.0, 21.137173419039506, 42.5421280318877, 55.91490322967388, 71.02098287966551, 97.47320585619052, 126.48771182926305], [157.65026472722798, 139.97039870139383, 123.01112231278513, 112.62592154713182, 106.164017199537, 99.03741512064617, 85.34689254744845, 63.948445401643816, 21.137173419039506, 0.0, 26.474269499944302, 37.70596899532226, 51.66747338521939, 78.43601010722259, 108.8510292238997], [157.66797341242804, 141.15518974390164, 126.78381964399217, 118.34388373810503, 114.72143868220606, 108.81694273940816, 100.0942464196811, 87.75155263020064, 42.5421280318877, 26.474269499944302, 0.0, 17.267413956202514, 36.1565313510843, 65.17698917392235, 101.19550406307098], [149.25752241934148, 135.75699146959914, 124.7767235994984, 118.71888057625938, 117.39755019452303, 114.20410868900326, 107.42455702963257, 96.75010245905933, 55.91490322967388, 37.70596899532226, 17.267413956202514, 0.0, 19.311167337236707, 48.1386931840811, 84.91979739416774], [143.37532725989257, 134.02690512210157, 127.0055651951382, 123.4880498830738, 124.19338766501451, 123.71406823313107, 117.93627519013438, 106.8384556411625, 71.02098287966551, 51.66747338521939, 36.1565313510843, 19.311167337236707, 0.0, 29.069044982749634, 66.18356116283708], [135.77877099932135, 133.13837464130148, 132.48519238861286, 132.89447670312848, 136.70490163355225, 139.8921879109653, 136.42124396798468, 127.1822787980948, 97.47320585619052, 78.43601010722259, 65.17698917392235, 48.1386931840811, 29.069044982749634, 0.0, 39.28695995635093], [125.59674699846788, 132.2493043735214, 138.7994643181821, 143.33896410157942, 149.66745830628938, 157.00795090316993, 154.6867654371694, 145.71173909565158, 126.48771182926305, 108.8510292238997, 101.19550406307098, 84.91979739416774, 66.18356116283708, 39.28695995635093, 0.0]]