[[0.0, 31.885448762733155, 59.75002912598234, 77.58446745406795, 94.40953272979529, 110.30740298944957, 123.86988053962115, 147.18797791349058, 156.79087543200305, 156.08678051055404, 154.76247004890536, 146.009080364425, 142.12975894613325, 132.37225250818187, 122.76553613659239], [31.885448762733155, 0.0, 28.689570395206964, 47.01925344217645, 64.23194878739571, 80.77100425994709, 96.66913294452749, 126.82080148287301, 136.39209489420793, 138.37981022237736, 138.9042924452609, 132.8734359110545, 132.72729204327425, 129.44521732132858, 128.11106251545152], [59.75002912598234, 28.689570395206964, 0.0, 18.8968328304786, 35.77190815374602, 52.78238008611684, 70.28801473878637, 106.06221000011051, 117.94830541569591, 123.31788963058922, 126.91689735130497, 124.17223570533073, 127.62874664491734, 130.71673079512067, 136.00977624485114], [77.58446745406795, 47.01925344217645, 18.8968328304786, 0.0, 17.62473036316354, 34.12315728325926, 52.56526196137865, 91.92403345507448, 103.66145142447448, 111.05678912511281, 116.52372064954452, 116.03243858682914, 121.82348516728402, 129.07060064600805, 138.68232981346904], [94.40953272979529, 64.23194878739571, 35.77190815374602, 17.62473036316354, 0.0, 17.673200098107557, 37.82204802975737, 81.61604408161477, 96.59194407686562, 106.85781428577488, 115.00132301585312, 117.00400269217695, 124.86146509351862, 135.60333197166855, 148.05513512617486], [110.30740298944957, 80.77100425994709, 52.78238008611684, 34.12315728325926, 17.673200098107557, 0.0, 22.208352067651763, 69.43513341062896, 84.35161794414985, 96.88757639853536, 107.21478220619001, 111.57919948135273, 121.37693163967653, 135.59972740378666, 151.2825678399412], [123.86988053962115, 96.66913294452749, 70.28801473878637, 52.56526196137865, 37.82204802975737, 22.208352067651763, 0.0, 48.409817917150285, 69.19060425104514, 84.3775156915807, 98.37009085636275, 104.84443304738171, 115.61759920072829, 132.5042347803102, 149.94483727703428], [147.18797791349058, 126.82080148287301, 106.06221000011051, 91.92403345507448, 81.61604408161477, 69.43513341062896, 48.409817917150285, 0.0, 51.75770883623859, 67.69674882530904, 87.68355423171162, 95.8684110351619, 105.38724479434285, 124.03766333579992, 141.6374423606276], [156.79087543200305, 136.39209489420793, 117.94830541569591, 103.66145142447448, 96.59194407686562, 84.35161794414985, 69.19060425104514, 51.75770883623859, 0.0, 20.2798972938006, 40.84464181421246, 54.03853119288829, 68.49727008072995, 94.55828114658914, 121.7476624575619], [156.08678051055404, 138.37981022237736, 123.31788963058922, 111.05678912511281, 106.85781428577488, 96.88757639853536, 84.3775156915807, 67.69674882530904, 20.2798972938006, 0.0, 21.895991950551768, 35.272025769684234, 49.810541526810255, 77.17519879650484, 106.31731824181637], [154.76247004890536, 138.9042924452609, 126.91689735130497, 116.52372064954452, 115.00132301585312, 107.21478220619001, 98.37009085636275, 87.68355423171162, 40.84464181421246, 21.895991950551768, 0.0, 16.649092087107476, 33.453656868939774, 62.39328423049203, 94.49419471835596], [146.009080364425, 132.8734359110545, 124.17223570533073, 116.03243858682914, 117.00400269217695, 111.57919948135273, 104.84443304738171, 95.8684110351619, 54.03853119288829, 35.272025769684234, 16.649092087107476, 0.0, 17.46316242120373, 46.048505760993095, 78.59173491540156], [142.12975894613325, 132.72729204327425, 127.62874664491734, 121.82348516728402, 124.86146509351862, 121.37693163967653, 115.61759920072829, 105.38724479434285, 68.49727008072995, 49.810541526810255, 33.453656868939774, 17.46316242120373, 0.0, 29.138671523785675, 62.06017449934264], [132.37225250818187, 129.44521732132858, 130.71673079512067, 129.07060064600805, 135.60333197166855, 135.59972740378666, 132.5042347803102, 124.03766333579992, 94.55828114658914, 77.17519879650484, 62.39328423049203, 46.048505760993095, 29.138671523785675, 0.0, 33.999451423496026], [122.76553613659239, 128.11106251545152, 136.00977624485114, 138.68232981346904, 148.05513512617486, 151.2825678399412, 149.94483727703428, 141.6374423606276, 121.7476624575619, 106.31731824181637, 94.49419471835596, 78.59173491540156, 62.06017449934264, 33.999451423496026, 0.0]]