[[0.0, 28.637550731732095, 57.072723308837105, 72.4948697228756, 89.660633722068, 108.99416735747624, 123.81880290478475, 144.38251864162044, 152.67773072458036, 155.53217586799246, 148.58987408166882, 141.3550633522772, 138.12562896051094, 127.80649761775258, 122.54774577332506], [28.637550731732095, 0.0, 28.483677834133378, 44.08619886487228, 61.54923822101608, 81.0002377193033, 96.8100119287839, 122.1557150910242, 132.2471661545122, 137.35112635949045, 133.037456452215, 128.6956330111773, 128.8450097194705, 124.11231886626987, 125.22668542778878], [57.072723308837105, 28.483677834133378, 0.0, 16.22147306476958, 33.8585500761643, 53.41552641982678, 70.61864741084364, 101.97758019377595, 114.86018019627136, 122.99178610884299, 122.07440994302696, 121.4098121786782, 125.3664985935969, 126.76404709574021, 133.85465883757834], [72.4948697228756, 44.08619886487228, 16.22147306476958, 0.0, 17.955762499979894, 37.25765272419736, 54.6944439717426, 89.00956967245234, 102.56824465288483, 112.22975829213738, 113.21492920201912, 114.66364896347055, 120.70302773192641, 125.56678222881224, 135.88756938316035], [89.660633722068, 61.54923822101608, 33.8585500761643, 17.955762499979894, 0.0, 19.80146524506332, 37.671412265316654, 75.43519184186812, 92.04634519532912, 104.4345009122543, 107.93192367561971, 112.10935431561936, 120.45365892973622, 129.01597604538156, 142.26147135358647], [108.99416735747624, 81.0002377193033, 53.41552641982678, 37.25765272419736, 19.80146524506332, 0.0, 20.03837125963658, 64.69065596198872, 81.67582315114977, 96.17456443937118, 102.67827613643833, 109.80999523535128, 120.61057782817085, 133.10299920485113, 149.54427004440006], [123.81880290478475, 96.8100119287839, 70.61864741084364, 54.6944439717426, 37.671412265316654, 20.03837125963658, 0.0, 47.727147735354876, 65.80160326841532, 82.95723858128481, 91.74478307326369, 101.47599626322202, 114.1372627510693, 129.9860788883073, 148.90957310188787], [144.38251864162044, 122.1557150910242, 101.97758019377595, 89.00956967245234, 75.43519184186812, 64.69065596198872, 47.727147735354876, 0.0, 43.37536444609921, 66.37687515358766, 75.34150744812816, 87.55999309381816, 100.67677697809764, 119.56668586627195, 139.5893216791665], [152.67773072458036, 132.2471661545122, 114.86018019627136, 102.56824465288483, 92.04634519532912, 81.67582315114977, 65.80160326841532, 43.37536444609921, 0.0, 23.846356193114524, 36.939949764312274, 53.070043386160094, 69.33795061156822, 93.6611440304299, 118.73386458178496], [155.53217586799246, 137.35112635949045, 122.99178610884299, 112.22975829213738, 104.4345009122543, 96.17456443937118, 82.95723858128481, 66.37687515358766, 23.846356193114524, 0.0, 17.342369550274405, 34.84985158500778, 52.05802715246411, 78.42958991454233, 105.4340532878047], [148.58987408166882, 133.037456452215, 122.07440994302696, 113.21492920201912, 107.93192367561971, 102.67827613643833, 91.74478307326369, 75.34150744812816, 36.939949764312274, 17.342369550274405, 0.0, 17.73866717856801, 34.79563364194712, 61.36858506231843, 88.51878350149907], [141.3550633522772, 128.6956330111773, 121.4098121786782, 114.66364896347055, 112.10935431561936, 109.80999523535128, 101.47599626322202, 87.55999309381816, 53.070043386160094, 34.84985158500778, 17.73866717856801, 0.0, 17.282950645753576, 43.86220623937137, 71.35278134641453], [138.12562896051094, 128.8450097194705, 125.3664985935969, 120.70302773192641, 120.45365892973622, 120.61057782817085, 114.1372627510693, 100.67677697809764, 69.33795061156822, 52.05802715246411, 34.79563364194712, 17.282950645753576, 0.0, 27.252620874998335, 54.94027579790703], [127.80649761775258, 124.11231886626987, 126.76404709574021, 125.56678222881224, 129.01597604538156, 133.10299920485113, 129.9860788883073, 119.56668586627195, 93.6611440304299, 78.42958991454233, 61.36858506231843, 43.86220623937137, 27.252620874998335, 0.0, 27.979627630225284], [122.54774577332506, 125.22668542778878, 133.85465883757834, 135.88756938316035, 142.26147135358647, 149.54427004440006, 148.90957310188787, 139.5893216791665, 118.73386458178496, 105.4340532878047, 88.51878350149907, 71.35278134641453, 54.94027579790703, 27.979627630225284, 0.0]]