[[0.0, 30.835360248578667, 60.48083682727074, 76.05867532202798, 92.1428031789203, 105.1120578049228, 122.12656523351994, 143.8642806124427, 157.86719135402672, 154.74752657452, 154.24863447913188, 144.50680745504232, 141.05635111038671, 131.57198596218126, 124.80473725113987], [30.835360248578667, 0.0, 29.88354874303676, 46.317446528904355, 62.60060663729242, 76.32328629816966, 94.18652175065615, 121.69298713232241, 136.34577314591695, 136.90433018096837, 138.5138635824885, 131.68596071305913, 132.05106474556334, 128.62665964320337, 129.45021530256906], [60.48083682727074, 29.88354874303676, 0.0, 17.721712627494465, 33.648882686376865, 48.10455257754094, 66.84191196242267, 100.48205045944918, 117.06400385388169, 121.90062074476576, 126.5533539858688, 123.41422010993107, 127.87320487603793, 130.86360080585087, 138.39839301665262], [76.05867532202798, 46.317446528904355, 17.721712627494465, 0.0, 16.375708721809577, 30.471573454808027, 49.146688522890386, 84.44180867632478, 102.94145347589864, 109.73915265851562, 116.67479812225577, 115.70769554196396, 122.27630184625453, 128.818471571642, 139.59655115400358], [92.1428031789203, 62.60060663729242, 33.648882686376865, 16.375708721809577, 0.0, 14.850582174936132, 34.380347693183225, 73.73336699335353, 94.97544909329076, 104.59360287591693, 113.9516268155098, 115.4806263057799, 124.19125059370374, 134.00630776634628, 147.48297876071035], [105.1120578049228, 76.32328629816966, 48.10455257754094, 30.471573454808027, 14.850582174936132, 0.0, 19.97021449007201, 61.14642678787864, 85.1962784794252, 96.66254994493305, 108.34992112560012, 111.91802533522522, 122.19804289413854, 134.67229116201534, 150.21158667928165], [122.12656523351994, 94.18652175065615, 66.84191196242267, 49.146688522890386, 34.380347693183225, 19.97021449007201, 0.0, 46.46728857180882, 69.96442841973749, 84.11110556627212, 98.32443505631758, 104.72527195405266, 117.11953322709365, 133.18204443576715, 151.81041619580301], [143.8642806124427, 121.69298713232241, 100.48205045944918, 84.44180867632478, 73.73336699335353, 61.14642678787864, 46.46728857180882, 0.0, 56.51773964070848, 65.60224871601162, 86.65036283492982, 95.0420579375743, 107.08043440199505, 125.49119575313358, 144.0184814627113], [157.86719135402672, 136.34577314591695, 117.06400385388169, 102.94145347589864, 94.97544909329076, 85.1962784794252, 69.96442841973749, 56.51773964070848, 0.0, 22.75691002718286, 39.90032776851152, 54.912312816534225, 72.23776665057453, 97.935017820171, 125.75571846022419], [154.74752657452, 136.90433018096837, 121.90062074476576, 109.73915265851562, 104.59360287591693, 96.66254994493305, 84.11110556627212, 65.60224871601162, 22.75691002718286, 0.0, 23.108408847052768, 36.71010189925369, 52.729749832619014, 78.7386597761541, 106.52814731927923], [154.24863447913188, 138.5138635824885, 126.5533539858688, 116.67479812225577, 113.9516268155098, 108.34992112560012, 98.32443505631758, 86.65036283492982, 39.90032776851152, 23.108408847052768, 0.0, 17.83355694135183, 35.60180794558217, 63.24472464007376, 93.96169019570641], [144.50680745504232, 131.68596071305913, 123.41422010993107, 115.70769554196396, 115.4806263057799, 111.91802533522522, 104.72527195405266, 95.0420579375743, 54.912312816534225, 36.71010189925369, 17.83355694135183, 0.0, 18.2772569714801, 45.55441872160276, 76.57082050866782], [141.05635111038671, 132.05106474556334, 127.87320487603793, 122.27630184625453, 124.19125059370374, 122.19804289413854, 117.11953322709365, 107.08043440199505, 72.23776665057453, 52.729749832619014, 35.60180794558217, 18.2772569714801, 0.0, 27.890746404736568, 59.2564147644056], [131.57198596218126, 128.62665964320337, 130.86360080585087, 128.818471571642, 134.00630776634628, 134.67229116201534, 133.18204443576715, 125.49119575313358, 97.935017820171, 78.7386597761541, 63.24472464007376, 45.55441872160276, 27.890746404736568, 0.0, 32.34650154219634], [124.80473725113987, 129.45021530256906, 138.39839301665262, 139.59655115400358, 147.48297876071035, 150.21158667928165, 151.81041619580301, 144.0184814627113, 125.75571846022419, 106.52814731927923, 93.96169019570641, 76.57082050866782, 59.2564147644056, 32.34650154219634, 0.0]]