[[0.0, 30.867623033496635, 66.93596056316443, 82.4545079458354, 94.79833960414147, 108.69077004588489, 121.40309776725736, 141.72260217851928, 152.60043467907212, 156.72723262895988, 158.41624476168656, 153.97838975685536, 146.80774659292808, 136.7167051419611, 122.76793136279701], [30.867623033496635, 0.0, 36.114224509366196, 52.58278964476816, 66.61209876295621, 80.69077257426841, 96.43083846656144, 123.48715752313193, 134.1853464185301, 139.61999810762893, 142.64251571166952, 140.26196197508605, 136.78611806780992, 133.54093250523758, 128.54145834329128], [66.93596056316443, 36.114224509366196, 0.0, 20.078367152094863, 37.746272233817486, 50.786428065411364, 71.41232965966493, 107.45840700528375, 116.85480066464591, 123.84600199579353, 128.67478226722412, 129.30220945552637, 130.915082080382, 136.33741488784227, 141.4309226166149], [82.4545079458354, 52.58278964476816, 20.078367152094863, 0.0, 18.21947335221622, 30.713898494943123, 52.06400069282832, 90.66709264768001, 101.97018245179471, 111.53426199344244, 119.77657088297005, 122.63387609281092, 126.41803454092837, 135.98874924783934, 144.01994981556487], [94.79833960414147, 66.61209876295621, 37.746272233817486, 18.21947335221622, 0.0, 14.528365692609508, 34.86941480371146, 75.21809449184121, 91.31650753299675, 104.40117751306727, 116.81621109464268, 121.69456308383594, 126.79021685636044, 139.03514459073514, 147.86726593922666], [108.69077004588489, 80.69077257426841, 50.786428065411364, 30.713898494943123, 14.528365692609508, 0.0, 24.24666071555441, 67.80172779735301, 83.11646216927332, 97.51684975995079, 111.7442811380607, 118.25998278434555, 125.30046130901525, 140.71162107564635, 152.51626434487255], [121.40309776725736, 96.43083846656144, 71.41232965966493, 52.06400069282832, 34.86941480371146, 24.24666071555441, 0.0, 44.4320470939259, 65.97596716757566, 84.97986202868304, 104.62062987227738, 113.08938611363615, 120.61852914470377, 138.01023472827833, 149.86092738320153], [141.72260217851928, 123.48715752313193, 107.45840700528375, 90.66709264768001, 75.21809449184121, 67.80172779735301, 44.4320470939259, 0.0, 47.12728057098311, 72.21303421637838, 99.35048035181939, 109.23204463423163, 114.9685183422696, 132.29863835740375, 141.32044750290154], [152.60043467907212, 134.1853464185301, 116.85480066464591, 101.97018245179471, 91.31650753299675, 83.11646216927332, 65.97596716757566, 47.12728057098311, 0.0, 25.980441956751264, 54.87615331683883, 66.94026147467848, 76.47091040140559, 101.03386761553242, 121.71970397809795], [156.72723262895988, 139.61999810762893, 123.84600199579353, 111.53426199344244, 104.40117751306727, 97.51684975995079, 84.97986202868304, 72.21303421637838, 25.980441956751264, 0.0, 29.66319639663471, 42.538802250863206, 54.25379013725009, 82.63971548457107, 109.93140881245833], [158.41624476168656, 142.64251571166952, 128.67478226722412, 119.77657088297005, 116.81621109464268, 111.7442811380607, 104.62062987227738, 99.35048035181939, 54.87615331683883, 29.66319639663471, 0.0, 15.244691174973994, 32.896577472264454, 65.4051996229848, 100.65238851625293], [153.97838975685536, 140.26196197508605, 129.30220945552637, 122.63387609281092, 121.69456308383594, 118.25998278434555, 113.08938611363615, 109.23204463423163, 66.94026147467848, 42.538802250863206, 15.244691174973994, 0.0, 19.477827814648354, 52.02326096739432, 89.54230028376111], [146.80774659292808, 136.78611806780992, 130.915082080382, 126.41803454092837, 126.79021685636044, 125.30046130901525, 120.61852914470377, 114.9685183422696, 76.47091040140559, 54.25379013725009, 32.896577472264454, 19.477827814648354, 0.0, 32.80461723196285, 70.75925488350282], [136.7167051419611, 133.54093250523758, 136.33741488784227, 135.98874924783934, 139.03514459073514, 140.71162107564635, 138.01023472827833, 132.29863835740375, 101.03386761553242, 82.63971548457107, 65.4051996229848, 52.02326096739432, 32.80461723196285, 0.0, 41.329033393778104], [122.76793136279701, 128.54145834329128, 141.4309226166149, 144.01994981556487, 147.86726593922666, 152.51626434487255, 149.86092738320153, 141.32044750290154, 121.71970397809795, 109.93140881245833, 100.65238851625293, 89.54230028376111, 70.75925488350282, 41.329033393778104, 0.0]]