[[0.0, 30.846793876271516, 57.87487964055975, 78.74388500036663, 95.23768635812016, 110.38056704827491, 128.09620152953772, 147.62486781784702, 158.93194489109686, 154.3342332351092, 154.1628702351924, 146.7492722011042, 141.52066769241443, 133.50751041312964, 125.4859609862388], [30.846793876271516, 0.0, 27.290125279859218, 48.6342788795256, 65.73140072747435, 81.10391663165639, 99.30122253549543, 126.18898503877386, 137.65595442562008, 136.88623207431715, 138.02763826465866, 133.14578087007737, 131.84826514763674, 130.14146071490245, 130.4741822260061], [57.87487964055975, 27.290125279859218, 0.0, 21.629435933980112, 39.09086298447434, 54.54792646777824, 73.18462938332905, 106.84232055792607, 119.43141746232473, 122.67884667883557, 125.94583555481586, 123.88856425724255, 126.45566114824776, 130.86667882213044, 137.98460691729744], [78.74388500036663, 48.6342788795256, 21.629435933980112, 0.0, 17.914698066462634, 33.02430325510692, 51.840071627767, 90.65984485685101, 104.3488024689075, 110.96933049993734, 116.48333463113565, 116.89822035529754, 122.50739665171335, 131.71720122021767, 143.57334075024073], [95.23768635812016, 65.73140072747435, 39.09086298447434, 17.914698066462634, 0.0, 16.064124890148666, 35.96862885297638, 77.9211544834475, 95.79667599201372, 105.42408618099782, 113.91675041139158, 116.46036453694788, 124.2408784400406, 136.92471077999141, 151.3632170827018], [110.38056704827491, 81.10391663165639, 54.54792646777824, 33.02430325510692, 16.064124890148666, 0.0, 20.1384223434631, 68.3523625008987, 85.50226113471204, 98.00697636897871, 108.02173602706954, 112.54189071822316, 122.46743585289353, 138.30427966296674, 155.8241182581137], [128.09620152953772, 99.30122253549543, 73.18462938332905, 51.840071627767, 35.96862885297638, 20.1384223434631, 0.0, 59.09020989115935, 71.78618759549028, 87.86146573182505, 99.30380706245754, 106.26114391521759, 118.70736457038375, 138.1693798627836, 159.37953603925362], [147.62486781784702, 126.18898503877386, 106.84232055792607, 90.65984485685101, 77.9211544834475, 68.3523625008987, 59.09020989115935, 0.0, 56.73229890365042, 66.18940797388574, 89.8628659328811, 96.8738172436163, 106.97109523273556, 127.93640051843843, 146.47885938766012], [158.93194489109686, 137.65595442562008, 119.43141746232473, 104.3488024689075, 95.79667599201372, 85.50226113471204, 71.78618759549028, 56.73229890365042, 0.0, 23.733578275801243, 40.846310837712146, 53.348394810934536, 70.0609530712509, 97.83127528404303, 127.43095761563374], [154.3342332351092, 136.88623207431715, 122.67884667883557, 110.96933049993734, 105.42408618099782, 98.00697636897871, 87.86146573182505, 66.18940797388574, 23.733578275801243, 0.0, 26.31510214619799, 35.49094829965, 49.64027870493047, 77.27644135399801, 106.55353055369223], [154.1628702351924, 138.02763826465866, 125.94583555481586, 116.48333463113565, 113.91675041139158, 108.02173602706954, 99.30380706245754, 89.8628659328811, 40.846310837712146, 26.31510214619799, 0.0, 15.053539986478786, 34.06661978623923, 63.07474223730698, 97.13237189879993], [146.7492722011042, 133.14578087007737, 123.88856425724255, 116.89822035529754, 116.46036453694788, 112.54189071822316, 106.26114391521759, 96.8738172436163, 53.348394810934536, 35.49094829965, 15.053539986478786, 0.0, 19.30626904638217, 48.05522372368359, 82.44041640843412], [141.52066769241443, 131.84826514763674, 126.45566114824776, 122.50739665171335, 124.2408784400406, 122.46743585289353, 118.70736457038375, 106.97109523273556, 70.0609530712509, 49.64027870493047, 34.06661978623923, 19.30626904638217, 0.0, 29.30576891100278, 63.6806823996897], [133.50751041312964, 130.14146071490245, 130.86667882213044, 131.71720122021767, 136.92471077999141, 138.30427966296674, 138.1693798627836, 127.93640051843843, 97.83127528404303, 77.27644135399801, 63.07474223730698, 48.05522372368359, 29.30576891100278, 0.0, 36.41293188258482], [125.4859609862388, 130.4741822260061, 137.98460691729744, 143.57334075024073, 151.3632170827018, 155.8241182581137, 159.37953603925362, 146.47885938766012, 127.43095761563374, 106.55353055369223, 97.13237189879993, 82.44041640843412, 63.6806823996897, 36.41293188258482, 0.0]]