[[0.0, 33.408860068283175, 66.24571332587246, 84.19727461676277, 95.58078314197485, 108.67327652390532, 121.20311400097363, 141.63275395741474, 153.7346381675502, 156.53107355456078, 159.0203058860509, 154.2206097245838, 146.60889792798525, 136.8193381145609, 123.82489676965871], [33.408860068283175, 0.0, 33.78982061960112, 52.76571014081248, 66.74293452600621, 80.76932290971094, 97.47625657804251, 125.75729287638293, 136.11922909944735, 140.38114538685105, 143.37266256268725, 140.61071969733052, 137.15250789207448, 134.42291474266383, 131.23717483997953], [66.24571332587246, 33.78982061960112, 0.0, 19.516987937665895, 36.02230992121556, 50.39977883153124, 71.1559149978263, 106.81020546123369, 116.58729932833393, 123.59327478540392, 128.99064052315902, 129.497584875141, 130.78878904908657, 136.18042655094928, 141.61629296638844], [84.19727461676277, 52.76571014081248, 19.516987937665895, 0.0, 18.780232985793358, 32.32059590073668, 55.17354657160829, 94.37261747107662, 103.93989417716664, 112.95731209090114, 120.53961961905867, 123.31086412203028, 127.24677601892957, 137.1937704588394, 146.68868368804007], [95.58078314197485, 66.74293452600621, 36.02230992121556, 18.780232985793358, 0.0, 14.77768587036962, 37.399499699952486, 78.35907072337126, 92.92936542781067, 105.39190767715426, 117.19730933088842, 122.21779922674627, 127.29795974678994, 139.92917600528793, 150.04754830498217], [108.67327652390532, 80.76932290971094, 50.39977883153124, 32.32059590073668, 14.77768587036962, 0.0, 25.033465941551206, 68.2133103968647, 82.96143944151072, 97.41412087853261, 111.52259357462458, 118.37405678394828, 125.11140851110999, 140.68222754052888, 153.09988236562867], [121.20311400097363, 97.47625657804251, 71.1559149978263, 55.17354657160829, 37.399499699952486, 25.033465941551206, 0.0, 43.980799593528204, 66.28727206588242, 85.01175331979877, 104.69298767689845, 113.7425710887688, 120.66391216278784, 138.1965147548716, 150.38139585046224], [141.63275395741474, 125.75729287638293, 106.81020546123369, 94.37261747107662, 78.35907072337126, 68.2133103968647, 43.980799593528204, 0.0, 49.561197352952576, 72.21188841445988, 99.3049353315644, 110.07747952844765, 114.93184787474362, 132.69121225015843, 142.1635781920635], [153.7346381675502, 136.11922909944735, 116.58729932833393, 103.93989417716664, 92.92936542781067, 82.96143944151072, 66.28727206588242, 49.561197352952576, 0.0, 24.446713611150532, 52.77543192328534, 66.31380004258854, 75.95742949732339, 101.57531559553074, 123.30383410127742], [156.53107355456078, 140.38114538685105, 123.59327478540392, 112.95731209090114, 105.39190767715426, 97.41412087853261, 85.01175331979877, 72.21188841445988, 24.446713611150532, 0.0, 29.375532448170038, 43.25521689898957, 54.207767981085986, 82.66973134893435, 109.5973643387503], [159.0203058860509, 143.37266256268725, 128.99064052315902, 120.53961961905867, 117.19730933088842, 111.52259357462458, 104.69298767689845, 99.3049353315644, 52.77543192328534, 29.375532448170038, 0.0, 16.462568901934652, 34.025476340144614, 66.31216829000448, 100.94640960158806], [154.2206097245838, 140.61071969733052, 129.497584875141, 123.31086412203028, 122.21779922674627, 118.37405678394828, 113.7425710887688, 110.07747952844765, 66.31380004258854, 43.25521689898957, 16.462568901934652, 0.0, 20.051410555172744, 52.08012245443479, 89.09450396058827], [146.60889792798525, 137.15250789207448, 130.78878904908657, 127.24677601892957, 127.29795974678994, 125.11140851110999, 120.66391216278784, 114.93184787474362, 75.95742949732339, 54.207767981085986, 34.025476340144614, 20.051410555172744, 0.0, 32.49571093458424, 69.52728275359533], [136.8193381145609, 134.42291474266383, 136.18042655094928, 137.1937704588394, 139.92917600528793, 140.68222754052888, 138.1965147548716, 132.69121225015843, 101.57531559553074, 82.66973134893435, 66.31216829000448, 52.08012245443479, 32.49571093458424, 0.0, 40.391926654792414], [123.82489676965871, 131.23717483997953, 141.61629296638844, 146.68868368804007, 150.04754830498217, 153.09988236562867, 150.38139585046224, 142.1635781920635, 123.30383410127742, 109.5973643387503, 100.94640960158806, 89.09450396058827, 69.52728275359533, 40.391926654792414, 0.0]]