[[0.0, 33.85663987260038, 61.67918035959202, 80.27905013713045, 96.20896534349656, 112.9746273783957, 129.94669049541764, 149.34299543986947, 159.57711119367298, 154.8607880506081, 155.24478842035163, 147.57034434457034, 143.13719934518826, 134.52102823855697, 123.8940123598799], [33.85663987260038, 0.0, 28.38571264330824, 47.51115311629614, 63.92729999411551, 81.3714659373031, 99.1845164451606, 126.60283014727192, 137.17411099502627, 136.42639677611825, 137.9981459888596, 133.64570003498437, 133.3962939118356, 131.57775031414, 130.64041218672358], [61.67918035959202, 28.38571264330824, 0.0, 19.267055310571383, 35.842158661946044, 53.59474448461038, 71.96311036626128, 105.76734940860685, 118.07449882387841, 121.26741814932632, 125.1623089521022, 124.28570209130464, 127.78870218607895, 132.14003220534812, 138.37269518468216], [80.27905013713045, 47.51115311629614, 19.267055310571383, 0.0, 16.709503658115423, 34.475666689512146, 53.173671592940906, 91.54447854269048, 105.56559249029021, 111.75053943641188, 117.76847679872105, 119.49947142997986, 125.50921970249547, 133.95050149438316, 144.4004537935944], [96.20896534349656, 63.92729999411551, 35.842158661946044, 16.709503658115423, 0.0, 18.35483794882649, 37.82131760542538, 80.56623324622123, 97.88803465598306, 106.9946207639431, 115.4641946575264, 119.54290145545497, 127.51070550045378, 139.10949244544634, 152.27929100576995], [112.9746273783957, 81.3714659373031, 53.59474448461038, 34.475666689512146, 18.35483794882649, 0.0, 19.71431346948309, 67.54367639808036, 86.15673358088068, 98.21878343714992, 109.01893731148478, 115.55487950037262, 125.53196889355564, 140.48510789558486, 156.89744318625813], [129.94669049541764, 99.1845164451606, 71.96311036626128, 53.173671592940906, 37.82131760542538, 19.71431346948309, 0.0, 55.36468409951217, 72.70024027364379, 87.89212603380153, 100.88355101111372, 109.97240004855595, 121.92802171506621, 140.21997447956468, 160.03291061543493], [149.34299543986947, 126.60283014727192, 105.76734940860685, 91.54447854269048, 80.56623324622123, 67.54367639808036, 55.36468409951217, 0.0, 56.417196025761264, 67.23412382405418, 91.7708508303302, 100.8284973218004, 110.4265906759529, 129.53632203671012, 146.67043910007638], [159.57711119367298, 137.17411099502627, 118.07449882387841, 105.56559249029021, 97.88803465598306, 86.15673358088068, 72.70024027364379, 56.417196025761264, 0.0, 22.36172370610274, 41.29292314110443, 55.877958818911004, 71.24239017480072, 97.61011869537968, 127.38063155393635], [154.8607880506081, 136.42639677611825, 121.26741814932632, 111.75053943641188, 106.9946207639431, 98.21878343714992, 87.89212603380153, 67.23412382405418, 22.36172370610274, 0.0, 27.251729424141043, 38.191864380757515, 51.31321259459698, 77.45414879574875, 107.41536750431118], [155.24478842035163, 137.9981459888596, 125.1623089521022, 117.76847679872105, 115.4641946575264, 109.01893731148478, 100.88355101111372, 91.7708508303302, 41.29292314110443, 27.251729424141043, 0.0, 17.51997437426248, 35.66499187487478, 64.08288610768628, 100.0917105101028], [147.57034434457034, 133.64570003498437, 124.28570209130464, 119.49947142997986, 119.54290145545497, 115.55487950037262, 109.97240004855595, 100.8284973218004, 55.877958818911004, 38.191864380757515, 17.51997437426248, 0.0, 18.533700433643958, 46.70254158524455, 83.53884139921367], [143.13719934518826, 133.3962939118356, 127.78870218607895, 125.50921970249547, 127.51070550045378, 125.53196889355564, 121.92802171506621, 110.4265906759529, 71.24239017480072, 51.31321259459698, 35.66499187487478, 18.533700433643958, 0.0, 28.705036899133415, 65.92120576801751], [134.52102823855697, 131.57775031414, 132.14003220534812, 133.95050149438316, 139.10949244544634, 140.48510789558486, 140.21997447956468, 129.53632203671012, 97.61011869537968, 77.45414879574875, 64.08288610768628, 46.70254158524455, 28.705036899133415, 0.0, 39.47887694383265], [123.8940123598799, 130.64041218672358, 138.37269518468216, 144.4004537935944, 152.27929100576995, 156.89744318625813, 160.03291061543493, 146.67043910007638, 127.38063155393635, 107.41536750431118, 100.0917105101028, 83.53884139921367, 65.92120576801751, 39.47887694383265, 0.0]]