[[0.0, 32.720029410567626, 62.30328787425717, 84.37270322261479, 93.67087539532511, 111.79265817262235, 124.00529306878794, 148.2231103023813, 155.5689858220244, 158.39744886468355, 155.7926300305949, 149.45578975324028, 142.04228648507242, 132.78681351574423, 125.80536555836251], [32.720029410567626, 0.0, 30.08378147360405, 52.56433691822563, 64.84381726839462, 86.42598803145023, 101.21411814467977, 133.06500275298214, 140.07208512407982, 143.63491240374523, 142.20359035164043, 138.34794663203104, 136.56685908217725, 132.9152373680049, 133.42048641701146], [62.30328787425717, 30.08378147360405, 0.0, 22.87096932395367, 38.00902879430503, 62.69025364262389, 79.72904726798701, 118.32866808714121, 125.88359913915932, 130.82865312662844, 131.8077762440654, 131.13521191289578, 134.67055747469072, 137.12916340518768, 143.94667522200533], [84.37270322261479, 52.56433691822563, 22.87096932395367, 0.0, 22.26533468676479, 47.75901188305347, 65.61585790399297, 108.22484118998312, 114.64629983812027, 120.17173556473352, 122.75289811044956, 124.58291370841042, 132.2169774156418, 139.1656015860923, 150.4885928200581], [93.67087539532511, 64.84381726839462, 38.00902879430503, 22.26533468676479, 0.0, 26.11779846911815, 44.656361576462935, 88.71298833406391, 100.33605382216884, 109.05831685980804, 116.26186316099307, 120.4315060951405, 128.30056677995933, 138.87534561218337, 151.30359950978453], [111.79265817262235, 86.42598803145023, 62.69025364262389, 47.75901188305347, 26.11779846911815, 0.0, 19.14154088079277, 65.32461308478712, 81.89182251015808, 94.15633601984565, 106.74503775762847, 113.96033053222364, 122.92424563007764, 138.19948635547522, 152.8382475394045], [124.00529306878794, 101.21411814467977, 79.72904726798701, 65.61585790399297, 44.656361576462935, 19.14154088079277, 0.0, 47.119469007005016, 66.65862292229839, 81.4000630585554, 97.75997981229567, 106.88187786343558, 116.1757840230512, 134.51587071305477, 150.58603277816292], [148.2231103023813, 133.06500275298214, 118.32866808714121, 108.22484118998312, 88.71298833406391, 65.32461308478712, 47.119469007005016, 0.0, 41.56809137149159, 61.85767410428596, 86.06363346585435, 97.18113362835214, 102.62612081006611, 125.36796548703265, 141.63265059189823], [155.5689858220244, 140.07208512407982, 125.88359913915932, 114.64629983812027, 100.33605382216884, 81.89182251015808, 66.65862292229839, 41.56809137149159, 0.0, 20.74137593727557, 46.81019755455212, 60.48187221739791, 71.42363202703842, 98.74473442272196, 121.37411567295325], [158.39744886468355, 143.63491240374523, 130.82865312662844, 120.17173556473352, 109.05831685980804, 94.15633601984565, 81.4000630585554, 61.85767410428596, 20.74137593727557, 0.0, 26.96418410145049, 41.90166629826629, 56.38128875707548, 85.23489594856117, 110.79228297133217], [155.7926300305949, 142.20359035164043, 131.8077762440654, 122.75289811044956, 116.26186316099307, 106.74503775762847, 97.75997981229567, 86.06363346585435, 46.81019755455212, 26.96418410145049, 0.0, 17.123424317649018, 39.38650511837969, 67.22173337426426, 95.96823588726991], [149.45578975324028, 138.34794663203104, 131.13521191289578, 124.58291370841042, 120.4315060951405, 113.96033053222364, 106.88187786343558, 97.18113362835214, 60.48187221739791, 41.90166629826629, 17.123424317649018, 0.0, 25.83420490864067, 51.34517609454409, 80.92072512455347], [142.04228648507242, 136.56685908217725, 134.67055747469072, 132.2169774156418, 128.30056677995933, 122.92424563007764, 116.1757840230512, 102.62612081006611, 71.42363202703842, 56.38128875707548, 39.38650511837969, 25.83420490864067, 0.0, 29.789696489425733, 57.5651261548095], [132.78681351574423, 132.9152373680049, 137.12916340518768, 139.1656015860923, 138.87534561218337, 138.19948635547522, 134.51587071305477, 125.36796548703265, 98.74473442272196, 85.23489594856117, 67.22173337426426, 51.34517609454409, 29.789696489425733, 0.0, 30.4356341723821], [125.80536555836251, 133.42048641701146, 143.94667522200533, 150.4885928200581, 151.30359950978453, 152.8382475394045, 150.58603277816292, 141.63265059189823, 121.37411567295325, 110.79228297133217, 95.96823588726991, 80.92072512455347, 57.5651261548095, 30.4356341723821, 0.0]]