[[0.0, 32.138512512995774, 59.793795317141814, 76.84359663681019, 95.74146202265108, 111.80397010655054, 128.66904883622158, 148.26587612986458, 160.38518685732632, 155.66822805273964, 153.78241251256057, 145.68070850364208, 141.36196809345367, 133.08884748787224, 125.64482162908786], [32.138512512995774, 0.0, 28.173110964734192, 45.99633371403784, 64.88143355919726, 81.39129903298843, 99.09140765070414, 126.29757476132856, 138.16847369165404, 137.44423718577582, 137.22419187925126, 132.3882932905001, 132.06323662868778, 130.13298662016763, 131.06610010899692], [59.793795317141814, 28.173110964734192, 0.0, 18.249637429321826, 36.8806373607324, 53.594454745435705, 71.8725623538105, 105.29508877952289, 118.44785107740103, 121.72370899834455, 124.07082992251283, 122.84021426216509, 126.23700411993312, 130.3873168599452, 137.90002182758954], [76.84359663681019, 45.99633371403784, 18.249637429321826, 0.0, 19.02807052269995, 35.45160752190506, 53.79352176760095, 90.10511842535698, 105.10018351463803, 110.9257337793318, 115.53823569353075, 116.81864362189236, 122.44320019309622, 130.41976162050207, 141.4860365252028], [95.74146202265108, 64.88143355919726, 36.8806373607324, 19.02807052269995, 0.0, 17.39137214615731, 36.83975362918556, 80.11431860059086, 97.14957900576508, 106.7134099063991, 113.70640730220798, 117.95620997022162, 126.0560968878916, 137.74399058087667, 152.0905513644166], [111.80397010655054, 81.39129903298843, 53.594454745435705, 35.45160752190506, 17.39137214615731, 0.0, 19.676600733475027, 68.86291308354414, 85.46218706483636, 97.95740703365996, 106.94213177940584, 113.73013197463546, 123.85989496766966, 138.80331681288789, 156.18785303715163], [128.66904883622158, 99.09140765070414, 71.8725623538105, 53.79352176760095, 36.83975362918556, 19.676600733475027, 0.0, 56.755454106587194, 71.5278968586626, 87.15805290106415, 98.50707772659139, 108.0595739582548, 120.17372590251777, 138.4620363188013, 158.85151088865143], [148.26587612986458, 126.29757476132856, 105.29508877952289, 90.10511842535698, 80.11431860059086, 68.86291308354414, 56.755454106587194, 0.0, 59.96340186946397, 68.30546894418643, 88.38788497810782, 98.54237355403545, 108.1583275506194, 127.9011541652628, 146.0017312266563], [160.38518685732632, 138.16847369165404, 118.44785107740103, 105.10018351463803, 97.14957900576508, 85.46218706483636, 71.5278968586626, 59.96340186946397, 0.0, 23.907441310737564, 39.283742281999785, 56.02568777672045, 72.47757979497896, 99.16448837309792, 128.45727869019623], [155.66822805273964, 137.44423718577582, 121.72370899834455, 110.9257337793318, 106.7134099063991, 97.95740703365996, 87.15805290106415, 68.30546894418643, 23.907441310737564, 0.0, 22.283777226838595, 36.69445562671909, 51.27658744443849, 78.1848679633064, 107.38899642553388], [153.78241251256057, 137.22419187925126, 124.07082992251283, 115.53823569353075, 113.70640730220798, 106.94213177940584, 98.50707772659139, 88.38788497810782, 39.283742281999785, 22.283777226838595, 0.0, 18.321130042614463, 36.18632018145211, 64.0275570391762, 96.6631714597532], [145.68070850364208, 132.3882932905001, 122.84021426216509, 116.81864362189236, 117.95620997022162, 113.73013197463546, 108.0595739582548, 98.54237355403545, 56.02568777672045, 36.69445562671909, 18.321130042614463, 0.0, 18.462443275282983, 45.90304684069268, 79.20326052950776], [141.36196809345367, 132.06323662868778, 126.23700411993312, 122.44320019309622, 126.0560968878916, 123.85989496766966, 120.17372590251777, 108.1583275506194, 72.47757979497896, 51.27658744443849, 36.18632018145211, 18.462443275282983, 0.0, 28.15420422938617, 61.39515021536911], [133.08884748787224, 130.13298662016763, 130.3873168599452, 130.41976162050207, 137.74399058087667, 138.80331681288789, 138.4620363188013, 127.9011541652628, 99.16448837309792, 78.1848679633064, 64.0275570391762, 45.90304684069268, 28.15420422938617, 0.0, 34.98409732771084], [125.64482162908786, 131.06610010899692, 137.90002182758954, 141.4860365252028, 152.0905513644166, 156.18785303715163, 158.85151088865143, 146.0017312266563, 128.45727869019623, 107.38899642553388, 96.6631714597532, 79.20326052950776, 61.39515021536911, 34.98409732771084, 0.0]]