[[0.0, 31.320702402529253, 59.068246488825906, 77.01335530563027, 94.74689858748403, 109.25852044114882, 123.87537916824702, 145.44005369667724, 152.69409465184742, 155.38924005402035, 151.68239477752863, 144.5906274126731, 141.21378689707973, 130.78880062327184, 122.58483853838284], [31.320702402529253, 0.0, 27.972663267989095, 46.30823313875356, 64.38067974592447, 80.35411419244944, 96.7247970474584, 125.03943713306475, 133.4419434969842, 137.93383223335448, 136.42133356552088, 131.9829345892584, 132.15856611082515, 127.98425268059029, 127.54394745522798], [59.068246488825906, 27.972663267989095, 0.0, 19.04138588177849, 36.89672963326461, 54.341250278783335, 72.50741105165307, 107.44566305047945, 117.86519793110182, 124.7967494470305, 126.18241729346049, 124.80927347634675, 128.52411755266755, 130.51923219581602, 136.57517295031198], [77.01335530563027, 46.30823313875356, 19.04138588177849, 0.0, 18.738015059052813, 36.581699716796216, 55.3613166787986, 94.35442130498312, 104.64086980075567, 112.79924584496644, 116.04075690387077, 116.77801460481378, 122.8081147917482, 128.95539884445895, 139.28619353797993], [94.74689858748403, 64.38067974592447, 36.89672963326461, 18.738015059052813, 0.0, 19.923006833624406, 40.27620850354453, 83.99108331212528, 97.37851010370596, 108.25050361628212, 114.40925966279688, 117.61164982588548, 125.83854542095958, 135.7430781821723, 149.1103760757836], [109.25852044114882, 80.35411419244944, 54.341250278783335, 36.581699716796216, 19.923006833624406, 0.0, 20.63126914274214, 66.3241798349363, 82.5194895165405, 96.2930287890403, 105.48660791870189, 110.81718596230017, 120.69209828781209, 133.9375306302771, 149.934027100918], [123.87537916824702, 96.7247970474584, 72.50741105165307, 55.3613166787986, 40.27620850354453, 20.63126914274214, 0.0, 48.10747014386746, 66.12003225765847, 82.81931908834363, 95.11284682538658, 102.5645095802533, 113.9170891253787, 130.39808163099363, 148.94741981408578], [145.44005369667724, 125.03943713306475, 107.44566305047945, 94.35442130498312, 83.99108331212528, 66.3241798349363, 48.10747014386746, 0.0, 42.06704110695806, 65.66955122379576, 83.21306093942455, 91.97446917246727, 102.50572645087234, 121.10225472097258, 140.1235505079738], [152.69409465184742, 133.4419434969842, 117.86519793110182, 104.64086980075567, 97.37851010370596, 82.5194895165405, 66.12003225765847, 42.06704110695806, 0.0, 24.246462431350473, 43.7096096715905, 55.43716256771799, 68.85569438697446, 93.10933497885695, 118.5654705415639], [155.38924005402035, 137.93383223335448, 124.7967494470305, 112.79924584496644, 108.25050361628212, 96.2930287890403, 82.81931908834363, 65.66955122379576, 24.246462431350473, 0.0, 20.53760387147756, 34.352910726795734, 49.49366406199404, 76.61516255810218, 105.3094833747122], [151.68239477752863, 136.42133356552088, 126.18241729346049, 116.04075690387077, 114.40925966279688, 105.48660791870189, 95.11284682538658, 83.21306093942455, 43.7096096715905, 20.53760387147756, 0.0, 15.51704956985031, 31.97194409053901, 60.23032681717685, 90.79465590907992], [144.5906274126731, 131.9829345892584, 124.80927347634675, 116.77801460481378, 117.61164982588548, 110.81718596230017, 102.5645095802533, 91.97446917246727, 55.43716256771799, 34.352910726795734, 15.51704956985031, 0.0, 16.81460555045943, 44.88214610664724, 75.8133237923135], [141.21378689707973, 132.15856611082515, 128.52411755266755, 122.8081147917482, 125.83854542095958, 120.69209828781209, 113.9170891253787, 102.50572645087234, 68.85569438697446, 49.49366406199404, 31.97194409053901, 16.81460555045943, 0.0, 28.693856737520402, 59.960356408516326], [130.78880062327184, 127.98425268059029, 130.51923219581602, 128.95539884445895, 135.7430781821723, 133.9375306302771, 130.39808163099363, 121.10225472097258, 93.10933497885695, 76.61516255810218, 60.23032681717685, 44.88214610664724, 28.693856737520402, 0.0, 31.887124204757352], [122.58483853838284, 127.54394745522798, 136.57517295031198, 139.28619353797993, 149.1103760757836, 149.934027100918, 148.94741981408578, 140.1235505079738, 118.5654705415639, 105.3094833747122, 90.79465590907992, 75.8133237923135, 59.960356408516326, 31.887124204757352, 0.0]]