[[0.0, 31.386971153612784, 59.12242305116323, 76.29667451335034, 93.67354545576701, 111.6834764327984, 125.56439258451971, 150.07847534933234, 158.47230695836086, 156.99281363639068, 156.12516166945701, 147.93909123386274, 143.40811272595639, 134.2354545150914, 124.31592472005819], [31.386971153612784, 0.0, 28.799845170726503, 46.9609728904579, 64.56098354972794, 82.57985439473084, 99.12141640562399, 130.09252759606474, 138.54050971888256, 139.70216447762095, 140.42012399748447, 134.65476493900564, 133.93103062992918, 131.17901700109923, 129.86102084445832], [59.12242305116323, 28.799845170726503, 0.0, 18.8491200908517, 36.113662703518266, 54.36293421465815, 72.40011649109621, 108.44865482936541, 119.66473341297792, 124.34278356064694, 128.1431119272919, 125.42097341691439, 128.31973807219856, 131.9539108841192, 137.49328679574526], [76.29667451335034, 46.9609728904579, 18.8491200908517, 0.0, 17.673566226606418, 35.77579400445531, 53.76568378471482, 92.20729358788893, 104.73825784463752, 111.63186170183646, 117.64384719283167, 116.9794666930101, 122.03691577055795, 129.6707367500256, 139.32060591543404], [93.67354545576701, 64.56098354972794, 36.113662703518266, 17.673566226606418, 0.0, 18.951534433162582, 38.31451038442178, 81.19295144322281, 96.49325057314772, 106.32218595407417, 114.82067757941977, 116.51412303967814, 123.80105982049986, 135.1128633199533, 148.07552058724448], [111.6834764327984, 82.57985439473084, 54.36293421465815, 35.77579400445531, 18.951534433162582, 0.0, 24.469987417140327, 71.6090072860865, 85.39682782117572, 97.67895705880089, 107.89736185014087, 112.01610683587383, 121.75784394753573, 136.9466168680351, 153.9484867185235], [125.56439258451971, 99.12141640562399, 72.40011649109621, 53.76568378471482, 38.31451038442178, 24.469987417140327, 0.0, 48.07391604276908, 69.57147998331249, 85.03299057483756, 99.55935988750588, 105.75004780984474, 116.15532514161433, 133.87030976841697, 152.36326354323327], [150.07847534933234, 130.09252759606474, 108.44865482936541, 92.20729358788893, 81.19295144322281, 71.6090072860865, 48.07391604276908, 0.0, 51.353480538426545, 68.46274111095501, 89.51499313703216, 97.61619270531982, 106.47196485934651, 125.91615550760731, 144.69951453675034], [158.47230695836086, 138.54050971888256, 119.66473341297792, 104.73825784463752, 96.49325057314772, 85.39682782117572, 69.57147998331249, 51.353480538426545, 0.0, 21.208730384313558, 42.421672174996516, 54.77398059741684, 68.7684762948192, 95.31839793977365, 124.05936687326476], [156.99281363639068, 139.70216447762095, 124.34278356064694, 111.63186170183646, 106.32218595407417, 97.67895705880089, 85.03299057483756, 68.46274111095501, 21.208730384313558, 0.0, 22.689681448344537, 34.92090212998899, 48.94406063356223, 76.75487941727076, 107.70303746088177], [156.12516166945701, 140.42012399748447, 128.1431119272919, 117.64384719283167, 114.82067757941977, 107.89736185014087, 99.55935988750588, 89.51499313703216, 42.421672174996516, 22.689681448344537, 0.0, 15.644617599913296, 33.10047785667986, 62.55848816491756, 96.94996245717404], [147.93909123386274, 134.65476493900564, 125.42097341691439, 116.9794666930101, 116.51412303967814, 112.01610683587383, 105.75004780984474, 97.61619270531982, 54.77398059741684, 34.92090212998899, 15.644617599913296, 0.0, 18.400807559443717, 47.415035941236624, 82.31752514930997], [143.40811272595639, 133.93103062992918, 128.31973807219856, 122.03691577055795, 123.80105982049986, 121.75784394753573, 116.15532514161433, 106.47196485934651, 68.7684762948192, 48.94406063356223, 33.10047785667986, 18.400807559443717, 0.0, 29.589777329358768, 64.73290792601192], [134.2354545150914, 131.17901700109923, 131.9539108841192, 129.6707367500256, 135.1128633199533, 136.9466168680351, 133.87030976841697, 125.91615550760731, 95.31839793977365, 76.75487941727076, 62.55848816491756, 47.415035941236624, 29.589777329358768, 0.0, 36.415259137260826], [124.31592472005819, 129.86102084445832, 137.49328679574526, 139.32060591543404, 148.07552058724448, 153.9484867185235, 152.36326354323327, 144.69951453675034, 124.05936687326476, 107.70303746088177, 96.94996245717404, 82.31752514930997, 64.73290792601192, 36.415259137260826, 0.0]]