[[0.0, 31.869941493101194, 60.15259035459412, 75.09906090068174, 93.124666893473, 107.67069519078497, 126.01664064180598, 140.98476048853655, 158.64714696289371, 152.90101048067535, 153.22437788002668, 143.8898290061941, 140.64224913421552, 130.30839907954058, 123.62075643523457], [31.869941493101194, 0.0, 28.589961298470236, 44.09427855324803, 62.55135509674, 77.52782278332538, 96.11183017520314, 118.64686220686528, 136.17650806479145, 134.53353356162197, 136.87753110400956, 130.86071753999354, 131.0381531420883, 127.34206802005843, 128.5419524644159], [60.15259035459412, 28.589961298470236, 0.0, 16.20224287063325, 34.63456805421548, 49.96017736039226, 69.04786845814426, 98.61965743189923, 117.64957794988325, 120.27221068439802, 125.48089200695935, 123.32098550796256, 126.89150450543009, 129.66170919128555, 137.22187305069653], [75.09906090068174, 44.09427855324803, 16.20224287063325, 0.0, 18.690527074475824, 33.81084191612586, 52.955102232130045, 85.2988407743366, 104.91844661622314, 109.59335137740982, 116.60354093984121, 116.66381788006359, 122.01506904094735, 128.31478805166682, 139.1113850453297], [93.124666893473, 62.55135509674, 34.63456805421548, 18.690527074475824, 0.0, 15.571547642664013, 36.046071705199985, 72.71537421692676, 95.26747331600677, 102.99177347962346, 112.7325723314917, 115.7786456704599, 123.19455671492668, 133.3609420623562, 147.15031437255317], [107.67069519078497, 77.52782278332538, 49.96017736039226, 33.81084191612586, 15.571547642664013, 0.0, 21.35657510026109, 62.44220056823508, 84.98410625846323, 95.21625788453132, 106.8738598661329, 112.35316720098051, 121.39314079523602, 134.7071482350047, 151.0770485297197], [126.01664064180598, 96.11183017520314, 69.04786845814426, 52.955102232130045, 36.046071705199985, 21.35657510026109, 0.0, 57.45501087880509, 70.14658552023853, 84.78013868632388, 97.34683291674054, 105.99905562528427, 117.23003077655831, 134.6663472894713, 154.87529521445512], [140.98476048853655, 118.64686220686528, 98.61965743189923, 85.2988407743366, 72.71537421692676, 62.44220056823508, 57.45501087880509, 0.0, 63.66085345414123, 66.65012888519696, 87.81820693353903, 97.008763694784, 106.51256802597615, 124.07113863826379, 141.68131097744873], [158.64714696289371, 136.17650806479145, 117.64957794988325, 104.91844661622314, 95.26747331600677, 84.98410625846323, 70.14658552023853, 63.66085345414123, 0.0, 24.995296872050545, 38.67612698559044, 55.70032764564577, 70.86550353053575, 97.89385283275551, 126.30294762784034], [152.90101048067535, 134.53353356162197, 120.27221068439802, 109.59335137740982, 102.99177347962346, 95.21625788453132, 84.78013868632388, 66.65012888519696, 24.995296872050545, 0.0, 23.10147164432572, 37.60803375727259, 51.0440730736593, 77.61274178511916, 105.23458536687724], [153.22437788002668, 136.87753110400956, 125.48089200695935, 116.60354093984121, 112.7325723314917, 106.8738598661329, 97.34683291674054, 87.81820693353903, 38.67612698559044, 23.10147164432572, 0.0, 18.96096848970271, 34.36319247473018, 63.24450958126466, 93.9354844338506], [143.8898290061941, 130.86071753999354, 123.32098550796256, 116.66381788006359, 115.7786456704599, 112.35316720098051, 105.99905562528427, 97.008763694784, 55.70032764564577, 37.60803375727259, 18.96096848970271, 0.0, 15.795601824665681, 44.48044245415979, 75.65339296113166], [140.64224913421552, 131.0381531420883, 126.89150450543009, 122.01506904094735, 123.19455671492668, 121.39314079523602, 117.23003077655831, 106.51256802597615, 70.86550353053575, 51.0440730736593, 34.36319247473018, 15.795601824665681, 0.0, 29.201678224192065, 60.667909140704744], [130.30839907954058, 127.34206802005843, 129.66170919128555, 128.31478805166682, 133.3609420623562, 134.7071482350047, 134.6663472894713, 124.07113863826379, 97.89385283275551, 77.61274178511916, 63.24450958126466, 44.48044245415979, 29.201678224192065, 0.0, 32.24701661376453], [123.62075643523457, 128.5419524644159, 137.22187305069653, 139.1113850453297, 147.15031437255317, 151.0770485297197, 154.87529521445512, 141.68131097744873, 126.30294762784034, 105.23458536687724, 93.9354844338506, 75.65339296113166, 60.667909140704744, 32.24701661376453, 0.0]]