[[0.0, 30.653155972359077, 59.15629222542137, 75.73655297801108, 94.41831135228682, 113.19937229410743, 125.76752921134585, 151.33419329563625, 160.18908336194124, 157.85454996770315, 157.55672196685438, 149.4080841717471, 143.11428738762913, 135.71733100139807, 125.69515606811721], [30.653155972359077, 0.0, 28.69322742472683, 45.67354760248769, 65.08191597489933, 83.62844962368814, 98.24324659225188, 128.52063158932097, 138.83652218771624, 139.59175419234302, 140.81755956119082, 135.38549575908115, 133.0473460973635, 131.85354796906222, 130.33456081007233], [59.15629222542137, 28.69322742472683, 0.0, 17.33456556760673, 37.3729718495737, 55.45229640350716, 72.12346632249778, 107.13766403740034, 119.610212410537, 123.93879320521027, 127.4221379447736, 125.25512854975405, 127.03299816820245, 132.10225270021542, 137.99438323408216], [75.73655297801108, 45.67354760248769, 17.33456556760673, 0.0, 20.494786432369963, 38.123971444833636, 55.49862179273555, 92.90088865621775, 106.96428817306017, 113.57383232603996, 118.91304045666028, 118.92198595441369, 123.08365857286023, 131.8410041489523, 141.64680281554587], [94.41831135228682, 65.08191597489933, 37.3729718495737, 20.494786432369963, 0.0, 19.783945004201236, 36.41876414759141, 76.90938942819504, 96.14279946416849, 105.99758644633296, 114.76716283331312, 117.5554167637765, 124.0527746806642, 136.55094567558183, 149.31789361625428], [113.19937229410743, 83.62844962368814, 55.45229640350716, 38.123971444833636, 19.783945004201236, 0.0, 23.925316869927766, 67.99955179057775, 86.12905214268116, 98.98199443682276, 108.79299969628123, 114.27624507999141, 123.79330742478841, 140.0149517363851, 157.23318345219514], [125.76752921134585, 98.24324659225188, 72.12346632249778, 55.49862179273555, 36.41876414759141, 23.925316869927766, 0.0, 44.67508921704839, 70.38898068783055, 85.25120232728229, 99.7561673241961, 107.15718295896615, 117.21079858242177, 135.66350976168272, 153.8288096873383], [151.33419329563625, 128.52063158932097, 107.13766403740034, 92.90088865621775, 76.90938942819504, 67.99955179057775, 44.67508921704839, 0.0, 47.83364057583254, 63.13949058265659, 85.71412874858133, 95.59585398587728, 105.29520577101266, 126.47583463401664, 145.91145505995118], [160.18908336194124, 138.83652218771624, 119.610212410537, 106.96428817306017, 96.14279946416849, 86.12905214268116, 70.38898068783055, 47.83364057583254, 0.0, 21.212436314927096, 41.69596859273687, 55.70011730603286, 70.85800154983151, 97.63555102111549, 127.08714849766555], [157.85454996770315, 139.59175419234302, 123.93879320521027, 113.57383232603996, 105.99758644633296, 98.98199443682276, 85.25120232728229, 63.13949058265659, 21.212436314927096, 0.0, 25.132765768264534, 37.420293480378184, 51.31118284647923, 78.51456564467213, 109.35883737959134], [157.55672196685438, 140.81755956119082, 127.4221379447736, 118.91304045666028, 114.76716283331312, 108.79299969628123, 99.7561673241961, 85.71412874858133, 41.69596859273687, 25.132765768264534, 0.0, 17.091443534601463, 36.53717470906411, 65.24120691474737, 101.16066353294572], [149.4080841717471, 135.38549575908115, 125.25512854975405, 118.92198595441369, 117.5554167637765, 114.27624507999141, 107.15718295896615, 95.59585398587728, 55.70011730603286, 37.420293480378184, 17.091443534601463, 0.0, 20.429093769198037, 48.643790197637564, 85.47501559098345], [143.11428738762913, 133.0473460973635, 127.03299816820245, 123.08365857286023, 124.0527746806642, 123.79330742478841, 117.21079858242177, 105.29520577101266, 70.85800154983151, 51.31118284647923, 36.53717470906411, 20.429093769198037, 0.0, 28.8074711116153, 65.54382217614106], [135.71733100139807, 131.85354796906222, 132.10225270021542, 131.8410041489523, 136.55094567558183, 140.0149517363851, 135.66350976168272, 126.47583463401664, 97.63555102111549, 78.51456564467213, 65.24120691474737, 48.643790197637564, 28.8074711116153, 0.0, 39.080070531881205], [125.69515606811721, 130.33456081007233, 137.99438323408216, 141.64680281554587, 149.31789361625428, 157.23318345219514, 153.8288096873383, 145.91145505995118, 127.08714849766555, 109.35883737959134, 101.16066353294572, 85.47501559098345, 65.54382217614106, 39.080070531881205, 0.0]]