[[0.0, 34.123441597583806, 61.60923206815011, 80.33072569007858, 94.68513516244418, 111.98701209088298, 130.81409393581413, 151.83005524639933, 164.95509023206498, 157.5444095574151, 153.5683756088724, 145.75430708184928, 141.9485990839184, 133.090591785021, 123.78826687477016], [34.123441597583806, 0.0, 29.187428985203976, 48.47128190175055, 63.85208982405389, 81.66370680160232, 101.24815349216114, 132.1249779493072, 143.37696207415175, 139.98125508100276, 138.38650849078886, 133.61443654718832, 133.7651823100916, 131.79175407817257, 131.96288998847868], [61.60923206815011, 29.187428985203976, 0.0, 19.30395030284995, 34.83658992139083, 52.76244945088404, 72.63843427206322, 109.43328828989476, 122.22688638993267, 122.69782197273172, 124.35875147161566, 122.79061655988954, 126.56795683246405, 131.06469138415008, 138.08982854046528], [80.33072569007858, 48.47128190175055, 19.30395030284995, 0.0, 15.92931679266767, 33.71077166613249, 53.77116629655402, 95.76509057488911, 109.3582568109978, 112.93416604393668, 117.07662464558365, 117.948459003742, 124.2300014335074, 133.00714529501002, 144.23668524712556], [94.68513516244418, 63.85208982405389, 34.83658992139083, 15.92931679266767, 0.0, 18.43321194260948, 38.73135970433605, 83.74511462485869, 100.77553027288923, 107.00231567896415, 113.61741141566868, 116.48205970562765, 124.55143736436762, 136.41316297720292, 150.01265297763496], [111.98701209088298, 81.66370680160232, 52.76244945088404, 33.71077166613249, 18.43321194260948, 0.0, 20.35235570762702, 71.88682070298188, 88.40474266245577, 97.93284593793246, 107.034017679965, 112.32374840834969, 122.55344900972786, 138.0694985028622, 155.16492821736722], [130.81409393581413, 101.24815349216114, 72.63843427206322, 53.77116629655402, 38.73135970433605, 20.35235570762702, 0.0, 60.69615189912636, 76.20101958744192, 89.63594639833286, 101.5928873979917, 109.53863014917566, 121.88110770592834, 141.0101405462444, 161.38147123016347], [151.83005524639933, 132.1249779493072, 109.43328828989476, 95.76509057488911, 83.74511462485869, 71.88682070298188, 60.69615189912636, 0.0, 63.6042188836741, 71.72571712201527, 87.94245168228947, 96.23806465234235, 107.32114013474762, 127.93428641445024, 146.318031749444], [164.95509023206498, 143.37696207415175, 122.22688638993267, 109.3582568109978, 100.77553027288923, 88.40474266245577, 76.20101958744192, 63.6042188836741, 0.0, 23.573079814061487, 40.803046201697754, 55.90150448722582, 72.77238217365222, 101.08362361599498, 132.27022808909675], [157.5444095574151, 139.98125508100276, 122.69782197273172, 112.93416604393668, 107.00231567896415, 97.93284593793246, 89.63594639833286, 71.72571712201527, 23.573079814061487, 0.0, 19.247553758146832, 33.70116445568618, 50.08667164957513, 78.71911651244176, 110.42630882770602], [153.5683756088724, 138.38650849078886, 124.35875147161566, 117.07662464558365, 113.61741141566868, 107.034017679965, 101.5928873979917, 87.94245168228947, 40.803046201697754, 19.247553758146832, 0.0, 16.11828617729533, 33.263775560663355, 62.492462033435395, 96.54529022485237], [145.75430708184928, 133.61443654718832, 122.79061655988954, 117.948459003742, 116.48205970562765, 112.32374840834969, 109.53863014917566, 96.23806465234235, 55.90150448722582, 33.70116445568618, 16.11828617729533, 0.0, 17.350405122204297, 46.39886635541366, 80.87275686651493], [141.9485990839184, 133.7651823100916, 126.56795683246405, 124.2300014335074, 124.55143736436762, 122.55344900972786, 121.88110770592834, 107.32114013474762, 72.77238217365222, 50.08667164957513, 33.263775560663355, 17.350405122204297, 0.0, 29.4419141460079, 64.51647971418431], [133.090591785021, 131.79175407817257, 131.06469138415008, 133.00714529501002, 136.41316297720292, 138.0694985028622, 141.0101405462444, 127.93428641445024, 101.08362361599498, 78.71911651244176, 62.492462033435395, 46.39886635541366, 29.4419141460079, 0.0, 37.004056750981356], [123.78826687477016, 131.96288998847868, 138.08982854046528, 144.23668524712556, 150.01265297763496, 155.16492821736722, 161.38147123016347, 146.318031749444, 132.27022808909675, 110.42630882770602, 96.54529022485237, 80.87275686651493, 64.51647971418431, 37.004056750981356, 0.0]]