[[0.0, 33.033021020147025, 60.2189747594537, 78.3953018777001, 95.04480785165795, 113.13309121888175, 126.97638850808822, 151.41317807629494, 160.03820097001346, 157.67504255188845, 157.6800078015556, 149.42221339666165, 143.18789900828946, 136.05714844931848, 125.68429180541561], [33.033021020147025, 0.0, 28.232985192784835, 46.7839922023221, 64.2836391542329, 82.39092402029935, 98.81731325003018, 129.33566030317814, 138.98040726989836, 140.0446398015894, 141.1602082966416, 135.86226751715975, 133.4764559032012, 133.25193903515108, 132.48700171958072], [60.2189747594537, 28.232985192784835, 0.0, 18.638961951760727, 36.2374120041463, 54.34032258827092, 72.01799532112578, 106.7690128217834, 118.96022876189532, 123.47835608028859, 127.14991759684514, 125.06579514807265, 125.99831605795266, 132.09063506170605, 138.3915447902126], [78.3953018777001, 46.7839922023221, 18.638961951760727, 0.0, 18.164985230174178, 35.79395185330654, 54.699626834635694, 92.75257075860311, 106.11037057166574, 113.16870656262114, 118.5275136955068, 118.83621244532752, 122.14743475164184, 132.41183948593348, 143.2709587787979], [95.04480785165795, 64.2836391542329, 36.2374120041463, 18.164985230174178, 0.0, 18.68347589735995, 37.74726678943125, 78.9132802878872, 96.39149328539334, 106.35035882744941, 114.67784457809503, 117.4703151731314, 122.64174178613584, 136.42246747882726, 150.1394769260177], [113.13309121888175, 82.39092402029935, 54.34032258827092, 35.79395185330654, 18.68347589735995, 0.0, 23.727129651232595, 68.76946399582921, 86.18300860376486, 99.07507397535902, 108.83885286059656, 114.27351109626109, 121.88433376715781, 139.3438082331142, 157.12674291144015], [126.97638850808822, 98.81731325003018, 72.01799532112578, 54.699626834635694, 37.74726678943125, 23.727129651232595, 0.0, 45.89363405476942, 70.24427528298553, 85.38934239712941, 100.01106567892764, 107.50179329267988, 115.73800176904275, 135.75748613833306, 154.91534356300937], [151.41317807629494, 129.33566030317814, 106.7690128217834, 92.75257075860311, 78.9132802878872, 68.76946399582921, 45.89363405476942, 0.0, 48.15444377793021, 63.16061507071324, 86.81021147689557, 96.3018171251001, 103.64451752500376, 125.95044172054318, 145.81102374372585], [160.03820097001346, 138.98040726989836, 118.96022876189532, 106.11037057166574, 96.39149328539334, 86.18300860376486, 70.24427528298553, 48.15444377793021, 0.0, 21.23999441008415, 42.282033664150426, 55.948257732167406, 68.43034016088484, 96.50169305332733, 126.76748934934743], [157.67504255188845, 140.0446398015894, 123.47835608028859, 113.16870656262114, 106.35035882744941, 99.07507397535902, 85.38934239712941, 63.16061507071324, 21.23999441008415, 0.0, 26.53254587940453, 38.04493285141055, 49.077440232378756, 77.37025835717652, 108.92302464667297], [157.6800078015556, 141.1602082966416, 127.14991759684514, 118.5275136955068, 114.67784457809503, 108.83885286059656, 100.01106567892764, 86.81021147689557, 42.282033664150426, 26.53254587940453, 0.0, 17.15938165453002, 34.32620145014726, 64.2163524279763, 101.36470207711996], [149.42221339666165, 135.86226751715975, 125.06579514807265, 118.83621244532752, 117.4703151731314, 114.27351109626109, 107.50179329267988, 96.3018171251001, 55.948257732167406, 38.04493285141055, 17.15938165453002, 0.0, 18.164979442868255, 47.461190340946416, 85.45733461845735], [143.18789900828946, 133.4764559032012, 125.99831605795266, 122.14743475164184, 122.64174178613584, 121.88433376715781, 115.73800176904275, 103.64451752500376, 68.43034016088484, 49.077440232378756, 34.32620145014726, 18.164979442868255, 0.0, 30.017463608976485, 67.63397768661116], [136.05714844931848, 133.25193903515108, 132.09063506170605, 132.41183948593348, 136.42246747882726, 139.3438082331142, 135.75748613833306, 125.95044172054318, 96.50169305332733, 77.37025835717652, 64.2163524279763, 47.461190340946416, 30.017463608976485, 0.0, 40.18809800091501], [125.68429180541561, 132.48700171958072, 138.3915447902126, 143.2709587787979, 150.1394769260177, 157.12674291144015, 154.91534356300937, 145.81102374372585, 126.76748934934743, 108.92302464667297, 101.36470207711996, 85.45733461845735, 67.63397768661116, 40.18809800091501, 0.0]]