[[0.0, 31.576341639414068, 59.84198536643023, 77.01532320444949, 93.65541204946814, 110.8944148173148, 125.11960134645642, 151.5728744480316, 159.8710372172796, 157.82075594301295, 157.7133036261245, 150.12906838189264, 144.14860112764788, 135.96259921597502, 125.61251935200161], [31.576341639414068, 0.0, 29.04890051808423, 47.11229882838674, 63.69228660814298, 80.64568759393043, 97.17695381228401, 128.40989122681566, 137.8569270316429, 138.8685406170499, 140.41366689852734, 135.47910727845618, 133.32141132949735, 131.76169936640093, 130.3840763470277], [59.84198536643023, 29.04890051808423, 0.0, 18.442965268188875, 34.77269123045942, 51.742318259085486, 69.40163964906573, 104.40003226364368, 116.92851722668469, 121.4589851843765, 126.08740738398356, 124.24710751625996, 125.64363924841811, 130.55426148974234, 136.23316551520745], [77.01532320444949, 47.11229882838674, 18.442965268188875, 0.0, 16.683549851047076, 34.175877561790074, 51.171077811945224, 87.99208223896372, 103.69272964651115, 110.67478385966, 118.02604554160622, 118.30449844201176, 121.69191323792356, 130.43920997910848, 139.67340362849362], [93.65541204946814, 63.69228660814298, 34.77269123045942, 16.683549851047076, 0.0, 18.338994342761577, 36.66465188429055, 77.22032286956556, 95.84113848703046, 105.6733824300147, 115.23505058651972, 117.76133443458122, 123.37351926553721, 135.62516743441893, 148.17346313317026], [110.8944148173148, 80.64568759393043, 51.742318259085486, 34.175877561790074, 18.338994342761577, 0.0, 25.04009401382882, 68.4782493196717, 85.71293149995161, 98.17928982002682, 108.83710132318494, 113.71248233931647, 121.98891554541574, 137.9700735492411, 154.8653759474026], [125.11960134645642, 97.17695381228401, 69.40163964906573, 51.171077811945224, 36.66465188429055, 25.04009401382882, 0.0, 44.22052047440918, 70.54566332898348, 85.39110342863347, 101.10950684178782, 107.76659714657025, 116.35357390574288, 134.66859547334965, 152.4702773647585], [151.5728744480316, 128.40989122681566, 104.40003226364368, 87.99208223896372, 77.22032286956556, 68.4782493196717, 44.22052047440918, 0.0, 50.190814591807595, 65.71422837147098, 89.07118372181849, 97.71628099153986, 105.56973266264731, 126.49918965730197, 145.53631205135684], [159.8710372172796, 137.8569270316429, 116.92851722668469, 103.69272964651115, 95.84113848703046, 85.71293149995161, 70.54566332898348, 50.190814591807595, 0.0, 21.03941867577441, 42.66978371326265, 55.347944229184215, 68.91037051341185, 96.40430459560807, 126.5729503661288], [157.82075594301295, 138.8685406170499, 121.4589851843765, 110.67478385966, 105.6733824300147, 98.17928982002682, 85.39110342863347, 65.71422837147098, 21.03941867577441, 0.0, 25.51044751860185, 36.66467529909682, 49.25510621548172, 77.42477009626198, 109.4418310907002], [157.7133036261245, 140.41366689852734, 126.08740738398356, 118.02604554160622, 115.23505058651972, 108.83710132318494, 101.10950684178782, 89.07118372181849, 42.66978371326265, 25.51044751860185, 0.0, 16.003621645774242, 34.534169889812105, 64.38417667155024, 101.60990258719761], [150.12906838189264, 135.47910727845618, 124.24710751625996, 118.30449844201176, 117.76133443458122, 113.71248233931647, 107.76659714657025, 97.71628099153986, 55.347944229184215, 36.66467529909682, 16.003621645774242, 0.0, 19.526708130132413, 48.83556726925053, 86.89516806506278], [144.14860112764788, 133.32141132949735, 125.64363924841811, 121.69191323792356, 123.37351926553721, 121.98891554541574, 116.35357390574288, 105.56973266264731, 68.91037051341185, 49.25510621548172, 34.534169889812105, 19.526708130132413, 0.0, 30.0011011122641, 67.91330243786658], [135.96259921597502, 131.76169936640093, 130.55426148974234, 130.43920997910848, 135.62516743441893, 137.9700735492411, 134.66859547334965, 126.49918965730197, 96.40430459560807, 77.42477009626198, 64.38417667155024, 48.83556726925053, 30.0011011122641, 0.0, 40.1821739844932], [125.61251935200161, 130.3840763470277, 136.23316551520745, 139.67340362849362, 148.17346313317026, 154.8653759474026, 152.4702773647585, 145.53631205135684, 126.5729503661288, 109.4418310907002, 101.60990258719761, 86.89516806506278, 67.91330243786658, 40.1821739844932, 0.0]]