[[0.0, 31.513975963513637, 58.699136641744474, 74.89748539614853, 93.9143611091516, 112.59626079522252, 129.0798012416699, 147.7697860798191, 165.11064703985932, 157.5825321240392, 153.13046463626247, 144.95923117987834, 141.13606312044666, 131.44785227633915, 123.72560252179021], [31.513975963513637, 0.0, 28.02510844747249, 44.94611997212001, 64.7363961867408, 83.02617270118598, 100.88759774201846, 127.81465172459674, 143.51829449811916, 139.62737766604963, 137.7006198046405, 132.42922801513163, 132.38218769186096, 129.23375946783565, 129.66691170283113], [58.699136641744474, 28.02510844747249, 0.0, 17.196161756525814, 37.15582225283776, 55.27139136670012, 73.80498457165896, 107.01718229777727, 123.63141832572192, 123.53052625843898, 124.78981320181728, 122.80943895932742, 126.35183675101334, 129.53240379716112, 136.39346021799332], [74.89748539614853, 44.94611997212001, 17.196161756525814, 0.0, 20.14823426399729, 38.17365781120224, 56.68079716600576, 93.30071383465649, 110.72290227460337, 113.02627835438963, 116.46320884767033, 116.66761937607586, 122.35171363851191, 129.35031530527007, 139.74559735006432], [93.9143611091516, 64.7363961867408, 37.15582225283776, 20.14823426399729, 0.0, 19.742038844290775, 37.59705544080342, 79.00861765301556, 100.01504986205626, 105.79403333028648, 112.33024194132918, 115.35936637612794, 123.39820184441714, 134.47350427225655, 148.01653721841012], [112.59626079522252, 83.02617270118598, 55.27139136670012, 38.17365781120224, 19.742038844290775, 0.0, 20.806581679235112, 72.77160847859757, 88.44518757224706, 98.12950079003922, 107.02099807521823, 112.77635270304633, 123.31255112866468, 138.33603155433323, 155.75211651424652], [129.0798012416699, 100.88759774201846, 73.80498457165896, 56.68079716600576, 37.59705544080342, 20.806581679235112, 0.0, 57.2227676186775, 75.42586971037791, 88.12363938923954, 99.99482617141801, 108.31438176861384, 120.52244738854652, 138.84353167826512, 158.61023606952747], [147.7697860798191, 127.81465172459674, 107.01718229777727, 93.30071383465649, 79.00861765301556, 72.77160847859757, 57.2227676186775, 0.0, 66.1318920465573, 72.42301907741917, 86.55989173566172, 95.43054932509699, 105.64450089672879, 124.92017225425488, 143.09922057233402], [165.11064703985932, 143.51829449811916, 123.63141832572192, 110.72290227460337, 100.01504986205626, 88.44518757224706, 75.42586971037791, 66.1318920465573, 0.0, 23.73033554479443, 40.9733698334702, 57.09541955728681, 74.2046949178901, 102.3867319471245, 132.329994263499], [157.5825321240392, 139.62737766604963, 123.53052625843898, 113.02627835438963, 105.79403333028648, 98.12950079003922, 88.12363938923954, 72.42301907741917, 23.73033554479443, 0.0, 18.659682915031702, 34.68695725228501, 51.304454873989314, 79.90974063323289, 110.3221458137426], [153.13046463626247, 137.7006198046405, 124.78981320181728, 116.46320884767033, 112.33024194132918, 107.02099807521823, 99.99482617141801, 86.55989173566172, 40.9733698334702, 18.659682915031702, 0.0, 16.986786984766894, 34.25789670543704, 63.475887068879835, 95.43780076528333], [144.95923117987834, 132.42922801513163, 122.80943895932742, 116.66761937607586, 115.35936637612794, 112.77635270304633, 108.31438176861384, 95.43054932509699, 57.09541955728681, 34.68695725228501, 16.986786984766894, 0.0, 17.695910595938546, 46.66856169624577, 79.12106304497516], [141.13606312044666, 132.38218769186096, 126.35183675101334, 122.35171363851191, 123.39820184441714, 123.31255112866468, 120.52244738854652, 105.64450089672879, 74.2046949178901, 51.304454873989314, 34.25789670543704, 17.695910595938546, 0.0, 29.503063308816525, 62.28026092328505], [131.44785227633915, 129.23375946783565, 129.53240379716112, 129.35031530527007, 134.47350427225655, 138.33603155433323, 138.84353167826512, 124.92017225425488, 102.3867319471245, 79.90974063323289, 63.475887068879835, 46.66856169624577, 29.503063308816525, 0.0, 33.8961698349653], [123.72560252179021, 129.66691170283113, 136.39346021799332, 139.74559735006432, 148.01653721841012, 155.75211651424652, 158.61023606952747, 143.09922057233402, 132.329994263499, 110.3221458137426, 95.43780076528333, 79.12106304497516, 62.28026092328505, 33.8961698349653, 0.0]]