[[0.0, 31.76396656187462, 59.23891663794406, 75.47456046059341, 94.68997958884353, 109.21774924863625, 123.92287723577417, 145.47248467805977, 152.71449145818883, 155.39845590993434, 151.77314217690662, 144.55257782620208, 141.9197480298497, 130.7881304058438, 122.60434231843439], [31.76396656187462, 0.0, 28.710214563950075, 45.82422411507827, 65.35873326940624, 81.88774196671393, 98.57133250402823, 127.82919339895771, 135.72209948554934, 139.82660561677454, 138.0561233089253, 133.5161851895529, 134.06840121470265, 129.4703564407024, 129.08786748606815], [59.23891663794406, 28.710214563950075, 0.0, 17.76485400817159, 36.87214973253929, 54.472813608006426, 72.57529735195651, 107.74773079913295, 118.08913979450001, 124.89576906786283, 126.2519470357333, 124.85006164485125, 128.66319878863902, 130.6160744257543, 136.73579390455183], [75.47456046059341, 45.82422411507827, 17.76485400817159, 0.0, 19.78384455170054, 37.25305377518291, 55.641877704795846, 94.00442592368313, 104.70530734452191, 112.88590941598771, 116.1258331164468, 116.68380711524509, 122.42482158415054, 128.37938560122467, 138.37048435816192], [94.68997958884353, 65.35873326940624, 36.87214973253929, 19.78384455170054, 0.0, 19.970074187529516, 40.01421966942799, 83.83591854677226, 97.3950345365374, 108.22928088739404, 114.41860229903308, 117.59878585546011, 125.56039491883031, 135.7268111516627, 149.08439685054427], [109.21774924863625, 81.88774196671393, 54.472813608006426, 37.25305377518291, 19.970074187529516, 0.0, 20.344475420122613, 66.08037760526193, 82.50211681414052, 96.27359783437828, 105.55044646279421, 110.80041459929646, 120.3761860947016, 133.9176017648485, 149.8944517239583], [123.92287723577417, 98.57133250402823, 72.57529735195651, 55.641877704795846, 40.01421966942799, 20.344475420122613, 0.0, 48.4331682431262, 66.258411528965, 82.8190554693927, 95.1605684605199, 102.48983515172355, 113.54711080614679, 130.41095255778177, 149.0156386811472], [145.47248467805977, 127.82919339895771, 107.74773079913295, 94.00442592368313, 83.83591854677226, 66.08037760526193, 48.4331682431262, 0.0, 41.85022683015003, 65.61349194914035, 83.49549421137776, 91.80664230735658, 102.51955775427946, 121.05726664451329, 140.10456336715015], [152.71449145818883, 135.72209948554934, 118.08913979450001, 104.70530734452191, 97.3950345365374, 82.50211681414052, 66.258411528965, 41.85022683015003, 0.0, 24.397757351177635, 44.164643019757214, 55.448175399420116, 68.51426262663927, 93.13258819168357, 118.55812710640517], [155.39845590993434, 139.82660561677454, 124.89576906786283, 112.88590941598771, 108.22928088739404, 96.27359783437828, 82.8190554693927, 65.61349194914035, 24.397757351177635, 0.0, 20.814391579571232, 34.292790452738565, 48.68449239453123, 76.61539832811808, 105.31544800020882], [151.77314217690662, 138.0561233089253, 126.2519470357333, 116.1258331164468, 114.41860229903308, 105.55044646279421, 95.1605684605199, 83.49549421137776, 44.164643019757214, 20.814391579571232, 0.0, 15.574848757236303, 30.797523873856015, 60.34186520025961, 90.95894957420127], [144.55257782620208, 133.5161851895529, 124.85006164485125, 116.68380711524509, 117.59878585546011, 110.80041459929646, 102.48983515172355, 91.80664230735658, 55.448175399420116, 34.292790452738565, 15.574848757236303, 0.0, 15.434981885459598, 44.847209580803806, 75.75823772907927], [141.9197480298497, 134.06840121470265, 128.66319878863902, 122.42482158415054, 125.56039491883031, 120.3761860947016, 113.54711080614679, 102.51955775427946, 68.51426262663927, 48.68449239453123, 30.797523873856015, 15.434981885459598, 0.0, 30.08042466107453, 61.51278407992176], [130.7881304058438, 129.4703564407024, 130.6160744257543, 128.37938560122467, 135.7268111516627, 133.9176017648485, 130.41095255778177, 121.05726664451329, 93.13258819168357, 76.61539832811808, 60.34186520025961, 44.847209580803806, 30.08042466107453, 0.0, 31.880653782182208], [122.60434231843439, 129.08786748606815, 136.73579390455183, 138.37048435816192, 149.08439685054427, 149.8944517239583, 149.0156386811472, 140.10456336715015, 118.55812710640517, 105.31544800020882, 90.95894957420127, 75.75823772907927, 61.51278407992176, 31.880653782182208, 0.0]]