[[0.0, 33.75665158968119, 62.077779858622954, 79.13561490951422, 94.9253801414204, 110.63064128129876, 129.51125658033592, 150.4863275148173, 165.41657042463268, 158.3216881391096, 154.40947088921848, 148.01876692225122, 142.8765118683396, 133.41200951453604, 123.76466860838745], [33.75665158968119, 0.0, 29.1480897503985, 46.40262258068549, 62.8211354185359, 79.92290158327579, 99.3675685950839, 127.90811526402103, 142.14362606828283, 138.74519430781953, 137.43304426956539, 133.93839951225212, 132.70525005270048, 130.3808483841041, 130.3604190124416], [62.077779858622954, 29.1480897503985, 0.0, 17.343944685544344, 33.800243547896365, 51.59823085108966, 71.33792811370786, 105.75310454890578, 121.82865096210583, 122.39884499849613, 124.43960067774198, 124.21639338639997, 126.49711603512829, 130.79375632376943, 137.9960902969313], [79.13561490951422, 46.40262258068549, 17.343944685544344, 0.0, 16.84314179561337, 35.358903371532286, 54.977803784068094, 93.90286163720783, 110.06628381790149, 113.36070166656275, 117.53016445776537, 119.43384581305925, 123.94407575086532, 132.19308135322277, 143.55229370745604], [94.9253801414204, 62.8211354185359, 33.800243547896365, 16.84314179561337, 0.0, 19.17549715652789, 38.83969404219175, 81.86356795032526, 100.96396088095429, 107.22672456269288, 113.96811494583267, 118.07554026591728, 124.40762932438518, 136.04276654822743, 150.28939495890185], [110.63064128129876, 79.92290158327579, 51.59823085108966, 35.358903371532286, 19.17549715652789, 0.0, 20.240465384183693, 65.23771306739152, 89.09398768427108, 98.0922020829811, 107.67703021671274, 114.00415841140583, 121.80004251537757, 136.63671311500417, 153.40703446309746], [129.51125658033592, 99.3675685950839, 71.33792811370786, 54.977803784068094, 38.83969404219175, 20.240465384183693, 0.0, 52.88337086154283, 76.947194807213, 89.7214388094632, 102.19247764933813, 111.05977890154611, 120.89587851596009, 139.40890200742132, 159.6247299123235], [150.4863275148173, 127.90811526402103, 105.75310454890578, 93.90286163720783, 81.86356795032526, 65.23771306739152, 52.88337086154283, 0.0, 62.25947507214383, 71.72573617624506, 87.59632492856962, 97.77949084230485, 105.65637111686533, 125.5649457827197, 145.3051487163688], [165.41657042463268, 142.14362606828283, 121.82865096210583, 110.06628381790149, 100.96396088095429, 89.09398768427108, 76.947194807213, 62.25947507214383, 0.0, 23.07443469205921, 40.86877915108449, 56.30868890392505, 71.8045759239022, 100.4216578614273, 133.0335234971053], [158.3216881391096, 138.74519430781953, 122.39884499849613, 113.36070166656275, 107.22672456269288, 98.0922020829811, 89.7214388094632, 71.72573617624506, 23.07443469205921, 0.0, 19.177537018366834, 34.385911785665755, 49.288214625396144, 78.32925833447048, 111.89027231950126], [154.40947088921848, 137.43304426956539, 124.43960067774198, 117.53016445776537, 113.96811494583267, 107.67703021671274, 102.19247764933813, 87.59632492856962, 40.86877915108449, 19.177537018366834, 0.0, 15.99895945129473, 32.62022056484273, 62.42998483672125, 98.2299073955111], [148.01876692225122, 133.93839951225212, 124.21639338639997, 119.43384581305925, 118.07554026591728, 114.00415841140583, 111.05977890154611, 97.77949084230485, 56.30868890392505, 34.385911785665755, 15.99895945129473, 0.0, 17.65602684786692, 47.149107107698406, 83.8975202663133], [142.8765118683396, 132.70525005270048, 126.49711603512829, 123.94407575086532, 124.40762932438518, 121.80004251537757, 120.89587851596009, 105.65637111686533, 71.8045759239022, 49.288214625396144, 32.62022056484273, 17.65602684786692, 0.0, 30.027549300009227, 66.82146362782112], [133.41200951453604, 130.3808483841041, 130.79375632376943, 132.19308135322277, 136.04276654822743, 136.63671311500417, 139.40890200742132, 125.5649457827197, 100.4216578614273, 78.32925833447048, 62.42998483672125, 47.149107107698406, 30.027549300009227, 0.0, 38.24002968510618], [123.76466860838745, 130.3604190124416, 137.9960902969313, 143.55229370745604, 150.28939495890185, 153.40703446309746, 159.6247299123235, 145.3051487163688, 133.0335234971053, 111.89027231950126, 98.2299073955111, 83.8975202663133, 66.82146362782112, 38.24002968510618, 0.0]]