[[0.0, 32.17396114362621, 61.14192082897293, 79.36734175825117, 94.96617392275678, 111.47553209147927, 130.2151206731508, 150.98252029648495, 165.2244388024608, 157.9355897491352, 154.05574668628265, 147.0413566373083, 142.0240743862734, 133.10220722701703, 123.70364812873252], [32.17396114362621, 0.0, 29.43132105997325, 47.868703525912736, 64.05333322110492, 81.3431766880318, 100.73841324982155, 129.1528544343016, 142.83507997626927, 139.15072974429333, 137.7665934200277, 133.73284351211547, 132.48065751753325, 130.22889429790212, 129.68972040670783], [61.14192082897293, 29.43132105997325, 0.0, 18.50002411065361, 34.88274934851877, 52.64909943378201, 72.45902565986127, 107.75692571802328, 122.3475726085716, 122.70757661755117, 124.54724211835926, 124.005803295735, 126.41562083573744, 130.80796896835537, 137.57423979027874], [79.36734175825117, 47.868703525912736, 18.50002411065361, 0.0, 16.896596223098847, 34.88052731464461, 54.80800234938815, 95.5075439233513, 109.97163860448126, 113.29567520907418, 117.3776466447198, 119.27213267884522, 124.08608432445965, 132.6225628290252, 143.6829730226682], [94.96617392275678, 64.05333322110492, 34.88274934851877, 16.896596223098847, 0.0, 18.380913256570167, 38.60718206540781, 83.34723605383947, 100.85827603273319, 107.11145039503673, 113.79311672080715, 118.03993876009793, 124.61753650622173, 136.5090284687512, 150.2541250132233], [111.47553209147927, 81.3431766880318, 52.64909943378201, 34.88052731464461, 18.380913256570167, 0.0, 20.288253373567702, 69.3699489839921, 88.59471304156267, 97.87125406379165, 107.22028668610983, 113.929324236212, 122.31867604444365, 137.70110439722052, 154.46632505451407], [130.2151206731508, 100.73841324982155, 72.45902565986127, 54.80800234938815, 38.60718206540781, 20.288253373567702, 0.0, 57.40968551050724, 76.42958996002531, 89.5154496166627, 101.76531432311711, 111.20708420491249, 121.58390970903167, 140.56045188611742, 160.5490318592206], [150.98252029648495, 129.1528544343016, 107.75692571802328, 95.5075439233513, 83.34723605383947, 69.3699489839921, 57.40968551050724, 0.0, 62.13470618934294, 70.67761409691488, 86.81674007025805, 97.58778469043553, 105.42430012618745, 126.13743677969047, 144.85223133309083], [165.2244388024608, 142.83507997626927, 122.3475726085716, 109.97163860448126, 100.85827603273319, 88.59471304156267, 76.42958996002531, 62.13470618934294, 0.0, 23.317778484596356, 40.82743988040869, 57.280550228615766, 72.9093326341389, 101.27942058200641, 132.66607208485865], [157.9355897491352, 139.15072974429333, 122.70757661755117, 113.29567520907418, 107.11145039503673, 97.87125406379165, 89.5154496166627, 70.67761409691488, 23.317778484596356, 0.0, 19.268295549322136, 35.40071223077911, 50.26599774597003, 79.0321980509767, 111.13853217986492], [154.05574668628265, 137.7665934200277, 124.54724211835926, 117.3776466447198, 113.79311672080715, 107.22028668610983, 101.76531432311711, 86.81674007025805, 40.82743988040869, 19.268295549322136, 0.0, 17.07927596766649, 33.77218867616221, 63.02312251378853, 97.457808465302], [147.0413566373083, 133.73284351211547, 124.005803295735, 119.27213267884522, 118.03993876009793, 113.929324236212, 111.20708420491249, 97.58778469043553, 57.280550228615766, 35.40071223077911, 17.07927596766649, 0.0, 17.818625941164054, 46.52615225489498, 81.96059444425633], [142.0240743862734, 132.48065751753325, 126.41562083573744, 124.08608432445965, 124.61753650622173, 122.31867604444365, 121.58390970903167, 105.42430012618745, 72.9093326341389, 50.26599774597003, 33.77218867616221, 17.818625941164054, 0.0, 29.496569540636028, 64.75452850894222], [133.10220722701703, 130.22889429790212, 130.80796896835537, 132.6225628290252, 136.5090284687512, 137.70110439722052, 140.56045188611742, 126.13743677969047, 101.27942058200641, 79.0321980509767, 63.02312251378853, 46.52615225489498, 29.496569540636028, 0.0, 37.18360425125039], [123.70364812873252, 129.68972040670783, 137.57423979027874, 143.6829730226682, 150.2541250132233, 154.46632505451407, 160.5490318592206, 144.85223133309083, 132.66607208485865, 111.13853217986492, 97.457808465302, 81.96059444425633, 64.75452850894222, 37.18360425125039, 0.0]]