[[0.0, 32.478954447068276, 60.24688086515172, 78.5682022312484, 94.70785715632559, 111.3211402587044, 125.28223339000238, 149.71635389362743, 158.37816737578441, 156.7590013998082, 155.23636756325052, 146.69027620104168, 142.4628582693549, 132.486455855373, 124.09916966569195], [32.478954447068276, 0.0, 28.784296423017462, 48.03288324458473, 64.48897097654957, 81.26238247695218, 98.01858239085584, 128.81351541759625, 137.6298389712813, 138.87549696725364, 139.26450777645252, 133.35321800802723, 133.06530260273712, 129.79431156893455, 129.7400656155817], [60.24688086515172, 28.784296423017462, 0.0, 19.85412704740455, 36.07346955419388, 53.10962754319607, 71.52185471310841, 107.30300932997622, 118.91269168494772, 123.7337979566935, 127.249563196222, 124.61540500609267, 127.97589956646213, 131.12392392852715, 137.6164208432066], [78.5682022312484, 48.03288324458473, 19.85412704740455, 0.0, 16.550932638233476, 33.34706794656972, 52.15321600817446, 90.64527405787649, 103.63002890708547, 110.86494526220044, 116.68306665897225, 116.44271893551276, 122.15438573932852, 129.59296067874448, 140.25990227579058], [94.70785715632559, 64.48897097654957, 36.07346955419388, 16.550932638233476, 0.0, 17.62350531513041, 37.81002280379943, 80.15215806063786, 96.00158387001615, 106.02044824346471, 114.2285623999148, 116.35323776768205, 124.08163185764546, 134.91438799806937, 148.42571305466487], [111.3211402587044, 81.26238247695218, 53.10962754319607, 33.34706794656972, 17.62350531513041, 0.0, 24.520457422612385, 70.1480563712207, 85.02836369102444, 97.43123228483915, 107.46902406444384, 111.9770661608018, 121.8930406844774, 136.3565686658739, 153.2826623592171], [125.28223339000238, 98.01858239085584, 71.52185471310841, 52.15321600817446, 37.81002280379943, 24.520457422612385, 0.0, 46.530142931833204, 69.61371829078611, 84.96450745802466, 98.86814281045893, 105.75636171365596, 116.38866057257687, 133.39512261942662, 151.9345570861397], [149.71635389362743, 128.81351541759625, 107.30300932997622, 90.64527405787649, 80.15215806063786, 70.1480563712207, 46.530142931833204, 0.0, 51.253652314496556, 67.69739661053038, 86.93137123323623, 96.43593887115728, 105.98574896138831, 125.15309013322303, 144.73011250390243], [158.37816737578441, 137.6298389712813, 118.91269168494772, 103.63002890708547, 96.00158387001615, 85.02836369102444, 69.61371829078611, 51.253652314496556, 0.0, 21.01745789046584, 40.78440772706813, 54.759137493917365, 69.38099763348352, 95.84361251050206, 123.9300833597022], [156.7590013998082, 138.87549696725364, 123.7337979566935, 110.86494526220044, 106.02044824346471, 97.43123228483915, 84.96450745802466, 67.69739661053038, 21.01745789046584, 0.0, 20.933589272302005, 35.15917145116838, 49.76951907195056, 77.49627026095698, 107.27147341950058], [155.23636756325052, 139.26450777645252, 127.249563196222, 116.68306665897225, 114.2285623999148, 107.46902406444384, 98.86814281045893, 86.93137123323623, 40.78440772706813, 20.933589272302005, 0.0, 16.648396782204493, 33.650076043339496, 62.98322392973741, 95.11211918672987], [146.69027620104168, 133.35321800802723, 124.61540500609267, 116.44271893551276, 116.35323776768205, 111.9770661608018, 105.75636171365596, 96.43593887115728, 54.759137493917365, 35.15917145116838, 16.648396782204493, 0.0, 18.118960530986037, 47.06793389406432, 79.66107540407438], [142.4628582693549, 133.06530260273712, 127.97589956646213, 122.15438573932852, 124.08163185764546, 121.8930406844774, 116.38866057257687, 105.98574896138831, 69.38099763348352, 49.76951907195056, 33.650076043339496, 18.118960530986037, 0.0, 29.545278439231318, 62.374062674455075], [132.486455855373, 129.79431156893455, 131.12392392852715, 129.59296067874448, 134.91438799806937, 136.3565686658739, 133.39512261942662, 125.15309013322303, 95.84361251050206, 77.49627026095698, 62.98322392973741, 47.06793389406432, 29.545278439231318, 0.0, 33.4876543877791], [124.09916966569195, 129.7400656155817, 137.6164208432066, 140.25990227579058, 148.42571305466487, 153.2826623592171, 151.9345570861397, 144.73011250390243, 123.9300833597022, 107.27147341950058, 95.11211918672987, 79.66107540407438, 62.374062674455075, 33.4876543877791, 0.0]]