[[0.0, 32.4757706817726, 59.85623410250262, 77.77276263764567, 95.03074583557643, 112.57240145109687, 126.15724863592686, 151.68103903317186, 159.3397151504027, 157.62243212053392, 158.04559239842735, 149.50030233461106, 143.51298564342676, 135.68184484496095, 125.15493098768815], [32.4757706817726, 0.0, 28.311791390647716, 47.450315034005726, 65.1311012705503, 83.04705217189576, 99.85550249131886, 132.17058800492416, 139.40525573001753, 140.4756451105495, 141.76010938473422, 136.15098230905036, 134.22874585308193, 133.02282923435288, 131.81187095948067], [59.85623410250262, 28.311791390647716, 0.0, 19.72425159423868, 37.29625494087917, 55.33803290120896, 74.25214837749738, 111.75181366804685, 120.50458636714822, 124.85927297980248, 128.53309556285987, 126.20254274791334, 128.1224253388177, 133.09302323463493, 138.89665813135588], [77.77276263764567, 47.450315034005726, 19.72425159423868, 0.0, 17.81247775156935, 35.68877546010443, 55.06307298392429, 95.277463120185, 105.71785687208391, 112.55101105525114, 118.67272425064529, 118.73810161833778, 123.14067616618142, 132.13303040633818, 141.97344347033948], [95.03074583557643, 65.1311012705503, 37.29625494087917, 17.81247775156935, 0.0, 18.552867168336373, 39.82191017473137, 84.1270790715665, 97.41153350729178, 107.2082973889195, 115.84319672205693, 118.44720931743409, 125.2240251413069, 137.65846623337032, 150.58880620528697], [112.57240145109687, 83.04705217189576, 55.33803290120896, 35.68877546010443, 18.552867168336373, 0.0, 25.57588385981119, 73.00959902353652, 85.96779546984965, 98.38562276811251, 108.92082011307636, 114.12046126117663, 123.34991309363302, 139.31334732510672, 155.94347767539713], [126.15724863592686, 99.85550249131886, 74.25214837749738, 55.06307298392429, 39.82191017473137, 25.57588385981119, 0.0, 48.20570782072289, 69.98185636522491, 85.3443506754753, 101.34663081309871, 108.2343327629982, 118.17827186733224, 136.07804835625225, 153.36726510370872], [151.68103903317186, 132.17058800492416, 111.75181366804685, 95.277463120185, 84.1270790715665, 73.00959902353652, 48.20570782072289, 0.0, 52.08966207666102, 68.41068193757937, 93.09849351093436, 100.98109072313744, 109.92137147490833, 128.77394205058815, 145.4626861591831], [159.3397151504027, 139.40525573001753, 120.50458636714822, 105.71785687208391, 97.41153350729178, 85.96779546984965, 69.98185636522491, 52.08966207666102, 0.0, 21.075311816952226, 44.4495633404656, 56.92827409385242, 71.31033579066572, 97.21904372601558, 125.52551290690424], [157.62243212053392, 140.4756451105495, 124.85927297980248, 112.55101105525114, 107.2082973889195, 98.38562276811251, 85.3443506754753, 68.41068193757937, 21.075311816952226, 0.0, 26.65830320255491, 37.61261671890814, 51.64262945933312, 78.40270144716118, 108.99483122940876], [158.04559239842735, 141.76010938473422, 128.53309556285987, 118.67272425064529, 115.84319672205693, 108.92082011307636, 101.34663081309871, 93.09849351093436, 44.4495633404656, 26.65830320255491, 0.0, 17.3562631144024, 36.26423723108754, 65.5010598515866, 101.64918336706144], [149.50030233461106, 136.15098230905036, 126.20254274791334, 118.73810161833778, 118.44720931743409, 114.12046126117663, 108.2343327629982, 100.98109072313744, 56.92827409385242, 37.61261671890814, 17.3562631144024, 0.0, 19.256851916418377, 48.34675795056751, 85.19519417736184], [143.51298564342676, 134.22874585308193, 128.1224253388177, 123.14067616618142, 125.2240251413069, 123.34991309363302, 118.17827186733224, 109.92137147490833, 71.31033579066572, 51.64262945933312, 36.26423723108754, 19.256851916418377, 0.0, 29.280348609044903, 66.53522405428227], [135.68184484496095, 133.02282923435288, 133.09302323463493, 132.13303040633818, 137.65846623337032, 139.31334732510672, 136.07804835625225, 128.77394205058815, 97.21904372601558, 78.40270144716118, 65.5010598515866, 48.34675795056751, 29.280348609044903, 0.0, 39.24624130172969], [125.15493098768815, 131.81187095948067, 138.89665813135588, 141.97344347033948, 150.58880620528697, 155.94347767539713, 153.36726510370872, 145.4626861591831, 125.52551290690424, 108.99483122940876, 101.64918336706144, 85.19519417736184, 66.53522405428227, 39.24624130172969, 0.0]]