[[0.0, 31.895370233970276, 59.771833949334614, 78.38833240721863, 94.63716197421037, 110.88081590179472, 123.93501940931564, 147.3489711890342, 156.80495654424138, 156.39679923067348, 154.50254938581935, 145.37060023422532, 141.4944389656643, 132.3892993494054, 122.87376334451073], [31.895370233970276, 0.0, 28.706509879745308, 47.99817219409037, 64.34999092687046, 81.0637738574098, 96.77493640234944, 126.98204524969046, 136.49062383357452, 138.55709280670013, 138.77801329129068, 132.4814616295642, 132.44341219540254, 129.5282001535758, 128.25516237525707], [59.771833949334614, 28.706509879745308, 0.0, 19.832560135657552, 35.84264657586341, 52.983018398807346, 70.40070776132693, 106.19729965289473, 118.0645572064645, 123.43886149018601, 126.81492432842866, 124.01582424071606, 127.60872411459636, 130.80823155456397, 136.14914913101012], [78.38833240721863, 47.99817219409037, 19.832560135657552, 0.0, 16.52002638191096, 33.18190996485806, 51.40245251076259, 90.70878665111267, 103.11581554292256, 110.6835173411933, 116.26540714878693, 116.02322352711303, 122.03323771654098, 129.39070029993468, 139.09950935531302], [94.63716197421037, 64.34999092687046, 35.84264657586341, 16.52002638191096, 0.0, 17.78988542591419, 38.28587269214991, 82.23929295291381, 96.85114630500269, 107.00739814543138, 114.90541891904623, 117.1757242693178, 125.2188919260559, 135.78997277763628, 148.37870818530865], [110.88081590179472, 81.0637738574098, 52.983018398807346, 33.18190996485806, 17.78988542591419, 0.0, 24.030043834882914, 71.3374326790133, 84.93015481021102, 97.18982093175943, 107.1177048568033, 111.9258970187823, 122.01426085658619, 135.9889242186196, 151.99233707974332], [123.93501940931564, 96.77493640234944, 70.40070776132693, 51.40245251076259, 38.28587269214991, 24.030043834882914, 0.0, 48.24090319465013, 69.17358919367064, 84.64923135766774, 98.09013367980441, 105.27350276841912, 116.04790757196848, 132.53410563156996, 150.00505941715764], [147.3489711890342, 126.98204524969046, 106.19729965289473, 90.70878665111267, 82.23929295291381, 71.3374326790133, 48.24090319465013, 0.0, 51.13644871797568, 68.73104460917688, 86.70043760978473, 96.18802232778073, 105.47977897763788, 123.92666917003619, 141.68508215076142], [156.80495654424138, 136.49062383357452, 118.0645572064645, 103.11581554292256, 96.85114630500269, 84.93015481021102, 69.17358919367064, 51.13644871797568, 0.0, 20.875917995371463, 40.53731951343348, 55.05080063922759, 69.3804938064095, 94.57633198296391, 121.69259613252376], [156.39679923067348, 138.55709280670013, 123.43886149018601, 110.6835173411933, 107.00739814543138, 97.18982093175943, 84.64923135766774, 68.73104460917688, 20.875917995371463, 0.0, 20.15613605292296, 35.64878047536152, 50.643749167789466, 77.3007053619535, 106.7478914967976], [154.50254938581935, 138.77801329129068, 126.81492432842866, 116.26540714878693, 114.90541891904623, 107.1177048568033, 98.09013367980441, 86.70043760978473, 40.53731951343348, 20.15613605292296, 0.0, 17.69408377881969, 34.45321628121215, 62.14428976015871, 94.03292350576268], [145.37060023422532, 132.4814616295642, 124.01582424071606, 116.02322352711303, 117.1757242693178, 111.9258970187823, 105.27350276841912, 96.18802232778073, 55.05080063922759, 35.64878047536152, 17.69408377881969, 0.0, 17.779303959052424, 44.97537447781169, 77.43670340182415], [141.4944389656643, 132.44341219540254, 127.60872411459636, 122.03323771654098, 125.2188919260559, 122.01426085658619, 116.04790757196848, 105.47977897763788, 69.3804938064095, 50.643749167789466, 34.45321628121215, 17.779303959052424, 0.0, 27.87105740851457, 60.578259300582246], [132.3892993494054, 129.5282001535758, 130.80823155456397, 129.39070029993468, 135.78997277763628, 135.9889242186196, 132.53410563156996, 123.92666917003619, 94.57633198296391, 77.3007053619535, 62.14428976015871, 44.97537447781169, 27.87105740851457, 0.0, 33.855164703849056], [122.87376334451073, 128.25516237525707, 136.14914913101012, 139.09950935531302, 148.37870818530865, 151.99233707974332, 150.00505941715764, 141.68508215076142, 121.69259613252376, 106.7478914967976, 94.03292350576268, 77.43670340182415, 60.578259300582246, 33.855164703849056, 0.0]]