[[0.0, 31.872496833278653, 61.2384510368863, 79.86953129821168, 95.69701991580293, 111.50158586297644, 128.54526688887748, 148.15829802464876, 158.8858266304066, 155.91657635586424, 153.52081195558745, 145.9842490780858, 141.65862900218414, 133.19682385169907, 124.52002062658453], [31.872496833278653, 0.0, 29.654606690976753, 48.67996662548665, 64.91479793703247, 81.25360922177632, 99.04633940749079, 125.87466147965345, 137.001998403355, 137.5065115206471, 137.02240641330528, 132.60351462974586, 132.18135347076557, 130.10123973856017, 130.10865302618475], [61.2384510368863, 29.654606690976753, 0.0, 19.224150998714222, 35.72745653554857, 52.378702856507985, 70.75883151407534, 104.72375020852364, 116.95029243510099, 121.3505770179589, 123.58877231720196, 122.7844301324237, 126.32716261886367, 130.6926444337161, 138.13947145212856], [79.86953129821168, 48.67996662548665, 19.224150998714222, 0.0, 16.67952505592114, 33.31447858985948, 52.02874170724624, 90.6985696955204, 104.34782232957298, 111.59464590463269, 116.19407580383664, 118.00807994837864, 124.07352056386621, 132.54049634204986, 144.1112936687845], [95.69701991580293, 64.91479793703247, 35.72745653554857, 16.67952505592114, 0.0, 17.311749098033996, 36.80811691351984, 79.65076761806108, 96.6050059730641, 106.64755206538847, 113.89149181786345, 118.05853128865859, 126.06408530198023, 137.68803826935888, 151.88399912190332], [111.50158586297644, 81.25360922177632, 52.378702856507985, 33.31447858985948, 17.311749098033996, 0.0, 19.68242113875676, 67.57664454741183, 85.07749934068893, 97.72677461965556, 107.29480590533332, 113.80287712384182, 123.75206528627412, 138.59424444164972, 155.85399729204596], [128.54526688887748, 99.04633940749079, 70.75883151407534, 52.02874170724624, 36.80811691351984, 19.68242113875676, 0.0, 55.79798501554305, 71.41570934328679, 86.97396466815451, 99.02841852749395, 108.13478594382455, 120.1171569941209, 138.3469782912908, 158.90672720524324], [148.15829802464876, 125.87466147965345, 104.72375020852364, 90.6985696955204, 79.65076761806108, 67.57664454741183, 55.79798501554305, 0.0, 57.25926121953612, 68.945564326468, 89.58543767097844, 98.93920884110746, 108.65173922532188, 128.0336108169735, 146.34473510148456], [158.8858266304066, 137.001998403355, 116.95029243510099, 104.34782232957298, 96.6050059730641, 85.07749934068893, 71.41570934328679, 57.25926121953612, 0.0, 21.523022865189127, 40.11917727889358, 55.311828627681045, 71.12730378496023, 97.59976588903321, 127.36585413406617], [155.91657635586424, 137.5065115206471, 121.3505770179589, 111.59464590463269, 106.64755206538847, 97.72677461965556, 86.97396466815451, 68.945564326468, 21.523022865189127, 0.0, 23.061938047027986, 36.60871259648875, 51.345114688869344, 78.29361199009607, 108.86092341085852], [153.52081195558745, 137.02240641330528, 123.58877231720196, 116.19407580383664, 113.89149181786345, 107.29480590533332, 99.02841852749395, 89.58543767097844, 40.11917727889358, 23.061938047027986, 0.0, 17.32798031204754, 35.19665311575967, 63.25515526384186, 97.53922097656466], [145.9842490780858, 132.60351462974586, 122.7844301324237, 118.00807994837864, 118.05853128865859, 113.80287712384182, 108.13478594382455, 98.93920884110746, 55.311828627681045, 36.60871259648875, 17.32798031204754, 0.0, 18.29168397693028, 46.072656032692045, 81.01567907306683], [141.65862900218414, 132.18135347076557, 126.32716261886367, 124.07352056386621, 126.06408530198023, 123.75206528627412, 120.1171569941209, 108.65173922532188, 71.12730378496023, 51.345114688869344, 35.19665311575967, 18.29168397693028, 0.0, 28.359308768606244, 63.46160861445162], [133.19682385169907, 130.10123973856017, 130.6926444337161, 132.54049634204986, 137.68803826935888, 138.59424444164972, 138.3469782912908, 128.0336108169735, 97.59976588903321, 78.29361199009607, 63.25515526384186, 46.072656032692045, 28.359308768606244, 0.0, 36.86751771154806], [124.52002062658453, 130.10865302618475, 138.13947145212856, 144.1112936687845, 151.88399912190332, 155.85399729204596, 158.90672720524324, 146.34473510148456, 127.36585413406617, 108.86092341085852, 97.53922097656466, 81.01567907306683, 63.46160861445162, 36.86751771154806, 0.0]]