[[0.0, 31.78508427873409, 58.712027067925135, 77.04989877917632, 94.27834315326336, 112.22557054395085, 125.67802253697718, 150.9098274755843, 158.63946308541705, 157.1970988931983, 157.26942359645477, 148.2671720081062, 144.05833419649045, 135.65451441048947, 124.44137119688115], [31.78508427873409, 0.0, 27.874921383418968, 47.181943605250765, 64.77398571290898, 82.83920707008888, 99.28900924194103, 130.81268957043702, 138.72865159881803, 139.8898706930161, 141.17116696720896, 135.21851657064408, 134.80327475262868, 132.53439248094165, 130.3060083651447], [58.712027067925135, 27.874921383418968, 0.0, 19.925979312889083, 37.2888299308482, 55.54704048669464, 73.78358289397073, 110.1749684618364, 120.59866261624444, 125.08026890498313, 129.1005963884209, 126.61156941573715, 129.7277472293515, 133.38225312686097, 137.8339995961079], [77.04989877917632, 47.181943605250765, 19.925979312889083, 0.0, 17.718458644911216, 35.73603565121115, 54.398692325461965, 93.43897146150022, 105.12483242952689, 111.94165739410452, 118.20614436728738, 118.25543704874023, 123.72385648893214, 131.47405769204673, 140.27814255079622], [94.27834315326336, 64.77398571290898, 37.2888299308482, 17.718458644911216, 0.0, 18.854923434933333, 39.03586931177441, 82.09406163969506, 96.8416350500947, 106.60172607931764, 115.39509540277032, 118.13264657446386, 125.76433895468774, 136.97905700532598, 148.92085761163614], [112.22557054395085, 82.83920707008888, 55.54704048669464, 35.73603565121115, 18.854923434933333, 0.0, 25.60213714364957, 71.96574243660932, 85.76305044991979, 97.9698495916479, 108.39925775558449, 113.95315061156022, 123.92339015545735, 138.75869939466392, 154.74409453030862], [125.67802253697718, 99.28900924194103, 73.78358289397073, 54.398692325461965, 39.03586931177441, 25.60213714364957, 0.0, 47.135795336305655, 69.65062491194121, 85.15778035035062, 100.72779623978698, 108.17202298019023, 118.73816702145074, 135.90821113218684, 152.55734185515905], [150.9098274755843, 130.81268957043702, 110.1749684618364, 93.43897146150022, 82.09406163969506, 71.96574243660932, 47.135795336305655, 0.0, 50.42790023990082, 68.07448758268706, 91.41113977235086, 100.28587843537923, 109.85650654167323, 129.06704658994283, 145.46724639191214], [158.63946308541705, 138.72865159881803, 120.59866261624444, 105.12483242952689, 96.8416350500947, 85.76305044991979, 69.65062491194121, 50.42790023990082, 0.0, 21.267872297526377, 44.24275569676271, 57.701114198629014, 71.67610786395281, 97.06156611849688, 124.35556592117098], [157.1970988931983, 139.8898706930161, 125.08026890498313, 111.94165739410452, 106.60172607931764, 97.9698495916479, 85.15778035035062, 68.07448758268706, 21.267872297526377, 0.0, 25.127202494680837, 37.768358950922675, 51.72819669300841, 78.24070104640165, 108.1352388956382], [157.26942359645477, 141.17116696720896, 129.1005963884209, 118.20614436728738, 115.39509540277032, 108.39925775558449, 100.72779623978698, 91.41113977235086, 44.24275569676271, 25.127202494680837, 0.0, 18.30304324861336, 35.92040883208327, 64.10376468595157, 99.24772595170037], [148.2671720081062, 135.21851657064408, 126.61156941573715, 118.25543704874023, 118.13264657446386, 113.95315061156022, 108.17202298019023, 100.28587843537923, 57.701114198629014, 37.768358950922675, 18.30304324861336, 0.0, 18.085897649204046, 45.93479230007481, 81.80815734243257], [144.05833419649045, 134.80327475262868, 129.7277472293515, 123.72385648893214, 125.76433895468774, 123.92339015545735, 118.73816702145074, 109.85650654167323, 71.67610786395281, 51.72819669300841, 35.92040883208327, 18.085897649204046, 0.0, 28.37848527328265, 64.6723906117676], [135.65451441048947, 132.53439248094165, 133.38225312686097, 131.47405769204673, 136.97905700532598, 138.75869939466392, 135.90821113218684, 129.06704658994283, 97.06156611849688, 78.24070104640165, 64.10376468595157, 45.93479230007481, 28.37848527328265, 0.0, 38.69115872601311], [124.44137119688115, 130.3060083651447, 137.8339995961079, 140.27814255079622, 148.92085761163614, 154.74409453030862, 152.55734185515905, 145.46724639191214, 124.35556592117098, 108.1352388956382, 99.24772595170037, 81.80815734243257, 64.6723906117676, 38.69115872601311, 0.0]]