[[0.0, 32.67145995362014, 63.80722263166788, 83.64391963042969, 95.1152885328782, 108.55391628836247, 121.09240278060489, 142.31864062263804, 153.5335849819638, 156.22081864430714, 158.49034117575243, 154.6238723747629, 145.89225192333578, 137.02836314922686, 123.74882914801695], [32.67145995362014, 0.0, 32.59529151367582, 52.68098493001281, 66.59006066259045, 80.67517736507479, 96.61680421631128, 125.70820225890743, 135.82655365403332, 140.13483372283622, 143.12258345079098, 141.07210634091345, 136.76147365583222, 134.51356993613825, 130.78999513881303], [63.80722263166788, 32.59529151367582, 0.0, 20.378667347841844, 35.21460099334295, 49.57229947217679, 68.18598033812219, 104.13193450153048, 115.46028782664368, 122.9969888223802, 129.12790829767664, 130.17350142590354, 130.5766243616046, 136.00587328720013, 140.05334655077414], [83.64391963042969, 52.68098493001281, 20.378667347841844, 0.0, 18.88207174171957, 31.896263932655298, 52.955833724857854, 93.5818197479776, 103.58326592337987, 112.71213674085467, 120.31279570500148, 123.29632269387967, 126.92260508362112, 137.0458523676446, 146.0831480320214], [95.1152885328782, 66.59006066259045, 35.21460099334295, 18.88207174171957, 0.0, 14.737211337503062, 35.15830470364215, 77.36562589025073, 92.6323523415405, 105.20001885436271, 117.02974114589213, 122.20902357643757, 126.94718805075613, 139.96050916331637, 149.545636378881], [108.55391628836247, 80.67517736507479, 49.57229947217679, 31.896263932655298, 14.737211337503062, 0.0, 22.85787315399202, 67.85811218149843, 82.88944362555647, 97.26508652203036, 111.12872481459775, 117.98510805939715, 124.64140011734641, 140.69266833726857, 152.86720000601738], [121.09240278060489, 96.61680421631128, 68.18598033812219, 52.955833724857854, 35.15830470364215, 22.85787315399202, 0.0, 45.97762354762156, 67.16412153993414, 85.40859111329222, 104.29297084044471, 113.31525052301701, 120.34712203405103, 138.8489790416328, 151.1809995680731], [142.31864062263804, 125.70820225890743, 104.13193450153048, 93.5818197479776, 77.36562589025073, 67.85811218149843, 45.97762354762156, 0.0, 48.77906415147425, 71.33269076972961, 98.14920841864388, 109.29930242640522, 113.90581912402452, 133.55381938771814, 143.0399884287567], [153.5335849819638, 135.82655365403332, 115.46028782664368, 103.58326592337987, 92.6323523415405, 82.88944362555647, 67.16412153993414, 48.77906415147425, 0.0, 24.19534835612155, 52.16881095308144, 65.61799258892984, 75.26162993833265, 101.80923522553333, 123.11623630338322], [156.22081864430714, 140.13483372283622, 122.9969888223802, 112.71213674085467, 105.20001885436271, 97.26508652203036, 85.40859111329222, 71.33269076972961, 24.19534835612155, 0.0, 29.043507072420063, 42.776719887561384, 53.78891719383335, 82.78889147296874, 109.16937289024138], [158.49034117575243, 143.12258345079098, 129.12790829767664, 120.31279570500148, 117.02974114589213, 111.12872481459775, 104.29297084044471, 98.14920841864388, 52.16881095308144, 29.043507072420063, 0.0, 15.638824275963115, 34.09635425856665, 65.75839704624667, 99.95989121555668], [154.6238723747629, 141.07210634091345, 130.17350142590354, 123.29632269387967, 122.20902357643757, 117.98510805939715, 113.31525052301701, 109.29930242640522, 65.61799258892984, 42.776719887561384, 15.638824275963115, 0.0, 21.86539442693054, 52.648104984807006, 89.43928776344666], [145.89225192333578, 136.76147365583222, 130.5766243616046, 126.92260508362112, 126.94718805075613, 124.64140011734641, 120.34712203405103, 113.90581912402452, 75.26162993833265, 53.78891719383335, 34.09635425856665, 21.86539442693054, 0.0, 31.79494693263761, 67.97655611983008], [137.02836314922686, 134.51356993613825, 136.00587328720013, 137.0458523676446, 139.96050916331637, 140.69266833726857, 138.8489790416328, 133.55381938771814, 101.80923522553333, 82.78889147296874, 65.75839704624667, 52.648104984807006, 31.79494693263761, 0.0, 40.587271985441795], [123.74882914801695, 130.78999513881303, 140.05334655077414, 146.0831480320214, 149.545636378881, 152.86720000601738, 151.1809995680731, 143.0399884287567, 123.11623630338322, 109.16937289024138, 99.95989121555668, 89.43928776344666, 67.97655611983008, 40.587271985441795, 0.0]]