[[0.0, 30.90863008720285, 60.52381982961662, 84.35660373688475, 93.57641157217887, 111.80978384442832, 124.96932125790187, 148.24196884556395, 155.57690524497028, 158.39994209274622, 156.11448823115856, 150.69720455884823, 142.03731451763736, 132.76609224143508, 125.80770098689706], [30.90863008720285, 0.0, 29.80134610417845, 53.622200236492446, 64.57615130617381, 85.33225353617908, 99.97726301912664, 130.67339970020808, 138.22503799096924, 142.0473771806832, 141.38685123997828, 137.9749436908858, 134.91148254594378, 131.32567369572422, 131.47439560001894], [60.52381982961662, 29.80134610417845, 0.0, 24.317206907782534, 36.78658671536773, 60.42325808005683, 76.5550952142834, 115.01095349715568, 123.37612719641885, 128.70937702836798, 130.56282778486312, 129.9781625789695, 132.61794658520276, 135.22620788437743, 141.69641043404928], [84.35660373688475, 53.622200236492446, 24.317206907782534, 0.0, 22.630969701196477, 47.50122825978151, 63.59910472952482, 108.23573148647, 114.65669431062095, 120.17247466367135, 123.14769321367089, 124.42390596351645, 132.23355910362264, 139.19785789289037, 150.46463814525862], [93.57641157217887, 64.57615130617381, 36.78658671536773, 22.630969701196477, 0.0, 25.62711788453807, 42.803275152304046, 88.4018625954326, 100.17673513508419, 108.95755814499195, 116.17129082771534, 120.62979200844927, 128.2292204608249, 138.81569645497, 151.19008529859516], [111.80978384442832, 85.33225353617908, 60.42325808005683, 47.50122825978151, 25.62711788453807, 0.0, 17.92257399772114, 65.59931945083557, 81.98824363511737, 94.18576870047472, 106.14659637752433, 114.37758966292529, 122.93353377222667, 138.18531655298224, 152.88476424658305], [124.96932125790187, 99.97726301912664, 76.5550952142834, 63.59910472952482, 42.803275152304046, 17.92257399772114, 0.0, 50.27445885714752, 67.3480537303892, 81.40140739428863, 96.27533972157784, 106.95503432755511, 116.58998617541808, 135.0320509938362, 151.73485516539694], [148.24196884556395, 130.67339970020808, 115.01095349715568, 108.23573148647, 88.4018625954326, 65.59931945083557, 50.27445885714752, 0.0, 41.55939982644491, 61.86328310392139, 84.02043102439004, 99.00398719530156, 102.58576040519087, 125.26945161896127, 141.66712716806646], [155.57690524497028, 138.22503799096924, 123.37612719641885, 114.65669431062095, 100.17673513508419, 81.98824363511737, 67.3480537303892, 41.55939982644491, 0.0, 20.755095986435048, 44.6187538748318, 61.902190517440296, 71.40203000319065, 98.68728012244695, 121.38613700374867], [158.39994209274622, 142.0473771806832, 128.70937702836798, 120.17247466367135, 108.95755814499195, 94.18576870047472, 81.40140739428863, 61.86328310392139, 20.755095986435048, 0.0, 24.645933082396166, 43.01438858481471, 56.37050344746113, 85.20244752301566, 110.79081046991732], [156.11448823115856, 141.38685123997828, 130.56282778486312, 123.14769321367089, 116.17129082771534, 106.14659637752433, 96.27533972157784, 84.02043102439004, 44.6187538748318, 24.645933082396166, 0.0, 19.055062913809863, 39.65158790127958, 67.94806899992264, 96.37103153223137], [150.69720455884823, 137.9749436908858, 129.9781625789695, 124.42390596351645, 120.62979200844927, 114.37758966292529, 106.95503432755511, 99.00398719530156, 61.902190517440296, 43.01438858481471, 19.055062913809863, 0.0, 29.1113061312296, 53.53735410922824, 83.24061220810864], [142.03731451763736, 134.91148254594378, 132.61794658520276, 132.23355910362264, 128.2292204608249, 122.93353377222667, 116.58998617541808, 102.58576040519087, 71.40203000319065, 56.37050344746113, 39.65158790127958, 29.1113061312296, 0.0, 29.76824940289056, 57.529884159194694], [132.76609224143508, 131.32567369572422, 135.22620788437743, 139.19785789289037, 138.81569645497, 138.18531655298224, 135.0320509938362, 125.26945161896127, 98.68728012244695, 85.20244752301566, 67.94806899992264, 53.53735410922824, 29.76824940289056, 0.0, 30.28145362862705], [125.80770098689706, 131.47439560001894, 141.69641043404928, 150.46463814525862, 151.19008529859516, 152.88476424658305, 151.73485516539694, 141.66712716806646, 121.38613700374867, 110.79081046991732, 96.37103153223137, 83.24061220810864, 57.529884159194694, 30.28145362862705, 0.0]]