[[0.0, 28.80936911378588, 54.873959084796965, 71.76083821538782, 90.2595827552238, 109.20009223888059, 123.86617940556629, 145.28517497875535, 152.72570353650804, 155.4032216083134, 147.9136984078996, 141.19147750927348, 139.10003808824496, 129.52363733678376, 122.58570329128966], [28.80936911378588, 0.0, 26.451574825656092, 44.228062405548776, 62.920401281351225, 82.43477994566615, 98.63596197840812, 125.98435800734778, 134.56671933173715, 139.09469082681497, 134.34202259314804, 130.36548541624012, 131.07828220282755, 126.84448968398678, 126.88171588762143], [54.873959084796965, 26.451574825656092, 0.0, 18.80440737174522, 37.17601996612936, 57.099527374523895, 74.72939306375477, 107.5521482231731, 118.5875451475727, 125.76614302208576, 124.25422996888112, 123.46570762060638, 127.16613650885525, 128.49604045669048, 134.5716930522698], [71.76083821538782, 44.228062405548776, 18.80440737174522, 0.0, 18.704659717760727, 38.387708419211876, 56.00419052583869, 91.08397834950141, 103.59955430881779, 112.73365720777669, 113.42816190740005, 114.8794760504045, 120.61444769031498, 125.8397093478412, 135.80713634719726], [90.2595827552238, 62.920401281351225, 37.17601996612936, 18.704659717760727, 0.0, 20.079147741693554, 39.16663450996174, 79.2123936405556, 94.14929118665333, 105.7648397311638, 109.39555868902717, 113.53559639762537, 121.41696031329128, 130.53740815933202, 144.00438629440757], [109.20009223888059, 82.43477994566615, 57.099527374523895, 38.387708419211876, 20.079147741693554, 0.0, 20.51439352553179, 65.45322362275333, 82.11252338450359, 96.25825988400254, 102.98918468468366, 109.92162206574598, 119.89499849384522, 132.9513192969872, 149.84991364343244], [123.86617940556629, 98.63596197840812, 74.72939306375477, 56.00419052583869, 39.16663450996174, 20.51439352553179, 0.0, 47.34105090244833, 65.89766788516235, 82.83151043129088, 92.07239784677581, 101.3472450592265, 113.00302685601564, 129.40960143541483, 148.93525313624116], [145.28517497875535, 125.98435800734778, 107.5521482231731, 91.08397834950141, 79.2123936405556, 65.45322362275333, 47.34105090244833, 0.0, 42.59598707198938, 65.21966800893173, 75.69784038168406, 86.90208832399915, 99.65297343078694, 119.4320433540964, 140.07294263282043], [152.72570353650804, 134.56671933173715, 118.5875451475727, 103.59955430881779, 94.14929118665333, 82.11252338450359, 65.89766788516235, 42.59598707198938, 0.0, 23.367852347117335, 37.808216506261644, 52.73343104896813, 67.52735012247622, 92.17816185357508, 118.65247268717329], [155.4032216083134, 139.09469082681497, 125.76614302208576, 112.73365720777669, 105.7648397311638, 96.25825988400254, 82.83151043129088, 65.21966800893173, 23.367852347117335, 0.0, 18.25399824972134, 34.82617439678571, 49.87946989216133, 76.36184504935943, 105.31069441146172], [147.9136984078996, 134.34202259314804, 124.25422996888112, 113.42816190740005, 109.39555868902717, 102.98918468468366, 92.07239784677581, 75.69784038168406, 37.808216506261644, 18.25399824972134, 0.0, 16.62390316300197, 31.64232329603911, 58.27074393045286, 87.49467810266088], [141.19147750927348, 130.36548541624012, 123.46570762060638, 114.8794760504045, 113.53559639762537, 109.92162206574598, 101.3472450592265, 86.90208832399915, 52.73343104896813, 34.82617439678571, 16.62390316300197, 0.0, 15.135590425498314, 41.67275531224378, 71.17134675250435], [139.10003808824496, 131.07828220282755, 127.16613650885525, 120.61444769031498, 121.41696031329128, 119.89499849384522, 113.00302685601564, 99.65297343078694, 67.52735012247622, 49.87946989216133, 31.64232329603911, 15.135590425498314, 0.0, 27.198836894123357, 57.29642889447714], [129.52363733678376, 126.84448968398678, 128.49604045669048, 125.8397093478412, 130.53740815933202, 132.9513192969872, 129.40960143541483, 119.4320433540964, 92.17816185357508, 76.36184504935943, 58.27074393045286, 41.67275531224378, 27.198836894123357, 0.0, 30.826627900319245], [122.58570329128966, 126.88171588762143, 134.5716930522698, 135.80713634719726, 144.00438629440757, 149.84991364343244, 148.93525313624116, 140.07294263282043, 118.65247268717329, 105.31069441146172, 87.49467810266088, 71.17134675250435, 57.29642889447714, 30.826627900319245, 0.0]]