[[0.0, 33.4468014576143, 60.753276553752876, 79.3286325139093, 95.11405771949433, 113.20733179931506, 125.7835259099727, 151.32643539296805, 160.2110564664342, 157.69028507109365, 157.68594141081712, 149.6169511507266, 142.6636326636844, 135.70530066422245, 125.76864822275998], [33.4468014576143, 0.0, 28.361717521323932, 47.71548401608204, 64.29098031936917, 82.37365340025477, 97.90419567705443, 129.0862282338298, 139.1220019878047, 140.17000755912778, 141.13890761044095, 135.96491892348274, 133.2525710445796, 133.34332442550172, 132.89181736405212], [60.753276553752876, 28.361717521323932, 0.0, 19.50225634732405, 36.28547948990244, 54.27049624454968, 71.41073107171658, 106.5457929511975, 119.14935414644422, 123.72415104191488, 127.12255230325431, 125.15692440175027, 126.09328650110047, 132.5614380864257, 139.03616098669667], [79.3286325139093, 47.71548401608204, 19.50225634732405, 0.0, 16.976892090292313, 34.77495600018869, 52.87980375160014, 90.72469227182242, 105.51410451210818, 112.79271012459252, 118.36694132704422, 118.90471985450696, 122.35454234526281, 133.10031915490677, 143.79717549703943], [95.11405771949433, 64.29098031936917, 36.28547948990244, 16.976892090292313, 0.0, 18.686927083106788, 37.21100590407702, 77.82383200439844, 96.41816224812662, 106.41684811422797, 114.68090071510991, 117.57538425256588, 122.94795583371412, 136.9809166731788, 150.333492737983], [113.20733179931506, 82.37365340025477, 54.27049624454968, 34.77495600018869, 18.686927083106788, 0.0, 23.972924971520776, 67.26019600493407, 86.15224896488567, 99.16186921880636, 108.85469621858377, 114.35664297511079, 122.37046897338347, 140.06429177948286, 157.3323525089672], [125.7835259099727, 97.90419567705443, 71.41073107171658, 52.87980375160014, 37.21100590407702, 23.972924971520776, 0.0, 43.93241235101219, 70.39981386408897, 85.19264109335785, 99.89376384365788, 107.35560220259313, 115.7369180049263, 135.66945594324173, 153.88027606183695], [151.32643539296805, 129.0862282338298, 106.5457929511975, 90.72469227182242, 77.82383200439844, 67.26019600493407, 43.93241235101219, 0.0, 47.01271532128893, 61.97621775440877, 85.31566884804401, 95.44638571476413, 103.54322151140329, 126.24171076576759, 146.0294824725896], [160.2110564664342, 139.1220019878047, 119.14935414644422, 105.51410451210818, 96.41816224812662, 86.15224896488567, 70.39981386408897, 47.01271532128893, 0.0, 21.44216768893924, 41.898948656403256, 55.93645038592109, 69.41368648349426, 97.65500649996403, 127.15831028684767], [157.69028507109365, 140.17000755912778, 123.72415104191488, 112.79271012459252, 106.41684811422797, 99.16186921880636, 85.19264109335785, 61.97621775440877, 21.44216768893924, 0.0, 26.605322401788296, 38.47277985483334, 50.10071492060469, 78.43610822483524, 108.98933795544536], [157.68594141081712, 141.13890761044095, 127.12255230325431, 118.36694132704422, 114.68090071510991, 108.85469621858377, 99.89376384365788, 85.31566884804401, 41.898948656403256, 26.605322401788296, 0.0, 17.060606335024563, 35.462928513414205, 65.51440049285623, 101.5401091309948], [149.6169511507266, 135.96491892348274, 125.15692440175027, 118.90471985450696, 117.57538425256588, 114.35664297511079, 107.35560220259313, 95.44638571476413, 55.93645038592109, 38.47277985483334, 17.060606335024563, 0.0, 19.710242451455578, 49.11124302867985, 86.09058035449684], [142.6636326636844, 133.2525710445796, 126.09328650110047, 122.35454234526281, 122.94795583371412, 122.37046897338347, 115.7369180049263, 103.54322151140329, 69.41368648349426, 50.10071492060469, 35.462928513414205, 19.710242451455578, 0.0, 30.140091802558498, 66.70794975008285], [135.70530066422245, 133.34332442550172, 132.5614380864257, 133.10031915490677, 136.9809166731788, 140.06429177948286, 135.66945594324173, 126.24171076576759, 97.65500649996403, 78.43610822483524, 65.51440049285623, 49.11124302867985, 30.140091802558498, 0.0, 39.06446617344697], [125.76864822275998, 132.89181736405212, 139.03616098669667, 143.79717549703943, 150.333492737983, 157.3323525089672, 153.88027606183695, 146.0294824725896, 127.15831028684767, 108.98933795544536, 101.5401091309948, 86.09058035449684, 66.70794975008285, 39.06446617344697, 0.0]]