[[0.0, 30.442019289865218, 58.36944729843062, 76.00557405204246, 94.01507423210339, 109.79219995710228, 123.97248906051054, 146.42651799026018, 155.7661041708702, 155.87197246823354, 154.3739649114892, 145.49836853002319, 142.4796416284289, 132.6571019259852, 122.70963183536347], [30.442019289865218, 0.0, 28.648860525472944, 46.85490559580076, 65.17964561837869, 81.63164636025509, 97.46993137819554, 126.82026985857773, 136.17463371981623, 138.82657804994588, 139.17565241678875, 132.9621998077435, 133.16605199855752, 129.42630868041354, 127.60172372433435], [58.36944729843062, 28.648860525472944, 0.0, 18.783125025500468, 36.78055496360395, 53.724388539211525, 70.84615822243106, 106.13029237470306, 117.56589683843046, 123.61115070940329, 127.01521596787506, 124.07095984110796, 127.59234950282176, 130.18483690055228, 135.2577891237116], [76.00557405204246, 46.85490559580076, 18.783125025500468, 0.0, 18.671467969843956, 35.13208030949897, 52.63880992323343, 91.56763101242859, 103.07205769854903, 111.15323932925385, 116.51085408703928, 115.79756303606003, 121.4217845205208, 128.12240999439427, 137.58407671890612], [94.01507423210339, 65.17964561837869, 36.78055496360395, 18.671467969843956, 0.0, 17.657447090476246, 36.760521096865666, 80.86872895730686, 95.4613468764963, 106.64749295357254, 114.80903093030332, 116.73739570417743, 124.43078510229009, 134.90921887574711, 147.5858439898894], [109.79219995710228, 81.63164636025509, 53.724388539211525, 35.13208030949897, 17.657447090476246, 0.0, 20.01856888536234, 68.25240885684781, 83.09939672181378, 96.61635243487562, 107.06569190677943, 111.33026491763333, 120.77471616470726, 134.7131987851951, 150.64885827305486], [123.97248906051054, 97.46993137819554, 70.84615822243106, 52.63880992323343, 36.760521096865666, 20.01856888536234, 0.0, 50.62961653783891, 67.98880252350696, 84.17397284824615, 97.7095287097915, 104.14082069224622, 114.86005911880842, 131.7981482621356, 150.12741532842207], [146.42651799026018, 126.82026985857773, 106.13029237470306, 91.56763101242859, 80.86872895730686, 68.25240885684781, 50.62961653783891, 0.0, 49.767464351131295, 67.51715860352392, 87.13536649516485, 94.76344678961053, 104.39192061198831, 122.94549666761291, 140.89169818142818], [155.7661041708702, 136.17463371981623, 117.56589683843046, 103.07205769854903, 95.4613468764963, 83.09939672181378, 67.98880252350696, 49.767464351131295, 0.0, 21.387179850082568, 41.98393549612215, 54.61904113445591, 68.27002844644679, 93.92169135658972, 121.46389720138264], [155.87197246823354, 138.82657804994588, 123.61115070940329, 111.15323932925385, 106.64749295357254, 96.61635243487562, 84.17397284824615, 67.51715860352392, 21.387179850082568, 0.0, 21.643687396670323, 34.874448649734106, 48.81433655828039, 76.0587379944986, 106.00175176701713], [154.3739649114892, 139.17565241678875, 127.01521596787506, 116.51085408703928, 114.80903093030332, 107.06569190677943, 97.7095287097915, 87.13536649516485, 41.98393549612215, 21.643687396670323, 0.0, 16.68578944906764, 32.117358516296555, 60.86075630750619, 93.8229870601825], [145.49836853002319, 132.9621998077435, 124.07095984110796, 115.79756303606003, 116.73739570417743, 111.33026491763333, 104.14082069224622, 94.76344678961053, 54.61904113445591, 34.874448649734106, 16.68578944906764, 0.0, 15.88541655770214, 44.29640873986009, 77.596681800779], [142.4796416284289, 133.16605199855752, 127.59234950282176, 121.4217845205208, 124.43078510229009, 120.77471616470726, 114.86005911880842, 104.39192061198831, 68.27002844644679, 48.81433655828039, 32.117358516296555, 15.88541655770214, 0.0, 28.957357142300467, 62.78127310941177], [132.6571019259852, 129.42630868041354, 130.18483690055228, 128.12240999439427, 134.90921887574711, 134.7131987851951, 131.7981482621356, 122.94549666761291, 93.92169135658972, 76.0587379944986, 60.86075630750619, 44.29640873986009, 28.957357142300467, 0.0, 35.004927438917186], [122.70963183536347, 127.60172372433435, 135.2577891237116, 137.58407671890612, 147.5858439898894, 150.64885827305486, 150.12741532842207, 140.89169818142818, 121.46389720138264, 106.00175176701713, 93.8229870601825, 77.596681800779, 62.78127310941177, 35.004927438917186, 0.0]]