[[0.0, 28.854431540934243, 55.904705837694394, 72.2325647515425, 89.67617800325115, 109.18898140282893, 123.88459900155448, 145.20585758121578, 152.72637520615336, 155.40459582457612, 148.00534252867595, 141.20557042775098, 139.14529292401716, 129.53884583208097, 122.57792830634428], [28.854431540934243, 0.0, 27.27994343969318, 44.05793569353922, 61.591768522456654, 81.11431305060475, 96.9250394893968, 123.17183012831607, 132.45636835478055, 137.33120621014817, 132.64232494907122, 128.68143124458808, 129.5009500800241, 125.42628285873062, 125.45114827376393], [55.904705837694394, 27.27994343969318, 0.0, 17.649967882238712, 34.88360516236348, 54.55500954756763, 71.55812110276646, 102.85565734787595, 115.4280892841988, 123.38478867809883, 122.09023167704267, 121.50555768024641, 125.4742922559747, 127.23959176119898, 133.43040950234467], [72.2325647515425, 44.05793569353922, 17.649967882238712, 0.0, 17.539690600015437, 37.21290097970942, 53.9284779646493, 87.20077621203616, 101.21907749403103, 111.0361716926021, 111.84074763506604, 113.37721579645816, 119.27189807093815, 124.72713015740871, 134.62618979541367], [89.67617800325115, 61.591768522456654, 34.88360516236348, 17.539690600015437, 0.0, 20.065899001173864, 37.65366343788963, 75.41069605720784, 92.08859859611637, 104.36849802310368, 107.95331297435122, 112.04297538268371, 119.97169271095113, 129.11203878632693, 142.3063796516968], [109.18898140282893, 81.11431305060475, 54.55500954756763, 37.21290097970942, 20.065899001173864, 0.0, 20.368465108618953, 65.17601749376348, 82.02292291818121, 96.24965020496789, 102.98045138334678, 109.9109072952521, 119.89072934548086, 132.9431809404955, 149.82337204303224], [123.88459900155448, 96.9250394893968, 71.55812110276646, 53.9284779646493, 37.65366343788963, 20.368465108618953, 0.0, 47.3283108658686, 65.90336976775065, 82.83136426262135, 92.1420077104888, 101.36548377938298, 113.04580464583282, 129.43556582664283, 148.9721494467486], [145.20585758121578, 123.17183012831607, 102.85565734787595, 87.20077621203616, 75.41069605720784, 65.17601749376348, 47.3283108658686, 0.0, 42.655466765456936, 65.05695714891634, 76.03984369393098, 86.85757483793407, 99.74780960528685, 119.41830753857097, 140.0818931841132], [152.72637520615336, 132.45636835478055, 115.4280892841988, 101.21907749403103, 92.08859859611637, 82.02292291818121, 65.90336976775065, 42.655466765456936, 0.0, 23.17739633068531, 37.99095938763098, 52.70122915046472, 67.56732702684454, 92.17870245757854, 118.68291569810862], [155.40459582457612, 137.33120621014817, 123.38478867809883, 111.0361716926021, 104.36849802310368, 96.24965020496789, 82.83136426262135, 65.05695714891634, 23.17739633068531, 0.0, 18.21946354419268, 34.822514282227985, 49.8803136082172, 76.36523820342678, 105.30257534525008], [148.00534252867595, 132.64232494907122, 122.09023167704267, 111.84074763506604, 107.95331297435122, 102.98045138334678, 92.1420077104888, 76.03984369393098, 37.99095938763098, 18.21946354419268, 0.0, 16.66940512840557, 31.665954621238804, 58.314108241967276, 87.62943380055259], [141.20557042775098, 128.68143124458808, 121.50555768024641, 113.37721579645816, 112.04297538268371, 109.9109072952521, 101.36548377938298, 86.85757483793407, 52.70122915046472, 34.822514282227985, 16.66940512840557, 0.0, 15.150757272420973, 41.679348712583, 71.1793040642036], [139.14529292401716, 129.5009500800241, 125.4742922559747, 119.27189807093815, 119.97169271095113, 119.89072934548086, 113.04580464583282, 99.74780960528685, 67.56732702684454, 49.8803136082172, 31.665954621238804, 15.150757272420973, 0.0, 27.21633405488702, 57.36634871851925], [129.53884583208097, 125.42628285873062, 127.23959176119898, 124.72713015740871, 129.11203878632693, 132.9431809404955, 129.43556582664283, 119.41830753857097, 92.17870245757854, 76.36523820342678, 58.314108241967276, 41.679348712583, 27.21633405488702, 0.0, 30.828614190437442], [122.57792830634428, 125.45114827376393, 133.43040950234467, 134.62618979541367, 142.3063796516968, 149.82337204303224, 148.9721494467486, 140.0818931841132, 118.68291569810862, 105.30257534525008, 87.62943380055259, 71.1793040642036, 57.36634871851925, 30.828614190437442, 0.0]]