[[0.0, 31.60034249606412, 60.35003345476708, 75.58879043943215, 94.4868388396123, 108.34217829925252, 122.25881209256414, 142.55208698571093, 154.81994582450287, 155.9743086557564, 155.71770703667957, 146.63692937578702, 142.11031353010853, 133.59584831276916, 123.66194135444925], [31.60034249606412, 0.0, 29.064901287941257, 44.80841372983323, 64.25732665703545, 78.45115504610139, 94.445264852566, 121.54173433671302, 133.85566750531757, 137.75620963356664, 139.4916092268708, 133.10768669475397, 132.72621874528804, 130.3603972177333, 129.05000007802713], [60.35003345476708, 29.064901287941257, 0.0, 16.39992720375334, 35.913889194738616, 50.40330433609652, 68.36322776448904, 102.20152675047851, 115.69152454532001, 123.06114711044418, 127.67657704133109, 124.60570306987121, 128.4899750988038, 132.33904320087896, 138.1715090061285], [75.58879043943215, 44.80841372983323, 16.39992720375334, 0.0, 19.899326540251913, 34.0889418641545, 52.66000829250927, 89.65434754331649, 102.96992264109201, 112.16233988158604, 118.49284925188668, 117.358985245393, 123.5197488469766, 130.79044726143258, 140.33553379815325], [94.4868388396123, 64.25732665703545, 35.913889194738616, 19.899326540251913, 0.0, 14.881505453110345, 34.63244173681412, 76.59353062329103, 92.5174986847173, 105.03054936449229, 114.36992858536351, 116.0307317893739, 124.91365390290228, 136.07846668766754, 148.962283697662], [108.34217829925252, 78.45115504610139, 50.40330433609652, 34.0889418641545, 14.881505453110345, 0.0, 22.159670401844743, 68.06702080652042, 82.71983195226831, 97.12741019507511, 108.14081985277494, 111.8535604793374, 122.74083533398125, 136.76327749431007, 152.58338003810783], [122.25881209256414, 94.445264852566, 68.36322776448904, 52.66000829250927, 34.63244173681412, 22.159670401844743, 0.0, 47.66634090014832, 67.38410194182178, 85.08843700166558, 99.88793827975482, 105.80258687310415, 118.06248290369413, 134.8118804121063, 152.05768711126635], [142.55208698571093, 121.54173433671302, 102.20152675047851, 89.65434754331649, 76.59353062329103, 68.06702080652042, 47.66634090014832, 0.0, 50.68970079177305, 70.09656828903914, 90.70045281228572, 97.89383829475142, 108.84187958965427, 127.00058720871503, 142.53647500744094], [154.81994582450287, 133.85566750531757, 115.69152454532001, 102.96992264109201, 92.5174986847173, 82.71983195226831, 67.38410194182178, 50.68970079177305, 0.0, 22.956273653345963, 44.665933382289516, 56.88894824579005, 73.15246695846884, 98.08671134827827, 124.54361100090836], [155.9743086557564, 137.75620963356664, 123.06114711044418, 112.16233988158604, 105.03054936449229, 97.12741019507511, 85.08843700166558, 70.09656828903914, 22.956273653345963, 0.0, 22.770970621082906, 35.805540731395894, 52.743877947672566, 79.33771050279027, 108.86443187855815], [155.71770703667957, 139.4916092268708, 127.67657704133109, 118.49284925188668, 114.36992858536351, 108.14081985277494, 99.88793827975482, 90.70045281228572, 44.665933382289516, 22.770970621082906, 0.0, 16.789502895050443, 35.97137793055265, 63.87741926337141, 97.44456432919854], [146.63692937578702, 133.10768669475397, 124.60570306987121, 117.358985245393, 116.0307317893739, 111.8535604793374, 105.80258687310415, 97.89383829475142, 56.88894824579005, 35.805540731395894, 16.789502895050443, 0.0, 19.728715390952775, 47.30069216855311, 81.46714582033583], [142.11031353010853, 132.72621874528804, 128.4899750988038, 123.5197488469766, 124.91365390290228, 122.74083533398125, 118.06248290369413, 108.84187958965427, 73.15246695846884, 52.743877947672566, 35.97137793055265, 19.728715390952775, 0.0, 28.059398676404363, 62.79913406589492], [133.59584831276916, 130.3603972177333, 132.33904320087896, 130.79044726143258, 136.07846668766754, 136.76327749431007, 134.8118804121063, 127.00058720871503, 98.08671134827827, 79.33771050279027, 63.87741926337141, 47.30069216855311, 28.059398676404363, 0.0, 36.927515779255266], [123.66194135444925, 129.05000007802713, 138.1715090061285, 140.33553379815325, 148.962283697662, 152.58338003810783, 152.05768711126635, 142.53647500744094, 124.54361100090836, 108.86443187855815, 97.44456432919854, 81.46714582033583, 62.79913406589492, 36.927515779255266, 0.0]]