[[0.0, 30.66450588082035, 66.51172413092272, 84.1622708045403, 95.71744362625964, 108.8595693399438, 121.32849486837762, 141.72789341048153, 152.5527233831389, 156.6740208438687, 159.03144672448505, 154.15148278902527, 146.86603163824006, 136.78845717998271, 123.87441335622752], [30.66450588082035, 0.0, 35.89266023658085, 53.990418302668544, 66.95322865854517, 80.78765734478267, 96.36531402467637, 123.41528750246967, 134.0985933396072, 139.57787239441066, 143.1922806856413, 140.473695774435, 136.87361890548615, 133.59752931728835, 129.40281005654086], [66.51172413092272, 35.89266023658085, 0.0, 19.466072631052473, 36.095537326214995, 50.44458213535613, 71.19446490541849, 107.17433529527025, 116.6096886088606, 123.71665520647475, 128.99380157489225, 129.44510556304604, 130.92384838225323, 136.26398875343705, 141.8922079501549], [84.1622708045403, 53.990418302668544, 19.466072631052473, 0.0, 18.522328550147737, 32.10506501985545, 54.83437389894628, 94.3440566703469, 104.06736251233222, 112.99413965748391, 120.58640359218774, 123.32275051837513, 127.38282916055056, 137.24395945878254, 146.78768549565083], [95.71744362625964, 66.95322865854517, 36.095537326214995, 18.522328550147737, 0.0, 14.780464718436367, 37.31053198135588, 78.63619756660516, 93.02485691181161, 105.47722818022235, 117.16145537192308, 122.12384523743434, 127.44732260272659, 139.9644283582239, 150.23261106659808], [108.8595693399438, 80.78765734478267, 50.44458213535613, 32.10506501985545, 14.780464718436367, 0.0, 25.01732874203115, 68.65817254758579, 83.25919895182385, 97.49561791932798, 111.43681608079912, 118.22800738295594, 125.24041600993391, 140.71259639599793, 153.32212633790084], [121.32849486837762, 96.36531402467637, 71.19446490541849, 54.83437389894628, 37.31053198135588, 25.01732874203115, 0.0, 44.45228274837814, 65.95517962356213, 85.01600183138457, 104.4538141799827, 113.43020163808825, 120.77351866370338, 138.10949262173764, 150.50884136778933], [141.72789341048153, 123.41528750246967, 107.17433529527025, 94.3440566703469, 78.63619756660516, 68.65817254758579, 44.45228274837814, 0.0, 47.410413983492745, 72.46426351973149, 99.2407029588559, 109.89301058152076, 115.35178246264101, 132.6104107549611, 142.15489885492633], [152.5527233831389, 134.0985933396072, 116.6096886088606, 104.06736251233222, 93.02485691181161, 83.25919895182385, 65.95517962356213, 47.410413983492745, 0.0, 25.95651665565043, 54.28297966091149, 67.2908391539174, 76.58719157688363, 101.11136085231134, 121.94613311648469], [156.6740208438687, 139.57787239441066, 123.71665520647475, 112.99413965748391, 105.47722818022235, 97.49561791932798, 85.01600183138457, 72.46426351973149, 25.95651665565043, 0.0, 29.036771462659917, 42.8884965923772, 54.34155012691277, 82.66047024384427, 109.79197320756998], [159.03144672448505, 143.1922806856413, 128.99380157489225, 120.58640359218774, 117.16145537192308, 111.43681608079912, 104.4538141799827, 99.2407029588559, 54.28297966091149, 29.036771462659917, 0.0, 16.429065068414488, 33.91093587664619, 66.37346522643338, 101.06918705170968], [154.15148278902527, 140.473695774435, 129.44510556304604, 123.32275051837513, 122.12384523743434, 118.22800738295594, 113.43020163808825, 109.89301058152076, 67.2908391539174, 42.8884965923772, 16.429065068414488, 0.0, 19.60348524587387, 52.08805302684156, 89.12695113636728], [146.86603163824006, 136.87361890548615, 130.92384838225323, 127.38282916055056, 127.44732260272659, 125.24041600993391, 120.77351866370338, 115.35178246264101, 76.58719157688363, 54.34155012691277, 33.91093587664619, 19.60348524587387, 0.0, 32.77429798246086, 70.10066882323616], [136.78845717998271, 133.59752931728835, 136.26398875343705, 137.24395945878254, 139.9644283582239, 140.71259639599793, 138.10949262173764, 132.6104107549611, 101.11136085231134, 82.66047024384427, 66.37346522643338, 52.08805302684156, 32.77429798246086, 0.0, 40.42765312641039], [123.87441335622752, 129.40281005654086, 141.8922079501549, 146.78768549565083, 150.23261106659808, 153.32212633790084, 150.50884136778933, 142.15489885492633, 121.94613311648469, 109.79197320756998, 101.06918705170968, 89.12695113636728, 70.10066882323616, 40.42765312641039, 0.0]]