[[0.0, 32.15856259859536, 60.92122078984859, 79.6190330906642, 95.28017844909274, 110.47794783672377, 128.19981708363835, 147.605589931973, 158.78381071417527, 154.30095440763233, 153.92881728913056, 146.71291353672171, 141.52633401131234, 133.4635868141702, 125.47834971573444], [32.15856259859536, 0.0, 29.28847414694579, 48.398886323227735, 64.60802657914427, 80.0187520607287, 98.24066713570956, 125.48082892673106, 136.79164612964095, 136.27858771753935, 137.28200415274094, 132.65656882875587, 131.56780880082673, 130.11102058105777, 130.8314526109756], [60.92122078984859, 29.28847414694579, 0.0, 19.215386269306524, 35.65318655248005, 51.114053224609634, 69.7754983279375, 103.6245974070512, 116.51331070652635, 120.20291256955218, 123.75690402423271, 122.14524269193728, 125.14575283383797, 130.28995220435183, 138.1250179480128], [79.6190330906642, 48.398886323227735, 19.215386269306524, 0.0, 16.712161844062756, 31.971524527907714, 50.92252210784375, 89.56612341863499, 103.74929066903698, 110.54565537374937, 116.20655787020151, 116.83803817934772, 122.566814577949, 131.98189760064395, 143.94102834460813], [95.28017844909274, 64.60802657914427, 35.65318655248005, 16.712161844062756, 0.0, 16.10988514770864, 36.0234003676075, 77.98212907268471, 95.76631275653148, 105.45203053801423, 113.776288233239, 116.4373688992194, 124.24874461691388, 136.93497038613634, 151.41009320535773], [110.47794783672377, 80.0187520607287, 51.114053224609634, 31.971524527907714, 16.10988514770864, 0.0, 20.14522620743651, 68.5763207147414, 85.52386487559569, 98.08729932935559, 107.90331807600849, 112.52924091041622, 122.4975077999077, 138.35267867805658, 155.93425840446662], [128.19981708363835, 98.24066713570956, 69.7754983279375, 50.92252210784375, 36.0234003676075, 20.14522620743651, 0.0, 59.37392715813898, 71.89082769023634, 87.9820472822086, 99.23850016063335, 106.26976758975744, 118.7507546024438, 138.23994917891054, 159.502209724989], [147.605589931973, 125.48082892673106, 103.6245974070512, 89.56612341863499, 77.98212907268471, 68.5763207147414, 59.37392715813898, 0.0, 56.09732522724109, 66.04689129311515, 89.26193237947871, 96.7609914755555, 106.965502938975, 127.82886443231581, 146.459781346556], [158.78381071417527, 136.79164612964095, 116.51331070652635, 103.74929066903698, 95.76631275653148, 85.52386487559569, 71.89082769023634, 56.09732522724109, 0.0, 23.498943327881985, 40.78028211125232, 53.40805186041982, 70.02093538557848, 97.74943044131727, 127.22460843989401], [154.30095440763233, 136.27858771753935, 120.20291256955218, 110.54565537374937, 105.45203053801423, 98.08729932935559, 87.9820472822086, 66.04689129311515, 23.498943327881985, 0.0, 25.77166552787574, 35.5164629484535, 49.67794932394437, 77.25559556894822, 106.51169182418184], [153.92881728913056, 137.28200415274094, 123.75690402423271, 116.20655787020151, 113.776288233239, 107.90331807600849, 99.23850016063335, 89.26193237947871, 40.78028211125232, 25.77166552787574, 0.0, 14.8779683612659, 33.72248613596865, 62.86656163290889, 96.75359256451168], [146.71291353672171, 132.65656882875587, 122.14524269193728, 116.83803817934772, 116.4373688992194, 112.52924091041622, 106.26976758975744, 96.7609914755555, 53.40805186041982, 35.5164629484535, 14.8779683612659, 0.0, 19.220519622843785, 48.08125624240977, 82.40024193722051], [141.52633401131234, 131.56780880082673, 125.14575283383797, 122.566814577949, 124.24874461691388, 122.4975077999077, 118.7507546024438, 106.965502938975, 70.02093538557848, 49.67794932394437, 33.72248613596865, 19.220519622843785, 0.0, 29.361496216573062, 63.731198561832194], [133.4635868141702, 130.11102058105777, 130.28995220435183, 131.98189760064395, 136.93497038613634, 138.35267867805658, 138.23994917891054, 127.82886443231581, 97.74943044131727, 77.25559556894822, 62.86656163290889, 48.08125624240977, 29.361496216573062, 0.0, 36.29023250647065], [125.47834971573444, 130.8314526109756, 138.1250179480128, 143.94102834460813, 151.41009320535773, 155.93425840446662, 159.502209724989, 146.459781346556, 127.22460843989401, 106.51169182418184, 96.75359256451168, 82.40024193722051, 63.731198561832194, 36.29023250647065, 0.0]]