[[0.0, 33.24038284661133, 60.5971849309571, 78.38487465569838, 95.14586087904834, 113.27255199983874, 127.13730778222973, 151.30666917744742, 160.14252034508436, 157.64140376606585, 157.73591067949934, 149.50623738724985, 142.74464789617608, 135.7482990363823, 125.71758426412369], [33.24038284661133, 0.0, 28.34715990997964, 46.724338220070855, 64.30664217748858, 82.43531925623229, 98.85655923126419, 129.02547850988074, 139.04693230004213, 140.08883349309042, 141.1771857682142, 135.89999716857142, 133.23713555373237, 133.26110480002836, 132.68913051622278], [60.5971849309571, 28.34715990997964, 0.0, 18.48575157759557, 36.26125313608546, 54.32051158607071, 72.08521299766292, 106.5150307295205, 119.07696231708104, 123.63831451470628, 127.14643436125688, 125.09449501427633, 126.04206270322652, 132.44506420193787, 138.82425604050547], [78.38487465569838, 46.724338220070855, 18.48575157759557, 0.0, 18.104137276721094, 35.845727449945656, 54.489918627647825, 91.85355490095534, 106.08161434894721, 113.18523675537462, 118.55592434361702, 118.87120710904635, 122.25754071116236, 132.7623376043318, 143.331938665948], [95.14586087904834, 64.30664217748858, 36.26125313608546, 18.104137276721094, 0.0, 18.722353375665065, 37.610982483094645, 78.12563333751042, 96.42114511048733, 106.42562158978019, 114.69110999619932, 117.50463131562032, 122.95217530436025, 136.96166176089142, 150.33043872526167], [113.27255199983874, 82.43531925623229, 54.32051158607071, 35.845727449945656, 18.722353375665065, 0.0, 23.380681798831993, 67.75361524562581, 86.20742465009079, 99.21498208112398, 108.85925954961365, 114.31316796421424, 122.36980760748811, 140.05125688827636, 157.37143347983928], [127.13730778222973, 98.85655923126419, 72.08521299766292, 54.489918627647825, 37.610982483094645, 23.380681798831993, 0.0, 45.23918288805501, 70.28748722206919, 85.44979820572034, 99.88996225163453, 107.44671167308888, 116.34518697455256, 136.55899685605883, 155.24435424103993], [151.30666917744742, 129.02547850988074, 106.5150307295205, 91.85355490095534, 78.12563333751042, 67.75361524562581, 45.23918288805501, 0.0, 47.188575301945036, 62.12074995556211, 85.74719081810953, 95.4891027529589, 103.88648769762075, 126.4374037635424, 145.95860771898583], [160.14252034508436, 139.04693230004213, 119.07696231708104, 106.08161434894721, 96.42114511048733, 86.20742465009079, 70.28748722206919, 47.188575301945036, 0.0, 21.411637034755167, 42.10392186104922, 55.88232192549207, 69.44507342061742, 97.60352009011972, 127.03235581498039], [157.64140376606585, 140.08883349309042, 123.63831451470628, 113.18523675537462, 106.42562158978019, 99.21498208112398, 85.44979820572034, 62.12074995556211, 21.411637034755167, 0.0, 26.929908655397398, 38.34754988792924, 50.20568358531983, 78.42585268617906, 108.90109917262536], [157.73591067949934, 141.1771857682142, 127.14643436125688, 118.55592434361702, 114.69110999619932, 108.85925954961365, 99.88996225163453, 85.74719081810953, 42.10392186104922, 26.929908655397398, 0.0, 17.143762101191584, 35.338730692544864, 65.41696604457795, 101.61055162649694], [149.50623738724985, 135.89999716857142, 125.09449501427633, 118.87120710904635, 117.50463131562032, 114.31316796421424, 107.44671167308888, 95.4891027529589, 55.88232192549207, 38.34754988792924, 17.143762101191584, 0.0, 19.122888149634676, 48.7155761545888, 85.80311247200326], [142.74464789617608, 133.23713555373237, 126.04206270322652, 122.25754071116236, 122.95217530436025, 122.36980760748811, 116.34518697455256, 103.88648769762075, 69.44507342061742, 50.20568358531983, 35.338730692544864, 19.122888149634676, 0.0, 30.151689449615603, 66.96387679717377], [135.7482990363823, 133.26110480002836, 132.44506420193787, 132.7623376043318, 136.96166176089142, 140.05125688827636, 136.55899685605883, 126.4374037635424, 97.60352009011972, 78.42585268617906, 65.41696604457795, 48.7155761545888, 30.151689449615603, 0.0, 39.38678824617101], [125.71758426412369, 132.68913051622278, 138.82425604050547, 143.331938665948, 150.33043872526167, 157.37143347983928, 155.24435424103993, 145.95860771898583, 127.03235581498039, 108.90109917262536, 101.61055162649694, 85.80311247200326, 66.96387679717377, 39.38678824617101, 0.0]]