[[0.0, 31.47098393713519, 60.19256218821922, 77.0971879246578, 93.96547772563369, 109.41950743096369, 123.85825404268262, 146.17300663663366, 154.55201327199904, 155.5572062292453, 152.07998590919857, 144.93143756288197, 142.20477702057107, 132.60101364473098, 122.61176261645008], [31.47098393713519, 0.0, 28.817029983571814, 45.94794688905561, 62.98629098114834, 79.08307612184625, 95.07255712114878, 123.02814805042382, 132.67883653160985, 136.27789359812857, 135.215682790765, 130.7855581458733, 131.3047200179978, 128.02012029123514, 126.2590347107368], [60.19256218821922, 28.817029983571814, 0.0, 17.899599982239913, 34.61197494455745, 51.5380007868671, 69.45558724877706, 103.7166356980687, 115.6537107635071, 122.48456917079312, 124.57681196769522, 123.38268823465266, 127.28617162084737, 130.39765737319334, 135.7157809313247], [77.0971879246578, 45.94794688905561, 17.899599982239913, 0.0, 17.58113812195484, 34.22471284519431, 52.858586883568435, 90.61131607590113, 102.30928214389483, 110.7946378422059, 114.6887439280573, 115.5024179411708, 121.40147133183622, 128.40110684172816, 138.02051286935574], [93.96547772563369, 62.98629098114834, 34.61197494455745, 17.58113812195484, 0.0, 17.85002394634643, 38.30838454579814, 80.40868826487969, 95.34330699202366, 106.59489580866689, 113.28977980677642, 116.43927351275214, 124.28095998942689, 134.82400618483692, 147.42695902126982], [109.41950743096369, 79.08307612184625, 51.5380007868671, 34.22471284519431, 17.85002394634643, 0.0, 21.300667053265936, 66.41157183199546, 82.83103073196646, 96.39135703680228, 105.7117737186484, 111.01142946445492, 120.55482246330514, 134.49529844652113, 150.13622462136897], [123.85825404268262, 95.07255712114878, 69.45558724877706, 52.858586883568435, 38.30838454579814, 21.300667053265936, 0.0, 46.80903153854595, 66.6481183776797, 82.96280820981282, 95.61995943938378, 102.97328198192743, 113.86772800166779, 130.912373409094, 148.90412262570922], [146.17300663663366, 123.02814805042382, 103.7166356980687, 90.61131607590113, 80.40868826487969, 66.41157183199546, 46.80903153854595, 0.0, 47.11244040071715, 65.94737575953516, 84.15972676694074, 92.8749242711813, 103.46683071565312, 122.73373720423172, 140.88470843280606], [154.55201327199904, 132.67883653160985, 115.6537107635071, 102.30928214389483, 95.34330699202366, 82.83103073196646, 66.6481183776797, 47.11244040071715, 0.0, 21.071282985206448, 41.108471747588474, 53.75995419554388, 67.55316591593208, 93.03731346480883, 119.92995682596089], [155.5572062292453, 136.27789359812857, 122.48456917079312, 110.7946378422059, 106.59489580866689, 96.39135703680228, 82.96280820981282, 65.94737575953516, 21.071282985206448, 0.0, 20.987921779848406, 34.557273557558254, 48.80981931332278, 76.01748409988225, 105.54001795636759], [152.07998590919857, 135.215682790765, 124.57681196769522, 114.6887439280573, 113.28977980677642, 105.7117737186484, 95.61995943938378, 84.15972676694074, 41.108471747588474, 20.987921779848406, 0.0, 15.56128966247643, 30.828380219974022, 59.20934962287305, 91.43015673013392], [144.93143756288197, 130.7855581458733, 123.38268823465266, 115.5024179411708, 116.43927351275214, 111.01142946445492, 102.97328198192743, 92.8749242711813, 53.75995419554388, 34.557273557558254, 15.56128966247643, 0.0, 15.523701031455674, 43.7155727985135, 76.4250434718859], [142.20477702057107, 131.3047200179978, 127.28617162084737, 121.40147133183622, 124.28095998942689, 120.55482246330514, 113.86772800166779, 103.46683071565312, 67.55316591593208, 48.80981931332278, 30.828380219974022, 15.523701031455674, 0.0, 28.71799973432445, 62.09160858250204], [132.60101364473098, 128.02012029123514, 130.39765737319334, 128.40110684172816, 134.82400618483692, 134.49529844652113, 130.912373409094, 122.73373720423172, 93.03731346480883, 76.01748409988225, 59.20934962287305, 43.7155727985135, 28.71799973432445, 0.0, 34.74496945789882], [122.61176261645008, 126.2590347107368, 135.7157809313247, 138.02051286935574, 147.42695902126982, 150.13622462136897, 148.90412262570922, 140.88470843280606, 119.92995682596089, 105.54001795636759, 91.43015673013392, 76.4250434718859, 62.09160858250204, 34.74496945789882, 0.0]]