[[0.0, 10.503839664138493, 17.873035973011667, 24.171172195922008, 29.270105835524, 23.388503078776676, 16.03807581388419, 8.204719051586716], [10.503839664138493, 0.0, 8.435059747027402, 15.900020589452328, 22.68769182197036, 18.001119443746962, 12.702314222034266, 9.617166040176128], [17.873035973011667, 8.435059747027402, 0.0, 7.941943578366317, 15.729817360980416, 12.243008424490647, 10.60046585298646, 13.55353688590993], [24.171172195922008, 15.900020589452328, 7.941943578366317, 0.0, 8.295751071933934, 7.399342219171986, 11.249946073760798, 17.858757990108636], [29.270105835524, 22.68769182197036, 15.729817360980416, 8.295751071933934, 0.0, 6.615817789915167, 13.853461120679155, 21.671109367642856], [23.388503078776676, 18.001119443746962, 12.243008424490647, 7.399342219171986, 6.615817789915167, 0.0, 7.540833030682815, 15.779912155861197], [16.03807581388419, 12.702314222034266, 10.60046585298646, 11.249946073760798, 13.853461120679155, 7.540833030682815, 0.0, 8.38889568577611], [8.204719051586716, 9.617166040176128, 13.55353688590993, 17.858757990108636, 21.671109367642856, 15.779912155861197, 8.38889568577611, 0.0]]