[[0.0, 8.836533885952457, 15.974212148941152, 22.660880417866053, 32.06591117408213, 22.45145748547274, 15.314381246154479, 8.31259948450694], [8.836533885952457, 0.0, 7.64414583687864, 16.141947590928087, 27.778177355700983, 18.468346376023273, 13.406991773754545, 9.505472989601888], [15.974212148941152, 7.64414583687864, 0.0, 9.659886468627569, 22.554568198244496, 14.30638770393718, 12.601203942519899, 13.013667774960066], [22.660880417866053, 16.141947590928087, 9.659886468627569, 0.0, 13.243823664514188, 7.304905467690666, 11.484394698306264, 16.363052751766283], [32.06591117408213, 27.778177355700983, 22.554568198244496, 13.243823664514188, 0.0, 10.400428547574133, 17.746323517318086, 24.059053366849326], [22.45145748547274, 18.468346376023273, 14.30638770393718, 7.304905467690666, 10.400428547574133, 0.0, 7.747066945444965, 14.734665127315347], [15.314381246154479, 13.406991773754545, 12.601203942519899, 11.484394698306264, 17.746323517318086, 7.747066945444965, 0.0, 7.708275329716823], [8.31259948450694, 9.505472989601888, 13.013667774960066, 16.363052751766283, 24.059053366849326, 14.734665127315347, 7.708275329716823, 0.0]]