[[0.0, 9.259499733462173, 18.86776032418676, 29.216974323172852, 41.116161006958464, 38.05630693573717, 28.126152546302862, 18.54511262602603, 11.327568174784822, 7.461276249715256], [9.259499733462173, 0.0, 9.620078369472777, 20.048095631460956, 32.297088013860964, 29.2635206228908, 19.255894279289674, 10.321816354250448, 6.976764365678406, 9.774340622200613], [18.86776032418676, 9.620078369472777, 0.0, 10.527575124612975, 23.22494959458607, 20.333067050803848, 10.638697561655324, 6.334280282738521, 11.960157021049936, 17.677199786522895], [29.216974323172852, 20.048095631460956, 10.527575124612975, 0.0, 13.091937651008804, 10.61517896384169, 5.453624965890945, 12.792020573935453, 20.730017719766764, 26.95729948491727], [41.116161006958464, 32.297088013860964, 23.22494959458607, 13.091937651008804, 0.0, 4.770548742755801, 14.74427110993456, 24.0301075715829, 31.54813665970004, 37.65901988405472], [38.05630693573717, 29.2635206228908, 20.333067050803848, 10.61517896384169, 4.770548742755801, 0.0, 10.774547213110077, 20.281135404103267, 28.06419223931598, 34.3402149301608], [28.126152546302862, 19.255894279289674, 10.638697561655324, 5.453624965890945, 14.74427110993456, 10.774547213110077, 0.0, 9.949645366081393, 18.411083818780277, 24.91273354937523], [18.54511262602603, 10.321816354250448, 6.334280282738521, 12.792020573935453, 24.0301075715829, 20.281135404103267, 9.949645366081393, 0.0, 8.743996240998738, 15.260448857661336], [11.327568174784822, 6.976764365678406, 11.960157021049936, 20.730017719766764, 31.54813665970004, 28.06419223931598, 18.411083818780277, 8.743996240998738, 0.0, 6.541155290471327], [7.461276249715256, 9.774340622200613, 17.677199786522895, 26.95729948491727, 37.65901988405472, 34.3402149301608, 24.91273354937523, 15.260448857661336, 6.541155290471327, 0.0]]