[[0.0, 8.542443158086858, 15.275947431269227, 23.390516879173703, 31.043335892312232, 23.214578362483305, 14.661045976255886, 7.332228889305692], [8.542443158086858, 0.0, 7.333478986831964, 16.134047418474356, 25.041704376751632, 16.72367695208769, 8.518127567684225, 4.425143710580932], [15.275947431269227, 7.333478986831964, 0.0, 9.010189863067097, 18.670362052394214, 10.013245799837884, 4.274676949604028, 8.512483460713211], [23.390516879173703, 16.134047418474356, 9.010189863067097, 0.0, 10.344172884487811, 3.1931822530181355, 9.295746810854364, 16.1869769590729], [31.043335892312232, 25.041704376751632, 18.670362052394214, 10.344172884487811, 0.0, 9.575648066208414, 17.800073400541976, 24.12758465476049], [23.214578362483305, 16.72367695208769, 10.013245799837884, 3.1931822530181355, 9.575648066208414, 0.0, 8.844439508981623, 15.9268128241188], [14.661045976255886, 8.518127567684225, 4.274676949604028, 9.295746810854364, 17.800073400541976, 8.844439508981623, 0.0, 7.335786009760097], [7.332228889305692, 4.425143710580932, 8.512483460713211, 16.1869769590729, 24.12758465476049, 15.9268128241188, 7.335786009760097, 0.0]]