[[0.0, 9.467763062235186, 19.320988843948616, 29.41984503925758, 41.6284877450057, 38.56163673561187, 27.96722085376098, 17.99731062441861, 11.221550605550553, 7.9927433634963565], [9.467763062235186, 0.0, 9.950637595780782, 20.265986512494624, 33.06130128366113, 30.251600484824433, 19.34950747582455, 9.977110180400432, 7.98016456132159, 10.802058989394846], [19.320988843948616, 9.950637595780782, 0.0, 10.45390098008691, 23.726725217445942, 21.359622194424695, 10.771836607876489, 6.522089630452802, 12.825397279015533, 18.249535612206355], [29.41984503925758, 20.265986512494624, 10.45390098008691, 0.0, 13.702603497205157, 11.947201955755414, 5.690762095379668, 13.069855035579623, 20.96714269939939, 26.865929541145864], [41.6284877450057, 33.06130128366113, 23.726725217445942, 13.702603497205157, 0.0, 5.623178293620164, 15.614269343145613, 25.13698427510112, 31.98843292686052, 37.54286358037443], [38.56163673561187, 30.251600484824433, 21.359622194424695, 11.947201955755414, 5.623178293620164, 0.0, 11.792875032056433, 21.453533218775412, 28.335577080569703, 34.08615634030502], [27.96722085376098, 19.34950747582455, 10.771836607876489, 5.690762095379668, 15.614269343145613, 11.792875032056433, 0.0, 10.197009536053208, 18.359809870814978, 24.603341293846576], [17.99731062441861, 9.977110180400432, 6.522089630452802, 13.069855035579623, 25.13698427510112, 21.453533218775412, 10.197009536053208, 0.0, 8.968242604467557, 15.288200800027973], [11.221550605550553, 7.98016456132159, 12.825397279015533, 20.96714269939939, 31.98843292686052, 28.335577080569703, 18.359809870814978, 8.968242604467557, 0.0, 6.395074437065682], [7.9927433634963565, 10.802058989394846, 18.249535612206355, 26.865929541145864, 37.54286358037443, 34.08615634030502, 24.603341293846576, 15.288200800027973, 6.395074437065682, 0.0]]