[[0.0, 10.139304085345158, 17.731522578971298, 24.91747786036739, 32.77940380462855, 24.559735455817965, 15.944186651697006, 8.690114297030448], [10.139304085345158, 0.0, 7.761846120659052, 16.32282789247605, 26.283796546074463, 18.209010364769114, 10.562348002902386, 7.646884984795182], [17.731522578971298, 7.761846120659052, 0.0, 10.210739163162776, 21.795900724993267, 14.263779342492825, 9.93177508718789, 12.445408971120232], [24.91747786036739, 16.32282789247605, 10.210739163162776, 0.0, 12.049790535851068, 7.522393494706654, 11.544778413925235, 17.62369127859263], [32.77940380462855, 26.283796546074463, 21.795900724993267, 12.049790535851068, 0.0, 10.902746295319403, 19.28045516582749, 25.26292681258563], [24.559735455817965, 18.209010364769114, 14.263779342492825, 7.522393494706654, 10.902746295319403, 0.0, 9.195809184225443, 16.163641012637004], [15.944186651697006, 10.562348002902386, 9.93177508718789, 11.544778413925235, 19.28045516582749, 9.195809184225443, 0.0, 7.378498269344379], [8.690114297030448, 7.646884984795182, 12.445408971120232, 17.62369127859263, 25.26292681258563, 16.163641012637004, 7.378498269344379, 0.0]]