[[0.0, 10.181417555762701, 17.765799261561774, 24.915927015948593, 32.748079583324916, 24.560084474991243, 15.941377907004682, 8.689161101808274], [10.181417555762701, 0.0, 7.7568960864849785, 16.376554119704977, 26.3494104313356, 18.27308237444107, 10.608858869885582, 7.730375845042528], [17.765799261561774, 7.7568960864849785, 0.0, 10.315784708861957, 21.872282450894634, 14.358762042491026, 10.014982208128284, 12.524175202420837], [24.915927015948593, 16.376554119704977, 10.315784708861957, 0.0, 11.98551860948649, 7.52373061461739, 11.524312113395403, 17.6096605342096], [32.748079583324916, 26.3494104313356, 21.872282450894634, 11.98551860948649, 0.0, 10.830165331248091, 19.173095414753952, 25.174781736922533], [24.560084474991243, 18.27308237444107, 14.358762042491026, 7.52373061461739, 10.830165331248091, 0.0, 9.164942051543312, 16.144002876162524], [15.941377907004682, 10.608858869885582, 10.014982208128284, 11.524312113395403, 19.173095414753952, 9.164942051543312, 0.0, 7.379468362043095], [8.689161101808274, 7.730375845042528, 12.524175202420837, 17.6096605342096, 25.174781736922533, 16.144002876162524, 7.379468362043095, 0.0]]