[[0.0, 9.988930166507222, 18.105636251335493, 29.177473516549867, 38.26132877496759, 36.50525109277345, 27.58727060522381, 18.504691077216798, 12.60938419515592, 7.890508902811905], [9.988930166507222, 0.0, 8.13686737623491, 19.31883171202785, 28.788101370880522, 27.18055093970354, 18.078891637755063, 9.771450129955177, 7.742490419242763, 10.693058130977404], [18.105636251335493, 8.13686737623491, 0.0, 11.333964018527011, 21.27008769391055, 19.989198182949387, 11.037945003376032, 6.626083680740004, 11.249153197398194, 17.39342896679749], [29.177473516549867, 19.31883171202785, 11.333964018527011, 0.0, 10.439992095904001, 10.00501912146269, 5.399081894543645, 12.687162007461003, 19.801183058997182, 27.037256503554847], [38.26132877496759, 28.788101370880522, 21.27008769391055, 10.439992095904001, 0.0, 3.630739580610814, 11.633706801484086, 20.646169726834078, 27.384404427779167, 34.75093632806047], [36.50525109277345, 27.18055093970354, 19.989198182949387, 10.00501912146269, 3.630739580610814, 0.0, 9.459383838015725, 18.402032304905948, 25.13613615841467, 32.59051677508943], [27.58727060522381, 18.078891637755063, 11.037945003376032, 5.399081894543645, 11.633706801484086, 9.459383838015725, 0.0, 9.441747435513244, 16.801906627872622, 24.361782832392414], [18.504691077216798, 9.771450129955177, 6.626083680740004, 12.687162007461003, 20.646169726834078, 18.402032304905948, 9.441747435513244, 0.0, 7.619871677681393, 15.11471464820375], [12.60938419515592, 7.742490419242763, 11.249153197398194, 19.801183058997182, 27.384404427779167, 25.13613615841467, 16.801906627872622, 7.619871677681393, 0.0, 7.595215947335661], [7.890508902811905, 10.693058130977404, 17.39342896679749, 27.037256503554847, 34.75093632806047, 32.59051677508943, 24.361782832392414, 15.11471464820375, 7.595215947335661, 0.0]]