[[0.0, 9.036803274490264, 17.02914437794668, 23.95774528506829, 32.45921323948589, 23.334866467464067, 15.0050432199074, 8.474518061127783], [9.036803274490264, 0.0, 8.207348140836906, 15.82970056047473, 26.019064290168895, 17.29856058792271, 11.187670408029591, 6.467595439537866], [17.02914437794668, 8.207348140836906, 0.0, 9.298487683852088, 21.748954049326997, 13.742607880008727, 11.710793625601212, 11.696563628688555], [23.95774528506829, 15.82970056047473, 9.298487683852088, 0.0, 13.194489869487946, 7.638654524896055, 12.813269083253854, 16.455760469514892], [32.45921323948589, 26.019064290168895, 21.748954049326997, 13.194489869487946, 0.0, 10.874878296081988, 19.946279229701993, 24.498083573111696], [23.334866467464067, 17.29856058792271, 13.742607880008727, 7.638654524896055, 10.874878296081988, 0.0, 9.423098517061677, 14.92394565808124], [15.0050432199074, 11.187670408029591, 11.710793625601212, 12.813269083253854, 19.946279229701993, 9.423098517061677, 0.0, 6.718515717048668], [8.474518061127783, 6.467595439537866, 11.696563628688555, 16.455760469514892, 24.498083573111696, 14.92394565808124, 6.718515717048668, 0.0]]