[[0.0, 10.660462887835825, 18.744877778554493, 29.39433853871187, 40.617969762369256, 37.651088779615435, 27.945302741454775, 17.069073790072945, 11.166934092336044, 7.051303153883118], [10.660462887835825, 0.0, 8.328493103853846, 19.306640902962357, 31.242151721912318, 28.477366675210494, 18.552377180280512, 9.03590425511969, 9.040931742988, 12.688075118413943], [18.744877778554493, 8.328493103853846, 0.0, 11.08669878488281, 23.33110706453626, 20.67201032370277, 10.88691864224354, 6.393951177788348, 12.631020050634115, 18.96437056261436], [29.39433853871187, 19.306640902962357, 11.08669878488281, 0.0, 12.58906178412744, 10.6395553133592, 5.53370051136832, 13.964915727535232, 21.29470369086987, 28.308407424497194], [40.617969762369256, 31.242151721912318, 23.33110706453626, 12.58906178412744, 0.0, 4.680822639679909, 14.12448571673659, 24.611944204116394, 31.21934303100218, 38.20191854486674], [37.651088779615435, 28.477366675210494, 20.67201032370277, 10.6395553133592, 4.680822639679909, 0.0, 10.478882568549187, 21.120150619568474, 27.820934634952877, 35.00704131038928], [27.945302741454775, 18.552377180280512, 10.88691864224354, 5.53370051136832, 14.12448571673659, 10.478882568549187, 0.0, 11.129777679931024, 18.611892277276397, 26.03376704430778], [17.069073790072945, 9.03590425511969, 6.393951177788348, 13.964915727535232, 24.611944204116394, 21.120150619568474, 11.129777679931024, 0.0, 7.979539830341975, 15.343863671246337], [11.166934092336044, 9.040931742988, 12.631020050634115, 21.29470369086987, 31.21934303100218, 27.820934634952877, 18.611892277276397, 7.979539830341975, 0.0, 7.52823953414947], [7.051303153883118, 12.688075118413943, 18.96437056261436, 28.308407424497194, 38.20191854486674, 35.00704131038928, 26.03376704430778, 15.343863671246337, 7.52823953414947, 0.0]]