[[0.0, 10.625161856348779, 18.70312028966474, 29.17176270520625, 39.9112146156482, 37.08585394455916, 27.700970546526882, 16.984283587421665, 11.229196661255644, 7.00518599372472], [10.625161856348779, 0.0, 8.334412036319893, 19.11265513314728, 30.52445165140768, 27.91775609870039, 18.337360800776892, 8.998729398091598, 9.126494073862428, 12.693094869767659], [18.70312028966474, 8.334412036319893, 0.0, 10.861434357338313, 22.542427073974874, 20.06548514906244, 10.668874078486589, 6.393449916252883, 12.619611887069505, 18.9568403347704], [29.17176270520625, 19.11265513314728, 10.861434357338313, 0.0, 12.01549536328145, 10.29073894131466, 5.557100014684819, 13.83369687155545, 21.085506264435985, 28.173555630931414], [39.9112146156482, 30.52445165140768, 22.542427073974874, 12.01549536328145, 0.0, 4.561564145671309, 13.596055613885381, 23.92971097459644, 30.4822088183967, 37.62841386771445], [37.08585394455916, 27.91775609870039, 20.06548514906244, 10.29073894131466, 4.561564145671309, 0.0, 10.10209232647782, 20.58814656084275, 27.234665202738682, 34.5646179829803], [27.700970546526882, 18.337360800776892, 10.668874078486589, 5.557100014684819, 13.596055613885381, 10.10209232647782, 0.0, 10.962377461906565, 18.39722425060066, 25.88748008089766], [16.984283587421665, 8.998729398091598, 6.393449916252883, 13.83369687155545, 23.92971097459644, 20.58814656084275, 10.962377461906565, 0.0, 7.957027201451684, 15.321296479314142], [11.229196661255644, 9.126494073862428, 12.619611887069505, 21.085506264435985, 30.4822088183967, 27.234665202738682, 18.39722425060066, 7.957027201451684, 0.0, 7.56772206851771], [7.00518599372472, 12.693094869767659, 18.9568403347704, 28.173555630931414, 37.62841386771445, 34.5646179829803, 25.88748008089766, 15.321296479314142, 7.56772206851771, 0.0]]