[[0.0, 9.035392812108944, 17.00401292942292, 24.225134915883007, 32.29292644245634, 23.339845944213984, 14.814411436036462, 8.503028436749343], [9.035392812108944, 0.0, 8.192971818955929, 15.881641123011947, 25.75622645213856, 17.28007312016295, 10.410375717518077, 6.487286540291096], [17.00401292942292, 8.192971818955929, 0.0, 8.874867661047238, 21.347898476048687, 13.685506134725964, 10.73375752170553, 11.71841460363534], [24.225134915883007, 15.881641123011947, 8.874867661047238, 0.0, 13.668050245182226, 8.800576776990585, 12.698544000507543, 16.93505647139596], [32.29292644245634, 25.75622645213856, 21.347898476048687, 13.668050245182226, 0.0, 10.505789907331382, 19.14564331067306, 24.1782490825153], [23.339845944213984, 17.28007312016295, 13.685506134725964, 8.800576776990585, 10.505789907331382, 0.0, 9.038117972799983, 14.882553383594027], [14.814411436036462, 10.410375717518077, 10.73375752170553, 12.698544000507543, 19.14564331067306, 9.038117972799983, 0.0, 6.422219920137895], [8.503028436749343, 6.487286540291096, 11.71841460363534, 16.93505647139596, 24.1782490825153, 14.882553383594027, 6.422219920137895, 0.0]]