[[0.0, 9.77109321280219, 19.035540942610194, 29.644473933474174, 41.100016184959074, 37.27942772405264, 27.555834641664426, 16.812187523876513, 10.079821331775134, 5.244024377163023], [9.77109321280219, 0.0, 9.581420025504674, 20.43537771664847, 32.54093526780087, 29.02470449133093, 19.01133889660226, 9.53288074353928, 7.551192845606978, 11.101779442966116], [19.035540942610194, 9.581420025504674, 0.0, 10.936573530038508, 23.372823571413413, 20.019727432974552, 10.152947684529456, 6.5478641412677465, 12.178817278423548, 18.835663748333186], [29.644473933474174, 20.43537771664847, 10.936573530038508, 0.0, 12.819679543920481, 10.558116649446767, 6.090996831648739, 14.597865185257017, 21.583652181538945, 28.67482538007222], [41.100016184959074, 32.54093526780087, 23.372823571413413, 12.819679543920481, 0.0, 6.419897590074165, 15.531315787374556, 25.64453970368387, 32.26061284181623, 39.234518152137326], [37.27942772405264, 29.02470449133093, 20.019727432974552, 10.558116649446767, 6.419897590074165, 0.0, 10.724156136607387, 21.044968147117586, 27.893537502135324, 35.13105814392297], [27.555834641664426, 19.01133889660226, 10.152947684529456, 6.090996831648739, 15.531315787374556, 10.724156136607387, 0.0, 11.012812730719252, 18.50976474663306, 26.008439830124473], [16.812187523876513, 9.53288074353928, 6.5478641412677465, 14.597865185257017, 25.64453970368387, 21.044968147117586, 11.012812730719252, 0.0, 7.723042744665343, 15.250971704434871], [10.079821331775134, 7.551192845606978, 12.178817278423548, 21.583652181538945, 32.26061284181623, 27.893537502135324, 18.50976474663306, 7.723042744665343, 0.0, 7.568387850540499], [5.244024377163023, 11.101779442966116, 18.835663748333186, 28.67482538007222, 39.234518152137326, 35.13105814392297, 26.008439830124473, 15.250971704434871, 7.568387850540499, 0.0]]