[[0.0, 9.36491487090118, 18.72937161209441, 29.694084468229107, 41.83967650759734, 38.307031159039745, 28.20131632328053, 18.79056227390032, 11.898458931311273, 6.809764284818161], [9.36491487090118, 0.0, 9.39717953236512, 20.421784510166855, 32.90216678350647, 29.44151360966005, 19.20593809407124, 10.777709725431741, 7.934057241861884, 9.663611372905113], [18.72937161209441, 9.39717953236512, 0.0, 11.171608623875484, 23.996941332283015, 20.536295272227417, 10.265051198424144, 6.3341315871868344, 11.94908709127559, 17.370732498104072], [29.694084468229107, 20.421784510166855, 11.171608623875484, 0.0, 13.267182255990226, 10.764641829822532, 5.690899073672806, 13.785795156776741, 21.503925613668823, 27.701625656427638], [41.83967650759734, 32.90216678350647, 23.996941332283015, 13.267182255990226, 0.0, 6.000057650108455, 15.571490267025633, 25.00039360642554, 32.395605668345546, 38.88128311871628], [38.307031159039745, 29.44151360966005, 20.536295272227417, 10.764641829822532, 6.000057650108455, 0.0, 10.96282614007734, 20.440168825423484, 28.18086933913223, 34.914359779331846], [28.20131632328053, 19.20593809407124, 10.265051198424144, 5.690899073672806, 15.571490267025633, 10.96282614007734, 0.0, 10.197168395707358, 18.653484749321127, 25.315407032981906], [18.79056227390032, 10.777709725431741, 6.3341315871868344, 13.785795156776741, 25.00039360642554, 20.440168825423484, 10.197168395707358, 0.0, 8.739784653154159, 15.373197380556164], [11.898458931311273, 7.934057241861884, 11.94908709127559, 21.503925613668823, 32.395605668345546, 28.18086933913223, 18.653484749321127, 8.739784653154159, 0.0, 6.886787880842706], [6.809764284818161, 9.663611372905113, 17.370732498104072, 27.701625656427638, 38.88128311871628, 34.914359779331846, 25.315407032981906, 15.373197380556164, 6.886787880842706, 0.0]]