[[0.0, 10.709149383514548, 17.933561529052202, 24.486772158139708, 29.78373315553133, 23.629493213339515, 16.32076871557333, 8.53943100550511], [10.709149383514548, 0.0, 8.454485132732865, 15.878843095445147, 22.152971517310405, 17.393950157528796, 11.922031190733104, 7.405104665194409], [17.933561529052202, 8.454485132732865, 0.0, 7.863645953674351, 14.862449934649705, 11.2166007524307, 9.528201978402642, 11.9132071350063], [24.486772158139708, 15.878843095445147, 7.863645953674351, 0.0, 7.310900742806593, 6.459439547478247, 10.708078774359992, 17.10248748346316], [29.78373315553133, 22.152971517310405, 14.862449934649705, 7.310900742806593, 0.0, 6.9350971057306765, 14.012944028698072, 21.682452163770733], [23.629493213339515, 17.393950157528796, 11.2166007524307, 6.459439547478247, 6.9350971057306765, 0.0, 7.517181498311783, 15.755386868553371], [16.32076871557333, 11.922031190733104, 9.528201978402642, 10.708078774359992, 14.012944028698072, 7.517181498311783, 0.0, 8.455260533627632], [8.53943100550511, 7.405104665194409, 11.9132071350063, 17.10248748346316, 21.682452163770733, 15.755386868553371, 8.455260533627632, 0.0]]