[[0.0, 7.658902802536273, 15.71049241138326, 25.31993330654443, 36.740148192567986, 34.68882392093247, 24.859640852118805, 15.343854678814191, 9.903612793693979, 4.956552245007512], [7.658902802536273, 0.0, 8.21056568530823, 17.922681540730895, 29.708000036361163, 27.850843356725864, 17.912047199917495, 9.576568650363974, 7.2326031094457965, 8.779113914341751], [15.71049241138326, 8.21056568530823, 0.0, 9.71889027651743, 21.66469707668136, 20.041618621497168, 10.365777522238698, 6.45571886632705, 10.227398389213356, 15.493972934479327], [25.31993330654443, 17.922681540730895, 9.71889027651743, 0.0, 12.238477517164743, 11.324563704486856, 5.217947327949564, 12.359784266069289, 18.301171403849015, 24.520079127468268], [36.740148192567986, 29.708000036361163, 21.66469707668136, 12.238477517164743, 0.0, 4.754745423650143, 13.11906451430295, 22.546132459558308, 28.611127945276078, 35.21249754740737], [34.68882392093247, 27.850843356725864, 20.041618621497168, 11.324563704486856, 4.754745423650143, 0.0, 10.276302552065554, 19.78587963931533, 25.96119566020313, 32.72233110550096], [24.859640852118805, 17.912047199917495, 10.365777522238698, 5.217947327949564, 13.11906451430295, 10.276302552065554, 0.0, 10.086905975593604, 16.496992824836923, 23.165690371366033], [15.343854678814191, 9.576568650363974, 6.45571886632705, 12.359784266069289, 22.546132459558308, 19.78587963931533, 10.086905975593604, 0.0, 6.435079011845853, 13.126331777008268], [9.903612793693979, 7.2326031094457965, 10.227398389213356, 18.301171403849015, 28.611127945276078, 25.96119566020313, 16.496992824836923, 6.435079011845853, 0.0, 6.805071597184707], [4.956552245007512, 8.779113914341751, 15.493972934479327, 24.520079127468268, 35.21249754740737, 32.72233110550096, 23.165690371366033, 13.126331777008268, 6.805071597184707, 0.0]]