[[0.0, 11.377880780287601, 19.990634480093167, 31.805440526441053, 42.34978366122592, 38.87274830764711, 28.874471081907647, 18.47146307727845, 9.858500372056639, 5.009058592454675], [11.377880780287601, 0.0, 8.793163876692843, 20.747785039421174, 31.82850884523298, 28.59237611516009, 18.558427163326776, 9.484799705574442, 7.461398543397143, 11.55267297817479], [19.990634480093167, 8.793163876692843, 0.0, 12.062385767504583, 23.300016394484413, 20.197187766774395, 10.465072611605, 6.577501240086312, 13.05163582610904, 19.113529121259784], [31.805440526441053, 20.747785039421174, 12.062385767504583, 0.0, 11.856956135286874, 10.178759595915508, 7.406683210216702, 15.680561652699241, 24.166733330556994, 30.505275334781604], [42.34978366122592, 31.82850884523298, 23.300016394484413, 11.856956135286874, 0.0, 5.185131609358532, 14.846635425776745, 25.17903019486531, 33.87108824095029, 40.298540683415794], [38.87274830764711, 28.59237611516009, 20.197187766774395, 10.178759595915508, 5.185131609358532, 0.0, 10.626345811329877, 21.080059210252184, 29.947441110889397, 36.51451110049511], [28.874471081907647, 18.558427163326776, 10.465072611605, 7.406683210216702, 14.846635425776745, 10.626345811329877, 0.0, 10.756278487397859, 19.974133053195683, 26.700241474676236], [18.47146307727845, 9.484799705574442, 6.577501240086312, 15.680561652699241, 25.17903019486531, 21.080059210252184, 10.756278487397859, 0.0, 9.349465491300245, 16.13118657012661], [9.858500372056639, 7.461398543397143, 13.05163582610904, 24.166733330556994, 33.87108824095029, 29.947441110889397, 19.974133053195683, 9.349465491300245, 0.0, 6.793761185673583], [5.009058592454675, 11.55267297817479, 19.113529121259784, 30.505275334781604, 40.298540683415794, 36.51451110049511, 26.700241474676236, 16.13118657012661, 6.793761185673583, 0.0]]