[[0.0, 9.531664971880467, 18.860765966207687, 29.194773744490263, 40.96953115783333, 37.83037875625769, 27.92778200420343, 18.394611090085952, 11.012566733908312, 7.233090241045593], [9.531664971880467, 0.0, 9.463630034282877, 19.91384187401238, 32.1209335206424, 29.22220122428709, 19.21871016590421, 10.674367320088528, 7.76122912285554, 10.547985295268287], [18.860765966207687, 9.463630034282877, 0.0, 10.509727353042418, 23.058150326250846, 20.288337879667452, 10.446060617919702, 6.33586820398365, 12.027542382187729, 17.727888627740107], [29.194773744490263, 19.91384187401238, 10.509727353042418, 0.0, 12.929522158782435, 10.867601977591978, 5.554487559013252, 12.943041088597495, 20.92120553819579, 27.05607917583272], [40.96953115783333, 32.1209335206424, 23.058150326250846, 12.929522158782435, 0.0, 5.623524692228974, 14.898974304286353, 24.108255219535753, 31.733193989005834, 37.710667476476736], [37.83037875625769, 29.22220122428709, 20.288337879667452, 10.867601977591978, 5.623524692228974, 0.0, 10.770608355368797, 20.128636770624436, 27.982275460766395, 34.141798453627395], [27.92778200420343, 19.21871016590421, 10.446060617919702, 5.554487559013252, 14.898974304286353, 10.770608355368797, 0.0, 9.909100163633122, 18.44961611400641, 24.876951740661678], [18.394611090085952, 10.674367320088528, 6.33586820398365, 12.943041088597495, 24.108255219535753, 20.128636770624436, 9.909100163633122, 0.0, 8.775235612094816, 15.252059469805447], [11.012566733908312, 7.76122912285554, 12.027542382187729, 20.92120553819579, 31.733193989005834, 27.982275460766395, 18.44961611400641, 8.775235612094816, 0.0, 6.48980018183341], [7.233090241045593, 10.547985295268287, 17.727888627740107, 27.05607917583272, 37.710667476476736, 34.141798453627395, 24.876951740661678, 15.252059469805447, 6.48980018183341, 0.0]]