[[0.0, 9.706509423793088, 19.49123564340994, 29.962400584857452, 41.85607616580364, 38.36926690794707, 28.019353366869122, 18.17508578820948, 10.246610217550051, 6.25475148632022], [9.706509423793088, 0.0, 9.82789811453914, 20.419178886727206, 32.781831970905884, 29.524425599508383, 19.105792763600046, 9.91387734968645, 6.428365455858044, 9.670884736588944], [19.49123564340994, 9.82789811453914, 0.0, 10.672982716468722, 23.512316321425438, 20.597297294457782, 10.66301727539002, 6.494805673082759, 12.390506633999632, 17.99677112770135], [29.962400584857452, 20.419178886727206, 10.672982716468722, 0.0, 13.317334184140195, 11.320952352071883, 6.8681604207617335, 13.726448730588839, 21.732044865139336, 27.62244971154878], [41.85607616580364, 32.781831970905884, 23.512316321425438, 13.317334184140195, 0.0, 5.94629764347102, 15.926161735672125, 25.135765469607104, 32.83051338943346, 38.462609127222734], [38.36926690794707, 29.524425599508383, 20.597297294457782, 11.320952352071883, 5.94629764347102, 0.0, 11.377080501795263, 20.918115237551348, 28.81451022025293, 34.656721881214686], [28.019353366869122, 19.105792763600046, 10.66301727539002, 6.8681604207617335, 15.926161735672125, 11.377080501795263, 0.0, 10.006957506705518, 18.602998626764794, 24.86214024567517], [18.17508578820948, 9.91387734968645, 6.494805673082759, 13.726448730588839, 25.135765469607104, 20.918115237551348, 10.006957506705518, 0.0, 8.868157866809826, 15.260329578439945], [10.246610217550051, 6.428365455858044, 12.390506633999632, 21.732044865139336, 32.83051338943346, 28.81451022025293, 18.602998626764794, 8.868157866809826, 0.0, 6.417439860782182], [6.25475148632022, 9.670884736588944, 17.99677112770135, 27.62244971154878, 38.462609127222734, 34.656721881214686, 24.86214024567517, 15.260329578439945, 6.417439860782182, 0.0]]