[[0.0, 9.50630429581996, 19.20954220545438, 29.61465127626184, 40.93769990807427, 37.986603656501494, 27.991636206493883, 18.22604994150016, 10.48566394421231, 6.2391561839840985], [9.50630429581996, 0.0, 9.766851821536765, 20.324138835876365, 32.13190543186942, 29.433018318987024, 19.318153797515798, 10.147793434288905, 6.684523611433579, 9.69421377366241], [19.20954220545438, 9.766851821536765, 0.0, 10.64478494972378, 22.89352140839621, 20.58107015088073, 10.88979692408458, 6.364650439709394, 12.119078517488571, 17.845520061512637], [29.61465127626184, 20.324138835876365, 10.64478494972378, 0.0, 12.673373184513189, 11.331626731472756, 6.653491437521355, 13.267060738104536, 21.221979915616984, 27.35655767833778], [40.93769990807427, 32.13190543186942, 22.89352140839621, 12.673373184513189, 0.0, 5.426100163954401, 14.739858115329804, 23.947077478213426, 31.618540080387845, 37.63700247989319], [37.986603656501494, 29.433018318987024, 20.58107015088073, 11.331626731472756, 5.426100163954401, 0.0, 10.878817495780225, 20.362507668079854, 28.1661719508354, 34.323899642866245], [27.991636206493883, 19.318153797515798, 10.88979692408458, 6.653491437521355, 14.739858115329804, 10.878817495780225, 0.0, 9.9076228761057, 18.401417938499876, 24.847174393019582], [18.22604994150016, 10.147793434288905, 6.364650439709394, 13.267060738104536, 23.947077478213426, 20.362507668079854, 9.9076228761057, 0.0, 8.796613499129993, 15.289266348283721], [10.48566394421231, 6.684523611433579, 12.119078517488571, 21.221979915616984, 31.618540080387845, 28.1661719508354, 18.401417938499876, 8.796613499129993, 0.0, 6.50549434655392], [6.2391561839840985, 9.69421377366241, 17.845520061512637, 27.35655767833778, 37.63700247989319, 34.323899642866245, 24.847174393019582, 15.289266348283721, 6.50549434655392, 0.0]]