[[0.0, 9.068775720531793, 16.55914621256238, 23.675836882630225, 30.458051738442116, 23.337346901250044, 15.072977125695441, 7.9491649524018575], [9.068775720531793, 0.0, 7.753841843957874, 15.827890467530944, 24.057933481705152, 17.7536437732181, 11.40030876736104, 7.988453652303992], [16.55914621256238, 7.753841843957874, 0.0, 9.260987623845793, 18.903288005350866, 13.651017476789411, 11.161273213298786, 12.80237390395629], [23.675836882630225, 15.827890467530944, 9.260987623845793, 0.0, 10.136472054555618, 7.603760973200367, 11.91439561586386, 17.42228045895875], [30.458051738442116, 24.057933481705152, 18.903288005350866, 10.136472054555618, 0.0, 8.643345922888079, 16.610986359315902, 23.006676066572044], [23.337346901250044, 17.7536437732181, 13.651017476789411, 7.603760973200367, 8.643345922888079, 0.0, 8.583154307510087, 15.75500187052356], [15.072977125695441, 11.40030876736104, 11.161273213298786, 11.91439561586386, 16.610986359315902, 8.583154307510087, 0.0, 7.4634598804476715], [7.9491649524018575, 7.988453652303992, 12.80237390395629, 17.42228045895875, 23.006676066572044, 15.75500187052356, 7.4634598804476715, 0.0]]