[[0.0, 9.040240205079675, 17.040649700983177, 24.22213073626699, 32.56412455822674, 23.18792484986617, 14.82252729684709, 7.403604277823603], [9.040240205079675, 0.0, 8.163162750690752, 15.921691430465701, 26.313262797268163, 17.160830484146448, 10.40485518965997, 6.3504370520167335], [17.040649700983177, 8.163162750690752, 0.0, 9.051707130936348, 22.065509230094502, 13.430753059099963, 10.630977552060722, 12.193596789049327], [24.22213073626699, 15.921691430465701, 9.051707130936348, 0.0, 14.146695725759637, 8.539061548584542, 12.806352721790969, 17.86802810826942], [32.56412455822674, 26.313262797268163, 22.065509230094502, 14.146695725759637, 0.0, 11.874839124059108, 20.168258677912203, 25.842966902794924], [23.18792484986617, 17.160830484146448, 13.430753059099963, 8.539061548584542, 11.874839124059108, 0.0, 8.994835322701134, 15.875587863251715], [14.82252729684709, 10.40485518965997, 10.630977552060722, 12.806352721790969, 20.168258677912203, 8.994835322701134, 0.0, 7.448812447148947], [7.403604277823603, 6.3504370520167335, 12.193596789049327, 17.86802810826942, 25.842966902794924, 15.875587863251715, 7.448812447148947, 0.0]]