[[0.0, 9.582848761701447, 19.052860268548553, 30.508613625769527, 40.660246247784094, 37.69072097251484, 28.645514206581616, 18.74077017547131, 11.482055189227275, 6.555893312307178], [9.582848761701447, 0.0, 9.498416182209908, 21.010371217966263, 31.497564881695443, 28.641544064966492, 19.41474092191565, 10.541516970020208, 7.547259753494244, 9.699536056062525], [19.052860268548553, 9.498416182209908, 0.0, 11.700527619854327, 22.516168456919235, 19.751154804898423, 10.367004056724827, 6.367908998157166, 12.18881458373902, 17.687481414458702], [30.508613625769527, 21.010371217966263, 11.700527619854327, 0.0, 11.552633593796394, 10.076932095556465, 5.937188210323386, 14.682144217142024, 22.49298550958456, 28.571771349244834], [40.660246247784094, 31.497564881695443, 22.516168456919235, 11.552633593796394, 0.0, 4.775168644621986, 13.541572508133388, 23.62570629319737, 31.310367977770813, 37.664182685305846], [37.69072097251484, 28.641544064966492, 19.751154804898423, 10.076932095556465, 4.775168644621986, 0.0, 9.974753320832905, 19.899728938888515, 27.790564106640534, 34.340235646800565], [28.645514206581616, 19.41474092191565, 10.367004056724827, 5.937188210323386, 13.541572508133388, 9.974753320832905, 0.0, 10.733075949846532, 19.28428336342852, 25.84995461649825], [18.74077017547131, 10.541516970020208, 6.367908998157166, 14.682144217142024, 23.62570629319737, 19.899728938888515, 10.733075949846532, 0.0, 8.860240080247374, 15.467522977786617], [11.482055189227275, 7.547259753494244, 12.18881458373902, 22.49298550958456, 31.310367977770813, 27.790564106640534, 19.28428336342852, 8.860240080247374, 0.0, 6.763602022376611], [6.555893312307178, 9.699536056062525, 17.687481414458702, 28.571771349244834, 37.664182685305846, 34.340235646800565, 25.84995461649825, 15.467522977786617, 6.763602022376611, 0.0]]