[[0.0, 8.057182681815153, 15.351100537984758, 23.414782666520242, 31.23541055641256, 23.300759163493748, 14.675524066460422, 7.338623156217523], [8.057182681815153, 0.0, 7.4307007443122055, 16.08115345559798, 25.05084215585275, 16.580670084048172, 8.040056031188655, 3.352091484173129], [15.351100537984758, 7.4307007443122055, 0.0, 9.329951291683413, 19.449983474514447, 10.5337218714911, 4.488511471202339, 8.633336629034682], [23.414782666520242, 16.08115345559798, 9.329951291683413, 0.0, 10.70428638791816, 3.2805268739037934, 9.296782200256274, 16.212123809391564], [31.23541055641256, 25.05084215585275, 19.449983474514447, 10.70428638791816, 0.0, 9.593223941978788, 18.071139272621025, 24.3777576795621], [23.300759163493748, 16.580670084048172, 10.5337218714911, 3.2805268739037934, 9.593223941978788, 0.0, 9.001231471192645, 16.038262841120602], [14.675524066460422, 8.040056031188655, 4.488511471202339, 9.296782200256274, 18.071139272621025, 9.001231471192645, 0.0, 7.3398067686338315], [7.338623156217523, 3.352091484173129, 8.633336629034682, 16.212123809391564, 24.3777576795621, 16.038262841120602, 7.3398067686338315, 0.0]]