[[0.0, 9.038293916814501, 17.03920179530802, 23.966778236734676, 32.5891488714723, 23.348637087938986, 15.006970006757662, 8.468041991822549], [9.038293916814501, 0.0, 8.20215544998862, 15.852887045403463, 26.224804747175263, 17.337312730166516, 11.185981732218325, 6.469330044854568], [17.03920179530802, 8.20215544998862, 0.0, 9.374014436490427, 22.02113866523682, 13.809373301374828, 11.71366422263845, 11.695370705111745], [23.966778236734676, 15.852887045403463, 9.374014436490427, 0.0, 13.37719255635782, 7.632511773193082, 12.840517623534145, 16.467214959586485], [32.5891488714723, 26.224804747175263, 22.02113866523682, 13.37719255635782, 0.0, 11.074048586812687, 20.193845179214485, 24.6944393705155], [23.348637087938986, 17.337312730166516, 13.809373301374828, 7.632511773193082, 11.074048586812687, 0.0, 9.482161623287592, 14.95599333788946], [15.006970006757662, 11.185981732218325, 11.71366422263845, 12.840517623534145, 20.193845179214485, 9.482161623287592, 0.0, 6.714001158384918], [8.468041991822549, 6.469330044854568, 11.695370705111745, 16.467214959586485, 24.6944393705155, 14.95599333788946, 6.714001158384918, 0.0]]