[[0.0, 9.470206380893027, 16.811262920526644, 22.645952596191243, 30.63424071449836, 23.529631000232154, 15.251017248770161, 8.412952589823268], [9.470206380893027, 0.0, 7.658485427487931, 14.963029490708688, 25.09613653540684, 18.65609894725446, 12.43316701953794, 9.747662306925953], [16.811262920526644, 7.658485427487931, 0.0, 8.510682884339246, 19.996359266004877, 14.762611472970697, 12.250640080487672, 13.974365988327415], [22.645952596191243, 14.963029490708688, 8.510682884339246, 0.0, 11.802336749590483, 8.384183429828152, 11.469196498397517, 16.802812725480482], [30.63424071449836, 25.09613653540684, 19.996359266004877, 11.802336749590483, 0.0, 8.34362711275432, 16.393353219748057, 22.871941314267684], [23.529631000232154, 18.65609894725446, 14.762611472970697, 8.384183429828152, 8.34362711275432, 0.0, 8.584309577846374, 15.78098870563958], [15.251017248770161, 12.43316701953794, 12.250640080487672, 11.469196498397517, 16.393353219748057, 8.584309577846374, 0.0, 7.492153827089846], [8.412952589823268, 9.747662306925953, 13.974365988327415, 16.802812725480482, 22.871941314267684, 15.78098870563958, 7.492153827089846, 0.0]]