[[0.0, 9.046425294389268, 17.064246423156632, 24.217822383478847, 32.55163686163157, 23.17649571438549, 14.820546120093352, 7.401971347603893], [9.046425294389268, 0.0, 8.174176093929345, 15.93270978882654, 26.3647483381354, 17.168939716284083, 10.398534505243614, 6.353605754376405], [17.064246423156632, 8.174176093929345, 0.0, 9.127517924655475, 22.17789263853329, 13.47477978038977, 10.655306030915678, 12.213089602984947], [24.217822383478847, 15.93270978882654, 9.127517924655475, 0.0, 14.130398091734078, 8.527955414561102, 12.806113377015329, 17.86946453674603], [32.55163686163157, 26.3647483381354, 22.17789263853329, 14.130398091734078, 0.0, 11.910314487806192, 20.16168931638361, 25.86712924069399], [23.17649571438549, 17.168939716284083, 13.47477978038977, 8.527955414561102, 11.910314487806192, 0.0, 8.974483777047956, 15.874324926196705], [14.820546120093352, 10.398534505243614, 10.655306030915678, 12.806113377015329, 20.16168931638361, 8.974483777047956, 0.0, 7.439260722954337], [7.401971347603893, 6.353605754376405, 12.213089602984947, 17.86946453674603, 25.86712924069399, 15.874324926196705, 7.439260722954337, 0.0]]