[[0.0, 10.011947347274653, 18.006238143313617, 29.53954296489514, 38.57025568585552, 36.624683740247605, 27.638754864322905, 18.499133979582233, 12.313631528428523, 7.458794630851422], [10.011947347274653, 0.0, 8.03189467249055, 19.693503764151416, 29.08667471588786, 27.26637749474574, 18.097746752073117, 9.722504572003759, 7.403024137813477, 10.525572876445157], [18.006238143313617, 8.03189467249055, 0.0, 11.759277418025732, 21.4004830503615, 19.718744897368566, 10.56070071527003, 5.513180636860902, 10.385918953710213, 16.878178949445232], [29.53954296489514, 19.693503764151416, 11.759277418025732, 0.0, 10.236570316471429, 9.609250387378038, 5.496473793017028, 12.995754220838974, 20.163289074068373, 27.42372434327267], [38.57025568585552, 29.08667471588786, 21.4004830503615, 10.236570316471429, 0.0, 3.7737739888781094, 11.96318721114716, 20.99928312855346, 27.90603003704721, 35.26734044593505], [36.624683740247605, 27.26637749474574, 19.718744897368566, 9.609250387378038, 3.7737739888781094, 0.0, 9.538325586428783, 18.545026206547703, 25.47782429739498, 32.9395574101747], [27.638754864322905, 18.097746752073117, 10.56070071527003, 5.496473793017028, 11.96318721114716, 9.538325586428783, 0.0, 9.496071514150314, 16.97104213158609, 24.551580496783117], [18.499133979582233, 9.722504572003759, 5.513180636860902, 12.995754220838974, 20.99928312855346, 18.545026206547703, 9.496071514150314, 0.0, 7.662989998343663, 15.211811109831137], [12.313631528428523, 7.403024137813477, 10.385918953710213, 20.163289074068373, 27.90603003704721, 25.47782429739498, 16.97104213158609, 7.662989998343663, 0.0, 7.617764690859976], [7.458794630851422, 10.525572876445157, 16.878178949445232, 27.42372434327267, 35.26734044593505, 32.9395574101747, 24.551580496783117, 15.211811109831137, 7.617764690859976, 0.0]]