[[0.0, 9.046185779749884, 17.062333846518097, 23.949459055319867, 32.49158359773585, 23.311713322882362, 15.009769787499943, 8.455522354156543], [9.046185779749884, 0.0, 8.183796406767588, 15.856536586631709, 26.224428342029917, 17.342683406306133, 11.17986788947182, 6.478608096425496], [17.062333846518097, 8.183796406767588, 0.0, 9.375414977011626, 21.98430420085184, 13.799387395377448, 11.71794864726267, 11.696917700723898], [23.949459055319867, 15.856536586631709, 9.375414977011626, 0.0, 13.32919331213596, 7.624088800758029, 12.829921760784707, 16.461646067054108], [32.49158359773585, 26.224428342029917, 21.98430420085184, 13.32919331213596, 0.0, 11.045639342076763, 20.126774277884792, 24.6555884045143], [23.311713322882362, 17.342683406306133, 13.799387395377448, 7.624088800758029, 11.045639342076763, 0.0, 9.451168228163382, 14.944551524378843], [15.009769787499943, 11.17986788947182, 11.71794864726267, 12.829921760784707, 20.126774277884792, 9.451168228163382, 0.0, 6.706999274564524], [8.455522354156543, 6.478608096425496, 11.696917700723898, 16.461646067054108, 24.6555884045143, 14.944551524378843, 6.706999274564524, 0.0]]