[[0.0, 10.425808841199565, 17.8267195083501, 24.084465823847495, 29.185643342096643, 23.482870776761576, 16.030499081409598, 8.173301889343435], [10.425808841199565, 0.0, 8.431727256027024, 15.906373170994607, 22.769211303652593, 18.63763197222737, 12.765456097333969, 9.723443967378532], [17.8267195083501, 8.431727256027024, 0.0, 7.952036429438939, 15.83545564789722, 13.235242088979748, 10.668881302416576, 13.620427822320744], [24.084465823847495, 15.906373170994607, 7.952036429438939, 0.0, 8.403095400618275, 8.501152518867606, 11.205198754554873, 17.842405308034483], [29.185643342096643, 22.769211303652593, 15.83545564789722, 8.403095400618275, 0.0, 6.818020680282879, 13.757429530766062, 21.62063726199071], [23.482870776761576, 18.63763197222737, 13.235242088979748, 8.501152518867606, 6.818020680282879, 0.0, 7.501231334930087, 15.75976799984892], [16.030499081409598, 12.765456097333969, 10.668881302416576, 11.205198754554873, 13.757429530766062, 7.501231334930087, 0.0, 8.387863786950824], [8.173301889343435, 9.723443967378532, 13.620427822320744, 17.842405308034483, 21.62063726199071, 15.75976799984892, 8.387863786950824, 0.0]]