[[0.0, 11.59807315219287, 18.235707293795873, 25.191140632904283, 32.97077084921786, 24.547195520943937, 15.870477812447897, 8.44569647685305], [11.59807315219287, 0.0, 7.449904067227239, 16.6308926850743, 27.143662006820318, 19.035090487700046, 11.409148400270281, 7.813795382388826], [18.235707293795873, 7.449904067227239, 0.0, 10.278509408740016, 22.08443089099481, 14.426624986709468, 9.843290901893177, 11.598396948612509], [25.191140632904283, 16.6308926850743, 10.278509408740016, 0.0, 12.28203909001803, 7.563255430180645, 11.671731977732787, 17.26710629906601], [32.97077084921786, 27.143662006820318, 22.08443089099481, 12.28203909001803, 0.0, 10.967237187894037, 19.778492482208065, 25.474746316531867], [24.547195520943937, 19.035090487700046, 14.426624986709468, 7.563255430180645, 10.967237187894037, 0.0, 9.501031099490362, 16.33987981491706], [15.870477812447897, 11.409148400270281, 9.843290901893177, 11.671731977732787, 19.778492482208065, 9.501031099490362, 0.0, 7.465539037742218], [8.44569647685305, 7.813795382388826, 11.598396948612509, 17.26710629906601, 25.474746316531867, 16.33987981491706, 7.465539037742218, 0.0]]