[[0.0, 10.785539830093716, 18.30190193341329, 25.1169514677764, 32.682507094986256, 24.448196395982812, 15.839871125752826, 8.502164951971995], [10.785539830093716, 0.0, 7.807687013183166, 16.281928127948028, 26.229909651322266, 18.218606275149728, 10.55599532646695, 7.62192727355247], [18.30190193341329, 7.807687013183166, 0.0, 10.294432271580305, 21.92744259668614, 14.42083815802958, 10.009815386043892, 12.487256827351558], [25.1169514677764, 16.281928127948028, 10.294432271580305, 0.0, 12.077010445876244, 7.546155048314869, 11.508884425613154, 17.605495995991426], [32.682507094986256, 26.229909651322266, 21.92744259668614, 12.077010445876244, 0.0, 10.785362582427906, 19.219629433384007, 25.25046162884049], [24.448196395982812, 18.218606275149728, 14.42083815802958, 7.546155048314869, 10.785362582427906, 0.0, 9.217438872591721, 16.185765269693306], [15.839871125752826, 10.55599532646695, 10.009815386043892, 11.508884425613154, 19.219629433384007, 9.217438872591721, 0.0, 7.369361730507946], [8.502164951971995, 7.62192727355247, 12.487256827351558, 17.605495995991426, 25.25046162884049, 16.185765269693306, 7.369361730507946, 0.0]]