[[0.0, 10.648184700080012, 19.294259820836064, 30.535470363773243, 42.67101238145532, 39.4373665102419, 27.58783486874273, 17.972743288975423, 11.79476945848226, 7.353419411782589], [10.648184700080012, 0.0, 8.679976291949476, 20.106847211002176, 32.78556095089222, 29.796719142870902, 17.703473907356685, 8.840086688214377, 7.578577428380344, 11.149756586323177], [19.294259820836064, 8.679976291949476, 0.0, 11.595518510413452, 24.71111703215777, 22.12836052163165, 10.46772031700131, 6.495228575209498, 12.198451322458972, 18.33626029217839], [30.535470363773243, 20.106847211002176, 11.595518510413452, 0.0, 13.593841653894716, 11.649180410109334, 6.338580308159942, 14.039106960986976, 21.307110787189103, 28.196299852995804], [42.67101238145532, 32.78556095089222, 24.71111703215777, 13.593841653894716, 0.0, 5.8077415477719025, 17.10795201073717, 26.080001021927853, 32.45773339326117, 39.06110126443452], [39.4373665102419, 29.796719142870902, 22.12836052163165, 11.649180410109334, 5.8077415477719025, 0.0, 13.07467575712033, 22.223304558328447, 28.587776638798083, 35.4334224090941], [27.58783486874273, 17.703473907356685, 10.46772031700131, 6.338580308159942, 17.10795201073717, 13.07467575712033, 0.0, 9.764258172986514, 17.23916743701212, 24.570334055837545], [17.972743288975423, 8.840086688214377, 6.495228575209498, 14.039106960986976, 26.080001021927853, 22.223304558328447, 9.764258172986514, 0.0, 8.002988975850778, 15.320222506235936], [11.79476945848226, 7.578577428380344, 12.198451322458972, 21.307110787189103, 32.45773339326117, 28.587776638798083, 17.23916743701212, 8.002988975850778, 0.0, 7.4542693874499175], [7.353419411782589, 11.149756586323177, 18.33626029217839, 28.196299852995804, 39.06110126443452, 35.4334224090941, 24.570334055837545, 15.320222506235936, 7.4542693874499175, 0.0]]