[[0.0, 9.537803650464761, 17.203034919612147, 23.599970667744202, 30.877360784180514, 23.376757993895406, 15.920209277358664, 7.683970263939663], [9.537803650464761, 0.0, 8.4681213575312, 16.456369851041387, 25.458048428499975, 18.217549936752032, 11.557209124495845, 8.20593693848021], [17.203034919612147, 8.4681213575312, 0.0, 8.770469327909195, 18.67268107024821, 12.287025329139919, 8.84000754950775, 12.362513465780086], [23.599970667744202, 16.456369851041387, 8.770469327909195, 0.0, 10.13659179223342, 6.412574417822374, 9.895688979115398, 17.063450596632144], [30.877360784180514, 25.458048428499975, 18.67268107024821, 10.13659179223342, 0.0, 9.644077496692669, 16.71647204120624, 23.896434285868967], [23.376757993895406, 18.217549936752032, 12.287025329139919, 6.412574417822374, 9.644077496692669, 0.0, 7.771724297535265, 15.89700623806558], [15.920209277358664, 11.557209124495845, 8.84000754950775, 9.895688979115398, 16.71647204120624, 7.771724297535265, 0.0, 8.444344453522248], [7.683970263939663, 8.20593693848021, 12.362513465780086, 17.063450596632144, 23.896434285868967, 15.89700623806558, 8.444344453522248, 0.0]]