[[0.0, 9.673270741418388, 19.440029937969612, 29.890503394183124, 41.853329589608975, 38.455470201455775, 28.04235805621822, 18.200985428150286, 10.310330575273955, 6.405823375914216], [9.673270741418388, 0.0, 9.812262364511758, 20.38703879299978, 32.83634467503612, 29.668715737418257, 19.16731108260232, 9.964883062230582, 6.474328398705461, 9.689933378550652], [19.440029937969612, 9.812262364511758, 0.0, 10.657377708087202, 23.59664472588756, 20.771692988137538, 10.726327921126597, 6.459836865867744, 12.326516045794367, 17.921109328005173], [29.890503394183124, 20.38703879299978, 10.657377708087202, 0.0, 13.431575288321289, 11.501277558197701, 6.8014607108033776, 13.61066411844264, 21.61147860413447, 27.48423155431314], [41.853329589608975, 32.83634467503612, 23.59664472588756, 13.431575288321289, 0.0, 5.847784836830867, 15.884847138942229, 25.08816173685958, 32.749365259939395, 38.338254025000786], [38.455470201455775, 29.668715737418257, 20.771692988137538, 11.501277558197701, 5.847784836830867, 0.0, 11.461530949016282, 20.980393473051024, 28.829426851553297, 34.62351519018097], [28.04235805621822, 19.16731108260232, 10.726327921126597, 6.8014607108033776, 15.884847138942229, 11.461530949016282, 0.0, 10.000140893325252, 18.574507512898585, 24.80990338296677], [18.200985428150286, 9.964883062230582, 6.459836865867744, 13.61066411844264, 25.08816173685958, 20.980393473051024, 10.000140893325252, 0.0, 8.855775753535207, 15.235215081184316], [10.310330575273955, 6.474328398705461, 12.326516045794367, 21.61147860413447, 32.749365259939395, 28.829426851553297, 18.574507512898585, 8.855775753535207, 0.0, 6.4073002279270455], [6.405823375914216, 9.689933378550652, 17.921109328005173, 27.48423155431314, 38.338254025000786, 34.62351519018097, 24.80990338296677, 15.235215081184316, 6.4073002279270455, 0.0]]