[[0.0, 10.673123092069211, 18.769796369119696, 29.306837527610025, 40.38582208604022, 37.55947892600778, 27.915873517545783, 17.13753331241626, 11.288686867366854, 7.04061031631058], [10.673123092069211, 0.0, 8.339055599015873, 19.177565188421756, 30.950031621006445, 28.346779248102862, 18.49657383241288, 9.089302224294995, 9.103407896143727, 12.679924005851849], [18.769796369119696, 8.339055599015873, 0.0, 10.92775517402838, 22.99753396159138, 20.51729497994258, 10.820262000455118, 6.394993830530097, 12.624626954274175, 18.974281069576783], [29.306837527610025, 19.177565188421756, 10.92775517402838, 0.0, 12.424393845757987, 10.64917211495809, 5.499899068581986, 13.789248549412914, 21.150728304867666, 28.25155140760953], [40.38582208604022, 30.950031621006445, 22.99753396159138, 12.424393845757987, 0.0, 4.527412823994298, 13.859585722764225, 24.22763724323437, 30.875970764806397, 38.00952530917203], [37.55947892600778, 28.346779248102862, 20.51729497994258, 10.64917211495809, 4.527412823994298, 0.0, 10.400084065686485, 20.904332110374853, 27.623522212756203, 34.93702159172268], [27.915873517545783, 18.49657383241288, 10.820262000455118, 5.499899068581986, 13.859585722764225, 10.400084065686485, 0.0, 11.016401964972914, 18.519955860132313, 26.017990411876802], [17.13753331241626, 9.089302224294995, 6.394993830530097, 13.789248549412914, 24.22763724323437, 20.904332110374853, 11.016401964972914, 0.0, 7.976344456241972, 15.372283297441468], [11.288686867366854, 9.103407896143727, 12.624626954274175, 21.150728304867666, 30.875970764806397, 27.623522212756203, 18.519955860132313, 7.976344456241972, 0.0, 7.580279897690186], [7.04061031631058, 12.679924005851849, 18.974281069576783, 28.25155140760953, 38.00952530917203, 34.93702159172268, 26.017990411876802, 15.372283297441468, 7.580279897690186, 0.0]]