[[0.0, 9.029733977362843, 17.39897332559694, 23.70201427222146, 30.46517673872628, 23.346662016569432, 16.104105892491052, 8.268556928660162], [9.029733977362843, 0.0, 8.741815535695373, 15.804117173512633, 24.043210209546896, 17.632838291954332, 12.003825040525713, 8.718642079828546], [17.39897332559694, 8.741815535695373, 0.0, 8.230178632366613, 18.13343398574371, 12.787404242590675, 10.966803605817194, 13.932723240072633], [23.70201427222146, 15.804117173512633, 8.230178632366613, 0.0, 10.352994448513387, 7.517089842674621, 11.194719634509696, 17.86101157060719], [30.46517673872628, 24.043210209546896, 18.13343398574371, 10.352994448513387, 0.0, 8.300009593554156, 15.412953364257607, 23.052001463650935], [23.346662016569432, 17.632838291954332, 12.787404242590675, 7.517089842674621, 8.300009593554156, 0.0, 7.552995739428623, 15.793300118740161], [16.104105892491052, 12.003825040525713, 10.966803605817194, 11.194719634509696, 15.412953364257607, 7.552995739428623, 0.0, 8.404431581911359], [8.268556928660162, 8.718642079828546, 13.932723240072633, 17.86101157060719, 23.052001463650935, 15.793300118740161, 8.404431581911359, 0.0]]