[[0.0, 8.90096920772985, 17.36529484758796, 23.611188526093514, 31.543673542375007, 23.42391754791444, 15.925696464568857, 7.669108511145539], [8.90096920772985, 0.0, 8.704661208447462, 16.388261224100166, 26.18111647335297, 17.853003125098393, 10.741310512614652, 6.768171190729886], [17.36529484758796, 8.704661208447462, 0.0, 9.355111476608124, 20.646969750890424, 12.894545113441614, 8.991963260008129, 12.365605098457499], [23.611188526093514, 16.388261224100166, 9.355111476608124, 0.0, 11.554779742846208, 6.446744251868535, 10.016914036168075, 17.155116735880558], [31.543673542375007, 26.18111647335297, 20.646969750890424, 11.554779742846208, 0.0, 10.812205134917534, 18.17336409026419, 25.073794158655335], [23.42391754791444, 17.853003125098393, 12.894545113441614, 6.446744251868535, 10.812205134917534, 0.0, 8.081718334999616, 16.091721297167346], [15.925696464568857, 10.741310512614652, 8.991963260008129, 10.016914036168075, 18.17336409026419, 8.081718334999616, 0.0, 8.414171684629336], [7.669108511145539, 6.768171190729886, 12.365605098457499, 17.155116735880558, 25.073794158655335, 16.091721297167346, 8.414171684629336, 0.0]]