[[0.0, 9.476306398098256, 19.240028532626162, 29.24598074111378, 41.028462141520414, 37.49235667298904, 27.50842107089122, 16.705912816607505, 10.605891882329225, 6.6357470904260625], [9.476306398098256, 0.0, 9.840323259790756, 20.04832116630852, 32.36178751028697, 29.05772185770609, 18.84725988718705, 8.802580105786769, 7.558721340155424, 11.130593013081826], [19.240028532626162, 9.840323259790756, 0.0, 10.34878431901666, 23.120171925015807, 20.249844862634014, 10.444845372898397, 6.761665069634401, 12.971687940265985, 19.293123892268273], [29.24598074111378, 20.04832116630852, 10.34878431901666, 0.0, 13.163636370261974, 10.971136465280793, 5.939870772644302, 14.036778191864583, 21.27260423190365, 28.168071351204617], [41.028462141520414, 32.36178751028697, 23.120171925015807, 13.163636370261974, 0.0, 6.194180345649778, 15.624204107374238, 25.69048981517046, 32.08889105434111, 38.74346580357805], [37.49235667298904, 29.05772185770609, 20.249844862634014, 10.971136465280793, 6.194180345649778, 0.0, 11.068920381550768, 21.455667272523527, 27.91888224188359, 34.85833290102721], [27.50842107089122, 18.84725988718705, 10.444845372898397, 5.939870772644302, 15.624204107374238, 11.068920381550768, 0.0, 10.97239635097252, 18.374663017541767, 25.7024613102521], [16.705912816607505, 8.802580105786769, 6.761665069634401, 14.036778191864583, 25.69048981517046, 21.455667272523527, 10.97239635097252, 0.0, 7.9880422627268315, 15.299704297383037], [10.605891882329225, 7.558721340155424, 12.971687940265985, 21.27260423190365, 32.08889105434111, 27.91888224188359, 18.374663017541767, 7.9880422627268315, 0.0, 7.450666308208615], [6.6357470904260625, 11.130593013081826, 19.293123892268273, 28.168071351204617, 38.74346580357805, 34.85833290102721, 25.7024613102521, 15.299704297383037, 7.450666308208615, 0.0]]