[[0.0, 10.8598701837324, 17.699847613850636, 25.10468264186592, 32.7617871071264, 24.4152823439557, 15.821408596382595, 8.440229466585253], [10.8598701837324, 0.0, 7.4493835910097985, 16.216285739386937, 26.46509400301495, 17.821793590232915, 9.90671893663654, 6.717682778057771], [17.699847613850636, 7.4493835910097985, 0.0, 9.414587757295275, 21.16734410323718, 12.56621878596537, 7.7582388216515366, 10.771228697558792], [25.10468264186592, 16.216285739386937, 9.414587757295275, 0.0, 12.669043997455445, 6.571368187592822, 10.729794901784516, 17.120192812684856], [32.7617871071264, 26.46509400301495, 21.16734410323718, 12.669043997455445, 0.0, 10.861378303005054, 19.135907662144767, 25.169704080302733], [24.4152823439557, 17.821793590232915, 12.56621878596537, 6.571368187592822, 10.861378303005054, 0.0, 9.088160434779633, 16.117774437299744], [15.821408596382595, 9.90671893663654, 7.7582388216515366, 10.729794901784516, 19.135907662144767, 9.088160434779633, 0.0, 7.381195256286007], [8.440229466585253, 6.717682778057771, 10.771228697558792, 17.120192812684856, 25.169704080302733, 16.117774437299744, 7.381195256286007, 0.0]]