[[0.0, 9.247868829712933, 17.086420678271594, 24.80901970613367, 31.184982121813093, 24.73138654564683, 17.025910667252838, 9.076186996513131], [9.247868829712933, 0.0, 8.401112751448284, 15.869239718880703, 22.077564601376622, 15.874862742104858, 8.476709467643321, 1.0922271488065134], [17.086420678271594, 8.401112751448284, 0.0, 7.782265065798128, 14.556709724105135, 7.780919643347948, 1.0658234374308897, 8.453525785581597], [24.80901970613367, 15.869239718880703, 7.782265065798128, 0.0, 7.076477486367569, 1.0825463081457534, 7.901742618859527, 15.940695511907718], [31.184982121813093, 22.077564601376622, 14.556709724105135, 7.076477486367569, 0.0, 7.14853879516164, 14.589066275731088, 22.134969747328324], [24.73138654564683, 15.874862742104858, 7.780919643347948, 1.0825463081457534, 7.14853879516164, 0.0, 7.753441859442105, 15.872044909073404], [17.025910667252838, 8.476709467643321, 1.0658234374308897, 7.901742618859527, 14.589066275731088, 7.753441859442105, 0.0, 8.392071486316945], [9.076186996513131, 1.0922271488065134, 8.453525785581597, 15.940695511907718, 22.134969747328324, 15.872044909073404, 8.392071486316945, 0.0]]