[[0.0, 9.71242132269606, 19.5656144052206, 29.836274068945322, 42.843737162948294, 39.028132125864246, 28.012303322821584, 16.86511384768558, 10.679409234592564, 6.7434005287522405], [9.71242132269606, 0.0, 9.900971619641016, 20.35691156161518, 33.91343593188236, 30.21083134398932, 19.088839369550314, 8.753382509456614, 7.469224028440839, 11.124739437629676], [19.5656144052206, 9.900971619641016, 0.0, 10.610208868708057, 24.715107993762135, 21.21874750340512, 10.591122371844126, 6.874305795491207, 13.128730209082256, 19.434877086358533], [29.836274068945322, 20.35691156161518, 10.610208868708057, 0.0, 14.578976963595144, 11.384649023523647, 5.959496477968421, 14.489170968063668, 21.73569146199113, 28.559308324460154], [42.843737162948294, 33.91343593188236, 24.715107993762135, 14.578976963595144, 0.0, 5.667513943902213, 17.1281596623451, 27.545395065244517, 33.8447053853896, 40.286165163740584], [39.028132125864246, 30.21083134398932, 21.21874750340512, 11.384649023523647, 5.667513943902213, 0.0, 12.313811408645087, 23.07896428720875, 29.539744273899498, 36.28158116172465], [28.012303322821584, 19.088839369550314, 10.591122371844126, 5.959496477968421, 17.1281596623451, 12.313811408645087, 0.0, 11.353962911865313, 18.750655404455767, 26.01804064029767], [16.86511384768558, 8.753382509456614, 6.874305795491207, 14.489170968063668, 27.545395065244517, 23.07896428720875, 11.353962911865313, 0.0, 8.026408553436902, 15.344263519635607], [10.679409234592564, 7.469224028440839, 13.128730209082256, 21.73569146199113, 33.8447053853896, 29.539744273899498, 18.750655404455767, 8.026408553436902, 0.0, 7.45117112385865], [6.7434005287522405, 11.124739437629676, 19.434877086358533, 28.559308324460154, 40.286165163740584, 36.28158116172465, 26.01804064029767, 15.344263519635607, 7.45117112385865, 0.0]]