[[0.0, 11.582774211827923, 18.22856421811455, 25.18237103696324, 33.17397981158206, 24.564448479098857, 15.840737571387168, 8.461446207181545], [11.582774211827923, 0.0, 7.4533687456929165, 16.551841791699523, 27.389578633047346, 19.032264509362253, 10.636051916626345, 7.734542927930322], [18.22856421811455, 7.4533687456929165, 0.0, 10.131303263617914, 22.38589937623744, 14.416345405226322, 8.80360906838116, 11.536668258412263], [25.18237103696324, 16.551841791699523, 10.131303263617914, 0.0, 12.84962551963546, 7.6120968317654105, 10.967646861350158, 17.270127368523084], [33.17397981158206, 27.389578633047346, 22.38589937623744, 12.84962551963546, 0.0, 11.323822942994731, 19.96378776269801, 25.832130722255275], [24.564448479098857, 19.032264509362253, 14.416345405226322, 7.6120968317654105, 11.323822942994731, 0.0, 9.57893683587699, 16.40580193860761], [15.840737571387168, 10.636051916626345, 8.80360906838116, 10.967646861350158, 19.96378776269801, 9.57893683587699, 0.0, 7.382084096203593], [8.461446207181545, 7.734542927930322, 11.536668258412263, 17.270127368523084, 25.832130722255275, 16.40580193860761, 7.382084096203593, 0.0]]