[[0.0, 9.045963226358431, 16.405753777646034, 24.462263346663775, 32.74744178287525, 24.472280002106817, 15.79559579884564, 8.492193571371006], [9.045963226358431, 0.0, 7.456429855860647, 16.313122797611648, 25.74634206768761, 16.968006673931153, 8.587745501490192, 4.5516614432593725], [16.405753777646034, 7.456429855860647, 0.0, 9.900833850312452, 20.42606146687263, 11.283105352104002, 5.6853804683898685, 9.370694108663242], [24.462263346663775, 16.313122797611648, 9.900833850312452, 0.0, 10.955670274216999, 3.2343371252454527, 9.39334583165487, 16.271981255087436], [32.74744178287525, 25.74634206768761, 20.42606146687263, 10.955670274216999, 0.0, 10.355153377124498, 18.682426885987958, 24.797182594058924], [24.472280002106817, 16.968006673931153, 11.283105352104002, 3.2343371252454527, 10.355153377124498, 0.0, 9.02662412703027, 16.053743466788614], [15.79559579884564, 8.587745501490192, 5.6853804683898685, 9.39334583165487, 18.682426885987958, 9.02662412703027, 0.0, 7.362418517776681], [8.492193571371006, 4.5516614432593725, 9.370694108663242, 16.271981255087436, 24.797182594058924, 16.053743466788614, 7.362418517776681, 0.0]]