[[0.0, 8.840146130845293, 15.97202246748047, 22.654115334801027, 32.14415474830348, 22.487305812965722, 15.301011316706258, 8.524517422636546], [8.840146130845293, 0.0, 7.641763903562183, 16.119505610789183, 27.90649710225728, 18.786545918525974, 13.385770849577472, 10.270869831275295], [15.97202246748047, 7.641763903562183, 0.0, 9.616251170230218, 22.714352842712824, 14.85544233856256, 12.57116268885778, 13.741090837572864], [22.654115334801027, 16.119505610789183, 9.616251170230218, 0.0, 13.497644871142747, 8.2016923548205, 11.490702679696922, 16.824970712928717], [32.14415474830348, 27.90649710225728, 22.714352842712824, 13.497644871142747, 0.0, 10.91502421808697, 17.86946439689556, 24.233533516220806], [22.487305812965722, 18.786545918525974, 14.85544233856256, 8.2016923548205, 10.91502421808697, 0.0, 7.504707483588882, 14.727999171534401], [15.301011316706258, 13.385770849577472, 12.57116268885778, 11.490702679696922, 17.86946439689556, 7.504707483588882, 0.0, 7.495054265019369], [8.524517422636546, 10.270869831275295, 13.741090837572864, 16.824970712928717, 24.233533516220806, 14.727999171534401, 7.495054265019369, 0.0]]