[[0.0, 10.68343630884338, 17.68978897863672, 24.26639476853033, 29.86211133388994, 23.563295896453415, 16.124591438597758, 8.357307571699751], [10.68343630884338, 0.0, 8.441352460322813, 16.154996246521414, 22.693064911669573, 18.01083896712846, 11.950141416934821, 8.572373518079752], [17.68978897863672, 8.441352460322813, 0.0, 7.904026108148742, 14.840703635793378, 11.284039142833961, 8.454086746020115, 11.917756273359556], [24.26639476853033, 16.154996246521414, 7.904026108148742, 0.0, 7.19639646535139, 6.37971067982726, 9.898362155655853, 17.04447280523754], [29.86211133388994, 22.693064911669573, 14.840703635793378, 7.19639646535139, 0.0, 7.543390529573154, 14.19291570378525, 21.915384091967493], [23.563295896453415, 18.01083896712846, 11.284039142833961, 6.37971067982726, 7.543390529573154, 0.0, 7.456956268497896, 15.761776217386355], [16.124591438597758, 11.950141416934821, 8.454086746020115, 9.898362155655853, 14.19291570378525, 7.456956268497896, 0.0, 8.393681116043783], [8.357307571699751, 8.572373518079752, 11.917756273359556, 17.04447280523754, 21.915384091967493, 15.761776217386355, 8.393681116043783, 0.0]]