[[0.0, 11.01089288461994, 17.161600661548473, 24.853237512660375, 32.525189795976566, 24.375504345463664, 15.799947355785527, 8.425495987162954], [11.01089288461994, 0.0, 7.415812331361345, 16.470083188747374, 26.445582834164348, 17.942437958808718, 10.101300480132943, 7.064673019625532], [17.161600661548473, 7.415812331361345, 0.0, 9.234228115439427, 20.027459783679884, 11.56687294622237, 6.607234106948309, 9.96453838808331], [24.853237512660375, 16.470083188747374, 9.234228115439427, 0.0, 11.606622388362734, 5.425517052145626, 10.134344272829937, 16.74298824090532], [32.525189795976566, 26.445582834164348, 20.027459783679884, 11.606622388362734, 0.0, 10.508251209637315, 18.586115299443023, 24.739385629196473], [24.375504345463664, 17.942437958808718, 11.56687294622237, 5.425517052145626, 10.508251209637315, 0.0, 8.928593694081613, 16.022283299052134], [15.799947355785527, 10.101300480132943, 6.607234106948309, 10.134344272829937, 18.586115299443023, 8.928593694081613, 0.0, 7.37829249743794], [8.425495987162954, 7.064673019625532, 9.96453838808331, 16.74298824090532, 24.739385629196473, 16.022283299052134, 7.37829249743794, 0.0]]