[[0.0, 10.683408709426878, 18.230514873507687, 25.17064466074274, 32.845730918857306, 24.495901001377316, 15.863466187959867, 8.52139803181409], [10.683408709426878, 0.0, 7.854541056099774, 16.23845641756829, 26.130194290611122, 18.118415346144317, 10.4810258417195, 7.486067429636272], [18.230514873507687, 7.854541056099774, 0.0, 10.254089556529632, 21.89278007489815, 14.31210565657161, 9.835225132640383, 12.34517617470095], [25.17064466074274, 16.23845641756829, 10.254089556529632, 0.0, 12.097946854360169, 7.52810350921525, 11.657918223400136, 17.700066288484514], [32.845730918857306, 26.130194290611122, 21.89278007489815, 12.097946854360169, 0.0, 10.93428470736006, 19.604781790640015, 25.535026011794958], [24.495901001377316, 18.118415346144317, 14.31210565657161, 7.52810350921525, 10.93428470736006, 0.0, 9.396506250584952, 16.284691084016824], [15.863466187959867, 10.4810258417195, 9.835225132640383, 11.657918223400136, 19.604781790640015, 9.396506250584952, 0.0, 7.375576803603698], [8.52139803181409, 7.486067429636272, 12.34517617470095, 17.700066288484514, 25.535026011794958, 16.284691084016824, 7.375576803603698, 0.0]]