[[0.0, 9.558586792259408, 19.010422989923107, 29.663212663231082, 42.205160840394306, 38.83188449531176, 28.028317573746325, 18.258688356339533, 11.03991236795537, 7.882782160961067], [9.558586792259408, 0.0, 9.597063691956672, 20.39471429329808, 33.51491775141931, 30.38156497927344, 19.293672570229365, 10.530759785154583, 7.772588929555841, 10.712432943244501], [19.010422989923107, 9.597063691956672, 0.0, 10.874002495911336, 24.427725142016275, 21.45427836220918, 10.396281403108132, 6.414388442917532, 12.09499378110452, 17.660045695490176], [29.663212663231082, 20.39471429329808, 10.874002495911336, 0.0, 14.057926360425713, 11.931590151115108, 5.825190566272144, 13.642675513541835, 21.29754670632458, 27.08123245719746], [42.205160840394306, 33.51491775141931, 24.427725142016275, 14.057926360425713, 0.0, 5.914644890843999, 16.282245943223987, 25.6962959121631, 32.763692342011716, 38.129132568790666], [38.83188449531176, 30.38156497927344, 21.45427836220918, 11.931590151115108, 5.914644890843999, 0.0, 12.064166240193682, 21.49314375450555, 28.789834022165707, 34.39054360457348], [28.028317573746325, 19.293672570229365, 10.396281403108132, 5.825190566272144, 16.282245943223987, 12.064166240193682, 0.0, 10.196442240267242, 18.51840819496344, 24.681779777298008], [18.258688356339533, 10.530759785154583, 6.414388442917532, 13.642675513541835, 25.6962959121631, 21.49314375450555, 10.196442240267242, 0.0, 8.72096365456083, 15.080145690832662], [11.03991236795537, 7.772588929555841, 12.09499378110452, 21.29754670632458, 32.763692342011716, 28.789834022165707, 18.51840819496344, 8.72096365456083, 0.0, 6.379890585458341], [7.882782160961067, 10.712432943244501, 17.660045695490176, 27.08123245719746, 38.129132568790666, 34.39054360457348, 24.681779777298008, 15.080145690832662, 6.379890585458341, 0.0]]