[[0.0, 9.440190327679366, 19.05284823383829, 28.92307003457626, 40.94669694700324, 37.64109353698473, 27.498589716378348, 16.694860537351307, 10.723655928246158, 7.020379103816685], [9.440190327679366, 0.0, 9.675948289227673, 19.745643458399023, 32.34294816084974, 29.163278498469765, 18.882394902061286, 8.825012956808672, 7.650683380532618, 11.202326293973632], [19.05284823383829, 9.675948289227673, 0.0, 10.220181360584562, 23.350555198611055, 20.413664752030712, 10.589213438514404, 6.639256783793876, 12.83127271593422, 19.09863067415538], [28.92307003457626, 19.745643458399023, 10.220181360584562, 0.0, 13.60160787643041, 11.00178658654352, 5.676533064605369, 13.67163407379605, 20.900353011669303, 27.73185145579489], [40.94669694700324, 32.34294816084974, 23.350555198611055, 13.60160787643041, 0.0, 5.18763417467394, 15.534861058147634, 25.618278622972323, 31.862700022465916, 38.35278948589623], [37.64109353698473, 29.163278498469765, 20.413664752030712, 11.00178658654352, 5.18763417467394, 0.0, 11.28136924076067, 21.70604541534533, 28.092416999474626, 34.86326038229666], [27.498589716378348, 18.882394902061286, 10.589213438514404, 5.676533064605369, 15.534861058147634, 11.28136924076067, 0.0, 10.976666021029931, 18.28770920350742, 25.53251216836935], [16.694860537351307, 8.825012956808672, 6.639256783793876, 13.67163407379605, 25.618278622972323, 21.70604541534533, 10.976666021029931, 0.0, 7.9677081282035545, 15.238499281537862], [10.723655928246158, 7.650683380532618, 12.83127271593422, 20.900353011669303, 31.862700022465916, 28.092416999474626, 18.28770920350742, 7.9677081282035545, 0.0, 7.40745882654902], [7.020379103816685, 11.202326293973632, 19.09863067415538, 27.73185145579489, 38.35278948589623, 34.86326038229666, 25.53251216836935, 15.238499281537862, 7.40745882654902, 0.0]]