[[0.0, 10.66809708233802, 18.753303693775983, 29.34224309599447, 40.45539070014722, 37.5911695396843, 27.925381040262927, 17.107780315407048, 11.260284091202585, 7.059473067901738], [10.66809708233802, 0.0, 8.326639186654663, 19.22966093770855, 31.04071638372483, 28.39360329931247, 18.516386143467553, 9.065593732326638, 9.091998050355873, 12.686620086989324], [18.753303693775983, 8.326639186654663, 0.0, 11.002840672778781, 23.11517728449942, 20.584971020629418, 10.853123470803236, 6.394656575704829, 12.624949638888465, 18.966008817060853], [29.34224309599447, 19.22966093770855, 11.002840672778781, 0.0, 12.459168928571318, 10.63934516602173, 5.515058364986086, 13.86208541195855, 21.195238520727642, 28.267813342855174], [40.45539070014722, 31.04071638372483, 23.11517728449942, 12.459168928571318, 0.0, 4.56805154613682, 13.938138754854245, 24.357708658487955, 30.97017824617307, 38.055700251363156], [37.5911695396843, 28.39360329931247, 20.584971020629418, 10.63934516602173, 4.56805154613682, 0.0, 10.428763321717533, 20.988157587839673, 27.678841796541608, 34.95116390843928], [27.925381040262927, 18.516386143467553, 10.853123470803236, 5.515058364986086, 13.938138754854245, 10.428763321717533, 0.0, 11.061489617815726, 18.543053082232873, 26.016681802228163], [17.107780315407048, 9.065593732326638, 6.394656575704829, 13.86208541195855, 24.357708658487955, 20.988157587839673, 11.061489617815726, 0.0, 7.974510978637055, 15.35690622476887], [11.260284091202585, 9.091998050355873, 12.624949638888465, 21.195238520727642, 30.97017824617307, 27.678841796541608, 18.543053082232873, 7.974510978637055, 0.0, 7.562240375929743], [7.059473067901738, 12.686620086989324, 18.966008817060853, 28.267813342855174, 38.055700251363156, 34.95116390843928, 26.016681802228163, 15.35690622476887, 7.562240375929743, 0.0]]