[[0.0, 10.051508734717839, 18.472697896031644, 29.922099183039432, 38.549770538211064, 36.11922478056129, 27.301062897362748, 18.132120605689842, 11.757201380981316, 6.786271669259415], [10.051508734717839, 0.0, 8.477362475047588, 20.064029588780667, 28.982962337232486, 26.62407568142864, 17.657981301883915, 9.245231361058037, 6.847102931350015, 10.357999128678472], [18.472697896031644, 8.477362475047588, 0.0, 11.697888073999385, 20.932110467367927, 18.87773006843834, 10.22775804918209, 6.306803363311877, 11.182740254561626, 17.639760226466485], [29.922099183039432, 20.064029588780667, 11.697888073999385, 0.0, 9.589013457969122, 8.581131587880117, 6.037371245412197, 13.765037213911953, 20.807394014735582, 28.04312612208507], [38.549770538211064, 28.982962337232486, 20.932110467367927, 9.589013457969122, 0.0, 4.280102959602841, 12.531757225653989, 21.530582677391752, 28.41467677094109, 35.739078840652525], [36.11922478056129, 26.62407568142864, 18.87773006843834, 8.581131587880117, 4.280102959602841, 0.0, 9.400090312560511, 18.489390068204273, 25.499429129062676, 32.967201759150136], [27.301062897362748, 17.657981301883915, 10.22775804918209, 6.037371245412197, 12.531757225653989, 9.400090312560511, 0.0, 9.533691675534556, 17.03533989678668, 24.617101936903254], [18.132120605689842, 9.245231361058037, 6.306803363311877, 13.765037213911953, 21.530582677391752, 18.489390068204273, 9.533691675534556, 0.0, 7.676824994356787, 15.235910385449866], [11.757201380981316, 6.847102931350015, 11.182740254561626, 20.807394014735582, 28.41467677094109, 25.499429129062676, 17.03533989678668, 7.676824994356787, 0.0, 7.620546569449856], [6.786271669259415, 10.357999128678472, 17.639760226466485, 28.04312612208507, 35.739078840652525, 32.967201759150136, 24.617101936903254, 15.235910385449866, 7.620546569449856, 0.0]]