[[0.0, 8.144386495473679, 16.904111415235462, 24.477314802898885, 30.241895759866704, 25.510138306089623, 14.870118434242848, 6.76672450766765], [8.144386495473679, 0.0, 9.032257202789893, 17.790806856188475, 24.629637103155737, 20.86630342217176, 11.872701346067833, 7.000463117122609], [16.904111415235462, 9.032257202789893, 0.0, 10.726114665171774, 18.95952477626288, 16.54540384034965, 11.969128259771093, 13.464717343968418], [24.477314802898885, 17.790806856188475, 10.726114665171774, 0.0, 8.640017880731326, 8.089777150808914, 12.567039947250983, 18.736574109920653], [30.241895759866704, 24.629637103155737, 18.95952477626288, 8.640017880731326, 0.0, 6.581981498041528, 17.001749776270824, 23.75221054421853], [25.510138306089623, 20.86630342217176, 16.54540384034965, 8.089777150808914, 6.581981498041528, 0.0, 11.237462491244456, 18.91626116988907], [14.870118434242848, 11.872701346067833, 11.969128259771093, 12.567039947250983, 17.001749776270824, 11.237462491244456, 0.0, 8.695325645168845], [6.76672450766765, 7.000463117122609, 13.464717343968418, 18.736574109920653, 23.75221054421853, 18.91626116988907, 8.695325645168845, 0.0]]