[[0.0, 10.01907881914904, 17.878963001377482, 28.990337777769902, 37.937377197950525, 36.289752456081764, 27.5205947785691, 18.508071497524426, 12.713335342059137, 8.014218753051667], [10.01907881914904, 0.0, 7.879547337284294, 19.060194798798882, 28.363872190286664, 26.880555495659014, 17.95489493927425, 9.72504365786216, 7.789971837341326, 10.717040104810188], [17.878963001377482, 7.879547337284294, 0.0, 11.26090201434645, 20.862693771587143, 19.54969653134994, 10.617478114640594, 5.652439843307756, 10.524402660715479, 16.84834372833704], [28.990337777769902, 19.060194798798882, 11.26090201434645, 0.0, 10.317215411582188, 10.029128077977068, 5.385988365636894, 12.541077650694175, 19.662528084415875, 26.894509404870835], [37.937377197950525, 28.363872190286664, 20.862693771587143, 10.317215411582188, 0.0, 3.5604424752079638, 11.307608611122381, 20.281944848088806, 27.024338117022705, 34.42662778901607], [36.289752456081764, 26.880555495659014, 19.54969653134994, 10.029128077977068, 3.5604424752079638, 0.0, 9.267560577164414, 18.15329874409147, 24.87322817204721, 32.35614685626986], [27.5205947785691, 17.95489493927425, 10.617478114640594, 5.385988365636894, 11.307608611122381, 9.267560577164414, 0.0, 9.376275649830747, 16.721818741835325, 24.284203590200402], [18.508071497524426, 9.72504365786216, 5.652439843307756, 12.541077650694175, 20.281944848088806, 18.15329874409147, 9.376275649830747, 0.0, 7.613831285137993, 15.094454337445956], [12.713335342059137, 7.789971837341326, 10.524402660715479, 19.662528084415875, 27.024338117022705, 24.87322817204721, 16.721818741835325, 7.613831285137993, 0.0, 7.598008455412836], [8.014218753051667, 10.717040104810188, 16.84834372833704, 26.894509404870835, 34.42662778901607, 32.35614685626986, 24.284203590200402, 15.094454337445956, 7.598008455412836, 0.0]]