[[0.0, 9.030806385503512, 17.36652809590357, 23.70931280094877, 30.407449527915194, 23.38072258600035, 16.123616376155507, 8.313804932673184], [9.030806385503512, 0.0, 8.719823542636345, 15.792780612997133, 23.89153052203531, 17.63439373438985, 11.99606388934308, 8.693811673309355], [17.36652809590357, 8.719823542636345, 0.0, 8.150395004271694, 17.834767528440786, 12.74736346565873, 10.917603978579825, 13.872967403643282], [23.70931280094877, 15.792780612997133, 8.150395004271694, 0.0, 10.131675694106821, 7.53416945503577, 11.19190031315009, 17.856130953066067], [30.407449527915194, 23.89153052203531, 17.834767528440786, 10.131675694106821, 0.0, 8.026386697299413, 15.245607143819033, 22.957461009454224], [23.38072258600035, 17.63439373438985, 12.74736346565873, 7.53416945503577, 8.026386697299413, 0.0, 7.564687425594329, 15.797276369551364], [16.123616376155507, 11.99606388934308, 10.917603978579825, 11.19190031315009, 15.245607143819033, 7.564687425594329, 0.0, 8.399117617925171], [8.313804932673184, 8.693811673309355, 13.872967403643282, 17.856130953066067, 22.957461009454224, 15.797276369551364, 8.399117617925171, 0.0]]