[[0.0, 8.902043902795867, 17.686278079724662, 27.40465411377743, 38.107450869356995, 36.735262016083524, 27.429398945861628, 17.24888808220405, 12.714854246416118, 7.891194614616598], [8.902043902795867, 0.0, 8.816359025044521, 18.565270003093868, 29.71029788177032, 28.614873138576968, 19.009984166358947, 9.608690275427026, 9.293086429161685, 10.920443454756454], [17.686278079724662, 8.816359025044521, 0.0, 9.863831066619957, 21.51049151165956, 20.715142178743687, 10.848730172177477, 5.713156034322359, 12.24628511505775, 17.797720107784958], [27.40465411377743, 18.565270003093868, 9.863831066619957, 0.0, 12.495194026337442, 12.836817826280035, 5.455598191450411, 12.299955492809683, 19.882067754519902, 26.57458004918309], [38.107450869356995, 29.71029788177032, 21.51049151165956, 12.495194026337442, 0.0, 4.440628045986064, 11.70365364110396, 21.725379371719892, 28.148412334450747, 35.459591003369724], [36.735262016083524, 28.614873138576968, 20.715142178743687, 12.836817826280035, 4.440628045986064, 0.0, 10.121431649474394, 19.846987326158246, 25.941852240593246, 33.45928146116077], [27.429398945861628, 19.009984166358947, 10.848730172177477, 5.455598191450411, 11.70365364110396, 10.121431649474394, 0.0, 10.523678930051318, 17.851181307299104, 25.22100472367548], [17.24888808220405, 9.608690275427026, 5.713156034322359, 12.299955492809683, 21.725379371719892, 19.846987326158246, 10.523678930051318, 0.0, 8.04393087205422, 15.011980051962329], [12.714854246416118, 9.293086429161685, 12.24628511505775, 19.882067754519902, 28.148412334450747, 25.941852240593246, 17.851181307299104, 8.04393087205422, 0.0, 7.649922243841697], [7.891194614616598, 10.920443454756454, 17.797720107784958, 26.57458004918309, 35.459591003369724, 33.45928146116077, 25.22100472367548, 15.011980051962329, 7.649922243841697, 0.0]]