[[0.0, 8.8648715213281, 17.687138087262788, 27.154634400246508, 37.70571044488283, 36.23608766997339, 27.27243631256564, 18.230936155799817, 11.712545580460208, 8.634326917449618], [8.8648715213281, 0.0, 8.82470636408113, 18.343688396536532, 29.345054096148917, 28.05999947269467, 18.899346918962173, 10.528143901256149, 7.9715487309248765, 10.59356877592122], [17.687138087262788, 8.82470636408113, 0.0, 9.747614669388456, 21.56982737276968, 20.640141201444603, 11.448323283908215, 6.941414024269188, 12.219778649911378, 17.588709765853235], [27.154634400246508, 18.343688396536532, 9.747614669388456, 0.0, 12.448101738557453, 12.183073132194277, 5.547068999622954, 11.352004605268887, 19.362807593443392, 25.459760584851697], [37.70571044488283, 29.345054096148917, 21.56982737276968, 12.448101738557453, 0.0, 3.467206058632656, 11.425529612024604, 20.414784713434752, 27.911928562341412, 33.96047742382556], [36.23608766997339, 28.05999947269467, 20.640141201444603, 12.183073132194277, 3.467206058632656, 0.0, 9.646131511862777, 18.488988861797452, 25.938177271286147, 32.03006889497483], [27.27243631256564, 18.899346918962173, 11.448323283908215, 5.547068999622954, 11.425529612024604, 9.646131511862777, 0.0, 9.403835821923838, 17.67463981848063, 24.01520287790703], [18.230936155799817, 10.528143901256149, 6.941414024269188, 11.352004605268887, 20.414784713434752, 18.488988861797452, 9.403835821923838, 0.0, 8.631066066080772, 14.989523518474828], [11.712545580460208, 7.9715487309248765, 12.219778649911378, 19.362807593443392, 27.911928562341412, 25.938177271286147, 17.67463981848063, 8.631066066080772, 0.0, 6.386488823200192], [8.634326917449618, 10.59356877592122, 17.588709765853235, 25.459760584851697, 33.96047742382556, 32.03006889497483, 24.01520287790703, 14.989523518474828, 6.386488823200192, 0.0]]