[[0.0, 9.640167350441068, 17.264821083515315, 23.593797568658925, 30.992612488248568, 23.373760682796124, 15.918979896848603, 7.674886767909024], [9.640167350441068, 0.0, 8.462309188567916, 16.52850997917096, 25.792330170765325, 18.30630271971263, 11.62785155848001, 8.287540474847832], [17.264821083515315, 8.462309188567916, 0.0, 8.941244442232131, 19.165362051998546, 12.447141640647502, 8.948419527001679, 12.431486141741297], [23.593797568658925, 16.52850997917096, 8.941244442232131, 0.0, 10.456187750598255, 6.416989023686265, 9.890905149069116, 17.065538300557087], [30.992612488248568, 25.792330170765325, 19.165362051998546, 10.456187750598255, 0.0, 9.916796352922097, 16.947101472991807, 24.080956991611814], [23.373760682796124, 18.30630271971263, 12.447141640647502, 6.416989023686265, 9.916796352922097, 0.0, 7.778730585403765, 15.908574387386535], [15.918979896848603, 11.62785155848001, 8.948419527001679, 9.890905149069116, 16.947101472991807, 7.778730585403765, 0.0, 8.435895209864272], [7.674886767909024, 8.287540474847832, 12.431486141741297, 17.065538300557087, 24.080956991611814, 15.908574387386535, 8.435895209864272, 0.0]]