[[0.0, 9.63107281061902, 19.44805776015844, 29.434687312929228, 40.993625621051734, 38.23188526648491, 28.02960272250468, 18.204173230289612, 11.21842694436439, 7.6680121044627985], [9.63107281061902, 0.0, 9.872955644612913, 20.035429599672877, 32.06099583095694, 29.611332862372024, 19.20267879104603, 10.004032381996073, 7.799966010781714, 10.603883389288143], [19.44805776015844, 9.872955644612913, 0.0, 10.297686109517127, 22.754152525279473, 20.789372775799396, 10.70727121657096, 6.459253648217105, 12.858654150336184, 18.343194748078833], [29.434687312929228, 20.035429599672877, 10.297686109517127, 0.0, 12.829823097070442, 11.548792375676907, 5.640703403207529, 12.76957220408538, 20.97094878534803, 27.007075869806805], [40.993625621051734, 32.06099583095694, 22.754152525279473, 12.829823097070442, 0.0, 5.340323502288885, 14.608769351066405, 23.957036428036087, 31.36401371505672, 37.21832588571384], [38.23188526648491, 29.611332862372024, 20.789372775799396, 11.548792375676907, 5.340323502288885, 0.0, 11.192196084088504, 20.654506749549334, 28.01416236589231, 34.01406831932373], [28.02960272250468, 19.20267879104603, 10.70727121657096, 5.640703403207529, 14.608769351066405, 11.192196084088504, 0.0, 9.980500469221019, 18.401694705271115, 24.752744505458097], [18.204173230289612, 10.004032381996073, 6.459253648217105, 12.76957220408538, 23.957036428036087, 20.654506749549334, 9.980500469221019, 0.0, 8.998521781288856, 15.36298215462613], [11.21842694436439, 7.799966010781714, 12.858654150336184, 20.97094878534803, 31.36401371505672, 28.01416236589231, 18.401694705271115, 8.998521781288856, 0.0, 6.4407430903119405], [7.6680121044627985, 10.603883389288143, 18.343194748078833, 27.007075869806805, 37.21832588571384, 34.01406831932373, 24.752744505458097, 15.36298215462613, 6.4407430903119405, 0.0]]