[[0.0, 9.036315037332864, 17.019726940285498, 23.96131839252227, 32.364633338011565, 23.336290435869408, 15.002743230840684, 8.479776363770272], [9.036315037332864, 0.0, 8.189065917875615, 15.836037086277804, 25.90273285871214, 17.301323291996308, 11.18535307651323, 6.4755406779472064], [17.019726940285498, 8.189065917875615, 0.0, 9.294501354936587, 21.54169872333057, 13.71889282214939, 11.710726943106138, 11.693859101989428], [23.96131839252227, 15.836037086277804, 9.294501354936587, 0.0, 12.952435531779107, 7.626370263874813, 12.811997497548695, 16.455871833525475], [32.364633338011565, 25.90273285871214, 21.54169872333057, 12.952435531779107, 0.0, 10.674049182564968, 19.74884001624434, 24.356069308525317], [23.336290435869408, 17.301323291996308, 13.71889282214939, 7.626370263874813, 10.674049182564968, 0.0, 9.399477890196989, 14.915066895485689], [15.002743230840684, 11.18535307651323, 11.710726943106138, 12.811997497548695, 19.74884001624434, 9.399477890196989, 0.0, 6.716832115235947], [8.479776363770272, 6.4755406779472064, 11.693859101989428, 16.455871833525475, 24.356069308525317, 14.915066895485689, 6.716832115235947, 0.0]]