[[0.0, 9.035362871805757, 17.00563203981672, 24.226809934789884, 32.25719815998597, 23.345298753867986, 14.814422065496071, 8.508362118474153], [9.035362871805757, 0.0, 8.196335417582972, 15.883868269592956, 25.712966449383273, 17.28740592906021, 10.410399723159959, 6.4939867121348485], [17.00563203981672, 8.196335417582972, 0.0, 8.89070683593813, 21.295785949453126, 13.70532182226091, 10.737085858032152, 11.733095838207793], [24.226809934789884, 15.883868269592956, 8.89070683593813, 0.0, 13.570093411280558, 8.801198736856472, 12.700713976890393, 16.935609761933048], [32.25719815998597, 25.712966449383273, 21.295785949453126, 13.570093411280558, 0.0, 10.4097036556634, 19.08700719245579, 24.118503845899603], [23.345298753867986, 17.28740592906021, 13.70532182226091, 8.801198736856472, 10.4097036556634, 0.0, 9.050156263085578, 14.881542869600791], [14.814422065496071, 10.410399723159959, 10.737085858032152, 12.700713976890393, 19.08700719245579, 9.050156263085578, 0.0, 6.427706799325944], [8.508362118474153, 6.4939867121348485, 11.733095838207793, 16.935609761933048, 24.118503845899603, 14.881542869600791, 6.427706799325944, 0.0]]