[[0.0, 10.775338694478844, 20.14583840244292, 30.460851428199756, 39.97693699329629, 38.66517191414201, 27.728374870788908, 20.406967528505472, 11.894570674381194, 6.38738411178747], [10.775338694478844, 0.0, 9.65592778612169, 20.32403459439316, 30.305596843408132, 29.400683438250695, 18.1429841765664, 11.746792893355357, 8.868341937223327, 12.638133468445803], [20.14583840244292, 9.65592778612169, 0.0, 10.759258645140708, 20.968501015041348, 20.328539792535913, 9.290934184861607, 6.428765355759455, 12.823463889966426, 20.282689058831497], [30.460851428199756, 20.32403459439316, 10.759258645140708, 0.0, 10.37484933960243, 10.360496248090193, 5.260010170635891, 11.851167057730056, 21.177473550777343, 29.505051025265896], [39.97693699329629, 30.305596843408132, 20.968501015041348, 10.37484933960243, 0.0, 4.686028748922696, 13.680887655877525, 20.942174999478375, 29.87252624857865, 38.223628633849046], [38.66517191414201, 29.400683438250695, 20.328539792535913, 10.360496248090193, 4.686028748922696, 0.0, 11.803910483683703, 18.913143097863692, 27.867150685635313, 36.415531981282975], [27.728374870788908, 18.1429841765664, 9.290934184861607, 5.260010170635891, 13.680887655877525, 11.803910483683703, 0.0, 7.681317580788534, 17.56929222305716, 26.24924312675413], [20.406967528505472, 11.746792893355357, 6.428765355759455, 11.851167057730056, 20.942174999478375, 18.913143097863692, 7.681317580788534, 0.0, 10.124933251220863, 18.799764539406816], [11.894570674381194, 8.868341937223327, 12.823463889966426, 21.177473550777343, 29.87252624857865, 27.867150685635313, 17.56929222305716, 10.124933251220863, 0.0, 8.78886391545381], [6.38738411178747, 12.638133468445803, 20.282689058831497, 29.505051025265896, 38.223628633849046, 36.415531981282975, 26.24924312675413, 18.799764539406816, 8.78886391545381, 0.0]]