[[0.0, 9.58065160646535, 16.740846614264346, 24.760433350697948, 32.95032425392919, 24.60287843800806, 16.10789666669348, 8.727919149317433], [9.58065160646535, 0.0, 7.433756263455841, 16.41575270323125, 26.45675150966061, 17.84919395687169, 10.62573987306446, 6.862835845781904], [16.740846614264346, 7.433756263455841, 0.0, 9.62437767266752, 20.9311435717214, 12.461355159504683, 8.70721612053709, 10.784757688598201], [24.760433350697948, 16.41575270323125, 9.62437767266752, 0.0, 12.029098645243911, 6.4406488535650634, 11.533396701245477, 17.15649738391695], [32.95032425392919, 26.45675150966061, 20.9311435717214, 12.029098645243911, 0.0, 10.765265580502138, 19.23613832645131, 24.969185064740422], [24.60287843800806, 17.84919395687169, 12.461355159504683, 6.4406488535650634, 10.765265580502138, 0.0, 9.16555007422997, 16.056166163978997], [16.10789666669348, 10.62573987306446, 8.70721612053709, 11.533396701245477, 19.23613832645131, 9.16555007422997, 0.0, 7.476315647745019], [8.727919149317433, 6.862835845781904, 10.784757688598201, 17.15649738391695, 24.969185064740422, 16.056166163978997, 7.476315647745019, 0.0]]