[[0.0, 11.352065767643792, 18.02950157272546, 25.1903719084444, 32.770509562657494, 24.43291580835396, 15.801885690593542, 8.430088026151681], [11.352065767643792, 0.0, 7.441301563553647, 16.38175187847053, 26.282408600163606, 18.089119782145143, 10.502808844300127, 7.5386549472325655], [18.02950157272546, 7.441301563553647, 0.0, 9.79332915215684, 20.923623020727128, 12.983225358514309, 8.58586325446772, 11.350650071930069], [25.1903719084444, 16.38175187847053, 9.79332915215684, 0.0, 11.679244251915406, 6.403934210730617, 11.038046294547872, 17.28761140082143], [32.770509562657494, 26.282408600163606, 20.923623020727128, 11.679244251915406, 0.0, 10.667784168627009, 19.181748390855123, 25.200399342559315], [24.43291580835396, 18.089119782145143, 12.983225358514309, 6.403934210730617, 10.667784168627009, 0.0, 9.210649688529577, 16.173515412969962], [15.801885690593542, 10.502808844300127, 8.58586325446772, 11.038046294547872, 19.181748390855123, 9.210649688529577, 0.0, 7.371798906350134], [8.430088026151681, 7.5386549472325655, 11.350650071930069, 17.28761140082143, 25.200399342559315, 16.173515412969962, 7.371798906350134, 0.0]]