[[0.0, 9.383363721154693, 19.046427072598945, 29.627088118848484, 41.173424742002055, 37.27363229260188, 27.44804363135351, 16.692848537697394, 10.010572374826125, 5.315177231030868], [9.383363721154693, 0.0, 9.74688382339689, 20.529791314629843, 32.614786497143115, 28.862191738607095, 18.901844313494593, 8.874454607953549, 6.490483429930468, 10.33764396439358], [19.046427072598945, 9.74688382339689, 0.0, 10.898515157766907, 23.444631925727755, 19.998825351125895, 10.55050208341233, 6.633964850354273, 12.222132666446965, 18.816699324499478], [29.627088118848484, 20.529791314629843, 10.898515157766907, 0.0, 12.945846423649323, 10.572888054179469, 7.105661142591238, 14.767334854589132, 21.635046147326545, 28.61514260857807], [41.173424742002055, 32.614786497143115, 23.444631925727755, 12.945846423649323, 0.0, 6.51768169786413, 16.062824417588242, 25.972078470675715, 32.42802461650335, 39.2373201393939], [37.27363229260188, 28.862191738607095, 19.998825351125895, 10.572888054179469, 6.51768169786413, 0.0, 10.83273511496427, 21.255704285704482, 27.96854869096067, 35.06930002281464], [27.44804363135351, 18.901844313494593, 10.55050208341233, 7.105661142591238, 16.062824417588242, 10.83273511496427, 0.0, 10.918427951503272, 18.275558483169316, 25.71074097069042], [16.692848537697394, 8.874454607953549, 6.633964850354273, 14.767334854589132, 25.972078470675715, 21.255704285704482, 10.918427951503272, 0.0, 7.691503535352889, 15.16420712449876], [10.010572374826125, 6.490483429930468, 12.222132666446965, 21.635046147326545, 32.42802461650335, 27.96854869096067, 18.275558483169316, 7.691503535352889, 0.0, 7.511108485428034], [5.315177231030868, 10.33764396439358, 18.816699324499478, 28.61514260857807, 39.2373201393939, 35.06930002281464, 25.71074097069042, 15.16420712449876, 7.511108485428034, 0.0]]