[[0.0, 10.639686514029723, 18.70868067310715, 29.16469147479344, 39.93893671892787, 37.19022758448831, 27.771780412951095, 17.03112674962596, 11.266748169231173, 6.939863579441673], [10.639686514029723, 0.0, 8.317008953849998, 19.074989264861227, 30.521917435922422, 28.003840185060138, 18.392090370445175, 9.026713620624118, 9.132494477156278, 12.673724680804176], [18.70868067310715, 8.317008953849998, 0.0, 10.84269241933709, 22.566104733254605, 20.181341763280408, 10.740247213241648, 6.393105227839441, 12.61850724509682, 18.970531416438867], [29.16469147479344, 19.074989264861227, 10.84269241933709, 0.0, 12.063769187997337, 10.416136570248392, 5.505603636588907, 13.768491698490944, 21.057924467610313, 28.20055923775502], [39.93893671892787, 30.521917435922422, 22.566104733254605, 12.063769187997337, 0.0, 4.4661387974846924, 13.505513208336401, 23.88379117763384, 30.472947307986292, 37.70062459836783], [37.19022758448831, 28.003840185060138, 20.181341763280408, 10.416136570248392, 4.4661387974846924, 0.0, 10.126656472418373, 20.637198364448356, 27.298911298711328, 34.695782261234264], [27.771780412951095, 18.392090370445175, 10.740247213241648, 5.505603636588907, 13.505513208336401, 10.126656472418373, 0.0, 10.984318688225002, 18.42784678939946, 25.96388497138244], [17.03112674962596, 9.026713620624118, 6.393105227839441, 13.768491698490944, 23.88379117763384, 20.637198364448356, 10.984318688225002, 0.0, 7.960378570088797, 15.353349423337761], [11.266748169231173, 9.132494477156278, 12.61850724509682, 21.057924467610313, 30.472947307986292, 27.298911298711328, 18.42784678939946, 7.960378570088797, 0.0, 7.608111266510434], [6.939863579441673, 12.673724680804176, 18.970531416438867, 28.20055923775502, 37.70062459836783, 34.695782261234264, 25.96388497138244, 15.353349423337761, 7.608111266510434, 0.0]]