[[0.0, 10.462071345064993, 17.85104571004181, 24.11909873819014, 29.207843346221473, 23.36923628643335, 16.041087698782583, 8.172921178650203], [10.462071345064993, 0.0, 8.433680656064352, 15.893405060764891, 22.701477082111815, 18.026818350623525, 12.732444235061154, 9.653640131647492], [17.85104571004181, 8.433680656064352, 0.0, 7.920083503088146, 15.7332956629729, 12.271268668359397, 10.62960034735634, 13.571751910312281], [24.11909873819014, 15.893405060764891, 7.920083503088146, 0.0, 8.334133316309439, 7.407991417560231, 11.217590293752803, 17.847803604214278], [29.207843346221473, 22.701477082111815, 15.7332956629729, 8.334133316309439, 0.0, 6.549239904690083, 13.765317038368204, 21.638110608697122], [23.36923628643335, 18.026818350623525, 12.271268668359397, 7.407991417560231, 6.549239904690083, 0.0, 7.518068025419899, 15.777594385899077], [16.041087698782583, 12.732444235061154, 10.62960034735634, 11.217590293752803, 13.765317038368204, 7.518068025419899, 0.0, 8.3840945464994], [8.172921178650203, 9.653640131647492, 13.571751910312281, 17.847803604214278, 21.638110608697122, 15.777594385899077, 8.3840945464994, 0.0]]