[[0.0, 9.035516926279481, 17.017803818226312, 24.22382339818399, 32.33750574831513, 23.32659258493321, 14.813814439333848, 8.491823442108176], [9.035516926279481, 0.0, 8.19500146623373, 15.884547852098564, 25.85602136572998, 17.282882399164503, 10.410161472307863, 6.488239077451527], [17.017803818226312, 8.19500146623373, 0.0, 8.894041594701255, 21.493735464488488, 13.695186898206577, 10.736025216197751, 11.72232888979891], [24.22382339818399, 15.884547852098564, 8.894041594701255, 0.0, 13.800853915442552, 8.790957582315196, 12.70149347496876, 16.935057065413456], [32.33750574831513, 25.85602136572998, 21.493735464488488, 13.800853915442552, 0.0, 10.659519995234353, 19.27492578411637, 24.27232966941126], [23.32659258493321, 17.282882399164503, 13.695186898206577, 8.790957582315196, 10.659519995234353, 0.0, 9.042361422379058, 14.883688519421897], [14.813814439333848, 10.410161472307863, 10.736025216197751, 12.70149347496876, 19.27492578411637, 9.042361422379058, 0.0, 6.422565707097286], [8.491823442108176, 6.488239077451527, 11.72232888979891, 16.935057065413456, 24.27232966941126, 14.883688519421897, 6.422565707097286, 0.0]]