[[0.0, 10.683816869650288, 18.211524365524898, 25.147774634500223, 32.68773298181087, 24.442396682315525, 15.85194526798579, 8.511781613558641], [10.683816869650288, 0.0, 7.8300338829496114, 16.215931236316365, 25.938524994493843, 18.039910410055505, 10.481732725881203, 7.496446759114814], [18.211524365524898, 7.8300338829496114, 0.0, 10.169393996468319, 21.58061837997996, 14.146653084036728, 9.830919385014301, 12.342569564597964], [25.147774634500223, 16.215931236316365, 10.169393996468319, 0.0, 11.863638064964432, 7.496814874545993, 11.612042101846944, 17.664649421840277], [32.68773298181087, 25.938524994493843, 21.58061837997996, 11.863638064964432, 0.0, 10.856027855493144, 19.31162782056834, 25.301981648932742], [24.442396682315525, 18.039910410055505, 14.146653084036728, 7.496814874545993, 10.856027855493144, 0.0, 9.240188705006299, 16.191041821612163], [15.85194526798579, 10.481732725881203, 9.830919385014301, 11.612042101846944, 19.31162782056834, 9.240188705006299, 0.0, 7.37245077586484], [8.511781613558641, 7.496446759114814, 12.342569564597964, 17.664649421840277, 25.301981648932742, 16.191041821612163, 7.37245077586484, 0.0]]