[[0.0, 9.59445314259911, 17.30660544930432, 24.73063585027332, 32.988357146717384, 24.591836855610296, 16.098975052248324, 8.698991884912818], [9.59445314259911, 0.0, 7.78418013059539, 16.389608865397303, 26.56928148474727, 17.869479528701916, 10.608565554602752, 6.784685492648937], [17.30660544930432, 7.78418013059539, 0.0, 10.465560462075116, 22.30041299440739, 13.784462391373301, 10.081787432819045, 11.852286102634755], [24.73063585027332, 16.389608865397303, 10.465560462075116, 0.0, 12.257377831825698, 6.46066159337517, 11.527171552677698, 17.16209400563797], [32.988357146717384, 26.56928148474727, 22.30041299440739, 12.257377831825698, 0.0, 10.87170271295555, 19.415048627939257, 25.15812609748355], [24.591836855610296, 17.869479528701916, 13.784462391373301, 6.46066159337517, 10.87170271295555, 0.0, 9.22231123844175, 16.101773828726504], [16.098975052248324, 10.608565554602752, 10.081787432819045, 11.527171552677698, 19.415048627939257, 9.22231123844175, 0.0, 7.460488973416751], [8.698991884912818, 6.784685492648937, 11.852286102634755, 17.16209400563797, 25.15812609748355, 16.101773828726504, 7.460488973416751, 0.0]]