[[0.0, 10.69990118543106, 18.827014281366363, 29.532063291646164, 40.92755879082898, 37.72856090504764, 27.892684814658125, 17.028672599612307, 11.087793734052324, 6.920403163826006], [10.69990118543106, 0.0, 8.36697021381599, 19.39040096407379, 31.49733481914547, 28.630648099789422, 18.423713033131214, 8.935398557053958, 8.942272249390028, 12.644677661037466], [18.827014281366363, 8.36697021381599, 0.0, 11.127981059035909, 23.548256762952747, 20.87785504621018, 10.719853008966915, 6.40098154402323, 12.654093742549682, 19.015663678221067], [29.532063291646164, 19.39040096407379, 11.127981059035909, 0.0, 12.771894104458115, 11.135966801992094, 5.662588762508804, 14.164168696649865, 21.45515145971151, 28.471294908660226], [40.92755879082898, 31.49733481914547, 23.548256762952747, 12.771894104458115, 0.0, 5.67626501871204, 14.642137143314388, 25.04173027031111, 31.60057160050186, 38.57074366631276], [37.72856090504764, 28.630648099789422, 20.87785504621018, 11.135966801992094, 5.67626501871204, 0.0, 10.754210568293189, 21.21476831557314, 27.802802301712877, 35.000141373205736], [27.892684814658125, 18.423713033131214, 10.719853008966915, 5.662588762508804, 14.642137143314388, 10.754210568293189, 0.0, 11.120433781314604, 18.618254197589906, 26.053981971522454], [17.028672599612307, 8.935398557053958, 6.40098154402323, 14.164168696649865, 25.04173027031111, 21.21476831557314, 11.120433781314604, 0.0, 7.9811897166703805, 15.354707796666597], [11.087793734052324, 8.942272249390028, 12.654093742549682, 21.45515145971151, 31.60057160050186, 27.802802301712877, 18.618254197589906, 7.9811897166703805, 0.0, 7.5381361058083165], [6.920403163826006, 12.644677661037466, 19.015663678221067, 28.471294908660226, 38.57074366631276, 35.000141373205736, 26.053981971522454, 15.354707796666597, 7.5381361058083165, 0.0]]