[[0.0, 10.707979494346118, 19.32338499640011, 31.09191026914932, 43.90151505921535, 40.22598867086045, 27.876279195510666, 18.082430761853093, 11.28282379736766, 6.271631154976031], [10.707979494346118, 0.0, 8.63882388257615, 20.555913834086873, 33.950480017292975, 30.443196633548244, 17.931411324095215, 8.88517629547563, 6.44736095207233, 10.366975685779966], [19.32338499640011, 8.63882388257615, 0.0, 12.031116609399975, 25.94544517077426, 22.72406897321927, 10.68176393392561, 6.4573293552376585, 11.503178408220009, 17.891218599822682], [31.09191026914932, 20.555913834086873, 12.031116609399975, 0.0, 14.51606951185372, 12.091207467900754, 7.282358096048425, 14.802056455412606, 21.79361568766383, 28.68464479143106], [43.90151505921535, 33.950480017292975, 25.94544517077426, 14.51606951185372, 0.0, 6.108912470728817, 18.32329249604768, 27.432347769824503, 33.86465613015715, 40.410180316361895], [40.22598867086045, 30.443196633548244, 22.72406897321927, 12.091207467900754, 6.108912470728817, 0.0, 13.63469158544985, 23.0365902679889, 29.628252477214645, 36.43383457015341], [27.876279195510666, 17.931411324095215, 10.68176393392561, 7.282358096048425, 18.32329249604768, 13.63469158544985, 0.0, 9.960783084099662, 17.388445789379823, 24.74142988320802], [18.082430761853093, 8.88517629547563, 6.4573293552376585, 14.802056455412606, 27.432347769824503, 23.0365902679889, 9.960783084099662, 0.0, 7.752743159741911, 15.20417809313746], [11.28282379736766, 6.44736095207233, 11.503178408220009, 21.79361568766383, 33.86465613015715, 29.628252477214645, 17.388445789379823, 7.752743159741911, 0.0, 7.486730434267419], [6.271631154976031, 10.366975685779966, 17.891218599822682, 28.68464479143106, 40.410180316361895, 36.43383457015341, 24.74142988320802, 15.20417809313746, 7.486730434267419, 0.0]]