[[0.0, 10.18162867518056, 18.815602594927995, 31.32282559791313, 39.41430020418227, 36.35171984112374, 27.373131340256364, 18.032186265051838, 11.3894258873096, 6.377149293741053], [10.18162867518056, 0.0, 8.698608269879154, 21.404541577760288, 29.706461807639577, 26.662243065994385, 17.56223072830744, 8.992045813661038, 6.474385162093541, 10.34500287501386], [18.815602594927995, 8.698608269879154, 0.0, 12.814545268638641, 21.399336749494292, 18.647764981193962, 9.97399961705664, 6.4005050006012025, 11.464461880825679, 18.00480376050889], [31.32282559791313, 21.404541577760288, 12.814545268638641, 0.0, 9.298652424116197, 8.564181544861421, 8.132841623231759, 15.817121814515875, 22.71333905350048, 29.74656576951992], [39.41430020418227, 29.706461807639577, 21.399336749494292, 9.298652424116197, 0.0, 5.033204238806627, 13.619242964592747, 22.731769739340713, 29.70658467602427, 36.906752800643766], [36.35171984112374, 26.662243065994385, 18.647764981193962, 8.564181544861421, 5.033204238806627, 0.0, 9.612029682405998, 18.92782509102641, 26.1130417660743, 33.51918308883621], [27.373131340256364, 17.56223072830744, 9.97399961705664, 8.132841623231759, 13.619242964592747, 9.612029682405998, 0.0, 9.728191037110703, 17.350813201058823, 24.91289554662647], [18.032186265051838, 8.992045813661038, 6.4005050006012025, 15.817121814515875, 22.731769739340713, 18.92782509102641, 9.728191037110703, 0.0, 7.770075079907661, 15.348788016708747], [11.3894258873096, 6.474385162093541, 11.464461880825679, 22.71333905350048, 29.70658467602427, 26.1130417660743, 17.350813201058823, 7.770075079907661, 0.0, 7.618400959873009], [6.377149293741053, 10.34500287501386, 18.00480376050889, 29.74656576951992, 36.906752800643766, 33.51918308883621, 24.91289554662647, 15.348788016708747, 7.618400959873009, 0.0]]