[[0.0, 10.10292581412919, 18.63869211493931, 30.245859092358756, 38.83294210345194, 36.11484516478915, 27.263474687551238, 18.062913974765006, 11.557271780654375, 6.598814730931231], [10.10292581412919, 0.0, 8.60110939773777, 20.34794967962986, 29.20276452744851, 26.530294711972996, 17.546072807456067, 9.108218529552476, 6.6409401442902665, 10.335531883614166], [18.63869211493931, 8.60110939773777, 0.0, 11.850273212025197, 20.993917133395236, 18.626817645061895, 10.030584686705263, 6.332287933873031, 11.297503902322275, 17.792518842626805], [30.245859092358756, 20.34794967962986, 11.850273212025197, 0.0, 9.4741902695708, 8.26534866017563, 6.424448217290723, 14.212342997270008, 21.252579792414213, 28.42647096712066], [38.83294210345194, 29.20276452744851, 20.993917133395236, 9.4741902695708, 0.0, 4.62328966294185, 13.004630318173747, 21.98169148334636, 28.913042888276582, 36.15468304427043], [36.11484516478915, 26.530294711972996, 18.626817645061895, 8.26534866017563, 4.62328966294185, 0.0, 9.462238701262665, 18.592156977836247, 25.693735439451192, 33.110376126791024], [27.263474687551238, 17.546072807456067, 10.030584686705263, 6.424448217290723, 13.004630318173747, 9.462238701262665, 0.0, 9.571324161249688, 17.13481054354676, 24.689423965892523], [18.062913974765006, 9.108218529552476, 6.332287933873031, 14.212342997270008, 21.98169148334636, 18.592156977836247, 9.571324161249688, 0.0, 7.7140781568789585, 15.268237443011882], [11.557271780654375, 6.6409401442902665, 11.297503902322275, 21.252579792414213, 28.913042888276582, 25.693735439451192, 17.13481054354676, 7.7140781568789585, 0.0, 7.600783251468558], [6.598814730931231, 10.335531883614166, 17.792518842626805, 28.42647096712066, 36.15468304427043, 33.110376126791024, 24.689423965892523, 15.268237443011882, 7.600783251468558, 0.0]]