[[0.0, 10.028350388197502, 18.31363066512626, 29.635683771033392, 38.4879067588414, 36.37471518661798, 27.49335433224898, 18.360094278179126, 12.124264900630884, 7.2868225903241255], [10.028350388197502, 0.0, 8.32257042486286, 19.77508751251516, 28.95885741384715, 26.95217314900255, 17.906485210827135, 9.532788061931145, 7.195096136383797, 10.464397420594892], [18.31363066512626, 8.32257042486286, 0.0, 11.584212434020063, 21.140677708425905, 19.43970926554855, 10.61932541875749, 6.394504291096456, 11.13062948738745, 17.466982542457323], [29.635683771033392, 19.77508751251516, 11.584212434020063, 0.0, 9.959910985900276, 9.185975620913059, 5.631004226027361, 13.216073859784004, 20.335432972117754, 27.562976824221398], [38.4879067588414, 28.95885741384715, 21.140677708425905, 9.959910985900276, 0.0, 3.931299148021934, 12.098608514927204, 21.105394217757958, 27.997659155185435, 35.31098350114804], [36.37471518661798, 26.95217314900255, 19.43970926554855, 9.185975620913059, 3.931299148021934, 0.0, 9.43045654693457, 18.452099854897526, 25.407801656717197, 32.83864023290726], [27.49335433224898, 17.906485210827135, 10.61932541875749, 5.631004226027361, 12.098608514927204, 9.43045654693457, 0.0, 9.490569154560648, 16.967367093913477, 24.52226825329757], [18.360094278179126, 9.532788061931145, 6.394504291096456, 13.216073859784004, 21.105394217757958, 18.452099854897526, 9.490569154560648, 0.0, 7.661045299281031, 15.192521724508737], [12.124264900630884, 7.195096136383797, 11.13062948738745, 20.335432972117754, 27.997659155185435, 25.407801656717197, 16.967367093913477, 7.661045299281031, 0.0, 7.594184130988001], [7.2868225903241255, 10.464397420594892, 17.466982542457323, 27.562976824221398, 35.31098350114804, 32.83864023290726, 24.52226825329757, 15.192521724508737, 7.594184130988001, 0.0]]