[[0.0, 10.13734406062934, 18.72141131342087, 30.436786281594728, 39.110287077043374, 36.22424203004542, 27.302999583961576, 18.05235319588239, 11.464832282354855, 6.448774256474251], [10.13734406062934, 0.0, 8.65006461848315, 20.5084964076787, 29.44870226449463, 26.593902860200537, 17.543612729510794, 9.058503578641126, 6.550289819035108, 10.335217110923503], [18.72141131342087, 8.65006461848315, 0.0, 11.96333835350961, 21.189998496544096, 18.63426187049141, 9.993026248101877, 6.358146533818325, 11.375019171991973, 17.907895855085428], [30.436786281594728, 20.5084964076787, 11.96333835350961, 0.0, 9.55207748171993, 8.19373130097418, 6.590479698968582, 14.443792740413924, 21.51240899160884, 28.69929165700202], [39.110287077043374, 29.44870226449463, 21.189998496544096, 9.55207748171993, 0.0, 4.821996709396327, 13.323279010813739, 22.331184231643622, 29.301912067550127, 36.55139157621587], [36.22424203004542, 26.593902860200537, 18.63426187049141, 8.19373130097418, 4.821996709396327, 0.0, 9.55173430329639, 18.74069450146696, 25.900418240766477, 33.33693096271224], [27.302999583961576, 17.543612729510794, 9.993026248101877, 6.590479698968582, 13.323279010813739, 9.55173430329639, 0.0, 9.626356586374461, 17.233017327964657, 24.809535758268655], [18.05235319588239, 9.058503578641126, 6.358146533818325, 14.443792740413924, 22.331184231643622, 18.74069450146696, 9.626356586374461, 0.0, 7.746559566565082, 15.326908951142888], [11.464832282354855, 6.550289819035108, 11.375019171991973, 21.51240899160884, 29.301912067550127, 25.900418240766477, 17.233017327964657, 7.746559566565082, 0.0, 7.624071876715027], [6.448774256474251, 10.335217110923503, 17.907895855085428, 28.69929165700202, 36.55139157621587, 33.33693096271224, 24.809535758268655, 15.326908951142888, 7.624071876715027, 0.0]]