[[0.0, 9.568824005780648, 16.80894388277259, 24.63498635080152, 32.530402258637054, 24.40077016057731, 15.771107530436216, 8.420395197148467], [9.568824005780648, 0.0, 7.464430895719914, 16.158586398548763, 25.706290959234295, 17.015534727351593, 8.673843786609368, 4.721383435774413], [16.80894388277259, 7.464430895719914, 0.0, 9.507579692200796, 20.40305373996718, 11.383692621384942, 5.890241855761948, 9.506060248443674], [24.63498635080152, 16.158586398548763, 9.507579692200796, 0.0, 11.548952118193489, 4.423763763015041, 9.584005807964179, 16.408553095583905], [32.530402258637054, 25.706290959234295, 20.40305373996718, 11.548952118193489, 0.0, 10.167954808379651, 18.36306788023649, 24.584573584103385], [24.40077016057731, 17.015534727351593, 11.383692621384942, 4.423763763015041, 10.167954808379651, 0.0, 8.927279922073135, 16.0164309307405], [15.771107530436216, 8.673843786609368, 5.890241855761948, 9.584005807964179, 18.36306788023649, 8.927279922073135, 0.0, 7.36635634221716], [8.420395197148467, 4.721383435774413, 9.506060248443674, 16.408553095583905, 24.584573584103385, 16.0164309307405, 7.36635634221716, 0.0]]