[[0.0, 11.579844792965966, 17.938428777847967, 25.602554198365137, 29.750445315310863, 23.676569126742038, 16.30551624463344, 8.6616355724243], [11.579844792965966, 0.0, 7.421754844273765, 15.902104443314828, 21.072839060744833, 16.448977527160075, 10.435435000530935, 7.482975912474193], [17.938428777847967, 7.421754844273765, 0.0, 8.959230616447599, 14.822729323649337, 11.228335139275902, 8.457824925419597, 11.909238197944234], [25.602554198365137, 15.902104443314828, 8.959230616447599, 0.0, 6.371143658029221, 6.600226089522238, 10.835075527343824, 18.10584645866782], [29.750445315310863, 21.072839060744833, 14.822729323649337, 6.371143658029221, 0.0, 6.7617764995944665, 13.651863613558517, 21.60726608443905], [23.676569126742038, 16.448977527160075, 11.228335139275902, 6.600226089522238, 6.7617764995944665, 0.0, 7.422726172261172, 15.754271590475453], [16.30551624463344, 10.435435000530935, 8.457824925419597, 10.835075527343824, 13.651863613558517, 7.422726172261172, 0.0, 8.386737399277562], [8.6616355724243, 7.482975912474193, 11.909238197944234, 18.10584645866782, 21.60726608443905, 15.754271590475453, 8.386737399277562, 0.0]]