[[0.0, 9.455562907097654, 19.277067783214623, 29.206803194246678, 41.770331980274726, 38.705587362041, 28.01247583643031, 18.060963024640188, 11.368388316635038, 8.558747027688923], [9.455562907097654, 0.0, 9.916806988472954, 20.046565155815223, 33.2405260021364, 30.31570383176576, 19.414362593797843, 10.04948457262247, 8.096689517599216, 11.017521676884463], [19.277067783214623, 9.916806988472954, 0.0, 10.259140698886675, 23.970565668188517, 21.31666157410909, 10.851855009436633, 6.463254138303011, 12.775720947251276, 18.15489357230444], [29.206803194246678, 20.046565155815223, 10.259140698886675, 0.0, 14.251615503295442, 11.904901793004344, 5.51977667956105, 12.720741790860705, 20.705780423433207, 26.50217448619954], [41.770331980274726, 33.2405260021364, 23.970565668188517, 14.251615503295442, 0.0, 4.824734771165872, 15.72049556997314, 25.18039401242278, 31.970872611259782, 37.26350950137913], [38.705587362041, 30.31570383176576, 21.31666157410909, 11.904901793004344, 4.824734771165872, 0.0, 11.88645274282467, 21.55366794919547, 28.483901475216488, 34.004665280287796], [28.01247583643031, 19.414362593797843, 10.851855009436633, 5.51977667956105, 15.72049556997314, 11.88645274282467, 0.0, 10.159630456572915, 18.309408181887147, 24.43726985387799], [18.060963024640188, 10.04948457262247, 6.463254138303011, 12.720741790860705, 25.18039401242278, 21.55366794919547, 10.159630456572915, 0.0, 8.965302059448529, 15.26697741890077], [11.368388316635038, 8.096689517599216, 12.775720947251276, 20.705780423433207, 31.970872611259782, 28.483901475216488, 18.309408181887147, 8.965302059448529, 0.0, 6.37324279158122], [8.558747027688923, 11.017521676884463, 18.15489357230444, 26.50217448619954, 37.26350950137913, 34.004665280287796, 24.43726985387799, 15.26697741890077, 6.37324279158122, 0.0]]