[[0.0, 10.013289017051589, 17.95466673137291, 29.23587717222061, 38.27579281101917, 36.528990771541935, 27.608891147457232, 18.526233094390776, 12.558590140510205, 7.790804146554968], [10.013289017051589, 0.0, 7.971181132315655, 19.345927018525895, 28.754868048871536, 27.158992767866746, 18.063240417935265, 9.754744847219431, 7.643943841647847, 10.637430639267173], [17.95466673137291, 7.971181132315655, 0.0, 11.453826465839658, 21.136592170214428, 19.700763604679107, 10.60576792934849, 5.585252837106751, 10.448223428196634, 16.852879070583672], [29.23587717222061, 19.345927018525895, 11.453826465839658, 0.0, 10.35485437582224, 9.943763474041704, 5.406311343796988, 12.717301651670375, 19.855735125897052, 27.10556851608116], [38.27579281101917, 28.754868048871536, 21.136592170214428, 10.35485437582224, 0.0, 3.6237959646650926, 11.616935825764942, 20.63266821115706, 27.436997912095904, 34.82070122046524], [36.528990771541935, 27.158992767866746, 19.700763604679107, 9.943763474041704, 3.6237959646650926, 0.0, 9.455844179561863, 18.39953696105878, 25.195832154127793, 32.665643475412544], [27.608891147457232, 18.063240417935265, 10.60576792934849, 5.406311343796988, 11.616935825764942, 9.455844179561863, 0.0, 9.441986266800756, 16.83711252831512, 24.40963596918795], [18.526233094390776, 9.754744847219431, 5.585252837106751, 12.717301651670375, 20.63266821115706, 18.39953696105878, 9.441986266800756, 0.0, 7.6291724156658, 15.144057185615946], [12.558590140510205, 7.643943841647847, 10.448223428196634, 19.855735125897052, 27.436997912095904, 25.195832154127793, 16.83711252831512, 7.6291724156658, 0.0, 7.60782422757611], [7.790804146554968, 10.637430639267173, 16.852879070583672, 27.10556851608116, 34.82070122046524, 32.665643475412544, 24.40963596918795, 15.144057185615946, 7.60782422757611, 0.0]]