[[0.0, 9.632430578007865, 19.464159930643014, 29.49462536058673, 41.00148245205027, 38.247792857614485, 28.064832705869456, 18.22146625758564, 11.184081149357505, 7.6181550138371446], [9.632430578007865, 0.0, 9.889017252561048, 20.0985167114204, 32.06646835239295, 29.62544518043633, 19.236846641915328, 10.017710332136234, 7.776930757749291, 10.590463519642046], [19.464159930643014, 9.889017252561048, 0.0, 10.346269880277577, 22.736519564559146, 20.78297246640225, 10.722464058178463, 6.456974870665751, 12.874577910963337, 18.360766529565947], [29.49462536058673, 20.0985167114204, 10.346269880277577, 0.0, 12.743698856920542, 11.490480427449715, 5.654575328199811, 12.812869708941006, 21.042160879625797, 27.072541797155253], [41.00148245205027, 32.06646835239295, 22.736519564559146, 12.743698856920542, 0.0, 5.331206644561904, 14.553501778037818, 23.933919564666663, 31.407046853964037, 37.2617938745672], [38.247792857614485, 29.62544518043633, 20.78297246640225, 11.490480427449715, 5.331206644561904, 0.0, 11.150434005325039, 20.643023670184775, 28.062936762164885, 34.0616116094983], [28.064832705869456, 19.236846641915328, 10.722464058178463, 5.654575328199811, 14.553501778037818, 11.150434005325039, 0.0, 9.99890929888035, 18.449097520336164, 24.796173991524498], [18.22146625758564, 10.017710332136234, 6.456974870665751, 12.812869708941006, 23.933919564666663, 20.643023670184775, 9.99890929888035, 0.0, 9.009431897182534, 15.376620203900469], [11.184081149357505, 7.776930757749291, 12.874577910963337, 21.042160879625797, 31.407046853964037, 28.062936762164885, 18.449097520336164, 9.009431897182534, 0.0, 6.4414037918057865], [7.6181550138371446, 10.590463519642046, 18.360766529565947, 27.072541797155253, 37.2617938745672, 34.0616116094983, 24.796173991524498, 15.376620203900469, 6.4414037918057865, 0.0]]