[[0.0, 10.21535079446477, 17.1336802449102, 24.718362289878954, 32.36333480709326, 24.489429966083367, 15.925219773386146, 8.710513819364737], [10.21535079446477, 0.0, 7.43189050631789, 16.536888828899283, 26.126212033190384, 18.209884681037877, 10.735347758392972, 8.020609797126651], [17.1336802449102, 7.43189050631789, 0.0, 9.811051625527506, 20.389495899935728, 12.948972776380295, 8.764217072865835, 11.573284905325453], [24.718362289878954, 16.536888828899283, 9.811051625527506, 0.0, 11.022853522748909, 6.3909709575924385, 10.823525787860117, 17.133046892948546], [32.36333480709326, 26.126212033190384, 20.389495899935728, 11.022853522748909, 0.0, 10.079911970446464, 18.148341626433005, 24.3244724731909], [24.489429966083367, 18.209884681037877, 12.948972776380295, 6.3909709575924385, 10.079911970446464, 0.0, 8.867146840109225, 15.954794515773557], [15.925219773386146, 10.735347758392972, 8.764217072865835, 10.823525787860117, 18.148341626433005, 8.867146840109225, 0.0, 7.389728175560518], [8.710513819364737, 8.020609797126651, 11.573284905325453, 17.133046892948546, 24.3244724731909, 15.954794515773557, 7.389728175560518, 0.0]]