[[0.0, 10.643920300342778, 18.714555118658556, 29.149257115094134, 39.98112860692151, 37.25515507804838, 27.817040085857737, 17.05027945294481, 11.260523594409852, 6.934469247471646], [10.643920300342778, 0.0, 8.317414717108074, 19.04822456643823, 30.55989518101952, 28.067763103570705, 18.435973196024694, 9.040744221697068, 9.12275353463843, 12.671021622677511], [18.714555118658556, 8.317414717108074, 0.0, 10.812312036561327, 22.606764096307153, 20.24909262897281, 10.783071652406331, 6.393376860193134, 12.619554135900446, 18.973694220721146], [29.149257115094134, 19.04822456643823, 10.812312036561327, 0.0, 12.144786509659571, 10.509315944438631, 5.469490485574868, 13.72921486081291, 21.050238603176428, 28.192391572355938], [39.98112860692151, 30.55989518101952, 22.606764096307153, 12.144786509659571, 0.0, 4.436133666007035, 13.482025605070222, 23.901212442275, 30.518753105693005, 37.74095165266675], [37.25515507804838, 28.067763103570705, 20.24909262897281, 10.509315944438631, 4.436133666007035, 0.0, 10.139928687957623, 20.683492396930994, 27.364577867689082, 34.75400312661812], [27.817040085857737, 18.435973196024694, 10.783071652406331, 5.469490485574868, 13.482025605070222, 10.139928687957623, 0.0, 11.01110705450565, 18.463710663302898, 25.99739531778609], [17.05027945294481, 9.040744221697068, 6.393376860193134, 13.72921486081291, 23.901212442275, 20.683492396930994, 11.01110705450565, 0.0, 7.963880690971768, 15.362239762976813], [11.260523594409852, 9.12275353463843, 12.619554135900446, 21.050238603176428, 30.518753105693005, 27.364577867689082, 18.463710663302898, 7.963880690971768, 0.0, 7.607440125148602], [6.934469247471646, 12.671021622677511, 18.973694220721146, 28.192391572355938, 37.74095165266675, 34.75400312661812, 25.99739531778609, 15.362239762976813, 7.607440125148602, 0.0]]