[[0.0, 10.6738405768904, 18.210337358598437, 25.158915494713085, 32.76810495194335, 24.462255883947947, 15.856295799776504, 8.513782949583982], [10.6738405768904, 0.0, 7.843704308148922, 16.214834797055257, 26.006518747679127, 18.051717317224917, 10.477810010140763, 7.487038112165518], [18.210337358598437, 7.843704308148922, 0.0, 10.187020743411397, 21.703909851713956, 14.185312756340203, 9.822175862202021, 12.338629811604084], [25.158915494713085, 16.214834797055257, 10.187020743411397, 0.0, 11.979362283071083, 7.505065506290935, 11.633866600273448, 17.67819830425593], [32.76810495194335, 26.006518747679127, 21.703909851713956, 11.979362283071083, 0.0, 10.93187555432818, 19.45513807944056, 25.40594932851975], [24.462255883947947, 18.051717317224917, 14.185312756340203, 7.505065506290935, 10.93187555432818, 0.0, 9.294615641821238, 16.21979731852865], [15.856295799776504, 10.477810010140763, 9.822175862202021, 11.633866600273448, 19.45513807944056, 9.294615641821238, 0.0, 7.374629555090143], [8.513782949583982, 7.487038112165518, 12.338629811604084, 17.67819830425593, 25.40594932851975, 16.21979731852865, 7.374629555090143, 0.0]]