[[0.0, 10.93215619780151, 17.755930853809886, 24.882221743941315, 32.673098163657585, 24.387983976740063, 15.810742664823398, 8.431752656342864], [10.93215619780151, 0.0, 7.447572594866061, 16.46288746851396, 26.503391324924607, 17.861177713861593, 9.992547687478552, 6.876777949892739], [17.755930853809886, 7.447572594866061, 0.0, 10.017380044248196, 21.26294810009668, 12.661284735414254, 7.912671779853944, 10.90160945473369], [24.882221743941315, 16.46288746851396, 10.017380044248196, 0.0, 11.726330426622432, 5.3871976099384, 10.21866866247052, 16.792399122522102], [32.673098163657585, 26.503391324924607, 21.26294810009668, 11.726330426622432, 0.0, 10.804659948110766, 18.918797773562623, 24.993747329207242], [24.387983976740063, 17.861177713861593, 12.661284735414254, 5.3871976099384, 10.804659948110766, 0.0, 8.986681209100782, 16.057409494788537], [15.810742664823398, 9.992547687478552, 7.912671779853944, 10.21866866247052, 18.918797773562623, 8.986681209100782, 0.0, 7.380099628988079], [8.431752656342864, 6.876777949892739, 10.90160945473369, 16.792399122522102, 24.993747329207242, 16.057409494788537, 7.380099628988079, 0.0]]