[[0.0, 11.317767163281722, 19.904381541454658, 31.648815014756757, 42.13948344549132, 38.66204442792651, 28.692825131401268, 18.395118304248985, 9.858960829432531, 5.061920317134793], [11.317767163281722, 0.0, 8.77188366560541, 20.660861828288116, 31.694681025185833, 28.453764356574563, 18.442549037486824, 9.470608051243701, 7.447783710883459, 11.477506570644602], [19.904381541454658, 8.77188366560541, 0.0, 11.994295569843606, 23.18564787660936, 20.078605704327927, 10.381437414994759, 6.574845717859317, 12.976274726602623, 18.981673513122836], [31.648815014756757, 20.660861828288116, 11.994295569843606, 0.0, 11.813714364434839, 10.13740742134329, 7.449753907228143, 15.615264113446333, 24.007930518444606, 30.282567778465697], [42.13948344549132, 31.694681025185833, 23.18564787660936, 11.813714364434839, 0.0, 5.2027595752056435, 14.872857845225875, 25.06179537359255, 33.649146716529465, 40.00476047598682], [38.66204442792651, 28.453764356574563, 20.078605704327927, 10.13740742134329, 5.2027595752056435, 0.0, 10.63168082363174, 20.951676442291365, 29.72482305075611, 36.22700927895022], [28.692825131401268, 18.442549037486824, 10.381437414994759, 7.449753907228143, 14.872857845225875, 10.63168082363174, 0.0, 10.644557043765046, 19.79038362589945, 26.4636663473173], [18.395118304248985, 9.470608051243701, 6.574845717859317, 15.615264113446333, 25.06179537359255, 20.951676442291365, 10.644557043765046, 0.0, 9.28030247123643, 16.011400578738826], [9.858960829432531, 7.447783710883459, 12.976274726602623, 24.007930518444606, 33.649146716529465, 29.72482305075611, 19.79038362589945, 9.28030247123643, 0.0, 6.743401303261211], [5.061920317134793, 11.477506570644602, 18.981673513122836, 30.282567778465697, 40.00476047598682, 36.22700927895022, 26.4636663473173, 16.011400578738826, 6.743401303261211, 0.0]]