[[0.0, 10.665408585487715, 19.096168709295668, 31.85554600338085, 40.383281476371934, 37.046880373023924, 27.698067713613128, 18.146951024906667, 11.318352273085777, 6.254944001990184], [10.665408585487715, 0.0, 8.533064285385407, 21.46639101497056, 30.374714227582224, 27.18195360435335, 17.794890925405436, 9.434820228090517, 7.385859395658776, 11.18909799337954], [19.096168709295668, 8.533064285385407, 0.0, 13.047945335728723, 22.09848810401277, 19.0444964571065, 10.017618821530442, 6.473855096787849, 11.69060262330497, 18.273693016901266], [31.85554600338085, 21.46639101497056, 13.047945335728723, 0.0, 9.743922717897705, 8.663435686239556, 8.287160033867934, 16.251476431947374, 23.31185521475213, 30.335855877251742], [40.383281476371934, 30.374714227582224, 22.09848810401277, 9.743922717897705, 0.0, 5.29654226531404, 14.358136966714762, 23.686614733090543, 30.80506402652215, 37.95667924606632], [37.046880373023924, 27.18195360435335, 19.0444964571065, 8.663435686239556, 5.29654226531404, 0.0, 10.0405239475009, 19.581026671761826, 26.910957122353512, 34.28768690052659], [27.698067713613128, 17.794890925405436, 10.017618821530442, 8.287160033867934, 14.358136966714762, 10.0405239475009, 0.0, 9.952862667024144, 17.704818504574003, 25.27510255528814], [18.146951024906667, 9.434820228090517, 6.473855096787849, 16.251476431947374, 23.686614733090543, 19.581026671761826, 9.952862667024144, 0.0, 7.883855688782302, 15.49646926354833], [11.318352273085777, 7.385859395658776, 11.69060262330497, 23.31185521475213, 30.80506402652215, 26.910957122353512, 17.704818504574003, 7.883855688782302, 0.0, 7.646744007541183], [6.254944001990184, 11.18909799337954, 18.273693016901266, 30.335855877251742, 37.95667924606632, 34.28768690052659, 25.27510255528814, 15.49646926354833, 7.646744007541183, 0.0]]