[[0.0, 9.715247016815477, 17.806800527163187, 24.00251228263081, 29.143249825738135, 23.461181103454297, 15.983046394077629, 8.036489948951159], [9.715247016815477, 0.0, 8.690995163378304, 15.781897148633968, 22.4438937126295, 18.097221127664465, 11.961042744643542, 8.610169279897987], [17.806800527163187, 8.690995163378304, 0.0, 8.054089296718278, 16.19375553024736, 13.482701574999053, 10.803217680390826, 13.741748644061209], [24.00251228263081, 15.781897148633968, 8.054089296718278, 0.0, 8.662344701532549, 8.582845922691027, 11.190954636195832, 17.844397043279045], [29.143249825738135, 22.4438937126295, 16.19375553024736, 8.662344701532549, 0.0, 6.804462547146908, 13.808168916417632, 21.662189478094056], [23.461181103454297, 18.097221127664465, 13.482701574999053, 8.582845922691027, 6.804462547146908, 0.0, 7.542782026034363, 15.783001619793174], [15.983046394077629, 11.961042744643542, 10.803217680390826, 11.190954636195832, 13.808168916417632, 7.542782026034363, 0.0, 8.389191474592826], [8.036489948951159, 8.610169279897987, 13.741748644061209, 17.844397043279045, 21.662189478094056, 15.783001619793174, 8.389191474592826, 0.0]]