[[0.0, 9.589207217717478, 19.064420407999556, 30.588650980454258, 40.91849774334965, 37.88467965724563, 28.72338659850055, 18.747706821356818, 11.473871523371962, 6.535473646571455], [9.589207217717478, 0.0, 9.503580757208358, 21.08786309431921, 31.764430847961926, 28.837974162661148, 19.48693555701737, 10.54225092043981, 7.540602778731355, 9.704534332249693], [19.064420407999556, 9.503580757208358, 0.0, 11.781895550270386, 22.802875973606973, 19.95784189612246, 10.434569232879957, 6.368885098840848, 12.197972803439349, 17.706876760276497], [30.588650980454258, 21.08786309431921, 11.781895550270386, 0.0, 11.75680907511834, 10.179637987459177, 5.9320973736038765, 14.758221559419146, 22.570094963958862, 28.658417751421194], [40.91849774334965, 31.764430847961926, 22.802875973606973, 11.75680907511834, 0.0, 4.832638509704921, 13.754907995808443, 23.916994959477435, 31.57773112460894, 37.930635456534944], [37.88467965724563, 28.837974162661148, 19.95784189612246, 10.179637987459177, 4.832638509704921, 0.0, 10.113805254127252, 20.121551712681157, 27.99250785723671, 34.54335873690948], [28.72338659850055, 19.48693555701737, 10.434569232879957, 5.9320973736038765, 13.754907995808443, 10.113805254127252, 0.0, 10.811881958804117, 19.35713706220243, 25.931801422842433], [18.747706821356818, 10.54225092043981, 6.368885098840848, 14.758221559419146, 23.916994959477435, 20.121551712681157, 10.811881958804117, 0.0, 8.867577593565281, 15.484099686735197], [11.473871523371962, 7.540602778731355, 12.197972803439349, 22.570094963958862, 31.57773112460894, 27.99250785723671, 19.35713706220243, 8.867577593565281, 0.0, 6.772657656647499], [6.535473646571455, 9.704534332249693, 17.706876760276497, 28.658417751421194, 37.930635456534944, 34.54335873690948, 25.931801422842433, 15.484099686735197, 6.772657656647499, 0.0]]