[[0.0, 8.6820515532552, 15.9084318896048, 24.424322720149398, 32.82717988669806, 24.43439754541513, 15.748746464933204, 8.395372280521094], [8.6820515532552, 0.0, 7.347935392288229, 16.316490750607155, 25.674564247634713, 16.47598461384284, 7.636703668651089, 2.1657292806048014], [15.9084318896048, 7.347935392288229, 0.0, 9.59166441547915, 19.92393369564828, 9.867646917252461, 2.1416397889937033, 7.685828807706623], [24.424322720149398, 16.316490750607155, 9.59166441547915, 0.0, 10.811507951158248, 1.082537693045836, 9.435587159544758, 16.207981623861375], [32.82717988669806, 25.674564247634713, 19.92393369564828, 10.811507951158248, 0.0, 10.48168727864846, 19.471383459038904, 25.27372330212163], [24.43439754541513, 16.47598461384284, 9.867646917252461, 1.082537693045836, 10.48168727864846, 0.0, 9.474567445696872, 16.224690545145847], [15.748746464933204, 7.636703668651089, 2.1416397889937033, 9.435587159544758, 19.471383459038904, 9.474567445696872, 0.0, 7.357787912857645], [8.395372280521094, 2.1657292806048014, 7.685828807706623, 16.207981623861375, 25.27372330212163, 16.224690545145847, 7.357787912857645, 0.0]]