[[0.0, 11.086423247697606, 18.248240636654838, 24.65246554465457, 29.923890472557105, 23.621258947097658, 16.233080111152383, 8.52099096616403], [11.086423247697606, 0.0, 8.451194969965552, 15.925787110971532, 22.378147077571324, 17.903090220393047, 11.905747493728946, 8.462482995787527], [18.248240636654838, 8.451194969965552, 0.0, 7.934154307430373, 15.155558055192854, 12.076328813296447, 9.509824286076897, 12.683700102299724], [24.65246554465457, 15.925787110971532, 7.934154307430373, 0.0, 7.5522903021150505, 7.461853561380977, 10.62823965597078, 17.489092438841244], [29.923890472557105, 22.378147077571324, 15.155558055192854, 7.5522903021150505, 0.0, 7.495501251915374, 14.09118750538055, 21.882785539011504], [23.621258947097658, 17.903090220393047, 12.076328813296447, 7.461853561380977, 7.495501251915374, 0.0, 7.427375540984447, 15.756207065147313], [16.233080111152383, 11.905747493728946, 9.509824286076897, 10.62823965597078, 14.09118750538055, 7.427375540984447, 0.0, 8.387657589107823], [8.52099096616403, 8.462482995787527, 12.683700102299724, 17.489092438841244, 21.882785539011504, 15.756207065147313, 8.387657589107823, 0.0]]