[[0.0, 9.826947341788093, 17.354269842831705, 23.583239514787277, 31.12387649856062, 23.35332743464635, 15.920171421664058, 7.662723684167724], [9.826947341788093, 0.0, 8.459268141664854, 16.64038877913434, 26.25831431729017, 18.40456277936126, 11.722182695456038, 8.365544683181186], [17.354269842831705, 8.459268141664854, 0.0, 9.127578491908247, 19.759166826829365, 12.576979363780714, 9.053650236695528, 12.46938315132569], [23.583239514787277, 16.64038877913434, 9.127578491908247, 0.0, 10.869019937038205, 6.40986122910863, 9.895749551991353, 17.076716146063944], [31.12387649856062, 26.25831431729017, 19.759166826829365, 10.869019937038205, 0.0, 10.349345720595386, 17.281921711165253, 24.369402361423866], [23.35332743464635, 18.40456277936126, 12.576979363780714, 6.40986122910863, 10.349345720595386, 0.0, 7.771867471737985, 15.923612177465921], [15.920171421664058, 11.722182695456038, 9.053650236695528, 9.895749551991353, 17.281921711165253, 7.771867471737985, 0.0, 8.423629525569961], [7.662723684167724, 8.365544683181186, 12.46938315132569, 17.076716146063944, 24.369402361423866, 15.923612177465921, 8.423629525569961, 0.0]]