[[0.0, 10.012348212865653, 17.99299035021975, 29.53283953759955, 38.55093662141413, 36.56944289991359, 27.607133260507872, 18.458698793259128, 12.285614115559097, 7.461044853563408], [10.012348212865653, 0.0, 8.016013125690163, 19.68498315002634, 29.063713699618102, 27.203097799506107, 18.061030816122592, 9.674045417657391, 7.375042122791908, 10.525101659519352], [17.99299035021975, 8.016013125690163, 0.0, 11.772180905122976, 21.401560571290776, 19.674453795938962, 10.541699116189049, 5.4956305921712945, 10.384015649091541, 16.874069796779377], [29.53283953759955, 19.68498315002634, 11.772180905122976, 0.0, 10.220658042113628, 9.552211481125562, 5.507873423659171, 13.026444727879554, 20.173063518456342, 27.417584793856406], [38.55093662141413, 29.063713699618102, 21.401560571290776, 10.220658042113628, 0.0, 3.8055663850655654, 11.99036395237213, 21.034857893630203, 27.912555897366946, 35.24917375159245], [36.56944289991359, 27.203097799506107, 19.674453795938962, 9.552211481125562, 3.8055663850655654, 0.0, 9.513720220762014, 18.537967005626317, 25.450580967409238, 32.891963720363506], [27.607133260507872, 18.061030816122592, 10.541699116189049, 5.507873423659171, 11.99036395237213, 9.513720220762014, 0.0, 9.504761744089432, 16.963446472636186, 24.529085726793586], [18.458698793259128, 9.674045417657391, 5.4956305921712945, 13.026444727879554, 21.034857893630203, 18.537967005626317, 9.504761744089432, 0.0, 7.656649663295887, 15.192175940609529], [12.285614115559097, 7.375042122791908, 10.384015649091541, 20.173063518456342, 27.912555897366946, 25.450580967409238, 16.963446472636186, 7.656649663295887, 0.0, 7.60386714288131], [7.461044853563408, 10.525101659519352, 16.874069796779377, 27.417584793856406, 35.24917375159245, 32.891963720363506, 24.529085726793586, 15.192175940609529, 7.60386714288131, 0.0]]