[[0.0, 10.855314785473567, 19.437447815575634, 32.52440539289273, 41.47653414778671, 38.03652571047185, 28.273288150758585, 18.34854613322862, 11.31336574542744, 6.098473236198303], [10.855314785473567, 0.0, 8.676418955753284, 21.924326468004004, 31.259005413275315, 27.967079401880504, 18.16652143993216, 9.45002228252071, 7.357712406587388, 11.32712386187606], [19.437447815575634, 8.676418955753284, 0.0, 13.36246262705262, 22.84920727790448, 19.687533069359553, 10.219942918940594, 6.537520554646157, 11.947789779957002, 18.657181954203615], [32.52440539289273, 21.924326468004004, 13.36246262705262, 0.0, 10.162133769603754, 8.864436350756655, 8.257402339049856, 16.704414729796344, 23.982325894676794, 31.126283731628373], [41.47653414778671, 31.259005413275315, 22.84920727790448, 10.162133769603754, 0.0, 5.311350241732228, 14.803508591050266, 24.626861037277934, 31.957547685405867, 39.216268467233625], [38.03652571047185, 27.967079401880504, 19.687533069359553, 8.864436350756655, 5.311350241732228, 0.0, 10.449614319467203, 20.441859204321535, 27.95141772266933, 35.41938564193012], [28.273288150758585, 18.16652143993216, 10.219942918940594, 8.257402339049856, 14.803508591050266, 10.449614319467203, 0.0, 10.356501076578372, 18.25970449758903, 25.926066384374028], [18.34854613322862, 9.45002228252071, 6.537520554646157, 16.704414729796344, 24.626861037277934, 20.441859204321535, 10.356501076578372, 0.0, 8.040527760145102, 15.76292439296846], [11.31336574542744, 7.357712406587388, 11.947789779957002, 23.982325894676794, 31.957547685405867, 27.95141772266933, 18.25970449758903, 8.040527760145102, 0.0, 7.755899101672224], [6.098473236198303, 11.32712386187606, 18.657181954203615, 31.126283731628373, 39.216268467233625, 35.41938564193012, 25.926066384374028, 15.76292439296846, 7.755899101672224, 0.0]]