[[0.0, 8.673744754804238, 15.890238435698377, 24.46212273378449, 32.93599087003154, 24.613941402873802, 15.786441913530076, 8.495930448114674], [8.673744754804238, 0.0, 7.343366074235573, 16.32429975312895, 25.722665266013177, 16.96515931382205, 8.057360007609256, 3.4113356109339357], [15.890238435698377, 7.343366074235573, 0.0, 9.416331761262557, 19.724987970846193, 10.485058614446608, 3.3099541108192105, 8.100332736492126], [24.46212273378449, 16.32429975312895, 9.416331761262557, 0.0, 10.875809891388549, 3.22409475635208, 9.234358965967209, 16.168529668666412], [32.93599087003154, 25.722665266013177, 19.724987970846193, 10.875809891388549, 0.0, 10.319095817144154, 18.872196373264398, 24.93777492593557], [24.613941402873802, 16.96515931382205, 10.485058614446608, 3.22409475635208, 10.319095817144154, 0.0, 9.240217296241145, 16.16411219263443], [15.786441913530076, 8.057360007609256, 3.3099541108192105, 9.234358965967209, 18.872196373264398, 9.240217296241145, 0.0, 7.356246699811601], [8.495930448114674, 3.4113356109339357, 8.100332736492126, 16.168529668666412, 24.93777492593557, 16.16411219263443, 7.356246699811601, 0.0]]