[[0.0, 10.681693261156589, 18.23805218712141, 25.180109738105177, 32.89743690580666, 24.520842554224032, 15.866737751455469, 8.522798781031856], [10.681693261156589, 0.0, 7.867206059962454, 16.24124408552919, 26.180662135090277, 18.14935274984025, 10.483765898292466, 7.486017598460078], [18.23805218712141, 7.867206059962454, 0.0, 10.276426333991935, 21.987337540891254, 14.380386302180618, 9.847229820016087, 12.354548640475457], [25.180109738105177, 16.24124408552919, 10.276426333991935, 0.0, 12.173875221470318, 7.545939270208514, 11.661199964834191, 17.70692974095986], [32.89743690580666, 26.180662135090277, 21.987337540891254, 12.173875221470318, 0.0, 10.930941792756286, 19.66954091326348, 25.59240969002528], [24.520842554224032, 18.14935274984025, 14.380386302180618, 7.545939270208514, 10.930941792756286, 0.0, 9.444651257633069, 16.317126270356244], [15.866737751455469, 10.483765898292466, 9.847229820016087, 11.661199964834191, 19.66954091326348, 9.444651257633069, 0.0, 7.377432578247394], [8.522798781031856, 7.486017598460078, 12.354548640475457, 17.70692974095986, 25.59240969002528, 16.317126270356244, 7.377432578247394, 0.0]]