[[0.0, 9.463582460198515, 17.154429429762153, 23.60947623512597, 30.78926439245043, 23.365758298747934, 15.922056697013419, 7.7002763006007795], [9.463582460198515, 0.0, 8.476219587422506, 16.414302357840278, 25.20262804299276, 18.113165500590696, 11.52409284568269, 8.17670477395564], [17.154429429762153, 8.476219587422506, 0.0, 8.638745480039914, 18.26382987312459, 12.096791242979526, 8.770819251570401, 12.319238359910155], [23.60947623512597, 16.414302357840278, 8.638745480039914, 0.0, 9.857305439333105, 6.392981303120323, 9.89451463887148, 17.06157130443512], [30.78926439245043, 25.20262804299276, 18.26382987312459, 9.857305439333105, 0.0, 9.520570564954811, 16.497844049571633, 23.731342157272817], [23.365758298747934, 18.113165500590696, 12.096791242979526, 6.392981303120323, 9.520570564954811, 0.0, 7.702356097502508, 15.86750551775817], [15.922056697013419, 11.52409284568269, 8.770819251570401, 9.89451463887148, 16.497844049571633, 7.702356097502508, 0.0, 8.452883848457514], [7.7002763006007795, 8.17670477395564, 12.319238359910155, 17.06157130443512, 23.731342157272817, 15.86750551775817, 8.452883848457514, 0.0]]