[[0.0, 10.775219112653302, 18.97092585450196, 30.698037690564945, 43.49716702214761, 40.12492855013652, 27.849358386804692, 18.255561432947935, 11.880985216264559, 7.49759550427022], [10.775219112653302, 0.0, 8.263854278229616, 20.111118964681676, 33.47143485223342, 30.339571280172066, 17.828701204325174, 9.440853588157644, 7.550999606129245, 11.155185205325276], [18.97092585450196, 8.263854278229616, 0.0, 11.92491862192129, 25.73206098480194, 22.73447964374399, 10.259942254164107, 6.382813177140234, 11.34352346795342, 17.694180575315656], [30.698037690564945, 20.111118964681676, 11.92491862192129, 0.0, 14.423315776674688, 12.215728700887757, 6.206813578164646, 14.458545185641256, 21.379601806938947, 28.246433935822534], [43.49716702214761, 33.47143485223342, 25.73206098480194, 14.423315776674688, 0.0, 5.904382773618764, 17.728220027159125, 26.896980555159065, 33.19413433852532, 39.688471028618196], [40.12492855013652, 30.339571280172066, 22.73447964374399, 12.215728700887757, 5.904382773618764, 0.0, 13.560743619770266, 22.743440232606428, 29.18866577516324, 35.935138365738204], [27.849358386804692, 17.828701204325174, 10.259942254164107, 6.206813578164646, 17.728220027159125, 13.560743619770266, 0.0, 9.989583608478428, 17.39334917227645, 24.69271665852969], [18.255561432947935, 9.440853588157644, 6.382813177140234, 14.458545185641256, 26.896980555159065, 22.743440232606428, 9.989583608478428, 0.0, 7.697457635372154, 15.115103576841312], [11.880985216264559, 7.550999606129245, 11.34352346795342, 21.379601806938947, 33.19413433852532, 29.18866577516324, 17.39334917227645, 7.697457635372154, 0.0, 7.452693426298438], [7.49759550427022, 11.155185205325276, 17.694180575315656, 28.246433935822534, 39.688471028618196, 35.935138365738204, 24.69271665852969, 15.115103576841312, 7.452693426298438, 0.0]]