[[0.0, 9.503614935916016, 19.1829770242589, 29.04233905705565, 40.60672862513045, 38.15256764395365, 28.110422357509986, 18.258832293721877, 11.57152114147388, 8.477580993348397], [9.503614935916016, 0.0, 9.740469025683568, 19.786994416444706, 31.863345461918477, 29.61761514936348, 19.44737743876133, 10.182818688656544, 8.163580960482662, 10.916011787430245], [19.1829770242589, 9.740469025683568, 0.0, 10.1877203819222, 22.73407933745512, 20.813513965782473, 11.028634449086526, 6.351812581087701, 12.699110906422938, 18.113200612875378], [29.04233905705565, 19.786994416444706, 10.1877203819222, 0.0, 12.959113309253876, 11.458733124258156, 5.383685759666234, 12.260281552894332, 20.455664805998094, 26.408699251407857], [40.60672862513045, 31.863345461918477, 22.73407933745512, 12.959113309253876, 0.0, 4.197815598429018, 13.935924629490426, 23.39657521220249, 30.64394613168653, 36.326536511402246], [38.15256764395365, 29.61761514936348, 20.813513965782473, 11.458733124258156, 4.197815598429018, 0.0, 10.904232125800606, 20.50883855019426, 27.766543180465696, 33.58917732169874], [28.110422357509986, 19.44737743876133, 11.028634449086526, 5.383685759666234, 13.935924629490426, 10.904232125800606, 0.0, 10.00339956536667, 18.261766651904633, 24.49769986622228], [18.258832293721877, 10.182818688656544, 6.351812581087701, 12.260281552894332, 23.39657521220249, 20.50883855019426, 10.00339956536667, 0.0, 8.960585415568227, 15.270371480784512], [11.57152114147388, 8.163580960482662, 12.699110906422938, 20.455664805998094, 30.64394613168653, 27.766543180465696, 18.261766651904633, 8.960585415568227, 0.0, 6.381936380773706], [8.477580993348397, 10.916011787430245, 18.113200612875378, 26.408699251407857, 36.326536511402246, 33.58917732169874, 24.49769986622228, 15.270371480784512, 6.381936380773706, 0.0]]