[[0.0, 10.650677440983413, 17.985316603983765, 24.37843621577418, 29.791810509440023, 23.484407701363583, 16.056320747033702, 8.244888752150752], [10.650677440983413, 0.0, 8.445237191849323, 15.961103108731209, 22.66665417816335, 17.976803635268706, 11.933282426956884, 8.554127615477864], [17.985316603983765, 8.445237191849323, 0.0, 8.000665735926104, 15.554527821037862, 12.176395530730634, 9.535522816389722, 12.730265104866824], [24.37843621577418, 15.961103108731209, 8.000665735926104, 0.0, 7.928485798319182, 7.413016058139694, 10.550002760903196, 17.428567176354687], [29.791810509440023, 22.66665417816335, 15.554527821037862, 7.928485798319182, 0.0, 7.634771822731308, 14.22810977250724, 21.91735949279732], [23.484407701363583, 17.976803635268706, 12.176395530730634, 7.413016058139694, 7.634771822731308, 0.0, 7.443738432081025, 15.749756749340133], [16.056320747033702, 11.933282426956884, 9.535522816389722, 10.550002760903196, 14.22810977250724, 7.443738432081025, 0.0, 8.394582364906364], [8.244888752150752, 8.554127615477864, 12.730265104866824, 17.428567176354687, 21.91735949279732, 15.749756749340133, 8.394582364906364, 0.0]]