[[0.0, 9.650143409212633, 19.50109657741218, 29.53817950313941, 41.05945218036787, 38.20082197424167, 28.128214181063008, 18.258662529138466, 11.18978939324655, 7.610408276665715], [9.650143409212633, 0.0, 9.90754206779315, 20.12109462741709, 32.098765961270935, 29.429700834059197, 19.280516844538788, 10.034203556041055, 7.764302063477756, 10.580939579315535], [19.50109657741218, 9.90754206779315, 0.0, 10.348603238010918, 22.744591169092597, 20.39255796286964, 10.74371126956058, 6.454677006686546, 12.887202860944264, 18.377065258207825], [29.53817950313941, 20.12109462741709, 10.348603238010918, 0.0, 12.749402664747118, 10.841302116859021, 5.636358632493235, 12.809840799220499, 21.072540868687433, 27.105991611588223], [41.05945218036787, 32.098765961270935, 22.744591169092597, 12.749402664747118, 0.0, 4.620202788995415, 14.516220749282299, 23.935639376353183, 31.457162245525787, 37.31734654498889], [38.20082197424167, 29.429700834059197, 20.39255796286964, 10.841302116859021, 4.620202788995415, 0.0, 10.939885966588909, 20.566610943202527, 28.16569291036537, 34.186432470192656], [28.128214181063008, 19.280516844538788, 10.74371126956058, 5.636358632493235, 14.516220749282299, 10.939885966588909, 0.0, 10.024220107306652, 18.49437731914749, 24.84133912478935], [18.258662529138466, 10.034203556041055, 6.454677006686546, 12.809840799220499, 23.935639376353183, 20.566610943202527, 10.024220107306652, 0.0, 9.019099736524371, 15.390109200582073], [11.18978939324655, 7.764302063477756, 12.887202860944264, 21.072540868687433, 31.457162245525787, 28.16569291036537, 18.49437731914749, 9.019099736524371, 0.0, 6.444164606727625], [7.610408276665715, 10.580939579315535, 18.377065258207825, 27.105991611588223, 37.31734654498889, 34.186432470192656, 24.84133912478935, 15.390109200582073, 6.444164606727625, 0.0]]