[[0.0, 10.644838686116247, 18.725361749063598, 29.180017632989344, 39.94490931305279, 37.1503412653383, 27.75916745106836, 17.01722776541461, 11.284803618929843, 6.926064702858181], [10.644838686116247, 0.0, 8.329486833340034, 19.082720093307085, 30.516313302380382, 27.947502683215983, 18.36850539884358, 9.003810767843408, 9.137119452149513, 12.668369037792157], [18.725361749063598, 8.329486833340034, 0.0, 10.834670730151931, 22.541122749618328, 20.10400918545124, 10.704258379306197, 6.393469909676905, 12.61898973657234, 18.978576546430084], [29.180017632989344, 19.082720093307085, 10.834670730151931, 0.0, 12.046675710169257, 10.351855076065686, 5.522808079897763, 13.801518398248328, 21.05833573724716, 28.217784933786156], [39.94490931305279, 30.516313302380382, 22.541122749618328, 12.046675710169257, 0.0, 4.5210274347454495, 13.536316765277107, 23.913694312326758, 30.46146646618818, 37.715761161275594], [37.1503412653383, 27.947502683215983, 20.10400918545124, 10.351855076065686, 4.5210274347454495, 0.0, 10.091588505453586, 20.61200591885603, 27.246362751161076, 34.67144426670562], [27.75916745106836, 18.36850539884358, 10.704258379306197, 5.522808079897763, 13.536316765277107, 10.091588505453586, 0.0, 10.986957030006947, 18.40914247454153, 25.96099813120969], [17.01722776541461, 9.003810767843408, 6.393469909676905, 13.801518398248328, 23.913694312326758, 20.61200591885603, 10.986957030006947, 0.0, 7.9568560966470905, 15.350665482086889], [11.284803618929843, 9.137119452149513, 12.61898973657234, 21.05833573724716, 30.46146646618818, 27.246362751161076, 18.40914247454153, 7.9568560966470905, 0.0, 7.621526041557951], [6.926064702858181, 12.668369037792157, 18.978576546430084, 28.217784933786156, 37.715761161275594, 34.67144426670562, 25.96099813120969, 15.350665482086889, 7.621526041557951, 0.0]]