[[0.0, 10.689045640628445, 18.80200141551739, 29.492283414226204, 40.83868344065245, 37.75920494731088, 27.909329367955465, 17.07605064060241, 11.170638991101853, 7.0031098979516955], [10.689045640628445, 0.0, 8.353196145780007, 19.36464385618749, 31.42219900124246, 28.5348750277358, 18.46072371799489, 8.999521771133177, 9.005378841633869, 12.663251285287004], [18.80200141551739, 8.353196145780007, 0.0, 11.11785926659382, 23.487961303902157, 20.698318106039878, 10.770023118083135, 6.394505252450263, 12.638225005502035, 18.98986550673345], [29.492283414226204, 19.36464385618749, 11.11785926659382, 0.0, 12.719433853622059, 10.633912819329677, 5.62148279518518, 14.059859720835055, 21.367229189902066, 28.3996085596765], [40.83868344065245, 31.42219900124246, 23.487961303902157, 12.719433853622059, 0.0, 4.802056062190339, 14.489777894794104, 24.856006309287153, 31.42793919829462, 38.4280835761086], [37.75920494731088, 28.5348750277358, 20.698318106039878, 10.633912819329677, 4.802056062190339, 0.0, 10.694875192591775, 21.23552007046025, 27.9195425889509, 35.12982415788424], [27.909329367955465, 18.46072371799489, 10.770023118083135, 5.62148279518518, 14.489777894794104, 10.694875192591775, 0.0, 11.081418300983817, 18.581565018106954, 26.028082368361833], [17.07605064060241, 8.999521771133177, 6.394505252450263, 14.059859720835055, 24.856006309287153, 21.23552007046025, 11.081418300983817, 0.0, 7.97908215971906, 15.354572991374363], [11.170638991101853, 9.005378841633869, 12.638225005502035, 21.367229189902066, 31.42793919829462, 27.9195425889509, 18.581565018106954, 7.97908215971906, 0.0, 7.543768820051422], [7.0031098979516955, 12.663251285287004, 18.98986550673345, 28.3996085596765, 38.4280835761086, 35.12982415788424, 26.028082368361833, 15.354572991374363, 7.543768820051422, 0.0]]