[[0.0, 10.775044899993409, 20.170891437824807, 29.08566698283966, 39.91963231258966, 36.84238465931599, 27.745812666163697, 19.26297388744334, 11.910761829148294, 7.443895562812054], [10.775044899993409, 0.0, 9.686872768331073, 18.90631449519248, 30.240939247757453, 27.53661675994112, 18.16212102539827, 10.735926101794947, 8.877327684718754, 14.136692291787954], [20.170891437824807, 9.686872768331073, 0.0, 9.289351507744069, 20.853663082634977, 18.43676788720116, 9.281913316259956, 6.367774048365253, 12.82771831281238, 21.62326075857619], [29.08566698283966, 18.90631449519248, 9.289351507744069, 0.0, 11.71088985599702, 9.92033495893455, 4.652006650517497, 11.56084248589198, 19.93871728944641, 29.384776281521866], [39.91963231258966, 30.240939247757453, 20.853663082634977, 11.71088985599702, 0.0, 5.648776238050238, 13.567502908622245, 21.89632597360098, 29.798142000496423, 39.097444737049145], [36.84238465931599, 27.53661675994112, 18.43676788720116, 9.92033495893455, 5.648776238050238, 0.0, 9.778935190579395, 18.059989052299507, 26.056724829080995, 35.57802154997618], [27.745812666163697, 18.16212102539827, 9.281913316259956, 4.652006650517497, 13.567502908622245, 9.778935190579395, 0.0, 8.79998973725731, 17.5720845635834, 27.357919297359455], [19.26297388744334, 10.735926101794947, 6.367774048365253, 11.56084248589198, 21.89632597360098, 18.059989052299507, 8.79998973725731, 0.0, 9.065978753316598, 18.870318289627786], [11.910761829148294, 8.877327684718754, 12.82771831281238, 19.93871728944641, 29.798142000496423, 26.056724829080995, 17.5720845635834, 9.065978753316598, 0.0, 9.85855790784073], [7.443895562812054, 14.136692291787954, 21.62326075857619, 29.384776281521866, 39.097444737049145, 35.57802154997618, 27.357919297359455, 18.870318289627786, 9.85855790784073, 0.0]]