[[0.0, 9.037626983471378, 16.9989346545873, 24.228703453031596, 32.23342868364247, 23.352338469941955, 14.813633107404305, 8.520654190255819], [9.037626983471378, 0.0, 8.219621696834169, 15.87955035605483, 25.6245283864425, 17.2688104026192, 10.409643709562925, 6.486533377782156], [16.9989346545873, 8.219621696834169, 0.0, 8.895702778944338, 21.22606658054464, 13.705286027702083, 10.72988238745868, 11.743993860457733], [24.228703453031596, 15.87955035605483, 8.895702778944338, 0.0, 13.475131976283128, 8.796726062548611, 12.70368690416487, 16.93560761429282], [32.23342868364247, 25.6245283864425, 21.22606658054464, 13.475131976283128, 0.0, 10.328247679927998, 19.041218723998057, 24.05314785525448], [23.352338469941955, 17.2688104026192, 13.705286027702083, 8.796726062548611, 10.328247679927998, 0.0, 9.063204244385869, 14.874252150262175], [14.813633107404305, 10.409643709562925, 10.72988238745868, 12.70368690416487, 19.041218723998057, 9.063204244385869, 0.0, 6.438631316991286], [8.520654190255819, 6.486533377782156, 11.743993860457733, 16.93560761429282, 24.05314785525448, 14.874252150262175, 6.438631316991286, 0.0]]