[[0.0, 9.221773246352408, 18.56825221212169, 29.36405706051923, 41.02896035035562, 37.82178915159251, 27.942768174119507, 18.7406321215086, 11.902948484357228, 6.931061502080469], [9.221773246352408, 0.0, 9.389718568523394, 20.26299023918815, 32.2691848762822, 29.145035454918734, 19.11017496082778, 10.88277302640834, 8.087473164010806, 9.691827674971679], [18.56825221212169, 9.389718568523394, 0.0, 11.001388749448093, 23.308761496039406, 20.22292709916472, 10.17675587090847, 6.348405398276484, 11.9194126122702, 17.245236190890108], [29.36405706051923, 20.26299023918815, 11.001388749448093, 0.0, 12.733519630707058, 10.642146882890495, 5.6602021555153845, 13.52390103840564, 21.256841213181534, 27.365713711528468], [41.02896035035562, 32.2691848762822, 23.308761496039406, 12.733519630707058, 0.0, 5.697698054860931, 14.958491508705853, 24.16021645313587, 31.62344815666051, 38.03039499970689], [37.82178915159251, 29.145035454918734, 20.22292709916472, 10.642146882890495, 5.697698054860931, 0.0, 10.735647575835419, 19.952248719267335, 27.72521756018071, 34.37670036446682], [27.942768174119507, 19.11017496082778, 10.17675587090847, 5.6602021555153845, 14.958491508705853, 10.735647575835419, 0.0, 9.990375681951408, 18.469960164546155, 25.048933136062264], [18.7406321215086, 10.88277302640834, 6.348405398276484, 13.52390103840564, 24.16021645313587, 19.952248719267335, 9.990375681951408, 0.0, 8.724098342157424, 15.29102491793699], [11.902948484357228, 8.087473164010806, 11.9194126122702, 21.256841213181534, 31.62344815666051, 27.72521756018071, 18.469960164546155, 8.724098342157424, 0.0, 6.806999318889642], [6.931061502080469, 9.691827674971679, 17.245236190890108, 27.365713711528468, 38.03039499970689, 34.37670036446682, 25.048933136062264, 15.29102491793699, 6.806999318889642, 0.0]]