[[0.0, 9.04868593930997, 16.437657957005342, 24.57346924423918, 32.87749461429911, 24.521149111859028, 15.820816686133023, 8.484858419170823], [9.04868593930997, 0.0, 7.486042041085602, 16.19079411089385, 25.834492517662916, 17.154278136096632, 8.514875868461917, 4.361653623017994], [16.437657957005342, 7.486042041085602, 0.0, 9.584375048173664, 20.6181704161619, 11.665769886640911, 5.500942454098752, 9.268518379659449], [24.57346924423918, 16.19079411089385, 9.584375048173664, 0.0, 11.678588298425542, 5.340460808948233, 9.894470640314415, 16.559313952451802], [32.87749461429911, 25.834492517662916, 20.6181704161619, 11.678588298425542, 0.0, 11.024292273403226, 19.236758800178524, 25.174591186672586], [24.521149111859028, 17.154278136096632, 11.665769886640911, 5.340460808948233, 11.024292273403226, 0.0, 9.18113158948699, 16.13089570715839], [15.820816686133023, 8.514875868461917, 5.500942454098752, 9.894470640314415, 19.236758800178524, 9.18113158948699, 0.0, 7.376631929976245], [8.484858419170823, 4.361653623017994, 9.268518379659449, 16.559313952451802, 25.174591186672586, 16.13089570715839, 7.376631929976245, 0.0]]