[[0.0, 11.531073148394858, 17.661174706127166, 25.436521039825628, 29.7282677781733, 23.67451035897851, 16.33197558735305, 8.717659961141464], [11.531073148394858, 0.0, 7.344755200402327, 16.03626914171688, 21.080109581160013, 16.451334592992325, 10.42510746800555, 7.474377882376297], [17.661174706127166, 7.344755200402327, 0.0, 8.875644782721196, 14.243008437950074, 10.429361115045685, 7.425795867374083, 11.19407074467144], [25.436521039825628, 16.03626914171688, 8.875644782721196, 0.0, 5.653788871827193, 5.621790491553826, 10.255138533966859, 17.764072948865216], [29.7282677781733, 21.080109581160013, 14.243008437950074, 5.653788871827193, 0.0, 6.72789134653452, 13.594108881986674, 21.570436784852504], [23.67451035897851, 16.451334592992325, 10.429361115045685, 5.621790491553826, 6.72789134653452, 0.0, 7.407833422157987, 15.748169612252399], [16.33197558735305, 10.42510746800555, 7.425795867374083, 10.255138533966859, 13.594108881986674, 7.407833422157987, 0.0, 8.38728870702142], [8.717659961141464, 7.474377882376297, 11.19407074467144, 17.764072948865216, 21.570436784852504, 15.748169612252399, 8.38728870702142, 0.0]]