[[0.0, 9.210725310503188, 18.550581765583555, 29.342363836280303, 41.017155289802865, 37.79940293017628, 27.932025908846835, 18.72631752509358, 11.884541402492358, 6.943653375105715], [9.210725310503188, 0.0, 9.383726510020049, 20.25494236799942, 32.27515113110386, 29.138148675625136, 19.11255084433815, 10.880572437371985, 8.084185020741856, 9.693227680869413], [18.550581765583555, 9.383726510020049, 0.0, 11.000297883379382, 23.324504575402706, 20.223766178656977, 10.185256079731225, 6.347481641181643, 11.916137762618643, 17.22991895062406], [29.342363836280303, 20.25494236799942, 11.000297883379382, 0.0, 12.751898562670146, 10.643365150647465, 5.65173202446551, 13.517424487724169, 21.250741704273874, 27.33906984622946], [41.017155289802865, 32.27515113110386, 23.324504575402706, 12.751898562670146, 0.0, 5.709326589081062, 14.959843235078235, 24.168077558378947, 31.62952676706972, 38.00669638416217], [37.79940293017628, 29.138148675625136, 20.223766178656977, 10.643365150647465, 5.709326589081062, 0.0, 10.721394942726436, 19.946943116131855, 27.720306192819006, 34.344937328466244], [27.932025908846835, 19.11255084433815, 10.185256079731225, 5.65173202446551, 14.959843235078235, 10.721394942726436, 0.0, 9.99405590630951, 18.47107390271156, 25.032194958632815], [18.72631752509358, 10.880572437371985, 6.347481641181643, 13.517424487724169, 24.168077558378947, 19.946943116131855, 9.99405590630951, 0.0, 8.722595772743796, 15.275525561508708], [11.884541402492358, 8.084185020741856, 11.916137762618643, 21.250741704273874, 31.62952676706972, 27.720306192819006, 18.47107390271156, 8.722595772743796, 0.0, 6.785301230226557], [6.943653375105715, 9.693227680869413, 17.22991895062406, 27.33906984622946, 38.00669638416217, 34.344937328466244, 25.032194958632815, 15.275525561508708, 6.785301230226557, 0.0]]