[[0.0, 10.776748961467135, 20.158278904197868, 30.473250972181326, 39.95630337469462, 36.84014804185784, 27.735681347456996, 19.247347239719375, 11.902270475254122, 6.394628424413805], [10.776748961467135, 0.0, 9.668785849958098, 20.335533369594444, 30.279004579565918, 27.531341971458293, 18.14862265833584, 10.718372788913157, 8.871009357035142, 12.637703619634461], [20.158278904197868, 9.668785849958098, 0.0, 10.755653367057397, 20.92096744367043, 18.453373450449135, 9.285149770764123, 6.368724837103107, 12.825673958145396, 20.286335812877542], [30.473250972181326, 20.335533369594444, 10.755653367057397, 0.0, 10.326910072965724, 8.73026126717912, 5.264388214184625, 12.822172242566195, 21.18162895780431, 29.509485898569178], [39.95630337469462, 30.279004579565918, 20.92096744367043, 10.326910072965724, 0.0, 5.691695188082807, 13.637956798537047, 21.96907849779653, 29.843608434325276, 38.19829698987414], [36.84014804185784, 27.531341971458293, 18.453373450449135, 8.73026126717912, 5.691695188082807, 0.0, 9.793689734969654, 18.083372155192155, 26.06300699272319, 34.66875208458835], [27.735681347456996, 18.14862265833584, 9.285149770764123, 5.264388214184625, 13.637956798537047, 9.793689734969654, 0.0, 8.808140500693037, 17.569849855654883, 26.25019953512375], [19.247347239719375, 10.718372788913157, 6.368724837103107, 12.822172242566195, 21.96907849779653, 18.083372155192155, 8.808140500693037, 0.0, 9.062456304899516, 17.689157901685032], [11.902270475254122, 8.871009357035142, 12.825673958145396, 21.18162895780431, 29.843608434325276, 26.06300699272319, 17.569849855654883, 9.062456304899516, 0.0, 8.789233539728194], [6.394628424413805, 12.637703619634461, 20.286335812877542, 29.509485898569178, 38.19829698987414, 34.66875208458835, 26.25019953512375, 17.689157901685032, 8.789233539728194, 0.0]]