[[0.0, 9.582140361445033, 19.424501183770925, 29.480195728382142, 41.41172628237931, 38.534447270037106, 28.071188799256703, 18.130253054628138, 11.219773129175161, 7.760073340288027], [9.582140361445033, 0.0, 9.910369792002621, 20.156434334242775, 32.604706686757254, 30.01887772166002, 19.307389710465397, 9.986123996948317, 7.855081660412514, 10.660227641413714], [19.424501183770925, 9.910369792002621, 0.0, 10.383737541160452, 23.290480766771886, 21.16809438719239, 10.767012727116327, 6.493846181683164, 12.85857865132671, 18.325501144958057], [29.480195728382142, 20.156434334242775, 10.383737541160452, 0.0, 13.312099830156102, 11.832439144325447, 5.64838870623561, 12.934106959316594, 21.01251035020171, 27.006206335140334], [41.41172628237931, 32.604706686757254, 23.290480766771886, 13.312099830156102, 0.0, 5.43774952812586, 15.114174166466722, 24.606330792937946, 31.775011446693394, 37.52241517547457], [38.534447270037106, 30.01887772166002, 21.16809438719239, 11.832439144325447, 5.43774952812586, 0.0, 11.555981918315595, 21.16423291965525, 28.30932318321703, 34.21706256844011], [28.071188799256703, 19.307389710465397, 10.767012727116327, 5.64838870623561, 15.114174166466722, 11.555981918315595, 0.0, 10.131857693435594, 18.43708714816378, 24.752962514648907], [18.130253054628138, 9.986123996948317, 6.493846181683164, 12.934106959316594, 24.606330792937946, 21.16423291965525, 10.131857693435594, 0.0, 8.986781434619292, 15.336944519753926], [11.219773129175161, 7.855081660412514, 12.85857865132671, 21.01251035020171, 31.775011446693394, 28.30932318321703, 18.43708714816378, 8.986781434619292, 0.0, 6.42720872782859], [7.760073340288027, 10.660227641413714, 18.325501144958057, 27.006206335140334, 37.52241517547457, 34.21706256844011, 24.752962514648907, 15.336944519753926, 6.42720872782859, 0.0]]