[[0.0, 10.083430191672573, 18.569013545656887, 30.068237270391293, 38.65019684908976, 36.08694350674467, 27.29692951278493, 18.11083383985909, 11.668809606899455, 6.682356751199311], [10.083430191672573, 0.0, 8.54611868075485, 20.177478347100514, 29.034617469399425, 26.532282143534868, 17.608671807560757, 9.181324909100379, 6.740697475908927, 10.341651530832635], [18.569013545656887, 8.54611868075485, 0.0, 11.734006124603866, 20.88987479760444, 18.695439475107616, 10.126010169510893, 6.312242129063491, 11.233696634700527, 17.7222052903297], [30.068237270391293, 20.177478347100514, 11.734006124603866, 0.0, 9.49980008189941, 8.403772427410027, 6.189051098848757, 13.950076462569118, 21.000864171176982, 28.2247885489269], [38.65019684908976, 29.034617469399425, 20.88987479760444, 9.49980008189941, 0.0, 4.437487044330947, 12.681333998681884, 21.683859238061864, 28.60690990473716, 35.91583855064998], [36.08694350674467, 26.532282143534868, 18.695439475107616, 8.403772427410027, 4.437487044330947, 0.0, 9.360406989726785, 18.483799979762384, 25.553908530132805, 33.01851570187034], [27.29692951278493, 17.608671807560757, 10.126010169510893, 6.189051098848757, 12.681333998681884, 9.360406989726785, 0.0, 9.552857815579896, 17.08740803820053, 24.66822262533403], [18.11083383985909, 9.181324909100379, 6.312242129063491, 13.950076462569118, 21.683859238061864, 18.483799979762384, 9.552857815579896, 0.0, 7.695971079145375, 15.262479170681745], [11.668809606899455, 6.740697475908927, 11.233696634700527, 21.000864171176982, 28.60690990473716, 25.553908530132805, 17.08740803820053, 7.695971079145375, 0.0, 7.621493045548097], [6.682356751199311, 10.341651530832635, 17.7222052903297, 28.2247885489269, 35.91583855064998, 33.01851570187034, 24.66822262533403, 15.262479170681745, 7.621493045548097, 0.0]]