[[0.0, 10.818427900084004, 19.066581901304204, 31.199317997766073, 44.37390456666336, 40.39693301439966, 27.820752367665435, 18.149410039487016, 11.61989279283841, 6.999215123529279], [10.818427900084004, 0.0, 8.316602676338519, 20.597691390955102, 34.347538127277886, 30.561190313782692, 17.75320221387595, 9.330468087531944, 7.427574649870172, 11.127937971766961], [19.066581901304204, 8.316602676338519, 0.0, 12.393779036024041, 26.59321391021486, 22.891492084363527, 10.146483312503252, 6.461792426971405, 11.495601448707632, 17.885460220921466], [31.199317997766073, 20.597691390955102, 12.393779036024041, 0.0, 14.742603099515161, 11.871065055329158, 6.770317414712106, 15.182673586852678, 22.070007279109717, 28.929450724971137], [44.37390456666336, 34.347538127277886, 26.59321391021486, 14.742603099515161, 0.0, 6.531031821072149, 18.9469873179994, 28.132368135662166, 34.44166671168888, 40.9401833148665], [40.39693301439966, 30.561190313782692, 22.891492084363527, 11.871065055329158, 6.531031821072149, 0.0, 13.987673167384385, 23.263116526930457, 29.787974116326353, 36.585738514732085], [27.820752367665435, 17.75320221387595, 10.146483312503252, 6.770317414712106, 18.9469873179994, 13.987673167384385, 0.0, 10.09251388923919, 17.55953608063248, 24.900914179075013], [18.149410039487016, 9.330468087531944, 6.461792426971405, 15.182673586852678, 28.132368135662166, 23.263116526930457, 10.09251388923919, 0.0, 7.7361326522201, 15.186311837194081], [11.61989279283841, 7.427574649870172, 11.495601448707632, 22.070007279109717, 34.44166671168888, 29.787974116326353, 17.55953608063248, 7.7361326522201, 0.0, 7.484977293708314], [6.999215123529279, 11.127937971766961, 17.885460220921466, 28.929450724971137, 40.9401833148665, 36.585738514732085, 24.900914179075013, 15.186311837194081, 7.484977293708314, 0.0]]