[[0.0, 9.600275730739876, 19.425135506808182, 29.44542299094048, 41.381909174002764, 38.53412894474489, 28.07331981222595, 18.149717266082664, 11.238865022345493, 7.723997417654284], [9.600275730739876, 0.0, 9.887178770198148, 20.091646431499857, 32.53861276838392, 29.987235336612063, 19.2864807158395, 9.985949718832057, 7.8472733288679315, 10.63939353029199], [19.425135506808182, 9.887178770198148, 0.0, 10.341512163887352, 23.252238527879037, 21.164672497291477, 10.767090702629286, 6.481570986782369, 12.850541713965875, 18.330300353881327], [29.44542299094048, 20.091646431499857, 10.341512163887352, 0.0, 13.327339965095211, 11.874891127827068, 5.621309726604645, 12.863582861863522, 20.969906161250105, 26.99598542774362], [41.381909174002764, 32.53861276838392, 23.252238527879037, 13.327339965095211, 0.0, 5.408585669898372, 15.066235858894684, 24.530793327673624, 31.724493355148592, 37.52152005221353], [38.53412894474489, 29.987235336612063, 21.164672497291477, 11.874891127827068, 5.408585669898372, 0.0, 11.549156618236589, 21.12636741138734, 28.289396219100354, 34.240078623678194], [28.07331981222595, 19.2864807158395, 10.767090702629286, 5.621309726604645, 15.066235858894684, 11.549156618236589, 0.0, 10.106907697039333, 18.42601769041664, 24.76633026558335], [18.149717266082664, 9.985949718832057, 6.481570986782369, 12.863582861863522, 24.530793327673624, 21.12636741138734, 10.106907697039333, 0.0, 8.986348365135534, 15.344787813106086], [11.238865022345493, 7.8472733288679315, 12.850541713965875, 20.969906161250105, 31.724493355148592, 28.289396219100354, 18.42601769041664, 8.986348365135534, 0.0, 6.438172291932002], [7.723997417654284, 10.63939353029199, 18.330300353881327, 26.99598542774362, 37.52152005221353, 34.240078623678194, 24.76633026558335, 15.344787813106086, 6.438172291932002, 0.0]]