[[0.0, 9.4567576803939, 18.832483303865846, 29.949435103817542, 42.72589130245815, 38.92003248874209, 28.3272333955414, 18.45222063997897, 10.842130259483648, 6.772684075211094], [9.4567576803939, 0.0, 9.405191008734002, 20.57467286877081, 33.706820663186015, 29.958915826091452, 19.229947698958746, 10.040924498431954, 6.503098931105846, 9.662180249053783], [18.832483303865846, 9.405191008734002, 0.0, 11.334987466813933, 24.873571046581368, 21.092174026399224, 10.280492881685683, 5.301880605317325, 11.456862261019504, 17.442004136146224], [29.949435103817542, 20.57467286877081, 11.334987466813933, 0.0, 14.014214433179836, 11.124355027434312, 5.774703765134537, 13.67567550267631, 21.696546769649217, 27.931474359284234], [42.72589130245815, 33.706820663186015, 24.873571046581368, 14.014214433179836, 0.0, 6.240573485468543, 16.515479304077765, 26.060332843354608, 33.67836646362745, 39.73556752627108], [38.92003248874209, 29.958915826091452, 21.092174026399224, 11.124355027434312, 6.240573485468543, 0.0, 11.600237567747998, 21.33935479168885, 29.2422055026297, 35.50572299288657], [28.3272333955414, 19.229947698958746, 10.280492881685683, 5.774703765134537, 16.515479304077765, 11.600237567747998, 0.0, 10.285631084896151, 18.90130024090012, 25.435989864268187], [18.45222063997897, 10.040924498431954, 5.301880605317325, 13.67567550267631, 26.060332843354608, 21.33935479168885, 10.285631084896151, 0.0, 8.87026889705859, 15.447695521048763], [10.842130259483648, 6.503098931105846, 11.456862261019504, 21.696546769649217, 33.67836646362745, 29.2422055026297, 18.90130024090012, 8.87026889705859, 0.0, 6.592259715844711], [6.772684075211094, 9.662180249053783, 17.442004136146224, 27.931474359284234, 39.73556752627108, 35.50572299288657, 25.435989864268187, 15.447695521048763, 6.592259715844711, 0.0]]