[[0.0, 9.555662018397049, 19.02029050370653, 30.61724572055501, 41.18193376368819, 38.10166173200202, 28.804717141823577, 18.77922959464466, 11.48616214951996, 6.586791050634443], [9.555662018397049, 0.0, 9.493443105444776, 21.16259578055358, 32.098408316126225, 29.115974561193305, 19.607684727703095, 10.59524131480949, 7.562851173905315, 9.689265651041364], [19.02029050370653, 9.493443105444776, 0.0, 11.882540747834243, 23.188807283922912, 20.276947149256294, 10.569677443120492, 6.352706914900529, 12.171364459978097, 17.648958847119253], [30.61724572055501, 21.16259578055358, 11.882540747834243, 0.0, 12.04215236263223, 10.361106569886823, 5.883988601884355, 14.746730398765896, 22.58437292032544, 28.637828714317052], [41.18193376368819, 32.098408316126225, 23.188807283922912, 12.04215236263223, 0.0, 4.8692127868337245, 13.969000084297017, 24.172095387673558, 31.826415727157375, 38.120203750645686], [38.10166173200202, 29.115974561193305, 20.276947149256294, 10.361106569886823, 4.8692127868337245, 0.0, 10.27905472099477, 20.33037072703186, 28.195035608398527, 34.691893786748594], [28.804717141823577, 19.607684727703095, 10.569677443120492, 5.883988601884355, 13.969000084297017, 10.27905472099477, 0.0, 10.863432717104622, 19.417448786374383, 25.960678799040696], [18.77922959464466, 10.59524131480949, 6.352706914900529, 14.746730398765896, 24.172095387673558, 20.33037072703186, 10.863432717104622, 0.0, 8.879773855655277, 15.477337972939855], [11.48616214951996, 7.562851173905315, 12.171364459978097, 22.58437292032544, 31.826415727157375, 28.195035608398527, 19.417448786374383, 8.879773855655277, 0.0, 6.744322934932535], [6.586791050634443, 9.689265651041364, 17.648958847119253, 28.637828714317052, 38.120203750645686, 34.691893786748594, 25.960678799040696, 15.477337972939855, 6.744322934932535, 0.0]]