[[0.0, 10.22875463432783, 18.896980897580885, 31.501578831332534, 39.74708973206417, 36.561984882677116, 27.443502676697882, 18.04952044359697, 11.33671968057131, 6.332557567503114], [10.22875463432783, 0.0, 8.72842875790929, 21.528752626979596, 29.991699996778674, 26.818072156169183, 17.578633072389753, 8.961990609644598, 6.420535416308674, 10.359606298269933], [18.896980897580885, 8.72842875790929, 0.0, 12.912202356355598, 21.663578429866753, 18.772466173000954, 9.966914051283728, 6.4285775925792485, 11.544910930241343, 18.084915964389435], [31.501578831332534, 21.528752626979596, 12.912202356355598, 0.0, 9.45673517787672, 8.585027009008765, 8.24129694677349, 15.997144172615407, 22.944767415044094, 29.94456663925359], [39.74708973206417, 29.991699996778674, 21.663578429866753, 9.45673517787672, 0.0, 5.164810743601067, 13.954048095788016, 23.10086521095468, 30.11912452676781, 37.2662423388354], [36.561984882677116, 26.818072156169183, 18.772466173000954, 8.585027009008765, 5.164810743601067, 0.0, 9.792841309670552, 19.154739085708396, 26.389055978180142, 33.75589583455283], [27.443502676697882, 17.578633072389753, 9.966914051283728, 8.24129694677349, 13.954048095788016, 9.792841309670552, 0.0, 9.786099086023448, 17.456348085393266, 25.0022306839554], [18.04952044359697, 8.961990609644598, 6.4285775925792485, 15.997144172615407, 23.10086521095468, 19.154739085708396, 9.786099086023448, 0.0, 7.807737177141535, 15.383875601903963], [11.33671968057131, 6.420535416308674, 11.544910930241343, 22.944767415044094, 30.11912452676781, 26.389055978180142, 17.456348085393266, 7.807737177141535, 0.0, 7.611981080369154], [6.332557567503114, 10.359606298269933, 18.084915964389435, 29.94456663925359, 37.2662423388354, 33.75589583455283, 25.0022306839554, 15.383875601903963, 7.611981080369154, 0.0]]