[[0.0, 9.04643834534205, 17.057034131146715, 23.947192164331796, 32.489077083620735, 23.274026099551186, 15.01506046255159, 8.641503238313227], [9.04643834534205, 0.0, 8.171185845757943, 15.858797611789269, 26.234934527099416, 17.600604233583827, 11.180639891041434, 7.467722447611519], [17.057034131146715, 8.171185845757943, 0.0, 9.368266529536086, 21.96877075393364, 14.241288541081317, 11.689777209075631, 12.445548949400422], [23.947192164331796, 15.858797611789269, 9.368266529536086, 0.0, 13.323501899462387, 8.514572239128283, 12.856722056505465, 17.002273594729974], [32.489077083620735, 26.234934527099416, 21.96877075393364, 13.323501899462387, 0.0, 11.896778495537434, 20.22573680679134, 25.02938220724487], [23.274026099551186, 17.600604233583827, 14.241288541081317, 8.514572239128283, 11.896778495537434, 0.0, 9.016095678525044, 14.892615409607606], [15.01506046255159, 11.180639891041434, 11.689777209075631, 12.856722056505465, 20.22573680679134, 9.016095678525044, 0.0, 6.395844420934736], [8.641503238313227, 7.467722447611519, 12.445548949400422, 17.002273594729974, 25.02938220724487, 14.892615409607606, 6.395844420934736, 0.0]]