[[0.0, 11.729551077702846, 17.62226027358537, 25.15315093307733, 33.01242868864141, 24.4731852608328, 15.83590713551535, 8.45564055809428], [11.729551077702846, 0.0, 7.436418678603094, 16.620349974985633, 27.463095806949767, 18.611061598995043, 10.761281274616232, 7.9318230862391905], [17.62226027358537, 7.436418678603094, 0.0, 9.39206224854616, 21.206898337135698, 12.465474687105377, 7.579370439609019, 10.615285627841018], [25.15315093307733, 16.620349974985633, 9.39206224854616, 0.0, 12.762607887671349, 6.536708214054303, 10.874537604289621, 17.21250039373182], [33.01242868864141, 27.463095806949767, 21.206898337135698, 12.762607887671349, 0.0, 11.096048002858408, 19.650926676881326, 25.5872450980802], [24.4731852608328, 18.611061598995043, 12.465474687105377, 6.536708214054303, 11.096048002858408, 0.0, 9.292686318997212, 16.242518294201332], [15.83590713551535, 10.761281274616232, 7.579370439609019, 10.874537604289621, 19.650926676881326, 9.292686318997212, 0.0, 7.381846290027111], [8.45564055809428, 7.9318230862391905, 10.615285627841018, 17.21250039373182, 25.5872450980802, 16.242518294201332, 7.381846290027111, 0.0]]