[[0.0, 9.497612960345613, 18.94044848566055, 30.49109092364904, 41.16874324129281, 38.178813827553995, 28.860065900909895, 18.813354320885097, 11.606276585644553, 6.787904450825303], [9.497612960345613, 0.0, 9.47268263582635, 21.104272882788973, 32.175861215586835, 29.28340640599787, 19.73242975061295, 10.673698005682802, 7.6542205785669655, 9.662855740068203], [18.94044848566055, 9.47268263582635, 0.0, 11.845882470483149, 23.30888758436887, 20.492101972378652, 10.723848019938039, 6.336558921311393, 12.090417097276259, 17.49795975964681], [30.49109092364904, 21.104272882788973, 11.845882470483149, 0.0, 12.211032732365966, 10.577839454488096, 5.746139733087337, 14.56851344689646, 22.370147660529152, 28.36523665647447], [41.16874324129281, 32.175861215586835, 23.30888758436887, 12.211032732365966, 0.0, 4.765572464895271, 13.855596900434639, 24.098285967526117, 31.668693234280145, 37.88781403981574], [38.178813827553995, 29.28340640599787, 20.492101972378652, 10.577839454488096, 4.765572464895271, 0.0, 10.293312596771266, 20.366656706022177, 28.136217379128507, 34.55865151367742], [28.860065900909895, 19.73242975061295, 10.723848019938039, 5.746139733087337, 13.855596900434639, 10.293312596771266, 0.0, 10.882301249783248, 19.370114883343284, 25.857632328723568], [18.813354320885097, 10.673698005682802, 6.336558921311393, 14.56851344689646, 24.098285967526117, 20.366656706022177, 10.882301249783248, 0.0, 8.846544811384668, 15.394790311959563], [11.606276585644553, 7.6542205785669655, 12.090417097276259, 22.370147660529152, 31.668693234280145, 28.136217379128507, 19.370114883343284, 8.846544811384668, 0.0, 6.69339725448692], [6.787904450825303, 9.662855740068203, 17.49795975964681, 28.36523665647447, 37.88781403981574, 34.55865151367742, 25.857632328723568, 15.394790311959563, 6.69339725448692, 0.0]]