[[0.0, 11.633369300958769, 18.271396615864123, 25.170396843046515, 33.11121844184267, 24.49008759705173, 15.837778834746365, 8.457811309425798], [11.633369300958769, 0.0, 7.454001857077108, 16.572548258944426, 27.41113931886429, 18.529695393019633, 10.683344389205935, 7.8078701791257386], [18.271396615864123, 7.454001857077108, 0.0, 10.191887300976454, 22.442405996595756, 13.681064488448703, 8.884864791522437, 11.604142751304988], [25.170396843046515, 16.572548258944426, 10.191887300976454, 0.0, 12.820875844578403, 6.522158892410472, 10.922356322996702, 17.243342555841345], [33.11121844184267, 27.41113931886429, 22.442405996595756, 12.820875844578403, 0.0, 11.216121277185128, 19.82490305413971, 25.726729522075694], [24.49008759705173, 18.529695393019633, 13.681064488448703, 6.522158892410472, 11.216121277185128, 0.0, 9.342226593578378, 16.273434047399956], [15.837778834746365, 10.683344389205935, 8.884864791522437, 10.922356322996702, 19.82490305413971, 9.342226593578378, 0.0, 7.382036064962229], [8.457811309425798, 7.8078701791257386, 11.604142751304988, 17.243342555841345, 25.726729522075694, 16.273434047399956, 7.382036064962229, 0.0]]