[[0.0, 9.286045081152956, 16.6454755704127, 23.715808227548198, 33.42392404588883, 23.701829591728192, 15.58660387085673, 9.815016642286198], [9.286045081152956, 0.0, 7.644230116419244, 16.13109077316676, 27.80729929230541, 18.484842760586663, 12.83041055573932, 9.592543794688146], [16.6454755704127, 7.644230116419244, 0.0, 9.631795430967218, 22.583844514725076, 14.322048932191583, 12.611312611941552, 13.077685969084937], [23.715808227548198, 16.13109077316676, 9.631795430967218, 0.0, 13.32199415578047, 7.350653132159139, 12.218855970379755, 16.400800102576458], [33.42392404588883, 27.80729929230541, 22.583844514725076, 13.32199415578047, 0.0, 10.412102414692239, 18.67659195550543, 24.048226016247124], [23.701829591728192, 18.484842760586663, 14.322048932191583, 7.350653132159139, 10.412102414692239, 0.0, 8.745643936466092, 14.736008023106704], [15.58660387085673, 12.83041055573932, 12.611312611941552, 12.218855970379755, 18.67659195550543, 8.745643936466092, 0.0, 6.713706812882807], [9.815016642286198, 9.592543794688146, 13.077685969084937, 16.400800102576458, 24.048226016247124, 14.736008023106704, 6.713706812882807, 0.0]]