[[0.0, 9.523013442904455, 19.259871214019892, 29.687594224148008, 40.9115999330508, 37.850915640275105, 27.912204770377098, 18.18506625020602, 10.330101826928816, 5.967294753837875], [9.523013442904455, 0.0, 9.801639902984965, 20.379751768652756, 32.07292199634314, 29.258318767836492, 19.213243708899576, 10.0908750511256, 6.5782021247128775, 9.66573637663339], [19.259871214019892, 9.801639902984965, 0.0, 10.66220342557663, 22.777027420622098, 20.35010329447873, 10.770684706480546, 6.391521543460054, 12.207941865206681, 17.96701473983302], [29.687594224148008, 20.379751768652756, 10.66220342557663, 0.0, 12.523422408880284, 11.101057687360875, 6.7551796265570925, 13.40230133356559, 21.410850253946247, 27.572974574702183], [40.9115999330508, 32.07292199634314, 22.777027420622098, 12.523422408880284, 0.0, 5.542179598230734, 14.84819786483346, 23.988672272111035, 31.769738969540253, 37.838903876826954], [37.850915640275105, 29.258318767836492, 20.35010329447873, 11.101057687360875, 5.542179598230734, 0.0, 10.82750429787576, 20.26713115146177, 28.195870989367393, 34.409782091047234], [27.912204770377098, 19.213243708899576, 10.770684706480546, 6.7551796265570925, 14.84819786483346, 10.82750429787576, 0.0, 9.868215388645808, 18.444824196239168, 24.925543023718074], [18.18506625020602, 10.0908750511256, 6.391521543460054, 13.40230133356559, 23.988672272111035, 20.26713115146177, 9.868215388645808, 0.0, 8.836257840872118, 15.35543647068474], [10.330101826928816, 6.5782021247128775, 12.207941865206681, 21.410850253946247, 31.769738969540253, 28.195870989367393, 18.444824196239168, 8.836257840872118, 0.0, 6.53167223124255], [5.967294753837875, 9.66573637663339, 17.96701473983302, 27.572974574702183, 37.838903876826954, 34.409782091047234, 24.925543023718074, 15.35543647068474, 6.53167223124255, 0.0]]