[[0.0, 9.595732742604968, 16.784131486904027, 24.70157446665757, 32.97137371927948, 24.567394186238516, 15.922067399973663, 8.686558732029042], [9.595732742604968, 0.0, 7.4392475401641285, 16.32452696898155, 26.552370275709137, 17.82607445229176, 9.883728795224858, 6.712367681278569], [16.784131486904027, 7.4392475401641285, 0.0, 9.638143489647682, 21.289570043179033, 12.587657604712202, 7.730166481035904, 10.75785199648132], [24.70157446665757, 16.32452696898155, 9.638143489647682, 0.0, 12.420421094379368, 6.475755405184708, 10.831058721009363, 17.154602075582666], [32.97137371927948, 26.552370275709137, 21.289570043179033, 12.420421094379368, 0.0, 10.956599441840478, 19.28956084408116, 25.240387406187114], [24.567394186238516, 17.82607445229176, 12.587657604712202, 6.475755405184708, 10.956599441840478, 0.0, 9.131432614395507, 16.112910886431727], [15.922067399973663, 9.883728795224858, 7.730166481035904, 10.831058721009363, 19.28956084408116, 9.131432614395507, 0.0, 7.374445813154644], [8.686558732029042, 6.712367681278569, 10.75785199648132, 17.154602075582666, 25.240387406187114, 16.112910886431727, 7.374445813154644, 0.0]]