[[0.0, 10.723159312628859, 18.84730680462779, 29.36279083472089, 40.765412523712804, 37.27854924056919, 27.564599177814447, 16.849205943731146, 10.16682957579923, 5.431226430625499], [10.723159312628859, 0.0, 8.356136754476077, 19.14901260667364, 31.266338242595882, 28.08674402978061, 18.024510984845325, 8.731171735232675, 7.621901988788951, 11.81272548745132], [18.84730680462779, 8.356136754476077, 0.0, 10.873407221550657, 23.315321145301727, 20.31766965720717, 10.353368751586023, 6.448146110747492, 12.041149354537673, 18.655977604642757], [29.36279083472089, 19.14901260667364, 10.873407221550657, 0.0, 12.836216214683045, 10.86815733365914, 5.818918280099836, 14.223438324319266, 21.250281607135026, 28.32547585205407], [40.765412523712804, 31.266338242595882, 23.315321145301727, 12.836216214683045, 0.0, 6.032642697965877, 15.047503477381358, 25.17738091285076, 31.809836555631986, 38.75711134773403], [37.27854924056919, 28.08674402978061, 20.31766965720717, 10.86815733365914, 6.032642697965877, 0.0, 10.706826942172972, 20.979766020120742, 27.795137591391953, 34.98018502391149], [27.564599177814447, 18.024510984845325, 10.353368751586023, 5.818918280099836, 15.047503477381358, 10.706826942172972, 0.0, 10.975889293373635, 18.45329702158346, 25.91596437615876], [16.849205943731146, 8.731171735232675, 6.448146110747492, 14.223438324319266, 25.17738091285076, 20.979766020120742, 10.975889293373635, 0.0, 7.709146895402304, 15.20911983894584], [10.16682957579923, 7.621901988788951, 12.041149354537673, 21.250281607135026, 31.809836555631986, 27.795137591391953, 18.45329702158346, 7.709146895402304, 0.0, 7.53909706267342], [5.431226430625499, 11.81272548745132, 18.655977604642757, 28.32547585205407, 38.75711134773403, 34.98018502391149, 25.91596437615876, 15.20911983894584, 7.53909706267342, 0.0]]