[[0.0, 10.656729718522332, 18.74237662672709, 29.214882348981327, 40.18263074174528, 37.4325745884229, 27.87235613029191, 17.11334623794978, 11.259199420386379, 7.031370708348554], [10.656729718522332, 0.0, 8.331407115020781, 19.100837139046806, 30.758303906608855, 28.239603035546033, 18.476089103199243, 9.088667793587073, 9.105202463340175, 12.68509694749934], [18.74237662672709, 8.331407115020781, 0.0, 10.852358353437884, 22.80099471913208, 20.413326702202614, 10.80802487303527, 6.394903313079565, 12.623108964955463, 18.96646423591361], [29.214882348981327, 19.100837139046806, 10.852358353437884, 0.0, 12.305149440349192, 10.625234371547815, 5.473806985977126, 13.722557958896038, 21.099859963630234, 28.191655629635854], [40.18263074174528, 30.758303906608855, 22.80099471913208, 12.305149440349192, 0.0, 4.450976366863453, 13.659448135394268, 24.031688828753442, 30.711147788827393, 37.841906191104705], [37.4325745884229, 28.239603035546033, 20.413326702202614, 10.625234371547815, 4.450976366863453, 0.0, 10.295882381503445, 20.79331353529288, 27.531108196405555, 34.836891230788986], [27.87235613029191, 18.476089103199243, 10.80802487303527, 5.473806985977126, 13.659448135394268, 10.295882381503445, 0.0, 10.99741510360326, 18.504614559121787, 25.992458256854796], [17.11334623794978, 9.088667793587073, 6.394903313079565, 13.722557958896038, 24.031688828753442, 20.79331353529288, 10.99741510360326, 0.0, 7.975499609058922, 15.364942167795556], [11.259199420386379, 9.105202463340175, 12.623108964955463, 21.099859963630234, 30.711147788827393, 27.531108196405555, 18.504614559121787, 7.975499609058922, 0.0, 7.571256390033623], [7.031370708348554, 12.68509694749934, 18.96646423591361, 28.191655629635854, 37.841906191104705, 34.836891230788986, 25.992458256854796, 15.364942167795556, 7.571256390033623, 0.0]]