[[0.0, 11.553786614389502, 18.205516176524657, 25.197829585840683, 33.07545003480188, 24.563583485108293, 15.872233766533585, 8.448003330079896], [11.553786614389502, 0.0, 7.452363962307866, 16.583758474719353, 27.18961693137389, 19.00215523066194, 11.382992184077214, 7.752424888368606], [18.205516176524657, 7.452363962307866, 0.0, 10.189842683227107, 22.13740264723775, 14.376106671878516, 9.804031510924165, 11.550529551718569], [25.197829585840683, 16.583758474719353, 10.189842683227107, 0.0, 12.474193488721262, 7.574396009013853, 11.675460144729588, 17.276437823807804], [33.07545003480188, 27.18961693137389, 22.13740264723775, 12.474193488721262, 0.0, 11.111396234668124, 19.94273762482827, 25.617971707257478], [24.563583485108293, 19.00215523066194, 14.376106671878516, 7.574396009013853, 11.111396234668124, 0.0, 9.53138924337885, 16.366490104772797], [15.872233766533585, 11.382992184077214, 9.804031510924165, 11.675460144729588, 19.94273762482827, 9.53138924337885, 0.0, 7.464720275393174], [8.448003330079896, 7.752424888368606, 11.550529551718569, 17.276437823807804, 25.617971707257478, 16.366490104772797, 7.464720275393174, 0.0]]