[[0.0, 11.569159901006516, 24.3886325786485, 29.671124909621966, 34.90740786432686, 39.512216814733975, 46.879705876491435, 39.30797617903625, 32.17478865824537, 26.36990350423674, 17.406542973938564, 8.385113592190029, 3.3048554173539904, 16.21581569179112, 26.95477811628124, 36.01015967642792, 42.8402115388594, 35.737649307499765, 26.31253973412778, 15.432327776673842], [11.569159901006516, 0.0, 12.863858022645692, 18.727720162467342, 24.360550067458533, 30.233503871144954, 40.06805057991819, 32.48090450628905, 25.483390635466275, 20.13431310699111, 11.84848026691377, 9.0039256143003, 9.067344261657936, 5.6180921675809135, 16.66917095394396, 27.121467811727115, 35.67984925300943, 27.151316112041332, 16.41081313966941, 5.648159948107528], [24.3886325786485, 12.863858022645692, 0.0, 7.5213479600368185, 13.407757811196694, 21.197188937414342, 34.01480107048655, 27.22766211787501, 21.737968469807015, 18.671742877791722, 15.737672625386667, 19.75140011122991, 21.64265026088277, 8.900117247988137, 8.252345251462097, 19.196017261898263, 29.517011596555786, 19.77526061616021, 9.219748952252118, 10.222960793452552], [29.671124909621966, 18.727720162467342, 7.5213479600368185, 0.0, 6.258900920443303, 14.217390548439225, 27.671406441189593, 21.049084630861312, 16.789273164006293, 15.73441137696501, 17.023925626948998, 23.526928515182448, 26.595052887808645, 13.518488379616633, 4.134728774742183, 12.414115717205716, 23.18184103170162, 13.16880964994228, 5.590480456050625, 14.330026212724874], [34.90740786432686, 24.360550067458533, 13.407757811196694, 6.258900920443303, 0.0, 8.68497368801512, 22.96751279798927, 17.92611090642535, 16.374309194189475, 17.610999653760146, 21.50867432930614, 28.447423790921857, 31.737321291874473, 19.096112354495453, 8.598880255265973, 8.451199930285757, 18.76317094579109, 9.609597475028647, 9.467671561966757, 19.72160706668871], [39.512216814733975, 30.233503871144954, 21.197188937414342, 14.217390548439225, 8.68497368801512, 0.0, 14.48903876863783, 11.822547173945594, 14.76710231052338, 18.646931208447437, 25.292857429326684, 32.486568492996675, 36.23866160679649, 24.940103321887197, 14.734909918905377, 4.479096236557213, 10.62444228548887, 5.447430359282988, 14.805198345863827, 25.16272011054602], [46.879705876491435, 40.06805057991819, 34.01480107048655, 27.671406441189593, 22.96751279798927, 14.48903876863783, 0.0, 10.708516595197061, 19.306393723821568, 24.796318756876243, 33.109313651162715, 39.63072624245508, 43.70238464049052, 35.21893369706966, 26.81360831411666, 15.444278930775658, 4.661852198929734, 14.890196689324691, 26.25603311236282, 34.940487515537804], [39.30797617903625, 32.48090450628905, 27.22766211787501, 21.049084630861312, 17.92611090642535, 11.822547173945594, 10.708516595197061, 0.0, 8.854515625056292, 14.789479392379368, 23.86407554604915, 31.408567082738763, 36.07646509304631, 27.39404891953794, 19.180842524261777, 9.577771633047114, 7.015110805712835, 8.419260235014654, 18.34461817571328, 26.991758786865333], [32.17478865824537, 25.483390635466275, 21.737968469807015, 16.789273164006293, 16.374309194189475, 14.76710231052338, 19.306393723821568, 8.854515625056292, 0.0, 6.207048222776588, 15.664576114687339, 23.94674393388974, 28.96818069033796, 20.448657566312466, 13.725518573475355, 10.489128635387976, 15.111995688265695, 9.415098089195089, 12.556138282578841, 19.913617082291605], [26.36990350423674, 20.13431310699111, 18.671742877791722, 15.73441137696501, 17.610999653760146, 18.646931208447437, 24.796318756876243, 14.789479392379368, 6.207048222776588, 0.0, 9.54835330786021, 18.05096440799247, 23.21262520551626, 15.475590107900313, 11.832189849801553, 14.173282332235466, 20.48256815287797, 13.385505457337388, 10.425859334573524, 14.739160399734237], [17.406542973938564, 11.84848026691377, 15.737672625386667, 17.023925626948998, 21.50867432930614, 25.292857429326684, 33.109313651162715, 23.86407554604915, 15.664576114687339, 9.54835330786021, 0.0, 9.233671965862008, 14.348066244637424, 8.784316587128052, 13.179893108281792, 21.15545699221071, 28.71669442367986, 20.726218569211465, 12.072164790041382, 7.624558908614772], [8.385113592190029, 9.0039256143003, 19.75140011122991, 23.526928515182448, 28.447423790921857, 32.486568492996675, 39.63072624245508, 31.408567082738763, 23.94674393388974, 18.05096440799247, 9.233671965862008, 0.0, 5.46452622494704, 10.852211206306162, 20.212309089345034, 28.659242853366123, 35.483202051228126, 28.272801847738794, 19.32537653998185, 9.59135273270423], [3.3048554173539904, 9.067344261657936, 21.64265026088277, 26.595052887808645, 31.737321291874473, 36.23866160679649, 43.70238464049052, 36.07646509304631, 28.96818069033796, 23.21262520551626, 14.348066244637424, 5.46452622494704, 0.0, 13.22351661959923, 23.772601671518622, 32.71142178285219, 39.61918551002978, 32.43580959469182, 23.089881466620717, 12.338858288223792], [16.21581569179112, 5.6180921675809135, 8.900117247988137, 13.518488379616633, 19.096112354495453, 24.940103321887197, 35.21893369706966, 27.39404891953794, 20.448657566312466, 15.475590107900313, 8.784316587128052, 10.852211206306162, 13.22351661959923, 0.0, 11.117741157224383, 21.736677197634968, 30.722624178985114, 21.791449486814248, 10.814800203927302, 1.4695020743979972], [26.95477811628124, 16.66917095394396, 8.252345251462097, 4.134728774742183, 8.598880255265973, 14.734909918905377, 26.81360831411666, 19.180842524261777, 13.725518573475355, 11.832189849801553, 13.179893108281792, 20.212309089345034, 23.772601671518622, 11.117741157224383, 0.0, 11.782314955149902, 22.189761355770997, 12.150553228961634, 1.4982832835405333, 11.596261493827958], [36.01015967642792, 27.121467811727115, 19.196017261898263, 12.414115717205716, 8.451199930285757, 4.479096236557213, 15.444278930775658, 9.577771633047114, 10.489128635387976, 14.173282332235466, 21.15545699221071, 28.659242853366123, 32.71142178285219, 21.736677197634968, 11.782314955149902, 0.0, 10.922432923004514, 1.3125764655657197, 11.509809643865099, 21.799431835687187], [42.8402115388594, 35.67984925300943, 29.517011596555786, 23.18184103170162, 18.76317094579109, 10.62444228548887, 4.661852198929734, 7.015110805712835, 15.111995688265695, 20.48256815287797, 28.71669442367986, 35.483202051228126, 39.61918551002978, 30.722624178985114, 22.189761355770997, 10.922432923004514, 0.0, 10.286976816178306, 21.615002692885444, 30.471361051111007], [35.737649307499765, 27.151316112041332, 19.77526061616021, 13.16880964994228, 9.609597475028647, 5.447430359282988, 14.890196689324691, 8.419260235014654, 9.415098089195089, 13.385505457337388, 20.726218569211465, 28.272801847738794, 32.43580959469182, 21.791449486814248, 12.150553228961634, 1.3125764655657197, 10.286976816178306, 0.0, 11.721775651646512, 21.766338243206665], [26.31253973412778, 16.41081313966941, 9.219748952252118, 5.590480456050625, 9.467671561966757, 14.805198345863827, 26.25603311236282, 18.34461817571328, 12.556138282578841, 10.425859334573524, 12.072164790041382, 19.32537653998185, 23.089881466620717, 10.814800203927302, 1.4982832835405333, 11.509809643865099, 21.615002692885444, 11.721775651646512, 0.0, 11.109759539481402], [15.432327776673842, 5.648159948107528, 10.222960793452552, 14.330026212724874, 19.72160706668871, 25.16272011054602, 34.940487515537804, 26.991758786865333, 19.913617082291605, 14.739160399734237, 7.624558908614772, 9.59135273270423, 12.338858288223792, 1.4695020743979972, 11.596261493827958, 21.799431835687187, 30.471361051111007, 21.766338243206665, 11.109759539481402, 0.0]]