[[0.0, 10.690453677003465, 19.93669773733025, 26.06440932978388, 31.256114794754048, 37.644218022820816, 43.21386603052265, 39.446907861058946, 32.9495902500529, 25.077504213238843, 17.31181890419762, 7.118007638700668, 7.623954519454715, 13.752816202182482, 23.221464679510245, 31.48841885334214, 38.08194762799167, 31.48841885334214, 23.123522492488398, 13.649427378120627], [10.690453677003465, 0.0, 10.70047469208745, 18.056102363841482, 23.625619107486138, 31.463713997596166, 39.442943042657966, 36.27518942068171, 30.925876548915635, 24.681229128749337, 18.444543052467168, 14.303560972088173, 7.921589646924465, 9.702404140618645, 18.036220873694162, 26.49764217701409, 34.068187342200126, 26.49764217701409, 18.47617164259143, 10.512083595772905], [19.93669773733025, 10.70047469208745, 0.0, 7.717653031334979, 13.588393633050597, 22.552964556454942, 32.09719889488241, 29.154701674709738, 24.809920530087037, 21.045169127885124, 18.173212215605126, 20.55524495395081, 13.593888073992703, 9.192295027736545, 10.695560058558, 18.22642964016091, 26.452777636062287, 18.22642964016091, 11.65470254939971, 10.257422591742529], [26.06440932978388, 18.056102363841482, 7.717653031334979, 0.0, 6.434017057446926, 15.89751409480907, 25.993849255437045, 23.10657570974265, 19.770990981817942, 18.7183916133432, 19.188987943588618, 25.10094094119474, 18.921487551092252, 13.112686627352458, 7.324400955066369, 11.80905375405151, 20.20773312559737, 11.80905375405151, 8.49547236592422, 13.765350786020093], [31.256114794754048, 23.625619107486138, 13.588393633050597, 6.434017057446926, 0.0, 9.866894617131114, 20.895317304636723, 19.00808614434143, 18.501612842525436, 20.55877072555796, 23.264722058774165, 30.042340194801973, 24.230655085956403, 18.49719549287994, 10.65210765013202, 8.806843347986042, 15.676905367611141, 8.806843347986042, 11.534083411429537, 19.000197906870284], [37.644218022820816, 31.463713997596166, 22.552964556454942, 15.89751409480907, 9.866894617131114, 0.0, 11.850180792867086, 12.17972509883478, 17.168003273526747, 23.12669460996413, 28.29460729443726, 35.798150012923585, 30.972801276699492, 25.655906217331495, 17.113078313330714, 8.942446991301484, 8.533815066551657, 8.942446991301484, 17.45832953194632, 25.89585831165495], [43.21386603052265, 39.442943042657966, 32.09719889488241, 25.993849255437045, 20.895317304636723, 11.850180792867086, 0.0, 6.327740809338981, 16.743034755148688, 25.16659840965473, 32.19315102205303, 40.23081013232855, 37.109476658273124, 32.52156122098041, 24.374006914811318, 15.225494919711636, 6.482778365598809, 15.225494919711636, 24.174466854454945, 32.40486007013159], [39.446907861058946, 36.27518942068171, 29.154701674709738, 23.10657570974265, 19.00808614434143, 12.17972509883478, 6.327740809338981, 0.0, 10.505684076410875, 19.313567697048462, 26.868476334755865, 35.7524948597744, 33.08182583871032, 28.40358818102172, 20.120661785619024, 11.402648899297166, 3.685806386175749, 11.402648899297166, 19.708845243974565, 28.14241429648396], [32.9495902500529, 30.925876548915635, 24.809920530087037, 19.770990981817942, 18.501612842525436, 17.168003273526747, 16.743034755148688, 10.505684076410875, 0.0, 9.493285535233047, 17.84501875699897, 28.12591066542689, 26.320939908610807, 21.73488940146589, 14.230122363502394, 9.9540425230887, 11.355338717330671, 9.9540425230887, 13.36739970786129, 21.199785833305818], [25.077504213238843, 24.681229128749337, 21.045169127885124, 18.7183916133432, 20.55877072555796, 23.12669460996413, 25.16659840965473, 19.313567697048462, 9.493285535233047, 0.0, 8.640529231033826, 19.500779422792025, 18.73553630230867, 15.093009092992329, 11.46989097295549, 14.381657146720643, 19.417961115007927, 14.381657146720643, 10.290793389322562, 14.242186783319935], [17.31181890419762, 18.444543052467168, 18.173212215605126, 19.188987943588618, 23.264722058774165, 28.29460729443726, 32.19315102205303, 26.868476334755865, 17.84501875699897, 8.640529231033826, 0.0, 11.43494695428444, 11.457983565889164, 9.748075595902465, 12.646570629854798, 19.839207814608603, 26.34413824231269, 19.839207814608603, 11.786840391869022, 8.638804787272436], [7.118007638700668, 14.303560972088173, 20.55524495395081, 25.10094094119474, 30.042340194801973, 35.798150012923585, 40.23081013232855, 35.7524948597744, 28.12591066542689, 19.500779422792025, 11.43494695428444, 0.0, 7.138039443544781, 12.058231366316958, 20.49896059325353, 28.54385696741896, 34.90044270156997, 28.54385696741896, 20.0709503902457, 11.385665811858264], [7.623954519454715, 7.921589646924465, 13.593888073992703, 18.921487551092252, 24.230655085956403, 30.972801276699492, 37.109476658273124, 33.08182583871032, 26.320939908610807, 18.73553630230867, 11.457983565889164, 7.138039443544781, 0.0, 6.162814824884079, 15.720514961257154, 24.38788603808663, 31.56718173642845, 24.38788603808663, 15.644820805518385, 6.039342581739422], [13.752816202182482, 9.702404140618645, 9.192295027736545, 13.112686627352458, 18.49719549287994, 25.655906217331495, 32.52156122098041, 28.40358818102172, 21.73488940146589, 15.093009092992329, 9.748075595902465, 12.058231366316958, 6.162814824884079, 0.0, 9.751781734973411, 18.8547289377296, 26.65174653146208, 18.8547289377296, 9.807267896169352, 1.1388431331645303], [23.221464679510245, 18.036220873694162, 10.695560058558, 7.324400955066369, 10.65210765013202, 17.113078313330714, 24.374006914811318, 20.120661785619024, 14.230122363502394, 11.46989097295549, 12.646570629854798, 20.49896059325353, 15.720514961257154, 9.751781734973411, 0.0, 9.59082764196318, 18.11253554626436, 9.59082764196318, 1.1824650569978747, 9.811248247849658], [31.48841885334214, 26.49764217701409, 18.22642964016091, 11.80905375405151, 8.806843347986042, 8.942446991301484, 15.225494919711636, 11.402648899297166, 9.9540425230887, 14.381657146720643, 19.839207814608603, 28.54385696741896, 24.38788603808663, 18.8547289377296, 9.59082764196318, 0.0, 8.892581228980537, 0.0, 9.558958357964325, 18.84449280045101], [38.08194762799167, 34.068187342200126, 26.452777636062287, 20.20773312559737, 15.676905367611141, 8.533815066551657, 6.482778365598809, 3.685806386175749, 11.355338717330671, 19.417961115007927, 26.34413824231269, 34.90044270156997, 31.56718173642845, 26.65174653146208, 18.11253554626436, 8.892581228980537, 0.0, 8.892581228980537, 17.888538319951827, 26.524698674182236], [31.48841885334214, 26.49764217701409, 18.22642964016091, 11.80905375405151, 8.806843347986042, 8.942446991301484, 15.225494919711636, 11.402648899297166, 9.9540425230887, 14.381657146720643, 19.839207814608603, 28.54385696741896, 24.38788603808663, 18.8547289377296, 9.59082764196318, 0.0, 8.892581228980537, 0.0, 9.558958357964325, 18.84449280045101], [23.123522492488398, 18.47617164259143, 11.65470254939971, 8.49547236592422, 11.534083411429537, 17.45832953194632, 24.174466854454945, 19.708845243974565, 13.36739970786129, 10.290793389322562, 11.786840391869022, 20.0709503902457, 15.644820805518385, 9.807267896169352, 1.1824650569978747, 9.558958357964325, 17.888538319951827, 9.558958357964325, 0.0, 9.729453567756925], [13.649427378120627, 10.512083595772905, 10.257422591742529, 13.765350786020093, 19.000197906870284, 25.89585831165495, 32.40486007013159, 28.14241429648396, 21.199785833305818, 14.242186783319935, 8.638804787272436, 11.385665811858264, 6.039342581739422, 1.1388431331645303, 9.811248247849658, 18.84449280045101, 26.524698674182236, 18.84449280045101, 9.729453567756925, 0.0]]