[[0.0, 13.47069284501651, 26.273515295740637, 30.518059668521232, 36.691965145305, 41.40518137153617, 49.11437517090232, 41.50844111783858, 35.3892725817323, 27.68042524915907, 19.110581768763325, 10.202775068014043, 4.522339021892213, 20.90581259226271, 29.065672167469067, 35.761125750861524, 44.022264649150955, 35.241085910191096, 28.539373239792653, 20.325254306846595], [13.47069284501651, 0.0, 13.004759277626253, 18.104385187360908, 24.810120648586253, 31.15281351157691, 41.67181311417596, 33.93634321809353, 27.41666336062246, 20.79219576507195, 12.727560035156545, 9.386680207606197, 10.026493236453414, 9.07919176271462, 17.54329985144873, 25.192999792109312, 36.07084754371703, 25.32314067396882, 17.450945169533426, 9.15037007853458], [26.273515295740637, 13.004759277626253, 0.0, 6.951420304601714, 13.457734573798595, 21.613828863892792, 34.729554737765675, 27.780217121221018, 22.031066259237893, 18.92771803668763, 16.142418041376526, 19.5896961511585, 22.358178774336746, 7.508930544346586, 8.879655159741567, 16.058837719730843, 29.04122634636677, 17.246924469698826, 9.800050866154223, 8.763621491378837], [30.518059668521232, 18.104385187360908, 6.951420304601714, 0.0, 7.578907700289466, 15.455259245505395, 28.95184739556564, 21.674548461410822, 16.231484795700894, 15.273670668972837, 16.239130862088256, 22.2613953238134, 26.211123442551358, 9.783985917110474, 3.632634737339005, 9.587088169481337, 23.185196206065417, 10.942044949062907, 4.989732232973938, 10.51588974373296], [36.691965145305, 24.810120648586253, 13.457734573798595, 7.578907700289466, 0.0, 9.002182279070944, 23.371718969937017, 18.199150114840776, 15.537054052174819, 18.26859693251821, 22.155231114164348, 28.477364987495417, 32.315019400182294, 16.664208416223165, 8.946111667872747, 5.973357320823017, 18.08223965281771, 8.352791677132739, 9.71375835984754, 17.189228873452436], [41.40518137153617, 31.15281351157691, 21.613828863892792, 15.455259245505395, 9.002182279070944, 0.0, 14.533663420557563, 11.434104515483762, 13.086472768299682, 19.247391762517356, 26.057916251519636, 32.83752042979678, 36.949661901242415, 22.895247310842745, 15.034527015263032, 6.744714909210991, 9.621805073955413, 7.495638182810656, 15.040562905930985, 22.996090238710575], [49.11437517090232, 41.67181311417596, 34.729554737765675, 28.95184739556564, 23.371718969937017, 14.533663420557563, 0.0, 11.178515499511864, 19.03033942649468, 26.3043766498749, 34.72772285196365, 40.938259821561026, 44.88734418849172, 34.16901702255663, 27.507250907620065, 19.57279288166827, 5.958780038151849, 18.670743325687436, 26.994051396620144, 33.855178242162616], [41.50844111783858, 33.93634321809353, 27.780217121221018, 21.674548461410822, 18.199150114840776, 11.434104515483762, 11.178515499511864, 0.0, 8.17889604652052, 15.956818216908374, 25.09966938446204, 32.347054920394605, 37.143128486286145, 25.890764845855482, 19.365333995475993, 12.647561732306633, 6.555228012278293, 10.781312534842733, 18.585229776902544, 25.418797880659938], [35.3892725817323, 27.41666336062246, 22.031066259237893, 16.231484795700894, 15.537054052174819, 13.086472768299682, 19.03033942649468, 8.17889604652052, 0.0, 8.395387325862101, 17.65336113683924, 25.65909225468906, 30.96590356740304, 19.14342004532317, 13.250761571096929, 9.71566407273173, 13.547273928987375, 7.419123770771723, 12.254981675299643, 18.590607109823747], [27.68042524915907, 20.79219576507195, 18.92771803668763, 15.273670668972837, 18.26859693251821, 19.247391762517356, 26.3043766498749, 15.956818216908374, 8.395387325862101, 0.0, 9.564208338552334, 17.70315338106672, 23.35070733018822, 13.622768319952772, 11.650143024479357, 13.732825659459598, 20.753260386954935, 11.957181657813095, 10.32703385961903, 12.693634185795378], [19.110581768763325, 12.727560035156545, 16.142418041376526, 16.239130862088256, 22.155231114164348, 26.057916251519636, 34.72772285196365, 25.09966938446204, 17.65336113683924, 9.564208338552334, 0.0, 8.92791446442438, 14.891361326389676, 8.79127737478434, 13.429075841820133, 19.716022170123313, 29.06462719413977, 18.780816635268714, 12.497046184294593, 7.588774353873697], [10.202775068014043, 9.386680207606197, 19.5896961511585, 22.2613953238134, 28.477364987495417, 32.83752042979678, 40.938259821561026, 32.347054920394605, 25.65909225468906, 17.70315338106672, 8.92791446442438, 0.0, 6.139064515142024, 12.714699419346449, 20.187998796035703, 26.83003502715705, 35.54760109636408, 26.10216517204789, 19.476407513010553, 11.7834868035371], [4.522339021892213, 10.026493236453414, 22.358178774336746, 26.211123442551358, 32.315019400182294, 36.949661901242415, 44.88734418849172, 37.143128486286145, 30.96590356740304, 23.35070733018822, 14.891361326389676, 6.139064515142024, 0.0, 16.621272460626745, 24.631047897627152, 31.259044523495053, 39.695837172617445, 30.726619672346743, 24.069234129757394, 15.967899312184088], [20.90581259226271, 9.07919176271462, 7.508930544346586, 9.783985917110474, 16.664208416223165, 22.895247310842745, 34.16901702255663, 25.890764845855482, 19.14342004532317, 13.622768319952772, 8.79127737478434, 12.714699419346449, 16.621272460626745, 0.0, 8.593762568830835, 16.555606241028475, 28.339381081334114, 16.702677551880384, 8.46119728692642, 1.3048584832954042], [29.065672167469067, 17.54329985144873, 8.879655159741567, 3.632634737339005, 8.946111667872747, 15.034527015263032, 27.507250907620065, 19.365333995475993, 13.250761571096929, 11.650143024479357, 13.429075841820133, 20.187998796035703, 24.631047897627152, 8.593762568830835, 0.0, 8.4760012145146, 21.597808975771734, 9.065299924511324, 1.3712567738527355, 8.904045223117748], [35.761125750861524, 25.192999792109312, 16.058837719730843, 9.587088169481337, 5.973357320823017, 6.744714909210991, 19.57279288166827, 12.647561732306633, 9.71566407273173, 13.732825659459598, 19.716022170123313, 26.83003502715705, 31.259044523495053, 16.555606241028475, 8.4760012145146, 0.0, 13.795469393048036, 2.406228998460873, 8.392526070884141, 16.63481006053634], [44.022264649150955, 36.07084754371703, 29.04122634636677, 23.185196206065417, 18.08223965281771, 9.621805073955413, 5.958780038151849, 6.555228012278293, 13.547273928987375, 20.753260386954935, 29.06462719413977, 35.54760109636408, 39.695837172617445, 28.339381081334114, 21.597808975771734, 13.795469393048036, 0.0, 12.75269460552283, 21.05929948395694, 28.037639051753164], [35.241085910191096, 25.32314067396882, 17.246924469698826, 10.942044949062907, 8.352791677132739, 7.495638182810656, 18.670743325687436, 10.781312534842733, 7.419123770771723, 11.957181657813095, 18.780816635268714, 26.10216517204789, 30.726619672346743, 16.702677551880384, 9.065299924511324, 2.406228998460873, 12.75269460552283, 0.0, 8.618992352014127, 16.594451806527655], [28.539373239792653, 17.450945169533426, 9.800050866154223, 4.989732232973938, 9.71375835984754, 15.040562905930985, 26.994051396620144, 18.585229776902544, 12.254981675299643, 10.32703385961903, 12.497046184294593, 19.476407513010553, 24.069234129757394, 8.46119728692642, 1.3712567738527355, 8.392526070884141, 21.05929948395694, 8.618992352014127, 0.0, 8.570293454973584], [20.325254306846595, 9.15037007853458, 8.763621491378837, 10.51588974373296, 17.189228873452436, 22.996090238710575, 33.855178242162616, 25.418797880659938, 18.590607109823747, 12.693634185795378, 7.588774353873697, 11.7834868035371, 15.967899312184088, 1.3048584832954042, 8.904045223117748, 16.63481006053634, 28.037639051753164, 16.594451806527655, 8.570293454973584, 0.0]]