[[0.0, 10.68116240898396, 19.893283504126735, 26.262014028970356, 31.49459045438421, 37.924732971044676, 44.32561563456713, 39.39600632035442, 32.81575126169294, 24.804830938460533, 17.04647307034593, 7.089020495339173, 8.053093544138735, 15.13979987457542, 23.353506336947945, 31.588844593748387, 38.12622301716248, 31.588844593748387, 23.224501460748428, 14.94805530522596], [10.68116240898396, 0.0, 10.679280112248996, 17.986502291013892, 23.65206434958253, 31.4838035892249, 40.3181924817799, 35.89551509018074, 30.332833541084383, 23.881954101128258, 17.466678564015346, 12.59927075889374, 6.6730447767325085, 9.822016623633965, 17.68123552179428, 26.256455620728456, 33.803528995286186, 26.256455620728456, 18.06701608328586, 10.479461411217184], [19.893283504126735, 10.679280112248996, 0.0, 7.527254498627305, 13.582011832310853, 22.42616178283716, 32.77804258693287, 28.49601207501667, 23.79490700689714, 19.828135674462075, 16.855072573727295, 18.429391645583898, 12.520326721246771, 7.493515788213761, 9.8146367526857, 17.699641865473833, 25.942692161690754, 17.699641865473833, 10.714629431152012, 8.584910233348452], [26.262014028970356, 17.986502291013892, 7.527254498627305, 0.0, 6.443484662803276, 15.757522226865083, 26.835817275025146, 22.781872588194084, 19.357854725116464, 18.35458964267087, 18.818537485803436, 23.545069233079158, 18.522036250173603, 11.8471911533125, 7.123224699437183, 11.634308186196678, 19.959541975298084, 11.634308186196678, 8.269352430476157, 12.52792558480557], [31.49459045438421, 23.65206434958253, 13.582011832310853, 6.443484662803276, 0.0, 9.67374837228207, 21.63205790245082, 18.654791915250303, 18.134105602944164, 20.29818558131352, 23.033292484867513, 28.6153007391474, 23.991985229110448, 17.339969574275642, 10.582876476722056, 8.628518134431548, 15.393712670698614, 8.628518134431548, 11.439093002589717, 17.850280733476744], [37.924732971044676, 31.4838035892249, 22.42616178283716, 15.757522226865083, 9.67374837228207, 0.0, 12.671386293729864, 12.074634351528083, 17.124361150556854, 23.131549435077925, 28.314727533978818, 34.66473357200011, 30.98579197623256, 24.69048219027423, 17.148462424307876, 8.959264421605386, 8.492783510386037, 8.959264421605386, 17.50137934679381, 24.929859326932775], [44.32561563456713, 40.3181924817799, 32.77804258693287, 26.835817275025146, 21.63205790245082, 12.671386293729864, 0.0, 7.287148714745777, 17.913118184120986, 26.34435894612752, 33.43006614934866, 40.37020409416318, 38.33431508845863, 32.82512650769587, 25.518363940093536, 16.30686051253058, 7.606556488164534, 16.30686051253058, 25.345180597490522, 32.69896974578737], [39.39600632035442, 35.89551509018074, 28.49601207501667, 22.781872588194084, 18.654791915250303, 12.074634351528083, 7.287148714745777, 0.0, 10.651268898497067, 19.393349672773606, 26.959690399121317, 34.738270982350656, 33.15397771056309, 27.51613245631459, 20.048106368844046, 11.262109230935652, 3.6282649924738144, 11.262109230935652, 19.664339069043255, 27.241837437309307], [32.81575126169294, 30.332833541084383, 23.79490700689714, 19.357854725116464, 18.134105602944164, 17.124361150556854, 17.913118184120986, 10.651268898497067, 0.0, 9.502898179769108, 17.86894075153368, 27.0620272604779, 26.365442406489084, 20.85837104339747, 14.045725883052752, 9.79041895571016, 11.475207587054973, 9.79041895571016, 13.21169332596401, 20.300053461288517], [24.804830938460533, 23.881954101128258, 19.828135674462075, 18.35458964267087, 20.29818558131352, 23.131549435077925, 26.34435894612752, 19.393349672773606, 9.502898179769108, 0.0, 8.655561202895278, 18.411688271390485, 18.766803509155253, 14.498869162811868, 11.300396542969672, 14.319810042622418, 19.501181281321887, 14.319810042622418, 10.145542321558418, 13.606209463927668], [17.04647307034593, 17.466678564015346, 16.855072573727295, 18.818537485803436, 23.033292484867513, 28.314727533978818, 33.43006614934866, 26.959690399121317, 17.86894075153368, 8.655561202895278, 0.0, 10.337393042455243, 11.487883117283886, 9.709668387427305, 12.482026379428827, 19.808539242357927, 26.43612909195386, 19.808539242357927, 11.65107635237282, 8.59261136228103], [7.089020495339173, 12.59927075889374, 18.429391645583898, 23.545069233079158, 28.6153007391474, 34.66473357200011, 40.37020409416318, 34.738270982350656, 27.0620272604779, 18.411688271390485, 10.337393042455243, 0.0, 6.3996701247665815, 11.752863935431435, 19.101197658466628, 27.291903805588422, 33.84614651774859, 27.291903805588422, 18.698104630337507, 11.087078214106587], [8.053093544138735, 6.6730447767325085, 12.520326721246771, 18.522036250173603, 23.991985229110448, 30.98579197623256, 38.33431508845863, 33.15397771056309, 26.365442406489084, 18.766803509155253, 11.487883117283886, 6.3996701247665815, 0.0, 7.142290440678044, 15.587447026708158, 24.361461778955505, 31.63730662407306, 24.361461778955505, 15.545452742790381, 7.031929545071467], [15.13979987457542, 9.822016623633965, 7.493515788213761, 11.8471911533125, 17.339969574275642, 24.69048219027423, 32.82512650769587, 27.51613245631459, 20.85837104339747, 14.498869162811868, 9.709668387427305, 11.752863935431435, 7.142290440678044, 0.0, 8.623251377017256, 17.836495525159222, 25.75391295768816, 17.836495525159222, 8.7313263641921, 1.1373212222050597], [23.353506336947945, 17.68123552179428, 9.8146367526857, 7.123224699437183, 10.582876476722056, 17.148462424307876, 25.518363940093536, 20.048106368844046, 14.045725883052752, 11.300396542969672, 12.482026379428827, 19.101197658466628, 15.587447026708158, 8.623251377017256, 0.0, 9.614074751061333, 18.106595917205812, 9.614074751061333, 1.1575164046552417, 8.658585235164576], [31.588844593748387, 26.256455620728456, 17.699641865473833, 11.634308186196678, 8.628518134431548, 8.959264421605386, 16.30686051253058, 11.262109230935652, 9.79041895571016, 14.319810042622418, 19.808539242357927, 27.291903805588422, 24.361461778955505, 17.836495525159222, 9.614074751061333, 0.0, 8.838135674633259, 0.0, 9.589912093929795, 17.81017589341096], [38.12622301716248, 33.803528995286186, 25.942692161690754, 19.959541975298084, 15.393712670698614, 8.492783510386037, 7.606556488164534, 3.6282649924738144, 11.475207587054973, 19.501181281321887, 26.43612909195386, 33.84614651774859, 31.63730662407306, 25.75391295768816, 18.106595917205812, 8.838135674633259, 0.0, 8.838135674633259, 17.906229190671105, 25.614875300216163], [31.588844593748387, 26.256455620728456, 17.699641865473833, 11.634308186196678, 8.628518134431548, 8.959264421605386, 16.30686051253058, 11.262109230935652, 9.79041895571016, 14.319810042622418, 19.808539242357927, 27.291903805588422, 24.361461778955505, 17.836495525159222, 9.614074751061333, 0.0, 8.838135674633259, 0.0, 9.589912093929795, 17.81017589341096], [23.224501460748428, 18.06701608328586, 10.714629431152012, 8.269352430476157, 11.439093002589717, 17.50137934679381, 25.345180597490522, 19.664339069043255, 13.21169332596401, 10.145542321558418, 11.65107635237282, 18.698104630337507, 15.545452742790381, 8.7313263641921, 1.1575164046552417, 9.589912093929795, 17.906229190671105, 9.589912093929795, 0.0, 8.614887708397712], [14.94805530522596, 10.479461411217184, 8.584910233348452, 12.52792558480557, 17.850280733476744, 24.929859326932775, 32.69896974578737, 27.241837437309307, 20.300053461288517, 13.606209463927668, 8.59261136228103, 11.087078214106587, 7.031929545071467, 1.1373212222050597, 8.658585235164576, 17.81017589341096, 25.614875300216163, 17.81017589341096, 8.614887708397712, 0.0]]