[[0.0, 12.18235194416895, 21.517446427826375, 28.549817484432822, 34.75045696732125, 39.82295733335917, 47.18031743485605, 41.226508928383964, 34.93333591063128, 26.780126463199124, 18.249001908264844, 8.645963213989862, 4.357404185234369, 16.613184592221504, 25.164675263353647, 33.43969457802346, 43.01765014415442, 33.19156838592622, 24.670696154436538, 16.099595050269308], [12.18235194416895, 0.0, 9.399552378057427, 17.032973545962577, 23.723637699501545, 30.214383806066508, 39.5994028352857, 34.359857905698995, 28.116868561795883, 20.756052760091478, 13.821043273401505, 10.40174570893121, 8.879912315885274, 6.9990130345308685, 15.102086905438266, 24.16682663811095, 35.12257244658868, 24.34042217705798, 15.214646413577967, 7.612244524783797], [21.517446427826375, 9.399552378057427, 0.0, 8.446343242903879, 15.558078859011161, 23.451386542376106, 34.4555634994481, 30.082853359106565, 24.31584716162036, 18.860721237456865, 15.625957293323706, 17.721473538880847, 17.873014417881336, 7.713817383174437, 9.488385103974496, 18.172443920090494, 29.874630011120455, 18.830450280480527, 10.564268253585103, 9.21999285177738], [28.549817484432822, 17.032973545962577, 8.446343242903879, 0.0, 7.375898875067498, 15.772826668110033, 27.490401309605506, 23.77268274271848, 18.905068249701003, 16.482210200758036, 17.4954106239417, 23.046671151385617, 24.474016530002384, 12.293334268802425, 6.135371205678843, 11.272393114521954, 22.94218286275783, 12.313761266368335, 7.7479002547932945, 13.311145747118012], [34.75045696732125, 23.723637699501545, 15.558078859011161, 7.375898875067498, 0.0, 9.17994633666565, 21.53961055084632, 19.42344851967459, 17.014886422304112, 18.570212911101535, 22.224389649499805, 28.77853847965442, 30.52988816675266, 18.426981676287138, 10.435160932566639, 7.69089304600668, 17.294857000860834, 9.171307799379269, 11.466861809813091, 19.136002511269012], [39.82295733335917, 30.214383806066508, 23.451386542376106, 15.772826668110033, 9.17994633666565, 0.0, 12.449508248043974, 12.13339229392151, 14.001519613278898, 20.030495961379764, 25.837129860327654, 33.138504684646904, 35.49706410182911, 24.1734231151599, 16.00710478941192, 7.0050913407667235, 8.524507593043714, 7.660210453859475, 16.17452833960301, 24.40280203432321], [47.18031743485605, 39.5994028352857, 34.4555634994481, 27.490401309605506, 21.53961055084632, 12.449508248043974, 0.0, 8.261012883473123, 16.775713209275033, 25.757217878264804, 32.673687173754054, 40.05780428232658, 42.97180925791366, 33.25506859307446, 25.980673947993825, 16.643473740433336, 4.679104586549333, 16.140697687012075, 25.521169281503113, 33.02488759651893], [41.226508928383964, 34.359857905698995, 30.082853359106565, 23.77268274271848, 19.42344851967459, 12.13339229392151, 8.261012883473123, 0.0, 8.97581626452157, 18.179841558763183, 25.564934712063884, 33.52656173231781, 37.03486343683395, 27.643838958095976, 20.84470199836313, 12.568302764920771, 5.793106110857111, 11.499894091394319, 20.04582101558649, 27.194662668713416], [34.93333591063128, 28.116868561795883, 24.31584716162036, 18.905068249701003, 17.014886422304112, 14.001519613278898, 16.775713209275033, 8.97581626452157, 0.0, 9.587068315616042, 17.770971147095505, 26.71055936357041, 30.747505232248955, 21.145304463515977, 14.861193706639645, 9.918900208205999, 12.968173057548155, 8.64971709342322, 13.848825079426016, 20.608057687934224], [26.780126463199124, 20.756052760091478, 18.860721237456865, 16.482210200758036, 18.570212911101535, 20.030495961379764, 25.757217878264804, 18.179841558763183, 9.587068315616042, 0.0, 8.702953536012474, 18.291046601314157, 22.755867834803094, 14.089502850930264, 11.00428999159787, 13.454900868762513, 21.547808352095835, 12.60389176144198, 9.689841410785329, 13.31513504879895], [18.249001908264844, 13.821043273401505, 15.625957293323706, 17.4954106239417, 22.224389649499805, 25.837129860327654, 32.673687173754054, 25.564934712063884, 17.770971147095505, 8.702953536012474, 0.0, 9.763022492361374, 14.385097424671757, 8.718439329689922, 12.001208559902665, 18.846122944907215, 28.341105863671217, 18.29481341783952, 10.857051469648201, 7.4926035520936365], [8.645963213989862, 10.40174570893121, 17.721473538880847, 23.046671151385617, 28.77853847965442, 33.138504684646904, 40.05780428232658, 33.52656173231781, 26.71055936357041, 18.291046601314157, 9.763022492361374, 0.0, 5.292549409018108, 10.83528447120231, 18.546070117016406, 26.407766986769065, 35.84385216933009, 25.988405922928415, 17.738963693820335, 9.772626795000106], [4.357404185234369, 8.879912315885274, 17.873014417881336, 24.474016530002384, 30.52988816675266, 35.49706410182911, 42.97180925791366, 37.03486343683395, 30.747505232248955, 22.755867834803094, 14.385097424671757, 5.292549409018108, 0.0, 12.406542313387643, 20.87170299829913, 29.085287603751247, 38.75917785089339, 28.839491269096595, 20.342111695724267, 11.816340681766162], [16.613184592221504, 6.9990130345308685, 7.713817383174437, 12.293334268802425, 18.426981676287138, 24.1734231151599, 33.25506859307446, 27.643838958095976, 21.145304463515977, 14.089502850930264, 8.718439329689922, 10.83528447120231, 12.406542313387643, 0.0, 8.672152938128397, 17.712314672239593, 28.714304861357082, 17.75678898597156, 8.477074361093806, 1.5177882301276335], [25.164675263353647, 15.102086905438266, 9.488385103974496, 6.135371205678843, 10.435160932566639, 16.00710478941192, 25.980673947993825, 20.84470199836313, 14.861193706639645, 11.00428999159787, 12.001208559902665, 18.546070117016406, 20.87170299829913, 8.672152938128397, 0.0, 9.575762116258892, 21.317611897826026, 9.911069701567737, 1.6337848164617585, 9.104647360156843], [33.43969457802346, 24.16682663811095, 18.172443920090494, 11.272393114521954, 7.69089304600668, 7.0050913407667235, 16.643473740433336, 12.568302764920771, 9.918900208205999, 13.454900868762513, 18.846122944907215, 26.407766986769065, 29.085287603751247, 17.712314672239593, 9.575762116258892, 0.0, 11.981559738305904, 1.4922377381935572, 9.457927076683664, 17.81182134389642], [43.01765014415442, 35.12257244658868, 29.874630011120455, 22.94218286275783, 17.294857000860834, 8.524507593043714, 4.679104586549333, 5.793106110857111, 12.968173057548155, 21.547808352095835, 28.341105863671217, 35.84385216933009, 38.75917785089339, 28.714304861357082, 21.317611897826026, 11.981559738305904, 0.0, 11.463153908321479, 20.876054859706343, 28.52356399640222], [33.19156838592622, 24.34042217705798, 18.830450280480527, 12.313761266368335, 9.171307799379269, 7.660210453859475, 16.140697687012075, 11.499894091394319, 8.64971709342322, 12.60389176144198, 18.29481341783952, 25.988405922928415, 28.839491269096595, 17.75678898597156, 9.911069701567737, 1.4922377381935572, 11.463153908321479, 0.0, 9.546079329597099, 17.72877515022267], [24.670696154436538, 15.214646413577967, 10.564268253585103, 7.7479002547932945, 11.466861809813091, 16.17452833960301, 25.521169281503113, 20.04582101558649, 13.848825079426016, 9.689841410785329, 10.857051469648201, 17.738963693820335, 20.342111695724267, 8.477074361093806, 1.6337848164617585, 9.457927076683664, 20.876054859706343, 9.546079329597099, 0.0, 8.637192318314673], [16.099595050269308, 7.612244524783797, 9.21999285177738, 13.311145747118012, 19.136002511269012, 24.40280203432321, 33.02488759651893, 27.194662668713416, 20.608057687934224, 13.31513504879895, 7.4926035520936365, 9.772626795000106, 11.816340681766162, 1.5177882301276335, 9.104647360156843, 17.81182134389642, 28.52356399640222, 17.72877515022267, 8.637192318314673, 0.0]]