[[0.0, 9.613752475665159, 19.190335224900195, 25.743186126834672, 31.02864798030965, 37.5286653099796, 43.21637067789768, 39.6237452448643, 32.955881243274334, 25.135629979481422, 17.313884675348888, 7.1055937227973525, 7.5760181431101445, 13.725887114706069, 23.204500816938385, 31.445769071108348, 38.07147098612932, 31.428610986287467, 23.08678704083661, 13.600979526624439], [9.613752475665159, 0.0, 10.707791121269834, 18.008345882105584, 23.64588575096873, 31.430344170570837, 39.119191805696985, 36.26354412955096, 30.29433545701996, 23.83745466634223, 17.446292197560968, 13.139848869426581, 7.8546332653395075, 9.00276905668572, 17.706701987460736, 26.220370660607646, 33.741753556999996, 26.51610909776389, 18.063850220913896, 9.72257803524122], [19.190335224900195, 10.707791121269834, 0.0, 7.523130482859645, 13.559377116769449, 22.4855354698433, 31.58614982263858, 29.09730734920815, 23.849249154794247, 19.78826272981274, 16.939050716247767, 19.63375711829435, 13.478125148102947, 8.024445786487998, 9.766092086929092, 17.65353284512704, 25.915177523051412, 18.21603750895238, 10.68064944112698, 9.093933575784797], [25.743186126834672, 18.008345882105584, 7.523130482859645, 0.0, 6.430986565680493, 15.927814617969444, 25.6913592707868, 23.560043481637518, 19.485995250282237, 18.33372343536718, 18.93144523589992, 24.88917977848828, 19.190066632179917, 12.855188556893006, 7.048103559955608, 11.602509179793612, 19.97459188918204, 12.406478909152424, 8.242179887635912, 13.521239259847226], [31.02864798030965, 23.64588575096873, 13.559377116769449, 6.430986565680493, 0.0, 9.920386611387183, 20.568488997252956, 19.636927668577272, 18.252589439290656, 20.27260675532465, 23.09653546174968, 29.89925466186883, 24.50892244219623, 18.3634985240111, 10.537395939567606, 8.603935395269076, 15.427486548385968, 9.722716605422317, 11.413347558558307, 18.869188506614293], [37.5286653099796, 31.430344170570837, 22.4855354698433, 15.927814617969444, 9.920386611387183, 0.0, 11.445023255275716, 13.04137179630478, 17.09084653585003, 23.071898839507877, 28.26983947622789, 35.72530476165771, 31.169602620484625, 25.680680754889853, 17.235067783166215, 9.0065949584776, 8.293090506560388, 9.725953240837269, 17.549658436641412, 25.909201456024284], [43.21637067789768, 39.119191805696985, 31.58614982263858, 25.6913592707868, 20.568488997252956, 11.445023255275716, 0.0, 6.958265952788809, 16.782271490517275, 25.250596604482414, 32.20875363923679, 40.23147489786101, 37.04653421828507, 32.5281813107251, 24.387652467354293, 15.164301405090837, 6.423284810504201, 14.948882450901637, 24.16613361749904, 32.401016734896594], [39.6237452448643, 36.26354412955096, 29.09730734920815, 23.560043481637518, 19.636927668577272, 13.04137179630478, 6.958265952788809, 0.0, 10.235588973594679, 19.178401686524218, 26.815803421827827, 35.77205810018681, 33.096732475643606, 28.73204661102515, 20.582978713677566, 12.037771117065308, 4.763879757258562, 11.346695380633555, 20.09017533014406, 28.417954976408435], [32.955881243274334, 30.29433545701996, 23.849249154794247, 19.485995250282237, 18.252589439290656, 17.09084653585003, 16.782271490517275, 10.235588973594679, 0.0, 9.504414364767879, 17.84344763158073, 28.169075469997342, 25.9425091231727, 21.723855642234668, 14.200201223224163, 9.887769056237552, 11.39572454999132, 8.747490631155543, 13.322270706271434, 21.18650310412216], [25.135629979481422, 23.83745466634223, 19.78826272981274, 18.33372343536718, 20.27260675532465, 23.071898839507877, 25.250596604482414, 19.178401686524218, 9.504414364767879, 0.0, 8.637678366724591, 19.6262752970515, 18.168140352099357, 15.046572326862655, 11.343269090642034, 14.302374538666607, 19.476901885740986, 13.479456480239252, 10.148087368288369, 14.199126410279538], [17.313884675348888, 17.446292197560968, 16.939050716247767, 18.93144523589992, 23.09653546174968, 28.26983947622789, 32.20875363923679, 26.815803421827827, 17.84344763158073, 8.637678366724591, 0.0, 11.531892773885033, 10.678269770998055, 9.736872834417579, 12.63046113491368, 19.818284252167665, 26.364045000338226, 19.347368093700446, 11.755003695676233, 8.621264289913972], [7.1055937227973525, 13.139848869426581, 19.63375711829435, 24.88917977848828, 29.89925466186883, 35.72530476165771, 40.23147489786101, 35.77205810018681, 28.169075469997342, 19.6262752970515, 11.531892773885033, 0.0, 6.224392605770383, 12.15365453633174, 20.57964027749438, 28.55691623688519, 34.90880815516853, 28.30677837056478, 20.125633424042384, 11.45435448145342], [7.5760181431101445, 7.8546332653395075, 13.478125148102947, 19.190066632179917, 24.50892244219623, 31.169602620484625, 37.04653421828507, 33.096732475643606, 25.9425091231727, 18.168140352099357, 10.678269770998055, 6.224392605770383, 0.0, 6.514076873314898, 15.868888407449278, 24.42718471031572, 31.511980342261957, 24.380502453386992, 15.688248172981746, 6.163677418755545], [13.725887114706069, 9.00276905668572, 8.024445786487998, 12.855188556893006, 18.3634985240111, 25.680680754889853, 32.5281813107251, 28.73204661102515, 21.723855642234668, 15.046572326862655, 9.736872834417579, 12.15365453633174, 6.514076873314898, 0.0, 9.754407561340772, 18.85386513461646, 26.676020874103695, 18.942311887864193, 9.799803626194612, 1.1570389169863802], [23.204500816938385, 17.706701987460736, 9.766092086929092, 7.048103559955608, 10.537395939567606, 17.235067783166215, 24.387652467354293, 20.582978713677566, 14.200201223224163, 11.343269090642034, 12.63046113491368, 20.57964027749438, 15.868888407449278, 9.754407561340772, 0.0, 9.620635611117388, 18.16618732187858, 9.788278617949686, 1.20785739815634, 9.827576051562309], [31.445769071108348, 26.220370660607646, 17.65353284512704, 11.602509179793612, 8.603935395269076, 9.0065949584776, 15.164301405090837, 12.037771117065308, 9.887769056237552, 14.302374538666607, 19.818284252167665, 28.55691623688519, 24.42718471031572, 18.85386513461646, 9.620635611117388, 0.0, 8.891613111659435, 1.1520917523335454, 9.57292118900396, 18.842861822346865], [38.07147098612932, 33.741753556999996, 25.915177523051412, 19.97459188918204, 15.427486548385968, 8.293090506560388, 6.423284810504201, 4.763879757258562, 11.39572454999132, 19.476901885740986, 26.364045000338226, 34.90880815516853, 31.511980342261957, 26.676020874103695, 18.16618732187858, 8.891613111659435, 0.0, 8.57909883435836, 17.920057027923573, 26.5403765983479], [31.428610986287467, 26.51610909776389, 18.21603750895238, 12.406478909152424, 9.722716605422317, 9.725953240837269, 14.948882450901637, 11.346695380633555, 8.747490631155543, 13.479456480239252, 19.347368093700446, 28.30677837056478, 24.380502453386992, 18.942311887864193, 9.788278617949686, 1.1520917523335454, 8.57909883435836, 0.0, 9.598154982982617, 18.860819878191883], [23.08678704083661, 18.063850220913896, 10.68064944112698, 8.242179887635912, 11.413347558558307, 17.549658436641412, 24.16613361749904, 20.09017533014406, 13.322270706271434, 10.148087368288369, 11.755003695676233, 20.125633424042384, 15.688248172981746, 9.799803626194612, 1.20785739815634, 9.57292118900396, 17.920057027923573, 9.598154982982617, 0.0, 9.730600493646216], [13.600979526624439, 9.72257803524122, 9.093933575784797, 13.521239259847226, 18.869188506614293, 25.909201456024284, 32.401016734896594, 28.417954976408435, 21.18650310412216, 14.199126410279538, 8.621264289913972, 11.45435448145342, 6.163677418755545, 1.1570389169863802, 9.827576051562309, 18.842861822346865, 26.5403765983479, 18.860819878191883, 9.730600493646216, 0.0]]