[[0.0, 13.643570735141664, 24.785166071883744, 28.32931613258721, 35.24104913452387, 39.6194892547354, 46.969949592325314, 39.319287030094195, 33.435715168109084, 26.13773028280179, 15.973520755591922, 7.845662328870067, 4.481871293887184, 16.02932168696583, 26.66679554138286, 34.8308661961639, 41.826127982307305, 34.53455010334341, 24.945773919640434, 14.651365347180242], [13.643570735141664, 0.0, 11.66267102599276, 16.750396107435012, 23.775734013086325, 30.063457052484065, 41.016855575130705, 33.94820807208985, 28.60428769440893, 22.970976963020316, 14.825393413795203, 12.91688529291721, 10.67144592525502, 6.051962139045239, 16.253221033411776, 26.221519000480924, 35.43014309088607, 26.418837135767255, 16.746436124559427, 7.646938477211907], [24.785166071883744, 11.66267102599276, 0.0, 6.932653793798512, 13.38767611057427, 21.327836706487158, 34.97987833133089, 28.733508199865412, 24.561656596477945, 21.855212305035998, 18.83359403233777, 21.602190367660818, 21.039061723768693, 9.542432364762035, 8.616760741911772, 18.747509139933253, 29.345768364405266, 19.45468333393098, 12.213664873063031, 12.165200920402867], [28.32931613258721, 16.750396107435012, 6.932653793798512, 0.0, 7.8645666822682605, 15.174546759467843, 28.847138676915208, 22.42039079373342, 18.81126164210019, 17.995499753029762, 18.663006239613495, 23.516638651248797, 24.093264733458184, 12.329378104885379, 3.295027466297818, 12.272616525950935, 23.17654105256973, 13.044290695520589, 7.941668396392848, 13.939012662483591], [35.24104913452387, 23.775734013086325, 13.38767611057427, 7.8645666822682605, 0.0, 8.982718753358808, 24.36668964580731, 20.52089705654249, 19.860865638276543, 22.15725549475616, 25.412779689607355, 30.42817628102113, 30.949582970121067, 19.536767284786986, 9.37334848205896, 9.36393528202625, 19.29460464074291, 10.69695996288819, 12.749493720236458, 20.950797724340852], [39.6194892547354, 30.063457052484065, 21.327836706487158, 15.174546759467843, 8.982718753358808, 0.0, 15.643129460102827, 14.345584038587274, 17.315460814671543, 22.554048008083555, 28.716493214388418, 34.13437182852312, 35.210045200410974, 25.10533049697428, 14.928000347384273, 6.026198543371761, 11.150144590074778, 7.037367889746055, 15.849534717254032, 25.691341499859476], [46.969949592325314, 41.016855575130705, 34.97987833133089, 28.847138676915208, 24.36668964580731, 15.643129460102827, 0.0, 11.17039092960873, 19.470467626040236, 26.90991420345648, 35.652629989211974, 40.91311767439277, 42.77479067037417, 35.59613137153202, 27.273917347456784, 16.660089989855788, 5.83584604830945, 16.044483006254456, 25.676475045573024, 35.054473814220906], [39.319287030094195, 33.94820807208985, 28.733508199865412, 22.42039079373342, 20.52089705654249, 14.345584038587274, 11.17039092960873, 0.0, 8.420722836050475, 16.32201636769232, 26.082333727499346, 32.41797801854134, 35.046034395644, 28.042709660925656, 20.200353642617973, 11.300289492588503, 7.145701281737996, 10.09030218835121, 17.626804649582386, 27.14339150911349], [33.435715168109084, 28.60428769440893, 24.561656596477945, 18.81126164210019, 19.860865638276543, 17.315460814671543, 19.470467626040236, 8.420722836050475, 0.0, 8.372309067374305, 18.800783427986666, 26.018420629096052, 29.202174703910355, 22.56742322988934, 16.14808832627296, 11.973986282855929, 14.642132991750277, 10.788760901891425, 12.780308717088372, 21.389141966156142], [26.13773028280179, 22.970976963020316, 21.855212305035998, 17.995499753029762, 22.15725549475616, 22.554048008083555, 26.90991420345648, 16.32201636769232, 8.372309067374305, 0.0, 10.841738316822537, 18.42659201926013, 22.113067692160442, 17.261213090691076, 14.977345693295494, 16.54991691232612, 21.77714265255844, 15.623832662347263, 10.84252807005687, 15.488933002867245], [15.973520755591922, 14.825393413795203, 18.83359403233777, 18.663006239613495, 25.412779689607355, 28.716493214388418, 35.652629989211974, 26.082333727499346, 18.800783427986666, 10.841738316822537, 0.0, 8.338705637581475, 12.20568334724345, 10.81704631400398, 16.13613464205381, 23.011455063390148, 30.22297229341029, 22.492555461062338, 13.088329567303274, 8.403395246693218], [7.845662328870067, 12.91688529291721, 21.602190367660818, 23.516638651248797, 30.42817628102113, 34.13437182852312, 40.91311767439277, 32.41797801854134, 26.018420629096052, 18.42659201926013, 8.338705637581475, 0.0, 4.718967977115862, 12.12407280973741, 21.32860931949624, 28.83550304345872, 35.67662724057931, 28.39018978122531, 18.821512492987647, 9.779400159414331], [4.481871293887184, 10.67144592525502, 21.039061723768693, 24.093264733458184, 30.949582970121067, 35.210045200410974, 42.77479067037417, 35.046034395644, 29.202174703910355, 22.113067692160442, 12.20568334724345, 4.718967977115862, 0.0, 11.906511284411526, 22.294875204246043, 30.36921578227176, 37.539574597185435, 30.076682893127913, 20.469577970635864, 10.285398702152582], [16.02932168696583, 6.051962139045239, 9.542432364762035, 12.329378104885379, 19.536767284786986, 25.10533049697428, 35.59613137153202, 28.042709660925656, 22.56742322988934, 17.261213090691076, 10.81704631400398, 12.12407280973741, 11.906511284411526, 0.0, 11.031454152216469, 20.741175673776716, 29.923503281876087, 20.82375586911674, 10.823564058910446, 2.86973321907054], [26.66679554138286, 16.253221033411776, 8.616760741911772, 3.295027466297818, 9.37334848205896, 14.928000347384273, 27.273917347456784, 20.200353642617973, 16.14808832627296, 14.977345693295494, 16.13613464205381, 21.32860931949624, 22.294875204246043, 11.031454152216469, 0.0, 10.899547851392597, 21.490844018822173, 11.366731377566902, 4.649743519114785, 12.05134897414206], [34.8308661961639, 26.221519000480924, 18.747509139933253, 12.272616525950935, 9.36393528202625, 6.026198543371761, 16.660089989855788, 11.300289492588503, 11.973986282855929, 16.54991691232612, 23.011455063390148, 28.83550304345872, 30.36921578227176, 20.741175673776716, 10.899547851392597, 0.0, 10.994359193934587, 1.4034921368760807, 10.561528036294416, 20.903376487499187], [41.826127982307305, 35.43014309088607, 29.345768364405266, 23.17654105256973, 19.29460464074291, 11.150144590074778, 5.83584604830945, 7.145701281737996, 14.642132991750277, 21.77714265255844, 30.22297229341029, 35.67662724057931, 37.539574597185435, 29.923503281876087, 21.490844018822173, 10.994359193934587, 0.0, 10.275719177896649, 19.86808003640742, 29.44422697453275], [34.53455010334341, 26.418837135767255, 19.45468333393098, 13.044290695520589, 10.69695996288819, 7.037367889746055, 16.044483006254456, 10.09030218835121, 10.788760901891425, 15.623832662347263, 22.492555461062338, 28.39018978122531, 30.076682893127913, 20.82375586911674, 11.366731377566902, 1.4034921368760807, 10.275719177896649, 0.0, 10.43855505357988, 20.79257101725775], [24.945773919640434, 16.746436124559427, 12.213664873063031, 7.941668396392848, 12.749493720236458, 15.849534717254032, 25.676475045573024, 17.626804649582386, 12.780308717088372, 10.84252807005687, 13.088329567303274, 18.821512492987647, 20.469577970635864, 10.823564058910446, 4.649743519114785, 10.561528036294416, 19.86808003640742, 10.43855505357988, 0.0, 10.68109204609084], [14.651365347180242, 7.646938477211907, 12.165200920402867, 13.939012662483591, 20.950797724340852, 25.691341499859476, 35.054473814220906, 27.14339150911349, 21.389141966156142, 15.488933002867245, 8.403395246693218, 9.779400159414331, 10.285398702152582, 2.86973321907054, 12.05134897414206, 20.903376487499187, 29.44422697453275, 20.79257101725775, 10.68109204609084, 0.0]]