[[0.0, 11.587483457198246, 24.741303093156333, 29.6299345940823, 34.85491527474864, 39.532185524084426, 47.92260757790538, 40.185782825283454, 33.109063888504664, 26.41959744254407, 17.553768335048893, 8.290491349099465, 4.465460842924394, 17.414479579029226, 27.952778978040897, 36.88539908207652, 43.79580545830773, 36.61026981546584, 27.31089905526082, 16.64124653065055], [11.587483457198246, 0.0, 13.299123315020282, 18.68218066743377, 24.314749626985616, 30.24314167273263, 41.23473511264596, 33.57885092234749, 26.415649624097377, 20.14257561273766, 12.702107786637217, 9.211568975686717, 8.243747339405056, 6.794403171706914, 17.704486941026165, 28.112916422747748, 37.11419887841113, 28.1517833389708, 17.440826319935102, 6.721076331539315], [24.741303093156333, 13.299123315020282, 0.0, 6.294934045367592, 12.343458585439212, 20.053681882492626, 34.08691641536994, 27.166432870128187, 21.05938018412983, 17.345128440789995, 16.10935610085996, 19.86727123950912, 20.857488077440387, 7.843729495405428, 7.585226994674185, 18.994384970125985, 30.2944655975019, 19.564436716384296, 8.475791851519773, 9.12723878265634], [29.6299345940823, 18.68218066743377, 6.294934045367592, 0.0, 6.264118908856456, 14.18377519793856, 28.892419984464667, 22.321783448314278, 17.250044622645365, 15.625336712708435, 17.925627604645424, 23.67273667713774, 25.43522115670819, 12.29340081680855, 3.8180168855281416, 13.437626557973848, 25.272433453938902, 14.195586632290686, 5.318007582429818, 13.127193227301792], [34.85491527474864, 24.314749626985616, 12.343458585439212, 6.264118908856456, 0.0, 8.605308361852817, 24.11618776780016, 19.02157708561969, 16.439113382772476, 17.49816760808322, 22.25889686545339, 28.547327532744657, 30.5474936970073, 17.89555599680167, 7.665734375238746, 9.181795874335968, 20.97366491755685, 10.330555596341705, 8.594766959666678, 18.520529953700056], [39.532185524084426, 30.24314167273263, 20.053681882492626, 14.18377519793856, 8.605308361852817, 0.0, 15.707354743880396, 12.57240803575457, 14.3459940288467, 18.63269473236684, 25.828196022583786, 32.60033380105872, 35.11519219073592, 23.87201698860107, 13.762297816735801, 3.972966876961478, 13.008325214183147, 5.1465169890007125, 13.818913037445023, 24.07790044529288], [47.92260757790538, 41.23473511264596, 34.08691641536994, 28.892419984464667, 24.11618776780016, 15.707354743880396, 0.0, 10.557341754747451, 19.523331432349163, 26.006254772105052, 34.37577485245225, 40.70775550854934, 43.70949738503527, 35.57318517574391, 27.280926976203595, 15.644811410291306, 4.412976313984133, 15.037843413102326, 26.679118967669343, 35.25336363847258], [40.185782825283454, 33.57885092234749, 27.166432870128187, 22.321783448314278, 19.02157708561969, 12.57240803575457, 10.557341754747451, 0.0, 9.176269105617651, 16.04711329682161, 25.003296982788868, 32.38121132361075, 35.885287181488586, 27.706153273387702, 19.799406547067342, 9.970148097639726, 6.54414573655592, 8.753694386841428, 18.89608369839714, 27.236477092795333], [33.109063888504664, 26.415649624097377, 21.05938018412983, 17.250044622645365, 16.439113382772476, 14.3459940288467, 19.523331432349163, 9.176269105617651, 0.0, 7.239372630511156, 16.614451778828872, 24.978835718897027, 28.789910907610256, 20.5171554013262, 13.895577779755477, 10.444176140262858, 15.24526438590994, 9.375195484075313, 12.694523401463684, 19.939345082851194], [26.41959744254407, 20.14257561273766, 17.345128440789995, 15.625336712708435, 17.49816760808322, 18.63269473236684, 26.006254772105052, 16.04711329682161, 7.239372630511156, 0.0, 9.428607000340717, 18.207845736747437, 22.162412390038455, 14.791915852701461, 11.830641015195923, 14.863479280700526, 21.608594589060388, 14.141069288575528, 10.400790949236647, 13.979807023372388], [17.553768335048893, 12.702107786637217, 16.10935610085996, 17.925627604645424, 22.25889686545339, 25.828196022583786, 34.37577485245225, 25.003296982788868, 16.614451778828872, 9.428607000340717, 0.0, 9.45294685590848, 13.513050636844444, 9.89089774474748, 14.797454900620647, 22.499790035574595, 29.97548388881, 22.04045426777715, 13.6758374316505, 8.619154389357114], [8.290491349099465, 9.211568975686717, 19.86727123950912, 23.67273667713774, 28.547327532744657, 32.60033380105872, 40.70775550854934, 32.38121132361075, 24.978835718897027, 18.207845736747437, 9.45294685590848, 0.0, 4.498556484179122, 12.023857560016129, 21.319414907391906, 29.618804267233646, 36.45540555354706, 29.230297327798944, 20.435769293239222, 10.799487734678719], [4.465460842924394, 8.243747339405056, 20.857488077440387, 25.43522115670819, 30.5474936970073, 35.11519219073592, 43.70949738503527, 35.885287181488586, 28.789910907610256, 22.162412390038455, 13.513050636844444, 4.498556484179122, 0.0, 13.305287007198787, 23.605481996425365, 32.438174556207, 39.54972709503096, 32.165874119718836, 22.916479008305025, 12.409357032268753], [17.414479579029226, 6.794403171706914, 7.843729495405428, 12.29340081680855, 17.89555599680167, 23.87201698860107, 35.57318517574391, 27.706153273387702, 20.5171554013262, 14.791915852701461, 9.89089774474748, 12.023857560016129, 13.305287007198787, 0.0, 10.962884971642502, 21.712781843150847, 31.42917242373669, 21.81144129723763, 10.6916465401287, 1.4769195228748864], [27.952778978040897, 17.704486941026165, 7.585226994674185, 3.8180168855281416, 7.665734375238746, 13.762297816735801, 27.280926976203595, 19.799406547067342, 13.895577779755477, 11.830641015195923, 14.797454900620647, 21.319414907391906, 23.605481996425365, 10.962884971642502, 0.0, 11.974116439180222, 23.365019697551425, 12.40808064943946, 1.5215122418288343, 11.4131592411381], [36.88539908207652, 28.112916422747748, 18.994384970125985, 13.437626557973848, 9.181795874335968, 3.972966876961478, 15.644811410291306, 9.970148097639726, 10.444176140262858, 14.863479280700526, 22.499790035574595, 29.618804267233646, 32.438174556207, 21.712781843150847, 11.974116439180222, 0.0, 12.090728275370926, 1.3614507596920211, 11.637895379350555, 21.724100248510222], [43.79580545830773, 37.11419887841113, 30.2944655975019, 25.272433453938902, 20.97366491755685, 13.008325214183147, 4.412976313984133, 6.54414573655592, 15.24526438590994, 21.608594589060388, 29.97548388881, 36.45540555354706, 39.54972709503096, 31.42917242373669, 23.365019697551425, 12.090728275370926, 0.0, 11.27505142626445, 22.65845609217118, 31.062682234159848], [36.61026981546584, 28.1517833389708, 19.564436716384296, 14.195586632290686, 10.330555596341705, 5.1465169890007125, 15.037843413102326, 8.753694386841428, 9.375195484075313, 14.141069288575528, 22.04045426777715, 29.230297327798944, 32.165874119718836, 21.81144129723763, 12.40808064943946, 1.3614507596920211, 11.27505142626445, 0.0, 11.91254825666318, 21.73074391202662], [27.31089905526082, 17.440826319935102, 8.475791851519773, 5.318007582429818, 8.594766959666678, 13.818913037445023, 26.679118967669343, 18.89608369839714, 12.694523401463684, 10.400790949236647, 13.6758374316505, 20.435769293239222, 22.916479008305025, 10.6916465401287, 1.5215122418288343, 11.637895379350555, 22.65845609217118, 11.91254825666318, 0.0, 10.949644044400118], [16.64124653065055, 6.721076331539315, 9.12723878265634, 13.127193227301792, 18.520529953700056, 24.07790044529288, 35.25336363847258, 27.236477092795333, 19.939345082851194, 13.979807023372388, 8.619154389357114, 10.799487734678719, 12.409357032268753, 1.4769195228748864, 11.4131592411381, 21.724100248510222, 31.062682234159848, 21.73074391202662, 10.949644044400118, 0.0]]