[[0.0, 11.549203336443858, 24.825189238961663, 29.252338458957258, 35.692181322802405, 39.54006094103856, 47.94692218374611, 40.20503360480278, 33.16700042380278, 26.522839727007856, 17.58817363421277, 8.309826989052425, 4.449966463449134, 17.50299905405442, 27.966040472861273, 36.91204778956162, 43.816619973090965, 36.64372485195276, 26.784750341136725, 16.1388709025539], [11.549203336443858, 0.0, 13.410189495819886, 18.47973122449177, 25.260466156030635, 30.263078881463024, 41.2991216575491, 33.594087572326906, 26.434198529074038, 20.16506349690226, 12.70537395277861, 9.146101767780968, 8.237264930501267, 6.874278210725984, 17.736323550030345, 28.136810909839145, 37.13717989251723, 28.17442829972589, 17.348674324096297, 7.005963250656473], [24.825189238961663, 13.410189495819886, 0.0, 6.514830653264137, 13.374055141310695, 20.094800906607485, 34.27789213286889, 27.231158071654225, 21.05059159290641, 17.283999537837705, 16.144106440288393, 19.917545216085095, 20.97893145464311, 7.834491052428741, 7.6125220294315765, 19.027144763185383, 30.392148045151526, 19.59103395446338, 9.550154569525777, 10.332287717780755], [29.252338458957258, 18.47973122449177, 6.514830653264137, 0.0, 7.495796720555927, 14.061267131320314, 28.674087933248874, 21.653047901991275, 16.21887030787841, 14.421306986592993, 17.022677301377975, 23.054352657039278, 25.040953831876973, 11.85108517127769, 2.795107857847528, 12.999491932115612, 24.85401569158662, 13.665662231806076, 5.785676319902281, 13.352818649601927], [35.692181322802405, 25.260466156030635, 13.374055141310695, 7.495796720555927, 0.0, 7.698023708513892, 23.458272073194816, 18.45794110240012, 16.261467910372325, 17.71215326685733, 22.91499842437817, 29.288876584656315, 31.389207698082554, 18.77087471719528, 8.48534049652564, 8.5228405216112, 20.268598085240203, 9.713145846367079, 10.276378112934779, 19.96174501176628], [39.54006094103856, 30.263078881463024, 20.094800906607485, 14.061267131320314, 7.698023708513892, 0.0, 15.880013775272422, 12.564809939281927, 14.304918872877577, 18.586261803667274, 25.824351945948422, 32.58915643423418, 35.13651994118787, 23.874404312331585, 13.777317525835137, 3.9515054067894164, 13.034784213729393, 5.106256019630242, 14.050623269056894, 24.334823546483875], [47.94692218374611, 41.2991216575491, 34.27789213286889, 28.674087933248874, 23.458272073194816, 15.880013775272422, 0.0, 10.664982831793772, 19.70518044784906, 26.18421132495025, 34.46169685434294, 40.7437999730982, 43.74122396573472, 35.70500307739879, 27.433669603210028, 15.841019462604358, 4.47079526677693, 15.24016745106739, 26.31554972735513, 35.13702991833055], [40.20503360480278, 33.594087572326906, 27.231158071654225, 21.653047901991275, 18.45794110240012, 12.564809939281927, 10.664982831793772, 0.0, 9.248709991384366, 16.120126435851954, 25.023683990014778, 32.391956164343405, 35.908592890893416, 27.74908500130894, 19.817280369108314, 9.99968006442976, 6.571113911252103, 8.796969335744546, 18.11786733016888, 26.892180001540222], [33.16700042380278, 26.434198529074038, 21.05059159290641, 16.21887030787841, 16.261467910372325, 14.304918872877577, 19.70518044784906, 9.248709991384366, 0.0, 7.24420546891431, 16.62808234124383, 25.017633876062497, 28.856126752917998, 20.522307099758788, 13.834025249171876, 10.42276448891843, 15.349951463439936, 9.366452620764539, 11.544266670722308, 19.4623601994784], [26.522839727007856, 20.16506349690226, 17.283999537837705, 14.421306986592993, 17.71215326685733, 18.586261803667274, 26.18421132495025, 16.120126435851954, 7.24420546891431, 0.0, 9.459256564947427, 18.293860482272898, 22.278412304214182, 14.778725933165077, 11.704046738457981, 14.838380577065243, 21.72255844642306, 14.131350968549146, 8.92519590329814, 13.28502191064422], [17.58817363421277, 12.70537395277861, 16.144106440288393, 17.022677301377975, 22.91499842437817, 25.824351945948422, 34.46169685434294, 25.023683990014778, 16.62808234124383, 9.459256564947427, 0.0, 9.461504971555478, 13.568802661861474, 9.917549955286491, 14.77703989676058, 22.506557357213254, 30.01466453897383, 22.05079621677172, 12.646582414291103, 7.458602084732639], [8.309826989052425, 9.146101767780968, 19.917545216085095, 23.054352657039278, 29.288876584656315, 32.58915643423418, 40.7437999730982, 32.391956164343405, 25.017633876062497, 18.293860482272898, 9.461504971555478, 0.0, 4.519956058804777, 12.08384159490607, 21.299852656065276, 29.626477985407462, 36.47545934403801, 29.24556140802055, 19.647939415573124, 9.81180061787341], [4.449966463449134, 8.237264930501267, 20.97893145464311, 25.040953831876973, 31.389207698082554, 35.13651994118787, 43.74122396573472, 35.908592890893416, 28.856126752917998, 22.278412304214182, 13.568802661861474, 4.519956058804777, 0.0, 13.435090182159556, 23.643884843861617, 32.47694724298263, 39.572426365466775, 32.20981674017543, 22.377752975252857, 11.851651661818996], [17.50299905405442, 6.874278210725984, 7.834491052428741, 11.85108517127769, 18.77087471719528, 23.874404312331585, 35.70500307739879, 27.74908500130894, 20.522307099758788, 14.778725933165077, 9.917549955286491, 12.08384159490607, 13.435090182159556, 0.0, 10.923292525652373, 21.723003515655584, 31.498867735976766, 21.824373139645342, 10.629841352776909, 2.8347357252507694], [27.966040472861273, 17.736323550030345, 7.6125220294315765, 2.795107857847528, 8.48534049652564, 13.777317525835137, 27.433669603210028, 19.817280369108314, 13.834025249171876, 11.704046738457981, 14.77703989676058, 21.299852656065276, 23.643884843861617, 10.923292525652373, 0.0, 11.971439271187986, 23.41329913608189, 12.392811627895343, 2.9938469921201727, 11.887889391150392], [36.91204778956162, 28.136810909839145, 19.027144763185383, 12.999491932115612, 8.5228405216112, 3.9515054067894164, 15.841019462604358, 9.99968006442976, 10.42276448891843, 14.838380577065243, 22.506557357213254, 29.626477985407462, 32.47694724298263, 21.723003515655584, 11.971439271187986, 0.0, 12.164219464260297, 1.3430489145909867, 11.506230096479428, 21.81870217366244], [43.816619973090965, 37.13717989251723, 30.392148045151526, 24.85401569158662, 20.268598085240203, 13.034784213729393, 4.47079526677693, 6.571113911252103, 15.349951463439936, 21.72255844642306, 30.01466453897383, 36.47545934403801, 39.572426365466775, 31.498867735976766, 23.41329913608189, 12.164219464260297, 0.0, 11.364923535023934, 22.108332060625692, 30.853524480691718], [36.64372485195276, 28.17442829972589, 19.59103395446338, 13.665662231806076, 9.713145846367079, 5.106256019630242, 15.24016745106739, 8.796969335744546, 9.366452620764539, 14.131350968549146, 22.05079621677172, 29.24556140802055, 32.20981674017543, 21.824373139645342, 12.392811627895343, 1.3430489145909867, 11.364923535023934, 0.0, 11.605027400969847, 21.745593755800417], [26.784750341136725, 17.348674324096297, 9.550154569525777, 5.785676319902281, 10.276378112934779, 14.050623269056894, 26.31554972735513, 18.11786733016888, 11.544266670722308, 8.92519590329814, 12.646582414291103, 19.647939415573124, 22.377752975252857, 10.629841352776909, 2.9938469921201727, 11.506230096479428, 22.108332060625692, 11.605027400969847, 0.0, 10.8652319627574], [16.1388709025539, 7.005963250656473, 10.332287717780755, 13.352818649601927, 19.96174501176628, 24.334823546483875, 35.13702991833055, 26.892180001540222, 19.4623601994784, 13.28502191064422, 7.458602084732639, 9.81180061787341, 11.851651661818996, 2.8347357252507694, 11.887889391150392, 21.81870217366244, 30.853524480691718, 21.745593755800417, 10.8652319627574, 0.0]]