[[0.0, 11.817582217501773, 21.184715185063425, 26.481023432494865, 31.616475818210574, 38.00924973052685, 44.33294131639076, 39.396679554194165, 32.81915286170164, 24.82425373269654, 17.07913242060337, 7.063523550806139, 8.10245357151141, 15.222204730026396, 24.395894444130146, 32.538382489405734, 38.1276364101717, 32.538382489405734, 24.23434407538815, 15.014226900843214], [11.817582217501773, 0.0, 10.645898189267593, 16.827334358772866, 22.48726039939454, 30.416876363498815, 39.47920436299411, 35.07815140833101, 29.50615973738462, 23.240290681336763, 17.089979884854028, 13.139224051678669, 6.867397682911777, 8.959408998284212, 17.55444222841449, 26.215044469431557, 32.90418692676265, 26.215044469431557, 17.952019789841838, 9.708385106737683], [21.184715185063425, 10.645898189267593, 0.0, 6.431721906883799, 12.529479602187198, 21.489459035127105, 32.18016401804618, 28.003565511169462, 23.355529860657796, 19.767793706721324, 17.280880134524054, 19.551184147726808, 13.664385639935114, 8.189636898325286, 9.941892047032342, 17.971494984155576, 25.34180039798461, 17.971494984155576, 10.882258544625648, 9.244087328833112], [26.481023432494865, 16.827334358772866, 6.431721906883799, 0.0, 6.4639605945073635, 15.75810578024494, 27.05572587274008, 23.095245650447822, 19.531291585248663, 18.49940950781582, 18.948088669166644, 23.79824038751078, 18.680717948821027, 11.966230213731226, 7.141132790808894, 12.72310036829884, 20.21103872962936, 12.72310036829884, 8.33681507365367, 12.661055288926196], [31.616475818210574, 22.48726039939454, 12.529479602187198, 6.4639605945073635, 0.0, 9.618808783820427, 21.81183145768995, 18.933139106310524, 18.249663886756412, 20.373026251691382, 23.091972919791182, 28.761856041852603, 24.062342288323883, 17.376181129810025, 9.907719991376318, 9.227709897003809, 15.613680048601033, 9.227709897003809, 10.842554171591257, 17.895575874532508], [38.00924973052685, 30.416876363498815, 21.489459035127105, 15.75810578024494, 9.618808783820427, 0.0, 12.938339179424379, 12.361935855801299, 17.17011635780317, 23.154382758791673, 28.32865745371923, 34.74909592092494, 31.013564828618154, 24.680124031399945, 16.160901253176288, 8.222467380353724, 8.736459899485656, 8.222467380353724, 16.53064376991525, 24.924289294195475], [44.33294131639076, 39.47920436299411, 32.18016401804618, 27.05572587274008, 21.81183145768995, 12.938339179424379, 0.0, 7.217083950927959, 17.90766799842012, 26.362106443750296, 33.44959372147874, 40.37165522101384, 38.3495980608783, 32.86624044863831, 24.665207187536435, 15.262052229560512, 7.564714782096477, 15.262052229560512, 24.4453698674812, 32.73219163532847], [39.396679554194165, 35.07815140833101, 28.003565511169462, 23.095245650447822, 18.933139106310524, 12.361935855801299, 7.217083950927959, 0.0, 10.718910049188496, 19.45275813227037, 27.010585552890557, 34.74877196882865, 33.18642525565875, 27.60075391278019, 19.300577556263985, 10.439699382844552, 3.677041861812426, 10.439699382844552, 18.854921132156825, 27.31663020727954], [32.81915286170164, 29.50615973738462, 23.355529860657796, 19.531291585248663, 18.249663886756412, 17.17011635780317, 17.90766799842012, 10.718910049188496, 0.0, 9.506587480312847, 17.87444006411664, 27.079184689165555, 26.36648433153038, 20.880544784468075, 13.442774529946231, 9.78452492504286, 11.489902420897629, 9.78452492504286, 12.532555162324483, 20.3168846794326], [24.82425373269654, 23.240290681336763, 19.767793706721324, 18.49940950781582, 20.373026251691382, 23.154382758791673, 26.362106443750296, 19.45275813227037, 9.506587480312847, 0.0, 8.65706065696822, 18.45007243149758, 18.768153886414247, 14.513038194210198, 11.405529012364582, 14.987856331681392, 19.523573332104608, 14.987856331681392, 10.224607597126315, 13.615283915586122], [17.07913242060337, 17.089979884854028, 17.280880134524054, 18.948088669166644, 23.091972919791182, 28.32865745371923, 33.44959372147874, 27.010585552890557, 17.87444006411664, 8.65706065696822, 0.0, 10.412594619718185, 11.489504569029995, 9.723931910510842, 13.248454748935409, 20.73109461255669, 26.45789991449127, 20.73109461255669, 12.440563774190707, 8.600761652620605], [7.063523550806139, 13.139224051678669, 19.551184147726808, 23.79824038751078, 28.761856041852603, 34.74909592092494, 40.37165522101384, 34.74877196882865, 27.079184689165555, 18.45007243149758, 10.412594619718185, 0.0, 6.480485444592947, 11.884026940652863, 20.159170918111222, 28.268002458706224, 33.85525798501298, 28.268002458706224, 19.736821674984807, 11.2034887018527], [8.10245357151141, 6.867397682911777, 13.664385639935114, 18.680717948821027, 24.062342288323883, 31.013564828618154, 38.3495980608783, 33.18642525565875, 26.36648433153038, 18.768153886414247, 11.489504569029995, 6.480485444592947, 0.0, 7.175096570797218, 16.62244643055751, 25.361581622874745, 31.650435929862166, 25.361581622874745, 16.555186730000568, 7.050715726383671], [15.222204730026396, 8.959408998284212, 8.189636898325286, 11.966230213731226, 17.376181129810025, 24.680124031399945, 32.86624044863831, 27.60075391278019, 20.880544784468075, 14.513038194210198, 9.723931910510842, 11.884026940652863, 7.175096570797218, 0.0, 9.656221996515097, 18.895384220987886, 25.799956705750922, 18.895384220987886, 9.738275999015686, 1.1468281029125444], [24.395894444130146, 17.55444222841449, 9.941892047032342, 7.141132790808894, 9.907719991376318, 16.160901253176288, 24.665207187536435, 19.300577556263985, 13.442774529946231, 11.405529012364582, 13.248454748935409, 20.159170918111222, 16.62244643055751, 9.656221996515097, 0.0, 9.733574826299227, 17.25646890683323, 9.733574826299227, 1.1956861378576757, 9.69722868089229], [32.538382489405734, 26.215044469431557, 17.971494984155576, 12.72310036829884, 9.227709897003809, 8.222467380353724, 15.262052229560512, 10.439699382844552, 9.78452492504286, 14.987856331681392, 20.73109461255669, 28.268002458706224, 25.361581622874745, 18.895384220987886, 9.733574826299227, 0.0, 7.852071804239439, 0.0, 9.667258887659985, 18.860786981278114], [38.1276364101717, 32.90418692676265, 25.34180039798461, 20.21103872962936, 15.613680048601033, 8.736459899485656, 7.564714782096477, 3.677041861812426, 11.489902420897629, 19.523573332104608, 26.45789991449127, 33.85525798501298, 31.650435929862166, 25.799956705750922, 17.25646890683323, 7.852071804239439, 0.0, 7.852071804239439, 17.00534856798534, 25.653271247955065], [32.538382489405734, 26.215044469431557, 17.971494984155576, 12.72310036829884, 9.227709897003809, 8.222467380353724, 15.262052229560512, 10.439699382844552, 9.78452492504286, 14.987856331681392, 20.73109461255669, 28.268002458706224, 25.361581622874745, 18.895384220987886, 9.733574826299227, 0.0, 7.852071804239439, 0.0, 9.667258887659985, 18.860786981278114], [24.23434407538815, 17.952019789841838, 10.882258544625648, 8.33681507365367, 10.842554171591257, 16.53064376991525, 24.4453698674812, 18.854921132156825, 12.532555162324483, 10.224607597126315, 12.440563774190707, 19.736821674984807, 16.555186730000568, 9.738275999015686, 1.1956861378576757, 9.667258887659985, 17.00534856798534, 9.667258887659985, 0.0, 9.63826053641221], [15.014226900843214, 9.708385106737683, 9.244087328833112, 12.661055288926196, 17.895575874532508, 24.924289294195475, 32.73219163532847, 27.31663020727954, 20.3168846794326, 13.615283915586122, 8.600761652620605, 11.2034887018527, 7.050715726383671, 1.1468281029125444, 9.69722868089229, 18.860786981278114, 25.653271247955065, 18.860786981278114, 9.63826053641221, 0.0]]