[[0.0, 13.97002960497024, 21.1263210639538, 27.27543344752154, 33.80433742024023, 40.181403272554405, 45.45583383187977, 42.214512671626004, 35.56652061243825, 27.302384086345164, 18.94482066486378, 11.767517172625237, 5.466115672846118, 17.503448124650696, 24.42291028448561, 31.234735050183293, 40.28691466689371, 30.360288451183887, 22.467633851925616, 13.6121768333257], [13.97002960497024, 0.0, 7.810096645326805, 16.005950025824273, 23.696041307292383, 32.69877941247561, 41.083955579535086, 39.353687673563826, 32.61850940362128, 26.690465198058178, 20.50916346888543, 17.757920975658298, 12.291823871230216, 7.091447002750919, 16.025684404953005, 24.153249418984306, 35.6496698135584, 25.779434198974865, 18.51267772938537, 13.27051523233932], [21.1263210639538, 7.810096645326805, 0.0, 9.054746538097298, 16.978407656743133, 27.139291983564608, 36.907066086343356, 35.96389843937216, 29.543865523955752, 25.69559598613019, 21.977132051161632, 21.953305361922386, 18.15810489358683, 5.500121897421914, 11.460954538345094, 19.29726566202214, 31.530402310067497, 22.358876907072542, 16.68216720920187, 15.48629984484748], [27.27543344752154, 16.005950025824273, 9.054746538097298, 0.0, 8.350871340310965, 19.167138866997, 29.66784585056186, 29.035435223616158, 22.943426405210925, 21.819711239267733, 21.66415530945494, 24.592461369604077, 23.014269325134112, 9.892576442655622, 6.122830100851236, 11.787975874418553, 24.374620057564314, 16.140591545866304, 13.294776237890767, 17.14001769913176], [33.80433742024023, 23.696041307292383, 16.978407656743133, 8.350871340310965, 0.0, 11.489498746640082, 22.936919920873283, 23.633234863194442, 19.75951684067253, 22.679951949658275, 25.783466717964945, 30.0196836648037, 29.01028611386392, 17.316236581648273, 10.067052946698604, 7.806758788467654, 18.190459168116178, 13.269853520543471, 15.26162864465802, 22.05394967290406], [40.181403272554405, 32.69877941247561, 27.139291983564608, 19.167138866997, 11.489498746640082, 0.0, 11.98557336895277, 14.945408123527079, 16.447575103209388, 24.096645033431606, 30.309889524670623, 35.294235303655384, 34.928812313756644, 26.21124570002032, 18.06422560565509, 9.94233517798535, 8.55449093991115, 12.035487951489628, 19.188950909438645, 27.41799842714725], [45.45583383187977, 41.083955579535086, 36.907066086343356, 29.66784585056186, 22.936919920873283, 11.98557336895277, 0.0, 7.649462631869714, 16.62518235470664, 26.357090466453656, 34.31015572050852, 39.49858343465495, 40.09613137392037, 34.74516934986813, 26.79404441176383, 18.368288328696796, 5.656864035174789, 16.503975315922826, 24.794831644811904, 32.73191436112741], [42.214512671626004, 39.353687673563826, 35.96389843937216, 29.035435223616158, 23.633234863194442, 14.945408123527079, 7.649462631869714, 0.0, 10.573464772057736, 20.360314907354084, 29.05849838480665, 34.7949644460506, 36.816275719841315, 32.88773944652437, 24.964394738417713, 17.259608303157524, 6.9150910619980355, 13.728905452232421, 21.465415081787842, 29.279422673884948], [35.56652061243825, 32.61850940362128, 29.543865523955752, 22.943426405210925, 19.75951684067253, 16.447575103209388, 16.62518235470664, 10.573464772057736, 0.0, 10.701042176128126, 19.926855744668426, 26.7014287760042, 30.19414058565988, 25.95332479623297, 18.1476277007129, 12.692128205084531, 12.41391868214848, 9.023014650190099, 14.295555797901564, 22.232091011702387], [27.302384086345164, 26.690465198058178, 25.69559598613019, 21.819711239267733, 22.679951949658275, 24.096645033431606, 26.357090466453656, 20.360314907354084, 10.701042176128126, 0.0, 9.672058824143802, 16.9699205877532, 22.338802587395904, 20.99616102656316, 16.089903624422398, 16.140923273839856, 21.5026102343196, 12.870453371881506, 10.624498099552648, 15.145596766113542], [18.94482066486378, 20.50916346888543, 21.977132051161632, 21.66415530945494, 25.783466717964945, 30.309889524670623, 34.31015572050852, 29.05849838480665, 19.926855744668426, 9.672058824143802, 0.0, 7.856767115869607, 14.722603169900284, 16.7613208483155, 16.43178856562416, 20.834534499010697, 29.0635757849448, 18.798620248635537, 11.920780913977143, 9.776010561176932], [11.767517172625237, 17.757920975658298, 21.953305361922386, 24.592461369604077, 30.0196836648037, 35.294235303655384, 39.49858343465495, 34.7949644460506, 26.7014287760042, 16.9699205877532, 7.856767115869607, 0.0, 8.723490781839573, 16.77585591547239, 20.02904232011953, 25.773565539318017, 34.26374056632291, 23.942809196702257, 16.120440302794957, 9.039429331157196], [5.466115672846118, 12.291823871230216, 18.15810489358683, 23.014269325134112, 29.01028611386392, 34.928812313756644, 40.09613137392037, 36.816275719841315, 30.19414058565988, 22.338802587395904, 14.722603169900284, 8.723490781839573, 0.0, 13.694174112079267, 19.52674633809727, 25.947681223540208, 34.88580997961311, 24.907100207165144, 17.060828592828663, 8.21815055730357], [17.503448124650696, 7.091447002750919, 5.500121897421914, 9.892576442655622, 17.316236581648273, 26.21124570002032, 34.74516934986813, 32.88773944652437, 25.95332479623297, 20.99616102656316, 16.7613208483155, 16.77585591547239, 13.694174112079267, 0.0, 8.96075519537014, 17.285993398172373, 29.209172655461327, 19.17919866285351, 12.258964282123104, 10.045683798426218], [24.42291028448561, 16.025684404953005, 11.460954538345094, 6.122830100851236, 10.067052946698604, 18.06422560565509, 26.79404441176383, 24.964394738417713, 18.1476277007129, 16.089903624422398, 16.43178856562416, 20.02904232011953, 19.52674633809727, 8.96075519537014, 0.0, 8.659145572864677, 21.203489037972705, 11.40119984612606, 7.198272991314725, 12.3899955234477], [31.234735050183293, 24.153249418984306, 19.29726566202214, 11.787975874418553, 7.806758788467654, 9.94233517798535, 18.368288328696796, 17.259608303157524, 12.692128205084531, 16.140923273839856, 20.834534499010697, 25.773565539318017, 25.947681223540208, 17.285993398172373, 8.659145572864677, 0.0, 12.866866383667817, 5.486108973218906, 9.738284716249012, 18.13074141887088], [40.28691466689371, 35.6496698135584, 31.530402310067497, 24.374620057564314, 18.190459168116178, 8.55449093991115, 5.656864035174789, 6.9150910619980355, 12.41391868214848, 21.5026102343196, 29.0635757849448, 34.26374056632291, 34.88580997961311, 29.209172655461327, 21.203489037972705, 12.866866383667817, 0.0, 10.89141489596728, 19.22431342785479, 27.34426954245845], [30.360288451183887, 25.779434198974865, 22.358876907072542, 16.140591545866304, 13.269853520543471, 12.035487951489628, 16.503975315922826, 13.728905452232421, 9.023014650190099, 12.870453371881506, 18.798620248635537, 23.942809196702257, 24.907100207165144, 19.17919866285351, 11.40119984612606, 5.486108973218906, 10.89141489596728, 0.0, 8.4181425585338, 16.963947337364054], [22.467633851925616, 18.51267772938537, 16.68216720920187, 13.294776237890767, 15.26162864465802, 19.188950909438645, 24.794831644811904, 21.465415081787842, 14.295555797901564, 10.624498099552648, 11.920780913977143, 16.120440302794957, 17.060828592828663, 12.258964282123104, 7.198272991314725, 9.738284716249012, 19.22431342785479, 8.4181425585338, 0.0, 8.893498846586814], [13.6121768333257, 13.27051523233932, 15.48629984484748, 17.14001769913176, 22.05394967290406, 27.41799842714725, 32.73191436112741, 29.279422673884948, 22.232091011702387, 15.145596766113542, 9.776010561176932, 9.039429331157196, 8.21815055730357, 10.045683798426218, 12.3899955234477, 18.13074141887088, 27.34426954245845, 16.963947337364054, 8.893498846586814, 0.0]]