[[0.0, 11.030353211814115, 18.678025288357492, 26.35258909811516, 32.99372983733171, 38.91300300293368, 46.01130586953016, 41.325168408561495, 35.112618744482425, 26.0158772101453, 18.580037524034786, 10.37231874477954, 4.759952251138343, 16.8437134454855, 23.876565431702293, 31.222200880824957, 41.76199060906731, 31.25291088954438, 23.870192016756903, 16.826658629714128], [11.030353211814115, 0.0, 8.104072762172487, 16.335316781506812, 23.961582161685005, 31.227796475798257, 40.03304662467113, 35.75922615724223, 29.54660517107163, 21.590453043579558, 15.658072233719027, 10.148118846317725, 7.672704581127108, 8.39882057167701, 15.508436784466543, 23.38000920495338, 35.52061349379053, 23.635219759259567, 15.857846626529872, 8.94676454382415], [18.678025288357492, 8.104072762172487, 0.0, 8.39237152783717, 16.557785640260327, 24.599965808113716, 34.28837294234664, 30.26944940546711, 24.279083212761492, 18.12840921653298, 15.029460413850819, 14.009893341923023, 14.519070900648323, 5.0666853613640725, 9.09591836610427, 16.71986920137646, 29.694901392093325, 17.123098572295085, 9.793638594996496, 6.069853624349191], [26.35258909811516, 16.335316781506812, 8.39237152783717, 0.0, 8.599749152390611, 17.296509513498265, 27.71743818739244, 24.304298193556242, 19.332496543063673, 16.80747918342194, 17.773348776158105, 20.23165558707411, 21.934712315924568, 10.240957451369328, 6.254212574403668, 10.181246768826549, 23.196249632457185, 10.861654096078091, 7.294916704521644, 10.80529939241301], [32.99372983733171, 23.961582161685005, 16.557785640260327, 8.599749152390611, 0.0, 8.96577704556448, 19.834334944487694, 17.62679602936444, 15.282300710878507, 17.8226743739751, 22.140201785892597, 26.45113382851412, 28.548841151413377, 17.186770619499693, 10.706947889037188, 5.8872535971780575, 15.56532451834169, 6.919000557644788, 11.282363465070864, 17.498833346615594], [38.91300300293368, 31.227796475798257, 24.599965808113716, 17.296509513498265, 8.96577704556448, 0.0, 11.109309113802933, 11.121581935559572, 13.676573901768705, 20.694902751602427, 26.98441724568009, 32.29960003190397, 34.60054513749801, 24.26229379860439, 17.619538399230127, 9.657213383489927, 7.361751658382266, 10.095326166440879, 17.826240790064205, 24.39230769226087], [46.01130586953016, 40.03304662467113, 34.28837294234664, 27.71743818739244, 19.834334944487694, 11.109309113802933, 0.0, 7.611248842199292, 16.109439221382168, 25.619523892938894, 33.066595524269836, 39.22049845628821, 41.918380652268425, 32.91378054133059, 26.530446111478597, 18.474882638537164, 4.6611801473638605, 18.38072672013299, 26.41951502647548, 32.82670884060911], [41.325168408561495, 35.75922615724223, 30.26944940546711, 24.304298193556242, 17.62679602936444, 11.121581935559572, 7.611248842199292, 0.0, 8.874223501165272, 18.78942669065778, 26.69342679103434, 33.58220020627568, 37.07381015461054, 28.1001823562278, 21.72440043497187, 14.203842898850084, 5.363986743235202, 13.715690498808838, 21.35823773488637, 27.81563529655111], [35.112618744482425, 29.54660517107163, 24.279083212761492, 19.332496543063673, 15.282300710878507, 13.676573901768705, 16.109439221382168, 8.874223501165272, 0.0, 10.469012959851801, 18.729512808258356, 26.312292142189243, 30.64927721742733, 21.42774246190573, 15.273458875953605, 9.850095968963748, 12.369080756052849, 8.873423305645291, 14.609495554555537, 20.941085011475263], [26.0158772101453, 21.590453043579558, 18.12840921653298, 16.80747918342194, 17.8226743739751, 20.694902751602427, 25.619523892938894, 18.78942669065778, 10.469012959851801, 0.0, 8.379402316751296, 16.446099740220138, 21.577877837544335, 13.90931593207182, 10.702662577157565, 12.361360723011398, 21.43403523868914, 11.519764727074074, 9.642717682061786, 13.076116819573421], [18.580037524034786, 15.658072233719027, 15.029460413850819, 17.773348776158105, 22.140201785892597, 26.98441724568009, 33.066595524269836, 26.69342679103434, 18.729512808258356, 8.379402316751296, 0.0, 8.442599983623404, 14.30122796422328, 10.063825402058301, 12.00583628295072, 17.92254888014408, 28.722919605649157, 17.421091904546422, 11.179599063445075, 9.007067139752534], [10.37231874477954, 10.148118846317725, 14.009893341923023, 20.23165558707411, 26.45113382851412, 32.29960003190397, 39.22049845628821, 33.58220020627568, 26.312292142189243, 16.446099740220138, 8.442599983623404, 0.0, 6.361046567343307, 10.042368729341803, 16.119089850291985, 23.551041889108387, 34.816413553673, 23.349995035703817, 15.773093218496937, 9.4315051272368], [4.759952251138343, 7.672704581127108, 14.519070900648323, 21.934712315924568, 28.548841151413377, 34.60054513749801, 41.918380652268425, 37.07381015461054, 30.64927721742733, 21.577877837544335, 14.30122796422328, 6.361046567343307, 0.0, 12.185431252942013, 19.174561355993987, 26.626944609421223, 37.57246296801415, 26.63922196501127, 19.14195521820391, 12.110277168316998], [16.8437134454855, 8.39882057167701, 5.0666853613640725, 10.240957451369328, 17.186770619499693, 24.26229379860439, 32.91378054133059, 28.1001823562278, 21.42774246190573, 13.90931593207182, 10.063825402058301, 10.042368729341803, 12.185431252942013, 0.0, 7.39493979598874, 15.577528460056879, 28.298924425572416, 15.692623771674992, 7.574940954840769, 1.0687495935587552], [23.876565431702293, 15.508436784466543, 9.09591836610427, 6.254212574403668, 10.706947889037188, 17.619538399230127, 26.530446111478597, 21.72440043497187, 15.273458875953605, 10.702662577157565, 12.00583628295072, 16.119089850291985, 19.174561355993987, 7.39493979598874, 0.0, 8.435651259129552, 21.86932370831748, 8.547876280380583, 1.0883056284068355, 7.359796118229498], [31.222200880824957, 23.38000920495338, 16.71986920137646, 10.181246768826549, 5.8872535971780575, 9.657213383489927, 18.474882638537164, 14.203842898850084, 9.850095968963748, 12.361360723011398, 17.92254888014408, 23.551041889108387, 26.626944609421223, 15.577528460056879, 8.435651259129552, 0.0, 13.850398694999251, 1.0698011447783118, 8.447479479671907, 15.53794186384072], [41.76199060906731, 35.52061349379053, 29.694901392093325, 23.196249632457185, 15.56532451834169, 7.361751658382266, 4.6611801473638605, 5.363986743235202, 12.369080756052849, 21.43403523868914, 28.722919605649157, 34.816413553673, 37.57246296801415, 28.298924425572416, 21.86932370831748, 13.850398694999251, 0.0, 13.75929940068883, 21.763431915251303, 28.21400236564155], [31.25291088954438, 23.635219759259567, 17.123098572295085, 10.861654096078091, 6.919000557644788, 10.095326166440879, 18.38072672013299, 13.715690498808838, 8.873423305645291, 11.519764727074074, 17.421091904546422, 23.349995035703817, 26.63922196501127, 15.692623771674992, 8.547876280380583, 1.0698011447783118, 13.75929940068883, 0.0, 8.422767368376915, 15.580115429173526], [23.870192016756903, 15.857846626529872, 9.793638594996496, 7.294916704521644, 11.282363465070864, 17.826240790064205, 26.41951502647548, 21.35823773488637, 14.609495554555537, 9.642717682061786, 11.179599063445075, 15.773093218496937, 19.14195521820391, 7.574940954840769, 1.0883056284068355, 8.447479479671907, 21.763431915251303, 8.422767368376915, 0.0, 7.385182859057722], [16.826658629714128, 8.94676454382415, 6.069853624349191, 10.80529939241301, 17.498833346615594, 24.39230769226087, 32.82670884060911, 27.81563529655111, 20.941085011475263, 13.076116819573421, 9.007067139752534, 9.4315051272368, 12.110277168316998, 1.0687495935587552, 7.359796118229498, 15.53794186384072, 28.21400236564155, 15.580115429173526, 7.385182859057722, 0.0]]