[[0.0, 14.790645443896322, 25.5836361398595, 29.047103358810656, 34.93056508461978, 40.009334029411825, 44.9888407078801, 39.61873693163382, 33.81665299395217, 27.63280053237102, 17.84384642927289, 7.580113815108456, 4.204936845962497, 14.598327045054376, 26.58485568853076, 33.07914441506082, 39.76246187016596, 31.737033957207757, 22.900176953718262, 12.24914210346888], [14.790645443896322, 0.0, 13.48703048597318, 19.315888471863833, 25.917039292209694, 33.41123826921816, 43.29308351407843, 39.901120295477234, 35.52718844807302, 31.765944075072902, 24.53158303904409, 19.293180595637754, 13.913058829973872, 6.6732628910697835, 18.951253131497797, 27.959914562387095, 38.14416817552031, 30.786085195141215, 23.384204805886, 16.853226632924063], [25.5836361398595, 13.48703048597318, 0.0, 6.950044273543439, 13.57073541240551, 22.609507202773393, 35.785098030101715, 33.62324818178938, 30.65803328416219, 29.82668458673858, 26.91814553632812, 26.916202827118184, 22.987685207580856, 11.019624274479188, 9.136465041973452, 18.70799025663585, 31.070824715610506, 24.85041797492108, 20.443284187375166, 20.592960589585477], [29.047103358810656, 19.315888471863833, 6.950044273543439, 0.0, 7.302908190657541, 16.42100507727082, 30.107255550313383, 28.047158424487375, 25.745127493845107, 26.51329206723717, 26.210781571539563, 28.67811725990152, 25.795923889782394, 14.925061211075453, 4.351968770720792, 12.68454580664724, 25.59408738455734, 19.87952559278317, 17.436960214156766, 21.169611141402786], [34.93056508461978, 25.917039292209694, 13.57073541240551, 7.302908190657541, 0.0, 9.859945799812136, 25.210953538567573, 24.97035709063084, 25.192257941166808, 28.264894655940648, 30.434459017460142, 33.93436657753712, 31.329740073327596, 21.327729459598697, 8.757276633821158, 9.25387983187922, 21.46455010075627, 18.11135098868298, 19.3723391888059, 25.814431198202527], [40.009334029411825, 33.41123826921816, 22.609507202773393, 16.42100507727082, 9.859945799812136, 0.0, 16.268189024077202, 18.6008478854588, 22.781389412103056, 28.413575114239947, 33.37265451303974, 37.90240465029787, 35.997960880147836, 28.14565004583083, 15.82648336306158, 7.650419226544516, 13.71787347995997, 14.552456460938583, 20.533928527112437, 29.468878425248032], [44.9888407078801, 43.29308351407843, 35.785098030101715, 30.107255550313383, 25.210953538567573, 16.268189024077202, 0.0, 9.877328602663834, 20.355964334955278, 27.89763833781292, 35.72121453048479, 41.12869059524552, 40.800317844303, 37.32717294824178, 27.630929371841635, 17.540652838629693, 5.3686397820704075, 14.28816773716522, 23.72625843927959, 33.610745426051196], [39.61873693163382, 39.901120295477234, 33.62324818178938, 28.047158424487375, 24.97035709063084, 18.6008478854588, 9.877328602663834, 0.0, 10.834861263067195, 18.64373154516901, 27.617395646433444, 34.599197987391065, 35.52335402262397, 33.416151785022045, 24.690742227566506, 15.988256268835606, 7.474384254946628, 9.200117050944188, 17.475569107754374, 27.647303460930257], [33.81665299395217, 35.52718844807302, 30.65803328416219, 25.745127493845107, 25.192257941166808, 22.781389412103056, 20.355964334955278, 10.834861263067195, 0.0, 8.598969513054108, 18.79773133911784, 27.84875528089207, 30.050761019146602, 28.876500049470984, 21.927283527377256, 17.19947302528014, 16.568079485655247, 10.84173811733497, 12.652941087358506, 21.79667780837672], [27.63280053237102, 31.765944075072902, 29.82668458673858, 26.51329206723717, 28.264894655940648, 28.413575114239947, 27.89763833781292, 18.64373154516901, 8.598969513054108, 0.0, 10.891635810367653, 20.94368709189349, 24.35519918865106, 25.47562151109146, 22.458306127681006, 21.48364679040878, 23.50440224244161, 15.81957444013492, 11.558981819344869, 16.636949061356], [17.84384642927289, 24.53158303904409, 26.91814553632812, 26.210781571539563, 30.434459017460142, 33.37265451303974, 35.72121453048479, 27.617395646433444, 18.79773133911784, 10.891635810367653, 0.0, 10.963657958059658, 15.353012063681248, 19.37321702698219, 22.44012243925743, 25.74154306731463, 30.701188679797806, 21.970391343768934, 13.37400407719102, 9.754370658960474], [7.580113815108456, 19.293180595637754, 26.916202827118184, 28.67811725990152, 33.93436657753712, 37.90240465029787, 41.12869059524552, 34.599197987391065, 27.84875528089207, 20.94368709189349, 10.963657958059658, 0.0, 6.330106161326926, 16.441499625842106, 25.42108479079463, 30.485107616555418, 35.95268313913865, 27.613292159223754, 18.57490082638465, 8.435420803956616], [4.204936845962497, 13.913058829973872, 22.987685207580856, 25.795923889782394, 31.329740073327596, 35.997960880147836, 40.800317844303, 35.52335402262397, 30.050761019146602, 24.35519918865106, 15.353012063681248, 6.330106161326926, 0.0, 12.030637966003088, 23.034282324613695, 29.025444593583437, 35.565526077267364, 27.559748975192228, 18.830526516808604, 8.320397588440407], [14.598327045054376, 6.6732628910697835, 11.019624274479188, 14.925061211075453, 21.327729459598697, 28.14565004583083, 37.32717294824178, 33.416151785022045, 28.876500049470984, 25.47562151109146, 19.37321702698219, 16.441499625842106, 12.030637966003088, 0.0, 13.432397913216539, 22.04171946932745, 32.083753800401254, 24.366029645737072, 16.79966262295915, 11.600318851709114], [26.58485568853076, 18.951253131497797, 9.136465041973452, 4.351968770720792, 8.757276633821158, 15.82648336306158, 27.630929371841635, 24.690742227566506, 21.927283527377256, 22.458306127681006, 22.44012243925743, 25.42108479079463, 23.034282324613695, 13.432397913216539, 0.0, 10.289695303967994, 22.782432552512866, 16.18915614481292, 13.085098855658783, 17.548674249810265], [33.07914441506082, 27.959914562387095, 18.70799025663585, 12.68454580664724, 9.25387983187922, 7.650419226544516, 17.540652838629693, 15.988256268835606, 17.19947302528014, 21.48364679040878, 25.74154306731463, 30.485107616555418, 29.025444593583437, 22.04171946932745, 10.289695303967994, 0.0, 13.03266545194148, 8.97299286377433, 12.995670117423801, 22.078714845246882], [39.76246187016596, 38.14416817552031, 31.070824715610506, 25.59408738455734, 21.46455010075627, 13.71787347995997, 5.3686397820704075, 7.474384254946628, 16.568079485655247, 23.50440224244161, 30.701188679797806, 35.95268313913865, 35.565526077267364, 32.083753800401254, 22.782432552512866, 13.03266545194148, 0.0, 9.024962992812771, 18.419037441344784, 28.31381039508671], [31.737033957207757, 30.786085195141215, 24.85041797492108, 19.87952559278317, 18.11135098868298, 14.552456460938583, 14.28816773716522, 9.200117050944188, 10.84173811733497, 15.81957444013492, 21.970391343768934, 27.613292159223754, 27.559748975192228, 24.366029645737072, 16.18915614481292, 8.97299286377433, 9.024962992812771, 0.0, 9.505549499683905, 19.850081048979323], [22.900176953718262, 23.384204805886, 20.443284187375166, 17.436960214156766, 19.3723391888059, 20.533928527112437, 23.72625843927959, 17.475569107754374, 12.652941087358506, 11.558981819344869, 13.37400407719102, 18.57490082638465, 18.830526516808604, 16.79966262295915, 13.085098855658783, 12.995670117423801, 18.419037441344784, 9.505549499683905, 0.0, 10.727386290135778], [12.24914210346888, 16.853226632924063, 20.592960589585477, 21.169611141402786, 25.814431198202527, 29.468878425248032, 33.610745426051196, 27.647303460930257, 21.79667780837672, 16.636949061356, 9.754370658960474, 8.435420803956616, 8.320397588440407, 11.600318851709114, 17.548674249810265, 22.078714845246882, 28.31381039508671, 19.850081048979323, 10.727386290135778, 0.0]]