[[0.0, 11.382999025865766, 24.288257770429418, 29.602175799826085, 34.88766658423577, 39.516387219172174, 46.87378367471875, 39.315275555450796, 32.12780098770294, 26.32348939949235, 17.445135008690904, 8.431391451230398, 3.2694325317579187, 16.042531892180424, 26.836274762992144, 35.99391420612393, 42.832113586130895, 35.7262714979393, 26.21638483488013, 15.292569086254145], [11.382999025865766, 0.0, 12.937530541621147, 18.798784821029205, 24.442787362971927, 30.274945205025176, 40.060799645296576, 32.46795076341773, 25.490327549069765, 20.140827097184385, 11.856142494802006, 8.768048252380344, 8.947387695541527, 5.614184464225324, 16.687337986694224, 27.15003504743559, 35.66411400185606, 27.17445395587225, 16.436433731051086, 5.653486656500478], [24.288257770429418, 12.937530541621147, 0.0, 7.525105016452725, 13.412521719382674, 21.16559891104433, 34.02833320196606, 27.153473585248978, 21.74775174510499, 18.669852773599818, 15.619179676782705, 19.554507286650157, 21.615341856380155, 8.989616780439139, 8.26998317388397, 19.17100195231363, 29.489471100141518, 19.742714038149693, 9.23398035340567, 10.286137687848093], [29.602175799826085, 18.798784821029205, 7.525105016452725, 0.0, 6.2555290000160655, 14.170622882717083, 27.703340649714974, 20.96013867820197, 16.81626713878087, 15.747097947085077, 16.919148808637985, 23.370274383828836, 26.590329830829592, 13.601443196353138, 4.201051445483862, 12.382005099470565, 23.15989995141115, 13.127275086189103, 5.638699144125887, 14.397605299796249], [34.88766658423577, 24.442787362971927, 13.412521719382674, 6.2555290000160655, 0.0, 8.654292440192267, 23.055304678387444, 17.869834286507253, 16.43911334476593, 17.65868608570425, 21.459332642833374, 28.358788609677074, 31.773042959391915, 19.1815046889804, 8.65034348647983, 8.457579193087172, 18.78933936502681, 9.607086078033497, 9.52396100625879, 19.801169397371687], [39.516387219172174, 30.274945205025176, 21.16559891104433, 14.170622882717083, 8.654292440192267, 0.0, 14.626034991903888, 11.803022507789313, 14.811338284233743, 18.67829738107662, 25.28076616939552, 32.4489584335487, 36.27882096161441, 24.96829628088781, 14.700854060724671, 4.493262776453433, 10.697715196737903, 5.464923332288202, 14.791337904582768, 25.197512213885915], [46.87378367471875, 40.060799645296576, 34.02833320196606, 27.703340649714974, 23.055304678387444, 14.626034991903888, 0.0, 10.807640941881447, 19.309186163704595, 24.80759505523123, 33.15832593935897, 39.636277338124906, 43.70470840298754, 35.20096629516469, 26.794590441863708, 15.520545390826992, 4.708351939486255, 14.97007780823964, 26.25191686322776, 34.932771473891314], [39.315275555450796, 32.46795076341773, 27.153473585248978, 20.96013867820197, 17.869834286507253, 11.803022507789313, 10.807640941881447, 0.0, 8.794146966512272, 14.761263287477835, 23.86342984756034, 31.395220429731687, 36.10189954637698, 27.352994490967625, 19.066720151398723, 9.523905618171835, 7.060049391372277, 8.37497600989836, 18.25366252888724, 26.966258209586943], [32.12780098770294, 25.490327549069765, 21.74775174510499, 16.81626713878087, 16.43911334476593, 14.811338284233743, 19.309186163704595, 8.794146966512272, 0.0, 6.206540221849044, 15.655019499908297, 23.867640324373646, 28.953442503074847, 20.445983657180307, 13.70710962909924, 10.518419737207203, 15.084077883026229, 9.4391505221665, 12.551147398031274, 19.916121518373757], [26.32348939949235, 20.140827097184385, 18.669852773599818, 15.747097947085077, 17.65868608570425, 18.67829738107662, 24.80759505523123, 14.761263287477835, 6.206540221849044, 0.0, 9.53978791627167, 17.959969274612163, 23.203666509024497, 15.465631924096925, 11.794127096614181, 14.191317859395152, 20.47010962458103, 13.400673689294056, 10.404985694577626, 14.73885924536258], [17.445135008690904, 11.856142494802006, 15.619179676782705, 16.919148808637985, 21.459332642833374, 25.28076616939552, 33.15832593935897, 23.86342984756034, 15.655019499908297, 9.53978791627167, 0.0, 9.20049784569498, 14.445588726124184, 8.712516989604381, 13.038349294473973, 21.135392193311645, 28.73826255655505, 20.71235931946887, 11.958774772566546, 7.595303354557807], [8.431391451230398, 8.768048252380344, 19.554507286650157, 23.370274383828836, 28.358788609677074, 32.4489584335487, 39.636277338124906, 31.395220429731687, 23.867640324373646, 17.959969274612163, 9.20049784569498, 0.0, 5.546384575480688, 10.5725036343108, 20.005416698685135, 28.60175563124895, 35.47221761531222, 28.22355960357763, 19.146800257279338, 9.346739425806685], [3.2694325317579187, 8.947387695541527, 21.615341856380155, 26.590329830829592, 31.773042959391915, 36.27882096161441, 43.70470840298754, 36.10189954637698, 28.953442503074847, 23.203666509024497, 14.445588726124184, 5.546384575480688, 0.0, 13.109277759444149, 23.710915622721448, 32.73151600708896, 39.623539988786284, 32.45836300430952, 23.04842714432527, 12.256465041490102], [16.042531892180424, 5.614184464225324, 8.989616780439139, 13.601443196353138, 19.1815046889804, 24.96829628088781, 35.20096629516469, 27.352994490967625, 20.445983657180307, 15.465631924096925, 8.712516989604381, 10.5725036343108, 13.109277759444149, 0.0, 11.14087040316568, 21.752398156829468, 30.68858361343725, 21.79868936990057, 10.842326912308215, 1.4409932035294255], [26.836274762992144, 16.687337986694224, 8.26998317388397, 4.201051445483862, 8.65034348647983, 14.700854060724671, 26.794590441863708, 19.066720151398723, 13.70710962909924, 11.794127096614181, 13.038349294473973, 20.005416698685135, 23.710915622721448, 11.14087040316568, 0.0, 11.73821746804484, 22.125542793795006, 12.091581103738132, 1.4748221899123943, 11.604914163139382], [35.99391420612393, 27.15003504743559, 19.17100195231363, 12.382005099470565, 8.457579193087172, 4.493262776453433, 15.520545390826992, 9.523905618171835, 10.518419737207203, 14.191317859395152, 21.135392193311645, 28.60175563124895, 32.73151600708896, 21.752398156829468, 11.73821746804484, 0.0, 10.941398474946839, 1.3039644892810522, 11.486555339451813, 21.82150851595155], [42.832113586130895, 35.66411400185606, 29.489471100141518, 23.15989995141115, 18.78933936502681, 10.697715196737903, 4.708351939486255, 7.060049391372277, 15.084077883026229, 20.47010962458103, 28.73826255655505, 35.47221761531222, 39.623539988786284, 30.68858361343725, 22.125542793795006, 10.941398474946839, 0.0, 10.313048638329454, 21.569466926799606, 30.449550582853913], [35.7262714979393, 27.17445395587225, 19.742714038149693, 13.127275086189103, 9.607086078033497, 5.464923332288202, 14.97007780823964, 8.37497600989836, 9.4391505221665, 13.400673689294056, 20.71235931946887, 28.22355960357763, 32.45836300430952, 21.79868936990057, 12.091581103738132, 1.3039644892810522, 10.313048638329454, 0.0, 11.68567329979728, 21.782146006973463], [26.21638483488013, 16.436433731051086, 9.23398035340567, 5.638699144125887, 9.52396100625879, 14.791337904582768, 26.25191686322776, 18.25366252888724, 12.551147398031274, 10.404985694577626, 11.958774772566546, 19.146800257279338, 23.04842714432527, 10.842326912308215, 1.4748221899123943, 11.486555339451813, 21.569466926799606, 11.68567329979728, 0.0, 11.129345633427555], [15.292569086254145, 5.653486656500478, 10.286137687848093, 14.397605299796249, 19.801169397371687, 25.197512213885915, 34.932771473891314, 26.966258209586943, 19.916121518373757, 14.73885924536258, 7.595303354557807, 9.346739425806685, 12.256465041490102, 1.4409932035294255, 11.604914163139382, 21.82150851595155, 30.449550582853913, 21.782146006973463, 11.129345633427555, 0.0]]