[[0.0, 13.61292093405151, 20.732228563230603, 26.885348890397122, 34.28999559393488, 39.98688768805197, 45.41404780653742, 42.18458558808287, 36.468664909033755, 26.73421536625012, 18.906202156116116, 11.787137606896891, 4.341405731544792, 16.579087819309265, 24.559713394989462, 30.751154326644404, 41.2414141664915, 31.279862005663738, 22.25797200316574, 13.596847515751103], [13.61292093405151, 0.0, 7.763432736820548, 15.940827963888639, 24.60543973320225, 32.692735639931094, 41.084510599622526, 39.025122121651854, 33.410416256265826, 25.759032070995715, 20.41257968239006, 17.487620574137033, 11.38884604355603, 7.020219951353727, 15.726309378566192, 24.1860535422494, 36.764551538096015, 26.70124701930855, 18.558892248628467, 13.039068871750196], [20.732228563230603, 7.763432736820548, 0.0, 9.037161360473823, 17.979490853600083, 27.165187458897904, 36.89506128060872, 35.430515102319276, 30.141388662895494, 24.56502800095622, 21.776008253465665, 21.566764307572242, 17.67155401725872, 6.1086278918979815, 10.632619390532048, 19.563641133938688, 32.64392586399419, 23.100157691509747, 16.76066067647385, 15.100544816822604], [26.885348890397122, 15.940827963888639, 9.037161360473823, 0.0, 9.41090449793483, 19.19865154714083, 29.620943528688986, 28.27343695399997, 23.288577136658343, 20.559608937439396, 21.388725471411092, 24.15698030158722, 23.061030633725068, 10.34124428528729, 4.7694312326503905, 12.306664872439198, 25.454272782752795, 16.582724094816864, 13.356843915402392, 16.682116358768898], [34.28999559393488, 24.60543973320225, 17.979490853600083, 9.41090449793483, 0.0, 10.545000061536511, 21.990110953973286, 22.055675144212767, 19.412432692289336, 21.74858336387016, 26.157448969749392, 30.376527540246546, 30.123049899504963, 18.46014269120965, 10.22715091380405, 8.3403132369869, 18.333730011268784, 12.911165649230352, 15.73389564247119, 22.38317517558858], [39.98688768805197, 32.692735639931094, 27.165187458897904, 19.19865154714083, 10.545000061536511, 0.0, 11.85790459557189, 14.079369891652895, 15.960904120262391, 23.240752212839823, 30.219238852980673, 35.108164737720884, 35.652269263035656, 26.173611030129376, 18.12157622923442, 9.934249798992472, 9.04113225867451, 11.13278275008854, 19.180298940985903, 27.256318524885856], [45.41404780653742, 41.084510599622526, 36.89506128060872, 29.620943528688986, 21.990110953973286, 11.85790459557189, 0.0, 7.680403230871744, 15.948651646548937, 26.01205574715897, 34.36003130106613, 39.50122829450959, 41.189033526052995, 34.48776495886797, 27.265796248034036, 17.897705795788998, 4.47375449629928, 15.529292816835865, 24.752832650282798, 32.758355081569846], [42.18458558808287, 39.025122121651854, 35.430515102319276, 28.27343695399997, 22.055675144212767, 14.079369891652895, 7.680403230871744, 0.0, 9.23526439800664, 19.914445806224006, 28.883263557084906, 34.722158143864704, 38.05076411464239, 32.210008619042874, 25.12994559820721, 16.087148328009476, 6.387521198418765, 12.410584537893575, 21.09642028135231, 29.17184843901226], [36.468664909033755, 33.410416256265826, 30.141388662895494, 23.288577136658343, 19.412432692289336, 15.960904120262391, 15.948651646548937, 9.23526439800664, 0.0, 11.57444911197064, 20.958012401140046, 27.669081238752707, 32.43778337562384, 26.540020708227207, 19.682110615788208, 12.634550371412633, 12.66275325527091, 9.030228072148683, 15.144969337479099, 23.140384660394755], [26.73421536625012, 25.759032070995715, 24.56502800095622, 20.559608937439396, 21.74858336387016, 23.240752212839823, 26.01205574715897, 19.914445806224006, 11.57444911197064, 0.0, 9.4904673238113, 16.642741519193855, 23.12013833853202, 19.73666029723026, 16.152507270842534, 14.879454705789765, 22.023564421930935, 12.693849672232068, 9.559688922935416, 14.349784137385866], [18.906202156116116, 20.41257968239006, 21.776008253465665, 21.388725471411092, 26.157448969749392, 30.219238852980673, 34.36003130106613, 28.883263557084906, 20.958012401140046, 9.4904673238113, 0.0, 7.7641472316390905, 16.039349056134476, 16.35843370506568, 17.3650334062583, 20.579801569339267, 30.156128523399317, 19.73461471413288, 11.905138722971602, 9.7548298078296], [11.787137606896891, 17.487620574137033, 21.566764307572242, 24.15698030158722, 30.376527540246546, 35.108164737720884, 39.50122829450959, 34.722158143864704, 27.669081238752707, 16.642741519193855, 7.7641472316390905, 0.0, 9.92837852161616, 15.990139561653805, 20.595075533289748, 25.31863883112696, 35.28090231649153, 24.872059909680523, 15.928310438361912, 9.01304125124389], [4.341405731544792, 11.38884604355603, 17.67155401725872, 23.061030633725068, 30.123049899504963, 35.652269263035656, 41.189033526052995, 38.05076411464239, 32.43778337562384, 23.12013833853202, 16.039349056134476, 9.92837852161616, 0.0, 12.895121123293295, 20.4741054656053, 26.42310853441663, 36.98642358149104, 26.991136970553686, 18.018863183940766, 9.441835091711836], [16.579087819309265, 7.020219951353727, 6.1086278918979815, 10.34124428528729, 18.46014269120965, 26.173611030129376, 34.48776495886797, 32.210008619042874, 26.540020708227207, 19.73666029723026, 16.35843370506568, 15.990139561653805, 12.895121123293295, 0.0, 8.949473797818397, 17.29917166710065, 30.10593954236248, 19.838235203170544, 11.97672773201516, 8.993223315875015], [24.559713394989462, 15.726309378566192, 10.632619390532048, 4.7694312326503905, 10.22715091380405, 18.12157622923442, 27.265796248034036, 25.12994559820721, 19.682110615788208, 16.152507270842534, 17.3650334062583, 20.595075533289748, 20.4741054656053, 8.949473797818397, 0.0, 9.409404192747166, 22.897573133576856, 12.95624853726822, 8.592412829578715, 12.877522649047599], [30.751154326644404, 24.1860535422494, 19.563641133938688, 12.306664872439198, 8.3403132369869, 9.934249798992472, 17.897705795788998, 16.087148328009476, 12.634550371412633, 14.879454705789765, 20.579801569339267, 25.31863883112696, 26.42310853441663, 17.29917166710065, 9.409404192747166, 0.0, 13.524682647278823, 4.759340814784018, 9.44681169191707, 17.639166122078272], [41.2414141664915, 36.764551538096015, 32.64392586399419, 25.454272782752795, 18.333730011268784, 9.04113225867451, 4.47375449629928, 6.387521198418765, 12.66275325527091, 22.023564421930935, 30.156128523399317, 35.28090231649153, 36.98642358149104, 30.10593954236248, 22.897573133576856, 13.524682647278823, 0.0, 11.07171142408715, 20.325592646599706, 28.427504165399693], [31.279862005663738, 26.70124701930855, 23.100157691509747, 16.582724094816864, 12.911165649230352, 11.13278275008854, 15.529292816835865, 12.410584537893575, 9.030228072148683, 12.693849672232068, 19.73461471413288, 24.872059909680523, 26.991136970553686, 19.838235203170544, 12.95624853726822, 4.759340814784018, 11.07171142408715, 0.0, 9.445683250546042, 17.948700915594113], [22.25797200316574, 18.558892248628467, 16.76066067647385, 13.356843915402392, 15.73389564247119, 19.180298940985903, 24.752832650282798, 21.09642028135231, 15.144969337479099, 9.559688922935416, 11.905138722971602, 15.928310438361912, 18.018863183940766, 11.97672773201516, 8.592412829578715, 9.44681169191707, 20.325592646599706, 9.445683250546042, 0.0, 8.703268796210132], [13.596847515751103, 13.039068871750196, 15.100544816822604, 16.682116358768898, 22.38317517558858, 27.256318524885856, 32.758355081569846, 29.17184843901226, 23.140384660394755, 14.349784137385866, 9.7548298078296, 9.01304125124389, 9.441835091711836, 8.993223315875015, 12.877522649047599, 17.639166122078272, 28.427504165399693, 17.948700915594113, 8.703268796210132, 0.0]]