[[0.0, 16.411373050326386, 25.372822634344544, 28.64834028757717, 34.36367236805243, 39.400125019419555, 43.97305715905296, 39.854015548856964, 33.6721369190195, 27.34649780961725, 17.847211841816577, 8.020258402766459, 4.1875927247416245, 14.821033553161536, 26.48689999215116, 32.615570580020346, 38.73500072182062, 30.731497088872615, 21.886271587361858, 11.427874201691454], [16.411373050326386, 0.0, 13.121234031859197, 19.296317497269214, 25.842259080425013, 33.52997215416774, 44.07996393745076, 42.71193137321769, 38.65277777489255, 34.54482939509122, 27.690365101196207, 22.399281681265254, 16.160371192283364, 7.372749108332592, 19.37324984450678, 28.2773429090402, 39.12352990650055, 32.664058383677514, 25.866858290234628, 20.044609051336828], [25.372822634344544, 13.121234031859197, 0.0, 6.974748510705887, 13.582131553007466, 22.50092371694433, 36.22078061285554, 36.058167626289794, 33.54442172949206, 31.90350104083284, 28.957993593397735, 28.381469667998957, 23.2565277255509, 10.554087531945282, 8.908338947817034, 18.306621629727044, 31.79662099848339, 26.689636648808033, 22.728717304447155, 22.657071622092513], [28.64834028757717, 19.296317497269214, 6.974748510705887, 0.0, 7.31405048763686, 16.304734210840543, 30.626445410423884, 30.615594014527723, 28.870709731854966, 28.68814083427119, 28.16584812187342, 29.96158639059182, 25.808819264183125, 14.66720004254162, 3.8049139279589452, 12.119534381462104, 26.477246399949316, 21.989675489997413, 19.904554953306786, 23.05733468816845], [34.36367236805243, 25.842259080425013, 13.582131553007466, 7.31405048763686, 0.0, 9.62014418919805, 25.786256851115894, 27.54411493949346, 28.437450464576287, 30.340442179759894, 32.160115839812825, 35.038467842179294, 31.074836313605857, 21.123609352689467, 8.514248441507977, 8.43900726393153, 22.458153597736082, 20.40903444329271, 21.63486485000609, 27.39728033351692], [39.400125019419555, 33.52997215416774, 22.50092371694433, 16.304734210840543, 9.62014418919805, 0.0, 17.3205020324262, 21.333363225913953, 26.03731670929021, 30.3671478089526, 34.87587600430362, 38.92579348603526, 35.59129997788198, 28.140734253353997, 15.901308701417065, 7.537049961522484, 15.249791888576416, 17.017097967728493, 22.405748098543107, 30.752966342441667], [43.97305715905296, 44.07996393745076, 36.22078061285554, 30.626445410423884, 25.786256851115894, 17.3205020324262, 0.0, 9.975022107217699, 21.535716883314816, 28.42154098400166, 36.06715922569118, 41.30781497739953, 39.7876482139132, 37.76322526018278, 28.491497486960462, 18.667643839355573, 5.286680215827226, 14.260604427736608, 23.711093063279723, 33.67673822524108], [39.854015548856964, 42.71193137321769, 36.058167626289794, 30.615594014527723, 27.54411493949346, 21.333363225913953, 9.975022107217699, 0.0, 12.270109781172335, 19.739768986920748, 28.761605918059075, 35.63885312064162, 35.80490733995838, 35.700630339391886, 27.62276376083157, 19.230766438244046, 8.42874274857128, 10.057442439439706, 18.48223908959426, 28.720660124317718], [33.6721369190195, 38.65277777489255, 33.54442172949206, 28.870709731854966, 28.437450464576287, 26.03731670929021, 21.535716883314816, 12.270109781172335, 0.0, 8.397173535476389, 18.880898866203854, 28.006210584841178, 30.12401063834331, 31.309064639724898, 25.31980322267535, 20.78001357013418, 18.16318654951427, 11.934443637168428, 13.513191341472343, 22.35049511133829], [27.34649780961725, 34.54482939509122, 31.90350104083284, 28.68814083427119, 30.340442179759894, 30.3671478089526, 28.42154098400166, 19.739768986920748, 8.397173535476389, 0.0, 10.898524225826407, 20.858399761628622, 24.314092981426967, 27.47478684336876, 24.962590120099122, 23.736511310141935, 24.224836288293243, 15.933821138541283, 11.651269705215917, 16.73471403494], [17.847211841816577, 27.690365101196207, 28.957993593397735, 28.16584812187342, 32.160115839812825, 34.87587600430362, 36.06715922569118, 28.761605918059075, 18.880898866203854, 10.898524225826407, 0.0, 10.827279606762723, 15.778811842946373, 21.6499615073188, 24.699557990423486, 27.44337653964855, 31.16904307796141, 22.050806153895596, 13.42333444095665, 9.888515317107858], [8.020258402766459, 22.399281681265254, 28.381469667998957, 29.96158639059182, 35.038467842179294, 38.92579348603526, 41.30781497739953, 35.63885312064162, 28.006210584841178, 20.858399761628622, 10.827279606762723, 0.0, 7.453705799206254, 18.499625479277956, 27.05417224315623, 31.682455111761726, 36.14272616662205, 27.517725849895445, 18.32291698069794, 8.223416974266414], [4.1875927247416245, 16.160371192283364, 23.2565277255509, 25.808819264183125, 31.074836313605857, 35.59129997788198, 39.7876482139132, 35.80490733995838, 30.12401063834331, 24.314092981426967, 15.778811842946373, 7.453705799206254, 0.0, 12.961039803788934, 23.378105890267545, 28.80965301255987, 34.552201122293276, 26.617729402005367, 17.94326374001257, 7.789784298842045], [14.821033553161536, 7.372749108332592, 10.554087531945282, 14.66720004254162, 21.123609352689467, 28.140734253353997, 37.76322526018278, 35.700630339391886, 31.309064639724898, 27.47478684336876, 21.6499615073188, 18.499625479277956, 12.961039803788934, 0.0, 13.569207084604942, 22.07926219514658, 32.68903157972215, 25.698724815905052, 18.704756161890664, 14.161622166193292], [26.48689999215116, 19.37324984450678, 8.908338947817034, 3.8049139279589452, 8.514248441507977, 15.901308701417065, 28.491497486960462, 27.62276376083157, 25.31980322267535, 24.962590120099122, 24.699557990423486, 27.05417224315623, 23.378105890267545, 13.569207084604942, 0.0, 10.19524267333927, 24.03755395468443, 18.705423621052937, 16.139943474219294, 19.84862080148543], [32.615570580020346, 28.2773429090402, 18.306621629727044, 12.119534381462104, 8.43900726393153, 7.537049961522484, 18.667643839355573, 19.230766438244046, 20.78001357013418, 23.736511310141935, 27.44337653964855, 31.682455111761726, 28.80965301255987, 22.07926219514658, 10.19524267333927, 0.0, 14.736334324814191, 12.146720425008596, 15.374838988822802, 23.568645855090825], [38.73500072182062, 39.12352990650055, 31.79662099848339, 26.477246399949316, 22.458153597736082, 15.249791888576416, 5.286680215827226, 8.42874274857128, 18.16318654951427, 24.224836288293243, 31.16904307796141, 36.14272616662205, 34.552201122293276, 32.68903157972215, 24.03755395468443, 14.736334324814191, 0.0, 9.200306575908979, 18.53590729495988, 28.434230307102617], [30.731497088872615, 32.664058383677514, 26.689636648808033, 21.989675489997413, 20.40903444329271, 17.017097967728493, 14.260604427736608, 10.057442439439706, 11.934443637168428, 15.933821138541283, 22.050806153895596, 27.517725849895445, 26.617729402005367, 25.698724815905052, 18.705423621052937, 12.146720425008596, 9.200306575908979, 0.0, 9.509958826094726, 19.865969956916096], [21.886271587361858, 25.866858290234628, 22.728717304447155, 19.904554953306786, 21.63486485000609, 22.405748098543107, 23.711093063279723, 18.48223908959426, 13.513191341472343, 11.651269705215917, 13.42333444095665, 18.32291698069794, 17.94326374001257, 18.704756161890664, 16.139943474219294, 15.374838988822802, 18.53590729495988, 9.509958826094726, 0.0, 10.674024922674949], [11.427874201691454, 20.044609051336828, 22.657071622092513, 23.05733468816845, 27.39728033351692, 30.752966342441667, 33.67673822524108, 28.720660124317718, 22.35049511133829, 16.73471403494, 9.888515317107858, 8.223416974266414, 7.789784298842045, 14.161622166193292, 19.84862080148543, 23.568645855090825, 28.434230307102617, 19.865969956916096, 10.674024922674949, 0.0]]