[[0.0, 11.832926360954838, 18.197638067577618, 25.380641484462803, 33.01750379382883, 39.77808146115261, 46.004708116533145, 41.33077477322749, 35.382398805903605, 25.569339576911254, 18.099319557698955, 11.031728410577783, 5.0674736888044105, 16.296146622006322, 24.21267696557706, 31.417343027272516, 40.736446098815385, 31.432149371179598, 24.039136134160916, 16.258192449247023], [11.832926360954838, 0.0, 6.951800320270861, 15.135234208830536, 23.92273299277474, 32.638456603417524, 40.24544590245414, 36.101685785196594, 30.821410087359677, 22.527001073922204, 17.593539777425228, 12.349332554206358, 8.307637918240353, 8.142946311811471, 15.543296806226468, 23.62999965518673, 34.53678130822413, 23.92769095888448, 16.275258347545243, 8.830878324933533], [18.197638067577618, 6.951800320270861, 0.0, 8.40714360116086, 17.631735639397416, 27.192438825027462, 35.31869334811543, 31.39137260033008, 26.614004732808986, 20.004639408136157, 17.640106724531964, 15.127741233386729, 13.839354256386207, 5.739974220107791, 9.82019291213752, 17.916753062323124, 29.468370395237077, 18.35268211745493, 11.180515292230007, 6.795835118447983], [25.380641484462803, 15.135234208830536, 8.40714360116086, 0.0, 9.548353157247016, 19.792731017777133, 28.290108734762068, 24.702764725230374, 20.97572566119292, 17.77065791183698, 19.192084742581407, 19.91584396880306, 20.659580512971193, 9.925986173142599, 4.690363564965092, 10.56227526824638, 22.40215269538401, 11.215993963017011, 6.941638787035025, 10.49716443754879], [33.01750379382883, 23.92273299277474, 17.631735639397416, 9.548353157247016, 0.0, 10.814886622182772, 19.61353622635587, 17.32783182670639, 16.640427981117735, 19.275826962240586, 23.98655345969072, 26.867053414965962, 28.38196684430813, 18.132427767243332, 10.198148962401216, 5.623479240108037, 14.025556581805729, 6.684151339378472, 11.24895971473025, 18.423276676219732], [39.77808146115261, 32.638456603417524, 27.192438825027462, 19.792731017777133, 10.814886622182772, 0.0, 8.872117985857606, 9.17364599779188, 14.076371062071434, 22.313124396808647, 28.884719801108282, 33.305935355118045, 35.45293014981044, 26.54080743615388, 18.94832223927989, 10.950468008050887, 4.118184648957601, 11.181307266816837, 19.016779353498215, 26.597684801184368], [46.004708116533145, 40.24544590245414, 35.31869334811543, 28.290108734762068, 19.61353622635587, 8.872117985857606, 0.0, 7.645252731950264, 16.28831887539933, 26.801282233653883, 34.02830875938648, 39.29241439940145, 41.939281067459255, 33.969900230111996, 26.800435669693076, 18.65509626395645, 6.019557002693803, 18.53617925585014, 26.428977295227636, 33.877988424276815], [41.33077477322749, 36.101685785196594, 31.39137260033008, 24.702764725230374, 17.32783182670639, 9.17364599779188, 7.645252731950264, 0.0, 8.782052812598263, 19.849471603773992, 27.568935396008275, 33.50461432332372, 37.07492609484276, 29.08512924475664, 22.189155354460837, 14.312821011277997, 5.365744994349708, 13.801999005115455, 21.303540292378706, 28.803900836800025], [35.382398805903605, 30.821410087359677, 26.614004732808986, 20.97572566119292, 16.640427981117735, 14.076371062071434, 16.28831887539933, 8.782052812598263, 0.0, 11.570545400318734, 19.768406927956764, 26.351809089695646, 30.957962247800552, 23.17338570772637, 17.262808900486938, 11.49323546520865, 12.008632277820569, 10.506591860573867, 15.69449676771874, 22.654686061197673], [25.569339576911254, 22.527001073922204, 20.004639408136157, 17.77065791183698, 19.275826962240586, 22.313124396808647, 26.801282233653883, 19.849471603773992, 11.570545400318734, 0.0, 8.423836609513744, 15.465292008214428, 21.151896819253476, 14.97779786496079, 13.080611512380838, 14.056455407301408, 21.649074144773284, 13.209779966334265, 10.837343632721307, 14.108703204847611], [18.099319557698955, 17.593539777425228, 17.640106724531964, 19.192084742581407, 23.98655345969072, 28.884719801108282, 34.02830875938648, 27.568935396008275, 19.768406927956764, 8.423836609513744, 0.0, 7.528747746950814, 14.06497147603041, 11.907006512242102, 15.120116213030173, 19.799894853799017, 28.73126483736661, 19.252855974647655, 13.335122557730804, 10.872163111457859], [11.031728410577783, 12.349332554206358, 15.127741233386729, 19.91584396880306, 26.867053414965962, 33.305935355118045, 39.29241439940145, 33.50461432332372, 26.351809089695646, 15.465292008214428, 7.528747746950814, 0.0, 7.11001843735402, 10.263511915410678, 17.146136621556153, 23.902014175337943, 33.804034394738835, 23.642861671586054, 16.172406506120417, 9.52595053203354], [5.0674736888044105, 8.307637918240353, 13.839354256386207, 20.659580512971193, 28.38196684430813, 35.45293014981044, 41.939281067459255, 37.07492609484276, 30.957962247800552, 21.151896819253476, 14.06497147603041, 7.11001843735402, 0.0, 11.30661917720293, 19.275082435494046, 26.642876108594095, 36.48464792087195, 26.646145163547413, 19.0609391069424, 11.21435818157009], [16.296146622006322, 8.142946311811471, 5.739974220107791, 9.925986173142599, 18.132427767243332, 26.54080743615388, 33.969900230111996, 29.08512924475664, 23.17338570772637, 14.97779786496079, 11.907006512242102, 10.263511915410678, 11.30661917720293, 0.0, 8.395898195802161, 16.603697187444276, 28.08732584683866, 16.712259373548928, 8.554003155929568, 1.0733424552084843], [24.21267696557706, 15.543296806226468, 9.82019291213752, 4.690363564965092, 10.198148962401216, 18.94832223927989, 26.800435669693076, 22.189155354460837, 17.262808900486938, 13.080611512380838, 15.120116213030173, 17.146136621556153, 19.275082435494046, 8.395898195802161, 0.0, 8.545083957733885, 20.795219649716348, 8.796685784415514, 2.2570434842840332, 8.507691611918887], [31.417343027272516, 23.62999965518673, 17.916753062323124, 10.56227526824638, 5.623479240108037, 10.950468008050887, 18.65509626395645, 14.312821011277997, 11.49323546520865, 14.056455407301408, 19.799894853799017, 23.902014175337943, 26.642876108594095, 16.603697187444276, 8.545083957733885, 0.0, 12.652611812583753, 1.0791666183815136, 8.403989125116357, 16.568177906417652], [40.736446098815385, 34.53678130822413, 29.468370395237077, 22.40215269538401, 14.025556581805729, 4.118184648957601, 6.019557002693803, 5.365744994349708, 12.008632277820569, 21.649074144773284, 28.73126483736661, 33.804034394738835, 36.48464792087195, 28.08732584683866, 20.795219649716348, 12.652611812583753, 0.0, 12.541630127052425, 20.43822919668409, 28.002326080062456], [31.432149371179598, 23.92769095888448, 18.35268211745493, 11.215993963017011, 6.684151339378472, 11.181307266816837, 18.53617925585014, 13.801999005115455, 10.506591860573867, 13.209779966334265, 19.252855974647655, 23.642861671586054, 26.646145163547413, 16.712259373548928, 8.796685784415514, 1.0791666183815136, 12.541630127052425, 0.0, 8.376365208009199, 16.60738341679161], [24.039136134160916, 16.275258347545243, 11.180515292230007, 6.941638787035025, 11.24895971473025, 19.016779353498215, 26.428977295227636, 21.303540292378706, 15.69449676771874, 10.837343632721307, 13.335122557730804, 16.172406506120417, 19.0609391069424, 8.554003155929568, 2.2570434842840332, 8.403989125116357, 20.43822919668409, 8.376365208009199, 0.0, 8.382930566479365], [16.258192449247023, 8.830878324933533, 6.795835118447983, 10.49716443754879, 18.423276676219732, 26.597684801184368, 33.877988424276815, 28.803900836800025, 22.654686061197673, 14.108703204847611, 10.872163111457859, 9.52595053203354, 11.21435818157009, 1.0733424552084843, 8.507691611918887, 16.568177906417652, 28.002326080062456, 16.60738341679161, 8.382930566479365, 0.0]]