[[0.0, 11.931217005674185, 21.50108456342363, 26.66585171056075, 31.94441666763098, 38.19366034336228, 43.27913198768193, 39.55298447082823, 32.78542331907322, 25.048730004802422, 17.299145853463205, 6.318577812080899, 8.151795633465, 15.647469427626083, 24.039847657901017, 31.860708939522578, 38.12026269082056, 31.740421852571288, 23.754022926502554, 15.485624782447625], [11.931217005674185, 0.0, 11.02397539032136, 17.18882721848029, 23.597874354680357, 31.453877144282195, 39.524518745947304, 36.91620105792488, 30.471036336725415, 23.912185236695827, 17.5280964218542, 13.908947329907246, 8.285975347992652, 10.422627863037123, 17.604878762046557, 26.207215680236096, 34.09930434412682, 26.523900752855297, 17.964461509028535, 11.182448799635832], [21.50108456342363, 11.02397539032136, 0.0, 6.460125333038514, 13.613461661172662, 22.691175413949118, 32.60523791794262, 30.677093843221602, 24.65662790374462, 20.345634883146335, 17.556089058090617, 20.939064194432593, 14.546239597141694, 9.239289875358649, 10.03706356449639, 18.070983827108744, 27.038460142767963, 18.719130758067504, 11.051717630803408, 10.349224091869587], [26.66585171056075, 17.18882721848029, 6.460125333038514, 0.0, 7.522951894470412, 17.11718636453354, 27.716141062080943, 26.217993732351744, 20.949121949193152, 18.906628279957307, 19.004040278137946, 25.16065327458556, 19.134164308464246, 12.275705306702543, 7.441299021425836, 13.004139050337702, 22.211974284723766, 13.86487760311908, 8.74129244060128, 13.091693623810938], [31.94441666763098, 23.597874354680357, 13.613461661172662, 7.522951894470412, 0.0, 9.775164606201221, 21.11032833615909, 20.675621618727, 17.939224822872088, 19.585590961854308, 22.579039993117448, 30.00901682035846, 24.49368094954017, 17.514587604120656, 9.88969341937014, 8.073377530074879, 16.09768100608488, 9.270177017575717, 10.77518674418003, 18.050787154746462], [38.19366034336228, 31.453877144282195, 22.691175413949118, 17.11718636453354, 9.775164606201221, 0.0, 12.494630738387032, 14.541597670283487, 17.34243434137258, 23.146424528866962, 28.338970356017455, 36.028666318021486, 31.303397618115675, 24.917658808321338, 17.177443872368613, 8.935927953359347, 9.400416407531576, 9.703970192910734, 17.48700947214915, 25.20677210777018], [43.27913198768193, 39.524518745947304, 32.60523791794262, 27.716141062080943, 21.11032833615909, 12.494630738387032, 0.0, 6.79241812793309, 16.78291848703857, 25.489150150867214, 32.433501061605824, 40.3228533550683, 37.19944132844721, 31.842297434294757, 24.94045041420187, 15.613443198246094, 6.166233062686737, 15.28191307590009, 24.6209470983196, 31.73277786217042], [39.55298447082823, 36.91620105792488, 30.677093843221602, 26.217993732351744, 20.675621618727, 14.541597670283487, 6.79241812793309, 0.0, 10.813956314692648, 19.832816382250556, 27.33152613981243, 35.879779701777075, 33.40589489366361, 28.24906506234219, 21.817287822504106, 13.35942672230965, 5.16767346519235, 12.543075369349978, 21.196407687876878, 27.9286135553217], [32.78542331907322, 30.471036336725415, 24.65662790374462, 20.949121949193152, 17.939224822872088, 17.34243434137258, 16.78291848703857, 10.813956314692648, 0.0, 9.613256160259594, 17.928028058210614, 28.1790237736744, 25.968205218854017, 20.521332555859455, 14.696216880834093, 10.176787416645693, 11.507624275432617, 8.964564002904938, 13.726533146484332, 19.97790044549652], [25.048730004802422, 23.912185236695827, 20.345634883146335, 18.906628279957307, 19.585590961854308, 23.146424528866962, 25.489150150867214, 19.832816382250556, 9.613256160259594, 0.0, 8.65062952440792, 19.80324638914908, 18.206949672763255, 13.651203406909598, 11.517861710689186, 14.325689806564819, 19.73247084513192, 13.480860045304011, 10.250425464358543, 12.783474437759912], [17.299145853463205, 17.5280964218542, 17.556089058090617, 19.004040278137946, 22.579039993117448, 28.338970356017455, 32.433501061605824, 27.33152613981243, 17.928028058210614, 8.65062952440792, 0.0, 11.82588772155241, 10.724637442824909, 8.72367921614924, 12.764389345505176, 19.840650519223438, 26.585471470305077, 19.35701592162325, 11.823183537733232, 7.58720783711275], [6.318577812080899, 13.908947329907246, 20.939064194432593, 25.16065327458556, 30.00901682035846, 36.028666318021486, 40.3228533550683, 35.879779701777075, 28.1790237736744, 19.80324638914908, 11.82588772155241, 0.0, 6.470980649720874, 13.021659570035691, 21.050780353185626, 28.746207022270628, 34.94655417573065, 28.44461641829251, 20.49963143961047, 12.431340268013948], [8.151795633465, 8.285975347992652, 14.546239597141694, 19.134164308464246, 24.49368094954017, 31.303397618115675, 37.19944132844721, 33.40589489366361, 25.968205218854017, 18.206949672763255, 10.724637442824909, 6.470980649720874, 0.0, 7.542913504057565, 16.09022562466263, 24.48262232205907, 31.632998292217085, 24.409723163492245, 15.829862229731184, 7.370424281962267], [15.647469427626083, 10.422627863037123, 9.239289875358649, 12.275705306702543, 17.514587604120656, 24.917658808321338, 31.842297434294757, 28.24906506234219, 20.521332555859455, 13.651203406909598, 8.72367921614924, 13.021659570035691, 7.542913504057565, 0.0, 8.720093513422665, 17.801635190087765, 25.964275808423405, 17.848456639831188, 8.60323714201265, 1.1554724752797045], [24.039847657901017, 17.604878762046557, 10.03706356449639, 7.441299021425836, 9.88969341937014, 17.177443872368613, 24.94045041420187, 21.817287822504106, 14.696216880834093, 11.517861710689186, 12.764389345505176, 21.050780353185626, 16.09022562466263, 8.720093513422665, 0.0, 9.72800366803359, 18.898573781217166, 9.96782219530194, 1.3024422685286259, 8.928473634653404], [31.860708939522578, 26.207215680236096, 18.070983827108744, 13.004139050337702, 8.073377530074879, 8.935927953359347, 15.613443198246094, 13.35942672230965, 10.176787416645693, 14.325689806564819, 19.840650519223438, 28.746207022270628, 24.48262232205907, 17.801635190087765, 9.72800366803359, 0.0, 9.660261320774609, 1.236724477282233, 9.625017873127563, 17.842854816894242], [38.12026269082056, 34.09930434412682, 27.038460142767963, 22.211974284723766, 16.09768100608488, 9.400416407531576, 6.166233062686737, 5.16767346519235, 11.507624275432617, 19.73247084513192, 26.585471470305077, 34.94655417573065, 31.632998292217085, 25.964275808423405, 18.898573781217166, 9.660261320774609, 0.0, 9.201982755063659, 18.536046143552273, 25.839432771070616], [31.740421852571288, 26.523900752855297, 18.719130758067504, 13.86487760311908, 9.270177017575717, 9.703970192910734, 15.28191307590009, 12.543075369349978, 8.964564002904938, 13.480860045304011, 19.35701592162325, 28.44461641829251, 24.409723163492245, 17.848456639831188, 9.96782219530194, 1.236724477282233, 9.201982755063659, 0.0, 9.703261196778845, 17.810175854376084], [23.754022926502554, 17.964461509028535, 11.051717630803408, 8.74129244060128, 10.77518674418003, 17.48700947214915, 24.6209470983196, 21.196407687876878, 13.726533146484332, 10.250425464358543, 11.823183537733232, 20.49963143961047, 15.829862229731184, 8.60323714201265, 1.3024422685286259, 9.625017873127563, 18.536046143552273, 9.703261196778845, 0.0, 8.645748647525034], [15.485624782447625, 11.182448799635832, 10.349224091869587, 13.091693623810938, 18.050787154746462, 25.20677210777018, 31.73277786217042, 27.9286135553217, 19.97790044549652, 12.783474437759912, 7.58720783711275, 12.431340268013948, 7.370424281962267, 1.1554724752797045, 8.928473634653404, 17.842854816894242, 25.839432771070616, 17.810175854376084, 8.645748647525034, 0.0]]