[[0.0, 11.095320567442476, 22.275821871664103, 28.015808103713177, 34.190531568080495, 38.60685715889355, 48.4079446221836, 39.41784158818445, 34.028610770219196, 26.38502582716134, 17.51141322102876, 9.203223087116982, 5.0622574104252145, 15.755207429331707, 26.267814086886215, 36.37424901672724, 44.1261700585998, 36.277101585574414, 25.940720133527407, 15.35539875224691], [11.095320567442476, 0.0, 11.348977569792309, 17.824558685918625, 24.55850452864598, 30.296558600190718, 42.08327916221442, 33.46725496046409, 28.123982161078644, 20.32762385215122, 12.808921451180073, 9.159257824528092, 6.821800527347674, 6.003871572593222, 16.65307336889615, 28.377216175787844, 37.41651570292019, 28.519381504844496, 16.64814998010476, 6.30172887005384], [22.275821871664103, 11.348977569792309, 0.0, 7.600035724200774, 14.62750504865153, 21.83254442578059, 35.37314835913392, 27.85005981316674, 23.319748117188244, 17.106838508728313, 14.877867925670056, 17.479718783020793, 17.586882805521387, 7.5385744232419665, 8.14646236561988, 20.517023205915667, 30.51027537318865, 20.98724580351093, 8.890030057355313, 8.528042284182987], [28.015808103713177, 17.824558685918625, 7.600035724200774, 0.0, 7.836983188245204, 14.993736756304713, 28.951015869167335, 21.669906258602627, 17.80226645926256, 13.752789566734238, 16.11918437962821, 21.548563752629597, 23.079104041845472, 12.571159296465305, 3.423723303872711, 13.641247566021738, 24.00645155707386, 14.202295062270574, 4.553576762219891, 13.047727538014009], [34.190531568080495, 24.55850452864598, 14.62750504865153, 7.836983188245204, 0.0, 8.241929074934403, 22.580579409206774, 17.963843586598088, 16.835634044762642, 16.79042730032676, 21.969906251501303, 27.782660398602978, 29.420858329937587, 19.59203703272342, 9.901828877643213, 8.594892164019166, 17.908349180636446, 9.59728232988512, 10.451304657487933, 19.963676382498516], [38.60685715889355, 30.296558600190718, 21.83254442578059, 14.993736756304713, 8.241929074934403, 0.0, 14.379017358489692, 11.597679929198168, 13.752966434534539, 17.858234584612354, 25.2780777813417, 31.680113755712256, 34.01863527024638, 25.236726769462972, 15.724218202665021, 3.794137630522251, 9.720182626533564, 4.704818560057764, 15.714985635282837, 25.311998937907017], [48.4079446221836, 42.08327916221442, 35.37314835913392, 28.951015869167335, 22.580579409206774, 14.379017358489692, 0.0, 12.129261213701604, 19.340935167374354, 27.01352842444113, 35.31331671049341, 41.5238556404649, 44.36036389250687, 37.367344556029146, 28.996221219113256, 15.582636305340026, 5.045280735583007, 15.289984430486644, 28.665170125709526, 37.18189288902492], [39.41784158818445, 33.46725496046409, 27.85005981316674, 21.669906258602627, 17.963843586598088, 11.597679929198168, 12.129261213701604, 0.0, 7.378258804762407, 15.688335923460174, 24.550827957195928, 31.5347542585721, 35.17330098232631, 28.324431000652588, 20.48806116199329, 9.430769904603709, 8.346680240912134, 8.382393565677168, 19.799205624642475, 27.91341551122116], [34.028610770219196, 28.123982161078644, 23.319748117188244, 17.80226645926256, 16.835634044762642, 13.752966434534539, 19.340935167374354, 7.378258804762407, 0.0, 8.726031788841304, 17.9587445020804, 25.542244027395885, 29.622369606865767, 22.7520753678671, 15.700624565559346, 10.127516571002625, 15.018914538847504, 9.078064223950268, 14.765925993824633, 22.21145314235045], [26.38502582716134, 20.32762385215122, 17.106838508728313, 13.752789566734238, 16.79042730032676, 17.858234584612354, 27.01352842444113, 15.688335923460174, 8.726031788841304, 0.0, 9.477330593258529, 17.547897581764147, 21.781877808369924, 14.933142768780792, 10.582802102617288, 14.250164433139986, 22.312730170192214, 13.683287234479327, 9.397413619328306, 14.252606399621964], [17.51141322102876, 12.808921451180073, 14.877867925670056, 16.11918437962821, 21.969906251501303, 25.2780777813417, 35.31331671049341, 24.550827957195928, 17.9587445020804, 9.477330593258529, 0.0, 8.41986515697169, 12.974640292710623, 8.911360436797178, 12.982111144447687, 22.15034024554535, 30.637346388609018, 21.828675152106985, 12.094983508474787, 7.810228984717984], [9.203223087116982, 9.159257824528092, 17.479718783020793, 21.548563752629597, 27.782660398602978, 31.680113755712256, 41.5238556404649, 31.5347542585721, 25.542244027395885, 17.547897581764147, 8.41986515697169, 0.0, 5.318401328409325, 9.974187357412834, 19.09393115473534, 28.96796542554972, 37.04394145615401, 28.74511294149586, 18.51114725138334, 9.04443025395613], [5.0622574104252145, 6.821800527347674, 17.586882805521387, 23.079104041845472, 29.420858329937587, 34.01863527024638, 44.36036389250687, 35.17330098232631, 29.622369606865767, 21.781877808369924, 12.974640292710623, 5.318401328409325, 0.0, 10.767292480320295, 21.248690621651605, 31.725398513597053, 39.91120195846763, 31.65261099728468, 20.91867933557444, 10.312285837689767], [15.755207429331707, 6.003871572593222, 7.5385744232419665, 12.571159296465305, 19.59203703272342, 25.236726769462972, 37.367344556029146, 28.324431000652588, 22.7520753678671, 14.933142768780792, 8.911360436797178, 9.974187357412834, 10.767292480320295, 0.0, 10.906339420738885, 23.06674898057136, 32.54145174875602, 23.18445824174119, 10.803151794998115, 1.1668231594594836], [26.267814086886215, 16.65307336889615, 8.14646236561988, 3.423723303872711, 9.901828877643213, 15.724218202665021, 28.996221219113256, 20.48806116199329, 15.700624565559346, 10.582802102617288, 12.982111144447687, 19.09393115473534, 21.248690621651605, 10.906339420738885, 0.0, 13.591619219787646, 23.976847581650155, 13.891051270784295, 1.1932353854793167, 11.119957004039177], [36.37424901672724, 28.377216175787844, 20.517023205915667, 13.641247566021738, 8.594892164019166, 3.794137630522251, 15.582636305340026, 9.430769904603709, 10.127516571002625, 14.250164433139986, 22.15034024554535, 28.96796542554972, 31.725398513597053, 23.06674898057136, 13.591619219787646, 0.0, 10.56217125025352, 1.1437055440265245, 13.344544409758056, 23.009816275099567], [44.1261700585998, 37.41651570292019, 30.51027537318865, 24.00645155707386, 17.908349180636446, 9.720182626533564, 5.045280735583007, 8.346680240912134, 15.018914538847504, 22.312730170192214, 30.637346388609018, 37.04394145615401, 39.91120195846763, 32.54145174875602, 23.976847581650155, 10.56217125025352, 0.0, 10.246535612129055, 23.641075539407147, 32.37039654729195], [36.277101585574414, 28.519381504844496, 20.98724580351093, 14.202295062270574, 9.59728232988512, 4.704818560057764, 15.289984430486644, 8.382393565677168, 9.078064223950268, 13.683287234479327, 21.828675152106985, 28.74511294149586, 31.65261099728468, 23.18445824174119, 13.891051270784295, 1.1437055440265245, 10.246535612129055, 0.0, 13.54952066514805, 23.070110474835744], [25.940720133527407, 16.64814998010476, 8.890030057355313, 4.553576762219891, 10.451304657487933, 15.714985635282837, 28.665170125709526, 19.799205624642475, 14.765925993824633, 9.397413619328306, 12.094983508474787, 18.51114725138334, 20.91867933557444, 10.803151794998115, 1.1932353854793167, 13.344544409758056, 23.641075539407147, 13.54952066514805, 0.0, 10.891834382189623], [15.35539875224691, 6.30172887005384, 8.528042284182987, 13.047727538014009, 19.963676382498516, 25.311998937907017, 37.18189288902492, 27.91341551122116, 22.21145314235045, 14.252606399621964, 7.810228984717984, 9.04443025395613, 10.312285837689767, 1.1668231594594836, 11.119957004039177, 23.009816275099567, 32.37039654729195, 23.070110474835744, 10.891834382189623, 0.0]]