[[0.0, 15.904998306439214, 24.897423959009917, 31.66065268213911, 36.920802873820676, 41.475193549237666, 45.68886738932296, 44.85366485201117, 37.19355451845517, 30.231782445791737, 23.739047021571952, 15.496012240057219, 4.428408568266599, 17.917850044088272, 27.692458288268273, 33.96891824457255, 41.546398619010795, 33.163239122765155, 25.92504497705837, 18.035090952007565], [15.904998306439214, 0.0, 9.888136594781084, 19.072009647570123, 25.589014298306896, 32.84289727773733, 42.48575876026722, 44.9616536235213, 39.42903982747391, 34.51023101544152, 30.545988395234, 27.77928952437123, 15.125130936125979, 9.054290068957924, 18.400367065328837, 26.342596515708507, 38.2548746478982, 32.12039358045335, 26.77923818086649, 22.623444171565637], [24.897423959009917, 9.888136594781084, 0.0, 10.289887987409436, 17.15037820778755, 25.783206237638076, 38.33940327299979, 42.603397724475855, 38.740345255901445, 35.694050167469534, 33.85249743572714, 34.40802775316989, 23.008727826086815, 9.760977592142957, 12.802975396412851, 20.518261480954298, 34.317008292278004, 30.07990425477398, 26.942499290858034, 25.98064134417073], [31.66065268213911, 19.072009647570123, 10.289887987409436, 0.0, 7.307605045592639, 16.744534020773646, 31.090881188423563, 36.37936369344853, 33.93114219542259, 33.063465183402734, 33.68629895172792, 37.755463858877434, 28.66721501234919, 13.808182034072914, 7.20353462072432, 12.416809874691399, 27.355813351784153, 24.623850490963367, 24.217330719545966, 26.752078995709674], [36.920802873820676, 25.589014298306896, 17.15037820778755, 7.307605045592639, 0.0, 10.009423407224865, 25.793642751512728, 32.367258726035985, 32.40924136588884, 33.640581195271615, 36.00174374733658, 41.6935027204625, 33.48163131391545, 19.347981564819445, 10.060952485757843, 8.9334853352434, 22.581106844424678, 22.90681209825972, 25.381184389938504, 29.90630434580889], [41.475193549237666, 32.84289727773733, 25.783206237638076, 16.744534020773646, 10.009423407224865, 0.0, 16.666275991650323, 24.65127330931511, 28.587854553472475, 32.571276594299015, 36.941760831066965, 44.225516992710624, 37.52854670498442, 25.50886525802632, 16.023404667467084, 8.534854338236002, 14.30678850961172, 19.718995450497186, 25.880924568267123, 32.23480525180583], [45.68886738932296, 42.48575876026722, 38.33940327299979, 31.090881188423563, 25.793642751512728, 16.666275991650323, 0.0, 10.162134007350023, 21.91340832300364, 29.48675334298795, 36.03455090804488, 44.62520476589392, 41.36991958724601, 34.385927376826324, 27.169469125659525, 19.172006179880345, 4.384998030044483, 17.497410288391507, 26.967789387510077, 34.20694593814767], [44.85366485201117, 44.9616536235213, 42.603397724475855, 36.37936369344853, 32.367258726035985, 24.65127330931511, 10.162134007350023, 0.0, 15.147489731280922, 23.846842601723086, 31.208637525133998, 40.58844395339847, 40.511722237589964, 36.55462289129431, 30.904132117160415, 24.14715918215768, 10.783143528837675, 15.541297675542179, 24.470156472444977, 31.583367498527274], [37.19355451845517, 39.42903982747391, 38.740345255901445, 33.93114219542259, 32.40924136588884, 28.587854553472475, 21.91340832300364, 15.147489731280922, 0.0, 9.60050855812222, 17.9808048408831, 29.33359016940889, 32.997076659852944, 30.884666237920996, 27.173800909654386, 23.675123236681017, 19.593515692573067, 9.65103816797354, 13.508078857819497, 20.611857480304003], [30.231782445791737, 34.51023101544152, 35.694050167469534, 33.063465183402734, 33.640581195271615, 32.571276594299015, 29.48675334298795, 23.846842601723086, 9.60050855812222, 0.0, 8.556567639491961, 20.558366554262378, 26.406622745853024, 26.818242247771593, 25.996131728869766, 25.64190012478641, 26.284082268515466, 13.303983607568602, 8.934119415034367, 12.929233725919186], [23.739047021571952, 30.545988395234, 33.85249743572714, 33.68629895172792, 36.00174374733658, 36.941760831066965, 36.03455090804488, 31.208637525133998, 17.9808048408831, 8.556567639491961, 0.0, 12.390035140742535, 20.54259176969987, 24.42355669045706, 26.85633381748846, 29.06079215435887, 32.396357240576755, 19.442660209937554, 11.237232053024579, 8.040087291951812], [15.496012240057219, 27.77928952437123, 34.40802775316989, 37.755463858877434, 41.6935027204625, 44.225516992710624, 44.62520476589392, 40.58844395339847, 29.33359016940889, 20.558366554262378, 12.390035140742535, 0.0, 14.284073779316808, 25.183552827487798, 31.76655962706753, 36.10438593610118, 40.76939241449743, 29.34473806933641, 20.859530433340527, 12.620389345430747], [4.428408568266599, 15.125130936125979, 23.008727826086815, 28.66721501234919, 33.48163131391545, 37.52854670498442, 41.36991958724601, 40.511722237589964, 32.997076659852944, 26.406622745853024, 20.54259176969987, 14.284073779316808, 0.0, 14.943842953761155, 24.10957926050907, 29.948208109055958, 37.21426055823239, 28.76356177688198, 21.783286558356846, 14.320215424698329], [17.917850044088272, 9.054290068957924, 9.760977592142957, 13.808182034072914, 19.347981564819445, 25.50886525802632, 34.385927376826324, 36.55462289129431, 30.884666237920996, 26.818242247771593, 24.42355669045706, 25.183552827487798, 14.943842953761155, 0.0, 10.400784424452802, 18.125990466766886, 30.061721312137905, 23.217906927805075, 18.494354457984443, 16.452935834264743], [27.692458288268273, 18.400367065328837, 12.802975396412851, 7.20353462072432, 10.060952485757843, 16.023404667467084, 27.169469125659525, 30.904132117160415, 27.173800909654386, 25.996131728869766, 26.85633381748846, 31.76655962706753, 24.10957926050907, 10.400784424452802, 0.0, 8.618933035930144, 23.035486230496076, 18.05120997338215, 17.161198073725775, 20.192836292421852], [33.96891824457255, 26.342596515708507, 20.518261480954298, 12.416809874691399, 8.9334853352434, 8.534854338236002, 19.172006179880345, 24.14715918215768, 23.675123236681017, 25.64190012478641, 29.06079215435887, 36.10438593610118, 29.948208109055958, 18.125990466766886, 8.618933035930144, 0.0, 15.328525471749533, 14.105276732936337, 18.05225299803881, 23.949202037982165], [41.546398619010795, 38.2548746478982, 34.317008292278004, 27.355813351784153, 22.581106844424678, 14.30678850961172, 4.384998030044483, 10.783143528837675, 19.593515692573067, 26.284082268515466, 32.396357240576755, 40.76939241449743, 37.21426055823239, 30.061721312137905, 23.035486230496076, 15.328525471749533, 0.0, 13.82871352079032, 23.008638614688206, 30.105484809588486], [33.163239122765155, 32.12039358045335, 30.07990425477398, 24.623850490963367, 22.90681209825972, 19.718995450497186, 17.497410288391507, 15.541297675542179, 9.65103816797354, 13.303983607568602, 19.442660209937554, 29.34473806933641, 28.76356177688198, 23.217906927805075, 18.05120997338215, 14.105276732936337, 13.82871352079032, 0.0, 9.778706514699072, 18.039033205831792], [25.92504497705837, 26.77923818086649, 26.942499290858034, 24.217330719545966, 25.381184389938504, 25.880924568267123, 26.967789387510077, 24.470156472444977, 13.508078857819497, 8.934119415034367, 11.237232053024579, 20.859530433340527, 21.783286558356846, 18.494354457984443, 17.161198073725775, 18.05225299803881, 23.008638614688206, 9.778706514699072, 0.0, 8.927854131278917], [18.035090952007565, 22.623444171565637, 25.98064134417073, 26.752078995709674, 29.90630434580889, 32.23480525180583, 34.20694593814767, 31.583367498527274, 20.611857480304003, 12.929233725919186, 8.040087291951812, 12.620389345430747, 14.320215424698329, 16.452935834264743, 20.192836292421852, 23.949202037982165, 30.105484809588486, 18.039033205831792, 8.927854131278917, 0.0]]