[[0.0, 10.999807127536831, 20.3142992181107, 26.630427682897665, 31.494418396158423, 37.95226526159457, 43.05528945100088, 39.53887588750207, 33.19161520911417, 25.095714356955927, 17.287063412497393, 7.083246775002193, 7.191097510446441, 13.526345573309483, 22.962641065190695, 31.373522134383194, 37.95752882810656, 31.2605210419771, 22.679081079974758, 13.1906687658878], [10.999807127536831, 0.0, 10.762098417990194, 18.038926452893865, 23.62485122553029, 31.334869547182578, 39.00756385453177, 36.66638454400828, 31.564048662119458, 24.627031344882027, 18.44064643906558, 14.778399430021137, 9.633846551920321, 8.891051023744549, 17.407658513176262, 26.103167153628046, 33.702952124929965, 26.420237622603942, 17.798039675498064, 9.715075529179483], [20.3142992181107, 10.762098417990194, 0.0, 7.50904524998012, 13.551488404285156, 22.276842366471268, 31.585374785558997, 29.852823869624768, 25.899545449696102, 21.099071851992186, 18.372260192472485, 21.236608611496283, 15.401608608612806, 8.930892969658187, 10.144728805287453, 17.88623838175286, 26.097578165635333, 18.546166490874764, 11.235446709289496, 10.14945033125563], [26.630427682897665, 18.038926452893865, 7.50904524998012, 0.0, 6.3390107670782525, 15.65202733116685, 25.78028082320015, 24.56971617810538, 22.034337361817016, 19.82111790367955, 20.287323640963837, 26.239317069254017, 20.709277493626885, 13.636750122909822, 7.951273147086701, 12.179126153035043, 20.34021776681978, 13.12749445623608, 9.338143287727233, 14.471512907628355], [31.494418396158423, 23.62485122553029, 13.551488404285156, 6.3390107670782525, 0.0, 9.493630944898271, 20.292483416156365, 20.133224600969537, 19.973607618797683, 20.65317781784473, 23.43403332421105, 30.52633629592495, 25.274532441099893, 18.438974257322695, 10.267907656514343, 8.370764134869766, 15.284498175620321, 9.609707163843277, 11.282266743115896, 19.02112230730957], [37.95226526159457, 31.334869547182578, 22.276842366471268, 15.65202733116685, 9.493630944898271, 0.0, 11.98749719262887, 14.67545325668148, 19.401335985422165, 23.9354211351643, 28.884095438430126, 36.43178133881176, 31.705839686347893, 25.620631533442324, 16.88528635523662, 8.900906231645745, 8.967355174024332, 9.744921111738305, 17.283694829702274, 25.91511903203252], [43.05528945100088, 39.00756385453177, 31.585374785558997, 25.78028082320015, 20.292483416156365, 11.98749719262887, 0.0, 7.653111386117804, 17.54401266711535, 25.395937859078543, 32.217133309261094, 40.24096253846809, 36.78876480990046, 32.11843257889572, 23.730607721962812, 14.608923146889472, 6.139540630642492, 14.294049002698081, 23.42679559859961, 31.962182197532307], [39.53887588750207, 36.66638454400828, 29.852823869624768, 24.56971617810538, 20.133224600969537, 14.67545325668148, 7.653111386117804, 0.0, 10.344244039502064, 19.04982403823975, 26.686957420837526, 35.71023246402345, 32.94511128486626, 28.772503145264096, 20.534582263378507, 12.390955078478372, 5.794477062396403, 11.503445543299108, 19.887887796060546, 28.384720481997586], [33.19161520911417, 31.564048662119458, 25.899545449696102, 22.034337361817016, 19.973607618797683, 19.401335985422165, 17.54401266711535, 10.344244039502064, 0.0, 9.495945395706688, 17.930951076545522, 28.291972122552224, 26.31607039968821, 22.820235702515216, 15.756312443485028, 12.120675938694298, 12.863563205256856, 10.909641039304553, 14.715150817686576, 22.178986297743617], [25.095714356955927, 24.627031344882027, 21.099071851992186, 19.82111790367955, 20.65317781784473, 23.9354211351643, 25.395937859078543, 19.04982403823975, 9.495945395706688, 0.0, 8.618304962384771, 19.702514904369824, 18.25303945224819, 15.80367687398502, 12.178088784299034, 15.080541299027292, 19.890995216606655, 14.194734948085541, 10.906188955309768, 14.924095514896837], [17.287063412497393, 18.44064643906558, 18.372260192472485, 20.287323640963837, 23.43403332421105, 28.884095438430126, 32.217133309261094, 26.686957420837526, 17.930951076545522, 8.618304962384771, 0.0, 11.685668123253244, 10.843464130676184, 10.695730758525809, 13.224500258911265, 20.262420015106045, 26.557443812609698, 19.722312898058863, 12.23611782737094, 9.566407625153449], [7.083246775002193, 14.778399430021137, 21.236608611496283, 26.239317069254017, 30.52633629592495, 36.43178133881176, 40.24096253846809, 35.71023246402345, 28.291972122552224, 19.702514904369824, 11.685668123253244, 0.0, 5.961801491830972, 12.683646605201915, 20.808164804805376, 28.820676775959914, 35.02472950088629, 28.46210911394379, 20.16424925183147, 11.768925966116154], [7.191097510446441, 9.633846551920321, 15.401608608612806, 20.709277493626885, 25.274532441099893, 31.705839686347893, 36.78876480990046, 32.94511128486626, 26.31607039968821, 18.25303945224819, 10.843464130676184, 5.961801491830972, 0.0, 7.1075990488857785, 16.09994230685182, 24.60238323488879, 31.422324350663654, 24.445370176415285, 15.709433280251584, 6.421088946896858], [13.526345573309483, 8.891051023744549, 8.930892969658187, 13.636750122909822, 18.438974257322695, 25.620631533442324, 32.11843257889572, 28.772503145264096, 22.820235702515216, 15.80367687398502, 10.695730758525809, 12.683646605201915, 7.1075990488857785, 0.0, 9.723620886923708, 18.82609721973721, 26.470752450189135, 18.90250138382812, 9.719947443066658, 1.2952123822929589], [22.962641065190695, 17.407658513176262, 10.144728805287453, 7.951273147086701, 10.267907656514343, 16.88528635523662, 23.730607721962812, 20.534582263378507, 15.756312443485028, 12.178088784299034, 13.224500258911265, 20.808164804805376, 16.09994230685182, 9.723620886923708, 0.0, 9.505130477678987, 17.777824431552162, 9.707881384130886, 1.4001039450530144, 9.878641215544475], [31.373522134383194, 26.103167153628046, 17.88623838175286, 12.179126153035043, 8.370764134869766, 8.900906231645745, 14.608923146889472, 12.390955078478372, 12.120675938694298, 15.080541299027292, 20.262420015106045, 28.820676775959914, 24.60238323488879, 18.82609721973721, 9.505130477678987, 0.0, 8.626708931371276, 1.2772601113246187, 9.462833530172714, 18.849724809014695], [37.95752882810656, 33.702952124929965, 26.097578165635333, 20.34021776681978, 15.284498175620321, 8.967355174024332, 6.139540630642492, 5.794477062396403, 12.863563205256856, 19.890995216606655, 26.557443812609698, 35.02472950088629, 31.422324350663654, 26.470752450189135, 17.777824431552162, 8.626708931371276, 0.0, 8.21064129948532, 17.46254684795222, 26.321983791572418], [31.2605210419771, 26.420237622603942, 18.546166490874764, 13.12749445623608, 9.609707163843277, 9.744921111738305, 14.294049002698081, 11.503445543299108, 10.909641039304553, 14.194734948085541, 19.722312898058863, 28.46210911394379, 24.445370176415285, 18.90250138382812, 9.707881384130886, 1.2772601113246187, 8.21064129948532, 0.0, 9.480993152155213, 18.8384408472002], [22.679081079974758, 17.798039675498064, 11.235446709289496, 9.338143287727233, 11.282266743115896, 17.283694829702274, 23.42679559859961, 19.887887796060546, 14.715150817686576, 10.906188955309768, 12.23611782737094, 20.16424925183147, 15.709433280251584, 9.719947443066658, 1.4001039450530144, 9.462833530172714, 17.46254684795222, 9.480993152155213, 0.0, 9.690566731637993], [13.1906687658878, 9.715075529179483, 10.14945033125563, 14.471512907628355, 19.02112230730957, 25.91511903203252, 31.962182197532307, 28.384720481997586, 22.178986297743617, 14.924095514896837, 9.566407625153449, 11.768925966116154, 6.421088946896858, 1.2952123822929589, 9.878641215544475, 18.849724809014695, 26.321983791572418, 18.8384408472002, 9.690566731637993, 0.0]]