[[0.0, 11.604565168145296, 19.390169543863717, 26.88619366074508, 34.349479327830245, 40.310516591435814, 47.11348412613545, 43.36879680398577, 36.100351694993165, 27.27409535488211, 19.67826676227383, 11.085258245521842, 5.421590199542104, 17.08332255441347, 24.2193252860473, 31.91958214920999, 42.905806774484994, 31.910992914084666, 24.14800678690985, 16.90095028328517], [11.604565168145296, 0.0, 8.20775967892646, 16.368715027890307, 24.230922902912177, 31.236442652743232, 39.69369723704843, 36.7522663547801, 29.415105980404608, 21.416047501154193, 15.444303643518145, 10.982424015801111, 8.507478793152767, 8.402752054083889, 15.493334731766463, 23.49845757098678, 35.31348342988447, 23.77019528645469, 15.863911684403284, 8.993056700282839], [19.390169543863717, 8.20775967892646, 0.0, 8.432791976234977, 16.593382234081425, 24.277700670380913, 33.668168375596274, 31.132164017851537, 23.758411863944943, 17.097512721980753, 14.01138529976229, 14.577345547642269, 15.181286942774086, 5.678447505793813, 9.444013596007261, 17.060913881217175, 29.239308045441057, 17.50513864075146, 10.21101299584522, 6.837881356099199], [26.88619366074508, 16.368715027890307, 8.432791976234977, 0.0, 8.403191600915688, 16.450581511052636, 26.42555627550315, 24.338339034713957, 17.56473907183163, 14.206953957374987, 15.707605443552936, 19.971214345060964, 22.04992282093826, 10.17103890904115, 5.9678552330616235, 10.134050360478083, 22.04986043823323, 10.797356777108876, 7.037365541003038, 10.8196609588629], [34.349479327830245, 24.230922902912177, 16.593382234081425, 8.403191600915688, 0.0, 8.572789791602904, 19.36481565604269, 18.703462340833823, 14.894745014068977, 17.149291480154176, 21.77633429694901, 27.115826221602926, 29.322656036369796, 17.61838688088671, 11.193208623172044, 7.186825362140501, 15.342203719401557, 8.19342465382937, 11.858448090871121, 18.037093310339834], [40.310516591435814, 31.236442652743232, 24.277700670380913, 16.450581511052636, 8.572789791602904, 0.0, 11.07897725556376, 12.20017856864227, 13.679052862552505, 20.743651482885404, 27.04266663650441, 32.78140396990736, 35.12074008531199, 24.141065298068643, 17.202979319635247, 9.333164120946394, 7.637340014934259, 9.870456875189921, 17.46664734241125, 24.30454595723041], [47.11348412613545, 39.69369723704843, 33.668168375596274, 26.42555627550315, 19.36481565604269, 11.07897725556376, 0.0, 6.735626660965482, 16.213218877647485, 26.18415554085976, 33.37655208878361, 39.25759376423131, 41.87836880822869, 32.21514444757815, 25.406519630691037, 17.06885416531309, 4.491722666083805, 16.970262784880234, 25.2837727828506, 32.07823318420567], [43.36879680398577, 36.7522663547801, 31.132164017851537, 24.338339034713957, 18.703462340833823, 12.20017856864227, 6.735626660965482, 0.0, 10.627836177989098, 20.905921054124065, 28.4027111552049, 34.72669893255024, 38.0494707352646, 28.808424857269344, 22.080198419553614, 14.265874097274905, 5.472268586190383, 13.754247814950043, 21.687534685427153, 28.463031959982988], [36.100351694993165, 29.415105980404608, 23.758411863944943, 17.56473907183163, 14.894745014068977, 13.679052862552505, 16.213218877647485, 10.627836177989098, 0.0, 10.731792003960662, 18.841154605547164, 26.289708512938024, 30.69501649248521, 21.032599156139494, 14.390360751506469, 8.991419736564456, 12.599909507817822, 7.992880956642725, 13.734354002876142, 20.55220102674555], [27.27409535488211, 21.416047501154193, 17.097512721980753, 14.206953957374987, 17.149291480154176, 20.743651482885404, 26.18415554085976, 20.905921054124065, 10.731792003960662, 0.0, 8.38775325640621, 16.658750243832635, 22.041607283892453, 13.393393744271158, 9.476808585251566, 12.012948805469987, 22.053305743245975, 11.26288076185564, 8.449870412601243, 12.64314044379832], [19.67826676227383, 15.444303643518145, 14.01138529976229, 15.707605443552936, 21.77633429694901, 27.04266663650441, 33.37655208878361, 28.4027111552049, 18.841154605547164, 8.38775325640621, 0.0, 8.740525014950586, 14.806787639498985, 9.436388879679072, 11.10489170516727, 17.755820663823844, 29.081254800992838, 17.314410369564218, 10.332788962305335, 8.440911807200322], [11.085258245521842, 10.982424015801111, 14.577345547642269, 19.971214345060964, 27.115826221602926, 32.78140396990736, 39.25759376423131, 34.72669893255024, 26.289708512938024, 16.658750243832635, 8.740525014950586, 0.0, 6.677094368345039, 10.156401565817392, 16.01376088050549, 23.64934409475115, 34.96292726089362, 23.40737930627113, 15.590440284701584, 9.368542965411587], [5.421590199542104, 8.507478793152767, 15.181286942774086, 22.04992282093826, 29.322656036369796, 35.12074008531199, 41.87836880822869, 38.0494707352646, 30.69501649248521, 22.041607283892453, 14.806787639498985, 6.677094368345039, 0.0, 12.021088413901092, 18.953044261083683, 26.585394151458917, 37.6368480960155, 26.544484392772915, 18.824993309979877, 11.710079294771065], [17.08332255441347, 8.402752054083889, 5.678447505793813, 10.17103890904115, 17.61838688088671, 24.141065298068643, 32.21514444757815, 28.808424857269344, 21.032599156139494, 13.393393744271158, 9.436388879679072, 10.156401565817392, 12.021088413901092, 0.0, 7.4011607058605335, 15.661343916825304, 27.76678746918242, 15.787213674389346, 7.58448750160431, 1.1902433645221506], [24.2193252860473, 15.493334731766463, 9.444013596007261, 5.9678552330616235, 11.193208623172044, 17.202979319635247, 25.406519630691037, 22.080198419553614, 14.390360751506469, 9.476808585251566, 11.10489170516727, 16.01376088050549, 18.953044261083683, 7.4011607058605335, 0.0, 8.467113624946636, 20.917060310209894, 8.601541530272698, 1.1461405436341536, 7.413903142755712], [31.91958214920999, 23.49845757098678, 17.060913881217175, 10.134050360478083, 7.186825362140501, 9.333164120946394, 17.06885416531309, 14.265874097274905, 8.991419736564456, 12.012948805469987, 17.755820663823844, 23.64934409475115, 26.585394151458917, 15.661343916825304, 8.467113624946636, 0.0, 12.582515313772722, 1.1033202573237706, 8.460984845565967, 15.614047234674487], [42.905806774484994, 35.31348342988447, 29.239308045441057, 22.04986043823323, 15.342203719401557, 7.637340014934259, 4.491722666083805, 5.472268586190383, 12.599909507817822, 22.053305743245975, 29.081254800992838, 34.96292726089362, 37.6368480960155, 27.76678746918242, 20.917060310209894, 12.582515313772722, 0.0, 12.491903949303005, 20.80261026822331, 27.639121845822835], [31.910992914084666, 23.77019528645469, 17.50513864075146, 10.797356777108876, 8.19342465382937, 9.870456875189921, 16.970262784880234, 13.754247814950043, 7.992880956642725, 11.26288076185564, 17.314410369564218, 23.40737930627113, 26.544484392772915, 15.787213674389346, 8.601541530272698, 1.1033202573237706, 12.491903949303005, 0.0, 8.447886147428717, 15.657968423124023], [24.14800678690985, 15.863911684403284, 10.21101299584522, 7.037365541003038, 11.858448090871121, 17.46664734241125, 25.2837727828506, 21.687534685427153, 13.734354002876142, 8.449870412601243, 10.332788962305335, 15.590440284701584, 18.824993309979877, 7.58448750160431, 1.1461405436341536, 8.460984845565967, 20.80261026822331, 8.447886147428717, 0.0, 7.415710058750746], [16.90095028328517, 8.993056700282839, 6.837881356099199, 10.8196609588629, 18.037093310339834, 24.30454595723041, 32.07823318420567, 28.463031959982988, 20.55220102674555, 12.64314044379832, 8.440911807200322, 9.368542965411587, 11.710079294771065, 1.1902433645221506, 7.413903142755712, 15.614047234674487, 27.639121845822835, 15.657968423124023, 7.415710058750746, 0.0]]