[[0.0, 11.123884413583635, 20.65914111576788, 26.865612678246325, 31.550290664641203, 38.07084147806423, 44.397945248937475, 39.540887371572744, 32.81852252059867, 25.221719478047408, 17.211116544947046, 7.06131702924101, 7.927961378590715, 15.21896032499007, 23.68862359748791, 31.71025068218947, 38.1304826706067, 31.609094901392556, 23.438963280221696, 15.123713205933587], [11.123884413583635, 0.0, 10.957795365454405, 18.160156108256036, 23.65815559243216, 31.47443176555601, 40.78598825892759, 36.512236544696165, 30.36286462475297, 24.748120059612873, 17.47110050796054, 12.911512426342092, 7.979118907878182, 10.458540555060685, 17.689528294144143, 26.239306302710162, 33.88787545905369, 26.540896254751047, 18.03562143624916, 11.203576459127378], [20.65914111576788, 10.957795365454405, 0.0, 7.504812405668845, 13.611369779414744, 22.524307574766485, 33.77068059539501, 29.758299982349023, 24.144275283995768, 21.321451315403902, 17.134210301246473, 19.177919119086987, 13.972420640921351, 8.947747631512245, 9.90661403883355, 17.873254616749822, 26.399284830307217, 18.491526203742133, 10.88501159141165, 10.019263721742282], [26.865612678246325, 18.160156108256036, 7.504812405668845, 0.0, 6.46575480964334, 15.92130929845162, 28.04746861477773, 24.37868712132753, 19.845746140158447, 19.99001468963766, 19.09624266773047, 24.170992915081563, 19.549312965053424, 12.821973414385475, 7.311602091060544, 11.960530414307046, 20.600633912112748, 12.841414525044618, 8.57688783369801, 13.548849237538144], [31.550290664641203, 23.65815559243216, 13.611369779414744, 6.46575480964334, 0.0, 9.573744475132708, 22.383580166157646, 19.561432494380853, 17.416317886927366, 20.658224488672253, 22.373843141952744, 28.476064030503256, 24.299234776629287, 17.47094285653565, 9.852009745097648, 7.844732093844249, 15.27508495183369, 9.02265044474145, 10.717120880024964, 17.978796744100094], [38.07084147806423, 31.47443176555601, 22.524307574766485, 15.92130929845162, 9.573744475132708, 0.0, 14.075262055350374, 13.788906888439167, 17.210463250373078, 24.01395596883254, 28.321309220677882, 34.80159090653802, 31.285928765194523, 24.920242946302793, 17.147796741327237, 8.938034573540987, 8.899454705867436, 9.704540729927878, 17.4710251117741, 25.211878340389283], [44.397945248937475, 40.78598825892759, 33.77068059539501, 28.04746861477773, 22.383580166157646, 14.075262055350374, 0.0, 7.17024762669888, 17.594594580716993, 26.39233482394556, 33.41628781393043, 40.329381880988315, 38.3968535512638, 33.02678179355878, 26.13911360145016, 16.929596037928665, 7.821905331681405, 16.54936883970373, 25.792850343854766, 32.90466642190579], [39.540887371572744, 36.512236544696165, 29.758299982349023, 24.37868712132753, 19.561432494380853, 13.788906888439167, 7.17024762669888, 0.0, 10.5464138854193, 19.5131375887698, 27.07971446821441, 34.78921141005662, 33.239531950975916, 27.78242453012438, 21.03596281626586, 12.493187758602408, 4.918140926812385, 11.713142334815451, 20.466824869132775, 27.50554402730844], [32.81852252059867, 30.36286462475297, 24.144275283995768, 19.845746140158447, 17.416317886927366, 17.210463250373078, 17.594594580716993, 10.5464138854193, 0.0, 9.681681315463031, 17.889721935583232, 27.08035158051507, 25.98178018595377, 20.363265531087738, 14.305216863722865, 9.91862487241705, 11.488450334542687, 8.738997225582407, 13.377428867495915, 19.849084603516857], [25.221719478047408, 24.748120059612873, 21.321451315403902, 19.99001468963766, 20.658224488672253, 24.01395596883254, 26.39233482394556, 19.5131375887698, 9.681681315463031, 0.0, 9.044629469995881, 18.737141126611203, 18.769490478653537, 14.598806118878692, 12.745841572912827, 15.274221140992493, 20.00092250889438, 14.375033521578755, 11.488839649634981, 13.702767397848723], [17.211116544947046, 17.47110050796054, 17.134210301246473, 19.09624266773047, 22.373843141952744, 28.321309220677882, 33.41628781393043, 27.07971446821441, 17.889721935583232, 9.044629469995881, 0.0, 10.56855523264088, 10.75385429264484, 8.605109332864396, 12.582005111128387, 19.808479737904317, 26.500380532206204, 19.336599689636977, 11.671591898431373, 7.4988771221772845], [7.06131702924101, 12.911512426342092, 19.177919119086987, 24.170992915081563, 28.476064030503256, 34.80159090653802, 40.329381880988315, 34.78921141005662, 27.08035158051507, 18.737141126611203, 10.56855523264088, 0.0, 5.443612563879713, 11.417248367888432, 19.477486369814415, 27.42401594914507, 33.858733178982604, 27.143663100562975, 18.95343601615829, 10.85149275018479], [7.927961378590715, 7.979118907878182, 13.972420640921351, 19.549312965053424, 24.299234776629287, 31.285928765194523, 38.3968535512638, 33.239531950975916, 25.98178018595377, 18.769490478653537, 10.75385429264484, 5.443612563879713, 0.0, 7.341012596688958, 15.942387092946559, 24.458094280106167, 31.58665156854221, 24.394027250493203, 15.710868544903844, 7.230590325180233], [15.21896032499007, 10.458540555060685, 8.947747631512245, 12.821973414385475, 17.47094285653565, 24.920242946302793, 33.02678179355878, 27.78242453012438, 20.363265531087738, 14.598806118878692, 8.605109332864396, 11.417248367888432, 7.341012596688958, 0.0, 8.7244263870701, 17.807093814628484, 25.72558471234467, 17.84472182877265, 8.614494776069519, 1.121837228980215], [23.68862359748791, 17.689528294144143, 9.90661403883355, 7.311602091060544, 9.852009745097648, 17.147796741327237, 26.13911360145016, 21.03596281626586, 14.305216863722865, 12.745841572912827, 12.582005111128387, 19.477486369814415, 15.942387092946559, 8.7244263870701, 0.0, 9.677576489551555, 18.431638060507886, 9.893662706316302, 1.2808354380325384, 8.903482448558375], [31.71025068218947, 26.239306302710162, 17.873254616749822, 11.960530414307046, 7.844732093844249, 8.938034573540987, 16.929596037928665, 12.493187758602408, 9.91862487241705, 15.274221140992493, 19.808479737904317, 27.42401594914507, 24.458094280106167, 17.807093814628484, 9.677576489551555, 0.0, 9.135870762818724, 1.2179633733552966, 9.597176791766891, 17.850246795321738], [38.1304826706067, 33.88787545905369, 26.399284830307217, 20.600633912112748, 15.27508495183369, 8.899454705867436, 7.821905331681405, 4.918140926812385, 11.488450334542687, 20.00092250889438, 26.500380532206204, 33.858733178982604, 31.58665156854221, 25.72558471234467, 18.431638060507886, 9.135870762818724, 0.0, 8.733221929645035, 18.119156876573783, 25.635026278650393], [31.609094901392556, 26.540896254751047, 18.491526203742133, 12.841414525044618, 9.02265044474145, 9.704540729927878, 16.54936883970373, 11.713142334815451, 8.738997225582407, 14.375033521578755, 19.336599689636977, 27.143663100562975, 24.394027250493203, 17.84472182877265, 9.893662706316302, 1.2179633733552966, 8.733221929645035, 0.0, 9.655331496383438, 17.8124310244198], [23.438963280221696, 18.03562143624916, 10.88501159141165, 8.57688783369801, 10.717120880024964, 17.4710251117741, 25.792850343854766, 20.466824869132775, 13.377428867495915, 11.488839649634981, 11.671591898431373, 18.95343601615829, 15.710868544903844, 8.614494776069519, 1.2808354380325384, 9.597176791766891, 18.119156876573783, 9.655331496383438, 0.0, 8.636431499455954], [15.123713205933587, 11.203576459127378, 10.019263721742282, 13.548849237538144, 17.978796744100094, 25.211878340389283, 32.90466642190579, 27.50554402730844, 19.849084603516857, 13.702767397848723, 7.4988771221772845, 10.85149275018479, 7.230590325180233, 1.121837228980215, 8.903482448558375, 17.850246795321738, 25.635026278650393, 17.8124310244198, 8.636431499455954, 0.0]]