[[0.0, 12.724497666702211, 21.25552584698638, 28.405406760097154, 35.47773389293727, 40.71654951839075, 47.17352559777635, 41.2209643529554, 34.94435584778399, 26.83173909824173, 18.248712729395894, 8.663184864609137, 4.283126383234213, 16.330738019742125, 24.86225856425739, 33.29716225444374, 43.006044330322496, 33.070785939669186, 24.411486460449453, 15.873649412469646], [12.724497666702211, 0.0, 8.843811966940729, 16.801934767550584, 24.479252582067332, 31.26459409249057, 39.75677223239496, 34.69564432567659, 28.604707450727915, 21.453792593399893, 14.739419958941594, 11.341257443980751, 9.808419657392873, 7.577898671285136, 15.229700788213865, 24.326330437104176, 35.31774793449342, 24.579178538660667, 15.494935382995987, 8.380558870031402], [21.25552584698638, 8.843811966940729, 0.0, 8.469592235266642, 16.59640016364579, 24.51184446801717, 34.29358612055104, 29.90636401485921, 24.14396799879591, 18.653895043791366, 15.418416601907534, 17.38820188632007, 17.79645013894341, 7.859705748297772, 9.614409546835313, 18.23258290019439, 29.778238103710738, 18.893823638268803, 10.706833116509333, 9.322821444279732], [28.405406760097154, 16.801934767550584, 8.469592235266642, 0.0, 8.432595965928702, 16.863985641479093, 27.338334609489547, 23.602812693785985, 18.714237139912225, 16.257723278469992, 17.349321267088143, 22.84031482150222, 24.491235401499246, 12.487585729305808, 6.49903757489838, 11.46637594115403, 22.873881544886714, 12.51002468217581, 8.095055171382466, 13.482622295642752], [35.47773389293727, 24.479252582067332, 16.59640016364579, 8.432595965928702, 0.0, 9.210799204636151, 20.424284895261838, 18.556829722030052, 16.591406208987625, 18.737193117774236, 22.77147781998538, 29.391433500851146, 31.360858682190848, 19.39246953069178, 11.349965893209724, 7.654183730273855, 16.341060292188327, 9.134353892822032, 12.31589110287782, 20.050010294794017], [40.71654951839075, 31.26459409249057, 24.51184446801717, 16.863985641479093, 9.210799204636151, 0.0, 11.340610396807527, 11.618127719274133, 14.2794663663353, 20.757389989292783, 26.709750487165053, 33.99502274009619, 36.45889558482587, 25.215550429948365, 17.01611925596427, 7.9505959047704735, 7.7137017504079095, 8.531096709634058, 17.18656627203494, 25.431752570919645], [47.17352559777635, 39.75677223239496, 34.29358612055104, 27.338334609489547, 20.424284895261838, 11.340610396807527, 0.0, 8.26084407783424, 16.803597335985945, 25.805548087751887, 32.668291217505164, 40.05334401482975, 42.966082424701746, 33.122021078857465, 25.694485189535378, 16.35673991831276, 4.608029611448801, 15.893143296312472, 25.277537768936472, 32.92161944673611], [41.2209643529554, 34.69564432567659, 29.90636401485921, 23.602812693785985, 18.556829722030052, 11.618127719274133, 8.26084407783424, 0.0, 9.017029635166724, 18.2388804382331, 25.558737933131596, 33.52139434411381, 37.03631199636273, 27.501190536839143, 20.516226244874616, 12.227126350798088, 5.760047132749172, 11.19419173932629, 19.764498147068117, 27.085627866438944], [34.94435584778399, 28.604707450727915, 24.14396799879591, 18.714237139912225, 16.591406208987625, 14.2794663663353, 16.803597335985945, 9.017029635166724, 0.0, 9.602797898057474, 17.765946631876247, 26.707727672425637, 30.806497108187845, 21.07540662849844, 14.59688236025272, 9.735828158997364, 13.029728970385642, 8.532291585714, 13.652309741446832, 20.576858262911493], [26.83173909824173, 21.453792593399893, 18.653895043791366, 16.257723278469992, 18.737193117774236, 20.757389989292783, 25.805548087751887, 18.2388804382331, 9.602797898057474, 0.0, 8.735335990483367, 18.3232613294132, 22.894890840655325, 14.069545545310302, 10.759150121046462, 13.40759744357732, 21.626230328668797, 12.622627735802281, 9.544789088189486, 13.357786503789093], [18.248712729395894, 14.739419958941594, 15.418416601907534, 17.349321267088143, 22.77147781998538, 26.709750487165053, 32.668291217505164, 25.558737933131596, 17.765946631876247, 8.735335990483367, 0.0, 9.72856862094815, 14.488048044326915, 8.589652812323607, 11.729691643067433, 18.775187139540126, 28.357821960453588, 18.258583877382737, 10.655395584454428, 7.438842893196085], [8.663184864609137, 11.341257443980751, 17.38820188632007, 22.84031482150222, 29.391433500851146, 33.99502274009619, 40.05334401482975, 33.52139434411381, 26.707727672425637, 18.3232613294132, 9.72856862094815, 0.0, 5.351435059453677, 10.455439915320534, 18.168842293556814, 26.246223613584984, 35.836168900228515, 25.856017067201087, 17.41694771792021, 9.45938887415783], [4.283126383234213, 9.808419657392873, 17.79645013894341, 24.491235401499246, 31.360858682190848, 36.45889558482587, 42.966082424701746, 37.03631199636273, 30.806497108187845, 22.894890840655325, 14.488048044326915, 5.351435059453677, 0.0, 12.244577124500053, 20.678900052418864, 29.0198272734226, 38.76676270239976, 28.787755243261014, 20.18340000223238, 11.701807103005116], [16.330738019742125, 7.577898671285136, 7.859705748297772, 12.487585729305808, 19.39246953069178, 25.215550429948365, 33.122021078857465, 27.501190536839143, 21.07540662849844, 14.069545545310302, 8.589652812323607, 10.455439915320534, 12.244577124500053, 0.0, 8.633933312420302, 17.719416105974208, 28.63501507958023, 17.76274519917375, 8.46429525633552, 1.476007674702607], [24.86225856425739, 15.229700788213865, 9.614409546835313, 6.49903757489838, 11.349965893209724, 17.01611925596427, 25.694485189535378, 20.516226244874616, 14.59688236025272, 10.759150121046462, 11.729691643067433, 18.168842293556814, 20.678900052418864, 8.633933312420302, 0.0, 9.547366461505339, 21.101222608319688, 9.861439442414932, 1.6125567321768859, 9.027630769159426], [33.29716225444374, 24.326330437104176, 18.23258290019439, 11.46637594115403, 7.654183730273855, 7.9505959047704735, 16.35673991831276, 12.227126350798088, 9.735828158997364, 13.40759744357732, 18.775187139540126, 26.246223613584984, 29.0198272734226, 17.719416105974208, 9.547366461505339, 0.0, 11.765625743415479, 1.4810365053880354, 9.45245969528937, 17.81398130640321], [43.006044330322496, 35.31774793449342, 29.778238103710738, 22.873881544886714, 16.341060292188327, 7.7137017504079095, 4.608029611448801, 5.760047132749172, 13.029728970385642, 21.626230328668797, 28.357821960453588, 35.836168900228515, 38.76676270239976, 28.63501507958023, 21.101222608319688, 11.765625743415479, 0.0, 11.287132484585316, 20.70092000251513, 28.469178903907256], [33.070785939669186, 24.579178538660667, 18.893823638268803, 12.51002468217581, 9.134353892822032, 8.531096709634058, 15.893143296312472, 11.19419173932629, 8.532291585714, 12.622627735802281, 18.258583877382737, 25.856017067201087, 28.787755243261014, 17.76274519917375, 9.861439442414932, 1.4810365053880354, 11.287132484585316, 0.0, 9.522796848600205, 17.734248116778424], [24.411486460449453, 15.494935382995987, 10.706833116509333, 8.095055171382466, 12.31589110287782, 17.18656627203494, 25.277537768936472, 19.764498147068117, 13.652309741446832, 9.544789088189486, 10.655395584454428, 17.41694771792021, 20.18340000223238, 8.46429525633552, 1.6125567321768859, 9.45245969528937, 20.70092000251513, 9.522796848600205, 0.0, 8.593844568275655], [15.873649412469646, 8.380558870031402, 9.322821444279732, 13.482622295642752, 20.050010294794017, 25.431752570919645, 32.92161944673611, 27.085627866438944, 20.576858262911493, 13.357786503789093, 7.438842893196085, 9.45938887415783, 11.701807103005116, 1.476007674702607, 9.027630769159426, 17.81398130640321, 28.469178903907256, 17.734248116778424, 8.593844568275655, 0.0]]