[[0.0, 12.334747780174302, 25.11917063373217, 30.59873366947687, 36.15175884321294, 40.52274055335465, 47.92887369146757, 40.271173729029655, 33.16802664743022, 27.31410859996057, 18.589807667778597, 8.353719931796132, 4.392496444266514, 17.10762319600665, 27.82646770251896, 37.03164827713141, 43.87967385973612, 36.78394792109708, 27.232819054859906, 16.421107173026183], [12.334747780174302, 0.0, 12.798244552373031, 18.743623410384796, 24.562631670193603, 30.23011950362335, 40.08657286765809, 32.18192356622411, 25.483898267841635, 20.133752356358087, 11.861891208009409, 9.202912365165009, 8.928117700749079, 5.620964437133718, 16.61440877706938, 27.120274001131495, 35.703711447566135, 27.156057728410158, 16.381927024530235, 5.668773680637723], [25.11917063373217, 12.798244552373031, 0.0, 7.537397622740291, 13.379438077796092, 21.18840707045839, 34.01401745685693, 26.591728959513503, 21.728472917530073, 18.687616692525477, 15.419371036150238, 20.34330776313658, 21.443992661046753, 8.823313016458156, 8.264297292392495, 19.17863044266657, 29.54749065945362, 19.735051911681435, 9.218563567551401, 10.067560859380432], [30.59873366947687, 18.743623410384796, 7.537397622740291, 0.0, 6.5070678218530205, 14.244798251739894, 27.74110473506351, 20.380039993670422, 16.839406902410335, 15.826544602104844, 16.767528892320833, 24.420930058405187, 26.506631416777726, 13.531574755538063, 4.253712361326865, 12.443122694131159, 23.295212536431, 13.165554822422258, 5.678099157364991, 14.282679128784974], [36.15175884321294, 24.562631670193603, 13.379438077796092, 6.5070678218530205, 0.0, 9.079594894335482, 23.461368012899932, 17.844779310048892, 17.394648851183685, 18.597771599686588, 21.97203180166088, 29.84098531806061, 31.969124031859536, 19.39198753111511, 9.220072198509184, 9.221336236576175, 19.38832864457715, 10.36857835501092, 10.15362169217103, 20.025660146226016], [40.52274055335465, 30.23011950362335, 21.18840707045839, 14.244798251739894, 9.079594894335482, 0.0, 14.52356162662572, 10.754526267146225, 14.77408814526802, 18.667291399229676, 25.204989818237067, 33.50380100677907, 36.17077171076414, 24.937980715188207, 14.72131735880132, 4.476354947114224, 10.717874161285158, 5.421757800633853, 14.803249677575296, 25.14403600715752], [47.92887369146757, 40.08657286765809, 34.01401745685693, 27.74110473506351, 23.461368012899932, 14.52356162662572, 0.0, 10.40303504741578, 19.317318193300903, 24.78840435328795, 33.227227437627974, 40.67356419897604, 43.69812538224141, 35.24562851615355, 26.79028908635952, 15.483822190233559, 4.62762964658701, 14.966120084293891, 26.257340045467327, 34.985225980633665], [40.271173729029655, 32.18192356622411, 26.591728959513503, 20.380039993670422, 17.844779310048892, 10.754526267146225, 10.40303504741578, 0.0, 9.072212827254273, 14.919025423052005, 23.901057640427215, 32.452037782624004, 35.95119134349806, 27.060443782861455, 18.57844535914916, 8.650659085117278, 6.4490447195700265, 7.559553671463284, 17.820222334659267, 26.71269567395496], [33.16802664743022, 25.483898267841635, 21.728472917530073, 16.839406902410335, 17.394648851183685, 14.77408814526802, 19.317318193300903, 9.072212827254273, 0.0, 6.211143282089781, 15.647023021907426, 24.980424703188874, 28.90230097888348, 20.455312944680315, 13.69440155385981, 10.499348211002484, 15.145483383472216, 9.434207075818986, 12.547710165305215, 19.916861779244666], [27.31410859996057, 20.133752356358087, 18.687616692525477, 15.826544602104844, 18.597771599686588, 18.667291399229676, 24.78840435328795, 14.919025423052005, 6.211143282089781, 0.0, 9.538880063001526, 19.04026718751394, 23.111504910812577, 15.49194725043889, 11.827064454695554, 14.195694809984545, 20.493280316029203, 13.41179593285948, 10.445149535025573, 14.749420138991368], [18.589807667778597, 11.861891208009409, 15.419371036150238, 16.767528892320833, 21.97203180166088, 25.204989818237067, 33.227227437627974, 23.901057640427215, 15.647023021907426, 9.538880063001526, 0.0, 10.50419187085194, 14.52608870590022, 8.683010010099322, 12.870593169835919, 21.077960594936364, 28.819420483762364, 20.674703760967557, 11.818833866287186, 7.587544445008547], [8.353719931796132, 9.202912365165009, 20.34330776313658, 24.420930058405187, 29.84098531806061, 33.50380100677907, 40.67356419897604, 32.452037782624004, 24.980424703188874, 19.04026718751394, 10.50419187085194, 0.0, 4.592939502713483, 11.539402223371065, 21.062610918477773, 29.697539577466248, 36.52837473149779, 29.33752315611613, 20.237801561526314, 10.408907839923462], [4.392496444266514, 8.928117700749079, 21.443992661046753, 26.506631416777726, 31.969124031859536, 36.17077171076414, 43.69812538224141, 35.95119134349806, 28.90230097888348, 23.111504910812577, 14.52608870590022, 4.592939502713483, 0.0, 13.106059034307568, 23.58895088643361, 32.646986989926745, 39.59503724509656, 32.394714683219576, 22.944743940376867, 12.29867191041903], [17.10762319600665, 5.620964437133718, 8.823313016458156, 13.531574755538063, 19.39198753111511, 24.937980715188207, 35.24562851615355, 27.060443782861455, 20.455312944680315, 15.49194725043889, 8.683010010099322, 11.539402223371065, 13.106059034307568, 0.0, 11.058632319627867, 21.73648309232809, 30.761005679392525, 21.792990508682948, 10.785582358508883, 1.3915732595853487], [27.82646770251896, 16.61440877706938, 8.264297292392495, 4.253712361326865, 9.220072198509184, 14.72131735880132, 26.79028908635952, 18.57844535914916, 13.69440155385981, 11.827064454695554, 12.870593169835919, 21.062610918477773, 23.58895088643361, 11.058632319627867, 0.0, 11.751868699346712, 22.201153631146042, 12.090935846209634, 1.4584997877387622, 11.475226876227719], [37.03164827713141, 27.120274001131495, 19.17863044266657, 12.443122694131159, 9.221336236576175, 4.476354947114224, 15.483822190233559, 8.650659085117278, 10.499348211002484, 14.195694809984545, 21.077960594936364, 29.697539577466248, 32.646986989926745, 21.73648309232809, 11.751868699346712, 0.0, 11.01398193095204, 1.2708522972981622, 11.499364485056772, 21.785651620867668], [43.87967385973612, 35.703711447566135, 29.54749065945362, 23.295212536431, 19.38832864457715, 10.717874161285158, 4.62762964658701, 6.4490447195700265, 15.145483383472216, 20.493280316029203, 28.819420483762364, 36.52837473149779, 39.59503724509656, 30.761005679392525, 22.201153631146042, 11.01398193095204, 0.0, 10.414737119209393, 21.64818534327432, 30.520674657659026], [36.78394792109708, 27.156057728410158, 19.735051911681435, 13.165554822422258, 10.36857835501092, 5.421757800633853, 14.966120084293891, 7.559553671463284, 9.434207075818986, 13.41179593285948, 20.674703760967557, 29.33752315611613, 32.394714683219576, 21.792990508682948, 12.090935846209634, 1.2708522972981622, 10.414737119209393, 0.0, 11.690368977414915, 21.76144609468098], [27.232819054859906, 16.381927024530235, 9.218563567551401, 5.678099157364991, 10.15362169217103, 14.803249677575296, 26.257340045467327, 17.820222334659267, 12.547710165305215, 10.445149535025573, 11.818833866287186, 20.237801561526314, 22.944743940376867, 10.785582358508883, 1.4584997877387622, 11.499364485056772, 21.64818534327432, 11.690368977414915, 0.0, 11.030094899285908], [16.421107173026183, 5.668773680637723, 10.067560859380432, 14.282679128784974, 20.025660146226016, 25.14403600715752, 34.985225980633665, 26.71269567395496, 19.916861779244666, 14.749420138991368, 7.587544445008547, 10.408907839923462, 12.29867191041903, 1.3915732595853487, 11.475226876227719, 21.785651620867668, 30.520674657659026, 21.76144609468098, 11.030094899285908, 0.0]]