[[0.0, 14.748862287988894, 22.291749688733592, 29.407111447881142, 35.85593788882146, 41.08402532513892, 45.64726983730483, 42.35554129911161, 36.71556763538031, 28.191092912968486, 20.95385358839607, 12.828731698053817, 5.526414317022837, 18.27029597050924, 26.312200059135954, 32.22845547746843, 41.576491470403376, 32.93277183701568, 24.314431250647914, 15.453805747423482], [14.748862287988894, 0.0, 8.162655430013633, 17.40831839844495, 25.047282461032474, 32.75443486261812, 40.9301698603613, 39.381242572212756, 33.609020768727326, 26.39685847749408, 21.174391200330223, 17.554534810215667, 11.981509739673957, 7.1213040817036415, 17.12033538958104, 24.22244019799029, 36.59707019913941, 27.534778941599622, 19.120041157113675, 13.158675834150108], [22.291749688733592, 8.162655430013633, 0.0, 10.130404147523537, 18.072724630376516, 26.922240426277195, 36.79026152338255, 36.17139882612229, 30.643462611246438, 25.073013181105225, 22.12036684988812, 21.68321458644979, 18.447846561065198, 5.814675310688121, 12.199868053927885, 19.09490241705139, 32.490667536219945, 23.764095192850267, 16.797966493543502, 14.894269006148814], [29.407111447881142, 17.40831839844495, 10.130404147523537, 0.0, 8.34871523261789, 17.883979575246837, 28.889813749225485, 28.87141682821847, 23.741767183624514, 20.946463229776093, 21.584658700709006, 24.894460623771877, 24.53517516486542, 11.298935571339097, 6.301920008428542, 10.800523259162071, 24.695930095058184, 16.65350751299182, 12.97236571211319, 16.860019451977895], [35.85593788882146, 25.047282461032474, 18.072724630376516, 8.34871523261789, 0.0, 10.221852592352818, 22.40158092601935, 23.86591197300943, 20.702439648004194, 21.91327456898366, 25.434176505239424, 30.341197371856317, 30.591760826491846, 18.657776922987956, 10.2306619111687, 7.633680757801239, 18.692326734051562, 13.361838344586609, 15.10028125588414, 21.942647594918643], [41.08402532513892, 32.75443486261812, 26.922240426277195, 17.883979575246837, 10.221852592352818, 0.0, 12.737896867388116, 16.12999218121884, 16.83338679670214, 22.828335351323847, 28.78013011256723, 34.68646034118516, 35.57100174212488, 26.184069018147163, 16.91964420306745, 9.935358242101035, 9.899733608641636, 10.824765802457852, 18.329630938349958, 26.563223419960217], [45.64726983730483, 40.9301698603613, 36.79026152338255, 28.889813749225485, 22.40158092601935, 12.737896867388116, 0.0, 7.749178657414545, 15.447975358729385, 25.010660384070913, 32.2969266501452, 38.50138760394491, 40.27083147287023, 34.537488017310615, 25.810710878770113, 18.673950147996354, 4.517229748376437, 14.5791937840025, 23.913078559934604, 31.7579865424175], [42.35554129911161, 39.381242572212756, 36.17139882612229, 28.87141682821847, 23.86591197300943, 16.12999218121884, 7.749178657414545, 0.0, 9.397195854798548, 19.40836561458561, 27.124277799838026, 33.82788907045276, 37.157321251141795, 32.91803258276213, 24.48563589981075, 18.083479591165577, 6.984922507159268, 12.48010968125064, 20.92820907168181, 28.465492194095184], [36.71556763538031, 33.609020768727326, 30.643462611246438, 23.741767183624514, 20.702439648004194, 16.83338679670214, 15.447975358729385, 9.397195854798548, 0.0, 10.640906963625703, 18.933575631583935, 26.626782194855785, 31.60878897473532, 26.948859126002983, 18.670221275410153, 13.801092228030402, 12.222213796436847, 8.814616264191027, 14.496108013067854, 22.13940634478569], [28.191092912968486, 26.39685847749408, 25.073013181105225, 20.946463229776093, 21.91327456898366, 22.828335351323847, 25.010660384070913, 19.40836561458561, 10.640906963625703, 0.0, 8.482989940469635, 16.792136339106026, 23.5303710497064, 20.411926708697106, 15.059127237878894, 14.954662106548687, 21.050736560743644, 12.700556812371218, 9.619989839902642, 14.307437684868276], [20.95385358839607, 21.174391200330223, 22.12036684988812, 21.584658700709006, 25.434176505239424, 28.78013011256723, 32.2969266501452, 27.124277799838026, 18.933575631583935, 8.482989940469635, 0.0, 8.708486049466233, 16.993076125327747, 16.782941698377115, 16.06714945522475, 19.47066612809819, 28.122094077146073, 18.828938691384863, 11.304024965041926, 9.67536540041811], [12.828731698053817, 17.554534810215667, 21.68321458644979, 24.894460623771877, 30.341197371856317, 34.68646034118516, 38.50138760394491, 33.82788907045276, 26.626782194855785, 16.792136339106026, 8.708486049466233, 0.0, 10.1521011885353, 16.1676125877974, 20.169583421239732, 25.185766564984792, 34.317319751164916, 25.073053286044956, 16.38297711951216, 9.205167673764766], [5.526414317022837, 11.981509739673957, 18.447846561065198, 24.53517516486542, 30.591760826491846, 35.57100174212488, 40.27083147287023, 37.157321251141795, 31.60878897473532, 23.5303710497064, 16.993076125327747, 10.1521011885353, 0.0, 13.778045773917178, 21.068589201444528, 26.76265804132553, 36.15311470052745, 27.46491842670839, 18.934096873467688, 10.19349951428694], [18.27029597050924, 7.1213040817036415, 5.814675310688121, 11.298935571339097, 18.657776922987956, 26.184069018147163, 34.537488017310615, 32.91803258276213, 26.948859126002983, 20.411926708697106, 16.782941698377115, 16.1676125877974, 13.778045773917178, 0.0, 10.04033072650777, 17.265955481653513, 30.119813404961143, 20.798088523203358, 12.533386221923351, 9.10477823239562], [26.312200059135954, 17.12033538958104, 12.199868053927885, 6.301920008428542, 10.2306619111687, 16.91964420306745, 25.810710878770113, 24.48563589981075, 18.670221275410153, 15.059127237878894, 16.06714945522475, 20.169583421239732, 21.068589201444528, 10.04033072650777, 0.0, 7.50456837185757, 21.35537382801333, 12.026725815969156, 6.673294441026108, 11.97822310636953], [32.22845547746843, 24.22244019799029, 19.09490241705139, 10.800523259162071, 7.633680757801239, 9.935358242101035, 18.673950147996354, 18.083479591165577, 13.801092228030402, 14.954662106548687, 19.47066612809819, 25.185766564984792, 26.76265804132553, 17.265955481653513, 7.50456837185757, 0.0, 14.304893887730657, 6.184347643684178, 8.888669240539949, 17.221023506175875], [41.576491470403376, 36.59707019913941, 32.490667536219945, 24.695930095058184, 18.692326734051562, 9.899733608641636, 4.517229748376437, 6.984922507159268, 12.222213796436847, 21.050736560743644, 28.122094077146073, 34.317319751164916, 36.15311470052745, 30.119813404961143, 21.35537382801333, 14.304893887730657, 0.0, 10.080345317489178, 19.434690101916235, 27.41314924416985], [32.93277183701568, 27.534778941599622, 23.764095192850267, 16.65350751299182, 13.361838344586609, 10.824765802457852, 14.5791937840025, 12.48010968125064, 8.814616264191027, 12.700556812371218, 18.828938691384863, 25.073053286044956, 27.46491842670839, 20.798088523203358, 12.026725815969156, 6.184347643684178, 10.080345317489178, 0.0, 9.502005205425483, 17.9915582795705], [24.314431250647914, 19.120041157113675, 16.797966493543502, 12.97236571211319, 15.10028125588414, 18.329630938349958, 23.913078559934604, 20.92820907168181, 14.496108013067854, 9.619989839902642, 11.304024965041926, 16.38297711951216, 18.934096873467688, 12.533386221923351, 6.673294441026108, 8.888669240539949, 19.434690101916235, 9.502005205425483, 0.0, 8.914407403978963], [15.453805747423482, 13.158675834150108, 14.894269006148814, 16.860019451977895, 21.942647594918643, 26.563223419960217, 31.7579865424175, 28.465492194095184, 22.13940634478569, 14.307437684868276, 9.67536540041811, 9.205167673764766, 10.19349951428694, 9.10477823239562, 11.97822310636953, 17.221023506175875, 27.41314924416985, 17.9915582795705, 8.914407403978963, 0.0]]