[[0.0, 9.925356716922966, 19.444956027389775, 26.04003495747118, 31.272004591721554, 37.649971517460116, 43.13403792288706, 39.55350767261857, 33.18862634984597, 25.07300334850572, 17.24159635336897, 7.089898432028356, 7.315052741544388, 13.39895073220112, 22.94585536474668, 31.339251122182404, 37.97007498928435, 31.339251122182404, 22.799630817115045, 13.250755638960596], [9.925356716922966, 0.0, 10.6770280261452, 18.036117565300607, 23.660573087423433, 31.364120855660946, 39.10353111050186, 36.2515582613998, 30.917905897542635, 23.81241636390669, 17.448779647698174, 13.602974906510196, 8.234237602437275, 8.897781174776828, 17.488921799585647, 26.135773494014426, 33.40998394735623, 26.135773494014426, 17.872532907172783, 9.680796938558831], [19.444956027389775, 10.6770280261452, 0.0, 7.548689606149333, 13.540812902403237, 22.30555651031567, 31.65428045963852, 29.182233039738026, 24.917716613081495, 19.923924895247847, 17.131458669841223, 20.182268396323988, 14.068162203337645, 8.579092501525139, 9.95692810794946, 17.775700421240817, 25.50139139676988, 17.775700421240817, 10.942292248652288, 9.687997432023504], [26.04003495747118, 18.036117565300607, 7.548689606149333, 0.0, 6.398399533578143, 15.72545651449016, 25.92801951270375, 23.817505644828238, 20.91987011149211, 18.616525143192167, 19.22827742800694, 25.472769923185055, 19.774657362688057, 13.41459822063613, 7.639402125116148, 12.003536758605694, 19.6149670100341, 12.003536758605694, 8.895719365611479, 14.141179696272623], [31.272004591721554, 23.660573087423433, 13.540812902403237, 6.398399533578143, 0.0, 9.732898802664188, 20.924491891201974, 19.990603749928763, 19.800180977490626, 20.515205367746454, 23.31797446193031, 30.369213516405793, 24.936578856088218, 18.69958544802726, 10.839189593829607, 9.098984881215545, 14.965427919628462, 9.098984881215545, 11.795574959354632, 19.258509513367226], [37.649971517460116, 31.364120855660946, 22.30555651031567, 15.72545651449016, 9.732898802664188, 0.0, 12.048691584128008, 13.476906991787166, 18.29037721116335, 23.097549717271068, 28.277900253564088, 35.967855029524266, 31.297931194966512, 25.62085272680835, 16.956469018277417, 8.892637275830436, 7.6169591730630275, 8.892637275830436, 17.325658986561805, 25.885732693742664], [43.13403792288706, 39.10353111050186, 31.65428045963852, 25.92801951270375, 20.924491891201974, 12.048691584128008, 0.0, 6.933255499284799, 17.098280194190902, 25.1476244931607, 32.09741117178146, 40.15324036354741, 36.90978192763944, 32.29995950385812, 24.058327574387647, 14.934736804410985, 6.584838354628764, 14.934736804410985, 23.80885246727051, 32.16527369564302], [39.55350767261857, 36.2515582613998, 29.182233039738026, 23.817505644828238, 19.990603749928763, 13.476906991787166, 6.933255499284799, 0.0, 10.400541168395325, 19.10055952164572, 26.729496277894917, 35.72914211728899, 32.995576828671076, 28.539342484680006, 20.28207663414429, 11.839263909565446, 5.900770514746093, 11.839263909565446, 19.759604142938844, 28.21987940649091], [33.18862634984597, 30.917905897542635, 24.917716613081495, 20.91987011149211, 19.800180977490626, 18.29037721116335, 17.098280194190902, 10.400541168395325, 0.0, 9.501504161243576, 17.941002350305514, 28.31086597171104, 26.304339889649647, 22.248449585434827, 14.982073727880321, 11.043494821889343, 12.864914706398666, 11.043494821889343, 14.031659703148371, 21.662265316229917], [25.07300334850572, 23.81241636390669, 19.923924895247847, 18.616525143192167, 20.515205367746454, 23.097549717271068, 25.1476244931607, 19.10055952164572, 9.501504161243576, 0.0, 8.623710062340281, 19.71740134224044, 18.194681206665066, 14.970497451101558, 11.163852652527483, 14.25870299812083, 19.891978277793534, 14.25870299812083, 9.94302394612288, 14.133342041284253], [17.24159635336897, 17.448779647698174, 17.131458669841223, 19.22827742800694, 23.31797446193031, 28.277900253564088, 32.09741117178146, 26.729496277894917, 17.941002350305514, 8.623710062340281, 0.0, 11.69225458430041, 10.739847801352399, 9.642982675192316, 12.478860996857607, 19.776459104020745, 26.56446979798635, 19.776459104020745, 11.58403749959426, 8.534050927413427], [7.089898432028356, 13.602974906510196, 20.182268396323988, 25.472769923185055, 30.369213516405793, 35.967855029524266, 40.15324036354741, 35.72914211728899, 28.31086597171104, 19.71740134224044, 11.69225458430041, 0.0, 6.202374473018704, 12.102750777339883, 20.544578234820886, 28.595341495810697, 35.05526642842977, 28.595341495810697, 20.04269881661115, 11.35435996790537], [7.315052741544388, 8.234237602437275, 14.068162203337645, 19.774657362688057, 24.936578856088218, 31.297931194966512, 36.90978192763944, 32.995576828671076, 26.304339889649647, 18.194681206665066, 10.739847801352399, 6.202374473018704, 0.0, 6.485868380091364, 15.85145244688593, 24.44879492709812, 31.428132393041377, 24.44879492709812, 15.631686711641514, 6.091271156467915], [13.39895073220112, 8.897781174776828, 8.579092501525139, 13.41459822063613, 18.69958544802726, 25.62085272680835, 32.29995950385812, 28.539342484680006, 22.248449585434827, 14.970497451101558, 9.642982675192316, 12.102750777339883, 6.485868380091364, 0.0, 9.752376882014202, 18.83656336415924, 26.38805770001525, 18.83656336415924, 9.774937845754778, 1.1954591053938328], [22.94585536474668, 17.488921799585647, 9.95692810794946, 7.639402125116148, 10.839189593829607, 16.956469018277417, 24.058327574387647, 20.28207663414429, 14.982073727880321, 11.163852652527483, 12.478860996857607, 20.544578234820886, 15.85145244688593, 9.752376882014202, 0.0, 9.543410344044572, 17.696852507681328, 9.543410344044572, 1.266413648376388, 9.854577737975381], [31.339251122182404, 26.135773494014426, 17.775700421240817, 12.003536758605694, 9.098984881215545, 8.892637275830436, 14.934736804410985, 11.839263909565446, 11.043494821889343, 14.25870299812083, 19.776459104020745, 28.595341495810697, 24.44879492709812, 18.83656336415924, 9.543410344044572, 0.0, 8.38323032542265, 0.0, 9.503160914834021, 18.841364366150053], [37.97007498928435, 33.40998394735623, 25.50139139676988, 19.6149670100341, 14.965427919628462, 7.6169591730630275, 6.584838354628764, 5.900770514746093, 12.864914706398666, 19.891978277793534, 26.56446979798635, 35.05526642842977, 31.428132393041377, 26.38805770001525, 17.696852507681328, 8.38323032542265, 0.0, 8.38323032542265, 17.514168136140206, 26.306361145026713], [31.339251122182404, 26.135773494014426, 17.775700421240817, 12.003536758605694, 9.098984881215545, 8.892637275830436, 14.934736804410985, 11.839263909565446, 11.043494821889343, 14.25870299812083, 19.776459104020745, 28.595341495810697, 24.44879492709812, 18.83656336415924, 9.543410344044572, 0.0, 8.38323032542265, 0.0, 9.503160914834021, 18.841364366150053], [22.799630817115045, 17.872532907172783, 10.942292248652288, 8.895719365611479, 11.795574959354632, 17.325658986561805, 23.80885246727051, 19.759604142938844, 14.031659703148371, 9.94302394612288, 11.58403749959426, 20.04269881661115, 15.631686711641514, 9.774937845754778, 1.266413648376388, 9.503160914834021, 17.514168136140206, 9.503160914834021, 0.0, 9.723160287750787], [13.250755638960596, 9.680796938558831, 9.687997432023504, 14.141179696272623, 19.258509513367226, 25.885732693742664, 32.16527369564302, 28.21987940649091, 21.662265316229917, 14.133342041284253, 8.534050927413427, 11.35435996790537, 6.091271156467915, 1.1954591053938328, 9.854577737975381, 18.841364366150053, 26.306361145026713, 18.841364366150053, 9.723160287750787, 0.0]]