[[0.0, 12.298868141352967, 25.111132711057564, 30.482555205656546, 36.0037706241386, 39.593297068778526, 47.91238425587674, 39.312882341430665, 34.052664226950164, 27.330327786003963, 18.58620572417908, 8.369363727550265, 4.393739001512269, 17.1058939472918, 27.77948786407844, 36.913054956573106, 43.84936627980609, 36.667813884555834, 27.192680890822487, 16.418278146769353], [12.298868141352967, 0.0, 12.824077423378187, 18.67087127680313, 24.47060092635604, 29.233570478039475, 40.13463388339335, 31.15770098413867, 25.98722919666758, 19.59013735786237, 11.862627840663805, 9.137952932289648, 8.883023969608823, 5.638896829941917, 16.600356762469474, 27.083976266133245, 35.73077253145664, 27.128051717360275, 16.37263206477471, 5.677383203440382], [25.111132711057564, 12.824077423378187, 0.0, 7.515795308673461, 13.366601088282279, 20.145225890618377, 34.160803391818554, 25.605822745623428, 21.505557216078223, 17.471776457254403, 15.4141061481471, 20.299865114958504, 21.431948886549, 8.816471707438243, 8.280950674377674, 19.27883179202778, 29.66391551800318, 19.852376677219482, 9.238908089413, 10.061803210408812], [30.482555205656546, 18.67087127680313, 7.515795308673461, 0.0, 6.511909391654417, 13.139892920157948, 27.82717218069802, 19.353064595908627, 16.116171785186832, 14.369741296417937, 16.667751172871405, 24.267054878560625, 26.380527654378124, 13.42775464454966, 4.176588199203031, 12.530951247507469, 23.346316138390655, 13.268224340417145, 5.5918078404634874, 14.17163580637306], [36.0037706241386, 24.47060092635604, 13.366601088282279, 6.511909391654417, 0.0, 8.010932296235437, 23.491814758496474, 16.989911392144837, 16.136422069127004, 17.215786219628136, 21.858685263851367, 29.66490240320089, 31.81318715496559, 19.285120303801836, 9.158614957304025, 9.267319216333165, 19.376441730315005, 10.426003155276184, 10.070640420233357, 19.907858229546992], [39.593297068778526, 29.233570478039475, 20.145225890618377, 13.139892920157948, 8.010932296235437, 0.0, 15.580650329229808, 10.650057964481928, 12.878828326734896, 17.093542658310305, 24.299052847409776, 32.5784263375493, 35.24214051744167, 23.922947101560336, 13.669975543852484, 4.009956922039688, 11.605233047788438, 5.1364526129188635, 13.778781553963107, 24.144565927668737], [47.91238425587674, 40.13463388339335, 34.160803391818554, 27.82717218069802, 23.491814758496474, 15.580650329229808, 0.0, 11.592005322897931, 18.37454101069744, 24.846322059737393, 33.30106026798243, 40.678588700163665, 43.69193284631012, 35.32959405946098, 26.9172134222626, 15.468023388742692, 4.657874905361671, 14.94123758879277, 26.379893306720007, 35.05969429745572], [39.312882341430665, 31.15770098413867, 25.605822745623428, 19.353064595908627, 16.989911392144837, 10.650057964481928, 11.592005322897931, 0.0, 6.865975634686161, 13.775866557568676, 22.83179195292582, 31.461407653990644, 34.98484160437159, 26.01686093596053, 17.525245546686357, 7.809761180168633, 7.450232327923471, 6.662235435212866, 16.752482332458346, 25.668961807860228], [34.052664226950164, 25.98722919666758, 21.505557216078223, 16.116171785186832, 16.136422069127004, 12.878828326734896, 18.37454101069744, 6.865975634686161, 0.0, 7.232684120943968, 16.578089496084406, 25.92132436821547, 29.746861311316948, 20.83046816382707, 13.311629520786479, 8.998328054514188, 14.08368137515998, 7.947629521861599, 12.268794902868871, 20.37800506644424], [27.330327786003963, 19.59013735786237, 17.471776457254403, 14.369741296417937, 17.215786219628136, 17.093542658310305, 24.846322059737393, 13.775866557568676, 7.232684120943968, 0.0, 9.382431539005815, 19.104732278753506, 23.07993553920916, 14.73759194247127, 10.460137589052499, 13.335199251669772, 20.423966852925783, 12.657482550756963, 9.102906655592276, 14.090818803726917], [18.58620572417908, 11.862627840663805, 15.4141061481471, 16.667751172871405, 21.858685263851367, 24.299052847409776, 33.30106026798243, 22.83179195292582, 16.578089496084406, 9.382431539005815, 0.0, 10.469996792102519, 14.519912816131544, 8.681771015207502, 12.83392355683787, 21.035767751228597, 28.866720691676566, 20.644808938918718, 11.789971417246488, 7.5861339965025065], [8.369363727550265, 9.137952932289648, 20.299865114958504, 24.267054878560625, 29.66490240320089, 32.5784263375493, 40.678588700163665, 31.461407653990644, 25.92132436821547, 19.104732278753506, 10.469996792102519, 0.0, 4.605077292524635, 11.503231902982142, 20.98343728992562, 29.569453921047376, 36.51187069343515, 29.2148768065207, 20.167609844989173, 10.372669762744694], [4.393739001512269, 8.883023969608823, 21.431948886549, 26.380527654378124, 31.81318715496559, 35.24214051744167, 43.69193284631012, 34.98484160437159, 29.746861311316948, 23.07993553920916, 14.519912816131544, 4.605077292524635, 0.0, 13.100924004711041, 23.536430642104357, 32.52777267863408, 39.57213320514274, 32.279139337302304, 22.89980887070951, 12.292514294183025], [17.1058939472918, 5.638896829941917, 8.816471707438243, 13.42775464454966, 19.285120303801836, 23.922947101560336, 35.32959405946098, 26.01686093596053, 20.83046816382707, 14.73759194247127, 8.681771015207502, 11.503231902982142, 13.100924004711041, 0.0, 11.0257982299541, 21.719903973378564, 30.818636093667237, 21.790094404583268, 10.762834155790472, 1.3926903505625385], [27.77948786407844, 16.600356762469474, 8.280950674377674, 4.176588199203031, 9.158614957304025, 13.669975543852484, 26.9172134222626, 17.525245546686357, 13.311629520786479, 10.460137589052499, 12.83392355683787, 20.98343728992562, 23.536430642104357, 11.0257982299541, 0.0, 11.833303250513316, 22.29744426567462, 12.19485943060091, 1.4515554303604734, 11.437302904518049], [36.913054956573106, 27.083976266133245, 19.27883179202778, 12.530951247507469, 9.267319216333165, 4.009956922039688, 15.468023388742692, 7.809761180168633, 8.998328054514188, 13.335199251669772, 21.035767751228597, 29.569453921047376, 32.52777267863408, 21.719903973378564, 11.833303250513316, 0.0, 10.953879950863117, 1.2815616312503286, 11.556712790959548, 21.752292165543704], [43.84936627980609, 35.73077253145664, 29.66391551800318, 23.346316138390655, 19.376441730315005, 11.605233047788438, 4.657874905361671, 7.450232327923471, 14.08368137515998, 20.423966852925783, 28.866720691676566, 36.51187069343515, 39.57213320514274, 30.818636093667237, 22.29744426567462, 10.953879950863117, 0.0, 10.347210330552965, 21.740764075202442, 30.569302407579322], [36.667813884555834, 27.128051717360275, 19.852376677219482, 13.268224340417145, 10.426003155276184, 5.1364526129188635, 14.94123758879277, 6.662235435212866, 7.947629521861599, 12.657482550756963, 20.644808938918718, 29.2148768065207, 32.279139337302304, 21.790094404583268, 12.19485943060091, 1.2815616312503286, 10.347210330552965, 0.0, 11.771460630588756, 21.740880450192282], [27.192680890822487, 16.37263206477471, 9.238908089413, 5.5918078404634874, 10.070640420233357, 13.778781553963107, 26.379893306720007, 16.752482332458346, 12.268794902868871, 9.102906655592276, 11.789971417246488, 20.167609844989173, 22.89980887070951, 10.762834155790472, 1.4515554303604734, 11.556712790959548, 21.740764075202442, 11.771460630588756, 0.0, 11.001993068463278], [16.418278146769353, 5.677383203440382, 10.061803210408812, 14.17163580637306, 19.907858229546992, 24.144565927668737, 35.05969429745572, 25.668961807860228, 20.37800506644424, 14.090818803726917, 7.5861339965025065, 10.372669762744694, 12.292514294183025, 1.3926903505625385, 11.437302904518049, 21.752292165543704, 30.569302407579322, 21.740880450192282, 11.001993068463278, 0.0]]