[[0.0, 12.309758286873555, 25.09171736734776, 30.60688065930897, 36.15458619512896, 40.54439546004554, 47.93006070257656, 40.265302090237974, 33.182174025622345, 27.32658366331624, 18.526393407243678, 8.309852931114788, 4.386784895607379, 17.068869540074356, 27.831980352257332, 37.049700816548594, 43.8822827837195, 36.796973204114344, 27.234486862743335, 16.36799960634265], [12.309758286873555, 0.0, 12.795089672238682, 18.768508160498982, 24.578384966267677, 30.24495854565506, 40.081003425146555, 32.18397507599933, 25.48690418373856, 20.135783255553132, 11.858335218987273, 9.268125864196767, 8.913258836673652, 5.611470385892987, 16.63235754594465, 27.131789928492168, 35.698039391045626, 27.163781505859617, 16.394834188245603, 5.658937590647649], [25.09171736734776, 12.795089672238682, 0.0, 7.5447535125874055, 13.38253476199879, 21.16703143811385, 33.99390856587205, 26.59304103406357, 21.697072744939792, 18.654823600006328, 15.464577703415408, 20.410912043896573, 21.427025698690844, 8.838619120200795, 8.252608953504405, 19.15317128747963, 29.521873284400023, 19.710543841264606, 9.20439465466719, 10.103476032829992], [30.60688065930897, 18.768508160498982, 7.5447535125874055, 0.0, 6.507452654692616, 14.224507198697601, 27.744663813332338, 20.409227122306838, 16.820788772737778, 15.813202126993922, 16.84241768552915, 24.515420725781443, 26.52603492056598, 13.57254284502897, 4.2563269212100066, 12.42216218795802, 23.29098331722574, 13.15027740791281, 5.68584709876778, 14.343154993316988], [36.15458619512896, 24.578384966267677, 13.38253476199879, 6.507452654692616, 0.0, 9.044730053779713, 23.459762402871455, 17.87220314388584, 17.373011841221118, 18.582732535787382, 22.025199601202505, 29.91374529492561, 31.980921260579784, 19.41709227820729, 9.218769331089756, 9.188750133779568, 19.37740197379014, 10.344367668829547, 10.154610426251217, 20.06483485775086], [40.54439546004554, 30.24495854565506, 21.16703143811385, 14.224507198697601, 9.044730053779713, 0.0, 14.56863607401534, 10.812299688446352, 14.778145378751192, 18.67330326563003, 25.234695579751484, 33.5677085253989, 36.197964700753296, 24.949768834495504, 14.712237632752846, 4.478866394269207, 10.755881679581645, 5.430019661991846, 14.798216608693966, 25.16485828057019], [47.93006070257656, 40.081003425146555, 33.99390856587205, 27.744663813332338, 23.459762402871455, 14.56863607401534, 0.0, 10.380022567038182, 19.33297558341902, 24.796591278543545, 33.20092892022785, 40.67526821709621, 43.699683758322706, 35.23038316531879, 26.79157812395007, 15.514341607455567, 4.633975729320668, 14.987069649200773, 26.255474159444027, 34.96632393200765], [40.265302090237974, 32.18397507599933, 26.59304103406357, 20.409227122306838, 17.87220314388584, 10.812299688446352, 10.380022567038182, 0.0, 9.094356351052342, 14.929105356865561, 23.89602825099544, 32.468594661722996, 35.94901713380975, 27.059539653749287, 18.60030918419137, 8.703679648406238, 6.422376417396049, 7.603003274158506, 17.837228217561748, 26.71029234097764], [33.182174025622345, 25.48690418373856, 21.697072744939792, 16.820788772737778, 17.373011841221118, 14.778145378751192, 19.33297558341902, 9.094356351052342, 0.0, 6.211715763175742, 15.650055046454183, 25.031943753654474, 28.920954673880757, 20.44879063365856, 13.677804878806686, 10.500633699732747, 15.154888375298349, 9.432712481432427, 12.530640244931828, 19.915687525947252], [27.32658366331624, 20.135783255553132, 18.654823600006328, 15.813202126993922, 18.582732535787382, 18.67330326563003, 24.796591278543545, 14.929105356865561, 6.211715763175742, 0.0, 9.536857731983844, 19.09953820336866, 23.12968597378293, 15.482008562985937, 11.813205345294302, 14.19926433243782, 20.496865504301113, 13.412453691732656, 10.42910065109821, 14.74476187032564], [18.526393407243678, 11.858335218987273, 15.464577703415408, 16.84241768552915, 22.025199601202505, 25.234695579751484, 33.20092892022785, 23.89602825099544, 15.650055046454183, 9.536857731983844, 0.0, 10.509481848657382, 14.466859230762251, 8.695249159073585, 12.93375578492844, 21.1028414968947, 28.796450157168138, 20.691797364841293, 11.87180218364748, 7.590839803320111], [8.309852931114788, 9.268125864196767, 20.410912043896573, 24.515420725781443, 29.91374529492561, 33.5677085253989, 40.67526821709621, 32.468594661722996, 25.031943753654474, 19.09953820336866, 10.509481848657382, 0.0, 4.561162496861524, 11.591229750349227, 21.149003895525507, 29.75899717496848, 36.53860747705164, 29.390768797885265, 20.3158525465817, 10.440338572945326], [4.386784895607379, 8.913258836673652, 21.427025698690844, 26.52603492056598, 31.980921260579784, 36.197964700753296, 43.699683758322706, 35.94901713380975, 28.920954673880757, 23.12968597378293, 14.466859230762251, 4.561162496861524, 0.0, 13.074437722049883, 23.60476793022581, 32.67070419807467, 39.59866531112514, 32.41292172710436, 22.955904681706578, 12.24984880333247], [17.068869540074356, 5.611470385892987, 8.838619120200795, 13.57254284502897, 19.41709227820729, 24.949768834495504, 35.23038316531879, 27.059539653749287, 20.44879063365856, 15.482008562985937, 8.695249159073585, 11.591229750349227, 13.074437722049883, 0.0, 11.087204921850864, 21.74369824104817, 30.745226881428263, 21.795734504818807, 10.80543356433887, 1.4118395676595128], [27.831980352257332, 16.63235754594465, 8.252608953504405, 4.2563269212100066, 9.218769331089756, 14.712237632752846, 26.79157812395007, 18.60030918419137, 13.677804878806686, 11.813205345294302, 12.93375578492844, 21.149003895525507, 23.60476793022581, 11.087204921850864, 0.0, 11.739402556273935, 22.195926644150475, 12.080211568272594, 1.4638845196220158, 11.522206924363534], [37.049700816548594, 27.131789928492168, 19.15317128747963, 12.42216218795802, 9.188750133779568, 4.478866394269207, 15.514341607455567, 8.703679648406238, 10.500633699732747, 14.19926433243782, 21.1028414968947, 29.75899717496848, 32.67070419807467, 21.74369824104817, 11.739402556273935, 0.0, 11.038105097872277, 1.2793178369068412, 11.489934830388464, 21.801505212161018], [43.8822827837195, 35.698039391045626, 29.521873284400023, 23.29098331722574, 19.37740197379014, 10.755881679581645, 4.633975729320668, 6.422376417396049, 15.154888375298349, 20.496865504301113, 28.796450157168138, 36.53860747705164, 39.59866531112514, 30.745226881428263, 22.195926644150475, 11.038105097872277, 0.0, 10.428815681157372, 21.640340117810855, 30.503058051585416], [36.796973204114344, 27.163781505859617, 19.710543841264606, 13.15027740791281, 10.344367668829547, 5.430019661991846, 14.987069649200773, 7.603003274158506, 9.432712481432427, 13.412453691732656, 20.691797364841293, 29.390768797885265, 32.41292172710436, 21.795734504818807, 12.080211568272594, 1.2793178369068412, 10.428815681157372, 0.0, 11.68075960184739, 21.77120328655612], [27.234486862743335, 16.394834188245603, 9.20439465466719, 5.68584709876778, 10.154610426251217, 14.798216608693966, 26.255474159444027, 17.837228217561748, 12.530640244931828, 10.42910065109821, 11.87180218364748, 20.3158525465817, 22.955904681706578, 10.80543356433887, 1.4638845196220158, 11.489934830388464, 21.640340117810855, 11.68075960184739, 0.0, 11.066283718169618], [16.36799960634265, 5.658937590647649, 10.103476032829992, 14.343154993316988, 20.06483485775086, 25.16485828057019, 34.96632393200765, 26.71029234097764, 19.915687525947252, 14.74476187032564, 7.590839803320111, 10.440338572945326, 12.24984880333247, 1.4118395676595128, 11.522206924363534, 21.801505212161018, 30.503058051585416, 21.77120328655612, 11.066283718169618, 0.0]]