[[0.0, 10.277186087599127, 19.04089744147618, 26.62014841354762, 32.804975877143484, 37.593407241101055, 43.43801861468602, 45.803885084679465, 38.173999861428996, 31.475809883875613, 24.820863235153972, 16.073391768519983, 3.814707514977519, 14.958165034251158, 23.20810190204869, 30.590182461661875, 40.341199496949514, 36.43526910271284, 29.39103329100775, 22.75365961711956], [10.277186087599127, 0.0, 9.231493304926836, 18.275068728950792, 24.84647728371845, 31.614323195482076, 39.73849422857118, 44.222703605634635, 37.79590150748915, 32.663424459260284, 28.185023636149637, 23.533958380779662, 10.150525560458185, 9.041914287800067, 17.43314985330755, 25.218646284275987, 36.761163554065604, 34.96633210130308, 29.05119332764933, 24.401864833351464], [19.04089744147618, 9.231493304926836, 0.0, 10.018544337127329, 16.740858261194198, 25.08859616535587, 34.95449414345855, 40.953870946844496, 35.79131573902292, 32.517385660648024, 30.48295685237557, 29.536850096108864, 17.8012267367257, 8.253319028381613, 12.508047401026516, 19.55982526852492, 32.17196001785118, 32.15530673544115, 27.91209912540883, 25.76634995574371], [26.62014841354762, 18.275068728950792, 10.018544337127329, 0.0, 7.640191017100687, 16.375406336705147, 27.197889923730074, 33.900032802115454, 30.059722826800172, 29.164067813809712, 30.15284115464323, 33.20914767485306, 24.287125344215685, 12.054886780133772, 7.677111464875966, 11.508442101622615, 24.571916062698612, 25.8434257073649, 24.07290595360265, 25.141529712361255], [32.804975877143484, 24.84647728371845, 16.740858261194198, 7.640191017100687, 0.0, 10.25083284778135, 22.040986555091763, 30.42500036705285, 29.924839934702973, 31.40586073017019, 34.32854916119504, 38.662563999566615, 30.33417318943778, 18.543601365105594, 12.082277989192853, 9.717573912366914, 20.04961485499934, 25.526922088824364, 26.62128763908204, 29.63496917778579], [37.593407241101055, 31.614323195482076, 25.08859616535587, 16.375406336705147, 10.25083284778135, 0.0, 11.940197322898513, 21.209801450095533, 24.68685945633847, 28.967931383874173, 34.21798308737429, 40.45945846903655, 34.611554374667584, 24.208525649803686, 16.371270608646018, 8.470396180861139, 10.423180002566252, 20.667240851674368, 25.278934959181502, 30.434615370295887], [43.43801861468602, 39.73849422857118, 34.95449414345855, 27.197889923730074, 22.040986555091763, 11.940197322898513, 0.0, 11.1111529905373, 21.499510897925873, 28.514498627628964, 35.58087988528536, 43.08259037719167, 40.17211413273488, 32.06980777353307, 24.665558400193294, 16.55352068714405, 3.4374657338716856, 19.131314251685932, 26.869840502945642, 33.28683703850701], [45.803885084679465, 44.222703605634635, 40.953870946844496, 33.900032802115454, 30.42500036705285, 21.209801450095533, 11.1111529905373, 0.0, 15.451837577890439, 23.989950419494658, 32.31197632502064, 41.44109209478392, 42.239360068023046, 36.10268651298266, 29.255424597675383, 22.400368399219687, 11.123786532887342, 15.503692230483713, 24.427598499882013, 31.510582542629958], [38.173999861428996, 37.79590150748915, 35.79131573902292, 30.059722826800172, 29.924839934702973, 24.68685945633847, 21.499510897925873, 15.451837577890439, 0.0, 9.570204809100533, 19.006998629280137, 30.538662055055212, 34.3675386183109, 29.289819119940972, 23.599817472955618, 20.4293756558905, 19.01971228375448, 4.552195507894413, 10.90715472246035, 18.617013410705038], [31.475809883875613, 32.663424459260284, 32.517385660648024, 29.164067813809712, 31.40586073017019, 28.967931383874173, 28.514498627628964, 23.989950419494658, 9.570204809100533, 0.0, 9.578255861149563, 21.853382527676445, 27.753823266752704, 24.990777395850817, 21.85005415322053, 22.32819742566918, 25.48054265778603, 10.77253961134852, 5.529388918749158, 10.06125603146665], [24.820863235153972, 28.185023636149637, 30.48295685237557, 30.15284115464323, 34.32854916119504, 34.21798308737429, 35.58087988528536, 32.31197632502064, 19.006998629280137, 9.578255861149563, 0.0, 12.900667097442987, 21.45633071755985, 22.42313979838012, 22.825037126942735, 26.450558417359627, 32.32303366576618, 19.547182795867872, 10.97892747026093, 5.273235057416093], [16.073391768519983, 23.533958380779662, 29.536850096108864, 33.20914767485306, 38.662563999566615, 40.45945846903655, 43.08259037719167, 41.44109209478392, 30.538662055055212, 21.853382527676445, 12.900667097442987, 0.0, 14.047446303515322, 22.04486923531492, 26.808248075454504, 32.61148656537188, 39.827409578351265, 30.584197094439364, 22.312665704928808, 14.33541447254979], [3.814707514977519, 10.150525560458185, 17.8012267367257, 24.287125344215685, 30.33417318943778, 34.611554374667584, 40.17211413273488, 42.239360068023046, 34.3675386183109, 27.753823266752704, 21.45633071755985, 14.047446303515322, 0.0, 12.337418611581596, 20.12055298909446, 27.368602110364858, 37.01232918936378, 32.63289570521502, 25.62544638031802, 19.195388024613514], [14.958165034251158, 9.041914287800067, 8.253319028381613, 12.054886780133772, 18.543601365105594, 24.208525649803686, 32.06980777353307, 36.10268651298266, 29.289819119940972, 24.990777395850817, 22.42313979838012, 22.04486923531492, 12.337418611581596, 0.0, 8.745650627860346, 16.905766141983747, 28.91451367245277, 26.186710384396154, 20.854431904819325, 17.923580810102536], [23.20810190204869, 17.43314985330755, 12.508047401026516, 7.677111464875966, 12.082277989192853, 16.371270608646018, 24.665558400193294, 29.255424597675383, 23.599817472955618, 21.85005415322053, 22.825037126942735, 26.808248075454504, 20.12055298909446, 8.745650627860346, 0.0, 8.544404199969122, 21.51466722434656, 19.758810388090293, 17.021952741460126, 18.010752067105184], [30.590182461661875, 25.218646284275987, 19.55982526852492, 11.508442101622615, 9.717573912366914, 8.470396180861139, 16.55352068714405, 22.400368399219687, 20.4293756558905, 22.32819742566918, 26.450558417359627, 32.61148656537188, 27.368602110364858, 16.905766141983747, 8.544404199969122, 0.0, 13.577077536474562, 16.178684529880208, 18.04309250429377, 22.316715112032593], [40.341199496949514, 36.761163554065604, 32.17196001785118, 24.571916062698612, 20.04961485499934, 10.423180002566252, 3.4374657338716856, 11.123786532887342, 19.01971228375448, 25.48054265778603, 32.32303366576618, 39.827409578351265, 37.01232918936378, 28.91451367245277, 21.51466722434656, 13.577077536474562, 0.0, 16.35328245915801, 23.629796897036886, 29.90920046823355], [36.43526910271284, 34.96633210130308, 32.15530673544115, 25.8434257073649, 25.526922088824364, 20.667240851674368, 19.131314251685932, 15.503692230483713, 4.552195507894413, 10.77253961134852, 19.547182795867872, 30.584197094439364, 32.63289570521502, 26.186710384396154, 19.758810388090293, 16.178684529880208, 16.35328245915801, 0.0, 9.681626151972354, 17.910098399258587], [29.39103329100775, 29.05119332764933, 27.91209912540883, 24.07290595360265, 26.62128763908204, 25.278934959181502, 26.869840502945642, 24.427598499882013, 10.90715472246035, 5.529388918749158, 10.97892747026093, 22.312665704928808, 25.62544638031802, 20.854431904819325, 17.021952741460126, 18.04309250429377, 23.629796897036886, 9.681626151972354, 0.0, 8.545576642772449], [22.75365961711956, 24.401864833351464, 25.76634995574371, 25.141529712361255, 29.63496917778579, 30.434615370295887, 33.28683703850701, 31.510582542629958, 18.617013410705038, 10.06125603146665, 5.273235057416093, 14.33541447254979, 19.195388024613514, 17.923580810102536, 18.010752067105184, 22.316715112032593, 29.90920046823355, 17.910098399258587, 8.545576642772449, 0.0]]