[[0.0, 12.224345501734643, 24.182307808425275, 29.483096772341774, 35.61063193168604, 40.52389331360448, 48.587434190955896, 40.593458363821, 33.739817061045635, 27.427606143379446, 19.05349512914801, 10.097452391293263, 4.855282084121372, 17.484423070215673, 27.835250019547136, 35.81065211379045, 43.448835931172475, 35.473719859510354, 27.257963981124508, 16.833241596369337], [12.224345501734643, 0.0, 12.11536444256969, 18.211194934284407, 24.85073055110399, 31.811468811867677, 42.231089144817595, 34.47153847875661, 27.1431966319195, 20.81979497093942, 13.199412248074196, 10.214518668951275, 8.23170513829705, 6.822967179932351, 17.432967320988677, 26.826967276360556, 36.84780897001519, 26.872714525790858, 17.2898013383892, 6.99432472820665], [24.182307808425275, 12.11536444256969, 0.0, 7.457916433246623, 14.278985448698554, 23.629292298982634, 36.164910600944914, 29.33786951609542, 22.56615388019114, 17.90786851433984, 15.11898832319084, 19.210177734535723, 19.75156087943558, 7.890942626858716, 8.951981587926383, 18.804883552959055, 30.901538923543693, 19.413185895984537, 9.813693716274363, 9.171074527138082], [29.483096772341774, 18.211194934284407, 7.457916433246623, 0.0, 7.447957263991586, 16.97629772358467, 29.964611069911985, 23.43671571560322, 17.229776442214213, 14.466821678529326, 15.918586876353345, 22.842696106611978, 24.732986822888986, 12.15695475246223, 3.86104673260464, 12.104635147603993, 24.837612470980336, 12.91269826722552, 5.310469220699894, 12.910711601442774], [35.61063193168604, 24.85073055110399, 14.278985448698554, 7.447957263991586, 0.0, 10.98756218098396, 24.570031733187257, 19.82447904263096, 16.64046703557977, 17.125189125061286, 21.55888263483333, 29.02574632686907, 30.878597015003216, 18.871744240897637, 8.978399671903341, 7.904213218618598, 19.965242834166308, 9.259907124915568, 9.85168004647177, 19.45365925230619], [40.52389331360448, 31.811468811867677, 23.629292298982634, 16.97629772358467, 10.98756218098396, 0.0, 13.603942204792032, 10.717800857377089, 13.542487722448115, 18.315018159646257, 25.75874230575788, 33.55225993536537, 35.933829576382, 25.74503802894981, 16.2412188247799, 5.724745826263554, 9.352346749226635, 6.010382270630135, 16.133044854351176, 25.825462965189626], [48.587434190955896, 42.231089144817595, 36.164910600944914, 29.964611069911985, 24.570031733187257, 13.603942204792032, 0.0, 9.540356192448742, 19.506187301439407, 26.288649011384784, 34.62506848251603, 41.79501449243814, 44.442605616200005, 36.56557724611274, 28.398481337170992, 17.975410579640897, 5.452249812408633, 17.308229940779412, 27.85696137511105, 36.285294830953994], [40.593458363821, 34.47153847875661, 29.33786951609542, 23.43671571560322, 19.82447904263096, 10.717800857377089, 9.540356192448742, 0.0, 10.194238661882453, 17.015703155939956, 25.559413981065724, 33.040643727391945, 36.34213185922206, 28.605749090456715, 21.037779132253625, 12.002126114656733, 5.216379451400083, 10.797703609337033, 20.20269082698634, 28.163386642333304], [33.739817061045635, 27.1431966319195, 22.56615388019114, 17.229776442214213, 16.64046703557977, 13.542487722448115, 19.506187301439407, 10.194238661882453, 0.0, 7.303658023922395, 16.490423461136132, 24.9828954567711, 29.24885835081089, 20.875359348375635, 13.959763000501153, 10.00247050566079, 14.62136823204894, 8.760523725024026, 12.83021615629764, 20.332300378117004], [27.427606143379446, 20.81979497093942, 17.90786851433984, 14.466821678529326, 17.125189125061286, 18.315018159646257, 26.288649011384784, 17.015703155939956, 7.303658023922395, 0.0, 9.288653476661135, 18.194909794139456, 22.86997629148063, 14.69791991763039, 10.649084686818542, 13.209265937584806, 21.104785715740732, 12.408774019646298, 9.265556389362658, 13.996992074238989], [19.05349512914801, 13.199412248074196, 15.11898832319084, 15.918586876353345, 21.55888263483333, 25.75874230575788, 34.62506848251603, 25.559413981065724, 16.490423461136132, 9.288653476661135, 0.0, 9.421192074382573, 14.548591956190437, 8.698770515387853, 12.77328028577186, 20.305609764049617, 29.28823268081915, 19.844187265701756, 11.722380449159038, 7.567527202241429], [10.097452391293263, 10.214518668951275, 19.210177734535723, 22.842696106611978, 29.02574632686907, 33.55225993536537, 41.79501449243814, 33.040643727391945, 24.9828954567711, 18.194909794139456, 9.421192074382573, 0.0, 6.4378394243058015, 11.400625406034008, 20.425666321367366, 28.395826462323477, 36.52930321135127, 27.946771354212366, 19.606460138717214, 10.272545222418298], [4.855282084121372, 8.23170513829705, 19.75156087943558, 24.732986822888986, 30.878597015003216, 35.933829576382, 44.442605616200005, 36.34213185922206, 29.24885835081089, 22.86997629148063, 14.548591956190437, 6.4378394243058015, 0.0, 12.742843456096214, 22.996171212953627, 31.10223588172481, 39.210170785687204, 30.79478053252481, 22.408725055069088, 12.024852147637786], [17.484423070215673, 6.822967179932351, 7.890942626858716, 12.15695475246223, 18.871744240897637, 25.74503802894981, 36.56557724611274, 28.605749090456715, 20.875359348375635, 14.69791991763039, 8.698770515387853, 11.400625406034008, 12.742843456096214, 0.0, 10.807717020255712, 20.48560125849134, 31.12537834954258, 20.540128058075513, 10.57329636137846, 1.3745397507416837], [27.835250019547136, 17.432967320988677, 8.951981587926383, 3.86104673260464, 8.978399671903341, 16.2412188247799, 28.398481337170992, 21.037779132253625, 13.959763000501153, 10.649084686818542, 12.77328028577186, 20.425666321367366, 22.996171212953627, 10.807717020255712, 0.0, 10.773470955340763, 23.091768790806025, 11.187950036902023, 1.4599051390340392, 11.185534895429544], [35.81065211379045, 26.826967276360556, 18.804883552959055, 12.104635147603993, 7.904213218618598, 5.724745826263554, 17.975410579640897, 12.002126114656733, 10.00247050566079, 13.209265937584806, 20.305609764049617, 28.395826462323477, 31.10223588172481, 20.48560125849134, 10.773470955340763, 0.0, 12.936303687781146, 1.4518260032231896, 10.549209448208384, 20.54430184049064], [43.448835931172475, 36.84780897001519, 30.901538923543693, 24.837612470980336, 19.965242834166308, 9.352346749226635, 5.452249812408633, 5.216379451400083, 14.62136823204894, 21.104785715740732, 29.28823268081915, 36.52930321135127, 39.210170785687204, 31.12537834954258, 23.091768790806025, 12.936303687781146, 0.0, 12.136028135787551, 22.498879878284363, 30.843156192170653], [35.473719859510354, 26.872714525790858, 19.413185895984537, 12.91269826722552, 9.259907124915568, 6.010382270630135, 17.308229940779412, 10.797703609337033, 8.760523725024026, 12.408774019646298, 19.844187265701756, 27.946771354212366, 30.79478053252481, 20.540128058075513, 11.187950036902023, 1.4518260032231896, 12.136028135787551, 0.0, 10.777269666713643, 20.501739026709902], [27.257963981124508, 17.2898013383892, 9.813693716274363, 5.310469220699894, 9.85168004647177, 16.133044854351176, 27.85696137511105, 20.20269082698634, 12.83021615629764, 9.265556389362658, 11.722380449159038, 19.606460138717214, 22.408725055069088, 10.57329636137846, 1.4599051390340392, 10.549209448208384, 22.498879878284363, 10.777269666713643, 0.0, 10.77496013549962], [16.833241596369337, 6.99432472820665, 9.171074527138082, 12.910711601442774, 19.45365925230619, 25.825462965189626, 36.285294830953994, 28.163386642333304, 20.332300378117004, 13.996992074238989, 7.567527202241429, 10.272545222418298, 12.024852147637786, 1.3745397507416837, 11.185534895429544, 20.54430184049064, 30.843156192170653, 20.501739026709902, 10.77496013549962, 0.0]]