[[0.0, 13.887160013049646, 21.087757886712613, 27.00117220214248, 34.17340426213884, 39.50473632059444, 44.43744699650812, 41.24457265484653, 34.440862352853244, 26.517608102614773, 18.780449090121618, 11.360011559974307, 4.610644833233306, 17.069903263559606, 25.820190885923694, 30.617078172623295, 40.379725040802604, 30.62031096422374, 22.917367308712073, 12.802089405166678], [13.887160013049646, 0.0, 7.993513863322748, 16.15071178747652, 24.784433512752432, 32.70572856028743, 40.61416701291309, 39.305502709830456, 31.97458346978977, 26.769246282013135, 19.7082876953315, 17.772048101190734, 11.325618241072585, 7.094162936934982, 16.964784326900652, 24.16723181825111, 36.211263385604454, 26.62122096633056, 18.549637710016714, 12.213590054520251], [21.087757886712613, 7.993513863322748, 0.0, 9.066695568453042, 18.0087550680549, 27.06857047815699, 36.31069600838482, 35.98400864106325, 28.800889799529426, 25.937149414357947, 20.77844726754061, 22.14151540117058, 17.586745140588604, 5.716166952226723, 11.345673167126009, 19.25085031594615, 31.882879512310847, 23.011443295187085, 15.997751604128409, 14.546350933378477], [27.00117220214248, 16.15071178747652, 9.066695568453042, 0.0, 9.398670499291109, 19.03557202719524, 29.005627282038237, 29.073118019871316, 22.126804622812937, 22.162052534721436, 20.14670371186795, 24.80647067609308, 22.73488500322104, 10.093264195435438, 4.296278048818189, 11.691314791366194, 24.579775049061958, 16.491884036364944, 11.858047533895494, 16.49765688590695], [34.17340426213884, 24.784433512752432, 18.0087550680549, 9.398670499291109, 0.0, 10.39144827410313, 21.315067585813935, 23.131247865616825, 18.62261876950073, 23.312020035696086, 24.84512519710965, 30.967525198860354, 29.641492024373097, 18.407641730191244, 9.126053505626953, 7.69010900463582, 17.301167251180647, 12.958989818915892, 13.995899937159738, 22.353235160108927], [39.50473632059444, 32.70572856028743, 27.06857047815699, 19.03557202719524, 10.39144827410313, 0.0, 11.24525542101757, 15.21901631738274, 15.570923745981483, 24.296949655454302, 28.866622985187888, 35.4687396714263, 34.934760664011726, 26.184465594401523, 17.183091921374192, 9.936592927703337, 7.969787146053206, 11.254020402761801, 17.767612684813933, 27.263006065903536], [44.43744699650812, 40.61416701291309, 36.31069600838482, 29.005627282038237, 21.315067585813935, 11.24525542101757, 0.0, 8.639874584718177, 16.432915638179523, 26.62626261500461, 33.28360656849009, 39.67059285096177, 40.11369595060129, 34.24288450769956, 26.255589813938705, 17.97287363298838, 4.60989449845634, 15.47458876152494, 23.823692919441438, 32.69571852278463], [41.24457265484653, 39.305502709830456, 35.98400864106325, 29.073118019871316, 23.131247865616825, 15.21901631738274, 8.639874584718177, 0.0, 10.40991480815833, 20.22593595187434, 28.07414970916366, 34.802927629664545, 37.09432707191574, 32.80480551427936, 25.457155280254014, 17.39648070637628, 8.0680680806863, 13.018731709887916, 21.127800149544843, 29.576203934901606], [34.440862352853244, 31.97458346978977, 28.800889799529426, 22.126804622812937, 18.62261876950073, 15.570923745981483, 16.432915638179523, 10.40991480815833, 0.0, 11.012617176620504, 18.882968077687945, 26.68457724928866, 30.215208134229375, 25.239840613043405, 18.114416956282003, 11.756925793895022, 12.964057884642182, 7.68902019844591, 13.514437957441256, 22.224937491497183], [26.517608102614773, 26.769246282013135, 25.937149414357947, 22.162052534721436, 23.312020035696086, 24.296949655454302, 26.62626261500461, 20.22593595187434, 11.012617176620504, 0.0, 9.064588981447367, 16.926415484437424, 22.866550649342848, 21.0929255431905, 18.05048237446251, 16.395170954573818, 22.841738967455825, 13.530340310834688, 11.830528304393674, 15.879930715351312], [18.780449090121618, 19.7082876953315, 20.77844726754061, 20.14670371186795, 24.84512519710965, 28.866622985187888, 33.28360656849009, 28.07414970916366, 18.882968077687945, 9.064588981447367, 0.0, 8.839767809845123, 15.463869978033665, 15.49332445946644, 16.88260600632144, 19.320456607354338, 29.064507999741622, 18.354129997772297, 11.944671719013998, 9.914772915939675], [11.360011559974307, 17.772048101190734, 22.14151540117058, 24.80647067609308, 30.967525198860354, 35.4687396714263, 39.67059285096177, 34.802927629664545, 26.68457724928866, 16.926415484437424, 8.839767809845123, 0.0, 9.694574471341017, 16.77784061052498, 22.33792428280177, 25.952319448523017, 35.547753437392146, 25.069796343265914, 17.814988627935605, 9.916374479739508], [4.610644833233306, 11.325618241072585, 17.586745140588604, 22.73488500322104, 29.641492024373097, 34.934760664011726, 40.11369595060129, 37.09432707191574, 30.215208134229375, 22.866550649342848, 15.463869978033665, 9.694574471341017, 0.0, 13.044372770448183, 21.341466548314198, 26.01076819979427, 35.980026766845214, 26.13539039156779, 18.36360559049824, 8.29026034648997], [17.069903263559606, 7.094162936934982, 5.716166952226723, 10.093264195435438, 18.407641730191244, 26.184465594401523, 34.24288450769956, 32.80480551427936, 25.239840613043405, 21.0929255431905, 15.49332445946644, 16.77784061052498, 13.044372770448183, 0.0, 10.04111908482287, 17.264959941543594, 29.739522959263315, 19.921913556647265, 11.921736439550832, 8.890808277942227], [25.820190885923694, 16.964784326900652, 11.345673167126009, 4.296278048818189, 9.126053505626953, 17.183091921374192, 26.255589813938705, 25.457155280254014, 18.114416956282003, 18.05048237446251, 16.88260600632144, 22.33792428280177, 21.341466548314198, 10.04111908482287, 0.0, 8.393963726642793, 21.70094071222443, 12.645289838753552, 7.748141441412771, 14.102136954874815], [30.617078172623295, 24.16723181825111, 19.25085031594615, 11.691314791366194, 7.69010900463582, 9.936592927703337, 17.97287363298838, 17.39648070637628, 11.756925793895022, 16.395170954573818, 19.320456607354338, 25.952319448523017, 26.01076819979427, 17.264959941543594, 8.393963726642793, 0.0, 13.396127432553143, 5.4666096114204965, 8.179436002829352, 18.007495278342876], [40.379725040802604, 36.211263385604454, 31.882879512310847, 24.579775049061958, 17.301167251180647, 7.969787146053206, 4.60989449845634, 8.0680680806863, 12.964057884642182, 22.841738967455825, 29.064507999741622, 35.547753437392146, 35.980026766845214, 29.739522959263315, 21.70094071222443, 13.396127432553143, 0.0, 10.98282820688387, 19.303455326515873, 28.39467067897654], [30.62031096422374, 26.62122096633056, 23.011443295187085, 16.491884036364944, 12.958989818915892, 11.254020402761801, 15.47458876152494, 13.018731709887916, 7.68902019844591, 13.530340310834688, 18.354129997772297, 25.069796343265914, 26.13539039156779, 19.921913556647265, 12.645289838753552, 5.4666096114204965, 10.98282820688387, 0.0, 8.569269074333118, 18.10771861367671], [22.917367308712073, 18.549637710016714, 15.997751604128409, 11.858047533895494, 13.995899937159738, 17.767612684813933, 23.823692919441438, 21.127800149544843, 13.514437957441256, 11.830528304393674, 11.944671719013998, 17.814988627935605, 18.36360559049824, 11.921736439550832, 7.748141441412771, 8.179436002829352, 19.303455326515873, 8.569269074333118, 0.0, 10.131545939441919], [12.802089405166678, 12.213590054520251, 14.546350933378477, 16.49765688590695, 22.353235160108927, 27.263006065903536, 32.69571852278463, 29.576203934901606, 22.224937491497183, 15.879930715351312, 9.914772915939675, 9.916374479739508, 8.29026034648997, 8.890808277942227, 14.102136954874815, 18.007495278342876, 28.39467067897654, 18.10771861367671, 10.131545939441919, 0.0]]