[[0.0, 13.780762164377704, 23.65989462834706, 27.78865054507293, 32.93767376356844, 38.56206573977035, 44.08360807151739, 39.688671986254576, 33.57461960136481, 27.719691658302203, 18.53010781389754, 7.758491412077791, 5.35356652586012, 13.42991881889455, 24.616156787580366, 31.981902339373917, 38.8574857497203, 31.983269306339587, 21.412763879692807, 11.783681630258808], [13.780762164377704, 0.0, 13.432134610395847, 19.504579750496085, 25.16123661279002, 33.63183226084678, 43.45966024529884, 41.004148249584276, 37.19496472391162, 33.874817509911416, 26.594052867451605, 20.234940924498513, 14.2739358931809, 7.429762397055109, 19.62061088819497, 28.377670487119037, 38.26940776380011, 32.74144285013604, 25.057521492413436, 18.83897275245046], [23.65989462834706, 13.432134610395847, 0.0, 6.621456093922092, 12.488259318117438, 22.692726067517757, 35.288296895199764, 33.94950735134619, 31.88363238616739, 31.498994783084036, 27.89540318439447, 27.302059250356134, 21.229091399157575, 10.27953322783287, 9.967633618301244, 18.443942303027544, 30.35052132943555, 26.086004188969348, 22.39037629833151, 21.67053457669434], [27.78865054507293, 19.504579750496085, 6.621456093922092, 0.0, 6.296352391541392, 16.721884940532096, 30.02959129147067, 29.105756786145438, 28.117235547623878, 29.38963127490335, 28.120395654644284, 30.05026888920445, 24.355948133308097, 14.752855858810051, 6.386510358719002, 12.879744174540152, 25.302756084988967, 21.80138708307502, 20.74462457369179, 22.973894011082603], [32.93767376356844, 25.16123661279002, 12.488259318117438, 6.296352391541392, 0.0, 11.328612975403965, 25.926691765690318, 26.383953122527377, 27.81159034930805, 30.89273599820262, 31.697112912135168, 34.71257302253248, 29.034544545019077, 20.412953210270654, 9.498003524204131, 10.028071581792679, 21.827423569910426, 20.23835979379765, 22.62378154538773, 26.85991792166748], [38.56206573977035, 33.63183226084678, 22.692726067517757, 16.721884940532096, 11.328612975403965, 0.0, 15.35283377329687, 17.97945259047953, 24.01061137845194, 29.750825802811242, 34.09356624515178, 38.86351591037384, 33.79268478976392, 28.13931937106653, 16.027931431291222, 7.53196898368315, 12.468120717855042, 14.832449352293308, 22.900872383300886, 30.076377183776454], [44.08360807151739, 43.45966024529884, 35.288296895199764, 30.02959129147067, 25.926691765690318, 15.35283377329687, 0.0, 8.235070757352366, 20.54034201314328, 28.102563681856537, 36.02265170268833, 42.29746343647824, 38.80122569500619, 37.384469408736095, 26.724255958885475, 17.40598191948108, 5.475543367421082, 13.270939475530021, 24.81805706481098, 33.6983489904945], [39.688671986254576, 41.004148249584276, 33.94950735134619, 29.105756786145438, 26.383953122527377, 17.97945259047953, 8.235070757352366, 0.0, 12.60283416358189, 20.325039739341666, 29.164443325811344, 36.741894425676556, 34.3369707703459, 34.323056911282315, 24.424739370307105, 16.50693695133492, 6.432262819131768, 8.33601140062806, 19.020660946184858, 28.46461486942197], [33.57461960136481, 37.19496472391162, 31.88363238616739, 28.117235547623878, 27.81159034930805, 24.01061137845194, 20.54034201314328, 12.60283416358189, 0.0, 8.7353109699088, 18.82785183828843, 29.007350016306646, 28.5250379006185, 29.94441218265828, 22.20377299505804, 18.735974923189158, 16.852513489067608, 10.840313029088678, 12.712825913353049, 21.82058785658693], [27.719691658302203, 33.874817509911416, 31.498994783084036, 29.38963127490335, 30.89273599820262, 29.750825802811242, 28.102563681856537, 20.325039739341666, 8.7353109699088, 0.0, 10.960615081500764, 21.974003423923783, 23.203721295334013, 26.971648185394727, 23.096920958958354, 23.15234223550918, 23.83778434526625, 16.40397803635962, 10.579420699303997, 16.519581224106442], [18.53010781389754, 26.594052867451605, 27.89540318439447, 28.120395654644284, 31.697112912135168, 34.09356624515178, 36.02265170268833, 29.164443325811344, 18.82785183828843, 10.960615081500764, 0.0, 12.263433110504824, 15.143357615768736, 20.68861472790309, 22.382388272713165, 26.66103296355736, 31.033238937550344, 22.98130847515439, 12.006937538533707, 9.926322650512224], [7.758491412077791, 20.234940924498513, 27.302059250356134, 30.05026888920445, 34.71257302253248, 38.86351591037384, 42.29746343647824, 36.741894425676556, 29.007350016306646, 21.974003423923783, 12.263433110504824, 0.0, 7.193607398285434, 17.377994502181448, 25.533116109757025, 31.764338610790215, 37.15935538164246, 29.669273542946833, 18.233900442523428, 8.909508366399013], [5.35356652586012, 14.2739358931809, 21.229091399157575, 24.355948133308097, 29.034544545019077, 33.79268478976392, 38.80122569500619, 34.3369707703459, 28.5250379006185, 23.203721295334013, 15.143357615768736, 7.193607398285434, 0.0, 11.32196094096663, 20.42545340305436, 27.10229621312041, 33.568422872511746, 26.643304162066197, 16.17797572219624, 6.780288701996175], [13.42991881889455, 7.429762397055109, 10.27953322783287, 14.752855858810051, 20.412953210270654, 28.13931937106653, 37.384469408736095, 34.323056911282315, 29.94441218265828, 26.971648185394727, 20.68861472790309, 17.377994502181448, 11.32196094096663, 0.0, 13.140225965490128, 22.08920935003145, 32.03636046234238, 25.993141681339445, 18.15222374097259, 13.388424852764302], [24.616156787580366, 19.62061088819497, 9.967633618301244, 6.386510358719002, 9.498003524204131, 16.027931431291222, 26.724255958885475, 24.424739370307105, 22.20377299505804, 23.096920958958354, 22.382388272713165, 25.533116109757025, 20.42545340305436, 13.140225965490128, 0.0, 9.759214128466489, 21.536900862266393, 16.579752132710638, 14.407549502741887, 17.715736505084955], [31.981902339373917, 28.377670487119037, 18.443942303027544, 12.879744174540152, 10.028071581792679, 7.53196898368315, 17.40598191948108, 16.50693695133492, 18.735974923189158, 23.15234223550918, 26.66103296355736, 31.764338610790215, 27.10229621312041, 22.08920935003145, 9.759214128466489, 0.0, 12.605073398839181, 10.338190648368757, 15.817319568371952, 22.983974676926792], [38.8574857497203, 38.26940776380011, 30.35052132943555, 25.302756084988967, 21.827423569910426, 12.468120717855042, 5.475543367421082, 6.432262819131768, 16.852513489067608, 23.83778434526625, 31.033238937550344, 37.15935538164246, 33.568422872511746, 32.03636046234238, 21.536900862266393, 12.605073398839181, 0.0, 8.079600947591905, 19.59994962757407, 28.456769894651973], [31.983269306339587, 32.74144285013604, 26.086004188969348, 21.80138708307502, 20.23835979379765, 14.832449352293308, 13.270939475530021, 8.33601140062806, 10.840313029088678, 16.40397803635962, 22.98130847515439, 29.669273542946833, 26.643304162066197, 25.993141681339445, 16.579752132710638, 10.338190648368757, 8.079600947591905, 0.0, 11.695543070196141, 21.008922199503214], [21.412763879692807, 25.057521492413436, 22.39037629833151, 20.74462457369179, 22.62378154538773, 22.900872383300886, 24.81805706481098, 19.020660946184858, 12.712825913353049, 10.579420699303997, 12.006937538533707, 18.233900442523428, 16.17797572219624, 18.15222374097259, 14.407549502741887, 15.817319568371952, 19.59994962757407, 11.695543070196141, 0.0, 9.814436381456758], [11.783681630258808, 18.83897275245046, 21.67053457669434, 22.973894011082603, 26.85991792166748, 30.076377183776454, 33.6983489904945, 28.46461486942197, 21.82058785658693, 16.519581224106442, 9.926322650512224, 8.909508366399013, 6.780288701996175, 13.388424852764302, 17.715736505084955, 22.983974676926792, 28.456769894651973, 21.008922199503214, 9.814436381456758, 0.0]]