[[0.0, 11.85637292119795, 18.2538717120226, 25.472727155940447, 33.047177953365335, 39.7788483424389, 45.934021763328886, 41.32816272923649, 35.11336663985825, 26.45205265605762, 17.555974959938087, 11.049497515591286, 5.054133617981524, 17.318287054196354, 24.128538784028965, 31.442252405131633, 41.733822529257125, 31.46058861030785, 24.064438996823014, 17.27820429675784], [11.85637292119795, 0.0, 6.976998536729886, 15.17803836286857, 23.926633253628143, 32.6380436107571, 39.91230801395229, 36.07297666673456, 30.16501708759559, 23.229860359435502, 16.521711578130304, 12.341803626930137, 8.347593062614582, 8.98031662599159, 15.876252151646055, 23.62879092596068, 35.4380089346693, 23.925569926935744, 16.276626813153275, 9.601621667904281], [18.2538717120226, 6.976998536729886, 0.0, 8.419992743535175, 17.62920889802997, 27.209124825168573, 34.89904529292713, 31.367791357235767, 25.78300045017121, 20.516549641181037, 16.50536492303026, 15.145887190293104, 13.912378211642897, 5.752867366193131, 10.462929032629862, 17.913588550784482, 30.35617153187717, 18.34632078213381, 11.183522475626853, 6.799176877222265], [25.472727155940447, 15.17803836286857, 8.419992743535175, 0.0, 9.56742996894704, 19.864355021319923, 27.830077199036907, 24.720585910210904, 19.975993029269652, 17.928945803900486, 18.233505151029267, 19.974146638084786, 20.7615582984757, 9.042746531218318, 5.867268148192471, 10.595581688430322, 23.302037505895164, 11.242635867181235, 6.995098326637447, 9.663436402486072], [33.047177953365335, 23.926633253628143, 17.62920889802997, 9.56742996894704, 0.0, 10.861059828306905, 18.9616373858232, 17.299142168106023, 15.4059861345475, 18.85641837662478, 23.229655704155082, 26.87647777516566, 28.414883706716573, 17.112970928524042, 10.676806978745372, 5.623606243836597, 14.652920327436064, 6.678630491387583, 11.250473778621236, 17.4178569353909], [39.7788483424389, 32.6380436107571, 27.209124825168573, 19.864355021319923, 10.861059828306905, 0.0, 8.114775456490342, 9.125980932575635, 13.105986416263907, 21.497354908212895, 28.432922513917017, 33.303883810671564, 35.453534382408776, 25.578664114397235, 18.96354012124002, 10.982203869071729, 4.047484991671372, 11.217501727823445, 19.028398246567527, 25.634745744771898], [45.934021763328886, 39.91230801395229, 34.89904529292713, 27.830077199036907, 18.9616373858232, 8.114775456490342, 0.0, 8.28593626654079, 16.28832120159944, 26.139946670903154, 33.9806153536202, 39.343723974363805, 41.84161956208066, 32.81006777721426, 26.317622550160376, 18.334259191238626, 4.6113543365489695, 18.291843523995166, 26.20410169400043, 32.7516248765017], [41.32816272923649, 36.07297666673456, 31.367791357235767, 24.720585910210904, 17.299142168106023, 9.125980932575635, 8.28593626654079, 0.0, 8.541100382243146, 18.822787987154, 27.466491987126513, 33.49094323900702, 37.061118256253664, 28.161511583171542, 21.686257192407776, 14.283382318517209, 6.420263006926201, 13.782544805614526, 21.266450121926507, 27.86944793623966], [35.11336663985825, 30.16501708759559, 25.78300045017121, 19.975993029269652, 15.4059861345475, 13.105986416263907, 16.28832120159944, 8.541100382243146, 0.0, 10.617110782017253, 19.752161966159072, 26.177832517716087, 30.62272316043106, 21.681578327961713, 15.571154633218372, 10.29495148046857, 12.829028317942832, 9.328455258241739, 14.85313361520423, 21.183877444452584], [26.45205265605762, 23.229860359435502, 20.516549641181037, 17.928945803900486, 18.85641837662478, 21.497354908212895, 26.139946670903154, 18.822787987154, 10.617110782017253, 0.0, 9.586187175594999, 16.443969701007266, 22.024668864564248, 15.099507493981122, 12.078507741604549, 13.529395284937939, 22.207187045384117, 12.649355834073171, 10.960438818958156, 14.231297088034244], [17.555974959938087, 16.521711578130304, 16.50536492303026, 18.233505151029267, 23.229655704155082, 28.432922513917017, 33.9806153536202, 27.466491987126513, 19.752161966159072, 9.586187175594999, 0.0, 6.98210448508392, 13.33963407777282, 10.921240761104116, 13.31748423780937, 19.20533239411271, 29.77737811153323, 18.710063467014347, 12.479743329282092, 9.900272293282743], [11.049497515591286, 12.341803626930137, 15.145887190293104, 19.974146638084786, 26.87647777516566, 33.303883810671564, 39.343723974363805, 33.49094323900702, 26.177832517716087, 16.443969701007266, 6.98210448508392, 0.0, 7.122625840207029, 11.03633719166667, 16.634470327155476, 23.90902854096138, 35.03265001620096, 23.65261639249125, 16.17620476972463, 10.348263164535435], [5.054133617981524, 8.347593062614582, 13.912378211642897, 20.7615582984757, 28.414883706716573, 35.453534382408776, 41.84161956208066, 37.061118256253664, 30.62272316043106, 22.024668864564248, 13.33963407777282, 7.122625840207029, 0.0, 12.34279660078955, 19.17179134386761, 26.66898785432895, 37.525725365180435, 26.674520956919675, 19.093439321778646, 12.251714559326219], [17.318287054196354, 8.98031662599159, 5.752867366193131, 9.042746531218318, 17.112970928524042, 25.578664114397235, 32.81006777721426, 28.161511583171542, 21.681578327961713, 15.099507493981122, 10.921240761104116, 11.03633719166667, 12.34279660078955, 0.0, 7.3555905393066165, 15.57428524299568, 28.232567358751137, 15.691969562280862, 7.542922931839158, 1.0731733680501045], [24.128538784028965, 15.876252151646055, 10.462929032629862, 5.867268148192471, 10.676806978745372, 18.96354012124002, 26.317622550160376, 21.686257192407776, 15.571154633218372, 12.078507741604549, 13.31748423780937, 16.634470327155476, 19.17179134386761, 7.3555905393066165, 0.0, 8.39419942168936, 21.71068652641065, 8.505302871271194, 1.1311053330198828, 7.313703567283884], [31.442252405131633, 23.62879092596068, 17.913588550784482, 10.595581688430322, 5.623606243836597, 10.982203869071729, 18.334259191238626, 14.283382318517209, 10.29495148046857, 13.529395284937939, 19.20533239411271, 23.90902854096138, 26.66898785432895, 15.57428524299568, 8.39419942168936, 0.0, 13.773805520517456, 1.0747302345956404, 8.3994939351755, 15.533115532318975], [41.733822529257125, 35.4380089346693, 30.35617153187717, 23.302037505895164, 14.652920327436064, 4.047484991671372, 4.6113543365489695, 6.420263006926201, 12.829028317942832, 22.207187045384117, 29.77737811153323, 35.03265001620096, 37.525725365180435, 28.232567358751137, 21.71068652641065, 13.773805520517456, 0.0, 13.753239193784314, 21.61132093668874, 28.18148048391965], [31.46058861030785, 23.925569926935744, 18.34632078213381, 11.242635867181235, 6.678630491387583, 11.217501727823445, 18.291843523995166, 13.782544805614526, 9.328455258241739, 12.649355834073171, 18.710063467014347, 23.65261639249125, 26.674520956919675, 15.691969562280862, 8.505302871271194, 1.0747302345956404, 13.753239193784314, 0.0, 8.368232227220753, 15.577243104383557], [24.064438996823014, 16.276626813153275, 11.183522475626853, 6.995098326637447, 11.250473778621236, 19.028398246567527, 26.20410169400043, 21.266450121926507, 14.85313361520423, 10.960438818958156, 12.479743329282092, 16.17620476972463, 19.093439321778646, 7.542922931839158, 1.1311053330198828, 8.3994939351755, 21.61132093668874, 8.368232227220753, 0.0, 7.340585695154646], [17.27820429675784, 9.601621667904281, 6.799176877222265, 9.663436402486072, 17.4178569353909, 25.634745744771898, 32.7516248765017, 27.86944793623966, 21.183877444452584, 14.231297088034244, 9.900272293282743, 10.348263164535435, 12.251714559326219, 1.0731733680501045, 7.313703567283884, 15.533115532318975, 28.18148048391965, 15.577243104383557, 7.340585695154646, 0.0]]