[[0.0, 13.532679223567886, 20.747737597245006, 27.861439011224473, 34.16333289964357, 40.14200095847612, 45.43835022066872, 42.44955174140499, 36.45992746760752, 27.28024539133924, 19.710369688140172, 12.532335315709354, 5.41650110013918, 15.90972190517917, 25.28516099560495, 31.187986105382965, 41.29284710585225, 31.290316595764075, 23.315651164144523, 14.55002095454958], [13.532679223567886, 0.0, 7.839240050248875, 17.038231444344536, 24.740731523838353, 32.687769989495116, 40.93989455193642, 39.61202534141506, 33.43953077252152, 26.60297919715312, 20.69675279022603, 18.703030718462976, 12.093156481927492, 7.5895414953721625, 17.040952212750142, 24.150319680377297, 36.60666950129833, 26.70172116608592, 19.33687536136254, 13.59492220363713], [20.747737597245006, 7.839240050248875, 0.0, 10.046767561352508, 18.19846307562265, 27.05711302108047, 36.68984257770128, 36.207055292213056, 30.21255167417979, 25.529196667444477, 21.71402892894299, 22.795675327355184, 17.999034144402888, 7.450149207042634, 12.144612247790958, 19.196129216480312, 32.39677570781761, 23.12779237768242, 17.21497406724901, 15.251068590633052], [27.861439011224473, 17.038231444344536, 10.046767561352508, 0.0, 8.485947029280469, 18.103904382558063, 28.598161361493823, 28.56868578248937, 22.94556356350502, 21.63725984825494, 21.389748008360133, 25.923642659438062, 23.70778055524359, 11.958286599926057, 5.912025356959244, 10.923691454517929, 24.39756582939368, 16.204817581052808, 13.391201256904514, 16.9744672587339], [34.16333289964357, 24.740731523838353, 18.19846307562265, 8.485947029280469, 0.0, 10.010045973311561, 21.232663888003977, 22.425662947668734, 18.575682418973066, 21.784213213742728, 24.670352621695258, 30.66239249850039, 29.39688302927601, 18.700076164697432, 9.367625842107223, 6.5580274164268335, 17.397493338450634, 12.230162878774596, 14.408981698998753, 21.277037155297187], [40.14200095847612, 32.687769989495116, 27.05711302108047, 18.103904382558063, 10.010045973311561, 0.0, 11.877432123045242, 15.640414849226508, 16.136112126975625, 24.081059431204515, 29.361378125706647, 35.74814566226016, 34.97841035437424, 26.149858983782035, 17.03675430743133, 9.939082633899616, 8.980571118170882, 11.36412441623353, 18.293448048872854, 26.420813563716276], [45.43835022066872, 40.93989455193642, 36.68984257770128, 28.598161361493823, 21.232663888003977, 11.877432123045242, 0.0, 8.54490293121426, 15.707655631403085, 26.32956745815873, 33.318587131019136, 39.65838557115911, 40.089281213869576, 33.959783049698615, 25.795421964289307, 18.287756687074392, 4.5102734915995955, 15.351858510387858, 23.650462116758334, 31.656419076400745], [42.44955174140499, 39.61202534141506, 36.207055292213056, 28.56868578248937, 22.425662947668734, 15.640414849226508, 8.54490293121426, 0.0, 9.172821255321237, 20.05295765521289, 27.926337114435402, 34.75510261967614, 37.06316269758778, 32.18818992122206, 24.463063327540016, 17.664522215671337, 7.672066571845947, 13.102255071553373, 20.616496100822204, 28.474372563273437], [36.45992746760752, 33.43953077252152, 30.21255167417979, 22.94556356350502, 18.575682418973066, 16.136112126975625, 15.707655631403085, 9.172821255321237, 0.0, 11.726054357155352, 19.922271348466293, 27.658986043815162, 31.135897152462928, 25.854249226988628, 18.247827581272514, 13.074910158025448, 12.421951205895352, 9.026685008663637, 14.293141799435983, 22.20418573885487], [27.28024539133924, 26.60297919715312, 25.529196667444477, 21.63725984825494, 21.784213213742728, 24.081059431204515, 26.32956745815873, 20.05295765521289, 11.726054357155352, 0.0, 8.651467640354497, 16.78069203887295, 22.397278297017145, 19.61826845321121, 16.04325078367199, 16.121347132162906, 22.426308929390164, 13.505568972791739, 10.559546761662176, 14.524826198364307], [19.710369688140172, 20.69675279022603, 21.71402892894299, 21.389748008360133, 24.670352621695258, 29.361378125706647, 33.318587131019136, 27.926337114435402, 19.922271348466293, 8.651467640354497, 0.0, 8.72706201065095, 15.44943029992906, 15.127225534567836, 16.327933418243134, 19.9327642125195, 29.119283116771815, 18.81054573687297, 11.90935447632495, 9.854251772510944], [12.532335315709354, 18.703030718462976, 22.795675327355184, 25.923642659438062, 30.66239249850039, 35.74814566226016, 39.65838557115911, 34.75510261967614, 27.658986043815162, 16.78069203887295, 8.72706201065095, 0.0, 9.71739084987493, 15.940060268935058, 21.537081670649386, 26.274440721986245, 35.50694881012531, 25.218290642769205, 17.45754184448022, 10.574876646286894], [5.41650110013918, 12.093156481927492, 17.999034144402888, 23.70778055524359, 29.39688302927601, 34.97841035437424, 40.089281213869576, 37.06316269758778, 31.135897152462928, 22.397278297017145, 15.44943029992906, 9.71739084987493, 0.0, 11.914456282043801, 20.51805026963086, 26.021395587380592, 35.9252744401854, 25.900632587363344, 17.982886859648676, 9.228318063462106], [15.90972190517917, 7.5895414953721625, 7.450149207042634, 11.958286599926057, 18.700076164697432, 26.149858983782035, 33.959783049698615, 32.18818992122206, 25.854249226988628, 19.61826845321121, 15.127225534567836, 15.940060268935058, 11.914456282043801, 0.0, 10.073130000440878, 17.04817056405018, 29.5426261743944, 19.307337898775714, 11.827201696459646, 7.837313466079687], [25.28516099560495, 17.040952212750142, 12.144612247790958, 5.912025356959244, 9.367625842107223, 17.03675430743133, 25.795421964289307, 24.463063327540016, 18.247827581272514, 16.04325078367199, 16.327933418243134, 21.537081670649386, 20.51805026963086, 10.073130000440878, 0.0, 7.662553977789456, 21.347787780199734, 11.625505744850974, 7.540594439925407, 12.440823869626401], [31.187986105382965, 24.150319680377297, 19.196129216480312, 10.923691454517929, 6.5580274164268335, 9.939082633899616, 18.287756687074392, 17.664522215671337, 13.074910158025448, 16.121347132162906, 19.9327642125195, 26.274440721986245, 26.021395587380592, 17.04817056405018, 7.662553977789456, 0.0, 13.893203423998873, 5.873222317399031, 9.025067271508009, 17.177473377881427], [41.29284710585225, 36.60666950129833, 32.39677570781761, 24.39756582939368, 17.397493338450634, 8.980571118170882, 4.5102734915995955, 7.672066571845947, 12.421951205895352, 22.426308929390164, 29.119283116771815, 35.50694881012531, 35.9252744401854, 29.5426261743944, 21.347787780199734, 13.893203423998873, 0.0, 10.878448242451038, 19.209992157486504, 27.346725077107187], [31.290316595764075, 26.70172116608592, 23.12779237768242, 16.204817581052808, 12.230162878774596, 11.36412441623353, 15.351858510387858, 13.102255071553373, 9.026685008663637, 13.505568972791739, 18.81054573687297, 25.218290642769205, 25.900632587363344, 19.307337898775714, 11.625505744850974, 5.873222317399031, 10.878448242451038, 0.0, 8.415898440772262, 16.92634288907019], [23.315651164144523, 19.33687536136254, 17.21497406724901, 13.391201256904514, 14.408981698998753, 18.293448048872854, 23.650462116758334, 20.616496100822204, 14.293141799435983, 10.559546761662176, 11.90935447632495, 17.45754184448022, 17.982886859648676, 11.827201696459646, 7.540594439925407, 9.025067271508009, 19.209992157486504, 8.415898440772262, 0.0, 8.793859600444277], [14.55002095454958, 13.59492220363713, 15.251068590633052, 16.9744672587339, 21.277037155297187, 26.420813563716276, 31.656419076400745, 28.474372563273437, 22.20418573885487, 14.524826198364307, 9.854251772510944, 10.574876646286894, 9.228318063462106, 7.837313466079687, 12.440823869626401, 17.177473377881427, 27.346725077107187, 16.92634288907019, 8.793859600444277, 0.0]]