[[0.0, 13.783425432707071, 22.26594663000289, 28.230466188964165, 34.6783342875929, 39.881051239377, 45.567117474325066, 41.30381834388517, 35.452942651119976, 27.200988906310666, 19.700836995084167, 12.101889226188819, 4.462521307730528, 18.315155269596673, 26.03068109794031, 31.871654164874546, 40.444536885126674, 31.80999634684721, 23.142167989885063, 14.089094897786833], [13.783425432707071, 0.0, 9.371565236235673, 17.43753224351671, 25.07863881672203, 32.74665056403311, 41.98694359837893, 39.1170598203019, 32.843243620443616, 26.34860849029277, 20.036934525036934, 17.444837756495787, 11.565569648450925, 8.19134103699431, 17.090591620267187, 25.20466001478943, 36.560274879399365, 27.484472434664724, 18.475485587049263, 12.358262896035308], [22.26594663000289, 9.371565236235673, 0.0, 9.050669932820224, 16.999946061136487, 25.983784615576255, 37.140716254644666, 35.1758185414284, 29.03388305575641, 24.767829360703395, 20.912856037803206, 22.180789931543238, 19.009128592853443, 5.7440063442651335, 10.556369619651539, 19.272616280604307, 31.76468510326777, 23.058803602661744, 15.519375339521304, 14.514344111611587], [28.230466188964165, 17.43753224351671, 9.050669932820224, 0.0, 8.34136944977322, 17.87589101911994, 29.93784766565583, 28.31963206153409, 22.425457505274913, 20.832723465933135, 20.25978584375397, 24.78845600154761, 24.236873414492432, 10.062171688524801, 4.399530529722228, 11.678873491570751, 24.661531501352002, 16.500421535727927, 11.9087751294508, 16.388550975487547], [34.6783342875929, 25.07863881672203, 16.999946061136487, 8.34136944977322, 0.0, 10.251032135022747, 23.40271024811892, 23.268628051229317, 19.24993204109264, 21.838501388453494, 24.360451024807073, 30.282364649201487, 30.38898411048405, 17.47354843609008, 9.286093806659181, 7.81482441033694, 18.700947491009465, 13.233148447246565, 14.253400681826637, 21.615865109703428], [39.881051239377, 32.74665056403311, 25.983784615576255, 17.87589101911994, 10.251032135022747, 0.0, 13.581771077243909, 15.510985015587138, 15.512463983177588, 22.77684017602911, 28.070328973760688, 34.631910796567155, 35.42550717176917, 25.126759485693118, 17.009418998067776, 8.949678987360103, 9.863723756663406, 10.723412450167016, 17.881836547720063, 26.353766169489266], [45.567117474325066, 41.98694359837893, 37.140716254644666, 29.93784766565583, 23.40271024811892, 13.581771077243909, 0.0, 8.274672573173511, 16.059609752485553, 26.059095909546997, 33.19336283654035, 39.548763728655466, 41.28253103911161, 34.830032999924505, 27.771092787633084, 18.730101808886573, 5.658147409148071, 15.774317766764117, 25.128889608572322, 32.86055452309632], [41.30381834388517, 39.1170598203019, 35.1758185414284, 28.31963206153409, 23.268628051229317, 15.510985015587138, 8.274672573173511, 0.0, 9.184029523044936, 19.175829507609336, 26.99455639697352, 33.75653678287013, 37.131244945163736, 31.898696308975538, 25.239637268269643, 16.682951024221637, 6.668106998873733, 12.142059808930933, 21.064910699740455, 28.578105129809114], [35.452942651119976, 32.843243620443616, 29.03388305575641, 22.425457505274913, 19.24993204109264, 15.512463983177588, 16.059609752485553, 9.184029523044936, 0.0, 10.716431480675551, 18.904574827168396, 26.606557364408964, 31.291836856256698, 25.387732278364698, 18.856950458079087, 11.99808360997626, 11.639472189706112, 7.701350770948496, 14.399487209373154, 22.17093157290061], [27.200988906310666, 26.34860849029277, 24.767829360703395, 20.832723465933135, 21.838501388453494, 22.77684017602911, 26.059095909546997, 19.175829507609336, 10.716431480675551, 0.0, 8.660171947526274, 16.792976390272123, 23.459918155685898, 19.991976897996125, 16.604149175838042, 15.273254105905558, 21.066562638750536, 12.69343365949643, 10.691139341987133, 15.120489341295908], [19.700836995084167, 20.036934525036934, 20.912856037803206, 20.25978584375397, 24.360451024807073, 28.070328973760688, 33.19336283654035, 26.99455639697352, 18.904574827168396, 8.660171947526274, 0.0, 8.72015106621485, 16.408670356812575, 15.580736516102622, 16.338234010307417, 19.37674067618385, 27.865061700406276, 18.357420726299647, 11.245213974683805, 9.831818807417578], [12.101889226188819, 17.444837756495787, 22.180789931543238, 24.78845600154761, 30.282364649201487, 34.631910796567155, 39.548763728655466, 33.75653678287013, 26.606557364408964, 16.792976390272123, 8.72015106621485, 0.0, 10.084151515836114, 16.792435381537533, 21.41480663276402, 25.95516200906898, 34.2996742642052, 25.069357134297157, 16.8476392502634, 9.938666566162988], [4.462521307730528, 11.565569648450925, 19.009128592853443, 24.236873414492432, 30.38898411048405, 35.42550717176917, 41.28253103911161, 37.131244945163736, 31.291836856256698, 23.459918155685898, 16.408670356812575, 10.084151515836114, 0.0, 14.560428383362146, 21.82875661914334, 27.42660936441459, 36.101897286603, 27.404888125031487, 18.752029577289917, 9.737718195670174], [18.315155269596673, 8.19134103699431, 5.7440063442651335, 10.062171688524801, 17.47354843609008, 25.126759485693118, 34.830032999924505, 31.898696308975538, 25.387732278364698, 19.991976897996125, 15.580736516102622, 16.792435381537533, 14.560428383362146, 0.0, 8.957696677415237, 17.270835818021027, 29.29027656992981, 19.94456068219067, 11.177163378758936, 8.824193847499716], [26.03068109794031, 17.090591620267187, 10.556369619651539, 4.399530529722228, 9.286093806659181, 17.009418998067776, 27.771092787633084, 25.239637268269643, 18.856950458079087, 16.604149175838042, 16.338234010307417, 21.41480663276402, 21.82875661914334, 8.957696677415237, 0.0, 9.18733011549482, 22.255343966540064, 13.172040430718777, 7.566943207034531, 13.071161903477593], [31.871654164874546, 25.20466001478943, 19.272616280604307, 11.678873491570751, 7.81482441033694, 8.949678987360103, 18.730101808886573, 16.682951024221637, 11.99808360997626, 15.273254105905558, 19.37674067618385, 25.95516200906898, 27.42660936441459, 17.270835818021027, 9.18733011549482, 0.0, 13.270766401089013, 5.496061551056901, 9.181671917039182, 17.969807524657853], [40.444536885126674, 36.560274879399365, 31.76468510326777, 24.661531501352002, 18.700947491009465, 9.863723756663406, 5.658147409148071, 6.668106998873733, 11.639472189706112, 21.066562638750536, 27.865061700406276, 34.2996742642052, 36.101897286603, 29.29027656992981, 22.255343966540064, 13.270766401089013, 0.0, 10.136448168468334, 19.500970935032775, 27.422082875999536], [31.80999634684721, 27.484472434664724, 23.058803602661744, 16.500421535727927, 13.233148447246565, 10.723412450167016, 15.774317766764117, 12.142059808930933, 7.701350770948496, 12.69343365949643, 18.357420726299647, 25.069357134297157, 27.404888125031487, 19.94456068219067, 13.172040430718777, 5.496061551056901, 10.136448168468334, 0.0, 9.586649314590371, 18.094855013563553], [23.142167989885063, 18.475485587049263, 15.519375339521304, 11.9087751294508, 14.253400681826637, 17.881836547720063, 25.128889608572322, 21.064910699740455, 14.399487209373154, 10.691139341987133, 11.245213974683805, 16.8476392502634, 18.752029577289917, 11.177163378758936, 7.566943207034531, 9.181671917039182, 19.500970935032775, 9.586649314590371, 0.0, 9.064532671302695], [14.089094897786833, 12.358262896035308, 14.514344111611587, 16.388550975487547, 21.615865109703428, 26.353766169489266, 32.86055452309632, 28.578105129809114, 22.17093157290061, 15.120489341295908, 9.831818807417578, 9.938666566162988, 9.737718195670174, 8.824193847499716, 13.071161903477593, 17.969807524657853, 27.422082875999536, 18.094855013563553, 9.064532671302695, 0.0]]