[[0.0, 9.32002869478351, 18.85525038491855, 25.457841971061825, 30.81180464684764, 37.5187911115676, 43.252134156259785, 39.47398043908182, 33.02183923630175, 25.1772586040022, 17.35054043783887, 7.123959581914395, 7.671920031233708, 14.75329783368661, 23.079325696957397, 31.41049512158656, 38.09927815864755, 31.41049512158656, 22.999612507917128, 14.65106347446809], [9.32002869478351, 0.0, 10.660150805475265, 17.97474559047735, 23.631321659718274, 31.46726740721628, 39.08828318096089, 35.824527418007094, 30.29937671055657, 23.852704120984246, 17.450588495459794, 12.855988792007166, 6.56601505444824, 9.89298404031493, 17.755182109993967, 26.26380374876878, 33.73165849787872, 26.26380374876878, 18.121233487034864, 10.526680914204103], [18.85525038491855, 10.660150805475265, 0.0, 7.527890934684298, 13.575297602603673, 22.435564191783076, 31.41879795137619, 28.342758429635055, 23.64614186327633, 19.611682890257637, 16.73204518069662, 19.200391763188403, 12.267319264789924, 7.291517718185774, 9.74142856057288, 17.605821711056432, 25.75316612017212, 17.605821711056432, 10.631963164113815, 8.388556299439497], [25.457841971061825, 17.97474559047735, 7.527890934684298, 0.0, 6.446054623513596, 15.795054024509097, 25.42679726377738, 22.582708079960845, 19.14734643366462, 18.07066084769746, 18.68548485771185, 24.494418138566285, 18.317485669028756, 11.666940721235237, 6.939081342911676, 11.455062764019583, 19.692110049481467, 11.455062764019583, 8.098715475637167, 12.345516211658142], [30.81180464684764, 23.631321659718274, 13.575297602603673, 6.446054623513596, 0.0, 9.712156609847373, 20.23261373304615, 18.422108547260702, 17.932769161942336, 20.06926325745728, 22.92821465971439, 29.59867992450136, 23.838798604414837, 17.23211232719239, 10.496037163289285, 8.429192743984496, 15.072954857809595, 8.429192743984496, 11.344854733656305, 17.735731780442016], [37.5187911115676, 31.46726740721628, 22.435564191783076, 15.795054024509097, 9.712156609847373, 0.0, 11.347185377140265, 11.851508609906585, 17.064585086362637, 23.080039899339408, 28.28417224750892, 35.67568405187077, 30.92696006162062, 24.701745843284236, 17.233367402283452, 9.014474197488001, 8.201007266906544, 9.014474197488001, 17.563591628345893, 24.931027982172917], [43.252134156259785, 39.08828318096089, 31.41879795137619, 25.42679726377738, 20.23261373304615, 11.347185377140265, 0.0, 6.321827247223382, 16.923455116953217, 25.316466181856207, 32.26359005484904, 40.268972001859495, 37.16930901012698, 31.620603922332286, 24.2935505318356, 15.07782499191461, 6.461778882208981, 15.07782499191461, 24.10860049542378, 31.49515442079078], [39.47398043908182, 35.824527418007094, 28.342758429635055, 22.582708079960845, 18.422108547260702, 11.851508609906585, 6.321827247223382, 0.0, 10.69771294028205, 19.4495777747719, 26.931613452873968, 35.77847833399727, 33.13164754518367, 27.50587000414915, 20.054306801366682, 11.270073516063725, 3.684033551110792, 11.270073516063725, 19.655871864216554, 27.229157723990745], [33.02183923630175, 30.29937671055657, 23.64614186327633, 19.14734643366462, 17.932769161942336, 17.064585086362637, 16.923455116953217, 10.69771294028205, 0.0, 9.499777494730969, 17.849089586648113, 28.196512469694724, 26.344623378777026, 20.828050744567676, 14.004162014575105, 9.753197223661234, 11.465710029582299, 9.753197223661234, 13.16241766405451, 20.271122197185313], [25.1772586040022, 23.852704120984246, 19.611682890257637, 18.07066084769746, 20.06926325745728, 23.080039899339408, 25.316466181856207, 19.4495777747719, 9.499777494730969, 0.0, 8.643949779074669, 19.60894275674191, 18.76672357221542, 14.442241305556038, 11.19001533847783, 14.262950980468736, 19.509118836256366, 14.262950980468736, 10.026679624173347, 13.555638609267287], [17.35054043783887, 17.450588495459794, 16.73204518069662, 18.68548485771185, 22.92821465971439, 28.28417224750892, 32.26359005484904, 26.931613452873968, 17.849089586648113, 8.643949779074669, 0.0, 11.476431818384405, 11.466704078865249, 9.72202764563308, 12.501599538279653, 19.799335841436577, 26.393238821340397, 19.799335841436577, 11.658994810746506, 8.602036721527345], [7.123959581914395, 12.855988792007166, 19.200391763188403, 24.494418138566285, 29.59867992450136, 35.67568405187077, 40.268972001859495, 35.77847833399727, 28.196512469694724, 19.60894275674191, 11.476431818384405, 0.0, 7.1801009629978765, 12.921126472058697, 20.340703566547397, 28.459167328041016, 34.91643554615061, 28.459167328041016, 19.92991051685391, 12.288190503480365], [7.671920031233708, 6.56601505444824, 12.267319264789924, 18.317485669028756, 23.838798604414837, 30.92696006162062, 37.16930901012698, 33.13164754518367, 26.344623378777026, 18.76672357221542, 11.466704078865249, 7.1801009629978765, 0.0, 7.1331496474891765, 15.572301236090988, 24.336623510668318, 31.604591679458174, 24.336623510668318, 15.519742949861602, 7.019392413044165], [14.75329783368661, 9.89298404031493, 7.291517718185774, 11.666940721235237, 17.23211232719239, 24.701745843284236, 31.620603922332286, 27.50587000414915, 20.828050744567676, 14.442241305556038, 9.72202764563308, 12.921126472058697, 7.1331496474891765, 0.0, 8.616067814083523, 17.821497069639495, 25.713421364212856, 17.821497069639495, 8.718734220397133, 1.1398089649643042], [23.079325696957397, 17.755182109993967, 9.74142856057288, 6.939081342911676, 10.496037163289285, 17.233367402283452, 24.2935505318356, 20.054306801366682, 14.004162014575105, 11.19001533847783, 12.501599538279653, 20.340703566547397, 15.572301236090988, 8.616067814083523, 0.0, 9.610964654118805, 18.057295301241655, 9.610964654118805, 1.1722071631132485, 8.653808186128174], [31.41049512158656, 26.26380374876878, 17.605821711056432, 11.455062764019583, 8.429192743984496, 9.014474197488001, 15.07782499191461, 11.270073516063725, 9.753197223661234, 14.262950980468736, 19.799335841436577, 28.459167328041016, 24.336623510668318, 17.821497069639495, 9.610964654118805, 0.0, 8.768535352241729, 0.0, 9.580155257148029, 17.794828531317687], [38.09927815864755, 33.73165849787872, 25.75316612017212, 19.692110049481467, 15.072954857809595, 8.201007266906544, 6.461778882208981, 3.684033551110792, 11.465710029582299, 19.509118836256366, 26.393238821340397, 34.91643554615061, 31.604591679458174, 25.713421364212856, 18.057295301241655, 8.768535352241729, 0.0, 8.768535352241729, 17.846773611948965, 25.57442104054508], [31.41049512158656, 26.26380374876878, 17.605821711056432, 11.455062764019583, 8.429192743984496, 9.014474197488001, 15.07782499191461, 11.270073516063725, 9.753197223661234, 14.262950980468736, 19.799335841436577, 28.459167328041016, 24.336623510668318, 17.821497069639495, 9.610964654118805, 0.0, 8.768535352241729, 0.0, 9.580155257148029, 17.794828531317687], [22.999612507917128, 18.121233487034864, 10.631963164113815, 8.098715475637167, 11.344854733656305, 17.563591628345893, 24.10860049542378, 19.655871864216554, 13.16241766405451, 10.026679624173347, 11.658994810746506, 19.92991051685391, 15.519742949861602, 8.718734220397133, 1.1722071631132485, 9.580155257148029, 17.846773611948965, 9.580155257148029, 0.0, 8.602413884288117], [14.65106347446809, 10.526680914204103, 8.388556299439497, 12.345516211658142, 17.735731780442016, 24.931027982172917, 31.49515442079078, 27.229157723990745, 20.271122197185313, 13.555638609267287, 8.602036721527345, 12.288190503480365, 7.019392413044165, 1.1398089649643042, 8.653808186128174, 17.794828531317687, 25.57442104054508, 17.794828531317687, 8.602413884288117, 0.0]]