[[0.0, 10.212221345166045, 18.70791042923792, 25.913977253377162, 33.03893128527468, 38.77969080352931, 45.99170672750841, 41.31113552271201, 35.096330393887236, 26.359779269372986, 18.493819214826257, 10.357662102333473, 6.101843702658485, 16.905734781415475, 23.93645762756914, 31.245637214837547, 41.74897539133664, 31.26954474506749, 23.911498242355577, 16.974167523731143], [10.212221345166045, 0.0, 8.596273794279586, 16.37768530371035, 24.117714582882083, 31.229141676238445, 39.6990217059837, 35.28159902124657, 28.98880338826069, 21.61276784401066, 14.677473582816155, 8.890627871473319, 5.380936922002154, 8.500214212414063, 15.338708402026748, 23.197115911853654, 35.21339999200478, 23.397439444670756, 15.59593937283968, 9.028285067205292], [18.70791042923792, 8.596273794279586, 0.0, 8.355417565849116, 16.544797917671676, 24.864424635766674, 34.26532195404133, 30.260369021739784, 24.309839133573874, 19.349820393320723, 15.198527942197025, 14.053765076644547, 13.202029034086307, 6.009564726749005, 9.070388793545614, 16.69762469535239, 29.70361947902033, 17.105286954461093, 9.774926503557191, 7.016720683145786], [25.913977253377162, 16.37768530371035, 8.355417565849116, 0.0, 8.462209880688908, 17.30541820610415, 27.123247787325965, 23.468481478243817, 18.31317685088866, 16.91875391873441, 16.82385553884448, 19.47631019458804, 20.06706090760144, 9.985218972158895, 4.936163108938562, 9.29405079052498, 22.597668322546024, 9.916751223384251, 5.999113555631779, 10.533185747445549], [33.03893128527468, 24.117714582882083, 16.544797917671676, 8.462209880688908, 0.0, 9.675983774930277, 19.886343453644916, 17.69699706757799, 15.385415768748828, 19.063148890644424, 22.26941141561296, 26.494820829775414, 27.32386086310009, 17.491795903634966, 10.702876874659118, 5.904157441713843, 15.674259499086679, 6.944051028767283, 11.283297997977005, 17.856300403249744], [38.77969080352931, 31.229141676238445, 24.864424635766674, 17.30541820610415, 9.675983774930277, 0.0, 10.234780033967803, 9.855843342960059, 12.660145050503692, 20.710534055437343, 26.513633664776634, 32.02154686736996, 33.35525645375339, 24.35561807978326, 17.635119125212533, 9.527582177236415, 6.288290482143856, 9.833021233281965, 17.75354273402427, 24.48469742113733], [45.99170672750841, 39.6990217059837, 34.26532195404133, 27.123247787325965, 19.886343453644916, 10.234780033967803, 0.0, 7.601328469473347, 16.052328044059493, 25.794314461802617, 32.97584977586941, 39.18998082013923, 40.946490786947315, 32.84046662073219, 26.556876030304483, 18.49478917012197, 4.62601293949714, 18.387483278638918, 26.427242472270272, 32.80010123830383], [41.31113552271201, 35.28159902124657, 30.260369021739784, 23.468481478243817, 17.69699706757799, 9.855843342960059, 7.601328469473347, 0.0, 8.81985548915519, 18.834301909588948, 26.61718317844059, 33.56095432015647, 36.09251880064112, 27.84087835112838, 21.76860007514615, 14.245598812259068, 5.359587635993008, 13.743888167347258, 21.382932977032876, 27.60673659830334], [35.096330393887236, 28.98880338826069, 24.309839133573874, 18.31317685088866, 15.385415768748828, 12.660145050503692, 16.052328044059493, 8.81985548915519, 0.0, 10.59843484558069, 18.712511846667727, 26.305468393273557, 29.603359141756634, 20.98554777287079, 15.358242931119632, 9.932747456498534, 12.34459785267532, 8.949387116091978, 14.677180245541757, 20.5506321367794], [26.359779269372986, 21.61276784401066, 19.349820393320723, 16.91875391873441, 19.063148890644424, 20.710534055437343, 25.794314461802617, 18.834301909588948, 10.59843484558069, 0.0, 8.618146827586717, 16.800639878861187, 21.093287850687215, 14.176034770885298, 12.136316099648564, 13.48303070219218, 21.750177895262997, 12.602266611224264, 11.062516780413308, 13.358738620819892], [18.493819214826257, 14.677473582816155, 15.198527942197025, 16.82385553884448, 22.26941141561296, 26.513633664776634, 32.97584977586941, 26.61718317844059, 18.712511846667727, 8.618146827586717, 0.0, 8.412575226800527, 13.352446050170805, 9.205279779437998, 12.206699919042084, 18.00392798357475, 28.663285983191045, 17.494346448463887, 11.36354078698295, 8.182076057497266], [10.357662102333473, 8.890627871473319, 14.053765076644547, 19.47631019458804, 26.494820829775414, 32.02154686736996, 39.18998082013923, 33.56095432015647, 26.305468393273557, 16.800639878861187, 8.412575226800527, 0.0, 5.691313979429535, 9.523926699113664, 16.185188707977737, 23.571949732980304, 34.80149401175177, 23.36567419515382, 15.822234142610489, 9.020507048627037], [6.101843702658485, 5.380936922002154, 13.202029034086307, 20.06706090760144, 27.32386086310009, 33.35525645375339, 40.946490786947315, 36.09251880064112, 29.603359141756634, 21.093287850687215, 13.352446050170805, 5.691313979429535, 0.0, 10.815278143406575, 17.903904958262594, 25.421510153712347, 36.57030687882613, 25.437535672185952, 17.867708104570237, 10.873371511914783], [16.905734781415475, 8.500214212414063, 6.009564726749005, 9.985218972158895, 17.491795903634966, 24.35561807978326, 32.84046662073219, 27.84087835112838, 20.98554777287079, 14.176034770885298, 9.205279779437998, 9.523926699113664, 10.815278143406575, 0.0, 7.356122646584136, 15.531884814987395, 28.25087192466948, 15.575704616051917, 7.376141982470578, 1.0600124902773584], [23.93645762756914, 15.338708402026748, 9.070388793545614, 4.936163108938562, 10.702876874659118, 17.635119125212533, 26.556876030304483, 21.76860007514615, 15.358242931119632, 12.136316099648564, 12.206699919042084, 16.185188707977737, 17.903904958262594, 7.356122646584136, 0.0, 8.438725641315754, 21.931350793039126, 8.557258724469712, 1.1010141763415198, 7.466319421376238], [31.245637214837547, 23.197115911853654, 16.69762469535239, 9.29405079052498, 5.904157441713843, 9.527582177236415, 18.49478917012197, 14.245598812259068, 9.932747456498534, 13.48303070219218, 18.00392798357475, 23.571949732980304, 25.421510153712347, 15.531884814987395, 8.438725641315754, 0.0, 13.917395772999416, 1.0750066600021608, 8.442721294063958, 15.565274707259748], [41.74897539133664, 35.21339999200478, 29.70361947902033, 22.597668322546024, 15.674259499086679, 6.288290482143856, 4.62601293949714, 5.359587635993008, 12.34459785267532, 21.750177895262997, 28.663285983191045, 34.80149401175177, 36.57030687882613, 28.25087192466948, 21.931350793039126, 13.917395772999416, 0.0, 13.811195079422381, 21.805620427183378, 28.21680964294557], [31.26954474506749, 23.397439444670756, 17.105286954461093, 9.916751223384251, 6.944051028767283, 9.833021233281965, 18.387483278638918, 13.743888167347258, 8.949387116091978, 12.602266611224264, 17.494346448463887, 23.36567419515382, 25.437535672185952, 15.575704616051917, 8.557258724469712, 1.0750066600021608, 13.811195079422381, 0.0, 8.422321165754488, 15.53597308258305], [23.911498242355577, 15.59593937283968, 9.774926503557191, 5.999113555631779, 11.283297997977005, 17.75354273402427, 26.427242472270272, 21.382932977032876, 14.677180245541757, 11.062516780413308, 11.36354078698295, 15.822234142610489, 17.867708104570237, 7.376141982470578, 1.1010141763415198, 8.442721294063958, 21.805620427183378, 8.422321165754488, 0.0, 7.330237342434214], [16.974167523731143, 9.028285067205292, 7.016720683145786, 10.533185747445549, 17.856300403249744, 24.48469742113733, 32.80010123830383, 27.60673659830334, 20.5506321367794, 13.358738620819892, 8.182076057497266, 9.020507048627037, 10.873371511914783, 1.0600124902773584, 7.466319421376238, 15.565274707259748, 28.21680964294557, 15.53597308258305, 7.330237342434214, 0.0]]