[[0.0, 10.250378034753155, 18.986414841217286, 26.687736123505285, 32.83457470812695, 37.785806624283, 43.43970194863466, 45.31945359829694, 38.16121686767263, 31.464742700707635, 25.32662558406086, 14.699918998280568, 3.858646240672891, 15.088069123426067, 24.469560002436374, 31.65228600123814, 40.32763068551225, 36.976876182282034, 30.056879975016653, 23.603856500568167], [10.250378034753155, 0.0, 9.206323193566586, 18.33748484374962, 24.8752867041652, 31.529317911284934, 39.701271794798735, 43.383430762090974, 37.698201115850814, 32.55714764958485, 28.213495466240364, 22.001839071915686, 9.771176795950678, 9.699713651786682, 18.467732640843543, 26.227065054476032, 36.573844910153824, 35.671374304063555, 29.984774242608342, 25.379223650706486], [18.986414841217286, 9.206323193566586, 0.0, 10.052801101888816, 16.75139516718407, 24.762882145135467, 34.86140012370567, 39.82081880595392, 35.60633918086388, 32.32282175630256, 30.08634180138439, 28.034329109338177, 17.393805277358346, 9.021390216571888, 12.998722148944259, 20.394696575870007, 31.798123930279363, 32.946761763972916, 28.980882216169416, 26.717369298835273], [26.687736123505285, 18.33748484374962, 10.052801101888816, 0.0, 7.648038209323292, 16.08407679154965, 27.178438480233716, 32.69097003121581, 29.919791211183725, 29.02827890244124, 29.47835927005919, 32.0435727252977, 24.070613107603762, 12.42127441348117, 7.145236279265578, 12.16235462209456, 24.14715890970418, 26.791108045712797, 25.28321192144775, 26.078748259956086], [32.83457470812695, 24.8752867041652, 16.75139516718407, 7.648038209323292, 0.0, 9.566072330042406, 21.975514785170922, 28.98868687116664, 29.7613102657552, 31.25874613335433, 33.496859897182894, 37.597274152643, 30.145064265347468, 18.881390908449116, 11.108902568847114, 9.694218690387476, 19.51395778638503, 26.535822706731633, 27.76264490994597, 30.482317981561206], [37.785806624283, 31.529317911284934, 24.762882145135467, 16.08407679154965, 9.566072330042406, 0.0, 12.779155778080998, 20.81498489705285, 25.767173161156986, 29.927448895083746, 34.16923898557676, 40.302792997553325, 34.768389292572095, 24.48003810809056, 15.69254508188997, 8.224493707883358, 10.941313632032035, 22.86839368735236, 27.208660937965284, 31.940251315973654], [43.43970194863466, 39.701271794798735, 34.86140012370567, 27.178438480233716, 21.975514785170922, 12.779155778080998, 0.0, 9.630983243876768, 21.499909198328485, 28.518224446741034, 34.671255714002136, 42.71194575633236, 40.18661663855236, 31.985759783768792, 24.019359802020528, 15.713230760298973, 3.6380890873802088, 19.931643047984426, 27.41960113193791, 33.75769974100258], [45.31945359829694, 43.383430762090974, 39.82081880595392, 32.69097003121581, 28.98868687116664, 20.81498489705285, 9.630983243876768, 0.0, 15.772097737721158, 24.220572238134775, 31.514672288270376, 41.4053934757432, 41.83077707125826, 34.94793300774308, 27.823974887737286, 20.571727237262827, 10.030406910402991, 15.653880319610249, 24.391791307760155, 31.56432535940885], [38.16121686767263, 37.698201115850814, 35.60633918086388, 29.919791211183725, 29.7613102657552, 25.767173161156986, 21.499909198328485, 15.772097737721158, 0.0, 9.569041055132955, 17.947596184346416, 30.67978443231667, 34.36896965630126, 28.4591875315948, 23.340712107261123, 20.26068518933252, 19.03886625950697, 3.48455670255572, 10.394907860577744, 18.380578150864462], [31.464742700707635, 32.55714764958485, 32.32282175630256, 29.02827890244124, 31.25874613335433, 29.927448895083746, 28.518224446741034, 24.220572238134775, 9.569041055132955, 0.0, 8.511852339850476, 22.09326831886184, 27.75643184515548, 23.974187981081265, 22.0232559421818, 22.625565325515616, 25.485220955437626, 10.2802882190782, 4.259701608265188, 9.518723446242154], [25.32662558406086, 28.213495466240364, 30.08634180138439, 29.47835927005919, 33.496859897182894, 34.16923898557676, 34.671255714002136, 31.514672288270376, 17.947596184346416, 8.511852339850476, 0.0, 14.205340597233215, 21.91229195872437, 21.172614079092476, 22.82088890045236, 26.24076342612505, 31.418292972627157, 18.227169668206685, 9.339686509849725, 3.8772727990264007], [14.699918998280568, 22.001839071915686, 28.034329109338177, 32.0435727252977, 37.597274152643, 40.302792997553325, 42.71194575633236, 41.4053934757432, 30.67978443231667, 22.09326831886184, 14.205340597233215, 0.0, 12.802731839092345, 20.068836543531493, 26.91729154699547, 32.76419811744439, 39.492092169204724, 30.605963772421124, 22.23975990664857, 14.361953205670327], [3.858646240672891, 9.771176795950678, 17.393805277358346, 24.070613107603762, 30.145064265347468, 34.768389292572095, 40.18661663855236, 41.83077707125826, 34.36896965630126, 27.75643184515548, 21.91229195872437, 12.802731839092345, 0.0, 12.01228488729051, 21.184911947950717, 28.30196283320736, 36.994100486768616, 33.1458770452083, 26.251806593476754, 20.03749970795061], [15.088069123426067, 9.699713651786682, 9.021390216571888, 12.42127441348117, 18.881390908449116, 24.48003810809056, 31.985759783768792, 34.94793300774308, 28.4591875315948, 23.974187981081265, 21.172614079092476, 20.068836543531493, 12.01228488729051, 0.0, 9.71263580433803, 17.85328209352429, 28.591723402737202, 26.22912639810139, 20.980565811960695, 17.955588913596923], [24.469560002436374, 18.467732640843543, 12.998722148944259, 7.145236279265578, 11.108902568847114, 15.69254508188997, 24.019359802020528, 27.823974887737286, 23.340712107261123, 22.0232559421818, 22.82088890045236, 26.91729154699547, 21.184911947950717, 9.71263580433803, 0.0, 8.677708517947927, 20.58220098257703, 20.409722552758183, 18.438819501531075, 19.643236286883727], [31.65228600123814, 26.227065054476032, 20.394696575870007, 12.16235462209456, 9.694218690387476, 8.224493707883358, 15.713230760298973, 20.571727237262827, 20.26068518933252, 22.625565325515616, 26.24076342612505, 32.76419811744439, 28.30196283320736, 17.85328209352429, 8.677708517947927, 0.0, 12.38213556899217, 17.16898837023895, 19.574916581739732, 23.823717221029426], [40.32763068551225, 36.573844910153824, 31.798123930279363, 24.14715890970418, 19.51395778638503, 10.941313632032035, 3.6380890873802088, 10.030406910402991, 19.03886625950697, 25.485220955437626, 31.418292972627157, 39.492092169204724, 36.994100486768616, 28.591723402737202, 20.58220098257703, 12.38213556899217, 0.0, 17.15802108863144, 24.135650722416244, 30.338853314384195], [36.976876182282034, 35.671374304063555, 32.946761763972916, 26.791108045712797, 26.535822706731633, 22.86839368735236, 19.931643047984426, 15.653880319610249, 3.48455670255572, 10.2802882190782, 18.227169668206685, 30.605963772421124, 33.1458770452083, 26.22912639810139, 20.409722552758183, 17.16898837023895, 17.15802108863144, 0.0, 9.630593111626354, 17.916970458156534], [30.056879975016653, 29.984774242608342, 28.980882216169416, 25.28321192144775, 27.76264490994597, 27.208660937965284, 27.41960113193791, 24.391791307760155, 10.394907860577744, 4.259701608265188, 9.339686509849725, 22.23975990664857, 26.251806593476754, 20.980565811960695, 18.438819501531075, 19.574916581739732, 24.135650722416244, 9.630593111626354, 0.0, 8.509197315842957], [23.603856500568167, 25.379223650706486, 26.717369298835273, 26.078748259956086, 30.482317981561206, 31.940251315973654, 33.75769974100258, 31.56432535940885, 18.380578150864462, 9.518723446242154, 3.8772727990264007, 14.361953205670327, 20.03749970795061, 17.955588913596923, 19.643236286883727, 23.823717221029426, 30.338853314384195, 17.916970458156534, 8.509197315842957, 0.0]]