[[0.0, 12.404288272274307, 21.621294108773185, 28.6381691279755, 34.649824245675504, 39.78427875586711, 47.18728351595147, 41.22717148978365, 34.90749954294297, 26.397624752329293, 18.284406364533382, 8.698982469043031, 4.519678751479908, 16.838368567285666, 25.44652390487553, 34.494502585979696, 43.020322636524625, 34.25678181420884, 24.931550612342285, 16.312389018312828], [12.404288272274307, 0.0, 9.295014815150648, 16.963330069049327, 23.577756061688735, 30.20591627647731, 39.713639406057005, 34.47184289513223, 28.169830388360346, 20.105494213019934, 13.856455517171655, 10.458111416878765, 8.76044330554778, 6.998222237719805, 15.155515145744205, 25.193509444086146, 35.17563941475543, 25.36645346872302, 15.24123380914501, 7.588939515025068], [21.621294108773185, 9.295014815150648, 0.0, 8.446553763303646, 15.554927203284816, 23.533688569652337, 34.6129512466522, 30.242346118886545, 24.442944774078878, 18.103702967382727, 15.652633716970215, 17.66958390769234, 17.64332084672126, 7.495012958394804, 9.326380971819992, 19.124392471294403, 29.939343401141812, 19.73937867088364, 10.347968804831744, 8.980249785375065], [28.6381691279755, 16.963330069049327, 8.446553763303646, 0.0, 7.439487225691905, 15.924484786152238, 27.706534429435113, 23.995663292194514, 19.093892489952836, 15.705982823194905, 17.525883533677096, 23.00492685169929, 24.29066324771652, 12.128144032069256, 5.779483052943846, 12.056852874978324, 23.038684094659594, 13.015282109829625, 7.367465463635106, 13.117122953750872], [34.649824245675504, 23.577756061688735, 15.554927203284816, 7.439487225691905, 0.0, 9.148178877751404, 21.522399900194774, 19.393449680575603, 16.987301859814885, 17.642186175084376, 22.09163527586894, 28.56991985613523, 30.218876053988787, 18.199789220434837, 10.149518391600763, 7.593817439529215, 17.126435122246424, 9.013510117910226, 11.092523914281411, 18.86456506525101], [39.78427875586711, 30.20591627647731, 23.533688569652337, 15.924484786152238, 9.148178877751404, 0.0, 12.468276508251215, 12.14002029333317, 14.003909422735466, 19.32878605834819, 25.806400698241166, 33.050049785977826, 35.35385821071087, 24.16050215754849, 16.12293077252015, 6.085594803212177, 8.380853468530576, 6.763251668755276, 16.221415421139614, 24.357597670278775], [47.18728351595147, 39.713639406057005, 34.6129512466522, 27.706534429435113, 21.522399900194774, 12.468276508251215, 0.0, 8.265167563782475, 16.788611150552207, 25.424212364356187, 32.736499157048684, 40.080571773027266, 42.99093910198744, 33.42028041368366, 26.342973484202616, 15.94379744860885, 4.7857506758329995, 15.406015315516404, 25.85271412082455, 33.17346092035513], [41.22717148978365, 34.47184289513223, 30.242346118886545, 23.995663292194514, 19.393449680575603, 12.14002029333317, 8.265167563782475, 0.0, 8.983027038584154, 17.999613717520884, 25.627259392053006, 33.538890633607664, 37.03871754542872, 27.814534821115995, 21.24765710224226, 12.134559110758579, 5.8400956041720775, 11.006330714030542, 20.417758786266116, 27.346505961683246], [34.90749954294297, 28.169830388360346, 24.442944774078878, 19.093892489952836, 16.987301859814885, 14.003909422735466, 16.788611150552207, 8.983027038584154, 0.0, 9.545678530771083, 17.78155919277275, 26.654772760150664, 30.657077529806312, 21.232752522574316, 15.173977534709149, 9.981587767396727, 12.9264516811381, 8.68380269065886, 14.111479439974714, 20.6642879634806], [26.397624752329293, 20.105494213019934, 18.103702967382727, 15.705982823194905, 17.642186175084376, 19.32878605834819, 25.424212364356187, 17.999613717520884, 9.545678530771083, 0.0, 8.478849074128222, 17.914225020187896, 22.181963049312724, 13.373487085986287, 10.296115476841448, 13.393541764114376, 21.08467131509529, 12.601829024533785, 8.89252051672849, 12.590572683491931], [18.284406364533382, 13.856455517171655, 15.652633716970215, 17.525883533677096, 22.09163527586894, 25.806400698241166, 32.736499157048684, 25.627259392053006, 17.78155919277275, 8.478849074128222, 0.0, 9.709475212477189, 14.26443049460391, 8.8107400203947, 12.226706390753758, 19.781692352468454, 28.355957671554894, 19.25717350079884, 11.048272047009611, 7.552910256804328], [8.698982469043031, 10.458111416878765, 17.66958390769234, 23.00492685169929, 28.56991985613523, 33.050049785977826, 40.080571773027266, 33.538890633607664, 26.654772760150664, 17.914225020187896, 9.709475212477189, 0.0, 5.268975134710834, 10.96205134469119, 18.746852207848384, 27.381144961102812, 35.83904582337093, 26.98736451309116, 17.926856703627298, 9.902620951626345], [4.519678751479908, 8.76044330554778, 17.64332084672126, 24.29066324771652, 30.218876053988787, 35.35385821071087, 42.99093910198744, 37.03871754542872, 30.657077529806312, 22.181963049312724, 14.26443049460391, 5.268975134710834, 0.0, 12.387237296927873, 20.944323117940122, 30.017424392452245, 38.7407774177164, 29.798380979633997, 20.413405002275297, 11.811971275956525], [16.838368567285666, 6.998222237719805, 7.495012958394804, 12.128144032069256, 18.199789220434837, 24.16050215754849, 33.42028041368366, 27.814534821115995, 21.232752522574316, 13.373487085986287, 8.8107400203947, 10.96205134469119, 12.387237296927873, 0.0, 8.731011350500584, 18.745222149323542, 28.80466859532968, 18.802901978392114, 8.509106082179079, 1.4972550599683987], [25.44652390487553, 15.155515145744205, 9.326380971819992, 5.779483052943846, 10.149518391600763, 16.12293077252015, 26.342973484202616, 21.24765710224226, 15.173977534709149, 10.296115476841448, 12.226706390753758, 18.746852207848384, 20.944323117940122, 8.731011350500584, 0.0, 10.701257545647335, 21.577554337295457, 11.04055575476606, 1.6173828616975574, 9.174701726375357], [34.494502585979696, 25.193509444086146, 19.124392471294403, 12.056852874978324, 7.593817439529215, 6.085594803212177, 15.94379744860885, 12.134559110758579, 9.981587767396727, 13.393541764114376, 19.781692352468454, 27.381144961102812, 30.017424392452245, 18.745222149323542, 10.701257545647335, 0.0, 11.180394658643227, 1.4665299461211116, 10.538515132453197, 18.82073914537017], [43.020322636524625, 35.17563941475543, 29.939343401141812, 23.038684094659594, 17.126435122246424, 8.380853468530576, 4.7857506758329995, 5.8400956041720775, 12.9264516811381, 21.08467131509529, 28.355957671554894, 35.83904582337093, 38.7407774177164, 28.80466859532968, 21.577554337295457, 11.180394658643227, 0.0, 10.620603409768485, 21.10719336757308, 28.60045785077933], [34.25678181420884, 25.36645346872302, 19.73937867088364, 13.015282109829625, 9.013510117910226, 6.763251668755276, 15.406015315516404, 11.006330714030542, 8.68380269065886, 12.601829024533785, 19.25717350079884, 26.98736451309116, 29.798380979633997, 18.802901978392114, 11.04055575476606, 1.4665299461211116, 10.620603409768485, 0.0, 10.663676087141573, 18.761546734166163], [24.931550612342285, 15.24123380914501, 10.347968804831744, 7.367465463635106, 11.092523914281411, 16.221415421139614, 25.85271412082455, 20.417758786266116, 14.111479439974714, 8.89252051672849, 11.048272047009611, 17.926856703627298, 20.413405002275297, 8.509106082179079, 1.6173828616975574, 10.538515132453197, 21.10719336757308, 10.663676087141573, 0.0, 8.690166184373346], [16.312389018312828, 7.588939515025068, 8.980249785375065, 13.117122953750872, 18.86456506525101, 24.357597670278775, 33.17346092035513, 27.346505961683246, 20.6642879634806, 12.590572683491931, 7.552910256804328, 9.902620951626345, 11.811971275956525, 1.4972550599683987, 9.174701726375357, 18.82073914537017, 28.60045785077933, 18.761546734166163, 8.690166184373346, 0.0]]