[[0.0, 17.089285583955988, 25.149761429454042, 31.830190706354212, 37.59404564399376, 42.69189162044151, 45.84296418253446, 43.77230852447521, 37.27271925763364, 30.10033399298628, 23.165718471970457, 15.875888926545283, 4.383697754008486, 19.151719252210803, 28.475173711429928, 34.079736353041596, 41.70024990270689, 33.542433740913125, 26.147869323714488, 17.894935762535976], [17.089285583955988, 0.0, 8.665313805548767, 18.026197363898135, 24.645723698798946, 32.95045219669518, 41.804069206761845, 42.79216457688226, 37.69127847041039, 32.27072226943319, 28.07364309135177, 26.99684218398553, 16.437991595544183, 7.593976065032205, 17.506926012137367, 24.48285901610458, 37.702696165536175, 31.16558476859007, 25.16828504490731, 20.75190772492772], [25.149761429454042, 8.665313805548767, 0.0, 10.730015283748761, 17.287218480623594, 26.984388843947347, 38.4715878899712, 40.9428395928399, 36.950271499148094, 33.09502163421431, 30.895637825791802, 32.62199134078324, 23.65827836792021, 8.22868031743086, 12.683387734751228, 19.329955229792414, 34.64044161367396, 29.52171871498943, 25.28846429408273, 23.825627522807135], [31.830190706354212, 18.026197363898135, 10.730015283748761, 0.0, 7.372673348202808, 17.623464193171046, 30.879398028596576, 34.17289226751638, 30.945148670735286, 29.140785124747946, 29.688870296130755, 34.91052261660287, 29.16557025293634, 12.723917768705125, 5.959618037305743, 10.30351806737044, 27.36885988354999, 23.318489035820935, 21.447974947663877, 23.893305256753294], [37.59404564399376, 24.645723698798946, 17.287218480623594, 7.372673348202808, 0.0, 11.253005003705189, 26.34788447718409, 31.159684487748983, 30.208884275519512, 30.7357179155937, 33.140806673266646, 39.65833298783418, 34.51037520927991, 19.004983219847002, 10.004476851890658, 8.14305326106548, 23.4818451638044, 22.264730523046026, 23.54360777973209, 28.054730539859456], [42.69189162044151, 32.95045219669518, 26.984388843947347, 17.623464193171046, 11.253005003705189, 0.0, 16.21554567583213, 22.62105578287735, 25.316112426298904, 29.34853856801652, 34.23605215669875, 42.27943285992264, 38.91794893933712, 26.387472532759062, 16.90148410470388, 9.939453639152859, 14.415019744394874, 17.86579489279408, 23.79816397381901, 30.6367887841008], [45.84296418253446, 41.804069206761845, 38.4715878899712, 30.879398028596576, 26.34788447718409, 16.21554567583213, 0.0, 8.963298218505782, 18.795671911181095, 26.818435756702165, 33.66553862443655, 42.12268864474015, 41.541189099534655, 34.91582652226271, 27.52258003496137, 20.97010391774645, 4.301829074942657, 14.994717829167879, 24.88379105120719, 32.43011923032521], [43.77230852447521, 42.79216457688226, 40.9428395928399, 34.17289226751638, 31.159684487748983, 22.62105578287735, 8.963298218505782, 0.0, 12.307323563333291, 21.29351027690075, 28.704182388999097, 37.382692921626095, 39.390535128252644, 35.78278928274067, 29.60839461209636, 24.145013998343003, 8.82309496184649, 12.642243289322106, 21.89883757018828, 29.250731973274], [37.27271925763364, 37.69127847041039, 36.950271499148094, 30.945148670735286, 30.208884275519512, 25.316112426298904, 18.795671911181095, 12.307323563333291, 0.0, 9.676836078059454, 17.971749176897195, 27.984472339863277, 33.040959435254244, 30.57970068057897, 25.50259352072181, 22.149609633740695, 16.22347928284084, 8.83895642711926, 13.05078183870242, 20.488234136673686], [30.10033399298628, 32.27072226943319, 33.09502163421431, 29.140785124747946, 30.7357179155937, 29.34853856801652, 26.818435756702165, 21.29351027690075, 9.676836078059454, 0.0, 8.559103444981606, 19.232765126237723, 26.205701397331723, 25.81343830899799, 23.35262848155837, 22.91162880580003, 23.37515954437247, 12.781344903828156, 8.022826881586688, 12.750437201521997], [23.165718471970457, 28.07364309135177, 30.895637825791802, 29.688870296130755, 33.140806673266646, 34.23605215669875, 33.66553862443655, 28.704182388999097, 17.971749176897195, 8.559103444981606, 0.0, 11.02697561011386, 19.790012450440496, 22.996822808826114, 24.061759383835486, 26.138686834186096, 29.83397549611495, 18.9833983785819, 10.438300059019282, 7.605313596331193], [15.875888926545283, 26.99684218398553, 32.62199134078324, 34.91052261660287, 39.65833298783418, 42.27943285992264, 42.12268864474015, 37.382692921626095, 27.984472339863277, 19.232765126237723, 11.02697561011386, 0.0, 13.93513304720467, 24.699871485955967, 29.844347479832503, 33.643777661711084, 38.16910171175377, 28.03051267931295, 19.554691694608888, 11.810445347422679], [4.383697754008486, 16.437991595544183, 23.65827836792021, 29.16557025293634, 34.51037520927991, 38.91794893933712, 41.541189099534655, 39.390535128252644, 33.040959435254244, 26.205701397331723, 19.790012450440496, 13.93513304720467, 0.0, 16.801521479724062, 25.307638550531756, 30.44275659296211, 37.40171081990251, 29.228131025868144, 22.104000147898972, 14.133792882808839], [19.151719252210803, 7.593976065032205, 8.22868031743086, 12.723917768705125, 19.004983219847002, 26.387472532759062, 34.91582652226271, 35.78278928274067, 30.57970068057897, 25.81343830899799, 22.996822808826114, 24.699871485955967, 16.801521479724062, 0.0, 10.486382946556262, 17.37784919127465, 30.760591231088814, 23.883786757443826, 18.262961489436567, 15.720945934044579], [28.475173711429928, 17.506926012137367, 12.683387734751228, 5.959618037305743, 10.004476851890658, 16.90148410470388, 27.52258003496137, 29.60839461209636, 25.50259352072181, 23.35262848155837, 24.061759383835486, 29.844347479832503, 25.307638550531756, 10.486382946556262, 0.0, 7.439997785197859, 23.643979704996283, 18.040147146730515, 15.555820080478856, 18.439522372290313], [34.079736353041596, 24.48285901610458, 19.329955229792414, 10.30351806737044, 8.14305326106548, 9.939453639152859, 20.97010391774645, 24.145013998343003, 22.149609633740695, 22.91162880580003, 26.138686834186096, 33.643777661711084, 30.44275659296211, 17.37784919127465, 7.439997785197859, 0.0, 17.45120922473457, 14.226830189232524, 16.02855162447206, 21.83958461753505], [41.70024990270689, 37.702696165536175, 34.64044161367396, 27.36885988354999, 23.4818451638044, 14.415019744394874, 4.301829074942657, 8.82309496184649, 16.22347928284084, 23.37515954437247, 29.83397549611495, 38.16910171175377, 37.40171081990251, 30.760591231088814, 23.643979704996283, 17.45120922473457, 0.0, 11.07892516729367, 20.82077566481636, 28.24799547937834], [33.542433740913125, 31.16558476859007, 29.52171871498943, 23.318489035820935, 22.264730523046026, 17.86579489279408, 14.994717829167879, 12.642243289322106, 8.83895642711926, 12.781344903828156, 18.9833983785819, 28.03051267931295, 29.228131025868144, 23.883786757443826, 18.040147146730515, 14.226830189232524, 11.07892516729367, 0.0, 9.95762754451792, 17.980675204272778], [26.147869323714488, 25.16828504490731, 25.28846429408273, 21.447974947663877, 23.54360777973209, 23.79816397381901, 24.88379105120719, 21.89883757018828, 13.05078183870242, 8.022826881586688, 10.438300059019282, 19.554691694608888, 22.104000147898972, 18.262961489436567, 15.555820080478856, 16.02855162447206, 20.82077566481636, 9.95762754451792, 0.0, 8.879732784887052], [17.894935762535976, 20.75190772492772, 23.825627522807135, 23.893305256753294, 28.054730539859456, 30.6367887841008, 32.43011923032521, 29.250731973274, 20.488234136673686, 12.750437201521997, 7.605313596331193, 11.810445347422679, 14.133792882808839, 15.720945934044579, 18.439522372290313, 21.83958461753505, 28.24799547937834, 17.980675204272778, 8.879732784887052, 0.0]]