[[0.0, 11.984402615964804, 18.391996092361726, 25.56690522839614, 33.464702624828256, 39.920622167607384, 45.92387597476556, 41.14993065766941, 35.119823184691604, 26.01961127079613, 17.59171625269854, 10.625653314764742, 5.132761030417156, 17.33785566970388, 24.285661792315995, 31.453777499497686, 41.73034723455623, 31.484638748534756, 24.18589871740806, 17.318023514309996], [11.984402615964804, 0.0, 6.993092900026782, 15.177584414685295, 23.97353224787509, 32.41862402492132, 39.916056547787456, 35.685504557793216, 30.167625867732546, 22.4541325553289, 16.52005354776267, 11.205580643426694, 7.619963496362237, 8.964168616788681, 15.533335108089345, 23.622094284641296, 35.43584043525226, 23.91961561096917, 15.868161116398744, 9.592330899739332], [18.391996092361726, 6.993092900026782, 0.0, 8.413568957687993, 17.56178352515103, 26.85440763779051, 34.925034073129765, 30.913840299851927, 25.808146972070215, 19.6275268192418, 16.523927409510037, 14.157981981596599, 13.475533603404358, 5.824032008479185, 9.831185174338446, 17.936256187290088, 30.373348387965958, 18.36128961463091, 10.4709083469106, 6.850445641747476], [25.56690522839614, 15.177584414685295, 8.413568957687993, 0.0, 9.46889591892344, 19.375856038115636, 27.85852517194369, 24.169261333542696, 20.006233304205917, 16.949692487936503, 18.239954428146525, 19.25159676663557, 20.50095248327031, 9.101530348957647, 4.7865668735037055, 10.647509716405663, 23.319743098590283, 11.274292753085934, 5.888864436628259, 9.706326579286008], [33.464702624828256, 23.97353224787509, 17.56178352515103, 9.46889591892344, 0.0, 10.762400522028207, 19.7178352539507, 17.6021133556194, 16.7009583104215, 19.06628113245449, 24.073395008840876, 26.94356666478089, 28.576300828730265, 17.475429384958645, 10.694872807114724, 6.90339597881332, 15.501445888032642, 7.934757477957531, 11.277692588815231, 17.842310367829416], [39.920622167607384, 32.41862402492132, 26.85440763779051, 19.375856038115636, 10.762400522028207, 0.0, 9.02989345202002, 9.394442854152976, 14.081936734379822, 21.487029015150625, 28.869198361684273, 33.27989105673137, 35.463115743863526, 25.46468624556629, 18.770972067143482, 10.91116920032317, 5.298246626364332, 11.28504004499789, 18.861939000168647, 25.580339649940385], [45.92387597476556, 39.916056547787456, 34.925034073129765, 27.85852517194369, 19.7178352539507, 9.02989345202002, 0.0, 7.574062513898726, 16.283581051391916, 25.72834760443373, 33.97911665220463, 39.23575197400958, 41.86031435677715, 32.777809431119785, 26.463416157207575, 18.29581244421753, 4.620893117705386, 18.279588663846514, 26.320727466867496, 32.731507184327064], [41.14993065766941, 35.685504557793216, 30.913840299851927, 24.169261333542696, 17.6021133556194, 9.394442854152976, 7.574062513898726, 0.0, 8.872595564731778, 18.796446679067643, 27.565463058086397, 33.492937392921434, 37.04035465720744, 27.816142955081084, 21.72442086939012, 13.709875788226935, 5.364105192994159, 13.306531081565927, 21.323336812525028, 27.575443630460963], [35.119823184691604, 30.167625867732546, 25.808146972070215, 20.006233304205917, 16.7009583104215, 14.081936734379822, 16.283581051391916, 8.872595564731778, 0.0, 10.47102750489029, 19.748245733091483, 26.323254617004352, 30.94612295631595, 21.65638908053623, 16.32401415242969, 10.26176273280517, 12.820506549639324, 9.320062149800824, 15.578544132471007, 21.169173835847353], [26.01961127079613, 22.4541325553289, 19.6275268192418, 16.949692487936503, 19.06628113245449, 21.487029015150625, 25.72834760443373, 18.796446679067643, 10.47102750489029, 0.0, 9.416457059445287, 16.434570760634852, 22.01680342773292, 14.212090044007809, 12.1758921441611, 12.638211318306801, 21.70156496476339, 11.807915174009553, 11.084274303011542, 13.387569762084569], [17.59171625269854, 16.52005354776267, 16.523927409510037, 18.239954428146525, 24.073395008840876, 28.869198361684273, 33.97911665220463, 27.565463058086397, 19.748245733091483, 9.416457059445287, 0.0, 7.5212262219976465, 14.081510432639712, 10.853355482592876, 14.158702993906644, 19.17247966810577, 29.771990160495164, 18.689853967990384, 13.301750476321564, 9.849684731321203], [10.625653314764742, 11.205580643426694, 14.157981981596599, 19.25159676663557, 26.94356666478089, 33.27989105673137, 39.23575197400958, 33.492937392921434, 26.323254617004352, 16.434570760634852, 7.5212262219976465, 0.0, 7.1727328047966505, 10.18608671414179, 16.59723787975234, 23.58549200037184, 34.88499428330949, 23.386805341174988, 16.156416001624677, 9.58606404844976], [5.132761030417156, 7.619963496362237, 13.475533603404358, 20.50095248327031, 28.576300828730265, 35.463115743863526, 41.86031435677715, 37.04035465720744, 30.94612295631595, 22.01680342773292, 14.081510432639712, 7.1727328047966505, 0.0, 12.226063096875547, 19.243661199275465, 26.660874930520453, 37.53660847628472, 26.719953133645745, 19.177905103674753, 12.249833612146126], [17.33785566970388, 8.964168616788681, 5.824032008479185, 9.101530348957647, 17.475429384958645, 25.46468624556629, 32.777809431119785, 27.816142955081084, 21.65638908053623, 14.212090044007809, 10.853355482592876, 10.18608671414179, 12.226063096875547, 0.0, 7.348633375272847, 15.571095140098656, 28.195388011035707, 15.685413968911211, 7.365800787883555, 1.0642286810479118], [24.285661792315995, 15.533335108089345, 9.831185174338446, 4.7865668735037055, 10.694872807114724, 18.770972067143482, 26.463416157207575, 21.72442086939012, 16.32401415242969, 12.1758921441611, 14.158702993906644, 16.59723787975234, 19.243661199275465, 7.348633375272847, 0.0, 8.547825197743224, 21.84270277147885, 8.783417090855073, 1.1134438109406346, 7.462770689500583], [31.453777499497686, 23.622094284641296, 17.936256187290088, 10.647509716405663, 6.90339597881332, 10.91116920032317, 18.29581244421753, 13.709875788226935, 10.26176273280517, 12.638211318306801, 19.17247966810577, 23.58549200037184, 26.660874930520453, 15.571095140098656, 8.547825197743224, 0.0, 13.720582408968069, 1.0634575632055137, 8.407622803507897, 15.53091730459914], [41.73034723455623, 35.43584043525226, 30.373348387965958, 23.319743098590283, 15.501445888032642, 5.298246626364332, 4.620893117705386, 5.364105192994159, 12.820506549639324, 21.70156496476339, 29.771990160495164, 34.88499428330949, 37.53660847628472, 28.195388011035707, 21.84270277147885, 13.720582408968069, 0.0, 13.728254930960272, 21.704341558020367, 28.155965634737747], [31.484638748534756, 23.91961561096917, 18.36128961463091, 11.274292753085934, 7.934757477957531, 11.28504004499789, 18.279588663846514, 13.306531081565927, 9.320062149800824, 11.807915174009553, 18.689853967990384, 23.386805341174988, 26.719953133645745, 15.685413968911211, 8.783417090855073, 1.0634575632055137, 13.728254930960272, 0.0, 8.510884057329237, 15.573025589100084], [24.18589871740806, 15.868161116398744, 10.4709083469106, 5.888864436628259, 11.277692588815231, 18.861939000168647, 26.320727466867496, 21.323336812525028, 15.578544132471007, 11.084274303011542, 13.301750476321564, 16.156416001624677, 19.177905103674753, 7.365800787883555, 1.1134438109406346, 8.407622803507897, 21.704341558020367, 8.510884057329237, 0.0, 7.321568508680295], [17.318023514309996, 9.592330899739332, 6.850445641747476, 9.706326579286008, 17.842310367829416, 25.580339649940385, 32.731507184327064, 27.575443630460963, 21.169173835847353, 13.387569762084569, 9.849684731321203, 9.58606404844976, 12.249833612146126, 1.0642286810479118, 7.462770689500583, 15.53091730459914, 28.155965634737747, 15.573025589100084, 7.321568508680295, 0.0]]