[[0.0, 9.123929853344395, 18.05948899382491, 26.310701758693252, 32.3402030810734, 37.585652731274756, 44.45082466091884, 45.59884240396588, 38.71370720003174, 32.172954972183284, 26.171642497425587, 14.412953254538564, 5.406436445399874, 15.2662132826027, 24.601271219937015, 31.73046162332917, 40.42091543756779, 37.52807190512432, 30.918395397039873, 23.933164850103903], [9.123929853344395, 0.0, 9.214975919479008, 18.502170543676893, 24.89912904646928, 31.533843957548246, 40.26491876334826, 43.127246256827675, 37.36135959725334, 31.945852474349877, 27.663452855057955, 19.477181299113195, 8.534793441123984, 9.77219741360816, 18.604458411264815, 26.237027922398717, 36.33928040485727, 35.397477628533224, 29.635544056836164, 23.811241162605654], [18.05948899382491, 9.214975919479008, 0.0, 10.128158653362167, 16.755790215324076, 24.705106686246754, 35.07934683051075, 39.4405792208491, 35.0377352487403, 31.277815933376132, 29.228698213276925, 25.15178482556601, 15.752186884024038, 8.50565088912024, 12.806131255364129, 20.18200358754427, 31.34586654606181, 32.38712222539795, 28.133174241403676, 24.410561681493398], [26.310701758693252, 18.502170543676893, 10.128158653362167, 0.0, 7.690987596420432, 16.127023946908647, 27.37577103875823, 32.4377463269625, 29.367941613258587, 27.904223110909886, 28.689737712950205, 29.383972975038787, 22.584603851607667, 12.11627583658985, 6.802250436109002, 11.901414679438615, 23.712433148010476, 26.185500969400174, 24.293482474667986, 23.75277253549979], [32.3402030810734, 24.89912904646928, 16.755790215324076, 7.690987596420432, 0.0, 9.438495367590109, 21.58737214746336, 28.499984352660157, 29.08178386325605, 30.140760261699434, 32.70689260911192, 34.97797852330627, 28.596004379308816, 18.612740121431287, 10.834361116017408, 9.216354588617117, 18.786109692545207, 25.82724322084697, 26.823895523690904, 28.427888923867275], [37.585652731274756, 31.533843957548246, 24.705106686246754, 16.127023946908647, 9.438495367590109, 0.0, 12.314301972290306, 20.475179985059814, 25.355623363458605, 29.288806795384957, 33.744127010946954, 38.18147727231395, 33.47524019453221, 24.470606084614374, 15.77168971072377, 8.211545144351817, 10.33834466944109, 22.491727232730927, 26.81056158160297, 30.725968694379997], [44.45082466091884, 40.26491876334826, 35.07934683051075, 27.37577103875823, 21.58737214746336, 12.314301972290306, 0.0, 10.787749487174938, 22.948425058985837, 30.027739415752247, 36.100720817538104, 42.56097282988384, 40.15180764434859, 32.897307294146145, 24.850963717290984, 16.435575845389565, 4.927333802651898, 21.44395448928898, 29.09046000962443, 34.95455422327971], [45.59884240396588, 43.127246256827675, 39.4405792208491, 32.4377463269625, 28.499984352660157, 20.475179985059814, 10.787749487174938, 0.0, 15.952417904182987, 24.60660392810007, 31.66549667167679, 40.37679858898203, 40.90186842134532, 34.996432943599636, 27.890088847460383, 20.609007522879363, 10.212347477181678, 16.04552699480967, 25.050939819338293, 32.107132798170525], [38.71370720003174, 37.36135959725334, 35.0377352487403, 29.367941613258587, 29.08178386325605, 25.355623363458605, 22.948425058985837, 15.952417904182987, 0.0, 9.666163098390383, 17.935761551545454, 29.781656465106494, 33.46591021904328, 28.289198104259338, 23.08856253146042, 19.999081109036595, 19.000990701539774, 3.6431826498359885, 10.886886085562436, 19.019315085458675], [32.172954972183284, 31.945852474349877, 31.277815933376132, 27.904223110909886, 30.140760261699434, 29.288806795384957, 30.027739415752247, 24.60660392810007, 9.666163098390383, 0.0, 8.535291011228383, 21.490891194329077, 26.961496391649654, 23.407238267670838, 21.245653129447867, 22.00647666127507, 25.43803830854779, 10.096571747607303, 4.294984539638412, 10.273022209259747], [26.171642497425587, 27.663452855057955, 29.228698213276925, 28.689737712950205, 32.70689260911192, 33.744127010946954, 36.100720817538104, 31.66549667167679, 17.935761551545454, 8.535291011228383, 0.0, 13.750388753930528, 21.36886671498517, 20.77793324280098, 22.35347406225193, 25.887345194643505, 31.36421370788786, 18.16865069576203, 9.634639926629587, 5.873818605888676], [14.412953254538564, 19.477181299113195, 25.15178482556601, 29.383972975038787, 34.97797852330627, 38.18147727231395, 42.56097282988384, 40.37679858898203, 29.781656465106494, 21.490891194329077, 13.750388753930528, 0.0, 11.312078087770516, 17.720459114778738, 24.671417167908228, 30.754370398631067, 38.002297366557954, 29.52734699691398, 21.49951089950658, 13.859554768759747], [5.406436445399874, 8.534793441123984, 15.752186884024038, 22.584603851607667, 28.596004379308816, 33.47524019453221, 40.15180764434859, 40.90186842134532, 33.46591021904328, 26.961496391649654, 21.36886671498517, 11.312078087770516, 0.0, 10.842539137461621, 19.97093929533073, 27.097987921915845, 35.91342345845378, 32.20731086523433, 25.568404831233806, 18.826688448895226], [15.2662132826027, 9.77219741360816, 8.50565088912024, 12.11627583658985, 18.612740121431287, 24.470606084614374, 32.897307294146145, 34.996432943599636, 28.289198104259338, 23.407238267670838, 20.77793324280098, 17.720459114778738, 10.842539137461621, 0.0, 9.698303467963147, 17.84181585714632, 28.530673219789765, 26.046674861090235, 20.608390190406702, 16.212889785921263], [24.601271219937015, 18.604458411264815, 12.806131255364129, 6.802250436109002, 10.834361116017408, 15.77168971072377, 24.850963717290984, 27.890088847460383, 23.08856253146042, 21.245653129447867, 22.35347406225193, 24.671417167908228, 19.97093929533073, 9.698303467963147, 0.0, 8.690341013030386, 20.483299726976146, 20.108967615842936, 17.826872432670996, 17.810766960344793], [31.73046162332917, 26.237027922398717, 20.18200358754427, 11.901414679438615, 9.216354588617117, 8.211545144351817, 16.435575845389565, 20.609007522879363, 19.999081109036595, 22.00647666127507, 25.887345194643505, 30.754370398631067, 27.097987921915845, 17.84181585714632, 8.690341013030386, 0.0, 12.22114968081813, 16.884447678170176, 19.17564472165704, 22.574259508325053], [40.42091543756779, 36.33928040485727, 31.34586654606181, 23.712433148010476, 18.786109692545207, 10.33834466944109, 4.927333802651898, 10.212347477181678, 19.000990701539774, 25.43803830854779, 31.36421370788786, 38.002297366557954, 35.91342345845378, 28.530673219789765, 20.483299726976146, 12.22114968081813, 0.0, 17.190215152324445, 24.313231060094953, 30.056862557038265], [37.52807190512432, 35.397477628533224, 32.38712222539795, 26.185500969400174, 25.82724322084697, 22.491727232730927, 21.44395448928898, 16.04552699480967, 3.6431826498359885, 10.096571747607303, 18.16865069576203, 29.52734699691398, 32.20731086523433, 26.046674861090235, 20.108967615842936, 16.884447678170176, 17.190215152324445, 0.0, 9.793283743186706, 18.094231733498773], [30.918395397039873, 29.635544056836164, 28.133174241403676, 24.293482474667986, 26.823895523690904, 26.81056158160297, 29.09046000962443, 25.050939819338293, 10.886886085562436, 4.294984539638412, 9.634639926629587, 21.49951089950658, 25.568404831233806, 20.608390190406702, 17.826872432670996, 19.17564472165704, 24.313231060094953, 9.793283743186706, 0.0, 8.667772186172467], [23.933164850103903, 23.811241162605654, 24.410561681493398, 23.75277253549979, 28.427888923867275, 30.725968694379997, 34.95455422327971, 32.107132798170525, 19.019315085458675, 10.273022209259747, 5.873818605888676, 13.859554768759747, 18.826688448895226, 16.212889785921263, 17.810766960344793, 22.574259508325053, 30.056862557038265, 18.094231733498773, 8.667772186172467, 0.0]]