[[0.0, 12.265814988942479, 25.117695698125853, 30.482097899189043, 36.04385447609622, 39.59122707659323, 47.91404143540716, 39.32098392753505, 34.043477997321204, 27.321991957444045, 18.609529257315806, 8.348752956070804, 4.365982596176259, 17.13327723752324, 27.767031750298067, 36.91234737072845, 43.8488545193854, 36.66701349532679, 27.18768086893426, 16.433974325784344], [12.265814988942479, 0.0, 12.86166771976092, 18.693994593710382, 24.51806557526776, 29.240562451371712, 40.1135514366, 31.155400723676593, 25.98903624445133, 19.59260603189328, 11.86873311837295, 9.147352019934234, 8.912850553984173, 5.674279786533089, 16.609949230322258, 27.089493696887896, 35.727206425905216, 27.13221360850937, 16.38506108580057, 5.692955331050561], [25.117695698125853, 12.86166771976092, 0.0, 7.514777002394484, 13.368502268733998, 20.148633897797367, 34.12995980707979, 25.5929496625831, 21.520201941398252, 17.48532327395525, 15.395421552837421, 20.350105670376532, 21.500491689405155, 8.79236574779223, 8.289406058273846, 19.282498402306093, 29.6725927182498, 19.856633176398283, 9.245740493430041, 10.049693309366267], [30.482097899189043, 18.693994593710382, 7.514777002394484, 0.0, 6.507811623808805, 13.14222204828567, 27.782079879816, 19.329598394566432, 16.132338327386144, 14.382140724680173, 16.64351900875911, 24.304951610212473, 26.432654276369767, 13.404494947877483, 4.191851815492295, 12.532019827641749, 23.35173398866555, 13.26965752606803, 5.5982337490688, 14.156175867164622], [36.04385447609622, 24.51806557526776, 13.368502268733998, 6.507811623808805, 0.0, 8.061089479855374, 23.495791899239485, 17.012510876309413, 16.19135228207295, 17.262152617936756, 21.871655501933475, 29.736935436902048, 31.898162107004193, 19.298345884462275, 9.188019357436348, 9.323292375961877, 19.441126680066795, 10.482836470219826, 10.104121090635733, 19.92945698844414], [39.59122707659323, 29.240562451371712, 20.148633897797367, 13.14222204828567, 8.061089479855374, 0.0, 15.51999973712844, 10.624429638117105, 12.885568284504103, 17.096794327134372, 24.29055511599333, 32.596655289467876, 35.26898621089499, 23.917885959104602, 13.667945311764678, 4.008359140558387, 11.607442513254071, 5.134814802629592, 13.778788741147785, 24.139944768319957], [47.91404143540716, 40.1135514366, 34.12995980707979, 27.782079879816, 23.495791899239485, 15.51999973712844, 0.0, 11.574844654938657, 18.325919857194314, 24.81291256002078, 33.29260480652184, 40.67544800719118, 43.694050895535405, 35.319479379082786, 26.867898806839378, 15.417986084275112, 4.616256555026918, 14.893442304353517, 26.339733110632043, 35.04686693963506], [39.32098392753505, 31.155400723676593, 25.5929496625831, 19.329598394566432, 17.012510876309413, 10.624429638117105, 11.574844654938657, 0.0, 6.841274633411302, 13.764576025372849, 22.8311555952591, 31.478378711063804, 35.00871772466572, 26.015916051836005, 17.497328338860505, 7.787067835599044, 7.476337293049519, 6.641090111950682, 16.732523170120764, 25.66686454674799], [34.043477997321204, 25.98903624445133, 21.520201941398252, 16.132338327386144, 16.19135228207295, 12.885568284504103, 18.325919857194314, 6.841274633411302, 0.0, 7.233062431983566, 16.57536104850974, 25.930193182536566, 29.762877800105905, 20.83373640593307, 13.315775391613581, 9.003906730748273, 14.074203295844987, 7.9507370347334465, 12.276643407699398, 20.377805159440452], [27.321991957444045, 19.59260603189328, 17.48532327395525, 14.382140724680173, 17.262152617936756, 17.096794327134372, 24.81291256002078, 13.764576025372849, 7.233062431983566, 0.0, 9.377377789130284, 19.119815295367633, 23.103511871645424, 14.741052687074863, 10.460369868558274, 13.337720844144028, 20.42038289273759, 12.658771498970587, 9.108775771932093, 14.090042409674782], [18.609529257315806, 11.86873311837295, 15.395421552837421, 16.64351900875911, 21.871655501933475, 24.29055511599333, 33.29260480652184, 22.8311555952591, 16.57536104850974, 9.377377789130284, 0.0, 10.537710255807, 14.59138461926938, 8.68094696182398, 12.803154243281137, 21.030407784991567, 28.876685021488594, 20.641265860896077, 11.768084930157286, 7.584761523484433], [8.348752956070804, 9.147352019934234, 20.350105670376532, 24.304951610212473, 29.736935436902048, 32.596655289467876, 40.67544800719118, 31.478378711063804, 25.930193182536566, 19.119815295367633, 10.537710255807, 0.0, 4.612060839309364, 11.576221250502126, 21.006049502891585, 29.5876593546182, 36.5151260449497, 29.23153288161218, 20.196393068266698, 10.431962517060246], [4.365982596176259, 8.912850553984173, 21.500491689405155, 26.432654276369767, 31.898162107004193, 35.26898621089499, 43.694050895535405, 35.00871772466572, 29.762877800105905, 23.103511871645424, 14.59138461926938, 4.612060839309364, 0.0, 13.192041875156328, 23.571987277997138, 32.55420818577735, 39.57907619403883, 32.3036020102824, 22.940718301403734, 12.367656511063888], [17.13327723752324, 5.674279786533089, 8.79236574779223, 13.404494947877483, 19.298345884462275, 23.917885959104602, 35.319479379082786, 26.015916051836005, 20.83373640593307, 14.741052687074863, 8.68094696182398, 11.576221250502126, 13.192041875156328, 0.0, 11.000371861603996, 21.7181088206557, 30.82994107922383, 21.7900327994305, 10.747379848139081, 1.4050149764052395], [27.767031750298067, 16.609949230322258, 8.289406058273846, 4.191851815492295, 9.188019357436348, 13.667945311764678, 26.867898806839378, 17.497328338860505, 13.315775391613581, 10.460369868558274, 12.803154243281137, 21.006049502891585, 23.571987277997138, 11.000371861603996, 0.0, 11.827445993533935, 22.291133547567647, 12.188006883728033, 1.4414348625959352, 11.414711253857716], [36.91234737072845, 27.089493696887896, 19.282498402306093, 12.532019827641749, 9.323292375961877, 4.008359140558387, 15.417986084275112, 7.787067835599044, 9.003906730748273, 13.337720844144028, 21.030407784991567, 29.5876593546182, 32.55420818577735, 21.7181088206557, 11.827445993533935, 0.0, 10.958661597111485, 1.281916728673904, 11.555363013197681, 21.749868812955356], [43.8488545193854, 35.727206425905216, 29.6725927182498, 23.35173398866555, 19.441126680066795, 11.607442513254071, 4.616256555026918, 7.476337293049519, 14.074203295844987, 20.42038289273759, 28.876685021488594, 36.5151260449497, 39.57907619403883, 30.82994107922383, 22.291133547567647, 10.958661597111485, 0.0, 10.351374617778552, 21.74092792742304, 30.575986835934074], [36.66701349532679, 27.13221360850937, 19.856633176398283, 13.26965752606803, 10.482836470219826, 5.134814802629592, 14.893442304353517, 6.641090111950682, 7.9507370347334465, 12.658771498970587, 20.641265860896077, 29.23153288161218, 32.3036020102824, 21.7900327994305, 12.188006883728033, 1.281916728673904, 10.351374617778552, 0.0, 11.769795775590033, 21.73952692293496], [27.18768086893426, 16.38506108580057, 9.245740493430041, 5.5982337490688, 10.104121090635733, 13.778788741147785, 26.339733110632043, 16.732523170120764, 12.276643407699398, 9.108775771932093, 11.768084930157286, 20.196393068266698, 22.940718301403734, 10.747379848139081, 1.4414348625959352, 11.555363013197681, 21.74092792742304, 11.769795775590033, 0.0, 10.988409849557717], [16.433974325784344, 5.692955331050561, 10.049693309366267, 14.156175867164622, 19.92945698844414, 24.139944768319957, 35.04686693963506, 25.66686454674799, 20.377805159440452, 14.090042409674782, 7.584761523484433, 10.431962517060246, 12.367656511063888, 1.4050149764052395, 11.414711253857716, 21.749868812955356, 30.575986835934074, 21.73952692293496, 10.988409849557717, 0.0]]