[[0.0, 12.50949498169043, 20.808167589142943, 26.896850374908826, 33.51091631496092, 39.9692654938229, 46.0122878090654, 42.59687729272454, 36.42199031769333, 27.175997706347083, 18.255250222307033, 10.919386604693416, 6.385090666162931, 17.687241831952516, 25.455802177254995, 31.686695643945505, 41.817258227829484, 31.597712370161137, 24.90720308237188, 17.11086950757059], [12.50949498169043, 0.0, 8.74190180422618, 16.292062116381985, 24.00481029356529, 32.54460335204339, 40.35612764922639, 37.98497131902425, 32.25082537892018, 24.657215697259982, 18.451152861176432, 13.61015090144544, 8.40209256770342, 8.463444001236201, 16.568630909834464, 23.655646597238235, 35.802433393188274, 24.279562591666476, 17.652355977810473, 10.296844586604626], [20.808167589142943, 8.74190180422618, 0.0, 8.516612727694618, 16.775102331744176, 26.595998076390835, 35.32338483075815, 33.6133141922168, 28.4541737744833, 23.00217577964982, 20.125218418123715, 18.377459745023437, 15.487100083600994, 6.279152781458656, 10.612516476129255, 17.55672381808075, 30.659580262229582, 18.705742744903798, 13.177501287118284, 9.601320233130958], [26.896850374908826, 16.292062116381985, 8.516612727694618, 0.0, 8.507467747598753, 18.761055061776965, 27.756710168105176, 26.374560268314344, 21.988811474112406, 19.579559174604242, 20.557408369047454, 21.8168449271771, 20.94344207260765, 9.539292029343166, 4.793978862783712, 9.727642583139557, 23.07024218863179, 11.296317326334417, 8.433829821277767, 11.444360402041086], [33.51091631496092, 24.00481029356529, 16.775102331744176, 8.507467747598753, 0.0, 10.756640118303393, 20.151870111590096, 20.085409119661126, 18.051337615612766, 20.577474180784435, 24.75465539941183, 27.69942199441357, 27.651200254276578, 16.922445347876323, 9.272535559196848, 5.6369952038774205, 15.719659158059283, 7.845489111473811, 11.261209623327911, 17.932098411423773], [39.9692654938229, 32.54460335204339, 26.595998076390835, 18.761055061776965, 10.756640118303393, 0.0, 9.582760021080881, 11.903045342271625, 14.703562132498446, 22.879262668876073, 29.37095711591703, 33.64077023966047, 34.51029531312746, 25.412328576885294, 17.822693886478383, 10.891650855946173, 5.83156254921312, 11.374673141667152, 17.932883786357536, 25.534043840472133], [46.0122878090654, 40.35612764922639, 35.32338483075815, 27.756710168105176, 20.151870111590096, 9.582760021080881, 0.0, 7.603555898358352, 15.410665517592099, 26.398796318851552, 34.036844846442875, 39.18484809324587, 40.925693155252496, 33.19334201048064, 25.95030360749947, 18.87353457353919, 4.840775408413514, 18.440787171235996, 25.088572493078416, 32.6680446088626], [42.59687729272454, 37.98497131902425, 33.6133141922168, 26.374560268314344, 20.085409119661126, 11.903045342271625, 7.603555898358352, 0.0, 8.624654716573762, 20.218969991921004, 28.629099187291327, 34.60674789800755, 37.40087900323768, 30.377686569066103, 23.436636048598707, 16.784774299563136, 6.541463258002224, 15.50260586789673, 21.63923123795231, 29.15989534636229], [36.42199031769333, 32.25082537892018, 28.4541737744833, 21.988811474112406, 18.051337615612766, 14.703562132498446, 15.410665517592099, 8.624654716573762, 0.0, 11.820507736426977, 20.82935002988161, 27.384386000720813, 30.971658749325282, 24.349668901999987, 18.078403462017167, 13.00076897274331, 12.041289940740116, 10.949518723226975, 15.441737418693306, 22.56019204286052], [27.175997706347083, 24.657215697259982, 23.00217577964982, 19.579559174604242, 20.577474180784435, 22.879262668876073, 26.398796318851552, 20.218969991921004, 11.820507736426977, 0.0, 9.661553359530705, 16.910382591311883, 21.756650667951746, 17.46149711966614, 14.809397553207832, 15.145855336466575, 22.31521443731561, 13.229542943604434, 11.209902504027626, 14.594186654378964], [18.255250222307033, 18.451152861176432, 20.125218418123715, 20.557408369047454, 24.75465539941183, 29.37095711591703, 34.036844846442875, 28.629099187291327, 20.82935002988161, 9.661553359530705, 0.0, 7.542199876877501, 13.392070952496262, 13.912646557844198, 16.436028401251843, 20.412850803043803, 29.770240450100836, 19.21318265560875, 13.603238657708172, 10.559307568898166], [10.919386604693416, 13.61015090144544, 18.377459745023437, 21.8168449271771, 27.69942199441357, 33.64077023966047, 39.18484809324587, 34.60674789800755, 27.384386000720813, 16.910382591311883, 7.542199876877501, 0.0, 6.6255036538307825, 12.862623802682133, 18.85715212075965, 24.490099941019206, 34.830215038724795, 23.850296380661977, 17.16303958890677, 10.3944854707629], [6.385090666162931, 8.40209256770342, 15.487100083600994, 20.94344207260765, 27.651200254276578, 34.51029531312746, 40.925693155252496, 37.40087900323768, 30.971658749325282, 21.756650667951746, 13.392070952496262, 6.6255036538307825, 0.0, 11.549300754714892, 19.2595515287739, 25.66402098067577, 36.532065926485316, 25.575743601343422, 18.696769736339647, 10.74821054018975], [17.687241831952516, 8.463444001236201, 6.279152781458656, 9.539292029343166, 16.922445347876323, 25.412328576885294, 33.19334201048064, 30.377686569066103, 24.349668901999987, 17.46149711966614, 13.912646557844198, 12.862623802682133, 11.549300754714892, 0.0, 8.429597869733227, 15.67342467881707, 28.472223184607518, 16.12398916654799, 9.29779168432935, 3.372715806559748], [25.455802177254995, 16.568630909834464, 10.612516476129255, 4.793978862783712, 9.272535559196848, 17.822693886478383, 25.95030360749947, 23.436636048598707, 18.078403462017167, 14.809397553207832, 16.436028401251843, 18.85715212075965, 19.2595515287739, 8.429597869733227, 0.0, 7.474125626617405, 21.132626107287873, 8.225569508598785, 3.640089812505601, 8.888736719255048], [31.686695643945505, 23.655646597238235, 17.55672381808075, 9.727642583139557, 5.6369952038774205, 10.891650855946173, 18.87353457353919, 16.784774299563136, 13.00076897274331, 15.145855336466575, 20.412850803043803, 24.490099941019206, 25.66402098067577, 15.67342467881707, 7.474125626617405, 0.0, 14.058310230118765, 2.2359655026893908, 7.552750098688557, 15.603175137653425], [41.817258227829484, 35.802433393188274, 30.659580262229582, 23.07024218863179, 15.719659158059283, 5.83156254921312, 4.840775408413514, 6.541463258002224, 12.041289940740116, 22.31521443731561, 29.770240450100836, 34.830215038724795, 36.532065926485316, 28.472223184607518, 21.132626107287873, 14.058310230118765, 0.0, 13.61413198498079, 20.284607406961317, 27.964148620855273], [31.597712370161137, 24.279562591666476, 18.705742744903798, 11.296317326334417, 7.845489111473811, 11.374673141667152, 18.440787171235996, 15.50260586789673, 10.949518723226975, 13.229542943604434, 19.21318265560875, 23.850296380661977, 25.575743601343422, 16.12398916654799, 8.225569508598785, 2.2359655026893908, 13.61413198498079, 0.0, 7.266196450733561, 15.57899913897106], [24.90720308237188, 17.652355977810473, 13.177501287118284, 8.433829821277767, 11.261209623327911, 17.932883786357536, 25.088572493078416, 21.63923123795231, 15.441737418693306, 11.209902504027626, 13.603238657708172, 17.16303958890677, 18.696769736339647, 9.29779168432935, 3.640089812505601, 7.552750098688557, 20.284607406961317, 7.266196450733561, 0.0, 8.374920534243296], [17.11086950757059, 10.296844586604626, 9.601320233130958, 11.444360402041086, 17.932098411423773, 25.534043840472133, 32.6680446088626, 29.15989534636229, 22.56019204286052, 14.594186654378964, 10.559307568898166, 10.3944854707629, 10.74821054018975, 3.372715806559748, 8.888736719255048, 15.603175137653425, 27.964148620855273, 15.57899913897106, 8.374920534243296, 0.0]]