[[0.0, 12.402758413884753, 25.422010129076146, 29.30939460963234, 35.73805888305593, 39.51657782578893, 47.97787806409096, 40.35130437607366, 33.30283353085964, 26.654541923353644, 17.87385318080089, 8.314166665769578, 4.421164547859422, 17.380209288026542, 27.884313157766844, 36.008693274159356, 42.85718660407496, 35.73066173670772, 26.62690149637246, 16.018059716938815], [12.402758413884753, 0.0, 13.279750546010233, 18.21409292479771, 24.9834873237497, 30.16419028541691, 41.59956759608419, 34.33543896185639, 27.411110832492835, 21.41191914146105, 14.523768469879334, 10.369407161816099, 9.357884245518639, 6.823836970516881, 17.556872205738472, 27.18081219346931, 36.021987737152834, 27.27216126640553, 17.358056843581167, 7.486191505670358], [25.422010129076146, 13.279750546010233, 0.0, 6.912869255806379, 13.422481323846236, 20.36113597939808, 34.8330640376586, 28.518926358717035, 22.87251187878736, 19.476184191809473, 18.26899041541656, 20.762169422367116, 21.712323694142665, 8.835987606638323, 8.367179860272817, 18.46527714888019, 29.12388467533468, 19.1059443450181, 10.584997435184766, 11.428823115323995], [29.30939460963234, 18.21409292479771, 6.912869255806379, 0.0, 7.500610606642904, 14.146466856756215, 28.87872918303335, 22.35080947203488, 17.32247017512854, 15.677260170072447, 17.93372300398428, 23.1125882408576, 25.152947289740265, 11.997078835695337, 2.984776170469402, 12.046510203379231, 23.115611244297632, 12.745845185894028, 6.126750245830248, 13.539575657429188], [35.73805888305593, 24.9834873237497, 13.422481323846236, 7.500610606642904, 0.0, 7.825197673425131, 23.68582609509337, 19.366660568664912, 17.472624403895885, 18.85523166129444, 23.68938404288814, 29.333107054630762, 31.477108199727496, 18.863341763476296, 8.545037247969256, 7.965103869846519, 18.3857145316001, 9.204076560111508, 10.46202788782849, 20.08560936922674], [39.51657782578893, 30.16419028541691, 20.36113597939808, 14.146466856756215, 7.825197673425131, 0.0, 15.96339190069898, 13.49514451108479, 15.31870401306278, 19.39307662110027, 26.34653989882749, 32.56373266746714, 35.13951352658733, 23.896171518144843, 13.783432556322682, 4.4860593349506575, 10.974363184198202, 5.46614829860972, 14.06080610807257, 24.36413320499728], [47.97787806409096, 41.59956759608419, 34.8330640376586, 28.87872918303335, 23.68582609509337, 15.96339190069898, 0.0, 11.232927640790448, 20.03481211206833, 26.42263291664663, 34.692348311255515, 40.78493847264748, 43.77850444468498, 35.749467963145975, 27.49274826451997, 16.973828754844735, 5.912948585275621, 16.395651767262073, 26.286897691295884, 35.17362197810326], [40.35130437607366, 34.33543896185639, 28.518926358717035, 22.35080947203488, 19.366660568664912, 13.49514451108479, 11.232927640790448, 0.0, 9.150672485258227, 16.05601248731527, 25.039844982658238, 32.47892416297524, 36.0869052911998, 28.109399969441487, 20.31834575413092, 11.472206029291671, 7.1427187850937495, 10.301708626412516, 18.465718213693204, 27.17753367982704], [33.30283353085964, 27.411110832492835, 22.87251187878736, 17.32247017512854, 17.472624403895885, 15.31870401306278, 20.03481211206833, 9.150672485258227, 0.0, 7.25044149214584, 16.630236302431214, 25.104610430169135, 29.055943382674222, 21.122214816056033, 14.78000043203673, 11.20196382330268, 14.882350396640883, 10.05583268316831, 12.36910979607461, 19.9528144470304], [26.654541923353644, 21.41191914146105, 19.476184191809473, 15.677260170072447, 18.85523166129444, 19.39307662110027, 26.42263291664663, 16.05601248731527, 7.25044149214584, 0.0, 9.431651127548506, 18.371273325779164, 22.498517560354415, 15.594915079366897, 12.831017865996996, 14.908641655348355, 21.010276567618504, 14.077982598989601, 9.985344367709159, 13.977159908982403], [17.87385318080089, 14.523768469879334, 18.26899041541656, 17.93372300398428, 23.68938404288814, 26.34653989882749, 34.692348311255515, 25.039844982658238, 16.630236302431214, 9.431651127548506, 0.0, 9.708781501830085, 14.003318055625927, 10.940212414286941, 15.515352050125356, 22.076356680043272, 29.220493801691106, 21.540721775321856, 13.254189762333043, 8.496780544186956], [8.314166665769578, 10.369407161816099, 20.762169422367116, 23.1125882408576, 29.333107054630762, 32.56373266746714, 40.78493847264748, 32.47892416297524, 25.104610430169135, 18.371273325779164, 9.708781501830085, 0.0, 4.541574135393257, 11.943660438360178, 21.20632731250169, 28.731191962462276, 35.53626192718298, 28.333553070014375, 19.470778263932647, 9.664050390322682], [4.421164547859422, 9.357884245518639, 21.712323694142665, 25.152947289740265, 31.477108199727496, 35.13951352658733, 43.77850444468498, 36.0869052911998, 29.055943382674222, 22.498517560354415, 14.003318055625927, 4.541574135393257, 0.0, 13.35716188568039, 23.604106795940275, 31.596758259159373, 38.57489172572702, 31.3158297484615, 22.252611951858977, 11.768045037861343], [17.380209288026542, 6.823836970516881, 8.835987606638323, 11.997078835695337, 18.863341763476296, 23.896171518144843, 35.749467963145975, 28.109399969441487, 21.122214816056033, 15.594915079366897, 10.940212414286941, 11.943660438360178, 13.35716188568039, 0.0, 10.939578428963568, 20.7073534436001, 30.011270047397762, 20.79433213506414, 10.616981947280593, 2.8528041793410948], [27.884313157766844, 17.556872205738472, 8.367179860272817, 2.984776170469402, 8.545037247969256, 13.783432556322682, 27.49274826451997, 20.31834575413092, 14.78000043203673, 12.831017865996996, 15.515352050125356, 21.20632731250169, 23.604106795940275, 10.939578428963568, 0.0, 10.870426888053567, 21.63024110711707, 11.295912007704645, 3.1434779994259565, 11.918831359519903], [36.008693274159356, 27.18081219346931, 18.46527714888019, 12.046510203379231, 7.965103869846519, 4.4860593349506575, 16.973828754844735, 11.472206029291671, 11.20196382330268, 14.908641655348355, 22.076356680043272, 28.731191962462276, 31.596758259159373, 20.7073534436001, 10.870426888053567, 0.0, 11.230902368699812, 1.335459518960426, 10.423629678858367, 20.850473387144117], [42.85718660407496, 36.021987737152834, 29.12388467533468, 23.115611244297632, 18.3857145316001, 10.974363184198202, 5.912948585275621, 7.1427187850937495, 14.882350396640883, 21.010276567618504, 29.220493801691106, 35.53626192718298, 38.57489172572702, 30.011270047397762, 21.63024110711707, 11.230902368699812, 0.0, 10.55697143933131, 20.391519351778427, 29.49969651745858], [35.73066173670772, 27.27216126640553, 19.1059443450181, 12.745845185894028, 9.204076560111508, 5.46614829860972, 16.395651767262073, 10.301708626412516, 10.05583268316831, 14.077982598989601, 21.540721775321856, 28.333553070014375, 31.3158297484615, 20.79433213506414, 11.295912007704645, 1.335459518960426, 10.55697143933131, 0.0, 10.479125562380144, 20.754625601000974], [26.62690149637246, 17.358056843581167, 10.584997435184766, 6.126750245830248, 10.46202788782849, 14.06080610807257, 26.286897691295884, 18.465718213693204, 12.36910979607461, 9.985344367709159, 13.254189762333043, 19.470778263932647, 22.252611951858977, 10.616981947280593, 3.1434779994259565, 10.423629678858367, 20.391519351778427, 10.479125562380144, 0.0, 10.828372662085473], [16.018059716938815, 7.486191505670358, 11.428823115323995, 13.539575657429188, 20.08560936922674, 24.36413320499728, 35.17362197810326, 27.17753367982704, 19.9528144470304, 13.977159908982403, 8.496780544186956, 9.664050390322682, 11.768045037861343, 2.8528041793410948, 11.918831359519903, 20.850473387144117, 29.49969651745858, 20.754625601000974, 10.828372662085473, 0.0]]