[[0.0, 10.492167045073437, 19.240057195292668, 26.634507458576856, 32.18775114388871, 38.55762364323488, 43.428981869399095, 46.373024411124206, 38.00561249518965, 32.35407386522733, 25.910422464710415, 17.342285544233256, 3.8242584246666715, 13.511979473952772, 22.95778679803428, 30.490364082421483, 40.36125924478713, 35.91621466517051, 28.690955363559254, 21.88097483128231], [10.492167045073437, 0.0, 9.23149661529657, 18.175619519159202, 23.947291979444394, 32.67354456342418, 39.74452631817964, 45.23745956868761, 38.189391665536924, 34.06139651004639, 29.798935773967823, 25.003383791293746, 10.671470885220039, 8.29359985494887, 17.378389726386562, 25.23615342456819, 36.926510912628245, 34.46847570849976, 28.311016376370002, 23.668296578675594], [19.240057195292668, 9.23149661529657, 0.0, 9.981406658077256, 15.721454180885875, 26.255307738470062, 34.971128390127674, 42.28118445198452, 36.65470666422937, 34.23235610721945, 32.31911470889095, 30.94537117908555, 18.311314012559418, 9.244557950001498, 12.842121440275749, 19.784502986700193, 32.47240607147012, 31.721025060583557, 27.21756384247559, 25.221637305460938], [26.634507458576856, 18.175619519159202, 9.981406658077256, 0.0, 6.599313204364907, 17.500767414891296, 27.068449420092332, 35.2865011199071, 31.207863166034205, 30.889864513259198, 31.838187888959357, 34.25776439512762, 24.54693689741826, 13.503935287573507, 8.183128832584336, 11.806584769895059, 24.833744876170492, 25.337118447589795, 23.310971885541747, 24.632512758539395], [32.18775114388871, 23.947291979444394, 15.721454180885875, 6.599313204364907, 0.0, 12.482010344057406, 23.04076956259686, 32.94598985520132, 31.79555507843525, 33.18839140915069, 35.71382680868755, 39.25680282134006, 29.97499217129287, 19.20464933396041, 12.019975958709407, 10.567815780617817, 21.425873691277122, 25.382927379581695, 25.86710287827357, 28.86588605418848], [38.55762364323488, 32.67354456342418, 26.255307738470062, 17.500767414891296, 12.482010344057406, 0.0, 10.913245131345025, 22.3067636877964, 26.429535390020558, 30.713527114350686, 35.99091628416244, 41.93041492335157, 35.648910532350364, 26.31358904807267, 17.36366292148117, 9.397269833849135, 10.139223354123779, 20.050944741534202, 25.08134235070525, 30.65350269401663], [43.428981869399095, 39.74452631817964, 34.971128390127674, 27.068449420092332, 23.04076956259686, 10.913245131345025, 0.0, 12.864256818827359, 23.02133785422531, 29.286334819421377, 36.2086323859666, 43.50128453278667, 40.15500608213558, 32.729361264738515, 24.283566366670485, 16.181863029299343, 3.3481824955729333, 18.205400037192103, 26.167205055344155, 32.74910163330129], [46.373024411124206, 45.23745956868761, 42.28118445198452, 35.2865011199071, 32.94598985520132, 22.3067636877964, 12.864256818827359, 0.0, 16.37028469143738, 23.988999392879123, 32.32648617904793, 41.506876853373264, 42.72929789344858, 37.49783176069931, 30.027599422387464, 23.48546411450102, 12.514057082827017, 15.413262298143572, 24.46149788696491, 31.488254575613315], [38.00561249518965, 38.189391665536924, 36.65470666422937, 31.207863166034205, 31.79555507843525, 26.429535390020558, 23.02133785422531, 16.37028469143738, 0.0, 8.521883623983257, 17.979755950630867, 29.49904418652736, 34.18493763224742, 30.060578076015396, 24.19867974994175, 21.597367386213218, 20.503565886539302, 6.626200129869083, 11.064375461852425, 18.240075564091892], [32.35407386522733, 34.06139651004639, 34.23235610721945, 30.889864513259198, 33.18839140915069, 30.713527114350686, 29.286334819421377, 23.988999392879123, 8.521883623983257, 0.0, 9.592717173263996, 21.74899580478073, 28.63478501211479, 26.466372756409992, 23.183066395941385, 23.6708407700482, 26.30947028826787, 12.043707742493629, 7.7986002975535325, 11.443803407392755], [25.910422464710415, 29.798935773967823, 32.31911470889095, 31.838187888959357, 35.71382680868755, 35.99091628416244, 36.2086323859666, 32.32648617904793, 17.979755950630867, 9.592717173263996, 0.0, 12.723257610216184, 22.555732897552858, 23.609687303147822, 24.095990393889874, 27.59404715141355, 32.978583835887896, 20.211428866177698, 12.176054863882477, 7.367604594063672], [17.342285544233256, 25.003383791293746, 30.94537117908555, 34.25776439512762, 39.25680282134006, 41.93041492335157, 43.50128453278667, 41.506876853373264, 29.49904418652736, 21.74899580478073, 12.723257610216184, 0.0, 15.178039368101267, 22.087901221062786, 27.361090294382432, 33.15698552685551, 40.19649136108158, 30.51420059877317, 22.221403941803672, 14.134278082647443], [3.8242584246666715, 10.671470885220039, 18.311314012559418, 24.54693689741826, 29.97499217129287, 35.648910532350364, 40.15500608213558, 42.72929789344858, 34.18493763224742, 28.63478501211479, 22.555732897552858, 15.178039368101267, 0.0, 11.10896063514616, 20.009096142976894, 27.3669074651817, 37.02725330343824, 32.13992591354748, 24.960982938988433, 18.31584109213682], [13.511979473952772, 8.29359985494887, 9.244557950001498, 13.503935287573507, 19.20464933396041, 26.31358904807267, 32.729361264738515, 37.49783176069931, 30.060578076015396, 26.466372756409992, 23.609687303147822, 22.087901221062786, 11.10896063514616, 0.0, 9.826459793397522, 17.95920634771484, 29.73407370399773, 26.195319633274075, 20.31182202732613, 16.876046578516515], [22.95778679803428, 17.378389726386562, 12.842121440275749, 8.183128832584336, 12.019975958709407, 17.36366292148117, 24.283566366670485, 30.027599422387464, 24.19867974994175, 23.183066395941385, 24.095990393889874, 27.361090294382432, 20.009096142976894, 9.826459793397522, 0.0, 8.509087048203174, 21.390651174280624, 18.934246631983587, 15.906761651180311, 17.125794724159014], [30.490364082421483, 25.23615342456819, 19.784502986700193, 11.806584769895059, 10.567815780617817, 9.397269833849135, 16.181863029299343, 23.48546411450102, 21.597367386213218, 23.6708407700482, 27.59404715141355, 33.15698552685551, 27.3669074651817, 17.95920634771484, 8.509087048203174, 0.0, 13.53985979296485, 15.256463354850531, 17.084849235866084, 21.673830708820578], [40.36125924478713, 36.926510912628245, 32.47240607147012, 24.833744876170492, 21.425873691277122, 10.139223354123779, 3.3481824955729333, 12.514057082827017, 20.503565886539302, 26.30947028826787, 32.978583835887896, 40.19649136108158, 37.02725330343824, 29.73407370399773, 21.390651174280624, 13.53985979296485, 0.0, 15.452718794427703, 23.003930608182024, 29.429240689828436], [35.91621466517051, 34.46847570849976, 31.721025060583557, 25.337118447589795, 25.382927379581695, 20.050944741534202, 18.205400037192103, 15.413262298143572, 6.626200129869083, 12.043707742493629, 20.211428866177698, 30.51420059877317, 32.13992591354748, 26.195319633274075, 18.934246631983587, 15.256463354850531, 15.452718794427703, 0.0, 9.73323763111725, 17.91917363155447], [28.690955363559254, 28.311016376370002, 27.21756384247559, 23.310971885541747, 25.86710287827357, 25.08134235070525, 26.167205055344155, 24.46149788696491, 11.064375461852425, 7.7986002975535325, 12.176054863882477, 22.221403941803672, 24.960982938988433, 20.31182202732613, 15.906761651180311, 17.084849235866084, 23.003930608182024, 9.73323763111725, 0.0, 8.591283129278885], [21.88097483128231, 23.668296578675594, 25.221637305460938, 24.632512758539395, 28.86588605418848, 30.65350269401663, 32.74910163330129, 31.488254575613315, 18.240075564091892, 11.443803407392755, 7.367604594063672, 14.134278082647443, 18.31584109213682, 16.876046578516515, 17.125794724159014, 21.673830708820578, 29.429240689828436, 17.91917363155447, 8.591283129278885, 0.0]]