[[0.0, 12.612511719476897, 21.69291025653398, 28.66013983439081, 34.55307777710252, 39.73976782481923, 48.264170508056864, 41.23839685970138, 34.92234030822054, 26.431954008126855, 17.464240647677816, 8.793708844224605, 4.669822449904175, 17.204026651461835, 25.755273415796328, 34.62171997448369, 43.03118528313671, 34.39283757828784, 25.250691700486165, 16.66559792728323], [12.612511719476897, 0.0, 9.179244548251834, 16.857546082323516, 23.45584907859782, 30.214791537028514, 40.95255286389899, 34.5129013844097, 28.201496034332138, 20.120098638347407, 13.358321200428827, 10.422240058572921, 8.719983240757113, 7.016328476469516, 15.229189946206695, 25.19354528808276, 35.230029534787775, 25.35532300075868, 15.294502256586288, 7.544264101401082], [21.69291025653398, 9.179244548251834, 0.0, 8.437248183930233, 15.565828453522318, 23.6306833509516, 35.87491656412238, 30.23965183787489, 24.468027589682496, 18.1054313253423, 15.64648652516536, 17.499243375286405, 17.471850681817365, 7.077433467990921, 9.17582544691016, 19.021727737875285, 29.981962250521292, 19.587472523470943, 10.109640470744745, 8.526740266537619], [28.66013983439081, 16.857546082323516, 8.437248183930233, 0.0, 7.501647732034543, 16.059351884193866, 28.953346379471235, 23.945909915953877, 19.089387240549385, 15.66899154669419, 17.96428779225386, 22.819151688020064, 24.113615703695242, 11.772476278299393, 5.354699289398236, 11.814489735566065, 23.05528284719773, 12.695429844992686, 6.859799337476715, 12.705446549189364], [34.55307777710252, 23.45584907859782, 15.565828453522318, 7.501647732034543, 0.0, 9.153916240820323, 22.538787651068436, 19.140026482006686, 16.834175291009323, 17.50515377967109, 22.688829496450147, 28.319192509940148, 29.977809647521962, 17.939012058428442, 9.945463934485561, 7.092112732977313, 16.945333611731844, 8.434716421814315, 10.76939249409701, 18.541750596105725], [39.73976782481923, 30.214791537028514, 23.6306833509516, 16.059351884193866, 9.153916240820323, 0.0, 13.442639046663004, 11.900687416903152, 13.937110794910138, 19.30957135852008, 26.70347582217742, 32.937118661903774, 35.24427512581033, 24.179578353399815, 16.31011434563538, 6.143054092802776, 8.177882016498698, 6.693026081062737, 16.346200341712475, 24.33167031759597], [48.264170508056864, 40.95255286389899, 35.87491656412238, 28.953346379471235, 22.538787651068436, 13.442639046663004, 0.0, 9.208752825476967, 17.875418239934692, 26.59852377236079, 34.91475965626298, 41.198058182982614, 44.10376310574001, 34.79807367202021, 27.876157738261384, 17.455931762754002, 6.035151870481968, 16.948453306258333, 27.389678270457903, 34.52988754546061], [41.23839685970138, 34.5129013844097, 30.23965183787489, 23.945909915953877, 19.140026482006686, 11.900687416903152, 9.208752825476967, 0.0, 8.94893451699575, 17.99750985335944, 26.667312816634134, 33.548169940256514, 37.04510632668969, 27.97289162557529, 21.521199310098176, 12.368180852491534, 5.814755767801959, 11.292339919391067, 20.7098200854936, 27.49557575943486], [34.92234030822054, 28.201496034332138, 24.468027589682496, 19.089387240549385, 16.834175291009323, 13.937110794910138, 17.875418239934692, 8.94893451699575, 0.0, 9.559100789770657, 18.831118329234748, 26.619910807172687, 30.62450867013017, 21.339846841372644, 15.433142749619465, 10.138187960619295, 12.937547140651509, 8.84255509945405, 14.367589872653516, 20.74547569231561], [26.431954008126855, 20.120098638347407, 18.1054313253423, 15.66899154669419, 17.50515377967109, 19.30957135852008, 26.59852377236079, 17.99750985335944, 9.559100789770657, 0.0, 9.4983798248525, 17.845097950957765, 22.124034499164438, 13.44787554154046, 10.53967121958527, 13.442488041633297, 21.110682615096135, 12.629010712002305, 9.128884700642574, 12.621302104934104], [17.464240647677816, 13.358321200428827, 15.64648652516536, 17.96428779225386, 22.688829496450147, 26.70347582217742, 34.91475965626298, 26.667312816634134, 18.831118329234748, 9.4983798248525, 0.0, 8.750911455780821, 13.38477291388431, 8.910150167197134, 13.082813788607139, 20.760258797508985, 29.385556104210806, 20.255426559501878, 11.97209539786002, 7.6070943441322605], [8.793708844224605, 10.422240058572921, 17.499243375286405, 22.819151688020064, 28.319192509940148, 32.937118661903774, 41.198058182982614, 33.548169940256514, 26.619910807172687, 17.845097950957765, 8.750911455780821, 0.0, 5.268982836956205, 11.163339430137698, 18.903014619972684, 27.40864310940126, 35.839781768852184, 27.030927547066785, 18.109404722579065, 10.114239088901005], [4.669822449904175, 8.719983240757113, 17.471850681817365, 24.113615703695242, 29.977809647521962, 35.24427512581033, 44.10376310574001, 37.04510632668969, 30.62450867013017, 22.124034499164438, 13.38477291388431, 5.268982836956205, 0.0, 12.577608248379338, 21.09128600645001, 30.044752477205897, 38.73901437887745, 29.84079321594292, 20.582046169285743, 12.002938902088854], [17.204026651461835, 7.016328476469516, 7.077433467990921, 11.772476278299393, 17.939012058428442, 24.179578353399815, 34.79807367202021, 27.97289162557529, 21.339846841372644, 13.44787554154046, 8.910150167197134, 11.163339430137698, 12.577608248379338, 0.0, 8.722615407453318, 18.739820821539197, 28.956284347884385, 18.802503419973338, 8.518832900705002, 1.463494718948452], [25.755273415796328, 15.229189946206695, 9.17582544691016, 5.354699289398236, 9.945463934485561, 16.31011434563538, 27.876157738261384, 21.521199310098176, 15.433142749619465, 10.53967121958527, 13.082813788607139, 18.903014619972684, 21.09128600645001, 8.722615407453318, 0.0, 10.747267660137156, 21.859584034239262, 11.067781718966318, 1.5456465679850624, 9.145394578315909], [34.62171997448369, 25.19354528808276, 19.021727737875285, 11.814489735566065, 7.092112732977313, 6.143054092802776, 17.455931762754002, 12.368180852491534, 10.138187960619295, 13.442488041633297, 20.760258797508985, 27.40864310940126, 30.044752477205897, 18.739820821539197, 10.747267660137156, 0.0, 11.453235648369677, 1.3941238955254396, 10.5752789375616, 18.800178663992533], [43.03118528313671, 35.230029534787775, 29.981962250521292, 23.05528284719773, 16.945333611731844, 8.177882016498698, 6.035151870481968, 5.814755767801959, 12.937547140651509, 21.110682615096135, 29.385556104210806, 35.839781768852184, 38.73901437887745, 28.956284347884385, 21.859584034239262, 11.453235648369677, 0.0, 10.914094295028837, 21.390243179341088, 28.735175508121923], [34.39283757828784, 25.35532300075868, 19.587472523470943, 12.695429844992686, 8.434716421814315, 6.693026081062737, 16.948453306258333, 11.292339919391067, 8.84255509945405, 12.629010712002305, 20.255426559501878, 27.030927547066785, 29.84079321594292, 18.802503419973338, 11.067781718966318, 1.3941238955254396, 10.914094295028837, 0.0, 10.702522254163688, 18.75433875333585], [25.250691700486165, 15.294502256586288, 10.109640470744745, 6.859799337476715, 10.76939249409701, 16.346200341712475, 27.389678270457903, 20.7098200854936, 14.367589872653516, 9.128884700642574, 11.97209539786002, 18.109404722579065, 20.582046169285743, 8.518832900705002, 1.5456465679850624, 10.5752789375616, 21.390243179341088, 10.702522254163688, 0.0, 8.69526333628913], [16.66559792728323, 7.544264101401082, 8.526740266537619, 12.705446549189364, 18.541750596105725, 24.33167031759597, 34.52988754546061, 27.49557575943486, 20.74547569231561, 12.621302104934104, 7.6070943441322605, 10.114239088901005, 12.002938902088854, 1.463494718948452, 9.145394578315909, 18.800178663992533, 28.735175508121923, 18.75433875333585, 8.69526333628913, 0.0]]