[[0.0, 11.450167379600963, 22.961447182394668, 28.459980464035265, 34.34318162942323, 39.67181768817209, 48.29209012076005, 40.21577936440736, 34.90123503938168, 26.453726028567484, 17.518923219329373, 8.864609573964662, 4.813946821625885, 16.868982728898203, 25.890534526865387, 34.62380739411831, 43.02857656182525, 34.429164086312895, 25.440999361547274, 15.78646531014926], [11.450167379600963, 0.0, 11.667159199926347, 17.94641153057449, 24.51270965798047, 31.274497137260738, 41.95517520630528, 34.28165943655547, 29.09417538505324, 20.91004560333881, 13.755840626299575, 9.838227411714268, 7.505026868052501, 6.902629470201768, 16.459891198431567, 26.26103976551625, 36.20166731339021, 26.39265794416826, 16.479981015630234, 7.538090120730177], [22.961447182394668, 11.667159199926347, 0.0, 7.564363759655465, 14.624689858099588, 22.937461857214455, 35.49701585457283, 28.886014729049155, 24.572309930042962, 18.618159451612524, 16.736426895525877, 18.686308194160937, 18.56199809241338, 7.38115325698349, 9.069210547120457, 18.47743394262087, 29.521446040596064, 19.082993420767664, 10.074124613099093, 9.925685528414743], [28.459980464035265, 17.94641153057449, 7.564363759655465, 0.0, 7.547636831938853, 16.067300719837572, 29.031077861395882, 22.70495944482284, 18.994097678555335, 15.442472896826658, 17.701574601115833, 22.474417469954172, 23.747532136712714, 11.789217133456956, 4.970802651158667, 11.626516927321655, 22.992968748120283, 12.412901880748153, 6.355024967175662, 13.263037229159275], [34.34318162942323, 24.51270965798047, 14.624689858099588, 7.547636831938853, 0.0, 9.055218320728496, 22.509313361444196, 17.955860277424915, 16.658799830013475, 17.288087307523806, 22.470513730733643, 28.016392261060048, 29.661586245512414, 18.38180455348982, 9.844663946468563, 6.757001095291678, 16.750280042278817, 8.001941606667787, 10.554646502972515, 19.322276619096748], [39.67181768817209, 31.274497137260738, 22.937461857214455, 16.067300719837572, 9.055218320728496, 0.0, 13.525321916513304, 11.245041820308055, 13.902146930975233, 19.29563389900806, 26.673437288138818, 32.83790873259085, 35.13624308371853, 25.175114619583482, 16.48088796627903, 6.21109998972533, 8.088487248487017, 6.710404924548597, 16.49748910292112, 25.369194736995297], [48.29209012076005, 41.95517520630528, 35.49701585457283, 29.031077861395882, 22.509313361444196, 13.525321916513304, 0.0, 10.298757214928319, 17.991896637232525, 26.78446163330311, 35.06072347452102, 41.27280570426019, 44.1729837426006, 36.22592133880541, 28.252483806614986, 17.74633350499548, 6.16786477045582, 17.300718766370984, 27.804787597853686, 35.70220368410595], [40.21577936440736, 34.28165943655547, 28.886014729049155, 22.70495944482284, 17.955860277424915, 11.245041820308055, 10.298757214928319, 0.0, 7.780173431185255, 16.880417121482274, 25.573929631832083, 32.488185574339035, 35.99798742655018, 28.29504813671023, 20.55572772587047, 11.439188258043272, 6.158793266225619, 10.407662487018541, 19.788552909226787, 27.383609447383574], [34.90123503938168, 29.09417538505324, 24.572309930042962, 18.994097678555335, 16.658799830013475, 13.902146930975233, 17.991896637232525, 7.780173431185255, 0.0, 9.61591995211696, 18.852783962754312, 26.579638506750427, 30.579543729057537, 22.910806599453412, 15.64725713500628, 10.210419790319401, 12.958072587249426, 8.956953078123494, 14.62025998824826, 21.733096165946215], [26.453726028567484, 20.91004560333881, 18.618159451612524, 15.442472896826658, 17.288087307523806, 19.29563389900806, 26.78446163330311, 16.880417121482274, 9.61591995211696, 0.0, 9.490490363209426, 17.800123329269912, 22.071573953284638, 15.021198278412173, 10.640157606622557, 13.433072602128636, 21.193388377077838, 12.635567003666628, 9.280099400059242, 13.414486447151786], [17.518923219329373, 13.755840626299575, 16.736426895525877, 17.701574601115833, 22.470513730733643, 26.673437288138818, 35.06072347452102, 25.573929631832083, 18.852783962754312, 9.490490363209426, 0.0, 8.712085713108886, 13.339135082879029, 10.166509536032022, 13.144176122023131, 20.739943172908553, 29.447057965400912, 20.255037267712297, 12.085996021755223, 7.654830260650075], [8.864609573964662, 9.838227411714268, 18.686308194160937, 22.474417469954172, 28.016392261060048, 32.83790873259085, 41.27280570426019, 32.488185574339035, 26.579638506750427, 17.800123329269912, 8.712085713108886, 0.0, 5.2650967479979025, 11.402164442833215, 18.92538275288051, 27.349555547848308, 35.84933511847305, 27.00903007921836, 18.199765528449507, 9.275927058142283], [4.813946821625885, 7.505026868052501, 18.56199809241338, 23.747532136712714, 29.661586245512414, 35.13624308371853, 44.1729837426006, 35.99798742655018, 30.579543729057537, 22.071573953284638, 13.339135082879029, 5.2650967479979025, 0.0, 12.150479328188004, 21.083593817088516, 29.97416908352734, 38.74364163721231, 29.807132669169537, 20.63835694195013, 10.974475775477117], [16.868982728898203, 6.902629470201768, 7.38115325698349, 11.789217133456956, 18.38180455348982, 25.175114619583482, 36.22592133880541, 28.29504813671023, 22.910806599453412, 15.021198278412173, 10.166509536032022, 11.402164442833215, 12.150479328188004, 0.0, 9.652177850164646, 19.825269221038035, 30.27737553615919, 19.96268519739281, 9.659625338958495, 2.7324585412741347], [25.890534526865387, 16.459891198431567, 9.069210547120457, 4.970802651158667, 9.844663946468563, 16.48088796627903, 28.252483806614986, 20.55572772587047, 15.64725713500628, 10.640157606622557, 13.144176122023131, 18.92538275288051, 21.083593817088516, 9.652177850164646, 0.0, 10.829784360815452, 22.108212337028924, 11.119188392495063, 1.4339434795709334, 10.189414321392713], [34.62380739411831, 26.26103976551625, 18.47743394262087, 11.626516927321655, 6.757001095291678, 6.21109998972533, 17.74633350499548, 11.439188258043272, 10.210419790319401, 13.433072602128636, 20.739943172908553, 27.349555547848308, 29.97416908352734, 19.825269221038035, 10.829784360815452, 0.0, 11.60552929504368, 1.2977987378596179, 10.654451271927005, 19.838684637348713], [43.02857656182525, 36.20166731339021, 29.521446040596064, 22.992968748120283, 16.750280042278817, 8.088487248487017, 6.16786477045582, 6.158793266225619, 12.958072587249426, 21.193388377077838, 29.447057965400912, 35.84933511847305, 38.74364163721231, 30.27737553615919, 22.108212337028924, 11.60552929504368, 0.0, 11.133405264066564, 21.676103492794134, 29.83199734417964], [34.429164086312895, 26.39265794416826, 19.082993420767664, 12.412901880748153, 8.001941606667787, 6.710404924548597, 17.300718766370984, 10.407662487018541, 8.956953078123494, 12.635567003666628, 20.255037267712297, 27.00903007921836, 29.807132669169537, 19.96268519739281, 11.119188392495063, 1.2977987378596179, 11.133405264066564, 0.0, 10.778487668639833, 19.798095162826698], [25.440999361547274, 16.479981015630234, 10.074124613099093, 6.355024967175662, 10.554646502972515, 16.49748910292112, 27.804787597853686, 19.788552909226787, 14.62025998824826, 9.280099400059242, 12.085996021755223, 18.199765528449507, 20.63835694195013, 9.659625338958495, 1.4339434795709334, 10.654451271927005, 21.676103492794134, 10.778487668639833, 0.0, 9.805320363863027], [15.78646531014926, 7.538090120730177, 9.925685528414743, 13.263037229159275, 19.322276619096748, 25.369194736995297, 35.70220368410595, 27.383609447383574, 21.733096165946215, 13.414486447151786, 7.654830260650075, 9.275927058142283, 10.974475775477117, 2.7324585412741347, 10.189414321392713, 19.838684637348713, 29.83199734417964, 19.798095162826698, 9.805320363863027, 0.0]]