[[0.0, 12.605821710112357, 19.958926587461715, 26.983593381594567, 33.575594937578586, 39.98410274076988, 46.01826789464643, 42.59406342667492, 36.43538469489183, 26.681686224369436, 18.22933937279267, 10.959908628783445, 6.430269818404279, 17.629237242999174, 25.68382713659662, 31.74012014499764, 41.82463534943476, 31.66329632880776, 25.337771662210255, 17.462313387890305], [12.605821710112357, 0.0, 8.16882765101566, 16.301224851515727, 24.00912800490174, 32.54688572264236, 40.40658740322788, 37.94139205514555, 32.247592985693394, 23.879369542897347, 18.521377933767912, 13.614444214625644, 8.437182354768737, 8.999234000618996, 16.62599001780011, 23.655711519177878, 35.78737673468112, 24.27825146049515, 17.262971871142724, 9.608928245354154], [19.958926587461715, 8.16882765101566, 0.0, 8.401088102872627, 16.59407298739749, 26.16452760194445, 34.781016213158786, 32.7109149863424, 27.461005483121152, 20.89086537408103, 18.86414729767495, 17.07617603116505, 14.411240536838285, 5.860750983870499, 9.811810370573772, 16.953981644274748, 29.995149376330115, 17.962485432842666, 11.18906930125187, 6.953614189227134], [26.983593381594567, 16.301224851515727, 8.401088102872627, 0.0, 8.503104951360475, 18.78899364157913, 27.881315950193997, 26.3014670762498, 21.9989855913233, 18.684381287668533, 20.698707606210714, 21.83722478216836, 20.986379029165825, 10.010983937658228, 4.631705016253417, 9.725980508115834, 23.05340352529589, 11.269463913418289, 6.942472711254187, 10.623813264925218], [33.575594937578586, 24.00912800490174, 16.59407298739749, 8.503104951360475, 0.0, 10.804047692564575, 20.309023116401562, 20.01364328770319, 18.068757242734794, 19.720664940654636, 24.853095081415074, 27.71595492929491, 27.681133896351064, 17.169185935539403, 9.263395116360094, 5.640980228733841, 15.70999349509687, 7.8288235170179945, 10.424488855588557, 17.494999175483663], [39.98410274076988, 32.54688572264236, 26.16452760194445, 18.78899364157913, 10.804047692564575, 0.0, 9.691614752779389, 11.816276979854058, 14.698104464143224, 22.173571512737155, 29.38214357100996, 33.6390949259813, 34.511244020319666, 25.447892507203065, 17.964724155833785, 10.91923633054006, 5.776773410847789, 11.416829908713797, 17.998755827205, 25.493923899655343], [46.01826789464643, 40.40658740322788, 34.781016213158786, 27.881315950193997, 20.309023116401562, 9.691614752779389, 0.0, 7.646787889454886, 15.468504997782041, 25.991903603656382, 34.032881997339764, 39.20837617942587, 40.9444829081867, 33.11977230019496, 26.22394030121936, 19.008887439541457, 4.980909551755484, 18.600988929339994, 25.679780766022223, 32.95813058151383], [42.59406342667492, 37.94139205514555, 32.7109149863424, 26.3014670762498, 20.01364328770319, 11.816276979854058, 7.646787889454886, 0.0, 8.56317897805237, 19.90792193871751, 28.56751093050364, 34.58420015290902, 37.37555252035324, 29.94984616551322, 23.534094818301106, 16.70542965176032, 6.513037745868588, 15.458367874813078, 22.391511758504134, 29.561382241185424], [36.43538469489183, 32.247592985693394, 27.461005483121152, 21.9989855913233, 18.068757242734794, 14.698104464143224, 15.468504997782041, 8.56317897805237, 0.0, 11.666461939091988, 20.820461940183005, 27.382952332539862, 30.970140367545206, 23.773005645552285, 18.24240534452255, 13.013383141214312, 12.033437954118725, 10.994130312468606, 16.538268003565094, 23.188829831714262], [26.681686224369436, 23.879369542897347, 20.89086537408103, 18.684381287668533, 19.720664940654636, 22.173571512737155, 25.991903603656382, 19.90792193871751, 11.666461939091988, 0.0, 9.51927226320053, 16.54496977941229, 21.169407703785215, 15.719015090739138, 14.052820144035318, 14.324442481552525, 21.769590675778467, 12.467727352794691, 11.74246127212838, 14.794483899839797], [18.22933937279267, 18.521377933767912, 18.86414729767495, 20.698707606210714, 24.853095081415074, 29.38214357100996, 34.032881997339764, 28.56751093050364, 20.820461940183005, 9.51927226320053, 0.0, 7.52692969821089, 13.38679761936013, 13.016342160423028, 16.724725336097272, 20.499080611695145, 29.74554830048722, 19.30756633055948, 14.887691696857242, 11.930011533166269], [10.959908628783445, 13.614444214625644, 17.07617603116505, 21.83722478216836, 27.71595492929491, 33.6390949259813, 39.20837617942587, 34.58420015290902, 27.382952332539862, 16.54496977941229, 7.52692969821089, 0.0, 6.625054841129915, 12.116333099063713, 19.017572851149296, 24.501189888145856, 34.82385577168642, 23.873291242039354, 17.900088707376646, 11.321812218341593], [6.430269818404279, 8.437182354768737, 14.411240536838285, 20.986379029165825, 27.681133896351064, 34.511244020319666, 40.9444829081867, 37.37555252035324, 30.970140367545206, 21.169407703785215, 13.38679761936013, 6.625054841129915, 0.0, 11.333582022320394, 19.43380457354802, 25.68557090204938, 36.524018925368956, 25.60657915627345, 19.044704757237536, 11.08888648744165], [17.629237242999174, 8.999234000618996, 5.860750983870499, 10.010983937658228, 17.169185935539403, 25.447892507203065, 33.11977230019496, 29.94984616551322, 23.773005645552285, 15.719015090739138, 13.016342160423028, 12.116333099063713, 11.333582022320394, 0.0, 8.463815130772648, 15.566629373298833, 28.303058586120084, 15.868727359930725, 8.572457901822437, 1.1029490931180745], [25.68382713659662, 16.62599001780011, 9.811810370573772, 4.631705016253417, 9.263395116360094, 17.964724155833785, 26.22394030121936, 23.534094818301106, 18.24240534452255, 14.052820144035318, 16.724725336097272, 19.017572851149296, 19.43380457354802, 8.463815130772648, 0.0, 7.549635404883206, 21.274500769975262, 8.307936507327556, 2.3108375053469223, 8.610741467959308], [31.74012014499764, 23.655711519177878, 16.953981644274748, 9.725980508115834, 5.640980228733841, 10.91923633054006, 19.008887439541457, 16.70542965176032, 13.013383141214312, 14.324442481552525, 20.499080611695145, 24.501189888145856, 25.68557090204938, 15.566629373298833, 7.549635404883206, 0.0, 14.041945797701896, 2.214903940818645, 7.371211218618008, 15.53625627133744], [41.82463534943476, 35.78737673468112, 29.995149376330115, 23.05340352529589, 15.70999349509687, 5.776773410847789, 4.980909551755484, 6.513037745868588, 12.033437954118725, 21.769590675778467, 29.74554830048722, 34.82385577168642, 36.524018925368956, 28.303058586120084, 21.274500769975262, 14.041945797701896, 0.0, 13.63081797340497, 20.7280751972687, 28.147210931670053], [31.66329632880776, 24.27825146049515, 17.962485432842666, 11.269463913418289, 7.8288235170179945, 11.416829908713797, 18.600988929339994, 15.458367874813078, 10.994130312468606, 12.467727352794691, 19.30756633055948, 23.873291242039354, 25.60657915627345, 15.868727359930725, 8.307936507327556, 2.214903940818645, 13.63081797340497, 0.0, 7.495347738936332, 15.683948663482612], [25.337771662210255, 17.262971871142724, 11.18906930125187, 6.942472711254187, 10.424488855588557, 17.998755827205, 25.679780766022223, 22.391511758504134, 16.538268003565094, 11.74246127212838, 14.887691696857242, 17.900088707376646, 19.044704757237536, 8.572457901822437, 2.3108375053469223, 7.371211218618008, 20.7280751972687, 7.495347738936332, 0.0, 8.422138918698979], [17.462313387890305, 9.608928245354154, 6.953614189227134, 10.623813264925218, 17.494999175483663, 25.493923899655343, 32.95813058151383, 29.561382241185424, 23.188829831714262, 14.794483899839797, 11.930011533166269, 11.321812218341593, 11.08888648744165, 1.1029490931180745, 8.610741467959308, 15.53625627133744, 28.147210931670053, 15.683948663482612, 8.422138918698979, 0.0]]