[[0.0, 10.892901872302165, 19.36679385293505, 26.292880540795696, 32.981905897147755, 38.93776035923428, 46.03235565254966, 41.172132147504215, 34.92392581774118, 26.119654425789786, 18.73834684297142, 10.436722533668652, 4.746310556190462, 16.728504151076212, 23.787352476384086, 31.18797829232753, 41.7843535485776, 31.18797829232753, 23.787352476384086, 16.730697905534278], [10.892901872302165, 0.0, 8.660391734710098, 16.36300109273812, 23.99027699274466, 31.22845360904406, 39.99484082574538, 35.41988557635778, 28.960955661227562, 21.501609656144073, 15.54270975480276, 10.022190226047943, 7.5532154760399255, 8.400942921108914, 15.51316652768931, 23.396521045977945, 35.5031652276992, 23.396521045977945, 15.51316652768931, 8.952436169047452], [19.36679385293505, 8.660391734710098, 0.0, 8.344157997422268, 16.664794201755058, 24.865075613326777, 34.76091105698551, 30.54314966650638, 24.249187526824024, 19.072609746327302, 16.069967382834168, 15.059318769057384, 15.383745574677906, 6.520402388806159, 9.981580561415866, 17.306058280389735, 30.2159369543615, 17.306058280389735, 9.981580561415866, 7.488263088014343], [26.292880540795696, 16.36300109273812, 8.344157997422268, 0.0, 8.589169303262047, 17.2236911684836, 27.6236415704991, 23.747286341439246, 18.1414521998604, 16.485688148516488, 17.4715324902412, 20.106321984503133, 21.890534629606286, 10.290408109465485, 6.317394047950863, 10.216716438200681, 23.136826436640806, 10.216716438200681, 6.317394047950863, 10.840370987542356], [32.981905897147755, 23.99027699274466, 16.664794201755058, 8.589169303262047, 0.0, 8.894668022350187, 19.753050271508474, 16.911949663032697, 13.94029106304982, 17.63012174585524, 21.9914432611844, 26.40267472764312, 28.54819890559856, 17.217204638037906, 10.730073920537267, 5.9425575516791564, 15.524181153261706, 5.9425575516791564, 10.730073920537267, 17.52645564787236], [38.93776035923428, 31.22845360904406, 24.865075613326777, 17.2236911684836, 8.894668022350187, 0.0, 11.105566325231957, 10.217225987788414, 12.650276115263567, 20.688123252906944, 26.988731192967222, 32.30899938032315, 34.625697494188614, 24.240951276414158, 17.560285229782146, 9.597681915705481, 7.40655934162071, 9.597681915705481, 17.560285229782146, 24.37737885405193], [46.03235565254966, 39.99484082574538, 34.76091105698551, 27.6236415704991, 19.753050271508474, 11.105566325231957, 0.0, 6.943669879375379, 15.910866245399271, 25.752394547464373, 33.18476807009559, 39.253944063714435, 41.931744275809436, 32.83840925818879, 26.411031487080944, 18.34504317789102, 4.6318416193055425, 18.34504317789102, 26.411031487080944, 32.762983726280574], [41.172132147504215, 35.41988557635778, 30.54314966650638, 23.747286341439246, 16.911949663032697, 10.217225987788414, 6.943669879375379, 0.0, 9.245847790955843, 19.167272030074756, 26.935361799848927, 33.58792390763759, 36.92135664693304, 27.7931555208502, 21.345232450806105, 13.676329188102592, 4.335777912209291, 13.676329188102592, 21.345232450806105, 27.55749237835607], [34.92392581774118, 28.960955661227562, 24.249187526824024, 18.1414521998604, 13.94029106304982, 12.650276115263567, 15.910866245399271, 9.245847790955843, 0.0, 10.605420848451466, 18.74185480252939, 26.174622848872644, 30.412741636255355, 20.77200049142212, 14.324022594906113, 8.531294517177324, 11.994440698202188, 8.531294517177324, 14.324022594906113, 20.341319915729407], [26.119654425789786, 21.501609656144073, 19.072609746327302, 16.485688148516488, 17.63012174585524, 20.688123252906944, 25.752394547464373, 19.167272030074756, 10.605420848451466, 0.0, 8.381252384292758, 16.46760130170545, 21.65547208189498, 13.712600397045412, 10.358272227809808, 12.182063920472466, 21.560930612371582, 12.182063920472466, 10.358272227809808, 12.887735099868749], [18.73834684297142, 15.54270975480276, 16.069967382834168, 17.4715324902412, 21.9914432611844, 26.988731192967222, 33.18476807009559, 26.935361799848927, 18.74185480252939, 8.381252384292758, 0.0, 8.499431208219406, 14.433331480414143, 9.806486608295291, 11.715443876894504, 17.814072926989883, 28.83376379665359, 17.814072926989883, 11.715443876894504, 8.749228643624184], [10.436722533668652, 10.022190226047943, 15.059318769057384, 20.106321984503133, 26.40267472764312, 32.30899938032315, 39.253944063714435, 33.58792390763759, 26.174622848872644, 16.46760130170545, 8.499431208219406, 0.0, 6.4225726874583495, 9.868082681502669, 15.985793913765901, 23.503578723308795, 34.85283143435926, 23.503578723308795, 15.985793913765901, 9.269568170315482], [4.746310556190462, 7.5532154760399255, 15.383745574677906, 21.890534629606286, 28.54819890559856, 34.625697494188614, 41.931744275809436, 36.92135664693304, 30.412741636255355, 21.65547208189498, 14.433331480414143, 6.4225726874583495, 0.0, 12.081429763106062, 19.099806015167616, 26.60568032459144, 37.59235809239172, 26.60568032459144, 19.099806015167616, 12.026271552189815], [16.728504151076212, 8.400942921108914, 6.520402388806159, 10.290408109465485, 17.217204638037906, 24.240951276414158, 32.83840925818879, 27.7931555208502, 20.77200049142212, 13.712600397045412, 9.806486608295291, 9.868082681502669, 12.081429763106062, 0.0, 7.398826294178153, 15.587523166215762, 28.24914760391407, 15.587523166215762, 7.398826294178153, 1.0626669811097942], [23.787352476384086, 15.51316652768931, 9.981580561415866, 6.317394047950863, 10.730073920537267, 17.560285229782146, 26.411031487080944, 21.345232450806105, 14.324022594906113, 10.358272227809808, 11.715443876894504, 15.985793913765901, 19.099806015167616, 7.398826294178153, 0.0, 8.43221271040437, 21.77919507567169, 8.43221271040437, 0.0, 7.357375929795962], [31.18797829232753, 23.396521045977945, 17.306058280389735, 10.216716438200681, 5.9425575516791564, 9.597681915705481, 18.34504317789102, 13.676329188102592, 8.531294517177324, 12.182063920472466, 17.814072926989883, 23.503578723308795, 26.60568032459144, 15.587523166215762, 8.43221271040437, 0.0, 13.750855317391753, 0.0, 8.43221271040437, 15.548912512425105], [41.7843535485776, 35.5031652276992, 30.2159369543615, 23.136826436640806, 15.524181153261706, 7.40655934162071, 4.6318416193055425, 4.335777912209291, 11.994440698202188, 21.560930612371582, 28.83376379665359, 34.85283143435926, 37.59235809239172, 28.24914760391407, 21.77919507567169, 13.750855317391753, 0.0, 13.750855317391753, 21.77919507567169, 28.174998080456174], [31.18797829232753, 23.396521045977945, 17.306058280389735, 10.216716438200681, 5.9425575516791564, 9.597681915705481, 18.34504317789102, 13.676329188102592, 8.531294517177324, 12.182063920472466, 17.814072926989883, 23.503578723308795, 26.60568032459144, 15.587523166215762, 8.43221271040437, 0.0, 13.750855317391753, 0.0, 8.43221271040437, 15.548912512425105], [23.787352476384086, 15.51316652768931, 9.981580561415866, 6.317394047950863, 10.730073920537267, 17.560285229782146, 26.411031487080944, 21.345232450806105, 14.324022594906113, 10.358272227809808, 11.715443876894504, 15.985793913765901, 19.099806015167616, 7.398826294178153, 0.0, 8.43221271040437, 21.77919507567169, 8.43221271040437, 0.0, 7.357375929795962], [16.730697905534278, 8.952436169047452, 7.488263088014343, 10.840370987542356, 17.52645564787236, 24.37737885405193, 32.762983726280574, 27.55749237835607, 20.341319915729407, 12.887735099868749, 8.749228643624184, 9.269568170315482, 12.026271552189815, 1.0626669811097942, 7.357375929795962, 15.548912512425105, 28.174998080456174, 15.548912512425105, 7.357375929795962, 0.0]]