[[0.0, 16.554031409786173, 25.373460069934357, 28.584033314379795, 34.369976949774944, 39.45821874936217, 43.993605915384805, 39.876949012143555, 33.699604444236, 27.401426518312824, 17.85464678137213, 8.036325798244437, 4.200940449619586, 14.771639089389808, 26.405489524547622, 32.619976713718145, 39.80409835754707, 31.876911515441677, 22.010505418317862, 11.774691796377942], [16.554031409786173, 0.0, 13.010617861296133, 19.17608841473237, 25.79135273341292, 33.53723581093843, 44.100893337028104, 42.87929245162226, 38.6890776399846, 34.559368471344015, 27.74805894936836, 22.64759216907622, 16.47960001713565, 7.392691263575268, 19.284848837350655, 28.278397338602574, 40.20223437046864, 34.39090414668224, 26.991717308208067, 21.331674592644838], [25.373460069934357, 13.010617861296133, 0.0, 6.967557449391648, 13.58992856779711, 22.486999218735548, 36.1361512971888, 36.25548897807073, 33.537755709845555, 31.83965106026551, 28.970103576024915, 28.558330089907226, 23.450709673369655, 10.603229233825894, 8.939147673234233, 18.32276417049865, 32.712623071785146, 28.506729558530584, 24.234689786247912, 23.904554862148956], [28.584033314379795, 19.17608841473237, 6.967557449391648, 0.0, 7.3123537328546275, 16.238712922827904, 30.451382264452644, 30.787287932860423, 28.810687478043295, 28.562478172935855, 28.127522913423824, 30.07196410840438, 25.91812654959139, 14.652392401682565, 3.828295633291916, 12.08250515364682, 27.262423373827517, 23.703787425763505, 21.413711082370884, 24.095246744919507], [34.369976949774944, 25.79135273341292, 13.58992856779711, 7.3123537328546275, 0.0, 9.558166203149277, 25.64860253770291, 27.787719115035618, 28.42038182691031, 30.267420888631232, 32.17220096707186, 35.18940404735892, 31.228724562276973, 21.15673495137149, 8.549625339630326, 8.452420933651437, 23.121117456780627, 22.003891903191427, 23.12579652589222, 28.371216191783407], [39.45821874936217, 33.53723581093843, 22.486999218735548, 16.238712922827904, 9.558166203149277, 0.0, 17.269061297312746, 21.639096179179496, 26.066852802092903, 30.359869440207493, 34.92253561687516, 39.083638804222986, 35.75183136993217, 28.175984239140412, 15.862715259176595, 7.560347311016469, 15.710567654074781, 18.151924686034754, 23.60147946373624, 31.51507510090715], [43.993605915384805, 44.100893337028104, 36.1361512971888, 30.451382264452644, 25.64860253770291, 17.269061297312746, 0.0, 9.937651823635198, 21.50679349648594, 28.433894839272764, 36.05606287266766, 41.335054166417976, 39.81212674084143, 37.70696928551108, 28.307864111281678, 18.525287430705337, 4.199576422867193, 13.354221162944736, 23.74957274989765, 33.77494396150313], [39.876949012143555, 42.87929245162226, 36.25548897807073, 30.787287932860423, 27.787719115035618, 21.639096179179496, 9.937651823635198, 0.0, 12.46681554990712, 19.904797923573756, 28.840194158784907, 35.666373511117335, 35.83241155191396, 35.81033249085146, 27.768144952385008, 19.45293106173167, 8.498203410759833, 8.54130357442615, 18.182243921221307, 28.566939167166108], [33.699604444236, 38.6890776399846, 33.537755709845555, 28.810687478043295, 28.42038182691031, 26.066852802092903, 21.50679349648594, 12.46681554990712, 0.0, 8.398905960306857, 18.894176813030647, 28.097245597432533, 30.206452300537062, 31.308050953473384, 25.250222964309465, 20.764008305253608, 18.817431512285253, 11.413234714922709, 12.96359465879318, 21.9908707317144], [27.401426518312824, 34.559368471344015, 31.83965106026551, 28.562478172935855, 30.267420888631232, 30.359869440207493, 28.433894839272764, 19.904797923573756, 8.398905960306857, 0.0, 10.91885364481075, 21.008490392783244, 24.440058043348163, 27.442890723496788, 24.83048063538496, 23.684824027672807, 25.10391020463809, 16.057714161434717, 10.921613920187312, 16.202818732100017], [17.85464678137213, 27.74805894936836, 28.970103576024915, 28.127522913423824, 32.17220096707186, 34.92253561687516, 36.05606287266766, 28.840194158784907, 18.894176813030647, 10.91885364481075, 0.0, 10.963490286650643, 15.870728806979281, 21.6449505347551, 24.647589634235526, 27.451764433801227, 32.16819437580296, 22.718339898593165, 12.947346418285338, 9.153136746521058], [8.036325798244437, 22.64759216907622, 28.558330089907226, 30.07196410840438, 35.18940404735892, 39.083638804222986, 41.335054166417976, 35.666373511117335, 28.097245597432533, 21.008490392783244, 10.963490286650643, 0.0, 7.4599763100501235, 18.621006737520723, 27.139596043474437, 31.79661914103248, 37.203094967450575, 28.416527535952543, 18.07613947546093, 7.786800942966826], [4.200940449619586, 16.47960001713565, 23.450709673369655, 25.91812654959139, 31.228724562276973, 35.75183136993217, 39.81212674084143, 35.83241155191396, 30.206452300537062, 24.440058043348163, 15.870728806979281, 7.4599763100501235, 0.0, 13.109410298308196, 23.459321916503555, 28.92286769056215, 35.62591681149064, 27.78738394955484, 18.127592568034785, 8.324398955864618], [14.771639089389808, 7.392691263575268, 10.603229233825894, 14.652392401682565, 21.15673495137149, 28.175984239140412, 37.70696928551108, 35.81033249085146, 31.308050953473384, 27.442890723496788, 21.6449505347551, 18.621006737520723, 13.109410298308196, 0.0, 13.545504466157212, 22.096692318721935, 33.71917738792656, 27.353454654004366, 19.816211479081684, 15.38597180721494], [26.405489524547622, 19.284848837350655, 8.939147673234233, 3.828295633291916, 8.549625339630326, 15.862715259176595, 28.307864111281678, 27.768144952385008, 25.250222964309465, 24.83048063538496, 24.647589634235526, 27.139596043474437, 23.459321916503555, 13.545504466157212, 0.0, 10.156594782785223, 24.867911527014627, 20.409834708916048, 17.622408032944815, 20.79914490797158], [32.619976713718145, 28.278397338602574, 18.32276417049865, 12.08250515364682, 8.452420933651437, 7.560347311016469, 18.525287430705337, 19.45293106173167, 20.764008305253608, 23.684824027672807, 27.451764433801227, 31.79661914103248, 28.92286769056215, 22.096692318721935, 10.156594782785223, 0.0, 15.50009473477846, 13.64972123417376, 16.644725256032245, 24.265896912859823], [39.80409835754707, 40.20223437046864, 32.712623071785146, 27.262423373827517, 23.121117456780627, 15.710567654074781, 4.199576422867193, 8.498203410759833, 18.817431512285253, 25.10391020463809, 32.16819437580296, 37.203094967450575, 35.62591681149064, 33.71917738792656, 24.867911527014627, 15.50009473477846, 0.0, 9.472552255107232, 19.681072110721736, 29.61537090036664], [31.876911515441677, 34.39090414668224, 28.506729558530584, 23.703787425763505, 22.003891903191427, 18.151924686034754, 13.354221162944736, 8.54130357442615, 11.413234714922709, 16.057714161434717, 22.718339898593165, 28.416527535952543, 27.78738394955484, 27.353454654004366, 20.409834708916048, 13.64972123417376, 9.472552255107232, 0.0, 10.543267203436038, 20.924365544554846], [22.010505418317862, 26.991717308208067, 24.234689786247912, 21.413711082370884, 23.12579652589222, 23.60147946373624, 23.74957274989765, 18.182243921221307, 12.96359465879318, 10.921613920187312, 12.947346418285338, 18.07613947546093, 18.127592568034785, 19.816211479081684, 17.622408032944815, 16.644725256032245, 19.681072110721736, 10.543267203436038, 0.0, 10.61089061841003], [11.774691796377942, 21.331674592644838, 23.904554862148956, 24.095246744919507, 28.371216191783407, 31.51507510090715, 33.77494396150313, 28.566939167166108, 21.9908707317144, 16.202818732100017, 9.153136746521058, 7.786800942966826, 8.324398955864618, 15.38597180721494, 20.79914490797158, 24.265896912859823, 29.61537090036664, 20.924365544554846, 10.61089061841003, 0.0]]