[[0.0, 12.252908744857404, 25.099584007959194, 30.45380757347557, 36.04491260272852, 39.59714332142714, 47.91411050725475, 40.215054443303764, 34.02347463344977, 27.291534392043353, 18.61807086176401, 8.340778741398074, 4.366189409413431, 17.111459604300535, 27.73851127308331, 36.9056165437316, 43.84994573541843, 36.664965704033676, 27.159452437465156, 16.409888672216486], [12.252908744857404, 0.0, 12.856281120833733, 18.679292206396603, 24.52575800414456, 29.246152586305584, 40.105037866894314, 32.190795309052945, 25.987192009816127, 19.58855141949363, 11.87113790173297, 9.150924092915048, 8.897376998310742, 5.667947084422893, 16.59684261886835, 27.08936793112257, 35.72191495229423, 27.133195622350808, 16.373323505242634, 5.68829901791142], [25.099584007959194, 12.856281120833733, 0.0, 7.512864076014354, 13.369595422677644, 20.13929160681996, 34.10476996647702, 26.694950496735537, 21.535700277588123, 17.5095011841758, 15.373487060193307, 20.348313240226005, 21.48050097917162, 8.798017751170544, 8.296444290039624, 19.281212655764623, 29.651716819229875, 19.850139144019746, 9.256059902882704, 10.059699038889484], [30.45380757347557, 18.679292206396603, 7.512864076014354, 0.0, 6.506162558439806, 13.117711268377802, 27.737417844779028, 20.41263635272225, 16.143778915700064, 14.402188777634347, 16.61030894814253, 24.28989028251083, 26.40206321567407, 13.397339774760772, 4.195000989098812, 12.518535929810678, 23.31104728946263, 13.247029308589077, 5.603217018794288, 14.151704934044696], [36.04491260272852, 24.52575800414456, 13.369595422677644, 6.506162558439806, 0.0, 8.051469626282266, 23.47773017182568, 17.899633474639913, 16.226631892952458, 17.300986288039667, 21.865880651192164, 29.75022415411665, 31.89891967470644, 19.311434359953562, 9.204098172140494, 9.339030127434476, 19.428504243852508, 10.488617463322317, 10.125664351170933, 19.94637051681676], [39.59714332142714, 29.246152586305584, 20.13929160681996, 13.117711268377802, 8.051469626282266, 0.0, 15.51288968106375, 11.166712332550167, 12.908394985331297, 17.1161606113816, 24.290288078592358, 32.610303494835556, 35.274724224397644, 23.92294931106123, 13.65805581177914, 4.024636861828528, 11.606677653225022, 5.146820724380055, 13.774620207834188, 24.1481274086606], [47.91411050725475, 40.105037866894314, 34.10476996647702, 27.737417844779028, 23.47773017182568, 15.51288968106375, 0.0, 10.37106686695375, 18.28253050253613, 24.77622985026311, 33.28885066231452, 40.673871087125036, 43.6933595119649, 35.30313505166737, 26.827822432823837, 15.386245434753569, 4.6120342326523325, 14.872292942023499, 26.301182159778445, 35.03104153564737], [40.215054443303764, 32.190795309052945, 26.694950496735537, 20.41263635272225, 17.899633474639913, 11.166712332550167, 10.37106686695375, 0.0, 8.003973330012666, 14.895349743589742, 23.93396277813463, 32.414653669115324, 35.91460705204396, 27.10155932518904, 18.640712574767143, 8.60285055401993, 6.4345368521808135, 7.513082700574243, 17.883681966987613, 26.74035998469364], [34.02347463344977, 25.987192009816127, 21.535700277588123, 16.143778915700064, 16.226631892952458, 12.908394985331297, 18.28253050253613, 8.003973330012666, 0.0, 7.233310482623084, 16.573122445345234, 25.918024634476332, 29.742948723550093, 20.836195896437264, 13.323049596811009, 9.013164520243663, 14.036737228612392, 7.9577135187350185, 12.28213027904476, 20.37852915812471], [27.291534392043353, 19.58855141949363, 17.5095011841758, 14.402188777634347, 17.300986288039667, 17.1161606113816, 24.77622985026311, 14.895349743589742, 7.233310482623084, 0.0, 9.371372497678287, 19.09738760261275, 23.07214606589307, 14.74458870577928, 10.47574656879407, 13.345483612875706, 20.390396518527, 12.663685043240887, 9.121564848096675, 14.090143682054979], [18.61807086176401, 11.87113790173297, 15.373487060193307, 16.61030894814253, 21.865880651192164, 24.290288078592358, 33.28885066231452, 23.93396277813463, 16.573122445345234, 9.371372497678287, 0.0, 10.563700301437846, 14.600312565551949, 8.672502777024578, 12.772645396824728, 21.026363424853404, 28.875262949128395, 20.639469563847857, 11.74048072683287, 7.581808450127251], [8.340778741398074, 9.150924092915048, 20.348313240226005, 24.28989028251083, 29.75022415411665, 32.610303494835556, 40.673871087125036, 32.414653669115324, 25.918024634476332, 19.09738760261275, 10.563700301437846, 0.0, 4.604698551555576, 11.56892900402319, 20.989290819710938, 29.58866253165798, 36.51646852782735, 29.236464935638853, 20.179205037825202, 10.420942900188686], [4.366189409413431, 8.897376998310742, 21.48050097917162, 26.40206321567407, 31.89891967470644, 35.274724224397644, 43.6933595119649, 35.91460705204396, 29.742948723550093, 23.07214606589307, 14.600312565551949, 4.604698551555576, 0.0, 13.166794658921546, 23.54102463857608, 32.5472599717016, 39.57965350902503, 32.30137561846464, 22.91014755322161, 12.339656641022595], [17.111459604300535, 5.667947084422893, 8.798017751170544, 13.397339774760772, 19.311434359953562, 23.92294931106123, 35.30313505166737, 27.10155932518904, 20.836195896437264, 14.74458870577928, 8.672502777024578, 11.56892900402319, 13.166794658921546, 0.0, 10.993587248034874, 21.71885198859392, 30.817799364627582, 21.790059533583776, 10.741664103503192, 1.4092864713556312], [27.73851127308331, 16.59684261886835, 8.296444290039624, 4.195000989098812, 9.204098172140494, 13.65805581177914, 26.827822432823837, 18.640712574767143, 13.323049596811009, 10.47574656879407, 12.772645396824728, 20.989290819710938, 23.54102463857608, 10.993587248034874, 0.0, 11.818433375177987, 22.255187623592725, 12.171749446627215, 1.443288144971053, 11.409148774343551], [36.9056165437316, 27.08936793112257, 19.281212655764623, 12.518535929810678, 9.339030127434476, 4.024636861828528, 15.386245434753569, 8.60285055401993, 9.013164520243663, 13.345483612875706, 21.026363424853404, 29.58866253165798, 32.5472599717016, 21.71885198859392, 11.818433375177987, 0.0, 10.93009905308557, 1.2723003370733712, 11.548642904909778, 21.751740904228697], [43.84994573541843, 35.72191495229423, 29.651716819229875, 23.31104728946263, 19.428504243852508, 11.606677653225022, 4.6120342326523325, 6.4345368521808135, 14.036737228612392, 20.390396518527, 28.875262949128395, 36.51646852782735, 39.57965350902503, 30.817799364627582, 22.255187623592725, 10.93009905308557, 0.0, 10.33415382847696, 21.70669171682016, 30.5645833491205], [36.664965704033676, 27.133195622350808, 19.850139144019746, 13.247029308589077, 10.488617463322317, 5.146820724380055, 14.872292942023499, 7.513082700574243, 7.9577135187350185, 12.663685043240887, 20.639469563847857, 29.236464935638853, 32.30137561846464, 21.790059533583776, 12.171749446627215, 1.2723003370733712, 10.33415382847696, 0.0, 11.756665361932098, 21.741190239177087], [27.159452437465156, 16.373323505242634, 9.256059902882704, 5.603217018794288, 10.125664351170933, 13.774620207834188, 26.301182159778445, 17.883681966987613, 12.28213027904476, 9.121564848096675, 11.74048072683287, 20.179205037825202, 22.91014755322161, 10.741664103503192, 1.443288144971053, 11.548642904909778, 21.70669171682016, 11.756665361932098, 0.0, 10.983023896925427], [16.409888672216486, 5.68829901791142, 10.059699038889484, 14.151704934044696, 19.94637051681676, 24.1481274086606, 35.03104153564737, 26.74035998469364, 20.37852915812471, 14.090143682054979, 7.581808450127251, 10.420942900188686, 12.339656641022595, 1.4092864713556312, 11.409148774343551, 21.751740904228697, 30.5645833491205, 21.741190239177087, 10.983023896925427, 0.0]]