[[0.0, 10.960753823808743, 19.698190556468603, 26.996557858119726, 34.37330053858237, 40.27976581874831, 47.08592722727221, 42.289170643129594, 36.0726395352284, 27.4918478884121, 19.685867706713715, 11.20114900005209, 5.517409330213863, 17.300529776305844, 24.39724752262271, 32.015030777669075, 42.876996673156164, 32.0077044383606, 24.34304235598669, 17.122178299976436], [10.960753823808743, 0.0, 8.817903098990994, 16.583950578639758, 24.358791126838067, 31.20293371909162, 39.478982084114456, 35.20925424617247, 28.90808574751799, 21.404957600551388, 14.548661672937476, 9.731098810363699, 7.203709410837234, 7.993311980971401, 15.259303223591631, 23.26049858761875, 35.07600904390077, 23.471036824512733, 15.539221979925314, 8.414136983267504], [19.698190556468603, 8.817903098990994, 0.0, 8.391160218795788, 16.576223996239012, 24.36699789770381, 33.879257883079745, 30.12157696719999, 23.883460696597258, 18.25495865755011, 14.133620983010227, 14.667288612765786, 15.242171978530681, 5.685122819250075, 9.423477205563398, 17.029366987545277, 29.412858458926053, 17.46049899892193, 10.158635190820123, 6.810166172521267], [26.996557858119726, 16.583950578639758, 8.391160218795788, 0.0, 8.412071015906903, 16.544191380224877, 26.60183149201976, 23.273454412625302, 17.674683042709336, 15.512563359485267, 15.765144027329598, 19.92485561674016, 21.948814031822877, 10.035009551883892, 5.750207462678369, 9.944476823597105, 22.182962653770776, 10.58490150603476, 6.77437962959665, 10.651855905899309], [34.37330053858237, 24.358791126838067, 16.576223996239012, 8.412071015906903, 0.0, 8.660102331846781, 19.51207365884593, 17.739376966626114, 14.953829353981543, 18.22255220814697, 21.775998776104235, 27.03569432010939, 29.192755360564444, 17.511478769186052, 11.058279587100111, 6.874507891427648, 15.434843497044923, 7.873466170420874, 11.686693926354414, 17.906890460410683], [40.27976581874831, 31.20293371909162, 24.36699789770381, 16.544191380224877, 8.660102331846781, 0.0, 11.128679250622914, 11.510533648331815, 13.670304680710005, 21.412403035097526, 27.026685767849692, 32.722752877690176, 35.017262257620565, 24.134700569862595, 17.241950650552763, 9.319717338081608, 7.617634597482991, 9.83369499577559, 17.494080591702012, 24.284609632278816], [47.08592722727221, 39.478982084114456, 33.879257883079745, 26.60183149201976, 19.51207365884593, 11.128679250622914, 0.0, 7.496201560872947, 16.234654789876036, 26.38602485968473, 33.395921153883776, 39.28255697830062, 41.870656004667865, 32.35178009422064, 25.631459037107074, 17.360570595579343, 4.52904469806901, 17.266599885925284, 25.526425736692396, 32.215222905186025], [42.289170643129594, 35.20925424617247, 30.12157696719999, 23.273454412625302, 17.739376966626114, 11.510533648331815, 7.496201560872947, 0.0, 9.370221610049198, 19.64691245437473, 27.184124794128465, 33.602676483749775, 36.9592611448102, 27.738099546956008, 21.059647859379652, 13.349490179953692, 5.4108919782702305, 12.826615473559075, 20.684301079642456, 27.395603245951456], [36.0726395352284, 28.90808574751799, 23.883460696597258, 17.674683042709336, 14.953829353981543, 13.670304680710005, 16.234654789876036, 9.370221610049198, 0.0, 10.746591970844802, 18.83768035590701, 26.24745399888033, 30.60487303423721, 21.067121609772467, 14.499128692821062, 9.07034811188529, 12.584342968841485, 8.062093063528485, 13.844859086066313, 20.575950281203806], [27.4918478884121, 21.404957600551388, 18.25495865755011, 15.512563359485267, 18.22255220814697, 21.412403035097526, 26.38602485968473, 19.64691245437473, 10.746591970844802, 0.0, 8.580852262948882, 16.71833880469591, 22.173966641127294, 14.203746934164869, 10.599533968212608, 12.752902226465038, 22.31031239251199, 11.91798033498067, 9.523661851376747, 13.363746333918526], [19.685867706713715, 14.548661672937476, 14.133620983010227, 15.765144027329598, 21.775998776104235, 27.026685767849692, 33.395921153883776, 27.184124794128465, 18.83768035590701, 8.580852262948882, 0.0, 8.60899910183141, 14.626012758706082, 9.417252340328844, 11.127076084233902, 17.710200225082666, 29.07486698233182, 17.254637150228604, 10.33739114606011, 8.384682370647441], [11.20114900005209, 9.731098810363699, 14.667288612765786, 19.92485561674016, 27.03569432010939, 32.722752877690176, 39.28255697830062, 33.602676483749775, 26.24745399888033, 16.71833880469591, 8.60899910183141, 0.0, 6.632758769863639, 10.209442559056054, 16.060141035238516, 23.652007409374328, 34.964568298843005, 23.410747857429524, 15.653284728182964, 9.4311236576531], [5.517409330213863, 7.203709410837234, 15.242171978530681, 21.948814031822877, 29.192755360564444, 35.017262257620565, 41.870656004667865, 36.9592611448102, 30.60487303423721, 22.173966641127294, 14.626012758706082, 6.632758769863639, 0.0, 12.057829893647117, 18.98563473194665, 26.587461833127154, 37.60740222054007, 26.552002947291452, 18.884316450944816, 11.766673783813463], [17.300529776305844, 7.993311980971401, 5.685122819250075, 10.035009551883892, 17.511478769186052, 24.134700569862595, 32.35178009422064, 27.738099546956008, 21.067121609772467, 14.203746934164869, 9.417252340328844, 10.209442559056054, 12.057829893647117, 0.0, 7.398164659240357, 15.640111565901984, 27.867612072355392, 15.761556599960803, 7.583232870935391, 1.1658704115796965], [24.39724752262271, 15.259303223591631, 9.423477205563398, 5.750207462678369, 11.058279587100111, 17.241950650552763, 25.631459037107074, 21.059647859379652, 14.499128692821062, 10.599533968212608, 11.127076084233902, 16.060141035238516, 18.98563473194665, 7.398164659240357, 0.0, 8.454609913392218, 21.10402090801658, 8.579044357434512, 1.111295429249132, 7.404870674291618], [32.015030777669075, 23.26049858761875, 17.029366987545277, 9.944476823597105, 6.874507891427648, 9.319717338081608, 17.360570595579343, 13.349490179953692, 9.07034811188529, 12.752902226465038, 17.710200225082666, 23.652007409374328, 26.587461833127154, 15.640111565901984, 8.454609913392218, 0.0, 12.84216738718979, 1.0895481674772305, 8.46083181384372, 15.595194825216323], [42.876996673156164, 35.07600904390077, 29.412858458926053, 22.182962653770776, 15.434843497044923, 7.617634597482991, 4.52904469806901, 5.4108919782702305, 12.584342968841485, 22.31031239251199, 29.07486698233182, 34.964568298843005, 37.60740222054007, 27.867612072355392, 21.10402090801658, 12.84216738718979, 0.0, 12.75459005002701, 21.00600551210751, 27.73930354020643], [32.0077044383606, 23.471036824512733, 17.46049899892193, 10.58490150603476, 7.873466170420874, 9.83369499577559, 17.266599885925284, 12.826615473559075, 8.062093063528485, 11.91798033498067, 17.254637150228604, 23.410747857429524, 26.552002947291452, 15.761556599960803, 8.579044357434512, 1.0895481674772305, 12.75459005002701, 0.0, 8.44326638864101, 15.6372249153525], [24.34304235598669, 15.539221979925314, 10.158635190820123, 6.77437962959665, 11.686693926354414, 17.494080591702012, 25.526425736692396, 20.684301079642456, 13.844859086066313, 9.523661851376747, 10.33739114606011, 15.653284728182964, 18.884316450944816, 7.583232870935391, 1.111295429249132, 8.46083181384372, 21.00600551210751, 8.44326638864101, 0.0, 7.418197091185566], [17.122178299976436, 8.414136983267504, 6.810166172521267, 10.651855905899309, 17.906890460410683, 24.284609632278816, 32.215222905186025, 27.395603245951456, 20.575950281203806, 13.363746333918526, 8.384682370647441, 9.4311236576531, 11.766673783813463, 1.1658704115796965, 7.404870674291618, 15.595194825216323, 27.73930354020643, 15.6372249153525, 7.418197091185566, 0.0]]