[[0.0, 14.393259955032873, 23.36568305829217, 29.747363347116544, 37.07387070892278, 42.347239092944676, 46.80689589425962, 43.41667643730056, 36.79719561221519, 28.321059726725498, 20.950319611205, 14.283919308739454, 5.430030946234742, 19.616587988655006, 27.713874221873088, 33.5566640208782, 42.690138730594256, 34.048051767625665, 25.408696699070944, 15.327861782705796], [14.393259955032873, 0.0, 9.648484432136533, 17.846228369684056, 26.366362064345054, 33.88754644486336, 42.23211324696176, 40.35109381711087, 33.54694351886983, 26.325294926363245, 21.126376119740037, 18.404859972491643, 11.932993235594084, 8.35345440317292, 18.34973268504424, 25.343412675329958, 37.978364380440674, 28.44062159958193, 19.92777511704872, 13.128755401981715], [23.36568305829217, 9.648484432136533, 0.0, 9.152145721786175, 18.079097844700687, 26.911678423765213, 37.53290877855493, 36.632294356248416, 30.071121193525112, 24.75474641122315, 22.34793682800166, 22.81304714759626, 19.720473548127824, 5.642543289591491, 12.141872260088473, 19.053893927674782, 33.391016450295695, 23.890246496274525, 16.948381145063653, 15.557797396376554], [29.747363347116544, 17.846228369684056, 9.152145721786175, 0.0, 9.388063560032709, 18.788317235121912, 30.535866128210007, 30.122656201103492, 23.874086078468473, 21.025822896714846, 21.896910745750187, 25.15028103574314, 25.191575321137623, 10.23589271648648, 6.079306281787504, 11.354170101773313, 26.543679739283945, 17.396209237566964, 13.165693355384295, 17.513948859637683], [37.07387070892278, 26.366362064345054, 18.079097844700687, 9.388063560032709, 0.0, 10.136365174559419, 23.4854845854677, 24.58540491557986, 20.765377962594613, 22.400916518602678, 26.386313963844323, 31.076663942539053, 32.02278327854648, 18.58225159530489, 10.101186398347126, 7.448914085902787, 20.108598323021994, 13.589189071780186, 15.285004943068357, 23.28190791754941], [42.347239092944676, 33.88754644486336, 26.911678423765213, 18.788317235121912, 10.136365174559419, 0.0, 14.12240691291594, 16.958625863897975, 17.378506293826433, 23.6569276133729, 29.840414158844258, 35.24229240412448, 36.96920282329508, 26.190853171021253, 16.93833144624836, 9.93933547566496, 11.696996948638478, 11.038517304140854, 18.43830053051227, 27.86671296798765], [46.80689589425962, 42.23211324696176, 37.53290877855493, 30.535866128210007, 23.4854845854677, 14.12240691291594, 0.0, 6.905389106245139, 15.846538439201318, 25.72197346232425, 33.09522175847935, 38.56080074522133, 41.46924850232911, 35.154417403448775, 26.589909704817163, 19.5396832727218, 4.425526228463911, 14.82066883275991, 24.10612429170025, 32.87285327636302], [43.41667643730056, 40.35109381711087, 36.632294356248416, 30.122656201103492, 24.58540491557986, 16.958625863897975, 6.905389106245139, 0.0, 10.594910774101596, 20.652483614299083, 28.252959927793263, 33.92053235976861, 38.228362276761246, 33.38539229844834, 25.203902035296903, 18.897639184500093, 5.894944260234622, 12.861015670752918, 21.2045402062107, 29.528227657444635], [36.79719561221519, 33.54694351886983, 30.071121193525112, 23.874086078468473, 20.765377962594613, 17.378506293826433, 15.846538439201318, 10.594910774101596, 0.0, 10.661015522409954, 18.939046798135486, 25.514677034201807, 31.757625830745255, 26.296871266188326, 18.333317159099632, 13.80530224102106, 12.339154703666898, 8.637488127297072, 13.690484664474443, 22.184331822661015], [28.321059726725498, 26.325294926363245, 24.75474641122315, 21.025822896714846, 22.400916518602678, 23.6569276133729, 25.72197346232425, 20.652483614299083, 10.661015522409954, 0.0, 8.525704815107312, 15.636133319976173, 23.776140334406552, 20.025897749584296, 15.267668117821898, 15.593462670974949, 21.68000411655701, 13.428305108693499, 9.563757272604215, 14.4291193164249], [20.950319611205, 21.126376119740037, 22.34793682800166, 21.896910745750187, 26.386313963844323, 29.840414158844258, 33.09522175847935, 28.252959927793263, 18.939046798135486, 8.525704815107312, 0.0, 7.404335918663135, 17.13344837560618, 17.003467294315858, 17.001452878594435, 20.546567546212795, 28.888314763423647, 19.801641713384164, 12.073998154716849, 9.729641949700204], [14.283919308739454, 18.404859972491643, 22.81304714759626, 25.15028103574314, 31.076663942539053, 35.24229240412448, 38.56080074522133, 33.92053235976861, 25.514677034201807, 15.636133319976173, 7.404335918663135, 0.0, 11.544836451678082, 17.41307675052379, 21.109783045946493, 25.840275883214133, 34.35438054166303, 25.368876495034637, 16.826951512904614, 9.254189259114868], [5.430030946234742, 11.932993235594084, 19.720473548127824, 25.191575321137623, 32.02278327854648, 36.96920282329508, 41.46924850232911, 38.228362276761246, 31.757625830745255, 23.776140334406552, 17.13344837560618, 11.544836451678082, 0.0, 15.38039000777195, 22.722683308495963, 28.274648437336037, 37.330297478987376, 28.67322506951881, 20.171244355155984, 10.225958170926871], [19.616587988655006, 8.35345440317292, 5.642543289591491, 10.23589271648648, 18.58225159530489, 26.190853171021253, 35.154417403448775, 33.38539229844834, 26.296871266188326, 20.025897749584296, 17.003467294315858, 17.41307675052379, 15.38039000777195, 0.0, 10.051672718706772, 17.269805282928758, 30.843516174988157, 20.94103131623314, 12.715235092604901, 9.954031125845503], [27.713874221873088, 18.34973268504424, 12.141872260088473, 6.079306281787504, 10.101186398347126, 16.93833144624836, 26.589909704817163, 25.203902035296903, 18.333317159099632, 15.267668117821898, 17.001452878594435, 21.109783045946493, 22.722683308495963, 10.051672718706772, 0.0, 7.5187190769815295, 22.332460850616037, 12.362767461499026, 7.169232735081564, 13.576389389634972], [33.5566640208782, 25.343412675329958, 19.053893927674782, 11.354170101773313, 7.448914085902787, 9.93933547566496, 19.5396832727218, 18.897639184500093, 13.80530224102106, 15.593462670974949, 20.546567546212795, 25.840275883214133, 28.274648437336037, 17.269805282928758, 7.5187190769815295, 0.0, 15.460780281269697, 6.630968697059958, 9.14723977545123, 18.673472537295545], [42.690138730594256, 37.978364380440674, 33.391016450295695, 26.543679739283945, 20.108598323021994, 11.696996948638478, 4.425526228463911, 5.894944260234622, 12.339154703666898, 21.68000411655701, 28.888314763423647, 34.35438054166303, 37.330297478987376, 30.843516174988157, 22.332460850616037, 15.460780281269697, 0.0, 10.421339718378102, 19.68140151184145, 28.546116084050258], [34.048051767625665, 28.44062159958193, 23.890246496274525, 17.396209237566964, 13.589189071780186, 11.038517304140854, 14.82066883275991, 12.861015670752918, 8.637488127297072, 13.428305108693499, 19.801641713384164, 25.368876495034637, 28.67322506951881, 20.94103131623314, 12.362767461499026, 6.630968697059958, 10.421339718378102, 0.0, 9.508739881584416, 19.127296281766796], [25.408696699070944, 19.92777511704872, 16.948381145063653, 13.165693355384295, 15.285004943068357, 18.43830053051227, 24.10612429170025, 21.2045402062107, 13.690484664474443, 9.563757272604215, 12.073998154716849, 16.826951512904614, 20.171244355155984, 12.715235092604901, 7.169232735081564, 9.14723977545123, 19.68140151184145, 9.508739881584416, 0.0, 10.12387424761756], [15.327861782705796, 13.128755401981715, 15.557797396376554, 17.513948859637683, 23.28190791754941, 27.86671296798765, 32.87285327636302, 29.528227657444635, 22.184331822661015, 14.4291193164249, 9.729641949700204, 9.254189259114868, 10.225958170926871, 9.954031125845503, 13.576389389634972, 18.673472537295545, 28.546116084050258, 19.127296281766796, 10.12387424761756, 0.0]]