[[0.0, 13.10638882122005, 22.552308683940026, 27.085020346457718, 32.56558763137738, 38.307237022202806, 43.31469007692649, 39.421855057000265, 32.59345785571303, 25.097367772996513, 17.097336686212916, 6.438522351109219, 8.650953768658686, 16.167402098369607, 24.125369168216615, 31.926744932965107, 38.14380966771286, 31.926744932965107, 24.125369168216615, 15.9160467089373], [13.10638882122005, 0.0, 11.1525534543044, 17.236353867515746, 23.62784601698932, 31.513760617041076, 40.00768908925935, 37.00078032609963, 30.488677213999352, 24.77660149768201, 17.529439500911778, 14.976464575879751, 8.265316684871799, 10.4278918752279, 17.97715309184046, 26.52479699136484, 34.53822421049225, 26.52479699136484, 17.97715309184046, 11.183526052938674], [22.552308683940026, 11.1525534543044, 0.0, 6.652583309901955, 13.616735912070302, 22.936694705868106, 33.48042350432663, 30.951710286651497, 24.798103778749496, 21.624825673079563, 17.66299670911284, 21.899622319511813, 14.671905615071584, 9.324942029383823, 11.096463536697444, 18.79741367599825, 27.864231148082553, 18.79741367599825, 11.096463536697444, 10.430290615232398], [27.085020346457718, 17.236353867515746, 6.652583309901955, 0.0, 7.537935405437552, 17.237784728311926, 28.287911427283085, 25.901339373331755, 20.179792813471842, 19.17861849040532, 18.147173676696237, 25.284924430324523, 18.7168901129829, 11.654074156059796, 7.744771162994932, 13.275776005502651, 22.639410132462196, 13.275776005502651, 7.744771162994932, 12.411455086931385], [32.56558763137738, 23.62784601698932, 13.616735912070302, 7.537935405437552, 0.0, 10.125089182881549, 22.27238560365472, 20.992573287959456, 18.071212609728455, 20.793933376549898, 22.623329756837958, 30.596775684457356, 24.524965184534597, 17.525856311604347, 10.784498403659434, 9.35244990403076, 17.269488817598308, 9.35244990403076, 10.784498403659434, 18.061752071566975], [38.307237022202806, 31.513760617041076, 22.936694705868106, 17.237784728311926, 10.125089182881549, 0.0, 12.99028481322381, 13.668030072920025, 16.337512975947167, 23.179659087082218, 27.78586074873717, 36.023949196883926, 31.060330550432543, 24.68873959782988, 17.143089461553714, 8.929950230772402, 9.678213949778966, 8.929950230772402, 17.143089461553714, 24.926430455319093], [43.31469007692649, 40.00768908925935, 33.48042350432663, 28.287911427283085, 22.27238560365472, 12.99028481322381, 0.0, 6.082665059678618, 16.56321873843019, 25.621087198584412, 32.44210436463387, 40.37907510880975, 37.403734548912865, 32.23661161885626, 25.161187064450736, 15.889519849994494, 6.295393032782706, 15.889519849994494, 25.161187064450736, 32.07715111361909], [39.421855057000265, 37.00078032609963, 30.951710286651497, 25.901339373331755, 20.992573287959456, 13.668030072920025, 6.082665059678618, 0.0, 10.91253313782212, 20.033673016742107, 27.419428137404086, 35.875339733197514, 33.46868890571552, 28.391892491328527, 21.42285075235301, 12.76694676969611, 4.034019310844953, 12.76694676969611, 21.42285075235301, 28.066984672554995], [32.59345785571303, 30.488677213999352, 24.798103778749496, 20.179792813471842, 18.071212609728455, 16.337512975947167, 16.56321873843019, 10.91253313782212, 0.0, 9.723704174071166, 17.941172923906088, 28.034976214823693, 25.966915531177186, 20.565650065354003, 13.824489541593282, 9.012480237289507, 10.945027761404443, 9.012480237289507, 13.824489541593282, 20.018443403433967], [25.097367772996513, 24.77660149768201, 21.624825673079563, 19.17861849040532, 20.793933376549898, 23.179659087082218, 25.621087198584412, 20.033673016742107, 9.723704174071166, 0.0, 8.995191333900685, 19.71011832397647, 18.78217574126187, 14.625612303364194, 11.535478990252857, 14.34020979902529, 19.776906466374584, 14.34020979902529, 11.535478990252857, 13.711851142435801], [17.097336686212916, 17.529439500911778, 17.66299670911284, 18.147173676696237, 22.623329756837958, 27.78586074873717, 32.44210436463387, 27.419428137404086, 17.941172923906088, 8.995191333900685, 0.0, 11.655727945375661, 10.714293981761278, 8.749560303049181, 11.859888886498855, 19.357981478978353, 26.460202441998604, 19.357981478978353, 11.859888886498855, 7.61165380767846], [6.438522351109219, 14.976464575879751, 21.899622319511813, 25.284924430324523, 30.596775684457356, 36.023949196883926, 40.37907510880975, 35.875339733197514, 28.034976214823693, 19.71011832397647, 11.655727945375661, 0.0, 7.416551278275971, 13.659636410411263, 20.897212304954458, 28.671714709609155, 34.942240804524744, 28.671714709609155, 20.897212304954458, 12.999258350296028], [8.650953768658686, 8.265316684871799, 14.671905615071584, 18.7168901129829, 24.524965184534597, 31.060330550432543, 37.403734548912865, 33.46868890571552, 25.966915531177186, 18.78217574126187, 10.714293981761278, 7.416551278275971, 0.0, 7.566630761601628, 15.84901781961043, 24.402220695407397, 31.76694785113793, 24.402220695407397, 15.84901781961043, 7.393903468432218], [16.167402098369607, 10.4278918752279, 9.324942029383823, 11.654074156059796, 17.525856311604347, 24.68873959782988, 32.23661161885626, 28.391892491328527, 20.565650065354003, 14.625612303364194, 8.749560303049181, 13.659636410411263, 7.566630761601628, 0.0, 8.604732503175272, 17.852209289313215, 26.276542212935343, 17.852209289313215, 8.604732503175272, 1.1538156868469127], [24.125369168216615, 17.97715309184046, 11.096463536697444, 7.744771162994932, 10.784498403659434, 17.143089461553714, 25.161187064450736, 21.42285075235301, 13.824489541593282, 11.535478990252857, 11.859888886498855, 20.897212304954458, 15.84901781961043, 8.604732503175272, 0.0, 9.729655811485317, 18.99423097888393, 9.729655811485317, 0.0, 8.646784875633314], [31.926744932965107, 26.52479699136484, 18.79741367599825, 13.275776005502651, 9.35244990403076, 8.929950230772402, 15.889519849994494, 12.76694676969611, 9.012480237289507, 14.34020979902529, 19.357981478978353, 28.671714709609155, 24.402220695407397, 17.852209289313215, 9.729655811485317, 0.0, 9.793336084736397, 0.0, 9.729655811485317, 17.811372022549275], [38.14380966771286, 34.53822421049225, 27.864231148082553, 22.639410132462196, 17.269488817598308, 9.678213949778966, 6.295393032782706, 4.034019310844953, 10.945027761404443, 19.776906466374584, 26.460202441998604, 34.942240804524744, 31.76694785113793, 26.276542212935343, 18.99423097888393, 9.793336084736397, 0.0, 9.793336084736397, 18.99423097888393, 26.094278599353746], [31.926744932965107, 26.52479699136484, 18.79741367599825, 13.275776005502651, 9.35244990403076, 8.929950230772402, 15.889519849994494, 12.76694676969611, 9.012480237289507, 14.34020979902529, 19.357981478978353, 28.671714709609155, 24.402220695407397, 17.852209289313215, 9.729655811485317, 0.0, 9.793336084736397, 0.0, 9.729655811485317, 17.811372022549275], [24.125369168216615, 17.97715309184046, 11.096463536697444, 7.744771162994932, 10.784498403659434, 17.143089461553714, 25.161187064450736, 21.42285075235301, 13.824489541593282, 11.535478990252857, 11.859888886498855, 20.897212304954458, 15.84901781961043, 8.604732503175272, 0.0, 9.729655811485317, 18.99423097888393, 9.729655811485317, 0.0, 8.646784875633314], [15.9160467089373, 11.183526052938674, 10.430290615232398, 12.411455086931385, 18.061752071566975, 24.926430455319093, 32.07715111361909, 28.066984672554995, 20.018443403433967, 13.711851142435801, 7.61165380767846, 12.999258350296028, 7.393903468432218, 1.1538156868469127, 8.646784875633314, 17.811372022549275, 26.094278599353746, 17.811372022549275, 8.646784875633314, 0.0]]