[[0.0, 11.426062193498641, 24.28933187017644, 29.6005305292716, 34.87598876497161, 39.501298195896105, 46.8755630306684, 39.309530929575516, 32.13765742343703, 26.34534463013976, 17.432425067913357, 8.381158931999208, 3.26706815051416, 16.071985026398604, 26.858931892135118, 35.980233537518515, 42.835708642158046, 35.71671687573644, 26.232233838031043, 15.315968104951446], [11.426062193498641, 0.0, 12.89901749184014, 18.767326323871576, 24.411253410404083, 30.258634273938966, 40.05180001731494, 32.4712865808721, 25.488140924000355, 20.139697003934113, 11.852980726277288, 8.889883536489608, 9.001468697202418, 5.609011143202157, 16.679598591469457, 27.136526874515148, 35.663270578307554, 27.165044286496183, 16.42628080815904, 5.649630999434297], [24.28933187017644, 12.89901749184014, 0.0, 7.524567746986466, 13.411449341706845, 21.17545640376419, 33.98554729864195, 27.16668791030988, 21.734701819191624, 18.641810846655286, 15.633432110755107, 19.657234522887315, 21.621993959907236, 8.957322684170641, 8.260135978117667, 19.183014159771474, 29.469321616616067, 19.75285115407376, 9.223860804278107, 10.258499348610446], [29.6005305292716, 18.767326323871576, 7.524567746986466, 0.0, 6.256399852724087, 14.186606654243747, 27.646424637534995, 20.976456663706816, 16.795878898774216, 15.708416521787106, 16.931428831249836, 23.459103824402206, 26.59335585629471, 13.574940119481818, 4.171260826899825, 12.401415977228085, 23.13072270776367, 13.142410944758959, 5.615108513549234, 14.373103977779264], [34.87598876497161, 24.411253410404083, 13.411449341706845, 6.256399852724087, 0.0, 8.667697889286352, 22.974684176802306, 17.876249154494023, 16.40851210352191, 17.615167116009832, 21.460417534480595, 28.42086115374628, 31.764896930695905, 19.15550567890921, 8.630933455964831, 8.470684436936727, 18.739945117545947, 9.61280790206265, 9.502735531727856, 19.775174322739613], [39.501298195896105, 30.258634273938966, 21.17545640376419, 14.186606654243747, 8.667697889286352, 0.0, 14.519856889155655, 11.796268709170496, 14.790732033667359, 18.654802872610926, 25.277733423234626, 32.47975893793627, 36.26619402865646, 24.958986527078537, 14.71368502392864, 4.492232902505053, 10.623034068342292, 5.459547164426826, 14.79656139314023, 25.185329772450366], [46.8755630306684, 40.05180001731494, 33.98554729864195, 27.646424637534995, 22.974684176802306, 14.519856889155655, 0.0, 10.74920076101614, 19.28607930231899, 24.797280069296995, 33.13261405361309, 39.63138372071485, 43.70502282901408, 35.18654328426907, 26.76684405626668, 15.433109116805142, 4.68350625987945, 14.893800330094733, 26.221308224148103, 34.91845546148492], [39.309530929575516, 32.4712865808721, 27.16668791030988, 20.976456663706816, 17.876249154494023, 11.796268709170496, 10.74920076101614, 0.0, 8.812729790434346, 14.775265844481511, 23.86447765689595, 31.410945014039676, 36.0979055417653, 27.362709571613898, 19.098249549452145, 9.519557012658415, 7.031684258517157, 8.376178073824958, 18.277951430359447, 26.972390307346362], [32.13765742343703, 25.488140924000355, 21.734701819191624, 16.795878898774216, 16.40851210352191, 14.790732033667359, 19.28607930231899, 8.812729790434346, 0.0, 6.205217754643828, 15.656788123862217, 23.915301089530292, 28.965410841507722, 20.445487406543524, 13.708489206631413, 10.498855813566585, 15.080111584798665, 9.426469325198532, 12.548469693423728, 19.91521967375888], [26.34534463013976, 20.139697003934113, 18.641810846655286, 15.708416521787106, 17.615167116009832, 18.654802872610926, 24.797280069296995, 14.775265844481511, 6.205217754643828, 0.0, 9.542412605520367, 18.03035004950148, 23.228361860253724, 15.462857077501974, 11.781169976394917, 14.169702472118388, 20.473108236088134, 13.386207383495815, 10.38825221572103, 14.737450822049444], [17.432425067913357, 11.852980726277288, 15.633432110755107, 16.931428831249836, 21.460417534480595, 25.277733423234626, 33.13261405361309, 23.86447765689595, 15.656788123862217, 9.542412605520367, 0.0, 9.273333104609904, 14.436037566798792, 8.725983066409707, 13.070088521967824, 21.13333041376011, 28.72686692757597, 20.712025363664317, 11.982543377165007, 7.600142103578456], [8.381158931999208, 8.889883536489608, 19.657234522887315, 23.459103824402206, 28.42086115374628, 32.47975893793627, 39.63138372071485, 31.410945014039676, 23.915301089530292, 18.03035004950148, 9.273333104609904, 0.0, 5.4988213310885135, 10.703524158741876, 20.115313765914692, 28.634314937433338, 35.48128740788347, 28.256546921252394, 19.244776133457385, 9.468560974573062], [3.26706815051416, 9.001468697202418, 21.621993959907236, 26.59335585629471, 31.764896930695905, 36.26619402865646, 43.70502282901408, 36.0979055417653, 28.965410841507722, 23.228361860253724, 14.436037566798792, 5.4988213310885135, 0.0, 13.147149829142474, 23.739295176038333, 32.720299214730844, 39.627171450788026, 32.451193311662664, 23.069357864364775, 12.287547934723102], [16.071985026398604, 5.609011143202157, 8.957322684170641, 13.574940119481818, 19.15550567890921, 24.958986527078537, 35.18654328426907, 27.362709571613898, 20.445487406543524, 15.462857077501974, 8.725983066409707, 10.703524158741876, 13.147149829142474, 0.0, 11.138669691383527, 21.74641334671998, 30.686689704794958, 21.796314476668137, 10.837186878721985, 1.4462413958903961], [26.858931892135118, 16.679598591469457, 8.260135978117667, 4.171260826899825, 8.630933455964831, 14.71368502392864, 26.76684405626668, 19.098249549452145, 13.708489206631413, 11.781169976394917, 13.070088521967824, 20.115313765914692, 23.739295176038333, 11.138669691383527, 0.0, 11.760619039748079, 22.121898225181877, 12.115515055278212, 1.4830312664937375, 11.605860286178919], [35.980233537518515, 27.136526874515148, 19.183014159771474, 12.401415977228085, 8.470684436936727, 4.492232902505053, 15.433109116805142, 9.519557012658415, 10.498855813566585, 14.169702472118388, 21.13333041376011, 28.634314937433338, 32.720299214730844, 21.74641334671998, 11.760619039748079, 0.0, 10.880714103233942, 1.2968244130243718, 11.499299182849752, 21.812037114739603], [42.835708642158046, 35.663270578307554, 29.469321616616067, 23.13072270776367, 18.739945117545947, 10.623034068342292, 4.68350625987945, 7.031684258517157, 15.080111584798665, 20.473108236088134, 28.72686692757597, 35.48128740788347, 39.627171450788026, 30.686689704794958, 22.121898225181877, 10.880714103233942, 0.0, 10.263015290911438, 21.56149735906959, 30.44667739637792], [35.71671687573644, 27.165044286496183, 19.75285115407376, 13.142410944758959, 9.61280790206265, 5.459547164426826, 14.893800330094733, 8.376178073824958, 9.426469325198532, 13.386207383495815, 20.712025363664317, 28.256546921252394, 32.451193311662664, 21.796314476668137, 12.115515055278212, 1.2968244130243718, 10.263015290911438, 0.0, 11.700769465618446, 21.77653384509312], [26.232233838031043, 16.42628080815904, 9.223860804278107, 5.615108513549234, 9.502735531727856, 14.79656139314023, 26.221308224148103, 18.277951430359447, 12.548469693423728, 10.38825221572103, 11.982543377165007, 19.244776133457385, 23.069357864364775, 10.837186878721985, 1.4830312664937375, 11.499299182849752, 21.56149735906959, 11.700769465618446, 0.0, 11.125775688649622], [15.315968104951446, 5.649630999434297, 10.258499348610446, 14.373103977779264, 19.775174322739613, 25.185329772450366, 34.91845546148492, 26.972390307346362, 19.91521967375888, 14.737450822049444, 7.600142103578456, 9.468560974573062, 12.287547934723102, 1.4462413958903961, 11.605860286178919, 21.812037114739603, 30.44667739637792, 21.77653384509312, 11.125775688649622, 0.0]]