[[0.0, 13.206432089225531, 20.26235400501795, 25.80088313614867, 33.3847453732282, 39.91658319631885, 46.131304845058224, 42.85261032015205, 36.751282255003076, 26.42510563036364, 18.987399109562375, 11.428848914018332, 6.214092742209598, 17.156786183227585, 24.31040645560641, 31.547464748876937, 41.8871526351492, 32.35079256782978, 23.617648879983417, 16.776239570927153], [13.206432089225531, 0.0, 7.550647575744813, 15.195624506256037, 24.004913008309778, 32.799979855422016, 41.1269171474506, 39.06691685120012, 33.52658050436749, 24.808908916372637, 20.393016857991512, 16.015815431924583, 8.709364255173274, 7.037831127290496, 15.879541667804395, 23.943640383294998, 36.509555624625754, 26.098138235348973, 17.303275659159564, 11.953957555665065], [20.26235400501795, 7.550647575744813, 0.0, 8.833874596467966, 17.97050946762837, 27.871761889303137, 37.06595291847302, 35.59832313887104, 30.554669210551687, 23.628881812653496, 21.755011088984563, 19.93558215899202, 14.800223051588548, 5.211813652766384, 11.309779196094548, 18.971144730167502, 32.34781199507554, 21.818632468892936, 14.158967118238142, 11.843798940886707], [25.80088313614867, 15.195624506256037, 8.833874596467966, 0.0, 9.514125803846879, 19.780926995493335, 29.133929539493174, 27.793684816964962, 23.27899604740077, 19.175147808535417, 20.643994217097692, 21.896339026709345, 19.69620387117601, 8.87875775617659, 4.8266817506200805, 10.553374597252859, 24.329358680500253, 13.789103976097534, 8.702299653942099, 11.635081011669616], [33.3847453732282, 24.004913008309778, 17.97050946762837, 9.514125803846879, 0.0, 10.901480249327152, 20.835873370628985, 20.964575255702748, 18.97560114354805, 20.748448878260323, 25.258189259120975, 28.307961903612807, 27.412455407656974, 17.662352476198944, 10.217034875299193, 5.676293484778519, 16.321057381863167, 9.186058486072469, 12.162863525105587, 18.446106708519117], [39.91658319631885, 32.799979855422016, 27.871761889303137, 19.780926995493335, 10.901480249327152, 0.0, 10.270104654974848, 12.895620617393105, 15.664955111942971, 23.69678855852261, 29.869807008882567, 33.99337610327627, 34.43548518097815, 26.590705909344432, 18.85063890557819, 10.951887152918307, 6.635289186816661, 10.82436007596542, 18.84882782375482, 25.697394976822803], [46.131304845058224, 41.1269171474506, 37.06595291847302, 29.133929539493174, 20.835873370628985, 10.270104654974848, 0.0, 7.6294601471227335, 15.568412477372895, 27.27782328262737, 34.24370035547732, 39.23191264007879, 41.15550715796993, 34.96056444396762, 27.1885368356715, 19.20922347341779, 4.995318688874413, 17.24906026069322, 26.04034184669368, 32.67068567066755], [42.85261032015205, 39.06691685120012, 35.59832313887104, 27.793684816964962, 20.964575255702748, 12.895620617393105, 7.6294601471227335, 0.0, 8.770086083521301, 21.345090714958268, 28.804857314402966, 34.62746675282138, 37.958760192292395, 32.6842465318638, 24.788732912415668, 17.416427245653423, 6.576439715080033, 14.28819532676314, 22.752202126197282, 29.102064688467415], [36.751282255003076, 33.52658050436749, 30.554669210551687, 23.27899604740077, 18.97560114354805, 15.664955111942971, 15.568412477372895, 8.770086083521301, 0.0, 12.903213199923341, 20.873834182392415, 27.405199621853185, 31.763116735083514, 27.0404146880462, 19.38170485406983, 13.814275064106873, 12.083464522018094, 10.03829547744925, 16.61145046216116, 22.43175068782056], [26.42510563036364, 24.808908916372637, 23.628881812653496, 19.175147808535417, 20.748448878260323, 23.69678855852261, 27.27782328262737, 21.345090714958268, 12.903213199923341, 0.0, 8.524023937806957, 15.81346504402201, 21.63894069409069, 19.133594272263558, 14.416222909161263, 15.403417567678183, 22.931418705155725, 13.348224945554144, 10.757860334842153, 12.864055389560713], [18.987399109562375, 20.393016857991512, 21.755011088984563, 20.643994217097692, 25.258189259120975, 29.869807008882567, 34.24370035547732, 28.804857314402966, 20.873834182392415, 8.524023937806957, 0.0, 7.710890279504181, 15.109831221995767, 16.719172502963207, 16.349884371675234, 20.79051739125703, 29.869522816783565, 19.784526532791276, 13.212442563890987, 10.069434653459751], [11.428848914018332, 16.015815431924583, 19.93558215899202, 21.896339026709345, 28.307961903612807, 33.99337610327627, 39.23191264007879, 34.62746675282138, 27.405199621853185, 15.81346504402201, 7.710890279504181, 0.0, 8.683713064503797, 15.085138937516378, 18.632049774252803, 24.89203427476776, 34.85043654302984, 24.739000614725043, 16.51870979312325, 10.319990980706521], [6.214092742209598, 8.709364255173274, 14.800223051588548, 19.69620387117601, 27.412455407656974, 34.43548518097815, 41.15550715796993, 37.958760192292395, 31.763116735083514, 21.63894069409069, 15.109831221995767, 8.683713064503797, 0.0, 11.127611679777694, 18.149081375704558, 25.61540753299141, 36.705240307443674, 26.61736935974534, 17.645335336285168, 10.769179086963593], [17.156786183227585, 7.037831127290496, 5.211813652766384, 8.87875775617659, 17.662352476198944, 26.590705909344432, 34.96056444396762, 32.6842465318638, 27.0404146880462, 19.133594272263558, 16.719172502963207, 15.085138937516378, 11.127611679777694, 0.0, 8.873591681551892, 17.11661942737537, 30.18877447493954, 19.276863149990426, 10.525984948444627, 6.784314302302696], [24.31040645560641, 15.879541667804395, 11.309779196094548, 4.8266817506200805, 10.217034875299193, 18.85063890557819, 27.1885368356715, 24.788732912415668, 19.38170485406983, 14.416222909161263, 16.349884371675234, 18.632049774252803, 18.149081375704558, 8.873591681551892, 0.0, 8.489534503622385, 22.257841628689384, 10.760377873428423, 3.8868048640105353, 8.451442059988224], [31.547464748876937, 23.943640383294998, 18.971144730167502, 10.553374597252859, 5.676293484778519, 10.951887152918307, 19.20922347341779, 17.416427245653423, 13.814275064106873, 15.403417567678183, 20.79051739125703, 24.89203427476776, 25.61540753299141, 17.11661942737537, 8.489534503622385, 0.0, 14.258650438506061, 3.779797290541779, 8.587715172616925, 15.763108838345468], [41.8871526351492, 36.509555624625754, 32.34781199507554, 24.329358680500253, 16.321057381863167, 6.635289186816661, 4.995318688874413, 6.576439715080033, 12.083464522018094, 22.931418705155725, 29.869522816783565, 34.85043654302984, 36.705240307443674, 30.18877447493954, 22.257841628689384, 14.258650438506061, 0.0, 12.267527204107846, 21.132229900986832, 27.89230342889726], [32.35079256782978, 26.098138235348973, 21.818632468892936, 13.789103976097534, 9.186058486072469, 10.82436007596542, 17.24906026069322, 14.28819532676314, 10.03829547744925, 13.348224945554144, 19.784526532791276, 24.739000614725043, 26.61736935974534, 19.276863149990426, 10.760377873428423, 3.779797290541779, 12.267527204107846, 0.0, 9.454743577309753, 16.639734034913356], [23.617648879983417, 17.303275659159564, 14.158967118238142, 8.702299653942099, 12.162863525105587, 18.84882782375482, 26.04034184669368, 22.752202126197282, 16.61145046216116, 10.757860334842153, 13.212442563890987, 16.51870979312325, 17.645335336285168, 10.525984948444627, 3.8868048640105353, 8.587715172616925, 21.132229900986832, 9.454743577309753, 0.0, 7.29401067414204], [16.776239570927153, 11.953957555665065, 11.843798940886707, 11.635081011669616, 18.446106708519117, 25.697394976822803, 32.67068567066755, 29.102064688467415, 22.43175068782056, 12.864055389560713, 10.069434653459751, 10.319990980706521, 10.769179086963593, 6.784314302302696, 8.451442059988224, 15.763108838345468, 27.89230342889726, 16.639734034913356, 7.29401067414204, 0.0]]