[[0.0, 13.596986489291993, 20.691048060082164, 26.85826387461151, 34.327322914071175, 39.97360249149313, 45.40762511025533, 42.18224303435957, 36.48502830398307, 26.666056844509587, 19.74689631157848, 11.79860345225332, 4.329460676945686, 16.5194468498157, 24.609736309191977, 30.764416332324796, 41.23915358036839, 31.32151735700858, 23.292666409594478, 14.707624445709575], [13.596986489291993, 0.0, 7.742070029469961, 15.931189905320602, 24.62510113335458, 32.689038349032835, 41.0950835714421, 38.97201782166001, 33.384695943752334, 25.80379134509179, 20.67031537234227, 17.453475682764424, 11.41155914161295, 7.019505028353142, 16.905205808358353, 24.17763279192415, 36.730952925385836, 26.64435544278039, 19.35049391112212, 13.349295826596212], [20.691048060082164, 7.742070029469961, 0.0, 9.03889192200836, 17.982231203075717, 27.158045041792498, 36.902422209339335, 35.3357449864431, 30.081407792621945, 24.649845617511374, 21.616005827160805, 21.503342345953616, 17.6649827913814, 6.1362065224033975, 12.480720178725024, 19.526156226843444, 32.577880138562556, 22.966440304098196, 17.18879817065641, 14.762610757501601], [26.85826387461151, 15.931189905320602, 9.03889192200836, 0.0, 9.396104235006229, 19.194607892045255, 29.64113055885651, 28.152394680882317, 23.20713008887097, 20.687014438987006, 20.783730616347054, 24.10090813180055, 23.06470524180868, 10.371878456813597, 6.852746924845685, 12.243749042162252, 25.370835020202566, 16.377927076251563, 13.233501388570035, 15.793015164231752], [34.327322914071175, 24.62510113335458, 17.982231203075717, 9.396104235006229, 0.0, 10.619594836575171, 22.107191984218783, 21.996532946696234, 19.387896832441786, 21.915211650817266, 25.34048266013992, 30.387514543119973, 30.187497738809206, 18.510182604654176, 10.352619988045248, 8.364443234047382, 18.324789195434334, 12.774649040639124, 15.083841083424973, 21.359856237080763], [39.97360249149313, 32.689038349032835, 27.158045041792498, 19.194607892045255, 10.619594836575171, 0.0, 11.891857712117694, 13.958951978972095, 15.925301541428666, 23.276280215439428, 29.26387515136746, 35.08637341635779, 35.65145587685274, 26.168783917617496, 16.940333459948715, 9.930224407797692, 8.932207128490976, 11.031755371023149, 18.172844319253525, 26.14395810546949], [45.40762511025533, 41.0950835714421, 36.902422209339335, 29.64113055885651, 22.107191984218783, 11.891857712117694, 0.0, 7.714036880481585, 16.023848499651677, 25.96772167057199, 33.43920488081885, 39.50350811589182, 41.18544307835248, 34.48221284218908, 25.47731781516, 17.963339345520424, 4.5401825024014215, 15.64129840306172, 23.781172450714035, 31.762850124799396], [42.18224303435957, 38.97201782166001, 35.3357449864431, 28.152394680882317, 21.996532946696234, 13.958951978972095, 7.714036880481585, 0.0, 9.21088631241766, 19.805978808560358, 27.87933363923817, 34.70897038479132, 38.04683479138035, 32.13005181790345, 23.030812732417605, 16.028523540038673, 6.3783221946425686, 12.435734345869122, 20.09731852051676, 28.163500213573474], [36.48502830398307, 33.384695943752334, 30.081407792621945, 23.20713008887097, 19.387896832441786, 15.925301541428666, 16.023848499651677, 9.21088631241766, 0.0, 11.580494703513533, 19.90307659979959, 27.67295977634995, 32.46202858029031, 26.500347324966327, 17.704640970557808, 12.615119223177606, 12.670678835483326, 9.01905225973783, 14.282335477803656, 22.153409169524544], [26.666056844509587, 25.80379134509179, 24.649845617511374, 20.687014438987006, 21.915211650817266, 23.276280215439428, 25.96772167057199, 19.805978808560358, 11.580494703513533, 0.0, 8.467758499002256, 16.574175636627146, 23.065692850751862, 19.78008526469026, 14.597337899560554, 14.949340038878237, 21.952735549406, 12.675540811954768, 9.500629549287659, 13.572037341187983], [19.74689631157848, 20.67031537234227, 21.616005827160805, 20.783730616347054, 25.34048266013992, 29.26387515136746, 33.43920488081885, 27.87933363923817, 19.90307659979959, 8.467758499002256, 0.0, 8.772833181896257, 16.752982708414965, 16.265725710098575, 15.804882740927944, 19.68299292890319, 29.202438303540664, 18.78891493337936, 11.905633630504628, 9.735942291102901], [11.79860345225332, 17.453475682764424, 21.503342345953616, 24.10090813180055, 30.387514543119973, 35.08637341635779, 39.50350811589182, 34.70897038479132, 27.67295977634995, 16.574175636627146, 8.772833181896257, 0.0, 9.946221507639716, 15.919229182298176, 20.058408248343788, 25.315635046924044, 35.27236763095467, 24.889725192736336, 16.91948174145753, 9.827896623138951], [4.329460676945686, 11.41155914161295, 17.6649827913814, 23.06470524180868, 30.187497738809206, 35.65145587685274, 41.18544307835248, 38.04683479138035, 32.46202858029031, 23.065692850751862, 16.752982708414965, 9.946221507639716, 0.0, 12.861718300572168, 20.42806073661396, 26.452830416459822, 36.985163779512504, 27.040425274825928, 19.056999543498655, 10.542065882540143], [16.5194468498157, 7.019505028353142, 6.1362065224033975, 10.371878456813597, 18.510182604654176, 26.168783917617496, 34.48221284218908, 32.13005181790345, 26.500347324966327, 19.78008526469026, 16.265725710098575, 15.919229182298176, 12.861718300572168, 0.0, 9.94376017313682, 17.285284921967037, 30.048787628699053, 19.749210731046595, 12.640260015481052, 8.66352812317453], [24.609736309191977, 16.905205808358353, 12.480720178725024, 6.852746924845685, 10.352619988045248, 16.940333459948715, 25.47731781516, 23.030812732417605, 17.704640970557808, 14.597337899560554, 15.804882740927944, 20.058408248343788, 20.42806073661396, 9.94376017313682, 0.0, 7.642050702340242, 20.985074186975297, 10.685290950726051, 6.423458935225245, 11.11521311977427], [30.764416332324796, 24.17763279192415, 19.526156226843444, 12.243749042162252, 8.364443234047382, 9.930224407797692, 17.963339345520424, 16.028523540038673, 12.615119223177606, 14.949340038878237, 19.68299292890319, 25.315635046924044, 26.452830416459822, 17.285284921967037, 7.642050702340242, 0.0, 13.501557719637463, 4.610422084572628, 8.492568388879423, 16.521230003973585], [41.23915358036839, 36.730952925385836, 32.577880138562556, 25.370835020202566, 18.324789195434334, 8.932207128490976, 4.5401825024014215, 6.3783221946425686, 12.670678835483326, 21.952735549406, 29.202438303540664, 35.27236763095467, 36.985163779512504, 30.048787628699053, 20.985074186975297, 13.501557719637463, 0.0, 11.120759717893781, 19.30369339597726, 27.392713371182655], [31.32151735700858, 26.64435544278039, 22.966440304098196, 16.377927076251563, 12.774649040639124, 11.031755371023149, 15.64129840306172, 12.435734345869122, 9.01905225973783, 12.675540811954768, 18.78891493337936, 24.889725192736336, 27.040425274825928, 19.749210731046595, 10.685290950726051, 4.610422084572628, 11.120759717893781, 0.0, 8.390976223166707, 16.879891784130432], [23.292666409594478, 19.35049391112212, 17.18879817065641, 13.233501388570035, 15.083841083424973, 18.172844319253525, 23.781172450714035, 20.09731852051676, 14.282335477803656, 9.500629549287659, 11.905633630504628, 16.91948174145753, 19.056999543498655, 12.640260015481052, 6.423458935225245, 8.492568388879423, 19.30369339597726, 8.390976223166707, 0.0, 8.63440145859069], [14.707624445709575, 13.349295826596212, 14.762610757501601, 15.793015164231752, 21.359856237080763, 26.14395810546949, 31.762850124799396, 28.163500213573474, 22.153409169524544, 13.572037341187983, 9.735942291102901, 9.827896623138951, 10.542065882540143, 8.66352812317453, 11.11521311977427, 16.521230003973585, 27.392713371182655, 16.879891784130432, 8.63440145859069, 0.0]]