[[0.0, 13.439968676539717, 24.597365458978448, 27.458150999997503, 34.836262387791415, 39.349630869472016, 45.957151659419466, 40.39985192830936, 33.70318557301024, 26.931713935732052, 16.753319177954232, 8.262321363271527, 4.407275000931299, 15.57041525126642, 25.739590324413964, 33.89790709622465, 41.80293179049503, 33.19659066070013, 24.254988159381586, 13.695855760957983], [13.439968676539717, 0.0, 11.666537599163304, 16.513966246488124, 23.690777399876392, 30.09028246474961, 40.235710513606264, 35.58150022447346, 29.202136299355427, 24.570211797818367, 16.863967583248016, 14.175652693259238, 10.62072814221864, 6.08865407037031, 16.23502833355883, 25.22210193879592, 35.80970220796438, 25.709795813402756, 17.245636809984898, 8.982475477347265], [24.597365458978448, 11.666537599163304, 0.0, 7.589923499469937, 13.436364333289308, 21.51006610521188, 34.41675565894039, 30.704500501553223, 25.322400288172116, 23.76217987760749, 20.840217537011732, 22.68365686322845, 20.99445079513623, 9.918113859728273, 9.865205063647945, 17.693178627396886, 30.032375101066616, 19.469664176593106, 13.90383447843886, 14.05218800258416], [27.458150999997503, 16.513966246488124, 7.589923499469937, 0.0, 7.969141777188493, 14.966269203345, 27.520626401713628, 23.42536585421799, 18.37840726952304, 18.561338993991146, 19.154958069235374, 23.356035268112976, 23.27570096898631, 11.95647721607088, 3.674388461648147, 10.493311116247817, 23.073100849540364, 12.297205499160654, 8.516082716436777, 14.387059258662491], [34.836262387791415, 23.690777399876392, 13.436364333289308, 7.969141777188493, 0.0, 9.030520935208003, 23.665006686947166, 21.792863731355663, 19.808647118953235, 23.101192848145033, 26.22820052931909, 30.727249396210492, 30.61347669503007, 19.44592003557942, 9.900894918757094, 7.982694644657089, 19.76630187089864, 11.143521189183243, 13.654564506086388, 21.69194133674211], [39.349630869472016, 30.09028246474961, 21.51006610521188, 14.966269203345, 9.030520935208003, 0.0, 14.975301550815733, 15.142480194211078, 17.276420554854237, 23.358120392919652, 29.298390940828504, 34.30485128650095, 34.98758716049332, 25.04455697007944, 14.832629744298547, 6.088116096045551, 11.597486345815156, 8.00998925480964, 16.090808929901506, 25.996872660068576], [45.957151659419466, 40.235710513606264, 34.41675565894039, 27.520626401713628, 23.665006686947166, 14.975301550815733, 0.0, 9.239045930779373, 18.697180823502833, 26.41358497718886, 34.84536988441916, 39.892470466740136, 41.77327417415064, 34.62388481634819, 25.746938315491693, 17.139779092887196, 4.598389124926361, 15.545429764036955, 24.160454310545777, 33.78234694333952], [40.39985192830936, 35.58150022447346, 30.704500501553223, 23.42536585421799, 21.792863731355663, 15.142480194211078, 9.239045930779373, 0.0, 9.918779585141163, 17.84703089656882, 27.314880614861366, 33.45619791029652, 36.21505357837917, 29.585687066719746, 21.049358127833376, 14.07119692755716, 6.6611902864072166, 11.491520404118381, 18.513173061586308, 28.16967922828462], [33.70318557301024, 29.202136299355427, 25.322400288172116, 18.37840726952304, 19.808647118953235, 17.276420554854237, 18.697180823502833, 9.918779585141163, 0.0, 8.585845195618717, 18.75347671123464, 26.193922803194333, 29.563587114814656, 23.13620446442599, 15.667749397285181, 12.953941632095818, 14.904509706962283, 10.520956653594494, 12.562268715868562, 21.47104607814023], [26.931713935732052, 24.570211797818367, 23.76217987760749, 18.561338993991146, 23.101192848145033, 23.358120392919652, 26.41358497718886, 17.84703089656882, 8.585845195618717, 0.0, 10.861238561575796, 18.953653515053002, 23.126979730218256, 18.924574744520264, 15.481352233098665, 17.748955810872545, 22.422888862891234, 15.694393670953815, 11.58221071383287, 16.31641837446423], [16.753319177954232, 16.863967583248016, 20.840217537011732, 19.154958069235374, 26.22820052931909, 29.298390940828504, 34.84536988441916, 27.314880614861366, 18.75347671123464, 10.861238561575796, 0.0, 8.899599261883424, 13.375581036608276, 12.851997144045168, 16.48365060338098, 23.21976029002146, 30.56068468617169, 21.935715651197484, 13.479455183122422, 9.424898104358526], [8.262321363271527, 14.175652693259238, 22.68365686322845, 23.356035268112976, 30.727249396210492, 34.30485128650095, 39.892470466740136, 33.45619791029652, 26.193922803194333, 18.953653515053002, 8.899599261883424, 0.0, 5.656398485461484, 12.898776931433812, 20.951404851022424, 28.48361613717804, 35.71632508958755, 27.341468526751925, 18.439605719321168, 9.268369456165251], [4.407275000931299, 10.62072814221864, 20.99445079513623, 23.27570096898631, 30.61347669503007, 34.98758716049332, 41.77327417415064, 36.21505357837917, 29.563587114814656, 23.126979730218256, 13.375581036608276, 5.656398485461484, 0.0, 11.533021894772856, 21.411469036330438, 29.500240179835863, 37.5605451617137, 28.804295367920478, 19.853382042299014, 9.319777259980308], [15.57041525126642, 6.08865407037031, 9.918113859728273, 11.95647721607088, 19.44592003557942, 25.04455697007944, 34.62388481634819, 29.585687066719746, 23.13620446442599, 18.924574744520264, 12.851997144045168, 12.898776931433812, 11.533021894772856, 0.0, 10.798182824954623, 19.770437848873506, 30.139726445299036, 19.97466314173806, 11.210139404228881, 4.455763658557985], [25.739590324413964, 16.23502833355883, 9.865205063647945, 3.674388461648147, 9.900894918757094, 14.832629744298547, 25.746938315491693, 21.049358127833376, 15.667749397285181, 15.481352233098665, 16.48365060338098, 20.951404851022424, 21.411469036330438, 10.798182824954623, 0.0, 9.411809478559318, 21.193765115594942, 10.295495193654649, 4.85240867292194, 12.182715319594848], [33.89790709622465, 25.22210193879592, 17.693178627396886, 10.493311116247817, 7.982694644657089, 6.088116096045551, 17.139779092887196, 14.07119692755716, 12.953941632095818, 17.748955810872545, 23.21976029002146, 28.48361613717804, 29.500240179835863, 19.770437848873506, 9.411809478559318, 0.0, 12.780943600759766, 3.2407522616350963, 10.115474776441642, 20.367155814288655], [41.80293179049503, 35.80970220796438, 30.032375101066616, 23.073100849540364, 19.76630187089864, 11.597486345815156, 4.598389124926361, 6.6611902864072166, 14.904509706962283, 22.422888862891234, 30.56068468617169, 35.71632508958755, 37.5605451617137, 30.139726445299036, 21.193765115594942, 12.780943600759766, 0.0, 10.983186877973578, 19.59082192499592, 29.366639158501638], [33.19659066070013, 25.709795813402756, 19.469664176593106, 12.297205499160654, 11.143521189183243, 8.00998925480964, 15.545429764036955, 11.491520404118381, 10.520956653594494, 15.694393670953815, 21.935715651197484, 27.341468526751925, 28.804295367920478, 19.97466314173806, 10.295495193654649, 3.2407522616350963, 10.983186877973578, 0.0, 9.39614623264847, 19.85330628330115], [24.254988159381586, 17.245636809984898, 13.90383447843886, 8.516082716436777, 13.654564506086388, 16.090808929901506, 24.160454310545777, 18.513173061586308, 12.562268715868562, 11.58221071383287, 13.479455183122422, 18.439605719321168, 19.853382042299014, 11.210139404228881, 4.85240867292194, 10.115474776441642, 19.59082192499592, 9.39614623264847, 0.0, 10.69480766053635], [13.695855760957983, 8.982475477347265, 14.05218800258416, 14.387059258662491, 21.69194133674211, 25.996872660068576, 33.78234694333952, 28.16967922828462, 21.47104607814023, 16.31641837446423, 9.424898104358526, 9.268369456165251, 9.319777259980308, 4.455763658557985, 12.182715319594848, 20.367155814288655, 29.366639158501638, 19.85330628330115, 10.69480766053635, 0.0]]