[[0.0, 13.830692500783254, 20.775709169791437, 26.72005555501706, 34.01852215827352, 39.776897584092865, 45.39690872603717, 42.15320792396122, 36.35355623899498, 26.59903190301604, 19.700432158081867, 11.944256988737056, 4.402198919751355, 16.818377127543016, 24.537733461272843, 30.619616676151825, 41.19904346884482, 31.27180775566507, 23.284582516311968, 14.765098800146545], [13.830692500783254, 0.0, 7.633633816544384, 15.730886062216968, 24.427064073736858, 32.74385970309427, 41.31038074104016, 39.29521771831429, 33.52604539131362, 25.898330546897064, 20.74406627327377, 17.335291906903272, 11.42910120590233, 7.015489093095511, 16.88368868718359, 24.22339228913905, 36.98304559764938, 26.72627243232921, 19.408849439248097, 13.38766402593541], [20.775709169791437, 7.633633816544384, 0.0, 8.980611056783275, 17.963127122631125, 27.37850537251493, 37.18310502043187, 35.79341084889624, 30.346229846160245, 24.78787289489312, 21.70404821803043, 21.252494117033645, 17.53580961745262, 5.876369099128645, 12.559971167342264, 19.708053817634124, 32.9417874067775, 23.094869128553512, 17.244380249962155, 14.699605615119367], [26.72005555501706, 15.730886062216968, 8.980611056783275, 0.0, 9.45007153830541, 19.45269270736298, 29.84855663940315, 28.6077042238644, 23.459493710508436, 20.711698825716375, 20.734278856670322, 23.661730886855295, 22.725652369312304, 9.970493040995816, 6.795618970794864, 12.403324705888377, 25.701956764653247, 16.37609113295905, 13.061457905997514, 15.468552344628277], [34.01852215827352, 24.427064073736858, 17.963127122631125, 9.45007153830541, 0.0, 10.738858691553634, 22.054605989285232, 22.243468065510136, 19.43911285865559, 21.737348875440794, 25.144282261498937, 29.879594246517904, 29.725533950997853, 18.206448456976666, 10.128670703441843, 8.208275135204781, 18.412742149285236, 12.423523028233584, 14.663594182559304, 20.90379031267117], [39.776897584092865, 32.74385970309427, 27.37850537251493, 19.45269270736298, 10.738858691553634, 0.0, 11.69279490956003, 14.064615203903662, 15.912900386667102, 23.199378417146054, 29.203813340676778, 34.8441153850511, 35.393436690800755, 26.25110712065914, 17.034091576504277, 9.93228644822077, 8.872942804942676, 10.845853713771037, 18.04200158090454, 25.960367798390994], [45.39690872603717, 41.31038074104016, 37.18310502043187, 29.84855663940315, 22.054605989285232, 11.69279490956003, 0.0, 7.661075239076886, 15.962822826798554, 26.03791526621736, 33.52579035932555, 39.57431508358488, 41.19249464598485, 34.79240161567194, 25.66762450960059, 18.022493640485628, 4.469393730805668, 15.775132609057646, 23.927521866989295, 31.863475625809702], [42.15320792396122, 39.29521771831429, 35.79341084889624, 28.6077042238644, 22.243468065510136, 14.064615203903662, 7.661075239076886, 0.0, 9.358089561933038, 19.993233003798814, 28.06054779370098, 34.795542373204604, 38.04111918229172, 32.57194544253384, 23.420980666697755, 16.30804516570015, 6.4097880081242895, 12.743963054377904, 20.360330085561333, 28.311653595307963], [36.35355623899498, 33.52604539131362, 30.346229846160245, 23.459493710508436, 19.43911285865559, 15.912900386667102, 15.962822826798554, 9.358089561933038, 0.0, 11.574582875555645, 19.920234062186143, 27.52916773926021, 32.29621942909967, 26.71108549118655, 17.885166562952495, 12.685864085308975, 12.679942641652838, 9.006596281858814, 14.292586656504765, 22.084941817090172], [26.59903190301604, 25.898330546897064, 24.78787289489312, 20.711698825716375, 21.737348875440794, 23.199378417146054, 26.03791526621736, 19.993233003798814, 11.574582875555645, 0.0, 8.477681215368092, 16.43276643965906, 22.943157789603447, 19.950092463085856, 14.639362027311504, 14.905790034429378, 22.04845864495317, 12.673073883635062, 9.508189974484319, 13.520919541350661], [19.700432158081867, 20.74406627327377, 21.70404821803043, 20.734278856670322, 25.144282261498937, 29.203813340676778, 33.52579035932555, 28.06054779370098, 19.920234062186143, 8.477681215368092, 0.0, 8.507003653261002, 16.615397018356983, 16.407110516336566, 15.794150890982046, 19.63722506371053, 29.309034596354532, 18.78805863978112, 11.898372243434187, 9.665049049029141], [11.944256988737056, 17.335291906903272, 21.252494117033645, 23.661730886855295, 29.879594246517904, 34.8441153850511, 39.57431508358488, 34.795542373204604, 27.52916773926021, 16.43276643965906, 8.507003653261002, 0.0, 9.9969367500947, 15.870451700201157, 19.770791390468638, 25.070592309858355, 35.311600485705014, 24.79550442990604, 16.81005226002492, 9.772915393492106], [4.402198919751355, 11.42910120590233, 17.53580961745262, 22.725652369312304, 29.725533950997853, 35.393436690800755, 41.19249464598485, 38.04111918229172, 32.29621942909967, 22.943157789603447, 16.615397018356983, 9.9969367500947, 0.0, 13.000620788890426, 20.212049748032605, 26.22050045585315, 36.95534975452254, 26.942785733024007, 18.972946957817516, 10.511629296330659], [16.818377127543016, 7.015489093095511, 5.876369099128645, 9.970493040995816, 18.206448456976666, 26.25110712065914, 34.79240161567194, 32.57194544253384, 26.71108549118655, 19.950092463085856, 16.407110516336566, 15.870451700201157, 13.000620788890426, 0.0, 9.909878430672949, 17.372564702318105, 30.408072615972042, 19.908196059253836, 12.797990452426934, 8.848418567345517], [24.537733461272843, 16.88368868718359, 12.559971167342264, 6.795618970794864, 10.128670703441843, 17.034091576504277, 25.66762450960059, 23.420980666697755, 17.885166562952495, 14.639362027311504, 15.794150890982046, 19.770791390468638, 20.212049748032605, 9.909878430672949, 0.0, 7.7349565115867325, 21.267785672393305, 10.718745660087052, 6.310190895606405, 10.904140873879516], [30.619616676151825, 24.22339228913905, 19.708053817634124, 12.403324705888377, 8.208275135204781, 9.93228644822077, 18.022493640485628, 16.30804516570015, 12.685864085308975, 14.905790034429378, 19.63722506371053, 25.070592309858355, 26.22050045585315, 17.372564702318105, 7.7349565115867325, 0.0, 13.667073683719055, 4.4300674902963975, 8.336821379937918, 16.33502064326905], [41.19904346884482, 36.98304559764938, 32.9417874067775, 25.701956764653247, 18.412742149285236, 8.872942804942676, 4.469393730805668, 6.4097880081242895, 12.679942641652838, 22.04845864495317, 29.309034596354532, 35.311600485705014, 36.95534975452254, 30.408072615972042, 21.267785672393305, 13.667073683719055, 0.0, 11.321749717993457, 19.479470536193684, 27.484673109599832], [31.27180775566507, 26.72627243232921, 23.094869128553512, 16.37609113295905, 12.423523028233584, 10.845853713771037, 15.775132609057646, 12.743963054377904, 9.006596281858814, 12.673073883635062, 18.78805863978112, 24.79550442990604, 26.942785733024007, 19.908196059253836, 10.718745660087052, 4.4300674902963975, 11.321749717993457, 0.0, 8.399093629690586, 16.841744557489438], [23.284582516311968, 19.408849439248097, 17.244380249962155, 13.061457905997514, 14.663594182559304, 18.04200158090454, 23.927521866989295, 20.360330085561333, 14.292586656504765, 9.508189974484319, 11.898372243434187, 16.81005226002492, 18.972946957817516, 12.797990452426934, 6.310190895606405, 8.336821379937918, 19.479470536193684, 8.399093629690586, 0.0, 8.590919227067266], [14.765098800146545, 13.38766402593541, 14.699605615119367, 15.468552344628277, 20.90379031267117, 25.960367798390994, 31.863475625809702, 28.311653595307963, 22.084941817090172, 13.520919541350661, 9.665049049029141, 9.772915393492106, 10.511629296330659, 8.848418567345517, 10.904140873879516, 16.33502064326905, 27.484673109599832, 16.841744557489438, 8.590919227067266, 0.0]]