[[0.0, 9.220245776926063, 18.655382071089882, 26.73086896773397, 32.4197270609523, 37.61780055821067, 43.37683180993839, 42.880900492968586, 37.008639066215444, 30.804285966662594, 23.138853220959525, 14.423690696227439, 6.048187809953082, 15.454163664016534, 23.786657750263615, 31.813484313100098, 40.426729204202715, 35.75512519415187, 28.440089119721588, 21.501665444649632], [9.220245776926063, 0.0, 9.599548071495917, 18.630879610850585, 24.915650824009955, 31.5372009288846, 39.110403088376735, 39.892796347671705, 34.643364924442466, 29.780452231334177, 22.82771544523459, 19.562035091240705, 9.601057685087095, 9.803293694784523, 17.696942279050216, 26.24566075418596, 36.325518766248145, 32.42126227385511, 25.37557483722631, 19.816957478880024], [18.655382071089882, 9.599548071495917, 0.0, 10.163721076082568, 16.8397780050957, 24.927350854662535, 34.2498166048077, 36.4028686326694, 32.33036371016345, 29.567135813874557, 24.502226313204613, 26.217377154986455, 17.353536053622584, 9.487496960936904, 12.849830341244118, 20.6742894772885, 31.77969913080558, 29.174676215847878, 23.46084497215264, 20.707351660396018], [26.73086896773397, 18.630879610850585, 10.163721076082568, 0.0, 7.559507593282781, 16.382713373677515, 26.63298537769591, 29.261273081886866, 26.18457051798197, 26.011401154791884, 23.943989154903697, 30.324202397455874, 23.615982608059777, 12.671236783202737, 7.924562902468436, 12.5749388677522, 24.271073636405742, 22.353887523156256, 19.070929816208253, 20.249937619076924], [32.4197270609523, 24.915650824009955, 16.8397780050957, 7.559507593282781, 0.0, 9.471937920344073, 20.46676616286081, 24.64591835074435, 24.683294394547318, 27.290647715738245, 27.618610420898914, 35.08494244614246, 29.050706656580697, 18.566931948166076, 11.540237178819986, 9.134421808248462, 18.764350649170623, 20.638716379372564, 20.909943857119302, 24.513839330504453], [37.61780055821067, 31.5372009288846, 24.927350854662535, 16.382713373677515, 9.471937920344073, 0.0, 11.216797797772596, 16.92080978998585, 21.373444079866275, 27.00506842798849, 30.04455995023388, 38.23371891566292, 33.71492413467896, 24.4756379758696, 16.772538622804447, 8.217445252537132, 10.275240034360754, 17.837001463463334, 22.375145813853482, 27.973296327371415], [43.37683180993839, 39.110403088376735, 34.2498166048077, 26.63298537769591, 20.46676616286081, 11.216797797772596, 0.0, 9.012451144065572, 19.950070887081345, 27.989517860098566, 33.44538645486276, 41.569450220561315, 39.06025365870793, 31.75576749718977, 24.61447683608805, 15.300316440427011, 3.898859906981269, 18.22316222458761, 26.13358010660156, 32.667323047949225], [42.880900492968586, 39.892796347671705, 36.4028686326694, 29.261273081886866, 24.64591835074435, 16.92080978998585, 9.012451144065572, 0.0, 13.163659049795308, 22.035714191129408, 29.10288068372038, 38.10155190732989, 37.836352623103316, 31.604052183571223, 24.929993478370307, 16.72176650361516, 7.085927211847507, 13.173451734043208, 22.304743499023385, 29.339801411468926], [37.008639066215444, 34.643364924442466, 32.33036371016345, 26.18457051798197, 24.683294394547318, 21.373444079866275, 19.950070887081345, 13.163659049795308, 0.0, 9.714468407719178, 18.03113697639605, 29.4308896791165, 31.184814316004907, 25.303936923755575, 19.678420762578277, 15.784803976424216, 16.33619248826754, 4.244792793798294, 11.48358652514666, 18.961009412282458], [30.804285966662594, 29.780452231334177, 29.567135813874557, 26.011401154791884, 27.290647715738245, 27.00506842798849, 27.989517860098566, 22.035714191129408, 9.714468407719178, 0.0, 9.133592754712296, 21.19498668749764, 24.761225195595042, 20.927862240877133, 18.35737831817054, 19.490361629644067, 24.13031528570335, 11.066131603193227, 7.379874669709502, 11.349531496859683], [23.138853220959525, 22.82771544523459, 24.502226313204613, 23.943989154903697, 27.618610420898914, 30.04455995023388, 33.44538645486276, 29.10288068372038, 18.03113697639605, 9.133592754712296, 0.0, 13.61292711488029, 17.18351807446129, 15.221269368482439, 16.48556072466511, 21.917636358232855, 29.582110949512572, 17.979017532373923, 9.329409850330563, 4.102266110702353], [14.423690696227439, 19.562035091240705, 26.217377154986455, 30.324202397455874, 35.08494244614246, 38.23371891566292, 41.569450220561315, 38.10155190732989, 29.4308896791165, 21.19498668749764, 13.61292711488029, 0.0, 10.23989276024221, 17.95925738240779, 24.048507650045767, 30.881888596769073, 38.026468182025674, 29.640065772461135, 22.0001761633921, 14.634064105561723], [6.048187809953082, 9.601057685087095, 17.353536053622584, 23.615982608059777, 29.050706656580697, 33.71492413467896, 39.06025365870793, 37.836352623103316, 31.184814316004907, 24.761225195595042, 17.18351807446129, 10.23989276024221, 0.0, 11.302845813752569, 19.28115148511066, 27.23537930094327, 35.86313659965193, 30.071838529354388, 22.59316243206539, 15.656897497220735], [15.454163664016534, 9.803293694784523, 9.487496960936904, 12.671236783202737, 18.566931948166076, 24.4756379758696, 31.75576749718977, 31.604052183571223, 25.303936923755575, 20.927862240877133, 15.221269368482439, 17.95925738240779, 11.302845813752569, 0.0, 8.668285373181078, 17.8409499246509, 28.567824966677495, 22.90350611565389, 15.773404931329537, 11.682412760546551], [23.786657750263615, 17.696942279050216, 12.849830341244118, 7.924562902468436, 11.540237178819986, 16.772538622804447, 24.61447683608805, 24.929993478370307, 19.678420762578277, 18.35737831817054, 16.48556072466511, 24.048507650045767, 19.28115148511066, 8.668285373181078, 0.0, 9.69169878167548, 21.43400834103395, 16.363586707781216, 11.798883378100236, 13.15144928608159], [31.813484313100098, 26.24566075418596, 20.6742894772885, 12.5749388677522, 9.134421808248462, 8.217445252537132, 15.300316440427011, 16.72176650361516, 15.784803976424216, 19.490361629644067, 21.917636358232855, 30.881888596769073, 27.23537930094327, 17.8409499246509, 9.69169878167548, 0.0, 12.289246453923322, 11.941305431470465, 14.316949441512529, 19.819271453995423], [40.426729204202715, 36.325518766248145, 31.77969913080558, 24.271073636405742, 18.764350649170623, 10.275240034360754, 3.898859906981269, 7.085927211847507, 16.33619248826754, 24.13031528570335, 29.582110949512572, 38.026468182025674, 35.86313659965193, 28.567824966677495, 21.43400834103395, 12.289246453923322, 0.0, 14.497910201745801, 22.28827053798892, 28.869094613345617], [35.75512519415187, 32.42126227385511, 29.174676215847878, 22.353887523156256, 20.638716379372564, 17.837001463463334, 18.22316222458761, 13.173451734043208, 4.244792793798294, 11.066131603193227, 17.979017532373923, 29.640065772461135, 30.071838529354388, 22.90350611565389, 16.363586707781216, 11.941305431470465, 14.497910201745801, 0.0, 9.867939194324416, 17.967802468136554], [28.440089119721588, 25.37557483722631, 23.46084497215264, 19.070929816208253, 20.909943857119302, 22.375145813853482, 26.13358010660156, 22.304743499023385, 11.48358652514666, 7.379874669709502, 9.329409850330563, 22.0001761633921, 22.59316243206539, 15.773404931329537, 11.798883378100236, 14.316949441512529, 22.28827053798892, 9.867939194324416, 0.0, 8.490486757575564], [21.501665444649632, 19.816957478880024, 20.707351660396018, 20.249937619076924, 24.513839330504453, 27.973296327371415, 32.667323047949225, 29.339801411468926, 18.961009412282458, 11.349531496859683, 4.102266110702353, 14.634064105561723, 15.656897497220735, 11.682412760546551, 13.15144928608159, 19.819271453995423, 28.869094613345617, 17.967802468136554, 8.490486757575564, 0.0]]