[[0.0, 11.571402881232943, 20.279460168378275, 27.668955311456376, 34.99329118662739, 40.42902136206924, 47.16501151396506, 42.37468552265304, 36.056545604652406, 27.08401997863074, 18.592358221000907, 10.063482798764152, 4.322625368122824, 15.867570103503908, 24.382108189542716, 32.852412323584794, 42.9617160719031, 32.852412323584794, 24.058815774657344, 15.574194154220148], [11.571402881232943, 0.0, 8.885286854341226, 16.83689043846476, 24.565945897341994, 31.268963379124433, 39.680893194238315, 35.694092210504685, 29.507494853418528, 21.438137099384054, 14.623865982029995, 10.690835285685678, 9.593840498450712, 7.560225671154597, 15.228957569225939, 24.588640092023674, 35.29650064536045, 24.588640092023674, 15.49889732868403, 8.318627122341821], [20.279460168378275, 8.885286854341226, 0.0, 8.473147589772589, 16.604823753576035, 24.47867824050609, 34.169720332966584, 30.843268777337045, 24.877974422575768, 18.45910621603316, 15.049128880886933, 16.203655382725557, 17.644677003938213, 7.77552936320184, 9.661751412376798, 18.939638917677314, 29.74755405495595, 18.939638917677314, 10.722440648489039, 9.157082166909392], [27.668955311456376, 16.83689043846476, 8.473147589772589, 0.0, 8.397929539663568, 16.804168795545376, 27.171516464666063, 24.436620876563207, 19.200629878158395, 15.982688813718577, 16.961555504461085, 21.487463544138706, 24.376371699050967, 12.430250738128535, 6.602273312793256, 12.596737812279654, 22.83268204619573, 12.596737812279654, 8.129473653606055, 13.353356611995164], [34.99329118662739, 24.565945897341994, 16.604823753576035, 8.397929539663568, 0.0, 9.291287140002131, 20.406264706306665, 19.339238593728886, 16.772672593135564, 18.624726996353335, 22.604965960611267, 28.193336935766926, 31.395197472563108, 19.455730116839227, 11.50371411005463, 9.45938206452652, 16.489770977764152, 9.45938206452652, 12.461352006779078, 20.080098584188], [40.42902136206924, 31.268963379124433, 24.47867824050609, 16.804168795545376, 9.291287140002131, 0.0, 11.229401188818665, 11.942613368582357, 13.861883292542759, 20.743124098134444, 26.65723059720336, 32.83108861181684, 36.44951049255702, 25.21874489232912, 16.994773649446852, 8.585987666357846, 7.773676116586928, 8.585987666357846, 17.186376402780493, 25.428144786306095], [47.16501151396506, 39.680893194238315, 34.169720332966584, 27.171516464666063, 20.406264706306665, 11.229401188818665, 0.0, 7.450417377589929, 15.902757144914144, 25.888066470389976, 32.73962763151354, 39.03267158572973, 42.96188132495505, 33.07516370596279, 25.53488956859248, 15.717743098246483, 4.510095336981913, 15.717743098246483, 25.164220103226647, 32.899480533944114], [42.37468552265304, 35.694092210504685, 30.843268777337045, 24.436620876563207, 19.339238593728886, 11.942613368582357, 7.450417377589929, 0.0, 9.151545409621152, 19.467073936542082, 26.75946249542634, 33.55832907104996, 38.07602129413306, 28.55424187840738, 21.437414917418447, 12.005321787925926, 5.515941756930001, 12.005321787925926, 20.748926627787906, 28.16500744489335], [36.056545604652406, 29.507494853418528, 24.877974422575768, 19.200629878158395, 16.772672593135564, 13.861883292542759, 15.902757144914144, 9.151545409621152, 0.0, 10.722890979333979, 18.823142111083236, 26.582676806555977, 31.788729124519023, 22.008593580374825, 15.295101274500567, 8.694226665088097, 12.30766321007615, 8.694226665088097, 14.434347537107937, 21.53587931324593], [27.08401997863074, 21.438137099384054, 18.45910621603316, 15.982688813718577, 18.624726996353335, 20.743124098134444, 25.888066470389976, 19.467073936542082, 10.722890979333979, 0.0, 8.705952664371257, 17.234730582671634, 23.017525245233593, 14.081248547776934, 10.625648479867703, 12.690043531464221, 21.762031056947418, 12.690043531464221, 9.498612283519416, 13.398876928625848], [18.592358221000907, 14.623865982029995, 15.049128880886933, 16.961555504461085, 22.604965960611267, 26.65723059720336, 32.73962763151354, 26.75946249542634, 18.823142111083236, 8.705952664371257, 0.0, 8.719043848780325, 14.693431316017204, 8.496438935819821, 11.463327902375557, 18.237031133048877, 28.448695500658392, 18.237031133048877, 10.486245072774574, 7.426719697446317], [10.063482798764152, 10.690835285685678, 16.203655382725557, 21.487463544138706, 28.193336935766926, 32.83108861181684, 39.03267158572973, 33.55832907104996, 26.582676806555977, 17.234730582671634, 8.719043848780325, 0.0, 6.2303730249115095, 9.246596223597793, 16.769369917518006, 24.634685325817454, 34.78815789444243, 24.634685325817454, 16.074255961373296, 8.275017583052074], [4.322625368122824, 9.593840498450712, 17.644677003938213, 24.376371699050967, 31.395197472563108, 36.44951049255702, 42.96188132495505, 38.07602129413306, 31.788729124519023, 23.017525245233593, 14.693431316017204, 6.2303730249115095, 0.0, 12.188489439235692, 20.53901933066243, 28.724516276510435, 38.763747467300654, 28.724516276510435, 20.092739638413526, 11.703019653493966], [15.867570103503908, 7.560225671154597, 7.77552936320184, 12.430250738128535, 19.455730116839227, 25.21874489232912, 33.07516370596279, 28.55424187840738, 22.008593580374825, 14.081248547776934, 8.496438935819821, 9.246596223597793, 12.188489439235692, 0.0, 8.575668212018758, 17.77579148311672, 28.640805455653545, 17.77579148311672, 8.448530168890564, 1.3986113055877958], [24.382108189542716, 15.228957569225939, 9.661751412376798, 6.602273312793256, 11.50371411005463, 16.994773649446852, 25.53488956859248, 21.437414917418447, 15.295101274500567, 10.625648479867703, 11.463327902375557, 16.769369917518006, 20.53901933066243, 8.575668212018758, 0.0, 9.864045424614286, 21.031408205328216, 9.864045424614286, 1.5443872953844804, 8.905605431740671], [32.852412323584794, 24.588640092023674, 18.939638917677314, 12.596737812279654, 9.45938206452652, 8.585987666357846, 15.717743098246483, 12.005321787925926, 8.694226665088097, 12.690043531464221, 18.237031133048877, 24.634685325817454, 28.724516276510435, 17.77579148311672, 9.864045424614286, 0.0, 11.207665091823229, 0.0, 9.54142411441243, 17.73165178369378], [42.9617160719031, 35.29650064536045, 29.74755405495595, 22.83268204619573, 16.489770977764152, 7.773676116586928, 4.510095336981913, 5.515941756930001, 12.30766321007615, 21.762031056947418, 28.448695500658392, 34.78815789444243, 38.763747467300654, 28.640805455653545, 21.031408205328216, 11.207665091823229, 0.0, 11.207665091823229, 20.667526192483177, 28.488599094628675], [32.852412323584794, 24.588640092023674, 18.939638917677314, 12.596737812279654, 9.45938206452652, 8.585987666357846, 15.717743098246483, 12.005321787925926, 8.694226665088097, 12.690043531464221, 18.237031133048877, 24.634685325817454, 28.724516276510435, 17.77579148311672, 9.864045424614286, 0.0, 11.207665091823229, 0.0, 9.54142411441243, 17.73165178369378], [24.058815774657344, 15.49889732868403, 10.722440648489039, 8.129473653606055, 12.461352006779078, 17.186376402780493, 25.164220103226647, 20.748926627787906, 14.434347537107937, 9.498612283519416, 10.486245072774574, 16.074255961373296, 20.092739638413526, 8.448530168890564, 1.5443872953844804, 9.54142411441243, 20.667526192483177, 9.54142411441243, 0.0, 8.535128087530262], [15.574194154220148, 8.318627122341821, 9.157082166909392, 13.353356611995164, 20.080098584188, 25.428144786306095, 32.899480533944114, 28.16500744489335, 21.53587931324593, 13.398876928625848, 7.426719697446317, 8.275017583052074, 11.703019653493966, 1.3986113055877958, 8.905605431740671, 17.73165178369378, 28.488599094628675, 17.73165178369378, 8.535128087530262, 0.0]]