[[0.0, 14.56851256646076, 25.359659681056645, 30.4227287849675, 36.74734085173051, 40.58382136131778, 48.07900698230217, 41.52418801766928, 35.375028479350426, 27.691036550112905, 19.15648785273138, 10.117720360684265, 4.538874015682522, 20.86880615391762, 28.98485804246295, 35.465152894975354, 43.06415008836967, 35.24123882031194, 28.48612053024878, 19.161970153510364], [14.56851256646076, 0.0, 10.895436869132459, 16.82614468656837, 23.68196945309627, 29.070219049234645, 39.71243832886321, 32.99708820010189, 26.458426601351995, 19.974660531130585, 13.08410044579198, 9.84499683865252, 10.941358636927088, 7.901731356584136, 16.31940174834684, 24.129985270550705, 33.99184801717748, 24.247989130458667, 16.275705768364638, 7.043611162361889], [25.359659681056645, 10.895436869132459, 0.0, 7.89574805630739, 14.4833591990928, 21.427932197182862, 34.49106865712379, 28.480716414217156, 22.67035865726442, 19.186830185602748, 17.032279177030322, 18.994260286887116, 21.475591292565984, 7.1778556646345235, 9.613480533419978, 17.47990827229356, 28.59546752958339, 18.057952725839797, 10.448791960751871, 8.897656407028649], [30.4227287849675, 16.82614468656837, 7.89574805630739, 0.0, 7.545498950256634, 14.213176457433788, 27.855673768680756, 21.55872823892432, 16.188874306995352, 15.180252256401971, 17.147856912794527, 22.263593587997185, 26.087292930560313, 9.73533940124935, 3.6254311196020543, 10.166026659771113, 21.810023977748035, 10.866240917557235, 4.954210072571717, 11.520183107795122], [36.74734085173051, 23.68196945309627, 14.4833591990928, 7.545498950256634, 0.0, 7.940034434312612, 22.548892583880146, 18.223407601190637, 15.604656261724637, 18.303958825682297, 22.9963921530392, 28.59579478678921, 32.3522719668771, 16.704000503850267, 8.981063441186176, 7.2508226726059775, 16.989582654943, 8.419238982495921, 9.762430856367022, 18.296262115178937], [40.58382136131778, 29.070219049234645, 21.427932197182862, 14.213176457433788, 7.940034434312612, 0.0, 14.76543563681888, 11.79673877398397, 12.694235981510584, 18.5416473786046, 25.66065130154527, 32.01808638519765, 36.10748254413218, 21.83844784002288, 13.86504365483142, 6.056431700856946, 9.463195619846502, 6.6533411083590925, 13.928184894442673, 23.010645488937723], [48.07900698230217, 39.71243832886321, 34.49106865712379, 27.855673768680756, 22.548892583880146, 14.76543563681888, 0.0, 10.322536991287175, 18.0201662696279, 25.280292540145695, 33.7202129530012, 39.86702603815547, 43.84146655782586, 33.07879406973944, 26.389929379330933, 18.049402564352263, 6.248751289074084, 17.645523334880437, 25.892553889307443, 33.61936982042741], [41.52418801766928, 32.99708820010189, 28.480716414217156, 21.55872823892432, 18.223407601190637, 11.79673877398397, 10.322536991287175, 0.0, 8.117197728172634, 15.948528224470056, 25.05894566721325, 32.366325186379285, 37.15020746277591, 25.862285524133963, 19.266708924725624, 11.625729222752867, 5.868873348437577, 10.741644698122812, 18.512897919089543, 26.292081196828693], [35.375028479350426, 26.458426601351995, 22.67035865726442, 16.188874306995352, 15.604656261724637, 12.694235981510584, 18.0201662696279, 8.117197728172634, 0.0, 8.388351971930422, 17.65061384492644, 25.688325247420412, 30.940241423224933, 19.14663583385619, 13.219182234570379, 8.562712299823993, 12.363567596241706, 7.430146928697506, 12.242117417865629, 19.500626244356514], [27.691036550112905, 19.974660531130585, 19.186830185602748, 15.180252256401971, 18.303958825682297, 18.5416473786046, 25.280292540145695, 15.948528224470056, 8.388351971930422, 0.0, 9.394620385563112, 17.758571124700094, 23.346570893214725, 13.60581623749825, 11.566589651865675, 12.803407927902402, 19.617900247979875, 11.95231677891554, 10.269596997275501, 13.318955906118502], [19.15648785273138, 13.08410044579198, 17.032279177030322, 17.147856912794527, 22.9963921530392, 25.66065130154527, 33.7202129530012, 25.05894566721325, 17.65061384492644, 9.394620385563112, 0.0, 9.043667649745979, 14.990798995312591, 9.930362308307233, 14.244850782738444, 19.7118905275455, 28.03792404017792, 19.220828593390245, 13.278810733217638, 8.538707256660981], [10.117720360684265, 9.84499683865252, 18.994260286887116, 22.263593587997185, 28.59579478678921, 32.01808638519765, 39.86702603815547, 32.366325186379285, 25.688325247420412, 17.758571124700094, 9.043667649745979, 0.0, 6.025895602023075, 12.782620334795332, 20.19746842378614, 26.479342587091814, 34.49803125864838, 26.150259222817084, 19.5081620465985, 10.85996846823162], [4.538874015682522, 10.941358636927088, 21.475591292565984, 26.087292930560313, 32.3522719668771, 36.10748254413218, 43.84146655782586, 37.15020746277591, 30.940241423224933, 23.346570893214725, 14.990798995312591, 6.025895602023075, 0.0, 16.554042723248422, 24.52417883685929, 30.939505965817375, 38.70487272798728, 30.71261262269462, 23.99234201953776, 14.792622619996969], [20.86880615391762, 7.901731356584136, 7.1778556646345235, 9.73533940124935, 16.704000503850267, 21.83844784002288, 33.07879406973944, 25.862285524133963, 19.14663583385619, 13.60581623749825, 9.930362308307233, 12.782620334795332, 16.554042723248422, 0.0, 8.567952328057212, 16.588511198035498, 27.093138763228936, 16.70283452251614, 8.454014708499923, 1.9485194276562936], [28.98485804246295, 16.31940174834684, 9.613480533419978, 3.6254311196020543, 8.981063441186176, 13.86504365483142, 26.389929379330933, 19.266708924725624, 13.219182234570379, 11.566589651865675, 14.244850782738444, 20.19746842378614, 24.52417883685929, 8.567952328057212, 0.0, 8.664200296907845, 20.2153388094216, 9.014217729951058, 1.3388476221123935, 10.006504537966242], [35.465152894975354, 24.129985270550705, 17.47990827229356, 10.166026659771113, 7.2508226726059775, 6.056431700856946, 18.049402564352263, 11.625729222752867, 8.562712299823993, 12.803407927902402, 19.7118905275455, 26.479342587091814, 30.939505965817375, 16.588511198035498, 8.664200296907845, 0.0, 11.873354835024726, 1.179263740415185, 8.411999793225508, 17.637522054034378], [43.06415008836967, 33.99184801717748, 28.59546752958339, 21.810023977748035, 16.989582654943, 9.463195619846502, 6.248751289074084, 5.868873348437577, 12.363567596241706, 19.617900247979875, 28.03792404017792, 34.49803125864838, 38.70487272798728, 27.093138763228936, 20.2153388094216, 11.873354835024726, 0.0, 11.415204722264557, 19.70600148456107, 27.70623376016105], [35.24123882031194, 24.247989130458667, 18.057952725839797, 10.866240917557235, 8.419238982495921, 6.6533411083590925, 17.645523334880437, 10.741644698122812, 7.430146928697506, 11.95231677891554, 19.220828593390245, 26.150259222817084, 30.71261262269462, 16.70283452251614, 9.014217729951058, 1.179263740415185, 11.415204722264557, 0.0, 8.593697257890344, 17.64424744392537], [28.48612053024878, 16.275705768364638, 10.448791960751871, 4.954210072571717, 9.762430856367022, 13.928184894442673, 25.892553889307443, 18.512897919089543, 12.242117417865629, 10.269596997275501, 13.278810733217638, 19.5081620465985, 23.99234201953776, 8.454014708499923, 1.3388476221123935, 8.411999793225508, 19.70600148456107, 8.593697257890344, 0.0, 9.689004176412508], [19.161970153510364, 7.043611162361889, 8.897656407028649, 11.520183107795122, 18.296262115178937, 23.010645488937723, 33.61936982042741, 26.292081196828693, 19.500626244356514, 13.318955906118502, 8.538707256660981, 10.85996846823162, 14.792622619996969, 1.9485194276562936, 10.006504537966242, 17.637522054034378, 27.70623376016105, 17.64424744392537, 9.689004176412508, 0.0]]