[[0.0, 11.359208656000384, 20.078458294628398, 27.53957771807959, 34.40810803018011, 40.40015481279141, 47.153751908531184, 42.361388812312036, 36.08883955788242, 27.20268969012635, 18.7894599886678, 10.144910434081268, 4.321538221430652, 16.885823352805453, 24.321805769257246, 32.82531920234187, 42.948462348822, 32.82531920234187, 24.05523570578904, 16.647695693788194], [11.359208656000384, 0.0, 8.896559030430474, 16.874597538368846, 24.351923851271483, 31.2689288011913, 39.622706528366805, 35.60504129279994, 29.450472131846393, 21.44723694729683, 14.553644208092837, 10.343685687308414, 9.341895066883058, 8.415908804252219, 15.247186382186486, 24.57322083765073, 35.26172947341129, 24.57322083765073, 15.50706112273341, 9.03521427221513], [20.078458294628398, 8.896559030430474, 0.0, 8.486329127107789, 16.63988695221434, 24.432456435972398, 34.06574895666116, 30.67603386768614, 24.670560416366293, 18.23946932182837, 14.638073618264126, 15.737881046782471, 17.419122311712783, 7.34969315562725, 9.595962253338177, 18.863508382498683, 29.67832781764642, 18.863508382498683, 10.568557967934133, 8.64893358271192], [27.53957771807959, 16.874597538368846, 8.486329127107789, 0.0, 8.506871656909432, 16.74757474614862, 27.066632049523584, 24.244721807184362, 18.916297663165512, 15.683653043624693, 16.544055492917874, 21.12500399993564, 24.23496302467016, 11.42119941779102, 6.527827250548303, 12.507775985045624, 22.77264633443788, 12.507775985045624, 7.92302515915518, 12.302708398496812], [34.40810803018011, 24.351923851271483, 16.63988695221434, 8.506871656909432, 0.0, 8.45088597171882, 19.32430215698549, 17.827168561194732, 15.092430796098485, 17.26095261929917, 21.43647530258482, 27.204036984146484, 30.705002048796494, 17.799574316314224, 10.68293949124687, 7.8588360365431305, 15.32933547081627, 7.8588360365431305, 11.435658196908864, 18.301394473709838], [40.40015481279141, 31.2689288011913, 24.432456435972398, 16.74757474614862, 8.45088597171882, 0.0, 11.192204657271688, 11.823443888327041, 13.777942004319446, 20.737397119125756, 26.608222398175894, 32.73754284304939, 36.42110865983227, 24.171153548179305, 16.98849263305612, 8.586233818970166, 7.801404145949626, 8.586233818970166, 17.18333170075003, 24.369056712168963], [47.153751908531184, 39.622706528366805, 34.06574895666116, 27.066632049523584, 19.32430215698549, 11.192204657271688, 0.0, 7.458441996607207, 16.0359623758917, 26.04139353765772, 32.861940141360755, 39.04730106265152, 42.95174650545977, 32.08628196226685, 25.495077323000572, 15.692068881392313, 4.475751369769553, 15.692068881392313, 25.17949499275879, 31.922525694948906], [42.361388812312036, 35.60504129279994, 30.67603386768614, 24.244721807184362, 17.827168561194732, 11.823443888327041, 7.458441996607207, 0.0, 9.290831135809325, 19.60877077785451, 26.86908315782589, 33.56205149136798, 38.06435594074542, 27.56617745250373, 21.337196418870025, 11.911138238613008, 5.46574359052874, 11.911138238613008, 20.717010250262536, 27.18610296064607], [36.08883955788242, 29.450472131846393, 24.670560416366293, 18.916297663165512, 15.092430796098485, 13.777942004319446, 16.0359623758917, 9.290831135809325, 0.0, 10.746439264764536, 18.826648956659994, 26.560885217334608, 31.831330687545584, 21.04807563660443, 15.16910998906752, 8.659189721162893, 12.45248628856816, 8.659189721162893, 14.368730164459318, 20.565655619761824], [27.20268969012635, 21.44723694729683, 18.23946932182837, 15.683653043624693, 17.26095261929917, 20.737397119125756, 26.04139353765772, 19.60877077785451, 10.746439264764536, 0.0, 8.674057857084769, 17.247683119257644, 23.165278467624393, 13.42456977993642, 10.55347585919033, 12.773942173489518, 21.931369683658815, 12.773942173489518, 9.492995493688923, 12.71235809388841], [18.7894599886678, 14.553644208092837, 14.638073618264126, 16.544055492917874, 21.43647530258482, 26.608222398175894, 32.861940141360755, 26.86908315782589, 18.826648956659994, 8.674057857084769, 0.0, 8.81859417654918, 14.952660599930377, 8.39657714931877, 11.282541980204421, 18.24950677868183, 28.56796132787989, 18.24950677868183, 10.39617250292934, 7.3675429415314655], [10.144910434081268, 10.343685687308414, 15.737881046782471, 21.12500399993564, 27.204036984146484, 32.73754284304939, 39.04730106265152, 33.56205149136798, 26.560885217334608, 17.247683119257644, 8.81859417654918, 0.0, 6.371732831550065, 9.863196122718485, 16.548411563649847, 24.553644381055065, 34.7893747061358, 24.553644381055065, 15.937517725606675, 9.037279715334307], [4.321538221430652, 9.341895066883058, 17.419122311712783, 24.23496302467016, 30.705002048796494, 36.42110865983227, 42.95174650545977, 38.06435594074542, 31.831330687545584, 23.165278467624393, 14.952660599930377, 6.371732831550065, 0.0, 13.167276918650874, 20.47237819136646, 28.697066942146233, 38.75117342177768, 28.697066942146233, 20.09417106730591, 12.76810262880488], [16.885823352805453, 8.415908804252219, 7.34969315562725, 11.42119941779102, 17.799574316314224, 24.171153548179305, 32.08628196226685, 27.56617745250373, 21.04807563660443, 13.42456977993642, 8.39657714931877, 9.863196122718485, 13.167276918650874, 0.0, 7.487193502226919, 16.747576811953962, 27.66124101192354, 16.747576811953962, 7.4044129511421755, 1.3100010043484702], [24.321805769257246, 15.247186382186486, 9.595962253338177, 6.527827250548303, 10.68293949124687, 16.98849263305612, 25.495077323000572, 21.337196418870025, 15.16910998906752, 10.55347585919033, 11.282541980204421, 16.548411563649847, 20.47237819136646, 7.487193502226919, 0.0, 9.850115706489392, 21.024266439621567, 9.850115706489392, 1.4192495376285974, 7.778311902487391], [32.82531920234187, 24.57322083765073, 18.863508382498683, 12.507775985045624, 7.8588360365431305, 8.586233818970166, 15.692068881392313, 11.911138238613008, 8.659189721162893, 12.773942173489518, 18.24950677868183, 24.553644381055065, 28.697066942146233, 16.747576811953962, 9.850115706489392, 0.0, 11.216859414283972, 0.0, 9.56479502857045, 16.686077446712993], [42.948462348822, 35.26172947341129, 29.67832781764642, 22.77264633443788, 15.32933547081627, 7.801404145949626, 4.475751369769553, 5.46574359052874, 12.45248628856816, 21.931369683658815, 28.56796132787989, 34.7893747061358, 38.75117342177768, 27.66124101192354, 21.024266439621567, 11.216859414283972, 0.0, 11.216859414283972, 20.70999460109821, 27.513258270114264], [32.82531920234187, 24.57322083765073, 18.863508382498683, 12.507775985045624, 7.8588360365431305, 8.586233818970166, 15.692068881392313, 11.911138238613008, 8.659189721162893, 12.773942173489518, 18.24950677868183, 24.553644381055065, 28.697066942146233, 16.747576811953962, 9.850115706489392, 0.0, 11.216859414283972, 0.0, 9.56479502857045, 16.686077446712993], [24.05523570578904, 15.50706112273341, 10.568557967934133, 7.92302515915518, 11.435658196908864, 17.18333170075003, 25.17949499275879, 20.717010250262536, 14.368730164459318, 9.492995493688923, 10.39617250292934, 15.937517725606675, 20.09417106730591, 7.4044129511421755, 1.4192495376285974, 9.56479502857045, 20.70999460109821, 9.56479502857045, 0.0, 7.4544630151126245], [16.647695693788194, 9.03521427221513, 8.64893358271192, 12.302708398496812, 18.301394473709838, 24.369056712168963, 31.922525694948906, 27.18610296064607, 20.565655619761824, 12.71235809388841, 7.3675429415314655, 9.037279715334307, 12.76810262880488, 1.3100010043484702, 7.778311902487391, 16.686077446712993, 27.513258270114264, 16.686077446712993, 7.4544630151126245, 0.0]]