[[0.0, 11.279516000214594, 19.9735677543703, 27.17690492801706, 34.43236777532909, 40.03634013533868, 47.06146254273037, 42.26182537636822, 36.05279083596023, 27.36515731200862, 19.635371873818407, 11.262792180153774, 5.642523011954936, 17.39042417474298, 24.61407616741961, 32.13752762056061, 42.84860085862356, 32.1274444000382, 24.561834449662793, 17.4169518546436], [11.279516000214594, 0.0, 8.783744692403234, 16.53134422045893, 24.280826294466134, 31.245919044953467, 39.582802872782594, 35.28439070560374, 28.907750214270305, 21.3886747377618, 14.50740749749885, 9.815064119406248, 7.2718360628480845, 8.41311949177461, 15.2583920100931, 23.235516739212944, 35.15502837560637, 23.443921441935622, 15.537979159898137, 8.969433014568981], [19.9735677543703, 8.783744692403234, 0.0, 8.376738210896827, 16.56427610086683, 24.79373083796616, 34.09609221715166, 30.296063407962723, 23.98697319081795, 18.497531784160227, 14.301607371466115, 14.810486953178886, 15.268253440962917, 6.692470846972731, 9.35825322917963, 16.960612621811304, 29.61039073767006, 17.384395083644325, 10.078977758219873, 7.625441526968128], [27.17690492801706, 16.53134422045893, 8.376738210896827, 0.0, 8.42823114551013, 17.166450761738634, 26.8831561468763, 23.50172419381244, 17.82624526686638, 15.830771039545, 15.926505053664751, 20.011459200262955, 21.93005231837377, 10.529154252211281, 5.591547620922845, 9.803462170618396, 22.45144225306245, 10.434862308660232, 6.60416918816166, 11.058879100344164], [34.43236777532909, 24.280826294466134, 16.56427610086683, 8.42823114551013, 0.0, 9.638737728694661, 19.761520830610934, 17.907458001820746, 15.035084662459967, 18.392386097436777, 21.825737961135285, 27.031360661201017, 29.10695357028667, 17.795573775643646, 10.94844211257012, 6.604656966362213, 15.67213326571992, 7.610236308235436, 11.559614254869704, 18.1647357257501], [40.03634013533868, 31.245919044953467, 24.79373083796616, 17.166450761738634, 9.638737728694661, 0.0, 10.147513044469271, 10.060441496173913, 12.646204933291452, 20.7337557244942, 26.60486446288302, 32.35220508930206, 34.70054119214572, 24.21190891911148, 17.294457672703963, 9.128494719588053, 6.329554825828672, 9.483552456046258, 17.450392179459374, 24.357624790345675], [47.06146254273037, 39.582802872782594, 34.09609221715166, 26.8831561468763, 19.761520830610934, 10.147513044469271, 0.0, 7.5115914356081674, 16.297898888531275, 26.28845856798131, 33.39280702925098, 39.30156877849364, 41.87488971854872, 32.399074050881794, 25.921472431977335, 17.7350109938949, 4.547222565321494, 17.636580245009487, 25.81800328444601, 32.37659400346222], [42.26182537636822, 35.28439070560374, 30.296063407962723, 23.50172419381244, 17.907458001820746, 10.060441496173913, 7.5115914356081674, 0.0, 9.396896925653543, 19.494090233075713, 27.149216416559174, 33.60412565574233, 36.94675526435373, 27.551412133554646, 21.323035323478713, 13.70469715714306, 5.397869137537977, 13.189550004041267, 20.953932769978554, 27.330574063761635], [36.05279083596023, 28.907750214270305, 23.98697319081795, 17.82624526686638, 15.035084662459967, 12.646204933291452, 16.297898888531275, 9.396896925653543, 0.0, 10.673315700577444, 18.811193835805344, 26.220836236382336, 30.530798858296176, 20.619726274660078, 14.637677687283736, 9.197121957733849, 12.625202516860393, 8.186233144761884, 13.98185028420331, 20.201181307674386], [27.36515731200862, 21.3886747377618, 18.497531784160227, 15.830771039545, 18.392386097436777, 20.7337557244942, 26.28845856798131, 19.494090233075713, 10.673315700577444, 0.0, 8.60333198722146, 16.6069334237068, 21.952466561514996, 13.40080180474191, 10.799944787237429, 12.779601768663486, 22.208318473982015, 11.919542824466921, 9.711137578270273, 12.589195658625924], [19.635371873818407, 14.50740749749885, 14.301607371466115, 15.926505053664751, 21.825737961135285, 26.60486446288302, 33.39280702925098, 27.149216416559174, 18.811193835805344, 8.60333198722146, 0.0, 8.492629247297327, 14.403002323862829, 8.371155794083519, 11.210226886408723, 17.684496366707506, 29.060314905905802, 17.214965178599144, 10.404441256431461, 7.321378007131302], [11.262792180153774, 9.815064119406248, 14.810486953178886, 20.011459200262955, 27.031360661201017, 32.35220508930206, 39.30156877849364, 33.60412565574233, 26.220836236382336, 16.6069334237068, 8.492629247297327, 0.0, 6.53437513508385, 9.581996496693895, 16.181202408281813, 23.690727386558674, 34.96833585905279, 23.445984729591483, 15.776126384949542, 8.994070764033825], [5.642523011954936, 7.2718360628480845, 15.268253440962917, 21.93005231837377, 29.10695357028667, 34.70054119214572, 41.87488971854872, 36.94675526435373, 30.530798858296176, 21.952466561514996, 14.403002323862829, 6.53437513508385, 0.0, 11.866415675050996, 19.05304217900362, 26.608926305996583, 37.58865005321033, 26.574009621120954, 18.95955614766598, 11.83706178539869], [17.39042417474298, 8.41311949177461, 6.692470846972731, 10.529154252211281, 17.795573775643646, 24.21190891911148, 32.399074050881794, 27.551412133554646, 20.619726274660078, 13.40080180474191, 8.371155794083519, 9.581996496693895, 11.866415675050996, 0.0, 7.396331885736537, 15.575658499470544, 27.894819928949552, 15.616754942861242, 7.414188543267766, 1.0579158951589782], [24.61407616741961, 15.2583920100931, 9.35825322917963, 5.591547620922845, 10.94844211257012, 17.294457672703963, 25.921472431977335, 21.323035323478713, 14.637677687283736, 10.799944787237429, 11.210226886408723, 16.181202408281813, 19.05304217900362, 7.396331885736537, 0.0, 8.442104487346858, 21.374301435104684, 8.56221104903389, 1.0986916760838716, 7.5021733645588995], [32.13752762056061, 23.235516739212944, 16.960612621811304, 9.803462170618396, 6.604656966362213, 9.128494719588053, 17.7350109938949, 13.70469715714306, 9.197121957733849, 12.779601768663486, 17.684496366707506, 23.690727386558674, 26.608926305996583, 15.575658499470544, 8.442104487346858, 0.0, 13.213554535631205, 1.083443203407546, 8.453495870536756, 15.611489256976638], [42.84860085862356, 35.15502837560637, 29.61039073767006, 22.45144225306245, 15.67213326571992, 6.329554825828672, 4.547222565321494, 5.397869137537977, 12.625202516860393, 22.208318473982015, 29.060314905905802, 34.96833585905279, 37.58865005321033, 27.894819928949552, 21.374301435104684, 13.213554535631205, 0.0, 13.118576619574625, 21.276089134179195, 27.878380288164323], [32.1274444000382, 23.443921441935622, 17.384395083644325, 10.434862308660232, 7.610236308235436, 9.483552456046258, 17.636580245009487, 13.189550004041267, 8.186233144761884, 11.919542824466921, 17.214965178599144, 23.445984729591483, 26.574009621120954, 15.616754942861242, 8.56221104903389, 1.083443203407546, 13.118576619574625, 0.0, 8.433639965158461, 15.579556197822484], [24.561834449662793, 15.537979159898137, 10.078977758219873, 6.60416918816166, 11.559614254869704, 17.450392179459374, 25.81800328444601, 20.953932769978554, 13.98185028420331, 9.711137578270273, 10.404441256431461, 15.776126384949542, 18.95955614766598, 7.414188543267766, 1.0986916760838716, 8.453495870536756, 21.276089134179195, 8.433639965158461, 0.0, 7.365689575603699], [17.4169518546436, 8.969433014568981, 7.625441526968128, 11.058879100344164, 18.1647357257501, 24.357624790345675, 32.37659400346222, 27.330574063761635, 20.201181307674386, 12.589195658625924, 7.321378007131302, 8.994070764033825, 11.83706178539869, 1.0579158951589782, 7.5021733645588995, 15.611489256976638, 27.878380288164323, 15.579556197822484, 7.365689575603699, 0.0]]