[[0.0, 11.157410741217962, 18.76969061099948, 25.987748315329764, 33.05406487625213, 38.80692640633471, 45.97063958408611, 41.303235287712184, 35.09863145727874, 26.362114831404952, 18.90893993922423, 10.981356330618455, 4.855544083206536, 17.02279009092813, 23.99717397542908, 31.287469937563916, 41.740944235973075, 31.31438013149195, 23.95533001102554, 17.081965819361685], [11.157410741217962, 0.0, 8.089025301993683, 16.152521799697936, 23.95335935336213, 31.320837416284675, 39.9665512824307, 35.73269290470145, 29.556909774933054, 22.48438756568853, 16.889956890219732, 11.241942768333507, 7.647031121215215, 8.956605015698472, 15.515827223424505, 23.36664495838292, 35.48177472492076, 23.620388701997136, 15.854201133367617, 9.587577541060357], [18.76969061099948, 8.089025301993683, 0.0, 8.359092083818377, 16.543973308725118, 24.804308730046, 34.192416284326164, 30.233602439605825, 24.317341512504758, 19.37249301722654, 16.620747328082366, 14.888958888640605, 14.47739237838175, 5.942012605273828, 9.058431854830783, 16.678309350325172, 29.63804190847938, 17.080995380770585, 9.76960159411964, 6.9602697455287625], [25.987748315329764, 16.152521799697936, 8.359092083818377, 0.0, 8.479980318647799, 17.241600735874705, 27.06170580127709, 23.4671903104791, 18.355103735235165, 16.978966094801176, 18.131248336901407, 20.06575374817116, 21.392852363969723, 9.95507271918523, 4.938544497199755, 9.284293239331198, 22.542514327958077, 9.89848358627305, 6.018924950749424, 10.507590010553132], [33.05406487625213, 23.95335935336213, 16.543973308725118, 8.479980318647799, 0.0, 9.524527262149288, 19.74972569879931, 17.63393770732011, 15.37946116660482, 19.06728155666417, 23.217969928356524, 26.92768226501826, 28.538671569078524, 17.46568488350199, 10.69255402401886, 5.850365097266404, 15.538315477761705, 6.885786013629154, 11.274399457384234, 17.830279102803466], [38.80692640633471, 31.320837416284675, 24.804308730046, 17.241600735874705, 9.524527262149288, 0.0, 10.251000217675783, 9.923017369189829, 12.675563620119256, 20.719168986362817, 27.01975674035421, 32.28288188842071, 34.45603275843645, 24.337756235638178, 17.588939629291044, 9.482074521491803, 6.317075393277491, 9.797850260266175, 17.700868551206433, 24.465627578352343], [45.97063958408611, 39.9665512824307, 34.192416284326164, 27.06170580127709, 19.74972569879931, 10.251000217675783, 0.0, 7.574456684194723, 15.979009027871724, 25.740133571078104, 33.04760349024501, 39.25278628879887, 41.87721908793645, 32.820338180644086, 26.50077732396463, 18.44252240953219, 4.619195152486741, 18.346055273104927, 26.356843800920096, 32.776480512999164], [41.303235287712184, 35.73269290470145, 30.233602439605825, 23.4671903104791, 17.63393770732011, 9.923017369189829, 7.574456684194723, 0.0, 8.778999935088276, 18.807526435373365, 26.5927357865164, 33.50711581623953, 37.05176363418153, 27.85866168674709, 21.763861169208695, 14.25668762632145, 5.36436061668295, 13.766142996302237, 21.361712451346925, 27.620544813053925], [35.09863145727874, 29.556909774933054, 24.317341512504758, 18.355103735235165, 15.37946116660482, 12.675563620119256, 15.979009027871724, 8.778999935088276, 0.0, 10.597003040069207, 18.727842170903568, 26.15645434382124, 30.622969000143488, 21.020075800138443, 15.39112231071152, 9.982059711464109, 12.287830361149805, 9.010096750281706, 14.69506164043928, 20.581750241152374], [26.362114831404952, 22.48438756568853, 19.37249301722654, 16.978966094801176, 19.06728155666417, 20.719168986362817, 25.740133571078104, 18.807526435373365, 10.597003040069207, 0.0, 8.3757043609909, 16.43527056746219, 22.008684722394133, 14.241632337740707, 12.193702065177332, 13.527921549846853, 21.711200457025377, 12.654171790761534, 11.102300041842412, 13.421468286820632], [18.90893993922423, 16.889956890219732, 16.620747328082366, 18.131248336901407, 23.217969928356524, 27.01975674035421, 33.04760349024501, 26.5927357865164, 18.727842170903568, 8.3757043609909, 0.0, 8.391147026092382, 14.807013261468871, 10.679144533343763, 13.431479589615957, 18.76678405091967, 28.831055082379986, 18.206674431568306, 12.534232447858068, 9.668894106358083], [10.981356330618455, 11.241942768333507, 14.888958888640605, 20.06575374817116, 26.92768226501826, 32.28288188842071, 39.25278628879887, 33.50711581623953, 26.15645434382124, 16.43527056746219, 8.391147026092382, 0.0, 7.159521530594904, 10.195586369781044, 16.586397407754617, 23.832542492584, 34.89783494677929, 23.582232267928752, 16.14583538751529, 9.601100999436733], [4.855544083206536, 7.647031121215215, 14.47739237838175, 21.392852363969723, 28.538671569078524, 34.45603275843645, 41.87721908793645, 37.05176363418153, 30.622969000143488, 22.008684722394133, 14.807013261468871, 7.159521530594904, 0.0, 12.203176874966658, 19.206620396375854, 26.632429528271018, 37.546268115792046, 26.642702091152838, 19.142477472790738, 12.233253562677469], [17.02279009092813, 8.956605015698472, 5.942012605273828, 9.95507271918523, 17.46568488350199, 24.337756235638178, 32.820338180644086, 27.85866168674709, 21.020075800138443, 14.241632337740707, 10.679144533343763, 10.195586369781044, 12.203176874966658, 0.0, 7.340261714512501, 15.528754822689582, 28.23656009575361, 15.572577879410492, 7.3600648718439965, 1.062011122799564], [23.99717397542908, 15.515827223424505, 9.058431854830783, 4.938544497199755, 10.69255402401886, 17.588939629291044, 26.50077732396463, 21.763861169208695, 15.39112231071152, 12.193702065177332, 13.431479589615957, 16.586397407754617, 19.206620396375854, 7.340261714512501, 0.0, 8.431904737836225, 21.881972200392475, 8.545503537478467, 1.1136331525300416, 7.450940692148743], [31.287469937563916, 23.36664495838292, 16.678309350325172, 9.284293239331198, 5.850365097266404, 9.482074521491803, 18.44252240953219, 14.25668762632145, 9.982059711464109, 13.527921549846853, 18.76678405091967, 23.832542492584, 26.632429528271018, 15.528754822689582, 8.431904737836225, 0.0, 13.870677106219873, 1.0702480451456067, 8.43145736083229, 15.561343250118062], [41.740944235973075, 35.48177472492076, 29.63804190847938, 22.542514327958077, 15.538315477761705, 6.317075393277491, 4.619195152486741, 5.36436061668295, 12.287830361149805, 21.711200457025377, 28.831055082379986, 34.89783494677929, 37.546268115792046, 28.23656009575361, 21.881972200392475, 13.870677106219873, 0.0, 13.776030844901229, 21.742061973397117, 28.199190427827446], [31.31438013149195, 23.620388701997136, 17.080995380770585, 9.89848358627305, 6.885786013629154, 9.797850260266175, 18.346055273104927, 13.766142996302237, 9.010096750281706, 12.654171790761534, 18.206674431568306, 23.582232267928752, 26.642702091152838, 15.572577879410492, 8.545503537478467, 1.0702480451456067, 13.776030844901229, 0.0, 8.405704759424578, 15.532112020378458], [23.95533001102554, 15.854201133367617, 9.76960159411964, 6.018924950749424, 11.274399457384234, 17.700868551206433, 26.356843800920096, 21.361712451346925, 14.69506164043928, 11.102300041842412, 12.534232447858068, 16.14583538751529, 19.142477472790738, 7.3600648718439965, 1.1136331525300416, 8.43145736083229, 21.742061973397117, 8.405704759424578, 0.0, 7.312729543746439], [17.081965819361685, 9.587577541060357, 6.9602697455287625, 10.507590010553132, 17.830279102803466, 24.465627578352343, 32.776480512999164, 27.620544813053925, 20.581750241152374, 13.421468286820632, 9.668894106358083, 9.601100999436733, 12.233253562677469, 1.062011122799564, 7.450940692148743, 15.561343250118062, 28.199190427827446, 15.532112020378458, 7.312729543746439, 0.0]]