[[0.0, 11.978648740024644, 18.35443377143831, 25.502559751196173, 33.43022427548369, 39.91152232044408, 45.93033412460564, 41.32452469640811, 35.116293706437105, 26.448171466005522, 17.55613136954519, 10.618151545998009, 5.112518080171945, 17.389459729139602, 24.249592639305966, 31.455164766412366, 41.731659466984226, 31.477461831194937, 24.088934208807576, 17.33989577243485], [11.978648740024644, 0.0, 6.969920737984687, 15.143612194044753, 23.96365233268495, 32.43210748769438, 39.945501158846135, 36.08691507822948, 30.17763597387303, 23.261696795016924, 16.565603133657, 11.209884508948779, 7.639681186744047, 8.974336018875045, 15.524383773507662, 23.623311541127293, 35.446446161762026, 23.92112178495076, 16.265597396340347, 9.595864878852865], [18.35443377143831, 6.969920737984687, 0.0, 8.40455718465381, 17.564661227018867, 26.86805544644072, 34.94963080112711, 31.390842806192808, 25.809421556905704, 20.57797489415695, 16.57574129718371, 14.137710655860333, 13.46005888177975, 5.7620837636239735, 9.835314859381217, 17.927450259337967, 30.371773120826266, 18.358047098870426, 11.198094362386973, 6.812998495538574], [25.502559751196173, 15.143612194044753, 8.40455718465381, 0.0, 9.466780294597314, 19.366371258058674, 27.855478158070113, 24.708421926755477, 19.973910960900696, 17.964956064905753, 18.259810738726014, 19.204099806890895, 20.456267404997764, 9.014361231715261, 4.76523421435516, 10.596844183469011, 23.28039038530834, 11.237053158913728, 6.9930260802204245, 9.640410530660764], [33.43022427548369, 23.96365233268495, 17.564661227018867, 9.466780294597314, 0.0, 10.75947631231265, 19.725483012861943, 18.387884339605655, 16.678340971655093, 20.022600934111477, 24.09487197158362, 26.92286795609567, 28.557298375495222, 17.452665351820023, 10.694455996440633, 6.8613483335543455, 15.462593326354703, 7.907571690144893, 11.940387021775926, 17.824610391424855], [39.91152232044408, 32.43210748769438, 26.86805544644072, 19.366371258058674, 10.75947631231265, 0.0, 9.040690852260353, 10.444190060811325, 14.079466775820668, 22.17637829225478, 28.875895325361064, 33.28205517779132, 35.46312423435168, 25.500827567162407, 18.777955599357192, 10.94820906787791, 5.260789166455355, 11.308399280629512, 19.014932907762205, 25.605973089402678], [45.93033412460564, 39.945501158846135, 34.94963080112711, 27.855478158070113, 19.725483012861943, 9.040690852260353, 0.0, 8.297078817571284, 16.302148514016125, 26.13420988841111, 33.97787289311974, 39.253149031740044, 41.87240260063104, 32.84594090458969, 26.479987841579803, 18.359011741260044, 4.651810382497338, 18.32468411393501, 26.225565353796778, 32.782277544988695], [41.32452469640811, 36.08691507822948, 31.390842806192808, 24.708421926755477, 18.387884339605655, 10.444190060811325, 8.297078817571284, 0.0, 8.533071575245925, 18.802288519198633, 27.453992398011643, 33.552735852930866, 37.25886706735486, 28.173827756634346, 22.122297573312, 14.267373269415572, 6.421304862067984, 13.776529487430789, 21.25701766484151, 27.87709716768322], [35.116293706437105, 30.17763597387303, 25.809421556905704, 19.973910960900696, 16.678340971655093, 14.079466775820668, 16.302148514016125, 8.533071575245925, 0.0, 10.612386122417755, 19.749268557024056, 26.326496946618594, 30.948246611520123, 21.69744058781832, 16.312954192039648, 10.290819022274658, 12.8199791889629, 9.333301107372996, 14.852699877866446, 21.195684860853497], [26.448171466005522, 23.261696795016924, 20.57797489415695, 17.964956064905753, 20.022600934111477, 22.17637829225478, 26.13420988841111, 18.802288519198633, 10.612386122417755, 0.0, 9.585030451295292, 16.803620968915272, 22.567696960868776, 15.149680814653777, 13.210598768303157, 13.552372561472064, 22.189409175671056, 12.67857245753807, 11.000166531631825, 14.276950204087884], [17.55613136954519, 16.565603133657, 16.57574129718371, 18.259810738726014, 24.09487197158362, 28.875895325361064, 33.97787289311974, 27.453992398011643, 19.749268557024056, 9.585030451295292, 0.0, 7.532426589310576, 14.074154795971362, 10.98460002022544, 14.197797770559307, 19.216209078140487, 29.765100896176126, 18.724759891033926, 12.506373699546998, 9.959370836427217], [10.618151545998009, 11.209884508948779, 14.137710655860333, 19.204099806890895, 26.92286795609567, 33.28205517779132, 39.253149031740044, 33.552735852930866, 26.326496946618594, 16.803620968915272, 7.532426589310576, 0.0, 7.176634349053942, 10.241176719583542, 16.5736929121204, 23.590167333119407, 34.89030731639052, 23.385908630608434, 15.74804872950246, 9.615390215216648], [5.112518080171945, 7.639681186744047, 13.46005888177975, 20.456267404997764, 28.557298375495222, 35.46312423435168, 41.87240260063104, 37.25886706735486, 30.948246611520123, 22.567696960868776, 14.074154795971362, 7.176634349053942, 0.0, 12.29465834102359, 19.22498469995737, 26.670090762655253, 37.5402357580595, 26.7223347075989, 19.147173087403498, 12.288544757962878], [17.389459729139602, 8.974336018875045, 5.7620837636239735, 9.014361231715261, 17.452665351820023, 25.500827567162407, 32.84594090458969, 28.173827756634346, 21.69744058781832, 15.149680814653777, 10.98460002022544, 10.241176719583542, 12.29465834102359, 0.0, 7.319994234505518, 15.575176315078876, 28.237768996338396, 15.692930360039007, 7.539120073908624, 1.0765392847341777], [24.249592639305966, 15.524383773507662, 9.835314859381217, 4.76523421435516, 10.694455996440633, 18.777955599357192, 26.479987841579803, 22.122297573312, 16.312954192039648, 13.210598768303157, 14.197797770559307, 16.5736929121204, 19.22498469995737, 7.319994234505518, 0.0, 8.529893681176688, 21.828233094923696, 8.771660642946578, 2.2413665809978487, 7.43915577272354], [31.455164766412366, 23.623311541127293, 17.927450259337967, 10.596844183469011, 6.8613483335543455, 10.94820906787791, 18.359011741260044, 14.267373269415572, 10.290819022274658, 13.552372561472064, 19.216209078140487, 23.590167333119407, 26.670090762655253, 15.575176315078876, 8.529893681176688, 0.0, 13.748018564195277, 1.0705449063621735, 8.399478835723915, 15.532424808764727], [41.731659466984226, 35.446446161762026, 30.371773120826266, 23.28039038530834, 15.462593326354703, 5.260789166455355, 4.651810382497338, 6.421304862067984, 12.8199791889629, 22.189409175671056, 29.765100896176126, 34.89030731639052, 37.5402357580595, 28.237768996338396, 21.828233094923696, 13.748018564195277, 0.0, 13.737365496338226, 21.59477260567265, 28.182404645315664], [31.477461831194937, 23.92112178495076, 18.358047098870426, 11.237053158913728, 7.907571690144893, 11.308399280629512, 18.32468411393501, 13.776529487430789, 9.333301107372996, 12.67857245753807, 18.724759891033926, 23.385908630608434, 26.7223347075989, 15.692930360039007, 8.771660642946578, 1.0705449063621735, 13.737365496338226, 0.0, 8.365953083481523, 15.576711929700375], [24.088934208807576, 16.265597396340347, 11.198094362386973, 6.9930260802204245, 11.940387021775926, 19.014932907762205, 26.225565353796778, 21.25701766484151, 14.852699877866446, 11.000166531631825, 12.506373699546998, 15.74804872950246, 19.147173087403498, 7.539120073908624, 2.2413665809978487, 8.399478835723915, 21.59477260567265, 8.365953083481523, 0.0, 7.335437020729712], [17.33989577243485, 9.595864878852865, 6.812998495538574, 9.640410530660764, 17.824610391424855, 25.605973089402678, 32.782277544988695, 27.87709716768322, 21.195684860853497, 14.276950204087884, 9.959370836427217, 9.615390215216648, 12.288544757962878, 1.0765392847341777, 7.43915577272354, 15.532424808764727, 28.182404645315664, 15.576711929700375, 7.335437020729712, 0.0]]