[[0.0, 12.787610063234021, 26.15866444237045, 35.844997329263144, 43.5582367546279, 46.45888248134396, 48.39944595136847, 49.39366689266868, 45.52454903072853, 32.21220642874478, 20.521111317365367, 15.68792245173662], [12.787610063234021, 0.0, 13.537321020994519, 24.267645038500753, 31.456159609172396, 33.7006429884214, 36.1901978551916, 38.7897604007756, 36.50137611474157, 22.6499520224853, 14.808041597976587, 19.432739715446044], [26.15866444237045, 13.537321020994519, 0.0, 16.06277310266898, 21.32560235806222, 21.126518532814444, 24.814732187141775, 31.587002567133887, 32.27955420951513, 18.67076023375776, 19.461318717215878, 29.865809371237575], [35.844997329263144, 24.267645038500753, 16.06277310266898, 0.0, 8.978742403991824, 18.13567285563197, 26.63720115434972, 31.707835715676797, 34.636396516336596, 29.077752602211167, 32.170870363842404, 41.54696859844415], [43.5582367546279, 31.456159609172396, 21.32560235806222, 8.978742403991824, 0.0, 12.444244450194363, 21.734634798508235, 27.15340419450309, 32.06213707528397, 30.131834979984294, 36.43136360572788, 47.149766203914105], [46.45888248134396, 33.7006429884214, 21.126518532814444, 18.13567285563197, 12.444244450194363, 0.0, 10.68424906198868, 22.052973095540906, 28.367926425693902, 25.18530433232464, 34.68315305802109, 47.19477770504155], [48.39944595136847, 36.1901978551916, 24.814732187141775, 26.63720115434972, 21.734634798508235, 10.68424906198868, 0.0, 15.580181315215077, 22.048660478014035, 20.564516086554434, 32.593575260675216, 45.63792307783699], [49.39366689266868, 38.7897604007756, 31.587002567133887, 31.707835715676797, 27.15340419450309, 22.052973095540906, 15.580181315215077, 0.0, 8.79564568331859, 20.928883369021502, 32.42453085661135, 43.771272031736345], [45.52454903072853, 36.50137611474157, 32.27955420951513, 34.636396516336596, 32.06213707528397, 28.367926425693902, 22.048660478014035, 8.79564568331859, 0.0, 18.35032438793707, 28.015803606990627, 37.92085167328917], [32.21220642874478, 22.6499520224853, 18.67076023375776, 29.077752602211167, 30.131834979984294, 25.18530433232464, 20.564516086554434, 20.928883369021502, 18.35032438793707, 0.0, 13.00028888600415, 25.752018639196773], [20.521111317365367, 14.808041597976587, 19.461318717215878, 32.170870363842404, 36.43136360572788, 34.68315305802109, 32.593575260675216, 32.42453085661135, 28.015803606990627, 13.00028888600415, 0.0, 13.167591081458633], [15.68792245173662, 19.432739715446044, 29.865809371237575, 41.54696859844415, 47.149766203914105, 47.19477770504155, 45.63792307783699, 43.771272031736345, 37.92085167328917, 25.752018639196773, 13.167591081458633, 0.0]]