[[0.0, 13.974926468709633, 27.649369409084994, 32.27510622509368, 39.998607292803605, 44.21472232444441, 46.70868096086432, 46.82806321284759, 43.021455933650344, 34.46432307864566, 22.899834232826162, 17.694987323163414], [13.974926468709633, 0.0, 13.848702805687832, 20.935262289041184, 28.00357901299448, 30.35923012433059, 33.18590337285525, 35.64154700052682, 33.82463083679816, 23.493644138177817, 16.582914296995266, 21.33664905734359], [27.649369409084994, 13.848702805687832, 0.0, 13.165527536983008, 18.11624761604154, 17.52509946950584, 22.33450144930663, 29.5907681253395, 31.423065485302047, 20.600471300939137, 22.694828514186618, 32.88306254977506], [32.27510622509368, 20.935262289041184, 13.165527536983008, 0.0, 8.932411800568593, 19.76027317583636, 28.336089065040465, 31.500453776734044, 34.35737038014608, 28.841083333696414, 30.729561395888613, 40.0554753284674], [39.998607292803605, 28.00357901299448, 18.11624761604154, 8.932411800568593, 0.0, 15.475467500252291, 24.85258251204351, 27.022223638013116, 31.789560727993926, 29.00092635424865, 34.19908061953316, 45.31819833818397], [44.21472232444441, 30.35923012433059, 17.52509946950584, 19.76027317583636, 15.475467500252291, 0.0, 10.388143032115318, 21.573868475656703, 28.167557020207997, 22.111207920860476, 32.310538200929955, 45.63384335234885], [46.70868096086432, 33.18590337285525, 22.33450144930663, 28.336089065040465, 24.85258251204351, 10.388143032115318, 0.0, 18.20382947500333, 24.469343986142107, 17.607077032430027, 30.45393354159219, 44.41517887332072], [46.82806321284759, 35.64154700052682, 29.5907681253395, 31.500453776734044, 27.022223638013116, 21.573868475656703, 18.20382947500333, 0.0, 9.096677509485371, 16.76806181475096, 27.6664759510444, 41.1220975269894], [43.021455933650344, 33.82463083679816, 31.423065485302047, 34.35737038014608, 31.789560727993926, 28.167557020207997, 24.469343986142107, 9.096677509485371, 0.0, 15.197553648414406, 22.601698525463853, 34.78115007435721], [34.46432307864566, 23.493644138177817, 20.600471300939137, 28.841083333696414, 29.00092635424865, 22.111207920860476, 17.607077032430027, 16.76806181475096, 15.197553648414406, 0.0, 13.858858366941517, 27.928942344228826], [22.899834232826162, 16.582914296995266, 22.694828514186618, 30.729561395888613, 34.19908061953316, 32.310538200929955, 30.45393354159219, 27.6664759510444, 22.601698525463853, 13.858858366941517, 0.0, 14.21418697192087], [17.694987323163414, 21.33664905734359, 32.88306254977506, 40.0554753284674, 45.31819833818397, 45.63384335234885, 44.41517887332072, 41.1220975269894, 34.78115007435721, 27.928942344228826, 14.21418697192087, 0.0]]