[[0.0, 13.911779810847385, 26.880533022850088, 35.89939380366156, 42.527988025680244, 45.84989827686863, 48.35935536478478, 49.48925912140331, 45.37706231959432, 32.98557572843715, 21.484482636948606, 16.759805511401797], [13.911779810847385, 0.0, 13.218833352636727, 25.512810350992915, 31.11639907464582, 32.552093435234426, 35.40574804821508, 38.78500810931236, 36.08263223220903, 22.32328724680617, 14.595338951811804, 20.109196891436635], [26.880533022850088, 13.218833352636727, 0.0, 17.10364059096162, 20.786158362100153, 20.35470655606651, 24.957731872385615, 32.11783974078422, 32.2168393823845, 19.884598109706065, 20.56859185708438, 31.15763013238902], [35.89939380366156, 25.512810350992915, 17.10364059096162, 0.0, 8.051596847144047, 18.717618088767676, 25.84939827375014, 31.79564241706316, 34.62515670920131, 30.02646126370039, 33.00218775071047, 42.18869190257752], [42.527988025680244, 31.11639907464582, 20.786158362100153, 8.051596847144047, 0.0, 13.177225186420204, 20.439993270830715, 27.2895761276361, 31.877353280902557, 30.088142509749584, 36.052381160527695, 46.66667468260122], [45.84989827686863, 32.552093435234426, 20.35470655606651, 18.717618088767676, 13.177225186420204, 0.0, 9.401719141371222, 21.492784046584127, 26.897694627574275, 24.435746992226516, 33.84117060221072, 46.603757237913186], [48.35935536478478, 35.40574804821508, 24.957731872385615, 25.84939827375014, 20.439993270830715, 9.401719141371222, 0.0, 13.903995766310452, 19.77894406063913, 20.824785486731546, 32.63445030525565, 45.76578779221056], [49.48925912140331, 38.78500810931236, 32.11783974078422, 31.79564241706316, 27.2895761276361, 21.492784046584127, 13.903995766310452, 0.0, 8.529502996433674, 20.61396490005322, 32.237517377674074, 43.651792132381665], [45.37706231959432, 36.08263223220903, 32.2168393823845, 34.62515670920131, 31.877353280902557, 26.897694627574275, 19.77894406063913, 8.529502996433674, 0.0, 16.638832235559352, 27.009921912571922, 37.305013861448764], [32.98557572843715, 22.32328724680617, 19.884598109706065, 30.02646126370039, 30.088142509749584, 24.435746992226516, 20.824785486731546, 20.61396490005322, 16.638832235559352, 0.0, 13.019332460081504, 26.043736619118118], [21.484482636948606, 14.595338951811804, 20.56859185708438, 33.00218775071047, 36.052381160527695, 33.84117060221072, 32.63445030525565, 32.237517377674074, 27.009921912571922, 13.019332460081504, 0.0, 13.562630738373514], [16.759805511401797, 20.109196891436635, 31.15763013238902, 42.18869190257752, 46.66667468260122, 46.603757237913186, 45.76578779221056, 43.651792132381665, 37.305013861448764, 26.043736619118118, 13.562630738373514, 0.0]]