[[0.0, 12.886873351785683, 26.248707357556352, 35.881751611957384, 43.605172009869534, 45.34817519738199, 48.18843964236441, 49.44191832443475, 45.410920080807614, 32.165104959203944, 20.967469537420317, 15.67385760797491], [12.886873351785683, 0.0, 13.466944819850603, 24.403607634603006, 31.579841675314736, 32.56413251632132, 35.91451490086339, 38.892928297118495, 36.36673211038358, 22.52320052554934, 15.634361438689238, 19.55924477693597], [26.248707357556352, 13.466944819850603, 0.0, 16.24495290136789, 21.487082169406346, 20.28470462969882, 24.83568464528789, 31.69586541480459, 31.937745973361565, 18.731393194199757, 20.661070004181003, 30.112236600782317], [35.881751611957384, 24.403607634603006, 16.24495290136789, 0.0, 8.988426137937, 16.880679669734448, 25.8855050238563, 31.73919957138659, 34.588671390604034, 28.967779425806704, 32.5670836449145, 41.527915889413975], [43.605172009869534, 31.579841675314736, 21.487082169406346, 8.988426137937, 0.0, 11.308662322828859, 20.78024522895572, 27.18068697125387, 32.014415805174536, 30.03377950884832, 36.70237360601137, 47.14639572049442], [45.34817519738199, 32.56413251632132, 20.28470462969882, 16.880679669734448, 11.308662322828859, 0.0, 10.617737617859559, 21.490334848822364, 27.137153686863698, 24.449128934035542, 34.205136799507706, 46.233348076770355], [48.18843964236441, 35.91451490086339, 24.83568464528789, 25.8855050238563, 20.78024522895572, 10.617737617859559, 0.0, 14.157326618443928, 20.199920743681197, 20.508621702649933, 32.74810772986911, 45.557619455149094], [49.44191832443475, 38.892928297118495, 31.69586541480459, 31.73919957138659, 27.18068697125387, 21.490334848822364, 14.157326618443928, 0.0, 8.567706221312035, 20.73974964027784, 31.82939178220567, 43.75353536344324], [45.410920080807614, 36.36673211038358, 31.937745973361565, 34.588671390604034, 32.014415805174536, 27.137153686863698, 20.199920743681197, 8.567706221312035, 0.0, 17.33236640515478, 26.616058038210934, 37.64503456593919], [32.165104959203944, 22.52320052554934, 18.731393194199757, 28.967779425806704, 30.03377950884832, 24.449128934035542, 20.508621702649933, 20.73974964027784, 17.33236640515478, 0.0, 13.048832932392571, 25.84976112416428], [20.967469537420317, 15.634361438689238, 20.661070004181003, 32.5670836449145, 36.70237360601137, 34.205136799507706, 32.74810772986911, 31.82939178220567, 26.616058038210934, 13.048832932392571, 0.0, 12.885141748857482], [15.67385760797491, 19.55924477693597, 30.112236600782317, 41.527915889413975, 47.14639572049442, 46.233348076770355, 45.557619455149094, 43.75353536344324, 37.64503456593919, 25.84976112416428, 12.885141748857482, 0.0]]