[[0.0, 13.025946240365073, 26.604212748894074, 34.37907284718036, 42.366706283664904, 44.83192812788835, 47.262004485270346, 48.20267047053664, 44.290526951703896, 33.15947323853027, 21.746064360331616, 17.68283384481557], [13.025946240365073, 0.0, 13.675240200392569, 22.711929768433613, 30.384248150961348, 31.876848023274466, 34.96362008124819, 37.58329544396719, 35.92143970138274, 23.97404519285325, 16.62367516834776, 21.913183808776715], [26.604212748894074, 13.675240200392569, 0.0, 14.686809843930096, 20.670770374867335, 19.158476505695177, 23.76573536259715, 30.402696407209376, 32.720977940253576, 21.00629126736928, 21.692769877039932, 32.42360778790425], [34.37907284718036, 22.711929768433613, 14.686809843930096, 0.0, 8.713874012229061, 17.968141160908324, 26.639067078738936, 30.62377158995237, 34.609976120662736, 28.76458773224544, 31.480628482594007, 41.869159483794675], [42.366706283664904, 30.384248150961348, 20.670770374867335, 8.713874012229061, 0.0, 14.251509293688336, 23.532130696159665, 27.142188069938854, 33.255469469304956, 30.473019880502523, 36.22239880613743, 47.88653679827844], [44.83192812788835, 31.876848023274466, 19.158476505695177, 17.968141160908324, 14.251509293688336, 0.0, 10.67912732550619, 20.943235694878332, 29.232269576545182, 24.484792227775777, 33.52226088552902, 46.98187981242749], [47.262004485270346, 34.96362008124819, 23.76573536259715, 26.639067078738936, 23.532130696159665, 10.67912732550619, 0.0, 14.872830758813969, 23.52078307912221, 19.794640816023655, 31.442356603389538, 45.45086476273005], [48.20267047053664, 37.58329544396719, 30.402696407209376, 30.62377158995237, 27.142188069938854, 20.943235694878332, 14.872830758813969, 0.0, 10.867442370122834, 17.856969761964237, 30.027830137980082, 43.17611034854134], [44.290526951703896, 35.92143970138274, 32.720977940253576, 34.609976120662736, 33.255469469304956, 29.232269576545182, 23.52078307912221, 10.867442370122834, 0.0, 15.225189836098794, 24.929935145150495, 36.29794463557977], [33.15947323853027, 23.97404519285325, 21.00629126736928, 28.76458773224544, 30.473019880502523, 24.484792227775777, 19.794640816023655, 17.856969761964237, 15.225189836098794, 0.0, 13.03758969482611, 26.710034762084344], [21.746064360331616, 16.62367516834776, 21.692769877039932, 31.480628482594007, 36.22239880613743, 33.52226088552902, 31.442356603389538, 30.027830137980082, 24.929935145150495, 13.03758969482611, 0.0, 14.024898048636432], [17.68283384481557, 21.913183808776715, 32.42360778790425, 41.869159483794675, 47.88653679827844, 46.98187981242749, 45.45086476273005, 43.17611034854134, 36.29794463557977, 26.710034762084344, 14.024898048636432, 0.0]]