[[0.0, 12.893837945228602, 26.22750906683646, 35.9479173490296, 42.446662761554585, 44.5075785580844, 47.578542150765934, 49.336980972112194, 44.49903453212776, 32.538588687671826, 21.00999575381549, 16.660432655449284], [12.893837945228602, 0.0, 13.425172997015348, 24.66361025121531, 30.417135712555744, 31.65712671375571, 35.28818765118008, 38.78630512911554, 35.64912478298891, 23.184809849056993, 15.621995337821158, 20.977483266170278], [26.22750906683646, 13.425172997015348, 0.0, 16.90162026832046, 20.2983461244229, 19.011996142037983, 23.981849217898734, 31.529263074377685, 31.54705228533351, 19.855984555727826, 20.543813858803237, 31.460047471572164], [35.9479173490296, 24.66361025121531, 16.90162026832046, 0.0, 8.101831605134054, 18.078911661109196, 27.184843101838993, 31.721595527246247, 34.48093324986833, 29.84429632280153, 32.840837963971154, 43.04938326826322], [42.446662761554585, 30.417135712555744, 20.2983461244229, 8.101831605134054, 0.0, 12.628853264564485, 22.018059902228035, 27.192698053179754, 31.990177490465314, 29.744691119227443, 35.775794658818604, 47.49978615478175], [44.5075785580844, 31.65712671375571, 19.011996142037983, 18.078911661109196, 12.628853264564485, 0.0, 10.722074588646034, 22.245359092840264, 27.984545524967544, 24.34173178365108, 33.29770341561501, 46.68690605151536], [47.578542150765934, 35.28818765118008, 23.981849217898734, 27.184843101838993, 22.018059902228035, 10.722074588646034, 0.0, 16.025152744671548, 22.000208626335247, 20.294546035596504, 32.00206855378693, 45.9958069279697], [49.336980972112194, 38.78630512911554, 31.529263074377685, 31.721595527246247, 27.192698053179754, 22.245359092840264, 16.025152744671548, 0.0, 9.531428057908949, 19.888654069843593, 31.791615586631014, 44.56275439894569], [44.49903453212776, 35.64912478298891, 31.54705228533351, 34.48093324986833, 31.990177490465314, 27.984545524967544, 22.000208626335247, 9.531428057908949, 0.0, 15.504786592493755, 25.81752260882996, 37.33548738563201], [32.538588687671826, 23.184809849056993, 19.855984555727826, 29.84429632280153, 29.744691119227443, 24.34173178365108, 20.294546035596504, 19.888654069843593, 15.504786592493755, 0.0, 12.989759761733781, 26.617259942441933], [21.00999575381549, 15.621995337821158, 20.543813858803237, 32.840837963971154, 35.775794658818604, 33.29770341561501, 32.00206855378693, 31.791615586631014, 25.81752260882996, 12.989759761733781, 0.0, 13.99675840302768], [16.660432655449284, 20.977483266170278, 31.460047471572164, 43.04938326826322, 47.49978615478175, 46.68690605151536, 45.9958069279697, 44.56275439894569, 37.33548738563201, 26.617259942441933, 13.99675840302768, 0.0]]