[[0.0, 12.89198606307632, 26.015248212864165, 34.37295552154825, 43.39638109314575, 46.00613354026819, 48.10287323734859, 49.46404972496778, 44.81660744371619, 33.35300918052015, 21.79921700191853, 17.743225766270236], [12.89198606307632, 0.0, 13.152301040132329, 22.907413733582715, 31.424993216152995, 33.40224765284915, 35.893304633216886, 39.02464535317315, 36.52287743464987, 23.596694584878048, 17.637795743131907, 21.627396394466764], [26.015248212864165, 13.152301040132329, 0.0, 14.212043728731135, 20.830767055879384, 21.43141498601436, 24.918042400251007, 31.467200180108954, 32.65702373129825, 19.068546523865866, 22.865164688380574, 31.62243855591887], [34.37295552154825, 22.907413733582715, 14.212043728731135, 0.0, 10.433538822512615, 17.35586168073256, 24.21394248793461, 29.951570545590442, 33.480349478491455, 28.861990584439756, 32.483354265625586, 41.314479878556455], [43.39638109314575, 31.424993216152995, 20.830767055879384, 10.433538822512615, 0.0, 9.784566745579536, 17.45683231164133, 23.86006964052077, 30.3922201329189, 29.89791480912773, 37.0412316605734, 47.505247343143786], [46.00613354026819, 33.40224765284915, 21.43141498601436, 17.35586168073256, 9.784566745579536, 0.0, 8.530059520584953, 19.04164614400372, 27.241774951706322, 24.90776770633904, 35.840004563656585, 47.47121850645767], [48.10287323734859, 35.893304633216886, 24.918042400251007, 24.21394248793461, 17.45683231164133, 8.530059520584953, 0.0, 13.358873289727613, 22.210843391490158, 21.37314580045769, 34.17898543651811, 46.41863496848251], [49.46404972496778, 39.02464535317315, 31.467200180108954, 29.951570545590442, 23.86006964052077, 19.04164614400372, 13.358873289727613, 0.0, 11.06288630277696, 23.773450506095536, 32.662429101081216, 44.444106730537236], [44.81660744371619, 36.52287743464987, 32.65702373129825, 33.480349478491455, 30.3922201329189, 27.241774951706322, 22.210843391490158, 11.06288630277696, 0.0, 22.1816701016978, 26.247135219895117, 36.894524774049835], [33.35300918052015, 23.596694584878048, 19.068546523865866, 28.861990584439756, 29.89791480912773, 24.90776770633904, 21.37314580045769, 23.773450506095536, 22.1816701016978, 0.0, 15.997256597851425, 27.74934029850218], [21.79921700191853, 17.637795743131907, 22.865164688380574, 32.483354265625586, 37.0412316605734, 35.840004563656585, 34.17898543651811, 32.662429101081216, 26.247135219895117, 15.997256597851425, 0.0, 12.352814270760085], [17.743225766270236, 21.627396394466764, 31.62243855591887, 41.314479878556455, 47.505247343143786, 47.47121850645767, 46.41863496848251, 44.444106730537236, 36.894524774049835, 27.74934029850218, 12.352814270760085, 0.0]]