[[0.0, 13.785897360468525, 26.642495600923517, 35.90803065038021, 42.5214247002935, 45.925476629051914, 48.41232016497087, 49.422524360772044, 45.40951881629815, 33.061037111064714, 21.529880603849595, 16.752406889310056], [13.785897360468525, 0.0, 13.11560547182325, 25.570312238068233, 31.172239142520542, 32.584424570264865, 35.41330466567305, 38.662014453340234, 36.1952546712427, 22.351488121743948, 14.578491279281748, 19.941937334266047], [26.642495600923517, 13.11560547182325, 0.0, 17.00034234563393, 20.74723385863537, 20.24953655262255, 24.838348016116708, 31.818657554899158, 32.261772753828964, 19.749816434262698, 20.3970794886844, 30.87244465364481], [35.90803065038021, 25.570312238068233, 17.00034234563393, 0.0, 8.038633300704413, 19.480277966056924, 26.358339218705357, 31.768118324517918, 34.61066970169923, 30.355813111938364, 33.17444891910661, 42.21797993412222], [42.5214247002935, 31.172239142520542, 20.74723385863537, 8.038633300704413, 0.0, 14.252775200663237, 21.09299455221617, 27.25249747497497, 31.868237153410966, 30.420050133178297, 36.20878861636611, 46.679022317701936], [45.925476629051914, 32.584424570264865, 20.24953655262255, 19.480277966056924, 14.252775200663237, 0.0, 9.384851155212534, 21.839585083552937, 27.592401515397782, 24.40037072024714, 33.82256396992104, 46.606212066794235], [48.41232016497087, 35.41330466567305, 24.838348016116708, 26.358339218705357, 21.09299455221617, 9.384851155212534, 0.0, 14.422477145195757, 20.68534181803419, 20.79160010727265, 32.61084803977641, 45.76279741098637], [49.422524360772044, 38.662014453340234, 31.818657554899158, 31.768118324517918, 27.25249747497497, 21.839585083552937, 14.422477145195757, 0.0, 8.651060718156481, 20.81536296132177, 32.24437658374032, 43.610794901974], [45.40951881629815, 36.1952546712427, 32.261772753828964, 34.61066970169923, 31.868237153410966, 27.592401515397782, 20.68534181803419, 8.651060718156481, 0.0, 17.5186619735977, 27.368577266021898, 37.41364623270587], [33.061037111064714, 22.351488121743948, 19.749816434262698, 30.355813111938364, 30.420050133178297, 24.40037072024714, 20.79160010727265, 20.81536296132177, 17.5186619735977, 0.0, 13.03231093878783, 26.063471555547796], [21.529880603849595, 14.578491279281748, 20.3970794886844, 33.17444891910661, 36.20878861636611, 33.82256396992104, 32.61084803977641, 32.24437658374032, 27.368577266021898, 13.03231093878783, 0.0, 13.5295067747956], [16.752406889310056, 19.941937334266047, 30.87244465364481, 42.21797993412222, 46.679022317701936, 46.606212066794235, 45.76279741098637, 43.610794901974, 37.41364623270587, 26.063471555547796, 13.5295067747956, 0.0]]