[[0.0, 14.653284182069013, 28.99768970726918, 36.39357895017808, 42.92576149870573, 47.13246801781665, 48.82571434206514, 49.95509194437141, 46.167166714688285, 32.09622260247663, 21.436302627651184, 17.924018472194092], [14.653284182069013, 0.0, 14.363608151068068, 25.37647808212576, 31.163149046272682, 34.47192633139496, 36.97748053716026, 40.32856712649955, 38.69831446915716, 23.468047174426463, 18.777272613093814, 24.733973924991776], [28.99768970726918, 14.363608151068068, 0.0, 19.23927705449844, 22.75207297764098, 24.33254680798293, 28.423224169888623, 35.017227316935205, 36.555851751882365, 23.050681466119674, 26.355248664998665, 36.65143190466667], [36.39357895017808, 25.37647808212576, 19.23927705449844, 0.0, 8.387982925978148, 16.66501210182909, 24.690617774802046, 31.636968384263255, 34.97431911677039, 28.526613175618184, 33.142204034737546, 43.116019737722056], [42.92576149870573, 31.163149046272682, 22.75207297764098, 8.387982925978148, 0.0, 9.175966979936721, 18.21313653690396, 26.248782865720955, 31.39610951800974, 28.219606567417983, 35.82788609685222, 47.25334201120969], [47.13246801781665, 34.47192633139496, 24.33254680798293, 16.66501210182909, 9.175966979936721, 0.0, 10.36797396683407, 20.283017229419816, 27.088890913543455, 25.970049501359625, 36.371519252728696, 49.149245806641446], [48.82571434206514, 36.97748053716026, 28.423224169888623, 24.690617774802046, 18.21313653690396, 10.36797396683407, 0.0, 10.801706297236098, 18.55638341310515, 21.422840019151938, 33.77069363910242, 47.117145249298495], [49.95509194437141, 40.32856712649955, 35.017227316935205, 31.636968384263255, 26.248782865720955, 20.283017229419816, 10.801706297236098, 0.0, 9.101458115305588, 19.878272734091006, 31.796420666640994, 44.38975221847818], [46.167166714688285, 38.69831446915716, 36.555851751882365, 34.97431911677039, 31.39610951800974, 27.088890913543455, 18.55638341310515, 9.101458115305588, 0.0, 16.44798781341031, 26.358117078468805, 37.85479623140789], [32.09622260247663, 23.468047174426463, 23.050681466119674, 28.526613175618184, 28.219606567417983, 25.970049501359625, 21.422840019151938, 19.878272734091006, 16.44798781341031, 0.0, 13.23810328210627, 26.817595173247035], [21.436302627651184, 18.777272613093814, 26.355248664998665, 33.142204034737546, 35.82788609685222, 36.371519252728696, 33.77069363910242, 31.796420666640994, 26.358117078468805, 13.23810328210627, 0.0, 13.696385847582496], [17.924018472194092, 24.733973924991776, 36.65143190466667, 43.116019737722056, 47.25334201120969, 49.149245806641446, 47.117145249298495, 44.38975221847818, 37.85479623140789, 26.817595173247035, 13.696385847582496, 0.0]]