[[0.0, 13.76145818248288, 28.090493358411596, 37.872921089443246, 46.52254702302019, 48.83358268000842, 50.72814012562748, 51.24017692390277, 46.67650777218345, 33.11104833760342, 22.094648619299154, 18.483718247394922], [13.76145818248288, 0.0, 14.544898940586522, 25.51933943691376, 33.23594952382864, 35.09176028214936, 37.30578036764617, 38.78198400094303, 35.97046488085995, 22.225085246736015, 16.375512303422724, 21.592082863908544], [28.090493358411596, 14.544898940586522, 0.0, 16.6687528848155, 21.255164455732025, 21.249449423939154, 24.401761820422088, 29.477461311648707, 30.7516989029485, 17.576131839431337, 22.782323927176567, 32.825857080209595], [37.872921089443246, 25.51933943691376, 16.6687528848155, 0.0, 10.742943314204119, 20.782083573103563, 27.030537173997747, 29.806805674662574, 32.886161954760375, 29.920387760171508, 33.894808275640756, 43.88550233920422], [46.52254702302019, 33.23594952382864, 21.255164455732025, 10.742943314204119, 0.0, 12.87587785335734, 19.662193238898272, 23.668697362507427, 29.971589026510124, 30.379972042259254, 38.357718780418814, 49.85912324681296], [48.83358268000842, 35.09176028214936, 21.249449423939154, 20.782083573103563, 12.87587785335734, 0.0, 7.638877956814142, 18.189808692988993, 26.7865579389166, 24.687828824820784, 37.09444996267698, 49.44333407782415], [50.72814012562748, 37.30578036764617, 24.401761820422088, 27.030537173997747, 19.662193238898272, 7.638877956814142, 0.0, 14.248823308700935, 23.333232788217003, 22.151800867944644, 36.16371001419477, 48.71555844269974], [51.24017692390277, 38.78198400094303, 29.477461311648707, 29.806805674662574, 23.668697362507427, 18.189808692988993, 14.248823308700935, 0.0, 10.975402465334653, 22.609601864786782, 33.232497864500104, 45.61449594136994], [46.67650777218345, 35.97046488085995, 30.7516989029485, 32.886161954760375, 29.971589026510124, 26.7865579389166, 23.333232788217003, 10.975402465334653, 0.0, 20.590301360397515, 26.789491213428185, 38.16092644603559], [33.11104833760342, 22.225085246736015, 17.576131839431337, 29.920387760171508, 30.379972042259254, 24.687828824820784, 22.151800867944644, 22.609601864786782, 20.590301360397515, 0.0, 15.500143826802448, 27.410075241570464], [22.094648619299154, 16.375512303422724, 22.782323927176567, 33.894808275640756, 38.357718780418814, 37.09444996267698, 36.16371001419477, 33.232497864500104, 26.789491213428185, 15.500143826802448, 0.0, 12.679914355865893], [18.483718247394922, 21.592082863908544, 32.825857080209595, 43.88550233920422, 49.85912324681296, 49.44333407782415, 48.71555844269974, 45.61449594136994, 38.16092644603559, 27.410075241570464, 12.679914355865893, 0.0]]