[[0.0, 13.914702187196317, 26.902540179564102, 35.91079339535168, 42.5474045371634, 45.5436806655977, 48.34330858904565, 49.484343718017826, 45.38738524690907, 32.897722067545295, 21.46941420614815, 16.758716911695508], [13.914702187196317, 0.0, 13.2342182219824, 25.55653383829783, 31.191461610107, 32.48359545325375, 35.40263937010666, 38.771813983014425, 36.112681196186095, 21.707049503811497, 14.596996294755646, 20.120424338374697], [26.902540179564102, 13.2342182219824, 0.0, 17.23512435584034, 20.97482940572018, 20.474514078194552, 24.976187621851366, 32.11777468219942, 32.2851557196414, 18.68406571705645, 20.592350778334392, 31.185590521575538], [35.91079339535168, 25.55653383829783, 17.23512435584034, 0.0, 8.040748375763352, 17.098212574432154, 25.848108125791413, 31.796749544683983, 34.62794571614592, 29.89933013342207, 33.019046114784025, 42.198297819767575], [42.5474045371634, 31.191461610107, 20.97482940572018, 8.040748375763352, 0.0, 11.269057366850296, 20.508084757255833, 27.284990644743235, 31.874548977263128, 30.07519717907798, 36.10232653209127, 46.6873044279852], [45.5436806655977, 32.48359545325375, 20.474514078194552, 17.098212574432154, 11.269057366850296, 0.0, 10.536093806522132, 21.541343868594016, 27.10107361563731, 24.674897120993453, 34.20846148108567, 46.70908024532575], [48.34330858904565, 35.40263937010666, 24.976187621851366, 25.848108125791413, 20.508084757255833, 10.536093806522132, 0.0, 13.768920619200076, 19.766267806950836, 20.619271623791402, 32.63383800644672, 45.7560060845438], [49.484343718017826, 38.771813983014425, 32.11777468219942, 31.796749544683983, 27.284990644743235, 21.541343868594016, 13.768920619200076, 0.0, 8.546784797146119, 21.835646022109305, 32.20576756560631, 43.64349488887999], [45.38738524690907, 36.112681196186095, 32.2851557196414, 34.62794571614592, 31.874548977263128, 27.10107361563731, 19.766267806950836, 8.546784797146119, 0.0, 18.58200174348194, 27.025458076771887, 37.31484377121627], [32.897722067545295, 21.707049503811497, 18.68406571705645, 29.89933013342207, 30.07519717907798, 24.674897120993453, 20.619271623791402, 21.835646022109305, 18.58200174348194, 0.0, 13.21753429857252, 26.566572246844903], [21.46941420614815, 14.596996294755646, 20.592350778334392, 33.019046114784025, 36.10232653209127, 34.20846148108567, 32.63383800644672, 32.20576756560631, 27.025458076771887, 13.21753429857252, 0.0, 13.554093151704576], [16.758716911695508, 20.120424338374697, 31.185590521575538, 42.198297819767575, 46.6873044279852, 46.70908024532575, 45.7560060845438, 43.64349488887999, 37.31484377121627, 26.566572246844903, 13.554093151704576, 0.0]]