[[0.0, 12.717870907979684, 26.12650603474629, 36.94974509804487, 42.58113330581051, 47.25746607593379, 48.973203917694335, 48.795341755478795, 44.06443602085353, 32.08468503177858, 20.309256409154397, 15.658652758625502], [12.717870907979684, 0.0, 13.661147685599701, 26.006538658136627, 30.43229502840496, 34.57158374199298, 36.72794666928348, 37.91893404269514, 34.48827179485464, 22.609615034259388, 14.720921912838577, 19.43649822432791], [26.12650603474629, 13.661147685599701, 0.0, 19.512511400656884, 20.302492741290884, 22.310145098521502, 25.14066345861186, 30.26462373815443, 29.625142159281697, 18.701743821749623, 19.59083937858297, 29.94457424893752], [36.94974509804487, 26.006538658136627, 19.512511400656884, 0.0, 9.384872721112528, 20.06076383719339, 29.132196996612574, 33.09488426115314, 34.69483054389131, 32.057909638748235, 34.47768168552311, 43.28911269547613], [42.58113330581051, 30.43229502840496, 20.302492741290884, 9.384872721112528, 0.0, 11.115250977354943, 21.229200682699027, 27.19404734504862, 30.719447176433516, 29.95036447728196, 35.81744357367849, 46.57261697405622], [47.25746607593379, 34.57158374199298, 22.310145098521502, 20.06076383719339, 11.115250977354943, 0.0, 11.101091345636473, 20.777744758487675, 26.253132648165803, 26.763367076348988, 36.0616708466063, 48.38470675714089], [48.973203917694335, 36.72794666928348, 25.14066345861186, 29.132196996612574, 21.229200682699027, 11.101091345636473, 0.0, 13.801832312058602, 19.90960797966896, 21.812873970248756, 33.7162961663488, 46.671017545274125], [48.795341755478795, 37.91893404269514, 30.26462373815443, 33.09488426115314, 27.19404734504862, 20.777744758487675, 13.801832312058602, 0.0, 8.193691846355641, 19.738049556808207, 31.599093345135866, 43.419315399792524], [44.06443602085353, 34.48827179485464, 29.625142159281697, 34.69483054389131, 30.719447176433516, 26.253132648165803, 19.90960797966896, 8.193691846355641, 0.0, 15.621569344756816, 26.109535765985978, 36.949636061646046], [32.08468503177858, 22.609615034259388, 18.701743821749623, 32.057909638748235, 29.95036447728196, 26.763367076348988, 21.812873970248756, 19.738049556808207, 15.621569344756816, 0.0, 13.048127796769124, 25.718892693611945], [20.309256409154397, 14.720921912838577, 19.59083937858297, 34.47768168552311, 35.81744357367849, 36.0616708466063, 33.7162961663488, 31.599093345135866, 26.109535765985978, 13.048127796769124, 0.0, 13.033683879608592], [15.658652758625502, 19.43649822432791, 29.94457424893752, 43.28911269547613, 46.57261697405622, 48.38470675714089, 46.671017545274125, 43.419315399792524, 36.949636061646046, 25.718892693611945, 13.033683879608592, 0.0]]