[[0.0, 13.182785410898756, 26.09821945082862, 36.329235904833276, 42.38297929067451, 45.60516557267326, 48.03094270145585, 49.59066468681901, 45.805313917403375, 31.844754787987505, 20.240861536744948, 15.670632930365704], [13.182785410898756, 0.0, 13.01548795086969, 25.65185544739456, 30.43721384033166, 32.59442962339953, 35.69490412735685, 39.47166741834235, 37.41227852539038, 21.69352854999486, 14.57245381709539, 19.929444397809213], [26.09821945082862, 13.01548795086969, 0.0, 16.922265908719375, 19.270794729468555, 20.232947879361593, 25.410799645488748, 32.83947444514794, 33.68414358383412, 18.658409737184623, 20.440985158952543, 30.75980353932585], [36.329235904833276, 25.65185544739456, 16.922265908719375, 0.0, 8.978181330719211, 19.960762310268635, 27.011474532941683, 32.750576786830194, 35.72199699101386, 30.0910178787499, 33.03365545108137, 42.20973286341714], [42.38297929067451, 30.43721384033166, 19.270794729468555, 8.978181330719211, 0.0, 12.421271772974535, 19.80910611128665, 27.411129097072635, 32.262111728536354, 28.540894921525872, 34.99582679113956, 45.99075350896045], [45.60516557267326, 32.59442962339953, 20.232947879361593, 19.960762310268635, 12.421271772974535, 0.0, 10.521108655731865, 23.58486175343858, 29.522637545480535, 23.692448883212155, 33.91150325497619, 46.64069280805305], [48.03094270145585, 35.69490412735685, 25.410799645488748, 27.011474532941683, 19.80910611128665, 10.521108655731865, 0.0, 14.767974327898257, 21.317075736930644, 20.304734436432042, 32.519378178496424, 45.55282197465523], [49.59066468681901, 39.47166741834235, 32.83947444514794, 32.750576786830194, 27.411129097072635, 23.58486175343858, 14.767974327898257, 0.0, 8.78046634153614, 22.597438486489636, 32.563922994889715, 43.83599625282886], [45.805313917403375, 37.41227852539038, 33.68414358383412, 35.72199699101386, 32.262111728536354, 29.522637545480535, 21.317075736930644, 8.78046634153614, 0.0, 20.68201575795372, 28.15334599640444, 37.95923095017228], [31.844754787987505, 21.69352854999486, 18.658409737184623, 30.0910178787499, 28.540894921525872, 23.692448883212155, 20.304734436432042, 22.597438486489636, 20.68201575795372, 0.0, 13.282931833050261, 26.381362316529014], [20.240861536744948, 14.57245381709539, 20.440985158952543, 33.03365545108137, 34.99582679113956, 33.91150325497619, 32.519378178496424, 32.563922994889715, 28.15334599640444, 13.282931833050261, 0.0, 13.28141723613414], [15.670632930365704, 19.929444397809213, 30.75980353932585, 42.20973286341714, 45.99075350896045, 46.64069280805305, 45.55282197465523, 43.83599625282886, 37.95923095017228, 26.381362316529014, 13.28141723613414, 0.0]]