[[0.0, 12.61047992244629, 25.732819780331134, 37.972307570978, 44.28951662997147, 48.45895313834775, 50.23234103389921, 51.36235980403161, 47.25802300921816, 33.43283549386637, 22.26652703950798, 17.718617181241434], [12.61047992244629, 0.0, 13.440973577653747, 26.101601886482005, 31.830164315305524, 35.90568709564858, 38.26121502985211, 40.48861075394635, 37.70232888760638, 24.16027366411105, 16.796949558910775, 21.12526652349288], [25.732819780331134, 13.440973577653747, 0.0, 16.94190719886179, 20.42236138817617, 23.3205446528774, 27.125069332565896, 32.72482807024033, 32.570160401134196, 19.77581513322558, 20.792401709503423, 30.95116917233191], [37.972307570978, 26.101601886482005, 16.94190719886179, 0.0, 8.90074435475225, 18.768803635367437, 26.560722102412996, 31.710133940797448, 34.58481117900612, 30.30442734700798, 33.956601598937574, 44.449296855118256], [44.28951662997147, 31.830164315305524, 20.42236138817617, 8.90074435475225, 0.0, 10.692854788269404, 19.450978949862602, 26.33746659794313, 31.068642102713103, 29.207891410962947, 36.16145064502324, 48.27985747904308], [48.45895313834775, 35.90568709564858, 23.3205446528774, 18.768803635367437, 10.692854788269404, 0.0, 10.355006734838271, 21.246238629133344, 27.24307137949018, 26.011399784760734, 36.163398005241206, 49.49339229293373], [50.23234103389921, 38.26121502985211, 27.125069332565896, 26.560722102412996, 19.450978949862602, 10.355006734838271, 0.0, 13.372030187999504, 19.589602483804747, 21.48710267595222, 33.72804995232636, 47.52449257374187], [51.36235980403161, 40.48861075394635, 32.72482807024033, 31.710133940797448, 26.33746659794313, 21.246238629133344, 13.372030187999504, 0.0, 8.607247711201595, 21.735572284815447, 32.64705298151823, 45.62340680231881], [47.25802300921816, 37.70232888760638, 32.570160401134196, 34.58481117900612, 31.068642102713103, 27.24307137949018, 19.589602483804747, 8.607247711201595, 0.0, 18.09138357295257, 27.25537390908848, 39.28936922989221], [33.43283549386637, 24.16027366411105, 19.77581513322558, 30.30442734700798, 29.207891410962947, 26.011399784760734, 21.48710267595222, 21.735572284815447, 18.09138357295257, 0.0, 13.154549388606622, 26.7118429657845], [22.26652703950798, 16.796949558910775, 20.792401709503423, 33.956601598937574, 36.16145064502324, 36.163398005241206, 33.72804995232636, 32.64705298151823, 27.25537390908848, 13.154549388606622, 0.0, 13.800518115849567], [17.718617181241434, 21.12526652349288, 30.95116917233191, 44.449296855118256, 48.27985747904308, 49.49339229293373, 47.52449257374187, 45.62340680231881, 39.28936922989221, 26.7118429657845, 13.800518115849567, 0.0]]