[[0.0, 13.184479196033534, 26.107437147173545, 36.348746105327336, 42.37400412599149, 45.59901895002068, 48.03441941316319, 49.5964349706641, 45.051054855869474, 31.80250711472223, 20.214140002428277, 15.671679656684443], [13.184479196033534, 0.0, 13.021925428604863, 25.712236989983893, 30.430703849773717, 32.588208927024425, 35.6917930028326, 39.496339686110865, 36.40682557475575, 21.662808419723124, 14.576204573853031, 19.94817729600472], [26.107437147173545, 13.021925428604863, 0.0, 17.075339134990262, 19.285264910803093, 20.22752744642678, 25.401408057516022, 32.89735876097767, 32.44600121898021, 18.649840954116073, 20.470724564398935, 30.78755627803792], [36.348746105327336, 25.712236989983893, 17.075339134990262, 0.0, 9.038386814393652, 20.07067516291395, 27.123970066085125, 32.74798454402579, 34.60291305403285, 30.086812343507763, 33.03689976290261, 42.21532579016865], [42.37400412599149, 30.430703849773717, 19.285264910803093, 9.038386814393652, 0.0, 12.418434511452478, 19.847568678208045, 27.422855561155718, 31.08897924507821, 28.4756569487396, 34.965522087265605, 45.98025214657559], [45.59901895002068, 32.588208927024425, 20.22752744642678, 20.07067516291395, 12.418434511452478, 0.0, 10.502481682264865, 23.651145113635977, 28.225061723397978, 23.689898061258514, 33.925349570997916, 46.64988119353343], [48.03441941316319, 35.6917930028326, 25.401408057516022, 27.123970066085125, 19.847568678208045, 10.502481682264865, 0.0, 14.944960939528013, 20.174780843284243, 20.279320496978027, 32.53279696947463, 45.57239405475688], [49.5964349706641, 39.496339686110865, 32.89735876097767, 32.74798454402579, 27.422855561155718, 23.651145113635977, 14.944960939528013, 0.0, 8.114621671041045, 22.563338162637265, 32.552795162578185, 43.83501795456904], [45.051054855869474, 36.40682557475575, 32.44600121898021, 34.60291305403285, 31.08897924507821, 28.225061723397978, 20.174780843284243, 8.114621671041045, 0.0, 19.450352788251994, 27.33255990871889, 37.49598190433158], [31.80250711472223, 21.662808419723124, 18.649840954116073, 30.086812343507763, 28.4756569487396, 23.689898061258514, 20.279320496978027, 22.563338162637265, 19.450352788251994, 0.0, 13.274719361496759, 26.352624124520673], [20.214140002428277, 14.576204573853031, 20.470724564398935, 33.03689976290261, 34.965522087265605, 33.925349570997916, 32.53279696947463, 32.552795162578185, 27.33255990871889, 13.274719361496759, 0.0, 13.260949003721494], [15.671679656684443, 19.94817729600472, 30.78755627803792, 42.21532579016865, 45.98025214657559, 46.64988119353343, 45.57239405475688, 43.83501795456904, 37.49598190433158, 26.352624124520673, 13.260949003721494, 0.0]]