[[0.0, 12.766822889872092, 26.22851973594414, 35.76648962131837, 43.538136656928366, 46.43579888169853, 48.3746425625225, 49.41872691334284, 45.56617126520192, 32.12903617059567, 20.445214122248217, 15.684336481432325], [12.766822889872092, 0.0, 13.682904483398145, 24.05821402250205, 31.389045669305524, 33.69558610787966, 36.188476941930304, 38.81038268770131, 36.53504363622152, 22.596161500523998, 14.775153412445027, 19.433570917591727], [26.22851973594414, 13.682904483398145, 0.0, 15.696051815800336, 21.32875287314851, 21.168822451585157, 24.79727398057057, 31.75015929751665, 32.48712218672276, 18.719210195932572, 19.544980248792196, 29.936583588575402], [35.76648962131837, 24.05821402250205, 15.696051815800336, 0.0, 9.005626459524837, 17.60639038998218, 26.19996634219554, 31.7251381375217, 34.72376128315596, 28.66299324390733, 31.88621542563705, 41.4491863846122], [43.538136656928366, 31.389045669305524, 21.32875287314851, 9.005626459524837, 0.0, 12.059658363522288, 21.495902165725944, 27.159263035072254, 32.104046771768, 29.901950392414253, 36.30126459532678, 47.11914592561765], [46.43579888169853, 33.69558610787966, 21.168822451585157, 17.60639038998218, 12.059658363522288, 0.0, 10.706585527449262, 22.032372443925208, 28.364361884216287, 25.191644821211057, 34.69809783853549, 47.188310810718384], [48.3746425625225, 36.188476941930304, 24.79727398057057, 26.19996634219554, 21.495902165725944, 10.706585527449262, 0.0, 15.594359188412492, 22.085348909272728, 20.60375261685129, 32.62239416443443, 45.63017218864591], [49.41872691334284, 38.81038268770131, 31.75015929751665, 31.7251381375217, 27.159263035072254, 22.032372443925208, 15.594359188412492, 0.0, 8.807169053682854, 20.803770361735516, 32.39678417641958, 43.79456088281969], [45.56617126520192, 36.53504363622152, 32.48712218672276, 34.72376128315596, 32.104046771768, 28.364361884216287, 22.085348909272728, 8.807169053682854, 0.0, 18.191908090073238, 27.981395175256523, 37.95952083312106], [32.12903617059567, 22.596161500523998, 18.719210195932572, 28.66299324390733, 29.901950392414253, 25.191644821211057, 20.60375261685129, 20.803770361735516, 18.191908090073238, 0.0, 12.991286948840017, 25.681126039294924], [20.445214122248217, 14.775153412445027, 19.544980248792196, 31.88621542563705, 36.30126459532678, 34.69809783853549, 32.62239416443443, 32.39678417641958, 27.981395175256523, 12.991286948840017, 0.0, 13.096752711146719], [15.684336481432325, 19.433570917591727, 29.936583588575402, 41.4491863846122, 47.11914592561765, 47.188310810718384, 45.63017218864591, 43.79456088281969, 37.95952083312106, 25.681126039294924, 13.096752711146719, 0.0]]