[[0.0, 13.072234653866568, 26.65343641485717, 35.972504258556874, 42.56202098879378, 45.407221112576025, 48.23666002465524, 49.48710663644535, 45.431681774747425, 32.55106972153675, 21.24380351161303, 15.712150947482781], [13.072234653866568, 0.0, 13.669367954534623, 24.709866283754856, 30.5911658499273, 32.570118644038885, 35.87209367000519, 38.99416749879649, 36.4692297197587, 22.699574496378034, 15.679137010363995, 19.620001684969903], [26.65343641485717, 13.669367954534623, 0.0, 17.319401174500832, 20.90880224392483, 20.55559215543276, 24.958361544290135, 32.03547233110563, 32.288249453373915, 18.708694543361755, 20.635490124374222, 30.34369433027208], [35.972504258556874, 24.709866283754856, 17.319401174500832, 0.0, 8.058589211858926, 16.954495083525252, 25.93770051791126, 31.79242502370428, 34.62084128094471, 29.701215124772066, 32.98925164347859, 41.66340263275246], [42.56202098879378, 30.5911658499273, 20.90880224392483, 8.058589211858926, 0.0, 10.90578857434037, 20.508382506116977, 27.27479036342496, 31.872915996918966, 29.802137067916888, 36.0243321092785, 46.234381596780494], [45.407221112576025, 32.570118644038885, 20.55559215543276, 16.954495083525252, 10.90578857434037, 0.0, 10.622168309853784, 21.310395640450462, 26.96825738414179, 24.651070702057645, 34.210968849413376, 46.25394319693501], [48.23666002465524, 35.87209367000519, 24.958361544290135, 25.93770051791126, 20.508382506116977, 10.622168309853784, 0.0, 13.713641254641523, 19.841194336706646, 20.55931811301656, 32.647207728764016, 45.54140625604941], [49.48710663644535, 38.99416749879649, 32.03547233110563, 31.79242502370428, 27.27479036342496, 21.310395640450462, 13.713641254641523, 0.0, 8.572012492938047, 21.398636389222393, 32.093069090309214, 43.81260700492629], [45.431681774747425, 36.4692297197587, 32.288249453373915, 34.62084128094471, 31.872915996918966, 26.96825738414179, 19.841194336706646, 8.572012492938047, 0.0, 18.16807713260143, 26.952167327688304, 37.6901155697097], [32.55106972153675, 22.699574496378034, 18.708694543361755, 29.701215124772066, 29.802137067916888, 24.651070702057645, 20.55931811301656, 21.398636389222393, 18.16807713260143, 0.0, 13.117584675442885, 26.175746273043412], [21.24380351161303, 15.679137010363995, 20.635490124374222, 32.98925164347859, 36.0243321092785, 34.210968849413376, 32.647207728764016, 32.093069090309214, 26.952167327688304, 13.117584675442885, 0.0, 13.143628790190405], [15.712150947482781, 19.620001684969903, 30.34369433027208, 41.66340263275246, 46.234381596780494, 46.25394319693501, 45.54140625604941, 43.81260700492629, 37.6901155697097, 26.175746273043412, 13.143628790190405, 0.0]]