[[0.0, 13.787444995439328, 26.738552272061366, 35.955835046314164, 42.49921244012977, 45.920397179895325, 48.34937046161496, 49.46828093912577, 45.40597831368018, 32.99374006067003, 21.443609499570798, 16.74858974334248], [13.787444995439328, 0.0, 13.189973840583122, 25.676081772638934, 31.034421720999763, 32.58921657956993, 35.40285278521813, 38.74218081361725, 36.14676496772054, 22.33524004042838, 14.585068490518722, 20.017999052412055], [26.738552272061366, 13.189973840583122, 0.0, 17.390101893026447, 20.58915777914407, 20.27011446633857, 24.897376568883477, 32.031493860794725, 32.28917869485556, 19.813430590427696, 20.5096199692291, 31.02922327312659], [35.955835046314164, 25.676081772638934, 17.390101893026447, 0.0, 8.148754361172813, 19.55472492541979, 26.22859144729991, 31.790586809556377, 34.615546536022194, 30.33120110864616, 33.1681066063864, 42.246470035980366], [42.49921244012977, 31.034421720999763, 20.58915777914407, 8.148754361172813, 0.0, 13.700974270336138, 20.529122141247758, 27.27676050892446, 31.89354382224921, 30.12420007212143, 36.013300841508176, 46.63656075357609], [45.920397179895325, 32.58921657956993, 20.27011446633857, 19.55472492541979, 13.700974270336138, 0.0, 9.424643258630853, 21.908442110164426, 27.427899277565423, 24.42787128232708, 33.86373178810855, 46.65639914001981], [48.34937046161496, 35.40285278521813, 24.897376568883477, 26.22859144729991, 20.529122141247758, 9.424643258630853, 0.0, 14.172009538355175, 20.201310897667458, 20.806754420435393, 32.62537481739876, 45.75152850527305], [49.46828093912577, 38.74218081361725, 32.031493860794725, 31.790586809556377, 27.27676050892446, 21.908442110164426, 14.172009538355175, 0.0, 8.57238232718128, 20.767229914539154, 32.23960157636073, 43.64098154245153], [45.40597831368018, 36.14676496772054, 32.28917869485556, 34.615546536022194, 31.89354382224921, 27.427899277565423, 20.201310897667458, 8.57238232718128, 0.0, 17.110418697339757, 27.163204236810373, 37.36238369722763], [32.99374006067003, 22.33524004042838, 19.813430590427696, 30.33120110864616, 30.12420007212143, 24.42787128232708, 20.806754420435393, 20.767229914539154, 17.110418697339757, 0.0, 13.040337712841684, 26.054399163767894], [21.443609499570798, 14.585068490518722, 20.5096199692291, 33.1681066063864, 36.013300841508176, 33.86373178810855, 32.62537481739876, 32.23960157636073, 27.163204236810373, 13.040337712841684, 0.0, 13.505204593726447], [16.74858974334248, 20.017999052412055, 31.02922327312659, 42.246470035980366, 46.63656075357609, 46.65639914001981, 45.75152850527305, 43.64098154245153, 37.36238369722763, 26.054399163767894, 13.505204593726447, 0.0]]