[[0.0, 12.606637787836258, 25.86806899291739, 37.06935603510318, 42.67120051334457, 47.23102211019603, 49.17259203013981, 48.71315126762505, 43.91560370408771, 32.29815541616643, 20.484850925982254, 15.69111337943691], [12.606637787836258, 0.0, 13.726755858388136, 25.812308610290515, 30.412724745988232, 34.634337102268596, 37.205734562584865, 37.71453913157663, 34.118773801638724, 23.137690430727872, 15.149554020018975, 19.412473624643745], [25.86806899291739, 13.726755858388136, 0.0, 19.16040046193448, 20.238977253137225, 22.244134462724368, 25.286147148499733, 29.524619232881467, 28.71507195459681, 18.671422081186027, 19.368281357634036, 29.63035026525279], [37.06935603510318, 25.812308610290515, 19.16040046193448, 0.0, 9.247400952484814, 20.0838396423244, 30.139252409213906, 33.491639627726514, 34.94717889850789, 32.78037486039344, 34.95299402641532, 43.5128788766048], [42.67120051334457, 30.412724745988232, 20.238977253137225, 9.247400952484814, 0.0, 11.344268005144183, 22.445010769234287, 27.395701476934406, 30.741094699160833, 30.620896328389886, 36.202586928071895, 46.72258490669212], [47.23102211019603, 34.634337102268596, 22.244134462724368, 20.0838396423244, 11.344268005144183, 0.0, 11.91636453899565, 20.27512507681622, 25.70932979402501, 26.954039182761512, 36.09912916765591, 48.327804840425], [49.17259203013981, 37.205734562584865, 25.286147148499733, 30.139252409213906, 22.445010769234287, 11.91636453899565, 0.0, 13.563237580598855, 19.737182430151606, 21.80639419089993, 33.741779658740306, 46.74815370610657], [48.71315126762505, 37.71453913157663, 29.524619232881467, 33.491639627726514, 27.395701476934406, 20.27512507681622, 13.563237580598855, 0.0, 8.19557950831093, 19.504097124525938, 31.413573251262516, 43.31916600455969], [43.91560370408771, 34.118773801638724, 28.71507195459681, 34.94717889850789, 30.741094699160833, 25.70932979402501, 19.737182430151606, 8.19557950831093, 0.0, 15.31136661291542, 25.857607951567175, 36.80011451085262], [32.29815541616643, 23.137690430727872, 18.671422081186027, 32.78037486039344, 30.620896328389886, 26.954039182761512, 21.80639419089993, 19.504097124525938, 15.31136661291542, 0.0, 13.083267183085004, 25.814060240616726], [20.484850925982254, 15.149554020018975, 19.368281357634036, 34.95299402641532, 36.202586928071895, 36.09912916765591, 33.741779658740306, 31.413573251262516, 25.857607951567175, 13.083267183085004, 0.0, 13.089180081172238], [15.69111337943691, 19.412473624643745, 29.63035026525279, 43.5128788766048, 46.72258490669212, 48.327804840425, 46.74815370610657, 43.31916600455969, 36.80011451085262, 25.814060240616726, 13.089180081172238, 0.0]]