[[0.0, 13.716017623008037, 26.971475524991714, 35.04758562195207, 43.03101539110649, 46.5670744446414, 49.11188132927502, 50.876277304019965, 44.897617200896185, 35.200732073329426, 23.09861221951096, 17.720620013497527], [13.716017623008037, 0.0, 13.442075554832002, 22.78450274888355, 30.567195475110942, 33.015610233919425, 35.80623057359022, 39.60189001301183, 34.52882380207374, 24.229235648081925, 16.566894600791723, 20.528559720521507], [26.971475524991714, 13.442075554832002, 0.0, 11.966504524854615, 19.08352935704931, 20.44339616685889, 24.906479635725862, 32.579877368015275, 29.899548142849614, 20.82227764980402, 22.09255351846939, 31.49219737237353], [35.04758562195207, 22.78450274888355, 11.966504524854615, 0.0, 8.612858962510703, 16.293269906759015, 24.175760518642658, 30.796391034561566, 31.077674368089223, 27.752429160643903, 30.91307204853254, 40.47510357354721], [43.03101539110649, 30.567195475110942, 19.08352935704931, 8.612858962510703, 0.0, 11.86136630223222, 20.652707985224698, 26.97513673463134, 29.61291947931215, 29.892088814498777, 35.86590366184191, 46.61336717056773], [46.5670744446414, 33.015610233919425, 20.44339616685889, 16.293269906759015, 11.86136630223222, 0.0, 9.73161635619582, 21.966473407465546, 24.847176416483723, 24.159582908255615, 34.38195982402764, 46.92403116030085], [49.11188132927502, 35.80623057359022, 24.906479635725862, 24.175760518642658, 20.652707985224698, 9.73161635619582, 0.0, 16.660242106372557, 19.180298144331886, 19.67242816562864, 32.62795165435454, 45.948895734774574], [50.876277304019965, 39.60189001301183, 32.579877368015275, 30.796391034561566, 26.97513673463134, 21.966473407465546, 16.660242106372557, 0.0, 8.645022010895868, 22.079529517311055, 32.08391539012812, 44.266113293243784], [44.897617200896185, 34.52882380207374, 29.899548142849614, 31.077674368089223, 29.61291947931215, 24.847176416483723, 19.180298144331886, 8.645022010895868, 0.0, 15.705936826581533, 24.52052772103239, 36.463644785672734], [35.200732073329426, 24.229235648081925, 20.82227764980402, 27.752429160643903, 29.892088814498777, 24.159582908255615, 19.67242816562864, 22.079529517311055, 15.705936826581533, 0.0, 14.445146797906972, 27.706091466084022], [23.09861221951096, 16.566894600791723, 22.09255351846939, 30.91307204853254, 35.86590366184191, 34.38195982402764, 32.62795165435454, 32.08391539012812, 24.52052772103239, 14.445146797906972, 0.0, 13.416145619892696], [17.720620013497527, 20.528559720521507, 31.49219737237353, 40.47510357354721, 46.61336717056773, 46.92403116030085, 45.948895734774574, 44.266113293243784, 36.463644785672734, 27.706091466084022, 13.416145619892696, 0.0]]