[[0.0, 13.522942885257184, 26.343753499930056, 35.96788914776416, 42.226523868838285, 45.809710736079715, 48.47923527961913, 49.98334431642435, 45.52255917956964, 32.53376352884591, 21.129530079601675, 15.69759565430009], [13.522942885257184, 0.0, 13.053915072095466, 25.68369773540771, 30.415297562060466, 32.576658489553616, 35.698373647071776, 39.49163771767657, 36.40306067266153, 21.635078060477806, 14.576086033942582, 18.916091915083438], [26.343753499930056, 13.053915072095466, 0.0, 17.13873347414289, 19.333877905235926, 20.218187965225173, 25.38450082807684, 32.95361327628199, 32.5093915625687, 18.6421242600396, 20.50323837946877, 29.9848900055475], [35.96788914776416, 25.68369773540771, 17.13873347414289, 0.0, 9.029213925176991, 19.992507237053537, 27.227666614410904, 32.74119010181324, 34.59835433852464, 29.985425265583196, 32.99836142462924, 41.69330449953635], [42.226523868838285, 30.415297562060466, 19.333877905235926, 9.029213925176991, 0.0, 12.341318420997084, 19.96036977609393, 27.423871703561097, 31.090432279975925, 28.401718627773935, 34.942672249012226, 45.529445832194405], [45.809710736079715, 32.576658489553616, 20.218187965225173, 19.992507237053537, 12.341318420997084, 0.0, 10.450135220626477, 23.62418077512151, 28.198441206621492, 23.68820171970986, 33.92042058626746, 46.16111482252722], [48.47923527961913, 35.698373647071776, 25.38450082807684, 27.227666614410904, 19.96036977609393, 10.450135220626477, 0.0, 15.208073556993172, 20.388223785613032, 20.2454632390577, 32.55436158606814, 45.38717983145504], [49.98334431642435, 39.49163771767657, 32.95361327628199, 32.74119010181324, 27.423871703561097, 23.62418077512151, 15.208073556993172, 0.0, 8.112839088307496, 22.471516640902852, 32.534699944958426, 44.092944859958386], [45.52255917956964, 36.40306067266153, 32.5093915625687, 34.59835433852464, 31.090432279975925, 28.198441206621492, 20.388223785613032, 8.112839088307496, 0.0, 19.333345988376767, 27.31040937034852, 37.92595531938386], [32.53376352884591, 21.635078060477806, 18.6421242600396, 29.985425265583196, 28.401718627773935, 23.68820171970986, 20.2454632390577, 22.471516640902852, 19.333345988376767, 0.0, 13.241253315791827, 26.072579387628316], [21.129530079601675, 14.576086033942582, 20.50323837946877, 32.99836142462924, 34.942672249012226, 33.92042058626746, 32.55436158606814, 32.534699944958426, 27.31040937034852, 13.241253315791827, 0.0, 12.926343715830747], [15.69759565430009, 18.916091915083438, 29.9848900055475, 41.69330449953635, 45.529445832194405, 46.16111482252722, 45.38717983145504, 44.092944859958386, 37.92595531938386, 26.072579387628316, 12.926343715830747, 0.0]]