[[0.0, 12.997005060984321, 26.46633603038233, 35.96307515965413, 42.53448302095067, 45.35922599219252, 48.195317606465565, 49.47855077954683, 45.42442288940325, 32.33680360774915, 21.11691674959993, 15.696545295790505], [12.997005060984321, 0.0, 13.55798579521405, 24.64416159753228, 30.51055573572964, 32.55947656808888, 35.87079061350264, 38.968175548726954, 36.427317541392775, 22.583401728419346, 15.656811509014279, 19.600977339996362], [26.46633603038233, 13.55798579521405, 0.0, 16.969168509156745, 20.563969387241393, 20.50081685729135, 24.916617793643045, 31.893831370361355, 32.109980281346985, 18.734471120678858, 20.642704324062535, 30.23975589930793], [35.96307515965413, 24.64416159753228, 16.969168509156745, 0.0, 8.068428731915652, 16.83817888722519, 25.905180392883626, 31.7774121357769, 34.60667780329139, 29.37550971295448, 32.85245772282632, 41.634376261448395], [42.53448302095067, 30.51055573572964, 20.563969387241393, 8.068428731915652, 0.0, 10.658263350933586, 20.413713162718924, 27.265871231657698, 31.866683049806248, 29.45537892261556, 35.881690510681636, 46.19318207536309], [45.35922599219252, 32.55947656808888, 20.50081685729135, 16.83817888722519, 10.658263350933586, 0.0, 10.652526402793189, 21.264082636703538, 26.903757628722587, 24.57526839800378, 34.20612487857219, 46.22866966895321], [48.195317606465565, 35.87079061350264, 24.916617793643045, 25.905180392883626, 20.413713162718924, 10.652526402793189, 0.0, 13.7558579893642, 19.837585802848917, 20.523131132325137, 32.67021173882191, 45.52870183013751], [49.47855077954683, 38.968175548726954, 31.893831370361355, 31.7774121357769, 27.265871231657698, 21.264082636703538, 13.7558579893642, 0.0, 8.560653436839614, 21.025291545001934, 31.990049797371775, 43.79776311260054], [45.42442288940325, 36.427317541392775, 32.109980281346985, 34.60667780329139, 31.866683049806248, 26.903757628722587, 19.837585802848917, 8.560653436839614, 0.0, 17.63879415824432, 26.794190538810202, 37.669318987957524], [32.33680360774915, 22.583401728419346, 18.734471120678858, 29.37550971295448, 29.45537892261556, 24.57526839800378, 20.523131132325137, 21.025291545001934, 17.63879415824432, 0.0, 13.042083494082375, 25.98466797922284], [21.11691674959993, 15.656811509014279, 20.642704324062535, 32.85245772282632, 35.881690510681636, 34.20612487857219, 32.67021173882191, 31.990049797371775, 26.794190538810202, 13.042083494082375, 0.0, 13.027436906843839], [15.696545295790505, 19.600977339996362, 30.23975589930793, 41.634376261448395, 46.19318207536309, 46.22866966895321, 45.52870183013751, 43.79776311260054, 37.669318987957524, 25.98466797922284, 13.027436906843839, 0.0]]