[[0.0, 13.6993845644177, 27.489675229032752, 33.287748527799394, 41.009572961651386, 44.96045216918044, 47.26130708272425, 47.67470458340032, 43.82127739841497, 34.26232109725323, 22.657141156633244, 17.669243913097443], [13.6993845644177, 0.0, 13.970827190430672, 21.702768942257595, 28.935844447429332, 31.33613289932391, 33.9826945579077, 36.485305508902144, 34.41421825496464, 23.501660352709678, 16.609846588004537, 21.246681487134055], [27.489675229032752, 13.970827190430672, 0.0, 13.211144864192883, 18.864489034410184, 18.45516459937004, 22.903590361860758, 30.288856952758287, 31.694223144911344, 20.605234711647256, 22.91909106937631, 32.84351111607987], [33.287748527799394, 21.702768942257595, 13.211144864192883, 0.0, 8.969272228098218, 19.12386584553764, 27.63015755222719, 31.45565718180862, 34.379466422993595, 28.754886081907312, 31.20738731241529, 40.86674128554803], [41.009572961651386, 28.935844447429332, 18.864489034410184, 8.969272228098218, 0.0, 15.035584152813788, 24.371824617622558, 26.976653660105768, 31.782874078404518, 29.356826518248003, 34.904364175105165, 46.21730109127276], [44.96045216918044, 31.33613289932391, 18.45516459937004, 19.12386584553764, 15.035584152813788, 0.0, 10.320233398908767, 21.64506601905702, 27.967445513965, 22.83340058959493, 33.33063631867123, 46.449859616336255], [47.26130708272425, 33.9826945579077, 22.903590361860758, 27.63015755222719, 24.371824617622558, 10.320233398908767, 0.0, 18.192303186984567, 24.04939386961195, 18.355082832463, 31.489964537994986, 45.124358823363075], [47.67470458340032, 36.485305508902144, 30.288856952758287, 31.45565718180862, 26.976653660105768, 21.64506601905702, 18.192303186984567, 0.0, 8.908598736283281, 17.785842235948543, 28.676516001763726, 42.124478077810295], [43.82127739841497, 34.41421825496464, 31.694223144911344, 34.379466422993595, 31.782874078404518, 27.967445513965, 24.04939386961195, 8.908598736283281, 0.0, 15.523072876832185, 23.34962460704572, 35.777868527576594], [34.26232109725323, 23.501660352709678, 20.605234711647256, 28.754886081907312, 29.356826518248003, 22.83340058959493, 18.355082832463, 17.785842235948543, 15.523072876832185, 0.0, 14.078057833449895, 27.803837555339207], [22.657141156633244, 16.609846588004537, 22.91909106937631, 31.20738731241529, 34.904364175105165, 33.33063631867123, 31.489964537994986, 28.676516001763726, 23.34962460704572, 14.078057833449895, 0.0, 13.984686114372785], [17.669243913097443, 21.246681487134055, 32.84351111607987, 40.86674128554803, 46.21730109127276, 46.449859616336255, 45.124358823363075, 42.124478077810295, 35.777868527576594, 27.803837555339207, 13.984686114372785, 0.0]]