[[0.0, 13.770545423502226, 26.783913230570548, 35.936260893700165, 42.55345367065335, 45.45590254452791, 48.308207942169346, 49.482467193053516, 45.41782518978613, 32.733246790828574, 21.390966706113378, 16.747563578849253], [13.770545423502226, 0.0, 13.239091835859963, 25.560014325749385, 31.166095169623944, 32.493756305340646, 35.40543131625341, 38.73158606948945, 36.13202044365724, 21.671263830675333, 14.59498767896078, 20.095129624457712], [26.783913230570548, 13.239091835859963, 0.0, 17.2583168438202, 20.935370574074323, 20.56441514010771, 24.956255622154018, 32.059954690931455, 32.323282562630844, 18.692957387842757, 20.58487890126777, 31.16242724048809], [35.936260893700165, 25.560014325749385, 17.2583168438202, 0.0, 8.04784700959089, 16.901023412690108, 25.927449665006588, 31.794672543342873, 34.629215410748, 29.803019110145552, 33.03363251189641, 42.204160467262014], [42.55345367065335, 31.166095169623944, 20.935370574074323, 8.04784700959089, 0.0, 10.917313374958423, 20.556121845658804, 27.279842937653324, 31.880429432072116, 29.94562925917383, 36.09082451811072, 46.682011567280355], [45.45590254452791, 32.493756305340646, 20.56441514010771, 16.901023412690108, 10.917313374958423, 0.0, 10.63937985599842, 21.32283261245358, 26.988034723859315, 24.70392450485222, 34.214422765324926, 46.662189239393186], [48.308207942169346, 35.40543131625341, 24.956255622154018, 25.927449665006588, 20.556121845658804, 10.63937985599842, 0.0, 13.791943616203376, 19.914930947765825, 20.579014838526618, 32.63615130839764, 45.763192739994196], [49.482467193053516, 38.73158606948945, 32.059954690931455, 31.794672543342873, 27.279842937653324, 21.32283261245358, 13.791943616203376, 0.0, 8.576584497565339, 21.608974677329282, 32.17296250624369, 43.631335573792875], [45.41782518978613, 36.13202044365724, 32.323282562630844, 34.629215410748, 31.880429432072116, 26.988034723859315, 19.914930947765825, 8.576584497565339, 0.0, 18.455740821140555, 27.067960280782668, 37.33308794479488], [32.733246790828574, 21.671263830675333, 18.692957387842757, 29.803019110145552, 29.94562925917383, 24.70392450485222, 20.579014838526618, 21.608974677329282, 18.455740821140555, 0.0, 13.1377289583111, 26.457781632470116], [21.390966706113378, 14.59498767896078, 20.58487890126777, 33.03363251189641, 36.09082451811072, 34.214422765324926, 32.63615130839764, 32.17296250624369, 27.067960280782668, 13.1377289583111, 0.0, 13.538000960674395], [16.747563578849253, 20.095129624457712, 31.16242724048809, 42.204160467262014, 46.682011567280355, 46.662189239393186, 45.763192739994196, 43.631335573792875, 37.33308794479488, 26.457781632470116, 13.538000960674395, 0.0]]