[[0.0, 14.140596473914567, 28.363594479297614, 36.49265092601742, 44.063942855439855, 48.20920346111013, 48.91051504718565, 51.173320597467594, 47.22510017324137, 32.23056024898466, 21.48246007127829, 17.11648333894515], [14.140596473914567, 0.0, 14.244837524265165, 24.83670631543074, 32.11021820868286, 35.60250719953236, 37.03685925819168, 41.44344336302221, 39.30061196706994, 23.192924086053036, 18.310320847295305, 22.762477749331637], [28.363594479297614, 14.244837524265165, 0.0, 17.284797740659453, 23.00383094468922, 25.15666481607509, 28.190047424841662, 35.82197317198195, 36.52719345847932, 22.013311894853032, 25.547929526841386, 34.43164236616721], [36.49265092601742, 24.83670631543074, 17.284797740659453, 0.0, 9.399040361956375, 17.007662071089495, 24.572200921394526, 32.50001838833856, 35.54987014436134, 28.5261404814332, 33.28383343117607, 42.93433183761977], [44.063942855439855, 32.11021820868286, 23.00383094468922, 9.399040361956375, 0.0, 8.96043543010054, 18.01831981530584, 26.549743118898796, 31.526562413149474, 29.001124213869005, 36.74973218387651, 47.857765247770594], [48.20920346111013, 35.60250719953236, 25.15666481607509, 17.007662071089495, 8.96043543010054, 0.0, 10.414999835091791, 20.604918523227536, 26.99446061049256, 26.796409850240355, 37.278191304959456, 49.49429939692461], [48.91051504718565, 37.03685925819168, 28.190047424841662, 24.572200921394526, 18.01831981530584, 10.414999835091791, 0.0, 11.334799272004465, 18.07059778581378, 21.463631846996257, 33.7717427291787, 46.57913856816969], [51.173320597467594, 41.44344336302221, 35.82197317198195, 32.50001838833856, 26.549743118898796, 20.604918523227536, 11.334799272004465, 0.0, 8.781970945432517, 21.710820893034533, 33.064611221284984, 45.38176354033573], [47.22510017324137, 39.30061196706994, 36.52719345847932, 35.54987014436134, 31.526562413149474, 26.99446061049256, 18.07059778581378, 8.781970945432517, 0.0, 17.9904845731177, 27.511648182504807, 39.061397580054624], [32.23056024898466, 23.192924086053036, 22.013311894853032, 28.5261404814332, 29.001124213869005, 26.796409850240355, 21.463631846996257, 21.710820893034533, 17.9904845731177, 0.0, 13.493610412851632, 26.225587085353283], [21.48246007127829, 18.310320847295305, 25.547929526841386, 33.28383343117607, 36.74973218387651, 37.278191304959456, 33.7717427291787, 33.064611221284984, 27.511648182504807, 13.493610412851632, 0.0, 12.876335841959428], [17.11648333894515, 22.762477749331637, 34.43164236616721, 42.93433183761977, 47.857765247770594, 49.49429939692461, 46.57913856816969, 45.38176354033573, 39.061397580054624, 26.225587085353283, 12.876335841959428, 0.0]]