[[0.0, 12.757425545373877, 25.691413011780917, 37.65769247210271, 42.367049709974715, 47.217910604825015, 49.463953683491575, 49.67381493509582, 45.43761479165132, 32.50209885514401, 21.10257345044108, 15.745758713894134], [12.757425545373877, 0.0, 13.178339166065351, 26.885983956820233, 30.284466957448846, 34.538480203326635, 36.991284970200184, 38.102425804702314, 35.10832017288866, 22.274218714704812, 14.752376738831575, 18.56307408321189], [25.691413011780917, 13.178339166065351, 0.0, 18.224557021466914, 18.793104071300487, 22.18943127311969, 25.95504567952802, 30.112121903346715, 30.09369300109917, 18.83697085151023, 20.21024817933622, 29.43183771728468], [37.65769247210271, 26.885983956820233, 18.224557021466914, 0.0, 9.024691164306068, 18.336104169614906, 29.523289241515435, 32.317531127884536, 34.747535562430414, 32.32778130806711, 35.17690618636114, 43.703806979375315], [42.367049709974715, 30.284466957448846, 18.793104071300487, 9.024691164306068, 0.0, 9.452292819802455, 21.57877785560686, 26.252968563024677, 30.541289482930317, 29.47893900343723, 35.66942561205274, 46.07527520736681], [47.217910604825015, 34.538480203326635, 22.18943127311969, 18.336104169614906, 9.452292819802455, 0.0, 13.108867392345761, 20.1464959271755, 26.3876130914564, 27.166572016764796, 36.500293594517906, 48.298297794736946], [49.463953683491575, 36.991284970200184, 25.95504567952802, 29.523289241515435, 21.57877785560686, 13.108867392345761, 0.0, 13.111791171371248, 19.935542691367374, 21.473939970218183, 33.86955881238935, 46.59614054100353], [49.67381493509582, 38.102425804702314, 30.112121903346715, 32.317531127884536, 26.252968563024677, 20.1464959271755, 13.111791171371248, 0.0, 8.800135625014764, 20.95850818414543, 32.20672108129522, 44.399477585329265], [45.43761479165132, 35.10832017288866, 30.09369300109917, 34.747535562430414, 30.541289482930317, 26.3876130914564, 19.935542691367374, 8.800135625014764, 0.0, 17.61048534261225, 26.89103935698198, 38.240224134356666], [32.50209885514401, 22.274218714704812, 18.83697085151023, 32.32778130806711, 29.47893900343723, 27.166572016764796, 21.473939970218183, 20.95850818414543, 17.61048534261225, 0.0, 13.240071408138588, 25.87683326925586], [21.10257345044108, 14.752376738831575, 20.21024817933622, 35.17690618636114, 35.66942561205274, 36.500293594517906, 33.86955881238935, 32.20672108129522, 26.89103935698198, 13.240071408138588, 0.0, 12.765972015991498], [15.745758713894134, 18.56307408321189, 29.43183771728468, 43.703806979375315, 46.07527520736681, 48.298297794736946, 46.59614054100353, 44.399477585329265, 38.240224134356666, 25.87683326925586, 12.765972015991498, 0.0]]