[[0.0, 14.066985956600119, 27.010203532317245, 35.076518530738966, 43.072496531660825, 46.58218225540341, 48.84011378158063, 50.43737650407489, 44.83571376687031, 34.806739832711784, 22.947935707805637, 17.667367732891766], [14.066985956600119, 0.0, 13.205629000773952, 23.442015812305453, 30.869510870427295, 32.849559879235166, 35.35164635084079, 38.93419709523525, 34.70175607720717, 23.665907050235074, 16.546873346848884, 20.944760599563082], [27.010203532317245, 13.205629000773952, 0.0, 13.490156705142049, 19.537032422797097, 20.434032930887895, 24.70633524474168, 31.503857540492422, 30.2124741516016, 20.666540765609177, 22.21773346455389, 31.802474530321344], [35.076518530738966, 23.442015812305453, 13.490156705142049, 0.0, 8.604864029487397, 17.993846862941066, 25.46376119496238, 30.807637872396807, 32.13833792052561, 28.974267631266834, 31.834747290166145, 41.06069934524872], [43.072496531660825, 30.869510870427295, 19.537032422797097, 8.604864029487397, 0.0, 13.127854826129589, 21.377339207680404, 26.977636759711775, 30.639773687678925, 30.568368710643373, 36.49232720012481, 47.11084627533822], [46.58218225540341, 32.849559879235166, 20.434032930887895, 17.993846862941066, 13.127854826129589, 0.0, 9.455881759517618, 20.48653744809381, 25.329155080178413, 24.14003033785154, 34.503704797277074, 47.182822496455685], [48.84011378158063, 35.35164635084079, 24.70633524474168, 25.46376119496238, 21.377339207680404, 9.455881759517618, 0.0, 14.27390125479261, 19.337418330516044, 19.703997563092646, 32.5468769378639, 45.98406196487971], [50.43737650407489, 38.93419709523525, 31.503857540492422, 30.807637872396807, 26.977636759711775, 20.48653744809381, 14.27390125479261, 0.0, 9.014711034584195, 20.789147574029606, 31.699964624628922, 44.2170636089906], [44.83571376687031, 34.70175607720717, 30.2124741516016, 32.13833792052561, 30.639773687678925, 25.329155080178413, 19.337418330516044, 9.014711034584195, 0.0, 15.744144384369985, 24.607273272239183, 36.476480635925235], [34.806739832711784, 23.665907050235074, 20.666540765609177, 28.974267631266834, 30.568368710643373, 24.14003033785154, 19.703997563092646, 20.789147574029606, 15.744144384369985, 0.0, 14.20357390839179, 27.65931884162913], [22.947935707805637, 16.546873346848884, 22.21773346455389, 31.834747290166145, 36.49232720012481, 34.503704797277074, 32.5468769378639, 31.699964624628922, 24.607273272239183, 14.20357390839179, 0.0, 13.561918160781532], [17.667367732891766, 20.944760599563082, 31.802474530321344, 41.06069934524872, 47.11084627533822, 47.182822496455685, 45.98406196487971, 44.2170636089906, 36.476480635925235, 27.65931884162913, 13.561918160781532, 0.0]]