[[0.0, 14.786553125829867, 29.000443640638775, 36.394933661426855, 42.927877712078995, 47.12931989097629, 48.804562188167296, 50.03152508737867, 46.23949994050135, 32.11032468693885, 21.4531689319969, 17.87380041410256], [14.786553125829867, 0.0, 14.239876543705389, 25.440660535792446, 31.175554118827208, 34.500114043360476, 37.08128585889376, 40.63447183306673, 38.95602748552221, 23.48048346123695, 19.0087479304768, 24.800183908220074], [29.000443640638775, 14.239876543705389, 0.0, 19.22177578772263, 22.64434623070516, 24.363155760790708, 28.64805878454701, 35.44674482759077, 36.811848642877756, 22.95680648955166, 26.49799533360773, 36.57377425425143], [36.394933661426855, 25.440660535792446, 19.22177578772263, 0.0, 8.396767983106534, 16.642268172472196, 24.633752547440128, 31.751564868530952, 35.073554854174006, 28.5378775114789, 33.159254324009474, 43.09734094744252], [42.927877712078995, 31.175554118827208, 22.64434623070516, 8.396767983106534, 0.0, 9.076513146192763, 18.12760224186172, 26.422141555320945, 31.547264901429003, 28.216603029699627, 35.85482303944029, 47.25573487766887], [47.12931989097629, 34.500114043360476, 24.363155760790708, 16.642268172472196, 9.076513146192763, 0.0, 10.435169586180189, 20.583675070995266, 27.243888518741304, 25.951975484105528, 36.40349102791902, 49.10392298570144], [48.804562188167296, 37.08128585889376, 28.64805878454701, 24.633752547440128, 18.12760224186172, 10.435169586180189, 0.0, 10.972403940545933, 18.503092711846417, 21.412177824468348, 33.742565922656325, 46.988751713415944], [50.03152508737867, 40.63447183306673, 35.44674482759077, 31.751564868530952, 26.422141555320945, 20.583675070995266, 10.972403940545933, 0.0, 8.969206839801837, 20.19180872263547, 31.85249106729764, 44.340844338506564], [46.23949994050135, 38.95602748552221, 36.811848642877756, 35.073554854174006, 31.547264901429003, 27.243888518741304, 18.503092711846417, 8.969206839801837, 0.0, 16.79538942857682, 26.406897731516285, 37.8647566396866], [32.11032468693885, 23.48048346123695, 22.95680648955166, 28.5378775114789, 28.216603029699627, 25.951975484105528, 21.412177824468348, 20.19180872263547, 16.79538942857682, 0.0, 13.362113133133171, 26.830968933444243], [21.4531689319969, 19.0087479304768, 26.49799533360773, 33.159254324009474, 35.85482303944029, 36.40349102791902, 33.742565922656325, 31.85249106729764, 26.406897731516285, 13.362113133133171, 0.0, 13.55733235564615], [17.87380041410256, 24.800183908220074, 36.57377425425143, 43.09734094744252, 47.25573487766887, 49.10392298570144, 46.988751713415944, 44.340844338506564, 37.8647566396866, 26.830968933444243, 13.55733235564615, 0.0]]