[[0.0, 14.709610791281497, 28.984506673892692, 36.391867107191224, 42.92320759517263, 47.1264528616064, 48.82098729195834, 49.95858315097212, 46.15117300319303, 32.08967797186237, 21.437599039945425, 17.880960521505465], [14.709610791281497, 0.0, 14.296587996741634, 25.426382254512756, 31.194065426438666, 34.482432435093344, 36.99119617050871, 40.37585056495001, 38.703737152768596, 23.505276640688702, 18.84640799498143, 24.7297632136328], [28.984506673892692, 14.296587996741634, 0.0, 19.2726316892, 22.762481761778638, 24.339278051568105, 28.427741276022008, 35.04340044744255, 36.49193476748347, 23.07445918356287, 26.363945642092894, 36.56954708292752], [36.391867107191224, 25.426382254512756, 19.2726316892, 0.0, 8.389316811326234, 16.671738768178823, 24.694158522355547, 31.63782407248319, 34.94243880084796, 28.52650875938521, 33.14037675653898, 43.083758295396855], [42.92320759517263, 31.194065426438666, 22.762481761778638, 8.389316811326234, 0.0, 9.175780409907263, 18.21328680791378, 26.253713102882536, 31.36492874836313, 28.217451503925265, 35.82683765780849, 47.22524372482233], [47.1264528616064, 34.482432435093344, 24.339278051568105, 16.671738768178823, 9.175780409907263, 0.0, 10.367201154591243, 20.296009882821696, 27.03618330656555, 25.971888872581715, 36.37022509959214, 49.110020874357424], [48.82098729195834, 36.99119617050871, 28.427741276022008, 24.694158522355547, 18.21328680791378, 10.367201154591243, 0.0, 10.825172695142465, 18.49120289620148, 21.42375281890753, 33.770044021987985, 47.08131238052126], [49.95858315097212, 40.37585056495001, 35.04340044744255, 31.63782407248319, 26.253713102882536, 20.296009882821696, 10.825172695142465, 0.0, 9.042534885003983, 19.880129751653485, 31.798370553260714, 44.372151336972], [46.15117300319303, 38.703737152768596, 36.49193476748347, 34.94243880084796, 31.36492874836313, 27.03618330656555, 18.49120289620148, 9.042534885003983, 0.0, 16.362697876170973, 26.331518148061807, 37.849387545917125], [32.08967797186237, 23.505276640688702, 23.07445918356287, 28.52650875938521, 28.217451503925265, 25.971888872581715, 21.42375281890753, 19.880129751653485, 16.362697876170973, 0.0, 13.229214962371955, 26.75351409781227], [21.437599039945425, 18.84640799498143, 26.363945642092894, 33.14037675653898, 35.82683765780849, 36.37022509959214, 33.770044021987985, 31.798370553260714, 26.331518148061807, 13.229214962371955, 0.0, 13.635879205293877], [17.880960521505465, 24.7297632136328, 36.56954708292752, 43.083758295396855, 47.22524372482233, 49.110020874357424, 47.08131238052126, 44.372151336972, 37.849387545917125, 26.75351409781227, 13.635879205293877, 0.0]]