[[0.0, 12.61662586494662, 25.749028677280776, 37.985526927558645, 44.29228193481771, 48.458938157694654, 50.252170714536824, 51.3303210536347, 47.210585676161756, 33.512261210834076, 22.31063328867923, 16.696260544658436], [12.61662586494662, 0.0, 13.437808031446346, 26.134505137148835, 31.83580708815624, 35.893632622467265, 38.27223686257672, 40.45145121544711, 37.649511172413675, 24.238918246384884, 16.826122892816098, 20.24371743298523], [25.749028677280776, 13.437808031446346, 0.0, 17.024246326234213, 20.436825579139324, 23.326660772833353, 27.124358783667574, 32.64170421977464, 32.468443757643236, 19.77512328798013, 20.727223379631482, 30.214005147690663], [37.985526927558645, 26.134505137148835, 17.024246326234213, 0.0, 8.933115379966619, 18.775257049928484, 26.65249067115738, 31.707106606150084, 34.563665122881645, 30.490740744281126, 34.0602014574067, 43.93114119799818], [44.29228193481771, 31.83580708815624, 20.436825579139324, 8.933115379966619, 0.0, 10.637896729995127, 19.503514082233977, 26.30194199618678, 31.021050338461478, 29.321020465075176, 36.20468376169953, 47.83888037390149], [48.458938157694654, 35.893632622467265, 23.326660772833353, 18.775257049928484, 10.637896729995127, 0.0, 10.36741970562174, 21.070802992797717, 27.07779527681189, 26.026030684216295, 36.12319504386353, 49.116632400585594], [50.252170714536824, 38.27223686257672, 27.124358783667574, 26.65249067115738, 19.503514082233977, 10.36741970562174, 0.0, 13.256121305926598, 19.487836035129046, 21.487078169064265, 33.695605312858326, 47.37130066414021], [51.3303210536347, 40.45145121544711, 32.64170421977464, 31.707106606150084, 26.30194199618678, 21.070802992797717, 13.256121305926598, 0.0, 8.602776861688383, 21.811982841457883, 32.668982404369, 45.762072898895575], [47.210585676161756, 37.649511172413675, 32.468443757643236, 34.563665122881645, 31.021050338461478, 27.07779527681189, 19.487836035129046, 8.602776861688383, 0.0, 18.188531837942943, 27.286765861219138, 39.57861770075496], [33.512261210834076, 24.238918246384884, 19.77512328798013, 30.490740744281126, 29.321020465075176, 26.026030684216295, 21.487078169064265, 21.811982841457883, 18.188531837942943, 0.0, 13.159128191064257, 26.711295697882612], [22.31063328867923, 16.826122892816098, 20.727223379631482, 34.0602014574067, 36.20468376169953, 36.12319504386353, 33.695605312858326, 32.668982404369, 27.286765861219138, 13.159128191064257, 0.0, 13.717770067799137], [16.696260544658436, 20.24371743298523, 30.214005147690663, 43.93114119799818, 47.83888037390149, 49.116632400585594, 47.37130066414021, 45.762072898895575, 39.57861770075496, 26.711295697882612, 13.717770067799137, 0.0]]