[[0.0, 12.429834518544363, 25.44190354842939, 34.27307662220067, 44.38923287511904, 46.273731660055695, 48.93397101814486, 49.45115961659167, 44.80454658900065, 32.5784824344738, 22.276787673465087, 17.748454999515253], [12.429834518544363, 0.0, 13.079678439415131, 22.91267666041161, 32.48614658749637, 33.935373495311204, 37.05141531776132, 39.05017657269685, 36.46025262967654, 23.38443334068074, 17.675911444823292, 20.977150379109197], [25.44190354842939, 13.079678439415131, 0.0, 14.064282731747323, 21.552063945029786, 21.66926363477174, 25.935898058150542, 31.23543964110297, 32.413576757236065, 19.007868484336008, 22.112556357555, 30.63187836373385], [34.27307662220067, 22.91267666041161, 14.064282731747323, 0.0, 11.52837637901769, 18.51748626150572, 25.000660002936584, 30.03997217274951, 33.44835079918823, 28.618406386499686, 31.828626115013638, 40.45048147629457], [44.38923287511904, 32.48614658749637, 21.552063945029786, 11.52837637901769, 0.0, 10.744375801160722, 17.405969294710193, 23.8351557108089, 30.704065746510395, 30.148924515600672, 37.03856401438562, 47.536014146529396], [46.273731660055695, 33.935373495311204, 21.66926363477174, 18.51748626150572, 10.744375801160722, 0.0, 8.335354021769081, 19.424834024288963, 27.96477632915152, 24.68459377418091, 35.22007259686631, 46.92695562511384], [48.93397101814486, 37.05141531776132, 25.935898058150542, 25.000660002936584, 17.405969294710193, 8.335354021769081, 0.0, 13.115708832527579, 22.735453859417124, 22.3598312904386, 34.1845345541894, 46.48820165443629], [49.45115961659167, 39.05017657269685, 31.23543964110297, 30.03997217274951, 23.8351557108089, 19.424834024288963, 13.115708832527579, 0.0, 11.332604229738765, 23.07121020245702, 31.628013036547284, 43.47594608345153], [44.80454658900065, 36.46025262967654, 32.413576757236065, 33.44835079918823, 30.704065746510395, 27.96477632915152, 22.735453859417124, 11.332604229738765, 0.0, 21.417613937833273, 25.317363733408662, 35.88432235811102], [32.5784824344738, 23.38443334068074, 19.007868484336008, 28.618406386499686, 30.148924515600672, 24.68459377418091, 22.3598312904386, 23.07121020245702, 21.417613937833273, 0.0, 14.38418058901368, 26.305239582510097], [22.276787673465087, 17.675911444823292, 22.112556357555, 31.828626115013638, 37.03856401438562, 35.22007259686631, 34.1845345541894, 31.628013036547284, 25.317363733408662, 14.38418058901368, 0.0, 12.423979026811741], [17.748454999515253, 20.977150379109197, 30.63187836373385, 40.45048147629457, 47.536014146529396, 46.92695562511384, 46.48820165443629, 43.47594608345153, 35.88432235811102, 26.305239582510097, 12.423979026811741, 0.0]]