[[0.0, 12.69628897159536, 25.571418927860435, 37.128974251587856, 43.262199375668004, 48.29423508232088, 50.36267304070445, 50.18567852503441, 46.16061159557861, 33.74493040767447, 22.447666065530953, 16.7485797810844], [12.69628897159536, 0.0, 13.14898955562689, 25.873279121564643, 30.996162803831073, 35.62105683837341, 37.98234754302331, 38.745433820886575, 35.981554518099216, 23.632491528951977, 15.87271450572025, 19.396664323267416], [25.571418927860435, 13.14898955562689, 0.0, 16.327867017780243, 19.128590700584873, 23.28070258037437, 27.19574172147544, 31.036823155540265, 31.218159607680548, 19.938136344653934, 20.52652549343773, 30.00287758286278], [37.128974251587856, 25.873279121564643, 16.327867017780243, 0.0, 9.311156058522595, 18.26050455087323, 27.899545509600763, 31.882695837554078, 34.547262742427876, 31.018932318982962, 33.88065656727066, 43.34605786635465], [43.262199375668004, 30.996162803831073, 19.128590700584873, 9.311156058522595, 0.0, 9.192831441019461, 20.105199857209428, 26.125678607212674, 30.836429257139176, 29.069173029459684, 35.48925855736018, 46.94222136372928], [48.29423508232088, 35.62105683837341, 23.28070258037437, 18.26050455087323, 9.192831441019461, 0.0, 12.022974607997224, 20.55497531369313, 27.11755272520735, 27.039131993735634, 36.48918531486329, 49.307640388616946], [50.36267304070445, 37.98234754302331, 27.19574172147544, 27.899545509600763, 20.105199857209428, 12.022974607997224, 0.0, 12.34808823387491, 19.688808982174237, 21.4812558661993, 33.67145161089122, 47.37623443646117], [50.18567852503441, 38.745433820886575, 31.036823155540265, 31.882695837554078, 26.125678607212674, 20.55497531369313, 12.34808823387491, 0.0, 8.814702496770328, 20.29007719042681, 31.332852073625368, 44.50356156929409], [46.16061159557861, 35.981554518099216, 31.218159607680548, 34.547262742427876, 30.836429257139176, 27.11755272520735, 19.688808982174237, 8.814702496770328, 0.0, 17.340801177006586, 26.194307949465703, 38.421153678621586], [33.74493040767447, 23.632491528951977, 19.938136344653934, 31.018932318982962, 29.069173029459684, 27.039131993735634, 21.4812558661993, 20.29007719042681, 17.340801177006586, 0.0, 13.202399824287893, 26.797579299396798], [22.447666065530953, 15.87271450572025, 20.52652549343773, 33.88065656727066, 35.48925855736018, 36.48918531486329, 33.67145161089122, 31.332852073625368, 26.194307949465703, 13.202399824287893, 0.0, 13.752593390068979], [16.7485797810844, 19.396664323267416, 30.00287758286278, 43.34605786635465, 46.94222136372928, 49.307640388616946, 47.37623443646117, 44.50356156929409, 38.421153678621586, 26.797579299396798, 13.752593390068979, 0.0]]