[[0.0, 13.154824151136724, 27.06287022441548, 37.511512502487406, 45.272191781312436, 48.39238605227484, 49.74082600647485, 51.316446825320845, 46.62008920045702, 32.12062676162875, 21.757594804569624, 17.971548160455875], [13.154824151136724, 0.0, 14.025998270158809, 25.63930975735663, 33.157371831128884, 35.549309038207674, 37.49760217137182, 41.099394516612634, 37.71645758622287, 23.191340402453864, 18.222347498393642, 22.24158334771014], [27.06287022441548, 14.025998270158809, 0.0, 16.808322110764806, 23.212785177959002, 23.63992307051709, 27.150739217379716, 34.820841836784055, 33.9110294088571, 21.623323396681208, 25.124024989577066, 33.23206363305527], [37.511512502487406, 25.63930975735663, 16.808322110764806, 0.0, 9.037364880338078, 17.00650013939732, 23.965668607171928, 32.15436606644774, 34.104693317332824, 28.90405012606375, 34.14515790270676, 44.190099070038634], [45.272191781312436, 33.157371831128884, 23.212785177959002, 9.037364880338078, 0.0, 11.177513408211372, 18.65762634779853, 27.444657020432047, 31.3455836116407, 30.45769011844316, 38.316713521590884, 49.60458918069398], [48.39238605227484, 35.549309038207674, 23.63992307051709, 17.00650013939732, 11.177513408211372, 0.0, 9.398780182545018, 22.027473121062545, 26.86966832620084, 27.17797717203753, 38.11137577826687, 49.96430878876986], [49.74082600647485, 37.49760217137182, 27.150739217379716, 23.965668607171928, 18.65762634779853, 9.398780182545018, 0.0, 13.889588876332734, 19.19080837387935, 22.94273702161919, 35.56448517921323, 47.869382971053945], [51.316446825320845, 41.099394516612634, 34.820841836784055, 32.15436606644774, 27.444657020432047, 22.027473121062545, 13.889588876332734, 0.0, 8.061703720033622, 21.32599397215403, 33.00492051210773, 45.3662465573688], [46.62008920045702, 37.71645758622287, 33.9110294088571, 34.104693317332824, 31.3455836116407, 26.86966832620084, 19.19080837387935, 8.061703720033622, 0.0, 16.222969981625255, 26.742848986131566, 38.653234897001255], [32.12062676162875, 23.191340402453864, 21.623323396681208, 28.90405012606375, 30.45769011844316, 27.17797717203753, 22.94273702161919, 21.32599397215403, 16.222969981625255, 0.0, 13.576327586907658, 25.523119395342448], [21.757594804569624, 18.222347498393642, 25.124024989577066, 34.14515790270676, 38.316713521590884, 38.11137577826687, 35.56448517921323, 33.00492051210773, 26.742848986131566, 13.576327586907658, 0.0, 12.629730294972813], [17.971548160455875, 22.24158334771014, 33.23206363305527, 44.190099070038634, 49.60458918069398, 49.96430878876986, 47.869382971053945, 45.3662465573688, 38.653234897001255, 25.523119395342448, 12.629730294972813, 0.0]]