[[0.0, 13.206675230225281, 26.10315814862786, 36.316095776448556, 42.38219051687288, 45.601907557271474, 48.03435540352429, 49.58451241118689, 45.77246710907207, 31.939257948157376, 20.30471316278351, 15.669800968668012], [13.206675230225281, 0.0, 13.002137486128772, 25.63154482305796, 30.423978501080118, 32.58535206847214, 35.696371577319916, 39.46170319262794, 37.36541152736999, 21.747019234585828, 14.567526233411492, 19.924603999311476], [26.10315814862786, 13.002137486128772, 0.0, 16.824441927575315, 19.19910231425058, 20.23625899259471, 25.421074133364275, 32.79281523295458, 33.58655233115774, 18.676733824354432, 20.390232919560166, 30.73942930455157], [36.316095776448556, 25.63154482305796, 16.824441927575315, 0.0, 8.985608735556204, 19.816279266922034, 26.929135980531232, 32.75448729805383, 35.71805411618098, 30.19747333833801, 33.08944071286714, 42.21180071846386], [42.38219051687288, 30.423978501080118, 19.19910231425058, 8.985608735556204, 0.0, 12.227260337252824, 19.718855481767545, 27.416641679190942, 32.251260987383006, 28.61987515042934, 35.027494409804774, 45.99468818697113], [45.601907557271474, 32.58535206847214, 20.23625899259471, 19.816279266922034, 12.227260337252824, 0.0, 10.521554855566071, 23.462079742312916, 29.358561803055903, 23.70128777277579, 33.868974827582626, 46.61701956142244], [48.03435540352429, 35.696371577319916, 25.421074133364275, 26.929135980531232, 19.718855481767545, 10.521554855566071, 0.0, 14.606198380548172, 21.122789060143056, 20.35097133974703, 32.4974492144052, 45.537531251578386], [49.58451241118689, 39.46170319262794, 32.79281523295458, 32.75448729805383, 27.416641679190942, 23.462079742312916, 14.606198380548172, 0.0, 8.756554387926512, 22.742759681453286, 32.622672826442, 43.838381180129794], [45.77246710907207, 37.36541152736999, 33.58655233115774, 35.71805411618098, 32.251260987383006, 29.358561803055903, 21.122789060143056, 8.756554387926512, 0.0, 20.795785539719002, 28.197075797295966, 37.93875831074187], [31.939257948157376, 21.747019234585828, 18.676733824354432, 30.19747333833801, 28.61987515042934, 23.70128777277579, 20.35097133974703, 22.742759681453286, 20.795785539719002, 0.0, 13.295491172524693, 26.46929841995781], [20.30471316278351, 14.567526233411492, 20.390232919560166, 33.08944071286714, 35.027494409804774, 33.868974827582626, 32.4974492144052, 32.622672826442, 28.197075797295966, 13.295491172524693, 0.0, 13.357509358937952], [15.669800968668012, 19.924603999311476, 30.73942930455157, 42.21180071846386, 45.99468818697113, 46.61701956142244, 45.537531251578386, 43.838381180129794, 37.93875831074187, 26.46929841995781, 13.357509358937952, 0.0]]