[[0.0, 14.63755207594446, 28.834639745716174, 36.3972827894573, 42.927134486784006, 47.123770453777084, 48.82524311645528, 49.96343238920964, 46.17187270012438, 32.09076964662785, 21.452484140478674, 17.973612558886487], [14.63755207594446, 0.0, 14.21932292599577, 25.45085408653884, 31.18238369928452, 34.4842352833071, 36.98044124689798, 40.34478347187335, 38.69630121233994, 23.483894029423166, 18.869603341717305, 24.792418479981215], [28.834639745716174, 14.21932292599577, 0.0, 19.199555356053796, 22.618345831376047, 24.25484830894997, 28.312333630767075, 34.89547722071346, 36.38027546830365, 22.931675077276847, 26.29413112949302, 36.54015604228155], [36.3972827894573, 25.45085408653884, 19.199555356053796, 0.0, 8.399884336393333, 16.705103517153105, 24.72481296441941, 31.62168207365026, 34.93007778025199, 28.546555461871648, 33.14776819123993, 43.10133527157563], [42.927134486784006, 31.18238369928452, 22.618345831376047, 8.399884336393333, 0.0, 9.166565155160521, 18.22468878780184, 26.24772204758535, 31.37856049025911, 28.22352352644946, 35.8404834219474, 47.26292155431999], [47.123770453777084, 34.4842352833071, 24.25484830894997, 16.705103517153105, 9.166565155160521, 0.0, 10.358629454062202, 20.26572260939513, 27.04544795748595, 25.970621722630156, 36.392411151852706, 49.1553315188525], [48.82524311645528, 36.98044124689798, 28.312333630767075, 24.72481296441941, 18.22468878780184, 10.358629454062202, 0.0, 10.828211268615517, 18.547754353203846, 21.426908620912357, 33.80082037949332, 47.14115223553817], [49.96343238920964, 40.34478347187335, 34.89547722071346, 31.62168207365026, 26.24772204758535, 20.26572260939513, 10.828211268615517, 0.0, 9.079599753101233, 19.875730578954325, 31.792980525535096, 44.398775112511665], [46.17187270012438, 38.69630121233994, 36.38027546830365, 34.93007778025199, 31.37856049025911, 27.04544795748595, 18.547754353203846, 9.079599753101233, 0.0, 16.406877100982506, 26.32099012994964, 37.858502650183105], [32.09076964662785, 23.483894029423166, 22.931675077276847, 28.546555461871648, 28.22352352644946, 25.970621722630156, 21.426908620912357, 19.875730578954325, 16.406877100982506, 0.0, 13.276789300397967, 26.83206836907242], [21.452484140478674, 18.869603341717305, 26.29413112949302, 33.14776819123993, 35.8404834219474, 36.392411151852706, 33.80082037949332, 31.792980525535096, 26.32099012994964, 13.276789300397967, 0.0, 13.662174218242239], [17.973612558886487, 24.792418479981215, 36.54015604228155, 43.10133527157563, 47.26292155431999, 49.1553315188525, 47.14115223553817, 44.398775112511665, 37.858502650183105, 26.83206836907242, 13.662174218242239, 0.0]]