[[0.0, 13.974330260045454, 27.670277410726385, 35.116946346323175, 41.8571778190831, 46.96737022901608, 48.71581527802911, 49.70900489409741, 46.33731954633954, 31.99328108990328, 21.530094477691755, 20.29551341344045], [13.974330260045454, 0.0, 13.937768785332924, 25.51739477121397, 31.623291200911137, 35.68157631931176, 37.88116604647755, 41.16021767748555, 39.79266906601728, 23.755895733210416, 18.765620297516655, 27.01996176587704], [27.670277410726385, 13.937768785332924, 0.0, 18.437328776474402, 22.896478007896523, 25.74913108908619, 29.647354142880626, 36.56342803651642, 38.282176426546464, 23.512349752210646, 26.175212576989587, 38.69029407992348], [35.116946346323175, 25.51739477121397, 18.437328776474402, 0.0, 7.922946101620151, 16.380224032797777, 24.151098380474416, 31.966561508383535, 35.482135228458006, 27.135489566869197, 31.729078591763816, 43.74832591330485], [41.8571778190831, 31.623291200911137, 22.896478007896523, 7.922946101620151, 0.0, 9.365802789667631, 18.38292251123406, 27.523364163450985, 32.74835123726892, 27.59243344686838, 34.991895521135824, 48.16718619876744], [46.96737022901608, 35.68157631931176, 25.74913108908619, 16.380224032797777, 9.365802789667631, 0.0, 10.362104406278002, 21.56443159842146, 28.539093088403824, 25.95179902999669, 36.269252373056666, 50.7950609206749], [48.71581527802911, 37.88116604647755, 29.647354142880626, 24.151098380474416, 18.38292251123406, 10.362104406278002, 0.0, 12.197924757974615, 20.102507035555266, 21.42128884103123, 33.69652391201385, 48.59679600292246], [49.70900489409741, 41.16021767748555, 36.56342803651642, 31.966561508383535, 27.523364163450985, 21.56443159842146, 12.197924757974615, 0.0, 9.097280848363038, 19.408412930556143, 31.080257254550848, 44.529852608040464], [46.33731954633954, 39.79266906601728, 38.282176426546464, 35.482135228458006, 32.74835123726892, 28.539093088403824, 20.102507035555266, 9.097280848363038, 0.0, 16.773132494859684, 26.101721607940384, 37.919844619407975], [31.99328108990328, 23.755895733210416, 23.512349752210646, 27.135489566869197, 27.59243344686838, 25.95179902999669, 21.42128884103123, 19.408412930556143, 16.773132494859684, 0.0, 13.150058154720607, 28.41609492753165], [21.530094477691755, 18.765620297516655, 26.175212576989587, 31.729078591763816, 34.991895521135824, 36.269252373056666, 33.69652391201385, 31.080257254550848, 26.101721607940384, 13.150058154720607, 0.0, 15.620117751460967], [20.29551341344045, 27.01996176587704, 38.69029407992348, 43.74832591330485, 48.16718619876744, 50.7950609206749, 48.59679600292246, 44.529852608040464, 37.919844619407975, 28.41609492753165, 15.620117751460967, 0.0]]