[[0.0, 12.811066858745765, 26.123069111737443, 36.9658034469736, 43.98898550744364, 45.32775878299793, 48.235046989768115, 49.81777785471144, 45.39482940620287, 32.1903572962818, 20.93199610266773, 15.656896644470802], [12.811066858745765, 0.0, 13.440796032884245, 25.478355933085236, 32.21743715770784, 32.573315514734105, 36.006676153064014, 38.970517876587145, 36.319832227743646, 22.60427768213559, 15.628295200009788, 19.509326471936163], [26.123069111737443, 13.440796032884245, 0.0, 17.184505238925706, 22.740769231304757, 20.178591292162217, 24.794255750516406, 31.179009860130247, 31.862533811061088, 18.670717940573685, 20.588560970064567, 30.008665272936316], [36.9658034469736, 25.478355933085236, 17.184505238925706, 0.0, 7.831218096850965, 16.851596560976468, 26.10424716932187, 30.745042505709012, 34.500499134541315, 29.67076542983347, 33.39147743183415, 42.439489301987706], [43.98898550744364, 32.21743715770784, 22.740769231304757, 7.831218096850965, 0.0, 13.909835665653134, 23.26544956715586, 27.401659821516322, 33.02776757416283, 31.73789818029179, 37.758006926455394, 47.858230633509585], [45.32775878299793, 32.573315514734105, 20.178591292162217, 16.851596560976468, 13.909835665653134, 0.0, 10.699629589049378, 20.29787013111903, 27.30884577657287, 24.41759219747329, 34.18649456084541, 46.2123212400038], [48.235046989768115, 36.006676153064014, 24.794255750516406, 26.10424716932187, 23.26544956715586, 10.699629589049378, 0.0, 13.349542106422186, 20.774208447618186, 20.496159586119823, 32.80975812330694, 45.61325097429857], [49.81777785471144, 38.970517876587145, 31.179009860130247, 30.745042505709012, 27.401659821516322, 20.29787013111903, 13.349542106422186, 0.0, 10.157222409944367, 21.24335661467752, 32.437982999561264, 44.52792852903204], [45.39482940620287, 36.319832227743646, 31.862533811061088, 34.500499134541315, 33.02776757416283, 27.30884577657287, 20.774208447618186, 10.157222409944367, 0.0, 17.68032520259701, 26.635262436330326, 37.6400817767183], [32.1903572962818, 22.60427768213559, 18.670717940573685, 29.67076542983347, 31.73789818029179, 24.41759219747329, 20.496159586119823, 21.24335661467752, 17.68032520259701, 0.0, 13.13531140751456, 25.900656787342097], [20.93199610266773, 15.628295200009788, 20.588560970064567, 33.39147743183415, 37.758006926455394, 34.18649456084541, 32.80975812330694, 32.437982999561264, 26.635262436330326, 13.13531140751456, 0.0, 12.858470360984855], [15.656896644470802, 19.509326471936163, 30.008665272936316, 42.439489301987706, 47.858230633509585, 46.2123212400038, 45.61325097429857, 44.52792852903204, 37.6400817767183, 25.900656787342097, 12.858470360984855, 0.0]]