[[0.0, 12.757582238373343, 26.017873690067855, 38.33587681292503, 45.24502201579286, 48.80921888924991, 50.019349091413446, 52.47716048228719, 47.75892737799602, 32.971680087605215, 22.276468471890446, 17.75697233075067], [12.757582238373343, 0.0, 13.601648115595186, 26.40681193782498, 32.96101811722257, 36.06361984597233, 37.50327757328699, 41.370783336990584, 37.696802388137016, 23.770134643038542, 17.498021979053348, 20.53663082452353], [26.017873690067855, 13.601648115595186, 0.0, 15.138174486951387, 21.044199398028187, 23.266446691458174, 26.478789204632236, 34.68729906665654, 33.48041280933583, 23.260888229640866, 24.650064496554084, 31.597987243204464], [38.33587681292503, 26.40681193782498, 15.138174486951387, 0.0, 7.592682034820505, 16.541142970925467, 22.993307400313746, 31.700482042169043, 33.65385869388312, 29.711517398153884, 34.64737904902294, 44.36105188916766], [45.24502201579286, 32.96101811722257, 21.044199398028187, 7.592682034820505, 0.0, 11.689517139805348, 18.792870874239014, 28.356260878933355, 32.033292824993396, 31.57789882174473, 38.8872865463247, 49.57502268649819], [48.80921888924991, 36.06361984597233, 23.266446691458174, 16.541142970925467, 11.689517139805348, 0.0, 9.424995088125723, 24.60088041428642, 28.923039208442912, 30.095694674338322, 39.77494134871081, 50.18413109964465], [50.019349091413446, 37.50327757328699, 26.478789204632236, 22.993307400313746, 18.792870874239014, 9.424995088125723, 0.0, 17.09224563217733, 21.48307277063237, 25.397897195523605, 37.035994741235406, 48.01282401649764], [52.47716048228719, 41.370783336990584, 34.68729906665654, 31.700482042169043, 28.356260878933355, 24.60088041428642, 17.09224563217733, 0.0, 8.07421808293156, 21.408323872671417, 34.05121260181381, 46.67647784750028], [47.75892737799602, 37.696802388137016, 33.48041280933583, 33.65385869388312, 32.033292824993396, 28.923039208442912, 21.48307277063237, 8.07421808293156, 0.0, 15.36849642935931, 27.684892328331472, 40.06991838702838], [32.971680087605215, 23.770134643038542, 23.260888229640866, 29.711517398153884, 31.57789882174473, 30.095694674338322, 25.397897195523605, 21.408323872671417, 15.36849642935931, 0.0, 13.177420532294667, 25.305781011584944], [22.276468471890446, 17.498021979053348, 24.650064496554084, 34.64737904902294, 38.8872865463247, 39.77494134871081, 37.035994741235406, 34.05121260181381, 27.684892328331472, 13.177420532294667, 0.0, 13.302114452471837], [17.75697233075067, 20.53663082452353, 31.597987243204464, 44.36105188916766, 49.57502268649819, 50.18413109964465, 48.01282401649764, 46.67647784750028, 40.06991838702838, 25.305781011584944, 13.302114452471837, 0.0]]