[[0.0, 12.885520306418288, 25.8431385874314, 35.991626275398424, 42.224155791948725, 47.62798820736246, 48.887304144446055, 49.83905092957661, 45.42700268180091, 32.54345021790837, 21.241709843927374, 15.794477722628946], [12.885520306418288, 0.0, 13.1620891179614, 24.947111660413437, 29.932998296969537, 34.768825580063876, 36.344939856709196, 38.70396951770897, 35.59663650614154, 22.1214593039052, 14.748746312020456, 18.591763074524053], [25.8431385874314, 13.1620891179614, 0.0, 15.680685725431207, 17.999375333038508, 22.321189369998862, 25.656283606977432, 31.643843662677025, 31.360011800567634, 18.79030691512297, 20.234646059711768, 29.512243651235565], [35.991626275398424, 24.947111660413437, 15.680685725431207, 0.0, 9.533118561739855, 19.93987320691824, 28.29643074971147, 32.78306091256923, 34.58659836526548, 29.94330584476253, 33.12407559510201, 41.82806592307729], [42.224155791948725, 29.932998296969537, 17.999375333038508, 9.533118561739855, 0.0, 10.78769177526893, 20.440821257527393, 27.33203082823298, 31.138698199092364, 27.991032317491275, 34.82708854427102, 45.50859894309787], [47.62798820736246, 34.768825580063876, 22.321189369998862, 19.93987320691824, 10.78769177526893, 0.0, 10.954540076881779, 21.847260754815487, 27.512368459285454, 25.481455796227852, 35.71728792740441, 47.87800212074773], [48.887304144446055, 36.344939856709196, 25.656283606977432, 28.29643074971147, 20.440821257527393, 10.954540076881779, 0.0, 15.523754975966547, 21.32342061465013, 20.289715642788114, 32.77627794130971, 45.59734458884382], [49.83905092957661, 38.70396951770897, 31.643843662677025, 32.78306091256923, 27.33203082823298, 21.847260754815487, 15.523754975966547, 0.0, 8.32859184718689, 21.35975747050745, 32.14152682798833, 43.94150201805046], [45.42700268180091, 35.59663650614154, 31.360011800567634, 34.58659836526548, 31.138698199092364, 27.512368459285454, 21.32342061465013, 8.32859184718689, 0.0, 18.57200746257558, 27.123755924660983, 37.90575749241939], [32.54345021790837, 22.1214593039052, 18.79030691512297, 29.94330584476253, 27.991032317491275, 25.481455796227852, 20.289715642788114, 21.35975747050745, 18.57200746257558, 0.0, 13.10619676732213, 25.860624457435637], [21.241709843927374, 14.748746312020456, 20.234646059711768, 33.12407559510201, 34.82708854427102, 35.71728792740441, 32.77627794130971, 32.14152682798833, 27.123755924660983, 13.10619676732213, 0.0, 12.846063913253781], [15.794477722628946, 18.591763074524053, 29.512243651235565, 41.82806592307729, 45.50859894309787, 47.87800212074773, 45.59734458884382, 43.94150201805046, 37.90575749241939, 25.860624457435637, 12.846063913253781, 0.0]]