[[0.0, 14.81273292139641, 29.13721194431743, 36.434245656702664, 42.97410386620662, 47.12870964012238, 48.83994587225931, 50.15982127349644, 46.355478654410256, 32.25819776570297, 21.428076014986203, 17.569431887315705], [14.81273292139641, 0.0, 14.347321480289661, 25.364805205385473, 31.266771143424663, 34.63163255722411, 37.20807403290597, 40.90163310866287, 39.15622524593345, 23.260799780823294, 18.623012348118927, 24.30260969271656], [29.13721194431743, 14.347321480289661, 0.0, 19.12508335541346, 22.935830476048782, 24.814393972305382, 28.998814324508203, 35.97419924248546, 37.20313231116704, 22.45464794608159, 26.1218993819622, 36.186357524476044], [36.434245656702664, 25.364805205385473, 19.12508335541346, 0.0, 8.3847453300866, 16.417935141035883, 24.586822683766705, 31.951333846668824, 35.275225865304364, 28.635617707664434, 33.15418370932806, 43.0339119390306], [42.97410386620662, 31.266771143424663, 22.935830476048782, 8.3847453300866, 0.0, 8.892999565274362, 18.12273783093642, 26.551656308602556, 31.62790354635642, 28.36605541868636, 35.82760620323827, 47.12439114986892], [47.12870964012238, 34.63163255722411, 24.814393972305382, 16.417935141035883, 8.892999565274362, 0.0, 10.41923547503069, 20.59005341929666, 27.125463194798964, 25.915355979169878, 36.21015533722068, 48.801838529447494], [48.83994587225931, 37.20807403290597, 28.998814324508203, 24.586822683766705, 18.12273783093642, 10.41923547503069, 0.0, 11.086133923354526, 18.44408146727885, 21.492828302861728, 33.62380394125063, 46.76125669885708], [50.15982127349644, 40.90163310866287, 35.97419924248546, 31.951333846668824, 26.551656308602556, 20.59005341929666, 11.086133923354526, 0.0, 8.880005994603552, 20.92965614647173, 32.04601349966921, 44.320972395682944], [46.355478654410256, 39.15622524593345, 37.20313231116704, 35.275225865304364, 31.62790354635642, 27.125463194798964, 18.44408146727885, 8.880005994603552, 0.0, 17.795673325628925, 26.72129325633821, 37.93738497473115], [32.25819776570297, 23.260799780823294, 22.45464794608159, 28.635617707664434, 28.36605541868636, 25.915355979169878, 21.492828302861728, 20.92965614647173, 17.795673325628925, 0.0, 13.484790481345236, 26.94330371328687], [21.428076014986203, 18.623012348118927, 26.1218993819622, 33.15418370932806, 35.82760620323827, 36.21015533722068, 33.62380394125063, 32.04601349966921, 26.72129325633821, 13.484790481345236, 0.0, 13.539233225177002], [17.569431887315705, 24.30260969271656, 36.186357524476044, 43.0339119390306, 47.12439114986892, 48.801838529447494, 46.76125669885708, 44.320972395682944, 37.93738497473115, 26.94330371328687, 13.539233225177002, 0.0]]