[[0.0, 12.827316544920333, 26.170906237657416, 36.92819534143239, 44.00054331127891, 45.348757983298825, 48.197883095490965, 49.863796019685275, 45.42484670393051, 32.13646390127801, 20.925291791303007, 15.66341000724127], [12.827316544920333, 0.0, 13.474038260227225, 25.389079650807396, 32.23035562900403, 32.58335513807346, 35.96081262750292, 39.038773290750086, 36.36248858611819, 22.54472520690004, 15.629793368444957, 19.53042291837309], [26.170906237657416, 13.474038260227225, 0.0, 16.996049041830545, 22.794283024589543, 20.20225209978197, 24.808724572786527, 31.32928341328076, 31.954493852090895, 18.710128174549123, 20.650982403813646, 30.065218433634072], [36.92819534143239, 25.389079650807396, 16.996049041830545, 0.0, 7.917864342718555, 16.62405380100305, 25.726152910717044, 30.732581745250528, 34.52641201824258, 29.399420235840093, 33.28492548904687, 42.40139260636803], [44.00054331127891, 32.23035562900403, 22.794283024589543, 7.917864342718555, 0.0, 13.868533175444549, 22.981996691877953, 27.381894014972048, 33.040513033155406, 31.585727843146593, 37.73341951411414, 47.865489177164044], [45.348757983298825, 32.58335513807346, 20.20225209978197, 16.62405380100305, 13.868533175444549, 0.0, 10.607856926603555, 20.415950549443, 27.345727027757114, 24.413609991866586, 34.21128185680563, 46.240400911910754], [48.197883095490965, 35.96081262750292, 24.808724572786527, 25.726152910717044, 22.981996691877953, 10.607856926603555, 0.0, 13.210915970177277, 20.54785629723337, 20.509377505470493, 32.78951348725694, 45.58324263607083], [49.863796019685275, 39.038773290750086, 31.32928341328076, 30.732581745250528, 27.381894014972048, 20.415950549443, 13.210915970177277, 0.0, 10.119316680523152, 21.20855992528286, 32.48631969117586, 44.57166265399635], [45.42484670393051, 36.36248858611819, 31.954493852090895, 34.52641201824258, 33.040513033155406, 27.345727027757114, 20.54785629723337, 10.119316680523152, 0.0, 17.48206334804922, 26.63161539431902, 37.66099421815649], [32.13646390127801, 22.54472520690004, 18.710128174549123, 29.399420235840093, 31.585727843146593, 24.413609991866586, 20.509377505470493, 21.20855992528286, 17.48206334804922, 0.0, 13.080151613316795, 25.842868856724113], [20.925291791303007, 15.629793368444957, 20.650982403813646, 33.28492548904687, 37.73341951411414, 34.21128185680563, 32.78951348725694, 32.48631969117586, 26.63161539431902, 13.080151613316795, 0.0, 12.851469304472742], [15.66341000724127, 19.53042291837309, 30.065218433634072, 42.40139260636803, 47.865489177164044, 46.240400911910754, 45.58324263607083, 44.57166265399635, 37.66099421815649, 25.842868856724113, 12.851469304472742, 0.0]]