[[0.0, 12.652977056641335, 25.990357928228708, 37.00864972226091, 42.61091151446155, 47.25137737917008, 49.073258709039585, 48.748631972762716, 43.99128621726403, 32.209237577549096, 20.397688379911607, 15.671015483814346], [12.652977056641335, 0.0, 13.671367510648706, 25.923842548273488, 30.40741577346085, 34.60474062093311, 36.94141647380269, 37.79503979430332, 34.29453969363445, 22.86000268568814, 14.895935428584169, 19.404271522293154], [25.990357928228708, 13.671367510648706, 0.0, 19.33076577319352, 20.201685109286526, 22.249104486353804, 25.186713596602154, 29.87404030961739, 29.17409607831725, 18.65168317702464, 19.45254304539008, 29.777967110914304], [37.00864972226091, 25.923842548273488, 19.33076577319352, 0.0, 9.369009822904175, 20.15688139334696, 29.6428108204974, 33.268232006518694, 34.79349291016948, 32.46097196980136, 34.71705283317479, 43.394529252702426], [42.61091151446155, 30.40741577346085, 20.201685109286526, 9.369009822904175, 0.0, 11.246637704718953, 21.76460128305357, 27.249818911737524, 30.70148564977781, 30.26490153134368, 35.97469651470434, 46.625536621045356], [47.25137737917008, 34.60474062093311, 22.249104486353804, 20.15688139334696, 11.246637704718953, 0.0, 11.422451226583592, 20.541606434779293, 26.02379488119327, 26.83798293216025, 36.06682750746859, 48.358418800893865], [49.073258709039585, 36.94141647380269, 25.186713596602154, 29.6428108204974, 21.76460128305357, 11.422451226583592, 0.0, 13.733450522992575, 19.899749529374834, 21.80081044030556, 33.72836975908859, 46.71549326520697], [48.748631972762716, 37.79503979430332, 29.87404030961739, 33.268232006518694, 27.249818911737524, 20.541606434779293, 13.733450522992575, 0.0, 8.208429528896064, 19.68275273809161, 31.515196882991745, 43.3680096014917], [43.99128621726403, 34.29453969363445, 29.17409607831725, 34.79349291016948, 30.70148564977781, 26.02379488119327, 19.899749529374834, 8.208429528896064, 0.0, 15.601992465882876, 26.017157358434606, 36.882280341805334], [32.209237577549096, 22.86000268568814, 18.65168317702464, 32.46097196980136, 30.26490153134368, 26.83798293216025, 21.80081044030556, 19.68275273809161, 15.601992465882876, 0.0, 13.079665439778417, 25.793472425323], [20.397688379911607, 14.895935428584169, 19.45254304539008, 34.71705283317479, 35.97469651470434, 36.06682750746859, 33.72836975908859, 31.515196882991745, 26.017157358434606, 13.079665439778417, 0.0, 13.07132783178496], [15.671015483814346, 19.404271522293154, 29.777967110914304, 43.394529252702426, 46.625536621045356, 48.358418800893865, 46.71549326520697, 43.3680096014917, 36.882280341805334, 25.793472425323, 13.07132783178496, 0.0]]