[[0.0, 12.505589545594, 25.378190082585835, 34.25870187377731, 44.40664324649881, 46.28685566898599, 49.00860339732315, 49.45660193707434, 44.80459746031713, 32.55100584065516, 21.54285189378317, 17.747297650572524], [12.505589545594, 0.0, 12.914861549342527, 22.94842918924886, 32.48066911356516, 33.88801785872589, 37.173271003420915, 39.04203322111974, 36.47250409583895, 23.26796426829984, 17.652989204674345, 21.04150422582233], [25.378190082585835, 12.914861549342527, 0.0, 14.103391862213108, 21.477070443798333, 21.702739353163942, 26.408233816688988, 31.206568094381684, 32.34266251416387, 19.030466255410506, 22.797039029063427, 30.62056194785081], [34.25870187377731, 22.94842918924886, 14.103391862213108, 0.0, 11.617231607757635, 18.680800806979665, 25.561626257514586, 30.07029367085187, 33.42938219677872, 28.689093690315786, 32.51019316130506, 40.450316953330415], [44.40664324649881, 32.48066911356516, 21.477070443798333, 11.617231607757635, 0.0, 10.651132632070405, 17.834418745201425, 23.83173388295541, 30.716231647770226, 30.079854685221832, 37.959811737300555, 47.56498982536547], [46.28685566898599, 33.88801785872589, 21.702739353163942, 18.680800806979665, 10.651132632070405, 0.0, 9.314237168149575, 19.423267505192584, 27.95004447379428, 24.682322174022218, 36.37344037935177, 46.97435733032721], [49.00860339732315, 37.173271003420915, 26.408233816688988, 25.561626257514586, 17.834418745201425, 9.314237168149575, 0.0, 11.861300922940325, 21.5814369603664, 22.15928480025621, 35.07153505312263, 46.21462021338629], [49.45660193707434, 39.04203322111974, 31.206568094381684, 30.07029367085187, 23.83173388295541, 19.423267505192584, 11.861300922940325, 0.0, 11.31982617884939, 23.02947271302482, 32.706358297797756, 43.49791109461632], [44.80459746031713, 36.47250409583895, 32.34266251416387, 33.42938219677872, 30.716231647770226, 27.95004447379428, 21.5814369603664, 11.31982617884939, 0.0, 21.326659500904, 26.14361732745107, 35.885443962219355], [32.55100584065516, 23.26796426829984, 19.030466255410506, 28.689093690315786, 30.079854685221832, 24.682322174022218, 22.15928480025621, 23.02947271302482, 21.326659500904, 0.0, 15.631472256455538, 26.333767039409327], [21.54285189378317, 17.652989204674345, 22.797039029063427, 32.51019316130506, 37.959811737300555, 36.37344037935177, 35.07153505312263, 32.706358297797756, 26.14361732745107, 15.631472256455538, 0.0, 11.211580478363699], [17.747297650572524, 21.04150422582233, 30.62056194785081, 40.450316953330415, 47.56498982536547, 46.97435733032721, 46.21462021338629, 43.49791109461632, 35.885443962219355, 26.333767039409327, 11.211580478363699, 0.0]]