[[0.0, 12.876248535407932, 25.859150470868705, 36.03901982677657, 42.22848728625398, 47.64377339846713, 48.920263552890695, 49.81194298864847, 45.3794790804231, 32.80121137471671, 21.382315028952267, 15.822294841788596], [12.876248535407932, 0.0, 13.19402634067729, 25.02464442567369, 29.93350047918354, 34.7882560175263, 36.38943183409289, 38.63686225164218, 35.49843579679596, 22.40833418897902, 14.86101260497228, 18.587967835033094], [25.859150470868705, 13.19402634067729, 0.0, 15.9294150941668, 18.02627151407803, 22.32218239577091, 25.670590997952708, 31.539194731327218, 31.23733562936514, 18.915810482009224, 20.206634470158832, 29.49402558012675], [36.03901982677657, 25.02464442567369, 15.9294150941668, 0.0, 9.675294811492101, 20.163649276891764, 28.535464945963046, 32.83076531999408, 34.582397028199104, 30.51796619575222, 33.38841223103588, 41.916124656631915], [42.22848728625398, 29.93350047918354, 18.02627151407803, 9.675294811492101, 0.0, 10.855861620920098, 20.524405183304825, 27.28689333616368, 31.069580807189144, 28.29779101850032, 34.91141139770362, 45.51955126214764], [47.64377339846713, 34.7882560175263, 22.32218239577091, 20.163649276891764, 10.855861620920098, 0.0, 10.97256820695055, 21.710106437152767, 27.386258646061936, 25.556101944481455, 35.69351517281644, 47.868067444851896], [48.920263552890695, 36.38943183409289, 25.670590997952708, 28.535464945963046, 20.524405183304825, 10.97256820695055, 0.0, 15.300772451537993, 21.150539618234003, 20.22989400480074, 32.70467047712696, 45.58779311895858], [49.81194298864847, 38.63686225164218, 31.539194731327218, 32.83076531999408, 27.28689333616368, 21.710106437152767, 15.300772451537993, 0.0, 8.334861242889048, 21.65510154041917, 32.17054734545005, 43.90803380815778], [45.3794790804231, 35.49843579679596, 31.23733562936514, 34.582397028199104, 31.069580807189144, 27.386258646061936, 21.150539618234003, 8.334861242889048, 0.0, 19.00950318570943, 27.18833872747958, 37.860903148563025], [32.80121137471671, 22.40833418897902, 18.915810482009224, 30.51796619575222, 28.29779101850032, 25.556101944481455, 20.22989400480074, 21.65510154041917, 19.00950318570943, 0.0, 13.209925796859302, 26.0523776427646], [21.382315028952267, 14.86101260497228, 20.206634470158832, 33.38841223103588, 34.91141139770362, 35.69351517281644, 32.70467047712696, 32.17054734545005, 27.18833872747958, 13.209925796859302, 0.0, 12.933556009881428], [15.822294841788596, 18.587967835033094, 29.49402558012675, 41.916124656631915, 45.51955126214764, 47.868067444851896, 45.58779311895858, 43.90803380815778, 37.860903148563025, 26.0523776427646, 12.933556009881428, 0.0]]