[[0.0, 13.739597912008964, 26.497681185890002, 35.876470674510024, 42.49952482571058, 45.91490680559869, 48.40755812256135, 49.40059134947397, 45.40623022321582, 33.069539184524814, 21.50210730275284, 16.74601303813284], [13.739597912008964, 0.0, 13.036534352638892, 25.463054483708213, 31.110777761571715, 32.586719222545675, 35.41497353148593, 38.61332577039027, 36.18499632690382, 22.362313496785678, 14.575205078461366, 19.914792366599002], [26.497681185890002, 13.036534352638892, 0.0, 16.561709346048886, 20.455993045662172, 20.24354160105731, 24.822792678732196, 31.63403191648123, 32.121151142836105, 19.719311518370233, 20.3460985403407, 30.76307665543409], [35.876470674510024, 25.463054483708213, 16.561709346048886, 0.0, 8.0282803357546, 19.38431684638705, 26.305616702590527, 31.751986815674165, 34.607934033936175, 30.311740199169463, 33.09133612366549, 42.18119451033919], [42.49952482571058, 31.110777761571715, 20.455993045662172, 8.0282803357546, 0.0, 14.204040526382942, 21.081780984242815, 27.241397888533875, 31.8686055555986, 30.409153939037733, 36.157148171527034, 46.653526168867714], [45.91490680559869, 32.586719222545675, 20.24354160105731, 19.38431684638705, 14.204040526382942, 0.0, 9.378975090266794, 21.815778891005497, 27.64727568890076, 24.388430690866745, 33.820177907227716, 46.59685514616553], [48.40755812256135, 35.41497353148593, 24.822792678732196, 26.305616702590527, 21.081780984242815, 9.378975090266794, 0.0, 14.431896916934582, 20.791018355213147, 20.782603642874438, 32.61053677687082, 45.760244737221264], [49.40059134947397, 38.61332577039027, 31.63403191648123, 31.751986815674165, 27.241397888533875, 21.815778891005497, 14.431896916934582, 0.0, 8.682431140310998, 20.822152006250512, 32.19597349554697, 43.58836703991161], [45.40623022321582, 36.18499632690382, 32.121151142836105, 34.607934033936175, 31.8686055555986, 27.64727568890076, 20.791018355213147, 8.682431140310998, 0.0, 17.64781655087892, 27.370396917184685, 37.41597481443888], [33.069539184524814, 22.362313496785678, 19.719311518370233, 30.311740199169463, 30.409153939037733, 24.388430690866745, 20.782603642874438, 20.822152006250512, 17.64781655087892, 0.0, 13.050821940415128, 26.08019301922071], [21.50210730275284, 14.575205078461366, 20.3460985403407, 33.09133612366549, 36.157148171527034, 33.820177907227716, 32.61053677687082, 32.19597349554697, 27.370396917184685, 13.050821940415128, 0.0, 13.501730430934622], [16.74601303813284, 19.914792366599002, 30.76307665543409, 42.18119451033919, 46.653526168867714, 46.59685514616553, 45.760244737221264, 43.58836703991161, 37.41597481443888, 26.08019301922071, 13.501730430934622, 0.0]]