[[0.0, 14.045866931223753, 26.9829440206607, 35.074337234571566, 43.09349441108384, 46.637216120944025, 49.080882548718, 50.51529899142978, 44.90073356234718, 35.30513069692756, 23.301188218175504, 17.733515168295426], [14.045866931223753, 0.0, 13.199044389628138, 23.53852204562007, 30.863996211716636, 32.900565934257514, 35.55879457059188, 38.88084107337358, 34.58243811100867, 24.05969787709626, 16.554688994040696, 20.659293053039086], [26.9829440206607, 13.199044389628138, 0.0, 13.73027745300917, 19.470977316416885, 20.470867307946044, 24.878987443705057, 31.307368545365957, 29.91723341283647, 20.862964510945034, 21.982059096354238, 31.463988299296723], [35.074337234571566, 23.53852204562007, 13.73027745300917, 0.0, 8.659646955977879, 18.373334356978486, 26.11333282892473, 30.92611132196503, 32.193594741517686, 29.680619010895917, 32.09509796383956, 41.04265669072568], [43.09349441108384, 30.863996211716636, 19.470977316416885, 8.659646955977879, 0.0, 13.177978912220986, 21.777436620082288, 27.029756642496746, 30.64568155993229, 30.996786578889832, 36.61439846980249, 47.076967247673785], [46.637216120944025, 32.900565934257514, 20.470867307946044, 18.373334356978486, 13.177978912220986, 0.0, 9.615764186059995, 20.16079027952332, 24.957699956366195, 24.15731766692474, 34.295707994799734, 46.95135989604285], [49.080882548718, 35.55879457059188, 24.878987443705057, 26.11333282892473, 21.777436620082288, 9.615764186059995, 0.0, 14.149634129341013, 19.129332742135702, 19.635922066674993, 32.39984936578246, 45.87637721280131], [50.51529899142978, 38.88084107337358, 31.307368545365957, 30.92611132196503, 27.029756642496746, 20.16079027952332, 14.149634129341013, 0.0, 8.985632171473132, 20.95682580082484, 31.70706397654942, 44.18699369709466], [44.90073356234718, 34.58243811100867, 29.91723341283647, 32.193594741517686, 30.64568155993229, 24.957699956366195, 19.129332742135702, 8.985632171473132, 0.0, 15.906464949539574, 24.619667627219687, 36.458096411135266], [35.30513069692756, 24.05969787709626, 20.862964510945034, 29.680619010895917, 30.996786578889832, 24.15731766692474, 19.635922066674993, 20.95682580082484, 15.906464949539574, 0.0, 14.231038612690854, 27.764490001741237], [23.301188218175504, 16.554688994040696, 21.982059096354238, 32.09509796383956, 36.61439846980249, 34.295707994799734, 32.39984936578246, 31.70706397654942, 24.619667627219687, 14.231038612690854, 0.0, 13.633959260219058], [17.733515168295426, 20.659293053039086, 31.463988299296723, 41.04265669072568, 47.076967247673785, 46.95135989604285, 45.87637721280131, 44.18699369709466, 36.458096411135266, 27.764490001741237, 13.633959260219058, 0.0]]