[[0.0, 13.920926849415956, 28.011194820916046, 36.49802971878666, 44.07649495144628, 47.27386987600433, 48.69711915389302, 51.226280443209326, 45.64250475509556, 32.22684517451818, 21.515074516649342, 16.873153851766954], [13.920926849415956, 0.0, 14.115753538971623, 24.7730531141015, 32.07300957621525, 34.46301869424365, 36.55009827603934, 41.42491193511752, 37.41436688092029, 23.155682320896524, 18.27083393570518, 22.659364825711908], [28.011194820916046, 14.115753538971623, 0.0, 16.830048567845488, 22.692441718906345, 23.464076761522183, 27.03243072189288, 35.618081474951985, 34.39173053558324, 21.72835973013117, 25.33043638226823, 34.30598968106884], [36.49802971878666, 24.7730531141015, 16.830048567845488, 0.0, 9.417860873853309, 16.478315733640652, 23.74174049985333, 32.563265641028885, 34.20248880044917, 28.53406619248862, 33.32345236112306, 43.642074434481685], [44.07649495144628, 32.07300957621525, 22.692441718906345, 9.417860873853309, 0.0, 9.193544197583432, 17.229084609581815, 26.588771836740428, 30.454367686546206, 29.021068223727035, 36.775191046452434, 48.697181070070016], [47.27386987600433, 34.46301869424365, 23.464076761522183, 16.478315733640652, 9.193544197583432, 0.0, 9.350986609717555, 21.24446854206706, 26.23061649976138, 25.999403668197534, 36.56971058257142, 49.49896588169993], [48.69711915389302, 36.55009827603934, 27.03243072189288, 23.74174049985333, 17.229084609581815, 9.350986609717555, 0.0, 13.031554275627908, 18.599083460529418, 21.732053747286244, 34.0776913785526, 47.662660009469704], [51.226280443209326, 41.42491193511752, 35.618081474951985, 32.563265641028885, 26.588771836740428, 21.24446854206706, 13.031554275627908, 0.0, 9.021130444801416, 21.804895835952216, 33.07838208332195, 46.46677050292671], [45.64250475509556, 37.41436688092029, 34.39173053558324, 34.20248880044917, 30.454367686546206, 26.23061649976138, 18.599083460529418, 9.021130444801416, 0.0, 16.191580508379694, 25.927189995648146, 38.80638608160976], [32.22684517451818, 23.155682320896524, 21.72835973013117, 28.53406619248862, 29.021068223727035, 25.999403668197534, 21.732053747286244, 21.804895835952216, 16.191580508379694, 0.0, 13.589029344589553, 26.936015124190472], [21.515074516649342, 18.27083393570518, 25.33043638226823, 33.32345236112306, 36.775191046452434, 36.56971058257142, 34.0776913785526, 33.07838208332195, 25.927189995648146, 13.589029344589553, 0.0, 13.687416945015372], [16.873153851766954, 22.659364825711908, 34.30598968106884, 43.642074434481685, 48.697181070070016, 49.49896588169993, 47.662660009469704, 46.46677050292671, 38.80638608160976, 26.936015124190472, 13.687416945015372, 0.0]]