[[0.0, 13.585812848944226, 27.005333841188, 35.19972625584595, 43.003211214562114, 46.82422356692549, 49.032970836606566, 50.869767970611726, 44.92207782556236, 35.097953756368774, 23.00494685350803, 17.70453123205537], [13.585812848944226, 0.0, 13.596511755689912, 22.720735151201087, 30.62207864219754, 33.333929746384854, 35.940804059978575, 39.70703159027818, 34.50269875562035, 24.254268863242796, 16.57324880565066, 20.524222252853875], [27.005333841188, 13.596511755689912, 0.0, 11.382109913392195, 19.41417498770218, 20.783398284030717, 25.2668427621992, 32.91544875637288, 29.855424495259886, 20.770913406643558, 22.181221132254215, 31.598896735592938], [35.19972625584595, 22.720735151201087, 11.382109913392195, 0.0, 9.01402300647996, 16.54983850475073, 23.867347466584402, 31.015125253903715, 31.094697835593724, 27.242242616126923, 30.816983086556895, 40.5856739070463], [43.003211214562114, 30.62207864219754, 19.41417498770218, 9.01402300647996, 0.0, 13.53612901515607, 21.171747984557417, 27.016755259886153, 29.64961046508215, 30.072154370583398, 35.92623320897627, 46.62761825057965], [46.82422356692549, 33.333929746384854, 20.783398284030717, 16.54983850475073, 13.53612901515607, 0.0, 9.29889987654459, 21.9411061763824, 24.067345878549613, 23.498200532449246, 34.18040597831848, 46.849064932024085], [49.032970836606566, 35.940804059978575, 25.2668427621992, 23.867347466584402, 21.171747984557417, 9.29889987654459, 0.0, 15.904902640619122, 17.524766692786816, 19.310347976778804, 32.28509495862289, 45.59138082221975], [50.869767970611726, 39.70703159027818, 32.91544875637288, 31.015125253903715, 27.016755259886153, 21.9411061763824, 15.904902640619122, 0.0, 8.929960631532985, 22.535935836499938, 32.21682880117268, 44.29283295572432], [44.92207782556236, 34.50269875562035, 29.855424495259886, 31.094697835593724, 29.64961046508215, 24.067345878549613, 17.524766692786816, 8.929960631532985, 0.0, 15.343293785327095, 24.453904572060246, 36.502548631056186], [35.097953756368774, 24.254268863242796, 20.770913406643558, 27.242242616126923, 30.072154370583398, 23.498200532449246, 19.310347976778804, 22.535935836499938, 15.343293785327095, 0.0, 14.48964774751146, 27.706435803889626], [23.00494685350803, 16.57324880565066, 22.181221132254215, 30.816983086556895, 35.92623320897627, 34.18040597831848, 32.28509495862289, 32.21682880117268, 24.453904572060246, 14.48964774751146, 0.0, 13.385024551718127], [17.70453123205537, 20.524222252853875, 31.598896735592938, 40.5856739070463, 46.62761825057965, 46.849064932024085, 45.59138082221975, 44.29283295572432, 36.502548631056186, 27.706435803889626, 13.385024551718127, 0.0]]