[[0.0, 15.193958609215313, 28.741134582509456, 36.43178903275661, 42.911529660980655, 47.031866446280475, 48.75855992520586, 50.572363166808856, 46.351896427761076, 32.01863825860119, 21.541971013494862, 18.540371196497386], [15.193958609215313, 0.0, 13.807357440899576, 26.658696589311504, 31.759221778160654, 34.621482375004845, 36.879084991629526, 41.152069421393726, 38.85703416089964, 23.231078844063095, 19.054073714592924, 25.589057072503746], [28.741134582509456, 13.807357440899576, 0.0, 20.292108316055135, 23.015467809984766, 24.604383822697898, 28.643936953200182, 36.391290721102955, 36.97614150596011, 23.44578816497626, 26.823511019232846, 37.265493691161254], [36.43178903275661, 26.658696589311504, 20.292108316055135, 0.0, 8.494627898464591, 16.88131346333697, 24.8245152335215, 32.64878829814816, 34.87293701190673, 28.6069968424031, 33.14508046925073, 43.09856177709137], [42.911529660980655, 31.759221778160654, 23.015467809984766, 8.494627898464591, 0.0, 9.094503727343291, 18.20222409757297, 27.43198326145605, 31.473877138751796, 28.211793930827476, 35.861167359497315, 47.373486738501846], [47.031866446280475, 34.621482375004845, 24.604383822697898, 16.88131346333697, 9.094503727343291, 0.0, 10.361415575893334, 21.515485691758904, 27.129885132167846, 25.989364972520796, 36.408177921479655, 49.26738388468904], [48.75855992520586, 36.879084991629526, 28.643936953200182, 24.8245152335215, 18.20222409757297, 10.361415575893334, 0.0, 12.087868589003651, 18.652661845471414, 21.439323358810693, 33.81500527168123, 47.24693164266094], [50.572363166808856, 41.152069421393726, 36.391290721102955, 32.64878829814816, 27.43198326145605, 21.515485691758904, 12.087868589003651, 0.0, 8.451240073648712, 20.262004936511808, 32.045303581362965, 44.53721680815972], [46.351896427761076, 38.85703416089964, 36.97614150596011, 34.87293701190673, 31.473877138751796, 27.129885132167846, 18.652661845471414, 8.451240073648712, 0.0, 16.43998951804499, 26.359664893197795, 37.87896965914439], [32.01863825860119, 23.231078844063095, 23.44578816497626, 28.6069968424031, 28.211793930827476, 25.989364972520796, 21.439323358810693, 20.262004936511808, 16.43998951804499, 0.0, 13.252333226605238, 26.93530362131146], [21.541971013494862, 19.054073714592924, 26.823511019232846, 33.14508046925073, 35.861167359497315, 36.408177921479655, 33.81500527168123, 32.045303581362965, 26.359664893197795, 13.252333226605238, 0.0, 13.811642635536474], [18.540371196497386, 25.589057072503746, 37.265493691161254, 43.09856177709137, 47.373486738501846, 49.26738388468904, 47.24693164266094, 44.53721680815972, 37.87896965914439, 26.93530362131146, 13.811642635536474, 0.0]]