[[0.0, 14.208409012997235, 28.323298128819147, 37.648545155620916, 43.955068650420586, 48.034178571229575, 49.751877001795705, 50.95644436863904, 47.20627200740161, 32.96219797790689, 22.070322006010016, 18.206260670560386], [14.208409012997235, 0.0, 14.133656895770784, 27.477191075914767, 32.310916702859636, 35.57604860107167, 37.93765747103471, 41.21570313894626, 39.52159811449094, 23.80758006116157, 18.260844527158678, 24.65242308878255], [28.323298128819147, 14.133656895770784, 0.0, 22.034605923272807, 23.648982617175832, 25.357352759180536, 29.04044826049999, 35.46995765051232, 36.87116121554855, 22.166587116056206, 24.83099215586409, 36.29657061463375], [37.648545155620916, 27.477191075914767, 22.034605923272807, 0.0, 8.976200735149803, 17.56783547050028, 25.365537217159382, 31.487133923719522, 34.55421679031533, 29.32303377070016, 33.28267177486977, 43.594031990878534], [43.955068650420586, 32.310916702859636, 23.648982617175832, 8.976200735149803, 0.0, 9.144879501794652, 18.31666177717452, 26.195956178497497, 31.352863854638514, 28.414513804917057, 35.75977932833161, 48.07824518015682], [48.034178571229575, 35.57604860107167, 25.357352759180536, 17.56783547050028, 9.144879501794652, 0.0, 10.312855232235833, 20.096994195762235, 26.96560059864623, 25.883071859481166, 36.08820927523726, 49.95277903470037], [49.751877001795705, 37.93765747103471, 29.04044826049999, 25.365537217159382, 18.31666177717452, 10.312855232235833, 0.0, 10.916767259477002, 18.764069440505757, 21.402366913105897, 33.591719871061514, 48.10171625845601], [50.95644436863904, 41.21570313894626, 35.46995765051232, 31.487133923719522, 26.195956178497497, 20.096994195762235, 10.916767259477002, 0.0, 9.176379085151664, 20.396270942953734, 31.910868402429628, 45.402456581948705], [47.20627200740161, 39.52159811449094, 36.87116121554855, 34.55421679031533, 31.352863854638514, 26.96560059864623, 18.764069440505757, 9.176379085151664, 0.0, 17.51870069799168, 26.753763085647808, 38.87804807434387], [32.96219797790689, 23.80758006116157, 22.166587116056206, 29.32303377070016, 28.414513804917057, 25.883071859481166, 21.402366913105897, 20.396270942953734, 17.51870069799168, 0.0, 13.246721991566101, 28.234404435505713], [22.070322006010016, 18.260844527158678, 24.83099215586409, 33.28267177486977, 35.75977932833161, 36.08820927523726, 33.591719871061514, 31.910868402429628, 26.753763085647808, 13.246721991566101, 0.0, 15.142797922632194], [18.206260670560386, 24.65242308878255, 36.29657061463375, 43.594031990878534, 48.07824518015682, 49.95277903470037, 48.10171625845601, 45.402456581948705, 38.87804807434387, 28.234404435505713, 15.142797922632194, 0.0]]