[[0.0, 13.429452948288102, 26.2672712333905, 35.95956428040915, 42.44540564861371, 45.89253253229713, 48.40161260317841, 49.35429109878878, 45.50143809436297, 32.48035327537224, 21.095132405942774, 15.70406036082099], [13.429452948288102, 0.0, 13.057044143607545, 25.57655278646591, 30.926947973282214, 32.66065965113862, 35.47911281497454, 38.49969491918705, 36.291282545865606, 21.644033220356043, 14.573364295599317, 18.845640946708418], [26.2672712333905, 13.057044143607545, 0.0, 16.92919200432014, 20.205601815945517, 20.24096943528284, 24.79662362598993, 31.533298065513936, 32.35219191729285, 18.64418857372495, 20.48945564173253, 29.902939621017882], [35.95956428040915, 25.57655278646591, 16.92919200432014, 0.0, 8.143454058659257, 20.304996384346417, 27.035565953701227, 31.739219431314407, 34.58924626336492, 29.88107906425397, 32.943534993858876, 41.69705798584938], [42.44540564861371, 30.926947973282214, 20.205601815945517, 8.143454058659257, 0.0, 14.61252220321629, 21.420545015065397, 27.20488983811153, 31.91733057674206, 29.690972720097882, 35.812456466749744, 46.13995509538469], [45.89253253229713, 32.66065965113862, 20.24096943528284, 20.304996384346417, 14.61252220321629, 0.0, 9.354206507327813, 22.19698423545967, 28.403879749194562, 23.701949657354906, 34.00163051954187, 46.20911498356515], [48.40161260317841, 35.47911281497454, 24.79662362598993, 27.035565953701227, 21.420545015065397, 9.354206507327813, 0.0, 15.145340653842126, 21.892344473181964, 20.464991452231448, 32.79916920740995, 45.605455930625006], [49.35429109878878, 38.49969491918705, 31.533298065513936, 31.739219431314407, 27.20488983811153, 22.19698423545967, 15.145340653842126, 0.0, 8.885058605277619, 21.297554026516213, 31.869856005980413, 43.730276857406196], [45.50143809436297, 36.291282545865606, 32.35219191729285, 34.58924626336492, 31.91733057674206, 28.403879749194562, 21.892344473181964, 8.885058605277619, 0.0, 19.09624416209913, 27.204159970919964, 37.91899236093072], [32.48035327537224, 21.644033220356043, 18.64418857372495, 29.88107906425397, 29.690972720097882, 23.701949657354906, 20.464991452231448, 21.297554026516213, 19.09624416209913, 0.0, 13.228879720685683, 25.987125200897943], [21.095132405942774, 14.573364295599317, 20.48945564173253, 32.943534993858876, 35.812456466749744, 34.00163051954187, 32.79916920740995, 31.869856005980413, 27.204159970919964, 13.228879720685683, 0.0, 12.86204890108874], [15.70406036082099, 18.845640946708418, 29.902939621017882, 41.69705798584938, 46.13995509538469, 46.20911498356515, 45.605455930625006, 43.730276857406196, 37.91899236093072, 25.987125200897943, 12.86204890108874, 0.0]]