[[0.0, 14.948959743970745, 28.5343393897092, 36.20692995097452, 42.927194863222006, 48.0451413262947, 49.76672714110291, 50.52000914848662, 47.00705934537011, 32.151802630984754, 21.393405557817253, 19.586393156589196], [14.948959743970745, 0.0, 13.818766263775363, 26.12362977160039, 31.797517773166476, 35.65758545303528, 37.73235126179235, 40.86011799227621, 39.49641649825529, 22.559129544543072, 17.794625489301932, 26.11372997754327], [28.5343393897092, 13.818766263775363, 0.0, 19.548047448571076, 23.089737435330136, 25.53424894415086, 29.15549360942358, 35.92283102379323, 37.69179564437217, 22.14076024464788, 25.42677232019664, 37.6672409493429], [36.20692995097452, 26.12362977160039, 19.548047448571076, 0.0, 7.961217562508004, 16.808775341255803, 24.47101347189055, 31.61812073742579, 34.9589772966079, 27.897906150477493, 32.347051597577085, 43.156837608882284], [42.927194863222006, 31.797517773166476, 23.089737435330136, 7.961217562508004, 0.0, 9.652362428019428, 18.598600988428704, 27.27292492999328, 32.433952461781054, 28.458179292788035, 35.76562457930958, 47.807619521975084], [48.0451413262947, 35.65758545303528, 25.53424894415086, 16.808775341255803, 9.652362428019428, 0.0, 10.309227963734726, 21.298678871359463, 28.34130368901858, 26.728325706041616, 37.03865349547107, 50.50011759660289], [49.76672714110291, 37.73235126179235, 29.15549360942358, 24.47101347189055, 18.598600988428704, 10.309227963734726, 0.0, 12.195972763501642, 20.216879577451063, 22.41815220897375, 34.621915160415675, 48.46032747195752], [50.52000914848662, 40.86011799227621, 35.92283102379323, 31.61812073742579, 27.27292492999328, 21.298678871359463, 12.195972763501642, 0.0, 9.180027970349334, 20.81522276893363, 32.15840223277173, 44.458989728187156], [47.00705934537011, 39.49641649825529, 37.69179564437217, 34.9589772966079, 32.433952461781054, 28.34130368901858, 20.216879577451063, 9.180027970349334, 0.0, 18.363518577236903, 27.26636899265674, 37.88880176292318], [32.151802630984754, 22.559129544543072, 22.14076024464788, 27.897906150477493, 28.458179292788035, 26.728325706041616, 22.41815220897375, 20.81522276893363, 18.363518577236903, 0.0, 13.294239060449984, 27.783497764823604], [21.393405557817253, 17.794625489301932, 25.42677232019664, 32.347051597577085, 35.76562457930958, 37.03865349547107, 34.621915160415675, 32.15840223277173, 27.26636899265674, 13.294239060449984, 0.0, 14.857180056783253], [19.586393156589196, 26.11372997754327, 37.6672409493429, 43.156837608882284, 47.807619521975084, 50.50011759660289, 48.46032747195752, 44.458989728187156, 37.88880176292318, 27.783497764823604, 14.857180056783253, 0.0]]