[[0.0, 13.447395452709978, 26.997496025034174, 35.263779579872946, 42.99532133729933, 46.7236194956394, 48.560399657375086, 49.95828083682649, 45.45135528650987, 35.00385204598427, 22.985890375173444, 17.71238705146054], [13.447395452709978, 0.0, 13.73584644613826, 22.737974268330525, 30.639381495261585, 33.34138276838429, 35.56789571854918, 38.81928966828736, 35.42462500089244, 24.300227132743554, 16.59637663303427, 20.444371083228113], [26.997496025034174, 13.73584644613826, 0.0, 11.185438352645104, 19.577591160000324, 20.74186712585504, 24.776281453209762, 32.24568770540118, 31.360404043832673, 20.743097942293694, 22.1962329748583, 31.56952335148231], [35.263779579872946, 22.737974268330525, 11.185438352645104, 0.0, 9.309418347783225, 16.16803880699159, 23.895613318629135, 30.710341647092577, 32.389409198804124, 27.045671600126052, 30.8069031613044, 40.61697219102796], [42.99532133729933, 30.639381495261585, 19.577591160000324, 9.309418347783225, 0.0, 13.536360928969534, 22.278029377594798, 26.943621519018745, 30.67977831819236, 30.134359540996414, 35.972930191292726, 46.63052275920045], [46.7236194956394, 33.34138276838429, 20.74186712585504, 16.16803880699159, 13.536360928969534, 0.0, 9.81987924552181, 21.652505708113765, 25.715633138712043, 23.509974444401443, 34.12601337335226, 46.737520484471844], [48.560399657375086, 35.56789571854918, 24.776281453209762, 23.895613318629135, 22.278029377594798, 9.81987924552181, 0.0, 17.07347961117443, 20.274978855662734, 18.511102084308515, 31.757447905108197, 45.03834887668438], [49.95828083682649, 38.81928966828736, 32.24568770540118, 30.710341647092577, 26.943621519018745, 21.652505708113765, 17.07347961117443, 0.0, 7.9393560516232045, 21.435952808718486, 31.17000191568544, 43.261072692901706], [45.45135528650987, 35.42462500089244, 31.360404043832673, 32.389409198804124, 30.67977831819236, 25.715633138712043, 20.274978855662734, 7.9393560516232045, 0.0, 17.051057778427705, 25.14366104300076, 36.710100986220155], [35.00385204598427, 24.300227132743554, 20.743097942293694, 27.045671600126052, 30.134359540996414, 23.509974444401443, 18.511102084308515, 21.435952808718486, 17.051057778427705, 0.0, 14.401816938975232, 27.558592295400466], [22.985890375173444, 16.59637663303427, 22.1962329748583, 30.8069031613044, 35.972930191292726, 34.12601337335226, 31.757447905108197, 31.17000191568544, 25.14366104300076, 14.401816938975232, 0.0, 13.325900485373737], [17.71238705146054, 20.444371083228113, 31.56952335148231, 40.61697219102796, 46.63052275920045, 46.737520484471844, 45.03834887668438, 43.261072692901706, 36.710100986220155, 27.558592295400466, 13.325900485373737, 0.0]]