[[0.0, 14.097969898737691, 27.039136575819352, 35.07619938279894, 43.09266926866311, 46.66092478216436, 49.0348290793308, 50.50440474522013, 44.88026163485262, 35.16473133765468, 23.235942260367104, 17.716112263972867], [14.097969898737691, 0.0, 13.208103853830115, 23.537694364490697, 30.873367596457243, 32.89300080224185, 35.490175942649195, 38.89093928209961, 34.63042653753901, 23.913934123377214, 16.542096974584148, 20.736052530088124], [27.039136575819352, 13.208103853830115, 0.0, 13.759316183570066, 19.52297449431941, 20.461229445805177, 24.815204531193732, 31.357320976410627, 30.043237962383284, 20.779933098222642, 22.037391009140304, 31.56466019257242], [35.07619938279894, 23.537694364490697, 13.759316183570066, 0.0, 8.648578732345852, 18.36761150422912, 25.97643298930692, 30.901964046208988, 32.17253383877361, 29.487419056203787, 32.03998686536003, 41.04319002770157], [43.09266926866311, 30.873367596457243, 19.52297449431941, 8.648578732345852, 0.0, 13.240390224859803, 21.678173812802864, 27.018889686585016, 30.641844483744023, 30.86047585062468, 36.58735470272321, 47.084192722991546], [46.66092478216436, 32.89300080224185, 20.461229445805177, 18.36761150422912, 13.240390224859803, 0.0, 9.546862171678137, 20.253030717037415, 25.139397451723084, 24.143002477613468, 34.34983968502282, 47.02588004431534], [49.0348290793308, 35.490175942649195, 24.815204531193732, 25.97643298930692, 21.678173812802864, 9.546862171678137, 0.0, 14.134556601314875, 19.271192617478505, 19.66010110078738, 32.421694192971074, 45.89948879783267], [50.50440474522013, 38.89093928209961, 31.357320976410627, 30.901964046208988, 27.018889686585016, 20.253030717037415, 14.134556601314875, 0.0, 9.026003023495727, 20.855484498831164, 31.703930279393344, 44.19750210354486], [44.88026163485262, 34.63042653753901, 30.043237962383284, 32.17253383877361, 30.641844483744023, 25.139397451723084, 19.271192617478505, 9.026003023495727, 0.0, 15.906701518502103, 24.64836531937861, 36.458914336277516], [35.16473133765468, 23.913934123377214, 20.779933098222642, 29.487419056203787, 30.86047585062468, 24.143002477613468, 19.66010110078738, 20.855484498831164, 15.906701518502103, 0.0, 14.16254999439017, 27.698583691003027], [23.235942260367104, 16.542096974584148, 22.037391009140304, 32.03998686536003, 36.58735470272321, 34.34983968502282, 32.421694192971074, 31.703930279393344, 24.64836531937861, 14.16254999439017, 0.0, 13.63171176397425], [17.716112263972867, 20.736052530088124, 31.56466019257242, 41.04319002770157, 47.084192722991546, 47.02588004431534, 45.89948879783267, 44.19750210354486, 36.458914336277516, 27.698583691003027, 13.63171176397425, 0.0]]