[[0.0, 13.090732259016299, 26.08516512040146, 36.46547093856846, 42.36442269058854, 47.390615617879234, 49.2209117923534, 49.31866492535765, 44.70374832891839, 32.380714113023664, 21.061993355260014, 15.706468335011344], [13.090732259016299, 0.0, 13.180029949076179, 26.142246701031667, 30.432521794798767, 34.5364372217655, 36.488307182565975, 38.200459527909736, 34.85762679565555, 21.768735034516222, 14.579314655947137, 18.69652289107084], [26.08516512040146, 13.180029949076179, 0.0, 17.990376538803737, 19.234237339023373, 22.276032170879645, 25.692114200927744, 31.11359099115145, 30.539214043402506, 18.661296738373704, 20.422872948806248, 29.78318029078132], [36.46547093856846, 26.142246701031667, 17.990376538803737, 0.0, 9.521438618640621, 19.936449337354457, 28.4050758636879, 32.90514335457265, 34.606732091712, 31.23915892260944, 34.09054905976537, 42.57226299652544], [42.36442269058854, 30.432521794798767, 19.234237339023373, 9.521438618640621, 0.0, 10.798950497343805, 20.37807627033087, 27.20736812552949, 30.828850942537024, 29.091745782431005, 35.542374733644195, 46.02534506940373], [47.390615617879234, 34.5364372217655, 22.276032170879645, 19.936449337354457, 10.798950497343805, 0.0, 10.70611858442293, 21.212843207480226, 26.636377470660193, 26.17396147751681, 36.08068320935934, 48.107865692553496], [49.2209117923534, 36.488307182565975, 25.692114200927744, 28.4050758636879, 20.37807627033087, 10.70611858442293, 0.0, 13.884475255875895, 19.87909811806531, 21.481499693655795, 33.72738969021307, 46.48646615694233], [49.31866492535765, 38.200459527909736, 31.11359099115145, 32.90514335457265, 27.20736812552949, 21.212843207480226, 13.884475255875895, 0.0, 8.163800070245099, 20.752765485963984, 31.694508520005996, 43.669958141019066], [44.70374832891839, 34.85762679565555, 30.539214043402506, 34.606732091712, 30.828850942537024, 26.636377470660193, 19.87909811806531, 8.163800070245099, 0.0, 17.145254690732305, 26.174638328670504, 37.343397821350166], [32.380714113023664, 21.768735034516222, 18.661296738373704, 31.23915892260944, 29.091745782431005, 26.17396147751681, 21.481499693655795, 20.752765485963984, 17.145254690732305, 0.0, 13.160804016047534, 25.886520303233606], [21.061993355260014, 14.579314655947137, 20.422872948806248, 34.09054905976537, 35.542374733644195, 36.08068320935934, 33.72738969021307, 31.694508520005996, 26.174638328670504, 13.160804016047534, 0.0, 12.826988442895042], [15.706468335011344, 18.69652289107084, 29.78318029078132, 42.57226299652544, 46.02534506940373, 48.107865692553496, 46.48646615694233, 43.669958141019066, 37.343397821350166, 25.886520303233606, 12.826988442895042, 0.0]]