[[0.0, 14.63166911562314, 28.90136772947407, 36.39978323705803, 42.92718278324356, 47.12781822643939, 48.82552052748482, 49.96940119708369, 46.22632187276282, 32.06892649162497, 21.457562805431074, 17.998600384940964], [14.63166911562314, 0.0, 14.289940121512654, 25.494093879604563, 31.15750221313368, 34.478226505489474, 36.979314592074665, 40.36086942156763, 38.818050103396146, 23.568365186543208, 18.895693380332013, 24.823952365182564], [28.90136772947407, 14.289940121512654, 0.0, 19.41451213562097, 22.64012795663494, 24.288055106188015, 28.36365922109158, 34.99719841365397, 36.65141917919486, 23.201374048765235, 26.414794420693376, 36.655887769956], [36.39978323705803, 25.494093879604563, 19.41451213562097, 0.0, 8.421374226625545, 16.7600777272092, 24.74717085016103, 31.61588128293042, 34.971165745525916, 28.534969032327073, 33.147197356628084, 43.091839662526056], [42.92718278324356, 31.15750221313368, 22.64012795663494, 8.421374226625545, 0.0, 9.147033280972195, 18.2101044395583, 26.27241467374225, 31.482829549446695, 28.20021196477456, 35.84998507120287, 47.28823050316708], [47.12781822643939, 34.478226505489474, 24.288055106188015, 16.7600777272092, 9.147033280972195, 0.0, 10.363879535878155, 20.310762190643416, 27.205181011873623, 26.009639665799234, 36.41170753735762, 49.182384728340956], [48.82552052748482, 36.979314592074665, 28.36365922109158, 24.74717085016103, 18.2101044395583, 10.363879535878155, 0.0, 10.869642548025856, 18.72813040841293, 21.448463749534806, 33.81129409824568, 47.156809984666836], [49.96940119708369, 40.36086942156763, 34.99719841365397, 31.61588128293042, 26.27241467374225, 20.310762190643416, 10.869642548025856, 0.0, 9.18082983467012, 19.79236246662861, 31.79495948216644, 44.40135071188216], [46.22632187276282, 38.818050103396146, 36.65141917919486, 34.971165745525916, 31.482829549446695, 27.205181011873623, 18.72813040841293, 9.18082983467012, 0.0, 16.38453581432309, 26.37829247314846, 37.865003867299144], [32.06892649162497, 23.568365186543208, 23.201374048765235, 28.534969032327073, 28.20021196477456, 26.009639665799234, 21.448463749534806, 19.79236246662861, 16.38453581432309, 0.0, 13.191157312116513, 26.731830054619362], [21.457562805431074, 18.895693380332013, 26.414794420693376, 33.147197356628084, 35.84998507120287, 36.41170753735762, 33.81129409824568, 31.79495948216644, 26.37829247314846, 13.191157312116513, 0.0, 13.662865275778943], [17.998600384940964, 24.823952365182564, 36.655887769956, 43.091839662526056, 47.28823050316708, 49.182384728340956, 47.156809984666836, 44.40135071188216, 37.865003867299144, 26.731830054619362, 13.662865275778943, 0.0]]