[[0.0, 12.81100237712807, 26.227635115185624, 36.91988983541709, 42.55220639313569, 47.264322381856985, 48.89656318662301, 48.8394619277755, 44.1254533777529, 31.97633813713487, 20.228028158689195, 15.650669841293087], [12.81100237712807, 0.0, 13.579031183648004, 26.14867253828463, 30.45782930237145, 34.5434386229865, 36.564888366105286, 38.06148729314378, 34.68922138993269, 22.423433551352318, 14.609449340705554, 19.52399976333656], [26.227635115185624, 13.579031183648004, 0.0, 19.67144886601233, 20.306319061857963, 22.354345014472383, 25.150379027266588, 30.57879942518641, 29.97278482819241, 18.812344997743956, 19.749096770723995, 30.130686731352192], [36.91988983541709, 26.14867253828463, 19.67144886601233, 0.0, 9.472661388181361, 20.02786608500591, 28.757128169899662, 32.99890933947816, 34.64705795902372, 31.732444784460586, 34.288407832808694, 43.195646587992044], [42.55220639313569, 30.45782930237145, 20.306319061857963, 9.472661388181361, 0.0, 10.960484706271435, 20.76225630357286, 27.182391941326888, 30.760304413382922, 29.660326810510536, 35.66808564376598, 46.520080455765196], [47.264322381856985, 34.5434386229865, 22.354345014472383, 20.02786608500591, 10.960484706271435, 0.0, 10.866235527077121, 20.979035284233284, 26.437972490198923, 26.714543234204143, 36.06660554944706, 48.42706316702999], [48.89656318662301, 36.564888366105286, 25.150379027266588, 28.757128169899662, 20.76225630357286, 10.866235527077121, 0.0, 13.78593035111617, 19.85744585417908, 21.832082470944474, 33.71783214948413, 46.66545875306196], [48.8394619277755, 38.06148729314378, 30.57879942518641, 32.99890933947816, 27.182391941326888, 20.979035284233284, 13.78593035111617, 0.0, 8.181596397563617, 19.70608011548159, 31.63771070417892, 43.45085831661199], [44.1254533777529, 34.68922138993269, 29.97278482819241, 34.64705795902372, 30.760304413382922, 26.437972490198923, 19.85744585417908, 8.181596397563617, 0.0, 15.515678339328032, 26.13453049161951, 36.97711196916501], [31.97633813713487, 22.423433551352318, 18.812344997743956, 31.732444784460586, 29.660326810510536, 26.714543234204143, 21.832082470944474, 19.70608011548159, 15.515678339328032, 0.0, 13.024485344195558, 25.679088317776877], [20.228028158689195, 14.609449340705554, 19.749096770723995, 34.288407832808694, 35.66808564376598, 36.06660554944706, 33.71783214948413, 31.63771070417892, 26.13453049161951, 13.024485344195558, 0.0, 13.027907750554654], [15.650669841293087, 19.52399976333656, 30.130686731352192, 43.195646587992044, 46.520080455765196, 48.42706316702999, 46.66545875306196, 43.45085831661199, 36.97711196916501, 25.679088317776877, 13.027907750554654, 0.0]]