[[0.0, 13.20189622144323, 26.657100464559775, 32.261466780204614, 40.00603961229399, 44.49985198273641, 46.78440104247591, 46.89746381372697, 43.087964649716525, 33.94400036664066, 22.622118847032986, 17.707977170251297], [13.20189622144323, 0.0, 13.662626597015889, 21.046540857754483, 27.775160461083733, 31.331030368162327, 34.17869966069125, 35.567429330377465, 33.77208528173085, 23.597143059325976, 16.59960791405743, 20.960060516907912], [26.657100464559775, 13.662626597015889, 0.0, 13.019164154888479, 16.8185427568554, 18.406141204952657, 23.44318888872591, 28.8070640452015, 31.051054714177422, 20.636913130479424, 22.42388088071291, 32.13593384988965], [32.261466780204614, 21.046540857754483, 13.019164154888479, 0.0, 9.10999965990461, 22.010221209610343, 30.012783579633215, 31.862474928832537, 34.379652862599656, 29.090460053323135, 30.920202011617366, 40.141395596590016], [40.00603961229399, 27.775160461083733, 16.8185427568554, 9.10999965990461, 0.0, 16.319614269052963, 25.067484969428204, 27.116967488446527, 31.912937774722163, 28.499949684259533, 34.102503127321214, 45.32858096075871], [44.49985198273641, 31.331030368162327, 18.406141204952657, 22.010221209610343, 16.319614269052963, 0.0, 10.08849007350902, 21.53174179763646, 29.45537380017588, 22.68695709769686, 33.03420143307469, 45.84340124444123], [46.78440104247591, 34.17869966069125, 23.44318888872591, 30.012783579633215, 25.067484969428204, 10.08849007350902, 0.0, 17.54572389635683, 25.79078308521961, 18.6217373438738, 31.22030813539549, 44.433431487853085], [46.89746381372697, 35.567429330377465, 28.8070640452015, 31.862474928832537, 27.116967488446527, 21.53174179763646, 17.54572389635683, 0.0, 10.270940139145052, 15.68606227423119, 27.60455218618185, 41.163034198499176], [43.087964649716525, 33.77208528173085, 31.051054714177422, 34.379652862599656, 31.912937774722163, 29.45537380017588, 25.79078308521961, 10.270940139145052, 0.0, 14.937038038210716, 22.646995411092703, 34.90825531511095], [33.94400036664066, 23.597143059325976, 20.636913130479424, 29.090460053323135, 28.499949684259533, 22.68695709769686, 18.6217373438738, 15.68606227423119, 14.937038038210716, 0.0, 13.708712282138029, 27.312367209848325], [22.622118847032986, 16.59960791405743, 22.42388088071291, 30.920202011617366, 34.102503127321214, 33.03420143307469, 31.22030813539549, 27.60455218618185, 22.646995411092703, 13.708712282138029, 0.0, 13.842652412753344], [17.707977170251297, 20.960060516907912, 32.13593384988965, 40.141395596590016, 45.32858096075871, 45.84340124444123, 44.433431487853085, 41.163034198499176, 34.90825531511095, 27.312367209848325, 13.842652412753344, 0.0]]