[[0.0, 14.377368155266318, 28.742498261094315, 37.46850368990429, 44.03328099013991, 48.18526598835489, 49.8670238601646, 51.11994278490966, 47.187928725681125, 33.134950519791424, 22.105690570981533, 17.27780064589362], [14.377368155266318, 0.0, 14.384627264466673, 26.18130885700684, 32.13090103566377, 35.60243220211679, 38.07094924379632, 41.501382741627516, 39.438934916532084, 23.752854550888948, 18.215452868069242, 23.323856535966044], [28.742498261094315, 14.384627264466673, 0.0, 19.344024172073844, 23.316498638711884, 25.411095779787704, 29.432411673598512, 36.12970464355485, 36.9527625194176, 22.08965194296818, 25.02713914270486, 35.193358845294206], [37.46850368990429, 26.18130885700684, 19.344024172073844, 0.0, 8.393007040956535, 16.479446125973443, 24.628318738706238, 31.91611748005985, 35.1673266704482, 28.703533145451573, 33.150492665499755, 43.71552512880212], [44.03328099013991, 32.13090103566377, 23.316498638711884, 8.393007040956535, 0.0, 8.912023245191017, 18.14556408692138, 26.543610084527536, 31.55559770436676, 28.403354278449456, 35.82808889174172, 47.92818592124919], [48.18526598835489, 35.60243220211679, 25.411095779787704, 16.479446125973443, 8.912023245191017, 0.0, 10.408664086442888, 20.57455417141944, 27.016197264996016, 25.92793884874967, 36.18176147268834, 49.60379982700205], [49.8670238601646, 38.07094924379632, 29.432411673598512, 24.628318738706238, 18.14556408692138, 10.408664086442888, 0.0, 11.124171047488034, 18.35652546081218, 21.504997603914624, 33.613735770939705, 47.64426358846355], [51.11994278490966, 41.501382741627516, 36.12970464355485, 31.91611748005985, 26.543610084527536, 20.57455417141944, 11.124171047488034, 0.0, 8.814009227997492, 20.982805043733045, 32.0940991494341, 45.35330273342418], [47.187928725681125, 39.438934916532084, 36.9527625194176, 35.1673266704482, 31.55559770436676, 27.016197264996016, 18.35652546081218, 8.814009227997492, 0.0, 17.723037494982737, 26.742206228772936, 38.9932847669286], [33.134950519791424, 23.752854550888948, 22.08965194296818, 28.703533145451573, 28.403354278449456, 25.92793884874967, 21.504997603914624, 20.982805043733045, 17.723037494982737, 0.0, 13.428193366405996, 27.631379392272365], [22.105690570981533, 18.215452868069242, 25.02713914270486, 33.150492665499755, 35.82808889174172, 36.18176147268834, 33.613735770939705, 32.0940991494341, 26.742206228772936, 13.428193366405996, 0.0, 14.291398845093578], [17.27780064589362, 23.323856535966044, 35.193358845294206, 43.71552512880212, 47.92818592124919, 49.60379982700205, 47.64426358846355, 45.35330273342418, 38.9932847669286, 27.631379392272365, 14.291398845093578, 0.0]]