[[0.0, 13.804537263854701, 26.66560724859957, 35.00321521757384, 43.0640733829021, 46.66539889093899, 49.19742888110841, 50.89968698230088, 44.895151386711575, 35.11206217482468, 23.252834037050793, 17.72529992399993], [13.804537263854701, 0.0, 13.111783498517848, 22.84112992651068, 30.523920309472143, 33.04295947875833, 35.81730701233811, 39.5294100849788, 34.5299965057842, 24.081526730953023, 16.5802944789744, 20.549860941755814], [26.66560724859957, 13.111783498517848, 0.0, 11.757352523531944, 18.594420185773394, 20.625402686242804, 25.188040756329222, 32.20189920838907, 29.710028740305724, 20.939218180965113, 21.8958699049982, 31.2516207114992], [35.00321521757384, 22.84112992651068, 11.757352523531944, 0.0, 8.590378342638585, 16.75620107854794, 24.543998696694086, 30.75010294300118, 31.074361084294992, 27.83019172214987, 31.0050817633112, 40.44816814260651], [43.0640733829021, 30.523920309472143, 18.594420185773394, 8.590378342638585, 0.0, 11.697936234312825, 20.457758118312498, 26.946872092837822, 29.601672464311893, 29.601569410919975, 35.83760164320935, 46.61480724285833], [46.66539889093899, 33.04295947875833, 20.625402686242804, 16.75620107854794, 11.697936234312825, 0.0, 9.69314478163996, 21.736675646081967, 24.968930172775764, 24.134684533449448, 34.33718798828189, 46.98493909638349], [49.19742888110841, 35.81730701233811, 25.188040756329222, 24.543998696694086, 20.457758118312498, 9.69314478163996, 0.0, 16.190501407439516, 19.330540459660767, 19.73294213679334, 32.540694337333434, 46.002760515938604], [50.89968698230088, 39.5294100849788, 32.20189920838907, 30.75010294300118, 26.946872092837822, 21.736675646081967, 16.190501407439516, 0.0, 8.584898583854383, 21.527175528251007, 32.01933490322866, 44.26454171621549], [44.895151386711575, 34.5299965057842, 29.710028740305724, 31.074361084294992, 29.601672464311893, 24.968930172775764, 19.330540459660767, 8.584898583854383, 0.0, 15.517257888077392, 24.576995013448453, 36.45504318241192], [35.11206217482468, 24.081526730953023, 20.939218180965113, 27.83019172214987, 29.601569410919975, 24.134684533449448, 19.73294213679334, 21.527175528251007, 15.517257888077392, 0.0, 14.069563223492686, 27.56830979401287], [23.252834037050793, 16.5802944789744, 21.8958699049982, 31.0050817633112, 35.83760164320935, 34.33718798828189, 32.540694337333434, 32.01933490322866, 24.576995013448453, 14.069563223492686, 0.0, 13.591406742080084], [17.72529992399993, 20.549860941755814, 31.2516207114992, 40.44816814260651, 46.61480724285833, 46.98493909638349, 46.002760515938604, 44.26454171621549, 36.45504318241192, 27.56830979401287, 13.591406742080084, 0.0]]