[[0.0, 13.944973156875058, 26.75903640890355, 35.043965589576715, 43.09346626771391, 46.64535664510192, 49.2493935665827, 50.92880128668195, 44.89614365354129, 35.19467838938283, 23.285198892894645, 17.72736056410175], [13.944973156875058, 0.0, 13.092764010047842, 22.82791730176165, 30.51818114173697, 32.95431746149676, 35.764830938387746, 39.50968681307256, 34.558867359520825, 24.04354393231183, 16.56400713548228, 20.618023938002544], [26.75903640890355, 13.092764010047842, 0.0, 11.68251281881706, 18.571633106043475, 20.56668825321, 25.157538430186946, 32.15314121656999, 29.778226533181016, 20.927897004079913, 21.912601435259848, 31.3172849087338], [35.043965589576715, 22.82791730176165, 11.68251281881706, 0.0, 8.5854685621772, 16.47453423502446, 24.410997889231442, 30.741052597673768, 31.076869114399873, 27.75695425890798, 30.96775169005785, 40.46617060206823], [43.09346626771391, 30.51818114173697, 18.571633106043475, 8.5854685621772, 0.0, 11.368143302876948, 20.350789571206935, 26.937518278296427, 29.609295728327684, 29.560549163346387, 35.815117273163715, 46.630080515894825], [46.64535664510192, 32.95431746149676, 20.56668825321, 16.47453423502446, 11.368143302876948, 0.0, 9.775553846681168, 21.482150190277274, 24.962244144555715, 24.143474060188954, 34.307141246295096, 46.96814981185231], [49.2493935665827, 35.764830938387746, 25.157538430186946, 24.410997889231442, 20.350789571206935, 9.775553846681168, 0.0, 15.926369434736877, 19.47582382666307, 19.72386077514111, 32.55485337628614, 46.052163225509496], [50.92880128668195, 39.50968681307256, 32.15314121656999, 30.741052597673768, 26.937518278296427, 21.482150190277274, 15.926369434736877, 0.0, 8.593095623086132, 21.39621542705674, 31.972045599012333, 44.281461647923166], [44.89614365354129, 34.558867359520825, 29.778226533181016, 31.076869114399873, 29.609295728327684, 24.962244144555715, 19.47582382666307, 8.593095623086132, 0.0, 15.699422892659298, 24.6044560469621, 36.45659974388744], [35.19467838938283, 24.04354393231183, 20.927897004079913, 27.75695425890798, 29.560549163346387, 24.143474060188954, 19.72386077514111, 21.39621542705674, 15.699422892659298, 0.0, 14.12027173199004, 27.65995813811035], [23.285198892894645, 16.56400713548228, 21.912601435259848, 30.96775169005785, 35.815117273163715, 34.307141246295096, 32.55485337628614, 31.972045599012333, 24.6044560469621, 14.12027173199004, 0.0, 13.63234210730108], [17.72736056410175, 20.618023938002544, 31.3172849087338, 40.46617060206823, 46.630080515894825, 46.96814981185231, 46.052163225509496, 44.281461647923166, 36.45659974388744, 27.65995813811035, 13.63234210730108, 0.0]]