[[0.0, 13.887242948682832, 26.676453311038124, 35.0246701819372, 43.07538929525324, 46.66112115164111, 49.2725044602593, 50.91688662058969, 44.891279320823024, 35.067205114979494, 23.288332151952318, 17.727793062478813], [13.887242948682832, 0.0, 13.06700572928603, 22.834098432183083, 30.524544481903742, 32.99528787607278, 35.82453081184381, 39.51349838845954, 34.55075630251689, 23.982887502708863, 16.573113431041524, 20.584721349202884], [26.676453311038124, 13.06700572928603, 0.0, 11.656909925419688, 18.562679854058306, 20.617100092779804, 25.242158225916302, 32.14298444334043, 29.737202925268107, 20.91175672855987, 21.886008557483407, 31.253843256586876], [35.0246701819372, 22.834098432183083, 11.656909925419688, 0.0, 8.58569664466699, 16.613337540768892, 24.544609445169627, 30.74334188972807, 31.075428383743613, 27.705193635595062, 30.98873683421822, 40.455307965878106], [43.07538929525324, 30.524544481903742, 18.562679854058306, 8.58569664466699, 0.0, 11.575415744117489, 20.51759055798829, 26.939293069462735, 29.60610456019701, 29.519612130231952, 35.833410039741146, 46.6188545950493], [46.66112115164111, 32.99528787607278, 20.617100092779804, 16.613337540768892, 11.575415744117489, 0.0, 9.778215523386718, 21.580738909752746, 24.99914433645402, 24.13561505539741, 34.31307396663467, 46.975828459323274], [49.2725044602593, 35.82453081184381, 25.242158225916302, 24.544609445169627, 20.51759055798829, 9.778215523386718, 0.0, 16.116806760748144, 19.549481934569418, 19.784836810551486, 32.57062256640602, 46.06767704135816], [50.91688662058969, 39.51349838845954, 32.14298444334043, 30.74334188972807, 26.939293069462735, 21.580738909752746, 16.116806760748144, 0.0, 8.58773831103562, 21.31725963915658, 31.990362611007924, 44.27232433356376], [44.891279320823024, 34.55075630251689, 29.737202925268107, 31.075428383743613, 29.60610456019701, 24.99914433645402, 19.549481934569418, 8.58773831103562, 0.0, 15.500254713625358, 24.60959687239458, 36.45171026054341], [35.067205114979494, 23.982887502708863, 20.91175672855987, 27.705193635595062, 29.519612130231952, 24.13561505539741, 19.784836810551486, 21.31725963915658, 15.500254713625358, 0.0, 13.962066584847529, 27.507602985292703], [23.288332151952318, 16.573113431041524, 21.886008557483407, 30.98873683421822, 35.833410039741146, 34.31307396663467, 32.57062256640602, 31.990362611007924, 24.60959687239458, 13.962066584847529, 0.0, 13.629469667567848], [17.727793062478813, 20.584721349202884, 31.253843256586876, 40.455307965878106, 46.6188545950493, 46.975828459323274, 46.06767704135816, 44.27232433356376, 36.45171026054341, 27.507602985292703, 13.629469667567848, 0.0]]