[[0.0, 13.979625862494354, 26.926161107532913, 35.077537402575125, 43.10126046907571, 46.661195752125906, 49.238445089346605, 50.53814891470867, 44.90734073385105, 35.21764214242984, 23.359406057245998, 17.739283098070224], [13.979625862494354, 0.0, 13.199034259313862, 23.481424736744017, 30.821449166530133, 32.949461677038975, 35.73259664311159, 38.859775925669, 34.55838605745235, 24.037445653983518, 16.57417024154507, 20.610767925802303], [26.926161107532913, 13.199034259313862, 0.0, 13.548861977858843, 19.332829643155552, 20.503430686971118, 25.02806160345836, 31.223708607543546, 29.851795749093117, 20.852653440633546, 21.935126085108173, 31.404094619637835], [35.077537402575125, 23.481424736744017, 13.548861977858843, 0.0, 8.66672865413825, 18.349090582219436, 26.31903916765067, 30.93919271843837, 32.18903199796991, 29.531062527446334, 32.100356351388875, 41.03780540886568], [43.10126046907571, 30.821449166530133, 19.332829643155552, 8.66672865413825, 0.0, 13.09601631905905, 21.965974145673325, 27.032666561048337, 30.6387485590903, 30.84150012583146, 36.606200279910084, 47.07297071599382], [46.661195752125906, 32.949461677038975, 20.503430686971118, 18.349090582219436, 13.09601631905905, 0.0, 9.745161430788205, 20.068162807159805, 24.940925642971656, 24.14574746035622, 34.274909473889814, 46.95349809496955], [49.238445089346605, 35.73259664311159, 25.02806160345836, 26.31903916765067, 21.965974145673325, 9.745161430788205, 0.0, 14.302527904692722, 19.37641956606878, 19.71283756182911, 32.47666974168697, 46.004101447766814], [50.53814891470867, 38.859775925669, 31.223708607543546, 30.93919271843837, 27.032666561048337, 20.068162807159805, 14.302527904692722, 0.0, 9.013702663477261, 20.720210154729102, 31.68945491536839, 44.196504403043335], [44.90734073385105, 34.55838605745235, 29.851795749093117, 32.18903199796991, 30.6387485590903, 24.940925642971656, 19.37641956606878, 9.013702663477261, 0.0, 15.667951964288312, 24.62483409789221, 36.457025113199045], [35.21764214242984, 24.037445653983518, 20.852653440633546, 29.531062527446334, 30.84150012583146, 24.14574746035622, 19.71283756182911, 20.720210154729102, 15.667951964288312, 0.0, 14.036204980717013, 27.634734064561762], [23.359406057245998, 16.57417024154507, 21.935126085108173, 32.100356351388875, 36.606200279910084, 34.274909473889814, 32.47666974168697, 31.68945491536839, 24.62483409789221, 14.036204980717013, 0.0, 13.682906240803707], [17.739283098070224, 20.610767925802303, 31.404094619637835, 41.03780540886568, 47.07297071599382, 46.95349809496955, 46.004101447766814, 44.196504403043335, 36.457025113199045, 27.634734064561762, 13.682906240803707, 0.0]]