[[0.0, 13.967340508564869, 27.74419500039064, 33.30789005572304, 41.00697753460205, 44.35168271721366, 47.12766691020388, 47.654797161630505, 43.814503742289595, 34.378419347939975, 22.672199728435416, 17.65811236852402], [13.967340508564869, 0.0, 13.949015389218907, 21.7195161511858, 28.962388334807024, 30.681444418425414, 33.514170386974115, 36.56480749189649, 34.533255676944535, 23.434584765117616, 16.646879204546238, 21.429261366558812], [27.74419500039064, 13.949015389218907, 0.0, 13.330269493211492, 19.002537271427574, 18.06555446311289, 22.20025238711139, 30.574651183315662, 31.954991064148835, 20.601949885009645, 23.07363408385324, 33.09540958230673], [33.30789005572304, 21.7195161511858, 13.330269493211492, 0.0, 8.975219810291172, 17.174108293117904, 26.844843884528142, 31.45072972097851, 34.41292871469189, 28.728818900215614, 31.172865193752223, 40.87811460424599], [41.00697753460205, 28.962388334807024, 19.002537271427574, 8.975219810291172, 0.0, 12.588948558595275, 23.68158936169638, 26.94672098263323, 31.798852202015564, 29.35965892439919, 34.86908113214345, 46.210318360027195], [44.35168271721366, 30.681444418425414, 18.06555446311289, 17.174108293117904, 12.588948558595275, 0.0, 11.55748833119467, 21.79943062024644, 27.967275428210556, 23.35155723603638, 33.26770823104209, 46.34111394206775], [47.12766691020388, 33.514170386974115, 22.20025238711139, 26.844843884528142, 23.68158936169638, 11.55748833119467, 0.0, 19.367400877960705, 25.01639849800688, 18.71705532015488, 31.76646552144977, 45.447400048004035], [47.654797161630505, 36.56480749189649, 30.574651183315662, 31.45072972097851, 26.94672098263323, 21.79943062024644, 19.367400877960705, 0.0, 8.829463802881913, 18.129209199803313, 28.704150036590942, 42.11915206154095], [43.814503742289595, 34.533255676944535, 31.954991064148835, 34.41292871469189, 31.798852202015564, 27.967275428210556, 25.01639849800688, 8.829463802881913, 0.0, 15.875069927180196, 23.384971151086116, 35.77098974555006], [34.378419347939975, 23.434584765117616, 20.601949885009645, 28.728818900215614, 29.35965892439919, 23.35155723603638, 18.71705532015488, 18.129209199803313, 15.875069927180196, 0.0, 14.209146334969068, 28.003363496648912], [22.672199728435416, 16.646879204546238, 23.07363408385324, 31.172865193752223, 34.86908113214345, 33.26770823104209, 31.76646552144977, 28.704150036590942, 23.384971151086116, 14.209146334969068, 0.0, 14.05320785345901], [17.65811236852402, 21.429261366558812, 33.09540958230673, 40.87811460424599, 46.210318360027195, 46.34111394206775, 45.447400048004035, 42.11915206154095, 35.77098974555006, 28.003363496648912, 14.05320785345901, 0.0]]