[[0.0, 13.470097248362423, 27.91263744430119, 34.33063095157587, 41.013675330447235, 44.43601874819273, 47.34577999047225, 48.54586110713325, 43.157521521597936, 33.41030548711139, 21.497662731760887, 17.64722828755091], [13.470097248362423, 0.0, 14.567764239113085, 22.154696221621588, 28.576854123619505, 31.084473473558866, 34.51320245934657, 38.03955258916458, 34.064956671441905, 23.826982841473992, 16.538511358648336, 22.041324656551883], [27.91263744430119, 14.567764239113085, 0.0, 14.04492563683005, 18.894170500105716, 18.055341164644688, 22.424226945487106, 31.683218071964408, 30.456068655339216, 20.65037739665099, 22.55086697378941, 33.299980689438456], [34.33063095157587, 22.154696221621588, 14.04492563683005, 0.0, 7.966468322039011, 16.64707840915141, 25.62806831279954, 31.508129851411713, 33.17591796869612, 29.03194050422565, 31.723818846228365, 41.72144234864137], [41.013675330447235, 28.576854123619505, 18.894170500105716, 7.966468322039011, 0.0, 12.418748394917417, 22.00711377312407, 27.024977928620128, 30.683392874927005, 29.536849125622066, 35.080412745276945, 46.21248713407913], [44.43601874819273, 31.084473473558866, 18.055341164644688, 16.64707840915141, 12.418748394917417, 0.0, 10.288048222518935, 22.49262610995535, 26.420518101412185, 24.144915617536974, 33.57129882511371, 46.469499517125], [47.34577999047225, 34.51320245934657, 22.424226945487106, 25.62806831279954, 22.00711377312407, 10.288048222518935, 0.0, 18.711621863333978, 21.93144581552739, 20.00113590002313, 32.27349656945057, 45.78215194498666], [48.54586110713325, 38.03955258916458, 31.683218071964408, 31.508129851411713, 27.024977928620128, 22.49262610995535, 18.711621863333978, 0.0, 8.917922334614262, 20.210584720083826, 31.18547856690812, 43.14822718112472], [43.157521521597936, 34.064956671441905, 30.456068655339216, 33.17591796869612, 30.683392874927005, 26.420518101412185, 21.93144581552739, 8.917922334614262, 0.0, 14.344166203720379, 24.144631965255922, 35.46683807979186], [33.41030548711139, 23.826982841473992, 20.65037739665099, 29.03194050422565, 29.536849125622066, 24.144915617536974, 20.00113590002313, 20.210584720083826, 14.344166203720379, 0.0, 13.694221218135043, 26.901470755253847], [21.497662731760887, 16.538511358648336, 22.55086697378941, 31.723818846228365, 35.080412745276945, 33.57129882511371, 32.27349656945057, 31.18547856690812, 24.144631965255922, 13.694221218135043, 0.0, 13.520898722766542], [17.64722828755091, 22.041324656551883, 33.299980689438456, 41.72144234864137, 46.21248713407913, 46.469499517125, 45.78215194498666, 43.14822718112472, 35.46683807979186, 26.901470755253847, 13.520898722766542, 0.0]]