[[0.0, 13.813848194155712, 26.746180523674145, 35.94649529124977, 42.48643922428106, 45.9247238290562, 48.32174151086291, 49.48482642172766, 45.4021481290497, 32.96874153304166, 21.423129206245243, 16.747494887232598], [13.813848194155712, 0.0, 13.178376099176448, 25.64870153781343, 30.970788784505878, 32.58803554172011, 35.39721717115079, 38.78035097360903, 36.13600802428707, 22.326380906753357, 14.590082090257923, 20.07813745042834], [26.746180523674145, 13.178376099176448, 0.0, 17.291783993473373, 20.418818659077562, 20.27607941147435, 24.927410192826876, 32.06947147874773, 32.248781910863315, 19.835682880865637, 20.534015767892313, 31.083808131503194], [35.94649529124977, 25.64870153781343, 17.291783993473373, 0.0, 8.183308805565753, 19.45007412717278, 26.054162130443135, 31.79302741200954, 34.619381495649755, 30.23052235418882, 33.10706212594642, 42.22488243277774], [42.48643922428106, 30.970788784505878, 20.418818659077562, 8.183308805565753, 0.0, 13.431513054923116, 20.252446808923686, 27.295577676934627, 31.908632910939616, 29.982020859194304, 35.92890634927646, 46.615377942515345], [45.9247238290562, 32.58803554172011, 20.27607941147435, 19.45007412717278, 13.431513054923116, 0.0, 9.456089427407347, 21.9352568337733, 27.364467868913316, 24.441300217060185, 33.878611892964564, 46.69140059266167], [48.32174151086291, 35.39721717115079, 24.927410192826876, 26.054162130443135, 20.252446808923686, 9.456089427407347, 0.0, 14.01544741274124, 19.97246131703712, 20.81392445870123, 32.62711519993702, 45.7511856098879], [49.48482642172766, 38.78035097360903, 32.06947147874773, 31.79302741200954, 27.295577676934627, 21.9352568337733, 14.01544741274124, 0.0, 8.549013117805993, 20.73110068093429, 32.24100853465775, 43.64680791562876], [45.4021481290497, 36.13600802428707, 32.248781910863315, 34.619381495649755, 31.908632910939616, 27.364467868913316, 19.97246131703712, 8.549013117805993, 0.0, 16.930459810361945, 27.090446827959575, 37.33440613947875], [32.96874153304166, 22.326380906753357, 19.835682880865637, 30.23052235418882, 29.982020859194304, 24.441300217060185, 20.81392445870123, 20.73110068093429, 16.930459810361945, 0.0, 13.037358273941312, 26.064158295105518], [21.423129206245243, 14.590082090257923, 20.534015767892313, 33.10706212594642, 35.92890634927646, 33.878611892964564, 32.62711519993702, 32.24100853465775, 27.090446827959575, 13.037358273941312, 0.0, 13.531042631219885], [16.747494887232598, 20.07813745042834, 31.083808131503194, 42.22488243277774, 46.615377942515345, 46.69140059266167, 45.7511856098879, 43.64680791562876, 37.33440613947875, 26.064158295105518, 13.531042631219885, 0.0]]