[[0.0, 12.76872571289473, 26.14791233750169, 35.969046805147606, 43.497151649383966, 45.00897082523418, 47.91586144024466, 49.21730226709044, 44.45608219430147, 32.58365949539141, 21.568277547506174, 16.67646736945283], [12.76872571289473, 0.0, 13.557866205995765, 24.571166014825184, 31.38836369599029, 32.31113679955551, 35.865305453938824, 38.514307201724584, 35.48432411147303, 23.292894600521677, 16.650625110838213, 20.338035716232138], [26.14791233750169, 13.557866205995765, 0.0, 16.953220837722906, 21.259627179223138, 19.319712688150418, 24.625496319903846, 31.055415313778624, 31.39735291975398, 19.763814461609023, 21.739751708951367, 30.65761452684527], [35.969046805147606, 24.571166014825184, 16.953220837722906, 0.0, 9.04898376161992, 20.72150244109993, 28.36915779263801, 31.77343313133433, 34.45744998893485, 30.074831553573034, 33.28590794845855, 42.18213617051173], [43.497151649383966, 31.38836369599029, 21.259627179223138, 9.04898376161992, 0.0, 15.738026922541309, 23.238885581014873, 27.140311001775697, 32.17179353202023, 30.53831476376136, 36.99384655201685, 47.4854076003091], [45.00897082523418, 32.31113679955551, 19.319712688150418, 20.72150244109993, 15.738026922541309, 0.0, 10.361103467721282, 22.14465428094293, 28.347653282147082, 23.912287918406104, 34.038025346392736, 45.87094061416991], [47.91586144024466, 35.865305453938824, 24.625496319903846, 28.36915779263801, 23.238885581014873, 10.361103467721282, 0.0, 14.881934116641224, 21.615388067753347, 19.985396877713136, 32.50862528550529, 45.04526758319746], [49.21730226709044, 38.514307201724584, 31.055415313778624, 31.77343313133433, 27.140311001775697, 22.14465428094293, 14.881934116641224, 0.0, 9.747264923865155, 19.592623344978335, 31.079749178360526, 43.37258126599142], [44.45608219430147, 35.48432411147303, 31.39735291975398, 34.45744998893485, 32.17179353202023, 28.347653282147082, 21.615388067753347, 9.747264923865155, 0.0, 15.720268248041888, 24.836401423003093, 36.23958732699877], [32.58365949539141, 23.292894600521677, 19.763814461609023, 30.074831553573034, 30.53831476376136, 23.912287918406104, 19.985396877713136, 19.592623344978335, 15.720268248041888, 0.0, 13.218664830689365, 25.732330736380526], [21.568277547506174, 16.650625110838213, 21.739751708951367, 33.28590794845855, 36.99384655201685, 34.038025346392736, 32.50862528550529, 31.079749178360526, 24.836401423003093, 13.218664830689365, 0.0, 12.679457607797348], [16.67646736945283, 20.338035716232138, 30.65761452684527, 42.18213617051173, 47.4854076003091, 45.87094061416991, 45.04526758319746, 43.37258126599142, 36.23958732699877, 25.732330736380526, 12.679457607797348, 0.0]]