[[0.0, 12.598963178194028, 25.4666207858004, 36.931273738780426, 43.412469159934695, 48.296738879879975, 50.0160168202723, 50.3279184058625, 46.43729430459662, 33.36102109842122, 22.221513759813618, 16.67954643152631], [12.598963178194028, 0.0, 13.06293157390339, 25.063612518166927, 31.026959411457387, 35.72307135155804, 38.00224191460473, 39.481900518616555, 37.00242804975788, 24.108968164096964, 16.774630000018806, 20.245886495094673], [25.4666207858004, 13.06293157390339, 0.0, 14.575621100373386, 19.104852688085554, 23.34422416757646, 27.238804313229135, 32.06492650866348, 32.48418640481416, 20.8675208547632, 21.52286201081141, 30.64967288868188], [36.931273738780426, 25.063612518166927, 14.575621100373386, 0.0, 8.186110182687626, 18.062977587845836, 26.38306573393839, 31.691745910217694, 34.60946180589075, 29.795859453268655, 33.14590496625212, 42.99911169525233], [43.412469159934695, 31.026959411457387, 19.104852688085554, 8.186110182687626, 0.0, 10.769244311635378, 20.294406246520936, 27.224135867937147, 32.01607087090415, 29.566869666739645, 35.98366870084965, 47.41214537538855], [48.296738879879975, 35.72307135155804, 23.34422416757646, 18.062977587845836, 10.769244311635378, 0.0, 10.668642722712342, 21.38234548876201, 28.034053703249164, 26.702457355358778, 36.52967826077213, 49.36541580482459], [50.0160168202723, 38.00224191460473, 27.238804313229135, 26.38306573393839, 20.294406246520936, 10.668642722712342, 0.0, 14.154552944356597, 21.319110482701408, 21.778305779564057, 33.98054096761644, 47.53621410630293], [50.3279184058625, 39.481900518616555, 32.06492650866348, 31.691745910217694, 27.224135867937147, 21.38234548876201, 14.154552944356597, 0.0, 8.84997137627976, 20.246529649521154, 31.357632016162462, 44.619470670335694], [46.43729430459662, 37.00242804975788, 32.48418640481416, 34.60946180589075, 32.01607087090415, 28.034053703249164, 21.319110482701408, 8.84997137627976, 0.0, 17.31928559195962, 26.232138930790487, 38.61976650359102], [33.36102109842122, 24.108968164096964, 20.8675208547632, 29.795859453268655, 29.566869666739645, 26.702457355358778, 21.778305779564057, 20.246529649521154, 17.31928559195962, 0.0, 13.195943790619824, 26.623709764521696], [22.221513759813618, 16.774630000018806, 21.52286201081141, 33.14590496625212, 35.98366870084965, 36.52967826077213, 33.98054096761644, 31.357632016162462, 26.232138930790487, 13.195943790619824, 0.0, 13.659911512598537], [16.67954643152631, 20.245886495094673, 30.64967288868188, 42.99911169525233, 47.41214537538855, 49.36541580482459, 47.53621410630293, 44.619470670335694, 38.61976650359102, 26.623709764521696, 13.659911512598537, 0.0]]