[[0.0, 12.70555462396097, 26.113474707630676, 36.41148982210133, 42.34537345622288, 47.419562250049175, 48.5061048349273, 49.3468887148609, 44.765975878168135, 32.26539065096569, 20.50256341917786, 15.688939340198177], [12.70555462396097, 0.0, 13.690463987439838, 25.06758299555705, 29.964393637347477, 34.732692279260895, 36.41805521651091, 38.611933244140864, 35.361298424435084, 22.825017047527304, 14.91133002697392, 19.42678637613226], [26.113474707630676, 13.690463987439838, 0.0, 17.825282799208825, 19.07278671824736, 22.251418384773693, 24.87381312714571, 31.245348105948274, 30.765897475874418, 18.66816425246797, 19.4633974921218, 29.865190330736706], [36.41148982210133, 25.06758299555705, 17.825282799208825, 0.0, 9.582416541813917, 19.925349723671825, 28.70177271426621, 32.84977822432573, 34.58172560609054, 30.868675750116996, 33.511676847159954, 42.47468821369651], [42.34537345622288, 29.964393637347477, 19.07278671824736, 9.582416541813917, 0.0, 10.713146673434279, 20.7779009410851, 27.24829897086954, 30.928836450893286, 28.793967679016834, 35.00693417889187, 45.985699383645354], [47.419562250049175, 34.732692279260895, 22.251418384773693, 19.925349723671825, 10.713146673434279, 0.0, 11.25063974565291, 21.428741355113182, 26.91266805481443, 26.098827720978463, 35.68347081804212, 48.15590536822868], [48.5061048349273, 36.41805521651091, 24.87381312714571, 28.70177271426621, 20.7779009410851, 11.25063974565291, 0.0, 15.325647974659377, 20.83002123926076, 20.603451028958162, 32.68231785592951, 45.76084002748234], [49.3468887148609, 38.611933244140864, 31.245348105948274, 32.84977822432573, 27.24829897086954, 21.428741355113182, 15.325647974659377, 0.0, 8.205508812253212, 20.628237199411736, 32.19031654637752, 43.686473014887056], [44.765975878168135, 35.361298424435084, 30.765897475874418, 34.58172560609054, 30.928836450893286, 26.91266805481443, 20.83002123926076, 8.205508812253212, 0.0, 17.08460238172498, 27.03933341363512, 37.38861144126699], [32.26539065096569, 22.825017047527304, 18.66816425246797, 30.868675750116996, 28.793967679016834, 26.098827720978463, 20.603451028958162, 20.628237199411736, 17.08460238172498, 0.0, 13.048841280859921, 25.831719154334003], [20.50256341917786, 14.91133002697392, 19.4633974921218, 33.511676847159954, 35.00693417889187, 35.68347081804212, 32.68231785592951, 32.19031654637752, 27.03933341363512, 13.048841280859921, 0.0, 13.173991465907822], [15.688939340198177, 19.42678637613226, 29.865190330736706, 42.47468821369651, 45.985699383645354, 48.15590536822868, 45.76084002748234, 43.686473014887056, 37.38861144126699, 25.831719154334003, 13.173991465907822, 0.0]]