[[0.0, 7.502756547401293, 16.271587892666837, 27.96911302709097, 37.21438495931799, 33.158872207836886, 25.124358430479074, 14.727931371429525, 7.676867243655314, 4.631730699759862], [7.502756547401293, 0.0, 8.880505642019548, 20.78092199989974, 30.402470520714076, 26.68292916090471, 18.44809111315846, 8.93048384262292, 6.312736197636727, 9.668221446769255], [16.271587892666837, 8.880505642019548, 0.0, 12.021337025103985, 21.912750408333622, 18.683252755446354, 10.581311075336034, 6.517150988366773, 11.888479020552715, 17.37571675393536], [27.96911302709097, 20.78092199989974, 12.021337025103985, 0.0, 10.3300338554317, 9.675995506334525, 7.225557948128087, 15.519998736652848, 22.674838016485722, 28.37737110250895], [37.21438495931799, 30.402470520714076, 21.912750408333622, 10.3300338554317, 0.0, 7.124330593354235, 13.64715205803336, 23.984091441123578, 31.19937288904284, 36.87751087004693], [33.158872207836886, 26.68292916090471, 18.683252755446354, 9.675995506334525, 7.124330593354235, 0.0, 8.590716942351836, 19.026975461314755, 26.418565866655857, 32.368692899118216], [25.124358430479074, 18.44809111315846, 10.581311075336034, 7.225557948128087, 13.64715205803336, 8.590716942351836, 0.0, 10.814410935910335, 18.587879741092504, 24.78397379624384], [14.727931371429525, 8.93048384262292, 6.517150988366773, 15.519998736652848, 23.984091441123578, 19.026975461314755, 10.814410935910335, 0.0, 8.005279397134496, 14.399071329081888], [7.676867243655314, 6.312736197636727, 11.888479020552715, 22.674838016485722, 31.19937288904284, 26.418565866655857, 18.587879741092504, 8.005279397134496, 0.0, 6.444719170302612], [4.631730699759862, 9.668221446769255, 17.37571675393536, 28.37737110250895, 36.87751087004693, 32.368692899118216, 24.78397379624384, 14.399071329081888, 6.444719170302612, 0.0]]