[[0.0, 7.02744580227418, 16.186710018221028, 23.22500929092587, 31.395783543744656, 23.02916279098556, 14.690270472323476, 6.281538358970198], [7.02744580227418, 0.0, 9.358139314405081, 16.737472045304454, 25.571479131336165, 17.061970215379848, 9.388119540763528, 3.187884127675439], [16.186710018221028, 9.358139314405081, 0.0, 9.566801455330094, 20.03043801268482, 11.18986447744033, 7.652740354052657, 10.951109285914965], [23.22500929092587, 16.737472045304454, 9.566801455330094, 0.0, 10.800385101410644, 3.2043493970915544, 9.463682144217332, 17.027800342649808], [31.395783543744656, 25.571479131336165, 20.03043801268482, 10.800385101410644, 0.0, 9.977160963088954, 17.965305316169914, 25.25951747552605], [23.02916279098556, 17.061970215379848, 11.18986447744033, 3.2043493970915544, 9.977160963088954, 0.0, 8.63343234093144, 16.74801894586867], [14.690270472323476, 9.388119540763528, 7.652740354052657, 9.463682144217332, 17.965305316169914, 8.63343234093144, 0.0, 8.500075395395326], [6.281538358970198, 3.187884127675439, 10.951109285914965, 17.027800342649808, 25.25951747552605, 16.74801894586867, 8.500075395395326, 0.0]]