[[0.0, 7.582371222489571, 13.813050817554426, 23.14312273121679, 31.32404505068252, 31.260065128667215, 23.010571907523396, 15.154387236676646, 9.655571794230571, 7.26434607741385], [7.582371222489571, 0.0, 6.507010734249715, 15.875568827095963, 24.506001569767477, 25.05020407950366, 16.368067552209727, 10.381933999150354, 7.917209758042349, 10.864625872478353], [13.813050817554426, 6.507010734249715, 0.0, 9.60998179566944, 18.365141906652095, 18.95015617094289, 10.092720124796186, 7.245313976856835, 9.373751627658159, 14.868039078024884], [23.14312273121679, 15.875568827095963, 9.60998179566944, 0.0, 9.23240074087661, 12.010136031863874, 5.540963625048084, 12.647516745027026, 17.446793170981827, 23.414322941053605], [31.32404505068252, 24.506001569767477, 18.365141906652095, 9.23240074087661, 0.0, 7.545481846204921, 10.231868283568796, 19.28262708222653, 24.57364313324268, 30.462581859644697], [31.260065128667215, 25.05020407950366, 18.95015617094289, 12.010136031863874, 7.545481846204921, 0.0, 8.988948947466385, 17.03452699094659, 22.89234165590731, 28.84989835157195], [23.010571907523396, 16.368067552209727, 10.092720124796186, 5.540963625048084, 10.231868283568796, 8.988948947466385, 0.0, 9.525706802962231, 15.407013235643369, 21.67430399291421], [15.154387236676646, 10.381933999150354, 7.245313976856835, 12.647516745027026, 19.28262708222653, 17.03452699094659, 9.525706802962231, 0.0, 6.296855365714305, 12.592299109138809], [9.655571794230571, 7.917209758042349, 9.373751627658159, 17.446793170981827, 24.57364313324268, 22.89234165590731, 15.407013235643369, 6.296855365714305, 0.0, 6.360803946727095], [7.26434607741385, 10.864625872478353, 14.868039078024884, 23.414322941053605, 30.462581859644697, 28.84989835157195, 21.67430399291421, 12.592299109138809, 6.360803946727095, 0.0]]