[[0.0, 7.734761167060944, 14.600001432238596, 24.713076422096908, 32.553446795677466, 31.34956681142058, 23.39311255084267, 14.334773442785101, 8.969631525370037, 8.328038140454087], [7.734761167060944, 0.0, 6.974710327119332, 17.23662940259789, 25.304438205407394, 24.249188073766117, 16.062199642640078, 7.629100528541556, 5.856749171062223, 10.77634491756013], [14.600001432238596, 6.974710327119332, 0.0, 10.31474264181647, 18.456322731123503, 17.58190463108152, 9.373250208081611, 4.206331016684016, 8.886837062183204, 15.198978423423366], [24.713076422096908, 17.23662940259789, 10.31474264181647, 0.0, 8.426342893217024, 8.944164533498302, 4.652491283845785, 11.854527128361596, 17.91014326427977, 23.725042124082773], [32.553446795677466, 25.304438205407394, 18.456322731123503, 8.426342893217024, 0.0, 4.670846448739672, 10.261567409661454, 19.095949203945377, 25.000472941806905, 30.317883442283517], [31.34956681142058, 24.249188073766117, 17.58190463108152, 8.944164533498302, 4.670846448739672, 0.0, 8.416208160305562, 17.26205531701697, 23.201927860347872, 28.680067943918974], [23.39311255084267, 16.062199642640078, 9.373250208081611, 4.652491283845785, 10.261567409661454, 8.416208160305562, 0.0, 9.325881014589987, 15.72927236753846, 21.903419810446106], [14.334773442785101, 7.629100528541556, 4.206331016684016, 11.854527128361596, 19.095949203945377, 17.26205531701697, 9.325881014589987, 0.0, 6.611400955603963, 13.319208823148957], [8.969631525370037, 5.856749171062223, 8.886837062183204, 17.91014326427977, 25.000472941806905, 23.201927860347872, 15.72927236753846, 6.611400955603963, 0.0, 6.955722014542704], [8.328038140454087, 10.77634491756013, 15.198978423423366, 23.725042124082773, 30.317883442283517, 28.680067943918974, 21.903419810446106, 13.319208823148957, 6.955722014542704, 0.0]]