[[0.0, 7.84785598798863, 16.190267256351174, 23.047129313186122, 30.33979270142669, 22.21624364803816, 13.940900249255389, 6.414892701788317], [7.84785598798863, 0.0, 8.636392172056917, 15.921607878976106, 25.32425886882009, 17.083171065086393, 9.732718158511013, 5.5479484960046275], [16.190267256351174, 8.636392172056917, 0.0, 8.687266870987331, 21.54941602755223, 13.160058609345361, 9.498822321051911, 11.866434876485103], [23.047129313186122, 15.921607878976106, 8.687266870987331, 0.0, 14.43062208288149, 8.230494308067955, 11.44619863309396, 17.389795542675998], [30.33979270142669, 25.32425886882009, 21.54941602755223, 14.43062208288149, 0.0, 10.288024233451047, 17.920062272234123, 24.260931679592293], [22.21624364803816, 17.083171065086393, 13.160058609345361, 8.230494308067955, 10.288024233451047, 0.0, 8.509684664774186, 15.82612541128513], [13.940900249255389, 9.732718158511013, 9.498822321051911, 11.44619863309396, 17.920062272234123, 8.509684664774186, 0.0, 7.559711969582042], [6.414892701788317, 5.5479484960046275, 11.866434876485103, 17.389795542675998, 24.260931679592293, 15.82612541128513, 7.559711969582042, 0.0]]