[[0.0, 8.414405757617645, 15.251420193738417, 22.627822101147185, 31.45813310578752, 21.583350786709715, 14.595553467214254, 6.142394979292442], [8.414405757617645, 0.0, 7.443211195834294, 15.895892834900026, 27.220157173002026, 18.119672277742715, 12.974100594684971, 8.605801584408974], [15.251420193738417, 7.443211195834294, 0.0, 9.097153617032804, 22.204619916917938, 14.05574818496728, 11.923117049805642, 12.843293744008546], [22.627822101147185, 15.895892834900026, 9.097153617032804, 0.0, 14.218668748405245, 9.842500707564417, 13.498968515599149, 18.802363924357756], [31.45813310578752, 27.220157173002026, 22.204619916917938, 14.218668748405245, 0.0, 12.102535345840968, 19.71108054423747, 26.896270841622815], [21.583350786709715, 18.119672277742715, 14.05574818496728, 9.842500707564417, 12.102535345840968, 0.0, 7.976230730905731, 16.135665771534], [14.595553467214254, 12.974100594684971, 11.923117049805642, 13.498968515599149, 19.71108054423747, 7.976230730905731, 0.0, 8.651102912195242], [6.142394979292442, 8.605801584408974, 12.843293744008546, 18.802363924357756, 26.896270841622815, 16.135665771534, 8.651102912195242, 0.0]]