[[0.0, 8.066595865467725, 14.869164187955185, 25.08988380518232, 32.46690172345113, 31.383051072492954, 23.350414834617588, 14.324063487673426, 9.02028345345727, 6.338041104053599], [8.066595865467725, 0.0, 7.020173734400455, 17.439518775801847, 25.186388739295413, 24.443852299339852, 16.14973197788663, 8.138976383680323, 6.892664628651102, 10.146462652232058], [14.869164187955185, 7.020173734400455, 0.0, 10.47837212916, 18.306833095496795, 17.830835915286194, 9.610618623785152, 5.257815560702942, 9.66243280707804, 15.078770591583853], [25.08988380518232, 17.439518775801847, 10.47837212916, 0.0, 8.321633625280185, 9.5252543125578, 5.794427475913302, 12.608620850380467, 18.501842893285442, 24.130967423407316], [32.46690172345113, 25.186388739295413, 18.306833095496795, 8.321633625280185, 0.0, 4.572958136487692, 10.22267142721925, 19.013875936070605, 24.871876584857137, 30.507747094631597], [31.383051072492954, 24.443852299339852, 17.830835915286194, 9.5252543125578, 4.572958136487692, 0.0, 8.545883753711724, 17.319925304132063, 23.190767585925787, 29.01146384815585], [23.350414834617588, 16.14973197788663, 9.610618623785152, 5.794427475913302, 10.22267142721925, 8.545883753711724, 0.0, 9.2926754071941, 15.674058812884619, 21.809226269640885], [14.324063487673426, 8.138976383680323, 5.257815560702942, 12.608620850380467, 19.013875936070605, 17.319925304132063, 9.2926754071941, 0.0, 6.605383658219408, 12.903053253721385], [9.02028345345727, 6.892664628651102, 9.66243280707804, 18.501842893285442, 24.871876584857137, 23.190767585925787, 15.674058812884619, 6.605383658219408, 0.0, 6.352252537039913], [6.338041104053599, 10.146462652232058, 15.078770591583853, 24.130967423407316, 30.507747094631597, 29.01146384815585, 21.809226269640885, 12.903053253721385, 6.352252537039913, 0.0]]