[[0.0, 6.581800202260017, 14.146305962971004, 24.484203168912604, 33.668464453151486, 30.333924839727317, 22.027040847579617, 14.726977876297294, 7.849906616403154, 7.140525010316397], [6.581800202260017, 0.0, 7.731151506531805, 18.333933612246174, 27.988089640964514, 24.860123156189957, 16.221395832201775, 10.050329358561141, 6.134387506893744, 10.61297635278596], [14.146305962971004, 7.731151506531805, 0.0, 10.87147780270277, 20.811030722076076, 17.811589615529353, 9.085682556159886, 6.648595370153685, 9.658597212816932, 16.05785037003431], [24.484203168912604, 18.333933612246174, 10.87147780270277, 0.0, 10.355163142552852, 10.120672837945213, 6.65685882761254, 13.273923696166332, 19.078801133122177, 25.136698003652427], [33.668464453151486, 27.988089640964514, 20.811030722076076, 10.355163142552852, 0.0, 8.360674778252113, 13.953065273587955, 21.37642600090682, 27.56699295623527, 32.98793213905729], [30.333924839727317, 24.860123156189957, 17.811589615529353, 10.120672837945213, 8.360674778252113, 0.0, 8.971174341360724, 16.22293946586327, 23.240720798116524, 28.847309643628847], [22.027040847579617, 16.221395832201775, 9.085682556159886, 6.65685882761254, 13.953065273587955, 8.971174341360724, 0.0, 8.27307553461257, 15.361479128358019, 21.63785771166053], [14.726977876297294, 10.050329358561141, 6.648595370153685, 13.273923696166332, 21.37642600090682, 16.22293946586327, 8.27307553461257, 0.0, 7.411159023261743, 13.705831428235717], [7.849906616403154, 6.134387506893744, 9.658597212816932, 19.078801133122177, 27.56699295623527, 23.240720798116524, 15.361479128358019, 7.411159023261743, 0.0, 6.71130433973665], [7.140525010316397, 10.61297635278596, 16.05785037003431, 25.136698003652427, 32.98793213905729, 28.847309643628847, 21.63785771166053, 13.705831428235717, 6.71130433973665, 0.0]]