[[0.0, 7.994228536559984, 15.124979528578146, 25.551251397655303, 34.26857880172688, 32.980492023589115, 23.887370910219026, 14.420962412822346, 8.851058378400234, 5.425072665864025], [7.994228536559984, 0.0, 7.315077867292599, 18.214267666978547, 27.49550470327157, 26.47587228313604, 16.964115982411407, 8.413936525335867, 6.876880186563454, 9.85299912499382], [15.124979528578146, 7.315077867292599, 0.0, 11.097377613758757, 20.729899233482463, 20.12122326032493, 10.69894828662603, 6.323783867658587, 10.46685705805506, 15.68369032744899], [25.551251397655303, 18.214267666978547, 11.097377613758757, 0.0, 9.937735693213066, 10.50468152289497, 5.644739666679943, 12.97135222188038, 19.014663032711496, 24.799141217813997], [34.26857880172688, 27.49550470327157, 20.729899233482463, 9.937735693213066, 0.0, 4.63705931048914, 11.753953099963812, 20.97241241846188, 26.8115442922769, 32.52537624195836], [32.980492023589115, 26.47587228313604, 20.12122326032493, 10.50468152289497, 4.63705931048914, 0.0, 9.872335950898599, 19.071337183859818, 24.915859093956566, 30.788785643794952], [23.887370910219026, 16.964115982411407, 10.69894828662603, 5.644739666679943, 11.753953099963812, 9.872335950898599, 0.0, 9.77179814292974, 16.19738667365236, 22.397583828701233], [14.420962412822346, 8.413936525335867, 6.323783867658587, 12.97135222188038, 20.97241241846188, 19.071337183859818, 9.77179814292974, 0.0, 6.660423564093052, 12.978632804115923], [8.851058378400234, 6.876880186563454, 10.46685705805506, 19.014663032711496, 26.8115442922769, 24.915859093956566, 16.19738667365236, 6.660423564093052, 0.0, 6.360654337443278], [5.425072665864025, 9.85299912499382, 15.68369032744899, 24.799141217813997, 32.52537624195836, 30.788785643794952, 22.397583828701233, 12.978632804115923, 6.360654337443278, 0.0]]