[[0.0, 9.111255678497452, 15.68708642336014, 22.17182817890902, 30.568455015317344, 22.187479988683283, 15.052250925379697, 7.668026297857748], [9.111255678497452, 0.0, 7.33630257813144, 15.070921089346598, 25.497875182769725, 16.53090555765307, 10.831724256349863, 7.37427358096335], [15.68708642336014, 7.33630257813144, 0.0, 8.147609499535065, 19.561900664410658, 10.624324850343532, 8.03179731148801, 10.47507306203179], [22.17182817890902, 15.070921089346598, 8.147609499535065, 0.0, 11.924395112814064, 4.490422373285281, 9.065799225372576, 15.34606904856843], [30.568455015317344, 25.497875182769725, 19.561900664410658, 11.924395112814064, 0.0, 10.08210356448459, 16.85303092675137, 23.297242141161902], [22.187479988683283, 16.53090555765307, 10.624324850343532, 4.490422373285281, 10.08210356448459, 0.0, 7.528893382758787, 14.720593892900485], [15.052250925379697, 10.831724256349863, 8.03179731148801, 9.065799225372576, 16.85303092675137, 7.528893382758787, 0.0, 7.474473026282588], [7.668026297857748, 7.37427358096335, 10.47507306203179, 15.34606904856843, 23.297242141161902, 14.720593892900485, 7.474473026282588, 0.0]]