[[0.0, 8.236957656613635, 15.049015045816418, 22.525649764628653, 32.21842998066571, 21.89721242129011, 14.585146137424196, 6.130019325647025], [8.236957656613635, 0.0, 7.407474990400643, 16.06207003505442, 27.877506783114754, 18.581674365251914, 12.871658343009809, 8.50734780296363], [15.049015045816418, 7.407474990400643, 0.0, 9.395372283463491, 22.82855686842044, 14.558571291137703, 11.689809552848196, 12.67544372909134], [22.525649764628653, 16.06207003505442, 9.395372283463491, 0.0, 14.29252151929589, 9.641854000375913, 12.871371156879093, 18.542037797932597], [32.21842998066571, 27.877506783114754, 22.82855686842044, 14.29252151929589, 0.0, 12.969376666925092, 20.513165491492995, 27.658601547154348], [21.89721242129011, 18.581674365251914, 14.558571291137703, 9.641854000375913, 12.969376666925092, 0.0, 8.077835780668854, 16.358829344653056], [14.585146137424196, 12.871658343009809, 11.689809552848196, 12.871371156879093, 20.513165491492995, 8.077835780668854, 0.0, 8.652532438454188], [6.130019325647025, 8.50734780296363, 12.67544372909134, 18.542037797932597, 27.658601547154348, 16.358829344653056, 8.652532438454188, 0.0]]