[[0.0, 8.437719291461052, 15.620716041113447, 25.82178108813311, 33.90755535570891, 31.629364557282525, 23.359793192724908, 13.891533204969024, 7.987394374348495, 4.213349117030535], [8.437719291461052, 0.0, 7.5603214366705975, 18.31074042614872, 27.02318899848406, 25.170622337187808, 16.313135340397842, 7.858326279857625, 6.486147463780946, 9.761958758397004], [15.620716041113447, 7.5603214366705975, 0.0, 10.869700602564084, 19.865311538822716, 18.66048574393933, 9.906006693501778, 6.450913335322216, 10.671725509427846, 15.789432807850476], [25.82178108813311, 18.31074042614872, 10.869700602564084, 0.0, 9.290649611483849, 10.112134782952856, 6.36424241957454, 13.87720371046905, 19.59248357763969, 25.0245914975804], [33.90755535570891, 27.02318899848406, 19.865311538822716, 9.290649611483849, 0.0, 6.4414854360769915, 12.281951730705547, 21.465114702678598, 27.056060570901263, 32.39647025942805], [31.629364557282525, 25.170622337187808, 18.66048574393933, 10.112134782952856, 6.4414854360769915, 0.0, 9.208751404008526, 18.36635481337037, 24.091359633508315, 29.766379594875993], [23.359793192724908, 16.313135340397842, 9.906006693501778, 6.36424241957454, 12.281951730705547, 9.208751404008526, 0.0, 9.803583031894819, 16.114908443376184, 22.14727132672486], [13.891533204969024, 7.858326279857625, 6.450913335322216, 13.87720371046905, 21.465114702678598, 18.36635481337037, 9.803583031894819, 0.0, 6.617598361405214, 12.881218278511895], [7.987394374348495, 6.486147463780946, 10.671725509427846, 19.59248357763969, 27.056060570901263, 24.091359633508315, 16.114908443376184, 6.617598361405214, 0.0, 6.322643975728192], [4.213349117030535, 9.761958758397004, 15.789432807850476, 25.0245914975804, 32.39647025942805, 29.766379594875993, 22.14727132672486, 12.881218278511895, 6.322643975728192, 0.0]]