[[0.0, 6.629655471863451, 15.33705457121324, 23.123021762261743, 31.21258902385864, 23.04913424172409, 14.681407818992904, 6.322874885396752], [6.629655471863451, 0.0, 8.87269892029511, 16.74356702975304, 25.13345548796652, 16.896710225794696, 8.958095905983427, 2.162088625851863], [15.33705457121324, 8.87269892029511, 0.0, 8.97874104714169, 18.509935686151483, 9.82728832183533, 5.502245166186893, 9.709828847467907], [23.123021762261743, 16.74356702975304, 8.97874104714169, 0.0, 9.910112961265122, 2.1636514720615225, 8.994059119073212, 16.875119314684888], [31.21258902385864, 25.13345548796652, 18.509935686151483, 9.910112961265122, 0.0, 9.381002880668838, 17.345265082499576, 24.928137777801698], [23.04913424172409, 16.896710225794696, 9.82728832183533, 2.1636514720615225, 9.381002880668838, 0.0, 8.54991099258922, 16.750089949073853], [14.681407818992904, 8.958095905983427, 5.502245166186893, 8.994059119073212, 17.345265082499576, 8.54991099258922, 0.0, 8.489792772167942], [6.322874885396752, 2.162088625851863, 9.709828847467907, 16.875119314684888, 24.928137777801698, 16.750089949073853, 8.489792772167942, 0.0]]