[[0.0, 6.601602211725575, 14.28929975490426, 25.083894658747035, 34.52554463638907, 30.255744811138428, 22.011967005356745, 14.63658246998079, 7.733792258019411, 7.097313117660582], [6.601602211725575, 0.0, 7.860995780073348, 18.954292329064728, 28.82144243098416, 24.636157950665236, 16.098589729720864, 9.822767033560806, 5.879374465352672, 10.477784502355497], [14.28929975490426, 7.860995780073348, 0.0, 11.38380520404162, 21.487721691031023, 17.3358923667485, 8.776021740592318, 6.414325156251903, 9.626185267478391, 15.98108091802698], [25.083894658747035, 18.954292329064728, 11.38380520404162, 0.0, 10.437666067841315, 9.499345863486386, 7.22442609931405, 13.920396825117344, 19.656069200301953, 25.45038125715764], [34.52554463638907, 28.82144243098416, 21.487721691031023, 10.437666067841315, 0.0, 9.275596902325477, 15.167147359177994, 22.503018588184677, 28.538338170353946, 33.65787421891004], [30.255744811138428, 24.636157950665236, 17.3358923667485, 9.499345863486386, 9.275596902325477, 0.0, 8.878791289072288, 16.272467759472406, 23.274620913506002, 28.808117561918774], [22.011967005356745, 16.098589729720864, 8.776021740592318, 7.22442609931405, 15.167147359177994, 8.878791289072288, 0.0, 8.336974680949021, 15.410867078458663, 21.63348072041097], [14.63658246998079, 9.822767033560806, 6.414325156251903, 13.920396825117344, 22.503018588184677, 16.272467759472406, 8.336974680949021, 0.0, 7.406564436969815, 13.699033721573212], [7.733792258019411, 5.879374465352672, 9.626185267478391, 19.656069200301953, 28.538338170353946, 23.274620913506002, 15.410867078458663, 7.406564436969815, 0.0, 6.7469487219964845], [7.097313117660582, 10.477784502355497, 15.98108091802698, 25.45038125715764, 33.65787421891004, 28.808117561918774, 21.63348072041097, 13.699033721573212, 6.7469487219964845, 0.0]]