[[0.0, 9.063742250655851, 17.420838424262133, 23.6261221978203, 31.932176522167307, 24.49879774503829, 15.997544942093896, 7.659601930437246], [9.063742250655851, 0.0, 8.668805470046493, 15.783225848928637, 25.915188744511067, 19.19523318391702, 11.897853244443303, 7.567402441320931], [17.420838424262133, 8.668805470046493, 0.0, 8.090442695133374, 20.052830849254896, 14.385782631026819, 10.678485530337248, 12.914622550432279], [23.6261221978203, 15.783225848928637, 8.090442695133374, 0.0, 12.584365790184819, 8.825795835365557, 11.21778512655199, 17.34669566809106], [31.932176522167307, 25.915188744511067, 20.052830849254896, 12.584365790184819, 0.0, 9.537646850833697, 17.914186032572648, 24.833098088780847], [24.49879774503829, 19.19523318391702, 14.385782631026819, 8.825795835365557, 9.537646850833697, 0.0, 9.012133835207454, 16.965060450950624], [15.997544942093896, 11.897853244443303, 10.678485530337248, 11.21778512655199, 17.914186032572648, 9.012133835207454, 0.0, 8.476441504261913], [7.659601930437246, 7.567402441320931, 12.914622550432279, 17.34669566809106, 24.833098088780847, 16.965060450950624, 8.476441504261913, 0.0]]