[[0.0, 6.591427106375294, 14.22651743914054, 24.84990305337196, 34.21509278016211, 30.21853801497475, 21.99053829696693, 14.656564205337007, 7.737766573127482, 7.0239147679922755], [6.591427106375294, 0.0, 7.807076207248203, 18.72199859544568, 28.53372458316744, 24.65004991756003, 16.11679472463635, 9.894549433779238, 5.9359013968325, 10.479552467200255], [14.22651743914054, 7.807076207248203, 0.0, 11.20139888753744, 21.271170752994415, 17.439310206265503, 8.861874050962868, 6.4839619671800985, 9.626344495787535, 15.994055793832217], [24.84990305337196, 18.72199859544568, 11.20139888753744, 0.0, 10.43195748319547, 9.651530978979709, 7.009708113061772, 13.669954949435168, 19.451981541345187, 25.347438766857472], [34.21509278016211, 28.53372458316744, 21.271170752994415, 10.43195748319547, 0.0, 8.99992523186504, 14.786712635215643, 22.11284947740858, 28.22642243094101, 33.463650511806826], [30.21853801497475, 24.65004991756003, 17.439310206265503, 9.651530978979709, 8.99992523186504, 0.0, 8.866657495614513, 16.196411970234458, 23.234781455172307, 28.815210430486225], [21.99053829696693, 16.11679472463635, 8.861874050962868, 7.009708113061772, 14.786712635215643, 8.866657495614513, 0.0, 8.300154402379935, 15.39261720665365, 21.638530671080723], [14.656564205337007, 9.894549433779238, 6.4839619671800985, 13.669954949435168, 22.11284947740858, 16.196411970234458, 8.300154402379935, 0.0, 7.416625717172803, 13.699900596140322], [7.737766573127482, 5.9359013968325, 9.626344495787535, 19.451981541345187, 28.22642243094101, 23.234781455172307, 15.39261720665365, 7.416625717172803, 0.0, 6.723034231305757], [7.0239147679922755, 10.479552467200255, 15.994055793832217, 25.347438766857472, 33.463650511806826, 28.815210430486225, 21.638530671080723, 13.699900596140322, 6.723034231305757, 0.0]]