[[0.0, 8.399574478666581, 17.115939175742767, 22.774679306123478, 30.46400722057666, 22.117199149009036, 14.801734896539324, 6.4076411895888805], [8.399574478666581, 0.0, 9.180609671254137, 15.753565984816833, 25.460675279258087, 17.11174888868198, 10.545366549024505, 6.49067695626111], [17.115939175742767, 9.180609671254137, 0.0, 8.148567588484923, 20.481830176762546, 12.287891368678354, 9.168925334586712, 12.69854892444857], [22.774679306123478, 15.753565984816833, 8.148567588484923, 0.0, 13.000299505834546, 6.728040289386129, 9.745022842807757, 17.065543385970134], [30.46400722057666, 25.460675279258087, 20.481830176762546, 13.000299505834546, 0.0, 10.29790465986965, 17.12050179328062, 24.496099846527464], [22.117199149009036, 17.11174888868198, 12.287891368678354, 6.728040289386129, 10.29790465986965, 0.0, 7.511517632248091, 15.788941024455756], [14.801734896539324, 10.545366549024505, 9.168925334586712, 9.745022842807757, 17.12050179328062, 7.511517632248091, 0.0, 8.44959919371481], [6.4076411895888805, 6.49067695626111, 12.69854892444857, 17.065543385970134, 24.496099846527464, 15.788941024455756, 8.44959919371481, 0.0]]