[[0.0, 8.38180771916709, 15.551289532646773, 26.780860503338932, 36.14771158936788, 33.75657912275595, 24.4269902440463, 14.651854387231877, 8.681043721901709, 5.210222053879951], [8.38180771916709, 0.0, 7.331978695271149, 18.74981496300798, 28.47913156043186, 26.40006219948896, 16.814190876103257, 8.535254428300714, 6.345442050712465, 9.636373802021692], [15.551289532646773, 7.331978695271149, 0.0, 11.506946793518514, 21.365537958750206, 19.474196145887458, 9.947820467942611, 6.415260297409998, 10.073147206686198, 15.46482707153436], [26.780860503338932, 18.74981496300798, 11.506946793518514, 0.0, 10.143179617450832, 10.014574142245287, 6.19429162434269, 14.775245590527051, 20.349633115815575, 25.911286070718027], [36.14771158936788, 28.47913156043186, 21.365537958750206, 10.143179617450832, 0.0, 6.30351802382495, 13.451865483876578, 23.403166941602862, 29.123517901340932, 34.5509482796037], [33.75657912275595, 26.40006219948896, 19.474196145887458, 10.014574142245287, 6.30351802382495, 0.0, 10.014117266636834, 19.88483041675933, 25.932372859551162, 31.6498331435875], [24.4269902440463, 16.814190876103257, 9.947820467942611, 6.19429162434269, 13.451865483876578, 10.014117266636834, 0.0, 10.514660071801515, 16.846882947774166, 22.918606063829014], [14.651854387231877, 8.535254428300714, 6.415260297409998, 14.775245590527051, 23.403166941602862, 19.88483041675933, 10.514660071801515, 0.0, 6.560344976561596, 12.879325795242737], [8.681043721901709, 6.345442050712465, 10.073147206686198, 20.349633115815575, 29.123517901340932, 25.932372859551162, 16.846882947774166, 6.560344976561596, 0.0, 6.3596108525066235], [5.210222053879951, 9.636373802021692, 15.46482707153436, 25.911286070718027, 34.5509482796037, 31.6498331435875, 22.918606063829014, 12.879325795242737, 6.3596108525066235, 0.0]]