[[0.0, 7.995204809663474, 15.117801357878367, 25.525797705442663, 34.2297587749577, 32.94263660226716, 23.868331734581066, 14.413640107301868, 8.856678793677963, 5.4434381493844475], [7.995204809663474, 0.0, 7.301349575053166, 18.17835609266064, 27.445703212049285, 26.42787704794916, 16.937269933140524, 8.401189393494533, 6.878812213515717, 9.857750244839336], [15.117801357878367, 7.301349575053166, 0.0, 11.076956193048206, 20.697774948731112, 20.090510499474245, 10.687741950883959, 6.323791362438676, 10.465160651729338, 15.679715240675675], [25.525797705442663, 18.17835609266064, 11.076956193048206, 0.0, 9.92710750006426, 10.495437208465114, 5.641301343476877, 12.953460244146079, 18.987174062818962, 24.77020483741299], [34.2297587749577, 27.445703212049285, 20.697774948731112, 9.92710750006426, 0.0, 4.637787958470505, 11.735612802079414, 20.939765904294372, 26.765478128473426, 32.47707924901053], [32.94263660226716, 26.42787704794916, 20.090510499474245, 10.495437208465114, 4.637787958470505, 0.0, 9.852825879174668, 19.038514035938228, 24.87102007520321, 30.742585317950894], [23.868331734581066, 16.937269933140524, 10.687741950883959, 5.641301343476877, 11.735612802079414, 9.852825879174668, 0.0, 9.759468713170143, 16.176678972425364, 22.375758986101182], [14.413640107301868, 8.401189393494533, 6.323791362438676, 12.953460244146079, 20.939765904294372, 19.038514035938228, 9.759468713170143, 0.0, 6.655354053342468, 12.971964028572504], [8.856678793677963, 6.878812213515717, 10.465160651729338, 18.987174062818962, 26.765478128473426, 24.87102007520321, 16.176678972425364, 6.655354053342468, 0.0, 6.358797432516701], [5.4434381493844475, 9.857750244839336, 15.679715240675675, 24.77020483741299, 32.47707924901053, 30.742585317950894, 22.375758986101182, 12.971964028572504, 6.358797432516701, 0.0]]