[[0.0, 9.046542926174672, 17.40565322943239, 23.628776179660004, 31.906746236799034, 24.506123500944863, 15.996533115793092, 7.6772223477714245], [9.046542926174672, 0.0, 8.675094314093133, 15.773836662814947, 25.80760649963592, 19.169068090690196, 11.895800130694278, 7.560361813677572], [17.40565322943239, 8.675094314093133, 0.0, 8.079932870354924, 19.932529097409617, 14.361487690064912, 10.681472272668266, 12.918995109316091], [23.628776179660004, 15.773836662814947, 8.079932870354924, 0.0, 12.4604503452972, 8.815638385369834, 11.213412072763445, 17.346233509053228], [31.906746236799034, 25.80760649963592, 19.932529097409617, 12.4604503452972, 0.0, 9.442785929685106, 17.79055532146206, 24.74990018123136], [24.506123500944863, 19.169068090690196, 14.361487690064912, 8.815638385369834, 9.442785929685106, 0.0, 8.980424438456403, 16.951922509374416], [15.996533115793092, 11.895800130694278, 10.681472272668266, 11.213412072763445, 17.79055532146206, 8.980424438456403, 0.0, 8.47688166580766], [7.6772223477714245, 7.560361813677572, 12.918995109316091, 17.346233509053228, 24.74990018123136, 16.951922509374416, 8.47688166580766, 0.0]]