[[0.0, 8.70195940849709, 16.67358871740286, 22.274566110624335, 30.51621971479656, 22.253336960565488, 15.038427874646938, 7.8090103497703875], [8.70195940849709, 0.0, 8.119866600974365, 14.79517000080192, 24.723946758321034, 16.488420108420243, 10.650858571320015, 7.258089383341187], [16.67358871740286, 8.119866600974365, 0.0, 9.069506639624343, 20.701846933659862, 13.071721768235665, 10.727864327860138, 12.85050444140887], [22.274566110624335, 14.79517000080192, 9.069506639624343, 0.0, 11.838999883363208, 5.834150249313267, 9.73632904240238, 15.756148817697143], [30.51621971479656, 24.723946758321034, 20.701846933659862, 11.838999883363208, 0.0, 9.438413589714216, 16.710705487171932, 23.014733504979567], [22.253336960565488, 16.488420108420243, 13.071721768235665, 5.834150249313267, 9.438413589714216, 0.0, 7.641028264163797, 14.722817971622995], [15.038427874646938, 10.650858571320015, 10.727864327860138, 9.73632904240238, 16.710705487171932, 7.641028264163797, 0.0, 7.547170296258262], [7.8090103497703875, 7.258089383341187, 12.85050444140887, 15.756148817697143, 23.014733504979567, 14.722817971622995, 7.547170296258262, 0.0]]