[[0.0, 7.993381538835362, 15.119336448464066, 25.452067255295272, 34.06595632309632, 32.79267795356723, 23.787466869149263, 14.402130459193078, 8.888174969639943, 5.442343257204657], [7.993381538835362, 0.0, 7.308053950380497, 18.0913324810104, 27.260878516020835, 26.260146770382452, 16.842808626257675, 8.3902430990839, 6.910190658642347, 9.85788066063629], [15.119336448464066, 7.308053950380497, 0.0, 10.968499248478894, 20.486513080479707, 19.905018461411686, 10.588235425183743, 6.31952083207936, 10.462369217803202, 15.678868453227707], [25.452067255295272, 18.0913324810104, 10.968499248478894, 0.0, 9.828169914899114, 10.428294412304728, 5.653769558964887, 12.887419254905653, 18.895366129182836, 24.715340017736132], [34.06595632309632, 27.260878516020835, 20.486513080479707, 9.828169914899114, 0.0, 4.633561032551315, 11.65957961152177, 20.76503468790768, 26.56289153547524, 32.33450521331349], [32.79267795356723, 26.260146770382452, 19.905018461411686, 10.428294412304728, 4.633561032551315, 0.0, 9.785781775834982, 18.876675825440163, 24.684169785938035, 30.613063957279728], [23.787466869149263, 16.842808626257675, 10.588235425183743, 5.653769558964887, 11.65957961152177, 9.785781775834982, 0.0, 9.681049824264564, 16.08481215898501, 22.318817653357065], [14.402130459193078, 8.3902430990839, 6.31952083207936, 12.887419254905653, 20.76503468790768, 18.876675825440163, 9.681049824264564, 0.0, 6.640905905334375, 12.966957171118983], [8.888174969639943, 6.910190658642347, 10.462369217803202, 18.895366129182836, 26.56289153547524, 24.684169785938035, 16.08481215898501, 6.640905905334375, 0.0, 6.366120996683224], [5.442343257204657, 9.85788066063629, 15.678868453227707, 24.715340017736132, 32.33450521331349, 30.613063957279728, 22.318817653357065, 12.966957171118983, 6.366120996683224, 0.0]]