[[0.0, 8.768187121852554, 15.999130676948825, 22.192876593848347, 30.741227691166564, 22.34360657429192, 15.36867324219358, 8.030484781631369], [8.768187121852554, 0.0, 7.522430027068248, 14.99516298823894, 25.26533385497728, 16.765746173289575, 11.253775503530004, 7.629349065586135], [15.999130676948825, 7.522430027068248, 0.0, 8.627519015555338, 20.177767139494968, 12.017626476900418, 9.764411224273074, 11.615333829599647], [22.192876593848347, 14.99516298823894, 8.627519015555338, 0.0, 11.94862248334652, 5.4166955573985325, 9.78937175442362, 15.652506790546841], [30.741227691166564, 25.26533385497728, 20.177767139494968, 11.94862248334652, 0.0, 10.428980469231353, 17.665266092797946, 23.790187685241428], [22.34360657429192, 16.765746173289575, 12.017626476900418, 5.4166955573985325, 10.428980469231353, 0.0, 7.749545414664397, 14.786100272707674], [15.36867324219358, 11.253775503530004, 9.764411224273074, 9.78937175442362, 17.665266092797946, 7.749545414664397, 0.0, 7.483424731924547], [8.030484781631369, 7.629349065586135, 11.615333829599647, 15.652506790546841, 23.790187685241428, 14.786100272707674, 7.483424731924547, 0.0]]