[[0.0, 7.580205168276778, 15.017033908743532, 22.884598693786398, 32.75630148482326, 21.655003542290682, 14.24517322326159, 6.135838181314921], [7.580205168276778, 0.0, 7.629377119939677, 16.28597820989117, 27.53224618325749, 17.21269736522077, 11.187826532877645, 7.511215661556656], [15.017033908743532, 7.629377119939677, 0.0, 9.681588846561754, 22.397203801555445, 13.261743442922764, 10.562141402866278, 12.686823771130149], [22.884598693786398, 16.28597820989117, 9.681588846561754, 0.0, 13.292437122931856, 8.611130724707875, 12.804437063899805, 19.021328414064673], [32.75630148482326, 27.53224618325749, 22.397203801555445, 13.292437122931856, 0.0, 14.083003976773593, 21.59149170459998, 28.42428073960361], [21.655003542290682, 17.21269736522077, 13.261743442922764, 8.611130724707875, 14.083003976773593, 0.0, 8.153159563497026, 16.23365514940933], [14.24517322326159, 11.187826532877645, 10.562141402866278, 12.804437063899805, 21.59149170459998, 8.153159563497026, 0.0, 8.44426723761695], [6.135838181314921, 7.511215661556656, 12.686823771130149, 19.021328414064673, 28.42428073960361, 16.23365514940933, 8.44426723761695, 0.0]]