[[0.0, 8.509348142115352, 15.818447107230153, 26.28410427717966, 34.00415616437185, 32.233535916860966, 23.820909802781824, 14.070432619940796, 8.612025380914117, 3.959580234243399], [8.509348142115352, 0.0, 7.618144798397182, 18.597476502005108, 26.96899568730445, 25.590805745833762, 16.649965028293277, 7.914077557564369, 7.5759818388422095, 9.641874166383266], [15.818447107230153, 7.618144798397182, 0.0, 11.10785368548227, 19.836980438626487, 19.00908298997219, 10.1347731891624, 6.436110673779157, 11.481467677139932, 15.956442760374287], [26.28410427717966, 18.597476502005108, 11.10785368548227, 0.0, 9.233207064230818, 10.197162615416604, 6.224941536184337, 14.060701169155116, 20.206305202701536, 25.565595196425], [34.00415616437185, 26.96899568730445, 19.836980438626487, 9.233207064230818, 0.0, 5.10751182846305, 11.39918131255727, 21.0676901325768, 26.853907109972454, 32.5655375378674], [32.233535916860966, 25.590805745833762, 19.00908298997219, 10.197162615416604, 5.10751182846305, 0.0, 9.226005604615088, 18.72698327224794, 24.440213379134914, 30.48045312421469], [23.820909802781824, 16.649965028293277, 10.1347731891624, 6.224941536184337, 11.39918131255727, 9.226005604615088, 0.0, 10.086816381507946, 16.574666656615275, 22.614012998301476], [14.070432619940796, 7.914077557564369, 6.436110673779157, 14.060701169155116, 21.0676901325768, 18.72698327224794, 10.086816381507946, 0.0, 7.009448872810687, 12.983535323404832], [8.612025380914117, 7.5759818388422095, 11.481467677139932, 20.206305202701536, 26.853907109972454, 24.440213379134914, 16.574666656615275, 7.009448872810687, 0.0, 6.349858211505039], [3.959580234243399, 9.641874166383266, 15.956442760374287, 25.565595196425, 32.5655375378674, 30.48045312421469, 22.614012998301476, 12.983535323404832, 6.349858211505039, 0.0]]