[[0.0, 8.770963548926652, 16.232886384876505, 23.64681031578737, 31.455961537544088, 23.159902748312245, 14.77528739786469, 6.426337794590478], [8.770963548926652, 0.0, 7.739906290774391, 15.748071846861379, 25.588460122332346, 16.752784433970998, 9.184459438276104, 6.0637693048072006], [16.232886384876505, 7.739906290774391, 0.0, 8.63428621413519, 20.631867102921923, 11.36765830708876, 7.356145827379038, 11.644038578794772], [23.64681031578737, 15.748071846861379, 8.63428621413519, 0.0, 13.433865884560143, 5.871590802446044, 10.121987542786396, 17.91615215389605], [31.455961537544088, 25.588460122332346, 20.631867102921923, 13.433865884560143, 0.0, 10.424646827340862, 17.69755598048911, 25.17118386352507], [23.159902748312245, 16.752784433970998, 11.36765830708876, 5.871590802446044, 10.424646827340862, 0.0, 8.428593524596259, 16.84106317680796], [14.77528739786469, 9.184459438276104, 7.356145827379038, 10.121987542786396, 17.69755598048911, 8.428593524596259, 0.0, 8.505071973233678], [6.426337794590478, 6.0637693048072006, 11.644038578794772, 17.91615215389605, 25.17118386352507, 16.84106317680796, 8.505071973233678, 0.0]]