[[0.0, 9.023186182180273, 15.681781748582589, 22.17290806589686, 30.61996755120888, 22.177054776691357, 14.864708911068155, 7.441514356133702], [9.023186182180273, 0.0, 7.346077032189698, 15.021061060114128, 25.47671352647052, 16.41117594538094, 10.078203271691239, 6.302235858339878], [15.681781748582589, 7.346077032189698, 0.0, 8.120498537870073, 19.660539541664182, 10.513124204861034, 7.072201214401138, 9.829760938417676], [22.17290806589686, 15.021061060114128, 8.120498537870073, 0.0, 12.099776015519748, 4.4277309277051815, 8.493263644093535, 15.084853229755005], [30.61996755120888, 25.47671352647052, 19.660539541664182, 12.099776015519748, 0.0, 10.392663559056743, 16.897924865268216, 23.406952778289895], [22.177054776691357, 16.41117594538094, 10.513124204861034, 4.4277309277051815, 10.392663559056743, 0.0, 7.411134667084251, 14.75215702088698], [14.864708911068155, 10.078203271691239, 7.072201214401138, 8.493263644093535, 16.897924865268216, 7.411134667084251, 0.0, 7.463507964374193], [7.441514356133702, 6.302235858339878, 9.829760938417676, 15.084853229755005, 23.406952778289895, 14.75215702088698, 7.463507964374193, 0.0]]