[[0.0, 9.851396610480059, 17.637079389095152, 30.643065645451646, 40.32942898826951, 35.85362558512903, 26.771774374075342, 18.562371001645268, 11.752288699618896, 6.052682148301939], [9.851396610480059, 0.0, 8.010636105846464, 21.520862467445138, 31.92420647059737, 27.560827911375682, 17.86755213176693, 10.322353343830711, 7.0831731039376695, 8.210604755795945], [17.637079389095152, 8.010636105846464, 0.0, 13.874399842396855, 24.417579250190137, 20.21517408603601, 10.322443054830286, 5.441589678526488, 9.522030022992837, 14.407289584651375], [30.643065645451646, 21.520862467445138, 13.874399842396855, 0.0, 12.339892787533207, 11.366953876187939, 8.412210939809937, 14.909144779097085, 21.498472849646063, 26.929677621711146], [40.32942898826951, 31.92420647059737, 24.417579250190137, 12.339892787533207, 0.0, 6.697639518320317, 15.172732840784816, 23.131671616194666, 29.73109964956535, 35.580050599259465], [35.85362558512903, 27.560827911375682, 20.21517408603601, 11.366953876187939, 6.697639518320317, 0.0, 10.145096488797236, 17.907058588484986, 24.645544863200183, 30.774505390804542], [26.771774374075342, 17.86755213176693, 10.322443054830286, 8.412210939809937, 15.172732840784816, 10.145096488797236, 0.0, 8.548893788308868, 15.989405991225595, 22.1844542742099], [18.562371001645268, 10.322353343830711, 5.441589678526488, 14.909144779097085, 23.131671616194666, 17.907058588484986, 8.548893788308868, 0.0, 7.625595007018601, 13.86020766015106], [11.752288699618896, 7.0831731039376695, 9.522030022992837, 21.498472849646063, 29.73109964956535, 24.645544863200183, 15.989405991225595, 7.625595007018601, 0.0, 6.374137872389412], [6.052682148301939, 8.210604755795945, 14.407289584651375, 26.929677621711146, 35.580050599259465, 30.774505390804542, 22.1844542742099, 13.86020766015106, 6.374137872389412, 0.0]]