[[0.0, 8.690801424313987, 16.64932831581208, 22.273970632754725, 30.51415587461783, 22.24060211030972, 15.036957846729237, 7.804556062163049], [8.690801424313987, 0.0, 8.107487874016833, 14.77320337264921, 24.705753924397737, 16.450916753103122, 10.64419842873619, 7.22682575976424], [16.64932831581208, 8.107487874016833, 0.0, 8.957956979645193, 20.654994067799635, 12.976465532224909, 10.698299882249984, 12.801534597048354], [22.273970632754725, 14.77320337264921, 8.957956979645193, 0.0, 11.95145182202037, 5.855937167452281, 9.748027342973758, 15.771315767433293], [30.51415587461783, 24.705753924397737, 20.654994067799635, 11.95145182202037, 0.0, 9.504279103739062, 16.703360218420666, 23.018243773771147], [22.24060211030972, 16.450916753103122, 12.976465532224909, 5.855937167452281, 9.504279103739062, 0.0, 7.6124695730085525, 14.717861933609411], [15.036957846729237, 10.64419842873619, 10.698299882249984, 9.748027342973758, 16.703360218420666, 7.6124695730085525, 0.0, 7.540013900896071], [7.804556062163049, 7.22682575976424, 12.801534597048354, 15.771315767433293, 23.018243773771147, 14.717861933609411, 7.540013900896071, 0.0]]