[[0.0, 8.020589008406928, 14.725472993169287, 24.905916809432696, 32.98298494976908, 31.55528931452631, 23.232822266568327, 14.251758926937056, 8.276486351913418, 6.8088420962129845], [8.020589008406928, 0.0, 6.9346014424345945, 17.36424243533227, 25.84635873404043, 24.795634264677844, 16.12959057738754, 8.166618702163948, 5.676328735022048, 10.493912465560497], [14.725472993169287, 6.9346014424345945, 0.0, 10.51086497076649, 19.107323648059662, 18.306686557439008, 9.66889191070109, 5.273570198308731, 8.915090705127849, 15.15320756464736], [24.905916809432696, 17.36424243533227, 10.51086497076649, 0.0, 8.896112249314864, 9.84635002730941, 5.762852927339462, 12.515272998639542, 18.164215898336682, 23.914646049475248], [32.98298494976908, 25.84635873404043, 19.107323648059662, 8.896112249314864, 0.0, 5.699726184153237, 11.39014529682361, 19.90318194907995, 25.679706609905512, 30.884371077789456], [31.55528931452631, 24.795634264677844, 18.306686557439008, 9.84635002730941, 5.699726184153237, 0.0, 9.049858611411175, 17.65497242128019, 23.648580387801776, 28.958970939711342], [23.232822266568327, 16.12959057738754, 9.66889191070109, 5.762852927339462, 11.39014529682361, 9.049858611411175, 0.0, 9.250726172163187, 15.58326447083556, 21.699312900887413], [14.251758926937056, 8.166618702163948, 5.273570198308731, 12.515272998639542, 19.90318194907995, 17.65497242128019, 9.250726172163187, 0.0, 6.425754367728274, 12.956054047013465], [8.276486351913418, 5.676328735022048, 8.915090705127849, 18.164215898336682, 25.679706609905512, 23.648580387801776, 15.58326447083556, 6.425754367728274, 0.0, 6.887339547785996], [6.8088420962129845, 10.493912465560497, 15.15320756464736, 23.914646049475248, 30.884371077789456, 28.958970939711342, 21.699312900887413, 12.956054047013465, 6.887339547785996, 0.0]]