[[0.0, 8.443050981022498, 17.235285565137264, 28.93014261956069, 36.23290035005028, 33.99222837474145, 24.603475339092764, 15.724964680160523, 8.685363315535449, 5.024545692318259], [8.443050981022498, 0.0, 8.898026757398743, 20.82756327557314, 28.45376172726392, 26.548287541427392, 16.91742012764124, 8.906534733952425, 6.327645376982814, 9.642071019323028], [17.235285565137264, 8.898026757398743, 0.0, 12.049543896696298, 19.900855221432696, 18.525167664062987, 9.19114796711167, 6.540608341275984, 11.83248139680414, 17.258268596263676], [28.93014261956069, 20.82756327557314, 12.049543896696298, 0.0, 8.32422766598932, 9.577995243322789, 8.007771387157229, 15.60978908771281, 22.60961479807551, 28.21105023807866], [36.23290035005028, 28.45376172726392, 19.900855221432696, 8.32422766598932, 0.0, 6.1597875248214535, 13.250631296953213, 22.105449513391804, 29.20600689902009, 34.81798155476026], [33.99222837474145, 26.548287541427392, 18.525167664062987, 9.577995243322789, 6.1597875248214535, 0.0, 10.041412187907335, 18.920437778586148, 26.17368211373434, 32.035100317881884], [24.603475339092764, 16.91742012764124, 9.19114796711167, 8.007771387157229, 13.250631296953213, 10.041412187907335, 0.0, 9.29724453339773, 17.014758128518814, 23.18217564255551], [15.724964680160523, 8.906534733952425, 6.540608341275984, 15.60978908771281, 22.105449513391804, 18.920437778586148, 9.29724453339773, 0.0, 7.9252974829227085, 14.277129101704094], [8.685363315535449, 6.327645376982814, 11.83248139680414, 22.60961479807551, 29.20600689902009, 26.17368211373434, 17.014758128518814, 7.9252974829227085, 0.0, 6.404814872353531], [5.024545692318259, 9.642071019323028, 17.258268596263676, 28.21105023807866, 34.81798155476026, 32.035100317881884, 23.18217564255551, 14.277129101704094, 6.404814872353531, 0.0]]