[[0.0, 8.510374251067342, 15.787330951509219, 25.72391272878716, 33.47530983726587, 31.69091822086495, 23.38731492630289, 14.05598153337653, 8.253163470054016, 5.127787510171423], [8.510374251067342, 0.0, 7.591139396642969, 17.93565312110992, 26.248567359391195, 25.011850766697417, 16.157791459059805, 7.9154240939507465, 6.578870109901702, 9.976785457556758], [15.787330951509219, 7.591139396642969, 0.0, 10.429546011992324, 19.01125483351265, 18.480052134158203, 9.776524657652278, 6.4432729910899305, 10.647567508503009, 15.739549891069851], [25.72391272878716, 17.93565312110992, 10.429546011992324, 0.0, 8.892466328684357, 10.226309450370943, 6.22321002531507, 13.409895895149221, 19.186250867711124, 24.546774158823066], [33.47530983726587, 26.248567359391195, 19.01125483351265, 8.892466328684357, 0.0, 5.969193985949777, 11.590190218969362, 20.52364921841077, 26.20990489617791, 31.45945314592752], [31.69091822086495, 25.011850766697417, 18.480052134158203, 10.226309450370943, 5.969193985949777, 0.0, 9.261683728727844, 18.088996515456408, 23.81217476365105, 29.34792361598786], [23.38731492630289, 16.157791459059805, 9.776524657652278, 6.22321002531507, 11.590190218969362, 9.261683728727844, 0.0, 9.558380407724625, 15.915394606206844, 21.911146956080458], [14.05598153337653, 7.9154240939507465, 6.4432729910899305, 13.409895895149221, 20.52364921841077, 18.088996515456408, 9.558380407724625, 0.0, 6.618102809486265, 12.897455317071659], [8.253163470054016, 6.578870109901702, 10.647567508503009, 19.186250867711124, 26.20990489617791, 23.81217476365105, 15.915394606206844, 6.618102809486265, 0.0, 6.371795201171644], [5.127787510171423, 9.976785457556758, 15.739549891069851, 24.546774158823066, 31.45945314592752, 29.34792361598786, 21.911146956080458, 12.897455317071659, 6.371795201171644, 0.0]]