[[0.0, 7.783080688504328, 16.78375852547888, 22.939257522425915, 30.4484479230313, 22.217137586109622, 14.965048309921153, 6.41069943350123], [7.783080688504328, 0.0, 9.288610617660533, 15.87763998494817, 25.38536576740721, 17.092664624822486, 10.548644561291985, 5.505748356490334], [16.78375852547888, 9.288610617660533, 0.0, 7.632424234184379, 20.489685059384833, 12.258955527682204, 9.14672077033048, 12.201999897211932], [22.939257522425915, 15.87763998494817, 7.632424234184379, 0.0, 14.213267089636952, 8.06553209934788, 10.582354082286889, 17.27904108158485], [30.4484479230313, 25.38536576740721, 20.489685059384833, 14.213267089636952, 0.0, 10.363832654716203, 17.169456961151244, 24.35873783084013], [22.217137586109622, 17.092664624822486, 12.258955527682204, 8.06553209934788, 10.363832654716203, 0.0, 7.515695493284771, 15.830168078893603], [14.965048309921153, 10.548644561291985, 9.14672077033048, 10.582354082286889, 17.169456961151244, 7.515695493284771, 0.0, 8.594175640164854], [6.41069943350123, 5.505748356490334, 12.201999897211932, 17.27904108158485, 24.35873783084013, 15.830168078893603, 8.594175640164854, 0.0]]