[[0.0, 7.66948388142468, 17.330979719366216, 23.73252304383893, 29.58030487350289, 23.469935261638387, 15.082927219978885, 6.655559212130337], [7.66948388142468, 0.0, 10.116557999672914, 17.99550070230164, 25.933425189490066, 20.186683665811728, 12.708268241613762, 7.659330870505461], [17.330979719366216, 10.116557999672914, 0.0, 9.835818296616148, 20.277115551348125, 15.502445415068621, 11.90744083028503, 13.93016848582019], [23.73252304383893, 17.99550070230164, 9.835818296616148, 0.0, 11.164264214410236, 8.679329766043749, 12.035263031125744, 18.39475635053438], [29.58030487350289, 25.933425189490066, 20.277115551348125, 11.164264214410236, 0.0, 8.044027288513005, 16.530798471894908, 23.61007951088471], [23.469935261638387, 20.186683665811728, 15.502445415068621, 8.679329766043749, 8.044027288513005, 0.0, 9.040737559756122, 17.037591365184692], [15.082927219978885, 12.708268241613762, 11.90744083028503, 12.035263031125744, 16.530798471894908, 9.040737559756122, 0.0, 8.513759321100226], [6.655559212130337, 7.659330870505461, 13.93016848582019, 18.39475635053438, 23.61007951088471, 17.037591365184692, 8.513759321100226, 0.0]]