[[0.0, 8.840504954959416, 16.26473725103953, 23.60496094325532, 31.428438954494275, 23.132347046623458, 14.745769450993391, 6.443590026698705], [8.840504954959416, 0.0, 7.69696909520007, 15.7186150906737, 25.692300319709116, 16.824163187262386, 9.292970433094357, 6.324644261921851], [16.26473725103953, 7.69696909520007, 0.0, 8.68649679688803, 20.754356469168112, 11.569633692307374, 7.615049715630291, 11.82292699507791], [23.60496094325532, 15.7186150906737, 8.68649679688803, 0.0, 13.396363780436321, 5.977577554894289, 10.153181353680088, 17.920958632914868], [31.428438954494275, 25.692300319709116, 20.754356469168112, 13.396363780436321, 0.0, 10.216303487910592, 17.568317229852187, 25.093269669000534], [23.132347046623458, 16.824163187262386, 11.569633692307374, 5.977577554894289, 10.216303487910592, 0.0, 8.421926574803951, 16.818206549978687], [14.745769450993391, 9.292970433094357, 7.615049715630291, 10.153181353680088, 17.568317229852187, 8.421926574803951, 0.0, 8.485850133052136], [6.443590026698705, 6.324644261921851, 11.82292699507791, 17.920958632914868, 25.093269669000534, 16.818206549978687, 8.485850133052136, 0.0]]