[[0.0, 7.740382873715295, 14.540767957356483, 24.663264880938332, 32.66701599645285, 31.667880404824363, 23.40480941751881, 14.346428805933028, 9.091415784759768, 8.472521433921605], [7.740382873715295, 0.0, 6.888280628220802, 17.17072945322175, 25.42992903646726, 24.605513861886845, 16.069588303418602, 7.638446674869566, 5.978737690423791, 10.876404647527417], [14.540767957356483, 6.888280628220802, 0.0, 10.358643958820624, 18.723159150645944, 18.073044592132945, 9.466271114099262, 4.2243401884398475, 8.892784364132194, 15.274477904327535], [24.663264880938332, 17.17072945322175, 10.358643958820624, 0.0, 8.66287703866227, 9.304488425274597, 4.598647347017273, 11.787849732241206, 17.795242667117776, 23.697566518308182], [32.66701599645285, 25.42992903646726, 18.723159150645944, 8.66287703866227, 0.0, 4.502600298471208, 10.417638390133769, 19.21700178843685, 24.996749687850638, 30.35081758740092], [31.667880404824363, 24.605513861886845, 18.073044592132945, 9.304488425274597, 4.502600298471208, 0.0, 8.873138964159292, 17.62661264139999, 23.397025000430542, 28.83949353057619], [23.40480941751881, 16.069588303418602, 9.466271114099262, 4.598647347017273, 10.417638390133769, 8.873138964159292, 0.0, 9.32587551966281, 15.680540987955169, 21.913404622232214], [14.346428805933028, 7.638446674869566, 4.2243401884398475, 11.787849732241206, 19.21700178843685, 17.62661264139999, 9.32587551966281, 0.0, 6.6075815943676375, 13.362294818689415], [9.091415784759768, 5.978737690423791, 8.892784364132194, 17.795242667117776, 24.996749687850638, 23.397025000430542, 15.680540987955169, 6.6075815943676375, 0.0, 6.94742025263234], [8.472521433921605, 10.876404647527417, 15.274477904327535, 23.697566518308182, 30.35081758740092, 28.83949353057619, 21.913404622232214, 13.362294818689415, 6.94742025263234, 0.0]]