[[0.0, 6.578833719739539, 14.110483343666365, 24.065517322656124, 32.927681589605676, 30.53954059925509, 22.203047155185075, 15.456281916021913, 9.084779564078975, 7.38004426674461], [6.578833719739539, 0.0, 7.7107153725898865, 17.859332602737485, 27.20034968927835, 25.176541373582914, 16.50428608510971, 11.312208847082257, 7.948196969495474, 10.838190712987108], [14.110483343666365, 7.7107153725898865, 0.0, 10.339903627589768, 19.95415337974676, 18.214563234241613, 9.452449482861999, 8.193705534744584, 10.660035803862622, 16.154332982529052], [24.065517322656124, 17.859332602737485, 10.339903627589768, 0.0, 10.133848051840273, 10.947500883711406, 6.410956135320378, 13.543617242445535, 19.063704113772356, 24.933932385558723], [32.927681589605676, 27.20034968927835, 19.95415337974676, 10.133848051840273, 0.0, 7.709225169876476, 12.615724489742192, 20.45790209328148, 26.625232436943378, 32.34788194883376], [30.53954059925509, 25.176541373582914, 18.214563234241613, 10.947500883711406, 7.709225169876476, 0.0, 8.933531768674808, 15.987809537132533, 22.94357283072445, 28.89496390154001], [22.203047155185075, 16.50428608510971, 9.452449482861999, 6.410956135320378, 12.615724489742192, 8.933531768674808, 0.0, 8.570775033453508, 15.426899849512314, 21.675788547672866], [15.456281916021913, 11.312208847082257, 8.193705534744584, 13.543617242445535, 20.45790209328148, 15.987809537132533, 8.570775033453508, 0.0, 7.381812212034456, 13.639471596081794], [9.084779564078975, 7.948196969495474, 10.660035803862622, 19.063704113772356, 26.625232436943378, 22.94357283072445, 15.426899849512314, 7.381812212034456, 0.0, 6.346490686717582], [7.38004426674461, 10.838190712987108, 16.154332982529052, 24.933932385558723, 32.34788194883376, 28.89496390154001, 21.675788547672866, 13.639471596081794, 6.346490686717582, 0.0]]