[[0.0, 9.691442560064885, 17.869013761087206, 23.87247718493447, 31.860118364185052, 24.360863174824, 15.991498422807789, 7.505897021300186], [9.691442560064885, 0.0, 8.676930257083376, 15.743479301345747, 25.956086526478416, 19.109846382045802, 12.649323295224175, 7.6176921969931275], [17.869013761087206, 8.676930257083376, 0.0, 8.00337962081501, 20.243976037883005, 14.276342323797788, 11.690074774408075, 12.97769656541017], [23.87247718493447, 15.743479301345747, 8.00337962081501, 0.0, 12.974182826029706, 8.810295085883617, 12.020682175938141, 17.348319266364275], [31.860118364185052, 25.956086526478416, 20.243976037883005, 12.974182826029706, 0.0, 9.176668021523344, 17.796180429245744, 24.520146707979507], [24.360863174824, 19.109846382045802, 14.276342323797788, 8.810295085883617, 9.176668021523344, 0.0, 9.026776292713583, 16.88435090712755], [15.991498422807789, 12.649323295224175, 11.690074774408075, 12.020682175938141, 17.796180429245744, 9.026776292713583, 0.0, 8.731017946036017], [7.505897021300186, 7.6176921969931275, 12.97769656541017, 17.348319266364275, 24.520146707979507, 16.88435090712755, 8.731017946036017, 0.0]]