[[0.0, 8.00123515891028, 15.1706308668968, 25.496876686871865, 34.06537974341694, 32.62540558281602, 23.77344635993892, 14.344486503586145, 8.760048320934192, 5.2936914901941545], [8.00123515891028, 0.0, 7.358456415078232, 18.11197698615416, 27.219093574529094, 26.02986351851206, 16.795897744614454, 8.28910184590834, 6.767886784388757, 9.788524929731548], [15.1706308668968, 7.358456415078232, 0.0, 10.919252449388832, 20.36238513988489, 19.595224508339495, 10.490530029425825, 6.296378701859427, 10.482555265392785, 15.707021140430479], [25.496876686871865, 18.11197698615416, 10.919252449388832, 0.0, 9.753413083283052, 10.214351970778221, 5.700224551920476, 13.020927385796949, 19.04591867906492, 24.825995577023654], [34.06537974341694, 27.219093574529094, 20.36238513988489, 9.753413083283052, 0.0, 4.768952100875202, 11.682206890023904, 20.87213339589813, 26.71811481921034, 32.447390699824155], [32.62540558281602, 26.02986351851206, 19.595224508339495, 10.214351970778221, 4.768952100875202, 0.0, 9.565959013692979, 18.77568232038777, 24.660893151522085, 30.572282096555906], [23.77344635993892, 16.795897744614454, 10.490530029425825, 5.700224551920476, 11.682206890023904, 9.565959013692979, 0.0, 9.741989069034926, 16.167359338477542, 22.37197566349474], [14.344486503586145, 8.28910184590834, 6.296378701859427, 13.020927385796949, 20.87213339589813, 18.77568232038777, 9.741989069034926, 0.0, 6.654943601471091, 12.971201220689817], [8.760048320934192, 6.767886784388757, 10.482555265392785, 19.04591867906492, 26.71811481921034, 24.660893151522085, 16.167359338477542, 6.654943601471091, 0.0, 6.358183740227078], [5.2936914901941545, 9.788524929731548, 15.707021140430479, 24.825995577023654, 32.447390699824155, 30.572282096555906, 22.37197566349474, 12.971201220689817, 6.358183740227078, 0.0]]