[[0.0, 7.593301187907801, 13.93741194766679, 23.260698043009004, 31.076968282484277, 31.158919389153617, 22.898560400379086, 14.527919717946235, 8.719486977590423, 7.064105178189943], [7.593301187907801, 0.0, 6.453820811612373, 15.96608724360082, 24.290812379105514, 25.03839398067354, 16.29682961982609, 9.305283092027507, 6.5323751382174144, 10.838642837325345], [13.93741194766679, 6.453820811612373, 0.0, 9.651787485726668, 18.232970539448665, 19.50182825298813, 10.583713173810034, 7.092661956821151, 9.280785353686833, 15.538881173342471], [23.260698043009004, 15.96608724360082, 9.651787485726668, 0.0, 9.195982875588504, 12.895065308340165, 6.641720854607035, 12.655130811316962, 17.46594716719485, 23.912450508998212], [31.076968282484277, 24.290812379105514, 18.232970539448665, 9.195982875588504, 0.0, 7.6339158788142925, 10.102542464302088, 18.894232296523743, 24.276731379762367, 30.384280147472346], [31.158919389153617, 25.03839398067354, 19.50182825298813, 12.895065308340165, 7.6339158788142925, 0.0, 9.091149265772394, 17.308862807953094, 23.11523057509334, 28.8718728119006], [22.898560400379086, 16.29682961982609, 10.583713173810034, 6.641720854607035, 10.102542464302088, 9.091149265772394, 0.0, 9.275784350866616, 15.28040627327219, 21.67366058436759], [14.527919717946235, 9.305283092027507, 7.092661956821151, 12.655130811316962, 18.894232296523743, 17.308862807953094, 9.275784350866616, 0.0, 6.294270629011594, 12.727919430281016], [8.719486977590423, 6.5323751382174144, 9.280785353686833, 17.46594716719485, 24.276731379762367, 23.11523057509334, 15.28040627327219, 6.294270629011594, 0.0, 6.695084730619098], [7.064105178189943, 10.838642837325345, 15.538881173342471, 23.912450508998212, 30.384280147472346, 28.8718728119006, 21.67366058436759, 12.727919430281016, 6.695084730619098, 0.0]]