[[0.0, 7.960674504993404, 16.926791206725124, 22.55084138465649, 30.502536206246752, 22.1846317110195, 14.908129354355628, 6.65768679496032], [7.960674504993404, 0.0, 9.198691000765871, 15.742555879592741, 25.777096654710473, 17.222078025501798, 10.595394504313086, 6.714683021931043], [16.926791206725124, 9.198691000765871, 0.0, 8.408006328441186, 21.06685887998315, 12.703902945776111, 9.510933168974482, 13.048070702406468], [22.55084138465649, 15.742555879592741, 8.408006328441186, 0.0, 13.20501882436469, 6.817661725021267, 9.749755087401528, 17.081912809353085], [30.502536206246752, 25.777096654710473, 21.06685887998315, 13.20501882436469, 0.0, 10.308841544191955, 17.19180926429589, 24.49463946676629], [22.1846317110195, 17.222078025501798, 12.703902945776111, 6.817661725021267, 10.308841544191955, 0.0, 7.536125828155738, 15.782480284640211], [14.908129354355628, 10.595394504313086, 9.510933168974482, 9.749755087401528, 17.19180926429589, 7.536125828155738, 0.0, 8.4591604378979], [6.65768679496032, 6.714683021931043, 13.048070702406468, 17.081912809353085, 24.49463946676629, 15.782480284640211, 8.4591604378979, 0.0]]