[[0.0, 9.273740768534184, 15.676268768760027, 22.182131520083008, 30.74368389119126, 22.382019466033267, 15.064096556995946, 8.063501977909166], [9.273740768534184, 0.0, 7.344704003168404, 15.180655874252238, 25.95813397975798, 17.334435535431926, 11.204824311472896, 8.712380842004444], [15.676268768760027, 7.344704003168404, 0.0, 8.16260949116231, 19.86017828098529, 11.6169130351262, 8.309129330205304, 11.274710257593233], [22.182131520083008, 15.180655874252238, 8.16260949116231, 0.0, 12.260013956211344, 5.753088565269963, 9.11344070541862, 15.707867901803002], [30.74368389119126, 25.95813397975798, 19.86017828098529, 12.260013956211344, 0.0, 9.956172694552508, 16.795786997956778, 23.39639564576847], [22.382019466033267, 17.334435535431926, 11.6169130351262, 5.753088565269963, 9.956172694552508, 0.0, 7.4844984353313215, 14.755797181567285], [15.064096556995946, 11.204824311472896, 8.309129330205304, 9.11344070541862, 16.795786997956778, 7.4844984353313215, 0.0, 7.379004550318153], [8.063501977909166, 8.712380842004444, 11.274710257593233, 15.707867901803002, 23.39639564576847, 14.755797181567285, 7.379004550318153, 0.0]]