[[0.0, 8.25842095215514, 15.74956281884688, 26.397980162839335, 33.79141712675617, 32.171783727617814, 23.801212656872952, 14.236596584044202, 8.931968481554671, 4.8309669644714], [8.25842095215514, 0.0, 7.609755507069791, 18.44488051734551, 26.22560468237408, 24.909551719335877, 16.14391451127099, 7.31548105803166, 6.555178501482094, 8.95855206032699], [15.74956281884688, 7.609755507069791, 0.0, 10.879866874169876, 18.964729625905616, 18.179790879100615, 9.42770914427068, 5.516839131595103, 10.678958304683936, 15.30357138996744], [26.397980162839335, 18.44488051734551, 10.879866874169876, 0.0, 8.855922127135553, 10.110345930855827, 6.403863274515003, 13.89638100626332, 19.99883862420588, 25.168078117600896], [33.79141712675617, 26.22560468237408, 18.964729625905616, 8.855922127135553, 0.0, 4.981530955562757, 11.15168263567813, 20.45981749968824, 26.24550766301864, 31.757441864277514], [32.171783727617814, 24.909551719335877, 18.179790879100615, 10.110345930855827, 4.981530955562757, 0.0, 9.188276949352963, 18.33349493347782, 24.025637613328264, 29.8865115594537], [23.801212656872952, 16.14391451127099, 9.42770914427068, 6.403863274515003, 11.15168263567813, 9.188276949352963, 0.0, 9.79626660984367, 16.323795740773683, 22.24887440520268], [14.236596584044202, 7.31548105803166, 5.516839131595103, 13.89638100626332, 20.45981749968824, 18.33349493347782, 9.79626660984367, 0.0, 7.01350003093156, 12.931639521703078], [8.931968481554671, 6.555178501482094, 10.678958304683936, 19.99883862420588, 26.24550766301864, 24.025637613328264, 16.323795740773683, 7.01350003093156, 0.0, 6.280358647479139], [4.8309669644714, 8.95855206032699, 15.30357138996744, 25.168078117600896, 31.757441864277514, 29.8865115594537, 22.24887440520268, 12.931639521703078, 6.280358647479139, 0.0]]