[[0.0, 7.573007979374182, 16.33411147765244, 28.094788637050915, 37.29089202229406, 35.51600376182688, 25.329410234449146, 14.815208370386898, 7.651507442271882, 4.739589377564897], [7.573007979374182, 0.0, 8.855913318466708, 20.804979507204084, 30.359787134794765, 28.974846517298346, 18.567994915556984, 8.943389508406474, 6.301892225757991, 9.05380727053459], [16.33411147765244, 8.855913318466708, 0.0, 12.081241567074384, 21.90235364761271, 20.99151221223759, 10.713233457735434, 6.499928976909441, 11.960453284029711, 16.62893663940966], [28.094788637050915, 20.804979507204084, 12.081241567074384, 0.0, 10.254671087005468, 11.245739315983721, 7.140963916369274, 15.524755926922428, 22.83329374351977, 27.69833988488987], [37.29089202229406, 30.359787134794765, 21.90235364761271, 10.254671087005468, 0.0, 5.771532000010566, 13.410544160327195, 23.91405055624038, 31.318869064089988, 36.16216454280818], [35.51600376182688, 28.974846517298346, 20.99151221223759, 11.245739315983721, 5.771532000010566, 0.0, 10.907970268322796, 21.416652739080288, 28.84997505979222, 33.79821570141065], [25.329410234449146, 18.567994915556984, 10.713233457735434, 7.140963916369274, 13.410544160327195, 10.907970268322796, 0.0, 10.932889143951337, 18.824109519834902, 24.056355717427625], [14.815208370386898, 8.943389508406474, 6.499928976909441, 15.524755926922428, 23.91405055624038, 21.416652739080288, 10.932889143951337, 0.0, 8.099233919455717, 13.494987791346162], [7.651507442271882, 6.301892225757991, 11.960453284029711, 22.83329374351977, 31.318869064089988, 28.84997505979222, 18.824109519834902, 8.099233919455717, 0.0, 5.434574605710917], [4.739589377564897, 9.05380727053459, 16.62893663940966, 27.69833988488987, 36.16216454280818, 33.79821570141065, 24.056355717427625, 13.494987791346162, 5.434574605710917, 0.0]]