[[0.0, 7.993447991626204, 15.116671041086857, 25.477394137297118, 34.14311160210311, 32.86178117114099, 23.819455398208035, 14.41372016152905, 8.87673697623316, 5.437231875461446], [7.993447991626204, 0.0, 7.304189199959362, 18.12335960446459, 27.351067242257095, 26.34028506250511, 16.882237175592604, 8.405579078751444, 6.9003712034931874, 9.856668433158791], [15.116671041086857, 7.304189199959362, 0.0, 11.0103905242657, 20.5904456656715, 19.99444914704771, 10.630717770759508, 6.3236776419823135, 10.463065961918094, 15.679179227694604], [25.477394137297118, 18.12335960446459, 11.0103905242657, 0.0, 9.889867090426552, 10.46889933954573, 5.645694313612632, 12.899082126160874, 18.927205777182138, 24.73703859532458], [34.14311160210311, 27.351067242257095, 20.5904456656715, 9.889867090426552, 0.0, 4.636642800042831, 11.707208808918466, 20.8355669012456, 26.65392555546693, 32.4058192688811], [32.86178117114099, 26.34028506250511, 19.99444914704771, 10.46889933954573, 4.636642800042831, 0.0, 9.826455169937274, 18.939861009324062, 24.766490541471995, 30.676597940893036], [23.819455398208035, 16.882237175592604, 10.630717770759508, 5.645694313612632, 11.707208808918466, 9.826455169937274, 0.0, 9.702657810785094, 16.120035911400972, 22.343644225483544], [14.41372016152905, 8.405579078751444, 6.3236776419823135, 12.899082126160874, 20.8355669012456, 18.939861009324062, 9.702657810785094, 0.0, 6.64896571993675, 12.972619668031319], [8.87673697623316, 6.9003712034931874, 10.463065961918094, 18.927205777182138, 26.65392555546693, 24.766490541471995, 16.120035911400972, 6.64896571993675, 0.0, 6.364348956362229], [5.437231875461446, 9.856668433158791, 15.679179227694604, 24.73703859532458, 32.4058192688811, 30.676597940893036, 22.343644225483544, 12.972619668031319, 6.364348956362229, 0.0]]