[[0.0, 8.706982293089498, 16.661812446190872, 22.274618343067637, 30.50087018027458, 22.24960392827632, 15.040080315064445, 7.81024313329982], [8.706982293089498, 0.0, 8.09779396501609, 14.789987228445906, 24.71060981506828, 16.485903303274256, 10.674405003309413, 7.272918105294806], [16.661812446190872, 8.09779396501609, 0.0, 9.019579522527094, 20.64399669627958, 13.034727160144248, 10.75037448879666, 12.834013163571791], [22.274618343067637, 14.789987228445906, 9.019579522527094, 0.0, 11.84596912754689, 5.848237394164503, 9.747761294497009, 15.764562726202527], [30.50087018027458, 24.71060981506828, 20.64399669627958, 11.84596912754689, 0.0, 9.423617069236522, 16.646134576177076, 22.997044005821227], [22.24960392827632, 16.485903303274256, 13.034727160144248, 5.848237394164503, 9.423617069236522, 0.0, 7.613942423180648, 14.721083780550059], [15.040080315064445, 10.674405003309413, 10.75037448879666, 9.747761294497009, 16.646134576177076, 7.613942423180648, 0.0, 7.533270042667262], [7.81024313329982, 7.272918105294806, 12.834013163571791, 15.764562726202527, 22.997044005821227, 14.721083780550059, 7.533270042667262, 0.0]]