[[0.0, 8.003231206300491, 15.291983923545466, 26.017046676864727, 33.223135899440585, 31.550851031247728, 23.23398785704008, 13.964081975556896, 8.686207880505968, 4.505572087403993], [8.003231206300491, 0.0, 7.547129992143303, 18.63900336832648, 26.26015916864774, 24.809005399335494, 16.152686559724916, 7.374681385524734, 6.725955163762096, 9.05363015431037], [15.291983923545466, 7.547129992143303, 0.0, 11.167428406614436, 19.0777240260827, 18.141998892957602, 9.794882746425657, 5.412641446303828, 10.550294303221733, 15.161182022074762], [26.017046676864727, 18.63900336832648, 11.167428406614436, 0.0, 8.685836630225209, 9.966437390132743, 7.568022937568835, 13.965188522978448, 19.883439470542264, 25.025953746123403], [33.223135899440585, 26.26015916864774, 19.0777240260827, 8.685836630225209, 0.0, 5.097593256149614, 11.602511024650227, 20.354818893904287, 25.963964813923663, 31.461262604723704], [31.550851031247728, 24.809005399335494, 18.141998892957602, 9.966437390132743, 5.097593256149614, 0.0, 9.01950246023515, 18.097749361951085, 23.665796420331723, 29.53219983380134], [23.23398785704008, 16.152686559724916, 9.794882746425657, 7.568022937568835, 11.602511024650227, 9.01950246023515, 0.0, 9.424879958234426, 15.769909088328886, 21.786431649521408], [13.964081975556896, 7.374681385524734, 5.412641446303828, 13.965188522978448, 20.354818893904287, 18.097749361951085, 9.424879958234426, 0.0, 6.991154842169998, 12.88248097264176], [8.686207880505968, 6.725955163762096, 10.550294303221733, 19.883439470542264, 25.963964813923663, 23.665796420331723, 15.769909088328886, 6.991154842169998, 0.0, 6.261773243471055], [4.505572087403993, 9.05363015431037, 15.161182022074762, 25.025953746123403, 31.461262604723704, 29.53219983380134, 21.786431649521408, 12.88248097264176, 6.261773243471055, 0.0]]