[[0.0, 9.835776367333693, 16.774548201773246, 22.29091964121079, 30.536011470498604, 22.229150578458388, 15.043502120357811, 7.707093888523806], [9.835776367333693, 0.0, 7.500594609953134, 15.139480672343453, 25.774927569242365, 17.332874868924222, 11.746218614851077, 8.798015965190391], [16.774548201773246, 7.500594609953134, 0.0, 9.069164519098162, 20.92057218375086, 13.045993380878627, 10.642610959749211, 12.693751894781347], [22.29091964121079, 15.139480672343453, 9.069164519098162, 0.0, 12.090244496646092, 5.814339788694153, 9.726568749796355, 15.71926105484364], [30.536011470498604, 25.774927569242365, 20.92057218375086, 12.090244496646092, 0.0, 9.69333101063247, 16.965776159170503, 23.212280068822906], [22.229150578458388, 17.332874868924222, 13.045993380878627, 5.814339788694153, 9.69333101063247, 0.0, 7.674612279109544, 14.73429536744299], [15.043502120357811, 11.746218614851077, 10.642610959749211, 9.726568749796355, 16.965776159170503, 7.674612279109544, 0.0, 7.523781875656615], [7.707093888523806, 8.798015965190391, 12.693751894781347, 15.71926105484364, 23.212280068822906, 14.73429536744299, 7.523781875656615, 0.0]]