[[0.0, 8.274755461039863, 15.098474666611395, 22.488864611891145, 32.03152991515862, 21.89540232772262, 14.591427650949132, 6.128074651559084], [8.274755461039863, 0.0, 7.419155006213242, 16.054360394796518, 27.805994570634027, 18.655452920980775, 12.921024235714983, 8.528457523277815], [15.098474666611395, 7.419155006213242, 0.0, 9.454102224833617, 22.848902510493712, 14.724757094288549, 11.794653760918331, 12.7197005186783], [22.488864611891145, 16.054360394796518, 9.454102224833617, 0.0, 14.209450314970173, 9.685946651421789, 12.788706458157092, 18.48370535263319], [32.03152991515862, 27.805994570634027, 22.848902510493712, 14.209450314970173, 0.0, 12.653815388051896, 20.11790342418566, 27.416418498427124], [21.89540232772262, 18.655452920980775, 14.724757094288549, 9.685946651421789, 12.653815388051896, 0.0, 7.995328662098768, 16.345493279251563], [14.591427650949132, 12.921024235714983, 11.794653760918331, 12.788706458157092, 20.11790342418566, 7.995328662098768, 0.0, 8.666511405001783], [6.128074651559084, 8.528457523277815, 12.7197005186783, 18.48370535263319, 27.416418498427124, 16.345493279251563, 8.666511405001783, 0.0]]