[[0.0, 8.210828404178775, 15.487597158529788, 21.88224859070824, 31.011375114870578, 21.58967069992215, 13.778932911685214, 6.3682061746356], [8.210828404178775, 0.0, 7.625158282552894, 14.996764886549164, 25.984607433692336, 17.352542662425183, 10.405891132340036, 6.335060860503078], [15.487597158529788, 7.625158282552894, 0.0, 8.251034449903658, 20.885769160453492, 13.418997915157489, 9.504754673555231, 11.182551553106787], [21.88224859070824, 14.996764886549164, 8.251034449903658, 0.0, 13.26997270216051, 8.494365640232708, 10.800206798566172, 16.315167956049795], [31.011375114870578, 25.984607433692336, 20.885769160453492, 13.26997270216051, 0.0, 11.3221489876769, 18.929690266871194, 25.270553983037594], [21.58967069992215, 17.352542662425183, 13.418997915157489, 8.494365640232708, 11.3221489876769, 0.0, 8.20652390550573, 15.341418461906125], [13.778932911685214, 10.405891132340036, 9.504754673555231, 10.800206798566172, 18.929690266871194, 8.20652390550573, 0.0, 7.413297088285415], [6.3682061746356, 6.335060860503078, 11.182551553106787, 16.315167956049795, 25.270553983037594, 15.341418461906125, 7.413297088285415, 0.0]]