[[0.0, 8.464408217927938, 15.572326802212764, 25.29922673674407, 32.67841306266822, 31.335642958307844, 23.16640281981061, 14.02585101909196, 8.390892182750889, 5.4324709869046695], [8.464408217927938, 0.0, 7.441380400886652, 17.615135820379187, 25.55330708006549, 24.815920074393816, 16.04802325777891, 8.009699969116006, 6.850286935519271, 10.246416230619808], [15.572326802212764, 7.441380400886652, 0.0, 10.267187438927275, 18.47419905560436, 18.448307407308075, 9.790851307828394, 6.361992568938838, 10.531998867206454, 15.723526941419376], [25.29922673674407, 17.615135820379187, 10.267187438927275, 0.0, 8.51610021177916, 10.300095480617546, 6.076231783785984, 12.958277304251096, 18.678641167126802, 24.186485879635246], [32.67841306266822, 25.55330708006549, 18.47419905560436, 8.51610021177916, 0.0, 5.658265643054327, 10.901210303871862, 19.615896690094342, 25.2444585768757, 30.685931255857856], [31.335642958307844, 24.815920074393816, 18.448307407308075, 10.300095480617546, 5.658265643054327, 0.0, 9.194730224439708, 17.716106094049536, 23.31033265987412, 28.961460763872132], [23.16640281981061, 16.04802325777891, 9.790851307828394, 6.076231783785984, 10.901210303871862, 9.194730224439708, 0.0, 9.335429456134412, 15.656234784298395, 21.765611907934407], [14.02585101909196, 8.009699969116006, 6.361992568938838, 12.958277304251096, 19.615896690094342, 17.716106094049536, 9.335429456134412, 0.0, 6.609354083662109, 12.944478930893972], [8.390892182750889, 6.850286935519271, 10.531998867206454, 18.678641167126802, 25.2444585768757, 23.31033265987412, 15.656234784298395, 6.609354083662109, 0.0, 6.397045925372975], [5.4324709869046695, 10.246416230619808, 15.723526941419376, 24.186485879635246, 30.685931255857856, 28.961460763872132, 21.765611907934407, 12.944478930893972, 6.397045925372975, 0.0]]