[[0.0, 9.076697178155774, 17.428626621980083, 23.62450686929001, 31.896857066925342, 24.49651805197798, 15.99829051976307, 7.653834399930404], [9.076697178155774, 0.0, 8.662677858674646, 15.790870166272471, 25.917313174207703, 19.217053543520088, 11.901167397221753, 7.581717277692503], [17.428626621980083, 8.662677858674646, 0.0, 8.095836917317076, 20.026063560354046, 14.40270234290517, 10.678433511720623, 12.916625788871992], [23.62450686929001, 15.790870166272471, 8.095836917317076, 0.0, 12.541182478724007, 8.834261189854645, 11.219040259564542, 17.34661809184375], [31.896857066925342, 25.917313174207703, 20.026063560354046, 12.541182478724007, 0.0, 9.4749047469877, 17.888328521857208, 24.81219611112731], [24.49651805197798, 19.217053543520088, 14.40270234290517, 8.834261189854645, 9.4749047469877, 0.0, 9.029603319209432, 16.970577568587135], [15.99829051976307, 11.901167397221753, 10.678433511720623, 11.219040259564542, 17.888328521857208, 9.029603319209432, 0.0, 8.477351928596747], [7.653834399930404, 7.581717277692503, 12.916625788871992, 17.34661809184375, 24.81219611112731, 16.970577568587135, 8.477351928596747, 0.0]]