[[0.0, 8.257212993432649, 16.49581962785908, 28.649348964284723, 38.453584350088796, 34.762080384828806, 24.82407623617707, 15.02063349483746, 7.596655606273258, 3.2010952780439057], [8.257212993432649, 0.0, 8.592894557883275, 20.916981948799286, 31.211452125635887, 28.090287366580874, 17.768056941683245, 8.978491086742139, 7.368672032055302, 10.045219609277936], [16.49581962785908, 8.592894557883275, 0.0, 12.516044914745999, 22.989382907447105, 20.121433724070485, 9.667170834099608, 5.429658303696835, 12.14928038479391, 17.506124032274133], [28.649348964284723, 20.916981948799286, 12.516044914745999, 0.0, 10.897439974837662, 10.290186280751282, 6.495435583350898, 15.238148138169386, 23.467741121291187, 29.29612526383865], [38.453584350088796, 31.211452125635887, 22.989382907447105, 10.897439974837662, 0.0, 6.673902323373785, 14.614555642416256, 24.57868048580625, 32.61700529915616, 38.639567803299464], [34.762080384828806, 28.090287366580874, 20.121433724070485, 10.290186280751282, 6.673902323373785, 0.0, 10.67983519029254, 20.35041627319925, 28.227806217788924, 34.548185060413154], [24.82407623617707, 17.768056941683245, 9.667170834099608, 6.495435583350898, 14.614555642416256, 10.67983519029254, 0.0, 10.182369413230205, 18.644835077609034, 24.988670882389165], [15.02063349483746, 8.978491086742139, 5.429658303696835, 15.238148138169386, 24.57868048580625, 20.35041627319925, 10.182369413230205, 0.0, 8.699941357727308, 15.109826298266768], [7.596655606273258, 7.368672032055302, 12.14928038479391, 23.467741121291187, 32.61700529915616, 28.227806217788924, 18.644835077609034, 8.699941357727308, 0.0, 6.681582659151644], [3.2010952780439057, 10.045219609277936, 17.506124032274133, 29.29612526383865, 38.639567803299464, 34.548185060413154, 24.988670882389165, 15.109826298266768, 6.681582659151644, 0.0]]