[[0.0, 9.916068293224436, 18.819100063331295, 25.632566835319828, 34.31633631204195, 25.272947587950203, 16.84696331150163, 7.559171988966581], [9.916068293224436, 0.0, 8.998035927662603, 16.76786709980375, 27.89880238348747, 18.956395901973483, 11.830961619518888, 7.688820401077267], [18.819100063331295, 8.998035927662603, 0.0, 9.5213467654868, 23.280776822695604, 15.207067008663635, 11.887383882647265, 14.50522110201182], [25.632566835319828, 16.76786709980375, 9.5213467654868, 0.0, 14.543567566172785, 8.918999370451486, 12.568273518898529, 19.48292156100899], [34.31633631204195, 27.89880238348747, 23.280776822695604, 14.543567566172785, 0.0, 10.886596642934604, 19.92009042198948, 27.453081959654547], [25.272947587950203, 18.956395901973483, 15.207067008663635, 8.918999370451486, 10.886596642934604, 0.0, 9.342870975034282, 17.951345945553417], [16.84696331150163, 11.830961619518888, 11.887383882647265, 12.568273518898529, 19.92009042198948, 9.342870975034282, 0.0, 9.399641416971342], [7.559171988966581, 7.688820401077267, 14.50522110201182, 19.48292156100899, 27.453081959654547, 17.951345945553417, 9.399641416971342, 0.0]]