[[0.0, 7.704739049549245, 14.966521553335864, 22.09305743472157, 30.65545263085378, 22.096055244042564, 14.763078662061382, 7.358247837407149], [7.704739049549245, 0.0, 7.408901914151785, 14.751393357724718, 24.211617792918858, 15.085265060754681, 8.008820157729915, 2.2998295069943775], [14.966521553335864, 7.408901914151785, 0.0, 7.577290718579102, 18.21273364933104, 8.267829735777944, 3.371248871843638, 7.869631163660213], [22.09305743472157, 14.751393357724718, 7.577290718579102, 0.0, 11.545535990149872, 2.188776969279648, 7.661517099763595, 14.750430595655606], [30.65545263085378, 24.211617792918858, 18.21273364933104, 11.545535990149872, 0.0, 10.748458583939238, 17.150289025825423, 23.622653720960543], [22.096055244042564, 15.085265060754681, 8.267829735777944, 2.188776969279648, 10.748458583939238, 0.0, 7.412274230137802, 14.750516995520188], [14.763078662061382, 8.008820157729915, 3.371248871843638, 7.661517099763595, 17.150289025825423, 7.412274230137802, 0.0, 7.463207417877854], [7.358247837407149, 2.2998295069943775, 7.869631163660213, 14.750430595655606, 23.622653720960543, 14.750516995520188, 7.463207417877854, 0.0]]