[[0.0, 9.040281955543367, 17.39981036189573, 23.631637733328958, 31.92277903025395, 24.513699469902154, 15.996550098285848, 7.687348254191492], [9.040281955543367, 0.0, 8.678588001864878, 15.773415243542217, 25.796818943438943, 19.164473084750494, 11.895440470328367, 7.559769254647788], [17.39981036189573, 8.678588001864878, 0.0, 8.088454353172612, 19.934132769603675, 14.364181172075874, 10.685283409068521, 12.924487390624087], [23.631637733328958, 15.773415243542217, 8.088454353172612, 0.0, 12.445188085877295, 8.811161635621605, 11.213611641492227, 17.346309176368095], [31.92277903025395, 25.796818943438943, 19.934132769603675, 12.445188085877295, 0.0, 9.439395898461724, 17.779640801500356, 24.741440813013828], [24.513699469902154, 19.164473084750494, 14.364181172075874, 8.811161635621605, 9.439395898461724, 0.0, 8.974880670234231, 16.94923490090848], [15.996550098285848, 11.895440470328367, 10.685283409068521, 11.213611641492227, 17.779640801500356, 8.974880670234231, 0.0, 8.477297304207633], [7.687348254191492, 7.559769254647788, 12.924487390624087, 17.346309176368095, 24.741440813013828, 16.94923490090848, 8.477297304207633, 0.0]]