[[0.0, 9.797086189808374, 16.709903926330426, 22.281600950895875, 30.51526956892859, 22.240983873748885, 15.038382068277059, 7.753998328250336], [9.797086189808374, 0.0, 7.48190002387328, 15.148364664868414, 25.705075066187554, 17.365623578014986, 11.806276614932708, 8.935159091647163], [16.709903926330426, 7.48190002387328, 0.0, 9.040778007070465, 20.76042076934295, 13.043110513744837, 10.679918088612853, 12.758313559441861], [22.281600950895875, 15.148364664868414, 9.040778007070465, 0.0, 11.948406882418887, 5.836486377960462, 9.733741659473656, 15.740248855437356], [30.51526956892859, 25.705075066187554, 20.76042076934295, 11.948406882418887, 0.0, 9.532167557756468, 16.803121469116444, 23.09471681707654], [22.240983873748885, 17.365623578014986, 13.043110513744837, 5.836486377960462, 9.532167557756468, 0.0, 7.6527307285565085, 14.727455912506988], [15.038382068277059, 11.806276614932708, 10.679918088612853, 9.733741659473656, 16.803121469116444, 7.6527307285565085, 0.0, 7.532395492369343], [7.753998328250336, 8.935159091647163, 12.758313559441861, 15.740248855437356, 23.09471681707654, 14.727455912506988, 7.532395492369343, 0.0]]