[[0.0, 8.290333064059187, 15.811369288114516, 25.86310202549704, 33.856755623761636, 32.25267042710685, 23.575895938382043, 14.246710389177181, 8.963134798085434, 4.928550126134255], [8.290333064059187, 0.0, 7.634126426806539, 17.872462308379948, 26.23613434615912, 24.942913626946755, 16.037722390922536, 7.294857660537594, 6.549490957794278, 8.970096488005522], [15.811369288114516, 7.634126426806539, 0.0, 10.31371828109562, 18.9461688403771, 18.188730546272055, 9.676508021228527, 5.560311281968485, 10.701033905460207, 15.315376243991558], [25.86310202549704, 17.872462308379948, 10.31371828109562, 0.0, 8.956936753405044, 9.58978918836009, 6.336299910138879, 13.0255709759561, 19.204020765243847, 24.505436282574586], [33.856755623761636, 26.23613434615912, 18.9461688403771, 8.956936753405044, 0.0, 4.96308596511223, 11.823050149821409, 20.524675110928456, 26.276904201413394, 31.757861020889127], [32.25267042710685, 24.942913626946755, 18.188730546272055, 9.58978918836009, 4.96308596511223, 0.0, 9.416920693338245, 18.41782442367844, 24.074495570402487, 29.90589645832238], [23.575895938382043, 16.037722390922536, 9.676508021228527, 6.336299910138879, 11.823050149821409, 9.416920693338245, 0.0, 9.42097836408735, 15.874018064844103, 21.896209428779517], [14.246710389177181, 7.294857660537594, 5.560311281968485, 13.0255709759561, 20.524675110928456, 18.41782442367844, 9.42097836408735, 0.0, 7.01592114644549, 12.932344672970057], [8.963134798085434, 6.549490957794278, 10.701033905460207, 19.204020765243847, 26.276904201413394, 24.074495570402487, 15.874018064844103, 7.01592114644549, 0.0, 6.278399258949213], [4.928550126134255, 8.970096488005522, 15.315376243991558, 24.505436282574586, 31.757861020889127, 29.90589645832238, 21.896209428779517, 12.932344672970057, 6.278399258949213, 0.0]]