[[0.0, 6.580956236467614, 14.046281510709553, 23.809602978008098, 32.47912906640562, 30.455743425138635, 22.13037675842879, 15.403580292420006, 9.06185665049481, 7.385156356440465], [6.580956236467614, 0.0, 7.641715327998621, 17.589986488720054, 26.76288307870642, 25.170904613681195, 16.483896550776613, 11.335948533307658, 8.041894666954862, 10.938695058666687], [14.046281510709553, 7.641715327998621, 0.0, 10.136323321172869, 19.607256201383738, 18.362187243116924, 9.56142565603195, 8.331310372835533, 10.771491316507385, 16.248724503995813], [23.809602978008098, 17.589986488720054, 10.136323321172869, 0.0, 10.0438917439854, 11.325908971081613, 6.43249634641552, 13.484678611607842, 18.97614521181183, 24.873917502223588], [32.47912906640562, 26.76288307870642, 19.607256201383738, 10.0438917439854, 0.0, 7.571471145894238, 12.16666214800703, 20.091700663792952, 26.27544161238496, 32.05438363362816], [30.455743425138635, 25.170904613681195, 18.362187243116924, 11.325908971081613, 7.571471145894238, 0.0, 8.95968400284128, 15.96476173939483, 22.891754035054237, 28.849062889699514], [22.13037675842879, 16.483896550776613, 9.56142565603195, 6.43249634641552, 12.16666214800703, 8.95968400284128, 0.0, 8.560755583915535, 15.40611018084721, 21.666743720932917], [15.403580292420006, 11.335948533307658, 8.331310372835533, 13.484678611607842, 20.091700663792952, 15.96476173939483, 8.560755583915535, 0.0, 7.373000877606959, 13.641801424251089], [9.06185665049481, 8.041894666954862, 10.771491316507385, 18.97614521181183, 26.27544161238496, 22.891754035054237, 15.40611018084721, 7.373000877606959, 0.0, 6.354150123780992], [7.385156356440465, 10.938695058666687, 16.248724503995813, 24.873917502223588, 32.05438363362816, 28.849062889699514, 21.666743720932917, 13.641801424251089, 6.354150123780992, 0.0]]