[[0.0, 6.583823586361197, 14.169514205021642, 24.65131363962296, 33.92570737316105, 30.260504508650513, 21.982700292013355, 14.668998017428356, 7.7813110294146455, 7.0654376290537755], [6.583823586361197, 0.0, 7.754916378376239, 18.52528290992213, 28.262818555900754, 24.752886559093305, 16.14903393695431, 9.955412755260577, 6.035378301586571, 10.548040932651], [14.169514205021642, 7.754916378376239, 0.0, 11.0588673404761, 21.073032065652246, 17.645856101696904, 8.96824460896278, 6.561315743964848, 9.639172688455895, 16.02817212386631], [24.65131363962296, 18.52528290992213, 11.0588673404761, 0.0, 10.397784398938121, 9.869356830393812, 6.832114871734886, 13.473725034682651, 19.255449293919913, 25.234431548184794], [33.92570737316105, 28.262818555900754, 21.073032065652246, 10.397784398938121, 0.0, 8.667300781940709, 14.403972569541013, 21.763864202254826, 27.891633725259013, 33.22042373201999], [30.260504508650513, 24.752886559093305, 17.645856101696904, 9.869356830393812, 8.667300781940709, 0.0, 8.949375749755172, 16.2267963879214, 23.23385434400655, 28.82760370041646], [21.982700292013355, 16.14903393695431, 8.96824460896278, 6.832114871734886, 14.403972569541013, 8.949375749755172, 0.0, 8.282956325295517, 15.363755501979131, 21.631218639929674], [14.668998017428356, 9.955412755260577, 6.561315743964848, 13.473725034682651, 21.763864202254826, 16.2267963879214, 8.282956325295517, 0.0, 7.406041782000085, 13.70208531708608], [7.7813110294146455, 6.035378301586571, 9.639172688455895, 19.255449293919913, 27.891633725259013, 23.23385434400655, 15.363755501979131, 7.406041782000085, 0.0, 6.717239971331155], [7.0654376290537755, 10.548040932651, 16.02817212386631, 25.234431548184794, 33.22042373201999, 28.82760370041646, 21.631218639929674, 13.70208531708608, 6.717239971331155, 0.0]]