[[0.0, 9.69149614800166, 17.867848745223053, 23.88672058974865, 31.907505148451424, 24.37721621764036, 15.992626477529639, 7.490309807329069], [9.69149614800166, 0.0, 8.675545294286348, 15.76976765040072, 26.01156216600489, 19.13042687326331, 12.649204783009443, 7.5920855308681165], [17.867848745223053, 8.675545294286348, 0.0, 8.074701524550678, 20.309973583189244, 14.303036046875258, 11.685310592877924, 12.950572044635134], [23.88672058974865, 15.76976765040072, 8.074701524550678, 0.0, 12.90936488089588, 8.776281155315727, 12.045607449660729, 17.345638248129585], [31.907505148451424, 26.01156216600489, 20.309973583189244, 12.90936488089588, 0.0, 9.206330931118758, 17.883732947682205, 24.604018954143484], [24.37721621764036, 19.13042687326331, 14.303036046875258, 8.776281155315727, 9.206330931118758, 0.0, 9.070199364866797, 16.908829591351083], [15.992626477529639, 12.649204783009443, 11.685310592877924, 12.045607449660729, 17.883732947682205, 9.070199364866797, 0.0, 8.718770214718242], [7.490309807329069, 7.5920855308681165, 12.950572044635134, 17.345638248129585, 24.604018954143484, 16.908829591351083, 8.718770214718242, 0.0]]