[[0.0, 8.473645477986969, 15.731447356081574, 26.068809935060152, 33.64382822569526, 31.935542130335993, 23.595407756018183, 13.983065325389207, 8.587546735557371, 4.081795405669176], [8.473645477986969, 0.0, 7.598267226364899, 18.461794614544758, 26.692633260556736, 25.374396741348512, 16.48108920197916, 7.884646960577053, 7.620348774481455, 9.686897211661998], [15.731447356081574, 7.598267226364899, 0.0, 10.985639197065824, 19.57324161868164, 18.818958598435067, 10.011892234807819, 6.448173291688585, 11.45064336013562, 15.87213041964027], [26.068809935060152, 18.461794614544758, 10.985639197065824, 0.0, 9.098602160069092, 10.147256157371313, 6.298308501386064, 13.97949499096205, 20.031910105645068, 25.30321669087978], [33.64382822569526, 26.692633260556736, 19.57324161868164, 9.098602160069092, 0.0, 5.0806782746737635, 11.339946353555199, 20.831406755195122, 26.518562155527373, 32.13355164381349], [31.935542130335993, 25.374396741348512, 18.818958598435067, 10.147256157371313, 5.0806782746737635, 0.0, 9.207566270851922, 18.54256329351029, 24.165499924080258, 30.12209104138398], [23.595407756018183, 16.48108920197916, 10.011892234807819, 6.298308501386064, 11.339946353555199, 9.207566270851922, 0.0, 9.947211201432545, 16.39437919633095, 22.375691555528494], [13.983065325389207, 7.884646960577053, 6.448173291688585, 13.97949499096205, 20.831406755195122, 18.54256329351029, 9.947211201432545, 0.0, 6.993193028984112, 12.922433109498613], [8.587546735557371, 7.620348774481455, 11.45064336013562, 20.031910105645068, 26.518562155527373, 24.165499924080258, 16.39437919633095, 6.993193028984112, 0.0, 6.304273619960195], [4.081795405669176, 9.686897211661998, 15.87213041964027, 25.30321669087978, 32.13355164381349, 30.12209104138398, 22.375691555528494, 12.922433109498613, 6.304273619960195, 0.0]]