[[0.0, 6.639843718771099, 14.481445521270107, 25.498222968125326, 35.04539177280462, 30.414174952021995, 23.374374542243608, 14.669588997168734, 7.714667676490674, 7.064871452083545], [6.639843718771099, 0.0, 8.01615854850177, 19.29490292900179, 29.21969653048898, 24.569206848875158, 17.37326834912159, 9.741356970218572, 5.727507767667715, 10.341307527215358], [14.481445521270107, 8.01615854850177, 0.0, 11.528270960503399, 21.643586446006026, 16.92861200667775, 9.821870370299644, 6.328050254836951, 9.667160158918442, 15.937445345895087], [25.498222968125326, 19.29490292900179, 11.528270960503399, 0.0, 10.427857292103587, 8.54116861518645, 7.074567767434559, 14.294084849893048, 20.040604762881433, 25.69640356337242], [35.04539177280462, 29.21969653048898, 21.643586446006026, 10.427857292103587, 0.0, 8.806757205197263, 14.546556752748256, 23.03107171108079, 29.080285113602102, 34.08161370162658], [30.414174952021995, 24.569206848875158, 16.92861200667775, 8.54116861518645, 8.806757205197263, 0.0, 7.5736619872266555, 16.59650116604268, 23.5840192054996, 29.114631448192522], [23.374374542243608, 17.37326834912159, 9.821870370299644, 7.074567767434559, 14.546556752748256, 7.5736619872266555, 0.0, 9.586549681416878, 16.71276336821778, 22.797327522482345], [14.669588997168734, 9.741356970218572, 6.328050254836951, 14.294084849893048, 23.03107171108079, 16.59650116604268, 9.586549681416878, 0.0, 7.434040514045777, 13.696326527608232], [7.714667676490674, 5.727507767667715, 9.667160158918442, 20.040604762881433, 29.080285113602102, 23.5840192054996, 16.71276336821778, 7.434040514045777, 0.0, 6.744203797039127], [7.064871452083545, 10.341307527215358, 15.937445345895087, 25.69640356337242, 34.08161370162658, 29.114631448192522, 22.797327522482345, 13.696326527608232, 6.744203797039127, 0.0]]