[[0.0, 7.575745667681431, 14.61181443317653, 22.88800853960818, 32.9585496268055, 21.919785054197817, 14.593887338986006, 6.743386216935674], [7.575745667681431, 0.0, 7.411237405556782, 16.32013823261032, 27.988107098593517, 17.814538914732708, 11.996636452570112, 8.543636259180161], [14.61181443317653, 7.411237405556782, 0.0, 9.381489653163243, 22.42426412602716, 13.24085893405054, 10.566526791461325, 12.710875365509882], [22.88800853960818, 16.32013823261032, 9.381489653163243, 0.0, 13.98226055000685, 9.635990379965364, 13.451256752211703, 19.46948279878644], [32.9585496268055, 27.988107098593517, 22.42426412602716, 13.98226055000685, 0.0, 14.1884408950194, 21.657473110320808, 28.618605009684785], [21.919785054197817, 17.814538914732708, 13.24085893405054, 9.635990379965364, 14.1884408950194, 0.0, 8.136713624524704, 16.29224102078078], [14.593887338986006, 11.996636452570112, 10.566526791461325, 13.451256752211703, 21.657473110320808, 8.136713624524704, 0.0, 8.46125257006798], [6.743386216935674, 8.543636259180161, 12.710875365509882, 19.46948279878644, 28.618605009684785, 16.29224102078078, 8.46125257006798, 0.0]]