[[0.0, 7.789049182624155, 16.87240400702167, 22.974184713819856, 30.411999814043813, 22.218838842709445, 14.97826332240871, 6.414287986690495], [7.789049182624155, 0.0, 9.38816705561064, 15.900353964385825, 25.339239977110225, 17.08617687422473, 10.548648453181762, 5.486473610694033], [16.87240400702167, 9.38816705561064, 0.0, 7.643447520191463, 20.56704323763783, 12.335028646453523, 9.213640107982783, 12.278509891143756], [22.974184713819856, 15.900353964385825, 7.643447520191463, 0.0, 14.27260301831761, 8.119898062756453, 10.602197066104083, 17.303840394446258], [30.411999814043813, 25.339239977110225, 20.56704323763783, 14.27260301831761, 0.0, 10.325516099880963, 17.147463523158784, 24.34050534305931], [22.218838842709445, 17.08617687422473, 12.335028646453523, 8.119898062756453, 10.325516099880963, 0.0, 7.518186120160236, 15.83042528113272], [14.97826332240871, 10.548648453181762, 9.213640107982783, 10.602197066104083, 17.147463523158784, 7.518186120160236, 0.0, 8.597045801647331], [6.414287986690495, 5.486473610694033, 12.278509891143756, 17.303840394446258, 24.34050534305931, 15.83042528113272, 8.597045801647331, 0.0]]