[[0.0, 8.393646122068585, 17.12181397934296, 22.78026936069047, 30.420505098808107, 22.124317818121693, 14.814678530546587, 6.409425164331197], [8.393646122068585, 0.0, 9.200215250122628, 15.761635614666073, 25.371897698792118, 17.096489388054962, 10.545262025947528, 6.4889182403516985], [17.12181397934296, 9.200215250122628, 0.0, 8.176362160594953, 20.350564198887806, 12.227547292731808, 9.139658362465305, 12.711341970378658], [22.78026936069047, 15.761635614666073, 8.176362160594953, 0.0, 12.790023537877756, 6.659695917221294, 9.740012826830823, 17.070222771072526], [30.420505098808107, 25.371897698792118, 20.350564198887806, 12.790023537877756, 0.0, 10.2501832413354, 17.05223305837866, 24.42557057901944], [22.124317818121693, 17.096489388054962, 12.227547292731808, 6.659695917221294, 10.2501832413354, 0.0, 7.499763484508762, 15.78879310339701], [14.814678530546587, 10.545262025947528, 9.139658362465305, 9.740012826830823, 17.05223305837866, 7.499763484508762, 0.0, 8.464610396730968], [6.409425164331197, 6.4889182403516985, 12.711341970378658, 17.070222771072526, 24.42557057901944, 15.78879310339701, 8.464610396730968, 0.0]]