[[0.0, 8.047221835944876, 15.426281646095925, 26.223993993126637, 33.49688706647009, 31.730610174752673, 23.373898314987706, 14.047519789469243, 8.703737772236076, 4.408270618400032], [8.047221835944876, 0.0, 7.615779925941662, 18.741898202587535, 26.418950330700785, 24.877667704860315, 16.21108757993889, 7.390610336698178, 6.650722796426941, 8.977406536653278], [15.426281646095925, 7.615779925941662, 0.0, 11.192217259222856, 19.157081165143584, 18.138960263602925, 9.796681230227358, 5.436589947575779, 10.602112122279646, 15.237064072201736], [26.223993993126637, 18.741898202587535, 11.192217259222856, 0.0, 8.736131822492895, 9.958273029658505, 7.590466425060119, 14.04398917789529, 20.055850398948056, 25.240837993594646], [33.49688706647009, 26.418950330700785, 19.157081165143584, 8.736131822492895, 0.0, 5.172681147977806, 11.699812911003574, 20.497053700907774, 26.218130518119825, 31.76501590147743], [31.730610174752673, 24.877667704860315, 18.138960263602925, 9.958273029658505, 5.172681147977806, 0.0, 9.013107934596642, 18.146306574677944, 23.825700640094784, 29.739081120292788], [23.373898314987706, 16.21108757993889, 9.796681230227358, 7.590466425060119, 11.699812911003574, 9.013107934596642, 0.0, 9.467019897070093, 15.871839355262452, 21.913067250744106], [14.047519789469243, 7.390610336698178, 5.436589947575779, 14.04398917789529, 20.497053700907774, 18.146306574677944, 9.467019897070093, 0.0, 6.996606904425673, 12.90828573171461], [8.703737772236076, 6.650722796426941, 10.602112122279646, 20.055850398948056, 26.218130518119825, 23.825700640094784, 15.871839355262452, 6.996606904425673, 0.0, 6.279119112221555], [4.408270618400032, 8.977406536653278, 15.237064072201736, 25.240837993594646, 31.76501590147743, 29.739081120292788, 21.913067250744106, 12.90828573171461, 6.279119112221555, 0.0]]