[[0.0, 6.576675400015496, 14.110576430497021, 24.300984702674683, 33.373080742159274, 30.36319313668109, 22.042853984691952, 14.773957465676993, 7.89032404476584, 7.110320361362486], [6.576675400015496, 0.0, 7.708617310678423, 18.153450123375446, 27.71107623453646, 24.95538986307064, 16.28948856334971, 10.166700979546611, 6.244140906985445, 10.645865014715008], [14.110576430497021, 7.708617310678423, 0.0, 10.694556534145907, 20.543488003476043, 17.96411371365996, 9.200651617553724, 6.760321326181248, 9.686859619360757, 16.079458022942504], [24.300984702674683, 18.153450123375446, 10.694556534145907, 0.0, 10.29645714710352, 10.383782931630696, 6.530441338486778, 13.092081432577555, 18.91869497108902, 25.06328536723861], [33.373080742159274, 27.71107623453646, 20.543488003476043, 10.29645714710352, 0.0, 8.099160022836568, 13.516602617845585, 20.97551296437752, 27.242856841047313, 32.78852560675729], [30.36319313668109, 24.95538986307064, 17.96411371365996, 10.383782931630696, 8.099160022836568, 0.0, 8.985202210067946, 16.186362487321322, 23.23234882939282, 28.8828771936507], [22.042853984691952, 16.28948856334971, 9.200651617553724, 6.530441338486778, 13.516602617845585, 8.985202210067946, 0.0, 8.249826142977135, 15.353627438133701, 21.651392009553152], [14.773957465676993, 10.166700979546611, 6.760321326181248, 13.092081432577555, 20.97551296437752, 16.186362487321322, 8.249826142977135, 0.0, 7.421485944210163, 13.711598602974455], [7.89032404476584, 6.244140906985445, 9.686859619360757, 18.91869497108902, 27.242856841047313, 23.23234882939282, 15.353627438133701, 7.421485944210163, 0.0, 6.6897031690945745], [7.110320361362486, 10.645865014715008, 16.079458022942504, 25.06328536723861, 32.78852560675729, 28.8828771936507, 21.651392009553152, 13.711598602974455, 6.6897031690945745, 0.0]]