[[0.0, 6.63253033861482, 15.022381424567977, 23.127537401740682, 31.188539678211583, 23.06329971390993, 14.696043131481378, 6.39379527142135], [6.63253033861482, 0.0, 8.537722062450323, 16.74689702083386, 25.10352864134208, 16.908345232912595, 8.951837851757872, 2.305400077108961], [15.022381424567977, 8.537722062450323, 0.0, 8.569359349736306, 17.88296902822015, 9.22701146653612, 4.453784327972113, 9.228282283792634], [23.127537401740682, 16.74689702083386, 8.569359349736306, 0.0, 9.951402997476286, 2.2352976987748185, 8.953075498871828, 16.900849218536685], [31.188539678211583, 25.10352864134208, 17.88296902822015, 9.951402997476286, 0.0, 9.262803048776544, 17.051806868259185, 24.79727019761853], [23.06329971390993, 16.908345232912595, 9.22701146653612, 2.2352976987748185, 9.262803048776544, 0.0, 8.482400528682138, 16.75700792542165], [14.696043131481378, 8.951837851757872, 4.453784327972113, 8.953075498871828, 17.051806868259185, 8.482400528682138, 0.0, 8.482085463804465], [6.39379527142135, 2.305400077108961, 9.228282283792634, 16.900849218536685, 24.79727019761853, 16.75700792542165, 8.482085463804465, 0.0]]