[[0.0, 7.993374530511377, 15.116885495054925, 25.505331539778105, 34.188168045090656, 32.91024603750013, 23.839813349049944, 14.41573398081922, 8.861976255992166, 5.452097040784488], [7.993374530511377, 0.0, 7.305044330768297, 18.15922243270884, 27.40460374297571, 26.397240395384767, 16.907944266124137, 8.408963788393791, 6.8879808292907585, 9.862966676799177], [15.116885495054925, 7.305044330768297, 0.0, 11.049771230256033, 20.647214267463056, 20.053000119686708, 10.654920956145567, 6.324456828152914, 10.464412636168502, 15.678304902955071], [25.505331539778105, 18.15922243270884, 11.049771230256033, 0.0, 9.904806445942398, 10.486015967413797, 5.650010925669082, 12.92746036334662, 18.964464204558823, 24.750247914061365], [34.188168045090656, 27.40460374297571, 20.647214267463056, 9.904806445942398, 0.0, 4.6323792675605695, 11.731903822228261, 20.88587638596202, 26.71710381800627, 32.43398427786073], [32.91024603750013, 26.397240395384767, 20.053000119686708, 10.486015967413797, 4.6323792675605695, 0.0, 9.858943684452665, 18.995248005571842, 24.832171055520703, 30.708209351053384], [23.839813349049944, 16.907944266124137, 10.654920956145567, 5.650010925669082, 11.731903822228261, 9.858943684452665, 0.0, 9.723541526147454, 16.14824255550631, 22.351740448149513], [14.41573398081922, 8.408963788393791, 6.324456828152914, 12.92746036334662, 20.88587638596202, 18.995248005571842, 9.723541526147454, 0.0, 6.654478310827154, 12.970812670511938], [8.861976255992166, 6.8879808292907585, 10.464412636168502, 18.964464204558823, 26.71710381800627, 24.832171055520703, 16.14824255550631, 6.654478310827154, 0.0, 6.358471278084536], [5.452097040784488, 9.862966676799177, 15.678304902955071, 24.750247914061365, 32.43398427786073, 30.708209351053384, 22.351740448149513, 12.970812670511938, 6.358471278084536, 0.0]]