[[0.0, 7.635931170621039, 14.864208946299698, 23.150780651936685, 31.82901669953484, 23.078885975839864, 14.728598662585183, 6.422380425768938], [7.635931170621039, 0.0, 7.445250255833311, 15.716688344199426, 25.10569891008354, 15.886019238020454, 7.468996602448284, 1.629999678949046], [14.864208946299698, 7.445250255833311, 0.0, 8.514301422507549, 19.192964761421617, 8.919025848085765, 1.1086169963544676, 8.672687513954367], [23.150780651936685, 15.716688344199426, 8.514301422507549, 0.0, 12.067916179371394, 2.222802351114017, 8.527488263334403, 16.80723027431248], [31.82901669953484, 25.10569891008354, 19.192964761421617, 12.067916179371394, 0.0, 10.994782026481376, 18.811556943393438, 25.715858276173943], [23.078885975839864, 15.886019238020454, 8.919025848085765, 2.222802351114017, 10.994782026481376, 0.0, 8.651318875651963, 16.80688164159937], [14.728598662585183, 7.468996602448284, 1.1086169963544676, 8.527488263334403, 18.811556943393438, 8.651318875651963, 0.0, 8.537697448526153], [6.422380425768938, 1.629999678949046, 8.672687513954367, 16.80723027431248, 25.715858276173943, 16.80688164159937, 8.537697448526153, 0.0]]