[[0.0, 9.03813456439447, 17.39146917587807, 23.63247476279605, 31.893266531455335, 24.504274625960957, 15.996612932795774, 7.701514457094267], [9.03813456439447, 0.0, 8.671457379289192, 15.774759495915431, 25.7502324076351, 19.147025343902953, 11.897715609801528, 7.576890583037741], [17.39146917587807, 8.671457379289192, 0.0, 8.074225739556521, 19.835997270305974, 14.316015066058117, 10.682029097819104, 12.928364398335818], [23.63247476279605, 15.774759495915431, 8.074225739556521, 0.0, 12.355303965545845, 8.786348678529093, 11.21144067364195, 17.34601276147438], [31.893266531455335, 25.7502324076351, 19.835997270305974, 12.355303965545845, 0.0, 9.415489986182399, 17.69719857793165, 24.674266556565062], [24.504274625960957, 19.147025343902953, 14.316015066058117, 8.786348678529093, 9.415489986182399, 0.0, 8.93243010121462, 16.927497523815212], [15.996612932795774, 11.897715609801528, 10.682029097819104, 11.21144067364195, 17.69719857793165, 8.93243010121462, 0.0, 8.481283233202921], [7.701514457094267, 7.576890583037741, 12.928364398335818, 17.34601276147438, 24.674266556565062, 16.927497523815212, 8.481283233202921, 0.0]]