[[0.0, 8.763368257790264, 18.5430521731205, 29.461745179398196, 36.13440302563568, 33.26204496732174, 26.04064097223436, 17.657167450681943, 11.376262170923626, 6.251123203076465], [8.763368257790264, 0.0, 9.955385587516588, 21.21655071915836, 28.177130987332603, 25.370836260496066, 17.871475997256887, 9.760740481963854, 7.128731883532862, 8.358571982707632], [18.5430521731205, 9.955385587516588, 0.0, 11.578560118789468, 19.064722069714367, 17.030764472757088, 9.843319493908243, 6.344595356039737, 12.050047414061448, 16.787042138425818], [29.461745179398196, 21.21655071915836, 11.578560118789468, 0.0, 8.074730283455173, 8.701244065423806, 7.586542053804881, 13.970856778221837, 21.058492078570893, 26.6291256994649], [36.13440302563568, 28.177130987332603, 19.064722069714367, 8.074730283455173, 0.0, 5.663444463027163, 11.619757911030934, 19.724098172968496, 26.52913456742645, 32.42914666988532], [33.26204496732174, 25.370836260496066, 17.030764472757088, 8.701244065423806, 5.663444463027163, 0.0, 7.779102660024287, 16.078367922562105, 22.89731631696793, 29.1154557361754], [26.04064097223436, 17.871475997256887, 9.843319493908243, 7.586542053804881, 11.619757911030934, 7.779102660024287, 0.0, 8.593460406039064, 16.10493266032575, 22.351342212866637], [17.657167450681943, 9.760740481963854, 6.344595356039737, 13.970856778221837, 19.724098172968496, 16.078367922562105, 8.593460406039064, 0.0, 8.010611200056209, 14.123766710803354], [11.376262170923626, 7.128731883532862, 12.050047414061448, 21.058492078570893, 26.52913456742645, 22.89731631696793, 16.10493266032575, 8.010611200056209, 0.0, 6.43180059632052], [6.251123203076465, 8.358571982707632, 16.787042138425818, 26.6291256994649, 32.42914666988532, 29.1154557361754, 22.351342212866637, 14.123766710803354, 6.43180059632052, 0.0]]