[[0.0, 9.298030703374183, 16.589453487911438, 22.68882840121708, 31.17313230917634, 22.6077692911251, 14.305274624611478, 5.671340691312592], [9.298030703374183, 0.0, 7.7734846994272795, 15.944815821945202, 27.986372350143505, 19.675044997903054, 12.444445663884032, 8.431635128995739], [16.589453487911438, 7.7734846994272795, 0.0, 9.695789029743064, 24.015932210179198, 16.72847058103023, 12.602539559621148, 13.808768706889872], [22.68882840121708, 15.944815821945202, 9.695789029743064, 0.0, 15.138188615100054, 10.41380843989095, 12.686645840611378, 18.359372200782055], [31.17313230917634, 27.986372350143505, 24.015932210179198, 15.138188615100054, 0.0, 10.912699296931672, 19.563329927254276, 26.4187099345817], [22.6077692911251, 19.675044997903054, 16.72847058103023, 10.41380843989095, 10.912699296931672, 0.0, 9.18325484961111, 17.21202409234954], [14.305274624611478, 12.444445663884032, 12.602539559621148, 12.686645840611378, 19.563329927254276, 9.18325484961111, 0.0, 8.66572010013669], [5.671340691312592, 8.431635128995739, 13.808768706889872, 18.359372200782055, 26.4187099345817, 17.21202409234954, 8.66572010013669, 0.0]]