[[0.0, 9.785102449949312, 16.68345119672719, 22.27649718953465, 30.516964791381746, 22.247420212810518, 15.037986304445486, 7.795926346659452], [9.785102449949312, 0.0, 7.47283607277866, 15.157245084618678, 25.700495313982206, 17.389891127755632, 11.854110769808338, 9.05620545675036], [16.68345119672719, 7.47283607277866, 0.0, 9.037551996206112, 20.72228551437291, 13.054451630741527, 10.722485531083924, 12.833994765763348], [22.27649718953465, 15.157245084618678, 9.037551996206112, 0.0, 11.909256393773965, 5.848333981767542, 9.739962332569517, 15.759817993413694], [30.516964791381746, 25.700495313982206, 20.72228551437291, 11.909256393773965, 0.0, 9.479471130031836, 16.7312732449969, 23.032994208892905], [22.247420212810518, 17.389891127755632, 13.054451630741527, 5.848333981767542, 9.479471130031836, 0.0, 7.635855447494668, 14.722421474285031], [15.037986304445486, 11.854110769808338, 10.722485531083924, 9.739962332569517, 16.7312732449969, 7.635855447494668, 0.0, 7.543195826757317], [7.795926346659452, 9.05620545675036, 12.833994765763348, 15.759817993413694, 23.032994208892905, 14.722421474285031, 7.543195826757317, 0.0]]