[[0.0, 8.434058395483575, 17.152164562619642, 22.771440830129677, 30.44703177043774, 22.1166540713036, 14.79263423513909, 6.404294247028786], [8.434058395483575, 0.0, 9.1662152579436, 15.74812816610006, 25.502409407242798, 17.145082298699208, 10.558895519595504, 6.539200642118652], [17.152164562619642, 9.1662152579436, 0.0, 8.1947417077116, 20.536183326155278, 12.39484445725936, 9.26221550227709, 12.764365936192641], [22.771440830129677, 15.74812816610006, 8.1947417077116, 0.0, 12.972307487166574, 6.7692579115401585, 9.751637902910566, 17.06838202559068], [30.44703177043774, 25.502409407242798, 20.536183326155278, 12.972307487166574, 0.0, 10.18553333152756, 17.047205158328328, 24.461373667782865], [22.1166540713036, 17.145082298699208, 12.39484445725936, 6.7692579115401585, 10.18553333152756, 0.0, 7.515004460463015, 15.790276782189158], [14.79263423513909, 10.558895519595504, 9.26221550227709, 9.751637902910566, 17.047205158328328, 7.515004460463015, 0.0, 8.444402108062418], [6.404294247028786, 6.539200642118652, 12.764365936192641, 17.06838202559068, 24.461373667782865, 15.790276782189158, 8.444402108062418, 0.0]]