[[0.0, 8.123747914851432, 15.439139264828624, 25.44539629911521, 33.11070843194264, 31.862039822851905, 23.513351006287763, 14.226188725004352, 8.967485487808608, 6.351494473072379], [8.123747914851432, 0.0, 7.459489164155144, 17.726812133956997, 25.771485317189054, 24.845510712992517, 16.22559020099833, 7.476117929769569, 6.74888040846784, 10.0763998145943], [15.439139264828624, 7.459489164155144, 0.0, 10.36469365152222, 18.6790698343429, 18.275158067861025, 9.912136188084633, 5.328942164834404, 10.544105611435283, 15.71138668494465], [25.44539629911521, 17.726812133956997, 10.36469365152222, 0.0, 8.619991926080091, 9.614244117233604, 5.958026699472401, 12.543451446764522, 18.83590920846992, 24.346166047767625], [33.11070843194264, 25.771485317189054, 18.6790698343429, 8.619991926080091, 0.0, 4.67650491013374, 10.847925613175725, 19.644761076117288, 25.53980045196395, 30.997081959355768], [31.862039822851905, 24.845510712992517, 18.275158067861025, 9.614244117233604, 4.67650491013374, 0.0, 8.952288606770168, 17.971825118720965, 23.69087526819089, 29.362274013538965], [23.513351006287763, 16.22559020099833, 9.912136188084633, 5.958026699472401, 10.847925613175725, 8.952288606770168, 0.0, 9.374201056506362, 15.822103361724444, 21.889571005161724], [14.226188725004352, 7.476117929769569, 5.328942164834404, 12.543451446764522, 19.644761076117288, 17.971825118720965, 9.374201056506362, 0.0, 7.009998794421652, 13.205841122759505], [8.967485487808608, 6.74888040846784, 10.544105611435283, 18.83590920846992, 25.53980045196395, 23.69087526819089, 15.822103361724444, 7.009998794421652, 0.0, 6.362661384866949], [6.351494473072379, 10.0763998145943, 15.71138668494465, 24.346166047767625, 30.997081959355768, 29.362274013538965, 21.889571005161724, 13.205841122759505, 6.362661384866949, 0.0]]