[[0.0, 9.840046376219325, 16.833328103887954, 22.75100062791061, 31.001051888447105, 22.391790644219814, 14.310736203917289, 5.659392759041646], [9.840046376219325, 0.0, 7.696802543504607, 16.008956042521888, 28.238051627367653, 19.417341050679955, 12.777565998111616, 9.138674639523288], [16.833328103887954, 7.696802543504607, 0.0, 9.668477215239898, 24.063180738926555, 16.11811867773773, 12.879282538805686, 14.210295925872655], [22.75100062791061, 16.008956042521888, 9.668477215239898, 0.0, 15.237598024682855, 9.570339765575142, 12.737646956563289, 18.44993167265825], [31.001051888447105, 28.238051627367653, 24.063180738926555, 15.237598024682855, 0.0, 10.56738732390358, 19.23593514156951, 26.09669626606396], [22.391790644219814, 19.417341050679955, 16.11811867773773, 9.570339765575142, 10.56738732390358, 0.0, 9.066781792692318, 17.002101792431688], [14.310736203917289, 12.777565998111616, 12.879282538805686, 12.737646956563289, 19.23593514156951, 9.066781792692318, 0.0, 8.693398768417332], [5.659392759041646, 9.138674639523288, 14.210295925872655, 18.44993167265825, 26.09669626606396, 17.002101792431688, 8.693398768417332, 0.0]]