[[0.0, 6.80425753586429, 18.186332702461097, 23.72901291811945, 29.531630181122225, 23.622298895801023, 15.072677786529406, 6.653461341259676], [6.80425753586429, 0.0, 11.584854595085345, 17.938735645302817, 25.30244626205006, 20.00769289188841, 12.010005227831375, 6.485995757235508], [18.186332702461097, 11.584854595085345, 0.0, 8.856390822709322, 19.357738258100323, 15.679313639313872, 11.937115852339414, 14.550832812825147], [23.72901291811945, 17.938735645302817, 8.856390822709322, 0.0, 11.059355583607442, 9.699861162533514, 12.016733643183782, 18.390281545476704], [29.531630181122225, 25.30244626205006, 19.357738258100323, 11.059355583607442, 0.0, 8.350047703105947, 16.366546403365067, 23.529229071259646], [23.622298895801023, 20.00769289188841, 15.679313639313872, 9.699861162533514, 8.350047703105947, 0.0, 9.01431525056735, 17.10949949210891], [15.072677786529406, 12.010005227831375, 11.937115852339414, 12.016733643183782, 16.366546403365067, 9.01431525056735, 0.0, 8.505953210963249], [6.653461341259676, 6.485995757235508, 14.550832812825147, 18.390281545476704, 23.529229071259646, 17.10949949210891, 8.505953210963249, 0.0]]