[[0.0, 7.991795394796654, 15.09993403494429, 25.396332022659905, 33.95152703177054, 32.64969176317762, 23.751417497272303, 14.37512795321005, 8.851013621857213, 5.437443252970552], [7.991795394796654, 0.0, 7.283155011787677, 18.026427934555365, 27.133030011963253, 26.10008173590339, 16.80285632320368, 8.359027126431878, 6.879237851528682, 9.857004024534534], [15.09993403494429, 7.283155011787677, 0.0, 10.931413574291572, 20.387189092424947, 19.772534069550872, 10.576061225741556, 6.317600507612364, 10.461549793435053, 15.673701573080749], [25.396332022659905, 18.026427934555365, 10.931413574291572, 0.0, 9.765774101389244, 10.348451967947472, 5.641176326234804, 12.864065180482179, 18.877845325374267, 24.676250866528125], [33.95152703177054, 27.133030011963253, 20.387189092424947, 9.765774101389244, 0.0, 4.660748948832257, 11.566142527880631, 20.67894001662413, 26.492323398000067, 32.23833096220536], [32.64969176317762, 26.10008173590339, 19.772534069550872, 10.348451967947472, 4.660748948832257, 0.0, 9.644690002485511, 18.751305675931313, 24.58188335134253, 30.49292219839079], [23.751417497272303, 16.80285632320368, 10.576061225741556, 5.641176326234804, 11.566142527880631, 9.644690002485511, 0.0, 9.67510941844246, 16.08088806202876, 22.295313683932548], [14.37512795321005, 8.359027126431878, 6.317600507612364, 12.864065180482179, 20.67894001662413, 18.751305675931313, 9.67510941844246, 0.0, 6.6406511214314685, 12.957386402198477], [8.851013621857213, 6.879237851528682, 10.461549793435053, 18.877845325374267, 26.492323398000067, 24.58188335134253, 16.08088806202876, 6.6406511214314685, 0.0, 6.357533398068229], [5.437443252970552, 9.857004024534534, 15.673701573080749, 24.676250866528125, 32.23833096220536, 30.49292219839079, 22.295313683932548, 12.957386402198477, 6.357533398068229, 0.0]]