[[0.0, 8.026667032943749, 15.350569811843112, 25.51744762775125, 33.5441737495536, 31.641863196321435, 23.271688548306347, 14.015543435889777, 8.571531390978919, 5.77978832429709], [8.026667032943749, 0.0, 7.560704749924643, 18.06710251665258, 26.540235536858543, 24.833692845938902, 16.136127764019623, 7.84842326104059, 6.580296966576282, 9.95022742852951], [15.350569811843112, 7.560704749924643, 0.0, 10.605868522242432, 19.354853796287838, 18.15177782180478, 9.774338818275634, 6.462052202780321, 10.615651040863392, 15.711388591326804], [25.51744762775125, 18.06710251665258, 10.605868522242432, 0.0, 9.052623177020735, 9.391678848667317, 6.362509417625172, 13.651013993091828, 19.258763158582557, 24.60526439067357], [33.5441737495536, 26.540235536858543, 19.354853796287838, 9.052623177020735, 0.0, 5.33451100089277, 11.998168437939682, 20.96809577827996, 26.440057685327574, 31.660274951667617], [31.641863196321435, 24.833692845938902, 18.15177782180478, 9.391678848667317, 5.33451100089277, 0.0, 9.080089158099387, 18.21475122179927, 23.886042430468805, 29.45605494564189], [23.271688548306347, 16.136127764019623, 9.774338818275634, 6.362509417625172, 11.998168437939682, 9.080089158099387, 0.0, 9.625965935189774, 15.879631925121373, 21.88201273408906], [14.015543435889777, 7.84842326104059, 6.462052202780321, 13.651013993091828, 20.96809577827996, 18.21475122179927, 9.625965935189774, 0.0, 6.591221096109127, 12.875390948208992], [8.571531390978919, 6.580296966576282, 10.615651040863392, 19.258763158582557, 26.440057685327574, 23.886042430468805, 15.879631925121373, 6.591221096109127, 0.0, 6.3533426815714895], [5.77978832429709, 9.95022742852951, 15.711388591326804, 24.60526439067357, 31.660274951667617, 29.45605494564189, 21.88201273408906, 12.875390948208992, 6.3533426815714895, 0.0]]