[[0.0, 6.630696233085407, 15.37333034458191, 23.12548024745514, 31.190238105707788, 23.057742791909213, 14.685543812560194, 6.3525671074305885], [6.630696233085407, 0.0, 8.93622793458929, 16.74536929938223, 25.108600732960745, 16.904501276972233, 8.949790720811407, 2.2216379206634884], [15.37333034458191, 8.93622793458929, 0.0, 9.028382257589724, 18.578266679342534, 9.926426587899092, 5.6862498095657, 9.847123288980086], [23.12548024745514, 16.74536929938223, 9.028382257589724, 0.0, 9.892315744410713, 2.198610733231557, 8.965932022381665, 16.883941533842293], [31.190238105707788, 25.108600732960745, 18.578266679342534, 9.892315744410713, 0.0, 9.278853031465527, 17.182793054859538, 24.85317288996455], [23.057742791909213, 16.904501276972233, 9.926426587899092, 2.198610733231557, 9.278853031465527, 0.0, 8.516888671464836, 16.7528717922672], [14.685543812560194, 8.949790720811407, 5.6862498095657, 8.965932022381665, 17.182793054859538, 8.516888671464836, 0.0, 8.485464762169482], [6.3525671074305885, 2.2216379206634884, 9.847123288980086, 16.883941533842293, 24.85317288996455, 16.7528717922672, 8.485464762169482, 0.0]]