[[0.0, 8.487347338323442, 15.316490684637428, 22.6252466005909, 31.37975658972117, 21.55363892929646, 14.259708743572112, 6.1549084724201215], [8.487347338323442, 0.0, 7.447034749980494, 15.892860894206745, 27.247774431547786, 18.13014203706397, 12.10044968135718, 8.638283783245548], [15.316490684637428, 7.447034749980494, 0.0, 9.097952395662386, 22.25605597424144, 14.081301737618755, 10.852979081039734, 12.884245334276512], [22.6252466005909, 15.892860894206745, 9.097952395662386, 0.0, 14.277582750453915, 9.857262543267984, 12.700714229834835, 18.79246066988783], [31.37975658972117, 27.247774431547786, 22.25605597424144, 14.277582750453915, 0.0, 12.116976689288673, 19.664860807705356, 26.84166334518392], [21.55363892929646, 18.13014203706397, 14.081301737618755, 9.857262543267984, 12.116976689288673, 0.0, 8.002307941117177, 16.1050091930654], [14.259708743572112, 12.10044968135718, 10.852979081039734, 12.700714229834835, 19.664860807705356, 8.002307941117177, 0.0, 8.440205904371883], [6.1549084724201215, 8.638283783245548, 12.884245334276512, 18.79246066988783, 26.84166334518392, 16.1050091930654, 8.440205904371883, 0.0]]