[[0.0, 7.242718391830582, 15.414009571388911, 26.58285057943863, 35.96114087711576, 31.635642757093144, 24.224863729302605, 14.57469231993204, 7.72715685832907, 5.12951627242462], [7.242718391830582, 0.0, 8.452264979069696, 19.816315708460188, 29.57725686319059, 25.51752945665683, 17.878782422140777, 9.49393663934972, 6.438680378574867, 9.684735058096738], [15.414009571388911, 8.452264979069696, 0.0, 11.478004186401655, 21.38454675066037, 17.48766560891216, 9.892339673461377, 6.392986751415256, 10.721897301797709, 16.238869596249614], [26.58285057943863, 19.816315708460188, 11.478004186401655, 0.0, 10.197067945650115, 8.632930511025155, 6.234785979832507, 14.678153228795674, 21.039963176348405, 26.58698561778251], [35.96114087711576, 29.57725686319059, 21.38454675066037, 10.197067945650115, 0.0, 7.621956931851428, 13.575308216806167, 23.33719417761244, 29.840505795506182, 35.19622419590004], [31.635642757093144, 25.51752945665683, 17.48766560891216, 8.632930511025155, 7.621956931851428, 0.0, 7.95232498842628, 17.742705790060487, 24.78714898150689, 30.5470615997174], [24.224863729302605, 17.878782422140777, 9.892339673461377, 6.234785979832507, 13.575308216806167, 7.95232498842628, 0.0, 10.387558082369356, 17.665824508037684, 23.708447081313825], [14.57469231993204, 9.49393663934972, 6.392986751415256, 14.678153228795674, 23.33719417761244, 17.742705790060487, 10.387558082369356, 0.0, 7.561199288956614, 13.848664817178985], [7.72715685832907, 6.438680378574867, 10.721897301797709, 21.039963176348405, 29.840505795506182, 24.78714898150689, 17.665824508037684, 7.561199288956614, 0.0, 6.337514882691561], [5.12951627242462, 9.684735058096738, 16.238869596249614, 26.58698561778251, 35.19622419590004, 30.5470615997174, 23.708447081313825, 13.848664817178985, 6.337514882691561, 0.0]]