[[0.0, 7.975953943201341, 14.679607864720298, 24.58037252776715, 32.055420880463025, 30.845544593512024, 23.099630167462294, 14.287591725092826, 8.346219314555901, 6.74231987633344], [7.975953943201341, 0.0, 6.983816698812547, 17.08650462319549, 24.8951732984161, 24.09973923690698, 16.076444076337935, 8.321173994318707, 5.839294286620172, 10.531462829742786], [14.679607864720298, 6.983816698812547, 0.0, 10.13952424212014, 18.002333918188416, 17.519619329035233, 9.574122094874706, 5.287737980827433, 8.882610240240535, 15.123160271886064], [24.58037252776715, 17.08650462319549, 10.13952424212014, 0.0, 8.144907328963972, 9.519236165840251, 5.590819815843648, 12.108990711616679, 17.813639232257344, 23.745178687536107], [32.055420880463025, 24.8951732984161, 18.002333918188416, 8.144907328963972, 0.0, 5.573240128576014, 10.269107634565966, 18.732785961706178, 24.67266148704515, 30.23477396127221], [30.845544593512024, 24.09973923690698, 17.519619329035233, 9.519236165840251, 5.573240128576014, 0.0, 8.211339257825424, 16.741452020814382, 22.8724625666339, 28.48687033511393], [23.099630167462294, 16.076444076337935, 9.574122094874706, 5.590819815843648, 10.269107634565966, 8.211339257825424, 0.0, 9.074022970682247, 15.427456347994704, 21.63388475593991], [14.287591725092826, 8.321173994318707, 5.287737980827433, 12.108990711616679, 18.732785961706178, 16.741452020814382, 9.074022970682247, 0.0, 6.413564050333091, 12.915428568786092], [8.346219314555901, 5.839294286620172, 8.882610240240535, 17.813639232257344, 24.67266148704515, 22.8724625666339, 15.427456347994704, 6.413564050333091, 0.0, 6.801844724506212], [6.74231987633344, 10.531462829742786, 15.123160271886064, 23.745178687536107, 30.23477396127221, 28.48687033511393, 21.63388475593991, 12.915428568786092, 6.801844724506212, 0.0]]