[[0.0, 8.21282292826949, 15.026005976667285, 22.957053681603703, 33.042727572770744, 22.06033795446038, 14.249522716211972, 6.121346858501893], [8.21282292826949, 0.0, 7.409931419257128, 16.428484381574126, 28.111998589583642, 18.54405375113759, 11.995978171515235, 8.528926794674582], [15.026005976667285, 7.409931419257128, 0.0, 9.683533011438492, 22.584453440564392, 14.274343688293417, 10.56093418010585, 12.69562368816696], [22.957053681603703, 16.428484381574126, 9.683533011438492, 0.0, 13.506532084417444, 9.607091657868422, 12.761145529689527, 19.057005276628672], [33.042727572770744, 28.111998589583642, 22.584453440564392, 13.506532084417444, 0.0, 14.128939995009421, 21.704391917379414, 28.64639888293708], [22.06033795446038, 18.54405375113759, 14.274343688293417, 9.607091657868422, 14.128939995009421, 0.0, 8.441879374768751, 16.53190194293948], [14.249522716211972, 11.995978171515235, 10.56093418010585, 12.761145529689527, 21.704391917379414, 8.441879374768751, 0.0, 8.46026096009869], [6.121346858501893, 8.528926794674582, 12.69562368816696, 19.057005276628672, 28.64639888293708, 16.53190194293948, 8.46026096009869, 0.0]]