[[0.0, 8.709117412417116, 16.16558262248568, 23.978900420259563, 31.497504334007303, 23.243653771194708, 14.91221527639569, 6.428216524622828], [8.709117412417116, 0.0, 7.743322245024548, 15.865376870280613, 25.542699223488615, 17.125788537606702, 9.75919121718998, 5.941415386830396], [16.16558262248568, 7.743322245024548, 0.0, 8.406006339993505, 20.548889273418496, 11.992453765494242, 8.022573436870864, 11.528010003587825], [23.978900420259563, 15.865376870280613, 8.406006339993505, 0.0, 14.650893711113355, 8.299707342025863, 11.483737216984942, 18.440078270336873], [31.497504334007303, 25.542699223488615, 20.548889273418496, 14.650893711113355, 0.0, 10.378534598690553, 17.95449170227456, 25.21594195967545], [23.243653771194708, 17.125788537606702, 11.992453765494242, 8.299707342025863, 10.378534598690553, 0.0, 8.498193490306692, 16.87324761511423], [14.91221527639569, 9.75919121718998, 8.022573436870864, 11.483737216984942, 17.95449170227456, 8.498193490306692, 0.0, 8.629958820370176], [6.428216524622828, 5.941415386830396, 11.528010003587825, 18.440078270336873, 25.21594195967545, 16.87324761511423, 8.629958820370176, 0.0]]