[[0.0, 8.902612147147995, 16.122712192357277, 22.19588481808756, 30.76551694456331, 22.35114940717177, 15.357166306290395, 8.023744968907414], [8.902612147147995, 0.0, 7.529185976325527, 15.024212702923672, 25.504176284674383, 16.88573558560148, 11.328674556998362, 7.835404889967848], [16.122712192357277, 7.529185976325527, 0.0, 8.736965863962729, 20.544645992118387, 12.26798863425138, 9.950458620958585, 11.84600587409533], [22.19588481808756, 15.024212702923672, 8.736965863962729, 0.0, 12.190975543266998, 5.503567955573273, 9.750321530683436, 15.654864622233848], [30.76551694456331, 25.504176284674383, 20.544645992118387, 12.190975543266998, 0.0, 10.410138837942318, 17.61082214212662, 23.734272268162663], [22.35114940717177, 16.88573558560148, 12.26798863425138, 5.503567955573273, 10.410138837942318, 0.0, 7.729345360074813, 14.77770585181949], [15.357166306290395, 11.328674556998362, 9.950458620958585, 9.750321530683436, 17.61082214212662, 7.729345360074813, 0.0, 7.492849577245094], [8.023744968907414, 7.835404889967848, 11.84600587409533, 15.654864622233848, 23.734272268162663, 14.77770585181949, 7.492849577245094, 0.0]]