[[0.0, 7.035151133254637, 15.763713963726854, 23.225606872947886, 31.25193951924157, 23.038254198196118, 14.683260132201704, 6.300877680435558], [7.035151133254637, 0.0, 8.92035393782248, 16.737983076774515, 25.451456359018376, 17.083784029119396, 9.36567785263608, 3.276894730468008], [15.763713963726854, 8.92035393782248, 0.0, 9.088922847370473, 19.257681241979107, 10.542588045455915, 6.659694562003648, 10.373631566644056], [23.225606872947886, 16.737983076774515, 9.088922847370473, 0.0, 10.570324991265357, 3.262037030620129, 9.400933652391128, 17.033622660271043], [31.25193951924157, 25.451456359018376, 19.257681241979107, 10.570324991265357, 0.0, 9.56176030285062, 17.543746974918584, 25.02315790360733], [23.038254198196118, 17.083784029119396, 10.542588045455915, 3.262037030620129, 9.56176030285062, 0.0, 8.578790863549768, 16.74708094678933], [14.683260132201704, 9.36567785263608, 6.659694562003648, 9.400933652391128, 17.543746974918584, 8.578790863549768, 0.0, 8.49621316546772], [6.300877680435558, 3.276894730468008, 10.373631566644056, 17.033622660271043, 25.02315790360733, 16.74708094678933, 8.49621316546772, 0.0]]