[[0.0, 7.744438779097488, 14.64060932431697, 24.75249189319253, 32.55952083682181, 31.31278015177031, 23.343798876498017, 14.338127206202836, 8.926058534295807, 8.24868062899843], [7.744438779097488, 0.0, 7.00900947647783, 17.259706808118175, 25.2842204298955, 24.183452280470952, 16.11627864657152, 7.6139320614432195, 5.792848188604809, 10.704865911998848], [14.64060932431697, 7.00900947647783, 0.0, 10.29598738583381, 18.386192464082843, 17.472195512919487, 9.589342174327133, 4.203593106847641, 8.895912640434933, 15.167595875450631], [24.75249189319253, 17.259706808118175, 10.29598738583381, 0.0, 8.373072234096512, 8.875100185810016, 5.6838590501348625, 11.892851265747922, 17.972458985532526, 23.753334916523993], [32.55952083682181, 25.2842204298955, 18.386192464082843, 8.373072234096512, 0.0, 4.709520056487815, 10.691645306004583, 19.09587592409984, 25.047917265709913, 30.34937647131733], [31.31278015177031, 24.183452280470952, 17.472195512919487, 8.875100185810016, 4.709520056487815, 0.0, 8.34049687384468, 17.212533177935573, 23.204713514119103, 28.68013940180924], [23.343798876498017, 16.11627864657152, 9.589342174327133, 5.6838590501348625, 10.691645306004583, 8.34049687384468, 0.0, 9.113947591566129, 15.484621655882622, 21.619367913820938], [14.338127206202836, 7.6139320614432195, 4.203593106847641, 11.892851265747922, 19.09587592409984, 17.212533177935573, 9.113947591566129, 0.0, 6.6178937477832775, 13.299787675398656], [8.926058534295807, 5.792848188604809, 8.895912640434933, 17.972458985532526, 25.047917265709913, 23.204713514119103, 15.484621655882622, 6.6178937477832775, 0.0, 6.949425750324193], [8.24868062899843, 10.704865911998848, 15.167595875450631, 23.753334916523993, 30.34937647131733, 28.68013940180924, 21.619367913820938, 13.299787675398656, 6.949425750324193, 0.0]]