[[0.0, 9.853823949151415, 17.636157303468234, 30.651199837706205, 40.38282573763384, 35.89208682628051, 26.775425193413476, 18.550894217760284, 11.772596429527047, 6.0365144697873445], [9.853823949151415, 0.0, 8.003031974054709, 21.52216973039649, 31.976425321029804, 27.59707930252347, 17.864841237690335, 10.300419736857622, 7.0987395491048275, 8.201556105601792], [17.636157303468234, 8.003031974054709, 0.0, 13.887984436268246, 24.487758186987676, 20.265813737368727, 10.328849113215906, 5.434343016904252, 9.52145497540796, 14.41040032232901], [30.651199837706205, 21.52216973039649, 13.887984436268246, 0.0, 12.391850463033315, 11.386047272259237, 8.415883546361485, 14.936487178171612, 21.48475219023673, 26.949321973220794], [40.38282573763384, 31.976425321029804, 24.487758186987676, 12.391850463033315, 0.0, 6.710449531568282, 15.241276232065768, 23.222110772438707, 29.75853967977194, 35.64871370371624], [35.89208682628051, 27.59707930252347, 20.265813737368727, 11.386047272259237, 6.710449531568282, 0.0, 10.194979455979986, 17.97855299894302, 24.660277718618705, 30.825920862877513], [26.775425193413476, 17.864841237690335, 10.328849113215906, 8.415883546361485, 15.241276232065768, 10.194979455979986, 0.0, 8.569270555994192, 15.976109424015286, 22.197119520049466], [18.550894217760284, 10.300419736857622, 5.434343016904252, 14.936487178171612, 23.222110772438707, 17.97855299894302, 8.569270555994192, 0.0, 7.6105680699711895, 13.85918247080123], [11.772596429527047, 7.0987395491048275, 9.52145497540796, 21.48475219023673, 29.75853967977194, 24.660277718618705, 15.976109424015286, 7.6105680699711895, 0.0, 6.394956301380098], [6.0365144697873445, 8.201556105601792, 14.41040032232901, 26.949321973220794, 35.64871370371624, 30.825920862877513, 22.197119520049466, 13.85918247080123, 6.394956301380098, 0.0]]