[[0.0, 7.6065732330479126, 13.925292084774448, 23.175241109674115, 30.885008067715876, 31.121078153391167, 22.8309536294803, 14.447103380648628, 8.607456162336174, 6.848057560220126], [7.6065732330479126, 0.0, 6.422326910208401, 15.870089550518678, 24.10797361717376, 25.070477098593283, 16.256893065948024, 9.238194155181958, 6.462316724092532, 10.765760388850806], [13.925292084774448, 6.422326910208401, 0.0, 9.599782589960727, 18.1201209541311, 19.65689532652512, 10.633397999523858, 7.116621521097286, 9.305648147488547, 15.550184859455207], [23.175241109674115, 15.870089550518678, 9.599782589960727, 0.0, 9.153406296006416, 13.153979660048286, 6.717621867626145, 12.653927622900728, 17.460397875916634, 23.92063931544216], [30.885008067715876, 24.10797361717376, 18.1201209541311, 9.153406296006416, 0.0, 7.751496958362431, 9.972325603238746, 18.804614000796875, 24.195935764040208, 30.342730604014708], [31.121078153391167, 25.070477098593283, 19.65689532652512, 13.153979660048286, 7.751496958362431, 0.0, 9.20225933002679, 17.414219029337893, 23.19283736725988, 28.948019085796062], [22.8309536294803, 16.256893065948024, 10.633397999523858, 6.717621867626145, 9.972325603238746, 9.20225933002679, 0.0, 9.289786680159288, 15.28924739112462, 21.688347922341155], [14.447103380648628, 9.238194155181958, 7.116621521097286, 12.653927622900728, 18.804614000796875, 17.414219029337893, 9.289786680159288, 0.0, 6.294494743876591, 12.732106515359233], [8.607456162336174, 6.462316724092532, 9.305648147488547, 17.460397875916634, 24.195935764040208, 23.19283736725988, 15.28924739112462, 6.294494743876591, 0.0, 6.690313997170161], [6.848057560220126, 10.765760388850806, 15.550184859455207, 23.92063931544216, 30.342730604014708, 28.948019085796062, 21.688347922341155, 12.732106515359233, 6.690313997170161, 0.0]]