[[0.0, 9.09778394378928, 17.43396228677202, 23.624316363874318, 31.872037680760705, 24.501454700319083, 15.998300875473902, 7.654540815430472], [9.09778394378928, 0.0, 8.649532341734146, 15.8116870902367, 25.956001664173243, 19.26448533211189, 11.912710434196704, 7.62621247223817], [17.43396228677202, 8.649532341734146, 0.0, 8.112904579889806, 20.009669276522114, 14.433968350547435, 10.683588747303126, 12.928622590193667], [23.624316363874318, 15.8116870902367, 8.112904579889806, 0.0, 12.487427426593118, 8.84442691500269, 11.220430088461004, 17.34651532934782], [31.872037680760705, 25.956001664173243, 20.009669276522114, 12.487427426593118, 0.0, 9.398550895855488, 17.8548527097155, 24.780608472755567], [24.501454700319083, 19.26448533211189, 14.433968350547435, 8.84442691500269, 9.398550895855488, 0.0, 9.050048637092567, 16.974933527338333], [15.998300875473902, 11.912710434196704, 10.683588747303126, 11.220430088461004, 17.8548527097155, 9.050048637092567, 0.0, 8.480059425575625], [7.654540815430472, 7.62621247223817, 12.928622590193667, 17.34651532934782, 24.780608472755567, 16.974933527338333, 8.480059425575625, 0.0]]