[[0.0, 8.015205923156124, 14.713178944580164, 24.820865784087285, 32.79774937807486, 31.600378523408942, 23.250197656331377, 14.310784462021253, 8.358195008422928, 7.014240517622559], [8.015205923156124, 0.0, 6.933373118487713, 17.27995429821497, 25.655145639517876, 24.87193895563312, 16.168456060192078, 8.260105304314346, 5.775643218690279, 10.624142180992921], [14.713178944580164, 6.933373118487713, 0.0, 10.418598411581373, 18.900563569093404, 18.389300159204648, 9.70712762776332, 5.295916902549549, 8.903007518505364, 15.18950125443614], [24.820865784087285, 17.27995429821497, 10.418598411581373, 0.0, 8.783449112054615, 9.980444466420627, 5.665667109990666, 12.341929096339115, 18.01946976450287, 23.83035969509359], [32.79774937807486, 25.655145639517876, 18.900563569093404, 8.783449112054615, 0.0, 5.5468558629044065, 11.080292165346046, 19.575280853782175, 25.397850389441743, 30.6671593971774], [31.600378523408942, 24.87193895563312, 18.389300159204648, 9.980444466420627, 5.5468558629044065, 0.0, 9.086202694308888, 17.60820548278632, 23.605943561514234, 28.916096170999246], [23.250197656331377, 16.168456060192078, 9.70712762776332, 5.665667109990666, 11.080292165346046, 9.086202694308888, 0.0, 9.2029949511979, 15.544891254952704, 21.683967037746093], [14.310784462021253, 8.260105304314346, 5.295916902549549, 12.341929096339115, 19.575280853782175, 17.60820548278632, 9.2029949511979, 0.0, 6.4259234250853785, 12.968777335590467], [8.358195008422928, 5.775643218690279, 8.903007518505364, 18.01946976450287, 25.397850389441743, 23.605943561514234, 15.544891254952704, 6.4259234250853785, 0.0, 6.910247041828098], [7.014240517622559, 10.624142180992921, 15.18950125443614, 23.83035969509359, 30.6671593971774, 28.916096170999246, 21.683967037746093, 12.968777335590467, 6.910247041828098, 0.0]]