[[0.0, 7.584098016343604, 14.998906941195882, 24.494055797789105, 31.198372453778756, 30.970288165246156, 22.986805937776676, 15.688381372897238, 8.857862951005847, 7.4027871835649846], [7.584098016343604, 0.0, 7.5618361728776575, 17.25326519292882, 24.388679340235587, 24.6451200856642, 16.37240204785779, 10.269419022810494, 6.643459810839304, 11.003110782930479], [14.998906941195882, 7.5618361728776575, 0.0, 9.871683429822495, 17.23634417741654, 17.86798247036671, 9.603348129617554, 7.096648725739565, 9.933640995924808, 16.358420571703004], [24.494055797789105, 17.25326519292882, 9.871683429822495, 0.0, 7.883234223491589, 10.757764193488347, 6.520408867153731, 12.685758741185683, 18.41588030290428, 24.841095452184636], [31.198372453778756, 24.388679340235587, 17.23634417741654, 7.883234223491589, 0.0, 6.4455392579449065, 10.11360048408113, 17.97655377545524, 24.278950718936496, 30.3444591140605], [30.970288165246156, 24.6451200856642, 17.86798247036671, 10.757764193488347, 6.4455392579449065, 0.0, 8.5397035118309, 16.068137473079105, 22.947497457064856, 28.788215431179616], [22.986805937776676, 16.37240204785779, 9.603348129617554, 6.520408867153731, 10.11360048408113, 8.5397035118309, 0.0, 8.254573213779375, 15.275175886656918, 21.651476972863282], [15.688381372897238, 10.269419022810494, 7.096648725739565, 12.685758741185683, 17.97655377545524, 16.068137473079105, 8.254573213779375, 0.0, 7.365304593018337, 13.752218051501547], [8.857862951005847, 6.643459810839304, 9.933640995924808, 18.41588030290428, 24.278950718936496, 22.947497457064856, 15.275175886656918, 7.365304593018337, 0.0, 6.721620981599157], [7.4027871835649846, 11.003110782930479, 16.358420571703004, 24.841095452184636, 30.3444591140605, 28.788215431179616, 21.651476972863282, 13.752218051501547, 6.721620981599157, 0.0]]