[[0.0, 8.44912138865989, 15.525383593727595, 25.218428151700515, 32.57912322063307, 31.340266406657715, 23.1353510016853, 14.020756768809415, 8.409815890735125, 5.428293221847638], [8.44912138865989, 0.0, 7.417258941502445, 17.566781724614696, 25.493687485754606, 24.874021526238895, 16.05234280983592, 8.04036482967962, 6.903248021607002, 10.268095146596323], [15.525383593727595, 7.417258941502445, 0.0, 10.244352259450913, 18.441712376078666, 18.529543882072275, 9.807387827663444, 6.342221488316929, 10.512304886711618, 15.711707083627832], [25.218428151700515, 17.566781724614696, 10.244352259450913, 0.0, 8.506963905750395, 10.36439087314527, 6.019144975146719, 12.862150810500626, 18.590927155631693, 24.13100131389674], [32.57912322063307, 25.493687485754606, 18.441712376078666, 8.506963905750395, 0.0, 5.582722564093705, 10.808241640904868, 19.495163440788946, 25.12473473386495, 30.60538481764884], [31.340266406657715, 24.874021526238895, 18.529543882072275, 10.36439087314527, 5.582722564093705, 0.0, 9.26216724197242, 17.72757687465427, 23.295944583146078, 28.961084396287564], [23.1353510016853, 16.05234280983592, 9.807387827663444, 6.019144975146719, 10.808241640904868, 9.26216724197242, 0.0, 9.30427733508272, 15.621576003860623, 21.743751733186343], [14.020756768809415, 8.04036482967962, 6.342221488316929, 12.862150810500626, 19.495163440788946, 17.72757687465427, 9.30427733508272, 0.0, 6.604728668820091, 12.934411474134647], [8.409815890735125, 6.903248021607002, 10.512304886711618, 18.590927155631693, 25.12473473386495, 23.295944583146078, 15.621576003860623, 6.604728668820091, 0.0, 6.3862970725839245], [5.428293221847638, 10.268095146596323, 15.711707083627832, 24.13100131389674, 30.60538481764884, 28.961084396287564, 21.743751733186343, 12.934411474134647, 6.3862970725839245, 0.0]]