[[0.0, 9.276684274744397, 15.70219503075035, 22.178178706164694, 30.613773709716316, 22.35563497998849, 15.0563309666081, 8.046026263670099], [9.276684274744397, 0.0, 7.338303502555681, 15.173730352225618, 25.748568963122395, 17.247193568252577, 11.127865471063352, 8.63110653614489], [15.70219503075035, 7.338303502555681, 0.0, 8.198130507371179, 19.66846672186693, 11.55023694027677, 8.268799162535089, 11.260135125129272], [22.178178706164694, 15.173730352225618, 8.198130507371179, 0.0, 11.956425548023496, 5.659026855324865, 9.094162847101485, 15.692175525894617], [30.613773709716316, 25.748568963122395, 19.66846672186693, 11.956425548023496, 0.0, 9.839573484836468, 16.680294611120328, 23.29661371013695], [22.35563497998849, 17.247193568252577, 11.55023694027677, 5.659026855324865, 9.839573484836468, 0.0, 7.470866863047754, 14.743898538081913], [15.0563309666081, 11.127865471063352, 8.268799162535089, 9.094162847101485, 16.680294611120328, 7.470866863047754, 0.0, 7.380177839197848], [8.046026263670099, 8.63110653614489, 11.260135125129272, 15.692175525894617, 23.29661371013695, 14.743898538081913, 7.380177839197848, 0.0]]