[[0.0, 8.340861627356551, 15.180249318714795, 22.446013905639035, 31.804105869971913, 21.85974654921161, 14.592865218320563, 6.130860864542679], [8.340861627356551, 0.0, 7.436926813080524, 16.020140772463208, 27.706734063411282, 18.692254025194337, 12.950456154064188, 8.571642908957767], [15.180249318714795, 7.436926813080524, 0.0, 9.45422547492062, 22.831124244618067, 14.841771236437447, 11.874549042971989, 12.795346780156057], [22.446013905639035, 16.020140772463208, 9.45422547492062, 0.0, 14.188202042970099, 9.738476083818554, 12.742437149707467, 18.416514994865288], [31.804105869971913, 27.706734063411282, 22.831124244618067, 14.188202042970099, 0.0, 12.417596040652029, 19.866492539177717, 27.140330350673644], [21.85974654921161, 18.692254025194337, 14.841771236437447, 9.738476083818554, 12.417596040652029, 0.0, 7.963193566902474, 16.287183138405855], [14.592865218320563, 12.950456154064188, 11.874549042971989, 12.742437149707467, 19.866492539177717, 7.963193566902474, 0.0, 8.654424921217876], [6.130860864542679, 8.571642908957767, 12.795346780156057, 18.416514994865288, 27.140330350673644, 16.287183138405855, 8.654424921217876, 0.0]]