[[0.0, 8.470568499245548, 15.105971967952874, 25.394398922815654, 32.25879443180284, 31.403072685176543, 23.19476593882911, 14.013064410218451, 9.331565871349568, 5.531738557144666], [8.470568499245548, 0.0, 7.082352930404769, 17.71979000698005, 25.19790834105341, 24.878244031598978, 16.06912641331781, 7.98152866940087, 8.360459976237852, 10.284716353316213], [15.105971967952874, 7.082352930404769, 0.0, 10.70610165248495, 18.291770316135448, 18.321248175253704, 9.492866335498938, 5.294880778576701, 10.543928002533496, 15.120482979404494], [25.394398922815654, 17.71979000698005, 10.70610165248495, 0.0, 8.394943253334057, 10.279340820540005, 6.152515263241691, 13.106117190498717, 18.90707283028933, 24.219997656349886], [32.25879443180284, 25.19790834105341, 18.291770316135448, 8.394943253334057, 0.0, 4.429812273604716, 10.153120059308907, 19.05368920044234, 24.42755734128597, 30.16655075720473], [31.403072685176543, 24.878244031598978, 18.321248175253704, 10.279340820540005, 4.429812273604716, 0.0, 9.24336621502524, 17.833192825388902, 22.97362553411727, 28.976484053594948], [23.19476593882911, 16.06912641331781, 9.492866335498938, 6.152515263241691, 10.153120059308907, 9.24336621502524, 0.0, 9.389769369355568, 15.753498775613595, 21.768187787503262], [14.013064410218451, 7.98152866940087, 5.294880778576701, 13.106117190498717, 19.05368920044234, 17.833192825388902, 9.389769369355568, 0.0, 7.148452736216066, 12.962042413515007], [9.331565871349568, 8.360459976237852, 10.543928002533496, 18.90707283028933, 24.42755734128597, 22.97362553411727, 15.753498775613595, 7.148452736216066, 0.0, 6.289802082499976], [5.531738557144666, 10.284716353316213, 15.120482979404494, 24.219997656349886, 30.16655075720473, 28.976484053594948, 21.768187787503262, 12.962042413515007, 6.289802082499976, 0.0]]