[[0.0, 7.665844544339066, 17.32789638285733, 23.73443417658186, 29.568631857143505, 23.462669163542518, 15.087898129586172, 6.656479536151221], [7.665844544339066, 0.0, 10.116811834881826, 17.998125398015038, 25.910434202547915, 20.168019479720016, 12.7039342485262, 7.650656673413401], [17.32789638285733, 10.116811834881826, 0.0, 9.840584168248602, 20.240696893047577, 15.46628218140071, 11.88976453705901, 13.91978552584773], [23.73443417658186, 17.998125398015038, 9.840584168248602, 0.0, 11.11404264839041, 8.65770161418341, 12.048102756396256, 18.397591035911876], [29.568631857143505, 25.910434202547915, 20.240696893047577, 11.11404264839041, 0.0, 8.066943805585538, 16.54237010729351, 23.603511850571426], [23.462669163542518, 20.168019479720016, 15.46628218140071, 8.65770161418341, 8.066943805585538, 0.0, 9.036519818660116, 17.030121660817137], [15.087898129586172, 12.7039342485262, 11.88976453705901, 12.048102756396256, 16.54237010729351, 9.036519818660116, 0.0, 8.518072361774463], [6.656479536151221, 7.650656673413401, 13.91978552584773, 18.397591035911876, 23.603511850571426, 17.030121660817137, 8.518072361774463, 0.0]]