[[0.0, 7.9875211320092285, 15.959148923676977, 22.332875918105778, 31.027648145732506, 22.343671875380373, 14.13088258799927, 6.687780410210626], [7.9875211320092285, 0.0, 8.150751473878591, 15.880181113016215, 26.71734753098836, 17.72820739313555, 10.469980499101752, 6.617687348691159], [15.959148923676977, 8.150751473878591, 0.0, 10.029414278633071, 23.028795061476355, 14.089349851654758, 10.190833724721497, 12.14654719807967], [22.332875918105778, 15.880181113016215, 10.029414278633071, 0.0, 13.49189044576797, 6.5685035091914985, 10.579309142365487, 16.64333860332938], [31.027648145732506, 26.71734753098836, 23.028795061476355, 13.49189044576797, 0.0, 11.195754036988397, 19.196646511579175, 25.19843188431869], [22.343671875380373, 17.72820739313555, 14.089349851654758, 6.5685035091914985, 11.195754036988397, 0.0, 8.767530207014115, 15.881357756247949], [14.13088258799927, 10.469980499101752, 10.190833724721497, 10.579309142365487, 19.196646511579175, 8.767530207014115, 0.0, 7.505121485448986], [6.687780410210626, 6.617687348691159, 12.14654719807967, 16.64333860332938, 25.19843188431869, 15.881357756247949, 7.505121485448986, 0.0]]