[[0.0, 7.812548731788173, 15.088876472252167, 25.60025229981752, 33.33950334956699, 31.914228941684065, 23.611321146848223, 14.255495386623574, 8.829476605670235, 5.8753024853749425], [7.812548731788173, 0.0, 7.3601300143852075, 18.049453624530166, 26.010447250707855, 24.71515386669122, 16.17327954558441, 7.078114478888358, 5.605200468104328, 9.112244506328501], [15.088876472252167, 7.3601300143852075, 0.0, 10.76516360281687, 18.96928655652199, 18.0944952256061, 9.631728175098228, 4.26349713335344, 9.75041915670352, 15.129082857986464], [25.60025229981752, 18.049453624530166, 10.76516360281687, 0.0, 8.685053317597589, 9.533251317050912, 5.994173149157271, 12.68079872926915, 19.08661600385794, 24.63614619759505], [33.33950334956699, 26.010447250707855, 18.96928655652199, 8.685053317597589, 0.0, 4.823516310100546, 10.98344898041498, 19.866007065669358, 25.91397984254547, 31.444491128587625], [31.914228941684065, 24.71515386669122, 18.0944952256061, 9.533251317050912, 4.823516310100546, 0.0, 8.846661455813765, 17.982045332169836, 23.87697471868279, 29.634747022187145], [23.611321146848223, 16.17327954558441, 9.631728175098228, 5.994173149157271, 10.98344898041498, 8.846661455813765, 0.0, 9.450396946142634, 15.98536905866593, 22.0685187969871], [14.255495386623574, 7.078114478888358, 4.26349713335344, 12.68079872926915, 19.866007065669358, 17.982045332169836, 9.450396946142634, 0.0, 7.032138997372137, 13.208123781785245], [8.829476605670235, 5.605200468104328, 9.75041915670352, 19.08661600385794, 25.91397984254547, 23.87697471868279, 15.98536905866593, 7.032138997372137, 0.0, 6.342069210439364], [5.8753024853749425, 9.112244506328501, 15.129082857986464, 24.63614619759505, 31.444491128587625, 29.634747022187145, 22.0685187969871, 13.208123781785245, 6.342069210439364, 0.0]]