[[0.0, 9.688367937382951, 17.868678008386798, 23.88234513773976, 31.874788542135832, 24.369483828662474, 15.99217447730627, 7.499956517759486], [9.688367937382951, 0.0, 8.68368888078632, 15.756857920358362, 25.950305847205538, 19.109798376053053, 12.647703845590396, 7.594030901350414], [17.868678008386798, 8.68368888078632, 0.0, 8.057343254889172, 20.26159052916345, 14.291116600469117, 11.688821275935142, 12.967060506853699], [23.88234513773976, 15.756857920358362, 8.057343254889172, 0.0, 12.885626191514246, 8.779981939948167, 12.037304270690926, 17.3461519357874], [31.874788542135832, 25.950305847205538, 20.26159052916345, 12.885626191514246, 0.0, 9.169515255392842, 17.820563562658837, 24.547941124556353], [24.369483828662474, 19.109798376053053, 14.291116600469117, 8.779981939948167, 9.169515255392842, 0.0, 9.047001215205729, 16.895436349665225], [15.99217447730627, 12.647703845590396, 11.688821275935142, 12.037304270690926, 17.820563562658837, 9.047001215205729, 0.0, 8.725728622052202], [7.499956517759486, 7.594030901350414, 12.967060506853699, 17.3461519357874, 24.547941124556353, 16.895436349665225, 8.725728622052202, 0.0]]