[[0.0, 8.219631217577646, 15.027334647065725, 22.599958837556454, 32.47110958323793, 21.852463047036803, 14.586183113158869, 6.157216160912576], [8.219631217577646, 0.0, 7.403547682589545, 16.130689196222555, 28.057796835316545, 18.4645836901172, 12.839634802543955, 8.506128440969015], [15.027334647065725, 7.403547682589545, 0.0, 9.462061884227031, 22.96597556159507, 14.35035961911098, 11.618602466068413, 12.654981451432516], [22.599958837556454, 16.130689196222555, 9.462061884227031, 0.0, 14.335393429101831, 9.582684657084204, 13.080039397830765, 18.69175736793962], [32.47110958323793, 28.057796835316545, 22.96597556159507, 14.335393429101831, 0.0, 13.6214527147457, 21.166980017920675, 28.090809831974248], [21.852463047036803, 18.4645836901172, 14.35035961911098, 9.582684657084204, 13.6214527147457, 0.0, 8.13686557030138, 16.351625625843262], [14.586183113158869, 12.839634802543955, 11.618602466068413, 13.080039397830765, 21.166980017920675, 8.13686557030138, 0.0, 8.640444895449193], [6.157216160912576, 8.506128440969015, 12.654981451432516, 18.69175736793962, 28.090809831974248, 16.351625625843262, 8.640444895449193, 0.0]]