[[0.0, 6.589703013816176, 13.989652557752713, 23.594136627648023, 32.00960931124545, 30.042057855852054, 21.88542168842102, 14.769872540797572, 8.019167480903613, 7.3178545265378165], [6.589703013816176, 0.0, 7.5929957223710485, 17.39263231728067, 26.335701082547263, 24.721982171460485, 16.128513715540034, 10.384654260198461, 6.694319049868028, 11.032416009816345], [13.989652557752713, 7.5929957223710485, 0.0, 9.984314615264331, 19.228507409806564, 17.87384155457497, 9.049914718735307, 7.138569274180577, 9.915643215028815, 16.335352760625188], [23.594136627648023, 17.39263231728067, 9.984314615264331, 0.0, 9.838866247554597, 10.598964489675115, 5.3938423413009575, 12.696614522692965, 18.445700142614967, 24.844617758656863], [32.00960931124545, 26.335701082547263, 19.228507409806564, 9.838866247554597, 0.0, 6.510747265360022, 11.520819688502291, 19.538767162095077, 25.881906049916278, 31.78334074451918], [30.042057855852054, 24.721982171460485, 17.87384155457497, 10.598964489675115, 6.510747265360022, 0.0, 8.927391734872009, 16.02515001129387, 22.968645197726925, 28.80139011385121], [21.88542168842102, 16.128513715540034, 9.049914718735307, 5.3938423413009575, 11.520819688502291, 8.927391734872009, 0.0, 8.590588371431435, 15.446194101215646, 21.890549412608973], [14.769872540797572, 10.384654260198461, 7.138569274180577, 12.696614522692965, 19.538767162095077, 16.02515001129387, 8.590588371431435, 0.0, 7.38301077798482, 13.744213549963709], [8.019167480903613, 6.694319049868028, 9.915643215028815, 18.445700142614967, 25.881906049916278, 22.968645197726925, 15.446194101215646, 7.38301077798482, 0.0, 6.715804315052518], [7.3178545265378165, 11.032416009816345, 16.335352760625188, 24.844617758656863, 31.78334074451918, 28.80139011385121, 21.890549412608973, 13.744213549963709, 6.715804315052518, 0.0]]