[[0.0, 6.57619756983517, 14.097853749179341, 24.199570859245085, 33.16617614473259, 30.394899183373862, 22.08215719146191, 14.831696756341872, 7.971304512657948, 7.217789535412414], [6.57619756983517, 0.0, 7.696453751644716, 18.037297425486724, 27.486744541916547, 25.01017867771558, 16.353553953806525, 10.260958906765781, 6.358243829495295, 10.730924017250844], [14.097853749179341, 7.696453751644716, 0.0, 10.576447967108143, 20.31310519774446, 18.051685849021997, 9.296901231709898, 6.850890596020782, 9.71888509770771, 16.116287069617155], [24.199570859245085, 18.037297425486724, 10.576447967108143, 0.0, 10.2000745774129, 10.563180953320122, 6.465192709086172, 12.98097485186802, 18.807040688246435, 25.00262732778315], [33.16617614473259, 27.486744541916547, 20.31310519774446, 10.2000745774129, 0.0, 7.930204632031635, 13.157407910179344, 20.663638072355482, 26.969628647746784, 32.586581558247374], [30.394899183373862, 25.01017867771558, 18.051685849021997, 10.563180953320122, 7.930204632031635, 0.0, 8.953995034985333, 16.13837690105653, 23.191570164507706, 28.860434140131087], [22.08215719146191, 16.353553953806525, 9.296901231709898, 6.465192709086172, 13.157407910179344, 8.953995034985333, 0.0, 8.238452051508522, 15.343400540122714, 21.651605313969537], [14.831696756341872, 10.260958906765781, 6.850890596020782, 12.98097485186802, 20.663638072355482, 16.13837690105653, 8.238452051508522, 0.0, 7.421701957046983, 13.715674717550684], [7.971304512657948, 6.358243829495295, 9.71888509770771, 18.807040688246435, 26.969628647746784, 23.191570164507706, 15.343400540122714, 7.421701957046983, 0.0, 6.689735710146404], [7.217789535412414, 10.730924017250844, 16.116287069617155, 25.00262732778315, 32.586581558247374, 28.860434140131087, 21.651605313969537, 13.715674717550684, 6.689735710146404, 0.0]]