[[0.0, 9.569036772983054, 16.72001738366641, 22.716755738644196, 31.074589480203354, 22.583646409067356, 14.314102936814377, 5.669134130680803], [9.569036772983054, 0.0, 7.7339386806858625, 15.982296616737344, 28.10338344637206, 19.785862861826395, 12.580398456511224, 8.728063354994505], [16.72001738366641, 7.7339386806858625, 0.0, 9.701083915985212, 24.03515780058467, 16.78378936712571, 12.713979459904792, 13.975487244318208], [22.716755738644196, 15.982296616737344, 9.701083915985212, 0.0, 15.151243977636595, 10.452432528531197, 12.700686676247154, 18.388960277025724], [31.074589480203354, 28.10338344637206, 24.03515780058467, 15.151243977636595, 0.0, 10.860904657997786, 19.425290367472424, 26.27610701403907], [22.583646409067356, 19.785862861826395, 16.78378936712571, 10.452432528531197, 10.860904657997786, 0.0, 9.11647214208879, 17.163729376501283], [14.314102936814377, 12.580398456511224, 12.713979459904792, 12.700686676247154, 19.425290367472424, 9.11647214208879, 0.0, 8.677337026698918], [5.669134130680803, 8.728063354994505, 13.975487244318208, 18.388960277025724, 26.27610701403907, 17.163729376501283, 8.677337026698918, 0.0]]