[[0.0, 7.9978220784159095, 15.135726811778216, 25.58064200247085, 34.32374631633996, 33.005224722225066, 23.90812876931781, 14.423533698262885, 8.84761014739161, 5.410923898945998], [7.9978220784159095, 0.0, 7.320756605579031, 18.237516158211594, 27.544345462159203, 26.49027936872592, 16.977876930687685, 8.406712254986372, 6.864344077886977, 9.843084048003348], [15.135726811778216, 7.320756605579031, 0.0, 11.115357425447277, 20.77384633696507, 20.128291945973384, 10.706228658342395, 6.321327539442407, 10.46887967626761, 15.688091134840178], [25.58064200247085, 18.237516158211594, 11.115357425447277, 0.0, 9.963541890898693, 10.496306872141318, 5.649612329052145, 13.000464764027974, 19.04375776215175, 24.828793495321534], [34.32374631633996, 27.544345462159203, 20.77384633696507, 9.963541890898693, 0.0, 4.658052149445303, 11.791965878422184, 21.0334636811345, 26.871442273181582, 32.584776834851], [33.005224722225066, 26.49027936872592, 20.128291945973384, 10.496306872141318, 4.658052149445303, 0.0, 9.869613533644618, 19.09672886748314, 24.944931243527733, 30.82060047861972], [23.90812876931781, 16.977876930687685, 10.706228658342395, 5.649612329052145, 11.791965878422184, 9.869613533644618, 0.0, 9.792533392185138, 16.218000508162437, 22.41877742041923], [14.423533698262885, 8.406712254986372, 6.321327539442407, 13.000464764027974, 21.0334636811345, 19.09672886748314, 9.792533392185138, 0.0, 6.6627195351908695, 12.982584944765122], [8.84761014739161, 6.864344077886977, 10.46887967626761, 19.04375776215175, 26.871442273181582, 24.944931243527733, 16.218000508162437, 6.6627195351908695, 0.0, 6.362268874326673], [5.410923898945998, 9.843084048003348, 15.688091134840178, 24.828793495321534, 32.584776834851, 30.82060047861972, 22.41877742041923, 12.982584944765122, 6.362268874326673, 0.0]]