[[0.0, 7.969466878139905, 14.647420845839756, 24.488112664305206, 31.897967605198392, 30.826146924308553, 23.11726006943359, 14.33538789614184, 8.448833814589857, 6.850761442858303], [7.969466878139905, 0.0, 6.956521012768956, 16.995448155741173, 24.737239774978313, 24.10397407140401, 16.120864269101016, 8.410681908488574, 5.974551348761011, 10.613296172448834], [14.647420845839756, 6.956521012768956, 0.0, 10.074848632008223, 17.8698295647472, 17.555744768479773, 9.638758622020676, 5.325423296433907, 8.874977265069585, 15.148332805922276], [24.488112664305206, 16.995448155741173, 10.074848632008223, 0.0, 8.078727276199578, 9.588504569746995, 5.499184868031625, 11.961599569869033, 17.665415569491593, 23.682064773376226], [31.897967605198392, 24.737239774978313, 17.8698295647472, 8.078727276199578, 0.0, 5.485789900525903, 10.002526502325454, 18.47760649735588, 24.42179614320067, 30.08883195900499], [30.826146924308553, 24.10397407140401, 17.555744768479773, 9.588504569746995, 5.485789900525903, 0.0, 8.148858134685804, 16.64976384551877, 22.763605750654943, 28.44044402046438], [23.11726006943359, 16.120864269101016, 9.638758622020676, 5.499184868031625, 10.002526502325454, 8.148858134685804, 0.0, 9.045505126676064, 15.384492252060838, 21.627587920309445], [14.33538789614184, 8.410681908488574, 5.325423296433907, 11.961599569869033, 18.47760649735588, 16.64976384551877, 9.045505126676064, 0.0, 6.401481075702638, 12.91732433479411], [8.448833814589857, 5.974551348761011, 8.874977265069585, 17.665415569491593, 24.42179614320067, 22.763605750654943, 15.384492252060838, 6.401481075702638, 0.0, 6.780564501669975], [6.850761442858303, 10.613296172448834, 15.148332805922276, 23.682064773376226, 30.08883195900499, 28.44044402046438, 21.627587920309445, 12.91732433479411, 6.780564501669975, 0.0]]