[[0.0, 8.206863871133784, 15.676070848157455, 25.671234482707003, 33.54232590197757, 32.14017868955369, 23.466514828384913, 14.277284129235118, 9.094421873545455, 7.517014407781126], [8.206863871133784, 0.0, 7.61277685165282, 17.81603019963696, 26.068288391450757, 24.98253441561985, 16.03936333959662, 7.886124225827032, 6.736036597487651, 10.494926253808934], [15.676070848157455, 7.61277685165282, 0.0, 10.278913785769827, 18.797899828343247, 18.24976118328558, 9.689583458407123, 6.490242529271844, 10.603587657875329, 15.736449344871449], [25.671234482707003, 17.81603019963696, 10.278913785769827, 0.0, 8.840630861465153, 9.656190503123582, 6.282636071039288, 13.36111924059448, 18.93327192424862, 24.127946288005038], [33.54232590197757, 26.068288391450757, 18.797899828343247, 8.840630861465153, 0.0, 4.793632391886763, 11.601729774056718, 20.408526481749586, 25.830807661655047, 30.778807162469345], [32.14017868955369, 24.98253441561985, 18.24976118328558, 9.656190503123582, 4.793632391886763, 0.0, 9.470630950139812, 18.328341190276717, 23.841282842157195, 29.093671210262656], [23.466514828384913, 16.03936333959662, 9.689583458407123, 6.282636071039288, 11.601729774056718, 9.470630950139812, 0.0, 9.4805397915066, 15.724784854624273, 21.693661721146203], [14.277284129235118, 7.886124225827032, 6.490242529271844, 13.36111924059448, 20.408526481749586, 18.328341190276717, 9.4805397915066, 0.0, 6.608751157381023, 13.049226408878653], [9.094421873545455, 6.736036597487651, 10.603587657875329, 18.93327192424862, 25.830807661655047, 23.841282842157195, 15.724784854624273, 6.608751157381023, 0.0, 6.585791625070522], [7.517014407781126, 10.494926253808934, 15.736449344871449, 24.127946288005038, 30.778807162469345, 29.093671210262656, 21.693661721146203, 13.049226408878653, 6.585791625070522, 0.0]]