[[0.0, 7.851714678582126, 16.79335987335712, 22.541891758423407, 30.501734115578444, 22.191077837738167, 14.902363850550758, 6.65856759733946], [7.851714678582126, 0.0, 9.190411734158431, 15.744299061845181, 25.623426210494372, 17.1807022102268, 10.569942576340422, 6.597504726219226], [16.79335987335712, 9.190411734158431, 0.0, 8.296806342926537, 20.78890858924193, 12.552149643983578, 9.36898309950728, 12.87915351111035], [22.541891758423407, 15.744299061845181, 8.296806342926537, 0.0, 13.078058204730125, 6.799063730710795, 9.748456468163614, 17.069574622760054], [30.501734115578444, 25.623426210494372, 20.78890858924193, 13.078058204730125, 0.0, 10.226342651305103, 17.127318046041648, 24.491528280210378], [22.191077837738167, 17.1807022102268, 12.552149643983578, 6.799063730710795, 10.226342651305103, 0.0, 7.535525968420387, 15.790133148925788], [14.902363850550758, 10.569942576340422, 9.36898309950728, 9.748456468163614, 17.127318046041648, 7.535525968420387, 0.0, 8.448651107239842], [6.65856759733946, 6.597504726219226, 12.87915351111035, 17.069574622760054, 24.491528280210378, 15.790133148925788, 8.448651107239842, 0.0]]