[[0.0, 7.472186630989888, 14.87520778555728, 22.07281279755822, 30.710447301817112, 22.09981532070069, 14.816534956952756, 7.378094839044901], [7.472186630989888, 0.0, 7.449448712894127, 14.767265932562262, 24.07952947217902, 14.890688789687902, 7.679899229292204, 1.0804762175082794], [14.87520778555728, 7.449448712894127, 0.0, 7.692048454877676, 18.182382059498533, 7.950634505284532, 2.181076270773444, 7.562636393207132], [22.07281279755822, 14.767265932562262, 7.692048454877676, 0.0, 11.189270373844847, 1.0724773290792684, 7.574864809120029, 14.721274421529783], [30.710447301817112, 24.07952947217902, 18.182382059498533, 11.189270373844847, 0.0, 10.91749086778986, 17.64450170386268, 23.886398402523746], [22.09981532070069, 14.890688789687902, 7.950634505284532, 1.0724773290792684, 10.91749086778986, 0.0, 7.534210053236503, 14.766892405596309], [14.816534956952756, 7.679899229292204, 2.181076270773444, 7.574864809120029, 17.64450170386268, 7.534210053236503, 0.0, 7.481430040332262], [7.378094839044901, 1.0804762175082794, 7.562636393207132, 14.721274421529783, 23.886398402523746, 14.766892405596309, 7.481430040332262, 0.0]]