[[0.0, 7.984118486707533, 14.696346867397384, 24.673921402654486, 32.23475835167758, 30.94253363569457, 23.12308005514953, 14.287818814646865, 8.322283917706363, 6.877580763575151], [7.984118486707533, 0.0, 6.983782651282183, 17.17600289745091, 25.075970635757667, 24.184283482740792, 16.081125863111982, 8.295897690143844, 5.789602822751402, 10.580873610060843], [14.696346867397384, 6.983782651282183, 0.0, 10.236655397179787, 18.1966612960387, 17.606316403445984, 9.578553086411594, 5.281990952427693, 8.889396865295698, 15.136966042804813], [24.673921402654486, 17.17600289745091, 10.236655397179787, 0.0, 8.239429230058775, 9.51804612591014, 5.651094375277853, 12.206425480252195, 17.91322232462292, 23.76222728264369], [32.23475835167758, 25.075970635757667, 18.1966612960387, 8.239429230058775, 0.0, 5.626807879813028, 10.487980074469148, 18.941359423363174, 24.87378599293911, 30.307774157810314], [30.94253363569457, 24.184283482740792, 17.606316403445984, 9.51804612591014, 5.626807879813028, 0.0, 8.314035394258914, 16.85471258214257, 22.989195790684676, 28.50714359231189], [23.12308005514953, 16.081125863111982, 9.578553086411594, 5.651094375277853, 10.487980074469148, 8.314035394258914, 0.0, 9.096925033503632, 15.460453326547642, 21.627564624767004], [14.287818814646865, 8.295897690143844, 5.281990952427693, 12.206425480252195, 18.941359423363174, 16.85471258214257, 9.096925033503632, 0.0, 6.422885489868317, 12.928369419053817], [8.322283917706363, 5.789602822751402, 8.889396865295698, 17.91322232462292, 24.87378599293911, 22.989195790684676, 15.460453326547642, 6.422885489868317, 0.0, 6.863681791793745], [6.877580763575151, 10.580873610060843, 15.136966042804813, 23.76222728264369, 30.307774157810314, 28.50714359231189, 21.627564624767004, 12.928369419053817, 6.863681791793745, 0.0]]