[[0.0, 8.070389764532441, 15.418882003435916, 25.573734513240765, 33.40115231130797, 31.799150418224478, 23.434670063874357, 14.217785558362385, 8.822431826013165, 6.20854492611014], [8.070389764532441, 0.0, 7.547374266126862, 18.010650429038645, 26.24053362651994, 24.896047495110988, 16.23409907865136, 8.003406545034183, 6.708653873349555, 10.068180518541867], [15.418882003435916, 7.547374266126862, 0.0, 10.561824239374843, 19.057517286042845, 18.22801510931473, 9.856832661070035, 6.374285544735347, 10.563188936762513, 15.69834877984739], [25.573734513240765, 18.010650429038645, 10.561824239374843, 0.0, 8.794392203064517, 9.464389290365439, 6.190029423503333, 13.33008763226131, 19.064881185200548, 24.46850948995778], [33.40115231130797, 26.24053362651994, 19.057517286042845, 8.794392203064517, 0.0, 4.996326509824791, 11.429369661014775, 20.336734030700306, 25.98027252263324, 31.29252634262318], [31.799150418224478, 24.896047495110988, 18.22801510931473, 9.464389290365439, 4.996326509824791, 0.0, 9.000617661110434, 18.005565507101355, 23.76950556551629, 29.370661346970895], [23.434670063874357, 16.23409907865136, 9.856832661070035, 6.190029423503333, 11.429369661014775, 9.000617661110434, 0.0, 9.520246686337964, 15.84431667645459, 21.868470772964006], [14.217785558362385, 8.003406545034183, 6.374285544735347, 13.33008763226131, 20.336734030700306, 18.005565507101355, 9.520246686337964, 0.0, 6.60376389733128, 12.889536336837491], [8.822431826013165, 6.708653873349555, 10.563188936762513, 19.064881185200548, 25.98027252263324, 23.76950556551629, 15.84431667645459, 6.60376389733128, 0.0, 6.362340068060336], [6.20854492611014, 10.068180518541867, 15.69834877984739, 24.46850948995778, 31.29252634262318, 29.370661346970895, 21.868470772964006, 12.889536336837491, 6.362340068060336, 0.0]]