[[0.0, 6.580559433739581, 14.031204876865493, 23.757051471947626, 32.366597654739444, 30.191704335327262, 22.101641870937893, 14.856396635563886, 8.140265997149603, 7.394000898448079], [6.580559433739581, 0.0, 7.626679174272705, 17.536745744506018, 26.65107521626214, 24.787402692465704, 16.46499199317546, 10.397904060152555, 6.697114613200301, 10.964614733599353], [14.031204876865493, 7.626679174272705, 0.0, 10.098107964232655, 19.51194510266747, 17.865020463094947, 9.568559803247355, 7.0837561033851255, 9.879143128135254, 16.26901443830907], [23.757051471947626, 17.536745744506018, 10.098107964232655, 0.0, 9.99125294897943, 10.434236974594649, 6.4394735487977615, 12.729421725483409, 18.488506817374326, 24.85934041974344], [32.366597654739444, 26.65107521626214, 19.51194510266747, 9.99125294897943, 0.0, 6.586696575191696, 12.070006529216215, 19.791802353580362, 26.103006320556894, 31.975836387411825], [30.191704335327262, 24.787402692465704, 17.865020463094947, 10.434236974594649, 6.586696575191696, 0.0, 8.57779272343579, 16.070954347670863, 23.009832545853197, 28.858801356187612], [22.101641870937893, 16.46499199317546, 9.568559803247355, 6.4394735487977615, 12.070006529216215, 8.57779272343579, 0.0, 8.238545325722315, 15.29038510589792, 21.65610793775068], [14.856396635563886, 10.397904060152555, 7.0837561033851255, 12.729421725483409, 19.791802353580362, 16.070954347670863, 8.238545325722315, 0.0, 7.382539603474673, 13.734513720393199], [8.140265997149603, 6.697114613200301, 9.879143128135254, 18.488506817374326, 26.103006320556894, 23.009832545853197, 15.29038510589792, 7.382539603474673, 0.0, 6.688485811130126], [7.394000898448079, 10.964614733599353, 16.26901443830907, 24.85934041974344, 31.975836387411825, 28.858801356187612, 21.65610793775068, 13.734513720393199, 6.688485811130126, 0.0]]