[[0.0, 8.649076720725454, 16.983854761213546, 23.968855528806813, 31.481221190230883, 23.251213483002648, 14.917677303448183, 6.431217244659211], [8.649076720725454, 0.0, 8.652664676526593, 15.893927701151846, 25.400896337514332, 17.09712667892319, 9.740139304946004, 5.82307052082361], [16.983854761213546, 8.652664676526593, 0.0, 8.737793126388665, 21.713456234993036, 13.263373777289399, 9.63309384692026, 12.812936177390645], [23.968855528806813, 15.893927701151846, 8.737793126388665, 0.0, 14.47628585552071, 8.240576190786722, 11.458089336652161, 18.42022285453803], [31.481221190230883, 25.400896337514332, 21.713456234993036, 14.47628585552071, 0.0, 10.311846098280654, 17.91275860656591, 25.191456709155027], [23.251213483002648, 17.09712667892319, 13.263373777289399, 8.240576190786722, 10.311846098280654, 0.0, 8.500995116762098, 16.879254774679186], [14.917677303448183, 9.740139304946004, 9.63309384692026, 11.458089336652161, 17.91275860656591, 8.500995116762098, 0.0, 8.636157295842], [6.431217244659211, 5.82307052082361, 12.812936177390645, 18.42022285453803, 25.191456709155027, 16.879254774679186, 8.636157295842, 0.0]]