[[0.0, 7.205060855278532, 15.306881190606957, 26.479334260999384, 36.482817443585596, 31.467421596298, 22.771179512903252, 14.540139979818417, 7.750102825098709, 5.256296418951746], [7.205060855278532, 0.0, 8.388494656623799, 19.781076759396363, 30.153746708920014, 25.41293250115809, 16.469405421416337, 9.507302097633005, 6.4822884670295275, 9.727814417443312], [15.306881190606957, 8.388494656623799, 0.0, 11.524518579807701, 22.082213874911606, 17.454328824585, 8.625051938922681, 6.365275553722007, 10.640749452974168, 16.150417360728174], [26.479334260999384, 19.781076759396363, 11.524518579807701, 0.0, 10.757330225141642, 8.594367780013723, 6.895969550720262, 14.61757540256393, 20.91577047329433, 26.422430171024484], [36.482817443585596, 30.153746708920014, 22.082213874911606, 10.757330225141642, 0.0, 8.996031249269867, 15.865195502057986, 24.170264816735127, 30.4805545607969, 35.69455703171884], [31.467421596298, 25.41293250115809, 17.454328824585, 8.594367780013723, 8.996031249269867, 0.0, 9.292073201771554, 17.59938746194492, 24.59060780357633, 30.31506646977092], [22.771179512903252, 16.469405421416337, 8.625051938922681, 6.895969550720262, 15.865195502057986, 9.292073201771554, 0.0, 9.00081386905212, 16.25548342128384, 22.319531098453073], [14.540139979818417, 9.507302097633005, 6.365275553722007, 14.61757540256393, 24.170264816735127, 17.59938746194492, 9.00081386905212, 0.0, 7.527502438867554, 13.804640979259872], [7.750102825098709, 6.4822884670295275, 10.640749452974168, 20.91577047329433, 30.4805545607969, 24.59060780357633, 16.25548342128384, 7.527502438867554, 0.0, 6.330608896308631], [5.256296418951746, 9.727814417443312, 16.150417360728174, 26.422430171024484, 35.69455703171884, 30.31506646977092, 22.319531098453073, 13.804640979259872, 6.330608896308631, 0.0]]