[[0.0, 8.850123531989654, 16.07622865064773, 22.197054014239594, 30.783314862288062, 22.347608834596286, 15.367859240715344, 8.027687910789446], [8.850123531989654, 0.0, 7.527572879519268, 15.000473363220944, 25.45306229212584, 16.82950670874381, 11.287834921730607, 7.735551235955071], [16.07622865064773, 7.527572879519268, 0.0, 8.659858177384493, 20.460031102664193, 12.153372459746183, 9.856313691713499, 11.73910810748176], [22.197054014239594, 15.000473363220944, 8.659858177384493, 0.0, 12.229622869218046, 5.479594534208345, 9.761151589198786, 15.65269425657107], [30.783314862288062, 25.45306229212584, 20.460031102664193, 12.229622869218046, 0.0, 10.512987880476375, 17.71947098606776, 23.808069767323474], [22.347608834596286, 16.82950670874381, 12.153372459746183, 5.479594534208345, 10.512987880476375, 0.0, 7.744443934793121, 14.78177296254035], [15.367859240715344, 11.287834921730607, 9.856313691713499, 9.761151589198786, 17.71947098606776, 7.744443934793121, 0.0, 7.492072804536472], [8.027687910789446, 7.735551235955071, 11.73910810748176, 15.65269425657107, 23.808069767323474, 14.78177296254035, 7.492072804536472, 0.0]]