[[0.0, 9.686612733599864, 17.871665534829962, 23.856378178898197, 31.743796308994344, 24.310083487964615, 15.987087938710633, 7.513847519366359], [9.686612733599864, 0.0, 8.690159452766675, 15.715629942087366, 25.797357504637947, 19.03347548339643, 12.640180884799552, 7.620904760367694], [17.871665534829962, 8.690159452766675, 0.0, 7.9588555949756365, 20.092744860036767, 14.191042049024976, 11.683491439315134, 13.007548340349652], [23.856378178898197, 15.715629942087366, 7.9588555949756365, 0.0, 12.885133289241093, 8.77906279980386, 12.00692916456781, 17.351374361034402], [31.743796308994344, 25.797357504637947, 20.092744860036767, 12.885133289241093, 0.0, 9.158207386055906, 17.65823011268819, 24.376759055753965], [24.310083487964615, 19.03347548339643, 14.191042049024976, 8.77906279980386, 9.158207386055906, 0.0, 8.945231393097052, 16.83922361644628], [15.987087938710633, 12.640180884799552, 11.683491439315134, 12.00692916456781, 17.65823011268819, 8.945231393097052, 0.0, 8.755310185418848], [7.513847519366359, 7.620904760367694, 13.007548340349652, 17.351374361034402, 24.376759055753965, 16.83922361644628, 8.755310185418848, 0.0]]