[[0.0, 8.252204244623735, 16.547400161775986, 23.599172666759276, 31.784591935536394, 23.264577457700753, 15.028342925848545, 6.619847019053913], [8.252204244623735, 0.0, 8.721981165412249, 16.772364172951765, 26.708610071587987, 18.880621575798024, 11.868688930963435, 7.416636577885757], [16.547400161775986, 8.721981165412249, 0.0, 9.039637401150667, 20.870323242885366, 13.968199604679409, 10.567304028136693, 12.817515773172465], [23.599172666759276, 16.772364172951765, 9.039637401150667, 0.0, 12.640520791357414, 8.502600371937636, 12.006692966858694, 18.290928987945613], [31.784591935536394, 26.708610071587987, 20.870323242885366, 12.640520791357414, 0.0, 11.16246796029664, 19.240571916396902, 25.986784883371897], [23.264577457700753, 18.880621575798024, 13.968199604679409, 8.502600371937636, 11.16246796029664, 0.0, 8.829121956397136, 16.84119172964583], [15.028342925848545, 11.868688930963435, 10.567304028136693, 12.006692966858694, 19.240571916396902, 8.829121956397136, 0.0, 8.505774458739722], [6.619847019053913, 7.416636577885757, 12.817515773172465, 18.290928987945613, 25.986784883371897, 16.84119172964583, 8.505774458739722, 0.0]]