[[0.0, 9.688300486899081, 17.86973678760907, 23.86787428634796, 31.84406754744404, 24.35061243799991, 15.990191005543023, 7.521675928880878], [9.688300486899081, 0.0, 8.684541907419987, 15.733277877830451, 25.921358085241096, 19.0887205941398, 12.648099743188538, 7.630143019366086], [17.86973678760907, 8.684541907419987, 0.0, 7.9931790261147695, 20.23292215214505, 14.263895533162497, 11.696594785462647, 13.004035514934163], [23.86787428634796, 15.733277877830451, 7.9931790261147695, 0.0, 12.98187391963105, 8.808528046265279, 12.0131886049079, 17.351357631928867], [31.84406754744404, 25.921358085241096, 20.23292215214505, 12.98187391963105, 0.0, 9.186731976391762, 17.756189196720165, 24.47379978459203], [24.35061243799991, 19.0887205941398, 14.263895533162497, 8.808528046265279, 9.186731976391762, 0.0, 8.994996275604175, 16.867175727482238], [15.990191005543023, 12.648099743188538, 11.696594785462647, 12.0131886049079, 17.756189196720165, 8.994996275604175, 0.0, 8.740709538488794], [7.521675928880878, 7.630143019366086, 13.004035514934163, 17.351357631928867, 24.47379978459203, 16.867175727482238, 8.740709538488794, 0.0]]