[[0.0, 7.572821887738017, 14.602431622924314, 22.67637327963557, 32.715787928394654, 21.818331305220525, 14.597201421142685, 6.152034342077992], [7.572821887738017, 0.0, 7.4051046510087914, 16.363550271389336, 27.827617879111855, 17.736888537550943, 11.999142559957109, 7.491504703916497], [14.602431622924314, 7.4051046510087914, 0.0, 9.660518016782431, 22.35168883751073, 13.18875489309988, 10.565326196268717, 11.917941338012158], [22.67637327963557, 16.363550271389336, 9.660518016782431, 0.0, 13.273775918665866, 8.64804933360547, 12.820583385896446, 18.627682800673117], [32.715787928394654, 27.827617879111855, 22.35168883751073, 13.273775918665866, 0.0, 14.264263627850328, 21.603993532579892, 28.33727626074731], [21.818331305220525, 17.736888537550943, 13.18875489309988, 8.64804933360547, 14.264263627850328, 0.0, 8.060031645111946, 16.26744510625541], [14.597201421142685, 11.999142559957109, 10.565326196268717, 12.820583385896446, 21.603993532579892, 8.060031645111946, 0.0, 8.63627723099398], [6.152034342077992, 7.491504703916497, 11.917941338012158, 18.627682800673117, 28.33727626074731, 16.26744510625541, 8.63627723099398, 0.0]]