[[0.0, 8.288411887724088, 16.619562172726393, 23.592001289012085, 31.641081672525576, 23.129318952156176, 14.826872882451546, 6.360207165521341], [8.288411887724088, 0.0, 8.754327260020043, 16.764487744038526, 26.622033434323715, 18.43615262527724, 11.137242020555133, 6.4542821757482045], [16.619562172726393, 8.754327260020043, 0.0, 9.090518845883, 20.865224471055228, 13.26421389323653, 9.60854704795522, 12.210501239673457], [23.592001289012085, 16.764487744038526, 9.090518845883, 0.0, 12.519703378678503, 7.46742698463902, 11.221813381673433, 17.87987439288937], [31.641081672525576, 26.622033434323715, 20.865224471055228, 12.519703378678503, 0.0, 10.72622940445621, 18.72715164225604, 25.66033113011656], [23.129318952156176, 18.43615262527724, 13.26421389323653, 7.46742698463902, 10.72622940445621, 0.0, 8.703614266813183, 16.80070261075286], [14.826872882451546, 11.137242020555133, 9.60854704795522, 11.221813381673433, 18.72715164225604, 8.703614266813183, 0.0, 8.516364191562149], [6.360207165521341, 6.4542821757482045, 12.210501239673457, 17.87987439288937, 25.66033113011656, 16.80070261075286, 8.516364191562149, 0.0]]