[[0.0, 8.107631214693354, 15.386120056243842, 25.375306104015774, 33.01750751617708, 31.804110908348388, 23.446334024932213, 14.196985126739657, 9.008700084255109, 6.49975697339162], [8.107631214693354, 0.0, 7.422220999230683, 17.68333001006332, 25.709534175947255, 24.820553706779243, 16.180442653431022, 7.469731685517825, 6.8108952922851485, 10.162397475130806], [15.386120056243842, 7.422220999230683, 0.0, 10.364040892877888, 18.66269664194918, 18.291980251560847, 9.902596161946676, 5.319803084496078, 10.523321712036793, 15.704752195478793], [25.375306104015774, 17.68333001006332, 10.364040892877888, 0.0, 8.603905034661063, 9.626593745345492, 5.9712044224533125, 12.50959327487201, 18.74589371260389, 24.254051665784196], [33.01750751617708, 25.709534175947255, 18.66269664194918, 8.603905034661063, 0.0, 4.652669471444643, 10.849976480873584, 19.5898197638684, 25.408348730780443, 30.85186777594162], [31.804110908348388, 24.820553706779243, 18.291980251560847, 9.626593745345492, 4.652669471444643, 0.0, 8.995058862375775, 17.95508509548562, 23.597630147291593, 29.25473093678723], [23.446334024932213, 16.180442653431022, 9.902596161946676, 5.9712044224533125, 10.849976480873584, 8.995058862375775, 0.0, 9.33488922152186, 15.750269280640572, 21.827526615803656], [14.196985126739657, 7.469731685517825, 5.319803084496078, 12.50959327487201, 19.5898197638684, 17.95508509548562, 9.33488922152186, 0.0, 7.007781947439934, 13.217882923453892], [9.008700084255109, 6.8108952922851485, 10.523321712036793, 18.74589371260389, 25.408348730780443, 23.597630147291593, 15.750269280640572, 7.007781947439934, 0.0, 6.374125585478606], [6.49975697339162, 10.162397475130806, 15.704752195478793, 24.254051665784196, 30.85186777594162, 29.25473093678723, 21.827526615803656, 13.217882923453892, 6.374125585478606, 0.0]]