[[0.0, 8.036876664985845, 15.291072663468512, 25.142080964802773, 32.84643974656875, 31.707396241400932, 23.34883772989358, 14.023099875376133, 9.179603470082629, 5.680657259593558], [8.036876664985845, 0.0, 7.477787324541265, 17.622256567592242, 25.761958718642905, 24.936546852484245, 16.048999892622785, 7.404135543754183, 7.163709576826312, 9.5269207652402], [15.291072663468512, 7.477787324541265, 0.0, 10.231078170918547, 18.647525208770872, 18.348752559465453, 9.443280522542366, 5.3861918080983715, 10.51383386377524, 15.119828497242585], [25.142080964802773, 17.622256567592242, 10.231078170918547, 0.0, 8.73695607327295, 9.761331921251628, 5.049917877816828, 12.56265802284771, 18.451408893147672, 23.752736802828867], [32.84643974656875, 25.761958718642905, 18.647525208770872, 8.73695607327295, 0.0, 4.611777973029166, 10.723605807309827, 19.777142010845676, 25.089547322939687, 30.551108230761027], [31.707396241400932, 24.936546852484245, 18.348752559465453, 9.761331921251628, 4.611777973029166, 0.0, 9.3865137719476, 18.201186656667907, 23.363141884662365, 29.143105667708152], [23.34883772989358, 16.048999892622785, 9.443280522542366, 5.049917877816828, 10.723605807309827, 9.3865137719476, 0.0, 9.567920265653658, 15.886550913247188, 21.810720847514624], [14.023099875376133, 7.404135543754183, 5.3861918080983715, 12.56265802284771, 19.777142010845676, 18.201186656667907, 9.567920265653658, 0.0, 7.091303341078636, 12.971675239458202], [9.179603470082629, 7.163709576826312, 10.51383386377524, 18.451408893147672, 25.089547322939687, 23.363141884662365, 15.886550913247188, 7.091303341078636, 0.0, 6.272333014903942], [5.680657259593558, 9.5269207652402, 15.119828497242585, 23.752736802828867, 30.551108230761027, 29.143105667708152, 21.810720847514624, 12.971675239458202, 6.272333014903942, 0.0]]