[[0.0, 7.9909101711709285, 15.121823079713039, 25.38602802869271, 33.909767909493645, 32.59320413024362, 23.752285144779542, 14.381274642035764, 8.818240520603016, 5.329849378451231], [7.9909101711709285, 0.0, 7.316628435889921, 18.0133104319328, 27.083491449532982, 26.034073590789074, 16.80381785271062, 8.366666101075026, 6.847519844303776, 9.815881220866013], [15.121823079713039, 7.316628435889921, 0.0, 10.867886968064308, 20.280404494735627, 19.65641156364223, 10.541023403715268, 6.311793661128426, 10.465483134576205, 15.688482036015435], [25.38602802869271, 18.0133104319328, 10.867886968064308, 0.0, 9.725699057005876, 10.30297259501674, 5.630840847569659, 12.84250296759713, 18.89591327714734, 24.72353169386504], [33.909767909493645, 27.083491449532982, 20.280404494735627, 9.725699057005876, 0.0, 4.673531622449237, 11.50231396220595, 20.615619747087695, 26.48921535166888, 32.28301874036835], [32.59320413024362, 26.034073590789074, 19.65641156364223, 10.30297259501674, 4.673531622449237, 0.0, 9.559378638609779, 18.670550589910977, 24.561507945652913, 30.51879785516466], [23.752285144779542, 16.80381785271062, 10.541023403715268, 5.630840847569659, 11.50231396220595, 9.559378638609779, 0.0, 9.667663228925905, 16.105021701667653, 22.341291605482837], [14.381274642035764, 8.366666101075026, 6.311793661128426, 12.84250296759713, 20.615619747087695, 18.670550589910977, 9.667663228925905, 0.0, 6.652413934665972, 12.979405924082274], [8.818240520603016, 6.847519844303776, 10.465483134576205, 18.89591327714734, 26.48921535166888, 24.561507945652913, 16.105021701667653, 6.652413934665972, 0.0, 6.3675061778969635], [5.329849378451231, 9.815881220866013, 15.688482036015435, 24.72353169386504, 32.28301874036835, 30.51879785516466, 22.341291605482837, 12.979405924082274, 6.3675061778969635, 0.0]]