[[0.0, 8.568082228457778, 16.115608057870887, 22.627218300876866, 31.35821634446036, 22.666409532518333, 14.27359219831392, 6.1724750345725985], [8.568082228457778, 0.0, 7.8793313345026315, 15.868366326686408, 27.347823542728243, 19.240398336099855, 12.111705232888305, 8.668947112247137], [16.115608057870887, 7.8793313345026315, 0.0, 9.670596831991912, 23.46313725224123, 16.28933284174269, 12.190184831836511, 13.960889864830285], [22.627218300876866, 15.868366326686408, 9.670596831991912, 0.0, 14.54880653452255, 10.107751391184538, 12.688183712167511, 18.780286729659824], [31.35821634446036, 27.347823542728243, 23.46313725224123, 14.54880653452255, 0.0, 10.937233601212556, 19.744418227459448, 26.86539742688987], [22.666409532518333, 19.240398336099855, 16.28933284174269, 10.107751391184538, 10.937233601212556, 0.0, 9.299584271205354, 17.294930652967764], [14.27359219831392, 12.111705232888305, 12.190184831836511, 12.688183712167511, 19.744418227459448, 9.299584271205354, 0.0, 8.441028268768799], [6.1724750345725985, 8.668947112247137, 13.960889864830285, 18.780286729659824, 26.86539742688987, 17.294930652967764, 8.441028268768799, 0.0]]