[[0.0, 6.5782505649733345, 14.104615563509059, 24.09005786869897, 32.96369748339665, 30.48435889140823, 22.184962219634812, 14.93325440400531, 8.109471210641171, 7.399057869785651], [6.5782505649733345, 0.0, 7.701074018516768, 17.88961810992971, 27.240333490037358, 25.108881004720704, 16.479375852484825, 10.39283338883656, 6.514382442818813, 10.84648561311271], [14.104615563509059, 7.701074018516768, 0.0, 10.391792560667339, 20.020428010372527, 18.15635832246781, 9.439388976685617, 6.955625918689562, 9.760516560599957, 16.160319437511717], [24.09005786869897, 17.88961810992971, 10.391792560667339, 0.0, 10.132478706823612, 10.839051971461204, 6.413762342631119, 12.857489418599926, 18.678352586860417, 24.937551219757285], [32.96369748339665, 27.240333490037358, 20.020428010372527, 10.132478706823612, 0.0, 7.7553013266056245, 12.694563431057052, 20.30643605018396, 26.660547165399603, 32.362631099940835], [30.48435889140823, 25.108881004720704, 18.15635832246781, 10.839051971461204, 7.7553013266056245, 0.0, 8.885198736672361, 16.09749920098908, 23.16028124510914, 28.848612889881572], [22.184962219634812, 16.479375852484825, 9.439388976685617, 6.413762342631119, 12.694563431057052, 8.885198736672361, 0.0, 8.245531288849733, 15.352146110743016, 21.664671435946516], [14.93325440400531, 10.39283338883656, 6.955625918689562, 12.857489418599926, 20.30643605018396, 16.09749920098908, 8.245531288849733, 0.0, 7.424120030258806, 13.722564203818797], [8.109471210641171, 6.514382442818813, 9.760516560599957, 18.678352586860417, 26.660547165399603, 23.16028124510914, 15.352146110743016, 7.424120030258806, 0.0, 6.690240155956212], [7.399057869785651, 10.84648561311271, 16.160319437511717, 24.937551219757285, 32.362631099940835, 28.848612889881572, 21.664671435946516, 13.722564203818797, 6.690240155956212, 0.0]]