[[0.0, 7.996474607588769, 15.139686210096594, 25.44202378376156, 33.98411930761806, 32.63185162415467, 23.776972380660137, 14.38039698950578, 8.809097222774929, 5.35294906479008], [7.996474607588769, 0.0, 7.3263380001357445, 18.06114288725996, 27.144600997592487, 26.055381758691734, 16.81505360464043, 8.348181531800742, 6.822904999985636, 9.81466911172888], [15.139686210096594, 7.3263380001357445, 0.0, 10.907721705424374, 20.331258018608935, 19.6650965525454, 10.541522794238697, 6.306791644696216, 10.468834479844928, 15.689510519993222], [25.44202378376156, 18.06114288725996, 10.907721705424374, 0.0, 9.733739121452045, 10.279020600754674, 5.6524802213610625, 12.905597863447243, 18.95277181490069, 24.751921555581617], [33.98411930761806, 27.144600997592487, 20.331258018608935, 9.733739121452045, 0.0, 4.698491950367587, 11.559155129345571, 20.705458518510913, 26.57482145648813, 32.329213407348995], [32.63185162415467, 26.055381758691734, 19.6650965525454, 10.279020600754674, 4.698491950367587, 0.0, 9.568966555275288, 18.71849492560289, 24.610668054113955, 30.53501409303295], [23.776972380660137, 16.81505360464043, 10.541522794238697, 5.6524802213610625, 11.559155129345571, 9.568966555275288, 0.0, 9.697244291138595, 16.132754973191343, 22.347531413634616], [14.38039698950578, 8.348181531800742, 6.306791644696216, 12.905597863447243, 20.705458518510913, 18.71849492560289, 9.697244291138595, 0.0, 6.654654355799253, 12.973188223256221], [8.809097222774929, 6.822904999985636, 10.468834479844928, 18.95277181490069, 26.57482145648813, 24.610668054113955, 16.132754973191343, 6.654654355799253, 0.0, 6.360145687240505], [5.35294906479008, 9.81466911172888, 15.689510519993222, 24.751921555581617, 32.329213407348995, 30.53501409303295, 22.347531413634616, 12.973188223256221, 6.360145687240505, 0.0]]