[[0.0, 7.9765248712221775, 14.676689883568468, 24.620513364131728, 32.138115356972854, 30.891528554837507, 23.10275318095798, 14.277057438622496, 8.312627384322237, 6.7733694913965055], [7.9765248712221775, 0.0, 6.977811309917247, 17.13628027994013, 24.99212700004388, 24.152284990140892, 16.079081296639746, 8.30583599268478, 5.803555249547468, 10.54755808484196], [14.676689883568468, 6.977811309917247, 0.0, 10.200945180864366, 18.114609525423756, 17.58037793101428, 9.581676591931341, 5.285423655804801, 8.885887992700843, 15.128614564449517], [24.620513364131728, 17.13628027994013, 10.200945180864366, 0.0, 8.193301983275427, 9.522279144637695, 5.62353576368329, 12.163707741928404, 17.874032083253432, 23.758193096491702], [32.138115356972854, 24.99212700004388, 18.114609525423756, 8.193301983275427, 0.0, 5.5966058777300915, 10.385812437004148, 18.846228132064628, 24.78859259509636, 30.280343994291826], [30.891528554837507, 24.152284990140892, 17.58037793101428, 9.522279144637695, 5.5966058777300915, 0.0, 8.27538814228535, 16.81108386769928, 22.948529197686746, 28.507103981975966], [23.10275318095798, 16.079081296639746, 9.581676591931341, 5.62353576368329, 10.385812437004148, 8.27538814228535, 0.0, 9.087535640406262, 15.449880945092362, 21.631887496398484], [14.277057438622496, 8.30583599268478, 5.285423655804801, 12.163707741928404, 18.846228132064628, 16.81108386769928, 9.087535640406262, 0.0, 6.420857676463012, 12.9201414893592], [8.312627384322237, 5.803555249547468, 8.885887992700843, 17.874032083253432, 24.78859259509636, 22.948529197686746, 15.449880945092362, 6.420857676463012, 0.0, 6.832612538242821], [6.7733694913965055, 10.54755808484196, 15.128614564449517, 23.758193096491702, 30.280343994291826, 28.507103981975966, 21.631887496398484, 12.9201414893592, 6.832612538242821, 0.0]]