[[0.0, 8.212783347801768, 15.021587675006959, 22.784956249839805, 32.51055241482634, 22.8997828562051, 13.975241893047647, 6.6235481341303775], [8.212783347801768, 0.0, 7.406140935247385, 16.19927830889037, 27.48103913853181, 18.885976614993492, 11.177623893679462, 7.394615650115022], [15.021587675006959, 7.406140935247385, 0.0, 9.350514717769764, 21.859380456422684, 14.119654682295383, 9.501278572161377, 11.193730781414432], [22.784956249839805, 16.19927830889037, 9.350514717769764, 0.0, 13.232431189078333, 8.492710889069228, 11.756897225107823, 17.431240172312755], [32.51055241482634, 27.48103913853181, 21.859380456422684, 13.232431189078333, 0.0, 12.078756148984304, 20.70725766598178, 26.900312081711938], [22.8997828562051, 18.885976614993492, 14.119654682295383, 8.492710889069228, 12.078756148984304, 0.0, 9.446471041783326, 16.53036269897745], [13.975241893047647, 11.177623893679462, 9.501278572161377, 11.756897225107823, 20.70725766598178, 9.446471041783326, 0.0, 7.4127052813883], [6.6235481341303775, 7.394615650115022, 11.193730781414432, 17.431240172312755, 26.900312081711938, 16.53036269897745, 7.4127052813883, 0.0]]