[[0.0, 6.580943987551558, 13.983568996440642, 23.722660693402663, 32.92402235832435, 30.546385014511632, 22.215870232398508, 15.469573997624787, 9.066013461451343, 7.353633594772723], [6.580943987551558, 0.0, 7.74357113481751, 17.51835357245454, 27.186358509244315, 25.175457572854754, 16.51243228085908, 11.321040971645228, 7.9200170659920905, 10.817025396221505], [13.983568996440642, 7.74357113481751, 0.0, 10.046090007902974, 19.92708223764518, 17.799810200355086, 8.990936974403397, 7.1211468108133404, 9.881539093116466, 15.581419782403465], [23.722660693402663, 17.51835357245454, 10.046090007902974, 0.0, 10.396525092334553, 10.437778101422207, 5.3766959177675275, 12.707209429043063, 18.46988797531693, 24.439751482587663], [32.92402235832435, 27.186358509244315, 19.92708223764518, 10.396525092334553, 0.0, 7.705781497297792, 12.59022827482353, 20.440768387608987, 26.63653537501499, 32.36030364267338], [30.546385014511632, 25.175457572854754, 17.799810200355086, 10.437778101422207, 7.705781497297792, 0.0, 8.92023925187396, 15.97980662341062, 22.96279730076612, 28.913366591696324], [22.215870232398508, 16.51243228085908, 8.990936974403397, 5.3766959177675275, 12.59022827482353, 8.92023925187396, 0.0, 8.572572577655615, 15.440471263159719, 21.68804544082334], [15.469573997624787, 11.321040971645228, 7.1211468108133404, 12.707209429043063, 20.440768387608987, 15.97980662341062, 8.572572577655615, 0.0, 7.3927617864361075, 13.647484157427808], [9.066013461451343, 7.9200170659920905, 9.881539093116466, 18.46988797531693, 26.63653537501499, 22.96279730076612, 15.440471263159719, 7.3927617864361075, 0.0, 6.347797889338082], [7.353633594772723, 10.817025396221505, 15.581419782403465, 24.439751482587663, 32.36030364267338, 28.913366591696324, 21.68804544082334, 13.647484157427808, 6.347797889338082, 0.0]]