[[0.0, 10.780888838742149, 17.745640242518753, 23.775456227606, 31.77765195120952, 23.475614123530722, 15.297957355250372, 6.66124886954376], [10.780888838742149, 0.0, 7.655044791881103, 16.100495973822234, 27.8680520305746, 19.762894170852, 13.110149773828061, 9.792962065100072], [17.745640242518753, 7.655044791881103, 0.0, 9.721335153219746, 23.312972817825976, 16.410006648988837, 13.138453738464277, 14.570817498337593], [23.775456227606, 16.100495973822234, 9.721335153219746, 0.0, 14.276088288058004, 9.767383306400438, 12.794001448652018, 18.541316518272023], [31.77765195120952, 27.8680520305746, 23.312972817825976, 14.276088288058004, 0.0, 10.12532714197191, 18.84230938284193, 25.702436818510265], [23.475614123530722, 19.762894170852, 16.410006648988837, 9.767383306400438, 10.12532714197191, 0.0, 9.053284421162742, 16.981728711972906], [15.297957355250372, 13.110149773828061, 13.138453738464277, 12.794001448652018, 18.84230938284193, 9.053284421162742, 0.0, 8.71946842886887], [6.66124886954376, 9.792962065100072, 14.570817498337593, 18.541316518272023, 25.702436818510265, 16.981728711972906, 8.71946842886887, 0.0]]