[[0.0, 9.91287998063252, 16.878655825975414, 22.31509569751286, 30.56694672353189, 22.207043296737773, 15.082026614931063, 7.657066370388139], [9.91287998063252, 0.0, 7.5259606136479995, 15.129473059899608, 25.88850849794835, 17.229941646103192, 11.593081594638937, 8.43350183993814], [16.878655825975414, 7.5259606136479995, 0.0, 9.091053482355992, 21.143663054908174, 12.933007588475935, 10.45863395396746, 12.428449943022375], [22.31509569751286, 15.129473059899608, 9.091053482355992, 0.0, 12.314395707543426, 5.710554929343822, 9.717690856012657, 15.668181135650556], [30.56694672353189, 25.88850849794835, 21.143663054908174, 12.314395707543426, 0.0, 10.074347194537859, 17.356700050924537, 23.516561700599514], [22.207043296737773, 17.229941646103192, 12.933007588475935, 5.710554929343822, 10.074347194537859, 0.0, 7.728708841778752, 14.758116388303527], [15.082026614931063, 11.593081594638937, 10.45863395396746, 9.717690856012657, 17.356700050924537, 7.728708841778752, 0.0, 7.50006390862078], [7.657066370388139, 8.43350183993814, 12.428449943022375, 15.668181135650556, 23.516561700599514, 14.758116388303527, 7.50006390862078, 0.0]]