[[0.0, 8.747446512215609, 16.144028816841168, 23.556701956535466, 31.2854566149613, 23.126191112230245, 14.737709983142327, 6.364644086134354], [8.747446512215609, 0.0, 7.672122511194737, 15.715254390916646, 25.184497665512314, 16.802835288388806, 9.220991208154253, 5.318149075430475], [16.144028816841168, 7.672122511194737, 0.0, 8.679374366507874, 19.94251464692811, 11.488300270116593, 7.393014639153029, 11.127744271935667], [23.556701956535466, 15.715254390916646, 8.679374366507874, 0.0, 12.36723263155352, 5.900077867198789, 10.074319897982244, 17.57385823324301], [31.2854566149613, 25.184497665512314, 19.94251464692811, 12.36723263155352, 0.0, 9.801060908738558, 17.387429708950233, 24.940976244038264], [23.126191112230245, 16.802835288388806, 11.488300270116593, 5.900077867198789, 9.801060908738558, 0.0, 8.437543453635898, 16.840078138907373], [14.737709983142327, 9.220991208154253, 7.393014639153029, 10.074319897982244, 17.387429708950233, 8.437543453635898, 0.0, 8.556890937278913], [6.364644086134354, 5.318149075430475, 11.127744271935667, 17.57385823324301, 24.940976244038264, 16.840078138907373, 8.556890937278913, 0.0]]