[[0.0, 7.999397350514474, 14.664293977620096, 24.730112114397645, 32.63075376910264, 31.547653497680106, 23.2078333836105, 14.312697670545166, 8.413353217672785, 7.181102569348879], [7.999397350514474, 0.0, 6.9054378951023105, 17.22185684601475, 25.522321377852098, 24.869946925099896, 16.162942770935558, 8.310009649303362, 5.880252360123416, 10.762255514540577], [14.664293977620096, 6.9054378951023105, 0.0, 10.392161201898958, 18.798072233160852, 18.425352748627116, 9.728730541934901, 5.319149748047332, 8.893355902657781, 15.234883714576362], [24.730112114397645, 17.22185684601475, 10.392161201898958, 0.0, 8.70392219859421, 10.029359350818423, 5.628156360908516, 12.242754750216065, 17.89800100222536, 23.755190168363587], [32.63075376910264, 25.522321377852098, 18.798072233160852, 8.70392219859421, 0.0, 5.484168601763992, 10.9213948518589, 19.37425260149514, 25.171663126966028, 30.484392982056256], [31.547653497680106, 24.869946925099896, 18.425352748627116, 10.029359350818423, 5.484168601763992, 0.0, 9.092421889491376, 17.5410575856623, 23.496760597351475, 28.820647586503128], [23.2078333836105, 16.162942770935558, 9.728730541934901, 5.628156360908516, 10.9213948518589, 9.092421889491376, 0.0, 9.157486502692592, 15.477992284272887, 21.652337385076024], [14.312697670545166, 8.310009649303362, 5.319149748047332, 12.242754750216065, 19.37425260149514, 17.5410575856623, 9.157486502692592, 0.0, 6.408366837487224, 12.986619046382472], [8.413353217672785, 5.880252360123416, 8.893355902657781, 17.89800100222536, 25.171663126966028, 23.496760597351475, 15.477992284272887, 6.408366837487224, 0.0, 6.934702206491206], [7.181102569348879, 10.762255514540577, 15.234883714576362, 23.755190168363587, 30.484392982056256, 28.820647586503128, 21.652337385076024, 12.986619046382472, 6.934702206491206, 0.0]]