[[0.0, 8.454798967695508, 15.549110155694219, 25.27021461397825, 32.6559673263969, 31.409957714330993, 23.173055007826676, 14.04695039530417, 8.428674112520309, 5.401651907245504], [8.454798967695508, 0.0, 7.426758301668637, 17.598890074037538, 25.546725277643176, 24.92050788692369, 16.073680748629045, 8.05153703383329, 6.890856241917473, 10.229832273441339], [15.549110155694219, 7.426758301668637, 0.0, 10.267200366154784, 18.485049381219103, 18.564457836161385, 9.816989959670325, 6.340042960944429, 10.513168365689813, 15.707873830166896], [25.27021461397825, 17.598890074037538, 10.267200366154784, 0.0, 8.526573823214688, 10.373813457292599, 6.021061303106701, 12.875508870272116, 18.62014508928397, 24.16782807356252], [32.6559673263969, 25.546725277643176, 18.485049381219103, 8.526573823214688, 0.0, 5.582749067266683, 10.836317815930874, 19.530835477381448, 25.180084579505998, 30.674798940986637], [31.409957714330993, 24.92050788692369, 18.564457836161385, 10.373813457292599, 5.582749067266683, 0.0, 9.286624821467157, 17.759876673593794, 23.34587458634786, 29.02196928415589], [23.173055007826676, 16.073680748629045, 9.816989959670325, 6.021061303106701, 10.836317815930874, 9.286624821467157, 0.0, 9.312277765177164, 15.638783887678636, 21.76170658695512], [14.04695039530417, 8.05153703383329, 6.340042960944429, 12.875508870272116, 19.530835477381448, 17.759876673593794, 9.312277765177164, 0.0, 6.603811993260104, 12.924907742366633], [8.428674112520309, 6.890856241917473, 10.513168365689813, 18.62014508928397, 25.180084579505998, 23.34587458634786, 15.638783887678636, 6.603811993260104, 0.0, 6.376759251414389], [5.401651907245504, 10.229832273441339, 15.707873830166896, 24.16782807356252, 30.674798940986637, 29.02196928415589, 21.76170658695512, 12.924907742366633, 6.376759251414389, 0.0]]