[[0.0, 7.601388570146248, 13.931133814475153, 22.99280764671672, 30.766642701722628, 31.542839315174863, 23.045293419820307, 14.43786017294301, 9.940406288187473, 7.950633149218118], [7.601388570146248, 0.0, 6.431266908844711, 15.729226458785345, 24.013936442046692, 25.64474618278284, 16.66843998168026, 9.18476867648881, 8.684752119438588, 11.671902645427354], [13.931133814475153, 6.431266908844711, 0.0, 9.421344867877087, 18.01715426807383, 20.36310995109092, 11.267882959643664, 7.040037678512596, 11.075023927413252, 16.224195362260684], [22.99280764671672, 15.729226458785345, 9.421344867877087, 0.0, 9.009306215306543, 13.442298513488161, 6.794353873844813, 11.90276985318917, 18.049162988824328, 23.927801885678694], [30.766642701722628, 24.013936442046692, 18.01715426807383, 9.009306215306543, 0.0, 7.952751153637649, 9.797818751661566, 18.39120766745931, 24.437884599401706, 30.300578399422644], [31.542839315174863, 25.64474618278284, 20.36310995109092, 13.442298513488161, 7.952751153637649, 0.0, 9.351984711400354, 17.79803138095753, 23.29312835249894, 29.0795682443238], [23.045293419820307, 16.66843998168026, 11.267882959643664, 6.794353873844813, 9.797818751661566, 9.351984711400354, 0.0, 9.195871839216174, 15.49825284495501, 21.715040110330285], [14.43786017294301, 9.18476867648881, 7.040037678512596, 11.90276985318917, 18.39120766745931, 17.79803138095753, 9.195871839216174, 0.0, 6.631379888726703, 12.975593243815403], [9.940406288187473, 8.684752119438588, 11.075023927413252, 18.049162988824328, 24.437884599401706, 23.29312835249894, 15.49825284495501, 6.631379888726703, 0.0, 6.384664564286287], [7.950633149218118, 11.671902645427354, 16.224195362260684, 23.927801885678694, 30.300578399422644, 29.0795682443238, 21.715040110330285, 12.975593243815403, 6.384664564286287, 0.0]]