[[0.0, 7.64461775994379, 15.180600257641528, 23.155374551389773, 31.72410960507674, 23.21619609798752, 14.716956822259283, 6.7791515061744265], [7.64461775994379, 0.0, 7.6696773450696085, 15.717611357480914, 25.107109481294938, 16.385097695713718, 8.01172281332124, 4.677609389132338], [15.180600257641528, 7.6696773450696085, 0.0, 8.716408535589126, 19.818793638131307, 10.613621553660982, 4.94466072680401, 10.57630524897334], [23.155374551389773, 15.717611357480914, 8.716408535589126, 0.0, 12.098167770237815, 4.536346948789743, 8.97299977468299, 17.37006884912406], [31.72410960507674, 25.107109481294938, 19.818793638131307, 12.098167770237815, 0.0, 10.14523669475863, 17.82071724821698, 25.22133018069073], [23.21619609798752, 16.385097695713718, 10.613621553660982, 4.536346948789743, 10.14523669475863, 0.0, 8.545896916345937, 16.78803933121697], [14.716956822259283, 8.01172281332124, 4.94466072680401, 8.97299977468299, 17.82071724821698, 8.545896916345937, 0.0, 8.53218151955542], [6.7791515061744265, 4.677609389132338, 10.57630524897334, 17.37006884912406, 25.22133018069073, 16.78803933121697, 8.53218151955542, 0.0]]