[[0.0, 9.687605393979462, 17.862343538748604, 23.893522781877287, 31.914690524179576, 24.388163249576028, 15.992586420709408, 7.492178396026284], [9.687605393979462, 0.0, 8.676542499560181, 15.775992067338937, 25.993360003279026, 19.13242991187923, 12.647804066146305, 7.578498858103431], [17.862343538748604, 8.676542499560181, 0.0, 8.092408223692686, 20.286198767871863, 14.306861317786268, 11.680007752186512, 12.939094158171546], [23.893522781877287, 15.775992067338937, 8.092408223692686, 0.0, 12.84741386667717, 8.76683324281271, 12.05606683621346, 17.346329066896722], [31.914690524179576, 25.993360003279026, 20.286198767871863, 12.84741386667717, 0.0, 9.169817956946197, 17.884240840225925, 24.608197468149935], [24.388163249576028, 19.13242991187923, 14.306861317786268, 8.76683324281271, 9.169817956946197, 0.0, 9.090378299678404, 16.91737798626229], [15.992586420709408, 12.647804066146305, 11.680007752186512, 12.05606683621346, 17.884240840225925, 9.090378299678404, 0.0, 8.717259341008962], [7.492178396026284, 7.578498858103431, 12.939094158171546, 17.346329066896722, 24.608197468149935, 16.91737798626229, 8.717259341008962, 0.0]]