[[0.0, 8.223152763526771, 17.1042160032302, 23.608058494167643, 31.879265791834076, 23.264993332342996, 15.016792694803874, 6.61776510937673], [8.223152763526771, 0.0, 9.171175451780758, 16.77353569225561, 26.718465347603523, 18.847216273877848, 11.877832042998797, 7.400380389638492], [17.1042160032302, 9.171175451780758, 0.0, 9.560916156001634, 21.670739816972247, 14.888534992470147, 11.674782317028916, 13.705546361851612], [23.608058494167643, 16.77353569225561, 9.560916156001634, 0.0, 12.677397314828116, 8.47555777312154, 12.026136299279916, 18.300061167011137], [31.879265791834076, 26.718465347603523, 21.670739816972247, 12.677397314828116, 0.0, 11.382711839616695, 19.33274348956012, 26.06634024842203], [23.264993332342996, 18.847216273877848, 14.888534992470147, 8.47555777312154, 11.382711839616695, 0.0, 8.782414888965963, 16.83234110539612], [15.016792694803874, 11.877832042998797, 11.674782317028916, 12.026136299279916, 19.33274348956012, 8.782414888965963, 0.0, 8.500879899891478], [6.61776510937673, 7.400380389638492, 13.705546361851612, 18.300061167011137, 26.06634024842203, 16.83234110539612, 8.500879899891478, 0.0]]