[[0.0, 7.962698428257345, 14.609188949795023, 24.41629839224486, 32.284666183681146, 30.85442431524416, 23.137001977599216, 14.361192185104445, 8.499473224270666, 6.909955051869804], [7.962698428257345, 0.0, 6.922139841189357, 16.934188014142606, 25.119262082419482, 24.16930676966483, 16.172387000550355, 8.476522469047849, 6.063599882332112, 10.675902799412375], [14.609188949795023, 6.922139841189357, 0.0, 10.051323540892017, 18.301855962699467, 17.66464386653575, 9.71961482636771, 5.367863300279175, 8.878878999364336, 15.174613122354126], [24.41629839224486, 16.934188014142606, 10.051323540892017, 0.0, 8.412591561895416, 9.687166877453336, 5.433074688473278, 11.865805641890907, 17.576965866618877, 23.64225320180998], [32.284666183681146, 25.119262082419482, 18.301855962699467, 8.412591561895416, 0.0, 6.60552021293592, 10.731679529555706, 19.047132673878505, 24.900658170570093, 30.54981339873463], [30.85442431524416, 24.16930676966483, 17.66464386653575, 9.687166877453336, 6.60552021293592, 0.0, 8.154822405199518, 16.645993519234924, 22.748033016493405, 28.441262529648032], [23.137001977599216, 16.172387000550355, 9.71961482636771, 5.433074688473278, 10.731679529555706, 8.154822405199518, 0.0, 9.040465602612459, 15.373320516911305, 21.628995949051568], [14.361192185104445, 8.476522469047849, 5.367863300279175, 11.865805641890907, 19.047132673878505, 16.645993519234924, 9.040465602612459, 0.0, 6.3975428025948355, 12.91980050374966], [8.499473224270666, 6.063599882332112, 8.878878999364336, 17.576965866618877, 24.900658170570093, 22.748033016493405, 15.373320516911305, 6.3975428025948355, 0.0, 6.7738759978648115], [6.909955051869804, 10.675902799412375, 15.174613122354126, 23.64225320180998, 30.54981339873463, 28.441262529648032, 21.628995949051568, 12.91980050374966, 6.7738759978648115, 0.0]]