[[0.0, 9.041117636336894, 16.47057604568052, 22.662606389864447, 31.255685309496908, 22.618070931631813, 14.301272287826842, 6.165967174020391], [9.041117636336894, 0.0, 7.828004764319512, 15.922639723736921, 27.827862512698402, 19.51619194277854, 12.30466773988969, 9.052976247739583], [16.47057604568052, 7.828004764319512, 0.0, 9.741687780964549, 23.968222276097197, 16.61716838335175, 12.477781468909969, 14.338530814458293], [22.662606389864447, 15.922639723736921, 9.741687780964549, 0.0, 15.008819652616522, 10.29062824712782, 12.676795366635254, 18.78069208692097], [31.255685309496908, 27.827862512698402, 23.968222276097197, 15.008819652616522, 0.0, 11.01032991344333, 19.70714987640783, 26.688527073217205], [22.618070931631813, 19.51619194277854, 16.61716838335175, 10.29062824712782, 11.01032991344333, 0.0, 9.227018616858429, 17.182526858460047], [14.301272287826842, 12.30466773988969, 12.477781468909969, 12.676795366635254, 19.70714987640783, 9.227018616858429, 0.0, 8.45347073710893], [6.165967174020391, 9.052976247739583, 14.338530814458293, 18.78069208692097, 26.688527073217205, 17.182526858460047, 8.45347073710893, 0.0]]