[[0.0, 7.572179883070199, 15.023015193222198, 22.723493845079634, 32.662330085113126, 21.521641893291807, 14.258875715478343, 6.173117737619216], [7.572179883070199, 0.0, 7.646713704542363, 16.1548309431614, 27.757977689005287, 17.11091512245467, 11.195271034525025, 7.509674572088724], [15.023015193222198, 7.646713704542363, 0.0, 9.646810943797385, 23.049144201219864, 13.22184542800603, 10.552235465508293, 12.664858121547196], [22.723493845079634, 16.1548309431614, 9.646810943797385, 0.0, 14.122478420594954, 8.614482615065226, 12.69157391563198, 18.884514155289384], [32.662330085113126, 27.757977689005287, 23.049144201219864, 14.122478420594954, 0.0, 14.341997433462994, 21.605427160950562, 28.366134291480385], [21.521641893291807, 17.11091512245467, 13.22184542800603, 8.614482615065226, 14.341997433462994, 0.0, 7.995644969794681, 16.096733315914136], [14.258875715478343, 11.195271034525025, 10.552235465508293, 12.69157391563198, 21.605427160950562, 7.995644969794681, 0.0, 8.435209880054618], [6.173117737619216, 7.509674572088724, 12.664858121547196, 18.884514155289384, 28.366134291480385, 16.096733315914136, 8.435209880054618, 0.0]]