[[0.0, 9.32331486395456, 16.936209283541285, 28.54463321005282, 38.06709668280845, 37.12528651961903, 26.378511854976253, 15.031225009517124, 8.614591957935211, 3.4487421972075567], [9.32331486395456, 0.0, 7.6923290873127605, 19.620065180509318, 29.743096649218316, 29.303044030350947, 18.12673344546807, 7.947994653462533, 7.392637154776772, 10.127554827113798], [16.936209283541285, 7.6923290873127605, 0.0, 12.138498912479672, 22.678624980443946, 22.693977285106907, 11.436758805151786, 6.489994140208832, 12.260808102327024, 17.18764824025736], [28.54463321005282, 19.620065180509318, 12.138498912479672, 0.0, 10.99945163491189, 12.234780525343067, 5.740431116253294, 15.104556548119547, 22.448236035080935, 28.219899583866315], [38.06709668280845, 29.743096649218316, 22.678624980443946, 10.99945163491189, 0.0, 4.409193743915093, 12.514492621122804, 24.059381560300857, 31.115705095480127, 37.168642199140905], [37.12528651961903, 29.303044030350947, 22.693977285106907, 12.234780525343067, 4.409193743915093, 0.0, 11.62834925203665, 22.854577613223597, 29.62697502506532, 35.85790014764075], [26.378511854976253, 18.12673344546807, 11.436758805151786, 5.740431116253294, 12.514492621122804, 11.62834925203665, 0.0, 11.751802020865473, 19.140533308628285, 25.45753905125809], [15.031225009517124, 7.947994653462533, 6.489994140208832, 15.104556548119547, 24.059381560300857, 22.854577613223597, 11.751802020865473, 0.0, 7.693260659671491, 14.0490868913602], [8.614591957935211, 7.392637154776772, 12.260808102327024, 22.448236035080935, 31.115705095480127, 29.62697502506532, 19.140533308628285, 7.693260659671491, 0.0, 6.690950784606474], [3.4487421972075567, 10.127554827113798, 17.18764824025736, 28.219899583866315, 37.168642199140905, 35.85790014764075, 25.45753905125809, 14.0490868913602, 6.690950784606474, 0.0]]