{
	"dissimilarities": [[0.0, 9.17087514856538, 15.938035344188599, 25.036581922721993, 18.654875275550467, 11.22623141356907, 6.4819975309336515, 41.36698935989935, 46.28610931177849, 55.86778866200031, 64.15970226670147, 70.35240985926615, 64.79344217272212, 56.36619021108795, 47.9075277315051, 17.82781186024895, 19.575409707494835, 22.38099698189267, 27.852885567976777, 34.028131510612866, 31.505517331375767, 24.287719356916384, 18.44631131405705, 12.472655803947372, 12.137150743634894, 45.0703038270768, 53.13050727940261, 61.42630763430798, 68.68502309599718, 74.95247944400298, 72.48041293286498, 67.24248663604047, 60.026437470889185, 51.40934331526952, 46.48110977519156, 17.35083791734803, 24.318826124739456, 34.82783312398781, 37.51396526014896, 47.60878965379666, 53.20005440712824, 57.45732387293886, 59.07761222945359, 55.55253923717123, 47.47258779079871, 37.13577918425532, 33.536647644854995, 64.75128865214586, 61.370269855713275, 61.57123344825199, 65.8446238391521, 66.7879193254055, 71.43430896479973, 79.53268052196962, 80.51705912276365, 78.71073128525265, 76.64588183006944, 73.31749598949662, 69.6375886063383, 64.99232815421448, 65.18733609736702, 68.08709889025191, 71.68298037359781, 76.91357120762936, 72.4799230090741, 68.8149263023229, 65.64687215580999, 60.45336448825406, 65.705143909916, 77.72137000540168, 94.15639532576655, 88.28916502495198, 95.51073484657836, 100.45344283183823, 103.31363158085101, 111.70038166565793, 116.35851962630808, 118.63298585696509, 116.41634528787007, 101.5350899707037, 97.35126335665771, 92.01964059452118], [9.17087514856538, 0.0, 7.800485468206768, 19.25247315521811, 14.354105015046605, 10.783977666427035, 13.076335065058329, 50.15482741080554, 54.70883170645904, 64.0383178378645, 72.62173285697705, 79.17738837700088, 73.60185510328995, 65.12690359531655, 56.71919659950231, 18.660815326642215, 16.024759301758788, 15.589309122903265, 19.957875700980527, 26.57822141708963, 23.715239209534467, 15.74534721353038, 10.258799975131446, 9.143204408922289, 14.930839683439409, 51.91543771976172, 60.15778090351182, 68.60908023702932, 76.13343497070795, 82.7531774516198, 80.49765390473712, 75.02299531517399, 67.64258775116042, 59.09481337667447, 54.01438860576613, 23.943739832465774, 30.238008420630123, 39.56938662635877, 42.080929659348094, 52.452682856073764, 58.26231387591259, 63.19727753416835, 66.1782875787924, 63.500776229589704, 53.8331230499598, 44.703557191190974, 41.10242770357473, 67.99922847769112, 65.44245289186715, 66.3555392415532, 71.2636496277458, 72.8985080080971, 78.0795410285352, 86.91351095629449, 87.16675488864247, 84.73684615864255, 82.0383963345316, 77.90790495696449, 73.66402112716489, 68.79396211487153, 69.9317283741209, 73.52707318347754, 77.86948213580519, 83.91096695652669, 78.65964620414157, 74.26876132924973, 70.32093857621092, 55.14062879975586, 62.5056199221518, 76.37935830253254, 94.35421943559973, 89.03035487551426, 97.46184662562915, 103.56635257739367, 108.47858466043957, 119.06835649872224, 124.43175712477232, 127.14378250808217, 125.05530838811437, 110.60587645537524, 105.97494288852916, 99.67172749656652], [15.938035344188599, 7.800485468206768, 0.0, 12.267736646335745, 9.911607360448105, 12.068497850112664, 17.94554855587237, 57.304491871888466, 62.11252163625475, 71.55866724201631, 79.98338338989613, 86.20034469351273, 80.72442192355398, 72.30053235918183, 63.84268921194735, 25.70113216200975, 21.01951837066211, 16.888530707368894, 16.888631775725173, 21.413566392461323, 17.735731050592364, 12.446064526497281, 10.881856166491726, 15.59854349689422, 22.577490377624436, 59.69011738178203, 67.89111997604705, 76.23773618422993, 83.59844459790155, 90.02376400830354, 87.89043898802306, 82.56702406031633, 75.2908560956711, 66.7630297825896, 61.72114588781172, 31.509075939511792, 36.53922404955172, 44.45057009859609, 45.242117100124354, 55.481808297105644, 62.005811374972424, 67.64714816327951, 71.12842210331861, 69.17442315872691, 60.02339109519459, 51.76666249317745, 48.74810849281729, 68.26512011232961, 67.18090801559893, 69.19725389901073, 74.63125679740585, 76.90392336755774, 82.2579204569436, 91.16497128107329, 90.87363276422927, 88.00226117358383, 84.65330721785456, 79.79814106818223, 74.84247346688747, 69.6995097413338, 72.35483188241717, 76.70271486619122, 81.55800677162429, 87.94848286598095, 82.28678702213722, 77.37782617206038, 72.57207563109787, 49.989960570218045, 56.769378280327935, 71.110981646736, 89.9617139513033, 85.18198240723461, 94.79462027593526, 102.06914834463248, 110.08677514967684, 122.08910516659095, 128.00980291306809, 131.08644419887295, 129.26286922376565, 116.12228714578916, 111.94609593203442, 106.2441089861722], [25.036581922721993, 19.25247315521811, 12.267736646335745, 0.0, 9.609642534165042, 17.623459058696135, 24.65185107483314, 65.04580151693898, 70.50539480235582, 80.27283138013985, 88.07681243540061, 93.23733782661377, 88.0933660136714, 79.93250192102607, 71.43109417572298, 37.721780398966864, 32.82808198913669, 27.051376985510903, 22.333809245601856, 20.83733463396406, 16.580508104958334, 19.619003995382766, 21.931489589945937, 27.682246637995366, 34.12633107405308, 69.94735599881527, 77.89188914988785, 85.83854891615603, 92.58361844942709, 98.26198336484312, 96.27032525472134, 91.50548645275431, 84.63878579579956, 76.16667872822252, 71.34887603343958, 41.77257377418238, 45.36220284632035, 51.6325125899739, 49.17703308686988, 58.705872189803856, 66.48157212478685, 72.89792758099432, 76.06380428114363, 74.80986020741487, 68.19080992485503, 60.56636881964603, 58.45222023789507, 66.58091775152754, 68.15084047822131, 71.91600458115113, 77.80938056731479, 80.75066079490563, 85.87807022777992, 94.06629883559843, 93.35193017764331, 90.18268027725826, 86.05541168399746, 80.43517619274431, 74.45036955924904, 68.94006128511847, 74.13189294073958, 79.40917132722564, 84.57869423036651, 90.81861621631056, 85.16992456350694, 79.9123735275167, 74.02472756063555, 43.916133454206594, 45.96298188111657, 59.44219317165991, 78.94911241766422, 75.23501994795733, 86.7051771332896, 95.68572314282449, 109.18528096287726, 121.8441092750712, 128.15755085504728, 131.42287026701342, 129.95261606142827, 119.42710175353926, 116.50604124172777, 112.93450196096235], [18.654875275550467, 14.354105015046605, 9.911607360448105, 9.609642534165042, 0.0, 8.870969701708884, 16.985640163949725, 58.04523524106878, 63.75927526854981, 73.61542408694118, 81.46717674627659, 86.75538502703445, 81.1529009693028, 72.74681170422124, 64.31605750815203, 32.570019353546925, 29.86163843607398, 26.769547171446533, 25.868973131565642, 27.793282610497453, 23.558093033464214, 21.737786950513318, 20.63956184609017, 23.29106988124509, 28.19211269504237, 63.470495890391014, 71.60657972289424, 79.94794017435645, 87.04895044212846, 92.93228992906111, 90.39545123124685, 85.41740057702732, 78.28749690587318, 69.57981255159075, 64.70527903085356, 34.16520227144172, 36.286180481031984, 42.0484259860434, 39.840639462035824, 49.58528670996484, 57.0943712234904, 63.41843357423986, 66.89399300233354, 65.91625615831701, 58.81911445558339, 51.95884725389887, 50.94675836422562, 59.60849711769259, 59.852041837045675, 62.985399694079774, 68.77063111003714, 71.59720431056667, 76.88968781955255, 85.56979280279265, 84.75174977909661, 81.56049043173424, 77.66162905418017, 72.31840496306506, 66.80056128614713, 61.459154976522974, 65.53125300425641, 70.52149116731627, 75.68234415098348, 82.18162050835393, 76.31839717574631, 71.08420211563764, 65.54777756257508, 53.01876288275577, 54.0744227370683, 64.6100574183995, 82.20560487908995, 75.96668638626014, 85.0105699902096, 92.32377280888079, 101.92482984818942, 115.01735999171996, 121.77475370018509, 125.94697572174542, 125.15950297012766, 113.82497105603913, 112.04009489599447, 108.98452687280985], [11.22623141356907, 10.783977666427035, 12.068497850112664, 17.623459058696135, 8.870969701708884, 0.0, 8.55048595739137, 49.49017785336453, 55.199793007590586, 65.04586984581651, 72.95769354123189, 78.45118245282437, 72.6597345034813, 64.14985165984484, 55.7477397313945, 26.53657519883427, 26.293964666495352, 26.13678272588564, 28.54259255780007, 32.72768436698846, 29.036391792145835, 24.174760051628766, 20.264212270342615, 18.811488593485873, 21.33900508174198, 55.075016843866145, 63.22291065520731, 71.68063031371145, 78.91418406644398, 84.90814560124792, 82.1213087909403, 77.03579981567471, 69.81204902911671, 61.03434960759514, 56.162616716239064, 25.65124193567261, 27.888387395044575, 34.83336277278685, 34.085862345625046, 44.18614979359985, 51.08301362183579, 56.74776523881688, 59.68277948782809, 58.040894256807654, 50.66640233802781, 43.1550605246776, 42.18818132043576, 57.70633393456372, 56.11592868532012, 58.00129538240829, 63.244656707533935, 65.3997142480313, 70.53727501648669, 79.20514887148913, 78.94836381988836, 76.21990990699359, 73.02733353884139, 68.49744644450355, 63.79813205682074, 58.7531686486347, 61.03491228544928, 65.21239226600635, 69.8400198256828, 76.0096474925178, 70.54588295959358, 65.8503742675761, 61.2487320468968, 58.89639314935627, 60.65551204215222, 70.48207950257395, 86.82335980900311, 79.73237778454369, 87.11022242114826, 92.8692560242076, 98.58475902531494, 110.19854596053675, 116.46339828243768, 120.43497097450981, 119.5285895461892, 106.86627227312438, 105.02494124352715, 101.7761764699328], [6.4819975309336515, 13.076335065058329, 17.94554855587237, 24.65185107483314, 16.985640163949725, 8.55048595739137, 0.0, 41.080681165563384, 46.807932470480395, 56.7046682801179, 64.51112200531419, 69.97309668719522, 64.27425452851531, 55.832352404378284, 47.38757965626236, 23.426158782791447, 25.7186111387648, 27.9730797239504, 32.29654593138299, 37.33697491876397, 34.32651142380584, 28.44729736119832, 23.257803922323085, 18.304038449530363, 17.43416478407764, 47.44407503943412, 55.37512653952691, 63.625351020654605, 70.65751636390645, 76.48837134381553, 73.67290310855886, 68.71185889477438, 61.631505555904404, 52.90708263520303, 48.156631566820906, 19.204856052884903, 22.943176415255977, 31.913741430141435, 32.53475089727389, 42.46986910188245, 48.74175712968305, 53.41965511185714, 54.91518116505978, 51.99870486570659, 45.517864579219804, 36.25028764898099, 34.57871009953908, 58.58624223202121, 55.697954850664246, 56.42652993047644, 60.864567861084765, 62.08416130120223, 66.67914723853863, 74.64846527112802, 75.36119619100477, 73.40636276776094, 71.07690421409404, 67.56244342542938, 63.65198156864544, 58.919740545865494, 59.71920207348972, 62.92655893911468, 66.65328525509976, 71.92344998285176, 67.40001326042413, 63.59047443687235, 60.07828959728379, 62.677296593161664, 64.77980849890832, 74.40583827760042, 89.7846055983106, 82.87503314881369, 89.38978355106251, 94.04544387253428, 97.25956846291494, 106.16296572476492, 111.35907877490892, 114.41184960553343, 112.9360603902907, 99.1725421004898, 96.80497683541775, 93.47245767523516], [41.36698935989935, 50.15482741080554, 57.304491871888466, 65.04580151693898, 58.04523524106878, 49.49017785336453, 41.080681165563384, 0.0, 7.665844544339066, 17.32789638285733, 23.73443417658186, 29.568631857143505, 23.462669163542518, 15.087898129586172, 6.656479536151221, 42.44128378241689, 50.99892488333469, 58.54565258640057, 66.42327235065078, 73.01799998299715, 71.51217345616688, 63.91826482728245, 57.320713635727714, 47.95130405614353, 39.74427571445714, 20.674695232604762, 23.565798200630866, 29.07381695562308, 34.38269731476594, 38.97726992411498, 34.62871757209595, 30.438346853002955, 24.68464392538343, 17.414723387061024, 15.847409307689666, 29.70557506489908, 32.35297499541172, 40.34572657794005, 46.278210559735456, 50.59026923567094, 51.00542345630874, 48.96923053645369, 42.616224517052025, 32.67342632761842, 33.891773820185115, 19.682739676202754, 15.890198108848928, 73.3631776339379, 65.0655834972107, 60.08709997147969, 59.50276303170528, 55.63105539098654, 56.48678369685013, 59.771042137417595, 65.44328751299159, 67.71136859326123, 70.2331970632386, 72.18254658481084, 72.83339022883351, 70.58516573517528, 64.02065897994231, 61.70069010683885, 60.1512265033265, 59.97649178800302, 61.00374954609621, 62.411370132870445, 65.05996652648986, 94.82411990561906, 97.46032488331964, 104.60842328877266, 114.9804278393854, 107.53424907577073, 108.90146881545485, 107.85875003961168, 96.63681385027516, 92.5634032498779, 92.36604583485533, 91.46316228471909, 87.81533624290246, 66.50777522535681, 62.36058319857182, 59.03210367774586], [46.28610931177849, 54.70883170645904, 62.11252163625475, 70.50539480235582, 63.75927526854981, 55.199793007590586, 46.807932470480395, 7.665844544339066, 0.0, 10.116811834881826, 17.998125398015038, 25.910434202547915, 20.168019479720016, 12.7039342485262, 7.650656673413401, 44.82718626017178, 53.49473773275764, 61.4941146572477, 69.84620097126127, 76.85511016257084, 75.6775055088312, 67.63958744044548, 60.97445683416142, 51.443403996409266, 43.0769020416143, 15.957811955791337, 16.673972400848275, 21.46426975308969, 27.015554360737926, 32.329412293363625, 27.91522333902034, 23.090791106140166, 17.045868998098452, 10.148748769445868, 10.081331183388532, 33.63154736595896, 37.35772240664296, 45.646497400363295, 52.857481875465815, 57.09427049886504, 56.72047454156901, 54.02347457119257, 47.725842032116205, 37.502803410863166, 37.328773327135245, 23.52170237592409, 17.675603046932824, 80.5558250579654, 71.72981450251761, 66.1709901465644, 65.20925873736071, 60.92448573850974, 61.57231562713293, 64.58122873707292, 70.64600402997328, 73.25183633197143, 76.25086302484546, 78.61021091208057, 79.66529970336398, 77.61264555684795, 70.32976429233793, 67.52121971393538, 65.60727849445891, 65.08292283063912, 66.48828854290966, 68.27626509957862, 71.46755488357134, 98.57779314426878, 102.92505831550685, 111.2265819282465, 121.96580767947641, 115.02212381272378, 116.50285959142191, 115.29390625565146, 102.71559683772519, 97.38157903536408, 96.240132822834, 94.27090256775533, 89.74814236706347, 66.54587836149396, 59.9276716733972, 53.79936764027805], [55.86778866200031, 64.0383178378645, 71.55866724201631, 80.27283138013985, 73.61542408694118, 65.04586984581651, 56.7046682801179, 17.32789638285733, 10.116811834881826, 0.0, 9.840584168248602, 20.240696893047577, 15.46628218140071, 11.88976453705901, 13.91978552584773, 52.70922147473244, 61.417758076757934, 69.73023143540925, 78.39915438159792, 85.65982102162754, 84.7133694136622, 76.40214107242768, 69.70414168815863, 60.107995101665914, 51.68596800506957, 18.030074132840664, 13.552420473389429, 14.269381928052384, 18.682880884469103, 24.111675527476518, 18.85541511846321, 13.568169917347106, 8.500042781062753, 7.704846439658225, 12.333670623126961, 42.530964772142966, 46.06734093672462, 53.61520348173934, 61.503243033946575, 64.97140120963236, 63.52972383996224, 59.7758750410123, 52.888357743617746, 42.37961493791736, 42.63342966836209, 30.81908352441231, 25.560687893539992, 88.7901085806111, 79.28320556129955, 72.93046804723328, 71.18150479500996, 66.18437945962673, 66.16889027126048, 68.22895744560914, 74.99207566616815, 78.28070018285356, 82.10643442202748, 85.30494005962855, 87.10299843458371, 85.48857778625815, 77.15587454941839, 73.49193360926746, 70.76044805164145, 69.31296007122796, 71.63858957785007, 74.25348488066058, 78.39616700735371, 107.01655084274405, 112.22976526737091, 120.78224337681043, 131.14346250044284, 124.3178497643459, 125.2153828999685, 123.23770552540331, 108.06813324013193, 100.39356437176903, 97.93116301539226, 94.81370960990017, 89.55457883234416, 64.13422480227275, 55.66863728393198, 47.46734309135787], [64.15970226670147, 72.62173285697705, 79.98338338989613, 88.07681243540061, 81.46717674627659, 72.95769354123189, 64.51112200531419, 23.73443417658186, 17.998125398015038, 9.840584168248602, 0.0, 11.11404264839041, 8.65770161418341, 12.048102756396256, 18.397591035911876, 62.19144697048103, 70.79067325390383, 78.86449090183945, 87.19604345911223, 94.03337854782079, 93.09301818498993, 85.25357245188876, 78.6985384163677, 69.2118533699243, 60.86380928161949, 27.758631632494655, 22.11923865801253, 18.811950431046142, 18.156778559419894, 19.582050039389774, 13.309643472268595, 12.089606356178269, 13.63071635556496, 17.353130532808514, 22.173131940938386, 51.473390107496776, 54.157367917428566, 60.65724872384684, 67.4571516349793, 69.81421101035875, 68.0735578436651, 63.62652986977935, 55.12534582039995, 44.27686679406665, 48.38596479116189, 38.18171766735453, 34.638558485802655, 92.5168616029314, 83.10868544543173, 76.5613832827959, 74.0211309966616, 68.39230036988381, 67.23537662354873, 67.26671416911046, 75.02183752492928, 79.22446861158798, 83.78282129372427, 87.8535411821963, 90.17989580688567, 88.95945891338488, 80.34936184464966, 76.0252425373292, 72.25357266621701, 69.21618112792794, 73.04192286330311, 76.67877782140529, 81.55027889174353, 114.1365793973696, 117.98491379177047, 125.25197341962415, 134.22403814163306, 127.47432662876206, 127.52340131032662, 124.63509075637855, 108.10467473388458, 96.84232865778549, 92.71436606984265, 88.21760546287128, 82.37662048584501, 55.77296009267131, 47.48269552330104, 41.70854078028811], [70.35240985926615, 79.17738837700088, 86.20034469351273, 93.23733782661377, 86.75538502703445, 78.45118245282437, 69.97309668719522, 29.568631857143505, 25.910434202547915, 20.240696893047577, 11.11404264839041, 0.0, 8.066943805585538, 16.54237010729351, 23.603511850571426, 70.59461650270168, 78.96715908785639, 86.53551266057981, 94.21716847356946, 100.31979029625869, 99.29100504632858, 92.27334545224349, 85.9790194537206, 76.74984179637406, 68.61179004223457, 38.206940634945624, 33.0490314333149, 29.054404768762517, 25.670378330151248, 22.63264363120283, 17.688090033600602, 20.817488793663006, 24.51938370073691, 27.91754133691837, 32.311935601256245, 59.01016314317585, 60.84147674157929, 66.38722635769334, 71.3293583493666, 72.6267990102322, 71.15827665454889, 66.48228555790446, 56.257150049581476, 45.36165605041944, 54.12720098702915, 45.01671158967047, 43.01997877943491, 93.2491879977789, 84.54296370931428, 78.31517252925177, 75.20030919520933, 69.20871172987407, 66.84808348141672, 64.43867619595693, 73.15412433111103, 78.21723630001718, 83.24450191064722, 87.9803276636523, 90.54261800665836, 89.60400888226046, 81.39619806151191, 76.74328599898595, 72.05219070688715, 67.29632075361006, 72.70038714487002, 77.22890858636327, 82.45892501815808, 118.77398652460445, 120.27493889397594, 125.6045454795724, 132.79383291092356, 126.2158928536184, 125.48283311822253, 121.82457253429573, 105.27648671365677, 90.08022984366677, 84.169978599886, 78.11215196654068, 71.72821586720922, 44.69930374773395, 38.323438485654655, 39.00037360199656], [64.79344217272212, 73.60185510328995, 80.72442192355398, 88.0933660136714, 81.1529009693028, 72.6597345034813, 64.27425452851531, 23.462669163542518, 20.168019479720016, 15.46628218140071, 8.65770161418341, 8.066943805585538, 0.0, 9.036519818660116, 17.030121660817137, 64.82750203933128, 73.55408485643609, 81.38585217426389, 89.37872193244363, 95.84356479313789, 94.5679104104503, 87.12028452148246, 80.55926780036329, 71.11345901056977, 62.76646431985296, 32.92131722789334, 28.857884481292285, 27.150873326868535, 26.65321920571982, 26.561925034087366, 20.552765516607394, 20.669881254362302, 21.514162244386746, 22.97223574287364, 26.87815278570684, 52.58292836961613, 53.59474837666202, 58.7138548398372, 64.12778610159421, 65.44770173143486, 63.67718200965889, 58.967217057316574, 49.2815232658881, 38.36064751058918, 46.083972912033424, 37.338637566178164, 36.2860046294233, 87.02223758937305, 77.77481807510574, 71.26693051621108, 68.28907362099596, 62.398157959302466, 60.5600092399892, 59.49843638011573, 67.66231997745595, 72.27710714764966, 77.11879102014444, 81.6296876646595, 84.23416259368041, 83.29070855406415, 74.64422773862526, 70.02650785872785, 65.69936186601504, 61.817460644222614, 66.41650893893505, 70.58698714579958, 75.7849547445643, 115.83987636669723, 117.4062118587767, 122.63511031938044, 130.25103766549688, 122.62965395179428, 121.56107569863687, 117.87677320181648, 100.45183243827003, 88.22160177957521, 84.18141491340066, 80.46439569318726, 75.6524784800291, 49.82739314073206, 46.01011014987087, 45.883796819744596], [56.36619021108795, 65.12690359531655, 72.30053235918183, 79.93250192102607, 72.74681170422124, 64.14985165984484, 55.832352404378284, 15.087898129586172, 12.7039342485262, 11.88976453705901, 12.048102756396256, 16.54237010729351, 9.036519818660116, 0.0, 8.518072361774463, 56.42641549951722, 65.30540786128877, 73.21755314405546, 81.34927802637971, 88.03275969508871, 86.58632184003898, 78.87968046709855, 72.17683274334989, 62.64303019768178, 54.220447008017125, 26.49914467209804, 24.538413497931664, 25.997188996448635, 28.574925152966493, 31.097076791338672, 25.23577727167097, 22.70679979587738, 19.97469535372375, 17.80095025623183, 20.38380466086371, 43.74713796901954, 44.57686961247263, 50.06052987271952, 55.943532183429376, 57.96381400875358, 56.498062238106435, 52.35337500093474, 43.699007385061876, 32.765492453580194, 38.3466855103626, 28.47656618262697, 27.583752451623038, 80.47966376112022, 71.11593404905403, 64.77201063386912, 62.43717054855937, 57.057166858345994, 56.196708584886856, 57.0304175331307, 64.28498049319938, 68.07225744769705, 72.24989041550242, 76.0202431791119, 78.18149567939304, 76.91600894406105, 68.48062415754211, 64.41641656002065, 60.964817086173234, 58.50758700210472, 61.76170811737475, 65.06187256265987, 69.64859830301972, 109.19711459238991, 111.08685444315901, 116.74428578870153, 125.24402374480206, 117.16060893065531, 116.52609447441431, 113.48146998739158, 97.14570086981728, 88.50573024267548, 86.37208527788515, 84.45093739748664, 80.60133482706831, 56.482869920314954, 53.35957703721672, 51.90474301646206], [47.9075277315051, 56.71919659950231, 63.84268921194735, 71.43109417572298, 64.31605750815203, 55.7477397313945, 47.38757965626236, 6.656479536151221, 7.650656673413401, 13.91978552584773, 18.397591035911876, 23.603511850571426, 17.030121660817137, 8.518072361774463, 0.0, 48.73977976410885, 57.452174136316245, 65.13154203594827, 73.07448957654775, 79.65263233011362, 78.14400489026679, 70.56086505281111, 63.9260214481453, 54.497714771540416, 46.200034920713584, 22.90474554046759, 23.601212142055434, 27.505027239398768, 31.735235076596815, 35.45189320878125, 30.44401139575879, 26.90598519013052, 22.21846307393689, 16.714390420703776, 17.10592058763588, 35.861896710311704, 37.38083182560634, 44.027013522076125, 49.785650435944476, 52.941730884010376, 52.51839783830145, 49.4953496079092, 41.888583039471875, 31.270340856050623, 34.97406372341906, 22.714321887719695, 20.789961522639768, 75.58846088556766, 66.80620282761265, 61.203469237023434, 59.79814899329765, 55.20992056296097, 55.26175828207704, 57.425810184131514, 63.848085701557956, 66.8193944237196, 70.09272163976642, 72.88886473715844, 74.22916465440557, 72.43127740261212, 65.0124440408775, 61.8848202691062, 59.439980502050034, 58.201065322485995, 60.26717951606703, 62.56072473933474, 66.10618352758517, 101.10085158754826, 103.14244353237719, 109.40040356197095, 118.79528955036785, 110.98348430133376, 111.36119331342694, 109.36283614392845, 95.85689155762807, 89.73725543524657, 88.7452768144805, 87.48176242117049, 83.82343267105342, 61.44217552960912, 58.01344488335012, 55.836562286117505], [17.82781186024895, 18.660815326642215, 25.70113216200975, 37.721780398966864, 32.570019353546925, 26.53657519883427, 23.426158782791447, 42.44128378241689, 44.82718626017178, 52.70922147473244, 62.19144697048103, 70.59461650270168, 64.82750203933128, 56.42641549951722, 48.73977976410885, 0.0, 9.785601300730072, 19.108503990250362, 29.398571147959522, 38.92865377023594, 37.6066960845471, 26.652168172362973, 19.340220172039047, 10.207198449939582, 6.138498998721429, 37.50534709945979, 45.88271187238311, 54.7593965809228, 63.23309948151986, 71.11948793861343, 68.83413837798572, 62.4581824223225, 54.575271437592406, 46.4168381237433, 41.13337746606702, 15.753152807875033, 26.28168142316125, 38.123175712594055, 46.33556887384168, 56.191381934026865, 59.23106977602988, 62.0649233568464, 64.75263410414402, 60.49547779204725, 47.14389252972382, 36.48127363197816, 29.871134596365785, 77.31325713451784, 71.40084341679746, 69.51701052919724, 73.12881046423239, 73.30668648057654, 78.30323267953905, 87.45067310120322, 88.70157890546992, 87.10273410843509, 85.91626966234, 83.34169608908572, 80.86125243556265, 76.81286601372585, 74.22850062846697, 75.96312091607972, 79.26050052628673, 84.84199420874164, 80.22164422563311, 76.91327531783408, 75.07422616537139, 67.56107403785519, 79.19477889868118, 94.21269076497948, 111.61736275397469, 105.81255005947729, 112.45772308507541, 116.58453127667762, 114.53104462969507, 122.94971487340447, 127.13853086718042, 128.95048774575915, 125.99012261886564, 107.6197980839652, 100.42234543160937, 90.18995269100391], [19.575409707494835, 16.024759301758788, 21.01951837066211, 32.82808198913669, 29.86163843607398, 26.293964666495352, 25.7186111387648, 50.99892488333469, 53.49473773275764, 61.417758076757934, 70.79067325390383, 78.96715908785639, 73.55408485643609, 65.30540786128877, 57.452174136316245, 9.785601300730072, 0.0, 9.656282337425408, 20.303856483898763, 30.28275163493494, 29.387605469411415, 18.141407237490363, 11.759211541469346, 7.655480935286102, 12.638695052123618, 46.281080294218256, 54.362530389680416, 62.77888484784107, 70.87920531981581, 78.57327072601886, 76.82358417925916, 70.66398634876896, 63.06195945472905, 55.16238902081208, 49.982835760231836, 24.52514254360576, 34.25926433817996, 45.2933161944208, 52.00746382698242, 62.2537176209602, 66.16701347322962, 69.79499943474946, 72.94590841519424, 69.12704350099649, 56.17193360420664, 45.91691272397073, 39.35171293587385, 81.20730422870182, 76.66574786851342, 75.8485042174645, 80.06736392007112, 80.85224390652503, 86.06755798521027, 95.28724930481842, 96.16076551157633, 94.172196084088, 92.35622127378619, 89.03275743670592, 85.779137230202, 81.3520771791076, 80.25710654414537, 82.77210871886814, 86.6019961552618, 92.51244174866217, 87.5198527374115, 83.67498524973819, 80.94903831058849, 59.428792457034575, 73.35179647542708, 90.50312967427287, 109.38605848278117, 104.96604803825261, 113.34974642685984, 118.91878031704346, 120.33655695668695, 129.74707280984288, 134.12248803445644, 135.67131323592798, 132.40142582099273, 114.96953072624424, 107.02782294890939, 96.30369033188381], [22.38099698189267, 15.589309122903265, 16.888530707368894, 27.051376985510903, 26.769547171446533, 26.13678272588564, 27.9730797239504, 58.54565258640057, 61.4941146572477, 69.73023143540925, 78.86449090183945, 86.53551266057981, 81.38585217426389, 73.21755314405546, 65.13154203594827, 19.108503990250362, 9.656282337425408, 0.0, 10.736556292072892, 20.943112280721056, 20.31435012406171, 9.289333656228845, 6.428899323077474, 12.190888425083834, 20.28306585764948, 55.243695373674825, 63.163894642100146, 71.2390776516245, 78.90837870221371, 86.20013065651636, 84.78202436615952, 78.94682253401191, 71.6125110014476, 63.76278242944123, 58.66840164799496, 32.35930927675662, 41.20442610169622, 51.40713212771445, 56.21981521726472, 66.64311615149136, 71.543626870749, 75.96897255828577, 79.34579188102236, 76.0094141665257, 64.03973508450515, 54.12165061809602, 48.00036258502116, 82.99644508469164, 80.03070116397967, 80.39610558545499, 85.17687772623509, 86.56435572121849, 91.89393910790136, 101.01213176623143, 101.51012968237812, 99.16441170084379, 96.69943632573458, 92.65224054056914, 88.59570992283135, 83.80469571460888, 84.36754517884278, 87.67662776324757, 91.97361952760507, 98.09715899664312, 92.82839028253844, 88.50423100696064, 84.87191665791893, 50.7048214999333, 65.85151992060717, 84.55820138979101, 104.62159828082486, 101.5008275150388, 111.52644245167258, 118.5031401854676, 123.71123693166322, 134.01349473061182, 138.65795585275302, 140.12194557652126, 136.7712821700872, 120.74844484648045, 112.79897760826756, 102.59225457195562], [27.852885567976777, 19.957875700980527, 16.888631775725173, 22.333809245601856, 25.868973131565642, 28.54259255780007, 32.29654593138299, 66.42327235065078, 69.84620097126127, 78.39915438159792, 87.19604345911223, 94.21716847356946, 89.37872193244363, 81.34927802637971, 73.07448957654775, 29.398571147959522, 20.303856483898763, 10.736556292072892, 0.0, 10.375260697053594, 10.368907685665159, 5.242362625546425, 11.813521562012573, 21.002903866083113, 29.49112254811183, 64.81023757133259, 72.55163960970987, 80.25785556021305, 87.41569940560805, 94.18060402640823, 93.0710257228218, 87.64325160263792, 80.62907251252925, 72.82632709606364, 67.85066921213013, 41.16431214383976, 49.21945422548703, 58.61903238424419, 61.36303705485995, 71.73402192327349, 77.63156770969445, 82.7650209333848, 86.10630659726176, 83.1758102827708, 72.60734179338364, 62.882604592089685, 57.184051353498596, 85.06024602272826, 83.88207070583537, 85.49123305502016, 90.745409245945, 92.67446309964505, 97.98480063962829, 106.77003274755813, 106.97132253539264, 104.35064076181844, 101.26793395920609, 96.55935351632833, 91.69131876867097, 86.56004822702782, 88.91477884165197, 92.97935550545029, 97.63029819049125, 103.78997681758874, 98.4059163527723, 93.70853020680399, 89.20606044652382, 40.81635133823175, 56.90893142962557, 77.27925495409767, 98.51511336785985, 97.05171620279398, 108.92916096015726, 117.43807971951921, 126.95406654799424, 137.81853845931178, 142.62546623358207, 143.90267185783563, 140.46124347582435, 126.14075902320226, 118.35824138320416, 109.06031666980923], [34.028131510612866, 26.57822141708963, 21.413566392461323, 20.83733463396406, 27.793282610497453, 32.72768436698846, 37.33697491876397, 73.01799998299715, 76.85511016257084, 85.65982102162754, 94.03337854782079, 100.31979029625869, 95.84356479313789, 88.03275969508871, 79.65263233011362, 38.92865377023594, 30.28275163493494, 20.943112280721056, 10.375260697053594, 0.0, 4.680651499634105, 13.655475623947893, 20.895514720532276, 29.963149989347684, 38.20512625414004, 73.15689250273066, 80.67297901463714, 87.97092191037271, 94.55791492305971, 100.71157149968373, 99.88160281565146, 94.9204258084135, 88.27819415435515, 80.55705538032068, 75.74424350049924, 49.26396198455571, 56.79447191923709, 65.6330501291855, 66.50541514571002, 76.63646413240055, 83.39169069694265, 89.00978636137978, 91.98125664460457, 89.26046444936338, 80.38370500867087, 70.62137527941475, 65.2266776996105, 87.08712044447839, 87.59411780396876, 90.27925007938099, 95.8138153421493, 98.09956744456221, 103.22243331922847, 111.42052286342033, 111.51016002460588, 108.78691053973877, 105.2521073490728, 100.09633733358517, 94.5592223206641, 89.16950007392163, 93.13209891267492, 97.76024464739437, 102.5497927862955, 108.49627387067638, 103.24184480507121, 98.38144289632015, 93.22057250965022, 31.16120218075858, 47.52382296702202, 69.52338963997676, 91.71753880020955, 92.16983332580101, 105.85576162845847, 115.76165706124472, 129.4464738190537, 140.2195343617978, 144.95458944708108, 145.85696208057902, 142.25931765950108, 129.6947777722469, 122.15771072650503, 114.0219232214762], [31.505517331375767, 23.715239209534467, 17.735731050592364, 16.580508104958334, 23.558093033464214, 29.036391792145835, 34.32651142380584, 71.51217345616688, 75.6775055088312, 84.7133694136622, 93.09301818498993, 99.29100504632858, 94.5679104104503, 86.58632184003898, 78.14400489026679, 37.6066960845471, 29.387605469411415, 20.31435012406171, 10.368907685665159, 4.680651499634105, 0.0, 11.789920264019774, 18.877326773388493, 28.08847004756523, 36.40458829144983, 72.35372275635405, 80.08388305208575, 87.66899526742758, 94.44806856567841, 100.645580341251, 99.50439869098598, 94.46835538222884, 87.65826034013293, 79.69791145655725, 74.80748294300055, 47.12145446675267, 53.8392986044853, 62.120665032050496, 62.550583522240245, 72.62383245193915, 79.49898392814508, 85.32202728615401, 88.59025187884745, 86.27938078353691, 77.42132164155264, 68.25515214229769, 63.572473434171215, 82.69895396995503, 83.31109850352142, 86.17347453327541, 91.83894881804254, 94.32192573558962, 99.55944054141524, 107.96717558608691, 107.77623706076932, 104.86813848517384, 101.16855617796149, 95.85274693689024, 90.23652722106972, 84.83733424823644, 88.96453043841348, 93.75491447187852, 98.7235661786149, 104.8980041348148, 99.40494696784307, 94.36826320750303, 89.02989726946161, 34.122151661910095, 47.49087400161396, 67.85825637766631, 89.64236552164118, 89.0329506050974, 102.18869505428033, 111.89368501032855, 125.28666364507494, 136.88798169768418, 142.1275533136811, 143.72421375639684, 140.6802663925909, 128.398969257025, 121.87937587869459, 114.55370086418338], [24.287719356916384, 15.74534721353038, 12.446064526497281, 19.619003995382766, 21.737786950513318, 24.174760051628766, 28.44729736119832, 63.91826482728245, 67.63958744044548, 76.40214107242768, 85.25357245188876, 92.27334545224349, 87.12028452148246, 78.87968046709855, 70.56086505281111, 26.652168172362973, 18.141407237490363, 9.289333656228845, 5.242362625546425, 13.655475623947893, 11.789920264019774, 0.0, 7.6643362189346815, 17.51917568000107, 26.24811437370818, 62.84648095232325, 70.85089560615637, 78.92167055079268, 86.35287497007036, 93.23033056415518, 91.74371033977988, 86.1809529134954, 78.94146089992437, 70.86995220747251, 65.79081294509669, 37.653791442571, 44.88549757511824, 53.8210632631479, 56.48657305020874, 66.85832383180993, 72.71984621255088, 77.97946538872021, 81.69135282684715, 79.14996312215473, 68.30197714035671, 59.22250673030283, 54.283497633059866, 80.38745605191717, 78.97806511016293, 80.55474916678229, 85.887991752054, 87.95015382761713, 93.40991848160654, 102.50676293761362, 102.44708556599055, 99.66226607914221, 96.49948799947303, 91.7208492325946, 86.9067499431186, 81.82128824607877, 84.0244416411797, 88.14414997936558, 92.947787550054, 99.3719410829635, 93.72760733508032, 88.88509001066173, 84.33113703725978, 44.66956142525604, 58.3192847960152, 76.95757563172776, 97.57110216799768, 94.8263502463242, 105.84552859946616, 113.88653149879455, 122.36548468806394, 134.03747608356812, 139.35171750505162, 141.3800826052896, 138.52271352483407, 124.24738240917918, 117.49985022118031, 108.92912274270944], [18.44631131405705, 10.258799975131446, 10.881856166491726, 21.931489589945937, 20.63956184609017, 20.264212270342615, 23.257803922323085, 57.320713635727714, 60.97445683416142, 69.70414168815863, 78.6985384163677, 85.9790194537206, 80.55926780036329, 72.17683274334989, 63.9260214481453, 19.340220172039047, 11.759211541469346, 6.428899323077474, 11.813521562012573, 20.895514720532276, 18.877326773388493, 7.6643362189346815, 0.0, 10.009006266168136, 18.807265977013298, 55.910338910437616, 64.09451867124505, 72.46935606311182, 80.20955954185376, 87.3234828183768, 85.5119834664864, 79.73985034914843, 72.28264333936409, 64.06541368088679, 58.90348543717045, 30.2607232072125, 37.69275029986357, 47.111758564854405, 50.90546858890022, 61.33717236302688, 66.6571852530484, 71.51516178564522, 75.19040253425646, 72.45773125305026, 60.97615120859044, 51.85576978815201, 47.00836524644214, 76.86401405464488, 74.28295650777687, 75.08302057093597, 80.11421688817141, 81.83945801352948, 87.29149197631709, 96.56750057008155, 96.68556763507267, 94.08205119134891, 91.30951147825132, 86.97404188091062, 82.68654523595153, 77.81906996689446, 78.87568417901512, 82.52012477432746, 87.0868114062159, 93.46843371060731, 87.91184092579451, 83.31633556514896, 79.31218518077632, 51.40785356881826, 63.580021534208065, 80.54910602329362, 100.0887092619171, 95.99934639062333, 105.56812415326013, 112.45388872208738, 118.0020477125287, 129.2813737175253, 134.56368802119638, 136.86288911997667, 134.22497699982708, 119.05033723273246, 112.65516708958934, 104.06790925136936], [12.472655803947372, 9.143204408922289, 15.59854349689422, 27.682246637995366, 23.29106988124509, 18.811488593485873, 18.304038449530363, 47.95130405614353, 51.443403996409266, 60.107995101665914, 69.2118533699243, 76.74984179637406, 71.11345901056977, 62.64303019768178, 54.497714771540416, 10.207198449939582, 7.655480935286102, 12.190888425083834, 21.002903866083113, 29.963149989347684, 28.08847004756523, 17.51917568000107, 10.009006266168136, 0.0, 8.806582826408265, 46.250628014856424, 54.57377685007344, 63.2025948115404, 71.18831787301697, 78.47662294107892, 76.32707107245012, 70.38955627641438, 62.759927145991824, 54.41123925872632, 49.194791876305864, 20.496243453268605, 29.117274929134528, 39.82419359775507, 45.26749162607142, 55.60042762808759, 60.126757577110446, 64.18772681234358, 67.26760547524998, 63.88421082961965, 52.07702552471514, 42.22316208710492, 37.05596556091583, 73.83611761439167, 69.71835029074123, 69.3576858998437, 73.77016473259164, 74.80831978191348, 80.01995389919946, 89.161021223141, 89.81232515948234, 87.68580128268094, 85.61853611875577, 82.10097348476414, 78.61304181343252, 74.08372813764426, 73.52731792872287, 76.34011274362013, 80.31661031902648, 86.28715134042497, 81.19592821701168, 77.19371784645557, 74.1361905433934, 59.284449788995744, 69.91471056141124, 85.12420915501846, 103.24249373981685, 97.98564202729295, 105.88035987067457, 111.2799880762045, 113.2086056765008, 123.04878174558607, 127.88694538330327, 130.09968320023998, 127.47718210053489, 111.09686985136669, 104.87709777709948, 96.28274725753167], [12.137150743634894, 14.930839683439409, 22.577490377624436, 34.12633107405308, 28.19211269504237, 21.33900508174198, 17.43416478407764, 39.74427571445714, 43.0769020416143, 51.68596800506957, 60.86380928161949, 68.61179004223457, 62.76646431985296, 54.220447008017125, 46.200034920713584, 6.138498998721429, 12.638695052123618, 20.28306585764948, 29.49112254811183, 38.20512625414004, 36.40458829144983, 26.24811437370818, 18.807265977013298, 8.806582826408265, 0.0, 37.92254145689043, 46.373137045440295, 55.241013595129004, 63.4290024501711, 70.83133518773273, 68.32650745868774, 62.258743669141566, 54.47798704570669, 45.98477027227777, 40.72602840523468, 12.118900379563199, 22.50280584151432, 34.522663625884796, 41.51385965484478, 51.47303482129374, 55.146018141727765, 58.31726103234388, 60.644572076566554, 56.54424719161271, 44.63950110280645, 33.856460579533014, 28.270855687484612, 71.97419918795272, 66.50594410529985, 65.03586492654789, 68.76715904126189, 69.08525694565598, 73.97816890996, 82.86526640469906, 84.07692331937788, 82.46025906825682, 81.10524367114532, 78.42275402450218, 75.72293017584644, 71.56156361330763, 69.50149585278955, 71.4610137578098, 74.78554805495499, 80.25410420177954, 75.70902255978618, 72.35761964845896, 70.2647555518726, 66.46647089298915, 75.77791124115217, 89.46170942816393, 106.26887148446815, 100.11003673932561, 106.53823489157756, 110.60847936327282, 109.32497781336502, 117.66018029521786, 122.02620426266014, 124.11652041008013, 121.5058318888901, 104.05617051395306, 98.06810142376996, 89.6086581904391], [45.0703038270768, 51.91543771976172, 59.69011738178203, 69.94735599881527, 63.470495890391014, 55.075016843866145, 47.44407503943412, 20.674695232604762, 15.957811955791337, 18.030074132840664, 27.758631632494655, 38.206940634945624, 32.92131722789334, 26.49914467209804, 22.90474554046759, 37.50534709945979, 46.281080294218256, 55.243695373674825, 64.81023757133259, 73.15689250273066, 72.35372275635405, 62.84648095232325, 55.910338910437616, 46.250628014856424, 37.92254145689043, 0.0, 8.74517761781389, 18.52275614642945, 27.94051182493798, 36.644261143573104, 33.21330850621125, 26.010705790407933, 17.624285828813456, 10.407912540988127, 6.223167600138291, 30.43647135375712, 36.598229109226885, 46.36339305391518, 56.72602722762115, 62.41083635549985, 61.42640090541227, 59.15369732869523, 56.044616596698965, 47.246236678222516, 39.08991684652666, 25.640093258223693, 15.553908130223672, 87.74756225614017, 78.19369251146095, 72.