{
	"dissimilarities": [[0.0, 8.477952952002743, 16.968430536794173, 24.738130482896356, 17.13563622495789, 8.673997715097922, 2.1864015635786127, 41.28862021902571, 47.3758190779153, 54.68455741718509, 63.254639493233114, 72.08426553055425, 63.31996959067937, 54.735561354655886, 47.502922787036894, 17.954498596557606, 16.943704553626663, 19.579556797208102, 24.843948947868874, 31.784472545634433, 28.449814353827094, 22.1776507597342, 16.336690599767294, 9.951763622906496, 10.338850644356555, 44.42274523852093, 52.36141663142985, 60.5586103838997, 69.40230332631333, 74.79932217339295, 72.49137688382315, 66.77630712057584, 59.372855712778126, 50.92104967198803, 45.59630178072807, 18.572939638825325, 23.272676399062334, 32.26855840356247, 36.048964812001756, 46.125024195103784, 51.59321974103477, 56.5322793338907, 58.70133371996316, 54.8311175156167, 45.05643714062799, 36.336676945989545, 34.098727406418256, 65.56142168543896, 61.058237407823526, 59.95399914357445, 64.69988930499605, 66.36897206285134, 70.9994654724659, 80.87403991830028, 82.99553343234915, 83.06072734479356, 79.79212069096391, 76.69727378415175, 73.33891432914116, 66.01389175933191, 63.465650049792174, 67.08030055520847, 69.64669817127819, 76.63531290036308, 73.0832180446739, 71.84936048628926, 68.40024950098034, 56.360763381504846, 58.50080889751201, 64.83517630711975, 70.7749992226482, 83.40611250846307, 93.51465194588937, 96.00433453679982, 107.5606439622171, 115.67850751617189, 118.79166951142417, 131.59851659875395, 122.33661508767712, 112.39492303411608, 104.87049308850007, 94.09126905480503], [8.477952952002743, 0.0, 8.632990398110088, 17.13842106494055, 8.833652921567895, 1.0574856469721008, 8.534006541658792, 49.5834093723119, 55.77325708394495, 63.07922473003727, 71.63674787106345, 80.4031144814046, 71.68175921008148, 63.10986419466968, 55.84725557935948, 22.14822756619809, 18.001799681195013, 16.931574906581194, 19.615797037759005, 25.68619696332785, 21.56630246959265, 15.71858028110385, 11.78658403252821, 11.108261577223727, 16.396413700690648, 52.45263079179608, 60.56853372669227, 68.91648559784882, 77.8367655479756, 83.25482742933791, 80.96873934198202, 75.22475650762514, 67.75311305446134, 59.257137313638474, 53.93315890928483, 25.8668906308614, 28.914936483781407, 35.876862932745865, 37.788269621488965, 48.00434335285146, 54.29211026442013, 60.13230317358608, 63.56844063211084, 60.78477643578831, 50.82643935226029, 43.78140985468444, 42.26911187543002, 65.30947280670601, 61.665924823908966, 61.70847363790187, 67.32967982500928, 69.70639753224637, 74.97677339550306, 85.2477571697023, 86.416711848426, 85.80056646814505, 81.6714043365157, 77.76697134757971, 73.68911129185078, 66.53997388979144, 64.9829358531574, 69.50260864924539, 72.95215680459839, 80.44058279443522, 76.2318465207568, 74.0556782767125, 69.75241732601457, 51.92336670028419, 53.432886674899386, 59.851595541876726, 66.65141676537944, 79.78840199281801, 90.87824914228467, 94.50407489429257, 108.87281602939096, 119.41402920535283, 123.49345348763778, 136.84640086818095, 128.24326324409827, 119.22558635320317, 112.38400704743074, 102.14464019021604], [16.968430536794173, 8.632990398110088, 0.0, 9.275696651104806, 1.059756557364943, 8.569742506333608, 16.811575952121384, 57.86634736584415, 64.14022921710078, 71.46825118975758, 79.9773498323903, 88.4859916172363, 80.0004986771756, 71.47484670606197, 64.16194784970152, 29.318701851138808, 23.39502849544005, 18.960572117808766, 17.328143580902196, 20.42274449629579, 15.56652417841687, 12.485576041620428, 13.498639629221607, 17.968701562976555, 24.63967701143676, 61.046789240197725, 69.15288292414718, 77.42933812560317, 86.19893419293275, 91.50189635013612, 89.32379580539289, 83.72976995564666, 76.33283002285421, 67.86053276567358, 62.535392505035894, 34.38571249582667, 36.555664310678615, 41.963631457714186, 41.783834566007634, 51.726648712131144, 58.846686775666086, 65.36114901944178, 69.47353674452889, 67.56618903570475, 58.118229251191906, 51.995231089299345, 50.86216514530428, 66.19204293452538, 63.722076073205834, 65.09816124944594, 71.41099983253049, 74.36943351701002, 79.96867192772642, 90.20650341079995, 90.62042378052044, 89.45938331676243, 84.6006161294135, 79.98904694726514, 75.17410603171056, 68.24333819340107, 67.82705601424671, 73.14244148772993, 77.37046948634881, 85.00755596711569, 80.32528239246167, 77.3800033230718, 72.28155312312855, 47.28963299541012, 47.40495877910695, 53.94301544907079, 61.818649839479754, 75.6456073144237, 87.94482743838547, 93.07981503422049, 110.69201208149485, 122.98594571774534, 127.80665686962915, 141.2243105379415, 133.2235746068879, 125.20139043139697, 119.02199862458983, 109.6536410921165], [24.738130482896356, 17.13842106494055, 9.275696651104806, 0.0, 9.061556792106472, 16.977608109246425, 24.304143893865117, 64.44653618773737, 70.81782669879568, 78.17201317478128, 86.51648820724735, 94.35370040309053, 86.49709121020526, 78.12791311151922, 70.74096650997086, 38.22788238893987, 31.790437102941333, 25.941096918742005, 21.088963258227302, 18.609171500928056, 14.385555669238155, 17.155855093496942, 21.459195326472543, 26.88503798880189, 33.34866381208, 69.11826118868257, 76.92893840314693, 84.75735694355951, 92.94513616384094, 97.81412818267124, 95.85322599847656, 90.76904254161047, 83.71185134433095, 75.38174207388862, 70.06176155490327, 42.87678285286256, 44.613768060259034, 49.15109177407902, 46.504929349658696, 55.84774105061781, 63.99098625533546, 70.87664828375937, 74.64609978352259, 73.35018083885157, 65.62200659056488, 59.484865283264796, 58.5485753789628, 66.83203538992542, 65.93404169076793, 68.87441027633952, 75.56064874768776, 78.86870230712086, 84.24770877834817, 93.70278877976013, 93.75406089279885, 92.34299662248331, 87.04347967811198, 81.98170872282691, 76.4487195861222, 69.66825738364493, 70.52918949356878, 76.42627965055048, 81.24274198883593, 88.41092867494521, 83.58004511260755, 80.22973088662857, 74.47158391203462, 42.93747069021941, 39.057057245414924, 45.22194174994123, 54.23584301594113, 69.09161557776414, 82.83692917968986, 89.93918925519911, 111.2268099553214, 123.81285872930304, 128.9640589747722, 141.66818955753047, 134.2421182168165, 127.46444771446615, 122.20291897598123, 114.68966146699678], [17.13563622495789, 8.833652921567895, 1.059756557364943, 9.061556792106472, 0.0, 8.64329570143409, 16.84646812242323, 57.83672653819957, 64.16615202529185, 71.49191218280629, 79.98371447947663, 88.46211709952556, 79.99270011742358, 71.48264547933952, 64.15261432239575, 29.844764082701406, 24.13915510724901, 19.922126834644665, 18.368104842832263, 21.24764821860673, 16.366486570619884, 13.486909950477685, 14.361248185054599, 18.506985262216375, 24.99078973765497, 61.28280426759133, 69.39233444618371, 77.67014488654094, 86.4259703706168, 91.67722675775725, 89.45425696348387, 83.88495562129727, 76.49016073413357, 68.00512146112025, 62.6740736760419, 34.512640349771075, 36.34556479431505, 41.49556880476942, 41.004313269666696, 50.904768098037266, 58.117421379570175, 64.69011129705885, 68.84637984519925, 67.06824805334324, 57.784186348875465, 51.844275612185974, 50.923944557838276, 65.17989758198026, 62.77089147872289, 64.24715363637299, 70.60547092934013, 73.6108239474039, 79.22902296283544, 89.46442534353156, 89.80016853917714, 88.59457124333085, 83.68726209620004, 79.03715975360267, 74.18544115917916, 67.26560357060487, 66.9173808633937, 72.2858378583817, 76.57682989819266, 84.22367424232142, 79.49901291261452, 76.49616698148468, 71.34741161620748, 48.000024330221706, 47.478434639694925, 53.48707607896955, 61.11690115368128, 74.79412507214674, 86.99077665669957, 92.05711525525022, 109.71300124864462, 122.18693507831644, 127.12012838604929, 140.71436929881224, 132.8377284318031, 124.95014227734355, 119.02748386606682, 109.94115194581188], [8.673997715097922, 1.0574856469721008, 8.569742506333608, 16.977608109246425, 8.64329570143409, 0.0, 8.469081277668494, 49.52713257137881, 55.78352404828844, 63.0882018621988, 71.62916002260137, 80.36905989985411, 71.65853771387991, 63.101113874454434, 55.81739889786784, 22.75966508992171, 18.87054090329265, 17.91945330081434, 20.480110625476684, 26.31739408522479, 22.108851579339667, 16.446896292397387, 12.648144020980194, 11.830670008989388, 16.8279638844225, 52.69307492040929, 60.81423135721778, 69.16644718194202, 78.0748843372743, 83.43856870592722, 81.10114840560043, 75.38048614509036, 67.9083923502855, 59.396829469557424, 54.0661960516359, 25.97061526460413, 28.583978587797482, 35.26899798538601, 36.88014236124347, 47.08195682612648, 53.4619482814553, 59.36597954729323, 62.85642590683482, 60.20502804860077, 50.3996426462967, 43.56347119497568, 42.307102657675756, 64.26588238410848, 60.65736280545656, 60.77861825763766, 66.44554823665644, 68.86852030948569, 74.1652741097228, 84.44949342552256, 85.5410067695917, 84.88139967523934, 80.70623431557519, 76.767636104041, 72.66164945262435, 65.51772962783896, 64.0091202881497, 68.57750193285521, 72.08722822261358, 79.59628533261905, 75.34243769016517, 73.1112132187406, 68.76367004839872, 52.574829894880125, 53.51550663387254, 59.45932591573798, 66.01852432877571, 78.99645848031076, 89.96675319309405, 93.50117964934067, 107.87090943553027, 118.59726910062149, 122.7927579148871, 136.34023448420788, 127.86244659533531, 118.9776452702853, 112.40372533338618, 102.45626366776717], [2.1864015635786127, 8.534006541658792, 16.811575952121384, 24.304143893865117, 16.84646812242323, 8.469081277668494, 0.0, 41.09919258548518, 47.35477072777613, 54.67239338345548, 63.19555687019894, 71.9044105371004, 63.22359623148207, 54.67965202653683, 47.38290762840324, 19.744322185318644, 18.975664597300458, 21.376023558361197, 26.18808321722505, 32.634002562105096, 29.143616688661364, 23.225414336884064, 17.724293141318505, 11.756698658712745, 11.908717798677193, 45.1136099781916, 53.00760367439, 61.14587221883396, 69.88989003279208, 75.1224373217539, 72.7288014768692, 67.12218462824518, 59.762294672049705, 51.29876677173503, 45.9618231962745, 19.107948750738736, 22.741966032931145, 31.20981093954254, 34.25481103032773, 44.3029057822821, 50.025326737459956, 55.08123428943906, 57.22934799872397, 53.6037321660532, 44.34130739276899, 35.94074574272931, 34.279295206180066, 63.45815015908733, 59.0691449880623, 58.162725864248046, 62.978715180356595, 64.72251680215008, 69.34551156802476, 79.16334443091118, 81.17713399072487, 81.18862657557287, 77.85248422383704, 74.71152855253922, 71.28894395526818, 63.95021562735539, 61.516405882198484, 65.21669334915123, 67.8951123543113, 74.85762289189435, 71.24490917583387, 69.93925465284923, 66.40483528999599, 57.26816492432453, 58.23398037415661, 63.70582820735899, 69.20024196849477, 81.56396116550854, 91.46927715373971, 93.83754316405938, 105.47548636065639, 113.7969428451727, 117.09920779599275, 130.20195118642462, 121.18422381362898, 111.54993017061865, 104.60461136284712, 94.57010247977503], [41.28862021902571, 49.5834093723119, 57.86634736584415, 64.44653618773737, 57.83672653819957, 49.52713257137881, 41.09919258548518, 0.0, 7.065733639915601, 14.029467506250477, 22.25276454650282, 31.424770392547913, 22.19564920852089, 13.827761406446418, 6.414826787355837, 41.9014553319102, 49.0528463658941, 56.40364934385565, 63.92515145535804, 71.06795538591797, 68.80910241345676, 62.60915397103426, 55.66236470103797, 46.316669129033556, 38.21696382628105, 20.220029687332435, 22.197165419132684, 26.595595717484255, 33.29150146545828, 37.06029282126448, 33.47873101683052, 28.79732341984015, 22.925532669139642, 16.434665604472087, 13.06714344503086, 28.686153684481194, 30.70906407354236, 38.19240234836365, 45.63638567289174, 49.95494637013073, 49.72800644843035, 48.273984853945564, 41.84170244838462, 32.167921200748516, 30.698962765448055, 15.81568418775903, 12.640691598544441, 72.67194062582661, 65.43525550898876, 59.53956956685485, 58.67942069914963, 56.206255219227415, 56.03728536248987, 61.73596278066815, 68.8260894433473, 72.52232685437251, 74.19784164363632, 75.60606627630894, 76.21383562299884, 69.55574661986635, 63.03785925079271, 61.32645615009883, 58.68907718912842, 61.421106027140034, 62.15674025506976, 66.09729196477893, 67.57123801283757, 90.49411297524613, 91.36948782107476, 94.34982400378469, 95.44813315459263, 103.93153947714366, 108.30014766173754, 104.86038075157289, 101.40704850180302, 97.10128214599115, 95.33598472306862, 106.39419622407385, 94.75334973950758, 80.4557057978517, 71.77057417879011, 61.3168445012524], [47.3758190779153, 55.77325708394495, 64.14022921710078, 70.81782669879568, 64.16615202529185, 55.78352404828844, 47.35477072777613, 7.065733639915601, 0.0, 7.361143597780239, 15.891522672937985, 25.71699741505083, 16.021185984669334, 7.431817962674143, 2.1546678963452806, 46.40430570724588, 53.814309741586996, 61.40599578402248, 69.15962975467254, 76.49152511111593, 74.47970802765234, 68.18800228773718, 61.16235894648945, 51.792212653469065, 43.57880988290355, 18.82473155538612, 17.86221310634589, 20.31490873200409, 26.401092892084144, 30.20927320398111, 26.50809771100471, 21.781751694769294, 16.49136145986419, 11.651961566767243, 10.432807234777894, 34.005977356345646, 36.73445284068727, 44.160657586704865, 52.23269818388237, 56.10941523175701, 55.12050065082498, 52.8956068033757, 45.77836031587064, 35.59669849093734, 34.63235973142779, 20.83092579318288, 16.627879245596503, 78.81075927343825, 71.37850284300416, 64.98769168035432, 63.48560686076246, 60.509979654556005, 59.710612229365466, 64.59767051840899, 72.36943179576772, 76.53788113079608, 78.87792702849885, 80.81368351342019, 81.87582498617851, 75.4144483838577, 68.56895874212375, 66.25748748944974, 62.941417504167795, 65.00897839708621, 66.39815834592271, 70.93618208316879, 72.99522655745416, 95.03254085271757, 96.9840041301813, 100.64015231072798, 101.88503766996548, 110.38074372168767, 114.52899305456472, 110.7756530968636, 105.68486241703089, 99.25523981672889, 96.32376346992112, 106.14189661389351, 93.67700903786344, 78.04833395187804, 67.6873836459647, 55.37713773977707], [54.68455741718509, 63.07922473003727, 71.46825118975758, 78.17201317478128, 71.49191218280629, 63.0882018621988, 54.67239338345548, 14.029467506250477, 7.361143597780239, 0.0, 8.691433991986191, 19.4680733939705, 8.931835534616724, 1.0948138517040211, 7.686277319575189, 52.98759433143354, 60.63148763249513, 68.39675707289325, 76.28931447790173, 83.72353610536395, 81.76563285336958, 75.3970503587068, 68.28617655628909, 58.87083723271574, 50.59440660796018, 21.82298979914844, 17.897816970758246, 17.149975818571203, 21.40923685890931, 24.461075116674124, 20.0697695366062, 15.791748119326247, 12.35641921318126, 11.773311626987114, 13.73766064248615, 40.75809889163843, 43.016831769410516, 49.611393195517834, 57.791281761792305, 60.80895110984672, 58.93576571679367, 55.77386512308607, 47.74901662220144, 37.30500608500079, 37.889199826749916, 26.060885006217898, 22.89459152166323, 83.21748455445808, 75.55213387302395, 68.60737076891469, 66.27272596801934, 62.70835220462493, 61.107029542388865, 65.01120564335248, 73.45313930355925, 78.13839512143927, 81.27658715111873, 83.8855697890336, 85.55909042541798, 79.41312044948309, 72.16755827860852, 69.0883097366998, 64.97585060928922, 66.2214086867053, 68.35922709769505, 73.59691897241406, 76.4013475478943, 101.87250076538537, 103.95994798034064, 107.39703346250866, 108.20195849441741, 116.16755616064187, 119.5622380351902, 115.00063377465881, 107.4803356525823, 98.99471178515485, 95.07624105069318, 104.35788283096502, 91.46782233779504, 74.82374726787125, 63.933718234883216, 51.14824602139423], [63.254639493233114, 71.63674787106345, 79.9773498323903, 86.51648820724735, 79.98371447947663, 71.62916002260137, 63.19555687019894, 22.25276454650282, 15.891522672937985, 8.691433991986191, 0.0, 11.804888770205372, 1.0822846258286214, 8.570973232632218, 15.860412860105784, 61.58803833450649, 69.26532108399851, 77.02533528767518, 84.87567659231235, 92.15539093423739, 90.27543551343378, 84.02829901293164, 76.9626332568997, 67.55912723000336, 59.28581057286697, 28.947513992159674, 23.146728414762745, 18.76174133748587, 18.586824943328594, 19.13383205475424, 13.969823199105242, 12.690132668812137, 14.263711696964505, 18.193349025551427, 21.5700044426606, 49.3877203947388, 51.14870823075229, 56.89157658373132, 64.56531374239015, 66.62836904551521, 64.15503248073816, 60.130254051872, 50.90693330478635, 40.5618249385394, 43.64732844845379, 33.65041483447647, 31.44099897876575, 88.11768023848246, 80.47909861481442, 73.26617068632669, 70.06966653405837, 65.92010514845659, 63.23579396747264, 65.52466446191121, 74.76418897662032, 80.07222304133201, 84.1166754804324, 87.47520883617784, 89.73499678284976, 83.94587287582002, 76.48720281232204, 72.63314474166796, 67.73716837538957, 67.74656168118116, 70.79954620136874, 76.82697228374329, 80.37584812543173, 109.6701117445983, 111.35560509989618, 114.30147906484196, 114.48433037172168, 121.79462251669946, 124.32209244359632, 118.9915954220566, 109.04645351611892, 97.61881598663514, 92.36120433432015, 100.60208468737878, 87.24735112907014, 69.58485014561988, 58.46906915314771, 46.5181771563548], [72.08426553055425, 80.4031144814046, 88.4859916172363, 94.35370040309053, 88.46211709952556, 80.36905989985411, 71.9044105371004, 31.424770392547913, 25.71699741505083, 19.4680733939705, 11.804888770205372, 0.0, 11.498801963887976, 19.170976466709906, 25.389053645543978, 71.92542919387535, 79.14132635112117, 86.44029422856626, 93.77878829445321, 100.22312217901953, 98.58124711958226, 93.00590035209349, 86.36247938579507, 77.17202505106572, 69.08794599110611, 40.259081030130844, 33.93719808437426, 27.406690180051054, 21.86930509050205, 17.303385656861725, 14.019571944146724, 19.344587851052445, 24.58576709360399, 29.558612827077017, 32.78022031951648, 59.69234480543094, 61.28579049367364, 66.56131834010178, 72.54005853981526, 73.78963665747233, 71.69454829360724, 67.3070673460401, 56.38652845667812, 46.617819163108585, 53.43299649794564, 43.92226595391375, 42.132968841209994, 93.08269647957974, 86.21698406308415, 79.62771988093988, 75.84179683948543, 71.32844485378745, 67.20626619439817, 66.7175369984276, 76.93151946150365, 82.96438283671702, 87.84602275586818, 91.85535930335732, 94.34523744706718, 88.81922495017304, 81.75826871146319, 77.4227040532407, 72.08722994242885, 70.16276650569846, 74.25786261343094, 81.06362332003556, 85.03333051940591, 116.16122090025117, 116.40575073528001, 118.58853679711292, 118.0296106603945, 124.73457948941368, 126.57047351511767, 121.11430872883228, 110.11174932828858, 93.83272277193315, 86.41670025289096, 91.71720515806354, 77.49656684234422, 58.798420789518694, 47.60460896554423, 40.27013397433853], [63.31996959067937, 71.68175921008148, 80.0004986771756, 86.49709121020526, 79.99270011742358, 71.65853771387991, 63.22359623148207, 22.19564920852089, 16.021185984669334, 8.931835534616724, 1.0822846258286214, 11.498801963887976, 0.0, 8.679418057792871, 15.843848572526246, 61.89535680832647, 69.56286121766058, 77.29918129334237, 85.11430069619269, 92.34474657054481, 90.42542849730872, 84.20574382144756, 77.15101571436482, 67.74152551935101, 59.47394287616362, 29.537513285747618, 23.94893987664385, 19.798668561587693, 19.60842204920837, 19.899185760558293, 14.749607767122287, 13.7328648400873, 15.18717290064102, 18.823647512513404, 22.050169130349342, 49.53281660415113, 51.065588256356534, 56.622132531594204, 64.1076063422292, 66.0366718346929, 63.55254313896662, 59.47291061688314, 50.096759300125406, 39.779817587374076, 43.30577804864822, 33.494082968738, 31.606857037631787, 87.37446741934014, 79.75957741576482, 72.5618795259773, 69.30157719044999, 65.11753486641176, 62.33786593530044, 64.50666622608813, 73.7863314302985, 79.1297784675504, 83.22546180632767, 86.6340309841333, 88.93039015398595, 83.17225495641982, 75.7133973456217, 71.80531690006454, 66.8676573235319, 66.77717436471555, 69.88519717215964, 75.96600803838277, 79.56181427671353, 109.9523311031787, 111.33985462858921, 114.03699234440198, 114.0548359359289, 121.21824813633054, 123.60399842142832, 118.16285789195278, 108.04871301447042, 96.55146298470379, 91.32718258260809, 99.7570251197232, 86.51577371549878, 68.98569696940632, 58.32543611640143, 47.08919522406498], [54.735561354655886, 63.10986419466968, 71.47484670606197, 78.12791311151922, 71.48264547933952, 63.101113874454434, 54.67965202653683, 13.827761406446418, 7.431817962674143, 1.0948138517040211, 8.570973232632218, 19.170976466709906, 8.679418057792871, 0.0, 7.4444666026274176, 53.33395147705982, 60.95877573258749, 68.69073853177333, 76.53810389449934, 83.91013164036457, 81.91134301270934, 75.57912942793573, 68.48466374620276, 59.06476056506882, 50.7969467143004, 22.5693474790635, 18.878198307211544, 18.211937756285952, 22.22457150099884, 24.980857881579347, 20.531050830677252, 16.557658592670972, 13.329409736141953, 12.64535770895521, 14.40724997230929, 40.915823441322075, 42.90681793350867, 49.299323869167765, 57.26796892258648, 60.15034412438394, 58.27773919474725, 55.06428028835018, 46.86957384148311, 36.43025674874863, 37.49547066830741, 25.830090551680495, 23.080453572609642, 82.41586162280079, 74.7757794237265, 67.85095898082213, 65.4565362713417, 61.85980258392044, 60.16678523689529, 63.96391515625243, 72.4435057709169, 77.16194801689795, 80.34504913342647, 82.9999667542458, 84.7044239609047, 78.58175995745158, 71.33673913602952, 68.20775100135681, 64.05920650742057, 65.21205071222859, 67.39800201827944, 72.68735016354168, 75.53302239065091, 102.14614114671008, 103.90550141116553, 107.0780421558021, 107.70991443674424, 115.52848089799882, 118.78360138316587, 114.11689483934298, 106.45248528302929, 97.9059941429098, 94.0271852949155, 103.48336250996641, 90.70342469592983, 74.19552427590547, 63.724246059548804, 51.60044710870131], [47.502922787036894, 55.84725557935948, 64.16194784970152, 70.74096650997086, 64.15261432239575, 55.81739889786784, 47.38290762840324, 6.414826787355837, 2.1546678963452806, 7.686277319575189, 15.860412860105784, 25.389053645543978, 15.843848572526246, 7.4444666026274176, 0.0, 47.15642804019779, 54.52714708402989, 62.04856451488225, 69.7084781084692, 76.91925048599339, 74.81279129221453, 68.58799487607698, 61.59287447461268, 52.21732933105631, 44.03138724014065, 20.456433765699163, 19.749058340643025, 22.10492846821597, 27.781168223387454, 31.13931089748464, 27.28463633446768, 22.931734969596086, 17.950228732083914, 13.34484507467606, 12.098404044488719, 34.35122583922777, 36.42873447921256, 43.39616957675492, 51.04300929278755, 54.64617196272987, 53.65405245232609, 51.3330042937661, 43.90193680472411, 33.71998543374001, 33.67880300175667, 20.20197405739333, 17.1116468100715, 77.11040119545633, 69.70977701653445, 63.345204414286286, 61.73354403305845, 58.702174909990084, 57.751707479875655, 62.48704697762488, 70.3053496140829, 74.52281875333237, 76.93436855933243, 78.950750913343, 80.07250802881195, 73.65045379709476, 66.79392532021876, 64.39107946554113, 61.015347718032324, 62.94032601949728, 64.39889967891396, 69.02386060737244, 71.1576326132198, 95.66771701917402, 96.93963711128765, 100.03186377129492, 100.91175475839492, 109.09993852521569, 112.95912214303831, 108.97835630052005, 103.60001939380966, 97.143481306583, 94.33513668111937, 104.55094102056852, 92.32691999782375, 76.99046804014012, 67.44967817216153, 56.32710689421571], [17.954498596557606, 22.14822756619809, 29.318701851138808, 38.22788238893987, 29.844764082701406, 22.75966508992171, 19.744322185318644, 41.9014553319102, 46.40430570724588, 52.98759433143354, 61.58803833450649, 71.92542919387535, 61.89535680832647, 53.33395147705982, 47.15642804019779, 0.0, 9.165184461057725, 18.34647569323768, 27.911223457904416, 38.75859621205074, 36.184319224518916, 27.249408629171125, 19.12834944119691, 11.364365327424581, 8.3609580275792, 36.41477547697634, 44.97317688252545, 54.263096894534364, 64.60259739547989, 71.4926612452037, 69.17148432870518, 62.02914907604396, 53.921546649210526, 45.65189147855735, 40.799253542145756, 15.019990784792048, 24.31442794235493, 35.16302382793456, 45.24946161316959, 54.971159365370966, 57.427375003080755, 61.09825821879862, 64.30204304505514, 59.0400794373208, 44.276227868752215, 35.79325974455148, 31.010901154318073, 77.96249207769331, 71.53130577749097, 67.85124654792904, 71.72112141238968, 72.69167865603696, 77.73675604973862, 88.87488736631289, 91.45271113546463, 91.79317046467037, 89.20692323627388, 86.73570389354379, 84.49978293089876, 77.51599460017307, 73.27689919164473, 75.81723960707079, 77.22892392266566, 84.96410993478622, 81.7554130162265, 81.07274380989047, 78.76497172948494, 62.49363199953023, 71.96593931081891, 81.40436330253131, 88.31799964241006, 100.93146859325122, 110.56145965997493, 111.70042046659643, 119.16715412159648, 127.22484310818946, 129.58195766468228, 142.47203744232425, 131.92459494118225, 119.48312729714874, 108.6657009192862, 91.92049688070244], [16.943704553626663, 18.001799681195013, 23.39502849544005, 31.790437102941333, 24.13915510724901, 18.87054090329265, 18.975664597300458, 49.0528463658941, 53.814309741586996, 60.63148763249513, 69.26532108399851, 79.14132635112117, 69.56286121766058, 60.95877573258749, 54.52714708402989, 9.165184461057725, 0.0, 9.217164811536515, 18.868496377456946, 29.99691857574667, 27.637632733516973, 18.728796427475146, 11.251552480110647, 7.754210882400863, 12.054829027666589, 44.85684608291142, 53.13646417368312, 62.0086411489045, 71.87460743171555, 78.57318145074736, 76.60887714897629, 69.84130835373446, 62.00204539008539, 53.82225283120672, 48.90060544486568, 22.57783352223171, 30.78709980571405, 40.690796344958244, 48.57246538137551, 58.73185884635461, 62.43540561569371, 66.95802412375576, 70.5350324901139, 65.90855001182878, 52.01197085939492, 43.693139953578125, 39.065546717547804, 79.7766982723929, 74.3754099530045, 71.99852575034414, 76.63878921707521, 78.16841947102115, 83.4647616757817, 94.47281214396746, 96.57426655270402, 96.5217144024354, 93.27058650005718, 90.13519334659998, 87.12203492289885, 80.08717327050009, 76.87115156189414, 80.23588593815995, 82.42045520563984, 90.231778718589, 86.61409856266523, 85.29750984824777, 82.17014560841403, 54.04058434548281, 64.66711948835068, 75.66717758272908, 84.01846160001176, 97.72151789398383, 108.77619113473405, 111.58676187477126, 122.42742983616692, 131.42780039337146, 134.15334531958663, 146.40481089827628, 136.05539416411324, 124.35622858794778, 113.57014049371202, 97.42256384362094], [19.579556797208102, 16.931574906581194, 18.960572117808766, 25.941096918742005, 19.922126834644665, 17.91945330081434, 21.376023558361197, 56.40364934385565, 61.40599578402248, 68.39675707289325, 77.02533528767518, 86.44029422856626, 77.29918129334237, 68.69073853177333, 62.04856451488225, 18.34647569323768, 9.217164811536515, 0.0, 9.70465409199715, 21.13954530568288, 19.030972097327194, 10.512115673890818, 6.419408124307646, 11.932452833141179, 19.257846881353426, 53.54691646959281, 61.61292719497626, 70.12499259028849, 79.53530139454675, 85.97763115045636, 84.28429486355697, 77.89156119268429, 70.29451941738677, 62.17515589959966, 57.19088612089287, 30.64608515155306, 37.81160714735914, 46.70716294311211, 52.38491558665683, 62.707172827510725, 67.53248703207049, 72.7746308670101, 76.6155480363649, 72.62460334453246, 59.67748523351148, 51.57801705228647, 47.248248141012894, 81.53428026440216, 77.22715820514678, 76.14964348027571, 81.4564787925315, 83.49234488545396, 88.96265509924335, 99.75696214592017, 101.38508273993018, 100.95896900785121, 97.09374402464498, 93.34750011638539, 89.59971526779523, 82.58213240238659, 80.40263681673272, 84.51646860769942, 87.41665959661334, 95.22385249785535, 91.24449785253059, 89.3401297037351, 85.45294625769607, 45.806815921246574, 57.23008321493978, 69.70138541460105, 79.4699305709387, 94.1730095463366, 106.59953645780227, 111.08657580184043, 125.25091556957548, 135.15871769250552, 138.28593469904854, 149.98023608331508, 139.94564785534087, 129.1141419929346, 118.63256073806033, 103.44299291140764], [24.843948947868874, 19.615797037759005, 17.328143580902196, 21.088963258227302, 18.368104842832263, 20.480110625476684, 26.18808321722505, 63.92515145535804, 69.15962975467254, 76.28931447790173, 84.87567659231235, 93.77878829445321, 85.11430069619269, 76.53810389449934, 69.7084781084692, 27.911223457904416, 18.868496377456946, 9.70465409199715, 0.0, 11.791124523800518, 10.178304128982443, 5.451759666022338, 11.072947597621058, 19.750836492497676, 27.591315822849097, 62.55294237358634, 70.42303523152057, 78.57959766156279, 87.50666536103556, 93.61704961847023, 92.1502850916232, 86.17183264647637, 78.82619313989277, 70.75718622025487, 65.71102037530572, 39.14471704312778, 45.38336062580471, 53.3156799370963, 56.74931020772032, 67.00580416494269, 72.9006016631756, 78.75618411166943, 82.69458221628086, 79.33594981621393, 67.53945524743554, 59.61533788776968, 55.64230201444573, 83.28280883768456, 80.18925287897976, 80.46344345872392, 86.34497816555364, 88.83967555008813, 94.37685602842434, 104.8089558111585, 105.98670501060553, 105.21818996871471, 100.78878179006028, 96.48123004283403, 92.01490788385978, 85.06860286273724, 83.97873726345564, 88.78266778573426, 92.35667272915032, 100.03544137921692, 95.75267514047594, 93.31316771150668, 88.70549150254215, 37.56722693781038, 49.145164963277445, 63.07117590972035, 74.30666186012229, 89.98237954481125, 103.79870279159243, 110.06875136809606, 127.66281477010773, 138.3331054427128, 141.85975125045238, 152.95973148618947, 143.34641577706503, 133.53754653045382, 123.61050765764308, 109.77329218058534], [31.784472545634433, 25.68619696332785, 20.42274449629579, 18.609171500928056, 21.24764821860673, 26.31739408522479, 32.634002562105096, 71.06795538591797, 76.49152511111593, 83.72353610536395, 92.15539093423739, 100.22312217901953, 92.34474657054481, 83.91013164036457, 76.91925048599339, 38.75859621205074, 29.99691857574667, 21.13954530568288, 11.791124523800518, 0.0, 5.40847438018643, 13.49927506519776, 21.332212673676114, 29.571976277946657, 37.054302609629026, 71.85463939585892, 79.34297390113183, 86.88524216266879, 95.01253329634025, 100.54917539919423, 99.39706326217673, 94.09984853662606, 87.20061279517311, 79.27903572805343, 74.19269624160762, 48.40842569801945, 54.00165298455315, 61.24872951402217, 62.1232859397155, 72.05845651111783, 79.15618755459433, 85.44986627122658, 88.85917948947875, 86.01186149859866, 76.16110515617756, 67.9084668815523, 64.17208569466912, 85.18680375795545, 83.63138710403976, 85.46698486209993, 91.73827553291667, 94.56260994411052, 99.80881650114655, 109.34385083862136, 110.29567566385687, 109.3584065790152, 104.53256166387973, 99.80956794806893, 94.61042785479273, 87.72296437633123, 87.87153314973128, 93.25177829369984, 97.40275709840056, 104.52777358977231, 100.1481940806659, 97.3826352724714, 92.11676067669202, 27.952886080142747, 37.9931693233923, 53.974068096431076, 67.01819071780194, 83.95504346056481, 99.41600664433828, 107.928930085455, 129.44088944967592, 139.8904276269091, 143.54120577610885, 153.38999705102745, 144.22767495778865, 135.7197389661651, 126.57223848930995, 114.90782135979613], [28.449814353827094, 21.56630246959265, 15.56652417841687, 14.385555669238155, 16.366486570619884, 22.108851579339667, 29.143616688661364, 68.80910241345676, 74.47970802765234, 81.76563285336958, 90.27543551343378, 98.58124711958226, 90.42542849730872, 81.91134301270934, 74.81279129221453, 36.184319224518916, 27.637632733516973, 19.030972097327194, 10.178304128982443, 5.40847438018643, 0.0, 9.66134135562889, 17.77456482179412, 26.29165052006627, 34.07017323798185, 69.9017851553453, 77.67487562034546, 85.55256251086685, 93.99858516839089, 99.57123204789302, 98.11261782161402, 92.62602074917513, 85.49740027347787, 77.36435351982506, 72.18933350159429, 45.32395783833777, 50.050904921797155, 56.69074087655072, 57.34684895670012, 67.27020707166243, 74.34453999564596, 80.79137315643156, 84.67585009043802, 82.18982316442852, 72.14050429805638, 64.6771322107196, 61.63569854319581, 80.5125471009199, 78.78308437186008, 80.57123797706446, 86.96826317793003, 89.92603548309933, 95.41754678349231, 105.30624006321482, 105.9446832021627, 104.82100309786964, 99.84770237710977, 95.02448169686407, 89.84997392859752, 83.02415561006391, 83.12314746982975, 88.5972997081323, 92.87532424721384, 100.28545453481826, 95.7104349233867, 92.74000199579557, 87.41781760798999, 33.14609832125738, 40.13742440357463, 53.56792121062061, 65.49436250794437, 81.69278522705326, 96.48856757771125, 104.25330316336377, 125.07434925097466, 136.59109761351277, 140.74845352440943, 151.77669272541388, 143.00878227481786, 134.67551315797266, 126.34002937124266, 115.10650897377847], [22.1776507597342, 15.71858028110385, 12.485576041620428, 17.155855093496942, 13.486909950477685, 16.446896292397387, 23.225414336884064, 62.60915397103426, 68.18800228773718, 75.3970503587068, 84.02829901293164, 93.00590035209349, 84.20574382144756, 75.57912942793573, 68.58799487607698, 27.249408629171125, 18.728796427475146, 10.512115673890818, 5.451759666022338, 13.49927506519776, 9.66134135562889, 0.0, 8.422813544542105, 17.709410055305792, 25.9380923519931, 62.18211772591217, 70.29788629249171, 78.69824858935306, 87.795065809977, 93.78732486518989, 92.02227297993137, 85.99473820872764, 78.49079580664123, 70.20723301862216, 65.04745816919124, 37.30308189335774, 42.275595962822926, 49.359945551357704, 52.08543459050323, 62.28718661813016, 68.37974705336944, 74.4936525111479, 78.85671361688979, 76.01595569923258, 64.40383822902369, 57.357722665728026, 54.325601405431115, 78.18839293845998, 75.15193876162908, 75.63468694202099, 81.71964527847818, 84.41931839883473, 90.167810550277, 100.81348909328152, 101.6077511674033, 100.61083485325696, 95.95956493585462, 91.48316429099349, 86.9287458173816, 80.0563760658009, 79.11236851857319, 84.11181368475361, 87.92613295584863, 95.8087712269494, 91.29782408043876, 88.58454309443918, 83.80931591440103, 40.989517194768055, 49.21048567678764, 60.92147507389841, 71.20667463918551, 86.23215550369477, 99.54294570792526, 105.35023990440867, 122.81287567092701, 134.55972727661043, 138.66370298040374, 150.82455644525933, 141.76088931251536, 132.44349280938334, 123.66328339354357, 110.90994023530375], [16.336690599767294, 11.78658403252821, 13.498639629221607, 21.459195326472543, 14.361248185054599, 12.648144020980194, 17.724293141318505, 55.66236470103797, 61.16235894648945, 68.28617655628909, 76.9626332568997, 86.36247938579507, 77.15101571436482, 68.48466374620276, 61.59287447461268, 19.12834944119691, 11.251552480110647, 6.419408124307646, 11.072947597621058, 21.332212673676114, 17.77456482179412, 8.422813544542105, 0.0, 9.663003301409972, 18.047801215252818, 54.405962460657975, 62.73245452307609, 71.45932651571972, 80.95828796785592, 87.1633228921983, 85.14027530817884, 78.78661818014893, 71.05278490505633, 62.67247228986883, 57.52684660099981, 29.327344197082255, 34.66890661038439, 42.46340823476094, 47.03504658297766, 57.35179310327246, 62.581729329292926, 68.23041745562907, 72.56653873014724, 69.27695106646264, 56.742700241290514, 49.71903385855237, 46.685429015479706, 75.54090374367122, 71.4212707350723, 70.74048364147484, 76.3625948504899, 78.69687289977766, 84.41956515358451, 95.41340506063538, 96.54902243562195, 95.8242706383589, 91.63680627100292, 87.63493843529412, 83.70124004832812, 76.75357562422718, 74.85594353071998, 79.28183913197303, 82.55023994171314, 90.57599848283787, 86.2919082515793, 84.01257869610558, 79.84334529709683, 48.03947023281017, 55.99175813020596, 66.23425542389855, 75.05870680406522, 89.10258185905394, 101.07598873514593, 105.22313935992851, 119.6261569232587, 130.82013400304777, 134.6651936219964, 147.504077854483, 138.18047905808743, 128.10222675687206, 119.11385325109384, 105.55623661628807], [9.951763622906496, 11.108261577223727, 17.968701562976555, 26.88503798880189, 18.506985262216375, 11.830670008989388, 11.756698658712745, 46.316669129033556, 51.792212653469065, 58.87083723271574, 67.55912723000336, 77.17202505106572, 67.74152551935101, 59.06476056506882, 52.21732933105631, 11.364365327424581, 7.754210882400863, 11.932452833141179, 19.750836492497676, 29.571976277946657, 26.29165052006627, 17.709410055305792, 9.663003301409972, 0.0, 8.412971614752603, 45.131589226946055, 53.54188143681541, 62.39804690305053, 72.05902198926746, 78.26716983325704, 76.00909774882096, 69.54028760055459, 61.707896766649476, 53.24193757592543, 48.067226352529005, 19.689718984325143, 26.001031711036433, 35.24187906814691, 41.599888871868096, 51.84811034552657, 56.26525857544574, 61.18616937773088, 64.74975408297438, 60.73696303569424, 48.026843602802614, 40.22873150200574, 37.05865187362776, 72.25700487622122, 67.1596817310341, 65.31974314494855, 70.20542411527892, 71.96385292230546, 77.27494876781131, 88.15839188753763, 89.96450497028565, 89.75735126214362, 86.29438511451986, 83.00527000293705, 79.78590922178134, 72.69599367525001, 69.79668640930714, 73.4275867320813, 75.94546462630987, 83.71453187962786, 79.91120574431201, 78.38003013343747, 74.99002127246249, 55.118685343528924, 61.78277999723972, 70.44777600439278, 77.68436304232591, 90.75395822272876, 101.31819158716682, 103.85849094884837, 115.05195200187448, 124.6141060738945, 127.87921461713393, 140.95487629349665, 131.3133747492718, 120.53699558744185, 111.50144201070287, 97.78281378101389], [10.338850644356555, 16.396413700690648, 24.63967701143676, 33.34866381208, 24.99078973765497, 16.8279638844225, 11.908717798677193, 38.21696382628105, 43.57880988290355, 50.59440660796018, 59.28581057286697, 69.08794599110611, 59.47394287616362, 50.7969467143004, 44.03138724014065, 8.3609580275792, 12.054829027666589, 19.257846881353426, 27.591315822849097, 37.054302609629026, 34.07017323798185, 25.9380923519931, 18.047801215252818, 8.412971614752603, 0.0, 36.995280653122045, 45.42331876744555, 54.34124079297848, 64.10933272051841, 70.3202273811898, 67.88046264061009, 61.32225998243092, 53.430170884833316, 44.91275010625518, 39.72004251862052, 11.556698961674005, 19.92917863507729, 30.91311463337226, 39.05290292578104, 48.922468834799595, 52.414644691253045, 56.439463375071334, 58.98237642586372, 54.084800246795005, 41.35704512101731, 32.322154910004, 28.660322980641983, 71.10341112404184, 65.192713209686, 62.256669387057364, 66.29867538430729, 67.40948900789023, 72.17833670716117, 82.78478576900478, 85.34486826766596, 85.70524505824523, 83.02123190325719, 80.4795898769105, 77.97015533779258, 70.80992156207992, 66.98791938420021, 69.75835561746126, 71.45463975113624, 78.82463123432677, 75.5908727004406, 74.8790154901977, 72.30719903966363, 61.3647454480604, 67.33471778540853, 75.00904694007811, 81.06252159263526, 93.34210375270408, 102.7390939674215, 103.97517930167992, 112.27245624125548, 119.98086231086283, 122.55046423014821, 135.5753587289586, 125.5436690988548, 114.03102190516827, 104.75831922862379, 90.75568654852715], [44.42274523852093, 52.45263079179608, 61.046789240197725, 69.11826118868257, 61.28280426759133, 52.69307492040929, 45.1136099781916, 20.220029687332435, 18.82473155538612, 21.82298979914844, 28.947513992159674, 40.259081030130844, 29.537513285747618, 22.5693474790635, 20.456433765699163, 36.41477547697634, 44.85684608291142, 53.54691646959281, 62.55294237358634, 71.85463939585892, 69.9017851553453, 62.18211772591217, 54.405962460657975, 45.131589226946055, 36.995280653122045, 0.0, 9.053132304701228, 19.238719811314215, 30.690428364509447, 38.092257771357644, 34.91308919267527, 26.687274832307196, 18.16562173762996, 10.80017745506142, 8.469301955034192, 27.6720650265377, 33.46504739856513, 42.81510543827618, 55.19916733989727, 60.847803184028706, 58.95158412616222, 57.560378466667665, 54.70794458870549, 45.28467835840463, 34.88383456817285, 22.5984170427593, 14.104575333271576, 86.28105304119214, 77.83540979359276, 70.5197845656204, 70.06083920728