{
	"dissimilarities": [[0.0, 7.734288674285827, 16.014820511121815, 23.91007544798973, 17.93791542598097, 11.262913219450244, 7.625051311452667, 41.6976403772066, 48.43609460423065, 56.79281496469476, 65.22269295327071, 71.40766461123673, 64.91380725883951, 56.54769348847707, 49.13413248908449, 17.225979189618045, 18.02694148773335, 21.304458669129424, 27.546135054223356, 34.588526218500405, 32.78768616144325, 24.315123191481014, 16.792545231260032, 10.89430286947563, 10.246592951114481, 45.737258756264836, 52.62096763117693, 60.97893460295434, 68.12073841485433, 73.51004231343987, 71.27513636624279, 65.90597439973118, 59.6917963528349, 52.265619646487046, 47.036273656260974, 17.71150795188286, 29.19952311773199, 40.11873002933171, 40.616563977002016, 50.21563620651585, 54.80353252999884, 58.95565815486728, 61.206169970013576, 58.44905517010212, 52.0812139241507, 41.36388130096715, 35.02944158677367, 65.7867234241473, 62.4651139204741, 62.31708060894394, 66.69315882809967, 68.19045006975946, 72.59382157636068, 80.38756659747419, 82.326444975042, 81.6201166435577, 79.56245333392765, 76.2021774290956, 72.05996381476997, 66.6953382682446, 66.61249746597616, 70.66179666770846, 73.30081856115764, 77.85704399450482, 74.12693438372216, 71.49312647541223, 67.48695980054534, 56.545842138543534, 59.28293319984618, 68.74853723418437, 76.59919538072303, 89.73005712488388, 96.40385750778803, 110.71328581392225, 107.84603472282963, 120.07800031440082, 120.37887287653537, 121.47567794356311, 112.25554912876383, 108.27856013804146, 100.28404622988081, 93.90984774270103], [7.734288674285827, 0.0, 9.421004444649308, 19.12500894013985, 13.727986101229929, 10.750291992124353, 12.95512735377534, 49.28721346198973, 55.890010923146946, 64.13135790136876, 72.62454167734435, 79.0185819823562, 72.51447229190717, 64.12860412786956, 56.746235608957434, 18.464904275234304, 15.48854194832806, 15.819018889100866, 21.097081384354066, 28.551059519964966, 26.559315291534777, 17.23680421190715, 9.785020585659389, 8.324377659487766, 13.595071857543195, 52.04698532062057, 59.093421693600455, 67.52021192666204, 74.8273340296701, 80.34789083008592, 78.28546359198711, 72.8571138264138, 66.57882537044236, 59.172040189188785, 53.93696884759975, 24.232652615390126, 34.15413687589606, 44.048929364568465, 44.340856717177935, 54.099777247127385, 59.075809187925735, 63.85663615864828, 67.061747760762, 65.00198528842819, 57.32914716330069, 47.58182163618356, 41.85712898854771, 68.42221124625196, 65.71180853479187, 66.01704140358135, 71.11799166261328, 73.12590067761208, 78.05509632484895, 86.34325811236057, 87.60245098326675, 86.44188299587077, 83.8166635832309, 79.75395750147399, 75.24520575170136, 69.87159434815311, 70.28872013741828, 75.04778825926671, 78.23403505833815, 83.46161029335363, 79.0444489616868, 75.86966815319893, 71.15961598172966, 51.85000567662119, 55.915053917490326, 66.93380547493872, 76.1398493359736, 89.76927630874786, 97.36006237669369, 112.67432973455038, 111.68017941832963, 125.81400266382299, 126.73185454278494, 128.29703385255462, 119.43349295066182, 115.72568255402406, 107.62293622875144, 100.64454873458465], [16.014820511121815, 9.421004444649308, 0.0, 10.599828446383324, 7.588556409511758, 12.123415735531754, 18.47726036988617, 57.459259960288755, 64.34436862185797, 72.74708097389451, 81.12692400083097, 87.02111626603019, 80.64671933482255, 72.30495417427481, 64.8571956565945, 27.19915805846655, 22.062742293597363, 18.05077226861355, 17.984121114520473, 22.480960710203693, 19.773802701578294, 12.849903156646977, 10.81432599302712, 16.42346521149435, 22.982767317238906, 61.33627123133049, 68.306885833185, 76.61466231490894, 83.70929851426321, 88.99638894435947, 87.0302180103534, 81.75123706108526, 75.57581958088556, 68.19007523737298, 62.972743302541055, 32.833063444961546, 41.181974501771045, 49.51195340395212, 47.23590441518289, 57.01148468115214, 62.89141559743597, 68.55231344531262, 72.38194858038302, 71.10597704980043, 64.2665885267912, 55.55210863196561, 50.68773825879644, 68.43808823667159, 67.33212524991255, 68.52348621307344, 74.6031787239253, 77.21700044218102, 82.44632701622453, 90.66048016214819, 91.23974032263506, 89.53316839931955, 86.12471142006365, 81.21724801276295, 76.21011714034218, 70.89822527964178, 72.37322164323326, 78.09646048052926, 81.88850590914966, 87.57654174976298, 82.61763098641705, 78.83474544675158, 73.16060130081534, 45.93768930510077, 48.332627980726805, 59.7406045840017, 70.12976420568886, 84.31153584665297, 93.10207771078572, 109.4249535273098, 112.1137104154866, 127.93627763982765, 129.77436743442377, 131.95851593061852, 123.94236124657192, 121.25187142560507, 114.05139762218224, 108.17883572645113], [23.91007544798973, 19.12500894013985, 10.599828446383324, 0.0, 7.452233333950367, 16.29488411210715, 23.56876912828367, 63.15288826933104, 70.48894112317068, 79.12692965884574, 87.22346134211801, 92.15256870675586, 85.98969823268709, 77.79680402267101, 70.33551633808388, 37.47252441949322, 32.528437851670056, 27.56028555992207, 23.862601070633477, 23.021205711429126, 19.750043417568733, 19.088989193889894, 20.856123353511773, 26.81397372758373, 32.54483643428122, 69.53808439072662, 76.26966201416177, 84.36111993452258, 91.02014491073211, 95.8598510314642, 93.84389804919488, 88.83279282072814, 82.87112043432994, 75.52916629242948, 70.37003926667123, 40.18073407839229, 47.182823856191376, 53.97222258847834, 48.07542116878995, 57.547760558210456, 64.40513513747895, 70.80151188528825, 74.73648501731313, 74.12078845615054, 69.64353930032229, 61.79228886260633, 57.850717209111174, 65.33701031434384, 66.26871569262438, 68.43528047014861, 75.32600611010128, 78.40250206982287, 83.58525397135125, 91.1819076384213, 91.28012237631461, 89.13418482187826, 85.03089122025462, 79.47474271452462, 74.05665191808822, 68.9006349489328, 71.59113814426578, 78.13020764061224, 82.34458091308888, 88.10975847286885, 82.95290031948723, 78.73749295118499, 72.23969957094003, 43.310500486476236, 39.96302580389449, 49.42575427993798, 60.193380199677655, 74.75498217036063, 84.54114642609214, 101.49625761459309, 108.26111466678003, 124.99567981707807, 127.76335351539026, 130.59163758912842, 123.72299303894359, 122.49188863416882, 116.9922319706358, 113.52195350754927], [17.93791542598097, 13.727986101229929, 7.588556409511758, 7.452233333950367, 0.0, 9.143085798888963, 17.092078724515638, 57.12537100881014, 64.65225389855883, 73.27312539294745, 81.47628301001971, 86.691020954699, 80.19014119621129, 71.83419829243961, 64.41965904429078, 32.01092848921078, 28.448837987868327, 25.520663686149504, 25.075208714208635, 27.440616203309936, 24.368963384079574, 19.888503504793366, 18.164630433821273, 21.827526958542173, 26.603216131597495, 63.415783382926456, 70.27141907270905, 78.62478216597556, 85.56744803448166, 90.66875776744094, 88.34625632118853, 83.11615005175473, 76.98874035001049, 69.5327804083825, 64.30323980408697, 33.272016452558, 39.79028113512265, 46.792269256188185, 42.0566464409572, 51.71292706914137, 58.17226995295671, 64.31673733150734, 68.34499662068147, 67.69145548121739, 62.33900913099221, 54.58491449909642, 51.09084344951719, 61.58986785033368, 61.28463829163786, 62.9415276179421, 69.46614415254037, 72.36706851064378, 77.64243125920666, 85.67452530748571, 85.85730639303361, 83.88033688057216, 80.11060161783347, 74.90212322804065, 69.721690124215, 64.45716110402175, 66.4617827277948, 72.60450393594796, 76.65481385328751, 82.49614158002039, 77.32193477587008, 73.27847655765392, 67.18648115899828, 49.30569930663831, 46.95878087553566, 54.80602292076831, 63.82640327879266, 77.38545300909328, 85.7135141921125, 102.03993208261019, 105.1311832482746, 121.86797959763835, 124.33914063167455, 127.38902416586494, 120.3727930865171, 118.83489261883453, 113.3418306170083, 109.62640633420025], [11.262913219450244, 10.750291992124353, 12.123415735531754, 16.29488411210715, 9.143085798888963, 0.0, 8.517042041243956, 48.437332897718974, 56.140418652995045, 64.74760873912051, 72.97961075775926, 78.34060850670092, 71.59206369525161, 63.13850238174398, 55.779831885016705, 26.708938853330604, 25.854899698449984, 26.19838762319611, 29.287468378561336, 33.94372049904531, 31.27098958652882, 24.535607584416592, 19.29212992699896, 18.282916920477383, 20.244797791779153, 55.16064196992785, 62.00501535378689, 70.49724501818461, 77.56727969395025, 82.80500634893404, 80.17464728946861, 74.81308848104992, 68.60560763967139, 61.08729738377077, 55.83388615145811, 24.415302074600945, 31.094430252775915, 39.03388023295323, 35.67986452046528, 45.492698422197165, 51.33697105364046, 56.86401551552094, 60.40919249120042, 59.28050606957955, 53.77076447906415, 45.5128981469397, 42.12905132313451, 58.1628638320176, 56.33299128876799, 57.21678282336384, 62.947694496717816, 65.36708464545019, 70.41358310261809, 78.54480993121005, 79.24375045165047, 77.70767177113727, 74.59675533705862, 70.14574235356591, 65.4118217122923, 60.05316700192978, 61.10574794933117, 66.43717119164077, 69.9960527075878, 75.49170582045926, 70.72956568736932, 67.18115453969055, 61.90496142856701, 56.07176880389403, 54.26961258182212, 60.67734178846147, 67.83113748533745, 80.43078907613108, 87.16518764879719, 102.35212942235792, 101.42914440230392, 116.8879215628806, 118.69295893219326, 121.55084870892104, 114.12496988751411, 112.09649849244084, 106.53948330774664, 102.79808612967517], [7.625051311452667, 12.95512735377534, 18.47726036988617, 23.56876912828367, 17.092078724515638, 8.517042041243956, 0.0, 40.06470176381405, 47.69306194943104, 56.32711137866412, 64.52519048224404, 69.88573405532753, 63.21185309747619, 54.799343767980915, 47.399703460743744, 23.719122028628085, 25.438203267865205, 28.24931764850624, 33.208916135942, 38.71741298036216, 36.50634120818633, 29.327120106171524, 22.722905491498615, 18.04703798093031, 16.32751993420192, 47.42723701372252, 54.07139639239513, 62.412654903561396, 69.3156728799657, 74.45237127980722, 71.77729508719439, 66.48726641785726, 60.36419623464935, 52.89143773717491, 47.685121013110766, 17.384867745552338, 26.372580380335197, 36.115937758249586, 34.066897399120776, 43.697626739311296, 48.80140563581058, 53.33190105794607, 55.591952778323666, 53.330038239992845, 48.85401077713855, 39.04088676806594, 34.479763537447305, 58.53482242582552, 55.63342826648328, 55.75534307217007, 60.38659597314892, 62.04712887971724, 66.41780996747593, 74.00789288363728, 75.72077535689493, 74.85997905004805, 72.60103820269441, 69.14803913168495, 64.94499583188743, 59.58835099445963, 59.801865638300775, 64.06853695724405, 66.83667659255201, 71.43129795201027, 67.61524534433968, 64.85022077677394, 60.62958490968531, 59.98012065306926, 58.89846652121474, 65.16016229902922, 71.3742495238197, 83.68434395954226, 89.57548850899852, 103.55469339819672, 100.31651579348645, 113.05267553595415, 113.84267768823179, 115.75352657157559, 107.46691574291268, 104.63716637381195, 98.49757221979603, 94.58122423653948], [41.6976403772066, 49.28721346198973, 57.459259960288755, 63.15288826933104, 57.12537100881014, 48.437332897718974, 40.06470176381405, 0.0, 9.09532446904771, 17.42775732412504, 25.027042655871984, 30.628611143110824, 23.363194327640837, 14.858112470182812, 7.533136963787527, 42.87942394864671, 51.11037902484971, 58.872333224945145, 67.08773803591329, 74.0506289281528, 72.85020190364521, 65.15362193739777, 57.21503424895881, 48.01420012820514, 39.59886024953196, 20.915826451947005, 23.079783777373393, 29.0587629390418, 34.33309837357351, 38.80977245898798, 34.5508126380696, 29.582433220878467, 24.398767540251065, 18.250467645555332, 15.061164541849514, 27.50345256565417, 31.81673464883752, 40.82834183101715, 45.798140713452426, 49.95482209288898, 49.393751613208714, 47.23439731577502, 41.953242005691735, 33.39793260556506, 36.45063763152456, 22.58053925809415, 14.426703936487716, 69.99651397431433, 62.67839407175644, 59.23061443376505, 57.358562540076036, 54.767786911528596, 54.74424204635201, 58.56368288203427, 65.19063993596005, 67.92435736885692, 70.34882224265438, 72.17175966612926, 71.21851974500262, 67.02981687489736, 63.16417593926277, 61.331175772781116, 59.5620682498061, 58.79579330642949, 60.45080248641987, 62.16847082110933, 63.97373323395596, 91.93430693407666, 92.1749955194365, 95.95406951783853, 97.62885450431378, 106.92131411500384, 108.15413374670825, 116.15561236550647, 100.01339553641421, 100.02182130234878, 95.66486853930128, 93.47483204737273, 81.39471719394663, 74.14342467425864, 65.83883353883276, 61.87534266185822], [48.43609460423065, 55.890010923146946, 64.34436862185797, 70.48894112317068, 64.65225389855883, 56.140418652995045, 47.69306194943104, 9.09532446904771, 0.0, 8.784028417931603, 16.859774611618686, 23.970228275863136, 17.52623831750821, 10.459724114207317, 6.3842039971576705, 47.54387725367821, 55.86097260370903, 63.8928838581573, 72.35553141512844, 79.54705958964695, 78.6530179207716, 70.97309053707926, 63.113762251162946, 53.75717016492106, 45.306219580692385, 17.729267904077144, 16.995431943929933, 20.951059427428795, 25.388086336256812, 29.733339773477343, 25.499515270835563, 20.669015278069104, 15.985657776898297, 11.156247975253866, 10.333734371054684, 34.65008628577616, 39.66424850281112, 48.687213654778446, 54.71094280288324, 58.48857962723055, 57.34400835816497, 54.402155202570036, 48.32140483733599, 39.13460374168033, 42.184162479695836, 28.78191032636265, 19.877085198823444, 78.58217648276246, 71.0241739840936, 67.28463176274293, 64.68532645454323, 61.57098655738829, 60.835248611642626, 63.71112478457422, 71.11941940615093, 74.4099333978895, 77.49365571613542, 79.94867699065091, 79.35805977612802, 75.35226532235687, 71.15319107270696, 68.62426546146163, 66.24229956072634, 64.55018174010057, 67.12280856504331, 69.45104926842505, 71.94797818580321, 96.52603522003515, 98.3614472072988, 103.30986430628309, 105.35219793217786, 114.88597175497526, 116.17983732564667, 123.56460986989427, 106.75785799171436, 103.85566737253389, 98.15817597102549, 94.18667435828598, 80.54682721540395, 71.20362306332204, 60.31086349330858, 53.79077954405819], [56.79281496469476, 64.13135790136876, 72.74708097389451, 79.12692965884574, 73.27312539294745, 64.74760873912051, 56.32711137866412, 17.42775732412504, 8.784028417931603, 0.0, 8.704598181078433, 17.96814053246726, 12.478747673633158, 9.6292160864573, 12.099253374562663, 54.56371653439852, 63.04838913644593, 71.34046725975227, 80.07007004777292, 87.49983851104898, 86.73909100478082, 78.92561406076501, 71.00792612776583, 61.510112963779264, 53.014864430767474, 19.80531708611569, 15.621972661027097, 15.790685467470402, 18.48580693025701, 22.523588442669695, 17.451508602493544, 12.799664844482454, 9.747665244756048, 9.687758617698213, 12.940186849142904, 42.679382128234835, 46.81037802278505, 55.04991940726761, 62.04673692264908, 65.0520052495644, 63.08229642376459, 59.20121674535967, 52.354286630173746, 42.82756750186629, 46.157439169713626, 34.12416029904673, 26.604477389835118, 85.28338925799748, 77.22503157610895, 73.0648845425316, 69.54115046392188, 65.84905796998791, 64.38856966702231, 66.4535251856355, 74.46931817847371, 78.31650251190318, 82.14719858226736, 85.36711873179793, 85.28963369232105, 81.56508672804038, 76.84521964894917, 73.43439351445826, 70.37570627135179, 67.8027259360529, 71.24690646902766, 74.2500720600848, 77.62396082709381, 104.10100837986872, 106.64427961135593, 111.73171397526441, 113.49033202729028, 122.69788482085656, 123.46174006306428, 130.01102979920074, 111.21501821671123, 105.97239498682234, 99.14684090466199, 94.08130267927439, 79.52518174232442, 68.61717386183167, 56.304029744101264, 48.20357863854544], [65.22269295327071, 72.62454167734435, 81.12692400083097, 87.22346134211801, 81.47628301001971, 72.97961075775926, 64.52519048224404, 25.027042655871984, 16.859774611618686, 8.704598181078433, 0.0, 10.796621397381355, 8.643060936793688, 12.755784044962896, 18.387973644474094, 63.21636171956647, 71.63932361702383, 79.85618489813949, 88.43258693454867, 95.61470780730193, 94.90037958091135, 87.35980591852802, 79.55919008079896, 70.13129148958264, 61.67031827947024, 27.51966313853456, 21.97647645294559, 18.489775997299937, 17.06673316976345, 18.579648007632382, 12.802004348651739, 11.207655526461457, 13.07582137970036, 17.068948558378924, 21.26102105888193, 51.19990168820563, 54.61915381063586, 61.961019791129175, 68.5251691241608, 70.71397107321874, 68.26763626001508, 63.67196482902935, 55.7828897557894, 45.991071280813514, 51.591516957676, 41.008380907943035, 34.931117236877576, 90.27122759059142, 82.20538043168968, 77.85179828728161, 73.53184604119424, 69.30251621929422, 66.87257791843365, 67.49429712031146, 76.2675155915233, 80.68700333275187, 85.20884966892595, 89.21692481858528, 89.63477830215129, 86.24833701525874, 81.28923063259548, 77.08947031951165, 73.33082731464641, 69.58003850296356, 74.14117265048766, 77.84023987721629, 81.99993415109167, 111.49341592335381, 113.57587148663073, 118.00412533242238, 119.03781841890918, 127.70407146472134, 127.81706244095068, 133.1990937145208, 113.07178567859786, 104.67671850233046, 96.66685430379192, 90.3268162289508, 74.97075814496269, 62.839520979574395, 50.004629262882474, 42.780044088623], [71.40766461123673, 79.0185819823562, 87.02111626603019, 92.15256870675586, 86.691020954699, 78.34060850670092, 69.88573405532753, 30.628611143110824, 23.970228275863136, 17.96814053246726, 10.796621397381355, 0.0, 8.771463423749537, 16.957613942962634, 23.24190585258629, 71.41769052536274, 79.54284795489802, 87.2879299965791, 95.1927560546448, 101.51389476304509, 100.71315268523527, 93.94744585173244, 86.48392807367989, 77.40184113237225, 69.08623570267363, 37.67940958436547, 32.56830328220383, 28.760426453488613, 25.25420852027703, 23.63449862048148, 19.23213706976832, 20.708501154195222, 23.75543097034764, 27.31120814297289, 30.885006563610208, 58.02399820386914, 60.86615975409221, 67.21883510957483, 71.58891420389358, 72.94404263567567, 70.55332446696676, 65.6602695889887, 56.491155595499535, 46.55040163666476, 56.72054148608522, 47.33520860523707, 42.63166816601631, 90.66766667542772, 83.32997101871204, 79.14567112027079, 74.33981650727816, 69.72264166402617, 66.12090115555534, 64.56495722966014, 74.22399051418948, 79.13915871051408, 84.14374430159003, 88.84194236517307, 89.65475921025605, 86.65581557969257, 81.91148367795776, 77.18483995324549, 72.80882866572142, 67.62284488589718, 73.4908342932863, 77.80032263174097, 82.48623051336112, 116.32949501988368, 116.29975695420923, 118.91841921084813, 118.6300554101865, 126.4376135057243, 125.77992208049955, 129.65315979547046, 109.4437569419258, 97.21020469060676, 88.15594924938829, 80.5174906550994, 64.6249291081499, 52.174396833497, 40.9877025818521, 40.128252628789625], [64.91380725883951, 72.51447229190717, 80.64671933482255, 85.98969823268709, 80.19014119621129, 71.59206369525161, 63.21185309747619, 23.363194327640837, 17.52623831750821, 12.478747673633158, 8.643060936793688, 8.771463423749537, 0.0, 8.745088975944439, 15.865288518430575, 64.85676016768184, 73.29103444063936, 81.28294715679917, 89.53378694273599, 96.26385186775165, 95.2827904138502, 87.98404579038784, 80.18654404886723, 70.90331254858077, 62.419861033844434, 31.805298308232178, 27.691882223370392, 26.25973043957245, 25.69501947822607, 26.69905105967935, 21.144309084724735, 19.721081835109782, 20.233037329082354, 21.91720664038675, 24.760765448515315, 50.61086241496212, 52.49904398977386, 58.60737596290858, 63.72655109991869, 65.1298629951977, 62.56926513512297, 57.72686682753024, 49.05806797854406, 39.12898469512094, 48.03386728722403, 38.628417546332464, 34.71468827798747, 83.77704175761933, 75.91429639158756, 71.57963427944327, 66.92229509379136, 62.476853022393804, 59.494079243985155, 59.33519376574575, 68.40430894990585, 73.00015461244186, 77.72824706389206, 82.09032704465615, 82.76204417653463, 79.61215481782912, 74.65613214526499, 70.1195123908402, 66.05629681047117, 61.72885328183609, 66.81061119299791, 70.80597934397254, 75.2981785199398, 112.4127430349088, 112.2271353066002, 114.582317065701, 114.31812868418935, 122.03334582076177, 121.25746831178166, 125.94485964099412, 104.82100904038336, 96.1785076472253, 88.42340524248517, 82.99811898417651, 68.65425171931159, 58.16974477866312, 49.07293176027107, 47.57203291732933], [56.54769348847707, 64.12860412786956, 72.30495417427481, 77.79680402267101, 71.83419829243961, 63.13850238174398, 54.799343767980915, 14.858112470182812, 10.459724114207317, 9.6292160864573, 12.755784044962896, 16.957613942962634, 8.745088975944439, 0.0, 7.511336966438266, 56.72446496425594, 65.22084027981606, 73.24100629371698, 81.59477302276832, 88.51150792494131, 87.41977644673976, 79.85475450112706, 71.91853537854388, 62.59344709567903, 54.07435679691425, 25.945987261320198, 23.62454306451522, 25.230059995108235, 27.512066472566435, 30.427361395287168, 24.992369146884617, 21.41324334396917, 18.983374110809415, 17.456360953234615, 18.649461618943185, 41.938621529508985, 43.928170788610196, 50.6232065588184, 56.031501213506154, 58.1199070551211, 55.9697579710392, 51.77450182635875, 44.049958901383164, 34.25331923990348, 41.34699463017773, 30.65898087511868, 26.227952502176148, 77.54865154795695, 69.60528349451096, 65.41716622029514, 61.50136775940004, 57.56814877234763, 55.581928465205465, 57.03053792752249, 65.28574389295515, 69.28785113943155, 73.32133796479168, 76.9117207025677, 77.10924532767716, 73.62077121690947, 68.8457973653684, 65.05604176714986, 61.68684921294448, 58.60448614694037, 62.509893089105574, 65.81301601704318, 69.55910165252037, 105.5051010518778, 105.3801954729979, 108.0121196153491, 108.25128110052331, 116.35434889348049, 116.07015921349392, 121.90700131169937, 101.82106527557639, 96.71403895626733, 90.31993552461464, 86.47351727489185, 73.19592639203324, 64.19295640872625, 55.77154483917095, 53.29098745219197], [49.13413248908449, 56.746235608957434, 64.8571956565945, 70.33551633808388, 64.41965904429078, 55.779831885016705, 47.399703460743744, 7.533136963787527, 6.3842039971576705, 12.099253374562663, 18.387973644474094, 23.24190585258629, 15.865288518430575, 7.511336966438266, 0.0, 49.998129029627705, 58.2884662562793, 66.10103883854379, 74.27437119760518, 81.08185457711724, 79.95526570051365, 72.47166138321285, 64.61772202359053, 55.417156886289085, 46.989214573391436, 22.955378504096153, 22.662554436648264, 26.480821255682475, 30.263302140014957, 33.923753156878945, 29.195665453490935, 24.886919270398455, 20.894528750873828, 16.711177114098934, 15.76274826443374, 34.97865639119623, 38.21420675778878, 46.045312352052655, 50.91228429106807, 54.01412764032004, 52.72666490884401, 49.543897851862184, 42.82136968075059, 33.41908291848009, 39.18469520809233, 26.77561958164757, 20.52631414865187, 73.60054325804413, 66.0942660298596, 62.31642232383328, 59.41948779057916, 56.12454430227268, 55.02079183656217, 57.47693600795476, 65.0529407539702, 68.45728609358626, 71.69492040076916, 74.429472173623, 74.0429064517391, 70.20003350992872, 65.94159975344272, 63.126202811510154, 60.51670851604741, 58.46795529642928, 61.364807927950665, 63.91301869507808, 66.69129754575805, 98.2749350766519, 98.2036528132365, 101.36186250321093, 102.28099228829491, 111.01398323621486, 111.53400905873868, 118.38120115476804, 100.58833270415026, 97.69666524552673, 92.26156849298808, 89.07181673446966, 76.27300611688266, 68.14198451407081, 59.7028702608521, 56.64298432156055], [17.225979189618045, 18.464904275234304, 27.19915805846655, 37.47252441949322, 32.01092848921078, 26.708938853330604, 23.719122028628085, 42.87942394864671, 47.54387725367821, 54.56371653439852, 63.21636171956647, 71.41769052536274, 64.85676016768184, 56.72446496425594, 49.998129029627705, 0.0, 9.568616318812351, 19.12545766522156, 30.052146886570434, 40.70584427016418, 39.88209809649293, 28.87704367743419, 20.132394922465632, 10.846118046429929, 7.492736124366118, 38.62519736815901, 45.89277879876189, 54.46244267825734, 62.51179990177839, 68.85020392691783, 66.9683317811048, 61.1511012555975, 54.65863147327754, 47.56164221476106, 42.54973865051483, 19.901770844231624, 31.55079410127937, 43.56391995278845, 50.60497095994924, 59.45097870038544, 62.11333581489816, 64.86265195999829, 67.17457142420743, 63.68024501467045, 52.29699032253299, 40.93289882861406, 32.810188973342946, 78.17743079870867, 72.63706269806522, 71.28013103441417, 74.40881637048324, 75.28364250537025, 79.7512178097859, 88.41539390404115, 90.70840878166604, 90.5010976401802, 89.3126954324495, 86.68447828885948, 83.13704834822474, 77.8700726552835, 76.3136825905083, 79.21820758817206, 81.29958430640268, 85.81986687336457, 82.26842729266949, 80.20236415724902, 77.3365186612646, 63.028657320457995, 72.31599323259513, 84.89783466797005, 93.6251441694733, 106.75657616461665, 113.05394158053953, 127.16528985924694, 120.36862403880563, 132.0485826817493, 131.23728692986484, 131.45173644348515, 120.69638276910908, 114.3819441425254, 103.28416560709198, 91.81635480823414], [18.02694148773335, 15.48854194832806, 22.062742293597363, 32.528437851670056, 28.448837987868327, 25.854899698449984, 25.438203267865205, 51.11037902484971, 55.86097260370903, 63.04838913644593, 71.63932361702383, 79.54284795489802, 73.29103444063936, 65.22084027981606, 58.2884662562793, 9.568616318812351, 0.0, 9.714476217285316, 20.92035980875312, 32.084608354399464, 31.50252487674985, 20.35612809461087, 12.60066694967556, 7.664911053264283, 12.669765863021818, 47.45266654994093, 54.5352033663335, 62.74029068244553, 70.45118088878662, 76.50048984377014, 75.05867422878667, 69.49428366139017, 63.19335065435984, 56.226522081289176, 51.2824751152313, 27.515795409397818, 38.9012840089337, 50.15687189452781, 55.26105676703957, 64.58900441590337, 68.13683994969028, 71.72566872932042, 74.5762662850909, 71.53648524838097, 60.65103399593212, 49.815690451013346, 41.938303784600166, 81.47853293771863, 77.14069190567693, 76.48969521453705, 80.52430729358139, 81.91605989207629, 86.69720238223414, 95.36720031919877, 97.23873517081385, 96.61111088640344, 94.77366958575055, 91.39989932534166, 87.35955598012275, 82.0194518343123, 81.31147692682417, 85.0878671293871, 87.70083609976432, 92.6256823545159, 88.62238675948582, 86.02484100853108, 82.29087690479157, 54.680238067232125, 65.88614620708485, 80.64882663071303, 91.06350101913343, 105.12605175724858, 112.82456751029831, 127.93079019978778, 124.64399870855254, 137.37695258080603, 137.10229934279212, 137.3382259876406, 126.7683709978064, 120.80844170600996, 109.54746528039334, 97.95301342271813], [21.304458669129424, 15.819018889100866, 18.05077226861355, 27.56028555992207, 25.520663686149504, 26.19838762319611, 28.24931764850624, 58.872333224945145, 63.8928838581573, 71.34046725975227, 79.85618489813949, 87.2879299965791, 81.28294715679917, 73.24100629371698, 66.10103883854379, 19.12545766522156, 9.714476217285316, 0.0, 11.348808187458491, 22.887409701033665, 22.493312508824594, 11.560567965130515, 7.515004037323599, 12.229923592341414, 20.264452930091775, 56.520380854092984, 63.46069631434337, 71.40450520216862, 78.76066931935885, 84.47071373159625, 83.3117209985417, 77.98799626923751, 71.85350655064802, 64.92897076158798, 59.996848874962446, 35.03094649531831, 46.03710077294583, 56.50443384135265, 59.36311190314849, 69.001880762849, 73.43151727787095, 77.81209100636588, 81.06698251712062, 78.48180712559204, 68.54338757861231, 58.16302324523051, 50.62334270751118, 83.74115440844905, 80.75564159224368, 80.84591040434238, 85.73894805424852, 87.61619052209831, 92.6202452240343, 101.1559394136937, 102.62172168306482, 101.5839804071959, 99.10360728026788, 95.02584239953612, 90.52263549380108, 85.16195279806405, 85.35868076620861, 89.96938759506784, 93.07229820307344, 98.31198680633783, 93.93261472497854, 90.84258745856887, 86.27508233333967, 45.92653240426716, 58.399615375416886, 75.05826661129878, 87.03702623548821, 101.9178520188104, 110.98334953144727, 126.975911721153, 127.43080829442611, 141.1289281766617, 141.4699083845426, 141.84163446827856, 131.66424621067893, 126.32291589962458, 115.356284479596, 104.35425179825695], [27.546135054223356, 21.097081384354066, 17.984121114520473, 23.862601070633477, 25.075208714208635, 29.287468378561336, 33.208916135942, 67.08773803591329, 72.35553141512844, 80.07007004777292, 88.43258693454867, 95.1927560546448, 89.53378694273599, 81.59477302276832, 74.27437119760518, 30.052146886570434, 20.92035980875312, 11.348808187458491, 0.0, 11.814631996335605, 11.871515166246558, 5.594437738906297, 12.573959508572349, 21.509688553669392, 29.80986545258344, 66.43832349412727, 73.17538155476397, 80.79555464922744, 87.67071076651115, 92.91442615112415, 92.03862914445459, 87.03553729659981, 81.13120848148137, 74.27053310538803, 69.37324617019345, 43.79670745492771, 54.58097882504453, 64.32585345556578, 64.52476068089219, 74.3137164836162, 79.65806652364662, 84.75754992279218, 88.15413474816684, 85.915382301394, 77.58800000991293, 67.46709559969047, 60.11008424244725, 86.41193604227978, 85.07421248645139, 85.97638639982107, 91.66650266335805, 93.96487198470851, 99.01937730577855, 107.12752738375126, 108.3011214338378, 106.9005182646946, 103.79958256165833, 99.08030014637583, 94.13637790872264, 88.81496053759967, 90.0367295103032, 95.43525240292608, 98.94676969122517, 104.30338919622574, 99.72515825174348, 96.21956117832539, 90.86008021886255, 35.337454335876835, 48.8789248088485, 67.83552708244123, 81.6126501935589, 97.43489351013734, 108.11146593346123, 124.88800886795252, 129.95004401948358, 144.14511249095827, 145.09275094878504, 145.46812929286816, 135.75234445784815, 131.1783888664105, 120.71740627270471, 110.79874723609795], [34.588526218500405, 28.551059519964966, 22.480960710203693, 23.021205711429126, 27.440616203309936, 33.94372049904531, 38.71741298036216, 74.0506289281528, 79.54705958964695, 87.49983851104898, 95.61470780730193, 101.51389476304509, 96.26385186775165, 88.51150792494131, 81.08185457711724, 40.70584427016418, 32.084608354399464, 22.887409701033665, 11.814631996335605, 0.0, 3.4518417767358627, 13.477492405897696, 22.264603628126103, 31.369038150423123, 39.23007708090568, 75.47232060126835, 81.94614226428982, 89.2098211630391, 95.51582604078489, 100.20207336610828, 99.54107836531644, 94.91151705746, 89.28849537423953, 82.51633578917543, 77.68426521968509, 52.01010306879468, 62.65485402057313, 71.80096242000985, 69.24785208618013, 78.98734647240066, 85.15303743813838, 90.79434886897019, 94.02676467299958, 92.00144041633672, 85.84414953368605, 75.83099238833441, 68.60586398707896, 88.30273613769853, 88.68589676115089, 90.35201929088117, 96.64492724790101, 99.230543479628, 104.12565324739353, 111.51369914989517, 112.55881396146717, 110.90362918347986, 107.3059682413756, 102.13114646932837, 96.85211548650956, 91.63734124269946, 93.85855092754238, 99.86389563475696, 103.62672549072728, 108.84931901233506, 104.30924890663937, 100.54190246128321, 94.56716154421815, 24.82956368817861, 37.94694616659573, 59.21444158091776, 74.68321419996632, 91.41746826684502, 103.67879156027544, 120.92331796083089, 130.83431589836002, 144.85933700650625, 146.32838253339239, 146.5935469150577, 137.42134204900486, 133.75766192646617, 124.11953697085005, 115.8812514996018], [32.78768616144325, 26.559315291534777, 19.773802701578294, 19.750043417568733, 24.368963384079574, 31.27098958652882, 36.50634120818633, 72.85020190364521, 78.6530179207716, 86.73909100478082, 94.90037958091135, 100.71315268523527, 95.2827904138502, 87.41977644673976, 79.95526570051365, 39.88209809649293, 31.50252487674985, 22.493312508824594, 11.871515166246558, 3.4518417767358627, 0.0, 12.01788662902713, 20.777720900083363, 30.07415173500071, 37.97066143448168, 74.89926634373221, 81.47533148236501, 88.92932082393614, 95.35408000734964, 100.11340622399146, 99.23494937016633, 94.50705646813815, 88.78915162431628, 81.88914304056757, 76.97346821816606, 50.336485672348054, 60.4645403247098, 69.25377125710621, 66.32685121516175, 76.03464516270084, 82.30226356723163, 88.09426034061818, 91.52767961765288, 89.76290348836753, 83.64643354468902, 73.99632049313924, 67.26920140472977, 85.06870027015236, 85.55033735959329, 87.31022082696872, 93.74059098903517, 96.4403294885779, 101.43726775146679, 108.93247578936055, 109.76877342668908, 107.99933226975789, 104.28074709990501, 98.98916116923813, 93.66548547939605, 88.46532326163076, 90.77637368156128, 96.91071372481187, 100.78801139867929, 106.1650902855367, 101.4608187179503, 97.58022507187333, 91.47839413086291, 27.175069221828096, 37.43084551946249, 57.334693164669126, 72.36422273312066, 88.83948614772191, 100.84519028703626, 118.16421972127152, 127.75748867299748, 142.4260295447148, 144.1574580493001, 144.88059834130894, 136.09182083023072, 132.81789754357152, 123.79987877896282, 116.22263126435769], [24.315123191481014, 17.23680421190715, 12.849903156646977, 19.088989193889894, 19.888503504793366, 24.535607584416592, 29.327120106171524, 65.15362193739777, 70.97309053707926, 78.92561406076501, 87.35980591852802, 93.94744585173244, 87.98404579038784, 79.85475450112706, 72.47166138321285, 28.87704367743419, 20.35612809461087, 11.560567965130515, 5.594437738906297, 13.477492405897696, 12.01788662902713, 0.0, 9.286777856195654, 19.17418570562857, 27.670799725505493, 65.68483571533552, 72.59343439157796, 80.53596338692418, 87.59370289446774, 92.93990568098096, 91.68966118985935, 86.52953957275436, 80.47044851093165, 73.38869000370514, 68.34527694116589, 40.92250285580912, 50.79222589332264, 59.9588374372311, 59.58707980727623, 69.35487485809709, 74.86420053323994, 80.22254513162869, 83.97058625394658, 82.17314094688291, 73.88877487459813, 64.38749647394638, 57.92992496989576, 81.1054918744257, 79.8682726844648, 80.90466094820988, 86.8197304713266, 89.3076471785032, 94.54188738233239, 102.84426724304414, 103.6745814102066, 102.08832665068476, 98.79557629038861, 93.8937904145978, 88.88324061512111, 83.57770724722452, 84.91884227827039, 90.52322255725419, 94.2243814910796, 99.84492056344111, 94.98904034355583, 91.29652323374513, 85.73535138365581, 38.1840598711683, 48.22978869999239, 65.11071668009022, 78.0846088347451, 93.41583338893223, 103.61732999781961, 120.45272193092599, 124.91392002360814, 140.13166203462382, 141.5007779259103, 142.6192932876935, 133.53725147583282, 129.61789090947724, 120.21072315169982, 111.46739092525006], [16.792545231260032, 9.785020585659389, 10.81432599302712, 20.856123353511773, 18.164630433821273, 19.29212992699896, 22.722905491498615, 57.21503424895881, 63.113762251162946, 71.00792612776583, 79.55919008079896, 86.48392807367989, 80.18654404886723, 71.91853537854388, 64.61772202359053, 20.132394922465632, 12.60066694967556, 7.515004037323599, 12.573959508572349, 22.264603628126103, 20.777720900083363, 9.286777856195654, 0.0, 10.090298426254053, 18.741429556849738, 57.32816908537192, 64.41153122503715, 72.67304867802504, 80.0716898647097, 85.72473031745265, 84.12726187022875, 78.71658791810388, 72.46390515238097, 65.2503161737064, 60.12425971246738, 32.19918076176752, 42.14107497264626, 51.854970592892094, 53.17437964570868, 62.89503751683565, 67.79365511927949, 72.66828026894667, 76.29428513589266, 74.29249194938558, 65.1197220574396, 55.47295620887744, 49.14705927080263, 76.71891300362329, 74.21965060716279, 74.64980768194062, 79.98247250135985, 82.16121238023551, 87.34571846568683, 95.93832841538153, 96.98516815791595, 95.66962502473231, 92.84220729094712, 88.44757793581437, 83.7755574459279, 78.42323518738407, 78.99274777071635, 84.00848775719113, 87.40283298525893, 92.92450836636742, 88.22514458287395, 84.84490416481225, 79.87709390536256, 46.527503135552024, 55.02629972749454, 69.46133116098474, 80.63937060349964, 95.07432697167627, 103.81341934329052, 119.90929074062153, 120.60603177567693, 135.42146549073627, 136.3846402102259, 137.63534152064514, 128.36579812225594, 124.08800579113775, 114.70359619617349, 105.76259988823476], [10.89430286947563, 8.324377659487766, 16.42346521149435, 26.81397372758373, 21.827526958542173, 18.282916920477383, 18.04703798093031, 48.01420012820514, 53.75717016492106, 61.510112963779264, 70.13129148958264, 77.40184113237225, 70.90331254858077, 62.59344709567903, 55.417156886289085, 10.846118046429929, 7.664911053264283, 12.229923592341414, 21.509688553669392, 31.369038150423123, 30.07415173500071, 19.17418570562857, 10.090298426254053, 0.0, 8.758644186517909, 47.47634015191485, 54.655476952519564, 63.12425592290154, 70.75914292931829, 76.64357404304751, 74.77865378899408, 69.1892982917474, 62.810989432910304, 55.53084837363718, 50.36898022417437, 22.96388565800712, 34.02275072438382, 44.96690177488448, 48.40299441759234, 57.90543704091902, 61.94070943376299, 65.95602182560108, 68.94341929630623, 66.30045907291958, 56.65395967422302, 46.196406147415026, 39.31877164798353, 74.14150942991266, 70.23625729810979, 69.86685733409901, 74.2426407713994, 75.84148658416828, 80.68420284399731, 89.25835096403688, 90.8960439703995, 90.08561860705552, 87.99631899738453, 84.43092432780597, 80.26320221168777, 74.90434744427702, 74.51779977148739, 78.59659600034972, 81.39881662586912, 86.44404961299837, 82.28368877401323, 79.49633123218855, 75.46381274328749, 54.656297213585965, 62.277000796285954, 74.89377725741632, 84.38853043024301, 98.02818658216138, 105.34965115874144, 120.36531555355299, 117.30237370865353, 130.60788178407876, 130.81174136336304, 131.7267969238164, 121.9413453126247, 116.99354100529715, 107.29263442115347, 97.95822727364622], [10.246592951114481, 13.595071857543195, 22.982767317238906, 32.54483643428122, 26.603216131597495, 20.244797791779153, 16.32751993420192, 39.59886024953196, 45.306219580692385, 53.014864430767474, 61.67031827947024, 69.08623570267363, 62.419861033844434, 54.07435679691425, 46.989214573391436, 7.492736124366118, 12.669765863021818, 20.264452930091775, 29.80986545258344, 39.23007708090568, 37.97066143448168, 27.670799725505493, 18.741429556849738, 8.758644186517909, 0.0, 39.15883610199923, 46.38334043937588, 55.029922484621714, 62.78810110283013, 68.78915216022004, 66.61813358244814, 60.90628592400809, 54.43988327525542, 47.06482285622601, 41.84895568496616, 14.994102979146467, 27.610662326431502, 39.72419254057614, 44.65388778331789, 53.762563488305325, 57.01809673946804, 60.171201476174836, 62.33572362707872, 59.008217826924366, 49.599012405656474, 38.17134855075164, 30.60466646470061, 71.77574878887299, 66.8141704356834, 65.77008862417826, 69.20983007646639, 70.22242544725329, 74.60923480770785, 82.94456619954838, 85.20258524552115, 84.88823866430616, 83.49188782575162, 80.73578349050936, 77.05427038842946, 71.7476363756385, 70.57710875359456, 73.75328488080515, 75.94607972591461, 80.40142696525285, 76.87124612747576, 74.68991617714109, 71.55410727905182, 61.60482058501867, 67.94204654665154, 78.83202275074176, 86.8162238464317, 99.71114314839265, 105.82201497386983, 119.77090588027723, 113.74795600524081, 125.4209467572594, 124.950047316075, 125.5373957175741, 115.37544695883282, 109.97007289877745, 100.23995749921612, 91.04656612454741], [45.737258756264836, 52.04698532062057, 61.33627123133049, 69.53808439072662, 63.415783382926456, 55.16064196992785, 47.42723701372252, 20.915826451947005, 17.729267904077144, 19.80531708611569, 27.51966313853456, 37.67940958436547, 31.805298308232178, 25.945987261320198, 22.955378504096153, 38.62519736815901, 47.45266654994093, 56.520380854092984, 66.43832349412727, 75.47232060126835, 74.89926634373221, 65.68483571533552, 57.32816908537192, 47.47634015191485, 39.15883610199923, 0.0, 7.510199820234744, 16.872389363253475, 25.70555697274148, 32.87471877064949, 29.817588884786847, 23.426655256660645, 16.704164033293882, 10.45950461448495, 7.510202176142331, 31.89783020353449, 38.28935054939426, 48.83771466561929, 59.28577655979384, 64.22279652127459, 62.87357199010772, 60.51451240053243, 57.09677486756387, 49.34991590323639, 43.22374622899517, 29.450197605581614, 18.032086057724158, 86.30355848278809, 77.770485