{
	"dissimilarities": [[0.0, 7.461010198670216, 16.82502085526737, 23.48132634997736, 17.948165387297994, 10.50940862094799, 6.523516796078172, 44.66745560348807, 49.515902133587936, 57.90091978843713, 66.32108036564952, 73.2659006119442, 66.99542270659987, 58.49454094441806, 50.026646238407096, 18.1358276596395, 18.881498162016566, 21.09106409166697, 26.6836998143389, 34.4550400261545, 29.31923425725366, 21.506014670294654, 15.230733509634195, 11.521349167787688, 12.361439158883528, 47.940182030841946, 55.11924141869285, 63.16215226031064, 70.4591639209347, 75.48681302238263, 73.36825725544618, 68.06009075086666, 61.869350433600786, 54.432685955274096, 49.456209054011836, 19.414202847562972, 29.17625022981715, 37.07136743576161, 39.32130640445268, 48.28092100453132, 54.204645007994614, 58.81504373790431, 60.821639595340656, 58.53544625338197, 50.73275560213317, 42.021628759630694, 36.91610160841141, 65.86428379833905, 62.60614232641827, 62.693287577090175, 67.2369911057831, 68.92465824266752, 73.51396532638763, 81.59114539227102, 83.18156647144198, 82.31765545853486, 79.19687199568102, 75.51125728343442, 71.1850071022714, 66.82408596579991, 66.75102929486276, 70.20185201635343, 73.08700102126778, 78.8294529719884, 73.88062557741098, 70.98293486584046, 67.63461361984312, 56.78500188072753, 57.61921763121985, 66.74049048193905, 74.3974960531912, 89.12316339331859, 98.53936110600118, 108.89200984434179, 108.39162294656485, 120.69640691938207, 117.8139800371264, 117.69245565980631, 110.00196958651229, 107.24462553620974, 99.05668241946657, 97.08232055028901], [7.461010198670216, 0.0, 10.709072761154395, 18.21128228605427, 12.767364962734751, 8.60702762974449, 11.322192902072686, 52.0931371168873, 56.90683126074539, 65.24882273388856, 73.70094894352387, 80.71469851778568, 74.42849893426327, 65.90765502334322, 57.45692580436352, 20.941519431523012, 18.365123644567433, 17.4425339389003, 21.291631475480006, 29.056146225751515, 23.25995737018157, 15.199974825645535, 10.357424368790195, 11.452776409704112, 16.661801693736066, 54.571285393264596, 61.82326392056387, 69.97770467242836, 77.36262250573714, 82.50691064191108, 80.51032759131672, 75.16214791347211, 68.92547756455836, 61.4989465745792, 56.44952069895633, 25.95534216884503, 34.299917283617376, 41.09461995261524, 42.64242043404485, 51.62397239033879, 58.05883244062814, 63.324058736603405, 66.31047709063985, 64.7493688287967, 56.15849685720572, 48.33863112403749, 43.80182511587815, 67.74822346718182, 65.23661385412501, 65.83000435215442, 71.13703978479738, 73.34829990681864, 78.42766402182447, 86.90951088208725, 87.81989757292556, 86.48379585851704, 82.78109546134067, 78.38040957184297, 73.6804917584264, 69.3095466371391, 69.82160669632658, 74.03620202459646, 77.4775608174978, 83.82527997464825, 78.24712900040045, 74.80007177286792, 70.68871640776725, 52.42850592546885, 53.9466004877948, 64.05341052554957, 72.9440526262268, 88.17173875124362, 98.49603424885755, 109.86903147650015, 111.19401671634355, 125.59811136263424, 123.42328567451383, 123.84547895638927, 116.65160769294897, 114.27886239924166, 106.17547127321559, 103.87138191819176], [16.82502085526737, 10.709072761154395, 0.0, 7.73651220005766, 4.273337542314202, 10.902450197232637, 17.962017281302735, 60.584429556989754, 65.68883439918301, 74.19745353727716, 82.47845313702588, 88.90142727482096, 82.76986021317829, 74.39429399146789, 65.86811257609024, 31.348585074835178, 27.022667482396866, 22.465162942281943, 20.509382139278305, 23.919831968267275, 17.38764560059386, 14.345751942018829, 16.08711607056734, 21.300793399567635, 27.314345497445785, 64.70723987696262, 71.8396385372285, 79.75873093444385, 86.7940612341534, 91.59562094980144, 89.68791419476078, 84.57079966632706, 78.50080789832914, 71.11326535305028, 66.20042899110967, 35.79578360836513, 42.79136220490884, 47.7119224201243, 46.257707356801085, 54.817659340118496, 62.60105629638325, 68.75681411070083, 72.04631230121548, 71.2169805002086, 64.19607540324046, 57.220017887891835, 53.467318459752036, 67.26783284637166, 66.81009715128643, 68.47946103854655, 74.78665239240134, 77.59862886445032, 82.82919575053226, 90.9324029799877, 91.21388630889949, 89.34900620558925, 84.9397751904176, 79.64019067513352, 74.35554680234766, 70.01634522381309, 71.7848605412935, 77.14668338547474, 81.17467278141969, 87.72660645672806, 81.82485621961408, 77.77687927086288, 72.53034889737003, 46.2544139314133, 44.82331355518952, 54.71638247355552, 64.77663045062887, 80.80361687702404, 92.35617224820105, 105.10934414917803, 110.50268158286568, 126.68412752512441, 125.75698735456474, 126.76274561407834, 120.58677487311788, 119.37901384868402, 112.41010724038675, 111.42046694381474], [23.48132634997736, 18.21128228605427, 7.73651220005766, 0.0, 6.920005622775247, 16.305015795723016, 23.431131572261748, 65.5641112702979, 70.84786609002185, 79.44154045575152, 87.52679262468155, 93.40802078248393, 87.45755414557794, 79.26217860939495, 70.73424401164665, 38.90011380610306, 34.35522868175437, 28.876617062591126, 24.289542248863008, 23.66084139497444, 17.671157585695116, 19.29585233863174, 23.20850544968075, 28.87093359783859, 34.66082208580204, 71.13491559313086, 78.12221852708983, 85.78698002315545, 92.48100332762141, 96.9450326225216, 95.08623826213997, 90.19493421873707, 84.30218690630704, 76.98002821499571, 72.2219657404775, 42.2806099981745, 48.71967526422485, 52.61170980688383, 49.08664833207382, 57.15223780087583, 65.77695375371229, 72.35731785096263, 75.48100492710549, 74.9751938790739, 69.5490703400977, 62.9370066780347, 59.57513039561544, 66.78893434355865, 67.89109819492725, 70.27974416226574, 77.08102999718612, 80.17026590781394, 85.2876065227797, 92.82965623276357, 92.85308567369545, 90.73670293474298, 85.97912063092713, 80.22199991693718, 74.61063435514278, 70.34175711087923, 72.97477701907641, 78.97949382048789, 83.25383916641165, 89.67865212285605, 83.80500506495598, 79.49428801855466, 73.61174932577089, 43.27346730611974, 38.12304752970604, 47.22610825116345, 57.97286821156491, 74.64448224073476, 87.00972483531643, 100.63191817591027, 109.12625436611681, 125.90350037968435, 125.80571791420797, 127.0706906757468, 121.59977221019005, 121.25260027867473, 115.23433338717389, 115.47301803797649], [17.948165387297994, 12.767364962734751, 4.273337542314202, 6.920005622775247, 0.0, 9.695667427872614, 17.51741722673905, 60.46717149236268, 65.85754481914086, 74.41475404626662, 82.61579978018216, 88.80750233426514, 82.52005479974503, 74.18258145125402, 65.6908070519919, 33.69078966112208, 30.286010029441528, 26.436209264792595, 24.738410813240613, 27.394849756390144, 20.891928205308457, 18.53734565753147, 19.73998664526331, 24.018555963204285, 29.187519869994727, 65.7458032040093, 72.89796005559204, 80.8180981357891, 87.86040100595815, 92.54863759286394, 90.41741366071746, 85.29956540112157, 79.23398381770734, 71.79656967715603, 66.93670412355054, 36.15526924307916, 41.99455035426041, 45.97054393799672, 43.363948824301104, 51.72342262667714, 59.8905304528859, 66.31450245001979, 69.7365317442972, 69.30714129723165, 62.94394378401113, 56.55212420457075, 53.64209046060633, 63.301420108327704, 63.24543742507903, 65.17219664100244, 71.72254270030975, 74.70789034621971, 79.99448180206628, 88.0540554327597, 88.06777179595092, 86.03910349751631, 81.45088782420127, 75.9610553309667, 70.57276917624941, 66.25028020627335, 68.28456253046075, 73.91954919051096, 78.11022224613883, 84.76146215200778, 78.72511148532166, 74.51184211648527, 68.99847304335215, 48.834536134981334, 44.79886287570729, 52.57056549572684, 61.684195113234, 77.14292117186174, 88.43924079816901, 101.08899786233304, 106.50533706905384, 123.42234445842693, 122.86525065737187, 124.41126058238454, 118.86345599290536, 118.32255825143086, 112.34253833951095, 112.45234674970055], [10.50940862094799, 8.60702762974449, 10.902450197232637, 16.305015795723016, 9.695667427872614, 0.0, 8.49648808901525, 51.629522971841894, 57.12577543807353, 65.62084985938438, 73.88634931979074, 80.33211278257912, 73.73943910021652, 65.29852510385119, 56.8744284658617, 27.185826574455685, 26.48022877374867, 25.95449448463298, 28.34232984280541, 33.902584186254494, 27.670080290119163, 21.88587296494716, 18.716273644483778, 19.086748960311656, 21.884450429787154, 56.99853115979496, 64.24129256251749, 72.32216590944007, 79.63353118907946, 84.46425815349383, 82.01387331167729, 76.71282168374725, 70.52482444056845, 63.00384360271787, 58.10562057218085, 26.818289083564338, 32.436730150399576, 37.15531619296816, 36.07252786378824, 44.84163017795866, 52.21167993073729, 58.08627453621929, 61.2531844375723, 60.47488380007291, 53.5129703684153, 46.870237369135495, 44.22703332179642, 59.52944204484582, 57.75211171632692, 58.849033012589025, 64.65502572345258, 67.20508920026552, 72.37772024741004, 80.7333057153125, 81.17002529181364, 79.53174256645377, 75.48822356092082, 70.73616730731774, 65.82193846401645, 61.446795561831706, 62.4638587662221, 67.22171365946078, 70.97808024980883, 77.49488208372237, 71.67703744967375, 67.90907244926852, 63.271938833536254, 56.12751860121853, 52.93763580179459, 59.45662199959999, 66.5702458706642, 80.71784135837284, 90.48273666683647, 101.58149803325236, 102.95888271065881, 118.61414335617621, 117.15976043344652, 118.60223835155841, 112.6501847733316, 111.66281814064871, 105.63049593828946, 105.74323326864764], [6.523516796078172, 11.322192902072686, 17.962017281302735, 23.431131572261748, 17.51741722673905, 8.49648808901525, 0.0, 43.20280014184434, 48.64893475937817, 57.1580938102925, 65.41688506924906, 71.8985454642188, 65.36296275226051, 56.919314540096984, 48.46604690910127, 23.229807721032326, 25.165742544931774, 27.291953099778073, 31.89888081839484, 38.41511564347791, 32.92785471180977, 26.23938691149481, 20.90995544979989, 17.662442546913667, 17.029817270763097, 49.03554960520143, 56.165177944985174, 64.11064421144964, 71.32723474250065, 76.08221543726684, 73.57407290041397, 68.31140915447115, 62.17518819450404, 54.67734524438658, 49.852860923882375, 19.355478583392866, 26.781567006587704, 33.254698588796956, 33.67970251572494, 42.53627269336999, 49.05464470399566, 54.00010624180581, 55.95519775287155, 54.13234698921674, 47.733050900382516, 39.81110720197052, 36.27836047711331, 59.53741629185849, 56.58996637936613, 56.912303584707196, 61.65849744402078, 63.49040443283051, 68.06879351193317, 76.01201649346709, 77.38345062645038, 76.3898623352348, 73.13651175515771, 69.35116928142037, 64.9561922900216, 60.58908689845983, 60.72820476726532, 64.40578819429878, 67.4131258022495, 73.18359532330896, 68.16296672227247, 65.13789842410166, 61.57618474497482, 60.08519119990259, 57.67538018085931, 64.1620977279082, 70.30324622582141, 84.0992266589308, 92.89234238663235, 102.80885974890073, 101.89175006686979, 114.7482642266095, 112.26316051821232, 112.83540983523893, 106.00411903846837, 104.25259917040252, 97.6756966656296, 97.65007960158506], [44.66745560348807, 52.0931371168873, 60.584429556989754, 65.5641112702979, 60.46717149236268, 51.629522971841894, 43.20280014184434, 0.0, 6.758117937674955, 14.758200234518775, 22.48090963683823, 29.158324585764337, 22.340932971668867, 13.849465349103443, 5.380047371499344, 43.5091965991647, 52.187496025910086, 59.88713524961836, 68.08325762013258, 75.60502669971231, 72.13132166244078, 64.7921324373096, 57.26845739557026, 49.124251107054505, 40.7585358148573, 20.59954202222838, 23.36774639491988, 27.997888465852526, 33.6238597729214, 37.11216880864185, 33.0717721576486, 28.28518225885002, 23.25253856886394, 17.216830830664772, 15.550151673538169, 28.909359402550344, 32.44643866112861, 40.06983397606726, 46.078271826897385, 50.219213181146785, 49.61432199581267, 47.438845192836226, 41.032799375321105, 32.30683585502135, 34.0419674846817, 22.095128672571498, 15.368210329767127, 71.50121691463819, 63.98219466553739, 60.545108609905235, 58.45310468756901, 55.77929880934879, 55.65282070630881, 59.50072507250552, 66.11983361739965, 68.95493532931171, 70.61587282304644, 72.51652890776239, 71.6160748682925, 68.3701127121808, 64.2664283384347, 61.42903545160086, 59.542112321072736, 59.683193594226395, 60.40445229261592, 62.218205292271854, 65.08867084306242, 93.53333894885868, 92.38708438299518, 96.69955956062971, 98.05239875194083, 108.31978928687704, 111.90152160406282, 115.42570230695846, 102.25828220801182, 99.83933705206293, 91.51456782380394, 87.49574546524057, 76.04752646832358, 69.66196406081163, 60.95985081458529, 61.769984544623625], [49.515902133587936, 56.90683126074539, 65.68883439918301, 70.84786609002185, 65.85754481914086, 57.12577543807353, 48.64893475937817, 6.758117937674955, 0.0, 8.629774894827444, 16.816942535004337, 24.442718975830516, 18.429821386302933, 10.562113396070743, 5.329977342828862, 46.58079731543406, 55.26163702470031, 63.2347033687474, 71.70008715944779, 79.40487104689592, 76.30958882388352, 68.88342754377899, 61.27662841705772, 52.984175016489345, 44.548076342147574, 17.696795756773508, 18.451956537205778, 21.742124282079665, 26.907418848085786, 30.394735222403714, 26.39717914476547, 21.623188505028022, 16.829445560543135, 11.568032179472056, 11.576551384930399, 33.5970596394255, 37.788102475475014, 45.79955319334351, 52.58863472554702, 56.581409546860904, 55.38390194127822, 52.60881960234475, 45.82008791882307, 36.675203440695256, 38.11486909591182, 26.41594615750621, 18.720538346393273, 77.96412595181107, 70.20176166379913, 66.51522606928138, 63.91008369187243, 60.87089131548575, 60.29490037624767, 63.57659429517991, 70.71185534356128, 73.9282590838393, 76.05657478098274, 78.40243883153275, 77.7674401988806, 74.62916640792558, 70.26173378158255, 66.92794055984233, 64.6170433900536, 64.15541272782893, 65.48425087636205, 67.72381911113015, 71.08159850700528, 96.79733760350652, 96.98843424140128, 102.22708330161785, 103.94731873271739, 114.49675993739325, 118.04685911248556, 121.31935679017683, 107.62279379754376, 103.10840096599372, 93.90673396746061, 88.67157328791158, 75.94231136728006, 67.89026716823334, 57.11999895128982, 55.99032894265992], [57.90091978843713, 65.24882273388856, 74.19745353727716, 79.44154045575152, 74.41475404626662, 65.62084985938438, 57.1580938102925, 14.758200234518775, 8.629774894827444, 0.0, 8.636556076151768, 17.64980035821077, 12.284440061631013, 7.47588512317913, 10.765237740680927, 53.78843374680355, 62.611635843332834, 70.87192995738393, 79.61477848570188, 87.50739982347298, 84.56115237460261, 76.98875441994424, 69.24841668667527, 60.80874217087076, 52.28722994656122, 19.78715640270741, 17.184742066236346, 17.1223294321653, 20.83824651480748, 23.727675612666253, 18.858074876762394, 14.323266412136373, 10.998666920622743, 9.87818267241647, 13.480323504349885, 41.432804442135584, 44.584718102656, 51.98140362467627, 59.30518153325361, 62.54814166440999, 60.23556286650348, 56.40411336940728, 48.838796770032594, 39.301085037077506, 41.55523223067856, 31.326480424584453, 25.154666761536735, 83.83958091056188, 75.53762539666734, 71.37958387481629, 67.77845572575004, 64.1107831750855, 62.751284610709135, 65.18734139019524, 72.96948960872137, 76.76659007287371, 79.6930348230368, 82.88885100411628, 82.83727685612173, 79.97403960282965, 75.05894295007515, 70.77852622298725, 67.72805647980582, 66.30768174743686, 68.58937326016279, 71.56909205581786, 75.8587450896464, 104.59695618543734, 105.26152958631401, 110.42941332526077, 111.72594967337484, 121.76353465227122, 124.6213862338287, 126.96357324927766, 111.21050778214826, 104.15002734541373, 93.82033902367752, 87.65963524700952, 73.98111214414779, 64.48744037648774, 52.735133626314955, 50.82420979191737], [66.32108036564952, 73.70094894352387, 82.47845313702588, 87.52679262468155, 82.61579978018216, 73.88634931979074, 65.41688506924906, 22.48090963683823, 16.816942535004337, 8.636556076151768, 0.0, 9.966910015207874, 7.520930232937078, 10.568187439146273, 17.64529170756134, 62.35816891382322, 71.12041545427606, 79.32974341131408, 87.94366085220301, 95.58090899622387, 92.78111424206716, 85.42344141225797, 77.77938883028642, 69.38922652085597, 60.896823896568904, 27.09885773710433, 22.72758821176662, 19.178435638357943, 19.258393118418887, 19.786746648737104, 14.202004873560528, 12.273143437973909, 13.349122948587258, 16.582772979204503, 21.2322422714004, 49.99026412482087, 52.47530523579032, 59.0678063878258, 65.89976263810813, 68.35077095482939, 65.4638319276667, 60.87928493501279, 52.24682742409876, 42.45075090626863, 47.075765011198705, 38.2873859287472, 33.497009023309424, 88.7535818138527, 80.4260486406089, 76.06118939311872, 71.62668474686906, 67.39976765564923, 65.04621715901867, 66.02909603203075, 74.58159152733306, 78.97465606823393, 82.68013298719998, 86.68328412224041, 87.13750130066738, 84.56256917086847, 79.3846473869049, 74.34896378013035, 70.57005633601399, 67.88578707568074, 71.36762827569227, 75.07063943204214, 80.11564798912093, 111.9820780761749, 112.24962464227117, 116.84057585060518, 117.41791428136213, 126.83773566607819, 128.900103328088, 130.21251232920778, 113.11026727942385, 102.73705825417139, 91.33924596057501, 83.97152219888925, 69.34450945068679, 58.59072132460809, 46.50473735633918, 45.61201266070046], [73.2659006119442, 80.71469851778568, 88.90142727482096, 93.40802078248393, 88.80750233426514, 80.33211278257912, 71.8985454642188, 29.158324585764337, 24.442718975830516, 17.64980035821077, 9.966910015207874, 0.0, 8.804398956732028, 16.53703194215909, 23.963470392050436, 70.85167412433289, 79.36486980838606, 87.1535040001518, 95.16941514210114, 102.02738725088372, 99.35671366004105, 92.64086167378946, 85.36455353784531, 77.25206364916961, 68.91714747648957, 36.84745047513654, 32.42396623398202, 27.80533784313287, 25.085278133209425, 22.584187138021285, 18.120702168475315, 19.603656529217734, 22.67874047334349, 26.31753658727815, 30.822716207595736, 57.82215959293374, 59.99316441386759, 65.65027938133957, 70.8639242406026, 72.51338176721937, 69.76594361582438, 64.88900942979771, 54.9207985837227, 44.98863710539531, 53.49398395622494, 45.713044510323684, 41.98606813401653, 91.04390682716627, 83.37976528545504, 79.17609389025618, 74.21877927622945, 69.59220059933799, 66.09220083899662, 64.96099423024967, 74.38571795994568, 79.32062922307087, 83.67694945815488, 88.33077147927484, 89.12926319723114, 86.83431794845896, 81.80192040447069, 76.35325905258199, 71.95070737450095, 67.74080422175197, 72.61485221603468, 76.92922221046301, 82.40641696616008, 117.29966268989305, 116.04771040491279, 119.3905208933591, 118.88288429782072, 127.54020126909113, 128.7189100649197, 128.95277747707874, 111.68646197904589, 97.26753138301136, 85.00978724182619, 76.10065719199515, 60.517957837268284, 48.93123591340021, 37.81901816958175, 41.63622296567901], [66.99542270659987, 74.42849893426327, 82.76986021317829, 87.45755414557794, 82.52005479974503, 73.73943910021652, 65.36296275226051, 22.340932971668867, 18.429821386302933, 12.284440061631013, 7.520930232937078, 8.804398956732028, 0.0, 8.695306146423713, 16.97577218418785, 64.74400325204745, 73.60794928735753, 81.60547585553786, 89.9163937405457, 97.2054376791706, 94.07831414130953, 86.93996362466378, 79.40656015138852, 71.13824789333681, 62.65091116498471, 31.71971075406155, 28.584954642662527, 26.31567549306407, 26.7366328715128, 26.627034560694096, 21.14453196671882, 19.71914740530434, 20.156256858856803, 21.74614868220991, 25.523546025252777, 50.77389745614448, 51.8020703325203, 57.07981020982415, 62.693632452152606, 64.33613990472722, 61.316270498260366, 56.452718638112295, 46.91930315581383, 37.00415821734817, 44.70097428965202, 37.14646945696969, 34.514838262053466, 83.68864374437996, 75.51924611371119, 71.15475049405852, 66.31796889762849, 61.840287039729155, 58.897531214459825, 59.0719056493657, 67.93795593138334, 72.55603751914202, 76.57981658246608, 80.97133755327454, 81.69634930874155, 79.32202500342629, 74.09333748895264, 68.72836454472345, 64.5985908882632, 61.24586516456948, 65.33464748436035, 69.37774573810134, 74.75802990262737, 113.7537606373836, 112.04957005375547, 114.91279041974813, 114.2726807877521, 122.62059104696327, 123.84894944071378, 124.37276406266437, 106.26088581848504, 95.38864360335401, 84.01686232193958, 77.28142355524987, 63.54915570910722, 54.28715699264391, 45.74844466450307, 49.541372752160036], [58.49454094441806, 65.90765502334322, 74.39429399146789, 79.26217860939495, 74.18258145125402, 65.29852510385119, 56.919314540096984, 13.849465349103443, 10.562113396070743, 7.47588512317913, 10.568187439146273, 16.53703194215909, 8.695306146423713, 0.0, 8.562451306081334, 56.30386569219378, 65.23054497394621, 73.25227289001066, 81.66764938605358, 89.1955166163259, 85.88497837850744, 78.53549449697344, 70.9096048781581, 62.605363834482006, 54.09500374905011, 25.250423136813886, 23.8896637251678, 24.379522973700308, 27.521808754633568, 29.364075107472363, 24.11201533719449, 20.53863036973267, 18.062483125546446, 16.504314591449535, 18.937206762057254, 42.08241991372275, 43.46008517067013, 49.40413167650312, 55.490192909551126, 57.90891447092068, 55.432892703840004, 51.2975327670674, 42.784197104522846, 32.978512807233045, 38.42456320390436, 29.441623207587963, 26.006769536889085, 78.32139321349077, 70.10516354791943, 65.91620886243749, 61.91246213216288, 57.99639820521384, 56.12183849734044, 57.94798004688944, 65.98505042837056, 69.97104804638093, 73.17501679066193, 76.73404150267399, 76.93859284658991, 74.25285757947559, 69.25268631476541, 64.64186254201901, 61.267244477498366, 59.29718365522269, 62.079398785378785, 65.37107969791893, 69.99517626980442, 106.46627761821303, 105.04680125685101, 108.39633506563298, 108.42901117997172, 117.37511650236534, 119.39917046122683, 120.97743615580376, 104.16931947554971, 96.90719053747274, 86.69812306530767, 81.29716192730471, 68.60594705427246, 60.622833157218466, 52.069288589809226, 54.32779149080142], [50.026646238407096, 57.45692580436352, 65.86811257609024, 70.73424401164665, 65.6908070519919, 56.8744284658617, 48.46604690910127, 5.380047371499344, 5.329977342828862, 10.765237740680927, 17.64529170756134, 23.963470392050436, 16.97577218418785, 8.562451306081334, 0.0, 48.64043945553397, 57.37740774280686, 65.14752599290054, 73.34933577740851, 80.77154339219491, 77.38746752301215, 70.13285399425737, 62.62266878214024, 54.45543641449053, 46.05741650056573, 22.077477802091206, 23.15347816881684, 26.22642223246814, 30.929813756060494, 33.77739805657742, 29.33184508277957, 24.96787455069079, 20.739137907830163, 16.084511676322723, 16.12452622575116, 34.1525181360848, 36.78510421029956, 43.65271585609034, 49.4983207378837, 52.90625136666617, 51.624090361798416, 48.669249062801015, 41.22796491217568, 31.886395656804016, 35.59679735445992, 24.739601874704817, 19.488448077260234, 73.74575718572879, 66.02700101295862, 62.32029576903988, 59.463769709662, 56.27656237206116, 55.3978300312151, 58.34835824520927, 65.60800232482805, 68.92030839221702, 71.20110813465887, 73.76985474298107, 73.29475893364764, 70.26455635629017, 65.83798225612088, 62.301708400992496, 59.80101819870466, 59.03338003746635, 60.63707904121009, 63.057467521051606, 66.62087446185588, 98.30429689896347, 96.89751695699873, 100.73653326455587, 101.49836492808261, 111.240276769442, 114.18717334900347, 116.9263362951946, 102.48006506164471, 97.99337404221534, 88.94413945731931, 84.31872291563161, 72.3544255188248, 65.41170535831725, 56.80798288671487, 58.39257786478729], [18.1358276596395, 20.941519431523012, 31.348585074835178, 38.90011380610306, 33.69078966112208, 27.185826574455685, 23.229807721032326, 43.5091965991647, 46.58079731543406, 53.78843374680355, 62.35816891382322, 70.85167412433289, 64.74400325204745, 56.30386569219378, 48.64043945553397, 0.0, 9.906263429723944, 19.424939936821144, 30.447909232195418, 41.86215711518705, 38.07931942932184, 27.67715787675046, 18.83498735515639, 10.351302599287248, 6.440349168516717, 38.63977291228521, 45.873398073515304, 54.407183901830734, 62.48993993428591, 68.575344627153, 66.83876421178418, 61.080111612233566, 54.63033688801001, 47.558411136130424, 42.30467502642755, 18.147941368819907, 29.516495171993675, 40.30423574755093, 48.522503575697435, 57.20708089701629, 60.20859842618841, 63.10088725441183, 65.31777561815589, 62.03284459113448, 49.578510992911646, 39.855882246072014, 32.28096973734813, 78.47379206630215, 72.63976439355464, 71.22255011118892, 74.29851443379984, 75.18481244723736, 79.73227303791856, 88.64629551444165, 90.82413532875675, 90.57280567107352, 88.34036617814135, 85.71243773362634, 82.23128819989334, 78.03261479363817, 76.30813209555284, 78.15606799212976, 80.28735203338624, 85.95830939217886, 81.26726051329102, 79.15087154109307, 77.35613724473158, 64.47649962401947, 72.02057616723728, 84.06116477862578, 92.48938411450133, 107.13425816434479, 116.0953797420721, 125.64958418241775, 120.98218542721844, 131.75214959707185, 127.15531469231952, 125.98501309514258, 116.40587268415514, 111.07255176917359, 99.55372488559757, 92.7688649884964], [18.881498162016566, 18.365123644567433, 27.022667482396866, 34.35522868175437, 30.286010029441528, 26.48022877374867, 25.165742544931774, 52.187496025910086, 55.26163702470031, 62.611635843332834, 71.12041545427606, 79.36486980838606, 73.60794928735753, 65.23054497394621, 57.37740774280686, 9.906263429723944, 0.0, 9.848771198085728, 21.283970676021166, 33.278629421027155, 29.963716911841658, 19.53942226153153, 11.687116156089532, 7.645912322922947, 12.664409591925873, 47.60235961938986, 54.563084953479105, 62.75602272522187, 70.4138379027314, 76.3309508541064, 75.07086206750363, 69.56995682013884, 63.32193163051795, 56.420621797181795, 51.27547678894328, 26.75799712344766, 37.81339321258982, 47.62767874751005, 54.23703842390268, 63.19343748163341, 67.25384290513017, 70.94051332242313, 73.61452777170388, 70.71283036651961, 58.701864091616414, 49.367414526736056, 41.88816566376623, 82.73121467710904, 78.09079857562202, 77.37354561024482, 81.31052259672735, 82.6873446599595, 87.52277451214376, 96.4150283947383, 98.21075370563375, 97.57413002839256, 94.77349242234645, 91.40023154961148, 87.40862596892948, 83.11924782371804, 82.21428727904289, 84.95528125466957, 87.59553555214147, 93.59271287994169, 88.52508397380176, 85.89626949757873, 83.21889294503971, 56.09804318297605, 65.99279964633655, 80.23584454982412, 90.50641117102884, 106.36754093514946, 116.63673484956887, 127.52887796398845, 126.05252140353491, 137.99355355305227, 134.0669757133037, 132.84161675727606, 123.3597797774789, 118.18598369318983, 106.24738333981016, 98.87539527694092], [21.09106409166697, 17.4425339389003, 22.465162942281943, 28.876617062591126, 26.436209264792595, 25.95449448463298, 27.291953099778073, 59.88713524961836, 63.2347033687474, 70.87192995738393, 79.32974341131408, 87.1535040001518, 81.60547585553786, 73.25227289001066, 65.14752599290054, 19.424939936821144, 9.848771198085728, 0.0, 11.577320264456967, 23.933745466744003, 20.91466564918313, 11.046816346728544, 7.413863614132243, 12.312183069303755, 20.353888215655775, 56.73567086525891, 63.57199835963432, 71.5003083990311, 78.75780216772009, 84.37648096417941, 83.36934669074529, 78.10944705996529, 72.02059203447976, 65.14012074471773, 60.08127557216629, 34.44834314728646, 45.098987056498565, 53.84670976769948, 58.4247612513937, 67.47618454846389, 72.69765345123307, 77.18895894105118, 80.14831737000961, 77.67835612077388, 66.66762010347814, 57.70014968436253, 50.58792909526576, 84.85289910002076, 81.61764380063786, 81.68061763886168, 86.4679691109507, 88.32884117052905, 93.36423718975061, 102.07472078442291, 103.47549284995048, 102.4460275382119, 99.0764142939128, 94.97015078902773, 90.47140113183346, 86.12561402325579, 86.13204960503535, 89.79013037206059, 92.92002491282175, 99.14902659904922, 93.77747291828912, 90.65071207564556, 87.06869538462502, 47.1944433264083, 58.332282173562696, 74.23965348878548, 86.09176785704098, 102.96760274463375, 114.42996096294425, 126.57532094611761, 128.52397673676984, 141.641961027369, 138.55963726354085, 137.47558352056484, 128.42152043932455, 123.82810506734357, 112.17623001241044, 105.24182713164689], [26.6836998143389, 21.291631475480006, 20.509382139278305, 24.289542248863008, 24.738410813240613, 28.34232984280541, 31.89888081839484, 68.08325762013258, 71.70008715944779, 79.61477848570188, 87.94366085220301, 95.16941514210114, 89.9163937405457, 81.66764938605358, 73.34933577740851, 30.447909232195418, 21.283970676021166, 11.577320264456967, 0.0, 12.609763984970106, 10.548039715087302, 7.023740096502788, 13.732886400563212, 21.845424061582055, 30.11473398176914, 66.77546617680913, 73.4482471318597, 81.02778209633293, 87.76693316806994, 92.9536439674286, 92.19331158031933, 87.25454130357092, 81.3877314801422, 74.54935063025286, 69.63320974085931, 43.480586631229926, 53.85566751717428, 61.565793361105484, 63.770062659266166, 72.71442712666331, 79.16654176247614, 84.3863963306045, 87.31670994316188, 85.16813958715866, 75.76534579276519, 67.00529975183923, 60.152403115065, 87.35208209658238, 85.84282842321842, 86.7746855418174, 92.34626569169902, 94.6284069213293, 99.68562200599763, 107.90871125057342, 109.02171083544764, 107.65137065097373, 103.76573798462691, 98.97656569047685, 93.97528916862183, 89.61512038432852, 90.65544689796383, 95.21746747751486, 98.75508789284412, 104.99584225228315, 99.51492692154523, 95.96498733556066, 91.49181323306304, 36.40355485753326, 48.554584948008, 66.48688468388364, 80.17054539515944, 98.24030788034918, 111.02616078266666, 124.51501548326816, 130.67700840581568, 144.53543551592074, 142.3907568102307, 141.32754804427913, 132.77152117303567, 128.89971578283064, 117.76288449359039, 111.70418560924284], [34.4550400261545, 29.056146225751515, 23.919831968267275, 23.66084139497444, 27.394849756390144, 33.902584186254494, 38.41511564347791, 75.60502669971231, 79.40487104689592, 87.50739982347298, 95.58090899622387, 102.02738725088372, 97.2054376791706, 89.1955166163259, 80.77154339219491, 41.86215711518705, 33.278629421027155, 23.933745466744003, 12.609763984970106, 0.0, 6.988097485969844, 16.34926810894164, 24.71580804312951, 32.775884632800526, 40.52834403174142, 76.36554180947194, 82.77765591208338, 89.8764160534061, 95.95053381691883, 100.56556444363342, 100.06243150286117, 95.54690431181797, 89.99910750850215, 83.2819765690231, 78.59822963772844, 52.80666343348719, 63.14464491403519, 70.05473972199655, 69.90851468293549, 78.54625164276999, 86.10857297957006, 91.82656983806143, 94.29080367536544, 92.23436116231132, 84.99628181436026, 76.2077875290729, 69.42826312121564, 90.25095244952537, 90.56444929533758, 92.31148411273361, 98.42224258441237, 100.95184331445849, 105.76670587664994, 113.13243838890952, 114.19488277896036, 112.6375612204754, 108.42373329252489, 103.16919721949665, 97.77091636484492, 93.45019069094528, 95.48658273521356, 100.75224419032754, 104.49576618156105, 110.41335437033217, 105.14081263353874, 101.36295580535291, 96.19803836393847, 24.705456315610963, 37.257793742425136, 57.72384970964057, 73.32985621881004, 92.7309455780175, 106.78763031763224, 121.48477523143981, 132.26949676722816, 145.91659048755096, 144.6394198276071, 143.32461973907058, 135.21093981000507, 132.07459782873295, 121.59102806101961, 116.76586142219993], [29.31923425725366, 23.25995737018157, 17.38764560059386, 17.671157585695116, 20.891928205308457, 27.670080290119163, 32.92785471180977, 72.13132166244078, 76.30958882388352, 84.56115237460261, 92.78111424206716, 99.35671366004105, 94.07831414130953, 85.88497837850744, 77.38746752301215, 38.07931942932184, 29.963716911841658, 20.91466564918313, 10.548039715087302, 6.988097485969844, 0.0, 11.183200993367059, 19.90717530555385, 28.32328829570301, 36.26651102772157, 73.48102870240952, 80.19948479640742, 87.66570798093818, 94.1538973559342, 98.93735694161266, 98.01234956850332, 93.23874689422993, 87.45817352665692, 80.48596704132227, 75.65718809352535, 48.13902009698159, 57.54149068949679, 63.884245301355506, 63.55993908496739, 72.18260208785479, 79.76474405931712, 85.6726763888373, 88.6131438589912, 87.02006451301419, 79.41842244778559, 71.24452608903363, 65.32745425059579, 83.99981727715755, 84.10978527175861, 85.86306928929397, 92.1280638733558, 94.82095253060463, 99.88145919135087, 107.63295558018845, 108.32816458910048, 106.59548586997653, 102.22837515348827, 96.84588662111406, 91.44137395996191, 87.12422086212203, 89.12165357806977, 94.50491561753896, 98.42566499925333, 104.68552861464529, 99.07824704976507, 95.13028776551893, 89.84909878359305, 30.952719613810185, 38.81717631463342, 56.48659145525732, 70.86693442055775, 89.3868405097621, 102.91470068145802, 117.25675233359101, 126.61198511471292, 141.54662131395608, 140.4653438296538, 139.97978473897055, 132.4948066548529, 129.93371955290604, 120.4129257373922, 116.51500572936386], [21.506014670294654, 15.199974825645535, 14.345751942018829, 19.29585233863174, 18.53734565753147, 21.88587296494716, 26.23938691149481, 64.7921324373096, 68.88342754377899, 76.98875441994424, 85.42344141225797, 92.64086167378946, 86.93996362466378, 78.53549449697344, 70.13285399425737, 27.67715787675046, 19.53942226153153, 11.046816346728544, 7.023740096502788, 16.34926810894164, 11.183200993367059, 0.0, 9.061186716005857, 17.94821123607913, 26.42385754858942, 64.61479675756497, 71.59275831009586, 79.4988585763064, 86.58272768347842, 91.83570220595585, 90.61451407016921, 85.46320392880301, 79.3949651479449, 72.28795589210247, 67.25600491918354, 39.072210693678656, 48.36039097286446, 55.38375796025284, 57.172153567080144, 66.08097552384417, 72.65823975865924, 78.11867013676829, 81.46144653398771, 79.80875858239261, 70.34249258858095, 62.24565894421676, 56.42802184670104, 80.64833931421428, 79.05279856980789, 80.0446239974404, 85.7968352388329, 88.25391651132944, 93.51721014520867, 102.01929884709556, 102.77067894645124, 101.22053345718547, 97.17323065946991, 92.24914504514227, 87.22809267484783, 82.87813949843282, 83.9409607671343, 88.65765030716747, 92.37510164927204, 98.90518750075124, 93.13013593707667, 89.40561072139808, 84.78160317907196, 40.99507405998201, 48.95284242550708, 64.30882484091966, 76.74358052941062, 93.9209708838211, 106.1612892567114, 119.28057325607358, 124.32466559261954, 139.33661378544582, 137.47656821048034, 137.24456343155336, 129.4298178859129, 126.3019394323267, 116.38860139045394, 111.67572207924374], [15.230733509634195, 10.357424368790195, 16.08711607056734, 23.20850544968075, 19.73998664526331, 18.716273644483778, 20.90995544979989, 57.26845739557026, 61.27662841705772, 69.24841668667527, 77.77938883028642, 85.36455353784531, 79.40656015138852, 70.9096048781581, 62.62266878214024, 18.83498735515639, 11.687116156089532, 7.413863614132243, 13.732886400563212, 24.71580804312951, 19.90717530555385, 9.061186716005857, 0.0, 9.022461138128223, 17.693097388342863, 56.26284500432884, 63.39594475209686, 71.5602794564096, 79.00824951313199, 84.5153938099194, 83.03944963991417, 77.65969022979858, 71.42546677745267, 64.23865552925979, 59.104222750379506, 30.745393289728916, 40.31080674844892, 48.19109554529266, 51.71866721606408, 60.75563494594253, 66.4412490689168, 71.34263996609587, 74.59209442157139, 72.65910324184512, 62.216265635242394, 53.89927083318461, 47.99152887121231, 77.56745531124574, 74.61085543462885, 74.91472455946462, 80.02420138536297, 82.12341311094394, 87.31676409217856, 96.11743182241098, 97.15342573919497, 95.90329736919634, 92.29566376314212, 87.95606589557096, 83.34087265055912, 78.9915375209391, 79.23106041909232, 83.21154669583576, 86.57509342359178, 93.02796948402516, 87.40200653896463, 84.04183572249289, 80.1468698252232, 48.9268385679699, 56.074668028354644, 69.7057733602558, 80.49832011366814, 96.66647921499876, 107.74647379395056, 119.68924500026495, 121.38550302498521, 135.58154975374268, 132.98489024633082, 132.721560689531, 124.56737725219494, 120.98518385312596, 110.88567372312961, 105.8778916789444], [11.521349167787688, 11.452776409704112, 21.300793399567635, 28.87093359783859, 24.018555963204285, 19.086748960311656, 17.662442546913667, 49.124251107054505, 52.984175016489345, 60.80874217087076, 69.38922652085597, 77.25206364916961, 71.13824789333681, 62.605363834482006, 54.45543641449053, 10.351302599287248, 7.645912322922947, 12.312183069303755, 21.845424061582055, 32.775884632800526, 28.32328829570301, 17.94821123607913, 9.022461138128223, 0.0, 8.769191519849079, 47.461048796604615, 54.69802833345554, 63.03191535790526, 70.73503529234351, 76.40505022498147, 74.70499191306065, 69.16483897437921, 62.8207039266887, 55.58258247737487, 50.38853826536796, 22.379401202206953, 32.91613565786769, 42.06004690544365, 47.37343999845041, 56.39183307544514, 61.089015131927646, 65.2185456026069, 67.95636867943335, 65.47233569682265, 54.51757315728745, 45.59010529994087, 39.220662771811604, 75.33212521006197, 71.09576055453424, 70.66498584834488, 74.92337157325403, 76.5068505299237, 81.40878348020411, 90.22321374115973, 91.7719082805038, 90.95929016044137, 87.9479486455591, 84.36676369668133, 80.23229839306346, 75.91621748526997, 75.3001229308694, 78.3749416153864, 81.21007725692938, 87.30972472910622, 82.098913429584, 79.27123857291039, 76.27334826948248, 56.221087831868864, 62.53970665073623, 74.7643226892708, 84.04476899513092, 99.3419671412108, 109.27379495968191, 119.9846911421114, 118.64488941373328, 131.28194889295332, 127.84534653667617, 127.2863818882634, 118.65164725379526, 114.52526019807755, 104.18505370462404, 98.99351110944238], [12.361439158883528, 16.661801693736066, 27.314345497445785, 34.66082208580204, 29.187519869994727, 21.884450429787154, 17.029817270763097, 40.7585358148573, 44.548076342147574, 52.28722994656122, 60.896823896568904, 68.91714747648957, 62.65091116498471, 54.09500374905011, 46.05741650056573, 6.440349168516717, 12.664409591925873, 20.353888215655775, 30.11473398176914, 40.52834403174142, 36.26651102772157, 26.42385754858942, 17.693097388342863, 8.769191519849079, 0.0, 39.06944167225355, 46.412931479052105, 54.87020309316555, 62.758376104552134, 68.48386726500803, 66.49860004885814, 60.83672653469012, 54.40566665249396, 47.078927023744484, 41.85003989547065, 14.244668911089542, 26.340333991519206, 36.81503231390054, 43.58644034984706, 52.374911660124965, 56.106556852823324, 59.36969282769408, 61.292629074146134, 58.13461430634484, 47.25354861429729, 37.48151429278788, 30.49188648450948, 73.0202885224699, 67.71245961574459, 66.59801471852825, 69.92302416230886, 70.9232729867324, 75.38124958741032, 83.98304965271095, 86.13797140411968, 85.81331875964733, 83.45489999865805, 80.69249810128612, 77.06008268515453, 72.81525392773203, 71.4114666729681, 73.54085035984772, 75.76614064702126, 81.33417962474357, 76.69874027055972, 74.47894594429104, 72.41783694230418, 63.122211596829516, 68.16348700471113, 78.88851695091927, 86.65652551270588, 101.07094576352645, 109.85968934000887, 119.33140140782407, 115.31274722728718, 126.10799804585032, 121.87617067819387, 120.97941983651857, 111.93248706170301, 107.38694207742765, 97.04523779246753, 92.1058108426497], [47.940182030841946, 54.571285393264596, 64.70723987696262, 71.13491559313086, 65.7458032040093, 56.99853115979496, 49.03554960520143, 20.59954202222838, 17.696795756773508, 19.78715640270741, 27.09885773710433, 36.84745047513654, 31.71971075406155, 25.250423136813886, 22.077477802091206, 38.63977291228521, 47.60235961938986, 56.73567086525891, 66.77546617680913, 76.36554180947194, 73.48102870240952, 64.61479675756497, 56.26284500432884, 47.461048796604615, 39.06944167225355, 0.0, 7.659442855726909, 16.762494140141943, 25.869899072943657, 32.47593333792268, 29.668413906209583, 23.351196680264955, 16.70286942317984, 10.57704678102749, 6.4722689631198875, 31.012413314470756, 36.69994214812732, 46.90352099209969, 57.59192889966081, 62.87734369692353, 60.98578797723307, 58.59702479026511, 54.9488048439661, 47.29766978757334, 39.87644383837389, 27.938778889661123, 17.17380008846912, 86.64297989241862, 77.78397762547627, 73.77706115667698,