{
	"dissimilarities": [[0.0, 7.714815268830548, 15.950652683592853, 23.368731767102993, 18.320773836164342, 11.270722002451215, 7.760119109589812, 42.54633198572777, 48.357901815150846, 56.75798832637181, 65.19856536118341, 71.51757246759526, 64.89670460005813, 57.53977143777244, 49.103708859351656, 17.220845097506484, 18.082228930079335, 21.298380943098866, 27.43616099402511, 34.65018488382434, 32.117927383618664, 23.199930421636566, 17.50128464585603, 10.9942357483213, 10.582055779556166, 45.580390866686436, 52.76418298785374, 60.8509017532943, 68.35503144541119, 73.63642534888459, 72.39172975065611, 66.86475139094048, 59.594031115536545, 52.17590382880824, 47.206488268318864, 17.955442441346694, 28.952187804108522, 37.805376063114664, 40.14217792390165, 49.3673081386412, 54.49672591110842, 58.6610761438359, 60.24570307776014, 57.568337560171635, 50.350646435541556, 39.658297676251486, 34.33927439247134, 65.72234311635994, 62.549895639062015, 62.89114896236372, 66.80449310229608, 68.26168604850376, 72.58240185227898, 80.88679247943466, 82.69493000363683, 81.54201865436696, 78.62289696430648, 75.25062164861404, 70.83374890609072, 66.47357527511932, 66.94313106758858, 69.84979999065588, 72.85194980745437, 78.21570325943287, 73.64569061533948, 70.64610099682257, 67.50063825519219, 57.45503166679333, 65.72493571323804, 74.18489849148729, 84.95383247344853, 89.86213388169517, 94.45497353296888, 105.51338058685874, 105.4388338660775, 118.12353934157291, 118.21773616602745, 115.67433574566287, 114.97952607983966, 108.19611805455887, 100.84744065894303, 94.29791501757795], [7.714815268830548, 0.0, 9.257601628845615, 18.242461676947933, 14.335067257838904, 10.76344295497593, 13.058879342079473, 50.15217102260404, 55.75923863899557, 64.05283475067291, 72.60902738813793, 79.12092826067939, 72.50026414718607, 65.12439075232115, 56.718215843934665, 18.512981715363573, 15.590710795755692, 15.82777579888659, 20.919375384454145, 28.47674851102629, 25.634791826321724, 16.01733044003716, 10.71288635253586, 8.489848039694055, 13.853052037247135, 51.93449569149616, 59.1984436472108, 67.4242502659686, 75.03696454253068, 80.48172429320708, 79.43457201298294, 73.85448220429033, 66.50369784418052, 59.10390482305456, 54.034887304027436, 24.305322609567003, 33.90970194080699, 41.82594881622534, 43.832838994671675, 53.28257609905682, 58.74945230591282, 63.55037028282007, 66.18002801729958, 64.20228754310479, 55.81512033544389, 46.16694632487188, 41.29559923674474, 68.24665212220489, 65.79951167866908, 66.67193938622351, 71.23566033366191, 73.20549891031162, 78.05434211902175, 86.9104531435366, 88.05129788380414, 86.37950466461649, 82.89686717153091, 78.81588707277545, 73.95069749414805, 69.56664834546149, 70.71525233854928, 74.2587879643203, 77.89309339243596, 83.91424813577669, 78.67293474286424, 75.04795045682867, 71.18305964811529, 52.63031997307345, 62.451691132516196, 72.28193033741223, 84.5742228131275, 89.75457713716267, 95.3435078603938, 107.48606844520964, 109.35501472054169, 123.8622793326017, 124.5805423991652, 122.41708994019658, 121.95354484120375, 115.5877954244771, 108.07787430382204, 100.98635398027331], [15.950652683592853, 9.257601628845615, 0.0, 9.751025459696482, 8.627312737793385, 12.038970831259041, 18.423573780448272, 58.26356775281989, 64.25188464059289, 72.67208581064247, 81.04926968953146, 87.07485514079256, 80.5822743655414, 73.2530815564328, 64.78012674375717, 27.024463360768532, 21.974274071651653, 17.970666939575416, 17.943126433492495, 22.87341459883734, 19.071917806444795, 12.439417174098873, 11.929412951726167, 16.358304748133587, 23.034724856321724, 61.10165608840709, 68.31902340602261, 76.42267716860479, 83.82195899387611, 89.04542061232712, 88.05918731756061, 82.64457253706561, 75.41621628395683, 68.03518300483972, 63.03260645941824, 32.88651523930807, 40.84329622026559, 47.02432910568659, 46.79500241662249, 56.17035245673025, 62.54025430112554, 68.19990038519495, 71.44940645906729, 70.27203606420554, 62.62283917251335, 54.04219575181532, 50.03070220694302, 68.09749322664733, 67.33491488163962, 69.20982190975579, 74.59922176564002, 77.175369098184, 82.34409296895353, 91.2105843914221, 91.66654782321618, 89.38067126455849, 85.19801817781168, 80.27018483843986, 74.7584071642957, 70.37426840653866, 72.82743664420546, 77.2792706397531, 81.59689628979858, 87.98428190137588, 82.29492870128095, 77.98501641861014, 73.09087217684917, 46.91192317474535, 55.379390990957525, 65.39094151108787, 78.89787182477762, 84.43178263101963, 91.32695891955602, 104.65169202246501, 110.22951581739434, 126.19072970780688, 127.86518208095221, 126.2837936185802, 126.20138676005125, 121.25452582441997, 114.61222639144378, 108.5491898514228], [23.368731767102993, 18.242461676947933, 9.751025459696482, 0.0, 7.802586080567452, 16.005810496515352, 23.21625140258065, 63.813894493763506, 70.37744345209484, 78.97265773891945, 86.95141943240141, 92.09060939505684, 85.84982926903629, 78.67401533039298, 70.17442174739736, 36.551728361093595, 31.51551923705962, 26.383978928046577, 22.74728817826543, 22.931424057992952, 18.546657070400826, 18.435413745124055, 20.877989405519894, 25.959829464355437, 32.02158335030488, 68.87746424081354, 75.94604294133174, 83.7437786178617, 90.72563863698355, 95.4838449613971, 94.44381706058982, 89.33740133021742, 82.38219513089575, 75.0587921064327, 70.24876499414309, 40.23512848276099, 47.027492084570156, 51.61758375159885, 48.5007832204735, 57.43547418829715, 64.79171173866713, 71.09304535884169, 74.28292933651797, 73.66751382752092, 68.10615011864738, 60.19917584587499, 56.97719788056259, 65.79213664176933, 67.03644592152189, 69.9472606598917, 75.93967021350507, 78.93208732349983, 84.04633027125833, 92.3285715105657, 92.3778006740072, 89.66105363248215, 84.96357892957737, 79.43498767949352, 73.37082467265118, 69.03637724079232, 72.8782218156694, 78.09195768732738, 82.82055495970133, 89.08757629909535, 83.40085457243843, 78.66985044752474, 72.90570443017093, 43.60293743408912, 47.35508473167039, 55.98091861083183, 69.97967739887767, 75.92240290142593, 84.05065413047194, 98.2112969021398, 107.95505914473283, 124.2600390993507, 126.80866863447393, 125.7529776396595, 125.99009475779806, 122.83505199008604, 117.63870882550871, 113.5736958855776], [18.320773836164342, 14.335067257838904, 8.627312737793385, 7.802586080567452, 0.0, 8.88876560544365, 16.98770116654626, 58.04736666251028, 64.80060191183918, 73.43510470850954, 81.46779879049092, 86.72523904347437, 80.08657650140191, 72.7512515843745, 64.3176551935944, 32.521786183263075, 29.240267163739837, 26.459915051602962, 26.080527292256974, 28.964096601225197, 24.729750934213428, 20.740187260476848, 20.28157293709026, 22.551281215698367, 27.216567718283397, 63.47778014849898, 70.68915649238566, 78.7202992415569, 86.04122661746752, 90.96132765488423, 89.53614007302023, 84.18329561323004, 77.03941732995492, 69.58271036464585, 64.72188459968744, 33.737531298614215, 39.470266233875016, 43.81896022938576, 41.08478631219738, 50.18105699149537, 57.283388966289905, 63.47788694323252, 66.87595258105313, 66.43740724606691, 60.400102929486145, 52.97441503643624, 50.637331343086096, 60.224120598984555, 60.41164865475699, 62.904935576789555, 68.70904366385007, 71.61182937716691, 76.83493497080283, 85.53473926497783, 85.52313496609574, 82.88974057670168, 78.35843268943978, 73.08146578692836, 67.2901742339651, 62.91841114522577, 66.10924635805439, 71.04818559470249, 75.69549074277657, 82.17116482512763, 76.31769757085405, 71.67508706016146, 66.2377416747815, 50.86050324015956, 54.070267290951826, 60.311703940320555, 72.00834479879994, 76.66724698949007, 82.90280081575298, 96.18628111809645, 102.46295668217527, 119.34925986988338, 121.76536855255063, 120.86734571565383, 121.86316288998289, 118.66143100264327, 114.04738498138872, 110.25586190755251], [11.270722002451215, 10.76344295497593, 12.038970831259041, 16.005810496515352, 8.88876560544365, 0.0, 8.554919854694434, 49.48856048914678, 56.23719342047642, 64.86082992333714, 72.94932282081129, 78.41147219976925, 71.56571401724642, 64.14722551236574, 55.74614578375472, 26.794231361675205, 25.9620059430851, 26.2216314799092, 29.16599660405334, 34.210114719141345, 30.529487808598983, 23.802241333572013, 20.420669287840447, 18.420964946932934, 20.510405025722967, 55.068058465467125, 62.29928901588094, 70.39834584017102, 77.88016064455397, 82.8943060537034, 81.24846302338878, 75.75948046135804, 68.53251880055959, 61.02830577867283, 56.166903870554876, 25.06345331872669, 31.303759537930645, 36.801323424663856, 35.53754853403173, 44.857543099557915, 51.321839087911236, 56.84354302119794, 59.64805788086484, 58.605766115870935, 52.36770039072722, 44.22591505648666, 41.80769415950664, 58.006724096354496, 56.51849709081403, 58.0885291625238, 63.164096619718975, 65.53167136599262, 70.47019807551526, 79.1740430553997, 79.76444868685867, 77.67950369739445, 73.78478920515535, 69.3160448990152, 64.13400615121625, 59.72851156281681, 61.678929149745734, 65.79845146744283, 69.83632699659287, 75.99119705762499, 70.52980850607308, 66.49921332126877, 61.99912220621764, 56.70424258624756, 60.69915626715829, 66.26680502624657, 76.28167248491137, 80.37061080817786, 84.99558434292655, 96.93717812834441, 99.3226405276969, 114.93431860061672, 116.54940258361741, 115.23117695831046, 116.1500896532986, 112.00499894891993, 107.14582629863287, 103.08019748067615], [7.760119109589812, 13.058879342079473, 18.423573780448272, 23.21625140258065, 16.98770116654626, 8.554919854694434, 0.0, 41.08097955120263, 47.845143428856325, 56.497703273843854, 64.50806689253704, 69.93330715033008, 63.19456531367547, 55.834413241872404, 47.38757962639589, 24.05076277800016, 25.715002757405006, 28.347107975285134, 33.0803722077009, 38.80864414934057, 35.780718999182575, 28.444319858421526, 23.746563461664365, 18.3750418324717, 16.92194580994405, 47.44698994144915, 54.496730380968074, 62.36329901799995, 69.65519088475898, 74.525836295983, 72.83362086199664, 67.44316778405401, 60.347304619906744, 52.90657510264947, 48.17205874309759, 18.548490804055213, 26.937799831095948, 34.19503243664135, 34.121051858100856, 43.19668608327478, 49.006807359162714, 53.53122421039278, 54.887745984594076, 52.666943026278304, 47.52719733411453, 37.671320871077654, 34.18499591704832, 58.59576847322439, 55.96784570420078, 56.682998576598436, 60.79125040508031, 62.392417772798794, 66.61407916103224, 74.61161682775494, 76.23775151447177, 74.93204225335553, 71.86461603723201, 68.40552727837483, 63.870115952530874, 59.49694339682291, 60.38867671293228, 63.54622898772743, 66.66112642055994, 71.90886064754936, 67.39341174755943, 64.2769600491144, 60.85932288757972, 60.48286677628654, 64.79104760145505, 70.31424684737313, 79.30161751871144, 83.51264318341143, 87.32534079753722, 97.99484961374799, 98.06654478464715, 110.95180086298413, 111.52858470745586, 109.46605549483786, 109.62462839537073, 104.36188994554152, 98.95200085614486, 94.76827678702654], [42.54633198572777, 50.15217102260404, 58.26356775281989, 63.813894493763506, 58.04736666251028, 49.48856048914678, 41.08097955120263, 0.0, 8.406481267779819, 16.70513525152987, 23.728689527232536, 29.486435763584126, 22.353713831933902, 15.093036034336698, 6.655885756283533, 43.74875382452455, 51.846656137383306, 59.478587781067276, 67.50265211462414, 74.46753257902068, 72.91946858067503, 64.65565957668188, 58.29066421773825, 48.881097029745234, 40.60993365130027, 20.664267182189306, 23.315096146374607, 27.82233912312583, 33.593011532574465, 37.37659640072414, 34.08425711883192, 29.02419975133528, 23.247661971484142, 17.401193048964775, 15.876280134508713, 29.356716003467486, 33.954009513930515, 42.14886562112965, 47.46011744979838, 51.228698527862655, 51.29785293931353, 49.12813803818636, 42.57087655368457, 33.74401607228479, 36.53236900340881, 22.176490605520932, 15.153249596874659, 72.17438047450185, 64.62168541324104, 61.06005081728153, 59.420864425046815, 56.73582824369456, 56.404174641439106, 59.72492928143015, 66.46147318375199, 69.41109309402607, 71.05532996891245, 72.99729132213011, 72.41479767263783, 69.17344791639452, 64.67858997915995, 62.35975400650754, 60.15019516738357, 59.954417634936995, 60.98805552028478, 63.134798920717294, 65.80818484688616, 92.83119185740406, 97.48280766803218, 101.1559871651224, 104.91032097447012, 108.01045270333019, 107.14627334523561, 111.4978260378102, 97.94859875733903, 98.06800463842546, 93.07000662862347, 87.43070492521045, 84.70157464587076, 72.69948638508804, 64.9407731705455, 60.33488036183949], [48.357901815150846, 55.75923863899557, 64.25188464059289, 70.37744345209484, 64.80060191183918, 56.23719342047642, 47.845143428856325, 8.406481267779819, 0.0, 8.730418218395782, 16.922900138994322, 24.830021873069423, 18.15810093378859, 11.936326725026298, 7.567708315979217, 47.0604355116127, 55.419763524876366, 63.4996885155572, 71.99565223471507, 79.36448299036746, 78.15705007819163, 69.56473303925095, 63.03086598442488, 53.46675441992762, 45.05635886032045, 16.2953965733589, 16.489657935968985, 19.660146702263464, 25.394432979748334, 29.577328286839567, 26.216848579771362, 20.75901793667952, 14.885752707485402, 9.784682741960571, 10.325414706937103, 34.69114868519405, 39.59472825041203, 48.18416246145501, 54.88472017231768, 58.42001756141665, 57.6661931447275, 54.73469743091697, 47.951759528061714, 38.744177897752756, 40.360947188745584, 26.56380865597592, 18.592563715510053, 79.94357949261062, 71.80986235407502, 67.76154318128248, 65.53759837314847, 62.42394575886072, 61.69257739116227, 64.56998118233945, 71.79456402742944, 75.24402951429964, 77.43644089099683, 79.89311968533598, 79.72245806534796, 76.61653563588307, 71.51958731467926, 68.61054966774114, 65.86428364709445, 65.17024357344916, 66.72982547218372, 69.41404061600701, 72.73580620413202, 97.47164715239593, 103.83203890469967, 108.674067349972, 112.87931183389651, 116.24409588194065, 115.38887467434077, 119.3905969896098, 104.3792736461176, 102.84216979384814, 96.77357257510306, 90.32188405447695, 86.45346588960554, 72.012705031066, 61.8213361661307, 54.37532189186478], [56.75798832637181, 64.05283475067291, 72.67208581064247, 78.97265773891945, 73.43510470850954, 64.86082992333714, 56.497703273843854, 16.70513525152987, 8.730418218395782, 0.0, 9.210824852804716, 19.19755292126559, 13.566170647369399, 10.709439829261566, 12.976772789911363, 54.237303972058584, 62.719340947166366, 71.02428571155772, 79.74102606773386, 87.26236170871499, 86.23416174721486, 77.52522231911281, 70.91977528993466, 61.30731812255204, 52.861104938380876, 18.87204137551722, 15.305019082004373, 14.429702621724054, 18.645098942176816, 22.47175786074888, 18.2827786220685, 12.67680952889129, 8.437016958567051, 8.659866922490092, 13.054916546988494, 42.73613975045829, 46.848032786092666, 54.94485645840226, 62.20535191837142, 65.03927706640177, 63.42686027418404, 59.57992341366451, 52.11715573066086, 42.575911865902505, 44.75656479306761, 32.568302403414094, 25.880220189255112, 86.67296019577164, 78.01489760716815, 73.45772084045504, 70.43672429543564, 66.75696873327487, 65.30067317157156, 67.22890949899407, 75.08678726601302, 79.18916790094747, 82.12326576471612, 85.34039430667043, 85.76561379187305, 82.90541324512519, 77.14255330319502, 73.47350132004844, 69.95931383309217, 68.37237951378702, 70.81669844183926, 74.26630700889025, 78.42842461393828, 104.98798467921848, 111.87177266437445, 116.85098574359084, 120.67231680937164, 123.9397458424538, 122.57328868560096, 125.74092652672485, 108.62308663996073, 104.8504823998969, 97.62500849134538, 90.4218060838277, 85.75322879723466, 69.27743858783738, 57.69503500496817, 48.7612680767468], [65.19856536118341, 72.60902738813793, 81.04926968953146, 86.95141943240141, 81.46779879049092, 72.94932282081129, 64.50806689253704, 23.728689527232536, 16.922900138994322, 9.210824852804716, 0.0, 11.03866079700042, 8.619450239984799, 12.032890052527407, 18.389205883689403, 63.34432896816668, 71.71654053599758, 79.85382192635147, 88.30907170973659, 95.46195561080381, 94.47616840434547, 86.16164563849993, 79.70314566873807, 70.18473068230122, 61.79741403544016, 27.666604609772282, 22.84564981576219, 18.46189672898592, 18.063338648050145, 18.83188250054981, 13.42812269588575, 11.036096025279413, 13.18912763535561, 17.255455572090675, 22.117950173083468, 51.446520667520936, 54.80126317898509, 61.9611537701356, 68.39397241440555, 70.31154485081603, 68.31162781918535, 63.76145092514475, 55.02935869617723, 45.143306773044536, 50.376970204323825, 39.717347833201615, 34.56310919579847, 91.02242046301753, 82.42491584929013, 77.65813762273825, 73.8955587692655, 69.65470851938178, 67.11300784338758, 67.20047379186647, 75.94819932283126, 80.78490064773743, 84.50471937776496, 88.55466546682095, 89.53760356820979, 86.96855947527439, 80.90376787917596, 76.58484766616232, 72.20094688461194, 69.16247266358354, 72.97911311451772, 77.29318103034532, 82.17767520679293, 112.28727043768588, 118.07545334414034, 122.1942861363802, 124.9052379050183, 128.00780841199372, 126.00045194578118, 127.95475459267374, 109.55952660764619, 102.2643025224392, 93.80558709356151, 85.73517801267245, 80.09296962433277, 62.13247945699107, 50.429563390381695, 43.05945259251951], [71.51757246759526, 79.12092826067939, 87.07485514079256, 92.09060939505684, 86.72523904347437, 78.41147219976925, 69.93330715033008, 29.486435763584126, 24.830021873069423, 19.19755292126559, 11.03866079700042, 0.0, 9.12676491513866, 16.42328079394988, 23.49491431358567, 71.71812695089186, 79.78016526928515, 87.41514828686924, 95.19627199906387, 101.54534008125005, 100.47252049128308, 92.98480908156384, 86.87529500214646, 77.61734504223533, 69.42129079839549, 38.041112465569704, 33.67511269530554, 28.910640079684487, 26.05895024923502, 23.57590668176013, 18.87143206062142, 20.276415819440526, 24.098307747915598, 27.73731192307108, 32.18537485204441, 58.680764096063925, 61.460142741895226, 67.47529724310742, 71.93010055269595, 72.90705106102475, 71.10547100203198, 66.28725611644518, 56.07318591072447, 46.029835055824165, 55.83500871304767, 46.2856099326036, 42.52335414646875, 91.63974785216419, 83.78697569377096, 79.21840825876431, 74.98892921133329, 70.36619202376083, 66.6284039921457, 64.26110867269223, 73.96035143400239, 79.42091007048042, 83.76069052984631, 88.49445517464162, 89.84795850889962, 87.56700632497392, 81.71540474200522, 77.05931049325095, 71.9392678920056, 67.1731318722194, 72.57249658483445, 77.61789630399346, 82.88207241167551, 117.09643671194529, 120.38440454674478, 122.78769541926434, 123.85328759860786, 126.75842697473581, 124.1447103054342, 124.7353829872694, 106.4613870488004, 94.88261942625323, 85.35915510195125, 76.41001625517214, 69.67908224897482, 51.19522634718552, 41.38456129885716, 40.14672168655953], [64.89670460005813, 72.50026414718607, 80.5822743655414, 85.84982926903629, 80.08657650140191, 71.56571401724642, 63.19456531367547, 22.353713831933902, 18.15810093378859, 13.566170647369399, 8.619450239984799, 9.12676491513866, 0.0, 7.797281954832274, 15.884503033214571, 64.95984630085015, 73.35572829731095, 81.2786068826089, 89.4270999325748, 96.24199555230312, 94.90184964916969, 86.83415042724683, 80.45007078261351, 70.951709860851, 62.542867805717655, 31.87419497761587, 28.64940203646088, 26.182850030388842, 26.652558079456913, 26.854525847045263, 21.49712047400707, 19.599790994136086, 20.254504505065807, 22.019430530778973, 25.848209720097, 51.0385409398957, 52.821856123759915, 58.63926774200842, 63.7456502025304, 64.81744219440209, 62.757242125382575, 57.96685914259687, 48.3322290695858, 38.307365634021416, 46.769470383877774, 37.33391585601407, 34.509006336943905, 84.58008791514162, 76.14516173297717, 71.38355975785335, 67.29938575609458, 62.84195248185991, 59.742955989071895, 58.9952770561785, 68.0370602792095, 73.0903263106806, 77.07408544539695, 81.4831964733531, 82.73999429786792, 80.36231331990341, 74.24378224079028, 69.68240682778668, 64.93323680115634, 61.22991519761573, 65.64987075325708, 70.32072308689987, 75.47930915581608, 113.23838145982373, 116.7608313757595, 118.87673883112798, 120.07112142439787, 122.41545435832123, 119.46304577456975, 120.6754257043972, 101.38420575949674, 93.77200048609363, 85.5489109940539, 77.9098625879815, 73.61048283542871, 57.70072635221754, 50.00328690294987, 47.91225002586793], [57.53977143777244, 65.12439075232115, 73.2530815564328, 78.67401533039298, 72.7512515843745, 64.14722551236574, 55.834413241872404, 15.093036034336698, 11.936326725026298, 10.709439829261566, 12.032890052527407, 16.42328079394988, 7.797281954832274, 0.0, 8.528390201712043, 57.72739187440261, 66.20470233440926, 74.18577657385721, 82.45279597529779, 89.47826604550075, 87.99277628191037, 79.65935216042251, 73.17303537018138, 63.603891225246166, 55.14094290913979, 26.458305487201933, 24.873894667193273, 25.018549671070545, 28.13635541104976, 30.166273803481083, 25.207500680114816, 21.312201793461533, 18.79912524533868, 17.761536671613243, 20.37300654680241, 43.34288863316207, 45.11440376563106, 51.313449448062194, 56.79952345385547, 58.45482935373492, 56.699354739337686, 52.433643083109914, 43.62858553779957, 33.699255685264625, 40.42035816488623, 29.893650813329142, 26.89867052280714, 78.99358299650494, 70.46695004815098, 65.85256995592432, 62.33575404474334, 58.31109850338761, 56.095069343701745, 56.981571670516686, 65.25514654249557, 69.67824986506344, 73.00291412740035, 76.74862370466369, 77.57043875727423, 74.95879701119642, 69.04815945125144, 64.99189041393221, 60.94029368775916, 58.472893609282394, 61.72480016634552, 65.69841998494186, 70.29630847226073, 107.29476402524931, 111.14180397141668, 113.46989985162966, 115.25087945985787, 117.54035201488352, 114.90327336585611, 117.03991159449612, 98.61468932145145, 94.2876799871888, 87.2991958825778, 80.59942130755262, 77.4908349438984, 63.33869154916818, 56.16274180553217, 53.1456050233233], [49.103708859351656, 56.718215843934665, 64.78012674375717, 70.17442174739736, 64.3176551935944, 55.74614578375472, 47.38757962639589, 6.655885756283533, 7.567708315979217, 12.976772789911363, 18.389205883689403, 23.49491431358567, 15.884503033214571, 8.528390201712043, 0.0, 50.063386794063, 58.32579694963254, 66.07809281170874, 74.15580619491477, 81.08186198034528, 79.53394796746667, 71.3006834232788, 64.9058198885738, 55.44266241669675, 47.094433824936594, 22.903654371754694, 23.634974567136684, 26.343526961298444, 31.087684497801163, 34.13427685795035, 30.115356458623175, 25.466593656398825, 20.825975350167397, 16.7075480286519, 17.139828707407375, 35.45396645395748, 38.466750021849336, 45.585805981068724, 50.80633951290665, 53.5183713566488, 52.77351058705728, 49.62231977654472, 41.84940106587874, 32.323265563555644, 37.422078448764054, 24.717592944988073, 20.02303322541018, 74.25763685075259, 66.27772231468226, 62.237849513026994, 59.72352979071792, 56.405742901969056, 55.183300560213205, 57.3807803919092, 64.86054727286317, 68.48370029351665, 70.8912055044448, 73.67159136961826, 73.72997739774672, 70.77200916884848, 65.63504326933317, 62.51495560809206, 59.44398574259859, 58.1818472165219, 60.256284277211265, 63.255068024060144, 66.81642418637576, 99.14241716869239, 103.15617986404703, 106.00549409505857, 108.70591638648024, 111.38925407982978, 109.6524981133035, 112.94885117291383, 97.2298799818191, 95.34922344593669, 89.5221753960664, 83.45319666008605, 80.6363892377361, 67.90810123269189, 60.65281458940538, 57.08565420768232], [17.220845097506484, 18.512981715363573, 27.024463360768532, 36.551728361093595, 32.521786183263075, 26.794231361675205, 24.05076277800016, 43.74875382452455, 47.0604355116127, 54.237303972058584, 63.34432896816668, 71.71812695089186, 64.95984630085015, 57.72739187440261, 50.063386794063, 0.0, 9.504791755352715, 19.071596081825085, 29.782439360077674, 40.17403927327253, 38.8828927864055, 27.126844975674466, 19.651060202235218, 10.735152161354165, 7.233401767847063, 38.59263773486525, 45.85369320920124, 54.51258564006859, 62.873637841422166, 69.28273033615207, 68.48406211002958, 62.38835124581463, 54.68449339120399, 47.566353688161165, 42.2927678112348, 18.926667197944045, 30.715147637044154, 41.743996074044155, 49.53954747645124, 58.3906347420281, 61.30290532397029, 64.11019902443522, 66.18074213042291, 62.79561154858522, 50.76164101240162, 39.65768876380953, 32.24028560651802, 78.10921045016804, 72.58848694278026, 71.48324555822222, 74.40184956820833, 75.26107279380773, 79.69046851925131, 88.9137144522365, 91.04472969235016, 90.42448468022525, 88.2025752244735, 85.55666855226445, 81.96289297253459, 77.77287867925942, 76.41672683240783, 78.18966723010801, 80.6156845025804, 86.24780533239527, 81.57193569571479, 79.15913513953716, 77.2760004788251, 63.9806398879452, 78.71204234162052, 90.19508138678403, 102.01476259485057, 106.85824162660421, 110.9336499562624, 121.63351943999453, 117.10487554463212, 129.9024526264534, 128.82939543180993, 125.55028492568485, 124.17268820027948, 114.25265886791772, 103.73812254195174, 92.36809677025035], [18.082228930079335, 15.590710795755692, 21.974274071651653, 31.51551923705962, 29.240267163739837, 25.9620059430851, 25.715002757405006, 51.846656137383306, 55.419763524876366, 62.719340947166366, 71.71654053599758, 79.78016526928515, 73.35572829731095, 66.20470233440926, 58.32579694963254, 9.504791755352715, 0.0, 9.740361823995096, 20.72055307764127, 31.524987110849533, 30.532021579999483, 18.687320501819038, 11.835358296292767, 7.645031381683009, 12.644155318761946, 47.362815531249765, 54.397827424070144, 62.72457207449781, 70.6471264513274, 76.82807936400836, 76.43794865439891, 70.63816926838102, 63.17195285794486, 56.19217422643688, 51.01803566921166, 26.776038613134357, 38.116986913951294, 48.14215878046235, 54.30180099784643, 63.55610333509925, 67.37913069657448, 71.01186535972653, 73.58025301861373, 70.64293216869511, 59.09608941298551, 48.473741526642726, 41.25293517041796, 81.31220394383227, 77.09327798494257, 76.80958865136058, 80.49869432565458, 81.8717558286623, 86.61663764499825, 95.88032242460876, 97.60258926067995, 96.51109474364743, 93.6933770915414, 90.29995248702109, 86.08123740984259, 81.7902173223424, 81.51238142570725, 84.08561795185535, 87.10617000142194, 93.05521551119412, 88.01242384824737, 85.00594473733105, 82.21965850288395, 55.72445722471846, 72.41045261639096, 85.86697901196577, 99.55898355352949, 105.23272553659876, 110.88138075776443, 122.75995614154168, 121.76630677642767, 135.37503035456277, 134.87262307081872, 131.76778755878343, 130.06597713753735, 120.69457111281145, 109.92918950392004, 98.47936396007645], [21.298380943098866, 15.82777579888659, 17.970666939575416, 26.383978928046577, 26.459915051602962, 26.2216314799092, 28.347107975285134, 59.478587781067276, 63.4996885155572, 71.02428571155772, 79.85382192635147, 87.41514828686924, 81.2786068826089, 74.18577657385721, 66.07809281170874, 19.071596081825085, 9.740361823995096, 0.0, 11.09066399902395, 22.1787448784633, 21.417439995031593, 10.032364657171359, 6.43253928975836, 12.244806022852014, 20.33002728280818, 56.387648457561, 63.28404019920866, 71.31348675009077, 78.79692306894823, 84.64538436838349, 84.51168807510876, 79.0134655006891, 71.77558026055829, 64.8497686989692, 59.7716658093987, 34.519565024573076, 45.396929761115004, 54.38261591020728, 58.58475996150417, 68.04974144461727, 72.81816025700273, 77.22793114015116, 80.09997402940256, 77.59510057402483, 67.02060453153874, 56.767630854758714, 49.862526824325066, 83.48366703277969, 80.74402390684183, 81.33216331448952, 85.74456222066136, 87.59640982457125, 92.55077164124498, 101.67834198861524, 103.02179046130624, 101.47901643718694, 98.09054015921862, 93.9938143667985, 89.16730403098232, 84.81094541176564, 85.68791428464428, 89.04725648272792, 92.60483358465447, 98.74019090165832, 93.44431444428288, 89.89838291080942, 86.22255349185619, 46.87161050441833, 64.83902165355934, 79.99713284987013, 95.41941183198401, 101.91676110523044, 109.16077464145793, 122.13811834676048, 125.00659179200052, 139.2283609612877, 139.3729845489993, 136.51611969016955, 134.60714768181822, 126.13803689950802, 115.5949273552994, 104.75826080924726], [27.43616099402511, 20.919375384454145, 17.943126433492495, 22.74728817826543, 26.080527292256974, 29.16599660405334, 33.0803722077009, 67.50265211462414, 71.99565223471507, 79.74102606773386, 88.30907170973659, 95.19627199906387, 89.4270999325748, 82.45279597529779, 74.15580619491477, 29.782439360077674, 20.72055307764127, 11.09066399902395, 0.0, 11.29381313102621, 11.077980999283263, 6.156085158704271, 12.131235905735286, 21.364010490941137, 29.78633487724136, 66.14337481033778, 72.87754642185114, 80.5462834010254, 87.4998046625932, 92.90090252691567, 92.99378411039415, 87.86765936891649, 80.92230105756025, 74.06719194361429, 69.1296429334278, 43.37785471514813, 53.90519955795518, 61.893733100933034, 63.87791173483471, 73.35133984086777, 79.0904199840411, 84.19115794808995, 87.09935799993204, 84.93378331064831, 75.85119787941898, 65.79571834041039, 59.126475955252566, 86.01884047456186, 85.00439589743587, 86.51978769676681, 91.58333089279742, 93.85138107030389, 98.86048086240352, 107.57902595549419, 108.6400091888677, 106.70110599498888, 102.79326918033533, 98.05859442708486, 92.6403250441631, 88.25908757354233, 90.39207578440443, 94.50703201041793, 98.50638123067027, 104.62173818348784, 99.25967218267489, 95.26542147218133, 90.72961894760525, 36.55036134533518, 55.50695030532897, 72.63224646022036, 89.96811426385734, 97.51699842390148, 106.63448249303032, 120.68178718777398, 128.11283112867028, 142.46424135910578, 143.26222965601994, 140.63193474423008, 138.4123716655083, 131.0503697755872, 120.94291539595207, 111.15606434509633], [34.65018488382434, 28.47674851102629, 22.87341459883734, 22.931424057992952, 28.964096601225197, 34.210114719141345, 38.80864414934057, 74.46753257902068, 79.36448299036746, 87.26236170871499, 95.46195561080381, 101.54534008125005, 96.24199555230312, 89.47826604550075, 81.08186198034528, 40.17403927327253, 31.524987110849533, 22.1787448784633, 11.29381313102621, 0.0, 4.701057420325028, 14.894715969165006, 22.12598437189164, 31.130284886178135, 39.20397446225335, 74.97987327335645, 81.4896525794492, 88.7112055865745, 95.04269550755251, 99.89775429574813, 100.1917752688624, 95.50869263404546, 88.93627484700902, 82.20747012306326, 77.47348774356009, 51.93459686049286, 62.35671459050384, 69.60305716649327, 69.46936610623011, 78.7548317092108, 85.34190423723066, 90.90779126914728, 93.48305377488828, 91.45106671341094, 84.28926049129586, 74.17316924777789, 67.57612372974754, 88.69146186449336, 89.37503839724648, 91.70746503186092, 97.20713594402143, 99.72618129704396, 104.5675971632479, 112.56271422384276, 113.55544451861932, 111.38439474057313, 107.13485296442975, 101.98276807162682, 96.10548428049111, 91.74450709361103, 95.0194053738862, 99.70366211560221, 103.92760164424112, 109.7313557270509, 104.58580491171183, 100.35690931674196, 95.1676671086957, 26.005876791289772, 45.23470881364251, 64.5617652488569, 83.75804641865345, 92.57738614416972, 103.6338428767397, 118.47542817561424, 130.59454042505016, 144.23910102299314, 145.53155233886412, 143.00603385879853, 140.2904388723027, 134.04548934528805, 124.4816860118747, 116.06215364720676], [32.117927383618664, 25.634791826321724, 19.071917806444795, 18.546657070400826, 24.729750934213428, 30.529487808598983, 35.780718999182575, 72.91946858067503, 78.15705007819163, 86.23416174721486, 94.47616840434547, 100.47252049128308, 94.90184964916969, 87.99277628191037, 79.53394796746667, 38.8828927864055, 30.532021579999483, 21.417439995031593, 11.077980999283263, 4.701057420325028, 0.0, 12.655158195625607, 20.048797662328134, 29.186318581509003, 37.33897285305939, 74.12285308768577, 80.83270324147496, 88.28199042843185, 94.85714805491827, 99.7783298156608, 99.7866103181086, 94.94426307202073, 88.2105206221906, 81.2999254015043, 76.48552867714429, 49.61994746270477, 59.31568967891809, 66.03275069761429, 65.4775462082386, 74.72598258312985, 81.4340075677115, 87.20158170194894, 90.08295811383698, 88.42045299276687, 81.23992288320528, 71.66267057084343, 65.76539616787882, 84.30687511990519, 85.10073615811949, 87.56618031920287, 93.2275402071484, 95.90207263308324, 100.89586864504552, 109.097603980724, 109.79332838157461, 107.44218528379882, 103.0351905394493, 97.72341416328227, 91.77753146932967, 87.42953924614325, 90.83854441081017, 95.68287394241977, 100.09096801867204, 106.11911538382331, 100.73841987560586, 96.32734480989932, 90.96191779307753, 29.199277336361757, 45.125642145201155, 62.58228538475546, 81.0410308183923, 89.2714176262963, 99.8481490472456, 114.71174613419336, 126.43233587408133, 141.01120498982462, 142.64994460847848, 140.49637039777633, 138.48606787074874, 132.8980133050861, 124.21216790948031, 116.56326351040808], [23.199930421636566, 16.01733044003716, 12.439417174098873, 18.435413745124055, 20.740187260476848, 23.802241333572013, 28.444319858421526, 64.65565957668188, 69.56473303925095, 77.52522231911281, 86.16164563849993, 92.98480908156384, 86.83415042724683, 79.65935216042251, 71.3006834232788, 27.126844975674466, 18.687320501819038, 10.032364657171359, 6.156085158704271, 14.894715969165006, 12.655158195625607, 0.0, 7.71341889968372, 17.587589367596458, 26.252206371326164, 64.10919558303169, 71.11974047370569, 79.10921031013784, 86.41361579760962, 91.92148048373981, 91.61461777527079, 86.25640414560506, 79.08308502502516, 71.98515450098158, 66.93398537577995, 39.3003225045357, 48.88203095365335, 56.32658916189111, 58.097600578130944, 67.56992276685985, 73.34346068237079, 78.6275499537585, 81.9350445695707, 80.20263304828448, 70.89353008595559, 61.516473554995244, 55.78960879975085, 80.27220447391079, 79.11321504983718, 80.65837168972755, 85.84557061881588, 88.25842273955301, 93.4632547620617, 102.5075584713419, 103.23548672953385, 101.12372097672763, 97.08814569287149, 92.2427854072231, 86.82202001475372, 82.45304493690388, 84.56297830934547, 88.77754597374773, 92.95503612304869, 99.3645991056791, 93.70788896289001, 89.5396712703978, 84.89984396399655, 40.816365937062294, 56.58055082160393, 71.37997494369102, 87.49830677897674, 94.18763387110334, 102.42250420079456, 116.29865423383815, 122.57878235401677, 138.0383135192193, 139.1749091571177, 136.9724021634265, 135.65470954519915, 128.99200126459752, 119.95660771842398, 111.09064174882238], [17.50128464585603, 10.71288635253586, 11.929412951726167, 20.877989405519894, 20.28157293709026, 20.420669287840447, 23.746563461664365, 58.29066421773825, 63.03086598442488, 70.91977528993466, 79.70314566873807, 86.87529500214646, 80.45007078261351, 73.17303537018138, 64.9058198885738, 19.651060202235218, 11.835358296292767, 6.43253928975836, 12.131235905735286, 22.12598437189164, 20.048797662328134, 7.71341889968372, 0.0, 10.075473091140385, 18.859419489888282, 57.062308020941074, 64.21450791145028, 72.45027208847476, 80.09858084341901, 85.85093699102987, 85.3214411653352, 79.72143518334188, 72.35275706003638, 65.16513886373433, 60.02184519202396, 32.18323774730389, 41.983525319213655, 50.108624328376706, 53.275146197178216, 62.772005674499404, 67.9389446387242, 72.77245274361326, 75.99985908702237, 74.04470095415249, 63.91928371948904, 54.39365145176854, 48.65881148799236, 77.43176619981467, 75.08092462416951, 75.99307926521885, 80.73028269787952, 82.85068667753455, 87.9936977437606, 97.27188266462909, 98.21360779647395, 96.38434382801891, 92.716384725471, 88.33411243865416, 83.32606438397447, 78.96542210959396, 80.21212625434745, 83.90487265051738, 87.76522324015784, 94.15288924316336, 88.57354856106619, 84.72681695568163, 80.6829630208703, 47.664909279266496, 62.53582252770659, 75.77911025031354, 90.37385910926807, 96.30298321637544, 103.1474276787808, 116.1856368341462, 119.28216984281873, 134.54115508830924, 135.24307895711925, 132.90700912018067, 131.85517112064747, 124.58223163196325, 115.46940462371927, 106.22328094452189], [10.9942357483213, 8.489848039694055, 16.358304748133587, 25.959829464355437, 22.551281215698367, 18.420964946932934, 18.3750418324717, 48.881097029745234, 53.46675441992762, 61.30731812255204, 70.18473068230122, 77.61734504223533, 70.951709860851, 63.603891225246166, 55.44266241669675, 10.735152161354165, 7.645031381683009, 12.244806022852014, 21.364010490941137, 31.130284886178135, 29.186318581509003, 17.587589367596458, 10.075473091140385, 0.0, 8.80078569864339, 47.350815397265826, 54.636982294312745, 63.07097743385611, 71.00912920047381, 76.92199650516196, 76.09629228466186, 70.28934964810422, 62.762661613502864, 55.47351808369255, 50.26898528600915, 22.491412071861472, 33.36623416737256, 42.76508822823865, 47.553557456890864, 56.907340752983245, 61.29064337688224, 65.34386503904899, 67.95691515696137, 65.42433148702857, 55.020463908139824, 44.76474359116274, 38.681707018627726, 73.97858437770398, 70.20821411792787, 70.26328708295901, 74.23127961884441, 75.80601176868082, 80.60512139435913, 89.78917810413036, 91.27464646990906, 89.9793001439459, 86.94810394454717, 83.36238887761819, 78.96992615936811, 74.64608192952126, 74.76255293449053, 77.63528970823958, 80.86328056882137, 86.87185544348658, 81.72839788907474, 78.51393055105068, 75.39986869092385, 55.71578163825516, 68.98183527441131, 80.35581620848826, 92.98473471659997, 98.18417635728116, 103.39992510487038, 115.15985156897062, 114.57571162947569, 128.6434581832071, 128.62819908007833, 125.96826854755128, 125.0008380627457, 116.95354432460552, 107.82029874077381, 98.4708848748342], [10.582055779556166, 13.853052037247135, 23.034724856321724, 32.02158335030488, 27.216567718283397, 20.510405025722967, 16.92194580994405, 40.60993365130027, 45.05635886032045, 52.861104938380876, 61.79741403544016, 69.42129079839549, 62.542867805717655, 55.14094290913979, 47.094433824936594, 7.233401767847063, 12.644155318761946, 20.33002728280818, 29.78633487724136, 39.20397446225335, 37.33897285305939, 26.252206371326164, 18.859419489888282, 8.80078569864339, 0.0, 39.01253352137687, 46.417959135765436, 55.0075762189872, 63.18142834774455, 69.19221175876713, 68.05450532845111, 62.074637726629135, 54.420315500390174, 47.02865005986761, 41.782047835573906, 14.318281527998462, 26.748067971610624, 37.45908724960405, 43.69749739241344, 52.67943947404519, 56.246951074607, 59.43525352387689, 61.25932772108424, 58.06885072412391, 47.70805914689067, 36.5166614792059, 29.91593626879085, 71.73155403266954, 66.74179649632718, 65.9866608280383, 69.13717123045569, 70.12979145091388, 74.49205206104531, 83.43103931732587, 85.50065670268876, 84.75971477072245, 82.38364446711265, 79.61232046942544, 75.84117034350285, 71.59893638900945, 70.66820306495559, 72.70716431234239, 75.25017291508092, 80.76585971847832, 76.15977364768536, 73.62671092094202, 71.45255794676572, 62.8922048885854, 74.75052276751498, 84.57290145714398, 95.49861397452939, 100.10276657386801, 103.94087456466568, 114.49161684910725, 110.75710823523546, 123.46787526933325, 122.76117815978728, 119.77533709716256, 118.83589629044056, 110.10453041645566, 101.02141286244247, 91.7394902408282], [45.580390866686436, 51.93449569149616, 61.10165608840709, 68.87746424081354, 63.47778014849898, 55.068058465467125, 47.44698994144915, 20.664267182189306, 16.2953965733589, 18.87204137551722, 27.666604609772282, 38.041112465569704, 31.87419497761587, 26.458305487201933, 22.903654371754694, 38.59263773486525, 47.362815531249765, 56.387648457561, 66.14337481033778, 74.97987327335645, 74.12285308768577, 64.10919558303169, 57.062308020941074, 47.350815397265826, 39.01253352137687, 0.0, 7.69188174204375, 16.99078633191778, 26.497844455648632, 33.55878923837702, 31.64232511542489, 24.799080201280148, 16.737669119864623, 10.414110547420837, 6.184309523939918, 31.30072809450237, 37.75590126280852, 48.27612313842563, 58.39547141662167, 63.30501666743885, 62.185062618252914, 59.85902281980705, 56.03798874542728, 48.28688479914707, 41.66972899095559, 27.927092436102868, 17.17660195149652, 86.6699444834