{
	"dissimilarities": [[0.0, 8.479903844623772, 16.18337414860786, 26.650909858462278, 17.475815228510918, 9.8892317789662, 5.8510754940264595, 42.708083675415615, 48.52954381526693, 57.01273946746817, 65.20936301119103, 72.03653377918143, 65.69181195442344, 56.210530900950836, 48.926525358955836, 16.795301450021466, 15.366993124199187, 16.979007204644624, 21.932008925717707, 29.426556456009568, 25.693559784732948, 18.388480447669977, 12.247593515966601, 8.828857714610542, 11.40723221618921, 48.927527320619724, 56.450497044362514, 64.47490866805195, 71.18450037869542, 76.3979586098772, 74.84377490892393, 70.71094781212692, 63.829690554693336, 56.688385595682384, 50.46259193547265, 15.888236925271382, 24.64745379466794, 36.7548702092505, 38.77285188157076, 47.935470580823775, 54.24725966476803, 58.008043615754154, 59.70327825264744, 57.44410314331625, 47.51490092643461, 38.96521127572924, 33.71203075655286, 68.92573055438527, 63.01789942121179, 60.88933626752429, 65.70054209197167, 67.47182947810265, 72.60915972380423, 83.14644327872948, 87.89863472926054, 87.10822001586011, 85.48406148022067, 81.51204535837954, 77.49556403661411, 69.13030629765335, 64.47738537713278, 68.39380121182015, 71.03591633082674, 79.91341610507797, 77.76866625820155, 75.33772520322123, 72.02062437401393, 50.65760759324969, 57.39769079979045, 66.37527877257551, 77.86347491605706, 91.82049598673886, 98.58914906975379, 106.90970011820076, 111.49130676509664, 125.82464590965388, 125.10423550183242, 120.24698548864247, 111.65412937574403, 107.575315211941, 100.3488540371013, 96.42395645966776], [8.479903844623772, 0.0, 8.311084840780179, 20.57261606261049, 11.14358676122805, 7.7401337506220145, 11.662913220573408, 51.158043853963264, 56.89372072899682, 65.33235400834354, 73.61267048984958, 80.51444318908497, 74.15000815199899, 64.65636867112529, 57.37924293039417, 21.29969521463098, 16.13106964150443, 13.07463759174047, 15.521701364952364, 22.506759388595803, 18.09894505709311, 10.546656237829694, 6.931762136915114, 10.876418987911645, 17.749821459471356, 56.66115947302773, 64.37089277683427, 72.48388714677337, 79.35654480765663, 84.66419290664213, 83.17027288983552, 78.96642653728148, 71.97609631821445, 64.80779639779243, 58.57015727865232, 23.590831059216757, 30.527070250007974, 40.95179294500414, 41.88339200732437, 51.336690250291404, 58.28502239954686, 62.90303604863934, 65.59680257187915, 64.2844809242832, 53.96945926161942, 46.253654483185386, 41.68924952234498, 70.36375387062867, 65.25695354470096, 64.16944460392932, 69.77516639626297, 72.2785896452012, 77.95185113868578, 88.81293664254912, 92.7041589557985, 91.29336212850566, 88.98117475531905, 84.21277859994807, 79.65019089866668, 71.42923034259728, 67.56458664528974, 72.40506134032073, 75.71728871246658, 85.17540751143108, 82.22499659975216, 79.15293473399366, 74.95627432626341, 45.5046678285005, 53.0998755265877, 63.324367417820454, 76.16801120018708, 90.6311317674317, 98.49404189210466, 107.96678146847825, 114.40809913343372, 131.2622359803637, 131.26369034394116, 127.08779555244972, 119.03363559887839, 115.41569398040085, 108.34286591152562, 104.16561565477035], [16.18337414860786, 8.311084840780179, 0.0, 13.160836509460216, 5.587818466833991, 10.71916119652177, 17.72972516619093, 58.56929094052421, 64.66114370092706, 73.16585510169179, 81.28064683594103, 87.80225463041519, 81.6024082706485, 72.16291558411669, 64.82866965237353, 29.333340678983635, 22.898392305307244, 16.529979139169992, 13.887723419715199, 16.64256219886016, 11.465233512361142, 8.30662262426541, 12.0378217251703, 18.83194283963025, 26.060044253325284, 64.85591727488334, 72.4527981605412, 80.35877786172414, 87.05975471560498, 92.12879931519252, 90.74510579451649, 86.74468474601774, 79.94039297406837, 72.83684330864168, 66.61831290912086, 31.56134530437152, 37.359785511157824, 46.48233822349621, 45.11634397078341, 54.53459002099972, 62.59911608939894, 67.90353338539306, 70.87197274194716, 70.19896593514855, 60.765574463061135, 53.696607722320884, 49.68301318545287, 70.56093099147832, 66.82169909360249, 67.25568672585528, 73.54538357896537, 76.62776102706823, 82.43803970147977, 92.94841574597986, 96.11575067394375, 94.26172278815011, 91.27203331022332, 85.85837942501269, 80.64645079774913, 72.46433041177023, 70.03328463151712, 75.76494701173498, 79.61232091260888, 88.95690912080815, 85.36654011500573, 81.7753566401289, 76.67035548578376, 40.32156362264175, 46.56428470768996, 57.40703260012221, 71.41368315903742, 86.50172634180653, 95.64449557789644, 106.42058931973483, 115.52583851795457, 133.74133336684358, 134.4494337319421, 130.9401467787252, 123.54448537234563, 120.6552948403747, 114.17550855315443, 110.66466193193837], [26.650909858462278, 20.57261606261049, 13.160836509460216, 0.0, 10.619815564416642, 19.093073061577936, 25.97550815856462, 66.28228082293151, 73.25180452239542, 81.86354050947618, 89.39030977096202, 94.7973361233552, 89.0724161117384, 79.89294896483071, 72.51971176559094, 41.810338459580365, 35.637560704094675, 28.466056731416277, 22.81944774402297, 17.389876091467872, 14.053899174224494, 19.5267640730092, 25.116405070437867, 31.423056955583586, 37.704257834682345, 75.16892187903974, 82.26217097761611, 89.55403735709177, 95.58280653765975, 99.90325721501341, 98.69894585229959, 95.31423268922576, 89.13288041641384, 82.25196786073714, 76.13949551232689, 41.729462178477654, 46.42985669687876, 54.343003826808314, 48.83500582948215, 57.669159865163586, 67.64979221870846, 73.5286356595511, 75.89634938921733, 75.69307878233406, 68.9744785754592, 62.62827132998218, 59.333964974323926, 68.36058096831167, 67.18948621170608, 70.15661581458596, 77.077325555231, 80.64180571357589, 86.04269121501932, 95.11133415515643, 97.5231216346316, 95.37868180734586, 91.58124377339291, 85.63252379328887, 79.49718200296269, 71.24465345442461, 71.55714597600948, 78.29324610632725, 82.58961541054539, 90.7632318871594, 86.61531235241759, 82.57168878722636, 76.32794489472418, 36.17899074969819, 34.88023044698696, 44.730177372270404, 59.93124175261936, 76.09020697833417, 87.13897361925798, 99.76741450194376, 113.39877962442193, 131.56389741605423, 133.18239349226477, 130.58729543576288, 124.32534640530616, 122.8535497727413, 117.92594590953483, 116.67541752236112], [17.475815228510918, 11.14358676122805, 5.587818466833991, 10.619815564416642, 0.0, 9.19134565754357, 17.14099266547078, 58.34938692225135, 65.08176026603462, 73.66747320810089, 81.54291271691564, 87.59286760634629, 81.40562196909205, 72.03073005384161, 64.64740570409455, 32.19286355777446, 27.05148070429101, 21.760636630295906, 19.35208080102005, 20.149614568182937, 15.05981180775198, 13.834575319328632, 16.462686019879776, 21.863151487753957, 28.005489172419235, 66.28097520899101, 73.75650764470653, 81.64286581736981, 88.04494942207047, 92.83921717235536, 91.33874893127931, 87.52433594090066, 80.87874779248648, 73.73913506784213, 67.50838923787786, 32.13083106172533, 36.5094301908901, 44.782440152629974, 41.51686179781162, 50.79313860944452, 59.625866038352726, 65.21868577505825, 68.0774247879706, 67.82302038722362, 59.50800198072978, 53.11049765369439, 50.091643270112556, 65.48496638483213, 62.30315088172859, 63.49184089283524, 70.02908442686328, 73.32902276736613, 79.06890344696147, 89.23609288153716, 92.0495610685259, 90.04965208337559, 86.8083730307516, 81.23880925467842, 75.8031870104576, 67.58303847428, 65.84205439049558, 71.91804031403358, 75.96069135513788, 85.06906986585952, 81.209984286612, 77.43911338251527, 72.00543868338629, 42.77094551795418, 45.05236676834763, 53.32230195581869, 66.50682737748204, 81.17620266147203, 90.08606015816798, 100.87085889020503, 110.53963069417439, 129.36027629382372, 130.51451411965718, 127.62672107893948, 120.92918046862425, 118.87381134472278, 113.58591809619885, 111.58906081294928], [9.8892317789662, 7.7401337506220145, 10.71916119652177, 19.093073061577936, 9.19134565754357, 0.0, 8.5062843249815, 49.541094368483954, 56.298662739541456, 64.86764562643572, 72.7964826034748, 79.02032203879516, 72.63660538929713, 63.215408951554096, 55.84530666951408, 25.239326675375118, 22.56166453295142, 20.80625941816426, 22.315574191938552, 26.736215577590954, 21.97867954480271, 16.82550532722349, 14.322867320883761, 15.853111481586982, 20.093077808804253, 57.65634753485214, 65.1671871806414, 73.26425643425543, 79.68205713396937, 84.59138907010747, 82.89836308680789, 78.95749189018791, 72.19458430519228, 64.96267110720527, 58.70554434258111, 23.154016418890393, 27.693143021877386, 37.11863672316623, 35.50849441841088, 44.90732259199349, 52.87463790535888, 57.83383041555096, 60.3098544291306, 59.51341290148596, 50.75581277509462, 43.98000349505432, 41.01187198656303, 62.88650958837284, 58.21471425557913, 57.87624064627061, 63.740968740044316, 66.46440537559509, 72.03392047032202, 82.50479847093344, 86.03762107346274, 84.50120282386955, 81.95796318399262, 77.09232356703352, 72.34033728498842, 64.01710538393498, 60.796079414784614, 65.97565458904303, 69.48336108933762, 78.65918093390287, 75.43191036902685, 72.19533594419929, 67.7075788705675, 49.15233387704248, 52.03176353199804, 58.81990291190544, 70.21210220112835, 83.89579997498814, 91.11165318606133, 100.28439760500416, 106.94708936390792, 124.43328984897177, 124.9534306612691, 121.56440888419739, 114.41492179664368, 111.91465742874313, 106.53678797462292, 104.55751426149963], [5.8510754940264595, 11.662913220573408, 17.72972516619093, 25.97550815856462, 17.14099266547078, 8.5062843249815, 0.0, 41.24601629458606, 47.98986504808371, 56.585340568006536, 64.43441968488207, 70.62601792317048, 64.32643398875443, 54.91936898701487, 47.543448309087466, 21.117511250908237, 21.10171967213265, 22.418425319375377, 26.20704666248141, 32.03243908454211, 28.071253900632033, 22.07852518971523, 17.080021569352365, 14.192580070102865, 14.788878668286111, 49.88952433664224, 57.138954087060064, 65.02926384935118, 71.29556271718553, 76.11462911590814, 74.43909460078942, 70.5852176357151, 63.97343630254295, 56.8369927787247, 50.63080147600885, 16.068356472484982, 22.842226619194154, 34.41282547537887, 34.360815728848706, 43.42929675543488, 50.574085478806495, 54.49559330826856, 55.78269572534236, 53.745408728449064, 45.31720076032927, 37.39103258320655, 33.36654663142824, 63.67751193998321, 58.129382234854965, 56.55132700720341, 61.47454840075976, 63.31887898623144, 68.25958423541786, 78.35000893751905, 82.95893836016539, 82.1671881334067, 80.42812323274906, 76.47687702475933, 72.33753411282696, 63.842961628878605, 59.72466193219676, 63.81202133303987, 66.51846327252915, 74.99861854356733, 72.75311591742678, 70.27910575542931, 66.81087414770005, 52.86818674778478, 56.31708745312162, 62.96815216332766, 73.36831276368746, 86.8184231851777, 93.1395641652503, 101.22817205307521, 106.0631426416805, 120.376443048098, 119.96527208510135, 115.59652379954328, 107.61753258742748, 104.36518195647265, 98.42679448002741, 96.2965283683903], [42.708083675415615, 51.158043853963264, 58.56929094052421, 66.28228082293151, 58.34938692225135, 49.541094368483954, 41.24601629458606, 0.0, 9.565512026317514, 17.240780319612714, 23.767487367236466, 29.856896623732787, 23.10848808904966, 13.688756640354045, 6.305745878085081, 39.50225199173398, 47.90503855156312, 55.626110617639156, 62.74769790099552, 70.48986769114052, 67.73125333476192, 60.698663321831376, 53.278405493650396, 45.115592282761774, 36.72950781984527, 20.816643302063017, 23.35285373618293, 29.391704330736097, 33.56423540305084, 37.679654293859116, 35.045871356454725, 31.58430152048023, 26.208049362114952, 20.19092859976668, 15.831221948648814, 29.21210884083429, 31.82339727097396, 40.54989953244291, 46.989821532826085, 50.21677354008511, 50.09065582426875, 47.27747720522229, 41.89823305767089, 32.89552105924012, 30.053000050759305, 20.44180940583981, 14.806431774892422, 75.11704814443333, 66.27861659560357, 58.989424883079046, 57.93894984155824, 54.78371255723753, 55.424926306055696, 62.429449080805256, 71.98905174323951, 74.98749284929389, 77.65854325648975, 78.65588758521363, 78.3288036063926, 71.04139816895804, 62.8926266015576, 60.55691983952002, 58.52849300329533, 62.4356230801107, 65.70849872090437, 67.51979844627319, 69.8956319974446, 86.80075333760874, 90.25451695124048, 93.57475161847746, 98.38433443899362, 108.28617696845863, 109.080421740642, 110.77431678231466, 104.26928609099804, 104.29059900972571, 99.24053825080092, 90.52050883275406, 78.88861010924354, 71.80163558287826, 64.35165149972495, 63.15245618052708], [48.52954381526693, 56.89372072899682, 64.66114370092706, 73.25180452239542, 65.08176026603462, 56.298662739541456, 47.98986504808371, 9.565512026317514, 0.0, 8.62786003692399, 16.824786600589025, 25.37912904950623, 18.623311715850836, 9.943828002911454, 7.054754071468258, 42.46960956977657, 51.13865587720948, 59.52905428676024, 67.21598665115964, 75.7232850205978, 73.26371333686821, 65.77943290647859, 58.068484382880264, 49.61351439153412, 41.117714023335175, 13.556140274958432, 13.987798042360565, 20.10264372246621, 25.089879879449363, 30.351025748865634, 27.61570586418165, 23.195089249987827, 16.95502460058236, 10.811792531239261, 7.279570907790446, 34.671526562818315, 38.19192910816229, 46.76941286631494, 55.25144909069156, 58.37570901572366, 56.88715347079523, 53.381505793849136, 48.260823762492, 38.995066380574826, 34.62547278802665, 25.26475399942406, 18.2271409889196, 84.04351552124655, 74.68008833438864, 66.52158717092598, 64.87692686737167, 61.264994732798584, 61.69462676813239, 68.68302811158219, 78.67359380441704, 82.0074578070257, 85.21967711207039, 86.63306179132645, 86.766668203551, 79.77364915932249, 70.8723573590827, 67.8896915295216, 65.41072294194689, 69.2496580537482, 73.1045538283184, 75.30779128082294, 78.27846372771631, 91.42145930966936, 97.25485240717097, 102.1696134233463, 107.58594702835937, 117.78221250763971, 118.57827330266574, 119.95210326006718, 112.02065665470884, 110.28945285296773, 104.22034189878899, 94.26690673474626, 81.3168515066583, 72.21804523494136, 62.10777380715375, 57.43613167051575], [57.01273946746817, 65.33235400834354, 73.16585510169179, 81.86354050947618, 73.66747320810089, 64.86764562643572, 56.585340568006536, 17.240780319612714, 8.62786003692399, 0.0, 9.14806322854133, 19.362402608905775, 12.970465053047135, 8.497097303235151, 12.209261769725394, 50.05289635622436, 58.84601841516792, 67.47018497698481, 75.32509341315568, 84.01794713451265, 81.6529868984387, 74.05562668379223, 66.25537464192033, 57.72488270629255, 49.217655025999704, 15.413290880763588, 10.870985246572912, 14.129389451523728, 17.9455934357752, 23.455144001461704, 20.127645679603635, 15.196623277286667, 9.254393452545822, 6.001454714490563, 8.908572506678551, 42.96281392055537, 45.79970634286451, 53.21841303198081, 62.25487789557619, 64.58628234204382, 61.93018966246341, 57.499170896467184, 51.78823797791592, 42.11344144410602, 38.93584580654251, 31.228410619218423, 25.822344363097493, 90.12263474058261, 80.46193194872268, 71.65388071489704, 69.10676387351808, 64.80325522586074, 64.46543871336173, 70.6339106006096, 81.18111993033175, 85.08869503446935, 89.02058249477679, 91.20047872309534, 91.96968101933282, 85.40140985977038, 76.05308678222767, 72.14286987334414, 68.95072690780509, 71.91214071174417, 76.63818217298153, 79.49309893739904, 83.33020982324129, 99.27165581849953, 105.46548456505441, 110.26025670180778, 115.15862054057273, 124.87812734020551, 124.94858449310154, 125.36975543664246, 115.47611808279012, 111.19935051137561, 104.1538240936986, 93.27300451096264, 79.52862508229113, 69.18379623591788, 58.13528366311592, 52.544538601633974], [65.20936301119103, 73.61267048984958, 81.28064683594103, 89.39030977096202, 81.54291271691564, 72.7964826034748, 64.43441968488207, 23.767487367236466, 16.824786600589025, 9.14806322854133, 0.0, 10.922468138374725, 6.693329213168809, 10.858277183365232, 17.685764705016123, 59.026679343413946, 67.68345020387378, 76.0881088241117, 83.71665338289291, 92.01524462466209, 89.75569002040689, 82.49061550610064, 74.85104721120726, 66.41165950343408, 57.927570309357165, 24.02116829617057, 17.506081731207413, 15.124726489751607, 13.870832804223038, 16.92799300026583, 12.888549086559157, 9.955411786028591, 10.333879696606548, 13.412786179166543, 17.96588561210087, 51.406640648730274, 53.694423270181325, 60.27053691463949, 68.3435144381291, 69.78816938286134, 66.83750883966655, 61.69441262435513, 54.71525186866405, 44.51965476994121, 44.582719173077976, 38.37666103614099, 34.37205606383849, 94.0772934335165, 84.71331358707377, 75.93998452420784, 72.6083252257959, 67.6403160877065, 66.10869691808216, 70.43608125129334, 81.6440954330204, 86.29904152184753, 90.88234733713901, 93.92758759053267, 95.16816881827208, 88.91412322098, 79.8838031794384, 75.20526250093916, 71.28436976152155, 72.45940492851476, 78.19305315720882, 81.77826682517393, 86.35580392489037, 106.46166373553591, 111.58512573418201, 115.47391349341727, 119.3493075013788, 128.44648600164882, 127.769085817775, 127.24359948829253, 116.21814235676176, 107.82449947308284, 99.69778097629117, 87.74630141714101, 73.22971572832631, 61.918925509208535, 50.79078574757264, 46.81510262306776], [72.03653377918143, 80.51444318908497, 87.80225463041519, 94.7973361233552, 87.59286760634629, 79.02032203879516, 70.62601792317048, 29.856896623732787, 25.37912904950623, 19.362402608905775, 10.922468138374725, 0.0, 8.14563652125701, 16.92131689187544, 23.725545078917307, 67.70359345169322, 76.05569036902364, 83.92003730884251, 91.02633599377417, 98.49620731378546, 96.32296859795343, 89.71433199003819, 82.43579094531115, 74.24759162297102, 65.87153039259455, 34.63109883704733, 28.199596714572518, 23.831744955834626, 18.78591959126785, 16.512135815764175, 13.356490332615602, 15.834048619701978, 20.550299815157107, 24.25148066711256, 28.244061799929593, 58.88248031233898, 60.65991128899884, 66.61009624026855, 72.63634392104582, 73.18783072445774, 70.70407579942827, 65.18191979639252, 56.640508432439034, 46.07087417085934, 50.41141871218791, 45.4271982349316, 42.63055266840591, 95.22073382794197, 86.69516134924996, 78.60175366897002, 74.72346903293521, 69.25778280080512, 66.3396133422098, 68.06567873683058, 79.87437944881043, 85.3108155169888, 90.36409722796603, 94.23299847466275, 95.73256870429783, 89.70588316865253, 81.68610751048494, 76.51500178706442, 71.98573742529113, 70.75419540968414, 77.45352165307493, 81.72355260776094, 86.80848307482447, 111.96910322976856, 114.85213681868593, 117.13968966725278, 119.58225982414277, 127.89558750209666, 126.49228758946997, 125.10877496719293, 113.89338002931918, 100.41404887734156, 91.24763830696959, 78.2102004617143, 63.01191991519382, 51.19809145373801, 41.387980733609524, 42.690353039773996], [65.69181195442344, 74.15000815199899, 81.6024082706485, 89.0724161117384, 81.40562196909205, 72.63660538929713, 64.32643398875443, 23.10848808904966, 18.623311715850836, 12.970465053047135, 6.693329213168809, 8.14563652125701, 0.0, 9.560540484865541, 16.819406696910598, 60.871090856701464, 69.58097287959491, 77.7354641581288, 85.09300391559563, 92.93582713549918, 90.47873281610043, 83.46711706518442, 75.94597526784901, 67.6044375755931, 59.08977487814701, 28.29917813038126, 23.065132035889604, 21.721920919037082, 19.75673659811936, 20.807333296208764, 16.898280370401416, 15.929860822178892, 16.80038627288474, 18.313327059296082, 21.554074195425375, 51.90913630135153, 53.08383028540911, 58.81176214064121, 65.64990689944767, 66.41124498235126, 63.5897292108137, 58.203755727437745, 50.34565482432157, 39.90492246694869, 42.58132162109195, 37.461383650392214, 35.13471511371826, 89.65516178775023, 80.5696893133132, 72.04246645571489, 68.39634559068386, 63.17727571142665, 61.03069872821318, 64.4493599056694, 75.86088451537938, 80.7822805903061, 85.54398226941692, 88.9418573820358, 90.3503217209353, 84.25985343786049, 75.57599564916208, 70.60904730044213, 66.4021557997699, 66.66561053988953, 72.74737507944666, 76.61749353804981, 81.47503234750363, 107.6664084139918, 110.90241104665685, 113.16902902427532, 115.962761818019, 124.27350594563619, 122.89268319410998, 121.75928863898345, 110.30249110931497, 101.17899171837134, 93.15765190948497, 81.58946264031191, 67.66646156761375, 57.47153366462208, 48.975592389889535, 49.17969470534702], [56.210530900950836, 64.65636867112529, 72.16291558411669, 79.89294896483071, 72.03073005384161, 63.215408951554096, 54.91936898701487, 13.688756640354045, 9.943828002911454, 8.497097303235151, 10.858277183365232, 16.92131689187544, 9.560540484865541, 0.0, 7.391410840238688, 51.51727814443754, 60.234636053706495, 68.37256417817446, 75.75593232017361, 83.71036785892919, 81.13536729310084, 73.99989391179228, 66.4383267249199, 58.09299418446414, 49.57337909556586, 21.780472271094585, 19.12956956654592, 21.642849778281832, 23.235490696732832, 26.46710984305519, 23.06586301956276, 20.156636970070306, 16.891075521298966, 14.20578569326164, 14.681143984947665, 42.35037885025812, 43.94558906061683, 50.63978234367564, 57.77194127542867, 59.432549339065886, 57.342235714671396, 52.78205911470458, 45.87646765711051, 35.696851982124436, 35.89982427229278, 29.12820935564574, 25.78591637449616, 83.71778650548025, 74.52517283740377, 66.22410543888785, 63.49033893398288, 58.98986936010784, 58.00986200828653, 63.1818925035616, 73.94662224375718, 78.09996529137378, 82.09011293421194, 84.55084217515386, 85.34067536223034, 78.78766526990809, 70.05199179863999, 65.99713925333621, 62.586307353653666, 64.52435467697478, 69.52580839218126, 72.60977065856169, 76.58394605731127, 99.13679901875369, 102.77947825445592, 105.61751974545302, 109.28978756822603, 118.25158294315506, 117.70416742978045, 117.6614969461379, 107.91085099792602, 102.86578976974975, 96.07816081542141, 85.69936752884294, 72.67791433611114, 63.72024065565932, 55.406832099609666, 54.3894147771217], [48.926525358955836, 57.37924293039417, 64.82866965237353, 72.51971176559094, 64.64740570409455, 55.84530666951408, 47.543448309087466, 6.305745878085081, 7.054754071468258, 12.209261769725394, 17.685764705016123, 23.725545078917307, 16.819406696910598, 7.391410840238688, 0.0, 44.99319607451069, 53.5524972648088, 61.47317412818728, 68.71357000156749, 76.5398105520139, 73.8835260133681, 66.8221562094616, 59.34284696141787, 51.09171076576314, 42.63496886498978, 20.291643105884106, 20.509895962029887, 25.235242134734747, 28.444452477150758, 32.22133467845221, 29.306570578643772, 26.06087903941018, 21.411385237891007, 16.442509753602064, 13.860101965155197, 35.26914082290497, 37.37017113091849, 45.08692522560403, 51.84132952819629, 54.286338160676365, 53.22165137295052, 49.53539908637431, 43.32277162940789, 33.59476336865067, 32.32483896537181, 24.02964634453154, 19.57391667043576, 78.9065020888156, 69.90347990741293, 62.126081731897834, 60.25550243389706, 56.43103603606134, 56.27953064465683, 62.4160752761367, 72.59915155942299, 76.16381136283248, 79.46626529575138, 81.169342761364, 81.36759972089133, 74.40629661991895, 65.98449904875469, 62.81151800995075, 60.10463457307416, 63.05138731405369, 67.17016676063255, 69.60281904174838, 72.7502780603444, 92.3716924232363, 95.8850157860724, 98.96608723412693, 103.21730400610856, 112.68431238480352, 112.84952273207998, 113.72887235912168, 105.73690814700423, 103.30752913416008, 97.44027134662817, 87.92631383323507, 75.623071464014, 67.68693942271608, 59.83338739316278, 58.75222724231369], [16.795301450021466, 21.29969521463098, 29.333340678983635, 41.810338459580365, 32.19286355777446, 25.239326675375118, 21.117511250908237, 39.50225199173398, 42.46960956977657, 50.05289635622436, 59.026679343413946, 67.70359345169322, 60.871090856701464, 51.51727814443754, 44.99319607451069, 0.0, 10.127557881102927, 19.922081711159677, 28.94424046832409, 39.924885306143956, 36.79936872881269, 27.13310005647077, 18.64751790782811, 10.504219900769069, 6.854964742401819, 38.50635715215177, 46.84313648362349, 55.78875398863287, 63.63607980226315, 70.10683323517891, 68.34803488163168, 63.184287518304366, 55.32812396058078, 48.08942277742734, 42.00555088717694, 14.072576062296699, 23.955668333358812, 36.24215076711784, 45.22203893664611, 53.59162382810943, 56.11959572960024, 58.42511016509676, 60.835450632185584, 57.815559030610444, 43.74254771709147, 34.2028972912578, 27.068674453463196, 78.78297391575416, 70.51014574743121, 65.32064855405066, 68.77614452267778, 69.64862706397203, 74.9954107718275, 86.9546655837206, 92.52332300710373, 92.15209703304308, 91.62589130733593, 88.47431870684159, 85.73219109478224, 78.00301881098403, 70.44001885902674, 72.69277608052784, 74.48763154894998, 84.41408165230776, 83.15901440774033, 81.45769387758905, 79.72695835700235, 60.53303219342751, 72.61315821812329, 83.13585877088957, 94.40412953429035, 107.62084085425397, 113.00503780183743, 119.66886768404379, 119.53291689759574, 133.58346911791642, 131.7178548272097, 125.70594795925294, 115.71595977137832, 109.60996197434862, 100.00743368607526, 92.24472495892255], [15.366993124199187, 16.13106964150443, 22.898392305307244, 35.637560704094675, 27.05148070429101, 22.56166453295142, 21.10171967213265, 47.90503855156312, 51.13865587720948, 58.84601841516792, 67.68345020387378, 76.05569036902364, 69.58097287959491, 60.234636053706495, 53.5524972648088, 10.127557881102927, 0.0, 10.10106125497499, 19.36434691941574, 30.856766292556117, 28.205512808913458, 18.66895131775146, 11.259823865327824, 7.551041211036462, 12.641989214028541, 47.40050089275376, 55.41813188596789, 63.76571964722094, 71.51973957573395, 77.76428558918354, 76.38676018247972, 71.49085637926083, 63.951800002915334, 56.97331343396244, 50.986453530949824, 21.554236465762827, 31.470097488740166, 43.272152768763206, 49.97614756600957, 58.982829479620705, 62.96999382393289, 66.16120203908032, 68.88365393210367, 66.29741468772758, 52.962111384447034, 43.71735657094759, 36.552560330893, 82.01749279330352, 74.93290442714625, 71.19715711886089, 75.52870051290081, 77.03871280534528, 82.62521175442494, 94.3465508655724, 99.39698342435888, 98.62060093497384, 97.40381258643431, 93.52601940384145, 90.02691111187596, 82.0929459770401, 75.83890986600514, 79.12302068601014, 81.5183249268383, 91.43883477801248, 89.57384993064335, 87.32312310145525, 84.59297123958476, 51.40768834373662, 65.72420766842711, 78.74114671606682, 91.83408777055425, 106.286049110789, 113.38199936680297, 121.65886951402992, 124.52662414484529, 139.36014158659106, 137.9209554085222, 132.06305854884752, 122.16712206422828, 116.20666610052402, 106.17086719728407, 97.87697530370238], [16.979007204644624, 13.07463759174047, 16.529979139169992, 28.466056731416277, 21.760636630295906, 20.80625941816426, 22.418425319375377, 55.626110617639156, 59.52905428676024, 67.47018497698481, 76.0881088241117, 83.92003730884251, 77.7354641581288, 68.37256417817446, 61.47317412818728, 19.922081711159677, 10.10106125497499, 0.0, 9.299979703129306, 21.024265925561977, 18.79690402212221, 10.176550511689168, 7.540085329380895, 12.528069411219509, 20.43449314632871, 56.71525814959132, 64.45208357976065, 72.32446175054451, 79.79202630832172, 85.64708718406857, 84.52397379833052, 79.98343399858268, 72.79930093448105, 65.95695174524394, 59.97522556303307, 28.907797403550152, 38.23082784159073, 49.41692890030311, 53.41710171783712, 62.79772277958878, 68.34199571508692, 72.3666323273874, 75.21781411452433, 73.12439634780462, 60.93102886469988, 52.08647613528967, 45.31925897516, 83.15297544620566, 77.46651447740655, 75.36203231326034, 80.51971156998471, 82.64269940185906, 88.35798713497552, 99.64668793940697, 104.10489079065543, 102.93137513944194, 100.99835211795246, 96.43748102342354, 92.17001657427774, 84.07354963080493, 79.35564059203658, 83.65543309606365, 86.62782439654265, 96.35121742686293, 93.86417845453349, 91.0784647744774, 87.34097367755736, 42.09873150160453, 57.431483701799266, 72.34404003540693, 86.97467763709105, 102.45245055016707, 111.1584123534278, 120.98846814458808, 127.03305475910489, 142.66600222630268, 141.82443599363359, 136.39865037896934, 126.94240180465162, 121.56555435213811, 111.81723603855701, 104.03645897277788], [21.932008925717707, 15.521701364952364, 13.887723419715199, 22.81944774402297, 19.35208080102005, 22.315574191938552, 26.20704666248141, 62.74769790099552, 67.21598665115964, 75.32509341315568, 83.71665338289291, 91.02633599377417, 85.09300391559563, 75.75593232017361, 68.71357000156749, 28.94424046832409, 19.36434691941574, 9.299979703129306, 0.0, 11.939350740240155, 10.545043425935193, 6.899108123360003, 12.653696200320837, 20.297530666390852, 28.45929457689593, 65.25858183121349, 72.76389275031151, 80.26311755046049, 87.4364344690299, 92.91820068048116, 91.97963850096727, 87.76275407247374, 80.89392603006333, 74.15536383339038, 68.1808737967511, 36.27296672372027, 44.935156896458864, 55.47952423183518, 57.11709042601413, 66.6040444780701, 73.42344730142781, 78.07641053340348, 80.93826935112732, 79.25386950097824, 68.18096786331078, 59.710612635959485, 53.33728934929451, 84.25975344687433, 79.9322135265042, 79.30642348247116, 85.10112941705061, 87.70740686598876, 93.45072417772505, 104.23653717480464, 108.1621948630185, 106.6668106915553, 104.12164519490288, 99.01291467817252, 94.09185827417859, 85.91514709938376, 82.6558437289481, 87.78110903457714, 91.20774180004307, 100.62758142395194, 97.63168179776697, 94.41489065608803, 89.82864691871049, 33.90988076764536, 49.69703433874246, 66.31009569530804, 82.29397521245191, 98.63682202578947, 108.80537376563875, 120.01930671822606, 128.98439044813696, 145.19405076241776, 144.91521050765598, 139.94123842147587, 130.97695230028842, 126.22815455897155, 116.93527908521952, 109.88530333769862], [29.426556456009568, 22.506759388595803, 16.64256219886016, 17.389876091467872, 20.149614568182937, 26.736215577590954, 32.03243908454211, 70.48986769114052, 75.7232850205978, 84.01794713451265, 92.01524462466209, 98.49620731378546, 92.93582713549918, 83.71036785892919, 76.5398105520139, 39.924885306143956, 30.856766292556117, 21.024265925561977, 11.939350740240155, 0.0, 5.7031395288383075, 14.543910757892222, 22.600349939766005, 30.476723820516806, 38.281502078868606, 75.13764488537748, 82.28472338245699, 89.2788377932324, 95.94986806931297, 100.84238220540581, 100.10609702704232, 96.38187740232475, 89.99633169669143, 83.40565184999005, 77.45978967475405, 45.05960319378335, 53.008547519881, 62.89768513887444, 61.50516226506499, 70.84501393306105, 79.21732841802275, 84.44883102065401, 86.98400919654846, 85.65395369688206, 76.40829403471491, 68.35221185402274, 62.455792581463626, 84.77509332249247, 82.32301248241271, 83.58636828184751, 89.98894930794961, 93.04127864905335, 98.58941110040855, 108.41183436323506, 111.76873924996457, 110.00691876572759, 106.78882861979868, 101.17598846396555, 95.49440909146763, 87.23564917270072, 85.98169474230089, 91.97177757544925, 95.81711753069514, 104.49168081360807, 101.01687628273795, 97.39586707129001, 91.86971050881412, 24.5954042243808, 38.71910403485326, 57.28458086438292, 74.80112147884465, 92.20885039406693, 104.20051289879258, 117.0796347542647, 129.85548910451715, 146.03990838344913, 146.4319398860191, 142.0399023621285, 133.80370535380052, 130.00666539386756, 121.62045741742003, 116.05706734732925], [25.693559784732948, 18.09894505709311, 11.465233512361142, 14.053899174224494, 15.05981180775198, 21.97867954480271, 28.071253900632033, 67.73125333476192, 73.26371333686821, 81.6529868984387, 89.75569002040689, 96.32296859795343, 90.47873281610043, 81.13536729310084, 73.8835260133681, 36.79936872881269, 28.205512808913458, 18.79690402212221, 10.545043425935193, 5.7031395288383075, 0.0, 10.321869225614272, 18.663312846863093, 26.848979858084032, 34.81530553804256, 72.79330987348837, 80.19285401629456, 87.60618616578344, 94.36382771083366, 99.38427285467347, 98.39578182062884, 94.5167113163617, 87.90545720935728, 81.08276184916524, 75.00672607813493, 41.38031594323815, 48.41414888149117, 57.75453893361605, 56.310578874752764, 65.67012016585687, 73.95802998917218, 79.35509630682476, 82.2682275918304, 81.35980114636172, 71.88419722457166, 64.31224747849892, 59.18335016242574, 79.94091441985199, 77.17183763704001, 78.30409000344771, 84.79691458505148, 87.99819155431798, 93.76027932085546, 103.94021188982988, 107.04016765062607, 105.10683732239693, 101.83719623647056, 96.1335215956709, 90.53384496940612, 82.37759484852116, 80.81874693075939, 86.87331203245353, 90.84568678351611, 99.91678399135847, 96.23522833929304, 92.49752441135587, 86.96709573109327, 30.108323900954222, 41.002796311939704, 56.845081547177706, 73.38193767511152, 89.98918450829413, 101.1435641256555, 113.47589534297747, 125.21613254890039, 142.82239607753533, 143.49665208841222, 139.59716472278947, 131.79053311484674, 128.41975121697283, 120.77552019746543, 115.89844921138558], [18.388480447669977, 10.546656237829694, 8.30662262426541, 19.5267640730092, 13.834575319328632, 16.82550532722349, 22.07852518971523, 60.698663321831376, 65.77943290647859, 74.05562668379223, 82.49061550610064, 89.71433199003819, 83.46711706518442, 73.99989391179228, 66.8221562094616, 27.13310005647077, 18.66895131775146, 10.176550511689168, 6.899108123360003, 14.543910757892222, 10.321869225614272, 0.0, 8.673319031167596, 17.325885414494724, 25.77689255808601, 64.33886376586133, 72.11543122070421, 80.09176081717102, 87.24520103752879, 92.75195116851201, 91.49810302400473, 87.18668785406193, 80.12087367817028, 73.08806848721915, 66.9381854208425, 33.04315791490986, 40.1560855795997, 49.83158436013379, 50.93086861744083, 60.424717996577634, 67.38684186663998, 72.37554996796761, 75.70250437726986, 74.67716560174017, 63.62422184471136, 55.935673768272004, 50.830116580760006, 77.95033512953992, 73.49805707091872, 72.99229250922345, 79.00969595538395, 81.8959530702095, 87.89535246638246, 98.98344672151443, 102.45662687941537, 100.68732180774532, 97.95989175522055, 92.6565568621513, 87.72840309107538, 79.68648813220491, 76.34489526056566, 81.69466291427418, 85.3636344030372, 95.17895253299959, 91.82223052440445, 88.38427226979093, 83.64510315173368, 38.604654938601904, 50.41619594503515, 64.14504687075572, 79.06565356302497, 94.50227339162467, 103.87093327492023, 114.625293585895, 122.89116655637302, 140.93800433241594, 141.17139481700622, 136.98840118192788, 128.77701467387368, 124.8338380290369, 116.80274932770385, 111.10981818810876], [12.247593515966601, 6.931762136915114, 12.0378217251703, 25.116405070437867, 16.462686019879776, 14.322867320883761, 17.080021569352365, 53.278405493650396, 58.068484382880264, 66.25537464192033, 74.85104721120726, 82.43579094531115, 75.94597526784901, 66.4383267249199, 59.34284696141787, 18.64751790782811, 11.259823865327824, 7.540085329380895, 12.653696200320837, 22.600349939766005, 18.663312846863093, 8.673319031167596, 0.0, 8.791915510991279, 17.41167943122874, 56.20051260994582, 64.1726570802672, 72.49970207034495, 79.828588086148, 85.59317841361573, 84.13500562235471, 79.5815971354003, 72.26743089575733, 65.10549701648951, 58.9169109132038, 25.079375376168805, 32.63859966769904, 43.06457991592317, 46.265170685218926, 55.69389034381948, 61.5561413241688, 65.96891739919475, 69.21232276872708, 67.81537524626488, 55.87853067477532, 47.88404641170863, 42.6516143952161, 75.86128156708354, 70.11397719456885, 68.21656815040946, 73.63075301927108, 76.05032827596548, 81.99213027671234, 93.49390191289646, 97.48542344308076, 96.0451768038849, 93.90548126555095, 89.15700128000347, 84.8504827905702, 76.84680162220856, 72.14606342055487, 76.70711552577987, 79.93721829029646, 89.97503979548306, 87.11078138447789, 84.09728144523505, 80.17529034520899, 45.73953827294734, 57.07234107582065, 69.09302290103847, 82.56858778444449, 97.12831012758355, 105.03365249601926, 114.4100085542733, 119.92098818756936, 137.27423328025492, 137.00383596801248, 132.4530562562003, 123.8721933753341, 119.48532568564859, 111.27776387170884, 105.30878959372029], [8.828857714610542, 10.876418987911645, 18.83194283963025, 31.423056955583586, 21.863151487753957, 15.853111481586982, 14.192580070102865, 45.115592282761774, 49.61351439153412, 57.72488270629255, 66.41165950343408, 74.24759162297102, 67.6044375755931, 58.09299418446414, 51.09171076576314, 10.504219900769069, 7.551041211036462, 12.528069411219509, 20.297530666390852, 30.476723820516806, 26.848979858084032, 17.325885414494724, 8.791915510991279, 0.0, 8.696738656843783, 47.5786817835511, 55.64068653464454, 64.19522058039094, 71.59522034175276, 77.5141670374728, 75.89266162673454, 71.18805008180989, 63.73189337313972, 56.48823404139179, 50.27634811443896, 16.896242994577555, 25.790088984796174, 37.53088783161067, 42.82160273537535, 51.94818552435288, 56.67798646723157, 60.25194916890014, 62.972866895958596, 60.87164300965419, 48.41639864861356, 39.7646607182453, 34.00550919798194, 74.52415878992716, 67.65013893360845, 64.3782352708188, 68.98479667995674, 70.734161471906, 76.36728112204649, 87.96188775639098, 92.67888442327012, 91.74363842432157, 90.30772682686263, 86.29683881302878, 82.65038833946512, 74.65387241989826, 68.75634602592773, 72.34361749315613, 74.95373959873085, 84.83585456006149, 82.6798834327206, 80.25132502402789, 77.27689907729166, 52.42879782865159, 63.033565908364615, 73.64113610128908, 85.73339937199987, 99.55853047829675, 106.1392754489055, 114.17764540619116, 117.17966086774219, 132.8840818449299, 131.95787465596806, 126.85539374228823, 117.79118394364586, 112.88449966526876, 104.45565411259415, 98.35286171376005], [11.40723221618921, 17.749821459471356, 26.060044253325284, 37.704257834682345, 28.005489172419235, 20.093077808804253, 14.788878668286111, 36.72950781984527, 41.117714023335175, 49.217655025999704, 57.927570309357165, 65.87153039259455, 59.08977487814701, 49.57337909556586, 42.63496886498978, 6.854964742401819, 12.641989214028541, 20.43449314632871, 28.45929457689593, 38.281502078868606, 34.81530553804256, 25.77689255808601, 17.41167943122874, 8.696738656843783, 0.0, 39.39557490032806, 47.469814811111135, 56.213578450584734, 63.55341187786273, 69.51378428366917, 67.70162078309694, 62.92581316794682, 55.40369245117062, 48.06294444171896, 41.803995424225796, 8.922442821334188, 19.900347387650548, 33.03134908110065, 40.01870012882363, 48.55440829534944, 52.19589329101053, 54.78862605409303, 56.68296907376096, 53.73249411798166, 41.2017949038684, 31.733889016676446, 25.317886189356546, 73.02647880139399, 65.24517303790097, 60.74897121851903, 64.44661485233702, 65.43545002811892, 70.58944838683371, 82.03344735809029, 87.51781172454072, 87.15383140841843, 86.44191687676192, 83.24230797507487, 80.25139638629955, 72.2901032558314, 65.41525266132504, 67.96297786024216, 69.87226786446105, 79.33720993875936, 77.9680139818269, 76.18841248507377, 74.19098925747872, 59.17644235448132, 68.48230418473135, 77.50350816745836, 88.13223529757532, 101.17092006100341, 106.46290844331304, 113.18497079696343, 113.90056176498064, 127.63275224957842, 126.06558956474801, 120.44964904913961, 110.98737529070922, 105.69153775787478, 97.2863199513333, 91.48785533185305], [48.927527320619724, 56.66115947302773, 64.85591727488334, 75.16892187903974, 66.28097520899101, 57.65634753485214, 49.88952433664224, 20.816643302063017, 13.556140274958432, 15.413290880763588, 24.02116829617057, 34.63109883704733, 28.29917813038126, 21.780472271094585, 20.291643105884106, 38.50635715215177, 47.40050089275376, 56.71525814959132, 65.25858183121349, 75.13764488537748, 72.79330987348837, 64.33886376586133, 56.20051260994582, 47.5786817835511, 39.39557490032806, 0.0, 8.812279499654109, 19.050375882422742, 27.225896609191587, 34.73730624738062, 32.28141025896893, 26.106386320572156, 17.53001598669371, 10.833857060180414, 7.102632162462943, 34.98692187134555, 39.59118371782624, 48.44615486569447, 60.138939892863846, 64.14288046606985, 61.51690645165226, 58.38788737418583, 55.593547010411875, 47.62381457864824, 37.929766349514125, 28.216930691930195, 19.45968287245702, 91.64227269458335, 81.40690495106301,