{
	"dissimilarities": [[0.0, 8.388391209541432, 15.778617887738678, 24.00271708522706, 17.739051304807735, 9.917832206525379, 5.507743117491593, 41.146310649903484, 47.196407229661716, 55.45430814048147, 63.93243052909108, 70.39782268572526, 64.47339936762387, 56.048534706605075, 47.701601505096754, 16.550137172038905, 15.326771099353868, 18.921542814602724, 24.22401246489693, 32.4704434064672, 28.820636417554763, 21.603388803705148, 15.281413180537651, 8.949436590427187, 9.229930991157028, 43.713982473504345, 52.8901871452589, 59.929879299949675, 68.66478940331771, 74.31024730400887, 71.93647577363902, 67.39989822014435, 58.947522868779664, 51.696363015354386, 45.65914340829514, 18.973345601249267, 21.467456224888544, 30.542629626756547, 34.86842243964772, 45.64264958697237, 51.89285099541054, 57.05126665299878, 58.93819757988333, 54.20161519111959, 44.16435813245071, 35.741102537142446, 34.31408622592828, 66.38145312703156, 59.83621875842051, 59.86393846022624, 64.3856553101007, 66.27411670842834, 70.6980522448728, 80.13192898656936, 84.16189151200409, 83.14316093580273, 80.43826858314326, 77.19357261489532, 75.13508194786056, 67.23913449527734, 63.669382577836, 67.24178806569307, 69.77769590657182, 76.31976513428333, 74.48604719787814, 71.39528738013226, 69.05564557775784, 60.68363784652948, 62.243344248523044, 70.24796933250946, 78.26374394346433, 89.92036167685262, 101.73389135779513, 102.83678155712427, 107.08668224612666, 115.98741621316931, 121.63104969665524, 126.43178618268921, 118.01935338241516, 111.10624027687396, 103.91271723304197, 92.35030425263854], [8.388391209541432, 0.0, 7.58029263372299, 16.880602564670347, 10.335728992781158, 5.402328389871909, 10.12343662345332, 49.49570437796974, 55.57726753255367, 63.80839829464461, 72.30993157490346, 78.74557451178912, 72.82500849372718, 64.36500025030273, 56.02574136680414, 20.434809712660794, 15.061274500292763, 14.645598860251361, 18.03735953779061, 26.03592240385497, 21.659207547647444, 14.282826324244406, 9.436059581417975, 8.600023422259323, 15.343271309315003, 51.60639346290078, 60.91754188625573, 68.0820234457903, 76.89915757931279, 82.59300933994383, 80.29531757217121, 75.7210811640852, 67.20521519119302, 59.912868190500085, 53.807872085123314, 26.05015424077763, 27.900103318448082, 35.0061864212213, 37.60412953074071, 48.43204571299104, 55.351842702288316, 61.320307825365205, 64.44700895975026, 60.76554636746769, 50.47390804157219, 43.51596375226464, 42.367097244735625, 67.01355229765508, 61.177663728952126, 62.391961420280396, 67.62261509677249, 70.29174532637353, 75.3345861014238, 85.07702798982905, 88.2532956786362, 86.55348727913513, 83.12247782303534, 79.01459055086991, 76.3597247348106, 68.97964799605273, 65.96223956248558, 70.3919645779086, 73.74863803199362, 80.7013777423497, 78.28879220015476, 74.42734088287003, 71.23633765275622, 55.74630611663966, 57.493224616224396, 66.08734197962609, 75.28949098488374, 87.33608424041842, 100.27120616911645, 102.39684464608116, 109.2575899858521, 120.60620166618921, 127.02196329311434, 132.2994524907084, 124.47949012656885, 118.18535669169498, 111.48730106282558, 100.18528122830448], [15.778617887738678, 7.58029263372299, 0.0, 10.180003050420959, 4.552993089342657, 8.474367386686216, 16.28163907166385, 56.696928054826905, 62.87960446511054, 71.21112527455453, 79.64582433198457, 85.80419624126192, 79.99229939879663, 71.54076387013663, 63.164441914343186, 27.03451682773212, 19.871037396845544, 15.804208165559292, 15.378909964172395, 21.061917680827687, 15.930702619294697, 10.44233960501065, 10.692800273461815, 14.863190071545676, 22.784167488726773, 59.18486918904606, 68.4686816492877, 75.57603311520369, 84.25393673559007, 89.81359964059136, 87.60717504674233, 83.14863117672115, 74.71214715698041, 67.44382000595341, 61.36186888820531, 33.515446794488504, 34.65640121390409, 40.315552567832725, 40.94369189461876, 51.58761215367075, 59.24247008607941, 65.80354695859259, 69.47275558612043, 66.6327435777944, 56.8397407870957, 50.68513261597611, 49.903168746023034, 67.48386163947399, 62.62695985732359, 65.09154410191198, 70.87770542428436, 74.15169354284473, 79.50934075500294, 89.1489868589993, 91.64764203777338, 89.43960722952147, 85.42236361502863, 80.5756514436935, 77.31325717706389, 70.49975683080423, 68.24089165896714, 73.37952235008875, 77.4311963721939, 84.41436297172947, 81.56563107345433, 77.07624290077852, 73.12639992729608, 51.24448188180393, 52.24651171477006, 61.031054786045715, 71.23413667813483, 83.66934177761246, 97.65126958343842, 100.90692761339265, 110.70551632105368, 123.68572502060294, 130.6196850915229, 136.12740484754048, 128.90297105753024, 123.29691123452358, 117.26841984432293, 106.78303130054205], [24.00271708522706, 16.880602564670347, 10.180003050420959, 0.0, 7.571416264617209, 15.459084231711884, 22.946969353298815, 63.295367827305924, 69.70751589623613, 78.34347378094155, 86.47722178916634, 91.73995247657615, 86.29454346723244, 77.96853892586, 69.53392649668518, 37.012508254616996, 29.63805521087688, 24.144896723726507, 20.202899279991403, 19.292856581273963, 14.447494274862027, 15.998823422848009, 20.187875629062738, 24.86830095504037, 32.149037151541535, 67.66749378326855, 76.66227356359863, 83.37653834993729, 91.45572430731802, 96.47111526994348, 94.3967357383455, 90.3921665237232, 82.33832266813653, 75.23645003438351, 69.35792847819376, 42.54157402661587, 42.42575913709718, 46.78105846728002, 44.31380374531085, 54.55454297883799, 63.464231848528584, 70.50691577016035, 73.6764313523287, 71.70470198790376, 63.89441542237464, 58.00192293181085, 58.00382703149786, 66.11197534480316, 63.03072164266391, 67.29415745057834, 73.57647486705663, 77.3515029691261, 82.58252247851442, 91.3062408282949, 93.22076959179648, 90.66524060873331, 86.13146910349353, 80.54167703083216, 76.4361526764711, 70.39193131362354, 69.54269143906221, 75.3743297567112, 80.15097867048225, 86.45585171575104, 83.2753713841145, 78.19131308950715, 73.38416893720806, 46.53516400762309, 43.557659836883175, 51.22717844342304, 62.18488412226542, 75.23538150185163, 90.4330439076627, 95.35585352772485, 109.70462513313446, 123.18870773992083, 130.35110694401698, 135.7447386571636, 129.40786676006238, 124.9625688652057, 120.36225792336933, 112.25408975392473], [17.739051304807735, 10.335728992781158, 4.552993089342657, 7.571416264617209, 0.0, 8.573755579214103, 16.794182185972762, 57.68013314897179, 64.09138743100229, 72.5789120580242, 80.8894723174019, 86.60637611033309, 80.85905201896023, 72.36433401038194, 63.9990919606112, 30.440739806241915, 24.046447826619175, 20.355007057939357, 19.30416521703109, 22.992245257114757, 17.731108413307414, 14.295335367711314, 15.103560275994631, 18.374783515260415, 25.456463847346114, 61.28857220043477, 70.57962882883966, 77.58746054849824, 86.11761288090946, 91.44927644343035, 89.07746123906216, 84.77212156828027, 76.41203065177584, 69.16897765927963, 63.16848347145834, 35.60385624000453, 35.35737396446694, 39.880086206252436, 38.86792430263502, 49.360333207793886, 57.59353531547278, 64.43532777260707, 68.07251815059922, 65.84505194574251, 56.97183433006559, 51.47503484613724, 51.552123378664334, 63.78817031508982, 59.44327677250489, 62.57368190961684, 68.59410617596522, 72.12975569551001, 77.52471891025912, 86.93687909572805, 89.092295770019, 86.68211714203223, 82.43393692802591, 77.30506402109411, 73.77871616904713, 67.19928380088072, 65.39910492763492, 70.83819139607341, 75.2281546730644, 82.05315774989552, 79.01069110806357, 74.24501450039406, 69.96347917017982, 52.255338124207455, 50.76158042871129, 57.7289803300284, 67.26011822290498, 79.35786109599466, 93.23121856355344, 96.53365222572722, 107.22023245003683, 120.85496084130358, 128.19275279895362, 134.20405176915204, 127.52665296654847, 122.51743827598357, 117.58481336737916, 108.4864596863529], [9.917832206525379, 5.402328389871909, 8.474367386686216, 15.459084231711884, 8.573755579214103, 0.0, 8.433729429399785, 49.29241475967642, 55.708070485504535, 64.14800014236228, 72.49620639235047, 78.37989543559577, 72.50799011325284, 63.960808755582676, 55.63171064948715, 24.144343689038887, 20.132143190904664, 19.883240400979012, 22.251065715420058, 28.527033125820374, 23.834384472914838, 17.92516191967149, 14.335996258292967, 13.074784817357454, 17.95648901043322, 52.965339897291784, 62.29437947561164, 69.33313441790582, 77.98031901967754, 83.38868169939803, 80.82655028423423, 76.43410644888756, 67.99885803264789, 60.73371270453468, 54.741107863949566, 27.448288398215308, 27.08526253821524, 32.761624427583115, 33.49727961187745, 44.32945313762511, 51.92481782166286, 58.1987019046868, 61.22371765172674, 58.21773761819072, 49.04440142323294, 42.938268115278824, 43.05560672426509, 61.85280748566411, 56.3657548790499, 58.13683851944292, 63.58440214220487, 66.48914332412284, 71.55628648397806, 81.09096128938496, 83.95909376917321, 82.09054131108289, 78.47437324914944, 74.15912961022887, 71.31246311698094, 64.05722460418383, 61.41501642006282, 66.09950476888827, 69.76867588681954, 76.56236432130424, 73.97173247698744, 69.86818325806497, 66.41178853292249, 57.68371759275576, 56.69609405770735, 63.092190486786755, 71.19336334172455, 82.67619909688436, 95.17682296222044, 97.03990712008516, 104.25741550132243, 116.19081441388371, 123.07234352982968, 129.0261739140023, 121.80712901054476, 116.16176926369187, 110.81893644691466, 101.23337841930963], [5.507743117491593, 10.12343662345332, 16.28163907166385, 22.946969353298815, 16.794182185972762, 8.433729429399785, 0.0, 40.90411724271273, 47.35577857232653, 55.868864172612405, 64.14776245783179, 69.94835773730827, 64.10287346324259, 55.58801983840149, 47.232970512369945, 21.24124530145528, 20.546563705616006, 23.336695215567264, 27.537208474941497, 34.40454373541496, 30.428503774438465, 24.226438727475173, 18.881282954496868, 13.578054166148736, 13.404703399682852, 45.427814423188806, 54.54741549781978, 61.387937486429145, 69.86588061707414, 75.15340922058779, 72.51150116953926, 68.21354137881706, 59.8979643154515, 52.71028687801751, 46.838521371960596, 21.108652909639897, 20.672732833456486, 28.223627499505067, 30.55539967283493, 41.420457692533056, 48.42832698297789, 53.88244606571333, 55.50093873334173, 51.417934362118764, 42.7423600630044, 35.16634104981288, 35.28332193635374, 61.201506167897804, 55.00123826385556, 55.5585978133584, 60.27342161949961, 62.36076960087593, 66.75377325695698, 75.91375536573331, 79.69377636835823, 78.54993237818786, 75.69488425269958, 72.282902941942, 70.04492752690128, 62.23422193038567, 59.052507538475396, 62.843220155735736, 65.66843510494711, 71.98102556056898, 69.99817652986476, 66.69564281001472, 64.12399568917641, 62.25695092709829, 61.22346156792207, 67.16160546206338, 74.07049897225373, 85.18228742239847, 96.52878153227306, 97.37366569710713, 101.99458009505591, 111.28281867135098, 117.3475180629721, 122.78231409213417, 114.9736705685696, 108.74298700412854, 102.99358985662575, 93.35998240894808], [41.146310649903484, 49.49570437796974, 56.696928054826905, 63.295367827305924, 57.68013314897179, 49.29241475967642, 40.90411724271273, 0.0, 7.047201899069727, 15.807264796863782, 23.43817336404661, 29.541714188547164, 23.33493697998574, 15.007785742350565, 6.7057543500335575, 40.90443941642507, 49.00850562199869, 56.60451394301335, 63.40186509618518, 71.14967176183734, 68.71610164313142, 62.11295781356517, 55.033882270902936, 46.68173516012122, 37.557575087470674, 17.902385573972428, 21.239678204057284, 25.05518999583128, 31.903114932101737, 36.42045483472918, 32.52263736361108, 28.66996605823003, 21.557204419331253, 16.125615754267063, 13.801179153664952, 28.91438456875844, 29.040022920084084, 36.4637357979379, 44.60889434049777, 49.57206889797204, 50.12524711583489, 49.0487577543447, 42.34420993600075, 31.384530278655518, 29.188672166739106, 14.323690553326157, 13.746679153370827, 73.92396351831262, 65.63137273626126, 60.074959842850745, 59.77208927157254, 56.88553029948416, 56.60643251090745, 62.43569692384267, 70.91040405765281, 73.85611962318309, 75.45887571125161, 77.12640291201897, 78.31660968019811, 69.48011323074532, 64.02669291978752, 62.36747278549327, 59.81346808956866, 62.656356693612125, 64.50539486186389, 66.24679458655905, 68.76662064002944, 93.9288576264412, 93.67677986419585, 97.9858455876637, 100.4343613116841, 109.05544615757636, 114.85979767451427, 110.92490676302387, 101.60166691059116, 96.9819987443856, 98.18314493548041, 100.77326217427724, 89.48750662974327, 79.15801511381703, 70.15998214819173, 58.809689717177925], [47.196407229661716, 55.57726753255367, 62.87960446511054, 69.70751589623613, 64.09138743100229, 55.708070485504535, 47.35577857232653, 7.047201899069727, 0.0, 8.976731514365405, 16.798842214580738, 24.115070138035446, 17.841411586976804, 10.50978842670189, 5.4195363066607465, 45.44895351249968, 53.86719583716316, 61.68883829233973, 68.68934632767409, 76.62394657454401, 74.43433354586524, 67.73723879786475, 60.57372936880024, 52.22287512767651, 42.97989719234779, 16.465914135299137, 16.290225545296973, 18.56896865625552, 24.98297645969473, 29.676799726314563, 25.662265091799593, 21.635590593228603, 14.887004390478932, 10.716836565709398, 11.105378510245206, 33.94454079658601, 35.09835445381485, 42.417055844191424, 51.15824605110588, 55.571568029952466, 55.234095227592725, 53.34653254543659, 46.11138989791335, 34.67046867176579, 32.95377536520279, 19.336634860740713, 17.078310973714586, 80.02603610288796, 71.5940699675174, 65.44370734994614, 64.55622610794954, 61.10775422305957, 60.24111270534037, 65.47266779189968, 74.46593504953981, 77.93127623989403, 80.10090303739508, 82.35563498005855, 83.92976584318941, 75.13288058734558, 69.45216195825361, 67.1948425766905, 63.96551379576355, 66.35140279744537, 68.71003916143478, 71.08575611130576, 74.1621610912369, 98.68845339508235, 99.38966842848812, 104.31617465845399, 106.83429808654908, 115.47917899063187, 120.97462546857244, 116.7520228596478, 105.90444798501179, 99.14926764378234, 99.24920874641163, 100.80508871797333, 88.64756676019158, 77.20440771405455, 66.43257167638683, 53.07623741551728], [55.45430814048147, 63.80839829464461, 71.21112527455453, 78.34347378094155, 72.5789120580242, 64.14800014236228, 55.868864172612405, 15.807264796863782, 8.976731514365405, 0.0, 8.894199105259615, 18.80427909631039, 12.425121835863862, 8.858794074788847, 11.75409908837853, 52.1290525328953, 61.004394344871855, 69.14483179000347, 76.44575377964439, 84.76028575577264, 82.65881776500424, 75.68054511304621, 68.303822704607, 59.90090568762814, 50.551135527969016, 18.348400180167456, 13.27303545129015, 12.26200257694562, 17.91241756269739, 22.95530979399627, 18.02047955178543, 13.217889546604367, 7.037523645213137, 7.834666293866705, 12.95516377232141, 40.91578870986863, 42.40463192092484, 48.9903473010929, 58.39502800849316, 61.88390929789995, 60.23433867479002, 57.28189996492774, 49.71822206521563, 38.1010130314598, 36.87758823588901, 25.707752577119383, 23.204611612923436, 86.58978069932037, 77.8336915936509, 70.77245302540369, 69.08977024699826, 64.9551701814216, 63.467659162550255, 68.20514769701968, 77.64129812618486, 81.66276946941694, 84.53252628334504, 87.57022089050383, 89.74004171018849, 81.0154433544963, 74.90781100709775, 71.84851797783597, 67.75590427166114, 69.765700347138, 72.69437586398476, 75.85970615234035, 79.691419273342, 106.5770243394085, 108.05344528674864, 113.18393902377717, 115.44627430006837, 123.76221305736573, 128.55777845152872, 123.57096222491835, 109.97308912621381, 101.355344600003, 100.55843618029526, 101.61552520776235, 88.75565242986843, 76.203582088125, 64.0014676694634, 48.48732755951568], [63.93243052909108, 72.30993157490346, 79.64582433198457, 86.47722178916634, 80.8894723174019, 72.49620639235047, 64.14776245783179, 23.43817336404661, 16.798842214580738, 8.894199105259615, 0.0, 11.346695512397654, 6.865124769872286, 11.181771866836712, 17.951211562865886, 60.98877371743778, 69.76931148586004, 77.80049955020968, 84.95601169438132, 92.92637960061366, 90.95242280525127, 84.24163530547102, 76.99787108972079, 68.63328523201753, 59.31543989935084, 26.706179293535342, 19.64814968413306, 14.68579606015622, 14.311915238767348, 16.803449487273863, 10.59069276324944, 8.139701861567536, 10.329715993490765, 15.740473958402712, 21.592429959839997, 49.76968292106519, 50.80093836685241, 56.60806262248333, 65.26166626969726, 67.88687267953637, 65.78377490825464, 62.04209582731374, 53.091903400926526, 41.62462341167695, 43.232768283539585, 33.64253590630856, 32.05095002658124, 91.47176982623564, 83.01823749159207, 75.67113314732578, 73.29892335768518, 68.5248363286401, 65.97467364939362, 69.13618852877762, 79.16153762820346, 83.92189025637445, 87.54283397678573, 91.33070105234253, 93.87671527001734, 85.3849244827126, 79.46474003197777, 75.70014354732776, 70.9051568458322, 71.70065762985905, 75.30488648224384, 79.25577378326783, 83.71371118428443, 113.79821296320542, 114.74523288935119, 119.3023856534018, 120.79093786629852, 128.64155378754214, 132.5084766440071, 126.97083754788484, 111.75653049695228, 99.69034561453252, 97.41757578198477, 97.36035930762196, 83.85024915156468, 70.44765111084041, 57.63705653375944, 42.919126929897075], [70.39782268572526, 78.74557451178912, 85.80419624126192, 91.73995247657615, 86.60637611033309, 78.37989543559577, 69.94835773730827, 29.541714188547164, 24.115070138035446, 18.80427909631039, 11.346695512397654, 0.0, 7.380202550897161, 15.833724638406025, 23.152119884354544, 69.55520224752733, 77.84011892670566, 85.40774822862453, 92.02411865737628, 99.02464826723178, 97.10410527631312, 91.11561721500615, 84.28935850563802, 76.03899982867941, 66.90465327012383, 37.15205691937878, 30.770045099230863, 25.381535648508052, 20.978081450808556, 18.38621788231079, 13.401574912630716, 16.64124160800008, 21.651224578570467, 26.44981738634388, 31.705935061231376, 57.9179364904651, 57.646960931513526, 62.438040773823815, 69.02519451806383, 70.77623776885044, 69.07187459419946, 64.94124603059294, 53.798359084846275, 42.94075938498738, 49.109791548737846, 40.486249774666604, 40.69594858371124, 91.77597225829503, 84.2712149741764, 77.32370837045335, 74.4606988580119, 69.21860035113107, 65.31789881904581, 65.95107867600248, 76.57725543396293, 82.12911531686517, 86.4230856407807, 90.81257853932995, 93.46423453350172, 85.40679019841195, 80.30920786522567, 76.03686824916356, 70.83842953049829, 69.69493256779022, 73.96464690757871, 78.57031994510172, 83.43172859933387, 118.64293602805421, 117.4589940058904, 120.31672724584514, 120.34403162224233, 127.39996964578765, 130.0170742773622, 124.08242937061281, 108.57926485033404, 92.0636606620458, 88.09175589794341, 86.79566745299678, 72.98071015669208, 59.38291193167016, 48.18761750939675, 40.0851130293258], [64.47339936762387, 72.82500849372718, 79.99229939879663, 86.29454346723244, 80.85905201896023, 72.50799011325284, 64.10287346324259, 23.33493697998574, 17.841411586976804, 12.425121835863862, 6.865124769872286, 7.380202550897161, 0.0, 8.89411142203363, 16.88248401720298, 63.09811231335152, 71.6814891212606, 79.49350190375168, 86.37381407208035, 93.88653566579707, 91.73677315971007, 85.32316762742799, 78.23013272546635, 69.8473067805485, 60.602834765102024, 30.565383032973333, 25.120678593976443, 21.243513885347078, 20.369353681414363, 20.82480448375912, 14.78040142957213, 14.63724721289423, 16.332584037100833, 20.080340178320935, 25.07682559848583, 51.225229991473284, 50.849195672660905, 55.62575231127472, 62.96373049637697, 64.93016137078293, 63.00600253994781, 59.053571913196826, 48.85368143024191, 37.60608583641596, 42.12540723536073, 33.463468774675185, 33.82675213387904, 87.23119685282546, 79.18875361320781, 71.99014699107188, 69.36018369152524, 64.35981428859354, 61.18734913582424, 63.35754460960088, 73.61757751096239, 78.67398539230038, 82.5593785392753, 86.61613615999173, 89.23857702775649, 80.93634617068388, 75.3776013437535, 71.34974020959548, 66.37870352957385, 66.33952777418973, 70.20588477924512, 74.4373564185576, 79.1028874393864, 114.7805399419193, 113.98354713092208, 117.03257370864559, 117.4381213852638, 124.59143955303712, 127.62984335966728, 121.6320120596692, 106.01309846806492, 92.875325052491, 90.59434570758512, 91.0968532464955, 78.06728723532751, 65.30495905991049, 55.00933050094859, 45.091245862682364], [56.048534706605075, 64.36500025030273, 71.54076387013663, 77.96853892586, 72.36433401038194, 63.960808755582676, 55.58801983840149, 15.007785742350565, 10.50978842670189, 8.858794074788847, 11.181771866836712, 15.833724638406025, 8.89411142203363, 0.0, 8.50667082713155, 54.96613528802845, 63.57919107389732, 71.42473422907719, 78.36136427926306, 86.09277795043467, 83.7048328168588, 77.0877830658754, 69.88904767244598, 61.44572615003523, 52.20229995235364, 24.334125204290885, 21.65502368383824, 20.93148491243373, 24.235577408905527, 26.936697410818077, 21.36262578756668, 18.782243761117815, 15.340114758971197, 15.428679494041251, 18.749451139567928, 42.75926802793552, 41.978013294902176, 46.92215343262149, 54.565145598724484, 57.10182588861223, 55.60869701947373, 52.32271834030508, 43.07295281643609, 31.494990416043944, 34.33107812483862, 24.661992249435364, 25.663978133739146, 80.36758297970587, 72.03757108326548, 65.06389811799724, 63.02109005725017, 58.56870687184631, 56.33818101867888, 60.057167138038196, 69.76892271834323, 74.12289948152906, 77.30909902902327, 80.69634034500979, 82.99914499516302, 74.4585243583008, 68.72600225562104, 65.29777123223933, 60.95742266533832, 62.03967948129395, 65.27034743222883, 68.78617163328647, 72.91370657873145, 108.09376413514534, 107.17772576009868, 110.20125067127519, 110.97751085044166, 118.32358989760134, 122.00394192908523, 116.3183050152675, 101.99716387425404, 92.49932455873034, 91.9780233766492, 94.0582026840079, 81.968290928447, 70.38258216830451, 61.408827929005476, 51.365959345600864], [47.701601505096754, 56.02574136680414, 63.164441914343186, 69.53392649668518, 63.9990919606112, 55.63171064948715, 47.232970512369945, 6.7057543500335575, 5.4195363066607465, 11.75409908837853, 17.951211562865886, 23.152119884354544, 16.88248401720298, 8.50667082713155, 0.0, 47.446783979110364, 55.6884809205109, 63.31001477743445, 70.07371994348806, 77.65154616659765, 75.2462099361351, 68.75991899321144, 61.703739512936785, 53.338788794897475, 44.20513902640604, 20.724081899281472, 21.218007144122563, 23.042172602896844, 28.364488681211284, 32.0121611494168, 27.502227004216913, 24.28136590339798, 18.52131024722843, 15.126825005050266, 15.501405867025289, 35.297155145930304, 34.72338333618328, 40.81477365003523, 48.41408682202365, 52.21049491403377, 51.97239152760907, 49.89918723410201, 41.67407411780755, 30.233603892324627, 30.994487731193075, 18.45487143890677, 19.165424440794784, 75.87827776540111, 67.6646539830532, 61.545572803729215, 60.45476736439764, 56.83642143833553, 55.58119580076917, 60.3163718219335, 69.42690981805232, 73.0476618454142, 75.37424473858654, 77.81980466370631, 79.47664356397698, 70.76478973181855, 65.28406890547724, 62.81760882384121, 59.4675750542653, 61.37050712450779, 63.86883318754977, 66.42043148857816, 69.66396625736436, 99.91159350658812, 99.04198674426097, 102.54857798255297, 104.08441455891908, 112.08414324031365, 116.86484109361058, 112.16022595703033, 100.81237776376994, 93.78116420149584, 94.18337703956311, 96.50125808584808, 84.89226468391249, 74.11545981673149, 65.36322917637206, 55.12026198930653], [16.550137172038905, 20.434809712660794, 27.03451682773212, 37.012508254616996, 30.440739806241915, 24.144343689038887, 21.24124530145528, 40.90443941642507, 45.44895351249968, 52.1290525328953, 60.98877371743778, 69.55520224752733, 63.09811231335152, 54.96613528802845, 47.446783979110364, 0.0, 10.399668825055967, 19.68393181117767, 28.46313291732978, 40.23374608250448, 37.25543526285768, 27.662975560667963, 19.258862268131157, 12.172121094018129, 8.247418864505002, 36.375930567604854, 45.90481384609026, 53.82426518462717, 63.8417117498076, 70.76879001405267, 68.4425423962978, 62.87716527411282, 53.771769082530305, 46.43965064346627, 40.11713177054183, 13.368645869544489, 22.400039835470068, 33.02381450997826, 43.048071477200516, 52.69724001484347, 55.854519967654014, 59.7524743289864, 63.07605338383235, 57.0754789310176, 42.71972903376964, 34.47732853234754, 29.801970969174988, 77.35745648024528, 69.01700846803166, 66.59470733994921, 70.16534601058922, 71.30869035572371, 75.96665888165174, 86.7504982982108, 91.2761242686376, 90.58458445922872, 88.52044565418095, 86.19004914193955, 85.22139021950997, 76.91547590929802, 71.57232105400134, 74.09471609809533, 75.49387571116414, 83.11616443142083, 81.72273607017218, 79.48420544540772, 78.27561291242758, 68.46920154380724, 75.44345738688655, 85.94211276031784, 94.663897725525, 106.14292075162246, 117.46338002077445, 117.34842429284727, 116.68996386429781, 125.71513020604827, 131.03329305516888, 135.7517968033897, 126.05831585297125, 117.31224076085255, 107.1526073890597, 90.28415797127194], [15.326771099353868, 15.061274500292763, 19.871037396845544, 29.63805521087688, 24.046447826619175, 20.132143190904664, 20.546563705616006, 49.00850562199869, 53.86719583716316, 61.004394344871855, 69.76931148586004, 77.84011892670566, 71.6814891212606, 63.57919107389732, 55.6884809205109, 10.399668825055967, 0.0, 9.305946505424428, 18.17024072635729, 30.292786131021725, 27.48996501697907, 17.901047837659057, 10.271051350064074, 7.542331367340606, 12.640703787560643, 45.9568720810831, 55.11781694332903, 62.689127444011085, 72.17369109862446, 78.78417397368968, 76.91778955741577, 71.69055942730594, 62.91035749065258, 55.682878508774216, 49.44041688710636, 22.530557050042145, 29.762108126846606, 39.34715311049237, 46.75795123889273, 57.08853875729357, 61.717897790329914, 66.57700322451424, 70.18512395560556, 64.91915045948097, 51.55911750559598, 43.41572756613959, 39.16343194494726, 79.19548759050612, 71.94747825477738, 71.14870452760884, 75.5460822145667, 77.43223872158435, 82.41325279241637, 92.94368804114092, 96.91070301779928, 95.71279592586617, 92.95219916029188, 89.69427192516885, 87.89538511907702, 80.03744766644577, 75.64450952636646, 79.11883490642745, 81.4153669741631, 88.95701748865122, 87.082918315924, 84.06003021058207, 81.87853724905493, 58.97231344336447, 67.14731774343203, 79.36414045728357, 89.81684027844939, 102.31083802612002, 115.24322313992657, 116.8494527745888, 120.37758942587254, 130.5186056635679, 136.01840344680122, 140.26567464878553, 130.93131815652052, 122.79889036539818, 112.78676370848055, 96.5937092753498], [18.921542814602724, 14.645598860251361, 15.804208165559292, 24.144896723726507, 20.355007057939357, 19.883240400979012, 23.336695215567264, 56.60451394301335, 61.68883829233973, 69.14483179000347, 77.80049955020968, 85.40774822862453, 79.49350190375168, 71.42473422907719, 63.31001477743445, 19.68393181117767, 9.305946505424428, 0.0, 8.95023483393268, 21.48465927459993, 18.882511278126746, 9.706975084331313, 6.400911254913788, 12.063385797820983, 20.268859234905182, 54.74222791352743, 63.66441142029155, 70.96294790941607, 80.01244128526629, 86.32108374779496, 84.76159063837834, 79.82226037517351, 71.30030813364914, 64.15745275921441, 57.99198222219583, 31.148316825208727, 37.141124083229116, 45.746910193067016, 50.9494808477484, 61.55812405789635, 67.30071299005051, 72.85002886407905, 76.6066705789586, 71.97554799993944, 59.51308040757216, 51.542269938313574, 47.714885140710976, 81.12565451474406, 74.93696697628245, 75.51846008850423, 80.53736641583814, 83.00391452966804, 88.19176949845232, 98.42301623998216, 101.89426900433325, 100.28242196204167, 96.95804439797938, 92.94324623349407, 90.4446431148001, 83.06021802235101, 79.54089782138144, 83.76292942399704, 86.77649207946894, 94.17158547645975, 91.91376069429867, 88.26446893117372, 85.28619436558233, 50.714568565152994, 59.805063768259075, 73.52363613590099, 85.52014453418552, 98.84512687305042, 113.16135320037729, 116.31304801834858, 123.5426593825801, 134.61306727971237, 140.28986566089654, 144.19584979020334, 135.27021730112935, 127.762716124524, 118.09332198397249, 102.7781645149236], [24.22401246489693, 18.03735953779061, 15.378909964172395, 20.202899279991403, 19.30416521703109, 22.251065715420058, 27.537208474941497, 63.40186509618518, 68.68934632767409, 76.44575377964439, 84.95601169438132, 92.02411865737628, 86.37381407208035, 78.36136427926306, 70.07371994348806, 28.46313291732978, 18.17024072635729, 8.95023483393268, 0.0, 12.853257026857625, 10.678769443138004, 5.5016706304804375, 11.503108751311448, 19.287489244247084, 27.933462134624648, 62.833949785788036, 71.53585966016759, 78.54421881667878, 87.13068692499509, 93.08063154448908, 91.77248188301961, 87.15383282786159, 78.90777327556376, 71.8574734213174, 65.78811784767503, 39.19568025842982, 44.21058920944117, 52.05717471261917, 55.221538475323364, 65.92069648250887, 72.6636843818777, 78.73168774833974, 82.35300703475308, 78.25136077502515, 66.86340451113782, 58.908834463584476, 55.51116737034627, 82.84875345406347, 77.78637058649548, 79.6538378215368, 85.15806792582097, 88.07465457051002, 93.31610894271037, 103.07945423726929, 106.14751363779877, 104.22776543337542, 100.45033677582592, 95.80158579480059, 92.65634523169885, 85.7616168166719, 83.15024801286465, 87.98011097459779, 91.59038566013477, 98.67477426338307, 96.1259352361609, 91.96880692476118, 88.30421629812494, 42.717948623926105, 52.1986805008032, 67.31006104827577, 80.75225987950238, 94.86489781226834, 110.45474394653588, 115.14511262795902, 126.02822250593655, 137.59949027342634, 143.34212143877875, 146.8481972904734, 138.36612985955185, 131.5327470714318, 122.37213581131877, 108.26141527199954], [32.4704434064672, 26.03592240385497, 21.061917680827687, 19.292856581273963, 22.992245257114757, 28.527033125820374, 34.40454373541496, 71.14967176183734, 76.62394657454401, 84.76028575577264, 92.92637960061366, 99.02464826723178, 93.88653566579707, 86.09277795043467, 77.65154616659765, 40.23374608250448, 30.292786131021725, 21.48465927459993, 12.853257026857625, 0.0, 5.7251902430176935, 14.725821624051473, 22.87287801362555, 30.1493671992899, 38.29051673653626, 72.70642421407337, 80.93448122933627, 87.36788912771159, 95.08372007015674, 100.35283449980402, 99.44168579807378, 95.4204156376236, 87.73018084107902, 80.91535420832275, 75.08919195220064, 49.63751327616956, 53.631160048076346, 60.911851965548685, 61.50308910328789, 72.15915571634233, 80.19358048428494, 86.67657993010603, 89.41377747060314, 85.75486575380133, 76.358247559871, 67.91962376178209, 65.02399586954864, 85.34935177480914, 81.98836463523104, 85.47953573220482, 91.40512169607683, 94.66676495127881, 99.62239007935266, 108.28884488304762, 111.07751937396112, 109.00406032935624, 104.85168642800062, 99.58635960514697, 95.6271861162914, 89.38597606957156, 88.13461733999569, 93.53188620427777, 97.72199003399402, 103.95965405510186, 101.23073457677735, 96.62539762943716, 92.2301206408626, 31.13698249045693, 40.022470095194045, 57.47157541653309, 72.94760032526122, 88.34007528664169, 105.611229747637, 112.5931259168524, 128.71313417880356, 139.64846154927935, 145.0284934215068, 147.5072187721244, 139.58726425555224, 133.72453970986737, 125.35259283146337, 113.459037277877], [28.820636417554763, 21.659207547647444, 15.930702619294697, 14.447494274862027, 17.731108413307414, 23.834384472914838, 30.428503774438465, 68.71610164313142, 74.43433354586524, 82.65881776500424, 90.95242280525127, 97.10410527631312, 91.73677315971007, 83.7048328168588, 75.2462099361351, 37.25543526285768, 27.48996501697907, 18.882511278126746, 10.678769443138004, 5.7251902430176935, 0.0, 10.457967180461075, 18.881248455081938, 26.399471683545197, 34.93726763344788, 70.4319787361621, 79.05348676883266, 85.75614551006169, 93.83001692994307, 99.23041709285235, 97.93024839536051, 93.74235591210004, 85.77210388839454, 78.77661732311222, 72.82511977968824, 46.32062618074739, 49.53581999581985, 56.13965179712815, 56.49199930588193, 67.06377514977135, 75.06745371472154, 81.70461295026132, 84.95814954029082, 81.72626210833218, 72.12899980242888, 64.54827114774675, 62.265909218224515, 80.4219318160663, 76.84299895761228, 80.29818745930201, 86.31268795859327, 89.73503025544855, 94.93058716128061, 103.94310244936108, 106.45058635050027, 104.18263495620899, 99.90731392926278, 94.56902344746766, 90.67464149057523, 84.4285837206764, 83.02824031488073, 88.52289423133992, 92.83965304056467, 99.37583191155393, 96.48850790110396, 91.7547211077546, 87.30419859083565, 36.41325809074322, 42.41829748747805, 57.29694993441191, 71.60791324025867, 86.23790594726654, 102.87170976268816, 109.04936439368998, 124.00057496104434, 136.16339403855312, 142.2058292066332, 145.7327592328542, 138.16329965370588, 132.51380653897473, 124.95935714372374, 113.50479151159156], [21.603388803705148, 14.282826324244406, 10.44233960501065, 15.998823422848009, 14.295335367711314, 17.92516191967149, 24.226438727475173, 62.11295781356517, 67.73723879786475, 75.68054511304621, 84.24163530547102, 91.11561721500615, 85.32316762742799, 77.0877830658754, 68.75991899321144, 27.662975560667963, 17.901047837659057, 9.706975084331313, 5.5016706304804375, 14.725821624051473, 10.457967180461075, 0.0, 8.74517580991606, 17.02839708133563, 26.178310335200432, 62.302617030578624, 71.35666892559206, 78.53039692133042, 87.30909169303702, 93.22535383375109, 91.54013815769316, 86.88205387908725, 78.45147579650522, 71.2527150485917, 65.1048839631726, 37.49132061128055, 41.22891345537821, 48.142656447697505, 50.55975791776938, 61.1712562882996, 68.13107549828723, 74.4573916803217, 78.46997964385922, 74.95126794056978, 63.77017634860111, 56.754923512277955, 54.27353998830695, 77.67030820618909, 72.65299418415545, 74.75167257761373, 80.4254043861202, 83.57756075583147, 89.02149468683696, 98.94228866937028, 101.65393020956553, 99.50344790004927, 95.53575364813163, 90.71473392191417, 87.50825972224928, 80.71519770839495, 78.17853500904366, 83.2061051838181, 87.057411137928, 94.29682833880025, 91.54665157327872, 87.1765927635734, 83.33469519967898, 45.74062901901855, 52.2926835357995, 65.24539871698157, 77.72703772445459, 91.19881614256522, 106.3199505240827, 110.52367139205607, 121.03667148776464, 133.75405988579504, 140.13972589911054, 144.59358142984757, 136.6352073504455, 130.2682110651022, 122.26099016418726, 109.26934241458801], [15.281413180537651, 9.436059581417975, 10.692800273461815, 20.187875629062738, 15.103560275994631, 14.335996258292967, 18.881282954496868, 55.033882270902936, 60.57372936880024, 68.303822704607, 76.99787108972079, 84.28935850563802, 78.23013272546635, 69.88904767244598, 61.703739512936785, 19.258862268131157, 10.271051350064074, 6.400911254913788, 11.503108751311448, 22.87287801362555, 18.881248455081938, 8.74517580991606, 0.0, 8.681655956234668, 18.062886531894808, 54.356302651711445, 63.68830734662146, 71.13918265379384, 80.34933530797497, 86.55309886405861, 84.54719166958397, 79.60898710291488, 70.9017572764698, 63.5895103128882, 57.344960315835955, 29.154874081740104, 33.35220525394627, 40.868135578713456, 45.18101978375518, 55.761534185515835, 61.822117889328254, 67.69988705952133, 71.85427383693536, 67.91252842808491, 55.78296012906546, 48.92293542113147, 46.341492259997935, 74.91803373696675, 68.7689991865013, 69.61336584749016, 74.83510916099533, 77.57081505466945, 82.97787531016785, 93.35924622859089, 96.43747937302976, 94.57475346430583, 91.04027058867179, 86.83839662093673, 84.26948892471893, 76.97697165383683, 73.5501874413363, 77.99754840103037, 81.29390556553734, 88.83783321754166, 86.35300097693123, 82.46097390579028, 79.28412321832664, 53.41068764984573, 59.44987770971216, 70.8599977978499, 81.73948084443073, 94.33419280424805, 108.08116496308197, 110.68591634581743, 117.53402370408111, 129.81076621235215, 136.20245209831376, 141.16527704251698, 132.86934901963784, 125.95264690277087, 117.71184396820954, 103.9254717944636], [8.949436590427187, 8.600023422259323, 14.863190071545676, 24.86830095504037, 18.374783515260415, 13.074784817357454, 13.578054166148736, 46.68173516012122, 52.22287512767651, 59.90090568762814, 68.63328523201753, 76.03899982867941, 69.8473067805485, 61.44572615003523, 53.338788794897475, 12.172121094018129, 7.542331367340606, 12.063385797820983, 19.287489244247084, 30.1493671992899, 26.399471683545197, 17.02839708133563, 8.681655956234668, 0.0, 9.439440980929858, 46.03333172325816, 55.51790170249265, 63.054370594443284, 72.43027601275236, 78.69411534502025, 76.41427417865403, 71.38640354276805, 62.56363122032194, 55.191704262726105, 48.92323395073607, 20.52680766485393, 25.172549683875946, 33.897064616107244, 39.87885869011304, 50.41304555549072, 55.78917605262028, 61.064441106491536, 64.60386967940346, 60.021780942449375, 47.6862328037927, 40.30737306150285, 37.74011464014298, 71.80221957756504, 64.81343369105198, 64.51403512993437, 69.16705058336915, 71.3153662457937, 76.36726648210279, 86.75084067820808, 90.40544973505496, 89.02409620782461, 86.06311566586811, 82.59393195108795, 80.6141913976877, 72.83460407745125, 68.7638971134969, 72.50749233243852, 75.14496843195292, 82.57043993462965, 80.49659758296701, 77.21156429373458, 74.76857398911733, 59.80865843814356, 64.59798562705673, 74.50482302272178, 83.80193515466314, 95.69153369064598, 108.1124544184661, 109.38364552051867, 113.2024703340894, 124.00906805070433, 130.07337018937682, 135.16112384075265, 126.53877149596735, 119.19160823294541, 110.91301026085577, 97.04821996566271], [9.229930991157028, 15.343271309315003, 22.784167488726773, 32.149037151541535, 25.456463847346114, 17.95648901043322, 13.404703399682852, 37.557575087470674, 42.97989719234779, 50.551135527969016, 59.31543989935084, 66.90465327012383, 60.602834765102024, 52.20229995235364, 44.20513902640604, 8.247418864505002, 12.640703787560643, 20.268859234905182, 27.933462134624648, 38.29051673653626, 34.93726763344788, 26.178310335200432, 18.062886531894808, 9.439440980929858, 0.0, 36.80745797059664, 46.36451373115998, 53.933097866574116, 63.429896959727856, 69.75243601512594, 67.24278573263331, 62.133996095015185, 53.23493396507377, 45.83073935979917, 39.55756045831277, 11.404967507990278, 17.825127229177383, 28.72313988600546, 36.9215504177417, 47.057349821304044, 51.41318968050457, 55.70455119577045, 58.112346426588395, 52.44715510843635, 40.0109063533641, 31.29172976653395, 28.30297277770111, 70.70468552018852, 62.90479531559751, 61.20767220195462, 65.02377526534582, 66.31080385494309, 70.74166759397785, 80.91528657703554, 85.40473653283772, 84.72021673215792, 82.54967311102229, 80.04395883722496, 78.77440711522964, 70.50090969612948, 65.75168297687387, 68.51464183748287, 70.21825966421244, 77.30369789875135, 75.84239446653287, 73.41509857233235, 71.93943474096476, 66.61235617137812, 70.64583863082095, 79.46544558729175, 87.31810534949194, 98.57462395639273, 109.64088349049715, 109.62513193199698, 110.219368725275, 118.75061660267065, 124.15805989057006, 129.0356098815652, 119.87776942191685, 111.88948175844924, 103.24083347757468, 89.04240704837834], [43.713982473504345, 51.60639346290078, 59.18486918904606, 67.66749378326855, 61.28857220043477, 52.965339897291784, 45.427814423188806, 17.902385573972428, 16.465914135299137, 18.348400180167456, 26.706179293535342, 37.15205691937878, 30.565383032973333, 24.334125204290885, 20.724081899281472, 36.375930567604854, 45.9568720810831, 54.74222791352743, 62.833949785788036, 72.70642421407337, 70.4319787361621, 62.302617030578624, 54.356302651711445, 46.03333172325816, 36.80745797059664, 0.0, 10.312486758324296, 18.718452875787463, 29.754509390612927, 37.29873770819538, 33.88558081261905, 27.528133082484363, 17.98348885165754, 10.99168346664668, 5.663827288837467, 26.680106678563188, 31.449614306916725, 40.24984833122736, 52.61132452150653, 57.97841728984349, 56.574811862725674, 55.296611362329585, 52.41449571946293, 41.89185351250719, 31.94744239560397, 19.693828344968708, 11.307077082893882, 