{
	"dissimilarities": [[0.0, 8.356180811045677, 16.52082317670212, 27.76193791353785, 19.364345921215595, 10.88878179600473, 7.147414686884273, 43.7459548681371, 48.84643248866519, 57.625569778297894, 65.29904571665625, 73.04552794614204, 65.82317292196537, 58.56971760404225, 49.32412951045235, 13.342853798634344, 12.468557863725621, 16.39085961629798, 23.315952916051447, 33.33332867725678, 29.08562318966011, 20.406778648018584, 12.803341305169566, 6.486226178667301, 8.659944572839944, 43.7308468470563, 51.9550150060254, 60.42800328915889, 69.4362931452465, 74.68184500085535, 72.77439262309495, 67.12370182639164, 59.619669552974365, 52.21463789723541, 45.98828875061444, 19.751036512450607, 24.99286353354711, 32.239807313089344, 37.700143807742506, 48.559805582681925, 53.42163361592737, 59.02934503252319, 61.69786771759443, 58.82175043427219, 46.69143569955255, 39.70069140068554, 37.70262670452414, 66.70489401679288, 61.059944429661016, 61.24109936190308, 66.30131481326072, 68.58431831503648, 73.0002753902436, 83.64231505203226, 85.1878847568161, 83.50566192505553, 81.32075805549563, 77.67763649715525, 74.5125885085027, 66.21401419071007, 63.669934692978366, 67.9888403568958, 71.54358820043045, 78.06010523097474, 75.10053757086874, 72.49650273680453, 68.5679454262699, 60.049278456998316, 64.36295193059365, 71.36724517143129, 77.67445305075984, 89.47167528910414, 98.27237910042767, 104.08767276553918, 108.70317366508804, 115.43447410639307, 119.70477987917997, 127.4471136510425, 118.62002512781254, 112.04941076529623, 103.61250176388788, 93.00522196336779], [8.356180811045677, 0.0, 8.85590621272075, 21.15167295783703, 12.705413749503283, 6.890251726035269, 10.94330058539767, 51.96395923575193, 57.10112880655872, 65.96624348443098, 73.61215540599616, 81.2409298598784, 74.08239205886044, 66.80263835965125, 57.51191753822722, 18.83378374673817, 13.855961352069295, 12.810676663392453, 17.21029966229525, 27.069321281740795, 22.09918532855105, 13.059851678944714, 6.554795341053529, 8.871733455927368, 15.83787221406979, 51.91920539308118, 60.18325694798735, 68.67166510053964, 77.6486387340432, 82.9172769011475, 81.08172668375032, 75.45256251984902, 67.9567453466727, 60.56329631374997, 54.32869747673245, 27.829867694716928, 32.03997169987952, 37.510391663962785, 41.03453339057509, 52.03702942060984, 57.513671560892, 63.84189544034992, 67.49265664148658, 65.54822968898792, 53.62064638444943, 47.680523230706385, 46.03083778918629, 67.86619794742549, 63.17487866717773, 64.3049516133093, 70.13389946477662, 73.1278137581118, 78.07099318257778, 88.91101885146831, 89.67675000338942, 87.38092115467644, 84.47623318642174, 80.00331720487664, 76.24923452223742, 68.16246195729784, 66.49055303883934, 71.73172625061216, 76.02671319799799, 82.9366361271739, 79.38890109702119, 76.01918308777582, 71.19021406569541, 54.91126343406706, 59.342177782624404, 66.85894496430427, 74.16049821926745, 86.653670860359, 96.3925380471474, 103.39023995226724, 111.00661056484543, 119.79690219794008, 124.81626058451565, 132.87726578730403, 124.57852258935992, 118.84910898065472, 110.82684515119044, 100.53480269738769], [16.52082317670212, 8.85590621272075, 0.0, 12.602366375715558, 5.0954871084163305, 8.646851252588885, 16.332116598053695, 58.875680705847174, 64.06334085200326, 73.33074219480892, 80.76792557019178, 87.90067811581191, 81.02086358459061, 73.709312214188, 64.28667726536317, 27.54480516442614, 21.231394986760385, 16.404913108280518, 15.144635382692645, 21.18990627555679, 15.537830815149201, 10.19006507500914, 10.90423005960829, 17.56940487710688, 24.587776292637155, 60.192952656530345, 68.29749323514079, 76.47651775924493, 85.07847952405956, 90.1272762289239, 88.39187965095722, 83.04737406871027, 75.7221695501645, 68.3213372070331, 62.188503808559155, 36.117236825906005, 39.32043725457906, 43.34681374866996, 44.088544212884756, 55.09177985349758, 61.58671324062101, 68.5941592098492, 72.25914340869309, 71.0415987698173, 60.49199914127914, 54.84165104020083, 53.817342934135695, 67.69798678740771, 64.51356506944035, 66.81561887660611, 73.31398239278086, 76.86979973051095, 81.95474440283502, 92.32972248252733, 92.57831288062452, 89.89594299411885, 86.33073526655211, 81.14127270043976, 76.71253872383949, 68.93132696901944, 68.56478661202968, 74.68624767313355, 79.49536915996794, 86.23853365504846, 82.29620342977823, 78.33412633521384, 72.58246747564921, 49.45541266832562, 51.823733746857116, 59.16301987469969, 67.2540749071478, 80.53183107123283, 91.34819560719339, 99.67955905359504, 111.30659364524476, 121.38960399266011, 126.83023279696296, 134.76761324395457, 127.09457852050996, 122.58817133321268, 115.45135611350088, 106.66493632624768], [27.76193791353785, 21.15167295783703, 12.602366375715558, 0.0, 9.18678132628447, 18.425035092285878, 25.488297754114907, 66.82446940836198, 71.98198419223516, 81.77871795737488, 88.78018794414668, 95.01186358935401, 88.67668569468131, 81.41318902042737, 71.91816253369733, 39.67709948836201, 33.070399662071246, 26.886916406529817, 21.40372064866513, 18.621641381223597, 14.07988705918787, 18.253166256768967, 23.01640283949482, 29.888965022440058, 36.28851367470591, 70.43562404412224, 78.16813127284021, 85.72226376897719, 93.59734027174832, 98.19006390414037, 96.60959327287375, 91.8131976499375, 84.85417394974058, 77.51063136003016, 71.62991869882181, 46.79311655187551, 48.95430730984046, 51.632396645092015, 48.879262109415464, 59.51333903746263, 67.32413564164281, 74.94885479726142, 77.84697445061809, 77.30178240468632, 69.21004160777737, 63.46013276355142, 63.27193081903603, 67.42002134702273, 66.54375148333058, 70.32851973080413, 77.41061473660565, 81.43451634251369, 86.3102345580086, 95.49394678863057, 95.3690543694059, 92.46203350266694, 88.21928464781774, 82.35367541876866, 77.10979798904926, 69.87438131807205, 71.39681790824535, 78.39992855499086, 83.54841544989792, 89.56126187427842, 85.37026046994582, 80.91963325253016, 74.15380693517612, 44.0414957807596, 40.71344082906755, 46.91520561742894, 55.94182437183331, 70.46137969920575, 82.8619028421375, 93.04640782835808, 110.5375368827262, 121.37473756934847, 126.97642303073894, 134.29536660037758, 127.48865365725815, 124.79267903254312, 119.11881057940268, 113.06864643777021], [19.364345921215595, 12.705413749503283, 5.0954871084163305, 9.18678132628447, 0.0, 9.4788096077718, 17.25635532989078, 59.85004908845081, 65.1432616339861, 74.71892760018508, 81.93968516392933, 88.6610739369669, 81.92907635643273, 74.569834220341, 65.1326359497769, 31.442588998006634, 25.851184401896656, 21.379034240664357, 19.27239341102674, 22.521353344102796, 16.970406372155768, 14.62525521942602, 15.879449663478455, 21.568516824162064, 27.811862105448082, 62.550784150955884, 70.56680281377403, 78.57493328020793, 86.9394535192443, 91.7138217567125, 89.88350933545092, 84.75997738599405, 77.53480993104601, 70.08815233441528, 64.05778559191523, 38.3530516156608, 40.387220035625006, 43.374563680506455, 42.32189778006885, 53.223719285682364, 60.32952484577867, 67.66285075956529, 71.10937352315112, 70.37485780428904, 60.98055470344776, 55.70381216512037, 55.49751805994731, 64.185271439261, 61.74884328700041, 64.61837800343491, 71.38086234649398, 75.16615566693463, 80.23089004386445, 90.25074132044344, 90.24752319520874, 87.42725005941065, 83.58841981990889, 78.14520460986486, 73.4379228178465, 65.80709180840208, 66.10965325771853, 72.60279731039317, 77.59349833295438, 84.13439379733636, 80.03006207944725, 75.83397149766297, 69.68742991499235, 50.14726055153782, 49.38214479658386, 54.922628898935216, 62.45728718994094, 75.47252825259034, 86.29012094547724, 94.81494740171802, 107.74927531693915, 118.31064369684006, 124.05741575295905, 132.27097536984286, 125.14728371718418, 121.50904100740276, 115.43669633470321, 108.25393575921169], [10.88878179600473, 6.890251726035269, 8.646851252588885, 18.425035092285878, 9.4788096077718, 0.0, 8.383758202238003, 51.41342510565874, 56.787238208704906, 66.15205830936821, 73.50577412834494, 80.58797615358567, 73.56442384790253, 66.16109949715576, 56.81855074379047, 23.55558556592816, 20.24396010819795, 19.336278089723677, 21.843777403140965, 28.97558381741588, 23.750670181062134, 17.25668430528701, 13.031452545481683, 14.313866588205336, 19.16903030060081, 53.56345873919706, 61.73871763731392, 70.03735222727755, 78.72827131276632, 83.58812895475138, 81.54087162231696, 76.19956169769192, 68.80378816933595, 61.29683576297926, 55.191244020561406, 29.066228861100594, 31.078333624840393, 34.94730583168495, 36.13008442665826, 47.22923521349553, 53.529817363905266, 60.32631643500303, 63.71643059837905, 62.43625609069019, 52.014872695849576, 46.729677170681455, 46.489467670772754, 61.6418909782929, 57.584906463770906, 59.29432906027519, 65.44394740399764, 68.71025847158454, 73.6587229631361, 84.1744716443951, 84.63716003397842, 82.18442746424958, 78.99452339846293, 74.28027008985075, 70.26356061754664, 62.24956304485278, 61.21979138900794, 66.8796489328913, 71.39363755246875, 78.11859936716513, 74.36328249836208, 70.73099786943376, 65.48770678139809, 56.776781372822235, 57.41068757845045, 62.427570069394264, 68.60946647415625, 80.35844876560094, 89.68165717682686, 96.50605570785557, 104.84505368127945, 114.15841237392145, 119.63006045946257, 128.28649326026198, 120.71435474236617, 116.07027180659246, 109.58937243680064, 101.58131729367526], [7.147414686884273, 10.94330058539767, 16.332116598053695, 25.488297754114907, 17.25635532989078, 8.383758202238003, 0.0, 43.03014533777854, 48.410451066389825, 57.81492931130876, 65.13328052856961, 72.22074915831111, 65.18173588284536, 57.7830042793613, 48.43772497101979, 19.75420124287454, 19.51432899386369, 21.944541487488433, 26.863458451870358, 34.666518098985655, 30.17505255260413, 23.315942896638216, 17.210713052465263, 13.267438152065004, 14.135424688336501, 45.78338467356166, 53.819985097058776, 61.98576923651744, 70.59384761003189, 75.35457256468979, 73.23754690014665, 67.95339755582255, 60.605161047024325, 53.0920444302251, 47.05106963893907, 21.668927043225423, 24.00201866941112, 29.498315282789793, 32.40066442025399, 43.49283635700016, 49.31188396216459, 55.42146901756024, 57.618660954001385, 55.36951684079984, 45.04876287763557, 38.62013717315372, 38.32694133292129, 60.35160708676468, 55.33381282731822, 56.08148358526476, 61.44538146350276, 63.966204414326086, 68.32194144164974, 78.55226698463647, 79.87328050289341, 78.09065644328065, 75.65121148991204, 71.81478838888445, 68.39611990788967, 60.13287845288006, 58.24057836975984, 62.95583419620794, 66.6827177099298, 72.92378775365016, 69.7952786496207, 66.97738685273706, 62.65482025740964, 61.44360548763584, 62.139873965809606, 66.79563594412943, 71.96946420061282, 83.02780397783634, 91.39476438539565, 97.00027133285782, 102.35499554965897, 109.40524838320493, 114.0544870714066, 122.31451876247786, 114.20172744190978, 108.7778448287702, 101.97973225312553, 93.9350281295277], [43.7459548681371, 51.96395923575193, 58.875680705847174, 66.82446940836198, 59.85004908845081, 51.41342510565874, 43.03014533777854, 0.0, 5.794180227195391, 15.708325081883173, 22.265407194653417, 29.51079944234184, 22.1710210235396, 14.866059663348626, 5.6694830090480925, 41.77888239924992, 49.36217601051714, 56.949469441934895, 64.7406757848956, 72.71378083976768, 70.07812021422434, 63.38619762952482, 56.14378811650285, 47.248361714274886, 39.27984603129544, 18.11088203012338, 20.011884349897386, 24.323743739808414, 30.99377492960866, 34.29147559944445, 31.28660163706683, 26.895823351362434, 20.775616856938882, 14.355703358341627, 12.07623623010228, 27.29679011325231, 27.83579626509673, 35.54693226550354, 44.07250444753647, 48.503202566930966, 48.96566737346775, 48.44082031677314, 41.510593280351905, 31.576757679080625, 27.408091611296577, 11.9509891186644, 10.928966424822473, 71.03680962750657, 62.93089371006641, 58.6562068594035, 58.02969183886995, 55.29481401332375, 54.58811340726438, 60.7209931462684, 67.5595083856888, 70.24217720351638, 72.61864605381965, 74.25008238911956, 74.54519020140957, 67.04043772874437, 61.36513763623018, 59.55173248197402, 57.50803377298865, 59.14614382512869, 60.800312669309285, 63.535989602486204, 65.34068383084235, 94.0943234985302, 94.99649618042416, 98.09461135524144, 99.34536506082195, 106.75552352358297, 110.47849812627642, 110.24371304522653, 100.23074747094785, 93.55884951911392, 92.58413074116726, 97.74821992100102, 86.38707475607788, 75.364779188646, 66.28694560172772, 58.19844517251104], [48.84643248866519, 57.10112880655872, 64.06334085200326, 71.98198419223516, 65.1432616339861, 56.787238208704906, 48.410451066389825, 5.794180227195391, 0.0, 10.4540861967754, 16.817773335844254, 24.309991948774666, 17.11728199085909, 10.346617271699431, 3.2355900357142002, 46.198501876212276, 53.76977442716142, 61.4265135603037, 69.27442126354813, 77.169104572132, 74.79149334640911, 68.21000918479807, 61.05896273052379, 52.13926301883889, 44.12215142863931, 18.461803379158006, 17.647021027887227, 19.797638207710406, 25.496402902929933, 28.53353056015771, 25.591222246584643, 21.530370737007406, 16.18037853945911, 11.074795671077412, 11.450752829512693, 32.20787545221872, 33.327347284651076, 40.96157133447052, 49.53266852357153, 53.439825950231956, 53.45033822968892, 52.25010818256378, 44.45405576468238, 33.85594105866959, 31.051952426627636, 16.715190282160744, 14.537476332164292, 75.75321678983353, 67.64761253247764, 63.09223129112203, 61.90456210574998, 58.64985947467132, 57.260343853746335, 62.43058338832827, 69.97507760989764, 73.21730429067271, 76.10695908998537, 78.27213327691823, 78.87446592500915, 71.5738298895184, 65.76576789250234, 63.37445453087448, 60.70922633330721, 61.59042489055364, 63.87179835031562, 67.20028283941141, 69.55308073690385, 97.67434101001822, 99.07763584034463, 102.57547115625945, 103.81482022527568, 111.22826840906374, 114.80737876851545, 114.2662481063796, 103.27094949415817, 94.60578254485738, 92.48618945690959, 96.46970731152186, 84.35486446919722, 72.09518938886426, 61.82641876234625, 52.895619593008924], [57.625569778297894, 65.96624348443098, 73.33074219480892, 81.77871795737488, 74.71892760018508, 66.15205830936821, 57.81492931130876, 15.708325081883173, 10.4540861967754, 0.0, 8.16220500795539, 18.049032658658337, 10.580651406373946, 7.975942866328781, 11.995337190335627, 53.29255807053622, 61.32259785320715, 69.42181560160815, 77.71934491964348, 86.17329818549322, 83.90154196639953, 76.87008332230657, 69.47104436856998, 60.27145304702993, 52.045097893866355, 19.709872538704, 14.296489327651736, 12.206904228770906, 16.87474741760984, 19.772447484093465, 16.105020029397693, 11.386902500876918, 7.186449589197367, 7.799671587077563, 13.379771260260432, 39.828996873631766, 41.17224038284641, 48.45860182073735, 58.05930074116717, 60.92408870162335, 59.552794589308576, 57.02058966710167, 49.01861095977634, 37.977120105637674, 35.38551559036587, 23.933046467796174, 20.947817304189307, 83.7672729885922, 75.0755076853844, 69.69815370367213, 67.5115727226907, 63.47760356421617, 61.43807927453274, 66.01395865900588, 74.16603229573693, 78.01527895239016, 81.73489918365748, 84.74514161835279, 86.0420633573079, 79.07076440066862, 72.5147023726421, 69.04554646205085, 65.53845257309857, 65.9440239470888, 68.97772199695937, 73.0999925509297, 76.49729187285492, 106.19123636503438, 108.91409212315877, 112.93518176546075, 114.14315602468241, 121.27421677209107, 124.31472330442735, 122.9782641515673, 108.83579653499372, 98.16631709161804, 94.98504893508283, 98.29303805203051, 85.42790765132563, 71.12059580925889, 59.11759920748141, 47.33211311964356], [65.29904571665625, 73.61215540599616, 80.76792557019178, 88.78018794414668, 81.93968516392933, 73.50577412834494, 65.13328052856961, 22.265407194653417, 16.817773335844254, 8.16220500795539, 0.0, 10.365363888342515, 4.438982698890701, 9.049955628767304, 17.337823495095257, 61.38186144678289, 69.31817560114419, 77.28843258231365, 85.40303776907969, 93.44223599304163, 91.27541817194806, 84.56803355457032, 77.29259473035718, 68.17136162351875, 59.98178707726665, 27.627172884470575, 21.27767028466322, 15.894339166624734, 15.1700768391758, 15.012572976662529, 10.492596585331247, 9.544444855868624, 11.636954415008898, 15.662650071946736, 21.506216159055484, 47.72280384241284, 48.333607384721425, 54.688613565728225, 63.35883082532794, 65.24022886855745, 63.54515267454087, 60.27373864900738, 50.8025161624409, 39.505172248808655, 40.20672697640401, 30.345997386585978, 28.819731900321642, 87.11071149843791, 78.64829479280209, 73.03040502860087, 70.06951366329567, 65.3740054214039, 62.27334862418318, 65.13165539143658, 74.13796610571288, 78.770527678017, 83.17246213299624, 86.9671098898643, 88.70805954699297, 82.17686324108797, 75.65373001546921, 71.42083062237025, 67.046214354705, 66.15269063755666, 70.042474314213, 74.97371174795595, 79.11393201598183, 112.85768617920101, 114.69599798306855, 118.00186134137955, 118.48448723225526, 124.90415362506607, 127.19841367016646, 125.01924821548837, 109.11160703001018, 95.70405197690187, 91.18034684102649, 93.49715205268137, 80.22888478715647, 64.96923567020164, 53.148856600481764, 43.432121071436164], [73.04552794614204, 81.2409298598784, 87.90067811581191, 95.01186358935401, 88.6610739369669, 80.58797615358567, 72.22074915831111, 29.51079944234184, 24.309991948774666, 18.049032658658337, 10.365363888342515, 0.0, 8.513141067406329, 15.380887323147068, 23.94279933626246, 70.27337449043966, 77.84349954173747, 85.42067460209068, 93.05317517016668, 100.19451582657514, 98.20123085746093, 92.21702290226865, 85.28660596739206, 76.43609259702868, 68.41681830005751, 37.75304276484593, 31.525706424983966, 25.086061260628743, 20.331282066144997, 16.307045542078587, 13.13142179429471, 17.29913460880105, 21.788008704151927, 25.80185135214879, 31.311357746544818, 56.33149366345698, 56.175734440667696, 61.55825704674175, 68.45748414616754, 69.4688209949503, 68.0255911129723, 64.39880347223183, 52.99073203131837, 41.771076996922716, 46.793277055844136, 37.82188393662288, 37.7894481833926, 89.38101115372052, 81.68055095084843, 76.20120359090191, 72.63826448140051, 67.39884870467206, 63.015161420674794, 63.278134229493126, 73.31395236665286, 78.8573647294931, 83.84963836891257, 88.38081294363924, 90.4041719198301, 84.42204586863366, 78.43088162595615, 73.66110765997223, 68.44234327050988, 65.70366557681488, 70.5308387640379, 76.2618797065551, 80.9390188234164, 118.69563536178549, 118.7403496895045, 120.87941073849355, 120.36342178371477, 125.91752523696175, 127.4204796534303, 124.43045779028031, 107.73445978377754, 90.75938206782148, 84.33239872331842, 84.89570825739361, 71.14116125407023, 55.155152245081524, 44.445423513451516, 40.54135221104393], [65.82317292196537, 74.08239205886044, 81.02086358459061, 88.67668569468131, 81.92907635643273, 73.56442384790253, 65.18173588284536, 22.1710210235396, 17.11728199085909, 10.580651406373946, 4.438982698890701, 8.513141067406329, 0.0, 7.52575431357455, 16.799576857454415, 62.67682287042948, 70.59046629153704, 78.43161509995525, 86.36689524546559, 94.1283749678517, 91.83982359663844, 85.31613477378569, 78.06955010908264, 69.0197330736035, 60.87506259142208, 30.004466786341343, 24.51940209437487, 20.116133826921857, 19.324260364882715, 18.24142391383428, 13.774462253323213, 13.88313241037346, 15.394470352697423, 18.17451940982501, 23.47275364358106, 48.489028048711575, 48.15888541928791, 53.730758789290306, 61.56870768754537, 62.945565317700954, 61.30277557037219, 57.899449937542194, 47.66067433799972, 36.32264566981202, 38.955225088829, 29.782025329047382, 29.75418640983211, 84.1801609795323, 75.90704490970671, 70.2926370764968, 67.10664641730209, 62.2335325263703, 58.75564273059669, 61.04014695093819, 70.26007686554004, 75.10248127591309, 79.65459038618187, 83.67083905815412, 85.52780002953091, 79.1828315380656, 72.78446001034655, 68.34929792081668, 63.71234323880737, 62.33400296839333, 66.45272047995492, 71.61398601470559, 75.95070292557179, 113.82183511137606, 114.4450999512775, 116.77669218817852, 116.63990703323552, 122.44445304912804, 124.2316862914357, 121.61518569613361, 105.14593332821367, 91.28637551585526, 86.79656776825857, 89.61595644868667, 76.7588148842287, 62.15274067007664, 52.11438240904921, 45.62374580226403], [58.56971760404225, 66.80263835965125, 73.709312214188, 81.41318902042737, 74.569834220341, 66.16109949715576, 57.7830042793613, 14.866059663348626, 10.346617271699431, 7.975942866328781, 9.049955628767304, 15.380887323147068, 7.52575431357455, 0.0, 9.538969852388258, 55.86691760635972, 63.77115648649803, 71.55996520028535, 79.45595181808365, 87.29132123161997, 84.82131037897881, 78.2173392799051, 70.92306270558127, 61.8998388495897, 53.790553646896896, 25.02931665074516, 21.43591067019036, 20.08461674845258, 22.69647717069843, 23.540544258974368, 19.44805155462819, 17.127322474833417, 14.811995091241622, 14.141781145599376, 18.047939794820294, 41.38016550687375, 40.819690400056956, 46.60565323772053, 54.54319170118048, 56.54143970226055, 55.379030672280294, 52.672415672083524, 43.11959306714415, 31.819158815729054, 32.972129158380184, 22.505066476578246, 22.961889269135323, 78.26767955871539, 69.94784446332483, 64.61319650829168, 62.06495023969681, 57.727280755175855, 55.020910667846806, 58.625743875953845, 67.1639198798131, 71.37442080341776, 75.32498609982481, 78.69830060172265, 80.15904079208971, 73.47345404032106, 67.18504572327893, 63.398359567300645, 59.440630538326715, 58.98514510550448, 62.39838084154873, 66.91275732237659, 70.6107958750971, 107.71419789557503, 108.10793528407126, 110.33595539025508, 110.41034590843196, 116.46948642140524, 118.64461648457491, 116.57564317865115, 101.67190372721272, 90.2259102940212, 87.10998128390544, 91.19249333138475, 79.02384636021779, 65.90546052381178, 56.77096013222093, 50.27266295035154], [49.32412951045235, 57.51191753822722, 64.28667726536317, 71.91816253369733, 65.1326359497769, 56.81855074379047, 48.43772497101979, 5.6694830090480925, 3.2355900357142002, 11.995337190335627, 17.337823495095257, 23.94279933626246, 16.799576857454415, 9.538969852388258, 0.0, 47.37182184648746, 54.92405184075242, 62.45998946225025, 70.1518633680407, 77.83369209332585, 75.32954792289902, 68.8780881106937, 61.738960450329195, 52.89200864526509, 44.93896114618807, 20.863300633527217, 20.407698107864714, 22.452367828218964, 27.58932770340769, 30.018626105489556, 26.806645623834847, 23.233062089712885, 18.308714049697485, 13.532389907454858, 13.894525823305884, 32.928007408868275, 32.980362538730255, 39.83338455259389, 47.732788858313256, 51.23971753532712, 51.297325835884216, 50.0214051861885, 41.67264330784691, 30.99913992512244, 29.59274459119419, 15.772246796726392, 15.725334740920587, 73.20977066431426, 65.19198878636911, 60.61878185196502, 59.28672231431649, 55.92643035003686, 54.33400989904958, 59.26686972707881, 66.8871296820659, 70.22387616696032, 73.18660659045953, 75.48324943682063, 76.16293512653513, 68.96203631535828, 63.21179379359647, 60.68945738914271, 57.87378051131343, 58.50863541458982, 60.88878650286473, 64.34331664229278, 66.81919025503366, 98.61579957784994, 99.01963626486784, 101.68327522115479, 102.40842392667813, 109.31622037286084, 112.48659203231212, 111.60260282331234, 100.15745687907807, 91.39456157899154, 89.45427816280318, 93.9506457960803, 82.2146048435572, 70.52872381526895, 61.494829129120845, 54.48505663053829], [13.342853798634344, 18.83378374673817, 27.54480516442614, 39.67709948836201, 31.442588998006634, 23.55558556592816, 19.75420124287454, 41.77888239924992, 46.198501876212276, 53.29255807053622, 61.38186144678289, 70.27337449043966, 62.67682287042948, 55.86691760635972, 47.37182184648746, 0.0, 9.786019802709218, 18.99501385235933, 28.800103800812572, 41.19357122909624, 37.65617021953466, 27.3725149679102, 18.97094539912806, 10.051870688228433, 6.127847156605244, 36.36825514055753, 44.75571931906324, 53.82909508526108, 63.62131017475938, 69.58409185138574, 67.79028925183599, 61.462186330566006, 53.73335808061336, 46.731283808584614, 40.42716585757087, 15.758943775028007, 24.86998213489471, 34.5044830417114, 44.49911550327225, 54.32099002547818, 56.99885846843772, 61.16205195138507, 64.31635044425262, 60.26248925799523, 45.19105646915506, 37.92853208936518, 33.32372181587924, 75.60084490105713, 68.30375743736171, 66.92885350548161, 70.91978873059657, 72.40086502702897, 76.67136919364738, 88.00222415840776, 90.12539312542451, 88.86891353868475, 87.53595251365137, 84.74560311262685, 82.46314704283448, 74.1188616563072, 69.91676375636366, 72.93991759219674, 75.78530150596764, 82.64231144623359, 80.23628702726789, 78.3963475377177, 75.74283376729241, 66.30388085763695, 75.22019836074679, 84.21063689412117, 90.95139200747433, 102.70850157158641, 111.03056959199891, 115.98553893010113, 116.51159630972533, 121.98917473266029, 125.60653254217354, 133.07206103733418, 123.13196784705717, 114.36039799456476, 103.55259158918702, 88.72080450315231], [12.468557863725621, 13.855961352069295, 21.231394986760385, 33.070399662071246, 25.851184401896656, 20.24396010819795, 19.51432899386369, 49.36217601051714, 53.76977442716142, 61.32259785320715, 69.31817560114419, 77.84349954173747, 70.59046629153704, 63.77115648649803, 54.92405184075242, 9.786019802709218, 0.0, 9.317805494626187, 19.25929511564943, 32.016653594362246, 28.768661547562306, 18.583419136742865, 11.474396010180714, 7.3490045420038355, 11.851961428060502, 45.07801625202362, 53.123404883441594, 61.674386131340555, 70.98497657193256, 76.92503748853335, 75.5172756145911, 69.46465120818597, 61.9858142583093, 55.05916959022074, 48.84231752348097, 24.378151949924565, 32.79715742854183, 41.405514172052264, 49.09207658717977, 59.61208703886004, 63.42758358093776, 68.4250772652163, 71.65964178611041, 68.03309164224758, 53.96611715675607, 46.344419917451646, 41.85741723674344, 78.62284570286043, 72.52310848989931, 72.23197870097374, 77.00738506414197, 79.06264604328253, 83.53843018721446, 94.55408046117121, 96.35578204435214, 94.76091556684588, 92.79669419602197, 89.2661608464012, 86.28371949958806, 77.99967245359117, 74.90920978213747, 78.87581806431939, 82.27524477199574, 89.06828664722782, 86.2932181046856, 83.87604397009405, 80.27385696683517, 57.05043190133701, 67.49536317863647, 78.3308990981074, 86.5807164701333, 99.75287594260539, 109.54932902466315, 116.07853301000426, 120.76034920411604, 127.18126819670846, 130.85850103735032, 137.55049958704132, 127.67878616096306, 119.54886760163475, 108.54174811992246, 93.90655342976278], [16.39085961629798, 12.810676663392453, 16.404913108280518, 26.886916406529817, 21.379034240664357, 19.336278089723677, 21.944541487488433, 56.949469441934895, 61.4265135603037, 69.42181560160815, 77.28843258231365, 85.42067460209068, 78.43161509995525, 71.55996520028535, 62.45998946225025, 18.99501385235933, 9.317805494626187, 0.0, 10.008687774723919, 23.216741232772552, 20.105428837378778, 10.319432431331629, 7.696459171113752, 12.604667058082613, 19.79156778461878, 53.90938122160029, 61.77521852887891, 69.9723765638999, 78.88965377916297, 84.70402629983518, 83.5064165761292, 77.70918188957539, 70.40455113766623, 63.47576034306047, 57.3216630714583, 32.744821373846044, 40.203496888560636, 47.676731605086744, 53.171622733082636, 64.06792549395058, 68.8561809042234, 74.58857850961834, 77.97629993233386, 74.9162579470055, 61.79836701951684, 54.255727133058784, 50.240038269716166, 80.66917558054796, 75.76618902474156, 76.49518236051702, 81.96889388716963, 84.57744875526951, 89.26877879053237, 100.00769286510646, 101.38852581511343, 99.4253805377866, 96.84229371004926, 92.61169923957995, 88.99125635197774, 80.86560367651985, 78.85048894682855, 83.67890244028177, 87.61050903611331, 94.36657307785815, 91.20533276996001, 88.21734129846355, 83.73810380488943, 48.695821525047656, 59.97310429673026, 72.20909379306315, 81.77061104560356, 96.07979415974694, 107.14915912501998, 115.10610781805579, 123.66894217615663, 131.23297086009424, 135.16732123724813, 141.44232394305396, 131.89121810667962, 124.64744977774258, 113.9503381988575, 100.13436826284979], [23.315952916051447, 17.21029966229525, 15.144635382692645, 21.40372064866513, 19.27239341102674, 21.843777403140965, 26.863458451870358, 64.7406757848956, 69.27442126354813, 77.71934491964348, 85.40303776907969, 93.05317517016668, 86.36689524546559, 79.45595181808365, 70.1518633680407, 28.800103800812572, 19.25929511564943, 10.008687774723919, 0.0, 13.719201529881577, 10.929938803828959, 5.8512491418837245, 12.801118355461641, 21.131669541879106, 28.751938024351748, 63.12368750086602, 70.81326426882544, 78.63969268686542, 87.11719279028677, 92.72805898971814, 91.70602559245008, 86.21445277845777, 79.10309396565575, 72.16302811619869, 66.09400442500873, 41.59921923285495, 48.17915727914968, 54.60976575947317, 57.85075380746099, 68.91636727133587, 74.66736059677426, 81.05031929975756, 84.36802554222376, 81.84215311980103, 69.90768577185236, 62.38138456732978, 58.900601425782924, 82.77492855745281, 79.23457731624109, 81.00440576212438, 87.09437312893178, 90.1934425152643, 94.98860420670127, 105.26497348618842, 106.26949048112428, 103.99749589171049, 100.82547153831645, 95.9494402102932, 91.69834241244452, 83.8222715177781, 82.98263571170986, 88.60832043644636, 92.98745815810841, 99.55267508778498, 96.06664540199002, 92.57044048727747, 87.25250455727821, 39.99616449371152, 51.492835391743974, 65.15186266456567, 76.09347942126585, 91.57303410460368, 103.9772808813481, 113.4374423571108, 126.20710159985964, 134.74955529044902, 138.88463610959647, 144.66751361640664, 135.53778719994546, 129.35061624463, 119.20595918346743, 106.65881370928588], [33.33332867725678, 27.069321281740795, 21.18990627555679, 18.621641381223597, 22.521353344102796, 28.97558381741588, 34.666518098985655, 72.71378083976768, 77.169104572132, 86.17329818549322, 93.44223599304163, 100.19451582657514, 94.1283749678517, 87.29132123161997, 77.83369209332585, 41.19357122909624, 32.016653594362246, 23.216741232772552, 13.719201529881577, 0.0, 6.175555732599372, 16.411894900292715, 24.84722300730281, 33.05349829584745, 40.14229875623882, 73.43556774836169, 80.67765344768557, 87.73240623790238, 95.34100127078342, 100.51307421296345, 99.7913037616439, 94.90497110686727, 88.2279801248259, 81.37158398253814, 75.55776988938632, 52.183833197255325, 58.03158836281754, 63.69406923728166, 64.19241283750279, 75.25261299689942, 82.23868574330251, 89.1686876378987, 91.48902846952822, 89.23151763893405, 79.50038238229133, 71.32010219226169, 68.42015718762687, 85.53629023256612, 83.90126265481925, 86.86506517799616, 93.41655165080785, 96.81252477852672, 101.28638007563434, 110.33916923166265, 111.30282493546243, 109.0061061949064, 105.35201552397649, 99.99847959904979, 95.06177094358375, 87.56450334411066, 88.29353540035406, 94.60818540875269, 99.15869325267607, 104.91223599615147, 101.35495876155542, 97.58074424552927, 91.46169728533562, 28.435890829651054, 38.26228109635339, 54.32626308962504, 67.1222686046681, 84.36715147464905, 98.59277005572267, 109.9596415229625, 128.42057462322492, 136.86330269724104, 140.6413910690172, 145.04915668790753, 136.34467820699837, 131.57399810661673, 122.24973011693585, 112.04815723477927], [29.08562318966011, 22.09918532855105, 15.537830815149201, 14.07988705918787, 16.970406372155768, 23.750670181062134, 30.17505255260413, 70.07812021422434, 74.79149334640911, 83.90154196639953, 91.27541817194806, 98.20123085746093, 91.83982359663844, 84.82131037897881, 75.32954792289902, 37.65617021953466, 28.768661547562306, 20.105428837378778, 10.929938803828959, 6.175555732599372, 0.0, 11.564762879149967, 20.122813983590394, 28.806606239873712, 36.26415139900415, 70.81560338014808, 78.40125048418588, 85.89017073887028, 93.88746918356495, 99.07384060168944, 98.0339313467759, 92.95399241966324, 86.02315255484615, 78.96305172853646, 72.99914974690526, 48.498347285809984, 53.598796772511534, 58.63424337499904, 59.03434768978183, 70.04163840711078, 76.9203475632451, 83.96999822190811, 86.93081464887949, 85.14266290581487, 75.05744500769919, 67.79306147332399, 65.43706124100751, 80.55610454210654, 78.64308301095804, 81.56818596700553, 88.2308137475397, 91.80649801217145, 96.58427499416834, 106.12787175755713, 106.70057396605837, 104.14958045453112, 100.37872327459763, 94.90551596865863, 90.01515306152992, 82.5036407489872, 83.05310959129321, 89.46737579316623, 94.23963017826762, 100.40480831576224, 96.60925245001005, 92.62547607660099, 86.45660915495345, 34.423453793611266, 41.49170920564509, 54.797787726381934, 66.46722367281622, 82.68676274530931, 96.11474718272885, 106.85037895019192, 123.85372490241662, 133.3261376919137, 137.81808463661474, 143.4616737934684, 135.18623983833305, 130.62907360609324, 122.02996521098719, 112.19110035210485], [20.406778648018584, 13.059851678944714, 10.19006507500914, 18.253166256768967, 14.62525521942602, 17.25668430528701, 23.315942896638216, 63.38619762952482, 68.21000918479807, 76.87008332230657, 84.56803355457032, 92.21702290226865, 85.31613477378569, 78.2173392799051, 68.8780881106937, 27.3725149679102, 18.583419136742865, 10.319432431331629, 5.8512491418837245, 16.411894900292715, 11.564762879149967, 0.0, 9.079242743188331, 18.48867495711821, 26.589670045402126, 62.29594984555632, 70.3007465669439, 78.47985651927986, 87.22025168721275, 92.72773769010888, 91.37548345095692, 85.79327354000866, 78.48116709648896, 71.32573501383611, 65.14528479718362, 39.491366248794364, 44.89147613127091, 50.37362060607419, 53.0913530649757, 64.07194938114462, 69.87740477038518, 76.49085027416248, 80.40485428719282, 78.49935515737458, 66.54279654549157, 60.08102721407369, 57.44178488944739, 77.66266818387224, 74.0803845337181, 75.97358642666819, 82.25504896114217, 85.60802968042492, 90.7006573479555, 101.32681683134865, 101.87003937153317, 99.30593715953951, 95.92998897187535, 90.85692403704242, 86.56828257098891, 78.7493388918679, 77.93247041993976, 83.76862466753037, 88.42708927638176, 95.32754231100375, 91.55894959769881, 87.78359989723462, 82.29928641672959, 44.201537557218714, 52.68573622288088, 64.03882855776143, 74.0234195792074, 88.59027407539911, 100.34493751196672, 109.36122301524182, 121.36179735387726, 131.02250095013403, 135.9004121293326, 142.83519247945742, 134.30045710719173, 128.6595436186523, 119.57433483768675, 108.03483745276934], [12.803341305169566, 6.554795341053529, 10.90423005960829, 23.01640283949482, 15.879449663478455, 13.031452545481683, 17.210713052465263, 56.14378811650285, 61.05896273052379, 69.47104436856998, 77.29259473035718, 85.28660596739206, 78.06955010908264, 70.92306270558127, 61.738960450329195, 18.97094539912806, 11.474396010180714, 7.696459171113752, 12.801118355461641, 24.84722300730281, 20.122813983590394, 9.079242743188331, 0.0, 9.714863527139745, 18.06339748977808, 54.31406528496214, 62.57760741859575, 71.16781261215152, 80.32272557203916, 85.90709914065516, 84.26814889960761, 78.43571458832858, 70.9051661215312, 63.66772752299371, 57.38852732863162, 31.079269022473294, 36.49980839220724, 42.452398054888185, 46.9340178017968, 57.79365298885964, 62.82484457882823, 68.99445654674624, 73.15901289198338, 71.04433560129523, 58.12458653643504, 52.113639222870844, 49.513747896503624, 73.77383793757737, 68.9613060074538, 69.98015577819315, 75.80037183993747, 78.81903486807022, 83.92298462748128, 95.05769090892832, 95.7741953881298, 93.38628255799763, 90.45591816575723, 85.89023206785114, 82.14378879417194, 74.10789434928014, 72.26410086320766, 77.48230114259123, 81.84958079431138, 89.01985079923922, 85.43415039730675, 82.00796691862824, 77.19870441183657, 52.38198799534331, 60.03530451999121, 69.57951735779189, 78.02213534872588, 91.24069731028325, 101.57991627233646, 109.09912460671683, 117.16386332338926, 126.29402507561414, 131.2414654465979, 138.98019314996463, 130.31944190871488, 124.03688614429069, 114.96310788666744, 102.94446626168742], [6.486226178667301, 8.871733455927368, 17.56940487710688, 29.888965022440058, 21.568516824162064, 14.313866588205336, 13.267438152065004, 47.248361714274886, 52.13926301883889, 60.27145304702993, 68.17136162351875, 76.43609259702868, 69.0197330736035, 61.8998388495897, 52.89200864526509, 10.051870688228433, 7.3490045420038355, 12.604667058082613, 21.131669541879106, 33.05349829584745, 28.806606239873712, 18.48867495711821, 9.714863527139745, 0.0, 8.40787621568164, 44.79636446917642, 53.18570410223106, 62.002979868933025, 71.40836077004646, 77.02625729819907, 75.19537651928133, 69.20762848278589, 61.55850235978083, 54.293543759397416, 47.97225066882493, 21.501771639848236, 27.81337198948207, 35.254349474986824, 42.079527277884395, 52.68624442576173, 56.83801136637945, 62.24527380307376, 65.89164138937574, 63.03623722305926, 49.39805644935075, 42.98246795157759, 40.07472628928569, 71.36677359486922, 65.31720812512083, 65.23803683637985, 70.27341147052718, 72.62355629640612, 77.3646647072343, 88.60472241466375, 89.93605142401763, 88.06030316961099, 85.85340075204118, 82.1192310502887, 79.05379123041939, 70.7967865330012, 67.84794265793715, 72.10077607432657, 75.8007645428132, 82.82958734732851, 79.74736195878087, 77.02957464928387, 73.19070465960391, 59.784602660604854, 66.8390844967553, 75.23957821228055, 82.33532286675347, 94.47905211510168, 103.53631921554489, 109.55880377695036, 113.71180613148344, 121.15831770110496, 125.6171563104799, 133.50978149327426, 124.44062973038456, 117.27076568907464, 107.9134231479801, 95.40436366931446], [8.659944572839944, 15.83787221406979, 24.587776292637155, 36.28851367470591, 27.811862105448082, 19.16903030060081, 14.135424688336501, 39.27984603129544, 44.12215142863931, 52.045097893866355, 59.98178707726665, 68.41681830005751, 60.87506259142208, 53.790553646896896, 44.93896114618807, 6.127847156605244, 11.851961428060502, 19.79156778461878, 28.751938024351748, 40.14229875623882, 36.26415139900415, 26.589670045402126, 18.06339748977808, 8.40787621568164, 0.0, 36.54054117430696, 44.995276947841624, 53.92984878283148, 63.46977293231945, 69.05801092414359, 67.06866069306835, 61.00548285671288, 53.289676352742504, 45.99100475429696, 39.6512907197294, 13.195240126982192, 21.009031428279147, 30.290990901766236, 39.151603024931916, 49.27896108400653, 52.63604679499653, 57.20927751154256, 59.96470684522639, 56.24118004460053, 42.26643720891603, 35.013335213718484, 31.725868311558962, 70.01956270717042, 63.059159170173494, 62.01034620406964, 66.2142533036469, 67.84128607327379, 72.06701945913683, 83.14209482286617, 85.17039431197323, 83.87428898144118, 82.3864723452881, 79.48755561949719, 77.04290338322238, 68.67359571130044, 64.8487245222733, 68.12789517140675, 71.07754383160832, 77.74519928765444, 75.23908995786526, 73.28069886939078, 70.38263690317189, 66.00735519407984, 72.34665398080928, 79.85222103992692, 85.86123407102077, 97.14680981801311, 105.17134216793298, 109.96294041563212, 110.9791902493155, 116.56737359863453, 120.41029295818132, 128.2082056726556, 118.74751126841753, 110.8110586012031, 101.23214246429141, 88.52357087279337], [43.7308468470563, 51.91920539308118, 60.192952656530345, 70.43562404412224, 62.550784150955884, 53.56345873919706, 45.78338467356166, 18.11088203012338, 18.461803379158006, 19.709872538704, 27.627172884470575, 37.75304276484593, 30.004466786341343, 25.02931665074516, 20.863300633527217, 36.36825514055753, 45.07801625202362, 53.90938122160029, 63.12368750086602, 73.43556774836169, 70.81560338014808, 62.29594984555632, 54.31406528496214, 44.79636446917642, 36.54054117430696, 0.0, 8.876059074601184, 18.872296302310357, 29.543297229329937, 35.44046180205301, 32.9301028360904, 25.97670580313206, 18.02292594871446, 11.969851346637894, 7.184754840926795, 24.993267506909874, 29.605058969591614, 39.46700816736271, 52.32360155073584, 57.42572729288828, 56.190556513192526, 55.27403619033489, 52.37950185659063, 43.43985865450831, 31.499301771894118, 20.030531587327904, 10.785796415019757, 82.41188663106958, 72.97184624864835, 68.037401681