{
	"dissimilarities": [[0.0, 8.355098997622648, 16.538151022014308, 26.306219774646625, 19.33903804452985, 10.831256081228162, 7.021813237380642, 44.78160577870038, 49.75884033648848, 57.560439562892164, 65.19497276170222, 72.59046745941303, 66.63627579228871, 58.45176203435015, 49.17130128959217, 14.143080603441847, 12.543718498062205, 15.755385938762496, 22.277041011105158, 30.86938420144401, 27.001392660239105, 18.941420239017084, 11.962334747249175, 6.3716809432715635, 8.453035088695241, 44.509203638238816, 52.79107237361466, 61.240608970935895, 69.02611115496943, 75.83779741563875, 73.83611501806388, 68.07245167743214, 59.529138113490006, 52.174774475362334, 46.95437819929191, 19.826389097676483, 25.194222534974443, 33.92718474122643, 38.341796315000074, 48.58454632602949, 53.44295541061125, 58.9861040005142, 61.69008480859229, 58.80623034162389, 46.815707334776434, 39.715712937065476, 37.69175631460265, 66.65540491977336, 61.05071047069723, 61.673042502846805, 65.8523692395779, 67.74688634464628, 72.14520463757103, 82.61097550974272, 85.09756616167817, 83.91471633693803, 81.28068415066068, 77.88338778664283, 74.4659511935456, 66.17404251119122, 63.996317691165586, 67.96508598991643, 70.7336209579782, 77.98851273571645, 74.12155448190673, 71.50130514232532, 68.78717224749616, 58.60791127733786, 62.02246908384136, 71.81093179766279, 78.89826917075727, 90.53646971528688, 99.41096764844475, 105.25224176243516, 108.60855260970642, 116.81245829107782, 120.70836113719008, 127.81260984621781, 119.49045617656121, 112.96860899908407, 105.70650185403115, 94.0186286138555], [8.355098997622648, 0.0, 8.853826020269768, 19.62909380850614, 12.63031197318459, 6.780896056086468, 10.842495135949518, 52.99120295939819, 58.01957330325094, 65.89932505217115, 73.50670024079788, 80.80960902854294, 74.9085903119087, 66.68522466447503, 57.36453440904868, 19.886268602490865, 14.568838539059005, 12.716492154164214, 16.32122447610381, 24.33235056292906, 19.729424872844852, 11.440633091997531, 6.351264574968202, 9.769588661036297, 16.273294759197654, 52.74828804593878, 61.051173235276536, 69.5071012287452, 77.265258281717, 84.05287365741879, 82.13356368067107, 76.40561126187282, 67.87381916748735, 60.528066408620006, 55.30767875967481, 27.898011612109094, 32.217604199651674, 39.222574057143675, 41.85046021276911, 52.07105557358349, 57.55346299235963, 63.82281109346611, 67.48954141841101, 65.53228781456073, 53.74706177303629, 47.69357389141749, 46.02234769424022, 67.81464650224724, 63.17317604472932, 64.86288959502477, 69.84525112636521, 72.35276219428262, 77.27485487666999, 87.93151277678804, 89.58781571447996, 87.87226399730774, 84.4398732117388, 80.31525920751088, 76.20441185240202, 68.12428384758125, 66.94209840921505, 71.71853879982156, 75.27128919642911, 82.86537634728096, 78.46325187593442, 75.07369952846695, 71.52535533978804, 53.460550354929225, 56.907032590622016, 67.40578171515487, 75.63028836476558, 87.7029066882899, 97.60251319211774, 104.52167320429335, 110.9058090183878, 121.17857595813364, 125.82048374650425, 133.24997128319484, 125.43376332642642, 119.67529518048559, 112.83176170348766, 101.5315843893314], [16.538151022014308, 8.853826020269768, 0.0, 11.103890382843757, 5.028615494435622, 8.704883401797462, 16.357422714398528, 59.90361508010184, 65.04557335096143, 73.29633717205418, 80.701412942323, 87.59783501797315, 81.92878187387797, 73.64105223933973, 64.20616861131775, 28.625825718311184, 22.185351141046308, 16.989093792913206, 14.940850119187997, 18.516570506004996, 13.171055905789979, 9.172296971088594, 11.679831193551985, 18.522565300365848, 24.857248327584166, 60.960407167135145, 69.13765750230783, 77.32700607122739, 84.7794641877351, 91.2218932946239, 89.38676621825672, 83.97297298009761, 75.61814228571721, 68.19038818788997, 63.02222896778147, 36.207085852502765, 39.53669936359236, 45.28656440005917, 45.296409614442794, 55.15818838586867, 61.63975531020577, 68.57483616470424, 72.27549720291226, 71.08334523889502, 60.63988706688146, 54.89334115790399, 53.81807025468288, 67.66637576106544, 64.5430456423103, 67.53851316568105, 73.21009587088514, 76.20096287035531, 81.2685005560298, 91.47174526235814, 92.53668220095747, 90.46564065318515, 86.31667589789437, 81.58599204119487, 76.68998164099045, 68.91639839383437, 69.16410261419978, 74.6799954276916, 78.8901488088454, 86.2026190806436, 81.50877518919833, 77.49693283103515, 73.08909573376677, 48.125596488459294, 49.38522899719962, 59.82320161099446, 69.0107876420123, 81.6107277249165, 92.64332276231033, 100.74516081096627, 111.21992773127508, 122.73442753455497, 127.85303743223693, 135.20999900853954, 127.98958463739707, 123.33341700959922, 117.37501570454921, 107.66900856870961], [26.306219774646625, 19.62909380850614, 11.103890382843757, 0.0, 7.674731226824299, 17.016639396070513, 24.156575649815125, 66.61952405593644, 71.8512550405573, 80.57065789684131, 87.59000268267829, 93.80720767236275, 88.53334044950944, 80.23237468914242, 70.75287634426573, 39.28360986372075, 32.753966914633175, 26.62303410819011, 21.267077981632504, 17.38233664554584, 13.167176164614832, 17.326701898925226, 22.54296629485916, 29.304262035803003, 34.75315331462381, 69.70727496701788, 77.6199529205606, 85.33173828744597, 92.25851658115607, 98.09626025681953, 96.33886462822157, 91.45885720295168, 83.44108006897356, 75.93647653380229, 70.90482336075202, 45.448880594924695, 47.751129314982144, 52.43869711504177, 49.40805707555571, 58.497876649545056, 66.15437208752748, 73.64122328420844, 76.71164833526865, 76.229556845399, 67.97082796185435, 62.224266557331354, 61.93518564449796, 66.79324430009513, 65.73595004360821, 70.21173956300434, 76.44192586290437, 79.80563246460189, 84.70801702965309, 93.8902182558296, 94.4983795294103, 92.20421191138387, 87.40294758546324, 82.17680917292212, 76.43269267831961, 69.1347576032132, 71.19782035999789, 77.36337293600785, 82.11804189341059, 88.62277731768437, 83.84187304493521, 79.32885130138062, 74.05190145080007, 43.96082730082192, 39.823083294859096, 49.0288157502194, 59.112084151481824, 72.40487966355825, 84.77701146859066, 94.24395398550367, 109.95891215625718, 122.08378994129984, 127.49792072894894, 134.48190597013186, 128.03240382640908, 124.86487611229839, 120.29416487710479, 113.2407686135085], [19.33903804452985, 12.63031197318459, 5.028615494435622, 7.674731226824299, 0.0, 9.546906262050495, 17.30084023501821, 60.87025931761869, 66.1499068638296, 74.69228855332676, 81.88854255364758, 88.46100679605016, 82.91186460248714, 74.52242905664652, 65.08263965746002, 32.406074667370284, 26.68564339503683, 21.917181616410307, 19.270791864638102, 20.228931219603815, 15.013846141004676, 13.826047309506322, 16.494576735527712, 22.362725080123955, 27.757675309356074, 63.184703874612836, 71.30716256324393, 79.36421482077391, 86.63751780555312, 92.78272202513881, 90.8038324827903, 85.61496366600075, 77.36012165944358, 69.84081096051321, 64.73283257441157, 38.41251545854442, 40.58763762686056, 45.44643450211528, 43.74096627439858, 53.27963040140234, 60.34631995903222, 67.5943846290821, 71.11455976068865, 70.43474733995798, 61.102459728162735, 55.75399031086762, 55.47822019662334, 64.15808472866662, 61.77476297902138, 65.39558314076722, 71.34304373245503, 74.53602589740761, 79.5938309298697, 89.46106155033864, 90.22481931267504, 88.01576061300636, 83.5726149942049, 78.63250034437955, 73.41662749782779, 65.79267331894077, 66.75245649439674, 72.57153531978386, 77.06282667103561, 84.10982364555235, 79.31226640610794, 75.04346807129406, 70.26331337623756, 48.99590151699594, 47.075059576423534, 55.58457414646033, 64.21254774482826, 76.62903807167554, 87.65845350595133, 95.91759800434775, 107.67392030835705, 119.67164095720865, 125.13362711078996, 132.80208939806548, 126.12372687143703, 122.25304467252283, 117.37652761919979, 109.27638020060095], [10.831256081228162, 6.780896056086468, 8.704883401797462, 17.016639396070513, 9.546906262050495, 0.0, 8.375255865702611, 52.45851902542219, 57.75712148401574, 66.10202016281924, 73.42948000587248, 80.31658659933359, 74.52136215060635, 66.0810708025967, 56.72485739385882, 24.32917050207551, 20.71667823090695, 19.31626797585582, 21.27966041420241, 26.554809896006876, 21.616956050121903, 15.791947370526918, 12.919740467494657, 14.792164236321137, 18.904238165790733, 54.16538462700459, 62.43702052495123, 70.76691623949668, 78.32461018376374, 84.71159283241776, 82.4950059528872, 77.04668524764948, 68.60556113939951, 61.08690639284236, 55.93523695564499, 29.071230848919093, 31.211241785128195, 36.86929045944483, 37.20647532289783, 47.23342016910973, 53.49082426833257, 60.20798432285343, 63.689033805047856, 62.43756357379597, 52.076612946816795, 46.73521388780856, 46.44990822541437, 61.6033555491557, 57.56840103379341, 59.89301246636393, 65.20370917937255, 67.95601905114366, 72.90628357776875, 83.27575910648757, 84.56874871889353, 82.69243706248439, 78.95110157422097, 74.62524200964212, 70.22032783699908, 62.21232430174512, 61.70098640856216, 66.81967790419965, 70.70525892264338, 78.06143083938242, 73.5046522365722, 69.82195495443563, 65.88919516900077, 55.59258481982359, 55.227387866588025, 63.00894296037213, 70.03136689118445, 81.56971276597758, 91.02706082430556, 97.76919639814466, 104.7706257324509, 115.61858440158427, 120.75739090830446, 128.83120547586753, 121.74365408493209, 116.96473391896022, 111.69502599011058, 102.63958395531385], [7.021813237380642, 10.842495135949518, 16.357422714398528, 24.156575649815125, 17.30084023501821, 8.375255865702611, 0.0, 44.08337525121562, 49.388542103518205, 57.770979399414756, 65.06487746704526, 71.95294361320195, 66.1461306804001, 57.711340343738705, 48.35228237765462, 20.215666207341155, 19.544237205880048, 21.515701151096817, 26.076806106352695, 32.43174934784386, 28.241563040204767, 21.85436644925901, 16.584930370392907, 13.094091771277764, 13.041222514319315, 46.280641900666254, 54.4544125071257, 62.679631149177034, 70.17355679435761, 76.48767745633894, 74.18219045861971, 68.7790152407275, 60.38177441499219, 52.83492931585071, 47.7133640923061, 21.655921340507014, 24.15552630128994, 31.489785657748282, 33.35868568016653, 43.48574334462338, 49.24673666313586, 55.26718784959515, 57.58473540854551, 55.380955191408034, 45.10353554011524, 38.629781831645545, 38.27538825872014, 60.31335066767863, 55.3092304818066, 56.55520324883689, 61.03857332087543, 63.14899198743722, 67.51245524560659, 77.60727235202988, 79.8093170602524, 78.51178773358336, 75.60423270562963, 72.05006846187035, 68.35033522737336, 60.0927045511289, 58.592497427349734, 62.880292719384165, 65.95086706753702, 72.86984496855304, 68.89015951496033, 66.01868850290828, 62.94109363116561, 60.236554705075925, 60.029851403296064, 67.25092829417696, 73.12373724701943, 84.23984270436122, 92.64909550712702, 98.27919980262959, 102.28666515627003, 110.85287824696917, 115.18228873068459, 122.8585495706873, 115.25377615937386, 109.76492527432205, 104.17333395854264, 95.01042274029776], [44.78160577870038, 52.99120295939819, 59.90361508010184, 66.61952405593644, 60.87025931761869, 52.45851902542219, 44.08337525121562, 0.0, 5.669215332502551, 14.830445899050169, 21.19566866825347, 28.011458666481634, 22.067203903180257, 13.785143910203985, 4.415609148608718, 41.98573777177413, 49.49698275478375, 57.008186408707815, 64.70916444356766, 71.99304808741073, 69.60310284690132, 63.17990136156185, 56.20863394986817, 47.313580523487396, 38.733856996731596, 17.08654511175981, 19.288693473455815, 23.756342749129, 29.443262311315333, 34.402424626165036, 30.986566989361148, 26.451819522713784, 19.46851490344215, 12.615211075165291, 10.339630851660953, 28.404099999405037, 29.095103432857805, 37.123381809226636, 44.73885414884518, 49.19375589526417, 49.5256306899454, 48.7404141553374, 41.68941682797711, 31.749599833038054, 28.11117439561322, 12.932554148067197, 11.670367447931579, 71.57501423615605, 63.51616278908436, 58.93202940108006, 57.26365603590816, 54.69444415720471, 53.759302760888, 59.46543169000559, 67.58328155796009, 70.24285844244201, 72.87223439785296, 74.29782129617223, 74.98612312926066, 67.53967368626557, 61.51327431111422, 59.87103125089563, 57.00638829202676, 59.169586563025774, 60.03558152881994, 62.900399401084705, 65.4097476778036, 93.57113118632107, 93.841999622588, 98.5800733320543, 99.81849245358057, 108.22787661891272, 111.53738965259687, 111.6969770157772, 100.32840279692975, 94.37447195260762, 92.93429482719205, 97.28154653912557, 86.4301681392829, 75.78264157227399, 67.78530807477087, 58.22718974238915], [49.75884033648848, 58.01957330325094, 65.04557335096143, 71.8512550405573, 66.1499068638296, 57.75712148401574, 49.388542103518205, 5.669215332502551, 0.0, 9.459923763687632, 15.756079407910393, 22.90673334579702, 16.9411259730087, 9.391980484110368, 3.3736766677776053, 46.10791337043646, 53.71182888598013, 61.36971358035972, 69.2057626964397, 76.60569805623813, 74.41768422399241, 67.98145544155649, 60.979220126385826, 52.00500447871768, 43.44192332923434, 16.910240615066982, 16.385852886044987, 18.970122364998225, 23.98273622696247, 28.77443997571101, 25.334232161011077, 20.926668494405074, 14.588977043654396, 8.809425830102944, 8.977027787815125, 32.99201136680316, 34.17249490342156, 41.97635265742217, 49.949501279882995, 53.945260488848746, 53.72070364613401, 52.23296204560078, 44.51155518703346, 33.97936672129818, 31.296629499510168, 17.301926643149603, 14.950002476923306, 76.27806804152239, 68.11734086042784, 63.12611422487512, 60.90280725823355, 57.89350808267865, 56.35295380820551, 61.26570903273971, 70.00527650604029, 73.09937981506309, 76.30599531686019, 78.20168129285979, 79.27611838222008, 72.02612924212872, 65.71745898976427, 63.54165793192804, 60.093494719213545, 61.628842063878764, 63.08759112152477, 66.51782718767159, 69.51977972811305, 97.39709791178987, 98.31356770820149, 103.42852008199921, 104.65838643180199, 113.03739166181694, 116.13558882771046, 115.96801847943314, 103.44094059982379, 95.62412970048658, 93.18440040830365, 96.55565436714491, 85.01319422664538, 73.24479282072353, 64.03550081697868, 53.34567407886102], [57.560439562892164, 65.89932505217115, 73.29633717205418, 80.57065789684131, 74.69228855332676, 66.10202016281924, 57.770979399414756, 14.830445899050169, 9.459923763687632, 0.0, 8.107605587737357, 17.096246874837618, 10.729499624891552, 7.889645544407808, 11.888189500206876, 52.254484334772975, 60.27484995375996, 68.3483863668175, 76.60677176753427, 84.5646820499329, 82.47674414698092, 75.64961064101759, 68.3779037414424, 59.162676989513585, 50.652554013230414, 17.944856281395204, 12.792458224881289, 11.456366640788692, 15.836723654668917, 21.121160287771648, 17.101110424200236, 11.711034823089635, 6.145434225005178, 6.509365528780279, 11.342250209497449, 39.750498318353735, 41.178234780049785, 48.379850659193245, 57.48320491057397, 60.85804151204279, 59.418669595034736, 56.786061525901275, 48.94963424650529, 38.00672479216293, 35.36679632357121, 23.922113543670843, 20.814066488998517, 83.70834271472813, 75.00554757295096, 69.16172136434167, 66.11089592279497, 62.51993644837536, 60.42827783003918, 64.84240661921642, 74.10038820743796, 77.64916743968826, 81.6633791055529, 84.19835029521543, 85.97129871729923, 79.00406588220892, 71.91898088541122, 68.92702932562744, 64.6788861692141, 65.88818448361141, 67.96850902800466, 72.11423665727774, 75.90866924756988, 104.89545495436235, 107.12524463232396, 112.8022794251179, 114.01509408990471, 122.20939193562083, 124.84486552821559, 124.06720005034774, 108.7734013887185, 99.19523837399619, 95.78022733852163, 98.50384101583202, 86.27791667643943, 72.8628251144353, 61.93818954892829, 48.35073117017038], [65.19497276170222, 73.50670024079788, 80.701412942323, 87.59000268267829, 81.88854255364758, 73.42948000587248, 65.06487746704526, 21.19566866825347, 15.756079407910393, 8.107605587737357, 0.0, 9.320271729316321, 3.611850829921135, 9.0409336475572, 17.312172924660295, 60.30584772521313, 68.24582431855515, 76.20025550224483, 84.28918751483378, 91.89602539202653, 89.88680344483475, 83.32819542890421, 76.17676181217143, 67.02916883742861, 58.488590209098945, 25.825821164593176, 19.63600289940137, 14.613387561843624, 14.095818956928326, 16.09430665956661, 10.813797305830086, 8.618500600656242, 10.604008191498956, 14.540283952775988, 19.435682675222314, 47.5959482185824, 48.289292350464294, 54.52953511273106, 62.765485109073865, 65.13586345121476, 63.351647356161955, 59.96486630651427, 50.688980253832895, 39.5325017350258, 40.11100827642524, 30.286167263476806, 28.629594427108692, 87.0326703991368, 78.54941438151052, 72.39422346653807, 68.6036102035108, 64.44530814492126, 61.29943766334378, 64.01456599940464, 74.07702088712462, 78.27597475386436, 83.07817731185588, 86.33028564154672, 88.61666388171044, 82.0872873789305, 74.95559863449786, 71.25401695595528, 66.25159477762101, 66.0906453609926, 69.09872445288086, 74.03296979084675, 78.4479304360474, 111.60016148404364, 112.9944968679737, 117.79179137544625, 118.18819993373293, 125.81721545196187, 127.64583035019953, 126.06729433957133, 109.0468245637052, 96.62827132120358, 91.94137808914148, 93.73304921916396, 81.12092475745189, 66.88549588406218, 56.11695082169604, 44.40545993473896], [72.59046745941303, 80.80960902854294, 87.59783501797315, 93.80720767236275, 88.46100679605016, 80.31658659933359, 71.95294361320195, 28.011458666481634, 22.90673334579702, 17.096246874837618, 9.320271729316321, 0.0, 7.059745955422125, 15.100281887088762, 23.748080915382236, 68.65502849591992, 76.28390658512407, 83.91354449982046, 91.61020888277692, 98.5328357224094, 96.6728498376061, 90.66013200169535, 83.8102902200429, 74.87312626310475, 66.32753766592873, 35.01380057343564, 28.807502986516308, 22.521395981255047, 18.362014354284582, 15.203027630389318, 10.412104795708744, 14.38495776321116, 19.677267590271114, 23.60508141737219, 28.24521415786706, 55.71677308657898, 55.84206071966203, 61.39258281896362, 68.17078822391761, 69.62550738895517, 67.99289254105044, 64.22129306505776, 53.27725059364779, 42.2454051294098, 46.499795638850465, 37.4869371735153, 36.990081550232304, 89.85149844823515, 82.01508114209223, 75.93164546885905, 71.61089463931756, 67.02048136344854, 62.73330217493064, 63.15606005822202, 74.07330743651879, 78.9528665227798, 84.41791596449518, 88.31207268051882, 90.91178651333053, 84.86764966912575, 78.13553358415338, 73.93106107881744, 68.35136293702121, 66.40263104730845, 70.39875847863706, 76.02092435696221, 80.8346946670218, 117.2810234346528, 117.29132036684109, 120.95031685994304, 120.43160788913403, 127.48803634271812, 128.56756194546625, 126.28147437469738, 108.5790316210131, 92.66639053447268, 86.30896337351464, 86.4903688567508, 73.35719813305097, 58.385024054101834, 48.21252112326837, 40.91564400182172], [66.63627579228871, 74.9085903119087, 81.92878187387797, 88.53334044950944, 82.91186460248714, 74.52136215060635, 66.1461306804001, 22.067203903180257, 16.9411259730087, 10.729499624891552, 3.611850829921135, 7.059745955422125, 0.0, 8.757607276326448, 17.86959275263857, 62.34246982640386, 70.25434410032095, 78.10333764853284, 86.04646760523212, 93.39644175892742, 91.31314942896395, 84.90644601585815, 77.82380410708264, 68.73196810621099, 60.14711766434469, 28.495058915590203, 22.83174314834706, 18.2228928620424, 17.123197139949127, 17.62637211104673, 12.08310309551855, 11.672666698425598, 13.961110880240042, 17.149036667548206, 21.753849546101417, 49.23328306082878, 49.22421364396987, 54.86566285437402, 62.404476373133, 64.27640825350521, 62.485466770109035, 58.90853780913573, 48.938279216076026, 37.78064491141389, 40.06265881110481, 30.887510340400762, 30.35789481736523, 85.58658729027536, 77.27584415723517, 71.08617179836165, 67.05907305679364, 62.72576301435567, 59.17616324124791, 61.23486289559324, 71.54306510523058, 75.9489129663283, 80.97868259227741, 84.46875205711748, 86.91056022972779, 80.5722428203665, 73.52053600724103, 69.59481627590452, 64.36562972997125, 63.6354530827036, 66.95692334582068, 72.14414040969702, 76.74303732739405, 113.21245418600066, 113.66708792036816, 117.6163199577573, 117.43372761225133, 124.66127269028566, 126.02822758925313, 124.06899877260581, 106.45302976019421, 93.29328468827724, 88.4388672533466, 90.40269832681635, 78.01428336838475, 64.05473214361822, 54.53265274842288, 45.33560716844274], [58.45176203435015, 66.68522466447503, 73.64105223933973, 80.23237468914242, 74.52242905664652, 66.0810708025967, 57.711340343738705, 13.785143910203985, 9.391980484110368, 7.889645544407808, 9.0409336475572, 15.100281887088762, 8.757607276326448, 0.0, 9.521369396962866, 54.807133489967974, 62.71977128166602, 70.49268054813068, 78.36395715247654, 85.6874285971303, 83.3743115448571, 76.90954205118392, 69.8135091954664, 60.75797501026236, 52.14083935476637, 23.067755794371614, 19.863140042740547, 19.161767111376182, 21.72117061757934, 24.570659845949884, 19.729059333769918, 16.727067327111826, 13.563793527357786, 12.397754317609095, 15.608290609022916, 41.21767152903348, 40.750297561283034, 46.57999480739801, 54.01162224685184, 56.41508673803299, 55.13655954655483, 52.28967698977264, 42.97503005353249, 31.849108762326495, 32.81627566699625, 22.404704711249245, 22.696869717067266, 78.19004120542253, 69.83694873264206, 64.00972756486087, 60.612108532421736, 56.761023357163204, 54.01612181745908, 57.495949874740965, 67.10465647906591, 70.93486214992667, 75.22303629118119, 78.09712068119822, 80.06402859420172, 73.37887162717786, 66.51143525188905, 63.20051567133651, 58.63865267934556, 58.922000398644215, 61.43695854386759, 65.94570925331153, 69.98384649644547, 106.50182572329697, 106.42735118408699, 110.11868529291604, 110.07405349005693, 117.43755975522384, 119.17521261085446, 117.71776720210471, 101.61689316404393, 91.31117667898813, 88.03628370117164, 91.58514162351057, 80.09673910643451, 67.77393051513931, 59.760946673256065, 51.30531651993686], [49.17130128959217, 57.36453440904868, 64.20616861131775, 70.75287634426573, 65.08263965746002, 56.72485739385882, 48.35228237765462, 4.415609148608718, 3.3736766677776053, 11.888189500206876, 17.312172924660295, 23.748080915382236, 17.86959275263857, 9.521369396962866, 0.0, 46.30769516197425, 53.87592130404808, 61.39882871240397, 69.07199036055177, 76.23681177183025, 73.89574274106471, 67.56635081723513, 60.62027658818438, 51.72466371916126, 43.13989609470055, 18.92312637506567, 19.22954965202633, 22.0900210157319, 26.846916752952488, 31.12203425211024, 27.371550287199643, 23.358394523318957, 17.298731456620164, 11.606297904728018, 11.282832548001853, 32.689138686087496, 32.862024552101886, 40.06759089143332, 47.36718966585438, 51.07672378940768, 50.99163392934628, 49.561038903260155, 41.48782607478558, 31.008764535306547, 29.349740129225555, 15.571176917570781, 15.254899338072017, 73.1231745638969, 65.05831842303492, 60.12269045586661, 57.885763390453455, 54.88042837300093, 53.27585999329522, 58.13443523326911, 66.82080464795811, 69.89718635249767, 73.06740598952692, 74.97873811334509, 76.05500446896055, 68.85249911904064, 62.636052777950454, 60.451571418699146, 57.021382868307235, 58.43458817214771, 59.88311797035964, 63.31026994333911, 66.30514298971612, 97.44468772481923, 97.36508809283717, 101.61366633796779, 102.34573377881296, 110.39436143698823, 113.17325022177639, 112.80078208560191, 100.10289994813593, 92.57621471128722, 90.49543575972356, 94.49906775673507, 83.4294918548396, 72.34229528148256, 64.46413161141648, 55.64766507672326], [14.143080603441847, 19.886268602490865, 28.625825718311184, 39.28360986372075, 32.406074667370284, 24.32917050207551, 20.215666207341155, 41.98573777177413, 46.10791337043646, 52.254484334772975, 60.30584772521313, 68.65502849591992, 62.34246982640386, 54.807133489967974, 46.30769516197425, 0.0, 9.728548065074309, 18.899727329894098, 28.60542649744384, 39.8717472906806, 36.768496312377025, 27.22810023729208, 18.959946455532673, 10.153728787671403, 8.052178548377704, 36.475982822948005, 44.78913119506354, 53.74408011877181, 62.193818505821085, 69.95007251033158, 68.14576166730639, 61.60824518047231, 52.837242328012216, 46.13986943906155, 40.987352868437675, 14.972367355467204, 24.304735850493607, 34.78571727152301, 44.24589963028375, 54.09232167491607, 56.633285156162934, 60.63304716515399, 63.73085527014951, 59.47662285678112, 44.45253328228929, 37.04488625997487, 32.400664527760355, 75.61141010385865, 68.18382661084777, 66.8642728480935, 69.8655662215548, 70.98081330628742, 75.17577922566603, 86.33763804475738, 89.56743366075287, 88.83994856126749, 87.23521378983727, 84.64824965815971, 82.36203169762295, 74.0223697059698, 69.84461153549407, 72.60410262141289, 74.31094489722526, 82.09733694789786, 78.69964274828747, 77.00889983703783, 75.58933135115686, 65.7727427123427, 73.90668751923576, 85.65108199545956, 92.96147807551202, 104.43777627340954, 112.66103321721717, 117.59549832684257, 116.29074508301534, 123.127846799228, 126.22785838367253, 133.02211480751905, 123.56694500163661, 114.94305242358047, 105.20427651623733, 89.0446486019647], [12.543718498062205, 14.568838539059005, 22.185351141046308, 32.753966914633175, 26.68564339503683, 20.71667823090695, 19.544237205880048, 49.49698275478375, 53.71182888598013, 60.27484995375996, 68.24582431855515, 76.28390658512407, 70.25434410032095, 62.71977128166602, 53.87592130404808, 9.728548065074309, 0.0, 9.280519315595809, 19.12314626406191, 30.78082293287249, 28.050789786582655, 18.710503208986278, 11.48852260081099, 7.337792918409595, 12.6253633603513, 45.126562669167114, 53.156072920434305, 61.64986673550059, 69.69276928974564, 77.20301054876172, 75.82623847816907, 69.6046264623417, 61.08377930970176, 54.342623972061475, 49.20083094572996, 23.454040679475273, 32.08736598866274, 41.81916275690334, 49.03007540259103, 59.23412399192599, 62.91161106648697, 67.75840071873755, 70.9852332846274, 67.21986807629501, 53.14837407132049, 45.421389289607184, 40.86555041008155, 78.51353251429246, 72.27463801044746, 72.18032531958185, 75.97471851060041, 77.59482927009083, 82.01949306531884, 92.90449267602389, 95.75113741262113, 94.70734708035872, 92.40427523021296, 89.17402201682044, 86.0750996050633, 77.7839073581941, 74.83769506185396, 78.4153531547041, 80.80068133365563, 88.46289007216222, 84.754022342372, 82.44053868058069, 80.15289133818287, 56.585963111037444, 66.24016667753048, 80.01728665653857, 89.03284560199002, 101.51027386295094, 111.24000199654962, 117.5621639957034, 120.47260943376193, 128.2185772302842, 131.45259120759067, 137.55404583514778, 128.1350471960904, 120.06428363797279, 110.08865804071199, 94.21953838283686], [15.755385938762496, 12.716492154164214, 16.989093792913206, 26.62303410819011, 21.917181616410307, 19.31626797585582, 21.515701151096817, 57.008186408707815, 61.36971358035972, 68.3483863668175, 76.20025550224483, 83.91354449982046, 78.10333764853284, 70.49268054813068, 61.39882871240397, 18.899727329894098, 9.280519315595809, 0.0, 9.904951364631634, 21.960941189367777, 19.509467111772405, 10.814997197871344, 7.640368459002354, 12.442870606235402, 19.91341204009885, 53.865410311627556, 61.758813819108646, 69.94681252755625, 77.66520834993075, 84.8901184956611, 83.73391512510591, 77.80064745965376, 69.45322040816808, 62.61791579660784, 57.48459152090814, 31.723316348444435, 39.37897568216955, 48.18280845481193, 53.254480270122755, 63.549246262591666, 68.20568094876212, 73.79895956984784, 77.21122247346582, 74.05928707454004, 60.90534888094006, 53.27888065774799, 49.18030230640399, 80.4333689695366, 75.39031579818413, 76.45009772886307, 80.96423998222525, 83.070506105489, 87.72814754696441, 98.36345314138399, 100.72689775826707, 99.34299837917669, 96.35527652826076, 92.51710168094361, 88.67114750144653, 80.5271258844626, 78.77322024984227, 83.09863768428791, 86.13607602279404, 93.69113169477635, 89.66042969426854, 86.7379351876056, 83.63643778215838, 48.267131987417976, 58.73229630889945, 74.07541676078382, 84.57217809437344, 97.81949221336781, 108.86447005418748, 116.44800580791946, 123.30494294060847, 132.16507772360367, 135.7165840668697, 141.4645801283938, 132.33481222341496, 125.05059048919317, 115.36433617530237, 100.40662062992683], [22.277041011105158, 16.32122447610381, 14.940850119187997, 21.267077981632504, 19.270791864638102, 21.27966041420241, 26.076806106352695, 64.70916444356766, 69.2057626964397, 76.60677176753427, 84.28918751483378, 91.61020888277692, 86.04646760523212, 78.36395715247654, 69.07199036055177, 28.60542649744384, 19.12314626406191, 9.904951364631634, 0.0, 12.483569376321103, 10.708333824131792, 6.8452711357512355, 12.575485530194134, 20.825238689892345, 28.39092777863869, 62.93300038801324, 70.69979219449053, 78.57618235730257, 85.94156148656371, 92.80910872842033, 91.82320362064023, 86.22436579952182, 78.06733431852636, 71.12644369009188, 66.01981832617008, 40.46676997037755, 47.2327695764409, 55.182224639549844, 58.07172150328525, 68.23894619365637, 73.85336841362852, 80.10278566278899, 83.49304190997567, 80.92989790273717, 68.91013608102004, 61.33249207789181, 57.750844104472016, 82.39769327224897, 78.71173339369398, 80.94035887522843, 86.09572889002358, 88.63454501589638, 93.41812348710981, 103.63079988094896, 105.54307182472942, 103.8626824514496, 100.22733514712965, 95.83403636930105, 91.25070912143538, 83.34494453088777, 82.87383518405905, 87.88277882049778, 91.51205481688284, 98.79733305286692, 94.51876875361567, 91.04448128933777, 87.15782671048395, 39.697743044684366, 50.36702235547273, 67.2728011913269, 79.31932606045535, 93.32837535380958, 105.73833887854927, 114.63410712550416, 125.7608053062832, 135.56730475764235, 139.40156644342082, 144.74623418675205, 136.00386028696389, 129.6582995367139, 120.50317680561432, 106.89942746451429], [30.86938420144401, 24.33235056292906, 18.516570506004996, 17.38233664554584, 20.228931219603815, 26.554809896006876, 32.43174934784386, 71.99304808741073, 76.60569805623813, 84.5646820499329, 91.89602539202653, 98.5328357224094, 93.39644175892742, 85.6874285971303, 76.23681177183025, 39.8717472906806, 30.78082293287249, 21.960941189367777, 12.483569376321103, 0.0, 5.9138027465172565, 15.07653266595437, 23.040099988784213, 31.350868811814628, 38.130945760461984, 72.39322976551756, 79.90250081325043, 87.24112199990017, 94.00972794882561, 100.23363131207402, 99.43291650521853, 94.41337432120659, 86.61252638056342, 79.54892826857412, 74.54427231062958, 49.99454403961245, 55.85166363796912, 63.12340103105879, 63.3413476698069, 73.0853870127399, 79.88138913928414, 86.71326450625477, 89.39470042213827, 87.32654752084031, 77.29249064059887, 69.3696126360301, 66.46564115984141, 83.73583603130675, 81.87737373727954, 85.435974839835, 91.11774855698569, 93.97765307809435, 98.57283382871714, 107.78593879752559, 109.42975156145927, 107.60522658391463, 103.40278950792057, 98.5743252120009, 93.19806379020278, 85.65576168812348, 86.81243703236505, 92.42432035986364, 96.52960438768177, 103.013424643185, 98.70389981880209, 94.81057129662699, 90.13715568765033, 29.95985459502675, 38.287121748450424, 56.95548207486496, 70.79036015056096, 85.787566783942, 99.81091019733387, 110.20899150686103, 126.781956793531, 136.74700113239615, 140.59035495222327, 145.0714232964805, 136.8282087771302, 131.7879480029309, 123.60262532749225, 112.50309725822594], [27.001392660239105, 19.729424872844852, 13.171055905789979, 13.167176164614832, 15.013846141004676, 21.616956050121903, 28.241563040204767, 69.60310284690132, 74.41768422399241, 82.47674414698092, 89.88680344483475, 96.6728498376061, 91.31314942896395, 83.3743115448571, 73.89574274106471, 36.768496312377025, 28.050789786582655, 19.509467111772405, 10.708333824131792, 5.9138027465172565, 0.0, 10.566709254613853, 18.83627961034315, 27.579023931634275, 34.67239242931075, 70.0294439900071, 77.83561593384631, 85.54923803878079, 92.62574202359104, 98.99536157298819, 97.83825834946224, 92.62406004954018, 84.57463050739155, 77.36810830978114, 72.27226862766508, 46.61284023214611, 51.66022459765194, 58.252738464935824, 58.304766203141604, 68.0500558399797, 74.75700128170877, 81.71581910772431, 85.00096158779166, 83.37988290811997, 73.06276687609791, 66.05390297063089, 63.73943861458275, 78.89898665430964, 76.77614455916442, 80.30434725689295, 86.11591435841093, 89.13263034667034, 94.01472803726215, 103.67067658797822, 104.93214350706349, 102.9032091352456, 98.56217544219973, 93.61901568471411, 88.28879288059125, 80.74031348807533, 81.73675609842243, 87.45064080137706, 91.7335407714096, 98.62459759933665, 94.06621379566795, 89.98402432198496, 85.25942411310228, 35.70551357234455, 41.33064266178737, 57.26311465518482, 69.8540951577692, 84.12272373318771, 97.3772910341713, 107.24845842759395, 122.30716181843059, 133.35299125565012, 137.83157518681176, 143.44833107188117, 135.65715775687983, 130.85149187476975, 123.46376543855472, 112.73045210808286], [18.941420239017084, 11.440633091997531, 9.172296971088594, 17.326701898925226, 13.826047309506322, 15.791947370526918, 21.85436644925901, 63.17990136156185, 67.98145544155649, 75.64961064101759, 83.32819542890421, 90.66013200169535, 84.90644601585815, 76.90954205118392, 67.56635081723513, 27.22810023729208, 18.710503208986278, 10.814997197871344, 6.8452711357512355, 15.07653266595437, 10.566709254613853, 0.0, 8.637268421494554, 18.045459163992753, 25.990473365853937, 62.03171193382885, 70.13896932124142, 78.38595040201658, 86.00465407355125, 92.87900076787832, 91.43632633937487, 85.73364168064671, 77.339152770058, 70.17830874563897, 64.98403014989837, 38.10251218833274, 43.40555768454717, 50.240585077785724, 52.399048677575905, 62.49070530076246, 68.21183941654493, 74.7512012074435, 78.79768093493009, 76.9525887796746, 64.99598739600252, 58.6542431806031, 56.123317609596285, 76.28492137569799, 72.5783526077264, 74.99946125347097, 80.41837298014248, 83.22357345526527, 88.34208004250912, 98.91821381278137, 100.27607204343818, 98.30678856001259, 94.39118180132937, 89.78202546690038, 85.12642588768742, 77.28954072215589, 76.90098572054467, 82.14774558886988, 86.0979240143908, 93.74454823009991, 89.14080824673319, 85.34663275967091, 81.2564392991217, 44.475900678534174, 51.46058740665298, 65.55982526860755, 76.36091482635486, 89.58590646146185, 101.27291360858966, 109.74083495317744, 119.94397945925557, 131.12392424468572, 135.77473432853634, 142.40249771398922, 134.386138376641, 128.67977218719474, 120.87452924190171, 108.50361422615934], [11.962334747249175, 6.351264574968202, 11.679831193551985, 22.54296629485916, 16.494576735527712, 12.919740467494657, 16.584930370392907, 56.20863394986817, 60.979220126385826, 68.3779037414424, 76.17676181217143, 83.8102902200429, 77.82380410708264, 69.8135091954664, 60.62027658818438, 18.959946455532673, 11.48852260081099, 7.640368459002354, 12.575485530194134, 23.040099988784213, 18.83627961034315, 8.637268421494554, 0.0, 9.647471583218111, 18.00725461437073, 54.19343319681127, 62.473552507489394, 71.03376541543585, 78.96581555721134, 86.09821524949146, 84.41443651808268, 78.4397421895749, 69.85387118310545, 62.72609067197743, 57.49638539191122, 30.022724655350153, 35.61146691812382, 43.000026097986336, 46.98491604183966, 57.242706862610966, 62.165083991381934, 68.20399112791675, 72.36189233428539, 70.13287109314092, 57.21705064953968, 51.09389345100274, 48.44747400518233, 73.51313072787065, 68.56540546130105, 69.96306201861618, 74.85894381855186, 77.32461619722378, 82.38534664159155, 93.38744882751925, 95.07011765750104, 93.32642595126289, 89.94725134937167, 85.80855853901294, 81.80330082646671, 73.74403906371275, 72.21138108716218, 76.88931811261617, 80.36738532522511, 88.30128066249974, 83.8665424801539, 80.51525741080314, 77.0951913050571, 51.810747069221705, 58.577579149758606, 71.16082456590459, 80.43715709849548, 92.87939880467388, 103.24150047798089, 110.4680520311421, 116.77054196505625, 127.25340335127517, 131.7632780462015, 138.9109460965076, 130.67951053690012, 124.30005024678717, 116.31615308131086, 103.1597136625955], [6.3716809432715635, 9.769588661036297, 18.522565300365848, 29.304262035803003, 22.362725080123955, 14.792164236321137, 13.094091771277764, 47.313580523487396, 52.00500447871768, 59.162676989513585, 67.02916883742861, 74.87312626310475, 68.73196810621099, 60.75797501026236, 51.72466371916126, 10.153728787671403, 7.337792918409595, 12.442870606235402, 20.825238689892345, 31.350868811814628, 27.579023931634275, 18.045459163992753, 9.647471583218111, 0.0, 8.633207097950622, 44.705263538142454, 53.08602473104081, 61.83230807168511, 69.95845396832888, 77.23558045134983, 75.34965984486169, 69.20678161059011, 60.50893798657577, 53.404931233516265, 48.164357397427956, 20.491549433574292, 27.053293200793394, 35.86385020219989, 42.04341240443724, 52.29919272689402, 56.35542448954076, 61.616322105008365, 65.1844015413086, 62.16328824295121, 48.60296075862402, 41.986522887313924, 39.03155502995056, 71.22158427329514, 65.06504582515574, 65.2385399278214, 69.3110461271656, 71.185674994378, 75.85086046464912, 86.9070042401302, 89.28856815155633, 88.01525607457529, 85.44312755738834, 82.0362015850984, 78.82372130032283, 70.5539536563707, 67.80919002326154, 71.64239144042538, 74.34641132503504, 82.17182426676055, 78.19083058183469, 75.58395594604244, 73.0641594955317, 59.06378351503165, 65.24460421214728, 76.49141434350207, 84.26030592679007, 96.01508614163431, 105.0473241780101, 110.95338978214758, 113.37267503459324, 122.1284464955314, 126.08711752322698, 133.303420359811, 124.68532495970791, 117.51841307928802, 109.2619471012113, 95.56277347077308], [8.453035088695241, 16.273294759197654, 24.857248327584166, 34.75315331462381, 27.757675309356074, 18.904238165790733, 13.041222514319315, 38.733856996731596, 43.44192332923434, 50.652554013230414, 58.488590209098945, 66.32753766592873, 60.14711766434469, 52.14083935476637, 43.13989609470055, 8.052178548377704, 12.6253633603513, 19.91341204009885, 28.39092777863869, 38.130945760461984, 34.67239242931075, 25.990473365853937, 18.00725461437073, 8.633207097950622, 0.0, 36.6085322560776, 45.01596300587477, 53.7572179298706, 61.875157956655954, 69.0623228363458, 66.98177668074578, 60.8729401421453, 52.15964263865078, 44.95967265227577, 39.71144096744446, 12.154846372299817, 20.02086790667905, 30.617299029632747, 38.15590285162749, 48.13936235924702, 51.66165857067676, 56.17294799269772, 58.542782049423494, 54.654225055431404, 41.299571513001645, 33.54797063227397, 30.47329219080803, 68.80395548056886, 61.93660136754139, 61.17342545505764, 64.4278477774518, 65.68077462316252, 69.73088435834812, 80.41178455219305, 83.58817203801378, 82.85361814639798, 81.0558798720294, 78.37873206563526, 75.81434695856593, 67.4342848067974, 63.89107282771347, 66.91899273621664, 68.83973953771788, 76.1533603201717, 72.74472635015499, 70.90687404572462, 69.18033473234642, 64.79359875964302, 69.63066172492515, 79.47469270592158, 85.88443375364584, 97.06514621917238, 105.00111961330371, 109.82024602033874, 109.5010538511806, 116.2003690660122, 119.48950843597619, 126.50047603966209, 117.58062180130398, 109.9152353791117, 101.702640394679, 88.33099613888766], [44.509203638238816, 52.74828804593878, 60.960407167135145, 69.70727496701788, 63.184703874612836, 54.16538462700459, 46.280641900666254, 17.08654511175981, 16.910240615066982, 17.944856281395204, 25.825821164593176, 35.01380057343564, 28.495058915590203, 23.067755794371614, 18.92312637506567, 36.475982822948005, 45.126562669167114, 53.865410311627556, 62.93300038801324, 72.39322976551756, 70.0294439900071, 62.03171193382885, 54.19343319681127, 44.705263538142454, 36.6085322560776, 0.0, 8.75826813342284, 18.42501514838262, 27.534550830402683, 35.65887417115415, 33.00436744840405, 25.807354363303592, 16.835422835320237, 11.46751268903497, 7.994120955396664, 25.68065503556103, 29.846141650313413, 39.206425184513726, 51.303442828455964, 56.96069610103076, 55.69766565561488, 54.597783263530374, 51.3455316741642, 42.13924484697163, 30.95313053911974, 19.134161788894257, 10.303797661659416, 81.8397439160