{
	"dissimilarities": [[0.0, 7.435081110019241, 16.152603765571076, 24.359296509006064, 18.568147043494594, 12.15867517928816, 8.888661849206999, 41.64861937911421, 48.37108733101551, 56.71239775926151, 65.2088057054672, 71.63149656920648, 65.05250522721109, 56.67473749662028, 49.297773056216414, 15.955928035616296, 16.76935132815113, 20.361280607611743, 27.010134616208358, 34.20477964724632, 32.39007636245685, 23.86424799516494, 16.133592825316594, 9.752601182352686, 10.58588855555031, 45.19920613063872, 52.40905044960163, 60.54680130900463, 68.06831275162298, 73.35452402886769, 71.0903918720792, 65.6498833375314, 59.39345883752031, 51.975043470475086, 46.74470991184861, 17.831801499951123, 29.535283225383807, 40.54137621401636, 41.57248974639173, 49.992236162376756, 54.84185136043817, 59.180780487021806, 61.74034301646163, 58.886326951728584, 52.12100296586355, 40.97589198750024, 34.610810808400316, 66.73764238430259, 63.30090747298848, 63.130381239024594, 67.40588408086447, 68.8918298854947, 73.28510074998997, 81.68577207582926, 83.09694168292368, 82.39333814254621, 80.36512806883258, 77.0376233445486, 72.97211528636613, 67.58182896992683, 67.42428946815065, 71.39597649862567, 74.40316950535575, 78.56611719218628, 75.24089726218321, 72.25721318445613, 68.32408347250379, 55.917308828128824, 58.95317567358883, 69.3399465993729, 77.03431035756994, 89.97407301136089, 96.4868440812813, 109.6661666781477, 107.81563076876604, 120.78134764879391, 120.97186201780613, 122.27813922770993, 113.83546249253801, 109.14149624924163, 101.06631294450126, 94.2297117857176], [7.435081110019241, 0.0, 9.348614487519418, 18.901480313960334, 13.692497751253569, 10.75775740821278, 12.996932718871362, 49.07335028285622, 55.76294115069589, 64.05777458864237, 72.59822969937734, 79.05376884328649, 72.48464355445543, 64.09329149631651, 56.72152706031748, 18.490020737520037, 15.508457399165433, 15.811884636161341, 21.04326003837471, 28.20490391292835, 26.10267199738351, 17.13849364840385, 9.805919589898442, 8.418677350237745, 14.55742389118837, 51.968542229566474, 59.23070688423363, 67.45061852762211, 75.01716733438509, 80.38382066516543, 78.26270913966918, 72.80765653937057, 66.52321084773597, 59.121662968096174, 53.89066175529777, 24.39518637493983, 34.38538114356906, 44.24860072727577, 44.522986967946906, 53.180212036922015, 58.523742004490025, 63.54994382117994, 67.02382378480709, 64.91405364336498, 57.30172710981673, 47.24447775403361, 41.6379121661276, 68.39264240807185, 65.73253110711731, 66.09307742069014, 71.15801286938853, 73.17858663851969, 78.06543581414806, 86.92337494788129, 87.5885689046864, 86.41256971269347, 83.77405987931617, 79.71763995639614, 75.25369804307482, 69.85628935002815, 70.29914683659166, 75.03888171250703, 78.68895461895555, 83.41658137152561, 79.49808681717106, 75.87587811126778, 71.180795189676, 51.07305249271045, 54.78829474594892, 66.2608564186685, 75.20106993663686, 88.73421059957543, 96.15736027107104, 110.39574520312638, 110.71738803457534, 125.41823778237634, 126.29377389583105, 128.1182859219321, 120.11448422969194, 115.88891324236673, 107.94585234551711, 100.93849795412336], [16.152603765571076, 9.348614487519418, 0.0, 10.454468911609718, 7.603053572597919, 12.076775810566453, 18.44129478858827, 57.259512147701365, 64.27908650213276, 72.70474458229614, 81.06516535828906, 87.02436164296365, 80.59061282366085, 72.23836008216905, 64.80017763087733, 27.12847492936857, 22.001258412703415, 17.997897415160942, 17.974382232055596, 22.237902158650062, 19.413278474538846, 12.830880820727975, 10.84090876881574, 16.41820007635094, 23.771053530764046, 61.20182145030105, 68.40952308988007, 76.49846681834858, 83.84098796218284, 88.9868009531329, 86.9706824366594, 81.66501462724482, 75.48119958885775, 68.09971416248497, 62.88496761193064, 32.93550865290411, 41.312907768803264, 49.61093262274708, 47.41400120811225, 56.1305274042599, 62.39476419900701, 68.30207486146567, 72.29181227668121, 70.96344676968843, 64.14198725373413, 55.13237084988581, 50.39303026488584, 68.41258931261767, 67.32070032846781, 68.56284613701708, 74.5951722817005, 77.22509012634444, 82.42094540647194, 91.26455498940946, 91.20531886306127, 89.47418551805623, 86.04959150015364, 81.14947626155258, 76.21039809740823, 70.86240161351472, 72.3488285632136, 78.04425059044904, 82.37757286399508, 87.50009446316042, 83.1076014380897, 78.80299928057231, 73.15279550202767, 45.27650983444678, 47.29374629042485, 59.05066464756825, 69.1666742274199, 83.3833790309315, 92.01605461425441, 107.39317804605263, 111.4513957955497, 127.60385498206446, 129.4058028781419, 131.84073052879197, 124.61576005950592, 121.44419604702841, 114.39729042885708, 108.45372877858566], [24.359296509006064, 18.901480313960334, 10.454468911609718, 0.0, 7.226485742429024, 16.036604866309737, 23.343521000322706, 62.95783602765656, 70.52558183988904, 79.14675399460482, 87.08275430783435, 92.08159858618491, 85.86851399272206, 77.65604086833288, 70.19903725141782, 37.26962588938184, 32.338832692921045, 27.3854160569179, 23.796833637659567, 22.950382290670692, 19.642508314790476, 19.058093654171948, 20.76340017049183, 26.67950863225311, 33.40885551643037, 69.29918816396867, 76.36126992811634, 84.15178549167136, 91.08576772971077, 95.75649174051678, 93.70480247117463, 88.66868424792817, 82.69665192887099, 75.35738787804307, 70.19817823124437, 40.209538005628566, 47.19692762272076, 53.940982636943794, 48.24982359438768, 56.698632727586165, 64.00874226264071, 70.67562376104584, 74.55285540408731, 73.8683373531628, 69.37646706014942, 61.19687352782089, 57.39372771147282, 65.29998429441719, 66.19420218534347, 68.41518009553637, 75.24128919086382, 78.34304283490245, 83.50156125682427, 91.75308758643374, 91.20977324747486, 89.0200991254892, 84.89086302346755, 79.34165278415036, 74.03563418432982, 68.8150342207668, 71.50149791870143, 78.00128031155369, 82.80577275727617, 87.97177662914144, 83.41918198621707, 78.63966369101657, 72.17781187838474, 42.87567721864275, 39.10844333853394, 48.92919489306868, 59.3071681697623, 73.97604872698882, 83.62364534653405, 99.76157566002236, 107.96377833808523, 124.73587896901002, 127.47350788240578, 130.53755901566092, 124.37501501243769, 122.70399533899025, 117.37733872683, 113.74587511343951], [18.568147043494594, 13.692497751253569, 7.603053572597919, 7.226485742429024, 0.0, 9.080566994195083, 17.033388880836988, 57.055320823498676, 64.73161926877336, 73.35509268954107, 81.41099968215333, 86.68041741455421, 80.13234086937612, 71.76869096454341, 64.36077382276731, 31.988311708869993, 28.429797733192565, 25.493545807519574, 25.05387954858141, 27.217764843269272, 24.07020092961222, 19.88549524698349, 18.212871317310896, 21.862492725235203, 27.67334881015628, 63.30121004390891, 70.4994406040379, 78.51530993096216, 85.7738745347129, 90.64414133626555, 88.2818384806068, 83.03317228675706, 76.90318133156883, 69.45471405027206, 64.22971695216533, 33.43132607212149, 40.001547391455986, 46.97678747498073, 42.33665080482284, 50.94337111829171, 57.852164649474325, 64.26364307699886, 68.2860727852692, 67.56150238254826, 62.26887661305209, 54.17849965158952, 50.804540968287284, 61.602586835346294, 61.32190885356203, 63.04270758209795, 69.5101386387527, 72.42782977792777, 77.658731567873, 86.32432325116905, 85.86019402107857, 83.85404779366523, 80.06366091538507, 74.86460505357279, 69.76989936042008, 64.45824455516329, 66.48246491224869, 72.59222224367707, 77.21114745798087, 82.44490316583898, 77.87921720583017, 73.28991114097062, 67.2266969018734, 48.64232038167374, 45.83658531345512, 54.27555430916525, 62.85102687411753, 76.36676160403769, 84.55745276733487, 99.9226827333509, 104.58817888027312, 121.51967820369275, 123.9526624869601, 127.24119519089957, 121.00950339502886, 118.99205182383983, 113.71420611663365, 109.86009848744118], [12.15867517928816, 10.75775740821278, 12.076775810566453, 16.036604866309737, 9.080566994195083, 0.0, 8.526918760847789, 48.43728447614934, 56.240474432274844, 64.8654476229256, 72.94519785978099, 78.35788724872714, 71.55743085327506, 63.10079037670486, 55.74928476840614, 26.759728246548168, 25.888601158199297, 26.19730114128534, 29.235564607403003, 33.64091232208583, 30.887955839443606, 24.474834332634043, 19.32867538569131, 18.363519990014034, 21.56443357085664, 55.096669302906655, 62.32859017146479, 70.42874033638964, 77.87245749515013, 82.81886340991979, 80.14186844911139, 74.76231639252525, 68.554739072884, 61.04516481985374, 55.79787240034237, 24.65180443392055, 31.437569231588913, 39.3465245543306, 36.004272709321334, 44.69833873272169, 51.01413529072126, 56.82381023894926, 60.40416148048982, 59.200880473392836, 53.798921974830115, 45.170493294133195, 41.905962291813864, 58.17565102861221, 56.41093243157221, 57.36808773743425, 63.04867963621651, 65.48200125400436, 70.47169670258249, 79.19020882393323, 79.27219213420207, 77.71431167201352, 74.58437742529367, 70.1422917664879, 65.47557264507358, 60.079711619964634, 61.1683648823725, 66.47303470505621, 70.53784933290811, 75.473457153376, 71.27001432796885, 67.23673554433884, 61.98229670046164, 55.32361637991577, 53.08256652414976, 60.26448747815633, 66.92426929382896, 79.28877335591122, 85.8676444216646, 99.93665451520886, 100.59461125237954, 116.47254352325368, 118.23321163626879, 121.34284307657971, 114.77910686216336, 112.22776646158941, 106.9260913519182, 103.04584794975722], [8.888661849206999, 12.996932718871362, 18.44129478858827, 23.343521000322706, 17.033388880836988, 8.526918760847789, 0.0, 40.04832012074459, 47.828159124561104, 56.479267492513586, 64.49764523353817, 69.89682937303166, 63.18390279839948, 54.77403391603405, 47.377773997940686, 23.8736446014241, 25.53800630350036, 28.275430109177368, 33.14807380730604, 38.403288114703614, 36.136031537971604, 29.273407336740455, 22.788321464101802, 18.20548566860799, 18.02910482731838, 47.40870324332621, 54.47335022619468, 62.36569299937962, 69.64321244537669, 74.4631707796123, 71.75019671839044, 66.45302049388327, 60.339695248825734, 52.88256171328831, 47.68724178236486, 17.857536087303732, 26.930195977126385, 36.5947660926868, 34.49942845201998, 42.91781964946074, 48.54286507830622, 53.38277648472883, 55.651559321857945, 53.289409429276965, 49.00494649066648, 38.726476130017744, 34.2658233894499, 58.57766591717147, 55.771242499514074, 55.98348073087146, 60.56575204274639, 62.24196432809037, 66.5402153171098, 74.59803153821176, 75.79777708890018, 74.91292911723967, 72.63037993269282, 69.18651427534482, 65.05368751973347, 59.65704887467573, 59.92401425456453, 64.16619753965894, 67.32781304490541, 71.45432595435902, 68.10437913580402, 64.9676021917364, 60.76561713967616, 59.1924846887728, 57.688505080092085, 64.75850027169034, 70.51958988496767, 82.50430458026003, 88.25633721616062, 101.03349824431264, 99.31439334444053, 112.59332716921432, 113.33216357571513, 115.47914872249609, 108.07946900395477, 104.71375219874281, 98.83329915058073, 94.80127818705937], [41.64861937911421, 49.07335028285622, 57.259512147701365, 62.95783602765656, 57.055320823498676, 48.43728447614934, 40.04832012074459, 0.0, 9.078929747207708, 17.487154172209095, 24.767601311383967, 30.66361620372916, 23.4487164233381, 15.04073759217895, 7.714907003353767, 42.52174283535398, 50.69515101922309, 58.433372475577535, 66.61564818696493, 73.44774739507474, 72.25959881574087, 64.75713208132443, 56.89662350738887, 47.72135540719138, 39.87517464962033, 20.174317440912866, 23.2846630362874, 28.27724741600117, 34.33385526598452, 38.22232246449721, 34.00147835602131, 28.998569481907104, 23.788561697751025, 17.60156588992928, 14.374226432422336, 27.71405281854523, 32.675197754423245, 41.901259212329485, 46.82283369352518, 50.14596697915194, 50.028297705155076, 48.21959997831364, 43.11947372783107, 34.4572071256901, 37.46404817452477, 22.77244980457451, 14.051027595487808, 70.89466290207919, 63.72342298483138, 60.39501711861445, 58.571219724031806, 56.04068896164312, 55.97873685820227, 59.70243627942919, 66.36512379123772, 69.06271552759834, 71.43418213034178, 73.2149710914907, 72.26395651496235, 68.02208105367102, 64.25633004938199, 62.47589990567441, 60.5092944305703, 59.92128714146008, 61.40352815861871, 63.33139801488021, 65.07808255851997, 90.8674154221293, 91.13617160138476, 96.22099123007997, 97.72746982916854, 106.41277191744102, 107.6215602780607, 114.12445425161943, 99.09257426475634, 100.39021775981779, 95.8791667056821, 93.76714528172899, 82.65465110288518, 74.49868969627191, 66.17231962749354, 61.613084255613195], [48.37108733101551, 55.76294115069589, 64.27908650213276, 70.52558183988904, 64.73161926877336, 56.240474432274844, 47.828159124561104, 9.078929747207708, 0.0, 8.735204065304771, 16.89318399057673, 24.661004995746264, 18.114448698058933, 11.219459655812397, 7.572151261270736, 47.043530013102, 55.39842097785869, 63.50268557814923, 72.05321513355312, 79.25198774773244, 78.35295233511384, 70.71449718009772, 62.84948424667513, 53.457546196909014, 45.33147700855738, 16.36604373808741, 16.574616004519864, 19.751090657524003, 25.36688997478654, 29.374735216845806, 25.046890087773253, 19.94033962165091, 14.964865631423828, 9.853816741235399, 9.028956482947406, 34.650614669027874, 39.896340202756384, 49.04058795333072, 55.37675864702077, 58.31621168466955, 57.416367201225626, 54.70871724279565, 49.02846943182578, 39.81811789339056, 42.30034773798885, 28.273792260865697, 19.15307413769855, 79.33442783882877, 71.74020026577737, 68.03060520006244, 65.4335547340223, 62.37131347477303, 61.689113789666536, 64.58261092384731, 72.0330595966729, 75.27160770048079, 78.31906262954801, 80.73445756718912, 80.16161249956807, 76.11105648193416, 71.90377233903453, 69.38873527225827, 66.73324887726633, 65.42745842645738, 67.6327150903533, 70.24471846014153, 72.72215329800675, 95.99999453811677, 97.98623308274006, 104.12568554848349, 106.05075972537506, 114.92889287781398, 116.11041453837603, 122.05038212342852, 105.7598008174968, 104.65482388572777, 98.88439219156652, 95.20036227309173, 82.66930739882754, 72.47807009826398, 61.5869195631948, 54.31464031796702], [56.71239775926151, 64.05777458864237, 72.70474458229614, 79.14675399460482, 73.35509268954107, 64.8654476229256, 56.479267492513586, 17.487154172209095, 8.735204065304771, 0.0, 9.13640119655628, 18.971476026755568, 13.496537711741928, 10.752467028027151, 12.988488952626206, 54.21964252350757, 62.703424972158565, 71.03124821515127, 79.80565744727527, 87.20144166931743, 86.43567868111705, 78.70243551957378, 70.80499504599237, 61.30180528037516, 53.030653306666785, 18.909396980761784, 15.36705858123678, 14.516952564849035, 18.5811561567653, 22.177128286923583, 16.985630784509155, 11.941543842713305, 8.528374636966003, 8.70414521131386, 12.304462802813411, 42.76683299811363, 47.14226535161888, 55.509959955464254, 62.69412583070808, 64.95046301037037, 63.20630839896754, 59.54471537159698, 53.131452913582535, 43.589537346886196, 46.484174863382925, 33.95344127701788, 26.32019245928589, 86.00748551830219, 77.95359059701514, 73.83559815779816, 70.33844867888112, 66.70203032038272, 65.28992664766098, 67.23433556669139, 75.40916840602132, 79.2063829503792, 82.99261364341754, 86.16521249253894, 86.08488250889916, 82.31906226248171, 77.61482976396522, 74.23764232372388, 70.81236484558671, 68.71510130515361, 71.69993721043953, 75.07639049175837, 78.41157368487346, 103.527133930007, 106.1839097959253, 112.43223055139873, 114.09460545901096, 122.62717712806597, 123.29063112791052, 128.35726997101727, 110.0293171111323, 106.68589501910907, 99.78462314743896, 94.98678093679591, 81.57148393117038, 69.81745037282145, 57.505260625097, 48.71468360633022], [65.2088057054672, 72.59822969937734, 81.06516535828906, 87.08275430783435, 81.41099968215333, 72.94519785978099, 64.49764523353817, 24.767601311383967, 16.89318399057673, 9.13640119655628, 0.0, 10.909664358670716, 8.617636206142087, 12.769223803587906, 18.382666347048623, 63.27691549012455, 71.65999593615939, 79.83499781590248, 88.35462406669122, 95.39141160016186, 94.65377169927396, 87.27962648529024, 79.53431128718928, 70.14525394770774, 61.96985482157284, 27.600454722187315, 22.795187651342378, 18.49392281959547, 18.07025329296272, 18.6714358595336, 12.801364544884972, 11.241435248628841, 13.184285577702342, 17.19384801524164, 21.3753647318467, 51.34965879747434, 54.91729863135623, 62.28615153547056, 68.71407964564001, 70.15213429034453, 67.99505754789905, 63.63145844530469, 55.89955649608237, 46.0082154300931, 51.84699973259789, 40.82593593500265, 34.81082537557311, 90.26694176276584, 82.30082215086627, 78.02770409508672, 73.71403991269133, 69.51891125402551, 67.03697070338904, 67.18501622153941, 76.37079672788853, 80.76124400309553, 85.25086593926929, 89.25428355986844, 89.6991054896595, 86.28744624890513, 81.38959219556398, 77.19972339780311, 72.91490014321802, 69.63799996491124, 73.731019231862, 77.96293974645971, 82.10672648069026, 110.92534393510432, 112.77574183820929, 118.13673498352289, 118.9133180846531, 126.75946676962654, 126.71596910172194, 130.48098276932436, 110.81623748112955, 104.1240771260179, 96.01412604838421, 89.89815004191166, 75.72703696919818, 62.863453653715375, 50.38685241149556, 43.168512557096626], [71.63149656920648, 79.05376884328649, 87.02436164296365, 92.08159858618491, 86.68041741455421, 78.35788724872714, 69.89682937303166, 30.66361620372916, 24.661004995746264, 18.971476026755568, 10.909664358670716, 0.0, 8.99601014770799, 17.12939009012505, 23.339356977922122, 71.56576310122138, 79.63955693282806, 87.32800403153098, 95.16879972279096, 101.36273185773854, 100.55693895978251, 93.94063263867885, 86.53698257284273, 77.50048059293917, 69.66315058942452, 37.8630273109826, 33.511300530362085, 28.85371621715536, 26.076043078211463, 23.606242872071043, 19.262493242342124, 20.853823990071003, 23.979066687588116, 27.55689558864839, 31.121459960420786, 58.32328925201107, 61.31629201334495, 67.6952083117958, 71.95304400847672, 72.61222883519653, 70.61261258813772, 66.02824826057854, 56.74442690782006, 46.661968563322034, 57.12822001473735, 47.22793902970693, 42.56165109144594, 90.77145870834224, 83.54470415467225, 79.46647635007149, 74.66773567908251, 70.10235089223971, 66.44572053390348, 64.19351633963687, 74.47559128830935, 79.33360761110366, 84.28480905599295, 88.97444074395183, 89.8455582511299, 86.79935512646685, 82.13304808247999, 77.41898833231569, 72.4128023143974, 67.79870859285127, 73.10112720949584, 78.05439805916902, 82.72039185183786, 115.82896287076443, 115.56647731582092, 119.19267195907871, 118.6289452863539, 125.5549139104397, 124.78700515430843, 127.0515748297366, 107.36534607958495, 96.67936833888245, 87.50938376673098, 80.01017430061971, 65.26333999960981, 52.06637174273207, 41.36644554891993, 40.345999285720545], [65.05250522721109, 72.48464355445543, 80.59061282366085, 85.86851399272206, 80.13234086937612, 71.55743085327506, 63.18390279839948, 23.4487164233381, 18.114448698058933, 13.496537711741928, 8.617636206142087, 8.99601014770799, 0.0, 8.746854096692992, 15.858034861208024, 64.88755051977282, 73.29263516208877, 81.25358132337736, 89.46326981110806, 96.06925643077724, 95.06538423578347, 87.91109836478432, 80.15832526340225, 70.90558097359505, 62.86229356190871, 31.810027325586802, 28.60304104229148, 26.205762236039938, 26.664138597256972, 26.760863686726964, 21.128823457341515, 19.700129353930343, 20.248184518624107, 21.962537674913296, 24.81213111640165, 50.747902194824256, 52.765327499243, 58.8933017734483, 63.923952329066154, 64.62946318896782, 62.39090172661436, 57.81708994207966, 49.14669113592477, 39.099809982263984, 48.21144295625736, 38.32990863961392, 34.515560089998566, 83.77700233482173, 75.99848688874569, 71.7459173815478, 67.08724402585953, 62.682447743119084, 59.65250643691101, 58.979168285169315, 68.5095019511131, 73.06507484048717, 77.75675423540082, 82.11458323191317, 82.82747837874929, 79.64519091243163, 74.7440084287692, 70.21135249096024, 65.574688551426, 61.77637657126189, 66.3376550481559, 70.91541398552506, 75.39660609717801, 111.9062397242322, 111.49577771012856, 114.94123057916279, 114.34069025730177, 121.13414755572505, 120.19019883430893, 123.21182812253203, 102.57769726796285, 95.66204077752177, 87.80852946666141, 82.64620721376333, 69.576794534797, 58.32617421780817, 49.778605150750245, 48.007030392075386], [56.67473749662028, 64.09329149631651, 72.23836008216905, 77.65604086833288, 71.76869096454341, 63.10079037670486, 54.77403391603405, 15.04073759217895, 11.219459655812397, 10.752467028027151, 12.769223803587906, 17.12939009012505, 8.746854096692992, 0.0, 7.511951681312519, 56.75047749135615, 65.2166285902864, 73.20622537527028, 81.51570938925248, 88.29168950726806, 87.16981528892181, 79.7672898151964, 71.87940350869046, 62.58679532757786, 54.528441509253625, 25.944806413785017, 24.654656095088487, 25.18314920431752, 28.490667865005587, 30.529203943090444, 25.001723174660064, 21.395980940779207, 18.986765494883695, 17.490956810401798, 18.694498115434282, 42.066495245750076, 44.20876966721251, 50.92237923898476, 56.2148680623111, 57.542113901759095, 55.716068564589335, 51.79177122443265, 44.12954960478487, 34.220403930099906, 41.52856653495247, 30.314602993574315, 26.004733569226218, 77.53112225788952, 69.67919151434027, 65.57331309956594, 61.656337241865934, 57.760869790537, 55.72183395904558, 56.82331605830435, 65.36765702052327, 69.33754087075133, 73.33929379081414, 76.92647544139638, 77.15743017955234, 73.641902448878, 68.92288642949447, 65.13717420221428, 61.30448800195184, 58.63719463483207, 62.13530214232737, 65.90993475194485, 69.64501293813197, 104.9560542631075, 104.58906568178269, 108.31601332200201, 108.18683615299848, 115.39299402722806, 114.92222208065928, 119.09134588087363, 99.60622192585221, 96.17715642242878, 89.68974055707423, 86.1298773340168, 74.11690128763807, 64.35405657745069, 56.439699036104926, 53.721803414042576], [49.297773056216414, 56.72152706031748, 64.80017763087733, 70.19903725141782, 64.36077382276731, 55.74928476840614, 47.377773997940686, 7.714907003353767, 7.572151261270736, 12.988488952626206, 18.382666347048623, 23.339356977922122, 15.858034861208024, 7.511951681312519, 0.0, 50.04994811310762, 58.30300482951812, 66.07809777139342, 74.20216265289156, 80.86232759918654, 79.70740852152004, 72.39551839436484, 64.59507435993038, 55.43182464299614, 47.547565005022186, 22.971925944210646, 23.713265043029438, 26.43575976077873, 31.089939920569964, 33.991478266563824, 29.190873884962848, 24.870248361870072, 20.90648620520928, 16.767741722790547, 15.843006878874538, 35.17703209861159, 38.58128695987622, 46.41274583055997, 51.15682484358577, 53.39452402818174, 52.48360002029912, 49.601082564599196, 42.92298760124662, 33.39379776045973, 39.407642252250994, 26.379899067263107, 20.23167401721649, 73.60335174556758, 66.19440846631085, 62.50764573537251, 59.60432789198003, 56.34845208113767, 55.184544856777144, 57.40396089541182, 65.154264591837, 68.52338818642792, 71.72696579935446, 74.45948513786838, 74.11611226811335, 70.24096395874282, 66.0431967671575, 63.228956737894634, 60.26573320729506, 58.514137842912056, 61.12038197704705, 64.03344027861833, 66.80332515943743, 97.70563559758408, 97.37650291335893, 101.58323584743646, 102.13202653239424, 110.02854046869588, 110.37120715034236, 115.60155481409426, 98.54040782093006, 97.16769134151761, 91.64532748667924, 88.7260379323618, 77.12268426706811, 68.26942080869837, 60.27454778239922, 57.01978478293583], [15.955928035616296, 18.490020737520037, 27.12847492936857, 37.26962588938184, 31.988311708869993, 26.759728246548168, 23.8736446014241, 42.52174283535398, 47.043530013102, 54.21964252350757, 63.27691549012455, 71.56576310122138, 64.88755051977282, 56.75047749135615, 50.04994811310762, 0.0, 9.560614060051481, 19.126855200048077, 29.995245351220902, 40.345923786855515, 39.39990888920478, 28.716348411121388, 20.036112285691974, 10.779138407782739, 5.933491112742059, 38.59641976282671, 45.84993593012144, 54.47137627291017, 62.75475948745372, 69.03655295481778, 67.04108771596364, 61.16718005275742, 54.65077823134785, 47.54867773387552, 42.536795614482685, 19.842981210723277, 31.63201755359443, 43.645035892018804, 50.56969207563223, 58.38004625369388, 61.21244635860433, 64.1234140347828, 67.12356417098277, 63.639517964848686, 52.241735112552405, 40.72418469344721, 32.7672478628595, 78.06965164598385, 72.58945071435743, 71.25992506502129, 74.38212750158206, 75.2617146192293, 79.70303265562617, 88.89629992211617, 90.63146243701601, 90.43225936659454, 89.24580989606584, 86.61895271297261, 83.05513712419437, 77.80154634442063, 76.26439185286569, 79.16738638428673, 81.58548601579304, 85.75487953744494, 82.5512665478414, 80.1535777717296, 77.2857171672896, 62.264510788212, 71.29578514992389, 84.27065849283157, 92.8191595617885, 105.72978857843792, 111.7932150630518, 124.66080559702426, 118.83800127996922, 131.6147156740387, 130.75761688436256, 131.28881588555097, 121.52698759052149, 114.6252787277414, 103.64482034772186, 92.27911916594935], [16.76935132815113, 15.508457399165433, 22.001258412703415, 32.338832692921045, 28.429797733192565, 25.888601158199297, 25.53800630350036, 50.69515101922309, 55.39842097785869, 62.703424972158565, 71.65999593615939, 79.63955693282806, 73.29263516208877, 65.2166285902864, 58.30300482951812, 9.560614060051481, 0.0, 9.726248842462649, 20.867696267893226, 31.702663516509396, 30.991900717574683, 20.194167162560326, 12.513573777419257, 7.6292687662859935, 11.889433097960014, 47.39687678813322, 54.42145907569374, 62.71285948952008, 70.55740588295816, 76.6222320379462, 75.08915841155932, 69.47961502424796, 63.16098722761375, 56.1923146382508, 51.24928205293078, 27.51999778025055, 38.99145777835179, 50.23961159469643, 55.27122643336214, 63.55059806206701, 67.30556655941618, 71.06699157540864, 74.51820149726942, 71.47265935003001, 60.58847358205164, 49.57717890812092, 41.8293275182634, 81.38878460534744, 77.10105831330529, 76.48121497690167, 80.50147019943437, 81.89970505181572, 86.65351251817876, 95.87859581578715, 97.17021820022218, 96.5438465570685, 94.70470401150043, 91.33383189432948, 87.29480523850346, 81.95793137190361, 81.2676703305608, 85.0372417925075, 88.05095874870236, 92.55751774356217, 88.9699901113797, 85.97962801947713, 82.24901881493855, 53.87847918047122, 64.8456340531454, 79.79058128762476, 90.12287949776342, 104.1403012663558, 111.63295140315607, 125.62931542163979, 123.363905459298, 136.96954380998542, 136.6529866663673, 137.17734132509688, 127.51749139268523, 121.01765862648644, 109.81937986075215, 98.3476234639172], [20.361280607611743, 15.811884636161341, 17.997897415160942, 27.3854160569179, 25.493545807519574, 26.19730114128534, 28.275430109177368, 58.433372475577535, 63.50268557814923, 71.03124821515127, 79.83499781590248, 87.32800403153098, 81.25358132337736, 73.20622537527028, 66.07809777139342, 19.126855200048077, 9.726248842462649, 0.0, 11.273394078422918, 22.450922686586267, 21.927758473299317, 11.392865911744941, 7.4933825611984455, 12.255747225197046, 20.029617537448516, 56.44362730275284, 63.33244915091228, 71.34155239929922, 78.76380252225894, 84.520873359665, 83.29660145750083, 77.94210901677909, 71.79829370735122, 64.87649122798024, 59.947202491955316, 35.09429199088737, 46.15955422987056, 56.613529593228876, 59.43943058685715, 68.02341484384114, 72.71178005781317, 77.28202173987604, 81.00999362272282, 78.39725456594705, 68.49021710324949, 57.89221709896692, 50.454279538737346, 83.67895364500605, 80.73595566614686, 80.86522604016714, 85.73430304299382, 87.62041496502631, 92.59284976993841, 101.69690717299201, 102.57232531767129, 101.52714907337835, 99.03960443182638, 94.96663071224083, 90.48780636785992, 85.1162270828545, 85.33185127677145, 89.92958709937518, 93.48940908046995, 98.24698716051243, 94.34799045111279, 90.81258950483996, 86.25456380745956, 45.05642413904354, 57.31012526286754, 73.95535484452701, 85.94962676268696, 100.96636385200195, 109.86443098506291, 124.88910034661622, 126.4357473348152, 140.74356243924336, 141.04537076892547, 141.67031530046958, 132.31358305782163, 126.48244140119735, 115.54114842938455, 104.66163585307902], [27.010134616208358, 21.04326003837471, 17.974382232055596, 23.796833637659567, 25.05387954858141, 29.235564607403003, 33.14807380730604, 66.61564818696493, 72.05321513355312, 79.80565744727527, 88.35462406669122, 95.16879972279096, 89.46326981110806, 81.51570938925248, 74.20216265289156, 29.995245351220902, 20.867696267893226, 11.273394078422918, 0.0, 11.433307355821455, 11.390359912579456, 5.660128866561345, 12.629757386238346, 21.517697118843785, 29.91975011642032, 66.30300464868304, 73.02231709352787, 80.66958028564011, 87.55690418412115, 92.87748367470097, 91.96214456017955, 86.93917812603212, 81.03064066607409, 74.17638557605439, 69.2828042652712, 43.887331208383515, 54.687955101401414, 64.40504101123257, 64.65914996761799, 73.38350009286847, 79.04686145341262, 84.35785005945654, 88.06449499576715, 85.77543989058864, 77.4792069984762, 67.09263319556635, 59.828017847680705, 86.37591652465883, 85.05138693058908, 85.9979511137396, 91.64831223265193, 93.96079827389678, 98.98490038277097, 107.66578347494725, 108.25647314978555, 106.83357278385336, 103.7179886499839, 99.00571534660753, 94.12246950960831, 88.76928572746306, 90.00248356709571, 95.37707697544843, 99.38881987269886, 104.22065971793741, 100.16796173146976, 96.17889482688814, 90.83991413284399, 34.52693410108038, 47.873896237621864, 66.53967443373213, 80.45507219676749, 96.61849105496519, 107.16621413634432, 123.15260951101186, 129.3146374868853, 143.821845172135, 144.73613884688788, 145.33071536322998, 136.32527489768452, 131.3239776854388, 120.85189871018032, 111.03377998353037], [34.20477964724632, 28.20490391292835, 22.237902158650062, 22.950382290670692, 27.217764843269272, 33.64091232208583, 38.403288114703614, 73.44774739507474, 79.25198774773244, 87.20144166931743, 95.39141160016186, 101.36273185773854, 96.06925643077724, 88.29168950726806, 80.86232759918654, 40.345923786855515, 31.702663516509396, 22.450922686586267, 11.433307355821455, 0.0, 3.531615475231979, 13.26475977206546, 21.994176212265536, 31.084420656742427, 39.385561611865576, 75.12484781564531, 81.65568664236497, 88.90202912985868, 95.21098568412026, 100.00384303110015, 99.31778708889914, 94.66348462250255, 89.02767719048168, 82.25629077847951, 77.42169033999633, 51.9338175065572, 62.537354274231255, 71.63442287277486, 69.28673302163294, 77.95737265510483, 84.50100398469365, 90.3824306102517, 93.75968372379765, 91.6703020657401, 85.47093415829256, 75.15251352688357, 68.0366464122724, 88.19165345267186, 88.51904678922915, 90.22652052829855, 96.4620116375213, 99.07288130026684, 103.95567014373343, 111.93170576430728, 112.4113622895994, 110.71109182327412, 107.08897330803855, 101.91976844331292, 96.74625611227104, 91.47089066572603, 93.67909538015077, 99.6478395747972, 103.9384005578291, 108.63664621874328, 104.62700161464106, 100.35527558702323, 94.41411188116285, 24.43549301733841, 37.337500351648536, 57.928635183508554, 73.62991654598059, 90.87480059472774, 103.01380150134169, 119.66032570016331, 130.53570372764773, 144.62637347466182, 146.0739369583197, 146.54908876498627, 137.97146025432485, 133.94042582428148, 124.26330779367841, 116.05236959325255], [32.39007636245685, 26.10267199738351, 19.413278474538846, 19.642508314790476, 24.07020092961222, 30.887955839443606, 36.136031537971604, 72.25959881574087, 78.35295233511384, 86.43567868111705, 94.65377169927396, 100.55693895978251, 95.06538423578347, 87.16981528892181, 79.70740852152004, 39.39990888920478, 30.991900717574683, 21.927758473299317, 11.390359912579456, 3.531615475231979, 0.0, 11.623887797667962, 20.350800031906886, 29.660919265859064, 38.077033271535974, 74.48727544613249, 81.16660650782929, 88.58020881764904, 95.06918568255135, 99.9074662319938, 98.99094675171771, 94.22575058175369, 88.48529670867958, 81.58009119256398, 76.6578499557113, 50.16257166571288, 60.229854324317465, 68.96352454926767, 66.28076146108211, 74.93585434285878, 81.57143661597044, 87.60355965267988, 91.18901148984787, 89.3733067664962, 83.15730949745429, 73.22567045122915, 66.63084447154367, 84.90787938853889, 85.31047780946243, 87.10357286786869, 93.47637274146486, 96.20384879808661, 101.20003713326429, 109.32855264158262, 109.56549968008315, 107.74929236959326, 104.00725491318329, 98.71918566170358, 93.50017483997239, 88.23966254464393, 90.52568165600839, 96.62291283659437, 101.05000197185244, 105.89958805544144, 101.73010268072544, 97.32318757771098, 91.25572845927921, 26.971837552443954, 36.97744709509763, 56.284909846991376, 71.43442702828662, 88.35176071151344, 100.20003411604588, 116.89620333106802, 127.43766106818715, 142.21502835787993, 143.92789014677444, 144.8886356621895, 136.7193455040788, 133.05950937182388, 124.03501624475693, 116.43435874748846], [23.86424799516494, 17.13849364840385, 12.830880820727975, 19.058093654171948, 19.88549524698349, 24.474834332634043, 29.273407336740455, 64.75713208132443, 70.71449718009772, 78.70243551957378, 87.27962648529024, 93.94063263867885, 87.91109836478432, 79.7672898151964, 72.39551839436484, 28.716348411121388, 20.194167162560326, 11.392865911744941, 5.660128866561345, 13.26475977206546, 11.623887797667962, 0.0, 9.223422318189545, 19.083687674860982, 27.83170694008423, 65.5051550314636, 72.47460569569162, 80.38879026451897, 87.55325711282413, 92.91771932155923, 91.61273824063235, 86.41918423293171, 80.34586373478476, 73.26525305018757, 68.2222867927416, 40.93821216788003, 50.80289545552411, 59.93461960129112, 59.659604898918744, 68.3832356637629, 74.20002493255008, 79.77001265087917, 83.82775681251303, 81.99534876332464, 73.6785176142309, 63.94120831197379, 57.60592150799212, 81.03921651540836, 79.79325444028238, 80.86477896149613, 86.73835682008271, 89.2418451501633, 94.45640138481954, 103.39036642625942, 103.58908383581333, 101.98010189024599, 98.67502985027089, 93.77928022743423, 88.82779205470311, 83.49308399183283, 84.83289384005349, 90.4114572346246, 94.645415996194, 99.72602298950989, 95.41176076767148, 91.20326592930466, 85.66467581309456, 37.57543972777482, 47.36115694798442, 64.10339270898028, 77.069315032445, 92.6442087925029, 102.67854076113062, 118.6814312578666, 124.26359487342708, 139.83730522732904, 141.1757881702506, 142.5457242154944, 134.2109485133758, 129.83975466853838, 120.47722764410928, 111.76357911405265], [16.133592825316594, 9.805919589898442, 10.84090876881574, 20.76340017049183, 18.212871317310896, 19.32867538569131, 22.788321464101802, 56.89662350738887, 62.84948424667513, 70.80499504599237, 79.53431128718928, 86.53698257284273, 80.15832526340225, 71.87940350869046, 64.59507435993038, 20.036112285691974, 12.513573777419257, 7.4933825611984455, 12.629757386238346, 21.994176212265536, 20.350800031906886, 9.223422318189545, 0.0, 10.059536905924448, 18.881676249761828, 57.207543186477515, 64.37090441588002, 72.58566280588636, 80.16002410107376, 85.77697457027881, 84.10760763974476, 78.65693061969968, 72.38758203998685, 65.17397230468747, 60.04880349033903, 32.23106313389572, 42.196515904719675, 51.882991013741176, 53.2368320979155, 61.90636815100154, 67.08356379979264, 72.16298310025809, 76.19326183511215, 74.17029706888047, 64.96790526359823, 55.1070912072894, 48.91608642822067, 76.6524369891144, 74.1687312756696, 74.63224101463948, 79.93266093702103, 82.12325172442561, 87.28491068981329, 96.5037778091241, 96.91424349762633, 95.58608802581081, 92.75136511402211, 88.36192140630828, 83.72499778078983, 78.35808402356172, 78.93295519726452, 83.92943542727079, 87.82299451312612, 92.8349218918373, 88.64505879074753, 84.77928823780084, 79.82724430690944, 45.858406889820344, 54.07909510968647, 68.65588673072828, 79.70407121290754, 94.19198599158325, 102.73724756172673, 117.84794578083535, 119.69258193365765, 135.08571052463606, 136.0135171078497, 137.54092388839803, 129.10722341213574, 124.32786726111938, 115.03503267943223, 106.11906058425188], [9.752601182352686, 8.418677350237745, 16.41820007635094, 26.67950863225311, 21.862492725235203, 18.363519990014034, 18.20548566860799, 47.72135540719138, 53.457546196909014, 61.30180528037516, 70.14525394770774, 77.50048059293917, 70.90558097359505, 62.58679532757786, 55.43182464299614, 10.779138407782739, 7.6292687662859935, 12.255747225197046, 21.517697118843785, 31.084420656742427, 29.660919265859064, 19.083687674860982, 10.059536905924448, 0.0, 8.824647195511668, 47.390402856855374, 54.668072486191775, 63.07544004256939, 70.94486457400376, 76.75228000333225, 74.7994617306165, 69.16319918802395, 62.76525543860523, 55.48370099705329, 50.32265996161099, 22.99943721484306, 34.112713704962154, 45.0312507189569, 48.44736979352306, 56.87473598941007, 61.16783995485561, 65.3859689493501, 68.8668231559052, 66.21191293309484, 56.53817707318899, 45.865597234051414, 39.140527181495685, 74.06674140054437, 70.19526046228764, 69.85902321687927, 74.21041261089604, 75.81932976783699, 80.6368246072947, 89.79371867752342, 90.83120288202917, 90.01472210512841, 87.92095482185829, 84.35947936691551, 80.20919986205945, 74.84567652577456, 74.47017870999868, 78.53534480060323, 81.76282861934695, 86.37048074390157, 82.64645650110283, 79.44503296961119, 75.42235037996818, 53.97414189838006, 61.315536427787464, 74.27552859734152, 83.56850528607299, 97.08214877189144, 104.1891758594441, 118.07691221169318, 116.11292009916795, 130.23723078612431, 130.40139331979833, 131.6144243675109, 122.74369654742728, 117.25074088914738, 107.67511953596832, 98.3694555959664], [10.58588855555031, 14.55742389118837, 23.771053530764046, 33.40885551643037, 27.67334881015628, 21.56443357085664, 18.02910482731838, 39.87517464962033, 45.33147700855738, 53.030653306666785, 61.96985482157284, 69.66315058942452, 62.86229356190871, 54.528441509253625, 47.547565005022186, 5.933491112742059, 11.889433097960014, 20.029617537448516, 29.91975011642032, 39.385561611865576, 38.077033271535974, 27.83170694008423, 18.881676249761828, 8.824647195511668, 0.0, 38.84892747255504, 46.24525326775834, 54.84265773272573, 63.00185266431887, 68.97979558324785, 66.72507266939739, 60.90764258371849, 54.38545644187557, 47.03847592529461, 41.84543469233797, 15.642968999594675, 28.06523888094561, 40.139746909448746, 45.57821336215581, 53.54313038164897, 56.87468860701092, 60.13947374286068, 62.9624949766838, 59.63632318668651, 49.64006016117573, 38.05554903682443, 30.63933237972817, 72.7496196086039, 67.65860574495791, 66.56187155014375, 69.91668037502556, 70.91802253194395, 75.32510246545935, 84.31857780629478, 85.99223012260586, 85.68879687409503, 84.33168749574192, 81.60103322600915, 77.95642923457882, 72.66319714253126, 71.39894156233983, 74.50641848214505, 77.03372286143545, 81.18029893552342, 77.96908497158509, 75.46345126071635, 72.39251715873114, 61.47063711384405, 68.08327787477309, 79.72692965336702, 87.5598947718939, 100.17746844530934, 106.03681120656066, 118.77160873658518, 113.46403948894107, 126.28096030843048, 125.72052496700492, 126.61400629699041, 117.35389898341083, 111.20208311318233, 101.40207503446439, 91.79866984384768], [45.19920613063872, 51.968542229566474, 61.20182145030105, 69.29918816396867, 63.30121004390891, 55.096669302906655, 47.40870324332621, 20.174317440912866, 16.36604373808741, 18.909396980761784, 27.600454722187315, 37.8630273109826, 31.810027325586802, 25.944806413785017, 22.971925944210646, 38.59641976282671, 47.39687678813322, 56.44362730275284, 66.30300464868304, 75.12484781564531, 74.48727544613249, 65.5051550314636, 57.207543186477515, 47.390402856855374, 38.84892747255504, 0.0, 7.684181630725813, 16.91834704908946, 26.311246794877395, 33.17187358102127, 29.92716408329453, 23.450927930357107, 16.690359174851512, 10.410253766187498, 7.430266410527421, 31.813609963391926, 38.403251165583065, 48.99167294587567, 59.23863452024417, 63.2827024458293, 62.060170364570354, 59.82140414292408, 57.08568855777877, 49.32850650162347, 43.31253725554477, 29.282766090091435, 18.01301730663669, 86.1757210084146, 77.73700