{
	"dissimilarities": [[0.0, 8.35684887797177, 15.931334044964663, 24.800870175744198, 18.229482726993574, 10.202971605394579, 6.131003741470805, 42.41967138741814, 47.300389691221724, 55.38962990757831, 64.00331502056227, 70.30241274101408, 64.45412945774653, 56.15435013763277, 47.87660974857807, 14.532702829176891, 13.32203143429053, 17.170381988582932, 22.917971892022234, 31.83939223018426, 28.01190157692405, 20.25050358168638, 13.047321663393067, 7.1964168052736515, 8.89401028369346, 43.20738990394164, 52.249241768686524, 59.59003987184538, 68.47187281809163, 73.7554388255383, 71.7395066162242, 67.20567059846233, 58.69283278193768, 51.28900966578725, 45.12722946756662, 18.80171504001273, 22.973396317862647, 31.710172980821564, 38.132486518720555, 48.32122350399709, 53.091317470053916, 57.92401901121515, 60.64349788292303, 57.319701031274555, 44.34814669887707, 37.202746267668154, 35.85043845042291, 67.49169165853228, 61.967823483049116, 61.105075894253424, 66.56078936295265, 67.75374036518271, 72.96610450225002, 83.74567358175331, 86.42550431872188, 85.02195796456404, 83.01007905361811, 78.55816082091599, 76.38537442729113, 68.2595176671275, 64.68729244859273, 69.54576627037684, 72.19135090604797, 78.07474426861206, 76.49411901424024, 74.14534918237008, 70.3408473783931, 60.296458746245605, 65.37532529171601, 74.58803049287378, 81.28480623074441, 93.42867209208868, 104.48216296784088, 104.83249919823317, 109.66856826524094, 120.92753744863055, 121.85087662042024, 129.83499448095682, 120.7642024995118, 113.08166298187537, 104.09357119783566, 92.39911724052295], [8.35684887797177, 0.0, 7.873966625657999, 17.839027097767353, 11.098067800824472, 5.894974643479477, 10.410005591187023, 50.705037778394555, 55.64166126543984, 63.74550821053963, 72.35359350312649, 78.58771369779204, 72.76559777442928, 64.440206318872, 56.14628290250968, 19.540214443708752, 13.907187242219651, 13.127284367105522, 16.75993587775792, 25.41906100211308, 20.855714330973413, 12.873110978172251, 6.897915166562865, 8.245481081985032, 15.85985338613529, 51.24841733242696, 60.39995687086375, 67.7941302906058, 76.69138884629399, 82.01348805665278, 80.06634465905138, 75.52867084709966, 66.99586580609032, 59.59655398001201, 53.40825179170333, 26.418384423040465, 29.80958652653084, 36.68833772626727, 41.16248365772565, 51.41771652614746, 56.80717259545846, 62.437060054861426, 66.2194950788191, 63.90070081872591, 51.157179468141, 45.2069261419644, 44.08918383032023, 68.51613738280145, 63.74208638824046, 64.10164527186078, 70.18301168973166, 72.16049881795284, 77.76996117169895, 88.81085744797917, 90.74486899749385, 88.70642666929228, 85.97665738155243, 80.722195769238, 77.95453299862628, 70.13944430599005, 67.28726777646719, 73.04533270285944, 76.47536842618776, 82.61648263931707, 80.57937176729185, 77.45354360436177, 72.76339566086834, 55.22694355157674, 60.55462636288119, 70.3934375375629, 78.03973543425414, 90.72113123670489, 102.87024160836336, 104.27134436625062, 111.80996731856693, 125.28874275050617, 127.07098006082593, 135.41581416813244, 126.87433305679939, 119.91668752702579, 111.43662821998318, 100.07870081936352], [15.931334044964663, 7.873966625657999, 0.0, 10.678240394516783, 4.932162549691664, 8.457132281570749, 16.27285413128936, 57.795238119308515, 62.861623222779265, 71.13927335500598, 79.61517572277171, 85.57072285460137, 79.88995164081408, 71.54277939562992, 63.177789386074245, 26.98245936364208, 19.670637437946365, 14.9938273130555, 14.095669648898593, 19.90981137197492, 14.60120487147831, 9.092478019012582, 9.593305413044142, 15.52336433723003, 23.72247960867622, 59.043841583110904, 68.09778779376792, 75.33582948283869, 84.00017048778072, 89.18158637557745, 87.34218514724802, 82.96796973217819, 74.56710746533871, 67.18629437183738, 61.046347947230856, 34.264756374373526, 36.93355878390823, 42.55207983017218, 44.76684514531087, 54.78535126044382, 60.90994939421203, 67.24001579795375, 71.32221641916952, 69.72604773453784, 57.92346629149022, 52.44214484048658, 51.756769630178, 69.2912213637215, 65.59551607033123, 67.29601046150871, 73.81216037421173, 76.39054312686682, 82.08316219712137, 92.88627502538499, 94.27800064742331, 91.82159936947262, 88.48545048054841, 82.6150296886886, 79.24004473781616, 71.75027599142453, 69.87842670056088, 76.2999211241209, 80.38503729548307, 86.42700853278991, 84.05548674902003, 80.34395156327719, 74.84954579580815, 50.08647312474413, 54.53403122033175, 64.64720803764801, 73.14433778684402, 86.43404527108214, 99.69398841663049, 102.35042553030985, 113.09069449943983, 127.8426309924912, 130.3004116433652, 138.64598139383455, 130.63367604018907, 124.5129405352888, 116.73726795366599, 106.3807752580807], [24.800870175744198, 17.839027097767353, 10.678240394516783, 0.0, 7.387754793040374, 15.612387865264491, 23.131272694449503, 64.34258697606404, 69.6664017946258, 78.30621444118398, 86.37361658209873, 91.62212766040864, 86.29048230248026, 77.95677956344439, 69.5265989664814, 37.285206961755996, 29.892925582443432, 23.991277630514656, 19.519658967819005, 17.904594240784792, 13.132969796504291, 15.751708576362532, 20.019594343310704, 25.90438822532744, 33.35134440786226, 67.72276029192726, 76.40521514545988, 83.19548229197642, 91.2317065988665, 95.93711706275948, 94.22751335245137, 90.30112785157279, 82.28236747126601, 74.96001646913616, 69.01433919263916, 43.442067588433275, 44.91085966816342, 49.35199422692935, 48.294755988111355, 57.64474755608015, 64.87429603655985, 71.98509550142033, 75.46265776255049, 74.54385378460454, 64.9686320231783, 59.55148416925866, 59.85727530039146, 68.21584098252407, 66.32619671967284, 69.85884721491885, 76.65475340807944, 79.74837682049159, 85.11309489773845, 94.9092505556943, 95.85968248869189, 93.17522221454917, 89.237436337946, 82.88254448382581, 78.74422841798605, 71.66343871596702, 71.39031792820946, 78.30541524358377, 83.04818844864349, 88.4606030174496, 85.82488015293738, 81.63694113231521, 75.25131629445335, 45.09246778974939, 45.232900820362055, 54.321235780067205, 63.4218518185256, 77.47672247395955, 92.00619514431264, 96.3990653362073, 111.72061549561982, 126.73664779250466, 129.86394209370647, 137.86695538920839, 130.65830220287677, 125.9113456899348, 119.60151453757041, 111.78948384630992], [18.229482726993574, 11.098067800824472, 4.932162549691664, 7.387754793040374, 0.0, 8.714576057664823, 16.862357165545095, 58.71577600622901, 64.02707301898151, 72.51508523906962, 80.77213647907178, 86.35734745448654, 80.77816384137796, 72.37295191657155, 64.00113343143614, 30.612991543468485, 24.152477411126874, 19.861462796083423, 18.163375884746262, 21.35031264923291, 16.014361417936495, 13.332897899001324, 14.342938797156771, 19.259389123805356, 26.581504492916384, 61.32564853824977, 70.2719854138257, 77.3903345428625, 85.8314377329975, 90.72432074869832, 88.78934819706127, 84.61123301716209, 76.32975134282957, 68.90908146145487, 62.85899422638506, 36.57196609271591, 37.948638724961405, 42.58854122739471, 42.97109581696755, 52.72339510163037, 59.39465712110187, 66.14503935222339, 70.0299624251193, 68.9232796532554, 58.30195599558391, 53.272220304359884, 53.48982463649618, 65.74139851419089, 62.68189693410239, 65.1420937143218, 71.80177061086442, 74.64140084963863, 80.22949620471294, 90.69277907803036, 91.82298086166344, 89.22783576076222, 85.63244184606711, 79.56376804057253, 75.90953522702851, 68.544694196755, 67.28277898560644, 73.93428707849512, 78.33498566661736, 84.15966865743492, 81.64199974915903, 77.69621763183181, 71.83327074851698, 50.52237477940056, 52.17245298113974, 60.61174091186552, 68.56316856702217, 81.5742841038779, 94.80496493834579, 97.63728125365513, 109.51686573411757, 124.67492567532463, 127.56546969493043, 136.2381067731503, 128.73739065220778, 123.34738375044344, 116.62912568241771, 107.86792244499729], [10.202971605394579, 5.894974643479477, 8.457132281570749, 15.612387865264491, 8.714576057664823, 0.0, 8.39827623768146, 50.31442936851334, 55.61552903866138, 64.0260539524027, 72.34976530224516, 78.10613865527064, 72.39710514263581, 63.96940124863172, 55.64391889967522, 23.616930729796497, 19.499989022630885, 18.70286147441725, 20.79270328967364, 27.072224074278672, 22.2882459614779, 16.466813241796753, 12.432678480979792, 13.130097084288945, 18.658597738772038, 52.827447364426064, 61.81657636467621, 69.04731165147754, 77.65015069388343, 82.58178298065212, 80.4838358959518, 76.2027578587941, 67.82268366978032, 60.358376348110745, 54.29383285492238, 28.107061898414234, 29.465567981088522, 35.143872238344116, 37.44968877117786, 47.54341128441725, 53.60329015990399, 59.720057145038616, 63.14529238806933, 61.33765626155207, 50.07789287178199, 44.647131477939105, 44.84511213644351, 63.41677820809605, 59.198785101712566, 60.27648679349229, 66.49161752749387, 68.69823749324247, 74.16241255376495, 84.81979432540969, 86.53986189561967, 84.41141281113725, 81.4656937295862, 76.07613490190423, 73.06943840396981, 65.29244567092341, 63.01537973962158, 68.95781646241251, 72.68580684096133, 78.56654610659591, 76.40138168523882, 73.08555106667056, 68.06559700425619, 56.24956481632392, 58.50032644453729, 66.30948640477277, 73.06759637313688, 85.2447549391552, 97.07563644803857, 98.40109793538693, 106.69546421227315, 120.40088968536418, 122.60438655599033, 131.37884269122853, 123.3913326738742, 117.23659708630709, 110.04337851883776, 100.70525248346485], [6.131003741470805, 10.410005591187023, 16.27285413128936, 23.131272694449503, 16.862357165545095, 8.39827623768146, 0.0, 41.92958483443958, 47.25360413240745, 55.722982157411145, 63.98480440489386, 69.70874498038954, 64.0114394279134, 55.59324568608055, 47.25329044989059, 20.004856971374956, 19.328630464445123, 21.864655921453604, 26.034981557629116, 33.04301373225349, 29.008275849513172, 22.769838483046865, 16.86116101292349, 12.825678403722515, 13.572205635334813, 45.195213175714585, 53.95920486181739, 61.041876433795544, 69.52024236533234, 74.33621089411798, 72.17700833536314, 67.96726054198288, 59.67553534147591, 52.225447440682046, 46.243048716342955, 21.374880157174356, 22.807881566979386, 30.213736445031575, 34.26277944099127, 44.32101157440389, 49.84481165414644, 55.19299914209668, 57.36876215806761, 54.513165501682664, 43.30444184272156, 36.61042513640872, 36.88347666600889, 62.33619542898436, 57.382257950704386, 57.23215696965175, 62.79850700221071, 64.1837904382505, 69.19332262297351, 79.50130521000058, 82.02672350947252, 80.58499478243104, 78.38569604725889, 73.84469055513945, 71.44249066608445, 63.31496673313406, 60.34022129204132, 65.33457165864432, 68.25780394198875, 73.81177927818497, 72.12713877907628, 69.63273966660431, 65.52002294525968, 60.979735464148845, 63.125191545009365, 70.39968686119207, 76.19311008497445, 87.84129684170348, 98.54229706172444, 98.82206981662752, 104.43580047717667, 115.69518913970342, 116.99621675157574, 125.34314802689195, 116.81607802545349, 109.97208925648177, 102.34976688808868, 92.9165457017917], [42.41967138741814, 50.705037778394555, 57.795238119308515, 64.34258697606404, 58.71577600622901, 50.31442936851334, 41.92958483443958, 0.0, 6.134363703330769, 14.91063503115447, 22.225447063975135, 28.00816428648596, 22.100628712177986, 13.789483898698675, 5.49916833473899, 40.658589567287486, 49.031213534768746, 56.60724175079378, 63.38061144311303, 71.08448748407973, 68.6405233998647, 62.10693276544124, 54.871910589676794, 46.839172802008854, 37.80882988047925, 18.458573807433197, 20.359263486559772, 24.367369057286652, 30.980222421136762, 34.443451839585954, 31.31576686739146, 27.766684979918306, 20.87577064538143, 14.703531560602746, 12.4410811284982, 28.950198067150144, 28.60998369449074, 36.21334171796998, 45.58036266958858, 50.23370816542986, 50.4173199484211, 49.2537246154851, 43.019584216888866, 32.8497180781739, 26.819173900424744, 11.885016193602008, 12.886385480109462, 72.79068757637194, 65.44304617158423, 59.16118216634469, 59.70926306525715, 55.9731927648709, 57.12295533070365, 63.61767229588742, 70.70709614369022, 73.42880780237033, 75.75333125362722, 76.37355720361485, 77.45536215894431, 69.38455401928324, 63.464502504035536, 62.23641931964879, 59.76472732468423, 62.4256069742127, 63.97560620854743, 66.6487737754878, 68.2932731268265, 93.70845610807808, 95.70420532342132, 100.68402621053418, 102.6142383052368, 111.11870499701244, 116.25978437542526, 111.708407310454, 103.15270085015332, 100.60636915945042, 96.40863522546556, 102.0671465229929, 90.48434472571938, 78.95547350104124, 68.28799236824487, 57.782499751302005], [47.300389691221724, 55.64166126543984, 62.861623222779265, 69.6664017946258, 64.02707301898151, 55.61552903866138, 47.25360413240745, 6.134363703330769, 0.0, 9.046352675988759, 16.761541503696222, 23.376567532377926, 17.410456089341544, 9.93539040517211, 4.537735571244978, 44.2945160265228, 52.86699067898037, 60.66187798809768, 67.63745877059826, 75.54538729568323, 73.32581852473763, 66.6796858245558, 59.426176829691315, 51.30649324239584, 42.145730083971856, 16.98891733992867, 15.913329962814133, 18.590286211165253, 24.912408472766558, 28.533341233853054, 25.395323514319145, 21.684984761302715, 15.066448045000422, 9.831523419042702, 9.998868643053678, 32.96183102153013, 33.576468859121, 41.2056548483346, 51.21035326071234, 55.52582564751179, 55.091478585955954, 53.18843450179474, 46.57337799704407, 35.88071846723866, 30.19782559381483, 16.4633417928878, 15.108145668761672, 78.22660019075363, 70.69750205722782, 63.89992122271553, 63.9686803983644, 59.7689976067889, 60.520077358741744, 66.47379055431846, 74.01713073335537, 77.17110318364989, 79.97272021980136, 81.0747066567224, 82.47828894859452, 74.53250760647042, 68.34575388928906, 66.58232784031871, 63.54368637509286, 65.90638692260788, 67.81586561721427, 70.99062452262187, 73.18363841868934, 97.52329723365146, 100.45978865834165, 106.07202557875625, 108.16910992290092, 116.77876244866717, 121.75960783359302, 117.03548354426421, 107.28356446728215, 102.97362674404141, 97.83396393232015, 102.52637849978059, 90.23790755647103, 77.55024406877605, 65.30843604204716, 52.7757919365094], [55.38962990757831, 63.74550821053963, 71.13927335500598, 78.30621444118398, 72.51508523906962, 64.0260539524027, 55.722982157411145, 14.91063503115447, 9.046352675988759, 0.0, 9.193336386073884, 17.644445736565906, 11.526308615662042, 8.172554613722749, 11.370091086021914, 50.918141063562835, 59.93343662405964, 68.07429258577982, 75.37439452047295, 83.70058363497314, 81.55388020682703, 74.585448387084, 67.14246989309846, 58.87589087902966, 49.568159620968565, 18.577367868906936, 12.699255916560665, 12.225689506508008, 17.816425119237753, 21.416422104858363, 17.513877779253626, 13.141292389063947, 7.133178940741498, 6.875285949467849, 12.213530081356046, 39.81587546534596, 40.5945616951447, 47.438498384767044, 58.103189262952334, 61.643318882357924, 60.09126922598479, 56.98057635324757, 50.01880743458535, 38.961873165792866, 34.02340814570338, 23.104849026096165, 20.960881434285987, 84.62749934178173, 76.66114023110433, 68.92061875467482, 68.18381838687326, 63.30181774616563, 63.53214592163588, 68.94084446439254, 76.95553210495879, 80.64666297309759, 84.17839551146918, 86.043323191695, 88.04793651877338, 80.37388501272139, 73.62970552865409, 70.99886398116266, 67.0860596716543, 69.15282210792626, 71.5509170333423, 75.44494653775723, 78.57011772380982, 105.43060197094879, 109.18268443718948, 115.00216614769928, 116.90912917608712, 125.15870449132576, 129.45518919829283, 123.9721512425415, 111.46156813887713, 105.3896570250433, 99.23681783844641, 103.4577196219712, 90.59589579744134, 76.6075793419892, 63.00965903244126, 48.225303699494994], [64.00331502056227, 72.35359350312649, 79.61517572277171, 86.37361658209873, 80.77213647907178, 72.34976530224516, 63.98480440489386, 22.225447063975135, 16.761541503696222, 9.193336386073884, 0.0, 9.069410306848889, 4.516849772476498, 9.913028989018493, 17.333961945849683, 60.05146100296403, 68.95396438793887, 76.95550899571363, 84.07010429070965, 91.97997509095529, 89.93969403086325, 83.28785396234821, 75.97611246321432, 67.77017704658869, 58.50347467862292, 27.42489092474364, 20.045889186270017, 15.66972130715955, 15.233769106912444, 15.616356234454434, 10.720513861221017, 9.326193267976594, 11.32872249689584, 15.58710764146864, 21.360696839713096, 48.8241667051826, 48.88527682751575, 54.718218952442434, 64.25264015403079, 66.70718689857497, 64.75512625591516, 60.925906894513425, 52.31978528730019, 40.98190279183169, 39.830799315378705, 30.68124937828492, 29.981926057848337, 88.53582982778627, 80.86499271745103, 72.87435136159186, 71.25794852329953, 65.69620476826114, 64.78150314663807, 68.31269850320113, 77.06597840077455, 81.6206505876797, 85.91072568558401, 88.71975889063809, 91.1624878421671, 83.8358915128017, 77.25640518894707, 73.61002217987372, 68.88852329924778, 69.81742457651826, 72.834324062719, 77.61824696054278, 81.5750706292421, 112.83102660237392, 115.63937241414462, 120.5790604869218, 121.68609971553064, 129.24956752625656, 132.518101994739, 126.4141559654714, 112.09003948926663, 102.46021683602535, 94.98470348864824, 98.13721181738151, 84.80948822644315, 69.95422100046859, 56.18020911871348, 43.111518500842436], [70.30241274101408, 78.58771369779204, 85.57072285460137, 91.62212766040864, 86.35734745448654, 78.10613865527064, 69.70874498038954, 28.00816428648596, 23.376567532377926, 17.644445736565906, 9.069410306848889, 0.0, 6.901381874168238, 14.847486290540019, 22.59412356861438, 67.60500128211766, 76.16706962650818, 83.82406314171821, 90.53937126735364, 97.71099695660007, 95.7666678483138, 89.6804804424152, 82.64200271118159, 74.606643706855, 65.49078454297624, 36.19515569384238, 29.018574386349545, 23.802454855867843, 19.67269543326, 16.23795493499292, 12.374432062536242, 15.409291578990803, 20.26950386388371, 24.3810326029283, 29.78491350940529, 56.1648419176917, 55.41140457389212, 60.45602603717208, 68.27982081430673, 69.80858694998481, 68.00135873213767, 64.00830765080897, 53.64069506762667, 42.33470245221994, 45.19491571870291, 36.844902355885345, 37.679199129991545, 89.84847188204768, 82.86663588103639, 75.16763625078107, 72.92699629428157, 66.95172844557189, 64.87561609545948, 66.18197140668903, 75.58753408877975, 80.93455547605375, 85.7436271545669, 89.30254373954659, 91.93270568475691, 84.93654937805333, 78.94830680098475, 74.54295109096316, 69.34338178930804, 68.9353972312708, 72.44837125307566, 77.92656239448068, 82.37179535561867, 117.55745616581534, 118.70294784464186, 122.36972792820421, 122.54388647763, 129.39168053577126, 131.70898198294506, 125.27669683290165, 110.35044692589223, 96.9711716346788, 88.30126265209967, 90.21260263064666, 76.5773437296766, 61.340935693320844, 48.39324041192405, 40.21006893498852], [64.45412945774653, 72.76559777442928, 79.88995164081408, 86.29048230248026, 80.77816384137796, 72.39710514263581, 64.0114394279134, 22.100628712177986, 17.410456089341544, 11.526308615662042, 4.516849772476498, 6.901381874168238, 0.0, 8.54592633491759, 16.782485263629873, 61.3647643323801, 70.20863159371474, 78.07109908048822, 85.00994091604274, 92.62802565594049, 90.46757833249646, 84.00499798078427, 76.7285515035257, 68.57325229995566, 59.35856548080823, 29.928417961514256, 23.52554023117969, 19.984310246121606, 19.303495840106294, 18.54892074781142, 13.795175805747926, 13.65666563918605, 15.25343569996068, 18.224315947984522, 23.431206812485954, 49.75309700248311, 48.878607674602534, 53.99026762674085, 62.5513525390972, 64.48581680338826, 62.583735078267495, 58.71363333758511, 49.30036892593299, 37.91491675389091, 38.79228150782398, 30.320296114754687, 31.141876449367242, 85.60139512909291, 78.166516551298, 70.2779075860997, 68.41626137247329, 62.70682737046192, 61.38562984978132, 64.28568708026073, 73.20986243222407, 77.98126989244382, 82.41405120379676, 85.46984471109229, 87.98822164537796, 80.78476461591627, 74.41215946304425, 70.47335164739934, 65.60118148926152, 66.09886459739323, 69.25673847264684, 74.26159295817983, 78.39642275288733, 113.5796520441291, 115.19207707691366, 119.11771728562418, 119.59351613236139, 126.60292722765237, 129.31729027044514, 122.88176714240281, 108.15808395764567, 97.95268791809713, 90.51091672974843, 94.10983907135648, 81.11523241017859, 66.78218948074706, 54.5703684723829, 44.7971306702045], [56.15435013763277, 64.440206318872, 71.54277939562992, 77.95677956344439, 72.37295191657155, 63.96940124863172, 55.59324568608055, 13.789483898698675, 9.93539040517211, 8.172554613722749, 9.913028989018493, 14.847486290540019, 8.54592633491759, 0.0, 8.495447451315675, 53.57124527395028, 62.36868829006415, 70.16863175723778, 77.06663712291034, 84.73724390604534, 82.3926183732729, 75.86590235874974, 68.54352609644019, 60.407387514937874, 51.234683967753114, 24.352095288804797, 20.47212986620171, 20.10474076613924, 23.213384307603942, 24.56586371741716, 20.330647645201292, 18.121108937118194, 14.86421715983324, 13.846205742202486, 17.355785164010705, 41.73294170657897, 40.56439887162012, 46.032504344177966, 54.737080113207305, 57.35506185027499, 56.007915739646066, 52.902155390405945, 44.30490347035214, 32.96011026674667, 31.96084114852721, 22.02859635612233, 23.558850224761947, 79.08180778329285, 71.58018889047814, 64.08265999823068, 62.94649102179013, 57.806826039236256, 57.32207785390122, 61.65171657091377, 69.97975631777878, 74.0447852040252, 77.79060404632143, 80.05994372639184, 82.15454784856108, 74.63956741716271, 68.31662845451632, 65.19166503554584, 61.053703136251336, 62.35059134453303, 64.97739562807789, 69.24250725546858, 72.62765463127307, 106.50654194549756, 107.9473085680396, 111.88987421874627, 112.64743004106084, 119.94836831062685, 123.3024253788491, 117.3001401884286, 104.34106668433198, 97.23657750051123, 91.18126722088965, 96.07323868346015, 83.78614082133507, 70.7578569908433, 59.699328119874764, 50.21307469965671], [47.87660974857807, 56.14628290250968, 63.177789386074245, 69.5265989664814, 64.00113343143614, 55.64391889967522, 47.25329044989059, 5.49916833473899, 4.537735571244978, 11.370091086021914, 17.333961945849683, 22.59412356861438, 16.782485263629873, 8.495447451315675, 0.0, 46.04169274798227, 54.470502884692465, 62.04462535392295, 68.77193861012346, 76.29595521581106, 73.93737222967877, 67.54418068760532, 60.359372008612155, 52.33779657427342, 43.299809510858125, 20.78292179989067, 20.11548237515397, 22.337530454149917, 27.572908928253415, 30.21847425482089, 26.822997771118736, 23.8602581380997, 18.1933915394782, 13.611170343690695, 13.856570334358862, 34.30267610354871, 33.549527898043124, 40.22711987603608, 49.04243374659627, 52.82414240573359, 52.51996919225587, 50.64465036147312, 43.148595040293266, 32.32255320554787, 28.817697393955886, 15.744700448036156, 17.268171053087816, 74.87004363505378, 67.58164985362053, 60.91755004501082, 60.7854997855393, 56.466469163239495, 56.867328628313686, 62.31715962772856, 69.98528714341545, 73.30483597961364, 76.19575438522698, 77.49498475974232, 78.94187912590796, 71.06717059718753, 65.10442141137388, 63.09052505809745, 59.96033824824842, 61.9445690599032, 63.94915799351805, 67.29464294429017, 69.6088914813682, 98.34293850916278, 99.89131070915064, 104.3542472361463, 105.75690222057816, 113.79455064708107, 118.22451726770092, 113.17490188682032, 103.15516480357145, 98.46239048091468, 93.46651563876158, 98.63695178611218, 86.73054619815545, 74.6579049072686, 63.88405928557297, 54.13014104689324], [14.532702829176891, 19.540214443708752, 26.98245936364208, 37.285206961755996, 30.612991543468485, 23.616930729796497, 20.004856971374956, 40.658589567287486, 44.2945160265228, 50.918141063562835, 60.05146100296403, 67.60500128211766, 61.3647643323801, 53.57124527395028, 46.04169274798227, 0.0, 10.729596199557419, 19.936093781746038, 28.64082582523397, 40.35298920753423, 37.130683610996094, 27.480132788217798, 19.175382328542344, 11.463215973061878, 6.972635184449777, 35.250902360743105, 44.793883097028605, 52.84933849927016, 62.77672286106351, 68.98875589054855, 66.94508375528038, 61.60648124208145, 52.60816285174112, 45.49961476088827, 39.21484531408263, 12.763481275579753, 21.975435847307352, 32.41321764848461, 44.082487258119215, 53.870259245312575, 56.375649865235346, 59.44758083576415, 63.09516097022792, 58.737103140528625, 42.16113548198856, 35.141590893518874, 30.57904180431367, 76.32561335235116, 69.05301732694937, 65.85926010167489, 70.58535060997265, 70.97426703296661, 76.45212615742207, 88.28082788208363, 91.43647178794939, 90.33176278568583, 89.13000589315412, 85.37042593397801, 84.16224791967538, 76.03338577501518, 70.66953335005925, 74.65223199746868, 76.24721435053418, 82.81373343315902, 81.6517490713045, 79.99802072463963, 77.47059147682941, 68.23300384351262, 77.74082633407421, 88.78809642046738, 95.81532647306996, 107.73116192129903, 118.11698214355353, 117.23726004935162, 117.55709186477084, 128.51951140072114, 128.53925165576584, 136.5424393382671, 126.4363668128312, 116.84432692739328, 105.40602328226346, 89.10204128961045], [13.32203143429053, 13.907187242219651, 19.670637437946365, 29.892925582443432, 24.152477411126874, 19.499989022630885, 19.328630464445123, 49.031213534768746, 52.86699067898037, 59.93343662405964, 68.95396438793887, 76.16706962650818, 70.20863159371474, 62.36868829006415, 54.470502884692465, 10.729596199557419, 0.0, 9.289904742975573, 18.12663772257426, 30.23134383414831, 27.30140017296404, 17.706376091112546, 10.739557898222209, 7.395388985645717, 12.569954875585747, 44.93190096211529, 54.06760101178281, 61.61866287396312, 71.01463345472517, 77.13343643522937, 75.5314737681306, 70.48604766460846, 61.81444772652829, 54.81098289536822, 48.59497392955193, 22.508670551359845, 30.536342412836117, 39.98962702477822, 49.05648744193671, 59.270646008195115, 62.99263708690289, 67.13443855180958, 70.9771088990727, 67.17976308218033, 51.70890164260817, 44.364932964447945, 40.1502314770666, 79.39368122660046, 73.27101235241689, 71.6778075653435, 77.0863616968216, 78.17804960371808, 83.77912740051705, 95.30917501961123, 98.04364024835395, 96.53753674904394, 94.62939932965062, 90.09674214463647, 88.10778218678323, 80.10625802158464, 75.85396241561087, 80.72792867459471, 83.13117049735953, 89.57000448487933, 88.04311908686164, 85.72120204960058, 82.15367956525178, 58.30038058358831, 69.39268098371588, 82.40541096682868, 91.05456221958345, 104.32226189105869, 116.44002106387586, 117.38264021371518, 121.96258745039633, 133.74257049164206, 134.2042115855259, 141.45891071115562, 131.53182643413297, 122.54205681547633, 111.10816196879028, 95.15307733281233], [17.170381988582932, 13.127284367105522, 14.9938273130555, 23.991277630514656, 19.861462796083423, 18.70286147441725, 21.864655921453604, 56.60724175079378, 60.66187798809768, 68.07429258577982, 76.95550899571363, 83.82406314171821, 78.07109908048822, 70.16863175723778, 62.04462535392295, 19.936093781746038, 9.289904742975573, 0.0, 8.92168861267619, 21.44143200538744, 18.700240880946883, 9.554413461389764, 7.496168643453201, 12.225289260520505, 20.391505084419983, 53.75198814907885, 62.66011089561191, 69.8862084150428, 78.87098609358355, 84.81662140200405, 83.45644933044227, 78.66300001154514, 70.21988441135503, 63.2450138931671, 57.08377112347334, 31.10744491750639, 38.05784357370147, 46.532326224232854, 53.35346016726688, 63.66216797627143, 68.31621692388373, 73.29028874521389, 77.28296702155757, 74.06191112098372, 59.591813470346324, 52.3126480715719, 48.65212563057156, 81.50328504522794, 76.44207781984669, 76.2156707364585, 82.13268953336247, 83.81290528127516, 89.48672331976657, 100.72763632918085, 103.03675829901533, 101.17084222695868, 98.65906996979565, 93.49773395982335, 90.8599867276354, 83.0617248112144, 79.80260435892446, 85.376894394502, 88.45334317001706, 94.75478289404262, 92.91147491753028, 90.02386455293562, 85.60440366567701, 50.03780228519547, 62.025653759323, 76.46093065474385, 86.40626274221812, 100.67143094331942, 114.17734993651585, 116.6541533725809, 124.86570373954403, 137.50650664697056, 138.47918306635094, 145.31929852207267, 135.73749675472914, 127.47680303912824, 116.45477785586802, 101.36831237600397], [22.917971892022234, 16.75993587775792, 14.095669648898593, 19.519658967819005, 18.163375884746262, 20.79270328967364, 26.034981557629116, 63.38061144311303, 67.63745877059826, 75.37439452047295, 84.07010429070965, 90.53937126735364, 85.00994091604274, 77.06663712291034, 68.77193861012346, 28.64082582523397, 18.12663772257426, 8.92168861267619, 0.0, 12.844559616276184, 10.526988583809947, 5.61460808148298, 12.275419444638583, 19.567844828546807, 28.16274277084947, 61.87638600414974, 70.55848166728403, 77.46040707984781, 86.00820289899984, 91.71253161663103, 90.55034151019122, 86.04029273794042, 77.84127129871487, 70.8880674406037, 64.80072173822192, 39.12710191591442, 45.21528497472714, 52.937390758562564, 57.67270106312589, 67.88040313511253, 73.37155140354216, 79.03139731416836, 82.89990509325753, 80.13717975934003, 66.81256410564188, 59.47980387494623, 56.38737267558412, 83.36153869427591, 79.41602823981574, 80.46538665014131, 86.74710533143069, 88.88928575615041, 94.50350368377131, 105.27766714501688, 107.25188218471287, 105.13594296623567, 102.11903572497266, 96.47042369564487, 93.2456278502115, 85.6772831474422, 83.43056238272573, 89.53051518193173, 93.1617135234944, 99.19493693399099, 97.10939798336825, 93.78220593334416, 88.63463662772187, 42.09916804816685, 54.40105197438236, 70.11420482808597, 81.27299392656923, 96.4799748679685, 111.27398081849654, 115.27845991537181, 127.05273712553456, 140.1383169133681, 141.54389090519464, 147.90288764528142, 138.7045210520925, 131.22908082646427, 120.78121644093916, 106.90406370309529], [31.83939223018426, 25.41906100211308, 19.90981137197492, 17.904594240784792, 21.35031264923291, 27.072224074278672, 33.04301373225349, 71.08448748407973, 75.54538729568323, 83.70058363497314, 91.97997509095529, 97.71099695660007, 92.62802565594049, 84.73724390604534, 76.29595521581106, 40.35298920753423, 30.23134383414831, 21.44143200538744, 12.844559616276184, 0.0, 5.871540120428883, 15.021920724244588, 23.35857689504825, 30.568653028383878, 38.67575999261047, 71.83401001497707, 80.01464999214711, 86.28485888765407, 94.0006431304372, 99.209507934992, 98.36806512106006, 94.39644243020443, 86.70266390271354, 79.86169592088935, 73.98401841694275, 49.538213282331775, 54.72797127090434, 61.89291679146605, 63.985032826833844, 73.80990011227196, 80.38422465659892, 86.75363179716815, 89.75693084576268, 87.2944476446554, 76.00443868457752, 68.11254232095598, 65.78139217703293, 85.9471332794358, 83.69112788412642, 86.35733950095373, 92.87103479068689, 95.37088095803468, 100.57973419015916, 110.21288926075317, 112.00369831115358, 109.83711940984621, 106.34644943060337, 100.33802268505667, 96.40400175390066, 89.13787299308767, 88.37816409058269, 94.84420795748474, 98.99378201391877, 104.30622107520313, 102.06784604880802, 98.42921176690808, 92.50980043449012, 30.717392418925762, 42.11680234920873, 59.88317064304249, 72.78611862933603, 89.49875538795226, 106.04040461768736, 112.33895886124425, 129.20843476527702, 141.5637991444167, 143.24334425582018, 148.41474935017467, 139.69651664429068, 133.35404869361187, 123.82033510427569, 112.19472953561635], [28.01190157692405, 20.855714330973413, 14.60120487147831, 13.132969796504291, 16.014361417936495, 22.2882459614779, 29.008275849513172, 68.6405233998647, 73.32581852473763, 81.55388020682703, 89.93969403086325, 95.7666678483138, 90.46757833249646, 82.3926183732729, 73.93737222967877, 37.130683610996094, 27.30140017296404, 18.700240880946883, 10.526988583809947, 5.871540120428883, 0.0, 10.565498077135645, 19.019774758361518, 26.653238720731576, 35.1724630133547, 69.4548854620548, 77.99390182008648, 84.634262304278, 92.71495676685157, 97.95148711864195, 96.78562668741054, 92.65532165406955, 84.68472326779953, 77.63515300066048, 71.63123887956246, 46.13512897241495, 50.55770555987059, 57.039112793898425, 58.87269562061724, 68.70191637582305, 75.22200790110885, 81.70894014738836, 85.26535058449626, 83.2629660949207, 71.80278059312234, 64.83189900491813, 63.01677144867954, 81.02771026288111, 78.52404217574934, 81.15275814943345, 87.77867177735511, 90.46337748484218, 95.90399565514687, 105.96533330737856, 107.45793953968314, 105.05446940116175, 101.45166222509027, 95.30993436672227, 91.41843035382773, 84.18865256644581, 83.25388089718957, 89.88480802432237, 94.17433734868179, 99.77070105267114, 97.39238226944626, 93.56342448707736, 87.59153763968644, 36.23967856251391, 44.933454866700224, 60.237767830026286, 72.014264571808, 87.77678492870204, 103.58421320623674, 109.01015614163951, 124.62212796876004, 138.32094935034488, 140.46983666884222, 146.79206089688196, 138.4330010755818, 132.32411619030424, 123.47536527695642, 112.29580960184188], [20.25050358168638, 12.873110978172251, 9.092478019012582, 15.751708576362532, 13.332897899001324, 16.466813241796753, 22.769838483046865, 62.10693276544124, 66.6796858245558, 74.585448387084, 83.28785396234821, 89.6804804424152, 84.00499798078427, 75.86590235874974, 67.54418068760532, 27.480132788217798, 17.706376091112546, 9.554413461389764, 5.61460808148298, 15.021920724244588, 10.565498077135645, 0.0, 8.899808607361676, 17.141082079621402, 26.272508431783894, 61.251067750147655, 70.23644323691875, 77.42411212562772, 86.18974993543421, 91.78350884074953, 90.30016158518434, 85.7403236098947, 77.34367671145426, 70.17406594876373, 63.998008141442604, 37.32087793441081, 42.17243182336141, 48.93938308616815, 52.91317164694726, 63.06468207059009, 68.68462095217274, 74.61191863399903, 78.93988019650428, 76.77291638767277, 63.67676254775753, 57.37299563577441, 55.132156669079215, 78.21834757006265, 74.27187326182944, 75.5394417717872, 81.9811559535971, 84.38964919182298, 90.18305538652513, 101.21081778857646, 102.82159602002162, 100.44272092163988, 97.22775448125799, 91.38800988251917, 88.10143742176243, 80.62534966113947, 78.43171988182627, 84.7641871576695, 88.63796820271003, 94.84722198011748, 92.58246123984087, 88.99868297179813, 83.67432370665101, 45.54452803474993, 54.99969798494833, 68.60020752783154, 78.81898066098601, 93.21243759445682, 107.44354682613137, 110.87638486128463, 122.11474637292142, 136.48124228434602, 138.4540653851708, 145.85664840408654, 137.17714284823583, 130.22524385779784, 120.80799195886036, 108.05737875676567], [13.047321663393067, 6.897915166562865, 9.593305413044142, 20.019594343310704, 14.342938797156771, 12.432678480979792, 16.86116101292349, 54.871910589676794, 59.426176829691315, 67.14246989309846, 75.97611246321432, 82.64200271118159, 76.7285515035257, 68.54352609644019, 60.359372008612155, 19.175382328542344, 10.739557898222209, 7.496168643453201, 12.275419444638583, 23.35857689504825, 19.019774758361518, 8.899808607361676, 0.0, 8.549627147402452, 17.948240013410253, 53.33068802915595, 62.604492833731896, 70.15264660316338, 79.3292090845775, 85.03674560132829, 83.24556841822469, 78.45473873150229, 69.79665172947166, 62.51916953042603, 56.259903799815255, 28.873209048080973, 33.77220077194634, 40.918200046159576, 46.613050706984204, 56.898447651612244, 61.81013126972805, 67.20305860558898, 71.71138452790193, 69.30150571581282, 55.309510543655406, 49.429360506607594, 47.16665321176173, 74.32093618362421, 69.287848644626, 69.38212026944312, 75.51980676827677, 77.55175953940741, 83.43166448247294, 94.93653181447038, 96.78370446693943, 94.5944259442274, 91.82181358440518, 86.42461183638719, 83.69426682207315, 75.990346285871, 72.84131306388996, 78.71588750548811, 82.12609687111724, 88.60982553949954, 86.53251296347175, 83.31519228538524, 78.65014472777857, 53.54425075348503, 62.02968777270255, 73.84180267406921, 82.55348768962243, 95.76884475698306, 108.5190842426595, 110.28731971701056, 117.9162735216266, 132.07681954370236, 133.79309613564675, 141.94480256924982, 133.0890048726542, 125.62200342629899, 116.11488528244976, 102.88442272315565], [7.1964168052736515, 8.245481081985032, 15.52336433723003, 25.90438822532744, 19.259389123805356, 13.130097084288945, 12.825678403722515, 46.839172802008854, 51.30649324239584, 58.87589087902966, 67.77017704658869, 74.606643706855, 68.57325229995566, 60.407387514937874, 52.33779657427342, 11.463215973061878, 7.395388985645717, 12.225289260520505, 19.567844828546807, 30.568653028383878, 26.653238720731576, 17.141082079621402, 8.549627147402452, 0.0, 9.43443522552198, 44.937020365380846, 54.3114857453623, 62.01451431357434, 71.3831924284643, 77.12443856759677, 75.15212145394885, 70.25089865500519, 61.47969481329127, 54.15686124365474, 47.87150224070181, 20.326723553269623, 25.956721277478017, 34.415144805055974, 42.16097235810543, 52.43500679645313, 56.630344977773504, 61.28159990251763, 65.24581626263193, 62.13359852520183, 47.53391353254396, 41.20528250794286, 38.704311522178585, 72.04957701151692, 66.11319378286439, 64.9523785958608, 70.56525897873021, 71.95108223115588, 77.62415317460116, 89.16828050228207, 91.56308197300449, 89.84316648799027, 87.70114687687786, 82.99040799117205, 80.8618007991911, 72.88594627990936, 68.89613588313257, 74.01509199168532, 76.74053429642315, 83.18224512486469, 81.46521963616175, 78.88189683084536, 75.04582528380072, 59.87395378236895, 67.6500783574928, 78.35338753758477, 85.89391853197198, 98.31863088594828, 109.8066849753123, 110.26898082411263, 114.77250115366135, 127.47585373613505, 128.56587187363564, 136.81012227540884, 127.5803625295622, 119.47519638114143, 109.64469742020957, 96.01372709389317], [8.89401028369346, 15.85985338613529, 23.72247960867622, 33.35134440786226, 26.581504492916384, 18.658597738772038, 13.572205635334813, 37.80882988047925, 42.145730083971856, 49.568159620968565, 58.50347467862292, 65.49078454297624, 59.35856548080823, 51.234683967753114, 43.299809510858125, 6.972635184449777, 12.569954875585747, 20.391505084419983, 28.16274277084947, 38.67575999261047, 35.1724630133547, 26.272508431783894, 17.948240013410253, 9.43443522552198, 0.0, 35.71090891559591, 45.12472875435891, 52.92883165880429, 62.43076538521533, 68.1558167436191, 65.99812317431899, 61.02212135208508, 52.17238840487915, 44.801860027600654, 38.50435577450341, 11.060190590355848, 18.3847203937008, 28.97169026949862, 39.06354933549715, 48.98413313385094, 52.283312644086166, 55.90828057202456, 58.81650807039229, 54.65444691187265, 39.58718701873833, 32.18148630677362, 29.27609328241492, 70.69742305122374, 63.92540726988874, 61.34872243934164, 66.19883023542033, 66.70511021259534, 71.95493596851243, 83.27728901929913, 86.42084132610789, 85.36384166672515, 84.0241584437406, 80.21672077354552, 78.78729685637025, 70.57133257635962, 65.74592953937152, 69.82523914689015, 71.6468644757319, 77.84929523498941, 76.63211143040029, 74.90584719939574, 72.10699728373444, 66.74547598636201, 73.711350344611, 83.34086820493631, 89.70411685911769, 101.33540367731197, 111.49398717841125, 110.67378767669707, 111.93480796629501, 122.48762400861449, 122.73436977355196, 130.8408066457118, 121.14438439588777, 112.29442182529303, 102.06591841592534, 88.1115471551566], [43.20738990394164, 51.24841733242696, 59.043841583110904, 67.72276029192726, 61.32564853824977, 52.827447364426064, 45.195213175714585, 18.458573807433197, 16.98891733992867, 18.577367868906936, 27.42489092474364, 36.19515569384238, 29.928417961514256, 24.352095288804797, 20.78292179989067, 35.250902360743105, 44.93190096211529, 53.75198814907885, 61.87638600414974, 71.83401001497707, 69.4548854620548, 61.251067750147655, 53.33068802915595, 44.937020365380846, 35.71090891559591, 0.0, 10.032536980520975, 18.947998351017343, 29.80490777792084, 36.188712752719816, 33.392700589093806, 27.3730348271985, 18.056446843848377, 11.841133909187327, 7.143261967628021, 25.65512546597866, 29.737388478867626, 38.87393114339797, 52.93125546380523, 58.7466814565735, 57.465836964476786, 55.568538607580926, 53.3638462563017, 44.23893863175605, 30.523030980725803, 19.47605320418603, 10.23885025081874, 83.95329443669486, 75.1500488295146, 6