{
	"dissimilarities": [[0.0, 8.353074318888167, 16.41961541710807, 27.433049876868978, 20.440638733035453, 10.860827520144769, 7.148854460982541, 43.74909325368289, 48.77076791975871, 56.53225022414873, 65.25259566200567, 71.52149793665265, 65.63051335330107, 57.47050498668234, 49.22338713240421, 13.466873727867874, 12.541320486473543, 16.38724567692219, 23.2135485358284, 32.79997697501652, 28.25435569045867, 19.97244648859228, 12.845451124985996, 6.549248964939798, 8.709052126132214, 43.491616660335644, 51.76410056549293, 60.40661430810295, 69.15021026439437, 74.76059542660701, 72.79744598063681, 67.10087206466886, 58.49035227770736, 51.13489034806016, 45.96831210763705, 19.902267564759423, 24.02421732893107, 32.82495753950043, 37.85584051926071, 48.157206733895386, 53.638421134451775, 58.89714319747285, 61.04919224669465, 58.01676648136358, 46.390833592321805, 38.786097138798766, 36.68032257982328, 66.6049775016412, 60.84228090324607, 61.27722281467465, 65.37421938965961, 67.68425836532755, 71.5572188179938, 81.99754561397869, 84.5830222118541, 83.47181959684457, 80.94567942481018, 77.64250419590844, 74.45943032484205, 66.01697798552713, 63.67371103205319, 67.95797708140455, 70.22697752044192, 77.42829685192845, 73.6320521841494, 71.49956181040211, 68.52268349473272, 59.616702253429104, 63.449490164581064, 72.0045215961206, 79.68883660068701, 91.9266053288412, 100.55448817697079, 105.94943065121225, 108.38303045392342, 115.97957736441872, 119.791011963876, 127.1933782082819, 118.41029441416681, 110.71207992259825, 100.80362860502653, 93.04184085220614], [8.353074318888167, 0.0, 8.68018995536342, 20.72722137797838, 13.655037475989806, 6.848615855391876, 10.110704051643138, 51.95963089471567, 57.02797783308243, 64.87093750586719, 73.56320706326795, 79.7481525064972, 73.90254653990276, 65.69943676519712, 57.41669214426502, 18.92507893902678, 13.927626414994622, 12.815679119440919, 17.081361053795273, 26.42274138032863, 21.01649033071015, 12.389117817415292, 6.659686666650989, 8.9247748323751, 15.865126439197798, 51.71490602502971, 60.01387751043578, 68.64705557962775, 77.38314373718099, 82.98299689918458, 81.09669558557924, 75.42598412606053, 66.83222757790318, 59.4863952071287, 54.306338581199185, 27.93556884750948, 31.010099692103747, 38.017102815865954, 41.18053204075914, 51.4923530639813, 57.71563747652029, 63.719778492882675, 66.76608047304198, 64.68456902992665, 53.3588036881021, 46.72925922166005, 44.99853338254601, 67.63760179083226, 62.82584698453849, 64.33935853238316, 69.25720501908893, 72.28259210359563, 76.60606540851491, 87.25818390470829, 88.99997249798362, 87.34618353185374, 84.01002278627905, 79.96834257924702, 76.19677786584397, 67.84134871430908, 66.49381289494379, 71.70130979538035, 74.66986479044408, 82.2317509825293, 77.88560372613192, 75.06690438258403, 71.14536796706552, 54.43973467161944, 58.35298219879017, 67.53086945944627, 76.2510596396319, 89.06940741993897, 98.70445391190431, 105.16462559390061, 110.61086977506915, 120.31866721934084, 124.89135532164748, 132.62238284934654, 124.36678126214254, 117.49530629605562, 108.09644580598247, 100.55976115411129], [16.41961541710807, 8.68018995536342, 0.0, 12.379160024598276, 5.83159613549584, 8.594396087560373, 15.302207854385621, 58.85675725569029, 64.01791473778627, 72.23469718868711, 80.72260046594161, 86.55014242505133, 80.89944394469461, 72.61487704926017, 64.23202992904316, 27.46935695548265, 21.17512884623638, 16.379719241043848, 15.130949773704424, 20.782020134385853, 14.397051113809557, 9.242636931917264, 10.861194855225506, 17.43587250194392, 24.47728898237591, 59.860621126859435, 68.0444667226111, 76.41527693282057, 84.8322795711763, 90.17045164237292, 88.38491938602039, 82.99533680561102, 74.53593597912977, 67.1079626079912, 62.11470216084816, 36.14280997234252, 38.111946455763466, 43.78769132465674, 44.30099648218331, 54.33184007626748, 61.71551243346602, 68.33302775615779, 71.45625987081189, 70.17997694052461, 60.0736565389812, 53.89405431136634, 52.76037602721182, 67.34350518044272, 63.98577840895144, 66.79738760570879, 72.43562922395773, 76.02361976661888, 80.48382828355963, 90.72282611984515, 91.8517155310106, 89.8218810879499, 85.749896170307, 81.08819849238992, 76.66110876061408, 68.4684205824212, 68.5236429070464, 74.58237996198552, 78.1477238703592, 85.47100545970618, 80.80957317738645, 77.4263252574742, 72.54046639350133, 49.21864531351634, 51.10345621457028, 60.14548142457689, 69.65324285792404, 83.10503105304356, 93.8148581670265, 101.42503559057312, 110.86050264181769, 121.92237328560653, 126.99901333211525, 134.68693159662791, 127.06017356992206, 121.37178468478018, 112.98462636642309, 106.76003410102017], [27.433049876868978, 20.72722137797838, 12.379160024598276, 0.0, 7.674093721933944, 18.093347731509862, 24.319308870500763, 66.69261765852644, 71.89582362705715, 80.63549285138718, 88.6763433230592, 93.82902441472481, 88.58036961541944, 80.27552453275887, 71.84138091001617, 39.41650638886946, 32.830950274569936, 26.688929999500207, 21.296828673252502, 18.54435923413724, 13.120127801961116, 17.375479979249523, 22.7559733846496, 29.54382114545659, 35.98457386459744, 69.86646109822584, 77.74540075571008, 85.55751911348281, 93.31109037037642, 98.11887237223348, 96.50041564704452, 91.67118619389169, 83.53242606358506, 76.02753002533086, 71.43573341804233, 46.70320817168981, 47.5297120614635, 52.04963004047629, 49.18860932357111, 58.46351222632667, 67.37981975529313, 74.4850355922916, 76.96435822616246, 76.47611625566317, 68.53725713857996, 62.529706138022924, 62.16238052545178, 66.85006465545699, 65.75770421876732, 70.2237738107109, 76.51980883739219, 80.56770818443066, 84.85522991399701, 93.94273423904662, 94.57774061354506, 92.29040617064553, 87.46920707685639, 82.2428487943523, 77.01979448817055, 69.18679287215187, 71.26798257304486, 78.16267781557617, 82.27596427785389, 88.69804308843388, 83.93890617031524, 80.05333837688822, 74.08015615768402, 43.99609576149224, 40.25310202137497, 48.17790614842941, 58.58381363997889, 73.08663206567486, 85.34494757508104, 94.54763446761385, 109.98808578479078, 121.80061090766766, 127.16692710059955, 134.32976511023435, 127.5652935429634, 123.64886775391824, 116.9178568801763, 113.1504882929833], [20.440638733035453, 13.655037475989806, 5.83159613549584, 7.674093721933944, 0.0, 10.654738808850974, 17.403458356282037, 60.898178212848, 66.17707978885234, 74.73396068208682, 82.97152714088004, 88.43819825796056, 82.93845446655955, 74.55385128288917, 66.15728944896676, 32.52734080499328, 26.75249044636133, 21.967876167960345, 19.28753700052539, 21.488213135482553, 15.085844364004656, 13.85972840995887, 16.68354552043423, 22.57924355617234, 28.91259678362165, 63.31370360238298, 71.40536222957635, 79.61003960168289, 87.71639763670956, 92.75947725683383, 90.92020975962551, 85.80105455860031, 77.4256403786548, 69.9042040969335, 65.1326066136326, 39.644199124041066, 40.39545591182974, 45.09014027815023, 43.57095407370998, 53.25784345117956, 61.486621331771374, 68.41502804985114, 71.30783206317888, 70.6080838922052, 61.7224795466881, 55.98264885715239, 55.646507826771426, 64.19326462254065, 61.79825360036653, 65.41098607593423, 71.41177106049, 75.27609717880897, 79.7069584006987, 89.49125781644001, 90.27856697842621, 88.08063877380658, 83.62618237109506, 78.6861168989401, 73.89920287788604, 65.83335662478062, 66.81244487388886, 73.31362288195548, 77.19091427370952, 84.16023097985165, 79.38365056882098, 75.71557035944996, 70.29279037792904, 49.03199158760334, 47.494843707006424, 54.78891600605603, 63.98787074312432, 77.35005432157148, 88.27364119454525, 96.25077824596833, 107.68261619009049, 119.32031018097139, 124.74477891159184, 132.62727330791716, 125.60197001133785, 120.88185022582981, 113.69075152747425, 109.15002667434348], [10.860827520144769, 6.848615855391876, 8.594396087560373, 18.093347731509862, 10.654738808850974, 0.0, 7.330969620416932, 51.40624905407775, 56.7353619946502, 65.06930231513961, 73.46470920878866, 79.23581076920273, 73.49273970466233, 65.06299138367268, 56.7512010166068, 23.601716799721203, 20.284088755548396, 19.35802291260187, 21.797808790182444, 28.512081120502973, 22.64261234426576, 16.427656283013047, 13.099018473777566, 14.311379729770048, 19.16105247139838, 53.19101578668257, 61.443991966565804, 70.00283363101256, 78.40439252438088, 83.64091483839087, 81.54637129572723, 76.16735746269566, 67.58224348051361, 60.05933885223898, 55.156029106066455, 29.18146468822881, 29.938084391797382, 35.57057091061095, 36.406526222043475, 46.59079456963912, 53.76453542305802, 60.145707578360025, 62.97021245434684, 61.595054338306454, 51.658570084005625, 45.810509939841424, 45.47656538332324, 61.394629164507, 57.18448184999082, 59.33825576036988, 64.59788231726525, 67.89546841605879, 72.22332142626749, 82.5542932098425, 83.95021764681024, 82.14180891737219, 78.49394649105665, 74.25517198961725, 70.22802118200434, 61.89344329660469, 61.228817081420694, 66.83070420144664, 70.09660137736027, 77.38955294656525, 72.898281130953, 69.82127137980541, 65.46465797798068, 56.406660356669995, 56.52455020481153, 63.10449042709739, 70.7647323686413, 82.86791561286938, 92.0606459972506, 98.33930411971741, 104.44169995926464, 114.68971947709036, 119.7391991423114, 128.08489551347913, 120.55771157028661, 114.70166208696672, 106.89063400094764, 101.62765482455707], [7.148854460982541, 10.110704051643138, 15.302207854385621, 24.319308870500763, 17.403458356282037, 7.330969620416932, 0.0, 44.07531260011664, 49.41029601415157, 57.77947727137824, 66.14312876037076, 71.91189025082456, 66.1619114571507, 57.73703635941418, 49.422263015432684, 20.127108202654497, 19.447717499632727, 21.474209378602673, 26.10342911546318, 33.50652700842064, 28.436413567144434, 21.845597803548383, 16.5612510776124, 13.10020285349158, 14.581159534634892, 46.311146151156606, 54.471489109340354, 62.95326574800864, 71.26563170346095, 76.44152891829762, 74.28386716977067, 68.9520995181401, 60.39090077707325, 52.842738716288785, 48.02723283216457, 22.712286054571898, 23.709266113218224, 30.844348167753946, 33.096030289271056, 43.371965602530885, 50.03856503113599, 55.78720517934461, 57.67578166277036, 55.457071065162516, 45.474465682592566, 38.756613077526495, 38.34887766131304, 60.32618001010591, 55.27089063236457, 56.47286856044578, 61.002329585374476, 63.65071454597535, 67.54267488836446, 77.61827570705913, 79.81838322350427, 78.52155818235227, 75.60822979138536, 72.05080100518812, 68.54296699351353, 60.097140660636086, 58.56649089060496, 63.34601015528623, 65.98264713082104, 72.8785491090561, 68.90057868142132, 66.45098420908025, 62.93579410341429, 60.478518152627835, 60.692140099203115, 66.85560226233123, 73.58147181061769, 85.19353653150684, 93.48471265615802, 98.80267667352548, 102.2990880783009, 110.52513754849177, 114.855786632409, 122.85267373079482, 114.85586811349962, 108.33134466157253, 100.1708490683694, 94.94371802570275], [43.74909325368289, 51.95963089471567, 58.85675725569029, 66.69261765852644, 60.898178212848, 51.40624905407775, 44.07531260011664, 0.0, 5.705684864136909, 14.796453272991673, 22.245525860579516, 27.974497933144768, 22.08731639014095, 13.797252347700901, 5.494770591832565, 41.878882486468655, 49.4157878820205, 56.968117092292026, 64.71249318395165, 72.48774078743651, 69.68576604914092, 63.16299825571457, 56.1773001424741, 47.281144955005054, 39.32843015499125, 17.061290919965288, 19.244891804406198, 24.324967519156278, 30.335538488571288, 34.36171642764875, 31.29720785003753, 26.89490370815819, 19.428817160507197, 12.555551186874633, 12.144445303822609, 27.570102780584296, 28.553133495800015, 36.39849118148821, 44.44230133527032, 49.01843180083448, 49.380655305878335, 48.30699059941959, 41.81511472334664, 31.92168539975886, 26.774409322173174, 13.366558457491175, 11.902934542257173, 71.57605915240856, 63.43825191050302, 58.78548794256727, 57.16062920157538, 54.365602874291554, 53.77053301055964, 59.471252415033156, 67.57876774923888, 70.22882789754247, 72.84622419757453, 74.26891097138459, 74.5440389230482, 67.5197680265032, 61.440385114257325, 59.55816883689372, 57.00544535621413, 59.163020840151624, 60.02205160528647, 62.59233011683166, 65.36756307917881, 93.7785592600282, 94.33941402909527, 98.39303554387655, 100.69911379976338, 109.03767035124478, 112.28692255839927, 112.20521814196991, 100.34650606059567, 94.07700583248062, 92.63409318881247, 97.37902739474941, 86.05120593239447, 73.98301778429614, 62.82014396436908, 58.202986233078626], [48.77076791975871, 57.02797783308243, 64.01791473778627, 71.89582362705715, 66.17707978885234, 56.7353619946502, 49.41029601415157, 5.705684864136909, 0.0, 9.504869060668275, 16.804900632837583, 22.787366029487785, 16.939229460890065, 9.393139227296112, 3.2115903389898586, 46.12438756967873, 53.710992755937255, 61.37777598654899, 69.22512231058873, 77.00874346982812, 74.48280089501907, 67.99501688077343, 61.00739106241808, 52.05369908681305, 44.02671116302177, 17.1457897549877, 16.564429083373625, 19.648688311535125, 24.824866840375254, 28.673720552581678, 25.61456222812129, 21.441588793859705, 14.696662873311004, 8.960616388799714, 11.140997802706636, 32.251002473334395, 33.85421988423171, 41.497036902351354, 49.766168881390186, 53.87148983693046, 53.6357115149062, 51.883655951646354, 44.73388817255979, 34.24792193726497, 30.129242112665544, 17.844376236793035, 15.358691850215436, 76.29869484643602, 68.10531727323377, 63.081561554864614, 60.90752695631206, 57.58851695476267, 56.44247327993051, 61.2780783277364, 70.03466800167105, 73.13293046849878, 76.32693752433087, 78.2220774347524, 78.82465241453187, 72.04276564378142, 65.72617566222424, 63.249364931369186, 60.18363637805552, 61.65522004251615, 63.12739061032047, 66.19992730876838, 69.52165152577946, 97.50461948860666, 98.65123363115066, 103.08409516359455, 105.33395546490947, 113.6742607865039, 116.7296051845344, 116.34382727810407, 103.44910561143372, 95.23653105001152, 92.74189447971818, 96.42695147110906, 84.37923666049001, 71.15094711231389, 58.69101726226428, 53.14765905839009], [56.53225022414873, 64.87093750586719, 72.23469718868711, 80.63549285138718, 74.73396068208682, 65.06930231513961, 57.77947727137824, 14.796453272991673, 9.504869060668275, 0.0, 9.164361955973694, 16.910302899344025, 10.745429486533286, 7.960376155739627, 11.131200322936698, 52.238564301981775, 60.26168775800464, 68.35265974670757, 76.63308135491823, 84.95755538774037, 82.56906595356809, 75.66582335059684, 68.38689225810806, 59.17769086542885, 50.95295045093033, 18.0421127190392, 12.874334496285037, 12.322013135717638, 16.709419526389595, 20.951890114115052, 17.236413463673614, 12.233115698468115, 6.201743642494503, 6.548905690292156, 12.321931565735664, 38.84074283470925, 40.93871084873099, 47.98907005805927, 57.355381024632585, 60.79316693615082, 59.09740259921813, 56.26758899716473, 49.07218186043194, 38.14113415643712, 34.13704582265, 24.156175047094706, 20.972706622843624, 83.7252937809845, 74.9916049279683, 69.10894887649192, 66.08877111528982, 62.084009803888236, 60.46984420739057, 64.85086897138855, 74.11173603261143, 77.66293479423919, 81.67289934247238, 84.20731661068258, 85.42909371728815, 79.01687921227253, 71.9096425027307, 68.49871297585292, 64.72059915001657, 65.89837514762242, 67.9835044774764, 71.68751136810506, 75.91337083137077, 105.04293743327699, 107.51379379296084, 112.50568410001745, 114.75421830374933, 122.89439421963029, 125.48762541484732, 124.49100208557913, 108.78459350431365, 98.82548327652418, 95.37865944456178, 98.46161161696477, 85.72500425250989, 70.74833658842722, 56.43574815542905, 48.18911397869803], [65.25259566200567, 73.56320706326795, 80.72260046594161, 88.6763433230592, 82.97152714088004, 73.46470920878866, 66.14312876037076, 22.245525860579516, 16.804900632837583, 9.164361955973694, 0.0, 8.186670246265999, 3.359702963792635, 9.914010337549282, 17.312052655909408, 61.36174642405324, 69.29106102079359, 77.254271543814, 85.35203361412412, 93.26618147766155, 90.99539672150134, 84.40106423663214, 77.26112921052648, 68.12710365381302, 59.93907267792929, 26.909888406927777, 20.555258815194446, 15.793788106126536, 14.106471385165532, 15.242680470599192, 10.559131856931941, 9.452045275995083, 11.398329488988596, 15.607466385683134, 21.42079451757313, 47.7877932299289, 49.11103166940007, 55.13008408776176, 63.5460982028774, 65.89613734647314, 63.75319448773542, 60.03570428427921, 51.42485929015407, 40.303884595306414, 39.60713283533987, 31.577934647494743, 29.882316635942452, 87.78657028321474, 79.28617247098397, 73.05476087429923, 69.21798256617834, 64.4534475054301, 61.8159664513907, 64.2792609582062, 74.4388374245486, 78.71416096653297, 83.60119289174033, 86.93628040014862, 88.66880085920701, 82.80768204717364, 75.6464502506246, 71.34974552311796, 66.8410741725797, 66.48736980149941, 69.61003058088436, 74.08081150683002, 79.09402339838532, 112.64339636427091, 114.23057825396982, 118.37378281794946, 119.76438006769386, 127.18297256716187, 128.8983284273313, 127.03300245816561, 109.4308039321582, 96.2789179980334, 91.35728576889689, 93.32176527662449, 80.10666592308931, 64.07569257788809, 49.70133316404397, 43.62938129561733], [71.52149793665265, 79.7481525064972, 86.55014242505133, 93.82902441472481, 88.43819825796056, 79.23581076920273, 71.91189025082456, 27.974497933144768, 22.787366029487785, 16.910302899344025, 8.186670246265999, 0.0, 6.798104105820386, 14.885644735313381, 22.609651967033304, 68.51387870248676, 76.16487796392607, 83.83260293155428, 91.5696503423477, 98.82828265605214, 96.68594795690295, 90.60127357287703, 83.74250100228576, 74.80197738513561, 66.73885337261807, 34.90915548628622, 28.66739353635157, 22.8590974653203, 17.827702418966304, 15.201572147247767, 11.445904043563969, 15.109586956054224, 19.49675127980367, 23.45803858794494, 29.213241885023404, 54.73800523671746, 55.39552848449082, 60.76873435129968, 67.84034765826345, 69.39954215047754, 67.45561043031424, 63.33992090309859, 53.37075945860267, 42.407364598465456, 44.79145930960661, 37.65948098245187, 37.04347722983853, 89.81669787999851, 81.88209803886429, 75.72561803281144, 71.44430565448111, 66.22008406237097, 62.70113253626408, 63.12640507203947, 74.03412954572009, 78.89560700761173, 84.34219582263476, 88.23514405502992, 90.21212943686206, 84.80093170585958, 78.00804708144055, 73.23196395127242, 68.29908096090145, 66.35625034722041, 70.34143984713616, 75.32867154343826, 80.733072928466, 117.45116285683311, 117.69790497314254, 120.84146378689682, 121.37816377652015, 128.1721602430753, 129.20855172034527, 126.7281638695484, 108.58254370207082, 92.45444122533083, 86.09480798502875, 86.69808583917768, 73.08141272728463, 56.457548393720025, 42.71345956001247, 40.97415698695077], [65.63051335330107, 73.90254653990276, 80.89944394469461, 88.58036961541944, 82.93845446655955, 73.49273970466233, 66.1619114571507, 22.08731639014095, 16.939229460890065, 10.745429486533286, 3.359702963792635, 6.798104105820386, 0.0, 8.73683241576322, 16.823130993828734, 62.33550518797496, 70.24233791847612, 78.10471732996217, 86.06383730363318, 93.76571392545355, 91.3750372862379, 84.91620608737107, 77.83880313696196, 68.75786313747558, 60.60315262042095, 28.601379260698234, 22.922264384306015, 18.98999760317376, 17.235000098364637, 17.515668058601108, 12.896162279472525, 12.74207406166924, 14.034202820277255, 17.20050402985395, 22.872793647535886, 48.364100549912486, 48.969512979275315, 54.45643386329815, 62.2347327414084, 64.19269447646168, 62.112569216686055, 58.26424650689836, 49.129782213767186, 38.02131086757353, 38.63823212981542, 31.187893796485934, 30.549049574542476, 85.60295743107217, 77.25082974672944, 71.02264295908354, 67.0376382019506, 62.13614583428504, 59.246346225822414, 61.245972646214206, 71.56496786408583, 75.97019274371725, 80.98678518451229, 84.47636127308776, 86.29223122610668, 80.57995437536746, 73.51019597245934, 69.05746958028253, 64.43068195133571, 63.65417587796333, 66.98323777175864, 71.59412897359236, 76.73350654384774, 113.33335426740034, 113.99960828819782, 117.37343537860257, 118.29566472964234, 125.27932993864145, 126.61115681014682, 124.45104219717392, 106.4650838232415, 92.93671310683332, 88.02702013669204, 90.33227304348011, 77.41132196943343, 61.79262032620131, 48.73598851903883, 45.16478788807376], [57.47050498668234, 65.69943676519712, 72.61487704926017, 80.27552453275887, 74.55385128288917, 65.06299138367268, 57.73703635941418, 13.797252347700901, 9.393139227296112, 7.960376155739627, 9.914010337549282, 14.885644735313381, 8.73683241576322, 0.0, 8.484073187464736, 54.842890230877224, 62.73656113319962, 70.51309207112895, 78.39056902496397, 86.11294472573448, 83.44112628404324, 76.9328003350685, 69.85095125170912, 60.81438520581398, 52.710518918883324, 23.273016916883297, 20.04201459412189, 20.078998808508306, 22.262019692447268, 24.43348675899345, 20.294842594975133, 17.626608329906325, 13.705579969683917, 12.53245959703174, 17.197569683474843, 40.43000644007055, 40.51912394745129, 46.18838794185471, 53.86627854521324, 56.36392617408962, 54.91672152794995, 51.80390172367959, 43.218538514728806, 32.14608826107988, 31.48346107012655, 22.841540639217857, 22.98606127787275, 78.21446130200633, 69.83828770971957, 63.984236405109264, 60.63529654523171, 56.31543031440145, 54.12128028258902, 57.50793496483644, 67.13941639611619, 70.9764548583331, 75.25202871778983, 78.12616958641627, 79.51210146424746, 73.40260450169743, 66.53448937965807, 62.78366206211076, 58.745489977262736, 58.95358524322162, 61.48580992049703, 65.50212297282565, 69.9946289720153, 106.59279739101123, 106.72741220636748, 109.81545647687149, 110.91701997129557, 118.03668566878036, 119.73989732825585, 118.07214907705415, 101.62219198733953, 90.88509703889098, 87.53812819850708, 91.40394764219322, 79.37323598513613, 65.45511288988021, 54.01865083797704, 51.06453765236342], [49.22338713240421, 57.41669214426502, 64.23202992904316, 71.84138091001617, 66.15728944896676, 56.7512010166068, 49.422263015432684, 5.494770591832565, 3.2115903389898586, 11.131200322936698, 17.312052655909408, 22.609651967033304, 16.823130993828734, 8.484073187464736, 0.0, 47.25239157003288, 54.83436252626435, 62.391414729498145, 70.09458192305667, 77.68852149151309, 74.9875228121445, 68.60413324191944, 61.6635680532942, 52.77317476695906, 44.80388180817605, 19.41793423024937, 19.21050971387196, 22.268582226987782, 26.845670531057443, 30.148569769705265, 26.814596436019894, 23.113213188895244, 16.737846497667586, 11.418476812515628, 13.53288242433559, 32.918034075251974, 33.43969159065736, 40.33882888484983, 47.960827338727114, 51.64818071947809, 51.44354249026563, 49.56699609790161, 41.94165685313299, 31.416603904919867, 28.502699348225285, 16.911865652278728, 16.409099899515116, 73.76546833996338, 65.6399782783149, 60.5754462353229, 58.262887203183034, 54.83231371137522, 53.51413629365916, 58.12051230444869, 66.94601219608425, 70.11639639123392, 73.39779746114792, 75.41642584713989, 76.10214461445682, 69.4329810263666, 63.143416244311446, 60.522399223415555, 57.3648101978877, 58.569588700067854, 60.15848283702049, 63.334380959002615, 66.77562423110575, 98.48032506342649, 98.64737731294564, 102.21181212833439, 103.95717528100553, 111.81109762520813, 114.44748388571827, 113.74627164452143, 100.34696108522246, 92.06981998934025, 89.77211897527756, 93.99557096281944, 82.3366583136049, 69.6175858653426, 58.40869296652173, 54.782621973696614], [13.466873727867874, 18.92507893902678, 27.46935695548265, 39.41650638886946, 32.52734080499328, 23.601716799721203, 20.127108202654497, 41.878882486468655, 46.12438756967873, 52.238564301981775, 61.36174642405324, 68.51387870248676, 62.33550518797496, 54.842890230877224, 47.25239157003288, 0.0, 9.771279929980258, 18.95114566376189, 28.6905316007566, 40.66665672094145, 37.05678603605324, 27.295759915182252, 18.937986822084177, 10.090065504505457, 6.187381894674513, 36.46537004692097, 44.775318069276395, 53.85582560795638, 63.41732964584955, 69.79465458286292, 67.90843939548542, 61.483945661672806, 52.81574601314679, 46.11164049477631, 40.44363560963376, 15.709733137633018, 24.31376521217201, 34.64118340105332, 44.32572774315717, 54.12867715012035, 57.032183484248094, 61.05164196537461, 63.69064205727502, 59.373036222902336, 45.03956907637551, 36.92001649375317, 32.294304237431966, 75.62253166968368, 68.22413052564745, 66.8848637266812, 69.88378818917101, 71.39980190994525, 75.16567210293654, 86.3296962697777, 89.55632144526602, 88.8450087632376, 87.25930914137643, 84.67306499836971, 82.37225668970129, 74.05338343966869, 69.86616808703747, 72.90354002305811, 74.31851742002674, 82.08812637060794, 78.69613752365902, 77.30022620781241, 75.64288923499558, 65.96402417546732, 74.46409886622655, 85.03327258840777, 93.09561239145897, 105.29311513697137, 113.43442795866177, 118.0758712332707, 116.28188552778693, 122.68475844291031, 125.7910630853129, 132.92429046878735, 123.03666574440632, 113.22189274802365, 100.75774144645051, 88.87341369528671], [12.541320486473543, 13.927626414994622, 21.17512884623638, 32.830950274569936, 26.75249044636133, 20.284088755548396, 19.447717499632727, 49.4157878820205, 53.710992755937255, 60.26168775800464, 69.29106102079359, 76.16487796392607, 70.24233791847612, 62.73656113319962, 54.83436252626435, 9.771279929980258, 0.0, 9.288717733694032, 19.162361101209683, 31.473986813975426, 28.29386838385577, 18.736348318608325, 11.459318358916336, 7.340668510767939, 11.83536202233565, 45.152051050009746, 53.167776296905146, 61.67177495923713, 70.8666578676087, 77.07327252295232, 75.58964553485576, 69.46194152957614, 61.07741371208898, 54.32957872453978, 48.8287312582479, 24.384159739948434, 32.02046974857616, 41.632845670663194, 49.041443702550254, 59.25042720375883, 63.48781732631751, 68.28080939121736, 70.99796314525014, 67.18470895438377, 53.74121709515636, 45.39878780701891, 40.8411091518579, 78.52014179595804, 72.3046239466742, 72.19771898196723, 76.00275893710581, 78.09043507737678, 82.03464986956372, 92.89799363342152, 95.75016786722459, 94.72184422996233, 92.43010912202276, 89.20018181689927, 86.20534549792414, 77.80834840443869, 74.86354216690096, 78.82241231199127, 80.83290994399988, 88.46157126145651, 84.76270887903897, 82.82228283393675, 80.1929378618075, 56.7157002237244, 66.7369370698496, 79.2511789360723, 88.78647776375104, 102.28266185735399, 111.93037521027308, 117.97442008145697, 120.46123814968178, 127.79831821632058, 131.02392319744527, 137.4160097862762, 127.5941618869717, 118.446630022429, 105.9330719525498, 94.03756451316299], [16.38724567692219, 12.815679119440919, 16.379719241043848, 26.688929999500207, 21.967876167960345, 19.35802291260187, 21.474209378602673, 56.968117092292026, 61.37777598654899, 68.35265974670757, 77.254271543814, 83.83260293155428, 78.10471732996217, 70.51309207112895, 62.391414729498145, 18.95114566376189, 9.288717733694032, 0.0, 9.938015434205163, 22.66104066843253, 19.756623298901335, 10.829495546114833, 7.689031564118915, 12.533678088464617, 19.732451771541445, 53.91949483258244, 61.794942015759595, 69.94309773396053, 78.81039986429667, 84.80155425882322, 83.54107858664997, 77.68417640172116, 69.46842163009488, 62.62850710336779, 57.280775469486564, 32.7617669634689, 39.268192590234825, 47.95644010157924, 53.21435347678587, 63.55073322160069, 68.9287638646676, 74.40428272885266, 77.26962537606728, 74.084002654095, 61.50683859723234, 53.334442734186744, 49.219591382302, 80.44744904975559, 75.41467088289961, 76.4623529423935, 80.99744462283235, 83.63625510498173, 87.76673340794022, 98.36915429170838, 100.7410272169624, 99.36964383062237, 96.3865742424606, 92.54815488529115, 88.9218332448809, 80.55387636746687, 78.80330976265694, 83.60427485909776, 86.18871995942582, 93.7042889152881, 89.68445744405469, 87.20914457604731, 83.67099845909267, 48.39113093690894, 59.23602501208223, 73.23672149631874, 84.05050613675712, 98.56337177963184, 109.52023527447896, 116.8341101894265, 123.30268960050722, 131.789094566337, 135.32596666226183, 141.33459646311775, 131.8314992263019, 123.57094022715673, 111.50717366673723, 100.2523009394293], [23.2135485358284, 17.081361053795273, 15.130949773704424, 21.296828673252502, 19.28753700052539, 21.797808790182444, 26.10342911546318, 64.71249318395165, 69.22512231058873, 76.63308135491823, 85.35203361412412, 91.5696503423477, 86.06383730363318, 78.39056902496397, 70.09458192305667, 28.6905316007566, 19.162361101209683, 9.938015434205163, 0.0, 13.189395325837381, 10.912800505255607, 6.852902533276613, 12.718908109177965, 20.977872412991793, 28.622330294963636, 63.02738149242166, 70.77031752080384, 78.56848845804355, 87.05450084148518, 92.76458292678116, 91.69173440116171, 86.15393836291568, 78.11129695380296, 71.16725731928827, 66.00751625591721, 41.595635432723824, 47.0917265642317, 54.92459361910059, 57.982262237970225, 68.23231917168987, 74.73462452370204, 80.79361256325669, 83.61370030452312, 81.02982909008308, 69.5116370105005, 61.47767820555718, 57.861750086818056, 82.42457606665295, 78.73649451469048, 80.9559865804963, 86.14514250984462, 89.27032451484688, 93.49231937018362, 103.65312839711984, 105.57978095068955, 103.90967664149609, 100.27085405415896, 95.87704101440373, 91.62940786715161, 83.37942215878714, 82.9176777586439, 88.49115815706544, 91.5983837378803, 98.83190339731887, 94.56714881280858, 91.60614869497489, 87.19081022454291, 39.77969578771106, 50.83829880931347, 66.33070972525667, 78.46226613524229, 94.0085176427172, 106.3292157615027, 114.97211963325834, 125.77024357640163, 135.2369595914461, 139.04455442975782, 144.60854243276748, 135.52495372179254, 128.31540554141137, 116.95361497583234, 106.76725992519144], [32.79997697501652, 26.42274138032863, 20.782020134385853, 18.54435923413724, 21.488213135482553, 28.512081120502973, 33.50652700842064, 72.48774078743651, 77.00874346982812, 84.95755538774037, 93.26618147766155, 98.82828265605214, 93.76571392545355, 86.11294472573448, 77.68852149151309, 40.66665672094145, 31.473986813975426, 22.66104066843253, 13.189395325837381, 0.0, 7.142651006278411, 16.26938614949175, 24.259130882047646, 32.43494528738131, 39.60578268038138, 72.96400336631433, 80.35786367213969, 87.46105496057693, 95.20456503838012, 100.3725873744837, 99.60568742425882, 94.67149981879473, 87.01898118975622, 79.99606849077323, 75.23462769995002, 51.906376340952455, 56.53438335807248, 63.851197977611854, 64.29306258271276, 74.19519918753167, 82.09925637508718, 88.56949448203443, 90.56959132141942, 88.37888156163069, 78.69026428397973, 70.32332697452624, 67.20245323126306, 84.93571022557269, 83.08283867590325, 86.61799544610537, 92.31107698045123, 95.7293853321841, 99.70240870174884, 108.72008104841531, 110.49866914287959, 108.74021092768525, 104.5700788735082, 99.78422055970424, 94.87597383457451, 86.8505663289179, 88.03756444135678, 94.25308360759503, 97.73591587909708, 104.04366168850439, 99.82377320134661, 96.54376827198908, 91.28517462396096, 28.687954562380224, 38.16555997355973, 55.9895683078393, 69.75916176834633, 86.86163358488126, 100.95036362374198, 111.22865076506571, 127.85718198242066, 137.23412719204222, 140.85293467320457, 145.19517706810976, 136.5361255943642, 130.7273152645378, 120.39168025725002, 112.1591421910429], [28.25435569045867, 21.01649033071015, 14.397051113809557, 13.120127801961116, 15.085844364004656, 22.64261234426576, 28.436413567144434, 69.68576604914092, 74.48280089501907, 82.56906595356809, 90.99539672150134, 96.68594795690295, 91.3750372862379, 83.44112628404324, 74.9875228121445, 37.05678603605324, 28.29386838385577, 19.756623298901335, 10.912800505255607, 7.142651006278411, 0.0, 10.869150669258847, 19.261868548656697, 27.969053281515077, 35.53357745807599, 70.25428637988183, 78.01661164701797, 85.66904262145081, 93.73577080341985, 99.0093686630513, 97.85820381556475, 92.71154918845735, 84.70478895387377, 77.49702972785403, 72.59569218217223, 47.95906158541751, 51.60694529044146, 58.08265270025031, 58.251904987756845, 68.12323734506995, 75.94317726250848, 82.6159685161538, 85.27005765009292, 83.63004477075893, 73.7702791508762, 66.37486231044949, 64.00248528276751, 78.98171245568885, 76.8742683229697, 80.41287135064958, 86.27372947244645, 89.92868265238323, 94.19856187184664, 103.74081227525123, 105.03872400645636, 103.02708459019176, 98.67443217358193, 93.73413917599572, 88.8514010954164, 80.83662865957746, 81.87713252647588, 88.25328934440057, 91.93871960706693, 98.72720932288168, 94.199611252874, 90.70478859471407, 85.34561613557773, 35.52905605493603, 41.493202463801644, 56.044137860163225, 68.65696292911848, 84.60022484915915, 97.79296912998821, 107.44723612493698, 122.34101157245529, 133.0230262822912, 137.43613082419546, 143.18673325553112, 135.07809913077537, 129.52738811545606, 120.04997493918349, 112.57706485935664], [19.97244648859228, 12.389117817415292, 9.242636931917264, 17.375479979249523, 13.85972840995887, 16.427656283013047, 21.845597803548383, 63.16299825571457, 67.99501688077343, 75.66582335059684, 84.40106423663214, 90.60127357287703, 84.91620608737107, 76.9328003350685, 68.60413324191944, 27.295759915182252, 18.736348318608325, 10.829495546114833, 6.852902533276613, 16.26938614949175, 10.869150669258847, 0.0, 8.76244249154755, 18.1675420789636, 26.305118136660898, 62.105892010323956, 70.1929929638877, 78.46860465010083, 87.13218705050787, 92.81557098259972, 91.35482350336278, 85.72413792472007, 77.36991961474686, 70.20515383786321, 64.98862822429945, 39.24885383583221, 43.27974807706018, 49.990552407105795, 52.32463809268904, 62.48533308480999, 69.11667036274214, 75.47841072422322, 78.89187937089407, 77.01833230585531, 65.66398745791099, 58.75667497324382, 56.19889066392968, 76.30287030128926, 72.6010845706496, 75.01237763587598, 80.46119308911217, 83.89501338494547, 88.400930477459, 98.93094782437386, 100.30131410000263, 98.34388628649593, 94.42808628641036, 89.81847566699228, 85.50984714926628, 77.3184826711623, 76.93845022865268, 82.78094916823886, 86.17074493428306, 93.76805925783772, 89.17763805348372, 85.93429990308343, 81.28825798961724, 44.56748003086921, 51.95958725071531, 64.69476217483806, 75.8162572308983, 90.3257950945792, 101.91511070674463, 110.10758528056276, 119.94425949869358, 130.76125264766443, 135.39197618102324, 142.26067850381736, 133.88900409121933, 127.2768960437613, 117.15349043371208, 108.36446124009902], [12.845451124985996, 6.659686666650989, 10.861194855225506, 22.7559733846496, 16.68354552043423, 13.099018473777566, 16.5612510776124, 56.1773001424741, 61.00739106241808, 68.38689225810806, 77.26112921052648, 83.74250100228576, 77.83880313696196, 69.85095125170912, 61.6635680532942, 18.937986822084177, 11.459318358916336, 7.689031564118915, 12.718908109177965, 24.259130882047646, 19.261868548656697, 8.76244249154755, 0.0, 9.667560426202725, 18.023681079969982, 54.214731972596205, 62.487040827556896, 71.14840390075595, 80.13556647872394, 86.0216649937711, 84.31660164389828, 78.41886008898376, 69.86032170930959, 62.7304698225629, 57.35876761241052, 31.08677043971514, 35.48220312466142, 42.72271594840551, 46.94299747225608, 57.22848401907798, 62.89835535538947, 68.8214383699042, 72.38637126666343, 70.12406225681464, 57.861886800643525, 51.10576884934914, 48.45240784518612, 73.53205741227394, 68.5792987391376, 69.94980077552316, 74.86230708892136, 77.91944711648603, 82.40052624315416, 93.39689564520347, 95.07617263613332, 93.34064556455841, 89.96883212654573, 85.82908183253838, 82.07419904721519, 73.76999011661356, 72.22045671932013, 77.41751992779967, 80.39164844443873, 88.30886377781543, 83.87735707611574, 81.02119661065919, 77.12873167311999, 52.073229223088234, 59.26461002179436, 70.54228701789384, 80.35145104598895, 93.79210751474089, 104.04066810527412, 110.96167459646176, 116.77769914437646, 126.89739445176785, 131.41355309593484, 138.86884707985007, 130.25682562972213, 122.86230531560122, 112.40070232165804, 103.06263008119332], [6.549248964939798, 8.9247748323751, 17.43587250194392, 29.54382114545659, 22.57924355617234, 14.311379729770048, 13.10020285349158, 47.281144955005054, 52.05369908681305, 59.17769086542885, 68.12710365381302, 74.80197738513561, 68.75786313747558, 60.81438520581398, 52.77317476695906, 10.090065504505457, 7.340668510767939, 12.533678088464617, 20.977872412991793, 32.43494528738131, 27.969053281515077, 18.1675420789636, 9.667560426202725, 0.0, 8.40333501207592, 44.71370711604688, 53.09079740847584, 61.993555139915244, 71.16147062032294, 77.15317339077535, 75.25182626670735, 69.19575508672914, 60.51280262211548, 53.40831530741977, 47.95701332664264, 21.523016230461987, 26.924121250389824, 35.562000682649604, 42.03383630718621, 52.29349523437592, 56.94367935624664, 62.12518765286464, 65.18609914925476, 62.126299012341576, 49.18742789621065, 41.96260547551909, 39.01089037503988, 71.24934590008996, 65.08587805470418, 65.22349105619868, 69.30595698539109, 71.6925817745332, 75.85452767815819, 86.92130168275744, 89.29253579686932, 88.0264701675029, 85.46571281523234, 82.05790177138306, 78.97351750254712, 70.58795863296578, 67.81546998528835, 72.06201542628328, 74.3578508515004, 82.1792230174351, 78.19773977023324, 75.99301257027152, 73.10821175559282, 59.3673991090301, 65.96051989383069, 75.9934119299772, 84.4635940722516, 96.98277116279961, 105.90571905757122, 111.50074465571724, 113.38718834570602, 121.76798263931472, 125.74271636609707, 133.30246876788618, 124.28040508939895, 116.00873874855547, 105.13829888437292, 95.48248259905257], [8.709052126132214, 15.865126439197798, 24.47728898237591, 35.98457386459744, 28.91259678362165, 19.16105247139838, 14.581159534634892, 39.32843015499125, 44.02671116302177, 50.95295045093033, 59.93907267792929, 66.73885337261807, 60.60315262042095, 52.710518918883324, 44.80388180817605, 6.187381894674513, 11.83536202233565, 19.732451771541445, 28.622330294963636, 39.60578268038138, 35.53357745807599, 26.305118136660898, 18.023681079969982, 8.40333501207592, 0.0, 36.42471821471849, 44.8690004792637, 53.927911523237064, 63.18049179655838, 69.20788271508043, 67.14039090295181, 61.00053705613791, 52.23286780260584, 45.12708190891381, 39.64262815893903, 13.225808623313549, 20.268392725312385, 30.632420041663934, 39.08549840291973, 49.04269530959916, 52.749105292636415, 57.08820406881011, 59.33703245608973, 55.37561805307197, 42.03782523937851, 34.007142546456826, 30.660287351403312, 70.02579223849716, 62.961060520033406, 61.99602780348305, 65.207324420052, 66.86548899232531, 70.58389014740624, 81.46883924868989, 84.59554012503844, 83.84348665564549, 82.09144651530083, 79.4251069580237, 76.95982989911775, 68.58788700913502, 64.81611434656816, 68.0920342070706, 69.6744068583829, 77.16800179910017, 73.72632179829681, 72.20687733734465, 70.29631037872576, 65.61275996306873, 71.51354898922341, 80.54501559789148, 87.90329086014533, 99.67431176186122, 107.50721552761675, 111.99619764231399, 110.72755095595323, 117.20597934979493, 120.54452653220842, 127.99450417227898, 118.58204202156058, 109.55102904497299, 98.35248429048663, 88.61279907578263], [43.491616660335644, 51.71490602502971, 59.860621126859435, 69.86646109822584, 63.31370360238298, 53.19101578668257, 46.311146151156606, 17.061290919965288, 17.1457897549877, 18.0421127190392, 26.909888406927777, 34.90915548628622, 28.601379260698234, 23.273016916883297, 19.41793423024937, 36.46537004692097, 45.152051050009746, 53.91949483258244, 63.02738149242166, 72.96400336631433, 70.25428637988183, 62.105892010323956, 54.214731972596205, 44.71370711604688, 36.42471821471849, 0.0, 8.768150896710834, 18.936340184810316, 28.92696611590407, 35.525983593969805, 32.783172266249295, 25.75725206147401, 16.867045786033103, 11.523878970981649, 6.226626900148506, 24.672828720488006, 29.78425857371751, 38.970275509237716, 51.34447505395738, 56.97527212313293, 55.41869885554032, 54.311859332958846, 51.32694210385031, 42.06603288506216, 30.411048671458435, 19.03499482511117, 10.186910213179704, 81.88233495492267, 72.45804603758177, 67.0727388092645, 65.62982484