{
	"dissimilarities": [[0.0, 7.439450443676133, 16.183405733100095, 24.459441481525733, 18.54871152146717, 12.132846149488296, 8.822888460186608, 41.658417921398886, 48.3886151479453, 56.73316125513288, 65.220683529624, 71.59124746076365, 65.05489993478042, 56.68908402306662, 49.30563806662028, 15.960252463537566, 16.78241916802738, 20.375129653951674, 27.019865805692387, 34.35725972253799, 32.58833224799129, 23.902731278683383, 16.129350901623717, 9.718299138974936, 10.421324502165499, 45.263146387458185, 52.46133670414709, 60.59048382769516, 68.07798809237919, 73.32291275129069, 71.0949002864375, 65.67568423149936, 59.423175889246956, 51.993814961100064, 46.774413106908206, 17.67150385185092, 29.457892194310865, 40.46543297512534, 41.44092972621041, 50.03717181177556, 54.790094588632236, 59.146867673316265, 61.80775939904701, 58.99607976012566, 52.34743685838272, 41.32998560556208, 34.82576481310533, 66.7572844363517, 63.30264035793454, 63.09833044887163, 67.45842106345275, 68.92032760665008, 73.32346064125954, 81.71577174862169, 83.1403093277672, 82.42595995429406, 80.40625309749302, 77.07828021034094, 72.99259935079486, 67.59842009766292, 67.44164917713894, 71.45684606362036, 74.4498312240047, 78.61599078542177, 75.29261407968919, 72.30822565624537, 68.33947913236248, 56.325094844132686, 59.78697561306304, 69.72843834374164, 75.88019894331244, 90.38221302313704, 97.44941746333294, 109.76798206440108, 107.60750095049134, 120.74409438320039, 120.9946812780771, 121.57391894776292, 112.50732129305926, 107.74991326404037, 100.588894511628, 94.1072460650048], [7.439450443676133, 0.0, 9.419204243067668, 19.057954436246792, 13.68193642892189, 10.731714860298421, 12.96003267316449, 49.0828760877784, 55.781759494759385, 64.07706661614529, 72.61106543861435, 79.02264574732047, 72.4890022081766, 64.10698198567893, 56.73089636199064, 18.463833560620994, 15.496673892645932, 15.818627347259115, 21.066755519514196, 28.41685512361123, 26.375089578249394, 17.20091490040428, 9.788196878439917, 8.348486645818873, 14.416771522028851, 52.013387617723176, 59.26892719793632, 67.48510495989582, 75.02515420055342, 80.35733924277135, 78.26768215202374, 72.83008478036119, 66.5472161326362, 59.135712174931726, 53.91196056181531, 24.26712528493767, 34.291921703986034, 44.14919342740959, 44.390838355648064, 53.20743206446576, 58.45764576364391, 63.49984876344121, 67.07300798741846, 65.00173786087642, 57.47677373143087, 47.5241360877653, 41.79758904915936, 68.40817094412772, 65.72281258511121, 66.04901273383155, 71.1919371263414, 73.19119741035404, 78.0908785679151, 86.94940727092262, 87.62219184319444, 86.43581204866439, 83.80519683845381, 79.74796949485484, 75.2659062810575, 69.86504381073912, 70.30430834518958, 75.08359101280797, 78.72197155209314, 83.45621092754024, 79.53612776370856, 75.91202369268514, 71.18473496094428, 51.55683376534584, 55.73010537298622, 66.69183084820203, 74.03773724567239, 89.17837765936665, 97.1504597167026, 110.52008782008913, 110.44634872532696, 125.3984891458059, 126.3344605608418, 127.46120204491066, 118.86504410103458, 114.57904909901232, 107.51808550932914, 100.84204460399101], [16.183405733100095, 9.419204243067668, 0.0, 10.524117265051112, 7.564380552939148, 12.133812279398999, 18.46785352354418, 57.29813642377826, 64.3114569879851, 72.74691529669859, 81.09898489492325, 87.01069282930665, 80.61778970154258, 72.2776500238194, 64.83245442164919, 27.196584047027414, 22.071759185666693, 18.061286831926623, 17.9664933994811, 22.35035511433494, 19.590123868787146, 12.839259315177257, 10.841419441950443, 16.444599002333383, 23.726162418049952, 61.29837376911506, 68.49289119777492, 76.57089629352564, 83.88010174536555, 88.98596688448735, 87.00144339045177, 81.71501193643995, 75.53630906784127, 68.14390551010425, 62.94308568269218, 32.86887905371263, 41.318428356461816, 49.61496309795207, 47.30436074908818, 56.219527233519656, 62.39253140700776, 68.32149213797786, 72.39817936948921, 71.11028904585218, 64.41350335675256, 55.49284519956644, 50.62258507143244, 68.44470042819883, 67.35340430047263, 68.56645321339626, 74.6917332969239, 77.29509141684912, 82.4944931340173, 91.3144076561198, 91.2781544207734, 89.53532436357777, 86.12053058399877, 81.22073458655574, 76.25466438630285, 70.90182066323372, 72.39969508991626, 78.14497992777908, 82.46005044564046, 87.58054669470827, 83.19495615137266, 78.89208724306157, 73.2000245607335, 45.639285471960854, 48.13638365705537, 59.35267525448934, 67.84996689455087, 83.72922111540397, 92.89968833061785, 107.44863165830243, 111.1098197080926, 127.55342024541517, 129.40719879766053, 131.18353033796674, 123.41751544465679, 120.21337550993758, 113.96538988068279, 108.33855321729459], [24.459441481525733, 19.057954436246792, 10.524117265051112, 0.0, 7.448139844305488, 16.276988406489355, 23.506209316798063, 63.05423768962665, 70.58729434186549, 79.22820360475157, 87.1585793978946, 92.11639142725193, 85.943382874824, 77.7439362046543, 70.28022941686488, 37.40361542873668, 32.475377698658725, 27.52460371504732, 23.84610211211763, 22.983579575712852, 19.69619706921382, 19.082346029164466, 20.824433056775156, 26.770440990279166, 33.41530140529983, 69.45461365413652, 76.49831735922933, 84.27747327283267, 91.18033265570593, 95.81112258693412, 93.78477613905244, 88.76240136217005, 82.79410955463317, 75.43852725387868, 70.30347025766588, 40.17353512000573, 47.26774186841435, 54.01390716379015, 48.13077786988388, 56.85875571944184, 64.05142705683532, 70.74530205091445, 74.72379378782556, 74.10147969974165, 69.73851906347026, 61.66686563179876, 57.724722877724595, 65.35742610704692, 66.26742008743226, 68.45363384976552, 75.40106735770397, 78.46619053064803, 83.62465559708144, 91.83452853958465, 91.32878389882751, 89.1218841491213, 85.00955804204897, 79.46351823623586, 74.11634460762838, 68.89020381199161, 71.59844384915168, 78.16504454564418, 82.94175748506272, 88.10480978791263, 83.56177907196735, 78.78713473976639, 72.26850990774707, 43.12409104678551, 39.87094703880941, 49.19886827323559, 57.9021540537635, 74.25415653098943, 84.39677616775467, 99.77842521573076, 107.58056300718809, 124.68316809247614, 127.46311628253548, 129.92806105640807, 123.28802284542863, 121.63635739164592, 116.99251367485459, 113.65256328331344], [18.54871152146717, 13.68193642892189, 7.564380552939148, 7.448139844305488, 0.0, 9.131915315660233, 17.060678532537768, 57.080611065698385, 64.7433004348901, 73.37665268067813, 81.4345206647569, 86.67690094978457, 80.1535373556006, 71.79441360853585, 64.38244958927139, 31.951773422261148, 28.40623456552096, 25.49538844407462, 25.065222807382145, 27.38395686228537, 24.277022426795014, 19.8796624114501, 18.143021551977746, 21.793169474405783, 27.535141245885374, 63.344942604374765, 70.53823270790372, 78.55824796029313, 85.80328423879624, 90.64805482173655, 88.3053921278621, 83.06262349807837, 76.92766764962168, 69.46158075681575, 64.24897042992303, 33.26687425651471, 39.87616976868144, 46.836891841547576, 42.104332067298095, 50.95952392023845, 57.74358837112441, 64.1799944025253, 68.3326740844176, 67.67264254200474, 62.43476188541547, 54.46949280192441, 50.98231544736875, 61.593805493761565, 61.281220933880505, 62.95664843645653, 69.53238938242265, 72.42268257933532, 77.67296160777443, 86.34218693195346, 85.88871188308586, 83.86483891438873, 80.087950850602, 74.88781286620954, 69.76143311255007, 64.44392915267983, 66.46538340483934, 72.63226064620753, 77.23579157667487, 82.48577515860175, 77.91149311468322, 73.31828949273547, 67.20755563718231, 49.108230609797275, 46.86465912532142, 54.89521598951358, 61.70018207705126, 76.84178931282104, 85.55463575845272, 100.05699390672365, 104.21500007439126, 121.51273322647687, 124.00157622307071, 126.65179318512283, 119.89005379914127, 117.9049043058218, 113.36252199225301, 109.7982517395689], [12.132846149488296, 10.731714860298421, 12.133812279398999, 16.276988406489355, 9.131915315660233, 0.0, 8.52565323778777, 48.44516105619331, 56.247051227660975, 64.87343342579318, 72.95647044280304, 78.34442882524095, 71.56471019703052, 63.11066966691965, 55.75812212002304, 26.66380640730228, 25.826411170977938, 26.18277374542762, 29.27655739509961, 33.87339850686981, 31.163032166547428, 24.52170887474586, 19.28076989378279, 18.26238913692253, 21.376629937244598, 55.10220612223614, 62.33479843418382, 70.44521631050894, 77.88102810056496, 82.80623705481207, 80.14886746527237, 74.77387927154635, 68.5583980706308, 61.03199505010039, 55.79166249482829, 24.42220362404857, 31.20708210252663, 39.09969542123309, 35.73282307330314, 44.66252333900973, 50.84282815417819, 56.67491990427799, 60.40540222099677, 59.26891135938009, 53.8887478214293, 45.40683555717934, 42.03313230279759, 58.15798417820987, 56.334633262998295, 57.23829812820977, 63.019388425808664, 65.428579025635, 70.44729818403982, 79.19168112525892, 79.27085906116503, 77.69577805203565, 74.57831793291128, 70.13432166073889, 65.44307721514208, 60.04247731840474, 61.11371806894761, 66.46867772007977, 70.5232205904027, 75.4836038759842, 71.26353169688015, 67.22296613085099, 61.927784734558955, 55.86371175753707, 54.16082759363134, 61.02492683913846, 65.9307795439804, 79.85740315986173, 86.98931231290481, 100.13499735761386, 100.29175013516178, 116.4941730831663, 118.31982594522464, 120.7406935852177, 113.59086444651118, 111.08335803301298, 106.57593719987821, 103.00314825833186], [8.822888460186608, 12.96003267316449, 18.46785352354418, 23.506209316798063, 17.060678532537768, 8.52565323778777, 0.0, 40.05379257019417, 47.824759006127664, 56.48071052070522, 64.50654916296969, 69.88451767421904, 63.190558597949654, 54.78139650236637, 47.38395843238651, 23.742303795619264, 25.458247729140766, 28.25411593024728, 33.182745674764966, 38.607713194430374, 36.36902663437594, 29.305269312592934, 22.732308078173716, 18.078901325378016, 17.764969782614237, 47.40428561946517, 54.47088738071011, 62.3788318828829, 69.65262422031942, 74.45222667435218, 71.75708462810567, 66.46039194348604, 60.334935614856505, 52.854495160236226, 47.66869748296206, 17.488821929800473, 26.625207155615275, 36.298524090176016, 34.1845203257351, 42.86666724458812, 48.34069591101822, 53.202824241079604, 55.64161247735617, 53.362284460646634, 49.087132387854496, 38.99873202348459, 34.42071029860931, 58.55189962737171, 55.68036959741953, 55.8329088221273, 60.522144440696295, 62.17128034704723, 66.50259991930989, 74.59144302605937, 75.7880781507731, 74.88392866055618, 72.61602173317263, 69.17051150691456, 65.01138258772566, 59.609364143775025, 59.85570648963012, 64.15147058136597, 67.3018361136779, 71.45800528569028, 68.0877304138184, 64.94283070331916, 60.69767126423791, 59.705279885552926, 58.690680923633224, 65.45753028296619, 69.58265916040769, 83.05980123155912, 89.34432457146517, 101.2380974537222, 99.09566021913867, 112.62125259229498, 113.42642839242707, 114.87061082957202, 106.8583418330666, 103.51121843865404, 98.4745923519574, 94.76225230624848], [41.658417921398886, 49.0828760877784, 57.29813642377826, 63.05423768962665, 57.080611065698385, 48.44516105619331, 40.05379257019417, 0.0, 9.068245020077313, 17.477295287576794, 24.77215963546029, 30.615318105484047, 23.444809527258226, 15.042726143216928, 7.720260348343896, 42.46870051547352, 50.67446554454069, 58.43950679355363, 66.65414548352878, 73.59255092694626, 72.42114397049633, 64.80329063800937, 56.90378440271608, 47.70031253655079, 39.79572399109718, 20.15356471045718, 23.26661229499546, 28.28957961086621, 34.33475338473848, 38.18326873142662, 33.99823675914448, 28.99953172151292, 23.76359455404912, 17.514652429648983, 14.306592477135498, 27.533841826047343, 32.4542910018267, 41.66680954147487, 46.641065866100256, 50.11128288480679, 49.853163668867346, 48.03507172465549, 43.1043235658643, 34.54975123626532, 37.560445513383705, 23.185666785162102, 14.363582760210527, 70.89141380276004, 63.6607927027219, 60.27554874811905, 58.530424598480074, 55.968100125600124, 55.93612807070269, 59.69490415156444, 66.35419039108746, 69.03555200211682, 71.42338549130486, 73.20555488073063, 72.23890946232878, 67.99516267112205, 64.20465029500309, 62.462694651165805, 60.482430248813436, 59.92292847336532, 61.386061281921926, 63.30938621476256, 65.02712168126261, 91.24881011561183, 91.84205427893426, 96.75190871086467, 97.0317284030688, 106.88589289886957, 108.59943510634037, 114.32151501263733, 99.30031342458857, 100.41913155342083, 95.98770866670147, 93.00703589693327, 81.03955872868296, 72.77562337019845, 65.62637219023384, 61.5426403700712], [48.3886151479453, 55.781759494759385, 64.3114569879851, 70.58729434186549, 64.7433004348901, 56.247051227660975, 47.824759006127664, 9.068245020077313, 0.0, 8.75829216456285, 16.872627546167813, 24.500413196759073, 18.06726536377791, 11.215646568562555, 7.5279011211066, 47.06411662092827, 55.42240174379818, 63.52611622966017, 72.07802595196256, 79.34773116123601, 78.4693184872514, 70.75495010671675, 62.8740836223206, 53.47394200642476, 45.318226635284326, 16.520510654943084, 16.705460660218414, 19.84707994027222, 25.360514647768348, 29.265876337073333, 25.019115410275283, 19.972202689491937, 15.019436564705217, 9.869328416635959, 9.118287324893585, 34.58960628159437, 39.85658844295304, 48.99508999123248, 55.30033772844771, 58.363725124320034, 57.37733211252383, 54.67719269489789, 49.110176069421264, 39.97482861228861, 42.58465399016696, 28.786413061702323, 19.534049217426787, 79.36237237107055, 71.75270983727688, 68.01143141833978, 65.49181188721573, 62.403998373720846, 61.73098920254483, 64.60894341268906, 72.0787210507325, 75.30562050790553, 78.36275508463764, 80.7781790466145, 80.18857215178724, 76.13509897206069, 71.927686125459, 69.45420564862339, 66.78438574658631, 65.48188426961751, 67.68929687545267, 70.30000553165404, 72.74415073049468, 96.27167018559352, 98.53443370004683, 104.45126128168575, 105.23136315050776, 115.27169119402095, 116.95397030086505, 122.14575206574877, 106.02673786911988, 104.59623910835086, 98.88894828923065, 94.29729703359145, 80.86553406259576, 70.42856948176123, 60.7892164239375, 54.06826337857183], [56.73316125513288, 64.07706661614529, 72.74691529669859, 79.22820360475157, 73.37665268067813, 64.87343342579318, 56.48071052070522, 17.477295287576794, 8.75829216456285, 0.0, 9.101342175987122, 18.803318461741515, 13.439173724282087, 10.735351779677739, 12.969555064107674, 54.21632943929033, 62.71336733842164, 71.05030866967611, 79.84131049429793, 87.32227145964231, 86.57559265236699, 78.75298525305845, 70.83120230626189, 61.31214795012868, 53.012926557883, 18.958999988260008, 15.414750436053318, 14.573517982582896, 18.550914015604892, 22.044418062030807, 16.937039897349628, 11.9518228965877, 8.534126534255455, 8.643770357514653, 12.301572129839501, 42.70914672837468, 47.06376849801322, 55.414678882269996, 62.619666368329995, 64.963475968542, 63.13310481114057, 59.46715004318975, 53.16335345187688, 43.684177269260076, 46.645325928995106, 34.27889309923745, 26.514742295563405, 86.02978203531154, 77.94429888751093, 73.79125670520894, 70.35236375624588, 66.69285604900648, 65.29569209102156, 67.24856302611168, 75.4287029862524, 79.21605253646717, 83.01237172096987, 86.1859241245949, 86.09555394251869, 82.32850495201085, 77.61273023205462, 74.2648089596396, 70.82826855793846, 68.74186724060007, 71.72154799218073, 75.09624781807558, 78.40921230019252, 103.84137264451346, 106.77217057248409, 112.79867972395242, 113.36447786227426, 123.0159061091006, 124.16432889164551, 128.5006440474539, 110.36887627694063, 106.67174465581402, 99.84226543643405, 94.13823198502594, 79.79652364870547, 67.71745714194648, 56.74438305713578, 48.52409097524745], [65.220683529624, 72.61106543861435, 81.09898489492325, 87.1585793978946, 81.4345206647569, 72.95647044280304, 64.50654916296969, 24.77215963546029, 16.872627546167813, 9.101342175987122, 0.0, 10.775782251792357, 8.6079788489897, 12.773044992171368, 18.385399395085084, 63.24921303003512, 71.65278764532924, 79.84613073945688, 88.38915272819987, 95.50809348504323, 94.78327085616124, 87.32055811890142, 79.54659211009935, 70.1380522422261, 61.92510588380137, 27.59490409513541, 22.784194461249797, 18.52123563382446, 18.083567826025206, 18.603233227827737, 12.79800941551314, 11.237759712137201, 13.132472506310187, 17.095656506625915, 21.331593331247195, 51.25712750721435, 54.79631682355278, 62.1408216176506, 68.59834364494024, 70.13683170011481, 67.87587176697754, 63.501124719306226, 55.897096292355904, 46.09140911696852, 51.93472039285758, 41.08122355297725, 34.958686262644726, 90.27170805690834, 82.26120150383083, 77.9442920279524, 73.69128958274953, 69.46893683993378, 67.00827223857614, 67.1801182766085, 76.36708085741618, 80.74398998082502, 85.2487347261678, 89.2541747146012, 89.68665516982949, 86.273967606596, 81.3573000579246, 77.19789447258472, 72.90022313113568, 69.64563739557144, 73.72414110225729, 77.95355008597623, 82.07464793812751, 111.24083795544686, 113.35209592717943, 118.52692140019313, 118.28773900465202, 127.16078860270679, 127.55866435765459, 130.652619993861, 111.23423233981022, 104.14621998024069, 96.11219138018419, 89.11387806729267, 73.99794575355307, 60.75502650033917, 49.67442614205082, 43.05349177838421], [71.59124746076365, 79.02264574732047, 87.01069282930665, 92.11639142725193, 86.67690094978457, 78.34442882524095, 69.88451767421904, 30.615318105484047, 24.500413196759073, 18.803318461741515, 10.775782251792357, 0.0, 8.916400731992988, 17.037819319353318, 23.272814243922717, 71.4615809711311, 79.57092790595745, 87.29616238819371, 95.17207674155105, 101.44391492592409, 100.63929179723078, 93.9332295319871, 86.49145283305576, 77.42713346055407, 69.52669492778963, 37.74991158051179, 33.386929154434576, 28.784368639933554, 26.076838489763464, 23.614922226201998, 19.24218530862927, 20.73903557033984, 23.801590594347225, 27.327305467367292, 30.963159974654996, 58.10993853115029, 61.07146116986498, 67.41606624260743, 71.70275233731586, 72.51493735923363, 70.36429725652353, 65.75746213047613, 56.64555253906421, 46.70150675095041, 57.083573953959586, 47.402011114649454, 42.652827376919696, 90.71207587755357, 83.4144953271806, 79.2704012647282, 74.54872415915555, 69.94230144167032, 66.31767403112949, 64.11346679197071, 74.39834462874168, 79.23468039355816, 84.21484522954516, 88.90998785930127, 89.75976480246125, 86.71134783093957, 82.01249275075894, 77.33745070194898, 72.31062378019203, 67.74070477322657, 73.01206025843994, 77.9631951446002, 82.6005391308877, 116.12761347962326, 116.1154121883514, 119.6222172945325, 118.14792096339525, 125.96509316610202, 125.56033145644628, 127.25686178036183, 107.82978494836352, 96.75210032206847, 87.6645613824715, 79.36116165510902, 63.67560623277586, 50.092528906364876, 40.82387955141694, 40.37141389816703], [65.05489993478042, 72.4890022081766, 80.61778970154258, 85.943382874824, 80.1535373556006, 71.56471019703052, 63.190558597949654, 23.444809527258226, 18.06726536377791, 13.439173724282087, 8.6079788489897, 8.916400731992988, 0.0, 8.728852311741791, 15.852023748675782, 64.8381783727292, 73.26965279475755, 81.25543561795469, 89.49505390396992, 96.18785999688605, 95.19437928281967, 87.94539054573424, 80.15904553286032, 70.88279971869987, 62.794997264799214, 31.768439761249358, 28.55740465353919, 26.200652189880635, 26.674443373024864, 26.73501699403911, 21.131761664688085, 19.67698281282555, 20.177286374005824, 21.841988885957274, 24.737990539964517, 50.62086204286454, 52.593791337616466, 58.68749802357823, 63.76000274819858, 64.58354891298073, 62.215088482880944, 57.621674209717554, 49.10697070929994, 39.17445254213313, 48.24812538758568, 38.56610105989877, 34.64168590261076, 83.76345782141891, 75.92529108408736, 71.61700480161191, 67.0258958783197, 62.586913437866826, 59.58508417952535, 58.95188588573598, 68.47985989937334, 73.01833899901911, 77.73070788860666, 82.09187490867637, 82.79006544893289, 79.60683674105508, 74.67849912494742, 70.17930214741627, 65.52671060182183, 61.76157686027918, 66.29997572888408, 70.87495825986989, 75.33181106868743, 112.23542256290492, 112.09607189467529, 115.43905499564787, 113.8084618258424, 121.56970203460818, 121.0695471986205, 123.41309684209122, 103.01378299720318, 95.71133400360985, 87.94386455768085, 81.86633120031695, 67.80252710147678, 56.325631611033266, 49.150662031986315, 47.96141726527469], [56.68908402306662, 64.10698198567893, 72.2776500238194, 77.7439362046543, 71.79441360853585, 63.11066966691965, 54.78139650236637, 15.042726143216928, 11.215646568562555, 10.735351779677739, 12.773044992171368, 17.037819319353318, 8.728852311741791, 0.0, 7.51765991400735, 56.718104925929154, 65.2075842241286, 73.2172821913785, 81.55420172940995, 88.42299926421863, 87.31626571340738, 79.8142658024037, 71.89405836458677, 62.579137592303624, 54.48106274923096, 25.931601264187695, 24.63938180936035, 25.196626992523207, 28.490083414754793, 30.47820611577394, 24.994722593886276, 21.395207692689873, 18.955213519856454, 17.406616777536552, 18.64623479412211, 41.960230465484, 44.054449542162764, 50.73732375237924, 56.074791864716914, 57.51578840804141, 55.56475522977368, 51.624594353635835, 44.116241233443425, 34.313190295353024, 41.61768140452663, 30.624399267391826, 26.173170115314825, 77.53280657796812, 69.62664896367673, 65.4685471103671, 61.62007059191592, 57.69284579357959, 55.6802412207149, 56.814956401387064, 65.35702230628887, 69.31167902625555, 73.3303298358032, 76.91971427770352, 77.13754906711331, 73.62110292069484, 68.878343876236, 65.12634974765548, 61.279386371740976, 58.63911794043723, 62.11929411599113, 65.89076236384626, 69.6010416051094, 105.29955827120305, 105.22228270377242, 108.8374577325112, 107.58895518393608, 115.8385656199322, 115.85559263879294, 119.28271266590906, 99.96805320376146, 96.20520759636715, 89.80219701141021, 85.30455910611448, 72.3208143025985, 62.41594072006374, 55.798553431079384, 53.63783430820563], [49.30563806662028, 56.73089636199064, 64.83245442164919, 70.28022941686488, 64.38244958927139, 55.75812212002304, 47.38395843238651, 7.720260348343896, 7.5279011211066, 12.969555064107674, 18.385399395085084, 23.272814243922717, 15.852023748675782, 7.51765991400735, 0.0, 50.01114947259075, 58.28945536084781, 66.086209061395, 74.23574182846596, 80.98761495170388, 79.84727502283802, 72.43521257809476, 64.60189254310187, 55.41584627989314, 47.48175933017996, 22.969882020873204, 23.708549124827968, 26.459193969650208, 31.097926060508488, 33.95140727155375, 29.190286509258524, 24.87363683302056, 20.881089983040397, 16.674943882202243, 15.788610733803562, 35.032632634725594, 38.40454951274359, 46.21417043094975, 50.98729286395882, 53.37036934221795, 52.32374547794308, 49.43115131031647, 42.919625379835026, 33.51006333905948, 39.528753029450364, 26.78045331593067, 20.488687582524513, 73.60031812394122, 66.13833795371208, 62.396672153256105, 59.574422348543294, 56.284829431786065, 55.14819104339425, 57.39545369503737, 65.1480153626493, 68.49989596100649, 71.72111460546051, 74.45533875298254, 74.09448167797424, 70.2172450678561, 65.99813865384083, 63.22492182161956, 60.24616092411621, 58.52195298395741, 61.1104479508891, 64.01967297502556, 66.75837092650451, 98.04773790661113, 98.01877730123198, 102.08860034951583, 101.47863505617146, 110.46892077946694, 111.30044887941686, 115.78210210124489, 98.82652232675723, 97.18539334473726, 91.74199000303757, 87.92270246275208, 75.40866889303886, 66.43470806096275, 59.66564543020331, 56.92801965960897], [15.960252463537566, 18.463833560620994, 27.196584047027414, 37.40361542873668, 31.951773422261148, 26.66380640730228, 23.742303795619264, 42.46870051547352, 47.06411662092827, 54.21632943929033, 63.24921303003512, 71.4615809711311, 64.8381783727292, 56.718104925929154, 50.01114947259075, 0.0, 9.556758712346147, 19.09886190655192, 30.005033755358514, 40.55587431806458, 39.677379384669216, 28.813163239519398, 20.09904221437576, 10.821293286932292, 6.052177252128856, 38.61035346900258, 45.85956664121057, 54.46013291005952, 62.69012359051337, 68.92276110434425, 66.98517437973715, 61.15496960161518, 54.655408078486104, 47.56530000813174, 42.54061365199928, 19.88163774071243, 31.60808144671274, 43.6129593987658, 50.585073921724714, 58.405559675740264, 61.2056430115396, 64.12035355032799, 67.15819989225915, 63.65473692287826, 52.3951435272227, 40.893044379592794, 32.79192961361249, 78.10880022158577, 72.61334338710736, 71.26977723943455, 74.41957620026186, 75.29034751254474, 79.73405340894047, 88.92560589403837, 90.66118600348263, 90.46441459194739, 89.27553875717649, 86.64770425880563, 83.08673374871873, 77.83248053122847, 76.29088103960433, 79.20451126225714, 81.61849890285119, 85.77828019644504, 82.58471597977304, 80.18788014996686, 77.31256958706817, 62.72799760703677, 72.14287818085833, 84.59620362003209, 91.6543083454055, 106.155926126986, 112.83218905324208, 124.77177909306276, 118.67991169067537, 131.56800385728363, 130.7801820889587, 130.50813680764034, 120.04996011716885, 112.98860970988444, 103.07724287305685, 92.10793318513036], [16.78241916802738, 15.496673892645932, 22.071759185666693, 32.475377698658725, 28.40623456552096, 25.826411170977938, 25.458247729140766, 50.67446554454069, 55.42240174379818, 62.71336733842164, 71.65278764532924, 79.57092790595745, 73.26965279475755, 65.2075842241286, 58.28945536084781, 9.556758712346147, 0.0, 9.699943800896998, 20.885901953211402, 31.941092276169172, 31.300546909769132, 20.303773943522227, 12.58056297285344, 7.657057099010427, 11.882671689117139, 47.426179232541045, 54.445598412312535, 62.72304456747214, 70.52572170699976, 76.54814687012393, 75.06155414615102, 69.4847397428663, 63.17695776237086, 56.21208657429644, 51.26445521237899, 27.5095437415644, 38.95884685755745, 50.19907633596349, 55.253663687538484, 63.57996050627022, 67.28962553508143, 71.05740991856446, 74.55952733210908, 71.51258882513967, 60.73713646947721, 49.76337062836316, 41.90103774031703, 81.42438944839387, 77.11984350556358, 76.4818013354644, 80.54043610820409, 81.92739261266313, 86.68635181243918, 95.91091090441651, 97.20453124016917, 96.57703187456119, 94.7382255165187, 91.36636669386911, 87.32452797606274, 81.98629097046592, 81.29206834906894, 85.07896847914941, 88.0870680626854, 92.58925075314589, 89.00771653615634, 86.01729491579559, 82.27336479734286, 54.38316289768969, 65.7295864604115, 80.04842259628319, 88.91964512182881, 104.5599114338564, 112.62211790907321, 125.74432157019565, 123.14784154603629, 136.93832932925343, 136.68556515941006, 136.47296627865876, 126.18120100744717, 119.50199616895847, 109.32377759528073, 98.21056021978455], [20.375129653951674, 15.818627347259115, 18.061286831926623, 27.52460371504732, 25.49538844407462, 26.18277374542762, 28.25411593024728, 58.43950679355363, 63.52611622966017, 71.05030866967611, 79.84613073945688, 87.29616238819371, 81.25543561795469, 73.2172821913785, 66.086209061395, 19.09886190655192, 9.699943800896998, 0.0, 11.329253970823315, 22.751575942199562, 22.296201500724415, 11.524116219328056, 7.510741103058405, 12.224110074540809, 19.9518247359526, 56.478795130421865, 63.36330826711315, 71.36825662926694, 78.76397013585311, 84.48813004290244, 83.29642155212203, 77.96105423324414, 71.82012395829798, 64.89262411228466, 59.966273040436086, 35.0298745450734, 46.098136800776125, 56.54256735694298, 59.36949176220966, 68.04721698857641, 72.66988688281485, 77.24936540906266, 81.05016242854546, 78.45896144826189, 68.62411057698321, 58.09455629375274, 50.56333426869997, 83.70418403123482, 80.73831892868199, 80.84201019219562, 85.76446305439582, 87.63586782274167, 92.61869467257014, 101.72699671456161, 102.60490229865282, 101.55357675575158, 99.07037134353534, 94.9964059229365, 90.50740979159059, 85.13363524377648, 85.34391684739715, 89.96792976649475, 93.52041068021965, 98.28196627327213, 94.3824083606051, 90.84530739854861, 86.26625766303245, 45.63556789436488, 58.26058970389316, 74.17296371237765, 84.7417226893454, 101.39118641478832, 110.80113703110143, 125.01864076659206, 126.1616227602955, 140.73497497739126, 141.09504451846965, 141.0568726886923, 131.13620710175937, 125.11995713722088, 115.13310523768335, 104.56970633202383], [27.019865805692387, 21.066755519514196, 17.9664933994811, 23.84610211211763, 25.065222807382145, 29.27655739509961, 33.182745674764966, 66.65414548352878, 72.07802595196256, 79.84131049429793, 88.38915272819987, 95.17207674155105, 89.49505390396992, 81.55420172940995, 74.23574182846596, 30.005033755358514, 20.885901953211402, 11.329253970823315, 0.0, 11.691019582452084, 11.695750607036471, 5.604355612241963, 12.563706430629894, 21.48835591319043, 29.827568520246192, 66.37476223091909, 73.08574388068934, 80.73191782258677, 87.59947607236835, 92.88977315163243, 91.99675177816393, 86.98316579231107, 81.07304474943345, 74.20322676208612, 69.32357856020927, 43.795416458952424, 54.647682250755466, 64.36051641020408, 64.54767963318484, 73.43457849223577, 79.01466204001886, 84.34214799542202, 88.13701181988478, 85.89286468825259, 77.66794795017988, 67.37512716528514, 60.01795309524596, 86.39810759545146, 85.0608268174587, 85.97798394693606, 91.70683805992192, 93.9979738941579, 99.03194262701494, 107.7058017603304, 108.31007495395522, 106.8752133102133, 103.76887154649673, 99.05595298563779, 94.14954060510466, 88.79197324127007, 90.02804635008319, 95.44495666929649, 99.44379834796966, 104.28217282820472, 100.22808531865608, 96.23764719925875, 90.86336216104488, 35.058648630461775, 48.76153714749885, 66.57903952602504, 79.17540998335785, 96.96894700794765, 107.95531826934842, 123.24766676001711, 128.98666873581922, 143.810458353905, 144.7718324720869, 144.78606342697972, 135.29656489513877, 130.1056377497364, 120.49818598168083, 110.95624523391037], [34.35725972253799, 28.41685512361123, 22.35035511433494, 22.983579575712852, 27.38395686228537, 33.87339850686981, 38.607713194430374, 73.59255092694626, 79.34773116123601, 87.32227145964231, 95.50809348504323, 101.44391492592409, 96.18785999688605, 88.42299926421863, 80.98761495170388, 40.55587431806458, 31.941092276169172, 22.751575942199562, 11.691019582452084, 0.0, 3.4854405101246546, 13.383093901779137, 22.140140542849792, 31.24634418045654, 39.443528196395874, 75.33561447996144, 81.8445319835366, 89.07916697782441, 95.35838408787133, 100.1105123331995, 99.44458132730692, 94.80003975392206, 89.1671182050162, 82.37604156081665, 77.57218987411086, 51.945252469141174, 62.65898390280514, 71.76046227555108, 69.23684476324811, 78.14580751127068, 84.59253215701779, 90.49839272688013, 93.96356610803004, 91.93791954583422, 85.85859231703407, 75.65001815614, 68.42382467103839, 88.28302574503142, 88.63100674495001, 90.31060470500691, 96.65442227862265, 99.23272763394743, 104.1138670579553, 112.04613489709895, 112.56425197921837, 110.84746883308848, 107.24098152327713, 102.07433502032309, 96.8620558462559, 91.58138374306532, 93.81233231370436, 99.84260296929794, 104.10816072891375, 108.80349235187936, 104.80275183786189, 100.53510666593162, 94.54138363700153, 24.68523484665927, 37.9532397848343, 57.62835518073367, 72.20818193119918, 91.07029643366397, 103.57915057146593, 119.67868893555226, 130.2084406204388, 144.60325836040153, 146.08088630169885, 146.04848376116007, 137.06847925369982, 132.8556461951138, 123.93768986979524, 115.98288680244129], [32.58833224799129, 26.375089578249394, 19.590123868787146, 19.69619706921382, 24.277022426795014, 31.163032166547428, 36.36902663437594, 72.42114397049633, 78.4693184872514, 86.57559265236699, 94.78327085616124, 100.63929179723078, 95.19437928281967, 87.31626571340738, 79.84727502283802, 39.677379384669216, 31.300546909769132, 22.296201500724415, 11.695750607036471, 3.4854405101246546, 0.0, 11.843206114534437, 20.583857969016425, 29.89414555038856, 38.20123558151157, 74.73257981002145, 81.38571153034314, 88.77914181840104, 95.22734654847974, 100.01714078330515, 99.12772428238253, 94.38014761246268, 88.6484612815746, 81.7281458730118, 76.83709818671423, 50.229281575008464, 60.416814050736335, 69.15888747769965, 66.2788133275853, 75.16967007925867, 81.71547529660397, 87.77255071398359, 91.43173209388098, 89.67070175527608, 83.60913784290189, 73.77213876481633, 67.05327374100555, 85.02604905643719, 85.46303097369763, 87.23299324811228, 93.7136600912345, 96.40711671283711, 101.39466332525274, 109.4654564461666, 109.74766457995938, 107.9170231112536, 104.1899708679987, 98.9056487165925, 93.64816953080134, 88.3827911361943, 90.69833683969964, 96.85688069527852, 101.2561193351099, 106.09427617578618, 101.94126498138945, 97.54144031971661, 91.42142441684383, 27.113931724319386, 37.52111411334365, 55.98036067405233, 69.94074444730069, 88.51086301800203, 100.76794371096182, 116.88153045778941, 127.10916945458757, 142.17205984782294, 143.91490962837793, 144.33954589240363, 135.7509836707358, 131.94388576205154, 123.66847848331358, 116.3433277053558], [23.902731278683383, 17.20091490040428, 12.839259315177257, 19.082346029164466, 19.8796624114501, 24.52170887474586, 29.305269312592934, 64.80329063800937, 70.75495010671675, 78.75298525305845, 87.32055811890142, 93.9332295319871, 87.94539054573424, 79.8142658024037, 72.43521257809476, 28.813163239519398, 20.303773943522227, 11.524116219328056, 5.604355612241963, 13.383093901779137, 11.843206114534437, 0.0, 9.255280733121122, 19.13645546430065, 27.819281106970934, 65.61519593338288, 72.57065385623197, 80.47149804113938, 87.59998597720015, 92.92282868472304, 91.6504468896813, 86.4776989545588, 80.41115410230326, 73.32097292839308, 68.29178512712997, 40.90878631248648, 50.84235318378509, 59.97639487471805, 59.599869991444955, 68.48308719703239, 74.22952472261753, 79.81847050115859, 83.94391457767155, 82.14256550221879, 73.95119542947164, 64.28276090611378, 57.83171686882308, 81.0850432068375, 79.84641827359455, 80.8962146442124, 86.84901382846945, 89.3297126981649, 94.54454696038795, 103.45192310468428, 103.67398760486797, 102.05579083436655, 98.75826531020577, 93.86260252615224, 88.88769019745851, 83.5483710107798, 84.90150004314593, 90.52329170130224, 94.74108946570418, 99.81634515053618, 95.51122795274793, 91.30491313395034, 85.72983881871019, 37.94441718677048, 48.142464952625275, 64.14001784379107, 75.69269313557969, 92.93833521897459, 103.46818967467972, 118.72290895365938, 123.92402603869067, 139.78925469977023, 141.174729355186, 141.92159993036628, 133.07694807409587, 128.5719520077386, 120.05356568679196, 111.64319705365205], [16.129350901623717, 9.788196878439917, 10.841419441950443, 20.824433056775156, 18.143021551977746, 19.28076989378279, 22.732308078173716, 56.90378440271608, 62.8740836223206, 70.83120230626189, 79.54659211009935, 86.49145283305576, 80.15904553286032, 71.89405836458677, 64.60189254310187, 20.09904221437576, 12.58056297285344, 7.510741103058405, 12.563706430629894, 22.140140542849792, 20.583857969016425, 9.255280733121122, 0.0, 10.080483396076252, 18.85477629035616, 57.282550304135746, 64.43448096825942, 72.63328960146791, 80.16596313089505, 85.73857388706655, 84.10962220810514, 78.68690887726913, 72.42744478761793, 65.21011390158546, 60.0909620848234, 32.19921945280068, 42.210041442891296, 51.89695485126349, 53.18842647960868, 61.97661465882978, 67.09529984227376, 72.19049882151391, 76.27915326704007, 74.27112627623268, 65.20518506548804, 55.39656690788779, 49.080136301834564, 76.6883398722752, 74.20587594348386, 74.65033920062174, 80.01597162346965, 82.18790368262303, 87.3500535118122, 96.54879315616945, 96.97618876275558, 95.64252358018429, 92.8117575015406, 88.42166949445645, 83.7692297824877, 78.39850364647155, 78.98212708185646, 84.01280811467682, 87.89385715692134, 92.89827341768749, 88.71860470172817, 84.85457265805657, 79.87409058925455, 46.254738012750956, 54.89491194537409, 68.840610074793, 78.38054791301751, 94.53325266186874, 103.63357045445959, 117.9045524637264, 119.38870596785847, 135.0283168598384, 136.01134192687047, 136.84792988258909, 127.83964227137766, 122.94691303082423, 114.55471650815576, 105.97417404433861], [9.718299138974936, 8.348486645818873, 16.444599002333383, 26.770440990279166, 21.793169474405783, 18.26238913692253, 18.078901325378016, 47.70031253655079, 53.47394200642476, 61.31214795012868, 70.1380522422261, 77.42713346055407, 70.88279971869987, 62.579137592303624, 55.41584627989314, 10.821293286932292, 7.657057099010427, 12.224110074540809, 21.48835591319043, 31.24634418045654, 29.89414555038856, 19.13645546430065, 10.080483396076252, 0.0, 8.78121279629448, 47.442243510017455, 54.709877248835305, 63.09914411062906, 70.9217416765591, 76.6818223149632, 74.77627617966189, 69.17386012963377, 62.78816081283723, 55.507274561142054, 50.346574493382455, 22.966789425282606, 34.10191957102538, 45.019046956895544, 48.41022486129445, 56.92435946418105, 61.164766183634136, 65.39542894609754, 68.93159391828641, 66.2814192419739, 56.753219698289264, 46.1302499798488, 39.26641556260375, 74.09918157068711, 70.22198283908467, 69.8672794782175, 74.27361050435348, 75.86656801709819, 80.6855846757452, 89.82851872363234, 90.87759492557198, 90.0580678672968, 87.96615021886394, 84.40376660269565, 80.24408518465484, 74.87766435962753, 74.50608636309839, 78.59861344443895, 81.8162179698929, 86.41571293449404, 82.7018932878343, 79.50174768963366, 75.4568667030793, 54.38501500065044, 62.13442354813934, 74.55260077773454, 82.3218386604332, 97.46027856305057, 105.15466138099278, 118.1529401822546, 115.87726403514418, 130.17853280994134, 130.40418258829223, 130.8693423148106, 121.36379681021666, 115.75708609458668, 107.14720882789582, 98.2076970829196], [10.421324502165499, 14.416771522028851, 23.726162418049952, 33.41530140529983, 27.535141245885374, 21.376629937244598, 17.764969782614237, 39.79572399109718, 45.318226635284326, 53.012926557883, 61.92510588380137, 69.52669492778963, 62.794997264799214, 54.48106274923096, 47.48175933017996, 6.052177252128856, 11.882671689117139, 19.9518247359526, 29.827568520246192, 39.443528196395874, 38.20123558151157, 27.819281106970934, 18.85477629035616, 8.78121279629448, 0.0, 38.905090970029285, 46.28493241786589, 54.847537326625364, 62.93585977551511, 68.84995773464993, 66.65998471683682, 60.893349875263695, 54.393984788200484, 47.05395910496788, 41.85646855986397, 15.643935303925321, 28.120366717887343, 40.20207294854097, 45.58066596244071, 53.60989870574221, 56.915437965353796, 60.196219070676904, 63.04467975419639, 59.69935684008141, 49.93687308910034, 38.371885669167966, 30.761262887925163, 72.78137375783798, 67.70628241024649, 66.60292159927637, 70.0087518919497, 70.99488194584598, 75.39225252258085, 84.35047090619038, 86.04650888596764, 85.74439499607028, 84.38540122812026, 81.65356770393583, 78.00125277622179, 72.70376226923182, 71.45470528125712, 74.58840400017704, 77.10431652973136, 81.22822327388114, 78.03979560378149, 75.53857503225836, 72.4459014352496, 61.745041842839214, 68.73943824699354, 79.92618466837801, 86.26018805043492, 100.47547870352321, 106.96416949570927, 118.7808557909198, 113.28297408040093, 126.16251445026604, 125.66345035526895, 125.73873753662697, 115.78013101255938, 109.5149298021448, 100.73313856039258, 91.54308334022916], [45.263146387458185, 52.013387617723176, 61.29837376911506, 69.45461365413652, 63.344942604374765, 55.10220612223614, 47.40428561946517, 20.15356471045718, 16.520510654943084, 18.958999988260008, 27.59490409513541, 37.74991158051179, 31.768439761249358, 25.931601264187695, 22.969882020873204, 38.61035346900258, 47.426179232541045, 56.478795130421865, 66.37476223091909, 75.33561447996144, 74.73257981002145, 65.61519593338288, 57.282550304135746, 47.442243510017455, 38.905090970029285, 0.0, 7.686822452506433, 16.895684366587226, 26.215136858518765, 33.015936081501934, 29.85911367879586, 23.45248805119382, 16.72185526537184, 10.509969154113344, 7.49433215987729, 31.867466619932014, 38.34335682995382, 48.90101034968339, 59.25943316101656, 63.2906257161332, 62.016043125003506, 59.764536081081296, 57.094460966863345, 49.33128479288834, 43.38764783110293, 29.434511615347688, 18.02371837001999, 86.22613939714611, 77.7481534870199, 73.85071278