{
	"dissimilarities": [[0.0, 7.732346442272298, 16.026889333249976, 23.943603497283384, 17.9957508717355, 11.299046323869375, 7.723714535820183, 41.69118173304112, 48.42932235768345, 56.79107275086311, 65.25579298939363, 71.46034731503543, 64.92323116719017, 56.545496377923506, 49.13801634540531, 16.255779324556084, 17.991984999097042, 21.27785908680857, 27.585028493806583, 34.60675859034367, 32.40659363381215, 23.84657047753186, 16.786500226841095, 10.931388965321336, 10.397467122764755, 45.4172071642204, 52.62651980877164, 60.94943463709675, 68.11789972753517, 73.55013847361734, 71.27905520419095, 65.89794111440028, 59.51001964144362, 52.286663969740516, 47.07074681082342, 17.71234831265298, 28.989650906499303, 40.009147718398424, 40.64259573694993, 50.12073434069897, 54.777855384795096, 58.918492452527225, 61.00953391043761, 58.325252293816774, 50.835556506242575, 40.73868253618163, 34.84375288906677, 65.7624562010694, 62.379085559366416, 62.1877661977875, 66.45190025381419, 67.98437060526066, 72.48548268256272, 80.34900961141048, 82.21559281557764, 81.53186545661129, 79.49341122892079, 76.11448362166608, 71.97466880058415, 66.65302885962765, 66.53209663362854, 70.48266891314113, 73.16538436525269, 77.77279363179908, 73.97767953488089, 71.29930330798523, 67.3919786575296, 56.46040706325253, 59.232075698945486, 68.47512439316218, 76.65355122432874, 90.1078674608358, 99.39948158464203, 113.29252814561495, 107.47263662182488, 120.47714232710155, 120.80554940572955, 121.48641783200975, 112.34359936216644, 107.22027317880976, 98.17446625443172, 93.99506731846768], [7.732346442272298, 0.0, 9.44795747814314, 19.167704020105326, 13.81872426242292, 10.82839897279755, 13.050525056078662, 49.29076847943228, 55.876797685468034, 64.12193550704069, 72.69268002324475, 79.0728356365471, 72.52783559509012, 64.13410364401338, 56.75668296949762, 17.714376711300407, 15.457484275653204, 15.798756554266447, 21.155940228048383, 28.571116103576106, 26.170560703486597, 16.714782350331124, 9.781302674341747, 8.368764340423503, 13.694693475721575, 51.81898158652385, 59.097361487237976, 67.4989603274969, 74.83182695404047, 80.39257330035716, 78.29315593701762, 72.8502933885832, 66.45904538958057, 59.18519520771407, 53.96009032655699, 24.234912999645655, 33.990132411606005, 43.958135066737185, 44.363365169816454, 54.02098443653899, 59.05554081563242, 63.82642180224993, 66.90017697976282, 64.90581524492939, 56.4188211697343, 47.07853707528068, 41.719711589550165, 68.40639560479485, 65.63886187035425, 65.90584246701556, 70.90968076196769, 72.94968714482881, 77.9650238974903, 86.3187749627485, 87.51471437996479, 86.36971170427856, 83.76010485318712, 79.68148627896029, 75.17622453054084, 69.8373658272147, 70.22058883894455, 74.89501730448468, 78.1200910608168, 83.39598357841884, 78.9192724969535, 75.7048930952726, 71.07932374398075, 51.74955513767059, 55.813025476516025, 66.40534297294495, 76.04205426384112, 90.14972387333631, 100.3917909459399, 115.25865415514185, 111.23328084087369, 126.20631252836445, 127.1487083911231, 128.30323777916817, 119.51416228215375, 114.68923102355737, 105.5231859974864, 100.72439887299477], [16.026889333249976, 9.44795747814314, 0.0, 10.60625861731464, 7.623020323906332, 12.073894696081542, 18.456973978280345, 57.44583412209475, 64.34998890214612, 72.7580954258124, 81.14684352794283, 87.05197595928092, 80.6488697561275, 72.2972097833464, 64.85248339319658, 26.60390584456803, 22.060748723756607, 18.010393160430507, 18.002533274240186, 22.463504016339773, 19.09715440432381, 11.895135026529292, 10.830997373726483, 16.498822363251772, 23.106656322589163, 61.10413453007607, 68.32741729205125, 76.59477576072418, 83.70266961776366, 89.01895661203893, 87.03025331848998, 81.74951497590374, 75.43049784105878, 68.22326531517756, 63.01911772471082, 32.86069996135655, 41.0555861383753, 49.45995318978448, 47.288364355058434, 56.93845791996791, 62.89636005822571, 68.5470917656536, 72.21346451084526, 71.00128250166942, 63.442642088962415, 55.069092178829095, 50.55955453950641, 68.40972453790134, 67.2593523435238, 68.41439165130302, 74.38680682241615, 77.03746146315834, 82.35633443177902, 90.62086088888827, 91.13186821610317, 89.45276541240673, 86.06294645652957, 81.13225149510443, 76.12170407829407, 70.8633309432298, 72.30788888031009, 77.93228726614056, 81.76926708740359, 87.49816613710618, 82.48226073536657, 78.65279209946554, 73.07749749319953, 45.785180151383514, 48.19964217113289, 58.995023262615646, 69.82296105573973, 84.64963578593388, 96.04597231439897, 111.9261430857905, 111.62882506532848, 128.27612246619987, 130.1353451107551, 131.939964478137, 123.99001748011865, 120.29619493827742, 112.0461711632903, 108.22976906912368], [23.943603497283384, 19.167704020105326, 10.60625861731464, 0.0, 7.3442950800592195, 16.118666649618667, 23.44591305036127, 63.11238115739616, 70.52481040190057, 79.16936151656603, 87.13996277582605, 92.15684164386325, 85.97580903860022, 77.76615558876466, 70.3084375149502, 36.822182404547995, 32.53160663956633, 27.50478522184362, 23.841593415950413, 23.010436888863538, 18.739742435953087, 18.050516745033008, 20.882683366871248, 26.90324498052943, 32.697529543786835, 69.21360985097317, 76.3020875021161, 84.331247067701, 90.99282188991778, 95.85344239421042, 93.83177970046165, 88.83415655189611, 82.6300180845163, 75.58664253064804, 70.4457446718697, 40.22143619184236, 47.04466201171756, 53.920238144649076, 48.157959670946795, 57.45024198578323, 64.4171618723482, 70.80058711325323, 74.51237328954164, 73.9704715017901, 68.65095473030473, 61.2320664370177, 57.69125808866077, 65.27463678280112, 66.1665208805102, 68.29156292243992, 75.0459706112417, 78.17094456241652, 83.46334438552205, 91.10060733377091, 91.1090406084819, 89.01328134366084, 84.9366163140579, 79.3422224165916, 73.90975873849963, 68.84568406867355, 71.50132682179577, 77.90616915160535, 82.18122220174871, 87.98493954977624, 82.76416541726842, 78.48496908794174, 72.12192551971837, 43.17309021991696, 39.9780643573637, 48.77118043707189, 59.78977302726395, 75.07582404220909, 87.3567211871516, 103.9043233098077, 107.79205694064682, 125.28354224503659, 128.07184956186322, 130.5716838753076, 123.76146041799811, 121.68168695450603, 115.16750641108051, 113.5590721707956], [17.9957508717355, 13.81872426242292, 7.623020323906332, 7.3442950800592195, 0.0, 9.077242266845749, 17.06081119281779, 57.12306920688638, 64.6826846299939, 73.31170213987856, 81.40626297818626, 86.71546567323743, 80.1991078167767, 71.83663728018738, 64.42338981243994, 31.327379441658664, 28.517163481105865, 25.53008616664223, 25.076432378288107, 27.36458671366798, 23.425913684142806, 18.870273778573672, 18.2357754415537, 21.969775457965245, 26.798836189815013, 63.10696399827497, 70.3337237290119, 78.63113802427972, 85.57226729951475, 90.68998170796613, 88.3559970142849, 83.13629984866303, 76.76422454835524, 69.60407611488021, 64.39193299010475, 33.371710024639334, 39.74890727443747, 46.84304149591899, 42.19002106655203, 51.68792689863001, 58.252960810096624, 64.38502452425142, 68.20132320311622, 67.60973663005889, 61.4905334247305, 54.13369813561561, 51.007257432491485, 61.57665187701044, 61.249912730629, 62.874006876838756, 69.27544621036049, 72.21765237159325, 77.58449363719761, 85.6459979257357, 85.75911200033751, 83.82140440429691, 80.07352341339595, 74.83650345726404, 69.64655168005811, 64.45302506004214, 66.43569060591881, 72.46239120074394, 76.56271723193805, 82.43392057520767, 77.20823002741005, 73.11213897949864, 67.13589821665207, 49.06106308446128, 46.850008410488975, 54.415224239354025, 63.58577527384104, 77.64572121714959, 88.64442242291652, 104.50517770838592, 104.64282510489771, 122.16895883014857, 124.65794250316821, 127.31519677727356, 120.36176860545255, 117.89910696997501, 111.378109598582, 109.6412552027631], [11.299046323869375, 10.82839897279755, 12.073894696081542, 16.118666649618667, 9.077242266845749, 0.0, 8.522637677164617, 48.451537050263525, 56.15785849848479, 64.77905173833655, 72.89855736754798, 78.3636709911553, 71.60669312599528, 63.155666303323514, 55.7939654926111, 25.93838937407381, 25.971117222772936, 26.231308416341307, 29.261107707923756, 33.78906311909658, 30.401641806914018, 23.646069705042866, 19.353623860244422, 18.461094045950663, 20.500284575445775, 54.836521563115404, 62.0983919532847, 70.52967216629114, 77.58820907326326, 82.8338857614846, 80.19168240795713, 74.84380462634422, 68.36890069536527, 61.17411070518419, 55.939825156642044, 24.594386441916555, 31.167663707449325, 39.21546569762331, 35.873472841645025, 45.53565403709822, 51.49683765878395, 57.01250656032128, 60.32857387582353, 59.250174314509394, 52.90534584470231, 45.12855558144455, 42.10799058519764, 58.17976128209713, 56.35688598503144, 57.21869597225453, 62.83152501963441, 65.28697753776397, 70.40986019237106, 78.551218514683, 79.19775230663356, 77.69699822047795, 74.60489227903984, 70.13154545419515, 65.38937644478082, 60.0884937752108, 61.136008571010855, 66.36134078719996, 69.96255464291123, 75.47517617452053, 70.67531812719238, 67.08214450112716, 61.91119087691906, 55.7184051883362, 54.02975480202821, 60.47980511512338, 67.71200596335609, 80.591458079801, 90.09494325704141, 104.80378200827622, 100.96197540261672, 117.17191284209524, 118.99232383795463, 121.39675372789392, 114.03522276871058, 111.00363161572245, 104.41757731823014, 102.76608053238924], [7.723714535820183, 13.050525056078662, 18.456973978280345, 23.44591305036127, 17.06081119281779, 8.522637677164617, 0.0, 40.081534262968205, 47.72619779182862, 56.376517945686096, 64.44798527793827, 69.90437170097205, 63.22694191890019, 54.817930798363385, 47.41527632939503, 22.919907401040632, 25.579933652928204, 28.291941183708232, 33.18781549197321, 38.576503153252666, 35.792586923967676, 28.631633582482188, 22.794079215720032, 18.262004495378402, 16.69069785226915, 47.08236374539007, 54.193259135986786, 62.454089081245705, 69.33757044081126, 74.4780804222401, 71.79586114430334, 66.52786647849975, 60.11440950808368, 53.00775435500162, 47.82813532949395, 17.674937839862892, 26.490246484708898, 36.34613512867147, 34.296215642414154, 43.75834913935352, 48.9927098246, 53.51243275216192, 55.508725233309775, 53.29910941015314, 47.68431525514223, 38.58953864151219, 34.4630423346981, 58.55723485692673, 55.66993835933146, 55.770625388731204, 60.27330798994091, 61.97069915111123, 66.42166349024357, 74.01439376205963, 75.67228434105783, 74.85376593495802, 72.61611990308104, 69.13970428633566, 64.92726242216527, 59.6337149489791, 59.84486626763129, 63.996230617417524, 66.80839468488632, 71.41564300368056, 67.56345403200976, 64.75197826880138, 60.64615080274542, 59.633770734489495, 58.633470290797625, 65.01310087398254, 71.32602434617986, 83.81766407991019, 92.40629418369075, 105.95866312158208, 99.94438116680956, 113.32695505869387, 114.13332336568695, 115.5768204847437, 107.35372733554439, 103.45852752231052, 96.29791856923866, 94.5335646712127], [41.69118173304112, 49.29076847943228, 57.44583412209475, 63.11238115739616, 57.12306920688638, 48.451537050263525, 40.081534262968205, 0.0, 9.068323361868002, 17.469154438395694, 24.787432343309906, 30.656274674430662, 23.360713631585874, 14.861553680563986, 7.52987745758256, 42.41743196234752, 51.15225779135721, 58.885609384214284, 67.083057638909, 73.98662577483924, 72.49955840821929, 64.84554849777513, 57.22540459542962, 48.057673503390184, 39.68836575950509, 20.033629892632067, 23.256777194786686, 29.08571998419372, 34.340898254390055, 38.84034133793961, 34.552558971053244, 29.61244071930691, 23.713932893181422, 18.45296774969303, 15.342108709367105, 27.615423949281915, 31.849696886646473, 40.95530119621808, 45.912632769731026, 49.975561488367845, 49.521494135703634, 47.3694285859801, 41.813756093430655, 33.31239004939377, 33.772277558707884, 21.77869991490645, 14.299816458593344, 70.01113909268244, 62.688282351872914, 59.21749009646492, 57.22024990788496, 54.65386846408925, 54.71514362971703, 58.55616475901349, 65.12431733255266, 67.8990487927755, 70.3463153689659, 72.15484347002175, 71.2010693114331, 67.05167518200548, 63.178429428041035, 61.240316947903565, 59.50606277246159, 58.75838166824548, 60.37401425673504, 62.056782958362206, 63.96889365152711, 91.73124042603972, 92.04644149670396, 96.42104994170295, 98.15088510295251, 107.08768407912231, 110.69130169175803, 118.43345349851381, 100.02354468832556, 100.36584180563214, 96.04338509873794, 93.29065938951459, 81.28564865347218, 72.50260451471397, 63.21959972450989, 61.82353006022534], [48.42932235768345, 55.876797685468034, 64.34998890214612, 70.52481040190057, 64.6826846299939, 56.15785849848479, 47.72619779182862, 9.068323361868002, 0.0, 8.791560461106153, 16.86311413315972, 24.199664217228513, 17.592598039005868, 10.444009342403232, 6.460154132707592, 47.10144520994338, 55.81124061747918, 63.871554399060436, 72.38349813618478, 79.5901130125825, 78.49516960848388, 70.78860589820388, 63.09558332369678, 53.728964005899854, 45.28946786030025, 16.59744014676824, 16.884899552902088, 20.793275801124484, 25.368537505413293, 29.863439504524088, 25.52294660517146, 20.62156362808866, 15.052835665413246, 11.14123135777056, 10.35125291736662, 34.58426085559317, 39.39794519961642, 48.467353877962935, 54.66929113447561, 58.346353723079645, 57.22871138859457, 54.25812998088884, 47.99160132787963, 38.87723983202892, 39.23444453729744, 27.71736328895469, 19.40941809146833, 78.54593453017108, 70.89812615808107, 67.10011605560551, 64.36320172079827, 61.26462639600758, 60.63970457221777, 63.632697240202894, 70.94627662911378, 74.26708064941899, 77.3813876064819, 79.82808183867112, 79.25131477686477, 75.28006641522262, 71.02395416477337, 68.38007922548658, 66.03065871017337, 64.40376523704717, 66.89919836321474, 69.195513842876, 71.80901229986279, 96.55212780863268, 98.458654934216, 103.88078793880966, 106.08340638835723, 115.28989638280508, 118.82023648740461, 125.99877721918826, 106.8629103193443, 104.39056858242704, 98.76299822640054, 94.3376689701817, 80.82679338055972, 69.83594996851707, 57.96676825539159, 54.08063878349244], [56.79107275086311, 64.12193550704069, 72.7580954258124, 79.16936151656603, 73.31170213987856, 64.77905173833655, 56.376517945686096, 17.469154438395694, 8.791560461106153, 0.0, 9.09330942870339, 18.36097361921254, 12.655320388967242, 9.716221857854679, 12.22219800742526, 54.223136725366054, 63.002726504585, 71.3271354364639, 80.10558248011964, 87.55096620995879, 86.63190321916791, 78.79679208710105, 70.99308506563291, 61.48100940167085, 52.989640066575056, 18.932581126500768, 15.486217397836892, 15.61068980173836, 18.514013427584143, 22.761634971726895, 17.540969274619464, 12.754380854019766, 8.493042935666818, 9.64113958129987, 12.92233888475403, 42.620036242426835, 46.57864571443638, 54.837201867069716, 61.998378763339566, 64.92295665498818, 62.96292830727012, 59.05254384364333, 52.06337898903083, 42.61030143998788, 43.37997486445021, 33.27128713031172, 26.27661280208705, 85.256958964007, 77.10911072521266, 72.89428169496173, 69.2491834764055, 65.56843781853271, 64.2071036075787, 66.39369189175878, 74.31982404613133, 78.18758431428344, 82.04532786398414, 85.26101626172512, 85.20012785959364, 81.49950208793041, 76.72440111192559, 73.21459769757365, 70.1822181290153, 67.67575417815905, 71.04515411226913, 74.0228799363309, 77.497044390529, 104.14404893120411, 106.73878149322006, 112.31318672302129, 114.26458514417783, 123.1113227000754, 126.05969382244038, 132.4174908226226, 111.37835691113442, 106.53741564037327, 99.79077442832373, 94.2714425572244, 79.85783773502027, 67.18541098945212, 53.92085907456856, 48.58462003645279], [65.25579298939363, 72.69268002324475, 81.14684352794283, 87.13996277582605, 81.40626297818626, 72.89855736754798, 64.44798527793827, 24.787432343309906, 16.86311413315972, 9.09330942870339, 0.0, 10.219371387521296, 7.586465730655746, 12.08433595990963, 17.990214722432746, 63.249749512634985, 71.94229640503528, 80.12336897578166, 88.65922220338585, 95.75076436606781, 94.84319538057169, 87.36460672929002, 79.72643312035207, 70.32796638833562, 61.882790928847015, 27.55898966384394, 22.83403546521372, 19.468706545087322, 18.126318527624687, 19.5797081523833, 13.774905728590598, 12.33204955903008, 13.067744804808136, 17.832116986303927, 21.856015699171337, 51.228525529080656, 54.39297024831539, 61.64207453424109, 68.0606398006164, 70.07926554200023, 67.6806890664247, 63.04580696293376, 54.841715775541125, 45.07437473825618, 48.67430989476923, 40.21757790109785, 34.82170668528625, 89.54237793929013, 81.47914022684044, 77.09875676837665, 72.61954178649968, 68.37280210327427, 65.94002296936642, 66.48538225771365, 75.2435942822366, 79.73108447600086, 84.31064055288033, 88.3610940063606, 88.81847983589803, 85.49611642324608, 80.51752701785679, 76.17478563622868, 72.39744139920087, 68.58402502577053, 73.18353131750932, 76.90078969780059, 81.20527828133288, 111.56064467112982, 113.38071749576623, 118.1219733090062, 119.13741514679616, 127.2610490685455, 129.33790098262313, 134.45341384020634, 112.33701377221472, 103.98106613986482, 96.03165167066653, 89.24112254052214, 74.06905975433531, 60.2221545750143, 46.85852258913587, 43.23902983358615], [71.46034731503543, 79.0728356365471, 87.05197595928092, 92.15684164386325, 86.71546567323743, 78.3636709911553, 69.90437170097205, 30.656274674430662, 24.199664217228513, 18.36097361921254, 10.219371387521296, 0.0, 8.864727343330133, 16.992821082109405, 23.279081495566118, 71.17611628287051, 79.62108309857467, 87.33013717878079, 95.21577593142919, 101.49570405974241, 100.4929252007067, 93.7632448930021, 86.5376068158293, 77.49336910694386, 69.2256876348829, 37.242645107056426, 32.846247489878, 28.855676956572704, 25.273518429567197, 23.63376300657121, 19.295066550685824, 20.915264526877515, 23.061697342354552, 27.66827465279445, 31.232756767997166, 58.15678606725383, 60.932060262450214, 67.36461734760327, 71.7410279610936, 72.9947947376343, 70.71408985034823, 65.83220848115131, 56.36448111980212, 46.47295476059879, 54.098013347891246, 46.85309307090964, 42.60219833740778, 90.69646049337936, 83.3651119816277, 79.15994790034078, 74.21938234602037, 69.6259167520205, 66.1094477999565, 64.53978310762456, 74.1266776986243, 79.11648091318332, 84.15430132443558, 88.83121460754205, 89.63798491811902, 86.70314913517718, 81.95247996829558, 77.10126728182013, 72.76270754382327, 67.57341956137819, 73.41482741384951, 77.6872105142989, 82.50243096481674, 116.18988476871529, 116.20496828699696, 119.50083272882041, 119.25778521997815, 126.55171957302142, 127.76873393984745, 131.54076870730208, 109.8566026883013, 97.47728135877554, 88.46270615286976, 80.29602454406324, 64.45642065806915, 50.08818947125829, 38.051931413948545, 40.02184927289166], [64.92323116719017, 72.52783559509012, 80.6488697561275, 85.97580903860022, 80.1991078167767, 71.60669312599528, 63.22694191890019, 23.360713631585874, 17.592598039005868, 12.655320388967242, 7.586465730655746, 8.864727343330133, 0.0, 8.72652152798416, 15.865280388178395, 64.51250413344988, 73.3239604478408, 81.29785337524206, 89.54096294626389, 96.23277475502701, 95.00895053810936, 87.74017435028641, 80.20248642652176, 70.94151253646909, 62.4889715458708, 31.137253261646205, 27.850885871056924, 26.27714417986753, 25.68910166720639, 26.728353059469768, 21.148837102309766, 19.78699335595997, 19.245731784767607, 22.128301351995393, 24.973367457316485, 50.67789827236944, 52.50142367514894, 58.677239095041465, 63.81318207582281, 65.13496867621804, 62.660538940303134, 57.823192232918004, 48.89702724954973, 39.01701805861264, 45.32753502725748, 38.08037087175625, 34.631585752563005, 83.78695780727708, 75.91171753704026, 71.5516855978815, 66.77011809725977, 62.34286437119582, 59.442303639293804, 59.30490079423556, 68.30748184891644, 72.95550852620192, 77.71177583372861, 82.06044104235193, 82.73307074733499, 79.62583383506022, 74.6564209391474, 70.01168944936165, 65.97933794773519, 61.66600822735408, 66.71166119335291, 70.67675977188739, 75.28033152091591, 112.27567215408129, 112.1762561651359, 115.30062309746654, 115.04806362575545, 122.20572412371662, 123.49554958970768, 128.02570953709704, 105.09947348794253, 96.53436455464391, 88.82991359962784, 82.83733509084246, 68.57424411154987, 56.257905653241075, 46.330651770716074, 47.54452850607586], [56.545496377923506, 64.13410364401338, 72.2972097833464, 77.76615558876466, 71.83663728018738, 63.155666303323514, 54.817930798363385, 14.861553680563986, 10.444009342403232, 9.716221857854679, 12.08433595990963, 16.992821082109405, 8.72652152798416, 0.0, 7.507285367372217, 56.343445484181856, 65.25789811723357, 73.2565048114491, 81.59485716648805, 88.45934596870516, 87.10253864119024, 79.57917216342868, 71.92991579148654, 62.62944994365586, 54.14183321210782, 25.158272083750468, 23.80381055837651, 25.262565990592112, 27.51824652318198, 30.458846867953618, 24.99072097671624, 21.456254072618993, 17.969914719473795, 17.67603389053919, 18.884761746279167, 42.0167468490293, 43.96037454425325, 50.733287220485806, 56.12858558707919, 58.14335794227968, 56.087806208952465, 51.90341634550934, 43.92081811668637, 34.17235100807151, 38.628318538740324, 30.084032069801367, 26.16705846186663, 77.5659869558481, 69.61925666845622, 65.41086840973541, 61.37790854810876, 57.46424143549361, 55.556075373141816, 57.022109837903756, 65.22013767232627, 69.26531326845166, 73.32204095927307, 76.90012624918934, 77.09812892842186, 73.64463142512878, 68.86348260915247, 64.97501636815808, 61.63613929112415, 58.567766405913176, 62.4388072487164, 65.71210515318258, 69.5593934215534, 105.32618340983313, 105.28844219353071, 108.6719888547911, 108.92235758024368, 116.50941206734743, 118.4377705495837, 124.06914006378288, 101.98339524863763, 97.06177313368974, 90.70976976009698, 86.26820017535118, 73.06593376478843, 62.33685108292937, 53.01910457099099, 53.22257485276826], [49.13801634540531, 56.75668296949762, 64.85248339319658, 70.3084375149502, 64.42338981243994, 55.7939654926111, 47.41527632939503, 7.52987745758256, 6.460154132707592, 12.22219800742526, 17.990214722432746, 23.279081495566118, 15.865280388178395, 7.507285367372217, 0.0, 49.57640600950498, 58.327922463137234, 66.11573607691642, 74.27591956145145, 81.03379948555988, 79.63222393005127, 72.1845898958654, 64.63245892350214, 55.46134022922505, 47.07449909685738, 22.08920136601876, 22.85185348577795, 26.50594847052695, 30.266689499143805, 33.95407988914647, 29.199648100853306, 24.932271187088553, 20.01761230333373, 16.96213064608845, 16.066103516137442, 35.072416383090015, 38.230178166749575, 46.14740727939335, 51.01932638465429, 54.02693681302916, 52.8418931669075, 49.66579970283732, 42.661003881750666, 33.311370133094, 36.37817024083771, 26.039659565620788, 20.411876078447886, 73.61253197616414, 66.09738823940187, 62.294127825050296, 59.266664304975, 55.99447839299023, 54.97888093947962, 57.457797604130576, 64.96877252240988, 68.42100421947438, 71.68473737524675, 74.4042647793625, 74.01740498142759, 70.21817019792869, 65.94870379890062, 63.021807246089494, 60.44728558902374, 58.416216710587335, 61.27307882529024, 63.786510826345115, 66.67876213304038, 98.1012306094743, 98.11313915708917, 101.93762261153836, 102.88731550555845, 111.1860597959468, 113.96877314575184, 120.59780373085216, 100.69588661623007, 98.04731404947384, 92.65244794076001, 88.89908699613102, 76.17764401751816, 66.43096956883872, 57.050197992332016, 56.60270781087397], [16.255779324556084, 17.714376711300407, 26.60390584456803, 36.822182404547995, 31.327379441658664, 25.93838937407381, 22.919907401040632, 42.41743196234752, 47.10144520994338, 54.223136725366054, 63.249749512634985, 71.17611628287051, 64.51250413344988, 56.343445484181856, 49.57640600950498, 0.0, 9.887953347006851, 19.346855470799873, 30.167554718241615, 40.60792286107005, 39.6729956150547, 28.81099994394455, 19.872366783762853, 10.281006414591623, 6.313082649000329, 38.631692955086265, 45.87784795005612, 54.51811921607983, 62.60165254316133, 68.96830935780291, 66.9473653525022, 61.07896050089355, 54.68284518531603, 47.38937149872901, 42.33155984299715, 18.990532099898463, 30.617802316165495, 42.669200530381126, 49.56593134682456, 58.42356110281439, 61.15296687240345, 63.95013416177903, 66.24741921971405, 62.8502657081882, 51.03455194231967, 40.01257695636117, 32.282715579287654, 77.15173351771644, 71.60260618447595, 70.25008011990502, 73.37047636813926, 74.28344461054282, 78.8086557275234, 87.537313245825, 89.77266061725514, 89.52450172426195, 88.3087997655191, 85.66473021662756, 82.119933778099, 76.83301823502283, 75.28795029288798, 78.19806959822618, 80.31627134229745, 84.90004257651213, 81.2831642017583, 79.18106749929058, 76.30896629801747, 62.8891002602764, 71.60542969263332, 83.53251568124679, 92.71319186995923, 106.15604335928754, 115.11867077790285, 128.74474272405948, 118.87687066526387, 131.51271176493552, 130.79285634117008, 130.62147837625994, 120.06077008721743, 112.53028109037793, 100.55599708505824, 91.90694231505434], [17.991984999097042, 15.457484275653204, 22.060748723756607, 32.53160663956633, 28.517163481105865, 25.971117222772936, 25.579933652928204, 51.15225779135721, 55.81124061747918, 63.002726504585, 71.94229640503528, 79.62108309857467, 73.3239604478408, 65.25789811723357, 58.327922463137234, 9.887953347006851, 0.0, 9.783918552791155, 20.99854819460131, 32.06014052289827, 31.589906587295967, 20.652091298550204, 12.581611037614739, 7.623415159587071, 12.657084621056185, 47.56130511190211, 54.537918801661405, 62.744997159769966, 70.48766937677551, 76.57975234102354, 75.08408771884812, 69.49027404200984, 63.341330636930614, 56.21605522800974, 51.27389693205154, 27.518893280560285, 38.8327583305652, 50.12530017818457, 55.26990701554416, 64.5663800751193, 68.13859280445672, 71.72248522744296, 74.51463070203779, 71.51830956866242, 60.14878376329896, 49.52950140894282, 41.892416519850435, 81.49926086616523, 77.12115269750349, 76.44726716313681, 80.42777648524238, 81.83605215139517, 86.66746834590685, 95.39585958424846, 97.23568341969681, 96.59980091494286, 94.76709225681033, 91.39194125136268, 87.36193322494316, 82.01881423966485, 81.29199462676291, 85.03010247892884, 87.6614716792434, 92.62613844135299, 88.58132930956083, 85.96565546253379, 82.26908029584867, 54.51163575520579, 65.51227569538602, 79.57625881647488, 90.76674132841379, 105.4582747712517, 115.82040391255975, 130.4829424993977, 124.18672775652747, 137.77679932513314, 137.52576221150895, 137.31640502580606, 126.82285258759205, 119.57708389325234, 107.21584882878672, 98.02544214672898], [21.27785908680857, 15.798756554266447, 18.010393160430507, 27.50478522184362, 25.53008616664223, 26.231308416341307, 28.291941183708232, 58.885609384214284, 63.871554399060436, 71.3271354364639, 80.12336897578166, 87.33013717878079, 81.29785337524206, 73.2565048114491, 66.11573607691642, 19.346855470799873, 9.783918552791155, 0.0, 11.344075372263928, 22.756737518096283, 22.5941281778775, 12.06388304474484, 7.501644205170624, 12.29994684730942, 20.359722296018923, 56.63507030158509, 63.493252885439894, 71.40941084852749, 78.77714485386605, 84.51339794480657, 83.3235523202689, 77.99164786227679, 71.98757159971923, 64.95420776245872, 60.03088533433774, 35.07203256005224, 46.00550655002888, 56.52792352280121, 59.411149527104534, 68.99136107665467, 73.47197367983708, 77.84841147745836, 80.99700366088581, 78.45134053334942, 68.05857892871451, 57.864218877870755, 50.57305549941788, 83.7507541230111, 80.74340707702724, 80.81376860161332, 85.63925149019987, 87.53747029254937, 92.59527120678356, 101.16764357735246, 102.59793063154886, 101.56794929370113, 99.09641552364538, 95.0096736181584, 90.50879347220774, 85.1654994853365, 85.34942249309442, 89.90454673343555, 93.03201398577731, 98.2998616373063, 93.88447596146707, 90.76928999659886, 86.25684054512546, 45.6320258378131, 57.84639788360659, 73.51885236384754, 86.42335370016883, 102.16666267937869, 113.81119466547091, 129.39007147101307, 126.95621638723917, 141.45419211442746, 141.81409229686557, 141.77513354704217, 131.6626700277325, 125.13901931067205, 113.08649465923605, 104.3763611961196], [27.585028493806583, 21.155940228048383, 18.002533274240186, 23.841593415950413, 25.076432378288107, 29.261107707923756, 33.18781549197321, 67.083057638909, 72.38349813618478, 80.10558248011964, 88.65922220338585, 95.21577593142919, 89.54096294626389, 81.59485716648805, 74.27591956145145, 30.167554718241615, 20.99854819460131, 11.344075372263928, 0.0, 11.679007594031695, 12.226064473597427, 6.625505681033033, 12.671156415269008, 21.650086403178804, 29.983576042983046, 66.52149055702829, 73.2304956159896, 80.79573103863181, 87.67070627804311, 92.93199717879314, 92.04555394287466, 87.05222529707538, 81.23045690654594, 74.3352980939521, 69.45374077340949, 43.865942784396566, 54.53746610000201, 64.34904921183374, 64.60521826596666, 74.29087790794732, 79.70815969159544, 84.80020815890023, 88.04016736885914, 85.84835899667398, 76.96709363770391, 67.08811621055548, 60.02790061835484, 86.40348096619911, 85.04581180801503, 85.92263807254889, 91.52021622347753, 93.84748402708387, 98.97172824661745, 107.10742135966483, 108.22761598606743, 106.85532774235992, 103.77100669391015, 99.03186593966915, 94.0827778462632, 88.81011995390348, 90.01404444496663, 95.32698315610507, 98.87450231321958, 104.25589317039355, 99.63736861587721, 96.0941734769119, 90.82046152343713, 35.03666273128594, 48.25084713292433, 65.83056157281257, 80.71043775652377, 97.66272185106506, 110.74238759617988, 127.16913525675331, 129.49751063958573, 144.41995327715856, 145.38577023585438, 145.41483444473698, 135.75548873710255, 130.13062429110977, 118.61452283030637, 110.82004368271804], [34.60675859034367, 28.571116103576106, 22.463504016339773, 23.010436888863538, 27.36458671366798, 33.78906311909658, 38.576503153252666, 73.98662577483924, 79.5901130125825, 87.55096620995879, 95.75076436606781, 101.49570405974241, 96.23277475502701, 88.45934596870516, 81.03379948555988, 40.60792286107005, 32.06014052289827, 22.756737518096283, 11.679007594031695, 0.0, 4.491383800038134, 13.6637875462768, 22.270522488968165, 31.446866324398393, 39.37583177839118, 75.43795471890942, 81.97157737131131, 89.15941725671857, 95.463464721899, 100.16774592000779, 99.51212218274516, 94.90457730257467, 89.28596016142097, 82.57574923624428, 77.76341561950369, 52.0306412235143, 62.508831878420516, 71.73175336765539, 69.30038314684231, 78.88545788811605, 85.14447726683774, 90.77448133246187, 93.80069782769961, 91.8386577152688, 84.91572652648074, 75.2760097789758, 68.4207477414604, 88.23015876736878, 88.57960626170791, 90.20855091184964, 96.37725592303572, 99.0034313270602, 103.99614510423926, 111.41647395176068, 112.37842271708695, 110.77471300380348, 107.2034124892304, 101.99383628548242, 96.70141739594574, 91.57315254378429, 93.76245579886206, 99.64439456043704, 103.46014108310389, 108.71332117325468, 104.11864563841462, 100.29574972819451, 94.44568727148769, 24.67769878546906, 37.37821643236587, 56.80674308033767, 73.54629702401753, 91.66706382439057, 106.06999902601041, 123.06528695723361, 130.42096304096253, 145.08778861036512, 146.57803052679068, 146.584370252575, 137.46122926104388, 132.89472808024982, 122.24490373722902, 115.91361559983032], [32.40659363381215, 26.170560703486597, 19.09715440432381, 18.739742435953087, 23.425913684142806, 30.401641806914018, 35.792586923967676, 72.49955840821929, 78.49516960848388, 86.63190321916791, 94.84319538057169, 100.4929252007067, 95.00895053810936, 87.10253864119024, 79.63222393005127, 39.6729956150547, 31.589906587295967, 22.5941281778775, 12.226064473597427, 4.491383800038134, 0.0, 11.84435516626735, 20.644760470507137, 30.00793454778994, 37.936902828764055, 74.77463339143961, 81.48176973885789, 88.9065439945167, 95.34557957476092, 100.12649915765488, 99.19034886320624, 94.46579517230595, 88.6901523093167, 81.86125832148906, 76.9444770980451, 49.99502968581245, 59.80141137982583, 68.55000766128332, 65.55476040156191, 75.09241272608045, 81.50311504062776, 87.33536457419422, 90.60565000255176, 88.98130578545121, 82.20859689999259, 73.02259387157557, 66.81473312798396, 84.0081831540263, 84.52570510024657, 86.2919652680515, 92.6457866492215, 95.42192412279245, 100.53486210280164, 108.0666799737116, 108.76323901015712, 107.00927046001821, 103.2748756629278, 97.91127231366814, 92.5569246310017, 87.45024379455313, 89.77783128606593, 95.83438755517226, 99.79845663910966, 105.23938049532678, 100.4418790968856, 96.47183219901927, 90.449170673414, 27.58463237924642, 36.582344771964856, 54.39468452331177, 70.42427860390033, 88.13701485557282, 102.30108536925009, 119.35778052638469, 126.33230510356356, 141.83092024928658, 143.66656594011025, 144.243904343229, 135.63159748349298, 131.60603426374792, 121.78226782526315, 116.36000140255263], [23.84657047753186, 16.714782350331124, 11.895135026529292, 18.050516745033008, 18.870273778573672, 23.646069705042866, 28.631633582482188, 64.84554849777513, 70.78860589820388, 78.79679208710105, 87.36460672929002, 93.7632448930021, 87.74017435028641, 79.57917216342868, 72.1845898958654, 28.81099994394455, 20.652091298550204, 12.06388304474484, 6.625505681033033, 13.6637875462768, 11.84435516626735, 0.0, 9.18290710752635, 19.142733268128584, 27.634901178962696, 65.65273478339755, 72.64232591727847, 80.58031860095232, 87.65236205735539, 93.01705413386378, 91.68926457548834, 86.51957355323415, 80.45148045557386, 73.36894770664865, 68.3177399767967, 40.577586533111344, 50.17066019166634, 59.28810145750363, 58.7783007585329, 68.44038335689116, 74.07553132963555, 79.48325892835618, 83.12478540588916, 81.4543967585516, 72.73623926174047, 63.560017787877214, 57.56242853697577, 80.08416103588766, 78.88383549081784, 79.93579288599565, 85.80920685952361, 88.36343313663816, 93.68949608589946, 102.03053517269943, 102.75115105074013, 101.15560739547502, 97.83707058660043, 92.87883494676846, 87.84605684659978, 82.59075415001382, 83.95812311281715, 89.52494967841113, 93.29741082450792, 98.98044382789102, 94.04215800217638, 90.27690602942477, 84.7537922007884, 38.272360502068516, 47.40915650418126, 62.77004126220212, 76.49258961845767, 92.737619440325, 105.37510357374853, 121.82411030109209, 123.4277563123737, 139.57863439843177, 141.04694932127228, 141.92465481520756, 133.0263484760373, 128.21491615687128, 117.9622670568157, 111.59505426698094], [16.786500226841095, 9.781302674341747, 10.830997373726483, 20.882683366871248, 18.2357754415537, 19.353623860244422, 22.794079215720032, 57.22540459542962, 63.09558332369678, 70.99308506563291, 79.72643312035207, 86.5376068158293, 80.20248642652176, 71.92991579148654, 64.63245892350214, 19.872366783762853, 12.581611037614739, 7.501644205170624, 12.671156415269008, 22.270522488968165, 20.644760470507137, 9.18290710752635, 0.0, 10.128894855529351, 18.808444919296917, 57.269737460602535, 64.41758785345138, 72.65989526697581, 80.08231448750125, 85.77240312452783, 84.13791949973583, 78.7117002043913, 72.4716498881217, 65.25977816560922, 60.141468794584625, 32.20606477564673, 42.028739016243726, 51.794830051461766, 53.194902010795225, 62.8398704425253, 67.78455253391724, 72.65125301849253, 76.17336549896721, 74.22534046322949, 64.50682093460954, 55.082576527492854, 49.049294200401306, 76.71323057341837, 74.16721174494063, 74.56660084879321, 79.8201025645647, 82.0249230577134, 87.27939068253295, 95.92924910600914, 96.9255447008864, 95.61876144773065, 92.8030429214468, 88.39672356999768, 83.72917176884647, 78.40091468094296, 78.9436245353425, 83.8921542700426, 87.31759436592847, 92.88105761557786, 88.13158799407, 84.71968680414844, 79.81874384261062, 46.38979899047609, 54.748044276945535, 68.37543829412232, 80.2619650442034, 95.42659334076188, 106.78232962498066, 122.4364553582014, 120.11545414207781, 135.79387813980114, 136.77931581255305, 137.62965774392066, 128.43083612640172, 123.02261552753835, 112.55997224521079, 105.83289953550543], [10.931388965321336, 8.368764340423503, 16.498822363251772, 26.90324498052943, 21.969775457965245, 18.461094045950663, 18.262004495378402, 48.057673503390184, 53.728964005899854, 61.48100940167085, 70.32796638833562, 77.49336910694386, 70.94151253646909, 62.62944994365586, 55.46134022922505, 10.281006414591623, 7.623415159587071, 12.29994684730942, 21.650086403178804, 31.446866324398393, 30.00793454778994, 19.142733268128584, 10.128894855529351, 0.0, 8.78249429959229, 47.38665912008588, 54.645502301060986, 63.11525171723514, 70.79085074975593, 76.72696761556524, 74.80680337953224, 69.18564438001962, 62.81847492870755, 55.52277815606496, 50.364678469867364, 22.949834345164632, 33.86496268534063, 44.85433435105996, 48.39871082589251, 57.84179550469302, 61.901780923028916, 65.90734851884419, 68.82383099673596, 66.24150589595384, 55.91352058109999, 45.77729616045589, 39.21577491619573, 74.15039584867353, 70.17992319511106, 69.77477562324135, 74.07721531677632, 75.69921235997516, 80.6131961156474, 89.26520450351305, 90.85197053373233, 90.03899656006531, 87.95936724599122, 84.38822926426421, 80.23208622529187, 74.88278453796391, 74.4620648565314, 78.48321885791547, 81.31271920674534, 86.41102252074143, 82.19373480728382, 79.37929071062987, 75.40387707909699, 54.614677740364236, 62.1438820400253, 74.248891727277, 84.31962613320015, 98.45324253639362, 108.44772491388267, 123.00891707681158, 116.85783311138947, 131.0506553283168, 131.2817909821549, 131.7670641878132, 122.06323913337425, 115.88712375401902, 105.1003161928404, 98.07963062822031], [10.397467122764755, 13.694693475721575, 23.106656322589163, 32.697529543786835, 26.798836189815013, 20.500284575445775, 16.69069785226915, 39.68836575950509, 45.28946786030025, 52.989640066575056, 61.882790928847015, 69.2256876348829, 62.4889715458708, 54.14183321210782, 47.07449909685738, 6.313082649000329, 12.657084621056185, 20.359722296018923, 29.983576042983046, 39.37583177839118, 37.936902828764055, 27.634901178962696, 18.808444919296917, 8.78249429959229, 0.0, 38.98982874877294, 46.36127392245504, 55.02615485089423, 62.844346445769666, 68.91402645379941, 66.670862330742, 60.911917730154535, 54.42038990416787, 47.05106180461916, 41.836505228783516, 14.961820191401745, 27.372927400109802, 39.53543115679703, 44.63085228687227, 53.6815049437712, 56.942263311747084, 60.081101342762125, 62.197236082063434, 58.943951349837796, 48.596927484270815, 37.65995871608457, 30.47365586560538, 71.79547888107435, 66.7451964958726, 65.65610458138107, 69.018862471627, 70.05410626748717, 74.52160856863827, 82.95971428954927, 85.15784410761482, 84.83461206631401, 83.44855319947145, 80.6896829088432, 77.0257454494457, 71.72315809414543, 70.50637157187784, 73.62429284389117, 75.8444287905555, 80.36718397130768, 76.768404718129, 74.5604795433597, 71.48237651267833, 61.66679815877162, 67.96935223310673, 78.59400280132269, 87.03349647602603, 100.2192551432904, 109.00915802061401, 122.51119758147806, 113.36953224665909, 125.93784087088638, 125.50132548321764, 125.64608003803434, 115.57782044352834, 108.87340108979343, 98.06076590393025, 91.23927288925292], [45.4172071642204, 51.81898158652385, 61.10413453007607, 69.21360985097317, 63.10696399827497, 54.836521563115404, 47.08236374539007, 20.033629892632067, 16.59744014676824, 18.932581126500768, 27.55898966384394, 37.242645107056426, 31.137253261646205, 25.158272083750468, 22.08920136601876, 38.631692955086265, 47.56130511190211, 56.63507030158509, 66.52149055702829, 75.43795471890942, 74.77463339143961, 65.65273478339755, 57.269737460602535, 47.38665912008588, 38.98982874877294, 0.0, 7.660753400643764, 17.1447667803181, 25.971268875552678, 33.14814219373409, 29.810907656366744, 23.303286648626734, 16.741124787111676, 9.824453894092741, 6.428829145265336, 31.39807190632043, 37.59343683718254, 48.09730834099367, 58.4347980045608, 63.31324532707369, 61.96402835662039, 59.57680578168264, 56.04579034786042, 48.3169706126973, 40.82911242246842, 28.25948040130864, 17.184203304366832, 85.40518790173385, 76.84021666975364, 72.89973052992734, 70.970