{
	"dissimilarities": [[0.0, 9.170270461979241, 15.938934044363792, 24.995631313326275, 18.658973554219266, 11.22587912901707, 6.469227804285841, 41.368895804081895, 46.28559388901174, 55.86697303639214, 64.16495470255228, 70.33670451863478, 64.79209292793087, 56.36741946348712, 47.908885726934805, 17.83369319909583, 19.58015067977499, 22.387691349655885, 27.850032404436767, 33.98092453782034, 31.489970782493117, 25.173628448437128, 18.43383918142789, 12.464957152482635, 12.116202186094538, 45.06466359302653, 53.1241643020542, 61.425894210761314, 68.686608920808, 74.9640691649201, 72.48625896933417, 67.24393540919752, 58.82677604333905, 51.402259939330335, 46.480456253279335, 17.348732921058357, 24.37120406587814, 34.703015276068534, 37.56102840309267, 47.63203214871808, 53.12780905650476, 57.39813545628329, 59.06473321683396, 55.57276546281401, 47.429809739818296, 37.18006688569897, 33.49363508753415, 64.73941842210643, 61.37027958947493, 61.55915176770487, 65.82912331736568, 66.77705753890848, 71.42031257173475, 79.5267981356608, 80.52456050950316, 79.53170561304704, 76.64531206724125, 73.30481182877166, 69.63416360814249, 64.98454330841618, 65.16778913670451, 68.8032804852201, 71.67153682247894, 76.91640819040978, 72.47160967055763, 69.5911612981672, 65.63250015684096, 60.142037813180636, 65.00206234294215, 77.55437045509579, 91.6889805350777, 88.754939626784, 95.49442563744668, 100.80939872142879, 103.31821788281268, 111.75037102421317, 116.33772564926583, 118.68845306963834, 118.00142754517782, 101.6060160904899, 97.44335590215391, 92.06794612208729], [9.170270461979241, 0.0, 7.803327462492273, 19.186485857592213, 14.360498872023388, 10.777635670883944, 13.059345517711977, 50.15932919459944, 54.71197895579127, 64.03993629971777, 72.6302181349138, 79.1597798946509, 73.59946992250201, 65.12787436656188, 56.72145142473766, 18.6679460086416, 16.03122336258634, 15.595510836224571, 19.949741462058324, 26.506532728846597, 23.688527734721486, 16.649286756707088, 10.246517639608346, 9.137706824658414, 14.919571465571822, 51.91282890598694, 60.15474028471294, 68.61021004985376, 76.13521108583433, 82.7656446433493, 80.50462532517408, 75.02621433239464, 66.4995132697394, 59.091958630627744, 54.015171546859634, 23.94440906784573, 30.277507947033914, 39.4718254164452, 42.11875109924884, 52.47264590755398, 58.204339342784934, 63.150134775198616, 66.16998443734221, 63.51601832647683, 53.80081575637727, 44.73732214541722, 41.15885130130628, 68.11168552053807, 65.44381423156763, 66.34719960902424, 71.25253805122506, 72.891340344912, 78.07010147431295, 86.9126435785784, 87.17337214395641, 85.55849657956516, 82.03928992150385, 77.8992959184927, 73.66273804226526, 68.79012139524855, 69.91735745136305, 74.26084985871728, 77.86192527397343, 83.91417189132108, 78.6545718459123, 75.053017965753, 70.31083059136455, 54.7827660455526, 61.73998236208628, 76.20136953499413, 91.94007820135525, 89.51598838926077, 97.44350269124602, 103.92910061069848, 108.48908564947648, 119.11898237521922, 124.41022949081699, 127.19657565155737, 126.59698808542629, 110.67371480976438, 106.06280051793564, 99.71852634475003], [15.938934044363792, 7.803327462492273, 0.0, 12.181734737997452, 9.914204808948673, 12.070139404246914, 17.942692465796043, 57.30705179442462, 62.113800782428946, 71.55999994599424, 79.98925217248213, 86.18686692792834, 80.72393708820033, 72.30277148114685, 63.84491356534651, 25.71195557683441, 21.030139036036026, 16.902191405055206, 16.883540553758294, 21.337775951147997, 17.70413337971246, 12.807421866147143, 10.862426174607268, 15.598216197400621, 22.571400758202696, 59.68948776838461, 67.88930049361406, 76.23961111338768, 83.60079323407199, 90.03384409469668, 87.89621469337506, 82.56991764260164, 74.14775907973727, 66.76028453944572, 61.72352115309626, 31.51314347667121, 36.58126287988681, 44.35909950502834, 45.28683416187911, 55.50658182493595, 61.9491964203871, 67.60265414971214, 71.12176894377168, 69.19361758571038, 59.996319452304455, 51.80345500643024, 48.768181440296914, 68.49808493969955, 67.18454217752547, 69.19111715990785, 74.62214728147164, 76.89897023916627, 82.24956898437611, 91.16232580500328, 90.8829209097367, 88.76625356955614, 84.65593402573934, 79.78948401623666, 74.84166557153448, 69.6939972387355, 72.34097301178872, 77.37146696505339, 81.55170625744756, 87.95350895376849, 82.28310444108108, 78.10097167692936, 72.56260257422089, 49.612791073634284, 55.957880510162795, 70.9207551903558, 87.59255632171164, 85.69067499940824, 94.77355266756364, 102.41207332331322, 110.09259343816777, 122.13439552112737, 127.98827250239535, 131.13339247782906, 130.71632585068608, 116.18227955466172, 112.02378140612039, 106.28428417888881], [24.995631313326275, 19.186485857592213, 12.181734737997452, 0.0, 9.526506115825411, 17.581860552152037, 24.636654468936438, 65.021801478684, 70.47672641846778, 80.24689323487873, 88.05735154700606, 93.23008362825807, 88.08411816455337, 79.91744402044314, 71.41274883489183, 37.66250771320457, 32.77030585682477, 27.011495799800763, 22.310213996605434, 20.832659102664113, 16.57947980148361, 18.986973913565322, 21.828610178187596, 27.608409570982694, 34.05186431155726, 69.9042524520987, 77.85234636631046, 85.81317664358926, 92.57114239736265, 98.26104131232985, 96.26097775080127, 91.48576029230196, 83.43499703445072, 76.12813332420777, 71.31678982295095, 41.715951904054485, 45.3388220687423, 51.4451949517786, 49.17694901443034, 58.68256968620819, 66.34367707816952, 72.77818747658984, 76.00682102619533, 74.80121386641667, 68.08894464940407, 60.55741766791457, 58.30357394187561, 66.93299611114959, 68.10641737557427, 71.8500948223586, 77.74217262120288, 80.69162252892258, 85.82130805916327, 94.026450839067, 93.33253104528463, 90.76630154036691, 86.01815525212632, 80.37777743722623, 74.40937312233577, 68.88953482226489, 74.06088399373441, 79.8536063749199, 84.52399629255878, 90.79355856496588, 85.11994972713188, 80.43076817980683, 73.96168027988851, 43.664635255822034, 45.24292579315245, 59.35323392556988, 76.7465969730113, 75.87324452471023, 86.72874062945695, 95.99542207922049, 109.15104091090302, 121.88510318661461, 128.1607031761795, 131.49961165011146, 131.28750171099026, 119.50292100018757, 116.60059806282854, 112.98341695448049], [18.658973554219266, 14.360498872023388, 9.914204808948673, 9.526506115825411, 0.0, 8.887980471770794, 16.99541460684231, 58.04653281010473, 63.75914930569132, 73.61679220598387, 81.47087404284508, 86.74555534345377, 81.1546159329533, 72.75080861801658, 64.31876640960014, 32.58471283531719, 29.875050098379333, 26.78520146649603, 25.870577088844964, 27.746013624118277, 23.53925013875005, 21.797438304021163, 20.628095303697044, 23.2950690586581, 28.190066378784852, 63.47205760020868, 71.60613087518936, 79.9509576784072, 87.05230046771553, 92.94074264158225, 90.40055432696148, 85.42035521797729, 77.04491585003473, 69.57722211212679, 64.70972490030839, 34.17353292405718, 36.339569186965676, 41.94631160649775, 39.904101608967096, 49.62073337890397, 57.02956885509582, 63.36973459707226, 66.88785155123249, 65.94299697160473, 58.79352191909789, 52.004466971944886, 50.763764106667395, 59.905310869368286, 59.85895145150083, 62.980651782027316, 68.76213436818131, 71.59371442292758, 76.88088058192092, 85.563724280034, 84.76532892305643, 82.24001078686788, 77.66636628739077, 72.30793165669564, 66.79993844698969, 61.45025614979964, 65.51544879780629, 71.0783376377627, 75.67612860942063, 82.18923895369845, 76.3153714742065, 71.70871579101562, 65.53722469690622, 52.67812368637701, 53.25460222596962, 64.40203373126347, 79.70908757067929, 76.41839513531497, 84.98464074162787, 92.66747423046853, 101.92360620543063, 115.05900557499496, 121.75171556742484, 125.99014189245895, 126.53143173213371, 113.88014749314405, 112.1111767800005, 109.01977083502445], [11.22587912901707, 10.777635670883944, 12.070139404246914, 17.581860552152037, 8.887980471770794, 0.0, 8.545713631376726, 49.49148600594626, 55.198189019910224, 65.04311147627986, 72.96236961419102, 78.43890003125206, 72.65853427036724, 64.1496762460076, 55.748302286094344, 26.526402264487245, 26.28662340662726, 26.137165720638155, 28.542137015640737, 32.688982911102904, 29.02867390243411, 24.701692763126783, 20.245503949131695, 18.79461609069547, 21.314188345183474, 55.06333044263601, 63.212202745342424, 71.67724817228242, 78.91517577561197, 84.92101115127595, 82.12739875205779, 77.03583876708947, 68.53735255658145, 61.02444299884384, 56.15688399314054, 25.636503025914028, 27.915452393063703, 34.68664749700626, 34.124362288664166, 44.199158628035526, 50.991476559280805, 56.672159394181634, 59.66039867945417, 58.05332481565401, 50.60890473971973, 43.18091983908934, 41.95998475384892, 57.84299350983536, 56.10626921557149, 57.97585679850186, 63.216495588585154, 65.3773795310988, 70.51418809933811, 79.19501339445202, 78.9501377785497, 76.95612347123637, 73.01907333171776, 68.47543031498678, 63.78776028924502, 58.73832679208709, 61.00336188299628, 65.82783991544319, 69.8191213722957, 76.0070717826991, 70.52853439230006, 66.53161794212818, 61.22340019440681, 58.59853591578445, 59.925465552054874, 70.32487644868884, 84.29860446533414, 80.16969227806355, 87.10558197532413, 93.25599736602186, 98.58525274721428, 110.25346305531185, 116.45063289569003, 120.50178279085286, 121.02144558911844, 106.94455081638858, 105.12286592419565, 101.82897134516922], [6.469227804285841, 13.059345517711977, 17.942692465796043, 24.636654468936438, 16.99541460684231, 8.545713631376726, 0.0, 41.077460031938834, 46.799604984636936, 56.69527436828837, 64.51167710455222, 69.96394551340104, 64.27282511672742, 55.82923380127082, 47.38485608430742, 23.391688906826243, 25.694576337551588, 27.965543848535933, 32.29720789575441, 37.314918172653464, 34.32853408296523, 29.16822444169912, 23.228385741100155, 18.266748493790594, 17.377828895226383, 47.41739395650952, 55.352076857880434, 63.61491373407895, 70.65658118236273, 76.50284212696357, 73.67805557515003, 68.70728149621658, 60.34163689448415, 52.88594569249367, 48.1401424019865, 19.158699777338363, 22.948141878562936, 31.716035107360646, 32.55856906877357, 42.467548052123774, 48.62047720541437, 53.31495418660308, 54.87549879686265, 52.00399611348075, 45.42600793367633, 36.26443179015309, 34.30946381798296, 58.56815850790317, 55.67510841723863, 56.38275309375772, 60.81810734979518, 62.04429341269138, 66.64098658487424, 74.62922588091881, 75.3551990648833, 74.16362970294712, 71.05775591522475, 67.52810840922248, 63.63229439394935, 58.895738624649134, 59.67161435533585, 63.55229267212627, 66.61778177869539, 71.9128553760246, 67.36889866327446, 64.28745220269373, 60.038304104155976, 62.4255744489743, 64.1366627394399, 74.28806761376383, 87.29025913897915, 83.33695688447413, 89.4008618839696, 94.4298803397095, 97.25305598095892, 106.22311822941253, 111.3563482716955, 114.49593464854061, 114.51739224006275, 99.26726578137271, 96.92257967718018, 93.53772353786887], [41.368895804081895, 50.15932919459944, 57.30705179442462, 65.021801478684, 58.04653281010473, 49.49148600594626, 41.077460031938834, 0.0, 7.662399082163367, 17.33132566694126, 23.7378023396619, 29.51942444086654, 23.453369179779994, 15.094378384422493, 6.6582276937571, 42.46249636096199, 51.01352452176609, 58.55447533617117, 66.42186616061345, 72.98650191344991, 71.4995064152532, 64.95448851078572, 57.325159804268154, 47.960575093467185, 39.75349365377958, 20.695695467088175, 23.575030315247066, 29.082757918753543, 34.3829735582013, 38.98231599283578, 34.63018119335515, 30.441324917852274, 23.28302948853379, 17.413389280220354, 15.875846833290217, 29.727658372966296, 32.42401137982619, 40.274949724588716, 46.336360621923376, 50.63320709824, 50.95973685919799, 48.93222042136153, 42.62148058574247, 32.73141783654477, 33.880100440778406, 19.81742908707822, 15.484753772092795, 72.77094408510811, 65.08188619885097, 60.09764592796022, 59.508905516550435, 55.641712814454976, 56.48747778587134, 59.76824944811218, 65.46555326061323, 68.59155289981994, 70.24701332753006, 72.18386322567224, 72.84104261823897, 70.58751998601507, 64.0192466914056, 62.41820972657148, 60.155791627688934, 59.99177050988988, 61.01143842172634, 63.19519534567469, 65.06257222870704, 94.59283166470262, 96.93833256755399, 104.44875208085864, 112.48689263958252, 107.82830746699015, 108.86730717777844, 108.18047558687002, 96.64484098266335, 92.60697372184133, 92.31888529378726, 91.49777121211812, 89.74973068846411, 66.57309274000234, 62.454622006814795, 59.071037934594706], [46.28559388901174, 54.71197895579127, 62.113800782428946, 70.47672641846778, 63.75914930569132, 55.198189019910224, 46.799604984636936, 7.662399082163367, 0.0, 10.122685649598084, 18.003931550255682, 25.8353761885072, 20.14427747877258, 12.700057475854312, 7.639165019714261, 44.84907548020806, 53.50932796535447, 61.50115777219635, 69.84211668487526, 76.81802935819657, 75.66110889942689, 68.72542471624551, 60.98023339628182, 51.452969452640154, 43.087679432600325, 15.992037849005671, 16.693290786385827, 21.47596079219791, 27.009689607815233, 32.329623970924224, 27.912120152421004, 23.092823380088888, 15.66311199380902, 10.155873036589863, 10.128424739672056, 33.6534342192391, 37.420184079386594, 45.59900021286771, 52.907027249214266, 57.13359906974982, 56.69151517927657, 54.00196691840152, 47.73689479028135, 37.55069888437896, 37.33195155829924, 23.63338739081332, 17.65322120107019, 79.94421968671658, 71.74781452049811, 66.18653431674971, 65.22145279995068, 60.94047461369274, 61.57902894085053, 64.58375465479537, 70.6673740157694, 74.16402295044264, 76.26678035804291, 78.616502113238, 79.67526246486595, 77.61880815268506, 70.33468581762831, 68.2881216184107, 65.61700162970611, 65.09840462391168, 66.50031705107504, 69.09753969083522, 71.47532358510624, 98.33819919844133, 102.40331724095176, 111.06257821479745, 119.50738310158243, 115.32696086403446, 116.4642882304588, 115.60987375834804, 102.72973618694341, 97.42283909409545, 96.18651875600717, 94.29618264043285, 91.73062159223839, 66.60299154403684, 60.01563195106405, 53.83277592916238], [55.86697303639214, 64.03993629971777, 71.55999994599424, 80.24689323487873, 73.61679220598387, 65.04311147627986, 56.69527436828837, 17.33132566694126, 10.122685649598084, 0.0, 9.866228206465273, 20.14250937941313, 15.430651606651065, 11.876854390672134, 13.913074236020483, 52.72052158644126, 61.425413817218725, 69.73305042785003, 78.39482902796051, 85.62541484542547, 84.69955254622336, 77.52075839112206, 69.70887232859643, 60.112966825650275, 51.69090855777749, 18.041973969504472, 13.556613574661666, 14.274204367804218, 18.672173724629946, 24.123289440099516, 18.857256653104763, 13.568693403604453, 7.27041990267488, 7.697012915554581, 12.35064528348677, 42.54070304972716, 46.103690491635845, 53.56997450656692, 61.53406649100865, 64.99583754246018, 63.498346197814485, 59.748137159278016, 52.890675335309126, 42.40850556288297, 42.62079463556031, 30.88189363839195, 25.67491821738751, 88.11676948993042, 79.29347564261187, 72.93689356047565, 71.18487759649398, 66.19049739910518, 66.16906974105162, 68.23156580392533, 75.00523413857579, 79.18962214673319, 82.11555248175497, 85.30732368231874, 87.1090817640378, 85.49350056202182, 77.15558908169838, 74.25783761247521, 70.76333627001729, 69.32186045864202, 71.64354456977708, 75.06473671939952, 78.39859841117003, 106.79453366567257, 111.74397161886817, 120.63985377360166, 128.73907930583763, 124.6248082890138, 125.18699695870771, 123.5599025685506, 108.08518804725428, 100.44261557873244, 97.88615504978813, 94.85540416964163, 91.63284494741735, 64.2137332073187, 55.788858623801126, 47.52539087428036], [64.16495470255228, 72.6302181349138, 79.98925217248213, 88.05735154700606, 81.47087404284508, 72.96236961419102, 64.51167710455222, 23.7378023396619, 18.003931550255682, 9.866228206465273, 0.0, 10.958991472959957, 8.628483307424315, 12.066385586890343, 18.402721046466418, 62.21898256586679, 70.81121374855518, 78.87746156870278, 87.19750049887574, 94.00625454095605, 93.08249749375985, 86.32913933145804, 78.70907638705128, 69.2272480455078, 60.88084602675437, 27.798153432496086, 22.153642484153657, 18.84221150772058, 18.156404237559098, 19.568586132892634, 13.29700197884722, 12.103534457915341, 13.37472733267486, 17.374048623127226, 22.215777237990054, 51.500192092616594, 54.21819297719589, 60.63342753983602, 67.51081646568183, 69.86028858265718, 68.0609614569068, 63.62188101871324, 55.147317303832196, 44.33602021556941, 48.4085548894538, 38.27586597429861, 34.635407713296026, 91.79021013233336, 83.13449605215077, 76.58710605322672, 74.0441984243974, 68.41951564979698, 67.25173637099361, 67.27198008550212, 75.05241658335585, 80.06180178330602, 83.80679706000312, 87.86713792373514, 90.1960699552491, 88.97059229276411, 80.36329564050908, 76.70026252807072, 72.27270967078155, 69.24000606567186, 73.06317829560622, 77.4077651121759, 81.56645291824104, 113.92749083924836, 117.52728825858233, 125.09769129103965, 131.84945222329486, 127.74687144349457, 127.48306342198431, 124.91331540903023, 108.11851526545738, 96.87525418962721, 92.65155270059859, 88.22529812485709, 84.45144668944988, 55.81370632454092, 47.55749466598871, 41.7243162466045], [70.33670451863478, 79.1597798946509, 86.18686692792834, 93.23008362825807, 86.74555534345377, 78.43890003125206, 69.96394551340104, 29.51942444086654, 25.8353761885072, 20.14250937941313, 10.958991472959957, 0.0, 8.012661410030313, 16.483246273246724, 23.554194074764077, 70.56051678953966, 78.94054607334851, 86.51937782707537, 94.20796943097179, 100.30983913457125, 99.286293556067, 93.24262013247711, 85.95327382970068, 76.7217829475534, 68.57402866304068, 38.12876515921124, 32.95717359587868, 28.983768910567083, 25.635508451992308, 22.634974378871497, 17.646526312277047, 20.736782562241352, 24.237156579526175, 27.813779297618474, 32.24348073227892, 58.96868058936065, 60.81973008190563, 66.24393387097801, 71.32356377112842, 72.60436024355718, 71.0301315844241, 66.35008013090263, 56.17959556253386, 45.349658502753314, 53.996861378853865, 45.00320527339202, 42.74086477432806, 92.44601072261742, 84.50543264060678, 78.2533816714445, 75.12969298185253, 69.13876087371814, 66.77453092430704, 64.37986827918022, 73.13003978382152, 78.84764561055209, 83.20521080379105, 87.9279314687759, 90.50846324299125, 89.56630586368037, 81.33137400342248, 77.1672811164304, 71.98738551720876, 67.26336664257128, 72.64128086482391, 77.7279358666973, 82.40203357948805, 118.65693271431378, 119.95806114975412, 125.5531805489447, 130.59560015786008, 126.54422728359403, 125.49844108231282, 122.09475937022961, 105.24260399622528, 90.13579909627518, 84.18365895961274, 78.24544024194856, 73.98355167050107, 44.90164493022599, 38.60783433657664, 39.14431355410772], [64.79209292793087, 73.59946992250201, 80.72393708820033, 88.08411816455337, 81.1546159329533, 72.65853427036724, 64.27282511672742, 23.453369179779994, 20.14427747877258, 15.430651606651065, 8.628483307424315, 8.012661410030313, 0.0, 9.025010503908074, 17.021036684217385, 64.8191745763746, 73.54838739271997, 81.38388858281179, 89.37766327464125, 95.82890234116257, 94.56525347670485, 88.15061239001948, 80.55322533081882, 71.10632861698208, 62.75427805186258, 32.89022976409125, 28.819415370916914, 27.1298640547995, 26.650860177025095, 26.589361476138425, 20.560670412623296, 20.65157900343981, 20.876293744935573, 22.925675561327505, 26.855553565023623, 52.570714971181935, 53.60378859931823, 58.615989545581, 64.14448907924634, 65.45199604516634, 63.59269139236731, 58.88127395281121, 49.24401499092426, 38.378875003483614, 46.00546504778876, 37.36477625689936, 35.971029927562405, 86.23455902113331, 77.76333945352, 71.23933798149162, 68.25494494019426, 62.366059960693406, 60.52349452952923, 59.47336138796558, 67.6613812420113, 73.01146012504506, 77.10599519825355, 81.60582143805667, 84.22272304627676, 83.2769397804077, 74.61189980891116, 70.55880631035076, 65.6690348747118, 61.8098792171084, 66.39057016748717, 71.18624080656559, 75.75859659484009, 115.68387897746426, 117.01957848280654, 122.5475473556264, 127.91887022318876, 122.90159645733571, 121.56154234584768, 118.1875645673532, 100.44543802878376, 88.28388674223545, 84.1716526558001, 80.56498230969633, 77.85505297367524, 49.98570024471817, 46.220650469764706, 45.99232362408062], [56.36741946348712, 65.12787436656188, 72.30277148114685, 79.91744402044314, 72.75080861801658, 64.1496762460076, 55.82923380127082, 15.094378384422493, 12.700057475854312, 11.876854390672134, 12.066385586890343, 16.483246273246724, 9.025010503908074, 0.0, 8.522098302063934, 56.4257603277414, 65.30547479430493, 73.21841960578539, 81.34848527171954, 88.01098297264195, 86.58098729001101, 79.93871529125532, 72.17668818960699, 62.641689470555164, 54.21576197346404, 26.482608046446725, 24.51718638093215, 25.990449428370127, 28.576524427419947, 31.1243452130894, 25.249721959671632, 22.705402074294543, 18.835326855171346, 17.772905327742734, 20.37483871485058, 43.74363354534597, 44.597390288369674, 49.974349862380265, 55.967387895626985, 57.97688007588629, 56.427817943887256, 52.28311502722128, 43.67573616820476, 32.79212022379389, 38.28432010279908, 28.52195904928273, 27.207213550460786, 79.73717902966683, 71.1129442044106, 64.75639605031196, 62.416090104387706, 57.03871694005743, 56.17384796837506, 57.018820123529984, 64.29029317555069, 68.89301925206206, 72.24584179444817, 76.00644905129744, 78.17739235569216, 76.9104922333337, 68.45975397221812, 65.04553283958222, 60.94689563272834, 58.50745002391779, 61.74753410773795, 65.7536533603262, 69.63286946503412, 109.01151921960573, 110.6451591333978, 116.63393144853423, 122.82162929181025, 117.41973189014594, 116.51730036122638, 113.82097509064293, 97.15117301443699, 88.56955834920117, 86.34957036235345, 84.53420323043272, 82.73058578286025, 56.613331868573106, 53.5315389669229, 51.99394635393227], [47.908885726934805, 56.72145142473766, 63.84491356534651, 71.41274883489183, 64.31876640960014, 55.748302286094344, 47.38485608430742, 6.6582276937571, 7.639165019714261, 13.913074236020483, 18.402721046466418, 23.554194074764077, 17.021036684217385, 8.522098302063934, 0.0, 48.747693150015806, 57.45808228624081, 65.13586716541606, 73.07361732215661, 79.6273226223781, 78.13584253412978, 71.60090246305187, 63.92719000393885, 54.50032213982652, 46.20014933764101, 22.90187341976638, 23.592010242957507, 27.504931177191263, 31.735632815989696, 35.466183267731445, 30.44982019964553, 26.905553348212372, 20.84633048851538, 16.694897951451665, 17.11102734651923, 35.86755500078369, 37.42285165752565, 43.941677953813674, 49.8258363294226, 52.968583555100125, 52.45518396539008, 49.43655729624806, 41.87679170828033, 31.314051741159737, 34.930233297130826, 22.79995537382045, 20.351456523024144, 74.92076732965785, 66.81144351548298, 61.19860205109939, 59.788228261502674, 55.20375909556389, 55.248481565393966, 57.41675961413394, 63.861439987664504, 67.66948308182498, 70.09641119194468, 72.88082605608317, 74.22974844295292, 72.42825409146826, 64.9989522467992, 62.553906416409646, 59.43129904233703, 58.20791667193563, 60.26214168644811, 63.29672373066622, 66.09756402299651, 100.89548291459963, 102.66352188894611, 109.26784110605307, 116.33376306982504, 111.26156748208902, 111.34106916342316, 109.6943187308217, 95.86200315702585, 89.79077623740294, 88.71103894740186, 87.54122130295224, 85.8473241118454, 61.538314979427774, 58.14404161412903, 55.8992990389541], [17.83369319909583, 18.6679460086416, 25.71195557683441, 37.66250771320457, 32.58471283531719, 26.526402264487245, 23.391688906826243, 42.46249636096199, 44.84907548020806, 52.72052158644126, 62.21898256586679, 70.56051678953966, 64.8191745763746, 56.4257603277414, 48.747693150015806, 0.0, 9.785380278840979, 19.098298212034805, 29.385820065487962, 38.84703179224031, 37.58051071748947, 28.03537225268632, 19.367120098722907, 10.218565505030782, 6.158461378716031, 37.50635066595248, 45.886119171755304, 54.76467974316291, 63.23619293807107, 71.14513859411119, 68.85053719484763, 62.4694157490209, 53.5859552098006, 46.426345606363384, 41.135776884387795, 15.754323930314145, 26.29365491795566, 38.06865883964368, 46.341242547445724, 56.1957519548886, 59.199986475490235, 62.035689020685794, 64.75072354249585, 60.49368917977249, 47.117836269943474, 36.49177912503086, 30.33296078693984, 77.21500645527735, 71.40166419028641, 69.51281500236716, 73.12322057331751, 73.30291771666846, 78.3014863879778, 87.46587053681812, 88.7016377155772, 88.0958189477441, 85.91760129000588, 83.343168325914, 80.86507064017174, 76.82273727531069, 74.22518735693541, 76.91072229268546, 79.25908515563823, 84.84318550248278, 80.22115654786448, 77.88263844367123, 75.0730789329332, 67.2045430348672, 78.48241931971876, 94.05251027707727, 109.19683347674844, 106.25853289811904, 112.44334580034386, 117.00090981298615, 114.56612665964863, 123.01760227669206, 127.1159038948886, 129.01633550374956, 127.75185621997117, 107.70865721785778, 100.53830625580835, 90.25894380977161], [19.58015067977499, 16.03122336258634, 21.030139036036026, 32.77030585682477, 29.875050098379333, 26.28662340662726, 25.694576337551588, 51.01352452176609, 53.50932796535447, 61.425413817218725, 70.81121374855518, 78.94054607334851, 73.54838739271997, 65.30547479430493, 57.45808228624081, 9.785380278840979, 0.0, 9.644330567143268, 20.289761072208936, 30.19267390502978, 29.359594403139077, 19.52609536443357, 11.786729110771782, 7.662151758071946, 12.63996874602382, 46.28006229240183, 54.36315907227519, 62.78240622232104, 70.88199297464321, 78.59450262873574, 76.83678883543591, 70.67231705650266, 62.13879879073736, 55.167177112439866, 49.98409163719841, 24.524622045478843, 34.27379948382615, 45.23526278689477, 52.0183431479259, 62.26013635290038, 66.1321640849229, 69.763618088651, 72.94216493122745, 69.1289181825222, 56.145990915328184, 45.93059121538977, 39.8032787122902, 81.22767084719202, 76.66604146576348, 75.84292711302363, 80.06025284421892, 80.84729723691471, 86.06378741516221, 95.29781506205693, 96.16189945149016, 95.12040405548424, 92.3569367670044, 89.0315787557768, 85.78133850650593, 81.35815963781563, 80.25109858949982, 83.67085018296818, 86.5988463753502, 92.5137433873585, 87.51791087666375, 84.59984147747721, 80.94552572124718, 59.04964183862731, 72.62088962187988, 90.34426979005495, 107.07606338050938, 105.47812381083217, 113.3367678177411, 119.30655910541267, 120.36477975611025, 129.80852834735595, 134.10249662053957, 135.73279677618473, 134.08554365923592, 115.05024596520856, 107.13319635984719, 96.36561057727624], [22.387691349655885, 15.595510836224571, 16.902191405055206, 27.011495799800763, 26.78520146649603, 26.137165720638155, 27.965543848535933, 58.55447533617117, 61.50115777219635, 69.73305042785003, 78.87746156870278, 86.51937782707537, 81.38388858281179, 73.21841960578539, 65.13586716541606, 19.098298212034805, 9.644330567143268, 0.0, 10.736138337153593, 20.861914250094554, 20.30021927511162, 10.566951048699245, 6.429351859224147, 12.18050606543952, 20.26953668383688, 55.236197869076484, 63.15803507803673, 71.23900687445682, 78.91126756938483, 86.21845991937258, 84.79260328874174, 78.9513632841531, 70.69090136272949, 63.76012076050687, 58.66578979207621, 32.351906399414126, 41.21626146373304, 51.328910291075275, 56.23380019632332, 66.64789514507501, 71.49289217612989, 75.92389542789991, 79.33434645034778, 76.01328723790384, 64.00172566875396, 54.13493934862432, 48.37448080843359, 83.13148077107998, 80.02592927079267, 80.38211016902272, 85.161029601841, 86.55157208189864, 91.88225004760278, 101.01422923826019, 101.5099338330657, 100.0425517025201, 96.69543021423071, 92.64296104139594, 88.59267979349748, 83.80294832110985, 84.35212638786287, 88.49232168068386, 91.96298621290472, 98.09594480118152, 92.81964645609051, 89.35473507779976, 84.86003798275867, 50.32644421012415, 65.12317440650128, 84.41799711183008, 102.43883796280677, 102.0848029520703, 111.52323829359983, 118.86159191306875, 123.72782438150509, 134.07034566422004, 138.64605909393066, 140.18678262392308, 138.36725336809155, 120.82758372824729, 112.90113231446885, 102.65237345026914], [27.850032404436767, 19.949741462058324, 16.883540553758294, 22.310213996605434, 25.870577088844964, 28.542137015640737, 32.29720789575441, 66.42186616061345, 69.84211668487526, 78.39482902796051, 87.19750049887574, 94.20796943097179, 89.37766327464125, 81.34848527171954, 73.07361732215661, 29.385820065487962, 20.289761072208936, 10.736138337153593, 0.0, 10.286162526830934, 10.35597582872276, 4.640968832141518, 11.761197972803199, 20.98121125415666, 29.46731427295528, 64.79771174226826, 72.53967393829298, 80.25303819660164, 87.41569854679744, 94.19049653755927, 93.07490315233696, 87.64149625466308, 79.69779235373454, 72.8151382187072, 67.84411406491306, 41.1522074514158, 49.23465970555171, 58.52493599376066, 61.38487976026551, 71.74124743773287, 77.56764880740252, 82.71009677003032, 86.08902075000978, 83.18421464292372, 72.56374659586804, 62.90062675016669, 57.476565348378195, 85.30910301983026, 83.87423077678444, 85.47212530075454, 90.72401514055427, 92.657079084247, 97.96676410640421, 106.7616675579993, 106.97176839720456, 105.1417918206256, 101.2609075288452, 96.54236880941235, 91.68290487657697, 86.54837533727903, 88.89130006976096, 93.69116538360505, 97.61396898200002, 103.78723779874618, 98.39218094234091, 94.4664271627836, 89.18699812735804, 40.42158510760741, 56.169445943607585, 77.14275827032249, 96.4811296026641, 97.70704405952236, 108.92643010443072, 117.7441163106176, 126.95492247021414, 137.86359314908128, 142.61532309562065, 143.95982108770045, 141.93577227812395, 126.2072796272143, 118.44425367235543, 109.10796227204163], [33.98092453782034, 26.506532728846597, 21.337775951147997, 20.832659102664113, 27.746013624118277, 32.688982911102904, 37.314918172653464, 72.98650191344991, 76.81802935819657, 85.62541484542547, 94.00625454095605, 100.30983913457125, 95.82890234116257, 88.01098297264195, 79.6273226223781, 38.84703179224031, 30.19267390502978, 20.861914250094554, 10.286162526830934, 0.0, 4.643709316478906, 12.177388747892957, 20.74903217706949, 29.86770309921606, 38.11480343165932, 73.1011002726857, 80.6216939297999, 87.93592660484246, 94.53870089473486, 100.70512359808436, 99.86589356352697, 94.89265965356209, 87.30889729561378, 80.50819729390201, 75.70159409827886, 49.19655606856269, 56.75721422764896, 65.46128605080982, 66.48999763251139, 76.60331018344166, 83.26250037790425, 88.89301034317356, 91.91990303626311, 89.24184761509865, 80.27681798378659, 70.59888181828373, 65.40125819265035, 87.39850585720613, 87.54546556114656, 90.21075789630169, 95.7437271980837, 98.03602192566821, 103.1619275932089, 111.37714920154542, 111.48311912784595, 109.45215362196215, 105.20944164031995, 100.037430031057, 94.51514917539176, 89.11869621775702, 93.06093852461791, 98.31942628546085, 102.49130070681244, 108.46475172239654, 103.18751779616079, 99.0006660306334, 93.15639596081927, 30.862647037746882, 46.883181227735236, 69.46947945235291, 89.9239114380307, 92.94659456852544, 105.87987546475422, 116.01979266809013, 129.41015107984268, 140.25386822228592, 144.95857379449953, 145.93121838295167, 143.64017333984637, 129.7670890173418, 122.25087138892405, 114.07061596396503], [31.489970782493117, 23.688527734721486, 17.70413337971246, 16.57947980148361, 23.53925013875005, 29.02867390243411, 34.32853408296523, 71.4995064152532, 75.66110889942689, 84.69955254622336, 93.08249749375985, 99.286293556067, 94.56525347670485, 86.58098729001101, 78.13584253412978, 37.58051071748947, 29.359594403139077, 20.30021927511162, 10.35597582872276, 4.643709316478906, 0.0, 10.326236106620701, 18.799283590320467, 28.04938250002253, 36.36397200711831, 72.33072835090644, 80.06151119312658, 87.65621083023822, 94.44315604750737, 100.64767521607111, 99.50093006298049, 94.4583638308371, 86.65299616569881, 79.67510134706045, 74.79234824623903, 47.09666045800836, 53.847617453706356, 61.99776631209099, 62.57226096472681, 72.62585454199888, 79.41108238902247, 85.24676493733477, 88.56037240222413, 86.28642814440613, 77.36108483324587, 68.26938443804798, 63.72181254987747, 83.04500572567878, 83.29326867247103, 86.14084740473118, 91.80383557241643, 94.29223497074112, 99.52855250284198, 107.9447502863361, 107.77236461612665, 105.5534056229226, 101.15264542858847, 95.821705635803, 90.21729905347183, 84.81057067606962, 88.92545230385632, 94.3381418094023, 98.69489822199836, 104.88902065440996, 99.37977179952216, 95.01041684534, 88.99653288951257, 33.75062230813854, 46.738778500039174, 67.73594345903163, 87.69925369295751, 89.73742394406219, 102.19182336011706, 112.15986212235124, 125.26863005233265, 136.92369289099517, 142.1214581172186, 143.7804320747506, 142.03723081370822, 128.4592285730273, 121.95696174365962, 114.5938872915005], [25.173628448437128, 16.649286756707088, 12.807421866147143, 18.986973913565322, 21.797438304021163, 24.701692763126783, 29.16822444169912, 64.95448851078572, 68.72542471624551, 77.52075839112206, 86.32913933145804, 93.24262013247711, 88.15061239001948, 79.93871529125532, 71.60090246305187, 28.03537225268632, 19.52609536443357, 10.566951048699245, 4.640968832141518, 12.177388747892957, 10.326236106620701, 0.0, 9.003388380338432, 18.834281109958486, 27.528399775340905, 64.08249204879205, 72.05574058724147, 80.07432165993859, 87.43385152779571, 94.24709929785126, 92.80186662295657, 87.29298289855574, 79.11016427776153, 72.0368290790709, 66.9812326541381, 38.8779238196641, 46.06920023008813, 54.80624041844973, 57.30448269748674, 67.638135005924, 73.56085958127527, 78.9104111940658, 82.62602112125023, 80.1445170052763, 69.46680558196573, 60.44360399014418, 55.74157887090455, 80.98951545607012, 79.56705921437411, 81.29913067392621, 86.68255195520882, 88.8105288958498, 94.25354326888572, 103.29328040086138, 103.21399018157857, 101.19296741654344, 97.15937680141027, 92.29263468961291, 87.37996968694608, 82.24844688870581, 84.68460938828102, 89.62952617867458, 93.7413397474368, 100.16311930842369, 94.51212138934115, 90.40088179997912, 84.96581463325907, 42.93960753189906, 56.2821728910938, 75.77359182287056, 94.57293335680642, 94.81426224154306, 105.48408969057863, 114.07138586196668, 122.83613007338485, 134.58211433626948, 139.8388794998913, 141.8904566862558, 140.42747110393657, 124.9760214589334, 118.25635000278125, 109.76629027143136], [18.43383918142789, 10.246517639608346, 10.862426174607268, 21.828610178187596, 20.628095303697044, 20.245503949131695, 23.228385741100155, 57.325159804268154, 60.98023339628182, 69.70887232859643, 78.70907638705128, 85.95327382970068, 80.55322533081882, 72.17668818960699, 63.92719000393885, 19.367120098722907, 11.786729110771782, 6.429351859224147, 11.761197972803199, 20.74903217706949, 18.799283590320467, 9.003388380338432, 0.0, 10.021032374618391, 18.815000117174804, 55.91792457453231, 64.1001055981065, 72.47432909560025, 80.20985241283152, 87.33203645123443, 85.517372283258, 79.7449454467192, 71.26622402140204, 64.06981943247804, 58.91010102635447, 30.2738366104407, 37.737451554097674, 47.063517258389695, 50.94252860400503, 61.36345576298514, 66.63155841323487, 71.49753489723098, 75.19612853156488, 72.47436110111452, 60.97306974053095, 51.89320629133546, 47.26566828276025, 77.02967019809013, 74.29443625743764, 75.09139241953488, 80.12030836264054, 81.84793374737272, 87.2960050701611, 96.57550190014675, 96.69699003716714, 94.9483437122722, 91.31951759543739, 86.97807139173477, 82.69315857086502, 77.82408635713098, 78.8774974066199, 83.32298683377395, 87.09273765802199, 93.47711078193917, 87.91916054387768, 84.15655020974607, 79.31629859783997, 50.95830758418097, 62.74659312105276, 80.33230967245, 97.76128756634769, 96.49903047601886, 105.52991217419563, 112.79955919272528, 118.02217999782869, 129.32543196193103, 134.52961459345414, 136.89567312138362, 135.75454832412635, 119.10070079391816, 112.72305235604767, 104.10069188239432], [12.464957152482635, 9.137706824658414, 15.598216197400621, 27.608409570982694, 23.2950690586581, 18.79461609069547, 18.266748493790594, 47.960575093467185, 51.452969452640154, 60.112966825650275, 69.2272480455078, 76.7217829475534, 71.10632861698208, 62.641689470555164, 54.50032213982652, 10.218565505030782, 7.662151758071946, 12.18050606543952, 20.98121125415666, 29.86770309921606, 28.04938250002253, 18.834281109958486, 10.021032374618391, 0.0, 8.803859266638353, 46.25112326265016, 54.574509415653395, 63.20526299969649, 71.18894433017388, 78.49196380804804, 76.33611942648601, 70.39528577599604, 61.70638040582787, 54.41388837511342, 49.196574833702336, 20.49885514046875, 29.147625222046255, 39.7562899226178, 45.29027331647706, 55.614669438884846, 60.0884121878531, 64.15571877568132, 67.26522512097252, 63.89194747971605, 52.05504326376254, 42.2485684548888, 37.32140938604569, 73.8653023299989, 69.72156324374335, 69.35520533401277, 73.76567465790285, 74.80643967450504, 80.01708801476205, 89.16878942200668, 89.81683007697072, 88.59870484678622, 85.62155189690068, 82.09965963146988, 78.61547334251254, 74.08767560800513, 73.52160966639845, 77.19159398742025, 80.31485736685741, 86.29032630779581, 81.19568768638636, 78.07975760499879, 74.13328305835272, 58.902066530578445, 69.15492165342576, 84.94285391235651, 100.84005549483824, 98.45527284784438, 105.85730710440852, 111.6627728220109, 113.2320712257539, 123.104367827801, 127.86030746523116, 130.15145994168378, 129.11384058873264, 111.16759159872015, 104.9699518880209, 96.33343808467572], [12.116202186094538, 14.919571465571822, 22.571400758202696, 34.05186431155726, 28.190066378784852, 21.314188345183474, 17.377828895226383, 39.75349365377958, 43.087679432600325, 51.69090855777749, 60.88084602675437, 68.57402866304068, 62.75427805186258, 54.21576197346404, 46.20014933764101, 6.158461378716031, 12.63996874602382, 20.26953668383688, 29.46731427295528, 38.11480343165932, 36.36397200711831, 27.528399775340905, 18.815000117174804, 8.803859266638353, 0.0, 37.92457327635891, 46.37513254185449, 55.24334425789608, 63.42698939505817, 70.84561883556239, 68.33441084485916, 62.264081240555, 53.382059525210764, 45.988767202064096, 40.727634133333474, 12.123834180257168, 22.540390657912145, 34.4588768009509, 41.53556541291343, 51.48824736178355, 55.112804790578345, 58.28973032580649, 60.644796512071665, 56.55074415148274, 44.62207821677072, 33.885915701151866, 28.549937233795543, 71.8772782934711, 66.51086306080704, 65.0369201089799, 68.76623354683414, 69.08660861520298, 73.97800062901341, 82.8754114541475, 84.08153053520967, 83.41682032947305, 81.10981347453348, 78.42416598430495, 75.72666859588594, 71.56765669427017, 69.49919006856449, 72.35845914145118, 74.78644681936936, 80.25756070251023, 75.7111881737781, 73.2871958798206, 70.26480237192519, 66.09983505685045, 75.04129212919005, 89.27301248941802, 103.78589767382083, 100.52582040853773, 106.5080553080813, 111.00245337921548, 109.35228830900711, 117.71645810021201, 121.99234966545359, 124.16437801047624, 123.21059635842623, 104.12620855998526, 98.16151101486761, 89.65806544201071], [45.06466359302653, 51.91282890598694, 59.68948776838461, 69.9042524520987, 63.47205760020868, 55.06333044263601, 47.41739395650952, 20.695695467088175, 15.992037849005671, 18.041973969504472, 27.798153432496086, 38.12876515921124, 32.89022976409125, 26.482608046446725, 22.90187341976638, 37.50635066595248, 46.28006229240183, 55.236197869076484, 64.79771174226826, 73.1011002726857, 72.33072835090644, 64.08249204879205, 55.91792457453231, 46.25112326265016, 37.92457327635891, 0.0, 8.74876157442995, 18.523108624965463, 27.92967355432899, 36.67056896089088, 33.22695336142128, 26.019993757262164, 16.714095931447144, 10.426523287248294, 6.214416818462454, 30.436641593440577, 36.611241055114746, 46.329625778650204, 56.73233010539801, 62.418004473652964, 61.40497606213837, 59.13218962256404, 56.04550782338005, 47.244865786228935, 39.07220243557501, 25.66139693440429, 16.35362816346342, 87.20987428559282, 78.1974569545067, 72.317369510