{
	"dissimilarities": [[0.0, 7.701174821782259, 15.989330503414017, 24.74993286438153, 18.232021293017237, 11.88974675910004, 8.92078451823549, 42.79239878184342, 48.149590127473964, 55.41387081953093, 63.93629600019193, 73.39433550254225, 65.37063021872598, 56.79597073332615, 48.259910690795365, 15.528274038449156, 16.361330352715882, 20.200166167495407, 29.883904653258917, 36.119883242814645, 32.27262759089431, 24.310918080164186, 15.83700536175356, 10.203549232889358, 9.882031593800237, 46.20641813630666, 52.51357571441752, 59.89773174734445, 69.1137120371034, 76.24977051801176, 73.58480248333679, 67.65962521748497, 58.899314122748365, 51.580784298199895, 45.43656340583079, 18.462160663467834, 24.70745950865194, 34.21437757934522, 38.50071578417784, 46.45708917249458, 53.74395307441551, 57.19007925663815, 59.71150327072342, 56.400952178302745, 44.73400737055755, 35.47544954349964, 34.26024338796741, 65.70486900280055, 61.405513716888464, 60.402026821748585, 64.66347492270263, 66.49886226447137, 71.71037490022957, 80.95356212505601, 80.67003153258885, 80.52745244976146, 77.17751771648375, 73.90699445695925, 69.94268627716895, 65.54956224150044, 64.46037397937248, 68.01192999696146, 71.92734013036075, 77.70815574920857, 72.8576288993465, 68.94581477145378, 66.47727746887398, 54.89499157646186, 64.79486706420016, 78.47835298681407, 89.00833568799925, 90.98275260304423, 99.84437165694797, 99.87056372024705, 104.83269648477933, 119.33464382620531, 123.36442487903142, 130.43004193626666, 128.44366685995135, 119.26504984344501, 111.6790540807048, 94.90166185696008], [7.701174821782259, 0.0, 9.558047693846007, 19.72272229321536, 14.307645445240142, 11.747111698716456, 13.475861835687507, 50.44373681078755, 55.5582468117819, 62.70682481897214, 71.36489009026141, 81.00532678397411, 73.01911953256379, 64.43284782071984, 55.91393832280088, 17.046389407144876, 13.318398742027549, 14.699414126842777, 23.923479576939158, 30.313020043582114, 26.023757313505786, 17.40157907349287, 9.067002078689846, 6.717745628339465, 11.997827682601423, 52.86803976776819, 59.18456651784702, 66.65875010130279, 75.96177379306266, 83.26312658967193, 80.78420909346225, 74.75010805139821, 65.92933727332579, 58.59727733005736, 52.419409914627174, 24.50894023632613, 30.556710566183295, 38.77129882331096, 42.195755152071946, 50.28044295609164, 58.06368629101784, 62.397433240517564, 66.01770037869332, 63.189887258209644, 51.65997485050985, 42.83904420116511, 41.23795304799089, 68.16206651988048, 64.57309099055954, 64.45822465440746, 69.2895879741653, 71.75239202795386, 77.44551442833738, 87.1183747004742, 86.2245224010432, 85.57515065623129, 81.55941870692503, 77.58323854775607, 73.0659374131445, 68.41787500322556, 68.18114050868807, 72.4855097510806, 77.21598224957155, 83.59712980506181, 78.12492051968958, 73.41021691973161, 70.1855297645475, 50.07334124051306, 61.58563891549902, 76.93602890651215, 88.50788114645201, 90.99158700273551, 100.61636236755214, 101.72120653909286, 108.56261829854539, 124.94922883733203, 129.66899767016446, 136.93954508630853, 135.05461443335204, 126.20440967269944, 118.6133734040365, 101.61802463559303], [15.989330503414017, 9.558047693846007, 0.0, 10.622835269963904, 7.832489862090214, 11.966688122478581, 17.518478443598802, 58.198771084369916, 63.99464920696162, 71.31093130401904, 79.6821184830229, 88.52428215905721, 80.73148127755384, 72.23899851488525, 63.66182013843618, 26.11563235970552, 19.68466577903526, 16.457068719188545, 20.05242174539639, 23.80883139560764, 19.042169735962364, 12.813669084637313, 11.099757318572557, 14.93856239707921, 21.462771120830833, 62.040590651507316, 68.24316975211234, 75.49159084903123, 84.38170771111061, 91.2584558052438, 88.95122912449233, 83.27355805958965, 74.7443936866804, 67.51180421842881, 61.39601948036619, 33.802968028853165, 38.256045601976176, 44.560413514567486, 44.94958581330935, 52.95488423359685, 61.9372289680723, 67.10127701001987, 70.90317951877296, 68.80913183116353, 58.43996489004887, 50.60847419391508, 50.22747704425761, 67.2192625034329, 65.15172754736497, 66.71054372200518, 72.21554995614757, 75.3396648741716, 81.26039093268172, 90.95767034376696, 89.30895627960193, 88.15611285910789, 83.40771994621295, 78.49457746055228, 73.07803016474898, 68.14274588262316, 69.5553222559275, 74.93355346690102, 80.47594576411113, 87.21887734701772, 81.2874603670555, 75.75099118169281, 71.3668541576918, 43.96296361106823, 53.79493060293533, 69.54281609259374, 81.9439188114943, 85.11479255356753, 95.58664909393524, 98.47378635755898, 108.83500695822006, 126.51882610065266, 132.09904509806194, 139.5725299005891, 138.0295990616309, 130.19642281568662, 123.80221551128824, 108.7326029392037], [24.74993286438153, 19.72272229321536, 10.622835269963904, 0.0, 8.594457003383694, 16.60291690738405, 22.982669980470614, 64.55642430766541, 71.23356189323437, 78.74168256836722, 86.59005816871388, 94.18442906809642, 86.75105462999623, 78.50161401505439, 69.93836641130673, 36.469065725013316, 29.57104949510414, 24.62661643493095, 22.37041734117933, 21.148276627527572, 16.965612038344975, 17.156674254167648, 20.69140547651962, 25.40774060171093, 31.701562029936525, 70.56681923868744, 76.55236917163074, 83.39586160959807, 91.61475265816301, 97.7809896768513, 95.64560316851592, 90.55307708644695, 82.52553162356742, 75.50198139599877, 69.54432224947611, 43.04544914331918, 46.074069295457484, 50.85477347366849, 47.92720555934903, 55.54640102481625, 65.67759872002637, 71.25473267124651, 74.42212679939554, 72.99471627722876, 64.21558194391767, 57.41890824900967, 58.54852483860308, 65.18665325565145, 64.9509337189523, 68.28516117143432, 74.24938752278143, 77.79311497040362, 83.58629063858432, 92.85722371213977, 90.62572782836259, 89.1629415862694, 83.91702827092935, 78.21710804176361, 71.92455151544934, 66.81217169924264, 70.0519310137118, 76.35597487332753, 82.36620566914881, 89.0695358636735, 83.04300857972858, 77.01179617191356, 71.55599699387383, 39.4613842633283, 44.417642174689384, 59.48253917301677, 72.52055390032876, 76.58717370276405, 87.8534602997386, 92.87834661514833, 107.29149669712963, 125.14617473167853, 131.35114393267182, 138.7974008506738, 137.611733814408, 131.02457804052273, 126.2774020230355, 114.08242737098016], [18.232021293017237, 14.307645445240142, 7.832489862090214, 8.594457003383694, 0.0, 8.598702263265082, 15.769751679608465, 57.77808333541913, 64.43136980986033, 71.98408918793783, 79.96695092439089, 87.92747945804508, 80.00029171874773, 71.53045301698197, 63.056400209678685, 31.271715634683332, 26.5865163807263, 24.15265697828725, 26.48569652611488, 27.97703357728796, 23.45646540497427, 19.825545193548045, 18.697130029391705, 20.802498667267376, 25.840923538880844, 63.91164681350093, 70.19795844269986, 77.33423677652755, 85.99761668410598, 92.38931519663596, 89.79381703574748, 84.45122132199151, 76.04136381438997, 68.79431455181867, 62.71432983955572, 35.855763596544875, 37.72628830080411, 42.271368071392, 40.025541915630264, 47.828268567890554, 57.601739573665604, 63.059534910962874, 66.65708386316469, 65.20723898747198, 56.0999340998195, 49.649513621326214, 51.41280883375416, 60.02877244682325, 58.62260736069987, 61.031887103787746, 66.80493774021085, 70.21550827357711, 76.15653241779663, 85.79089881182772, 83.66805005825093, 82.26975533565839, 77.22807646511663, 71.95162565837951, 66.18269871238513, 61.17656954387667, 63.339115773988595, 69.19144206094764, 75.05413078242671, 81.92373168222964, 75.79370612070956, 69.92633755592185, 65.01087380134406, 47.04987913738887, 51.77426714353293, 64.08570871598573, 75.4106312440599, 77.7776998422384, 87.98635714412956, 90.65406507286349, 101.84967219484663, 120.1339532209073, 126.48443905449203, 134.74622588088747, 133.90502034294008, 127.00946145352255, 122.49989247411537, 109.78313669513433], [11.88974675910004, 11.747111698716456, 11.966688122478581, 16.60291690738405, 8.598702263265082, 0.0, 7.489231014031679, 49.34799547531139, 56.05705119096726, 63.64273298420721, 71.5959078642445, 79.65943631855788, 71.55029996630027, 63.018935572624954, 54.57936811123798, 26.72381656995149, 24.910069887975425, 25.21500027468221, 30.753708172626236, 33.92424838879632, 29.680820824644773, 24.304307356853926, 19.594482102281475, 18.202807590190062, 20.837391714601374, 55.955402286010404, 62.29697772436737, 69.45470373272866, 78.2142661707291, 84.61923650726666, 81.76892907276503, 76.38233300971201, 67.89212180748652, 60.61075184014046, 54.54332910547988, 28.406090948854207, 29.823988652569007, 35.33524803535148, 34.42672395299226, 42.40543800696664, 51.60492232394931, 56.29524389265506, 59.25218063126931, 57.31938188432719, 47.784215568472426, 41.06666720264001, 43.23419089384593, 57.47124591469147, 54.78682470359999, 55.88552086414009, 61.098252196247444, 63.90701170385203, 69.54865861153547, 79.03817853173969, 77.53507320125406, 76.62501720903552, 72.25749382588478, 67.8013518906621, 62.765992443148626, 58.00951485013274, 58.83469381639322, 63.80977291029121, 68.91074413132357, 75.3687320134455, 69.71105760773447, 64.60597475504154, 60.62856618201061, 52.74869228268436, 57.51368309858361, 68.37172255619515, 78.43675011233825, 79.95494697769503, 89.1590552099281, 90.0460986856517, 98.20709823988015, 114.96791974047395, 120.65603811233315, 128.90648998817304, 127.96918234906555, 120.51073588772401, 115.74355478287809, 102.60211498092609], [8.92078451823549, 13.475861835687507, 17.518478443598802, 22.982669980470614, 15.769751679608465, 7.489231014031679, 0.0, 42.008468489564244, 48.799970267611045, 56.409379196863945, 64.24964473603004, 72.2577527758257, 64.2632066898576, 55.80065793971489, 47.29963250107457, 24.21247759823447, 24.782877447671687, 26.944223875964177, 33.970104162483366, 38.03113576164883, 34.266564700209514, 28.378938297519834, 22.14359756028638, 18.44456143017288, 18.52704636365457, 49.15790044658739, 55.33215828958216, 62.30150775146487, 70.8881046074404, 77.18579084109527, 74.3190567644975, 69.0286948629179, 60.699800331907696, 53.538693613020115, 47.583571379187845, 23.106618752259383, 25.25005815669748, 32.62254621992006, 33.353904081524504, 41.21762022343717, 49.6531903013666, 53.21712834080814, 54.80764730306031, 52.09254721259179, 42.117977233609466, 34.49417859400187, 36.54111647039748, 58.199706431958994, 54.62351255564179, 54.53055633559438, 59.01296736956715, 61.000247730037806, 66.03487615624205, 74.97594600089238, 74.34495252668349, 74.11795276708004, 70.60675967472812, 67.04140500868257, 62.693197035559784, 58.24271343040048, 57.9710592471347, 61.97065836988765, 66.01784444874144, 71.68880588604195, 66.85729732134715, 62.791972346175164, 59.80004742168826, 56.04398475997482, 61.18183443042362, 71.76056028002003, 81.22232780687968, 82.69170966025574, 91.24125270108617, 91.2898525007865, 97.44775863274309, 111.68287189775916, 116.25346730681385, 123.84289685334066, 122.46881945495173, 114.33422396667956, 108.86886091990985, 95.28402439726605], [42.79239878184342, 50.44373681078755, 58.198771084369916, 64.55642430766541, 57.77808333541913, 49.34799547531139, 42.008468489564244, 0.0, 9.569036772983054, 16.72001738366641, 22.716755738644196, 31.074589480203354, 22.583646409067356, 14.314102936814377, 5.669134130680803, 44.317563461435086, 52.82358741575849, 59.41959866925412, 69.19276606581911, 75.13690429413384, 72.56820259536944, 65.80329083516801, 57.35331055668787, 50.16698400672543, 43.5994482153061, 19.85910525564092, 22.65848715501562, 26.727756820294836, 33.74127847026347, 38.99948560471238, 34.45935517612311, 29.766819216515895, 22.807237143493136, 17.831265344255662, 15.526632255545728, 30.865298941418548, 31.0548480035773, 39.459192439211435, 47.221358401277165, 50.51366256970473, 51.10910588755019, 46.9238215072456, 39.921684327222344, 32.25209901724266, 23.19422434540515, 14.701379654470562, 16.521658880731014, 72.37460951337482, 64.81689063011058, 58.25537052117016, 57.37837041344114, 54.055514427639615, 54.32143521553234, 58.45801443003077, 63.47598937652673, 67.2487319362955, 69.29514991814487, 71.42062912584672, 71.82142843059708, 69.89217853643903, 63.63200315364058, 61.153048200647376, 58.189990895818404, 58.11522284264086, 59.1426780636845, 61.99327909240261, 65.32480894396723, 89.71526355861413, 94.97028497205449, 101.86122168141775, 107.10909365542805, 106.69843591922347, 111.02013634841, 105.26774337772221, 97.91296051151988, 98.47172464743763, 96.67847260408728, 101.40049557810988, 98.21508628211845, 85.89137182562958, 76.82597811441039, 59.97965839724929], [48.149590127473964, 55.5582468117819, 63.99464920696162, 71.23356189323437, 64.43136980986033, 56.05705119096726, 48.799970267611045, 9.569036772983054, 0.0, 7.7339386806858625, 15.982296616737344, 28.10338344637206, 19.785862861826395, 12.580398456511224, 8.728063354994505, 46.69557498089367, 55.987280440662595, 63.23946365584911, 73.77447384596346, 80.55116123556812, 78.03187699506198, 70.63198118512365, 61.71536427974117, 54.22486736949671, 47.125434833268145, 12.784379862124991, 14.032317090307858, 18.089439891222643, 26.482007960801706, 33.164465402067165, 28.168991415006833, 22.009251012550383, 13.606462580391163, 8.541229608561698, 8.601306470664854, 33.73060109468323, 35.28326798966549, 44.077969700888936, 54.036605644166244, 57.11628388786598, 56.323278685992655, 51.62002802100434, 45.47514869237446, 37.58895549783331, 28.071715414562235, 19.964735063593533, 16.439104102828416, 80.44701223821951, 72.24793851085083, 64.80170393964721, 63.43976402593569, 59.767984220622296, 59.858553578260285, 63.754114874234034, 69.32352871658968, 73.30582805632032, 75.81488185245202, 78.50073922293997, 79.4738558229359, 77.7291948623584, 70.6403514870344, 67.47707754827802, 64.04852345020045, 63.69317176111499, 65.05802108181307, 68.39244031961955, 72.44407821022355, 95.13363578161322, 102.67221288993673, 110.9445542851022, 116.57714530203147, 116.21729729418959, 120.4823609328608, 114.17956183498556, 104.74609309220553, 104.67789019278919, 101.94680140843593, 105.99604368391152, 102.20322820996569, 88.61421266788993, 77.0771397776843, 55.92927152387624], [55.41387081953093, 62.70682481897214, 71.31093130401904, 78.74168256836722, 71.98408918793783, 63.64273298420721, 56.409379196863945, 16.72001738366641, 7.7339386806858625, 0.0, 9.701083915985212, 24.03515780058467, 16.78378936712571, 12.713979459904792, 13.975487244318208, 52.83341784834418, 62.31753055558053, 69.75204207710321, 80.43242263789867, 87.45137991284165, 85.03935284337821, 77.51942226113246, 68.5271768788961, 60.99755922369837, 53.77126159098003, 14.356981217226759, 11.951694519797393, 13.038705057258793, 20.834937450537115, 27.726867385812977, 22.113998682635934, 15.343874947340096, 7.102198479688244, 6.843171976011858, 11.833677184178637, 40.328913569525106, 42.004077661159116, 50.279947022917014, 60.73838205295055, 63.3324276790794, 61.54437121741728, 56.13133928233833, 49.563890113084675, 41.58817913435761, 33.33217954012479, 26.873679648185547, 22.643502639709013, 86.76777393327546, 78.26651131840133, 70.24826592431492, 68.27609120169203, 64.07136423207079, 63.51618771924871, 66.50462737761534, 72.7950466808646, 77.2042930633477, 80.4018857453954, 83.75182011362438, 85.28843668793269, 83.84151275078575, 76.20044256201123, 72.32249636456426, 68.10452283138154, 66.94436462451795, 69.10346587186856, 73.22880576150563, 77.96912060965968, 101.67829729739546, 109.82518022591327, 118.23182113350144, 123.65352569394445, 123.20964020901528, 127.09863272211925, 120.22935949498348, 109.02114869440295, 107.05166166736761, 103.14774308890934, 106.41153488529207, 102.14374756215591, 87.64173609777133, 74.65378128441523, 51.37975443354848], [63.93629600019193, 71.36489009026141, 79.6821184830229, 86.59005816871388, 79.96695092439089, 71.5959078642445, 64.24964473603004, 22.716755738644196, 15.982296616737344, 9.701083915985212, 0.0, 15.151243977636595, 10.452432528531197, 12.700686676247154, 18.388960277025724, 62.15093238139884, 71.35565344400507, 78.53446793569373, 88.7267179043738, 95.34101335955927, 93.12365188596101, 86.05224197059779, 77.355231705807, 69.9763311614502, 62.91498610381487, 23.75036591560831, 19.637684219824497, 16.098596598675954, 17.83856154100361, 21.622948715307825, 14.972892457218645, 11.091645730462727, 11.258832507389785, 16.087908386565267, 21.51914703991543, 49.60255936824157, 50.5231523645488, 57.804178488251665, 67.10325272011255, 68.96056691574341, 66.6610097816782, 60.291501591583604, 51.682391513987604, 43.691124811362194, 38.44265287633975, 34.23301961505816, 32.03078126600414, 90.86842770599276, 82.51404141350878, 74.31053135690489, 71.56233622565833, 66.5598524270857, 64.69193615566762, 65.73938905077273, 73.10439386226281, 78.29002597025945, 82.52551945953857, 86.6954474234768, 88.78561608294702, 87.78089557507991, 79.94914591461668, 75.30401848509207, 69.82766636509847, 67.0632551679595, 70.72745221665264, 76.09389211869765, 81.4977484433499, 108.7544529104524, 115.56619580981419, 122.71763680692922, 127.23670705659276, 126.65634405604071, 129.7744780971253, 122.43883294725282, 109.94038795587471, 103.92245321749729, 98.20899747746364, 100.20391836165115, 95.44248242539048, 80.24807867375135, 66.86298283094341, 44.68905500404064], [73.39433550254225, 81.00532678397411, 88.52428215905721, 94.18442906809642, 87.92747945804508, 79.65943631855788, 72.2577527758257, 31.074589480203354, 28.10338344637206, 24.03515780058467, 15.151243977636595, 0.0, 10.860904657997786, 19.425290367472424, 26.27610701403907, 73.86410018681207, 82.29487401631596, 88.76509696413974, 97.79304551647625, 103.34789510147385, 101.44253716631526, 95.41838717509694, 87.45749245742304, 80.49879970140404, 73.94588670503342, 38.091426419223, 34.009404428374594, 29.03443199540067, 24.77388238036651, 21.462653925459197, 16.430679082468323, 20.367862194391368, 25.794432917267287, 30.62525356287579, 35.36590678588986, 61.183365251816795, 61.029729557486476, 67.09383681758952, 73.65830531477805, 74.67285453964234, 72.61413636623082, 65.431561785373, 53.62066136248691, 46.08646361780958, 45.362036361168535, 43.587952086391006, 44.45208394381156, 92.99595848011664, 85.49417651457826, 77.81200641499954, 74.33668940917309, 68.50806464168039, 64.7761520362904, 62.728453706675026, 71.34211968192821, 77.54614562215714, 82.9968893938098, 87.92968195599009, 90.38148405140467, 89.91028810482705, 82.56095298688187, 77.36569801127462, 70.41992757048278, 65.32004200428817, 71.1015822961604, 77.9110708332133, 83.67520825059916, 115.36616491702812, 118.93447752423171, 123.48659992467407, 126.44396105423058, 125.82598605019744, 127.83020573072086, 120.46108786563393, 107.87328070841674, 95.26763582275196, 86.84419330041734, 86.6510603200725, 81.21553072062206, 65.53376592826541, 53.241409417620645, 38.2409705776093], [65.37063021872598, 73.01911953256379, 80.73148127755384, 86.75105462999623, 80.00029171874773, 71.55029996630027, 64.2632066898576, 22.583646409067356, 19.785862861826395, 16.78378936712571, 10.452432528531197, 10.860904657997786, 0.0, 9.11647214208879, 17.163729376501283, 65.9344197249221, 74.84727459232874, 81.63414211330833, 91.31699268993803, 97.14595410791723, 94.81772795154114, 88.26009657715329, 79.82846563547945, 72.56437372161678, 65.7664662804703, 30.8071623395451, 28.412598368989155, 26.12208716366742, 26.696927645963573, 27.499109659503837, 21.192938846357436, 20.598402100139737, 21.032927893108845, 23.582535618402325, 27.409518197610556, 52.370883906247286, 51.04508075332797, 56.58331887467396, 63.7652464494838, 64.76294349049805, 62.38452487717127, 55.3638799978737, 44.66262822027449, 36.85796474373727, 34.88683396400318, 33.59293931600211, 35.58818532772776, 84.61092861292407, 76.54566453733867, 68.45870513374972, 65.18185731610431, 59.6541773784653, 56.797882641240435, 56.56513025813377, 64.434949686906, 70.08396257409272, 74.9347563549229, 79.58827992925595, 82.02701619113357, 81.41318893574741, 73.62413177286318, 68.53537002050398, 62.21663598682738, 58.37020037283629, 63.0125110692614, 69.19439309229344, 74.93208777960176, 110.58971639961771, 114.39969616226871, 118.78973822768661, 121.84635521313017, 120.43215215020501, 122.64171349841484, 114.50660997099762, 101.28388959871114, 93.54280916969249, 87.86737073793371, 90.74497064319397, 86.89491049156139, 72.70961178327404, 63.024924291393134, 47.634238383235775], [56.79597073332615, 64.43284782071984, 72.23899851488525, 78.50161401505439, 71.53045301698197, 63.018935572624954, 55.80065793971489, 14.314102936814377, 12.580398456511224, 12.713979459904792, 12.700686676247154, 19.425290367472424, 9.11647214208879, 0.0, 8.677337026698918, 57.535922031271824, 66.58547559720238, 73.47246059950321, 83.45955787911474, 89.43749466635352, 86.87603587402606, 80.0365488338904, 71.3969870811826, 64.01901637318684, 57.15813589412715, 24.63587495065627, 24.267817112419362, 24.877206322702612, 29.142287727382197, 32.497676722278506, 26.42623228621645, 23.168855805797186, 19.1879355343983, 18.480899773440175, 20.569637882809534, 43.587744946591805, 41.933207710675255, 47.822121788709765, 55.553733883810445, 57.066328149588855, 55.18012145248258, 48.85391449911298, 39.55581173427852, 31.485748067209094, 26.92182852670905, 24.507037105967363, 27.14447965917586, 78.23532400382713, 69.99221915075593, 62.024333191922636, 59.407301180006264, 54.539130729660315, 52.896891335875786, 54.6759567760925, 61.47522731396756, 66.40177650763609, 70.28148959897038, 74.19653203655511, 76.14398613509518, 75.1455586682962, 67.47786483958191, 63.048438181039394, 57.840769601554065, 55.55232393546666, 58.7369447900754, 63.812164543373186, 68.97977933939433, 103.7184839299369, 108.00326461158802, 112.93340312067501, 116.55941519880636, 115.05728007537144, 117.866406294399, 109.98633552327118, 97.92802303731123, 94.3409420088565, 90.74334062689148, 95.20782925800611, 92.06909758388318, 78.85342462577078, 70.04882070618476, 53.93681718697542], [48.259910690795365, 55.91393832280088, 63.66182013843618, 69.93836641130673, 63.056400209678685, 54.57936811123798, 47.29963250107457, 5.669134130680803, 8.728063354994505, 13.975487244318208, 18.388960277025724, 26.27610701403907, 17.163729376501283, 8.677337026698918, 0.0, 49.552807980741775, 58.29897504422192, 65.008447507594, 74.85878572812216, 80.78138619102378, 78.20255051612598, 71.42254077450234, 62.89603515573981, 55.62606801750446, 48.935208668459865, 21.09859724169938, 22.677245185851433, 25.515616917673988, 31.65336777243248, 36.24978644733299, 31.087119400546218, 26.842059756593084, 20.713945600706904, 17.106033359853505, 16.607690508159795, 35.78042563362682, 34.92976550118221, 42.1478993017058, 49.85614618039815, 52.36603658309654, 51.92227845418026, 46.79726547679166, 38.71298194399044, 30.733215415223917, 23.36659125890717, 17.669917318196852, 20.32816153808002, 73.98922203719265, 66.11788035881321, 58.94002600564905, 57.33456011378182, 53.35473067392066, 52.856094862029245, 56.11570755761256, 61.8433993063018, 66.09024476032162, 68.8784948002245, 71.74134953280303, 72.78292801987945, 71.23978957946859, 64.36744543270044, 61.07083625499776, 57.17820671563459, 56.23227689530657, 58.11352055833721, 61.88229641067443, 65.98503943792532, 95.25637702134678, 99.95806357956216, 105.89137342030436, 110.40341801445366, 109.48715595043898, 113.15905622499872, 106.4835763332075, 97.20125472553623, 96.18240924844866, 93.7562822369764, 98.47898123419819, 95.36926808140326, 82.75240321153535, 73.94101554674465, 57.53543844113908], [15.528274038449156, 17.046389407144876, 26.11563235970552, 36.469065725013316, 31.271715634683332, 26.72381656995149, 24.21247759823447, 44.317563461435086, 46.69557498089367, 52.83341784834418, 62.15093238139884, 73.86410018681207, 65.9344197249221, 57.535922031271824, 49.552807980741775, 0.0, 10.927986591190257, 19.543881289369672, 32.69540987590166, 41.79849005209224, 38.38975993990544, 28.486472902956763, 18.45103239558331, 11.302068600440673, 6.042223386647667, 40.70823636914329, 46.91885732967304, 54.77981639558608, 64.93280023517286, 73.40250483912425, 70.9746273177464, 64.04379042072165, 54.761405509794166, 47.52171971021762, 41.476480163424995, 15.48697338698472, 27.307906361593325, 38.883583240600764, 48.225208898751504, 55.750997016392496, 60.7020578398919, 63.4009963767105, 66.88615107317102, 62.62696243118981, 48.93519757056323, 37.965716997580266, 31.320354730555945, 78.4089830940731, 72.73832601282722, 69.96116245644762, 73.49942475748907, 74.77913340302815, 79.95715873772504, 89.37198269083656, 89.87126093634349, 90.0612876592534, 87.30941404456014, 84.88588843558982, 81.85538706225361, 77.74683120664405, 75.01466651958219, 77.44232922988866, 80.71642025071911, 86.34034416438723, 81.78160539850394, 78.53652206440074, 77.28394166189517, 60.03913288328913, 76.11380785515003, 92.93082719110912, 104.24957756679959, 106.44829841251328, 115.2712863723438, 114.45795538344554, 116.30268625161503, 130.53049448665405, 133.49455745954066, 139.82454908323882, 136.94176542109406, 125.99200221555252, 115.09652446860929, 93.01683071443959], [16.361330352715882, 13.318398742027549, 19.68466577903526, 29.57104949510414, 26.5865163807263, 24.910069887975425, 24.782877447671687, 52.82358741575849, 55.987280440662595, 62.31753055558053, 71.35565344400507, 82.29487401631596, 74.84727459232874, 66.58547559720238, 58.29897504422192, 10.927986591190257, 0.0, 8.705132799616322, 22.007343305522497, 31.494404925669727, 28.240998784281878, 18.301912410210793, 9.475761063766273, 7.355188060745762, 11.395158350459464, 50.59636155961576, 56.39025401192503, 63.77055210584962, 73.21182601643132, 81.25222469100942, 79.38710167649046, 72.89567211523638, 64.17217737599893, 57.20913476170675, 51.31098061290314, 25.35383197434047, 35.87113042194066, 46.254448065339304, 53.009184094571644, 60.94018286202689, 67.3369174944462, 70.92209979936537, 74.43235076616637, 70.62623006926394, 57.675352509378726, 47.015970553561274, 41.31308508072397, 80.86913912488113, 76.54832274056518, 75.31534687563015, 79.59296788704457, 81.48618802211999, 86.90266711153431, 96.34417242978014, 96.28682503123565, 96.10293755369486, 92.66780967314307, 89.31788561747832, 85.33580336587632, 80.84559277502204, 79.6608188769745, 83.1744248850665, 87.21819510639857, 93.14660532035158, 88.209374525406, 84.1870276004951, 81.79618904223722, 49.85549212672165, 67.88068356756884, 87.17299398478553, 100.00051410294061, 103.5674284736065, 113.50217854041279, 114.92661919384088, 120.57381327656825, 135.49928353833099, 138.8207284763193, 144.65780784512637, 141.59362850624734, 131.2162607915788, 120.4453277643815, 99.42617202039251], [20.200166167495407, 14.699414126842777, 16.457068719188545, 24.62661643493095, 24.15265697828725, 25.21500027468221, 26.944223875964177, 59.41959866925412, 63.23946365584911, 69.75204207710321, 78.53446793569373, 88.76509696413974, 81.63414211330833, 73.47246059950321, 65.008447507594, 19.543881289369672, 8.705132799616322, 0.0, 13.416092963827063, 23.061811768293616, 19.937285813080848, 10.312718214748621, 6.534210293593327, 12.041867199838777, 18.797507274031254, 58.52374958885949, 64.09866406239398, 71.15020696908654, 80.054335610511, 87.67300856541459, 86.13933239707751, 80.02774998708634, 71.699051565328, 64.89621777120304, 59.077847088070236, 33.15279957039166, 42.659303181203754, 52.1050516056114, 56.78109287804999, 64.85311499897327, 72.27846309439244, 76.44006856095386, 79.84422339600434, 76.4227149798641, 64.17547772003063, 53.89791362663773, 49.09626010904658, 82.32153582513764, 79.1319495863946, 79.11565781800068, 83.89853740906753, 86.22050349766339, 91.75024678192104, 101.12907722904295, 100.63739341232834, 100.1783226092255, 96.25561194899771, 92.22455532331625, 87.53359996675744, 82.79954190364926, 82.84947065191601, 87.15626890621422, 91.7282882057176, 97.82499459872338, 92.65131830025885, 88.09095990385534, 84.84745653106275, 41.695357485296284, 60.82888292220069, 81.87900007611299, 95.8045367502925, 100.44145866554352, 111.19246202476072, 114.41320990049068, 123.1063035227521, 138.45998500981688, 142.11244873120347, 147.64243852296926, 144.54221018089189, 134.77327144447503, 124.44742165646039, 104.75380087893751], [29.883904653258917, 23.923479576939158, 20.05242174539639, 22.37041734117933, 26.48569652611488, 30.753708172626236, 33.970104162483366, 69.19276606581911, 73.77447384596346, 80.43242263789867, 88.7267179043738, 97.79304551647625, 91.31699268993803, 83.45955787911474, 74.85878572812216, 32.69540987590166, 22.007343305522497, 13.416092963827063, 0.0, 10.317873012518907, 8.984259291340436, 8.169996081907383, 16.741618795184685, 24.16951009176882, 31.361440358418108, 70.03057506257139, 75.16907085383089, 81.61504933439033, 89.57122423173763, 96.45277385499816, 95.48220553908293, 90.02861974904506, 82.42993371961515, 75.98081675810452, 70.38076818454185, 45.36292204003949, 54.06404450343615, 62.65378405144625, 64.69134366342311, 72.7455363628788, 81.38135155785461, 85.98469989386126, 88.70872425486561, 85.65380713721409, 74.4879031458715, 64.57555966011286, 60.69153615270052, 86.42369009798024, 84.91275460468452, 86.49992672026076, 91.77263540503543, 94.46017408352807, 99.87573428837449, 108.82343197120316, 107.954017801838, 107.3017044073251, 102.93317827562292, 98.13582254171533, 92.55166054147034, 87.58335664689932, 89.33619362535231, 94.5426484553171, 99.53366006232739, 105.5325356904121, 100.34724372202564, 95.34466414382992, 91.08471547802198, 28.60916965217077, 49.981976596968295, 74.29746342894113, 89.98993263803504, 96.64784563228771, 108.57082858599614, 114.76910539431299, 128.04377854623286, 142.9605842429599, 146.68221455615287, 151.31842883626382, 147.96989180061996, 139.0410903124022, 129.204142701149, 111.63280918205052], [36.119883242814645, 30.313020043582114, 23.80883139560764, 21.148276627527572, 27.97703357728796, 33.92424838879632, 38.03113576164883, 75.13690429413384, 80.55116123556812, 87.45137991284165, 95.34101335955927, 103.34789510147385, 97.14595410791723, 89.43749466635352, 80.78138619102378, 41.79849005209224, 31.494404925669727, 23.061811768293616, 10.317873012518907, 0.0, 5.237816352748639, 14.862599199795373, 24.827287783077093, 32.314130241992544, 39.616633406372706, 77.97897117317407, 83.02121145619711, 89.17033230909696, 96.56783233104896, 102.81060512774326, 101.97768139340138, 97.03198210815195, 89.82087049014527, 83.48237723015662, 77.9460124576003, 53.14341612239477, 60.5849206585107, 68.14433990621143, 67.85069396706476, 75.71566550649928, 85.25855850000559, 90.21128162542755, 92.4597323092383, 89.8975749242273, 79.86749940315778, 70.69447943808159, 68.1874071646573, 86.05796658291179, 85.91662875481754, 88.80747812351792, 94.43528242861434, 97.4419677699486, 102.76606746673558, 111.37745779436784, 110.06953739529094, 109.19218419799329, 104.45010972519937, 99.05892154740762, 92.82010996779367, 87.73836843489664, 90.8503220949933, 96.75176031085692, 102.09614151042167, 108.05504460017423, 102.80726727264253, 97.43205436654132, 92.3675946166646, 20.716638291441615, 40.28543728408294, 65.88718841149897, 82.49677742911591, 90.343269019296, 102.95965405512285, 111.19966623512693, 127.89389485247243, 142.74629289383435, 146.8844205756489, 151.32949254274425, 148.19881206810575, 140.33535071600025, 131.8593634149209, 116.91266277763569], [32.27262759089431, 26.023757313505786, 19.042169735962364, 16.965612038344975, 23.45646540497427, 29.680820824644773, 34.266564700209514, 72.56820259536944, 78.03187699506198, 85.03935284337821, 93.12365188596101, 101.44253716631526, 94.81772795154114, 86.87603587402606, 78.20255051612598, 38.38975993990544, 28.240998784281878, 19.937285813080848, 8.984259291340436, 5.237816352748639, 0.0, 10.583742507907631, 20.69735278968395, 28.340105317248305, 35.84104591385308, 75.41907844711443, 80.77854409603418, 87.2586385027056, 95.10071738291322, 101.58353107566789, 100.4064521336162, 95.21750136059934, 87.62028566877207, 81.0238419828167, 75.30765485698728, 49.53852431804324, 56.41006401342758, 63.55720335744457, 63.33705015819997, 71.21884547337189, 80.67833166511127, 85.83628132711918, 88.67540685536815, 86.29896229282221, 76.15233259987048, 67.29253804911946, 65.14993268311139, 82.14906150323361, 81.71977346521324, 84.47364616795763, 90.17599413030868, 93.33303840907551, 98.89998989494686, 107.87471895087934, 106.35685951871656, 105.30260766099829, 100.41695330393763, 94.99167642394461, 88.83669811747863, 83.74390515576567, 86.63460651468007, 92.55729748097345, 98.11364085031863, 104.39059820493551, 98.845503294303, 93.26864098925815, 88.21655762420238, 25.856081154122528, 42.871918503683005, 66.38827805341857, 82.25871091035907, 89.06265335920929, 101.36790990886529, 108.57086588588155, 124.17242327184941, 140.2100158160335, 144.88476731625283, 150.1657088248484, 147.46588129612744, 139.66461790760042, 131.68877817381835, 116.56211062958401], [24.310918080164186, 17.40157907349287, 12.813669084637313, 17.156674254167648, 19.825545193548045, 24.304307356853926, 28.378938297519834, 65.80329083516801, 70.63198118512365, 77.51942226113246, 86.05224197059779, 95.41838717509694, 88.26009657715329, 80.0365488338904, 71.42254077450234, 28.486472902956763, 18.301912410210793, 10.312718214748621, 8.169996081907383, 14.862599199795373, 10.583742507907631, 0.0, 10.46953664132893, 18.482807429836758, 26.183213643841317, 67.09632442957998, 72.78987562677906, 79.75629129405056, 88.36622469243264, 95.50315529948037, 93.93902685619778, 88.18138545748583, 79.98936311117008, 73.10876761561914, 67.20637663747974, 40.454121286909164, 47.857451189782445, 55.574229285013914, 57.47180732087665, 65.51156776230636, 74.09765084671112, 79.07823301625473, 82.72186995222052, 80.06834246148487, 68.90672310720191, 59.706809449605196, 56.78178566131419, 79.76718003765144, 77.9286061053769, 79.42135503309518, 84.84182918908493, 87.80950574560548, 93.60237737896252, 103.08623708682086, 101.80706458191815, 100.83714501467047, 96.20177790146221, 91.29893358384459, 85.80295943480925, 80.82974145956555, 82.35400572447595, 87.65560206633414, 93.02375828806719, 99.52862892359965, 93.85580660410224, 88.49111885665765, 84.17544454018706, 35.209778045223416, 52.5141180236147, 73.76869616948434, 88.32121498449096, 93.47109412047607, 104.906478382677, 109.66865687546624, 121.5508380734582, 138.32630816943097, 142.99498930768277, 148.9922533533325, 146.42191839785727, 137.82828490424265, 129.1764816452976, 111.95914616828935], [15.83700536175356, 9.067002078689846, 11.099757318572557, 20.69140547651962, 18.697130029391705, 19.594482102281475, 22.14359756028638, 57.35331055668787, 61.71536427974117, 68.5271768788961, 77.355231705807, 87.45749245742304, 79.82846563547945, 71.3969870811826, 62.89603515573981, 18.45103239558331, 9.475761063766273, 6.534210293593327, 16.741618795184685, 24.827287783077093, 20.69735278968395, 10.46953664132893, 0.0, 8.1349386993399, 15.896838077026668, 57.70155252662124, 63.723864169865344, 71.09672309871844, 80.33408707894732, 87.91476607233078, 85.90857635684246, 79.73506457931117, 71.04919029718656, 63.91646936220148, 57.86060407407715, 30.38813064739389, 38.22285800831717, 46.72163431160594, 50.7197679136792, 58.79187492432653, 66.43703233461153, 70.96688230657493, 74.93935056090946, 71.96034911052473, 60.015735375481974, 50.55880172286149, 47.179941220577746, 76.15401119614118, 72.93267805160824, 73.08032080566893, 78.05067271490671, 80.64742499739076, 86.44516695031096, 96.16591722680415, 95.26447495998215, 94.52724057644889, 90.33801892790548, 86.12569183767994, 81.38674847087694, 76.63168498864326, 76.73963776957739, 81.2511124374472, 86.1739050872014, 92.64637042413675, 87.08920155864494, 82.18580153334959, 78.74891333653729, 44.73520705987941, 60.63016134441753, 79.35542320088905, 92.42222377462215, 96.06314157032645, 106.47629248462162, 108.8864594317818, 117.08506193325807, 133.7550704174248, 138.2294879352471, 144.8025177835289, 142.38903426562064, 133.1691363536979, 124.22828337431801, 105.70487844565123], [10.203549232889358, 6.717745628339465, 14.93856239707921, 25.40774060171093, 20.802498667267376, 18.202807590190062, 18.44456143017288, 50.16698400672543, 54.22486736949671, 60.99755922369837, 69.9763311614502, 80.49879970140404, 72.56437372161678, 64.01901637318684, 55.62606801750446, 11.302068600440673, 7.355188060745762, 12.041867199838777, 24.16951009176882, 32.314130241992544, 28.340105317248305, 18.482807429836758, 8.1349386993399, 0.0, 7.796088557972326, 50.06694794924363, 56.32432758385056, 63.95040826609786, 73.57491976248612, 81.3829613892053, 79.03090200430594, 72.6226310350455, 63.62697781010914, 56.32717645280855, 50.17437713872567, 22.299989923190143, 30.704225413845926, 40.18074000390816, 45.939545550577726, 53.925632411906406, 60.739091726620316, 64.68044012090792, 68.53994238771016, 65.21255591988199, 52.7246779989247, 42.98359643153267, 39.31150273088604, 73.55621514885348, 69.2847359059155, 68.30517527157006, 72.78793977057673, 74.94440067627146, 80.57930832510779, 90.28959598271231, 89.81443137328942, 89.37968210934164, 85.68906270076387, 82.14132875733691, 78.06340344490725, 73.5477456397323, 72.51173404189434, 76.2697319116315, 80.64105832249938, 86.88910523319146, 81.61275532194665, 77.26659327649897, 74.6328307206054, 51.769065707169545, 66.31836779650018, 83.15573229088226, 95.05697877733093, 97.69877312798461, 107.26718783679965, 107.99282523798088, 113.40691379207462, 129.38784013624544, 133.52632092125498, 140.37384373051458, 138.03410871289066, 128.36389572358294, 119.28489361522368, 100.08206440364314], [9.882031593800237, 11.997827682601423, 21.462771120830833, 31.701562029936525, 25.840923538880844, 20.837391714601374, 18.52704636365457, 43.5994482153061, 47.125434833268145, 53.77126159098003, 62.91498610381487, 73.94588670503342, 65.7664662804703, 57.15813589412715, 48.935208668459865, 6.042223386647667, 11.395158350459464, 18.797507274031254, 31.361440358418108, 39.616633406372706, 35.84104591385308, 26.183213643841317, 15.896838077026668, 7.796088557972326, 0.0, 42.626596319714444, 49.08754695902044, 56.9528776389831, 66.95949572671489, 75.02375169411663, 72.36347165466128, 65.69952581803445, 56.41047778038696, 48.97670634415051, 42.754461686726955, 14.689478831204358, 24.49380034595532, 35.36220646268427, 43.26702698691826, 50.98747251234712, 56.7080760946544, 59.849741226145625, 63.42673453248982, 59.61884594591675, 46.48371281396895, 36.24214211965119, 31.812541628708104, 72.79248292747502, 67.48058457988552, 65.26314034446843, 69.12545108542376, 70.71735171989731, 76.0776035272028, 85.65672718009051, 85.73382226314087, 85.68593034001356, 82.6099344655256, 79.83421385216428, 76.49758259533891, 72.28147481957642, 70.03476978694357, 72.89894161985347, 76.5597476532018, 82.44740211978501, 77.58897067532467, 73.95551529878522, 72.25231543758588, 58.527557698728465, 72.34634345188397, 87.80662709555311, 98.7212811669511, 100.57857327126591, 109.35058429612144, 108.56838021285277, 111.22124516788352, 126.18359581807351, 129.8076706347422, 136.73938969260672, 134.35958912546917, 124.13697706450405, 114.68304549754639, 94.57470746243804], [46.20641813630666, 52.86803976776819, 62.040590651507316, 70.56681923868744, 63.91164681350093, 55.955402286010404, 49.15790044658739, 19.85910525564092, 12.784379862124991, 14.356981217226759, 23.75036591560831, 38.091426419223, 30.8071623395451, 24.63587495065627, 21.09859724169938, 40.70823636914329, 50.59636155961576, 58.52374958885949, 70.03057506257139, 77.97897117317407, 75.41907844711443, 67.09632442957998, 57.70155252662124, 50.06694794924363, 42.626596319714444, 0.0, 7.502756547401293, 16.271587892666837, 27.96911302709097, 37.21438495931799, 33.158872207836886, 25.124358430479074, 14.727931371429525, 7.676867243655314, 4.631730699759862, 29.755259742351736, 34.6292023973486, 45.123389684060704, 57.69117023571219, 61.644217683306714, 60.78351127488731, 57.232436997600495, 54.25982967683869, 46.85811717619467, 34.80807184813201, 24.664594797151764, 13.594538502171858, 87.0498