{
	"dissimilarities": [[0.0, 7.761846120659052, 16.32282789247605, 26.283796546074463, 18.209010364769114, 10.562348002902386, 7.646884984795182, 43.805604988242926, 50.55419666798788, 57.84291815936891, 65.42773096403903, 74.12513558401396, 66.14321459915976, 58.98881319144703, 51.61102836662208, 17.465614571921193, 14.904138113265256, 16.661772608032948, 23.293693038347076, 31.248727823777834, 27.4098579215713, 20.264969167423125, 12.249651565658752, 7.0705357648818214, 10.751126351125865, 47.74002414492273, 54.96007414712461, 60.845687352766674, 69.1112733844733, 75.44717338249696, 74.84186062199359, 68.53418546554009, 60.277440745636575, 54.129746777820245, 47.62047285896632, 18.56091139513591, 24.852383629675952, 33.93504426602649, 37.08346742803599, 45.871391430120596, 54.316571796096675, 58.83477540396255, 60.14122236869108, 56.85186510553604, 46.80895941176045, 37.624792017071954, 33.642821711230205, 66.13335589624378, 56.359904344684416, 57.47324469362107, 63.28447672331149, 66.07716865674223, 72.09665044928045, 81.45206130861604, 85.05606364650724, 83.16022192429568, 80.47159873635712, 78.7070666966036, 77.22318081121303, 66.07910129723665, 62.48463396105421, 66.92799822046454, 70.51296307025757, 79.0809729810445, 75.89491717073837, 72.06219844680191, 70.32606649911659, 59.33925143466634, 63.06781538139914, 72.82976682151046, 83.69145347890641, 92.7108979584395, 100.75870065508703, 114.27948387061201, 111.74044509421898, 130.11326546455157, 118.93583639187185, 123.66400599956371, 117.94970469212545, 109.89551403732557, 102.65377529254904, 92.42491843708251], [7.761846120659052, 0.0, 10.210739163162776, 21.795900724993267, 14.263779342492825, 9.93177508718789, 12.445408971120232, 51.455988720188884, 58.01803789453081, 65.22751142756634, 72.94588429380809, 81.79576373026609, 73.77166666408554, 66.61103173316155, 59.2656493908106, 19.98173668916033, 13.91973014606943, 11.47893685269089, 16.721893022268414, 25.154471001720967, 20.82398950629094, 12.903641443756563, 5.734783932714466, 7.904915402500967, 14.593511019501339, 54.42094125937666, 61.640593883306416, 67.653058041755, 76.04874556948556, 82.55996877657698, 82.11045411651881, 75.62703625779673, 67.3229207924491, 61.147770076790295, 54.779178471403284, 24.768928761610667, 30.794363753424374, 38.6594023350489, 40.98180536806723, 49.870565469768906, 58.68535981284813, 63.96928608092164, 66.43806835272542, 63.65807201235017, 52.95369465594502, 44.23363952593586, 40.350764249870664, 68.72052349823014, 59.548063139402394, 61.23543023830738, 67.77852419112016, 71.14614690251882, 77.81954016827359, 87.45400454635879, 90.66236780179571, 88.23057105289051, 84.78170780862497, 82.39302851171746, 80.27283336085449, 69.10926473620005, 66.25224285933282, 71.40736668769931, 75.5400972069862, 84.86079396226484, 81.12124693949859, 76.51938664575128, 74.11765587421434, 55.06157996479234, 60.21492038708882, 71.54672831068099, 83.40315030209231, 92.8929506302779, 101.78311872902997, 116.21395552401067, 115.48140578477154, 135.93998022330447, 125.54107436234274, 130.50264895715935, 125.01379328233132, 117.28258968722243, 109.9959401576547, 99.1618264012829], [16.32282789247605, 10.210739163162776, 0.0, 12.049790535851068, 7.522393494706654, 11.544778413925235, 17.62369127859263, 59.53715155022697, 66.58190234230646, 73.93499135700041, 81.33821159405248, 89.51457796513945, 81.86360359897337, 74.72830887223462, 67.2817917923769, 30.06410899981515, 23.021267778887335, 16.975396374649137, 15.268874127617824, 18.545801718708873, 13.49089436246793, 10.7117011410641, 12.432641366683995, 18.104510222008138, 24.78600393655874, 64.0114232067557, 71.16612753505295, 76.9955971498051, 85.05426925058168, 91.19136316699266, 90.74214359923546, 84.65821235936875, 76.52161191660224, 70.41438177932417, 63.892262639788015, 34.43001078010453, 38.862976381076365, 44.78601864618425, 43.83263205810085, 53.10795540895859, 62.8001815183281, 69.34545081144425, 71.94667250441618, 69.80919730829415, 60.472626360274674, 52.813536980202166, 49.85232622061629, 67.2352719547651, 60.213775196208616, 63.185004436475644, 70.81148559538005, 74.88816784986396, 81.87910091514233, 90.91860641589767, 93.3766487936889, 90.55889612936176, 86.26808095924957, 82.95641368448416, 79.64876324954557, 68.20810905044273, 67.46602280684141, 73.8767473237475, 78.59314739321205, 88.09152136128553, 83.7560499103695, 78.24906279086647, 74.73901191316597, 48.493500769895654, 51.55025069358525, 63.292024766855526, 76.02077453483874, 86.15591723038409, 96.22026392557545, 111.77982994015885, 115.31448244763932, 136.8752030557048, 128.05150742427628, 133.12674488638066, 128.27445055741748, 121.74557758275886, 115.73229170723599, 106.72025739655291], [26.283796546074463, 21.795900724993267, 12.049790535851068, 0.0, 10.902746295319403, 19.28045516582749, 25.26292681258563, 66.71242545991367, 74.29974377561153, 81.77218357494192, 88.61783316680084, 95.72339377941182, 88.71129961170219, 81.72564379621436, 74.24399348038605, 41.6965400517001, 34.80903056764222, 28.22211952587284, 23.041378035644197, 18.554059519775045, 14.934073975652492, 19.91094563390212, 24.391366114978844, 29.618740238578162, 36.01747205271232, 73.41320028267695, 80.4024407265144, 85.87550789959094, 93.34477861905532, 98.83869762535815, 98.33219782885097, 92.92974716832092, 85.1232823374374, 79.18437063103832, 72.48400117349475, 44.57482923443358, 47.56909019694282, 51.86357664925983, 47.366885971139396, 56.79106560725922, 67.18402602228183, 74.75224512127693, 76.66213635677407, 75.04540015961804, 68.02705784265979, 61.41976878619509, 59.369401245570415, 64.60627581225056, 60.62987458939992, 64.98642366786525, 73.46207695285204, 78.03794342526095, 84.87150392257129, 92.70383492565551, 94.34872141038736, 91.43657012055924, 86.56279440580143, 82.40537938695452, 77.82358395926524, 66.12011444199638, 68.0840123685401, 75.67403044522695, 80.73350521939017, 89.7512375335525, 85.0464613362286, 78.89636619791025, 74.30203920068064, 43.120979313780836, 40.64920386583641, 51.774873166299244, 65.32205003224352, 76.29306681561623, 87.69412447298959, 104.32261201044467, 113.279285024055, 134.4993472400184, 127.46950834137044, 132.38499581854433, 128.28128345370726, 123.29169787406926, 119.06717078186347, 112.96218418060059], [18.209010364769114, 14.263779342492825, 7.522393494706654, 10.902746295319403, 0.0, 9.195809184225443, 16.163641012637004, 59.146261128982374, 66.75296912791089, 74.21894139304844, 81.26926042494385, 88.99756250455549, 81.29266226710689, 74.02095330053936, 66.5918947821351, 33.70517127293088, 28.048335665974214, 23.511506180248812, 22.736812352546124, 24.33745683284139, 19.31736968823432, 17.958966627762546, 17.981459690321728, 21.61553272699815, 27.56082601483196, 65.21178274993255, 72.56243674994035, 78.35809277260302, 86.41320420585004, 92.31688486812085, 91.45821082262255, 85.58730718374368, 77.37940134580539, 71.24417051907886, 64.5257723801923, 35.434822000495345, 37.39086587081013, 41.406922020117484, 38.26852289099214, 47.6077082146958, 57.69198889611228, 64.9498147257461, 67.71999584626604, 66.2299060056964, 57.943237251547714, 51.651490152441546, 50.44953044245837, 59.9266912502859, 53.474076842291076, 56.928333075772976, 64.99454181999475, 69.41921134432313, 76.61888135552206, 85.4794200962758, 87.51385358372549, 84.40042399857045, 79.71698921617063, 76.08555715918627, 72.46766526737903, 61.03045759215876, 60.87881910944032, 67.77348757402838, 72.76379826931812, 82.48721471677732, 77.77988799945192, 71.83794323391055, 67.93102566583396, 52.5605509097724, 50.99944659800145, 59.22821564740753, 70.64396275617948, 79.94393202007343, 89.38763996736087, 104.74359126221759, 108.21399690447342, 131.18863898320902, 123.16385938755688, 129.2041594860205, 125.14732709051567, 119.47053513766826, 115.28194289557442, 108.47937455006455], [10.562348002902386, 9.93177508718789, 11.544778413925235, 19.28045516582749, 9.195809184225443, 0.0, 7.378498269344379, 50.53399014640105, 58.03910759792474, 65.46957697836632, 72.63765147671148, 80.7355113590821, 72.72284187599351, 65.36797894988857, 57.976031193673386, 26.474042937284704, 22.739084305716055, 21.302372174601523, 24.654369576330666, 29.767113695605406, 24.967827913305978, 20.045095329456377, 15.165175561755364, 14.99544923711061, 19.768783400401176, 56.25611910588342, 63.70906604832071, 69.59321310064887, 77.85775395912609, 83.93235199998229, 82.93128602962283, 76.8614111667878, 68.51921019201082, 62.32940459958915, 55.62204993666419, 26.44863222523853, 28.418867966940716, 33.6868542744257, 32.849474945704664, 42.14447997771501, 51.69023780937376, 57.98594097157349, 60.42018485575639, 58.4312699980079, 49.416718289018554, 42.56880453694092, 41.32641540016969, 58.89896874543848, 50.3792386849122, 52.68535183660584, 59.82667211984369, 63.62971894501669, 70.51564282510843, 79.83139777506693, 82.52006106705076, 79.7923878512879, 75.91500376931148, 73.15690065523017, 70.66204179271209, 59.384841949831724, 57.26705719895278, 63.06318326032496, 67.52295433437251, 77.03309929161887, 72.85410265227213, 67.74551308599214, 64.8639746464689, 58.47164288095151, 58.11129275891857, 65.491542809649, 75.78729196396645, 84.32600089060966, 92.46677319118561, 106.5947319200703, 106.00534816895075, 127.80556060723426, 118.42326759603685, 124.50356905087119, 120.02115127938009, 113.46983733748934, 108.67405189283754, 101.1257093327082], [7.646884984795182, 12.445408971120232, 17.62369127859263, 25.26292681258563, 16.163641012637004, 7.378498269344379, 0.0, 43.171081618930906, 50.731049605910435, 58.18251482598817, 65.28675693454583, 73.36335724472549, 65.3659223067377, 58.03764826372787, 50.63026302058433, 23.446432203295583, 22.049768328748268, 23.31395258335259, 28.59788676103598, 34.64795805309982, 30.38938484171292, 24.749404631733828, 17.866702280962315, 13.829731196366364, 16.335885532395572, 49.45801559936776, 56.847627394834554, 62.61127612214369, 70.76095674625827, 76.7314455509962, 75.65249082773325, 69.68607439920015, 61.408161482667936, 55.26669054366062, 48.50370892332307, 20.56796629188506, 22.76041947244763, 29.64970543292687, 30.367356590708123, 39.51971838320687, 48.53863354118443, 53.8295702426389, 55.08548759520145, 52.428024622930444, 43.75371434278147, 36.20535964565925, 34.69074420331522, 58.51128215483774, 49.08012031626468, 50.57970623318627, 56.79929428154773, 59.90308539872461, 66.09224408658405, 75.24899907508748, 78.47822749099211, 76.3600015017164, 73.37831399195227, 71.38386571433482, 69.69220875573782, 58.471644708585096, 55.29322688292472, 60.16459585204497, 63.97982404522449, 72.71333606236955, 69.19380085597913, 65.00631775259738, 62.968481436673976, 62.18463194734909, 61.94244280053105, 68.66460437481096, 78.22643741766507, 86.43474835877076, 93.79888116525407, 106.99199008517243, 104.29696841635815, 123.74820125848949, 113.3188691850972, 118.99601852044218, 114.09237295970887, 106.9674068909783, 101.7730123825979, 94.22715605112411], [43.805604988242926, 51.455988720188884, 59.53715155022697, 66.71242545991367, 59.146261128982374, 50.53399014640105, 43.171081618930906, 0.0, 8.850123531989654, 16.07622865064773, 22.197054014239594, 30.783314862288062, 22.347608834596286, 15.367859240715344, 8.027687910789446, 41.92870970519056, 49.18922173437768, 56.636632816122116, 65.0043192893073, 72.68198058387593, 70.01043252521876, 63.364512220142664, 54.636374734565486, 46.171439430592876, 40.756895398653626, 18.17573341163352, 22.02041988228994, 25.04295901469405, 31.23136545348756, 35.94042366064826, 33.66546383534048, 28.829326368712085, 21.833114465833912, 17.403082812034913, 11.758708976410846, 30.24571091612055, 30.304886244834595, 38.164213080811464, 46.25567710765551, 49.12467849968203, 50.74629218316911, 47.15156384502763, 39.30886461019368, 31.396022240747858, 29.69222440993071, 21.323547431570507, 18.59215366180707, 73.45909347062519, 61.74926518671096, 58.425543584186606, 57.17293823710487, 54.78275072398955, 54.46827345537114, 60.85962824117871, 67.55105600947735, 69.83753840623486, 73.07388150111176, 76.01779631860076, 79.21229226419989, 70.88243832826848, 62.59528485829867, 60.52888036486179, 59.203917761495795, 60.785283769069316, 62.65164403358498, 65.35996355807644, 68.85007953115618, 94.28920801829798, 94.92599385709782, 98.60109956013362, 104.193027168004, 110.02220776969574, 112.92785543297225, 120.24936965668579, 104.97763976251109, 108.87700060416157, 91.48029352250545, 94.14550546712061, 86.24250430306735, 74.35997735458307, 65.48580546373665, 57.30669483861702], [50.55419666798788, 58.01803789453081, 66.58190234230646, 74.29974377561153, 66.75296912791089, 58.03910759792474, 50.731049605910435, 8.850123531989654, 0.0, 7.527572879519268, 15.000473363220944, 25.45306229212584, 16.82950670874381, 11.287834921730607, 7.735551235955071, 46.24502458805358, 54.05329729469501, 62.002250072608625, 70.7258094495506, 78.95872557906429, 76.51566144015108, 69.48217413890936, 60.66039148498058, 52.126979302931275, 46.261203017629676, 14.006682621740879, 14.895265687072015, 16.61631541448359, 22.574675595040496, 27.729369916656058, 25.46953672723046, 20.02783938435684, 13.164777291352442, 9.80712706561947, 7.186541494895577, 35.76080198836202, 36.89390071043776, 44.9070801045037, 54.241438537771515, 56.47974673751704, 57.05970369703549, 52.202395927303584, 44.24757262823265, 36.10503796122011, 34.1221330399547, 26.08620116778336, 21.890035475662916, 81.62497916978701, 69.56370075710777, 65.71007609873558, 63.61015840002766, 60.5925285091072, 59.53685981952741, 65.59938429655172, 72.72477665277519, 75.50308604605056, 79.45802414897805, 82.9746315821227, 86.742503302697, 78.90299149539652, 69.99203225048586, 67.08783773943412, 65.18497433985382, 65.94616699400639, 68.54370792269094, 72.05081018098652, 76.15593639727439, 100.06563012935322, 102.36324084554168, 106.93476404257106, 112.71132524686408, 118.59967361531898, 121.3191334263746, 128.1488136619228, 111.16803377268299, 112.8327884782165, 94.15517840105079, 95.7918570173103, 86.9669013115253, 73.58982939894855, 62.16670059364298, 50.734431861962], [57.84291815936891, 65.22751142756634, 73.93499135700041, 81.77218357494192, 74.21894139304844, 65.46957697836632, 58.18251482598817, 16.07622865064773, 7.527572879519268, 0.0, 8.659858177384493, 20.460031102664193, 12.153372459746183, 9.856313691713499, 11.73910810748176, 52.55504920345083, 60.60372724748702, 68.75888022205405, 77.62081825838717, 86.03967534522585, 83.69439858931334, 76.52771430915436, 67.66865473628177, 59.12584789980652, 53.08961747366806, 16.42497934166104, 13.585472777825622, 12.309202255957002, 16.468067338714736, 21.298333750775857, 18.47226556982876, 13.012407889825042, 7.836934373721972, 8.724885720776292, 11.54192774150081, 42.56504319781772, 43.56911877085964, 50.98838338528322, 60.685255961563186, 62.209208415146726, 61.822000447642466, 55.92658712035443, 47.47279318797715, 39.306747916274546, 38.33584216322706, 31.620795800805933, 27.924526900128658, 87.41277691397202, 75.26798124472712, 70.96263233415849, 68.00551161914612, 64.36619071698995, 62.42855727416857, 67.87998518459653, 75.32496725827285, 78.63630911455078, 83.34339816031996, 87.43738625015773, 91.76963948822626, 84.50057889985307, 75.13397709981739, 71.42025166211344, 68.89834542002409, 68.64003275371887, 71.96847682826404, 76.30516611914035, 81.01264979144558, 106.6987853959186, 109.43201964278856, 113.93344365833005, 119.39264031175124, 125.01483139349841, 127.23963413268051, 133.3306532698474, 114.56048896716818, 113.9990940971641, 94.28862800814993, 95.27582866652173, 85.90825074553106, 71.50609677157976, 58.767332621113155, 46.0011090093553], [65.42773096403903, 72.94588429380809, 81.33821159405248, 88.61783316680084, 81.26926042494385, 72.63765147671148, 65.28675693454583, 22.197054014239594, 15.000473363220944, 8.659858177384493, 0.0, 12.229622869218046, 5.479594534208345, 9.761151589198786, 15.65269425657107, 61.00800256737239, 68.93100108440305, 76.91545378038643, 85.5384244861119, 93.5010238358765, 91.21255806912947, 84.39931201525347, 75.64827320122603, 67.1258006361155, 61.24325988137858, 24.868551579414536, 20.945982658952914, 17.383364191928443, 16.559834497850698, 17.817083887004433, 13.483654809118484, 12.330952627760196, 13.214454905562096, 16.76975508801447, 20.109424546993214, 50.624369852136354, 50.679963901363166, 56.94962889010949, 65.68075659011711, 66.49672739435573, 65.3457967295307, 58.73509681520441, 48.69748696334209, 40.571277297599444, 42.94706510212093, 38.23497061110579, 36.11252397143291, 90.07603670932589, 78.58907646561374, 74.06202823205594, 70.22984781264617, 65.89700799363823, 62.539852523466735, 66.43894379106436, 74.09540539760714, 78.29718659833348, 84.00825304806771, 88.72321615972915, 93.5390553411231, 86.90744780928817, 77.63233517627657, 73.17651666100707, 69.8519957829898, 67.7457186092764, 72.05763200473203, 77.46426937112456, 82.75423094991368, 113.22450167151581, 114.75247696424259, 118.0145518717343, 122.51949042037984, 127.5690902335472, 128.98353620416438, 133.93588693055665, 113.98228133597341, 109.67340214667438, 89.03322017943161, 89.25607080166431, 79.54609120265667, 64.53388524927632, 52.02624272315242, 42.15243224931657], [74.12513558401396, 81.79576373026609, 89.51457796513945, 95.72339377941182, 88.99756250455549, 80.7355113590821, 73.36335724472549, 30.783314862288062, 25.45306229212584, 20.460031102664193, 12.229622869218046, 0.0, 10.512987880476375, 17.71947098606776, 23.808069767323474, 71.51365386753154, 78.97088294192217, 86.46281218594032, 94.45412425832362, 101.42300860160489, 99.32608819018992, 93.31716600738197, 84.9452166443416, 76.58361619210109, 71.11944043614844, 36.87773099691354, 32.847464909168096, 28.45516245561921, 23.973446344017148, 20.265605204895614, 16.02637497980903, 21.025715891509837, 25.026288033848477, 28.887412925832635, 31.606381668244758, 60.71127139586349, 60.0708299246542, 65.33777647335522, 72.12919268263126, 72.55928201573568, 71.1333077212762, 64.39785037146213, 52.27671800606218, 44.466467516908935, 51.15576965604093, 48.06873474784073, 47.03770796774376, 92.75433109900958, 82.81725266617562, 78.48022494042239, 74.04871284132209, 69.1557525777322, 64.05272315666078, 65.2776678779971, 72.90200257680087, 78.36040809526195, 85.19981153897972, 90.42057036392728, 95.43634301523436, 89.36242234803889, 81.00383242044869, 76.14002082548747, 72.0011769430332, 67.26421230356195, 72.73564017130893, 79.27334768056292, 84.92081929253361, 119.23365286745229, 118.81188026923037, 120.43591286152392, 123.7521736175024, 128.2574295325079, 128.8995140046264, 132.5206668997524, 112.92538600621553, 102.28271515780189, 80.67046369457167, 79.02673730116472, 68.62962872217997, 52.923001546671344, 41.08041474104571, 38.45718636444327], [66.14321459915976, 73.77166666408554, 81.86360359897337, 88.71129961170219, 81.29266226710689, 72.72284187599351, 65.3659223067377, 22.347608834596286, 16.82950670874381, 12.153372459746183, 5.479594534208345, 10.512987880476375, 0.0, 7.744443934793121, 14.78177296254035, 62.8447413790954, 70.66583874255306, 78.48753316039308, 86.99631577312812, 94.64358278936344, 92.18373445361185, 85.57139217730118, 76.79655755403616, 68.26340853310063, 62.54039281149805, 28.017139575620934, 25.211988988448372, 22.425641667687948, 21.96248948730699, 22.334880820411712, 17.631217552540438, 17.585223655685528, 17.82733318519413, 20.394133408329, 22.6165369020346, 51.67262990766594, 50.481877950672725, 55.679969331037036, 63.57616334771275, 63.920050332232194, 62.42193757536817, 55.64941709290139, 44.75098662418782, 36.707044335477214, 41.18376352992452, 37.899697893652466, 37.47579523607511, 86.52072648380752, 75.36048921288206, 70.73906234948899, 66.52669384032045, 61.93272999193705, 58.01340999778774, 61.35748573734965, 69.04352419956633, 73.50088597784092, 79.5382243093142, 84.47577259719976, 89.49523767653105, 83.22451909728656, 73.97337651941945, 69.21111355524263, 65.57383538673207, 62.80690912237581, 67.41568743211648, 73.2020259874171, 78.72265385528914, 114.54588530950272, 114.5435385599948, 116.43847203309222, 120.12244036308687, 124.58356333245942, 125.37530271783902, 129.7478146682409, 109.04373513122941, 104.45551796052533, 83.85430432075415, 84.80043833775126, 75.64154539336704, 61.19793173938368, 51.1181264853297, 45.336938932362806], [58.98881319144703, 66.61103173316155, 74.72830887223462, 81.72564379621436, 74.02095330053936, 65.36797894988857, 58.03764826372787, 15.367859240715344, 11.287834921730607, 9.856313691713499, 9.761151589198786, 17.71947098606776, 7.744443934793121, 0.0, 7.492072804536472, 56.01059093420785, 63.82572985740626, 71.63668035158389, 80.25575686818986, 88.04342679875373, 85.36888454260702, 78.60492538704241, 69.70371116461895, 61.13898516773384, 55.433501827808215, 23.158571303808422, 22.48900231725076, 21.894935026760457, 24.735781807717984, 27.30778515741855, 23.227342009304337, 20.463759717604436, 16.908130003551367, 16.890181643004585, 17.10011364773138, 44.39376327806614, 42.76759981583069, 48.06458118568177, 56.21310977118336, 56.85921723449771, 55.84352572549873, 49.61898641397816, 39.47376510384472, 31.22983248663262, 34.22302201869848, 30.356245225818906, 30.44747091424163, 80.47893749711604, 68.83206395313282, 64.32417263372636, 60.678554059382044, 56.56642830524739, 53.700914382398715, 58.36665217120997, 65.87925547976253, 69.58067488397661, 74.82360983389704, 79.30373034590096, 84.00310901310735, 77.32185409300712, 67.92816279954513, 63.66277500464836, 60.60248318868567, 59.31929526402958, 63.1040140730952, 68.07692332478007, 73.20245100006763, 109.01518418257439, 108.84297347933759, 110.78828001733616, 114.74542010441543, 119.30414311284082, 120.41222971031377, 125.50377824234533, 105.40333641102664, 104.63399895642144, 85.10554178278534, 87.42632017624139, 79.06264436053048, 65.7284154236966, 56.98002094371845, 50.79905803361678], [51.61102836662208, 59.2656493908106, 67.2817917923769, 74.24399348038605, 66.5918947821351, 57.976031193673386, 50.63026302058433, 8.027687910789446, 7.735551235955071, 11.73910810748176, 15.65269425657107, 23.808069767323474, 14.78177296254035, 7.492072804536472, 0.0, 49.39934735568195, 56.93790907852656, 64.53698138999104, 73.00155924019178, 80.65058213178881, 77.94264868137505, 71.2921531957501, 62.475246491725194, 53.96304726192122, 48.432823489712455, 20.333897266630025, 21.940340045657113, 23.231561481815575, 27.942374291569195, 31.61831938437136, 28.410421106604687, 24.5386901179575, 18.870943757290704, 16.3506614020979, 13.522152195060295, 37.56271105503394, 36.286153221716496, 42.4518107447138, 50.412934079387064, 51.98637334409149, 52.149175262484576, 47.115253283036424, 37.73696812523357, 29.438224097796546, 30.730320866864474, 25.103344890419248, 24.561999527961586, 75.86087861806351, 64.19929773256084, 60.21223573735713, 57.62377273983624, 54.27280465618235, 52.55356788214689, 58.04851029262676, 65.19949999427249, 68.25287448724501, 72.5811043260089, 76.36530863142418, 80.38558558890992, 72.93907954655006, 64.03672056515114, 60.75632021519864, 58.470037667392134, 58.50029671438262, 61.39200264500525, 65.34366864174332, 69.74222603926367, 101.9249288303806, 101.77714856470011, 104.2240968953305, 108.77915123760633, 113.82742033123276, 115.67533684905854, 121.74833938433608, 103.86619048251599, 105.42767787404563, 86.97840516998853, 89.63568625269099, 81.60658076447211, 69.12942919648977, 60.72758813815939, 54.13090027937888], [17.465614571921193, 19.98173668916033, 30.06410899981515, 41.6965400517001, 33.70517127293088, 26.474042937284704, 23.446432203295583, 41.92870970519056, 46.24502458805358, 52.55504920345083, 61.00800256737239, 71.51365386753154, 62.8447413790954, 56.01059093420785, 49.39934735568195, 0.0, 9.254110105797421, 18.57163862862696, 29.279800035055587, 41.038899350142145, 37.90156901407659, 28.01594894221804, 18.86352568458802, 12.17729459575882, 7.114307737398701, 38.86095219572805, 45.885057437997396, 52.32099494628877, 61.49321198323169, 69.01739807699767, 68.80674418054465, 61.2579555585115, 52.7542930650727, 46.62549113671382, 41.22478459122649, 13.711566695913637, 24.909796579596012, 36.459334680812994, 45.8003592391603, 52.69623661487339, 58.76918044827849, 60.84516490099975, 63.15733916836584, 59.02813008358994, 45.19402028274565, 33.999831263894286, 26.582779601243054, 78.74318401815353, 66.4108215680908, 65.62367208154761, 69.65285775814722, 71.41683818773319, 77.18654583240823, 87.77118799267093, 92.39325878683405, 90.74949469242185, 88.97250709600264, 88.33971544566302, 88.37734583055453, 78.20548562084933, 71.76886520708824, 74.26196468185267, 77.07518380739472, 85.74992131997354, 83.32735228814067, 80.62396527499928, 80.35299035387432, 69.10127368312075, 78.38694350213824, 90.13449377398507, 101.13218338033087, 109.83431066805333, 117.11089420138563, 129.76309507100564, 121.89663863712045, 140.10165720886866, 126.75753054377562, 131.17467128522193, 124.30642494157989, 114.0293130717291, 103.47496681811327, 87.5780257806827], [14.904138113265256, 13.91973014606943, 23.021267778887335, 34.80903056764222, 28.048335665974214, 22.739084305716055, 22.049768328748268, 49.18922173437768, 54.05329729469501, 60.60372724748702, 68.93100108440305, 78.97088294192217, 70.66583874255306, 63.82572985740626, 56.93790907852656, 9.254110105797421, 0.0, 9.3553723413651, 20.124411976635074, 32.223323357455996, 29.17921385759598, 19.146825398053487, 10.967635315139814, 8.256510809748692, 9.711588141287551, 47.53931790810517, 54.39152458686582, 60.62272977025368, 69.40840771952611, 76.65516806999528, 76.67260722770837, 69.44775875883526, 61.15058063806386, 55.08671710344141, 49.50357633074421, 20.933834702650014, 30.95533712094202, 41.34822162795293, 48.277000763335266, 56.06404114631347, 63.27577926424797, 66.65317584850868, 69.30000687204216, 65.59899399348554, 52.50328349345328, 41.93371226623401, 35.17615122102465, 79.399348340443, 68.32475039844373, 68.5824790478939, 73.7425285866122, 76.22228784020591, 82.4850106317719, 92.82673438594165, 96.92668138813416, 94.91933020929548, 92.36785244982973, 90.93065806268957, 89.98420353171966, 79.33712902526699, 74.39778468729273, 78.05647401130487, 81.48842716578031, 90.57025981677096, 87.58461016183222, 84.02056716916881, 82.80076299902386, 60.94964561896543, 71.389298566303, 84.83149544695738, 97.00493538099708, 106.53483646414197, 115.01407780993304, 128.8042319557047, 124.48874571881453, 143.62133895596995, 131.33625862145013, 135.5385239768807, 128.88470308885746, 119.30907791964434, 109.0608488982914, 93.74097491956316], [16.661772608032948, 11.47893685269089, 16.975396374649137, 28.22211952587284, 23.511506180248812, 21.302372174601523, 23.31395258335259, 56.636632816122116, 62.002250072608625, 68.75888022205405, 76.91545378038643, 86.46281218594032, 78.48753316039308, 71.63668035158389, 64.53698138999104, 18.57163862862696, 9.3553723413651, 0.0, 10.891436377614571, 23.314977515338548, 20.312404053184892, 10.25090552724748, 6.373253513187515, 11.899198651700798, 17.19006064958196, 56.362700343936595, 63.12523475473552, 69.18159119490231, 77.62815381404702, 84.57632893860838, 84.72500068618244, 77.82854648685868, 69.69584952477848, 63.677589774451185, 57.91134713146038, 28.94670595747615, 37.71417073000556, 46.84576821982391, 51.33708621121072, 59.77072852471214, 67.93066877516486, 72.46794886778103, 75.33337821908297, 72.06664046498584, 59.820350187864264, 49.89924843709495, 43.81605038986542, 79.9907077822565, 70.36545110223094, 71.64599204552624, 77.81509548913174, 80.93928443159894, 87.59165028708156, 97.60135650179502, 101.15862858971624, 98.81863505509918, 95.54084779989415, 93.3286545953597, 91.41031397390576, 80.40114932171737, 77.03202717131681, 81.77740058799922, 85.75851768270196, 95.13256559325653, 91.62848329556876, 87.27035335893368, 85.13477317498634, 52.95518175341523, 64.19643365950269, 79.21762655257174, 92.49781310128853, 102.79832838463241, 112.44866226569873, 127.31618871691775, 126.63522387681893, 146.6280505409594, 135.4860439908251, 139.54878422037785, 133.20660833453272, 124.43541039657694, 114.74987008773994, 100.38566416404142], [23.293693038347076, 16.721893022268414, 15.268874127617824, 23.041378035644197, 22.736812352546124, 24.654369576330666, 28.59788676103598, 65.0043192893073, 70.7258094495506, 77.62081825838717, 85.5384244861119, 94.45412425832362, 86.99631577312812, 80.25575686818986, 73.00155924019178, 29.279800035055587, 20.124411976635074, 10.891436377614571, 0.0, 12.885431597177021, 10.841080678865644, 5.552855585623041, 13.31681332687175, 21.03686147061586, 27.191678995384052, 66.07507109967975, 72.62331985350188, 78.4005144277976, 86.34112791525338, 92.87633819404567, 93.23666806666111, 86.79365492214173, 78.95427260514033, 73.05995232847441, 67.16896876487448, 38.747977935933704, 46.80193049365368, 55.02900536470284, 57.092114524592105, 66.0450678448406, 75.02271373971936, 80.50205320361842, 83.1113357371262, 80.09887536152713, 69.05934207372928, 59.53153958403836, 53.69640057393104, 82.41537799626748, 74.68796383281982, 77.02887501949184, 84.06241166888715, 87.68765764817566, 94.45228547792777, 103.82188931510441, 106.86017474105945, 104.38011699381198, 100.54231006944212, 97.6043550370342, 94.6613648741061, 83.29135302290953, 81.78546522159887, 87.5530151612508, 91.93508856862444, 101.22331752582078, 97.36871483782377, 92.39188524867444, 89.37024376624922, 42.98182631231309, 55.67656478675559, 73.11372169900424, 87.85003731738871, 99.23667090009377, 110.36795709073448, 126.39665042063992, 130.2736758728489, 150.10964664571085, 140.12922834029393, 143.64362620958624, 137.49613138565553, 129.55574548955013, 120.27125762224465, 106.94603392570002], [31.248727823777834, 25.154471001720967, 18.545801718708873, 18.554059519775045, 24.33745683284139, 29.767113695605406, 34.64795805309982, 72.68198058387593, 78.95872557906429, 86.03967534522585, 93.5010238358765, 101.42300860160489, 94.64358278936344, 88.04342679875373, 80.65058213178881, 41.038899350142145, 32.223323357455996, 23.314977515338548, 12.885431597177021, 0.0, 5.6199579453979895, 14.839716411899555, 23.97863712401831, 31.370104075167077, 37.87752507119738, 75.95587288017396, 82.33123698399966, 87.73920667984646, 95.03124553544097, 100.91774248730609, 101.35277336852857, 95.59867079328396, 88.109612211704, 82.3636971713095, 76.2410723031696, 48.752931014266096, 55.75994805816399, 62.9766546120297, 62.14010417693499, 71.51959407276391, 81.30375783025956, 87.71881125748499, 89.5855450100006, 86.8559353541271, 77.76680055549518, 68.83514247601762, 63.58742639660672, 82.85159676844667, 77.65193051317434, 81.17850562372728, 89.00664349416896, 93.0617885540139, 99.67649515833442, 107.97130220127586, 110.37471032362828, 107.9036186417746, 103.61343609301574, 99.94941983134787, 95.87791719552524, 84.1789006363059, 84.9866251764708, 91.80208717905013, 96.47795826347179, 105.28712283824724, 101.1704412922405, 95.6769193611735, 91.7262265816034, 31.73883011366376, 43.714527144463645, 63.416425571411516, 79.57790128921718, 92.14837211480321, 104.85684557726884, 121.97471064746156, 131.39110372895016, 150.21547274148992, 141.7373153616209, 144.62207098088817, 138.89089589909292, 132.21888081043218, 124.07433538001206, 113.13200033927205], [27.4098579215713, 20.82398950629094, 13.49089436246793, 14.934073975652492, 19.31736968823432, 24.967827913305978, 30.38938484171292, 70.01043252521876, 76.51566144015108, 83.69439858931334, 91.21255806912947, 99.32608819018992, 92.18373445361185, 85.36888454260702, 77.94264868137505, 37.90156901407659, 29.17921385759598, 20.312404053184892, 10.841080678865644, 5.6199579453979895, 0.0, 10.719206005222356, 19.861538850926205, 27.559385875725862, 34.299845924000124, 73.4062353704025, 80.08465489987341, 85.70341958802342, 93.34569741422493, 99.4064900611692, 99.56546940176507, 93.6079879640916, 85.8424112655907, 79.93702025337906, 73.69070067459974, 45.156455897179654, 51.4155705345197, 58.075252395521815, 57.17893422340898, 66.4677648653992, 76.2315041499835, 82.81323696144617, 85.21852747137945, 82.78533546170127, 73.37450619982981, 64.90057580197988, 60.37156419751329, 78.43871708211978, 72.76601558833576, 76.20237286184202, 84.08970739517846, 88.26816213818935, 95.16519890766722, 103.81458965922599, 106.15429304599559, 103.42673802458938, 98.95489921459436, 95.26931059417605, 91.31876673572928, 79.75575298599887, 80.18028351088736, 86.98664056003244, 91.7933577413291, 101.03020430180722, 96.71189187063882, 91.04270166215598, 87.10283279175358, 36.97866856770637, 45.922596460295345, 63.26804170617817, 78.53029816034994, 90.36611036646535, 102.38630666395633, 119.21101152628614, 127.00508558203043, 147.40972031528096, 138.9877394860442, 142.7306441926139, 137.35744794845917, 130.775973586843, 123.32601740968371, 112.80677187960667], [20.264969167423125, 12.903641443756563, 10.7117011410641, 19.91094563390212, 17.958966627762546, 20.045095329456377, 24.749404631733828, 63.364512220142664, 69.48217413890936, 76.52771430915436, 84.39931201525347, 93.31716600738197, 85.57139217730118, 78.60492538704241, 71.2921531957501, 28.01594894221804, 19.146825398053487, 10.25090552724748, 5.552855585623041, 14.839716411899555, 10.719206005222356, 0.0, 9.939322090913445, 18.381559198414617, 25.005879244399843, 65.07999060198776, 71.96739890717124, 77.91507371987873, 86.13020987789854, 92.71706421966218, 92.74659891982992, 86.22078307425912, 78.12699521407971, 72.07458888634558, 65.98360065557343, 36.412755792754496, 43.278099389351944, 50.65904041624705, 52.21689574456, 61.12752234354488, 70.21195052540585, 76.04351634699266, 79.14510172146834, 76.53536378190417, 65.47264880002511, 56.62339677256118, 51.847415522130014, 77.46156388215138, 69.58957614120423, 71.99570671788054, 79.21001834009216, 83.04089402297156, 90.09590760901452, 99.67387397532934, 102.52834709141753, 99.76803259436488, 95.66419500980967, 92.59763169136639, 89.62658832261504, 78.38172608138339, 76.79209957459008, 82.70050115000141, 87.27068626683767, 96.94965058492039, 92.82910230793549, 87.582243805872, 84.43794525222945, 46.263382254780254, 55.85473463182934, 71.24062959399545, 85.18239371156702, 95.9330946683268, 106.52891111730936, 122.35554807609512, 125.34909297880675, 146.70948719829627, 137.0781986003865, 141.44818554503087, 135.80290118944126, 128.23601778464368, 120.0340678664655, 107.79932110597997], [12.249651565658752, 5.734783932714466, 12.432641366683995, 24.391366114978844, 17.981459690321728, 15.165175561755364, 17.866702280962315, 54.636374734565486, 60.66039148498058, 67.66865473628177, 75.64827320122603, 84.9452166443416, 76.79655755403616, 69.70371116461895, 62.475246491725194, 18.86352568458802, 10.967635315139814, 6.373253513187515, 13.31681332687175, 23.97863712401831, 19.861538850926205, 9.939322090913445, 0.0, 8.701877854524334, 15.288605504984782, 55.87250217038382, 62.99689343415511, 69.13614090091238, 77.71273007102624, 84.52928653590666, 84.29319807963653, 77.50051006327003, 69.1644543163583, 62.9972427428897, 56.89873107242924, 26.681105309908432, 33.77401921084852, 41.95101127261278, 45.419453865146636, 54.00116046558032, 62.48347188353888, 67.5392787902172, 70.6260393437666, 67.78625366740445, 55.998559421731926, 46.89995701396388, 42.2404333435602, 73.68179317763395, 64.16348327931115, 65.6494370064347, 72.09933518347934, 75.46386150728263, 82.33600436181341, 92.35195029533983, 95.65893521203023, 93.09716971087704, 89.56120576511704, 87.17444611182307, 85.12782954154306, 74.13580601981032, 70.93850697821948, 75.9501594622778, 80.12745535759896, 89.7538838312167, 85.98182941710743, 81.33702520397054, 78.99823013867946, 54.596172661916775, 62.48207634898038, 75.39690356302066, 87.85828871004242, 97.58887129690267, 106.76548834251906, 121.43789841370796, 120.45007817939823, 141.54868857477803, 130.92661377561066, 135.76585370773796, 130.01182715628633, 121.84964935692419, 113.60692058163518, 101.09600503038436], [7.0705357648818214, 7.904915402500967, 18.104510222008138, 29.618740238578162, 21.61553272699815, 14.99544923711061, 13.829731196366364, 46.171439430592876, 52.126979302931275, 59.12584789980652, 67.1258006361155, 76.58361619210109, 68.26340853310063, 61.13898516773384, 53.96304726192122, 12.17729459575882, 8.256510809748692, 11.899198651700798, 21.03686147061586, 31.370104075167077, 27.559385875725862, 18.381559198414617, 8.701877854524334, 0.0, 6.876150641860166, 47.39549748864751, 54.637825462550396, 60.819317375605074, 69.51871098093487, 76.38134371949101, 75.96286696599533, 69.10513408615388, 60.674326994577534, 54.462162872565656, 48.312208452871886, 18.038302178089406, 26.059340868256548, 35.69114771933469, 40.94435869706733, 49.19420868956338, 57.04440277354743, 61.13192204063133, 63.49434838025465, 60.16863553645411, 48.25166532045909, 38.53821704517356, 33.575430935565265, 71.35865168496838, 60.72458987426951, 61.36952616942936, 66.92660237686239, 69.66332705406613, 76.00645877713157, 86.06139988869397, 89.85742082512115, 87.74858877885839, 84.99013887103727, 83.3377761578216, 82.13765898218533, 71.32335513174515, 66.89620184964797, 70.97597945686907, 74.5878017644654, 83.68328649123652, 80.46229323904471, 76.62885180672224, 75.118972133942, 60.63805287744822, 67.27274057695195, 78.4886661145488, 89.81997569377391, 98.8866590725338, 106.98527134005968, 120.5970463584199, 116.7515117183122, 136.2929704355508, 124.68485888588161, 129.50176133735002, 123.49519697862681, 114.78411177310093, 106.36804202871954, 93.84781613352598], [10.751126351125865, 14.593511019501339, 24.78600393655874, 36.01747205271232, 27.56082601483196, 19.768783400401176, 16.335885532395572, 40.756895398653626, 46.261203017629676, 53.08961747366806, 61.24325988137858, 71.11944043614844, 62.54039281149805, 55.433501827808215, 48.432823489712455, 7.114307737398701, 9.711588141287551, 17.19006064958196, 27.191678995384052, 37.87752507119738, 34.299845924000124, 25.005879244399843, 15.288605504984782, 6.876150641860166, 0.0, 40.80918245339132, 48.13526240016077, 54.45010239634548, 63.40589560897038, 70.49808508749616, 69.98966011917135, 62.873121907892354, 54.31537693527748, 48.06276150029622, 42.05024225369321, 11.775984018564351, 21.573470430665576, 32.65222043509522, 40.19487882529956, 47.74377807721957, 54.6629134293218, 57.63813253906845, 59.6842981854325, 55.90180865167361, 43.25560674623753, 32.77407184328374, 27.048348047286936, 72.32207877920048, 60.61628768374813, 60.372873685780945, 64.98783434892985, 67.11539575030427, 73.04467812541664, 83.3197572990422, 87.59505883748464, 85.81930338191353, 83.72410597092953, 82.74434875259664, 82.3533806303586, 71.89557540115176, 66.21036794224136, 69.31367786746556, 72.40393942607095, 81.14908614355312, 78.42431724762935, 75.32688100486374, 74.61514839086307, 66.37771704719194, 73.11837397993658, 83.57860250657333, 94.19171528218851, 102.74619931503777, 110.01567940592808, 122.7856055020739, 116.22221853745879, 134.79869359957223, 122.2270440740454, 127.02633539980185, 120.70187555031701, 111.29133622288278, 102.28728326364538, 88.90410620757538], [47.74002414492273, 54.42094125937666, 64.0114232067557, 73.41320028267695, 65.21178274993255, 56.25611910588342, 49.45801559936776, 18.17573341163352, 14.006682621740879, 16.42497934166104, 24.868551579414536, 36.87773099691354, 28.017139575620934, 23.158571303808422, 20.333897266630025, 38.86095219572805, 47.53931790810517, 56.362700343936595, 66.07507109967975, 75.95587288017396, 73.4062353704025, 65.07999060198776, 55.87250217038382, 47.39549748864751, 40.80918245339132, 0.0, 8.015205923156124, 14.713178944580164, 24.820865784087285, 32.79774937807486, 31.600378523408942, 23.250197656331377, 14.310784462021253, 8.358195008422928, 7.014240517622559, 30.735825799727408, 34.165533182867236, 43.68297266023925, 55.95332898363554, 58.43996146222568, 59.03314105795697, 54.34852664157833, 50.1287710342091, 42.85748395019854, 34.33547084566084, 23.984476260660564, 15.872649902501, 87.03036863830485, 73.4