{
	"dissimilarities": [[0.0, 8.700275600370192, 15.764070169253147, 22.377737648926306, 18.051137285621504, 11.937803080398462, 8.55719561903922, 42.52813658421133, 48.16233493611043, 55.431496525821466, 64.01088986268151, 73.28210114135194, 64.29972542738413, 56.90684423898743, 48.256046644919735, 16.644320348108508, 16.679190849653978, 20.553659254464492, 27.928887676349692, 33.51281838601081, 30.41572932171486, 23.929918178260703, 16.347047281599878, 10.779151421478822, 10.242665860574771, 44.37823391853901, 50.66376937937238, 57.630046171848846, 66.3140224947351, 73.30671602068541, 70.5715791895393, 64.20066974067312, 56.72880098747158, 49.60284037474238, 43.11802018845101, 19.931256235269466, 29.452618971879737, 41.193415003424874, 40.6402104887025, 48.29522840398555, 55.0894493317798, 59.06324066747226, 60.837086790638956, 58.00676507007934, 47.28486947693609, 37.671545297880336, 33.10125776196109, 64.33049812984393, 61.620227811993466, 62.34101795893412, 65.86811096128761, 68.15687281478552, 72.33058541562457, 79.96761326141424, 81.53070189306916, 80.90486385341643, 79.24023896083091, 75.21038671553235, 70.92402199525861, 65.45363751463465, 66.01689937100417, 69.04681608010856, 72.03561569154289, 77.55241719583587, 72.97357543856545, 70.0115912086249, 67.00639817927913, 52.36398372102424, 59.33304074362577, 69.05730829250608, 77.77796427297842, 88.5357778973402, 95.28804309622518, 101.76274230047915, 105.81850560252539, 122.47337384475088, 120.23149987934727, 123.33529991597894, 114.58895380279736, 108.04815797335658, 101.80192195407639, 95.35420981983556], [8.700275600370192, 0.0, 8.016175557147935, 16.11620437025701, 13.419607869335302, 10.76892122650129, 13.698416647884272, 51.155640233130036, 56.622331532676164, 63.827074324166276, 72.51342373500839, 81.93161260144382, 72.96275046245499, 65.54076952858446, 56.88374025712653, 18.64924831358674, 13.820820129494704, 14.589808419336595, 20.54932520700714, 26.09799048022857, 22.549335598357843, 15.752525359490177, 9.124942474199003, 7.764637664159865, 13.077700968098364, 51.98360358578913, 58.277376084243436, 65.38625299104216, 74.15265277819245, 81.27655921205967, 78.79477671715222, 72.26150757302425, 64.82781019459215, 57.618684586319425, 51.263308046521786, 26.71069027337086, 34.86530362860741, 45.39975570724152, 44.44137195010472, 52.49223645909603, 59.89029745267476, 64.93495548797839, 67.67090435712427, 65.49767409611427, 54.408641732159516, 45.50550894283586, 41.3387833431633, 66.83487079617112, 65.08443800010221, 66.5545261018634, 70.86525797596218, 73.92833595678482, 78.68113172303441, 86.68838144887344, 87.74062690600293, 86.44543920893432, 83.88292984094039, 79.15532294606898, 74.25490907864895, 68.56211013596305, 70.20550831732415, 73.90002234706938, 77.62666405697905, 84.02061816380309, 78.53053790942923, 74.83771320671867, 71.17650704300729, 46.55680199783139, 55.155010552114696, 66.61400595949145, 76.70644450987801, 88.0955377401571, 95.80515297097301, 103.50216037996852, 109.85115910716434, 128.60349611554338, 127.25488660539841, 130.70899155631253, 122.25145099813739, 116.13586479431532, 109.93145717620527, 103.10328920492881], [15.764070169253147, 8.016175557147935, 0.0, 8.631258296477693, 8.566535347626248, 11.190931194109002, 17.84173115930887, 58.07132495000227, 63.89650253359688, 71.18366815728696, 79.69918232066242, 88.59719630103092, 79.71448573531823, 72.32086952732085, 63.70026877201152, 26.161462607279393, 19.592196876851204, 16.971824091875362, 18.134548110611053, 21.267667148114413, 17.25421831972762, 12.84973224730574, 11.587890674323305, 14.6994098126501, 20.941193113617878, 59.84066298555758, 66.13293269529964, 73.17087952710712, 81.77344455704845, 88.63278158562629, 86.21153866780206, 79.87922974922033, 72.45374631410901, 65.29819316193442, 58.85530938645486, 34.133553117784395, 40.65121761806528, 49.65304312212524, 46.50425968929554, 54.53131800573694, 62.53522119097906, 68.45445932778003, 71.74696664196426, 70.27055042187618, 59.97482590398097, 52.029374165814936, 48.73387726269819, 65.99137329814897, 65.50576312904467, 67.96843075620312, 73.0367355135977, 76.81104226822745, 81.90121064907837, 89.94997377615124, 90.44692118365103, 88.63998070339713, 85.24339448696871, 79.89444407629723, 74.29530161968798, 68.32686036853603, 71.30039127008334, 75.65486680459074, 80.02562331946169, 87.07024135309894, 80.8683790789429, 76.53233931663863, 72.21074933761868, 42.112853528722475, 48.9577488604316, 60.59652924211411, 71.50796187970197, 83.32980852386613, 91.83152497232766, 100.70066457596198, 109.99118919918735, 130.04737510430428, 129.78957177000743, 133.67326449361363, 125.78406861832624, 120.58512950513565, 115.32520990421001, 109.69635559987904], [22.377737648926306, 16.11620437025701, 8.631258296477693, 0.0, 6.817294041860966, 13.800860448924949, 21.66774597675176, 63.149639178403625, 69.5259473360387, 76.91455372130741, 85.09076309515139, 93.12192271768907, 84.35825062192602, 77.0548168514458, 68.56455934406452, 34.625946490541985, 28.184219663972268, 24.69122138834201, 22.40849271994973, 21.88400471652074, 18.131142191931623, 17.971392638465222, 19.829425226178746, 23.268356385657864, 29.089117182641928, 66.71330209450869, 72.99628629807727, 79.8609792745694, 88.21011891342796, 94.63105466307657, 92.10515191598803, 86.15043352880373, 78.71838176125507, 71.70473348787107, 65.10941150998802, 40.80821132329931, 45.71064911896454, 53.135808640001386, 47.032483825537184, 54.68796692492729, 63.17851433054726, 69.7521084771408, 73.32754127447376, 72.56419969526779, 63.706296682586405, 56.88893337070932, 54.7174032073293, 62.58863398344019, 63.49752230618849, 67.02865193563471, 72.75667606328372, 77.13883716544872, 82.38024341195278, 90.24178692902191, 90.176963507544, 87.98138052065637, 83.85549631638628, 77.99912520646457, 71.72051997236481, 65.4896086366682, 69.85708879567268, 74.80258726241524, 79.69981110555193, 87.19631736885253, 80.46364735544365, 75.597877861005, 70.67857502864376, 40.75923896530996, 42.489414657281436, 52.52597646221859, 63.69622773719383, 75.71726974002468, 84.79335324639739, 94.65945603296711, 107.00924414758943, 127.82025868358394, 128.7332553894337, 133.13045661597886, 126.02364879414208, 122.01547343045407, 118.27869633929868, 114.7487303521137], [18.051137285621504, 13.419607869335302, 8.566535347626248, 6.817294041860966, 0.0, 7.530667467151894, 15.781453827214872, 57.662342933304274, 64.25923524107161, 71.6562685332984, 79.84253271181379, 87.96448634352122, 78.81077579085274, 71.38012324622204, 62.92046975065239, 31.41758609086, 26.71096245482566, 25.357194136931255, 26.154423644496717, 27.475428221954157, 23.543360917388533, 20.96632828792726, 19.58942287536672, 20.824115395099543, 25.368308442055863, 61.73771309002999, 68.10862166137044, 75.03915528373827, 83.67047276743662, 90.27659698468553, 87.26193835113855, 81.21444848670899, 73.59775710165174, 66.5836407892239, 59.943258775051675, 35.229119858964665, 39.24933845791953, 46.540079678675546, 40.53434820812273, 48.282262208150335, 56.656474651896275, 63.09708195006227, 66.74319009770628, 66.0297953171483, 56.98081376084603, 50.52632311674144, 49.177471406186484, 57.83673616242375, 57.94278131009594, 61.00443681274897, 66.50121912426192, 70.72962893349556, 76.00973430459293, 84.05369967999938, 84.08106254944812, 81.92041106559394, 78.04300641459811, 72.41064734002305, 66.4794010488759, 60.386465787288174, 64.04420113784232, 68.75937026912642, 73.50846691571257, 80.99982777821826, 74.29980401852686, 69.58815068665636, 64.90693524566932, 46.834648036146696, 47.75741641062106, 55.220573589945644, 64.83071784688472, 75.78933518694043, 83.79390430559012, 92.30799448896903, 102.05266294490652, 123.23924447299623, 123.92382823545613, 128.72892951411055, 121.82183967434088, 117.67713478729551, 114.3819408825342, 111.17709462974958], [11.937803080398462, 10.76892122650129, 11.190931194109002, 13.800860448924949, 7.530667467151894, 0.0, 8.385369869166837, 50.271528854302225, 56.87526116425934, 64.26261312708613, 72.49273541878107, 80.82813631759353, 71.4959286863281, 64.00320459333238, 55.52012493306508, 26.56509788835411, 24.080805847848406, 25.098119759894306, 28.87218629895694, 31.953213178824736, 28.1728855286354, 23.701325686809227, 19.21263904016627, 17.533125868538846, 20.10112435067081, 54.488039792402084, 60.873720028970965, 67.80130009330944, 76.5534286529557, 83.28212522908667, 80.02358956677786, 73.91321931872811, 66.2280627717911, 59.22391830029548, 52.57186224677964, 28.094154638719903, 32.619416826281444, 41.01493258388083, 36.18112237284474, 44.00222297415358, 51.94222672162514, 57.63118632185752, 60.766964547957215, 59.53294983783237, 50.08238062407538, 43.1142187768937, 41.70025369288866, 56.36915811438462, 55.19923519758119, 57.34954580004902, 62.16863589280988, 65.77158712802452, 70.7533056825874, 78.770153941872, 79.2669057740401, 77.57781174049704, 74.47433428527462, 69.43132348385289, 64.1497149829782, 58.286249749363286, 60.6658807461145, 64.78004217270929, 68.94805983687833, 75.8809552810417, 69.79628945919285, 65.66645807282531, 61.58753866354789, 51.35640497036547, 53.194083889291306, 59.924313410798945, 68.37900338668058, 78.69756196895744, 85.7274958970875, 92.89938071345533, 99.67118070704709, 119.65853299965781, 119.44239674095772, 124.02995396178996, 116.7821027336829, 112.01208783352222, 108.3577393974704, 104.7872457307878], [8.55719561903922, 13.698416647884272, 17.84173115930887, 21.66774597675176, 15.781453827214872, 8.385369869166837, 0.0, 41.90348671421897, 48.583645334522885, 55.98351561236927, 64.1407856535812, 72.47253010040271, 63.128322923252384, 55.65446888357283, 47.16323053489255, 23.981471153686027, 24.567566005943956, 27.810032607307853, 33.63910510726505, 37.71459200492743, 34.32754523053679, 29.043187186476143, 22.645015832026395, 18.155998732672487, 17.480273427888935, 46.843109584261356, 53.16014583921581, 59.9319430273807, 68.5917903444386, 75.24126714482344, 71.80505978874852, 65.805569611799, 58.129846155427735, 51.2254473361056, 44.52810223404911, 21.645276775694597, 27.401719400589627, 37.32340307336701, 33.58817242567194, 41.06186348868868, 48.27084614078972, 52.71889098482437, 54.80431696485178, 52.74335947261843, 43.3674484107677, 35.49569010737318, 33.67346472268586, 55.90770349341891, 53.47933047844733, 54.63098249826109, 58.503749504097435, 61.18697078293784, 65.55104998058394, 73.24131862168258, 74.37699797414895, 73.45380639226121, 71.41163173802002, 67.1815316383103, 62.663741340325345, 57.08764907174424, 58.07377508514647, 61.38267568523138, 64.68719302938739, 70.63777061590216, 65.58839925058896, 62.314797383096575, 59.03233591073303, 56.20463634052341, 58.327403404096636, 64.37817437165876, 71.67595702734135, 81.47017466624862, 87.56012183207407, 93.45630738308749, 97.5255511940652, 115.20173683383236, 113.85413877229337, 117.93700799128432, 110.20048274625755, 104.76453968052913, 100.69978873788851, 97.01719469918447], [42.52813658421133, 51.155640233130036, 58.07132495000227, 63.149639178403625, 57.662342933304274, 50.271528854302225, 41.90348671421897, 0.0, 8.31145224563638, 15.14287945030327, 22.45535613671743, 31.79235238221864, 21.89017979702179, 14.59161100551008, 6.131954605690014, 43.78588062804973, 52.248090638992075, 59.29403755434478, 68.42599500799687, 74.36799964185384, 72.0613976915872, 65.61671053002455, 57.15804125532214, 49.740877612233426, 42.877535850003106, 18.199496316666018, 20.8827907284924, 24.1955997302735, 31.238445764814713, 37.15520464180175, 31.56368930241967, 26.67147495521375, 19.58606907164613, 15.527774768203363, 11.200283818213762, 29.726334691309756, 34.4362573060743, 43.97473418257065, 48.06637222610214, 50.371857559137375, 50.81057892183818, 46.55571743533508, 41.120674171421236, 33.21048195952384, 28.152588452216005, 17.77729295637235, 12.694743284639555, 71.30851664949854, 64.04878226079255, 60.080552330801375, 57.925608909031666, 54.592687092158634, 54.0825325676328, 58.161244019073955, 63.252299479437916, 66.97487711831613, 71.17118320991788, 71.9078473888125, 72.05569625031733, 69.13672989820427, 63.32654922162509, 61.62685134417149, 59.315941239814855, 57.96779970836079, 60.31576665116249, 62.57442160389095, 64.22774067536348, 89.15727389890839, 92.70296830165258, 96.52870341808386, 99.51354109214289, 106.49087397475918, 108.39695171345687, 108.32341609893706, 98.57003997651525, 102.82919241473192, 94.6424561119969, 95.37781530296625, 84.83818824969947, 74.60580637282935, 67.1039508327522, 61.501303024386154], [48.16233493611043, 56.622331532676164, 63.89650253359688, 69.5259473360387, 64.25923524107161, 56.87526116425934, 48.583645334522885, 8.31145224563638, 0.0, 7.4281945113919186, 16.020441897594992, 27.617042027680604, 18.70358363041353, 12.937879298040963, 8.547977792575328, 47.113059498753024, 56.00143166396481, 63.26880302236073, 72.78351645752895, 79.17418226971095, 77.07779093616288, 70.37408236771587, 61.80026011119486, 54.34771794023477, 47.25036200896162, 14.249608542952119, 14.467597237194504, 16.22035097126943, 23.063654967002215, 29.603239896041718, 23.90374598445988, 18.43120799981705, 11.443729344599907, 8.752439772287325, 8.085427640375308, 34.41912616068229, 39.92295241355521, 49.6192074385462, 55.53545151509505, 57.76097743026315, 57.64345867923706, 52.767409627847236, 46.95937430180778, 38.685455657056295, 33.512289817141024, 23.56547303360775, 16.816718850021996, 79.29212835024153, 71.72566757625381, 67.32791222382671, 64.67727252827152, 60.80319413882519, 59.804577868217066, 63.32558498551829, 68.88544719358602, 73.05781960439495, 77.86553345533251, 79.05119206778615, 79.63014031553406, 76.95993565705817, 70.64505392340766, 68.52187813480525, 65.70433050511454, 63.517861638393015, 66.69764072643109, 69.46303352782188, 71.54282654279626, 93.48623361925938, 98.93099414877553, 104.00994666376339, 107.33387348434033, 114.54867609027431, 116.46449007963801, 116.2060549198354, 105.21372948958417, 107.57026677664186, 98.07740545007512, 97.67383701893466, 86.19805989783009, 74.47025856180144, 64.46839031747653, 55.55815774282593], [55.431496525821466, 63.827074324166276, 71.18366815728696, 76.91455372130741, 71.6562685332984, 64.26261312708613, 55.98351561236927, 15.14287945030327, 7.4281945113919186, 0.0, 9.424062596766856, 22.668320667435555, 14.828955394314328, 11.838955988753655, 12.755627235456751, 53.514786901857484, 62.59917823397586, 69.97074213722797, 79.63285000759232, 86.16804283115314, 84.1489738901838, 77.35743446787872, 68.73441361767851, 61.27168657394852, 54.08636991057559, 17.309826090673496, 14.541714704580507, 12.679110102828274, 17.61888895178822, 23.942734681320616, 17.107650747198484, 11.939416875396596, 6.615255531473896, 9.69335859925908, 13.444888748605992, 41.10608511713015, 45.92598773705712, 54.806814136798984, 61.49378848629688, 63.1556096181207, 62.22167142667374, 56.44095387972275, 49.94096845234166, 41.403499727134204, 37.46686223219603, 29.131716929864282, 23.63813192560914, 84.7975965213526, 76.85101603193583, 71.94613436086158, 68.59999232287767, 64.02173250397169, 62.31132323332251, 65.04337069716648, 71.0699638729294, 75.80997067188021, 81.39649705827972, 83.23217142469693, 84.41843348135245, 82.15285671929796, 75.1685556996977, 72.45085445492224, 68.93941829676083, 65.67466453559699, 69.90588637943709, 73.36100574087088, 76.03373336145384, 100.15527043314583, 105.95820927869497, 110.95138353164242, 113.91216127957668, 120.79935502122098, 122.2496909054501, 121.26818789119913, 108.36422600314205, 108.65935164148759, 98.00609614148708, 96.88845554407548, 84.98542023062659, 72.22254042985622, 61.09339088215198, 50.81416927580812], [64.01088986268151, 72.51342373500839, 79.69918232066242, 85.09076309515139, 79.84253271181379, 72.49273541878107, 64.1407856535812, 22.45535613671743, 16.020441897594992, 9.424062596766856, 0.0, 14.051671198244211, 9.745561335384636, 12.75144257397123, 18.436613498382126, 62.78750119164589, 71.723820088571, 78.92441944555092, 88.29120866535543, 94.53079773344761, 92.62930495777627, 86.13679161243908, 77.67889139090337, 70.27693393261494, 63.19522098665096, 26.407224016121898, 22.550807830366544, 17.875526191341336, 17.02542802912564, 19.596809075929094, 11.454530348332442, 11.733283192547304, 12.903758352892234, 18.67973205186793, 22.828524732594264, 50.22750730422052, 54.28057830487915, 62.111245117065245, 67.94558261612588, 68.72463144758036, 67.00696837866344, 60.15390239071921, 52.37403056362743, 43.61820980308588, 42.92201516716391, 36.584172054840565, 32.61743535421506, 89.23905148772641, 81.19821853664001, 76.01444548548685, 71.89725572325086, 66.47057407199283, 63.57198409184463, 64.77196372744025, 71.35521245069411, 77.04661245325444, 83.63729305383623, 86.31097377161825, 88.09418298220154, 86.24742271984194, 78.79480060071383, 75.4070835378486, 70.97622625193392, 66.04145514271951, 71.87204620333662, 76.23784062138213, 79.57228197063957, 107.67861369533534, 112.37391320207861, 116.41995956129915, 118.48376258481278, 124.8038304809903, 125.5439143180127, 123.67061490151441, 109.32616153084712, 105.60990409454395, 93.4962736104063, 91.24069866542938, 78.83502414326414, 65.141719675751, 53.543278516661964, 44.45753242890777], [73.28210114135194, 81.93161260144382, 88.59719630103092, 93.12192271768907, 87.96448634352122, 80.82813631759353, 72.47253010040271, 31.79235238221864, 27.617042027680604, 22.668320667435555, 14.051671198244211, 0.0, 12.261324793351084, 19.81003846051794, 27.142671501315487, 74.26604046057648, 82.65000966338977, 89.34529873453765, 97.87693468413826, 103.28933637184284, 101.55681050881518, 95.83442675015517, 87.83948044729469, 80.6417371762507, 73.92773722318644, 39.861172799648266, 36.33390128778272, 31.308677918741253, 26.95501163489819, 23.687118277598586, 18.36393474382952, 23.96721343170509, 26.856800548189838, 32.24324850296176, 35.356376111084266, 61.3240623536952, 64.68484810097458, 71.40391619878648, 74.56744379274929, 74.22975967380556, 71.96996594336393, 64.18055074087978, 54.755730484980894, 46.14961712960565, 50.44083114765327, 46.17287935343067, 43.75947550766908, 91.83926945519342, 84.24246780562912, 79.2371190781427, 74.4677399574698, 68.25418413281555, 63.75388568735061, 62.52323869021363, 69.60159562731351, 76.58675747599025, 84.23426305699707, 87.81746877031622, 90.03230564228052, 88.55980987042875, 81.1291902029219, 77.14926387021222, 71.72013979996078, 64.60841151378301, 72.47992179440298, 77.83384752594445, 81.74605506655034, 114.9755977387954, 116.79530933324696, 118.86346518053305, 119.41559279857955, 124.88826350496163, 124.69199780730838, 121.87352289257838, 107.2809609442641, 97.0219638273911, 83.15876858014242, 79.09150403276485, 65.98714392797638, 51.56157901599219, 40.90573553689877, 38.85002174855301], [64.29972542738413, 72.96275046245499, 79.71448573531823, 84.35825062192602, 78.81077579085274, 71.4959286863281, 63.128322923252384, 21.89017979702179, 18.70358363041353, 14.828955394314328, 9.745561335384636, 12.261324793351084, 0.0, 8.016183806655507, 16.34272144859521, 65.17028642999291, 73.89388955581575, 80.97946886364292, 90.01407349425229, 95.75091535882181, 93.61818515209673, 87.40582051113665, 79.01944013221087, 71.60584275100823, 64.6741747295814, 31.505208595519388, 29.227097571380174, 26.28456526904263, 26.74905803500379, 28.208710686772076, 20.425892126791155, 21.24931440182805, 20.335990699118547, 24.197766588227392, 26.45422550042809, 50.93400050898257, 53.01267407882818, 59.26697944261651, 63.26411423153131, 63.07307005414903, 60.78572702584444, 53.26883489644005, 44.58120650039274, 35.81842694372875, 38.35302352152217, 34.37278523814386, 33.57037751262666, 82.30534865224075, 74.21950437077314, 68.9186951528306, 64.3532991383047, 58.49889051322998, 54.949163723527526, 55.462505731153286, 62.1866643267046, 68.27154340243253, 75.28570687874927, 78.40453236282676, 80.54335832994545, 79.03153338003098, 71.30042456827222, 67.52840669056623, 62.61769315509272, 56.934293826809586, 63.465216669696865, 68.29810849128704, 72.00545865314486, 109.24216192527851, 111.12043793779272, 112.70985985767648, 113.45744438266293, 118.6903588419809, 118.53272761072306, 115.66118096874179, 100.21753917080524, 96.13847938818658, 84.40824860360682, 83.26774564164518, 71.98416368511018, 59.56933149682953, 52.09602567462346, 49.42925009062219], [56.90684423898743, 65.54076952858446, 72.32086952732085, 77.0548168514458, 71.38012324622204, 64.00320459333238, 55.65446888357283, 14.59161100551008, 12.937879298040963, 11.838955988753655, 12.75144257397123, 19.81003846051794, 8.016183806655507, 0.0, 8.661424995152007, 57.85926557322329, 66.62689449843344, 73.82110557408075, 83.01645968235063, 88.87581623601831, 86.56958585574586, 80.16471089289337, 71.64965189909151, 64.17920825961329, 57.207067835467534, 25.96204166818586, 25.12764182815608, 24.345788887684787, 28.020936781287254, 31.81577604777707, 24.146248855718955, 22.018535402047636, 17.995597291122348, 19.497192582634707, 20.291061973941382, 43.13210619633195, 45.04294784829336, 51.69930975059264, 56.01625807491771, 56.349994022223015, 54.5853175703581, 47.79422207461655, 40.01020222998411, 31.230148667272015, 31.444121639805886, 26.435266820816942, 25.992690244824022, 76.57916947701446, 68.46635520110719, 63.316172823623226, 59.317078704896666, 54.116965644407394, 51.589938574801664, 53.5754909213598, 59.801368999609586, 65.04170889486828, 71.21807094951885, 73.65980018507888, 75.35007058875563, 73.52524472647045, 66.06523948526669, 62.798585807528745, 58.62842653102297, 54.43490263723532, 59.54573015292811, 63.64097787215377, 66.84613192037996, 103.20838520625162, 105.35494285142774, 107.16858166453467, 108.40638689675477, 113.89732205668145, 114.17013862263634, 111.86382801173984, 97.38336611402626, 97.1943562282417, 86.97332735403793, 87.1447886527752, 76.56846913306644, 65.25019902301177, 58.568445393042346, 55.15088724742225], [48.256046644919735, 56.88374025712653, 63.70026877201152, 68.56455934406452, 62.92046975065239, 55.52012493306508, 47.16323053489255, 6.131954605690014, 8.547977792575328, 12.755627235456751, 18.436613498382126, 27.142671501315487, 16.34272144859521, 8.661424995152007, 0.0, 49.507282353665566, 58.12793876567281, 65.26969522625792, 74.44854122385043, 80.34104616304025, 77.97729005336981, 71.5263522439352, 63.013716845687206, 55.55721311390165, 48.63859897786059, 20.977913812890808, 22.21934871450059, 24.005159743124395, 30.094127676754894, 35.37642996072743, 28.75743878808551, 24.684510456519025, 18.32537050726653, 16.379568923849188, 14.35803814583267, 34.80693252243888, 37.748896853536515, 45.7907214018092, 49.985336424557595, 51.34352151011422, 50.74864681615935, 45.330254271013835, 38.871266379882634, 30.466962499554892, 27.512458883239738, 19.644294334334568, 17.773302090544856, 72.17162884784898, 64.44154616297801, 59.88576377738971, 56.904822047048825, 52.76479516714123, 51.47405797717427, 54.85638525901679, 60.396884484294446, 64.69485157869688, 69.7071067610103, 71.16335430015576, 72.00386732331614, 69.57794695359358, 62.95863469718005, 60.56472953333129, 57.47227314734904, 55.03940052717911, 58.448518391113865, 61.477002990859326, 63.81637631278502, 95.10578799584081, 97.80062971273308, 100.4700551481639, 102.58155513138962, 108.78920734311362, 109.90403904258797, 108.76285184681491, 96.77818828930455, 99.68110455945231, 90.83852534528508, 91.62621345607988, 81.2653075185566, 70.77961599600849, 63.999271840360265, 59.58467452676916], [16.644320348108508, 18.64924831358674, 26.161462607279393, 34.625946490541985, 31.41758609086, 26.56509788835411, 23.981471153686027, 43.78588062804973, 47.113059498753024, 53.514786901857484, 62.78750119164589, 74.26604046057648, 65.17028642999291, 57.85926557322329, 49.507282353665566, 0.0, 10.10292581412919, 18.63869211493931, 30.245859092358756, 38.83294210345194, 36.11484516478915, 27.263474687551238, 18.062913974765006, 11.557271780654375, 6.598814730931231, 38.63421048292139, 44.71209845074405, 52.18465714461972, 61.663541303244635, 70.00006567252292, 67.59561105532936, 60.08412313466794, 52.84577062055772, 45.529054150468944, 40.118772727798564, 17.754370008670513, 29.79310590570317, 42.913420700352205, 49.18193070164645, 56.835033174839175, 62.33642783235393, 65.44935925694844, 67.39078498467848, 63.7649206232406, 49.91495440576374, 38.98999863893771, 32.026946537584465, 76.77732615856878, 72.55181766434865, 71.78366006149606, 74.40640919292508, 75.96858365558873, 80.14489968034091, 88.21635547211046, 90.39833920389535, 89.92544854674037, 88.97277386228545, 85.500923188745, 82.20810081007957, 77.36953370668726, 76.2034914242065, 78.45523097305764, 80.87234432932107, 86.01736351473339, 81.8912945776885, 79.50457490997097, 77.28848828821965, 58.19902923292122, 72.202332302326, 84.75260449557173, 94.15427900760618, 104.86903593874565, 111.4030747067499, 117.09220252078384, 117.24336941411654, 134.46451756023447, 130.821007355326, 133.37733189247416, 123.62662043089252, 115.09249069110282, 105.85760013477154, 94.25207678340448], [16.679190849653978, 13.820820129494704, 19.592196876851204, 28.184219663972268, 26.71096245482566, 24.080805847848406, 24.567566005943956, 52.248090638992075, 56.00143166396481, 62.59917823397586, 71.723820088571, 82.65000966338977, 73.89388955581575, 66.62689449843344, 58.12793876567281, 10.10292581412919, 0.0, 8.60110939773777, 20.34794967962986, 29.20276452744851, 26.530294711972996, 17.546072807456067, 9.108218529552476, 6.6409401442902665, 10.335531883614166, 48.20233025986668, 54.17777296388528, 61.458068497472, 70.44697255344988, 78.32986412677943, 76.45163101125053, 69.24730831565114, 62.179838663311195, 54.91810616316741, 49.34672150795222, 26.35073290797531, 37.01085939093254, 49.01225615304028, 52.94771534268163, 61.023599061989465, 67.47856313539232, 71.66946729122364, 74.16749038684927, 71.10790664176537, 57.93962724988752, 47.58715815664609, 41.062199107615434, 78.43639773708409, 75.5107586964163, 75.84028709003975, 79.37548701392993, 81.73579922969965, 86.30592072372616, 94.47123548122642, 96.15364294887644, 95.20725670131038, 93.36809526439009, 89.15456884097358, 85.00180228844856, 79.71712342667747, 80.0129160490886, 83.04719686238964, 86.19455627353895, 92.04417329684297, 87.16901630882087, 84.05477676341641, 81.0577789366757, 49.201641945771826, 64.84059173864891, 79.40489981040994, 90.21727415692509, 101.88727743558678, 109.59224750878565, 116.89377624378227, 120.67581952345806, 138.86229829225903, 136.13719030219457, 138.72122939823814, 129.12812591083727, 121.29503371791562, 112.30974383798643, 101.25314738368407], [20.553659254464492, 14.589808419336595, 16.971824091875362, 24.69122138834201, 25.357194136931255, 25.098119759894306, 27.810032607307853, 59.29403755434478, 63.26880302236073, 69.97074213722797, 78.92441944555092, 89.34529873453765, 80.97946886364292, 73.82110557408075, 65.26969522625792, 18.63869211493931, 8.60110939773777, 0.0, 11.850273212025197, 20.993917133395236, 18.626817645061895, 10.030584686705263, 6.332287933873031, 11.297503902322275, 17.792518842626805, 56.04261552888564, 61.900942311042975, 68.97551303654566, 77.4872860920506, 84.92681173496717, 83.52317477709312, 76.62645665437464, 69.74789804632385, 62.57121937732521, 56.91429430991482, 34.24662707060761, 44.327271719282585, 55.60806570567433, 57.66186753699264, 65.86466687656927, 72.92504893629506, 77.73527794304465, 80.42603631877704, 77.67322916169893, 65.23313408124878, 55.14609680813475, 48.677504843462266, 80.99728675990163, 79.16113291241096, 80.34527943089368, 84.48389299734981, 87.3391490906384, 92.06261002594265, 100.1398133778947, 101.5038192944149, 100.31949138015601, 97.90615677027533, 93.2043929363434, 88.41089561351635, 82.79832511744551, 84.23974129554124, 87.8060828913893, 91.40154820836744, 97.59800266582312, 92.33588664304331, 88.77176752078691, 85.2391500884566, 41.236706999902474, 58.601583161868525, 75.23165060172072, 87.29498286007644, 99.85558913223554, 108.58522633126994, 117.29505382183252, 124.24954755375815, 142.6068104198792, 140.49885451304152, 142.91424748259905, 133.35961913066373, 126.05664455792594, 117.17104798393397, 106.57800275408744], [27.928887676349692, 20.54932520700714, 18.134548110611053, 22.40849271994973, 26.154423644496717, 28.87218629895694, 33.63910510726505, 68.42599500799687, 72.78351645752895, 79.63285000759232, 88.29120866535543, 97.87693468413826, 90.01407349425229, 83.01645968235063, 74.44854122385043, 30.245859092358756, 20.34794967962986, 11.850273212025197, 0.0, 9.4741902695708, 8.26534866017563, 6.424448217290723, 14.212342997270008, 21.252579792414213, 28.42647096712066, 66.5936520914535, 72.34692460164102, 79.14505388147012, 87.04475975512426, 93.82423409064012, 92.90709558994828, 86.4882326111055, 79.8072245577734, 72.76067092240459, 66.94490376648628, 44.74843609352905, 54.172411935645115, 64.58861039297658, 64.02588122259564, 72.17893446715294, 79.90494254432421, 85.37485247766186, 88.17645410031311, 85.82410538334857, 74.58223647887354, 64.90275072230602, 58.668650856486025, 83.97251310734508, 83.63241877102237, 85.94107792674642, 90.78534160886214, 94.21336319211639, 99.03095463115903, 106.86199976756527, 107.80622416004937, 106.37718651362715, 103.2755208649413, 98.01228722393586, 92.41703681761423, 86.4219257737245, 89.37147152841239, 93.57260325038385, 97.6741147350385, 104.20141036749841, 98.54493788144278, 94.46961465152667, 90.29331683484925, 30.232679034881084, 49.31517673895625, 68.66468222054789, 82.31212113773854, 96.01005368690359, 106.07639500355197, 116.66809618625172, 128.04546633151077, 146.26619045266648, 145.04246924540985, 147.2537162322132, 137.8833358597808, 131.47086753627642, 123.0680634454317, 113.67454287142958], [33.51281838601081, 26.09799048022857, 21.267667148114413, 21.88400471652074, 27.475428221954157, 31.953213178824736, 37.71459200492743, 74.36799964185384, 79.17418226971095, 86.16804283115314, 94.53079773344761, 103.28933637184284, 95.75091535882181, 88.87581623601831, 80.34104616304025, 38.83294210345194, 29.20276452744851, 20.993917133395236, 9.4741902695708, 0.0, 4.62328966294185, 13.004630318173747, 21.98169148334636, 28.913042888276582, 36.15468304427043, 74.11686085475561, 79.85262412053079, 86.44916289097178, 93.93712487642978, 100.16361014313232, 99.41834760472034, 93.42702107311733, 86.81731739380639, 79.88077925222896, 73.87518162544895, 51.96960931097158, 60.73981030775537, 70.42652161817603, 67.57741130884779, 75.51536641542073, 83.67022867046902, 89.56146289396696, 92.37012237064529, 90.39171632304611, 80.35255786390785, 71.16660694745609, 65.40544595400836, 84.40561634172042, 85.27249604139078, 88.4660446955713, 93.80092322275098, 97.63400591600613, 102.45189811748834, 109.9897894329998, 110.57353711891616, 108.98468372636255, 105.38373485913584, 99.74830753878474, 93.56697297714335, 87.3203399271974, 91.44573040648008, 96.09584170212632, 100.53928920032719, 107.25103100253567, 101.34879451833575, 96.92593244234261, 92.29096879315625, 22.6616468006015, 40.774385337297986, 61.71981239660417, 76.37611631476425, 90.81995648037879, 101.81208013563504, 113.77398581848352, 128.65433174021345, 146.57763058799367, 146.1714112172466, 148.358202663739, 139.35388372202064, 133.88205060881535, 126.36987276274496, 118.63907885857091], [30.41572932171486, 22.549335598357843, 17.25421831972762, 18.131142191931623, 23.543360917388533, 28.1728855286354, 34.32754523053679, 72.0613976915872, 77.07779093616288, 84.1489738901838, 92.62930495777627, 101.55681050881518, 93.61818515209673, 86.56958585574586, 77.97729005336981, 36.11484516478915, 26.530294711972996, 18.626817645061895, 8.26534866017563, 4.62328966294185, 0.0, 9.462238701262665, 18.592156977836247, 25.693735439451192, 33.110376126791024, 71.98780981855896, 77.89299646783903, 84.67505880863051, 92.535856755967, 99.0268341829175, 97.87416000731244, 91.7011182067868, 84.85758112508424, 77.81193495674722, 71.71028214376673, 48.760117095397725, 56.880299520774834, 66.20758326635064, 63.43763367245114, 71.43590049331151, 79.60584022106484, 85.68423859620641, 88.81688016528702, 87.06916116556198, 76.77668172958086, 67.9615014351233, 62.807962255796355, 80.69627281556446, 81.38737464722041, 84.50037435231792, 89.8955946633301, 93.85164385925879, 98.86415633039006, 106.63553123619936, 107.10319321825249, 105.30980629614284, 101.5826376955496, 95.88742588465993, 89.76171843198667, 83.57688476602205, 87.58240894349751, 92.26835039932374, 96.83129197223246, 103.80983636316317, 97.64411780603852, 93.10621462488157, 88.44140563665023, 27.090567576036957, 42.40259927901575, 61.362371659509336, 75.42230229282445, 89.30260742151391, 99.87005841502874, 111.29119909319398, 125.1210918521238, 144.17994790858833, 143.99188993690436, 146.72349418096437, 138.06004551096927, 132.6911297885644, 125.71131660574432, 118.30154237634436], [23.929918178260703, 15.752525359490177, 12.84973224730574, 17.971392638465222, 20.96632828792726, 23.701325686809227, 29.043187186476143, 65.61671053002455, 70.37408236771587, 77.35743446787872, 86.13679161243908, 95.83442675015517, 87.40582051113665, 80.16471089289337, 71.5263522439352, 27.263474687551238, 17.546072807456067, 10.030584686705263, 6.424448217290723, 13.004630318173747, 9.462238701262665, 0.0, 9.571324161249688, 17.13481054354676, 24.689423965892523, 64.34444366860991, 70.36176458428787, 77.41062121775299, 85.82190287956556, 92.9080250227172, 91.36613449528676, 84.74625358018594, 77.71193376307423, 70.52221393612085, 64.52884016762897, 40.66963241255957, 48.97377204020216, 58.7957070253867, 58.15269084042235, 66.36665052834796, 74.1390431559826, 79.91044321772335, 83.1841138267018, 81.21981329298275, 69.74309071673011, 60.704686969940354, 55.52801586786156, 78.47960138797961, 77.96237192625395, 80.21166581239962, 85.17056191538225, 88.80493329216473, 93.89776217930508, 102.02895781694284, 102.7670919218093, 101.03326965053513, 97.71687447428799, 92.35278505232351, 86.80729880020176, 80.896665429298, 83.745974212413, 88.02313497555315, 92.31655006729433, 99.2368820211569, 93.1855416658492, 88.92444557025019, 84.67985930576629, 35.28897601934269, 50.64246420027908, 67.41727155555506, 80.23155410393503, 93.14823507160321, 102.64753476758993, 112.54781672990943, 122.7039704922693, 142.46659835950996, 141.6534383246456, 144.66234465049243, 135.86159828366488, 129.74689845774947, 122.31395349751506, 113.73689618643802], [16.347047281599878, 9.124942474199003, 11.587890674323305, 19.829425226178746, 19.58942287536672, 19.21263904016627, 22.645015832026395, 57.15804125532214, 61.80026011119486, 68.73441361767851, 77.67889139090337, 87.83948044729469, 79.01944013221087, 71.64965189909151, 63.013716845687206, 18.062913974765006, 9.108218529552476, 6.332287933873031, 14.212342997270008, 21.98169148334636, 18.592156977836247, 9.571324161249688, 0.0, 7.7140781568789585, 15.268237443011882, 55.38419970230636, 61.52357118321781, 68.75209766055742, 77.59228653640564, 85.07460061991169, 83.07704027115967, 76.18776552163001, 68.96226388531323, 61.686599840382684, 55.718904417720864, 31.289488560663404, 40.07860042690723, 50.71123862516853, 51.790739290183176, 60.02739117424628, 67.29690003431554, 72.4840214196525, 75.55666000110297, 73.26331087855057, 61.06233255684812, 51.729839097232244, 46.55675776520196, 74.785084475279, 73.05196430439862, 74.41093429359351, 78.77479405495512, 81.91064785807512, 86.86047434809522, 95.10964487768886, 96.19850906809397, 94.73388782607401, 92.03051575023659, 87.16474268861231, 82.26621414614115, 76.64201956193942, 78.27003130145101, 82.01282485805625, 85.85229514224719, 92.4279054603384, 86.7704412504608, 82.96672808084192, 79.26198795145766, 43.44066750631709, 57.15378851729163, 71.55852807985136, 82.91509144005752, 94.88444160234674, 103.22751315942595, 111.54987248563069, 118.21935407528959, 137.71217858447605, 136.18915887112524, 139.33788905226672, 130.43664431916716, 123.73586841254256, 116.16439342508775, 107.13884165440925], [10.779151421478822, 7.764637664159865, 14.6994098126501, 23.268356385657864, 20.824115395099543, 17.533125868538846, 18.155998732672487, 49.740877612233426, 54.34771794023477, 61.27168657394852, 70.27693393261494, 80.6417371762507, 71.60584275100823, 64.17920825961329, 55.55721311390165, 11.557271780654375, 6.6409401442902665, 11.297503902322275, 21.252579792414213, 28.913042888276582, 25.693735439451192, 17.13481054354676, 7.7140781568789585, 0.0, 7.600783251468558, 47.94719114826746, 54.17892342764249, 61.48239830684195, 70.55281109099613, 78.21265244073635, 75.86811100460964, 68.87943712120864, 61.5217936125229, 54.21106985255061, 48.20923626672773, 23.664625423292737, 33.39241467457232, 45.007303920232374, 47.23228391466195, 55.32106472926061, 62.08791625394212, 66.57338680771689, 69.2011532997539, 66.50654571809756, 54.012855912223124, 44.25476141736381, 38.91552093587988, 72.00481754595134, 69.3197849480471, 69.9485087837192, 73.71306228619721, 76.30645466287166, 80.96892275974629, 89.1360632715775, 90.58469349227701, 89.49853679486122, 87.43565933511215, 83.084346411695, 78.74480442984994, 73.35925197920145, 73.97558307500421, 77.19696872370857, 80.53097224118665, 86.6055560443538, 81.48490866037939, 78.1856500939945, 75.00155612630806, 49.470694623157584, 61.624343014551755, 74.28009074472752, 84.44712904151038, 95.72602399881276, 103.16141427888795, 110.27262688175826, 114.40317943215184, 132.9750637784085, 130.7861577733672, 133.88378752890858, 124.85285316781551, 117.72323172373561, 110.09628857963686, 101.01036514390597], [10.242665860574771, 13.077700968098364, 20.941193113617878, 29.089117182641928, 25.368308442055863, 20.10112435067081, 17.480273427888935, 42.877535850003106, 47.25036200896162, 54.08636991057559, 63.19522098665096, 73.92773722318644, 64.6741747295814, 57.207067835467534, 48.63859897786059, 6.598814730931231, 10.335531883614166, 17.792518842626805, 28.42647096712066, 36.15468304427043, 33.110376126791024, 24.689423965892523, 15.268237443011882, 7.600783251468558, 0.0, 40.55129675293916, 46.85934135201662, 54.262443152988354, 63.61677336634683, 71.54192100765871, 68.85573666586528, 61.69291525914317, 54.2202065183122, 46.86980598130614, 40.91642164895285, 16.475318528478898, 27.765206626824195, 40.54580206579978, 44.523436714312936, 52.304045826478095, 58.341450019955126, 61.92598282437869, 64.01623776219091, 60.79612673997383, 47.81635197210818, 37.4295482963124, 31.639100758278463, 71.07044432388398, 67.33559978508522, 67.08708487280232, 70.10733747967068, 72.03121213621097, 76.33893030454188, 84.39670439674883, 86.2821117248949, 85.63344169191703, 84.3205249505687, 80.57903551477902, 76.91665950353689, 71.86168225517133, 71.30252467736634, 73.88671165994818, 76.6061684741977, 82.06171284844582, 77.59916049695725, 74.91144023406046, 72.36200679465841, 55.91513564331378, 67.27854524853996, 78.59401652865498, 87.68475313121813, 98.28025305484717, 104.82401340436718, 110.70682021418716, 112.07957326476755, 129.62034576421925, 126.63424430501982, 129.60030566495755, 120.3564862404269, 112.64033425709145, 104.72423349972023, 95.20948841383336], [44.37823391853901, 51.98360358578913, 59.84066298555758, 66.71330209450869, 61.73771309002999, 54.488039792402084, 46.843109584261356, 18.199496316666018, 14.249608542952119, 17.309826090673496, 26.407224016121898, 39.861172799648266, 31.505208595519388, 25.96204166818586, 20.977913812890808, 38.63421048292139, 48.20233025986668, 56.04261552888564, 66.5936520914535, 74.11686085475561, 71.98780981855896, 64.34444366860991, 55.38419970230636, 47.94719114826746, 40.55129675293916, 0.0, 6.601602211725575, 14.28929975490426, 25.083894658747035, 34.52554463638907, 30.255744811138428, 22.011967005356745, 14.63658246998079, 7.733792258019411, 7.097313117660582, 28.671758607922293, 36.27163044249133, 47.62525093409142, 57.185595494168595, 60.857091021483974, 61.49300574339575, 58.156355683505986, 54.68021078842024, 47.35509652609259, 37.021041447395916, 25.29859773196242, 15.105730440573106, 84.45