{
	"dissimilarities": [[0.0, 7.843704308148922, 16.214834797055257, 26.006518747679127, 18.051717317224917, 10.477810010140763, 7.487038112165518, 43.98629580080657, 49.52844737161417, 57.87216269694758, 65.2548699789323, 73.78667581267358, 65.93523797581625, 58.61587813911679, 50.36637887838669, 17.786507537824647, 15.881772542912525, 18.200806529977566, 23.2928343284037, 30.827853439934252, 27.231541295730832, 20.27671206765303, 14.055027783744007, 8.716374710532014, 10.3681644973488, 47.79327213530262, 55.21485640920793, 61.18894123798471, 69.30881894108244, 75.42692467858443, 74.82670131438366, 68.67924669502722, 60.47581078529198, 54.156914595934694, 47.829529538273256, 19.449632933862997, 27.55429778115968, 36.256401226041525, 38.47840741890036, 46.380656840052644, 54.384640254224735, 59.208370723508104, 60.92731976591561, 58.36113221416721, 48.607095809919706, 39.176581782363115, 35.28283069437297, 69.4633166181766, 61.99712524431252, 64.31476266745474, 68.3645480748321, 70.19436824586585, 75.00985270648384, 84.35304263091999, 85.64306569538124, 85.27702554305965, 84.00125263487598, 78.85822084775285, 74.73221713041123, 69.52539560898953, 70.59695487990146, 73.96088428272259, 77.51398252641864, 82.15690722146005, 77.51398252641864, 73.96088428272259, 71.62018311616404, 58.65802153002974, 63.29952826318579, 69.82937867545016, 76.62945184451479, 87.35567303507419, 101.43961090084287, 106.36311568976893, 111.5161998676754, 128.55513008451385, 122.37402768718533, 122.05108061941228, 114.61905733071897, 109.91744503007381, 102.3381780819011, 92.33332143084574], [7.843704308148922, 0.0, 10.187020743411397, 21.703909851713956, 14.185312756340203, 9.822175862202021, 12.338629811604084, 51.65349694032135, 57.00356748986764, 65.16234679875832, 72.68012123373835, 81.47155106138713, 73.53430126295729, 66.20202105391951, 58.00940825039825, 19.989823204065335, 14.558375554844435, 13.21767715837499, 16.769565380505423, 24.94460890804717, 20.927634081713585, 12.91339519524304, 7.9795263406348855, 8.727529728034842, 14.171818084813323, 54.37677270163981, 61.74709733370544, 67.85142216431002, 76.18958573560037, 82.5425632610228, 82.08544163702356, 75.68476800010964, 67.39177271054412, 61.11685410753196, 54.82745433175235, 25.70488153220718, 33.016168628414, 40.699961276757634, 42.39444095259712, 50.419771084988675, 58.66344573606147, 64.2755683855344, 67.1521924348951, 65.12883747286882, 54.76852675316295, 45.62252835797693, 42.09950191453059, 72.41125994796005, 65.37565405139142, 68.42425322294551, 72.90982214965885, 75.35331797019774, 80.78784605451106, 90.40266571556438, 91.34026414188868, 90.28617882230432, 88.33048649532878, 82.622391472272, 77.87342979083434, 72.95675297673198, 74.49206019111175, 78.45718693830462, 82.7119779252518, 87.86683135599091, 82.7119779252518, 78.45718693830462, 75.50253833298943, 54.66421052833602, 60.82673036103017, 68.71508075735628, 76.52031197545264, 87.8828572761746, 102.79056745207475, 108.58557656535102, 115.55849372156568, 134.56892208115528, 129.1064076069385, 129.13546947908384, 121.95501156508912, 117.50075051642774, 109.88097946714126, 99.20862787079876], [16.214834797055257, 10.187020743411397, 0.0, 11.979362283071083, 7.505065506290935, 11.633866600273448, 17.67819830425593, 59.68045101063036, 65.50256054913037, 73.97188339202896, 81.24361563171676, 89.3039895798945, 81.72437204630067, 74.42986436153113, 66.08424640087702, 30.046430467792923, 23.441935619104367, 18.158589817182115, 15.217972722659347, 18.005101170984293, 13.118744222324555, 10.651884648770094, 14.331851915195537, 18.817892827188967, 24.320675244830067, 63.94128722804966, 71.28249813009735, 77.18862021686003, 85.17302932143899, 91.18523914943034, 90.73672997011096, 84.74847399145084, 76.6419361825155, 70.35284412426522, 64.03398051559252, 35.19139680621624, 41.091774365783664, 46.887905074349284, 45.36421561506949, 53.22903223342524, 63.07170412416569, 69.42592314459286, 72.51153655421277, 71.22130928045775, 62.19295863572741, 54.11482631647964, 51.39685400058176, 71.78825218524037, 66.3396705398289, 70.93862739408206, 75.99111807105953, 79.05784292179246, 84.74711970350127, 93.91021371261238, 94.39971770773165, 92.81772233242887, 90.02842164222959, 83.68972315351581, 77.64119561015097, 73.50564854020608, 76.03333340755657, 80.8992665034359, 85.83322805860927, 91.13082609673944, 85.83322805860927, 80.8992665034359, 76.96686501891008, 48.007913391982086, 52.23141023494152, 60.395955204043695, 69.11385031697799, 81.45168332004054, 97.23534518842904, 104.62481586425159, 115.7248508550369, 135.6774959918576, 131.48873605315188, 131.93775757634762, 125.41727419395603, 121.96417735095096, 115.63518085084742, 106.71024430775624], [26.006518747679127, 21.703909851713956, 11.979362283071083, 0.0, 10.93187555432818, 19.45513807944056, 25.40594932851975, 66.76800551621923, 73.12198069867327, 81.94865218320976, 88.7656306548176, 95.66375262546177, 88.69775744460425, 81.55617184854344, 73.12194762066808, 41.618849948049515, 35.09936352307384, 28.907085583405085, 22.833273920059604, 17.46344973390246, 13.602272016671554, 19.746038652112734, 26.081593483671856, 30.398313352748076, 35.395501150506774, 73.28026169207322, 80.53124104266665, 86.07219696550932, 93.42989930623757, 98.8351330420231, 98.34203616237434, 93.06538489657541, 85.31715239307715, 79.05494361937131, 72.7549013651081, 45.03809250657237, 49.83500733324619, 53.990596496096515, 48.90557650435985, 56.21289747328706, 67.77423498310496, 74.46337847640103, 77.00641320748991, 76.33019995299452, 69.47301789092262, 62.57096312717876, 60.52224209280136, 70.17781644470116, 66.87839050465594, 73.06808611459704, 78.51503298400168, 81.95972913496372, 87.4778879059755, 95.68993478261721, 95.801346147215, 94.0021263995142, 90.55607801734365, 83.8062817843997, 76.38479150066838, 73.26067422218587, 76.85053299313857, 82.48857029308698, 87.8004765642765, 92.85309255713165, 87.8004765642765, 82.48857029308698, 77.66765738743716, 42.47297890878073, 41.42745950183225, 48.89410815002954, 58.476977518766525, 72.08491585239675, 88.61452551802046, 97.92233476461733, 113.97275985766846, 133.57451405284192, 130.71888980175024, 131.45745593429916, 125.7186796487162, 123.5110094873668, 118.98197666131604, 112.84371789457], [18.051717317224917, 14.185312756340203, 7.505065506290935, 10.93187555432818, 0.0, 9.294615641821238, 16.21979731852865, 59.14803452719672, 65.64966808116925, 74.35754250535736, 81.37540411594243, 88.88902538090113, 81.2508022568782, 73.92258753919131, 65.49265525714253, 33.618613133831694, 28.596751730905805, 24.931914980177034, 22.669218109104822, 23.609627804246003, 18.615159233976165, 17.876740109346947, 20.12310882458061, 22.536762104789585, 27.046337034627335, 65.10149460069294, 72.75204993286097, 78.71576265430019, 86.600228051478, 92.3056480510015, 91.44699277736244, 85.75241035587686, 77.58086325391079, 71.14974615365594, 64.77355426737623, 35.88618221809004, 39.50579398597802, 43.47440363169008, 39.79682605748906, 47.447319254199805, 58.10368971267543, 64.82421616412923, 68.16262651830792, 67.57262730343945, 59.52880815720118, 52.787653216070034, 51.74990562457641, 64.62365325719922, 59.6492526994381, 64.84680221184327, 70.1356534675533, 73.52880294622328, 79.4296092558896, 88.47625158136253, 88.65538105867746, 86.69124508569257, 83.52249424409865, 76.96130873011477, 70.54964559219107, 66.64541718147771, 69.50545691488193, 74.72635828329314, 80.00530227960739, 85.47675565121273, 80.00530227960739, 74.72635828329314, 70.40605597819751, 52.03555165980154, 51.79106125562678, 56.57720967202376, 63.878944896402174, 75.05858313054178, 90.58889596878574, 97.46969978429176, 108.73181416015153, 129.9763268429786, 126.61192917088476, 127.95260826828284, 122.19549520397146, 119.67501819677771, 115.15835073014372, 108.4060942348455], [10.477810010140763, 9.822175862202021, 11.633866600273448, 19.45513807944056, 9.294615641821238, 0.0, 7.374629555090143, 50.536553958032115, 56.9674906175743, 65.56319510623, 72.68659132848914, 80.59764777330933, 72.64393764823426, 65.24980976576384, 56.865205142356125, 26.255296058757303, 23.357039578705773, 22.968371517688492, 24.660903113535603, 29.35287973827294, 24.677017808829415, 20.004513243154456, 17.35533914075072, 16.02545072682313, 19.137712807812484, 56.094155482838175, 63.880273089918184, 69.98971279933889, 78.07754367503797, 83.91900796281696, 82.90700831479649, 77.0149179359969, 68.68826276916656, 62.20889591982907, 55.82205923693316, 26.72765157181023, 30.487734370234943, 35.66113462086425, 34.262413638641924, 42.218517732740025, 51.792686878252425, 57.895461937718764, 60.93402140138774, 59.79673774021765, 50.930403526181394, 43.63894862108047, 42.57240686268899, 62.82897967065313, 56.314683921075975, 60.11313745404722, 64.9124809382593, 67.73391758399369, 73.39276366593526, 82.82924771049447, 83.40428905828688, 81.9501363497957, 79.56628729088577, 73.60345311143516, 68.4036819604717, 63.72542303738565, 65.66471075901326, 70.06528400683307, 74.71463149109644, 80.03969882153373, 74.71463149109644, 70.06528400683307, 66.64023026399896, 58.17681070852237, 59.07331021654421, 63.184094009550755, 69.31341699967982, 79.31714295131142, 93.81883505806934, 98.99902916492245, 106.22739831130397, 126.55414031138498, 122.10600070449618, 123.21205098271793, 116.99716968354082, 113.79039321101142, 108.63172010420752, 101.1296645282358], [7.487038112165518, 12.338629811604084, 17.67819830425593, 25.40594932851975, 16.21979731852865, 7.374629555090143, 0.0, 43.174665570210834, 49.644914774574254, 58.29714115848402, 65.3574575502444, 73.22636764832927, 65.28710925211261, 57.90434358119644, 49.51156930064186, 23.17370342194846, 22.662178155447133, 24.820815321277927, 28.595043510133657, 34.29432237039713, 30.146431031550733, 24.70610160375783, 19.757421397244403, 14.93432725391355, 15.515723610243997, 49.259817787427764, 57.031577523707064, 63.03999802437063, 70.99449841672653, 76.71928170486028, 75.62932678419604, 69.85514151460276, 61.59781612012913, 55.11903439766276, 48.73838411722761, 20.51874491713065, 25.01121175610278, 31.637969457141367, 31.64384692769318, 39.550500562615504, 48.49095039214412, 53.69703351420898, 55.63316241545762, 53.793955698936564, 45.08720067875752, 37.24026785141742, 35.69863696239261, 61.996417417686835, 54.74014585818267, 57.48970850542219, 61.757098038928525, 63.86849118276743, 68.91049909229044, 78.2255532098662, 79.23646028827795, 78.53828514279306, 76.96287639997, 71.65150371222657, 67.30531209203681, 62.194928031917065, 63.481047760207844, 67.12287653475319, 70.97562930476019, 75.80504465008525, 70.97562930476019, 67.12287653475319, 64.48691806983089, 61.923132235230106, 62.86760504909753, 66.49604533217796, 71.89378046154461, 81.38987406129442, 95.05647436414431, 99.30846482836185, 104.2249623026665, 122.49577776108009, 117.08617803175198, 117.69404772098126, 111.04189346059788, 107.32536181575705, 101.74585189688865, 94.23052778475765], [43.98629580080657, 51.65349694032135, 59.68045101063036, 66.76800551621923, 59.14803452719672, 50.536553958032115, 43.174665570210834, 0.0, 8.399714333790406, 17.110590911315512, 22.77996652238631, 30.44982363991834, 22.119606565651456, 14.810163114384762, 6.40953679035334, 42.31882282201003, 49.974576772084816, 57.74422913540995, 65.3808085142511, 72.78577232879908, 70.1457886218422, 63.65059400127507, 55.610860520141586, 46.84847929823883, 40.83650741207144, 18.571346521700896, 23.43308306532476, 26.936302995722425, 32.43248763946313, 36.446745933803676, 34.039309672923906, 29.85262290556811, 23.11516374074482, 17.716864454542456, 13.706309107267137, 29.019586527247732, 30.503204712925182, 38.19012646395583, 45.50874776508938, 48.449885785453574, 49.08971928795044, 46.21063103988304, 39.10526703283806, 31.283850526587134, 28.08940974751249, 20.85959394400248, 15.920549610989596, 72.86056912003697, 63.377362770649434, 59.26240922138193, 58.96643753027698, 55.795178499366536, 55.22803686647114, 62.001227285594354, 66.04054807881164, 70.55850263650112, 74.46835350958955, 74.07758340874749, 75.5584953394965, 69.16467787311754, 66.34158644676464, 64.44076519365221, 62.202717539276826, 62.69773763590435, 62.202717539276826, 64.44076519365221, 67.2881385016533, 94.40016406960154, 95.46491886328612, 96.67180588627016, 98.38748646272981, 104.35443361269486, 112.77101259668015, 111.5532275280388, 102.07287497970587, 106.44920711395147, 94.57008365337698, 91.72786167639971, 82.13142194806574, 74.29291987183271, 65.29137216077842, 57.7415700428233], [49.52844737161417, 57.00356748986764, 65.50256054913037, 73.12198069867327, 65.64966808116925, 56.9674906175743, 49.644914774574254, 8.399714333790406, 0.0, 9.174425276463317, 15.757410819930191, 25.43301214564193, 17.100695587871826, 10.544426174472038, 6.488604449980981, 45.49326228436181, 53.47542709722517, 61.60860092613384, 69.73031736623146, 77.72029073007444, 75.39138501531906, 68.47509399604048, 60.136625030988014, 51.42966300781824, 45.24333685392591, 14.106875672589453, 16.398995894916066, 18.810108280366304, 24.07603792764343, 28.522522973666455, 26.371444103424654, 21.610894027366243, 15.106858124569783, 10.458418787126954, 8.70623642130548, 33.74273811625284, 36.44361920049161, 44.76642726059219, 53.39530498867634, 56.24387458858961, 55.777953315083266, 52.26985310771276, 45.01387453682602, 36.772984781974245, 33.179246464870204, 25.692450106991917, 18.659581114387887, 80.87499725296334, 71.17821406871387, 66.47881599771829, 65.75981668998207, 62.1596879653785, 61.05720992585877, 67.41154675269082, 71.79941197138237, 76.81746092828878, 81.27168580082505, 81.34302672586725, 83.36192258891164, 76.88923104916364, 73.71003824863496, 71.29925736576645, 68.4933163363066, 68.52961874455433, 68.4933163363066, 71.29925736576645, 74.64952777927824, 98.60906901090867, 101.47244781488324, 103.89201812663856, 106.08161258590532, 112.4394471194055, 120.75055080057841, 119.45029751262155, 108.73455941161312, 110.97640528958114, 97.85878322849554, 93.84257733784021, 83.29103533079082, 73.89003157284925, 62.040284850636105, 51.03439296617943], [57.87216269694758, 65.16234679875832, 73.97188339202896, 81.94865218320976, 74.35754250535736, 65.56319510623, 58.29714115848402, 17.110590911315512, 9.174425276463317, 0.0, 8.138307409109462, 20.416551554438392, 12.228587742219865, 9.131959946758746, 12.686749506880238, 52.11100955037508, 60.44908327411179, 68.93116451705447, 77.44398859097417, 85.91759991221298, 83.69339695848346, 76.38233262558987, 67.75215242752479, 59.069725531673065, 52.774200046925, 15.267285957576782, 12.949651230747067, 12.590228291234991, 16.527913045755476, 20.980381713238437, 18.296946961481904, 12.90155778410138, 7.534246610801443, 7.218860484446768, 11.498936066894931, 41.25170817606421, 43.48846448072176, 51.323640572211346, 60.97460177565758, 63.27860339637301, 61.25103979232965, 56.783405874234724, 49.23473406321092, 40.7725728117095, 37.582356546215415, 31.36234205000281, 25.139701048109625, 87.8191805008456, 77.82284355660033, 72.1981231248225, 70.82307180071913, 66.63439033719034, 64.84875363304042, 70.72038502272423, 75.44997297845948, 80.99061553622592, 86.15727908396815, 86.93330392926181, 89.86762650756053, 83.29311876122391, 79.53478702667358, 76.35271439162807, 72.77881095506802, 72.28192722196107, 72.77881095506802, 76.35271439162807, 80.451403824569, 106.53946417548067, 110.27985565307709, 112.92956121149474, 114.9637203601391, 120.96029875078075, 128.73298174343296, 126.65483667509065, 113.3710634696519, 113.81453421181361, 99.54406645088393, 94.85517124848391, 83.74132193194376, 73.11234911104964, 59.44645790143938, 46.013868114640196], [65.2548699789323, 72.68012123373835, 81.24361563171676, 88.7656306548176, 81.37540411594243, 72.68659132848914, 65.3574575502444, 22.77996652238631, 15.757410819930191, 8.138307409109462, 0.0, 12.944044989216426, 6.691903088871654, 9.742506038959895, 17.06869956567061, 60.16178012923307, 68.39972300816787, 76.73148416747642, 85.04418806588039, 93.11658280148741, 90.9548073218717, 83.99205942163711, 75.53559084884564, 66.85345635435016, 60.597169961759015, 23.189990958952038, 19.456377837536436, 16.36670930600113, 15.215269648208604, 16.344586793013335, 12.215805421585673, 10.888450395443467, 11.925320138535696, 14.856085341560238, 19.62006306431998, 48.981779788040754, 50.475198854392836, 57.30833768216843, 66.17635038189127, 67.76173752205719, 65.2695993615237, 59.90226315978504, 50.98368976132769, 42.37253775382253, 41.980358233663644, 37.70452346392769, 32.89641672306876, 90.86598819634276, 81.24053146811865, 75.14780476296337, 73.17005924407714, 68.30470989648936, 65.36031115408504, 69.97916325627698, 75.09932644966197, 81.51870318467935, 87.43973307104719, 88.99881446013734, 92.52909155684402, 86.12887954878849, 82.06321528254425, 78.22221855397626, 73.70753512674868, 72.1972824228582, 73.70753512674868, 78.22221855397626, 82.9120238489443, 112.82990883975724, 115.66021501236695, 117.52500552004979, 118.89408758401139, 124.2820361348231, 131.12248715877612, 128.34974670494339, 113.50571132246532, 110.69991082306568, 95.39282299297592, 89.92671492367845, 78.41301567444516, 67.07430873792178, 53.11722707901395, 41.46944041819062], [73.78667581267358, 81.47155106138713, 89.3039895798945, 95.66375262546177, 88.88902538090113, 80.59764777330933, 73.22636764832927, 30.44982363991834, 25.43301214564193, 20.416551554438392, 12.944044989216426, 0.0, 10.323713550912041, 17.11593126338444, 24.477334268904258, 70.87091229086931, 78.63913247007483, 86.408006433675, 94.03912605654264, 100.96870425867392, 98.91951170125564, 92.94441592030904, 85.07830970970107, 76.47673788386093, 70.42091391221051, 35.67785161254161, 32.171115031045716, 28.155368283747286, 23.175918378509294, 18.98269687796128, 14.744482825970568, 20.488233212009618, 24.671441907813858, 27.533820862852032, 31.51090924824686, 58.9046051005808, 59.70572024789841, 65.22895755272593, 71.83948696539325, 72.5227709930907, 70.48139464180124, 64.30253661510243, 53.1589063671844, 44.7023598199878, 49.04990620544369, 47.004752952696606, 43.600593432376726, 92.54663613443242, 84.07652352266648, 77.96271923800504, 75.38851889818066, 69.7446943629011, 65.03182507865364, 67.24463680855612, 72.84851218426638, 80.63721010720832, 87.43277983412726, 89.95719443420492, 93.81603841773077, 87.94564818538079, 83.83918671788678, 79.40101774334498, 73.68120372212084, 70.48256483994605, 73.68120372212084, 79.40101774334498, 84.5594367598176, 118.8296111976063, 119.36272457044356, 119.66796612492989, 119.92792126964372, 124.49405489332447, 129.8692420946013, 126.48976535901261, 111.0267234179416, 102.37711282816078, 85.73093300964888, 78.8281918129186, 66.71395239418003, 54.659823273223175, 41.53064246780979, 37.4378396724933], [65.93523797581625, 73.53430126295729, 81.72437204630067, 88.69775744460425, 81.2508022568782, 72.64393764823426, 65.28710925211261, 22.119606565651456, 17.100695587871826, 12.228587742219865, 6.691903088871654, 10.323713550912041, 0.0, 7.502781324366051, 15.787392916522284, 62.30025973912152, 70.48429152541672, 78.65966039736873, 86.66610935682998, 94.24418367924766, 91.87559743241184, 85.27889165297809, 77.00360273616687, 68.22092608089305, 62.01703882740766, 26.899496297634478, 24.787052119978544, 22.738294646009447, 21.700588942422137, 21.41582323385706, 16.733510321869943, 17.378759486346226, 17.689400337279583, 19.09754388411926, 22.65069471827178, 49.978300060108936, 50.08646823638347, 55.66938798650827, 63.44527010747321, 64.39491476376956, 61.8471245388921, 56.01042418224965, 46.08725298391977, 37.471920820354285, 39.47531514742656, 36.99654090373663, 34.19178618905953, 86.2730068066779, 76.96242340370992, 70.69061556704666, 68.41634274099191, 63.22408653569602, 59.691687160860596, 63.74328996292034, 68.97993830652456, 75.7523290853744, 81.9636161313738, 83.88765237192128, 87.69152084843243, 81.43591182194469, 77.24731274806992, 73.11144274369259, 68.16534786415481, 66.19255385379611, 68.16534786415481, 73.11144274369259, 78.04970501832024, 114.11952602795795, 115.11672118365993, 115.48649328509327, 115.95005287455115, 120.43012824703257, 126.57575482002922, 123.125010381083, 107.43481321901653, 104.15558067381134, 88.97481947446417, 84.07333227950049, 73.06731429637897, 62.54240397383855, 51.300521490736635, 44.628120460722634], [58.61587813911679, 66.20202105391951, 74.42986436153113, 81.55617184854344, 73.92258753919131, 65.24980976576384, 57.90434358119644, 14.810163114384762, 10.544426174472038, 9.131959946758746, 9.742506038959895, 17.11593126338444, 7.502781324366051, 0.0, 8.457294078120851, 55.21937204593285, 63.40334569079883, 71.58831670782217, 79.59511227900164, 87.2720004517711, 84.76980878949158, 78.06154740622372, 69.74704967177178, 60.92636795358518, 54.7261263228389, 21.539476012803913, 21.548041656416878, 21.648347835552116, 23.726772596296065, 25.680655492310237, 21.807357692089703, 19.634573158496952, 16.22105581301621, 14.924441945721423, 16.75193601644601, 42.58084258204059, 42.73837879135073, 48.77609578860489, 56.77527869540061, 58.22057316294015, 56.257982040899456, 51.14453712793127, 42.059490669589536, 33.41312177207064, 33.634884034012615, 30.015812035445283, 27.000455929093903, 81.18062068973362, 71.61240745506464, 65.78669143555922, 64.04531422250746, 59.416355161692294, 56.869980060695596, 62.06428843968397, 66.94241439400753, 72.95211709876465, 78.48121022140896, 79.70523746101638, 82.94243451938912, 76.54858151185014, 72.65424455266748, 69.11266215453482, 64.98662977192477, 63.90162209627017, 64.98662977192477, 69.11266215453482, 73.51338891660727, 107.9804165612721, 109.06994106429023, 109.63122212023056, 110.42338787267173, 115.23236783305757, 122.09021462421494, 119.16760773223001, 104.9738135600016, 104.78402499125775, 90.74616429503989, 86.77613352564063, 76.32802920835019, 66.79877444926049, 56.47904683127025, 49.15333778170225], [50.36637887838669, 58.00940825039825, 66.08424640087702, 73.12194762066808, 65.49265525714253, 56.865205142356125, 49.51156930064186, 6.40953679035334, 6.488604449980981, 12.686749506880238, 17.06869956567061, 24.477334268904258, 15.787392916522284, 8.457294078120851, 0.0, 48.0168269537001, 55.92871612221168, 63.880269316636486, 71.65638953682735, 79.13047879736932, 76.53427748059997, 69.9835841357495, 61.836728527985834, 53.03776428560899, 46.940728425512965, 19.07606888231349, 22.03339425258693, 24.275767252463513, 28.549383875594895, 31.775762768386627, 28.77769772179522, 25.33644332499897, 19.60782808707341, 15.449391475054185, 13.783012663994652, 34.900029713090056, 35.51382371153205, 42.26018531333044, 49.81404519387862, 51.97985277670233, 51.40500483327237, 47.420749859700535, 39.20186226952058, 30.829559416144548, 29.439341703464002, 24.08554990543263, 20.39200540404827, 75.69872199260205, 66.17203196631213, 61.23705237187764, 60.2567988736065, 56.37701792837484, 54.87639463646802, 60.97298751642329, 65.40982833073221, 70.63426999534254, 75.30038747686314, 75.65856322322989, 77.95840878081371, 71.55381895913968, 68.22196137891534, 65.54704885278132, 62.41784044493783, 62.18451336527616, 62.41784044493783, 65.54704885278132, 69.12923744576734, 100.33233118291275, 101.20865131453716, 101.95521673293884, 103.15091098526122, 108.50152317671363, 116.15630477660653, 114.10812390188619, 102.45972282484104, 104.85673593190775, 92.06146521756719, 88.80388752205629, 78.88199239154604, 70.41689032484013, 61.10216442204149, 53.997230231582456], [17.786507537824647, 19.989823204065335, 30.046430467792923, 41.618849948049515, 33.618613133831694, 26.255296058757303, 23.17370342194846, 42.31882282201003, 45.49326228436181, 52.11100955037508, 60.16178012923307, 70.87091229086931, 62.30025973912152, 55.21937204593285, 48.0168269537001, 0.0, 9.6239229924777, 19.435487279669857, 29.420762845063326, 41.25245142105573, 38.45754351167855, 28.070524054720227, 18.16631574985002, 11.26488826577969, 7.7203140148748455, 38.87322356360194, 45.848912231054676, 52.38511733486487, 61.63225471360821, 68.96599856774755, 68.72129007301291, 61.14843145130469, 52.57159711922445, 46.671637292076106, 40.84731620882259, 15.289902546125038, 26.31661063293334, 37.856409680843136, 46.75612140468708, 54.11161702826477, 58.03790594470196, 61.67877795359802, 64.17168852532635, 60.53491851931408, 47.13294746230466, 35.48401085431649, 29.037435614081662, 80.82317813036738, 71.32031823109944, 71.25162922141048, 74.38596400714597, 75.49786702921251, 80.24935686793224, 90.52261183671907, 92.331306361861, 92.28437792551999, 91.95527646028259, 87.58632447413497, 85.37136573565459, 79.28683767888522, 78.92072446056153, 81.00174294516796, 83.79880995364799, 88.54935727180077, 83.79880995364799, 81.00174294516796, 80.03134454875008, 68.93836012344205, 78.97389222247993, 87.42072050674447, 94.39107289283494, 104.54884295420815, 118.14189266492552, 121.54408550181118, 121.39931054469923, 138.473139174299, 130.54832712417556, 129.56317597900716, 121.00451396560673, 114.3069242115324, 103.3949261005425, 87.83244732101187], [15.881772542912525, 14.558375554844435, 23.441935619104367, 35.09936352307384, 28.596751730905805, 23.357039578705773, 22.662178155447133, 49.974576772084816, 53.47542709722517, 60.44908327411179, 68.39972300816787, 78.63913247007483, 70.48429152541672, 63.40334569079883, 55.92871612221168, 9.6239229924777, 0.0, 9.868289121237988, 20.03093522297933, 32.35562104744927, 29.865690362781034, 19.25423784852369, 9.97836988274568, 7.839051978895409, 10.624959791475636, 47.720047590178325, 54.404310716885824, 60.60586180350496, 69.4684361910863, 76.62560381445488, 76.69625521969341, 69.41250008015545, 61.1237864946742, 55.29595963792944, 49.43684589787125, 23.060448437185734, 33.56179831024263, 43.97220918360508, 50.47143331649594, 58.25975221179513, 63.79406231831408, 68.31137837304826, 71.09096225869045, 67.89937015000994, 55.269063853986545, 44.11536824935471, 37.878642826866866, 83.22434662680001, 74.7155015062587, 75.96241709342635, 79.69659601960912, 81.38607701601163, 86.46399998418305, 96.54528667582137, 98.0586231080747, 97.61171342469872, 96.58495222640529, 91.57679816167591, 88.22251709125781, 82.61863233328691, 83.07402224556978, 85.98117948901843, 89.42302800577967, 94.37192890185645, 89.42302800577967, 85.98117948901843, 84.1538139100774, 60.37597804578721, 72.0267514699742, 82.34455347268604, 90.671384143106, 102.1779695923484, 116.75552677307032, 121.77213941564288, 125.25247118963274, 142.88334318080896, 135.69717898285154, 134.63148073190789, 126.22050446833231, 119.92222745316064, 109.1052870824948, 93.79205018106936], [18.200806529977566, 13.21767715837499, 18.158589817182115, 28.907085583405085, 24.931914980177034, 22.968371517688492, 24.820815321277927, 57.74422913540995, 61.60860092613384, 68.93116451705447, 76.73148416747642, 86.408006433675, 78.65966039736873, 71.58831670782217, 63.880269316636486, 19.435487279669857, 9.868289121237988, 0.0, 10.298591393936842, 23.081095883871246, 21.0618153666584, 10.754502378331694, 6.475790544989391, 12.844383496450732, 18.331481823912927, 56.826710445731024, 63.34011359743086, 69.2444173766643, 77.70118617976372, 84.59710259835278, 84.88201212012129, 77.95360980046935, 69.92504103699741, 64.12774109525988, 58.22224223862776, 31.49941524966833, 41.34316957282275, 50.636591998739036, 54.707311531864775, 62.70414207093946, 69.73423865082495, 74.96114597758178, 77.85618908818512, 75.0930665350169, 63.38385414752761, 52.75710558467893, 46.8143008684725, 85.5066346573942, 78.1422425656679, 80.66580802190641, 84.92338855548294, 87.11650826557796, 92.41489675108289, 102.19286248729719, 103.41699089309334, 102.6253978513496, 100.94683617402056, 95.3742291290569, 90.9053884599962, 85.85464350426498, 87.12356041551327, 90.79592023321453, 94.79644865503809, 99.85668190354559, 94.79644865503809, 90.79592023321453, 88.15905851432191, 51.477679249063385, 64.51613084368567, 76.69948798839943, 86.38069258636547, 99.22100344206166, 114.69751798296565, 121.3689489907792, 128.602337705122, 146.5929350204064, 140.21304839493794, 139.1148447902277, 130.94547506761998, 125.16955825641014, 114.73433323221718, 100.15999116137715], [23.2928343284037, 16.769565380505423, 15.217972722659347, 22.833273920059604, 22.669218109104822, 24.660903113535603, 28.595043510133657, 65.3808085142511, 69.73031736623146, 77.44398859097417, 85.04418806588039, 94.03912605654264, 86.66610935682998, 79.59511227900164, 71.65638953682735, 29.420762845063326, 20.03093522297933, 10.298591393936842, 0.0, 13.195100687288146, 11.819124018877455, 5.605077483134377, 12.809664191742499, 20.9309821042221, 26.977268499839006, 66.0921492293329, 72.58565619541375, 78.25723853009521, 86.31758617692014, 92.8701811760136, 93.23223438526152, 86.72537090493958, 78.90064086460839, 73.0682077825051, 67.08165900040578, 40.01129338802426, 48.994645889833095, 57.07295004455951, 58.59766680103878, 66.60604198112378, 75.0902961478189, 80.93977165494084, 83.86463153077854, 81.5990537240894, 71.00272615149473, 61.06035408052424, 55.65945651752051, 86.76844540160126, 80.72615717501539, 84.53967640857408, 89.27851812936645, 91.95177208522738, 97.41213978812273, 106.78206474577462, 107.68296253692372, 106.5436661101992, 104.20738255308379, 98.11323911479126, 92.52161299154015, 88.1156048983254, 90.21962428769041, 94.63919807895901, 99.16570496849063, 104.28716596540448, 99.16570496849063, 94.63919807895901, 91.1953349287989, 42.551816968327934, 56.06094754846074, 69.81826925320772, 80.75196936853628, 94.81444765906748, 111.08762804060719, 119.41772275369875, 130.56559869819733, 148.9052463765043, 143.50576902321282, 142.53401502992037, 134.79076348559957, 129.76738761792222, 120.19908667927645, 107.05348901455517], [30.827853439934252, 24.94460890804717, 18.005101170984293, 17.46344973390246, 23.609627804246003, 29.35287973827294, 34.29432237039713, 72.78577232879908, 77.72029073007444, 85.91759991221298, 93.11658280148741, 100.96870425867392, 94.24418367924766, 87.2720004517711, 79.13047879736932, 41.25245142105573, 32.35562104744927, 23.081095883871246, 13.195100687288146, 0.0, 5.361971117764999, 14.891816329437992, 24.34128289198723, 31.56958687120435, 37.40869150964768, 75.92341416307123, 82.35864335844427, 87.63556492798308, 95.01990321918471, 100.95130772965084, 101.35121653065806, 95.58156092638684, 88.12522118376998, 82.27876142642094, 76.23537511427399, 49.60544517692329, 57.80166923550132, 64.65961392714755, 63.00325956432164, 70.7645624760469, 81.01005762649359, 87.2335298741946, 89.55965557396088, 87.7379160010888, 79.08345436436773, 69.99434058997629, 65.07172912528975, 87.18996427680902, 83.02302452897757, 88.29066781895257, 93.42655307877793, 96.42431200092382, 101.70411253415368, 110.19845925332358, 110.81130076766077, 109.56717719688993, 106.66584117900109, 100.183845509682, 93.30397754999454, 89.77940446789995, 92.85362750233568, 97.98892594931016, 102.83893177148661, 107.69416109650507, 102.83893177148661, 97.98892594931016, 93.73343573532513, 31.442319260626764, 43.537299776924726, 59.16641625482379, 71.62385139750899, 87.34572657685644, 104.32725580537333, 114.79276314947437, 130.96665423200935, 148.4540189228069, 144.16813687436485, 143.17401076116442, 135.9902089353445, 132.0030854991688, 123.82788549811856, 113.24485951061243], [27.231541295730832, 20.927634081713585, 13.118744222324555, 13.602272016671554, 18.615159233976165, 24.677017808829415, 30.146431031550733, 70.1457886218422, 75.39138501531906, 83.69339695848346, 90.9548073218717, 98.91951170125564, 91.87559743241184, 84.76980878949158, 76.53427748059997, 38.45754351167855, 29.865690362781034, 21.0618153666584, 11.819124018877455, 5.361971117764999, 0.0, 11.442958063139352, 21.00042070399605, 28.188635250208048, 34.17469299106317, 73.55863404619106, 80.32432820169772, 85.855229223646, 93.49909341499617, 99.50377433493884, 99.6293654264868, 93.73783014657275, 86.02187543390309, 80.00790285317548, 73.85069241579005, 46.237090176964486, 53.61923342037154, 59.946872917896975, 58.15451287443636, 65.91572086836311, 76.096163502183, 82.51340825976932, 85.29664851817276, 83.77188357498451, 74.93404432496759, 66.23927507769895, 62.10603912774316, 82.57970623518884, 78.18325963867402, 83.42856403313418, 88.63074291170747, 91.78784992634333, 97.32370609985031, 106.06755071439947, 106.54851669357238, 105.03126836624241, 101.99508618238225, 95.42941410541336, 88.64764797765638, 85.03534353185874, 88.06272320724608, 93.25660683871465, 98.29257806344587, 103.3953181601276, 98.29257806344587, 93.25660683871465, 88.95114980592224, 36.33918736591179, 45.46210229887472, 58.75944438276961, 70.23779655559164, 85.00125380334102, 101.81019867860425, 111.51277259134233, 126.58463816694172, 145.38842061905228, 141.3592023711683, 140.97009303166388, 134.10525667176026, 130.40679616873348, 122.93934619711764, 112.88944117713599], [20.27671206765303, 12.91339519524304, 10.651884648770094, 19.746038652112734, 17.876740109346947, 20.004513243154456, 24.70610160375783, 63.65059400127507, 68.47509399604048, 76.38233262558987, 83.99205942163711, 92.94441592030904, 85.27889165297809, 78.06154740622372, 69.9835841357495, 28.070524054720227, 19.25423784852369, 10.754502378331694, 5.605077483134377, 14.891816329437992, 11.442958063139352, 0.0, 10.08033172547799, 18.407125666312435, 24.763031083884098, 65.06308266190284, 71.97006472887641, 77.89848836576446, 86.1677690779516, 92.70249869182292, 92.72777552572657, 86.19147279717906, 78.10385418413411, 72.06159802243454, 65.9267521423239, 37.57527650104965, 45.370265020492916, 52.64649804336335, 53.7058505806933, 61.69023501200084, 70.27758870949813, 76.42228413002925, 79.85401846977034, 78.01456433572609, 67.41119806299072, 58.070258027181225, 53.779896493497546, 81.71607605851727, 75.616388123205, 79.55830183461461, 84.42291227367969, 87.33077234844016, 93.0827349961964, 102.64007648824723, 103.34371202214335, 101.8615757505452, 99.29372818018251, 93.05772948599278, 87.4417445950237, 83.03979165616602, 85.19469356518461, 89.76577103975663, 94.55604407543913, 99.94224571966015, 94.55604407543913, 89.76577103975663, 86.16879900946878, 45.87303059905753, 56.40178033884733, 68.10387360888981, 78.16396613128741, 91.33948203496438, 107.44993671391988, 115.18623699664589, 125.70542834683707, 145.45336966630546, 140.52137402441394, 140.25652086703903, 132.97961159285404, 128.4599548092827, 119.9609020602822, 107.89466890478556], [14.055027783744007, 7.9795263406348855, 14.331851915195537, 26.081593483671856, 20.12310882458061, 17.35533914075072, 19.757421397244403, 55.610860520141586, 60.136625030988014, 67.75215242752479, 75.53559084884564, 85.07830970970107, 77.00360273616687, 69.74704967177178, 61.836728527985834, 18.16631574985002, 9.97836988274568, 6.475790544989391, 12.809664191742499, 24.34128289198723, 21.00042070399605, 10.08033172547799, 0.0, 8.984223983257648, 15.347077343469797, 55.808190011360395, 62.862101917201, 69.0587078845115, 77.71351969655028, 84.52567905191238, 84.38556256924026, 77.48572948023195, 69.1539790892707, 63.0818839685576, 56.97362074063142, 28.39822633432278, 36.74287398847903, 45.1493081835242, 48.7088057928179, 56.70963423193098, 63.903282254528094, 69.47434067756782, 72.91761401653312, 70.6545043612291, 58.98043485088896, 49.080206523205675, 44.59570327179607, 79.44356625059649, 71.99684489037396, 74.6492823573866, 79.04795324058168, 81.49656617114178, 87.11556981918733, 97.0927875207299, 98.09576827643237, 96.93602066754652, 95.01035500035765, 89.29176737063788, 84.80695599867875, 79.74954704903813, 81.06525352967398, 84.89910861309917, 89.18488565399433, 94.53082353563539, 89.18488565399433, 84.89910861309917, 82.09991035588047, 54.409514697532344, 64.38931418968363, 74.39649580665977, 83.09075430617024, 94.93420676385469, 110.16746863744372, 116.16989762834027, 122.71440249853529, 142.19480948759195, 136.36568212881502, 136.07618245464036, 128.46784000245756, 123.32827070474713, 114.25053079117872, 101.19029241655694], [8.716374710532014, 8.727529728034842, 18.817892827188967, 30.398313352748076, 22.536762104789585, 16.02545072682313, 14.93432725391355, 46.84847929823883, 51.42966300781824, 59.069725531673065, 66.85345635435016, 76.47673788386093, 68.22092608089305, 60.92636795358518, 53.03776428560899, 11.26488826577969, 7.839051978895409, 12.844383496450732, 20.9309821042221, 31.56958687120435, 28.188635250208048, 18.407125666312435, 8.984223983257648, 0.0, 6.444789491972724, 47.25864965560658, 54.54626384644516, 60.85531123785352, 69.59369575395586, 76.3661067594697, 75.98521719414293, 69.08641181388288, 60.631809144179925, 54.452950016985, 48.27893626045659, 19.431098215088873, 28.590496924968846, 38.179120536002436, 43.20496065190321, 51.08747953725234, 57.50650816909569, 62.349865347029684, 65.13045259944118, 62.410020873891256, 50.61426831586273, 40.31677181048906, 35.66856407859056, 75.53326671005108, 67.2834206702971, 68.93899925078118, 72.8672257705551, 74.75409353763001, 79.95009184809618, 89.933965253892, 91.25329408422498, 90.62197353607823, 89.3706456405427, 84.2238939361514, 80.60586882143406, 75.11379814246229, 75.79105185663944, 78.94347636826392, 82.59419148476857, 87.62061897263841, 82.59419148476857, 78.94347636826392, 76.85548474455518, 60.56250111203198, 68.68584779749533, 76.84947262313982, 84.24559843249064, 95.02460219090608, 109.3346345756953, 114.00861949752506, 117.72420030242253, 135.98777846307658, 129.43431869482453, 129.03786465663748, 121.24265745674872, 115.80796874165235, 106.76580561904105, 94.0128494632206], [10.3681644973488, 14.171818084813323, 24.320675244830067, 35.395501150506774, 27.046337034627335, 19.137712807812484, 15.515723610243997, 40.83650741207144, 45.24333685392591, 52.774200046925, 60.597169961759015, 70.42091391221051, 62.01703882740766, 54.7261263228389, 46.940728425512965, 7.7203140148748455, 10.624959791475636, 18.331481823912927, 26.977268499839006, 37.40869150964768, 34.17469299106317, 24.763031083884098, 15.347077343469797, 6.444789491972724, 0.0, 40.893423343630275, 48.294041871742, 54.68838455054416, 63.52514798228151, 70.33350734490487, 69.82364165108523, 62.84945901072858, 54.310194484294804, 48.094997132366025, 41.91350550118515, 13.226057580439454, 23.764008039985363, 34.622152328761956, 41.23761067382025, 48.859997937769684, 54.338555054045635, 58.43257372213898, 60.60613909624548, 57.3791296326607, 45.32338610176801, 34.45328855667953, 29.25202564705089, 74.57127013875129, 65.68988141189851, 66.4192061684612, 69.88383464971056, 71.24156977780984, 76.02883653081803, 86.00576963315541, 87.62621528568012, 87.47447941944185, 86.82915629528222, 82.20281711473208, 79.35938569521122, 73.5334860365391, 73.63860323449168, 76.15689468006735, 79.21506377991247, 83.9376269360542, 79.21506377991247, 76.15689468006735, 74.72360613219458, 65.45904832508238, 72.9481020284649, 80.19700692334696, 86.80143432672608, 96.88250298440235, 110.49280753558709, 114.2109011638417, 115.66625463759426, 132.79647107999537, 125.54636016048114, 124.93447299900637, 116.87773008878024, 111.03864893385243, 101.69459953116095, 88.72987452861543], [47.79327213530262, 54.37677270163981, 63.94128722804966, 73.28026169207322, 65.10149460069294, 56.094155482838175, 49.259817787427764, 18.571346521700896, 14.106875672589453, 15.267285957576782, 23.189990958952038, 35.67785161254161, 26.899496297634478, 21.539476012803913, 19.07606888231349, 38.87322356360194, 47.720047590178325, 56.826710445731024, 66.0921492293329, 75.92341416307123, 73.55863404619106, 65.06308266190284, 55.808190011360395, 47.25864965560658, 40.893423343630275, 0.0, 8.449523195513105, 15.517422044527661, 25.223212602822052, 32.570329489429405, 31.317541943658135, 23.137069068890508, 14.02009134578174, 8.405613221349531, 5.423289077546024, 29.9551501006495, 33.952900843278314, 43.896887286080165, 55.906682315327885, 59.58065956312129, 57.768131645572204, 55.17309555639489, 51.2462625558865, 43.82537040701961, 34.4586519213511, 24.28742687756546, 14.581833439645408, 86.7698348282056, 75