{
	"dissimilarities": [[0.0, 8.441352460322813, 16.154996246521414, 22.693064911669573, 18.01083896712846, 11.950141416934821, 8.572373518079752, 42.74389642114899, 48.36529911499527, 55.5977604987314, 64.40718503335873, 73.88453146368688, 64.48545784820634, 57.157362786074565, 48.52140097354233, 16.2676769449501, 16.229756327320935, 19.364487150585166, 27.14221579228722, 32.788614399273065, 29.87781401159912, 23.457148928679334, 14.935205589094577, 8.366878790623774, 8.869594369793129, 43.82707340179341, 50.218686078332325, 57.31843502839226, 65.90487342582415, 72.61258592791808, 70.67313048953329, 64.0543226411726, 56.5675387996894, 49.31691808366448, 42.96514146510076, 21.300470051990732, 31.05007096458475, 42.69350787968753, 41.83125292851042, 49.81882429479094, 57.424948614580565, 61.399984730687244, 62.06920944081115, 58.94213231940679, 48.767081039598146, 39.11159598990551, 33.39791647597625, 66.40424720141925, 63.26146185935424, 64.78735394652985, 68.19484695518958, 71.37883596317697, 76.54231278337917, 82.51032825906462, 84.24576100286251, 84.83277188772308, 82.07128124816718, 79.18619372129804, 74.21527538189527, 67.65089055914882, 69.4346340767981, 71.71723214282098, 75.38026515427634, 79.69873834068817, 76.29867454258155, 73.5607329209511, 70.41484697132312, 51.385795419408204, 54.14254641957035, 66.2997866887119, 73.94954626705403, 84.76675096982534, 93.23845360001265, 105.02505173458319, 103.05757157308963, 126.83273260835733, 117.6670688007016, 119.45312970792074, 110.4897703381353, 107.11062375700871, 101.16974102880074, 95.13281292041569], [8.441352460322813, 0.0, 7.904026108148742, 14.840703635793378, 11.284039142833961, 8.454086746020115, 11.917756273359556, 51.00006154422904, 56.73577555700154, 63.98566625768469, 72.71845471076826, 81.9364059636395, 72.67616415342695, 65.3493256006732, 56.72107010931033, 20.694494640954566, 16.267789834812106, 15.728379450812092, 20.906781423890045, 25.53564749101986, 22.150258450361676, 16.451340416722463, 9.527512189969322, 7.826691889180513, 14.075775792268791, 52.191575026618125, 58.56683860545306, 65.67956625601641, 74.21175683951165, 80.83930232117277, 78.99701059460992, 72.44709447011408, 64.99667108008454, 57.750486385836524, 51.40239766186152, 28.511810154344076, 36.56039677013053, 46.8003020487038, 44.39167520924537, 52.67478272225189, 60.966304724958185, 66.03959555951121, 67.62651794624864, 65.26492048346576, 55.268342907000445, 46.53604699200344, 41.742043362277634, 66.99829110144444, 64.95143506408472, 67.25996402564641, 71.53930531686112, 75.59883454313292, 81.29687896047291, 87.50215796654685, 88.66310464285132, 88.55340293047561, 84.79883301583152, 81.14409181367336, 75.61408965716741, 68.7826514852995, 71.72130482499446, 74.88356572793319, 79.26351682015182, 84.36092077800907, 80.13540089850989, 76.64300556074343, 72.66832401508033, 45.24772030448505, 47.727325427151705, 61.10497528875169, 70.10990698722581, 81.58265474223884, 90.9669990492539, 104.05413728028789, 105.03721369774212, 130.4406345410295, 122.63724264759367, 124.81560109404737, 116.42609316577189, 113.72074061528937, 108.23482137566944, 102.67183830031452], [16.154996246521414, 7.904026108148742, 0.0, 7.19639646535139, 6.37971067982726, 9.898362155655853, 17.04447280523754, 58.06876181918125, 64.040823097846, 71.34215278067441, 79.91260068412605, 88.7112907922523, 79.579196886871, 72.26992483276194, 63.67850827368767, 27.73160700619447, 21.574538696290702, 18.239316954268354, 19.142672700502015, 21.160492160251895, 17.02131273872218, 14.053169393641385, 11.851289797063314, 14.543032451771293, 21.61825764133606, 59.979396227753924, 66.37222333312114, 73.45350196419179, 81.92800659190088, 88.376722234267, 86.47048321293914, 80.05653884310952, 72.58903817988163, 65.37942042413762, 58.95839544096105, 35.68446441953746, 42.11027307621823, 50.85262824165237, 46.47463029925051, 54.76859371207639, 63.54856345571224, 69.51648926416757, 71.80996004093582, 70.15571988716214, 60.715468375338304, 52.96885886243437, 49.181232065771766, 66.43793149319963, 65.58933163365758, 68.6385846493155, 73.67280450004333, 78.45063688553235, 84.49174154237528, 90.81264323175658, 91.43071927297615, 90.68864786269343, 86.05441769238281, 81.71141652875707, 75.73939515753035, 68.73490563527734, 72.8066709059055, 76.76118159027709, 81.72392491240677, 87.40909394267696, 82.53813293013451, 78.40384555647283, 73.70452531807962, 41.166531033367285, 41.554270494720264, 55.16373937143745, 65.15975627067495, 77.08987981639402, 87.21876263848134, 101.39795186317498, 105.37241298916474, 131.9726352291017, 125.58203065979531, 128.2113744469901, 120.5314285400573, 118.66676509150487, 114.02596172078876, 109.49663552557729], [22.693064911669573, 14.840703635793378, 7.19639646535139, 0.0, 7.543390529573154, 14.19291570378525, 21.915384091967493, 63.382910463162816, 69.58543714344148, 76.92156877778778, 85.2218041598672, 93.4292897602705, 84.57995585233041, 77.37043272941486, 68.86210014640616, 34.92520430955057, 28.445142829887335, 24.12762332327896, 21.94113959048757, 20.617858022589107, 16.173258589155246, 17.25851814756542, 18.25581068141311, 21.725122985572135, 28.757288239321923, 66.34526509872111, 72.73856685869166, 79.7109551966195, 88.03948841371728, 94.1656472322296, 92.14215045653845, 85.9747547642104, 78.51952536913983, 71.40035189247557, 64.88998346934815, 42.148869118766214, 47.46486130845739, 55.01905327946807, 48.47985058121571, 56.55282842522638, 65.60575221909703, 72.13828302152046, 74.76654127397084, 73.61641433989831, 65.10194614416613, 58.197489265470395, 55.17292292665424, 65.38542866435155, 65.79716285153503, 69.48774880918664, 75.07423430163335, 80.29472241360192, 86.37460856880487, 92.61895389159191, 92.82541389340231, 91.62959205815672, 86.3583950094213, 81.48366040094307, 75.23978791007956, 68.14951785555537, 73.2720975497188, 77.84425779364614, 83.16009960353043, 89.08835016016437, 83.91114008436892, 79.34551071916725, 74.1094536574576, 38.90115873885268, 35.4980576963869, 48.602047234860635, 59.342087388458104, 71.71777809345566, 82.47342573990154, 97.51557816103843, 104.66397563835812, 131.39052263948446, 126.32588476214464, 129.2328289230364, 122.22145350595255, 121.20126360934634, 117.51117853904931, 114.34917678974286], [18.01083896712846, 11.284039142833961, 6.37971067982726, 7.543390529573154, 0.0, 7.456956268497896, 15.761776217386355, 57.68288434461308, 64.1072975277621, 71.49252709207953, 79.90864005222103, 88.38949981142856, 78.88623052944426, 71.48303303885653, 62.99928089156284, 30.815395691191835, 26.018476316641625, 23.713159558407586, 25.151815263427075, 26.428109777059575, 22.009131531485423, 19.875610391173623, 17.121921168998853, 18.349202696966127, 24.25560073029817, 60.95234643289414, 67.44692532733252, 74.53033100831071, 83.17180477094222, 89.58982167123253, 87.2386313174394, 80.83991302055311, 73.16352074916026, 66.01012017758222, 59.44802042140732, 35.749216558725216, 40.12676305339425, 47.51874963436494, 41.40651895481026, 49.60143406643587, 58.570214221477485, 64.99780565414588, 67.77286710288269, 66.74029006992605, 57.819777987439366, 51.238374141644606, 49.1768102317197, 60.25637353072408, 59.72297949995605, 63.03915108878327, 68.38182087845196, 73.51099616810615, 79.78270969488834, 86.23285351637742, 86.4928718273812, 85.39029969430347, 80.36734460395584, 75.7914015321625, 69.69494423063009, 62.65985206229018, 67.07153127862792, 71.336811087909, 76.5696051892084, 82.63220715708178, 77.3531579538248, 72.92302439614214, 67.94846061590718, 45.78819095224935, 42.08177630847449, 52.12634076042405, 60.81186790121847, 72.01203736399985, 81.75060064907666, 95.72729001310007, 99.38960861912508, 127.45149283090969, 121.66740317910943, 125.13220590912178, 118.26026875903412, 117.24440479125933, 114.07603732759642, 111.0198499778632], [11.950141416934821, 8.454086746020115, 9.898362155655853, 14.19291570378525, 7.456956268497896, 0.0, 8.393681116043783, 50.295500049656674, 56.73661119679371, 64.12600713619989, 72.59171834136029, 81.26041444213195, 71.55774684335987, 64.11028285040443, 55.61080861471763, 26.033366583388982, 23.446284901373204, 23.463206369365057, 27.868292543845687, 30.929780311353102, 26.892611920921812, 22.82059817319702, 16.950031612929013, 14.905592100144462, 18.949983715582054, 53.71185318277546, 60.22079501011949, 67.29083626748954, 75.9949218056792, 82.48254213477797, 80.00813245197516, 73.5490733879948, 65.81844831272873, 58.67424697086101, 52.096550594729834, 28.860657852042436, 33.87612931728189, 42.363046613341915, 37.29996752766148, 45.53013662684759, 54.12787540267925, 59.779867186169, 61.91400898507768, 60.3371171068471, 51.1646142907847, 44.02759047188792, 41.7573645923931, 58.65295888394264, 57.00264126844578, 59.6458810141914, 64.30590632929719, 68.77837708721955, 74.71652881468378, 81.0629770931621, 81.78681693488797, 81.25116623733302, 77.03780228168965, 73.10880191170973, 67.44803594007698, 60.56050460088076, 63.93187408376669, 67.47178118529406, 72.16722180039541, 77.68200988070498, 73.00126789460107, 69.15886947392484, 64.85488404905051, 50.18292883875671, 47.473976304634384, 56.661172502499504, 64.00375608511229, 74.57932211446469, 83.43440104830731, 96.19726322680773, 96.93469692893727, 123.89631441520424, 116.90937108430602, 120.13300302679015, 112.80945801252476, 111.28831801489835, 107.85649857003214, 104.50753171395124], [8.572373518079752, 11.917756273359556, 17.04447280523754, 21.915384091967493, 15.761776217386355, 8.393681116043783, 0.0, 41.923605777251815, 48.39321501214278, 55.78836635964342, 64.20797477104847, 72.91437685280583, 63.19472759820072, 55.77726086405457, 47.2642671809718, 23.40728467440677, 23.96700512820626, 26.37020293551654, 32.801871269833875, 36.860372822504736, 33.28681866323326, 28.336314939385208, 20.755843884209792, 15.600855215296532, 16.12798095215644, 45.90563591750316, 52.388879326163284, 59.34088820498168, 67.98134628314949, 74.3717600510998, 71.75614853771968, 65.3613533463306, 57.62168043416136, 50.54301105361921, 43.92306599203515, 22.67572764595467, 28.92136483849007, 38.82666129658611, 34.80416612766896, 42.71976210763467, 50.6339083156891, 55.083620172190365, 56.101851712616565, 53.66626365243827, 44.618426517140534, 36.62197157486229, 33.74958997703156, 58.083359703885655, 55.3837700102365, 57.22295469170177, 60.94971566811518, 64.43508264429138, 69.69124185842537, 75.72094658623567, 77.08317697604241, 77.33078578570759, 74.20472593090383, 71.09730372046529, 66.06021386718467, 59.441921726134936, 61.660966077589094, 64.26482479104425, 68.15394454149407, 72.72097083655463, 69.03458699061099, 66.02775916622936, 62.61595366759839, 55.133005749980164, 52.99433895507766, 61.352120520022204, 67.38645825961876, 77.38940063486747, 85.32301587244935, 96.7195037425847, 94.85458744696308, 119.54656366341031, 111.22252642787967, 113.93933570348871, 106.02275085272645, 103.90515633565543, 100.14716085731413, 96.69639591481412], [42.74389642114899, 51.00006154422904, 58.06876181918125, 63.382910463162816, 57.68288434461308, 50.295500049656674, 41.923605777251815, 0.0, 7.572821887738017, 14.602431622924314, 22.67637327963557, 32.715787928394654, 21.818331305220525, 14.597201421142685, 6.152034342077992, 43.82632664429531, 52.33148157972114, 59.00192067987134, 68.38478703961029, 74.3182327716951, 71.95413276186372, 65.65765220151215, 56.78777866903007, 49.22774374190678, 42.65996955796163, 16.23569725741294, 19.43810578957613, 23.284511273595033, 30.587210755170616, 36.08718882857477, 31.803510002567403, 25.94359673640956, 18.36909598265538, 13.606479287377246, 9.185959687982363, 30.449659349308018, 35.165287359735, 44.515648190621306, 48.14810008435503, 50.81862556140873, 52.06646518732544, 48.1486833763514, 41.725203377211066, 33.5443621538447, 29.02786241900836, 19.16941950370887, 12.955474624233075, 71.53450227468763, 64.6531630363363, 62.13104741739496, 60.051536362217476, 57.145647712828534, 57.244829338009076, 60.235639404432895, 65.38007282681843, 70.16799967249644, 73.53501454742037, 75.1957137946586, 74.06656242104428, 70.14429950596153, 66.27187175874388, 63.43348142021574, 62.02033918256247, 60.175493578621165, 62.98809467300962, 65.22646835713178, 67.16426213026116, 89.0184786503692, 89.0320870060381, 94.34604968180658, 95.57368466526142, 102.37805399293153, 105.94404781171393, 110.5277866647864, 95.29035705356009, 106.90256601964488, 90.81514080851815, 90.48375663058263, 79.14636506382767, 72.65663344780245, 66.52260883234507, 61.62480851862993], [48.36529911499527, 56.73577555700154, 64.040823097846, 69.58543714344148, 64.1072975277621, 56.73661119679371, 48.39321501214278, 7.572821887738017, 0.0, 7.4051046510087914, 16.363550271389336, 27.827617879111855, 17.736888537550943, 11.999142559957109, 7.491504703916497, 47.81978578781758, 56.61645029185052, 63.5001804694108, 73.01742789674773, 79.2489828659029, 77.17706051173735, 70.68796161550603, 61.89056566573877, 54.357295084630486, 47.52034044158308, 13.847841912394939, 14.48752969264122, 16.54008233340578, 23.116189242910977, 28.6277493726621, 24.416662928590164, 18.393717291685906, 11.030984152777394, 7.828656533943354, 7.551389240763382, 35.551801763111094, 40.936164592545865, 50.34885054945515, 55.303624369287014, 57.71930126416564, 58.4041631483302, 53.75270191035499, 46.74275410964516, 38.163683248804396, 34.25770102844512, 24.89821257307154, 17.510509263914486, 78.66084785204897, 71.52693272082212, 68.67139447449303, 66.07376551889007, 62.527779619268884, 61.95287043967342, 64.3447099513616, 69.96699158618868, 75.29803061001466, 79.40507007157083, 81.53893770874481, 80.76356839687817, 77.10060625202607, 72.75488348993592, 69.42618570433842, 67.44422701577685, 64.78451203052178, 68.40083835261957, 71.19605913907198, 73.62976156074336, 93.30917334563328, 94.82418266562344, 101.0862469292543, 102.55636414500343, 109.48434187083359, 112.9491080130388, 117.12086722898528, 100.97265893024311, 110.07611726384438, 92.74094710922928, 91.25717124849385, 78.8579105312166, 70.79218580686988, 62.54676379348469, 55.32636923799447], [55.5977604987314, 63.98566625768469, 71.34215278067441, 76.92156877778778, 71.49252709207953, 64.12600713619989, 55.78836635964342, 14.602431622924314, 7.4051046510087914, 0.0, 9.660518016782431, 22.35168883751073, 13.18875489309988, 10.565326196268717, 11.917941338012158, 54.31633911362311, 63.26736255233323, 70.25621552057072, 79.83027704121045, 86.16519082630222, 84.21843417587458, 77.6732886850398, 68.91136558959182, 61.40156781643887, 54.45436156905311, 17.431788490725385, 15.037606504323785, 13.43373680539879, 17.631003178785857, 22.378310954729425, 17.517745812673187, 11.97245568422623, 6.414989605363208, 9.381715053433778, 13.412162062239966, 42.28930936317577, 47.16306476991548, 55.879897022905524, 61.47450940962751, 63.29601066235944, 63.166162977306485, 57.597142920421724, 49.86057946309033, 41.00608587741587, 38.49999516397328, 30.541402039901673, 24.31416080444915, 84.12905471320565, 76.72264900130338, 73.44132167587672, 70.17319694540687, 65.82177060238168, 64.37923229075336, 66.04600517517386, 72.14354116979395, 78.06696803942381, 83.0619411717814, 85.806416155926, 85.55309622806102, 82.30597243959367, 77.35030053031122, 73.40269740322024, 70.69673855325821, 67.04595984861373, 71.62566711855011, 75.10987872699961, 78.18843397930343, 99.77535943460217, 101.69799138189971, 107.86468124137701, 108.9771365144242, 115.59287356608708, 118.592131062642, 121.93047712956604, 104.25316062013236, 110.79976622529253, 92.21874470256634, 89.91803814774666, 76.84064685453052, 67.58594997402541, 58.267973669044984, 49.959428545923544], [64.40718503335873, 72.71845471076826, 79.91260068412605, 85.2218041598672, 79.90864005222103, 72.59171834136029, 64.20797477104847, 22.67637327963557, 16.363550271389336, 9.660518016782431, 0.0, 13.273775918665866, 8.64804933360547, 12.820583385896446, 18.627682800673117, 63.808235374214874, 72.60288490776745, 79.43490150325445, 88.70953127985972, 94.6810478646819, 92.77210706888685, 86.58512685507984, 77.96895204559507, 70.49432686212755, 63.73273355030262, 26.7902789210039, 23.31783525397812, 19.05385009616781, 18.073575333650755, 18.5526559922282, 12.332318363945076, 12.0122453226709, 13.008121735696355, 18.65719353416499, 22.97609579668167, 51.72580714035858, 55.86173297362489, 63.56298629953036, 68.25897739442787, 69.25398764310769, 68.25790817411983, 61.68618211842235, 52.839936117952526, 43.76969292596292, 44.29141495677922, 38.31230542844745, 33.678051556453816, 88.79653341269126, 81.55519224885252, 77.9585580508779, 73.977625345968, 68.59067621518965, 65.6684357437093, 66.07154910561663, 72.75108632547351, 79.44667083491095, 85.55108302039451, 89.00134427841273, 89.46648788163728, 86.75961655829795, 81.40929443627458, 76.82874521042211, 73.161062243112, 67.91488064897597, 74.0167994894492, 78.36535582514026, 82.16937866400953, 107.37349456177718, 108.4308453071683, 113.57598422070079, 113.81430473306462, 119.86746138546246, 122.11439450693248, 124.17673580324909, 105.77545151045287, 107.44797111874644, 87.5928025293581, 84.0192236566148, 70.18825508515022, 59.80944509699372, 50.18669804248076, 43.35780852127592], [73.88453146368688, 81.9364059636395, 88.7112907922523, 93.4292897602705, 88.38949981142856, 81.26041444213195, 72.91437685280583, 32.715787928394654, 27.827617879111855, 22.35168883751073, 13.273775918665866, 0.0, 14.264263627850328, 21.603993532579892, 28.33727626074731, 75.13364413333498, 83.43922470667192, 89.82995500118606, 98.40553791003002, 103.53203996035417, 101.60443088682725, 96.21331251364812, 87.9229308600207, 80.56528412882409, 74.30861425607776, 39.61568570511172, 36.385110557659004, 31.73611976977683, 28.122345754985428, 23.808680232310415, 18.61943137208827, 23.320210621887114, 26.14364200266531, 31.502791804674796, 34.990875625308675, 62.99756233851609, 66.51812006415422, 73.21109444754163, 75.53751929378444, 75.6721512758485, 74.02155686371349, 66.72378276977584, 56.74497273495531, 47.800913146371116, 52.268326989739926, 48.26226334690666, 45.02662797523741, 92.51274222019958, 86.07711408952046, 82.44928885170606, 77.9524962993433, 71.57762711092093, 66.7498068088905, 65.39838149694272, 72.59302134571, 80.057027572992, 87.23478998354182, 91.29628220627548, 92.54794638222867, 90.42076250787345, 85.15308426909718, 80.15320865053467, 75.50450190864473, 68.27645575518831, 76.23284776272656, 81.40124229021252, 85.79290080990506, 114.76372675877587, 113.75561984851022, 117.06558850031286, 116.04002033541879, 121.36157703476272, 122.67698815160304, 123.16856842682839, 105.7225597323343, 99.78629578046915, 78.89940384548663, 73.28331337860185, 58.45729462236112, 46.98268931330879, 38.24168163326579, 37.83262836457987], [64.48545784820634, 72.67616415342695, 79.579196886871, 84.57995585233041, 78.88623052944426, 71.55774684335987, 63.19472759820072, 21.818331305220525, 17.736888537550943, 13.18875489309988, 8.64804933360547, 14.264263627850328, 0.0, 8.060031645111946, 16.26744510625541, 65.07742198849095, 73.87601153581932, 80.66702625681678, 90.00182765186455, 95.74916836162356, 93.46902594080609, 87.3944240955903, 78.58820643544374, 71.03491904965563, 64.39252923512296, 29.809943250593484, 27.631425519497665, 24.942138736227456, 25.904868164089645, 26.938538754208277, 20.488658445599288, 19.52868663808652, 18.197983008249075, 22.16584935658758, 25.00133057318164, 51.264348241395105, 53.301968796853785, 59.423986681946324, 63.1875620977103, 63.342122847156766, 61.618751867677304, 54.47200663584441, 45.15523553182259, 36.11466699870119, 38.59200612094181, 34.81812601656043, 33.54339748533087, 82.23132832241137, 74.83754428447953, 70.95678578876573, 66.54648364845889, 60.70516932359597, 57.3416561866055, 57.545079377167276, 64.2979782820281, 71.14282847446698, 77.60806454405872, 81.40069050368076, 82.2543202238702, 79.94372384617695, 74.16554127950727, 69.22075468230821, 65.15620015170158, 59.50989881687438, 65.98483078381089, 70.6827398973562, 74.88354305113985, 109.24875169089513, 108.12590381033448, 111.10115743847156, 110.07682568830717, 115.1194702032534, 116.56549993186573, 117.76050882058216, 97.57897866907757, 100.4352848137503, 80.69087412226085, 78.62335220923639, 66.10616535583867, 57.51140270977019, 52.07733636069381, 49.864773118276716], [57.157362786074565, 65.3493256006732, 72.26992483276194, 77.37043272941486, 71.48303303885653, 64.11028285040443, 55.77726086405457, 14.597201421142685, 11.999142559957109, 10.565326196268717, 12.820583385896446, 21.603993532579892, 8.060031645111946, 0.0, 8.63627723099398, 57.7513278341672, 66.59513427093191, 73.44260079025082, 82.96369539018188, 88.87712352322131, 86.46419533141406, 80.19025449229, 71.24658089937749, 63.66234432797568, 56.966411278743415, 24.16679984233159, 23.465845525173496, 23.010683573684336, 27.057049170796304, 30.518858118541544, 24.52971835672919, 20.77906466448201, 16.142669430489494, 17.49984893456272, 18.831839688516602, 43.41351630077401, 45.28715520326657, 51.800077150103554, 55.91568790797109, 56.56634571810147, 55.439506881281346, 49.005257374425916, 40.46184247650841, 31.434655253879484, 31.71233024596871, 26.87442749681429, 25.935671445340088, 76.48887680476088, 68.9156559333289, 65.24793437279652, 61.37179327202103, 56.34583952974886, 54.242498098708694, 55.60831676269841, 61.83989818491691, 68.0138439362109, 73.54344627045545, 76.76885807290998, 77.06106224738501, 74.33502329914575, 68.82071344493136, 64.3573279843314, 61.072862805770384, 56.796418488582404, 61.96773114144502, 65.96353000314672, 69.60291648640201, 103.23898700521428, 102.16985658098798, 105.41168363724265, 104.8063292300591, 110.11176434631336, 112.03310385998155, 114.15778704362803, 94.3856411249542, 101.70357016150083, 83.22046167355126, 82.48330694535083, 70.84523248379027, 63.488450908471265, 58.628597777165005, 55.64792548390377], [48.52140097354233, 56.72107010931033, 63.67850827368767, 68.86210014640616, 62.99928089156284, 55.61080861471763, 47.2642671809718, 6.152034342077992, 7.491504703916497, 11.917941338012158, 18.627682800673117, 28.33727626074731, 16.26744510625541, 8.63627723099398, 0.0, 49.498257386093044, 58.170044769626934, 64.92328331996491, 74.39465859771259, 80.30843321597972, 77.86443139834019, 71.57180985451414, 62.63440732744627, 55.05762107399623, 48.440861417059104, 19.102522340691163, 20.666279594936142, 22.901508371558, 29.26464337021646, 34.15722665856852, 29.07247996407445, 23.78471703080241, 16.855763332757878, 14.384645106706422, 12.64288321237106, 35.32522885410559, 38.29015296840869, 46.182256639494746, 50.00690405835268, 51.7082357254776, 51.86283287442999, 46.80300346165526, 39.427015103035586, 30.75968394440284, 28.173747617253916, 20.603159527424644, 17.87356933786847, 72.23792002572397, 64.96587533174537, 61.90225303941125, 59.021180620807726, 55.21292271361799, 54.471559723372685, 56.90918488472856, 62.48148069179718, 67.82071517654308, 72.07374853371915, 74.40483111392682, 73.88363454382015, 70.48040724394892, 65.82855585683657, 62.26678245737869, 60.07466895617242, 57.29641174866079, 61.02119483644624, 63.996531693736166, 66.67929046324895, 95.02482919867725, 94.28997585761218, 98.41597666579516, 98.69649939183307, 104.73446103603867, 107.51850623020047, 111.00595541187172, 93.56876835808535, 103.94484897163683, 86.95807455211455, 86.73168783747502, 75.46273064484197, 68.86837596922192, 63.63810134975941, 59.8144058253859], [16.2676769449501, 20.694494640954566, 27.73160700619447, 34.92520430955057, 30.815395691191835, 26.033366583388982, 23.40728467440677, 43.82632664429531, 47.81978578781758, 54.31633911362311, 63.808235374214874, 75.13364413333498, 65.07742198849095, 57.7513278341672, 49.498257386093044, 0.0, 10.016006346437738, 18.03140705222, 29.537663696303728, 38.557379664513356, 36.76589055543758, 27.617130740348482, 18.899943151151408, 13.291459076367994, 7.450166605496083, 38.95869229187805, 44.9159165567398, 52.3166661594984, 61.29818926435264, 69.30272075301427, 68.10778109149045, 60.61146721098202, 53.461677274461586, 46.193150765326045, 40.90849866046068, 17.89191887995217, 30.136606305364673, 43.20410020898889, 49.206363110763235, 56.88911190556897, 63.43649059419434, 66.51056457058765, 67.2650333427356, 63.622216098266534, 50.77135861185601, 39.74340541575382, 31.98253626641569, 77.21692186304544, 72.15958606565779, 72.61509733953254, 75.1441995773066, 77.85837392009985, 83.38529193555614, 89.66264494058565, 91.83053940322233, 92.83072497876053, 90.79282378439767, 88.60543820715151, 83.95417468951777, 77.77671359559447, 77.83258480475779, 79.20795506939471, 82.49457316483098, 86.93628402043677, 83.49722989873706, 81.2629880494722, 78.87718403683552, 57.8997396719325, 67.14473820253737, 81.67133122004999, 89.76410763830934, 100.25772115105025, 108.40558298908559, 119.68134414807322, 112.83815988130365, 138.45192737489305, 127.30269368913937, 128.84290353312022, 118.80270728423889, 113.58134616305793, 105.06170667285694, 94.41613666476195], [16.229756327320935, 16.267789834812106, 21.574538696290702, 28.445142829887335, 26.018476316641625, 23.446284901373204, 23.96700512820626, 52.33148157972114, 56.61645029185052, 63.26736255233323, 72.60288490776745, 83.43922470667192, 73.87601153581932, 66.59513427093191, 58.170044769626934, 10.016006346437738, 0.0, 8.05574875080945, 19.684907761660504, 29.064761714735816, 27.502600869515213, 18.06704830226006, 10.50373405345423, 8.838537871681947, 10.522667290748482, 48.39230242961967, 54.31880786243632, 61.59145913788783, 70.25544111364167, 77.86942329491843, 76.89291904745622, 69.6851359056033, 62.65241973866638, 55.39010079825464, 49.9299334031774, 26.555933623337097, 37.27305751692333, 49.1923706487272, 52.94603927493812, 61.11166351082803, 68.53161962208694, 72.70479638555645, 74.13570300930029, 71.04375100597312, 58.679310908172766, 48.29751604538926, 41.0661360225423, 79.16177231717506, 75.32796314380728, 76.63920935604162, 80.08281407830816, 83.61978886748406, 89.53272407815167, 95.95871714039161, 97.65289011506842, 98.05578146122151, 95.06579473702271, 92.08517265084886, 86.85333167645302, 80.31789796253453, 81.66551803424467, 83.95294035003353, 87.92317144830741, 92.96642237563006, 88.8833714970176, 85.92338437551568, 82.68219414147825, 49.0899915915766, 59.885261515519446, 76.49563489083765, 86.21993775315154, 97.628808048255, 106.84040794108158, 119.53507435421203, 116.42845174924145, 142.75447898287285, 132.95359481860945, 134.51061113984858, 124.7820687162008, 120.10074614864934, 111.68306096958878, 101.51852644837723], [19.364487150585166, 15.728379450812092, 18.239316954268354, 24.12762332327896, 23.713159558407586, 23.463206369365057, 26.37020293551654, 59.00192067987134, 63.5001804694108, 70.25621552057072, 79.43490150325445, 89.82995500118606, 80.66702625681678, 73.44260079025082, 64.92328331996491, 18.03140705222, 8.05574875080945, 0.0, 11.716432593111692, 21.3371572944545, 20.02538223031768, 10.49689065817426, 6.673374898047764, 11.260920967827277, 16.887031049885945, 55.867222247652094, 61.79043313639093, 68.96137751209513, 77.38933618326249, 84.66293342614092, 83.79657934031911, 76.83629807915625, 69.87570535557225, 62.63186336312709, 57.03594612089528, 33.79088609049289, 43.60156927279204, 54.65519754356346, 56.54312209928396, 64.91371625408802, 72.88343525941566, 77.77534225586898, 79.59993206028686, 76.87959153720152, 65.0448845895111, 55.1285670860683, 48.24128836414013, 80.9232460266752, 78.12999996107048, 80.08707204524985, 84.17150566139114, 88.25072692729071, 94.3474543477463, 100.81069377414312, 102.16372871872943, 102.14483155431769, 98.47990122790682, 94.92236396781287, 89.30134860421289, 82.5431549353175, 84.89971811092616, 87.84721897292482, 92.26762476944539, 97.65898496730368, 93.18841283640495, 89.73246793777712, 85.88439650463191, 41.97293349665683, 53.87097265565386, 72.1680801407918, 83.2026944024609, 95.32408152168838, 105.35979073346985, 119.12724863402148, 119.18030117195151, 145.70450188886, 137.00485762581567, 138.54242515359755, 129.0966509292963, 124.88878066858706, 116.67028838037504, 107.10714304098732], [27.14221579228722, 20.906781423890045, 19.142672700502015, 21.94113959048757, 25.151815263427075, 27.868292543845687, 32.801871269833875, 68.38478703961029, 73.01742789674773, 79.83027704121045, 88.70953127985972, 98.40553791003002, 90.00182765186455, 82.96369539018188, 74.39465859771259, 29.537663696303728, 19.684907761660504, 11.716432593111692, 0.0, 10.222794799121958, 10.378456885825608, 5.506331892134908, 13.419969402881812, 20.411777818189428, 27.42764762849906, 66.20597466689094, 72.06034756661546, 79.01821410770532, 87.01102911572433, 93.70839263737807, 93.04676994594416, 86.51670299614203, 79.74447064954046, 72.5907949373568, 66.88868019338533, 44.69088591716523, 53.942889206906564, 64.18721990249324, 63.66462725128055, 72.10276878395925, 80.60253498625157, 86.15857401023355, 88.18628011155491, 85.74869240568377, 74.83452957066804, 65.30861194442295, 58.468462034388324, 85.1726228805577, 83.8633679128475, 86.60673487474685, 91.37804985344111, 95.9478199713938, 102.03042957879579, 108.36830637982138, 109.39053212779064, 108.96361132139839, 104.59315509391867, 100.37941298193903, 94.36920140434364, 87.39508136254395, 91.05503118590651, 94.74499786960975, 99.57426459899833, 105.13192903958279, 100.437737296575, 96.49513334235435, 91.98549034098102, 31.171684743268738, 45.4354754861563, 66.73652537064204, 79.79154144105269, 93.02169500194192, 104.22172334505694, 119.39160464643888, 124.26171217590122, 149.9496845673638, 142.6940532901794, 143.91022963292897, 134.71634491039939, 131.0346943224737, 122.90572673702391, 114.16464927983482], [32.788614399273065, 25.53564749101986, 21.160492160251895, 20.617858022589107, 26.428109777059575, 30.929780311353102, 36.860372822504736, 74.3182327716951, 79.2489828659029, 86.16519082630222, 94.6810478646819, 103.53203996035417, 95.74916836162356, 88.87712352322131, 80.30843321597972, 38.557379664513356, 29.064761714735816, 21.3371572944545, 10.222794799121958, 0.0, 4.61810966494279, 11.983400482104438, 20.93650760496189, 27.71516166568661, 35.263367755646776, 73.67402989096057, 79.5634943422656, 86.34545496098643, 94.02792544748188, 100.12989482951969, 99.40229083707854, 93.30723418822006, 86.58927238054268, 79.52538355388202, 73.62231808631904, 52.36329774802527, 61.00632588543435, 70.53920482509021, 67.4560829169189, 75.77763151137312, 84.62286293364821, 90.626274315502, 92.68903639806473, 90.52602818816325, 80.78583664468918, 71.80051223745562, 65.36882003677854, 85.95286504920372, 86.04326686619741, 89.44503557979033, 94.7252410824888, 99.59655493667609, 105.49028483665491, 111.59775976009242, 112.3302058902303, 111.58908184752491, 106.70030543222883, 101.98913917784435, 95.76028023041876, 88.67755299582691, 93.4717617625668, 97.74046594098046, 102.8110332570841, 108.3412730319272, 103.61133248856731, 99.33803664978822, 94.3401686378718, 22.726362538839826, 36.153436162426296, 59.36142520679667, 73.81175784184687, 87.85323163133783, 99.87917086658358, 116.01556584624224, 125.27138419860073, 149.655390578794, 143.8380906013579, 144.88872460042953, 136.17767326016235, 133.2883753391451, 125.90756594749497, 118.8364308289252], [29.87781401159912, 22.150258450361676, 17.02131273872218, 16.173258589155246, 22.009131531485423, 26.892611920921812, 33.28681866323326, 71.95413276186372, 77.17706051173735, 84.21843417587458, 92.77210706888685, 101.60443088682725, 93.46902594080609, 86.46419533141406, 77.86443139834019, 36.76589055543758, 27.502600869515213, 20.02538223031768, 10.378456885825608, 4.61810966494279, 0.0, 9.814414625487192, 18.347178056963557, 25.123643623525208, 32.89857341604117, 71.92433393523918, 77.96929232549466, 84.86508285778552, 92.78069246267887, 98.99265887783669, 97.97468569541091, 91.7791972084022, 84.84828069534029, 77.7156133445964, 71.65783160954041, 49.591608450450735, 57.54886842816671, 66.66387501543475, 63.10858600027281, 71.41285523648594, 80.3172774711705, 86.49671951013687, 88.78780948834623, 86.88655714454605, 77.22319259957594, 68.65654640242445, 62.95688761730612, 81.41509285653056, 81.51779721416224, 84.97782454292506, 90.35316491103258, 95.36475571802812, 101.3963298337252, 107.59945428481764, 108.18394661630929, 107.29575184935531, 102.26752928196805, 97.49291832832631, 91.22603202376398, 84.14199385197493, 88.98385503790117, 93.34250824577175, 98.52071995431345, 104.24317797783115, 99.31312274377522, 94.92911260691878, 89.84848841246922, 26.314251398365982, 35.590211866950064, 56.932082336069, 70.72960920834866, 84.41042380649873, 96.19983609211071, 112.16731427003073, 120.80192893423364, 146.1263071295229, 140.47144028313238, 142.01919022856586, 133.6978356392504, 131.20822751485545, 124.62076397448085, 118.27853411935787], [23.457148928679334, 16.451340416722463, 14.053169393641385, 17.25851814756542, 19.875610391173623, 22.82059817319702, 28.336314939385208, 65.65765220151215, 70.68796161550603, 77.6732886850398, 86.58512685507984, 96.21331251364812, 87.3944240955903, 80.19025449229, 71.57180985451414, 27.617130740348482, 18.06704830226006, 10.49689065817426, 5.506331892134908, 11.983400482104438, 9.814414625487192, 0.0, 9.54869474207748, 16.993086174322134, 24.542050230358225, 64.36229361927838, 70.42941302959392, 77.52785805457809, 85.80346460017844, 92.60016317090269, 91.56172604647843, 84.93026131746224, 77.88344485886486, 70.64105860393173, 64.7193635312123, 41.400407819028835, 49.786796422097225, 59.551465812517726, 58.41050110280722, 66.84908448627127, 75.43837729242584, 81.21716347714992, 83.51856822070376, 81.40152825171482, 70.59670868568428, 61.58835863735947, 55.700187391082935, 79.73247231344165, 78.43590480730205, 81.25020859034818, 86.13949105456075, 90.8794247185701, 97.12181851833607, 103.56941108705155, 104.41193999381353, 103.8087642873439, 99.27088175837754, 94.98114777054978, 88.92986992914273, 81.95443174991176, 85.67320913262438, 89.47318387847291, 94.43208475905675, 100.21389953316094, 95.28575744427216, 91.20939348365548, 86.59932244008982, 34.25521342338855, 44.53301179431029, 63.777858186914315, 76.03816612302352, 88.81809012838491, 99.71771990455922, 114.66262569876744, 118.88207985816918, 145.59314078804326, 138.5759643236187, 140.37382250929386, 131.66748305550152, 128.5051448160941, 121.3873175633685, 113.66195257403217], [14.935205589094577, 9.527512189969322, 11.851289797063314, 18.25581068141311, 17.121921168998853, 16.950031612929013, 20.755843884209792, 56.78777866903007, 61.89056566573877, 68.91136558959182, 77.96895204559507, 87.9229308600207, 78.58820643544374, 71.24658089937749, 62.63440732744627, 18.899943151151408, 10.50373405345423, 6.673374898047764, 13.419969402881812, 20.93650760496189, 18.347178056963557, 9.54869474207748, 0.0, 7.624532217599054, 15.15926070230768, 55.45957129770404, 61.64784362063109, 68.87898895484649, 77.4556311246552, 84.53691642045305, 83.22125803384324, 76.36369769923567, 69.12034139696142, 61.81203289527424, 55.8442997264474, 31.85187141844601, 40.646798417847236, 51.13995178097422, 51.22772847728763, 59.63606214422926, 67.86191322546662, 73.07577122134273, 75.06992224514934, 72.69031783231804, 61.47371001764755, 52.20924794856796, 46.44835319340646, 74.70641771939232, 72.32941363982496, 74.549850333444, 78.88368815279759, 83.16422122742573, 89.28295524917205, 95.74609282468343, 96.88138711581819, 96.65625525351541, 92.73600143459973, 88.99046786418288, 83.28987780174306, 76.46548280759396, 79.21586680090557, 82.41693537827378, 86.99190878094349, 92.49958483964045, 87.88681949583349, 84.24494296983676, 80.18212750893997, 42.261281980704524, 50.1426781696159, 66.58858414848129, 76.99512624518832, 88.86928226219682, 98.75795350492845, 112.45928186157045, 113.13929320823169, 139.91036255617726, 131.8268372966149, 133.82882821483088, 124.98608941992875, 121.56143901445246, 114.6571949496779, 106.86696042211783], [8.366878790623774, 7.826691889180513, 14.543032451771293, 21.725122985572135, 18.349202696966127, 14.905592100144462, 15.600855215296532, 49.22774374190678, 54.357295084630486, 61.40156781643887, 70.49432686212755, 80.56528412882409, 71.03491904965563, 63.66234432797568, 55.05762107399623, 13.291459076367994, 8.838537871681947, 11.260920967827277, 20.411777818189428, 27.71516166568661, 25.123643623525208, 16.993086174322134, 7.624532217599054, 0.0, 7.878558990879998, 48.09580509711367, 54.36317965694437, 61.624260892250895, 70.31803662753198, 77.4631354493196, 75.94967541294106, 69.03224977652322, 61.6853530946807, 54.35898446077066, 48.33216861223641, 24.6590354893366, 34.46258722533018, 45.92271449988998, 46.7894151185234, 55.038763894636716, 62.83892347078179, 67.32792947209894, 68.7223610482008, 65.89595567334294, 54.631060396240045, 44.89927960102034, 38.83094808228357, 71.72721646453194, 68.5653024647347, 70.24736933941955, 73.98478778202998, 77.66649218636165, 83.41837595948084, 89.72434361138974, 91.23072641331876, 91.47643711839551, 88.24972902408965, 85.05216216324179, 79.75351966693154, 73.0991890146177, 75.04203308831441, 77.63317114632434, 81.71300402093551, 86.69056849659518, 82.63883752520668, 79.51779372018915, 76.03306251962154, 47.871983989674675, 54.23876450867204, 68.86124957471873, 77.89410161390211, 89.16114138802119, 98.25491540698992, 110.88153778078922, 109.21379130115635, 134.92799927608186, 125.92591134323094, 127.80626187207066, 118.71449160723402, 114.99227201155031, 108.13185857699759, 100.41723346033767], [8.869594369793129, 14.075775792268791, 21.61825764133606, 28.757288239321923, 24.25560073029817, 18.949983715582054, 16.12798095215644, 42.65996955796163, 47.52034044158308, 54.45436156905311, 63.73273355030262, 74.30861425607776, 64.39252923512296, 56.966411278743415, 48.440861417059104, 7.450166605496083, 10.522667290748482, 16.887031049885945, 27.42764762849906, 35.263367755646776, 32.89857341604117, 24.542050230358225, 15.15926070230768, 7.878558990879998, 0.0, 40.59462144668465, 46.87878894390261, 54.24217982345484, 63.1616009967819, 70.64532326194028, 69.04812423638612, 61.878106644964745, 54.46592131696106, 47.10826834751616, 41.214586370191874, 17.483857338581835, 28.99141571636547, 41.66496888989412, 44.784062170596606, 52.69379511126017, 59.769565185439845, 63.31757084494667, 64.1307415183385, 60.761111175483485, 48.89952908475707, 38.40565864236322, 31.632081103654972, 71.60466515341302, 67.30369759981767, 68.2218349789348, 71.16851643994583, 74.15126628025838, 79.61077784393119, 85.8217264493772, 87.76809905683369, 88.54716743948416, 86.14497502494352, 83.63159997632778, 78.81165684473014, 72.44892544493166, 73.2318163900828, 75.02594769416427, 78.53041009483243, 83.01371755363152, 79.5006555528739, 77.00141146277895, 74.25435326954191, 54.72669729009144, 61.1469829382474, 74.56399265888211, 82.40631825625563, 92.96530436906322, 101.21729812044299, 112.7008936083019, 107.79023628152503, 132.93450765792824, 122.67415346060932, 124.43296349762001, 114.92514312375478, 110.57248772791326, 103.30330530333805, 94.78962015208877], [43.82707340179341, 52.191575026618125, 59.979396227753924, 66.34526509872111, 60.95234643289414, 53.71185318277546, 45.90563591750316, 16.23569725741294, 13.847841912394939, 17.431788490725385, 26.7902789210039, 39.61568570511172, 29.809943250593484, 24.16679984233159, 19.102522340691163, 38.95869229187805, 48.39230242961967, 55.867222247652094, 66.20597466689094, 73.67402989096057, 71.92433393523918, 64.36229361927838, 55.45957129770404, 48.09580509711367, 40.59462144668465, 0.0, 6.580559433739581, 14.031204876865493, 23.757051471947626, 32.366597654739444, 30.191704335327262, 22.101641870937893, 14.856396635563886, 8.140265997149603, 7.394000898448079, 28.91615258198243, 36.748844975942006, 48.064621973012855, 56.62610428113581, 60.314053708053635, 61.96351922460265, 58.66373181634661, 53.69455110095501, 46.1404121039961, 37.50501851845651, 25.76094511104113, 14.072277899986519, 83.38923555700481, 75.74849475212491, 73.13816441141839, 71.31924461731694, 69.059915