{
	"dissimilarities": [[0.0, 8.464487903738888, 16.730449991077283, 26.533031467261722, 18.55904245273182, 11.726202479803122, 8.34244831307674, 42.91289234378626, 49.34939318590186, 56.614106620882545, 64.23398321020959, 72.96737151236326, 65.08238710702179, 57.91504167038453, 50.65157930312691, 15.188499227294484, 13.619245074924343, 17.24940519926954, 25.604275686866167, 32.79995371685521, 29.309815267776834, 22.371852759732285, 13.410968048508055, 7.099493882466342, 9.002071575529994, 45.2310939291304, 52.45452663093666, 58.34708087752616, 66.66987909444241, 72.99579505872569, 72.44268024139356, 66.13683046928243, 57.86305904279663, 51.72561262662671, 45.315076955936604, 17.805463810607577, 24.27832398992348, 33.628188334820564, 38.537469277754354, 46.74058564616768, 53.91860670640452, 59.32345784583094, 60.780905842849016, 57.382638059768055, 46.801114049046966, 37.194521593181285, 33.89046416801297, 65.08082674059537, 58.50806480397134, 59.795786723741834, 65.2769067448427, 68.48018515030965, 74.76843897879566, 83.29514521039286, 86.43039670163536, 85.5165771954036, 82.52284961456118, 79.3883325930602, 75.68461663862304, 66.32629041101944, 63.72432210390208, 68.03378564038182, 72.10013681964739, 80.27216545244177, 76.1430579577489, 72.16526672620444, 70.26108813685273, 58.6328781648028, 62.20378184157554, 72.07228104120836, 82.69459882068067, 91.21831531152695, 105.09938500278915, 116.60067509022393, 109.29559349776, 127.2022941602346, 118.27530994038703, 124.90604307610285, 118.51171479619025, 112.19355314862696, 104.55913232940468, 95.32069159179484], [8.464487903738888, 0.0, 9.200693122123242, 20.01470432404308, 12.722080940498923, 9.008053937410175, 12.412861540189713, 51.32806445372912, 57.800295171827166, 65.04940880743537, 72.68109242470305, 81.33452129455695, 73.51077807108598, 66.33845605453598, 59.04670076993477, 19.4327207644174, 13.603167821470885, 12.281468005170108, 18.853127886805044, 25.79762811339767, 21.84550309374865, 14.640308454198191, 6.862973501932089, 8.011515492415963, 14.204359685464002, 53.39833448020476, 60.600347281563174, 66.54273049003366, 74.86528378070268, 81.22346844964558, 80.79268852006885, 74.46319682529263, 66.20262539746984, 60.06204832335415, 53.70931460873324, 25.717764147463637, 31.28360364294238, 38.90462862701632, 41.75747202467411, 50.31091394065288, 58.210786295368905, 64.6201342079512, 67.08758978766612, 64.31235162823, 53.907676838140624, 44.94439722617807, 42.1329614609723, 66.76232961612952, 61.17772521102625, 63.262630111312355, 69.5321003258597, 73.5031304253771, 80.40331159352766, 89.0460818372308, 91.67388497609946, 90.16974145779461, 86.23394701646001, 82.26809440084881, 77.97254409252264, 68.51192797338626, 67.04047920558756, 72.16492642888858, 76.9384825469169, 85.71119477335888, 80.78872441884079, 76.11750383711579, 73.35406286717944, 53.14069350099535, 57.31073051648014, 68.56482816658132, 80.22998752633539, 89.30920657689272, 104.10771348529416, 116.71990424285877, 112.12282170656671, 131.96825181548002, 124.19680904178402, 130.99956174122897, 124.98936172844091, 119.25661975422793, 111.99098449519174, 102.8909951785354], [16.730449991077283, 9.200693122123242, 0.0, 11.056361733717427, 6.4331747231677125, 9.945972186770332, 17.10521610356925, 58.38469537693132, 65.45361107576132, 72.80617560774165, 80.07091740151883, 88.10606752349791, 80.54502697212143, 73.37517118888712, 65.95091668385693, 28.470533063419538, 21.47313124626608, 16.242869731200365, 16.48912853959123, 19.419051489183865, 15.036293257199862, 11.601516852265528, 11.79371054274667, 17.08688316998992, 23.404686552570126, 61.931198151906926, 69.07685722934008, 74.8294447443707, 82.84185901884486, 88.8836526651724, 88.45531107692774, 82.45040120680264, 74.33940430558332, 68.2709007752324, 61.78418096932792, 34.286008693552155, 38.34679261981705, 44.24485287816306, 43.58324165533742, 52.51748247806123, 61.54146670381846, 69.13023459330815, 71.67943565099115, 69.60546795821789, 60.444962190793575, 52.47670909681963, 50.47936915823558, 65.92028349612077, 62.03900439856147, 65.1382122170721, 72.1272892395428, 76.739359374359, 83.7963473204913, 92.08116341976222, 94.18610174520985, 92.31452490547113, 87.49493364557557, 82.74172466456373, 77.74145220714702, 68.12565900661303, 68.37797088984446, 74.35072802265374, 79.63586859406941, 88.51358496360216, 82.96228123535751, 77.66819724364271, 73.96199573053585, 47.32728120159622, 49.31204049719939, 60.884139112952454, 73.35234394511828, 83.06314807809603, 98.62782153911908, 112.30323903014727, 111.83956342657352, 132.4710328431676, 126.19557919592415, 132.91632182129297, 127.489430030445, 122.79222553765773, 116.68107565143588, 109.28274399739854], [26.533031467261722, 20.01470432404308, 11.056361733717427, 0.0, 10.39806121412732, 17.581237883560817, 24.60169207411567, 65.48401900002386, 73.19464498356318, 80.61006619963743, 87.30070886935319, 94.41776414804906, 87.3168585214174, 80.25576278368555, 72.74165433234714, 39.26621075962536, 32.05294511324683, 25.617714720550115, 20.86900556210921, 16.68036808237723, 13.33996698958558, 17.530425008035657, 22.370082924197508, 27.974082128467874, 34.08622796061814, 70.97994899485272, 77.96437349195864, 83.37505156829754, 90.86452731056781, 96.39813611802772, 95.97392096240604, 90.49022086866685, 82.67248098169513, 76.77008134271414, 70.16013489790413, 43.89875160983657, 46.699185266894865, 51.19634124693792, 46.75916932280838, 55.849766757815324, 65.97690377651138, 74.59692190261913, 76.59136946445165, 75.17332722634129, 67.77066452493123, 60.81182493688156, 59.470117761331615, 65.30814529754362, 63.66633673365037, 67.81393699428116, 75.32506706641882, 80.37585228142667, 87.18210214536374, 94.72051057752765, 96.33165657022478, 94.31173778442395, 88.75262920295839, 83.3248755626425, 77.60270348933507, 67.89854000330568, 70.2435834436721, 76.95495698865068, 82.51256558457702, 91.03646201415194, 85.08833015456986, 79.320853520332, 74.69927627191004, 41.795401661900605, 39.07157881848639, 50.60011827832248, 64.07032782735291, 74.74306759502801, 91.05940789169823, 105.87720229352642, 110.95637325194362, 131.21354964750145, 126.62573159451951, 132.88285419670248, 128.0754580676103, 124.63966085120401, 119.9816667154748, 114.98418565472821], [18.55904245273182, 12.722080940498923, 6.4331747231677125, 10.39806121412732, 0.0, 7.924161045309784, 15.99773080978677, 57.987701189010046, 65.67063673208771, 73.11091022146265, 80.05494609403755, 87.70369526296676, 80.08126060975704, 72.78971611721575, 65.37803463492116, 31.840902040796095, 26.156403147535112, 22.21010695596167, 22.709315485876935, 23.77185862360303, 19.45970392921326, 17.74310286767647, 16.992901701566627, 20.45347935516989, 26.04883545058345, 62.93517248384166, 70.25766675721341, 75.98120405165432, 83.99617105032975, 89.8432354357492, 89.05792542405831, 83.22627084446347, 75.04701386099752, 68.95197275422649, 62.292147920575495, 35.04092178295157, 36.94896585681808, 41.22312593488444, 38.50174451974242, 47.494365198857615, 57.00760095203583, 65.21717875250161, 67.91980956464032, 66.4271651278673, 58.18699619464601, 51.39504155799302, 50.89637418096014, 59.77865876712934, 56.39742400989902, 59.87191521585504, 67.14119016117606, 72.06588490030515, 79.27934053426995, 87.49466400875485, 89.26248520459562, 87.12231274974322, 81.91995381574569, 76.90028642979344, 71.7150676846438, 62.09564378611844, 62.8785931417356, 69.17572474959367, 74.71017863129596, 83.75657124742958, 77.82429498823087, 72.25111366074022, 68.20671651668903, 50.86051151226439, 48.80243289085601, 57.2854567270978, 68.62296780815055, 77.6121449351539, 92.94210979967778, 106.39870140514918, 105.78856503968994, 127.49519162274773, 121.93014455843624, 129.4422065248108, 124.77938322696369, 120.82155946793169, 116.19322132132562, 110.63463685513756], [11.726202479803122, 9.008053937410175, 9.945972186770332, 17.581237883560817, 7.924161045309784, 0.0, 8.419347922984175, 50.45762028649845, 58.02422611036386, 65.45222242578826, 72.51243556737407, 80.43797369194638, 72.62507285529402, 65.28271152498914, 57.92158798053709, 25.86206832430067, 22.052515756075312, 21.071778943753138, 25.246050051525152, 28.933717533091823, 24.793877252109827, 20.529041053038206, 15.374121434735871, 15.18041574226009, 19.58608135610633, 55.161654450969884, 62.558635266606814, 68.34715261002192, 76.51379117322405, 82.46618899151514, 81.55910479515737, 75.60757709456581, 67.3310844663645, 61.19329438228758, 54.53022587215193, 27.255301939221383, 29.268021140384754, 34.66877607148231, 34.279727882831125, 43.18034357426598, 52.022182416125574, 59.40532267313448, 61.73634796245934, 59.727948103237395, 50.87490349111455, 43.59790630153755, 43.011487345939734, 58.2043414516617, 53.36438991369089, 56.00120496350815, 62.66761117045909, 67.02370248841672, 74.00410262392064, 82.43154474874991, 84.65534351136984, 82.90482709605077, 78.50386225486807, 74.21736905495484, 69.637312045333, 60.0604513318071, 59.39871251888782, 64.98515522389349, 70.03642837200547, 78.89244335023092, 73.52685075991708, 68.50289574519238, 65.2848278356561, 55.869160994282936, 54.84305514017867, 62.50249499341558, 72.82727356186277, 81.13863776947409, 95.5954824641253, 107.93505834053006, 103.71450020819381, 124.40160000948613, 117.61174818802237, 125.2465615839637, 120.2135544307946, 115.56740320794427, 110.41399089695163, 104.22795004593587], [8.34244831307674, 12.412861540189713, 17.10521610356925, 24.60169207411567, 15.99773080978677, 8.419347922984175, 0.0, 42.06713219134613, 49.72519632939549, 57.17149414990605, 64.13201612429158, 72.02322828386913, 64.22744183909941, 56.909688145173156, 49.528665310847586, 22.844182401201714, 21.819521155550092, 23.906535497339174, 30.031745202103103, 34.70313741583514, 31.07012375199643, 26.21344569413296, 19.082396217514844, 14.796279104007873, 16.39450361341319, 47.436045299205496, 54.75080426854468, 60.38407665246798, 68.41325157216878, 74.2452772537454, 73.25867867875606, 67.42288730552963, 59.22352566329383, 53.15013608234436, 46.434126212798546, 20.460171968929124, 22.724575478260913, 30.003258251063123, 31.66219348692788, 40.31315898080259, 48.50152621011919, 54.834613102389646, 55.838607385094996, 53.10937988963501, 44.24248172066416, 36.325857351542666, 35.321477057973134, 57.42093181770871, 51.56729552376379, 53.34862393024469, 59.150881490471285, 62.63573478006783, 68.86239487907426, 77.09262544206476, 79.91638201438215, 78.88785196027509, 75.54643091468363, 72.18546047410558, 68.2257343161213, 58.70155041399832, 56.869595890184925, 61.570926029014224, 65.80693367026163, 73.91372855427475, 69.46761801245351, 65.21994396013997, 62.94356337416024, 60.21332605893025, 59.38552264829523, 66.23406916391087, 75.68205355825717, 83.606519910517, 97.1169836516408, 108.3442069738138, 101.69147892876651, 119.88074139408684, 111.8237681312567, 119.05379970020991, 113.50219177574606, 108.22242987519631, 102.594550310861, 96.31958163302527], [42.91289234378626, 51.32806445372912, 58.38469537693132, 65.48401900002386, 57.987701189010046, 50.45762028649845, 42.06713219134613, 0.0, 9.785102449949312, 16.68345119672719, 22.27649718953465, 30.516964791381746, 22.247420212810518, 15.037986304445486, 7.795926346659452, 42.889644914119955, 50.12554417493032, 57.70672130829269, 66.39243003098592, 72.70417129548647, 70.23325410353549, 64.56908745393669, 55.73815852834011, 47.393909286655706, 41.96653402607459, 17.974586228452267, 21.581268733747468, 24.3020810308904, 30.366640410492217, 34.870560979807394, 32.5974260091492, 27.91314365605304, 20.990656888131586, 16.78734253319786, 11.598140972889968, 29.064576149436018, 28.724171439672634, 36.72202935937121, 46.490842486880894, 49.05148267765974, 49.93325007434049, 47.643008049523125, 40.165952548698485, 32.69284627120447, 27.333150246160205, 19.972831403067012, 16.415910514469125, 69.75795334386225, 60.68529218436828, 57.72859615318084, 57.2325203735578, 54.783875823288305, 55.06160334103999, 60.78648250713586, 66.92471874183667, 70.17169929318447, 73.31118127038235, 75.3270138740567, 75.25242370174608, 68.2512454631641, 61.007950870502846, 59.72726354430243, 58.35659452022488, 60.472561493507015, 62.43241958099271, 63.50431973519108, 66.72314453537714, 92.67710238797201, 92.68998995764025, 96.10594863715693, 101.37861211407508, 106.75005056029455, 115.25448338460187, 120.602214902036, 101.19576434848958, 105.57778617676419, 90.1753015035001, 95.16075244186311, 86.73537673935378, 77.08328351909682, 68.18321676399653, 60.84726960906123], [49.34939318590186, 57.800295171827166, 65.45361107576132, 73.19464498356318, 65.67063673208771, 58.02422611036386, 49.72519632939549, 9.785102449949312, 0.0, 7.47283607277866, 15.157245084618678, 25.700495313982206, 17.389891127755632, 11.854110769808338, 9.05620545675036, 46.61802573451729, 54.56280610930602, 62.75338596888491, 71.95865608262831, 79.10758216756048, 76.78394343428916, 70.53243919756508, 61.459327944541414, 52.9368942590576, 46.98039219875398, 12.809585922269381, 13.167921962437127, 14.709123965220599, 21.000523216907787, 26.250676418492347, 24.070671374439826, 18.44864261074939, 11.249119494227003, 7.962809059449939, 6.59197721603109, 34.20813556637276, 35.45062593422103, 43.75240885391776, 55.279617030425435, 57.32077975898829, 56.97175033236111, 53.21435808083132, 45.94624957161133, 38.05644548005802, 32.05849336580901, 24.655210969280304, 18.800869832286004, 78.61833964026636, 68.98234887534102, 65.45079069121287, 64.23868731781667, 61.12720000402853, 60.853589370437, 66.30612939149717, 72.82286014750309, 76.47748896650087, 80.45978714679258, 83.08151045407075, 83.52737169522467, 76.95929885977729, 68.93784979594781, 66.93234374950059, 64.98747696171955, 66.48681398649555, 69.28675762560486, 71.0147375632552, 74.8556593661001, 98.52472669205189, 100.69827627676133, 105.3582554108187, 110.99336824898185, 116.49011882968598, 124.83384522395001, 129.79912692384588, 108.49610984214623, 111.19947496676276, 94.32931596078996, 98.4260317390271, 88.98039299596641, 77.70739049093788, 66.09292199471508, 54.71720940627405], [56.614106620882545, 65.04940880743537, 72.80617560774165, 80.61006619963743, 73.11091022146265, 65.45222242578826, 57.17149414990605, 16.68345119672719, 7.47283607277866, 0.0, 9.037551996206112, 20.72228551437291, 13.054451630741527, 10.722485531083924, 12.833994765763348, 53.08553297684199, 61.23784107607388, 69.5875133312094, 78.88818739272413, 86.20213848707542, 83.96161334775285, 77.6125269454611, 68.50851070013049, 59.963088880177295, 53.874524473482175, 16.1675039393573, 12.634798394595537, 10.725303681471258, 14.953115462946474, 19.782801518789196, 17.01807894251202, 11.420530434436662, 6.132596505616849, 8.127840957659664, 12.079369270459653, 41.165535534150365, 42.2921754964477, 49.9346109663739, 61.729354860846485, 63.12140155412538, 61.85311511024218, 56.99430079644956, 49.14868602284506, 41.14843247575376, 36.31733639756795, 30.377738088219633, 25.177314260587963, 84.1976492879409, 74.39846994150656, 70.4137066244924, 68.42607110496351, 64.5931744039926, 63.41530959316945, 68.21484566404644, 75.05389159879194, 79.2518898400968, 84.11259427240701, 87.40745858399922, 88.36545609419922, 82.29125560067502, 73.80238884131256, 71.07007486184223, 68.40769700513131, 68.91898392059888, 72.65032078138054, 75.09752392054541, 79.55156155766208, 105.08151792002128, 107.66601740833394, 112.2360264617904, 117.54780832380594, 122.78818167176007, 130.56604706258963, 134.8063245910762, 111.83528681861009, 112.38651056802952, 94.3537258800275, 97.83463611654152, 87.83662399071875, 75.56084339928795, 62.738549466119274, 49.95359055218982], [64.23398321020959, 72.68109242470305, 80.07091740151883, 87.30070886935319, 80.05494609403755, 72.51243556737407, 64.13201612429158, 22.27649718953465, 15.157245084618678, 9.037551996206112, 0.0, 11.909256393773965, 5.848333981767542, 9.739962332569517, 15.759817993413694, 61.6685619161799, 69.5805934437807, 77.67827584861614, 86.57997808406782, 93.32581667530475, 91.19669493118948, 85.33166878232245, 76.47789804506833, 68.02336550383784, 62.12272810378992, 25.177293266580726, 20.90981374016175, 16.825126392968404, 15.388523396203743, 16.193345035983178, 11.925309358679714, 11.24849629125578, 12.92996845103286, 17.014681086052104, 20.816789385636252, 49.30010924258325, 49.40995599363309, 55.91755602534753, 66.38396732496933, 67.1030949290524, 65.37745054207535, 59.861661659147956, 50.26695313529077, 42.41340877724856, 40.77555594368382, 37.08607353762877, 33.55425176030527, 86.80716881751151, 77.48507486935473, 73.2546770470665, 70.41704626546725, 65.7213952612408, 62.94843348310621, 66.30692846961811, 73.52044932118058, 78.64233997363571, 84.54784998850165, 88.64392058446356, 90.07546318216842, 84.54956116450637, 76.12009215456027, 72.65743195586623, 68.9980803850943, 67.72819755035188, 72.73945767165662, 76.0778652905269, 81.13637812782864, 111.29018574615057, 112.58637277938618, 115.88171276410166, 120.2405877971941, 124.97723110450418, 131.6955035981692, 134.8201678588961, 111.15865790292929, 107.80254862059849, 88.69009296165744, 91.20127644150435, 80.77954631111649, 67.88512699271352, 55.17066079016583, 44.837944060830544], [72.96737151236326, 81.33452129455695, 88.10606752349791, 94.41776414804906, 87.70369526296676, 80.43797369194638, 72.02322828386913, 30.516964791381746, 25.700495313982206, 20.72228551437291, 11.909256393773965, 0.0, 9.479471130031836, 16.7312732449969, 23.032994208892905, 71.9010764862419, 79.31040032689906, 86.92073322936605, 95.10279306233582, 100.92109070143078, 98.99538250737997, 93.93449786860312, 85.58375468276081, 77.36913191559012, 71.83308927735915, 36.85702794371832, 32.625525243921324, 27.89380917352605, 23.1566092074519, 19.354860873339213, 15.459409245586782, 20.314010600593402, 24.63853217400187, 28.82092972432731, 31.952712850119134, 59.13371617932423, 58.38271374899377, 63.85399396705383, 72.14199017659145, 72.36262145351635, 70.64364466490167, 64.9798978649079, 53.3551426047968, 46.076716560988515, 48.199928283493875, 46.44577298630618, 44.1577886758077, 89.8053196021018, 81.51461869230071, 77.30779277867808, 73.74859192948774, 68.27445285992331, 63.55255775242175, 64.7603970220207, 72.28564816980054, 78.5658966073766, 85.51538797254129, 90.38741961998092, 92.17569226828063, 87.20458551786346, 79.37580526715082, 75.34064775651005, 70.63573907796511, 67.04736815314861, 73.49798064309971, 77.73856161412704, 83.24674925669476, 117.40738846362794, 116.84065138447964, 118.52046398739198, 121.72606140910003, 125.97240779214552, 131.36923483543833, 133.2114065259578, 110.1762081175402, 101.03018696072056, 80.79574222780508, 81.39111953731471, 70.24606387480273, 56.64337972042106, 44.42387316908188, 39.84383306975131], [65.08238710702179, 73.51077807108598, 80.54502697212143, 87.3168585214174, 80.08126060975704, 72.62507285529402, 64.22744183909941, 22.247420212810518, 17.389891127755632, 13.054451630741527, 5.848333981767542, 9.479471130031836, 0.0, 7.635855447494668, 14.722421474285031, 63.74854361495555, 71.45973505371998, 79.32012234729669, 87.98173383775767, 94.21839299728204, 92.01159521543738, 86.4985898450675, 77.7310210359767, 69.32387180386522, 63.62812751337558, 28.672958723477738, 25.57103148473006, 22.282203554114144, 21.12518555478349, 20.876191665816876, 16.377908033650968, 17.00921317586319, 17.939902140667826, 20.935185703811804, 23.48274218475847, 50.54050299516073, 49.38669268683722, 54.86472470953683, 64.17771252736269, 64.47007191852106, 62.647080987624065, 57.08426631303752, 46.478346521817414, 38.813363604611055, 39.22144622273984, 37.06858718129999, 35.25089566817961, 83.22823405639153, 74.25043076843295, 69.97282277365564, 66.79771040594636, 61.78897376262034, 58.33806468128394, 61.11797446152158, 68.41952151685032, 73.86067750351124, 80.07915335900724, 84.45537417921179, 86.05365139033304, 80.7974479142689, 72.50518890496969, 68.77822855733174, 64.72415739481188, 62.74279255172655, 68.17417625185247, 71.82854879077827, 77.09383748643063, 112.29647496774928, 111.92978484783275, 113.80145832119412, 117.31940842458455, 121.51420503808744, 127.62867916585965, 130.1748113467192, 106.15654258913355, 101.98556743851151, 82.88037559019227, 85.85129964196831, 75.94205704237991, 63.634276464578974, 53.059276199028744, 46.894266573528], [57.91504167038453, 66.33845605453598, 73.37517118888712, 80.25576278368555, 72.78971611721575, 65.28271152498914, 56.909688145173156, 15.037986304445486, 11.854110769808338, 10.722485531083924, 9.739962332569517, 16.7312732449969, 7.635855447494668, 0.0, 7.543195826757317, 57.003104667223404, 64.68776726893432, 72.52163448402943, 81.29424954760879, 87.56616104113172, 85.19106490956771, 79.57619804841916, 70.67599831801897, 62.234420266766215, 56.5844890999027, 23.734491202718587, 22.627226894781653, 21.42229959686469, 23.566239082537734, 25.57166647410622, 21.646285692372327, 19.501973012398874, 16.59442687395838, 17.146694483587737, 17.795232317402014, 43.32943726648068, 41.79202107679755, 47.43187145292959, 56.98129257196717, 57.618609011070845, 56.250216775400304, 51.3452478956742, 41.43719026113075, 33.57258025780244, 32.60749992581869, 29.76290978276119, 28.386460334767033, 77.0869405155736, 67.89248110477011, 63.82668019048196, 61.25277080924624, 56.859492581905, 54.520447230740366, 58.420490100694174, 65.4265342408213, 70.17024043203412, 75.54196859167214, 79.3108022396378, 80.53012810465232, 74.85879250790002, 66.61579201839709, 63.43391680616504, 60.081358109608836, 59.41803404223325, 63.83075679115771, 66.80362296130258, 71.61711271030725, 106.5825040034699, 105.96524081116799, 107.86718873249659, 111.64591196685907, 115.93453362462769, 122.65465070756711, 125.9024941098983, 102.44789539706798, 101.6779212157393, 83.79137995918569, 88.0821086219568, 79.00452456405384, 67.84091701386151, 58.567489278412864, 52.53586506122859], [50.65157930312691, 59.04670076993477, 65.95091668385693, 72.74165433234714, 65.37803463492116, 57.92158798053709, 49.528665310847586, 7.795926346659452, 9.05620545675036, 12.833994765763348, 15.759817993413694, 23.032994208892905, 14.722421474285031, 7.543195826757317, 0.0, 50.518702501741856, 57.858023278406336, 65.4498997646802, 74.01519411578185, 80.10892018918194, 77.72811146730974, 72.26421246511977, 63.518676199297246, 55.189526701611946, 49.74098504006984, 21.0215713554563, 22.097697305445404, 22.739801546498157, 26.7992390937313, 29.982653470969794, 26.998710661125024, 23.641572709613058, 18.518092259077257, 16.57037496035974, 14.315887676758644, 36.71757959136078, 35.54750539015842, 42.11851690762159, 51.32522990433388, 52.87826905151023, 52.72452442591747, 49.17166842193826, 39.97350412712545, 32.195383821165095, 29.686353753384175, 25.026349670343272, 22.94403861584505, 72.69429230564552, 63.717668688079804, 60.235508089750724, 58.64512749531719, 55.13881882278039, 53.89285533641849, 58.53656425281075, 65.17582400073978, 69.30623284450543, 73.62783251543436, 76.57242626064728, 77.13370917531037, 70.78024190483025, 63.153636182180406, 60.89231294411039, 58.4188890656977, 58.92204175694777, 62.22916055332816, 64.31945749759812, 68.3644177044395, 99.34504473409697, 98.68487863528236, 101.08912343859991, 105.47596160612267, 110.28677818148971, 117.78471938974897, 122.00527472639685, 100.91905018414309, 102.20532078604013, 85.57131999905761, 90.05510841465018, 81.26747159039338, 70.95652321327482, 62.074143839025375, 56.014495242898164], [15.188499227294484, 19.4327207644174, 28.470533063419538, 39.26621075962536, 31.840902040796095, 25.86206832430067, 22.844182401201714, 42.889644914119955, 46.61802573451729, 53.08553297684199, 61.6685619161799, 71.9010764862419, 63.74854361495555, 57.003104667223404, 50.518702501741856, 0.0, 9.58183781113342, 19.050731029390185, 30.624152698988183, 41.06932639111258, 38.03095355629528, 28.77527194304464, 18.77229195906171, 11.479221528245462, 6.565447300957034, 38.9393933912889, 45.82974210643295, 52.188638990483845, 61.16805900372391, 68.39821982321571, 68.26928041971695, 61.07537662639475, 52.717415272311314, 46.64354364855314, 41.243069924630355, 15.727674733046234, 26.690824193005973, 37.85876492815719, 48.310391792190075, 55.14469504346211, 59.8921610406291, 63.074472503214594, 65.34374211867646, 60.912033225204496, 47.665388699119106, 36.15468567293169, 29.82396482797621, 76.20251814640012, 67.79169760240183, 67.7556978706101, 72.19490029585583, 74.59681809159665, 80.87636685986804, 90.00387780504502, 93.71061129989765, 93.0295989172352, 91.0181263066963, 88.69796725500397, 85.87390873686603, 77.10076569176707, 72.44128748857166, 75.59540840473801, 79.09499936296511, 87.31205740827205, 83.92747787319541, 80.71976031269817, 79.91260102245116, 65.81880213358026, 74.80398555931299, 86.88001070578915, 97.86852011597853, 106.25721853682083, 119.92386229551538, 130.88242727374362, 119.29053442531117, 137.1222418479248, 126.29140531007327, 132.75513149398188, 125.28043698764567, 117.12149233510411, 106.59887600760801, 92.43655189459987], [13.619245074924343, 13.603167821470885, 21.47313124626608, 32.05294511324683, 26.156403147535112, 22.052515756075312, 21.819521155550092, 50.12554417493032, 54.56280610930602, 61.23784107607388, 69.5805934437807, 79.31040032689906, 71.45973505371998, 64.68776726893432, 57.858023278406336, 9.58183781113342, 0.0, 9.497299910512877, 21.135540580603866, 31.937225741608092, 29.003410993098356, 19.548019137291583, 10.5683542839382, 7.546485705406059, 9.697593801670907, 47.76764468708779, 54.484487302796495, 60.588124064330444, 69.14274279254018, 76.09772828610427, 76.21787826726562, 69.32845137057437, 61.18935187272905, 55.1977056990465, 49.60939506450305, 23.26760379236064, 33.022559035726914, 43.13045952229637, 50.68191351286916, 58.39195173340153, 64.50479971246462, 69.03155808389033, 71.50495130871126, 67.59741471439133, 55.17593863550026, 44.24152515989247, 38.45737430137846, 77.48912447837357, 70.35215341720235, 71.29078348104186, 76.61013135052634, 79.72794616923032, 86.3221238094575, 95.27609329921694, 98.59372907018889, 97.57608044718549, 94.68738319372882, 91.55706453227347, 88.00104486985595, 78.85291523217045, 75.65601589676561, 79.73801255642537, 83.84212355288487, 92.3332247783539, 88.30171133789099, 84.41959495883906, 82.6909304950093, 57.06546484623397, 67.22183048361885, 81.15584660368918, 93.41246796401494, 102.73797165566087, 117.34101659350388, 129.51703435763497, 121.97337346815972, 140.42961160939063, 130.76462863132446, 136.7789621193931, 129.45708554620762, 121.96404483402756, 111.7721759134277, 98.32320618548543], [17.24940519926954, 12.281468005170108, 16.242869731200365, 25.617714720550115, 22.21010695596167, 21.071778943753138, 23.906535497339174, 57.70672130829269, 62.75338596888491, 69.5875133312094, 77.67827584861614, 86.92073322936605, 79.32012234729669, 72.52163448402943, 65.4498997646802, 19.050731029390185, 9.497299910512877, 0.0, 11.845772951277306, 23.004187600924208, 20.147976356622493, 10.503883966586743, 6.36001058310338, 12.188904424655153, 17.68055103769014, 56.73012649928397, 63.365310642270664, 69.27583202971309, 77.49527087239389, 84.18371736194494, 84.44166334022452, 77.83068458943636, 69.85049675600189, 63.91455431109122, 58.16220507851375, 31.490030027398877, 39.988302780055626, 48.908925269420116, 53.69146504395217, 61.99851372548776, 69.24168876608822, 74.93086667805834, 77.59502184181846, 74.2221939556767, 62.62796636706411, 52.32746236017877, 47.16818627156469, 78.89263030940447, 73.0854828844663, 74.92764632745828, 81.00173553640396, 84.76108466443448, 91.614201071101, 100.36430096996692, 103.27071089748962, 101.9151286179721, 98.19686991781937, 94.31051602306306, 90.08477948733419, 80.69145569537905, 78.9321105638307, 83.84092786457194, 88.48155252464701, 97.19017124446894, 92.55477900741197, 88.06097631651045, 85.46880138770783, 48.82635569994715, 59.84648459497404, 75.52309562803812, 88.95756814294307, 99.12610444898633, 114.5826294631902, 127.90953043831787, 124.34069558867945, 143.48264069951614, 135.04456495264182, 140.7416148891824, 133.70024332685048, 126.95846065977341, 117.33392791705255, 104.87648263635224], [25.604275686866167, 18.853127886805044, 16.48912853959123, 20.86900556210921, 22.709315485876935, 25.246050051525152, 30.031745202103103, 66.39243003098592, 71.95865608262831, 78.88818739272413, 86.57997808406782, 95.10279306233582, 87.98173383775767, 81.29424954760879, 74.01519411578185, 30.624152698988183, 21.135540580603866, 11.845772951277306, 0.0, 11.892315363866448, 10.284102206225004, 5.914691777818433, 14.763054219436912, 22.596392695915934, 28.6621594142697, 66.99513643073601, 73.38566302474244, 78.9375969594685, 86.57500004186635, 92.82885443613415, 93.3305647419701, 87.17439012039237, 79.53070952525805, 73.76075214708601, 67.89911827444979, 41.908973485694176, 49.61656601512086, 57.720945863339765, 59.49889672134781, 68.3176767555177, 76.72405107670775, 83.43771833574084, 85.6879655532442, 82.71618630401893, 72.29873830878009, 62.46535412313351, 57.48030516172208, 82.4022344497502, 78.3296338945433, 81.11077493592394, 87.79222554836238, 92.00588338736917, 98.75112268034671, 106.96643280806789, 109.54563401539869, 108.08567953459176, 103.68867427203749, 99.14316821103563, 94.21782834190209, 84.58820284199628, 84.55553902349884, 90.20712943818604, 95.17109017935691, 103.68445008775764, 98.68807259941977, 93.72189674579543, 90.29773901281389, 37.62547767675367, 50.255896757267614, 68.78270646571914, 83.86041823067552, 95.33300326982588, 111.68268332277509, 126.32858351448701, 128.25105385379032, 146.81530802363076, 139.6648024491384, 144.44189028531855, 137.51142649204064, 131.57349180399308, 122.40836452490272, 111.18108735616705], [32.79995371685521, 25.79762811339767, 19.419051489183865, 16.68036808237723, 23.77185862360303, 28.933717533091823, 34.70313741583514, 72.70417129548647, 79.10758216756048, 86.20213848707542, 93.32581667530475, 100.92109070143078, 94.21839299728204, 87.56616104113172, 80.10892018918194, 41.06932639111258, 31.937225741608092, 23.004187600924208, 11.892315363866448, 0.0, 4.827602279970461, 13.86805546151878, 24.051508214384974, 31.72201158137543, 38.03823646380175, 75.60651084103421, 81.95302079104175, 87.18871602238897, 94.3252117070421, 100.04302974970605, 100.50617251934776, 94.88749001836317, 87.47723804932586, 81.81245979882287, 75.70178879563015, 50.24209702450745, 56.524769457836314, 63.472190422008175, 61.939072414046734, 71.0540706686043, 80.57159093475627, 88.3141396959604, 89.99107663483036, 87.59579618247611, 78.77821159191986, 69.8414205229301, 65.6861422806612, 81.90672187545293, 79.74121325421956, 83.44374757055708, 90.62257518018562, 95.23561834310318, 101.74846781917233, 109.27835440915104, 111.43801096305357, 109.885271090896, 104.84327560673381, 99.71352651759253, 94.14530393651374, 84.40458877743572, 86.18903995078175, 92.51107776725016, 97.71614199087881, 105.89319401980572, 100.55660643730096, 95.17117346487665, 90.94743032987432, 28.75652565475226, 38.80119784503849, 58.87291153725823, 75.08065035540511, 87.55857174146712, 104.49718075554435, 120.17259869285799, 127.478741304461, 145.38360963694964, 139.80434579997873, 144.00939119853857, 137.6207369412409, 132.91059905176198, 125.18368995937962, 116.55227467523234], [29.309815267776834, 21.84550309374865, 15.036293257199862, 13.33996698958558, 19.45970392921326, 24.793877252109827, 31.07012375199643, 70.23325410353549, 76.78394343428916, 83.96161334775285, 91.19669493118948, 98.99538250737997, 92.01159521543738, 85.19106490956771, 77.72811146730974, 38.03095355629528, 29.003410993098356, 20.147976356622493, 10.284102206225004, 4.827602279970461, 0.0, 10.230092321511519, 20.256578292737697, 28.132246566367087, 34.64819512441121, 73.09019500640382, 79.68825422834476, 85.12440229678606, 92.5734422301908, 98.44847570776571, 98.68521079230902, 92.8935047357796, 85.24451448414368, 79.43569515995446, 73.22420677154683, 46.926291138106414, 52.71061091825301, 59.25636229254231, 57.87036426844995, 66.9161601360631, 76.31623399963529, 84.1124032173068, 86.25911270941008, 84.0217979110186, 75.00719488601254, 66.33435251821777, 62.74042278344661, 78.17462938140444, 75.67320745350712, 79.30739894200832, 86.53990599593264, 91.27208313243375, 98.06595048598176, 105.8688908366345, 107.93038960615212, 106.16747940492841, 101.02692810960252, 95.85924867463424, 90.36489580125287, 80.68199145589739, 82.1874142952014, 88.52328056757852, 93.87049363089972, 102.3774573038013, 96.8432892186049, 91.37286689521699, 87.16374787112991, 33.52199922356118, 41.20071865648446, 59.16769791693676, 74.57897396746199, 86.37460583702817, 103.14205307936442, 118.49055941232794, 123.99941334924434, 143.17544903317605, 137.5734443594201, 142.5732200290352, 136.51212457097014, 131.85276657881988, 124.56416073237911, 116.11710012837402], [22.371852759732285, 14.640308454198191, 11.601516852265528, 17.530425008035657, 17.74310286767647, 20.529041053038206, 26.21344569413296, 64.56908745393669, 70.53243919756508, 77.6125269454611, 85.33166878232245, 93.93449786860312, 86.4985898450675, 79.57619804841916, 72.26421246511977, 28.77527194304464, 19.548019137291583, 10.503883966586743, 5.914691777818433, 13.86805546151878, 10.230092321511519, 0.0, 10.838923565243046, 19.397472047280232, 25.952151841284532, 65.60180142482386, 72.36602749013274, 78.14622070633408, 86.1313949288809, 92.48538690793386, 92.63507808527949, 86.35148463128024, 78.40869419171963, 72.44968509534505, 66.38654319456772, 39.17959510564515, 45.80610429785822, 53.07041509594823, 54.51039658903463, 63.25014297452095, 71.66787438360575, 78.6545888588411, 81.50046280637495, 78.88501769347899, 68.48916060884669, 59.24561060211553, 55.32874456911104, 77.29767237261437, 73.10210677690702, 75.9456761829322, 82.79022019971235, 87.25340046965361, 94.36022447586123, 102.82501796770867, 105.17057916672478, 103.38735943427473, 98.72365946539553, 94.01634013664041, 89.08462823804241, 79.5473238767314, 79.45104007820707, 85.24027698928157, 90.45355524083186, 99.37099047841032, 94.02444958395951, 88.86007159206304, 85.3096775507597, 41.80218688093542, 51.04339141153728, 67.29969486932406, 81.508765391484, 92.23633859045086, 108.41455769679855, 122.79228731009269, 123.33586013615772, 143.53699242278134, 136.71147392493356, 142.48534923942935, 136.15375303350152, 130.58073234246444, 122.39779973510983, 112.08389344504415], [13.410968048508055, 6.862973501932089, 11.79371054274667, 22.370082924197508, 16.992901701566627, 15.374121434735871, 19.082396217514844, 55.73815852834011, 61.459327944541414, 68.50851070013049, 76.47789804506833, 85.58375468276081, 77.7310210359767, 70.67599831801897, 63.518676199297246, 18.77229195906171, 10.5683542839382, 6.36001058310338, 14.763054219436912, 24.051508214384974, 20.256578292737697, 10.838923565243046, 0.0, 8.87885561316575, 15.48429574398671, 55.91594798620441, 62.959654086241315, 69.02398002599081, 77.4817021777568, 84.12623385632435, 83.97329799803104, 77.37184764855198, 69.12621855129885, 63.010523401135984, 56.955084800440005, 28.9423720154572, 35.83287260804796, 43.7571452517386, 47.769560218275245, 56.0956895926296, 63.55292556565668, 69.68412209215369, 72.77064158317685, 69.83563792337763, 58.56520802639318, 49.05618487144491, 45.336997464657266, 72.74908460252252, 66.97478500881013, 68.96405515210132, 75.24810852782889, 79.28093292312126, 86.4296802137874, 95.32097486997289, 97.9645993844708, 96.31908385624716, 92.30453327768225, 88.23699950219869, 83.95241777120307, 74.60499226670083, 72.94436353604877, 78.05088789439125, 82.93875514402785, 91.9701416904538, 86.9754281464097, 82.2593079709072, 79.48542238107238, 51.53002433228105, 59.1042871988815, 72.50288804120808, 85.0293729806492, 94.50054993654426, 109.72242376283432, 122.77304902925398, 118.33335308888483, 138.81033331068303, 130.86396378749237, 137.47710693896556, 131.12428345228997, 124.95188428683439, 116.63909556251127, 105.75490352509789], [7.099493882466342, 8.011515492415963, 17.08688316998992, 27.974082128467874, 20.45347935516989, 15.18041574226009, 14.796279104007873, 47.393909286655706, 52.9368942590576, 59.963088880177295, 68.02336550383784, 77.36913191559012, 69.32387180386522, 62.234420266766215, 55.189526701611946, 11.479221528245462, 7.546485705406059, 12.188904424655153, 22.596392695915934, 31.72201158137543, 28.132246566367087, 19.397472047280232, 8.87885561316575, 0.0, 6.75449855512443, 47.24845422178778, 54.43695324421978, 60.60106083128042, 69.25938987767907, 75.9990254063418, 75.64553283330474, 68.93064756572832, 60.55105468447103, 54.37016552508355, 48.29647325514489, 20.09145597030372, 27.80699157763704, 37.03603204708122, 43.360392878782335, 51.26720144023666, 57.883039074732054, 63.0524081619754, 65.63386401425292, 62.20953776700102, 50.46546406407913, 40.44853174796912, 36.49354023746288, 69.9720742925008, 63.04015811562729, 64.2190222385073, 69.79573278197155, 73.19074176063499, 79.97316384898633, 88.93792147652637, 91.9910390634049, 90.75652754781596, 87.56249968811915, 84.24566166635954, 80.56627799153857, 71.37302640066446, 68.45781187806426, 72.80063036030444, 77.12664349138223, 85.82005069878689, 81.44540103173165, 77.32686346431308, 75.36741611376144, 58.26328140756226, 64.66807771809756, 76.2208368482579, 87.5276381349623, 96.22380423326587, 110.53453889451173, 122.42725168857088, 114.5968365252435, 133.95407131109917, 124.92580655612787, 131.74292600180146, 125.17833607687056, 118.46098523446122, 109.92690338241674, 98.80518608604571], [9.002071575529994, 14.204359685464002, 23.404686552570126, 34.08622796061814, 26.04883545058345, 19.58608135610633, 16.39450361341319, 41.96653402607459, 46.98039219875398, 53.874524473482175, 62.12272810378992, 71.83308927735915, 63.62812751337558, 56.5844890999027, 49.74098504006984, 6.565447300957034, 9.697593801670907, 17.68055103769014, 28.6621594142697, 38.03823646380175, 34.64819512441121, 25.952151841284532, 15.48429574398671, 6.75449855512443, 0.0, 40.72371370648789, 47.9716367082324, 54.25968103909262, 63.13520947887462, 70.04977658216738, 69.61038930708345, 62.70675347893076, 54.228264666128325, 48.013325643159924, 42.06310754892821, 14.023518869542732, 23.350082026718646, 33.934235794060385, 42.70393937204068, 49.99412625574055, 55.58943221059389, 59.67443846315883, 61.89484251832086, 57.93943596184427, 45.5222414721006, 34.797011189112204, 30.135480635792188, 70.30814176672912, 62.40510486151513, 62.81312884012088, 67.67866466297887, 70.45520935100399, 76.89947691066646, 85.94142698524409, 89.37467191863585, 88.4985728725547, 86.05429775423926, 83.40452999785948, 80.28393255566577, 71.33012513379353, 67.2923962947381, 70.88946523531374, 74.68348988932843, 83.06112182557284, 79.28214340806201, 75.7341714716384, 74.52169212269278, 63.75129336363611, 70.22069995381196, 80.97918755641133, 91.56103543288076, 99.750683447007, 113.40023813591857, 124.43929884454482, 113.87991151912622, 132.28716531008354, 122.25013922793072, 129.1209246044837, 122.24628844943867, 114.89721606967393, 105.80351520867585, 93.87125944284782], [45.2310939291304, 53.39833448020476, 61.931198151906926, 70.97994899485272, 62.93517248384166, 55.161654450969884, 47.436045299205496, 17.974586228452267, 12.809585922269381, 16.1675039393573, 25.177293266580726, 36.85702794371832, 28.672958723477738, 23.734491202718587, 21.0215713554563, 38.9393933912889, 47.76764468708779, 56.73012649928397, 66.99513643073601, 75.60651084103421, 73.09019500640382, 65.60180142482386, 55.91594798620441, 47.24845422178778, 40.72371370648789, 0.0, 7.9765248712221775, 14.676689883568468, 24.620513364131728, 32.138115356972854, 30.891528554837507, 23.10275318095798, 14.277057438622496, 8.312627384322237, 6.7733694913965055, 28.671497830461895, 32.37522026990539, 42.06171015385232, 56.44678041276496, 58.96286263931591, 58.383684422397096, 54.83823511392111, 50.95643262382178, 43.45358610102916, 32.91005203754831, 22.647027866428697, 13.099162268804902, 82.08138111177797, 71.51701383075213, 68.02317187714